#taxonomy	k__Bacteria;p__Bacteroidetes;c__Bacteroidia;o__Bacteroidales;f__Bacteroidaceae;g__Bacteroides;s__Bacteroides_vulgatus	k__Bacteria;p__Bacteroidetes;c__Bacteroidia;o__Bacteroidales;f__Bacteroidaceae;g__Bacteroides;s__Bacteroides_uniformis	k__Bacteria;p__Bacteroidetes;c__Bacteroidia;o__Bacteroidales;f__Rikenellaceae;g__Alistipes;s__Alistipes_putredinis	k__Bacteria;p__Bacteroidetes;c__Bacteroidia;o__Bacteroidales;f__Prevotellaceae;g__Prevotella;s__Prevotella_copri	k__Bacteria;p__Bacteroidetes;c__Bacteroidia;o__Bacteroidales;f__Bacteroidaceae;g__Bacteroides;s__Bacteroides_stercoris	k__Bacteria;p__Bacteroidetes;c__Bacteroidia;o__Bacteroidales;f__Bacteroidaceae;g__Bacteroides;s__Bacteroides_ovatus	k__Bacteria;p__Bacteroidetes;c__Bacteroidia;o__Bacteroidales;f__Rikenellaceae;g__Alistipes;s__Alistipes_shahii	k__Bacteria;p__Firmicutes;c__Clostridia;o__Clostridiales;f__Ruminococcaceae;g__Faecalibacterium;s__Faecalibacterium_prausnitzii	k__Bacteria;p__Bacteroidetes;c__Bacteroidia;o__Bacteroidales;f__Rikenellaceae;g__Alistipes;s__Alistipes_finegoldii	k__Bacteria;p__Bacteroidetes;c__Bacteroidia;o__Bacteroidales;f__Porphyromonadaceae;g__Parabacteroides;s__Parabacteroides_distasonis	k__Bacteria;p__Bacteroidetes;c__Bacteroidia;o__Bacteroidales;f__Bacteroidaceae;g__Bacteroides;s__Bacteroides_thetaiotaomicron	k__Bacteria;p__Bacteroidetes;c__Bacteroidia;o__Bacteroidales;f__Bacteroidaceae;g__Bacteroides;s__Bacteroides_coprocola	k__Bacteria;p__Bacteroidetes;c__Bacteroidia;o__Bacteroidales;f__Bacteroidaceae;g__Bacteroides;s__Bacteroides_cellulosilyticus	k__Bacteria;p__Bacteroidetes;c__Bacteroidia;o__Bacteroidales;f__Rikenellaceae;g__Alistipes;s__Alistipes_obesi	k__Bacteria;p__Firmicutes;c__Clostridia;o__Clostridiales;f__Lachnospiraceae;g__;s__[Eubacterium]_rectale	k__Bacteria;p__Bacteroidetes;c__Bacteroidia;o__Bacteroidales;f__Bacteroidaceae;g__Bacteroides;s__Bacteroides_plebeius	k__Bacteria;p__Bacteroidetes;c__Bacteroidia;o__Bacteroidales;f__Bacteroidaceae;g__Bacteroides;s__Bacteroides_fragilis	k__Bacteria;p__Proteobacteria;c__Betaproteobacteria;o__Burkholderiales;f__Sutterellaceae;g__Sutterella;s__Sutterella_wadsworthensis	k__Bacteria;p__Bacteroidetes;c__Bacteroidia;o__Bacteroidales;f__Porphyromonadaceae;g__Barnesiella;s__Barnesiella_intestinihominis	k__Bacteria;p__Bacteroidetes;c__Bacteroidia;o__Bacteroidales;f__Odoribacteraceae;g__Odoribacter;s__Odoribacter_splanchnicus	k__Bacteria;p__Bacteroidetes;c__Bacteroidia;o__Bacteroidales;f__Bacteroidaceae;g__Bacteroides;s__Bacteroides_salyersiae	k__Bacteria;p__Firmicutes;c__Clostridia;o__Clostridiales;f__Ruminococcaceae;g__Ruminiclostridium;s__[Eubacterium]_siraeum	k__Bacteria;p__Proteobacteria;c__Betaproteobacteria;o__Burkholderiales;f__Sutterellaceae;g__Parasutterella;s__Parasutterella_excrementihominis	k__Bacteria;p__Actinobacteria;c__Actinobacteria;o__Bifidobacteriales;f__Bifidobacteriaceae;g__Bifidobacterium;s__Bifidobacterium_adolescentis	k__Bacteria;p__Firmicutes;c__Clostridia;o__Clostridiales;f__Oscillospiraceae;g__Oscillibacter;s__Oscillibacter_sp._KLE_1745	k__Bacteria;p__Bacteroidetes;c__Bacteroidia;o__Bacteroidales;f__Bacteroidaceae;g__Bacteroides;s__Bacteroides_coprophilus	k__Bacteria;p__Firmicutes;c__Clostridia;o__Clostridiales;f__Lachnospiraceae;g__Roseburia;s__Roseburia_intestinalis	k__Bacteria;p__Firmicutes;c__Clostridia;o__Clostridiales;f__Lachnospiraceae;g__Roseburia;s__Roseburia_hominis	k__Bacteria;p__Bacteroidetes;c__Bacteroidia;o__Bacteroidales;f__Porphyromonadaceae;g__Parabacteroides;s__Parabacteroides_johnsonii	k__Bacteria;p__Actinobacteria;c__Actinobacteria;o__Bifidobacteriales;f__Bifidobacteriaceae;g__Bifidobacterium;s__Bifidobacterium_longum	k__Bacteria;p__Firmicutes;c__Clostridia;o__Clostridiales;f__;g__Flavonifractor;s__Flavonifractor_plautii	k__Bacteria;p__Firmicutes;c__Clostridia;o__Clostridiales;f__Clostridiaceae;g__Clostridium;s__Clostridium_phoceensis	k__Bacteria;p__Verrucomicrobia;c__Verrucomicrobiae;o__Verrucomicrobiales;f__Akkermansiaceae;g__Akkermansia;s__Akkermansia_muciniphila	k__Bacteria;p__Bacteroidetes;c__Bacteroidia;o__Bacteroidales;f__Prevotellaceae;g__Paraprevotella;s__Paraprevotella_xylaniphila	k__Bacteria;p__Firmicutes;c__Clostridia;o__Clostridiales;f__Ruminococcaceae;g__Ruminococcus;s__Ruminococcus_callidus	k__Bacteria;p__Bacteroidetes;c__Bacteroidia;o__Bacteroidales;f__Rikenellaceae;g__Alistipes;s__Alistipes_senegalensis	k__Bacteria;p__Firmicutes;c__Clostridia;o__Clostridiales;f__Lachnospiraceae;g__Blautia;s__Blautia_sp._KLE_1732	k__Bacteria;p__Bacteroidetes;c__Bacteroidia;o__Bacteroidales;f__Bacteroidaceae;g__Bacteroides;s__Bacteroides_oleiciplenus	k__Bacteria;p__Firmicutes;c__Clostridia;o__Clostridiales;f__Ruminococcaceae;g__Ruminococcus;s__Ruminococcus_bicirculans	k__Bacteria;p__Bacteroidetes;c__Bacteroidia;o__Bacteroidales;f__Bacteroidaceae;g__Bacteroides;s__Bacteroides_fluxus	k__Bacteria;p__Bacteroidetes;c__Bacteroidia;o__Bacteroidales;f__Prevotellaceae;g__Prevotella;s__Prevotella_stercorea	k__Bacteria;p__Firmicutes;c__Clostridia;o__Clostridiales;f__Lachnospiraceae;g__Dorea;s__Dorea_longicatena	k__Bacteria;p__Firmicutes;c__Clostridia;o__Clostridiales;f__Eubacteriaceae;g__Eubacterium;s__[Eubacterium]_eligens	k__Bacteria;p__Firmicutes;c__Clostridia;o__Clostridiales;f__Ruminococcaceae;g__;s__Ruminococcaceae_bacterium_D16	k__Bacteria;p__Firmicutes;c__Clostridia;o__Clostridiales;f__Lachnospiraceae;g__Coprococcus;s__Coprococcus_comes	k__Bacteria;p__Proteobacteria;c__Gammaproteobacteria;o__Enterobacterales;f__Enterobacteriaceae;g__Escherichia;s__Escherichia_coli	k__Bacteria;p__Firmicutes;c__Clostridia;o__Clostridiales;f__Ruminococcaceae;g__Anaerotruncus;s__Anaerotruncus_colihominis	k__Bacteria;p__Firmicutes;c__Clostridia;o__Clostridiales;f__Lachnospiraceae;g__Blautia;s__Blautia_obeum	k__Bacteria;p__Bacteroidetes;c__Bacteroidia;o__Bacteroidales;f__Odoribacteraceae;g__Odoribacter;s__Odoribacter_laneus	k__Bacteria;p__Firmicutes;c__Clostridia;o__Clostridiales;f__Ruminococcaceae;g__Ruminiclostridium;s__[Clostridium]_leptum	k__Bacteria;p__Bacteroidetes;c__Bacteroidia;o__Bacteroidales;f__Porphyromonadaceae;g__Parabacteroides;s__Parabacteroides_goldsteinii	k__Bacteria;p__Firmicutes;c__Clostridia;o__Clostridiales;f__Lachnospiraceae;g__Anaerostipes;s__Anaerostipes_hadrus	k__Bacteria;p__Firmicutes;c__Clostridia;o__Clostridiales;f__Ruminococcaceae;g__Ruminococcus;s__Ruminococcus_lactaris	k__Bacteria;p__Firmicutes;c__Clostridia;o__Clostridiales;f__Clostridiaceae;g__Clostridium;s__Clostridium_sp._L2-50	k__Bacteria;p__Firmicutes;c__Clostridia;o__Clostridiales;f__Clostridiaceae;g__Clostridium;s__Clostridium_sp._M62/1	k__Bacteria;p__Firmicutes;c__Clostridia;o__Clostridiales;f__;g__Intestinimonas;s__Intestinimonas_butyriciproducens	k__Bacteria;p__Actinobacteria;c__Actinobacteria;o__Bifidobacteriales;f__Bifidobacteriaceae;g__Bifidobacterium;s__Bifidobacterium_bifidum	k__Bacteria;p__Firmicutes;c__Negativicutes;o__Veillonellales;f__Veillonellaceae;g__Dialister;s__Dialister_invisus	k__Bacteria;p__Bacteroidetes;c__Bacteroidia;o__Bacteroidales;f__Bacteroidaceae;g__Bacteroides;s__Bacteroides_salanitronis
k__Bacteria;p__Bacteroidetes;c__Bacteroidia;o__Bacteroidales;f__Bacteroidaceae;g__Bacteroides;s__Bacteroides_vulgatus	1.0	-0.0860455589911	-0.198861620038	-0.11937833103	-0.128207853412	0.0159193512891	0.00302069812247	0.0517157547197	-0.0343353369895	0.138150916059	0.00795814354178	-0.14562832682	0.0145869871313	0.0351302196759	-0.016913941697	0.114226019916	0.046528279648	-0.0670473751448	0.0594189777128	-0.0425483404931	-0.0141166310216	-0.064952145584	0.0584370604605	0.00696310305081	0.0861067895284	-0.0194906501277	0.0717418370385	-0.0605571333568	-0.10165678167	0.101728615673	-0.013186535937	0.100864943425	0.010612928566	-0.0136902814187	0.0447312613522	0.0373325020669	0.119559232903	-0.00659200855703	-0.0309365720748	0.0792313237016	0.0502248956489	0.00643196510576	-0.0450046258429	-0.0326079461997	-0.0202096525332	-0.032873338573	-0.0561824963139	-0.0231806823678	-0.117728980102	0.0790853139109	-0.109082768175	0.142407592481	-0.139843651412	0.0249181599953	0.0186392998347	-0.0287593567951	-0.0754772030711	-0.0363871610775	-0.169225338262
k__Bacteria;p__Bacteroidetes;c__Bacteroidia;o__Bacteroidales;f__Bacteroidaceae;g__Bacteroides;s__Bacteroides_uniformis	-0.0860455589911	1.0	0.108095028678	-0.126781250013	-0.0251967490218	0.0689736197548	0.0251881168719	0.156699841938	0.0401568546737	0.061653380665	0.0861727349994	-0.0718160297208	0.0228121373351	0.0614967424141	-0.0273365479694	0.0382057081572	-0.059920258411	-0.070755170549	0.0905736646864	0.066547356233	0.0594084134264	0.0807474229181	0.0099702094318	-0.026703943363	0.00186949322046	-0.0105718451962	-0.197964760697	-0.0718148857831	-0.0702237916216	0.0858273050678	0.025813762454	0.0123374749763	0.0649082747485	0.0119574604182	0.0337960215393	-0.0344184643339	-0.060612688734	0.00635044181288	-0.0287371119571	-0.0522105903626	0.0184685237001	-0.106688892164	0.0325297245938	0.0336998455981	0.0729439324497	-0.0665549368532	-0.0397812568785	0.0667125329704	0.0288116713923	-0.000255805339219	0.0225731081569	-0.0115037325391	-0.116599983687	0.0618731261444	-0.0281497699014	-0.0414672767284	0.0459442610573	-0.0354912085627	-0.0244744098409
k__Bacteria;p__Bacteroidetes;c__Bacteroidia;o__Bacteroidales;f__Rikenellaceae;g__Alistipes;s__Alistipes_putredinis	-0.198861620038	0.108095028678	1.0	0.0943536853863	-0.0931299370719	-0.0800767003417	-0.135128859219	-0.0213783956747	0.047451687507	0.161011165034	0.02876986182	0.0375053824739	-0.0915356913693	0.0797591678801	0.0127618995773	-0.0554723813181	0.0200519771983	0.0401000053495	-0.000133338770243	0.0415934396153	0.136495654405	0.0239074485243	-0.0134938360158	0.0330387892361	-0.0269986560731	-0.00215648954179	0.0295330706758	0.108616606968	-0.0432335997734	-0.107160289608	0.0716826712896	0.192832697435	0.0654347136497	-0.076746030355	0.0922724506947	-0.00486988576125	-0.0193645408038	0.0390182741672	-0.0538255876619	0.0369306652436	-0.0471065177582	-0.000870812606213	0.0733934560267	-0.0623400162126	-0.0353645038515	-0.0225853857471	-0.128461771988	-0.0523088732853	-0.0659317847115	0.00954626335229	-0.0115106370306	-0.256368220337	0.037215183131	-0.0014141636685	-0.111830033441	0.0227799094255	0.0472159688092	1.71559120997e-05	0.0420270914068
k__Bacteria;p__Bacteroidetes;c__Bacteroidia;o__Bacteroidales;f__Prevotellaceae;g__Prevotella;s__Prevotella_copri	-0.11937833103	-0.126781250013	0.0943536853863	1.0	0.124282814069	-0.151695079184	0.0149975056996	-0.0348367051516	-0.0110627672689	-0.0388756286126	-0.0596040836062	0.058992130919	0.078706395381	-0.0281905937249	0.0791249332532	0.0388434794881	-0.000318737669402	-0.0421501898267	-0.00112711739591	-0.124205764442	0.0979618033829	-0.0199749022938	-0.0110052714769	-0.0853045191284	0.106677417839	-0.0375967368022	0.0151997921128	-0.0091991645574	0.060720619063	-0.0383356302094	-0.114805315066	-0.0135131939013	0.0680897254747	0.00535601084534	0.086137061982	0.0240660582111	0.00502097809221	0.0762449649944	0.0295580236568	0.0979729672886	-0.0149845986658	0.124327496943	0.0131997325876	-0.130949620205	-0.0258167175886	-0.0545021804408	0.006993246136	-0.0822835905405	-0.0324970500031	0.0201561149375	0.00908266722466	-0.0430885389056	0.0537377486647	-0.0119738156526	-0.00613024361172	0.0650495012509	-0.0983612158224	-0.050896609881	0.00548571964512
k__Bacteria;p__Bacteroidetes;c__Bacteroidia;o__Bacteroidales;f__Bacteroidaceae;g__Bacteroides;s__Bacteroides_stercoris	-0.128207853412	-0.0251967490218	-0.0931299370719	0.124282814069	1.0	0.0170366012866	0.037021671275	-0.091895695313	0.0525782952063	-0.104385922211	-0.0236195721974	-0.0301183322682	-0.0342325221192	0.076851881095	-0.0469616414656	-0.0222404202435	-0.00462155052468	-0.0327897503065	-0.103885175552	-0.0960388178387	-0.0295784861479	0.0164840543449	-0.0849878143169	-0.030497482487	-0.0574608871985	0.0554520056649	-0.0271307142993	-0.20070728157	0.102582985064	0.0946364941106	0.154182667566	0.0190509228957	0.0444543512503	0.137674681348	0.0167827660349	0.152380137263	-0.00181581149804	-0.0236310306946	0.0825252089928	0.109883079095	0.00652975601271	0.0502833333281	0.0409400729841	-0.135188015111	0.102960400713	0.155488639892	0.0524998387743	-0.110420805344	-0.0678933990983	0.0146124261337	-0.120752691647	0.0064483711518	0.0398476863493	-0.110385469423	-0.0418217700792	-0.132558453341	-0.0852105204662	0.130997679268	0.153227491397
k__Bacteria;p__Bacteroidetes;c__Bacteroidia;o__Bacteroidales;f__Bacteroidaceae;g__Bacteroides;s__Bacteroides_ovatus	0.0159193512891	0.0689736197548	-0.0800767003417	-0.151695079184	0.0170366012866	1.0	0.109378631508	-0.0577346553119	0.0141945144241	-0.0871941209264	-0.00762043287059	-0.0238965110328	-0.0979481939936	-0.006866430984	0.0333490440065	-0.035266258665	-0.0351897627854	-0.0565497670388	0.0130157859837	0.105918353092	0.0194350622396	0.0346637408472	0.00932696366046	-0.0200793625867	0.0339955227996	-0.153862133098	-0.118776905592	-0.0233266226077	-0.0354723746469	-0.047021521382	0.0067781935772	-0.0199489997552	0.0422893923659	-0.064059015126	-0.0927912754275	0.00164675737825	0.0333526750197	0.063935881456	-0.030986202273	0.082235052531	-0.0487050199274	0.187015166524	0.000859319651912	-0.0490988137876	-0.0305486339126	-0.107000909479	-0.0243719811187	0.0950384920927	0.0808516953728	-0.061071370695	-0.0950599080721	0.0415619985706	-0.15101862591	0.0570864630472	-0.016488925119	0.00415109574457	-0.0115078881162	0.050031649572	-0.0239439656087
k__Bacteria;p__Bacteroidetes;c__Bacteroidia;o__Bacteroidales;f__Rikenellaceae;g__Alistipes;s__Alistipes_shahii	0.00302069812247	0.0251881168719	-0.135128859219	0.0149975056996	0.037021671275	0.109378631508	1.0	0.114921622154	0.0552886020856	-0.0427518505749	-0.0683745432588	0.0552432324806	-0.0351956830045	0.0533570241331	0.0958888995452	-0.0471051470577	-0.208298630241	-0.0278017090967	-0.0349859854958	0.0719620204754	-0.0237561494724	-0.0576805173953	0.122785405468	-0.114196217854	0.0776903415586	0.0792127843857	-0.190295833398	-0.0856324801371	0.0415246688026	-0.108615826781	-0.230528514148	-0.24366573596	-0.0610288781891	0.0886534238129	-0.0673295140464	-0.0508952813077	0.0254194831439	0.0426665681575	-0.000480317181396	-0.042333967995	-0.0982754093358	0.00524902617238	-0.0065622791759	0.0153876737201	-0.0889035647731	-0.0504547639228	0.0449451749504	0.0996548638424	0.0145932000021	-0.0416411169388	0.0371269379427	-0.0635952212639	-0.0614748866896	0.0384411796649	-0.0160142738723	0.160860939629	0.00964511964511	-0.112594010459	0.102144705516
k__Bacteria;p__Firmicutes;c__Clostridia;o__Clostridiales;f__Ruminococcaceae;g__Faecalibacterium;s__Faecalibacterium_prausnitzii	0.0517157547197	0.156699841938	-0.0213783956747	-0.0348367051516	-0.091895695313	-0.0577346553119	0.114921622154	1.0	0.0655232740104	0.0377570465213	0.0590022745796	0.0259135718983	0.00872194628395	-0.0995557267216	-0.0590655182031	0.00437233644581	0.048347295358	0.0621677891597	0.0231732435367	-0.11147179382	-0.0175357105279	-0.0267140761957	0.030898895974	-0.062056476887	0.0707793142714	0.00890056072022	-0.00698331652309	-0.025620697893	0.00367249838994	0.0530105550956	0.0185829212766	0.052031276636	0.050710107267	-0.0144929931397	0.00469340344857	-0.0736169947309	0.00868882643691	0.00460769092564	0.0133535341967	-0.03142767	-0.00147185412797	-0.0895105715502	-0.0801319533853	0.122428220423	-0.00718230911421	0.0108525238627	-0.145048313996	0.068181956481	-0.0455738812774	0.020310824451	-0.0301702430296	-0.0697492071554	0.0392102821257	0.152356495676	-0.0636710997141	-0.0227409257383	0.096127445773	-0.0428491218655	-0.0677746413689
k__Bacteria;p__Bacteroidetes;c__Bacteroidia;o__Bacteroidales;f__Rikenellaceae;g__Alistipes;s__Alistipes_finegoldii	-0.0343353369895	0.0401568546737	0.047451687507	-0.0110627672689	0.0525782952063	0.0141945144241	0.0552886020856	0.0655232740104	1.0	0.0583957791436	0.00732359745546	0.0101087788695	0.00771143203554	-0.123673834873	0.0744807492374	-0.157707819252	-0.0799519330035	0.136039411529	-0.130026637483	-0.0670164793894	0.0298541908648	0.0512475997153	0.0508537849118	-0.019104097282	-0.0687894858335	0.0307150841445	-0.0296703759831	-0.000546895498678	-0.0475486714316	0.0575782452193	-0.00392765343017	-0.0115271027411	-0.0586637797209	-0.0938518831461	0.0264996920923	0.094830460571	-0.108712042017	0.0191060246173	0.00318192413719	-0.0523349228589	-0.0570926641194	-0.0669295165661	-0.0508245113284	-0.0217990996328	-0.0588611173525	0.0124051431901	-0.14695539334	0.00310444592513	-0.00319058553709	0.10814095946	0.0243493653228	0.0522269229259	0.103286124507	-0.118136364297	0.0166232263921	-0.110782298713	0.0506373862896	0.0391859934085	-0.0140164282642
k__Bacteria;p__Bacteroidetes;c__Bacteroidia;o__Bacteroidales;f__Porphyromonadaceae;g__Parabacteroides;s__Parabacteroides_distasonis	0.138150916059	0.061653380665	0.161011165034	-0.0388756286126	-0.104385922211	-0.0871941209264	-0.0427518505749	0.0377570465213	0.0583957791436	1.0	-0.0177615415423	0.0510410320967	-0.0371572455163	-0.07381727558	0.010376710867	0.0402790654774	0.0900298281338	-0.0595871888998	-0.0112698628096	0.103697274468	0.0685118796999	-0.152006949236	0.0315607577518	0.054194052279	-0.0858655595081	0.0173875375887	0.173490795989	0.0543200927354	0.0350496419071	0.0439429489353	0.0268845238465	0.00342855265743	-0.101774365506	-0.109193261369	-0.0355823870242	0.0437906535463	0.0384341482048	0.0119425330875	-0.17017474053	-0.0321906947716	0.0381897635991	-0.126500513629	0.0111416343856	-0.000557621906419	-0.0103441275656	-0.0542435840691	-0.058459986382	0.0285561508861	0.00584560835662	-0.0639641894343	0.0306781423092	-0.0370896853371	-0.0718791708095	0.0635446906797	-0.00378862356018	-0.115823118756	0.0184103558408	0.0237953621286	0.0571606217219
k__Bacteria;p__Bacteroidetes;c__Bacteroidia;o__Bacteroidales;f__Bacteroidaceae;g__Bacteroides;s__Bacteroides_thetaiotaomicron	0.00795814354178	0.0861727349994	0.02876986182	-0.0596040836062	-0.0236195721974	-0.00762043287059	-0.0683745432588	0.0590022745796	0.00732359745546	-0.0177615415423	1.0	-0.0733697388692	-0.178414901629	-0.00642217360038	0.0227814984816	-0.058705011733	0.00979317761976	-0.0322610031436	0.0400655791154	-0.162243430446	0.097512163669	-0.0167637686785	-0.0940269832586	0.0437097905565	0.00365628290906	0.108498332155	-0.0552756926029	0.0173125913623	0.0163357396709	0.14086549001	0.032611136744	0.106295784743	-0.0341866748982	-0.020951905339	0.148164541173	0.00985091319458	-0.115776080965	-0.0246788717066	0.0230837237942	-0.0803559816695	0.0376023078035	-0.0067735066828	-0.0139822935983	-0.00543503342822	0.0175840359932	0.127900259581	-0.0785268657546	-0.0573688647661	0.0280422142144	-0.0781446673654	0.122833962382	0.0519298135116	0.028328300845	-0.103992670019	-0.0483799123208	0.0676437241243	-0.221016356081	-0.00124071309043	0.0457911591081
k__Bacteria;p__Bacteroidetes;c__Bacteroidia;o__Bacteroidales;f__Bacteroidaceae;g__Bacteroides;s__Bacteroides_coprocola	-0.14562832682	-0.0718160297208	0.0375053824739	0.058992130919	-0.0301183322682	-0.0238965110328	0.0552432324806	0.0259135718983	0.0101087788695	0.0510410320967	-0.0733697388692	1.0	0.0156872854202	0.0631907032687	0.132739201969	0.0034006051627	0.0378221115809	-0.037048467818	0.0341700230674	-0.115018847805	-0.0219397418019	-0.0522783581927	0.0871338465592	-0.0379918736828	0.0263021541062	-0.0551905155346	0.0436504881903	-0.101063057515	0.0267726584289	-0.0966503722577	-0.101481593241	-0.0338828475542	0.0111909164081	0.0798944124259	-0.0881607868679	-0.0606873077706	-0.0790981731039	-0.0489812760755	-0.0701558839948	-0.0697131309968	0.0927430958572	0.0726091224634	-0.0823456103766	-0.0137452635351	0.0329173404972	0.0713688876052	0.159039158999	0.118381553165	0.0771680961064	0.0634584237564	0.0725222798287	-0.105584373972	-0.161361218358	0.050337144773	-0.122456018841	0.0600890553817	-0.106033740759	-0.122992614568	0.0848933060268
k__Bacteria;p__Bacteroidetes;c__Bacteroidia;o__Bacteroidales;f__Bacteroidaceae;g__Bacteroides;s__Bacteroides_cellulosilyticus	0.0145869871313	0.0228121373351	-0.0915356913693	0.078706395381	-0.0342325221192	-0.0979481939936	-0.0351956830045	0.00872194628395	0.00771143203554	-0.0371572455163	-0.178414901629	0.0156872854202	1.0	-0.212703222415	0.080377398252	0.0212412981962	0.0344862389138	0.123857649794	0.0423900877812	-0.0215267587919	-0.0684320242206	-0.185528749461	-0.00964592789745	0.0329148054967	-0.115980955426	0.0148657775421	-0.0259721168511	0.087283308317	0.0434556514224	-0.169307478631	0.133479013768	0.0462047120868	-0.0440771853201	0.0812174480525	0.00370186258862	0.0141324292341	0.0355757687923	-0.115342409387	0.0157134452058	0.00863840848083	-0.00232838489545	-0.0242006912305	0.0494253305488	0.0719186069417	0.0765956152717	0.0750812137972	0.00196453694967	0.0301113349766	-0.000711526246361	-0.135769555757	-0.0211340422491	-0.0946012643516	0.0572942453091	-0.038896593766	-0.00545226104157	0.067619542766	0.150212313617	-0.0680011209337	0.168876015094
k__Bacteria;p__Bacteroidetes;c__Bacteroidia;o__Bacteroidales;f__Rikenellaceae;g__Alistipes;s__Alistipes_obesi	0.0351302196759	0.0614967424141	0.0797591678801	-0.0281905937249	0.076851881095	-0.006866430984	0.0533570241331	-0.0995557267216	-0.123673834873	-0.07381727558	-0.00642217360038	0.0631907032687	-0.212703222415	1.0	0.0267743844768	0.0108003251643	-0.0214301349273	-0.00973071741455	-0.00480333903039	-0.0215564338288	-0.0483889672175	0.0151198575409	-0.0471217082724	0.159473062487	0.126795918387	-0.135691641081	0.032527846979	0.0666920048899	-0.0384086454193	-0.0678868464473	-0.0874166510612	-0.0550419534193	0.0278905790691	-0.119468618772	0.0379748806535	0.00508470131454	-0.0393289730251	-0.0510922398013	-0.0126252555315	0.0778324894675	-0.0634077629737	0.131479209252	0.0166067814826	0.0466528076159	-0.0242289301055	-0.033915432562	-0.0150973242195	0.128945613415	0.00207771533397	0.128871910853	0.0556061362251	0.100849743675	-0.0697394385029	-0.0172778593214	-0.0808099485573	-0.0377212288775	-0.0619528863691	-0.0497901035597	-0.00417936765487
k__Bacteria;p__Firmicutes;c__Clostridia;o__Clostridiales;f__Lachnospiraceae;g__;s__[Eubacterium]_rectale	-0.016913941697	-0.0273365479694	0.0127618995773	0.0791249332532	-0.0469616414656	0.0333490440065	0.0958888995452	-0.0590655182031	0.0744807492374	0.010376710867	0.0227814984816	0.132739201969	0.080377398252	0.0267743844768	1.0	-0.0350425588971	-0.0496436942383	0.0868516909167	-0.0439477866479	-0.0846057845642	-0.0745747057418	-0.0742196078712	-0.0760159568892	-0.0457559901329	0.133116434647	0.0585639165522	-0.07075633968	0.0184201344206	-0.0493805408142	-0.100439840927	0.113735275948	-0.12037894012	-0.0357429288167	-0.0419784955716	-0.00819676657076	-0.0361710314805	-0.0247873995175	0.109244518904	-0.0100008650647	-0.0570529927583	-0.0558586702412	0.0600146153455	0.0205519186625	0.0358139565593	-0.103301161435	0.0360070948053	-0.0248474142257	-0.0594667254364	0.101274851492	0.0262088314408	-0.0600531564816	-0.0198782806281	0.0290902519002	-0.110576335004	0.000885059959626	0.0496413835139	0.134244642291	-0.0758368961828	-0.00444862621567
k__Bacteria;p__Bacteroidetes;c__Bacteroidia;o__Bacteroidales;f__Bacteroidaceae;g__Bacteroides;s__Bacteroides_plebeius	0.114226019916	0.0382057081572	-0.0554723813181	0.0388434794881	-0.0222404202435	-0.035266258665	-0.0471051470577	0.00437233644581	-0.157707819252	0.0402790654774	-0.058705011733	0.0034006051627	0.0212412981962	0.0108003251643	-0.0350425588971	1.0	0.0055650905178	-0.0515661172376	-0.0173321061177	0.0126989243229	-0.144543930523	0.0374292933	0.0501107670736	0.0479866009109	-0.0778907916327	-0.0230002701715	0.117391248689	0.0101373009237	0.0325690145583	-0.00158654083884	0.00196977512129	-0.0469909849572	0.229735912147	0.0699778043624	0.0089210198758	0.0012288618082	-0.0526034628549	-0.00313524450849	-0.0855093873724	0.000124288593445	-0.0546089976466	-0.117235996436	-0.110675684163	0.0989396922778	-0.0894908001285	0.0266143383243	-0.134006460157	-0.0227717968371	-0.090278932125	0.096180461628	-0.0627042283773	-0.0341057815649	0.00281304664722	0.100240347241	0.00880984266749	0.0175343357118	-0.0833287752688	0.0585242780969	0.0423243659684
k__Bacteria;p__Bacteroidetes;c__Bacteroidia;o__Bacteroidales;f__Bacteroidaceae;g__Bacteroides;s__Bacteroides_fragilis	0.046528279648	-0.059920258411	0.0200519771983	-0.000318737669402	-0.00462155052468	-0.0351897627854	-0.208298630241	0.048347295358	-0.0799519330035	0.0900298281338	0.00979317761976	0.0378221115809	0.0344862389138	-0.0214301349273	-0.0496436942383	0.0055650905178	1.0	0.0712670575946	-0.0604596198923	-0.026771057858	0.0347811608043	0.00645001330786	-0.0229244793703	-0.0404704687248	-0.00957152896758	0.0211883025345	0.0492227306048	-0.0328244417977	0.0396943375804	-0.124763738394	-0.0575234330332	-0.0104836291549	0.124060180033	0.0838387444428	0.00876734799182	-0.0155071367915	0.0402908874125	0.0574800907273	-0.00758978699268	-0.0985572946957	0.0262133441341	0.0474480231525	0.0420662522234	-0.0610312731094	0.101844835794	-0.0239015124471	-0.0125882606535	0.054394025167	0.113795976143	-0.01142337642	0.0864504927952	-0.0293750406356	0.0258186924271	0.0241196727792	-0.0341477346788	0.00787936608743	-0.0382401389604	0.0401541569143	-0.0365244818084
k__Bacteria;p__Proteobacteria;c__Betaproteobacteria;o__Burkholderiales;f__Sutterellaceae;g__Sutterella;s__Sutterella_wadsworthensis	-0.0670473751448	-0.070755170549	0.0401000053495	-0.0421501898267	-0.0327897503065	-0.0565497670388	-0.0278017090967	0.0621677891597	0.136039411529	-0.0595871888998	-0.0322610031436	-0.037048467818	0.123857649794	-0.00973071741455	0.0868516909167	-0.0515661172376	0.0712670575946	1.0	-0.0585521209857	0.0834482208182	-0.0548518889128	-0.0313041064186	0.0490725265738	0.100767914108	0.0357063236167	0.132097871581	0.0188485494482	-0.0193072359976	0.0403995141904	-0.00944375940839	-0.0475532861728	0.0274662994394	0.00753873561922	0.10156806171	-0.086495837504	-0.101057710606	-0.0109603112209	-0.0152663810577	-0.0397001969178	-0.0401016634581	0.00554891461517	-0.0542679310884	-0.0244380397457	0.00120912088341	0.139020302993	0.00436442206177	-0.0943564171909	-0.0315171337945	0.0637570263842	-0.0274354207162	-0.0624324643711	-0.0108423578822	-0.00209914693696	-0.0340381993074	-0.0401385026503	-0.133271229277	0.0576309318989	-0.00839239873059	-0.0807097685628
k__Bacteria;p__Bacteroidetes;c__Bacteroidia;o__Bacteroidales;f__Porphyromonadaceae;g__Barnesiella;s__Barnesiella_intestinihominis	0.0594189777128	0.0905736646864	-0.000133338770243	-0.00112711739591	-0.103885175552	0.0130157859837	-0.0349859854958	0.0231732435367	-0.130026637483	-0.0112698628096	0.0400655791154	0.0341700230674	0.0423900877812	-0.00480333903039	-0.0439477866479	-0.0173321061177	-0.0604596198923	-0.0585521209857	1.0	0.0342944580702	-0.177698727683	-0.107385058713	-0.000538514746596	-0.115480737781	0.0899094213598	0.0108980817928	-0.227764575883	0.0509964821162	-0.0468266791998	-0.0203316465335	-0.0148366419088	0.0311835960983	0.0262062674054	0.0769819801296	0.0502882345889	-0.0251917897637	-0.0261532662355	-0.150667770052	-0.0142197539491	0.0553720723484	-0.0839651195122	0.0401288935297	0.00227408605169	-0.081311948663	-0.0598585392332	-0.0734126710351	0.0201374761522	0.0900356102823	0.0636304174891	-0.00597711164907	-0.0366761577831	-0.0946415784012	-0.00257916340843	0.0193897967089	-0.0820713987203	0.00226628888006	0.031078877008	0.079210596214	0.0682941382357
k__Bacteria;p__Bacteroidetes;c__Bacteroidia;o__Bacteroidales;f__Odoribacteraceae;g__Odoribacter;s__Odoribacter_splanchnicus	-0.0425483404931	0.066547356233	0.0415934396153	-0.124205764442	-0.0960388178387	0.105918353092	0.0719620204754	-0.11147179382	-0.0670164793894	0.103697274468	-0.162243430446	-0.115018847805	-0.0215267587919	-0.0215564338288	-0.0846057845642	0.0126989243229	-0.026771057858	0.0834482208182	0.0342944580702	1.0	-0.0779884014348	-0.00691133231174	-0.103742701645	-0.0316090310362	0.132413895468	-0.00925373021396	0.0608719314123	0.0835284637257	-0.0964950869155	-0.0542638761346	-0.0262759980149	0.0162302108658	0.101866634182	-0.0452088207307	-0.0710583923907	-0.00355714945639	-0.0931004315968	-0.163439355648	0.034583006251	-0.0253311061522	0.117999448712	0.0372074177	-0.0122834375677	0.0108794673135	-0.0945839386177	-0.0415381408765	0.0665628410193	0.0576426600079	0.0759180044333	0.0343119830241	-0.0658381840163	-0.160400792629	0.0677366645531	0.0701689448289	0.00117089160462	0.0894852965416	0.0543540235069	0.0175844503191	-0.0723669843935
k__Bacteria;p__Bacteroidetes;c__Bacteroidia;o__Bacteroidales;f__Bacteroidaceae;g__Bacteroides;s__Bacteroides_salyersiae	-0.0141166310216	0.0594084134264	0.136495654405	0.0979618033829	-0.0295784861479	0.0194350622396	-0.0237561494724	-0.0175357105279	0.0298541908648	0.0685118796999	0.097512163669	-0.0219397418019	-0.0684320242206	-0.0483889672175	-0.0745747057418	-0.144543930523	0.0347811608043	-0.0548518889128	-0.177698727683	-0.0779884014348	1.0	0.0888913089462	-0.0548346396538	0.0527510277271	0.00329236572753	-0.154678770033	0.0262243950192	0.0355919306928	-0.00519309398686	0.180052270091	-0.0406070513519	0.162662417369	-0.0362320037741	-0.0856036182309	0.138109296337	0.045039951447	-0.0405551255008	0.0792219795825	-0.0598259913149	0.0367888090177	-0.0793935083513	0.0374310269257	-0.0453935905595	-0.0208310686574	-0.00237236463275	0.00890142047597	-0.0383120280217	-0.0453984885037	0.0403106232785	-0.0325684738707	0.0176311294244	0.0730843539093	-0.0230482264922	0.0296710286036	-0.0716668344531	-0.0521417133562	-0.0601648141742	-0.0355902290735	-0.129733248363
k__Bacteria;p__Firmicutes;c__Clostridia;o__Clostridiales;f__Ruminococcaceae;g__Ruminiclostridium;s__[Eubacterium]_siraeum	-0.064952145584	0.0807474229181	0.0239074485243	-0.0199749022938	0.0164840543449	0.0346637408472	-0.0576805173953	-0.0267140761957	0.0512475997153	-0.152006949236	-0.0167637686785	-0.0522783581927	-0.185528749461	0.0151198575409	-0.0742196078712	0.0374292933	0.00645001330786	-0.0313041064186	-0.107385058713	-0.00691133231174	0.0888913089462	1.0	0.0316895833715	-0.0245926198625	-0.0305162172909	-0.118418693118	0.144572544512	-0.15073585564	-0.0199385555065	0.0669526263526	0.0613276998083	-0.0522661403628	-0.0133434913363	-0.0689419281141	0.00517147154746	-0.0857368652703	-0.0652417012413	0.00436745572649	0.0362217782207	0.00504496787514	0.0754759429598	-0.0923923982082	-0.0526050450784	-0.0201201157031	0.0996228132822	-0.198469882991	0.0195961144489	0.102115746708	-0.0452620588893	0.0747396704124	-0.023993760847	0.0662619200972	0.0652863327401	0.0470004518881	0.00957558764183	-0.0195054574167	-0.0402685804709	-0.0151290216763	-0.0219461981189
k__Bacteria;p__Proteobacteria;c__Betaproteobacteria;o__Burkholderiales;f__Sutterellaceae;g__Parasutterella;s__Parasutterella_excrementihominis	0.0584370604605	0.0099702094318	-0.0134938360158	-0.0110052714769	-0.0849878143169	0.00932696366046	0.122785405468	0.030898895974	0.0508537849118	0.0315607577518	-0.0940269832586	0.0871338465592	-0.00964592789745	-0.0471217082724	-0.0760159568892	0.0501107670736	-0.0229244793703	0.0490725265738	-0.000538514746596	-0.103742701645	-0.0548346396538	0.0316895833715	1.0	0.022765962898	-0.0470745126359	-0.0063455794251	0.0272225653056	-0.0699691151491	0.0284815854416	-0.0306837628075	-0.134992868207	0.0851545036838	0.124656688683	-0.0965156338071	-0.0618513710205	-0.0559312074867	0.000185592320433	0.169660091194	-0.026026888803	-0.0427066646136	0.0919142753119	-0.116749521738	-0.0899560133892	0.0261874738419	-0.0792355399695	-0.0736996535089	-0.0354542345829	0.045441661189	-0.0136519659419	-0.00113532903827	-0.166688389062	-0.00040865440588	0.028213326774	0.0529187819646	-0.0102315361451	-0.11793761143	0.0179467009377	-0.050754635407	-0.0213391011014
k__Bacteria;p__Actinobacteria;c__Actinobacteria;o__Bifidobacteriales;f__Bifidobacteriaceae;g__Bifidobacterium;s__Bifidobacterium_adolescentis	0.00696310305081	-0.026703943363	0.0330387892361	-0.0853045191284	-0.030497482487	-0.0200793625867	-0.114196217854	-0.062056476887	-0.019104097282	0.054194052279	0.0437097905565	-0.0379918736828	0.0329148054967	0.159473062487	-0.0457559901329	0.0479866009109	-0.0404704687248	0.100767914108	-0.115480737781	-0.0316090310362	0.0527510277271	-0.0245926198625	0.022765962898	1.0	0.018813257592	0.092110717854	0.128802313433	-0.068207863472	-0.0482617540274	0.0333093019609	0.0339846581186	0.0715111030564	-0.0374216099826	-0.0723539086612	-0.158533136838	-0.00682539357959	0.0143448452992	-0.0806518479135	0.0391340238266	0.0352683857933	-0.0488987251716	0.000954624156933	-0.129232050345	-0.125209483338	-0.0359702543257	-0.0160987793931	0.047774008465	-0.0973943965932	0.0782112344473	0.0600605749165	-0.0321308927324	0.0287970351353	-0.0540368177643	-0.0168479884736	-0.0510366787009	0.0100748636852	0.104866140839	0.0610056946586	-0.0553647936896
k__Bacteria;p__Firmicutes;c__Clostridia;o__Clostridiales;f__Oscillospiraceae;g__Oscillibacter;s__Oscillibacter_sp._KLE_1745	0.0861067895284	0.00186949322046	-0.0269986560731	0.106677417839	-0.0574608871985	0.0339955227996	0.0776903415586	0.0707793142714	-0.0687894858335	-0.0858655595081	0.00365628290906	0.0263021541062	-0.115980955426	0.126795918387	0.133116434647	-0.0778907916327	-0.00957152896758	0.0357063236167	0.0899094213598	0.132413895468	0.00329236572753	-0.0305162172909	-0.0470745126359	0.018813257592	1.0	-0.0325800520539	0.11036622268	-0.0626567966331	0.0310098184224	-0.00866606635489	-0.100558883795	-0.141021378651	-0.0651863534525	0.0503970205268	-0.0575902253386	-0.0416984296991	0.0577173906113	0.012262457207	-0.0554383610076	-0.0362076090477	-0.0549124800502	0.00391016310997	-0.0857300722007	0.019356594368	0.0942297104033	-0.0435028464564	-0.106733219636	-0.0459416419059	-0.0681562754609	-0.081120146189	0.0398660432541	-0.0201955128545	0.108417848881	-0.0819814888118	-0.141965199763	0.0465636164776	0.108262936791	-0.0475934778903	-0.0481533395357
k__Bacteria;p__Bacteroidetes;c__Bacteroidia;o__Bacteroidales;f__Bacteroidaceae;g__Bacteroides;s__Bacteroides_coprophilus	-0.0194906501277	-0.0105718451962	-0.00215648954179	-0.0375967368022	0.0554520056649	-0.153862133098	0.0792127843857	0.00890056072022	0.0307150841445	0.0173875375887	0.108498332155	-0.0551905155346	0.0148657775421	-0.135691641081	0.0585639165522	-0.0230002701715	0.0211883025345	0.132097871581	0.0108980817928	-0.00925373021396	-0.154678770033	-0.118418693118	-0.0063455794251	0.092110717854	-0.0325800520539	1.0	-0.143285201348	-0.0125650647991	0.164886787833	0.00513003009423	-0.014507025411	0.0496458557945	-0.00946745239559	-0.0395749402666	0.0365217037577	0.0125807400148	0.0376843129856	-0.124910746813	0.0934743810575	-0.157335434831	0.0152087509888	-0.0497954314425	0.0560218106752	-0.0246316825028	-0.0742701094293	-0.0019212761695	-0.0426545338859	0.0482183445324	-0.0106565472822	-0.000707624142121	-0.0597665846249	-0.016321683417	0.0365325670321	0.100750282126	0.103613164771	0.0129377562205	-0.0464034929079	-0.00113169626836	-0.0620912813034
k__Bacteria;p__Firmicutes;c__Clostridia;o__Clostridiales;f__Lachnospiraceae;g__Roseburia;s__Roseburia_intestinalis	0.0717418370385	-0.197964760697	0.0295330706758	0.0151997921128	-0.0271307142993	-0.118776905592	-0.190295833398	-0.00698331652309	-0.0296703759831	0.173490795989	-0.0552756926029	0.0436504881903	-0.0259721168511	0.032527846979	-0.07075633968	0.117391248689	0.0492227306048	0.0188485494482	-0.227764575883	0.0608719314123	0.0262243950192	0.144572544512	0.0272225653056	0.128802313433	0.11036622268	-0.143285201348	1.0	0.0606082315719	0.154381072002	-0.00589820056426	-0.018771849578	-0.0714140685266	-0.0755870554565	-0.0238964430207	0.113136824498	0.128911343447	0.00342977596507	-0.0317945545035	-0.0491960628356	-0.0815538536438	-0.0338764789142	-0.0592707418713	0.0286094241641	0.00300077594408	-0.0457157688874	0.00276557773412	0.117418789368	0.0332059472639	-0.00606120543254	-0.0474234393587	-0.0248462298187	-0.206750892996	-0.115028999366	0.0952127167857	0.0215882266363	-0.0166221500192	-0.0402791002611	0.116020186302	-0.0337193283699
k__Bacteria;p__Firmicutes;c__Clostridia;o__Clostridiales;f__Lachnospiraceae;g__Roseburia;s__Roseburia_hominis	-0.0605571333568	-0.0718148857831	0.108616606968	-0.0091991645574	-0.20070728157	-0.0233266226077	-0.0856324801371	-0.025620697893	-0.000546895498678	0.0543200927354	0.0173125913623	-0.101063057515	0.087283308317	0.0666920048899	0.0184201344206	0.0101373009237	-0.0328244417977	-0.0193072359976	0.0509964821162	0.0835284637257	0.0355919306928	-0.15073585564	-0.0699691151491	-0.068207863472	-0.0626567966331	-0.0125650647991	0.0606082315719	1.0	0.0106286808456	-0.0846632801371	0.0233097003938	-0.0103950451161	-0.0790240253823	-0.013474987597	0.153719481411	0.00632952821417	-0.128318067875	-0.149939642607	-0.00825914636768	-0.0705196431857	-0.0312569427779	0.129936415555	0.0578791478121	-0.0124103573868	-0.0626751649951	-0.0249733019662	0.0380710799738	-0.0655183777499	0.0230015620997	-0.0607779898489	-0.00813194761176	-0.0203714809103	-0.00209701585716	-0.0476240372648	0.0501698313033	0.0661613515715	0.000699856778851	0.0608811357997	-0.04042386562
k__Bacteria;p__Bacteroidetes;c__Bacteroidia;o__Bacteroidales;f__Porphyromonadaceae;g__Parabacteroides;s__Parabacteroides_johnsonii	-0.10165678167	-0.0702237916216	-0.0432335997734	0.060720619063	0.102582985064	-0.0354723746469	0.0415246688026	0.00367249838994	-0.0475486714316	0.0350496419071	0.0163357396709	0.0267726584289	0.0434556514224	-0.0384086454193	-0.0493805408142	0.0325690145583	0.0396943375804	0.0403995141904	-0.0468266791998	-0.0964950869155	-0.00519309398686	-0.0199385555065	0.0284815854416	-0.0482617540274	0.0310098184224	0.164886787833	0.154381072002	0.0106286808456	1.0	0.130450387709	0.0613001073605	-0.0684960481546	-0.066166453642	-0.0619141413098	-0.0601057658673	0.103889534111	-0.0122134608308	-0.0822106617289	-0.16067799148	-0.029532909878	-0.00643128372413	-0.041677838026	-0.0994144377742	0.00624568555534	-0.0236798779248	0.105082152669	-0.0961510557405	-0.0635369233036	-0.00431823300442	-0.00602182556562	-0.0928422861776	-0.1489202478	-0.175521740464	0.0170511382784	-0.0216873747059	-0.0826676963808	0.0185307496476	0.0292649508882	0.0217991017687
k__Bacteria;p__Actinobacteria;c__Actinobacteria;o__Bifidobacteriales;f__Bifidobacteriaceae;g__Bifidobacterium;s__Bifidobacterium_longum	0.101728615673	0.0858273050678	-0.107160289608	-0.0383356302094	0.0946364941106	-0.047021521382	-0.108615826781	0.0530105550956	0.0575782452193	0.0439429489353	0.14086549001	-0.0966503722577	-0.169307478631	-0.0678868464473	-0.100439840927	-0.00158654083884	-0.124763738394	-0.00944375940839	-0.0203316465335	-0.0542638761346	0.180052270091	0.0669526263526	-0.0306837628075	0.0333093019609	-0.00866606635489	0.00513003009423	-0.00589820056426	-0.0846632801371	0.130450387709	1.0	-0.0220475100727	0.0728857866013	-0.0490931799343	-0.146886073725	0.0131800305219	0.150170238102	-0.131950990367	-0.0506842684455	0.0449586925702	-0.0506428679263	-0.0592533342815	-0.1117872765	-0.0464979672252	0.0712523250431	0.0735315896368	-0.0112099591478	-0.0827506949344	-0.257685241093	0.031288992759	-0.0144185754062	-0.00965458879934	0.136912239942	0.0782941675141	-0.101772786276	-0.0131682055249	-0.0526020263385	-0.0406892254355	0.0903025742286	-0.0238341091733
