#taxonomy	k__Bacteria;p__Bacteroidetes;c__Bacteroidia;o__Bacteroidales;f__Bacteroidaceae;g__Bacteroides;s__Bacteroides_vulgatus	k__Bacteria;p__Bacteroidetes;c__Bacteroidia;o__Bacteroidales;f__Bacteroidaceae;g__Bacteroides;s__Bacteroides_uniformis	k__Bacteria;p__Bacteroidetes;c__Bacteroidia;o__Bacteroidales;f__Rikenellaceae;g__Alistipes;s__Alistipes_putredinis	k__Bacteria;p__Bacteroidetes;c__Bacteroidia;o__Bacteroidales;f__Prevotellaceae;g__Prevotella;s__Prevotella_copri	k__Bacteria;p__Bacteroidetes;c__Bacteroidia;o__Bacteroidales;f__Bacteroidaceae;g__Bacteroides;s__Bacteroides_stercoris	k__Bacteria;p__Bacteroidetes;c__Bacteroidia;o__Bacteroidales;f__Bacteroidaceae;g__Bacteroides;s__Bacteroides_ovatus	k__Bacteria;p__Bacteroidetes;c__Bacteroidia;o__Bacteroidales;f__Rikenellaceae;g__Alistipes;s__Alistipes_shahii	k__Bacteria;p__Firmicutes;c__Clostridia;o__Clostridiales;f__Ruminococcaceae;g__Faecalibacterium;s__Faecalibacterium_prausnitzii	k__Bacteria;p__Bacteroidetes;c__Bacteroidia;o__Bacteroidales;f__Rikenellaceae;g__Alistipes;s__Alistipes_finegoldii	k__Bacteria;p__Bacteroidetes;c__Bacteroidia;o__Bacteroidales;f__Porphyromonadaceae;g__Parabacteroides;s__Parabacteroides_distasonis	k__Bacteria;p__Bacteroidetes;c__Bacteroidia;o__Bacteroidales;f__Bacteroidaceae;g__Bacteroides;s__Bacteroides_thetaiotaomicron	k__Bacteria;p__Bacteroidetes;c__Bacteroidia;o__Bacteroidales;f__Bacteroidaceae;g__Bacteroides;s__Bacteroides_coprocola	k__Bacteria;p__Bacteroidetes;c__Bacteroidia;o__Bacteroidales;f__Bacteroidaceae;g__Bacteroides;s__Bacteroides_cellulosilyticus	k__Bacteria;p__Bacteroidetes;c__Bacteroidia;o__Bacteroidales;f__Rikenellaceae;g__Alistipes;s__Alistipes_obesi	k__Bacteria;p__Firmicutes;c__Clostridia;o__Clostridiales;f__Lachnospiraceae;g__;s__[Eubacterium]_rectale	k__Bacteria;p__Bacteroidetes;c__Bacteroidia;o__Bacteroidales;f__Bacteroidaceae;g__Bacteroides;s__Bacteroides_plebeius	k__Bacteria;p__Bacteroidetes;c__Bacteroidia;o__Bacteroidales;f__Bacteroidaceae;g__Bacteroides;s__Bacteroides_fragilis	k__Bacteria;p__Proteobacteria;c__Betaproteobacteria;o__Burkholderiales;f__Sutterellaceae;g__Sutterella;s__Sutterella_wadsworthensis	k__Bacteria;p__Bacteroidetes;c__Bacteroidia;o__Bacteroidales;f__Porphyromonadaceae;g__Barnesiella;s__Barnesiella_intestinihominis	k__Bacteria;p__Bacteroidetes;c__Bacteroidia;o__Bacteroidales;f__Odoribacteraceae;g__Odoribacter;s__Odoribacter_splanchnicus	k__Bacteria;p__Bacteroidetes;c__Bacteroidia;o__Bacteroidales;f__Bacteroidaceae;g__Bacteroides;s__Bacteroides_salyersiae	k__Bacteria;p__Firmicutes;c__Clostridia;o__Clostridiales;f__Ruminococcaceae;g__Ruminiclostridium;s__[Eubacterium]_siraeum	k__Bacteria;p__Proteobacteria;c__Betaproteobacteria;o__Burkholderiales;f__Sutterellaceae;g__Parasutterella;s__Parasutterella_excrementihominis	k__Bacteria;p__Actinobacteria;c__Actinobacteria;o__Bifidobacteriales;f__Bifidobacteriaceae;g__Bifidobacterium;s__Bifidobacterium_adolescentis	k__Bacteria;p__Firmicutes;c__Clostridia;o__Clostridiales;f__Oscillospiraceae;g__Oscillibacter;s__Oscillibacter_sp._KLE_1745	k__Bacteria;p__Bacteroidetes;c__Bacteroidia;o__Bacteroidales;f__Bacteroidaceae;g__Bacteroides;s__Bacteroides_coprophilus	k__Bacteria;p__Firmicutes;c__Clostridia;o__Clostridiales;f__Lachnospiraceae;g__Roseburia;s__Roseburia_intestinalis	k__Bacteria;p__Firmicutes;c__Clostridia;o__Clostridiales;f__Lachnospiraceae;g__Roseburia;s__Roseburia_hominis	k__Bacteria;p__Bacteroidetes;c__Bacteroidia;o__Bacteroidales;f__Porphyromonadaceae;g__Parabacteroides;s__Parabacteroides_johnsonii	k__Bacteria;p__Actinobacteria;c__Actinobacteria;o__Bifidobacteriales;f__Bifidobacteriaceae;g__Bifidobacterium;s__Bifidobacterium_longum	k__Bacteria;p__Firmicutes;c__Clostridia;o__Clostridiales;f__;g__Flavonifractor;s__Flavonifractor_plautii	k__Bacteria;p__Firmicutes;c__Clostridia;o__Clostridiales;f__Clostridiaceae;g__Clostridium;s__Clostridium_phoceensis	k__Bacteria;p__Verrucomicrobia;c__Verrucomicrobiae;o__Verrucomicrobiales;f__Akkermansiaceae;g__Akkermansia;s__Akkermansia_muciniphila	k__Bacteria;p__Bacteroidetes;c__Bacteroidia;o__Bacteroidales;f__Prevotellaceae;g__Paraprevotella;s__Paraprevotella_xylaniphila	k__Bacteria;p__Firmicutes;c__Clostridia;o__Clostridiales;f__Ruminococcaceae;g__Ruminococcus;s__Ruminococcus_callidus	k__Bacteria;p__Bacteroidetes;c__Bacteroidia;o__Bacteroidales;f__Rikenellaceae;g__Alistipes;s__Alistipes_senegalensis	k__Bacteria;p__Firmicutes;c__Clostridia;o__Clostridiales;f__Lachnospiraceae;g__Blautia;s__Blautia_sp._KLE_1732	k__Bacteria;p__Bacteroidetes;c__Bacteroidia;o__Bacteroidales;f__Bacteroidaceae;g__Bacteroides;s__Bacteroides_oleiciplenus	k__Bacteria;p__Firmicutes;c__Clostridia;o__Clostridiales;f__Ruminococcaceae;g__Ruminococcus;s__Ruminococcus_bicirculans	k__Bacteria;p__Bacteroidetes;c__Bacteroidia;o__Bacteroidales;f__Bacteroidaceae;g__Bacteroides;s__Bacteroides_fluxus	k__Bacteria;p__Bacteroidetes;c__Bacteroidia;o__Bacteroidales;f__Prevotellaceae;g__Prevotella;s__Prevotella_stercorea	k__Bacteria;p__Firmicutes;c__Clostridia;o__Clostridiales;f__Lachnospiraceae;g__Dorea;s__Dorea_longicatena	k__Bacteria;p__Firmicutes;c__Clostridia;o__Clostridiales;f__Eubacteriaceae;g__Eubacterium;s__[Eubacterium]_eligens	k__Bacteria;p__Firmicutes;c__Clostridia;o__Clostridiales;f__Ruminococcaceae;g__;s__Ruminococcaceae_bacterium_D16	k__Bacteria;p__Firmicutes;c__Clostridia;o__Clostridiales;f__Lachnospiraceae;g__Coprococcus;s__Coprococcus_comes	k__Bacteria;p__Proteobacteria;c__Gammaproteobacteria;o__Enterobacterales;f__Enterobacteriaceae;g__Escherichia;s__Escherichia_coli	k__Bacteria;p__Firmicutes;c__Clostridia;o__Clostridiales;f__Ruminococcaceae;g__Anaerotruncus;s__Anaerotruncus_colihominis	k__Bacteria;p__Firmicutes;c__Clostridia;o__Clostridiales;f__Lachnospiraceae;g__Blautia;s__Blautia_obeum	k__Bacteria;p__Bacteroidetes;c__Bacteroidia;o__Bacteroidales;f__Odoribacteraceae;g__Odoribacter;s__Odoribacter_laneus	k__Bacteria;p__Firmicutes;c__Clostridia;o__Clostridiales;f__Ruminococcaceae;g__Ruminiclostridium;s__[Clostridium]_leptum	k__Bacteria;p__Bacteroidetes;c__Bacteroidia;o__Bacteroidales;f__Porphyromonadaceae;g__Parabacteroides;s__Parabacteroides_goldsteinii	k__Bacteria;p__Firmicutes;c__Clostridia;o__Clostridiales;f__Lachnospiraceae;g__Anaerostipes;s__Anaerostipes_hadrus	k__Bacteria;p__Firmicutes;c__Clostridia;o__Clostridiales;f__Ruminococcaceae;g__Ruminococcus;s__Ruminococcus_lactaris	k__Bacteria;p__Firmicutes;c__Clostridia;o__Clostridiales;f__Clostridiaceae;g__Clostridium;s__Clostridium_sp._L2-50	k__Bacteria;p__Firmicutes;c__Clostridia;o__Clostridiales;f__Clostridiaceae;g__Clostridium;s__Clostridium_sp._M62/1	k__Bacteria;p__Firmicutes;c__Clostridia;o__Clostridiales;f__;g__Intestinimonas;s__Intestinimonas_butyriciproducens	k__Bacteria;p__Actinobacteria;c__Actinobacteria;o__Bifidobacteriales;f__Bifidobacteriaceae;g__Bifidobacterium;s__Bifidobacterium_bifidum	k__Bacteria;p__Firmicutes;c__Negativicutes;o__Veillonellales;f__Veillonellaceae;g__Dialister;s__Dialister_invisus	k__Bacteria;p__Bacteroidetes;c__Bacteroidia;o__Bacteroidales;f__Bacteroidaceae;g__Bacteroides;s__Bacteroides_salanitronis
k__Bacteria;p__Bacteroidetes;c__Bacteroidia;o__Bacteroidales;f__Bacteroidaceae;g__Bacteroides;s__Bacteroides_vulgatus	1.0	-0.0693977083064	0.0860772372843	-0.00191116038903	-0.0184911640983	-0.0276189781392	-0.0533639992998	0.00825565377477	0.10880888794	-0.118660585918	0.0256778224573	0.0253704550853	-0.0849046210105	0.0217389879825	0.0163159146244	-0.0581932364314	0.11280945072	-0.0984997252225	0.0584626795657	-0.0121483740169	0.059170341325	0.213060071339	0.0206991888371	-0.000537560335372	0.014529652208	-0.0736643790502	-0.183678454797	0.00838130633368	-0.0137989967143	0.123222078085	-0.0466662358117	-0.0143639592079	0.140428661898	-0.0642026270159	-0.0582631203889	0.00150925729674	-0.0974264282733	-0.0926715820925	0.0289541302933	-0.0113308385152	-0.137773849024	0.02087553444	0.0657267029087	-0.0202662114877	-0.0931013755188	-0.042493820219	-0.0966562000706	-0.0290572368182	0.0726968285114	-0.0386477579335	0.0137377837173	-0.0302600508263	0.122465431921	0.035651181197	0.0262499032354	-0.0446248983455	0.0686639831629	-0.0111767918501	0.0309263008619
k__Bacteria;p__Bacteroidetes;c__Bacteroidia;o__Bacteroidales;f__Bacteroidaceae;g__Bacteroides;s__Bacteroides_uniformis	-0.0693977083064	1.0	-0.0157948501074	-0.050840773917	0.030599319535	0.00459947092984	0.062668852682	-0.00759572648371	0.067705802045	0.0100190469724	0.00195257823953	0.00112159277305	0.0115702315779	-0.0390610336867	-0.197939740351	0.0172263802008	-0.129381642474	-0.103468078976	-0.0632711303063	-0.0556913825769	0.153884798395	0.0242682273047	-0.075849583354	-0.0810769490444	0.00606594370226	0.0989406915462	0.252813113813	-0.073811221206	-0.00442751005704	0.115253998898	0.0258100819407	-0.0549346806652	-0.0286712483895	0.0579530539824	0.00742167522903	-0.112106242704	0.0875687775768	-0.103717021357	-0.00983510991315	0.0461186752351	-0.0156897921741	0.0610217130147	0.0579091480383	0.0156810674624	0.0082026274791	0.130054322813	-0.0398449514477	-0.138774159237	-0.00595356829532	0.0115371446037	0.00219520538098	-0.0380044440154	0.00388797592621	0.0470645448344	-0.0398881986223	-0.200191157277	0.00894999973285	-0.0733947181017	-0.0148702873172
k__Bacteria;p__Bacteroidetes;c__Bacteroidia;o__Bacteroidales;f__Rikenellaceae;g__Alistipes;s__Alistipes_putredinis	0.0860772372843	-0.0157948501074	1.0	-0.023940103576	0.0101381265632	0.0312211163389	0.00732205889022	-0.0376007922011	-0.118143806614	0.0582010374969	-0.0196197514254	0.00388888008161	0.0345754306828	0.0990079152364	-0.0206248101454	0.0922042997408	-0.0106299727576	-0.150790028162	-0.0477932414689	0.0537002641817	-0.0159254225609	-0.0863170227153	-0.100143306503	0.0611186543934	0.0902366100201	-0.132278707921	-0.0154207729437	-0.0236010746629	0.0596003934902	0.045586351893	-0.0816915118757	-0.000763734694803	-0.0417413005536	-0.0568811194073	-0.058005010017	-0.0420053951574	-0.0645299576302	-0.011564993496	0.125932113867	-0.00406681702431	-0.0781460189629	-0.0156251271631	-0.0653613979989	0.0091204590857	0.189864802791	0.0241682879464	-0.105321559238	-0.0462301228657	0.0853679178453	0.108331381964	0.0801786552376	0.043688523924	0.0479761594435	-0.073195913536	0.0473701572482	-0.0936405294984	-0.163670344475	0.0375110094131	-0.0463852407227
k__Bacteria;p__Bacteroidetes;c__Bacteroidia;o__Bacteroidales;f__Prevotellaceae;g__Prevotella;s__Prevotella_copri	-0.00191116038903	-0.050840773917	-0.023940103576	1.0	0.0653748546374	-0.0068163749623	-0.0808801549445	0.00248740154397	-0.00215450767633	-0.0460734477244	0.144828861407	0.0643960621358	-0.0384368668895	-0.0621467371476	-0.103419984913	-0.0649428539849	0.013422735603	0.0578906247718	-0.0130452288238	-0.0384120899184	0.0508601849405	-0.059972966584	0.11645010742	0.0154611904242	0.00779780838768	0.0426988070955	-0.0281552139219	-0.11817476317	-0.0500614865635	0.0584590448101	-0.0420945025978	0.0112606223004	0.0636392388133	0.0704960263101	-0.106436010088	0.00761111099403	0.103534144388	0.0305198376374	0.0584625601259	-0.0228089438211	-0.0617687339979	0.00914625116857	0.0209816554404	-0.0023042767462	-0.071269963687	-0.0471009152798	-0.0583391395758	-0.0187204285203	0.0508174925504	-0.205225419227	-0.0856820224426	0.0270802181754	0.0259792832985	-0.141376698822	0.0907012032827	0.0302548342043	0.0879526647502	-0.143056890725	0.0446916781828
k__Bacteria;p__Bacteroidetes;c__Bacteroidia;o__Bacteroidales;f__Bacteroidaceae;g__Bacteroides;s__Bacteroides_stercoris	-0.0184911640983	0.030599319535	0.0101381265632	0.0653748546374	1.0	-0.0279980028204	-0.144536562785	-0.133020229431	0.0621651925532	-0.0468518944776	0.0549113759312	0.001119823229	-0.00658346761618	0.00457968663766	-0.0359100759932	0.00430217316407	0.0280258679478	-0.0992720859517	-0.111186439286	-0.00195517060973	0.0311209926934	0.162488818114	-0.0975685030427	0.00609595055974	-0.00995458884076	-0.0479813433906	0.0174530948464	-0.133107506482	-0.0353568659394	-0.0651397097199	0.210810362936	-0.0641289498202	-0.195144324618	0.00974007170286	0.0506882737027	-0.0408179878428	-0.054998224963	0.0691863287466	0.00834009345763	0.00434389082177	0.0339471033029	0.12246596437	-0.169932311188	-0.0600182914805	0.0881922770833	0.194920619095	-0.204138184608	0.021082087519	0.0264090302343	0.140741009044	-0.00389893166186	0.0897456917685	0.127679258927	-0.0720457079458	-0.112393255316	0.0338492122914	-0.0634322767723	0.141395795222	0.0889080021415
k__Bacteria;p__Bacteroidetes;c__Bacteroidia;o__Bacteroidales;f__Bacteroidaceae;g__Bacteroides;s__Bacteroides_ovatus	-0.0276189781392	0.00459947092984	0.0312211163389	-0.0068163749623	-0.0279980028204	1.0	-0.00640029155948	-0.0687129910005	-0.000687682195791	0.0270615411583	-0.0268631313912	0.0344632824549	-0.00301222209835	0.0436464890862	0.0412792580877	-0.0761810609439	-0.0749988779179	0.0738768612694	-0.0219387942244	-0.194767123619	-0.00741899610642	-0.0796540353173	-0.0973667710509	-0.0362659700239	-0.0964510408645	-0.05714828557	0.0798016328722	0.0640744260688	-0.00841598981367	0.0639476119617	-0.0520365833571	0.0747623489208	0.0418616773374	0.0746898558259	-0.0832643350486	0.08532784846	0.0525588427716	-0.0642765885987	-0.0986560225846	-0.00657707058324	-0.0108541653922	0.0563832055628	0.107351959702	0.0261106319892	-0.102219128715	0.0217050594239	0.101764756137	-0.131849831061	-0.0801685831292	-0.108472759058	0.147702147106	-0.0685152571073	0.0846222728138	0.121593543856	0.0362361832154	-0.157412308588	0.0584971072718	-0.0175727429325	-0.0752573186836
k__Bacteria;p__Bacteroidetes;c__Bacteroidia;o__Bacteroidales;f__Rikenellaceae;g__Alistipes;s__Alistipes_shahii	-0.0533639992998	0.062668852682	0.00732205889022	-0.0808801549445	-0.144536562785	-0.00640029155948	1.0	-0.0452106618585	0.0329181833056	-0.008795366346	-0.00907439749978	0.0330534465997	0.147949284296	-0.0095323631618	-0.026476461819	0.0816179011898	0.0168199526927	0.17969937928	-0.00991122692779	-0.074405615747	-0.132709621826	0.0304255419165	0.105146301164	0.0773227867975	0.029054806573	0.0928576244491	0.0198173975509	0.0802724942949	-0.060390823518	0.0652140139722	-0.228574350846	-0.0135515284216	-0.0877493836703	-0.0966187881951	-0.0283182831497	-0.103803884919	0.125718707677	0.011121161765	-0.0396911029139	-0.0702311276513	-0.0413738818126	0.0779703260388	0.0279943278443	-0.0832410281629	0.0356287084446	-0.0477728574302	-0.0652598568155	-0.0574822485801	0.0192724628514	0.0943245617369	0.0701661381331	0.0278365242606	-0.187462318465	0.0324155798943	-0.0381156912076	0.172419432295	0.0289333893764	-0.06230352134	0.0451901815431
k__Bacteria;p__Firmicutes;c__Clostridia;o__Clostridiales;f__Ruminococcaceae;g__Faecalibacterium;s__Faecalibacterium_prausnitzii	0.00825565377477	-0.00759572648371	-0.0376007922011	0.00248740154397	-0.133020229431	-0.0687129910005	-0.0452106618585	1.0	-0.0661789904984	-0.0451793106236	-0.084293134089	-0.0497315622709	0.142603402585	0.0702089081418	0.0620025824946	0.000525357038381	-0.0988823059396	-0.049970046798	-0.0590639000506	-0.00227576160851	-0.0792316026461	0.0469363763394	-0.100826194124	0.0327715723779	-0.0246811727412	0.0201361654749	-0.0575446171314	0.00567925382509	0.051189215786	-0.118219922719	0.0360165878425	-0.0107225913149	-0.0594282326803	-0.0394500881982	-0.153396936016	-0.185524426877	0.135941664317	0.0216959072568	-0.0601796883342	-0.00994726378246	0.151512178325	0.0991432342424	-0.0756237989525	0.0569172997165	0.0277821321655	-0.0877506429498	-0.00728435664685	0.118566513862	0.059986666914	-0.0120439870423	-0.0878209477592	0.102362530288	0.0155545369295	0.011764695446	-0.118857580338	0.0666257529114	-0.0331558831232	-0.0125262028225	0.00434744686948
k__Bacteria;p__Bacteroidetes;c__Bacteroidia;o__Bacteroidales;f__Rikenellaceae;g__Alistipes;s__Alistipes_finegoldii	0.10880888794	0.067705802045	-0.118143806614	-0.00215450767633	0.0621651925532	-0.000687682195791	0.0329181833056	-0.0661789904984	1.0	0.144097359848	-0.080246993529	0.0857489595621	-0.0942014355032	-0.0762776597156	-0.121868560071	-0.125414370168	0.145076546635	0.069821029337	-0.0525430909284	-0.0280645163753	-0.0873678641387	0.143784369463	-0.0276892854456	-0.137320224779	0.0527526811664	-0.174248802638	0.014347028518	-0.0778385796281	-0.085112034274	0.00529574622057	0.108988740595	0.0290327215783	0.000499790842011	0.0712826070232	-0.0379352414755	0.087899390018	-0.0227782403817	-0.0385619489117	-0.0313706604764	-0.00662391356525	-0.0855242256783	-0.00683487528058	-0.0992124673215	-0.197968491512	-0.0795718740451	-0.0419626901041	0.149235877653	0.00680341165188	-0.0395305241434	0.0376395498512	-0.177440923332	-0.0290401908068	0.0645966161984	-0.139008221587	-0.0423425291269	-0.0273822206063	0.13525620053	-0.00945642929822	0.106739117616
k__Bacteria;p__Bacteroidetes;c__Bacteroidia;o__Bacteroidales;f__Porphyromonadaceae;g__Parabacteroides;s__Parabacteroides_distasonis	-0.118660585918	0.0100190469724	0.0582010374969	-0.0460734477244	-0.0468518944776	0.0270615411583	-0.008795366346	-0.0451793106236	0.144097359848	1.0	0.0339404762144	-0.100273754823	-0.0263998166683	-0.0345054441844	0.0196394348553	-0.105314841691	0.0503180473196	-0.125213425545	0.118621151556	-0.00291989061598	-0.00259189492546	0.110590323372	0.0448591854311	0.0422195479698	-0.0704873646606	-0.0677802881935	0.0412618629807	-0.0106311647486	0.0645448133437	0.0836825473555	-0.119763308692	-0.0485131010504	-0.024561340432	-0.0468972179815	-0.0478942258391	-0.00309498909584	-0.00865889854586	0.0762740567033	0.00537166174054	-0.0966824828973	-0.145374057162	0.0236443564516	-0.0194955775617	0.018421533307	0.0866498650233	0.0154625848459	0.0563137849811	0.0750206382142	-0.0879701741079	0.0359946396702	-0.0693175444302	0.0063470436602	0.0949078085005	-0.00551821517811	0.053992009549	0.0307141864801	-0.104744293061	-0.0871322969067	0.0153893653568
k__Bacteria;p__Bacteroidetes;c__Bacteroidia;o__Bacteroidales;f__Bacteroidaceae;g__Bacteroides;s__Bacteroides_thetaiotaomicron	0.0256778224573	0.00195257823953	-0.0196197514254	0.144828861407	0.0549113759312	-0.0268631313912	-0.00907439749978	-0.084293134089	-0.080246993529	0.0339404762144	1.0	-0.054348261315	-0.126215922564	0.0848553925076	0.0174332453032	0.00874482141502	-0.00537134537716	0.0358605980059	0.0228457200416	-0.0909700574079	0.0694903944908	0.188668872973	0.151728232335	0.116275358877	0.112261683305	0.115743052257	0.0130536938314	-0.0705510386516	0.015498702644	0.0362592487738	-0.0430249402381	-0.00823717913411	-0.0887909748558	0.0252593452088	-0.0376109635512	-0.0596609544865	0.00163191839257	0.118613416503	-0.0605303094875	-0.163338577487	0.0858680143822	-0.0998556732991	-0.0538073969344	-0.141846726156	-0.0652051579942	-0.0529623137042	-0.115629206395	-0.0799330038	-0.0942429006397	-0.0606857615404	-0.0862685607321	-0.0323737779166	0.0256975631053	-0.0109549556998	0.00579504877766	0.0820076696372	0.031646498796	-0.0743788825832	-0.0308020160513
k__Bacteria;p__Bacteroidetes;c__Bacteroidia;o__Bacteroidales;f__Bacteroidaceae;g__Bacteroides;s__Bacteroides_coprocola	0.0253704550853	0.00112159277305	0.00388888008161	0.0643960621358	0.001119823229	0.0344632824549	0.0330534465997	-0.0497315622709	0.0857489595621	-0.100273754823	-0.054348261315	1.0	0.0488968299351	-0.024925602917	-0.025252415047	0.13754584742	0.0496260358818	0.012898022924	-0.0661107050152	-0.13575630959	-0.0242567843273	-0.0230896334572	-0.0276580690214	0.130528301559	-0.0679552287995	-0.0534198111739	-0.0360117135111	-0.185920068387	-0.125789520208	0.0680119543935	-0.0491469477217	-0.0636913655657	-0.000420222788197	0.0206269235761	0.0633259482118	0.0766948382707	-0.0820980758097	0.111108967408	0.134800739215	0.0151366194294	-0.0837667812686	-0.0856292733675	0.151117469036	-0.0407391825584	0.0200375696246	-0.0578552765778	0.0481998347273	-0.130802735042	0.059490322955	-0.0141881734992	0.0204606715966	-0.100978783822	-0.0625666349543	0.103686332517	-0.0102162320674	0.00302842537281	0.021547313999	-0.0293956974482	-0.0448047864768
k__Bacteria;p__Bacteroidetes;c__Bacteroidia;o__Bacteroidales;f__Bacteroidaceae;g__Bacteroides;s__Bacteroides_cellulosilyticus	-0.0849046210105	0.0115702315779	0.0345754306828	-0.0384368668895	-0.00658346761618	-0.00301222209835	0.147949284296	0.142603402585	-0.0942014355032	-0.0263998166683	-0.126215922564	0.0488968299351	1.0	-0.101940752323	0.00662607953929	-0.0384855014132	-0.0336082870345	-0.0167945037775	-0.151530324129	-0.00720833852733	0.0183051230588	-0.0975006847856	-0.0491279158162	-0.186835468871	-0.0131265159296	-0.0926721919335	0.111203647492	0.0328958548549	-0.0018356631451	-0.038161404231	-0.0623464993404	-0.074802799601	0.104321586561	-0.000267878765862	0.0714067211934	-0.170388709745	-0.103873574151	0.0537205078201	-0.0778455090942	0.153320193639	0.0196615390292	-0.0164026223789	0.0569144225571	-0.0452075706805	0.109552385477	0.0935757411314	0.00264621534467	-0.00205225920435	0.0404066618823	-0.00580753471848	0.0256839759454	0.125894700247	0.0995095018234	0.127145550088	-0.0683454317467	0.055272073529	-0.0940217880739	-0.0186614973712	-0.1152189168
k__Bacteria;p__Bacteroidetes;c__Bacteroidia;o__Bacteroidales;f__Rikenellaceae;g__Alistipes;s__Alistipes_obesi	0.0217389879825	-0.0390610336867	0.0990079152364	-0.0621467371476	0.00457968663766	0.0436464890862	-0.0095323631618	0.0702089081418	-0.0762776597156	-0.0345054441844	0.0848553925076	-0.024925602917	-0.101940752323	1.0	-0.0354113744178	-0.0407367556004	0.0365604552993	-0.0338321239863	0.076412079256	0.123310584448	-0.118422727689	-0.104881884081	-0.0104952148095	-0.0724835893414	0.218459015481	-0.0723245115986	-0.0251711647287	0.0699823834899	0.0657102942374	0.0015819307259	-0.0691203831103	-0.0796286742137	0.0234620485393	-0.0134246865653	-0.146163300603	0.108327219135	-0.155079982515	-0.0912866096373	0.0343248189093	-0.0887669095461	0.144877388938	-0.105737130505	-0.0406569625935	-0.0939660781652	0.127717720816	-0.095736168573	-0.00403795425235	-0.0961701135492	0.0593134466042	0.0286792436738	0.0378882607268	0.089536021069	0.0370573122669	-0.0436617821522	-0.121334402964	-0.0127255001799	-0.0356285996909	0.0451973760876	0.0412336923514
k__Bacteria;p__Firmicutes;c__Clostridia;o__Clostridiales;f__Lachnospiraceae;g__;s__[Eubacterium]_rectale	0.0163159146244	-0.197939740351	-0.0206248101454	-0.103419984913	-0.0359100759932	0.0412792580877	-0.026476461819	0.0620025824946	-0.121868560071	0.0196394348553	0.0174332453032	-0.025252415047	0.00662607953929	-0.0354113744178	1.0	0.0378732559815	0.00158773176081	-0.110070772672	0.211698182695	0.155673940384	-0.0793031100972	-0.0960806718562	0.0419877328552	0.0132913584904	-0.0396500678226	-0.0706772715242	0.0486906709326	-0.0137971635049	0.122613060278	-0.0496704814284	-0.0431230010384	0.00745368157296	-0.146937163455	-0.0750602701953	0.0611827851919	0.0342425294756	-0.0703789044716	0.0847029653187	-0.00293024438165	-0.0924984124148	-0.0534955754493	0.133774691776	0.0240698263373	-0.098882063714	-0.0129966925023	-0.0108714969704	0.0157897515417	-0.0412325420145	0.0111536567245	0.0768106319527	0.135874477262	0.0516952159848	-0.0550574632158	0.0234647740265	0.00945085192335	-0.00533151541876	-0.0622253442185	-0.0138765253834	0.0693008016459
k__Bacteria;p__Bacteroidetes;c__Bacteroidia;o__Bacteroidales;f__Bacteroidaceae;g__Bacteroides;s__Bacteroides_plebeius	-0.0581932364314	0.0172263802008	0.0922042997408	-0.0649428539849	0.00430217316407	-0.0761810609439	0.0816179011898	0.000525357038381	-0.125414370168	-0.105314841691	0.00874482141502	0.13754584742	-0.0384855014132	-0.0407367556004	0.0378732559815	1.0	-0.0647219719864	-0.0127841589262	-0.0545410711347	0.00859232049124	-0.0263480342274	0.0323659263986	0.0233620461241	-0.041781539238	-0.084995762641	0.0708804322205	-0.025461763739	0.0550216095085	-0.0480383169344	-0.0558309374786	0.0769588777082	-0.043164838563	-0.109170374694	-0.032310055664	0.0224468578414	-0.127767808694	-0.0821269600831	0.0235133340137	0.0188880935629	0.00738249557767	0.00087665761374	0.01091789576	-0.0239863439693	8.07675015709e-05	-0.0585291706781	-0.0604573533918	0.017496376743	-0.0601179838393	-0.0597268964874	0.0496991434444	0.0239230691762	-0.0126780653646	-0.178498140695	-0.160204943701	0.0149861339923	-0.0624247116212	0.0259739248552	-0.0977650604195	-0.0273604123964
k__Bacteria;p__Bacteroidetes;c__Bacteroidia;o__Bacteroidales;f__Bacteroidaceae;g__Bacteroides;s__Bacteroides_fragilis	0.11280945072	-0.129381642474	-0.0106299727576	0.013422735603	0.0280258679478	-0.0749988779179	0.0168199526927	-0.0988823059396	0.145076546635	0.0503180473196	-0.00537134537716	0.0496260358818	-0.0336082870345	0.0365604552993	0.0015877317608	-0.0647219719864	1.0	-0.200245851695	0.0265870456119	-0.0462763063371	0.0225177650242	0.0456199310789	0.11440483116	-0.212494413215	0.0914906196917	0.122613820046	0.0765406263378	0.131889740985	-0.0387838121696	-0.0695979263337	0.0333615597154	0.0551028606847	-0.0527424402207	0.10071677566	0.050041792825	0.0830434423943	-0.0085380216943	0.032814016261	0.0722077664618	-0.13620105316	-0.0520036991523	-0.0947591458541	-0.0164466999273	0.137275270686	-0.0561205172963	-0.102144025481	-0.0563844531305	-0.0145612462638	0.0812955683892	0.00326603458021	-0.179284926793	-0.185504671623	0.148780893467	-0.000246908287159	0.12151140806	0.0365044370288	0.118612344356	0.141102826634	0.106235188688
k__Bacteria;p__Proteobacteria;c__Betaproteobacteria;o__Burkholderiales;f__Sutterellaceae;g__Sutterella;s__Sutterella_wadsworthensis	-0.0984997252225	-0.103468078976	-0.150790028162	0.0578906247718	-0.0992720859517	0.0738768612694	0.17969937928	-0.049970046798	0.069821029337	-0.125213425545	0.0358605980059	0.012898022924	-0.0167945037775	-0.0338321239863	-0.110070772672	-0.0127841589262	-0.200245851695	1.0	-0.102482372434	0.0583179190363	-0.157004570466	-0.00839966913542	-0.113913942532	0.0144838390358	0.127048516398	-0.0579984674411	-0.150688103194	0.0302985303942	-0.0444798941247	-0.053901927216	0.0307173577047	0.104773557043	0.200722099515	-0.0735909849573	-0.0382047236082	-0.0285289645174	0.069796431146	0.214067278855	-0.0148706392294	0.0146768203709	-0.0475933284761	0.0393695619783	0.132521863042	-0.02462219954	-0.10790111562	0.0401211024699	-0.0771082347453	0.00692890763132	-0.0863232844865	-0.110261482459	-0.00896011468518	-0.0674079070034	-0.140557135584	-0.0332627293717	-0.109862805149	0.0544877728499	0.138020998247	-0.0374806157666	-0.133261620244
k__Bacteria;p__Bacteroidetes;c__Bacteroidia;o__Bacteroidales;f__Porphyromonadaceae;g__Barnesiella;s__Barnesiella_intestinihominis	0.0584626795657	-0.0632711303063	-0.0477932414689	-0.0130452288238	-0.111186439286	-0.0219387942244	-0.00991122692779	-0.0590639000506	-0.0525430909284	0.118621151556	0.0228457200416	-0.0661107050152	-0.151530324129	0.076412079256	0.211698182695	-0.0545410711347	0.0265870456119	-0.102482372434	1.0	0.102792620522	-0.0184001785391	-0.0173360940339	0.0593480015852	-0.0276006597717	-0.112196688254	0.0395029866451	0.044678325685	0.0078449138292	-0.0981922297125	0.0966506641039	0.0284791484886	0.116585763498	-0.000442080186059	-0.110725661131	-0.00719274738153	0.100392472772	0.0306220253631	-0.159800717162	0.00262455000144	-0.0499123565508	-0.0160409208609	0.0171299122933	0.0119132626238	-0.0322561800865	-0.0356382743195	-0.141952634604	-0.0758253109531	0.0619022363299	0.0286099085605	-0.119234692505	-0.0991935189339	-0.0844423814186	0.0513473865452	0.0145528329862	0.00752336986992	0.120940837129	0.0105429876059	0.0420184138465	-0.112138401799
k__Bacteria;p__Bacteroidetes;c__Bacteroidia;o__Bacteroidales;f__Odoribacteraceae;g__Odoribacter;s__Odoribacter_splanchnicus	-0.0121483740169	-0.0556913825769	0.0537002641817	-0.0384120899184	-0.00195517060973	-0.194767123619	-0.074405615747	-0.00227576160851	-0.0280645163753	-0.00291989061598	-0.0909700574079	-0.13575630959	-0.00720833852733	0.123310584448	0.155673940384	0.00859232049124	-0.0462763063371	0.0583179190363	0.102792620522	1.0	-0.0511253076715	-0.043310070488	-0.00381770776201	-0.0268540770432	-0.036927269534	-0.00649701483512	-0.00260368878255	-0.0742631776839	0.0896456108091	0.0521697131832	-0.036063387992	0.0174528321118	0.0415102553696	-0.13710599461	0.00760281878636	-0.00126155227286	-0.0110024128513	-0.166932750547	-0.0956913252942	-0.0355248867534	-0.00803773413171	-0.0103412527079	-0.0214409682609	-0.0206455508801	-0.0618347078545	-0.0547102519829	-0.0961240315302	-0.04012219801	-0.0156536529739	-0.0429914675001	-0.0496722669723	0.0569575749879	-0.0751599021745	0.0543112381139	0.0457311618028	0.0691983960241	-0.00492039235533	-0.0143270349014	-0.107153427398
k__Bacteria;p__Bacteroidetes;c__Bacteroidia;o__Bacteroidales;f__Bacteroidaceae;g__Bacteroides;s__Bacteroides_salyersiae	0.059170341325	0.153884798395	-0.0159254225609	0.0508601849405	0.0311209926934	-0.00741899610642	-0.132709621826	-0.0792316026461	-0.0873678641387	-0.00259189492546	0.0694903944908	-0.0242567843273	0.0183051230588	-0.118422727689	-0.0793031100972	-0.0263480342274	0.0225177650242	-0.157004570466	-0.0184001785391	-0.0511253076715	1.0	0.0118502100826	0.02716852071	-0.0538886917011	0.0181569907114	-0.0615337204153	0.185824660148	0.03796710117	0.0695320072672	-0.0188144932908	0.0571378952948	-0.110402139847	0.00760946566875	-0.0154387903828	0.0914335680989	0.152766332648	0.0517024198054	-0.0888207656859	-0.0486609711735	-0.0142501300015	0.0660649781735	0.128537852555	-0.062739046108	-0.0437358278703	0.0982467703331	0.064601296469	0.0443812716615	-0.15403679231	-0.00474481396244	-0.0528062071938	-0.0529775346554	0.034125429615	0.0438564206533	0.123131298037	0.0413328996882	-0.000609957164453	0.071888857156	-0.109670642569	-0.0460840049562
k__Bacteria;p__Firmicutes;c__Clostridia;o__Clostridiales;f__Ruminococcaceae;g__Ruminiclostridium;s__[Eubacterium]_siraeum	0.213060071339	0.0242682273047	-0.0863170227153	-0.059972966584	0.162488818114	-0.0796540353173	0.0304255419165	0.0469363763394	0.143784369463	0.110590323372	0.188668872973	-0.0230896334572	-0.0975006847856	-0.104881884081	-0.0960806718562	0.0323659263986	0.0456199310789	-0.00839966913543	-0.0173360940339	-0.043310070488	0.0118502100826	1.0	-0.136279564716	0.0632687811762	0.0106088743155	0.0267859676075	0.0734752707347	0.071864874574	-0.0708153723307	-0.0878056030943	-0.0359944738061	-0.0582867919104	-0.000219986630772	0.0148562177128	0.170391670093	0.0153725289011	-0.0812925496495	-0.0197622354117	-0.104691472189	-0.0672268780705	-0.020502741384	-0.0110689252292	-0.0296167998975	-0.0310401887306	0.0457485766035	0.0975625954227	0.0746898484873	0.0634034053765	-0.108165282894	-0.0940546424139	0.0336124376783	-0.0616674338834	-0.167599963663	-0.116481721529	0.0395548638236	-0.0807907382066	0.0416247099449	0.0214243730044	-0.0279669015344
k__Bacteria;p__Proteobacteria;c__Betaproteobacteria;o__Burkholderiales;f__Sutterellaceae;g__Parasutterella;s__Parasutterella_excrementihominis	0.0206991888371	-0.075849583354	-0.100143306503	0.11645010742	-0.0975685030427	-0.0973667710509	0.105146301164	-0.100826194124	-0.0276892854456	0.0448591854311	0.151728232335	-0.0276580690214	-0.0491279158162	-0.0104952148095	0.0419877328552	0.0233620461241	0.11440483116	-0.113913942532	0.0593480015852	-0.00381770776201	0.02716852071	-0.136279564716	1.0	-0.157285227961	0.0644420953397	0.00886006761865	-0.0570007926951	0.0107711208042	0.0294146698641	0.148321295821	-0.0778949339219	-0.0861403429951	-0.0691014979622	-0.123457676412	0.0652584375549	0.185433991036	-0.089717238439	0.0358258717342	-0.0362499700088	0.0200632363806	0.0208073070146	-0.0933866264873	0.0308380098213	0.0747673830669	-0.0665656902561	-0.0272482192061	0.0671948526271	0.0114267219606	-0.0226209543591	0.0273272815041	-0.0777173855763	0.0239063812902	-0.0115995213254	-0.00778331771661	0.030175888448	-0.0692723281119	0.0634871387498	-0.160038380865	0.00848619561709
k__Bacteria;p__Actinobacteria;c__Actinobacteria;o__Bifidobacteriales;f__Bifidobacteriaceae;g__Bifidobacterium;s__Bifidobacterium_adolescentis	-0.000537560335372	-0.0810769490444	0.0611186543934	0.0154611904242	0.00609595055974	-0.0362659700239	0.0773227867975	0.0327715723779	-0.137320224779	0.0422195479698	0.116275358877	0.130528301559	-0.186835468871	-0.0724835893414	0.0132913584904	-0.041781539238	-0.212494413215	0.0144838390358	-0.0276006597717	-0.0268540770432	-0.0538886917011	0.0632687811762	-0.157285227961	1.0	0.00608921826156	-0.0298454839565	-0.0816269290831	0.0383725312642	-0.0481313754407	-0.0704977745446	0.0294790070545	0.0595225581422	-0.0636182533376	-0.0243765897216	-0.0305814747214	-0.120497942464	-0.00327087550718	0.0166861851902	0.0884388342711	-0.0596718105683	0.0588928632302	0.113105650557	0.116868248493	-0.115272454921	-0.0301636687972	-0.00156243710603	-0.164969918145	-0.0650647153023	-0.0537821257241	0.15146613793	-0.0229738072802	-0.0013651493681	-0.0922595270665	0.011528362231	-0.0318313342021	0.0799906216564	0.0137588104321	0.0832696238401	-0.0117954219243
k__Bacteria;p__Firmicutes;c__Clostridia;o__Clostridiales;f__Oscillospiraceae;g__Oscillibacter;s__Oscillibacter_sp._KLE_1745	0.014529652208	0.00606594370226	0.0902366100201	0.00779780838768	-0.00995458884076	-0.0964510408645	0.029054806573	-0.0246811727412	0.0527526811664	-0.0704873646606	0.112261683305	-0.0679552287995	-0.0131265159296	0.218459015481	-0.0396500678226	-0.084995762641	0.0914906196917	0.127048516398	-0.112196688254	-0.036927269534	0.0181569907114	0.0106088743155	0.0644420953397	0.00608921826156	1.0	-0.0848248015637	-0.0276305759228	-0.080945937838	-0.0569567334311	0.125943827284	0.0754151169509	-0.0284290162918	0.0292982033541	-0.00596472585378	0.0221556134275	0.0260727049962	-0.0233517043647	-0.218545023941	0.0508518551549	-0.0874369166742	0.0209575403687	-0.0525188724481	0.00481219233264	0.179160081151	-0.000279825172784	0.0113532723239	0.0751772185657	0.00112167128072	0.106272338388	0.0661997928774	0.0346747581866	-0.227325404993	-0.154782447858	0.0424961420289	-0.248159353922	0.0449710107858	-0.104673679501	-0.0236699447095	0.0408153876929
k__Bacteria;p__Bacteroidetes;c__Bacteroidia;o__Bacteroidales;f__Bacteroidaceae;g__Bacteroides;s__Bacteroides_coprophilus	-0.0736643790502	0.0989406915462	-0.132278707921	0.0426988070955	-0.0479813433906	-0.05714828557	0.0928576244491	0.0201361654749	-0.174248802638	-0.0677802881935	0.115743052257	-0.0534198111739	-0.0926721919335	-0.0723245115986	-0.0706772715242	0.0708804322205	0.122613820046	-0.0579984674411	0.0395029866451	-0.00649701483512	-0.0615337204153	0.0267859676075	0.00886006761865	-0.0298454839565	-0.0848248015637	1.0	0.0562570708327	-0.0253257600212	-0.00695212723759	0.0277966237447	0.0407615638889	0.109722277626	-0.0592017443498	0.172831196095	0.0512930927899	0.00212301941378	-0.0403594651213	-0.0394053403244	0.0406328687464	-0.0545095873549	0.0273641294063	-0.0766624305804	0.0511473914996	0.0324110537043	0.0608002229529	0.0487088161321	-0.0355630762173	-0.00782308775406	0.126871939047	0.0917583094093	0.0292112593836	-0.0258917474516	-0.0690052497932	-0.0895010021353	0.149135802368	0.103657412343	0.00697955915687	0.0849162340336	-0.0920006339738
k__Bacteria;p__Firmicutes;c__Clostridia;o__Clostridiales;f__Lachnospiraceae;g__Roseburia;s__Roseburia_intestinalis	-0.183678454797	0.252813113813	-0.0154207729437	-0.0281552139219	0.0174530948464	0.0798016328722	0.0198173975509	-0.0575446171314	0.014347028518	0.0412618629807	0.0130536938314	-0.0360117135111	0.111203647492	-0.0251711647287	0.0486906709326	-0.025461763739	0.0765406263378	-0.150688103194	0.044678325685	-0.00260368878255	0.185824660148	0.0734752707347	-0.0570007926951	-0.0816269290831	-0.0276305759228	0.0562570708327	1.0	0.0872980475585	0.00517882033422	-0.138464018356	0.0343856768256	-0.0680535192875	-0.0681276601106	0.0685928040067	-0.0163101277729	0.0213709895178	-0.0196902464653	-0.089821479313	-0.0205863481038	-0.154594633211	-0.0463256597265	0.0248567980609	-0.0839785923059	0.0696324357298	-0.124893995809	-0.134997295726	-0.0161872155782	-0.0725704012633	-0.0296476744528	0.0283656603811	0.0708460002408	-0.092595302813	-0.0833350795209	0.0282933218953	0.0133334557007	-0.00994371929051	0.00226450502737	-0.0507231965666	-0.0991936354355
k__Bacteria;p__Firmicutes;c__Clostridia;o__Clostridiales;f__Lachnospiraceae;g__Roseburia;s__Roseburia_hominis	0.00838130633368	-0.073811221206	-0.0236010746629	-0.11817476317	-0.133107506482	0.0640744260688	0.0802724942949	0.00567925382509	-0.0778385796281	-0.0106311647486	-0.0705510386516	-0.185920068387	0.0328958548549	0.0699823834899	-0.0137971635049	0.0550216095085	0.131889740985	0.0302985303942	0.0078449138292	-0.0742631776839	0.03796710117	0.071864874574	0.0107711208042	0.0383725312642	-0.080945937838	-0.0253257600212	0.0872980475585	1.0	0.0900308570511	-0.0185861717562	-0.10096719406	-0.10890459226	-0.171397751445	-0.0353333380325	0.0105635477003	-0.0261608248902	-0.0528796918785	0.0275127559854	-0.104555372285	-0.00133036504239	-0.0665753109798	0.0262670593035	-0.00247980166096	0.0131483971903	-0.107236862404	0.0127292915909	0.0699682970443	-0.013334777061	0.0079842875325	0.0591289023393	0.114412120809	0.12855683137	0.0739493315827	-0.0288742910323	0.104764020128	-0.0197948693098	-0.0700242341934	-0.0194754612158	0.0146845137528
k__Bacteria;p__Bacteroidetes;c__Bacteroidia;o__Bacteroidales;f__Porphyromonadaceae;g__Parabacteroides;s__Parabacteroides_johnsonii	-0.0137989967143	-0.00442751005704	0.0596003934902	-0.0500614865635	-0.0353568659394	-0.00841598981367	-0.060390823518	0.051189215786	-0.085112034274	0.0645448133437	0.015498702644	-0.125789520208	-0.0018356631451	0.0657102942374	0.122613060278	-0.0480383169344	-0.0387838121696	-0.0444798941247	-0.0981922297125	0.0896456108091	0.0695320072672	-0.0708153723307	0.0294146698641	-0.0481313754407	-0.0569567334311	-0.00695212723759	0.00517882033422	0.0900308570511	1.0	-0.0802412299027	-0.105706550372	-0.0346611604813	0.142688316172	0.012985487327	0.0571752652994	-0.169335331594	-0.0301027194247	0.0299161145481	-0.0777669107974	0.0583231675495	0.0635997549333	-0.15415001797	0.0492419915711	-0.00274538420748	0.0249391558011	-0.054932032211	-0.0329665886717	0.0344711550171	0.0292925380774	0.026651511329	0.022744335127	-0.0648009628957	0.0649941511349	-0.101971712095	0.0446570261977	0.00898170174603	0.0426127802635	-0.0102826067584	-0.0441787581382
k__Bacteria;p__Actinobacteria;c__Actinobacteria;o__Bifidobacteriales;f__Bifidobacteriaceae;g__Bifidobacterium;s__Bifidobacterium_longum	0.123222078085	0.115253998898	0.045586351893	0.0584590448101	-0.0651397097199	0.0639476119617	0.0652140139722	-0.118219922719	0.00529574622057	0.0836825473555	0.0362592487738	0.0680119543935	-0.038161404231	0.0015819307259	-0.0496704814284	-0.0558309374786	-0.0695979263337	-0.053901927216	0.0966506641039	0.0521697131832	-0.0188144932908	-0.0878056030943	0.148321295821	-0.0704977745446	0.125943827284	0.0277966237447	-0.138464018356	-0.0185861717562	-0.0802412299027	1.0	-0.0136741211398	-0.0112830105043	-0.0448366989306	0.0732144669651	0.0530931800101	-0.158061534056	-0.0632937257843	0.0197681284318	-0.0229363225318	-0.168649471218	-0.141421196496	-0.0231562555336	-0.0131749004236	-0.0251765295977	0.0297771081192	-0.00511267112774	-0.0855684346118	0.0449679302217	0.0124586383432	0.0737458891673	0.133748694531	-0.0381689293802	-0.0583227842133	-0.0821878628339	-0.10111645893	0.0959602556518	-0.0795265945842	0.0483742888954	-0.0501950562995
