#taxonomy	k__Bacteria;p__Bacteroidetes;c__Bacteroidia;o__Bacteroidales;f__Bacteroidaceae;g__Bacteroides;s__Bacteroides_vulgatus	k__Bacteria;p__Bacteroidetes;c__Bacteroidia;o__Bacteroidales;f__Bacteroidaceae;g__Bacteroides;s__Bacteroides_uniformis	k__Bacteria;p__Bacteroidetes;c__Bacteroidia;o__Bacteroidales;f__Rikenellaceae;g__Alistipes;s__Alistipes_putredinis	k__Bacteria;p__Bacteroidetes;c__Bacteroidia;o__Bacteroidales;f__Prevotellaceae;g__Prevotella;s__Prevotella_copri	k__Bacteria;p__Bacteroidetes;c__Bacteroidia;o__Bacteroidales;f__Bacteroidaceae;g__Bacteroides;s__Bacteroides_stercoris	k__Bacteria;p__Bacteroidetes;c__Bacteroidia;o__Bacteroidales;f__Bacteroidaceae;g__Bacteroides;s__Bacteroides_ovatus	k__Bacteria;p__Bacteroidetes;c__Bacteroidia;o__Bacteroidales;f__Rikenellaceae;g__Alistipes;s__Alistipes_shahii	k__Bacteria;p__Firmicutes;c__Clostridia;o__Clostridiales;f__Ruminococcaceae;g__Faecalibacterium;s__Faecalibacterium_prausnitzii	k__Bacteria;p__Bacteroidetes;c__Bacteroidia;o__Bacteroidales;f__Rikenellaceae;g__Alistipes;s__Alistipes_finegoldii	k__Bacteria;p__Bacteroidetes;c__Bacteroidia;o__Bacteroidales;f__Porphyromonadaceae;g__Parabacteroides;s__Parabacteroides_distasonis	k__Bacteria;p__Bacteroidetes;c__Bacteroidia;o__Bacteroidales;f__Bacteroidaceae;g__Bacteroides;s__Bacteroides_thetaiotaomicron	k__Bacteria;p__Bacteroidetes;c__Bacteroidia;o__Bacteroidales;f__Bacteroidaceae;g__Bacteroides;s__Bacteroides_coprocola	k__Bacteria;p__Bacteroidetes;c__Bacteroidia;o__Bacteroidales;f__Bacteroidaceae;g__Bacteroides;s__Bacteroides_cellulosilyticus	k__Bacteria;p__Bacteroidetes;c__Bacteroidia;o__Bacteroidales;f__Rikenellaceae;g__Alistipes;s__Alistipes_obesi	k__Bacteria;p__Firmicutes;c__Clostridia;o__Clostridiales;f__Lachnospiraceae;g__;s__[Eubacterium]_rectale	k__Bacteria;p__Bacteroidetes;c__Bacteroidia;o__Bacteroidales;f__Bacteroidaceae;g__Bacteroides;s__Bacteroides_plebeius	k__Bacteria;p__Bacteroidetes;c__Bacteroidia;o__Bacteroidales;f__Bacteroidaceae;g__Bacteroides;s__Bacteroides_fragilis	k__Bacteria;p__Proteobacteria;c__Betaproteobacteria;o__Burkholderiales;f__Sutterellaceae;g__Sutterella;s__Sutterella_wadsworthensis	k__Bacteria;p__Bacteroidetes;c__Bacteroidia;o__Bacteroidales;f__Porphyromonadaceae;g__Barnesiella;s__Barnesiella_intestinihominis	k__Bacteria;p__Bacteroidetes;c__Bacteroidia;o__Bacteroidales;f__Odoribacteraceae;g__Odoribacter;s__Odoribacter_splanchnicus	k__Bacteria;p__Bacteroidetes;c__Bacteroidia;o__Bacteroidales;f__Bacteroidaceae;g__Bacteroides;s__Bacteroides_salyersiae	k__Bacteria;p__Firmicutes;c__Clostridia;o__Clostridiales;f__Ruminococcaceae;g__Ruminiclostridium;s__[Eubacterium]_siraeum	k__Bacteria;p__Proteobacteria;c__Betaproteobacteria;o__Burkholderiales;f__Sutterellaceae;g__Parasutterella;s__Parasutterella_excrementihominis	k__Bacteria;p__Actinobacteria;c__Actinobacteria;o__Bifidobacteriales;f__Bifidobacteriaceae;g__Bifidobacterium;s__Bifidobacterium_adolescentis	k__Bacteria;p__Firmicutes;c__Clostridia;o__Clostridiales;f__Oscillospiraceae;g__Oscillibacter;s__Oscillibacter_sp._KLE_1745	k__Bacteria;p__Bacteroidetes;c__Bacteroidia;o__Bacteroidales;f__Bacteroidaceae;g__Bacteroides;s__Bacteroides_coprophilus	k__Bacteria;p__Firmicutes;c__Clostridia;o__Clostridiales;f__Lachnospiraceae;g__Roseburia;s__Roseburia_intestinalis	k__Bacteria;p__Firmicutes;c__Clostridia;o__Clostridiales;f__Lachnospiraceae;g__Roseburia;s__Roseburia_hominis	k__Bacteria;p__Bacteroidetes;c__Bacteroidia;o__Bacteroidales;f__Porphyromonadaceae;g__Parabacteroides;s__Parabacteroides_johnsonii	k__Bacteria;p__Actinobacteria;c__Actinobacteria;o__Bifidobacteriales;f__Bifidobacteriaceae;g__Bifidobacterium;s__Bifidobacterium_longum	k__Bacteria;p__Firmicutes;c__Clostridia;o__Clostridiales;f__;g__Flavonifractor;s__Flavonifractor_plautii	k__Bacteria;p__Firmicutes;c__Clostridia;o__Clostridiales;f__Clostridiaceae;g__Clostridium;s__Clostridium_phoceensis	k__Bacteria;p__Verrucomicrobia;c__Verrucomicrobiae;o__Verrucomicrobiales;f__Akkermansiaceae;g__Akkermansia;s__Akkermansia_muciniphila	k__Bacteria;p__Bacteroidetes;c__Bacteroidia;o__Bacteroidales;f__Prevotellaceae;g__Paraprevotella;s__Paraprevotella_xylaniphila	k__Bacteria;p__Firmicutes;c__Clostridia;o__Clostridiales;f__Ruminococcaceae;g__Ruminococcus;s__Ruminococcus_callidus	k__Bacteria;p__Bacteroidetes;c__Bacteroidia;o__Bacteroidales;f__Rikenellaceae;g__Alistipes;s__Alistipes_senegalensis	k__Bacteria;p__Firmicutes;c__Clostridia;o__Clostridiales;f__Lachnospiraceae;g__Blautia;s__Blautia_sp._KLE_1732	k__Bacteria;p__Bacteroidetes;c__Bacteroidia;o__Bacteroidales;f__Bacteroidaceae;g__Bacteroides;s__Bacteroides_oleiciplenus	k__Bacteria;p__Firmicutes;c__Clostridia;o__Clostridiales;f__Ruminococcaceae;g__Ruminococcus;s__Ruminococcus_bicirculans	k__Bacteria;p__Bacteroidetes;c__Bacteroidia;o__Bacteroidales;f__Bacteroidaceae;g__Bacteroides;s__Bacteroides_fluxus	k__Bacteria;p__Bacteroidetes;c__Bacteroidia;o__Bacteroidales;f__Prevotellaceae;g__Prevotella;s__Prevotella_stercorea	k__Bacteria;p__Firmicutes;c__Clostridia;o__Clostridiales;f__Lachnospiraceae;g__Dorea;s__Dorea_longicatena	k__Bacteria;p__Firmicutes;c__Clostridia;o__Clostridiales;f__Eubacteriaceae;g__Eubacterium;s__[Eubacterium]_eligens	k__Bacteria;p__Firmicutes;c__Clostridia;o__Clostridiales;f__Ruminococcaceae;g__;s__Ruminococcaceae_bacterium_D16	k__Bacteria;p__Firmicutes;c__Clostridia;o__Clostridiales;f__Lachnospiraceae;g__Coprococcus;s__Coprococcus_comes	k__Bacteria;p__Proteobacteria;c__Gammaproteobacteria;o__Enterobacterales;f__Enterobacteriaceae;g__Escherichia;s__Escherichia_coli	k__Bacteria;p__Firmicutes;c__Clostridia;o__Clostridiales;f__Ruminococcaceae;g__Anaerotruncus;s__Anaerotruncus_colihominis	k__Bacteria;p__Firmicutes;c__Clostridia;o__Clostridiales;f__Lachnospiraceae;g__Blautia;s__Blautia_obeum	k__Bacteria;p__Bacteroidetes;c__Bacteroidia;o__Bacteroidales;f__Odoribacteraceae;g__Odoribacter;s__Odoribacter_laneus	k__Bacteria;p__Firmicutes;c__Clostridia;o__Clostridiales;f__Ruminococcaceae;g__Ruminiclostridium;s__[Clostridium]_leptum	k__Bacteria;p__Bacteroidetes;c__Bacteroidia;o__Bacteroidales;f__Porphyromonadaceae;g__Parabacteroides;s__Parabacteroides_goldsteinii	k__Bacteria;p__Firmicutes;c__Clostridia;o__Clostridiales;f__Lachnospiraceae;g__Anaerostipes;s__Anaerostipes_hadrus	k__Bacteria;p__Firmicutes;c__Clostridia;o__Clostridiales;f__Ruminococcaceae;g__Ruminococcus;s__Ruminococcus_lactaris	k__Bacteria;p__Firmicutes;c__Clostridia;o__Clostridiales;f__Clostridiaceae;g__Clostridium;s__Clostridium_sp._L2-50	k__Bacteria;p__Firmicutes;c__Clostridia;o__Clostridiales;f__Clostridiaceae;g__Clostridium;s__Clostridium_sp._M62/1	k__Bacteria;p__Firmicutes;c__Clostridia;o__Clostridiales;f__;g__Intestinimonas;s__Intestinimonas_butyriciproducens	k__Bacteria;p__Actinobacteria;c__Actinobacteria;o__Bifidobacteriales;f__Bifidobacteriaceae;g__Bifidobacterium;s__Bifidobacterium_bifidum	k__Bacteria;p__Firmicutes;c__Negativicutes;o__Veillonellales;f__Veillonellaceae;g__Dialister;s__Dialister_invisus	k__Bacteria;p__Bacteroidetes;c__Bacteroidia;o__Bacteroidales;f__Bacteroidaceae;g__Bacteroides;s__Bacteroides_salanitronis
k__Bacteria;p__Bacteroidetes;c__Bacteroidia;o__Bacteroidales;f__Bacteroidaceae;g__Bacteroides;s__Bacteroides_vulgatus	1.0	-0.0547560111386	-0.1643630399	-0.165927969445	0.0860546815699	0.0994545151088	0.0218898713258	0.0678918418679	-0.0944074400589	-0.105106837135	-0.024955218103	-0.0682252914671	0.116671038844	-0.0873477698314	0.0629598843868	0.0106227801016	0.125713455037	-0.00915173840144	-0.147436385077	0.013730129487	-0.102529110605	-0.117258136742	-0.0184354165981	-0.00849398257041	-0.0641393426147	-0.0606888804063	0.0737338410969	0.0627303795967	0.053436569604	-0.120742869151	-0.00988136041718	0.0623826397721	-0.0191694321903	-0.0267100504769	-0.077414394276	-0.0448102884116	-0.0132431885056	-0.103776843043	0.120519093432	0.0728330986903	-0.00629396074798	0.0403068498702	0.0308049966483	0.0231083467071	-0.0319806307487	-0.0820152140075	-0.095745023556	-0.111054091513	0.0977687597993	-0.0931349282414	-0.0789910915472	-0.0516709362533	-0.00120148399921	0.0290031430008	-0.0608833507433	-0.0466496030827	-0.0499606382408	0.0845269546674	-0.0580190311454
k__Bacteria;p__Bacteroidetes;c__Bacteroidia;o__Bacteroidales;f__Bacteroidaceae;g__Bacteroides;s__Bacteroides_uniformis	-0.0547560111386	1.0	0.0483356379757	-0.0886832711056	0.196583978527	0.149950163063	-0.0517813456461	0.0906474596746	-0.0124947995019	0.0428637924253	-0.115466334497	-0.0454260294834	0.0512583257633	0.0224425762594	-0.104512236776	-0.0616087032873	0.0850946025145	-0.0192235146098	0.0494778960086	-0.0046738900247	0.10068893466	0.164527276298	0.100327868873	0.0546044823465	0.0117857782782	0.0682869991744	-0.00918002085574	0.0441490494318	-0.128348631182	0.135029279485	0.0262237421082	0.114028597902	-0.0155327074318	-0.0828564703748	0.0684904005748	-0.0261855545429	-0.0598100909382	0.021529240703	-0.042139202003	0.0138124755945	0.0309055937025	-0.0670695246476	-0.0637758548511	-0.0409725763958	-0.094315143662	0.117119940829	-0.116666673656	0.0252500560537	0.260107211443	0.0795413680901	-0.0991295458376	-0.177146730688	-0.0688327900553	-0.0320675584846	0.016934623409	-0.0618340518313	-0.0463254431063	-0.0641583321737	-0.0684434571929
k__Bacteria;p__Bacteroidetes;c__Bacteroidia;o__Bacteroidales;f__Rikenellaceae;g__Alistipes;s__Alistipes_putredinis	-0.1643630399	0.0483356379757	1.0	-0.0961953777724	-0.0629716407892	-0.110454655501	-0.115105416042	-0.0694201612728	0.0713478946373	-0.0532279952223	0.0270642229523	-0.0704873897176	-0.0968191826624	0.205463762981	-0.116404175347	0.0216207961074	0.00279723374252	0.178065644767	-0.0944497337271	0.0862033658902	-0.0608847886234	-0.0682905006183	-0.182953422056	0.0117536460326	-0.111152959841	-0.0454813360572	-0.0411710019976	-0.0630540844942	0.10330947607	-0.0508421714254	0.128378153998	0.0730918280062	-0.0691298961174	-0.0135465519824	0.00464685728362	0.0856034168266	-0.0687513062269	0.00955422737152	-0.0885798282225	-0.0176023737388	-0.0470374212665	0.0975394929798	0.0307896254388	0.049631228367	0.0476527087636	0.150148377115	0.038285760596	-0.0625800035636	-0.140083100543	0.144631372177	0.016878295753	-0.0383155150866	0.0915077637671	-0.0899417307155	-0.0225735425464	0.0488346461188	0.0373170647641	0.0956339251407	-0.0379040614184
k__Bacteria;p__Bacteroidetes;c__Bacteroidia;o__Bacteroidales;f__Prevotellaceae;g__Prevotella;s__Prevotella_copri	-0.165927969445	-0.0886832711056	-0.0961953777724	1.0	0.0802421378659	-0.0285607712242	-0.0355181991966	0.231133958691	-0.0232314253945	-0.034824276012	-0.0983139880099	-0.0457558553902	0.180840330611	0.0108865621389	-0.144357715655	-0.0439937309232	-0.00173724381436	-0.0768998155846	-0.00872296661236	-0.0345761021473	-0.120481715458	-0.0374099189188	0.126566780554	-0.197937706219	-0.086380173107	-0.0190940883047	-0.106489707262	0.0717689953414	0.0326234111006	0.00644336677065	-0.0508285251101	-0.0127185631217	-0.0512445772708	0.0597307063928	0.0837094775063	0.0493089249472	-0.0386558456261	-0.0115733572331	-0.0201853334182	-0.0327696566902	-0.0531735069339	-0.0481565746156	-0.0813732461065	0.0973079408637	0.00565186922097	-0.0893924689968	0.0436354049681	0.0276218174477	0.0374403621921	0.0606364612017	-0.00713991214422	-0.0175961304587	-0.0376711543617	0.205643854605	0.0541515909285	0.119239916169	-0.120332388735	-0.0307130345488	-0.0511972013174
k__Bacteria;p__Bacteroidetes;c__Bacteroidia;o__Bacteroidales;f__Bacteroidaceae;g__Bacteroides;s__Bacteroides_stercoris	0.0860546815699	0.196583978527	-0.0629716407892	0.0802421378659	1.0	-0.0440049819712	-0.0593962622026	0.160157885934	0.0673870009178	0.0567437705037	-0.0437417948307	-0.137953642728	0.125905149546	-0.0758517850898	0.0289561731631	0.0252621057318	-0.0659909454658	0.00156248914063	0.140184754023	0.101460087259	-0.0475872077476	0.0811276663749	0.124118382361	0.00569389992237	-0.129713400355	0.181338864399	0.0514399338938	-0.0222830567122	-0.251334709568	-0.0349514173168	0.103435879522	0.112570540842	-0.0675887386879	0.00774893728283	0.0830592468554	0.0167972095622	-0.0296966212196	0.150242086797	-0.0625072616477	-0.147489883192	0.070472531309	-0.173389957516	-0.199707535602	-0.0613533204314	-0.123834590991	-0.0899805445679	0.0676692014778	-0.0389754244561	-0.0401609328781	-0.0174137265798	-0.16648858408	0.0559180376339	-0.0338115426503	-0.0320261515799	-0.128244055352	-0.123906645469	-0.152334103012	0.0907355482589	-0.0918814090675
k__Bacteria;p__Bacteroidetes;c__Bacteroidia;o__Bacteroidales;f__Bacteroidaceae;g__Bacteroides;s__Bacteroides_ovatus	0.0994545151088	0.149950163063	-0.110454655501	-0.0285607712242	-0.0440049819712	1.0	-0.0899399137007	0.0281692298593	-0.0194372955358	-0.0344510210709	0.129784324221	0.0935309803202	0.0373086258486	-0.0953911101682	0.0741283781727	-0.0460977052373	-0.0762813976584	0.0662165135763	-0.0986001485802	0.0698000159352	-0.171900187716	-0.0872356622685	0.0698741449301	0.0781967737844	0.0887798737642	0.104445237075	-0.12532968742	-0.118373429437	-0.0591425380502	0.000424054067091	-0.121150793606	0.000702288369738	0.0257595076217	0.00461955373155	-0.0720223064295	0.142239159403	-0.105424232616	-0.0909447394272	0.175752061	0.086257474256	0.0985212725386	-0.0475377440515	-0.0163996545199	0.0822720149784	0.199117253041	-0.0505684794352	-0.0209281523049	0.0301915805532	0.0750367527617	0.0143354355628	0.0661302363557	0.143213720325	-0.0662083536668	-0.0970036713449	-0.0693919932812	0.00170257247153	-0.0215018389998	-0.0749784219648	0.0109298919105
k__Bacteria;p__Bacteroidetes;c__Bacteroidia;o__Bacteroidales;f__Rikenellaceae;g__Alistipes;s__Alistipes_shahii	0.0218898713258	-0.0517813456461	-0.115105416042	-0.0355181991966	-0.0593962622026	-0.0899399137007	1.0	-0.0336652953355	0.00241609961202	0.020626654411	-0.0166368837113	0.0102790276073	-0.0202302778858	-0.0241628504439	0.0685268419893	-0.039914447198	-0.00512332756671	-0.0330300683635	0.151198242805	-0.13526630911	0.0328535039963	0.0223370845409	-0.0202563942646	0.0396689559998	-0.0728743576989	-0.0120237544363	-0.139345203138	-0.023547401658	0.110604999848	0.134038718603	-0.110834074149	0.0803786710563	0.0513304708112	0.0242834718985	-0.170978848242	-0.0356005280894	0.0338814114884	-0.121881980881	0.0101460717392	4.81301788592e-05	-0.026366919201	-0.0357402566643	0.000767912019654	0.0434394956303	-0.0968952021405	0.0513245521138	0.0874173346868	0.0890349929988	0.0459749668735	-0.193833000284	0.0254313827109	-0.0245814412816	-0.00869976427576	-0.0194639475995	-0.00893347725038	-0.0381058559953	-0.07324770856	0.0466458248597	-0.0334199382066
k__Bacteria;p__Firmicutes;c__Clostridia;o__Clostridiales;f__Ruminococcaceae;g__Faecalibacterium;s__Faecalibacterium_prausnitzii	0.0678918418679	0.0906474596746	-0.0694201612728	0.231133958691	0.160157885934	0.0281692298593	-0.0336652953355	1.0	-0.0109338064975	0.0138798150633	0.0296766645341	-0.0147646856024	-0.0316766098446	-0.100918909006	0.0213053434874	0.0143122538955	-0.190937058093	-0.060930445004	-0.055935187012	-0.0110360787106	-0.073944723479	-0.0489177363495	-0.0150137671057	0.0227324595258	-0.110148137983	0.0252710664681	-0.0366011291881	-0.00341144445044	-0.0158976062314	0.0383881449372	0.0208600699245	-0.0138829019345	0.12723924811	0.047813797911	-0.0595559919917	-0.0549116414587	-0.199917183393	0.00511857298026	0.0766230346438	-0.124864638731	0.0382696936733	0.0794441888346	-0.104152927132	-0.0406848059507	0.00427778699742	-0.25901948706	-0.00797219682465	0.114066691276	-0.0598904541241	-0.0170615901859	-0.062827781239	-0.0572439423445	0.0585545655603	0.0517112667541	-0.141282956028	0.112199394786	0.0561856914295	0.180967932141	0.127021811826
k__Bacteria;p__Bacteroidetes;c__Bacteroidia;o__Bacteroidales;f__Rikenellaceae;g__Alistipes;s__Alistipes_finegoldii	-0.0944074400589	-0.0124947995019	0.0713478946373	-0.0232314253945	0.0673870009178	-0.0194372955358	0.00241609961202	-0.0109338064975	1.0	-0.108241359291	0.0646599759215	-0.020800150952	-0.0854231095419	0.053757518347	0.170286725659	0.139761299951	-0.0198176428186	0.0081191557179	-0.0935335000315	-0.0351263752014	-0.0559541334715	-0.0353105866298	0.0349026747933	-0.0146590898117	0.0268346326202	-0.00206951459309	0.0771475317516	-0.055622920882	-0.0926592584581	0.112217141321	0.00231038161989	0.0111600068621	0.00254742500817	-0.0316828127242	-0.0216202124185	0.131296258578	0.125681671197	0.0923723292452	-0.0885372346623	-0.0678350532952	0.0836803935078	0.0371675100366	-0.0132601457096	-0.144542970829	-0.0683725290611	-0.122148286512	0.000684303713792	-0.0170443448608	-0.0618928106679	-0.0790115924562	-0.0320675766144	0.0765670550584	-0.0041069846028	-0.108501718173	0.050403998924	-0.0582894421941	-0.0628466325866	-0.0985779085762	-0.0812502133243
k__Bacteria;p__Bacteroidetes;c__Bacteroidia;o__Bacteroidales;f__Porphyromonadaceae;g__Parabacteroides;s__Parabacteroides_distasonis	-0.105106837135	0.0428637924253	-0.0532279952223	-0.034824276012	0.0567437705037	-0.0344510210709	0.020626654411	0.0138798150633	-0.108241359291	1.0	-0.0128176746589	-0.0678338419438	0.0484351200082	-0.0292721735002	-0.133892176401	0.102413892009	0.0535633042789	0.0131368667955	0.0119335988433	0.0084934250241	0.045565770367	-0.0163531558131	-0.102639516261	-0.0602926046602	-0.161525990405	0.0206210127227	-0.00888926841204	-0.0889698030784	-0.139933292882	0.05166032108	-0.073029851795	0.0298224983692	-0.0985975076468	-0.0339652469953	0.245285956329	-0.0531237711628	0.00734822646364	0.0828956332318	-0.0654782881278	-0.0854141237274	-0.00500224362074	0.0494767117499	0.0686078514207	0.116355533142	-0.105841026504	0.103154735835	-0.0312231246107	-0.0939503921039	-0.0348513929193	-0.1043102963	-0.0445001557272	0.121361244625	-0.0542820599887	-0.070838892434	-0.0410084371979	-0.0271889306274	0.0265102720584	0.0074980299013	0.0502370990417
k__Bacteria;p__Bacteroidetes;c__Bacteroidia;o__Bacteroidales;f__Bacteroidaceae;g__Bacteroides;s__Bacteroides_thetaiotaomicron	-0.024955218103	-0.115466334497	0.0270642229523	-0.0983139880099	-0.0437417948307	0.129784324221	-0.0166368837113	0.0296766645341	0.0646599759215	-0.0128176746589	1.0	-0.103562009068	-0.152546837024	-0.186556942633	-0.0789445190359	-0.00389035384449	-0.0244955192879	-0.138260974223	-0.153993969797	0.0368989666426	0.0341045799683	-0.033477702409	0.139379147522	0.046261202962	-0.0742815193715	0.119774186034	-0.0774074245618	0.0794956397308	-0.148054006261	-0.0178494813671	0.0811826824822	-0.0219281665306	-0.204008475056	-0.0154711613558	-0.0652352813692	0.0274116070519	-0.0259340034655	0.205709946003	0.00607163084932	0.152763222732	-0.0445055669381	-0.0113342289181	0.0140767283531	-0.0898147078713	-0.0490349283486	0.077300649602	0.0464070950134	-0.12524686675	-0.00200083079491	-0.0621992705414	-0.0601570775214	0.0221996507404	0.0552619029076	-0.0380198898551	-0.0155786066468	0.0366415124649	0.105866929954	0.0810550313699	0.0958152614794
k__Bacteria;p__Bacteroidetes;c__Bacteroidia;o__Bacteroidales;f__Bacteroidaceae;g__Bacteroides;s__Bacteroides_coprocola	-0.0682252914671	-0.0454260294834	-0.0704873897176	-0.0457558553902	-0.137953642728	0.0935309803202	0.0102790276073	-0.0147646856024	-0.020800150952	-0.0678338419438	-0.103562009068	1.0	-0.00383672561523	0.0175315591355	-0.0206050128482	-0.00412488240749	0.151691209239	0.0501817678505	-0.0861289027416	-0.110676170446	-0.171576406136	-0.168678577153	-0.0256492732741	-0.0781282038532	0.126598208996	-0.026043674047	-0.0993414005092	-0.0474936868969	-0.0920959596483	0.0700929635	0.0272931341336	0.0398890843515	0.0194677305936	-0.0453345802427	0.100768239955	0.0665361834734	0.0541456037275	-0.0565041256031	-0.0231724567847	-0.135832459475	0.033474855553	-0.132794706914	0.031835419933	0.0332251251157	0.209083214282	0.00609503172071	-0.0417044952451	-0.0544303886766	-0.102853614859	-0.0560632419102	0.108473452835	0.11198370521	-0.123051651255	0.0804689721739	-0.0257875400776	0.0573697540268	0.0854551717501	0.0750081130682	0.11089717795
k__Bacteria;p__Bacteroidetes;c__Bacteroidia;o__Bacteroidales;f__Bacteroidaceae;g__Bacteroides;s__Bacteroides_cellulosilyticus	0.116671038844	0.0512583257633	-0.0968191826624	0.180840330611	0.125905149546	0.0373086258486	-0.0202302778858	-0.0316766098446	-0.0854231095419	0.0484351200082	-0.152546837024	-0.00383672561523	1.0	-0.0338862113373	0.0482586196376	0.0316959313771	-0.0383078016956	0.0864630400712	0.00385789730635	-0.107766642368	-0.0313540760189	0.234617247085	-0.00895196574799	-0.118019201455	0.0442770999414	0.100610258469	-0.0704159263394	-0.0112530797684	-0.183211320477	0.0821781476884	0.0945250793876	0.0402836264997	0.0761926820284	-0.0470371482358	0.0794458535683	-0.0140087505641	-0.0349558088033	0.0924608802401	0.00960423387056	-0.0785972176718	0.0554821744928	-0.107767880694	0.0253025264539	0.0309360906142	-0.079985849046	-0.0387720372634	-0.0361043904563	0.0156461998719	0.0369040299687	-0.0589576612884	-0.0788501854067	0.0457008007191	0.0675071580282	0.0414574940983	-0.074859673499	-0.111659233654	0.0296677817541	0.0185907970354	-0.079600192909
k__Bacteria;p__Bacteroidetes;c__Bacteroidia;o__Bacteroidales;f__Rikenellaceae;g__Alistipes;s__Alistipes_obesi	-0.0873477698314	0.0224425762594	0.205463762981	0.0108865621389	-0.0758517850898	-0.0953911101682	-0.0241628504439	-0.100918909006	0.053757518347	-0.0292721735002	-0.186556942633	0.0175315591355	-0.0338862113373	1.0	-0.109849779067	0.0209117517071	0.0131188812956	-0.0224060929201	-0.120314433978	0.0733366073618	0.0276016288902	-0.0536036154129	-0.114783742401	-0.0547448599977	-0.0143076084936	0.0603225986063	-0.0731288641418	0.0437324739162	0.0311072269006	0.00321334674582	-0.0255980127044	0.282461606357	0.159342984585	0.128010268889	0.0410662072066	-0.0291062901396	0.0406134527825	0.0842158849562	-0.0578997530963	0.00511027706998	0.0361473864211	-0.0154067022876	-0.0155773542923	0.0784695746677	0.00491060812251	0.0341931559672	-0.00771465371797	0.0155443644183	-0.0429978435294	0.0448399925296	0.112955724585	-0.0782379987326	-0.0766764617395	0.0743233166266	0.0211804916605	-0.0823702781539	0.0430306455483	-0.137681129675	-0.0015788341659
k__Bacteria;p__Firmicutes;c__Clostridia;o__Clostridiales;f__Lachnospiraceae;g__;s__[Eubacterium]_rectale	0.0629598843868	-0.104512236776	-0.116404175347	-0.144357715655	0.0289561731631	0.0741283781727	0.0685268419893	0.0213053434874	0.170286725659	-0.133892176401	-0.0789445190359	-0.0206050128482	0.0482586196376	-0.109849779067	1.0	-0.0150773671922	0.00690258169832	-0.0709410197811	-0.0224617074022	-0.0604769594035	0.0419090495355	-0.020530246332	-0.0127488852032	-0.00434046988808	-0.0563584925274	0.0787099964749	0.13127723959	-0.0415318834965	0.0288790052804	0.145150366788	-0.0304692692089	0.0169310742303	-0.156049431685	0.0224003327943	-0.0436007027899	0.10636115604	0.032302235488	-0.0183911498239	0.197293590901	0.0385338614896	-0.00899727925477	0.0553582586519	0.0430125302951	0.04966715281	0.015038401819	-0.0172543570798	-0.141728425224	0.136600427189	-0.162314088776	-0.0884028893552	0.082627481221	0.0154422983459	-0.0979374922888	-0.115269109464	-0.00908206895025	0.0189445935624	0.135997964696	-0.060170259423	0.042040060119
k__Bacteria;p__Bacteroidetes;c__Bacteroidia;o__Bacteroidales;f__Bacteroidaceae;g__Bacteroides;s__Bacteroides_plebeius	0.0106227801016	-0.0616087032873	0.0216207961074	-0.0439937309232	0.0252621057318	-0.0460977052373	-0.039914447198	0.0143122538955	0.139761299951	0.102413892009	-0.00389035384449	-0.00412488240749	0.0316959313771	0.0209117517071	-0.0150773671922	1.0	-0.0311037941833	0.0584628674815	-0.0541494554055	-0.148087509956	-0.0461587379201	0.0445447446916	0.0266992715285	-0.0630047815764	0.0604257413562	-0.132544148221	0.0517486914395	0.217293725163	-0.0684352202612	-0.0472308153299	-0.125767416596	-0.138364611419	-0.145766697441	0.216664477612	-0.00595448581639	0.0279465960454	-0.276401388644	0.0748947325815	0.105144924482	-0.0196007560237	-0.0228117161961	-0.145425528393	0.0222312796621	-0.181323850353	0.151890564612	-0.156471342068	0.111317036928	0.0644807127794	-0.0936697955969	0.0385030265162	0.00844827151163	-0.0524608783138	0.210290060522	-0.067019837993	0.0388492208193	-0.0749294584573	-0.11629819387	-0.0254864530329	0.0349353180734
k__Bacteria;p__Bacteroidetes;c__Bacteroidia;o__Bacteroidales;f__Bacteroidaceae;g__Bacteroides;s__Bacteroides_fragilis	0.125713455037	0.0850946025145	0.00279723374252	-0.00173724381436	-0.0659909454658	-0.0762813976584	-0.00512332756671	-0.190937058093	-0.0198176428186	0.0535633042789	-0.0244955192879	0.151691209239	-0.0383078016956	0.0131188812956	0.00690258169832	-0.0311037941833	1.0	-0.0191971048294	-0.0404544813394	-0.00337705365759	-0.0548891219837	-0.120678141318	-0.10950443777	0.018634996275	-0.222090727753	-0.0239476165884	-0.0444687047984	0.0822434254697	0.108997098887	-0.0541276657635	0.00848611204142	0.00808881357896	0.0133793880296	0.035572169209	0.172933627615	0.0937472638788	0.13732017078	0.146130873488	-0.0961058822967	-0.000273363342439	0.0321398417191	-0.0797570347134	0.124151991195	0.0905055398493	-0.0422231901599	-0.0744454334545	-0.0191456017898	-0.0670995727394	0.0994595648438	-0.116599082133	-0.0317186792453	-0.129408327447	0.0348401071448	-0.0725517221918	0.0524811503105	-0.112088743507	0.0965530212586	0.103201234252	-0.0187213656799
k__Bacteria;p__Proteobacteria;c__Betaproteobacteria;o__Burkholderiales;f__Sutterellaceae;g__Sutterella;s__Sutterella_wadsworthensis	-0.00915173840144	-0.0192235146098	0.178065644767	-0.0768998155846	0.00156248914063	0.0662165135763	-0.0330300683635	-0.060930445004	0.0081191557179	0.0131368667955	-0.138260974223	0.0501817678505	0.0864630400712	-0.0224060929201	-0.0709410197811	0.0584628674815	-0.0191971048294	1.0	-0.0504199308298	-0.0371966693567	0.00821059605235	-0.0736372771429	-0.00044246273625	0.0813029463789	-0.0580779015908	-0.0381391322286	-0.0477701353657	-0.136632449798	-0.0449711746948	0.102971662128	-0.0510867271772	0.213273167368	-0.0177762772118	-0.0980859107145	-0.139929340261	0.0341807479969	0.0122585610281	-0.133993080622	0.0614211721963	-0.185768433802	0.160045870141	-0.0267209910144	-0.0109502403743	0.232629826366	0.0823518417167	0.0547842202286	-0.0927426450526	-0.0769231336372	0.0224382601659	-0.121184399482	-0.0317126093883	-0.0151145837602	0.0464860614419	-0.0340830115965	-0.077644938958	-0.164419624083	-0.0285641980617	-0.149668435781	0.105797409495
k__Bacteria;p__Bacteroidetes;c__Bacteroidia;o__Bacteroidales;f__Porphyromonadaceae;g__Barnesiella;s__Barnesiella_intestinihominis	-0.147436385077	0.0494778960086	-0.0944497337271	-0.00872296661236	0.140184754023	-0.0986001485802	0.151198242805	-0.055935187012	-0.0935335000315	0.0119335988433	-0.153993969797	-0.0861289027416	0.00385789730635	-0.120314433978	-0.0224617074022	-0.0541494554055	-0.0404544813394	-0.0504199308298	1.0	-0.0459327694333	0.0436145783035	0.052547969955	-0.131118891792	-0.0345715295904	0.0138521863993	-0.0479014441337	-0.16038379612	0.0562307950197	0.117101618454	0.000757736872877	-0.0807959469534	0.0162912040595	-0.142050854552	-0.12417092588	-0.048597779416	0.0192557995421	0.0988057126149	0.000818974286352	0.0401022949078	0.0336590095215	-0.0141444841065	-0.0786798232708	-0.118950766094	-0.0816084436698	-0.142005010396	0.0674575609122	0.103730252049	0.135690663132	0.0178271691278	0.120700583633	0.0247557215511	0.0908548380867	-0.0440500435046	-0.103313051488	0.0783666403093	-0.0223874587479	-0.129641891757	0.068025108225	0.0740899739551
k__Bacteria;p__Bacteroidetes;c__Bacteroidia;o__Bacteroidales;f__Odoribacteraceae;g__Odoribacter;s__Odoribacter_splanchnicus	0.013730129487	-0.0046738900247	0.0862033658902	-0.0345761021473	0.101460087259	0.0698000159352	-0.13526630911	-0.0110360787106	-0.0351263752014	0.0084934250241	0.0368989666426	-0.110676170446	-0.107766642368	0.0733366073618	-0.0604769594035	-0.148087509956	-0.00337705365759	-0.0371966693567	-0.0459327694333	1.0	0.076551506073	0.109815115563	0.0738916851598	-0.0946765366289	0.100021981643	-0.213672573248	-0.0996401215329	-0.0570825892413	0.00472419965315	0.0868605196378	-0.0543457503307	0.032400620781	0.15900877277	0.0424224241664	0.0446521292797	0.0684800842401	-0.0297762684862	-0.00350637801088	0.128515579468	0.14169102038	-0.149333744276	0.0348157377517	0.0853533958878	0.107665910706	-0.179048869463	0.0704680359809	-0.0351383141888	0.037502390727	-0.019802392942	-0.000742618996785	-0.0519784987554	0.0298602620914	0.0730546159055	-0.0322350114445	-0.0953399206361	-0.113166266596	-0.0495114471245	-0.140606910935	-0.0534266088203
k__Bacteria;p__Bacteroidetes;c__Bacteroidia;o__Bacteroidales;f__Bacteroidaceae;g__Bacteroides;s__Bacteroides_salyersiae	-0.102529110605	0.10068893466	-0.0608847886234	-0.120481715458	-0.0475872077476	-0.171900187716	0.0328535039963	-0.073944723479	-0.0559541334715	0.045565770367	0.0341045799683	-0.171576406136	-0.0313540760189	0.0276016288902	0.0419090495355	-0.0461587379201	-0.0548891219837	0.00821059605235	0.0436145783035	0.076551506073	1.0	0.208844930556	-0.201548312118	0.0312962829607	0.0740391896912	0.0546788543992	0.00461074307445	0.067952325262	-0.0399620181801	0.100106453931	0.0775139781071	0.0803371600345	-0.20220988624	-0.021152287329	-0.0807570639278	-0.0448835994454	-0.0633692898108	-0.0985596345327	-0.0291664499054	0.0887197320038	0.169804905954	0.0396601940669	-0.128469144136	-0.0373116852275	-0.101150342231	-0.00146885478126	-0.126593020285	-0.0540036970296	0.0562287538865	0.150885798676	-0.0201076389763	-0.142932510261	0.0135993090881	0.0425205912994	-0.0759552021435	-0.00297415818178	-0.0604355148915	0.129616990495	0.00612891484105
k__Bacteria;p__Firmicutes;c__Clostridia;o__Clostridiales;f__Ruminococcaceae;g__Ruminiclostridium;s__[Eubacterium]_siraeum	-0.117258136742	0.164527276298	-0.0682905006183	-0.0374099189188	0.0811276663749	-0.0872356622685	0.0223370845409	-0.0489177363495	-0.0353105866298	-0.0163531558131	-0.033477702409	-0.168678577153	0.234617247085	-0.0536036154129	-0.020530246332	0.0445447446916	-0.120678141318	-0.0736372771429	0.052547969955	0.109815115563	0.208844930556	1.0	0.0156626140327	-0.0744097144945	0.0784515075313	0.0225179904966	0.0878181046932	-0.0918408600005	0.0922681221503	-0.0207026208359	0.0605577937682	-0.0887866613659	-0.0975625513943	-0.0766220548246	0.0874303734806	-0.0815182231419	0.0935090396183	0.0920569229474	-0.04822839072	0.00172758903354	0.082425296285	-0.0287189642599	0.0282488439956	0.00826326257704	-0.0232177423203	-0.183428221104	0.00144416173155	0.0188720914218	-0.103861728765	-0.00519510575469	-0.0935433967971	0.053990601144	-0.0409402043094	0.0367084651782	0.0777303160406	-0.00816595858242	-0.155763274464	-0.123728756383	-0.0797600391506
k__Bacteria;p__Proteobacteria;c__Betaproteobacteria;o__Burkholderiales;f__Sutterellaceae;g__Parasutterella;s__Parasutterella_excrementihominis	-0.0184354165981	0.100327868873	-0.182953422056	0.126566780554	0.124118382361	0.0698741449301	-0.0202563942646	-0.0150137671057	0.0349026747933	-0.102639516261	0.139379147522	-0.0256492732741	-0.00895196574799	-0.114783742401	-0.0127488852032	0.0266992715285	-0.10950443777	-0.000442462736251	-0.131118891792	0.0738916851598	-0.201548312118	0.0156626140327	1.0	0.18116484187	0.0208203971188	0.021370291099	0.0728803976869	0.121405953213	-0.0708909959568	-0.115246077395	0.00423383329984	-0.0872942321153	-0.0351354234526	-0.0708560368448	-0.0775378380688	-0.0104670544048	-0.073261820417	-0.155685379636	-0.0950972000689	0.169497392756	-0.0684490774185	0.0707311377916	0.0097311190955	-0.0450958639832	-0.0712233962143	-0.0272877810707	0.0900759230879	0.0961998474782	0.0353417655412	-0.0504685706754	-0.071739643904	0.0720317896832	-0.00429713264652	0.0772624740471	-0.0956981521532	0.159852424235	-0.0843740048935	0.190896412279	-0.0282039755624
k__Bacteria;p__Actinobacteria;c__Actinobacteria;o__Bifidobacteriales;f__Bifidobacteriaceae;g__Bifidobacterium;s__Bifidobacterium_adolescentis	-0.00849398257041	0.0546044823465	0.0117536460326	-0.197937706219	0.00569389992237	0.0781967737844	0.0396689559998	0.0227324595258	-0.0146590898117	-0.0602926046602	0.046261202962	-0.0781282038532	-0.118019201455	-0.0547448599977	-0.00434046988808	-0.0630047815764	0.018634996275	0.0813029463789	-0.0345715295904	-0.0946765366289	0.0312962829607	-0.0744097144945	0.18116484187	1.0	-0.131525332752	0.110100989146	-0.0303193265773	-0.111826113572	-0.0332175695763	0.106758669166	-0.0145029559583	-0.0892717975537	0.0385289753586	0.019575803118	-0.198513337983	0.0776532523743	0.210735214449	0.117440194015	0.145168760824	0.0540548209026	0.0530925711593	0.0532641640191	-0.0487972093843	-0.025786659272	-0.177568061625	-0.102506110593	0.0200678608955	-0.0608632602772	-0.0245390802241	0.0749050005662	-0.0484509985293	-0.213930281123	-0.0604851658454	-0.137555902875	0.191536043865	-0.00228589101147	-0.0325341000775	-0.0889369600642	-0.0870020688101
k__Bacteria;p__Firmicutes;c__Clostridia;o__Clostridiales;f__Oscillospiraceae;g__Oscillibacter;s__Oscillibacter_sp._KLE_1745	-0.0641393426147	0.0117857782782	-0.111152959841	-0.086380173107	-0.129713400355	0.0887798737642	-0.0728743576989	-0.110148137983	0.0268346326202	-0.161525990405	-0.0742815193715	0.126598208996	0.0442770999414	-0.0143076084936	-0.0563584925274	0.0604257413562	-0.222090727753	-0.0580779015908	0.0138521863993	0.100021981643	0.0740391896912	0.0784515075313	0.0208203971188	-0.131525332752	1.0	-0.0988304449056	0.00502648158075	0.0643262332489	0.0629223445181	-0.1251243679	-0.231110370001	-0.0721972468411	-0.0516664747449	0.00977365144107	0.0566523094403	-0.00514987453957	-0.00923356819819	-0.0569257747504	0.125243052294	0.0642400193629	0.135985455796	0.0344390599181	0.248933874976	-0.109072750707	0.067072057996	-0.00560474966227	-0.157383570268	-0.195850952672	0.165026206416	-0.040146824841	0.00130151355946	0.040799625141	-0.0433388959343	-0.00889244808992	-0.169994559053	0.0170161955068	0.0907443597582	-0.0295279896942	0.0603598568755
k__Bacteria;p__Bacteroidetes;c__Bacteroidia;o__Bacteroidales;f__Bacteroidaceae;g__Bacteroides;s__Bacteroides_coprophilus	-0.0606888804063	0.0682869991744	-0.0454813360572	-0.0190940883047	0.181338864399	0.104445237075	-0.0120237544363	0.0252710664681	-0.00206951459309	0.0206210127227	0.119774186034	-0.026043674047	0.100610258469	0.0603225986063	0.0787099964749	-0.132544148221	-0.0239476165884	-0.0381391322286	-0.0479014441337	-0.213672573248	0.0546788543992	0.0225179904966	0.021370291099	0.110100989146	-0.0988304449056	1.0	-0.158706374851	-0.0813013804592	-0.0815582248735	0.00508929590261	-0.0878337190402	-0.0464039962836	-0.17011414973	0.0129240486842	0.116488257685	0.017275822408	0.0132291088601	0.0281697345024	-0.00525646596773	0.00784966901392	0.10526018391	-0.0693902274801	-0.144041744465	-0.00643578559992	-0.134716757011	0.11737032169	-0.157680688502	-0.0148199099163	-0.0159284717474	-0.0281718362619	0.000331049733382	-0.0391685172064	0.0107641629664	-0.00418834799192	-0.00520059148941	0.102471415679	-0.0545690774487	-0.161771261133	-0.10357278036
k__Bacteria;p__Firmicutes;c__Clostridia;o__Clostridiales;f__Lachnospiraceae;g__Roseburia;s__Roseburia_intestinalis	0.0737338410969	-0.00918002085574	-0.0411710019976	-0.106489707262	0.0514399338938	-0.12532968742	-0.139345203138	-0.0366011291881	0.0771475317516	-0.00888926841204	-0.0774074245618	-0.0993414005092	-0.0704159263394	-0.0731288641418	0.13127723959	0.0517486914395	-0.0444687047984	-0.0477701353657	-0.16038379612	-0.0996401215329	0.00461074307445	0.0878181046932	0.0728803976869	-0.0303193265773	0.00502648158075	-0.158706374851	1.0	-0.0966524854265	0.121133573927	0.0185359664997	0.046887619859	-0.0240581496125	-0.125265177584	0.0892653564006	0.0265020132529	-0.00586298413035	0.0312834670848	-0.0783084404372	0.0667023435377	0.10073537868	-0.0632733764054	0.114609679547	-0.0102297007189	-0.108145804236	0.0165272367215	-0.120888935134	-0.0386985248896	-0.12135393212	-0.0805182685651	0.125614313497	-0.0798733202899	-0.179713990443	-0.148179201839	0.0406088956275	0.110111481834	0.0623351537079	-0.0469762928996	0.108849264127	-0.0824612663602
k__Bacteria;p__Firmicutes;c__Clostridia;o__Clostridiales;f__Lachnospiraceae;g__Roseburia;s__Roseburia_hominis	0.0627303795967	0.0441490494318	-0.0630540844942	0.0717689953414	-0.0222830567122	-0.118373429437	-0.023547401658	-0.00341144445044	-0.055622920882	-0.0889698030784	0.0794956397308	-0.0474936868969	-0.0112530797684	0.0437324739162	-0.0415318834965	0.217293725163	0.0822434254697	-0.136632449798	0.0562307950197	-0.0570825892413	0.067952325262	-0.0918408600005	0.121405953213	-0.111826113572	0.0643262332489	-0.0813013804592	-0.0966524854265	1.0	0.0285231547415	-0.189611454934	-0.07878830927	0.131321959458	-0.00923571017591	-0.147860843258	0.0679127160456	0.0202796504936	-0.000576971419185	-0.00721805683386	0.0181000674576	0.0908356508402	0.122799148715	-0.0230625036868	0.0910243864427	-0.0996860406696	0.0422385669427	-0.0239666961316	0.0457996370907	0.0169179244542	0.00148989703209	-0.126047852602	0.107163558824	-0.0122714594695	-0.134220182839	0.104638899476	-0.0428331954568	0.0715031837167	0.116669245579	0.121286311719	0.0443300162362
k__Bacteria;p__Bacteroidetes;c__Bacteroidia;o__Bacteroidales;f__Porphyromonadaceae;g__Parabacteroides;s__Parabacteroides_johnsonii	0.053436569604	-0.128348631182	0.10330947607	0.0326234111006	-0.251334709568	-0.0591425380502	0.110604999848	-0.0158976062314	-0.0926592584581	-0.139933292882	-0.148054006261	-0.0920959596483	-0.183211320477	0.0311072269006	0.0288790052804	-0.0684352202612	0.108997098887	-0.0449711746948	0.117101618454	0.00472419965315	-0.0399620181801	0.0922681221503	-0.0708909959568	-0.0332175695763	0.0629223445181	-0.0815582248735	0.121133573927	0.0285231547415	1.0	-0.134759458096	-0.124288467364	-0.084442449086	0.108133427611	-0.0968705025043	-0.136093181254	-0.0740050936455	0.0196202345028	-0.0870867831665	0.0451612126949	-0.026462112502	-0.0216228723532	0.15650575243	0.0671068123543	0.014196735491	-0.0342708633512	-0.0580737057762	-0.111637995689	0.109585136564	-0.0127562827746	-0.0342355193972	0.0304073736178	-0.011827892462	-0.152045277352	0.136987832861	0.0523991043683	0.0467403384276	-0.0631382121977	0.0253382784407	-0.141418495755
k__Bacteria;p__Actinobacteria;c__Actinobacteria;o__Bifidobacteriales;f__Bifidobacteriaceae;g__Bifidobacterium;s__Bifidobacterium_longum	-0.120742869151	0.135029279485	-0.0508421714254	0.00644336677065	-0.0349514173168	0.000424054067091	0.134038718603	0.0383881449372	0.112217141321	0.05166032108	-0.0178494813671	0.0700929635	0.0821781476884	0.00321334674582	0.145150366788	-0.0472308153299	-0.0541276657635	0.102971662128	0.000757736872877	0.0868605196378	0.100106453931	-0.0207026208359	-0.115246077395	0.106758669166	-0.1251243679	0.00508929590261	0.0185359664997	-0.189611454934	-0.134759458096	1.0	-0.0492195911195	-0.030872255192	0.00106685105216	-0.0606620113642	-0.0117229882347	-0.130314081858	-0.016809911694	-0.10020632696	-0.0210022164138	-0.137775432101	-0.0389440997617	-0.121141136467	0.022102133508	-0.172526682227	-0.101177394959	-0.0532727407641	0.0580274048216	-0.123918742562	-0.104456996144	0.0614680785445	-0.0685076290419	-0.0855926793284	-0.0672991425927	-0.00251408439767	0.158756100108	0.144937650532	-0.0981194044758	0.0305773933133	0.0995734302472
