#taxonomy	k__Bacteria;p__Bacteroidetes;c__Bacteroidia;o__Bacteroidales;f__Bacteroidaceae;g__Bacteroides;s__Bacteroides_vulgatus	k__Bacteria;p__Bacteroidetes;c__Bacteroidia;o__Bacteroidales;f__Bacteroidaceae;g__Bacteroides;s__Bacteroides_uniformis	k__Bacteria;p__Bacteroidetes;c__Bacteroidia;o__Bacteroidales;f__Rikenellaceae;g__Alistipes;s__Alistipes_putredinis	k__Bacteria;p__Bacteroidetes;c__Bacteroidia;o__Bacteroidales;f__Prevotellaceae;g__Prevotella;s__Prevotella_copri	k__Bacteria;p__Bacteroidetes;c__Bacteroidia;o__Bacteroidales;f__Bacteroidaceae;g__Bacteroides;s__Bacteroides_stercoris	k__Bacteria;p__Bacteroidetes;c__Bacteroidia;o__Bacteroidales;f__Bacteroidaceae;g__Bacteroides;s__Bacteroides_ovatus	k__Bacteria;p__Bacteroidetes;c__Bacteroidia;o__Bacteroidales;f__Rikenellaceae;g__Alistipes;s__Alistipes_shahii	k__Bacteria;p__Firmicutes;c__Clostridia;o__Clostridiales;f__Ruminococcaceae;g__Faecalibacterium;s__Faecalibacterium_prausnitzii	k__Bacteria;p__Bacteroidetes;c__Bacteroidia;o__Bacteroidales;f__Rikenellaceae;g__Alistipes;s__Alistipes_finegoldii	k__Bacteria;p__Bacteroidetes;c__Bacteroidia;o__Bacteroidales;f__Porphyromonadaceae;g__Parabacteroides;s__Parabacteroides_distasonis	k__Bacteria;p__Bacteroidetes;c__Bacteroidia;o__Bacteroidales;f__Bacteroidaceae;g__Bacteroides;s__Bacteroides_thetaiotaomicron	k__Bacteria;p__Bacteroidetes;c__Bacteroidia;o__Bacteroidales;f__Bacteroidaceae;g__Bacteroides;s__Bacteroides_coprocola	k__Bacteria;p__Bacteroidetes;c__Bacteroidia;o__Bacteroidales;f__Bacteroidaceae;g__Bacteroides;s__Bacteroides_cellulosilyticus	k__Bacteria;p__Bacteroidetes;c__Bacteroidia;o__Bacteroidales;f__Rikenellaceae;g__Alistipes;s__Alistipes_obesi	k__Bacteria;p__Firmicutes;c__Clostridia;o__Clostridiales;f__Lachnospiraceae;g__;s__[Eubacterium]_rectale	k__Bacteria;p__Bacteroidetes;c__Bacteroidia;o__Bacteroidales;f__Bacteroidaceae;g__Bacteroides;s__Bacteroides_plebeius	k__Bacteria;p__Bacteroidetes;c__Bacteroidia;o__Bacteroidales;f__Bacteroidaceae;g__Bacteroides;s__Bacteroides_fragilis	k__Bacteria;p__Proteobacteria;c__Betaproteobacteria;o__Burkholderiales;f__Sutterellaceae;g__Sutterella;s__Sutterella_wadsworthensis	k__Bacteria;p__Bacteroidetes;c__Bacteroidia;o__Bacteroidales;f__Porphyromonadaceae;g__Barnesiella;s__Barnesiella_intestinihominis	k__Bacteria;p__Bacteroidetes;c__Bacteroidia;o__Bacteroidales;f__Odoribacteraceae;g__Odoribacter;s__Odoribacter_splanchnicus	k__Bacteria;p__Bacteroidetes;c__Bacteroidia;o__Bacteroidales;f__Bacteroidaceae;g__Bacteroides;s__Bacteroides_salyersiae	k__Bacteria;p__Firmicutes;c__Clostridia;o__Clostridiales;f__Ruminococcaceae;g__Ruminiclostridium;s__[Eubacterium]_siraeum	k__Bacteria;p__Proteobacteria;c__Betaproteobacteria;o__Burkholderiales;f__Sutterellaceae;g__Parasutterella;s__Parasutterella_excrementihominis	k__Bacteria;p__Actinobacteria;c__Actinobacteria;o__Bifidobacteriales;f__Bifidobacteriaceae;g__Bifidobacterium;s__Bifidobacterium_adolescentis	k__Bacteria;p__Firmicutes;c__Clostridia;o__Clostridiales;f__Oscillospiraceae;g__Oscillibacter;s__Oscillibacter_sp._KLE_1745	k__Bacteria;p__Bacteroidetes;c__Bacteroidia;o__Bacteroidales;f__Bacteroidaceae;g__Bacteroides;s__Bacteroides_coprophilus	k__Bacteria;p__Firmicutes;c__Clostridia;o__Clostridiales;f__Lachnospiraceae;g__Roseburia;s__Roseburia_intestinalis	k__Bacteria;p__Firmicutes;c__Clostridia;o__Clostridiales;f__Lachnospiraceae;g__Roseburia;s__Roseburia_hominis	k__Bacteria;p__Bacteroidetes;c__Bacteroidia;o__Bacteroidales;f__Porphyromonadaceae;g__Parabacteroides;s__Parabacteroides_johnsonii	k__Bacteria;p__Actinobacteria;c__Actinobacteria;o__Bifidobacteriales;f__Bifidobacteriaceae;g__Bifidobacterium;s__Bifidobacterium_longum	k__Bacteria;p__Firmicutes;c__Clostridia;o__Clostridiales;f__;g__Flavonifractor;s__Flavonifractor_plautii	k__Bacteria;p__Firmicutes;c__Clostridia;o__Clostridiales;f__Clostridiaceae;g__Clostridium;s__Clostridium_phoceensis	k__Bacteria;p__Verrucomicrobia;c__Verrucomicrobiae;o__Verrucomicrobiales;f__Akkermansiaceae;g__Akkermansia;s__Akkermansia_muciniphila	k__Bacteria;p__Bacteroidetes;c__Bacteroidia;o__Bacteroidales;f__Prevotellaceae;g__Paraprevotella;s__Paraprevotella_xylaniphila	k__Bacteria;p__Firmicutes;c__Clostridia;o__Clostridiales;f__Ruminococcaceae;g__Ruminococcus;s__Ruminococcus_callidus	k__Bacteria;p__Bacteroidetes;c__Bacteroidia;o__Bacteroidales;f__Rikenellaceae;g__Alistipes;s__Alistipes_senegalensis	k__Bacteria;p__Firmicutes;c__Clostridia;o__Clostridiales;f__Lachnospiraceae;g__Blautia;s__Blautia_sp._KLE_1732	k__Bacteria;p__Bacteroidetes;c__Bacteroidia;o__Bacteroidales;f__Bacteroidaceae;g__Bacteroides;s__Bacteroides_oleiciplenus	k__Bacteria;p__Firmicutes;c__Clostridia;o__Clostridiales;f__Ruminococcaceae;g__Ruminococcus;s__Ruminococcus_bicirculans	k__Bacteria;p__Bacteroidetes;c__Bacteroidia;o__Bacteroidales;f__Bacteroidaceae;g__Bacteroides;s__Bacteroides_fluxus	k__Bacteria;p__Bacteroidetes;c__Bacteroidia;o__Bacteroidales;f__Prevotellaceae;g__Prevotella;s__Prevotella_stercorea	k__Bacteria;p__Firmicutes;c__Clostridia;o__Clostridiales;f__Lachnospiraceae;g__Dorea;s__Dorea_longicatena	k__Bacteria;p__Firmicutes;c__Clostridia;o__Clostridiales;f__Eubacteriaceae;g__Eubacterium;s__[Eubacterium]_eligens	k__Bacteria;p__Firmicutes;c__Clostridia;o__Clostridiales;f__Ruminococcaceae;g__;s__Ruminococcaceae_bacterium_D16	k__Bacteria;p__Firmicutes;c__Clostridia;o__Clostridiales;f__Lachnospiraceae;g__Coprococcus;s__Coprococcus_comes	k__Bacteria;p__Proteobacteria;c__Gammaproteobacteria;o__Enterobacterales;f__Enterobacteriaceae;g__Escherichia;s__Escherichia_coli	k__Bacteria;p__Firmicutes;c__Clostridia;o__Clostridiales;f__Ruminococcaceae;g__Anaerotruncus;s__Anaerotruncus_colihominis	k__Bacteria;p__Firmicutes;c__Clostridia;o__Clostridiales;f__Lachnospiraceae;g__Blautia;s__Blautia_obeum	k__Bacteria;p__Bacteroidetes;c__Bacteroidia;o__Bacteroidales;f__Odoribacteraceae;g__Odoribacter;s__Odoribacter_laneus	k__Bacteria;p__Firmicutes;c__Clostridia;o__Clostridiales;f__Ruminococcaceae;g__Ruminiclostridium;s__[Clostridium]_leptum	k__Bacteria;p__Bacteroidetes;c__Bacteroidia;o__Bacteroidales;f__Porphyromonadaceae;g__Parabacteroides;s__Parabacteroides_goldsteinii	k__Bacteria;p__Firmicutes;c__Clostridia;o__Clostridiales;f__Lachnospiraceae;g__Anaerostipes;s__Anaerostipes_hadrus	k__Bacteria;p__Firmicutes;c__Clostridia;o__Clostridiales;f__Ruminococcaceae;g__Ruminococcus;s__Ruminococcus_lactaris	k__Bacteria;p__Firmicutes;c__Clostridia;o__Clostridiales;f__Clostridiaceae;g__Clostridium;s__Clostridium_sp._L2-50	k__Bacteria;p__Firmicutes;c__Clostridia;o__Clostridiales;f__Clostridiaceae;g__Clostridium;s__Clostridium_sp._M62/1	k__Bacteria;p__Firmicutes;c__Clostridia;o__Clostridiales;f__;g__Intestinimonas;s__Intestinimonas_butyriciproducens	k__Bacteria;p__Actinobacteria;c__Actinobacteria;o__Bifidobacteriales;f__Bifidobacteriaceae;g__Bifidobacterium;s__Bifidobacterium_bifidum	k__Bacteria;p__Firmicutes;c__Negativicutes;o__Veillonellales;f__Veillonellaceae;g__Dialister;s__Dialister_invisus	k__Bacteria;p__Bacteroidetes;c__Bacteroidia;o__Bacteroidales;f__Bacteroidaceae;g__Bacteroides;s__Bacteroides_salanitronis
k__Bacteria;p__Bacteroidetes;c__Bacteroidia;o__Bacteroidales;f__Bacteroidaceae;g__Bacteroides;s__Bacteroides_vulgatus	1.0	0.0106086675229	-0.0459698622131	0.00469145334975	-0.0269945513188	-0.00765717881803	0.0218413915926	-0.0115394375821	0.0618642363383	0.054360165607	-0.0536353754867	-0.0360038111961	0.0306265191824	-0.0247467041784	0.0108373133378	0.0450004621155	-0.0221115152698	-0.00157465531481	0.000266913009088	-0.0135588677081	0.0720087721562	0.0104779118696	-0.0929235194059	-0.0184158827546	0.0172029034576	-0.0292285719394	-0.0717218344798	0.00093816181529	0.0562475811649	0.0437163895196	-0.0148825723272	-0.0544825929521	0.0130502396094	-0.0073465495745	-0.0481592569619	-0.0124973533416	-0.0711306748844	0.0392814311213	-0.00493117953331	0.0403731174956	-0.0083847055255	-0.00454685776708	-0.0339824541286	-0.0192741417625	0.00524231582949	-0.0723511291752	-0.0369058849353	0.0169355701192	0.0130751540873	0.0620894497599	-0.0700149618181	-0.00908135911931	-0.0155039095533	-0.00747856185521	-0.0787449946062	-0.00239095431485	0.0582017709868	-0.00123483151952	-0.00928023510276
k__Bacteria;p__Bacteroidetes;c__Bacteroidia;o__Bacteroidales;f__Bacteroidaceae;g__Bacteroides;s__Bacteroides_uniformis	0.0106086675229	1.0	0.00947239692483	-0.0310500056722	-0.0244836589031	-0.0204701231288	0.023960160927	0.0345848056351	-0.0141583777326	-0.0398210213035	0.0360795050972	0.00848276098599	0.0109132409792	0.00588865431719	-0.048851437033	-0.0127795383941	-0.0443236872245	0.0633669579869	-0.0648037358009	-0.00559314060103	-0.0461054578004	-0.0248543090808	0.0434364568017	0.0334582499858	0.0143545536516	-0.031742478651	0.0343300507134	-0.00922877705076	0.00736677217088	-0.0166852937138	-0.0108497545868	0.0490880825427	-0.0103373616135	-0.0536613071448	-0.0382156880779	-0.0400986704237	0.057847655546	0.0240959125343	-0.0146500166912	-0.0537787174237	-0.0180751336785	-0.0266413211898	0.00900740087529	-0.0252923138959	-0.032240626862	0.00883525330658	-0.018414644317	-0.0447689746643	0.0337975196628	-0.0697751445506	0.0214103309101	0.0123981762703	-0.00734095196284	0.0380819141168	-0.0396142413127	-0.0131039905991	-0.00297221121	0.0514328110388	-0.045887062489
k__Bacteria;p__Bacteroidetes;c__Bacteroidia;o__Bacteroidales;f__Rikenellaceae;g__Alistipes;s__Alistipes_putredinis	-0.0459698622131	0.00947239692483	1.0	0.0338758682258	0.00995237659792	0.034941605681	-0.0122828229992	-0.0579337252046	0.00481514123774	0.0558020795524	0.0251959361024	-0.0346182950204	0.0300979129235	-0.0609376486838	0.00206560528479	0.00115094375669	0.0857900703495	-0.029079240896	-0.026662273004	-0.052555470782	-0.00264324324984	0.00997731107466	-0.0594443573618	0.013899028079	-0.0532600989408	0.0398149604145	0.00397684126417	0.00836396864733	0.00955338058909	-0.0192642124235	-0.0040069632051	0.00183184675227	0.00446967591986	0.0211107708795	0.0645232384836	-0.0334522307613	0.0271154243728	-0.0292367860741	-0.00356533265849	-0.0196788934307	-0.0419943816097	-0.0413057549615	-0.0478745281137	-0.0185404292207	-0.0391880551429	-0.0032897288544	0.0604863843737	0.0333859997365	-0.0264720254807	-0.0324927126673	-0.074405686664	-0.016474647255	0.015970198747	0.0123660117995	-0.000399253010051	-0.0239298071285	-0.07645680899	-0.072175646782	0.00128785401941
k__Bacteria;p__Bacteroidetes;c__Bacteroidia;o__Bacteroidales;f__Prevotellaceae;g__Prevotella;s__Prevotella_copri	0.00469145334975	-0.0310500056722	0.0338758682258	1.0	0.00910240165789	0.0469002846461	0.0277507912176	-0.00418606421448	-0.0105002040198	-0.009195642041	-0.0385315307352	-0.0848661671298	-0.0320290720091	-0.0484258556795	0.0505569493346	-0.0436534813802	0.0313732629044	0.00515206118058	-0.0546690547515	-0.0467408091674	-0.0261474262902	0.0158433105446	-0.0378381192814	0.0466464188224	-0.0339193011466	0.040687519145	0.0057451427768	-0.0422060689749	0.0173038620315	-0.0526002098865	0.0189919406465	0.0208979887877	-0.0245535276092	-0.0787138849837	0.0291420529764	-0.0218773387334	0.0302860120895	-0.0283363261174	-0.0107709701917	-0.0312225462736	-0.0153219646865	0.0131690244816	0.0285859629081	-0.0141974376963	-0.00664647245125	0.0039305534215	-0.0278811871578	0.0630356130227	0.0145434938956	-0.0830107070537	-0.0271018854503	0.0615875967615	-0.040041529004	-0.0387765755908	0.0329269622343	-0.0214205463438	-0.0506619380516	-0.0245175751151	-0.0334352956844
k__Bacteria;p__Bacteroidetes;c__Bacteroidia;o__Bacteroidales;f__Bacteroidaceae;g__Bacteroides;s__Bacteroides_stercoris	-0.0269945513188	-0.0244836589031	0.00995237659792	0.00910240165789	1.0	-0.0432703478923	0.0166217060158	-0.0510680408924	-0.0254376298059	-0.0752527428911	-0.0269548727895	0.0146029033975	-0.0176542086933	0.0480563900997	-0.00267501251875	0.0217725234275	0.0211188297385	-0.0371461214268	-0.0526611442675	-0.0552073935496	0.0280147221799	0.00909657289354	0.057592674921	-0.0571500131627	-0.022474434134	-0.0305728741609	-0.0250197846871	-0.0054312841286	0.00743768105215	0.0389708810898	-0.0110580441201	-0.00812854850432	-0.0707281147681	-0.0413184712908	-0.0462848750255	-0.0392493514153	0.0211909152734	0.00614843276908	0.00915677484165	0.00014094949726	0.00141246377685	-0.0301107976072	0.00324800630778	0.0459391529567	0.0200628824366	-0.0398856553299	0.056675790609	0.0138361486064	-0.0114900919064	-0.00378630555951	-0.049936783455	-0.0887077509736	0.0137506652626	-0.0259741035566	-0.0699455817807	0.0336705231961	0.0417214950883	-0.0862169713607	-0.00594271665372
k__Bacteria;p__Bacteroidetes;c__Bacteroidia;o__Bacteroidales;f__Bacteroidaceae;g__Bacteroides;s__Bacteroides_ovatus	-0.00765717881803	-0.0204701231288	0.034941605681	0.0469002846461	-0.0432703478923	1.0	-0.00484152956203	0.0246073009624	0.00816274602569	0.0270133129024	0.0137821865257	0.0356493038784	-0.0915195370494	-0.0461675116914	0.0356291092832	-0.0308677828822	0.0542440546434	-0.0230097640073	-0.0333333953912	0.0543956779033	-0.0494081465683	0.0153561425142	0.0212380669995	-0.0816209699304	-0.0832065102449	-0.00239328118663	-0.0025863248981	-0.0306920187978	-0.0461873006514	-0.0304284481808	-0.0117417934254	-0.00441136670403	-0.053783386128	-0.00384586448841	-0.000543646845289	0.00364954815239	-0.0322520408483	0.0431063880755	-0.0561262903486	0.0374105111011	0.0401535429022	-0.0416714619597	-0.0357060187382	-0.0221499221501	0.0139995867558	-0.0381287294001	-0.0138772036838	-0.0227133757284	-0.0354356875955	0.0102910064665	-0.0127114651158	0.0413134821967	-0.0159254842364	0.000497301692909	-0.0523349773257	-0.0597043628607	-0.0200465063963	0.0530686084966	-0.041865761789
k__Bacteria;p__Bacteroidetes;c__Bacteroidia;o__Bacteroidales;f__Rikenellaceae;g__Alistipes;s__Alistipes_shahii	0.0218413915926	0.023960160927	-0.0122828229992	0.0277507912176	0.0166217060158	-0.00484152956203	1.0	-0.0153085858358	-0.00950104127073	-0.0547205247119	-0.00145908656994	-0.03542666744	-0.0184784472912	-0.0371839079133	0.000905727764067	0.0144001178258	0.00850561310951	0.0344044716788	-0.045721738802	-0.0086836351116	0.0149134777835	-0.0230849687789	-0.0123537498547	-0.0246976982459	0.0401125451833	-0.010785141694	-0.0799652427201	-0.0238221283996	0.021718069139	-0.0450578892835	0.0425594893614	0.0213515783557	-0.0292672679962	0.01618376154	-0.0374236080425	-0.0347148151275	-0.0286483447554	0.0124565687163	-0.0230462780589	0.0104523815288	-0.0165980125477	-0.0329941885403	-0.015080659921	0.00343070784719	-0.0406719411149	0.0333942270183	0.0404263487302	0.0070997121994	0.0156146666911	-0.0271083245284	0.0375937765209	-0.0564212718078	-0.0487906015898	-0.0689627561142	-0.0151320020371	-0.036986469501	-0.0457311505075	0.0304185012688	0.080148722946
k__Bacteria;p__Firmicutes;c__Clostridia;o__Clostridiales;f__Ruminococcaceae;g__Faecalibacterium;s__Faecalibacterium_prausnitzii	-0.0115394375821	0.0345848056351	-0.0579337252046	-0.00418606421448	-0.0510680408924	0.0246073009624	-0.0153085858358	1.0	0.0545738740972	0.0270803389776	-0.00763140138464	0.00918000447672	-0.0379785793402	-0.00106101938631	-0.0151838841461	0.0174242756556	-0.067165724189	-0.0362146762881	0.0639078923159	-0.0132373678908	0.0536188485632	-0.00768284469612	0.0666644729538	0.00965641666117	0.0199883064084	0.0295050715055	-0.0120920573066	-0.0316911740031	-0.0600437942845	-0.0066996496371	-0.0541790106892	-0.0403483872292	0.0341260544075	0.0247096390463	-0.0568438915809	0.010448475912	-0.0562950002058	0.00479897931388	-0.00620191069301	-0.0554396382725	-0.0713300107075	-0.0238692620173	-0.00371246799112	0.010909544916	-0.0193704622013	-0.0243175379151	0.00466926862772	-0.0549665329087	-0.0675883317008	-0.0173121345956	0.0460799698804	0.0342314788137	-0.0497385905666	-0.00680499368386	0.0219512493606	0.00706427275509	-0.0722988119627	0.00399761698936	-0.0344043851932
k__Bacteria;p__Bacteroidetes;c__Bacteroidia;o__Bacteroidales;f__Rikenellaceae;g__Alistipes;s__Alistipes_finegoldii	0.0618642363383	-0.0141583777326	0.00481514123774	-0.0105002040198	-0.0254376298059	0.00816274602569	-0.00950104127073	0.0545738740972	1.0	0.0428669622213	-0.0426592087641	-0.0104466778365	-0.00894996591832	0.00367898432162	-0.0314292454443	0.0199032082559	-0.0330224726849	-3.94230695999e-05	0.0491662566714	-0.0443627040725	0.0033202167322	-0.019426056928	-0.0261943734282	-0.044194747482	0.0308965352871	0.0334982112904	-0.0184405535293	-0.0238636780314	-0.0204661429862	0.0011767505287	-0.0571578471277	-0.00675571330197	-0.0175210933107	-0.0149386450209	-0.0558118645263	-0.0221755712974	0.0214105460381	0.093584874621	-0.0364386495584	-0.0154269933849	-0.0179864557156	0.0121308675884	0.0112434483876	0.049742363293	-0.0300617925408	-0.0740331396729	-0.0384473291813	-0.0483571147413	0.0194414557282	-0.0912736935859	0.0134863019339	0.0211171402619	-0.0406834320794	-0.00167835500285	0.0476189257829	-0.024087715457	-0.0578210651651	-0.00471070934348	-0.0585266115738
k__Bacteria;p__Bacteroidetes;c__Bacteroidia;o__Bacteroidales;f__Porphyromonadaceae;g__Parabacteroides;s__Parabacteroides_distasonis	0.054360165607	-0.0398210213035	0.0558020795524	-0.009195642041	-0.0752527428911	0.0270133129024	-0.0547205247119	0.0270803389776	0.0428669622213	1.0	0.0151537802515	-0.0886276923054	0.0211117740855	-0.0651530318111	-0.0194933724727	-0.00701002901281	-0.0546162269048	0.0482738046534	-0.0444111388171	0.0220763888229	-0.065100946834	-0.0684959139485	-0.0335191154393	-0.0132281654792	0.0160762469964	-0.0120656994502	-0.00876376171578	0.0425443010877	-0.0314665948256	0.000213767763065	0.00594006408489	-0.0173271161321	0.0163829518031	-0.0539979607552	0.0188773217699	0.0279392347465	0.0290950088322	0.0371463057883	0.0251216699214	-0.029877523179	0.00297421817355	0.0538646332448	0.0358769307864	-0.0662001864096	-0.0095925264455	-0.000100454065102	-0.0496866360451	-0.026578529774	-0.00101410666293	-0.00892375788966	-0.00608504307578	-0.00440705989412	-0.066447380543	-0.0196188044857	0.00103175421222	0.00896125796578	0.00649885515386	-0.0149442176798	0.00502171467129
k__Bacteria;p__Bacteroidetes;c__Bacteroidia;o__Bacteroidales;f__Bacteroidaceae;g__Bacteroides;s__Bacteroides_thetaiotaomicron	-0.0536353754867	0.0360795050972	0.0251959361024	-0.0385315307352	-0.0269548727895	0.0137821865257	-0.00145908656994	-0.00763140138464	-0.0426592087641	0.0151537802515	1.0	0.022224835035	-0.000158417278534	0.00510795801319	-0.0369380221823	-0.0193676887454	0.026435182708	0.016242154356	-0.0479131461111	0.0216054132492	0.0123540059333	-0.0271379917243	-0.0661096240342	0.0424858558966	-0.0243457069929	0.0288906898642	-0.00538604259421	-0.00213873639296	0.0034490459902	0.014591791721	-0.0334826348317	-0.0123931102837	0.00861265589818	0.00627101388291	-0.0174605031905	-0.0375216952487	-0.0236113248313	0.0267077215404	0.0519851228039	-0.0452284389193	-0.0100508068892	-0.118068903999	-0.0466125359593	-0.00519779916998	0.034503960939	-0.0113019538614	-0.0071473171991	0.00221036165162	-0.0505443621759	-0.0363854885268	0.0350366731839	-0.0181990785818	0.0112383796981	0.0906039554078	-0.000683500291385	-0.045952177163	0.0108129860814	-0.00390504763267	-0.016273151998
k__Bacteria;p__Bacteroidetes;c__Bacteroidia;o__Bacteroidales;f__Bacteroidaceae;g__Bacteroides;s__Bacteroides_coprocola	-0.0360038111961	0.00848276098599	-0.0346182950204	-0.0848661671298	0.0146029033975	0.0356493038784	-0.03542666744	0.00918000447672	-0.0104466778365	-0.0886276923054	0.022224835035	1.0	-0.021442007334	-0.023477972063	0.07616594789	-0.0198739457671	-0.0161185528399	-0.0138555105576	0.0311039407459	0.0296599684967	-0.0187748167475	-0.0552817970107	0.0334971951855	0.0161792444351	-0.0144537575767	-0.00521540856653	-0.0138829667228	0.00919566736801	-0.0128547783427	-0.0254534214157	-0.000288891391997	-0.0393818002861	-0.0223350231788	0.00806013526328	-0.0308165944573	-0.0388191599758	-0.0729699362015	0.0231188270477	-0.0156165745987	-0.0585206112011	-0.0701640713719	-0.0102595359717	0.0095136885401	-0.0180419779536	0.0632192019332	-0.0376429186663	-0.0161603546451	0.0532399898374	-0.0541175064336	0.00289756073819	0.00990304655048	0.0116381850058	0.0323857443324	0.0204685080199	-0.0496562818669	-0.0346078838296	0.0138485200395	-0.0809077817691	0.0309661778034
k__Bacteria;p__Bacteroidetes;c__Bacteroidia;o__Bacteroidales;f__Bacteroidaceae;g__Bacteroides;s__Bacteroides_cellulosilyticus	0.0306265191824	0.0109132409792	0.0300979129235	-0.0320290720091	-0.0176542086933	-0.0915195370494	-0.0184784472912	-0.0379785793402	-0.00894996591832	0.0211117740855	-0.000158417278534	-0.021442007334	1.0	0.00373023436075	0.0125350808792	0.0197315273697	-0.0155839756521	0.0071203075803	-0.00104966827519	-0.0519956479416	0.0529518263036	0.0030763631807	0.00679296542598	-0.0177305828641	-0.0461570797765	-0.0113713931643	0.0183971956724	-0.00231238802108	0.0603891122926	0.0304732880331	0.0639468328341	0.0428113015881	-0.00690060085889	-0.0527725726117	-0.0304725564928	-0.0582217111877	-0.015575053907	0.0150730946784	-0.00789990959976	-0.0101887457043	0.0380139098649	0.0755017482931	0.000913329826452	-0.0307328188873	-0.0423506687509	0.00847341528515	0.0138069508217	0.0358373497313	-0.000450326872718	0.0168382569319	-0.0410681261907	0.00794544512304	0.015833439937	-0.0166527470012	-0.0250011841431	0.0400144935754	-0.0324673978646	-0.0178589531479	0.0416116978762
k__Bacteria;p__Bacteroidetes;c__Bacteroidia;o__Bacteroidales;f__Rikenellaceae;g__Alistipes;s__Alistipes_obesi	-0.0247467041784	0.00588865431719	-0.0609376486838	-0.0484258556795	0.0480563900997	-0.0461675116914	-0.0371839079133	-0.00106101938631	0.00367898432162	-0.0651530318111	0.00510795801319	-0.023477972063	0.00373023436075	1.0	-0.0470743317918	0.0388503512735	-0.0237121787836	0.0510093464965	-0.0174899361932	0.0429209795093	0.00119700740873	-0.029367112328	-0.00142930424714	0.0203416501473	-0.015916373998	-0.0219806858413	0.0070277517318	0.0270217204961	0.0363121951097	-0.00849325195329	4.24127999742e-05	0.0160843982125	-0.0550291501265	0.042683713362	0.0500070101885	0.00697804823456	0.00388504697878	-0.0545421129361	0.0388317008556	-0.0247030984891	-0.0160998705005	-0.0184805452638	-0.00979428421951	-0.0121076122827	-0.0508772843956	-0.0206105912365	-0.0408988135998	0.03946405912	-0.0573276286998	0.00672163182479	-0.00237816164453	-0.0483745598548	0.0510422378966	0.000751071103712	0.0154314066815	-0.0199984614548	-0.0446982530036	0.048573603354	0.00939480436535
k__Bacteria;p__Firmicutes;c__Clostridia;o__Clostridiales;f__Lachnospiraceae;g__;s__[Eubacterium]_rectale	0.0108373133378	-0.048851437033	0.00206560528479	0.0505569493346	-0.00267501251875	0.0356291092832	0.000905727764067	-0.0151838841461	-0.0314292454443	-0.0194933724727	-0.0369380221823	0.07616594789	0.0125350808792	-0.0470743317918	1.0	-0.0179265340031	-0.0113020813481	-0.0152582839187	-0.0426459765402	-0.00207073645722	-0.014954734872	0.0076908198483	-0.065635451124	-0.00699410488022	-0.0185143890845	-0.0496891135959	0.0327918617439	-0.0543070482219	-0.0114538200559	-0.0360099907221	0.0141593970172	-0.0221911895921	-0.060350160334	-0.0364133321539	0.00282587649592	-0.0413809868211	0.0251990412669	-0.00896620508574	-0.0108181131775	-0.000703825476488	-0.0150168317264	0.0134166406212	0.0147741303688	-0.0356107512688	0.0400005630743	-0.000364687648744	-0.00660709206713	-0.0554087646422	-0.0156423977355	0.0181326090446	0.0138534833096	0.0178529759736	-0.0586160908238	0.0416264882869	-0.067759464328	0.0678824981513	-0.0154085321918	-0.0161184989681	-0.00168586206245
k__Bacteria;p__Bacteroidetes;c__Bacteroidia;o__Bacteroidales;f__Bacteroidaceae;g__Bacteroides;s__Bacteroides_plebeius	0.0450004621155	-0.0127795383941	0.00115094375669	-0.0436534813802	0.0217725234275	-0.0308677828822	0.0144001178258	0.0174242756556	0.0199032082559	-0.00701002901281	-0.0193676887454	-0.0198739457671	0.0197315273697	0.0388503512735	-0.0179265340031	1.0	0.0133765276928	-0.0522178428736	-0.00753219488132	-0.0146214822513	-0.0262470157928	0.0638703570885	0.0401394923351	-0.0197172413771	0.00967535583552	-0.0208502248744	0.0104955132024	-0.0113650638419	-0.00559126576474	-0.0237148786419	-0.0333402295242	-0.00558187428613	-0.00817042157799	-0.00526239344199	0.00515761727927	-0.0265152977476	-0.0409302932061	0.0214482657161	0.00750846574955	0.0135564379996	-9.9765645221e-05	-0.00157210861135	-0.0371086389669	-0.0095157246207	-0.0164481199442	-0.0546464288493	0.00687039091922	-0.0145762758308	0.0304571721275	0.0402645679339	-0.0352616936325	0.00336407515918	-0.0395437638822	-0.0124174048376	0.00777325437241	0.0119307881436	-0.0686648490269	-0.0409601061968	-0.0211771585276
k__Bacteria;p__Bacteroidetes;c__Bacteroidia;o__Bacteroidales;f__Bacteroidaceae;g__Bacteroides;s__Bacteroides_fragilis	-0.0221115152698	-0.0443236872245	0.0857900703496	0.0313732629044	0.0211188297385	0.0542440546434	0.00850561310951	-0.067165724189	-0.0330224726849	-0.0546162269048	0.026435182708	-0.0161185528399	-0.0155839756521	-0.0237121787836	-0.0113020813481	0.0133765276928	1.0	-0.018509531296	-0.00981326762859	0.0126725946338	0.00467123982924	0.0140262925988	-0.0538995598721	-0.0225117928349	-0.0345071658671	0.00692040967227	0.0259171745128	0.000945981490404	-0.0293250540597	-0.105239160628	0.0142177159456	0.0267063875127	0.00561896298126	-0.00791781300197	-0.0164862205564	-0.0668929603522	0.0232820352405	-0.0204710428827	-0.0121795917982	-0.048521153203	-0.0101863397345	0.0204278805109	-0.0650329551148	0.0176279435143	0.0396058796208	0.0248417263467	-0.026070997431	0.0153331225656	-0.00283463295671	-0.00421540605528	-0.0435124431698	-0.0199795010606	0.0535105415218	-0.0591383975109	-0.0189379264307	0.0245901378676	0.000303789032951	0.0388898175283	0.0905025964131
k__Bacteria;p__Proteobacteria;c__Betaproteobacteria;o__Burkholderiales;f__Sutterellaceae;g__Sutterella;s__Sutterella_wadsworthensis	-0.00157465531481	0.0633669579869	-0.029079240896	0.00515206118058	-0.0371461214268	-0.0230097640073	0.0344044716788	-0.0362146762881	-3.94230695998e-05	0.0482738046534	0.016242154356	-0.0138555105576	0.0071203075803	0.0510093464965	-0.0152582839187	-0.0522178428736	-0.018509531296	1.0	0.0103668575273	-0.0799079801152	-0.0307863815804	-0.0468015952866	0.0115945148158	-0.00248953258902	0.0109158069093	0.0510488128527	-0.0144526134167	-0.0184063951411	-0.0588903637995	-0.051908123184	-0.0257334613415	-0.0227498348793	0.0115490926809	0.0222715759736	0.0314217696001	-0.0201333582037	-0.0425301288235	-0.0291483751477	0.0120953241712	-0.0458532623658	-0.0408225480846	-0.0337727527072	-0.0022663800629	-0.0455434381673	-0.0876539385832	0.0200058657321	0.0159767992173	-0.0332636426925	0.0258668099631	-0.00426805125767	0.0444954611045	-0.0650774286463	-0.00533408605688	0.0603200384854	-0.0198326285385	0.0269852159077	0.037152121247	-0.0186223491667	0.00928147058456
k__Bacteria;p__Bacteroidetes;c__Bacteroidia;o__Bacteroidales;f__Porphyromonadaceae;g__Barnesiella;s__Barnesiella_intestinihominis	0.000266913009088	-0.0648037358009	-0.026662273004	-0.0546690547515	-0.0526611442675	-0.0333333953912	-0.045721738802	0.0639078923159	0.0491662566714	-0.0444111388171	-0.0479131461111	0.0311039407459	-0.00104966827519	-0.0174899361932	-0.0426459765402	-0.00753219488132	-0.00981326762859	0.0103668575273	1.0	-0.014125600075	-0.0293786047797	-0.0388048849039	0.0407676324848	0.00204234855965	-0.029969028845	-0.0374822331016	0.0221564925601	-0.020844383075	0.0144461211555	-0.0345800372531	-0.00227774197417	0.0249608179703	0.0301193401415	-0.048189524541	-0.00842032224638	3.15922717733e-05	0.0406827830526	-0.0346373039085	-0.0500225774072	0.0486982524792	-0.00400926856973	0.0066060414849	-0.0214704765825	0.0102345571212	-0.0344687927536	-0.0363520609316	0.0353317794297	-0.0521899139026	0.0427119325475	-0.0247414542304	0.0453565747165	-0.0109112451641	-0.0167679294808	-0.0153467172243	0.0118587480128	-0.00866516000498	-0.042924574397	0.0178156182814	-0.0521183216779
k__Bacteria;p__Bacteroidetes;c__Bacteroidia;o__Bacteroidales;f__Odoribacteraceae;g__Odoribacter;s__Odoribacter_splanchnicus	-0.0135588677081	-0.00559314060103	-0.052555470782	-0.0467408091674	-0.0552073935496	0.0543956779033	-0.0086836351116	-0.0132373678908	-0.0443627040725	0.0220763888229	0.0216054132492	0.0296599684967	-0.0519956479416	0.0429209795093	-0.00207073645722	-0.0146214822513	0.0126725946338	-0.0799079801152	-0.014125600075	1.0	-0.0399048356015	-0.0307048297319	-0.0580333959676	0.0262179998932	0.0348305186143	-0.0199524039095	-0.0465859119747	-0.0257896181104	0.00964859360029	-0.0399386529985	-0.00293347837567	-0.00198072640521	0.0368505820324	0.0113140797608	-0.040303328228	0.0183242454539	-0.0353533002901	0.0393390769173	-0.0403968514825	-0.0503100673996	0.0249280056732	-0.0336565388178	-0.0310557899827	-0.0777957541912	0.0232509780045	-0.00888290591073	-0.0582756606319	0.0256016401081	0.0405367282794	-0.0286748012105	-0.034893784198	-0.0521180959945	-0.0103930150664	0.00947356815206	0.0125949025385	-0.063664015903	-0.019435704104	0.0658219460371	-0.0122920086074
k__Bacteria;p__Bacteroidetes;c__Bacteroidia;o__Bacteroidales;f__Bacteroidaceae;g__Bacteroides;s__Bacteroides_salyersiae	0.0720087721562	-0.0461054578004	-0.00264324324984	-0.0261474262902	0.0280147221799	-0.0494081465683	0.0149134777835	0.0536188485632	0.0033202167322	-0.065100946834	0.0123540059333	-0.0187748167475	0.0529518263036	0.00119700740873	-0.014954734872	-0.0262470157928	0.00467123982924	-0.0307863815804	-0.0293786047797	-0.0399048356015	1.0	0.00310563695491	0.0365033121502	-0.0318605985518	0.0188159218878	0.015887439447	-0.0185329925171	-0.0428944810437	-0.0458687877386	-0.0358758296183	0.0215663970549	-0.0651638912331	0.0387083716805	0.0469734845725	-0.030828695498	0.0587376803291	-0.00471706478798	-0.0949384356026	0.0153739009493	0.0557119613418	0.0551916090539	0.00924429901764	-0.0377577738045	-0.0321418450981	-0.0774295942902	0.0131919227213	-0.0445184154072	-0.00226061687839	-0.0532815228845	0.000150403901399	-0.0831155397945	-0.0253828074982	0.028488414044	-0.0115361462621	-0.0468911556997	0.032456953277	-0.030676916721	0.0388053010835	0.00319994241842
k__Bacteria;p__Firmicutes;c__Clostridia;o__Clostridiales;f__Ruminococcaceae;g__Ruminiclostridium;s__[Eubacterium]_siraeum	0.0104779118696	-0.0248543090808	0.00997731107466	0.0158433105446	0.00909657289354	0.0153561425142	-0.0230849687789	-0.00768284469612	-0.019426056928	-0.0684959139485	-0.0271379917243	-0.0552817970107	0.0030763631807	-0.029367112328	0.0076908198483	0.0638703570885	0.0140262925988	-0.0468015952866	-0.0388048849039	-0.0307048297319	0.00310563695491	1.0	0.0245313770373	-0.016719914945	-0.0672875647091	0.00613436408632	-0.0155154751646	-0.0194507493435	-0.0308076301115	-0.0815717815835	0.0385406311387	0.000399846212364	-0.0382820767696	-0.0525319352633	-0.0802231124199	0.0132398693485	0.0513407236518	0.0108741226614	0.0311223856117	0.00467262256358	-0.0327110246071	-0.00384284009065	-0.0620785582007	0.0283961516923	-0.0583183199699	-0.000898170666934	-0.0292327171616	0.00826386277757	-0.00513489351102	0.0157145787143	-0.0504181451494	-0.051629289567	0.0158256615161	0.0101246063687	-0.0102356815675	0.000509045598141	-0.053559066585	0.00769277919277	-0.0232105515258
k__Bacteria;p__Proteobacteria;c__Betaproteobacteria;o__Burkholderiales;f__Sutterellaceae;g__Parasutterella;s__Parasutterella_excrementihominis	-0.0929235194059	0.0434364568017	-0.0594443573618	-0.0378381192814	0.057592674921	0.0212380669995	-0.0123537498547	0.0666644729538	-0.0261943734282	-0.0335191154393	-0.0661096240342	0.0334971951855	0.00679296542598	-0.00142930424714	-0.065635451124	0.0401394923351	-0.0538995598721	0.0115945148158	0.0407676324848	-0.0580333959676	0.0365033121502	0.0245313770373	1.0	-0.0172537040537	-0.0602454198611	-0.0193087392841	-0.00999464628074	-0.0336686410126	0.00128187518858	0.0308140852531	0.00460088102627	-0.0283535938463	-0.0194064116872	-0.0106640068403	-0.0552002724767	0.0127538140138	0.0187078090015	0.00858777124711	0.0081436621351	0.0251822033217	0.0262631283624	0.00320845225425	-0.0153498874136	-0.0213372858229	-0.00988086509303	-0.00935277432036	0.0125788274813	0.0625652652601	0.00377709359883	0.00706525857689	-0.0564178620046	-0.00725073449427	-0.0914682525236	-0.031136118279	-0.0116993781972	-0.0306633456269	-0.0342942678282	-0.00631733620098	-0.0296587734098
k__Bacteria;p__Actinobacteria;c__Actinobacteria;o__Bifidobacteriales;f__Bifidobacteriaceae;g__Bifidobacterium;s__Bifidobacterium_adolescentis	-0.0184158827546	0.0334582499858	0.013899028079	0.0466464188224	-0.0571500131627	-0.0816209699304	-0.0246976982459	0.00965641666117	-0.044194747482	-0.0132281654792	0.0424858558966	0.0161792444351	-0.0177305828641	0.0203416501473	-0.00699410488022	-0.0197172413771	-0.0225117928349	-0.00248953258902	0.00204234855965	0.0262179998932	-0.0318605985518	-0.016719914945	-0.0172537040537	1.0	0.0315551703239	0.0108077786701	-0.00447310713662	0.0350477585484	-0.00359154641637	-0.0191057122172	-0.0331472874108	-0.0156962411952	0.0184990337318	-0.0403845418253	-0.013572558228	0.0157666719265	-0.0129762432588	0.0345324661422	0.0133036802611	0.0028862151743	-0.0127644054843	-0.0249288898827	-0.0448581554073	-0.0133826227725	0.0133903273333	0.0472918004313	-0.0474211484106	-0.0149552360492	0.054492578587	-0.0403409188761	-0.0607053491876	-0.0299678392527	-0.0387553550495	-0.0638287892532	-0.00822443784406	-0.0472921450027	-0.0710422279126	0.0283103928007	0.0347858714022
k__Bacteria;p__Firmicutes;c__Clostridia;o__Clostridiales;f__Oscillospiraceae;g__Oscillibacter;s__Oscillibacter_sp._KLE_1745	0.0172029034576	0.0143545536516	-0.0532600989408	-0.0339193011466	-0.022474434134	-0.0832065102449	0.0401125451833	0.0199883064084	0.0308965352871	0.0160762469964	-0.0243457069929	-0.0144537575767	-0.0461570797765	-0.015916373998	-0.0185143890845	0.00967535583552	-0.0345071658671	0.0109158069093	-0.029969028845	0.0348305186143	0.0188159218878	-0.0672875647091	-0.0602454198611	0.0315551703239	1.0	0.00179128964551	0.0249880255484	0.0324437503721	0.000183418357518	-0.0530319626935	-0.00209423413747	0.0194318386233	-0.00281302266893	-0.027849757097	0.0492384629802	0.0505385983607	-0.0029968187632	-0.00815543482796	0.012399977599	-0.0158649719565	0.0092721931505	-0.0692176363525	-0.00190045278533	-0.01683807027	0.00548814167249	0.00935904572432	-0.0699791764163	-0.00387879059674	0.0351896285001	-0.0240654593138	0.0344795150579	0.00969806477897	-0.115532190356	0.0140846371817	-0.0263917084227	0.0529983565364	-0.0158318822209	-0.0387537497301	0.0178930580732
k__Bacteria;p__Bacteroidetes;c__Bacteroidia;o__Bacteroidales;f__Bacteroidaceae;g__Bacteroides;s__Bacteroides_coprophilus	-0.0292285719394	-0.031742478651	0.0398149604145	0.040687519145	-0.0305728741609	-0.00239328118663	-0.010785141694	0.0295050715055	0.0334982112904	-0.0120656994502	0.0288906898642	-0.00521540856653	-0.0113713931643	-0.0219806858413	-0.0496891135959	-0.0208502248744	0.00692040967227	0.0510488128527	-0.0374822331016	-0.0199524039095	0.015887439447	0.00613436408632	-0.0193087392841	0.0108077786701	0.00179128964551	1.0	0.011830022711	0.0331371291655	-0.024969571787	0.0326520424393	-0.0556398733212	0.0290947007544	-0.0137689600166	0.0290860589586	-0.0148004797286	-0.0507676664398	-0.020784041307	-0.00506999019984	-0.0193065527025	0.0835403653774	-0.0205751747826	-0.0306494124178	-0.00555083006291	0.0382790248321	-0.0441019230642	-0.0218317972645	-0.0476424689461	-0.0262315342966	-0.0411974714889	-0.0190089707791	0.023944129682	0.0183567723985	0.0977599619862	0.00640608903108	0.0193824588085	-0.021404603988	0.026624979213	0.000659271503738	-0.0172058495932
k__Bacteria;p__Firmicutes;c__Clostridia;o__Clostridiales;f__Lachnospiraceae;g__Roseburia;s__Roseburia_intestinalis	-0.0717218344798	0.0343300507134	0.00397684126417	0.0057451427768	-0.0250197846871	-0.0025863248981	-0.0799652427201	-0.0120920573066	-0.0184405535293	-0.00876376171578	-0.00538604259421	-0.0138829667228	0.0183971956724	0.0070277517318	0.0327918617439	0.0104955132024	0.0259171745128	-0.0144526134167	0.0221564925601	-0.0465859119747	-0.0185329925171	-0.0155154751646	-0.00999464628074	-0.00447310713662	0.0249880255484	0.011830022711	1.0	0.0431901450628	0.0264196411351	-0.0890913250452	-0.0411951588176	0.000586941774766	0.000217014322875	0.0260973724443	-0.0516605242319	-0.0253562814328	-0.0680161028874	0.0412107575925	0.0286835807141	-0.0398925357704	0.00352811994885	-0.0380518472256	0.01278369175	0.0722325891188	0.0251572312714	-0.0557596198203	0.00371504070199	-0.0175100081599	-0.061499007348	-0.01974217522	0.0248349148277	0.00285583869075	-0.0219023034805	-0.0504761310671	-0.03472796196	-0.00174272698054	0.0274669663326	0.0232937479656	-0.00690502607295
k__Bacteria;p__Firmicutes;c__Clostridia;o__Clostridiales;f__Lachnospiraceae;g__Roseburia;s__Roseburia_hominis	0.00093816181529	-0.00922877705076	0.00836396864733	-0.0422060689749	-0.0054312841286	-0.0306920187978	-0.0238221283996	-0.0316911740031	-0.0238636780314	0.0425443010877	-0.00213873639296	0.00919566736801	-0.00231238802108	0.0270217204961	-0.0543070482219	-0.0113650638419	0.000945981490404	-0.0184063951411	-0.020844383075	-0.0257896181104	-0.0428944810437	-0.0194507493435	-0.0336686410126	0.0350477585484	0.0324437503721	0.0331371291655	0.0431901450628	1.0	0.0106277657037	-0.0263462299561	-0.0118190291099	-0.0572812638747	-0.00801913727875	0.0224502423768	0.0100648716146	-0.0235837634284	-0.0468693715178	0.0529691199315	-0.0426445014998	-0.0426541142063	-0.0194451658481	-0.00499627713857	-0.00249816918263	0.0152104675253	0.0465280313802	-0.00555941559916	-0.0259090117669	-0.020482916735	0.0282587048774	-0.0558666990134	-0.0186645168668	0.0253745056172	0.0339005599117	-0.0242393401072	-0.0331103558136	0.0258715389918	-0.0699368483958	-0.0232421786867	0.00718384340079
k__Bacteria;p__Bacteroidetes;c__Bacteroidia;o__Bacteroidales;f__Porphyromonadaceae;g__Parabacteroides;s__Parabacteroides_johnsonii	0.0562475811649	0.00736677217087	0.00955338058909	0.0173038620315	0.00743768105215	-0.0461873006514	0.021718069139	-0.0600437942845	-0.0204661429862	-0.0314665948256	0.0034490459902	-0.0128547783427	0.0603891122926	0.0363121951097	-0.0114538200559	-0.00559126576474	-0.0293250540597	-0.0588903637995	0.0144461211555	0.00964859360029	-0.0458687877386	-0.0308076301115	0.00128187518858	-0.00359154641637	0.000183418357518	-0.024969571787	0.0264196411351	0.0106277657037	1.0	-0.0372531543707	-0.025308361609	-0.0221509508632	-0.0283423465005	-0.00578178188966	0.016474621938	-0.0213955735267	0.00495179893302	0.0359844019699	-0.031535733089	0.0102551465888	-0.0192940696217	-0.0109738941698	-0.0531304455198	0.0173265627893	0.0406785389231	0.00411100753836	-0.0382183650852	-0.00301822014744	0.0213630455991	0.00367151675505	-0.0563969735095	0.0221609818773	0.0539106149012	-0.00719053114411	0.0033061831674	0.0248990663162	0.0439901235506	-0.036229869004	-0.0860136409694
k__Bacteria;p__Actinobacteria;c__Actinobacteria;o__Bifidobacteriales;f__Bifidobacteriaceae;g__Bifidobacterium;s__Bifidobacterium_longum	0.0437163895196	-0.0166852937138	-0.0192642124235	-0.0526002098865	0.0389708810898	-0.0304284481808	-0.0450578892835	-0.0066996496371	0.0011767505287	0.000213767763065	0.014591791721	-0.0254534214157	0.0304732880331	-0.00849325195329	-0.0360099907221	-0.0237148786419	-0.105239160628	-0.051908123184	-0.0345800372531	-0.0399386529985	-0.0358758296183	-0.0815717815835	0.0308140852531	-0.0191057122172	-0.0530319626935	0.0326520424393	-0.0890913250452	-0.0263462299561	-0.0372531543707	1.0	0.0118784501437	0.0184347512891	0.0193518941758	-0.0166657223644	-0.0383194678491	0.00192185062557	-0.0568072551297	-0.0356892475817	0.0128448622425	-0.0208452525356	-0.0394250402015	0.0033807720088	0.0480924423523	-0.00831301790721	-0.0221535553055	-0.0197323024617	-0.0247801101963	0.0209900861783	0.00853599957358	-0.00495266995298	0.0251476501772	0.0428834561552	0.0156641811252	0.0186511764736	0.0173161560993	-0.0240491397788	0.0375197856989	0.00808821217198	-0.0260636369222
