#taxonomy	k__Bacteria;p__Bacteroidetes;c__Bacteroidia;o__Bacteroidales;f__Bacteroidaceae;g__Bacteroides;s__Bacteroides_vulgatus	k__Bacteria;p__Bacteroidetes;c__Bacteroidia;o__Bacteroidales;f__Bacteroidaceae;g__Bacteroides;s__Bacteroides_uniformis	k__Bacteria;p__Bacteroidetes;c__Bacteroidia;o__Bacteroidales;f__Rikenellaceae;g__Alistipes;s__Alistipes_putredinis	k__Bacteria;p__Bacteroidetes;c__Bacteroidia;o__Bacteroidales;f__Prevotellaceae;g__Prevotella;s__Prevotella_copri	k__Bacteria;p__Bacteroidetes;c__Bacteroidia;o__Bacteroidales;f__Bacteroidaceae;g__Bacteroides;s__Bacteroides_stercoris	k__Bacteria;p__Bacteroidetes;c__Bacteroidia;o__Bacteroidales;f__Bacteroidaceae;g__Bacteroides;s__Bacteroides_ovatus	k__Bacteria;p__Bacteroidetes;c__Bacteroidia;o__Bacteroidales;f__Rikenellaceae;g__Alistipes;s__Alistipes_shahii	k__Bacteria;p__Firmicutes;c__Clostridia;o__Clostridiales;f__Ruminococcaceae;g__Faecalibacterium;s__Faecalibacterium_prausnitzii	k__Bacteria;p__Bacteroidetes;c__Bacteroidia;o__Bacteroidales;f__Rikenellaceae;g__Alistipes;s__Alistipes_finegoldii	k__Bacteria;p__Bacteroidetes;c__Bacteroidia;o__Bacteroidales;f__Porphyromonadaceae;g__Parabacteroides;s__Parabacteroides_distasonis	k__Bacteria;p__Bacteroidetes;c__Bacteroidia;o__Bacteroidales;f__Bacteroidaceae;g__Bacteroides;s__Bacteroides_thetaiotaomicron	k__Bacteria;p__Bacteroidetes;c__Bacteroidia;o__Bacteroidales;f__Bacteroidaceae;g__Bacteroides;s__Bacteroides_coprocola	k__Bacteria;p__Bacteroidetes;c__Bacteroidia;o__Bacteroidales;f__Bacteroidaceae;g__Bacteroides;s__Bacteroides_cellulosilyticus	k__Bacteria;p__Bacteroidetes;c__Bacteroidia;o__Bacteroidales;f__Rikenellaceae;g__Alistipes;s__Alistipes_obesi	k__Bacteria;p__Firmicutes;c__Clostridia;o__Clostridiales;f__Lachnospiraceae;g__;s__[Eubacterium]_rectale	k__Bacteria;p__Bacteroidetes;c__Bacteroidia;o__Bacteroidales;f__Bacteroidaceae;g__Bacteroides;s__Bacteroides_plebeius	k__Bacteria;p__Bacteroidetes;c__Bacteroidia;o__Bacteroidales;f__Bacteroidaceae;g__Bacteroides;s__Bacteroides_fragilis	k__Bacteria;p__Proteobacteria;c__Betaproteobacteria;o__Burkholderiales;f__Sutterellaceae;g__Sutterella;s__Sutterella_wadsworthensis	k__Bacteria;p__Bacteroidetes;c__Bacteroidia;o__Bacteroidales;f__Porphyromonadaceae;g__Barnesiella;s__Barnesiella_intestinihominis	k__Bacteria;p__Bacteroidetes;c__Bacteroidia;o__Bacteroidales;f__Odoribacteraceae;g__Odoribacter;s__Odoribacter_splanchnicus	k__Bacteria;p__Bacteroidetes;c__Bacteroidia;o__Bacteroidales;f__Bacteroidaceae;g__Bacteroides;s__Bacteroides_salyersiae	k__Bacteria;p__Firmicutes;c__Clostridia;o__Clostridiales;f__Ruminococcaceae;g__Ruminiclostridium;s__[Eubacterium]_siraeum	k__Bacteria;p__Proteobacteria;c__Betaproteobacteria;o__Burkholderiales;f__Sutterellaceae;g__Parasutterella;s__Parasutterella_excrementihominis	k__Bacteria;p__Actinobacteria;c__Actinobacteria;o__Bifidobacteriales;f__Bifidobacteriaceae;g__Bifidobacterium;s__Bifidobacterium_adolescentis	k__Bacteria;p__Firmicutes;c__Clostridia;o__Clostridiales;f__Oscillospiraceae;g__Oscillibacter;s__Oscillibacter_sp._KLE_1745	k__Bacteria;p__Bacteroidetes;c__Bacteroidia;o__Bacteroidales;f__Bacteroidaceae;g__Bacteroides;s__Bacteroides_coprophilus	k__Bacteria;p__Firmicutes;c__Clostridia;o__Clostridiales;f__Lachnospiraceae;g__Roseburia;s__Roseburia_intestinalis	k__Bacteria;p__Firmicutes;c__Clostridia;o__Clostridiales;f__Lachnospiraceae;g__Roseburia;s__Roseburia_hominis	k__Bacteria;p__Bacteroidetes;c__Bacteroidia;o__Bacteroidales;f__Porphyromonadaceae;g__Parabacteroides;s__Parabacteroides_johnsonii	k__Bacteria;p__Actinobacteria;c__Actinobacteria;o__Bifidobacteriales;f__Bifidobacteriaceae;g__Bifidobacterium;s__Bifidobacterium_longum	k__Bacteria;p__Firmicutes;c__Clostridia;o__Clostridiales;f__;g__Flavonifractor;s__Flavonifractor_plautii	k__Bacteria;p__Firmicutes;c__Clostridia;o__Clostridiales;f__Clostridiaceae;g__Clostridium;s__Clostridium_phoceensis	k__Bacteria;p__Verrucomicrobia;c__Verrucomicrobiae;o__Verrucomicrobiales;f__Akkermansiaceae;g__Akkermansia;s__Akkermansia_muciniphila	k__Bacteria;p__Bacteroidetes;c__Bacteroidia;o__Bacteroidales;f__Prevotellaceae;g__Paraprevotella;s__Paraprevotella_xylaniphila	k__Bacteria;p__Firmicutes;c__Clostridia;o__Clostridiales;f__Ruminococcaceae;g__Ruminococcus;s__Ruminococcus_callidus	k__Bacteria;p__Bacteroidetes;c__Bacteroidia;o__Bacteroidales;f__Rikenellaceae;g__Alistipes;s__Alistipes_senegalensis	k__Bacteria;p__Firmicutes;c__Clostridia;o__Clostridiales;f__Lachnospiraceae;g__Blautia;s__Blautia_sp._KLE_1732	k__Bacteria;p__Bacteroidetes;c__Bacteroidia;o__Bacteroidales;f__Bacteroidaceae;g__Bacteroides;s__Bacteroides_oleiciplenus	k__Bacteria;p__Firmicutes;c__Clostridia;o__Clostridiales;f__Ruminococcaceae;g__Ruminococcus;s__Ruminococcus_bicirculans	k__Bacteria;p__Bacteroidetes;c__Bacteroidia;o__Bacteroidales;f__Bacteroidaceae;g__Bacteroides;s__Bacteroides_fluxus	k__Bacteria;p__Bacteroidetes;c__Bacteroidia;o__Bacteroidales;f__Prevotellaceae;g__Prevotella;s__Prevotella_stercorea	k__Bacteria;p__Firmicutes;c__Clostridia;o__Clostridiales;f__Lachnospiraceae;g__Dorea;s__Dorea_longicatena	k__Bacteria;p__Firmicutes;c__Clostridia;o__Clostridiales;f__Eubacteriaceae;g__Eubacterium;s__[Eubacterium]_eligens	k__Bacteria;p__Firmicutes;c__Clostridia;o__Clostridiales;f__Ruminococcaceae;g__;s__Ruminococcaceae_bacterium_D16	k__Bacteria;p__Firmicutes;c__Clostridia;o__Clostridiales;f__Lachnospiraceae;g__Coprococcus;s__Coprococcus_comes	k__Bacteria;p__Proteobacteria;c__Gammaproteobacteria;o__Enterobacterales;f__Enterobacteriaceae;g__Escherichia;s__Escherichia_coli	k__Bacteria;p__Firmicutes;c__Clostridia;o__Clostridiales;f__Ruminococcaceae;g__Anaerotruncus;s__Anaerotruncus_colihominis	k__Bacteria;p__Firmicutes;c__Clostridia;o__Clostridiales;f__Lachnospiraceae;g__Blautia;s__Blautia_obeum	k__Bacteria;p__Bacteroidetes;c__Bacteroidia;o__Bacteroidales;f__Odoribacteraceae;g__Odoribacter;s__Odoribacter_laneus	k__Bacteria;p__Firmicutes;c__Clostridia;o__Clostridiales;f__Ruminococcaceae;g__Ruminiclostridium;s__[Clostridium]_leptum	k__Bacteria;p__Bacteroidetes;c__Bacteroidia;o__Bacteroidales;f__Porphyromonadaceae;g__Parabacteroides;s__Parabacteroides_goldsteinii	k__Bacteria;p__Firmicutes;c__Clostridia;o__Clostridiales;f__Lachnospiraceae;g__Anaerostipes;s__Anaerostipes_hadrus	k__Bacteria;p__Firmicutes;c__Clostridia;o__Clostridiales;f__Ruminococcaceae;g__Ruminococcus;s__Ruminococcus_lactaris	k__Bacteria;p__Firmicutes;c__Clostridia;o__Clostridiales;f__Clostridiaceae;g__Clostridium;s__Clostridium_sp._L2-50	k__Bacteria;p__Firmicutes;c__Clostridia;o__Clostridiales;f__Clostridiaceae;g__Clostridium;s__Clostridium_sp._M62/1	k__Bacteria;p__Firmicutes;c__Clostridia;o__Clostridiales;f__;g__Intestinimonas;s__Intestinimonas_butyriciproducens	k__Bacteria;p__Actinobacteria;c__Actinobacteria;o__Bifidobacteriales;f__Bifidobacteriaceae;g__Bifidobacterium;s__Bifidobacterium_bifidum	k__Bacteria;p__Firmicutes;c__Negativicutes;o__Veillonellales;f__Veillonellaceae;g__Dialister;s__Dialister_invisus	k__Bacteria;p__Bacteroidetes;c__Bacteroidia;o__Bacteroidales;f__Bacteroidaceae;g__Bacteroides;s__Bacteroides_salanitronis
k__Bacteria;p__Bacteroidetes;c__Bacteroidia;o__Bacteroidales;f__Bacteroidaceae;g__Bacteroides;s__Bacteroides_vulgatus	1.0	-0.0344165946032	0.00589330722501	-0.0168323691864	-0.062993473243	-0.0177771834627	0.0331954599789	0.0301193236327	-0.0302678154092	0.00657788812976	-0.0382139517094	-0.00365586075988	-0.041610045409	0.00497593135074	0.0389265943468	0.0321432617322	-0.0283645599308	-0.085761066875	0.0246917289576	0.0573005365704	-0.0627784237915	-0.00225860981384	-0.0691901745273	-0.0325302829729	-0.0262455438045	0.0812108100216	-0.0383141344454	0.0150719893435	-0.0523959711534	-0.0143561548992	-0.028763225784	-0.0153970246966	-0.0171868483534	0.0719758883928	-0.00555234570283	-0.0339154563969	-3.46349479576e-05	-0.0177298236725	0.0842406622104	0.0556468766621	-0.0833761400782	0.0427546342146	-0.0273743039091	0.0044312178925	-0.0298922207214	0.00535601804688	0.0175023629198	-0.0196981350507	-0.0129836326129	-0.00434875523239	0.0132610337197	0.0496777725965	-0.0184720478373	0.0150539560474	-0.0322559767328	-0.00724599990363	0.017559084434	-0.055089253973	0.0490492034139
k__Bacteria;p__Bacteroidetes;c__Bacteroidia;o__Bacteroidales;f__Bacteroidaceae;g__Bacteroides;s__Bacteroides_uniformis	-0.0344165946032	1.0	0.00248270693748	-0.0278764984339	0.0297877472404	-0.0102139937712	-0.0214194935377	0.0210497569118	-0.00633795780098	0.0116817258093	-0.0434011278085	0.0247560079077	-0.0204737601204	-0.071594806327	-0.0013076412592	0.0226377371878	0.0126129833406	0.0334711344752	0.0371021266847	-0.00791100504354	-0.0389908212401	0.00287365975454	0.0168510090881	-0.0349774540541	-0.0566981896896	-0.065409188104	-0.0228438681671	-0.0389918403332	-0.0305736415378	-0.0413572212522	0.030113758075	-0.0402996026027	-0.0374012456453	0.0648335662539	-0.0661102667872	-0.0161823948768	-0.00479363455257	-0.0621942439335	0.0275496931863	-0.0244043210859	0.00361113927405	-0.00547379310076	-0.0144504517358	0.019174081064	-0.00589664896225	-0.0506651187889	-0.0246169978439	-0.00211255523445	0.0038248445003	-0.0102043320017	0.0265776682307	-0.0243289026961	0.0158361994607	-0.0285915583279	-0.0396069254641	0.0540301602745	-0.00969991482909	0.00246450563652	0.00894259146659
k__Bacteria;p__Bacteroidetes;c__Bacteroidia;o__Bacteroidales;f__Rikenellaceae;g__Alistipes;s__Alistipes_putredinis	0.00589330722501	0.00248270693748	1.0	0.0393953026812	-0.00382749203898	-0.0595671651186	0.0254436628164	-0.0797087415848	0.0271010121856	-0.0429205356984	-0.00241979951756	-0.00831901834137	-0.0189757536779	0.0395914103906	-0.0409215453667	0.00846790418546	0.0967385489665	0.0236948208476	-0.0396840900471	0.040537982959	-0.0341432894503	-0.0667077789289	0.016125399904	-0.0339990037501	0.0146417341677	-0.0691596533389	-0.0319703206284	-0.0506631774954	0.00927785484225	-0.0339921655194	0.0655570418267	-0.000787372635741	0.0449109016109	-0.00693810529732	-0.00900001597095	-0.00727267275885	0.0288410220029	-0.0226892712862	-0.0220206136055	-0.0014963207053	-0.0507707081221	-0.0509239507166	0.0369409768901	-0.0152682345495	-0.0233261638985	0.0257159534509	-0.0037649558047	-0.0370762129392	-0.0336181728437	0.00945953568373	-0.0178467903421	0.0557767460003	-0.0148814921679	-0.0157478662167	-0.0192752699183	-0.0281760591027	-0.0140691724571	0.0685271672449	0.00656903779902
k__Bacteria;p__Bacteroidetes;c__Bacteroidia;o__Bacteroidales;f__Prevotellaceae;g__Prevotella;s__Prevotella_copri	-0.0168323691864	-0.0278764984339	0.0393953026812	1.0	-0.0043915782048	0.0412468871421	-0.0102492576492	-0.0325644328845	0.0443604883288	0.0462346643975	0.00119267524796	-0.0235798720889	-0.0122946396393	-0.000256898361283	0.0261098851362	-0.0110081744098	-0.0258997067953	0.0212639346092	0.0429336190374	0.0219001978449	-0.0396154467678	-0.0272731700956	-0.0609745877507	-0.0203188888287	0.0215531979743	-0.0248191551259	-0.0395045213571	0.00725475679735	-0.00528307895173	-0.0606301956034	0.0268803800853	0.0199520246397	0.0615300941503	-0.0480480420354	-0.00401675434185	0.000394012981685	-0.0590169673003	0.0638422506693	-0.0516560040896	0.0342979687409	-0.0519179242997	-0.0433756242199	0.0397285737549	-0.00834105422134	-0.0408798441009	0.0228064317435	0.00338556907568	0.000797011211919	-0.0106413039654	-0.00408056896561	0.0627813345874	-0.0397362475761	-0.0728122874241	-0.0269570227229	0.0475571295662	-0.0220931229422	0.00679323013806	-0.0557820881898	0.0331450634461
k__Bacteria;p__Bacteroidetes;c__Bacteroidia;o__Bacteroidales;f__Bacteroidaceae;g__Bacteroides;s__Bacteroides_stercoris	-0.062993473243	0.0297877472404	-0.00382749203898	-0.0043915782048	1.0	-0.0441850208731	-0.013682047926	0.0531680218561	-0.0316266414311	0.0352845762959	0.0461738418038	-0.00864251275018	-0.076504509868	-0.0308202382001	0.00402317121787	0.0598033987849	0.0279261858416	-0.0367689287286	-0.00468947359616	0.0166003066323	-0.00672298837638	-0.0118808071869	-0.00985452356105	-0.0069164008888	0.0131111081058	0.0161925716433	-0.00769860630036	-0.0220650219706	-0.0172560463602	-0.0124837409867	-0.046349209828	0.0156090006497	-0.00298413353527	0.00978303899572	0.0483005815718	0.0106512967811	-0.0237270255894	-0.00397392669107	0.0336398152834	-0.00961715624491	0.0149309712553	0.0013164731699	-0.0528576048732	0.0350894945764	0.0292982194355	0.025795455482	0.0289300790402	-0.00823097836723	0.0127717363489	-0.0217337496623	-0.0454990069944	-0.0232914726881	-0.0313888655964	-0.0237803351576	0.0421437170703	-0.0152346666074	-0.0301253625616	-0.0546679647935	-0.0551454747775
k__Bacteria;p__Bacteroidetes;c__Bacteroidia;o__Bacteroidales;f__Bacteroidaceae;g__Bacteroides;s__Bacteroides_ovatus	-0.0177771834627	-0.0102139937712	-0.0595671651186	0.0412468871421	-0.0441850208731	1.0	0.0338590308248	-0.0641167054297	-0.0503400841223	-0.0285261195734	-0.0414056578479	-0.0139431382952	0.0101386480323	-0.0060248437722	-0.0144777432519	-0.00778606864819	-0.0191511018471	-0.00268143916266	-0.0368105632536	0.044984312701	0.0626359108313	-0.00152551782089	-0.0555249211561	0.0033061108289	0.0312408940258	-0.0662317321439	-0.019399592204	0.0341384991709	0.0906552568841	0.0267944276564	-0.0265900533459	-0.0346448462892	-0.0164158922099	0.0114833365605	-0.0585558372657	-0.0130937173758	0.0377088060809	-0.0135795338859	-0.0113317522157	0.015722877035	0.0366477001378	0.0419984462776	0.0485418395896	0.00653773689502	0.0130086060827	0.00209714854393	-0.0136257937955	-0.0716100767669	-0.086894526784	-0.0289829492964	-0.0484338997053	0.0153524819636	-0.045986684139	0.0243991830137	-0.00643821169429	0.0163163996479	0.0264058152381	-0.025993701532	0.0138189192105
k__Bacteria;p__Bacteroidetes;c__Bacteroidia;o__Bacteroidales;f__Rikenellaceae;g__Alistipes;s__Alistipes_shahii	0.0331954599789	-0.0214194935377	0.0254436628164	-0.0102492576492	-0.013682047926	0.0338590308248	1.0	0.00980236446328	0.0246546301581	-0.0108453807284	0.0153440479616	0.024233368467	-0.025650824569	-0.00048986556095	-0.00595481856404	-0.0206478428787	-0.047156140352	0.00434859224072	0.0197814105961	-0.0842174754177	-0.0313129957715	-0.0493985976409	-0.0165725251235	0.00284590865014	0.067273742834	-0.00608870225852	-0.0338868296865	0.00623444290669	-0.0277471715203	0.0440753703102	-0.0399420780734	0.00813319412324	-0.0405385173501	0.0452931270371	0.00223919843581	-0.098231626777	-0.0305506961544	-0.0531259507875	0.0431758190253	-0.0126983300168	0.0217694912651	-0.0220493679043	-0.0119396933354	-0.0222528485549	0.0361899174013	-0.0855514366767	-0.00783838775935	-0.0121707153308	-0.0481791286285	-0.0232870037365	-0.025435568847	-0.00896311546063	-0.0216627057398	-0.00221658909606	-0.0263264536962	0.0212735679051	-0.0047021901192	0.0488689869645	0.0355287664802
k__Bacteria;p__Firmicutes;c__Clostridia;o__Clostridiales;f__Ruminococcaceae;g__Faecalibacterium;s__Faecalibacterium_prausnitzii	0.0301193236327	0.0210497569118	-0.0797087415848	-0.0325644328845	0.0531680218561	-0.0641167054297	0.00980236446328	1.0	0.0210327729706	-0.0315273972509	0.00470267171237	-0.0119810266463	0.0471179829665	-0.0634197920685	0.0111919490381	0.00699228535627	0.00639220402074	-0.0665630615796	-0.0505587694062	-0.0649004191425	-0.0272283612584	-0.000236330248753	0.020577732442	0.009990761976	-0.0242881927675	-0.00441287692758	-0.00552652292904	0.0397554788258	-0.114855283217	-0.0266871066151	0.0423898035157	-0.0103574291737	-0.0449121683089	0.0072421383718	0.0205730125539	-0.0140996921181	-0.00356353526198	0.0556451418014	-0.0218650336879	-0.052166418368	-0.0390718272598	-0.0382470076191	-0.0237657065572	-0.0250667617713	-0.0282905799439	-0.059348997148	0.015086443739	0.125438807156	0.0223552586581	0.0523933931805	0.00255809917592	0.0183812857181	0.00726874694983	-0.0605441434023	-0.0257285666981	-0.0028109090687	-0.0427520032449	0.0278570068869	-0.00804177601804
k__Bacteria;p__Bacteroidetes;c__Bacteroidia;o__Bacteroidales;f__Rikenellaceae;g__Alistipes;s__Alistipes_finegoldii	-0.0302678154092	-0.00633795780099	0.0271010121856	0.0443604883288	-0.0316266414311	-0.0503400841223	0.0246546301581	0.0210327729706	1.0	-0.0586027890466	-0.0649332948403	-0.0264435476153	-0.0226041194799	-0.0286464281377	0.00435390028345	-0.0785688907513	0.0348828124678	0.0346905118993	-0.0493988252134	0.0172683625403	-0.0442089143832	-0.0182898638305	-0.0431811492649	0.00945202534717	-0.0112505052388	0.0487990843374	0.0625377933472	-0.06125819515	-0.0275890340231	-0.0386672554506	0.0111198957101	-0.00877268208503	0.0332940592606	-0.0573932671163	-0.0548031111874	0.020151410868	0.00284650861802	-0.0600950406784	-0.0257434900112	0.0235813934882	-0.0461962892401	0.0147823265078	0.0301757823047	0.00970477243496	-0.0199860165131	-0.0197109744677	-0.0347600888695	0.0223329338419	0.0181525945776	0.0608681784251	-0.0281707432869	-0.021855778676	-0.0148298534189	-0.0210621843021	0.00257427677581	0.0326531367809	0.0129035197187	0.0268290515571	-0.0393830882127
k__Bacteria;p__Bacteroidetes;c__Bacteroidia;o__Bacteroidales;f__Porphyromonadaceae;g__Parabacteroides;s__Parabacteroides_distasonis	0.00657788812976	0.0116817258093	-0.0429205356984	0.0462346643975	0.0352845762959	-0.0285261195734	-0.0108453807284	-0.0315273972509	-0.0586027890466	1.0	0.00625554250095	0.0123205854268	-0.0186113406726	-0.0213009324142	-0.0450199995343	-0.0834392874375	-0.0259450887562	0.0256041467636	-0.000282152819357	0.00448697410938	0.0246440947669	-0.0168126385833	0.0101848638769	-0.0407912866068	-0.00545907037808	0.0141862536516	-0.00903202742288	-0.0524633357244	0.01245486957	0.00128113613803	-0.0281399107924	-0.00300668959522	0.0192523119134	-0.0399943155181	-0.0193460974812	0.0200884756026	-0.00293303902527	0.0285780596414	7.17370180606e-05	0.0201028454119	0.0180559248536	0.0111868911878	0.0275349678668	-0.0354638716051	-0.0727684775305	-0.0464623860538	0.018795706721	0.0212364629638	0.00517262620072	0.0361701370712	0.0286303426441	-0.0702443589652	-0.0354659202263	-0.0277000425163	-0.0247547755263	0.00572568623018	-0.0139782452626	0.0114362972955	0.0271778964821
k__Bacteria;p__Bacteroidetes;c__Bacteroidia;o__Bacteroidales;f__Bacteroidaceae;g__Bacteroides;s__Bacteroides_thetaiotaomicron	-0.0382139517094	-0.0434011278085	-0.00241979951756	0.00119267524796	0.0461738418038	-0.0414056578479	0.0153440479616	0.00470267171237	-0.0649332948403	0.00625554250095	1.0	-0.0509488851391	0.0346877154595	-0.0260601060679	0.00210409980156	0.0519344233148	-0.0235553217374	0.0231433804419	-0.0921379166012	0.0257635378466	0.0502091981327	-0.0173154201763	-0.054429186189	-0.0325363629535	0.0164160627838	-0.0258114069935	0.0246127683663	-0.00907037524846	-0.00469225190843	0.0312720944674	0.033860254848	0.0330321198864	0.00346485534739	-0.0268784590984	-0.0328065437273	-0.0210373376902	0.0273529870581	-0.00238948913714	0.0113443764698	-0.0682008767586	0.00299134644221	-0.119241455932	0.000504457496047	0.0178383404895	-0.0225049806304	-0.00993837843747	-0.0317109346994	0.0313816664271	-0.00224361312115	-0.050323464113	0.00839287540717	0.0186503132887	0.075391657682	-0.0347825269178	0.0136955088923	-0.0167299386235	-0.0367225337185	-0.031738120279	-0.0128524073022
k__Bacteria;p__Bacteroidetes;c__Bacteroidia;o__Bacteroidales;f__Bacteroidaceae;g__Bacteroides;s__Bacteroides_coprocola	-0.00365586075988	0.0247560079077	-0.00831901834137	-0.0235798720889	-0.00864251275018	-0.0139431382952	0.024233368467	-0.0119810266463	-0.0264435476153	0.0123205854268	-0.0509488851391	1.0	0.0332409641163	0.0400006843384	0.0422355089427	-0.027899857142	-0.0386415502175	-0.0744714143439	-0.00437217198531	-0.0156457724602	0.0422004980281	-0.0141124581539	-0.0728078409305	0.0453803361913	-0.0568282447326	0.0499940170617	0.0267512742738	-0.050577547715	0.0120549859233	0.0341186140139	-0.0372114808297	-0.0242053943273	-0.0243042738044	0.0146329030919	-0.0132730194852	-0.0887461871696	-0.0143543591718	-0.00279365721636	-0.00992990452637	0.00233430578695	-0.0412335522541	-0.0127291993508	0.00675830499903	0.0441663039409	0.00875785104429	0.0268928689317	-0.0202908950013	0.00145825147468	0.0176007692708	0.0241595971643	-0.0580279599477	0.0373460100126	0.097385065076	-0.0308566798983	-0.0273097268125	-0.0351226429025	-0.0317978658535	0.0101179269399	-0.0188210940962
k__Bacteria;p__Bacteroidetes;c__Bacteroidia;o__Bacteroidales;f__Bacteroidaceae;g__Bacteroides;s__Bacteroides_cellulosilyticus	-0.041610045409	-0.0204737601204	-0.0189757536779	-0.0122946396393	-0.076504509868	0.0101386480323	-0.025650824569	0.0471179829665	-0.0226041194799	-0.0186113406726	0.0346877154595	0.0332409641163	1.0	0.0076826893172	0.0427939343451	-0.023109116436	-0.055814104295	-0.075917919644	-0.00261881637262	0.00320529551836	0.00767506286664	-0.00808808774199	0.0304543716841	0.0193510712232	-0.0296797855671	-0.0139844360835	0.0538192085409	0.00853630584951	0.0290125615881	0.0119046770243	-0.0311443077739	0.00609769333624	-0.0358974139131	-0.0561370502616	-0.00156706289005	0.0273531609645	0.0425771791306	0.0278452948261	-0.0524252463556	0.0104852161839	0.0400120733018	-0.0688601199191	-0.079932978868	0.0199518423891	0.00791950099237	-0.0443540381111	0.0309637376046	0.0190341321027	-0.0277709939954	0.000475557979365	-0.00780498607093	0.0300378647317	0.0422068045022	0.00347129245556	-0.0490380200304	-0.0174080515076	-0.0307590160763	-0.0213869118251	-0.0312946459547
k__Bacteria;p__Bacteroidetes;c__Bacteroidia;o__Bacteroidales;f__Rikenellaceae;g__Alistipes;s__Alistipes_obesi	0.00497593135074	-0.071594806327	0.0395914103906	-0.000256898361283	-0.0308202382001	-0.0060248437722	-0.00048986556095	-0.0634197920685	-0.0286464281377	-0.0213009324142	-0.0260601060679	0.0400006843384	0.0076826893172	1.0	0.0681934872281	-0.0319609565796	-0.0579869315882	-0.05489978284	-0.020474618115	-0.0369188733886	-0.0147090721184	-0.00890039679876	-0.0236945171869	-0.0467336372492	0.0521534897815	-0.0127535637366	0.0561243938534	-0.0470341300405	-0.0225068277859	-0.0311827684572	-0.0309959820037	0.0188935814623	-0.00924195230133	-0.0160262784589	0.0254230396404	0.0256627965655	-0.0355481764809	0.0132529153203	0.0627719982988	-0.0339605528281	-0.0117302693735	0.0103948053161	-0.0184206776939	0.0117820847409	0.0481825806933	0.0300279889206	-0.0645011139576	-0.088143913195	-0.0233041712231	-0.0580284407658	-0.00869991310351	0.00514144168333	0.00413355307223	0.0339757815702	-0.0456764306022	-0.00599951152957	0.00993621042769	-0.0201962166167	-0.0117877213937
k__Bacteria;p__Firmicutes;c__Clostridia;o__Clostridiales;f__Lachnospiraceae;g__;s__[Eubacterium]_rectale	0.0389265943468	-0.0013076412592	-0.0409215453667	0.0261098851362	0.00402317121787	-0.0144777432519	-0.00595481856404	0.0111919490381	0.00435390028345	-0.0450199995343	0.00210409980156	0.0422355089427	0.0427939343451	0.0681934872281	1.0	-0.0153887283149	-0.0497897117007	-0.0393779625286	0.00778461346555	-0.00533785489454	-0.0454662728558	-0.120045727879	-0.0442112234507	0.0161566765877	-0.00888550967158	-0.0250683648372	-0.00759501861684	-0.0402900331647	-0.00636355652061	-0.00595798610628	0.0498590121572	-0.050939551785	0.00623421014763	-0.0342109149944	-0.0233362235681	1.81785481314e-05	0.0249151491496	-0.062306062025	-0.048717309418	0.0246779107611	-0.0254622933854	-0.012983035775	-0.0231425122252	-0.00356103257232	-0.0662472464591	-0.0158776904258	0.00174695160284	0.0228289408985	0.00875343022581	-0.0168197941032	-0.0439598989101	-0.0075978604978	0.051649375005	-0.0398906667656	-0.0148115308862	0.00964341909103	-0.0117232379605	0.0121073366574	-0.0537006966241
k__Bacteria;p__Bacteroidetes;c__Bacteroidia;o__Bacteroidales;f__Bacteroidaceae;g__Bacteroides;s__Bacteroides_plebeius	0.0321432617322	0.0226377371878	0.00846790418546	-0.0110081744098	0.0598033987849	-0.00778606864819	-0.0206478428787	0.00699228535627	-0.0785688907513	-0.0834392874375	0.0519344233148	-0.027899857142	-0.023109116436	-0.0319609565796	-0.0153887283149	1.0	-0.0351556813329	0.00886446553777	-0.0569474456981	-0.0104831223566	-0.031503386141	-0.0160944989117	0.0191179028637	0.0661347831118	0.037725098908	0.00411606644986	-0.0413881440626	0.0802740606256	-0.0225373436406	-0.015225705822	-0.0792401198825	0.0139648040446	-0.00447829170709	0.012716796524	0.000769472240423	-0.0638571540827	0.046474518887	-0.000713959045154	-0.0429776056008	0.000270651205826	0.0165875262748	-0.00630680698639	-0.014771754033	0.0203234137507	-0.0238690267137	-0.0911707213585	0.00908618764315	0.000170087467985	0.0479618122274	0.0241915313393	-0.0317613139293	0.00189986324499	-0.0546860693123	-0.0314212829444	0.0207046570122	-0.022742082451	-0.0401795139842	-0.0119404026074	-0.0256676021537
k__Bacteria;p__Bacteroidetes;c__Bacteroidia;o__Bacteroidales;f__Bacteroidaceae;g__Bacteroides;s__Bacteroides_fragilis	-0.0283645599308	0.0126129833406	0.0967385489665	-0.0258997067953	0.0279261858416	-0.0191511018471	-0.047156140352	0.00639220402074	0.0348828124678	-0.0259450887562	-0.0235553217374	-0.0386415502175	-0.055814104295	-0.0579869315882	-0.0497897117007	-0.0351556813329	1.0	-0.0251532010772	-0.0345444351927	0.0195483864576	-0.0179630492853	0.0203957021751	-0.00504669541875	-0.0290899004817	-0.0311230085424	0.0137925051146	-0.0294917644865	-0.0138636792251	0.0531219882478	-0.0583394887799	-0.02337685274	0.0525654872672	0.0154837030681	-0.0132551683543	0.0792843932678	0.0133433648446	0.0146035211501	0.00557730826602	-0.0129754113985	0.0274365607453	-0.0622111641736	-0.0152204527257	-0.0013836334395	-0.0350171249276	0.0183059330129	-0.0613695158934	-0.022316340506	0.0111839400311	0.0344745423724	-0.00505390543561	0.0688527381596	-0.00738311070132	-0.04263618497	-0.0207569205981	-0.0742542613121	0.0195423972192	-0.0289865548265	0.0292360592901	-0.0312484857735
k__Bacteria;p__Proteobacteria;c__Betaproteobacteria;o__Burkholderiales;f__Sutterellaceae;g__Sutterella;s__Sutterella_wadsworthensis	-0.085761066875	0.0334711344752	0.0236948208476	0.0212639346092	-0.0367689287286	-0.00268143916266	0.00434859224072	-0.0665630615796	0.0346905118993	0.0256041467636	0.0231433804419	-0.0744714143439	-0.075917919644	-0.05489978284	-0.0393779625286	0.00886446553777	-0.0251532010772	1.0	0.0427144710377	0.0202987720106	0.059676996063	-0.00686411221745	-0.0225965341418	-0.03923791088	-0.00131377260059	0.00196222455486	0.0090090259918	0.0131714073304	-0.0396909806131	-0.00638883553117	0.0331941812865	0.00970816654769	0.0166009609353	0.0115224326532	0.00314509789896	-0.0227395440317	-0.00663052136215	0.058602269507	-0.0268367167334	-0.00775372302031	0.0194797982707	-0.0474928221285	0.0410343018738	-0.0184399929964	-0.0234974978989	0.0486796541632	0.0142628080571	-0.0461994247404	-0.0731613244708	0.00705857211576	-0.0173748517645	0.0288378776086	-0.050925970873	-0.0161189407599	0.0357873008089	-0.0308710522466	-0.00515600171686	-0.0117852925925	-0.0188708328736
k__Bacteria;p__Bacteroidetes;c__Bacteroidia;o__Bacteroidales;f__Porphyromonadaceae;g__Barnesiella;s__Barnesiella_intestinihominis	0.0246917289576	0.0371021266847	-0.0396840900471	0.0429336190374	-0.00468947359616	-0.0368105632536	0.0197814105961	-0.0505587694062	-0.0493988252134	-0.000282152819357	-0.0921379166012	-0.00437217198531	-0.00261881637262	-0.020474618115	0.00778461346555	-0.0569474456981	-0.0345444351927	0.0427144710377	1.0	0.0102261179864	-0.0182962193979	0.016483670139	0.00913467873456	-0.0498909073086	0.106286690361	0.00635645336438	-0.03588589869	-0.00538195901811	-0.0511234340251	-0.0190038021759	0.0469280717996	-0.0289934745486	-0.0422388282668	-0.00767469013176	0.0550993204177	0.0302161111744	0.00968020488381	-0.0124777767347	-0.0455120824741	-0.0410954973621	-0.0309226717597	-0.00792890115612	-0.0164690772435	-0.0449812757273	0.0242869577467	-0.0398636201852	-0.0282012990971	0.0450218279278	-0.0346372038114	0.0374119830761	-0.0565651773674	0.024340640299	0.0516474702988	-0.0341588779496	-0.0322993736221	0.0203715338969	0.00574201845591	0.0122014719795	0.0279236406874
k__Bacteria;p__Bacteroidetes;c__Bacteroidia;o__Bacteroidales;f__Odoribacteraceae;g__Odoribacter;s__Odoribacter_splanchnicus	0.0573005365704	-0.00791100504354	0.040537982959	0.0219001978449	0.0166003066323	0.044984312701	-0.0842174754177	-0.0649004191425	0.0172683625403	0.00448697410938	0.0257635378466	-0.0156457724602	0.00320529551836	-0.0369188733886	-0.00533785489454	-0.0104831223566	0.0195483864576	0.0202987720106	0.0102261179864	1.0	-0.0257511835817	-0.0437360321926	1.17904317341e-05	-0.0787101938021	0.0124756237825	0.00701033059617	0.00409899381512	-0.0349061630783	0.00213765597557	-0.0305369552362	-0.114078993779	-9.96891329065e-05	-0.0208349100911	-0.0296693042004	-0.0213852448195	-0.00917071758832	0.00151836117527	-0.0141687540546	-0.000897471164319	0.0325528437791	-0.0708372268191	-0.00510766019746	0.0252050866759	0.0100084490857	0.00376658929118	-0.034660277412	-0.0262172199143	-0.00708466451046	-0.0278506982172	-0.0558151328009	0.0229559993682	-0.0505046033466	0.0438857259104	-0.0287372447697	0.0291069198298	0.00845450888551	-0.023378629459	0.0115059996175	-0.00105589284491
k__Bacteria;p__Bacteroidetes;c__Bacteroidia;o__Bacteroidales;f__Bacteroidaceae;g__Bacteroides;s__Bacteroides_salyersiae	-0.0627784237915	-0.0389908212401	-0.0341432894503	-0.0396154467678	-0.00672298837638	0.0626359108313	-0.0313129957715	-0.0272283612584	-0.0442089143832	0.0246440947669	0.0502091981327	0.0422004980281	0.00767506286664	-0.0147090721184	-0.0454662728558	-0.031503386141	-0.0179630492853	0.059676996063	-0.0182962193979	-0.0257511835817	1.0	-0.0711028610824	0.046246691012	-0.0335419109946	-0.0151110727577	0.000402603784324	-0.0515360420838	0.0237364331635	-0.0147604990192	-0.0204032400592	0.0419260227903	-0.0416940209834	0.0512680492717	0.0440028097744	0.0503935015626	0.00920448156607	-0.0410770111264	-0.00926953335568	-0.0611436458094	-0.0239762566672	-0.0221640776905	0.0483399450973	0.0253536305722	-0.0046281502609	-0.0332729728374	-0.0149699110274	0.0278122105309	-0.0276335830254	-0.0388962877828	-0.0356831879743	0.00246992785822	0.000334813895908	-0.0669686805493	0.0753193191259	0.0199922999922	-0.00471841034404	-0.0141231458526	-0.0488728663732	-0.0659769111249
k__Bacteria;p__Firmicutes;c__Clostridia;o__Clostridiales;f__Ruminococcaceae;g__Ruminiclostridium;s__[Eubacterium]_siraeum	-0.00225860981384	0.00287365975454	-0.0667077789289	-0.0272731700956	-0.0118808071869	-0.00152551782089	-0.0493985976409	-0.000236330248753	-0.0182898638305	-0.0168126385833	-0.0173154201763	-0.0141124581539	-0.00808808774199	-0.00890039679876	-0.120045727879	-0.0160944989117	0.0203957021751	-0.00686411221745	0.016483670139	-0.0437360321926	-0.0711028610824	1.0	0.0231331193496	0.0393618972861	0.0346018801132	0.00464344469247	0.00811324502651	-0.00167968301569	-0.00642665657046	-0.0687276355747	-0.0573711338401	-0.00730042799406	-0.0162314623903	-0.0477439728389	-0.0627824049375	-0.0447192915172	-0.0638222834943	-0.00566176503491	-0.0212724083778	-0.020031624674	-0.010659248018	0.0222020655783	0.000500420985302	0.0788237679784	0.0490472830961	-0.0116535707548	-0.0463322497236	0.0201264792697	0.00651234940955	-0.00902763271575	-0.00904147364949	0.0331862876745	0.028594238393	0.0158848634537	0.000422141157974	-0.0172688351682	0.00233561135684	-0.0126524903347	-0.0421586908946
k__Bacteria;p__Proteobacteria;c__Betaproteobacteria;o__Burkholderiales;f__Sutterellaceae;g__Parasutterella;s__Parasutterella_excrementihominis	-0.0691901745273	0.0168510090881	0.016125399904	-0.0609745877507	-0.00985452356105	-0.0555249211561	-0.0165725251235	0.020577732442	-0.0431811492649	0.0101848638769	-0.054429186189	-0.0728078409305	0.0304543716841	-0.0236945171869	-0.0442112234507	0.0191179028637	-0.00504669541875	-0.0225965341418	0.00913467873456	1.17904317341e-05	0.046246691012	0.0231331193496	1.0	-0.0115020530664	0.00727049464492	0.0306836344703	-0.00594099915345	-0.00225493441008	-0.0408040078144	-0.0108059486925	-0.00430046986401	0.0370842346752	-0.00686659721791	0.00335922242386	-0.0240995437089	-0.0234391000894	0.0421434207094	-0.016101677628	-0.0260073169566	-0.0251931751008	0.0488357929116	-0.0184812333086	-0.060976385166	-0.0316735418753	0.0265928389334	0.00515263687562	0.0338603901548	-0.00225732136766	0.0154219255954	-0.0412375361648	-0.0109843435569	-0.0405851892258	0.00974783682941	-0.0061745415862	-0.010445144231	-0.058725476646	0.0132727788137	-0.0176635722018	-0.0747465632424
k__Bacteria;p__Actinobacteria;c__Actinobacteria;o__Bifidobacteriales;f__Bifidobacteriaceae;g__Bifidobacterium;s__Bifidobacterium_adolescentis	-0.0325302829729	-0.0349774540541	-0.0339990037501	-0.0203188888287	-0.0069164008888	0.0033061108289	0.00284590865014	0.009990761976	0.00945202534717	-0.0407912866068	-0.0325363629535	0.0453803361913	0.0193510712232	-0.0467336372492	0.0161566765877	0.0661347831118	-0.0290899004817	-0.03923791088	-0.0498909073086	-0.0787101938021	-0.0335419109946	0.0393618972861	-0.0115020530664	1.0	0.0199126111344	-0.037258728094	0.00978636465618	-0.046883512465	0.0448441281051	-0.0274456872283	0.014453166424	-0.00056125102244	-0.0186757607024	0.0295889622314	-0.00741847203008	-0.028605202994	-0.0173673509769	0.00909670657517	-0.0133397397167	0.082332468301	-0.0876299480339	0.00085599306181	-0.0413200288853	-0.064177217127	-0.0271339443805	-0.0519103999751	0.0570019847915	-0.00301716169571	-0.0362000538787	0.0168966837486	-0.00602190624655	-0.0599900300961	0.0116179951488	-0.0409777283793	-0.00820520524939	-0.0258860418623	-0.0204680335809	-0.00437070320172	0.0077673683956
k__Bacteria;p__Firmicutes;c__Clostridia;o__Clostridiales;f__Oscillospiraceae;g__Oscillibacter;s__Oscillibacter_sp._KLE_1745	-0.0262455438045	-0.0566981896896	0.0146417341677	0.0215531979743	0.0131111081058	0.0312408940258	0.067273742834	-0.0242881927675	-0.0112505052388	-0.00545907037808	0.0164160627838	-0.0568282447326	-0.0296797855671	0.0521534897815	-0.00888550967158	0.037725098908	-0.0311230085424	-0.00131377260059	0.106286690361	0.0124756237825	-0.0151110727577	0.0346018801132	0.00727049464492	0.0199126111344	1.0	0.0221025833252	-0.019783069058	0.0489336078158	0.0316559999664	0.0312135373853	0.00461290945099	-0.0122353353803	0.0269141636874	-0.00482977579581	0.0308293196072	-0.0410743194774	-0.0190519771564	-0.0758318956707	-0.0547589838979	-0.0804115473813	0.00723044911068	0.000726421943974	-0.0166910054624	-0.0204163222637	-0.0690691692962	-0.0044784448999	-0.0743741710241	-0.0367445911063	-0.0191675920882	-0.0240716331512	-0.064298494291	0.0337303673546	0.0287144825196	0.0142564203053	-0.0104213930719	-0.0178543119634	-0.0212544716559	-0.0514701891059	-0.00949250282094
k__Bacteria;p__Bacteroidetes;c__Bacteroidia;o__Bacteroidales;f__Bacteroidaceae;g__Bacteroides;s__Bacteroides_coprophilus	0.0812108100216	-0.065409188104	-0.0691596533389	-0.0248191551259	0.0161925716433	-0.0662317321439	-0.00608870225852	-0.00441287692758	0.0487990843374	0.0141862536516	-0.0258114069935	0.0499940170617	-0.0139844360835	-0.0127535637366	-0.0250683648372	0.00411606644986	0.0137925051146	0.00196222455486	0.00635645336438	0.00701033059617	0.000402603784324	0.00464344469247	0.0306836344703	-0.037258728094	0.0221025833252	1.0	0.0108158922656	-0.0135933432128	-0.0121014829362	0.0183406158761	-0.048398283279	-0.0351067609994	-0.0310449200599	0.0277892786135	-0.00999073624708	0.0364464501978	0.0486309736341	-0.0209787288794	0.0251794522892	-0.0473485889044	-0.00454908979851	0.00930018785771	0.0300860813586	0.00846920886133	0.00785210712909	0.0219714757009	0.0109990377878	-0.000552424898687	0.00591534176424	0.00954108100394	-0.00838475808693	-0.0412964924035	-0.0464447133194	-0.0492603053934	-0.0059761505261	0.00389202626656	0.0664670532949	-0.00918070224922	-0.0126385851017
k__Bacteria;p__Firmicutes;c__Clostridia;o__Clostridiales;f__Lachnospiraceae;g__Roseburia;s__Roseburia_intestinalis	-0.0383141344454	-0.0228438681671	-0.0319703206284	-0.0395045213571	-0.00769860630036	-0.019399592204	-0.0338868296865	-0.00552652292904	0.0625377933472	-0.00903202742288	0.0246127683663	0.0267512742738	0.0538192085409	0.0561243938534	-0.00759501861684	-0.0413881440626	-0.0294917644865	0.0090090259918	-0.03588589869	0.00409899381512	-0.0515360420838	0.00811324502651	-0.00594099915345	0.00978636465618	-0.019783069058	0.0108158922656	1.0	-0.0857221889807	-0.0500358704102	-0.0562258096878	0.00976924174606	-0.0223134109677	0.0186029694778	-0.0274346697972	-0.028465268195	-0.00345847718475	0.0270524807675	0.0214821626275	0.0273873858844	-0.0732776896033	0.014810239273	0.0261453091946	0.0361548681891	-0.0259718252198	-0.0614004518204	0.00338600763188	-0.0318677118268	0.0493574431918	0.050113163996	0.0687701678146	-0.0346292774136	0.0171248771132	0.0375574877783	0.0066290830098	-0.0368361275714	0.0353368266739	0.00143825191942	-0.00821528309178	-0.0183117855909
k__Bacteria;p__Firmicutes;c__Clostridia;o__Clostridiales;f__Lachnospiraceae;g__Roseburia;s__Roseburia_hominis	0.0150719893435	-0.0389918403332	-0.0506631774954	0.00725475679735	-0.0220650219706	0.0341384991709	0.00623444290669	0.0397554788258	-0.06125819515	-0.0524633357244	-0.00907037524846	-0.050577547715	0.00853630584951	-0.0470341300405	-0.0402900331647	0.0802740606256	-0.0138636792251	0.0131714073304	-0.00538195901811	-0.0349061630783	0.0237364331635	-0.00167968301569	-0.00225493441008	-0.046883512465	0.0489336078158	-0.0135933432128	-0.0857221889807	1.0	-0.0429606483732	-0.0626757171134	-0.00633078357004	0.0262484755874	-0.0150547055464	0.0272066603886	-0.0433515566536	0.0484026190348	0.0169492914155	-0.00307637828092	0.0312754347412	-0.0567553391402	0.0084695683159	-0.00147639369401	0.00649875982852	0.0329170359831	0.0488616485385	-0.0102047845381	0.026797204103	-0.0469896766237	-0.00898292992462	0.0290783093294	-0.0418571471971	-0.0175055293822	-0.00540941485759	0.019040319521	0.00256577584659	0.0238419018003	-0.0366176492612	0.0194753035029	-0.0303774605226
k__Bacteria;p__Bacteroidetes;c__Bacteroidia;o__Bacteroidales;f__Porphyromonadaceae;g__Parabacteroides;s__Parabacteroides_johnsonii	-0.0523959711534	-0.0305736415378	0.00927785484225	-0.00528307895173	-0.0172560463602	0.0906552568841	-0.0277471715203	-0.114855283217	-0.0275890340231	0.01245486957	-0.00469225190843	0.0120549859233	0.0290125615881	-0.0225068277859	-0.00636355652061	-0.0225373436406	0.0531219882478	-0.0396909806131	-0.0511234340251	0.00213765597557	-0.0147604990192	-0.00642665657046	-0.0408040078144	0.0448441281051	0.0316559999664	-0.0121014829362	-0.0500358704102	-0.0429606483732	1.0	-0.0440238731666	0.0292701330057	-0.0227684650659	-0.00979791340736	-0.0473118317265	0.00312197440046	-0.00883493207284	0.0102001367751	0.055909167464	0.00456752259126	0.0183253256998	0.0135064844276	0.0558481392524	-0.035902404403	-0.0713075269134	-0.0176681750356	0.0107846593049	-0.030986272549	-0.0125187335569	0.0234080128113	-0.053444278638	-0.0467121719924	-0.0136824441376	0.0390620782574	-0.0134545407256	0.0347840300625	0.00323111536103	0.0820190472554	-0.0238629708131	0.0233930613842
k__Bacteria;p__Actinobacteria;c__Actinobacteria;o__Bifidobacteriales;f__Bifidobacteriaceae;g__Bifidobacterium;s__Bifidobacterium_longum	-0.0143561548992	-0.0413572212522	-0.0339921655194	-0.0606301956034	-0.0124837409867	0.0267944276564	0.0440753703102	-0.0266871066151	-0.0386672554506	0.00128113613803	0.0312720944674	0.0341186140139	0.0119046770243	-0.0311827684572	-0.00595798610629	-0.015225705822	-0.0583394887799	-0.00638883553117	-0.0190038021759	-0.0305369552362	-0.0204032400592	-0.0687276355747	-0.0108059486925	-0.0274456872283	0.0312135373853	0.0183406158761	-0.0562258096878	-0.0626757171134	-0.0440238731666	1.0	-0.0738465836007	0.0123134299124	-0.0576908547857	0.00285784307995	-0.0218125706864	0.0127010710433	-0.00883141364008	0.0661870018084	0.0296460136877	-0.0214152586487	0.015947243957	0.000158351155512	-0.0053532890591	-0.0413996902307	0.0445970223336	0.0373538778041	0.034940143425	0.0210909928948	-0.00778377353275	0.0368923276214	-0.0394959810463	-0.0327168545308	-0.0387862337554	-0.025836992072	0.0274555033191	0.000941809818901	0.0391649344947	-0.0234305610413	-0.0221993402462
