#taxonomy	k__Bacteria;p__Bacteroidetes;c__Bacteroidia;o__Bacteroidales;f__Bacteroidaceae;g__Bacteroides;s__Bacteroides_vulgatus	k__Bacteria;p__Bacteroidetes;c__Bacteroidia;o__Bacteroidales;f__Bacteroidaceae;g__Bacteroides;s__Bacteroides_uniformis	k__Bacteria;p__Bacteroidetes;c__Bacteroidia;o__Bacteroidales;f__Rikenellaceae;g__Alistipes;s__Alistipes_putredinis	k__Bacteria;p__Bacteroidetes;c__Bacteroidia;o__Bacteroidales;f__Prevotellaceae;g__Prevotella;s__Prevotella_copri	k__Bacteria;p__Bacteroidetes;c__Bacteroidia;o__Bacteroidales;f__Bacteroidaceae;g__Bacteroides;s__Bacteroides_stercoris	k__Bacteria;p__Bacteroidetes;c__Bacteroidia;o__Bacteroidales;f__Bacteroidaceae;g__Bacteroides;s__Bacteroides_ovatus	k__Bacteria;p__Bacteroidetes;c__Bacteroidia;o__Bacteroidales;f__Rikenellaceae;g__Alistipes;s__Alistipes_shahii	k__Bacteria;p__Firmicutes;c__Clostridia;o__Clostridiales;f__Ruminococcaceae;g__Faecalibacterium;s__Faecalibacterium_prausnitzii	k__Bacteria;p__Bacteroidetes;c__Bacteroidia;o__Bacteroidales;f__Rikenellaceae;g__Alistipes;s__Alistipes_finegoldii	k__Bacteria;p__Bacteroidetes;c__Bacteroidia;o__Bacteroidales;f__Porphyromonadaceae;g__Parabacteroides;s__Parabacteroides_distasonis	k__Bacteria;p__Bacteroidetes;c__Bacteroidia;o__Bacteroidales;f__Bacteroidaceae;g__Bacteroides;s__Bacteroides_thetaiotaomicron	k__Bacteria;p__Bacteroidetes;c__Bacteroidia;o__Bacteroidales;f__Bacteroidaceae;g__Bacteroides;s__Bacteroides_coprocola	k__Bacteria;p__Bacteroidetes;c__Bacteroidia;o__Bacteroidales;f__Bacteroidaceae;g__Bacteroides;s__Bacteroides_cellulosilyticus	k__Bacteria;p__Bacteroidetes;c__Bacteroidia;o__Bacteroidales;f__Rikenellaceae;g__Alistipes;s__Alistipes_obesi	k__Bacteria;p__Firmicutes;c__Clostridia;o__Clostridiales;f__Lachnospiraceae;g__;s__[Eubacterium]_rectale	k__Bacteria;p__Bacteroidetes;c__Bacteroidia;o__Bacteroidales;f__Bacteroidaceae;g__Bacteroides;s__Bacteroides_plebeius	k__Bacteria;p__Bacteroidetes;c__Bacteroidia;o__Bacteroidales;f__Bacteroidaceae;g__Bacteroides;s__Bacteroides_fragilis	k__Bacteria;p__Proteobacteria;c__Betaproteobacteria;o__Burkholderiales;f__Sutterellaceae;g__Sutterella;s__Sutterella_wadsworthensis	k__Bacteria;p__Bacteroidetes;c__Bacteroidia;o__Bacteroidales;f__Porphyromonadaceae;g__Barnesiella;s__Barnesiella_intestinihominis	k__Bacteria;p__Bacteroidetes;c__Bacteroidia;o__Bacteroidales;f__Odoribacteraceae;g__Odoribacter;s__Odoribacter_splanchnicus	k__Bacteria;p__Bacteroidetes;c__Bacteroidia;o__Bacteroidales;f__Bacteroidaceae;g__Bacteroides;s__Bacteroides_salyersiae	k__Bacteria;p__Firmicutes;c__Clostridia;o__Clostridiales;f__Ruminococcaceae;g__Ruminiclostridium;s__[Eubacterium]_siraeum	k__Bacteria;p__Proteobacteria;c__Betaproteobacteria;o__Burkholderiales;f__Sutterellaceae;g__Parasutterella;s__Parasutterella_excrementihominis	k__Bacteria;p__Actinobacteria;c__Actinobacteria;o__Bifidobacteriales;f__Bifidobacteriaceae;g__Bifidobacterium;s__Bifidobacterium_adolescentis	k__Bacteria;p__Firmicutes;c__Clostridia;o__Clostridiales;f__Oscillospiraceae;g__Oscillibacter;s__Oscillibacter_sp._KLE_1745	k__Bacteria;p__Bacteroidetes;c__Bacteroidia;o__Bacteroidales;f__Bacteroidaceae;g__Bacteroides;s__Bacteroides_coprophilus	k__Bacteria;p__Firmicutes;c__Clostridia;o__Clostridiales;f__Lachnospiraceae;g__Roseburia;s__Roseburia_intestinalis	k__Bacteria;p__Firmicutes;c__Clostridia;o__Clostridiales;f__Lachnospiraceae;g__Roseburia;s__Roseburia_hominis	k__Bacteria;p__Bacteroidetes;c__Bacteroidia;o__Bacteroidales;f__Porphyromonadaceae;g__Parabacteroides;s__Parabacteroides_johnsonii	k__Bacteria;p__Actinobacteria;c__Actinobacteria;o__Bifidobacteriales;f__Bifidobacteriaceae;g__Bifidobacterium;s__Bifidobacterium_longum	k__Bacteria;p__Firmicutes;c__Clostridia;o__Clostridiales;f__;g__Flavonifractor;s__Flavonifractor_plautii	k__Bacteria;p__Firmicutes;c__Clostridia;o__Clostridiales;f__Clostridiaceae;g__Clostridium;s__Clostridium_phoceensis	k__Bacteria;p__Verrucomicrobia;c__Verrucomicrobiae;o__Verrucomicrobiales;f__Akkermansiaceae;g__Akkermansia;s__Akkermansia_muciniphila	k__Bacteria;p__Bacteroidetes;c__Bacteroidia;o__Bacteroidales;f__Prevotellaceae;g__Paraprevotella;s__Paraprevotella_xylaniphila	k__Bacteria;p__Firmicutes;c__Clostridia;o__Clostridiales;f__Ruminococcaceae;g__Ruminococcus;s__Ruminococcus_callidus	k__Bacteria;p__Bacteroidetes;c__Bacteroidia;o__Bacteroidales;f__Rikenellaceae;g__Alistipes;s__Alistipes_senegalensis	k__Bacteria;p__Firmicutes;c__Clostridia;o__Clostridiales;f__Lachnospiraceae;g__Blautia;s__Blautia_sp._KLE_1732	k__Bacteria;p__Bacteroidetes;c__Bacteroidia;o__Bacteroidales;f__Bacteroidaceae;g__Bacteroides;s__Bacteroides_oleiciplenus	k__Bacteria;p__Firmicutes;c__Clostridia;o__Clostridiales;f__Ruminococcaceae;g__Ruminococcus;s__Ruminococcus_bicirculans	k__Bacteria;p__Bacteroidetes;c__Bacteroidia;o__Bacteroidales;f__Bacteroidaceae;g__Bacteroides;s__Bacteroides_fluxus	k__Bacteria;p__Bacteroidetes;c__Bacteroidia;o__Bacteroidales;f__Prevotellaceae;g__Prevotella;s__Prevotella_stercorea	k__Bacteria;p__Firmicutes;c__Clostridia;o__Clostridiales;f__Lachnospiraceae;g__Dorea;s__Dorea_longicatena	k__Bacteria;p__Firmicutes;c__Clostridia;o__Clostridiales;f__Eubacteriaceae;g__Eubacterium;s__[Eubacterium]_eligens	k__Bacteria;p__Firmicutes;c__Clostridia;o__Clostridiales;f__Ruminococcaceae;g__;s__Ruminococcaceae_bacterium_D16	k__Bacteria;p__Firmicutes;c__Clostridia;o__Clostridiales;f__Lachnospiraceae;g__Coprococcus;s__Coprococcus_comes	k__Bacteria;p__Proteobacteria;c__Gammaproteobacteria;o__Enterobacterales;f__Enterobacteriaceae;g__Escherichia;s__Escherichia_coli	k__Bacteria;p__Firmicutes;c__Clostridia;o__Clostridiales;f__Ruminococcaceae;g__Anaerotruncus;s__Anaerotruncus_colihominis	k__Bacteria;p__Firmicutes;c__Clostridia;o__Clostridiales;f__Lachnospiraceae;g__Blautia;s__Blautia_obeum	k__Bacteria;p__Bacteroidetes;c__Bacteroidia;o__Bacteroidales;f__Odoribacteraceae;g__Odoribacter;s__Odoribacter_laneus	k__Bacteria;p__Firmicutes;c__Clostridia;o__Clostridiales;f__Ruminococcaceae;g__Ruminiclostridium;s__[Clostridium]_leptum	k__Bacteria;p__Bacteroidetes;c__Bacteroidia;o__Bacteroidales;f__Porphyromonadaceae;g__Parabacteroides;s__Parabacteroides_goldsteinii	k__Bacteria;p__Firmicutes;c__Clostridia;o__Clostridiales;f__Lachnospiraceae;g__Anaerostipes;s__Anaerostipes_hadrus	k__Bacteria;p__Firmicutes;c__Clostridia;o__Clostridiales;f__Ruminococcaceae;g__Ruminococcus;s__Ruminococcus_lactaris	k__Bacteria;p__Firmicutes;c__Clostridia;o__Clostridiales;f__Clostridiaceae;g__Clostridium;s__Clostridium_sp._L2-50	k__Bacteria;p__Firmicutes;c__Clostridia;o__Clostridiales;f__Clostridiaceae;g__Clostridium;s__Clostridium_sp._M62/1	k__Bacteria;p__Firmicutes;c__Clostridia;o__Clostridiales;f__;g__Intestinimonas;s__Intestinimonas_butyriciproducens	k__Bacteria;p__Actinobacteria;c__Actinobacteria;o__Bifidobacteriales;f__Bifidobacteriaceae;g__Bifidobacterium;s__Bifidobacterium_bifidum	k__Bacteria;p__Firmicutes;c__Negativicutes;o__Veillonellales;f__Veillonellaceae;g__Dialister;s__Dialister_invisus	k__Bacteria;p__Bacteroidetes;c__Bacteroidia;o__Bacteroidales;f__Bacteroidaceae;g__Bacteroides;s__Bacteroides_salanitronis
k__Bacteria;p__Bacteroidetes;c__Bacteroidia;o__Bacteroidales;f__Bacteroidaceae;g__Bacteroides;s__Bacteroides_vulgatus	1.0	-0.0277530500968	0.0303439338514	-0.022534497219	-0.0297423234197	0.00985014950761	0.0235374822667	-0.0118509443247	0.0140871203343	-0.0404296014981	0.0204298742132	-0.032559536988	0.00674073564041	-0.0238013770395	0.0279040121091	0.000902430626268	0.00550784101218	0.00743447172946	-0.013765072841	-0.0300814047471	-0.00339629515745	-0.0537450443449	0.0043726830448	-0.0165377250794	-0.010317970569	0.0981097470701	-0.0458004833436	-0.0301252635184	-0.0348675191742	-0.0138409064537	-0.00777356146219	0.0178380475154	0.00761608917721	-0.0238799358578	0.0774690259661	-0.0109204124807	-0.0293410455729	-0.0236819966603	-0.00297468140904	-0.00688078279687	0.0264918265588	-0.00439170372404	-0.0327260300364	-0.0207473356343	-0.00226246035284	-0.0672678581916	-0.0304174543209	0.0352803213334	-0.00835357972491	-9.93890607801e-05	0.0659847506792	0.0106242622355	-0.0216882503029	-0.0234807554928	0.0359948743075	0.0381671254776	-0.0239301447995	0.0266442325625	-0.0213276910753
k__Bacteria;p__Bacteroidetes;c__Bacteroidia;o__Bacteroidales;f__Bacteroidaceae;g__Bacteroides;s__Bacteroides_uniformis	-0.0277530500968	1.0	-0.0644726382061	0.0332284974655	-0.0160308356239	-0.0570211316249	-0.00190640146517	0.0452256559451	0.00376240473509	0.0255673923063	0.04730087974	0.0697241679165	-0.0409908760254	-0.012723401788	0.00609901854455	-0.0421525615576	-0.0449977230542	0.00539601210187	-0.0359407604119	0.0250645035946	0.0135382978432	-0.0777251599917	-0.0262927304619	-0.0240360505428	0.000442673210967	-0.0727310513831	0.00180647040246	0.00474737393172	0.036739219203	0.0127349778301	-0.000136810129356	-0.0191302149271	-0.0322592184499	-0.0207297259671	0.0388069911121	-0.015960347891	0.0319982532187	-0.00722895904657	-0.0451663283379	0.0153943566772	-0.014509022966	0.0136686627152	0.0254693974426	-0.0198073017119	-0.00312858324168	0.000343415041712	-0.0609265157266	-0.0416159890882	-0.0125552975282	-0.0371941959581	-0.0556394943445	-0.0379301623377	-0.0256520869201	-0.0135014866277	-0.00256512980747	0.0319129523393	-0.0690209511738	-0.00426072940066	0.0295343832166
k__Bacteria;p__Bacteroidetes;c__Bacteroidia;o__Bacteroidales;f__Rikenellaceae;g__Alistipes;s__Alistipes_putredinis	0.0303439338514	-0.0644726382061	1.0	-0.00601084622076	-0.0205757443599	-0.0461496889473	-0.0082758422608	-0.00272842393677	0.0491606155406	-0.00394651024507	-0.0115914283985	-0.0305563916173	0.0686514524128	0.0143514364083	0.0425507147785	-0.0664328289296	-0.0350410307513	0.0155636740228	-0.00615736077391	-0.0165085963069	0.0550637455847	-0.0226511376479	-0.0578262847913	-0.0279181973201	0.00763535173867	-0.0104091471354	0.0260590926223	-0.00904246185681	-0.0189783301203	-0.0140281402426	0.0431960074553	-0.0848877605574	0.0228088930156	0.0284034999892	-0.0372585093432	0.00460824284048	0.0168055442459	-0.016050786784	0.0273713950753	-0.0674415317686	-0.00683627674536	-0.00724913581248	-0.0451366088976	-0.00946421955234	0.0032266522862	-0.0304512777016	-0.0428864913269	0.0483954131442	-0.016169070565	0.0397674993878	-0.0229651641065	-0.000878281608142	0.0216878211074	0.00554321198261	-0.0136160910897	0.00524669879799	-0.00749141867094	0.00752345889444	-0.0214405432099
k__Bacteria;p__Bacteroidetes;c__Bacteroidia;o__Bacteroidales;f__Prevotellaceae;g__Prevotella;s__Prevotella_copri	-0.022534497219	0.0332284974655	-0.00601084622076	1.0	-0.0354919241669	-0.0330901547245	0.0371096801011	-0.00161841667797	-0.0202912179553	-0.0140281517989	-0.0518354231978	-0.092724237628	-0.0555993289207	-0.0216721231737	-0.0154767318468	-0.0121074128346	-0.0284598392399	-0.00957195722276	0.00146916083889	0.04743607932	-0.0132357526961	-0.00934089054708	-0.013845754346	0.00876662890986	0.0217730200525	-0.0120858092895	-0.0316763534797	0.015884027246	0.0269711658598	-0.00633801427946	-0.0543385583351	0.0911238373507	0.0395127638447	0.0250121062184	0.0599042273694	-0.00120872569424	-0.0360213249522	0.00164425919016	-0.00297025496011	0.0182452148665	-0.0170350878458	-0.0421943653521	-0.00250770200282	-0.0459184274129	-0.0987538507586	-0.030805497899	-0.0308794960467	-0.0711070807208	-0.0234489794232	-0.0283556463028	-0.0314714641413	0.00941938641396	-0.0579749142119	-0.0414827087501	-0.00658552555559	-0.0218134920003	0.0230993879	0.0155670600214	-0.00961739626388
k__Bacteria;p__Bacteroidetes;c__Bacteroidia;o__Bacteroidales;f__Bacteroidaceae;g__Bacteroides;s__Bacteroides_stercoris	-0.0297423234197	-0.0160308356239	-0.0205757443599	-0.0354919241669	1.0	0.0102135761558	-0.0123384420438	-0.00525359886488	-0.0091263919463	-0.025832008573	-0.0414506676817	0.00441652977442	-0.0171366366611	-0.00929926916301	-0.0412821353116	-0.0553460657421	0.0370208334856	0.00754824152438	0.00595987314079	0.0631293474813	-0.00122937711233	0.0172986171478	-0.0510944224253	-0.0285528389883	-0.0073556368794	-0.00607329799603	-0.0492215770424	-0.00472847245424	-0.00709664632913	-0.0186890831819	0.0440805438366	-0.00163794893702	-0.0323690850185	0.0289375561314	-0.0416666571056	0.00249243017128	-0.0183344775642	0.0425398940764	-0.0349843482723	-0.0270941177258	-0.0126896729263	0.0160977558119	-0.0107912172622	0.0141969821383	0.0308362449487	0.0183393598111	-0.0224509466959	-0.00193980985053	-0.0122109194943	-0.0339496014204	0.0364248968965	0.0176277219402	-0.00565279063202	-0.0564624014407	-0.0157126242241	0.0694326739045	-0.0778614800834	0.0718914182591	0.00456083177775
k__Bacteria;p__Bacteroidetes;c__Bacteroidia;o__Bacteroidales;f__Bacteroidaceae;g__Bacteroides;s__Bacteroides_ovatus	0.00985014950761	-0.0570211316249	-0.0461496889473	-0.0330901547245	0.0102135761558	1.0	-0.0450511902678	0.0496218562632	0.0160770498071	0.0626287493617	-0.000576339739834	-0.0179059940554	0.0501566661119	0.0184897577761	0.0204610735956	0.0211373127245	-0.0199564219072	0.027240244569	-0.00401786950614	-0.0560507895003	-0.0321216206993	-0.0166148919893	0.0314744377386	0.0506984355486	-0.00764502215818	0.0117532303166	0.0208577118444	-0.00885717984367	-0.0170735243633	0.00741471269971	0.00778355314862	-0.0575858421523	-0.0757116434375	0.0453546259284	-0.00717938851768	0.000502379317624	-0.0279980975879	-0.0318915325311	-0.0816546269806	-0.0378749020277	0.00386992206655	-0.0090235144049	-0.0544932801272	-0.0202230068377	0.0128733553009	-0.00868696337821	-0.0148831913878	-0.00716709558671	-0.0165780442398	0.000326325339817	0.00901577937543	-0.0381621526019	0.0167641266541	-0.0343171522793	-0.0276099920592	-0.00716545270457	-0.0343354631649	-0.0430255660494	-0.0161428047102
k__Bacteria;p__Bacteroidetes;c__Bacteroidia;o__Bacteroidales;f__Rikenellaceae;g__Alistipes;s__Alistipes_shahii	0.0235374822667	-0.00190640146517	-0.0082758422608	0.0371096801011	-0.0123384420438	-0.0450511902678	1.0	0.00838357108936	0.0378779884965	-0.04414992977	0.00286530891841	0.00587523198163	-0.0106264399552	-0.0421856200042	-0.0563859614969	0.0108830850879	-0.0282470037262	0.0286970046941	-0.0264020057105	-0.017772749629	0.0043282840842	0.0172206928281	0.000207273480703	-0.0290423484675	0.0301958004521	-0.0483293197576	0.00779450036859	-0.0152813020621	-0.00946192552344	-0.043062312962	-0.073865822801	0.0459274284872	0.0421027111185	0.0322314649493	0.0170800983249	0.0693324193144	-0.0685779820327	-0.0481299603447	0.0610328000695	-0.00640489054043	-0.0471482086893	0.00846211923646	0.00500470163302	-0.00696309691585	-0.0786306239258	0.033915835397	0.0550940906129	0.00250633774402	0.0301531792408	0.00406010663541	0.0122223349642	-0.108765259438	-0.0583661764849	-0.0542733947806	-0.0129647161111	0.0132624803146	0.0113039401746	-0.0361258930828	0.0237928439824
k__Bacteria;p__Firmicutes;c__Clostridia;o__Clostridiales;f__Ruminococcaceae;g__Faecalibacterium;s__Faecalibacterium_prausnitzii	-0.0118509443247	0.0452256559451	-0.00272842393677	-0.00161841667797	-0.00525359886488	0.0496218562632	0.00838357108936	1.0	-0.0194771313743	-0.0308313907164	-0.0157854822365	-0.0410055042292	-0.0313434509537	-0.016355362717	-0.0064695991995	0.00512853447984	-0.000128743011869	0.0406017243204	0.0431498858695	0.0471150016941	0.0685820736605	-0.00324135102326	0.0223131919925	0.055323133452	-0.038036762349	-0.00576247602516	0.044116644028	-0.00193697050302	-0.067824799848	-0.00338083349616	-0.0296241094791	-0.0308681179253	0.016879880175	-0.00594484887402	0.0215686528815	-0.0519918336676	-0.0428827868014	0.0696411745074	-0.010234482226	-0.0388906921768	-0.00318110303705	0.0111794752572	-0.0375574402449	-0.0572356670287	0.011873814397	0.0173408942155	0.0168269662019	-0.0283538969687	0.0250097976539	0.0133182030708	0.00750943593195	-0.0313204908891	-0.0187806773769	-0.0178599690749	-0.0208572048373	0.0242106163332	0.0392690365352	-0.0582698722652	0.0394329873401
k__Bacteria;p__Bacteroidetes;c__Bacteroidia;o__Bacteroidales;f__Rikenellaceae;g__Alistipes;s__Alistipes_finegoldii	0.0140871203343	0.00376240473509	0.0491606155406	-0.0202912179553	-0.0091263919463	0.0160770498071	0.0378779884965	-0.0194771313743	1.0	-0.00374752454642	-0.00524204366056	-0.0229522370977	-0.0282992552348	-0.0200029756948	-0.0192571715395	-0.0394582537238	0.0503405642767	-0.0380511756114	-0.0508066579344	-0.00314708889953	-0.0399431432801	-0.0256258867653	0.0495042892091	-0.0273731812445	0.037048157132	-0.00464072999709	-0.0086344484516	0.0360118647426	-0.0215175919842	-0.0656643974935	-0.0196960061041	-0.0148106378098	0.0110766692792	-0.0129942325024	-0.0516873240853	0.0343240894716	0.0194112849303	-0.0344109283138	-0.00637218010815	-0.0388874320166	-0.0250676604193	-0.00279129433005	-0.0226738377869	-0.00329976287617	-0.0258732726048	-0.0257072642866	0.0145165304482	-0.045731614191	0.0144370460597	-0.0693829504842	-0.0109314666417	0.036385373252	-0.0279653532925	0.0103036950449	0.077467451752	0.0113440253061	-0.0183171707079	0.0343115937966	0.0222620210433
k__Bacteria;p__Bacteroidetes;c__Bacteroidia;o__Bacteroidales;f__Porphyromonadaceae;g__Parabacteroides;s__Parabacteroides_distasonis	-0.0404296014981	0.0255673923063	-0.00394651024507	-0.0140281517989	-0.025832008573	0.0626287493617	-0.04414992977	-0.0308313907164	-0.00374752454642	1.0	0.043538382979	-0.0134006328508	0.0213192158886	0.0709317470264	0.0505348579965	-0.0459573476045	-0.0339084020713	-0.0258036754737	-0.00956119861717	0.0169593259054	0.0143510110877	0.0156908287977	0.0158238161723	-0.0214983064099	-0.046868222063	0.0632452643041	-0.0322528963549	-0.00874188777054	0.0289608309489	-0.00529253086334	-0.00583302208548	0.00508349772291	-0.00749566311654	-0.0480036921548	0.0248913244204	-0.0281481715401	-0.0176032779082	0.0208889793978	-0.00367382203494	-0.0566760578106	-0.0195732535717	-0.020328243307	-0.031641253339	-0.00650590453622	0.028610474382	0.0114016290152	-0.0119254321369	-0.0360864750985	-0.0296497658392	-0.0325651578219	-0.0662113864338	-0.0446242861898	0.0150446091053	0.0304462189402	-0.0843196408943	0.0386811999632	-0.026319682634	0.0163130780099	-0.0265099230908
k__Bacteria;p__Bacteroidetes;c__Bacteroidia;o__Bacteroidales;f__Bacteroidaceae;g__Bacteroides;s__Bacteroides_thetaiotaomicron	0.0204298742132	0.04730087974	-0.0115914283985	-0.0518354231978	-0.0414506676817	-0.000576339739834	0.00286530891841	-0.0157854822365	-0.00524204366056	0.043538382979	1.0	-0.0300988123228	-0.000434112235589	-0.0396451257703	-0.0151662706916	0.0161918831918	0.078809935213	-0.0102717131487	0.0225675741887	0.00229456909449	0.0476030066038	-0.0198182484852	0.0354512978038	-0.0156130088088	-0.0132748910772	0.000571889584866	-0.0444903173902	0.0111011316255	-0.00167165865172	-0.0183683235749	-0.0410997369741	-0.0264742991075	-0.0551710624106	-0.00424360188815	-0.0504199767865	0.0364659163051	-0.0119565021585	-0.0371809376118	-0.047352724468	0.0630804219951	0.0157175768224	-0.0142149698029	0.00810199401386	-0.0414643312513	0.00940398370303	-0.0161999497379	-0.0228510240764	-0.0237254805573	0.00875338786961	-0.029060763169	-0.0273507976458	0.0484725396733	-0.0343274747954	-0.037235738492	-0.00722952948639	-0.00699949923814	-0.0546721612924	0.0208372179546	0.0147965659154
k__Bacteria;p__Bacteroidetes;c__Bacteroidia;o__Bacteroidales;f__Bacteroidaceae;g__Bacteroides;s__Bacteroides_coprocola	-0.032559536988	0.0697241679165	-0.0305563916173	-0.092724237628	0.00441652977442	-0.0179059940554	0.00587523198163	-0.0410055042292	-0.0229522370977	-0.0134006328508	-0.0300988123228	1.0	-0.00163092441925	0.0480362116854	0.00654401030932	0.0197423311891	-0.049957550557	-0.0327156421938	-0.0449112281552	0.00222905807762	-0.0330729884675	-0.00276894839132	-0.0072545880838	-0.00766328015041	-0.06073261871	0.0107879106657	-0.024407924538	0.0532488717725	-0.0206602062625	0.0379016421402	-0.0161477554139	0.0429950048612	0.0171783610503	-0.0139744432973	-0.0101326123164	0.0172163719455	-0.00514620285974	-0.00693788530155	0.0188259449029	-0.0470614259513	0.0120608446862	0.00546654518547	-0.0118643063032	-0.0357311093694	-0.0348072629053	-0.0221427297509	-0.00938286796513	0.0254298683573	-0.0675761318689	-0.00641933238077	0.00400636056921	0.0185948099284	-0.0562021287057	0.0751786185978	0.0438578347658	-0.0679302857646	0.00687212037447	0.00199680397138	-0.00235039746192
k__Bacteria;p__Bacteroidetes;c__Bacteroidia;o__Bacteroidales;f__Bacteroidaceae;g__Bacteroides;s__Bacteroides_cellulosilyticus	0.00674073564041	-0.0409908760254	0.0686514524128	-0.0555993289207	-0.0171366366611	0.0501566661119	-0.0106264399552	-0.0313434509537	-0.0282992552348	0.0213192158886	-0.000434112235589	-0.00163092441925	1.0	0.00883474920064	0.0117485541245	0.0163246101771	-0.032432327028	-0.0110932042176	0.0160262661393	-0.0885557520245	-0.000848910935532	-0.0181828205855	0.0178776531044	-0.00529074103131	-0.0370035391993	-0.064799678508	0.107150366697	0.0151476299302	-0.0531295148838	-0.023052019643	-0.0778163883517	0.0646045888064	-0.0558838703769	0.0186237540059	-0.0052301655953	-0.0154284502063	0.00089280722802	-0.0613209686482	0.0812350949496	-0.0303052412632	-0.0391531707642	0.0127668640607	0.0609130717552	-0.0341366114065	0.0151771222732	-0.00407271445456	-0.00132508504212	-0.018955839762	0.0184202950416	-0.0432524399821	-0.0228603039934	-0.0103026278175	-0.0470058357102	0.00340239159212	-0.0245735969842	-0.0340917220574	0.0294020355841	-0.000973489101302	-0.0144922324125
k__Bacteria;p__Bacteroidetes;c__Bacteroidia;o__Bacteroidales;f__Rikenellaceae;g__Alistipes;s__Alistipes_obesi	-0.0238013770395	-0.012723401788	0.0143514364083	-0.0216721231737	-0.00929926916301	0.0184897577761	-0.0421856200042	-0.016355362717	-0.0200029756948	0.0709317470264	-0.0396451257703	0.0480362116854	0.00883474920064	1.0	-0.0438801696919	0.061034420506	-0.0201398839957	-0.0103282276669	0.031235418729	0.0357302854606	-0.00178169064124	-0.0409712443478	-0.0194230277673	0.00910191316876	-0.0572524675058	-0.0223542090318	0.0468078179725	-0.0637406636179	0.0562045385819	-0.015998221289	-0.0175400934307	-0.00259106577153	-0.0394325171586	-0.0411275487011	-0.0243079819042	-0.0503315935092	-0.0286856150627	0.0130126357246	-0.0515910103046	-0.062231612524	-0.0307076918923	0.00600325661403	-0.0360503411426	-0.095994535443	-0.0301133412189	-0.0502850364128	-0.0179531920602	0.0250625308729	0.041038226564	0.013612476183	-0.0336742829874	-0.0397561408059	0.0273903121158	0.0613010882047	-0.0202288872247	-0.00077043143622	0.0034396557944	0.0256214820596	-0.0412586039456
k__Bacteria;p__Firmicutes;c__Clostridia;o__Clostridiales;f__Lachnospiraceae;g__;s__[Eubacterium]_rectale	0.0279040121091	0.00609901854455	0.0425507147785	-0.0154767318468	-0.0412821353116	0.0204610735956	-0.0563859614969	-0.0064695991995	-0.0192571715395	0.0505348579965	-0.0151662706916	0.00654401030932	0.0117485541245	-0.0438801696919	1.0	0.0145647822593	0.01280079001	0.0455471449123	-0.0518333345126	-0.0702976322618	0.00806364806166	-0.00312469586661	-0.0487214421905	-0.00798507004003	-0.0140276361786	0.0166838253931	0.0346792973862	0.0099309374045	-0.0408887628898	0.016435078329	0.0212980591954	-0.00143732723055	0.0100311519739	0.0251286204661	-0.00561783339588	-0.0509503850502	0.00573641922842	0.0151505395207	-0.0173480238819	0.00638453660602	-0.0145990311686	0.0144684435551	0.0395678549405	-0.011865602639	-0.00239459410291	0.0464720272818	-0.0200519097804	0.0199820154009	-0.0434745779383	-0.0277519677935	0.00398389392042	0.0262081503054	-0.00860287556533	-0.0384749831112	-0.0407380376843	-0.0641132439023	-0.0467611828883	0.0133065628856	-0.00232811952363
k__Bacteria;p__Bacteroidetes;c__Bacteroidia;o__Bacteroidales;f__Bacteroidaceae;g__Bacteroides;s__Bacteroides_plebeius	0.000902430626267	-0.0421525615576	-0.0664328289296	-0.0121074128346	-0.0553460657421	0.0211373127245	0.0108830850879	0.00512853447984	-0.0394582537238	-0.0459573476045	0.0161918831918	0.0197423311891	0.0163246101771	0.061034420506	0.0145647822593	1.0	-0.0166116324077	-0.0221221591311	-0.0175198088957	-0.0123491613588	-0.0020001132371	-0.00384336421604	0.00187195878606	-0.0749899360716	0.028435946473	0.0642162814484	-0.00646139740501	-0.0389587771857	-0.0378501748897	-0.0059218583619	-0.00699208232126	-0.0595007712345	0.0311822695868	-0.0308282100373	-0.0101863964535	-0.0252024454047	-0.00392706889073	0.0272036418198	-0.0310584511724	-0.02710688085	0.0313530530397	-0.0276573545868	0.00823877213832	0.0676985582193	0.0138460881214	-0.0843498715651	-0.0219898894744	0.0225970482482	-0.00819993754138	0.0201164535704	-0.0309165165212	-0.0367179018548	0.00488742326241	-0.00541165011178	-0.017098102591	0.0260068781398	0.0310346405847	-0.0247605429288	0.0483766249639
k__Bacteria;p__Bacteroidetes;c__Bacteroidia;o__Bacteroidales;f__Bacteroidaceae;g__Bacteroides;s__Bacteroides_fragilis	0.00550784101218	-0.0449977230542	-0.0350410307513	-0.0284598392399	0.0370208334856	-0.0199564219072	-0.0282470037262	-0.000128743011869	0.0503405642767	-0.0339084020713	0.078809935213	-0.049957550557	-0.032432327028	-0.0201398839957	0.01280079001	-0.0166116324077	1.0	0.0616362558726	-0.0386839828671	-0.0790692093721	-0.0644654154248	0.0207874768897	0.0217826187938	0.0804975230169	0.00462426793215	-0.0149441131195	0.0286236544785	0.0474315578543	-0.0600723160547	-0.0175370952305	0.0400342091797	0.0460173662998	-0.00329108630414	-0.0381820785948	-0.0467665355686	-0.043707899853	-0.0385781706956	0.00173464078475	-0.0539210266235	0.01576833316	0.0427456873426	-0.0480821588317	-0.0463123942238	0.0192372964859	0.0203726463153	0.00939224516275	0.000599431160943	0.0377987105155	0.00806991057864	-0.0273527798184	-0.0169539489503	-0.00935499275687	-0.026500332763	0.0545712917178	0.0323625942303	-0.0115558007051	0.0230715648312	0.036454577125	0.042887715361
k__Bacteria;p__Proteobacteria;c__Betaproteobacteria;o__Burkholderiales;f__Sutterellaceae;g__Sutterella;s__Sutterella_wadsworthensis	0.00743447172946	0.00539601210187	0.0155636740228	-0.00957195722276	0.00754824152438	0.027240244569	0.0286970046941	0.0406017243204	-0.0380511756114	-0.0258036754737	-0.0102717131487	-0.0327156421938	-0.0110932042176	-0.0103282276669	0.0455471449123	-0.0221221591311	0.0616362558726	1.0	-0.0135175721449	0.0205620708111	0.0594377785793	-0.0301275331576	-0.018286010758	-0.00276041196152	0.0109708784292	-0.0330615102799	0.0150156081053	0.0219006237397	-0.0145294384738	0.0115177065058	-0.0339485025754	0.027283273183	-0.0098162294515	-0.0105316380744	-0.0435949764212	-0.000160238092024	0.00590775981729	-0.0430107976229	-0.0170113042698	-0.0407991858857	0.0228830456569	0.0433072503999	-0.0787967790347	0.00255618832437	-0.0583996369449	0.000572595683351	-0.0261945112919	0.0632267733826	-0.0397146856423	0.0140765316043	-0.0524704244707	-0.0827665621465	0.000336130658189	-0.098609830056	0.0777870425893	-0.00509477989971	0.0188686639106	-0.0491527739091	-0.0328501522771
k__Bacteria;p__Bacteroidetes;c__Bacteroidia;o__Bacteroidales;f__Porphyromonadaceae;g__Barnesiella;s__Barnesiella_intestinihominis	-0.013765072841	-0.0359407604119	-0.00615736077391	0.00146916083889	0.00595987314079	-0.00401786950614	-0.0264020057105	0.0431498858695	-0.0508066579344	-0.00956119861717	0.0225675741887	-0.0449112281552	0.0160262661393	0.031235418729	-0.0518333345126	-0.0175198088957	-0.0386839828671	-0.0135175721449	1.0	-0.0237536378877	0.0283651124192	-0.0292611172137	-0.0682932469009	0.00400782830608	-0.0414167138163	0.00283789828115	0.000743806531886	0.0063539588578	-0.00623041044229	0.0430871507125	-0.0490694446288	-0.0287954603277	-0.0433929202828	0.0174121233506	-0.051186655591	0.0524854856391	-0.0129514669959	0.0235186349568	-0.0594674851548	0.067342953571	-0.0175418702112	-0.00363204946222	-0.0277361397345	-0.0319047189318	0.00325566026587	-0.0439638953261	-0.0142192596395	-0.0500960435205	-0.020477435369	-0.0121215101504	-0.031392034114	-0.0513706893108	-0.0453873754015	-0.0499577348368	-0.0181705475136	0.0232000313555	0.0313914239229	-0.0140419104536	-0.00394765733484
k__Bacteria;p__Bacteroidetes;c__Bacteroidia;o__Bacteroidales;f__Odoribacteraceae;g__Odoribacter;s__Odoribacter_splanchnicus	-0.0300814047471	0.0250645035946	-0.0165085963069	0.04743607932	0.0631293474813	-0.0560507895003	-0.017772749629	0.0471150016941	-0.00314708889953	0.0169593259054	0.00229456909449	0.00222905807762	-0.0885557520245	0.0357302854606	-0.0702976322618	-0.0123491613588	-0.0790692093721	0.0205620708111	-0.0237536378877	1.0	0.0174333051819	-0.0104345112732	-0.0794124894589	0.00973157736126	0.0327146135758	0.0782940285574	-0.0427143299132	-0.0124789494226	0.0438924093287	-0.011353634339	0.027425465339	-0.0174421228957	0.034983276654	-0.0698986659826	0.0101564747606	-0.0188153272745	0.0064219975589	0.0161737452763	-0.0315683313675	-0.0306802578753	-0.0437208758418	-0.060967119092	0.0227866909965	0.00696678093345	-0.0230408272706	-0.0262647693112	0.0340277479288	-0.0345904547035	-0.0378502522266	-0.0558822804997	-0.0218513806878	-0.0421840581121	0.0467804514451	-0.0140822549037	-0.0255074966955	-0.0110234970836	0.00233229211385	0.00425985826984	-0.00891822887097
k__Bacteria;p__Bacteroidetes;c__Bacteroidia;o__Bacteroidales;f__Bacteroidaceae;g__Bacteroides;s__Bacteroides_salyersiae	-0.00339629515745	0.0135382978432	0.0550637455847	-0.0132357526961	-0.00122937711233	-0.0321216206993	0.0043282840842	0.0685820736605	-0.0399431432801	0.0143510110877	0.0476030066038	-0.0330729884675	-0.000848910935532	-0.00178169064124	0.00806364806166	-0.0020001132371	-0.0644654154248	0.0594377785793	0.0283651124192	0.0174333051819	1.0	-0.00675117022817	-0.0222310795545	0.0041635288693	0.00260429351186	-0.0267363414471	0.00771198469493	-0.00303176114023	0.046429504726	-0.00919537422066	-0.0164304562326	0.0211853012561	-0.021974969086	0.0644010335652	-0.00875915693073	-0.034418713188	0.0121751497367	-0.0681292332894	0.0309894501711	0.00411903391435	0.0627277925994	-0.00347510372708	-0.0241988586952	-0.0372734592023	0.0395376235185	0.0243592860892	0.0453086581592	-0.0310238208412	0.037274023874	0.0398099803122	-0.0270554395407	-0.00346023177468	-0.101572433569	-0.0421556496799	-0.0284858074049	0.0410398118792	-0.0358485255742	-0.0307842459507	-0.0411144478353
k__Bacteria;p__Firmicutes;c__Clostridia;o__Clostridiales;f__Ruminococcaceae;g__Ruminiclostridium;s__[Eubacterium]_siraeum	-0.0537450443449	-0.0777251599917	-0.0226511376479	-0.00934089054708	0.0172986171478	-0.0166148919893	0.0172206928281	-0.00324135102326	-0.0256258867653	0.0156908287977	-0.0198182484852	-0.00276894839132	-0.0181828205855	-0.0409712443478	-0.00312469586661	-0.00384336421604	0.0207874768897	-0.0301275331576	-0.0292611172137	-0.0104345112732	-0.00675117022817	1.0	-0.0168843633335	-0.0137470836377	-0.00499938561067	0.0174204174742	-0.0471539239182	-0.0405783690597	-0.0388020351163	-0.0241948916576	0.0368029838664	0.0206698123107	-0.00727081597331	0.0430928235439	0.00904650296334	-0.0335889670815	0.00107442178866	-0.0493163877373	0.0317496663701	0.0378826441988	0.0429936753139	-0.0206633249853	-0.0392722631	-0.00611133863068	0.0114313493566	-0.0209208725182	0.030252482836	0.00627407546491	-0.00464757512089	-0.00817899517375	0.0176892782624	0.0209901242198	-0.0246037055064	0.0659457980634	0.0382248454406	0.101724291272	-0.0921525721062	0.0209212047039	-0.0781108377394
k__Bacteria;p__Proteobacteria;c__Betaproteobacteria;o__Burkholderiales;f__Sutterellaceae;g__Parasutterella;s__Parasutterella_excrementihominis	0.0043726830448	-0.0262927304619	-0.0578262847913	-0.013845754346	-0.0510944224253	0.0314744377386	0.000207273480703	0.0223131919925	0.0495042892091	0.0158238161723	0.0354512978038	-0.0072545880838	0.0178776531044	-0.0194230277673	-0.0487214421905	0.00187195878606	0.0217826187938	-0.018286010758	-0.0682932469009	-0.0794124894589	-0.0222310795545	-0.0168843633335	1.0	0.00301980480657	-0.0377358944452	-0.0772373773944	0.0613131366009	0.0216869835831	-0.0249699261578	-0.0619948801595	0.0376646004538	0.0277114725686	-0.0101308166455	-0.0314979122477	-0.0443145207055	-0.0669702412849	0.0736006751156	0.0314348975822	-0.0302902713563	0.00584072431922	-0.0165912785877	0.0413972501747	0.0404969891861	0.0309095596982	0.0151898592941	-0.0274759860919	0.00148191207761	-0.0402484961123	-0.0125552123973	-0.0349814048909	0.00127982263666	-0.0234606487541	-0.0263464266688	-0.00977637457252	-0.0867710569134	-0.0578638938293	-0.0144533358869	-0.013315479086	0.0203077231415
k__Bacteria;p__Actinobacteria;c__Actinobacteria;o__Bifidobacteriales;f__Bifidobacteriaceae;g__Bifidobacterium;s__Bifidobacterium_adolescentis	-0.0165377250794	-0.0240360505428	-0.0279181973201	0.00876662890986	-0.0285528389883	0.0506984355486	-0.0290423484675	0.055323133452	-0.0273731812445	-0.0214983064099	-0.0156130088088	-0.00766328015041	-0.00529074103131	0.00910191316876	-0.00798507004003	-0.0749899360716	0.0804975230169	-0.00276041196152	0.00400782830608	0.00973157736126	0.0041635288693	-0.0137470836377	0.00301980480657	1.0	-0.0319859636607	0.0514248189247	0.00443775425836	0.020192133742	-0.0542712199154	-0.00832025249725	0.0234255402511	0.0647969916947	0.0195161135839	-0.0071985814356	0.0101311471681	0.0481939142357	-0.0144261127605	-0.0193335444401	-0.0300449412438	-0.032580329944	-0.0418560237197	-0.0303541225663	-0.0174768144798	-0.0168108086492	-0.042500256209	-0.0424708895459	0.00776773154928	0.00878693292746	0.0324857435878	0.00848442549176	0.0182211631727	-0.0493680394767	-0.00503450463937	-0.0267514230084	-0.0124369583717	-0.0588739559026	-0.0466581510125	0.0262328717256	0.0279351135492
k__Bacteria;p__Firmicutes;c__Clostridia;o__Clostridiales;f__Oscillospiraceae;g__Oscillibacter;s__Oscillibacter_sp._KLE_1745	-0.010317970569	0.000442673210967	0.00763535173867	0.0217730200525	-0.0073556368794	-0.00764502215818	0.0301958004521	-0.038036762349	0.037048157132	-0.046868222063	-0.0132748910772	-0.06073261871	-0.0370035391993	-0.0572524675058	-0.0140276361786	0.028435946473	0.00462426793215	0.0109708784292	-0.0414167138163	0.0327146135758	0.00260429351186	-0.00499938561067	-0.0377358944452	-0.0319859636607	1.0	-0.0120750281679	0.00473206872577	-0.0504899042828	0.00602816927219	0.000800408987284	0.0153643948655	0.00779621241541	-0.0151735212436	-0.000223446103294	-0.0087604517127	0.0116021734559	-0.045725260292	-0.0407810215085	0.0187832479522	-0.0774284492221	-0.0536844501866	0.000673486765639	0.111106848574	-0.0152263672417	0.013850406073	0.0237934807583	-0.0121556926788	-0.0446164846754	0.0261919851141	-0.0416716829607	0.00614390915937	0.0030060983745	-0.0467549500686	-0.0418017151326	-0.0302475219806	0.0035779690188	0.0263204747839	-0.0658755070669	0.0411440060137
k__Bacteria;p__Bacteroidetes;c__Bacteroidia;o__Bacteroidales;f__Bacteroidaceae;g__Bacteroides;s__Bacteroides_coprophilus	0.0981097470701	-0.0727310513831	-0.0104091471354	-0.0120858092895	-0.00607329799603	0.0117532303166	-0.0483293197576	-0.00576247602516	-0.00464072999709	0.0632452643041	0.000571889584866	0.0107879106657	-0.064799678508	-0.0223542090318	0.0166838253931	0.0642162814484	-0.0149441131195	-0.0330615102799	0.00283789828115	0.0782940285574	-0.0267363414471	0.0174204174742	-0.0772373773944	0.0514248189247	-0.0120750281679	1.0	-0.0370075644226	0.022837885412	0.0625584036014	-0.0545187037735	0.0165047221595	0.00450489037315	-0.00429042880198	-0.0210254221829	-0.0276500583623	0.0167836018881	-0.0476920121332	-0.0580804735629	-0.00449910746935	0.0110206046974	-1.90025292826e-06	0.0164054679387	0.00606236236473	0.0240443563835	0.00503282098113	-0.0213510855467	0.0163959035346	-0.0347182602307	0.00136360561197	0.00687030638195	0.00686961860243	-0.0190711873171	-0.0646318058367	-0.0701588517245	-0.057569910891	-0.0511091920078	0.0210997128365	0.0200044043759	0.0528193147529
k__Bacteria;p__Firmicutes;c__Clostridia;o__Clostridiales;f__Lachnospiraceae;g__Roseburia;s__Roseburia_intestinalis	-0.0458004833436	0.00180647040246	0.0260590926223	-0.0316763534797	-0.0492215770424	0.0208577118444	0.00779450036859	0.044116644028	-0.0086344484516	-0.0322528963549	-0.0444903173902	-0.024407924538	0.107150366697	0.0468078179725	0.0346792973862	-0.00646139740501	0.0286236544785	0.0150156081053	0.000743806531886	-0.0427143299132	0.00771198469493	-0.0471539239182	0.0613131366009	0.00443775425836	0.00473206872577	-0.0370075644226	1.0	0.0288254873816	-0.0631667901998	0.00412363544586	-0.0074690797841	-0.0316310458284	-0.0286867060081	0.00490441593185	-0.0434734211918	-0.0829157109039	-0.0431540963166	0.0292775306891	-0.00353637327354	-0.00686654588404	0.011321785969	-0.0424468512081	-0.0298573831611	-0.0356795443138	-0.01085611917	0.0480820845549	-0.0688641215345	-0.0422580494477	-0.0392282757472	0.0378676756734	-0.00207741650261	0.00408145105058	-0.0191667645308	0.00259480019234	0.0355915993941	-0.0222515026046	-0.00124074863319	-0.00628243070267	-0.00163186141762
k__Bacteria;p__Firmicutes;c__Clostridia;o__Clostridiales;f__Lachnospiraceae;g__Roseburia;s__Roseburia_hominis	-0.0301252635184	0.00474737393172	-0.00904246185681	0.015884027246	-0.00472847245424	-0.00885717984367	-0.0152813020621	-0.00193697050302	0.0360118647426	-0.00874188777054	0.0111011316255	0.0532488717725	0.0151476299302	-0.0637406636179	0.0099309374045	-0.0389587771857	0.0474315578543	0.0219006237397	0.0063539588578	-0.0124789494226	-0.00303176114023	-0.0405783690597	0.0216869835831	0.020192133742	-0.0504899042828	0.022837885412	0.0288254873816	1.0	-0.0246303936758	-0.0259886234239	0.00394266700008	-0.0256818782167	-0.0288762389676	-0.0245391238007	-0.0205262565021	0.00422307660214	-0.013553979617	-0.0306729434141	-0.0337126928627	-0.0106474576836	0.0206561459552	-0.0231622957402	-0.00640232402628	-0.0383081158987	0.0233127404193	-0.0396821971366	0.0122487510381	-0.0377992470596	-0.0414541699094	-0.0118815011351	0.00224580933602	0.0472705446383	0.0499310677521	-0.0340419099332	-0.00563968978929	-0.00448798899281	-0.022872674628	-0.0192674440707	-0.0035859287306
k__Bacteria;p__Bacteroidetes;c__Bacteroidia;o__Bacteroidales;f__Porphyromonadaceae;g__Parabacteroides;s__Parabacteroides_johnsonii	-0.0348675191742	0.036739219203	-0.0189783301203	0.0269711658598	-0.00709664632913	-0.0170735243633	-0.00946192552344	-0.067824799848	-0.0215175919842	0.0289608309489	-0.00167165865172	-0.0206602062625	-0.0531295148838	0.0562045385819	-0.0408887628898	-0.0378501748897	-0.0600723160547	-0.0145294384738	-0.00623041044229	0.0438924093287	0.046429504726	-0.0388020351163	-0.0249699261578	-0.0542712199154	0.00602816927219	0.0625584036014	-0.0631667901998	-0.0246303936758	1.0	-0.044812098786	-0.0185796310227	0.0309480282311	-0.048473019117	-0.0328294040029	0.0177240483215	-0.055064180621	0.00013898167475	-0.0444747081095	-0.0245333975761	-0.0157508928024	0.0154628389407	0.0357805622416	0.0240070039422	0.0568952368308	-0.0138171641833	0.0166903020631	-0.00933576634372	-0.0477838601403	0.0042143890516	-0.0233473824865	0.0376232654221	-0.0590611341444	0.0730098918249	-0.00623358661097	0.0586078077311	-0.0359559709911	0.0243883263828	-0.0514962037932	-0.0564741979681
k__Bacteria;p__Actinobacteria;c__Actinobacteria;o__Bifidobacteriales;f__Bifidobacteriaceae;g__Bifidobacterium;s__Bifidobacterium_longum	-0.0138409064537	0.0127349778301	-0.0140281402426	-0.00633801427946	-0.0186890831819	0.00741471269971	-0.043062312962	-0.00338083349616	-0.0656643974935	-0.00529253086334	-0.0183683235749	0.0379016421402	-0.023052019643	-0.015998221289	0.016435078329	-0.0059218583619	-0.0175370952305	0.0115177065058	0.0430871507125	-0.011353634339	-0.00919537422066	-0.0241948916576	-0.0619948801595	-0.00832025249725	0.000800408987284	-0.0545187037735	0.00412363544586	-0.0259886234239	-0.044812098786	1.0	-0.0711466380199	0.0126985624881	-0.0259447716522	0.0203244866809	0.0191002118822	-0.0315442077983	0.0160675508157	-0.00645936939667	-0.0756420784785	0.0461029805917	-0.00186135688119	0.0446305293374	-0.0170711416645	-0.0379687285215	0.00980264391772	-0.00113130156818	0.0115629479716	-0.0397335145657	-0.0116705697644	0.0366821626357	0.027786711072	0.0103840448526	-0.0262397587461	-0.0432209666001	-0.00859875621568	0.00452659430851	-0.0020680564576	-0.0540762721043	0.0169499212075
