#taxonomy	k__Bacteria;p__Bacteroidetes;c__Bacteroidia;o__Bacteroidales;f__Bacteroidaceae;g__Bacteroides;s__Bacteroides_vulgatus	k__Bacteria;p__Bacteroidetes;c__Bacteroidia;o__Bacteroidales;f__Bacteroidaceae;g__Bacteroides;s__Bacteroides_uniformis	k__Bacteria;p__Bacteroidetes;c__Bacteroidia;o__Bacteroidales;f__Rikenellaceae;g__Alistipes;s__Alistipes_putredinis	k__Bacteria;p__Bacteroidetes;c__Bacteroidia;o__Bacteroidales;f__Prevotellaceae;g__Prevotella;s__Prevotella_copri	k__Bacteria;p__Bacteroidetes;c__Bacteroidia;o__Bacteroidales;f__Bacteroidaceae;g__Bacteroides;s__Bacteroides_stercoris	k__Bacteria;p__Bacteroidetes;c__Bacteroidia;o__Bacteroidales;f__Bacteroidaceae;g__Bacteroides;s__Bacteroides_ovatus	k__Bacteria;p__Bacteroidetes;c__Bacteroidia;o__Bacteroidales;f__Rikenellaceae;g__Alistipes;s__Alistipes_shahii	k__Bacteria;p__Firmicutes;c__Clostridia;o__Clostridiales;f__Ruminococcaceae;g__Faecalibacterium;s__Faecalibacterium_prausnitzii	k__Bacteria;p__Bacteroidetes;c__Bacteroidia;o__Bacteroidales;f__Rikenellaceae;g__Alistipes;s__Alistipes_finegoldii	k__Bacteria;p__Bacteroidetes;c__Bacteroidia;o__Bacteroidales;f__Porphyromonadaceae;g__Parabacteroides;s__Parabacteroides_distasonis	k__Bacteria;p__Bacteroidetes;c__Bacteroidia;o__Bacteroidales;f__Bacteroidaceae;g__Bacteroides;s__Bacteroides_thetaiotaomicron	k__Bacteria;p__Bacteroidetes;c__Bacteroidia;o__Bacteroidales;f__Bacteroidaceae;g__Bacteroides;s__Bacteroides_coprocola	k__Bacteria;p__Bacteroidetes;c__Bacteroidia;o__Bacteroidales;f__Bacteroidaceae;g__Bacteroides;s__Bacteroides_cellulosilyticus	k__Bacteria;p__Bacteroidetes;c__Bacteroidia;o__Bacteroidales;f__Rikenellaceae;g__Alistipes;s__Alistipes_obesi	k__Bacteria;p__Firmicutes;c__Clostridia;o__Clostridiales;f__Lachnospiraceae;g__;s__[Eubacterium]_rectale	k__Bacteria;p__Bacteroidetes;c__Bacteroidia;o__Bacteroidales;f__Bacteroidaceae;g__Bacteroides;s__Bacteroides_plebeius	k__Bacteria;p__Bacteroidetes;c__Bacteroidia;o__Bacteroidales;f__Bacteroidaceae;g__Bacteroides;s__Bacteroides_fragilis	k__Bacteria;p__Proteobacteria;c__Betaproteobacteria;o__Burkholderiales;f__Sutterellaceae;g__Sutterella;s__Sutterella_wadsworthensis	k__Bacteria;p__Bacteroidetes;c__Bacteroidia;o__Bacteroidales;f__Porphyromonadaceae;g__Barnesiella;s__Barnesiella_intestinihominis	k__Bacteria;p__Bacteroidetes;c__Bacteroidia;o__Bacteroidales;f__Odoribacteraceae;g__Odoribacter;s__Odoribacter_splanchnicus	k__Bacteria;p__Bacteroidetes;c__Bacteroidia;o__Bacteroidales;f__Bacteroidaceae;g__Bacteroides;s__Bacteroides_salyersiae	k__Bacteria;p__Firmicutes;c__Clostridia;o__Clostridiales;f__Ruminococcaceae;g__Ruminiclostridium;s__[Eubacterium]_siraeum	k__Bacteria;p__Proteobacteria;c__Betaproteobacteria;o__Burkholderiales;f__Sutterellaceae;g__Parasutterella;s__Parasutterella_excrementihominis	k__Bacteria;p__Actinobacteria;c__Actinobacteria;o__Bifidobacteriales;f__Bifidobacteriaceae;g__Bifidobacterium;s__Bifidobacterium_adolescentis	k__Bacteria;p__Firmicutes;c__Clostridia;o__Clostridiales;f__Oscillospiraceae;g__Oscillibacter;s__Oscillibacter_sp._KLE_1745	k__Bacteria;p__Bacteroidetes;c__Bacteroidia;o__Bacteroidales;f__Bacteroidaceae;g__Bacteroides;s__Bacteroides_coprophilus	k__Bacteria;p__Firmicutes;c__Clostridia;o__Clostridiales;f__Lachnospiraceae;g__Roseburia;s__Roseburia_intestinalis	k__Bacteria;p__Firmicutes;c__Clostridia;o__Clostridiales;f__Lachnospiraceae;g__Roseburia;s__Roseburia_hominis	k__Bacteria;p__Bacteroidetes;c__Bacteroidia;o__Bacteroidales;f__Porphyromonadaceae;g__Parabacteroides;s__Parabacteroides_johnsonii	k__Bacteria;p__Actinobacteria;c__Actinobacteria;o__Bifidobacteriales;f__Bifidobacteriaceae;g__Bifidobacterium;s__Bifidobacterium_longum	k__Bacteria;p__Firmicutes;c__Clostridia;o__Clostridiales;f__;g__Flavonifractor;s__Flavonifractor_plautii	k__Bacteria;p__Firmicutes;c__Clostridia;o__Clostridiales;f__Clostridiaceae;g__Clostridium;s__Clostridium_phoceensis	k__Bacteria;p__Verrucomicrobia;c__Verrucomicrobiae;o__Verrucomicrobiales;f__Akkermansiaceae;g__Akkermansia;s__Akkermansia_muciniphila	k__Bacteria;p__Bacteroidetes;c__Bacteroidia;o__Bacteroidales;f__Prevotellaceae;g__Paraprevotella;s__Paraprevotella_xylaniphila	k__Bacteria;p__Firmicutes;c__Clostridia;o__Clostridiales;f__Ruminococcaceae;g__Ruminococcus;s__Ruminococcus_callidus	k__Bacteria;p__Bacteroidetes;c__Bacteroidia;o__Bacteroidales;f__Rikenellaceae;g__Alistipes;s__Alistipes_senegalensis	k__Bacteria;p__Firmicutes;c__Clostridia;o__Clostridiales;f__Lachnospiraceae;g__Blautia;s__Blautia_sp._KLE_1732	k__Bacteria;p__Bacteroidetes;c__Bacteroidia;o__Bacteroidales;f__Bacteroidaceae;g__Bacteroides;s__Bacteroides_oleiciplenus	k__Bacteria;p__Firmicutes;c__Clostridia;o__Clostridiales;f__Ruminococcaceae;g__Ruminococcus;s__Ruminococcus_bicirculans	k__Bacteria;p__Bacteroidetes;c__Bacteroidia;o__Bacteroidales;f__Bacteroidaceae;g__Bacteroides;s__Bacteroides_fluxus	k__Bacteria;p__Bacteroidetes;c__Bacteroidia;o__Bacteroidales;f__Prevotellaceae;g__Prevotella;s__Prevotella_stercorea	k__Bacteria;p__Firmicutes;c__Clostridia;o__Clostridiales;f__Lachnospiraceae;g__Dorea;s__Dorea_longicatena	k__Bacteria;p__Firmicutes;c__Clostridia;o__Clostridiales;f__Eubacteriaceae;g__Eubacterium;s__[Eubacterium]_eligens	k__Bacteria;p__Firmicutes;c__Clostridia;o__Clostridiales;f__Ruminococcaceae;g__;s__Ruminococcaceae_bacterium_D16	k__Bacteria;p__Firmicutes;c__Clostridia;o__Clostridiales;f__Lachnospiraceae;g__Coprococcus;s__Coprococcus_comes	k__Bacteria;p__Proteobacteria;c__Gammaproteobacteria;o__Enterobacterales;f__Enterobacteriaceae;g__Escherichia;s__Escherichia_coli	k__Bacteria;p__Firmicutes;c__Clostridia;o__Clostridiales;f__Ruminococcaceae;g__Anaerotruncus;s__Anaerotruncus_colihominis	k__Bacteria;p__Firmicutes;c__Clostridia;o__Clostridiales;f__Lachnospiraceae;g__Blautia;s__Blautia_obeum	k__Bacteria;p__Bacteroidetes;c__Bacteroidia;o__Bacteroidales;f__Odoribacteraceae;g__Odoribacter;s__Odoribacter_laneus	k__Bacteria;p__Firmicutes;c__Clostridia;o__Clostridiales;f__Ruminococcaceae;g__Ruminiclostridium;s__[Clostridium]_leptum	k__Bacteria;p__Bacteroidetes;c__Bacteroidia;o__Bacteroidales;f__Porphyromonadaceae;g__Parabacteroides;s__Parabacteroides_goldsteinii	k__Bacteria;p__Firmicutes;c__Clostridia;o__Clostridiales;f__Lachnospiraceae;g__Anaerostipes;s__Anaerostipes_hadrus	k__Bacteria;p__Firmicutes;c__Clostridia;o__Clostridiales;f__Ruminococcaceae;g__Ruminococcus;s__Ruminococcus_lactaris	k__Bacteria;p__Firmicutes;c__Clostridia;o__Clostridiales;f__Clostridiaceae;g__Clostridium;s__Clostridium_sp._L2-50	k__Bacteria;p__Firmicutes;c__Clostridia;o__Clostridiales;f__Clostridiaceae;g__Clostridium;s__Clostridium_sp._M62/1	k__Bacteria;p__Firmicutes;c__Clostridia;o__Clostridiales;f__;g__Intestinimonas;s__Intestinimonas_butyriciproducens	k__Bacteria;p__Actinobacteria;c__Actinobacteria;o__Bifidobacteriales;f__Bifidobacteriaceae;g__Bifidobacterium;s__Bifidobacterium_bifidum	k__Bacteria;p__Firmicutes;c__Negativicutes;o__Veillonellales;f__Veillonellaceae;g__Dialister;s__Dialister_invisus	k__Bacteria;p__Bacteroidetes;c__Bacteroidia;o__Bacteroidales;f__Bacteroidaceae;g__Bacteroides;s__Bacteroides_salanitronis
k__Bacteria;p__Bacteroidetes;c__Bacteroidia;o__Bacteroidales;f__Bacteroidaceae;g__Bacteroides;s__Bacteroides_vulgatus	1.0	0.00821479818071	-0.0203986232375	0.0185707673832	0.0152731282042	-0.0125084941345	0.0103893488891	0.03430600223	-0.0248190523186	-0.0107073900171	-0.0527266446988	-0.0238715266159	-0.0239737780994	-0.021141162818	-0.0477949443808	0.0243402677863	-0.0323641740858	0.0161627926036	-0.0393534426736	0.0108259285844	0.00396051786295	-0.0294502609312	0.0294449831614	0.00120265397218	-0.0583508177587	0.0292202028222	-0.00571791163653	-0.0344117869596	-0.0575488101752	-0.0139778274125	-0.0271615711108	0.0280199739582	-0.0389470388489	-0.0189096976875	0.0268010874577	0.0322619042924	0.00101692059797	-0.0190542437234	-0.0104662272862	0.040542555745	-0.0133173112441	-0.038949906593	-0.0106280475675	0.0127535325847	-0.0208163211128	0.0522119868574	0.0372828889723	0.0167112570084	-0.0258197161099	0.0211952163096	-0.0458120474962	0.0196250375003	-0.0621920296109	0.0139417950331	-0.0451235662171	-0.10483985512	0.0297963932961	0.00993000644621	-0.0348466004275
k__Bacteria;p__Bacteroidetes;c__Bacteroidia;o__Bacteroidales;f__Bacteroidaceae;g__Bacteroides;s__Bacteroides_uniformis	0.00821479818071	1.0	-0.0795165822831	0.0146798392834	0.0364858886965	-0.0248554836149	-0.0607651786335	0.0366285007813	0.0308536443632	0.00709752201084	-0.0266983888764	-0.0126328151172	-0.0225516047381	-0.014488601823	-0.0400901441019	0.0535400505089	-0.00880745275766	-0.0465957223818	0.0697632308152	-0.0236749781626	-0.0117583296764	-0.0220176002791	-0.00272832031951	-9.79720024371e-05	0.000359426332217	-0.00862752061535	0.0127391687432	0.000515744311818	-0.00700529675128	0.0133420017502	-0.00029180211504	-0.0611362689118	-0.0049434644616	0.00812754824184	-0.000281038842289	-0.023591668747	0.0278477204524	0.00300158851668	-0.0791004182978	-0.0569239406971	0.0173176094467	-0.0349730532294	-0.0102929756562	0.0619700440235	0.00092481912189	-0.0216646760134	0.00331631980572	0.0463369190383	-0.0574946326314	0.000878362999341	0.0119503043729	-0.0154910651546	-0.0144003799893	0.0246445358421	0.027742513545	0.0418614568752	-0.0108521901517	0.0305970731756	-0.102010369082
k__Bacteria;p__Bacteroidetes;c__Bacteroidia;o__Bacteroidales;f__Rikenellaceae;g__Alistipes;s__Alistipes_putredinis	-0.0203986232375	-0.0795165822831	1.0	-0.00551170893761	0.0198986381337	-0.00642686253631	0.013982796744	-0.0648677633658	-0.0710607740278	-0.0185163008748	-0.047810804932	-0.0081576546751	0.0277854079068	-0.0684642630354	-0.0428782157603	-0.00528062816742	-0.0371909472998	-0.0776235360655	-0.0278440039423	0.0157432816786	-0.0125585461718	-0.0169897326607	-0.0306567832594	-0.00309904999245	0.0107209108066	0.0388730485675	-0.0379254592727	0.0308559918693	0.018386269497	0.0783688840582	0.00281839991865	0.061067047004	-0.0326958666803	0.00825796665443	0.0299188234864	-0.00943999748121	0.0265808060927	-0.0327577123546	-0.0296627464241	-0.00610944205883	-0.0290262585523	0.0592988313047	-0.0712758412462	0.0155409073368	-0.0349214692361	-0.0114361371269	-0.0610324867301	0.0801073214292	-0.045642503709	0.0709102313493	0.0676395316805	-0.0495002052856	-0.0121969762319	-0.0193436218858	-0.02178210501	0.0628401011812	0.00559867400309	0.011410352292	-0.00139475237913
k__Bacteria;p__Bacteroidetes;c__Bacteroidia;o__Bacteroidales;f__Prevotellaceae;g__Prevotella;s__Prevotella_copri	0.0185707673832	0.0146798392834	-0.00551170893761	1.0	0.00713476258591	-0.0251601620574	-0.0306222961476	-0.0157756748124	-0.00695931001117	0.0554328621747	0.0495785733751	-0.0336551963577	-0.0433095963592	-0.0239836469564	-0.0474829342102	0.0221893360223	0.00343872057126	-0.0106611941996	-0.0461553218887	0.0568783451192	0.0161987216139	-0.0128463735582	-0.0102383806412	-0.0366965180705	0.00935105850445	0.0993493652897	-0.0184289055848	-0.00556769233665	-0.0510965085177	0.0017107479997	-0.0253449038791	0.0607876224009	-0.0751386879272	-0.0427474540003	-0.0515996000181	-0.00362216398504	-0.0272708241219	-0.0339606028262	0.0810386609997	0.00106317746975	0.00946737867684	0.0336913737507	-0.0399961890043	0.0381129113283	-0.0213251464394	-0.00235704760511	-0.0403314486465	-0.00426333984053	-0.0262799467465	-0.0241619265989	-0.000126900216089	-0.0124410959538	-0.00448759562697	0.00682228312131	0.00202541156374	0.0184358942702	-0.0473265276376	-0.0519860410889	-0.0526255594558
k__Bacteria;p__Bacteroidetes;c__Bacteroidia;o__Bacteroidales;f__Bacteroidaceae;g__Bacteroides;s__Bacteroides_stercoris	0.0152731282042	0.0364858886965	0.0198986381337	0.00713476258591	1.0	-0.0328523101657	0.00930627840096	0.0183610032294	-0.0044969907421	0.0206053927129	0.0101707580493	0.0172988576467	-0.00600311395269	-0.0331631310062	-0.0027285636291	-0.0572958868452	0.000979416482761	0.0267324597427	-0.0145284951182	-0.0233597810595	-0.0280440189617	-0.0132282865594	7.0720748022e-05	-0.0166545340974	-0.0301204411086	-0.0950111932697	-0.0312203171288	-0.00761254513869	-0.0236608629695	-0.00065477935977	0.0483848448606	0.00908280471058	-0.0312103060366	-0.00906211471351	-0.0468250140471	0.00413703253703	-0.024690757933	0.00537421485832	-0.0441524403076	-0.0545738539408	-0.0303518384045	-0.0419514290928	-0.0419186677656	0.00399134989528	-0.0183994181592	0.0181404925615	0.0160110463991	0.0338409469786	0.0298502513633	0.0342800497527	-0.0563191104732	-0.0175547168627	0.0120152738371	-0.0185685757428	0.027150177175	0.00233958207657	0.0124069719274	-0.0488007441338	-0.000527960138861
k__Bacteria;p__Bacteroidetes;c__Bacteroidia;o__Bacteroidales;f__Bacteroidaceae;g__Bacteroides;s__Bacteroides_ovatus	-0.0125084941345	-0.0248554836149	-0.00642686253631	-0.0251601620574	-0.0328523101657	1.0	-0.0402556917908	-0.01096937073	-0.000783058107139	0.0291642446608	-0.0366351855752	0.0368976925584	0.0479139270933	-0.010110935818	-0.0630022855605	0.0107008080876	0.00194372757763	0.0141010742631	-0.0149874928387	0.00098834400701	-0.0353760006972	-0.00284063274082	0.0354796098853	0.0678005618582	0.0418997068107	0.00612027493085	0.0346807097017	-0.0336567021311	-0.0213158930552	-0.0188898033087	-0.0374756260096	-0.034368943973	-0.00383808698017	-0.00403827657839	-0.0548344023201	0.0269245829128	-0.0357216108836	0.00749562376316	0.00900033232547	-0.0166830130732	-0.0525631035278	-0.00290309994161	-0.0304297475798	0.0406853609746	0.00601354811305	0.00982280534252	-0.0723056258765	0.0163650458531	-0.0114605592494	-0.0603751776688	-0.0155869155741	-0.0177632238912	-0.0291599114011	-0.0102523269688	-0.0376355040227	-0.0380234966677	0.00209938083544	0.0294629231505	-0.0340661639811
k__Bacteria;p__Bacteroidetes;c__Bacteroidia;o__Bacteroidales;f__Rikenellaceae;g__Alistipes;s__Alistipes_shahii	0.0103893488891	-0.0607651786335	0.013982796744	-0.0306222961476	0.00930627840096	-0.0402556917908	1.0	0.0830539363184	-0.0122857994425	-0.0642356503312	-0.02327690268	-0.023484188729	-0.0277952539506	0.000231139402984	-0.0130440456922	-0.0220224199524	0.0184843308424	0.00840819913628	-0.0262286706152	0.0292320922236	0.00363947387566	0.0175543788636	-0.0124227066738	-0.000503757623812	0.00996595174706	0.0319799868417	-0.0134285426346	-0.0044666113019	0.0107296598626	-0.0477892533786	-0.00774956863287	0.0163919359419	-0.0427174879336	-0.0787258490485	0.0128156413121	-0.029201443477	-0.00631136643085	0.0189838712999	-0.0912813157551	-0.0156944155337	-0.0307245012087	0.0114599385628	0.0157619418006	-0.0443845199772	0.0142865081439	0.0431960393685	0.0135838176882	-0.0506957119548	-0.0221527718473	-0.0458162709266	-0.036929645587	0.0535233498589	-0.0424105462033	-0.0272970124074	0.00841457058589	-0.044608232528	-0.0112382190065	-0.0240954664705	-0.00878731472902
k__Bacteria;p__Firmicutes;c__Clostridia;o__Clostridiales;f__Ruminococcaceae;g__Faecalibacterium;s__Faecalibacterium_prausnitzii	0.03430600223	0.0366285007813	-0.0648677633658	-0.0157756748124	0.0183610032294	-0.01096937073	0.0830539363184	1.0	0.0481474773189	-0.0287023885454	0.0391153131652	-0.0231781733491	-0.0376796960627	0.0377590165312	0.0314348467978	-0.0183575017093	-0.0461534816768	-0.016100319843	0.0276639174556	-0.0555486613366	-0.0154116683535	-0.0517093371013	0.0501338017267	0.0173209016219	-0.0397941933826	0.0164236981718	-0.0386714806792	-0.0113365861914	0.00421522370011	0.00280389340535	0.0173097972741	0.0372829119836	-0.0298767341739	-0.000148281443436	0.0111715171869	0.00228132823503	-0.00228825471329	0.0213663230947	0.00525039559379	0.0101643525295	-0.0207833103737	-0.00674710780465	0.0247611584215	-0.0117179740778	-0.0224618548285	0.0244651200909	-0.0141646449158	0.0335387465732	-0.0522132309058	-0.0248729542093	-0.0122874447149	-0.0400799549181	0.0563078533665	-0.0152199531527	0.00660315791442	-0.0429231762013	-0.00480309987012	0.0393761134336	-0.0619343362452
k__Bacteria;p__Bacteroidetes;c__Bacteroidia;o__Bacteroidales;f__Rikenellaceae;g__Alistipes;s__Alistipes_finegoldii	-0.0248190523186	0.0308536443632	-0.0710607740278	-0.00695931001117	-0.0044969907421	-0.000783058107139	-0.0122857994425	0.0481474773189	1.0	-0.0407176077656	-0.00104553009391	-0.0255704711679	-0.0173042250487	-0.0143913799939	0.00647094643901	-0.0250984662424	-0.0551599170608	-0.030850902048	-0.0356312011438	-0.0652674143511	-0.0264783786137	0.0561755257096	-0.0495089564353	0.0285361397008	0.0191688343572	0.0251847341328	0.0359702108555	0.00599001648827	-0.0119922272559	-0.0311105458653	-0.0175904632809	-0.0699000779899	0.00483505492631	-0.0582937629604	-0.0264131945286	0.0260428282999	-0.0264448994319	0.0644688019092	0.0131509120039	0.0158256755783	-0.0236274073058	0.0419932916047	0.00155457565406	-0.016004173353	-0.0131172656746	0.0129034711502	-0.00795240074488	-0.0446577050659	-0.043932737733	0.0178826672533	-0.0342678648131	0.00527333835046	-0.0950127403809	0.0286067368756	-0.0216936074725	-0.0426177720993	-0.00711244203819	-0.0710667269012	0.00336320772915
k__Bacteria;p__Bacteroidetes;c__Bacteroidia;o__Bacteroidales;f__Porphyromonadaceae;g__Parabacteroides;s__Parabacteroides_distasonis	-0.0107073900171	0.00709752201084	-0.0185163008748	0.0554328621747	0.0206053927129	0.0291642446608	-0.0642356503312	-0.0287023885454	-0.0407176077656	1.0	0.0219964444456	-0.00654463383962	0.0492112364366	0.0108263869939	-0.0590819506225	0.0172567092155	0.00843287371394	0.00426186199558	-0.0755525990221	-0.0220566750903	-0.0242418919725	-0.0370370492117	-0.0545033668481	0.00918439626537	-0.0844971607843	0.000545754393421	-0.00131113310243	0.0220046096138	-0.00419959396482	-0.0246443118394	0.00429064833688	-0.0243177972329	-0.0599857247483	-0.0568365705973	-0.069384900278	-0.0706013465892	-0.0484875392135	-0.0108250548595	0.0155742955927	-0.0434992273138	-0.047131049613	-0.0916454283991	-0.0249623856603	-0.0320958396367	0.0462387772705	-0.0231629720226	-0.0662335445593	0.0252558833841	0.0189050341252	0.00174727560233	-0.02576077178	0.0130082042932	0.0639867722657	-0.00784181368403	-0.016530244582	-0.0107616944683	0.0335529629754	0.0509626997956	0.0561437470344
k__Bacteria;p__Bacteroidetes;c__Bacteroidia;o__Bacteroidales;f__Bacteroidaceae;g__Bacteroides;s__Bacteroides_thetaiotaomicron	-0.0527266446988	-0.0266983888764	-0.047810804932	0.0495785733751	0.0101707580493	-0.0366351855752	-0.02327690268	0.0391153131652	-0.00104553009391	0.0219964444456	1.0	-0.024921812253	-0.0163407891537	-0.0124227031511	0.00318584620149	-0.0248230287158	-0.010313336989	-0.0019402304297	-0.0213759633195	-0.0353305139968	-0.0443823853236	-0.0529812487142	0.0250981360004	0.0575242407644	0.0494445490251	-0.0385884624862	0.00463969154067	-0.00719059074811	0.0208996285377	0.000426911532534	-0.0781215345549	0.0603574593084	-0.0292348823813	-0.00291756809209	-0.0718169414203	-0.0622169883396	0.0380290256713	0.0211107149187	-0.0675115983546	-0.00252146426089	0.0344598311595	0.00841756134074	-0.0436679210914	-0.0250482489844	0.00474031043548	-0.0576607962497	-0.0431885230673	0.00552764927339	-0.00310344194097	-0.0184743689873	0.0136449103586	-0.0354998376633	0.0100608552596	-0.0254454145544	-0.0245566972177	0.0648625991901	0.00677182926573	-0.00361597488761	0.0244850526496
k__Bacteria;p__Bacteroidetes;c__Bacteroidia;o__Bacteroidales;f__Bacteroidaceae;g__Bacteroides;s__Bacteroides_coprocola	-0.0238715266159	-0.0126328151172	-0.0081576546751	-0.0336551963577	0.0172988576467	0.0368976925584	-0.023484188729	-0.0231781733491	-0.0255704711679	-0.00654463383962	-0.024921812253	1.0	-0.0102591438479	-0.00824392422711	0.005290004344	-0.0600324482474	-0.0270474565209	0.0304782161552	0.00451837746501	0.0216117386086	0.0818921070597	0.0429127197378	-0.0918186457896	-0.0543033466116	0.00420337008166	0.00273526729624	-0.0268940009036	-0.0314781707596	-0.0129172616112	-0.03240125661	-0.0636771155394	0.0165361583505	0.00161825558663	0.0128817895578	-0.065975505151	-0.0445220941698	-0.0567982395255	-0.0159727702055	-0.000827116217527	-0.0287580278025	-0.0221872716155	0.0565048990751	-0.00633294893405	-0.0352525864626	-0.0470467767151	-0.0481212608385	0.0108942949505	0.00513767360068	-0.00860522015632	-0.0277699359852	0.00569893465551	0.000938786809935	-0.0183673472733	-0.0366631265908	-0.00770489826907	-0.0603751370403	-0.0450835193632	-0.0230811406472	-0.010844047365
k__Bacteria;p__Bacteroidetes;c__Bacteroidia;o__Bacteroidales;f__Bacteroidaceae;g__Bacteroides;s__Bacteroides_cellulosilyticus	-0.0239737780994	-0.0225516047381	0.0277854079068	-0.0433095963592	-0.00600311395269	0.0479139270933	-0.0277952539506	-0.0376796960627	-0.0173042250487	0.0492112364366	-0.0163407891537	-0.0102591438479	1.0	-0.0404208358024	0.0281538305236	0.00478211050555	-0.0470709601554	-0.017461737935	-0.0325727932073	0.00259858983811	-0.0321710868125	0.0038701522557	-0.0432081602966	0.032375309212	0.0022879503482	-0.086751473728	-0.0286471288945	-0.103296495632	0.0162602798922	-0.0513873192081	0.00644198177114	-0.0262622089271	0.015514404847	-0.0366440903387	-0.0341066828978	0.0302950705146	0.0344740568941	-0.0106528958902	-0.0156544531453	0.041502093668	0.0144444533387	0.0222165255014	0.120550176752	-0.00963823444368	-0.0479818041943	-0.027589672877	-0.0786073753924	-0.0083035076222	-0.053004136794	0.0139846273824	-0.0147847529364	0.0103170069757	-0.000377323316256	-0.017280379143	-0.0111856441871	0.0266525533371	-0.044271354923	-0.00107121495021	0.00661937348314
k__Bacteria;p__Bacteroidetes;c__Bacteroidia;o__Bacteroidales;f__Rikenellaceae;g__Alistipes;s__Alistipes_obesi	-0.021141162818	-0.014488601823	-0.0684642630354	-0.0239836469564	-0.0331631310062	-0.010110935818	0.000231139402984	0.0377590165312	-0.0143913799939	0.0108263869939	-0.0124227031511	-0.00824392422711	-0.0404208358024	1.0	-0.020491758499	-0.0151352552245	0.00756999649924	-0.00246282760347	-0.0154266034847	0.0240679484451	0.0152523336647	-0.0505494932725	-0.0424230120799	-0.0490856547499	-0.0180477449933	-0.0212303782875	-0.0189585543548	0.0141493622639	-0.0056333229815	-0.0433843774211	-0.0157963877479	-0.0236226236406	-0.0302799803449	-0.0342785457754	0.0291681804502	0.0111378296805	-0.038015650214	0.00348263409028	0.00633886875531	-0.0497634598204	0.0511867744788	-0.0187538839114	-0.0454370473112	-0.0148270401222	0.011567300059	-0.0565744080704	0.0303798469624	-0.0394426692569	0.00904210402716	0.0229653907117	-0.031376350286	0.078479174766	-0.0183300589944	0.0490140254248	0.000391464158348	-0.049249128158	0.0122846938274	-0.0253526951172	-0.00284465303744
k__Bacteria;p__Firmicutes;c__Clostridia;o__Clostridiales;f__Lachnospiraceae;g__;s__[Eubacterium]_rectale	-0.0477949443808	-0.0400901441019	-0.0428782157603	-0.0474829342102	-0.0027285636291	-0.0630022855605	-0.0130440456922	0.0314348467978	0.00647094643901	-0.0590819506225	0.00318584620149	0.005290004344	0.0281538305236	-0.020491758499	1.0	-0.0132349995363	0.00629401054271	-0.0210882382315	-0.021011052948	0.0114907430105	-0.0565164831834	0.00331291912474	0.0299977675587	0.00553654616778	0.0360076149696	-0.0202035773074	0.0200542398461	0.0137013494308	0.00444525366224	0.00936232863158	-0.023750524963	0.0447562976415	0.0323852362518	0.0104236454177	-0.00209774880585	-0.0062309197395	-0.00120807843312	0.0167524870269	0.0326570506187	-0.018485878152	-0.0650273762625	-0.0438400647069	-0.00132269412687	0.0224916077207	0.00520719031009	-0.0586593634525	0.004238974697	-0.0373986497397	-0.0588601838355	0.0186163700862	0.010666175561	0.0139019018324	-0.0297641774799	-0.0608452830482	-0.0558260762859	0.0328105180529	-0.0560541910506	-0.00713347349294	0.015031374617
k__Bacteria;p__Bacteroidetes;c__Bacteroidia;o__Bacteroidales;f__Bacteroidaceae;g__Bacteroides;s__Bacteroides_plebeius	0.0243402677863	0.0535400505089	-0.00528062816742	0.0221893360223	-0.0572958868452	0.0107008080876	-0.0220224199524	-0.0183575017093	-0.0250984662424	0.0172567092155	-0.0248230287158	-0.0600324482474	0.00478211050555	-0.0151352552245	-0.0132349995363	1.0	0.00736383063423	-0.0504003425189	-0.0416492429642	0.0556231693782	-0.0285377398338	0.00643331407032	-0.0280043039217	0.0153852073468	-0.0437022351503	-0.0223286385113	-0.0258775863284	0.0293053143805	0.0401930828595	-0.0259838455915	-0.0631798136443	-0.0319260869634	0.0095629751588	0.0229369482439	0.0468151190062	-0.066683257968	0.0342367403163	-0.0280631786269	-0.0489663338746	0.0150226915945	0.00133347897855	0.0282630749181	0.00174177722033	0.0572369141943	-0.000964026482657	0.0166740793788	-0.0564946168296	-0.0341447309682	0.0116034116884	0.0256729521946	-0.0858082953018	-0.0416986144529	0.0223408714872	0.0313873906507	0.0776037260525	-0.00664199201236	-0.0144193347698	-0.0249370790999	0.00982823787283
k__Bacteria;p__Bacteroidetes;c__Bacteroidia;o__Bacteroidales;f__Bacteroidaceae;g__Bacteroides;s__Bacteroides_fragilis	-0.0323641740858	-0.00880745275766	-0.0371909472998	0.00343872057126	0.000979416482761	0.00194372757763	0.0184843308424	-0.0461534816768	-0.0551599170608	0.00843287371394	-0.010313336989	-0.0270474565209	-0.0470709601554	0.00756999649924	0.00629401054271	0.00736383063423	1.0	0.0410588089721	-0.000671942062519	0.0701547568807	0.00451562027507	0.00783921067731	0.0048379151332	-0.0174108897298	0.00914924354722	0.0125722428765	-0.00336539452031	0.0656031067012	-0.0321544623517	-0.0815752679062	0.0280288260917	-0.0423314175552	0.0120392718441	0.00392463769588	-0.0187026913823	-0.0201527446678	-0.019594449807	-0.023548546398	-0.0437256574496	0.0253289285959	-0.0147900609842	-0.0140231168196	0.00268247101055	0.00537567910714	-0.0365768086339	-0.0190726818028	-0.0109130432993	0.0122118089196	0.0626636274757	-0.0387406879524	-0.0137912673356	0.0166199928794	0.0331054550854	0.0538714423228	0.0078721229598	-0.0337596907517	-0.0370741086944	0.00193547892775	-0.0131850264179
k__Bacteria;p__Proteobacteria;c__Betaproteobacteria;o__Burkholderiales;f__Sutterellaceae;g__Sutterella;s__Sutterella_wadsworthensis	0.0161627926036	-0.0465957223818	-0.0776235360655	-0.0106611941996	0.0267324597427	0.0141010742631	0.00840819913628	-0.016100319843	-0.030850902048	0.00426186199558	-0.0019402304297	0.0304782161552	-0.017461737935	-0.00246282760347	-0.0210882382315	-0.0504003425189	0.0410588089721	1.0	-0.089684481446	0.00764607771634	0.018038805728	-0.0114440955898	0.0584589354556	-0.00899372654229	-0.0208765696987	-0.0539345146455	0.0184076373701	-0.0179571745544	0.0412074464845	-0.0450232203101	-0.0420971041262	-0.0357035871725	-0.0351364714387	0.0283078942966	0.00787972536405	0.0476320138465	0.000778903041392	-0.0304503335159	0.0397071182607	0.00710796336563	-0.0210027119361	0.00241683187972	0.0251903602112	0.0371285282516	-0.0192797219142	-0.00164061881039	0.00175155021561	0.0257697905836	0.0142816267016	-0.0502612305896	0.0221167748834	0.0187098086122	0.00838974625479	-0.0272903010405	0.0031958030572	0.0218419271671	0.0488479189243	-0.00287378736156	-0.067337981825
k__Bacteria;p__Bacteroidetes;c__Bacteroidia;o__Bacteroidales;f__Porphyromonadaceae;g__Barnesiella;s__Barnesiella_intestinihominis	-0.0393534426736	0.0697632308152	-0.0278440039423	-0.0461553218887	-0.0145284951182	-0.0149874928387	-0.0262286706152	0.0276639174556	-0.0356312011438	-0.0755525990221	-0.0213759633195	0.00451837746501	-0.0325727932073	-0.0154266034847	-0.021011052948	-0.0416492429642	-0.000671942062519	-0.089684481446	1.0	0.0990607308897	0.00970855108161	0.00657779983896	0.0699666169862	-0.0201169777761	0.0568129970057	0.0432997210462	-0.051492116513	-0.0291866033327	-0.0362371230819	0.0331651096826	-0.00537940388815	-0.0101616303097	-0.0474617977971	0.0356958543092	0.00316887275931	-0.0124091652858	-0.0298520325885	-0.0154446690831	-0.02028590971	0.0157751162247	-0.100081125952	0.0183001757167	0.0231759843997	0.0114527470679	0.0393877504424	0.0401809485772	-0.0369991069289	-0.027390478324	-0.0107630231187	0.0366272446866	-0.0340933557718	0.033547707226	-0.0196538045196	-0.0316373223385	0.0521690777403	0.0101538053179	0.0183129957367	-0.0315067524635	0.0388135072223
k__Bacteria;p__Bacteroidetes;c__Bacteroidia;o__Bacteroidales;f__Odoribacteraceae;g__Odoribacter;s__Odoribacter_splanchnicus	0.0108259285844	-0.0236749781626	0.0157432816786	0.0568783451192	-0.0233597810595	0.00098834400701	0.0292320922236	-0.0555486613366	-0.0652674143511	-0.0220566750903	-0.0353305139968	0.0216117386086	0.00259858983811	0.0240679484451	0.0114907430105	0.0556231693782	0.0701547568807	0.00764607771634	0.0990607308897	1.0	-0.0226836255472	-0.0520735143985	0.00134885226794	-0.00396971426301	0.0372846163303	-0.0326277741912	-0.0460595896613	-0.0466810996309	0.0185337809657	-0.0382897225895	0.0226471202928	-0.011644274296	-0.0452799197612	0.0384878185735	-0.0979632684427	0.00263613129488	-0.0035466134859	0.0427657853339	-0.0345536498058	-0.0104006750394	-0.0403921733253	-0.0169991634493	-0.00114932570445	-0.0843829105941	0.0204488288566	-0.0309595893222	0.00574171467997	-0.0278648688864	0.0550730385429	-0.0139650498516	-0.0092544342977	-0.0126977573922	-0.0124377712619	0.0065400854176	-0.0262252994859	-0.0199393754299	0.0341807066743	0.036999654408	-0.0607950922295
k__Bacteria;p__Bacteroidetes;c__Bacteroidia;o__Bacteroidales;f__Bacteroidaceae;g__Bacteroides;s__Bacteroides_salyersiae	0.00396051786295	-0.0117583296764	-0.0125585461718	0.0161987216139	-0.0280440189617	-0.0353760006972	0.00363947387566	-0.0154116683535	-0.0264783786137	-0.0242418919725	-0.0443823853236	0.0818921070597	-0.0321710868125	0.0152523336647	-0.0565164831834	-0.0285377398338	0.00451562027507	0.018038805728	0.00970855108161	-0.0226836255472	1.0	-0.0145379032927	0.0228629969773	0.00392416345824	-0.0230503310479	0.00578632100971	0.0397891431434	0.00450277491904	-0.0405623890122	0.00609432824878	0.0336837697307	-0.0443017383236	-0.0295763486795	-0.0128560526082	0.0376818325944	0.0199788699371	0.00901958735715	0.0293812497079	-0.0146152422331	0.0354969462353	-0.0356047996026	-0.0120431327693	-0.00488085551939	0.0603892805822	-0.0524566158399	-0.0741322311528	-0.0051590000296	0.0613607090199	-0.0468677105	-0.0471444210624	-0.00643105329936	0.0374996720268	0.0174253215128	0.0626049178388	-0.00790376539366	-0.0125041138071	0.013056444573	-0.0108811772876	0.0570672606515
k__Bacteria;p__Firmicutes;c__Clostridia;o__Clostridiales;f__Ruminococcaceae;g__Ruminiclostridium;s__[Eubacterium]_siraeum	-0.0294502609312	-0.0220176002791	-0.0169897326607	-0.0128463735582	-0.0132282865594	-0.00284063274082	0.0175543788636	-0.0517093371013	0.0561755257096	-0.0370370492117	-0.0529812487142	0.0429127197378	0.0038701522557	-0.0505494932725	0.00331291912474	0.00643331407032	0.00783921067731	-0.0114440955898	0.00657779983896	-0.0520735143985	-0.0145379032927	1.0	-0.0325893954228	-0.00373291142613	-0.0257605515135	-0.0460769775385	-0.00855706941271	-0.0336491633259	0.00915249837165	-0.0152797989512	-0.00488112868029	-0.0163887740345	0.00741903806347	0.000735152808409	-0.0170445589721	-0.0608507267112	0.0370799716463	-0.00279555042734	-0.0124133598557	0.00932098844548	-0.0248905410208	-0.00509002438961	-0.00274970316782	0.0149909734051	0.0376226766578	-0.0107821940832	0.0401036671154	0.0285439616733	0.0357944658316	0.0212001916819	0.0682450763848	0.0255989231643	0.0179682438111	-0.0551040849147	0.0048000370872	0.0221373491826	0.0310303085724	-0.0385536313069	0.0367719396074
k__Bacteria;p__Proteobacteria;c__Betaproteobacteria;o__Burkholderiales;f__Sutterellaceae;g__Parasutterella;s__Parasutterella_excrementihominis	0.0294449831614	-0.00272832031951	-0.0306567832594	-0.0102383806412	7.07207480221e-05	0.0354796098853	-0.0124227066738	0.0501338017267	-0.0495089564353	-0.0545033668481	0.0250981360004	-0.0918186457896	-0.0432081602966	-0.0424230120799	0.0299977675587	-0.0280043039217	0.0048379151332	0.0584589354556	0.0699666169862	0.00134885226794	0.0228629969773	-0.0325893954228	1.0	-0.0292653249656	-0.0236766798524	-0.106999544167	-0.0402421022127	-0.0218380718867	0.0386024146504	-0.0243145071248	0.0133892511206	-0.0137955003266	-0.0390868451615	-0.0105654945785	0.0367059484382	-0.0114393009735	-0.0103945345568	0.00487444156978	0.0109707869754	-0.0362570857596	-0.00796183560728	-0.0296615957308	0.00954737793842	0.026966672896	0.0538030620732	-0.0200129997401	-0.0196641506486	-0.00434794041417	-0.0109995578761	0.0296625667979	0.0333107413087	-0.0821585370109	0.0202097419871	0.00902032996989	0.0454803495144	-0.0393380860168	0.0369064547974	-0.0677670927159	0.0748317862568
k__Bacteria;p__Actinobacteria;c__Actinobacteria;o__Bifidobacteriales;f__Bifidobacteriaceae;g__Bifidobacterium;s__Bifidobacterium_adolescentis	0.00120265397218	-9.7972002437e-05	-0.00309904999245	-0.0366965180705	-0.0166545340974	0.0678005618582	-0.000503757623812	0.0173209016219	0.0285361397008	0.00918439626537	0.0575242407644	-0.0543033466116	0.032375309212	-0.0490856547499	0.00553654616778	0.0153852073468	-0.0174108897298	-0.00899372654229	-0.0201169777761	-0.00396971426301	0.00392416345824	-0.00373291142613	-0.0292653249656	1.0	0.0194168045284	-0.0114132061146	-0.014388034928	-0.000315928423047	-0.000426914462252	0.0452976261026	-0.0234179755461	0.0192310299071	-0.0281784994787	0.0309988757258	0.015874282119	-0.00816360834164	-0.00278743725023	0.0373284619672	-0.00617086296885	-0.0327452210723	0.0685359391809	-0.00651782025973	0.0131047920231	0.0121450330868	-0.0276581912434	0.00174571052426	-0.0256164715033	0.00718348636089	-0.0376607598593	-0.0208393141713	0.00552373437364	-0.00444965329391	-0.0339539503656	-0.0421723153638	-0.0311259358093	-0.0437692233164	0.0474928714377	0.0175701808177	-0.0195178024205
k__Bacteria;p__Firmicutes;c__Clostridia;o__Clostridiales;f__Oscillospiraceae;g__Oscillibacter;s__Oscillibacter_sp._KLE_1745	-0.0583508177587	0.000359426332217	0.0107209108066	0.00935105850445	-0.0301204411086	0.0418997068107	0.00996595174706	-0.0397941933826	0.0191688343572	-0.0844971607843	0.0494445490251	0.00420337008166	0.0022879503482	-0.0180477449933	0.0360076149696	-0.0437022351503	0.00914924354722	-0.0208765696987	0.0568129970057	0.0372846163303	-0.0230503310479	-0.0257605515135	-0.0236766798524	0.0194168045284	1.0	-0.00148385438542	-0.025454195036	-0.0667266014874	0.0103493027469	-0.0186960692822	-0.039429711074	0.0546491854562	0.0900549802812	0.035839570804	0.0701676136675	0.0255679871011	-0.0755586405863	-0.0252595624226	-0.077928466358	-0.0447787041576	0.0178671406637	0.0427579688494	0.00151823481667	-0.0353743283461	-0.0745549725581	-0.0483762164446	-0.000530050276039	0.021393022232	0.0923399744004	-0.0157495432373	0.0217484458001	-0.0963049151161	-0.022679925557	0.0223633925959	-0.0103579856098	0.0142936991737	-0.0658775271151	0.0708316155823	-0.0231084557664
k__Bacteria;p__Bacteroidetes;c__Bacteroidia;o__Bacteroidales;f__Bacteroidaceae;g__Bacteroides;s__Bacteroides_coprophilus	0.0292202028222	-0.00862752061535	0.0388730485675	0.0993493652897	-0.0950111932697	0.00612027493085	0.0319799868417	0.0164236981718	0.0251847341328	0.000545754393421	-0.0385884624862	0.00273526729624	-0.086751473728	-0.0212303782875	-0.0202035773074	-0.0223286385113	0.0125722428765	-0.0539345146455	0.0432997210462	-0.0326277741912	0.00578632100971	-0.0460769775385	-0.106999544167	-0.0114132061146	-0.00148385438542	1.0	-0.0245114548099	0.058182493302	-0.0704887511661	0.0163534441587	0.0134262384892	0.0244029434087	-0.0552322830101	-0.00381956493026	0.0167527994059	0.0502933465167	0.0500918120824	-0.0248605060518	-0.0231118475345	0.0573473619881	0.0480027113314	0.0279526405397	-0.0194975037887	-0.0793606945472	-0.0486033265496	-0.00595066640585	0.0129372626437	-0.0172207938454	-0.0372791438987	0.0111020371212	-0.0178858143216	-0.0351938313825	-0.06151570259	-0.00118201959098	0.0298274044981	-0.00488288101335	0.041659861051	0.0246307805138	0.0218763715444
k__Bacteria;p__Firmicutes;c__Clostridia;o__Clostridiales;f__Lachnospiraceae;g__Roseburia;s__Roseburia_intestinalis	-0.00571791163653	0.0127391687432	-0.0379254592727	-0.0184289055848	-0.0312203171288	0.0346807097017	-0.0134285426346	-0.0386714806792	0.0359702108555	-0.00131113310243	0.00463969154067	-0.0268940009036	-0.0286471288945	-0.0189585543548	0.0200542398461	-0.0258775863284	-0.00336539452031	0.0184076373701	-0.051492116513	-0.0460595896613	0.0397891431434	-0.00855706941271	-0.0402421022127	-0.014388034928	-0.025454195036	-0.0245114548099	1.0	-0.0632462504845	0.010047208876	0.0346000612711	-0.026088316768	0.071407661874	0.0309468294957	-0.000487070002269	0.00506778287192	-0.0767630920722	-0.0504002270567	-0.0325443796244	-0.00470454434006	0.00430938653493	0.0654556901715	-0.0558118316097	0.0240590221758	0.00547336027241	-0.0563705481556	-0.0274945011431	0.0272376823046	0.0227502278566	-0.0292992847188	-0.0945170199792	0.076749631637	-0.00700280672829	-0.0789418749259	-0.0291528517884	0.016791073587	0.0101372909287	-0.0796815151339	0.0143736593718	-0.00743250485043
k__Bacteria;p__Firmicutes;c__Clostridia;o__Clostridiales;f__Lachnospiraceae;g__Roseburia;s__Roseburia_hominis	-0.0344117869596	0.000515744311818	0.0308559918693	-0.00556769233665	-0.00761254513869	-0.0336567021311	-0.0044666113019	-0.0113365861914	0.00599001648827	0.0220046096138	-0.00719059074812	-0.0314781707596	-0.103296495632	0.0141493622639	0.0137013494308	0.0293053143805	0.0656031067012	-0.0179571745544	-0.0291866033327	-0.0466810996309	0.00450277491904	-0.0336491633259	-0.0218380718867	-0.000315928423047	-0.0667266014874	0.058182493302	-0.0632462504845	1.0	0.000506499139861	-0.0452268705595	0.0289471055232	-0.00505778937201	-0.0206688039969	-0.0101245374224	0.0482820918629	-0.0469518108099	-0.0247578943645	-0.0200181842426	0.0369264148831	-0.0274222497148	0.0624972516233	-0.0128567256835	0.0369844575062	-0.00981567424221	-0.0549749533006	-0.0077349775546	0.0440691279376	-0.0638763035733	-0.0272596828493	-0.0512654202183	-0.0447317331922	0.00196138926947	-0.00722061573237	-0.0136073917705	-0.0165719267988	-0.056959391898	0.0579543724479	-0.0133292942085	-0.0197256554208
k__Bacteria;p__Bacteroidetes;c__Bacteroidia;o__Bacteroidales;f__Porphyromonadaceae;g__Parabacteroides;s__Parabacteroides_johnsonii	-0.0575488101752	-0.00700529675128	0.018386269497	-0.0510965085177	-0.0236608629695	-0.0213158930552	0.0107296598626	0.00421522370011	-0.0119922272559	-0.00419959396482	0.0208996285377	-0.0129172616112	0.0162602798922	-0.0056333229815	0.00444525366224	0.0401930828595	-0.0321544623517	0.0412074464845	-0.0362371230819	0.0185337809657	-0.0405623890122	0.00915249837165	0.0386024146504	-0.000426914462252	0.0103493027469	-0.0704887511661	0.010047208876	0.000506499139861	1.0	-0.022652676576	-0.049391182338	-0.0234466634827	-0.0459336965236	-0.0135520034004	-0.0477400262267	-0.00847737745656	0.00346810669433	-0.027613896933	-0.00657293914051	0.0288502426645	-0.00520454960989	0.00501809075113	-0.00177528485493	-0.037649262457	-0.00226120666602	0.0397748858361	-0.0155227933163	0.0643636150065	0.0315175401656	-0.0250572423329	0.0518891989374	-0.0309270061591	-0.0262876331625	-0.0334006365544	-0.023435326046	-0.0294356962686	0.0349683071736	-0.0425736386618	-0.018730421977
k__Bacteria;p__Actinobacteria;c__Actinobacteria;o__Bifidobacteriales;f__Bifidobacteriaceae;g__Bifidobacterium;s__Bifidobacterium_longum	-0.0139778274125	0.0133420017502	0.0783688840582	0.0017107479997	-0.00065477935977	-0.0188898033087	-0.0477892533786	0.00280389340535	-0.0311105458653	-0.0246443118394	0.000426911532534	-0.03240125661	-0.0513873192081	-0.0433843774211	0.00936232863158	-0.0259838455915	-0.0815752679062	-0.0450232203101	0.0331651096826	-0.0382897225895	0.00609432824878	-0.0152797989512	-0.0243145071248	0.0452976261026	-0.0186960692822	0.0163534441587	0.0346000612711	-0.0452268705595	-0.022652676576	1.0	-0.0177687736327	-0.0837825952226	0.0510523777507	-0.0183394793226	0.00714731384318	-0.00500638368462	-0.0384575315779	0.0480587372629	-0.0851441476426	0.00460820032926	-0.00967123764314	0.00367874400948	-0.0506160452972	-0.00955943333555	0.017564383364	-0.0170067060533	0.0172267775047	-0.0103226966141	-0.0270382017316	-0.0248102067412	-0.024599341437	-0.0325893032698	-0.00460962175404	0.00844738121424	0.0198848050158	-0.00558212745687	0.065534203057	-0.0816636844198	0.031646364184
