#taxonomy	k__Bacteria;p__Bacteroidetes;c__Bacteroidia;o__Bacteroidales;f__Bacteroidaceae;g__Bacteroides;s__Bacteroides_vulgatus	k__Bacteria;p__Bacteroidetes;c__Bacteroidia;o__Bacteroidales;f__Bacteroidaceae;g__Bacteroides;s__Bacteroides_uniformis	k__Bacteria;p__Bacteroidetes;c__Bacteroidia;o__Bacteroidales;f__Rikenellaceae;g__Alistipes;s__Alistipes_putredinis	k__Bacteria;p__Bacteroidetes;c__Bacteroidia;o__Bacteroidales;f__Prevotellaceae;g__Prevotella;s__Prevotella_copri	k__Bacteria;p__Bacteroidetes;c__Bacteroidia;o__Bacteroidales;f__Bacteroidaceae;g__Bacteroides;s__Bacteroides_stercoris	k__Bacteria;p__Bacteroidetes;c__Bacteroidia;o__Bacteroidales;f__Bacteroidaceae;g__Bacteroides;s__Bacteroides_ovatus	k__Bacteria;p__Bacteroidetes;c__Bacteroidia;o__Bacteroidales;f__Rikenellaceae;g__Alistipes;s__Alistipes_shahii	k__Bacteria;p__Firmicutes;c__Clostridia;o__Clostridiales;f__Ruminococcaceae;g__Faecalibacterium;s__Faecalibacterium_prausnitzii	k__Bacteria;p__Bacteroidetes;c__Bacteroidia;o__Bacteroidales;f__Rikenellaceae;g__Alistipes;s__Alistipes_finegoldii	k__Bacteria;p__Bacteroidetes;c__Bacteroidia;o__Bacteroidales;f__Porphyromonadaceae;g__Parabacteroides;s__Parabacteroides_distasonis	k__Bacteria;p__Bacteroidetes;c__Bacteroidia;o__Bacteroidales;f__Bacteroidaceae;g__Bacteroides;s__Bacteroides_thetaiotaomicron	k__Bacteria;p__Bacteroidetes;c__Bacteroidia;o__Bacteroidales;f__Bacteroidaceae;g__Bacteroides;s__Bacteroides_coprocola	k__Bacteria;p__Bacteroidetes;c__Bacteroidia;o__Bacteroidales;f__Bacteroidaceae;g__Bacteroides;s__Bacteroides_cellulosilyticus	k__Bacteria;p__Bacteroidetes;c__Bacteroidia;o__Bacteroidales;f__Rikenellaceae;g__Alistipes;s__Alistipes_obesi	k__Bacteria;p__Firmicutes;c__Clostridia;o__Clostridiales;f__Lachnospiraceae;g__;s__[Eubacterium]_rectale	k__Bacteria;p__Bacteroidetes;c__Bacteroidia;o__Bacteroidales;f__Bacteroidaceae;g__Bacteroides;s__Bacteroides_plebeius	k__Bacteria;p__Bacteroidetes;c__Bacteroidia;o__Bacteroidales;f__Bacteroidaceae;g__Bacteroides;s__Bacteroides_fragilis	k__Bacteria;p__Proteobacteria;c__Betaproteobacteria;o__Burkholderiales;f__Sutterellaceae;g__Sutterella;s__Sutterella_wadsworthensis	k__Bacteria;p__Bacteroidetes;c__Bacteroidia;o__Bacteroidales;f__Porphyromonadaceae;g__Barnesiella;s__Barnesiella_intestinihominis	k__Bacteria;p__Bacteroidetes;c__Bacteroidia;o__Bacteroidales;f__Odoribacteraceae;g__Odoribacter;s__Odoribacter_splanchnicus	k__Bacteria;p__Bacteroidetes;c__Bacteroidia;o__Bacteroidales;f__Bacteroidaceae;g__Bacteroides;s__Bacteroides_salyersiae	k__Bacteria;p__Firmicutes;c__Clostridia;o__Clostridiales;f__Ruminococcaceae;g__Ruminiclostridium;s__[Eubacterium]_siraeum	k__Bacteria;p__Proteobacteria;c__Betaproteobacteria;o__Burkholderiales;f__Sutterellaceae;g__Parasutterella;s__Parasutterella_excrementihominis	k__Bacteria;p__Actinobacteria;c__Actinobacteria;o__Bifidobacteriales;f__Bifidobacteriaceae;g__Bifidobacterium;s__Bifidobacterium_adolescentis	k__Bacteria;p__Firmicutes;c__Clostridia;o__Clostridiales;f__Oscillospiraceae;g__Oscillibacter;s__Oscillibacter_sp._KLE_1745	k__Bacteria;p__Bacteroidetes;c__Bacteroidia;o__Bacteroidales;f__Bacteroidaceae;g__Bacteroides;s__Bacteroides_coprophilus	k__Bacteria;p__Firmicutes;c__Clostridia;o__Clostridiales;f__Lachnospiraceae;g__Roseburia;s__Roseburia_intestinalis	k__Bacteria;p__Firmicutes;c__Clostridia;o__Clostridiales;f__Lachnospiraceae;g__Roseburia;s__Roseburia_hominis	k__Bacteria;p__Bacteroidetes;c__Bacteroidia;o__Bacteroidales;f__Porphyromonadaceae;g__Parabacteroides;s__Parabacteroides_johnsonii	k__Bacteria;p__Actinobacteria;c__Actinobacteria;o__Bifidobacteriales;f__Bifidobacteriaceae;g__Bifidobacterium;s__Bifidobacterium_longum	k__Bacteria;p__Firmicutes;c__Clostridia;o__Clostridiales;f__;g__Flavonifractor;s__Flavonifractor_plautii	k__Bacteria;p__Firmicutes;c__Clostridia;o__Clostridiales;f__Clostridiaceae;g__Clostridium;s__Clostridium_phoceensis	k__Bacteria;p__Verrucomicrobia;c__Verrucomicrobiae;o__Verrucomicrobiales;f__Akkermansiaceae;g__Akkermansia;s__Akkermansia_muciniphila	k__Bacteria;p__Bacteroidetes;c__Bacteroidia;o__Bacteroidales;f__Prevotellaceae;g__Paraprevotella;s__Paraprevotella_xylaniphila	k__Bacteria;p__Firmicutes;c__Clostridia;o__Clostridiales;f__Ruminococcaceae;g__Ruminococcus;s__Ruminococcus_callidus	k__Bacteria;p__Bacteroidetes;c__Bacteroidia;o__Bacteroidales;f__Rikenellaceae;g__Alistipes;s__Alistipes_senegalensis	k__Bacteria;p__Firmicutes;c__Clostridia;o__Clostridiales;f__Lachnospiraceae;g__Blautia;s__Blautia_sp._KLE_1732	k__Bacteria;p__Bacteroidetes;c__Bacteroidia;o__Bacteroidales;f__Bacteroidaceae;g__Bacteroides;s__Bacteroides_oleiciplenus	k__Bacteria;p__Firmicutes;c__Clostridia;o__Clostridiales;f__Ruminococcaceae;g__Ruminococcus;s__Ruminococcus_bicirculans	k__Bacteria;p__Bacteroidetes;c__Bacteroidia;o__Bacteroidales;f__Bacteroidaceae;g__Bacteroides;s__Bacteroides_fluxus	k__Bacteria;p__Bacteroidetes;c__Bacteroidia;o__Bacteroidales;f__Prevotellaceae;g__Prevotella;s__Prevotella_stercorea	k__Bacteria;p__Firmicutes;c__Clostridia;o__Clostridiales;f__Lachnospiraceae;g__Dorea;s__Dorea_longicatena	k__Bacteria;p__Firmicutes;c__Clostridia;o__Clostridiales;f__Eubacteriaceae;g__Eubacterium;s__[Eubacterium]_eligens	k__Bacteria;p__Firmicutes;c__Clostridia;o__Clostridiales;f__Ruminococcaceae;g__;s__Ruminococcaceae_bacterium_D16	k__Bacteria;p__Firmicutes;c__Clostridia;o__Clostridiales;f__Lachnospiraceae;g__Coprococcus;s__Coprococcus_comes	k__Bacteria;p__Proteobacteria;c__Gammaproteobacteria;o__Enterobacterales;f__Enterobacteriaceae;g__Escherichia;s__Escherichia_coli	k__Bacteria;p__Firmicutes;c__Clostridia;o__Clostridiales;f__Ruminococcaceae;g__Anaerotruncus;s__Anaerotruncus_colihominis	k__Bacteria;p__Firmicutes;c__Clostridia;o__Clostridiales;f__Lachnospiraceae;g__Blautia;s__Blautia_obeum	k__Bacteria;p__Bacteroidetes;c__Bacteroidia;o__Bacteroidales;f__Odoribacteraceae;g__Odoribacter;s__Odoribacter_laneus	k__Bacteria;p__Firmicutes;c__Clostridia;o__Clostridiales;f__Ruminococcaceae;g__Ruminiclostridium;s__[Clostridium]_leptum	k__Bacteria;p__Bacteroidetes;c__Bacteroidia;o__Bacteroidales;f__Porphyromonadaceae;g__Parabacteroides;s__Parabacteroides_goldsteinii	k__Bacteria;p__Firmicutes;c__Clostridia;o__Clostridiales;f__Lachnospiraceae;g__Anaerostipes;s__Anaerostipes_hadrus	k__Bacteria;p__Firmicutes;c__Clostridia;o__Clostridiales;f__Ruminococcaceae;g__Ruminococcus;s__Ruminococcus_lactaris	k__Bacteria;p__Firmicutes;c__Clostridia;o__Clostridiales;f__Clostridiaceae;g__Clostridium;s__Clostridium_sp._L2-50	k__Bacteria;p__Firmicutes;c__Clostridia;o__Clostridiales;f__Clostridiaceae;g__Clostridium;s__Clostridium_sp._M62/1	k__Bacteria;p__Firmicutes;c__Clostridia;o__Clostridiales;f__;g__Intestinimonas;s__Intestinimonas_butyriciproducens	k__Bacteria;p__Actinobacteria;c__Actinobacteria;o__Bifidobacteriales;f__Bifidobacteriaceae;g__Bifidobacterium;s__Bifidobacterium_bifidum	k__Bacteria;p__Firmicutes;c__Negativicutes;o__Veillonellales;f__Veillonellaceae;g__Dialister;s__Dialister_invisus	k__Bacteria;p__Bacteroidetes;c__Bacteroidia;o__Bacteroidales;f__Bacteroidaceae;g__Bacteroides;s__Bacteroides_salanitronis
k__Bacteria;p__Bacteroidetes;c__Bacteroidia;o__Bacteroidales;f__Bacteroidaceae;g__Bacteroides;s__Bacteroides_vulgatus	1.0	0.0394216510492	0.0249300052175	0.00615162585225	-0.0390007418563	0.0508071910475	0.0181380435476	0.0264433231631	0.0408346141421	-0.0388701928614	0.073309339056	-0.0383999478007	-0.0366122164179	0.0303063383635	-0.00395916840918	-0.0143977214106	-0.00612195663222	0.0198436124017	0.041737911986	-0.0370469263585	-0.0125370360261	-0.0488894893908	-0.0631328946422	0.044705699128	-0.00438363959084	0.00174902061898	-0.034505124274	0.0831509324353	0.0170953434454	-0.0243885679197	-0.0537184792577	-0.0254961547713	-0.119649025853	0.00342438960887	-0.0424778892268	-0.047161574916	-0.0149263254264	0.0182903200089	0.0103563787075	-0.0459366124744	0.0118382660112	-0.0658711230176	-0.0354475290895	0.00307112257194	-0.0362971339124	0.0389409412059	-0.0357106529795	-0.0584001539489	-0.0194570866545	-0.0329854409902	-0.0139941643852	0.0395538347036	0.00417082657701	0.0194480152104	0.00222409061096	-0.00677258998928	0.00726510873362	-0.00899867237576	0.0698961854779
k__Bacteria;p__Bacteroidetes;c__Bacteroidia;o__Bacteroidales;f__Bacteroidaceae;g__Bacteroides;s__Bacteroides_uniformis	0.0394216510492	1.0	-0.0152826713867	-0.0248697082027	-0.00144618688107	-0.0127648998835	0.0252196052624	-0.0430189816781	-0.0329223358451	-0.00222046983632	-0.0507251345344	-0.00583640337667	-0.0456096831273	-0.0420742162066	-0.00436971101573	0.0081138784562	0.030196726575	-0.00876859056404	-0.0359477974438	-9.12688182137e-05	0.0021532310403	0.0109184717347	0.0190105638862	-0.0152284317024	-0.0262024325722	0.0672650289322	-0.00186827889254	0.0135407867002	0.0116463842129	-0.0154929786923	0.0185309002747	0.0610957182425	0.0215735231171	-0.0298067001778	-0.0414398662741	0.00301731675111	0.00684130626195	-0.0120088391381	-0.029728685944	0.000590475317045	-0.0309237404985	-0.0291861322264	-0.0406829615754	-0.0173400571714	-0.0929794188563	-0.0230812404298	0.00276328674872	-0.0311210714249	-0.0184546597928	-0.0353235431966	-0.0121226537695	0.0135363592797	-0.00143801098774	0.0304529860856	-0.0364252741888	-0.0339100687591	0.0195339282574	-0.0354395750305	0.0409797212121
k__Bacteria;p__Bacteroidetes;c__Bacteroidia;o__Bacteroidales;f__Rikenellaceae;g__Alistipes;s__Alistipes_putredinis	0.0249300052175	-0.0152826713867	1.0	5.47700408897e-05	-0.0451426107765	-0.00397990857884	-0.0456787162253	-0.00155929569863	0.0133626641322	0.0252181121597	-0.000820248511109	-0.00651379234653	-0.0093357138426	-0.00950708066251	0.00163392126951	0.00347177732017	-0.00497477343622	-0.0478329943958	0.00370827753757	0.0338799479161	0.0759274389728	0.0376813179919	-0.0562786235694	-0.00519820495723	0.0300799514459	0.0381003832503	-0.0216746531144	0.0183274453674	-0.0646449209367	0.00114447023451	0.0192788077821	-0.0376752056348	-0.0611353628173	0.0780165614153	-0.00817169769172	-0.0363156977727	-0.0491558029331	0.0426597431541	-0.0181958861041	-0.0290321834856	-0.0541053578761	-0.0607947831859	-0.0552214180082	0.0413051097252	0.0169192530857	-0.0224189439308	-0.0197171416397	-0.0449951847527	-0.00866041588767	0.0136452751114	0.0121049077089	0.0309172902452	-0.0609739774541	-0.00420157247959	0.01789862689	-0.0372642629032	0.0323781951391	-0.039739615665	-0.0571108951826
k__Bacteria;p__Bacteroidetes;c__Bacteroidia;o__Bacteroidales;f__Prevotellaceae;g__Prevotella;s__Prevotella_copri	0.00615162585225	-0.0248697082027	5.47700408897e-05	1.0	-0.041534740229	-0.0293053926045	0.0451116776738	0.0198976452341	0.0594773575123	0.0100274253966	0.0044582179716	0.0145200701283	0.0020965505753	-0.0582301777765	-0.0116086847306	-0.0224992005021	-0.0054321512493	0.0160232622718	0.0205318739231	0.0112793859527	0.0978383705587	0.0718112274384	0.0659069161248	-0.0121511360618	-0.0492517812091	-0.0462610433707	-0.0704036336412	0.0260902803056	-0.075472492929	0.0362046168918	0.0504748296004	-0.00845904604074	-0.0131442887961	-0.0522309210255	-0.0569491316814	-0.0256880010866	-0.0135467627092	0.0176252710911	-0.00441668025793	0.011480874264	0.0161803129505	-0.0477860890567	-0.0372397210161	-0.0273278020544	0.00551979195902	0.018305782816	0.0203393755822	-0.0157868337814	-0.0453350044449	-0.0637841809379	-0.00585727426712	-0.0550809070194	0.065772146854	0.0670796194001	0.0275044450086	-0.024584563259	0.00825550295039	-0.096959695861	-0.0504152282623
k__Bacteria;p__Bacteroidetes;c__Bacteroidia;o__Bacteroidales;f__Bacteroidaceae;g__Bacteroides;s__Bacteroides_stercoris	-0.0390007418563	-0.00144618688107	-0.0451426107765	-0.041534740229	1.0	-0.0316153565189	-0.0423065862285	-0.0121050305147	0.0321121759629	0.0395907753111	0.0323681810136	-0.0124546014415	0.0247182095092	-0.00537502231382	-0.0485986966755	-0.0223408157547	-0.0687925952668	-0.052995966238	0.0329539593027	-0.024709186367	-0.0440582297536	-0.00626415613159	0.0267356397206	-0.0222915309569	-0.06438302498	0.0332378358737	0.00116321554415	-0.0388100322393	-0.00438001768094	-0.0231648105152	-0.0574148543011	-0.0289056220462	0.0423244150928	0.0209018311099	-0.043312754916	-0.0144987945174	-0.0293374818409	0.0122460597658	-0.0495587282566	0.0800585710757	0.0629739566875	-0.0400829643539	0.0253710638284	0.04140846691	-0.0329169364722	0.00959362582186	-0.0087387065918	0.0169677844886	0.0407785069185	0.0608729069695	-0.0142973973982	-0.0338128319434	0.0264801156702	-0.0457835889542	0.0169965620344	0.0164193567636	-0.0292344387421	0.0278483654741	-0.0245352066091
k__Bacteria;p__Bacteroidetes;c__Bacteroidia;o__Bacteroidales;f__Bacteroidaceae;g__Bacteroides;s__Bacteroides_ovatus	0.0508071910475	-0.0127648998835	-0.00397990857884	-0.0293053926045	-0.0316153565189	1.0	0.00721240631432	-0.0162615307766	-0.0478597305383	-0.00396854750397	0.0706886087263	0.0350104432654	-0.0577564959567	-0.0452329660931	-0.0413955888152	-0.0720975861134	0.0100277714326	-0.000886046143737	0.0433821124967	0.0157700457101	-0.00350447314527	0.0290639105969	-0.0618971159992	-0.00291977928981	-0.0219418565088	-0.0214664819864	-0.000622385163471	0.0614252393841	0.00303249854471	-0.0144211733332	-0.0339057165278	-0.0268665421075	-0.0491481040451	0.0138610879405	-0.0185816580355	-0.0356301154852	0.0207995200395	-0.0132836177002	0.0565833846396	-0.0294652986544	0.00982086057179	0.0282751875457	-0.03436300633	-0.0170875382753	-0.0119624330729	-0.00870478439054	0.0559612796887	-0.0381900189657	-0.0124007182487	0.0233025450809	-0.0649447618338	-0.00539987605505	-0.0212729351571	-0.005724176671	-0.0665734247303	0.00313528679265	0.00799861012355	-0.034963443281	0.0974020314677
k__Bacteria;p__Bacteroidetes;c__Bacteroidia;o__Bacteroidales;f__Rikenellaceae;g__Alistipes;s__Alistipes_shahii	0.0181380435476	0.0252196052624	-0.0456787162253	0.0451116776738	-0.0423065862285	0.00721240631432	1.0	0.0067645184153	-0.030933322636	0.0639493157727	-0.0319194354895	-0.0651177541701	0.0208393342032	-0.0125778719439	-0.032485820692	-0.0246295530577	-0.000175455320717	0.00431658292633	-0.0424936384172	-0.00978259829495	-0.0555629672741	-0.0414114077626	-0.018452585057	-0.0418818241801	-0.0454406277828	-0.00538454659186	0.0266741112969	-0.0184604596539	0.0173258445873	-0.0256718661687	-0.0404675970449	0.0245467246719	-0.0252690142713	-0.000479866014878	-0.0169650940879	-0.042808526783	-0.00233588558216	0.0069057807733	-0.0322190467934	-0.0398974113234	0.0134364661795	0.0597228563001	0.0612942045177	-0.0158502333631	-0.0378540944026	-0.0192833424917	0.0519668945892	0.0338670600937	0.00863728739699	-0.00282847797765	0.0716253945501	-0.00109333197256	-0.0365652909578	0.0287694691103	0.0222928015901	-0.0461067868468	-0.00903395938043	-0.0488547833163	0.0261469239542
k__Bacteria;p__Firmicutes;c__Clostridia;o__Clostridiales;f__Ruminococcaceae;g__Faecalibacterium;s__Faecalibacterium_prausnitzii	0.0264433231631	-0.0430189816781	-0.00155929569863	0.0198976452341	-0.0121050305147	-0.0162615307766	0.0067645184153	1.0	-0.0234336192479	0.000600717006624	-0.00193964034823	-0.0105943533798	-0.0407267518659	0.0265344689238	-0.0424540250255	0.0174089776623	-0.0318277958017	-0.0235362495721	-0.0061392629619	0.0269900043531	0.0129895237397	-0.0290405572987	-0.0311223744638	-0.0157888230139	0.0807411231999	0.0191209352358	-0.066010863999	-0.0330913056503	0.0437725557486	0.0355609675441	-0.00342885383346	0.00479398666295	-0.0144585017412	-0.0340480946215	0.0254072217797	0.0128383696185	-0.0422537771659	-0.0289328527968	-0.00940053913312	0.034483866374	-0.00171809572017	0.0250453686602	0.0165860366915	-0.045935811768	-0.0473322032957	-0.0109199464132	-0.00837194110423	-0.015027580562	0.0776950464026	-0.0037506735326	-0.0371023282125	-0.0189442748776	0.0114880079246	0.101213157349	0.0309351761334	0.0753867884312	-0.0273893719356	0.0372515129466	-0.031531313254
k__Bacteria;p__Bacteroidetes;c__Bacteroidia;o__Bacteroidales;f__Rikenellaceae;g__Alistipes;s__Alistipes_finegoldii	0.0408346141421	-0.0329223358451	0.0133626641322	0.0594773575123	0.0321121759629	-0.0478597305383	-0.030933322636	-0.0234336192479	1.0	-0.0953226883747	0.0353600121507	0.00918737084887	-0.00262770237536	-0.0446150151635	0.0594458803661	0.0142931459517	-0.0431549890321	-0.0217522049493	0.0339386408098	-0.015581273125	-0.0268380249973	-0.0378124375829	0.0231977673728	-0.0100535653664	0.00710010628506	-0.0306589877542	-0.0475669697257	-0.00868981406194	-0.00773395185278	0.0270906503418	0.0121129060905	-0.0324787938782	-0.0338076817069	-0.00535699682155	-0.0337458341304	-0.041218827724	-0.0256593320601	0.0135073050832	-0.0233064831939	0.0267246421295	0.027200914397	0.0671543918271	0.01731890234	0.00534131516157	-0.0320188161296	0.0259333176975	-0.0559734032359	-0.00270143197512	-0.0160685303272	0.0260234267083	0.0187819358419	0.0129697331549	-0.0519766760538	0.0409380191591	0.00716175170152	0.0107876743823	-0.0434830301645	-0.00684190750393	0.0187961773012
k__Bacteria;p__Bacteroidetes;c__Bacteroidia;o__Bacteroidales;f__Porphyromonadaceae;g__Parabacteroides;s__Parabacteroides_distasonis	-0.0388701928614	-0.00222046983632	0.0252181121597	0.0100274253966	0.0395907753111	-0.00396854750397	0.0639493157727	0.000600717006624	-0.0953226883747	1.0	-0.0394462191727	-0.0217504923086	0.00337920495219	0.0174623520612	-0.0531812190828	0.00665851543437	0.062454245844	0.0578374237673	0.0472723655047	-0.0153986471756	-0.00157530677217	0.0055967479272	-0.0155191060114	-0.0192936017613	0.03809057953	-0.0289178312246	-0.00855182747972	-0.0156708209165	-0.0606631332132	0.00733151846001	-0.00600348302708	-0.0388130843279	-0.0417735490871	-0.0481718777164	-0.0641563011019	-0.0124212657369	-0.00770445129971	0.0536264269657	-0.0244704124497	-0.0117844777282	-0.0401760432134	-0.0136751010173	-0.0167999994822	-0.012136633857	0.040331575554	-0.0174772820127	0.0022299151655	-0.0562930855852	-0.0340129450228	0.00639586871958	-0.0140095392625	0.010701881936	-0.00255427743648	-0.0406733028662	-0.0140401390554	-0.0388525006104	-0.0553100658235	-0.00895687211546	0.0158179526913
k__Bacteria;p__Bacteroidetes;c__Bacteroidia;o__Bacteroidales;f__Bacteroidaceae;g__Bacteroides;s__Bacteroides_thetaiotaomicron	0.073309339056	-0.0507251345344	-0.000820248511109	0.0044582179716	0.0323681810136	0.0706886087263	-0.0319194354895	-0.00193964034823	0.0353600121507	-0.0394462191727	1.0	-0.0679757013154	0.0221761542421	-0.0648196525177	-0.0517730371439	0.0366824554541	-0.0428272434871	-0.0141104029579	0.00429312402559	-0.0303254518936	-0.0246443853528	-0.015364549771	-0.0744376619035	0.0226815712741	-0.0197586556711	-0.0131443575795	0.0618821752554	0.0114594965418	-0.0628923125169	-0.0252865186653	-0.0165511221625	-0.0143529327328	0.0273994600173	-0.00585081702699	0.00200975557737	0.00458481040113	0.0288687439679	-0.0893512643756	-0.0639259989719	-0.0533406331683	-0.027820736454	-0.00256474215701	-0.00208897007874	-0.039457089313	-0.0230555400279	0.0474114952876	-0.0478101201969	0.0147525489095	0.0156371090125	-0.0466105453332	0.0243095487314	0.0362033512082	0.0962553478067	-0.0330498430477	-0.0849019916902	0.029240375652	0.0385518688047	0.0107047618158	-0.0192930821496
k__Bacteria;p__Bacteroidetes;c__Bacteroidia;o__Bacteroidales;f__Bacteroidaceae;g__Bacteroides;s__Bacteroides_coprocola	-0.0383999478007	-0.00583640337667	-0.00651379234653	0.0145200701283	-0.0124546014415	0.0350104432654	-0.0651177541701	-0.0105943533798	0.00918737084887	-0.0217504923086	-0.0679757013154	1.0	-0.0411521519055	0.000633401291447	-0.0120967893176	-0.0362881001712	-0.043581533907	-0.030254113923	-0.00647186763376	-0.013933812848	0.0200996155652	0.0330736900084	0.00765875915039	-0.0365929102101	0.0885991582383	-0.0201562041229	0.0519739526204	-0.0382926090552	-0.00361866053168	-0.0280918924288	0.00921117720738	0.0539531538071	-0.0206963199904	0.00281059784419	0.0151576479866	-0.0106632541909	0.0339396901146	-0.00650432216373	0.0139801198521	0.0136015493683	-0.0893607588508	0.00479004515487	-0.0522323080132	-0.017540093098	0.00532773971963	0.0158380476317	0.055144741887	-0.00606922432351	-0.0271440034304	0.0148279496919	0.0268652182899	0.0250234479366	0.00411423228107	0.0444522679807	0.00559353378278	-0.0356126277392	-0.0309073297731	-0.0637079048867	0.0216968263228
k__Bacteria;p__Bacteroidetes;c__Bacteroidia;o__Bacteroidales;f__Bacteroidaceae;g__Bacteroides;s__Bacteroides_cellulosilyticus	-0.0366122164179	-0.0456096831273	-0.0093357138426	0.0020965505753	0.0247182095092	-0.0577564959567	0.0208393342032	-0.0407267518659	-0.00262770237536	0.00337920495219	0.0221761542421	-0.0411521519055	1.0	0.00836510942195	0.028581914936	0.00676533411181	0.00623580914049	-0.00819562358316	-0.0253515234263	-0.0464717558404	0.0229412200406	0.0729659039093	-0.00495856389966	0.0474630640907	-0.0542328865092	0.0335785515375	-0.0240584678634	-0.0723601737091	0.00525037835408	0.00876063912702	0.0110644130536	-0.0318699275985	-0.0215993728232	-0.00178230131861	-0.0383549782988	-0.0596351094065	0.0410940534396	-0.0582779953035	-0.00544428312581	-0.0299097266887	-0.00690871390525	0.00463050364855	-0.0205631249764	0.0120352983693	0.00307899912525	-0.0405205183352	-0.0296324974831	0.0506939541838	0.00374380468775	0.0079856212444	0.0139355320996	-0.01853614691	0.00703411432892	-0.0306475519335	-0.032403784209	0.00536897533251	-0.0246278299277	0.0333980336319	-0.0289291023897
k__Bacteria;p__Bacteroidetes;c__Bacteroidia;o__Bacteroidales;f__Rikenellaceae;g__Alistipes;s__Alistipes_obesi	0.0303063383635	-0.0420742162066	-0.00950708066251	-0.0582301777765	-0.00537502231382	-0.0452329660931	-0.0125778719439	0.0265344689238	-0.0446150151635	0.0174623520612	-0.0648196525177	0.000633401291446	0.00836510942195	1.0	-0.0150549429671	-0.019407527102	-0.0620648429539	0.0377140827792	-0.0400064087466	-0.0322291396464	0.0353845911924	-0.0182461982926	-0.0269429892256	-0.0132331009028	-0.0674708211406	-0.00792786110231	0.0423510465889	-0.00109182422166	0.0306755651743	0.0139389044831	-0.0163204365153	0.00595145235469	-0.0473629164158	-0.0398621448302	0.063521410317	-0.0498818506176	0.00224103761048	-0.00335551678577	-0.00333314433379	-0.0108909919431	0.00661830565122	0.0036436685688	0.032688336781	0.0267807522078	0.0417582744052	0.0153058892704	-0.0302110630506	0.00964369845494	0.0304159648245	0.011605899648	-0.0467442520347	-0.0540393812902	0.0194320293937	-0.0177161496345	0.00876690025213	-0.00825620929112	-0.0203659339147	0.0220787204539	-0.0591677045883
k__Bacteria;p__Firmicutes;c__Clostridia;o__Clostridiales;f__Lachnospiraceae;g__;s__[Eubacterium]_rectale	-0.00395916840918	-0.00436971101573	0.00163392126951	-0.0116086847306	-0.0485986966755	-0.0413955888152	-0.032485820692	-0.0424540250255	0.0594458803661	-0.0531812190828	-0.0517730371439	-0.0120967893176	0.028581914936	-0.0150549429671	1.0	0.0345193898103	-0.0205903191706	-0.0397860235673	-0.0418556096062	-0.00517598869906	0.0107640932783	0.0108427445414	-0.0293877606323	-0.00733227562162	0.0183167676014	0.0158440297692	-0.0412040756392	0.019423754457	0.0111876158476	0.0539162026015	-0.0524001977517	0.0234180436083	-0.0273614665732	-0.0308868636283	0.0308418076758	-0.0363542565135	-0.0146967046138	0.0096623948797	0.0193555552413	-0.0123621194491	-0.00365225735181	0.0487334294808	-0.0303665736445	-0.0156159163861	0.00724278933847	-0.0557760619886	-0.052762316022	0.0175973050879	0.0221271202811	-0.00650981535291	-0.00906903145699	-0.00193837637207	0.0460581386583	0.0106502932198	-0.0555288070374	0.0332430258399	-0.0626422373286	0.0538321859091	-0.0477245443876
k__Bacteria;p__Bacteroidetes;c__Bacteroidia;o__Bacteroidales;f__Bacteroidaceae;g__Bacteroides;s__Bacteroides_plebeius	-0.0143977214106	0.0081138784562	0.00347177732017	-0.0224992005021	-0.0223408157547	-0.0720975861134	-0.0246295530577	0.0174089776623	0.0142931459517	0.00665851543437	0.0366824554541	-0.0362881001712	0.00676533411181	-0.019407527102	0.0345193898103	1.0	-0.00497642395522	-0.0206344871053	-0.0392269381273	-0.000349171060581	0.0154158476472	-0.00839646053212	0.0145662119404	0.0177182859102	0.00707473491855	-0.0360715029776	-0.0490170586879	-0.00743858738963	-0.0457836391059	0.0362088555372	0.0203313774445	-0.00337003622318	-0.0474669060807	-0.0462783810621	-0.00909212053042	-0.0465572769954	0.000299876467056	0.0182762971135	-0.0265119059877	-0.0165482465693	-0.027828387052	-0.0421054159569	0.000943951261035	-0.00664513177149	0.0194128138893	0.0675420930008	0.03651386503	0.0102314897226	-0.00383621801993	-0.0653778513808	-0.0491532949885	-0.048155837433	0.0353735657769	0.00544902622423	-0.0352052443057	-0.00586325770821	-0.036972273973	-0.011423990579	-0.0318442870971
k__Bacteria;p__Bacteroidetes;c__Bacteroidia;o__Bacteroidales;f__Bacteroidaceae;g__Bacteroides;s__Bacteroides_fragilis	-0.00612195663222	0.030196726575	-0.00497477343622	-0.0054321512493	-0.0687925952668	0.0100277714326	-0.000175455320717	-0.0318277958017	-0.0431549890321	0.062454245844	-0.0428272434871	-0.043581533907	0.00623580914049	-0.0620648429539	-0.0205903191706	-0.00497642395522	1.0	-0.038186857769	-0.0495182395499	-0.00937456469396	0.0145944457238	-0.0132175509266	0.00547058391051	-0.051746828878	0.0369710285957	-0.0684748833196	-0.00450690499069	0.0364519865379	-0.0131668315374	-0.0028565138567	-0.0142434630422	0.0168867822263	0.0267682568704	-0.0345472181003	-0.0586392006479	-0.0259103523858	0.0556711628076	-0.0201709347532	0.00121527169149	0.00497188201868	0.00492690651323	-0.000633114434241	-0.0289607051024	-0.0288808226018	-0.0104078478284	-0.0241035871107	0.0140418009149	-0.0117198220268	-0.0131578336163	0.0139471366009	0.0141400949181	0.0268549107876	0.044784389725	-0.00600055886529	0.00124480744531	-0.027286982441	0.0530534117451	-0.0503657473958	-0.0328643480582
k__Bacteria;p__Proteobacteria;c__Betaproteobacteria;o__Burkholderiales;f__Sutterellaceae;g__Sutterella;s__Sutterella_wadsworthensis	0.0198436124017	-0.00876859056404	-0.0478329943958	0.0160232622718	-0.052995966238	-0.000886046143737	0.00431658292633	-0.0235362495721	-0.0217522049493	0.0578374237673	-0.0141104029579	-0.030254113923	-0.00819562358316	0.0377140827792	-0.0397860235673	-0.0206344871053	-0.038186857769	1.0	0.0290730714953	-0.0369262677786	0.0204742007291	-0.0604697137927	-0.0461121825305	-0.0583197071061	0.0237683920487	-0.01391172092	-0.012414031997	0.0623300492773	-0.0185315273048	0.0123252593551	0.0171360709093	-0.0182825737699	-0.0275920523617	0.0249937390525	-0.0458492424329	-0.0433788327892	0.0180957687348	-0.0646831497664	0.00408224660086	-0.0289182642953	-0.015868034896	-0.0512945190266	-0.00794451541142	-0.0510197205908	0.0179520859516	0.0305503635138	-0.0426008378251	0.0191477533757	0.0500458544558	0.0193757729208	-0.00482285576564	0.0198431991961	0.0252958265406	0.0112951513387	-0.0677742770446	-0.0153393315437	-0.0427413820117	0.0440409421537	0.00733534194726
k__Bacteria;p__Bacteroidetes;c__Bacteroidia;o__Bacteroidales;f__Porphyromonadaceae;g__Barnesiella;s__Barnesiella_intestinihominis	0.041737911986	-0.0359477974438	0.00370827753757	0.0205318739231	0.0329539593027	0.0433821124967	-0.0424936384172	-0.0061392629619	0.0339386408098	0.0472723655047	0.00429312402559	-0.00647186763376	-0.0253515234263	-0.0400064087466	-0.0418556096062	-0.0392269381273	-0.0495182395499	0.0290730714953	1.0	-0.0187517583956	0.0107154966191	0.0335431270248	-0.089787191935	0.0264811856044	-0.0326684486734	-0.0124010831734	0.0125462964132	-0.00359794965256	0.0486000667838	-0.0777346450966	0.0162156147059	-0.0166136865159	-0.0823878557484	-0.0287968744755	-0.0295832304055	-0.0665655316014	0.00878816348938	0.0439585129036	-0.0224710514184	0.0782451185424	-0.0175281923755	-0.053615806354	0.00845002407072	0.022377168021	0.0152329879442	-0.00389727353652	-0.0061204460506	0.00317442150804	0.0306557141554	0.0498967437111	0.0198172091595	0.0219590580727	-0.0884908742362	-0.0226933797665	0.00821775181831	-0.0285033611327	0.0131917805504	-0.00482053589641	-0.0331107095693
k__Bacteria;p__Bacteroidetes;c__Bacteroidia;o__Bacteroidales;f__Odoribacteraceae;g__Odoribacter;s__Odoribacter_splanchnicus	-0.0370469263585	-9.12688182137e-05	0.0338799479161	0.0112793859527	-0.024709186367	0.0157700457101	-0.00978259829495	0.0269900043531	-0.015581273125	-0.0153986471756	-0.0303254518936	-0.013933812848	-0.0464717558404	-0.0322291396464	-0.00517598869906	-0.000349171060581	-0.00937456469396	-0.0369262677786	-0.0187517583956	1.0	-0.00777616214846	0.0314970827157	0.0343490509706	0.0149103924031	0.0235012069361	0.0477904308529	-0.00134360528728	0.0679837422625	0.0256853596875	-0.0366087618466	-0.0153322594628	-0.0420374758498	-0.0345550232492	-0.0289010678822	0.00729141958289	-0.00453758264013	0.0364690235792	-0.0130192288237	-0.0123177724246	0.0175025338576	0.0137506009103	-0.0310628663093	0.0114496927489	-0.0608728532822	-0.0165833730312	0.0324817796632	-0.00976469896058	-0.0630351307356	-0.0552084882645	0.00358091580679	-0.0312409961134	-0.047334166983	-0.0253775273521	0.0252030494273	0.0345251532537	0.00721170364246	-0.00647408289977	-0.0398139988629	0.0141631858256
k__Bacteria;p__Bacteroidetes;c__Bacteroidia;o__Bacteroidales;f__Bacteroidaceae;g__Bacteroides;s__Bacteroides_salyersiae	-0.0125370360261	0.0021532310403	0.0759274389728	0.0978383705587	-0.0440582297536	-0.00350447314527	-0.0555629672741	0.0129895237397	-0.0268380249973	-0.00157530677217	-0.0246443853528	0.0200996155652	0.0229412200406	0.0353845911924	0.0107640932783	0.0154158476472	0.0145944457238	0.0204742007291	0.0107154966191	-0.00777616214846	1.0	-0.0306817990488	-0.0113010488794	-0.0302416877547	0.0327056571393	0.0713283835372	0.00743043592435	-0.0317987510095	-0.00492047866841	-0.0627829120143	-0.0303295400871	-0.0142914202368	0.0144189625722	-0.0457641437486	-0.0410393309308	-0.0147106468807	-0.0461318726495	0.00584066843475	-0.0124563406797	-0.0160162497167	-0.0414919148656	-0.00674721115031	-0.0235742134301	-0.000829613188721	-0.010132714307	-0.0214237525446	0.0281939407386	-0.00145263805527	-0.0452267648037	-0.0133675969546	0.0337432379199	-0.0319435163106	0.0297374105554	0.00524866402335	0.0327868272799	0.0301884892234	0.00193066312393	0.030681249509	-0.0356534101315
k__Bacteria;p__Firmicutes;c__Clostridia;o__Clostridiales;f__Ruminococcaceae;g__Ruminiclostridium;s__[Eubacterium]_siraeum	-0.0488894893908	0.0109184717347	0.0376813179919	0.0718112274384	-0.00626415613159	0.0290639105969	-0.0414114077626	-0.0290405572987	-0.0378124375829	0.0055967479272	-0.015364549771	0.0330736900084	0.0729659039093	-0.0182461982926	0.0108427445414	-0.00839646053212	-0.0132175509266	-0.0604697137927	0.0335431270248	0.0314970827157	-0.0306817990488	1.0	0.0108051971614	0.0370444946822	-0.0333664488789	0.0606961424539	0.0265244166487	0.00718821830998	-0.0137462874222	-0.0375744570595	-0.0408514822503	-0.00274573638835	0.0263254315826	-0.0274779918854	-0.0764624836985	-0.0495120414282	0.0398937519796	0.0426425449781	0.0477825857495	-0.0169299925727	-0.00330246694975	-0.11315922394	-0.0298172774357	-0.0505999267306	-0.0464581730881	-0.0119981893266	-0.00684311785568	-0.031045239565	-0.0450265592885	-0.0157376976769	-0.0419674967814	0.0465992619069	-0.00403170484175	-0.0453409644472	-0.0164419429661	0.0299703444055	0.00367051886136	-0.0319176839122	0.00794576243918
k__Bacteria;p__Proteobacteria;c__Betaproteobacteria;o__Burkholderiales;f__Sutterellaceae;g__Parasutterella;s__Parasutterella_excrementihominis	-0.0631328946422	0.0190105638862	-0.0562786235694	0.0659069161248	0.0267356397206	-0.0618971159992	-0.018452585057	-0.0311223744638	0.0231977673728	-0.0155191060114	-0.0744376619035	0.00765875915039	-0.00495856389966	-0.0269429892256	-0.0293877606323	0.0145662119404	0.00547058391051	-0.0461121825305	-0.089787191935	0.0343490509706	-0.0113010488794	0.0108051971614	1.0	-0.00641332274063	0.0165925264006	0.0223474944668	0.024993102408	-0.0391789370426	-0.0705315548477	0.0624654903943	0.0187223171124	-0.00413016488006	-0.0316803267054	0.00658607857753	-0.00267234509731	0.0145374004991	-0.0147777050497	-0.0237197080604	0.0177919205977	-0.0509531907162	-0.00881839022764	-0.0034106163141	0.00992268482984	-0.0443428201014	0.0191942156974	-0.0561979134417	0.0558321051495	0.0213137511571	-0.0685857728413	0.00600260065096	0.0175022359318	-0.0265742987232	-0.0305799351605	-0.036534051473	0.0378280653659	0.0123383619105	-0.0241056536539	-0.0199022892921	0.0629045783313
k__Bacteria;p__Actinobacteria;c__Actinobacteria;o__Bifidobacteriales;f__Bifidobacteriaceae;g__Bifidobacterium;s__Bifidobacterium_adolescentis	0.044705699128	-0.0152284317024	-0.00519820495723	-0.0121511360618	-0.0222915309569	-0.00291977928981	-0.0418818241801	-0.0157888230139	-0.0100535653664	-0.0192936017613	0.0226815712741	-0.0365929102101	0.0474630640907	-0.0132331009028	-0.00733227562162	0.0177182859102	-0.051746828878	-0.0583197071061	0.0264811856044	0.0149103924031	-0.0302416877547	0.0370444946822	-0.00641332274063	1.0	-0.0365861707942	-0.0292637544241	-0.0126615593028	0.0278411090346	0.00975827748268	-0.0217444314441	0.00908886050067	0.0253015266537	-0.0179620386811	-0.0173760874467	0.0107367073244	-0.00690455940216	0.00693537190729	0.00255585390679	0.0233773543671	-0.0190426073029	-0.00204487039709	0.0274750424525	-0.0239717150116	-0.0117321590043	-0.0166667352791	-0.0762684090102	-0.114773000352	-0.0465845777192	0.0134282819862	0.0511928405509	0.00787380980951	0.0201757404039	-0.103049373491	-0.0122472515817	-0.00812793168704	0.00654528582551	-0.0196077167583	0.00142268559415	0.00586326142267
k__Bacteria;p__Firmicutes;c__Clostridia;o__Clostridiales;f__Oscillospiraceae;g__Oscillibacter;s__Oscillibacter_sp._KLE_1745	-0.00438363959084	-0.0262024325722	0.0300799514459	-0.0492517812091	-0.06438302498	-0.0219418565088	-0.0454406277828	0.0807411231999	0.00710010628506	0.03809057953	-0.0197586556711	0.0885991582383	-0.0542328865092	-0.0674708211406	0.0183167676014	0.00707473491855	0.0369710285957	0.0237683920487	-0.0326684486734	0.0235012069361	0.0327056571393	-0.0333664488789	0.0165925264006	-0.0365861707942	1.0	-0.000314720791554	-0.0500601067261	0.067480911831	0.0521929760173	-0.0166633125758	0.0241689182835	0.0341450067005	-0.00867845089845	0.0108454555212	0.0114962552023	-0.0345454121384	0.0550618313851	0.0477639204954	-0.0498858731088	0.0378903099713	-0.000114132419206	0.0736724555434	0.0531829615846	-0.0102840888533	-0.0173626633466	-0.0476281814432	-0.0456643612563	0.00407349054684	0.0177697467839	-0.0158988032067	0.0110689481067	0.0372467682764	-0.0239198855639	-0.0433671385853	0.0674540175914	-0.000518417648148	0.00283971738466	-0.0575960219973	-0.0543027099706
k__Bacteria;p__Bacteroidetes;c__Bacteroidia;o__Bacteroidales;f__Bacteroidaceae;g__Bacteroides;s__Bacteroides_coprophilus	0.00174902061898	0.0672650289322	0.0381003832503	-0.0462610433707	0.0332378358737	-0.0214664819864	-0.00538454659186	0.0191209352358	-0.0306589877542	-0.0289178312246	-0.0131443575795	-0.0201562041229	0.0335785515375	-0.00792786110231	0.0158440297692	-0.0360715029776	-0.0684748833196	-0.01391172092	-0.0124010831734	0.0477904308529	0.0713283835372	0.0606961424539	0.0223474944668	-0.0292637544241	-0.000314720791555	1.0	0.019885295006	-0.025228650867	-0.0555854376004	-0.0244797545074	-0.00483936301984	0.0165139877718	0.065677106986	-0.00759349930344	-0.000549817353304	-0.043197190612	0.00970324297619	-0.0114954094485	0.0282106312734	-0.0133506410413	0.00305333627872	-0.0518111506442	-0.0224368449419	-0.0164960237465	-0.0326926095278	-0.0160354732278	-0.0208812367357	0.0142682166178	0.00631545924225	-0.0924743217653	0.0183316270464	-0.0448179572015	0.0272688094777	-0.0172460744202	0.0204101849673	0.00230461785615	-0.0531257347657	-0.000805069454061	0.0122380482505
k__Bacteria;p__Firmicutes;c__Clostridia;o__Clostridiales;f__Lachnospiraceae;g__Roseburia;s__Roseburia_intestinalis	-0.034505124274	-0.00186827889254	-0.0216746531144	-0.0704036336412	0.00116321554415	-0.000622385163471	0.0266741112969	-0.066010863999	-0.0475669697257	-0.00855182747972	0.0618821752554	0.0519739526204	-0.0240584678634	0.0423510465889	-0.0412040756392	-0.0490170586879	-0.00450690499069	-0.012414031997	0.0125462964132	-0.00134360528728	0.00743043592435	0.0265244166487	0.024993102408	-0.0126615593028	-0.0500601067261	0.019885295006	1.0	-0.006507905042	-0.0623855162851	0.0137756978188	-0.0129415000778	0.0761369372763	0.037746319614	0.0107932446374	-0.0415940071843	0.0165109397585	0.0338270189268	-0.065636815729	-0.0161144407692	-0.0288175860241	-0.0320333448742	-0.0315804987072	0.00272629569164	-0.0256828560181	-0.0250986748583	-0.0348393482985	-0.0332832613504	0.0280853914222	0.0604994518376	0.0508910666339	-0.0649588229599	0.0324635160062	0.0559277886971	-0.0340537958168	0.00950779968751	0.0351062623947	-0.0571735139004	-0.0310979398447	0.0342408820095
k__Bacteria;p__Firmicutes;c__Clostridia;o__Clostridiales;f__Lachnospiraceae;g__Roseburia;s__Roseburia_hominis	0.0831509324353	0.0135407867002	0.0183274453674	0.0260902803056	-0.0388100322393	0.0614252393841	-0.0184604596539	-0.0330913056503	-0.00868981406194	-0.0156708209165	0.0114594965418	-0.0382926090552	-0.0723601737091	-0.00109182422166	0.019423754457	-0.00743858738963	0.0364519865379	0.0623300492773	-0.00359794965256	0.0679837422625	-0.0317987510095	0.00718821830998	-0.0391789370426	0.0278411090346	0.067480911831	-0.025228650867	-0.006507905042	1.0	0.000653245519192	-0.00801860445603	-0.0664754304459	-0.0169400776585	0.00295580508153	0.0173675428458	0.00148454968028	-0.0802140907237	-0.0888810398782	-0.0799039306686	0.0222306609061	0.000367363184642	-0.0260530139802	-0.0413635503048	-0.102986674712	-0.0391274596235	-0.0300367221412	-0.012098482322	-0.0489572677733	0.00633751057473	-0.0345891157366	-0.0248880106986	0.0346589000457	0.045141174808	0.00569207935286	0.0253551486031	0.0464859239166	0.0300665473388	0.0137165803278	0.0652253242501	-0.0328037809785
k__Bacteria;p__Bacteroidetes;c__Bacteroidia;o__Bacteroidales;f__Porphyromonadaceae;g__Parabacteroides;s__Parabacteroides_johnsonii	0.0170953434454	0.0116463842129	-0.0646449209367	-0.075472492929	-0.00438001768094	0.00303249854471	0.0173258445873	0.0437725557486	-0.00773395185278	-0.0606631332132	-0.0628923125169	-0.00361866053168	0.00525037835408	0.0306755651743	0.0111876158476	-0.0457836391059	-0.0131668315374	-0.0185315273048	0.0486000667838	0.0256853596875	-0.00492047866841	-0.0137462874222	-0.0705315548477	0.00975827748268	0.0521929760173	-0.0555854376004	-0.0623855162851	0.000653245519192	1.0	0.0123956592248	0.0163550449447	-0.0270587119724	0.00823760462536	-0.0337389284862	0.0126891711387	-0.00305704130277	0.026880893191	-0.072779293372	-0.0155861830661	0.00809543684327	-0.0558976516173	0.00922394775628	-0.0246551595907	0.0619479973496	-0.0613031720032	-0.0291877119382	-0.0223445196467	0.0114014653604	-0.0613318780535	0.0644203843716	0.0424971967293	-0.0136211268065	-0.00825002900703	0.0194929009219	0.030380499857	-0.00439499461091	0.0563414975223	0.0041153252061	0.00335457861597
k__Bacteria;p__Actinobacteria;c__Actinobacteria;o__Bifidobacteriales;f__Bifidobacteriaceae;g__Bifidobacterium;s__Bifidobacterium_longum	-0.0243885679197	-0.0154929786923	0.00114447023451	0.0362046168918	-0.0231648105152	-0.0144211733332	-0.0256718661687	0.0355609675441	0.0270906503418	0.00733151846001	-0.0252865186653	-0.0280918924288	0.00876063912701	0.0139389044831	0.0539162026015	0.0362088555372	-0.0028565138567	0.0123252593551	-0.0777346450966	-0.0366087618466	-0.0627829120143	-0.0375744570595	0.0624654903943	-0.0217444314441	-0.0166633125758	-0.0244797545074	0.0137756978188	-0.00801860445603	0.0123956592248	1.0	-0.00981726292046	0.0396363494693	-0.0107259281467	-0.0666462239861	-0.0419700227736	0.0974068781904	0.0256555979659	-0.0123624216824	-0.00280481909491	-0.0284612785704	-0.0150032312099	0.052840070262	0.00634923776946	-0.0247226895006	0.0190877793944	-0.0195106233846	0.00743029382292	-0.0548448157289	0.0342703854935	-0.011614036333	0.0118105300415	-0.0031696783488	-0.0201283031836	-0.0292659369446	-0.00635294236817	-0.0288875622572	0.0132095061752	0.0233271954526	-0.0083722775474
