#taxonomy	k__Bacteria;p__Bacteroidetes;c__Bacteroidia;o__Bacteroidales;f__Bacteroidaceae;g__Bacteroides;s__Bacteroides_vulgatus	k__Bacteria;p__Bacteroidetes;c__Bacteroidia;o__Bacteroidales;f__Bacteroidaceae;g__Bacteroides;s__Bacteroides_uniformis	k__Bacteria;p__Bacteroidetes;c__Bacteroidia;o__Bacteroidales;f__Rikenellaceae;g__Alistipes;s__Alistipes_putredinis	k__Bacteria;p__Bacteroidetes;c__Bacteroidia;o__Bacteroidales;f__Prevotellaceae;g__Prevotella;s__Prevotella_copri	k__Bacteria;p__Bacteroidetes;c__Bacteroidia;o__Bacteroidales;f__Bacteroidaceae;g__Bacteroides;s__Bacteroides_stercoris	k__Bacteria;p__Bacteroidetes;c__Bacteroidia;o__Bacteroidales;f__Bacteroidaceae;g__Bacteroides;s__Bacteroides_ovatus	k__Bacteria;p__Bacteroidetes;c__Bacteroidia;o__Bacteroidales;f__Rikenellaceae;g__Alistipes;s__Alistipes_shahii	k__Bacteria;p__Firmicutes;c__Clostridia;o__Clostridiales;f__Ruminococcaceae;g__Faecalibacterium;s__Faecalibacterium_prausnitzii	k__Bacteria;p__Bacteroidetes;c__Bacteroidia;o__Bacteroidales;f__Rikenellaceae;g__Alistipes;s__Alistipes_finegoldii	k__Bacteria;p__Bacteroidetes;c__Bacteroidia;o__Bacteroidales;f__Porphyromonadaceae;g__Parabacteroides;s__Parabacteroides_distasonis	k__Bacteria;p__Bacteroidetes;c__Bacteroidia;o__Bacteroidales;f__Bacteroidaceae;g__Bacteroides;s__Bacteroides_thetaiotaomicron	k__Bacteria;p__Bacteroidetes;c__Bacteroidia;o__Bacteroidales;f__Bacteroidaceae;g__Bacteroides;s__Bacteroides_coprocola	k__Bacteria;p__Bacteroidetes;c__Bacteroidia;o__Bacteroidales;f__Bacteroidaceae;g__Bacteroides;s__Bacteroides_cellulosilyticus	k__Bacteria;p__Bacteroidetes;c__Bacteroidia;o__Bacteroidales;f__Rikenellaceae;g__Alistipes;s__Alistipes_obesi	k__Bacteria;p__Firmicutes;c__Clostridia;o__Clostridiales;f__Lachnospiraceae;g__;s__[Eubacterium]_rectale	k__Bacteria;p__Bacteroidetes;c__Bacteroidia;o__Bacteroidales;f__Bacteroidaceae;g__Bacteroides;s__Bacteroides_plebeius	k__Bacteria;p__Bacteroidetes;c__Bacteroidia;o__Bacteroidales;f__Bacteroidaceae;g__Bacteroides;s__Bacteroides_fragilis	k__Bacteria;p__Proteobacteria;c__Betaproteobacteria;o__Burkholderiales;f__Sutterellaceae;g__Sutterella;s__Sutterella_wadsworthensis	k__Bacteria;p__Bacteroidetes;c__Bacteroidia;o__Bacteroidales;f__Porphyromonadaceae;g__Barnesiella;s__Barnesiella_intestinihominis	k__Bacteria;p__Bacteroidetes;c__Bacteroidia;o__Bacteroidales;f__Odoribacteraceae;g__Odoribacter;s__Odoribacter_splanchnicus	k__Bacteria;p__Bacteroidetes;c__Bacteroidia;o__Bacteroidales;f__Bacteroidaceae;g__Bacteroides;s__Bacteroides_salyersiae	k__Bacteria;p__Firmicutes;c__Clostridia;o__Clostridiales;f__Ruminococcaceae;g__Ruminiclostridium;s__[Eubacterium]_siraeum	k__Bacteria;p__Proteobacteria;c__Betaproteobacteria;o__Burkholderiales;f__Sutterellaceae;g__Parasutterella;s__Parasutterella_excrementihominis	k__Bacteria;p__Actinobacteria;c__Actinobacteria;o__Bifidobacteriales;f__Bifidobacteriaceae;g__Bifidobacterium;s__Bifidobacterium_adolescentis	k__Bacteria;p__Firmicutes;c__Clostridia;o__Clostridiales;f__Oscillospiraceae;g__Oscillibacter;s__Oscillibacter_sp._KLE_1745	k__Bacteria;p__Bacteroidetes;c__Bacteroidia;o__Bacteroidales;f__Bacteroidaceae;g__Bacteroides;s__Bacteroides_coprophilus	k__Bacteria;p__Firmicutes;c__Clostridia;o__Clostridiales;f__Lachnospiraceae;g__Roseburia;s__Roseburia_intestinalis	k__Bacteria;p__Firmicutes;c__Clostridia;o__Clostridiales;f__Lachnospiraceae;g__Roseburia;s__Roseburia_hominis	k__Bacteria;p__Bacteroidetes;c__Bacteroidia;o__Bacteroidales;f__Porphyromonadaceae;g__Parabacteroides;s__Parabacteroides_johnsonii	k__Bacteria;p__Actinobacteria;c__Actinobacteria;o__Bifidobacteriales;f__Bifidobacteriaceae;g__Bifidobacterium;s__Bifidobacterium_longum	k__Bacteria;p__Firmicutes;c__Clostridia;o__Clostridiales;f__;g__Flavonifractor;s__Flavonifractor_plautii	k__Bacteria;p__Firmicutes;c__Clostridia;o__Clostridiales;f__Clostridiaceae;g__Clostridium;s__Clostridium_phoceensis	k__Bacteria;p__Verrucomicrobia;c__Verrucomicrobiae;o__Verrucomicrobiales;f__Akkermansiaceae;g__Akkermansia;s__Akkermansia_muciniphila	k__Bacteria;p__Bacteroidetes;c__Bacteroidia;o__Bacteroidales;f__Prevotellaceae;g__Paraprevotella;s__Paraprevotella_xylaniphila	k__Bacteria;p__Firmicutes;c__Clostridia;o__Clostridiales;f__Ruminococcaceae;g__Ruminococcus;s__Ruminococcus_callidus	k__Bacteria;p__Bacteroidetes;c__Bacteroidia;o__Bacteroidales;f__Rikenellaceae;g__Alistipes;s__Alistipes_senegalensis	k__Bacteria;p__Firmicutes;c__Clostridia;o__Clostridiales;f__Lachnospiraceae;g__Blautia;s__Blautia_sp._KLE_1732	k__Bacteria;p__Bacteroidetes;c__Bacteroidia;o__Bacteroidales;f__Bacteroidaceae;g__Bacteroides;s__Bacteroides_oleiciplenus	k__Bacteria;p__Firmicutes;c__Clostridia;o__Clostridiales;f__Ruminococcaceae;g__Ruminococcus;s__Ruminococcus_bicirculans	k__Bacteria;p__Bacteroidetes;c__Bacteroidia;o__Bacteroidales;f__Bacteroidaceae;g__Bacteroides;s__Bacteroides_fluxus	k__Bacteria;p__Bacteroidetes;c__Bacteroidia;o__Bacteroidales;f__Prevotellaceae;g__Prevotella;s__Prevotella_stercorea	k__Bacteria;p__Firmicutes;c__Clostridia;o__Clostridiales;f__Lachnospiraceae;g__Dorea;s__Dorea_longicatena	k__Bacteria;p__Firmicutes;c__Clostridia;o__Clostridiales;f__Eubacteriaceae;g__Eubacterium;s__[Eubacterium]_eligens	k__Bacteria;p__Firmicutes;c__Clostridia;o__Clostridiales;f__Ruminococcaceae;g__;s__Ruminococcaceae_bacterium_D16	k__Bacteria;p__Firmicutes;c__Clostridia;o__Clostridiales;f__Lachnospiraceae;g__Coprococcus;s__Coprococcus_comes	k__Bacteria;p__Proteobacteria;c__Gammaproteobacteria;o__Enterobacterales;f__Enterobacteriaceae;g__Escherichia;s__Escherichia_coli	k__Bacteria;p__Firmicutes;c__Clostridia;o__Clostridiales;f__Ruminococcaceae;g__Anaerotruncus;s__Anaerotruncus_colihominis	k__Bacteria;p__Firmicutes;c__Clostridia;o__Clostridiales;f__Lachnospiraceae;g__Blautia;s__Blautia_obeum	k__Bacteria;p__Bacteroidetes;c__Bacteroidia;o__Bacteroidales;f__Odoribacteraceae;g__Odoribacter;s__Odoribacter_laneus	k__Bacteria;p__Firmicutes;c__Clostridia;o__Clostridiales;f__Ruminococcaceae;g__Ruminiclostridium;s__[Clostridium]_leptum	k__Bacteria;p__Bacteroidetes;c__Bacteroidia;o__Bacteroidales;f__Porphyromonadaceae;g__Parabacteroides;s__Parabacteroides_goldsteinii	k__Bacteria;p__Firmicutes;c__Clostridia;o__Clostridiales;f__Lachnospiraceae;g__Anaerostipes;s__Anaerostipes_hadrus	k__Bacteria;p__Firmicutes;c__Clostridia;o__Clostridiales;f__Ruminococcaceae;g__Ruminococcus;s__Ruminococcus_lactaris	k__Bacteria;p__Firmicutes;c__Clostridia;o__Clostridiales;f__Clostridiaceae;g__Clostridium;s__Clostridium_sp._L2-50	k__Bacteria;p__Firmicutes;c__Clostridia;o__Clostridiales;f__Clostridiaceae;g__Clostridium;s__Clostridium_sp._M62/1	k__Bacteria;p__Firmicutes;c__Clostridia;o__Clostridiales;f__;g__Intestinimonas;s__Intestinimonas_butyriciproducens	k__Bacteria;p__Actinobacteria;c__Actinobacteria;o__Bifidobacteriales;f__Bifidobacteriaceae;g__Bifidobacterium;s__Bifidobacterium_bifidum	k__Bacteria;p__Firmicutes;c__Negativicutes;o__Veillonellales;f__Veillonellaceae;g__Dialister;s__Dialister_invisus	k__Bacteria;p__Bacteroidetes;c__Bacteroidia;o__Bacteroidales;f__Bacteroidaceae;g__Bacteroides;s__Bacteroides_salanitronis
k__Bacteria;p__Bacteroidetes;c__Bacteroidia;o__Bacteroidales;f__Bacteroidaceae;g__Bacteroides;s__Bacteroides_vulgatus	1.0	0.010427783391	-0.0174227379595	0.0104662436215	-0.00173183320006	0.000857077148757	-0.00669898916622	-0.0199606104758	-0.0051534914083	0.000716943158393	0.0674922078001	-0.00799641013956	-0.0236891515333	0.0241476497667	-0.040098707217	-0.0134876806106	0.0122129777324	-0.0591212739701	0.0682182251436	0.0556942257067	-0.0271791356117	0.024197513467	-0.0294966964537	0.00816883321216	-0.034997617647	-0.0612638152636	0.0282525071587	-0.0349400761356	-0.0466339449538	0.0263510776503	-0.0348173071843	-0.0345863123979	-0.0434608932607	-0.0524761344731	0.0606618412869	0.0295645429573	-0.0591557119632	-0.0276685910906	0.0593084137421	0.0665302719044	0.00326212618233	-0.0216441766573	-0.0240376102677	0.00881914790102	0.00663407330613	0.0156452612426	0.0229708143412	0.0461114233127	-0.0318067558714	0.0212889114221	0.000347325940337	-0.0406474772788	-0.0430334795436	0.00715172312694	0.0362395815411	-0.0363040182151	-0.0744126077094	-0.0403313303353	-0.0296272881262
k__Bacteria;p__Bacteroidetes;c__Bacteroidia;o__Bacteroidales;f__Bacteroidaceae;g__Bacteroides;s__Bacteroides_uniformis	0.010427783391	1.0	-0.0141474311816	0.0489255331403	-0.00830121606768	0.00560744098805	0.0328261480243	0.0663858965491	-0.0232092059763	-0.0349705814545	0.0163359467716	-0.0137361402034	0.0331677207698	0.0337974621695	-0.0799418345886	0.0374978239966	-0.0327793292731	-0.0308839280912	-0.0790388916093	-0.0197565042808	-0.0766379219099	-0.00152375351194	-0.0609587405675	0.00797606828492	0.00565534844869	-0.0261203768656	-0.013591032543	0.0353551730393	0.0118446257619	-0.0184775250882	-0.0523483239435	-0.0168457535623	-0.071680832147	0.0204134444197	0.0297720164511	0.0226383568129	-0.0374244848202	0.0283055952498	-0.00357834437052	-0.0426914793327	0.0309888050939	0.0138868186591	0.0398988953432	0.0184588522605	-0.0367998415697	-0.00533518054963	-0.0131923957247	-0.0155456721294	0.066829497051	0.0031952275906	0.0430148953395	-0.0312447233761	-0.0158441674266	0.0141468027126	-0.00220892860015	-0.00957069803908	0.0104176571648	0.0190086583501	0.0310289390219
k__Bacteria;p__Bacteroidetes;c__Bacteroidia;o__Bacteroidales;f__Rikenellaceae;g__Alistipes;s__Alistipes_putredinis	-0.0174227379595	-0.0141474311816	1.0	0.0088903247301	-0.0169244068867	-0.00579033928286	-0.0562984128058	-0.0173488814266	-0.0490981454852	-0.000671669267162	-0.0289409112017	0.00753608623579	0.0290444143794	-0.0407136697683	-0.0709614586571	-0.00682814892141	0.0760901330971	0.0408609997463	-0.0450521991789	0.0332687289357	-0.0253861983589	0.023895856345	-0.0253426195652	0.00719310630032	0.0197429328651	-0.062497120415	-0.0102239261908	0.0349895560286	-0.0561158012276	0.013238250991	-0.0218726894731	-0.00655507236658	0.0294054014702	0.0100437440147	0.0381726041804	0.0159882385378	-0.0210957975115	0.0539302607598	-0.019695428913	-0.116010206568	-0.0215505579581	-0.0760244340466	0.0128090967988	-0.0403072903279	0.0357635743905	-0.0323901234912	-0.0729060847841	0.0319986115086	0.0539213467072	0.0209545402499	-0.0158620747592	0.0083449903521	0.00295630287262	-0.0179612697714	-0.00794965664432	-0.0399968568128	0.00326728703207	-0.0189079599356	-0.0587891387078
k__Bacteria;p__Bacteroidetes;c__Bacteroidia;o__Bacteroidales;f__Prevotellaceae;g__Prevotella;s__Prevotella_copri	0.0104662436215	0.0489255331403	0.0088903247301	1.0	0.00757515288068	0.0342361698375	-0.0457136355311	0.0646110552278	0.0116927485399	-0.0477246922972	-0.0169881405559	-0.0716152246493	-0.057237856914	-0.0237088044211	-0.016731808858	-0.0480229650895	-0.0148294764519	-0.0658352774367	-0.0227704566656	0.0358798161663	-0.00413837554048	-0.0253844173935	0.0205054158491	0.0956461486897	-0.00225356360855	0.0438756943513	0.00634696718583	-0.0101104654232	0.00491479836778	0.0111646086494	0.00901821002206	0.0292362352384	-0.0288406240957	0.0242139831706	0.0144304474975	0.00769845423137	0.019996613803	-0.0782542444822	0.0107823890657	0.0317865077166	-0.0244711451693	0.0444437034008	-0.0355259296343	-0.0301129565766	0.0231019815315	0.0219243530623	-0.0322022674721	-0.0161883918609	0.00330577600983	-0.00777598216988	-0.00835163671519	-0.0379757642055	0.0431137774299	-0.0591381750687	-0.00714541717454	-0.00613225818922	-0.00372855300489	0.0192857901607	-0.0020429994451
k__Bacteria;p__Bacteroidetes;c__Bacteroidia;o__Bacteroidales;f__Bacteroidaceae;g__Bacteroides;s__Bacteroides_stercoris	-0.00173183320006	-0.00830121606768	-0.0169244068867	0.00757515288068	1.0	-0.0133099364687	0.00494153943414	-0.0163519763097	-0.00468295438986	-0.0347413322327	-0.0405749682231	-0.0107095526716	0.0147960851758	-0.0314350181426	0.0271086224131	-0.033972614987	-0.0297771384161	-0.023294469731	0.110800978085	-0.0325848923684	-0.0450980260798	-0.00910703396752	0.045637700331	-0.0479597035572	-0.000132624142697	0.00268220850487	0.0240937014039	-0.00307312495916	0.0939084016037	-0.01780820176	-0.0370519019876	0.0256102840262	-0.00833965408061	-0.0412087221116	-0.04970441207	-0.0208007446808	-0.0253138640696	-0.0758778771625	-0.0515249343669	0.00543909537149	-0.015101748673	0.0169588655508	0.0561271937745	-0.0101509906853	0.00869902567357	0.0548062502672	0.025974666817	0.0144321536489	-0.0102282539617	-0.0180885290532	0.0463711576939	0.0224333403764	-0.0365370127654	0.0116469437594	-0.0246195296867	-0.0350273257275	0.00346406672972	-0.00631147270981	-0.0229499109714
k__Bacteria;p__Bacteroidetes;c__Bacteroidia;o__Bacteroidales;f__Bacteroidaceae;g__Bacteroides;s__Bacteroides_ovatus	0.000857077148757	0.00560744098805	-0.00579033928286	0.0342361698375	-0.0133099364687	1.0	-0.0362508378496	-0.0501060375984	-0.0292960260794	-0.0300219840388	-0.0144109158659	0.0598530036414	-0.0164363424695	0.0169745495657	0.039092882	0.0408702415021	0.0335540962459	0.0177204253346	0.00581993116759	-0.0195656816419	0.0222971512014	0.0314639050153	-0.0117245251624	0.0091421221812	0.0421920614576	-0.00954875649008	-0.0325941397581	-0.0114632245714	-0.0607501404818	0.00664423661063	-0.034516629138	0.0103876308113	-0.0393704064357	0.0345476245089	0.0532128036175	0.00847826377495	-0.00856408165523	0.0199665959196	0.0170679545306	-9.6593431743e-05	-0.0339694185509	-0.0232421202255	0.0630492481672	-0.0487792117711	0.0208169554859	-0.0416240174853	-0.0032284719037	-3.92775709082e-05	-0.00495348831866	-0.026759804733	-0.0352094008381	-0.0275037530467	-0.0135920011771	0.0528353193999	-0.0263832984619	-0.0193029499655	-0.00796115992236	-0.00892151905228	-0.0320863263488
k__Bacteria;p__Bacteroidetes;c__Bacteroidia;o__Bacteroidales;f__Rikenellaceae;g__Alistipes;s__Alistipes_shahii	-0.00669898916622	0.0328261480243	-0.0562984128058	-0.0457136355311	0.00494153943414	-0.0362508378496	1.0	0.0132334047291	-0.0226695219959	-0.0450967333653	0.00729062863183	0.0475996094983	-0.0699677169056	-0.0258694849074	0.0530651255206	-0.0305597416598	-0.0526098992624	0.0399485050054	-0.0668253405658	-0.0191820127876	-0.0496464961665	-0.0387350403081	0.0593966755957	0.0249681096733	0.0373212501551	0.0269068924913	0.0097585846929	0.0475406654967	-0.065505888135	-0.0175142107656	-0.0512036335528	0.0301163481107	-0.0113104153116	-0.0394218173409	0.0269084481229	0.0363866331451	-0.0175976765458	-0.0112568708043	0.0216255829204	-0.0230593087095	-0.0198428194084	0.00553383691351	-0.0295220833462	0.00219659913811	0.0180364194325	-0.0158490431466	0.0529832290495	-0.000188733990366	-0.0319747494357	-0.0174877691527	-0.0281419832303	-0.0176334252889	0.0103090931681	-0.0477099205672	0.0163286425153	0.0250980944076	0.014599348128	-0.0255225183426	0.0345706816115
k__Bacteria;p__Firmicutes;c__Clostridia;o__Clostridiales;f__Ruminococcaceae;g__Faecalibacterium;s__Faecalibacterium_prausnitzii	-0.0199606104758	0.0663858965491	-0.0173488814266	0.0646110552278	-0.0163519763097	-0.0501060375984	0.0132334047291	1.0	-0.0255542744384	-0.028297964943	-0.0520253466305	0.0132574821496	-0.0597896605847	-0.0401211816456	0.00396960775697	-0.0427324011863	0.0158916064683	-0.0425644388972	0.00249767770525	0.0300503758284	-0.00361191303226	0.00225220810887	-0.00555480454275	-0.010611040935	0.0185284758039	0.0279639823169	0.0255857054178	-0.0193629300583	-0.0565019290193	0.00751843190095	0.00633433239831	0.028902190715	0.0304817280299	-0.078994283424	-0.0609675948615	-0.0741660157526	0.0053262394481	0.0270935414752	0.0278405748922	-0.0248369139601	-0.0251654581573	-0.0352243503128	0.0220365929225	-0.0641522998395	-0.0146912184714	0.00158881548902	0.0177637680783	0.0621426934288	0.00261634782701	0.048610019377	-0.0633116007447	-0.00293255296367	0.0278136854544	0.00124364024576	-0.0251334291746	-0.0235184135423	-0.0123824016437	-0.0136576451714	-0.024525836035
k__Bacteria;p__Bacteroidetes;c__Bacteroidia;o__Bacteroidales;f__Rikenellaceae;g__Alistipes;s__Alistipes_finegoldii	-0.0051534914083	-0.0232092059763	-0.0490981454852	0.0116927485399	-0.00468295438986	-0.0292960260794	-0.0226695219959	-0.0255542744384	1.0	0.0341025520235	0.0451881939233	-0.0361134422143	-0.0668472573801	0.0175953856722	0.00277973615613	-0.00435989873128	-0.028247506326	0.0128432644098	0.0659172842595	0.0177055074928	-0.00670425907278	0.000331426862359	-0.0445449119837	0.00791310208045	-0.00783989674795	0.00795396312081	0.0403544645754	-0.0074674017585	-0.0484385408085	0.00294358960969	-0.00829260326319	-0.0461890509559	0.0311210995209	0.03736909715	0.0232649321575	-0.0168137808444	0.0517943038333	0.0195957852441	0.00761870679875	0.00995529568059	-0.0857875874898	0.0630143926516	-0.020627729682	0.018781832619	-0.0230337614988	0.0184365238192	-0.0813264823076	0.0364115015724	0.0382213682204	-0.0190544427412	-0.0452338379681	0.0357960866017	0.00897602618735	0.00518837628693	-0.0563465570689	-0.00777758561301	-0.003224590603	-0.0248599480994	-0.0321302681953
k__Bacteria;p__Bacteroidetes;c__Bacteroidia;o__Bacteroidales;f__Porphyromonadaceae;g__Parabacteroides;s__Parabacteroides_distasonis	0.000716943158393	-0.0349705814545	-0.000671669267162	-0.0477246922972	-0.0347413322327	-0.0300219840388	-0.0450967333653	-0.028297964943	0.0341025520235	1.0	-0.032718793291	-0.0130157726215	-0.0367879067879	-0.0674459613991	0.0128242347471	0.00421962702683	-0.00996410353374	-0.0388355443935	0.0329879193211	0.0144390752372	-0.0184876788922	0.0148671523836	-0.0553829881782	-0.0186146261502	-0.00280599204131	0.00692725838402	0.000478312245058	0.0322303232534	-0.0181753174665	0.0019238360364	0.0549408286257	-0.0140626203441	-0.0148858160704	0.0240644984919	-0.0689631715363	-0.0229263776196	-0.0381190587236	-0.050111839721	0.0139321446259	-0.0392748633481	-0.0277986489628	-0.00798663526414	-0.0419512830452	0.0292068070964	0.0468730140509	-0.0326345259009	-0.00272862429024	0.0274002754543	0.0588478758494	-0.0466827047013	-0.0357767881559	0.0289872396275	-0.0436991285676	0.0692410890488	-0.0215690514837	0.0105938239149	-0.00899653485359	0.0036187289218	0.0042969370111
k__Bacteria;p__Bacteroidetes;c__Bacteroidia;o__Bacteroidales;f__Bacteroidaceae;g__Bacteroides;s__Bacteroides_thetaiotaomicron	0.0674922078001	0.0163359467716	-0.0289409112017	-0.0169881405559	-0.0405749682231	-0.0144109158659	0.00729062863183	-0.0520253466305	0.0451881939233	-0.032718793291	1.0	0.00126556500436	0.00911099158864	0.00230089986535	0.077438992802	0.0159344127291	0.0072634288617	-0.0150905448252	0.00134297800292	0.0400463712978	-0.0197058822364	0.000756715960759	0.0237995897252	-0.00226663022151	-0.00528308415553	-0.044580939853	-0.0365599697932	0.0305605089447	-0.0366953298683	0.00705683899903	0.0383845924006	-0.0056955229745	0.0443596989188	-0.0457112700685	-0.0176166382634	0.00752062816998	-0.022035072778	-0.00473824959075	-0.0303457316225	0.0124126820281	-0.0140744165315	0.000999334145904	-0.0017396632416	-0.0371315788718	0.0344390052721	-0.000391370255343	-0.0204898116716	-0.0200694423851	0.00252726101274	-0.00744309488337	0.00569421129888	-0.0408839186791	-0.0459005197625	-0.0265528926175	-0.0617800255785	-0.0346087340112	-0.0620495984908	0.0138929218565	-0.047799338247
k__Bacteria;p__Bacteroidetes;c__Bacteroidia;o__Bacteroidales;f__Bacteroidaceae;g__Bacteroides;s__Bacteroides_coprocola	-0.00799641013956	-0.0137361402034	0.00753608623579	-0.0716152246493	-0.0107095526716	0.0598530036414	0.0475996094983	0.0132574821496	-0.0361134422143	-0.0130157726215	0.00126556500436	1.0	0.040981406205	-0.0271491629516	-0.0784349106266	0.0301515449139	0.0142481266282	-0.0603879918475	-0.012430347047	-0.0105953648874	-0.0357472766438	-0.063310447287	0.0287750194423	-0.0355434747993	-0.0312385122023	-0.0349044655088	0.0172319188684	0.000926187128695	0.00247747519273	-0.0289968896425	-0.0610911194017	0.0425634095493	-0.0540354897696	-0.0394946351986	-0.0682666825206	-0.056962701475	-0.0300965411902	0.0293776917093	-0.0371550391055	0.0314092864526	-0.0156936293591	-0.0185809950671	-0.0114272865298	-0.0534805392509	0.00382313593189	-0.0621594339015	-0.0166221987603	-0.0511239716794	0.04807174317	0.00159652144507	0.0241915436246	0.0278918928875	0.0175426198122	-0.0396954120587	0.022877271867	-0.00920031608798	-0.017816440857	-0.0270517409195	0.00871442438859
k__Bacteria;p__Bacteroidetes;c__Bacteroidia;o__Bacteroidales;f__Bacteroidaceae;g__Bacteroides;s__Bacteroides_cellulosilyticus	-0.0236891515333	0.0331677207698	0.0290444143794	-0.057237856914	0.0147960851758	-0.0164363424695	-0.0699677169056	-0.0597896605847	-0.0668472573801	-0.0367879067879	0.00911099158864	0.040981406205	1.0	0.0669721392062	-0.0427944850481	-0.01874767838	0.00065511149742	-0.042169948262	0.0042045264769	-0.0645578368013	0.00157502166509	-0.0645800089186	-0.00393679813433	0.0416591712326	-0.0330240921911	-0.0276177676786	-0.0067098861076	0.0260415139822	0.0218931450162	-0.0179722536826	0.0238826962995	0.0361568273922	-0.00810751603334	-0.014898246398	-0.012181739811	0.00132562803105	-0.0686686903058	0.0202469138064	-0.0323196009031	-0.0301276934991	-0.000378408293997	0.0149755754084	0.00862763213997	-0.0522736411787	-0.0438335364456	-0.0347373864244	0.0163280571382	0.0536321796719	0.00327615029565	0.0431801178346	-0.00326386055357	-0.0455702080585	0.0327316062655	-0.0348876091146	0.055113062871	0.0262123306314	0.0370891329764	-0.0327793439194	0.0171316855213
k__Bacteria;p__Bacteroidetes;c__Bacteroidia;o__Bacteroidales;f__Rikenellaceae;g__Alistipes;s__Alistipes_obesi	0.0241476497667	0.0337974621695	-0.0407136697683	-0.0237088044211	-0.0314350181426	0.0169745495657	-0.0258694849074	-0.0401211816456	0.0175953856722	-0.0674459613991	0.00230089986535	-0.0271491629516	0.0669721392062	1.0	0.0256640674304	0.033602123396	0.00509597076217	0.00550162078911	-0.0547651289582	-0.0422121687859	-0.00817473566262	-0.0198930296979	-0.0217780360574	-0.0302448092815	-0.00766563767831	-0.0417479637746	0.0256107602065	0.022414868307	-0.0341426215192	-0.0294510968902	-0.00490575454963	0.0219998504208	-0.045682129958	-0.0235998654612	-0.048771134488	0.0638716143374	-0.0857036262263	-0.0100953483432	-0.0381401284003	0.0229195913355	0.0634014925265	0.0456571951866	-0.0203727592967	0.0404119712405	-0.010571278725	0.00190554641653	0.05218727228	0.0154755207131	0.0258679382657	0.0281008064199	-0.0696943630562	-0.0540424161185	0.00399982367172	0.00845963597622	-0.0157536676852	-0.035302051248	0.0093194538536	0.010687227814	-0.0117043699145
k__Bacteria;p__Firmicutes;c__Clostridia;o__Clostridiales;f__Lachnospiraceae;g__;s__[Eubacterium]_rectale	-0.040098707217	-0.0799418345886	-0.0709614586571	-0.016731808858	0.0271086224131	0.039092882	0.0530651255206	0.00396960775697	0.00277973615613	0.0128242347471	0.077438992802	-0.0784349106266	-0.0427944850481	0.0256640674304	1.0	-0.0161957085385	0.0116225756872	0.0215156539254	0.0391959664435	-0.0390930341104	-0.0313383769049	0.0424537150075	-0.034570129686	0.0321284290256	-0.0207695773553	-0.0672095401957	-0.059419271964	-0.0353094772122	-0.0392401663805	-0.0100686903203	0.018408360471	-0.0260605221041	0.0242558942854	0.0326365615557	-0.0174125153723	0.00112802861964	-0.0222200711129	0.0237444824303	0.0345044422716	-0.0112071867692	0.00881580634989	-0.0225518399085	0.00999215471055	-0.0273079560754	0.00517120522177	-0.041499470376	0.0590218302023	-0.00647298504443	0.00616883410531	-0.0304431173331	0.0143119180331	-0.000560554424689	-0.00573375754715	0.0330218988327	-0.0290983375478	-0.0438187439656	-0.0180344187842	0.0115396989677	0.00548673847921
k__Bacteria;p__Bacteroidetes;c__Bacteroidia;o__Bacteroidales;f__Bacteroidaceae;g__Bacteroides;s__Bacteroides_plebeius	-0.0134876806106	0.0374978239966	-0.00682814892141	-0.0480229650895	-0.033972614987	0.0408702415021	-0.0305597416598	-0.0427324011863	-0.00435989873128	0.00421962702683	0.0159344127291	0.0301515449139	-0.01874767838	0.033602123396	-0.0161957085385	1.0	0.00916287620262	-0.0398734348968	0.0498228722523	-0.00354727935749	-0.0198805116306	-0.00913107651263	0.0190691203905	0.0557075023024	0.036785053873	-0.0359945207894	-0.0234195510797	-0.0126352425175	0.0123710715881	0.033228793487	-0.0175647265119	-0.0137671454993	-0.0126394958668	-0.0208080937896	0.0924002355746	-0.00630772497209	0.0185037190561	0.00973807035897	-0.00308985863041	-0.0554097213997	-0.0340545432592	-0.00843767961787	0.0218744819973	-0.0280002752455	0.0221886789139	-0.0635743192398	-0.0256219424216	-0.0406903044433	-0.0361757254135	-0.0244419947012	0.0473251365945	0.00347183156662	0.0346917840216	0.0309551460822	-0.00374268047353	-0.0259416355236	0.00892694461605	-0.0450221623557	-0.0261028414476
k__Bacteria;p__Bacteroidetes;c__Bacteroidia;o__Bacteroidales;f__Bacteroidaceae;g__Bacteroides;s__Bacteroides_fragilis	0.0122129777324	-0.0327793292731	0.0760901330971	-0.0148294764519	-0.0297771384161	0.0335540962459	-0.0526098992624	0.0158916064683	-0.028247506326	-0.00996410353374	0.0072634288617	0.0142481266282	0.00065511149742	0.00509597076217	0.0116225756872	0.00916287620262	1.0	-0.0254324912124	-0.0402963194376	0.0450862182538	-0.0578000966618	-0.00282715761946	-0.000825846630594	0.00916020451937	-0.0498942152102	-0.0158857541408	0.0421799756308	0.0524783175938	-0.0667440939175	-0.0108373449107	0.00273275134347	-0.0211145415512	-0.0295043470733	-0.00285099506498	-0.0219837704254	0.0287405216398	-0.000418169071097	-0.0335125521734	-0.0324061935378	0.0228964058821	0.0734750343033	-0.0133713059222	0.0699693656253	-0.0494412973762	-0.0124248615414	0.0211816609296	0.0227176691381	0.00598034749059	-0.00519709856748	-0.010212320549	-0.0159601669945	-0.0428877838443	-0.00329698825056	-0.0606024160564	0.0441551073475	-0.0710207749659	-0.054453398904	-0.00754016096516	-0.0210574105992
k__Bacteria;p__Proteobacteria;c__Betaproteobacteria;o__Burkholderiales;f__Sutterellaceae;g__Sutterella;s__Sutterella_wadsworthensis	-0.0591212739701	-0.0308839280912	0.0408609997463	-0.0658352774367	-0.023294469731	0.0177204253346	0.0399485050054	-0.0425644388972	0.0128432644098	-0.0388355443935	-0.0150905448252	-0.0603879918475	-0.042169948262	0.00550162078911	0.0215156539254	-0.0398734348968	-0.0254324912124	1.0	-0.0679878197172	-0.0220032230224	-0.0191772311279	-0.0495920266479	0.0231667131894	0.00457905607899	0.0201017273035	-0.0407572445634	0.027626975664	-0.016128366474	-0.00848797897316	-0.00204874244364	-0.00670861604494	-0.0210863329617	-0.00909271523415	0.0193268623604	-0.00157421847362	-0.00286794256868	-0.0264811154134	-0.0421443374831	0.053922374116	0.00634955474539	0.0578030029598	-0.00294549486403	-0.0196247114678	-0.0641820655851	-0.01388894496	-0.0140404062723	0.0177117382974	0.00416154919875	0.00491450362894	-0.0504038187525	-0.0439051986386	0.00309995690371	0.0128482533944	-0.0496990133041	-0.0304366804681	0.00883465887341	0.0313311672836	0.0527041471096	-0.0348561118552
k__Bacteria;p__Bacteroidetes;c__Bacteroidia;o__Bacteroidales;f__Porphyromonadaceae;g__Barnesiella;s__Barnesiella_intestinihominis	0.0682182251436	-0.0790388916093	-0.0450521991789	-0.0227704566656	0.110800978085	0.00581993116759	-0.0668253405658	0.00249767770525	0.0659172842595	0.0329879193211	0.00134297800292	-0.012430347047	0.0042045264769	-0.0547651289582	0.0391959664435	0.0498228722523	-0.0402963194376	-0.0679878197172	1.0	-0.0261487045137	-0.0324238554891	-0.0427461314104	-0.0270196057928	-0.0307981066892	-0.0102919907567	0.0210527713119	0.0102817463062	-0.00914282796924	0.0480017193098	-0.0322528683823	-0.0051721033586	-0.0243671625429	-0.0189247887335	-0.0851250683959	-0.000669777926871	-0.0798076501811	-0.0144915630769	0.0514093928646	-0.0237334517089	0.0116981602565	0.0456823879518	-0.0419675006177	0.0313534461213	-0.0325387842636	-0.0882036009809	-0.0151967676024	0.00616470381148	0.0164557310968	-0.00442055052321	0.0282635616406	-0.0289562579593	0.0899340911772	0.00515872343828	-0.0127422080407	-0.0405486374149	-0.0563592239747	0.0331846273989	0.0613278393008	-0.00881176864967
k__Bacteria;p__Bacteroidetes;c__Bacteroidia;o__Bacteroidales;f__Odoribacteraceae;g__Odoribacter;s__Odoribacter_splanchnicus	0.0556942257067	-0.0197565042808	0.0332687289357	0.0358798161663	-0.0325848923684	-0.0195656816419	-0.0191820127876	0.0300503758284	0.0177055074928	0.0144390752372	0.0400463712978	-0.0105953648874	-0.0645578368013	-0.0422121687859	-0.0390930341104	-0.00354727935749	0.0450862182538	-0.0220032230224	-0.0261487045137	1.0	-0.0452407303855	-0.0504304866703	0.00329139534583	0.0354555174817	-0.0535103448311	-0.0267598097989	-0.0360971518678	-0.0104291803858	-0.00956298172772	-0.00628391206888	-0.0366112275008	0.00188970758521	0.0111963508875	0.0156129154358	-0.0450465052189	0.0160939160134	-0.0257645166552	-0.00879361172207	-0.0657382916515	-0.0107723871122	-0.0461559461828	0.0306023233955	0.0240744345301	-0.0209639728459	0.0197261575165	-0.0144268778744	-0.0156290926722	-0.0290296047516	0.0069665181567	0.0442779844304	-0.0288610259279	-0.0064983537066	-0.0294206214015	0.00599067570725	-0.00843214610744	-0.0815377251457	-0.0342878865301	0.0439438492746	-0.0238559869504
k__Bacteria;p__Bacteroidetes;c__Bacteroidia;o__Bacteroidales;f__Bacteroidaceae;g__Bacteroides;s__Bacteroides_salyersiae	-0.0271791356117	-0.0766379219099	-0.0253861983589	-0.00413837554048	-0.0450980260798	0.0222971512014	-0.0496464961665	-0.00361191303226	-0.00670425907278	-0.0184876788922	-0.0197058822364	-0.0357472766438	0.00157502166509	-0.00817473566262	-0.0313383769049	-0.0198805116306	-0.0578000966618	-0.0191772311279	-0.0324238554891	-0.0452407303855	1.0	0.00715225346324	0.0226926675348	-0.0275138839476	-0.0197442491437	-0.0411044733984	-0.0266201014759	-0.0711645137893	0.0333387272668	0.0228332070558	-0.0153694594221	0.0794860609706	-0.00850864646138	0.00126514830994	0.0237735760861	-0.0494692365843	-0.03516314729	-0.0865398656779	-0.019119715048	-0.00762772759975	-0.0608032030142	0.0180808728649	0.0211566634699	-0.0065402326737	0.0219241749562	0.0165811525191	0.0848307457104	0.00879073658774	0.00259487118035	0.0501217947679	-0.026068432786	0.0708689794515	-0.0110454693886	-0.0153262982423	-0.0577118134606	0.0418601600641	-0.0616555333091	-0.0264457500009	-0.021672609867
k__Bacteria;p__Firmicutes;c__Clostridia;o__Clostridiales;f__Ruminococcaceae;g__Ruminiclostridium;s__[Eubacterium]_siraeum	0.024197513467	-0.00152375351194	0.023895856345	-0.0253844173935	-0.00910703396752	0.0314639050153	-0.0387350403081	0.00225220810887	0.00033142686236	0.0148671523836	0.000756715960759	-0.063310447287	-0.0645800089186	-0.0198930296979	0.0424537150075	-0.00913107651263	-0.00282715761946	-0.0495920266479	-0.0427461314104	-0.0504304866703	0.00715225346324	1.0	0.0517004518412	-0.0105689182759	-0.0239306361379	0.0102779517051	-0.00478385300225	-0.00322896208286	-0.0564208242309	0.0124443661512	-0.0113939418948	-0.0153701711009	-0.0463348977739	-0.017048392622	0.0275063460618	0.00933193064673	0.047445617833	0.05298890848	0.0188937502716	-0.0152767065568	-0.0101991774451	-0.0380676924486	-0.0152294296468	-0.00618954912256	-0.0229930530147	-0.0419452529793	0.00585269845843	-0.0637828215658	-0.0332683023456	-0.00143135653288	-0.0334936681426	-0.0222462294858	-0.0316699416805	0.0297043225516	-0.0628508959271	-0.0686855778267	0.0553209020347	0.0154090436681	0.000147968996845
k__Bacteria;p__Proteobacteria;c__Betaproteobacteria;o__Burkholderiales;f__Sutterellaceae;g__Parasutterella;s__Parasutterella_excrementihominis	-0.0294966964537	-0.0609587405675	-0.0253426195652	0.0205054158491	0.045637700331	-0.0117245251624	0.0593966755957	-0.00555480454275	-0.0445449119837	-0.0553829881782	0.0237995897252	0.0287750194423	-0.00393679813433	-0.0217780360574	-0.034570129686	0.0190691203905	-0.000825846630594	0.0231667131894	-0.0270196057928	0.00329139534583	0.0226926675348	0.0517004518412	1.0	-0.022975702253	-0.0368748085339	-0.0488647670002	0.0179337739789	-0.0539471534056	-0.00164266304393	-0.0113827319448	-0.0121597842364	-0.0324884101287	-0.0349284487644	-0.0437388233633	0.0141466115091	-0.0310877557427	0.0113328429096	0.021831129671	-0.019151992877	-0.0008030160051	-0.0369234330765	-0.0332809297797	0.00496871285045	-0.055881417101	0.029400129175	0.0533032463031	0.00968659058734	0.0249154485444	0.0156794960057	-0.000520660408678	-0.000378417555393	0.0149270797552	-0.0561581472118	0.0455586599653	-0.0208586710163	0.0209705557049	0.0073898653623	-0.0326366619146	-0.00762748320722
k__Bacteria;p__Actinobacteria;c__Actinobacteria;o__Bifidobacteriales;f__Bifidobacteriaceae;g__Bifidobacterium;s__Bifidobacterium_adolescentis	0.00816883321216	0.00797606828492	0.00719310630032	0.0956461486897	-0.0479597035572	0.0091421221812	0.0249681096733	-0.010611040935	0.00791310208045	-0.0186146261502	-0.00226663022151	-0.0355434747993	0.0416591712326	-0.0302448092815	0.0321284290256	0.0557075023024	0.00916020451937	0.00457905607899	-0.0307981066892	0.0354555174817	-0.0275138839476	-0.0105689182759	-0.022975702253	1.0	-0.00196380127095	-0.0244999380308	-0.0629836052166	0.0441721438421	0.0283539940178	-0.00942578424298	-0.0223241981748	0.0284982062837	0.000471789854079	-0.0430886593651	-0.0221682461038	-0.0207323627983	-0.0458037985442	-0.0711177351824	0.025183517497	-0.0186628057426	-0.0506930968744	-0.0171155378661	-0.0487737048236	-0.0271688450221	0.00679618638371	-0.016975672531	-0.0335238040373	-0.00928679466176	-0.0656231973522	0.0131047681807	-0.0103829547439	-0.000937513773305	-0.013012542296	-0.0476607645812	0.00108408173683	-0.00727981103492	-0.0968434209301	-0.00315622102789	-0.00228164781181
k__Bacteria;p__Firmicutes;c__Clostridia;o__Clostridiales;f__Oscillospiraceae;g__Oscillibacter;s__Oscillibacter_sp._KLE_1745	-0.034997617647	0.00565534844869	0.0197429328651	-0.00225356360855	-0.000132624142697	0.0421920614576	0.0373212501551	0.0185284758039	-0.00783989674795	-0.00280599204131	-0.00528308415553	-0.0312385122023	-0.0330240921911	-0.00766563767831	-0.0207695773553	0.036785053873	-0.0498942152102	0.0201017273035	-0.0102919907567	-0.0535103448311	-0.0197442491437	-0.0239306361379	-0.0368748085339	-0.00196380127095	1.0	0.00351893936773	-0.107407261022	-0.00874505677883	0.0738803431113	0.0235768693705	0.0128725897031	-0.0521589804732	-0.0428404910243	0.00121467830667	-0.00919589210502	0.0101567655723	-0.0149784979297	-0.040675430342	0.0222711973223	-0.0458460932025	0.00850592050771	-0.0241070843526	0.0355937544885	0.0767297133583	-0.00412014016226	-0.0662109927227	-0.0140368449186	-0.0343696787242	0.0725809927621	-0.0134008414432	-0.0087223391371	0.0293668815325	-0.0512140002399	0.0212194620196	0.0540557953379	0.0283830885996	-0.000131358650751	-0.0830278405577	0.0110190111235
k__Bacteria;p__Bacteroidetes;c__Bacteroidia;o__Bacteroidales;f__Bacteroidaceae;g__Bacteroides;s__Bacteroides_coprophilus	-0.0612638152636	-0.0261203768656	-0.062497120415	0.0438756943513	0.00268220850487	-0.00954875649008	0.0269068924913	0.0279639823169	0.00795396312081	0.00692725838402	-0.044580939853	-0.0349044655088	-0.0276177676786	-0.0417479637746	-0.0672095401957	-0.0359945207894	-0.0158857541408	-0.0407572445634	0.0210527713119	-0.0267598097989	-0.0411044733984	0.0102779517051	-0.0488647670002	-0.0244999380308	0.00351893936773	1.0	0.00693308289032	-0.0805047906065	0.0397813272294	-0.0124914304882	0.0208018518155	-0.0138767036544	0.0215453139029	-0.0315717757932	-0.00166745167278	-0.0410621678147	0.0390572584155	-0.0110104943564	0.0509068766724	0.0348893650878	-0.0860375680982	-0.0305409284941	-0.0388730859598	-0.0210292559346	-0.0585457918328	0.00703477856104	-0.00204103046938	0.0612152304821	-0.0588387292869	0.011308661645	0.0639360555609	-0.00129509572995	-0.0343261415935	0.00250396015871	0.0322544436984	-0.016370835016	0.0375153440077	0.0219749829385	0.0116316194188
k__Bacteria;p__Firmicutes;c__Clostridia;o__Clostridiales;f__Lachnospiraceae;g__Roseburia;s__Roseburia_intestinalis	0.0282525071587	-0.013591032543	-0.0102239261908	0.00634696718583	0.0240937014039	-0.0325941397581	0.0097585846929	0.0255857054178	0.0403544645754	0.000478312245058	-0.0365599697932	0.0172319188684	-0.0067098861076	0.0256107602065	-0.059419271964	-0.0234195510797	0.0421799756308	0.027626975664	0.0102817463062	-0.0360971518678	-0.0266201014759	-0.00478385300225	0.0179337739789	-0.0629836052166	-0.107407261022	0.00693308289032	1.0	-0.0154255018736	-0.0378641732154	-0.0652722729748	-0.0663750707108	0.0490104054413	-0.056183441465	0.0650612219854	0.0287496462497	0.0061204856963	0.0648365163897	-0.03149389063	-0.00424575858083	-0.0010409958332	-0.00557767047935	0.0142047221104	0.00328101812312	-0.0116937912853	-0.0233126923279	-0.01625575115	-0.0105535079785	-0.0194909169183	0.00688862516788	-0.0134914974893	0.0310509679964	0.0151592396259	0.0136471885234	-0.0353264806006	0.0063943628976	-0.034489096038	-0.033255273646	0.0143637607074	-0.0601215459253
k__Bacteria;p__Firmicutes;c__Clostridia;o__Clostridiales;f__Lachnospiraceae;g__Roseburia;s__Roseburia_hominis	-0.0349400761356	0.0353551730393	0.0349895560286	-0.0101104654232	-0.00307312495916	-0.0114632245714	0.0475406654967	-0.0193629300583	-0.0074674017585	0.0322303232534	0.0305605089447	0.000926187128695	0.0260415139822	0.022414868307	-0.0353094772122	-0.0126352425175	0.0524783175938	-0.016128366474	-0.00914282796924	-0.0104291803858	-0.0711645137893	-0.00322896208286	-0.0539471534056	0.0441721438421	-0.00874505677883	-0.0805047906065	-0.0154255018736	1.0	-0.00577703167579	0.0321342450389	-0.053886537557	0.0165154978022	-0.00772700158476	-0.0181431044719	0.00579241230881	-0.0251550299432	0.0196775459285	0.0364305182268	0.0594145619758	0.035966702615	-0.081460620147	0.02246122838	0.0513616840136	0.0121699072522	-0.0217775471649	-0.0663293318331	-0.0201922128515	-0.034003076685	-0.0445738463653	0.0323407097126	-0.0531165665918	-0.0955087138352	-0.00042335636373	-0.0664895940675	-0.0161686826744	0.00981447642745	-0.00937000672686	-0.0209439539714	0.0507122895469
k__Bacteria;p__Bacteroidetes;c__Bacteroidia;o__Bacteroidales;f__Porphyromonadaceae;g__Parabacteroides;s__Parabacteroides_johnsonii	-0.0466339449538	0.0118446257619	-0.0561158012276	0.00491479836778	0.0939084016037	-0.0607501404818	-0.065505888135	-0.0565019290193	-0.0484385408085	-0.0181753174665	-0.0366953298683	0.00247747519273	0.0218931450162	-0.0341426215192	-0.0392401663805	0.0123710715881	-0.0667440939175	-0.00848797897316	0.0480017193098	-0.00956298172772	0.0333387272668	-0.0564208242309	-0.00164266304393	0.0283539940178	0.0738803431113	0.0397813272294	-0.0378641732154	-0.00577703167579	1.0	-0.0106736848206	0.0469783625695	0.00357371090761	-0.0745919284696	0.0266064939316	0.0172166198791	-0.0727046908396	-0.0527320441881	0.0461014379203	0.0334315698454	-0.00238774853155	-0.0546991804033	0.0314600602772	0.0100701325531	-0.0398069895297	0.0222214933227	-0.0429652200645	-0.0257249868249	-0.0405162141281	0.0345178786851	0.0161211772268	0.0625302582644	-0.0200123604499	0.0214453741086	0.0173776954081	-0.0218514825925	0.0332113723076	0.00968856095863	-0.0444638904491	0.011317829202
k__Bacteria;p__Actinobacteria;c__Actinobacteria;o__Bifidobacteriales;f__Bifidobacteriaceae;g__Bifidobacterium;s__Bifidobacterium_longum	0.0263510776503	-0.0184775250882	0.013238250991	0.0111646086494	-0.01780820176	0.00664423661063	-0.0175142107656	0.00751843190095	0.00294358960969	0.0019238360364	0.00705683899903	-0.0289968896425	-0.0179722536826	-0.0294510968902	-0.0100686903203	0.033228793487	-0.0108373449107	-0.00204874244364	-0.0322528683823	-0.00628391206888	0.0228332070558	0.0124443661512	-0.0113827319448	-0.00942578424298	0.0235768693705	-0.0124914304882	-0.0652722729748	0.0321342450389	-0.0106736848206	1.0	0.00924007728226	-0.00932104010803	-0.0102957144931	-0.0112769080806	-0.0434405108023	-0.0841921881762	0.0036239547083	-0.0375341452791	-0.0139797495061	-0.031710313964	0.0175876871455	-0.0122121397596	-0.0125777398332	0.00633343119726	0.0228664344276	0.0194817102301	0.0101816906144	0.0416444949835	-0.0227785667693	0.0591953397047	-0.00781084037482	-0.0404219905329	0.00668292634934	-0.0563172293064	-0.0309593056828	-0.0387570480241	-0.0268779086816	-0.00635223889774	-0.00165990453898
