#taxonomy	k__Bacteria;p__Bacteroidetes;c__Bacteroidia;o__Bacteroidales;f__Bacteroidaceae;g__Bacteroides;s__Bacteroides_vulgatus	k__Bacteria;p__Bacteroidetes;c__Bacteroidia;o__Bacteroidales;f__Bacteroidaceae;g__Bacteroides;s__Bacteroides_uniformis	k__Bacteria;p__Bacteroidetes;c__Bacteroidia;o__Bacteroidales;f__Rikenellaceae;g__Alistipes;s__Alistipes_putredinis	k__Bacteria;p__Bacteroidetes;c__Bacteroidia;o__Bacteroidales;f__Prevotellaceae;g__Prevotella;s__Prevotella_copri	k__Bacteria;p__Bacteroidetes;c__Bacteroidia;o__Bacteroidales;f__Bacteroidaceae;g__Bacteroides;s__Bacteroides_stercoris	k__Bacteria;p__Bacteroidetes;c__Bacteroidia;o__Bacteroidales;f__Bacteroidaceae;g__Bacteroides;s__Bacteroides_ovatus	k__Bacteria;p__Bacteroidetes;c__Bacteroidia;o__Bacteroidales;f__Rikenellaceae;g__Alistipes;s__Alistipes_shahii	k__Bacteria;p__Firmicutes;c__Clostridia;o__Clostridiales;f__Ruminococcaceae;g__Faecalibacterium;s__Faecalibacterium_prausnitzii	k__Bacteria;p__Bacteroidetes;c__Bacteroidia;o__Bacteroidales;f__Rikenellaceae;g__Alistipes;s__Alistipes_finegoldii	k__Bacteria;p__Bacteroidetes;c__Bacteroidia;o__Bacteroidales;f__Porphyromonadaceae;g__Parabacteroides;s__Parabacteroides_distasonis	k__Bacteria;p__Bacteroidetes;c__Bacteroidia;o__Bacteroidales;f__Bacteroidaceae;g__Bacteroides;s__Bacteroides_thetaiotaomicron	k__Bacteria;p__Bacteroidetes;c__Bacteroidia;o__Bacteroidales;f__Bacteroidaceae;g__Bacteroides;s__Bacteroides_coprocola	k__Bacteria;p__Bacteroidetes;c__Bacteroidia;o__Bacteroidales;f__Bacteroidaceae;g__Bacteroides;s__Bacteroides_cellulosilyticus	k__Bacteria;p__Bacteroidetes;c__Bacteroidia;o__Bacteroidales;f__Rikenellaceae;g__Alistipes;s__Alistipes_obesi	k__Bacteria;p__Firmicutes;c__Clostridia;o__Clostridiales;f__Lachnospiraceae;g__;s__[Eubacterium]_rectale	k__Bacteria;p__Bacteroidetes;c__Bacteroidia;o__Bacteroidales;f__Bacteroidaceae;g__Bacteroides;s__Bacteroides_plebeius	k__Bacteria;p__Bacteroidetes;c__Bacteroidia;o__Bacteroidales;f__Bacteroidaceae;g__Bacteroides;s__Bacteroides_fragilis	k__Bacteria;p__Proteobacteria;c__Betaproteobacteria;o__Burkholderiales;f__Sutterellaceae;g__Sutterella;s__Sutterella_wadsworthensis	k__Bacteria;p__Bacteroidetes;c__Bacteroidia;o__Bacteroidales;f__Porphyromonadaceae;g__Barnesiella;s__Barnesiella_intestinihominis	k__Bacteria;p__Bacteroidetes;c__Bacteroidia;o__Bacteroidales;f__Odoribacteraceae;g__Odoribacter;s__Odoribacter_splanchnicus	k__Bacteria;p__Bacteroidetes;c__Bacteroidia;o__Bacteroidales;f__Bacteroidaceae;g__Bacteroides;s__Bacteroides_salyersiae	k__Bacteria;p__Firmicutes;c__Clostridia;o__Clostridiales;f__Ruminococcaceae;g__Ruminiclostridium;s__[Eubacterium]_siraeum	k__Bacteria;p__Proteobacteria;c__Betaproteobacteria;o__Burkholderiales;f__Sutterellaceae;g__Parasutterella;s__Parasutterella_excrementihominis	k__Bacteria;p__Actinobacteria;c__Actinobacteria;o__Bifidobacteriales;f__Bifidobacteriaceae;g__Bifidobacterium;s__Bifidobacterium_adolescentis	k__Bacteria;p__Firmicutes;c__Clostridia;o__Clostridiales;f__Oscillospiraceae;g__Oscillibacter;s__Oscillibacter_sp._KLE_1745	k__Bacteria;p__Bacteroidetes;c__Bacteroidia;o__Bacteroidales;f__Bacteroidaceae;g__Bacteroides;s__Bacteroides_coprophilus	k__Bacteria;p__Firmicutes;c__Clostridia;o__Clostridiales;f__Lachnospiraceae;g__Roseburia;s__Roseburia_intestinalis	k__Bacteria;p__Firmicutes;c__Clostridia;o__Clostridiales;f__Lachnospiraceae;g__Roseburia;s__Roseburia_hominis	k__Bacteria;p__Bacteroidetes;c__Bacteroidia;o__Bacteroidales;f__Porphyromonadaceae;g__Parabacteroides;s__Parabacteroides_johnsonii	k__Bacteria;p__Actinobacteria;c__Actinobacteria;o__Bifidobacteriales;f__Bifidobacteriaceae;g__Bifidobacterium;s__Bifidobacterium_longum	k__Bacteria;p__Firmicutes;c__Clostridia;o__Clostridiales;f__;g__Flavonifractor;s__Flavonifractor_plautii	k__Bacteria;p__Firmicutes;c__Clostridia;o__Clostridiales;f__Clostridiaceae;g__Clostridium;s__Clostridium_phoceensis	k__Bacteria;p__Verrucomicrobia;c__Verrucomicrobiae;o__Verrucomicrobiales;f__Akkermansiaceae;g__Akkermansia;s__Akkermansia_muciniphila	k__Bacteria;p__Bacteroidetes;c__Bacteroidia;o__Bacteroidales;f__Prevotellaceae;g__Paraprevotella;s__Paraprevotella_xylaniphila	k__Bacteria;p__Firmicutes;c__Clostridia;o__Clostridiales;f__Ruminococcaceae;g__Ruminococcus;s__Ruminococcus_callidus	k__Bacteria;p__Bacteroidetes;c__Bacteroidia;o__Bacteroidales;f__Rikenellaceae;g__Alistipes;s__Alistipes_senegalensis	k__Bacteria;p__Firmicutes;c__Clostridia;o__Clostridiales;f__Lachnospiraceae;g__Blautia;s__Blautia_sp._KLE_1732	k__Bacteria;p__Bacteroidetes;c__Bacteroidia;o__Bacteroidales;f__Bacteroidaceae;g__Bacteroides;s__Bacteroides_oleiciplenus	k__Bacteria;p__Firmicutes;c__Clostridia;o__Clostridiales;f__Ruminococcaceae;g__Ruminococcus;s__Ruminococcus_bicirculans	k__Bacteria;p__Bacteroidetes;c__Bacteroidia;o__Bacteroidales;f__Bacteroidaceae;g__Bacteroides;s__Bacteroides_fluxus	k__Bacteria;p__Bacteroidetes;c__Bacteroidia;o__Bacteroidales;f__Prevotellaceae;g__Prevotella;s__Prevotella_stercorea	k__Bacteria;p__Firmicutes;c__Clostridia;o__Clostridiales;f__Lachnospiraceae;g__Dorea;s__Dorea_longicatena	k__Bacteria;p__Firmicutes;c__Clostridia;o__Clostridiales;f__Eubacteriaceae;g__Eubacterium;s__[Eubacterium]_eligens	k__Bacteria;p__Firmicutes;c__Clostridia;o__Clostridiales;f__Ruminococcaceae;g__;s__Ruminococcaceae_bacterium_D16	k__Bacteria;p__Firmicutes;c__Clostridia;o__Clostridiales;f__Lachnospiraceae;g__Coprococcus;s__Coprococcus_comes	k__Bacteria;p__Proteobacteria;c__Gammaproteobacteria;o__Enterobacterales;f__Enterobacteriaceae;g__Escherichia;s__Escherichia_coli	k__Bacteria;p__Firmicutes;c__Clostridia;o__Clostridiales;f__Ruminococcaceae;g__Anaerotruncus;s__Anaerotruncus_colihominis	k__Bacteria;p__Firmicutes;c__Clostridia;o__Clostridiales;f__Lachnospiraceae;g__Blautia;s__Blautia_obeum	k__Bacteria;p__Bacteroidetes;c__Bacteroidia;o__Bacteroidales;f__Odoribacteraceae;g__Odoribacter;s__Odoribacter_laneus	k__Bacteria;p__Firmicutes;c__Clostridia;o__Clostridiales;f__Ruminococcaceae;g__Ruminiclostridium;s__[Clostridium]_leptum	k__Bacteria;p__Bacteroidetes;c__Bacteroidia;o__Bacteroidales;f__Porphyromonadaceae;g__Parabacteroides;s__Parabacteroides_goldsteinii	k__Bacteria;p__Firmicutes;c__Clostridia;o__Clostridiales;f__Lachnospiraceae;g__Anaerostipes;s__Anaerostipes_hadrus	k__Bacteria;p__Firmicutes;c__Clostridia;o__Clostridiales;f__Ruminococcaceae;g__Ruminococcus;s__Ruminococcus_lactaris	k__Bacteria;p__Firmicutes;c__Clostridia;o__Clostridiales;f__Clostridiaceae;g__Clostridium;s__Clostridium_sp._L2-50	k__Bacteria;p__Firmicutes;c__Clostridia;o__Clostridiales;f__Clostridiaceae;g__Clostridium;s__Clostridium_sp._M62/1	k__Bacteria;p__Firmicutes;c__Clostridia;o__Clostridiales;f__;g__Intestinimonas;s__Intestinimonas_butyriciproducens	k__Bacteria;p__Actinobacteria;c__Actinobacteria;o__Bifidobacteriales;f__Bifidobacteriaceae;g__Bifidobacterium;s__Bifidobacterium_bifidum	k__Bacteria;p__Firmicutes;c__Negativicutes;o__Veillonellales;f__Veillonellaceae;g__Dialister;s__Dialister_invisus	k__Bacteria;p__Bacteroidetes;c__Bacteroidia;o__Bacteroidales;f__Bacteroidaceae;g__Bacteroides;s__Bacteroides_salanitronis
k__Bacteria;p__Bacteroidetes;c__Bacteroidia;o__Bacteroidales;f__Bacteroidaceae;g__Bacteroides;s__Bacteroides_vulgatus	1.0	-0.046887933192	0.00628280451245	0.0523974598754	-0.0274844572572	0.0256806545058	-8.88597106136e-05	0.0239768111585	-0.0359528665612	-0.0863851629296	-0.0226163859032	-4.5708865889e-05	-0.0228595562664	0.0111341549569	0.0070998940128	-0.0418652055638	0.0280980675798	-0.0749406725808	0.0216542247307	-0.0211926775007	-0.0081016413673	-0.0315059278409	0.000558939601452	-0.054681022221	-0.0127249563994	0.0359094073749	0.0576096848585	-0.0246469081255	0.0259640186153	-0.00472218523869	-0.0604798768824	0.023041114274	-0.020129242897	-0.0296536103622	-0.0341947294299	-0.0128040047267	-0.0213313325527	0.0129060022913	-0.0273519960857	-0.0130911402368	0.00554424730561	-0.0582934969986	-0.00392637790014	0.01188308388	-0.0193106100987	0.00428347027384	0.00954180466338	-0.0108010180894	-0.00667758706841	0.0159563212289	-0.0506787062567	0.0180967451285	-0.0128945318525	-0.0275527479115	0.0387491746176	0.0158728508169	-0.0857118414727	0.0182318406638	0.00477593523545
k__Bacteria;p__Bacteroidetes;c__Bacteroidia;o__Bacteroidales;f__Bacteroidaceae;g__Bacteroides;s__Bacteroides_uniformis	-0.046887933192	1.0	0.0217147260948	0.0114356917652	-0.0706936409616	0.0122925239737	-0.0155424511257	-0.0874440173409	-0.0552236852958	-0.0452271292483	0.0753012599161	0.0550646890247	-0.00838905690753	0.0636615664854	-0.03334349213	0.0677266737425	-0.0113876108107	-0.0169219399083	-0.0422817756407	-0.00565513167726	0.0467430178303	0.0161120808558	-0.011449411784	-0.0397858680421	-0.036169507922	-0.0084518270871	0.00129508258256	0.0169521699407	-0.0428430289586	0.0234720021659	-0.0122691300418	-0.0158440676297	-0.0526761612437	-0.0380005179041	-0.0220677229532	0.0300574054255	-0.0453791789005	0.00623214202285	-0.0148918490953	-0.0060728338651	-0.011499774848	0.038311073046	-0.015396499644	-0.0310166203142	0.018703139294	0.0072100177879	0.0630158325361	-0.0235286984005	-0.0296974775297	-0.000377985697639	-0.0125065946964	-0.0041346148144	-0.0304219445305	-0.0606482955806	-0.0397528111404	-0.0301159742882	-0.0411151394778	0.0230198060301	-0.0457223457086
k__Bacteria;p__Bacteroidetes;c__Bacteroidia;o__Bacteroidales;f__Rikenellaceae;g__Alistipes;s__Alistipes_putredinis	0.00628280451245	0.0217147260948	1.0	-0.0429178834968	0.0161867396083	-0.0357156244658	0.0237074019655	0.00712609830286	-0.0397075079316	0.00708808597868	0.0639614344389	-0.0224860896068	0.0131980133639	0.00366671926578	-0.0641349167541	-0.00485370990172	-0.0419258074191	-0.0478737865455	0.0279430171964	-0.00807697846397	-0.0367582360471	0.0167064745923	0.00436310042339	-0.0309881911623	-0.012447497077	-0.0252362975215	0.00733802858989	0.0565315255768	-0.0359559991129	-0.00225359824654	0.0406263186372	-0.0338987324344	-0.00662776877803	-0.0547484381309	-0.0129348364388	-0.0178046155837	0.0651303458963	0.0070512602029	-0.0332851502871	-0.000514632444089	-0.0415103516782	-0.0135957745185	-0.0503212690038	0.0247710178105	0.0469957048013	-0.00987145663276	0.0140044999574	0.0506478544865	0.0311800746604	-0.0403804085097	-0.000599982587342	-0.0654923812641	-0.0598348099219	0.0160381315511	-0.029711734321	-0.047047542248	0.0132807710285	0.0409013419266	-0.0242511019908
k__Bacteria;p__Bacteroidetes;c__Bacteroidia;o__Bacteroidales;f__Prevotellaceae;g__Prevotella;s__Prevotella_copri	0.0523974598754	0.0114356917652	-0.0429178834968	1.0	-0.0382952337199	0.0218218612113	0.00546092284895	-0.0209117694297	-0.0331979673423	0.00729378081899	-0.0359823211426	-0.0172349615151	-0.00887506365827	-0.0272589199351	-0.0103025956215	-0.00919102993938	0.0003882637338	-0.00905226678456	-0.0376301827014	-0.00180232800439	-0.038504937931	-0.031193497546	0.00252166006786	0.0189905787029	-0.0222873018864	0.00807593460012	0.0128960618067	-0.0170671840823	-0.00279256836436	-0.0418121868378	0.00462249262025	0.0571172166013	0.0257315570577	0.00607890063217	0.0101772823191	-0.0364132332584	-0.0552155797935	-0.0244061035452	-0.0675870518601	-0.0256474092547	0.0238395406424	0.0373533558975	-0.00378535816003	0.0125463455334	-0.085142570205	0.0209588010187	-0.0569229416074	-0.00567372450472	-0.00289541958149	0.0591462839001	-0.00788133747218	0.0315313849542	0.0109316719456	-0.0326503248327	-0.0100185935342	-0.105033667086	-0.0587841686854	-0.000885837999022	-0.0285992048403
k__Bacteria;p__Bacteroidetes;c__Bacteroidia;o__Bacteroidales;f__Bacteroidaceae;g__Bacteroides;s__Bacteroides_stercoris	-0.0274844572572	-0.0706936409616	0.0161867396083	-0.0382952337199	1.0	-0.00437698370354	0.0295058843791	0.0101549571477	-0.11248988923	-0.0458861270157	0.0111040603023	-0.0329721972457	0.0149794939928	-0.000768296554557	-0.013938609908	-0.0838593693505	-0.0604242131143	0.0102347513467	0.0391889796252	-0.0355163244579	0.0603525195934	-0.0488778926778	0.0187094483516	0.00793944694971	0.0357597855566	-0.0162968646561	0.0442625471469	-0.056596349776	-0.00931356376976	0.0159841105303	-0.011652204112	0.0376433943599	-0.0270041785365	0.00370344417538	0.00278300839959	-0.0400797718362	0.00964057100039	-0.0685205634324	-0.029900506421	-0.027794869124	0.0650773431139	-0.058075255024	-0.0177868826201	0.0950806518746	-0.0385018263385	0.0589871292664	-0.00863669655687	0.0150883457011	0.0767604240596	-0.0289997121374	0.0220504020758	-0.0308385409182	0.0288552176161	-0.0360189818275	0.0267797209053	0.0164782517761	0.0230282404811	0.0371809513703	-0.0438281393635
k__Bacteria;p__Bacteroidetes;c__Bacteroidia;o__Bacteroidales;f__Bacteroidaceae;g__Bacteroides;s__Bacteroides_ovatus	0.0256806545058	0.0122925239737	-0.0357156244658	0.0218218612113	-0.00437698370354	1.0	-0.0248367502729	0.050408915399	0.0256518356198	-0.0519839905202	-0.00190157692233	-0.0160411205424	-0.0507713957996	-0.00338194614275	-0.030391029442	0.0518077480716	-0.0171064645808	-0.0290041906476	0.0160248136704	0.038742976182	-0.104391361062	-0.0349937072013	-0.0213175906632	-0.073980094263	-0.047419289029	-0.033781372273	-0.0115643670827	-0.0085010576558	-0.0176087004243	-0.0482306153253	0.0315837047382	-0.00535885111333	0.0400750666185	0.0332629893981	0.0198917083225	-0.0725186550227	0.039348021897	0.0235330515135	-0.0613574411658	0.0588017246031	0.0133199892553	-0.0277328059311	-0.0422188505377	-0.0205265505177	-0.0061251485817	0.00204514438552	0.0368907852172	0.015418873776	0.0161103359266	-0.0151632919711	-0.0126760136897	0.0683392024028	0.000692523456392	-0.0706730901255	0.0119168636136	-0.00636905948938	-0.0445910234519	-0.015352454939	-0.0247780269568
k__Bacteria;p__Bacteroidetes;c__Bacteroidia;o__Bacteroidales;f__Rikenellaceae;g__Alistipes;s__Alistipes_shahii	-8.88597106134e-05	-0.0155424511257	0.0237074019655	0.00546092284895	0.0295058843791	-0.0248367502729	1.0	-0.0251787277584	0.0348359704777	0.00792438076237	-0.0511746517263	0.0139808076474	-0.0215312026971	-0.00457827083795	-0.0215571462972	-0.0152139992987	-0.0205491359345	-0.0161671697044	0.042499407299	0.0220244212441	0.00106557046475	9.46497685608e-05	-0.0605051340584	-0.0337755518596	-0.0314453045355	0.00602363828453	0.0497380023546	-0.0372030752761	-0.0156435522877	0.0338504870326	-0.0520701283072	-0.0600976992904	-0.0174162064176	-0.0738862450549	0.000275791937577	-0.0434771104802	0.0158531161307	-0.0738198496114	-0.0258668753252	0.0209357474061	0.0583033950128	-0.032225376596	-0.0227686836884	-0.0835113271986	0.00649835022688	0.055756595418	-0.106323065142	-0.0295230497036	-0.0327921899601	-0.0371455331376	-0.000330799746889	-0.0855785459005	-0.0299464321146	-0.034013337832	0.00510392762441	0.033680073166	-0.00628499605022	0.000201080149235	-0.0140597885381
k__Bacteria;p__Firmicutes;c__Clostridia;o__Clostridiales;f__Ruminococcaceae;g__Faecalibacterium;s__Faecalibacterium_prausnitzii	0.0239768111585	-0.0874440173409	0.00712609830286	-0.0209117694297	0.0101549571477	0.050408915399	-0.0251787277584	1.0	-0.0120288219261	-0.0964000947192	-0.0134269649665	0.0151704964704	0.0127235334293	-0.0529111712137	-0.0271161534293	-0.0288158032994	0.0393482608778	0.00258291747846	-0.0261691411308	-0.020218879127	0.0203039179234	0.0565889202398	-0.0607168429116	0.0394290465126	-0.00910950229517	-0.0366011071725	-0.0426211405016	0.00633792867342	-0.0148699707313	-0.0303563922274	-0.00743282035144	-0.0143290344525	0.0340092902504	-0.0324179760722	0.036256007226	-0.0393996267014	0.0128212620319	0.000153827261604	0.0020685170347	-0.0706162981296	0.0495998468353	0.0141681414413	0.0136041771409	0.0352537929073	-0.040024923915	-0.000471088426203	0.00438771905748	0.0390360600963	-0.0375685337828	-0.0203936747299	0.00498915729046	-0.0168343939076	-0.0406168842098	0.0604282012929	-0.000318015339381	-0.00972636832015	0.0240684794783	0.0415571997087	-0.0261236549679
k__Bacteria;p__Bacteroidetes;c__Bacteroidia;o__Bacteroidales;f__Rikenellaceae;g__Alistipes;s__Alistipes_finegoldii	-0.0359528665612	-0.0552236852958	-0.0397075079316	-0.0331979673423	-0.11248988923	0.0256518356198	0.0348359704777	-0.0120288219261	1.0	-0.0264056490176	-0.00684872973345	0.0341286609165	-0.035044825713	-0.00540978579244	0.0505549155157	0.0165990625188	-0.0479977583319	0.0100006022801	0.0972822411556	0.00391046065196	-0.0191914714861	-0.0203860005812	-0.0130579509328	-0.0234304749076	-0.0422373389202	-0.0259489973254	0.0358457285056	-0.00493806330272	-0.0731190646329	0.0544417932362	0.0266533838913	-0.000484235477462	0.0208341870016	0.000299163756827	-0.00433713761781	0.014663093454	0.0161015002651	-0.00618122787585	-0.0100467424455	0.0406305833619	0.0277153502028	-0.0180865072351	-0.0289828244	-0.000308456090208	-0.0352695965118	-0.0180878620219	-0.00165965540924	-0.0126563780146	0.0368491485667	0.0308058049743	0.0289486249397	-0.0313821931944	-0.00926464357096	-0.0265660463559	0.0197678815922	-0.00705240532843	0.0157660087307	-0.051889871651	-0.0459230076257
k__Bacteria;p__Bacteroidetes;c__Bacteroidia;o__Bacteroidales;f__Porphyromonadaceae;g__Parabacteroides;s__Parabacteroides_distasonis	-0.0863851629296	-0.0452271292483	0.00708808597868	0.00729378081899	-0.0458861270157	-0.0519839905202	0.00792438076237	-0.0964000947192	-0.0264056490176	1.0	-0.0084153756739	-0.0507922340388	-0.000437903022356	0.00491265778189	-0.0285771695861	-0.0287196093941	-0.0186616340326	0.0348555565526	0.0337783253198	-0.00806200355721	-0.0338068629201	-0.0367603208638	0.0340021052619	-0.0462743082087	-0.0197940689805	0.0355293445727	0.00430037447831	-0.0438671474486	-0.0141033339013	0.00467053503029	0.0207492692652	0.031479822952	0.0236834760341	0.0289567471184	0.0130943213715	0.00435891137261	0.0296385226189	-0.0118309105943	0.0578553599993	0.0299438494103	0.000134770178882	0.0170294654964	-0.0798373794916	0.0489894479066	0.0254142615961	-0.0438178135448	0.0190627267639	-0.0218853696481	-0.030479790417	-0.0292045257716	0.0246004313934	-0.00121542865669	-0.0704526001537	0.0220758491537	-0.0215744771814	-0.0171689775105	-0.0369826333171	0.0211798853296	-0.0159158255922
k__Bacteria;p__Bacteroidetes;c__Bacteroidia;o__Bacteroidales;f__Bacteroidaceae;g__Bacteroides;s__Bacteroides_thetaiotaomicron	-0.0226163859032	0.0753012599161	0.0639614344389	-0.0359823211426	0.0111040603023	-0.00190157692233	-0.0511746517263	-0.0134269649665	-0.00684872973345	-0.0084153756739	1.0	-0.0426339658361	0.0253477089888	0.00736978877421	-0.00461903688877	0.0137742926657	0.0125606212186	0.00857448552627	0.00660776611506	-0.0026114494043	0.0230185058591	-0.06240166591	-0.0161539596686	-0.0319338413445	-0.00967288181977	-0.0205740289017	0.000960711920996	-0.00757374654197	0.0215849699189	0.0158467222145	0.0100161327039	-0.0200743195423	0.019154717792	0.00395267794769	0.0581408341654	-0.0639543923764	-0.0242271791308	-0.0272525091547	-0.0106984765118	0.00515842518678	0.0207982359778	-0.0332879116359	0.0055699810602	-0.013932125317	-0.020484851459	-0.0803348035716	0.0817054638498	0.0112667196667	-0.010066265892	0.00290371015736	-0.00371036478608	-0.0172751875233	-0.0162992290343	-0.0225875630013	0.0448658050661	-0.0538603640005	0.0443671617137	-0.00744926501484	-0.0449405217666
k__Bacteria;p__Bacteroidetes;c__Bacteroidia;o__Bacteroidales;f__Bacteroidaceae;g__Bacteroides;s__Bacteroides_coprocola	-4.57088658889e-05	0.0550646890247	-0.0224860896068	-0.0172349615151	-0.0329721972457	-0.0160411205424	0.0139808076474	0.0151704964704	0.0341286609165	-0.0507922340388	-0.0426339658361	1.0	-0.0463059944207	-0.0433646064156	-0.00290635691986	0.00909950200735	-0.014341110596	0.075945780229	-0.0747245174999	-0.0262385445585	0.0100837383287	-0.000313076951248	0.0312203914938	-0.0533235121026	0.0229653104325	-0.0141741116915	-0.0187826218822	0.0124748641484	-0.0215594831889	-0.0106130210882	-0.0686942130729	-0.0455837000222	0.0104803051014	-0.00182189499319	-0.0532011461617	0.0279799287004	-0.0949709032377	-0.00925166114089	0.0585580822693	0.015110419005	0.0040766477084	-0.00767637653188	0.0431285301622	-0.0364405920472	-0.0201958515853	0.0514157440985	-0.00140534141867	-0.0184405609661	-0.0480975973132	-0.00849520157777	-0.0134909842018	-0.039989057657	-0.0304074499895	-0.0650641869396	-0.0063655582268	0.016620486078	-0.0227771502317	-0.00320800540757	0.00107947380565
k__Bacteria;p__Bacteroidetes;c__Bacteroidia;o__Bacteroidales;f__Bacteroidaceae;g__Bacteroides;s__Bacteroides_cellulosilyticus	-0.0228595562664	-0.00838905690753	0.0131980133639	-0.00887506365827	0.0149794939928	-0.0507713957996	-0.0215312026971	0.0127235334293	-0.035044825713	-0.000437903022356	0.0253477089888	-0.0463059944207	1.0	-0.0171674185925	0.00713610097447	0.046190191346	0.0146308674032	0.00543738637962	0.0201023593814	0.0115559438296	-0.0289761563117	-0.0330737973386	0.0153743430597	-0.0791069963794	-0.0340101126016	-0.0629542426246	-0.008787012663	0.00107013574168	0.0341231366321	0.0286442884392	0.0598463616458	-0.000166943448812	-0.0253002803069	-0.0116627358449	0.0239506326379	0.0499459865805	-0.0698787003662	-0.022600135238	-0.0309570750798	-0.033351528069	-0.0492483013096	0.0115751420002	-0.0987553426141	0.0191091952999	-0.00815157396319	-0.0307240468025	0.0438995391525	-0.0230607056638	0.0243521830165	0.0293700838833	-0.0304390086929	-0.043810996391	0.0256033868542	-0.0061190566355	-0.0494001640951	0.00526354562571	-0.02862063749	-0.0150421592705	-0.0344663877796
k__Bacteria;p__Bacteroidetes;c__Bacteroidia;o__Bacteroidales;f__Rikenellaceae;g__Alistipes;s__Alistipes_obesi	0.0111341549569	0.0636615664854	0.00366671926578	-0.0272589199351	-0.000768296554557	-0.00338194614275	-0.00457827083795	-0.0529111712137	-0.00540978579244	0.00491265778189	0.00736978877421	-0.0433646064156	-0.0171674185925	1.0	-0.0296237097771	-0.00993674821409	-0.0157723003774	0.0218866976122	-0.0166701943134	-0.0329673521739	0.047294804541	-0.0434403963597	0.000787310781505	-0.00285805130964	-0.0593308067829	0.0575175733193	-0.0208834345065	0.0494809787905	0.0144208984931	0.0213886677683	0.000846885990171	0.00271859536404	-0.111579999156	0.0103265358019	0.00228307640273	0.0087790170929	0.00270546803974	-0.0335150869151	0.0293204499585	0.0445653395781	-0.0508883213439	0.0312801939965	0.00262582521353	-0.0339494068613	-0.0548083239773	-0.0182721163453	-0.00698728013581	-0.0486839979507	-0.0411078955916	0.0204514360434	0.0462396527641	-0.00590428500039	0.00103840867588	-0.053794220852	-0.0136118913352	0.0291938107257	-0.0206256947615	0.0156230629136	-0.048351345203
k__Bacteria;p__Firmicutes;c__Clostridia;o__Clostridiales;f__Lachnospiraceae;g__;s__[Eubacterium]_rectale	0.0070998940128	-0.03334349213	-0.0641349167541	-0.0103025956215	-0.013938609908	-0.030391029442	-0.0215571462972	-0.0271161534293	0.0505549155157	-0.0285771695861	-0.00461903688877	-0.00290635691986	0.00713610097447	-0.0296237097771	1.0	-0.0105618308196	-0.0260281303341	-0.0781380567279	-0.0106061707214	-0.025572391615	0.0342476431298	-0.0320804347483	-0.00605902941486	-0.0249854752677	-0.00633501305123	-0.0225141592738	0.00821438757772	-0.0097346666081	-0.0159559205191	0.00599101003182	0.0100951729441	-0.0321121164876	-0.0357791393228	-0.00698505405125	0.0194540208189	0.00242354590456	-0.0265343573199	0.0370462991308	-0.00574398321969	0.0488785771639	-0.0430111719614	0.00477086652183	0.0591099366712	0.0111507428134	-0.0150795109968	-0.0183364406985	0.0164338590994	0.00127851541102	-0.012360299386	-0.017233487467	-0.0350912258618	-0.0253952115662	0.0520967947626	-0.0143533471015	0.00501261907194	-0.0473360985986	-0.0420297907357	-0.014489800358	-0.0368136991024
k__Bacteria;p__Bacteroidetes;c__Bacteroidia;o__Bacteroidales;f__Bacteroidaceae;g__Bacteroides;s__Bacteroides_plebeius	-0.0418652055638	0.0677266737425	-0.00485370990172	-0.00919102993938	-0.0838593693505	0.0518077480716	-0.0152139992987	-0.0288158032994	0.0165990625188	-0.0287196093941	0.0137742926657	0.00909950200735	0.046190191346	-0.00993674821409	-0.0105618308196	1.0	0.0106094187417	-0.00184271444507	-0.0149450940279	-0.0228917977191	-0.0144550134234	0.00180743366201	-0.0286900947507	-0.0345446408711	-0.0294442399024	-0.0618525186904	0.0294928931243	0.0237133644945	-0.0560578639945	-0.0347947509604	0.00993086365378	-0.0398861976961	0.00821462780645	0.0516245044395	-0.0179423589465	0.0288069527768	-0.0693457094887	-0.0119093704275	-0.0102038627982	-0.0146746779595	0.0197421649322	0.000519943904944	-0.0882976193319	-0.0265205518014	0.0214719997797	-0.00263221992044	0.0119517796518	-0.0783266270982	0.00285762649266	0.0316309979279	-0.0602302954111	-0.00482107535729	-0.0398871831264	-0.043305696249	-0.0151127900963	-0.00343373562643	0.0234684057977	-0.00478280684316	-0.00491938091041
k__Bacteria;p__Bacteroidetes;c__Bacteroidia;o__Bacteroidales;f__Bacteroidaceae;g__Bacteroides;s__Bacteroides_fragilis	0.0280980675798	-0.0113876108107	-0.0419258074191	0.0003882637338	-0.0604242131143	-0.0171064645808	-0.0205491359345	0.0393482608778	-0.0479977583319	-0.0186616340326	0.0125606212186	-0.014341110596	0.0146308674032	-0.0157723003774	-0.0260281303341	0.0106094187417	1.0	0.00807246702683	-0.0132047078338	0.029477319825	-0.000724420410041	0.0361018312717	0.0195501194665	-0.0888256538954	0.0335234095485	-0.0299174619648	0.0720738607788	-0.00428709275849	-0.00402932911896	-0.00568140892534	-0.0294048645165	-0.000473225699698	-0.0409062258519	-0.0241548039863	-0.0376370369998	-0.0502058511883	0.0587111141611	-0.0184708751939	-0.0480707176306	-0.0214081399489	0.036408456905	-0.0773559436687	-0.0128435961176	0.00645936238603	-0.000656315561258	-0.0598032350611	-0.0225819644694	-0.026187591352	-0.00920980587037	0.0103060248818	0.0115621476225	0.0266674605434	-0.0365426005349	-0.0437406118516	0.012603982238	-0.104460126571	0.0353068838421	-0.0108038212708	0.0395333290135
k__Bacteria;p__Proteobacteria;c__Betaproteobacteria;o__Burkholderiales;f__Sutterellaceae;g__Sutterella;s__Sutterella_wadsworthensis	-0.0749406725808	-0.0169219399083	-0.0478737865455	-0.00905226678456	0.0102347513467	-0.0290041906476	-0.0161671697044	0.00258291747846	0.0100006022801	0.0348555565526	0.00857448552627	0.075945780229	0.00543738637962	0.0218866976122	-0.0781380567279	-0.00184271444507	0.00807246702683	1.0	-0.0802586772939	-0.045270771256	0.0177170765975	-0.0662195890567	-0.0340436703941	-0.080570107008	-0.0358586762938	-0.0407964208249	-0.0269474438931	0.0190174696049	0.0291426438458	-0.0240254921692	-0.025280218846	-0.019061605378	0.0109221007178	-0.0695985011573	-0.0292146023737	-0.0130162098798	0.00244770848183	0.00758055181146	-0.0488966603015	-0.0149087588342	0.0160102334639	-0.0429448641863	-0.0296352411087	0.0138239791562	0.0312604781427	0.0219012110694	-0.0508510096611	-0.0384810971392	-0.0399548633924	-0.00345573060169	-0.019347598242	0.0294787098127	0.0313348599896	-0.0195269331892	0.00403577502913	0.0328517721779	-0.0197865619723	-0.0605338216034	0.024698617174
k__Bacteria;p__Bacteroidetes;c__Bacteroidia;o__Bacteroidales;f__Porphyromonadaceae;g__Barnesiella;s__Barnesiella_intestinihominis	0.0216542247307	-0.0422817756407	0.0279430171964	-0.0376301827014	0.0391889796252	0.0160248136704	0.042499407299	-0.0261691411308	0.0972822411556	0.0337783253198	0.00660776611506	-0.0747245174999	0.0201023593814	-0.0166701943134	-0.0106061707214	-0.0149450940279	-0.0132047078338	-0.0802586772939	1.0	-0.0125489257636	0.0393795516116	0.00458614073867	-0.00967022559761	-0.0170747483516	0.0213332947077	-0.0673284823524	0.0393119501389	0.0462859422839	0.0162607203548	-0.0451662101449	0.00203043806364	-0.00830958836093	-0.0822457188061	-0.029741349629	0.0197463963408	0.0067992214164	-0.0302509157362	0.0354171548866	-0.0382273136548	0.0264918088999	0.0494105769247	0.0276195120655	0.030443764049	0.0295346508328	-0.0111718771937	-0.0309184415178	-0.0289489092526	-0.052401938346	0.0339461384368	-0.0608537292634	-0.045119470437	-0.0351781022742	-0.0716763733384	0.0497159757166	-0.021133321636	0.00340250510201	-0.0126530628535	-0.113795630447	0.0120964449912
k__Bacteria;p__Bacteroidetes;c__Bacteroidia;o__Bacteroidales;f__Odoribacteraceae;g__Odoribacter;s__Odoribacter_splanchnicus	-0.0211926775007	-0.00565513167726	-0.00807697846397	-0.00180232800439	-0.0355163244579	0.038742976182	0.0220244212441	-0.020218879127	0.00391046065196	-0.00806200355721	-0.0026114494043	-0.0262385445585	0.0115559438296	-0.0329673521739	-0.025572391615	-0.0228917977191	0.029477319825	-0.045270771256	-0.0125489257636	1.0	-0.0255082019832	-0.0306818454689	-0.0672249798458	-0.0127906237704	0.0304448940585	-0.0496365220844	0.0521136592202	-0.0716528976843	-0.0197240434075	0.0311328356864	-0.0408147412354	0.063744129469	0.0110390288577	0.024838450046	-0.0645764852477	0.0413256396661	0.0279142259884	-0.0773862806551	-0.031332021326	-0.00419324839992	0.0458669404171	0.0532414084256	0.0238402964868	-0.0669636619827	-0.00536759002469	0.0130167161601	-0.0383346837344	-0.0572164492728	-0.0323254666137	-0.0150873403944	0.0400068709971	0.025404881681	-0.0545908589698	0.0195407964852	-0.0195467973689	-0.0616687199116	-0.0845267498099	-0.0195712058244	0.00733787739482
k__Bacteria;p__Bacteroidetes;c__Bacteroidia;o__Bacteroidales;f__Bacteroidaceae;g__Bacteroides;s__Bacteroides_salyersiae	-0.0081016413673	0.0467430178303	-0.0367582360471	-0.038504937931	0.0603525195934	-0.104391361062	0.00106557046475	0.0203039179234	-0.0191914714861	-0.0338068629201	0.0230185058591	0.0100837383287	-0.0289761563117	0.047294804541	0.0342476431298	-0.0144550134234	-0.000724420410041	0.0177170765975	0.0393795516116	-0.0255082019832	1.0	-0.0302055008839	-0.0358251894813	-0.0103073519698	-0.018382144036	-0.0367049184203	-0.0121735686957	0.00758806601879	-0.0342066114557	0.0188104049578	-0.0278487026833	-0.0597850354632	-0.0818712727378	-0.0825835276873	-0.00188314670668	-0.0194198142956	0.0130662452488	0.0394117089054	0.0113623823361	0.0563520322191	0.0380142759498	-0.0162427135322	0.0273607653549	-0.0123075436516	-0.051491656973	0.00571156777609	-0.056686824784	-0.0108697037831	-0.0860862108621	0.0334346680881	-0.0423441263683	-0.000190435144213	-0.0101887088258	0.0123120188802	-0.0727843898016	0.00127537163944	-0.0446718649707	-0.0758547939334	-0.0175062303878
k__Bacteria;p__Firmicutes;c__Clostridia;o__Clostridiales;f__Ruminococcaceae;g__Ruminiclostridium;s__[Eubacterium]_siraeum	-0.0315059278409	0.0161120808558	0.0167064745923	-0.031193497546	-0.0488778926778	-0.0349937072013	9.46497685607e-05	0.0565889202398	-0.0203860005812	-0.0367603208638	-0.06240166591	-0.000313076951248	-0.0330737973386	-0.0434403963597	-0.0320804347483	0.00180743366201	0.0361018312717	-0.0662195890567	0.00458614073867	-0.0306818454689	-0.0302055008839	1.0	-0.0626739785955	-0.00438075224412	-0.0186545640397	-0.0217737246637	0.0859876961368	-0.0475740556059	-0.0267808583135	-0.0193915008221	0.0348929753288	0.032651454103	0.0153461077728	-0.03691297648	0.00461572105848	-0.00514432212169	-0.0169981992595	-0.0569631791989	-0.0273118445419	-0.02112847261	0.0102356082021	0.0224252516227	0.0294824877061	0.0119899609455	0.0101125719639	-0.0556840280183	0.0201738537559	-0.0220427046983	-0.0591037672611	-0.0191515521216	0.0772625800092	-0.0465172957646	0.0300021703618	0.0232104711193	0.0284585155335	0.102874964912	-0.0381375634626	-0.0313531713662	-0.00292309717837
k__Bacteria;p__Proteobacteria;c__Betaproteobacteria;o__Burkholderiales;f__Sutterellaceae;g__Parasutterella;s__Parasutterella_excrementihominis	0.000558939601452	-0.011449411784	0.00436310042339	0.00252166006786	0.0187094483516	-0.0213175906632	-0.0605051340584	-0.0607168429116	-0.0130579509328	0.0340021052619	-0.0161539596686	0.0312203914938	0.0153743430597	0.000787310781505	-0.00605902941486	-0.0286900947507	0.0195501194665	-0.0340436703941	-0.00967022559761	-0.0672249798458	-0.0358251894813	-0.0626739785955	1.0	-0.00108256920451	-0.0257105109173	-0.0279616791625	-0.0204383251003	0.00306462048578	0.0150760600839	0.0556471462597	-0.00875576625188	0.000406841180165	-9.22636414965e-05	-0.00715681126664	0.0144586814038	0.0283100932325	-0.0190619696768	0.0379772013722	0.0125781148661	0.032444804586	-0.0306811323673	-0.0191004384556	0.0131157855088	-0.0222189703039	-0.0411710193686	-0.00162466787498	-0.0151424412151	-0.0278016536903	-0.0569760641741	0.0127249171658	0.027457204485	-0.0800847578501	0.035905745939	0.0722869599758	0.0493393942993	0.00497361831743	0.015997373604	0.0135975145053	-0.0571893800609
k__Bacteria;p__Actinobacteria;c__Actinobacteria;o__Bifidobacteriales;f__Bifidobacteriaceae;g__Bifidobacterium;s__Bifidobacterium_adolescentis	-0.054681022221	-0.0397858680421	-0.0309881911623	0.0189905787029	0.00793944694971	-0.073980094263	-0.0337755518596	0.0394290465126	-0.0234304749076	-0.0462743082087	-0.0319338413445	-0.0533235121026	-0.0791069963794	-0.00285805130964	-0.0249854752677	-0.0345446408711	-0.0888256538954	-0.080570107008	-0.0170747483516	-0.0127906237704	-0.0103073519698	-0.00438075224412	-0.00108256920451	1.0	-0.00529070388461	0.000664136722654	-0.0130457480069	-0.022973136111	-0.0139441701876	-0.029147941587	-0.00890469362793	-0.00196457552633	0.0254536301174	0.00147241799381	0.0152202705724	-0.0881697714132	0.0178068048636	-0.0336034416706	0.0198270593634	0.0380576998903	-0.025745298577	-0.0105490333055	0.0202129290727	-0.00809021447817	-0.0615416300108	-0.00954312052218	-0.00483645424304	0.0492593033067	-0.0108957772673	0.0745458119009	-0.0051195370704	0.035440341808	0.066591306591	-0.052594103967	-0.000474563208375	-0.023452748329	0.0277516519976	0.0305689929629	-0.0474258269098
k__Bacteria;p__Firmicutes;c__Clostridia;o__Clostridiales;f__Oscillospiraceae;g__Oscillibacter;s__Oscillibacter_sp._KLE_1745	-0.0127249563994	-0.036169507922	-0.012447497077	-0.0222873018864	0.0357597855566	-0.047419289029	-0.0314453045355	-0.00910950229517	-0.0422373389202	-0.0197940689805	-0.00967288181977	0.0229653104325	-0.0340101126016	-0.0593308067829	-0.00633501305123	-0.0294442399024	0.0335234095485	-0.0358586762938	0.0213332947077	0.0304448940585	-0.018382144036	-0.0186545640397	-0.0257105109173	-0.00529070388461	1.0	0.0313456341583	0.0354492495359	-0.0336769822594	0.0197937536944	-0.0352160098169	-0.0131530043077	-0.0371247724971	0.0179124602735	-0.0479259645085	-0.00630184763146	0.00341104911451	-0.00993153010663	-0.0173435153387	0.00449082041891	0.0209710526598	-0.0101649644115	-0.0119895311657	-0.0551720647865	-0.00669617212894	-0.00919373800246	0.0378469528522	-0.0166364101931	0.0367566428658	-0.00512894645188	0.0467896378662	0.000951361183289	0.00580621422336	-0.052123232851	-0.0276093607989	-0.0407110862698	-0.0195518553187	0.0110860192951	-0.0294017860725	-0.00197867407924
k__Bacteria;p__Bacteroidetes;c__Bacteroidia;o__Bacteroidales;f__Bacteroidaceae;g__Bacteroides;s__Bacteroides_coprophilus	0.0359094073749	-0.0084518270871	-0.0252362975215	0.00807593460012	-0.0162968646561	-0.033781372273	0.00602363828453	-0.0366011071725	-0.0259489973254	0.0355293445727	-0.0205740289017	-0.0141741116915	-0.0629542426246	0.0575175733193	-0.0225141592738	-0.0618525186904	-0.0299174619648	-0.0407964208249	-0.0673284823524	-0.0496365220844	-0.0367049184203	-0.0217737246637	-0.0279616791625	0.000664136722653	0.0313456341583	1.0	-0.0577857386567	-0.000542348791468	0.0209349158386	0.0453706999342	-0.0213219393084	-0.0135689390073	0.0138168127132	0.0239272704497	-0.0416723676736	-0.0187663793728	-0.0132102305076	0.0539912780519	-0.0430326469545	0.00050271460375	-0.0399971802143	-0.0237789274225	0.0388861704173	0.00825180754866	0.018405729844	-0.0680273115833	-0.0252223037013	-0.00619635576	-0.0166391001982	-0.0222683846191	0.035622081663	0.0600111496074	-0.0517691090274	-0.0197149762521	0.0341863300218	-0.0303542272889	-0.00614685661166	-0.0346376207872	0.000374616113829
k__Bacteria;p__Firmicutes;c__Clostridia;o__Clostridiales;f__Lachnospiraceae;g__Roseburia;s__Roseburia_intestinalis	0.0576096848585	0.00129508258256	0.00733802858989	0.0128960618067	0.0442625471469	-0.0115643670827	0.0497380023546	-0.0426211405016	0.0358457285056	0.00430037447831	0.000960711920996	-0.0187826218822	-0.008787012663	-0.0208834345065	0.00821438757772	0.0294928931243	0.0720738607788	-0.0269474438931	0.0393119501389	0.0521136592202	-0.0121735686957	0.0859876961368	-0.0204383251003	-0.0130457480069	0.0354492495359	-0.0577857386567	1.0	0.017144365074	-0.0448249342017	-0.0281525775461	0.0194519429551	0.0351039000661	-0.0105169764508	-0.0112509791247	0.0167034153631	-0.0464674493535	-0.0329788990917	0.00854809730845	-0.0164994779248	0.0172584321289	-0.0498514850523	0.0372901391125	0.0380500261896	-0.0532229499425	0.0378913856988	0.0334347506913	-0.0248562267132	-0.0122985211948	-0.0260677269151	-0.00739305893908	-0.00181098806519	-0.0038373897822	-0.0423839961939	0.0137329952217	0.00773180698782	-0.000528595771698	-0.0353928660202	-0.0517779315156	-0.0340875216319
k__Bacteria;p__Firmicutes;c__Clostridia;o__Clostridiales;f__Lachnospiraceae;g__Roseburia;s__Roseburia_hominis	-0.0246469081255	0.0169521699407	0.0565315255768	-0.0170671840823	-0.056596349776	-0.0085010576558	-0.0372030752761	0.00633792867342	-0.00493806330272	-0.0438671474486	-0.00757374654197	0.0124748641484	0.00107013574168	0.0494809787905	-0.0097346666081	0.0237133644945	-0.00428709275849	0.0190174696049	0.0462859422839	-0.0716528976843	0.00758806601879	-0.0475740556059	0.00306462048578	-0.022973136111	-0.0336769822594	-0.000542348791468	0.017144365074	1.0	-0.0462239513373	0.0194689462746	0.00485161197483	-0.0376783580793	-0.0417698290384	0.0032805847753	-0.0568218554654	0.029660100822	-0.0137216311758	-0.00489393262422	0.00179969582427	0.0337559182954	0.00473711287095	0.0120424761568	-0.0125429061254	-0.0327721027395	-0.0461676780327	0.0105774225094	-0.00660557262951	-0.0203076468888	-0.0142139792709	-0.0341738996319	-0.00711896204019	-0.00934361976034	-0.0157613984163	0.0215154764254	-0.0105344650211	-0.04756779736	-0.0179112406339	0.0314411224245	-0.0487587865028
k__Bacteria;p__Bacteroidetes;c__Bacteroidia;o__Bacteroidales;f__Porphyromonadaceae;g__Parabacteroides;s__Parabacteroides_johnsonii	0.0259640186153	-0.0428430289586	-0.0359559991129	-0.00279256836436	-0.00931356376976	-0.0176087004243	-0.0156435522877	-0.0148699707313	-0.0731190646329	-0.0141033339013	0.0215849699189	-0.0215594831889	0.0341231366321	0.0144208984931	-0.0159559205191	-0.0560578639945	-0.00402932911896	0.0291426438458	0.0162607203548	-0.0197240434075	-0.0342066114557	-0.0267808583135	0.0150760600839	-0.0139441701876	0.0197937536944	0.0209349158386	-0.0448249342017	-0.0462239513373	1.0	0.0394967023009	-0.0275695258309	0.0155752119684	-0.0247916152602	0.00292780652152	0.0354530677678	-0.0290211344679	0.0239166082732	0.00946564362367	0.0460934089578	0.0505366591634	0.0694722994657	0.0102605735757	-0.000975136151558	-0.00991164257938	-0.0093864376589	0.00738267494631	-0.0510597426166	-0.0217163482255	-0.018767371145	0.00071631437199	0.0226748987096	0.0461609283093	0.0272896283162	-0.0342643667149	-0.00589665131602	-0.066058295829	-0.0153563854818	-0.00719899311198	-0.0326798858683
k__Bacteria;p__Actinobacteria;c__Actinobacteria;o__Bifidobacteriales;f__Bifidobacteriaceae;g__Bifidobacterium;s__Bifidobacterium_longum	-0.00472218523869	0.0234720021659	-0.00225359824654	-0.0418121868378	0.0159841105303	-0.0482306153253	0.0338504870326	-0.0303563922274	0.0544417932362	0.00467053503029	0.0158467222145	-0.0106130210882	0.0286442884392	0.0213886677683	0.00599101003182	-0.0347947509604	-0.00568140892534	-0.0240254921692	-0.0451662101449	0.0311328356864	0.0188104049578	-0.0193915008221	0.0556471462597	-0.029147941587	-0.0352160098169	0.0453706999342	-0.0281525775461	0.0194689462746	0.0394967023009	1.0	-0.0660738410723	-0.00664634462626	-0.00136301711112	-0.0461866629911	0.000217933538913	-0.0148894252053	0.00903745635882	-0.0705363482388	0.0134389381933	-0.0670801883507	0.00939640236528	0.00503073311495	0.00832832070397	-0.0119167035153	-0.0233098828911	-0.00422971513443	-0.024886706561	-0.023057101222	-0.00833227616699	-0.00673848148946	0.0121977031917	0.00271022866037	0.0211614071453	0.00256698487177	-0.0311834195338	0.0220783826116	-0.00977319898923	-0.00716497869636	-0.0205720887059
