#taxonomy	k__Bacteria;p__Bacteroidetes;c__Bacteroidia;o__Bacteroidales;f__Bacteroidaceae;g__Bacteroides;s__Bacteroides_vulgatus	k__Bacteria;p__Bacteroidetes;c__Bacteroidia;o__Bacteroidales;f__Bacteroidaceae;g__Bacteroides;s__Bacteroides_uniformis	k__Bacteria;p__Bacteroidetes;c__Bacteroidia;o__Bacteroidales;f__Rikenellaceae;g__Alistipes;s__Alistipes_putredinis	k__Bacteria;p__Bacteroidetes;c__Bacteroidia;o__Bacteroidales;f__Prevotellaceae;g__Prevotella;s__Prevotella_copri	k__Bacteria;p__Bacteroidetes;c__Bacteroidia;o__Bacteroidales;f__Bacteroidaceae;g__Bacteroides;s__Bacteroides_stercoris	k__Bacteria;p__Bacteroidetes;c__Bacteroidia;o__Bacteroidales;f__Bacteroidaceae;g__Bacteroides;s__Bacteroides_ovatus	k__Bacteria;p__Bacteroidetes;c__Bacteroidia;o__Bacteroidales;f__Rikenellaceae;g__Alistipes;s__Alistipes_shahii	k__Bacteria;p__Firmicutes;c__Clostridia;o__Clostridiales;f__Ruminococcaceae;g__Faecalibacterium;s__Faecalibacterium_prausnitzii	k__Bacteria;p__Bacteroidetes;c__Bacteroidia;o__Bacteroidales;f__Rikenellaceae;g__Alistipes;s__Alistipes_finegoldii	k__Bacteria;p__Bacteroidetes;c__Bacteroidia;o__Bacteroidales;f__Porphyromonadaceae;g__Parabacteroides;s__Parabacteroides_distasonis	k__Bacteria;p__Bacteroidetes;c__Bacteroidia;o__Bacteroidales;f__Bacteroidaceae;g__Bacteroides;s__Bacteroides_thetaiotaomicron	k__Bacteria;p__Bacteroidetes;c__Bacteroidia;o__Bacteroidales;f__Bacteroidaceae;g__Bacteroides;s__Bacteroides_coprocola	k__Bacteria;p__Bacteroidetes;c__Bacteroidia;o__Bacteroidales;f__Bacteroidaceae;g__Bacteroides;s__Bacteroides_cellulosilyticus	k__Bacteria;p__Bacteroidetes;c__Bacteroidia;o__Bacteroidales;f__Rikenellaceae;g__Alistipes;s__Alistipes_obesi	k__Bacteria;p__Firmicutes;c__Clostridia;o__Clostridiales;f__Lachnospiraceae;g__;s__[Eubacterium]_rectale	k__Bacteria;p__Bacteroidetes;c__Bacteroidia;o__Bacteroidales;f__Bacteroidaceae;g__Bacteroides;s__Bacteroides_plebeius	k__Bacteria;p__Bacteroidetes;c__Bacteroidia;o__Bacteroidales;f__Bacteroidaceae;g__Bacteroides;s__Bacteroides_fragilis	k__Bacteria;p__Proteobacteria;c__Betaproteobacteria;o__Burkholderiales;f__Sutterellaceae;g__Sutterella;s__Sutterella_wadsworthensis	k__Bacteria;p__Bacteroidetes;c__Bacteroidia;o__Bacteroidales;f__Porphyromonadaceae;g__Barnesiella;s__Barnesiella_intestinihominis	k__Bacteria;p__Bacteroidetes;c__Bacteroidia;o__Bacteroidales;f__Odoribacteraceae;g__Odoribacter;s__Odoribacter_splanchnicus	k__Bacteria;p__Bacteroidetes;c__Bacteroidia;o__Bacteroidales;f__Bacteroidaceae;g__Bacteroides;s__Bacteroides_salyersiae	k__Bacteria;p__Firmicutes;c__Clostridia;o__Clostridiales;f__Ruminococcaceae;g__Ruminiclostridium;s__[Eubacterium]_siraeum	k__Bacteria;p__Proteobacteria;c__Betaproteobacteria;o__Burkholderiales;f__Sutterellaceae;g__Parasutterella;s__Parasutterella_excrementihominis	k__Bacteria;p__Actinobacteria;c__Actinobacteria;o__Bifidobacteriales;f__Bifidobacteriaceae;g__Bifidobacterium;s__Bifidobacterium_adolescentis	k__Bacteria;p__Firmicutes;c__Clostridia;o__Clostridiales;f__Oscillospiraceae;g__Oscillibacter;s__Oscillibacter_sp._KLE_1745	k__Bacteria;p__Bacteroidetes;c__Bacteroidia;o__Bacteroidales;f__Bacteroidaceae;g__Bacteroides;s__Bacteroides_coprophilus	k__Bacteria;p__Firmicutes;c__Clostridia;o__Clostridiales;f__Lachnospiraceae;g__Roseburia;s__Roseburia_intestinalis	k__Bacteria;p__Firmicutes;c__Clostridia;o__Clostridiales;f__Lachnospiraceae;g__Roseburia;s__Roseburia_hominis	k__Bacteria;p__Bacteroidetes;c__Bacteroidia;o__Bacteroidales;f__Porphyromonadaceae;g__Parabacteroides;s__Parabacteroides_johnsonii	k__Bacteria;p__Actinobacteria;c__Actinobacteria;o__Bifidobacteriales;f__Bifidobacteriaceae;g__Bifidobacterium;s__Bifidobacterium_longum	k__Bacteria;p__Firmicutes;c__Clostridia;o__Clostridiales;f__;g__Flavonifractor;s__Flavonifractor_plautii	k__Bacteria;p__Firmicutes;c__Clostridia;o__Clostridiales;f__Clostridiaceae;g__Clostridium;s__Clostridium_phoceensis	k__Bacteria;p__Verrucomicrobia;c__Verrucomicrobiae;o__Verrucomicrobiales;f__Akkermansiaceae;g__Akkermansia;s__Akkermansia_muciniphila	k__Bacteria;p__Bacteroidetes;c__Bacteroidia;o__Bacteroidales;f__Prevotellaceae;g__Paraprevotella;s__Paraprevotella_xylaniphila	k__Bacteria;p__Firmicutes;c__Clostridia;o__Clostridiales;f__Ruminococcaceae;g__Ruminococcus;s__Ruminococcus_callidus	k__Bacteria;p__Bacteroidetes;c__Bacteroidia;o__Bacteroidales;f__Rikenellaceae;g__Alistipes;s__Alistipes_senegalensis	k__Bacteria;p__Firmicutes;c__Clostridia;o__Clostridiales;f__Lachnospiraceae;g__Blautia;s__Blautia_sp._KLE_1732	k__Bacteria;p__Bacteroidetes;c__Bacteroidia;o__Bacteroidales;f__Bacteroidaceae;g__Bacteroides;s__Bacteroides_oleiciplenus	k__Bacteria;p__Firmicutes;c__Clostridia;o__Clostridiales;f__Ruminococcaceae;g__Ruminococcus;s__Ruminococcus_bicirculans	k__Bacteria;p__Bacteroidetes;c__Bacteroidia;o__Bacteroidales;f__Bacteroidaceae;g__Bacteroides;s__Bacteroides_fluxus	k__Bacteria;p__Bacteroidetes;c__Bacteroidia;o__Bacteroidales;f__Prevotellaceae;g__Prevotella;s__Prevotella_stercorea	k__Bacteria;p__Firmicutes;c__Clostridia;o__Clostridiales;f__Lachnospiraceae;g__Dorea;s__Dorea_longicatena	k__Bacteria;p__Firmicutes;c__Clostridia;o__Clostridiales;f__Eubacteriaceae;g__Eubacterium;s__[Eubacterium]_eligens	k__Bacteria;p__Firmicutes;c__Clostridia;o__Clostridiales;f__Ruminococcaceae;g__;s__Ruminococcaceae_bacterium_D16	k__Bacteria;p__Firmicutes;c__Clostridia;o__Clostridiales;f__Lachnospiraceae;g__Coprococcus;s__Coprococcus_comes	k__Bacteria;p__Proteobacteria;c__Gammaproteobacteria;o__Enterobacterales;f__Enterobacteriaceae;g__Escherichia;s__Escherichia_coli	k__Bacteria;p__Firmicutes;c__Clostridia;o__Clostridiales;f__Ruminococcaceae;g__Anaerotruncus;s__Anaerotruncus_colihominis	k__Bacteria;p__Firmicutes;c__Clostridia;o__Clostridiales;f__Lachnospiraceae;g__Blautia;s__Blautia_obeum	k__Bacteria;p__Bacteroidetes;c__Bacteroidia;o__Bacteroidales;f__Odoribacteraceae;g__Odoribacter;s__Odoribacter_laneus	k__Bacteria;p__Firmicutes;c__Clostridia;o__Clostridiales;f__Ruminococcaceae;g__Ruminiclostridium;s__[Clostridium]_leptum	k__Bacteria;p__Bacteroidetes;c__Bacteroidia;o__Bacteroidales;f__Porphyromonadaceae;g__Parabacteroides;s__Parabacteroides_goldsteinii	k__Bacteria;p__Firmicutes;c__Clostridia;o__Clostridiales;f__Lachnospiraceae;g__Anaerostipes;s__Anaerostipes_hadrus	k__Bacteria;p__Firmicutes;c__Clostridia;o__Clostridiales;f__Ruminococcaceae;g__Ruminococcus;s__Ruminococcus_lactaris	k__Bacteria;p__Firmicutes;c__Clostridia;o__Clostridiales;f__Clostridiaceae;g__Clostridium;s__Clostridium_sp._L2-50	k__Bacteria;p__Firmicutes;c__Clostridia;o__Clostridiales;f__Clostridiaceae;g__Clostridium;s__Clostridium_sp._M62/1	k__Bacteria;p__Firmicutes;c__Clostridia;o__Clostridiales;f__;g__Intestinimonas;s__Intestinimonas_butyriciproducens	k__Bacteria;p__Actinobacteria;c__Actinobacteria;o__Bifidobacteriales;f__Bifidobacteriaceae;g__Bifidobacterium;s__Bifidobacterium_bifidum	k__Bacteria;p__Firmicutes;c__Negativicutes;o__Veillonellales;f__Veillonellaceae;g__Dialister;s__Dialister_invisus	k__Bacteria;p__Bacteroidetes;c__Bacteroidia;o__Bacteroidales;f__Bacteroidaceae;g__Bacteroides;s__Bacteroides_salanitronis
k__Bacteria;p__Bacteroidetes;c__Bacteroidia;o__Bacteroidales;f__Bacteroidaceae;g__Bacteroides;s__Bacteroides_vulgatus	1.0	-0.059425615547	-0.0132390302414	-0.10702839004	0.00340463224923	0.0408223946794	-1.04999078449e-05	0.0347932905608	0.0460284160621	-0.0872594183412	-0.0278107884179	-0.0108380513085	0.0176902308538	0.00491222661601	-0.0172188655908	-0.0317996607718	-0.0379985939066	-0.037847223376	0.00916936314878	0.0163428584052	-0.0178398039605	-0.0441337338701	0.00742508858347	0.0513353728416	-0.0241035571042	-0.0159629020291	0.0050749104633	-0.0300961895886	0.0430464994371	-0.0507694343581	0.0389583598313	0.0325812106737	0.0075686358397	0.00448210320924	-0.0348886089829	0.00804032307693	-0.0148186120432	0.041649136035	-0.00520959881782	0.00972383933109	-0.0288595238774	0.0273786317044	-0.0357726360063	-0.0498717968259	-0.0193751072466	0.0361272794901	0.0184596642895	-0.025003678441	-0.0579989781646	0.0273748880877	-0.0688248358992	-0.0127870130662	0.0313833645412	-3.69375403598e-06	0.0211739143882	-0.0310904344399	-0.0061992243601	-0.00541177883444	0.00453203073979
k__Bacteria;p__Bacteroidetes;c__Bacteroidia;o__Bacteroidales;f__Bacteroidaceae;g__Bacteroides;s__Bacteroides_uniformis	-0.059425615547	1.0	0.00446568997576	-0.070765396442	-0.065246517415	0.0406866534303	-0.0155919062085	-0.0208770225855	0.0381005594481	-0.00172632157637	-0.0287829770211	-0.0646737564597	-0.01654799195	-0.0306339798475	0.0156109612634	0.013161721882	-0.0224739177835	-0.057646452727	-0.0343045580894	0.0101886030657	-0.000586915414881	-0.0150580369237	-0.00414425140473	-0.0665833758377	-0.0120151973203	-0.0580512712931	0.0491811840724	-0.0163512767229	-0.020619532456	-0.0469363491853	0.0164677860254	0.0879969460191	0.0696571464721	-0.053850588851	-0.038224977998	-0.0198427716704	-0.0305525745186	0.0158916901313	0.0254372797084	0.0735192708194	-0.00472842975168	-0.0429536553939	-0.000139973185767	0.0405946245215	0.0297023590096	-0.0511531912327	-0.0551851015127	0.00355674957673	0.024551427339	-0.0291330706124	-0.0141661192845	-0.00972604100284	-0.0173619790991	0.00432533702161	0.00954097683775	-0.0488867662835	-0.0134990533187	0.0201053104135	0.0264106422496
k__Bacteria;p__Bacteroidetes;c__Bacteroidia;o__Bacteroidales;f__Rikenellaceae;g__Alistipes;s__Alistipes_putredinis	-0.0132390302414	0.00446568997576	1.0	-0.0555713249388	-0.00980024541516	-0.00163936554272	-0.0264966328593	-0.0178387661632	0.00612667449463	0.00965019197119	-0.0160040054114	0.0260404527432	-0.0331504138789	-0.00327157104864	-0.0678164757684	-0.0296682679366	0.0970323875276	-0.0339651279961	-0.0343939553959	-0.0191433350929	0.0347636088892	-0.028988596215	-0.0955225375445	-0.0422591163931	0.0426809433966	0.0055808892018	-0.0418244094378	-0.026750915169	0.0249020798991	0.0136143981383	-0.0217541738342	-0.000273388309658	0.00749767925698	-0.0168133788259	0.00297195516117	-0.0117125790473	0.0065054414596	-0.00824258905116	-0.0100188861112	-0.0454854819407	-0.000618733369051	0.0754984668792	-0.0218726595905	0.035784273794	-0.0373280092033	-0.0328211546269	-0.0734786883438	-0.00083969741162	-0.0091672017589	0.0480697928957	0.0028651005623	0.00300584290068	0.0232733436005	-0.0405466817844	-0.0014970139061	-0.00782126187991	-0.0545659798414	-0.0169438139001	0.0294108587974
k__Bacteria;p__Bacteroidetes;c__Bacteroidia;o__Bacteroidales;f__Prevotellaceae;g__Prevotella;s__Prevotella_copri	-0.10702839004	-0.070765396442	-0.0555713249388	1.0	-0.03996683034	-0.0584897299553	0.0284547740347	0.00879646992784	-0.0406052374465	0.0389238820625	-0.00583762879667	0.00731466597146	-0.048011607586	-0.00164315523471	0.0323045911574	0.0117024366414	-0.0726682520713	0.0489805823583	-0.0404827808694	0.00675840492034	-0.0219358457849	0.0260143265885	-0.012428619829	-0.0165810537231	0.0149543509546	0.0183961701356	-0.0305962499278	0.00750703256062	0.00682747045504	-0.015805290816	-0.00122356152108	-0.00849997448871	-0.0532177014215	0.0424509116438	0.00578964756797	0.0768104033518	-0.0173068468293	-0.0182385149381	0.0207529452339	-0.00121118844925	0.0560476044779	0.0352344592219	0.0423606815845	0.0271232472214	-0.0106301554185	-0.0508035527804	-0.0326333231173	-0.00614353588192	-0.0476577708581	0.0237943104076	-0.0992948740233	0.0196942256963	-0.0535976259133	0.0486804235739	-0.0517667854818	-0.014241653056	0.076302680866	0.0520875154193	0.000497427004011
k__Bacteria;p__Bacteroidetes;c__Bacteroidia;o__Bacteroidales;f__Bacteroidaceae;g__Bacteroides;s__Bacteroides_stercoris	0.00340463224923	-0.065246517415	-0.00980024541516	-0.03996683034	1.0	0.021184521575	0.0149170468799	-0.0290922123992	-0.0138007528002	0.0483008782221	0.0512228486132	-0.0475817536369	0.00705390878062	-0.0294750945042	0.0342647676617	-0.0447619457131	0.0362794354757	0.0597524739954	0.0398687308771	0.00871736622982	0.0137301405421	-0.0320363501616	-0.0279880025715	-0.00690521565138	0.0154321483558	-0.0605000415509	-0.0201240027128	0.00663074864925	-0.00201738763854	-0.0710572301577	-0.012337895804	0.0339247801598	-0.0449137513598	-0.0213513123368	0.0419409632859	0.0221110163757	0.0165327435699	-0.0364074772864	-0.0080805112917	-0.0438493302049	0.016098459837	0.0342837786739	-0.0231422510114	0.0320058186322	0.054087587173	0.0265975502247	-0.0623562606035	-0.0792869863858	-0.0148629143794	-0.00157622533894	-0.00855814484147	0.0132223685256	-0.0191430763936	0.0238418491592	-0.037604689236	0.00958224476615	0.0232887995575	-0.0294308127379	-0.025892129344
k__Bacteria;p__Bacteroidetes;c__Bacteroidia;o__Bacteroidales;f__Bacteroidaceae;g__Bacteroides;s__Bacteroides_ovatus	0.0408223946794	0.0406866534303	-0.00163936554272	-0.0584897299553	0.021184521575	1.0	0.0365683544332	0.00603281502938	0.00447402481293	0.00467025349344	-0.0243945472454	0.0680673007335	0.000884655777993	-0.0157874507109	0.0128848769185	-0.0322341354946	-0.0784479637906	-0.00437661326688	0.0174644712309	0.023528005473	-0.0367296863404	0.00749235619698	-0.00538245769539	0.0520216471521	-0.00902356666995	-0.0328235307914	-0.0136514280974	-0.00607269531328	0.01421006911	0.0153331506738	0.0338253306106	0.0112508111091	0.010112214601	-0.00107789002644	-0.0244694926405	-0.0319739304642	-0.0284545456016	0.0274593836939	-0.00521624065045	-0.0364914305832	0.0277214592444	0.0225439235856	-0.0189457176959	-0.0606597616267	-0.0194588108181	-0.00518490957871	-0.0307369540953	-0.0406142244477	-0.0470033868387	-0.0425224249572	-0.0356867754948	-0.0657206631558	0.00354226399031	0.0741706253882	-0.0479755033073	-0.0103175893334	0.00122410842752	0.0235759395028	-0.0585985013696
k__Bacteria;p__Bacteroidetes;c__Bacteroidia;o__Bacteroidales;f__Rikenellaceae;g__Alistipes;s__Alistipes_shahii	-1.04999078449e-05	-0.0155919062085	-0.0264966328593	0.0284547740347	0.0149170468799	0.0365683544332	1.0	-0.00431990459869	-0.0130815373237	-0.0256433875019	-0.0335881318601	-0.00832044487409	-0.018171717516	-0.0230272438122	-0.0361915551873	-5.01997645156e-05	0.00266518983339	-0.0199082760467	-0.0771039500089	0.000768177173861	-0.0246385160157	-0.0254509064753	0.0103067446088	-0.0220608649364	0.0160464062521	-0.0302264891707	0.0198239179773	0.0261937395415	0.00958688624378	-0.00969904352709	-0.00959499566237	0.0296743012071	-0.00787386457381	0.0227402761134	0.0110760589464	-0.00913349668571	-0.0171641571303	-0.0533381575464	-0.0133177780923	0.046476609648	-0.0335129052363	-0.00644628800196	-0.0804593141238	0.00170633224181	0.0365843337725	-0.011963002045	0.029803609174	0.0438095081752	0.000486393661292	-0.0423688445031	-0.0109396429471	-0.0216761934039	-0.00240326957252	-0.0361824811556	-0.00522723682922	-0.0721827011425	-0.027023364769	-0.0221112502741	0.0201200032577
k__Bacteria;p__Firmicutes;c__Clostridia;o__Clostridiales;f__Ruminococcaceae;g__Faecalibacterium;s__Faecalibacterium_prausnitzii	0.0347932905608	-0.0208770225855	-0.0178387661632	0.00879646992784	-0.0290922123992	0.00603281502938	-0.00431990459869	1.0	-0.0083985518141	-0.0183594836253	0.0259984794257	-0.0123222515267	-0.0305547260924	0.000213013834827	0.0461183250864	-0.0620866483539	0.0137938236874	0.0229794253839	-0.0334720460339	-0.00943921986517	-0.0360183983326	0.0532471682965	-0.0674491841598	0.0122734806822	-0.124048598557	0.0466760193155	0.00948107072878	0.0524784271695	-0.00988120596745	-0.0534828899107	0.0077641871506	0.0116134782461	-0.0101383484406	-0.0267801141277	-0.0270111753513	-0.00263655173226	0.0443913518924	-0.00723142927462	-0.0566185332245	0.0119151016188	-0.00435354199895	-0.0154755452192	0.0209716132074	-0.0318231736579	0.00811174718646	-0.034152727221	0.0239305093626	-0.0287750176226	-0.0370847605535	-0.0101766686369	-0.00844316655514	0.0106433451823	-0.0319310699249	-0.0115751789731	0.0237897443926	-0.0368664433563	-0.0349930398039	-0.0152742622218	-0.0152056764977
k__Bacteria;p__Bacteroidetes;c__Bacteroidia;o__Bacteroidales;f__Rikenellaceae;g__Alistipes;s__Alistipes_finegoldii	0.0460284160621	0.0381005594481	0.00612667449463	-0.0406052374465	-0.0138007528002	0.00447402481293	-0.0130815373237	-0.0083985518141	1.0	-0.004957319822	0.0259690566177	-0.0576054646471	-0.0238702589619	-0.0072029041886	-0.0240377637363	-0.0377651930653	-0.0576212265975	-0.0520569734428	0.0346413079125	0.0268316082818	-0.0227504770008	-0.0579274164218	-0.0347934019007	-0.00158390606777	-0.0444716866885	0.0589074789929	-0.0417012753492	-0.0186357784082	-0.0235968886999	0.0238824312992	-0.0544559799522	-0.0257034529932	-0.0341544879139	-0.0156276039453	0.00882590273512	-0.0157692202378	-0.0612771665056	-0.0764621111354	0.0828059062621	0.0213830282036	-0.00687996380666	-0.0125666516293	0.0488923434788	-0.0168278896263	0.0266537537834	-0.0326128062204	0.0107002959642	0.0469250630385	0.0317811670751	0.0082659938842	-0.00961281687489	0.0122613924093	-0.011881547317	-0.0140589279677	0.0134655247051	-0.0368838519059	0.0050777906751	-0.0532581931243	-0.0259987669204
k__Bacteria;p__Bacteroidetes;c__Bacteroidia;o__Bacteroidales;f__Porphyromonadaceae;g__Parabacteroides;s__Parabacteroides_distasonis	-0.0872594183412	-0.00172632157637	0.00965019197119	0.0389238820625	0.0483008782221	0.00467025349344	-0.0256433875019	-0.0183594836253	-0.004957319822	1.0	0.0113446649578	-0.0283960820432	-0.0183019773435	0.0109862023403	0.017202490104	-0.018656629851	-0.051529354695	-0.00354879725845	-0.00297939055998	0.000301275459337	-0.0285467194965	0.00189597335384	0.0660412171871	-0.00350376053274	0.0538299577774	-0.0177135321994	-0.0804407118016	0.0264224159139	-0.00960762277387	-0.0108396571364	0.0324725214891	-0.0550327658603	0.0882954817551	-0.0181648602088	0.0400688610755	0.044024795235	0.0346069376047	0.0421637265578	0.0138145464778	0.0151178718527	-0.0293301745869	-0.00271355885688	-0.0484818408898	-0.00378823158566	-0.00711251285275	-0.0388471910546	-0.0449647632973	0.00786154872261	-0.0233437599732	-0.0172204613401	-0.000146172895014	0.0334293977702	0.0046366172208	0.0178291891918	0.0105968610144	-0.0520986432008	-0.00614863382615	0.00797999595606	-0.0863986296441
k__Bacteria;p__Bacteroidetes;c__Bacteroidia;o__Bacteroidales;f__Bacteroidaceae;g__Bacteroides;s__Bacteroides_thetaiotaomicron	-0.0278107884179	-0.0287829770211	-0.0160040054114	-0.00583762879667	0.0512228486132	-0.0243945472454	-0.0335881318601	0.0259984794257	0.0259690566177	0.0113446649578	1.0	-0.00986139416715	-0.00855495221092	0.0221753835353	0.0555755817748	0.0251604014942	0.00158688894773	-0.00670822086847	-0.0171832563187	-0.0659256150516	0.0338141251668	0.0510132116087	-0.0142254046265	-0.0209119166307	-0.0532430633908	-0.0315579868247	0.0097352920552	-0.0812102600877	0.0105751183306	-0.103397146594	0.00531723011461	-0.00550519820078	0.0708834162373	-0.0523257563086	-0.0407943482163	-0.0254860287984	0.0145433019652	0.0786465485529	-0.0226093819415	-0.0578186974396	0.0063054378517	-0.00347839845267	0.0132615385002	0.00201289887137	0.0330750300782	-0.0115083491074	-0.0251704663092	-0.00247887841776	0.0303132255936	-0.0345772005389	-0.0166019614522	-0.0493846325478	-0.0465555663971	-0.0718644323598	-0.0324076695333	0.0185729811914	0.03107147795	-0.0329112344217	0.0251798086462
k__Bacteria;p__Bacteroidetes;c__Bacteroidia;o__Bacteroidales;f__Bacteroidaceae;g__Bacteroides;s__Bacteroides_coprocola	-0.0108380513085	-0.0646737564597	0.0260404527432	0.00731466597146	-0.0475817536369	0.0680673007335	-0.00832044487409	-0.0123222515267	-0.0576054646471	-0.0283960820432	-0.00986139416715	1.0	-0.0237431083553	-0.0193048415057	0.0127938514037	0.0596335242764	-0.0132457652623	-0.0527744180189	0.0394993228334	-0.00229871221063	-0.0217914746135	0.0110867387023	-0.037691665829	0.00830955730871	-0.0998589650813	-0.0517942976867	-0.0326833428049	-0.0326075350235	-0.0443920951148	-0.0400031870132	-0.0244088634198	0.00477452902354	0.0516554280114	-0.00922765249964	-0.0332843647877	0.0312473637653	0.00866388490688	0.0300974863973	-0.0445677442136	0.0143297563134	0.00681701006859	0.0198034015513	0.000206006051463	0.00754722045712	0.0630468625479	-0.0275236702666	0.0303914049724	-0.0804617308785	0.00998864226411	0.00361015037964	-0.0230232666766	0.00650317662534	-0.0290081021431	-0.0202412430947	0.0274007198625	0.0140444278287	-0.0351545674728	0.00872605388755	0.00792420447868
k__Bacteria;p__Bacteroidetes;c__Bacteroidia;o__Bacteroidales;f__Bacteroidaceae;g__Bacteroides;s__Bacteroides_cellulosilyticus	0.0176902308538	-0.01654799195	-0.0331504138789	-0.048011607586	0.00705390878062	0.000884655777993	-0.018171717516	-0.0305547260924	-0.0238702589619	-0.0183019773435	-0.00855495221092	-0.0237431083553	1.0	0.0493771846015	-0.0305720980604	-0.0520632782706	-0.0287371972681	0.0185198675632	0.0124059282186	0.0524465743493	-0.0450915331598	0.0393625548351	-0.0455107094873	0.0856449743955	-0.034151094997	-0.027481860247	-0.0719631167113	-0.0518128071604	-0.0289784869614	0.0692136822537	-0.0107330674491	-0.0113674722512	0.0426097637399	-0.0181556832173	0.0369952092106	-0.0140964648077	0.00806393678338	0.0207222002842	-0.0218552606903	-0.0233210167601	-0.00840337065536	-0.0593650346279	-0.00292705068263	0.0373801001323	0.00763982190271	-0.0103534531807	-0.0199212602679	-0.00472410987473	0.00712431915304	-0.0343425943477	0.0628268969779	-0.0766210846949	-0.0172168399242	-0.0808545683295	0.0224477877805	-0.0356227826578	-0.0045209052691	-0.0286134616758	0.00100312186219
k__Bacteria;p__Bacteroidetes;c__Bacteroidia;o__Bacteroidales;f__Rikenellaceae;g__Alistipes;s__Alistipes_obesi	0.00491222661601	-0.0306339798475	-0.00327157104864	-0.00164315523471	-0.0294750945042	-0.0157874507109	-0.0230272438122	0.000213013834827	-0.0072029041886	0.0109862023403	0.0221753835353	-0.0193048415057	0.0493771846015	1.0	-0.0104098408449	-0.000668203107551	0.0391707000235	0.0359813430916	-0.053752713405	-0.00748607063241	-0.0187583367497	-0.0218491845569	-0.00669656362407	-0.0069609154702	-0.000189925451446	0.0349071039364	0.0108880257572	-0.0452233845742	-0.0445133272462	0.0549525846821	-0.0288715861869	-0.0388713755835	0.0136084003425	-0.0250352328159	-0.0224495411993	-0.00721509492035	0.0530271169397	-0.0604121636456	0.0131500522176	0.0144818427336	-0.00876348489307	0.00842343386132	-0.00396218868719	0.0423113263063	-0.0527459441831	-0.0249640459676	0.00543714210525	-0.0469799802514	0.0181003922083	-0.000800460591696	-0.00877119912468	0.0616569689587	-0.0166964090266	-0.0296542457277	0.066901628049	-0.035590139594	-0.026446047003	0.00656571251356	-0.00373624700347
k__Bacteria;p__Firmicutes;c__Clostridia;o__Clostridiales;f__Lachnospiraceae;g__;s__[Eubacterium]_rectale	-0.0172188655908	0.0156109612634	-0.0678164757684	0.0323045911574	0.0342647676617	0.0128848769185	-0.0361915551873	0.0461183250864	-0.0240377637363	0.017202490104	0.0555755817748	0.0127938514037	-0.0305720980604	-0.0104098408449	1.0	0.0111946245998	-0.00408063094346	-0.0123893112128	0.00864851004838	-0.0051204986142	-0.000158391276683	0.0514831686741	-0.0155125159065	-0.0574951952353	-0.00249315830685	0.0550120942482	-0.0136402880633	-0.00932550080131	-0.00884714620661	-0.0142864017887	0.0283675896433	-0.0695639267922	0.0305979910484	0.0209007743982	-0.0229601952053	-0.00915475903086	-0.0273947675338	0.031174535439	-0.0429148045074	0.0156718140473	-0.0634610502805	-0.0246101335644	0.00350505007855	0.00688089423614	-0.0777431861703	-0.00741199334146	-0.0406393668936	0.00843007523932	-0.0252195608955	-0.0489407777191	-0.026179973534	-0.0616597120125	-0.0228755050461	0.00562246728378	0.0493573880748	-0.023510381385	-0.0291964967801	0.0368020946811	-0.017688619226
k__Bacteria;p__Bacteroidetes;c__Bacteroidia;o__Bacteroidales;f__Bacteroidaceae;g__Bacteroides;s__Bacteroides_plebeius	-0.0317996607718	0.013161721882	-0.0296682679366	0.0117024366414	-0.0447619457131	-0.0322341354946	-5.01997645157e-05	-0.0620866483539	-0.0377651930653	-0.018656629851	0.0251604014942	0.0596335242764	-0.0520632782706	-0.000668203107551	0.0111946245998	1.0	-0.0554011386453	-0.00494996218689	-0.0311442663642	0.0100786951595	0.0134303271942	-0.00232641055286	-0.0389002413377	-0.0244015363836	0.028937497725	0.0435020301209	-0.0166418682458	-0.0611873856357	-0.140332227762	0.0468011041937	0.00290178000363	-0.0281261830548	-0.0270773136686	0.00590808063262	0.0649109820257	0.00695827241762	-0.0345995882123	-0.0240560491657	0.0167269877302	-0.0378942616479	0.0257994635101	-0.0243846934577	-0.0321237316453	-0.00901429472951	0.0284309921636	0.011644884278	0.0182768185442	0.0101673579126	-0.0375853146636	-0.0242974222163	0.0111795607115	0.00259331232477	-0.0236386208253	0.0377227609195	0.00777188150075	-0.0396163468377	-0.0572222924269	-0.0247332733146	0.0133960650607
k__Bacteria;p__Bacteroidetes;c__Bacteroidia;o__Bacteroidales;f__Bacteroidaceae;g__Bacteroides;s__Bacteroides_fragilis	-0.0379985939066	-0.0224739177835	0.0970323875276	-0.0726682520713	0.0362794354757	-0.0784479637906	0.00266518983339	0.0137938236874	-0.0576212265975	-0.051529354695	0.00158688894773	-0.0132457652623	-0.0287371972681	0.0391707000235	-0.00408063094346	-0.0554011386453	1.0	0.00094012736481	-0.0290058787256	0.0123576793281	0.0156108563574	0.0287262822283	-0.0302232006488	-0.0391775776499	-0.0344453363743	0.021848964941	-0.0134604491318	-0.0430181016947	0.0213397318736	-0.0636798791573	-0.0201868156702	-0.00435674514522	-0.0425991488361	-0.0600159206354	-0.0269533700309	0.047064822329	0.0170520364263	-0.0128866503277	-0.0151042094715	-0.0294958028996	0.0262696778383	-0.0321458849001	-0.00514491351212	0.0291564121983	-0.0512630738747	0.0481277026419	-0.0350754184282	-0.0168128743201	-0.0361203124681	-0.0615008194588	-0.0540792925842	0.0177673872186	-0.00346499650993	-7.11763367503e-06	0.00128004892745	0.0108890987035	-0.1044350245	0.0460800566849	-0.0193419996901
k__Bacteria;p__Proteobacteria;c__Betaproteobacteria;o__Burkholderiales;f__Sutterellaceae;g__Sutterella;s__Sutterella_wadsworthensis	-0.037847223376	-0.057646452727	-0.0339651279961	0.0489805823583	0.0597524739954	-0.00437661326688	-0.0199082760467	0.0229794253839	-0.0520569734428	-0.00354879725845	-0.00670822086847	-0.0527744180189	0.0185198675632	0.0359813430916	-0.0123893112128	-0.00494996218689	0.00094012736481	1.0	0.0198977246576	-0.0640481879695	-0.0328337468045	-0.0937258392237	-0.0112080647205	-0.0138719630619	0.0387098344253	0.0594116469562	-0.044857836201	0.0137039852664	-0.0259498039259	-0.0112669893915	-0.0302215404459	-0.0829702289848	-0.0349541730732	0.0374372695107	0.0527512798432	-0.0250024205511	-0.0316626902465	-0.0144869792421	0.0334367405495	0.0203522863883	-0.0460335048317	0.00509315870265	-0.0118276924533	0.00110448229326	0.0284781416692	-0.00705154019511	0.0439082453671	-0.0650775548459	0.0309391808483	0.0252987901638	-0.0110042887103	-0.0505641426188	0.0199155669888	0.0124940147454	-0.0189538593571	0.00495583461357	-0.0308185426253	-0.0128197013017	0.00691367789029
k__Bacteria;p__Bacteroidetes;c__Bacteroidia;o__Bacteroidales;f__Porphyromonadaceae;g__Barnesiella;s__Barnesiella_intestinihominis	0.00916936314878	-0.0343045580894	-0.0343939553959	-0.0404827808694	0.0398687308771	0.0174644712309	-0.0771039500089	-0.0334720460339	0.0346413079125	-0.00297939055998	-0.0171832563187	0.0394993228334	0.0124059282186	-0.053752713405	0.00864851004838	-0.0311442663642	-0.0290058787256	0.0198977246576	1.0	-0.00542259035865	-0.0712537965292	0.0549657220554	0.00437442315525	-0.0490273203547	0.0244879417131	0.0310887461357	-0.0343619307665	-0.000463501007258	-0.0203010120749	0.0245829171371	-0.027117075117	-0.0696347725572	-0.0166994636344	-0.00328294567402	0.00898949265708	-0.0219555818453	-0.0303965800015	-0.0202250428171	0.00318904504703	-0.00935303405485	-0.0112977681016	-0.00775641949882	-0.0441837323075	0.00287331244334	-0.0233827758538	-0.00222711598856	0.0303821038373	0.033991665213	-0.0367409761076	-0.0359636303267	0.0116578417374	-0.0161046917288	0.0183814018868	0.0166511224277	0.051395694124	-0.0355710227811	0.0302833718225	0.00623000829844	-0.0101204863579
k__Bacteria;p__Bacteroidetes;c__Bacteroidia;o__Bacteroidales;f__Odoribacteraceae;g__Odoribacter;s__Odoribacter_splanchnicus	0.0163428584052	0.0101886030657	-0.0191433350929	0.00675840492034	0.00871736622982	0.023528005473	0.000768177173861	-0.00943921986517	0.0268316082818	0.000301275459337	-0.0659256150516	-0.00229871221063	0.0524465743493	-0.00748607063241	-0.0051204986142	0.0100786951595	0.0123576793281	-0.0640481879695	-0.00542259035865	1.0	0.00187591562119	-0.00864839040284	0.0148957734053	-0.0241104213734	0.017734991543	-0.0165540368885	0.0197321152598	0.0300231536497	0.0117565040949	0.00539911579306	-0.07482279004	-0.0376240038407	0.0126035606709	-0.0335539468126	0.0252811126545	-0.0451572905101	-0.0245323837684	0.0112241449861	-0.0730838741127	-0.0146416408594	-0.0343220481172	0.071754529991	-0.0375388289742	0.0185544044889	-0.0223167563039	-0.0208933505205	0.0425219767258	-0.0792402006053	-0.0599486145805	-0.0542217980021	0.0102469954254	-0.012180748513	-0.0164217567987	-0.0108636008893	0.0281556913587	-0.00345348317562	0.0200590706954	-0.0270323512055	-0.02864420978
k__Bacteria;p__Bacteroidetes;c__Bacteroidia;o__Bacteroidales;f__Bacteroidaceae;g__Bacteroides;s__Bacteroides_salyersiae	-0.0178398039605	-0.000586915414881	0.0347636088892	-0.0219358457849	0.0137301405421	-0.0367296863404	-0.0246385160157	-0.0360183983326	-0.0227504770008	-0.0285467194965	0.0338141251668	-0.0217914746135	-0.0450915331598	-0.0187583367497	-0.000158391276683	0.0134303271942	0.0156108563574	-0.0328337468045	-0.0712537965292	0.00187591562119	1.0	-0.0157083060272	0.0479141591115	-0.0530870305481	0.0146757135108	-0.0041233848942	-0.0127991503263	-0.0102812388118	0.00473741817039	0.0392890574514	0.0131549420894	-0.0176729907168	0.0405345127043	0.0114951248781	0.0245850491858	-0.00877430600353	0.00101716753065	-0.0337998808406	0.0160643999528	-0.0472336926453	-0.0789888162806	0.0612243680283	-0.0206936130884	-0.028993721576	0.00102752938416	0.0324324776388	0.000603149648648	0.0119648949495	-0.0410216087774	0.0111471946676	0.0439393166231	-0.00208939230794	-0.0258530568557	-0.0570614716112	-0.00257579439154	-0.0226900424589	-0.0687900017335	0.0445983611037	-0.0313159890439
k__Bacteria;p__Firmicutes;c__Clostridia;o__Clostridiales;f__Ruminococcaceae;g__Ruminiclostridium;s__[Eubacterium]_siraeum	-0.0441337338701	-0.0150580369237	-0.028988596215	0.0260143265885	-0.0320363501616	0.00749235619698	-0.0254509064753	0.0532471682965	-0.0579274164218	0.00189597335384	0.0510132116087	0.0110867387023	0.0393625548351	-0.0218491845569	0.0514831686741	-0.00232641055286	0.0287262822283	-0.0937258392237	0.0549657220554	-0.00864839040284	-0.0157083060272	1.0	-0.00238987888396	-0.037906238508	-0.0204942950185	-0.00957969712958	0.055578585634	-0.0545770175406	-0.000761142885206	-0.0326208794422	-0.0124602087493	-0.00505180604449	0.04003739548	0.0038768692752	-0.00390727228727	-0.0328997547211	-0.0340561023179	0.0204677034114	-0.0201706058192	0.00547740167738	-0.00150975460615	0.00951293354809	0.0121499756211	0.0108146739241	-0.0166329199756	-0.0577494154663	-0.0671674791809	-0.0546463726886	-0.0293699207175	-0.0188361033828	0.0652145613676	-0.0172150794654	0.0254840965453	6.78625031766e-05	-0.0570481650068	0.0397495365651	-0.08232745662	0.0383904891179	-0.0501040389996
k__Bacteria;p__Proteobacteria;c__Betaproteobacteria;o__Burkholderiales;f__Sutterellaceae;g__Parasutterella;s__Parasutterella_excrementihominis	0.00742508858347	-0.00414425140473	-0.0955225375445	-0.012428619829	-0.0279880025715	-0.00538245769539	0.0103067446088	-0.0674491841598	-0.0347934019007	0.0660412171871	-0.0142254046265	-0.037691665829	-0.0455107094873	-0.00669656362407	-0.0155125159065	-0.0389002413377	-0.0302232006488	-0.0112080647205	0.00437442315525	0.0148957734053	0.0479141591115	-0.00238987888396	1.0	0.0250511716209	-0.0122148940104	-0.0594239258785	0.0280283822742	0.0183127503032	-0.0102741844901	0.0149938944132	0.00475780503153	0.0502656737679	0.0377787672015	0.0408850417887	0.025027290098	-0.015550391663	-0.0313264987123	0.0254428902722	0.0402128880729	-0.0617909916398	0.0282063699083	-0.00442569954321	-0.0213779792216	-0.0504387276196	0.0276248775028	0.0202381407744	0.0662400890367	-0.075378938806	0.0242023297315	-0.00878901768462	-0.0293774072399	-0.0711090512864	0.00708503391913	-0.0286864189871	-0.0257725223951	-0.0100902485887	0.0280881937585	-0.0372928945214	0.0357503434771
k__Bacteria;p__Actinobacteria;c__Actinobacteria;o__Bifidobacteriales;f__Bifidobacteriaceae;g__Bifidobacterium;s__Bifidobacterium_adolescentis	0.0513353728416	-0.0665833758377	-0.0422591163931	-0.0165810537231	-0.00690521565138	0.0520216471521	-0.0220608649364	0.0122734806822	-0.00158390606777	-0.00350376053274	-0.0209119166307	0.00830955730871	0.0856449743955	-0.0069609154702	-0.0574951952353	-0.0244015363836	-0.0391775776499	-0.0138719630619	-0.0490273203547	-0.0241104213734	-0.0530870305481	-0.037906238508	0.0250511716209	1.0	-0.0146700951872	0.0102660558133	0.0320641600477	0.0268242062529	-0.079704184924	0.0146191024159	0.0434181477645	0.0507324035203	0.0179855997012	0.060838106005	0.0313773025687	-0.0371044372598	0.0249930644154	-0.00521395880458	0.00895781648696	-0.0287655274021	0.0437949134347	-0.00503600710789	0.0182401328896	-0.0673500192948	-0.0188712090453	0.0329649488501	-0.0051112567024	-0.0241504541929	0.00947004969153	-0.0278685654248	0.038233079878	-0.0135916663086	-0.00950882334526	0.024631431501	-0.0291841789398	0.0243172659292	-0.027682633348	-0.0283834321946	-0.024555612402
k__Bacteria;p__Firmicutes;c__Clostridia;o__Clostridiales;f__Oscillospiraceae;g__Oscillibacter;s__Oscillibacter_sp._KLE_1745	-0.0241035571042	-0.0120151973203	0.0426809433966	0.0149543509546	0.0154321483558	-0.00902356666995	0.0160464062521	-0.124048598557	-0.0444716866885	0.0538299577774	-0.0532430633908	-0.0998589650813	-0.034151094997	-0.000189925451446	-0.00249315830685	0.028937497725	-0.0344453363743	0.0387098344253	0.0244879417131	0.017734991543	0.0146757135108	-0.0204942950185	-0.0122148940104	-0.0146700951872	1.0	-0.0676876308406	-0.0142586081722	-0.0219777365652	-0.0570604321263	0.0255790904166	0.0112500914643	-0.043301835873	0.0332336521188	-0.00874931933642	0.0338727048698	0.0273133112735	0.0309567699614	-0.00131155387232	-0.0194077956127	-0.0734215843081	-0.0137495891546	-0.0170749373914	-0.0299594371114	-0.0434416341838	0.00663579222506	-0.0170638245428	0.00966373223273	-0.0222257746377	0.037657689723	0.0187909256791	-0.0257609444461	0.0149132901366	-0.021969270054	-0.0442173553624	0.00555769454392	-0.00623391237393	-0.0342049920659	-0.0244240422317	-0.0459353625174
k__Bacteria;p__Bacteroidetes;c__Bacteroidia;o__Bacteroidales;f__Bacteroidaceae;g__Bacteroides;s__Bacteroides_coprophilus	-0.0159629020291	-0.0580512712931	0.0055808892018	0.0183961701356	-0.0605000415509	-0.0328235307914	-0.0302264891707	0.0466760193155	0.0589074789929	-0.0177135321994	-0.0315579868247	-0.0517942976867	-0.027481860247	0.0349071039364	0.0550120942482	0.0435020301209	0.021848964941	0.0594116469562	0.0310887461357	-0.0165540368885	-0.0041233848942	-0.00957969712958	-0.0594239258785	0.0102660558133	-0.0676876308406	1.0	0.0124304724943	-0.0179961803694	-0.0143497097693	0.0218575464305	-0.0233155469868	-0.00300634959972	-0.0657974072636	-0.004708869369	-0.0179312186196	0.0161083641336	0.0350243913158	-0.0168589897425	0.00326509082893	0.0428740748987	-0.0279148110105	-0.070069990087	0.0306764927384	-0.012684593126	-0.0143797380716	0.00604331519246	0.0392823944292	-0.0288778780526	-0.0571166038536	-0.00894718667548	0.0200123621406	0.0111873569132	0.0172624268392	-0.0339066166709	0.0145953882138	0.0378636766755	-0.0179508048473	-0.00928208249728	-0.0903579077523
k__Bacteria;p__Firmicutes;c__Clostridia;o__Clostridiales;f__Lachnospiraceae;g__Roseburia;s__Roseburia_intestinalis	0.0050749104633	0.0491811840724	-0.0418244094378	-0.0305962499278	-0.0201240027128	-0.0136514280974	0.0198239179773	0.00948107072878	-0.0417012753492	-0.0804407118016	0.0097352920552	-0.0326833428049	-0.0719631167113	0.0108880257572	-0.0136402880633	-0.0166418682458	-0.0134604491318	-0.044857836201	-0.0343619307665	0.0197321152598	-0.0127991503263	0.055578585634	0.0280283822742	0.0320641600477	-0.0142586081722	0.0124304724943	1.0	0.066498945032	0.00723681767006	-0.0134610570726	-0.0108677566915	0.00289668192981	-0.022540016069	-0.0106006253094	0.0500046788536	-0.068005309711	0.0147592281547	0.010133301759	0.00832265828251	0.0353225571548	-0.00184865904394	0.0198821311015	0.0300344652197	-0.0039308793334	-0.0661546764253	-0.0141701346806	-0.0509250900154	-0.0107874477869	-0.0181668626088	-0.0375916735283	-0.0130328234906	0.0230052331051	-0.00964131253497	-0.0153020769187	0.0167940683284	0.0188983038636	-0.045696047329	-0.028293946384	-0.00804202183894
k__Bacteria;p__Firmicutes;c__Clostridia;o__Clostridiales;f__Lachnospiraceae;g__Roseburia;s__Roseburia_hominis	-0.0300961895886	-0.0163512767229	-0.026750915169	0.00750703256062	0.00663074864925	-0.00607269531328	0.0261937395415	0.0524784271695	-0.0186357784082	0.0264224159139	-0.0812102600877	-0.0326075350235	-0.0518128071604	-0.0452233845742	-0.00932550080131	-0.0611873856357	-0.0430181016947	0.0137039852664	-0.000463501007258	0.0300231536497	-0.0102812388118	-0.0545770175406	0.0183127503032	0.0268242062529	-0.0219777365652	-0.0179961803694	0.066498945032	1.0	0.0662677463357	-0.0141393819913	-0.00232636139816	0.0264841816684	-0.0345312829185	-0.0141069232106	-0.00212528933588	0.0123832354012	0.0110374778491	-0.0364291982312	-0.0432186205029	-0.0294976589307	-0.0362762513656	0.00974940968362	0.00771200802307	-0.00998111999712	-0.0229239476348	0.0342355192457	-0.00553427116684	0.0896105597116	-0.0523870223881	-0.0108446913449	-0.0133383436738	-0.0139600402	0.0294069424668	0.00574546662005	0.0150706475364	0.000220031994421	-0.0052944385488	0.015295428676	0.00887169156617
k__Bacteria;p__Bacteroidetes;c__Bacteroidia;o__Bacteroidales;f__Porphyromonadaceae;g__Parabacteroides;s__Parabacteroides_johnsonii	0.0430464994371	-0.020619532456	0.0249020798991	0.00682747045504	-0.00201738763854	0.01421006911	0.00958688624378	-0.00988120596745	-0.0235968886999	-0.00960762277387	0.0105751183306	-0.0443920951148	-0.0289784869614	-0.0445133272462	-0.00884714620661	-0.140332227762	0.0213397318736	-0.0259498039259	-0.0203010120749	0.0117565040949	0.00473741817039	-0.000761142885206	-0.0102741844901	-0.079704184924	-0.0570604321263	-0.0143497097693	0.00723681767006	0.0662677463357	1.0	0.00325387967221	0.00836561852569	0.0522043517007	0.0381329261372	-0.0160989615684	0.0209708850897	-0.0465249343344	-0.0155008580392	-0.0518752152591	-0.00193988167506	0.0706483201802	-0.0209137480327	0.0437880367491	-0.00931731428003	-0.0341007370151	0.0685492266446	-0.0295497652236	-0.043942981892	0.0537373913041	-0.0110638429751	-0.0254309361137	-0.00393342580621	-0.0293568795608	-0.00711212227669	0.0282152194879	0.0201510992909	-0.00469574895775	0.0025647232045	-0.0100246350151	-0.0336483245941
k__Bacteria;p__Actinobacteria;c__Actinobacteria;o__Bifidobacteriales;f__Bifidobacteriaceae;g__Bifidobacterium;s__Bifidobacterium_longum	-0.0507694343581	-0.0469363491853	0.0136143981383	-0.015805290816	-0.0710572301577	0.0153331506738	-0.00969904352709	-0.0534828899107	0.0238824312992	-0.0108396571364	-0.103397146594	-0.0400031870132	0.0692136822537	0.0549525846821	-0.0142864017887	0.0468011041937	-0.0636798791573	-0.0112669893915	0.0245829171371	0.00539911579306	0.0392890574514	-0.0326208794422	0.0149938944132	0.0146191024159	0.0255790904166	0.0218575464305	-0.0134610570726	-0.0141393819913	0.00325387967221	1.0	-0.0329611340048	-0.0583870131181	0.0200098597989	-0.0394486437596	0.00127146741599	-0.010934834435	-0.0251974658352	-0.00404695658367	0.0627555526698	-0.0541275572296	-0.0502160147924	0.0246488161224	0.0041727405017	-0.0233881851269	-0.0614311161493	-0.0545770244009	-0.0134734277342	0.0321418239925	-0.0446683174941	-0.00810170734624	-0.0141328531408	-0.0536556925228	-0.0364692281757	0.00937844097976	-0.00515421941173	0.0237549119137	-0.0143165195547	-0.023913505457	0.0909204624563
