#taxonomy	k__Bacteria;p__Bacteroidetes;c__Bacteroidia;o__Bacteroidales;f__Bacteroidaceae;g__Bacteroides;s__Bacteroides_vulgatus	k__Bacteria;p__Bacteroidetes;c__Bacteroidia;o__Bacteroidales;f__Bacteroidaceae;g__Bacteroides;s__Bacteroides_uniformis	k__Bacteria;p__Bacteroidetes;c__Bacteroidia;o__Bacteroidales;f__Rikenellaceae;g__Alistipes;s__Alistipes_putredinis	k__Bacteria;p__Bacteroidetes;c__Bacteroidia;o__Bacteroidales;f__Prevotellaceae;g__Prevotella;s__Prevotella_copri	k__Bacteria;p__Bacteroidetes;c__Bacteroidia;o__Bacteroidales;f__Bacteroidaceae;g__Bacteroides;s__Bacteroides_stercoris	k__Bacteria;p__Bacteroidetes;c__Bacteroidia;o__Bacteroidales;f__Bacteroidaceae;g__Bacteroides;s__Bacteroides_ovatus	k__Bacteria;p__Bacteroidetes;c__Bacteroidia;o__Bacteroidales;f__Rikenellaceae;g__Alistipes;s__Alistipes_shahii	k__Bacteria;p__Firmicutes;c__Clostridia;o__Clostridiales;f__Ruminococcaceae;g__Faecalibacterium;s__Faecalibacterium_prausnitzii	k__Bacteria;p__Bacteroidetes;c__Bacteroidia;o__Bacteroidales;f__Rikenellaceae;g__Alistipes;s__Alistipes_finegoldii	k__Bacteria;p__Bacteroidetes;c__Bacteroidia;o__Bacteroidales;f__Porphyromonadaceae;g__Parabacteroides;s__Parabacteroides_distasonis	k__Bacteria;p__Bacteroidetes;c__Bacteroidia;o__Bacteroidales;f__Bacteroidaceae;g__Bacteroides;s__Bacteroides_thetaiotaomicron	k__Bacteria;p__Bacteroidetes;c__Bacteroidia;o__Bacteroidales;f__Bacteroidaceae;g__Bacteroides;s__Bacteroides_coprocola	k__Bacteria;p__Bacteroidetes;c__Bacteroidia;o__Bacteroidales;f__Bacteroidaceae;g__Bacteroides;s__Bacteroides_cellulosilyticus	k__Bacteria;p__Bacteroidetes;c__Bacteroidia;o__Bacteroidales;f__Rikenellaceae;g__Alistipes;s__Alistipes_obesi	k__Bacteria;p__Firmicutes;c__Clostridia;o__Clostridiales;f__Lachnospiraceae;g__;s__[Eubacterium]_rectale	k__Bacteria;p__Bacteroidetes;c__Bacteroidia;o__Bacteroidales;f__Bacteroidaceae;g__Bacteroides;s__Bacteroides_plebeius	k__Bacteria;p__Bacteroidetes;c__Bacteroidia;o__Bacteroidales;f__Bacteroidaceae;g__Bacteroides;s__Bacteroides_fragilis	k__Bacteria;p__Proteobacteria;c__Betaproteobacteria;o__Burkholderiales;f__Sutterellaceae;g__Sutterella;s__Sutterella_wadsworthensis	k__Bacteria;p__Bacteroidetes;c__Bacteroidia;o__Bacteroidales;f__Porphyromonadaceae;g__Barnesiella;s__Barnesiella_intestinihominis	k__Bacteria;p__Bacteroidetes;c__Bacteroidia;o__Bacteroidales;f__Odoribacteraceae;g__Odoribacter;s__Odoribacter_splanchnicus	k__Bacteria;p__Bacteroidetes;c__Bacteroidia;o__Bacteroidales;f__Bacteroidaceae;g__Bacteroides;s__Bacteroides_salyersiae	k__Bacteria;p__Firmicutes;c__Clostridia;o__Clostridiales;f__Ruminococcaceae;g__Ruminiclostridium;s__[Eubacterium]_siraeum	k__Bacteria;p__Proteobacteria;c__Betaproteobacteria;o__Burkholderiales;f__Sutterellaceae;g__Parasutterella;s__Parasutterella_excrementihominis	k__Bacteria;p__Actinobacteria;c__Actinobacteria;o__Bifidobacteriales;f__Bifidobacteriaceae;g__Bifidobacterium;s__Bifidobacterium_adolescentis	k__Bacteria;p__Firmicutes;c__Clostridia;o__Clostridiales;f__Oscillospiraceae;g__Oscillibacter;s__Oscillibacter_sp._KLE_1745	k__Bacteria;p__Bacteroidetes;c__Bacteroidia;o__Bacteroidales;f__Bacteroidaceae;g__Bacteroides;s__Bacteroides_coprophilus	k__Bacteria;p__Firmicutes;c__Clostridia;o__Clostridiales;f__Lachnospiraceae;g__Roseburia;s__Roseburia_intestinalis	k__Bacteria;p__Firmicutes;c__Clostridia;o__Clostridiales;f__Lachnospiraceae;g__Roseburia;s__Roseburia_hominis	k__Bacteria;p__Bacteroidetes;c__Bacteroidia;o__Bacteroidales;f__Porphyromonadaceae;g__Parabacteroides;s__Parabacteroides_johnsonii	k__Bacteria;p__Actinobacteria;c__Actinobacteria;o__Bifidobacteriales;f__Bifidobacteriaceae;g__Bifidobacterium;s__Bifidobacterium_longum	k__Bacteria;p__Firmicutes;c__Clostridia;o__Clostridiales;f__;g__Flavonifractor;s__Flavonifractor_plautii	k__Bacteria;p__Firmicutes;c__Clostridia;o__Clostridiales;f__Clostridiaceae;g__Clostridium;s__Clostridium_phoceensis	k__Bacteria;p__Verrucomicrobia;c__Verrucomicrobiae;o__Verrucomicrobiales;f__Akkermansiaceae;g__Akkermansia;s__Akkermansia_muciniphila	k__Bacteria;p__Bacteroidetes;c__Bacteroidia;o__Bacteroidales;f__Prevotellaceae;g__Paraprevotella;s__Paraprevotella_xylaniphila	k__Bacteria;p__Firmicutes;c__Clostridia;o__Clostridiales;f__Ruminococcaceae;g__Ruminococcus;s__Ruminococcus_callidus	k__Bacteria;p__Bacteroidetes;c__Bacteroidia;o__Bacteroidales;f__Rikenellaceae;g__Alistipes;s__Alistipes_senegalensis	k__Bacteria;p__Firmicutes;c__Clostridia;o__Clostridiales;f__Lachnospiraceae;g__Blautia;s__Blautia_sp._KLE_1732	k__Bacteria;p__Bacteroidetes;c__Bacteroidia;o__Bacteroidales;f__Bacteroidaceae;g__Bacteroides;s__Bacteroides_oleiciplenus	k__Bacteria;p__Firmicutes;c__Clostridia;o__Clostridiales;f__Ruminococcaceae;g__Ruminococcus;s__Ruminococcus_bicirculans	k__Bacteria;p__Bacteroidetes;c__Bacteroidia;o__Bacteroidales;f__Bacteroidaceae;g__Bacteroides;s__Bacteroides_fluxus	k__Bacteria;p__Bacteroidetes;c__Bacteroidia;o__Bacteroidales;f__Prevotellaceae;g__Prevotella;s__Prevotella_stercorea	k__Bacteria;p__Firmicutes;c__Clostridia;o__Clostridiales;f__Lachnospiraceae;g__Dorea;s__Dorea_longicatena	k__Bacteria;p__Firmicutes;c__Clostridia;o__Clostridiales;f__Eubacteriaceae;g__Eubacterium;s__[Eubacterium]_eligens	k__Bacteria;p__Firmicutes;c__Clostridia;o__Clostridiales;f__Ruminococcaceae;g__;s__Ruminococcaceae_bacterium_D16	k__Bacteria;p__Firmicutes;c__Clostridia;o__Clostridiales;f__Lachnospiraceae;g__Coprococcus;s__Coprococcus_comes	k__Bacteria;p__Proteobacteria;c__Gammaproteobacteria;o__Enterobacterales;f__Enterobacteriaceae;g__Escherichia;s__Escherichia_coli	k__Bacteria;p__Firmicutes;c__Clostridia;o__Clostridiales;f__Ruminococcaceae;g__Anaerotruncus;s__Anaerotruncus_colihominis	k__Bacteria;p__Firmicutes;c__Clostridia;o__Clostridiales;f__Lachnospiraceae;g__Blautia;s__Blautia_obeum	k__Bacteria;p__Bacteroidetes;c__Bacteroidia;o__Bacteroidales;f__Odoribacteraceae;g__Odoribacter;s__Odoribacter_laneus	k__Bacteria;p__Firmicutes;c__Clostridia;o__Clostridiales;f__Ruminococcaceae;g__Ruminiclostridium;s__[Clostridium]_leptum	k__Bacteria;p__Bacteroidetes;c__Bacteroidia;o__Bacteroidales;f__Porphyromonadaceae;g__Parabacteroides;s__Parabacteroides_goldsteinii	k__Bacteria;p__Firmicutes;c__Clostridia;o__Clostridiales;f__Lachnospiraceae;g__Anaerostipes;s__Anaerostipes_hadrus	k__Bacteria;p__Firmicutes;c__Clostridia;o__Clostridiales;f__Ruminococcaceae;g__Ruminococcus;s__Ruminococcus_lactaris	k__Bacteria;p__Firmicutes;c__Clostridia;o__Clostridiales;f__Clostridiaceae;g__Clostridium;s__Clostridium_sp._L2-50	k__Bacteria;p__Firmicutes;c__Clostridia;o__Clostridiales;f__Clostridiaceae;g__Clostridium;s__Clostridium_sp._M62/1	k__Bacteria;p__Firmicutes;c__Clostridia;o__Clostridiales;f__;g__Intestinimonas;s__Intestinimonas_butyriciproducens	k__Bacteria;p__Actinobacteria;c__Actinobacteria;o__Bifidobacteriales;f__Bifidobacteriaceae;g__Bifidobacterium;s__Bifidobacterium_bifidum	k__Bacteria;p__Firmicutes;c__Negativicutes;o__Veillonellales;f__Veillonellaceae;g__Dialister;s__Dialister_invisus	k__Bacteria;p__Bacteroidetes;c__Bacteroidia;o__Bacteroidales;f__Bacteroidaceae;g__Bacteroides;s__Bacteroides_salanitronis
k__Bacteria;p__Bacteroidetes;c__Bacteroidia;o__Bacteroidales;f__Bacteroidaceae;g__Bacteroides;s__Bacteroides_vulgatus	1.0	-0.0531610746965	0.0216117873889	-0.0276059678527	0.0480981754734	0.00301365522699	-0.0890293031161	-0.0346170080234	-0.0681243960003	-0.0169094058405	0.0161047884707	0.0519597848718	-0.0472177525144	0.0745025698206	0.00160330426349	0.0857217815836	0.00517113821874	-0.0321205700761	-0.025624771982	-0.0241299105635	-0.00394469706555	-0.0430882705619	-0.032787933825	-0.0151921931248	-0.00596254629824	-0.00652362896422	0.000564659376689	0.027375151315	0.0480647599834	-0.0168910070366	0.0393823454639	0.0143669416925	-0.0136131339216	-0.0383753789967	-0.0139607978599	-0.0274292282001	-0.00091680176229	-0.0271433631236	0.00478346849217	-0.0453403803617	0.0326491810802	-0.0416110310647	-0.00685251517445	-0.0540389283617	-0.00786835167397	0.0337759636695	0.07467270247	-0.0594165013717	0.00929995197456	-0.0193717390359	0.0351500453132	0.0325093033461	0.0333625699894	0.00583975738752	-0.01365415118	-0.0322822913293	0.00715305756681	0.0630002090932	0.0647139030855
k__Bacteria;p__Bacteroidetes;c__Bacteroidia;o__Bacteroidales;f__Bacteroidaceae;g__Bacteroides;s__Bacteroides_uniformis	-0.0531610746965	1.0	-0.0456479846054	-0.0736234940645	0.0307082771681	0.0508380225571	0.0180536112288	0.00922172550841	-0.0359418658083	-0.0371963548639	0.0158317124433	0.0220447314863	0.00487498592584	0.0320828267036	-0.0280258973206	0.0632167595115	0.0201659070089	-0.0634486694195	-0.0141206349132	0.0194334237212	-0.0439067319933	0.0483986725172	-0.035247433043	-0.0020555297877	-0.0514732564105	-0.00842468467007	-0.019337653522	-0.0447310923525	-0.0159483659703	0.0260937159358	-0.00755187581633	0.0353782230168	-0.0632916985366	0.0537097879871	0.0455669929036	0.0083823263249	0.0346434745606	-0.0370164626131	-0.0336856076721	-0.0369499275909	-0.0204850727427	-0.0295744199987	-0.00786046588329	0.00973072554928	-0.0245958179387	-0.0381193655995	0.0399841960686	-0.062812600616	-0.00474370395691	-0.0086923356636	-0.0028695213646	-0.0585159882068	0.0242394809093	-0.0384634517987	0.0365701363739	0.00470918561652	0.0251949320893	-0.00749367998491	0.0196144243184
k__Bacteria;p__Bacteroidetes;c__Bacteroidia;o__Bacteroidales;f__Rikenellaceae;g__Alistipes;s__Alistipes_putredinis	0.0216117873889	-0.0456479846054	1.0	0.00130171279223	-0.035486303199	0.00402501368246	0.048844415439	0.0284045946747	-0.0479679568045	0.0216454715549	-0.0283203062675	-0.0626859629568	0.0124808115372	0.0276549927212	-0.0138806689396	-0.0429952747781	-0.0390115538324	0.00460778315253	-0.018916825275	-0.047745109822	-0.0505802541903	0.0157690578703	-0.0021545057922	-0.0143400188317	0.000107341620985	0.0061546585238	-0.00437933963139	-0.0261003954608	-0.0231264013604	-0.0213742057029	0.00182342646194	0.0267035944799	-0.0623676213304	0.0058401137735	-0.074845479092	-0.0161117480729	0.00553152083727	0.0595759929891	0.041722582007	-0.0121699148598	-0.0156611482861	-0.00176777853714	-0.0190282832939	-0.00105313554077	0.00899083684511	-0.0438183914161	-0.00243612797692	-0.00758818020945	0.0171375309868	-0.00871208574944	-0.0394115481328	-0.0484147711041	-0.0102392718588	-0.0292870846114	0.0288762553311	0.00928585071512	0.00191961295272	-0.00371399725471	-0.0383000404818
k__Bacteria;p__Bacteroidetes;c__Bacteroidia;o__Bacteroidales;f__Prevotellaceae;g__Prevotella;s__Prevotella_copri	-0.0276059678527	-0.0736234940645	0.00130171279223	1.0	0.0259973860322	0.00835006052734	-0.00916955272565	0.00941045254917	-0.0649255545357	-0.0164862826705	0.0114068011435	-0.00602609860548	-0.011461387592	-0.0377829880906	0.0317477404539	-0.0292170747948	-0.0450339108868	0.043687473342	0.00830280740855	-0.00256845311238	-0.0492490227439	-0.0135345759724	0.00315224755891	-0.031995336459	-0.0116732205226	0.0205250407557	-0.0519233579912	0.0541136092039	-0.065797150966	-0.0251315750053	0.0225171147743	-0.0149259802609	-0.0129376770452	0.00242059946621	0.00517495879278	0.00142656306485	-0.0136502814255	-0.0394348383094	-0.00253306378366	-0.0047062243857	-0.0742160157055	0.00513037675969	0.0474349676454	0.0636498620696	0.0245062420867	-0.0139493489215	-0.00598509157354	0.0526639028992	-0.0104605075036	-0.037739286837	-0.030634784071	0.0360290628513	0.0544112285598	0.0105682284659	-0.00958132817809	-0.01934684099	-0.0198492418699	-0.000883032625788	-0.0328684171477
k__Bacteria;p__Bacteroidetes;c__Bacteroidia;o__Bacteroidales;f__Bacteroidaceae;g__Bacteroides;s__Bacteroides_stercoris	0.0480981754734	0.0307082771681	-0.035486303199	0.0259973860322	1.0	-0.0264513828495	0.052995777377	0.0467249281714	-0.0357057126438	0.0584829741915	-0.0336928494057	0.00851666311637	-0.00269000130098	-0.0464614420919	0.0316311203265	-0.0938316690684	-0.0813422189045	0.0472548834757	0.084958808576	0.0840650761167	-0.0214074821345	0.0303297105477	-0.00992667094211	-0.0397452589109	-0.000173466026237	0.00755997358535	0.036909728025	-0.0230923390024	-0.0444318379304	-0.0352448595409	-0.0321309946556	-0.0391432034166	-0.0431763458196	-0.00188303853826	-0.0798691174018	-0.0236474702423	-0.00441795947842	-0.0263976638635	0.00889136928739	0.0632636496064	-0.0359097492226	0.0296270119969	0.00881867410035	0.0107462649839	-0.0306690316126	0.0397891639765	0.0133410876205	-0.00839881638032	-0.00521841879824	-0.0194193729548	0.00097376107658	0.00705971230897	0.0394049462675	0.0117277818923	-0.0122715624871	-0.0049471793503	-0.0391666687926	-0.0561300108714	0.0149505502252
k__Bacteria;p__Bacteroidetes;c__Bacteroidia;o__Bacteroidales;f__Bacteroidaceae;g__Bacteroides;s__Bacteroides_ovatus	0.00301365522699	0.0508380225571	0.00402501368246	0.00835006052734	-0.0264513828495	1.0	-0.0260919069913	0.000554555909641	0.029632337722	-0.0560902336008	-0.0848230423828	-0.018638481083	0.0196343475096	-0.0180552922704	-0.0530634592272	0.00110836000998	0.00960518389168	0.036268051972	-0.0418642150113	-0.0355705642017	-0.00566573048525	-0.0348000233819	-0.00904783987684	-0.0293524821131	0.0102498362191	-0.0167241932719	-0.051500598768	0.0319808215782	-0.016613276406	-0.0207894147254	0.0224044582401	-0.00245601497419	0.0248159899474	-0.014738990871	0.096561913621	0.0385129135465	-0.00603561616208	-0.0772108929128	0.0102969312557	-0.0497129633716	-0.020826613063	-0.027870273275	-0.0465519223886	-0.0673902824246	-0.0374587967531	-0.00697533797613	-0.0102792179475	-0.0275391544685	0.0448827736726	-0.0297286075306	0.0167284608428	0.0409634408237	0.0199108304402	0.0489675421419	-0.00267809401713	0.00133226869263	-0.00107147682859	0.00833633535005	0.00481117602729
k__Bacteria;p__Bacteroidetes;c__Bacteroidia;o__Bacteroidales;f__Rikenellaceae;g__Alistipes;s__Alistipes_shahii	-0.0890293031161	0.0180536112288	0.048844415439	-0.00916955272565	0.052995777377	-0.0260919069913	1.0	-0.0434799275712	-0.0273230286166	0.0342707674098	-0.0729384764739	-0.0435152068504	-0.033837859669	-0.0376899598781	-0.0208172198217	-0.0532684662951	0.0338272877808	-0.00908061631088	0.0388345405857	-0.0372842260796	-0.0622989527178	-0.00108676947746	0.0312810377333	0.0151830523948	-0.0564279710869	0.00937774333896	-0.0819207649958	0.00025071403867	-0.00878438848954	0.0475452618212	0.00786148209907	0.00736677021332	0.0157669697972	-0.0377737005867	0.067379213876	0.0235586810911	-0.0252783895743	-0.00647450255466	0.0434707353275	-0.0398642802484	-0.0731758071547	-0.0407169110279	0.0400392122572	-0.027961177837	-0.0420602771642	-0.0169170828544	0.0949754491447	-0.0468640965303	0.068827790009	0.0119817734153	-0.0240424709343	-0.00547177149294	-0.103238251117	0.00838885162428	0.0851702714955	0.0378172670847	-0.010350096146	-0.0909539931223	0.0303652415325
k__Bacteria;p__Firmicutes;c__Clostridia;o__Clostridiales;f__Ruminococcaceae;g__Faecalibacterium;s__Faecalibacterium_prausnitzii	-0.0346170080234	0.00922172550841	0.0284045946747	0.00941045254917	0.0467249281714	0.000554555909641	-0.0434799275712	1.0	-0.00879051357675	-0.0187089425623	-0.0179760814464	-0.0279340526647	0.0599896045595	-0.0265137079166	0.00706711166467	0.0376704669825	-0.00358828717943	-0.0214000198017	0.00694868755677	-0.0127986567831	0.0310230658046	-0.00637569488908	-0.0177546325027	0.0112202122017	-0.00765319737008	-0.085540034466	0.0727497576129	0.0310983019128	-0.061531207039	0.0105987273263	-0.0800353467134	-0.0200968447552	-0.0668703272152	0.00715591376779	0.0536917699132	0.0469281672825	0.011125513867	-0.00302270989094	0.0343766998165	-0.0129023095262	-0.0490374076844	0.0188051264349	-0.0150005523847	0.0458488646986	0.00392169639699	0.0168226532084	0.0308090672792	0.036944474156	-0.0480030067493	-0.0533334002192	0.0355527690303	-0.0922003149968	0.0108888824395	0.0732864296322	0.0255738739667	0.0775181598623	-0.0189939203246	0.0116032663865	-0.0482429602691
k__Bacteria;p__Bacteroidetes;c__Bacteroidia;o__Bacteroidales;f__Rikenellaceae;g__Alistipes;s__Alistipes_finegoldii	-0.0681243960003	-0.0359418658083	-0.0479679568045	-0.0649255545357	-0.0357057126438	0.029632337722	-0.0273230286166	-0.00879051357675	1.0	0.00535980235038	-0.0667474883254	-0.039256855628	0.0221137537504	-0.0239733699081	0.0644124978865	0.014607454361	-0.0329727322451	-0.0187020523736	-0.0932306687372	0.0488810816064	-0.0139629050249	0.00563807464902	-0.0336647082615	0.0029666109949	-0.0064685756068	-0.0361215144367	0.0180561610834	-0.0832616256852	0.0106173356485	-0.000985297030299	-0.00784711389155	0.0443922477736	0.0471020841228	0.0463327927946	-0.0586277286758	0.046708763948	0.00820744289109	0.0414588038422	0.049232060927	-0.0400598447121	-0.0171459811721	-0.0438676553933	-0.00877047775665	0.00395639472287	0.00315664105873	-0.0386856218743	0.00213609372606	-0.0319812000795	0.00305999766346	0.0508573743904	-0.043349993681	-0.0535311058832	0.00498893296649	-0.0674820998605	-0.0438665457056	0.00366940002425	0.0591608122241	0.00896162714627	-0.0224792134625
k__Bacteria;p__Bacteroidetes;c__Bacteroidia;o__Bacteroidales;f__Porphyromonadaceae;g__Parabacteroides;s__Parabacteroides_distasonis	-0.0169094058405	-0.0371963548639	0.0216454715549	-0.0164862826705	0.0584829741915	-0.0560902336008	0.0342707674098	-0.0187089425623	0.00535980235038	1.0	-0.0899182268443	-0.0359697602217	-0.0291305077478	0.00810211639293	0.0196824074119	-0.0379168154183	0.0351387205179	-0.0409456370928	0.0516605540862	-0.0330132579487	0.0142807929781	-0.0282505100636	-0.0190032711001	0.0185144733259	-0.0508970759445	-0.0506164901884	0.0629707163876	0.0129358789525	-0.0638133326565	-0.0117387590312	-0.0452511341453	0.00951884724351	-0.0408010339372	-0.0121121074668	-0.00450453913979	0.0251654939927	0.0264682417513	3.94638874578e-05	-0.0589228578657	0.0472485787386	-0.0391474626769	0.0214190905326	-0.0311054021801	-0.0456682325124	-0.0229936328786	-0.028004941294	0.0307986608182	-0.0420152821926	-0.0246405524375	-0.00481015452824	-0.0391051245687	0.0158136642309	-0.0158922976607	0.0216146149438	0.0396757803693	0.00881370088376	0.0245003736445	-0.012734003909	0.0197893279977
k__Bacteria;p__Bacteroidetes;c__Bacteroidia;o__Bacteroidales;f__Bacteroidaceae;g__Bacteroides;s__Bacteroides_thetaiotaomicron	0.0161047884707	0.0158317124433	-0.0283203062675	0.0114068011435	-0.0336928494057	-0.0848230423828	-0.0729384764739	-0.0179760814464	-0.0667474883254	-0.0899182268443	1.0	-0.00477558462724	-0.00978118604923	0.0376248777699	0.00865250287486	0.0230048571466	0.0217667506278	-0.028754871885	-0.02152842768	-0.124196071326	-0.047214524427	-0.059802947497	-0.0168763010902	-0.0345868914437	6.0669715562e-05	-0.0150161766508	0.00896039027335	0.0117619981568	0.0242353019178	-0.00580198066952	0.0444420596873	-0.0847479364447	0.0105686163294	0.029439653966	-0.00315637620115	0.0269878143918	-0.0404367066731	0.00751496380294	0.0022970116553	0.012999704983	0.0248231616563	0.041260850434	0.0110461407666	0.0192696620438	0.0247639695992	-0.0527816600999	-0.0415067521797	-0.0372342775224	-0.0174457850287	-0.00842520749325	0.00107779225219	0.00943297493895	0.00114563639061	-0.0190588081836	0.0489889833826	-0.0302434461428	0.0356238312303	0.0232368423743	-0.0500033701719
k__Bacteria;p__Bacteroidetes;c__Bacteroidia;o__Bacteroidales;f__Bacteroidaceae;g__Bacteroides;s__Bacteroides_coprocola	0.0519597848718	0.0220447314863	-0.0626859629568	-0.00602609860548	0.00851666311637	-0.018638481083	-0.0435152068504	-0.0279340526647	-0.039256855628	-0.0359697602217	-0.00477558462724	1.0	-0.0270077867734	0.0186763008058	0.0710633842534	-0.0429292288907	0.0119159769348	-0.0153088792593	-0.0399250025646	-0.0169291590846	-7.13425560353e-05	-0.0462794616888	0.0188814543155	-0.018086874873	0.0210695328761	-0.00481418598149	0.0358100798766	0.0386589736653	-0.0192916352698	-0.0898689069597	0.0323108353403	-0.0636075734895	-0.020596944293	0.0723863208615	-0.00881615241965	-0.0582992703035	0.00198020586135	0.054217164443	-0.0332637981168	-0.0607882415567	0.0320720204182	-0.04171841954	-0.0098965406704	-0.0707656586861	0.0881540161051	0.0202957008508	0.0358335896704	-0.00616144482485	-0.0641839065552	-0.0714247431399	-0.0536459324637	0.00977121165016	0.0168789439699	-0.0372516330096	0.00682241091035	-0.0536774913386	0.0282596801028	-0.0233190475751	-0.0278886344565
k__Bacteria;p__Bacteroidetes;c__Bacteroidia;o__Bacteroidales;f__Bacteroidaceae;g__Bacteroides;s__Bacteroides_cellulosilyticus	-0.0472177525144	0.00487498592584	0.0124808115372	-0.011461387592	-0.00269000130098	0.0196343475096	-0.033837859669	0.0599896045595	0.0221137537504	-0.0291305077478	-0.00978118604923	-0.0270077867734	1.0	0.0408249191087	0.0290059331908	-0.00447180872446	-0.0141717839997	-0.0105179138571	-0.0220087903566	0.0176231846384	-0.0485961923736	0.0187323101201	-0.00324784838037	-0.0502094776068	0.0186519929052	-0.0187531856815	-0.109303341201	-0.0274903038584	-0.00543785573486	0.00847970316443	-0.0481088876031	-0.00187985897252	-0.0511290796435	0.0400635234804	0.00142979196967	-0.0244214760923	-0.0381593600205	-0.0652972550664	-0.0208857037395	-0.0184636784754	0.0638062663763	-0.0323309001909	0.0183334870994	-0.00139561929245	-0.0489946290589	0.00884200266091	0.0446466311377	0.000902383274269	-0.0324679831098	-0.000462821031257	-0.0398575583522	0.0571276735088	0.000376725018896	-0.0013057691838	0.058943580785	0.0151665978396	0.0129502795659	-0.00222785126337	-0.00766767103454
k__Bacteria;p__Bacteroidetes;c__Bacteroidia;o__Bacteroidales;f__Rikenellaceae;g__Alistipes;s__Alistipes_obesi	0.0745025698206	0.0320828267036	0.0276549927212	-0.0377829880906	-0.0464614420919	-0.0180552922704	-0.0376899598781	-0.0265137079166	-0.0239733699081	0.00810211639293	0.0376248777699	0.0186763008058	0.0408249191087	1.0	0.0282463591708	-0.0313831069334	-0.0104884780995	0.0360657092801	-0.000765831933838	0.00933404793219	0.0160901264	-0.0178345866368	0.0269050345007	-0.00692619469157	-0.081301860268	-0.00201514551328	-0.00439601352912	-0.0403844688556	-0.00911317830392	0.000529143997346	-0.0202760325784	-0.0475770773959	0.0314942547914	-0.0583493745554	-0.00154549927443	0.0633914275796	-0.0298239804315	0.0914534711582	0.0152399008188	-0.0378526838363	0.0259543019512	0.00567216880868	0.0615872354449	-0.0077977257399	-0.00525382177336	-0.00242812281679	-0.0976570380824	-0.0230334658552	-0.0572283299981	0.0136566312755	0.00484517911785	0.0233050775185	-0.0256806868521	-0.0246316685352	-0.0216779865563	-0.0497473383309	-0.0151997239199	-0.0156313414052	-0.092185642933
k__Bacteria;p__Firmicutes;c__Clostridia;o__Clostridiales;f__Lachnospiraceae;g__;s__[Eubacterium]_rectale	0.00160330426349	-0.0280258973206	-0.0138806689396	0.0317477404539	0.0316311203265	-0.0530634592272	-0.0208172198217	0.00706711166467	0.0644124978865	0.0196824074119	0.00865250287486	0.0710633842534	0.0290059331908	0.0282463591708	1.0	0.0200094507469	0.0346637767421	-0.0186763240376	-0.0130906104814	0.010885626614	0.0237099239807	-0.0345305834991	-0.0121448386863	-0.01248639152	-0.0345989590458	0.0291427004593	-0.0437506433366	-0.0248117381	0.0197280457507	-0.0419066665213	-0.0245327485141	-0.0352062096512	0.0282171623419	-0.0499380184704	0.0058759894808	-0.0499020202931	-0.0765990971044	-0.00690786073258	-0.0262923736339	-0.0191284006991	-0.0262633221374	-0.0496562158127	-0.0325234245227	-0.00667024530688	0.0397542256789	-0.0904946596925	-0.0715658149175	-0.00497238877174	0.025956204786	0.0290446262939	-0.00475973552728	-0.0105716159252	0.0339771947493	0.00805327645842	-0.0154037807986	-0.0041223395128	-0.0705148084533	0.0208847984986	-0.00853626567679
k__Bacteria;p__Bacteroidetes;c__Bacteroidia;o__Bacteroidales;f__Bacteroidaceae;g__Bacteroides;s__Bacteroides_plebeius	0.0857217815836	0.0632167595115	-0.0429952747781	-0.0292170747948	-0.0938316690684	0.00110836000998	-0.0532684662951	0.0376704669825	0.014607454361	-0.0379168154183	0.0230048571466	-0.0429292288907	-0.00447180872446	-0.0313831069334	0.0200094507469	1.0	-0.0433931060963	-0.0857443535922	-0.0189651587741	0.0331312141761	0.0468613536762	0.00770516033195	-0.0498040853525	0.0151438993881	-0.0495017686893	0.0235730238388	-0.0169729069262	0.0151085877658	0.0238166271741	0.015206500376	-0.0254382075315	0.0155675025808	0.0201423945146	-0.0139298372907	-0.0378468645544	0.0283407606063	0.0189987718148	0.0226350768244	0.0421995438826	-0.0181467325886	-0.00336265320374	-0.0325294136042	0.0167978524528	0.0272401504717	-0.0320112190531	-0.0141322536165	-0.00737108007947	0.00703757803016	0.0323427805942	0.0116765778996	-0.0305672075337	0.000757530497439	0.000397308408851	-0.0375374414145	-0.0499687347252	-0.0441031557786	0.0471100098903	-0.00549084305569	-0.0584743034873
k__Bacteria;p__Bacteroidetes;c__Bacteroidia;o__Bacteroidales;f__Bacteroidaceae;g__Bacteroides;s__Bacteroides_fragilis	0.00517113821874	0.0201659070089	-0.0390115538324	-0.0450339108868	-0.0813422189045	0.00960518389168	0.0338272877808	-0.00358828717943	-0.0329727322451	0.0351387205179	0.0217667506278	0.0119159769348	-0.0141717839997	-0.0104884780995	0.0346637767421	-0.0433931060963	1.0	0.0921136508287	-0.0240956426302	-0.00167805939295	-0.040225736203	-0.0146300416023	-0.0444672604784	-0.0195359077963	-0.077170920172	-0.00241587385946	-0.00479809073157	-0.0630985936312	0.0370180336281	-0.0327460466488	-0.0390331171459	0.00703713849021	0.032609875323	0.042165207852	0.0369461771188	-0.00636874674277	-0.00638263776232	-0.0203084106921	-0.0442480007563	-0.00421444713318	0.0392575241609	0.0217207652804	-0.0531273942947	0.0190133804437	-0.00103253560337	-0.000907589725926	-0.0735209870901	-0.0037400306061	0.0212070872348	-0.0880366367562	-0.0304611583359	-0.0246044064561	0.0155473369594	0.0100092838081	0.0171072784439	-0.0225062104481	0.00910304165858	0.0515174979617	-0.00791913220074
k__Bacteria;p__Proteobacteria;c__Betaproteobacteria;o__Burkholderiales;f__Sutterellaceae;g__Sutterella;s__Sutterella_wadsworthensis	-0.0321205700761	-0.0634486694195	0.00460778315253	0.043687473342	0.0472548834757	0.036268051972	-0.00908061631088	-0.0214000198017	-0.0187020523736	-0.0409456370928	-0.028754871885	-0.0153088792593	-0.0105179138571	0.0360657092801	-0.0186763240376	-0.0857443535922	0.0921136508287	1.0	-0.043288032323	-0.0150042418034	0.0143486680439	-0.00811061868372	0.0302392698192	0.00290869938288	-0.0260133120186	-0.0228270441268	0.0176924615072	-0.00166912503444	-0.0282530008524	0.0170607524545	0.0141761329863	0.0299240694548	-0.00632625182255	0.0198292782104	0.0184033708885	-0.0437287088948	-0.0535051687298	-0.0275948058781	-0.0338214466765	0.0160839099796	-0.0252682317328	-0.0227815293408	0.00830039247164	0.0249092844934	0.0276793571658	0.0156360642237	-0.0866214398336	0.0209768558531	-0.0165913312303	0.0275647836819	-0.0161138936519	-0.0960716932374	-0.0112686797724	-0.0172793972125	0.0130565300375	0.0274555499611	0.0143202950776	0.00220381093526	-0.0681355176266
k__Bacteria;p__Bacteroidetes;c__Bacteroidia;o__Bacteroidales;f__Porphyromonadaceae;g__Barnesiella;s__Barnesiella_intestinihominis	-0.025624771982	-0.0141206349132	-0.018916825275	0.00830280740855	0.084958808576	-0.0418642150113	0.0388345405857	0.00694868755677	-0.0932306687372	0.0516605540862	-0.02152842768	-0.0399250025646	-0.0220087903566	-0.000765831933838	-0.0130906104814	-0.0189651587741	-0.0240956426302	-0.043288032323	1.0	0.0190434438598	-0.0718286904185	0.0293186471708	-0.0713792831087	-0.0186370102093	0.0353176663644	0.0637565930027	-0.0810796376934	0.00519031142977	0.0226395992143	0.000672877090598	-0.00187470502011	-0.00470613045239	-0.0615397531223	0.0283367211479	0.0391375456913	-0.0825120663372	0.0129760658052	-0.0872497500211	0.0358203059304	0.0290935760686	-0.0211861180999	-0.0283186555123	0.00435055986286	-0.053770984112	0.0146711423009	-0.0531492684858	-0.0342279473043	0.00963569671084	-0.0514614180954	-0.0106593479997	0.0234582925052	0.0010941738875	0.00758278714286	-0.00672417408535	0.00167017521842	-0.0618508236271	0.0176355994627	-0.00253239040921	-0.0154936783557
k__Bacteria;p__Bacteroidetes;c__Bacteroidia;o__Bacteroidales;f__Odoribacteraceae;g__Odoribacter;s__Odoribacter_splanchnicus	-0.0241299105635	0.0194334237212	-0.047745109822	-0.00256845311238	0.0840650761167	-0.0355705642017	-0.0372842260796	-0.0127986567831	0.0488810816064	-0.0330132579487	-0.124196071326	-0.0169291590846	0.0176231846384	0.00933404793219	0.010885626614	0.0331312141761	-0.00167805939295	-0.0150042418034	0.0190434438598	1.0	-0.0534483081806	-0.0532352185334	-0.044755527091	-0.081278347641	0.00942191512954	0.0343753374327	-0.00713263558292	0.0104935269156	0.0349936652964	-0.0245377081217	-0.0310485714481	0.0420249070579	-0.0355399752875	-0.0662076093729	-0.0167707868902	-0.0258451543239	0.0285641345869	0.00169023576354	-0.0444351465945	-0.0255541982895	-0.0529309860496	-0.0600791330363	-0.0231492350996	0.0199389584607	-0.0649129219512	0.0206603517705	-0.0320911810646	0.0317048011077	-0.0187969200825	-0.039624081935	0.0167460160818	0.00863992572444	-0.0137645276766	0.0380401401689	0.0685166264461	-0.0412333102608	-0.00521837568444	0.0115663417867	0.0190651765088
k__Bacteria;p__Bacteroidetes;c__Bacteroidia;o__Bacteroidales;f__Bacteroidaceae;g__Bacteroides;s__Bacteroides_salyersiae	-0.00394469706555	-0.0439067319933	-0.0505802541903	-0.0492490227439	-0.0214074821345	-0.00566573048525	-0.0622989527178	0.0310230658046	-0.0139629050249	0.0142807929781	-0.047214524427	-7.13425560354e-05	-0.0485961923736	0.0160901264	0.0237099239807	0.0468613536762	-0.040225736203	0.0143486680439	-0.0718286904185	-0.0534483081806	1.0	0.0388627633117	0.0398037500836	-0.0483240001109	0.017687714634	-0.0564707986119	-0.0201591937068	-0.043448685508	0.00742807589435	-0.0915055864985	0.00689054819727	-0.0122016730282	0.0102479832125	-0.00756252008958	-0.0488519409891	0.0171546160774	-0.0296384193917	-0.0266581212672	0.00317816899346	0.0186504912263	-0.00473941454491	0.0313762068051	-0.043783006788	0.0264338715254	0.0235691271393	0.0334565203602	-0.0336028270525	0.0175916749593	0.017653921191	0.0616520767686	-0.0180231544541	-0.0674120857229	0.0138945112644	0.0166431919978	-0.0682947168114	0.0283721488595	0.00438716556993	-0.014590101246	-0.0210585076351
k__Bacteria;p__Firmicutes;c__Clostridia;o__Clostridiales;f__Ruminococcaceae;g__Ruminiclostridium;s__[Eubacterium]_siraeum	-0.0430882705619	0.0483986725172	0.0157690578703	-0.0135345759724	0.0303297105477	-0.0348000233819	-0.00108676947746	-0.00637569488908	0.00563807464902	-0.0282505100636	-0.059802947497	-0.0462794616888	0.0187323101201	-0.0178345866368	-0.0345305834991	0.00770516033195	-0.0146300416023	-0.00811061868372	0.0293186471708	-0.0532352185334	0.0388627633117	1.0	0.0180944030184	-0.0494221815403	-0.0069454270835	-0.0559680709774	0.0338790595825	-0.0204864178101	0.0146991028698	-0.00131301511369	-0.0376764531443	0.0383513465563	-0.064936213733	-0.00413712360049	-0.0455180565586	0.0172729519818	-0.00642571820418	0.0392039502426	0.02393227448	0.00657935160427	-0.0296428791257	0.00489006254634	0.0546887246536	-0.0137239174455	0.0446378778429	-0.0338889181975	-0.0192411194291	-0.00676229277537	0.0335912049339	0.0439679953462	0.00695234478958	-0.0165998235903	0.00678896003004	0.0444169322563	0.0159105404302	-0.0635782040949	-0.00845152734874	-0.0160294884588	0.0410913278731
k__Bacteria;p__Proteobacteria;c__Betaproteobacteria;o__Burkholderiales;f__Sutterellaceae;g__Parasutterella;s__Parasutterella_excrementihominis	-0.032787933825	-0.035247433043	-0.0021545057922	0.00315224755891	-0.00992667094211	-0.00904783987684	0.0312810377333	-0.0177546325027	-0.0336647082615	-0.0190032711001	-0.0168763010902	0.0188814543155	-0.00324784838037	0.0269050345007	-0.0121448386863	-0.0498040853525	-0.0444672604784	0.0302392698192	-0.0713792831087	-0.044755527091	0.0398037500836	0.0180944030184	1.0	0.00102235634906	0.00460953981807	-0.00232853670344	-0.0198649972793	0.0171562975012	0.0170447708907	0.00277594669357	0.00462334588858	-0.0241870996791	-0.0236560286781	-0.0498346235294	0.00899555114891	-0.018579662546	0.0154304030092	-0.0185267646964	-0.0395920327117	-0.0251249202573	0.0939245103036	-0.0444107798654	0.00139751065092	0.00116961369378	-0.0199807719348	-0.0359211518333	-0.0336393789965	-0.0345033480835	0.0190417970543	0.0841007115333	0.0358504719659	-0.0526251319316	-0.0587122511526	-0.0205178497118	0.0118518129833	-0.0331386453128	0.000976354892319	0.0246786614478	-0.0119058185348
k__Bacteria;p__Actinobacteria;c__Actinobacteria;o__Bifidobacteriales;f__Bifidobacteriaceae;g__Bifidobacterium;s__Bifidobacterium_adolescentis	-0.0151921931248	-0.0020555297877	-0.0143400188317	-0.031995336459	-0.0397452589109	-0.0293524821131	0.0151830523948	0.0112202122017	0.0029666109949	0.0185144733259	-0.0345868914437	-0.018086874873	-0.0502094776068	-0.00692619469157	-0.01248639152	0.0151438993881	-0.0195359077963	0.00290869938288	-0.0186370102093	-0.081278347641	-0.0483240001109	-0.0494221815403	0.00102235634906	1.0	-0.0337782577507	-0.0236904555523	0.0176242140502	-0.0494527590293	-0.0342254129964	0.0292865406372	-0.0340685007753	-0.00170954598704	-0.0269009584741	0.0336158525011	-0.0109767216187	0.000318466482345	-0.0120814757417	-0.0149615206135	0.0238004707343	-0.019260733017	0.0487577438272	-0.00850599455395	-0.0272569222158	-0.0417388985811	-0.0317980746919	0.0201528289667	0.0843299763445	-0.00895525254618	0.0565402243348	-0.0845503859909	0.0271070431643	-0.0233383622019	0.0402216128204	-0.011967590317	-0.0113843364826	-0.0447080788169	0.0155761426553	-0.0819702470312	0.0144406101921
k__Bacteria;p__Firmicutes;c__Clostridia;o__Clostridiales;f__Oscillospiraceae;g__Oscillibacter;s__Oscillibacter_sp._KLE_1745	-0.00596254629824	-0.0514732564105	0.000107341620985	-0.0116732205226	-0.000173466026237	0.0102498362191	-0.0564279710869	-0.00765319737008	-0.0064685756068	-0.0508970759445	6.06697155621e-05	0.0210695328761	0.0186519929052	-0.081301860268	-0.0345989590458	-0.0495017686893	-0.077170920172	-0.0260133120186	0.0353176663644	0.00942191512954	0.017687714634	-0.0069454270835	0.00460953981807	-0.0337782577507	1.0	0.0122857935211	0.0731190137426	-0.0288623877684	0.0184798502151	-0.00319459164522	0.0456676536214	-0.0183702741974	-0.0479807330659	0.00590971001554	-0.0171528601306	0.0197199278227	0.00538027931836	-0.0274213520908	0.0245797947938	-0.0377736862392	-0.0440487451928	-0.0298566157559	-0.00829238773302	-0.00809549368575	-0.0172524433723	0.020908900554	-0.0240581825255	0.04268008317	-0.00349829857704	0.0150052464814	0.0417497762693	0.0540402308254	-0.00665312686584	0.0010321660129	-0.0289048154112	-0.0045088147679	-0.0235040152163	0.0274506109788	-0.00304724952538
k__Bacteria;p__Bacteroidetes;c__Bacteroidia;o__Bacteroidales;f__Bacteroidaceae;g__Bacteroides;s__Bacteroides_coprophilus	-0.00652362896422	-0.00842468467007	0.0061546585238	0.0205250407557	0.00755997358535	-0.0167241932719	0.00937774333896	-0.085540034466	-0.0361215144367	-0.0506164901884	-0.0150161766508	-0.00481418598149	-0.0187531856815	-0.00201514551328	0.0291427004593	0.0235730238388	-0.00241587385946	-0.0228270441268	0.0637565930027	0.0343753374327	-0.0564707986119	-0.0559680709774	-0.00232853670344	-0.0236904555523	0.0122857935211	1.0	0.0110979017444	-0.070672363337	-0.0493030532161	-0.0633740666119	0.048684310826	0.0933689470524	-0.0267145163661	-0.0450609967762	-0.0152184482292	-0.00963056221369	0.0308617947212	-0.0609405327438	-0.0594702755622	-0.0608722726266	-0.00106325697589	0.00555787596843	0.0283012993283	-0.0690989366518	-0.0355424215299	-0.00813189856625	-0.0257574079209	0.0491934987055	-0.00787663085068	0.0673923618089	0.000883931264751	0.0622861157885	-0.0255225953931	-0.00254064320448	-0.0279286891146	-0.0686678469294	0.0221485045908	-0.0236577002215	-0.0188483860932
k__Bacteria;p__Firmicutes;c__Clostridia;o__Clostridiales;f__Lachnospiraceae;g__Roseburia;s__Roseburia_intestinalis	0.000564659376689	-0.019337653522	-0.00437933963139	-0.0519233579912	0.036909728025	-0.051500598768	-0.0819207649958	0.0727497576129	0.0180561610834	0.0629707163876	0.00896039027335	0.0358100798766	-0.109303341201	-0.00439601352912	-0.0437506433366	-0.0169729069262	-0.00479809073157	0.0176924615072	-0.0810796376934	-0.00713263558292	-0.0201591937068	0.0338790595825	-0.0198649972793	0.0176242140502	0.0731190137426	0.0110979017444	1.0	-0.0668270045344	-0.0142416532492	-0.0394032041546	-0.0110358787919	-0.00123495203679	-0.0288450573263	-0.0420580509797	-0.024405523039	0.0164099125254	0.0221305082889	0.0492343963382	-0.0296074047623	-0.0182381744354	-0.0231710748804	0.0428274396091	-0.0203936555987	0.0127347023741	0.0221867729821	-0.00194835060885	-0.0299391404432	0.024432432208	0.0232027645521	-0.000969558979868	-0.048699206757	-0.0405135677348	-0.0765766483582	-0.00877736079762	-0.0245643808597	-0.0112678096776	0.0529267348034	-0.0486921052725	0.0719252572636
k__Bacteria;p__Firmicutes;c__Clostridia;o__Clostridiales;f__Lachnospiraceae;g__Roseburia;s__Roseburia_hominis	0.027375151315	-0.0447310923525	-0.0261003954608	0.0541136092039	-0.0230923390024	0.0319808215782	0.00025071403867	0.0310983019128	-0.0832616256852	0.0129358789525	0.0117619981568	0.0386589736653	-0.0274903038584	-0.0403844688556	-0.0248117381	0.0151085877658	-0.0630985936312	-0.00166912503444	0.00519031142977	0.0104935269156	-0.043448685508	-0.0204864178101	0.0171562975012	-0.0494527590293	-0.0288623877684	-0.070672363337	-0.0668270045344	1.0	-0.0116102410437	0.0508049518803	0.00152937349811	-0.105240779193	-0.00655166552933	-0.0206197728004	-0.00358672277385	-0.00400932107167	-0.0182632694982	-0.00208296618114	0.0518668397361	-0.0560505477365	-0.0273467137567	-0.0714778645223	-0.018356953439	0.0516875092695	0.0201855268346	-0.0451961722787	0.0140882193331	0.031397518061	-0.0179636443624	0.0258698423484	0.0152471347847	0.0200181443035	-0.0281807164749	-0.0066855704118	-0.0259786043319	0.0488601604536	0.026602935466	-0.0147039150698	-0.0545964432862
k__Bacteria;p__Bacteroidetes;c__Bacteroidia;o__Bacteroidales;f__Porphyromonadaceae;g__Parabacteroides;s__Parabacteroides_johnsonii	0.0480647599834	-0.0159483659703	-0.0231264013604	-0.065797150966	-0.0444318379304	-0.016613276406	-0.00878438848954	-0.061531207039	0.0106173356485	-0.0638133326565	0.0242353019178	-0.0192916352698	-0.00543785573486	-0.00911317830392	0.0197280457507	0.0238166271741	0.0370180336281	-0.0282530008524	0.0226395992143	0.0349936652964	0.00742807589435	0.0146991028698	0.0170447708907	-0.0342254129964	0.0184798502151	-0.0493030532161	-0.0142416532492	-0.0116102410437	1.0	0.00543045078834	-0.0186014535025	0.0468505282215	0.00216232183108	-0.00196428506109	-0.0181400894413	-0.0700304393115	0.00617741807498	-0.0219213085983	-0.0185541932264	-0.00600946515071	0.0641290877753	-0.043803673609	-0.0580388511968	-0.0272884065298	0.0252581016198	0.0334911662381	-0.0787462170248	-0.0697903343595	-0.0291110683265	-0.0275232638087	0.0675139664706	-0.0337217258588	0.0185832703128	-0.00181193729196	-0.0226008877264	-0.0497510949822	-0.0311213902905	0.0282084675708	0.0381003104906
k__Bacteria;p__Actinobacteria;c__Actinobacteria;o__Bifidobacteriales;f__Bifidobacteriaceae;g__Bifidobacterium;s__Bifidobacterium_longum	-0.0168910070366	0.0260937159358	-0.0213742057029	-0.0251315750053	-0.0352448595409	-0.0207894147254	0.0475452618212	0.0105987273263	-0.000985297030299	-0.0117387590312	-0.00580198066952	-0.0898689069597	0.00847970316443	0.000529143997346	-0.0419066665213	0.015206500376	-0.0327460466488	0.0170607524545	0.000672877090598	-0.0245377081217	-0.0915055864985	-0.00131301511369	0.00277594669357	0.0292865406372	-0.00319459164522	-0.0633740666119	-0.0394032041546	0.0508049518803	0.00543045078834	1.0	-0.0112985630245	-0.0219243643972	-0.0179770580016	-0.0142681132487	-0.0379462463541	0.0264160381972	-0.0168576357714	-0.00888845970316	-0.0161810388247	0.0390041578415	-0.000836918280144	-0.0189239957542	-0.0319994363961	0.00379544628498	-0.0497585073906	0.0913062675728	0.000981199391516	0.00561789521496	0.0133124872043	-0.0312071798867	0.069901144841	-0.0840661057397	-0.0174136153228	0.0272333643446	-0.00273567554614	-0.0286652907613	-0.0478995174579	-0.0308098897116	-0.00298306677455
