#taxonomy	k__Bacteria;p__Bacteroidetes;c__Bacteroidia;o__Bacteroidales;f__Bacteroidaceae;g__Bacteroides;s__Bacteroides_vulgatus	k__Bacteria;p__Bacteroidetes;c__Bacteroidia;o__Bacteroidales;f__Bacteroidaceae;g__Bacteroides;s__Bacteroides_uniformis	k__Bacteria;p__Bacteroidetes;c__Bacteroidia;o__Bacteroidales;f__Rikenellaceae;g__Alistipes;s__Alistipes_putredinis	k__Bacteria;p__Bacteroidetes;c__Bacteroidia;o__Bacteroidales;f__Prevotellaceae;g__Prevotella;s__Prevotella_copri	k__Bacteria;p__Bacteroidetes;c__Bacteroidia;o__Bacteroidales;f__Bacteroidaceae;g__Bacteroides;s__Bacteroides_stercoris	k__Bacteria;p__Bacteroidetes;c__Bacteroidia;o__Bacteroidales;f__Bacteroidaceae;g__Bacteroides;s__Bacteroides_ovatus	k__Bacteria;p__Bacteroidetes;c__Bacteroidia;o__Bacteroidales;f__Rikenellaceae;g__Alistipes;s__Alistipes_shahii	k__Bacteria;p__Firmicutes;c__Clostridia;o__Clostridiales;f__Ruminococcaceae;g__Faecalibacterium;s__Faecalibacterium_prausnitzii	k__Bacteria;p__Bacteroidetes;c__Bacteroidia;o__Bacteroidales;f__Rikenellaceae;g__Alistipes;s__Alistipes_finegoldii	k__Bacteria;p__Bacteroidetes;c__Bacteroidia;o__Bacteroidales;f__Porphyromonadaceae;g__Parabacteroides;s__Parabacteroides_distasonis	k__Bacteria;p__Bacteroidetes;c__Bacteroidia;o__Bacteroidales;f__Bacteroidaceae;g__Bacteroides;s__Bacteroides_thetaiotaomicron	k__Bacteria;p__Bacteroidetes;c__Bacteroidia;o__Bacteroidales;f__Bacteroidaceae;g__Bacteroides;s__Bacteroides_coprocola	k__Bacteria;p__Bacteroidetes;c__Bacteroidia;o__Bacteroidales;f__Bacteroidaceae;g__Bacteroides;s__Bacteroides_cellulosilyticus	k__Bacteria;p__Bacteroidetes;c__Bacteroidia;o__Bacteroidales;f__Rikenellaceae;g__Alistipes;s__Alistipes_obesi	k__Bacteria;p__Firmicutes;c__Clostridia;o__Clostridiales;f__Lachnospiraceae;g__;s__[Eubacterium]_rectale	k__Bacteria;p__Bacteroidetes;c__Bacteroidia;o__Bacteroidales;f__Bacteroidaceae;g__Bacteroides;s__Bacteroides_plebeius	k__Bacteria;p__Bacteroidetes;c__Bacteroidia;o__Bacteroidales;f__Bacteroidaceae;g__Bacteroides;s__Bacteroides_fragilis	k__Bacteria;p__Proteobacteria;c__Betaproteobacteria;o__Burkholderiales;f__Sutterellaceae;g__Sutterella;s__Sutterella_wadsworthensis	k__Bacteria;p__Bacteroidetes;c__Bacteroidia;o__Bacteroidales;f__Porphyromonadaceae;g__Barnesiella;s__Barnesiella_intestinihominis	k__Bacteria;p__Bacteroidetes;c__Bacteroidia;o__Bacteroidales;f__Odoribacteraceae;g__Odoribacter;s__Odoribacter_splanchnicus	k__Bacteria;p__Bacteroidetes;c__Bacteroidia;o__Bacteroidales;f__Bacteroidaceae;g__Bacteroides;s__Bacteroides_salyersiae	k__Bacteria;p__Firmicutes;c__Clostridia;o__Clostridiales;f__Ruminococcaceae;g__Ruminiclostridium;s__[Eubacterium]_siraeum	k__Bacteria;p__Proteobacteria;c__Betaproteobacteria;o__Burkholderiales;f__Sutterellaceae;g__Parasutterella;s__Parasutterella_excrementihominis	k__Bacteria;p__Actinobacteria;c__Actinobacteria;o__Bifidobacteriales;f__Bifidobacteriaceae;g__Bifidobacterium;s__Bifidobacterium_adolescentis	k__Bacteria;p__Firmicutes;c__Clostridia;o__Clostridiales;f__Oscillospiraceae;g__Oscillibacter;s__Oscillibacter_sp._KLE_1745	k__Bacteria;p__Bacteroidetes;c__Bacteroidia;o__Bacteroidales;f__Bacteroidaceae;g__Bacteroides;s__Bacteroides_coprophilus	k__Bacteria;p__Firmicutes;c__Clostridia;o__Clostridiales;f__Lachnospiraceae;g__Roseburia;s__Roseburia_intestinalis	k__Bacteria;p__Firmicutes;c__Clostridia;o__Clostridiales;f__Lachnospiraceae;g__Roseburia;s__Roseburia_hominis	k__Bacteria;p__Bacteroidetes;c__Bacteroidia;o__Bacteroidales;f__Porphyromonadaceae;g__Parabacteroides;s__Parabacteroides_johnsonii	k__Bacteria;p__Actinobacteria;c__Actinobacteria;o__Bifidobacteriales;f__Bifidobacteriaceae;g__Bifidobacterium;s__Bifidobacterium_longum	k__Bacteria;p__Firmicutes;c__Clostridia;o__Clostridiales;f__;g__Flavonifractor;s__Flavonifractor_plautii	k__Bacteria;p__Firmicutes;c__Clostridia;o__Clostridiales;f__Clostridiaceae;g__Clostridium;s__Clostridium_phoceensis	k__Bacteria;p__Verrucomicrobia;c__Verrucomicrobiae;o__Verrucomicrobiales;f__Akkermansiaceae;g__Akkermansia;s__Akkermansia_muciniphila	k__Bacteria;p__Bacteroidetes;c__Bacteroidia;o__Bacteroidales;f__Prevotellaceae;g__Paraprevotella;s__Paraprevotella_xylaniphila	k__Bacteria;p__Firmicutes;c__Clostridia;o__Clostridiales;f__Ruminococcaceae;g__Ruminococcus;s__Ruminococcus_callidus	k__Bacteria;p__Bacteroidetes;c__Bacteroidia;o__Bacteroidales;f__Rikenellaceae;g__Alistipes;s__Alistipes_senegalensis	k__Bacteria;p__Firmicutes;c__Clostridia;o__Clostridiales;f__Lachnospiraceae;g__Blautia;s__Blautia_sp._KLE_1732	k__Bacteria;p__Bacteroidetes;c__Bacteroidia;o__Bacteroidales;f__Bacteroidaceae;g__Bacteroides;s__Bacteroides_oleiciplenus	k__Bacteria;p__Firmicutes;c__Clostridia;o__Clostridiales;f__Ruminococcaceae;g__Ruminococcus;s__Ruminococcus_bicirculans	k__Bacteria;p__Bacteroidetes;c__Bacteroidia;o__Bacteroidales;f__Bacteroidaceae;g__Bacteroides;s__Bacteroides_fluxus	k__Bacteria;p__Bacteroidetes;c__Bacteroidia;o__Bacteroidales;f__Prevotellaceae;g__Prevotella;s__Prevotella_stercorea	k__Bacteria;p__Firmicutes;c__Clostridia;o__Clostridiales;f__Lachnospiraceae;g__Dorea;s__Dorea_longicatena	k__Bacteria;p__Firmicutes;c__Clostridia;o__Clostridiales;f__Eubacteriaceae;g__Eubacterium;s__[Eubacterium]_eligens	k__Bacteria;p__Firmicutes;c__Clostridia;o__Clostridiales;f__Ruminococcaceae;g__;s__Ruminococcaceae_bacterium_D16	k__Bacteria;p__Firmicutes;c__Clostridia;o__Clostridiales;f__Lachnospiraceae;g__Coprococcus;s__Coprococcus_comes	k__Bacteria;p__Proteobacteria;c__Gammaproteobacteria;o__Enterobacterales;f__Enterobacteriaceae;g__Escherichia;s__Escherichia_coli	k__Bacteria;p__Firmicutes;c__Clostridia;o__Clostridiales;f__Ruminococcaceae;g__Anaerotruncus;s__Anaerotruncus_colihominis	k__Bacteria;p__Firmicutes;c__Clostridia;o__Clostridiales;f__Lachnospiraceae;g__Blautia;s__Blautia_obeum	k__Bacteria;p__Bacteroidetes;c__Bacteroidia;o__Bacteroidales;f__Odoribacteraceae;g__Odoribacter;s__Odoribacter_laneus	k__Bacteria;p__Firmicutes;c__Clostridia;o__Clostridiales;f__Ruminococcaceae;g__Ruminiclostridium;s__[Clostridium]_leptum	k__Bacteria;p__Bacteroidetes;c__Bacteroidia;o__Bacteroidales;f__Porphyromonadaceae;g__Parabacteroides;s__Parabacteroides_goldsteinii	k__Bacteria;p__Firmicutes;c__Clostridia;o__Clostridiales;f__Lachnospiraceae;g__Anaerostipes;s__Anaerostipes_hadrus	k__Bacteria;p__Firmicutes;c__Clostridia;o__Clostridiales;f__Ruminococcaceae;g__Ruminococcus;s__Ruminococcus_lactaris	k__Bacteria;p__Firmicutes;c__Clostridia;o__Clostridiales;f__Clostridiaceae;g__Clostridium;s__Clostridium_sp._L2-50	k__Bacteria;p__Firmicutes;c__Clostridia;o__Clostridiales;f__Clostridiaceae;g__Clostridium;s__Clostridium_sp._M62/1	k__Bacteria;p__Firmicutes;c__Clostridia;o__Clostridiales;f__;g__Intestinimonas;s__Intestinimonas_butyriciproducens	k__Bacteria;p__Actinobacteria;c__Actinobacteria;o__Bifidobacteriales;f__Bifidobacteriaceae;g__Bifidobacterium;s__Bifidobacterium_bifidum	k__Bacteria;p__Firmicutes;c__Negativicutes;o__Veillonellales;f__Veillonellaceae;g__Dialister;s__Dialister_invisus	k__Bacteria;p__Bacteroidetes;c__Bacteroidia;o__Bacteroidales;f__Bacteroidaceae;g__Bacteroides;s__Bacteroides_salanitronis
k__Bacteria;p__Bacteroidetes;c__Bacteroidia;o__Bacteroidales;f__Bacteroidaceae;g__Bacteroides;s__Bacteroides_vulgatus	1.0	-0.0523869849368	0.00409357388701	-0.0367398110306	0.0273261328796	0.0273883787686	-0.0287674008697	0.011362641638	0.0697978481044	-0.00648635604791	-0.0105236170465	-0.00313664831484	0.000200285653665	0.00861283314709	-0.0323239592339	-0.0167323359073	0.0217428478728	0.00526176752919	0.0197963876573	0.0177205061544	0.0660328245617	-0.016052753568	-0.0121225360052	0.00478767873855	0.00889411524653	-0.0272680856076	-0.00205556136074	-0.011549234274	-0.00279776517785	0.00131507527448	0.0319276135538	-0.0106135111447	-0.0139141254581	-0.00240624720692	-0.000702465182973	-0.0344332181967	-0.0270621296544	-0.029287342698	-0.0210599708028	-0.0145097686336	0.0178089474357	0.00344079310917	0.00594448466027	0.0122987171456	-0.0118981327584	-0.0501265613207	-0.0571497100775	0.0202930233758	-0.0279763409206	-0.0572297699929	0.0326451238726	0.0553512056985	-0.0175124786886	0.00285142481367	-0.0465357091249	0.0281075070743	0.0117834582722	-0.0295412007052	0.0438245178498
k__Bacteria;p__Bacteroidetes;c__Bacteroidia;o__Bacteroidales;f__Bacteroidaceae;g__Bacteroides;s__Bacteroides_uniformis	-0.0523869849368	1.0	-0.00231736961713	-0.0353984474312	-0.0661247788811	-0.036823545964	-0.0284404739252	-0.0395596979551	-0.000424580027011	0.0402075423372	-0.00986799041887	0.0416155028938	-0.014615266939	0.00766404652328	-0.030630549992	0.0494502499606	-0.0386524307149	-0.0435741226805	-0.000329515207318	-0.0430988552777	0.0254147001988	0.0556056926081	0.0698062030579	-0.0127644634255	0.0266262175783	0.0192457340598	-0.0411826526289	-0.016229895078	-0.0175909755928	-0.0783055459835	-0.0530007068951	-0.0306956840308	-0.016083021859	-0.0395972415603	0.0205877334026	0.0264580044808	0.0285726230483	-0.0607258535721	-0.0108110775518	-0.0515077391779	0.00147128600843	-0.0122860019783	-0.0403127587517	0.0449094078406	-0.0289469673547	-0.0250175337759	-0.0574564422669	0.00240331772712	-0.018475731707	0.042978252657	-0.0410485256795	0.0140322304632	-0.0342058335232	0.00358473240624	-0.00520680212648	0.0653277160803	0.0187950314086	-0.0320747669412	0.0100481404462
k__Bacteria;p__Bacteroidetes;c__Bacteroidia;o__Bacteroidales;f__Rikenellaceae;g__Alistipes;s__Alistipes_putredinis	0.00409357388701	-0.00231736961713	1.0	0.0048231318861	-0.000805015433582	-0.00452857342146	-0.0522169649158	0.0214217735444	-0.0395816454113	-0.034270949317	-0.0054444199548	-0.0113734940177	0.0161087026283	-0.00562334529464	0.0737216614504	0.0252064300993	-0.0726575201754	-0.0331878602365	0.0435708580132	-0.0295806343526	-0.002773129998	0.0449954690997	-0.0455112147816	-0.0152549870096	-0.0393227266521	0.0218986578495	-0.013617456864	-0.0455154407005	0.018856890118	-0.0191491462909	-0.00597192009673	0.0245376982576	-0.0123969249275	-0.002096534234	0.00647305770747	0.00106845718894	-0.0678410478824	-0.0203296775125	0.00667012266459	-0.0402417234855	-0.0416837206361	0.02352396343	-0.0558678419616	0.0141539069637	-0.0388039648508	-0.00591840063352	-0.0174365218754	-0.0206901545895	0.00871722742786	-0.0435011336779	-0.0478339501823	-0.0156757527895	-0.0346377872445	0.0148608309531	-0.026058821623	0.0473049811519	0.0414000464271	-0.0115729827414	-0.0366796281967
k__Bacteria;p__Bacteroidetes;c__Bacteroidia;o__Bacteroidales;f__Prevotellaceae;g__Prevotella;s__Prevotella_copri	-0.0367398110306	-0.0353984474312	0.0048231318861	1.0	-0.0815112519089	-0.0169232014144	0.0175749970952	-0.103973306345	-0.0220498984562	0.0176547213438	-0.0545683998208	-0.0593747507028	0.00290703060523	0.0355835391144	-0.0213066846951	-0.00155078208339	-0.0103656184358	-0.0261072188769	-0.0381167887058	-0.0274981445638	-0.0118092546219	-0.0015585011058	0.0349032954839	-0.0204265208618	-0.0348162938599	0.010523996588	0.0924622031586	0.0163384957387	-0.0234134230132	0.0305862753625	0.0153916194413	-0.0378664004947	-0.00775934947262	-0.0315551181545	0.0724362660883	-0.0213352119582	-0.0124608658526	0.0279634474241	-0.0273644560958	-0.016168929434	-0.0415744893168	0.0318792192268	0.0116696451758	-0.029133761428	0.00873153250569	0.0533561287799	-0.0252967759609	-0.0401197624233	0.0373030200906	-0.00846614280776	-0.0209873340228	-0.0395985631111	-0.0377783130709	-0.0162411816102	0.0201016653452	-0.0582004776844	0.0116643560177	0.0699895276656	-0.053850366391
k__Bacteria;p__Bacteroidetes;c__Bacteroidia;o__Bacteroidales;f__Bacteroidaceae;g__Bacteroides;s__Bacteroides_stercoris	0.0273261328796	-0.0661247788811	-0.000805015433582	-0.0815112519089	1.0	0.0387266029414	-0.00312553335767	-0.0289332170308	0.0535251504967	-0.037077506844	-0.0132905754634	-0.0113979619903	-0.00394149296397	0.00764568210065	-0.0380079670023	-0.00192670680734	-0.00814518282505	-0.0220558067197	0.0100349250322	-0.0577678462927	0.0557612411563	0.0271185281189	-0.0259312405821	0.0365235643142	0.0268506957884	-0.01559509494	0.0519444531165	0.0335287717009	0.0286309489461	0.0270958577204	-0.0229416876877	-0.0434441492111	-0.0409683625869	-0.0653966220264	0.0228314552321	-0.0233858162306	0.0321827522255	-0.0385771806751	-0.0308921353623	-0.0424014898949	-0.0766309294801	0.0130043355502	0.00356503096804	-0.0649273168917	-0.0555516081058	-0.0111394906606	-0.0153159250812	-0.0433085036682	0.0434622150932	-0.00151082783475	-0.0520066261119	0.0441353989755	-0.0416776652825	0.00386011472395	-0.0297848079511	0.0576702517624	-0.0167618034908	0.0474108516802	0.00655388702252
k__Bacteria;p__Bacteroidetes;c__Bacteroidia;o__Bacteroidales;f__Bacteroidaceae;g__Bacteroides;s__Bacteroides_ovatus	0.0273883787686	-0.036823545964	-0.00452857342146	-0.0169232014144	0.0387266029414	1.0	0.00333349448159	0.00556270305238	0.0205656226609	-0.0324364768972	-0.00348778749236	-0.0366891167822	-0.00653130475419	0.0112924197568	-0.00528459103683	-0.0418712575569	-0.010095194883	-0.0382157639667	-0.0456262981428	-0.0111644523616	-0.0435721130202	0.00940430938013	0.044311014882	0.0614456570093	-0.0526154882904	-0.0138101490114	-0.0317021156171	0.0327572387039	-0.0832635635899	-0.032171041877	0.0317629555789	-0.0543536542767	0.0176081284888	0.0253327193909	0.0234478366822	-0.029359927609	-0.0293846147857	-0.0297287377862	-0.00281947477302	-0.0222538100385	0.00963304242515	0.00948149384512	0.0475406357493	0.0264175490965	-0.0848334193142	0.0441895078686	0.0286562809252	-0.013640764795	0.0592942850498	-0.0256675112005	-0.00985918221668	-0.0098242837023	-0.0397646648824	0.0310241725473	-0.0339636281793	-0.00672737942682	-0.0464194371337	-0.0581223953916	-0.0155115189847
k__Bacteria;p__Bacteroidetes;c__Bacteroidia;o__Bacteroidales;f__Rikenellaceae;g__Alistipes;s__Alistipes_shahii	-0.0287674008697	-0.0284404739252	-0.0522169649158	0.0175749970952	-0.00312553335767	0.00333349448159	1.0	0.0270082917617	-0.0420140841092	-0.0356916678314	-0.0135617969043	0.0183531002103	-0.035117261312	-0.0380995556414	-0.0161866780337	0.0427698709324	0.00341385008002	0.0506265623541	-0.0106598857655	0.00249893001294	-0.0081301188526	0.00676458987033	-0.0188192483167	0.0201030739392	-0.0128923641165	-0.00683763023403	0.0169373489444	0.0470225502489	-0.0231719336666	0.0186415180859	-0.0503143052994	0.0166522976508	0.012650202094	-0.076143847816	-0.0554180158106	0.00946817896275	-0.020449131898	-0.00803197935275	0.0411867692769	0.0100344043292	-0.0305423654788	0.0497835682058	0.0170727904585	-0.00221023700981	-0.0531391555189	0.0211592845376	-0.0071337443949	-0.0591747121138	0.0298867045635	0.0225808888803	-0.0215755304419	0.0568135668119	-0.0441597836346	0.0506885678581	-0.025724040289	0.00487737070893	0.00174279584126	0.0214795469047	0.0397095781083
k__Bacteria;p__Firmicutes;c__Clostridia;o__Clostridiales;f__Ruminococcaceae;g__Faecalibacterium;s__Faecalibacterium_prausnitzii	0.011362641638	-0.0395596979551	0.0214217735444	-0.103973306345	-0.0289332170308	0.00556270305238	0.0270082917617	1.0	-0.0195346669287	-0.0304274659497	-0.00449056649382	0.0159406713723	-0.0196344749031	-0.0469297705112	-0.0248905272128	0.026881567638	-0.0267549957508	-9.68463079062e-05	-0.0293825542955	-0.0338170971337	-0.0492234802912	-0.0560170288649	-0.0492128164517	0.0164050634787	0.0215680212151	-0.0286061104826	0.076207480355	0.0108535488633	-0.0156321529781	-0.0234817745869	-0.0516261987953	0.0271812605886	-0.022123131483	0.00372291580372	-0.0489720384781	0.0103191615106	-0.0210240685808	0.0443699589126	-0.047937164484	-0.0127873052098	-0.00395351260438	0.0752694336409	0.0380276525853	0.0122208983264	0.0232374370733	-0.0299620815297	0.00849952662627	0.0276205518423	-0.00851905430264	0.00325650073667	-0.0263902768074	0.0367400453303	-0.0600048030662	-0.000737267167569	-0.00872829302407	-0.0253091045999	-0.0263194094086	-0.0516081662759	-0.0128931368227
k__Bacteria;p__Bacteroidetes;c__Bacteroidia;o__Bacteroidales;f__Rikenellaceae;g__Alistipes;s__Alistipes_finegoldii	0.0697978481044	-0.000424580027011	-0.0395816454113	-0.0220498984562	0.0535251504967	0.0205656226609	-0.0420140841092	-0.0195346669287	1.0	0.0254248207591	-0.0225140094964	-0.00235378416536	0.0657875486912	-0.0627370664997	-0.00593431287515	-0.0806387350971	-0.0589011669203	0.0130339111312	-0.0148815293604	0.00606742855358	0.00454318198175	-0.0381584495418	-0.0573753595451	0.000947954495896	0.0538039917093	0.00160775483981	-0.00555031940176	-0.0341412635857	-0.036249253393	-0.0146750223337	0.0178033366369	0.0067963976394	-0.0143064325224	-0.0541362432826	0.00371752764404	-0.029646874114	0.0398224770267	-0.103702676665	0.012210887162	-0.0539417352139	0.0424474642985	0.0282877180563	-0.0304439075146	-0.0379337743681	-0.0330175922744	-0.0531253088328	-0.0216843669495	0.00540397470691	0.0437388633154	-0.0171348778848	-0.0224070316833	-0.0177768403324	-0.0557899426217	-0.0643361748876	-0.0127487765536	0.00449143435752	-0.0184613634122	-0.00384461384362	0.0156894250825
k__Bacteria;p__Bacteroidetes;c__Bacteroidia;o__Bacteroidales;f__Porphyromonadaceae;g__Parabacteroides;s__Parabacteroides_distasonis	-0.00648635604791	0.0402075423372	-0.034270949317	0.0176547213438	-0.037077506844	-0.0324364768972	-0.0356916678314	-0.0304274659497	0.0254248207591	1.0	0.0383020125393	-0.00105824695402	0.0403797394138	0.0141022354735	-0.0316380235683	-0.0258720256011	-0.0918041042982	-0.0505939699545	-0.0198664323809	0.0307772529055	-0.011878094999	-0.012958606139	0.00242611466183	0.0223055336421	-0.0165173441069	0.0322301864635	-0.0884240953513	-0.0520507053589	-0.00844710570353	-0.0376195295151	-0.0309589133177	0.0320691370293	0.0214441212043	0.00415095551724	-0.0251028122335	-0.00508593145605	-0.012038993205	0.0431066102058	0.0648776391232	-0.00149821077885	0.0303569623681	-0.0474605539281	-0.0504757857399	0.0496864181441	-0.0235088212774	-0.0674132202254	0.0506216835171	0.0242993623255	-0.0533854459561	-0.00552948913802	-0.0132888149462	-0.00727994430289	0.0414278643212	0.0114690301121	-0.0195048998692	-0.0202742389933	0.060270443892	0.0126039833419	-0.0192132092619
k__Bacteria;p__Bacteroidetes;c__Bacteroidia;o__Bacteroidales;f__Bacteroidaceae;g__Bacteroides;s__Bacteroides_thetaiotaomicron	-0.0105236170465	-0.00986799041887	-0.0054444199548	-0.0545683998208	-0.0132905754634	-0.00348778749236	-0.0135617969043	-0.00449056649382	-0.0225140094964	0.0383020125393	1.0	0.0022518228963	-0.0260540203764	-0.0163428455728	0.0142369586757	-0.0114361637488	0.057484258015	0.0198701339404	0.0244073796143	-0.000543401897352	-0.0174050496084	-0.00985094481724	-0.00636988090796	-0.0341929483232	-0.0112173865065	-0.03827834747	-0.0471534620586	-0.0160031056887	-0.0233218164743	0.0285777183273	-0.0123755413691	0.0400218001063	0.0557723348293	0.0308829526295	-0.0192012910444	-0.00849178968906	-0.0289315893641	0.0462532959167	-0.0279365338107	0.0336521024034	0.0164638212904	-0.00735979307892	-0.000938406110979	-0.0386348575869	-0.011141376814	-0.034036950957	0.00871944629895	0.0185982910427	-0.0126373178728	-0.0182856687647	-0.00781411705553	-0.0301973759712	-0.0788361414791	-0.0281338851974	-0.0191731630039	-0.0248055298669	-0.085360911032	-0.00965643442923	0.0116387204527
k__Bacteria;p__Bacteroidetes;c__Bacteroidia;o__Bacteroidales;f__Bacteroidaceae;g__Bacteroides;s__Bacteroides_coprocola	-0.00313664831484	0.0416155028938	-0.0113734940177	-0.0593747507028	-0.0113979619903	-0.0366891167822	0.0183531002103	0.0159406713723	-0.00235378416536	-0.00105824695402	0.0022518228963	1.0	-0.031568149735	0.0655719425256	0.0812546139669	-0.00173869871709	-0.0405432652017	-0.0323498241616	-0.0474116223306	0.0166241990881	0.0345566921562	-0.0220545116874	-0.0596775831416	-0.0209108036583	0.0371325149902	-0.0122229293114	0.0056774010146	-0.0267136890087	-0.0672886783815	-0.0236411868375	0.0456680156825	-0.0151369336942	-0.0871192709669	0.00265700554565	-0.0233507739203	0.0170176221149	0.0157074630337	0.0499858459493	0.0175856941414	0.00406725846065	0.0110179381416	0.062406888544	-0.0275734611585	0.0527091317737	-0.0285096555133	0.0187803576085	-0.0550212351068	-0.0412916962311	-0.0425770271773	0.0329741413427	-0.0408502120812	-0.00768055340079	0.00195038757337	0.00882132072001	-0.00335412879549	0.0405400891641	-0.0349282884168	-0.0175819671406	-0.0142042241403
k__Bacteria;p__Bacteroidetes;c__Bacteroidia;o__Bacteroidales;f__Bacteroidaceae;g__Bacteroides;s__Bacteroides_cellulosilyticus	0.000200285653665	-0.014615266939	0.0161087026283	0.00290703060524	-0.00394149296397	-0.00653130475419	-0.035117261312	-0.0196344749031	0.0657875486912	0.0403797394138	-0.0260540203764	-0.031568149735	1.0	0.00232885499188	0.0112962428075	0.00829710931571	0.0109566122516	-0.0136029693821	0.0472349606129	0.00548997035085	-0.0115143561987	0.0268754458808	0.023579143053	0.0350175969589	-0.0413863431146	-0.0331831191579	-0.0499397301565	-0.0150296737112	-0.0130654158975	0.0172851680245	-0.0147332211081	-0.00941125671933	-0.0334064179784	-0.0561738080929	0.0140838754458	0.00629131145009	-0.085764890231	-0.0242151458487	0.00683515781684	0.00591458635282	-0.0387642674997	0.0178794438332	0.037066566781	0.00579440991944	-0.00434665668492	0.0283097481079	-0.0142743660279	-0.00186393686418	-0.0430735890727	-0.030236170966	0.0109939334972	0.0557066625914	-0.0605030481862	-0.0246262223644	-0.0581109036283	0.0254817868057	-0.0482133528543	-0.0803746205706	-0.0428083097739
k__Bacteria;p__Bacteroidetes;c__Bacteroidia;o__Bacteroidales;f__Rikenellaceae;g__Alistipes;s__Alistipes_obesi	0.00861283314709	0.00766404652328	-0.00562334529464	0.0355835391144	0.00764568210065	0.0112924197568	-0.0380995556414	-0.0469297705112	-0.0627370664997	0.0141022354735	-0.0163428455728	0.0655719425256	0.00232885499188	1.0	-0.0226738600018	0.00916995169557	0.00641523415831	-0.0294671527709	0.081169973551	-0.0570345803528	-0.0212367842516	0.0601838696737	0.0645234591182	-0.0441264560043	-0.0661126314374	-0.0210374645797	-0.0601227602612	-0.0884164649042	0.0676278402729	0.0206486587434	-0.00629466048605	-0.0398482776837	0.0344681274052	0.0186716343225	0.0152506881671	-0.035769948278	-0.0037465330993	-0.0151727818748	-0.0126256338166	-0.0147121749645	-0.0606951868336	-0.0491046287804	-0.0185005305434	-0.0437296101374	-0.01779001243	0.0132637003383	0.0410936934883	-0.0316268848023	0.0259170755777	-0.0141510592413	0.00242158007714	0.0345192518031	-0.013085591442	0.0147842778966	0.00891804947029	-0.00513146874822	0.0765496551149	0.0396940361871	0.00403357333501
k__Bacteria;p__Firmicutes;c__Clostridia;o__Clostridiales;f__Lachnospiraceae;g__;s__[Eubacterium]_rectale	-0.0323239592339	-0.030630549992	0.0737216614504	-0.0213066846951	-0.0380079670023	-0.00528459103683	-0.0161866780337	-0.0248905272128	-0.00593431287515	-0.0316380235683	0.0142369586757	0.0812546139669	0.0112962428075	-0.0226738600018	1.0	0.00139590602261	-0.0766282920321	-0.0421781389211	-0.0368576219027	-0.0177954548551	-0.0592728383446	-0.0298643960961	-0.0449612304514	0.058017286031	0.0119291388339	0.0101152535977	-0.0166208189648	-0.0121126432197	0.0130560054337	0.0262946941425	0.00166086788722	0.0043080252031	-0.0518159932315	0.00543090004793	0.00632077677004	0.0362096918045	0.0315033368975	-0.0356480945889	0.0109585586307	-0.0166880741923	-0.0289487032336	0.00150337778895	0.0264914935781	-0.00864554803651	-0.0366346255073	-0.00340892995156	-0.0290097606051	0.0134648994987	-0.0395159302343	0.00541517769475	-0.0700585567473	-0.000829302331503	-0.00577761583849	-0.00862245796262	0.0305110151592	0.039534626233	-0.0830543016797	0.0148422247064	0.00406132230788
k__Bacteria;p__Bacteroidetes;c__Bacteroidia;o__Bacteroidales;f__Bacteroidaceae;g__Bacteroides;s__Bacteroides_plebeius	-0.0167323359073	0.0494502499606	0.0252064300993	-0.00155078208339	-0.00192670680734	-0.0418712575569	0.0427698709324	0.026881567638	-0.0806387350971	-0.0258720256011	-0.0114361637488	-0.00173869871709	0.00829710931571	0.00916995169557	0.00139590602261	1.0	0.0203977013147	0.000397433191186	-0.042316843598	-0.0393463326614	-0.0327019379633	0.0401642268936	0.00539271608496	-0.00487982307322	-0.0244227359513	0.048077421425	0.022121471367	-0.0117819813067	-0.0420899222319	-0.0281165931448	0.0516774316614	0.0453882368499	-0.0100616881088	-0.0614680220357	-0.0119713548984	-0.0188320429711	-0.0117177528221	0.00265245498347	0.0217545062758	-0.0142707565438	-0.0210836989592	-0.0450455582011	-0.00115438247953	-0.00787188703326	0.0603924013617	-0.0570536964273	-0.0122003575338	-0.0231081284944	0.0244158039725	0.0203213839408	-0.0241141587628	-4.98521783214e-05	-0.0345646845141	-0.0319960625902	-0.014438965813	0.0327589652618	-0.0178136255085	0.00952926126274	-0.0260328896261
k__Bacteria;p__Bacteroidetes;c__Bacteroidia;o__Bacteroidales;f__Bacteroidaceae;g__Bacteroides;s__Bacteroides_fragilis	0.0217428478728	-0.0386524307149	-0.0726575201754	-0.0103656184358	-0.00814518282505	-0.010095194883	0.00341385008002	-0.0267549957508	-0.0589011669203	-0.0918041042982	0.057484258015	-0.0405432652017	0.0109566122516	0.00641523415831	-0.0766282920321	0.0203977013147	1.0	0.023209511022	0.00768488446862	-0.0671893730721	0.0034705779814	0.022687342047	0.0519163178723	0.0208415963568	-0.00967396985419	-0.0226463037776	0.0277764211378	-0.0473717883424	0.0139838393494	-0.00392253787071	-0.0303615477889	-0.0361561361077	0.0202397277576	0.0197253312595	0.0201022145604	0.0525063243027	-0.0175395626297	-0.00525835061837	-0.0472218998731	0.00858134006186	0.055447285686	0.00429340521091	-0.0487017884804	0.0212354258551	-0.0410775639651	-0.0398519093097	-0.0571061796253	-0.0536669271919	-0.0201369878586	-0.0442136023265	-0.0178571810978	0.0304984977371	0.0445028318583	-0.0885045611805	-0.00388617144991	-0.0188483068031	0.0148450435067	-0.0314351187665	0.0030008680509
k__Bacteria;p__Proteobacteria;c__Betaproteobacteria;o__Burkholderiales;f__Sutterellaceae;g__Sutterella;s__Sutterella_wadsworthensis	0.00526176752919	-0.0435741226805	-0.0331878602365	-0.0261072188769	-0.0220558067197	-0.0382157639667	0.0506265623541	-9.68463079062e-05	0.0130339111312	-0.0505939699545	0.0198701339404	-0.0323498241616	-0.0136029693821	-0.0294671527709	-0.0421781389211	0.000397433191186	0.023209511022	1.0	0.00738399328726	-0.0741591876093	0.015301177316	-0.00455637641354	-0.0733942617762	-0.0182698742531	-0.0194082814279	-0.0460922903354	0.0272999321676	-0.0145063636169	-0.0538089628689	0.0190349107086	0.057269766012	-0.0104505920404	-0.0743701885026	0.0228057374619	-0.0240463235937	-0.0335970432265	-0.0136472854525	0.0519117235047	0.0267787632926	0.0137099809695	-0.0239128143178	0.014655081806	0.0495014475181	0.00759028948051	-0.00809541321004	-0.0578997843572	0.040031769901	0.00124963740047	0.00245537541029	0.0145036952018	-0.0593741216678	0.0389160646959	-0.0129450594224	0.0396128016157	-0.0530571624618	-0.00991560146409	-0.00919359527578	0.0200793284838	0.0162934982416
k__Bacteria;p__Bacteroidetes;c__Bacteroidia;o__Bacteroidales;f__Porphyromonadaceae;g__Barnesiella;s__Barnesiella_intestinihominis	0.0197963876573	-0.000329515207318	0.0435708580132	-0.0381167887058	0.0100349250322	-0.0456262981428	-0.0106598857655	-0.0293825542955	-0.0148815293604	-0.0198664323809	0.0244073796143	-0.0474116223306	0.0472349606129	0.081169973551	-0.0368576219027	-0.042316843598	0.00768488446862	0.00738399328726	1.0	0.00852230770044	-0.041680187003	0.0320639716891	0.0110782424193	0.0334862896257	0.00261657476685	-0.0153720992341	0.012971942178	-0.0517762629154	-0.0350127684864	0.0101612651061	-0.0674317670467	0.00259512959824	-0.0129225447685	-0.0150272262515	0.0580750485769	-0.0389209100191	-0.047566419429	-0.0624367611399	0.0234980257344	-0.040996917211	-0.00215513967127	0.00196903874867	-0.00948527536064	-0.100859489398	-0.0181245680167	0.0249114565238	0.00889192684759	-0.0423708909476	0.00652011118832	-0.0347539498534	0.0458412662219	0.0366760698651	-0.0410324531551	0.0211970551245	-4.67294950277e-05	-0.0207834001935	-0.000652597632281	-0.0194621019356	0.0210033970728
k__Bacteria;p__Bacteroidetes;c__Bacteroidia;o__Bacteroidales;f__Odoribacteraceae;g__Odoribacter;s__Odoribacter_splanchnicus	0.0177205061544	-0.0430988552777	-0.0295806343526	-0.0274981445638	-0.0577678462927	-0.0111644523616	0.00249893001294	-0.0338170971337	0.00606742855358	0.0307772529055	-0.000543401897352	0.0166241990881	0.00548997035085	-0.0570345803528	-0.0177954548551	-0.0393463326614	-0.0671893730721	-0.0741591876093	0.00852230770044	1.0	-0.00553703183296	-0.0418888907888	0.0250413217033	0.00536061735027	0.0251675611628	-0.0372682276926	-0.0232577787823	-0.00141644382524	0.0323492741173	-0.0564489872307	-0.0304135393557	0.0264942638795	0.0063365303334	0.0431775446875	-0.0152886321423	-0.0335676217876	0.0194368214293	-0.0497864055076	-0.0350268368574	0.0250507671545	-0.00549582687735	-0.00790107209488	0.0289865598151	-0.00855129176222	0.0314540163174	0.0259325650284	0.0623221056483	-0.0153384569668	-0.0269597010229	0.021450536813	0.0339222227252	0.024238869156	-0.0221370330357	-0.0614614288034	-0.074520897068	-0.0226903891307	-0.0479365282664	-0.0339106681484	-0.096017424988
k__Bacteria;p__Bacteroidetes;c__Bacteroidia;o__Bacteroidales;f__Bacteroidaceae;g__Bacteroides;s__Bacteroides_salyersiae	0.0660328245617	0.0254147001988	-0.002773129998	-0.0118092546219	0.0557612411563	-0.0435721130202	-0.0081301188526	-0.0492234802912	0.00454318198175	-0.011878094999	-0.0174050496084	0.0345566921562	-0.0115143561987	-0.0212367842516	-0.0592728383446	-0.0327019379633	0.0034705779814	0.015301177316	-0.041680187003	-0.00553703183296	1.0	0.0172158647712	-0.00282509692852	-0.025641828049	0.00199440632247	-0.0287427921605	0.0320141459406	0.0252892290847	0.0163432803811	-0.0537691413584	0.00807637741113	-0.0129556423425	0.0158195168852	-0.0368614057867	-0.0185125048659	-0.0652570728867	0.017695351694	0.0104547088354	0.0488225918536	0.0107992044464	0.00105900868369	-0.00749456977576	-0.00200004064264	0.0451557780743	-0.0904968723908	-0.0287699562069	0.0357366386868	-0.069130005594	-0.0126524769529	0.0101322525367	-0.0394473362974	-0.0162346127785	0.0487709799457	-0.0282639627912	-0.0247110000406	-0.00473708531725	0.00507742651248	0.0212226335548	0.0314176198927
k__Bacteria;p__Firmicutes;c__Clostridia;o__Clostridiales;f__Ruminococcaceae;g__Ruminiclostridium;s__[Eubacterium]_siraeum	-0.016052753568	0.0556056926082	0.0449954690997	-0.0015585011058	0.0271185281189	0.00940430938013	0.00676458987033	-0.0560170288649	-0.0381584495418	-0.012958606139	-0.00985094481724	-0.0220545116874	0.0268754458808	0.0601838696737	-0.0298643960961	0.0401642268936	0.022687342047	-0.00455637641354	0.0320639716891	-0.0418888907888	0.0172158647712	1.0	0.0268116625139	0.0609763077653	-0.0180238701189	0.0830821480266	-0.0458279932237	-0.0262065758812	0.00458594347039	-0.0539507416979	-0.0510233793815	-0.0685024069008	-0.0281053226356	-0.00484839115332	0.0637181401825	-0.0163497178738	-0.102268484213	-0.0484762408803	0.0428716433106	-0.056118283198	-0.00775520034821	-0.0224818080715	0.0275594080385	-0.0341871510189	-0.0165205322852	7.02592892929e-05	0.0086142919798	-0.0401265151114	-0.0176023025506	-0.0803944147156	-0.00122891634182	-0.0272224576475	-0.0450126221069	0.0209510419508	-0.00723265057244	-0.0325630902218	0.0307270916284	-0.00720858295966	-0.0134150606615
k__Bacteria;p__Proteobacteria;c__Betaproteobacteria;o__Burkholderiales;f__Sutterellaceae;g__Parasutterella;s__Parasutterella_excrementihominis	-0.0121225360052	0.0698062030579	-0.0455112147816	0.0349032954839	-0.0259312405821	0.044311014882	-0.0188192483167	-0.0492128164517	-0.0573753595451	0.00242611466183	-0.00636988090796	-0.0596775831416	0.023579143053	0.0645234591182	-0.0449612304514	0.00539271608496	0.0519163178723	-0.0733942617762	0.0110782424193	0.0250413217033	-0.00282509692852	0.0268116625139	1.0	-0.0690091265188	-0.00682830187946	-0.00785177393608	-0.0868832878764	-0.0174086622173	-0.0381621651932	-0.0615037898014	-0.0538135027742	-0.0745466949107	-0.00174152103098	-0.0102026752054	-0.00426967764329	-0.0222966581735	0.0423400914424	0.0453968329957	-0.0128452857678	0.00136956092678	-0.036563157156	-0.0527394032394	0.0703944254378	0.00859067506267	-0.0288709026891	-0.00151509804203	-0.0244785797159	-0.0475466968427	-0.0192434038936	0.0127433736215	0.00575838456191	-0.0772335054751	0.0189724725434	0.00525581245653	-0.0035029614896	0.00984485137948	-0.0124152629793	0.0101057519085	-0.00925341184372
k__Bacteria;p__Actinobacteria;c__Actinobacteria;o__Bifidobacteriales;f__Bifidobacteriaceae;g__Bifidobacterium;s__Bifidobacterium_adolescentis	0.00478767873855	-0.0127644634255	-0.0152549870096	-0.0204265208618	0.0365235643142	0.0614456570093	0.0201030739392	0.0164050634787	0.000947954495896	0.0223055336421	-0.0341929483232	-0.0209108036583	0.0350175969589	-0.0441264560043	0.058017286031	-0.00487982307322	0.0208415963568	-0.0182698742531	0.0334862896257	0.00536061735027	-0.025641828049	0.0609763077653	-0.0690091265188	1.0	0.0245082164892	0.0284638218808	-0.00369375172249	-0.0114809142551	0.058514568282	-0.0280995898058	-0.0188298475123	-0.0632116159029	-0.0232423161602	-0.065178793097	-0.00863380687136	0.00355265650416	-0.0559214926498	-0.0439490994711	-0.0178674248146	0.0034490447909	-0.0595791361217	0.0372411971901	-0.010770689687	0.0800894744797	-0.00707701341975	-0.046694207183	-0.0654661757976	0.000265006639733	-0.017613119886	0.0119612352197	-0.0337604273228	-0.0900596157409	-0.0183524415278	0.01024745329	-0.0200992386466	-0.0338252547686	0.0431723359215	0.0218647651511	-0.0503213003673
k__Bacteria;p__Firmicutes;c__Clostridia;o__Clostridiales;f__Oscillospiraceae;g__Oscillibacter;s__Oscillibacter_sp._KLE_1745	0.00889411524653	0.0266262175783	-0.0393227266521	-0.0348162938599	0.0268506957884	-0.0526154882904	-0.0128923641165	0.0215680212151	0.0538039917093	-0.0165173441069	-0.0112173865065	0.0371325149902	-0.0413863431146	-0.0661126314374	0.0119291388339	-0.0244227359513	-0.00967396985419	-0.0194082814279	0.00261657476685	0.0251675611628	0.00199440632247	-0.0180238701189	-0.00682830187946	0.0245082164892	1.0	0.0298696539283	0.0268274392135	-0.0214357804479	-0.0161257208616	-0.0164060024468	-0.0314943936882	0.00630903326496	-0.00786883160981	-0.00565511780623	-0.117538657613	-0.0241594590535	0.0479317183707	0.027851655288	-0.0112818301902	-0.0535666410052	-0.0337233473292	-0.00931154365346	-0.0474416321875	0.0275977976864	-0.0240442724357	0.0222527927124	-0.00589573643623	-0.0161001830344	-0.0331241562481	0.0394422225524	-0.0471508431657	0.00262799196057	-0.00713642104518	-0.00651974500716	-0.00156762190375	0.00867358628641	-0.0386856568985	0.0330211555471	-0.0121352573867
k__Bacteria;p__Bacteroidetes;c__Bacteroidia;o__Bacteroidales;f__Bacteroidaceae;g__Bacteroides;s__Bacteroides_coprophilus	-0.0272680856076	0.0192457340598	0.0218986578495	0.010523996588	-0.01559509494	-0.0138101490114	-0.00683763023403	-0.0286061104826	0.00160775483981	0.0322301864635	-0.03827834747	-0.0122229293114	-0.0331831191579	-0.0210374645797	0.0101152535977	0.048077421425	-0.0226463037776	-0.0460922903354	-0.0153720992341	-0.0372682276926	-0.0287427921605	0.0830821480266	-0.00785177393608	0.0284638218808	0.0298696539283	1.0	-0.00189737536033	0.018184795253	-0.003844648041	-0.0681129549023	0.0137568273707	-0.0174822086529	-0.0254713360098	-0.00559614331093	-0.0391023373151	-0.00159919375213	-0.0409045274441	-0.016925137663	-0.0139610601898	-0.0355362775069	-0.018589058387	0.0149521908691	-0.0152460753458	-0.0844627554294	-0.0327370169835	0.0198615501964	-0.0294931674179	-0.0283032791442	-0.037389806555	0.0676252063549	0.0863426115782	-0.0359046261033	-0.0188623969127	0.0152516307729	0.013212192918	-0.0436053818703	-0.00534827168662	0.0527766365463	-0.0217471122672
k__Bacteria;p__Firmicutes;c__Clostridia;o__Clostridiales;f__Lachnospiraceae;g__Roseburia;s__Roseburia_intestinalis	-0.00205556136074	-0.0411826526289	-0.013617456864	0.0924622031586	0.0519444531165	-0.0317021156171	0.0169373489444	0.076207480355	-0.00555031940176	-0.0884240953513	-0.0471534620586	0.0056774010146	-0.0499397301565	-0.0601227602612	-0.0166208189648	0.022121471367	0.0277764211378	0.0272999321676	0.012971942178	-0.0232577787823	0.0320141459406	-0.0458279932237	-0.0868832878764	-0.00369375172249	0.0268274392135	-0.00189737536033	1.0	-0.0345529291526	0.0388025771771	0.0405669985084	0.00692964503189	0.0157758848123	0.0071748674223	-0.00220501903662	0.0235311284011	0.0117710494133	-0.0333243255548	0.0132880431107	-0.0287823006667	-0.00712948176735	-0.0267627938577	-0.0320427991985	0.0239817223926	0.00443761510984	0.00754921708437	-0.0650698740506	-0.0231096319032	0.0149197420095	-0.0283045639802	-0.000958998724246	0.021498184763	-0.023292023953	-0.0373677453158	-0.00414977086955	0.0101615292044	-0.0542207862398	-0.0436825096449	-0.0241243617945	-0.0102781884378
k__Bacteria;p__Firmicutes;c__Clostridia;o__Clostridiales;f__Lachnospiraceae;g__Roseburia;s__Roseburia_hominis	-0.011549234274	-0.016229895078	-0.0455154407005	0.0163384957387	0.0335287717009	0.0327572387039	0.0470225502489	0.0108535488633	-0.0341412635857	-0.0520507053589	-0.0160031056887	-0.0267136890087	-0.0150296737112	-0.0884164649042	-0.0121126432197	-0.0117819813067	-0.0473717883424	-0.0145063636169	-0.0517762629154	-0.00141644382524	0.0252892290847	-0.0262065758812	-0.0174086622173	-0.0114809142551	-0.0214357804479	0.018184795253	-0.0345529291526	1.0	-0.0302062266553	-0.0502700716373	0.013470335436	-0.0296943787448	-0.0134472880581	0.00813426297309	0.0214001538743	0.0260489236271	0.0260841592791	-0.00816852356802	-0.0303005461249	0.0155364291769	-0.0233053217101	-0.0116394766763	-0.0374594854565	-0.0526785028321	-0.0670377285201	0.0400892997953	0.0243386001554	0.0222358324212	-0.0228172578267	0.042059225493	-0.00622026073608	0.00513639208126	-0.0112853105306	-0.0565527913392	0.00379806225992	-0.0240568561048	0.00235794621436	0.0507232131171	0.0237399609893
k__Bacteria;p__Bacteroidetes;c__Bacteroidia;o__Bacteroidales;f__Porphyromonadaceae;g__Parabacteroides;s__Parabacteroides_johnsonii	-0.00279776517785	-0.0175909755928	0.018856890118	-0.0234134230132	0.0286309489461	-0.0832635635899	-0.0231719336666	-0.0156321529781	-0.036249253393	-0.00844710570353	-0.0233218164743	-0.0672886783815	-0.0130654158975	0.0676278402729	0.0130560054337	-0.0420899222319	0.0139838393494	-0.0538089628689	-0.0350127684864	0.0323492741173	0.0163432803811	0.00458594347039	-0.0381621651932	0.058514568282	-0.0161257208616	-0.003844648041	0.0388025771771	-0.0302062266553	1.0	-0.00963938539178	0.00201988642406	-0.0149269247915	0.0678522048062	-0.0176922808346	-0.0530558842969	-0.0409349119327	-0.0287269578706	-0.0675822110494	-0.0113627208728	-0.0766494723834	-0.0273480204237	0.0290331830483	-0.050878562875	0.0197366445067	-0.0039800600304	-0.0644424234222	-0.0425320349418	-0.0134996873231	0.0345458285646	0.0116449153492	0.0163178454208	-0.0492563398534	0.0232493257661	-0.0124830366751	0.0244295183887	-0.00723868831841	-0.00445820730889	0.0275980787209	0.0290014886999
k__Bacteria;p__Actinobacteria;c__Actinobacteria;o__Bifidobacteriales;f__Bifidobacteriaceae;g__Bifidobacterium;s__Bifidobacterium_longum	0.00131507527448	-0.0783055459835	-0.0191491462909	0.0305862753625	0.0270958577204	-0.032171041877	0.0186415180859	-0.0234817745869	-0.0146750223337	-0.0376195295151	0.0285777183273	-0.0236411868375	0.0172851680245	0.0206486587434	0.0262946941425	-0.0281165931448	-0.00392253787071	0.0190349107086	0.0101612651061	-0.0564489872307	-0.0537691413584	-0.0539507416979	-0.0615037898014	-0.0280995898058	-0.0164060024468	-0.0681129549023	0.0405669985084	-0.0502700716373	-0.00963938539178	1.0	-0.0533955171325	-0.00101623003387	0.0121934120866	-0.0490101494642	-0.020961679684	0.0064731218478	0.0410780460391	0.0475050814262	-0.000239900267741	-0.0336231173918	0.0072681473236	-0.0694937970652	-0.0172558767192	0.00844953617202	-0.0125295499964	0.0200134008418	-0.0114078447841	-0.030823099496	0.00965198328698	-0.027116736246	0.00809741161288	-0.00104070569491	-0.0437305929684	0.00492949627269	0.0327005556415	-0.0386202266493	-0.0666310350238	0.00128599533821	0.0365857932622
