#taxonomy	k__Bacteria;p__Bacteroidetes;c__Bacteroidia;o__Bacteroidales;f__Bacteroidaceae;g__Bacteroides;s__Bacteroides_vulgatus	k__Bacteria;p__Bacteroidetes;c__Bacteroidia;o__Bacteroidales;f__Bacteroidaceae;g__Bacteroides;s__Bacteroides_uniformis	k__Bacteria;p__Bacteroidetes;c__Bacteroidia;o__Bacteroidales;f__Rikenellaceae;g__Alistipes;s__Alistipes_putredinis	k__Bacteria;p__Bacteroidetes;c__Bacteroidia;o__Bacteroidales;f__Prevotellaceae;g__Prevotella;s__Prevotella_copri	k__Bacteria;p__Bacteroidetes;c__Bacteroidia;o__Bacteroidales;f__Bacteroidaceae;g__Bacteroides;s__Bacteroides_stercoris	k__Bacteria;p__Bacteroidetes;c__Bacteroidia;o__Bacteroidales;f__Bacteroidaceae;g__Bacteroides;s__Bacteroides_ovatus	k__Bacteria;p__Bacteroidetes;c__Bacteroidia;o__Bacteroidales;f__Rikenellaceae;g__Alistipes;s__Alistipes_shahii	k__Bacteria;p__Firmicutes;c__Clostridia;o__Clostridiales;f__Ruminococcaceae;g__Faecalibacterium;s__Faecalibacterium_prausnitzii	k__Bacteria;p__Bacteroidetes;c__Bacteroidia;o__Bacteroidales;f__Rikenellaceae;g__Alistipes;s__Alistipes_finegoldii	k__Bacteria;p__Bacteroidetes;c__Bacteroidia;o__Bacteroidales;f__Porphyromonadaceae;g__Parabacteroides;s__Parabacteroides_distasonis	k__Bacteria;p__Bacteroidetes;c__Bacteroidia;o__Bacteroidales;f__Bacteroidaceae;g__Bacteroides;s__Bacteroides_thetaiotaomicron	k__Bacteria;p__Bacteroidetes;c__Bacteroidia;o__Bacteroidales;f__Bacteroidaceae;g__Bacteroides;s__Bacteroides_coprocola	k__Bacteria;p__Bacteroidetes;c__Bacteroidia;o__Bacteroidales;f__Bacteroidaceae;g__Bacteroides;s__Bacteroides_cellulosilyticus	k__Bacteria;p__Bacteroidetes;c__Bacteroidia;o__Bacteroidales;f__Rikenellaceae;g__Alistipes;s__Alistipes_obesi	k__Bacteria;p__Firmicutes;c__Clostridia;o__Clostridiales;f__Lachnospiraceae;g__;s__[Eubacterium]_rectale	k__Bacteria;p__Bacteroidetes;c__Bacteroidia;o__Bacteroidales;f__Bacteroidaceae;g__Bacteroides;s__Bacteroides_plebeius	k__Bacteria;p__Bacteroidetes;c__Bacteroidia;o__Bacteroidales;f__Bacteroidaceae;g__Bacteroides;s__Bacteroides_fragilis	k__Bacteria;p__Proteobacteria;c__Betaproteobacteria;o__Burkholderiales;f__Sutterellaceae;g__Sutterella;s__Sutterella_wadsworthensis	k__Bacteria;p__Bacteroidetes;c__Bacteroidia;o__Bacteroidales;f__Porphyromonadaceae;g__Barnesiella;s__Barnesiella_intestinihominis	k__Bacteria;p__Bacteroidetes;c__Bacteroidia;o__Bacteroidales;f__Odoribacteraceae;g__Odoribacter;s__Odoribacter_splanchnicus	k__Bacteria;p__Bacteroidetes;c__Bacteroidia;o__Bacteroidales;f__Bacteroidaceae;g__Bacteroides;s__Bacteroides_salyersiae	k__Bacteria;p__Firmicutes;c__Clostridia;o__Clostridiales;f__Ruminococcaceae;g__Ruminiclostridium;s__[Eubacterium]_siraeum	k__Bacteria;p__Proteobacteria;c__Betaproteobacteria;o__Burkholderiales;f__Sutterellaceae;g__Parasutterella;s__Parasutterella_excrementihominis	k__Bacteria;p__Actinobacteria;c__Actinobacteria;o__Bifidobacteriales;f__Bifidobacteriaceae;g__Bifidobacterium;s__Bifidobacterium_adolescentis	k__Bacteria;p__Firmicutes;c__Clostridia;o__Clostridiales;f__Oscillospiraceae;g__Oscillibacter;s__Oscillibacter_sp._KLE_1745	k__Bacteria;p__Bacteroidetes;c__Bacteroidia;o__Bacteroidales;f__Bacteroidaceae;g__Bacteroides;s__Bacteroides_coprophilus	k__Bacteria;p__Firmicutes;c__Clostridia;o__Clostridiales;f__Lachnospiraceae;g__Roseburia;s__Roseburia_intestinalis	k__Bacteria;p__Firmicutes;c__Clostridia;o__Clostridiales;f__Lachnospiraceae;g__Roseburia;s__Roseburia_hominis	k__Bacteria;p__Bacteroidetes;c__Bacteroidia;o__Bacteroidales;f__Porphyromonadaceae;g__Parabacteroides;s__Parabacteroides_johnsonii	k__Bacteria;p__Actinobacteria;c__Actinobacteria;o__Bifidobacteriales;f__Bifidobacteriaceae;g__Bifidobacterium;s__Bifidobacterium_longum	k__Bacteria;p__Firmicutes;c__Clostridia;o__Clostridiales;f__;g__Flavonifractor;s__Flavonifractor_plautii	k__Bacteria;p__Firmicutes;c__Clostridia;o__Clostridiales;f__Clostridiaceae;g__Clostridium;s__Clostridium_phoceensis	k__Bacteria;p__Verrucomicrobia;c__Verrucomicrobiae;o__Verrucomicrobiales;f__Akkermansiaceae;g__Akkermansia;s__Akkermansia_muciniphila	k__Bacteria;p__Bacteroidetes;c__Bacteroidia;o__Bacteroidales;f__Prevotellaceae;g__Paraprevotella;s__Paraprevotella_xylaniphila	k__Bacteria;p__Firmicutes;c__Clostridia;o__Clostridiales;f__Ruminococcaceae;g__Ruminococcus;s__Ruminococcus_callidus	k__Bacteria;p__Bacteroidetes;c__Bacteroidia;o__Bacteroidales;f__Rikenellaceae;g__Alistipes;s__Alistipes_senegalensis	k__Bacteria;p__Firmicutes;c__Clostridia;o__Clostridiales;f__Lachnospiraceae;g__Blautia;s__Blautia_sp._KLE_1732	k__Bacteria;p__Bacteroidetes;c__Bacteroidia;o__Bacteroidales;f__Bacteroidaceae;g__Bacteroides;s__Bacteroides_oleiciplenus	k__Bacteria;p__Firmicutes;c__Clostridia;o__Clostridiales;f__Ruminococcaceae;g__Ruminococcus;s__Ruminococcus_bicirculans	k__Bacteria;p__Bacteroidetes;c__Bacteroidia;o__Bacteroidales;f__Bacteroidaceae;g__Bacteroides;s__Bacteroides_fluxus	k__Bacteria;p__Bacteroidetes;c__Bacteroidia;o__Bacteroidales;f__Prevotellaceae;g__Prevotella;s__Prevotella_stercorea	k__Bacteria;p__Firmicutes;c__Clostridia;o__Clostridiales;f__Lachnospiraceae;g__Dorea;s__Dorea_longicatena	k__Bacteria;p__Firmicutes;c__Clostridia;o__Clostridiales;f__Eubacteriaceae;g__Eubacterium;s__[Eubacterium]_eligens	k__Bacteria;p__Firmicutes;c__Clostridia;o__Clostridiales;f__Ruminococcaceae;g__;s__Ruminococcaceae_bacterium_D16	k__Bacteria;p__Firmicutes;c__Clostridia;o__Clostridiales;f__Lachnospiraceae;g__Coprococcus;s__Coprococcus_comes	k__Bacteria;p__Proteobacteria;c__Gammaproteobacteria;o__Enterobacterales;f__Enterobacteriaceae;g__Escherichia;s__Escherichia_coli	k__Bacteria;p__Firmicutes;c__Clostridia;o__Clostridiales;f__Ruminococcaceae;g__Anaerotruncus;s__Anaerotruncus_colihominis	k__Bacteria;p__Firmicutes;c__Clostridia;o__Clostridiales;f__Lachnospiraceae;g__Blautia;s__Blautia_obeum	k__Bacteria;p__Bacteroidetes;c__Bacteroidia;o__Bacteroidales;f__Odoribacteraceae;g__Odoribacter;s__Odoribacter_laneus	k__Bacteria;p__Firmicutes;c__Clostridia;o__Clostridiales;f__Ruminococcaceae;g__Ruminiclostridium;s__[Clostridium]_leptum	k__Bacteria;p__Bacteroidetes;c__Bacteroidia;o__Bacteroidales;f__Porphyromonadaceae;g__Parabacteroides;s__Parabacteroides_goldsteinii	k__Bacteria;p__Firmicutes;c__Clostridia;o__Clostridiales;f__Lachnospiraceae;g__Anaerostipes;s__Anaerostipes_hadrus	k__Bacteria;p__Firmicutes;c__Clostridia;o__Clostridiales;f__Ruminococcaceae;g__Ruminococcus;s__Ruminococcus_lactaris	k__Bacteria;p__Firmicutes;c__Clostridia;o__Clostridiales;f__Clostridiaceae;g__Clostridium;s__Clostridium_sp._L2-50	k__Bacteria;p__Firmicutes;c__Clostridia;o__Clostridiales;f__Clostridiaceae;g__Clostridium;s__Clostridium_sp._M62/1	k__Bacteria;p__Firmicutes;c__Clostridia;o__Clostridiales;f__;g__Intestinimonas;s__Intestinimonas_butyriciproducens	k__Bacteria;p__Actinobacteria;c__Actinobacteria;o__Bifidobacteriales;f__Bifidobacteriaceae;g__Bifidobacterium;s__Bifidobacterium_bifidum	k__Bacteria;p__Firmicutes;c__Negativicutes;o__Veillonellales;f__Veillonellaceae;g__Dialister;s__Dialister_invisus	k__Bacteria;p__Bacteroidetes;c__Bacteroidia;o__Bacteroidales;f__Bacteroidaceae;g__Bacteroides;s__Bacteroides_salanitronis
k__Bacteria;p__Bacteroidetes;c__Bacteroidia;o__Bacteroidales;f__Bacteroidaceae;g__Bacteroides;s__Bacteroides_vulgatus	1.0	0.0356299718765	0.000248119353075	-0.0179836163491	0.00421923471888	0.0225509181893	-0.00766488379813	-0.0149009634941	-0.00831792431737	-0.0242268357417	-0.0203343079504	-0.00340607497412	0.0284291939892	-0.00921306912477	-0.000534930097062	-0.0309788161451	0.00684077883201	-0.0204550816703	-0.0159737041237	0.0169782584515	-0.0145432873954	0.0382295735905	-0.00421269593251	-0.0269541919795	0.0579467192038	0.00150895195555	0.0768540062583	0.0193430983687	-0.0137463555861	0.0767380302876	0.000100323971115	0.0348267643793	0.0218265810507	0.0299294797936	-0.0335989642828	0.00292935953432	0.0537851091749	-0.068507708883	-0.00121658920073	-0.00728767780598	0.0256784143348	-0.0407726870671	-0.0227663776369	0.0537419459454	-0.0255681870989	-0.00424024518071	-0.0141926621541	-0.00509291512408	0.0111816321568	-0.0568460267869	-0.0668525753463	0.0365438535416	0.0177759068282	0.000580264676423	-0.0371442410611	-0.0324373393519	-0.0155138744636	-0.0452883141151	0.0160973529631
k__Bacteria;p__Bacteroidetes;c__Bacteroidia;o__Bacteroidales;f__Bacteroidaceae;g__Bacteroides;s__Bacteroides_uniformis	0.0356299718765	1.0	-0.0223780391613	0.0055791285819	0.0468467918321	0.0306918535501	-0.00673679452746	-0.00497519195497	0.032378081976	0.0180963873345	-0.0260280988347	-0.0485420226385	-0.0381584189167	-0.0138253226521	-0.0316735002916	-0.0170182533415	-0.0158830141247	-0.0358938594107	-0.0199409113612	-0.0367825033365	0.0361144514682	-0.0463678690199	-0.0444236033739	0.0323776413643	0.0357269062666	-0.00413039656211	0.0226493689225	-0.0124694149793	0.0360022028197	-0.0222170362789	-0.0604018701038	0.00480932344069	-0.0624379507358	0.0507370271497	0.00429250303075	0.0259177042007	-0.0183253971095	-0.0216944500722	-0.0440540816687	0.0319425490515	0.0044328183793	-0.0437853179775	-0.0242493546865	-0.0328468417605	-0.0803544061404	0.0968914542888	0.0397796117203	0.0138774290761	0.000878622898566	-0.0436279393346	-0.0109611307736	-0.0619215384613	-0.0448923377595	-0.0347388525152	0.0142798622215	0.0444272521399	-0.0211435276909	-0.0433569769545	-0.059532330021
k__Bacteria;p__Bacteroidetes;c__Bacteroidia;o__Bacteroidales;f__Rikenellaceae;g__Alistipes;s__Alistipes_putredinis	0.000248119353075	-0.0223780391613	1.0	0.013382618205	0.00618243319395	-0.0307726753991	-0.0357446528101	-0.0104544067	-0.104507441063	0.00368135188203	0.00462579763496	0.0186962710181	0.0252315518046	0.0126521939313	0.0401522738698	-0.00478923689691	-0.0352934151281	0.0826784594376	0.0322083831066	-0.0667945534191	-0.0133532611029	-0.0213738929003	0.00273940402584	0.00252290472013	-0.00777356830817	-0.0226878302812	-0.00779252018177	0.028476956385	-0.00567994429784	0.0972472185674	-0.0270055887248	-0.03919480449	-0.010237659372	0.00165331392959	0.00549964247147	0.0666643050845	-0.018971584839	-0.0345148113271	0.000375226396477	0.0482774598214	0.052792108438	-0.0392324214506	0.0114666095322	-0.0184931250795	0.0582923124313	-0.0609136268173	-0.0388805399396	-0.0574996136213	-0.015201969836	-0.0140435932045	0.00409298739915	-0.0196989022893	-0.026147045989	-0.0101547331632	-0.0362361547605	-0.00436092559431	-0.072151536772	-0.0147621755831	-0.000893013417671
k__Bacteria;p__Bacteroidetes;c__Bacteroidia;o__Bacteroidales;f__Prevotellaceae;g__Prevotella;s__Prevotella_copri	-0.0179836163491	0.0055791285819	0.013382618205	1.0	0.0118490110496	-0.0055245300759	-0.0388527171959	-0.0201917970288	-0.0418684566011	0.0887529453311	-0.0333204803411	-0.0779709880475	0.00518551319305	-0.0376023693102	-0.00602775671473	0.0832303267364	-0.0163679456823	-0.104089412987	0.099359939888	-0.028721592299	0.0473806005877	0.0109879319496	-0.0548443073135	0.00403215876045	0.0400219326006	-0.0586480230627	-0.0340164634196	-0.0331873375478	-0.00872569024795	-0.0228610508492	0.0246459224723	-0.0197843440509	0.0352288405833	0.00663140899739	-0.000334215447042	0.0379507093614	-0.0134457482948	-0.00593944235287	0.0035882967484	-0.0213997497205	-0.0197223043276	0.0192120039067	0.0156754501869	0.0129326268478	0.00585034019534	-0.0253581275358	0.00890750104596	0.0165545404949	-0.0138920222053	-0.00578387555639	-0.0120899369501	0.0006411532202	-0.0236957119252	-0.0226279281974	-0.0758653083279	0.00280170489115	-0.0672203920574	0.0391274731	0.00873349268705
k__Bacteria;p__Bacteroidetes;c__Bacteroidia;o__Bacteroidales;f__Bacteroidaceae;g__Bacteroides;s__Bacteroides_stercoris	0.00421923471888	0.0468467918321	0.00618243319395	0.0118490110496	1.0	-0.0224578197471	-0.0744390633236	-0.0497453572942	-0.0741643482336	-0.0105348052524	-0.0531026057065	-0.0475380075308	0.00122199282248	-0.0394042920871	-0.0401913436766	-0.0328434643276	-0.0123009361059	0.0420959473589	0.026384887421	-0.0552511007336	0.0102206352773	0.0616258867431	0.0252249642307	0.0825469105448	0.00608812503761	-0.0127532705643	0.00430166294158	-0.00734056926629	-0.00167224629917	-0.0329757953107	0.0130302385374	-0.0152505842976	0.0497972454424	-0.0545889852342	0.00399579303078	-0.0183916681471	0.0289601829046	-0.0693466026943	0.0272306663415	-0.0306266670301	-0.00438119891294	0.0132715725701	-0.0694132290885	0.0148568697342	0.0656708791556	-0.00401952069622	0.00809151626143	0.0230398929976	0.0261510550464	-0.023553675174	0.028667033546	-0.0140053393513	0.0491585281218	-0.00791059773329	-0.0361675594088	-0.0354147863385	0.00812855700236	0.00415836659046	-0.0296726393234
k__Bacteria;p__Bacteroidetes;c__Bacteroidia;o__Bacteroidales;f__Bacteroidaceae;g__Bacteroides;s__Bacteroides_ovatus	0.0225509181893	0.0306918535501	-0.0307726753991	-0.0055245300759	-0.0224578197471	1.0	-0.0574864657442	-0.0033310173556	-0.0864810405333	0.0169001861079	0.0349640515222	-0.0188366297117	0.0627083299543	0.0320243293534	-0.00534385653653	0.0206606966149	-0.0333517839848	-0.0326683004504	-0.00860862967481	0.0405887886584	0.0205410362637	0.0308219575482	-0.0101185507521	0.0170271274847	-0.0285890182114	-0.0322107827037	0.0593311972356	-0.0167540515371	-0.00154238155678	-0.0414430159875	0.00213591968348	-0.0902839278804	0.0117325568221	-0.00490394370998	0.00607026760693	-0.0188952760061	0.0145236948838	0.00926631786883	-0.0148544167126	0.0200719913901	-0.0119314746878	0.0142212756273	-0.0393574305801	-0.0454749376575	0.0527491638243	-0.058593767078	0.0306689527072	-0.0481496496815	-0.0322061064631	-0.0259604108062	-0.0334404955314	0.00887659426781	-0.0144544985027	-0.0429439002421	-0.0487459389454	-0.0412774604047	0.00860147862668	-0.0517136098097	0.0780065100808
k__Bacteria;p__Bacteroidetes;c__Bacteroidia;o__Bacteroidales;f__Rikenellaceae;g__Alistipes;s__Alistipes_shahii	-0.00766488379813	-0.00673679452746	-0.0357446528101	-0.0388527171959	-0.0744390633236	-0.0574864657442	1.0	-0.0257393998948	-0.0566015633917	-0.00756206991266	-0.0493504517862	-0.0300626246359	0.0314935076519	0.0194185239411	-0.0320996762696	0.00825468083059	-0.0822093670068	-0.012005285971	-0.00817308197071	-0.0484225132641	0.0154805598883	0.0650094757575	-0.0110016759146	-0.0504999180236	-0.0210489561129	0.0317397489567	-0.113254616945	-0.0238890864067	-0.0351660031188	0.0349849633194	-0.0843763482212	-0.0532675184959	-0.018647004684	0.00567105166255	-0.0107869593912	-0.0377841263674	-0.0518425732547	0.0179025395223	-0.0228431716846	-0.0211763155814	-0.0472424328192	-0.00092242213943	-0.0355560729496	0.0525320792417	-0.0240338354688	0.0732112937532	-0.0248424257112	0.0297858372304	-0.022982060689	-0.00959459128742	-0.0586503042558	0.0192350529702	-0.00525150066996	-0.0346053690718	-0.0191551424668	0.0363089286587	0.00359089918138	-0.00656137066115	0.0213761090061
k__Bacteria;p__Firmicutes;c__Clostridia;o__Clostridiales;f__Ruminococcaceae;g__Faecalibacterium;s__Faecalibacterium_prausnitzii	-0.0149009634941	-0.00497519195497	-0.0104544067	-0.0201917970288	-0.0497453572942	-0.0033310173556	-0.0257393998948	1.0	-0.000958046584256	-0.00368526753984	-0.0716984764234	-0.0178742096335	0.0339226589558	0.023642011524	-0.00621479452321	-0.0220066657323	-0.027800388207	-0.0357075887923	-0.00144738356118	0.0430082191432	-0.0119565724556	-0.0232806177003	-0.00728495702819	-0.0202300462472	-0.0336775233341	-0.0268159374178	0.00686178093527	0.0172165426268	0.0433711796682	-0.00656270444021	0.00801240764725	0.00327468469849	-0.0062831383302	-0.0237488222267	0.0288535661574	-0.000884874188309	0.0146288885037	0.0208999621971	-0.00844395653549	-0.0376665572438	0.0102085177438	0.0247154804353	-0.0475803771906	-0.0105509315115	-0.00221677904493	0.0129259220951	-0.0841874471011	0.0486395585353	0.036108297566	-0.034333833914	0.0081909895466	-0.0413052444135	-0.0172049703153	0.0243304524183	0.0986143769199	-0.0411928317266	-0.00653545687605	-0.0338167365922	0.00999708015929
k__Bacteria;p__Bacteroidetes;c__Bacteroidia;o__Bacteroidales;f__Rikenellaceae;g__Alistipes;s__Alistipes_finegoldii	-0.00831792431737	0.032378081976	-0.104507441063	-0.0418684566011	-0.0741643482336	-0.0864810405333	-0.0566015633917	-0.000958046584256	1.0	-0.0286271288274	-0.0163759802055	-0.00470466762492	-0.05339794409	0.0147903470841	0.0268513343325	0.0453296603032	0.0110233787224	0.00295514534827	0.0292895118937	0.0219351860593	0.0451836236639	-0.0570009978891	0.0754957675448	-0.0187937414118	-0.0576216250127	-0.00955197909601	-0.00723326168314	-0.0624957966049	0.00195362689583	0.018121282843	-0.0194103324876	0.0338177218292	-0.0023116204273	0.013288628307	-0.00134892203475	-0.010477468654	0.0307150540564	0.0468347315107	-0.042767762853	0.0137174267978	0.0188068821254	-0.0332923547045	0.0206801144398	0.0171499039183	0.00239486273236	-0.00244870693069	0.00201199025302	0.0236129046299	0.0315102658173	-0.0023396715739	0.00426680757609	0.0286013704615	-0.080833683285	-0.0109458935498	-0.0344898129964	-0.0415309402956	0.0304608142172	-0.0133688027546	-0.0588033710807
k__Bacteria;p__Bacteroidetes;c__Bacteroidia;o__Bacteroidales;f__Porphyromonadaceae;g__Parabacteroides;s__Parabacteroides_distasonis	-0.0242268357417	0.0180963873345	0.00368135188203	0.0887529453311	-0.0105348052524	0.0169001861079	-0.00756206991266	-0.00368526753984	-0.0286271288274	1.0	-0.0308694576808	0.0112193177492	0.0191102879322	0.0496789723693	-0.0436110115014	0.0124794309728	-0.0362820813558	0.0157510221141	-0.00732847684412	-0.0195351517147	-0.0458627036312	0.0176083762035	-0.0108061060347	-0.0759849630508	0.000276538606741	0.0132679330182	-0.0444352975256	-0.0190172387969	-0.0069698246002	-0.0132733195784	-0.0547874700959	0.012047708062	-0.0079935159159	0.0198965880197	0.0271767149	0.0262512468988	-0.0149884750402	0.0665340551789	-0.00709784089506	0.0304069419265	-0.050357073851	-0.0321908159946	-0.0298375005117	0.0287145268695	-0.0280633942743	-0.0402426862634	0.0207316522254	-0.0520147337575	-0.0150583800484	0.0084355602614	-0.0166025944164	-0.00426360356478	-0.0716780558391	-0.0724347364842	-0.0131194867759	0.00995089314302	-0.0340044570937	0.0357518642771	0.0470816282494
k__Bacteria;p__Bacteroidetes;c__Bacteroidia;o__Bacteroidales;f__Bacteroidaceae;g__Bacteroides;s__Bacteroides_thetaiotaomicron	-0.0203343079504	-0.0260280988347	0.00462579763496	-0.0333204803411	-0.0531026057065	0.0349640515222	-0.0493504517862	-0.0716984764234	-0.0163759802055	-0.0308694576808	1.0	0.0738956092012	-0.0310445769616	-0.0106907641748	-0.0296138260525	-0.00689925029895	-0.0900010063343	0.0307599701488	0.0222373366772	-0.0881875112351	-0.0461398462388	-0.00530191246758	-0.0289865162233	-0.0221752530031	0.0149051789544	-0.00914745574997	-0.046464622051	0.0388891427108	0.0120137730235	0.0533928290069	-0.0298943921547	-0.0569314856199	-0.0153150991206	-0.0269056486242	-0.00488132499131	0.00947987834701	-0.0226190703115	-0.0280241701987	0.0109624495885	0.02639833032	0.0449229810912	-0.000608521741368	-0.0018789979962	-0.011191811312	0.0496499101311	-0.0300146961986	0.0175110649004	-0.00491678789637	-0.0101381013694	-0.0589939966533	-0.00344971584355	-0.00477852360403	0.0128973549439	-0.0283507550669	0.0262783122589	0.040423028238	-0.00628818233581	-0.0430897570254	0.0198350510695
k__Bacteria;p__Bacteroidetes;c__Bacteroidia;o__Bacteroidales;f__Bacteroidaceae;g__Bacteroides;s__Bacteroides_coprocola	-0.00340607497412	-0.0485420226385	0.0186962710181	-0.0779709880475	-0.0475380075308	-0.0188366297117	-0.0300626246359	-0.0178742096335	-0.00470466762492	0.0112193177492	0.0738956092012	1.0	-0.0258243192062	0.00385634863297	0.0505737396622	0.0563536927426	-0.00634904051904	-0.0495645414912	-0.0290733492255	0.00582127069149	0.00635342945867	-0.0471678428516	-0.0588754115293	-0.0493608225346	-0.0232506193557	0.0111967930114	0.048226640465	0.0381232989927	0.0319240472534	0.0325175230418	0.0408939251601	-0.0314850257961	-0.015059206205	-0.0267222772154	-0.0180316620697	-0.0438435224873	-0.0511296072608	-0.0195916376589	-0.0307247483642	-0.0191835873364	-0.0522215516464	0.0148196908208	-0.0118546035619	0.0502426878104	-0.0303396359247	0.0142995169049	-0.0380723665905	0.00801737115141	-0.0186560757424	0.0065979368492	0.025431802648	-0.0246566738634	0.0479094768781	0.00987981272705	-0.0320691095086	-0.0750932819255	-0.0159882059371	0.024204618527	-0.00145867482721
k__Bacteria;p__Bacteroidetes;c__Bacteroidia;o__Bacteroidales;f__Bacteroidaceae;g__Bacteroides;s__Bacteroides_cellulosilyticus	0.0284291939892	-0.0381584189167	0.0252315518046	0.00518551319305	0.00122199282248	0.0627083299543	0.0314935076519	0.0339226589558	-0.05339794409	0.0191102879322	-0.0310445769616	-0.0258243192062	1.0	0.0227803952527	0.00497745317749	-0.0298708521361	0.0154293879865	0.0153324789983	-0.0166359623479	-0.0081800152449	0.0154979216139	-0.037545933095	0.00904952996699	0.0367482423271	0.0197368299979	-0.073175907428	0.031636584197	-0.0636339887942	0.0254142507017	-0.0079579546246	-0.0104426966171	-0.031409664769	-0.0227028297047	0.000748799483039	0.00452382360812	0.07517242042	-0.042006637848	-0.0259532096812	-0.0346986454824	-4.6047782403e-05	0.0209885393844	-0.0112713343773	-0.0250855158267	-0.0134018324384	0.00750732072777	0.0624032105312	-0.0116754258165	0.00641972141853	-0.0478947534846	0.0452135772007	-0.0497977338963	0.00388298385059	0.0274523407434	-0.00615499351841	-0.0266330758224	-0.0529480822738	0.0182022563149	-0.0343638456712	-0.0350484156449
k__Bacteria;p__Bacteroidetes;c__Bacteroidia;o__Bacteroidales;f__Rikenellaceae;g__Alistipes;s__Alistipes_obesi	-0.00921306912477	-0.0138253226521	0.0126521939313	-0.0376023693102	-0.0394042920871	0.0320243293534	0.0194185239411	0.023642011524	0.0147903470841	0.0496789723693	-0.0106907641748	0.00385634863297	0.0227803952527	1.0	-0.0272381692483	-0.0138605218317	0.0267533032715	0.0126369040023	-0.0238952396726	-0.0094543891614	-0.0546016485872	-0.116458607141	-0.0156752260402	-0.0237233890728	0.00739019645538	0.0548298439559	-0.0224152137478	-0.00460514828338	-0.0251785634768	-0.0433081553862	-0.00233190326125	0.0409959957726	-0.022820927455	-0.0346099717178	-0.0152972697835	0.00644385899177	-0.046218773333	-0.0205845653589	-0.0288762256558	0.024353850291	0.00158525153681	-0.0801898925586	0.0122042947684	-0.0329329315655	-0.00798289888052	0.0267066792197	-0.0596293914193	-0.00542402357351	0.00369412499954	-0.0454009358303	0.0117002989483	-0.0298805668507	0.0440574261828	0.0131217065741	-0.0172377366817	0.0470436525043	0.00066774568883	0.030128898848	0.00311859447794
k__Bacteria;p__Firmicutes;c__Clostridia;o__Clostridiales;f__Lachnospiraceae;g__;s__[Eubacterium]_rectale	-0.000534930097061	-0.0316735002916	0.0401522738698	-0.00602775671473	-0.0401913436766	-0.00534385653653	-0.0320996762696	-0.00621479452321	0.0268513343325	-0.0436110115014	-0.0296138260525	0.0505737396622	0.00497745317749	-0.0272381692483	1.0	-0.0224102499882	-0.0157638314574	-0.0411276307279	0.00193738013911	0.0228655046916	0.0564878989786	0.0347381776761	-0.032812195702	-0.0531144044972	-0.0378757176611	-0.0747686324878	0.00132442833357	-0.0268613190255	-0.0163347146117	-0.0663242669857	0.0353177946345	0.0350087499058	-0.0196534042361	0.00800070009533	-0.0194678261086	0.0212661948664	0.0247635769742	0.010056785383	-0.035131729147	0.0207463275613	-0.0238082421337	-0.0359834381372	0.0288531155895	0.047342245921	-0.0292066750121	-0.0369275226191	-0.0483228286101	0.0480118065044	-0.0452571399543	0.0313655104218	-0.0355667829672	-0.0229995858025	0.0171691383756	0.0383481479809	0.0290449006309	-0.0452396203472	-0.0513515101756	-0.0327356982734	-0.075391998402
k__Bacteria;p__Bacteroidetes;c__Bacteroidia;o__Bacteroidales;f__Bacteroidaceae;g__Bacteroides;s__Bacteroides_plebeius	-0.0309788161451	-0.0170182533415	-0.00478923689691	0.0832303267364	-0.0328434643276	0.0206606966149	0.00825468083059	-0.0220066657323	0.0453296603032	0.0124794309728	-0.00689925029895	0.0563536927426	-0.0298708521361	-0.0138605218317	-0.0224102499882	1.0	-0.00988366597583	-0.0148968985299	0.000461958531284	-0.0190725613401	0.0148708297824	-0.000245711833262	-0.0142562908827	0.038667872653	-0.042645828926	-0.00759161987998	-0.0234044901611	-0.0681037311813	-0.0374645929354	0.0638039492794	-0.0268101165876	-0.00471125504654	-0.0265578642976	-0.0161613637922	0.0277003144582	0.0432961855298	-0.0184798868908	-0.0655385526989	0.00232900072944	-0.00677958639031	-0.0135955131073	0.0286622342172	-0.0318852175612	0.0147607341022	-0.0210262579795	-0.0508330146149	0.0071685452953	-0.0584615226994	0.0749714065232	-0.00830853874052	-0.0128762243418	-0.0122778212498	0.0307584302401	0.0167410049803	-0.051403907496	0.0365547144958	-0.0357114224939	0.0137395731762	0.0303823809811
k__Bacteria;p__Bacteroidetes;c__Bacteroidia;o__Bacteroidales;f__Bacteroidaceae;g__Bacteroides;s__Bacteroides_fragilis	0.00684077883201	-0.0158830141247	-0.0352934151281	-0.0163679456823	-0.0123009361059	-0.0333517839848	-0.0822093670068	-0.027800388207	0.0110233787224	-0.0362820813558	-0.0900010063343	-0.00634904051904	0.0154293879865	0.0267533032715	-0.0157638314574	-0.00988366597583	1.0	-0.000981839843099	-0.0156794680087	0.0206649127494	0.0318198165651	0.0353807809308	-0.0213079794262	-0.0436763095395	-0.0154072635732	-0.0178104565891	0.0219850756388	0.0333176179854	-0.02305141627	-0.0011015647998	0.0253531105279	-0.0343239142226	-0.0145132463141	0.0142993044329	-0.0208923199578	-0.0273866936312	-0.0341587292161	-0.0528348787508	0.0201585906483	0.0256412591323	0.0245910274361	0.0302127113458	0.0027891955467	0.0050460035815	-0.0566496457221	0.0018154142631	-0.00524957864458	0.0484300846988	-0.0192801215439	0.0347235246459	-0.0432332771769	-0.0283648844309	0.00268712275933	0.0136800976367	0.0026560853074	-0.0141748990262	-0.000591606166698	0.00243735036131	0.0766505319548
k__Bacteria;p__Proteobacteria;c__Betaproteobacteria;o__Burkholderiales;f__Sutterellaceae;g__Sutterella;s__Sutterella_wadsworthensis	-0.0204550816703	-0.0358938594107	0.0826784594376	-0.104089412987	0.0420959473589	-0.0326683004504	-0.012005285971	-0.0357075887923	0.00295514534827	0.0157510221141	0.0307599701488	-0.0495645414912	0.0153324789983	0.0126369040023	-0.0411276307279	-0.0148968985299	-0.000981839843099	1.0	-0.0431247501693	0.038949344355	0.0173020096611	-0.054272410584	-0.0161078030553	-0.00752408346477	0.0597103697908	-0.0122290036147	-0.00226375452136	-0.0688977991109	-0.0307863701866	-0.0227650276796	-0.0369870602769	-0.0145007808944	-0.0129980441081	-0.0566010396659	-0.0490234749332	0.0420146509738	0.0308438254673	0.0264609046015	-0.00495885461474	-0.0347574262643	0.0164778723337	0.0412943306069	-0.0467631904308	0.0253053464072	-0.0135236894013	0.0404499473582	-0.0067928240112	0.0206397991484	0.033727889405	-0.0282884233343	-0.0541893603175	0.0409370403478	0.00929376873349	-0.0442261693688	-0.0469950912311	-0.0645704662347	-0.0545987787442	-0.00234526420221	-0.0234838526217
k__Bacteria;p__Bacteroidetes;c__Bacteroidia;o__Bacteroidales;f__Porphyromonadaceae;g__Barnesiella;s__Barnesiella_intestinihominis	-0.0159737041237	-0.0199409113612	0.0322083831066	0.099359939888	0.026384887421	-0.00860862967481	-0.00817308197071	-0.00144738356118	0.0292895118937	-0.00732847684412	0.0222373366772	-0.0290733492255	-0.0166359623479	-0.0238952396726	0.00193738013911	0.000461958531284	-0.0156794680087	-0.0431247501693	1.0	-0.00633926316994	-0.0240766869558	-0.0703525234833	0.0116820356342	0.0277064564139	-0.0348577355481	-0.0257732173957	0.0238628279965	-0.0339577570328	0.0691818502664	0.0733887481709	0.00243141509169	-0.0697036207291	-0.00739227697236	-0.0165842811449	-0.0610739356979	-0.0235949055176	0.011932448948	0.0113269562379	-0.065378374862	-0.0395405461806	0.0268435750985	-0.0575219774735	-0.0292632077248	-0.0304135645799	0.0157535644381	-0.0301737218343	-0.01945879479	-0.04500015495	0.0163179329883	0.0159557849037	0.0273708480228	0.00775475102475	-0.0326885592972	0.0575568279137	-0.0108977693979	-0.0326210275459	0.00518130164613	-0.0128932358117	-0.059652757615
k__Bacteria;p__Bacteroidetes;c__Bacteroidia;o__Bacteroidales;f__Odoribacteraceae;g__Odoribacter;s__Odoribacter_splanchnicus	0.0169782584515	-0.0367825033365	-0.0667945534191	-0.028721592299	-0.0552511007336	0.0405887886584	-0.0484225132641	0.0430082191432	0.0219351860593	-0.0195351517147	-0.0881875112351	0.00582127069149	-0.0081800152449	-0.0094543891614	0.0228655046916	-0.0190725613401	0.0206649127494	0.038949344355	-0.00633926316994	1.0	0.00453276079844	-0.0236078951041	0.00916081532034	-0.0398724814341	0.00834121778765	-0.0195092886665	-0.00864609330799	0.0121493606986	-0.00796038300361	-0.0184903655807	-0.0436435359712	-0.0250514547836	0.0319558854766	-0.0876165944879	0.0347053298076	-0.0971153449437	0.0419990335096	0.0238525337245	0.0037976165454	-0.0124149761715	-0.0303070432442	-0.0479414884331	-0.010943110253	-0.0560936966492	-0.00327974081553	0.0322070660488	0.0558018094316	-0.00249616213447	-0.00681590518733	-0.0219634901076	-0.00844538722047	0.0090427284422	0.0392240479875	0.0153938118673	0.00421513281741	0.0114226819691	0.0348324743306	0.0427987114218	0.038214414739
k__Bacteria;p__Bacteroidetes;c__Bacteroidia;o__Bacteroidales;f__Bacteroidaceae;g__Bacteroides;s__Bacteroides_salyersiae	-0.0145432873954	0.0361144514682	-0.0133532611029	0.0473806005877	0.0102206352773	0.0205410362637	0.0154805598883	-0.0119565724556	0.0451836236639	-0.0458627036312	-0.0461398462388	0.00635342945867	0.0154979216139	-0.0546016485872	0.0564878989786	0.0148708297824	0.0318198165651	0.0173020096611	-0.0240766869558	0.00453276079843	1.0	0.00353452020572	-0.0211851491197	-0.0304854837095	-0.0233749407075	-0.0680730506321	-0.0150785074912	-0.0484496774151	0.00348781789864	-0.00965561109451	-0.0191033151217	-0.0630887774253	-0.0350213447792	-0.00748731731582	-0.0611819084552	-0.0782023990935	-0.0483517655152	-0.0249359506947	0.0373165779528	-0.00139088000586	-0.0356243638508	0.0341650979548	0.00318083699906	0.0934727498684	0.00536185248324	-0.0191324269453	0.00217811439002	0.0211409637465	-0.0762504957035	-0.00524809973273	0.0123309762425	0.0523649868351	0.0132073160134	-0.0199074789176	-0.000415260212839	-0.02558972198	-0.0343590377552	-0.000481841379431	0.0371787229704
k__Bacteria;p__Firmicutes;c__Clostridia;o__Clostridiales;f__Ruminococcaceae;g__Ruminiclostridium;s__[Eubacterium]_siraeum	0.0382295735905	-0.0463678690199	-0.0213738929003	0.0109879319496	0.0616258867431	0.0308219575482	0.0650094757575	-0.0232806177003	-0.0570009978891	0.0176083762035	-0.00530191246758	-0.0471678428516	-0.037545933095	-0.116458607141	0.0347381776761	-0.000245711833262	0.0353807809308	-0.054272410584	-0.0703525234833	-0.0236078951041	0.00353452020572	1.0	0.00514214228103	0.0145966349089	-0.06332870688	-0.0012887571496	-0.0109356001745	-0.054004292262	-0.0507816998581	0.0327242184662	0.0210687152836	0.0275000473594	-0.051269077363	-0.0170092901798	0.0232873042005	0.0650047689851	0.00878515683443	-0.00162330128793	0.00020475837789	-0.0733285945487	0.00625394156472	0.0233690108571	0.00798692579517	0.00491491703284	-0.0539959122277	0.0281130304634	-0.0297840663358	-0.0408353123108	-0.0857976859636	-0.0151396089268	-0.0335038774182	0.00926281143496	-0.0350415617281	-0.0967201348163	-0.0192008806155	0.100879085701	0.0571896269189	0.0354007858515	-0.0194207436534
k__Bacteria;p__Proteobacteria;c__Betaproteobacteria;o__Burkholderiales;f__Sutterellaceae;g__Parasutterella;s__Parasutterella_excrementihominis	-0.00421269593251	-0.0444236033739	0.00273940402584	-0.0548443073135	0.0252249642307	-0.0101185507521	-0.0110016759146	-0.00728495702819	0.0754957675448	-0.0108061060347	-0.0289865162233	-0.0588754115293	0.00904952996699	-0.0156752260402	-0.032812195702	-0.0142562908827	-0.0213079794262	-0.0161078030553	0.0116820356342	0.00916081532034	-0.0211851491197	0.00514214228103	1.0	0.0194535975593	-0.00205183099194	-0.0170440198751	0.0147469574652	0.104289598425	0.000394879970137	-0.00810402851597	-0.0213705936348	-0.00255819056548	-0.0424484584781	0.0351453933631	-0.0119479942128	-0.00279929353355	-0.00861400320034	-0.0249987546655	0.0245710476738	-0.0441316400939	0.00471208065253	0.0293928067972	-0.0545268389529	0.037953778786	0.0347716809963	0.0211732770942	-0.0506752036985	0.00671163978569	-0.0297954279281	0.0764718310046	-0.0069327204415	0.0142296400537	-0.00982465585038	-0.0431648783894	-0.0311391052705	-0.0441346470093	-0.080662537031	-0.0196920488003	0.0468299111456
k__Bacteria;p__Actinobacteria;c__Actinobacteria;o__Bifidobacteriales;f__Bifidobacteriaceae;g__Bifidobacterium;s__Bifidobacterium_adolescentis	-0.0269541919795	0.0323776413643	0.00252290472013	0.00403215876045	0.0825469105448	0.0170271274847	-0.0504999180236	-0.0202300462472	-0.0187937414118	-0.0759849630508	-0.0221752530031	-0.0493608225346	0.0367482423271	-0.0237233890728	-0.0531144044972	0.038667872653	-0.0436763095395	-0.00752408346477	0.0277064564139	-0.0398724814341	-0.0304854837095	0.0145966349089	0.0194535975593	1.0	0.0105069749538	-0.0266390655878	-0.00653004921913	0.0390971608486	-0.00772887814614	0.011313725552	-0.0259629666914	0.0201255560498	0.0420821244927	-0.0174225653844	-0.050638830379	0.000433647565174	-0.0125062635293	-0.0348731730724	0.0219640688179	-0.0402004156557	-0.00684679869961	-0.0756057909649	1.42961535416e-05	-0.0432195288033	0.0109159402094	-0.0173426050908	0.0210763907419	-0.0245899849037	0.0176631672802	-0.0428784841101	0.0108518245869	-0.012112743815	0.00753281439218	-0.0320996781515	0.0419171093537	-0.0652779610921	0.00804441700544	-0.00681486134121	0.0339807142562
k__Bacteria;p__Firmicutes;c__Clostridia;o__Clostridiales;f__Oscillospiraceae;g__Oscillibacter;s__Oscillibacter_sp._KLE_1745	0.0579467192038	0.0357269062666	-0.00777356830817	0.0400219326006	0.00608812503761	-0.0285890182114	-0.0210489561129	-0.0336775233341	-0.0576216250127	0.000276538606741	0.0149051789544	-0.0232506193557	0.0197368299979	0.00739019645538	-0.0378757176611	-0.042645828926	-0.0154072635732	0.0597103697908	-0.0348577355481	0.00834121778765	-0.0233749407075	-0.06332870688	-0.00205183099194	0.0105069749538	1.0	-0.000236143081662	0.0302677208197	-0.0441728600993	0.0221060924788	-0.00225831122329	-0.0391309591213	0.0124474236034	-0.0159858940705	-0.0164061449766	0.039999407151	-0.0636569085405	0.0343508005749	0.0389293157571	-0.0308767013293	-0.0178186516569	0.00233244109728	-0.0519442222794	-0.00256754150081	-0.0460891240842	-0.0295971415513	-0.0209902318067	-0.0285648163655	0.00179512158139	0.0420493245865	-0.0402158441441	-0.0623954261201	0.019517381147	0.0162004373194	0.0239365251229	-0.0433732006638	0.0155981853651	-0.0794556338505	-0.0325374358069	0.00338996014831
k__Bacteria;p__Bacteroidetes;c__Bacteroidia;o__Bacteroidales;f__Bacteroidaceae;g__Bacteroides;s__Bacteroides_coprophilus	0.00150895195555	-0.00413039656211	-0.0226878302812	-0.0586480230627	-0.0127532705643	-0.0322107827037	0.0317397489567	-0.0268159374178	-0.00955197909601	0.0132679330182	-0.00914745574997	0.0111967930114	-0.073175907428	0.0548298439559	-0.0747686324878	-0.00759161987998	-0.0178104565891	-0.0122290036147	-0.0257732173957	-0.0195092886665	-0.0680730506321	-0.0012887571496	-0.0170440198751	-0.0266390655878	-0.000236143081662	1.0	-0.0135805456069	0.0384723765428	-0.0186495402505	-0.00539877609797	-0.0226215125087	-0.00470850028185	-0.0134340650235	-0.0255140254693	0.015753262399	0.00520397681926	0.0462975508296	-0.0220517842831	-0.0558759449529	-0.0318964426467	-0.00613345453338	-0.0426677968234	-0.0234554090859	-0.0406412446528	-0.00218683793648	-0.0057573321021	-0.002641091588	-0.044803343392	-0.0172994201765	0.00676025019647	0.00897524820711	-0.00898679293178	-0.044839341302	-0.000116681398881	-0.00374737911575	0.00923550917987	0.134545553452	-0.012208324955	0.0262811020935
k__Bacteria;p__Firmicutes;c__Clostridia;o__Clostridiales;f__Lachnospiraceae;g__Roseburia;s__Roseburia_intestinalis	0.0768540062583	0.0226493689225	-0.00779252018177	-0.0340164634196	0.00430166294158	0.0593311972356	-0.113254616945	0.00686178093527	-0.00723326168314	-0.0444352975256	-0.046464622051	0.048226640465	0.031636584197	-0.0224152137478	0.00132442833357	-0.0234044901611	0.0219850756388	-0.00226375452136	0.0238628279965	-0.00864609330799	-0.0150785074912	-0.0109356001745	0.0147469574652	-0.00653004921913	0.0302677208197	-0.0135805456069	1.0	-0.0202683528846	-0.0244266805769	-0.0372849253262	-0.0230954598044	-0.0453248696855	0.0168923683759	-0.045562625445	-0.00884274218663	0.0447083462183	-0.0458147903153	0.00605283122035	-0.0264541166157	0.0219705119047	-0.0268413712927	-0.0606578149124	-0.00814752981776	0.00630097547022	-0.0286564394257	-0.0423614049811	-0.0167264224942	-0.0293751260319	0.00460190660429	-0.0761004664814	-0.00653939853712	-0.0318610146855	0.00170667749199	0.06267304753	-0.0874681098211	0.0155670263828	0.0148792634225	-0.0389998082277	0.0346305516217
k__Bacteria;p__Firmicutes;c__Clostridia;o__Clostridiales;f__Lachnospiraceae;g__Roseburia;s__Roseburia_hominis	0.0193430983687	-0.0124694149793	0.028476956385	-0.0331873375478	-0.00734056926629	-0.0167540515371	-0.0238890864067	0.0172165426268	-0.0624957966049	-0.0190172387969	0.0388891427108	0.0381232989927	-0.0636339887942	-0.00460514828338	-0.0268613190255	-0.0681037311813	0.0333176179854	-0.0688977991109	-0.0339577570328	0.0121493606986	-0.0484496774151	-0.054004292262	0.104289598425	0.0390971608486	-0.0441728600993	0.0384723765428	-0.0202683528846	1.0	-0.010735119146	-0.0377024770524	-0.0450572809205	-0.0454655607263	0.0126109252618	-0.0111516199593	-0.00560517097411	-0.0149588771645	0.00983142627786	-0.0428950667819	0.0309882747514	0.00274499908334	-0.0164257366891	-0.017421917556	0.00644473262487	0.013615829495	0.0214472519364	-0.00534971699184	0.027223036845	0.00968693831099	-0.0209917165011	0.0142448228803	0.0650653366735	-0.0193435005206	-0.0661042859208	0.0489681239565	-0.00208715756092	-0.00302248755297	0.03620688403	-0.027424639064	-0.0648339014876
k__Bacteria;p__Bacteroidetes;c__Bacteroidia;o__Bacteroidales;f__Porphyromonadaceae;g__Parabacteroides;s__Parabacteroides_johnsonii	-0.0137463555861	0.0360022028197	-0.00567994429784	-0.00872569024795	-0.00167224629917	-0.00154238155678	-0.0351660031188	0.0433711796682	0.00195362689583	-0.0069698246002	0.0120137730235	0.0319240472534	0.0254142507017	-0.0251785634768	-0.0163347146117	-0.0374645929354	-0.02305141627	-0.0307863701866	0.0691818502664	-0.00796038300361	0.00348781789864	-0.0507816998581	0.000394879970136	-0.00772887814614	0.0221060924788	-0.0186495402505	-0.0244266805769	-0.010735119146	1.0	-0.0101930649937	0.0193149615763	-0.0308396005348	0.0278112309828	-0.0418354348164	0.0394953411718	-0.0302862059286	0.0275319976847	-0.00129618083219	-0.000911021629864	-0.00142878064966	0.0087240853294	-0.0226746277494	-0.00441491723058	0.014581457933	0.0495040798391	-0.0559715186702	-0.000571630131598	0.0406847153279	-0.00368532136974	-0.0645637042417	0.0215751570419	-0.0279079560188	-0.0830025346592	-0.0349429367287	-0.0604382824649	-0.0421532924459	-0.0243103037009	-0.0274663226194	-0.0597471381658
k__Bacteria;p__Actinobacteria;c__Actinobacteria;o__Bifidobacteriales;f__Bifidobacteriaceae;g__Bifidobacterium;s__Bifidobacterium_longum	0.0767380302876	-0.0222170362789	0.0972472185674	-0.0228610508492	-0.0329757953107	-0.0414430159875	0.0349849633194	-0.00656270444021	0.018121282843	-0.0132733195784	0.0533928290069	0.0325175230418	-0.0079579546246	-0.0433081553862	-0.0663242669857	0.0638039492794	-0.0011015647998	-0.0227650276796	0.0733887481709	-0.0184903655807	-0.00965561109451	0.0327242184662	-0.00810402851597	0.011313725552	-0.00225831122329	-0.00539877609797	-0.0372849253262	-0.0377024770524	-0.0101930649937	1.0	-0.0121595558613	0.0440623371781	0.0186630488315	-0.0460407391513	-0.0425400185596	-0.0794104577878	-0.0300406575185	-0.0433430027236	0.0252008426328	-0.0329575696828	-0.0354809013875	-0.0753964164522	-0.0714268585591	0.0193890516063	-0.0366601779977	-0.055895285961	0.00653281695292	0.0121282691649	0.031961861302	-0.019653455311	-0.0594201772083	0.0276482283943	-0.00141215367776	0.0088490821953	-0.0115513762393	-0.0298407900757	-0.0100856847056	-0.0207422745894	0.00768497895311
