#taxonomy	k__Bacteria;p__Bacteroidetes;c__Bacteroidia;o__Bacteroidales;f__Bacteroidaceae;g__Bacteroides;s__Bacteroides_vulgatus	k__Bacteria;p__Bacteroidetes;c__Bacteroidia;o__Bacteroidales;f__Bacteroidaceae;g__Bacteroides;s__Bacteroides_uniformis	k__Bacteria;p__Bacteroidetes;c__Bacteroidia;o__Bacteroidales;f__Rikenellaceae;g__Alistipes;s__Alistipes_putredinis	k__Bacteria;p__Bacteroidetes;c__Bacteroidia;o__Bacteroidales;f__Prevotellaceae;g__Prevotella;s__Prevotella_copri	k__Bacteria;p__Bacteroidetes;c__Bacteroidia;o__Bacteroidales;f__Bacteroidaceae;g__Bacteroides;s__Bacteroides_stercoris	k__Bacteria;p__Bacteroidetes;c__Bacteroidia;o__Bacteroidales;f__Bacteroidaceae;g__Bacteroides;s__Bacteroides_ovatus	k__Bacteria;p__Bacteroidetes;c__Bacteroidia;o__Bacteroidales;f__Rikenellaceae;g__Alistipes;s__Alistipes_shahii	k__Bacteria;p__Firmicutes;c__Clostridia;o__Clostridiales;f__Ruminococcaceae;g__Faecalibacterium;s__Faecalibacterium_prausnitzii	k__Bacteria;p__Bacteroidetes;c__Bacteroidia;o__Bacteroidales;f__Rikenellaceae;g__Alistipes;s__Alistipes_finegoldii	k__Bacteria;p__Bacteroidetes;c__Bacteroidia;o__Bacteroidales;f__Porphyromonadaceae;g__Parabacteroides;s__Parabacteroides_distasonis	k__Bacteria;p__Bacteroidetes;c__Bacteroidia;o__Bacteroidales;f__Bacteroidaceae;g__Bacteroides;s__Bacteroides_thetaiotaomicron	k__Bacteria;p__Bacteroidetes;c__Bacteroidia;o__Bacteroidales;f__Bacteroidaceae;g__Bacteroides;s__Bacteroides_coprocola	k__Bacteria;p__Bacteroidetes;c__Bacteroidia;o__Bacteroidales;f__Bacteroidaceae;g__Bacteroides;s__Bacteroides_cellulosilyticus	k__Bacteria;p__Bacteroidetes;c__Bacteroidia;o__Bacteroidales;f__Rikenellaceae;g__Alistipes;s__Alistipes_obesi	k__Bacteria;p__Firmicutes;c__Clostridia;o__Clostridiales;f__Lachnospiraceae;g__;s__[Eubacterium]_rectale	k__Bacteria;p__Bacteroidetes;c__Bacteroidia;o__Bacteroidales;f__Bacteroidaceae;g__Bacteroides;s__Bacteroides_plebeius	k__Bacteria;p__Bacteroidetes;c__Bacteroidia;o__Bacteroidales;f__Bacteroidaceae;g__Bacteroides;s__Bacteroides_fragilis	k__Bacteria;p__Proteobacteria;c__Betaproteobacteria;o__Burkholderiales;f__Sutterellaceae;g__Sutterella;s__Sutterella_wadsworthensis	k__Bacteria;p__Bacteroidetes;c__Bacteroidia;o__Bacteroidales;f__Porphyromonadaceae;g__Barnesiella;s__Barnesiella_intestinihominis	k__Bacteria;p__Bacteroidetes;c__Bacteroidia;o__Bacteroidales;f__Odoribacteraceae;g__Odoribacter;s__Odoribacter_splanchnicus	k__Bacteria;p__Bacteroidetes;c__Bacteroidia;o__Bacteroidales;f__Bacteroidaceae;g__Bacteroides;s__Bacteroides_salyersiae	k__Bacteria;p__Firmicutes;c__Clostridia;o__Clostridiales;f__Ruminococcaceae;g__Ruminiclostridium;s__[Eubacterium]_siraeum	k__Bacteria;p__Proteobacteria;c__Betaproteobacteria;o__Burkholderiales;f__Sutterellaceae;g__Parasutterella;s__Parasutterella_excrementihominis	k__Bacteria;p__Actinobacteria;c__Actinobacteria;o__Bifidobacteriales;f__Bifidobacteriaceae;g__Bifidobacterium;s__Bifidobacterium_adolescentis	k__Bacteria;p__Firmicutes;c__Clostridia;o__Clostridiales;f__Oscillospiraceae;g__Oscillibacter;s__Oscillibacter_sp._KLE_1745	k__Bacteria;p__Bacteroidetes;c__Bacteroidia;o__Bacteroidales;f__Bacteroidaceae;g__Bacteroides;s__Bacteroides_coprophilus	k__Bacteria;p__Firmicutes;c__Clostridia;o__Clostridiales;f__Lachnospiraceae;g__Roseburia;s__Roseburia_intestinalis	k__Bacteria;p__Firmicutes;c__Clostridia;o__Clostridiales;f__Lachnospiraceae;g__Roseburia;s__Roseburia_hominis	k__Bacteria;p__Bacteroidetes;c__Bacteroidia;o__Bacteroidales;f__Porphyromonadaceae;g__Parabacteroides;s__Parabacteroides_johnsonii	k__Bacteria;p__Actinobacteria;c__Actinobacteria;o__Bifidobacteriales;f__Bifidobacteriaceae;g__Bifidobacterium;s__Bifidobacterium_longum	k__Bacteria;p__Firmicutes;c__Clostridia;o__Clostridiales;f__;g__Flavonifractor;s__Flavonifractor_plautii	k__Bacteria;p__Firmicutes;c__Clostridia;o__Clostridiales;f__Clostridiaceae;g__Clostridium;s__Clostridium_phoceensis	k__Bacteria;p__Verrucomicrobia;c__Verrucomicrobiae;o__Verrucomicrobiales;f__Akkermansiaceae;g__Akkermansia;s__Akkermansia_muciniphila	k__Bacteria;p__Bacteroidetes;c__Bacteroidia;o__Bacteroidales;f__Prevotellaceae;g__Paraprevotella;s__Paraprevotella_xylaniphila	k__Bacteria;p__Firmicutes;c__Clostridia;o__Clostridiales;f__Ruminococcaceae;g__Ruminococcus;s__Ruminococcus_callidus	k__Bacteria;p__Bacteroidetes;c__Bacteroidia;o__Bacteroidales;f__Rikenellaceae;g__Alistipes;s__Alistipes_senegalensis	k__Bacteria;p__Firmicutes;c__Clostridia;o__Clostridiales;f__Lachnospiraceae;g__Blautia;s__Blautia_sp._KLE_1732	k__Bacteria;p__Bacteroidetes;c__Bacteroidia;o__Bacteroidales;f__Bacteroidaceae;g__Bacteroides;s__Bacteroides_oleiciplenus	k__Bacteria;p__Firmicutes;c__Clostridia;o__Clostridiales;f__Ruminococcaceae;g__Ruminococcus;s__Ruminococcus_bicirculans	k__Bacteria;p__Bacteroidetes;c__Bacteroidia;o__Bacteroidales;f__Bacteroidaceae;g__Bacteroides;s__Bacteroides_fluxus	k__Bacteria;p__Bacteroidetes;c__Bacteroidia;o__Bacteroidales;f__Prevotellaceae;g__Prevotella;s__Prevotella_stercorea	k__Bacteria;p__Firmicutes;c__Clostridia;o__Clostridiales;f__Lachnospiraceae;g__Dorea;s__Dorea_longicatena	k__Bacteria;p__Firmicutes;c__Clostridia;o__Clostridiales;f__Eubacteriaceae;g__Eubacterium;s__[Eubacterium]_eligens	k__Bacteria;p__Firmicutes;c__Clostridia;o__Clostridiales;f__Ruminococcaceae;g__;s__Ruminococcaceae_bacterium_D16	k__Bacteria;p__Firmicutes;c__Clostridia;o__Clostridiales;f__Lachnospiraceae;g__Coprococcus;s__Coprococcus_comes	k__Bacteria;p__Proteobacteria;c__Gammaproteobacteria;o__Enterobacterales;f__Enterobacteriaceae;g__Escherichia;s__Escherichia_coli	k__Bacteria;p__Firmicutes;c__Clostridia;o__Clostridiales;f__Ruminococcaceae;g__Anaerotruncus;s__Anaerotruncus_colihominis	k__Bacteria;p__Firmicutes;c__Clostridia;o__Clostridiales;f__Lachnospiraceae;g__Blautia;s__Blautia_obeum	k__Bacteria;p__Bacteroidetes;c__Bacteroidia;o__Bacteroidales;f__Odoribacteraceae;g__Odoribacter;s__Odoribacter_laneus	k__Bacteria;p__Firmicutes;c__Clostridia;o__Clostridiales;f__Ruminococcaceae;g__Ruminiclostridium;s__[Clostridium]_leptum	k__Bacteria;p__Bacteroidetes;c__Bacteroidia;o__Bacteroidales;f__Porphyromonadaceae;g__Parabacteroides;s__Parabacteroides_goldsteinii	k__Bacteria;p__Firmicutes;c__Clostridia;o__Clostridiales;f__Lachnospiraceae;g__Anaerostipes;s__Anaerostipes_hadrus	k__Bacteria;p__Firmicutes;c__Clostridia;o__Clostridiales;f__Ruminococcaceae;g__Ruminococcus;s__Ruminococcus_lactaris	k__Bacteria;p__Firmicutes;c__Clostridia;o__Clostridiales;f__Clostridiaceae;g__Clostridium;s__Clostridium_sp._L2-50	k__Bacteria;p__Firmicutes;c__Clostridia;o__Clostridiales;f__Clostridiaceae;g__Clostridium;s__Clostridium_sp._M62/1	k__Bacteria;p__Firmicutes;c__Clostridia;o__Clostridiales;f__;g__Intestinimonas;s__Intestinimonas_butyriciproducens	k__Bacteria;p__Actinobacteria;c__Actinobacteria;o__Bifidobacteriales;f__Bifidobacteriaceae;g__Bifidobacterium;s__Bifidobacterium_bifidum	k__Bacteria;p__Firmicutes;c__Negativicutes;o__Veillonellales;f__Veillonellaceae;g__Dialister;s__Dialister_invisus	k__Bacteria;p__Bacteroidetes;c__Bacteroidia;o__Bacteroidales;f__Bacteroidaceae;g__Bacteroides;s__Bacteroides_salanitronis
k__Bacteria;p__Bacteroidetes;c__Bacteroidia;o__Bacteroidales;f__Bacteroidaceae;g__Bacteroides;s__Bacteroides_vulgatus	1.0	-0.00162780657191	0.0505104416325	-0.006766406153	-0.0110304193359	0.036148221919	0.0254817498566	0.028402491283	0.0402343138023	0.00872067195521	-0.0237795273258	0.0422307337437	0.0164022736237	0.0130626550887	-0.0108546881206	-0.00548684832296	-0.0360447040304	0.00705636883376	-0.00107562731143	-0.0599416598911	-0.0112874342539	-0.0192388428165	-0.0577697407154	-0.0409993397153	-0.0222865564501	-0.0106268148623	0.0124577993248	-0.0397273240724	-0.057405265933	0.0470242688491	0.0104852499468	-0.0619605748898	-0.0140881182986	0.0387597266607	-0.0126277912071	-0.0211232884172	0.0168268764577	0.0177094583596	-0.0884769195508	-0.0274693170839	-0.0199200173767	0.029619835151	-0.0434972129591	0.0489482733789	-0.079316917043	-0.039074625751	-0.0146955191557	-0.00236095444346	-0.0181400306152	0.0184180366243	-0.00982875887399	-0.0579091541311	-0.0312963849296	-0.100961582325	0.0410264485043	0.0298638570057	-0.0250568400296	0.0378867923407	-0.0555264818432
k__Bacteria;p__Bacteroidetes;c__Bacteroidia;o__Bacteroidales;f__Bacteroidaceae;g__Bacteroides;s__Bacteroides_uniformis	-0.00162780657191	1.0	0.0136645237651	-0.00456016079751	-0.0227623269901	-0.00301002967162	-0.0461752296963	-0.0107931423115	-0.00408333648467	0.00190291463706	-0.0041408997916	-0.0380508415817	-0.00581505348297	-0.00597033531831	-0.0487517000157	0.0027704859144	-0.0458754802753	-0.00797631209657	0.0538078005361	0.0283031075584	0.0713648402817	-0.00741402790225	0.0167744119996	0.0129761884977	-0.082178963664	-0.038108674289	-0.00354457941954	0.0168276934219	-0.0338380218543	-0.0327284543678	0.0258963163063	0.0345914718758	-0.046968518595	-0.00902147192855	-0.00359172830248	-0.0226925348075	0.0197062387163	-0.033233052956	-0.000826760415444	-0.00872086728428	0.00308836661445	-0.047844326964	0.00416931271326	0.00338380380768	-0.00688969435973	-0.00346330114008	0.0461720608086	0.0331854490435	-0.00899053524457	0.0112075332121	0.0374574363111	0.0017205754315	-0.0316695978533	0.0120255474115	0.0741237429599	-0.0132410490845	-0.0454340400569	0.00467219997512	0.000823393027987
k__Bacteria;p__Bacteroidetes;c__Bacteroidia;o__Bacteroidales;f__Rikenellaceae;g__Alistipes;s__Alistipes_putredinis	0.0505104416325	0.0136645237651	1.0	0.0663901748457	-0.0704599503826	-0.0369052987743	0.0438362508683	-0.0273926760596	-0.0498298669868	-0.0448374371433	0.00461251181006	-0.0156768121493	-0.0376957952656	-0.00920412606566	0.00418940143882	0.0911384959872	0.0250122015788	0.00600378297134	0.000921052998641	-0.0059950672029	-0.01264661464	-0.00832944877168	-0.0249179423145	0.0293324340428	-0.0478654497839	0.011961635536	0.00723269482936	-0.00962657901123	-0.0661135287932	0.0561507959125	-0.0444780418244	-0.0221466935632	-0.0572373480138	0.0302133303122	0.0158781788847	0.0349188144667	0.00255927112928	-0.00506586652682	0.00652672789994	-0.0160648883373	0.0512698664014	-0.00412306330286	0.0159674651828	-0.0932692556047	0.0237230480082	0.0418632970535	-0.013247035013	0.00512242125737	0.00314058665515	0.0012926880607	-0.0126325859599	0.0044035482928	0.0036965827727	0.0450105857693	-0.0386591091276	-0.039298363331	-0.0473353189804	-0.0290847623444	-0.0137370465558
k__Bacteria;p__Bacteroidetes;c__Bacteroidia;o__Bacteroidales;f__Prevotellaceae;g__Prevotella;s__Prevotella_copri	-0.006766406153	-0.00456016079751	0.0663901748457	1.0	-0.0336177435496	-0.014716941849	0.000132252803153	-0.0298235592981	-0.00192201421291	0.0148317626619	0.017254099453	0.0107687774009	0.0144360079204	0.0219906805965	-0.0550789682208	0.034699497045	-0.0553194449639	-0.0585142735383	-0.0105612247117	-0.0329885764668	-0.0550919462423	-0.0847097228418	0.0162930518415	0.0232003141602	-0.0135405937193	-0.00222024743154	0.0332655677362	0.00932468002228	-0.045576444722	-0.100460909719	0.0130383603912	0.0327609047089	-0.00414560670548	-0.0282317396178	-0.0371079879342	-0.0191722229487	-0.0811560889147	0.029549937199	-0.0374169348905	-0.0165249287019	0.0241836362764	0.0293003953512	0.024098371913	0.0531564519259	-0.0485868295624	0.0416208719479	-0.00163210523499	0.0128725692651	-0.00245801159109	-0.0136068048281	-0.0155901424746	0.00496479530238	0.034629170512	0.0695411316068	-0.0178016693446	0.0134112512337	-0.0387350489821	0.0234577051062	-0.00579301890461
k__Bacteria;p__Bacteroidetes;c__Bacteroidia;o__Bacteroidales;f__Bacteroidaceae;g__Bacteroides;s__Bacteroides_stercoris	-0.0110304193359	-0.0227623269901	-0.0704599503826	-0.0336177435496	1.0	-0.053002266569	0.0112903664121	-0.00338830680013	-0.00606487610987	0.00241178331807	-0.0602106381443	-0.0149971141585	-0.025324399048	0.00479312908924	-0.0281308510982	0.00651509377503	0.0252435392376	-0.00401363918629	-0.0321998518343	-0.0169175398683	-0.0070584597407	-0.0215657647143	0.00306669739503	-0.0284100852168	-0.0198821819558	0.0818799690718	0.0232609886867	0.0757410576334	0.103225769183	0.00660321334344	-0.029234586446	-0.0287627817731	0.0252671591938	-0.011320392956	0.0119101473314	-0.00729324356478	0.00163672396647	0.00688321510737	-0.0130200678888	0.0485096104036	-0.0653053192415	-0.00272674682602	0.0485189414399	-0.0760035083647	0.0376412416416	0.0148493212379	-0.0485890587596	-0.029245545945	-0.0336604128004	-0.0134044204049	-0.0105013994652	0.0439521261185	0.021348264669	0.0617421011552	0.0416526870076	0.00545996472496	0.0318707320627	-0.0286192782999	-0.00712581604039
k__Bacteria;p__Bacteroidetes;c__Bacteroidia;o__Bacteroidales;f__Bacteroidaceae;g__Bacteroides;s__Bacteroides_ovatus	0.036148221919	-0.00301002967162	-0.0369052987743	-0.014716941849	-0.053002266569	1.0	0.00293074769123	-0.0966884463675	-0.0489440375461	-0.0570546314011	-0.0177159980668	-0.0255755064148	-0.0488246503674	-0.00881681441434	0.0130178981125	0.0129540098274	0.000192711529747	-0.0756108186795	-0.0374006333213	0.0165345955305	-0.0274641177304	0.0403108330132	0.0177780116742	0.0317342436651	0.0314722303901	0.00650314877718	0.0526078671707	0.017985454574	-0.00263507515079	0.0142422298972	-0.0227361075974	-0.0498429863264	-0.00505643158604	0.0326956070549	-0.0380811419638	0.0379618317805	0.00220437754198	-0.0363559589237	0.0132380646706	-0.0300841162239	0.0487422503352	0.020180756544	0.0543688226545	0.0322928212782	0.0065926727879	-0.0433160489836	0.0133957189078	0.0638289003719	0.0356593468912	-0.0416634907921	-0.0400528936916	0.0125962614456	-0.00793864857964	-0.00337701759588	-0.0359117147856	0.0117568516916	-0.0440979732943	-0.0435907212358	0.0125794287024
k__Bacteria;p__Bacteroidetes;c__Bacteroidia;o__Bacteroidales;f__Rikenellaceae;g__Alistipes;s__Alistipes_shahii	0.0254817498566	-0.0461752296963	0.0438362508683	0.000132252803153	0.0112903664121	0.00293074769123	1.0	0.0359212345403	-0.0695405041391	-0.038078370273	-0.0172632044867	-0.039530311008	-0.0206347932956	-0.0170511558507	0.0195824761834	-0.0227368309689	0.00607690224355	-0.0102322968077	-0.0540477841953	0.00290401596331	-0.00248958337125	0.0528941206772	0.0297397470592	0.0369505244319	-0.0111190143508	0.0352054197217	0.0159532009962	-0.0220827488699	-0.0257864590977	0.0251685185074	0.0289365391984	-0.0255100058801	0.0533022555258	-0.0126814542067	-0.0447487987824	0.0435110106186	0.0221817264145	-0.0191636869832	-0.0418878902097	0.0275672104485	-0.0161868507202	-0.0342481812502	-0.0956677517116	-6.06171424621e-05	-0.0247390567514	-0.0081722975493	0.00806354776526	0.0653182009617	-0.0569775531732	0.0108353029644	0.0104998413672	0.00156706829384	0.0131161014852	-0.0192324746174	-0.00257054732169	0.0215447338641	-0.0411376046299	-0.0437247350425	0.0646263784893
k__Bacteria;p__Firmicutes;c__Clostridia;o__Clostridiales;f__Ruminococcaceae;g__Faecalibacterium;s__Faecalibacterium_prausnitzii	0.028402491283	-0.0107931423115	-0.0273926760596	-0.0298235592981	-0.00338830680013	-0.0966884463675	0.0359212345403	1.0	-0.0451168966437	-0.00119017221044	0.000416554900259	0.0236103220459	0.00394357243653	-0.0834976092485	-0.0402179280383	-0.05560863242	-0.00827064982878	0.0398378122585	-0.0407317562239	-0.0350522701576	0.0703465908979	0.042095103395	0.063140658425	0.00867582421282	0.0149911535357	0.00394213338993	0.00394775565646	-0.00204084734052	0.0136488645279	-0.0516871390379	0.0382916565762	0.0106518335937	-0.0430792603532	-0.00162659575364	-0.0259430770155	-0.0180449380496	-0.0388581438533	-0.0236080976233	0.0404865030517	-0.123231556228	-0.0157195110103	0.0400453568329	-0.0283862817253	0.0220919921305	-0.0183164900256	-0.0690795888136	-0.0618644790886	-0.0286526761499	-0.0227019160226	-0.0922680680434	-0.028941723672	0.00526203534444	0.0369725065031	0.0174456689174	0.0136625659992	0.0523109360453	0.0386876334985	-0.00807346292292	-0.000181839605795
k__Bacteria;p__Bacteroidetes;c__Bacteroidia;o__Bacteroidales;f__Rikenellaceae;g__Alistipes;s__Alistipes_finegoldii	0.0402343138023	-0.00408333648467	-0.0498298669868	-0.00192201421291	-0.00606487610987	-0.0489440375461	-0.0695405041391	-0.0451168966437	1.0	-0.0182786300553	0.0284690327575	0.00830083001932	0.0314081364714	-0.0411483783378	-0.0041098054559	-0.00856738361602	-0.0505075867973	0.0299571110785	0.0346922310078	0.042424683333	-0.019373041553	-0.015703730375	-5.06345579838e-05	0.0134949068677	0.0046718624102	0.042523481795	-0.0298669063942	-0.0336567971466	0.00247762780106	0.0377391702361	-0.0473276552581	-0.00840587074457	-0.0267675511808	-0.010815335722	-0.0182158701788	0.0611432825782	0.000238098961178	0.0715437420195	-0.0165922315655	-0.0396044426686	0.0268992522304	-0.0620027217156	-0.0178906434161	0.0516137921511	-0.00466435663141	0.00239872943771	0.00845466617728	-0.0503487643425	0.0154057232416	-0.0108465807729	-0.0436013977404	0.00732823257353	-0.0735644445536	-0.00940865701973	0.0416721578283	0.0304680734579	-0.0532371138038	-0.00699968981104	-0.0288875067122
k__Bacteria;p__Bacteroidetes;c__Bacteroidia;o__Bacteroidales;f__Porphyromonadaceae;g__Parabacteroides;s__Parabacteroides_distasonis	0.00872067195521	0.00190291463706	-0.0448374371433	0.0148317626619	0.00241178331807	-0.0570546314011	-0.038078370273	-0.00119017221044	-0.0182786300553	1.0	0.00392134839991	-0.0101571889861	-0.0531201968904	-0.0139799921999	-0.0475993234752	0.0594888772783	-0.0501848558499	-0.0836300508543	-0.0604746052635	0.0497239599077	-0.0433654971469	-0.00291621082767	-0.00444312633335	0.00633271980418	-0.00874080858148	0.00728661176523	-0.017927789151	-0.0260551404846	0.00241715648035	-0.0165385153155	-0.0617332090492	-0.0268296551098	0.0555302450959	0.05419918411	0.0308045795114	-0.062519511424	-0.000714975281122	0.0117506367802	0.026342914001	0.0667382819405	-0.0241472819004	-0.0497582415319	-0.0657438423974	0.00511229935356	-0.000762646865772	-0.0344272343565	-0.00844623232756	0.00622167813518	-0.00720338221882	0.0336771180186	-0.00628212130289	-0.0561299343384	-0.00313388020461	0.0707714595937	0.0350817740312	-0.0283365015658	-0.00585056461207	0.0395221729608	-0.00133990269059
k__Bacteria;p__Bacteroidetes;c__Bacteroidia;o__Bacteroidales;f__Bacteroidaceae;g__Bacteroides;s__Bacteroides_thetaiotaomicron	-0.0237795273258	-0.0041408997916	0.00461251181006	0.017254099453	-0.0602106381443	-0.0177159980668	-0.0172632044867	0.000416554900259	0.0284690327575	0.00392134839991	1.0	-0.0125639397937	0.0175495773687	0.0341784632635	0.00589526990149	-0.0102114400762	-0.0440589958384	-0.0631453170284	-0.0123467374154	0.039723359752	-0.076723631132	0.0307952372907	-0.0125096727884	0.00694345513977	-0.00934989674642	0.0418297809505	0.0134834561884	0.00237398032659	0.0154299186866	-0.0098298696443	0.0404783999771	0.0512849084812	0.0197147691505	-0.0426672638645	-0.0255498699296	-0.039495294715	-0.0270559428815	0.0207281629146	-0.0095187287	-0.00687573550253	0.0179678485243	0.0173630917171	0.00719841027063	0.024345749154	-0.00291572648599	-0.038307040681	0.0476306504091	-0.0238570218464	-0.0892758700251	-0.0357153982642	-0.0122713407373	-0.0460672115228	0.00620787586613	-0.0238271470407	-0.0804708806469	-0.0396335045944	0.0127251374519	-0.121561278143	-0.0453532140728
k__Bacteria;p__Bacteroidetes;c__Bacteroidia;o__Bacteroidales;f__Bacteroidaceae;g__Bacteroides;s__Bacteroides_coprocola	0.0422307337437	-0.0380508415817	-0.0156768121493	0.0107687774009	-0.0149971141585	-0.0255755064148	-0.039530311008	0.0236103220459	0.00830083001932	-0.0101571889861	-0.0125639397937	1.0	-0.0234688606982	-0.0458146089733	0.0440864782454	-0.00642872421383	-0.0644771304233	-0.0458830138003	0.0407414051276	-0.0137277564233	-0.0160779856754	-0.05533573509	-0.0202150030716	0.0282520265086	-0.0254082282251	-0.00434699328085	-0.00581490258233	0.045137516136	-0.00458613953512	0.0178835665172	0.014899112601	0.0237341182471	-0.00696337503299	0.0669125765654	-0.0145809482388	0.00205775526387	-0.042668313722	0.0194924321528	-0.00284131469833	-0.0314730543493	-0.00692520023523	-0.0301793989646	-0.0216784639535	0.0100416449539	0.0169499821869	-0.0191079087704	-0.00962696545528	-0.0633542106388	-0.0485552806993	0.014655538774	0.0237429969468	-0.00481682273482	-0.0210244646191	-0.0156176136833	-0.00709435122512	0.0928147042022	0.0780347000875	-0.00511902444717	-0.033821020805
k__Bacteria;p__Bacteroidetes;c__Bacteroidia;o__Bacteroidales;f__Bacteroidaceae;g__Bacteroides;s__Bacteroides_cellulosilyticus	0.0164022736237	-0.00581505348297	-0.0376957952656	0.0144360079204	-0.025324399048	-0.0488246503674	-0.0206347932956	0.00394357243653	0.0314081364714	-0.0531201968904	0.0175495773687	-0.0234688606982	1.0	0.0440100235209	0.00934755758987	-0.0317801563572	-0.0105210760021	0.00487650531304	0.0200836019063	-0.0353735071424	-0.0398422745546	0.0319479460436	-0.0515005960852	0.0192418464101	0.0264674147282	0.000370167832989	-0.0232406586666	-0.0117683835101	-0.014697519841	0.0304894965533	-0.0295179614413	0.0647499739124	-0.0507249957866	-0.0305499795744	0.0320804378231	-0.0352731732541	-0.0526286396576	0.0115188853661	-0.062571347645	0.0754757688641	-0.0542316599371	0.0156298145003	-0.00249367187655	-0.0329651936945	-0.0168879676381	0.00853768650243	-0.00392220591414	-0.0153489982316	0.00791385818603	-0.0501456392504	-0.0497679798767	-0.0668205689576	0.0270443392208	0.0218975347938	0.0140292396863	-0.0873006455292	-0.0106329910616	0.0258438967391	0.00354342095941
k__Bacteria;p__Bacteroidetes;c__Bacteroidia;o__Bacteroidales;f__Rikenellaceae;g__Alistipes;s__Alistipes_obesi	0.0130626550887	-0.00597033531831	-0.00920412606566	0.0219906805965	0.00479312908924	-0.00881681441434	-0.0170511558507	-0.0834976092485	-0.0411483783378	-0.0139799921999	0.0341784632635	-0.0458146089733	0.0440100235209	1.0	-0.00225066273165	-0.00152531871853	-0.0100358402217	0.020408536952	-0.00349388580512	0.0351094411954	0.00748666310851	0.00290833887424	0.00210795370121	-0.00641710826929	0.0386948353451	-0.028490368325	0.0411246367706	-0.0208471737473	-0.00674462246388	0.029684107537	-0.00178749243648	-0.0288304795319	0.0244584803809	-0.0330329224288	-0.00605834895273	-0.0186179143452	-0.0100153866535	-0.0211708716383	-0.029336939717	-0.0105061768751	0.0282791391152	0.00719922672651	0.0568304112525	-0.00740284629736	0.0154535487195	-0.0234320303715	0.012838419044	0.0149567795876	0.0286233161126	-0.00662005290868	-0.0188384825643	-0.0180555371453	-0.0104513010832	0.00428134569487	0.0139928891118	-0.0743229330233	0.0281734067343	-0.0224425054054	-0.0588616757815
k__Bacteria;p__Firmicutes;c__Clostridia;o__Clostridiales;f__Lachnospiraceae;g__;s__[Eubacterium]_rectale	-0.0108546881206	-0.0487517000157	0.00418940143882	-0.0550789682208	-0.0281308510982	0.0130178981125	0.0195824761834	-0.0402179280383	-0.0041098054559	-0.0475993234752	0.00589526990149	0.0440864782454	0.00934755758987	-0.00225066273165	1.0	0.0481972625697	-0.0473895662388	-0.001331547217	0.0140314802098	-0.0194642697705	-0.00654367424467	0.010866635422	-0.0184903482354	-0.0394896897972	-0.0159755161777	-0.0246004986325	-0.00909301565398	-0.0062465939573	0.00258582184367	0.00512909435721	0.013221502668	0.0353046503853	0.035399989093	0.00635258608881	-0.00753878771822	-0.0264617471007	-0.01683638755	-0.0526949059916	0.0695281913403	0.00484102803469	-0.00802229187772	0.0704369458881	-0.017950455337	-0.00812005854709	0.0474143264547	-0.0125094283718	-0.00471252223971	-0.0194694728108	0.0396265116667	-0.0413581112251	-0.0166917275802	-0.00848911510003	-0.0437678244866	-0.00276572890859	0.0652966986369	-0.0397589109057	-0.0108822082701	-0.00470275099804	0.0195102899357
k__Bacteria;p__Bacteroidetes;c__Bacteroidia;o__Bacteroidales;f__Bacteroidaceae;g__Bacteroides;s__Bacteroides_plebeius	-0.00548684832296	0.00277048591441	0.0911384959872	0.034699497045	0.00651509377503	0.0129540098274	-0.0227368309689	-0.05560863242	-0.00856738361602	0.0594888772783	-0.0102114400762	-0.00642872421383	-0.0317801563572	-0.00152531871853	0.0481972625697	1.0	0.0789956334325	-0.0222680734998	0.00330790275774	0.00523762940486	0.0135990453447	0.0278579123089	-0.0207687898649	-0.00282552519267	0.0128454754517	-0.00955854993567	0.0195471518292	0.0302056910279	0.0311698463847	-0.025132044562	-0.0132884705257	-0.0056611007583	0.046622706422	-0.0330113452369	-0.0176561313332	-0.0211214013716	-0.0663232146851	0.0170104215636	0.0069347971313	-0.0669103746479	-0.0327365381799	-0.056092180655	-0.035354553795	0.00816516421527	-0.018164486447	-0.041273641077	0.00233251011377	0.0125013667741	-0.0292686323396	-0.0319680272404	-0.00578275007733	0.00445469224063	0.00495203939691	-0.0111056475127	-0.078079678503	-0.0205893982471	-0.0173614945009	-0.0191987677246	0.00739703269891
k__Bacteria;p__Bacteroidetes;c__Bacteroidia;o__Bacteroidales;f__Bacteroidaceae;g__Bacteroides;s__Bacteroides_fragilis	-0.0360447040304	-0.0458754802753	0.0250122015788	-0.0553194449639	0.0252435392376	0.000192711529747	0.00607690224355	-0.00827064982878	-0.0505075867973	-0.0501848558499	-0.0440589958384	-0.0644771304233	-0.0105210760021	-0.0100358402217	-0.0473895662388	0.0789956334325	1.0	-0.0913540366008	-0.0243200378672	-0.0015556632503	0.00493709421609	0.0413318269895	0.029340230264	0.0284022092735	-0.0467644902989	-0.0322808518119	-0.00844525501472	0.00531133405904	0.00966379418448	-0.0140940848039	0.0414118058908	0.036678033162	-0.023725064715	-0.0136941657783	-0.00999993649647	0.0343632241851	-0.0547666439436	0.0186200188344	-0.0613567216929	-0.00266068919738	-0.0738064279281	-0.0137838306688	-0.0174843983588	0.0142116349533	-0.000356650027245	0.0313607201477	-0.0346915337357	0.0189350383962	-0.0225891433087	0.0183043143269	-0.0346397316742	-0.0114566288427	-0.0470238432379	-0.00579201276321	0.0497724058337	-9.089962592e-05	-0.0856545159809	-0.0448451550399	0.0396813131552
k__Bacteria;p__Proteobacteria;c__Betaproteobacteria;o__Burkholderiales;f__Sutterellaceae;g__Sutterella;s__Sutterella_wadsworthensis	0.00705636883376	-0.00797631209657	0.00600378297134	-0.0585142735383	-0.00401363918629	-0.0756108186795	-0.0102322968077	0.0398378122585	0.0299571110785	-0.0836300508543	-0.0631453170284	-0.0458830138003	0.00487650531304	0.020408536952	-0.001331547217	-0.0222680734998	-0.0913540366008	1.0	-0.0693325638956	0.0278939849536	0.0144451588551	-0.0139137243307	-0.0401716838336	-0.05194492271	-0.0413256381077	-0.0197443951921	-0.0375024474267	0.0217635979695	-0.0468409152286	0.0102522974119	-0.0222000083725	-0.00407727102619	0.00216284071866	0.0282599785046	-0.0504147658587	-0.00209088349221	-0.010901302064	0.0608760160619	-0.0224789597812	-0.00322778386353	0.00254816834372	-0.0301193535708	-0.00715104531543	0.0309317672774	0.00397189631428	0.0267145100654	0.0176380123901	0.0228688321824	0.0122154976562	0.0674520467976	0.00991824707959	0.000502238466165	-0.0294208218326	0.0388170700275	0.0242028962449	0.00951072019725	-0.0209404497079	-0.0468522227268	-0.0136964770472
k__Bacteria;p__Bacteroidetes;c__Bacteroidia;o__Bacteroidales;f__Porphyromonadaceae;g__Barnesiella;s__Barnesiella_intestinihominis	-0.00107562731143	0.0538078005361	0.000921052998641	-0.0105612247117	-0.0321998518343	-0.0374006333213	-0.0540477841953	-0.0407317562239	0.0346922310078	-0.0604746052635	-0.0123467374154	0.0407414051276	0.0200836019063	-0.00349388580512	0.0140314802098	0.00330790275774	-0.0243200378672	-0.0693325638956	1.0	0.0599108528392	0.00463407484993	-0.0277839892497	-0.0615199898262	0.0156626435973	-0.0389355157332	-0.00894170455145	-0.00140059019726	0.0417034912813	0.0164285583214	0.0128179663962	0.0044217285966	0.0174122938338	0.0240306292435	-0.0201210880816	0.0735038402288	-0.0288819485445	0.0410502642765	-0.0314379388985	-0.0421312210631	0.0522049144187	0.0275131081771	0.025584709203	-0.0360172031769	0.0266078682584	-0.00604857237881	-0.0441111902298	-0.0215000247372	0.00929091619311	-0.0302154818857	-0.0100405738578	0.0277139953261	-0.0136355563913	-0.0625864494435	-0.0951413979068	-0.0006874769851	-0.0220215916105	0.0635583117452	0.0161584268484	0.0347808837665
k__Bacteria;p__Bacteroidetes;c__Bacteroidia;o__Bacteroidales;f__Odoribacteraceae;g__Odoribacter;s__Odoribacter_splanchnicus	-0.0599416598911	0.0283031075584	-0.0059950672029	-0.0329885764668	-0.0169175398683	0.0165345955305	0.00290401596331	-0.0350522701576	0.042424683333	0.0497239599077	0.039723359752	-0.0137277564233	-0.0353735071424	0.0351094411954	-0.0194642697705	0.00523762940486	-0.0015556632503	0.0278939849536	0.0599108528392	1.0	-0.0346358540913	0.0242043897434	-0.00568804751093	0.0353610520679	0.0121737356197	-0.0695586130683	-0.0182458942868	0.0280024197658	-0.0656854673	0.0296955842037	-0.014819503435	-0.000562145966915	-0.0235278485933	0.0301375929274	-0.0180899167202	0.00177640279934	0.0281122312588	-0.0338686224685	-0.040330980885	-0.0338459439535	0.0413750638883	-0.06893736834	-0.0122194849017	-0.0841447349216	0.0550207633054	-0.00537552551712	0.0865976178176	0.0297588018734	0.0277271547835	0.031626789414	-0.0150133323939	-0.0254412775121	0.000314228338545	-0.0355038543486	-0.0123958712199	-0.0844501343368	0.0259321237671	0.0265209674873	-0.000800374268463
k__Bacteria;p__Bacteroidetes;c__Bacteroidia;o__Bacteroidales;f__Bacteroidaceae;g__Bacteroides;s__Bacteroides_salyersiae	-0.0112874342539	0.0713648402817	-0.01264661464	-0.0550919462423	-0.0070584597407	-0.0274641177304	-0.00248958337125	0.0703465908979	-0.019373041553	-0.0433654971469	-0.076723631132	-0.0160779856754	-0.0398422745546	0.00748666310851	-0.00654367424467	0.0135990453447	0.00493709421609	0.0144451588551	0.00463407484993	-0.0346358540913	1.0	-0.0504019429944	0.0241760831215	0.0106284632569	0.0624630125394	-0.0731720889188	-0.0148157943805	-0.0733744301703	0.0202884501129	0.0332712957148	-0.0139098266483	0.0597402440023	0.0165314943191	-0.0411111539524	0.0349215310372	-0.0610705391564	-0.0272473364708	-0.0494961511539	0.00170873169494	-0.0580747277733	0.0378878855839	-0.0362953346959	0.0158417529546	-0.0417322794192	-0.0125662193451	0.0220592465724	-0.0650343824202	-0.00308106333668	0.0132813772362	-0.0348489334546	-0.0152976546844	-0.0469873530525	-0.0115567533547	0.0446562750311	0.0309669802068	0.0139749248924	0.0550689352767	0.0572236430127	0.0325908212222
k__Bacteria;p__Firmicutes;c__Clostridia;o__Clostridiales;f__Ruminococcaceae;g__Ruminiclostridium;s__[Eubacterium]_siraeum	-0.0192388428165	-0.00741402790225	-0.00832944877168	-0.0847097228418	-0.0215657647143	0.0403108330132	0.0528941206772	0.042095103395	-0.015703730375	-0.00291621082767	0.0307952372907	-0.05533573509	0.0319479460436	0.00290833887424	0.010866635422	0.0278579123089	0.0413318269895	-0.0139137243307	-0.0277839892497	0.0242043897434	-0.0504019429944	1.0	0.0206018648849	0.00458242762188	-0.0206505168728	-0.0458377882253	-0.0688692295043	-0.00714728476632	-0.0344718701894	-0.0159116789009	0.0532449740197	-0.0392438773582	-0.0168111074762	0.0329303527154	0.0233117980876	-0.0976934203265	-0.000451180479124	-0.0580724229642	0.0517305871494	-0.0337972192686	0.0598990074205	0.0322308301089	-0.028217750285	-0.0346429551419	-0.0216434633756	-0.0100025397056	0.0276954957686	-0.00221501172852	0.0491722821052	-0.0153373978836	0.0156621197963	-0.046830862676	-0.0690731710803	-0.0325134475895	-0.0141107448528	-0.0550235144302	-0.0350713514755	0.0361968681003	0.0253059099311
k__Bacteria;p__Proteobacteria;c__Betaproteobacteria;o__Burkholderiales;f__Sutterellaceae;g__Parasutterella;s__Parasutterella_excrementihominis	-0.0577697407154	0.0167744119996	-0.0249179423145	0.0162930518415	0.00306669739503	0.0177780116742	0.0297397470592	0.063140658425	-5.06345579838e-05	-0.00444312633335	-0.0125096727884	-0.0202150030716	-0.0515005960852	0.00210795370121	-0.0184903482354	-0.0207687898649	0.029340230264	-0.0401716838336	-0.0615199898262	-0.00568804751093	0.0241760831215	0.0206018648849	1.0	-0.00893180520084	-0.0269275837227	0.0068803783901	-0.0437828775607	0.00745260326969	0.00141438248153	-0.0458417242278	-0.0275256663525	-0.0473346408202	-0.0144126909303	-0.00887696898556	0.0154025244346	0.00644227045759	-0.076577569355	-0.0146094044409	0.0111555055166	0.0214766994496	0.0417731714274	0.0177139138323	-0.0631085360008	-0.00270912615175	0.00352829736198	0.0215667776316	-0.00255915649976	-0.0299983396585	-0.0489200927842	-0.0187728810185	0.00370860569718	0.0391157180947	0.0159913295211	0.0421107417409	0.0163222962285	-0.0207105083495	0.0103537223161	-0.0337992468639	-0.0772239902137
k__Bacteria;p__Actinobacteria;c__Actinobacteria;o__Bifidobacteriales;f__Bifidobacteriaceae;g__Bifidobacterium;s__Bifidobacterium_adolescentis	-0.0409993397153	0.0129761884977	0.0293324340428	0.0232003141602	-0.0284100852168	0.0317342436651	0.0369505244319	0.00867582421282	0.0134949068677	0.00633271980418	0.00694345513977	0.0282520265086	0.0192418464101	-0.00641710826929	-0.0394896897972	-0.00282552519267	0.0284022092735	-0.05194492271	0.0156626435973	0.0353610520679	0.0106284632569	0.00458242762188	-0.00893180520084	1.0	-0.0214349622766	0.00983339575138	-0.0123793407299	0.00278924304685	-0.00394907627947	0.00214861268988	0.0575369644456	-0.0491946279285	-0.0533007687634	-0.0319688541898	0.0236730119138	0.030217722798	-0.0507251084888	0.0273721481559	-0.004295427652	-0.0301846938964	0.0421694027244	0.0418058836394	0.0292396338562	0.0503979695343	-0.071283291774	-0.0171336445264	0.0397240431785	-0.0204505148213	0.0645733891428	-0.0285973272201	-0.0400534593346	0.0319966252097	-0.0147561033612	0.0143414999313	0.000979243071011	-0.0364557668354	-0.0376474923423	-0.000448759677795	0.0216803138046
k__Bacteria;p__Firmicutes;c__Clostridia;o__Clostridiales;f__Oscillospiraceae;g__Oscillibacter;s__Oscillibacter_sp._KLE_1745	-0.0222865564501	-0.082178963664	-0.0478654497839	-0.0135405937193	-0.0198821819558	0.0314722303901	-0.0111190143508	0.0149911535357	0.0046718624102	-0.00874080858148	-0.00934989674642	-0.0254082282251	0.0264674147282	0.0386948353451	-0.0159755161777	0.0128454754517	-0.0467644902989	-0.0413256381077	-0.0389355157332	0.0121737356197	0.0624630125394	-0.0206505168728	-0.0269275837227	-0.0214349622766	1.0	-0.046660471644	0.0215852233276	0.0100592552912	0.000872429962581	0.0152336868598	0.0192040989943	0.0390187958627	0.0526242145632	-0.0210818066543	-0.0898597500572	-0.0208158399036	-0.0767364686832	-0.025622548385	-0.0690859846313	0.0264441248996	0.00895298032242	-0.0403988125428	-0.0101762180417	0.0263091548701	0.035279852474	0.0582706198906	-0.0667738017659	0.0651556158275	-0.00303870962646	-0.0157408613723	-0.00103381492446	-0.0131467503852	-0.0262776487606	0.00307956869915	-0.0686561688375	-0.0163936677134	3.61552394199e-05	-0.058573062692	-0.0427291416083
k__Bacteria;p__Bacteroidetes;c__Bacteroidia;o__Bacteroidales;f__Bacteroidaceae;g__Bacteroides;s__Bacteroides_coprophilus	-0.0106268148623	-0.038108674289	0.011961635536	-0.00222024743154	0.0818799690718	0.00650314877718	0.0352054197217	0.00394213338993	0.042523481795	0.00728661176523	0.0418297809505	-0.00434699328085	0.000370167832989	-0.028490368325	-0.0246004986325	-0.00955854993567	-0.0322808518119	-0.0197443951921	-0.00894170455145	-0.0695586130683	-0.0731720889188	-0.0458377882253	0.0068803783901	0.00983339575138	-0.046660471644	1.0	-0.0137531185474	-0.0321980834555	0.0384082372035	-0.063990987941	-0.0263679899495	0.00745842326486	-0.0375832482699	-0.011014823711	-0.0138251270618	0.0106838415441	-0.00856533817501	-0.0111370998713	0.0393266146525	-0.00248229373653	-0.0164677943346	-0.0434226467174	-0.0550284523422	-0.0616366845108	0.00139219740773	0.0137703913175	0.0336030187505	-0.0296724240165	0.0188838071256	0.00378776612716	-0.0255285440306	0.00672246458506	0.00346448734661	-0.0612118092078	-0.0344169493009	-0.0253445286625	0.0148331059124	0.0164144979115	-0.00882600979135
k__Bacteria;p__Firmicutes;c__Clostridia;o__Clostridiales;f__Lachnospiraceae;g__Roseburia;s__Roseburia_intestinalis	0.0124577993248	-0.00354457941954	0.00723269482936	0.0332655677362	0.0232609886867	0.0526078671707	0.0159532009962	0.00394775565646	-0.0298669063942	-0.017927789151	0.0134834561884	-0.00581490258233	-0.0232406586666	0.0411246367706	-0.00909301565398	0.0195471518292	-0.00844525501472	-0.0375024474267	-0.00140059019726	-0.0182458942868	-0.0148157943805	-0.0688692295043	-0.0437828775607	-0.0123793407299	0.0215852233276	-0.0137531185474	1.0	0.0149132360297	0.0119275001644	-0.0814333254436	0.0427247364305	-0.0198808449123	-0.0132706126845	-0.00397995199155	0.0174888630951	-0.121345323081	-0.0200907440905	-0.0884566215116	-0.0410429755318	0.00566037112639	0.0616498778224	-0.0387839391121	0.000473779545032	-0.00828831459235	-0.0762085913553	-0.0386075214903	0.069874418115	0.0138362054347	-0.0204100860811	-0.0356714875109	-0.00689914433907	-0.0098858829402	-0.0148391512888	-0.00626299501708	-0.00522371121017	-0.0147967458483	-0.00387297808141	-0.00539767286769	0.0295312913907
k__Bacteria;p__Firmicutes;c__Clostridia;o__Clostridiales;f__Lachnospiraceae;g__Roseburia;s__Roseburia_hominis	-0.0397273240724	0.0168276934219	-0.00962657901123	0.00932468002228	0.0757410576334	0.017985454574	-0.0220827488699	-0.00204084734052	-0.0336567971466	-0.0260551404846	0.00237398032659	0.045137516136	-0.0117683835101	-0.0208471737473	-0.0062465939573	0.0302056910279	0.00531133405904	0.0217635979695	0.0417034912813	0.0280024197658	-0.0733744301703	-0.00714728476632	0.00745260326969	0.00278924304685	0.0100592552912	-0.0321980834555	0.0149132360297	1.0	0.0593599703186	-0.00527170073893	-0.0503317196243	-0.0119569417604	0.00260539226755	0.0317471360877	0.0462191438121	0.00601880669623	0.014069194528	0.0131500225402	0.00970019212927	-0.0610225176437	-0.0107460907729	-0.0169035108281	-0.0456932532422	-0.0603919753055	-0.0289915727457	-0.000151058855613	-0.0526867158021	-0.0205343319594	-0.0182392840477	0.0342111992212	-0.0562716464337	0.0163949924352	-0.0567793859775	0.0218351087461	-0.0235282681801	0.0431152404333	-0.00757302714049	-0.0173598847875	-0.0356671022901
k__Bacteria;p__Bacteroidetes;c__Bacteroidia;o__Bacteroidales;f__Porphyromonadaceae;g__Parabacteroides;s__Parabacteroides_johnsonii	-0.057405265933	-0.0338380218543	-0.0661135287932	-0.045576444722	0.103225769183	-0.00263507515079	-0.0257864590977	0.0136488645279	0.00247762780106	0.00241715648035	0.0154299186866	-0.00458613953512	-0.014697519841	-0.00674462246388	0.00258582184367	0.0311698463847	0.00966379418448	-0.0468409152286	0.0164285583214	-0.0656854673	0.0202884501129	-0.0344718701894	0.00141438248153	-0.00394907627947	0.000872429962581	0.0384082372035	0.0119275001644	0.0593599703186	1.0	-0.0022187804984	-0.0481415018869	-0.0691707259322	0.0283646879325	-0.0972049341099	-0.0648507962613	0.0331143216377	0.0344243286275	-0.00960971423201	0.0787661598081	-0.0312833015077	-0.0316858991638	-0.0112936059515	-0.00802993722108	-0.00634026854182	-0.0270319969514	-0.00221594807798	-0.0101412018074	0.0081644529314	-0.0213881862887	0.00942291319151	0.0233539551441	-0.000234988127218	0.0335545541883	-0.0493866624787	-0.0499981517355	-0.068001962002	-0.0241932963105	-0.00819409129012	0.0365490451039
k__Bacteria;p__Actinobacteria;c__Actinobacteria;o__Bifidobacteriales;f__Bifidobacteriaceae;g__Bifidobacterium;s__Bifidobacterium_longum	0.0470242688491	-0.0327284543678	0.0561507959125	-0.100460909719	0.00660321334344	0.0142422298972	0.0251685185074	-0.0516871390379	0.0377391702361	-0.0165385153155	-0.0098298696443	0.0178835665172	0.0304894965533	0.029684107537	0.00512909435721	-0.025132044562	-0.0140940848039	0.0102522974119	0.0128179663962	0.0296955842037	0.0332712957148	-0.0159116789009	-0.0458417242278	0.00214861268988	0.0152336868598	-0.063990987941	-0.0814333254436	-0.00527170073893	-0.0022187804984	1.0	-0.0297753308022	-0.0594480892783	-0.0401574996574	-0.0480034452718	0.0657660126749	0.0316209654847	0.0269617693022	-0.0309927630561	0.00233753537838	-0.0277124606535	0.0196290784391	0.0581109019554	-0.0132202703834	0.0194469762938	-0.018933473032	0.00842976308404	-0.0485775710684	-0.014258480187	-0.0452262281169	-0.0354111053961	0.0812717729795	0.0265441351025	-0.0602463729551	-0.0677504365046	0.0482034655852	-0.041261271513	-0.0495949119453	0.0331656280096	-0.0252010155319
