#taxonomy	k__Bacteria;p__Bacteroidetes;c__Bacteroidia;o__Bacteroidales;f__Bacteroidaceae;g__Bacteroides;s__Bacteroides_vulgatus	k__Bacteria;p__Bacteroidetes;c__Bacteroidia;o__Bacteroidales;f__Bacteroidaceae;g__Bacteroides;s__Bacteroides_uniformis	k__Bacteria;p__Bacteroidetes;c__Bacteroidia;o__Bacteroidales;f__Rikenellaceae;g__Alistipes;s__Alistipes_putredinis	k__Bacteria;p__Bacteroidetes;c__Bacteroidia;o__Bacteroidales;f__Prevotellaceae;g__Prevotella;s__Prevotella_copri	k__Bacteria;p__Bacteroidetes;c__Bacteroidia;o__Bacteroidales;f__Bacteroidaceae;g__Bacteroides;s__Bacteroides_stercoris	k__Bacteria;p__Bacteroidetes;c__Bacteroidia;o__Bacteroidales;f__Bacteroidaceae;g__Bacteroides;s__Bacteroides_ovatus	k__Bacteria;p__Bacteroidetes;c__Bacteroidia;o__Bacteroidales;f__Rikenellaceae;g__Alistipes;s__Alistipes_shahii	k__Bacteria;p__Firmicutes;c__Clostridia;o__Clostridiales;f__Ruminococcaceae;g__Faecalibacterium;s__Faecalibacterium_prausnitzii	k__Bacteria;p__Bacteroidetes;c__Bacteroidia;o__Bacteroidales;f__Rikenellaceae;g__Alistipes;s__Alistipes_finegoldii	k__Bacteria;p__Bacteroidetes;c__Bacteroidia;o__Bacteroidales;f__Porphyromonadaceae;g__Parabacteroides;s__Parabacteroides_distasonis	k__Bacteria;p__Bacteroidetes;c__Bacteroidia;o__Bacteroidales;f__Bacteroidaceae;g__Bacteroides;s__Bacteroides_thetaiotaomicron	k__Bacteria;p__Bacteroidetes;c__Bacteroidia;o__Bacteroidales;f__Bacteroidaceae;g__Bacteroides;s__Bacteroides_coprocola	k__Bacteria;p__Bacteroidetes;c__Bacteroidia;o__Bacteroidales;f__Bacteroidaceae;g__Bacteroides;s__Bacteroides_cellulosilyticus	k__Bacteria;p__Bacteroidetes;c__Bacteroidia;o__Bacteroidales;f__Rikenellaceae;g__Alistipes;s__Alistipes_obesi	k__Bacteria;p__Firmicutes;c__Clostridia;o__Clostridiales;f__Lachnospiraceae;g__;s__[Eubacterium]_rectale	k__Bacteria;p__Bacteroidetes;c__Bacteroidia;o__Bacteroidales;f__Bacteroidaceae;g__Bacteroides;s__Bacteroides_plebeius	k__Bacteria;p__Bacteroidetes;c__Bacteroidia;o__Bacteroidales;f__Bacteroidaceae;g__Bacteroides;s__Bacteroides_fragilis	k__Bacteria;p__Proteobacteria;c__Betaproteobacteria;o__Burkholderiales;f__Sutterellaceae;g__Sutterella;s__Sutterella_wadsworthensis	k__Bacteria;p__Bacteroidetes;c__Bacteroidia;o__Bacteroidales;f__Porphyromonadaceae;g__Barnesiella;s__Barnesiella_intestinihominis	k__Bacteria;p__Bacteroidetes;c__Bacteroidia;o__Bacteroidales;f__Odoribacteraceae;g__Odoribacter;s__Odoribacter_splanchnicus	k__Bacteria;p__Bacteroidetes;c__Bacteroidia;o__Bacteroidales;f__Bacteroidaceae;g__Bacteroides;s__Bacteroides_salyersiae	k__Bacteria;p__Firmicutes;c__Clostridia;o__Clostridiales;f__Ruminococcaceae;g__Ruminiclostridium;s__[Eubacterium]_siraeum	k__Bacteria;p__Proteobacteria;c__Betaproteobacteria;o__Burkholderiales;f__Sutterellaceae;g__Parasutterella;s__Parasutterella_excrementihominis	k__Bacteria;p__Actinobacteria;c__Actinobacteria;o__Bifidobacteriales;f__Bifidobacteriaceae;g__Bifidobacterium;s__Bifidobacterium_adolescentis	k__Bacteria;p__Firmicutes;c__Clostridia;o__Clostridiales;f__Oscillospiraceae;g__Oscillibacter;s__Oscillibacter_sp._KLE_1745	k__Bacteria;p__Bacteroidetes;c__Bacteroidia;o__Bacteroidales;f__Bacteroidaceae;g__Bacteroides;s__Bacteroides_coprophilus	k__Bacteria;p__Firmicutes;c__Clostridia;o__Clostridiales;f__Lachnospiraceae;g__Roseburia;s__Roseburia_intestinalis	k__Bacteria;p__Firmicutes;c__Clostridia;o__Clostridiales;f__Lachnospiraceae;g__Roseburia;s__Roseburia_hominis	k__Bacteria;p__Bacteroidetes;c__Bacteroidia;o__Bacteroidales;f__Porphyromonadaceae;g__Parabacteroides;s__Parabacteroides_johnsonii	k__Bacteria;p__Actinobacteria;c__Actinobacteria;o__Bifidobacteriales;f__Bifidobacteriaceae;g__Bifidobacterium;s__Bifidobacterium_longum	k__Bacteria;p__Firmicutes;c__Clostridia;o__Clostridiales;f__;g__Flavonifractor;s__Flavonifractor_plautii	k__Bacteria;p__Firmicutes;c__Clostridia;o__Clostridiales;f__Clostridiaceae;g__Clostridium;s__Clostridium_phoceensis	k__Bacteria;p__Verrucomicrobia;c__Verrucomicrobiae;o__Verrucomicrobiales;f__Akkermansiaceae;g__Akkermansia;s__Akkermansia_muciniphila	k__Bacteria;p__Bacteroidetes;c__Bacteroidia;o__Bacteroidales;f__Prevotellaceae;g__Paraprevotella;s__Paraprevotella_xylaniphila	k__Bacteria;p__Firmicutes;c__Clostridia;o__Clostridiales;f__Ruminococcaceae;g__Ruminococcus;s__Ruminococcus_callidus	k__Bacteria;p__Bacteroidetes;c__Bacteroidia;o__Bacteroidales;f__Rikenellaceae;g__Alistipes;s__Alistipes_senegalensis	k__Bacteria;p__Firmicutes;c__Clostridia;o__Clostridiales;f__Lachnospiraceae;g__Blautia;s__Blautia_sp._KLE_1732	k__Bacteria;p__Bacteroidetes;c__Bacteroidia;o__Bacteroidales;f__Bacteroidaceae;g__Bacteroides;s__Bacteroides_oleiciplenus	k__Bacteria;p__Firmicutes;c__Clostridia;o__Clostridiales;f__Ruminococcaceae;g__Ruminococcus;s__Ruminococcus_bicirculans	k__Bacteria;p__Bacteroidetes;c__Bacteroidia;o__Bacteroidales;f__Bacteroidaceae;g__Bacteroides;s__Bacteroides_fluxus	k__Bacteria;p__Bacteroidetes;c__Bacteroidia;o__Bacteroidales;f__Prevotellaceae;g__Prevotella;s__Prevotella_stercorea	k__Bacteria;p__Firmicutes;c__Clostridia;o__Clostridiales;f__Lachnospiraceae;g__Dorea;s__Dorea_longicatena	k__Bacteria;p__Firmicutes;c__Clostridia;o__Clostridiales;f__Eubacteriaceae;g__Eubacterium;s__[Eubacterium]_eligens	k__Bacteria;p__Firmicutes;c__Clostridia;o__Clostridiales;f__Ruminococcaceae;g__;s__Ruminococcaceae_bacterium_D16	k__Bacteria;p__Firmicutes;c__Clostridia;o__Clostridiales;f__Lachnospiraceae;g__Coprococcus;s__Coprococcus_comes	k__Bacteria;p__Proteobacteria;c__Gammaproteobacteria;o__Enterobacterales;f__Enterobacteriaceae;g__Escherichia;s__Escherichia_coli	k__Bacteria;p__Firmicutes;c__Clostridia;o__Clostridiales;f__Ruminococcaceae;g__Anaerotruncus;s__Anaerotruncus_colihominis	k__Bacteria;p__Firmicutes;c__Clostridia;o__Clostridiales;f__Lachnospiraceae;g__Blautia;s__Blautia_obeum	k__Bacteria;p__Bacteroidetes;c__Bacteroidia;o__Bacteroidales;f__Odoribacteraceae;g__Odoribacter;s__Odoribacter_laneus	k__Bacteria;p__Firmicutes;c__Clostridia;o__Clostridiales;f__Ruminococcaceae;g__Ruminiclostridium;s__[Clostridium]_leptum	k__Bacteria;p__Bacteroidetes;c__Bacteroidia;o__Bacteroidales;f__Porphyromonadaceae;g__Parabacteroides;s__Parabacteroides_goldsteinii	k__Bacteria;p__Firmicutes;c__Clostridia;o__Clostridiales;f__Lachnospiraceae;g__Anaerostipes;s__Anaerostipes_hadrus	k__Bacteria;p__Firmicutes;c__Clostridia;o__Clostridiales;f__Ruminococcaceae;g__Ruminococcus;s__Ruminococcus_lactaris	k__Bacteria;p__Firmicutes;c__Clostridia;o__Clostridiales;f__Clostridiaceae;g__Clostridium;s__Clostridium_sp._L2-50	k__Bacteria;p__Firmicutes;c__Clostridia;o__Clostridiales;f__Clostridiaceae;g__Clostridium;s__Clostridium_sp._M62/1	k__Bacteria;p__Firmicutes;c__Clostridia;o__Clostridiales;f__;g__Intestinimonas;s__Intestinimonas_butyriciproducens	k__Bacteria;p__Actinobacteria;c__Actinobacteria;o__Bifidobacteriales;f__Bifidobacteriaceae;g__Bifidobacterium;s__Bifidobacterium_bifidum	k__Bacteria;p__Firmicutes;c__Negativicutes;o__Veillonellales;f__Veillonellaceae;g__Dialister;s__Dialister_invisus	k__Bacteria;p__Bacteroidetes;c__Bacteroidia;o__Bacteroidales;f__Bacteroidaceae;g__Bacteroides;s__Bacteroides_salanitronis
k__Bacteria;p__Bacteroidetes;c__Bacteroidia;o__Bacteroidales;f__Bacteroidaceae;g__Bacteroides;s__Bacteroides_vulgatus	1.0	-0.0327957395267	0.0525624183276	-0.0103449938047	-0.00223183062697	0.00636892655917	0.0206592804662	-0.0192952399189	-0.00910650249901	-0.00434251519279	-0.0434825897731	-0.0853702232298	0.0147371026679	0.00646590453549	0.0107274045838	-0.034016050475	9.10307560078e-05	-0.037366588682	-0.0329607579096	0.0299502183297	-0.0167396966562	0.0112294312024	0.0239106373379	-0.0154446925744	0.0451034131535	-0.05076396099	-0.00474973179698	0.0306520965004	-0.00558209829163	-0.0325158540337	-0.0484795244078	0.00479586542552	-0.00765924065903	-0.0347540185849	-0.020682994159	-0.00989279464438	0.044189017419	0.0198880694361	0.00901279723803	-0.00132076061926	0.0198350362835	0.0401913360966	0.048267236144	-0.0548501904837	-0.0366086869723	0.00152174944317	-0.0498909461995	-0.0107026703661	-0.0306348221482	0.0264342765611	0.0749254886419	0.0234801199269	0.0824100944979	0.0129909673699	-0.0264871626226	-0.0485540057157	-0.0322275112638	-0.0143698636745	0.00513682870022
k__Bacteria;p__Bacteroidetes;c__Bacteroidia;o__Bacteroidales;f__Bacteroidaceae;g__Bacteroides;s__Bacteroides_uniformis	-0.0327957395267	1.0	-0.0155821796968	0.0302976698559	0.014596168985	-0.00224327922382	0.0212523603277	-0.0461983640883	0.0147989501398	-0.00850804623087	-0.0191024237925	0.00900491729663	-0.0647774415104	0.0782022172739	-0.0241100618369	-0.0039350790591	-0.0594348961871	0.0119684109466	-0.0391028686541	-0.0480685146081	-0.00582822538478	0.0707980703234	0.0580725295219	-0.000485023695183	0.0497821907043	-0.00154295552635	0.0017878562146	0.0435544415006	-0.062372977929	-0.0512261412603	-0.01030838096	-0.00275101985982	0.0013296711111	-0.0207154462635	-0.027445792037	-0.0212572263916	-0.099468909413	-0.0292476692909	-0.0028731768991	-0.0311275832662	-0.0350418690768	0.0460838665794	0.0319721387108	-0.012153099562	-0.0157856721401	0.00575114635828	0.0278105266541	0.000592566561273	-0.00333963100493	0.0207136109559	-0.0173826603203	0.00450280259375	-0.0502773160197	-0.0122377437086	-0.00869709857439	0.0274325167245	0.016920541981	-0.000117440038451	-0.0342087351316
k__Bacteria;p__Bacteroidetes;c__Bacteroidia;o__Bacteroidales;f__Rikenellaceae;g__Alistipes;s__Alistipes_putredinis	0.0525624183276	-0.0155821796968	1.0	-0.0206745360241	-0.00288526348418	-0.0271200521749	-0.0623731207543	-0.0486081610234	0.0206469730698	0.0320659424923	-0.0150346775358	-0.0184147580406	0.0595972166609	-0.0445013764709	-0.00853636720864	-0.00446601187313	0.0437224298422	-0.0320805576107	-0.0236839546118	0.0759860280705	0.0157033772234	0.0124938690468	-0.000631380134165	-0.0275988785599	-0.0341445188101	-0.075145568346	-0.0963981092468	0.0062637544379	0.015915314412	-0.109500795263	0.0104874238985	-0.0171275056536	0.0308120306733	-0.00856092650648	-0.00546200028212	0.0253769274952	0.0617404851431	0.0102415121519	0.0300095587981	0.0173111535647	0.0124155536013	-0.000551491892101	-0.0281033981359	0.0092038453129	0.00264405386556	-0.0179808290205	0.0337084135772	-0.0203640590546	0.00986965318492	0.0365575449701	0.011169067322	-0.0227049245839	0.0296104923016	-0.0697874037515	0.0095712837511	-0.0107872602914	-0.0300504488605	0.00766005929729	-0.0207628618572
k__Bacteria;p__Bacteroidetes;c__Bacteroidia;o__Bacteroidales;f__Prevotellaceae;g__Prevotella;s__Prevotella_copri	-0.0103449938047	0.0302976698559	-0.0206745360241	1.0	0.029372359718	-0.0832919908879	-0.0211786088853	0.0352517514292	-0.0263919130321	-0.0372076644413	0.068533301496	-0.0254531804015	0.0359297356786	-0.016385828732	0.012716809719	-0.00987264012757	-0.0647411740283	-0.019890545954	0.000593314413119	-0.0412593828107	0.0275671752737	-0.0177593375943	-0.0544428712003	0.016709371726	-0.0226826167758	0.0457928524867	0.0633905739173	-0.0120535789928	0.0342361124458	0.0682156676358	-0.00787332260397	-0.013692543065	0.000673795112312	0.00471324270852	0.0109198453456	-0.00618955663074	-0.00882465811635	-0.0465228607448	-0.0496344458758	-0.0403371398952	0.0155300907002	0.0207222100749	0.00179555986516	-0.018326725634	0.0189261284318	-0.119539272061	0.00807922904543	0.0239691280336	0.0344632918629	-0.054710021152	-0.0405844789589	-0.00905922432225	-0.00253101239197	-0.00222972021174	0.0401518895314	0.00377213098826	-0.0356686360728	-0.0302642001896	-0.0241161462082
k__Bacteria;p__Bacteroidetes;c__Bacteroidia;o__Bacteroidales;f__Bacteroidaceae;g__Bacteroides;s__Bacteroides_stercoris	-0.00223183062697	0.014596168985	-0.00288526348418	0.029372359718	1.0	-0.022862115124	0.0267971542811	-0.0181185464546	-0.0128787270089	0.0251876178897	-0.0152704290637	0.000752536031943	-0.00735734609191	-0.0111669482435	-0.0387565968853	-0.0307941170669	0.00928722788054	0.0105325490482	0.0469354243728	-0.00773624734753	-0.0331106495942	0.00240011891562	0.00799025475413	-0.00342487404844	0.00085903324982	0.0298001248374	0.020499591106	-0.0252585509002	0.00778036968736	-0.0146011900911	0.00256445338654	-0.0515970417123	-0.0267138013662	-0.026086262064	-0.00524395613765	-0.013585200792	0.0193299813244	0.0327794005561	0.00366957223407	0.0134905943165	-0.0137768127975	-0.0168073405648	-0.00311917885995	0.0215052048212	-0.0647310464	-0.0193030493746	-0.00488137849851	0.00120709811567	-0.0162275710391	-0.0122320066299	-0.0430004935867	-0.00268260014771	-0.0143026000607	0.00589168554894	0.00960348279559	-0.0297781793739	-0.0103894345248	-0.00602513795602	-0.0339267393729
k__Bacteria;p__Bacteroidetes;c__Bacteroidia;o__Bacteroidales;f__Bacteroidaceae;g__Bacteroides;s__Bacteroides_ovatus	0.00636892655917	-0.00224327922382	-0.0271200521749	-0.0832919908879	-0.022862115124	1.0	-0.0793327839309	-0.00175786460486	-0.00243766729477	-0.00634460836036	-0.00202221174606	-0.01974978441	0.0293493353627	0.0664932746255	0.017768837462	0.0048475562181	-0.0189414419165	0.0236375723979	-0.05414737103	-0.00265046369355	0.047275982469	-0.0170019463544	-0.0245337103466	0.0118198370299	-0.0211589369855	0.0998074939664	0.00116904006146	-0.0457688971867	-0.0535546161701	0.0155210141368	-0.000791985266179	-0.0354650448613	-0.0678115332526	0.0297755354977	-0.0462699102967	-0.0145780937984	0.00561687073235	0.00352739799593	-0.0165090453912	-0.0385576501843	-0.0585349739747	-0.0554107422225	0.0332072585335	-0.0558778740972	-0.0483146492462	-0.0162085355153	0.0148381819451	0.00905742553163	0.00127447501689	0.000205001214145	0.00886984044294	0.0707645961992	0.0106147028579	-0.033939071073	-0.022661913001	-0.0292100891421	-0.039273817012	0.0335908947881	-0.0297793154657
k__Bacteria;p__Bacteroidetes;c__Bacteroidia;o__Bacteroidales;f__Rikenellaceae;g__Alistipes;s__Alistipes_shahii	0.0206592804662	0.0212523603277	-0.0623731207543	-0.0211786088853	0.0267971542811	-0.0793327839309	1.0	-0.00286374193082	-0.0235884237975	0.0482489849843	0.0697716954754	-0.00224825884191	-0.0307611978955	-0.0177985411515	0.0385188628308	-0.0069966127373	-0.0223691942148	0.00359730267006	-0.0201935798692	-0.0136806973877	-0.0098580161753	0.0545188605369	-0.0263320430373	-0.0650141414777	-0.00432810634315	-0.0302683814352	0.0580089638252	-0.0138902567601	-0.0260411400981	0.0634178778191	-0.0283958452248	0.0443912433866	-0.00193383203208	-0.0354658130981	-0.0287678665865	-0.04458593644	-0.00127368802107	-0.0900269961162	-0.0170212240249	0.0488837738976	0.00230566043436	-0.00970337111888	0.00175546757358	0.0442281862847	0.0275121917097	0.053240660063	-0.0270524731584	-0.0103922011404	0.0172870247212	0.02678103339	-0.0141569364322	-0.0560634360072	0.0222855668826	-0.0272000103356	0.00348909680608	-0.0272143274434	0.0119883186723	-0.0370645891679	-0.0242797958613
k__Bacteria;p__Firmicutes;c__Clostridia;o__Clostridiales;f__Ruminococcaceae;g__Faecalibacterium;s__Faecalibacterium_prausnitzii	-0.0192952399189	-0.0461983640883	-0.0486081610234	0.0352517514292	-0.0181185464546	-0.00175786460486	-0.00286374193082	1.0	-0.0805305806971	0.0447359438061	-0.0363689744654	-0.0295270939808	0.00731988464082	0.0158094976173	-0.0315391780422	-0.0127476913882	0.0345534716752	0.0811068234063	0.00396394071894	0.0464777553735	-0.0152982011416	-0.0253892356329	-0.0637855118147	-0.0303372938317	0.0312563940363	0.0224845251595	-0.00877617643252	0.0292840606269	-0.0195250551461	0.042993873194	0.0727401391196	0.0131379742003	-0.0346541250258	0.020038233464	0.00147918199203	0.0174063826332	0.0126079909322	-0.0531711892252	-0.0461683065457	-0.0214355812129	-0.0633444877128	0.000647542332718	-0.00226367757406	0.041042321218	0.00125902140238	-0.00774303512789	-0.044202332589	-0.0154939505236	0.0413028289329	-0.00568370790261	-0.0340042772016	-0.0209543012824	-0.0572037050005	-0.016484461645	-0.0130344561983	0.015949206309	-0.0359476924253	-0.00606760751891	-0.0447871093762
k__Bacteria;p__Bacteroidetes;c__Bacteroidia;o__Bacteroidales;f__Rikenellaceae;g__Alistipes;s__Alistipes_finegoldii	-0.00910650249901	0.0147989501398	0.0206469730698	-0.0263919130321	-0.0128787270089	-0.00243766729477	-0.0235884237975	-0.0805305806971	1.0	0.0112784057663	-0.0211250788735	0.051215799216	-0.0527891648394	-0.0931047037788	-0.0117284802941	0.00889424526642	-0.0226067527402	0.0119321103869	0.0198134968125	-0.0190835350086	0.00213310360511	-0.0382854146198	0.00633200301857	-0.0114078902986	0.0390426596996	0.0280928273825	0.015336018451	0.024567839009	-0.0797049697966	0.0134788240328	-0.014004796859	-0.0249352064957	0.0291475454301	-0.0716043936771	0.01794961915	0.0196665099522	-0.0226620603996	-0.00893091314054	-0.0362181254671	-0.0530669998852	-0.00136165293963	-0.0488720458455	-0.0140522881776	-0.0284511932018	0.0648454510618	0.0344099035056	0.113676016368	0.0349255379617	-0.0135648066494	-0.00437572830252	0.0426759457771	0.0463240273829	-0.0084876954921	0.0635227598879	0.030127823361	0.00553582075093	-0.0135876393256	-0.0123246097252	0.0109868642254
k__Bacteria;p__Bacteroidetes;c__Bacteroidia;o__Bacteroidales;f__Porphyromonadaceae;g__Parabacteroides;s__Parabacteroides_distasonis	-0.00434251519279	-0.00850804623087	0.0320659424923	-0.0372076644413	0.0251876178897	-0.00634460836036	0.0482489849843	0.0447359438061	0.0112784057663	1.0	-0.0286838243167	-0.00705534697024	-0.0169567906903	0.0778162981079	0.0059781844915	-0.0180510462096	-0.0347065980626	-0.0282495679077	-0.010894433294	-0.0133294442959	-0.0215550916422	0.0246258115197	-0.0131225350142	-0.0282201386012	0.0399573921237	0.00231531466515	0.010615383402	-0.0395158802713	0.00926580556931	0.0145740406262	-0.0593544380743	-0.0223682678791	-0.0544180500258	0.0222894425552	-0.0313989619608	-0.0189603512268	-0.0067782800251	-0.0088087724063	0.00171899238022	0.0135145192877	-0.0312081142978	-0.00662010427548	0.00156695240109	-0.0197532757612	0.00740447005749	-0.0121094644021	-0.0722375460441	-0.021588595133	-0.0767932488013	-0.0123240931869	-0.0623698962106	-0.00136283542269	-0.000535551934115	-0.0189530642429	-0.0102307545229	-0.0146250018007	-0.0109325905476	0.0110310770086	-0.0417098811365
k__Bacteria;p__Bacteroidetes;c__Bacteroidia;o__Bacteroidales;f__Bacteroidaceae;g__Bacteroides;s__Bacteroides_thetaiotaomicron	-0.0434825897731	-0.0191024237925	-0.0150346775358	0.068533301496	-0.0152704290637	-0.00202221174606	0.0697716954754	-0.0363689744654	-0.0211250788735	-0.0286838243167	1.0	-0.00354244578686	-0.0223162893258	-0.0581545895217	0.0217497456249	0.0171504117245	0.00187518783166	0.0267032521532	-0.0325043381309	0.0694154280967	0.0103360237499	-0.00941468525614	0.00207653951822	0.0502531233605	-0.0381143889473	0.0480644730165	-0.0136715154524	0.0231134607859	-0.0350559120487	0.0201470935216	-0.0408535468048	0.00986831894463	-0.0181011244517	-0.00682343210879	0.0490820743983	-0.0702115901075	-0.032070337058	-0.0425163989984	0.0263364493366	0.0155872801094	-0.0294328975333	-0.00256649755846	-0.0937896252565	-0.0406558328717	-0.0102849560679	0.00248106786445	0.0191678627725	-0.0535393995808	-0.00427388054616	0.0381629763549	-0.018364469864	0.0122966368774	-0.00461026672134	-0.0366792997713	0.00197874637202	0.0263320012921	0.00324599022882	-0.0223440802444	-0.0209624269872
k__Bacteria;p__Bacteroidetes;c__Bacteroidia;o__Bacteroidales;f__Bacteroidaceae;g__Bacteroides;s__Bacteroides_coprocola	-0.0853702232298	0.00900491729663	-0.0184147580406	-0.0254531804015	0.000752536031943	-0.01974978441	-0.00224825884191	-0.0295270939808	0.051215799216	-0.00705534697024	-0.00354244578686	1.0	-0.000335417860053	-0.055457735876	0.00345909250495	-0.0715266631045	-0.0160064147187	0.00983449282129	-0.0578268470668	0.0114547605971	0.0284179131531	0.0250469165195	0.00741809431532	0.00681545855769	0.00454333119582	-0.0214302494097	0.0267876560553	0.00178299726419	0.0156918971246	-0.00992766633093	-0.029572992821	-0.00778895884338	-0.0401989220911	0.0436495502184	0.00133597318499	-0.0162452990868	0.0253611185524	-0.00170454803541	-0.049553842637	0.000911330678746	-0.0398650126435	-0.0793941603504	0.00438466455691	-0.0584564133044	-0.0257031738834	-0.0157447701813	-0.00924987783511	0.022179032596	0.000660782586955	-0.00760185334129	-0.00895211819157	0.0443124833437	0.0341091986233	-0.0120607381837	-0.000387950913595	0.0121513036695	0.0350750467668	-0.0263058988269	-0.026751503356
k__Bacteria;p__Bacteroidetes;c__Bacteroidia;o__Bacteroidales;f__Bacteroidaceae;g__Bacteroides;s__Bacteroides_cellulosilyticus	0.0147371026679	-0.0647774415104	0.0595972166609	0.0359297356786	-0.00735734609191	0.0293493353627	-0.0307611978955	0.00731988464082	-0.0527891648394	-0.0169567906903	-0.0223162893258	-0.000335417860053	1.0	-0.00731837758597	-0.0304768676534	0.0833002129613	-0.0266936448295	0.00975291696663	0.0276521268309	-0.041319529521	0.009739538029	0.0135398480936	0.0570678903201	0.00351705282773	0.0274169421187	0.0100569013095	0.00228776727841	0.0121962531558	-0.0278732316124	-0.0125422421843	-0.0139641240886	-0.00776991971485	-0.0270458450352	-0.0434708544414	0.00952243240088	-0.0242944551055	0.00535950165144	-0.0155350699972	-0.00238559510616	0.000618571153392	0.050290395977	-0.00601381360329	0.0250000215298	-0.000291047787692	0.0259802274615	-0.0254294817521	0.0202443354354	-0.024101865688	-0.0824186681056	-0.0472812887259	0.0151825143578	0.0688909246166	-0.0551289896927	0.0326161015125	0.0240611065288	-0.0332784091588	-0.0248166458045	-0.0238112762804	-0.022957621952
k__Bacteria;p__Bacteroidetes;c__Bacteroidia;o__Bacteroidales;f__Rikenellaceae;g__Alistipes;s__Alistipes_obesi	0.00646590453549	0.0782022172739	-0.0445013764709	-0.016385828732	-0.0111669482435	0.0664932746255	-0.0177985411515	0.0158094976173	-0.0931047037788	0.0778162981079	-0.0581545895217	-0.055457735876	-0.00731837758597	1.0	0.00129315145638	0.0383357592945	-0.00026207528435	0.0148707641757	-0.0208308806199	-0.0447445195237	0.0118431694058	0.0283106077213	0.000531268326511	-0.00806749339523	0.0141742081036	-0.0176173874754	-0.0270086944583	0.0132783811969	-0.0481318814048	0.0688715086716	-0.042923934403	-0.0206439299314	-0.0856636644799	-0.000817060736397	-0.0139274850946	-0.000976061745507	0.0116161235424	0.0209881200607	0.0661833290223	-0.0212462204064	-0.0071293111432	-0.0323225615723	-0.00109056121134	-0.0512599227318	-0.0635387891042	-0.00592924977213	-0.0354014226071	-0.0677664223544	-0.0164265901938	0.00467165261911	-0.00904153513046	-0.0341689733949	-0.0613600311775	-0.0327359279332	0.0273490504793	0.0603411378447	-0.0232449867322	-0.0216619670949	-0.0380123973676
k__Bacteria;p__Firmicutes;c__Clostridia;o__Clostridiales;f__Lachnospiraceae;g__;s__[Eubacterium]_rectale	0.0107274045838	-0.0241100618369	-0.00853636720864	0.012716809719	-0.0387565968853	0.017768837462	0.0385188628308	-0.0315391780422	-0.0117284802941	0.0059781844915	0.0217497456249	0.00345909250495	-0.0304768676534	0.00129315145638	1.0	-0.00446583244959	-0.0014141142122	0.0124542422468	-0.070080698811	-0.0383673016953	-0.0371359809478	0.0425808893624	0.0068623428951	0.00970414076715	-0.0190125083518	-0.0354630139424	-0.0129954529712	0.0744659315135	0.00857045266538	-0.015554299628	0.0108475389118	-0.0215797892503	-0.00388338854021	-0.0519629964645	0.0267636251093	0.0203161797136	0.00709794376453	0.000315796708578	-0.0510905232118	-0.00308818693741	0.0311273925882	0.00308754380054	-0.0257110362097	-0.0244081506079	0.027185425022	-0.0285992880754	0.0101014585116	0.0280759577995	-0.057755668005	0.0387975560033	-0.0101728609003	-0.00767358757775	0.0168738753907	-0.00364123257616	-0.0340488880985	-0.0511647728874	-0.0263102395166	0.0167435080725	0.0117157364471
k__Bacteria;p__Bacteroidetes;c__Bacteroidia;o__Bacteroidales;f__Bacteroidaceae;g__Bacteroides;s__Bacteroides_plebeius	-0.034016050475	-0.0039350790591	-0.00446601187313	-0.00987264012757	-0.0307941170669	0.0048475562181	-0.0069966127373	-0.0127476913882	0.00889424526642	-0.0180510462096	0.0171504117245	-0.0715266631045	0.0833002129613	0.0383357592945	-0.00446583244959	1.0	-0.0298209820646	0.0394442467028	0.00170729564669	-0.0299340597702	-0.0045939474477	0.0523338213566	0.0282813542882	-0.0552152289436	0.00590133403983	-0.0471320626457	-0.0149569578711	-0.0699980175474	0.0344588256234	-0.00643818990497	0.0156343703388	-0.00714158842303	-0.0387218194818	-0.0416629593697	-0.00509775526462	0.00115449889577	-0.0199474101808	-0.0187595092168	-0.000624976288392	-0.00578324329661	0.00117165876044	0.0216440206666	-0.000586632111196	0.0276728260525	0.0156954185287	-0.00740300723882	-0.0374563131828	0.0487155883436	0.000149844902379	-0.00450075629138	-0.0340588530988	0.00471897113793	-0.0399190148007	-0.00702043486815	-0.0229190531683	-0.00756937356124	-0.0257326844729	-0.0372712098263	0.0245184261649
k__Bacteria;p__Bacteroidetes;c__Bacteroidia;o__Bacteroidales;f__Bacteroidaceae;g__Bacteroides;s__Bacteroides_fragilis	9.10307560078e-05	-0.0594348961871	0.0437224298422	-0.0647411740283	0.00928722788054	-0.0189414419165	-0.0223691942148	0.0345534716752	-0.0226067527402	-0.0347065980626	0.00187518783166	-0.0160064147187	-0.0266936448295	-0.000262075284349	-0.0014141142122	-0.0298209820646	1.0	0.0165462428556	-0.0128752977726	0.0690557304167	-0.0152572405966	-0.0317267774356	-0.0370256033372	-0.019124685449	0.00472927451114	-0.0261316594295	0.021364408503	-0.0460833810718	0.0286963616891	-0.0024163271869	0.0825145641892	0.0148025382206	-0.0116043103002	-0.0420060782629	-0.00371139335725	-0.0249679980172	0.0179135652961	0.0256502573281	-0.0335157618232	-0.0232906434983	0.00716723219021	0.000643617314842	-0.0338091959972	0.0117367219211	-0.00383377325865	0.022332523696	-0.035838312692	0.0194879336228	-0.0692216440649	0.0181781537854	-0.0215469406567	0.00540519133832	0.0181198223008	0.036651300235	-0.0454986363985	0.0348524900635	-0.0321067282179	0.0570431404918	-0.0339105700542
k__Bacteria;p__Proteobacteria;c__Betaproteobacteria;o__Burkholderiales;f__Sutterellaceae;g__Sutterella;s__Sutterella_wadsworthensis	-0.037366588682	0.0119684109466	-0.0320805576107	-0.019890545954	0.0105325490482	0.0236375723979	0.00359730267006	0.0811068234063	0.0119321103869	-0.0282495679077	0.0267032521532	0.00983449282129	0.00975291696663	0.0148707641757	0.0124542422468	0.0394442467028	0.0165462428556	1.0	-0.0393634603947	0.0191654029581	-0.0156644879285	-0.00588554261657	-0.0502845420079	-0.0260025160096	-0.0155305328981	0.023664725071	-0.0215752423966	0.0536277341793	-0.0108156463991	-0.0558000452204	0.0416637186029	-0.0380912976981	0.0413409436367	-0.0376078732791	0.0125511558378	-0.0624674290384	-0.0538479956407	0.0560154862335	0.0312387889511	-0.0278298848472	-0.015025247985	-0.0262954530368	-0.0488894481515	0.0475463197886	0.000277894819536	-0.0338413833589	-0.00471209352863	0.00920855103184	-0.00757784577984	-0.0320894771603	-0.0395769979759	0.0042043050258	-0.00369262034148	-0.0163807513841	0.013109490064	-0.0185221204869	-0.0030459843874	0.00216880224992	-0.0826123244905
k__Bacteria;p__Bacteroidetes;c__Bacteroidia;o__Bacteroidales;f__Porphyromonadaceae;g__Barnesiella;s__Barnesiella_intestinihominis	-0.0329607579096	-0.0391028686541	-0.0236839546118	0.000593314413119	0.0469354243728	-0.05414737103	-0.0201935798692	0.00396394071894	0.0198134968125	-0.010894433294	-0.0325043381309	-0.0578268470668	0.0276521268309	-0.0208308806199	-0.070080698811	0.00170729564669	-0.0128752977726	-0.0393634603947	1.0	0.0380455971928	0.0364495099788	-0.0353682044088	-0.0755103660582	-0.00642097803248	-0.00621239938054	0.0150689282101	0.00253900420456	-0.0415487826121	0.0408482047595	-0.0348851723711	-0.0366192259077	0.00528765667348	0.0475634123764	-0.0171175368359	0.0316623481196	-0.00544759236511	-0.00777151019917	-0.0496796233732	0.0257107447133	0.0158012670241	0.0482110669402	-0.035076935704	-0.0326955191362	0.0555098709061	0.0247643316776	0.048284320796	-9.73370471884e-05	-0.0337437242304	-0.0222686134191	-0.00650578358261	-0.000324779400842	0.0162661827481	0.00156067339836	-0.0234118271641	0.025889309747	-0.0219171576122	-0.0382485823013	-0.00187422542497	-0.0159006490074
k__Bacteria;p__Bacteroidetes;c__Bacteroidia;o__Bacteroidales;f__Odoribacteraceae;g__Odoribacter;s__Odoribacter_splanchnicus	0.0299502183297	-0.0480685146081	0.0759860280705	-0.0412593828107	-0.00773624734753	-0.00265046369355	-0.0136806973877	0.0464777553735	-0.0190835350086	-0.0133294442959	0.0694154280967	0.0114547605971	-0.041319529521	-0.0447445195237	-0.0383673016953	-0.0299340597702	0.0690557304167	0.0191654029581	0.0380455971928	1.0	-0.0125594257858	-0.0114175251434	-0.0591856774787	0.020490908057	-0.0120382764861	0.020322507232	-0.0391554278121	-0.0085107064633	-0.0649407167011	-0.0695256620773	-0.00077455067537	-0.00861870921222	0.0200433482193	0.05306536844	0.0251607900276	-0.0509897298884	0.00863158792957	-0.0315016234441	0.0253191087455	0.0523329550595	0.0278209076824	0.0276093729412	-0.0338766140302	0.034985912329	-0.0394749565088	0.0410197277589	0.000108054607186	-0.039400988947	-0.021984337398	-0.0770888371287	-0.0458322619965	0.0290686894657	-0.0573855247703	-0.0739331268083	0.0464657300912	-0.00787702720278	-0.0258971633385	-0.0207226760886	0.0199476111217
k__Bacteria;p__Bacteroidetes;c__Bacteroidia;o__Bacteroidales;f__Bacteroidaceae;g__Bacteroides;s__Bacteroides_salyersiae	-0.0167396966562	-0.00582822538478	0.0157033772234	0.0275671752737	-0.0331106495942	0.047275982469	-0.0098580161753	-0.0152982011416	0.00213310360511	-0.0215550916422	0.0103360237499	0.0284179131531	0.009739538029	0.0118431694058	-0.0371359809478	-0.0045939474477	-0.0152572405966	-0.0156644879285	0.0364495099788	-0.0125594257858	1.0	-0.00715829334452	-0.0373008568072	-0.00186862527111	-0.0348634188942	-0.00305190855083	-0.0400753203145	-0.0500153590295	0.0219486715664	0.0244510765744	0.00149034482523	0.0187479968946	-0.00644647849432	-0.0824603894175	-0.000463202343903	-0.0163872965585	-0.0210013398196	-0.0315189895053	-0.0426480121974	-0.00384795754141	0.0118820892547	0.0375626339354	0.0287919217144	-0.00974131302964	-0.0116316215256	-0.043409690081	0.0158364037558	0.0174778260862	-0.00747429805994	-0.0368194079738	0.0715055311136	0.0492652821462	0.00066678387378	0.00317409766382	-0.0269125378939	-0.0329196754992	-0.0324020309056	-0.0212791011574	-0.032164389115
k__Bacteria;p__Firmicutes;c__Clostridia;o__Clostridiales;f__Ruminococcaceae;g__Ruminiclostridium;s__[Eubacterium]_siraeum	0.0112294312024	0.0707980703234	0.0124938690468	-0.0177593375943	0.00240011891562	-0.0170019463544	0.0545188605369	-0.0253892356329	-0.0382854146198	0.0246258115197	-0.00941468525614	0.0250469165195	0.0135398480936	0.0283106077213	0.0425808893624	0.0523338213566	-0.0317267774356	-0.00588554261657	-0.0353682044088	-0.0114175251434	-0.00715829334452	1.0	-0.00349636934669	-0.0534247930863	-0.0500522768801	-0.00227704982671	0.0310239667248	-0.0138317561266	0.0739723802022	-0.025341148713	0.00942933655711	-0.0644133020407	0.0269592711739	-0.0357383118925	-0.030014569667	0.0402492525893	0.0403609475885	0.00060590179187	-0.0545194176403	0.0133877487261	-0.0475248020881	-0.0167748310849	0.000629161578182	-0.00139645618409	-0.0127415476507	-0.0608772062568	-0.0151410267533	-0.00637767799241	-0.0586427264415	0.0326136565252	-0.0264267002581	-0.0456661093428	0.013072701068	0.00400824907724	-0.04689283324	-0.0171632854097	-0.0339517960797	0.00881900382702	0.0166225654676
k__Bacteria;p__Proteobacteria;c__Betaproteobacteria;o__Burkholderiales;f__Sutterellaceae;g__Parasutterella;s__Parasutterella_excrementihominis	0.0239106373379	0.0580725295219	-0.000631380134165	-0.0544428712003	0.00799025475413	-0.0245337103466	-0.0263320430373	-0.0637855118147	0.00633200301857	-0.0131225350142	0.00207653951822	0.00741809431532	0.0570678903201	0.000531268326511	0.0068623428951	0.0282813542882	-0.0370256033372	-0.0502845420079	-0.0755103660582	-0.0591856774787	-0.0373008568072	-0.00349636934669	1.0	-0.0381894867555	-0.0430888303961	0.0127356584023	-0.0581642385798	-0.00632214303147	-0.0300533020307	-0.00610213612841	0.0132890299393	-0.00978762908484	-0.0494726276969	-0.0210355870172	-0.0339908359749	-0.0207629329694	0.0106858898107	0.0437934487285	-0.0122901117916	-0.0349946837568	0.0416136645975	-0.0115603021227	-0.0655931499241	-0.0255844473536	-0.018326222383	-0.00291726439545	0.000974732964942	-0.0185889040306	0.0295406984968	0.0449179651511	-0.0297668391905	0.0256235893356	-0.0437568238387	0.0223934133701	0.071214484266	0.0614659088436	0.0716684294606	0.0257538633048	-0.0100048670847
k__Bacteria;p__Actinobacteria;c__Actinobacteria;o__Bifidobacteriales;f__Bifidobacteriaceae;g__Bifidobacterium;s__Bifidobacterium_adolescentis	-0.0154446925744	-0.000485023695183	-0.0275988785599	0.016709371726	-0.00342487404844	0.0118198370299	-0.0650141414777	-0.0303372938317	-0.0114078902986	-0.0282201386012	0.0502531233605	0.00681545855769	0.00351705282773	-0.00806749339523	0.00970414076715	-0.0552152289436	-0.019124685449	-0.0260025160096	-0.00642097803248	0.020490908057	-0.00186862527111	-0.0534247930863	-0.0381894867555	1.0	0.0621807394074	0.00672643600094	-0.118126848876	0.0392360863722	-0.00724734558599	-0.0101531527307	0.0685083938825	0.0267343105261	0.0322687889839	-0.0182744805358	-0.00269887358463	-0.0233200953474	-0.0603983746204	-0.0358902143114	-0.00480825007686	-0.0297150393282	0.00608738806164	-0.0275334011009	0.000719343795488	0.0299035172229	0.0427096319583	-0.0277590253745	0.0413869067156	-0.066632505539	-0.0469808998711	0.0151497862328	-0.00595983576473	-0.0651771406978	0.0181898743397	0.0257847291608	-0.00511701324586	-0.0574029062571	0.0100555462147	-0.0331789437481	-0.0462458144721
k__Bacteria;p__Firmicutes;c__Clostridia;o__Clostridiales;f__Oscillospiraceae;g__Oscillibacter;s__Oscillibacter_sp._KLE_1745	0.0451034131535	0.0497821907043	-0.0341445188101	-0.0226826167758	0.00085903324982	-0.0211589369855	-0.00432810634315	0.0312563940363	0.0390426596996	0.0399573921237	-0.0381143889473	0.00454333119582	0.0274169421187	0.0141742081036	-0.0190125083518	0.00590133403983	0.00472927451114	-0.0155305328981	-0.00621239938054	-0.0120382764861	-0.0348634188942	-0.0500522768801	-0.0430888303961	0.0621807394074	1.0	0.0449288054728	-0.0193080076597	0.000699839630803	-0.023297958715	-0.0288354476196	0.0386979158183	-0.0279964270026	-0.0621345057919	-0.00878022061402	0.0404788541594	-0.0404458165904	0.00655110267675	-0.0179778972658	-0.052397488909	0.0180247306732	-0.00369452785859	0.00834944414358	0.0586877281235	0.0376467492802	0.0272119916114	-0.0567926829637	-0.0242268876863	0.0550314627004	-0.00943220473765	-0.0692477309513	-0.0398059731266	0.00466064955554	-0.0557285624607	-0.0377931160949	0.0227821069877	-0.00440529168321	0.0444073043705	0.00137034130365	0.0153286081278
k__Bacteria;p__Bacteroidetes;c__Bacteroidia;o__Bacteroidales;f__Bacteroidaceae;g__Bacteroides;s__Bacteroides_coprophilus	-0.05076396099	-0.00154295552635	-0.075145568346	0.0457928524867	0.0298001248374	0.0998074939664	-0.0302683814352	0.0224845251595	0.0280928273825	0.00231531466515	0.0480644730165	-0.0214302494097	0.0100569013095	-0.0176173874754	-0.0354630139424	-0.0471320626457	-0.0261316594295	0.023664725071	0.0150689282101	0.020322507232	-0.00305190855083	-0.00227704982671	0.0127356584023	0.00672643600094	0.0449288054728	1.0	0.0273919848125	-0.0172014685325	-0.0452251812966	-0.0115098010198	0.0613040760417	-0.0553805062399	-0.0359489531625	-0.0117923996766	-0.0278725211928	0.0177048876279	-0.0212155878744	-0.018666554429	0.00696337930393	-0.0649738802923	0.00520242014375	0.00497504596747	-0.00338037084772	-0.0516509507837	-0.0608086164304	-0.0109904647639	-0.0200672826243	-0.00112524946837	0.0462592088234	-0.0248890414474	0.0503539904385	0.0116646119498	0.0126685397736	0.0441373467386	-0.00241816218345	-0.0272512748425	-0.00921510742624	-0.0405834045286	-0.0171876534892
k__Bacteria;p__Firmicutes;c__Clostridia;o__Clostridiales;f__Lachnospiraceae;g__Roseburia;s__Roseburia_intestinalis	-0.00474973179698	0.0017878562146	-0.0963981092468	0.0633905739173	0.020499591106	0.00116904006146	0.0580089638252	-0.00877617643252	0.015336018451	0.010615383402	-0.0136715154524	0.0267876560553	0.00228776727841	-0.0270086944583	-0.0129954529712	-0.0149569578711	0.021364408503	-0.0215752423966	0.00253900420456	-0.0391554278121	-0.0400753203145	0.0310239667248	-0.0581642385798	-0.118126848876	-0.0193080076597	0.0273919848125	1.0	-0.0469581374376	0.0436539553079	0.0470028712034	0.0461299380054	-0.0368980857223	0.0123327079632	-0.0365697696675	-0.000632503428006	-0.0112945938335	-0.0579662921085	-0.0627266826038	0.102351291958	-0.0170755453068	0.0136898759378	-0.0604950088711	-0.0342816473935	0.00127692006841	-0.03929253771	-0.0290987259683	-0.0445522683423	0.043544000087	0.0105776264212	0.0117775132262	-0.0341397780291	0.00416975881568	-0.0525075675192	-0.0196370302902	0.0495828394964	0.0362730444062	-0.0363998181621	-0.00242487664226	-0.032134421273
k__Bacteria;p__Firmicutes;c__Clostridia;o__Clostridiales;f__Lachnospiraceae;g__Roseburia;s__Roseburia_hominis	0.0306520965004	0.0435544415006	0.0062637544379	-0.0120535789928	-0.0252585509002	-0.0457688971867	-0.0138902567601	0.0292840606269	0.024567839009	-0.0395158802713	0.0231134607859	0.00178299726419	0.0121962531558	0.0132783811969	0.0744659315135	-0.0699980175474	-0.0460833810718	0.0536277341793	-0.0415487826121	-0.0085107064633	-0.0500153590295	-0.0138317561266	-0.00632214303147	0.0392360863722	0.000699839630803	-0.0172014685325	-0.0469581374376	1.0	-0.0351572395706	0.022090845525	-0.075318873305	0.00947994426915	-0.00418877099236	0.0631939882729	-0.00626028366839	0.00423623941574	-0.0108788543541	0.0303260919093	-0.0513080100884	0.0535949185939	0.00603361338309	0.012194568635	-0.0255792454014	-0.011072730584	-0.0317948352073	0.0521082689088	-0.0231652252975	-0.00749101594016	0.0118972845375	-0.0599742784317	-0.0284318240725	-0.0255943632352	-0.000671503087907	-0.00386539623633	0.0337610966708	-0.0196509437187	0.0658024365615	-0.0447052916011	0.0337764948754
k__Bacteria;p__Bacteroidetes;c__Bacteroidia;o__Bacteroidales;f__Porphyromonadaceae;g__Parabacteroides;s__Parabacteroides_johnsonii	-0.00558209829163	-0.062372977929	0.015915314412	0.0342361124458	0.00778036968736	-0.0535546161701	-0.0260411400981	-0.0195250551461	-0.0797049697966	0.00926580556931	-0.0350559120487	0.0156918971246	-0.0278732316124	-0.0481318814048	0.00857045266538	0.0344588256234	0.0286963616891	-0.0108156463991	0.0408482047595	-0.0649407167011	0.0219486715664	0.0739723802022	-0.0300533020307	-0.00724734558599	-0.023297958715	-0.0452251812966	0.0436539553079	-0.0351572395706	1.0	0.0301271994194	-0.00221770103685	0.028925413574	-0.0148465432926	0.00443290248635	-0.0103967165704	-0.0248262147251	0.0407309190616	-0.0176469239578	-0.103923206807	0.00549450457501	-0.0394723956166	-0.00777938595131	0.0345555111385	0.0560689470472	0.0295416292625	-0.0248080322964	-0.0579315419943	-0.0347504399348	-0.0263342711854	0.0208867489688	-0.0256282435877	-0.0553091861647	0.00150376654722	0.00976893613966	0.00257033825864	-0.0341501598014	-0.0216433614641	0.0526222609094	-0.0491792111565
k__Bacteria;p__Actinobacteria;c__Actinobacteria;o__Bifidobacteriales;f__Bifidobacteriaceae;g__Bifidobacterium;s__Bifidobacterium_longum	-0.0325158540337	-0.0512261412603	-0.109500795263	0.0682156676358	-0.0146011900911	0.0155210141368	0.0634178778191	0.042993873194	0.0134788240328	0.0145740406262	0.0201470935216	-0.00992766633093	-0.0125422421843	0.0688715086716	-0.015554299628	-0.00643818990497	-0.0024163271869	-0.0558000452204	-0.0348851723711	-0.0695256620773	0.0244510765744	-0.025341148713	-0.00610213612841	-0.0101531527307	-0.0288354476196	-0.0115098010198	0.0470028712034	0.022090845525	0.0301271994194	1.0	-0.0607163184364	-0.0929454828306	-0.0179423859665	-0.0120245142509	-0.0653314048699	0.0391016234447	-0.010129987593	0.00857940390281	-0.00181972190816	-0.0369256494411	0.0152952388761	-0.0104119451239	-0.0088100750647	-0.00379732206026	0.0942919181185	-0.0250186864395	-0.071252167377	0.0238694120545	-0.0204128858304	-0.0197912668066	0.0474050185581	0.0167251552257	-0.0485874674953	-0.00958676433539	0.0665235800644	0.0402430840213	-0.000758344871381	-0.00646366105359	-0.0219180394103
