#taxonomy	k__Bacteria;p__Bacteroidetes;c__Bacteroidia;o__Bacteroidales;f__Bacteroidaceae;g__Bacteroides;s__Bacteroides_vulgatus	k__Bacteria;p__Bacteroidetes;c__Bacteroidia;o__Bacteroidales;f__Bacteroidaceae;g__Bacteroides;s__Bacteroides_uniformis	k__Bacteria;p__Bacteroidetes;c__Bacteroidia;o__Bacteroidales;f__Rikenellaceae;g__Alistipes;s__Alistipes_putredinis	k__Bacteria;p__Bacteroidetes;c__Bacteroidia;o__Bacteroidales;f__Prevotellaceae;g__Prevotella;s__Prevotella_copri	k__Bacteria;p__Bacteroidetes;c__Bacteroidia;o__Bacteroidales;f__Bacteroidaceae;g__Bacteroides;s__Bacteroides_stercoris	k__Bacteria;p__Bacteroidetes;c__Bacteroidia;o__Bacteroidales;f__Bacteroidaceae;g__Bacteroides;s__Bacteroides_ovatus	k__Bacteria;p__Bacteroidetes;c__Bacteroidia;o__Bacteroidales;f__Rikenellaceae;g__Alistipes;s__Alistipes_shahii	k__Bacteria;p__Firmicutes;c__Clostridia;o__Clostridiales;f__Ruminococcaceae;g__Faecalibacterium;s__Faecalibacterium_prausnitzii	k__Bacteria;p__Bacteroidetes;c__Bacteroidia;o__Bacteroidales;f__Rikenellaceae;g__Alistipes;s__Alistipes_finegoldii	k__Bacteria;p__Bacteroidetes;c__Bacteroidia;o__Bacteroidales;f__Porphyromonadaceae;g__Parabacteroides;s__Parabacteroides_distasonis	k__Bacteria;p__Bacteroidetes;c__Bacteroidia;o__Bacteroidales;f__Bacteroidaceae;g__Bacteroides;s__Bacteroides_thetaiotaomicron	k__Bacteria;p__Bacteroidetes;c__Bacteroidia;o__Bacteroidales;f__Bacteroidaceae;g__Bacteroides;s__Bacteroides_coprocola	k__Bacteria;p__Bacteroidetes;c__Bacteroidia;o__Bacteroidales;f__Bacteroidaceae;g__Bacteroides;s__Bacteroides_cellulosilyticus	k__Bacteria;p__Bacteroidetes;c__Bacteroidia;o__Bacteroidales;f__Rikenellaceae;g__Alistipes;s__Alistipes_obesi	k__Bacteria;p__Firmicutes;c__Clostridia;o__Clostridiales;f__Lachnospiraceae;g__;s__[Eubacterium]_rectale	k__Bacteria;p__Bacteroidetes;c__Bacteroidia;o__Bacteroidales;f__Bacteroidaceae;g__Bacteroides;s__Bacteroides_plebeius	k__Bacteria;p__Bacteroidetes;c__Bacteroidia;o__Bacteroidales;f__Bacteroidaceae;g__Bacteroides;s__Bacteroides_fragilis	k__Bacteria;p__Proteobacteria;c__Betaproteobacteria;o__Burkholderiales;f__Sutterellaceae;g__Sutterella;s__Sutterella_wadsworthensis	k__Bacteria;p__Bacteroidetes;c__Bacteroidia;o__Bacteroidales;f__Porphyromonadaceae;g__Barnesiella;s__Barnesiella_intestinihominis	k__Bacteria;p__Bacteroidetes;c__Bacteroidia;o__Bacteroidales;f__Odoribacteraceae;g__Odoribacter;s__Odoribacter_splanchnicus	k__Bacteria;p__Bacteroidetes;c__Bacteroidia;o__Bacteroidales;f__Bacteroidaceae;g__Bacteroides;s__Bacteroides_salyersiae	k__Bacteria;p__Firmicutes;c__Clostridia;o__Clostridiales;f__Ruminococcaceae;g__Ruminiclostridium;s__[Eubacterium]_siraeum	k__Bacteria;p__Proteobacteria;c__Betaproteobacteria;o__Burkholderiales;f__Sutterellaceae;g__Parasutterella;s__Parasutterella_excrementihominis	k__Bacteria;p__Actinobacteria;c__Actinobacteria;o__Bifidobacteriales;f__Bifidobacteriaceae;g__Bifidobacterium;s__Bifidobacterium_adolescentis	k__Bacteria;p__Firmicutes;c__Clostridia;o__Clostridiales;f__Oscillospiraceae;g__Oscillibacter;s__Oscillibacter_sp._KLE_1745	k__Bacteria;p__Bacteroidetes;c__Bacteroidia;o__Bacteroidales;f__Bacteroidaceae;g__Bacteroides;s__Bacteroides_coprophilus	k__Bacteria;p__Firmicutes;c__Clostridia;o__Clostridiales;f__Lachnospiraceae;g__Roseburia;s__Roseburia_intestinalis	k__Bacteria;p__Firmicutes;c__Clostridia;o__Clostridiales;f__Lachnospiraceae;g__Roseburia;s__Roseburia_hominis	k__Bacteria;p__Bacteroidetes;c__Bacteroidia;o__Bacteroidales;f__Porphyromonadaceae;g__Parabacteroides;s__Parabacteroides_johnsonii	k__Bacteria;p__Actinobacteria;c__Actinobacteria;o__Bifidobacteriales;f__Bifidobacteriaceae;g__Bifidobacterium;s__Bifidobacterium_longum	k__Bacteria;p__Firmicutes;c__Clostridia;o__Clostridiales;f__;g__Flavonifractor;s__Flavonifractor_plautii	k__Bacteria;p__Firmicutes;c__Clostridia;o__Clostridiales;f__Clostridiaceae;g__Clostridium;s__Clostridium_phoceensis	k__Bacteria;p__Verrucomicrobia;c__Verrucomicrobiae;o__Verrucomicrobiales;f__Akkermansiaceae;g__Akkermansia;s__Akkermansia_muciniphila	k__Bacteria;p__Bacteroidetes;c__Bacteroidia;o__Bacteroidales;f__Prevotellaceae;g__Paraprevotella;s__Paraprevotella_xylaniphila	k__Bacteria;p__Firmicutes;c__Clostridia;o__Clostridiales;f__Ruminococcaceae;g__Ruminococcus;s__Ruminococcus_callidus	k__Bacteria;p__Bacteroidetes;c__Bacteroidia;o__Bacteroidales;f__Rikenellaceae;g__Alistipes;s__Alistipes_senegalensis	k__Bacteria;p__Firmicutes;c__Clostridia;o__Clostridiales;f__Lachnospiraceae;g__Blautia;s__Blautia_sp._KLE_1732	k__Bacteria;p__Bacteroidetes;c__Bacteroidia;o__Bacteroidales;f__Bacteroidaceae;g__Bacteroides;s__Bacteroides_oleiciplenus	k__Bacteria;p__Firmicutes;c__Clostridia;o__Clostridiales;f__Ruminococcaceae;g__Ruminococcus;s__Ruminococcus_bicirculans	k__Bacteria;p__Bacteroidetes;c__Bacteroidia;o__Bacteroidales;f__Bacteroidaceae;g__Bacteroides;s__Bacteroides_fluxus	k__Bacteria;p__Bacteroidetes;c__Bacteroidia;o__Bacteroidales;f__Prevotellaceae;g__Prevotella;s__Prevotella_stercorea	k__Bacteria;p__Firmicutes;c__Clostridia;o__Clostridiales;f__Lachnospiraceae;g__Dorea;s__Dorea_longicatena	k__Bacteria;p__Firmicutes;c__Clostridia;o__Clostridiales;f__Eubacteriaceae;g__Eubacterium;s__[Eubacterium]_eligens	k__Bacteria;p__Firmicutes;c__Clostridia;o__Clostridiales;f__Ruminococcaceae;g__;s__Ruminococcaceae_bacterium_D16	k__Bacteria;p__Firmicutes;c__Clostridia;o__Clostridiales;f__Lachnospiraceae;g__Coprococcus;s__Coprococcus_comes	k__Bacteria;p__Proteobacteria;c__Gammaproteobacteria;o__Enterobacterales;f__Enterobacteriaceae;g__Escherichia;s__Escherichia_coli	k__Bacteria;p__Firmicutes;c__Clostridia;o__Clostridiales;f__Ruminococcaceae;g__Anaerotruncus;s__Anaerotruncus_colihominis	k__Bacteria;p__Firmicutes;c__Clostridia;o__Clostridiales;f__Lachnospiraceae;g__Blautia;s__Blautia_obeum	k__Bacteria;p__Bacteroidetes;c__Bacteroidia;o__Bacteroidales;f__Odoribacteraceae;g__Odoribacter;s__Odoribacter_laneus	k__Bacteria;p__Firmicutes;c__Clostridia;o__Clostridiales;f__Ruminococcaceae;g__Ruminiclostridium;s__[Clostridium]_leptum	k__Bacteria;p__Bacteroidetes;c__Bacteroidia;o__Bacteroidales;f__Porphyromonadaceae;g__Parabacteroides;s__Parabacteroides_goldsteinii	k__Bacteria;p__Firmicutes;c__Clostridia;o__Clostridiales;f__Lachnospiraceae;g__Anaerostipes;s__Anaerostipes_hadrus	k__Bacteria;p__Firmicutes;c__Clostridia;o__Clostridiales;f__Ruminococcaceae;g__Ruminococcus;s__Ruminococcus_lactaris	k__Bacteria;p__Firmicutes;c__Clostridia;o__Clostridiales;f__Clostridiaceae;g__Clostridium;s__Clostridium_sp._L2-50	k__Bacteria;p__Firmicutes;c__Clostridia;o__Clostridiales;f__Clostridiaceae;g__Clostridium;s__Clostridium_sp._M62/1	k__Bacteria;p__Firmicutes;c__Clostridia;o__Clostridiales;f__;g__Intestinimonas;s__Intestinimonas_butyriciproducens	k__Bacteria;p__Actinobacteria;c__Actinobacteria;o__Bifidobacteriales;f__Bifidobacteriaceae;g__Bifidobacterium;s__Bifidobacterium_bifidum	k__Bacteria;p__Firmicutes;c__Negativicutes;o__Veillonellales;f__Veillonellaceae;g__Dialister;s__Dialister_invisus	k__Bacteria;p__Bacteroidetes;c__Bacteroidia;o__Bacteroidales;f__Bacteroidaceae;g__Bacteroides;s__Bacteroides_salanitronis
k__Bacteria;p__Bacteroidetes;c__Bacteroidia;o__Bacteroidales;f__Bacteroidaceae;g__Bacteroides;s__Bacteroides_vulgatus	1.0	-0.00815792563079	-0.0256546566053	0.0343823698829	-0.00506992465645	-0.0211395559696	-0.0242340975569	0.00479393955705	-0.097472691216	-0.0381173064603	-0.0646245008766	0.0517764075347	0.0174206768074	0.00413089885881	-0.0389687813298	-0.0030090758628	0.029762301349	0.000988489167529	0.00255966900791	0.0118475391347	0.0192237732236	-0.0394958066063	-0.0140660976309	-0.0147901105946	0.021575325531	0.0194578574824	0.0192694924738	-0.053148361147	0.0456158151634	-0.0529757076088	0.0219527983312	-0.0508366721187	0.0034804212465	0.0174400260644	-0.0033053944216	0.0179577096015	0.0439259646391	-0.00649360132635	-0.00763209394438	0.0366730308579	-0.0249506453701	-0.073894448224	-0.00986990197675	-0.0215826780897	0.021834377799	0.011823827758	-0.00857835710236	-0.0352645488541	0.0337504273541	-0.0294451601564	-0.104605831831	-0.0475425308866	-0.0338507499963	-0.0461048708184	-0.0055778953912	-0.0120084567543	0.00699503181191	-0.0872270279229	-0.00209774434793
k__Bacteria;p__Bacteroidetes;c__Bacteroidia;o__Bacteroidales;f__Bacteroidaceae;g__Bacteroides;s__Bacteroides_uniformis	-0.00815792563079	1.0	-0.00326689359017	0.00285721392847	0.0333618756823	-0.057020896218	-0.0237860315135	-0.00872804170782	-0.0138677858629	0.00448864001338	0.043196574946	0.0809737590286	0.00532827010667	-0.00677212520568	0.113867496215	-0.0146752233022	-0.0436849475807	0.0585423349866	-0.0364924587208	-0.0449065759824	0.0230343209968	0.0451000929954	-0.0945692350925	-0.00939152636112	-0.0450297636432	-0.00197732060598	0.0166822575949	0.0105099443554	-0.0267270407406	0.00785379605853	-0.0506944780954	-0.0100539693564	0.0439759253464	-0.0125516728686	-0.0279655739651	0.0255251713696	-0.0400529421034	-0.034007049944	0.0174264982366	-0.000657263437602	-0.0643264435359	-0.0439662331191	-0.0581341950666	0.0441323931413	-0.0549894408829	-0.0240081997755	-0.0535828595496	0.00562748566674	-0.0139088058735	0.00710824974449	-0.0205647318201	-0.0464983546466	0.039684657535	0.0152874009285	-0.013870236435	-0.143038019196	0.0299901326517	-0.0174060078038	-0.00714143634635
k__Bacteria;p__Bacteroidetes;c__Bacteroidia;o__Bacteroidales;f__Rikenellaceae;g__Alistipes;s__Alistipes_putredinis	-0.0256546566053	-0.00326689359017	1.0	0.00286628111947	-0.0353848987248	0.0162718890949	0.0329810072243	0.0443830565362	-0.0391416089912	-0.072872589148	-0.0510301359222	-0.0313146279332	0.0639089082669	0.0177056197481	0.0207599651108	-0.0658396288057	-0.0471808026182	0.0039065487127	0.0128729654568	-0.0503038586544	0.0539195166265	-0.0215138455525	0.0801138549869	0.00831964937686	-0.080887878656	-0.0108996914847	-0.0992339922676	0.00606177306586	-0.010240479836	0.0277788203073	0.0236512155617	0.0633190600912	-0.0509290180307	-0.034031998271	0.0413995785174	0.0204712227921	-0.0445604686884	-0.0344599861079	0.0397400912284	-0.0316678581337	-0.00363874768208	-0.0224299232856	-0.0167473210314	0.0160883471004	0.00470443360338	-0.0140393771223	-0.00648984762814	0.0828922721924	0.017742981578	-0.0114541574191	-0.0127912199754	0.0551590589384	0.0305601801469	-0.0556626577334	-0.0206766372006	-0.0668808829018	0.0388493452273	-0.0623362364941	0.0159082105631
k__Bacteria;p__Bacteroidetes;c__Bacteroidia;o__Bacteroidales;f__Prevotellaceae;g__Prevotella;s__Prevotella_copri	0.0343823698829	0.00285721392847	0.00286628111947	1.0	-0.0446883672287	-0.0231047893366	0.0213791134139	-0.0464332951728	-0.0408278724131	-0.033001946223	-0.0393691137774	-0.0160743017162	-0.0284031482619	-0.0043120067594	0.0657771481854	-0.00400785253645	-0.0325164744011	-0.0126996989548	0.0613331821108	-0.0404801046222	0.0183226686068	-0.0323213882768	-0.0182859281667	-0.0210341090379	0.00174560891611	-0.0495610559913	0.0190809833111	0.0258598227015	-0.0044114007653	0.0170756692132	-0.0501773581415	0.0402641672283	-0.0383486768189	0.00334899857243	-0.00123589429673	0.0341318087724	-0.0603471422709	-0.00704724925092	-0.00726117327126	0.0740808954634	-0.00665301472129	0.0568659318092	-0.0300706838934	0.0474077752924	0.00358422312549	0.00425955424304	-0.0417251114754	-0.0458039116481	-0.0177928012896	-0.018893259128	-0.0134811030901	-0.0365075834305	-0.0230830291013	-0.0646213137575	-0.0208787640377	-0.0352591536411	0.0112330510501	0.0247786480569	-0.0647917424293
k__Bacteria;p__Bacteroidetes;c__Bacteroidia;o__Bacteroidales;f__Bacteroidaceae;g__Bacteroides;s__Bacteroides_stercoris	-0.00506992465645	0.0333618756823	-0.0353848987248	-0.0446883672287	1.0	-0.0701655775637	-0.0210729769446	0.0124087087199	-0.0379751247013	-0.017776605853	-0.0394766760143	-0.0621251141061	0.0643154178019	-0.0432471839924	0.0286343249803	-0.0252592170682	-0.00130669730857	-0.0477482678092	-0.0209302741747	0.0627621423062	0.0150063622359	0.020522818277	-0.0400587700538	-0.00461649668948	-0.0368392201428	-0.0534256788216	-0.0422667074326	-0.00626069868525	0.0712957770166	0.0310845993779	-0.0202773902681	-0.011721990185	-0.0123933534199	-0.00954357666082	-0.026094037422	-0.0212621718677	0.017334835745	-0.0277763604278	-0.0396678591526	-0.0102314377184	-0.000695156702885	0.00229208648992	-0.0126907770181	0.0625520749376	0.0454664396812	0.0399380871959	0.0507220981568	-0.0120577310527	-0.0378788983417	-0.0319692778114	-0.00928367074877	0.0110238991102	-0.0255646244375	0.0326159300879	0.0212940562063	0.0603155232854	-0.0306405659038	-0.0264568372992	-0.0165554066562
k__Bacteria;p__Bacteroidetes;c__Bacteroidia;o__Bacteroidales;f__Bacteroidaceae;g__Bacteroides;s__Bacteroides_ovatus	-0.0211395559696	-0.057020896218	0.0162718890949	-0.0231047893366	-0.0701655775637	1.0	0.0197435254514	0.0176316405847	-0.00753377983888	-0.0422391831208	-0.0413102296267	-0.0465400350208	-0.00891941541769	-0.00672584148723	0.000600236760342	0.00156091200711	0.00213025848014	0.0193488150392	0.0580244488439	-0.0258661163276	0.037588698102	-0.0299445496455	-0.0299702679142	-0.00511500230058	-0.0355914450302	-0.0250916035372	0.0628162152431	0.00923037351891	0.0304883943623	-0.0302078266792	-0.0165680252981	-0.0436893073931	-0.00736454003247	0.0146042390407	-0.0625956841206	-0.00817910333087	0.00239479463443	0.022926217686	-0.061810168577	-0.0388654586259	0.0155069806461	-0.0352952921041	-0.0241989405485	0.0328815252145	0.0398517330411	-0.0261262864916	-0.0175859775251	0.0467563408476	0.0394005006522	-0.0265291685864	0.0111780266273	0.0412775536455	0.0118803783962	0.0073863220705	-0.0571211834469	-0.00766543671041	0.0174710781264	-0.0546880314623	-0.0202562964888
k__Bacteria;p__Bacteroidetes;c__Bacteroidia;o__Bacteroidales;f__Rikenellaceae;g__Alistipes;s__Alistipes_shahii	-0.0242340975569	-0.0237860315135	0.0329810072243	0.0213791134139	-0.0210729769446	0.0197435254514	1.0	0.088614581748	-0.00597532944285	-0.0372302168279	0.00229495989505	-0.0422648108525	-0.000399233591189	0.00628906411577	-0.000837871089612	-0.0635141430195	0.0200566773494	-0.04035249013	0.0223558740472	0.00199794198128	-0.018205108026	-0.00919162755371	-0.0405307195173	-0.0842556593789	-0.0800761568697	0.0241953544873	-0.014293025273	-0.0161513201482	-0.0326158022897	0.0154129647406	-0.0572067674528	0.0899087970346	0.0116231738923	-0.0524016069747	0.033484131062	-0.0356732488458	-0.0367810145192	0.0365707928858	0.0375055842608	-0.0014968601875	-0.0220778925239	0.0113094410135	0.022675661576	0.0189932091084	-0.0337918787333	-0.0651953392037	-0.0523966024525	0.0302042268594	0.0230540166549	-0.0587085809381	0.00468112626779	0.00993307445413	-0.0175234957091	0.0126670027094	-0.0154687564779	0.00993910118724	0.022134880738	-0.0231899941432	0.00206477608305
k__Bacteria;p__Firmicutes;c__Clostridia;o__Clostridiales;f__Ruminococcaceae;g__Faecalibacterium;s__Faecalibacterium_prausnitzii	0.00479393955705	-0.00872804170782	0.0443830565362	-0.0464332951728	0.0124087087199	0.0176316405847	0.088614581748	1.0	0.0266761663479	0.00182075155295	0.0435844024024	0.0126496685862	0.0153709307221	0.015233003332	0.010608408141	-0.0473106921755	0.00849628737974	-0.0295643815772	-0.02227488844	0.00862547827033	0.0390364455447	-0.0507964353485	-0.061214927759	-0.0484703006708	-0.0058547914985	-0.022566648602	-0.0325650953044	-0.000604836831891	0.0181577190776	-0.00621703186685	-0.0668478246416	-0.00134203958904	-0.0125008038816	-0.0309113449398	-0.031408447384	-0.035186007108	-0.0116388876594	-0.0146355692542	-0.0359600696061	0.038087240525	-0.0881063102439	0.0231050935485	0.018552025415	-0.0140395224625	0.00884657301694	0.00392388675566	-0.0103842369943	0.0372449941506	-0.0483717839214	-0.0267397891261	-0.00541147909535	-0.041700044133	-0.0298501085591	0.0158246935629	0.050721281825	-0.0341111992552	0.0342018302321	0.0337074534142	0.00535649532005
k__Bacteria;p__Bacteroidetes;c__Bacteroidia;o__Bacteroidales;f__Rikenellaceae;g__Alistipes;s__Alistipes_finegoldii	-0.097472691216	-0.0138677858629	-0.0391416089912	-0.0408278724131	-0.0379751247013	-0.00753377983888	-0.00597532944285	0.0266761663479	1.0	-0.0460111866293	0.020158879858	-0.0854231783179	0.00338176612427	0.00375282634311	-0.0108883064189	0.00438398531817	-0.0118120993081	0.0237436154257	0.024376599699	-0.025960462185	0.0502301464208	-0.0439722910817	-0.0195611233556	0.00669998048909	-0.0294806557617	-0.0240433763057	-0.0217341481538	-0.0352978908293	0.00594873234696	-0.0242134398066	-0.0167775966478	-0.000250059001501	-0.0758764797317	-0.0259454785674	-0.0135414784484	0.0171895514793	0.0358830408486	0.0323584894207	-0.00567962509027	-0.0407742130124	0.0355234189176	0.0227291077497	0.0309133208877	-0.0141644425478	-0.0116968215355	0.0371944083897	-0.0458303625934	-0.0205225746687	0.0299482058982	-0.00806086563239	-0.00748561872274	-0.00675500225309	-0.0137006553317	0.00319092171676	-0.0364393452878	-0.0329579195758	0.0111517195288	-0.0718943798311	0.0116713366695
k__Bacteria;p__Bacteroidetes;c__Bacteroidia;o__Bacteroidales;f__Porphyromonadaceae;g__Parabacteroides;s__Parabacteroides_distasonis	-0.0381173064603	0.00448864001338	-0.072872589148	-0.033001946223	-0.017776605853	-0.0422391831208	-0.0372302168279	0.00182075155295	-0.0460111866293	1.0	-0.0319650800398	-0.0602700955356	-0.0440897513271	0.00908253854379	-0.0164213398726	0.0238615835469	0.0425770916114	-0.0164103610603	0.0460458833293	0.0193828474459	0.0339818275161	0.0208051092122	0.0718139464803	-0.00680190858713	-0.0590182586028	0.00861145061094	-0.00387519857863	-0.0469882789311	-0.0292290791838	0.0355766985503	-0.0291678830422	-0.0400091530243	0.0646538660859	-0.00314520007046	-0.030919861615	0.0941937341783	0.000644840399726	0.023318902962	-0.0276236474767	0.0211729455962	0.0571010632603	0.0211697752206	0.0101454790479	-0.065947919752	0.0159831644044	-0.0439530415606	-0.0164810315773	0.0368207788884	-0.0568120631776	-0.00468409792515	-0.0249249136508	-0.0181081424648	0.00876159197366	-0.0278987941452	0.0595780710681	-0.0137141099775	0.0143656718088	-0.0112544515319	-0.0469966419624
k__Bacteria;p__Bacteroidetes;c__Bacteroidia;o__Bacteroidales;f__Bacteroidaceae;g__Bacteroides;s__Bacteroides_thetaiotaomicron	-0.0646245008766	0.043196574946	-0.0510301359222	-0.0393691137774	-0.0394766760143	-0.0413102296267	0.00229495989505	0.0435844024024	0.020158879858	-0.0319650800398	1.0	-0.0169581629239	-0.0160269626592	0.0310113774407	-0.0149576256884	-0.0118543664237	-0.0207975560839	-0.0391683011198	-0.0164828671429	-0.0369757262618	-0.0104904615404	-0.0138658342482	-0.033662126601	-0.0131155742333	-0.0474496860164	0.069146814526	0.00905622156814	-0.0415275194446	-0.0229086758724	-0.0128984484186	-0.0308690130668	0.0138972187103	-0.0132908784251	0.026297333085	0.0198052237395	-0.0310593757504	-0.0173563211625	-0.0362044778745	-0.037049018261	-0.0254239377023	0.0141638675768	0.00420517863385	0.00458322920719	-0.016545083141	-0.0353601594574	0.057862140504	0.0645688573888	-0.0171332580386	0.0263328618688	0.04350027326	-0.0413258357148	0.0511254720314	0.036502229429	-0.0129004980812	0.00507665461454	-0.0446144213062	-0.0527173867363	0.0318464823869	0.0465873212036
k__Bacteria;p__Bacteroidetes;c__Bacteroidia;o__Bacteroidales;f__Bacteroidaceae;g__Bacteroides;s__Bacteroides_coprocola	0.0517764075347	0.0809737590286	-0.0313146279332	-0.0160743017162	-0.0621251141061	-0.0465400350208	-0.0422648108525	0.0126496685862	-0.0854231783179	-0.0602700955356	-0.0169581629239	1.0	-0.0248965122459	-0.00678496875328	0.0511724712944	-0.0163155635805	-0.0369400275856	-0.0618862081225	0.0123357758789	0.00439176565426	-0.0165566625771	-0.00441924203598	-0.0611902442196	0.0925319651683	-0.0338619567981	-0.0126479088529	-0.00601351600054	0.0140792628287	-0.0516280479466	0.0176127081262	-0.0877126413936	-0.00712229299837	0.0407016452923	0.00976712420899	0.0190025759353	-0.0039364688331	0.014185648041	-0.015604814847	0.0129716749034	-0.00622852620891	0.0603297068389	0.0243518236979	-0.00272148959634	-0.0228139722693	-0.0531353361112	0.0745238438476	0.0112519753017	-0.027280214035	-0.0777173884395	-0.00868930634106	-0.0370150527039	-0.084777449414	0.0294976360423	0.0328366552132	-0.0152916444054	-0.00196773054107	0.0417606331019	0.0418648586075	-0.0114035552434
k__Bacteria;p__Bacteroidetes;c__Bacteroidia;o__Bacteroidales;f__Bacteroidaceae;g__Bacteroides;s__Bacteroides_cellulosilyticus	0.0174206768074	0.00532827010667	0.0639089082669	-0.0284031482619	0.0643154178019	-0.00891941541769	-0.000399233591189	0.0153709307221	0.00338176612427	-0.0440897513271	-0.0160269626592	-0.0248965122459	1.0	-0.0360907988666	-0.0291193881649	-0.0794124934736	0.0325343391031	-0.0117789788535	0.000679831647621	-0.0500646506371	-0.0400743700807	-0.0223820914129	-0.0209581283822	-0.0443136519002	-0.0702752287209	-0.0143793315792	0.0470913889935	0.0211774961155	-0.00667059938318	0.0452316720534	0.0178893360703	0.00614597478362	0.00764954954241	-0.0124989530728	-0.0249086867593	-0.047317244729	-0.0378077904778	-0.0546869187464	-0.028737114618	0.0773628136047	0.00934581909182	0.0117949555331	-0.0378079498962	-0.0470715995935	-0.00456020192423	-0.0603561306857	0.00122669098013	-0.0344372525086	-0.0289663521889	-0.0353118368991	0.0339076964598	-0.0478140932757	-0.0203486961758	0.00566595652857	0.00945995904364	0.0595978797875	0.016578071181	-0.0540634782893	-0.00313241174887
k__Bacteria;p__Bacteroidetes;c__Bacteroidia;o__Bacteroidales;f__Rikenellaceae;g__Alistipes;s__Alistipes_obesi	0.00413089885881	-0.00677212520568	0.0177056197481	-0.0043120067594	-0.0432471839924	-0.00672584148723	0.00628906411577	0.015233003332	0.00375282634311	0.00908253854379	0.0310113774407	-0.00678496875328	-0.0360907988666	1.0	-0.0560052345042	0.081691058486	-0.024462691044	-0.0277878488622	0.0177560291098	-0.0138593814455	-0.0439181999221	-0.0377589789723	0.0174013003032	-0.0368446812786	0.0513710110551	0.0319879451192	0.0487051672636	0.0450084523861	0.0090766824667	-0.0329787467686	0.00600759861625	-0.0289007887588	0.00965366044869	-0.010095435372	-0.0215925428161	-0.00485487147021	-0.0272111737869	0.00465466519963	0.0723349506014	0.0116461173872	-0.0299876621922	-0.0174126623805	-0.00091075941054	0.00703789938108	0.0293360941559	0.00444407100457	0.00464794790663	-0.100900563782	0.00753049217957	-0.0127107464049	0.00924549658682	-0.0023851529499	-0.0193058640858	-0.00389317038838	0.0352147290571	-0.0136901360847	-0.0292555153134	-0.0922962618873	-0.016256312949
k__Bacteria;p__Firmicutes;c__Clostridia;o__Clostridiales;f__Lachnospiraceae;g__;s__[Eubacterium]_rectale	-0.0389687813298	0.113867496215	0.0207599651108	0.0657771481854	0.0286343249803	0.000600236760342	-0.000837871089612	0.010608408141	-0.0108883064189	-0.0164213398726	-0.0149576256884	0.0511724712944	-0.0291193881649	-0.0560052345042	1.0	-0.00820450136009	0.0009310553938	-0.03864966979	0.0112935672777	-0.0158383794696	0.0437143710896	-0.0138302185631	-0.0044885287709	0.00791898403606	-0.046691311107	-0.0171057829272	0.0406419466749	-0.0758865586935	0.0269040254261	-0.0220873231936	-0.0314820509693	-0.0233164565356	-0.000388557380682	-0.00282998312464	-0.000699741251983	-0.0660542375866	0.0129058297489	0.0125894085961	-0.00211542610461	-0.0281307145003	0.000299139461381	-0.0128250671811	-0.0161306039746	0.0193316242989	-0.011904639895	-0.0193179326066	0.0434186725323	-0.0700367069857	0.043325361916	0.0353394956382	0.0312042446384	-0.0216302320355	-0.07681003925	-0.00323557857007	-0.0311738921053	-0.0240563004952	-0.0108585933475	0.0520815292121	-0.065219639959
k__Bacteria;p__Bacteroidetes;c__Bacteroidia;o__Bacteroidales;f__Bacteroidaceae;g__Bacteroides;s__Bacteroides_plebeius	-0.0030090758628	-0.0146752233022	-0.0658396288057	-0.00400785253645	-0.0252592170682	0.00156091200711	-0.0635141430195	-0.0473106921755	0.00438398531817	0.0238615835469	-0.0118543664237	-0.0163155635805	-0.0794124934736	0.081691058486	-0.00820450136009	1.0	0.0436026744251	-0.0550230727697	-0.0179697858423	0.0136833990286	-0.00684672818797	0.000842032929692	-0.0226716086349	0.044606417845	-0.0467025452529	-0.00316118278745	-0.00347326577005	-0.0577042495051	0.00772134129161	0.0443360618458	-0.0159748135801	-0.0283149365458	0.0209189537904	0.0357060185324	0.0247102795178	-0.00231733370618	-0.00891620801346	0.0185886825162	-0.0259491382598	-0.0125485253554	-0.0285927311197	0.00366876281099	0.0431398149851	-0.0549347174838	0.0641317751659	-0.020050296438	0.0298008302313	-0.0643716800936	0.0347858799329	-0.0660245616001	0.000595484809191	-0.0476235590688	0.0228433195428	-0.0545044589408	-0.00468136381325	0.00756650595525	-0.0536966794219	-0.032520213991	-0.0647849145273
k__Bacteria;p__Bacteroidetes;c__Bacteroidia;o__Bacteroidales;f__Bacteroidaceae;g__Bacteroides;s__Bacteroides_fragilis	0.029762301349	-0.0436849475807	-0.0471808026182	-0.0325164744011	-0.00130669730857	0.00213025848014	0.0200566773494	0.00849628737974	-0.0118120993081	0.0425770916114	-0.0207975560839	-0.0369400275856	0.0325343391031	-0.024462691044	0.0009310553938	0.0436026744251	1.0	0.00655676518226	0.0752385302011	-0.0481070193435	-0.0248662711794	-0.0454821266193	0.0408699033949	-0.0467770750069	0.0108245408423	0.0314903054461	-0.00355904053855	0.021700967363	0.0536183234075	0.0623218747377	0.0194222030646	-0.00605772674024	-0.0190230220662	-0.0165004698556	-0.0377703644156	-0.0239961678517	0.0310090096105	-0.0538863317492	-0.0225783513703	-0.0554775064751	-0.00986711895654	-0.0463417722919	-0.00213804959865	-0.00321672042736	-0.00275220841085	-0.0318312622517	0.0158423223705	0.0269945082755	-0.0196411408609	0.0102106914853	-0.00700446409602	-0.013174412854	-0.0681620115276	0.00226236410779	-0.0338792568876	-0.0710796118656	-0.00592972613521	0.0103431539606	-0.0421883405351
k__Bacteria;p__Proteobacteria;c__Betaproteobacteria;o__Burkholderiales;f__Sutterellaceae;g__Sutterella;s__Sutterella_wadsworthensis	0.000988489167529	0.0585423349866	0.0039065487127	-0.0126996989548	-0.0477482678092	0.0193488150392	-0.04035249013	-0.0295643815772	0.0237436154257	-0.0164103610603	-0.0391683011198	-0.0618862081225	-0.0117789788535	-0.0277878488622	-0.03864966979	-0.0550230727697	0.00655676518225	1.0	-0.0203324586543	-0.0188107402063	-0.00436622293063	-0.0241854302721	0.00107649911764	0.0367589203379	-0.0614687164529	0.0251109016759	0.00488027200248	0.0207876264932	-0.0630133081131	-0.0195548506217	-0.0173293461678	-0.0368752617399	-0.00993842363019	0.0124638593173	-0.00625458809875	-0.0210936943002	-0.0332376168903	-0.0296526511232	-0.0416121027227	-0.0444447204721	-0.0232153190759	-0.0190584115848	-0.0446489983711	0.0122604001916	-0.0177439418774	0.00208347117898	0.0320371558561	0.0635127955525	0.0407591102201	-0.0221263339964	-0.00523853824271	-0.0507347991144	0.0282241356406	-0.0403559666562	0.0255041718899	0.023770512316	-0.0206594510727	-0.00203729807535	0.0025402003529
k__Bacteria;p__Bacteroidetes;c__Bacteroidia;o__Bacteroidales;f__Porphyromonadaceae;g__Barnesiella;s__Barnesiella_intestinihominis	0.00255966900791	-0.0364924587208	0.0128729654568	0.0613331821108	-0.0209302741747	0.0580244488439	0.0223558740472	-0.02227488844	0.024376599699	0.0460458833293	-0.0164828671429	0.0123357758789	0.000679831647621	0.0177560291098	0.0112935672777	-0.0179697858423	0.0752385302011	-0.0203324586543	1.0	0.0115083875833	-0.0284539191438	-0.0697958630683	-0.0857998957295	-0.0531135872854	-0.0155475050803	-0.0386690322995	0.0147422071905	0.000444579210246	-0.0174705278972	-0.0553070997737	0.00713996512752	-0.0265116606695	-0.0623726646712	0.0259086363141	0.0369149254659	-0.00248253018816	-0.023732685936	0.0413303969549	-0.029382646492	-0.0150486644872	0.0158144971913	0.00798475960909	0.00896547601592	-0.00631359076764	-0.0323770166862	-0.0340178823212	0.00047123844656	0.00566701607801	-0.0128152366273	0.0143327843376	-0.0270370953777	0.0739438440752	-0.0198725229492	3.51576486173e-05	-0.00366996533438	0.0508322644814	0.0439519344363	-0.0271670645838	-0.0246968740613
k__Bacteria;p__Bacteroidetes;c__Bacteroidia;o__Bacteroidales;f__Odoribacteraceae;g__Odoribacter;s__Odoribacter_splanchnicus	0.0118475391347	-0.0449065759824	-0.0503038586544	-0.0404801046222	0.0627621423062	-0.0258661163276	0.00199794198128	0.00862547827033	-0.025960462185	0.0193828474459	-0.0369757262618	0.00439176565426	-0.0500646506371	-0.0138593814455	-0.0158383794696	0.0136833990286	-0.0481070193435	-0.0188107402063	0.0115083875833	1.0	-0.0034700886004	-0.0292260347875	-0.0320578227417	0.0387721735846	0.0798192358885	0.103752946659	-0.0436101942805	-0.00821368987628	-0.0206769868632	-0.0890820202541	0.00935038887695	-0.011461563285	0.00637306509857	-0.040815248294	0.000766239400699	-0.066846995471	-0.0249094983116	0.028735674821	-0.0175925144809	-0.012509301429	-0.00912586220577	0.0736255549727	0.00732645404242	-0.0183644012906	-0.0190190642093	0.0329968724941	-0.0100778826389	0.0262793048959	0.00564472424404	-0.0553671171847	0.0883492230035	0.0829689045931	-0.0229120096143	0.00534814989488	-0.00761287988351	0.0198752656182	-0.0214079521475	0.00153477862793	-0.043965816639
k__Bacteria;p__Bacteroidetes;c__Bacteroidia;o__Bacteroidales;f__Bacteroidaceae;g__Bacteroides;s__Bacteroides_salyersiae	0.0192237732236	0.0230343209968	0.0539195166265	0.0183226686068	0.0150063622359	0.037588698102	-0.018205108026	0.0390364455447	0.0502301464208	0.0339818275161	-0.0104904615404	-0.0165566625771	-0.0400743700807	-0.0439181999221	0.0437143710896	-0.00684672818797	-0.0248662711794	-0.00436622293063	-0.0284539191438	-0.0034700886004	1.0	-0.0328125300686	-0.0305542112737	-0.0106833274916	0.0410040271953	-0.00694503984965	-0.00977046646322	-0.0399258601835	0.000321621210171	-0.0463283289621	-0.115265987627	-0.0287872105155	-0.0337612618232	-0.0250577294035	0.0207020779077	-0.0237298071706	0.017191849135	0.0249419150727	-0.0537260016385	-0.0136611356768	0.0410489879198	-0.0135437927347	-0.0446555941358	0.0119684022906	-0.0332724629954	-0.0139623203289	-0.0368673489065	0.00400618209672	0.009740160038	-0.0429987880029	0.0252901267385	-0.0174927235584	-0.0191310523567	-0.129908828024	-0.00524060226846	-0.001167486937	0.0263149250347	0.0402081575303	-0.0329653515147
k__Bacteria;p__Firmicutes;c__Clostridia;o__Clostridiales;f__Ruminococcaceae;g__Ruminiclostridium;s__[Eubacterium]_siraeum	-0.0394958066063	0.0451000929954	-0.0215138455525	-0.0323213882768	0.020522818277	-0.0299445496455	-0.00919162755371	-0.0507964353485	-0.0439722910817	0.0208051092122	-0.0138658342482	-0.00441924203598	-0.0223820914129	-0.0377589789723	-0.0138302185631	0.000842032929692	-0.0454821266193	-0.0241854302721	-0.0697958630683	-0.0292260347875	-0.0328125300686	1.0	0.0321866481356	0.0388066447956	0.0163192498401	-0.0625878120063	-0.0295060936917	-0.0272860449765	-0.0642504863173	0.0278699536233	-0.00974256111081	0.0869009615573	-0.00288263815487	0.000492033767647	-0.00592534106401	0.017460769424	-0.0144429670921	-0.025108897644	0.0560546487548	-0.00303973721159	0.012475943949	-0.00684242198646	-0.0106494523977	0.0103709876267	-0.0418041016999	0.0103458806943	0.0204338671426	-0.0360886822915	-0.029338742978	-0.0672007396041	0.0418477392497	-0.0350215632553	-0.00837458530621	0.0243717154428	-0.000541096835024	-0.00628929850851	-0.0686268463064	-0.000633497617906	0.0459056589783
k__Bacteria;p__Proteobacteria;c__Betaproteobacteria;o__Burkholderiales;f__Sutterellaceae;g__Parasutterella;s__Parasutterella_excrementihominis	-0.0140660976309	-0.0945692350925	0.0801138549869	-0.0182859281667	-0.0400587700538	-0.0299702679142	-0.0405307195173	-0.061214927759	-0.0195611233556	0.0718139464803	-0.033662126601	-0.0611902442196	-0.0209581283822	0.0174013003032	-0.0044885287709	-0.0226716086349	0.0408699033949	0.00107649911764	-0.0857998957295	-0.0320578227417	-0.0305542112737	0.0321866481356	1.0	0.00989528845887	-0.0846245966406	-0.0479227764759	-0.00512331701471	0.0226983945599	0.00485847597614	0.0074184139941	0.0771018235758	-0.075401094151	-0.00357791152086	0.0139842538139	0.00536940171118	-0.0212935420766	0.0181217865774	-0.0140374249453	0.00937798154712	0.00533281405188	0.0174665657983	0.00129524601156	0.0205108131649	0.00277038775508	0.0189358498299	0.0170612527906	-0.00576863669777	-0.0106010451342	-0.0244152449197	-0.0291686679011	0.00148663063705	-0.0604063692301	-0.00162534924702	-0.0343901855972	0.0296636618394	0.0331444993668	-0.0217295886071	0.0415890316349	0.0316529538777
k__Bacteria;p__Actinobacteria;c__Actinobacteria;o__Bifidobacteriales;f__Bifidobacteriaceae;g__Bifidobacterium;s__Bifidobacterium_adolescentis	-0.0147901105946	-0.00939152636112	0.00831964937686	-0.0210341090379	-0.00461649668948	-0.00511500230058	-0.0842556593789	-0.0484703006708	0.00669998048909	-0.00680190858713	-0.0131155742333	0.0925319651683	-0.0443136519002	-0.0368446812786	0.00791898403606	0.044606417845	-0.0467770750069	0.0367589203379	-0.0531135872854	0.0387721735846	-0.0106833274916	0.0388066447956	0.00989528845887	1.0	0.0185725993602	0.0501815729373	-0.0551532626806	-0.0416431832077	-0.0334042096498	0.063213943569	-0.0256143409436	-0.0761879120935	0.0186313209532	0.0571576982161	0.0374988764269	0.000547598739551	0.000300976557505	-0.033526716715	-0.00265736001496	0.0402996359608	-0.0486964675373	0.0105910460624	0.0148208687037	0.0692487004563	0.00459938043447	-0.0566422418721	0.0341332599717	0.0135771859598	-0.0423448879207	0.0261117221084	-0.0102740984489	-0.0708819378735	-0.0556297914256	0.0223266029542	-0.044948632146	-0.0414746562954	0.0140492220698	0.00789189550086	-0.0138315567709
k__Bacteria;p__Firmicutes;c__Clostridia;o__Clostridiales;f__Oscillospiraceae;g__Oscillibacter;s__Oscillibacter_sp._KLE_1745	0.021575325531	-0.0450297636432	-0.080887878656	0.00174560891611	-0.0368392201428	-0.0355914450302	-0.0800761568697	-0.0058547914985	-0.0294806557617	-0.0590182586028	-0.0474496860164	-0.0338619567981	-0.0702752287209	0.0513710110551	-0.046691311107	-0.0467025452529	0.0108245408423	-0.0614687164529	-0.0155475050803	0.0798192358885	0.0410040271953	0.0163192498401	-0.0846245966406	0.0185725993602	1.0	0.0168345041092	0.0177688050596	0.0519431690847	0.0571603129783	0.0450745861208	0.0474863385389	0.0292615411644	0.0364505745906	-0.026174231214	-0.0932352557727	-0.0229867676125	-0.0185115991997	0.0294332004578	-0.026184091184	-0.0560917977205	0.112875107161	-0.00511009468239	-0.00212319876839	-0.0261077193273	0.00118784010936	0.0344045131055	0.00363115958455	0.00641557703473	0.0358174973609	0.0480228077376	-0.0052414453819	-0.0193337265453	0.076968346113	-0.0170390161705	-0.0161015599921	-0.0352436431352	-0.0184784923559	-0.0277316178008	0.0220271525999
k__Bacteria;p__Bacteroidetes;c__Bacteroidia;o__Bacteroidales;f__Bacteroidaceae;g__Bacteroides;s__Bacteroides_coprophilus	0.0194578574824	-0.00197732060598	-0.0108996914847	-0.0495610559913	-0.0534256788216	-0.0250916035372	0.0241953544873	-0.022566648602	-0.0240433763057	0.00861145061094	0.069146814526	-0.0126479088529	-0.0143793315792	0.0319879451192	-0.0171057829272	-0.00316118278745	0.0314903054461	0.0251109016759	-0.0386690322995	0.103752946659	-0.00694503984965	-0.0625878120063	-0.0479227764759	0.0501815729373	0.0168345041092	1.0	-0.0243921075581	0.0438287852708	-0.0493656866182	-0.0192797592403	0.0251026418986	-0.00944752770743	0.0472433292271	-0.0356537200197	0.0852427604405	0.0284402887972	-0.0493123190599	0.0557454376027	0.0432421625376	-0.065061035982	-0.0185504129221	-0.00956021458568	-0.0599935791072	-0.00319256109378	-0.0156400945264	0.0321034053415	-0.0108201602379	-0.0426456640796	-0.0292685773803	-0.0159787916797	-0.0665232616871	-0.0349744006255	-0.0265724104062	-0.0140070245614	-0.000644712537733	0.0256174159723	-0.0615084709571	-0.0314761974942	-0.0220886460278
k__Bacteria;p__Firmicutes;c__Clostridia;o__Clostridiales;f__Lachnospiraceae;g__Roseburia;s__Roseburia_intestinalis	0.0192694924738	0.0166822575949	-0.0992339922676	0.0190809833111	-0.0422667074326	0.0628162152431	-0.014293025273	-0.0325650953044	-0.0217341481538	-0.00387519857863	0.00905622156814	-0.00601351600054	0.0470913889935	0.0487051672636	0.0406419466749	-0.00347326577005	-0.00355904053855	0.00488027200248	0.0147422071905	-0.0436101942805	-0.00977046646322	-0.0295060936917	-0.00512331701471	-0.0551532626806	0.0177688050596	-0.0243921075581	1.0	-0.00923666370217	0.0313100652886	-0.0584968866204	-0.0359695457038	-0.0119637935842	-0.0249862363639	-0.0386460563041	-0.0592793895064	0.0515504990207	-0.083824775536	0.0587395825261	-0.0133689199559	0.0137262460414	-0.0239598253032	-0.0689875369329	0.0168683548739	0.00131756270418	0.0678542947884	-0.0408490578907	-0.0414589298306	0.01269352961	0.0235109025861	-0.0044020265458	0.0718576099329	0.0263485649945	-0.0248982765525	-0.0313462525882	-0.0171373087029	-0.00551513758741	-0.0575568507962	0.0990107654528	-0.000404482426311
k__Bacteria;p__Firmicutes;c__Clostridia;o__Clostridiales;f__Lachnospiraceae;g__Roseburia;s__Roseburia_hominis	-0.053148361147	0.0105099443554	0.00606177306586	0.0258598227015	-0.00626069868525	0.00923037351891	-0.0161513201482	-0.000604836831891	-0.0352978908293	-0.0469882789311	-0.0415275194446	0.0140792628287	0.0211774961155	0.0450084523861	-0.0758865586935	-0.0577042495051	0.021700967363	0.0207876264932	0.000444579210246	-0.00821368987628	-0.0399258601835	-0.0272860449765	0.0226983945599	-0.0416431832077	0.0519431690847	0.0438287852708	-0.00923666370217	1.0	0.00947689614704	0.0742692168861	0.0451680923362	0.017892822328	-0.0705450884192	0.00299283535125	0.0139628649685	0.0127052730775	-0.0263715767472	-0.00310852101424	-0.0490511283619	-0.0194291070698	0.0442925754078	-0.0231734502293	-0.0236883787408	-0.0399751220798	0.0158834330497	0.00358377764271	-0.00950977726319	-0.0312934576211	-0.00548754550805	-0.0291179451502	0.0128190723382	-0.0548558633285	-0.0194053854757	0.0115671819433	-0.0359500463824	0.0105249097556	-0.00384535509521	-0.000469317886039	0.0274581037032
k__Bacteria;p__Bacteroidetes;c__Bacteroidia;o__Bacteroidales;f__Porphyromonadaceae;g__Parabacteroides;s__Parabacteroides_johnsonii	0.0456158151634	-0.0267270407406	-0.010240479836	-0.0044114007653	0.0712957770166	0.0304883943623	-0.0326158022897	0.0181577190776	0.00594873234696	-0.0292290791838	-0.0229086758724	-0.0516280479466	-0.00667059938318	0.0090766824667	0.0269040254261	0.00772134129161	0.0536183234075	-0.0630133081131	-0.0174705278972	-0.0206769868632	0.000321621210171	-0.0642504863173	0.00485847597614	-0.0334042096498	0.0571603129783	-0.0493656866182	0.0313100652886	0.00947689614704	1.0	-0.00214331372751	0.0191591823035	-0.0119585362557	-0.0346146338696	-0.0474089402693	-0.0373064521281	-0.0509856763341	-0.0264499882821	-0.0147121562848	-0.0621349646798	-0.0463619175643	-0.0407162646905	-0.0450780400913	-0.039138801087	0.00356253428563	-0.0130948984147	0.0276504166874	0.0320273373276	-0.0668825137061	0.016548415375	0.0584140184959	-0.010470955541	0.0440675151917	-0.0729777973237	0.00934357238439	0.00431722356235	-0.0310364262883	-0.015005865282	-0.0897105551948	0.0682241988723
k__Bacteria;p__Actinobacteria;c__Actinobacteria;o__Bifidobacteriales;f__Bifidobacteriaceae;g__Bifidobacterium;s__Bifidobacterium_longum	-0.0529757076088	0.00785379605853	0.0277788203073	0.0170756692132	0.0310845993779	-0.0302078266792	0.0154129647406	-0.00621703186685	-0.0242134398066	0.0355766985503	-0.0128984484186	0.0176127081262	0.0452316720534	-0.0329787467686	-0.0220873231936	0.0443360618458	0.0623218747377	-0.0195548506217	-0.0553070997737	-0.0890820202541	-0.0463283289621	0.0278699536233	0.0074184139941	0.063213943569	0.0450745861208	-0.0192797592403	-0.0584968866204	0.0742692168861	-0.00214331372751	1.0	-0.020543061051	-0.0434408246516	-0.0643625245112	0.0364363663201	-0.0258483453054	-0.014003818662	-0.0267023804243	-0.103327315446	-0.0129029511318	0.0471903690006	-0.02383113425	-0.0496197618595	-0.030091217751	0.020990236561	-0.0205355063581	0.0235857901236	-0.0121670988985	-0.0236028185205	-0.00538685290641	-0.050876433538	-0.0294389063623	-0.0174467796462	-0.0150990978812	-0.0568019689679	0.00560146288618	0.0322062926327	0.00463710645599	-0.0306851172874	0.0559744461983
