#taxonomy	k__Bacteria;p__Bacteroidetes;c__Bacteroidia;o__Bacteroidales;f__Bacteroidaceae;g__Bacteroides;s__Bacteroides_vulgatus	k__Bacteria;p__Bacteroidetes;c__Bacteroidia;o__Bacteroidales;f__Bacteroidaceae;g__Bacteroides;s__Bacteroides_uniformis	k__Bacteria;p__Bacteroidetes;c__Bacteroidia;o__Bacteroidales;f__Rikenellaceae;g__Alistipes;s__Alistipes_putredinis	k__Bacteria;p__Bacteroidetes;c__Bacteroidia;o__Bacteroidales;f__Prevotellaceae;g__Prevotella;s__Prevotella_copri	k__Bacteria;p__Bacteroidetes;c__Bacteroidia;o__Bacteroidales;f__Bacteroidaceae;g__Bacteroides;s__Bacteroides_stercoris	k__Bacteria;p__Bacteroidetes;c__Bacteroidia;o__Bacteroidales;f__Bacteroidaceae;g__Bacteroides;s__Bacteroides_ovatus	k__Bacteria;p__Bacteroidetes;c__Bacteroidia;o__Bacteroidales;f__Rikenellaceae;g__Alistipes;s__Alistipes_shahii	k__Bacteria;p__Firmicutes;c__Clostridia;o__Clostridiales;f__Ruminococcaceae;g__Faecalibacterium;s__Faecalibacterium_prausnitzii	k__Bacteria;p__Bacteroidetes;c__Bacteroidia;o__Bacteroidales;f__Rikenellaceae;g__Alistipes;s__Alistipes_finegoldii	k__Bacteria;p__Bacteroidetes;c__Bacteroidia;o__Bacteroidales;f__Porphyromonadaceae;g__Parabacteroides;s__Parabacteroides_distasonis	k__Bacteria;p__Bacteroidetes;c__Bacteroidia;o__Bacteroidales;f__Bacteroidaceae;g__Bacteroides;s__Bacteroides_thetaiotaomicron	k__Bacteria;p__Bacteroidetes;c__Bacteroidia;o__Bacteroidales;f__Bacteroidaceae;g__Bacteroides;s__Bacteroides_coprocola	k__Bacteria;p__Bacteroidetes;c__Bacteroidia;o__Bacteroidales;f__Bacteroidaceae;g__Bacteroides;s__Bacteroides_cellulosilyticus	k__Bacteria;p__Bacteroidetes;c__Bacteroidia;o__Bacteroidales;f__Rikenellaceae;g__Alistipes;s__Alistipes_obesi	k__Bacteria;p__Firmicutes;c__Clostridia;o__Clostridiales;f__Lachnospiraceae;g__;s__[Eubacterium]_rectale	k__Bacteria;p__Bacteroidetes;c__Bacteroidia;o__Bacteroidales;f__Bacteroidaceae;g__Bacteroides;s__Bacteroides_plebeius	k__Bacteria;p__Bacteroidetes;c__Bacteroidia;o__Bacteroidales;f__Bacteroidaceae;g__Bacteroides;s__Bacteroides_fragilis	k__Bacteria;p__Proteobacteria;c__Betaproteobacteria;o__Burkholderiales;f__Sutterellaceae;g__Sutterella;s__Sutterella_wadsworthensis	k__Bacteria;p__Bacteroidetes;c__Bacteroidia;o__Bacteroidales;f__Porphyromonadaceae;g__Barnesiella;s__Barnesiella_intestinihominis	k__Bacteria;p__Bacteroidetes;c__Bacteroidia;o__Bacteroidales;f__Odoribacteraceae;g__Odoribacter;s__Odoribacter_splanchnicus	k__Bacteria;p__Bacteroidetes;c__Bacteroidia;o__Bacteroidales;f__Bacteroidaceae;g__Bacteroides;s__Bacteroides_salyersiae	k__Bacteria;p__Firmicutes;c__Clostridia;o__Clostridiales;f__Ruminococcaceae;g__Ruminiclostridium;s__[Eubacterium]_siraeum	k__Bacteria;p__Proteobacteria;c__Betaproteobacteria;o__Burkholderiales;f__Sutterellaceae;g__Parasutterella;s__Parasutterella_excrementihominis	k__Bacteria;p__Actinobacteria;c__Actinobacteria;o__Bifidobacteriales;f__Bifidobacteriaceae;g__Bifidobacterium;s__Bifidobacterium_adolescentis	k__Bacteria;p__Firmicutes;c__Clostridia;o__Clostridiales;f__Oscillospiraceae;g__Oscillibacter;s__Oscillibacter_sp._KLE_1745	k__Bacteria;p__Bacteroidetes;c__Bacteroidia;o__Bacteroidales;f__Bacteroidaceae;g__Bacteroides;s__Bacteroides_coprophilus	k__Bacteria;p__Firmicutes;c__Clostridia;o__Clostridiales;f__Lachnospiraceae;g__Roseburia;s__Roseburia_intestinalis	k__Bacteria;p__Firmicutes;c__Clostridia;o__Clostridiales;f__Lachnospiraceae;g__Roseburia;s__Roseburia_hominis	k__Bacteria;p__Bacteroidetes;c__Bacteroidia;o__Bacteroidales;f__Porphyromonadaceae;g__Parabacteroides;s__Parabacteroides_johnsonii	k__Bacteria;p__Actinobacteria;c__Actinobacteria;o__Bifidobacteriales;f__Bifidobacteriaceae;g__Bifidobacterium;s__Bifidobacterium_longum	k__Bacteria;p__Firmicutes;c__Clostridia;o__Clostridiales;f__;g__Flavonifractor;s__Flavonifractor_plautii	k__Bacteria;p__Firmicutes;c__Clostridia;o__Clostridiales;f__Clostridiaceae;g__Clostridium;s__Clostridium_phoceensis	k__Bacteria;p__Verrucomicrobia;c__Verrucomicrobiae;o__Verrucomicrobiales;f__Akkermansiaceae;g__Akkermansia;s__Akkermansia_muciniphila	k__Bacteria;p__Bacteroidetes;c__Bacteroidia;o__Bacteroidales;f__Prevotellaceae;g__Paraprevotella;s__Paraprevotella_xylaniphila	k__Bacteria;p__Firmicutes;c__Clostridia;o__Clostridiales;f__Ruminococcaceae;g__Ruminococcus;s__Ruminococcus_callidus	k__Bacteria;p__Bacteroidetes;c__Bacteroidia;o__Bacteroidales;f__Rikenellaceae;g__Alistipes;s__Alistipes_senegalensis	k__Bacteria;p__Firmicutes;c__Clostridia;o__Clostridiales;f__Lachnospiraceae;g__Blautia;s__Blautia_sp._KLE_1732	k__Bacteria;p__Bacteroidetes;c__Bacteroidia;o__Bacteroidales;f__Bacteroidaceae;g__Bacteroides;s__Bacteroides_oleiciplenus	k__Bacteria;p__Firmicutes;c__Clostridia;o__Clostridiales;f__Ruminococcaceae;g__Ruminococcus;s__Ruminococcus_bicirculans	k__Bacteria;p__Bacteroidetes;c__Bacteroidia;o__Bacteroidales;f__Bacteroidaceae;g__Bacteroides;s__Bacteroides_fluxus	k__Bacteria;p__Bacteroidetes;c__Bacteroidia;o__Bacteroidales;f__Prevotellaceae;g__Prevotella;s__Prevotella_stercorea	k__Bacteria;p__Firmicutes;c__Clostridia;o__Clostridiales;f__Lachnospiraceae;g__Dorea;s__Dorea_longicatena	k__Bacteria;p__Firmicutes;c__Clostridia;o__Clostridiales;f__Eubacteriaceae;g__Eubacterium;s__[Eubacterium]_eligens	k__Bacteria;p__Firmicutes;c__Clostridia;o__Clostridiales;f__Ruminococcaceae;g__;s__Ruminococcaceae_bacterium_D16	k__Bacteria;p__Firmicutes;c__Clostridia;o__Clostridiales;f__Lachnospiraceae;g__Coprococcus;s__Coprococcus_comes	k__Bacteria;p__Proteobacteria;c__Gammaproteobacteria;o__Enterobacterales;f__Enterobacteriaceae;g__Escherichia;s__Escherichia_coli	k__Bacteria;p__Firmicutes;c__Clostridia;o__Clostridiales;f__Ruminococcaceae;g__Anaerotruncus;s__Anaerotruncus_colihominis	k__Bacteria;p__Firmicutes;c__Clostridia;o__Clostridiales;f__Lachnospiraceae;g__Blautia;s__Blautia_obeum	k__Bacteria;p__Bacteroidetes;c__Bacteroidia;o__Bacteroidales;f__Odoribacteraceae;g__Odoribacter;s__Odoribacter_laneus	k__Bacteria;p__Firmicutes;c__Clostridia;o__Clostridiales;f__Ruminococcaceae;g__Ruminiclostridium;s__[Clostridium]_leptum	k__Bacteria;p__Bacteroidetes;c__Bacteroidia;o__Bacteroidales;f__Porphyromonadaceae;g__Parabacteroides;s__Parabacteroides_goldsteinii	k__Bacteria;p__Firmicutes;c__Clostridia;o__Clostridiales;f__Lachnospiraceae;g__Anaerostipes;s__Anaerostipes_hadrus	k__Bacteria;p__Firmicutes;c__Clostridia;o__Clostridiales;f__Ruminococcaceae;g__Ruminococcus;s__Ruminococcus_lactaris	k__Bacteria;p__Firmicutes;c__Clostridia;o__Clostridiales;f__Clostridiaceae;g__Clostridium;s__Clostridium_sp._L2-50	k__Bacteria;p__Firmicutes;c__Clostridia;o__Clostridiales;f__Clostridiaceae;g__Clostridium;s__Clostridium_sp._M62/1	k__Bacteria;p__Firmicutes;c__Clostridia;o__Clostridiales;f__;g__Intestinimonas;s__Intestinimonas_butyriciproducens	k__Bacteria;p__Actinobacteria;c__Actinobacteria;o__Bifidobacteriales;f__Bifidobacteriaceae;g__Bifidobacterium;s__Bifidobacterium_bifidum	k__Bacteria;p__Firmicutes;c__Negativicutes;o__Veillonellales;f__Veillonellaceae;g__Dialister;s__Dialister_invisus	k__Bacteria;p__Bacteroidetes;c__Bacteroidia;o__Bacteroidales;f__Bacteroidaceae;g__Bacteroides;s__Bacteroides_salanitronis
k__Bacteria;p__Bacteroidetes;c__Bacteroidia;o__Bacteroidales;f__Bacteroidaceae;g__Bacteroides;s__Bacteroides_vulgatus	1.0	-0.043793384443	0.0310629793301	-0.0397907941097	-0.0168501229286	-0.0541845370488	-0.006354946312	-0.0250129465736	-0.0186719185022	0.0164551132811	-0.0153937505694	0.0149889603727	-0.0334033953211	-0.0132128028383	0.0553898688893	-0.0479875633761	0.016441289955	-0.0391012460832	-0.0587396765444	0.0102792099934	-0.0350907563835	-0.0111821703381	-0.000831571618594	-0.0454937249749	0.0039510467029	0.00555547273271	-0.0364592299201	0.0066046553517	0.0416894720018	-0.000533241238228	0.0150286944979	0.000413896334706	-0.00128041632775	0.00180664278039	0.0220916246052	-0.0201223004877	0.00374441360376	0.0132258187609	0.00880215720941	-0.0520659441609	-0.0612802360996	0.0209791604611	0.0465614605805	-0.0629257448969	0.0173264402134	0.060981768761	0.0107567205536	-0.022531417276	-0.0103860929103	-0.0344056541851	0.00565683845009	-0.00591058416813	0.00440734778024	-0.0566586798835	-0.0103509785808	0.0203978495585	-0.01073228721	-0.0151789114752	0.00662070063412
k__Bacteria;p__Bacteroidetes;c__Bacteroidia;o__Bacteroidales;f__Bacteroidaceae;g__Bacteroides;s__Bacteroides_uniformis	-0.043793384443	1.0	-0.0575923757176	0.043647937021	-0.0326595191583	-0.00899540478069	0.00505098237953	-0.0416327081524	0.0197651456153	0.0079565781929	0.0124722645163	-0.0445212292657	0.0025302448938	-0.025520888026	0.0567555575365	0.035873013306	0.0618407040229	0.0410066932175	-0.0194930834511	0.00581283065754	0.0424909827641	0.0176722506105	0.0114606266012	-0.0859307523798	0.026860375193	-0.0365224661185	0.0189809742225	-0.0209454068127	0.00920147623658	-0.00130132299532	-0.013437935223	0.010155170065	-0.059332905106	0.0401696806712	0.0181012713447	-0.0897470918182	-0.0827897797848	-0.0305789936852	-0.021712522087	-0.0152251381207	0.00793757991772	0.00942513838618	0.00417121036012	0.0248091936532	-0.0233054461826	0.00311323125251	0.00201751395633	-0.0580499781991	-0.000456613158177	-0.0101794357348	-0.00520677966718	0.0561544275446	-0.0140855732395	-0.0675620062865	-0.0311314167127	-0.0263404056349	0.00337547087378	-0.0422190779416	-0.0710215659267
k__Bacteria;p__Bacteroidetes;c__Bacteroidia;o__Bacteroidales;f__Rikenellaceae;g__Alistipes;s__Alistipes_putredinis	0.0310629793301	-0.0575923757176	1.0	-0.0756336450981	0.0256570913222	0.035389949955	-0.0258130166321	0.0292474266093	-0.0663989292257	0.03425747619	-0.027220273839	-0.0410113415414	-0.0205184113947	-0.0219411931324	0.00933097295995	-0.00313843096438	0.0680090250171	-0.0131190755232	-0.0282247062868	0.0464679073124	-0.0394863757251	0.04198751863	-0.0131573252955	-0.0198560340343	-0.0767246320186	-0.0417025668001	-0.0418610000331	-0.0102431123923	-0.0115360996295	-0.0160244935621	0.04582513273	0.012826013681	0.017350628832	0.0230946572256	0.031296784689	0.0393444849067	0.0626153976951	-0.0471503414797	-0.0252412544315	0.0194805040067	-0.01738717938	-0.0443333453383	-0.00374527039029	-0.0625235440034	-0.0165395019252	-0.051360780061	-0.0712926055841	-0.0248256877224	0.00797020428933	-0.0224964946158	0.0387292154298	-0.0243155201629	-0.035694694292	0.0363110811795	-0.0465824445971	-0.0428420630289	0.0087257662106	0.0200663500972	-0.0739367700214
k__Bacteria;p__Bacteroidetes;c__Bacteroidia;o__Bacteroidales;f__Prevotellaceae;g__Prevotella;s__Prevotella_copri	-0.0397907941097	0.043647937021	-0.0756336450981	1.0	-0.0070200113736	-0.00145331033766	-0.046647205008	0.0987327908223	0.016801888619	-0.0457715774617	-0.00771140920783	-0.0487439230017	-0.000488647309451	-0.0398665908876	0.00155073981831	-0.0187861821703	-0.0585386741247	0.0620115747594	0.0505097738903	0.0677959166527	-9.66693500451e-06	-0.0533021701719	0.0185846089596	0.0144121717538	0.0359340589506	0.00659595598196	-0.0407038440941	-0.00658979697173	0.0470542896467	-0.0444501651024	0.00374302434118	-0.0442209283404	-0.0394211251488	-0.0872800752644	-0.0084691769148	-0.00648769100048	0.0371393191281	0.00545055293489	0.00734434579465	0.0274342235334	-0.00390181627067	-0.0360564513924	0.00320591683658	0.00572708080589	0.0428743576988	0.0444801548925	0.059633819971	0.0230097321198	-0.0540243336603	-0.00677639376368	-0.0354235624073	-0.00220986907207	-0.0480859114718	0.0233695297207	0.0228706169109	-0.07246683015	0.0339011493772	0.00708887699408	-0.0465562372856
k__Bacteria;p__Bacteroidetes;c__Bacteroidia;o__Bacteroidales;f__Bacteroidaceae;g__Bacteroides;s__Bacteroides_stercoris	-0.0168501229286	-0.0326595191583	0.0256570913222	-0.0070200113736	1.0	-0.0134883087933	0.0332765018879	-0.0393187101372	0.00962381982555	0.0147610861014	-0.0368495349717	-0.0320635436715	0.00233983127417	0.00687762059766	-0.0316049195322	-0.0227171583701	-0.00369058820337	-0.00442235526847	-0.0918558933748	-0.0614110559872	-0.0319739284729	-0.022041495502	-0.0148256291983	0.0202916008911	0.0182020625506	0.0113406780424	-0.00872266170236	-0.0164031078279	-0.0382196733229	-0.0174039549968	0.0242072062216	-0.0392007892292	-0.0563993463378	0.0434033090894	0.0154253289359	-0.0360552304476	0.0298047716531	-0.000416728151941	0.0126439614227	-0.00821441311689	-0.0377854498209	-0.0368070598758	0.00797200390256	0.0316790356778	-0.0290666459965	-0.043583029527	-0.00990999326121	-0.00600504895218	0.0514700785229	-0.0233173220981	0.00731185477251	-0.0235216192138	0.0297701424148	-0.0178224192431	0.000187755270729	-0.0315074449034	0.00912404043571	-0.0365487554844	-0.00885527043601
k__Bacteria;p__Bacteroidetes;c__Bacteroidia;o__Bacteroidales;f__Bacteroidaceae;g__Bacteroides;s__Bacteroides_ovatus	-0.0541845370488	-0.00899540478069	0.035389949955	-0.00145331033766	-0.0134883087933	1.0	-0.0331011964024	0.0224958209799	-0.00910148414367	-0.0156878693571	0.00636119745962	-0.0497646429273	-0.0097857616438	-0.00556007708699	-0.00940633297723	-0.0400367175534	-0.0111888871561	0.00169128905248	0.0829227211565	-0.0117943914394	-0.0407997331633	-0.00264863982169	-0.0420380762785	-0.0261611909283	-0.040614612174	0.0196810969462	-0.000220081785078	0.00215884502409	-0.0157265760585	0.0400254730353	-0.0715693192512	-0.0184024685542	-0.0306407312125	-0.0253795293588	-0.013073632928	-0.0305319833843	0.0478455963001	0.0225791082678	0.00814689404178	-0.0379438542449	-0.0206087024416	-0.0354401106903	0.00292709799367	-0.043305460367	-0.0388463317133	0.00749057892661	0.017716769713	-0.00147328650036	0.015501207504	0.0261981433817	0.0430350540199	-0.023651074385	-0.0375509601006	-0.0115360036534	0.033485662476	-0.0174490335529	-0.00917233445869	0.00791374755956	-0.00398765524449
k__Bacteria;p__Bacteroidetes;c__Bacteroidia;o__Bacteroidales;f__Rikenellaceae;g__Alistipes;s__Alistipes_shahii	-0.006354946312	0.00505098237953	-0.0258130166321	-0.046647205008	0.0332765018879	-0.0331011964024	1.0	-0.0278803285009	-0.0365544037504	-0.0560826558612	0.0247345553109	0.00717457736323	0.0221027040398	-0.0108835129294	0.00759431707587	0.0416769478627	0.0349483838425	-0.0789665784972	0.00655335840145	0.0226395903295	0.0433548677738	0.0842395326499	-0.025327996622	-0.0216879330014	0.0298148872611	-0.0141841788607	-0.00603480891075	-0.0862479896141	0.00176805095501	-0.061868124904	0.0506923238963	0.0156239273518	0.0132740112409	-0.00475814086346	-0.0180216263249	0.0239194233768	-0.000542077883712	0.0309678241931	-0.00106777726926	-0.0412620439517	0.0135884751457	-0.0227180168578	-0.0201641877961	0.0172577965592	-0.0176641582691	-0.0324156106291	-0.0118867610618	-0.0800059173292	-0.0309123508837	0.00534669938625	-0.0179280144799	0.00715277540301	-0.00183608158347	0.0130899727921	-0.0475210878185	0.0701816539407	-0.00400480782926	-0.0489545504166	0.0367177652344
k__Bacteria;p__Firmicutes;c__Clostridia;o__Clostridiales;f__Ruminococcaceae;g__Faecalibacterium;s__Faecalibacterium_prausnitzii	-0.0250129465736	-0.0416327081524	0.0292474266093	0.0987327908223	-0.0393187101372	0.0224958209799	-0.0278803285009	1.0	0.0117833710844	0.0300532888415	0.0510697239823	-0.0609344668136	0.000148025837883	-0.0865387232064	-0.0320906108337	0.013477159579	-0.0119609521656	-0.0463410657557	-0.0174555755546	-0.0394636388719	-0.0340288744545	-0.0014215645433	0.0190427810468	-0.0285249324005	-0.0280041996615	0.0223618744171	0.0315130869691	-0.040295537722	-0.00288828387485	-0.0298576620331	-0.0151474090447	0.0171176403091	-0.0198244662371	-0.0413266279414	-0.0336810587036	-0.0270261300996	-0.0375757293351	0.0451635090353	-0.0135647849599	0.00645854256928	-0.00211112988696	0.036758980049	0.0037177748418	0.0761659127293	0.0297182299089	-0.00687853969356	0.0367149181392	-0.010292652734	0.0135451475259	0.0333105187802	0.0161771910108	-0.0954068323687	-0.0347952491963	-0.000139909682432	0.0114190007688	0.0457373292996	-0.0422640742589	0.0163606869181	0.0632212475261
k__Bacteria;p__Bacteroidetes;c__Bacteroidia;o__Bacteroidales;f__Rikenellaceae;g__Alistipes;s__Alistipes_finegoldii	-0.0186719185022	0.0197651456153	-0.0663989292257	0.016801888619	0.00962381982555	-0.00910148414367	-0.0365544037504	0.0117833710844	1.0	-0.0184821439431	-0.0304867544597	0.00834240396291	0.0364963781795	0.0354970895135	0.000474968479002	-0.00569417891657	-0.00342378634668	-0.0371754009875	-0.0258366855557	0.0263173664904	-0.0181733408786	-0.0192070447297	-0.0932284146215	-0.0275700188993	-0.00541732681778	-0.0166646434211	0.00532978797928	-0.0479526968655	-0.0290228068524	-0.00762396948901	0.0083860400715	-0.000638660527119	-0.0578316143738	-0.0120027583298	-0.010831181783	0.000398760300219	-0.0167476785814	-0.0161484382806	-0.00887440342804	-0.0550865240071	0.0228513475159	-0.0274494955823	0.000262530365047	-0.0128635187329	0.0499582204565	-0.039763051437	0.012751847552	0.0440055679072	0.027993505712	-0.0922460877063	-0.0364711546118	-0.0366117482796	-0.0165183034451	0.0426807879261	0.00737168403521	0.00391015811318	0.0267530212218	-0.0138710340356	-0.026243115218
k__Bacteria;p__Bacteroidetes;c__Bacteroidia;o__Bacteroidales;f__Porphyromonadaceae;g__Parabacteroides;s__Parabacteroides_distasonis	0.0164551132811	0.0079565781929	0.03425747619	-0.0457715774617	0.0147610861014	-0.0156878693571	-0.0560826558612	0.0300532888415	-0.0184821439431	1.0	0.0166218071668	0.0105013587539	0.00594753001749	0.0717330614034	0.0332416237506	-0.0906058894247	-0.0159952367526	-0.00642641909872	-0.0194075575783	-0.0379283534174	-0.0226213259344	0.00636912556899	-0.00336818114848	0.0042867682555	0.0547868961153	0.0255283448437	0.0460642681453	-0.0384159921182	-0.084771421542	-0.0160144101676	-0.00153171760938	0.0113727963789	-0.0126675133084	0.000329005043897	-0.0416630922769	-0.01502112699	-0.0164436070467	0.0210547294609	0.0232294100584	0.0204798526097	-0.0105582899598	-0.0579654758766	0.059808807964	0.0222196139884	-0.0377077309965	-0.0068024319079	-0.103337400457	-0.0233566770539	-0.080509844553	-0.0191577498045	-0.0295729316979	-0.0573817038963	0.0681725399352	-0.0372732546337	0.0158508642286	0.00323571253782	-0.0480425893783	0.00581547912486	0.000680810011351
k__Bacteria;p__Bacteroidetes;c__Bacteroidia;o__Bacteroidales;f__Bacteroidaceae;g__Bacteroides;s__Bacteroides_thetaiotaomicron	-0.0153937505694	0.0124722645163	-0.027220273839	-0.00771140920783	-0.0368495349717	0.00636119745962	0.0247345553109	0.0510697239823	-0.0304867544597	0.0166218071668	1.0	-0.0185372939146	0.00524598214584	-0.0449736089953	-0.0435044188761	0.00725897459741	0.0207832296548	0.00319522349136	0.00435295937405	-0.0271869935256	-0.027658936268	-0.0219334833849	0.0285860374288	-0.0821744952615	-0.0444685139972	-0.0160342663174	0.00391454446557	0.0308568953702	0.0346059159574	-0.0231789584029	0.00767884722599	0.0371969642187	0.0142390454017	-0.0491542859883	-0.0407416796816	-0.0515175590194	-0.0145277507071	-0.00656833377126	-0.0162039035333	-0.0352238787855	-0.00837072678256	-0.0195851770808	-0.00592477225619	-0.0123416769361	0.049730947979	-0.000107876724595	0.0145893444789	-0.0483393772145	0.0245331624287	-0.0197891449675	-0.0600678077438	-0.0739582840052	0.0628514540231	0.098965561827	-0.0304078412997	-0.0249293577217	-0.0126719822861	-0.0211289515599	-0.00222841624116
k__Bacteria;p__Bacteroidetes;c__Bacteroidia;o__Bacteroidales;f__Bacteroidaceae;g__Bacteroides;s__Bacteroides_coprocola	0.0149889603727	-0.0445212292657	-0.0410113415414	-0.0487439230017	-0.0320635436715	-0.0497646429273	0.00717457736323	-0.0609344668136	0.00834240396291	0.0105013587539	-0.0185372939146	1.0	-0.0403869999925	0.00515157293037	0.00877813929161	-0.00869179677946	-0.0326985201124	0.0121940127632	0.00710870207722	-0.0463925999732	0.0689713815161	-0.0914300143989	0.100442083258	0.00738165698086	-0.0134913007503	-0.0248084216028	-0.0165713700585	0.0582870668048	-0.0542728329321	0.0134305893069	-0.00584281360804	-0.0113067305834	0.0145264211924	0.0546628072084	-0.0203284639397	-0.000283758312402	-0.0915435639677	0.000945847881295	-0.0509281288277	-0.0285624291681	-0.0757221316109	-0.00199478654585	-0.0525888127675	-0.0426767208918	0.042407024001	-0.0657323560887	0.020395768536	-0.0132484346925	-0.0125777855244	-0.0231044235734	0.0470502710966	0.0508618522798	0.0603783702104	0.0465077391112	0.026463302812	0.016456818539	-0.0335612273022	-0.0391115858595	0.00901038675527
k__Bacteria;p__Bacteroidetes;c__Bacteroidia;o__Bacteroidales;f__Bacteroidaceae;g__Bacteroides;s__Bacteroides_cellulosilyticus	-0.0334033953211	0.0025302448938	-0.0205184113947	-0.000488647309451	0.00233983127417	-0.0097857616438	0.0221027040398	0.000148025837883	0.0364963781795	0.00594753001749	0.00524598214584	-0.0403869999925	1.0	-0.0778431602916	0.00594184952853	-0.0242006387618	-0.0230165983165	0.0323539000957	-0.0310930776802	0.000497351393815	-0.0198483798585	-0.043160625951	0.05449754308	-0.0105340337466	-0.0368405205356	-0.0717328616382	0.0352078092572	-0.0377122885659	-0.0316083954103	0.011267754949	-0.0155833680314	-0.0241935832678	0.0295598703123	0.0206809383317	-0.0163870144395	0.00937467382243	0.040268639724	-0.0307742326332	0.0141808434536	-0.0588518420663	-0.0242710405658	-0.00558958865396	0.0454382036888	0.0411734309005	-0.0302366816262	-0.0172672791407	-0.0460506388152	-0.00895557688943	-0.0176966097198	-0.0307150767118	-0.0379633072864	-0.0513294862539	-0.0559182136217	0.0274072152194	-0.0279310873663	-0.0734845511302	0.00206060906638	0.0189269604609	-0.0278714465172
k__Bacteria;p__Bacteroidetes;c__Bacteroidia;o__Bacteroidales;f__Rikenellaceae;g__Alistipes;s__Alistipes_obesi	-0.0132128028383	-0.025520888026	-0.0219411931324	-0.0398665908876	0.00687762059766	-0.00556007708699	-0.0108835129294	-0.0865387232064	0.0354970895135	0.0717330614034	-0.0449736089953	0.00515157293037	-0.0778431602916	1.0	-0.00214596689397	-0.0624003514888	0.029106769352	0.0218454764945	-0.0287015487134	0.0115062406238	0.0195968120169	0.0139599691956	0.0063218442091	-0.0245586297978	-0.0202128373018	-0.0363001135728	-0.0495644363446	0.0408788345669	-0.0510201248486	0.00590146823574	-0.0205229315897	-0.0297263314593	-0.0295190876272	0.043048002156	0.0286912983969	-0.0316165397006	0.0481692545329	0.00750718431428	0.0045462058906	-0.0269653979487	-0.00653195377193	-0.0133189755655	0.0147873760832	-0.0442321268992	-0.0475020059719	-0.0128735551369	-0.0532623473084	-0.0245038737043	0.0520071958727	-0.0419744067614	-0.0381542207288	0.0486432804229	0.0113330367232	-0.0264900909302	-0.0293943804023	-0.00251109611318	-0.0171330048845	-0.0134570659662	0.0311464794326
k__Bacteria;p__Firmicutes;c__Clostridia;o__Clostridiales;f__Lachnospiraceae;g__;s__[Eubacterium]_rectale	0.0553898688893	0.0567555575365	0.00933097295995	0.00155073981831	-0.0316049195322	-0.00940633297723	0.00759431707587	-0.0320906108337	0.000474968479002	0.0332416237506	-0.0435044188761	0.00877813929161	0.00594184952853	-0.00214596689397	1.0	0.0369145017925	-0.0191802177173	0.0247536065617	0.0322108064625	0.0031833367457	-0.000775572290547	-0.0334006277516	-0.0328647825391	-0.0115524292376	-0.0323259354764	0.0459950240981	-0.012728982331	-0.0114151007492	-0.0762340977812	-0.0362856718655	-0.050123509025	-0.0322718359092	-0.0145773725664	-0.078582784456	-0.0489091054515	-0.0216118259959	0.072127234409	0.00388291593791	0.0202462576685	-0.0335112284816	-0.0322026661927	-0.0118067063406	0.0158554165235	-0.0304808506894	-0.0153275378921	0.0196310440125	-0.0112456007134	-0.0520275516381	0.0572545434066	-0.0277352502686	-0.00407532620638	-0.0215932009411	0.031025656656	-0.0249750902506	0.00131270721357	0.0468672355722	-0.0220026236406	0.00796192173513	-0.031704974506
k__Bacteria;p__Bacteroidetes;c__Bacteroidia;o__Bacteroidales;f__Bacteroidaceae;g__Bacteroides;s__Bacteroides_plebeius	-0.0479875633761	0.035873013306	-0.00313843096438	-0.0187861821703	-0.0227171583701	-0.0400367175534	0.0416769478627	0.013477159579	-0.00569417891657	-0.0906058894247	0.00725897459741	-0.00869179677946	-0.0242006387618	-0.0624003514888	0.0369145017925	1.0	-0.0551526634856	0.0239583266641	-0.00231103737705	-0.033680236413	0.0634929397156	-0.028434810267	-0.00264414189396	-0.00692581855647	-0.0140562216194	0.00540681863563	-0.0289396093317	-0.000282414357765	-0.0432654335427	0.0395379193416	0.054927047118	0.00542769053321	-0.0473112535814	0.0077728902977	-0.0650063799667	-0.0260902550717	0.0126560353643	-0.0417918774955	0.0205994502317	0.0346916856706	0.012783123953	0.0226753141926	-0.011537057126	0.0435393370615	-0.0106755604702	0.00445752476323	0.0233783769222	-0.012721930781	-0.00490935453515	0.0057798731468	0.00760140145861	-0.0401201573254	0.0182074129024	-0.0421753657745	-0.00288929875902	0.00878149572145	-0.00275187202992	-0.00940304628551	-0.026335136569
k__Bacteria;p__Bacteroidetes;c__Bacteroidia;o__Bacteroidales;f__Bacteroidaceae;g__Bacteroides;s__Bacteroides_fragilis	0.016441289955	0.0618407040229	0.0680090250171	-0.0585386741247	-0.00369058820337	-0.0111888871561	0.0349483838425	-0.0119609521656	-0.00342378634668	-0.0159952367526	0.0207832296548	-0.0326985201124	-0.0230165983165	0.029106769352	-0.0191802177173	-0.0551526634856	1.0	-0.057441425441	0.019532065052	-0.00289054969145	0.0431774985741	-0.0271215209266	-0.0449386531835	-0.0556429259008	0.0294185720158	0.0276145062149	0.0264296277278	-0.0492778494213	0.039239764908	-0.0203817323374	0.0137395000605	-0.0300686372784	-0.0371593279862	0.0229076116385	-0.0226597877217	-0.00354169368461	-0.0386264752512	-0.0103690858678	-0.0541020187213	0.000732711460162	0.00983521804827	0.0172633576932	0.0542929249333	-0.0056922849934	-0.0848617673209	-0.0160905432958	-0.0161557146502	0.00715868546582	-0.0323413321184	-0.00857229084294	-0.0288274933862	-0.0593370334119	0.0221677146388	0.0391019798418	-0.0967986584221	-0.0266128762572	0.0499185065353	0.0445185468725	-0.0490781381763
k__Bacteria;p__Proteobacteria;c__Betaproteobacteria;o__Burkholderiales;f__Sutterellaceae;g__Sutterella;s__Sutterella_wadsworthensis	-0.0391012460832	0.0410066932175	-0.0131190755232	0.0620115747594	-0.00442235526847	0.00169128905248	-0.0789665784972	-0.0463410657557	-0.0371754009875	-0.00642641909872	0.00319522349136	0.0121940127632	0.0323539000957	0.0218454764945	0.0247536065617	0.0239583266641	-0.057441425441	1.0	-0.0389020454375	-0.0167640089061	0.000331087792297	0.0170625162859	0.0104221997579	-0.0150411001335	-0.00542911713766	-0.00892582804929	0.0156750746194	-0.0378114688339	0.0163832752414	0.0265938690005	-0.0636144883262	-0.00589808397106	-0.0236344123322	-0.00276479221426	0.0361641833066	0.0188296909439	-0.0146205982023	0.0243828050735	-0.0771861146353	-0.0250980431326	0.023810963279	-0.012654888814	-0.0310882503296	-0.0346881149725	-0.0361410726074	-0.00917833069344	0.00552551914974	-0.0282675944772	0.0309157085207	0.0175545936794	0.019395010639	-0.0518202034362	-0.0281859429994	0.0615563290437	0.0469785178822	-0.0328335383268	-0.0140064604475	-0.0589273515243	-0.0309702337423
k__Bacteria;p__Bacteroidetes;c__Bacteroidia;o__Bacteroidales;f__Porphyromonadaceae;g__Barnesiella;s__Barnesiella_intestinihominis	-0.0587396765444	-0.0194930834511	-0.0282247062868	0.0505097738903	-0.0918558933748	0.0829227211565	0.00655335840145	-0.0174555755546	-0.0258366855557	-0.0194075575783	0.00435295937405	0.00710870207722	-0.0310930776802	-0.0287015487134	0.0322108064625	-0.00231103737705	0.019532065052	-0.0389020454375	1.0	-0.0237867488684	-0.0910880931268	0.0308928974098	-0.00271197763146	0.000767429178418	-0.0385647885374	-0.029319283979	0.0193783223029	-0.0448816282334	0.010520997282	0.00737540701526	-0.0396635359857	-0.00191845090512	-0.0174050347753	-0.0652070559189	-0.0442297037902	0.0496714063637	0.0191695496892	0.000205810131492	0.0234242626146	0.00605007338571	0.0292804358867	-0.0243386550166	0.0139138747897	-0.0528551827414	-0.0135562311604	0.0161510714852	0.0183167486525	-0.0288190246728	-0.026297031494	-0.00213569867637	0.0419580379856	-0.0253552862714	-0.0369277281839	-0.0341093017054	-0.0597183511332	0.0167377410142	-0.0230327907516	0.0293677010114	0.0268691508473
k__Bacteria;p__Bacteroidetes;c__Bacteroidia;o__Bacteroidales;f__Odoribacteraceae;g__Odoribacter;s__Odoribacter_splanchnicus	0.0102792099934	0.00581283065754	0.0464679073124	0.0677959166527	-0.0614110559872	-0.0117943914394	0.0226395903295	-0.0394636388719	0.0263173664904	-0.0379283534174	-0.0271869935256	-0.0463925999732	0.000497351393815	0.0115062406238	0.0031833367457	-0.033680236413	-0.00289054969145	-0.0167640089061	-0.0237867488684	1.0	0.000341006826979	-0.00879368534222	0.013827326186	0.0545691294082	-0.00845932801867	-0.0260472310633	0.0187861988334	0.0548836847929	-0.00990347799785	-0.0102869157833	-0.00956022294539	0.0201924758579	-0.061530563105	-0.0774117108285	0.0368429722958	-0.0333771034352	-0.00391100284937	0.0257502010937	-0.025308496105	0.00754688156888	-0.0400316331451	0.00489360017455	0.00899082632971	0.0163383405129	-0.0200351216349	0.0380698010496	-0.0301041418847	0.0730623957305	-0.0157884463844	0.0215846867327	-0.0209597085459	-0.0083199285844	0.0213419953438	0.0237315795825	-0.0155806782927	-0.100215753117	-0.0338458478111	-0.0341896518806	-0.0388769399883
k__Bacteria;p__Bacteroidetes;c__Bacteroidia;o__Bacteroidales;f__Bacteroidaceae;g__Bacteroides;s__Bacteroides_salyersiae	-0.0350907563835	0.0424909827641	-0.0394863757251	-9.6669350048e-06	-0.0319739284729	-0.0407997331633	0.0433548677738	-0.0340288744545	-0.0181733408786	-0.0226213259344	-0.027658936268	0.0689713815161	-0.0198483798585	0.0195968120169	-0.000775572290547	0.0634929397156	0.0431774985741	0.000331087792297	-0.0910880931268	0.000341006826979	1.0	0.0201538125182	-0.0243814264495	0.0170745051925	-0.0697990772906	0.0079430337069	-0.00357861449189	-0.0140038886264	0.033070365409	0.0141445502167	-0.105865299082	0.00250009230655	-0.0125854976863	0.0625377134195	0.0296303240962	-0.00869253137343	0.099706240988	0.0199664057437	-0.0434193097528	-0.0124222818467	-0.00747077813306	-0.0157595350395	0.027436674873	-0.0102710052902	-0.0266667394879	-0.0615413968481	0.0221696024241	-0.0446997021431	-0.0162400972045	-0.0367991710048	-0.0440305472667	-0.027144798798	0.0625582567635	0.00250009075633	0.0455853462976	-0.0816221873493	-0.0329154218172	-0.0317870660953	0.00873911447084
k__Bacteria;p__Firmicutes;c__Clostridia;o__Clostridiales;f__Ruminococcaceae;g__Ruminiclostridium;s__[Eubacterium]_siraeum	-0.0111821703381	0.0176722506105	0.04198751863	-0.0533021701719	-0.022041495502	-0.00264863982169	0.0842395326499	-0.0014215645433	-0.0192070447297	0.00636912556899	-0.0219334833849	-0.0914300143989	-0.043160625951	0.0139599691956	-0.0334006277516	-0.028434810267	-0.0271215209266	0.0170625162859	0.0308928974098	-0.00879368534222	0.0201538125182	1.0	0.00309595857192	-0.00026582928298	0.0297960681171	-0.0587706675732	-0.0194555706716	-0.00119721725733	-0.0158776163821	-0.050565082987	0.0178995499248	0.00480619455087	-0.0654175166533	-0.0466741796561	-0.0437770722185	-0.0667959939208	-0.0408879114765	0.0274332935861	0.0231040429592	0.00386572718299	0.0929470806878	0.0131514608665	-0.0130999809263	0.0020481744432	-0.00626796888499	0.0784851289691	0.0322369615345	-0.011898067698	-0.075912183778	0.00870521151161	-0.0216847858789	0.0276108687073	0.0212812557837	-0.075310728843	0.00688181841732	-0.00720106957149	-0.0251374889887	0.0189358125632	-0.0327536813052
k__Bacteria;p__Proteobacteria;c__Betaproteobacteria;o__Burkholderiales;f__Sutterellaceae;g__Parasutterella;s__Parasutterella_excrementihominis	-0.000831571618594	0.0114606266012	-0.0131573252955	0.0185846089596	-0.0148256291983	-0.0420380762785	-0.025327996622	0.0190427810468	-0.0932284146215	-0.00336818114848	0.0285860374288	0.100442083258	0.05449754308	0.0063218442091	-0.0328647825391	-0.00264414189396	-0.0449386531835	0.0104221997579	-0.00271197763146	0.013827326186	-0.0243814264495	0.00309595857192	1.0	-0.0357828147563	-0.0203280287285	0.0495073215395	-0.016149704888	-0.032483320861	-0.0347490654525	0.0517889584594	0.0575658619935	0.00298822697067	-0.0180749135542	0.0491159163995	0.0157434820864	0.0227669329992	-0.0337616503505	-0.0274161870236	-0.0288586496198	-0.0670366353509	-0.0665506949627	-0.0488878172362	-0.00553496351617	0.014355427967	0.0185945309423	-0.00407224428003	-0.0273108761401	-0.0517990994049	-0.0105104701021	0.065695859835	-0.069597546367	0.0146467216429	-0.0351337074682	-0.00251782445702	0.0321270248278	0.0159264419526	-0.0866317917548	-0.0172289019894	-0.0351817809197
k__Bacteria;p__Actinobacteria;c__Actinobacteria;o__Bifidobacteriales;f__Bifidobacteriaceae;g__Bifidobacterium;s__Bifidobacterium_adolescentis	-0.0454937249749	-0.0859307523798	-0.0198560340343	0.0144121717538	0.0202916008911	-0.0261611909283	-0.0216879330014	-0.0285249324005	-0.0275700188993	0.0042867682555	-0.0821744952615	0.00738165698086	-0.0105340337466	-0.0245586297978	-0.0115524292376	-0.00692581855647	-0.0556429259008	-0.0150411001335	0.000767429178418	0.0545691294082	0.0170745051925	-0.00026582928298	-0.0357828147563	1.0	0.0401543311813	0.00631168081509	0.0065440429326	0.0152056749575	0.0225736405103	-0.0241926061004	0.00535783711238	-0.0607805066156	0.0264581455101	0.0339413099329	0.0200891492274	-0.0377410738056	-0.0143978528839	0.0107679394223	0.0126200154424	0.0304412840144	0.0676309328082	0.0163569177761	-0.0301652534032	0.0584998265338	-0.00125565720085	-0.0162211340644	-0.0554764178333	-0.0263744844335	0.00777416197866	-0.00533239886364	-0.0551536845827	-0.0231615091233	0.0122031168514	0.0124747536629	0.0726354176851	-0.0486173181618	-0.0129989247425	-0.0856816919296	-0.0341416643289
k__Bacteria;p__Firmicutes;c__Clostridia;o__Clostridiales;f__Oscillospiraceae;g__Oscillibacter;s__Oscillibacter_sp._KLE_1745	0.0039510467029	0.026860375193	-0.0767246320186	0.0359340589506	0.0182020625506	-0.040614612174	0.0298148872611	-0.0280041996615	-0.00541732681778	0.0547868961153	-0.0444685139972	-0.0134913007503	-0.0368405205356	-0.0202128373018	-0.0323259354764	-0.0140562216194	0.0294185720158	-0.00542911713766	-0.0385647885374	-0.00845932801867	-0.0697990772906	0.0297960681171	-0.0203280287285	0.0401543311813	1.0	-0.013035726857	-0.0313818120551	0.0220632175843	-0.0284812473086	-0.00467899301443	0.0222530608739	-0.0776368328183	0.00324773411658	0.0156142378625	-0.0438049740446	-0.00766126515967	-0.0321534291285	0.0217471371436	0.000464224262989	-0.00140478019639	0.00300568007081	-0.0519151676655	-0.0355171383811	-0.0110138750254	-0.0123527615974	-0.0163005187111	-0.00417211944067	-0.0503879663005	-0.0351467745229	-0.0451777591036	-0.0263647449236	0.0103886276819	-0.00662341889074	-0.012890443783	-0.000135693894443	-0.0393407478992	0.0425985956902	-0.002989644756	-0.0427591360386
k__Bacteria;p__Bacteroidetes;c__Bacteroidia;o__Bacteroidales;f__Bacteroidaceae;g__Bacteroides;s__Bacteroides_coprophilus	0.00555547273271	-0.0365224661185	-0.0417025668001	0.00659595598196	0.0113406780424	0.0196810969462	-0.0141841788607	0.0223618744171	-0.0166646434211	0.0255283448437	-0.0160342663174	-0.0248084216028	-0.0717328616382	-0.0363001135728	0.0459950240981	0.00540681863563	0.0276145062149	-0.00892582804929	-0.029319283979	-0.0260472310633	0.0079430337069	-0.0587706675732	0.0495073215395	0.00631168081509	-0.013035726857	1.0	-0.0460563566828	-0.0263561763734	0.0168079713431	0.0513513258843	-0.0246131254924	-0.0411889923475	0.0386446879703	-0.0180907124701	0.0407201695236	-0.0114172553458	0.0013042147751	-0.0710301007274	-0.0192494639964	-0.0251344124343	0.00550308468795	-0.00823463565987	-0.0545729894188	-0.0314229867339	-0.0489956584156	0.0256035324729	-0.0233390548737	-0.0382416371174	0.00979725607285	0.0127741218621	-0.032270004224	-0.00689604469986	-0.00304531492106	-0.0415756993978	-0.0277188174407	-0.0207100065635	0.0214962024775	0.0486749465082	0.0309703471527
k__Bacteria;p__Firmicutes;c__Clostridia;o__Clostridiales;f__Lachnospiraceae;g__Roseburia;s__Roseburia_intestinalis	-0.0364592299201	0.0189809742225	-0.0418610000331	-0.0407038440941	-0.00872266170236	-0.000220081785078	-0.00603480891075	0.0315130869691	0.00532978797928	0.0460642681453	0.00391454446557	-0.0165713700585	0.0352078092572	-0.0495644363446	-0.012728982331	-0.0289396093317	0.0264296277278	0.0156750746194	0.0193783223029	0.0187861988334	-0.00357861449189	-0.0194555706716	-0.016149704888	0.0065440429326	-0.0313818120551	-0.0460563566828	1.0	0.014331990328	-0.0397021499474	-0.0447173375434	0.00865424831267	-0.0460836979984	0.027031728454	0.0506885542507	-0.00283148030479	0.0109462099886	-0.0121542424489	0.0204881169553	0.0408170898007	0.00608350273512	-0.0419004117425	-0.0435980909018	-0.0638975696434	-0.0308882629367	-0.019746157029	0.0226962264125	-0.0129444479039	-0.0144831989664	-0.0141400363216	0.0193879352086	0.00209560842712	0.00221717795437	0.0243823972651	0.0098088130554	-0.0603819786413	-0.00534548550341	-0.0188486056851	-0.0186952322051	-0.00831586385114
k__Bacteria;p__Firmicutes;c__Clostridia;o__Clostridiales;f__Lachnospiraceae;g__Roseburia;s__Roseburia_hominis	0.0066046553517	-0.0209454068127	-0.0102431123923	-0.00658979697173	-0.0164031078279	0.00215884502409	-0.0862479896141	-0.040295537722	-0.0479526968655	-0.0384159921182	0.0308568953702	0.0582870668048	-0.0377122885659	0.0408788345669	-0.0114151007492	-0.000282414357765	-0.0492778494213	-0.0378114688339	-0.0448816282334	0.0548836847929	-0.0140038886264	-0.00119721725733	-0.032483320861	0.0152056749575	0.0220632175843	-0.0263561763734	0.014331990328	1.0	0.016156296585	0.0345414310365	-0.010814011704	-0.0224927014758	-0.028538269978	0.00757900093324	-0.0254694450101	-0.0248800210404	0.0438901386299	0.0305222415794	-0.0071520076395	0.0250233289427	0.000955155488071	-0.0212715533693	-0.0124184673811	0.0183774516905	-0.0356768113014	-0.00248585556576	0.00404185733612	0.00404963267138	0.0469328082174	-0.0571892521905	0.018928066808	-0.0289500374956	-0.00245684945239	0.00246625140373	-0.00817507512907	0.0142544410626	-0.0467640677562	-0.0110586972576	0.0229673917089
k__Bacteria;p__Bacteroidetes;c__Bacteroidia;o__Bacteroidales;f__Porphyromonadaceae;g__Parabacteroides;s__Parabacteroides_johnsonii	0.0416894720018	0.00920147623658	-0.0115360996295	0.0470542896467	-0.0382196733229	-0.0157265760585	0.00176805095501	-0.00288828387485	-0.0290228068524	-0.084771421542	0.0346059159574	-0.0542728329321	-0.0316083954103	-0.0510201248486	-0.0762340977812	-0.0432654335427	0.039239764908	0.0163832752414	0.010520997282	-0.00990347799785	0.033070365409	-0.0158776163821	-0.0347490654525	0.0225736405103	-0.0284812473086	0.0168079713431	-0.0397021499474	0.016156296585	1.0	0.00950593323315	-0.00931997704995	0.00726868662869	0.00549130759297	0.000585032379721	-0.00327452140056	-0.0415011015002	0.0416818129122	0.00644140988913	0.0379152610875	-0.0107612963866	0.0186598404232	-0.00390336050509	0.0261039303374	-0.0462195890306	-0.0387322630531	-0.00944165067467	-0.0124759607189	0.0347604791362	-0.0221250281469	-0.0688515084561	-0.035038904113	-0.0318551080245	0.00186014421766	0.052505948802	0.0458943451541	0.0421555016776	0.0115238291757	0.00506771773478	-0.00737552760306
k__Bacteria;p__Actinobacteria;c__Actinobacteria;o__Bifidobacteriales;f__Bifidobacteriaceae;g__Bifidobacterium;s__Bifidobacterium_longum	-0.000533241238228	-0.00130132299532	-0.0160244935621	-0.0444501651024	-0.0174039549968	0.0400254730353	-0.061868124904	-0.0298576620331	-0.00762396948901	-0.0160144101676	-0.0231789584029	0.0134305893069	0.011267754949	0.00590146823574	-0.0362856718655	0.0395379193416	-0.0203817323374	0.0265938690005	0.00737540701526	-0.0102869157833	0.0141445502167	-0.050565082987	0.0517889584594	-0.0241926061004	-0.00467899301443	0.0513513258843	-0.0447173375434	0.0345414310365	0.00950593323315	1.0	0.00766193864777	0.012633555487	0.00077822280012	0.00888441245122	-0.0625801928733	0.0691848111555	-0.0428030914132	-0.0318802093455	-0.0316080345939	-0.0121590346708	-0.0386138481744	0.0874403355849	-0.00842532469157	-0.09372995735	-0.0560092552286	0.0224239590116	0.0538493165446	-0.0305896411737	-0.0212527345069	-0.0139319293137	-0.0192830524869	0.000570803800591	0.00347823745096	0.0346154624992	0.0503002693388	-0.0487713973245	0.000278194549677	-0.0143484015877	0.0187281716428
