#taxonomy	k__Bacteria;p__Bacteroidetes;c__Bacteroidia;o__Bacteroidales;f__Bacteroidaceae;g__Bacteroides;s__Bacteroides_vulgatus	k__Bacteria;p__Bacteroidetes;c__Bacteroidia;o__Bacteroidales;f__Bacteroidaceae;g__Bacteroides;s__Bacteroides_uniformis	k__Bacteria;p__Bacteroidetes;c__Bacteroidia;o__Bacteroidales;f__Rikenellaceae;g__Alistipes;s__Alistipes_putredinis	k__Bacteria;p__Bacteroidetes;c__Bacteroidia;o__Bacteroidales;f__Prevotellaceae;g__Prevotella;s__Prevotella_copri	k__Bacteria;p__Bacteroidetes;c__Bacteroidia;o__Bacteroidales;f__Bacteroidaceae;g__Bacteroides;s__Bacteroides_stercoris	k__Bacteria;p__Bacteroidetes;c__Bacteroidia;o__Bacteroidales;f__Bacteroidaceae;g__Bacteroides;s__Bacteroides_ovatus	k__Bacteria;p__Bacteroidetes;c__Bacteroidia;o__Bacteroidales;f__Rikenellaceae;g__Alistipes;s__Alistipes_shahii	k__Bacteria;p__Firmicutes;c__Clostridia;o__Clostridiales;f__Ruminococcaceae;g__Faecalibacterium;s__Faecalibacterium_prausnitzii	k__Bacteria;p__Bacteroidetes;c__Bacteroidia;o__Bacteroidales;f__Rikenellaceae;g__Alistipes;s__Alistipes_finegoldii	k__Bacteria;p__Bacteroidetes;c__Bacteroidia;o__Bacteroidales;f__Porphyromonadaceae;g__Parabacteroides;s__Parabacteroides_distasonis	k__Bacteria;p__Bacteroidetes;c__Bacteroidia;o__Bacteroidales;f__Bacteroidaceae;g__Bacteroides;s__Bacteroides_thetaiotaomicron	k__Bacteria;p__Bacteroidetes;c__Bacteroidia;o__Bacteroidales;f__Bacteroidaceae;g__Bacteroides;s__Bacteroides_coprocola	k__Bacteria;p__Bacteroidetes;c__Bacteroidia;o__Bacteroidales;f__Bacteroidaceae;g__Bacteroides;s__Bacteroides_cellulosilyticus	k__Bacteria;p__Bacteroidetes;c__Bacteroidia;o__Bacteroidales;f__Rikenellaceae;g__Alistipes;s__Alistipes_obesi	k__Bacteria;p__Firmicutes;c__Clostridia;o__Clostridiales;f__Lachnospiraceae;g__;s__[Eubacterium]_rectale	k__Bacteria;p__Bacteroidetes;c__Bacteroidia;o__Bacteroidales;f__Bacteroidaceae;g__Bacteroides;s__Bacteroides_plebeius	k__Bacteria;p__Bacteroidetes;c__Bacteroidia;o__Bacteroidales;f__Bacteroidaceae;g__Bacteroides;s__Bacteroides_fragilis	k__Bacteria;p__Proteobacteria;c__Betaproteobacteria;o__Burkholderiales;f__Sutterellaceae;g__Sutterella;s__Sutterella_wadsworthensis	k__Bacteria;p__Bacteroidetes;c__Bacteroidia;o__Bacteroidales;f__Porphyromonadaceae;g__Barnesiella;s__Barnesiella_intestinihominis	k__Bacteria;p__Bacteroidetes;c__Bacteroidia;o__Bacteroidales;f__Odoribacteraceae;g__Odoribacter;s__Odoribacter_splanchnicus	k__Bacteria;p__Bacteroidetes;c__Bacteroidia;o__Bacteroidales;f__Bacteroidaceae;g__Bacteroides;s__Bacteroides_salyersiae	k__Bacteria;p__Firmicutes;c__Clostridia;o__Clostridiales;f__Ruminococcaceae;g__Ruminiclostridium;s__[Eubacterium]_siraeum	k__Bacteria;p__Proteobacteria;c__Betaproteobacteria;o__Burkholderiales;f__Sutterellaceae;g__Parasutterella;s__Parasutterella_excrementihominis	k__Bacteria;p__Actinobacteria;c__Actinobacteria;o__Bifidobacteriales;f__Bifidobacteriaceae;g__Bifidobacterium;s__Bifidobacterium_adolescentis	k__Bacteria;p__Firmicutes;c__Clostridia;o__Clostridiales;f__Oscillospiraceae;g__Oscillibacter;s__Oscillibacter_sp._KLE_1745	k__Bacteria;p__Bacteroidetes;c__Bacteroidia;o__Bacteroidales;f__Bacteroidaceae;g__Bacteroides;s__Bacteroides_coprophilus	k__Bacteria;p__Firmicutes;c__Clostridia;o__Clostridiales;f__Lachnospiraceae;g__Roseburia;s__Roseburia_intestinalis	k__Bacteria;p__Firmicutes;c__Clostridia;o__Clostridiales;f__Lachnospiraceae;g__Roseburia;s__Roseburia_hominis	k__Bacteria;p__Bacteroidetes;c__Bacteroidia;o__Bacteroidales;f__Porphyromonadaceae;g__Parabacteroides;s__Parabacteroides_johnsonii	k__Bacteria;p__Actinobacteria;c__Actinobacteria;o__Bifidobacteriales;f__Bifidobacteriaceae;g__Bifidobacterium;s__Bifidobacterium_longum	k__Bacteria;p__Firmicutes;c__Clostridia;o__Clostridiales;f__;g__Flavonifractor;s__Flavonifractor_plautii	k__Bacteria;p__Firmicutes;c__Clostridia;o__Clostridiales;f__Clostridiaceae;g__Clostridium;s__Clostridium_phoceensis	k__Bacteria;p__Verrucomicrobia;c__Verrucomicrobiae;o__Verrucomicrobiales;f__Akkermansiaceae;g__Akkermansia;s__Akkermansia_muciniphila	k__Bacteria;p__Bacteroidetes;c__Bacteroidia;o__Bacteroidales;f__Prevotellaceae;g__Paraprevotella;s__Paraprevotella_xylaniphila	k__Bacteria;p__Firmicutes;c__Clostridia;o__Clostridiales;f__Ruminococcaceae;g__Ruminococcus;s__Ruminococcus_callidus	k__Bacteria;p__Bacteroidetes;c__Bacteroidia;o__Bacteroidales;f__Rikenellaceae;g__Alistipes;s__Alistipes_senegalensis	k__Bacteria;p__Firmicutes;c__Clostridia;o__Clostridiales;f__Lachnospiraceae;g__Blautia;s__Blautia_sp._KLE_1732	k__Bacteria;p__Bacteroidetes;c__Bacteroidia;o__Bacteroidales;f__Bacteroidaceae;g__Bacteroides;s__Bacteroides_oleiciplenus	k__Bacteria;p__Firmicutes;c__Clostridia;o__Clostridiales;f__Ruminococcaceae;g__Ruminococcus;s__Ruminococcus_bicirculans	k__Bacteria;p__Bacteroidetes;c__Bacteroidia;o__Bacteroidales;f__Bacteroidaceae;g__Bacteroides;s__Bacteroides_fluxus	k__Bacteria;p__Bacteroidetes;c__Bacteroidia;o__Bacteroidales;f__Prevotellaceae;g__Prevotella;s__Prevotella_stercorea	k__Bacteria;p__Firmicutes;c__Clostridia;o__Clostridiales;f__Lachnospiraceae;g__Dorea;s__Dorea_longicatena	k__Bacteria;p__Firmicutes;c__Clostridia;o__Clostridiales;f__Eubacteriaceae;g__Eubacterium;s__[Eubacterium]_eligens	k__Bacteria;p__Firmicutes;c__Clostridia;o__Clostridiales;f__Ruminococcaceae;g__;s__Ruminococcaceae_bacterium_D16	k__Bacteria;p__Firmicutes;c__Clostridia;o__Clostridiales;f__Lachnospiraceae;g__Coprococcus;s__Coprococcus_comes	k__Bacteria;p__Proteobacteria;c__Gammaproteobacteria;o__Enterobacterales;f__Enterobacteriaceae;g__Escherichia;s__Escherichia_coli	k__Bacteria;p__Firmicutes;c__Clostridia;o__Clostridiales;f__Ruminococcaceae;g__Anaerotruncus;s__Anaerotruncus_colihominis	k__Bacteria;p__Firmicutes;c__Clostridia;o__Clostridiales;f__Lachnospiraceae;g__Blautia;s__Blautia_obeum	k__Bacteria;p__Bacteroidetes;c__Bacteroidia;o__Bacteroidales;f__Odoribacteraceae;g__Odoribacter;s__Odoribacter_laneus	k__Bacteria;p__Firmicutes;c__Clostridia;o__Clostridiales;f__Ruminococcaceae;g__Ruminiclostridium;s__[Clostridium]_leptum	k__Bacteria;p__Bacteroidetes;c__Bacteroidia;o__Bacteroidales;f__Porphyromonadaceae;g__Parabacteroides;s__Parabacteroides_goldsteinii	k__Bacteria;p__Firmicutes;c__Clostridia;o__Clostridiales;f__Lachnospiraceae;g__Anaerostipes;s__Anaerostipes_hadrus	k__Bacteria;p__Firmicutes;c__Clostridia;o__Clostridiales;f__Ruminococcaceae;g__Ruminococcus;s__Ruminococcus_lactaris	k__Bacteria;p__Firmicutes;c__Clostridia;o__Clostridiales;f__Clostridiaceae;g__Clostridium;s__Clostridium_sp._L2-50	k__Bacteria;p__Firmicutes;c__Clostridia;o__Clostridiales;f__Clostridiaceae;g__Clostridium;s__Clostridium_sp._M62/1	k__Bacteria;p__Firmicutes;c__Clostridia;o__Clostridiales;f__;g__Intestinimonas;s__Intestinimonas_butyriciproducens	k__Bacteria;p__Actinobacteria;c__Actinobacteria;o__Bifidobacteriales;f__Bifidobacteriaceae;g__Bifidobacterium;s__Bifidobacterium_bifidum	k__Bacteria;p__Firmicutes;c__Negativicutes;o__Veillonellales;f__Veillonellaceae;g__Dialister;s__Dialister_invisus	k__Bacteria;p__Bacteroidetes;c__Bacteroidia;o__Bacteroidales;f__Bacteroidaceae;g__Bacteroides;s__Bacteroides_salanitronis
k__Bacteria;p__Bacteroidetes;c__Bacteroidia;o__Bacteroidales;f__Bacteroidaceae;g__Bacteroides;s__Bacteroides_vulgatus	1.0	-0.0318945523255	0.0290581702255	-0.0202565022598	0.0472196111616	0.0178106664958	0.00625845191732	-0.0217803729741	-0.0117476692998	-0.071848923342	0.0444290135148	0.0322208878191	-0.0420102015012	-0.0678345645806	-0.0478295820292	0.00686655423716	0.045558372772	-0.0389096955155	-0.00560128605898	0.0222722157189	-0.0456548615422	-0.0468540672293	0.0385353373046	-0.0352759092938	-0.0049557074888	-0.0306849568416	0.0757538384985	-0.032136649823	0.0314390488753	-0.0239210005281	-0.0183199924919	-0.000450030596737	-0.0221967737341	-0.0438784627894	-0.052029832567	0.0323642574129	-0.0419228715326	0.0478175492068	-1.36350609122e-06	-0.0699901703336	-0.0398626558775	-0.00769499482993	-0.0658094879106	-0.0293987192876	-0.0547395092714	-0.00933813818932	-0.00380611398344	0.0277249641222	0.0192450412469	-0.0171006631672	0.0208329449661	0.0514527866392	0.0165549103132	0.025934351619	0.0102370119353	0.00286130590722	0.0475446677637	-0.0346085423678	-0.00650975291222
k__Bacteria;p__Bacteroidetes;c__Bacteroidia;o__Bacteroidales;f__Bacteroidaceae;g__Bacteroides;s__Bacteroides_uniformis	-0.0318945523255	1.0	0.00512382135495	0.0202402394312	0.0453727890439	-0.02189706729	0.0240733922763	-0.0187651366102	0.0340601610036	-0.0473125365537	-0.0221507598156	-0.0493666200163	-0.0168367546446	-0.107677406103	-0.0240800137403	0.0035468884914	0.0141370137104	-0.0133046121436	-0.0573290056184	0.0216793914941	-0.0139874387708	-0.018426267014	-0.00416412807712	-0.0167470216653	0.00922238699649	-0.0161120238509	-0.115488782851	0.00121948928916	-0.0664768424941	-0.0183432430843	0.058736456518	-0.0496366882628	-0.00180121530497	0.0389947902159	-0.0144464354123	0.0264119251652	0.00502575738453	0.0600265610913	0.0418742134247	0.0300087836668	0.00417898038039	0.045889796918	0.0344862046313	-0.041949387255	0.0279091972069	0.00939498824726	0.0261869296685	-0.0352244436335	-0.00108116107137	0.00507695318697	0.00149382517268	0.0215692469322	0.00370512937263	-0.0357426992635	0.0464403201911	-0.00760719936485	0.00852166116608	-0.0017439343612	0.021855210706
k__Bacteria;p__Bacteroidetes;c__Bacteroidia;o__Bacteroidales;f__Rikenellaceae;g__Alistipes;s__Alistipes_putredinis	0.0290581702255	0.00512382135495	1.0	-0.0624903637758	-0.0599916253941	0.00304415528674	0.00510338835611	4.62023734648e-05	0.000569776797513	0.015868693257	-0.0432602675664	-0.0805747324607	-0.0148123512123	0.0265626807214	-0.0533019447307	0.0121381671272	-0.000771184536215	-0.0191575135354	-0.028385543668	-0.0337087574304	-0.0481521489786	-0.0246249755566	-0.000228430273568	-0.0549775624968	-0.0265182711084	0.057199268158	0.00463937186454	-0.0522034385662	-0.0453524565551	-0.0608634482079	-0.0587257405607	-0.00879546306344	-0.00130560221362	-0.0563967445225	-0.00726598352993	-0.0327259628736	0.0120760534634	-0.0225120378852	0.0209021902217	0.0273759768766	-0.0201138236324	-0.0384832536189	0.0388886511572	0.0408980596376	0.059319554422	-0.0058524248418	0.0435030031169	0.0635451883798	-0.0620023167653	0.0733671761267	-0.0135412995195	0.0326713859764	0.0293583691995	-0.100436579085	-0.0637191451937	-0.0166875185043	-0.0124028071188	-0.00748234166489	0.0139541340764
k__Bacteria;p__Bacteroidetes;c__Bacteroidia;o__Bacteroidales;f__Prevotellaceae;g__Prevotella;s__Prevotella_copri	-0.0202565022598	0.0202402394312	-0.0624903637758	1.0	-0.0162349552866	-0.00605362714797	0.0147663578273	-0.0285299733228	0.023321234252	0.0301026985691	-0.0130672660389	0.0204946396313	-0.0187813293443	0.0318405227822	0.0283440136203	-0.0328077483001	-0.00280687751822	-0.0386561249752	-0.0207591175439	-0.0107479136749	0.0252057517365	-0.0174782823066	-0.0805136792026	0.0200440793387	-0.033783975622	-0.0422064982467	0.00120648509191	-0.00469117389399	0.00233804448139	0.0134452940049	-0.0708646430854	-0.0514022771145	0.05647152375	0.00753244987391	-0.0033631145502	-0.0579545227208	-0.0158263240349	0.0159256814567	0.0223889747355	-0.00748711059497	0.0232589361986	-0.0665868447082	0.0396188400251	-0.0340365961971	0.0176843746854	0.000799411031564	-0.00405562812809	-0.036615387596	0.00572349830023	-0.0378515464858	0.0417559125316	-0.0416388671137	-0.0252038613913	-0.00979035469623	0.0109321157291	-0.0411593857026	-0.0270533222572	-0.0473580434438	0.0154513656213
k__Bacteria;p__Bacteroidetes;c__Bacteroidia;o__Bacteroidales;f__Bacteroidaceae;g__Bacteroides;s__Bacteroides_stercoris	0.0472196111616	0.0453727890439	-0.0599916253941	-0.0162349552866	1.0	-0.0418915679298	0.047955402072	0.0142512668359	0.0558329252578	-0.00523227652006	0.0340265073702	-0.0247778830874	-0.0636534903071	0.0309763219098	-0.0514236989331	0.0126457717746	-0.0295736390545	-0.0740532391098	-0.00825049162374	0.0597481782507	0.000777566975013	-0.0117071995753	0.0172534441779	0.0385955118256	-0.0261167015074	-0.0184984180174	0.0872617533066	0.0202475570528	-0.0487079214423	-0.0577976158105	-0.0413247506979	0.00244005345648	-0.0280983025052	-0.0150896520983	0.00786557104081	0.00775984698211	-0.0320722298712	0.0158407924624	-0.00441850955873	-0.00939353570453	-0.022511729716	0.0431331238774	0.0313514906789	-0.071548209157	-0.00239673568445	0.0156959095732	-0.00586489860313	0.00492035190371	0.0087507663631	0.00906882997012	0.0223284474831	0.0121512356142	-0.0692861451204	-0.00110658358454	-0.0417040810944	-0.0492433751365	-0.0361182531619	-0.0174647717923	-0.00407702932354
k__Bacteria;p__Bacteroidetes;c__Bacteroidia;o__Bacteroidales;f__Bacteroidaceae;g__Bacteroides;s__Bacteroides_ovatus	0.0178106664958	-0.02189706729	0.00304415528674	-0.00605362714797	-0.0418915679298	1.0	-0.0110475698162	0.00579254842767	-0.00962337260077	-0.0359391167524	-0.121612479848	0.0195244737428	-0.00165413549023	-0.0204040916874	0.0179177852852	-0.00750791685374	0.0345026850231	0.0153506415237	-0.00302393237785	0.000586311120534	-0.00239503653342	0.0240900640289	-0.0686262335846	0.00702367878052	-0.0153645977457	-0.0370295675558	0.00296719116272	-0.0109600023821	-0.00805620788495	-0.0459440092047	-0.00606175484422	0.0297949780464	-0.0566771532262	-0.0355083228771	-0.0393250436908	-0.0166791913707	-0.0139733373374	0.025705453236	-0.0294846703151	0.0361994027699	-0.0138322656135	0.0464363360346	-0.0306499038826	-0.0266096081022	0.0286059695535	0.0666514557905	-0.0329484488477	0.0182650714717	0.0344166507338	-0.00409487130393	0.0119498902069	-0.00187977452611	-0.0590096300016	-0.0188054372127	-0.014702098632	-0.00585025735576	0.0481856977506	0.0266366598166	-0.0300909237808
k__Bacteria;p__Bacteroidetes;c__Bacteroidia;o__Bacteroidales;f__Rikenellaceae;g__Alistipes;s__Alistipes_shahii	0.00625845191732	0.0240733922763	0.00510338835611	0.0147663578273	0.047955402072	-0.0110475698162	1.0	0.0156458896091	-0.00929504423996	-0.0214714837726	-0.0524084673835	0.0031974668445	0.0562250693315	-0.028186520506	0.00797726348142	-0.0168116445011	-0.0110922182273	-0.0141621003707	-0.0760101203519	0.018547860723	0.0144188658664	0.00735718123781	-0.00753731647227	-0.0347237608466	-0.0308749546833	-0.0146768121055	0.0453403548364	-0.0187132886936	-0.0142011080886	-0.0101239134606	-0.00760260276309	0.0299962905776	-0.00204357270291	-0.00932551587568	-0.0454101092129	-0.0210819971232	-0.0455221318156	0.0125785804373	0.00738093816703	0.0655291013895	0.0471429353357	-0.0615257493209	-0.0150303421957	-0.0555481777813	-0.0138082315434	-0.0169155337234	-0.0132109579433	-0.0101390564864	-0.0161343027216	0.0651346802663	-5.68335230365e-05	-0.0533881374011	-0.00763631929723	-0.0207053541271	0.0130173740391	0.0192812364949	-0.0196906827636	-0.0247624303434	-0.0128452929705
k__Bacteria;p__Firmicutes;c__Clostridia;o__Clostridiales;f__Ruminococcaceae;g__Faecalibacterium;s__Faecalibacterium_prausnitzii	-0.0217803729741	-0.0187651366102	4.62023734648e-05	-0.0285299733228	0.0142512668359	0.00579254842767	0.0156458896091	1.0	0.00342598664498	-0.0544382451311	-0.0363632009495	0.00713857113665	-0.02428593025	0.081060928223	-0.0504533340695	0.00180530468864	0.00455084369573	0.0204127003337	-0.042586323508	-0.0337663962392	0.0283636880863	0.0290365858667	0.0782448546243	0.0210522963723	0.0136550181064	-0.0293560720961	0.0241583010853	-0.0352578547252	-0.0130391379024	-0.000846936555514	-0.00858292891172	-0.0372108003445	0.00480695761631	0.00561400512239	-0.00848610622533	-0.00152300406588	-0.0119685419072	-0.0499089173253	0.0578578040348	-0.0155581993611	0.0087207358346	0.0334970209436	0.00169006890275	-0.06993885715	0.0096663212213	-0.0557958524338	0.0310279993936	-0.11897963578	-0.0383614368653	-0.0296916326774	-0.0624452877746	-0.0477954857042	-0.0121763435758	-0.0233104274434	0.0165421293478	-0.0318646506614	0.00940437133396	0.038698709862	0.0145689953321
k__Bacteria;p__Bacteroidetes;c__Bacteroidia;o__Bacteroidales;f__Rikenellaceae;g__Alistipes;s__Alistipes_finegoldii	-0.0117476692998	0.0340601610036	0.000569776797513	0.023321234252	0.0558329252578	-0.00962337260077	-0.00929504423996	0.00342598664498	1.0	-0.0311686449703	0.00492068684871	-0.0242942704774	-0.0300525540596	0.013279487815	0.00659199333455	0.0283841098941	-0.0164087361795	0.0227234388312	0.000739105206998	-0.028484061432	-0.0171040700239	-0.00193963960494	-0.0381430172319	-0.036862216737	-0.0436523312501	-0.0491795898006	-0.00739322527746	-0.0707012128084	0.0346313194289	-0.0381765737399	0.063183330209	0.0798311427941	-0.00654608335439	-0.0193468167154	-0.0187737795258	-0.0338291060582	-0.0062362528371	-0.0135443018153	0.00497326245872	0.0176197462223	-0.00192182490167	0.0319962814231	-0.0145409820488	-0.0386465469471	-0.0357954032842	0.0455755231024	-0.0274583976794	0.0262364839449	-0.0528073310426	-0.0321206522284	0.0100336854871	-0.0399649522964	0.00352877888474	-0.0197873162723	-0.0253853381793	-0.0207052535153	-0.0128289123423	0.0282408432369	0.0176421953909
k__Bacteria;p__Bacteroidetes;c__Bacteroidia;o__Bacteroidales;f__Porphyromonadaceae;g__Parabacteroides;s__Parabacteroides_distasonis	-0.071848923342	-0.0473125365537	0.015868693257	0.0301026985691	-0.00523227652006	-0.0359391167524	-0.0214714837726	-0.0544382451311	-0.0311686449703	1.0	-0.0154891733389	-0.0598058728198	-0.0782786060724	-0.0067302543762	0.00384168256479	-0.0322801685567	-0.0196380167153	-0.00778542457475	-0.0118774044605	-0.0477658940346	-0.010799920983	-0.0240509728434	0.0352248032639	0.00572335258531	-0.00219094608096	-0.00271125419398	0.00620600693206	0.0549281409117	-0.0495503549433	0.0419195359324	0.0390779016232	-0.0311269502517	-0.040528413462	0.0542682177422	-0.0709860291414	0.033692200464	-0.0140036261725	0.0894813627446	-0.0305577820437	-0.0681528704805	-0.0174128025831	0.0628793918603	0.0467102285744	-0.0145883591227	0.00113625299617	-0.0382419213603	0.0628945120303	0.0366536479548	-0.0611299070012	0.00110069585734	-0.0468769129389	-0.0176176671211	0.0255378487192	-0.016435555155	-0.0355506711909	0.00557156460304	-0.0284781671672	-0.0196879548699	-0.0318282868353
k__Bacteria;p__Bacteroidetes;c__Bacteroidia;o__Bacteroidales;f__Bacteroidaceae;g__Bacteroides;s__Bacteroides_thetaiotaomicron	0.0444290135148	-0.0221507598156	-0.0432602675664	-0.0130672660389	0.0340265073702	-0.121612479848	-0.0524084673835	-0.0363632009495	0.00492068684871	-0.0154891733389	1.0	-0.036215588198	-0.0637767749825	-0.000544910734381	-0.0323312867875	-0.0597408072658	-0.0536046837224	0.0211426329531	-0.00118828306367	-0.0403174408447	-0.00710710284278	0.0205816760572	0.00959494673563	-0.0370414554101	0.0128642007371	-0.0497560006794	0.0479452294329	-0.0115065933275	0.0119118531406	-0.059005659007	0.0369671070342	-0.0397250558656	0.000301285468783	0.00109721784474	-0.00284468933097	0.0623661494306	-0.0143540556516	0.00189782880338	0.0412921618906	-0.0145175412077	0.0690628390503	-0.0112557575982	-0.0740225335055	-0.0149108285156	0.0119493738066	-0.014134461311	-0.00597218964201	-0.0172294184335	-0.0578865741921	0.010843955058	-0.0175288140875	-0.0425764079558	-0.0317909309833	-0.00155299524607	-0.04250610317	0.0072144401287	0.0568392028531	0.0171918786425	0.00950435762053
k__Bacteria;p__Bacteroidetes;c__Bacteroidia;o__Bacteroidales;f__Bacteroidaceae;g__Bacteroides;s__Bacteroides_coprocola	0.0322208878191	-0.0493666200163	-0.0805747324607	0.0204946396313	-0.0247778830874	0.0195244737428	0.0031974668445	0.00713857113665	-0.0242942704774	-0.0598058728198	-0.036215588198	1.0	-0.0140056505186	-0.0301819956639	-0.0210351176151	-0.0242062200993	0.0218855888264	0.028615885091	0.0401419830042	-0.000658400979219	-0.00434664768837	-0.0369121543311	-0.0043404707931	-0.0584259345813	-0.0716748913278	-0.0545305744995	0.0102229717139	0.0303210406672	-0.00916668474998	-0.0597755074962	0.0582620658396	-0.0224285643143	-0.0242081052024	-0.0124579067264	-0.0283739661918	0.0400942829607	-0.00279509046215	-0.0297038707511	-0.0297139464563	-0.0439536192284	0.00392876126228	-0.0367975976823	0.00487887399308	0.0165051377479	-0.039175834435	0.0303580274198	-0.00951218908369	-0.000876873853971	-0.0316423287096	0.0424873252903	-0.0668231887119	-0.00836969013016	-0.0262640037789	0.05980476401	0.0134892131738	0.0360436985862	-0.0103754600294	0.0249714730751	0.0199144124621
k__Bacteria;p__Bacteroidetes;c__Bacteroidia;o__Bacteroidales;f__Bacteroidaceae;g__Bacteroides;s__Bacteroides_cellulosilyticus	-0.0420102015012	-0.0168367546446	-0.0148123512123	-0.0187813293443	-0.0636534903071	-0.00165413549023	0.0562250693315	-0.02428593025	-0.0300525540596	-0.0782786060724	-0.0637767749825	-0.0140056505186	1.0	0.0238555813103	-0.0227373783104	-0.0111881613341	0.0213740896451	0.0206080366236	-0.019985240805	0.0217563509209	0.0228567251503	0.0372747374258	-0.0286303346761	0.0628987895197	0.0271382765333	-0.0503309827185	-0.0113762259923	-0.0400418241592	-0.0281093659284	0.0225113749092	0.00561802846846	0.0313204609354	-0.041959239258	0.000774001377797	-0.0138239641182	-0.0265126157454	-0.0128859902928	0.00273898265157	-0.00757733972714	0.0630548672975	-0.0682260968008	0.00550491402002	0.0602937263861	0.022262907883	-0.0355472725303	0.00303418006318	-0.061928627523	-0.0968285889389	-0.0239364471705	-0.033824943987	-0.0152642643939	-0.0317000360454	0.0162515254928	-0.0296046483064	-0.0327525004016	0.0150366409896	0.00105255470961	-0.055041713668	-0.0275957257751
k__Bacteria;p__Bacteroidetes;c__Bacteroidia;o__Bacteroidales;f__Rikenellaceae;g__Alistipes;s__Alistipes_obesi	-0.0678345645806	-0.107677406103	0.0265626807214	0.0318405227822	0.0309763219098	-0.0204040916874	-0.028186520506	0.081060928223	0.013279487815	-0.0067302543762	-0.000544910734382	-0.0301819956639	0.0238555813103	1.0	0.0138806616203	-0.00117567903222	0.00323571673299	-0.0160053506492	-0.0909674134204	0.00701049753113	-0.0273804677962	0.0233172473607	0.0570589273041	-0.0961617721421	-0.0181027093148	-0.00963044272673	0.0982704316535	-0.0535226049254	-0.0529761605188	0.00801809472372	0.00604829131889	-0.0295125670323	-0.0174324530884	0.00950521298599	0.000874483767453	0.0342318822984	-0.0384316710118	-0.0186847721689	-0.0532449156324	0.0287071992763	0.0630734244921	-0.0272715779344	0.0369183962125	0.00591899431882	-0.058615119347	0.00134647950178	0.0478189032249	0.0129393499415	0.0341071998311	-0.047715701544	-0.0245402265017	0.00149403122361	0.0243680462664	-0.0659936478765	-0.00908287845479	0.0168738133819	0.0187414896502	-0.0269423857311	-0.0170301568063
k__Bacteria;p__Firmicutes;c__Clostridia;o__Clostridiales;f__Lachnospiraceae;g__;s__[Eubacterium]_rectale	-0.0478295820292	-0.0240800137403	-0.0533019447307	0.0283440136203	-0.0514236989331	0.0179177852852	0.00797726348142	-0.0504533340695	0.00659199333455	0.00384168256479	-0.0323312867875	-0.0210351176151	-0.0227373783104	0.0138806616203	1.0	-0.0792848780601	0.0584370803225	-0.00333688865284	-0.0215905470741	0.0204002837412	0.0386537569317	-0.00851775274001	-0.0270991357248	0.00883752895852	0.0217094037641	-0.0147087432208	0.00647952473114	-0.0285145930439	0.0132706351515	0.061509966753	-0.00377041687982	-0.0063065045767	-0.0838817126479	-0.0235577314851	-0.00253061433859	-0.01303417426	-0.0207979607306	-0.00389573404616	0.0318127602341	-0.0370499103597	0.018470189995	0.0450108106525	-0.00971253005543	0.0165256803149	-0.0284444230134	0.0322080580847	-0.0488170082986	-0.00510242880825	0.0238356009179	-0.0128492686171	-0.00185746131331	-0.0311467828521	0.0544229132527	-0.0153105366194	0.0383870464087	0.0192623294412	0.00604741453169	-0.0254861505017	0.00562826253024
k__Bacteria;p__Bacteroidetes;c__Bacteroidia;o__Bacteroidales;f__Bacteroidaceae;g__Bacteroides;s__Bacteroides_plebeius	0.00686655423716	0.0035468884914	0.0121381671272	-0.0328077483001	0.0126457717746	-0.00750791685374	-0.0168116445011	0.00180530468864	0.0283841098941	-0.0322801685567	-0.0597408072658	-0.0242062200993	-0.0111881613341	-0.00117567903222	-0.0792848780601	1.0	0.00768475110576	-0.0469538449257	-0.0218354764014	0.016910708738	0.00930064588085	-0.00928144725274	-0.0444331868337	0.00364542053454	0.0205367210928	0.0553233014211	0.0202149238437	-0.0244731247025	-0.0530268697653	0.01557261317	-0.0290069080381	-0.0264836621738	-0.0686923954299	-0.0413146329734	-0.0158235920038	0.0454599966035	0.011892434971	0.0279055697115	0.00157998966726	0.0132183038532	-0.081557737041	0.0300304560903	-0.0252531975813	-0.0546449621791	0.0381820014418	-0.0207822403462	0.0157923756377	-0.0392446400211	0.0360606451917	0.00909077713923	-0.020610579652	0.0357077825248	-0.0350123078394	0.0216843876195	-0.0419468993791	-0.0149151085931	-0.0365958304711	0.0472000107377	0.0151165887017
k__Bacteria;p__Bacteroidetes;c__Bacteroidia;o__Bacteroidales;f__Bacteroidaceae;g__Bacteroides;s__Bacteroides_fragilis	0.045558372772	0.0141370137104	-0.000771184536215	-0.00280687751822	-0.0295736390545	0.0345026850231	-0.0110922182273	0.00455084369573	-0.0164087361795	-0.0196380167153	-0.0536046837224	0.0218855888264	0.0213740896451	0.00323571673299	0.0584370803225	0.00768475110576	1.0	-0.00286795718243	-0.0602755470238	0.0113255167864	0.0117203968086	-0.013762666801	0.0502832935606	0.0446996676336	-0.0539255862639	-0.0280919296734	0.0132200202874	-0.0406662452492	0.0135272199279	0.0274586693195	0.0172957503161	-0.0321785392414	-0.0635543327596	-0.0170778871483	-0.0526938245079	0.0120864619728	-0.0133937381388	-0.0667208588006	-0.0184403876659	-0.0099351978858	-0.00424847628418	-0.00873698899208	-0.0301407375117	0.0993522993792	-0.0288120185808	0.0571670167943	-0.0468514691946	-0.0336666288445	0.0231204231679	-0.0379593607204	0.0132619008955	0.0351760139341	-0.111877901809	-0.000611052238999	0.0259922621545	-0.00612071220615	-0.0458056996663	0.0273568761349	-0.0194801754989
k__Bacteria;p__Proteobacteria;c__Betaproteobacteria;o__Burkholderiales;f__Sutterellaceae;g__Sutterella;s__Sutterella_wadsworthensis	-0.0389096955155	-0.0133046121436	-0.0191575135354	-0.0386561249752	-0.0740532391098	0.0153506415237	-0.0141621003707	0.0204127003337	0.0227234388312	-0.00778542457475	0.0211426329531	0.028615885091	0.0206080366236	-0.0160053506492	-0.00333688865284	-0.0469538449257	-0.00286795718243	1.0	-0.00725959638105	-0.0479430505673	0.0373830044502	0.0364863975977	0.0220988398278	0.019575741223	0.0472952190638	-0.0238098421606	-0.0435438117302	-0.0272086328182	0.00814806986692	0.0426786841211	-0.0273478751694	-0.0036601217122	0.0135823692572	-0.0753990518279	0.00311400525424	0.00946606519925	-0.0059689701061	0.0176818339652	0.0108096620216	0.0208961690368	-0.074672008392	-0.0326089951509	0.0242045727943	-0.0355100546535	-0.044394494244	-0.00526997069105	-0.0194418281512	-0.0269563912135	-0.0192325447443	0.0534759961264	-0.0451485900964	-0.0326000337272	-0.0609650284765	0.0513393570177	-0.0507151711284	-0.0855405457602	0.00942275665035	-0.028503442331	-0.0163247119718
k__Bacteria;p__Bacteroidetes;c__Bacteroidia;o__Bacteroidales;f__Porphyromonadaceae;g__Barnesiella;s__Barnesiella_intestinihominis	-0.00560128605898	-0.0573290056184	-0.028385543668	-0.0207591175439	-0.00825049162374	-0.00302393237785	-0.0760101203519	-0.042586323508	0.000739105206998	-0.0118774044605	-0.00118828306367	0.0401419830042	-0.019985240805	-0.0909674134204	-0.0215905470741	-0.0218354764014	-0.0602755470238	-0.00725959638105	1.0	0.00766997474619	0.0415531527086	0.0326808368952	-0.0289889888403	0.0052583625299	-0.0322717087669	0.0193205558349	-0.000778565361429	-0.0119990259133	7.25347260439e-05	-0.0446542242643	-0.0818951131865	0.0109655771307	0.0208597719116	0.0186182212897	0.0205785084074	0.00316193198946	0.0363208790767	-0.00202098564941	-0.00496780721328	-0.00585567592062	-0.077487480253	-0.0519963528157	0.0420090861565	-0.0112198222579	0.050221367279	0.00286801549058	-0.0155960331622	0.00738797029089	0.0027931439376	-0.0385862859048	-0.0625786176111	-0.0397085421328	-0.0290710253414	0.0311951893034	-0.0259505698974	0.00196580751962	0.00716738423575	-0.0112023062049	0.00206527758438
k__Bacteria;p__Bacteroidetes;c__Bacteroidia;o__Bacteroidales;f__Odoribacteraceae;g__Odoribacter;s__Odoribacter_splanchnicus	0.0222722157189	0.0216793914941	-0.0337087574304	-0.0107479136749	0.0597481782507	0.000586311120534	0.018547860723	-0.0337663962392	-0.028484061432	-0.0477658940346	-0.0403174408447	-0.00065840097922	0.0217563509209	0.00701049753113	0.0204002837412	0.016910708738	0.0113255167864	-0.0479430505673	0.00766997474619	1.0	-0.0625826663606	-0.00305441106785	-0.00969257721526	-0.022673182613	0.0539463055053	-0.00797203388291	0.00318175818922	0.0367082730824	0.00804928354018	-0.0340878630967	-0.0706989910753	-0.00305356288386	0.055960758693	0.0118731953181	-0.0382849922998	0.00264309801605	-0.00200209721834	-0.0150515001117	-0.0226614376268	-0.029168539819	-0.0611124264823	-0.0281630506429	-0.0436232980295	0.0541785805811	-0.00936143199464	-0.020069613775	0.00849108249249	0.00724107104014	0.0121636029768	-0.018634992729	0.0398148850043	-0.00399991826411	-0.0346848217194	0.0676877789999	-0.0101404940647	-0.0141838916206	-0.00890561487144	-0.000346291630275	0.0119306589246
k__Bacteria;p__Bacteroidetes;c__Bacteroidia;o__Bacteroidales;f__Bacteroidaceae;g__Bacteroides;s__Bacteroides_salyersiae	-0.0456548615422	-0.0139874387708	-0.0481521489786	0.0252057517365	0.000777566975013	-0.00239503653342	0.0144188658664	0.0283636880863	-0.0171040700239	-0.010799920983	-0.00710710284278	-0.00434664768837	0.0228567251503	-0.0273804677962	0.0386537569317	0.00930064588085	0.0117203968086	0.0373830044502	0.0415531527086	-0.0625826663606	1.0	-0.0020768689897	0.00706924413069	0.0253277419535	0.0118011340101	-1.95418099023e-05	-0.0463715930993	-0.00463312401294	0.0374118757303	0.0443062161419	-0.0155132121881	-0.0268175292968	0.0054027512514	0.0149989208195	-0.0101896661624	-0.00481896916416	-0.0475273933077	0.0308372866425	-0.0124538907614	0.00412232096599	-0.0474815754616	0.0676107976729	0.000435523170217	-0.0807701113297	0.0260644907628	0.0246411387501	0.00571468236046	0.0322792663908	0.0315312174429	-0.0720792507045	-0.0209480952405	-0.00256664606019	-0.0350106110299	-0.102789503243	0.000523952481724	-0.00271011571953	-0.0621838955023	0.0131451121228	-0.0467295571271
k__Bacteria;p__Firmicutes;c__Clostridia;o__Clostridiales;f__Ruminococcaceae;g__Ruminiclostridium;s__[Eubacterium]_siraeum	-0.0468540672293	-0.018426267014	-0.0246249755566	-0.0174782823066	-0.0117071995753	0.0240900640289	0.00735718123781	0.0290365858667	-0.00193963960494	-0.0240509728434	0.0205816760572	-0.0369121543311	0.0372747374258	0.0233172473607	-0.00851775274001	-0.00928144725274	-0.013762666801	0.0364863975977	0.0326808368952	-0.00305441106785	-0.0020768689897	1.0	-0.0354458116435	-0.0198590827122	-0.0283417697985	0.00280998586212	0.05755672756	-0.0358237093563	-0.0124683066346	-0.0208972822704	-0.0512697201293	0.051721213553	-0.00366385958905	0.0281979227302	0.0634533387213	-0.0419783425399	0.0289631057005	-0.0137127690537	-0.055966232326	-0.00939699639177	-0.0147023624343	0.0129995223487	0.0706061729721	-0.0139837358438	0.0140225084758	-0.0284134657857	-0.0242444981554	0.00189212751309	0.024603041384	0.00972866664784	0.0210955123466	-0.0447944498747	-0.0469423356863	0.00758733158705	-0.0206553546278	-0.038004548172	0.0502501131888	0.0173106312714	-0.0380318440005
k__Bacteria;p__Proteobacteria;c__Betaproteobacteria;o__Burkholderiales;f__Sutterellaceae;g__Parasutterella;s__Parasutterella_excrementihominis	0.0385353373046	-0.00416412807712	-0.000228430273568	-0.0805136792026	0.0172534441779	-0.0686262335846	-0.00753731647227	0.0782448546243	-0.0381430172319	0.0352248032639	0.00959494673563	-0.0043404707931	-0.0286303346761	0.0570589273041	-0.0270991357248	-0.0444331868337	0.0502832935606	0.0220988398278	-0.0289889888403	-0.00969257721526	0.00706924413069	-0.0354458116435	1.0	0.016546123196	0.0525968273221	-0.012389224716	-0.0104970287896	-0.0529946227707	-0.0176284914856	0.0429546932139	0.0386486939337	-0.00240860197148	0.0422925081679	0.00209923680309	-0.074174131192	-0.0218846606719	0.000207187527243	-0.00808477414789	-0.0306564203472	0.0154661480296	0.0413823723661	-0.00669458205462	-0.0419079913341	-0.0345252013028	-0.068787723533	-0.0274867053319	-0.0309828742978	0.0211073195789	0.0153659875453	-0.0329178659651	-0.00773039068204	-0.063400127268	0.0250084772945	-0.0753967628926	-0.0275318391463	-0.0468147607865	0.000477066295817	-0.0537630726535	-0.0382006132848
k__Bacteria;p__Actinobacteria;c__Actinobacteria;o__Bifidobacteriales;f__Bifidobacteriaceae;g__Bifidobacterium;s__Bifidobacterium_adolescentis	-0.0352759092938	-0.0167470216653	-0.0549775624968	0.0200440793387	0.0385955118256	0.00702367878052	-0.0347237608466	0.0210522963723	-0.036862216737	0.00572335258531	-0.0370414554101	-0.0584259345813	0.0628987895197	-0.0961617721421	0.00883752895852	0.00364542053454	0.0446996676336	0.019575741223	0.0052583625299	-0.022673182613	0.0253277419535	-0.0198590827122	0.016546123196	1.0	-0.039811247517	-0.0370137341181	-0.0391653034078	0.00051248803146	-0.00729282383977	0.0132623719599	-0.0288131567994	-0.0177833992336	-0.0410002787444	0.0346209637448	0.056347642837	0.066419651597	-0.00144482129943	0.00101385354469	-0.0439558821129	0.0657659462164	0.0177467573714	-0.0142715533237	-0.0369469553804	-0.0292329009915	0.0410275887778	-0.0294655426865	-0.017099122802	0.00137330470711	-0.0493120963747	0.0550531185317	-0.0183854600896	-0.0585144883578	0.0332457691934	-0.0202679505372	0.0184469680231	-0.00533219438694	0.0406197766996	-0.00680822673506	-0.00644645441251
k__Bacteria;p__Firmicutes;c__Clostridia;o__Clostridiales;f__Oscillospiraceae;g__Oscillibacter;s__Oscillibacter_sp._KLE_1745	-0.0049557074888	0.00922238699649	-0.0265182711084	-0.033783975622	-0.0261167015074	-0.0153645977457	-0.0308749546833	0.0136550181064	-0.0436523312501	-0.00219094608096	0.0128642007371	-0.0716748913278	0.0271382765333	-0.0181027093148	0.0217094037641	0.0205367210928	-0.0539255862639	0.0472952190638	-0.0322717087669	0.0539463055053	0.0118011340101	-0.0283417697985	0.0525968273221	-0.039811247517	1.0	0.0102275455638	-0.0450743898013	-0.00642944597147	-0.0321254991564	0.0666647154651	0.00183937389825	0.0310231765092	0.0469329413929	-0.00572568029662	0.00841509043776	0.0279929722344	-0.0254952063147	-0.0361397613017	-0.038602264236	0.0429475718616	0.0157477118255	0.0463700969975	0.0410898238451	-0.0685182722726	0.00142262417958	0.043923176451	-0.0638602899684	-0.0310442019816	0.0102905121563	0.0323951424236	-0.0334047450434	-0.0338225216852	0.0162572071806	0.00355519935046	0.0284765353673	0.0589825048075	-0.0819926107457	-0.0152680832653	-0.0216894303398
k__Bacteria;p__Bacteroidetes;c__Bacteroidia;o__Bacteroidales;f__Bacteroidaceae;g__Bacteroides;s__Bacteroides_coprophilus	-0.0306849568416	-0.0161120238509	0.057199268158	-0.0422064982467	-0.0184984180174	-0.0370295675558	-0.0146768121055	-0.0293560720961	-0.0491795898006	-0.00271125419398	-0.0497560006794	-0.0545305744995	-0.0503309827185	-0.00963044272673	-0.0147087432208	0.0553233014211	-0.0280919296734	-0.0238098421606	0.0193205558349	-0.00797203388291	-1.95418099023e-05	0.00280998586212	-0.012389224716	-0.0370137341181	0.0102275455638	1.0	0.0167207777853	0.0587536628487	-0.00671857893976	-0.0522545400199	-0.0179128462993	-0.0616593811134	-0.029966317383	0.0879198768799	-0.0423881257877	0.050860462722	0.0147500838395	0.0173035307403	0.0193729755409	-0.0277047450501	-0.0256214077214	-0.0276917325908	-0.0433850281139	0.0308386142238	-0.0267369585337	0.0140645271576	0.00347511188609	-0.0107077070389	0.024735524848	-0.0459868558612	-0.0232097368479	-0.033034788522	-0.0123313914263	-0.0138360795625	-0.0875720210294	-0.0129797185464	-0.00533403409725	0.0291423075649	-0.0480431096041
k__Bacteria;p__Firmicutes;c__Clostridia;o__Clostridiales;f__Lachnospiraceae;g__Roseburia;s__Roseburia_intestinalis	0.0757538384985	-0.115488782851	0.00463937186454	0.00120648509191	0.0872617533066	0.00296719116272	0.0453403548364	0.0241583010853	-0.00739322527746	0.00620600693206	0.0479452294329	0.0102229717139	-0.0113762259923	0.0982704316535	0.00647952473114	0.0202149238437	0.0132200202874	-0.0435438117302	-0.000778565361429	0.00318175818922	-0.0463715930993	0.05755672756	-0.0104970287896	-0.0391653034078	-0.0450743898013	0.0167207777853	1.0	-0.0568383999225	0.02804199306	-0.00949314332622	-0.0386967504778	-0.068919613229	0.0065864546328	0.00036938370463	-0.0716369412392	0.0333186235527	0.0213444745498	0.00191873692163	-0.00680866093871	0.0318882940232	-0.0189174623143	0.000706619293764	-0.0520418373289	5.35333371055e-05	-0.0338683115628	0.0380769106307	-0.00121189762499	-0.0232338974157	-0.0049664974926	-0.0790366038728	0.00994222267503	0.0544205875513	-0.0176624770384	-0.0260602824525	-0.00573637013362	-0.0668772528746	-0.0155523608196	-0.0736165708864	-0.0256676509124
k__Bacteria;p__Firmicutes;c__Clostridia;o__Clostridiales;f__Lachnospiraceae;g__Roseburia;s__Roseburia_hominis	-0.032136649823	0.00121948928916	-0.0522034385662	-0.00469117389399	0.0202475570528	-0.0109600023821	-0.0187132886936	-0.0352578547252	-0.0707012128084	0.0549281409117	-0.0115065933275	0.0303210406672	-0.0400418241592	-0.0535226049254	-0.0285145930439	-0.0244731247025	-0.0406662452492	-0.0272086328182	-0.0119990259133	0.0367082730824	-0.00463312401294	-0.0358237093563	-0.0529946227707	0.00051248803146	-0.00642944597147	0.0587536628487	-0.0568383999225	1.0	0.00892590307929	0.0225298571059	-0.0153191540865	0.031649509435	-0.0275409265391	-0.00769911436783	-0.0512450327553	-0.0190013574345	0.0735889989077	-0.00456882264821	0.0565063937094	-0.000943730864959	0.00574932513017	-0.00619924305304	0.0104136816424	-0.0280076138681	0.0129271789625	0.00577113603877	0.0367458004548	-0.072818304871	0.0133748202455	0.0716324054247	-0.0173582701096	0.0513231440962	-0.0867438522565	0.0174486970111	-0.033686075012	-0.0201802366383	-0.0404925667324	0.0213251526372	0.0125960975893
k__Bacteria;p__Bacteroidetes;c__Bacteroidia;o__Bacteroidales;f__Porphyromonadaceae;g__Parabacteroides;s__Parabacteroides_johnsonii	0.0314390488753	-0.0664768424941	-0.0453524565551	0.00233804448139	-0.0487079214423	-0.00805620788495	-0.0142011080886	-0.0130391379024	0.0346313194289	-0.0495503549433	0.0119118531406	-0.00916668474998	-0.0281093659284	-0.0529761605188	0.0132706351515	-0.0530268697653	0.0135272199279	0.00814806986692	7.2534726044e-05	0.00804928354018	0.0374118757303	-0.0124683066346	-0.0176284914856	-0.00729282383977	-0.0321254991564	-0.00671857893976	0.02804199306	0.00892590307929	1.0	0.0511136606296	0.045600888832	0.0772771493785	-0.000731216853633	-0.0260252608951	0.0371514531743	0.0447311950866	0.00675362322054	-0.0634004980191	0.0355413296393	-0.00779186772197	-0.0358832964611	0.0228607024173	-0.0691328950763	-0.0237280384695	0.0151767991901	0.051701197118	0.0335907164384	-0.0598900638463	-0.00982449338902	-0.0164648934574	-0.0460114242289	-0.00969302015831	0.0526393229976	-0.0273153264021	-0.0176507496553	-0.0239277267684	0.0240668739053	0.0156645620442	-0.0334355392043
k__Bacteria;p__Actinobacteria;c__Actinobacteria;o__Bifidobacteriales;f__Bifidobacteriaceae;g__Bifidobacterium;s__Bifidobacterium_longum	-0.0239210005281	-0.0183432430843	-0.0608634482079	0.0134452940049	-0.0577976158105	-0.0459440092047	-0.0101239134606	-0.000846936555514	-0.0381765737399	0.0419195359324	-0.059005659007	-0.0597755074962	0.0225113749092	0.00801809472372	0.061509966753	0.01557261317	0.0274586693195	0.0426786841211	-0.0446542242643	-0.0340878630967	0.0443062161419	-0.0208972822704	0.0429546932139	0.0132623719599	0.0666647154651	-0.0522545400199	-0.00949314332622	0.0225298571059	0.0511136606296	1.0	0.03311591854	-0.017302601133	-0.00989037077907	-0.0022277329782	0.024921993236	0.0411508048364	0.0228291696324	0.00937601189728	-0.0428480889981	0.0933939403898	0.0231045263326	-0.0662763502733	0.00510389135426	0.00470688702923	-0.0237993667699	-0.00762977049503	-0.0199013272535	-0.00891078417381	-0.0536271377204	-0.0716289846077	1.63237045593e-05	-0.0366557423489	0.00875913040282	-0.018448620641	-0.0036142404702	0.00180887279774	-0.00605945513892	-0.0349645727972	0.0350382384185
