#taxonomy	k__Bacteria;p__Bacteroidetes;c__Bacteroidia;o__Bacteroidales;f__Bacteroidaceae;g__Bacteroides;s__Bacteroides_vulgatus	k__Bacteria;p__Bacteroidetes;c__Bacteroidia;o__Bacteroidales;f__Bacteroidaceae;g__Bacteroides;s__Bacteroides_uniformis	k__Bacteria;p__Bacteroidetes;c__Bacteroidia;o__Bacteroidales;f__Rikenellaceae;g__Alistipes;s__Alistipes_putredinis	k__Bacteria;p__Bacteroidetes;c__Bacteroidia;o__Bacteroidales;f__Prevotellaceae;g__Prevotella;s__Prevotella_copri	k__Bacteria;p__Bacteroidetes;c__Bacteroidia;o__Bacteroidales;f__Bacteroidaceae;g__Bacteroides;s__Bacteroides_stercoris	k__Bacteria;p__Bacteroidetes;c__Bacteroidia;o__Bacteroidales;f__Bacteroidaceae;g__Bacteroides;s__Bacteroides_ovatus	k__Bacteria;p__Bacteroidetes;c__Bacteroidia;o__Bacteroidales;f__Rikenellaceae;g__Alistipes;s__Alistipes_shahii	k__Bacteria;p__Firmicutes;c__Clostridia;o__Clostridiales;f__Ruminococcaceae;g__Faecalibacterium;s__Faecalibacterium_prausnitzii	k__Bacteria;p__Bacteroidetes;c__Bacteroidia;o__Bacteroidales;f__Rikenellaceae;g__Alistipes;s__Alistipes_finegoldii	k__Bacteria;p__Bacteroidetes;c__Bacteroidia;o__Bacteroidales;f__Porphyromonadaceae;g__Parabacteroides;s__Parabacteroides_distasonis	k__Bacteria;p__Bacteroidetes;c__Bacteroidia;o__Bacteroidales;f__Bacteroidaceae;g__Bacteroides;s__Bacteroides_thetaiotaomicron	k__Bacteria;p__Bacteroidetes;c__Bacteroidia;o__Bacteroidales;f__Bacteroidaceae;g__Bacteroides;s__Bacteroides_coprocola	k__Bacteria;p__Bacteroidetes;c__Bacteroidia;o__Bacteroidales;f__Bacteroidaceae;g__Bacteroides;s__Bacteroides_cellulosilyticus	k__Bacteria;p__Bacteroidetes;c__Bacteroidia;o__Bacteroidales;f__Rikenellaceae;g__Alistipes;s__Alistipes_obesi	k__Bacteria;p__Firmicutes;c__Clostridia;o__Clostridiales;f__Lachnospiraceae;g__;s__[Eubacterium]_rectale	k__Bacteria;p__Bacteroidetes;c__Bacteroidia;o__Bacteroidales;f__Bacteroidaceae;g__Bacteroides;s__Bacteroides_plebeius	k__Bacteria;p__Bacteroidetes;c__Bacteroidia;o__Bacteroidales;f__Bacteroidaceae;g__Bacteroides;s__Bacteroides_fragilis	k__Bacteria;p__Proteobacteria;c__Betaproteobacteria;o__Burkholderiales;f__Sutterellaceae;g__Sutterella;s__Sutterella_wadsworthensis	k__Bacteria;p__Bacteroidetes;c__Bacteroidia;o__Bacteroidales;f__Porphyromonadaceae;g__Barnesiella;s__Barnesiella_intestinihominis	k__Bacteria;p__Bacteroidetes;c__Bacteroidia;o__Bacteroidales;f__Odoribacteraceae;g__Odoribacter;s__Odoribacter_splanchnicus	k__Bacteria;p__Bacteroidetes;c__Bacteroidia;o__Bacteroidales;f__Bacteroidaceae;g__Bacteroides;s__Bacteroides_salyersiae	k__Bacteria;p__Firmicutes;c__Clostridia;o__Clostridiales;f__Ruminococcaceae;g__Ruminiclostridium;s__[Eubacterium]_siraeum	k__Bacteria;p__Proteobacteria;c__Betaproteobacteria;o__Burkholderiales;f__Sutterellaceae;g__Parasutterella;s__Parasutterella_excrementihominis	k__Bacteria;p__Actinobacteria;c__Actinobacteria;o__Bifidobacteriales;f__Bifidobacteriaceae;g__Bifidobacterium;s__Bifidobacterium_adolescentis	k__Bacteria;p__Firmicutes;c__Clostridia;o__Clostridiales;f__Oscillospiraceae;g__Oscillibacter;s__Oscillibacter_sp._KLE_1745	k__Bacteria;p__Bacteroidetes;c__Bacteroidia;o__Bacteroidales;f__Bacteroidaceae;g__Bacteroides;s__Bacteroides_coprophilus	k__Bacteria;p__Firmicutes;c__Clostridia;o__Clostridiales;f__Lachnospiraceae;g__Roseburia;s__Roseburia_intestinalis	k__Bacteria;p__Firmicutes;c__Clostridia;o__Clostridiales;f__Lachnospiraceae;g__Roseburia;s__Roseburia_hominis	k__Bacteria;p__Bacteroidetes;c__Bacteroidia;o__Bacteroidales;f__Porphyromonadaceae;g__Parabacteroides;s__Parabacteroides_johnsonii	k__Bacteria;p__Actinobacteria;c__Actinobacteria;o__Bifidobacteriales;f__Bifidobacteriaceae;g__Bifidobacterium;s__Bifidobacterium_longum	k__Bacteria;p__Firmicutes;c__Clostridia;o__Clostridiales;f__;g__Flavonifractor;s__Flavonifractor_plautii	k__Bacteria;p__Firmicutes;c__Clostridia;o__Clostridiales;f__Clostridiaceae;g__Clostridium;s__Clostridium_phoceensis	k__Bacteria;p__Verrucomicrobia;c__Verrucomicrobiae;o__Verrucomicrobiales;f__Akkermansiaceae;g__Akkermansia;s__Akkermansia_muciniphila	k__Bacteria;p__Bacteroidetes;c__Bacteroidia;o__Bacteroidales;f__Prevotellaceae;g__Paraprevotella;s__Paraprevotella_xylaniphila	k__Bacteria;p__Firmicutes;c__Clostridia;o__Clostridiales;f__Ruminococcaceae;g__Ruminococcus;s__Ruminococcus_callidus	k__Bacteria;p__Bacteroidetes;c__Bacteroidia;o__Bacteroidales;f__Rikenellaceae;g__Alistipes;s__Alistipes_senegalensis	k__Bacteria;p__Firmicutes;c__Clostridia;o__Clostridiales;f__Lachnospiraceae;g__Blautia;s__Blautia_sp._KLE_1732	k__Bacteria;p__Bacteroidetes;c__Bacteroidia;o__Bacteroidales;f__Bacteroidaceae;g__Bacteroides;s__Bacteroides_oleiciplenus	k__Bacteria;p__Firmicutes;c__Clostridia;o__Clostridiales;f__Ruminococcaceae;g__Ruminococcus;s__Ruminococcus_bicirculans	k__Bacteria;p__Bacteroidetes;c__Bacteroidia;o__Bacteroidales;f__Bacteroidaceae;g__Bacteroides;s__Bacteroides_fluxus	k__Bacteria;p__Bacteroidetes;c__Bacteroidia;o__Bacteroidales;f__Prevotellaceae;g__Prevotella;s__Prevotella_stercorea	k__Bacteria;p__Firmicutes;c__Clostridia;o__Clostridiales;f__Lachnospiraceae;g__Dorea;s__Dorea_longicatena	k__Bacteria;p__Firmicutes;c__Clostridia;o__Clostridiales;f__Eubacteriaceae;g__Eubacterium;s__[Eubacterium]_eligens	k__Bacteria;p__Firmicutes;c__Clostridia;o__Clostridiales;f__Ruminococcaceae;g__;s__Ruminococcaceae_bacterium_D16	k__Bacteria;p__Firmicutes;c__Clostridia;o__Clostridiales;f__Lachnospiraceae;g__Coprococcus;s__Coprococcus_comes	k__Bacteria;p__Proteobacteria;c__Gammaproteobacteria;o__Enterobacterales;f__Enterobacteriaceae;g__Escherichia;s__Escherichia_coli	k__Bacteria;p__Firmicutes;c__Clostridia;o__Clostridiales;f__Ruminococcaceae;g__Anaerotruncus;s__Anaerotruncus_colihominis	k__Bacteria;p__Firmicutes;c__Clostridia;o__Clostridiales;f__Lachnospiraceae;g__Blautia;s__Blautia_obeum	k__Bacteria;p__Bacteroidetes;c__Bacteroidia;o__Bacteroidales;f__Odoribacteraceae;g__Odoribacter;s__Odoribacter_laneus	k__Bacteria;p__Firmicutes;c__Clostridia;o__Clostridiales;f__Ruminococcaceae;g__Ruminiclostridium;s__[Clostridium]_leptum	k__Bacteria;p__Bacteroidetes;c__Bacteroidia;o__Bacteroidales;f__Porphyromonadaceae;g__Parabacteroides;s__Parabacteroides_goldsteinii	k__Bacteria;p__Firmicutes;c__Clostridia;o__Clostridiales;f__Lachnospiraceae;g__Anaerostipes;s__Anaerostipes_hadrus	k__Bacteria;p__Firmicutes;c__Clostridia;o__Clostridiales;f__Ruminococcaceae;g__Ruminococcus;s__Ruminococcus_lactaris	k__Bacteria;p__Firmicutes;c__Clostridia;o__Clostridiales;f__Clostridiaceae;g__Clostridium;s__Clostridium_sp._L2-50	k__Bacteria;p__Firmicutes;c__Clostridia;o__Clostridiales;f__Clostridiaceae;g__Clostridium;s__Clostridium_sp._M62/1	k__Bacteria;p__Firmicutes;c__Clostridia;o__Clostridiales;f__;g__Intestinimonas;s__Intestinimonas_butyriciproducens	k__Bacteria;p__Actinobacteria;c__Actinobacteria;o__Bifidobacteriales;f__Bifidobacteriaceae;g__Bifidobacterium;s__Bifidobacterium_bifidum	k__Bacteria;p__Firmicutes;c__Negativicutes;o__Veillonellales;f__Veillonellaceae;g__Dialister;s__Dialister_invisus	k__Bacteria;p__Bacteroidetes;c__Bacteroidia;o__Bacteroidales;f__Bacteroidaceae;g__Bacteroides;s__Bacteroides_salanitronis
k__Bacteria;p__Bacteroidetes;c__Bacteroidia;o__Bacteroidales;f__Bacteroidaceae;g__Bacteroides;s__Bacteroides_vulgatus	1.0	-0.0696364867537	0.0196366075215	-0.0213472120318	0.0200698996057	0.0184589303397	0.0192193566204	0.0580012085818	0.0243501407835	0.014212695779	0.0235505650953	-0.0486325594144	-0.0214142259362	0.00651477306014	-0.00553959404968	-0.0251832036352	-0.00309229235544	0.0225039534424	-0.0329910334162	-0.0633779581372	0.0121311907474	-0.00414751680407	-0.0128920149998	-0.00197852497172	0.0414299818305	-0.0283480840026	-0.0792449797263	0.0179019990756	-0.0600600354827	-0.013147185869	-0.00459149848509	-0.0452967333725	0.0206647867542	-0.0221583038467	0.0122090946323	0.00484319531035	0.0423744531426	-0.040253705737	-0.00850761299532	-0.00682488946632	-0.0185092283156	0.00771641582818	-0.0331946293478	-0.0107848723695	-0.0909485599074	0.00330644906401	0.00232533831245	0.0017297458586	0.0321273134558	-0.0297408905959	-0.0254325388574	-0.10192302374	0.051685164053	-0.0479602476134	-0.000173114445799	-0.0111594613388	0.00424335953108	-0.00921465018503	-0.0101002494235
k__Bacteria;p__Bacteroidetes;c__Bacteroidia;o__Bacteroidales;f__Bacteroidaceae;g__Bacteroides;s__Bacteroides_uniformis	-0.0696364867537	1.0	0.0575283045067	-0.0403698677504	-0.00993574515904	0.0362723534893	0.0144828324256	-0.0108167293981	-0.0589109296659	-0.0747694642182	-0.0105721366399	-0.0105658318098	-0.0168943100501	-0.0094566626792	-0.00171480360568	-0.0380376856375	0.0268839855582	0.00563632062714	-0.0383721340862	0.0240273150329	-0.0781153061921	0.0211401925701	-0.0253317300655	-0.00152088882891	0.00462782575869	-0.0578460210897	0.0884036772809	-0.0229558781217	0.047780491993	-0.0238579053539	0.0155030610382	-0.0337309078608	0.0573023119635	-0.016919011714	0.0478783888088	-0.0649671936722	-0.00308757793592	-0.0340467290975	0.0019855845881	-0.0118211612721	-0.0369346879833	-0.0147705394053	0.0333119080097	0.00619234274971	0.0084249350756	-0.0157853925159	0.0299901680775	0.0298071627842	-0.0483140361541	0.0145684206309	0.00124852027109	-0.0223795126704	0.01054817774	-0.0245073491541	-0.0910805008981	-0.0419035479247	-0.00530837250958	-0.0134004739568	-0.0303323597048
k__Bacteria;p__Bacteroidetes;c__Bacteroidia;o__Bacteroidales;f__Rikenellaceae;g__Alistipes;s__Alistipes_putredinis	0.0196366075215	0.0575283045067	1.0	0.0123958781353	0.0150844536351	-0.0368317465065	-0.0263905493035	0.0037248932617	-0.0368034245281	-0.00183874902977	-0.0221541585628	-0.0748949976967	0.000263304110196	-0.0307563380007	0.108333622784	-0.0335469214981	0.00229456638827	-0.0757529989985	-0.00546556305193	-0.0482641420968	-0.0279360385514	0.032147528575	-0.0333601794926	-0.0227968989106	-0.0435962734748	-0.0209091515978	0.00031179934854	0.0667193649266	-0.0194239047559	-0.0378776098541	-0.0160948416839	0.0746499106166	-0.0364817325792	-0.0269864720114	-0.0356011471078	-0.00994231618831	0.0295083148542	0.0285638831869	-0.0427895635851	-0.00696175507463	-0.0211941519459	-0.0343866004114	-0.0450913626283	0.0130550023284	-0.00329694019063	0.0375966130942	-0.0649451773006	-0.00679706884894	-0.0231489878329	-0.00751413992555	-0.0310344148742	-0.0332429709928	0.046597499054	0.030638321296	-0.0222328432097	-0.0134408493836	0.019103996368	0.0270610642199	-0.01609220816
k__Bacteria;p__Bacteroidetes;c__Bacteroidia;o__Bacteroidales;f__Prevotellaceae;g__Prevotella;s__Prevotella_copri	-0.0213472120318	-0.0403698677504	0.0123958781353	1.0	0.00698395591784	0.0445475852008	-0.0234459674406	-0.0640297124163	0.00814917720712	-0.0297853377611	0.0260362205138	-0.0125800440334	-0.00856366483609	-0.0149349357169	-0.0228442840792	-0.0261318632044	0.0102507772242	0.0165167708305	-0.0290955858371	-0.0696183884554	-0.0160669490506	0.0420657408005	-0.0457459825117	0.00293132812235	-0.0300417001753	0.0422460202374	-0.0492706058662	-0.0496262102606	-0.0380269640259	-0.0329672027225	-0.0233396383868	-0.0033772493464	0.0208304703804	-0.000684080470162	-0.0124618605092	-0.0183340159398	-0.036016573459	0.025713253482	-0.0404061899071	-0.00800230852494	-0.0564631778389	0.0300368070172	0.0817693085185	-0.03344520848	0.00185491048043	0.0496561980697	-0.0227844249252	-0.0170946407373	0.0032585547884	0.0333435238906	-0.0350252243634	0.0172482149632	-0.0141213531479	-0.0548079561724	0.064620144565	0.0068946680893	-0.0377753397644	0.0225521057449	0.0227058223938
k__Bacteria;p__Bacteroidetes;c__Bacteroidia;o__Bacteroidales;f__Bacteroidaceae;g__Bacteroides;s__Bacteroides_stercoris	0.0200698996057	-0.00993574515904	0.0150844536351	0.00698395591784	1.0	-0.0324762719645	-0.0427603372067	-0.0134083593288	-0.0542373279967	0.0035914576903	-0.0210836672133	-0.0173802431499	0.0132668374025	-0.0309478809315	-0.00327576231381	-0.0151641403037	0.0205483232173	-0.0423074353815	-0.0573576123259	-0.0387939640722	-0.0273997153418	0.0426875513628	-0.0223560024163	0.00124048530285	-0.0900523707084	-0.0677377423565	0.027491165174	-0.0726447885018	0.0257823053461	0.0367945438674	0.091584873612	-0.0393567547148	-0.0402646662531	-0.0479497572631	0.0321536084858	-0.0522587483531	-0.0222953435687	-0.00551438432622	-0.0157455307418	0.0252227828225	-0.040107001997	-0.032398078639	-0.00881925839654	-0.0282462087936	-0.00480646515613	-0.029291175011	0.000547121685964	-0.0545262009625	-0.0248019914517	0.0224483612551	0.0364072120565	-0.0335177453742	0.000670211389146	0.0352190480481	0.0336266872472	0.0528852033795	0.0484582175141	-0.0697404006787	0.0174780188824
k__Bacteria;p__Bacteroidetes;c__Bacteroidia;o__Bacteroidales;f__Bacteroidaceae;g__Bacteroides;s__Bacteroides_ovatus	0.0184589303397	0.0362723534893	-0.0368317465065	0.0445475852008	-0.0324762719645	1.0	-0.00320814773184	0.0141401912021	-0.0366636410801	-0.0212469411919	-0.0390683839432	-0.0438727910397	-0.0493261350264	-0.0259781965372	0.0319544374107	-0.0467237139453	0.0052590693403	0.00254137709183	-0.00991556967191	0.00582203797222	0.00315570856241	-0.00618985528405	-0.0180571678354	-0.0103834290794	0.014986035943	-0.0562794849503	0.0040005714154	0.0296120830049	-0.0512915137505	-0.05880677551	-0.0180052148454	-0.00698990229284	-0.0588240511873	0.0158954869574	-0.0228178054055	0.0108631157538	0.0472074667283	-0.0311720641407	-0.00243014189336	-0.00759677536044	0.0712044765309	0.0412798397447	0.0436709841572	0.0418342995048	0.0124168467549	0.102916702186	0.011605141591	-0.0516604567411	0.0180531937634	-0.00953039629208	-0.00670266558337	0.0159987750465	-0.0313771767635	-0.0786480987405	-0.0611131138255	-0.043966233604	0.0291708776836	-0.00584429118946	-0.0144752353105
k__Bacteria;p__Bacteroidetes;c__Bacteroidia;o__Bacteroidales;f__Rikenellaceae;g__Alistipes;s__Alistipes_shahii	0.0192193566204	0.0144828324256	-0.0263905493035	-0.0234459674406	-0.0427603372067	-0.00320814773184	1.0	-0.0991073289703	0.008964390082	-0.0641755854616	0.00440163304136	-0.061727604592	-0.012496794527	-0.104363761721	-0.00698827051459	-0.00731897537258	-0.0308039095241	-0.0137672075808	0.00766457948426	-0.0377993719914	-0.0472092907449	-0.037059530231	-0.00828707288799	-0.0973034663321	0.0666106693539	-0.00469892030211	0.04366324139	-0.00931292594478	-0.0134297748959	-0.0219877807113	-0.00929909559406	-0.00706329126144	0.0394719133242	-0.0153552771377	-0.0405138913763	-0.0437198753902	0.0241603856352	-0.00158509723446	-0.0508315159799	0.0214411733873	0.0432705540761	0.033092648277	-0.0111704863776	-0.0836843167841	0.00053081109454	0.0141429129578	-0.0514965867351	0.0352594196578	0.0408754229745	0.00597351314398	0.0130353208364	0.0438568463276	-0.000786298224293	0.00353284524291	0.0297721135605	0.00821080903041	-0.06407407617	0.00127309977935	0.0294237379996
k__Bacteria;p__Firmicutes;c__Clostridia;o__Clostridiales;f__Ruminococcaceae;g__Faecalibacterium;s__Faecalibacterium_prausnitzii	0.0580012085818	-0.0108167293981	0.0037248932617	-0.0640297124163	-0.0134083593288	0.0141401912021	-0.0991073289703	1.0	0.0626490986573	-0.0265796393258	0.0508547377448	0.0517296032874	-0.0249477404881	0.008191899596	-0.0504515736692	0.0271206102408	-0.0517802786191	-0.00706693099185	0.00326601445737	0.00231904231922	0.0119065454411	0.00415684183892	-0.0276738736146	-0.0418085651485	-0.0187235033476	0.0222950789983	0.0132781665761	-0.00225889269698	-0.027080304038	0.0392079426627	-0.0337881098582	0.0275743765528	0.0450228206098	0.0201174440354	-0.036871030863	-0.0338369828125	-0.00284627186931	-0.0341477493495	0.056344482095	0.0226050213385	0.012266147439	-0.0572753578188	-0.0313179794525	-0.00756976979531	-0.042237915198	-0.0730844681268	0.057132655646	-0.0418637361484	-0.0208853982014	-0.0107690293227	0.0446402955464	0.013996840601	-0.0119865485906	0.0132270788962	-0.0218249779255	-0.0494642479847	0.0817728431039	-0.0801427835182	0.0390656900264
k__Bacteria;p__Bacteroidetes;c__Bacteroidia;o__Bacteroidales;f__Rikenellaceae;g__Alistipes;s__Alistipes_finegoldii	0.0243501407835	-0.0589109296659	-0.0368034245281	0.00814917720712	-0.0542373279967	-0.0366636410801	0.008964390082	0.0626490986573	1.0	-0.0181862979807	-0.00167141345168	0.0131045300473	-0.0073286395799	0.018099363565	0.0357104915408	0.0336951263826	-0.0382047655473	-0.0301111507933	-0.0321787157957	-0.0159503833333	-0.0106708954162	0.00282402182642	0.00508744607613	0.074338463827	-0.0152728383412	-0.0831741415716	0.0255607854042	-0.0435659734471	-0.0755681194472	-0.00514454595341	-0.0711432900704	-0.0438466859983	-0.0464018158041	-0.0144264260145	0.00969352474282	-0.044665199321	0.00135160607308	-0.0213018806676	0.0704431218994	0.036897487175	-0.0199309999596	0.00198986637452	0.0367252541736	-0.0768784036782	0.0159096752608	0.0275020228981	-0.0401253924436	0.0422443089528	-0.000115524303614	0.000348916037658	0.0308196542182	-0.0300699049623	-0.0633013565629	-0.00538039786917	0.018371172368	-0.0349624211425	0.0172953330036	0.0205095359843	0.0198710535333
k__Bacteria;p__Bacteroidetes;c__Bacteroidia;o__Bacteroidales;f__Porphyromonadaceae;g__Parabacteroides;s__Parabacteroides_distasonis	0.014212695779	-0.0747694642182	-0.00183874902977	-0.0297853377611	0.0035914576903	-0.0212469411919	-0.0641755854616	-0.0265796393258	-0.0181862979807	1.0	-0.0177923104798	0.0345270170572	0.011932167017	-0.0131142871611	0.0139920266106	-0.059154804543	-0.0194692366358	-0.0355530917711	0.0394246228042	-0.00514676957408	0.0448258529022	-0.0153306771422	0.0364899982246	0.0064719345041	-0.0138680022039	-0.053341818539	-0.0291223472262	0.0096886439427	0.0519389347797	0.0355080554718	-0.00999916514341	0.0244931344636	-0.0503051190962	0.0133795500337	-0.0105317924094	-0.0781622552525	0.0126286215658	-0.0597776640907	-0.00525272015569	-0.00480766139695	-0.00316627358877	-0.00227867967299	-0.0239137814938	-0.0063969574917	0.00186787711986	-0.0204003596651	0.000201822496235	0.0466489164923	0.00729979740795	0.00552161482364	0.0631449510781	0.00237554123093	-0.00529581486554	-0.00459117710286	0.00827342337248	-0.00754435669168	-0.0990793420833	-0.0140568103987	0.00937082105442
k__Bacteria;p__Bacteroidetes;c__Bacteroidia;o__Bacteroidales;f__Bacteroidaceae;g__Bacteroides;s__Bacteroides_thetaiotaomicron	0.0235505650953	-0.0105721366399	-0.0221541585628	0.0260362205138	-0.0210836672133	-0.0390683839432	0.00440163304136	0.0508547377448	-0.00167141345168	-0.0177923104798	1.0	0.0159292428366	-0.0281245485812	0.038952961593	-0.0489888695353	0.0417564293872	-0.0533530700614	0.00662135969429	-0.0178844386002	0.00627932603409	0.00617293066848	0.0148557775548	0.00878072780761	-0.0352444525638	0.0527781339127	0.00456137726948	-0.0370694150416	0.0106481323016	-0.0714535485858	-0.0219302217124	-0.0180690903857	-0.02237912298	0.0398754944142	0.026792385131	-0.0233100187537	0.0120391495498	-0.0642489423793	0.0433990948104	0.00136419692589	-0.0243838599671	0.003839913586	-0.0450962591144	0.0180355474058	-0.00420773642393	-0.0533645933854	-0.000712399535209	0.055364672078	-0.0756756825477	-0.0342529342885	0.00857359819103	-0.020559451269	0.0590304940035	-0.0121108037574	0.0107834047127	1.91310908763e-05	-0.0964550964382	0.0510350791387	0.00388742096991	-0.0424822777148
k__Bacteria;p__Bacteroidetes;c__Bacteroidia;o__Bacteroidales;f__Bacteroidaceae;g__Bacteroides;s__Bacteroides_coprocola	-0.0486325594144	-0.0105658318098	-0.0748949976967	-0.0125800440334	-0.0173802431499	-0.0438727910397	-0.061727604592	0.0517296032874	0.0131045300473	0.0345270170572	0.0159292428366	1.0	0.00126914954251	0.0314544523424	-0.0556931818694	-0.0112973920925	-0.0143741230117	-0.0106884872064	-0.00140458194828	0.0106601393566	0.00128986932931	-0.0496336577156	-0.0099428727396	0.0438419134985	-0.0192260712092	0.00320494330309	-0.0293560124356	-0.0333789448434	-0.0539333353779	0.0215014103594	-0.0631391192377	-0.0220951111314	-0.00829721188403	0.010607470724	0.0730300775789	-0.0310266410145	-0.00458018928308	-0.0178817194498	0.00691346092796	-0.0544502853869	-0.0215447929023	-0.0164809349766	-0.00662881865424	-0.00842288531231	0.0555680984775	-0.00376295302101	0.0050973733747	-0.00652409533814	0.0500459225089	-0.0300280394064	-0.0268853790803	0.00088402730031	0.0313415967676	-0.0195957630427	-0.0129150082562	0.037720634146	0.0310634120111	-0.0061666076962	-0.0362538452916
k__Bacteria;p__Bacteroidetes;c__Bacteroidia;o__Bacteroidales;f__Bacteroidaceae;g__Bacteroides;s__Bacteroides_cellulosilyticus	-0.0214142259362	-0.0168943100501	0.000263304110196	-0.00856366483609	0.0132668374025	-0.0493261350264	-0.012496794527	-0.0249477404881	-0.0073286395799	0.011932167017	-0.0281245485812	0.00126914954251	1.0	0.0312702370732	-0.0320203696077	-0.0154429664532	-0.031555528001	-0.0256786355741	0.0401390372428	-0.0156035928351	0.0043510645887	-0.0365343247289	-0.0097017990699	0.014457920276	-0.0273769439469	-0.017027860377	-0.00801813666356	-0.0546780683994	-0.084001507487	-0.0135121343916	-0.0413662596067	-0.00988282218848	-0.043466764247	0.00171501941858	0.00947567533355	-0.0130045369361	-0.00456195143578	0.0330281679279	0.00256497335761	0.034601769293	0.00958744502504	-0.0192164494277	0.0139522819081	0.0217119180657	-0.0669511872331	0.0212339534487	0.0480654302999	0.0207034917614	0.0197132133672	-0.0339712268237	-0.000256204618039	0.00847261810363	0.0153817496632	-0.0235129699839	0.0128386713261	0.0217443451116	0.0403150675847	0.00305090597282	-0.00579628976619
k__Bacteria;p__Bacteroidetes;c__Bacteroidia;o__Bacteroidales;f__Rikenellaceae;g__Alistipes;s__Alistipes_obesi	0.00651477306014	-0.0094566626792	-0.0307563380007	-0.0149349357169	-0.0309478809315	-0.0259781965372	-0.104363761721	0.008191899596	0.018099363565	-0.0131142871611	0.038952961593	0.0314544523424	0.0312702370732	1.0	0.00350357850476	0.0423831947684	-0.00181321810187	-0.0128877565474	-0.0631388880959	0.0236165555858	-0.0309664773975	0.000284588192345	0.0597892371576	-0.015188780723	-0.0207725350004	0.017243413215	-0.0363235446272	0.0230647956766	0.028431023674	-0.0247561285273	-0.0381217907026	-0.029816404912	-0.0369010518945	-0.0199980839662	-0.0418605268944	-0.0289939004448	-0.0102585350743	-0.011244098358	-0.0358524734034	-0.0122346522787	-0.0166130699124	-0.022961640984	-0.0267295350363	-0.00104121851275	-0.0988675645751	0.0101738131316	-0.0521079851466	0.0503037483236	-0.0475632549214	-0.0287024587052	-0.02299432757	0.00275013206665	0.0157423803868	0.0247230852255	0.00636766056645	0.00095275651425	-0.0173574472044	0.0227997405529	-0.0171697513244
k__Bacteria;p__Firmicutes;c__Clostridia;o__Clostridiales;f__Lachnospiraceae;g__;s__[Eubacterium]_rectale	-0.00553959404968	-0.00171480360568	0.108333622784	-0.0228442840792	-0.00327576231381	0.0319544374107	-0.00698827051459	-0.0504515736692	0.0357104915408	0.0139920266106	-0.0489888695353	-0.0556931818694	-0.0320203696077	0.00350357850476	1.0	0.0543771992023	-0.0358901731467	-0.0400385321045	0.0186586251093	-0.028943359227	-0.00990354276693	-0.061443123387	0.0580825192739	0.0683263067467	-0.0525914800517	0.00159250990948	-0.029224953382	-0.00542907811167	0.0773010408337	-0.0737661062768	-0.0142465570265	0.0206515059435	0.0765578241708	-0.0258564965648	-0.0349984092376	-0.0547837281432	-0.0640093935644	-0.0340171182962	-0.0138589439053	0.00328144706997	-0.0215456855163	0.024696251796	0.0490658565156	-0.00128047625439	0.0168980150357	0.0741098505143	-0.0412688120349	0.0274435435167	-0.0673431537098	0.00961163843085	-0.0340931871467	0.0203548427731	0.00700247599091	-0.0253984687424	-0.0678365797589	0.0374051618938	0.00504314729963	0.0172644750857	0.039997959833
k__Bacteria;p__Bacteroidetes;c__Bacteroidia;o__Bacteroidales;f__Bacteroidaceae;g__Bacteroides;s__Bacteroides_plebeius	-0.0251832036352	-0.0380376856375	-0.0335469214981	-0.0261318632044	-0.0151641403037	-0.0467237139453	-0.00731897537258	0.0271206102408	0.0336951263826	-0.059154804543	0.0417564293872	-0.0112973920925	-0.0154429664532	0.0423831947684	0.0543771992023	1.0	-0.0123329802249	0.0399806856108	-0.027681507019	-0.00347145406422	0.00113875369545	-0.0499713451731	0.0102576227303	0.0102469817948	-0.0602045730364	0.0132802852303	-0.0254513012547	-0.0054071397264	-0.00312566981576	-0.0451842766643	-0.0129011117561	0.0167112892048	-0.0113985899377	-0.0136117672815	-0.0368103267125	0.0218126771825	0.0094954595727	0.0169016289089	0.0775385277309	-0.00843996377191	-0.0537018333643	0.0188872252787	0.0517503889481	-0.0688934797163	-0.0272065969683	-0.0669885623964	0.00926234536069	0.0480947689842	-0.00444533910149	-0.0240948541548	-0.0574689096964	0.00786036742718	0.047927428036	-0.0444928583605	-0.0479091373063	-0.0283293639596	-0.0513081030428	-0.012018798392	0.0437893570367
k__Bacteria;p__Bacteroidetes;c__Bacteroidia;o__Bacteroidales;f__Bacteroidaceae;g__Bacteroides;s__Bacteroides_fragilis	-0.00309229235544	0.0268839855582	0.00229456638827	0.0102507772242	0.0205483232173	0.0052590693403	-0.0308039095241	-0.0517802786191	-0.0382047655473	-0.0194692366358	-0.0533530700614	-0.0143741230117	-0.031555528001	-0.00181321810187	-0.0358901731467	-0.0123329802249	1.0	-0.0303110798672	-0.0395267701843	-0.0156518729812	-0.00627409433619	0.00991628774636	0.0197330513136	-0.00168057528389	-0.0131742398682	-0.0246111867662	0.0328889165495	-0.0221901469248	-0.0086087734156	-0.00409410317105	0.00804157330806	-0.00296039290471	0.0053612498103	-0.064128927034	0.00932575019235	-0.00252840356964	-0.0521538013927	0.0548497672526	-0.00383436893831	0.0286557574486	-0.0135900146615	0.00394173892758	-0.0215334772035	-0.0238728115391	-0.0172021451486	-0.0388561257505	-0.0604451981646	0.0171127404824	-0.0377654507872	-0.0290407858102	0.0433687649194	-0.0303305066348	-0.0157996532472	-0.0428237460989	0.0201711031651	-0.000246497839912	0.0540828817123	-0.0408664670407	0.0484323441011
k__Bacteria;p__Proteobacteria;c__Betaproteobacteria;o__Burkholderiales;f__Sutterellaceae;g__Sutterella;s__Sutterella_wadsworthensis	0.0225039534424	0.00563632062714	-0.0757529989985	0.0165167708305	-0.0423074353815	0.00254137709183	-0.0137672075808	-0.00706693099185	-0.0301111507933	-0.0355530917711	0.00662135969429	-0.0106884872064	-0.0256786355741	-0.0128877565474	-0.0400385321045	0.0399806856108	-0.0303110798672	1.0	0.0153765337306	-0.0384776175571	0.046112896121	0.00290074728917	-0.0124118151703	-0.00317266873182	0.052695129845	0.0297121061287	-0.103236764407	0.0327313098458	-0.045102547955	0.045764247663	-0.0348663025412	-0.0526571329807	-0.0076836545111	-0.00220191389375	-0.041604097133	-0.0100584587575	-0.0200988725308	-0.0510958206128	-0.00618587611141	-0.0527512438108	0.0102027499547	0.0567348091984	0.0485682157079	0.0340849985538	0.00672130183119	-0.00372436559066	-0.0278600199359	-0.0141000394313	-0.0372494854269	0.0131233064269	0.0292109219608	-0.0340477936725	0.0206212818162	0.0313742935142	0.0202296006238	0.0127623138416	-0.0197511855586	-0.049251115885	0.0346314833901
k__Bacteria;p__Bacteroidetes;c__Bacteroidia;o__Bacteroidales;f__Porphyromonadaceae;g__Barnesiella;s__Barnesiella_intestinihominis	-0.0329910334162	-0.0383721340862	-0.00546556305193	-0.0290955858371	-0.0573576123259	-0.00991556967191	0.00766457948426	0.00326601445737	-0.0321787157957	0.0394246228042	-0.0178844386002	-0.00140458194828	0.0401390372428	-0.0631388880959	0.0186586251093	-0.027681507019	-0.0395267701843	0.0153765337306	1.0	-0.0045580085544	-0.0449939694912	-0.0469287607855	-0.0600772045728	-0.0208936358713	0.00214488625385	0.0274383597632	0.0208420573671	-0.00864323407707	0.0304223955688	-0.0535377829043	0.000501230099728	-0.0273288357846	0.0261421260917	-0.0278468339571	-0.00627385356963	-0.00391573459422	0.0145973558185	-0.0188546341273	0.0197765137974	0.0239310394309	-0.0345311645518	-0.0108271758118	-0.0435471904959	-0.0135635812365	0.00185359996402	-0.0287481093753	-0.0344146972179	-0.0485150326254	0.0442772317626	0.0111581676452	-0.0634225889568	-0.0112550650209	0.0233236805553	-0.002531019727	0.0338648271226	0.0531238487072	0.0404678502578	0.0164058094489	-0.0305749239558
k__Bacteria;p__Bacteroidetes;c__Bacteroidia;o__Bacteroidales;f__Odoribacteraceae;g__Odoribacter;s__Odoribacter_splanchnicus	-0.0633779581372	0.0240273150329	-0.0482641420968	-0.0696183884554	-0.0387939640722	0.00582203797222	-0.0377993719914	0.00231904231922	-0.0159503833333	-0.00514676957408	0.00627932603409	0.0106601393566	-0.0156035928351	0.0236165555858	-0.028943359227	-0.00347145406422	-0.0156518729812	-0.0384776175571	-0.0045580085544	1.0	-0.0144323361614	-0.0226190080989	-0.0127466250906	0.0182830338068	-0.0164016867479	-0.0549861124227	-0.0453641963223	0.0224188408834	0.0318702238748	0.0165376348286	0.0466788498947	-0.0109875778995	-0.0336555545745	-0.0413229126028	0.0106136220003	-0.0161013541269	0.0290914399141	0.0348574803523	0.00958055342487	0.0315552676756	0.0355844636341	-0.011118211578	-0.0220988622548	-0.0648495272853	-0.0273552185174	-0.0457915083568	-0.0142657205236	-0.0396572900207	0.00113764005051	0.0592600353091	-0.0090009031567	-0.0230747560827	0.0442172256118	-0.0682612050398	0.00480948542714	0.00781497499554	-0.00646320789931	-0.018238613543	0.00682851743676
k__Bacteria;p__Bacteroidetes;c__Bacteroidia;o__Bacteroidales;f__Bacteroidaceae;g__Bacteroides;s__Bacteroides_salyersiae	0.0121311907474	-0.0781153061921	-0.0279360385514	-0.0160669490506	-0.0273997153418	0.00315570856241	-0.0472092907449	0.0119065454411	-0.0106708954162	0.0448258529022	0.00617293066848	0.00128986932931	0.0043510645887	-0.0309664773975	-0.00990354276693	0.00113875369545	-0.00627409433619	0.046112896121	-0.0449939694912	-0.0144323361614	1.0	-0.00952436930166	-0.0387002143595	-0.0330836716408	0.00170767481497	-0.00157513100251	-0.0147449968027	-0.0605931812574	0.0395992067555	0.0205023832174	0.0018131702031	-0.00223851945894	-0.0202366911266	-0.011195827538	0.0136568223788	-0.0399904748454	-0.0100882129029	0.0430789709981	-0.00485928447301	-0.00770255661732	0.0090100863945	0.0162636742816	0.0411454595837	-0.0399201186283	0.0149490018056	-0.0603468661047	0.0465594072254	-0.0129438120463	-0.0536255176271	-0.0625176255387	0.00898476090526	-0.0171063102248	-0.00482515689515	0.0366505086755	-0.0530335089751	0.0214303001765	-0.015432984154	0.0202857810079	0.0240788371741
k__Bacteria;p__Firmicutes;c__Clostridia;o__Clostridiales;f__Ruminococcaceae;g__Ruminiclostridium;s__[Eubacterium]_siraeum	-0.00414751680407	0.0211401925701	0.032147528575	0.0420657408005	0.0426875513628	-0.00618985528405	-0.037059530231	0.00415684183892	0.00282402182642	-0.0153306771422	0.0148557775548	-0.0496336577156	-0.0365343247289	0.000284588192345	-0.061443123387	-0.0499713451731	0.00991628774636	0.00290074728917	-0.0469287607855	-0.0226190080989	-0.00952436930166	1.0	-0.0114283262797	-0.0204793499089	0.0138240623822	-0.000857711562658	-0.06314606985	0.0180489736394	-0.089370023019	-0.0477253802315	0.00440163311717	-0.0131461360518	-0.0192588740996	0.0895788121236	-0.0459196144391	-0.0162518222798	-0.0244643117483	0.0508523030697	0.0481887866765	0.00462254719665	-0.0560764378798	-0.0630139710182	0.0115097010056	-0.0188475192091	0.012284719542	0.000747289129537	0.0134170405746	0.0329821061778	-0.0668419825095	-0.0476835346637	0.0162496987987	-0.0497707680042	-0.00379846314966	0.00968424188792	-0.00874857074392	-0.0275537110603	0.0679288198703	-0.0332018884877	-0.0107769538306
k__Bacteria;p__Proteobacteria;c__Betaproteobacteria;o__Burkholderiales;f__Sutterellaceae;g__Parasutterella;s__Parasutterella_excrementihominis	-0.0128920149998	-0.0253317300655	-0.0333601794926	-0.0457459825117	-0.0223560024163	-0.0180571678354	-0.00828707288799	-0.0276738736146	0.00508744607613	0.0364899982246	0.00878072780761	-0.0099428727396	-0.0097017990699	0.0597892371576	0.0580825192739	0.0102576227303	0.0197330513136	-0.0124118151703	-0.0600772045728	-0.0127466250906	-0.0387002143595	-0.0114283262797	1.0	0.0474381979625	-0.031512662322	-0.0120517330318	-0.00595253824849	0.00342345180086	0.0222592365607	-0.029444922226	0.0158711136496	0.00195506439679	0.019827067964	0.0425108557106	0.0138947642193	0.00817978537475	-0.0337140041192	0.055130932039	-0.022913633378	0.0102317495232	-0.0286297057628	-0.00588830741356	-0.00196182609521	0.00880677796924	-0.0427656125551	-0.0412943769645	-0.0435656064956	0.0545455472851	-0.0079619418261	-0.0405812119869	-0.0502423508688	-0.0658902376369	-0.0333898121143	-0.0041098001294	0.0365771891482	-0.0587758275339	-0.0247603636662	-0.00256589562839	-0.0476597280535
k__Bacteria;p__Actinobacteria;c__Actinobacteria;o__Bifidobacteriales;f__Bifidobacteriaceae;g__Bifidobacterium;s__Bifidobacterium_adolescentis	-0.00197852497172	-0.00152088882891	-0.0227968989106	0.00293132812235	0.00124048530285	-0.0103834290794	-0.0973034663321	-0.0418085651485	0.074338463827	0.0064719345041	-0.0352444525638	0.0438419134985	0.014457920276	-0.015188780723	0.0683263067467	0.0102469817948	-0.00168057528389	-0.00317266873182	-0.0208936358713	0.0182830338068	-0.0330836716408	-0.0204793499089	0.0474381979625	1.0	-0.0292061826589	0.0295423675486	-0.0768816044901	0.0296241647886	-0.0283009635673	0.0276603981711	-0.0633244243483	-0.0234439235606	-0.0137659484458	0.0601402345345	-0.00761990668548	-0.0211715586967	-0.0173172039826	0.00226961722569	0.0231533596206	-0.0121465626192	-0.00599956754424	0.00673785431414	-0.00831059672653	-0.0145841647765	-0.013706359399	-0.0746014600106	0.0435117593165	0.0781317514603	0.0245354716464	-0.0282498486068	0.0401728643928	-0.00120957441533	-0.0537142113925	0.0167753023215	-0.00128229928484	-0.0559412545985	-0.0671795752867	-0.0179452441733	-0.0456651428348
k__Bacteria;p__Firmicutes;c__Clostridia;o__Clostridiales;f__Oscillospiraceae;g__Oscillibacter;s__Oscillibacter_sp._KLE_1745	0.0414299818305	0.00462782575869	-0.0435962734748	-0.0300417001753	-0.0900523707084	0.014986035943	0.0666106693539	-0.0187235033476	-0.0152728383412	-0.0138680022039	0.0527781339127	-0.0192260712092	-0.0273769439469	-0.0207725350004	-0.0525914800517	-0.0602045730364	-0.0131742398682	0.052695129845	0.00214488625385	-0.0164016867479	0.00170767481497	0.0138240623822	-0.031512662322	-0.0292061826589	1.0	-0.0260860452133	-0.00121369927269	0.0602288955572	0.0621050567059	-0.0434924978842	-0.0564928424073	-0.0399481343794	0.0377845549994	0.0236929428196	0.00632826962253	0.0276914003334	-0.0274832858209	0.0565668250285	0.000913985036147	0.00853529836965	-0.014178073874	-0.00713284074954	-0.00836391031879	0.0566725775558	-0.0408535297783	0.00246653641976	0.0312873635041	-0.0459398700176	-0.00271029047886	-0.035095278523	-0.0451801649019	0.00148458447823	-0.00333374866749	0.0198717305306	-0.0241216384862	-0.0381388051802	-0.0239363875123	-0.0311986485199	-0.0212914638549
k__Bacteria;p__Bacteroidetes;c__Bacteroidia;o__Bacteroidales;f__Bacteroidaceae;g__Bacteroides;s__Bacteroides_coprophilus	-0.0283480840026	-0.0578460210897	-0.0209091515978	0.0422460202374	-0.0677377423565	-0.0562794849503	-0.00469892030211	0.0222950789983	-0.0831741415716	-0.053341818539	0.00456137726948	0.00320494330309	-0.017027860377	0.017243413215	0.00159250990948	0.0132802852303	-0.0246111867662	0.0297121061287	0.0274383597632	-0.0549861124227	-0.00157513100251	-0.000857711562658	-0.0120517330318	0.0295423675486	-0.0260860452133	1.0	-0.0070291680641	-0.00338817359413	0.00134050245269	0.0361897492494	0.0210165524538	-0.0128623574399	0.010574969513	0.00855807165586	-0.0249572655696	-0.0788195506182	0.0172523749376	-0.0426875475908	-0.0537480596966	-0.0153982092518	-0.031541402863	-0.0565751557695	-0.0685465202813	0.0784992610084	-0.000828369648953	-0.0157828865761	-0.00236852444317	0.0555460272274	-0.000196374175851	-0.0297586638275	0.0382984742819	0.0200052185205	-0.0196853515295	-0.0214765364837	-0.0122266658013	-0.00823761838861	0.0247349167528	0.0520989256452	0.0175003314789
k__Bacteria;p__Firmicutes;c__Clostridia;o__Clostridiales;f__Lachnospiraceae;g__Roseburia;s__Roseburia_intestinalis	-0.0792449797263	0.0884036772809	0.00031179934854	-0.0492706058662	0.027491165174	0.0040005714154	0.04366324139	0.0132781665761	0.0255607854042	-0.0291223472262	-0.0370694150416	-0.0293560124356	-0.00801813666356	-0.0363235446272	-0.029224953382	-0.0254513012547	0.0328889165495	-0.103236764407	0.0208420573671	-0.0453641963223	-0.0147449968027	-0.06314606985	-0.00595253824849	-0.0768816044901	-0.00121369927269	-0.0070291680641	1.0	-0.0490515618339	-0.0137200390039	-0.0300415268415	0.0213659470411	0.032170724025	0.0528628887762	-0.0376044374021	1.76255650449e-05	0.0346337705664	0.0713664201641	-0.00254310317057	0.00301482376128	0.00514769018569	-0.0039349048598	0.0401444020912	-0.0664038757956	-0.0159864184112	-0.0262380925654	-0.0215140631319	0.00717082606696	-0.0145131512021	-0.0358965698145	0.0375726503124	0.0270481357982	0.0276819429999	0.0639101942927	0.0255459309853	0.0238473875497	-0.0212946048678	-0.0155474445605	-0.00311387356901	-0.0279000710586
k__Bacteria;p__Firmicutes;c__Clostridia;o__Clostridiales;f__Lachnospiraceae;g__Roseburia;s__Roseburia_hominis	0.0179019990756	-0.0229558781217	0.0667193649266	-0.0496262102606	-0.0726447885018	0.0296120830049	-0.00931292594478	-0.00225889269698	-0.0435659734471	0.0096886439427	0.0106481323016	-0.0333789448434	-0.0546780683994	0.0230647956766	-0.00542907811167	-0.0054071397264	-0.0221901469248	0.0327313098458	-0.00864323407707	0.0224188408834	-0.0605931812574	0.0180489736394	0.00342345180086	0.0296241647886	0.0602288955572	-0.00338817359413	-0.0490515618339	1.0	-0.000932729928584	-0.0209749278078	-0.0428181729524	-0.0223798817099	-0.0329881506362	-0.0582000721342	-0.00738469464713	-0.0198114738905	-0.0112876252366	0.0506980170409	-0.000684662300162	-0.082152416704	0.0143104780221	-0.0201457891311	-0.030203104982	-0.0512487854402	-0.0126863220426	-0.00911725681762	0.00374838249002	-0.0104997285538	-0.0383818617087	-0.0338409069233	0.00380177885171	0.0177059666174	-0.0553264256215	0.0354165117931	-0.0152673577599	-0.00258599035407	0.00173707646018	-0.0302576883782	0.00844547088208
k__Bacteria;p__Bacteroidetes;c__Bacteroidia;o__Bacteroidales;f__Porphyromonadaceae;g__Parabacteroides;s__Parabacteroides_johnsonii	-0.0600600354827	0.047780491993	-0.0194239047559	-0.0380269640259	0.0257823053461	-0.0512915137505	-0.0134297748959	-0.027080304038	-0.0755681194472	0.0519389347797	-0.0714535485858	-0.0539333353779	-0.084001507487	0.028431023674	0.0773010408337	-0.00312566981577	-0.0086087734156	-0.045102547955	0.0304223955688	0.0318702238748	0.0395992067555	-0.089370023019	0.0222592365607	-0.0283009635673	0.0621050567059	0.00134050245269	-0.0137200390039	-0.000932729928584	1.0	-0.00621769459442	0.0312109102387	0.0382917451477	0.0388236323481	-0.0149254677166	0.00426903297018	0.0140581616561	0.0035462212192	-0.0381603102804	0.0153973461664	0.0256120460813	-0.0128261226378	-0.00272062345783	-0.0247815123923	-0.050755494316	-0.0014881529342	-0.0502109097393	-0.0221199412921	-0.00339805524936	-0.0178650911412	0.0140908286234	-0.00256991097595	-0.0194564878019	0.0193921557605	0.0433109855323	-0.0648569509852	-0.0385576439803	-0.00395317617627	0.0243822062624	0.0130779017662
k__Bacteria;p__Actinobacteria;c__Actinobacteria;o__Bifidobacteriales;f__Bifidobacteriaceae;g__Bifidobacterium;s__Bifidobacterium_longum	-0.013147185869	-0.0238579053539	-0.0378776098541	-0.0329672027225	0.0367945438674	-0.05880677551	-0.0219877807113	0.0392079426627	-0.00514454595341	0.0355080554718	-0.0219302217124	0.0215014103594	-0.0135121343916	-0.0247561285273	-0.0737661062768	-0.0451842766643	-0.00409410317105	0.045764247663	-0.0535377829043	0.0165376348286	0.0205023832174	-0.0477253802315	-0.029444922226	0.0276603981711	-0.0434924978842	0.0361897492494	-0.0300415268415	-0.0209749278078	-0.00621769459442	1.0	-0.0423625105735	0.0503247959972	-0.0434720433132	-0.045569592764	-0.00319374600316	0.0541784912443	-0.00419947146918	-0.0338809335203	0.0129035808383	0.0242508964925	0.0349120763596	-0.0104181214011	-0.0730091596083	-0.0109031119273	0.0113723472845	-0.0251182351519	-0.0139136598098	-0.0470824601555	0.0262533456677	0.0954554873522	-0.016071706679	0.0109835538635	-0.0287081425792	0.0270064422936	-0.0650937109954	0.00294628412064	0.0324233255977	0.017647493938	0.0121455513119
