#taxonomy	k__Bacteria;p__Bacteroidetes;c__Bacteroidia;o__Bacteroidales;f__Bacteroidaceae;g__Bacteroides;s__Bacteroides_vulgatus	k__Bacteria;p__Bacteroidetes;c__Bacteroidia;o__Bacteroidales;f__Bacteroidaceae;g__Bacteroides;s__Bacteroides_uniformis	k__Bacteria;p__Bacteroidetes;c__Bacteroidia;o__Bacteroidales;f__Rikenellaceae;g__Alistipes;s__Alistipes_putredinis	k__Bacteria;p__Bacteroidetes;c__Bacteroidia;o__Bacteroidales;f__Prevotellaceae;g__Prevotella;s__Prevotella_copri	k__Bacteria;p__Bacteroidetes;c__Bacteroidia;o__Bacteroidales;f__Bacteroidaceae;g__Bacteroides;s__Bacteroides_stercoris	k__Bacteria;p__Bacteroidetes;c__Bacteroidia;o__Bacteroidales;f__Bacteroidaceae;g__Bacteroides;s__Bacteroides_ovatus	k__Bacteria;p__Bacteroidetes;c__Bacteroidia;o__Bacteroidales;f__Rikenellaceae;g__Alistipes;s__Alistipes_shahii	k__Bacteria;p__Firmicutes;c__Clostridia;o__Clostridiales;f__Ruminococcaceae;g__Faecalibacterium;s__Faecalibacterium_prausnitzii	k__Bacteria;p__Bacteroidetes;c__Bacteroidia;o__Bacteroidales;f__Rikenellaceae;g__Alistipes;s__Alistipes_finegoldii	k__Bacteria;p__Bacteroidetes;c__Bacteroidia;o__Bacteroidales;f__Porphyromonadaceae;g__Parabacteroides;s__Parabacteroides_distasonis	k__Bacteria;p__Bacteroidetes;c__Bacteroidia;o__Bacteroidales;f__Bacteroidaceae;g__Bacteroides;s__Bacteroides_thetaiotaomicron	k__Bacteria;p__Bacteroidetes;c__Bacteroidia;o__Bacteroidales;f__Bacteroidaceae;g__Bacteroides;s__Bacteroides_coprocola	k__Bacteria;p__Bacteroidetes;c__Bacteroidia;o__Bacteroidales;f__Bacteroidaceae;g__Bacteroides;s__Bacteroides_cellulosilyticus	k__Bacteria;p__Bacteroidetes;c__Bacteroidia;o__Bacteroidales;f__Rikenellaceae;g__Alistipes;s__Alistipes_obesi	k__Bacteria;p__Firmicutes;c__Clostridia;o__Clostridiales;f__Lachnospiraceae;g__;s__[Eubacterium]_rectale	k__Bacteria;p__Bacteroidetes;c__Bacteroidia;o__Bacteroidales;f__Bacteroidaceae;g__Bacteroides;s__Bacteroides_plebeius	k__Bacteria;p__Bacteroidetes;c__Bacteroidia;o__Bacteroidales;f__Bacteroidaceae;g__Bacteroides;s__Bacteroides_fragilis	k__Bacteria;p__Proteobacteria;c__Betaproteobacteria;o__Burkholderiales;f__Sutterellaceae;g__Sutterella;s__Sutterella_wadsworthensis	k__Bacteria;p__Bacteroidetes;c__Bacteroidia;o__Bacteroidales;f__Porphyromonadaceae;g__Barnesiella;s__Barnesiella_intestinihominis	k__Bacteria;p__Bacteroidetes;c__Bacteroidia;o__Bacteroidales;f__Odoribacteraceae;g__Odoribacter;s__Odoribacter_splanchnicus	k__Bacteria;p__Bacteroidetes;c__Bacteroidia;o__Bacteroidales;f__Bacteroidaceae;g__Bacteroides;s__Bacteroides_salyersiae	k__Bacteria;p__Firmicutes;c__Clostridia;o__Clostridiales;f__Ruminococcaceae;g__Ruminiclostridium;s__[Eubacterium]_siraeum	k__Bacteria;p__Proteobacteria;c__Betaproteobacteria;o__Burkholderiales;f__Sutterellaceae;g__Parasutterella;s__Parasutterella_excrementihominis	k__Bacteria;p__Actinobacteria;c__Actinobacteria;o__Bifidobacteriales;f__Bifidobacteriaceae;g__Bifidobacterium;s__Bifidobacterium_adolescentis	k__Bacteria;p__Firmicutes;c__Clostridia;o__Clostridiales;f__Oscillospiraceae;g__Oscillibacter;s__Oscillibacter_sp._KLE_1745	k__Bacteria;p__Bacteroidetes;c__Bacteroidia;o__Bacteroidales;f__Bacteroidaceae;g__Bacteroides;s__Bacteroides_coprophilus	k__Bacteria;p__Firmicutes;c__Clostridia;o__Clostridiales;f__Lachnospiraceae;g__Roseburia;s__Roseburia_intestinalis	k__Bacteria;p__Firmicutes;c__Clostridia;o__Clostridiales;f__Lachnospiraceae;g__Roseburia;s__Roseburia_hominis	k__Bacteria;p__Bacteroidetes;c__Bacteroidia;o__Bacteroidales;f__Porphyromonadaceae;g__Parabacteroides;s__Parabacteroides_johnsonii	k__Bacteria;p__Actinobacteria;c__Actinobacteria;o__Bifidobacteriales;f__Bifidobacteriaceae;g__Bifidobacterium;s__Bifidobacterium_longum	k__Bacteria;p__Firmicutes;c__Clostridia;o__Clostridiales;f__;g__Flavonifractor;s__Flavonifractor_plautii	k__Bacteria;p__Firmicutes;c__Clostridia;o__Clostridiales;f__Clostridiaceae;g__Clostridium;s__Clostridium_phoceensis	k__Bacteria;p__Verrucomicrobia;c__Verrucomicrobiae;o__Verrucomicrobiales;f__Akkermansiaceae;g__Akkermansia;s__Akkermansia_muciniphila	k__Bacteria;p__Bacteroidetes;c__Bacteroidia;o__Bacteroidales;f__Prevotellaceae;g__Paraprevotella;s__Paraprevotella_xylaniphila	k__Bacteria;p__Firmicutes;c__Clostridia;o__Clostridiales;f__Ruminococcaceae;g__Ruminococcus;s__Ruminococcus_callidus	k__Bacteria;p__Bacteroidetes;c__Bacteroidia;o__Bacteroidales;f__Rikenellaceae;g__Alistipes;s__Alistipes_senegalensis	k__Bacteria;p__Firmicutes;c__Clostridia;o__Clostridiales;f__Lachnospiraceae;g__Blautia;s__Blautia_sp._KLE_1732	k__Bacteria;p__Bacteroidetes;c__Bacteroidia;o__Bacteroidales;f__Bacteroidaceae;g__Bacteroides;s__Bacteroides_oleiciplenus	k__Bacteria;p__Firmicutes;c__Clostridia;o__Clostridiales;f__Ruminococcaceae;g__Ruminococcus;s__Ruminococcus_bicirculans	k__Bacteria;p__Bacteroidetes;c__Bacteroidia;o__Bacteroidales;f__Bacteroidaceae;g__Bacteroides;s__Bacteroides_fluxus	k__Bacteria;p__Bacteroidetes;c__Bacteroidia;o__Bacteroidales;f__Prevotellaceae;g__Prevotella;s__Prevotella_stercorea	k__Bacteria;p__Firmicutes;c__Clostridia;o__Clostridiales;f__Lachnospiraceae;g__Dorea;s__Dorea_longicatena	k__Bacteria;p__Firmicutes;c__Clostridia;o__Clostridiales;f__Eubacteriaceae;g__Eubacterium;s__[Eubacterium]_eligens	k__Bacteria;p__Firmicutes;c__Clostridia;o__Clostridiales;f__Ruminococcaceae;g__;s__Ruminococcaceae_bacterium_D16	k__Bacteria;p__Firmicutes;c__Clostridia;o__Clostridiales;f__Lachnospiraceae;g__Coprococcus;s__Coprococcus_comes	k__Bacteria;p__Proteobacteria;c__Gammaproteobacteria;o__Enterobacterales;f__Enterobacteriaceae;g__Escherichia;s__Escherichia_coli	k__Bacteria;p__Firmicutes;c__Clostridia;o__Clostridiales;f__Ruminococcaceae;g__Anaerotruncus;s__Anaerotruncus_colihominis	k__Bacteria;p__Firmicutes;c__Clostridia;o__Clostridiales;f__Lachnospiraceae;g__Blautia;s__Blautia_obeum	k__Bacteria;p__Bacteroidetes;c__Bacteroidia;o__Bacteroidales;f__Odoribacteraceae;g__Odoribacter;s__Odoribacter_laneus	k__Bacteria;p__Firmicutes;c__Clostridia;o__Clostridiales;f__Ruminococcaceae;g__Ruminiclostridium;s__[Clostridium]_leptum	k__Bacteria;p__Bacteroidetes;c__Bacteroidia;o__Bacteroidales;f__Porphyromonadaceae;g__Parabacteroides;s__Parabacteroides_goldsteinii	k__Bacteria;p__Firmicutes;c__Clostridia;o__Clostridiales;f__Lachnospiraceae;g__Anaerostipes;s__Anaerostipes_hadrus	k__Bacteria;p__Firmicutes;c__Clostridia;o__Clostridiales;f__Ruminococcaceae;g__Ruminococcus;s__Ruminococcus_lactaris	k__Bacteria;p__Firmicutes;c__Clostridia;o__Clostridiales;f__Clostridiaceae;g__Clostridium;s__Clostridium_sp._L2-50	k__Bacteria;p__Firmicutes;c__Clostridia;o__Clostridiales;f__Clostridiaceae;g__Clostridium;s__Clostridium_sp._M62/1	k__Bacteria;p__Firmicutes;c__Clostridia;o__Clostridiales;f__;g__Intestinimonas;s__Intestinimonas_butyriciproducens	k__Bacteria;p__Actinobacteria;c__Actinobacteria;o__Bifidobacteriales;f__Bifidobacteriaceae;g__Bifidobacterium;s__Bifidobacterium_bifidum	k__Bacteria;p__Firmicutes;c__Negativicutes;o__Veillonellales;f__Veillonellaceae;g__Dialister;s__Dialister_invisus	k__Bacteria;p__Bacteroidetes;c__Bacteroidia;o__Bacteroidales;f__Bacteroidaceae;g__Bacteroides;s__Bacteroides_salanitronis
k__Bacteria;p__Bacteroidetes;c__Bacteroidia;o__Bacteroidales;f__Bacteroidaceae;g__Bacteroides;s__Bacteroides_vulgatus	1.0	0.0129585628405	-0.00445890601314	0.0146168480378	-0.0429576397569	-0.043062265167	-0.0731381498392	-0.0308826127923	-0.00594089268018	-0.0177969502063	-0.00881177125076	-0.0105845603659	-0.00682556437844	0.0014751676368	-0.0061886409889	-0.0398877578699	-0.00322039636163	0.0371860651148	-0.0366906151972	0.00351011112768	-0.0444425305951	0.0118878586273	0.0255607235853	-0.00403332792988	-0.000662486417408	-0.0662547355681	0.021693343371	-0.00726416386494	-0.072917068659	-0.0435541939864	-0.00153661801606	-0.0554242308456	-0.018868956087	-0.0360634411206	0.0105710398426	-0.0467343524422	0.00121556514012	0.00848788338776	0.0145362431336	-0.00299538496329	-0.0197454214653	0.0156099580272	-0.0138073604487	0.0113451175372	0.00310413062525	-0.0676754558424	-0.0405042996538	-0.012492100016	-0.00234576535172	-0.00237943730687	0.021035213644	-0.0514612525964	0.0208494467964	0.0103215668192	0.000855217312639	-0.0215271804213	0.014195871429	0.0198154342899	-0.0452744862618
k__Bacteria;p__Bacteroidetes;c__Bacteroidia;o__Bacteroidales;f__Bacteroidaceae;g__Bacteroides;s__Bacteroides_uniformis	0.0129585628405	1.0	-0.046286832071	0.00462284531819	0.00850543759774	-0.0567104435681	-0.0133072744529	0.0277903591639	-0.0742379015817	-0.0409724471165	-0.00641258941358	0.0330052487598	0.0163239999798	-0.0401384609898	-0.0255064734714	0.0496355343903	0.00454983824748	0.0025284323612	0.00995944949127	-0.0317489670634	0.0416095177866	0.00234846262023	-0.0519357529038	-0.0382429230006	0.0323130579756	0.035370829661	-0.00169385648009	-0.0723697296148	-0.0044896318687	0.0285547187704	-0.057267537756	-0.0584922229506	0.00150658843782	0.0294901665604	-0.0531390986233	-0.00231385031435	0.019758076834	-0.0260052200305	-0.015849993608	0.0489360126162	-0.000976626289059	-0.0319164227908	0.0689570857388	-0.045460594207	-0.0113726375777	0.0048600943503	0.0272167328857	-0.00241760479344	-0.0131611115884	0.00769632431664	-0.0381500337842	0.0179304993666	0.0156167775075	-0.0201379308905	0.0551578270537	-0.00636763856778	0.041243584271	-0.0127146162843	0.0225220518838
k__Bacteria;p__Bacteroidetes;c__Bacteroidia;o__Bacteroidales;f__Rikenellaceae;g__Alistipes;s__Alistipes_putredinis	-0.00445890601314	-0.046286832071	1.0	-0.0175669947267	0.0148336677648	-0.0386291902985	0.0440984955193	0.000372642455668	-0.00393336522637	0.0247288810459	0.03997481044	-0.0260409671287	-0.0613056406321	0.0253387310661	-0.0626348961404	-0.0186832012834	0.0387718377912	-0.0655131412145	-0.040629201793	-0.00573385442096	0.0104648243651	-0.00567021388459	0.0356227516591	0.00189741195409	0.0415769631636	-0.0179024369723	-0.0163015710065	0.000406658713889	0.0192193378778	-0.0136161616706	-0.0143564041265	-0.0035366396471	-0.00666555631386	0.0284363120181	0.0120173097721	-0.0068127911144	-0.048871611078	-0.00203670288753	-0.0353395652399	-0.0295329089491	-0.0125715936558	0.0146968979154	-0.0124428485271	0.0342295465713	0.0313056099158	0.0143038893173	-0.0644218323883	-0.0522107938227	0.000719232076555	-0.0286832617149	0.0528985207689	0.0481009241112	-0.0138227463606	-0.0401245632392	-0.0365330321171	-0.00717050147979	0.0130148190622	-0.028725947486	-0.087934356774
k__Bacteria;p__Bacteroidetes;c__Bacteroidia;o__Bacteroidales;f__Prevotellaceae;g__Prevotella;s__Prevotella_copri	0.0146168480378	0.00462284531819	-0.0175669947267	1.0	-0.00683976558958	-0.0111312022292	-0.0430693932964	0.0554174756957	-0.0173997562303	-0.0236621705756	0.0036205882652	0.00210525713832	-0.0344654439826	-0.0201525827206	-0.0193508262232	0.0060793334352	0.0258456681758	-0.00895863551853	-0.0334725164825	-0.0387440176413	-0.0213949198514	-0.0190009856249	-0.00792033880109	-0.0389690307668	-0.00249140003777	0.0183700357544	-0.0320370007279	-0.0263169894166	0.00743789638963	-0.0247967893106	0.0219153472267	0.0384971791608	0.017918220769	0.000174680963563	-0.0160054972533	0.0280300423259	-0.0395520175014	0.0202811045835	0.0287983799547	0.0241360466056	-0.0366191946366	0.0010433045313	-0.0267748766094	-0.054711996453	-0.017551617815	-0.0272578731431	-0.00455418398956	0.0679834032547	-0.0135840581529	0.0540825028979	0.0065571959178	-0.00968184736795	-0.0301893461766	0.00225787687209	-0.00628226536413	-0.0840282478373	0.0160075081115	0.0694021111902	-0.00550111517449
k__Bacteria;p__Bacteroidetes;c__Bacteroidia;o__Bacteroidales;f__Bacteroidaceae;g__Bacteroides;s__Bacteroides_stercoris	-0.0429576397569	0.00850543759774	0.0148336677648	-0.00683976558958	1.0	0.01971793142	-0.0109867842188	-0.074086221152	-0.0404596291128	-0.00831620323519	-0.00219840969228	0.0036872453681	-0.0180974165696	0.0591958845889	0.0634584956717	-0.0464097010332	-0.0268554046074	-0.00972037662792	-0.0143260283392	0.0212068283574	-0.0153014207528	-0.0436193699691	0.00970522336338	-0.0836035736731	-0.0694224045493	0.0475897641466	0.0220264287472	0.0360346178466	-0.0351278144901	0.00640624622893	-0.00859093019471	0.0160154917061	-0.0547238996458	-0.00713695803565	0.0309565161199	0.0289485365328	-0.00285174993507	0.00157534260535	-0.0436662800776	-0.0243327840103	-0.00344488285055	-0.112020821616	0.0443940658156	-0.0252875706877	0.0147142801444	0.023131250336	-0.0344355124878	-0.0241015843742	0.0515052649679	0.0236762802711	0.0333627788582	0.0374776504387	0.0624894509437	-0.0159012647545	0.00593991169341	-0.0391499254672	-0.0270839319509	0.0182181708831	0.0872843918416
k__Bacteria;p__Bacteroidetes;c__Bacteroidia;o__Bacteroidales;f__Bacteroidaceae;g__Bacteroides;s__Bacteroides_ovatus	-0.043062265167	-0.0567104435681	-0.0386291902985	-0.0111312022292	0.01971793142	1.0	0.0122155175466	0.00867149122239	-0.0419550642176	0.0518179743267	-0.0691891529204	0.00777902016024	-0.0127556179261	0.0218853630618	-0.0124464203114	-0.0293973988353	-0.0064838801399	0.0251441767169	-0.00065926648459	0.0267534239915	0.0323130220063	0.0105316183	-0.04675386904	0.0944113456361	-0.0182910987194	-0.0345268935418	0.0621566124412	-0.00878504350591	-0.0636201306114	-0.0567684637106	-0.0205474200764	-0.0132095447435	-0.0186665624858	-0.0942399873977	-0.0153155848747	-0.0222492405803	0.00953336985984	-0.0225122790593	-0.010788202011	0.0577133382262	-0.0454314787483	0.0169986240348	-0.0479776704988	0.0526151088888	-0.0930752212656	0.00403383131138	-0.0356996465948	-0.025819455703	-0.0109290746554	0.0393156635479	0.00687578801884	0.00215655947149	-0.00560680933047	-0.105075604414	-0.0090029053665	0.00382250372156	0.016041942228	-0.0262285461903	-0.033337028329
k__Bacteria;p__Bacteroidetes;c__Bacteroidia;o__Bacteroidales;f__Rikenellaceae;g__Alistipes;s__Alistipes_shahii	-0.0731381498392	-0.0133072744529	0.0440984955193	-0.0430693932964	-0.0109867842188	0.0122155175466	1.0	0.0547217676082	0.0285918151725	-0.0191264573792	-0.0733299698544	-0.0500886486653	-0.0142290971549	0.00435640971582	-0.0342657824087	-0.0505836975105	-0.0031435613089	-0.0162477509573	-0.0257321617259	-0.0276354511198	-0.0287961840368	0.01145230743	0.00179697881622	-0.0944571682166	0.0259097202668	-0.0190931675045	-0.0656902210016	0.04050505247	0.016334705794	-0.0416476387467	-0.0412144792539	0.0364923834198	-0.091802666863	-0.0630364020364	0.0555852808872	-0.0158813895801	-0.0426316393517	0.0458470730334	-0.0337877642394	-0.030192847385	0.0621034380277	-0.0268442371693	-0.00236503458497	-0.0685334780504	0.062702834764	-0.0443232260697	0.0357299919747	-0.000689801587193	-0.0211439339409	0.0344523009326	-0.00891212754432	-0.0410715737123	0.0187447283841	0.0168964008847	-0.00201560725534	-0.00229216446902	-0.0465004940123	0.0463783801554	-0.0255880885141
k__Bacteria;p__Firmicutes;c__Clostridia;o__Clostridiales;f__Ruminococcaceae;g__Faecalibacterium;s__Faecalibacterium_prausnitzii	-0.0308826127923	0.0277903591639	0.000372642455668	0.0554174756957	-0.074086221152	0.00867149122239	0.0547217676082	1.0	-0.0586702912769	-0.00828701474822	-0.0293210811008	-0.0306210685941	-0.0256325934992	-0.0168661933756	0.040897088729	-0.017761005268	0.0458782295152	-0.0422306506505	0.0135599692603	-0.00431936774618	-0.0858978805295	-0.0515099456852	-0.0257482401576	0.0455886257869	-0.045763243301	-0.0536704595015	0.0052107003302	-0.0326500965	-0.061446998746	-0.000676839139236	0.034292405827	0.013452586444	0.025679416774	-0.0542273238269	-0.0333439706708	-0.0380290066268	-0.0041190386502	-0.0364826250561	-0.0194600496004	0.0262292360019	-0.0272714529348	-0.0170108115075	-0.0517779035471	0.0309575982236	0.0112340789137	-0.039206200983	0.00975370819362	0.031484904134	0.0113786641414	-0.0129245879039	-0.060359754589	-0.00858972883775	-0.0330564609702	-0.0132804701358	0.0104256242208	-0.0601076050458	0.035777635417	-0.00243108961742	-0.0112897187851
k__Bacteria;p__Bacteroidetes;c__Bacteroidia;o__Bacteroidales;f__Rikenellaceae;g__Alistipes;s__Alistipes_finegoldii	-0.00594089268018	-0.0742379015817	-0.00393336522637	-0.0173997562303	-0.0404596291128	-0.0419550642176	0.0285918151725	-0.0586702912769	1.0	-0.0535616026167	0.0457521542435	-0.0167165855465	-0.00219901997454	-0.083541644723	-0.0225733990202	0.00130846935813	-0.0642670243206	-0.0219374831606	-0.0216548573454	-0.014370946569	-0.058105339587	0.0235136619228	-0.0190211732115	-0.0039164744879	0.00499369195526	-0.0105178612902	0.0488840171726	-0.0263402248242	0.0191884883758	0.0216127013894	-0.0152721386783	-0.023671668293	0.0239113259171	0.0208743476062	-0.0518416981204	-0.0667403681233	0.0232522060846	0.0126769413022	-0.0450507694221	-0.0218678937465	-0.0600425343369	0.013044813656	-0.0453386962674	0.00932689557797	0.00131597813402	-0.00755565698756	0.0168476821438	0.0950222149867	0.0246501836054	0.0271544431842	-0.023824935958	0.035241915101	0.0206708460639	-0.108984724358	0.0136557963278	-0.0470280725664	0.0315448545247	-0.0136579869491	0.0445305114774
k__Bacteria;p__Bacteroidetes;c__Bacteroidia;o__Bacteroidales;f__Porphyromonadaceae;g__Parabacteroides;s__Parabacteroides_distasonis	-0.0177969502063	-0.0409724471165	0.0247288810459	-0.0236621705756	-0.00831620323519	0.0518179743267	-0.0191264573792	-0.00828701474822	-0.0535616026167	1.0	-0.0136125774199	0.00685289346849	0.0275732152243	-0.0782906952315	-0.0433383730002	0.0400816978015	-0.00725330774532	0.0238965184762	-0.00136148026123	-0.00340558556409	-0.0580877344673	-0.0603993343681	-0.00620514915438	-0.0421447408428	-0.0643281013801	-0.0139540321771	-0.0181721125427	0.0193232705248	-0.00562442650175	0.0372961669912	-0.0397830295513	0.0326960664518	0.0425849017583	0.0124985131698	-0.0395919060064	0.0241315606869	-0.0283713076203	-0.068658722878	0.0271781190243	-0.0255026796385	0.0126196265946	-0.0763495138198	0.031818587939	-0.0308629242317	0.0145168764041	0.0397947234688	0.00218710270365	0.00975121326016	-0.0283255677841	-0.0119924746644	-0.0404008292629	-0.0101247696048	0.012958714495	-0.000472071571866	0.0764413818496	0.0601385713064	0.00400197505422	0.0135214155806	-0.0170855126955
k__Bacteria;p__Bacteroidetes;c__Bacteroidia;o__Bacteroidales;f__Bacteroidaceae;g__Bacteroides;s__Bacteroides_thetaiotaomicron	-0.00881177125076	-0.00641258941358	0.03997481044	0.0036205882652	-0.00219840969228	-0.0691891529204	-0.0733299698544	-0.0293210811008	0.0457521542435	-0.0136125774199	1.0	-0.0192959613058	0.0652871695211	-0.0235475538859	-0.0150532032229	0.00235990315209	0.0355515223952	-0.0219883254294	-0.00313513732747	0.0200719518622	-0.0144931681595	0.0114869192953	0.01132417253	-0.0481281940731	-0.0202576234604	-0.00121356333122	0.00879658260174	0.0059644155373	0.0354221806248	-0.00511474781858	0.0705282416183	-0.0250967652691	-0.00943802735689	0.0636573418078	-0.0271861509632	-0.0115161953253	-0.0283379316574	-0.0294148062503	0.0477106824863	-0.0133131652147	-0.033478600053	-0.0248643335533	0.018684330423	-0.0706977763422	0.00706108930285	0.0246886691288	-0.0374176490133	-0.0152889390315	0.0130257875482	0.0287959033834	-0.0194582320933	-0.0142628486143	-0.0359949793367	-0.0492864647826	0.00368047148029	0.0389593381614	-0.00571837800625	-0.0573016741987	0.0264493043615
k__Bacteria;p__Bacteroidetes;c__Bacteroidia;o__Bacteroidales;f__Bacteroidaceae;g__Bacteroides;s__Bacteroides_coprocola	-0.0105845603659	0.0330052487598	-0.0260409671287	0.00210525713832	0.0036872453681	0.00777902016024	-0.0500886486653	-0.0306210685941	-0.0167165855465	0.00685289346849	-0.0192959613058	1.0	0.0170388211958	0.0121880849974	-0.0150782337793	-0.0506198668455	-0.00254038074138	-0.00902082369849	-0.0631172062173	-0.0134400054986	-0.031859829449	0.00260585774056	0.0275924255374	-0.0624658820704	-0.00470526755523	0.117122372377	0.0116524054791	-0.0149046711713	0.00561200802732	0.0271484684764	-0.0400621575609	-0.0257212683722	-0.00571119525631	0.0101273836379	0.00963956496119	-0.00109564746946	0.0186076066471	-0.00105291429239	-0.0222526878497	-0.00849512183705	0.10295032037	-0.027222613319	0.00152449939692	-0.0325814957263	-0.00371008156418	-0.0231724171682	-0.0192745462137	-0.00426378851872	-0.0773616246062	-0.0224753006262	-0.0414965733679	-0.00398234908219	-0.00220493051415	-0.0431114964959	-0.0551021334648	-0.0309585276843	-0.0902830134009	0.000711188784663	-0.0331730859491
k__Bacteria;p__Bacteroidetes;c__Bacteroidia;o__Bacteroidales;f__Bacteroidaceae;g__Bacteroides;s__Bacteroides_cellulosilyticus	-0.00682556437844	0.0163239999798	-0.0613056406321	-0.0344654439826	-0.0180974165696	-0.0127556179261	-0.0142290971549	-0.0256325934992	-0.00219901997454	0.0275732152243	0.0652871695211	0.0170388211958	1.0	-0.100905856672	-0.00485440213386	-0.0445055045225	-0.0296620757658	-0.0322892084543	-0.0442286048356	0.00377064237655	0.0225437546022	0.0673989725849	-0.0243687504592	-0.0236743655505	-0.0293552659222	-0.00952205091785	-0.00906547986108	-0.0401018760013	-0.00419056641043	-0.0123699100518	-0.0382480025342	-0.0341461681863	0.0129816561249	0.0175191018697	0.0146545917468	-0.0664592167129	0.000527652595484	-0.013109871687	-0.0326089827639	-0.00435483271631	0.000806890487313	0.0306577265145	0.00286219134411	0.0113271484233	0.0007772789855	-0.00913384233499	-0.0653831054648	-0.0570912672865	0.00899273440087	-0.0339505924167	-0.00162146596475	-0.0453190714281	0.0172475026077	0.010443612562	-0.0125196807588	0.0403990402363	0.0117149039975	-0.0678546385189	0.0240283740469
k__Bacteria;p__Bacteroidetes;c__Bacteroidia;o__Bacteroidales;f__Rikenellaceae;g__Alistipes;s__Alistipes_obesi	0.0014751676368	-0.0401384609898	0.0253387310661	-0.0201525827206	0.0591958845889	0.0218853630618	0.00435640971582	-0.0168661933756	-0.083541644723	-0.0782906952315	-0.0235475538859	0.0121880849974	-0.100905856672	1.0	-0.000680593280921	-0.00689110765184	0.0528216720158	-0.0184373507353	0.0431949599465	-0.0653290848181	-0.0228858644739	-0.0320822346684	-0.00949841159055	0.00778989140999	-0.0548594046033	-0.0207126305921	0.0058725752237	-0.0111011935009	0.000591506218073	-0.031008161034	-0.0155550215748	0.0697686853071	-0.00436161202113	-0.0162703046501	0.0288799691641	-0.00094721354095	0.00280869104523	0.0657783979649	-0.0184208282183	-0.0420918411042	-0.0101900312387	0.00981325945639	0.0123867918177	-0.00415025575895	-0.0127903386348	-0.038195892847	0.00809816025629	-0.0227181090116	-0.00797033932383	-0.0413196197964	0.0383311577612	-0.025370156097	0.0619001376352	0.0627333136157	0.00875169356529	0.0185069549155	-0.0197052883923	-0.0534973695328	0.00367171759585
k__Bacteria;p__Firmicutes;c__Clostridia;o__Clostridiales;f__Lachnospiraceae;g__;s__[Eubacterium]_rectale	-0.0061886409889	-0.0255064734714	-0.0626348961404	-0.0193508262232	0.0634584956717	-0.0124464203114	-0.0342657824087	0.040897088729	-0.0225733990202	-0.0433383730002	-0.0150532032229	-0.0150782337793	-0.00485440213386	-0.000680593280921	1.0	0.0101237698007	-0.0155180931123	0.00647278460105	-0.0273294042625	-0.0117495528706	-0.0137966394983	0.0532819037392	-0.0396060379304	0.00705789629191	-0.0491250586278	0.0260630729254	0.0276768046524	-0.0194168635498	-0.0222594014935	0.00280670993489	-0.0401703675244	0.0167486570789	-0.0709270773551	-0.00726313571229	-0.0451591369688	0.0182449876231	-0.00197523301947	0.0560873574201	-0.00540994563698	0.0224018316639	0.0293820398461	0.0277204167786	0.0103814904777	-0.0116807737647	0.0243901927739	0.0253962969065	-0.0154992729734	-0.0967461139336	0.0580607597746	0.0270832433969	-0.0458255169303	0.0189207969759	-0.0724278760013	-0.00295197520485	-0.0066908795604	0.0391241081937	0.0218249199961	-0.00918838946566	-0.0476793171427
k__Bacteria;p__Bacteroidetes;c__Bacteroidia;o__Bacteroidales;f__Bacteroidaceae;g__Bacteroides;s__Bacteroides_plebeius	-0.0398877578699	0.0496355343903	-0.0186832012834	0.0060793334352	-0.0464097010332	-0.0293973988353	-0.0505836975105	-0.017761005268	0.00130846935813	0.0400816978015	0.00235990315209	-0.0506198668455	-0.0445055045225	-0.00689110765184	0.0101237698007	1.0	0.00709116013426	-0.0159618009606	-0.00893945459552	0.0187698851833	0.00699811677202	0.0272269820971	0.011155645359	-0.0783242569914	0.00668757312847	0.0159444655694	-0.00163005607446	0.0338712685234	-0.0111943801314	0.0031230980877	-0.00612251540876	0.0177113920417	0.0317038982982	-0.0127028109538	-0.0287541690185	-0.0200986772832	0.012556903209	-0.0113270994329	-0.0224988238305	0.0319708085772	-0.0160940383601	0.0252651211177	-0.0475998262568	0.0217208658656	0.0369841480784	0.0392034152947	0.00609351248906	0.0145599736773	-0.0460383930968	-0.000995851036607	-0.0338171123504	0.0307891742802	0.0507541925266	9.40039823201e-05	0.047327493949	-0.00768430858292	0.0586153102165	-0.0196110635057	-0.0475768712617
k__Bacteria;p__Bacteroidetes;c__Bacteroidia;o__Bacteroidales;f__Bacteroidaceae;g__Bacteroides;s__Bacteroides_fragilis	-0.00322039636163	0.00454983824748	0.0387718377912	0.0258456681758	-0.0268554046074	-0.0064838801399	-0.0031435613089	0.0458782295152	-0.0642670243206	-0.00725330774532	0.0355515223952	-0.00254038074138	-0.0296620757658	0.0528216720158	-0.0155180931123	0.00709116013426	1.0	-0.00519883586675	0.00620213999179	-0.00913961586674	-0.0266503493877	0.0381234147352	-0.0351007449365	0.0203131236911	0.0154315129038	0.00623526178344	0.030976198014	-0.0227545022022	-0.00812229312523	-0.0883340450506	-0.048087325629	-0.00562856235611	-0.0224442977796	0.0169773416483	0.0353573094473	0.00929319942669	-0.0275634743135	-0.0686016594394	-0.0250873520766	0.0219172680303	-0.074042019357	0.0263355611785	0.0174461319354	0.0088530753012	0.0445981148789	-0.0370551276861	0.0225710641331	-0.00587217779107	0.0201369488856	0.0166431375058	-0.051111443892	0.0153026918061	-0.0432666737825	0.0245142728533	-0.000315863780709	0.0274601068744	-0.0236206594738	0.0151283935501	-0.0182604503887
k__Bacteria;p__Proteobacteria;c__Betaproteobacteria;o__Burkholderiales;f__Sutterellaceae;g__Sutterella;s__Sutterella_wadsworthensis	0.0371860651148	0.0025284323612	-0.0655131412145	-0.00895863551853	-0.00972037662792	0.0251441767169	-0.0162477509573	-0.0422306506505	-0.0219374831606	0.0238965184762	-0.0219883254294	-0.00902082369849	-0.0322892084543	-0.0184373507353	0.00647278460105	-0.0159618009606	-0.00519883586675	1.0	0.0103949588019	-0.00687276914804	0.0259929695459	0.0261801603292	-0.0516620620444	-0.0787133155721	-0.0570402062399	0.0108578579536	-0.00830451744039	-0.00919855787336	-0.0486178241568	-0.00981277638025	-0.0887812904121	-0.0390118227522	-0.0329462031616	-0.0189239133584	0.0222085857078	0.00105703706992	0.0176424039158	0.0132775770084	0.0146643231782	-0.0325910187381	-0.0894125464706	0.0128520688477	-0.0722403380828	-0.0177288349166	-0.0946538822588	-0.00273028905144	-0.0392726506778	-0.0322220639456	0.0147514654226	0.00407194190582	0.0574657571495	0.0244990408253	-0.00632161555386	0.0334204226792	-0.0191777937128	0.0606482664455	-0.0342774187239	0.0272865849712	0.0345574061012
k__Bacteria;p__Bacteroidetes;c__Bacteroidia;o__Bacteroidales;f__Porphyromonadaceae;g__Barnesiella;s__Barnesiella_intestinihominis	-0.0366906151972	0.00995944949127	-0.040629201793	-0.0334725164825	-0.0143260283392	-0.00065926648459	-0.0257321617259	0.0135599692603	-0.0216548573454	-0.00136148026123	-0.00313513732747	-0.0631172062173	-0.0442286048356	0.0431949599465	-0.0273294042625	-0.00893945459552	0.00620213999179	0.0103949588019	1.0	0.0114160806909	0.0234369398708	0.0134219798617	-0.0314936277685	0.017499480633	-0.0342104207368	0.00363023406372	-0.021766095681	0.0102505382749	-0.0275966077989	-0.0120254565083	0.0515514640257	-0.0347693079766	-0.00538339097243	0.00353354288442	-0.0144309176368	-0.018585728042	0.0501916911748	-0.0127720882866	0.0369936646681	-0.0497235716457	-0.00414467952669	0.0237079812815	0.0308268712556	-0.0676414878408	-0.0376070656717	-0.00904687074317	0.00791657391424	-0.0204759734693	-0.00512000439079	-0.0220058964665	-0.00725858414215	0.0297812996563	-0.0816503058801	0.0702763888534	0.0333915009927	0.0147603603556	-0.0409011081963	0.00816044843942	-0.017001952046
k__Bacteria;p__Bacteroidetes;c__Bacteroidia;o__Bacteroidales;f__Odoribacteraceae;g__Odoribacter;s__Odoribacter_splanchnicus	0.00351011112768	-0.0317489670634	-0.00573385442096	-0.0387440176413	0.0212068283574	0.0267534239915	-0.0276354511198	-0.00431936774618	-0.014370946569	-0.00340558556409	0.0200719518622	-0.0134400054986	0.00377064237655	-0.0653290848181	-0.0117495528706	0.0187698851833	-0.00913961586674	-0.00687276914804	0.0114160806909	1.0	0.0164094635163	-0.0117275946442	-0.0363294493237	-0.00112601863994	0.021135852768	-0.0475306512579	0.035939613281	0.0209555832619	0.0210753288622	0.0233157026146	-0.0491760877081	0.00177676298181	-0.0396685138114	0.0488665570498	0.0670596946033	-0.0556906997827	0.0323015610107	0.00517542895993	-0.0279084588432	-0.0501079637278	-0.0340816327099	0.0663377029595	-0.0312445725398	0.0468700751912	-0.0659344820687	-0.0107484059522	-0.0313612494207	-0.00571646260331	-0.0375268123379	0.051994756915	-0.0385981519935	-0.0456342817554	-0.0535513779933	-0.0289207905089	-0.00737253743331	0.0254098175185	0.064537143669	0.0425923635362	0.00322693041257
k__Bacteria;p__Bacteroidetes;c__Bacteroidia;o__Bacteroidales;f__Bacteroidaceae;g__Bacteroides;s__Bacteroides_salyersiae	-0.0444425305951	0.0416095177866	0.0104648243651	-0.0213949198514	-0.0153014207528	0.0323130220063	-0.0287961840368	-0.0858978805295	-0.058105339587	-0.0580877344673	-0.0144931681595	-0.031859829449	0.0225437546022	-0.0228858644739	-0.0137966394983	0.00699811677202	-0.0266503493877	0.0259929695459	0.0234369398708	0.0164094635163	1.0	0.0874711911689	0.0433065842462	0.0204408667867	-0.0227581987807	-0.0388889955406	-0.0692416909855	0.0278930182207	0.0202911527908	-0.0250671164781	-0.0293888460196	0.00252127477787	-0.045604287332	0.0201733586368	0.0171037673561	-0.00971162989647	0.0131722281149	-0.0274909881328	-0.00758408941001	-0.0753268098212	-0.00152421570053	0.0413054014791	0.010687257692	-0.0739151344703	0.00641882300495	-0.00416140989508	-0.0282954542729	-0.0549487258098	-0.00272463296397	0.02779413678	0.0499844895712	-0.0161278159619	-0.018035901415	0.0250875643145	-0.0586382243809	0.0315183926526	0.000764266443915	0.0209264400788	0.0235691648708
k__Bacteria;p__Firmicutes;c__Clostridia;o__Clostridiales;f__Ruminococcaceae;g__Ruminiclostridium;s__[Eubacterium]_siraeum	0.0118878586273	0.00234846262023	-0.00567021388459	-0.0190009856249	-0.0436193699691	0.0105316183	0.01145230743	-0.0515099456852	0.0235136619228	-0.0603993343681	0.0114869192953	0.00260585774056	0.0673989725849	-0.0320822346684	0.0532819037392	0.0272269820971	0.0381234147352	0.0261801603292	0.0134219798617	-0.0117275946442	0.0874711911689	1.0	0.0469396920041	-0.0197037307738	-0.0636493010701	-0.028845154036	-0.0499840222856	-0.0491061569026	-0.0258199116816	0.0345199754575	-0.0626355950738	-0.0320968395559	-0.0170836377412	-0.0379726955582	0.0162799937431	-0.000140723864606	-0.0531090503861	0.0319172212873	0.0673633252592	-0.0276877561065	0.0429554876075	0.0104584528342	-0.0326348519649	-0.0128726623905	-0.0133799858396	-0.0531928902644	-0.0254848921193	0.00373155215771	-0.0447543138029	-0.12759787506	0.00871620936625	0.0393565073898	-0.0374039588991	-0.0556483440529	-0.0507405306243	-0.0280275320841	-0.0283313915264	0.0124723380267	0.00907069260076
k__Bacteria;p__Proteobacteria;c__Betaproteobacteria;o__Burkholderiales;f__Sutterellaceae;g__Parasutterella;s__Parasutterella_excrementihominis	0.0255607235853	-0.0519357529038	0.0356227516591	-0.00792033880109	0.00970522336338	-0.04675386904	0.00179697881622	-0.0257482401576	-0.0190211732115	-0.00620514915438	0.01132417253	0.0275924255374	-0.0243687504592	-0.00949841159055	-0.0396060379304	0.011155645359	-0.0351007449365	-0.0516620620444	-0.0314936277685	-0.0363294493237	0.0433065842462	0.0469396920041	1.0	-0.0357221543191	-0.0368315802652	-0.0751776361906	-0.00735987208297	-0.0132433315352	0.047610383656	-0.0148286827689	-0.0443358887346	0.00866524678692	0.0134732544389	0.0186593541888	-0.0238949155152	-0.0277166401282	0.00744694192356	-0.00961081002378	-0.0192711381136	-0.00978338504043	-0.0077861683057	-0.0243555785341	0.0404236077448	0.0292803073773	0.0358938746031	-0.00289555519196	-0.00574288846881	-0.0494048396817	-0.0273134951733	-0.0354959937556	0.054523733748	-0.0242610455783	-0.0195165269133	-0.0932434250552	-0.0211831286977	0.024012495146	0.012664427644	-0.0272921612236	-0.0378301586579
k__Bacteria;p__Actinobacteria;c__Actinobacteria;o__Bifidobacteriales;f__Bifidobacteriaceae;g__Bifidobacterium;s__Bifidobacterium_adolescentis	-0.00403332792988	-0.0382429230006	0.00189741195409	-0.0389690307668	-0.0836035736731	0.0944113456361	-0.0944571682166	0.0455886257869	-0.0039164744879	-0.0421447408428	-0.0481281940731	-0.0624658820704	-0.0236743655505	0.00778989140999	0.00705789629191	-0.0783242569914	0.0203131236911	-0.0787133155721	0.017499480633	-0.00112601863994	0.0204408667867	-0.0197037307738	-0.0357221543191	1.0	-0.0257757036357	-0.0347708326644	-0.0402034982986	-0.0115398272976	0.014324420535	-0.024008643577	-0.00767948835106	0.00442363626578	-0.0432565749208	0.0227703177413	-0.0275389822223	-0.03779258113	0.0632305652851	0.00698419094737	-0.0469855341533	0.042983807673	-0.0317060782941	0.00572399090676	0.0039187996802	0.0512628317446	-0.0039891689488	0.0246827576497	-0.0155735566493	0.00331567875672	0.0477993033595	0.00258872480301	-0.0421223671918	0.0118646712162	-0.0229937771956	-0.0191272391699	-0.0382846402299	0.0423434460972	-0.00166744420882	-0.00538263514629	0.0407268826696
k__Bacteria;p__Firmicutes;c__Clostridia;o__Clostridiales;f__Oscillospiraceae;g__Oscillibacter;s__Oscillibacter_sp._KLE_1745	-0.000662486417408	0.0323130579756	0.0415769631636	-0.00249140003777	-0.0694224045493	-0.0182910987194	0.0259097202668	-0.045763243301	0.00499369195526	-0.0643281013801	-0.0202576234604	-0.00470526755523	-0.0293552659222	-0.0548594046033	-0.0491250586278	0.00668757312847	0.0154315129038	-0.0570402062399	-0.0342104207368	0.021135852768	-0.0227581987807	-0.0636493010701	-0.0368315802652	-0.0257757036357	1.0	-0.0138987906755	0.0411461825734	0.00788554480621	-0.00832509969118	-0.0321493560544	-0.0677155063328	0.00928511156999	0.0476320295581	-0.0610071727627	-0.0659453415132	-0.0363623927391	0.0163850649525	0.0370997103201	-0.0409364358594	-0.0308260342708	-0.0676953871801	-0.0287700126793	-0.0258835984249	-0.00746914722354	0.008368071167	-0.0316148762452	0.0105191308891	-0.00565605928622	-0.0312046346582	-0.0600728144792	0.00906323691905	-0.0209752988668	0.043424176363	0.069449495272	0.048153186867	0.0170270640618	-0.0254027823748	-0.0299607445385	-0.0292010682543
k__Bacteria;p__Bacteroidetes;c__Bacteroidia;o__Bacteroidales;f__Bacteroidaceae;g__Bacteroides;s__Bacteroides_coprophilus	-0.0662547355681	0.035370829661	-0.0179024369723	0.0183700357544	0.0475897641466	-0.0345268935418	-0.0190931675045	-0.0536704595015	-0.0105178612902	-0.0139540321771	-0.00121356333122	0.117122372377	-0.00952205091785	-0.0207126305921	0.0260630729254	0.0159444655694	0.00623526178344	0.0108578579536	0.00363023406372	-0.0475306512579	-0.0388889955406	-0.028845154036	-0.0751776361906	-0.0347708326644	-0.0138987906755	1.0	0.0152718668192	-0.0184053562055	0.015810587	-0.0664857734791	0.0127607382894	-0.00306234493437	0.0137588410684	0.0328173627533	0.0313287020692	0.0188257353336	0.00970971268368	-0.0219236300568	-0.0325679492829	0.0485295148328	0.0128583050346	-0.0542130522806	-0.063737397341	0.0734319247568	-0.00164834556892	-0.047510346285	0.00894391430358	-0.00262210054305	-0.0624709210402	-0.0275397333168	-0.0172356973417	-0.0434243981697	0.0154701602351	0.0266259458778	0.0120891353173	0.00640011989262	0.0234441250982	0.00606549178789	-0.00195189866357
k__Bacteria;p__Firmicutes;c__Clostridia;o__Clostridiales;f__Lachnospiraceae;g__Roseburia;s__Roseburia_intestinalis	0.021693343371	-0.00169385648009	-0.0163015710065	-0.0320370007279	0.0220264287472	0.0621566124412	-0.0656902210016	0.0052107003302	0.0488840171726	-0.0181721125427	0.00879658260174	0.0116524054791	-0.00906547986108	0.0058725752237	0.0276768046524	-0.00163005607446	0.030976198014	-0.00830451744039	-0.021766095681	0.035939613281	-0.0692416909855	-0.0499840222856	-0.00735987208297	-0.0402034982986	0.0411461825734	0.0152718668192	1.0	0.032118502711	0.024594871555	0.0639662855719	0.0373443221531	-0.0360763593808	0.0154125140719	-0.0848058674503	-0.0635046783738	0.0359982363127	-0.0336781970572	0.0359861332064	-0.0330101405278	-0.0462662755655	-0.0261087899744	0.0158521685721	-0.0829829742244	-0.0189932013066	-0.00424017882375	0.0235391953402	0.0134043969406	-0.00738225301281	-0.0139063939793	-0.0360792668659	-0.0196881346239	0.0391405288247	0.00959008842413	-0.0799933023909	-0.0980441487192	-0.010135618163	-0.000508710519421	-0.0300521416032	-0.026577386628
k__Bacteria;p__Firmicutes;c__Clostridia;o__Clostridiales;f__Lachnospiraceae;g__Roseburia;s__Roseburia_hominis	-0.00726416386494	-0.0723697296148	0.000406658713889	-0.0263169894166	0.0360346178466	-0.00878504350591	0.04050505247	-0.0326500965	-0.0263402248242	0.0193232705248	0.0059644155373	-0.0149046711713	-0.0401018760013	-0.0111011935009	-0.0194168635498	0.0338712685234	-0.0227545022022	-0.00919855787336	0.0102505382749	0.0209555832619	0.0278930182207	-0.0491061569026	-0.0132433315352	-0.0115398272976	0.00788554480621	-0.0184053562055	0.032118502711	1.0	0.0945214287801	-0.0469073588133	-0.00984517754799	0.00422310604096	-0.0248791489541	-0.0404952375266	-0.0178149179843	-0.0388909466811	0.0120270851706	-0.0195276424411	-0.0057653764185	0.0221078151029	-0.0336004453607	-0.00775389388085	0.00605756833679	-0.00970947463812	-0.00983313029933	-0.00695322762798	0.00403435459856	-0.0179729481422	-0.0375059603579	0.0228664948474	-0.0242488999141	-0.0410294614726	-0.0372102959394	-0.0307917367125	0.0191172300564	-0.0133251007647	-0.0095969043303	-0.0198455504342	-0.0228677829207
k__Bacteria;p__Bacteroidetes;c__Bacteroidia;o__Bacteroidales;f__Porphyromonadaceae;g__Parabacteroides;s__Parabacteroides_johnsonii	-0.072917068659	-0.0044896318687	0.0192193378778	0.00743789638963	-0.0351278144901	-0.0636201306114	0.016334705794	-0.061446998746	0.0191884883758	-0.00562442650175	0.0354221806248	0.00561200802732	-0.00419056641043	0.000591506218073	-0.0222594014935	-0.0111943801314	-0.00812229312523	-0.0486178241568	-0.0275966077989	0.0210753288622	0.0202911527908	-0.0258199116816	0.047610383656	0.014324420535	-0.00832509969118	0.015810587	0.024594871555	0.0945214287801	1.0	-0.00331458542284	-0.0276777200281	-0.0534560506375	0.0231301518183	0.022154965496	-0.0146278225784	-0.00971912877546	-0.0787081557419	0.00355937168154	-0.0186365387301	-0.00148168669627	-0.0026457983887	0.0296666543564	-0.0188568465733	-0.0113287192581	-0.0511025770104	-0.0977903910609	0.0341626802635	-0.00781036771658	-0.028931541589	-0.0387287787122	0.00648356529614	-0.0399144956114	-0.0510670086025	-0.00434196889873	0.00227808841897	-0.0140840276341	-0.0611806043531	-0.0512782709648	-0.0171863207283
k__Bacteria;p__Actinobacteria;c__Actinobacteria;o__Bifidobacteriales;f__Bifidobacteriaceae;g__Bifidobacterium;s__Bifidobacterium_longum	-0.0435541939864	0.0285547187704	-0.0136161616706	-0.0247967893106	0.00640624622893	-0.0567684637106	-0.0416476387467	-0.000676839139236	0.0216127013894	0.0372961669912	-0.00511474781858	0.0271484684764	-0.0123699100518	-0.031008161034	0.00280670993489	0.0031230980877	-0.0883340450506	-0.00981277638025	-0.0120254565083	0.0233157026146	-0.0250671164781	0.0345199754575	-0.0148286827689	-0.024008643577	-0.0321493560544	-0.0664857734791	0.0639662855719	-0.0469073588133	-0.00331458542284	1.0	0.00476582204426	0.0612635643617	-0.0467702103692	0.0521574820459	-0.0772965153764	0.0157449363251	-0.0552211270273	-0.0156516221644	0.033644781382	-0.00030681263359	-0.0546597929708	0.0500571857213	-0.000533685716165	0.0582444806278	-0.0193881991918	-0.05368406621	0.025748167145	-0.0327148481777	0.00778256701506	-0.0483801999647	-0.0255827560786	0.0237620807419	-0.044202703868	-0.0611774827077	0.00325520372021	-0.0230404365842	-0.040608202585	0.0369910502511	0.0319178519252
