#taxonomy	k__Bacteria;p__Bacteroidetes;c__Bacteroidia;o__Bacteroidales;f__Bacteroidaceae;g__Bacteroides;s__Bacteroides_vulgatus	k__Bacteria;p__Bacteroidetes;c__Bacteroidia;o__Bacteroidales;f__Bacteroidaceae;g__Bacteroides;s__Bacteroides_uniformis	k__Bacteria;p__Bacteroidetes;c__Bacteroidia;o__Bacteroidales;f__Rikenellaceae;g__Alistipes;s__Alistipes_putredinis	k__Bacteria;p__Bacteroidetes;c__Bacteroidia;o__Bacteroidales;f__Prevotellaceae;g__Prevotella;s__Prevotella_copri	k__Bacteria;p__Bacteroidetes;c__Bacteroidia;o__Bacteroidales;f__Bacteroidaceae;g__Bacteroides;s__Bacteroides_stercoris	k__Bacteria;p__Bacteroidetes;c__Bacteroidia;o__Bacteroidales;f__Bacteroidaceae;g__Bacteroides;s__Bacteroides_ovatus	k__Bacteria;p__Bacteroidetes;c__Bacteroidia;o__Bacteroidales;f__Rikenellaceae;g__Alistipes;s__Alistipes_shahii	k__Bacteria;p__Firmicutes;c__Clostridia;o__Clostridiales;f__Ruminococcaceae;g__Faecalibacterium;s__Faecalibacterium_prausnitzii	k__Bacteria;p__Bacteroidetes;c__Bacteroidia;o__Bacteroidales;f__Rikenellaceae;g__Alistipes;s__Alistipes_finegoldii	k__Bacteria;p__Bacteroidetes;c__Bacteroidia;o__Bacteroidales;f__Porphyromonadaceae;g__Parabacteroides;s__Parabacteroides_distasonis	k__Bacteria;p__Bacteroidetes;c__Bacteroidia;o__Bacteroidales;f__Bacteroidaceae;g__Bacteroides;s__Bacteroides_thetaiotaomicron	k__Bacteria;p__Bacteroidetes;c__Bacteroidia;o__Bacteroidales;f__Bacteroidaceae;g__Bacteroides;s__Bacteroides_coprocola	k__Bacteria;p__Bacteroidetes;c__Bacteroidia;o__Bacteroidales;f__Bacteroidaceae;g__Bacteroides;s__Bacteroides_cellulosilyticus	k__Bacteria;p__Bacteroidetes;c__Bacteroidia;o__Bacteroidales;f__Rikenellaceae;g__Alistipes;s__Alistipes_obesi	k__Bacteria;p__Firmicutes;c__Clostridia;o__Clostridiales;f__Lachnospiraceae;g__;s__[Eubacterium]_rectale	k__Bacteria;p__Bacteroidetes;c__Bacteroidia;o__Bacteroidales;f__Bacteroidaceae;g__Bacteroides;s__Bacteroides_plebeius	k__Bacteria;p__Bacteroidetes;c__Bacteroidia;o__Bacteroidales;f__Bacteroidaceae;g__Bacteroides;s__Bacteroides_fragilis	k__Bacteria;p__Proteobacteria;c__Betaproteobacteria;o__Burkholderiales;f__Sutterellaceae;g__Sutterella;s__Sutterella_wadsworthensis	k__Bacteria;p__Bacteroidetes;c__Bacteroidia;o__Bacteroidales;f__Porphyromonadaceae;g__Barnesiella;s__Barnesiella_intestinihominis	k__Bacteria;p__Bacteroidetes;c__Bacteroidia;o__Bacteroidales;f__Odoribacteraceae;g__Odoribacter;s__Odoribacter_splanchnicus	k__Bacteria;p__Bacteroidetes;c__Bacteroidia;o__Bacteroidales;f__Bacteroidaceae;g__Bacteroides;s__Bacteroides_salyersiae	k__Bacteria;p__Firmicutes;c__Clostridia;o__Clostridiales;f__Ruminococcaceae;g__Ruminiclostridium;s__[Eubacterium]_siraeum	k__Bacteria;p__Proteobacteria;c__Betaproteobacteria;o__Burkholderiales;f__Sutterellaceae;g__Parasutterella;s__Parasutterella_excrementihominis	k__Bacteria;p__Actinobacteria;c__Actinobacteria;o__Bifidobacteriales;f__Bifidobacteriaceae;g__Bifidobacterium;s__Bifidobacterium_adolescentis	k__Bacteria;p__Firmicutes;c__Clostridia;o__Clostridiales;f__Oscillospiraceae;g__Oscillibacter;s__Oscillibacter_sp._KLE_1745	k__Bacteria;p__Bacteroidetes;c__Bacteroidia;o__Bacteroidales;f__Bacteroidaceae;g__Bacteroides;s__Bacteroides_coprophilus	k__Bacteria;p__Firmicutes;c__Clostridia;o__Clostridiales;f__Lachnospiraceae;g__Roseburia;s__Roseburia_intestinalis	k__Bacteria;p__Firmicutes;c__Clostridia;o__Clostridiales;f__Lachnospiraceae;g__Roseburia;s__Roseburia_hominis	k__Bacteria;p__Bacteroidetes;c__Bacteroidia;o__Bacteroidales;f__Porphyromonadaceae;g__Parabacteroides;s__Parabacteroides_johnsonii	k__Bacteria;p__Actinobacteria;c__Actinobacteria;o__Bifidobacteriales;f__Bifidobacteriaceae;g__Bifidobacterium;s__Bifidobacterium_longum	k__Bacteria;p__Firmicutes;c__Clostridia;o__Clostridiales;f__;g__Flavonifractor;s__Flavonifractor_plautii	k__Bacteria;p__Firmicutes;c__Clostridia;o__Clostridiales;f__Clostridiaceae;g__Clostridium;s__Clostridium_phoceensis	k__Bacteria;p__Verrucomicrobia;c__Verrucomicrobiae;o__Verrucomicrobiales;f__Akkermansiaceae;g__Akkermansia;s__Akkermansia_muciniphila	k__Bacteria;p__Bacteroidetes;c__Bacteroidia;o__Bacteroidales;f__Prevotellaceae;g__Paraprevotella;s__Paraprevotella_xylaniphila	k__Bacteria;p__Firmicutes;c__Clostridia;o__Clostridiales;f__Ruminococcaceae;g__Ruminococcus;s__Ruminococcus_callidus	k__Bacteria;p__Bacteroidetes;c__Bacteroidia;o__Bacteroidales;f__Rikenellaceae;g__Alistipes;s__Alistipes_senegalensis	k__Bacteria;p__Firmicutes;c__Clostridia;o__Clostridiales;f__Lachnospiraceae;g__Blautia;s__Blautia_sp._KLE_1732	k__Bacteria;p__Bacteroidetes;c__Bacteroidia;o__Bacteroidales;f__Bacteroidaceae;g__Bacteroides;s__Bacteroides_oleiciplenus	k__Bacteria;p__Firmicutes;c__Clostridia;o__Clostridiales;f__Ruminococcaceae;g__Ruminococcus;s__Ruminococcus_bicirculans	k__Bacteria;p__Bacteroidetes;c__Bacteroidia;o__Bacteroidales;f__Bacteroidaceae;g__Bacteroides;s__Bacteroides_fluxus	k__Bacteria;p__Bacteroidetes;c__Bacteroidia;o__Bacteroidales;f__Prevotellaceae;g__Prevotella;s__Prevotella_stercorea	k__Bacteria;p__Firmicutes;c__Clostridia;o__Clostridiales;f__Lachnospiraceae;g__Dorea;s__Dorea_longicatena	k__Bacteria;p__Firmicutes;c__Clostridia;o__Clostridiales;f__Eubacteriaceae;g__Eubacterium;s__[Eubacterium]_eligens	k__Bacteria;p__Firmicutes;c__Clostridia;o__Clostridiales;f__Ruminococcaceae;g__;s__Ruminococcaceae_bacterium_D16	k__Bacteria;p__Firmicutes;c__Clostridia;o__Clostridiales;f__Lachnospiraceae;g__Coprococcus;s__Coprococcus_comes	k__Bacteria;p__Proteobacteria;c__Gammaproteobacteria;o__Enterobacterales;f__Enterobacteriaceae;g__Escherichia;s__Escherichia_coli	k__Bacteria;p__Firmicutes;c__Clostridia;o__Clostridiales;f__Ruminococcaceae;g__Anaerotruncus;s__Anaerotruncus_colihominis	k__Bacteria;p__Firmicutes;c__Clostridia;o__Clostridiales;f__Lachnospiraceae;g__Blautia;s__Blautia_obeum	k__Bacteria;p__Bacteroidetes;c__Bacteroidia;o__Bacteroidales;f__Odoribacteraceae;g__Odoribacter;s__Odoribacter_laneus	k__Bacteria;p__Firmicutes;c__Clostridia;o__Clostridiales;f__Ruminococcaceae;g__Ruminiclostridium;s__[Clostridium]_leptum	k__Bacteria;p__Bacteroidetes;c__Bacteroidia;o__Bacteroidales;f__Porphyromonadaceae;g__Parabacteroides;s__Parabacteroides_goldsteinii	k__Bacteria;p__Firmicutes;c__Clostridia;o__Clostridiales;f__Lachnospiraceae;g__Anaerostipes;s__Anaerostipes_hadrus	k__Bacteria;p__Firmicutes;c__Clostridia;o__Clostridiales;f__Ruminococcaceae;g__Ruminococcus;s__Ruminococcus_lactaris	k__Bacteria;p__Firmicutes;c__Clostridia;o__Clostridiales;f__Clostridiaceae;g__Clostridium;s__Clostridium_sp._L2-50	k__Bacteria;p__Firmicutes;c__Clostridia;o__Clostridiales;f__Clostridiaceae;g__Clostridium;s__Clostridium_sp._M62/1	k__Bacteria;p__Firmicutes;c__Clostridia;o__Clostridiales;f__;g__Intestinimonas;s__Intestinimonas_butyriciproducens	k__Bacteria;p__Actinobacteria;c__Actinobacteria;o__Bifidobacteriales;f__Bifidobacteriaceae;g__Bifidobacterium;s__Bifidobacterium_bifidum	k__Bacteria;p__Firmicutes;c__Negativicutes;o__Veillonellales;f__Veillonellaceae;g__Dialister;s__Dialister_invisus	k__Bacteria;p__Bacteroidetes;c__Bacteroidia;o__Bacteroidales;f__Bacteroidaceae;g__Bacteroides;s__Bacteroides_salanitronis
k__Bacteria;p__Bacteroidetes;c__Bacteroidia;o__Bacteroidales;f__Bacteroidaceae;g__Bacteroides;s__Bacteroides_vulgatus	1.0	-0.00569356018776	0.00101630711419	-0.0621691060341	0.0333918455942	-0.0238602748012	-0.0324790624042	0.0311675391953	-0.0145291464917	-0.04795200911	-0.0215301231678	-0.0323219818834	0.00470246033923	-0.0344492430517	0.0534280293659	-0.0339672446717	-0.000225445223603	-0.0205895727486	-0.0532651531912	0.00571448263605	-0.0269385676274	-0.014876586418	0.0700699305568	0.00958451380358	-0.0257460466728	-0.0326828212611	-0.00659894359337	-0.0465431322946	-0.0280174516004	0.0123807679196	0.0941116396573	0.0131296122174	-0.047429553821	-0.0308143300131	0.00435491789489	0.052076183022	0.0197897886615	-0.058136832392	-0.0446414099955	-0.0662353656139	0.0193279208186	0.0117650230599	-0.04983902799	-0.0189918599176	0.0683179245364	0.0270071756104	-0.0200307866219	-0.0148461418739	-0.00595365159438	-0.0175693669192	0.045780717265	0.0166910781371	0.0187137197654	-0.0144964658304	-0.12883963435	0.0109615776187	0.00337619595517	-0.0146899911305	-0.0289800720749
k__Bacteria;p__Bacteroidetes;c__Bacteroidia;o__Bacteroidales;f__Bacteroidaceae;g__Bacteroides;s__Bacteroides_uniformis	-0.00569356018776	1.0	0.071404844925	-0.0265375434483	0.0292495671242	-0.04681066691	-0.00414023658638	0.0102729453377	-0.036406857201	0.00976983574971	-0.0211355354981	0.0200158255462	-0.0159618559752	-0.00947950500496	-0.0256202088697	-0.00528795465244	-0.0117033694755	0.0129798030612	0.0217113672807	-0.0762308833306	0.0231815797022	-0.000856882619957	-0.0123533426141	-0.0312354980535	-0.00634953516707	0.0544616724576	-0.00110687483817	-0.00955496807421	-0.0563697689965	-0.0439310088985	-0.0275259334385	0.0278348856647	-0.015977025548	0.00306235300715	-0.00941883408183	-0.0083498752003	-0.0106701854523	-0.0411473837049	0.00745430057999	-0.0340972874864	0.00618382668866	-0.0312161418133	-0.0286358103355	0.0265309725941	-0.0418451744826	-0.0134518223468	0.0268054995927	-9.44501740338e-05	7.4006170155e-05	0.0230523766246	-0.113898080019	-0.0288628396801	0.000982761313109	0.0114613016969	-0.00657667143781	0.0285676216927	-0.0138427418062	-0.0101238909764	-0.00346067263731
k__Bacteria;p__Bacteroidetes;c__Bacteroidia;o__Bacteroidales;f__Rikenellaceae;g__Alistipes;s__Alistipes_putredinis	0.00101630711419	0.071404844925	1.0	-0.0280101834118	-0.0252278754271	0.0812676476565	-0.0138087639623	0.00410887726415	-0.0177475251376	0.0317519089374	0.033525976322	-0.0037316372036	0.0275011994941	-0.00136620689663	-0.0550277928748	-0.0353832205618	-0.00380399021861	-0.0398421419835	-0.0124593528156	0.00100159461679	0.0504775527483	-0.0141691448251	-0.00879733070373	-0.0296421779012	-0.0239623369713	-0.0173547788817	0.0214034344091	-0.0202682114406	0.0169454717471	-0.0630022115357	0.00631379741604	-0.0206322075638	0.0232717070844	-0.0139936103289	-0.0349780213866	-0.105641580815	0.0168621539278	-0.0027135928767	0.0196127898749	-0.00514013950013	-0.0431025769095	-0.0123858023543	0.00975264822771	-0.0313059409233	-0.0655733997601	0.00558367944629	-0.00158362323348	-0.0510261544078	-0.0107652560907	-0.0080669804987	0.0427521124439	-0.00879558943477	0.00205201214317	0.00770370792214	-0.0603651790387	0.0375251671784	-0.0190392621897	0.0383636683646	-0.0835468192451
k__Bacteria;p__Bacteroidetes;c__Bacteroidia;o__Bacteroidales;f__Prevotellaceae;g__Prevotella;s__Prevotella_copri	-0.0621691060341	-0.0265375434483	-0.0280101834118	1.0	-0.0108399066304	0.0241095865428	-0.0103026439655	-0.0177091611665	0.0247280189141	-0.0419115549326	0.0187563472388	0.0392104884193	-0.0147533641044	-0.0403303318216	0.0103548170138	-0.0345569396567	-0.00869649642715	-0.0180359930215	-0.0220118973585	-0.025597523179	-0.0568415160706	-0.00923401540027	-0.0306817932961	-0.0197749782446	-0.0111683677619	0.0151087321919	0.0255401362713	-0.0324254634554	-0.041167075188	0.0118263799225	-0.0150964033477	-0.00995845742279	0.0156196686861	-0.00856613180822	0.0597869045037	0.0277268914137	-0.0704740438765	-0.0795224457857	0.00699078299622	-0.00288962717312	0.0164050601559	0.00957866374541	0.0997376655871	0.00510558184907	-0.0363048986013	0.0467179675501	-0.0274041825806	-0.00196938896936	-0.0333216127824	-0.0209642235978	-0.0541821445599	0.0658607024398	-0.0136511738806	-0.0297880975794	-0.0633006970567	-0.0104883989274	-0.0180142708754	0.00218134771612	0.0619276704763
k__Bacteria;p__Bacteroidetes;c__Bacteroidia;o__Bacteroidales;f__Bacteroidaceae;g__Bacteroides;s__Bacteroides_stercoris	0.0333918455942	0.0292495671242	-0.0252278754271	-0.0108399066304	1.0	0.0203392223319	-0.0251267022085	-0.0114177698382	0.0298265625076	0.0392677233378	0.0243102017825	-0.0369947184889	-0.023311676598	0.0570968990744	0.0382742845366	-0.0383303144927	0.00113507315188	0.0509451640871	0.0709521793221	-0.0060268801851	-0.0327859110811	-0.0175369360742	0.000318416001609	-0.064990817671	-0.00459412838324	-0.0757433133086	0.00398094405634	-0.0193118422619	-0.0414949235319	-0.0443331353786	-0.0366293365403	0.02221732252	-0.00975691616539	-0.0409799589398	0.0113301549625	-0.0545332211231	-0.0316439990962	-0.0225695200184	-0.0251289768887	0.0033741610726	0.0191438518447	0.0128268739817	0.0195804827576	0.0127154238966	0.0251294469864	0.0222396781921	0.0122835949091	-0.0345696602882	0.00465095113176	0.0334882700086	0.018563223104	0.0220828055585	-0.0175744647131	0.0609354061094	-0.0419033449213	-0.0518356474846	-0.0956924758523	-0.0331994605458	-0.0768977412149
k__Bacteria;p__Bacteroidetes;c__Bacteroidia;o__Bacteroidales;f__Bacteroidaceae;g__Bacteroides;s__Bacteroides_ovatus	-0.0238602748012	-0.04681066691	0.0812676476565	0.0241095865428	0.0203392223319	1.0	-0.00867461072624	-0.0479996790865	0.0312307646631	0.0332419958374	-0.0120764563025	-0.0239674262626	-0.033268634192	-0.0125150970345	0.0316220074112	-0.0162034218719	0.0205191327897	0.0207018055501	0.0242472738948	0.0225135809028	-0.0222036547277	-0.035083887445	-0.0528307424181	-0.0434883247885	-0.00994985840068	-0.0605522600087	-0.0492513599472	0.00131713000934	-0.00178174952924	0.0729498551939	0.00417322227615	-0.00953587200065	-0.0491462060386	-0.056262282874	-0.0449134809123	-0.0394476380114	0.0043294574615	0.0285972095575	0.0271576733662	0.0066094190457	-0.017449917928	0.0502691174976	9.4386591851e-05	-0.0801699743605	0.0304900667341	0.0593759271215	0.000750030230284	-0.0767991721481	0.0788782262581	0.00645183437453	-0.035825909304	0.0773598313331	-0.053246159949	0.0441284415453	-0.0519152042045	-0.0106192321952	0.02758191079	0.0223451935467	-0.049731263276
k__Bacteria;p__Bacteroidetes;c__Bacteroidia;o__Bacteroidales;f__Rikenellaceae;g__Alistipes;s__Alistipes_shahii	-0.0324790624042	-0.00414023658638	-0.0138087639623	-0.0103026439655	-0.0251267022085	-0.00867461072624	1.0	0.00925556871922	0.0303661531028	0.0543789472386	-0.0376875116863	0.0456583919756	-0.0136950282699	-0.0298039523446	-0.0616105176581	-0.0361992426076	0.00208939738737	0.0484281140303	-0.0292246258959	-0.0480267436788	-0.0008621152623	0.00508294355321	-0.0346840807707	0.0220887135984	-0.0110128266576	-0.0499692497737	0.0108749655244	0.0391183296456	-0.00748331797901	-0.0299385285787	0.0171271685582	-0.0266606181519	0.0190123726594	0.0151895156621	-0.0309596519891	-0.0262200759232	-0.0230511369633	-0.0199820639433	0.0247502910042	-0.0333728409382	-0.00401551949993	-0.00892834623016	0.0537849083965	0.0295713574612	0.0310908664268	-0.00427157321164	-0.0035065070555	-0.0231791954227	-0.0315590130296	0.0275189727954	-0.0758607012532	0.0271236487655	0.00730833051692	0.0192188480938	-0.0368860511312	0.0290928823392	-0.0374908790577	0.00707432801888	-0.00502199406796
k__Bacteria;p__Firmicutes;c__Clostridia;o__Clostridiales;f__Ruminococcaceae;g__Faecalibacterium;s__Faecalibacterium_prausnitzii	0.0311675391953	0.0102729453377	0.00410887726415	-0.0177091611665	-0.0114177698382	-0.0479996790865	0.00925556871922	1.0	-0.0132393613498	-0.0327287572949	0.0100804544292	-0.000373643420347	0.0319116503539	-0.0104396241302	-0.00523696607764	-0.0713623939119	-0.0437104420016	-0.0490714708003	0.0356616106042	0.0364734904077	0.041692943643	0.00367096452595	-0.0162716359526	0.00209708068036	-0.0147995564171	-0.0429190210174	-0.0189438546749	-0.0203935344178	-0.0114289551957	0.020351892125	-0.052920489833	0.0429502406406	-0.0186042280481	-0.0187451073345	0.0274687741733	0.00535625290022	-0.0123571615099	-0.00665794504412	-0.0249442816437	0.0249027252896	-0.0826631758209	-0.071576770195	0.0629977453349	-0.0227711800499	0.0236248370238	-0.0314828786401	0.0123719199565	-0.0177455654347	0.0279927798071	0.0202425643912	-0.0253466911324	-0.0243262437671	-0.0351997193249	-0.00753939660603	0.0239634200926	0.0375174299028	-0.0351819544829	-0.0576806964757	-0.0364355463845
k__Bacteria;p__Bacteroidetes;c__Bacteroidia;o__Bacteroidales;f__Rikenellaceae;g__Alistipes;s__Alistipes_finegoldii	-0.0145291464917	-0.036406857201	-0.0177475251376	0.0247280189141	0.0298265625076	0.0312307646631	0.0303661531028	-0.0132393613498	1.0	-0.00220481357246	-0.0436533279331	-0.0485316541486	-0.0195155184135	-0.03960611511	0.00309865937724	0.00604004502991	-0.0381712049313	0.00694342027261	-0.0608663227871	-0.0537117646925	-0.000942120463153	-0.0098532166954	-0.00181351061119	-0.0426669872306	0.0381357593144	0.0415273132373	-0.0023811006068	0.0297178151736	0.00965505545563	0.0243570482022	-0.0483309723103	-0.0486526683162	0.051105214926	0.00477900535824	-0.0398374903741	0.0253706896711	-0.0296269110005	-0.00541967790112	-0.0484432875024	-0.0184387670869	0.00711760192866	0.065352603614	-0.042436103071	-0.0588461709967	0.0174797908394	-0.0696298828852	0.004246965462	0.0304197252616	-0.0482358016724	0.0200521603922	-0.0246544056465	-0.000595971832891	0.00771659200682	-0.0493119816264	0.0344423047715	0.0148945746832	0.00143990293316	0.00694757660027	0.0373740585223
k__Bacteria;p__Bacteroidetes;c__Bacteroidia;o__Bacteroidales;f__Porphyromonadaceae;g__Parabacteroides;s__Parabacteroides_distasonis	-0.04795200911	0.00976983574971	0.0317519089374	-0.0419115549326	0.0392677233378	0.0332419958374	0.0543789472386	-0.0327287572949	-0.00220481357246	1.0	-0.00259617384957	0.0523341498038	-0.0512433349916	-0.0117426314593	-0.0324636030348	0.0207104547735	-0.0350770612198	-0.0138118626883	-0.0320008443073	0.0203036377129	-0.0592562573434	-0.00118257275163	-0.0420117692825	-0.0361500088541	0.0120906887713	0.0224336812663	-0.0138607326389	-0.0838110835659	0.00483915751126	-0.0243425552868	0.0020117388458	-0.0134145313887	-0.0112600118525	-0.0143402007886	-0.026079761875	0.00906823217951	-0.0168656317142	0.00521811759087	-0.0665790548841	0.0259755070226	-0.0260811241333	0.0057917584653	0.0367946081319	0.0557153308304	-0.0601521885104	0.0221458259741	0.0605812310811	-0.059482740432	0.0128505160591	-0.0235059326248	-0.0401368973767	0.0114533760932	0.00191330292168	-0.0605750917581	-0.0191093946524	-0.0442452877308	-0.0317398258282	-0.00567985774819	0.0372323061665
k__Bacteria;p__Bacteroidetes;c__Bacteroidia;o__Bacteroidales;f__Bacteroidaceae;g__Bacteroides;s__Bacteroides_thetaiotaomicron	-0.0215301231678	-0.0211355354981	0.033525976322	0.0187563472388	0.0243102017825	-0.0120764563025	-0.0376875116863	0.0100804544292	-0.0436533279331	-0.00259617384958	1.0	0.0458122112826	-0.0195722794322	0.0187059175542	-0.0123503377077	-0.0144784463585	-0.0253013178442	0.0122435166504	-0.0236598576131	-0.0521451495907	0.0437915613617	0.0160096860496	-0.0499270064231	0.0320686050734	-0.0253098334263	-0.0537665192523	-0.0387355622525	-0.0376023861679	-0.0129870890909	-0.0268564313968	0.0590902071349	0.0469801662964	-0.0292140205972	0.011324982317	-0.00434133072778	-0.0403703879304	-0.0140832689631	-0.033280932249	-0.00887219269624	0.00415869322919	-0.00120522988679	0.0160017995776	-0.00591045828291	-0.0597838940193	-0.0630198725823	0.0216744569034	0.0108479817378	0.0060376563613	0.000985090189896	-0.0301365998752	-0.02204538782	0.00243620804684	-0.0224216970303	0.0784620676095	-0.00421105074661	-0.00246008497587	-0.0490944651115	-0.0653866655564	-0.0127217146376
k__Bacteria;p__Bacteroidetes;c__Bacteroidia;o__Bacteroidales;f__Bacteroidaceae;g__Bacteroides;s__Bacteroides_coprocola	-0.0323219818834	0.0200158255462	-0.0037316372036	0.0392104884193	-0.0369947184889	-0.0239674262626	0.0456583919756	-0.000373643420347	-0.0485316541486	0.0523341498038	0.0458122112826	1.0	-0.0287094839489	0.0654786445604	-0.0146683707252	-0.0497815069825	0.0235458538672	-0.029489636978	-0.0530708820059	-0.0123393434786	0.0184015624195	-0.0142080255616	-0.0164820909538	0.0156472760205	-0.0198455300201	0.04321390944	-0.00226505436347	0.0724822953363	-0.0481585751901	-0.031131450105	0.039459667126	-0.0510360516656	0.0418977127011	-0.0373515637032	-0.0393733349623	-0.00899058540658	-0.0419727375162	0.00862710157048	-0.0123055956673	0.0114562774888	0.0102732482748	-0.0229035941837	0.0324377317847	0.0172685905592	-0.0254152434554	0.0494863896644	-0.0741694855046	-0.0180388949533	-0.0034747323776	0.0492482538405	-0.0313772630321	0.0289063918686	0.0334010029931	-0.0501318481108	0.0379482300691	-0.0650670850076	0.0414177691435	-0.0409593998045	-0.0265660278464
k__Bacteria;p__Bacteroidetes;c__Bacteroidia;o__Bacteroidales;f__Bacteroidaceae;g__Bacteroides;s__Bacteroides_cellulosilyticus	0.00470246033923	-0.0159618559752	0.0275011994941	-0.0147533641044	-0.023311676598	-0.033268634192	-0.0136950282699	0.0319116503539	-0.0195155184135	-0.0512433349916	-0.0195722794322	-0.0287094839489	1.0	-0.0219051488327	-0.0302208311217	-0.0246415734684	0.0241401376161	-0.0354094325697	-0.0243886385195	-0.053570340801	0.0121859295621	-0.0284920337874	0.00451006063662	0.0183952413867	-0.0932530078051	0.0540773230181	-0.00696598438307	-0.00540486103861	-0.0127172157568	0.0327043337546	-0.0249997830931	-0.0672413431413	-0.0474409108935	0.0636865121853	-0.0074554243332	0.00351735860847	-0.021811156984	0.0481664582656	0.00138224026242	-0.0161192765794	-0.03460182615	-0.0128209864893	0.0112621550176	0.00901740115897	-0.00476442597224	-0.0839953057041	0.00927188039825	0.0214470060049	0.0114332599919	0.0294314263291	0.0284950201478	0.0096931508404	0.00470459821236	0.00313821256951	0.071894507859	0.0391381685611	0.0233388193076	-0.00411058662754	-0.0158677191367
k__Bacteria;p__Bacteroidetes;c__Bacteroidia;o__Bacteroidales;f__Rikenellaceae;g__Alistipes;s__Alistipes_obesi	-0.0344492430517	-0.00947950500496	-0.00136620689663	-0.0403303318216	0.0570968990744	-0.0125150970345	-0.0298039523446	-0.0104396241302	-0.03960611511	-0.0117426314593	0.0187059175542	0.0654786445604	-0.0219051488327	1.0	-0.0131591644624	-0.0384754411725	0.00288953094095	0.0430486868413	-0.077464190277	0.0589595210095	-0.0162644438526	0.0210835849894	-0.014994133915	-0.0533819665253	-0.0874316102295	0.0395357014112	-0.0342645623225	-0.0618678028015	0.00735200905924	0.0478875576278	-0.0224068029134	0.00084248640398	-0.0426708754098	-0.0131348867491	0.0053372283388	0.00397250400662	0.0237093206745	0.0600297470613	0.0170753816189	0.00435198610094	-0.0439920600285	-0.0467747865518	-0.0301604362057	0.0429615917648	-0.04500902495	0.0527636526333	0.0152414322375	0.0113543859699	-0.0762541587492	-0.0566257083713	0.00350982708468	-0.00722229185762	-0.029066145147	-0.0240370366869	0.0356967332279	-0.0238762603157	0.0262681749461	-0.0424959122284	0.0289066031585
k__Bacteria;p__Firmicutes;c__Clostridia;o__Clostridiales;f__Lachnospiraceae;g__;s__[Eubacterium]_rectale	0.0534280293659	-0.0256202088697	-0.0550277928748	0.0103548170138	0.0382742845366	0.0316220074112	-0.0616105176581	-0.00523696607764	0.00309865937724	-0.0324636030348	-0.0123503377077	-0.0146683707252	-0.0302208311217	-0.0131591644624	1.0	0.0547675028867	-0.0269380021707	-0.00618096350551	-0.0211422675992	-0.00873130843477	0.00233319128462	-0.000552585898153	-0.050738408676	-0.0461932936303	-0.0422164424854	-0.0390738724946	0.0126925560147	-0.0404839356177	-0.00423122992075	0.000146961986845	-0.0148267075385	0.00446510089912	-0.0105228410065	0.0193948416009	-0.00983045661662	0.0160031890131	-0.00105519899584	-0.0220024853768	0.00262755972931	0.0377786187787	-0.0380791783653	0.0130503044763	-0.0175917906464	0.0335205589835	-0.0280500065512	-0.0421789173074	0.0348352517672	-0.00481694399795	-0.0189073413031	-0.037247940505	0.0477056369186	-0.0192144761647	-0.0250297187953	0.0195718907743	0.00904891084926	-0.00341661180955	-0.0133257788367	0.0175080067427	0.0512306378374
k__Bacteria;p__Bacteroidetes;c__Bacteroidia;o__Bacteroidales;f__Bacteroidaceae;g__Bacteroides;s__Bacteroides_plebeius	-0.0339672446717	-0.00528795465244	-0.0353832205618	-0.0345569396567	-0.0383303144927	-0.0162034218719	-0.0361992426076	-0.0713623939119	0.00604004502991	0.0207104547735	-0.0144784463585	-0.0497815069825	-0.0246415734684	-0.0384754411725	0.0547675028867	1.0	-0.0170224926998	0.0234043268995	-0.0284437323026	-0.027140674229	-0.0756219172513	-0.0233894763691	-0.0349314500841	-0.022639805877	0.0394509516892	-0.0143716670824	-0.0447013363135	0.0129003087757	0.00680994406818	0.0226974764247	-0.0200853628519	0.00398255610315	0.00785612150841	-0.0246943023163	0.00345259459138	-0.000369014721423	0.0160838557161	0.0504289997219	0.0231434351279	0.00465069831592	0.0109914452807	0.00776317941328	-0.00906500931296	0.0198589274472	-0.0124038707282	0.0114572427949	-0.0238466580775	0.0121102383028	0.0716607419955	0.0641485397564	-0.00386315873661	-0.0529052584378	-0.0129968222079	-0.00842691118141	-0.0162575847256	-0.0652310919479	0.0354605674458	-0.0442623636675	-0.0549125420018
k__Bacteria;p__Bacteroidetes;c__Bacteroidia;o__Bacteroidales;f__Bacteroidaceae;g__Bacteroides;s__Bacteroides_fragilis	-0.000225445223603	-0.0117033694755	-0.00380399021861	-0.00869649642715	0.00113507315188	0.0205191327897	0.00208939738737	-0.0437104420016	-0.0381712049313	-0.0350770612198	-0.0253013178442	0.0235458538672	0.0241401376161	0.00288953094095	-0.0269380021707	-0.0170224926998	1.0	0.00922215984731	-0.0127065386955	-0.00569157347351	-0.0399159771193	-0.00519575748007	-0.0156883987386	-0.0311373758003	0.0272747185904	0.00916181171381	-0.00662238448491	0.0246154986789	-0.0194618563539	-0.0905579017811	-0.0526619121471	0.0164734302335	-0.0274768864735	0.026792409026	0.00160871913941	0.0670607222236	0.0163253146079	-0.0464297842069	-0.0163672261572	-0.0126420223102	0.0057267922754	0.0156940046714	-0.0683875937144	0.0106334699052	-0.0529958359805	0.0180769078177	0.0125742325864	-0.0746443501702	0.0181297651533	0.000155637238941	-0.0325722802453	0.0135520739262	-0.0227799391638	-0.0163713412576	-0.014493670756	0.0282058571512	0.0366081339722	-0.0326034975669	-0.00589759849689
k__Bacteria;p__Proteobacteria;c__Betaproteobacteria;o__Burkholderiales;f__Sutterellaceae;g__Sutterella;s__Sutterella_wadsworthensis	-0.0205895727486	0.0129798030612	-0.0398421419835	-0.0180359930215	0.0509451640871	0.0207018055501	0.0484281140303	-0.0490714708003	0.00694342027261	-0.0138118626883	0.0122435166504	-0.029489636978	-0.0354094325697	0.0430486868413	-0.00618096350551	0.0234043268995	0.00922215984731	1.0	-0.088203890474	0.0066009168545	0.0258665893812	0.0218784433321	-0.0139423024988	-0.014447553619	-0.0438470796794	0.00603465414055	-0.0224134222925	-0.0601016105654	0.0222643529817	0.0132269268455	-0.0320186401091	0.0125669256399	-0.0154877779854	0.0109328443919	-0.0346063590001	-0.016048642246	0.0325466888427	-0.0386335316286	0.0441462278378	-0.069063936347	-0.0288623868253	0.00351546004804	-0.0412248033002	-0.0157466544027	0.00278487312078	0.0724799240383	-0.00650412843119	-0.00749917341966	-0.0632492147372	0.017744649046	0.0318817450422	-0.0102174616781	-0.0249663165872	0.0461798141559	-0.0219015812724	0.0485906388379	-0.0150331618207	0.0025688659534	-0.0866515871212
k__Bacteria;p__Bacteroidetes;c__Bacteroidia;o__Bacteroidales;f__Porphyromonadaceae;g__Barnesiella;s__Barnesiella_intestinihominis	-0.0532651531912	0.0217113672807	-0.0124593528156	-0.0220118973585	0.0709521793221	0.0242472738948	-0.0292246258959	0.0356616106042	-0.0608663227871	-0.0320008443073	-0.0236598576131	-0.0530708820059	-0.0243886385195	-0.077464190277	-0.0211422675992	-0.0284437323026	-0.0127065386955	-0.088203890474	1.0	-0.0157264656913	-0.012736531297	0.0449248466036	-0.0452672288351	-0.0467757903758	0.0506111914083	-0.0188746028419	0.0343493803357	0.0114999966551	-0.0604120509052	0.0189022031855	-0.0414295762917	-0.0361086973511	-0.059753292865	-0.0168622929226	0.0300175764893	0.00350509825496	0.0566649541323	-0.041393136116	-0.0175207885874	0.0214188086847	0.0228414185508	-0.0307151946056	0.0194162687799	-0.0216611842955	0.0167471213041	-0.00551340862497	0.0570821818537	-0.00206557225603	0.0214426757546	-0.0217550437083	0.00376889553651	-0.0292140417255	0.0298268295947	-0.0289617267404	0.0355077298446	0.0207752012679	-0.00780519958459	0.00928065745286	0.0142481766423
k__Bacteria;p__Bacteroidetes;c__Bacteroidia;o__Bacteroidales;f__Odoribacteraceae;g__Odoribacter;s__Odoribacter_splanchnicus	0.00571448263605	-0.0762308833306	0.00100159461679	-0.025597523179	-0.0060268801851	0.0225135809028	-0.0480267436788	0.0364734904077	-0.0537117646925	0.0203036377129	-0.0521451495907	-0.0123393434786	-0.053570340801	0.0589595210095	-0.00873130843477	-0.027140674229	-0.00569157347351	0.0066009168545	-0.0157264656913	1.0	0.00211678832976	-0.0486521117401	0.0193324697267	-0.0117438933049	-0.0142155327987	0.0450510034172	-0.039079791586	0.0277725223703	0.0502432790486	0.00218597805091	0.0174677181723	0.00123895409565	-0.0246009241901	-0.0336002437496	0.00698403362141	0.0320069488477	0.000660748382602	-0.0992388332397	-0.0160119655357	0.101014178706	-0.00999177202995	0.00718386244074	0.0356691479445	-0.0424762575676	-0.0160284940513	-0.0123836143614	0.00690447604802	0.0665322710522	-0.00357922125233	0.0292572689377	-0.0390351289961	-0.0567846933719	-0.0143278809153	-0.0199701829198	-0.00687867052256	-0.0188680614516	0.00637521146193	0.0285740974213	0.00426558524257
k__Bacteria;p__Bacteroidetes;c__Bacteroidia;o__Bacteroidales;f__Bacteroidaceae;g__Bacteroides;s__Bacteroides_salyersiae	-0.0269385676274	0.0231815797022	0.0504775527483	-0.0568415160706	-0.0327859110811	-0.0222036547277	-0.0008621152623	0.041692943643	-0.000942120463153	-0.0592562573434	0.0437915613617	0.0184015624195	0.0121859295621	-0.0162644438526	0.00233319128462	-0.0756219172513	-0.0399159771193	0.0258665893812	-0.012736531297	0.00211678832976	1.0	-0.0041385812564	-0.0315797020285	0.0408754699699	-0.0161161135511	-0.0464303512966	0.021351539051	-0.0321754960958	-0.0160975356843	-0.0529094638182	0.0202204227338	-0.0653278496053	-0.0134518988587	-0.00197649112406	-0.0136349461087	0.0170252462407	0.00366336950632	0.00701298421363	0.0259059162169	-0.0276589278422	-0.0263543104126	0.026289420899	-0.0350680866437	-0.0369293808557	-0.0170927707785	0.025515644988	-0.0292804266376	0.0112470824178	-0.0571578035823	-0.0264370405136	-0.0296899772663	0.0793630685925	-0.0269368995445	0.00105385384727	-0.0127825302897	0.0202679061413	0.00260632645885	-0.123420377371	-0.0356711767684
k__Bacteria;p__Firmicutes;c__Clostridia;o__Clostridiales;f__Ruminococcaceae;g__Ruminiclostridium;s__[Eubacterium]_siraeum	-0.014876586418	-0.000856882619957	-0.0141691448251	-0.00923401540027	-0.0175369360742	-0.035083887445	0.00508294355321	0.00367096452595	-0.0098532166954	-0.00118257275163	0.0160096860496	-0.0142080255616	-0.0284920337874	0.0210835849894	-0.000552585898153	-0.0233894763691	-0.00519575748007	0.0218784433321	0.0449248466036	-0.0486521117401	-0.0041385812564	1.0	-0.0422202716669	-0.0215520909538	0.0187509710362	0.0236973348169	0.0115894716833	-0.0401149234338	-0.0380638967506	-0.0306410491899	0.075680100143	-0.0186899026821	0.0511350035105	-0.0137269113074	-0.00203482487616	-0.0879647864107	-0.0033996816615	-0.0681221333121	-0.0202862928211	0.0744119297779	0.0548445035901	-0.00146898584076	0.0353776650684	-0.0856359727354	0.0302204088611	-0.0378623004523	-0.0187360870461	-0.0262800199548	0.0365800707066	-0.0296796059957	0.00919017298603	-0.0453151534504	0.0111385001763	0.00358327898825	0.00337256489679	0.0635795849521	0.00471451000446	-0.00616674336099	-0.000117534836049
k__Bacteria;p__Proteobacteria;c__Betaproteobacteria;o__Burkholderiales;f__Sutterellaceae;g__Parasutterella;s__Parasutterella_excrementihominis	0.0700699305568	-0.0123533426141	-0.00879733070373	-0.0306817932961	0.000318416001609	-0.0528307424181	-0.0346840807707	-0.0162716359526	-0.00181351061119	-0.0420117692825	-0.0499270064231	-0.0164820909538	0.00451006063662	-0.014994133915	-0.050738408676	-0.0349314500841	-0.0156883987386	-0.0139423024988	-0.0452672288351	0.0193324697267	-0.0315797020285	-0.0422202716669	1.0	0.0382327420253	0.00462645137359	-0.00259776244255	-0.0203290522416	-0.015332370872	0.0241218065843	0.0675297866096	-0.0513510221563	0.00814305750909	0.0237583738713	-0.010737660807	0.027215905751	0.00262633728418	-0.00868480096565	-0.0297006753612	-0.0284116699047	0.043477163282	0.0463474126938	-0.023885292149	0.0327225654928	0.0128738821119	-0.0044003677687	-0.0215111095151	0.00300813921412	-0.0311240304002	-0.00265025513775	-0.0148155711625	-0.033481683689	-0.0559074406202	-0.0475445699294	0.0448645385147	-0.0171861971853	0.032488032028	0.00671450748224	-0.01795390274	0.0549391099401
k__Bacteria;p__Actinobacteria;c__Actinobacteria;o__Bifidobacteriales;f__Bifidobacteriaceae;g__Bifidobacterium;s__Bifidobacterium_adolescentis	0.00958451380358	-0.0312354980535	-0.0296421779012	-0.0197749782446	-0.064990817671	-0.0434883247885	0.0220887135984	0.00209708068036	-0.0426669872306	-0.0361500088541	0.0320686050734	0.0156472760205	0.0183952413867	-0.0533819665253	-0.0461932936303	-0.022639805877	-0.0311373758003	-0.014447553619	-0.0467757903758	-0.0117438933049	0.0408754699699	-0.0215520909538	0.0382327420253	1.0	-0.0379740912735	-0.077133593944	-0.0235610488962	-0.0610552495424	0.0457917543852	-0.0064046625673	-0.0160968272036	0.00431498674657	-0.00369421842954	-0.0527099395079	-0.037972627428	-0.0274987610355	-0.0431711381955	0.00778638772166	-0.0128335232402	-0.00385490096689	0.0178059690019	-0.0034310353719	0.00748010984835	0.0413569853735	0.0215145366119	-0.021087562273	-0.033827796239	0.0213648603548	-0.022909579361	0.0198590191374	-0.000745479614728	0.059554579768	-0.0350654363474	0.0225171323694	0.023179201341	0.0125821832961	0.00866619531032	-0.00468822950375	0.0096533319977
k__Bacteria;p__Firmicutes;c__Clostridia;o__Clostridiales;f__Oscillospiraceae;g__Oscillibacter;s__Oscillibacter_sp._KLE_1745	-0.0257460466728	-0.00634953516707	-0.0239623369713	-0.0111683677619	-0.00459412838324	-0.00994985840068	-0.0110128266576	-0.0147995564171	0.0381357593144	0.0120906887713	-0.0253098334263	-0.0198455300201	-0.0932530078051	-0.0874316102295	-0.0422164424854	0.0394509516892	0.0272747185904	-0.0438470796794	0.0506111914083	-0.0142155327987	-0.0161161135511	0.0187509710362	0.00462645137359	-0.0379740912735	1.0	0.0143656443392	0.0200401673941	-0.00728635488949	0.0318434614414	-0.0116244901875	-0.0247341948378	0.0109895719918	0.056878119921	-0.0142872528556	-0.0499177997332	-0.00457148381041	0.00378358572527	-0.00757923750533	-0.0329677987379	0.0121213100312	-0.0177776874696	0.0353386429578	-0.028039301087	0.0294965860768	-0.032098902809	0.0105458732814	-0.0352371718464	-0.0422501511053	0.0324110125489	0.0608206579699	-0.0492610692902	-0.0353131581087	-0.0162544281685	-0.023674250528	0.0355948720487	0.0353782293699	-0.0783981558314	-0.0691240312513	0.00120492439048
k__Bacteria;p__Bacteroidetes;c__Bacteroidia;o__Bacteroidales;f__Bacteroidaceae;g__Bacteroides;s__Bacteroides_coprophilus	-0.0326828212611	0.0544616724576	-0.0173547788817	0.0151087321919	-0.0757433133086	-0.0605522600087	-0.0499692497737	-0.0429190210174	0.0415273132373	0.0224336812663	-0.0537665192523	0.04321390944	0.0540773230181	0.0395357014112	-0.0390738724946	-0.0143716670824	0.00916181171381	0.00603465414055	-0.0188746028419	0.0450510034172	-0.0464303512966	0.0236973348169	-0.00259776244255	-0.077133593944	0.0143656443392	1.0	-0.00584179646362	-0.0605120646671	0.0138432964229	-0.0301431615673	-0.0647276365232	-0.0469013743789	-0.0131653021272	0.0435114413664	0.0181138122271	-0.017616687589	0.0101946822359	-0.0153083889631	-0.0711970263258	-0.0266985158391	-0.0218735087376	-0.00478860744727	-0.0180957204761	-0.0470572650789	-0.0387174715269	-0.011444821853	0.0271178642506	0.0285788597377	0.0472767574691	0.024469368686	0.0181361459031	0.00262697523559	-0.0546963896731	-0.0318389053996	-0.0552808020214	0.0670847993936	0.00965055327322	-0.0071354551784	-0.0187947119819
k__Bacteria;p__Firmicutes;c__Clostridia;o__Clostridiales;f__Lachnospiraceae;g__Roseburia;s__Roseburia_intestinalis	-0.00659894359337	-0.00110687483817	0.0214034344091	0.0255401362713	0.00398094405634	-0.0492513599472	0.0108749655244	-0.0189438546749	-0.0023811006068	-0.0138607326389	-0.0387355622525	-0.00226505436347	-0.00696598438307	-0.0342645623225	0.0126925560147	-0.0447013363135	-0.00662238448491	-0.0224134222925	0.0343493803357	-0.039079791586	0.021351539051	0.0115894716833	-0.0203290522416	-0.0235610488962	0.0200401673941	-0.00584179646362	1.0	-0.0707284376503	-0.022285065031	-0.0199155880575	0.0043876695869	-0.0345583166438	-0.0544264330758	-0.0249757457533	-0.010178416654	0.0845721073764	-0.0385947897819	-0.0471067714772	-0.075934728182	-0.0128494150116	-0.00920691156063	0.0047651311266	0.00266275597003	-0.0508527525683	-0.0472248743814	0.0336435557948	-0.0191356052238	-0.0239996488875	0.000649009337915	-0.0268818600558	-0.00144494687837	0.00373164123049	-0.0346352704137	-0.00377173186336	-0.0337085269246	0.0322701327722	0.0156091729197	-0.0613703355122	-0.0619157245376
k__Bacteria;p__Firmicutes;c__Clostridia;o__Clostridiales;f__Lachnospiraceae;g__Roseburia;s__Roseburia_hominis	-0.0465431322946	-0.00955496807421	-0.0202682114406	-0.0324254634554	-0.0193118422619	0.00131713000934	0.0391183296456	-0.0203935344178	0.0297178151736	-0.0838110835659	-0.0376023861679	0.0724822953363	-0.00540486103861	-0.0618678028015	-0.0404839356177	0.0129003087757	0.0246154986789	-0.0601016105654	0.0114999966551	0.0277725223703	-0.0321754960958	-0.0401149234338	-0.015332370872	-0.0610552495424	-0.00728635488949	-0.0605120646671	-0.0707284376503	1.0	-0.0232826054873	0.0182913373832	-0.0395247306535	-0.0313190473289	0.0261484232064	-0.0129265720013	0.0176284037152	0.0368270598143	-0.0199080520904	0.0194403188908	-0.0274408133178	-0.0148097763849	-0.0352070800489	0.0825258726682	0.0122265653864	0.0187019930873	0.059665834464	-0.0218252940825	-0.0313278128661	-0.0429543391189	0.0153235285487	0.00208756116292	0.00221499152003	0.0357907115374	-0.0323927478874	0.00731783047615	0.0330441992906	-0.0292103634067	-0.010185815116	-0.00185197328184	-0.00651954422345
k__Bacteria;p__Bacteroidetes;c__Bacteroidia;o__Bacteroidales;f__Porphyromonadaceae;g__Parabacteroides;s__Parabacteroides_johnsonii	-0.0280174516004	-0.0563697689965	0.0169454717471	-0.041167075188	-0.0414949235319	-0.00178174952924	-0.00748331797901	-0.0114289551957	0.00965505545563	0.00483915751126	-0.0129870890909	-0.0481585751901	-0.0127172157568	0.00735200905924	-0.00423122992075	0.00680994406818	-0.0194618563539	0.0222643529817	-0.0604120509052	0.0502432790486	-0.0160975356843	-0.0380638967506	0.0241218065843	0.0457917543852	0.0318434614414	0.0138432964229	-0.022285065031	-0.0232826054873	1.0	-0.00709226949478	0.0538206927067	0.061074174165	-0.0158106040713	-0.0245362108042	-0.0566962126333	-0.0175828516726	-0.0264816638625	-0.0390751298146	0.0490693393729	-0.014723587178	0.0508456603063	-0.0277045413166	-0.0731477845965	-0.0229992257876	-0.0206443867145	0.046789983163	-0.0493703556258	0.0205096263322	0.0269484698889	0.0323677871549	-0.0516664298137	-0.0593319411613	0.021418926566	-0.0535356391747	-0.0236494658615	0.0128939442685	0.0527424460953	-0.049543307031	-0.00132875562292
k__Bacteria;p__Actinobacteria;c__Actinobacteria;o__Bifidobacteriales;f__Bifidobacteriaceae;g__Bifidobacterium;s__Bifidobacterium_longum	0.0123807679196	-0.0439310088985	-0.0630022115357	0.0118263799225	-0.0443331353786	0.0729498551939	-0.0299385285787	0.020351892125	0.0243570482022	-0.0243425552868	-0.0268564313968	-0.031131450105	0.0327043337546	0.0478875576278	0.000146961986845	0.0226974764247	-0.0905579017811	0.0132269268455	0.0189022031855	0.00218597805091	-0.0529094638182	-0.0306410491899	0.0675297866096	-0.0064046625673	-0.0116244901875	-0.0301431615673	-0.0199155880575	0.0182913373832	-0.00709226949478	1.0	-0.0205724547198	-0.0460257857176	-0.00675027075767	0.00444148852344	-0.03759665484	-0.0590957112469	-0.0136341209214	0.0276135586181	0.00983914214893	-0.0839801651266	0.0318500709323	0.0317409522316	0.000296508740142	0.0211676738284	0.0630126968092	0.0556249439795	-0.0133122721051	-0.0245188985992	-0.0231699737074	-0.0287687409624	-0.0203654625124	-0.0142191965473	0.0419289871223	0.0491801606791	-0.0559554254843	0.0256613361558	-0.0250870588616	0.00172676975032	-0.00459117802903
