#taxonomy	k__Bacteria;p__Bacteroidetes;c__Bacteroidia;o__Bacteroidales;f__Bacteroidaceae;g__Bacteroides;s__Bacteroides_vulgatus	k__Bacteria;p__Bacteroidetes;c__Bacteroidia;o__Bacteroidales;f__Bacteroidaceae;g__Bacteroides;s__Bacteroides_uniformis	k__Bacteria;p__Bacteroidetes;c__Bacteroidia;o__Bacteroidales;f__Rikenellaceae;g__Alistipes;s__Alistipes_putredinis	k__Bacteria;p__Bacteroidetes;c__Bacteroidia;o__Bacteroidales;f__Prevotellaceae;g__Prevotella;s__Prevotella_copri	k__Bacteria;p__Bacteroidetes;c__Bacteroidia;o__Bacteroidales;f__Bacteroidaceae;g__Bacteroides;s__Bacteroides_stercoris	k__Bacteria;p__Bacteroidetes;c__Bacteroidia;o__Bacteroidales;f__Bacteroidaceae;g__Bacteroides;s__Bacteroides_ovatus	k__Bacteria;p__Bacteroidetes;c__Bacteroidia;o__Bacteroidales;f__Rikenellaceae;g__Alistipes;s__Alistipes_shahii	k__Bacteria;p__Firmicutes;c__Clostridia;o__Clostridiales;f__Ruminococcaceae;g__Faecalibacterium;s__Faecalibacterium_prausnitzii	k__Bacteria;p__Bacteroidetes;c__Bacteroidia;o__Bacteroidales;f__Rikenellaceae;g__Alistipes;s__Alistipes_finegoldii	k__Bacteria;p__Bacteroidetes;c__Bacteroidia;o__Bacteroidales;f__Porphyromonadaceae;g__Parabacteroides;s__Parabacteroides_distasonis	k__Bacteria;p__Bacteroidetes;c__Bacteroidia;o__Bacteroidales;f__Bacteroidaceae;g__Bacteroides;s__Bacteroides_thetaiotaomicron	k__Bacteria;p__Bacteroidetes;c__Bacteroidia;o__Bacteroidales;f__Bacteroidaceae;g__Bacteroides;s__Bacteroides_coprocola	k__Bacteria;p__Bacteroidetes;c__Bacteroidia;o__Bacteroidales;f__Bacteroidaceae;g__Bacteroides;s__Bacteroides_cellulosilyticus	k__Bacteria;p__Bacteroidetes;c__Bacteroidia;o__Bacteroidales;f__Rikenellaceae;g__Alistipes;s__Alistipes_obesi	k__Bacteria;p__Firmicutes;c__Clostridia;o__Clostridiales;f__Lachnospiraceae;g__;s__[Eubacterium]_rectale	k__Bacteria;p__Bacteroidetes;c__Bacteroidia;o__Bacteroidales;f__Bacteroidaceae;g__Bacteroides;s__Bacteroides_plebeius	k__Bacteria;p__Bacteroidetes;c__Bacteroidia;o__Bacteroidales;f__Bacteroidaceae;g__Bacteroides;s__Bacteroides_fragilis	k__Bacteria;p__Proteobacteria;c__Betaproteobacteria;o__Burkholderiales;f__Sutterellaceae;g__Sutterella;s__Sutterella_wadsworthensis	k__Bacteria;p__Bacteroidetes;c__Bacteroidia;o__Bacteroidales;f__Porphyromonadaceae;g__Barnesiella;s__Barnesiella_intestinihominis	k__Bacteria;p__Bacteroidetes;c__Bacteroidia;o__Bacteroidales;f__Odoribacteraceae;g__Odoribacter;s__Odoribacter_splanchnicus	k__Bacteria;p__Bacteroidetes;c__Bacteroidia;o__Bacteroidales;f__Bacteroidaceae;g__Bacteroides;s__Bacteroides_salyersiae	k__Bacteria;p__Firmicutes;c__Clostridia;o__Clostridiales;f__Ruminococcaceae;g__Ruminiclostridium;s__[Eubacterium]_siraeum	k__Bacteria;p__Proteobacteria;c__Betaproteobacteria;o__Burkholderiales;f__Sutterellaceae;g__Parasutterella;s__Parasutterella_excrementihominis	k__Bacteria;p__Actinobacteria;c__Actinobacteria;o__Bifidobacteriales;f__Bifidobacteriaceae;g__Bifidobacterium;s__Bifidobacterium_adolescentis	k__Bacteria;p__Firmicutes;c__Clostridia;o__Clostridiales;f__Oscillospiraceae;g__Oscillibacter;s__Oscillibacter_sp._KLE_1745	k__Bacteria;p__Bacteroidetes;c__Bacteroidia;o__Bacteroidales;f__Bacteroidaceae;g__Bacteroides;s__Bacteroides_coprophilus	k__Bacteria;p__Firmicutes;c__Clostridia;o__Clostridiales;f__Lachnospiraceae;g__Roseburia;s__Roseburia_intestinalis	k__Bacteria;p__Firmicutes;c__Clostridia;o__Clostridiales;f__Lachnospiraceae;g__Roseburia;s__Roseburia_hominis	k__Bacteria;p__Bacteroidetes;c__Bacteroidia;o__Bacteroidales;f__Porphyromonadaceae;g__Parabacteroides;s__Parabacteroides_johnsonii	k__Bacteria;p__Actinobacteria;c__Actinobacteria;o__Bifidobacteriales;f__Bifidobacteriaceae;g__Bifidobacterium;s__Bifidobacterium_longum	k__Bacteria;p__Firmicutes;c__Clostridia;o__Clostridiales;f__;g__Flavonifractor;s__Flavonifractor_plautii	k__Bacteria;p__Firmicutes;c__Clostridia;o__Clostridiales;f__Clostridiaceae;g__Clostridium;s__Clostridium_phoceensis	k__Bacteria;p__Verrucomicrobia;c__Verrucomicrobiae;o__Verrucomicrobiales;f__Akkermansiaceae;g__Akkermansia;s__Akkermansia_muciniphila	k__Bacteria;p__Bacteroidetes;c__Bacteroidia;o__Bacteroidales;f__Prevotellaceae;g__Paraprevotella;s__Paraprevotella_xylaniphila	k__Bacteria;p__Firmicutes;c__Clostridia;o__Clostridiales;f__Ruminococcaceae;g__Ruminococcus;s__Ruminococcus_callidus	k__Bacteria;p__Bacteroidetes;c__Bacteroidia;o__Bacteroidales;f__Rikenellaceae;g__Alistipes;s__Alistipes_senegalensis	k__Bacteria;p__Firmicutes;c__Clostridia;o__Clostridiales;f__Lachnospiraceae;g__Blautia;s__Blautia_sp._KLE_1732	k__Bacteria;p__Bacteroidetes;c__Bacteroidia;o__Bacteroidales;f__Bacteroidaceae;g__Bacteroides;s__Bacteroides_oleiciplenus	k__Bacteria;p__Firmicutes;c__Clostridia;o__Clostridiales;f__Ruminococcaceae;g__Ruminococcus;s__Ruminococcus_bicirculans	k__Bacteria;p__Bacteroidetes;c__Bacteroidia;o__Bacteroidales;f__Bacteroidaceae;g__Bacteroides;s__Bacteroides_fluxus	k__Bacteria;p__Bacteroidetes;c__Bacteroidia;o__Bacteroidales;f__Prevotellaceae;g__Prevotella;s__Prevotella_stercorea	k__Bacteria;p__Firmicutes;c__Clostridia;o__Clostridiales;f__Lachnospiraceae;g__Dorea;s__Dorea_longicatena	k__Bacteria;p__Firmicutes;c__Clostridia;o__Clostridiales;f__Eubacteriaceae;g__Eubacterium;s__[Eubacterium]_eligens	k__Bacteria;p__Firmicutes;c__Clostridia;o__Clostridiales;f__Ruminococcaceae;g__;s__Ruminococcaceae_bacterium_D16	k__Bacteria;p__Firmicutes;c__Clostridia;o__Clostridiales;f__Lachnospiraceae;g__Coprococcus;s__Coprococcus_comes	k__Bacteria;p__Proteobacteria;c__Gammaproteobacteria;o__Enterobacterales;f__Enterobacteriaceae;g__Escherichia;s__Escherichia_coli	k__Bacteria;p__Firmicutes;c__Clostridia;o__Clostridiales;f__Ruminococcaceae;g__Anaerotruncus;s__Anaerotruncus_colihominis	k__Bacteria;p__Firmicutes;c__Clostridia;o__Clostridiales;f__Lachnospiraceae;g__Blautia;s__Blautia_obeum	k__Bacteria;p__Bacteroidetes;c__Bacteroidia;o__Bacteroidales;f__Odoribacteraceae;g__Odoribacter;s__Odoribacter_laneus	k__Bacteria;p__Firmicutes;c__Clostridia;o__Clostridiales;f__Ruminococcaceae;g__Ruminiclostridium;s__[Clostridium]_leptum	k__Bacteria;p__Bacteroidetes;c__Bacteroidia;o__Bacteroidales;f__Porphyromonadaceae;g__Parabacteroides;s__Parabacteroides_goldsteinii	k__Bacteria;p__Firmicutes;c__Clostridia;o__Clostridiales;f__Lachnospiraceae;g__Anaerostipes;s__Anaerostipes_hadrus	k__Bacteria;p__Firmicutes;c__Clostridia;o__Clostridiales;f__Ruminococcaceae;g__Ruminococcus;s__Ruminococcus_lactaris	k__Bacteria;p__Firmicutes;c__Clostridia;o__Clostridiales;f__Clostridiaceae;g__Clostridium;s__Clostridium_sp._L2-50	k__Bacteria;p__Firmicutes;c__Clostridia;o__Clostridiales;f__Clostridiaceae;g__Clostridium;s__Clostridium_sp._M62/1	k__Bacteria;p__Firmicutes;c__Clostridia;o__Clostridiales;f__;g__Intestinimonas;s__Intestinimonas_butyriciproducens	k__Bacteria;p__Actinobacteria;c__Actinobacteria;o__Bifidobacteriales;f__Bifidobacteriaceae;g__Bifidobacterium;s__Bifidobacterium_bifidum	k__Bacteria;p__Firmicutes;c__Negativicutes;o__Veillonellales;f__Veillonellaceae;g__Dialister;s__Dialister_invisus	k__Bacteria;p__Bacteroidetes;c__Bacteroidia;o__Bacteroidales;f__Bacteroidaceae;g__Bacteroides;s__Bacteroides_salanitronis
k__Bacteria;p__Bacteroidetes;c__Bacteroidia;o__Bacteroidales;f__Bacteroidaceae;g__Bacteroides;s__Bacteroides_vulgatus	1.0	0.0321617097055	-0.0214995017367	-0.0228610429075	-0.0354365656554	-0.00443829597805	-0.0797646043162	-0.00900222381432	-0.0451949025719	-0.0400966885644	-0.0218047978344	0.00574674963108	0.00162431186163	0.0251684652524	0.00559772616943	-0.0072747579378	-0.0226520921331	0.00420632087827	-0.000888006493391	-0.0191977991808	0.0264208941846	0.0362714146922	-0.00699006970351	-0.0134085151559	-0.0388894025685	-0.0533221639623	-0.00435665433236	0.0329920720927	-0.0629510154647	0.039170321748	0.113698918052	-0.0252657961882	0.00480205500772	-0.0172751954866	0.048161090431	0.002946812926	-0.0418468925177	-0.0595759123263	-0.0111650829433	-0.0301701951985	-0.00480781322864	-0.0249747644263	0.0219830600055	0.019243642398	0.0215996213871	-0.0179123725168	-0.0300048285946	-0.0656169221519	-0.00826138566787	-0.0481162407157	0.0151282928363	0.00338493157998	0.0168809349427	-0.0514819706425	0.000256869848807	-0.0533462641746	0.0155631257415	0.0455778074159	0.0649912663582
k__Bacteria;p__Bacteroidetes;c__Bacteroidia;o__Bacteroidales;f__Bacteroidaceae;g__Bacteroides;s__Bacteroides_uniformis	0.0321617097055	1.0	-0.0231888603457	0.0129639725004	-0.0394927328799	-0.00227299928321	-0.0210071618803	0.0183560216617	-0.00844880447608	-0.051996255662	-0.0338964262776	-0.024981443078	0.0637712113736	-0.0280860670979	-0.0370829712743	-0.0108092850237	0.00849111069524	0.0331317512096	-0.0309937290227	0.0424211164182	-0.0248280126563	0.00422998840131	0.000379003173482	-0.0299804078645	-0.0600419325424	0.00516933081746	-0.00748088990242	0.0122512325649	-0.00721314873509	-0.00530052667311	-0.0578440840847	-0.015592056465	-0.0197186990718	-0.0571531796034	-0.0539715247742	-0.0433408117184	0.049731724354	-0.0253981179934	6.70361416199e-05	0.0220992720252	0.0148267962039	-0.0199687140445	-0.0220668808852	-0.0114952907427	0.0779480320342	0.00919990201508	0.0442027628096	0.0304369913304	-0.022554666658	-0.0180281791566	-0.0112851898011	0.0473894192923	0.016952286506	-0.0148853072662	0.00971634898521	0.0124551859655	0.0136350293076	0.0192360153227	0.00287402071472
k__Bacteria;p__Bacteroidetes;c__Bacteroidia;o__Bacteroidales;f__Rikenellaceae;g__Alistipes;s__Alistipes_putredinis	-0.0214995017367	-0.0231888603457	1.0	-0.0206098803715	-0.0429039511047	0.0118366507784	0.00307856243616	-0.0163066062583	-0.0122480358072	0.0618566087931	-0.0382615727151	0.0413794820289	-0.0203816506864	-0.0725935072916	-0.0361076315673	0.00448285536759	-0.0214549038055	0.00785545547816	-0.0752583169226	-0.0128320111324	-0.0110860998596	-0.0145484351579	-0.0372281456285	-0.0162401938941	0.0127241943035	0.00235232263161	0.0413937683345	-0.0314444962489	0.0112682262363	0.0197031040721	-0.0177066525529	-0.054623565526	-0.0118147527409	-0.0033824908752	0.00620770609797	-0.045264178716	0.0312194312164	0.0111895785659	0.0916546805806	0.008971842258	-0.0641984635651	-0.0145712211398	0.0120707295228	0.00260828813006	0.0227548888267	-0.110044719273	-0.0230548574846	-0.00850795102169	-0.00662183781576	-0.0287347986172	0.0382035203351	-0.0171162602646	-0.0447924007653	-0.0258538152975	-0.0358306312886	0.0127490267	-0.0109866122149	-0.0481295806604	-0.00804852806853
k__Bacteria;p__Bacteroidetes;c__Bacteroidia;o__Bacteroidales;f__Prevotellaceae;g__Prevotella;s__Prevotella_copri	-0.0228610429075	0.0129639725004	-0.0206098803715	1.0	-0.0416978681522	0.019833020014	-0.024690122537	0.0269486717028	-0.0292949162456	-0.0515449653011	0.0117828879354	0.0617924454694	-0.0539370781342	-0.0172087656761	-0.0364077570952	0.0240357799823	0.00243078239193	-0.0117208345864	-0.0226518702333	0.00964418941352	-0.0559059287514	0.0116512110986	-0.0315745336466	-0.0309875095051	-0.0468603827257	-0.041782526924	-0.032300134665	-0.0443376510246	-0.0416451833502	0.0193258027518	-0.0197694041201	0.0240513570686	-0.0280558595238	0.0218874602406	0.0147567433948	-0.00288681117413	-0.0367333192119	0.0201134912224	-0.0101418298507	-0.0012326956417	0.032728764284	-0.00724840577997	-0.00470259068412	-0.0204260197378	0.00947777164523	0.00802528162306	-0.0845797681321	-0.0184482629824	0.0226148060456	0.0140034439114	-0.0190416574021	-0.0109431676727	-0.0610033306957	0.00201548993874	-0.0208833203106	0.0481351684568	0.000278601740263	-0.00778908725005	-0.0548794770416
k__Bacteria;p__Bacteroidetes;c__Bacteroidia;o__Bacteroidales;f__Bacteroidaceae;g__Bacteroides;s__Bacteroides_stercoris	-0.0354365656554	-0.0394927328799	-0.0429039511047	-0.0416978681522	1.0	0.00846693497753	-0.0481746270654	0.021605369375	-0.0269480632256	-0.0613418557983	0.0513985125976	-0.018863628723	-0.0283093434576	-0.0325499709337	-0.0450133591578	-0.0368546043246	0.0405975721937	-0.0181895122538	-0.00105882711403	-0.017457067836	-0.0144207193071	0.0196426714491	0.0357021541823	-0.0816199714477	0.0189940251625	0.0441660561586	-0.0315533597698	0.00264641474492	0.0186244864059	-0.0103975206805	-0.0042786246047	-0.00991282123615	-0.0386159824471	-0.00742948946236	-0.0474482492853	-0.0183156140018	-0.0345422529566	0.0604416821391	-0.0411642366734	-0.0128452461053	0.0112994943333	0.00989277028606	0.0210134065015	0.000650936636882	-0.0398487670529	-0.0441785042105	0.0304909585329	0.00355212094138	-0.0384924104265	-0.00672805041049	0.0414104201497	-0.00418242736503	-0.0251672401452	0.0198592608328	-0.0429147825452	-0.00730923413402	0.0093794616883	0.0197778377854	0.00419244153945
k__Bacteria;p__Bacteroidetes;c__Bacteroidia;o__Bacteroidales;f__Bacteroidaceae;g__Bacteroides;s__Bacteroides_ovatus	-0.00443829597805	-0.00227299928321	0.0118366507784	0.019833020014	0.00846693497753	1.0	0.0605327504661	0.0324631495101	-0.0180212804792	-0.0228877142513	0.00982340381254	0.021101105923	-0.0885952415758	-0.0844895924798	-0.0109994493266	0.0689030806709	0.019248338166	0.017075882215	-0.0298089559444	-0.0534647624227	0.0357328552261	0.0118215281258	0.0318862191508	-0.0390328523129	-0.0174265153089	0.0411238172723	0.0249420309078	-0.038642048629	-0.0399491722444	-0.0160805629908	-0.0635084962028	0.0365606973172	-0.0269537524365	-0.0297995403597	-0.00240842459303	-0.0029153353791	0.00804010039415	-0.0399484043236	-0.0513561699441	-0.00742099926078	-0.0550839937549	-0.000352186246506	0.0177948354409	0.00178695728197	-0.046604324482	-0.0278913049727	-0.0227299948423	0.00366714720465	0.0140024145555	-0.0397512538388	-0.00969109223003	-0.0045889120195	-0.0422963683047	0.0527894476302	-0.0497999957473	-0.0489588135162	-0.0238394218865	-0.0333081003151	-0.00360695575868
k__Bacteria;p__Bacteroidetes;c__Bacteroidia;o__Bacteroidales;f__Rikenellaceae;g__Alistipes;s__Alistipes_shahii	-0.0797646043162	-0.0210071618803	0.00307856243616	-0.024690122537	-0.0481746270654	0.0605327504661	1.0	-0.0612775891382	-0.0128802552265	-0.0751606180069	-0.0216555989818	-0.0284805250545	-0.0368031649652	-0.0104800302344	-0.00425665048874	-0.00542476007399	0.0365140161475	-0.0581723709498	-0.0161250386571	0.0233569945264	0.0215432475727	-0.0174243255733	-0.0164707278891	-0.00958934683024	-0.0085434551769	0.0387080748588	0.0173797088056	-0.0222067422316	-0.00592856196146	0.0358464166457	-0.0112849913521	-0.056660197768	-0.00754638657952	0.0336611883622	-0.0139769755129	-0.0594273883883	-0.0609995967219	0.0310849610216	-0.0351572293344	-0.0240253684623	-0.00190737414318	-0.0163465774635	0.00515546216109	0.0123775516758	-0.0204492603809	-0.0117027658402	0.0426552069214	-0.0696255336803	0.0275800267388	0.00660613788506	-0.0222512040395	-0.019479744499	0.00458088672276	-0.000805623528015	0.010365334421	0.00616750493175	-0.0846196310328	-0.0628098503865	0.0430434918155
k__Bacteria;p__Firmicutes;c__Clostridia;o__Clostridiales;f__Ruminococcaceae;g__Faecalibacterium;s__Faecalibacterium_prausnitzii	-0.00900222381433	0.0183560216617	-0.0163066062583	0.0269486717028	0.021605369375	0.0324631495101	-0.0612775891382	1.0	-0.104433537132	-0.0372145362586	0.0189467557404	0.046508802679	-0.0226454765552	-0.0622537170888	-0.072393929254	-0.040353528423	-0.031373840774	-0.0403826380909	0.00595782867077	-0.0436506320026	0.0308718718472	-0.0201680763745	-0.0169409527577	-0.0150291693122	-0.00441645484826	-0.0253207572508	-0.0148268116918	-0.0357919194419	-0.0120959410067	-0.00726806927136	-0.0122522834274	-0.0189934063895	0.0747699482001	0.0233931534921	0.0362034634381	-0.0242788743797	-0.0182659816449	-0.056626329912	-0.0765203298542	-0.00559129017037	0.0319354753196	-0.00406314055992	0.0463102818892	-0.0626837832117	0.0566256480804	0.0319417132393	-0.000744297044687	-0.0434536509371	0.0205953396094	0.0126810911663	-0.0192274581735	-0.0298300917449	-0.0508180028925	-0.011146750228	0.00564747403428	-0.0452672393104	-0.0318706311117	0.00686951578179	0.00326115336011
k__Bacteria;p__Bacteroidetes;c__Bacteroidia;o__Bacteroidales;f__Rikenellaceae;g__Alistipes;s__Alistipes_finegoldii	-0.0451949025719	-0.00844880447608	-0.0122480358072	-0.0292949162456	-0.0269480632256	-0.0180212804792	-0.0128802552265	-0.104433537132	1.0	0.0343491936582	0.0290181510846	-0.00637778797304	0.0390060696095	-0.0386613736517	-0.0115210771288	-0.0282790961565	-0.00258662060152	-0.0109115192642	-0.0254712838622	-0.0207088024717	-0.0140749335755	0.0219061485742	0.0798093437582	0.0762425342742	-0.00715234947261	0.00778156188112	-0.029241922332	-0.0467537504362	-0.0186892102789	-0.0304261278642	-0.0239666284797	-0.0464158539234	0.0153099027275	-0.0344150111263	-0.06663378226	-0.00928087609889	0.0216998183774	0.0351747618268	-0.0374109444649	0.0330025879742	0.0506918790158	0.0369308647434	-0.0843280392049	0.00798123329282	0.0171031462706	0.00351539028423	-0.0153966288468	-0.0282613016075	-0.0682953627933	0.00234434915781	-0.108603850465	-0.0270108597568	0.0168609669682	0.050235070581	-0.0241060963124	0.0263203944915	-0.051874900425	0.00845945365181	0.00550241464262
k__Bacteria;p__Bacteroidetes;c__Bacteroidia;o__Bacteroidales;f__Porphyromonadaceae;g__Parabacteroides;s__Parabacteroides_distasonis	-0.0400966885644	-0.051996255662	0.0618566087931	-0.0515449653011	-0.0613418557983	-0.0228877142513	-0.0751606180069	-0.0372145362586	0.0343491936582	1.0	-0.0567686645717	-0.0185888957659	0.0449186107496	-0.0291264936722	-0.0138510933145	-0.0100599988741	-0.0319122880461	0.0604835873667	0.0503936142792	0.0290610630174	-0.0289233536776	0.0378041908746	-0.0231227903726	-0.0120256168956	0.0944080377007	-0.0684563708909	-0.0609804309514	0.0555522898021	0.0558300700327	-0.0258413406589	-0.00315769115539	-0.0311319021958	0.00601259113393	-0.0449859432781	0.0132386618775	0.0081731628048	-0.0175676831967	-0.0244224240064	0.0423435644006	0.00172106401786	0.0107038354917	0.00292834752933	0.00598554099614	-0.0601166608656	-0.00396973950651	0.0540350294377	-0.0275498175527	-0.00102721195148	-0.0208263494926	-0.0107472799531	-0.0155174641635	0.00404646538652	0.00509004682493	-0.0313055102779	-0.0588115939023	-0.0245276021597	-0.0106594574634	-0.0109266181132	0.00841851668553
k__Bacteria;p__Bacteroidetes;c__Bacteroidia;o__Bacteroidales;f__Bacteroidaceae;g__Bacteroides;s__Bacteroides_thetaiotaomicron	-0.0218047978344	-0.0338964262776	-0.0382615727151	0.0117828879354	0.0513985125976	0.00982340381254	-0.0216555989818	0.0189467557404	0.0290181510846	-0.0567686645717	1.0	0.0215554632203	-0.0655387963512	-0.0298713077321	0.024485551695	-0.0383124978321	-0.00726817931177	0.0210700681032	0.00993359679984	0.000948250842315	-0.0318720220316	0.0124285322983	0.024947475702	-0.0518619058593	0.0499279692071	-7.66161844575e-05	0.0100817873451	-0.0656280906604	-0.0347037596176	0.057168932189	0.0092636694802	-0.0344949565382	-0.0234893254588	0.0102698866295	-0.0216406997577	-0.0151619387973	0.00317251248341	-0.00872768394154	-0.0585672890559	-0.0196461459708	0.0350723848967	0.0028739182865	-0.0186220375853	0.00501611363961	-0.0364628083888	-0.0060636353744	-0.0337320387132	-0.0135159295263	0.0158160901665	-0.0120478046516	0.0330651713923	0.0232785848594	-0.0377043699219	0.053869221121	-0.0706026949657	-0.00709135581956	-0.0332194810495	-0.0314279028704	0.0446109324211
k__Bacteria;p__Bacteroidetes;c__Bacteroidia;o__Bacteroidales;f__Bacteroidaceae;g__Bacteroides;s__Bacteroides_coprocola	0.00574674963108	-0.024981443078	0.0413794820289	0.0617924454694	-0.018863628723	0.021101105923	-0.0284805250545	0.046508802679	-0.00637778797304	-0.0185888957659	0.0215554632203	1.0	-0.0040466109833	-0.0171718170757	0.0238197465744	0.0570606748543	-0.0815805590383	0.024791838977	-0.00255527708973	-0.0356965486019	-0.0418620473095	-0.0608785212363	0.0366897837835	0.0594548763317	-0.00277823375782	-0.0481679329562	-0.0209382507445	-0.0361138654549	-0.021517400494	-0.00487026540105	0.0165279369478	-0.0799882666794	-0.00986211539967	-0.0375610119252	-0.0061586230053	-0.0277582974707	0.0155450296172	0.0117491948501	-0.0343665778514	-0.00254839838397	0.0373730401529	0.0224452519399	0.00550540977408	-0.0819546751563	-0.0352150384467	0.00526628449075	-0.0708752948922	0.0152962040202	0.032834248942	-0.0530998892768	-0.0455153506274	0.0011996529421	-0.041906066291	0.0240084543624	0.00542446871735	-0.0324527485424	-0.00813927569778	-0.0171253131546	-0.00682501393747
k__Bacteria;p__Bacteroidetes;c__Bacteroidia;o__Bacteroidales;f__Bacteroidaceae;g__Bacteroides;s__Bacteroides_cellulosilyticus	0.00162431186163	0.0637712113736	-0.0203816506864	-0.0539370781342	-0.0283093434576	-0.0885952415758	-0.0368031649652	-0.0226454765552	0.0390060696095	0.0449186107496	-0.0655387963512	-0.0040466109833	1.0	0.0230280305522	-0.0179079601236	-0.0220257371554	0.0170761305134	-0.0873074748425	-0.0499489425032	0.00201493419114	-0.0122026009366	-0.0340917645809	-0.012508446974	-0.025421544455	-0.0158675292179	0.0018719206314	-0.0144434738552	-0.0181412476294	0.0288291502157	-0.0840728793394	-0.00870168490316	0.00333187099852	0.0315680756806	0.0396595578659	-0.0403300597312	0.0201792596675	0.0927218386303	0.00116670908765	0.0390189159587	0.00119651441493	-0.0347359968062	0.00170437362479	-0.0629760851839	-0.0499572189356	0.0286958798454	0.0419393439649	0.00163474179942	0.0119317121756	-0.0112023183433	0.00475902506729	-0.0416383970819	-0.00779185118804	0.00311019656938	0.0750168598963	-0.0970685547724	0.0301818109074	-0.0189767819756	0.00290127697756	-0.0957830652018
k__Bacteria;p__Bacteroidetes;c__Bacteroidia;o__Bacteroidales;f__Rikenellaceae;g__Alistipes;s__Alistipes_obesi	0.0251684652524	-0.0280860670979	-0.0725935072916	-0.0172087656761	-0.0325499709337	-0.0844895924798	-0.0104800302344	-0.0622537170888	-0.0386613736517	-0.0291264936722	-0.0298713077321	-0.0171718170757	0.0230280305522	1.0	0.0460241563626	-0.0498274038888	0.0868513626354	-0.0017619606394	0.0231715281123	0.0212751229984	-0.025681394719	0.0526517704895	-0.029146332894	-0.0322295402817	-0.0324110285806	0.0415807269461	-0.00636925934545	-0.0220313439862	0.00441257367135	-0.0702631308838	0.026393780028	-0.0166352588052	0.0224294966262	0.0038809398636	-0.013542929007	-0.00307341124988	-0.0292201386262	0.0241714960107	-0.0353938553001	-0.0399567730095	0.0173720364691	0.00953939516938	-0.00548651324314	0.0320787155634	-0.00499052698571	-0.0382448757359	0.00223696800976	-0.052443944708	-0.035472909155	0.0215088154448	0.0525544195235	-0.0134826285326	0.0356746657872	-0.00501824375002	-0.00814508988689	0.0582723571784	-0.0456234940702	0.0240149719936	0.042985720282
k__Bacteria;p__Firmicutes;c__Clostridia;o__Clostridiales;f__Lachnospiraceae;g__;s__[Eubacterium]_rectale	0.00559772616943	-0.0370829712743	-0.0361076315673	-0.0364077570952	-0.0450133591578	-0.0109994493266	-0.00425665048874	-0.072393929254	-0.0115210771288	-0.0138510933145	0.024485551695	0.0238197465744	-0.0179079601236	0.0460241563626	1.0	-0.00829451653859	-0.103659803062	0.0560140848664	-0.000413389418729	-0.0242577864889	-0.00665365304358	-0.00208851529459	-0.0324060112309	-0.0345077305054	0.0159257115661	-0.0362317586077	0.0638981926147	0.0280286212368	0.0233983814267	0.00841178156788	0.0116107372029	-0.00348794406883	-0.00211090087411	-0.0896622834265	-0.0244201618551	0.0249625009699	-0.0108469052875	0.0070471431796	0.00594941632296	0.0310994864148	0.0322993034738	-0.0137606583339	-0.0393334955163	0.0113632039098	0.0402094967257	0.0201543480429	-0.0677614922233	-0.00721263589553	-0.0246584382614	-0.00346252330847	0.0164940370999	-0.0602833995797	0.00916904080809	-0.0255584742952	-0.0496484201786	-0.0722835962296	-0.0218638689686	0.025110989264	-0.00856666057388
k__Bacteria;p__Bacteroidetes;c__Bacteroidia;o__Bacteroidales;f__Bacteroidaceae;g__Bacteroides;s__Bacteroides_plebeius	-0.0072747579378	-0.0108092850237	0.00448285536759	0.0240357799823	-0.0368546043246	0.0689030806709	-0.00542476007399	-0.040353528423	-0.0282790961565	-0.0100599988741	-0.0383124978321	0.0570606748543	-0.0220257371554	-0.0498274038888	-0.00829451653859	1.0	0.014835051908	0.0662272345219	0.05477365875	0.0574205197337	0.0500026282033	0.0277468970142	-0.0657214174235	-0.0169396712204	-0.0627763500416	0.0726094297844	-0.0460460176234	0.0156877779782	-0.0108797857716	-0.0212795364978	-0.01142117896	-0.0316226654088	-0.059280044552	-0.0235808987136	0.00161165443713	-0.00628365323252	-0.0522720140436	-0.00237385909184	-0.0281545757711	-0.0224428961816	0.0578483966251	-0.0475360935104	-0.0151291340168	0.0240516941467	-0.0205168224505	-0.0189516680363	-0.016535582767	0.00746712671362	-0.0065168392262	-0.0183611629922	0.00214574056361	-0.0776327137827	0.0208746204632	-0.0264479119416	0.0116755994932	-0.0341989337714	0.0324919669952	-0.0291670257416	-0.0613455904372
k__Bacteria;p__Bacteroidetes;c__Bacteroidia;o__Bacteroidales;f__Bacteroidaceae;g__Bacteroides;s__Bacteroides_fragilis	-0.0226520921331	0.00849111069524	-0.0214549038055	0.00243078239193	0.0405975721937	0.019248338166	0.0365140161475	-0.031373840774	-0.00258662060152	-0.0319122880461	-0.00726817931177	-0.0815805590383	0.0170761305134	0.0868513626354	-0.103659803062	0.014835051908	1.0	-0.0239091605346	0.0500701253764	-0.00502652694939	0.000503702340493	0.0174875169234	-0.0137962658514	-0.0295479598374	-0.0509157157391	0.0214738488147	0.0167102881255	0.0379837388028	0.0039575694025	-0.00445426058106	-0.000401637877182	-0.000477581710109	-0.0336330325553	-0.00875133039579	0.0194155243942	-0.00932211947951	-0.102104813791	-0.0503574649297	-0.0236053005541	-0.0506121113193	0.0246461635251	-0.0806972510777	-0.00467836484176	0.0226770145312	0.0239426250599	-0.0277928915704	-0.00124385816685	-0.0334684149035	-0.0869890309761	0.000869956759355	0.0166652261536	-0.0417315933842	0.0433126325752	0.0324957940318	0.00850404670548	0.0198575801688	0.0193893855647	-0.0107555954498	-0.0222736527317
k__Bacteria;p__Proteobacteria;c__Betaproteobacteria;o__Burkholderiales;f__Sutterellaceae;g__Sutterella;s__Sutterella_wadsworthensis	0.00420632087827	0.0331317512096	0.00785545547816	-0.0117208345864	-0.0181895122538	0.017075882215	-0.0581723709498	-0.0403826380909	-0.0109115192642	0.0604835873667	0.0210700681032	0.024791838977	-0.0873074748425	-0.0017619606394	0.0560140848664	0.0662272345219	-0.0239091605346	1.0	0.00528044649502	0.00733865879289	-0.00851259541593	-0.0176478216688	-0.0117146119233	-0.0414548056181	0.00643762123752	-0.0112934831627	-0.00221144768163	0.0297461355109	-0.00893001861309	-0.0200695503916	-0.0916480004308	-0.000752921689759	-0.0317550633017	-0.0094468184867	-0.0171554821232	0.0174833342102	-0.0533334885746	-0.0971602563463	-0.0399109468797	0.0975086079497	-0.0199125671663	-0.0239922718662	-0.0447686040367	-0.0338470442227	-0.12269311599	-0.0754233858732	0.0459015403416	0.00817585387651	0.0279362158413	0.0454981644523	0.0128339786942	-0.0702597494877	-0.00544529141647	0.0198880113892	0.0354233742731	0.00811278996915	-0.017959284696	0.00288545462942	-0.0418965344403
k__Bacteria;p__Bacteroidetes;c__Bacteroidia;o__Bacteroidales;f__Porphyromonadaceae;g__Barnesiella;s__Barnesiella_intestinihominis	-0.000888006493391	-0.0309937290227	-0.0752583169226	-0.0226518702333	-0.00105882711403	-0.0298089559444	-0.0161250386571	0.00595782867077	-0.0254712838622	0.0503936142792	0.00993359679984	-0.00255527708973	-0.0499489425032	0.0231715281123	-0.000413389418729	0.05477365875	0.0500701253764	0.00528044649502	1.0	-0.02377993656	-0.0258973785498	-0.0290385342217	-0.0156182162187	0.0562586454508	0.00904891773047	-0.0302111392759	-0.0261476402224	-0.0132664783282	-0.0197151834144	-0.0820187977741	-0.0228732536293	0.0295275247794	-0.00760390194758	-0.0498419497267	0.016117104576	-0.00661857267595	-0.0284028789296	0.00290420872051	0.0130858735183	-0.0299436454157	0.00643046985616	-0.000716207163802	-0.00100707643323	0.0105911409509	-0.0742853976791	0.00971104979031	0.00129691086541	-0.0327772490831	-0.0526130364879	-0.01658770166	-0.00612421048413	-0.0805355372909	-0.0345693377979	-0.0158387509665	-0.00214161452071	0.00966965340066	-0.00648645415885	0.060859218655	0.0105656959554
k__Bacteria;p__Bacteroidetes;c__Bacteroidia;o__Bacteroidales;f__Odoribacteraceae;g__Odoribacter;s__Odoribacter_splanchnicus	-0.0191977991808	0.0424211164182	-0.0128320111324	0.00964418941352	-0.017457067836	-0.0534647624227	0.0233569945264	-0.0436506320026	-0.0207088024717	0.0290610630174	0.000948250842315	-0.0356965486019	0.00201493419114	0.0212751229984	-0.0242577864889	0.0574205197337	-0.00502652694939	0.00733865879289	-0.02377993656	1.0	0.0224495383492	0.0156539586385	-0.00589585675437	-0.0290595247149	-0.0197720437171	-0.0499189053006	0.0162016097257	-0.0801322122046	0.00807556335678	0.043647940904	-0.0387688647007	-0.0221727533322	-0.0501651091112	-0.00880517323955	0.0331831607217	-0.0126859337956	-0.0114937588099	-0.0435896320881	-0.0215466366031	-0.0245677482631	0.0640131068953	-0.0213158855028	-0.0177516471686	-0.0249193080696	0.00838147757886	0.00764622914322	-0.00737872894401	-0.0250200943914	-0.00967385047124	-0.0219393653919	-0.0291602488276	0.0279608299596	0.000235232584562	0.0416532076288	0.0379688182037	-0.0811427750731	-0.0357419334542	0.0488778157601	-0.0448350276335
k__Bacteria;p__Bacteroidetes;c__Bacteroidia;o__Bacteroidales;f__Bacteroidaceae;g__Bacteroides;s__Bacteroides_salyersiae	0.0264208941846	-0.0248280126563	-0.0110860998596	-0.0559059287514	-0.0144207193071	0.0357328552261	0.0215432475727	0.0308718718472	-0.0140749335755	-0.0289233536776	-0.0318720220316	-0.0418620473095	-0.0122026009366	-0.025681394719	-0.00665365304358	0.0500026282033	0.000503702340493	-0.00851259541593	-0.0258973785498	0.0224495383492	1.0	0.0445525770797	-0.0148528765724	-0.0152783100798	0.000488056412938	-0.0379795779156	0.0298196984915	0.0156438465234	-0.0439168667403	-0.0498645633284	0.0417867308253	0.0666400436081	0.0136678880698	0.0102046341509	-0.00407356074417	0.0183124162941	-0.0357087928393	-0.00581508365132	0.0166870616892	-0.0319972354419	0.00459725421407	-0.0270450848369	-0.0070368037569	0.0403594904822	-0.0922799444646	-0.0409680664996	0.0862868159159	-0.0255645710249	-0.000882758777458	-0.0143895724282	0.0496063270257	-0.0921998484213	0.0353319499734	-0.0146828304411	0.00527805947129	0.0120147778882	-0.0308007180097	-0.081938758229	0.023494713493
k__Bacteria;p__Firmicutes;c__Clostridia;o__Clostridiales;f__Ruminococcaceae;g__Ruminiclostridium;s__[Eubacterium]_siraeum	0.0362714146922	0.00422998840131	-0.0145484351579	0.0116512110986	0.0196426714491	0.0118215281258	-0.0174243255733	-0.0201680763745	0.0219061485742	0.0378041908746	0.0124285322983	-0.0608785212363	-0.0340917645809	0.0526517704895	-0.00208851529459	0.0277468970142	0.0174875169234	-0.0176478216688	-0.0290385342217	0.0156539586385	0.0445525770797	1.0	0.00503237501623	-0.0112808786169	0.0470323355602	0.0156426502515	0.0396265912253	-0.016376100152	-0.0225418391132	0.00977595457	0.0731489220562	0.00156930868923	0.00941959194886	-0.0960235511726	-0.00518782827049	-0.0265667897724	-0.0253944913046	-0.00411694492063	-0.0430267569023	-0.0123466216512	0.0131870043103	0.00873697432062	-0.0536289387066	0.00463855741076	-0.0310139598899	0.0159224921095	-0.0753309583878	0.0358489061074	3.78697538495e-05	0.00197522274513	-0.0429743440554	-0.00790481662781	-0.0412054268731	0.0376725924315	-0.0234077112569	-0.0102056103481	-0.0191048027474	0.018433400567	-0.0506235860274
k__Bacteria;p__Proteobacteria;c__Betaproteobacteria;o__Burkholderiales;f__Sutterellaceae;g__Parasutterella;s__Parasutterella_excrementihominis	-0.00699006970351	0.000379003173482	-0.0372281456285	-0.0315745336466	0.0357021541823	0.0318862191508	-0.0164707278891	-0.0169409527577	0.0798093437582	-0.0231227903726	0.024947475702	0.0366897837835	-0.012508446974	-0.029146332894	-0.0324060112309	-0.0657214174235	-0.0137962658514	-0.0117146119233	-0.0156182162187	-0.00589585675437	-0.0148528765724	0.00503237501623	1.0	0.0289917792909	-0.0168020265917	-0.00985488897906	-0.0379018414118	-0.00265521581695	0.02198329186	0.0124815267826	0.0158809071508	-0.0391807361683	0.0104398223672	0.00906317987441	-0.0468055566538	-0.0234478186304	-0.00230270707008	0.0812409373412	-0.0206764842906	0.0550155200753	0.00364016547378	-0.0231134852576	-0.0764777905427	-0.00562746109197	0.0838209420577	0.0158379549003	-0.0461010636231	0.0239799599398	-0.00539689718196	0.00707792091251	0.0140958520774	-0.00717357326985	0.0156710383923	-0.0256660644405	-0.0369293675531	-0.0202788526414	0.0201213648059	-0.0185532597017	-0.0168753463391
k__Bacteria;p__Actinobacteria;c__Actinobacteria;o__Bifidobacteriales;f__Bifidobacteriaceae;g__Bifidobacterium;s__Bifidobacterium_adolescentis	-0.0134085151559	-0.0299804078645	-0.0162401938941	-0.0309875095051	-0.0816199714477	-0.0390328523129	-0.00958934683024	-0.0150291693122	0.0762425342742	-0.0120256168956	-0.0518619058593	0.0594548763317	-0.025421544455	-0.0322295402817	-0.0345077305054	-0.0169396712204	-0.0295479598374	-0.0414548056181	0.0562586454508	-0.0290595247149	-0.0152783100798	-0.0112808786169	0.0289917792909	1.0	0.0174325484534	-0.0806869646588	-0.0219051148793	0.0188618646411	-0.0137081005751	0.00489395696622	-0.0308326467643	-0.0461297102272	-0.0332263224801	0.031232816341	-0.0262516623198	0.0018580919492	-0.00982978779449	0.00370611943186	-0.0721675793526	0.00617994654052	-0.0347554671081	0.0251468666077	0.037786401247	-0.0433223730612	-0.00362819363695	0.0213548210167	0.0081603546172	-0.0501907747802	0.0431935936859	-0.00301474428314	-0.012947642087	0.0176896000107	-0.0101525378724	0.00547200691122	0.0112218407196	-0.0142185704775	0.0102464144039	-0.0479717223853	-0.0322634535025
k__Bacteria;p__Firmicutes;c__Clostridia;o__Clostridiales;f__Oscillospiraceae;g__Oscillibacter;s__Oscillibacter_sp._KLE_1745	-0.0388894025685	-0.0600419325424	0.0127241943035	-0.0468603827257	0.0189940251625	-0.0174265153089	-0.0085434551769	-0.00441645484826	-0.00715234947261	0.0944080377007	0.0499279692071	-0.00277823375782	-0.0158675292179	-0.0324110285806	0.0159257115661	-0.0627763500416	-0.0509157157391	0.00643762123752	0.00904891773047	-0.0197720437171	0.000488056412938	0.0470323355602	-0.0168020265917	0.0174325484534	1.0	0.0097702107016	-0.0130385580114	-0.040427071764	0.00540259479277	-0.0416136435677	-0.0265982771296	-0.0294930611247	-0.0515782372728	-0.0251766966145	-0.0186985802746	-0.099752416439	-0.00431718654451	-0.0202171530966	0.0328021602015	-0.0721719266356	-0.0208259356035	-0.033535383715	0.00823109605899	-0.0168431155403	-0.117806140548	0.0147515978715	-0.0487263294203	-0.0274904950538	-0.0424214250189	-0.0344707243599	0.00752986706382	0.0225404697365	0.0243486727415	-0.0553519405294	0.0274908931481	0.0172720465472	-0.0209074026341	0.056809591158	0.105911129731
k__Bacteria;p__Bacteroidetes;c__Bacteroidia;o__Bacteroidales;f__Bacteroidaceae;g__Bacteroides;s__Bacteroides_coprophilus	-0.0533221639623	0.00516933081746	0.00235232263161	-0.041782526924	0.0441660561586	0.0411238172723	0.0387080748588	-0.0253207572508	0.00778156188112	-0.0684563708909	-7.66161844575e-05	-0.0481679329562	0.0018719206314	0.0415807269461	-0.0362317586077	0.0726094297844	0.0214738488147	-0.0112934831627	-0.0302111392759	-0.0499189053006	-0.0379795779156	0.0156426502515	-0.00985488897906	-0.0806869646588	0.0097702107016	1.0	-0.0422725874505	-0.0677901208625	-0.0182498417549	-0.0165344697522	0.0355747314149	-0.000520555139857	-0.0302135745432	-0.000287513065383	0.00738448812179	-0.00521892149846	-0.0159303679155	0.0694534115433	-0.0209001742178	0.0358928776966	0.0506893576922	-0.00860357749585	-0.0127025709218	-0.0223237727098	-0.0512597694406	0.0181964846163	-0.000117539073828	-0.0330382763585	-0.0128509779909	0.0181659405721	-0.0113763346628	0.0652992849469	-0.0518321477203	-0.0255058402035	-0.011247156373	0.0507521560916	0.00560937969902	-0.00742285663917	-0.00703069930305
k__Bacteria;p__Firmicutes;c__Clostridia;o__Clostridiales;f__Lachnospiraceae;g__Roseburia;s__Roseburia_intestinalis	-0.00435665433236	-0.00748088990242	0.0413937683345	-0.032300134665	-0.0315533597698	0.0249420309078	0.0173797088056	-0.0148268116918	-0.029241922332	-0.0609804309514	0.0100817873451	-0.0209382507445	-0.0144434738552	-0.00636925934545	0.0638981926147	-0.0460460176234	0.0167102881255	-0.00221144768163	-0.0261476402224	0.0162016097257	0.0298196984915	0.0396265912253	-0.0379018414118	-0.0219051148793	-0.0130385580114	-0.0422725874505	1.0	-0.0379390794232	-0.0127012162119	-0.0906806183714	0.0270636328374	0.0128297954318	-0.0479658191301	0.0296736270664	0.0367872655733	0.0370441033671	0.00390864577408	0.0222585165529	-0.0406030495706	0.0647901127745	-0.101155301323	-0.00208712912367	0.0535844611435	-0.00578044475124	-0.0455793883684	0.0324316813707	0.00581649142831	-0.0280844244712	-0.00486298638925	-0.0309443705708	0.0518876057166	0.00857396919838	-0.0184804771054	-0.00999704167034	-0.0266321919687	0.00169265291411	-0.0523604002303	-0.110256763618	0.0179449947012
k__Bacteria;p__Firmicutes;c__Clostridia;o__Clostridiales;f__Lachnospiraceae;g__Roseburia;s__Roseburia_hominis	0.0329920720927	0.0122512325649	-0.0314444962489	-0.0443376510246	0.00264641474492	-0.038642048629	-0.0222067422316	-0.0357919194419	-0.0467537504362	0.0555522898021	-0.0656280906604	-0.0361138654549	-0.0181412476294	-0.0220313439862	0.0280286212368	0.0156877779782	0.0379837388028	0.0297461355109	-0.0132664783282	-0.0801322122046	0.0156438465234	-0.016376100152	-0.00265521581695	0.0188618646411	-0.040427071764	-0.0677901208625	-0.0379390794232	1.0	-0.0495020904573	-0.0681091479297	0.0444772682211	0.0190339166945	-0.0481178214848	0.00136588201274	-0.0428251920693	0.079159438052	-0.0318405310284	-0.0308205799113	0.00537109871523	-0.0389887265974	0.0364097008701	0.0499788585521	0.0342210740233	-0.0296582430005	0.0126862790186	-0.0289604058094	-0.002656424107	-0.044767752182	-0.0985669885947	0.0254676649412	0.0580316893252	0.0523580272432	0.0183735871362	-0.0139476040304	0.0509130908669	0.0233314261153	0.0746508494233	-0.0269639662365	-0.032554164906
k__Bacteria;p__Bacteroidetes;c__Bacteroidia;o__Bacteroidales;f__Porphyromonadaceae;g__Parabacteroides;s__Parabacteroides_johnsonii	-0.0629510154647	-0.00721314873509	0.0112682262363	-0.0416451833502	0.0186244864059	-0.0399491722444	-0.00592856196146	-0.0120959410067	-0.0186892102789	0.0558300700327	-0.0347037596176	-0.021517400494	0.0288291502157	0.00441257367135	0.0233983814267	-0.0108797857716	0.0039575694025	-0.00893001861309	-0.0197151834144	0.00807556335678	-0.0439168667403	-0.0225418391132	0.02198329186	-0.0137081005751	0.00540259479277	-0.0182498417549	-0.0127012162119	-0.0495020904573	1.0	-0.0305731259293	-0.000953759749845	-0.00681707805807	-0.0639147660148	-0.023395631413	-0.0719661909714	-0.027085609509	-0.0152071733154	-0.0397632003442	0.0112065051471	-0.040215229119	-0.039014637987	-0.0255719151037	-0.0354788679758	-0.0494089064036	0.0600605749888	0.0098556628656	-0.0184267360256	-0.0012523541961	0.0698236374529	0.0399122477792	0.00822799333635	0.0156922687075	0.0331729150854	0.0639225664359	-0.0681083168883	-0.0352988465875	-0.0153603777017	-0.0208707465701	0.033421743188
k__Bacteria;p__Actinobacteria;c__Actinobacteria;o__Bifidobacteriales;f__Bifidobacteriaceae;g__Bifidobacterium;s__Bifidobacterium_longum	0.039170321748	-0.00530052667311	0.0197031040721	0.0193258027518	-0.0103975206805	-0.0160805629908	0.0358464166457	-0.00726806927136	-0.0304261278642	-0.0258413406589	0.057168932189	-0.00487026540105	-0.0840728793394	-0.0702631308838	0.00841178156788	-0.0212795364978	-0.00445426058106	-0.0200695503916	-0.0820187977741	0.043647940904	-0.0498645633284	0.00977595457	0.0124815267826	0.00489395696622	-0.0416136435677	-0.0165344697522	-0.0906806183714	-0.0681091479297	-0.0305731259293	1.0	-0.00366728537538	0.0325850784126	0.017270881878	-0.0214065841625	0.0408863651876	-0.0549217239252	0.00397764862564	0.0234165687895	0.0789028542278	0.0620908244337	-0.0190986081687	-0.00470693190663	0.00154230978733	-0.0277779967274	-0.0341981028387	-0.012641778348	-0.0101746299594	-0.00610210106108	-0.00865427703708	-0.0360868725534	0.0311759081392	-0.0115313736279	0.016946808202	-0.0180363692142	0.0417192165529	-0.0637846689784	-0.0548784027126	0.0354272794355	-0.0120101603949
