#taxonomy	k__Bacteria;p__Bacteroidetes;c__Bacteroidia;o__Bacteroidales;f__Bacteroidaceae;g__Bacteroides;s__Bacteroides_vulgatus	k__Bacteria;p__Bacteroidetes;c__Bacteroidia;o__Bacteroidales;f__Bacteroidaceae;g__Bacteroides;s__Bacteroides_uniformis	k__Bacteria;p__Bacteroidetes;c__Bacteroidia;o__Bacteroidales;f__Rikenellaceae;g__Alistipes;s__Alistipes_putredinis	k__Bacteria;p__Bacteroidetes;c__Bacteroidia;o__Bacteroidales;f__Prevotellaceae;g__Prevotella;s__Prevotella_copri	k__Bacteria;p__Bacteroidetes;c__Bacteroidia;o__Bacteroidales;f__Bacteroidaceae;g__Bacteroides;s__Bacteroides_stercoris	k__Bacteria;p__Bacteroidetes;c__Bacteroidia;o__Bacteroidales;f__Bacteroidaceae;g__Bacteroides;s__Bacteroides_ovatus	k__Bacteria;p__Bacteroidetes;c__Bacteroidia;o__Bacteroidales;f__Rikenellaceae;g__Alistipes;s__Alistipes_shahii	k__Bacteria;p__Firmicutes;c__Clostridia;o__Clostridiales;f__Ruminococcaceae;g__Faecalibacterium;s__Faecalibacterium_prausnitzii	k__Bacteria;p__Bacteroidetes;c__Bacteroidia;o__Bacteroidales;f__Rikenellaceae;g__Alistipes;s__Alistipes_finegoldii	k__Bacteria;p__Bacteroidetes;c__Bacteroidia;o__Bacteroidales;f__Porphyromonadaceae;g__Parabacteroides;s__Parabacteroides_distasonis	k__Bacteria;p__Bacteroidetes;c__Bacteroidia;o__Bacteroidales;f__Bacteroidaceae;g__Bacteroides;s__Bacteroides_thetaiotaomicron	k__Bacteria;p__Bacteroidetes;c__Bacteroidia;o__Bacteroidales;f__Bacteroidaceae;g__Bacteroides;s__Bacteroides_coprocola	k__Bacteria;p__Bacteroidetes;c__Bacteroidia;o__Bacteroidales;f__Bacteroidaceae;g__Bacteroides;s__Bacteroides_cellulosilyticus	k__Bacteria;p__Bacteroidetes;c__Bacteroidia;o__Bacteroidales;f__Rikenellaceae;g__Alistipes;s__Alistipes_obesi	k__Bacteria;p__Firmicutes;c__Clostridia;o__Clostridiales;f__Lachnospiraceae;g__;s__[Eubacterium]_rectale	k__Bacteria;p__Bacteroidetes;c__Bacteroidia;o__Bacteroidales;f__Bacteroidaceae;g__Bacteroides;s__Bacteroides_plebeius	k__Bacteria;p__Bacteroidetes;c__Bacteroidia;o__Bacteroidales;f__Bacteroidaceae;g__Bacteroides;s__Bacteroides_fragilis	k__Bacteria;p__Proteobacteria;c__Betaproteobacteria;o__Burkholderiales;f__Sutterellaceae;g__Sutterella;s__Sutterella_wadsworthensis	k__Bacteria;p__Bacteroidetes;c__Bacteroidia;o__Bacteroidales;f__Porphyromonadaceae;g__Barnesiella;s__Barnesiella_intestinihominis	k__Bacteria;p__Bacteroidetes;c__Bacteroidia;o__Bacteroidales;f__Odoribacteraceae;g__Odoribacter;s__Odoribacter_splanchnicus	k__Bacteria;p__Bacteroidetes;c__Bacteroidia;o__Bacteroidales;f__Bacteroidaceae;g__Bacteroides;s__Bacteroides_salyersiae	k__Bacteria;p__Firmicutes;c__Clostridia;o__Clostridiales;f__Ruminococcaceae;g__Ruminiclostridium;s__[Eubacterium]_siraeum	k__Bacteria;p__Proteobacteria;c__Betaproteobacteria;o__Burkholderiales;f__Sutterellaceae;g__Parasutterella;s__Parasutterella_excrementihominis	k__Bacteria;p__Actinobacteria;c__Actinobacteria;o__Bifidobacteriales;f__Bifidobacteriaceae;g__Bifidobacterium;s__Bifidobacterium_adolescentis	k__Bacteria;p__Firmicutes;c__Clostridia;o__Clostridiales;f__Oscillospiraceae;g__Oscillibacter;s__Oscillibacter_sp._KLE_1745	k__Bacteria;p__Bacteroidetes;c__Bacteroidia;o__Bacteroidales;f__Bacteroidaceae;g__Bacteroides;s__Bacteroides_coprophilus	k__Bacteria;p__Firmicutes;c__Clostridia;o__Clostridiales;f__Lachnospiraceae;g__Roseburia;s__Roseburia_intestinalis	k__Bacteria;p__Firmicutes;c__Clostridia;o__Clostridiales;f__Lachnospiraceae;g__Roseburia;s__Roseburia_hominis	k__Bacteria;p__Bacteroidetes;c__Bacteroidia;o__Bacteroidales;f__Porphyromonadaceae;g__Parabacteroides;s__Parabacteroides_johnsonii	k__Bacteria;p__Actinobacteria;c__Actinobacteria;o__Bifidobacteriales;f__Bifidobacteriaceae;g__Bifidobacterium;s__Bifidobacterium_longum	k__Bacteria;p__Firmicutes;c__Clostridia;o__Clostridiales;f__;g__Flavonifractor;s__Flavonifractor_plautii	k__Bacteria;p__Firmicutes;c__Clostridia;o__Clostridiales;f__Clostridiaceae;g__Clostridium;s__Clostridium_phoceensis	k__Bacteria;p__Verrucomicrobia;c__Verrucomicrobiae;o__Verrucomicrobiales;f__Akkermansiaceae;g__Akkermansia;s__Akkermansia_muciniphila	k__Bacteria;p__Bacteroidetes;c__Bacteroidia;o__Bacteroidales;f__Prevotellaceae;g__Paraprevotella;s__Paraprevotella_xylaniphila	k__Bacteria;p__Firmicutes;c__Clostridia;o__Clostridiales;f__Ruminococcaceae;g__Ruminococcus;s__Ruminococcus_callidus	k__Bacteria;p__Bacteroidetes;c__Bacteroidia;o__Bacteroidales;f__Rikenellaceae;g__Alistipes;s__Alistipes_senegalensis	k__Bacteria;p__Firmicutes;c__Clostridia;o__Clostridiales;f__Lachnospiraceae;g__Blautia;s__Blautia_sp._KLE_1732	k__Bacteria;p__Bacteroidetes;c__Bacteroidia;o__Bacteroidales;f__Bacteroidaceae;g__Bacteroides;s__Bacteroides_oleiciplenus	k__Bacteria;p__Firmicutes;c__Clostridia;o__Clostridiales;f__Ruminococcaceae;g__Ruminococcus;s__Ruminococcus_bicirculans	k__Bacteria;p__Bacteroidetes;c__Bacteroidia;o__Bacteroidales;f__Bacteroidaceae;g__Bacteroides;s__Bacteroides_fluxus	k__Bacteria;p__Bacteroidetes;c__Bacteroidia;o__Bacteroidales;f__Prevotellaceae;g__Prevotella;s__Prevotella_stercorea	k__Bacteria;p__Firmicutes;c__Clostridia;o__Clostridiales;f__Lachnospiraceae;g__Dorea;s__Dorea_longicatena	k__Bacteria;p__Firmicutes;c__Clostridia;o__Clostridiales;f__Eubacteriaceae;g__Eubacterium;s__[Eubacterium]_eligens	k__Bacteria;p__Firmicutes;c__Clostridia;o__Clostridiales;f__Ruminococcaceae;g__;s__Ruminococcaceae_bacterium_D16	k__Bacteria;p__Firmicutes;c__Clostridia;o__Clostridiales;f__Lachnospiraceae;g__Coprococcus;s__Coprococcus_comes	k__Bacteria;p__Proteobacteria;c__Gammaproteobacteria;o__Enterobacterales;f__Enterobacteriaceae;g__Escherichia;s__Escherichia_coli	k__Bacteria;p__Firmicutes;c__Clostridia;o__Clostridiales;f__Ruminococcaceae;g__Anaerotruncus;s__Anaerotruncus_colihominis	k__Bacteria;p__Firmicutes;c__Clostridia;o__Clostridiales;f__Lachnospiraceae;g__Blautia;s__Blautia_obeum	k__Bacteria;p__Bacteroidetes;c__Bacteroidia;o__Bacteroidales;f__Odoribacteraceae;g__Odoribacter;s__Odoribacter_laneus	k__Bacteria;p__Firmicutes;c__Clostridia;o__Clostridiales;f__Ruminococcaceae;g__Ruminiclostridium;s__[Clostridium]_leptum	k__Bacteria;p__Bacteroidetes;c__Bacteroidia;o__Bacteroidales;f__Porphyromonadaceae;g__Parabacteroides;s__Parabacteroides_goldsteinii	k__Bacteria;p__Firmicutes;c__Clostridia;o__Clostridiales;f__Lachnospiraceae;g__Anaerostipes;s__Anaerostipes_hadrus	k__Bacteria;p__Firmicutes;c__Clostridia;o__Clostridiales;f__Ruminococcaceae;g__Ruminococcus;s__Ruminococcus_lactaris	k__Bacteria;p__Firmicutes;c__Clostridia;o__Clostridiales;f__Clostridiaceae;g__Clostridium;s__Clostridium_sp._L2-50	k__Bacteria;p__Firmicutes;c__Clostridia;o__Clostridiales;f__Clostridiaceae;g__Clostridium;s__Clostridium_sp._M62/1	k__Bacteria;p__Firmicutes;c__Clostridia;o__Clostridiales;f__;g__Intestinimonas;s__Intestinimonas_butyriciproducens	k__Bacteria;p__Actinobacteria;c__Actinobacteria;o__Bifidobacteriales;f__Bifidobacteriaceae;g__Bifidobacterium;s__Bifidobacterium_bifidum	k__Bacteria;p__Firmicutes;c__Negativicutes;o__Veillonellales;f__Veillonellaceae;g__Dialister;s__Dialister_invisus	k__Bacteria;p__Bacteroidetes;c__Bacteroidia;o__Bacteroidales;f__Bacteroidaceae;g__Bacteroides;s__Bacteroides_salanitronis
k__Bacteria;p__Bacteroidetes;c__Bacteroidia;o__Bacteroidales;f__Bacteroidaceae;g__Bacteroides;s__Bacteroides_vulgatus	1.0	-0.0380739574267	0.0861021528401	-0.00897881410209	-0.0302387814543	0.0127893150995	-0.0471631567025	-0.0482971747545	-0.0426947002572	0.0491085453274	0.00676160500223	-0.00295600756124	-0.0423594018484	0.00821277164641	-0.0336156040445	-0.0157530395745	-0.00592746571644	-0.0530735795382	-0.0919902511076	-0.016356572765	0.0228915599538	-0.0709708367642	-0.0310603950923	0.040264820165	-0.0287910556469	0.00249050875497	0.00376473911031	0.0199509530815	-0.000532208127242	-0.0291934134433	-0.0105732252192	0.00426174931489	0.00796396961228	-0.0576309214589	0.0100746725852	-0.030685787525	0.0661317360214	-0.0135112497337	-0.000237272436878	0.0122315908536	0.0209472486952	0.0232573669699	-0.0149886081197	0.0178765838333	-0.0330796824662	-0.0216978121622	-0.0128285128302	0.000711721617887	-0.0222132806483	-0.056977073274	-0.0176212598747	0.00429341336398	-0.0166586096331	-0.0459465681363	0.00212817214596	-0.0569605681687	0.000101299878559	-0.0110204198331	-0.0202218964805
k__Bacteria;p__Bacteroidetes;c__Bacteroidia;o__Bacteroidales;f__Bacteroidaceae;g__Bacteroides;s__Bacteroides_uniformis	-0.0380739574267	1.0	-0.0690461910983	0.0407195460996	-0.0410927892328	-0.0424789972729	0.021410167829	0.0165063110905	0.00830412673893	-0.0494256919137	-0.0102921341032	0.0303853320552	-0.0144468855866	-0.00581108434075	0.0475655895448	0.0254164613412	-0.016521863116	-0.0658352989623	0.00527343563721	-0.00943664233913	0.0118934419355	0.00171356514474	0.00687212284792	-0.0219134909373	-0.0272208215054	-0.0157431780094	-0.0158972968649	0.0349031856817	0.0175320765309	-0.0103679243947	0.0122984920304	-0.050622507718	-0.054893414446	0.0330193632799	0.0220131368515	0.0156853565789	-0.00776838562202	-0.0325810032256	0.0711059780687	0.0268026768096	-0.00807082044618	0.00809249367812	-0.0782325733479	-0.0125111654087	0.0177070836925	-0.00480151912558	0.0217581760523	-0.0244444660668	0.037176466609	-0.0528853724774	-0.00540187284291	0.0347311652188	-0.0251675573655	-0.0887575035286	-0.0499394525236	-0.0287685434361	-0.0662199733926	-0.0356266108943	-0.0137156836726
k__Bacteria;p__Bacteroidetes;c__Bacteroidia;o__Bacteroidales;f__Rikenellaceae;g__Alistipes;s__Alistipes_putredinis	0.0861021528401	-0.0690461910983	1.0	0.00117774102886	0.0313471206209	-0.0448459394162	0.0297535600901	-0.005365838142	-0.010345482591	-0.0177139012341	-0.00750696886993	0.00278111142436	-0.00856279328918	-0.00142834783404	-0.000712120726517	-0.0113204085514	0.00114867888915	0.0286128086218	0.011344768862	0.0639494235896	0.0651078440874	0.022577704617	0.0425984121476	-0.0165672501664	-0.0353774548119	-0.0408981675378	-0.00294452751635	-0.0714144124933	0.0541230268755	-0.00455961840476	-0.00993422579275	0.0370606522817	0.00347227147133	-0.0473616920874	0.0674206660805	-0.0434339681779	-0.00751837273459	-0.0114892069842	-0.0212938019686	-0.0430644733953	0.0413837855825	-0.0123063602299	0.0426428580481	0.00582892501254	-0.0757095048842	-0.00102300429866	-0.0340249786506	-0.00963915387098	0.0501424211249	-0.014589696955	-0.0200623517709	-0.0613028148558	-0.00760919826042	-0.0460733720175	-0.00263817926698	-0.0510849063368	-0.00309573122258	-0.0273684145137	0.0938712640976
k__Bacteria;p__Bacteroidetes;c__Bacteroidia;o__Bacteroidales;f__Prevotellaceae;g__Prevotella;s__Prevotella_copri	-0.00897881410209	0.0407195460996	0.00117774102886	1.0	-0.0373167817604	0.0092628171413	0.0115556694006	0.0514678076584	0.0323573468681	-0.0051073859573	-0.0420114456545	0.0106131451587	-0.0525136419266	-0.023772365765	-0.0469481321269	-0.0313139120052	-0.0398598126379	-0.0181484270574	0.00772162263955	0.0354773805131	0.0324204730304	0.0416440030699	-0.00252707808794	-0.026270625324	0.00583220061406	-0.019017597873	-0.00883593701854	-0.0111751343812	-0.0299669431121	-0.0140934838362	-0.0142211823974	-0.0267189341965	0.0207667488093	-0.00323391152558	-0.051434286974	0.0553377757458	-0.0247773821425	0.0283051738934	-0.0181313639975	-0.00945071432137	-0.00395908954103	-0.067482320245	0.0395699309179	-0.0734067539163	0.0559769457608	0.00265258833452	-0.0127237642984	-0.0272433580134	-0.0274312017269	0.0552767435976	-0.0477167580843	0.00676858853849	-0.0208147111226	0.0122618952998	-0.0813639461354	-0.0246753423435	-0.0947843230847	-0.0351205229019	-0.0220424288083
k__Bacteria;p__Bacteroidetes;c__Bacteroidia;o__Bacteroidales;f__Bacteroidaceae;g__Bacteroides;s__Bacteroides_stercoris	-0.0302387814543	-0.0410927892328	0.0313471206209	-0.0373167817604	1.0	0.0333706155213	-0.0528897340022	0.0165184584045	-0.0550944007135	-0.010287968538	0.00759090271164	-0.0241068929592	-0.0176186394761	0.0283172224567	0.0202133917295	-0.0294390051113	-0.00883765127886	-0.0027150518185	0.0448420354382	-0.0946818178032	-0.0172071508908	-0.0531917443634	-0.0405696558809	-0.0327979404948	0.000389835423292	0.0109922183045	0.00767803800122	-0.0142562257242	0.02027927512	-0.0334271810557	-0.00947451106761	-0.0264208714859	0.00602213863323	0.0576864159707	-0.0289494103893	0.0434961631396	-0.0310950210059	0.0123638513137	-0.00773508426857	-0.0086355800812	-0.0203731136057	-0.0559428906857	0.0320672709915	0.00393637649384	0.0286064076115	-0.035893748389	-0.00178931432597	-0.00342133836887	-0.031497007578	-0.0280009425412	-0.0564374837191	0.0119027454012	0.0240442212283	0.0189091917877	-0.0494492717533	0.0317181519036	-0.0410808240951	0.0166832019667	-0.0494450301787
k__Bacteria;p__Bacteroidetes;c__Bacteroidia;o__Bacteroidales;f__Bacteroidaceae;g__Bacteroides;s__Bacteroides_ovatus	0.0127893150995	-0.0424789972729	-0.0448459394162	0.0092628171413	0.0333706155213	1.0	0.00674002293224	0.0272096150516	-0.063014174264	0.0406506166577	0.00855868064566	0.0291575057742	0.0271579194722	-0.00189093130109	0.00428933276478	-0.0274086196874	0.0063658589962	-0.0143223740269	0.00965654554972	-0.0369555637761	-0.0289294250053	-0.0452539611848	-0.0293308977345	-0.0150719388901	-0.0133400855774	0.0095071192081	0.0521768171968	0.0246288526299	-0.0275167082101	-0.00834092801339	-0.00515502441761	0.0336116658352	-0.0299098179061	0.00922378876443	-0.0623168481294	0.0047345017253	-0.00366068630866	-0.0537903639786	-0.000518301681779	-0.00457922375841	-0.0360849975362	0.0367911578479	-0.024044848552	-0.0095534262525	-0.0566809829831	0.00321209714815	0.00518778679025	0.0146831091526	-0.015822836296	-0.00678107055952	-0.0140318360417	-0.0375558553164	-0.019421463195	-0.00933581079854	-0.0354899512267	0.00877258759174	0.0275949229459	0.000442633622963	-0.0705815159212
k__Bacteria;p__Bacteroidetes;c__Bacteroidia;o__Bacteroidales;f__Rikenellaceae;g__Alistipes;s__Alistipes_shahii	-0.0471631567025	0.021410167829	0.0297535600901	0.0115556694006	-0.0528897340022	0.00674002293224	1.0	0.00178164313051	0.0102109658734	-0.0335783664706	-0.0440608504634	-0.0268591633949	-0.0324992845302	0.0188781896414	0.0133816728059	0.0240652202187	0.0480990328097	0.00949353071894	0.0296732223835	-0.0265726731482	-0.00540855820833	0.0389597754118	-0.00873165816752	-0.0498897639633	0.0105622356667	0.00412513591301	-0.0843658157626	-0.0232214979154	-0.001214647138	0.0343372612559	-0.0734139900268	0.0172434956875	-0.0182067317839	0.00486611771601	0.0283397598233	-0.00131570759519	-0.00596761709585	0.021973279751	-0.00477473693853	-0.000501822670049	-0.0025693893322	-0.0405060596605	-0.0125778099869	0.0220596205733	0.0185094851086	-0.0427072395866	-0.0411561668628	0.00531653375157	-0.0415381161422	-0.0111860619661	0.035404822447	-0.0683567538838	0.0438589441749	0.010234243263	0.0315038768322	-0.0357398113	-0.0138747427115	-0.0483303340516	0.0154239382509
k__Bacteria;p__Firmicutes;c__Clostridia;o__Clostridiales;f__Ruminococcaceae;g__Faecalibacterium;s__Faecalibacterium_prausnitzii	-0.0482971747545	0.0165063110905	-0.005365838142	0.0514678076584	0.0165184584045	0.0272096150516	0.00178164313051	1.0	-0.0216226813048	-0.0107424688414	-0.116024401397	-0.0234095323822	-0.0429222307456	-0.0574092616324	-0.03537764122	0.031906084421	0.0371039756974	-0.0249381501836	-0.0168444963732	0.0102457426527	-0.0135398213615	-0.00558419449356	0.0782235043284	-0.041881279442	0.0421150456367	-0.0197779098104	0.00648865304436	-0.0136108011576	-0.0150723766679	0.0351218201828	-0.0410226523016	-0.0461014647833	0.00243233056207	0.00928490447333	0.0145617240201	0.0200684074208	-0.00837018922015	-0.0248413836625	0.058356989208	0.0172074843484	0.00386002223683	-0.0165790339464	0.0228487951412	0.00607749219253	-0.0484930334759	-0.0327266148117	0.00750972429772	-0.0808242183323	0.0208573802769	0.0195345132371	-0.0273990025463	-0.0660942922181	-0.0493480226609	-0.0251873537388	0.0327403708101	-0.00385543983723	0.00604168676497	0.033776176346	0.0154475869698
k__Bacteria;p__Bacteroidetes;c__Bacteroidia;o__Bacteroidales;f__Rikenellaceae;g__Alistipes;s__Alistipes_finegoldii	-0.0426947002572	0.00830412673893	-0.010345482591	0.0323573468681	-0.0550944007135	-0.063014174264	0.0102109658734	-0.0216226813048	1.0	0.02521269466	0.0542658867686	0.0140010406871	-0.0153839913521	-0.035899777068	-0.0172392992295	-0.0357567701813	-0.053100076421	-0.043284029836	-0.018333600661	-0.00416505791201	0.0124131920434	-0.0443943059536	0.00409184242044	0.0215009939995	0.0364618981732	0.00900569677324	-0.0361937881909	-0.0160655915028	0.00282723858859	-0.0155674515995	-0.00420613282165	-0.0415541700451	0.0286248164631	-0.0626132306698	0.0230115842781	-0.0213386684482	-0.00665115276524	-0.0346121079885	-0.029397830342	-0.0350611257597	0.0530209905626	-0.00459418663401	-0.0105057540759	-0.0455629828146	0.00724504609629	-0.0185176833476	0.00461809901064	-5.83733665536e-05	0.0486871798051	-0.0453059204089	0.0388019912249	0.0106444552403	-0.0224179558363	-0.0227112427616	0.0471512472603	-0.0204715058767	-0.0128187763119	-0.0352085826131	-0.0142660097875
k__Bacteria;p__Bacteroidetes;c__Bacteroidia;o__Bacteroidales;f__Porphyromonadaceae;g__Parabacteroides;s__Parabacteroides_distasonis	0.0491085453274	-0.0494256919137	-0.0177139012341	-0.0051073859573	-0.010287968538	0.0406506166577	-0.0335783664706	-0.0107424688414	0.02521269466	1.0	0.0121742032336	-0.0342629017703	0.00202904660515	-0.00885300627705	-0.0306413278524	0.031981967555	-0.01299891557	-0.037957897664	-0.0734438174752	-0.00104053660556	0.0403683454835	-0.0268333448198	0.0127150030177	0.00334174756583	-0.0176495778217	0.0186836000177	-0.017690495988	-0.00742212624282	0.00708222728844	0.0127195173198	0.0183210212689	0.0605361728442	-0.0708188233793	-0.047902914823	0.00171490085979	-0.0367879824713	0.035563089994	0.0800795199405	0.0192405369402	-0.0415422030095	0.0250995928132	0.0468247436576	-0.0204576698225	0.0469662437358	-0.0382805618303	-0.0606499642637	-0.0165288571958	-0.0104233356357	-0.0229969723895	0.00869943092481	-0.0124315657343	-0.0429278103398	0.0265095233197	-0.00538017214917	-0.00468373348036	-0.027843325366	-0.0382522527689	-0.0237249385688	-0.0340552397086
k__Bacteria;p__Bacteroidetes;c__Bacteroidia;o__Bacteroidales;f__Bacteroidaceae;g__Bacteroides;s__Bacteroides_thetaiotaomicron	0.00676160500223	-0.0102921341032	-0.00750696886993	-0.0420114456545	0.00759090271164	0.00855868064566	-0.0440608504634	-0.116024401397	0.0542658867686	0.0121742032336	1.0	-0.064461557246	0.0519806129984	-0.00159183659725	0.0722917426645	-0.0710433113877	-0.0641964576123	-0.0762696812889	-0.0166041145925	0.0034202269414	0.0378572568396	-0.0194240312925	-0.00667020529421	-0.0774826240483	-0.0346874493438	-0.011514787003	-0.0367550172422	0.019583783618	-0.0109026565146	-0.0325169044097	0.0238044295564	-0.0307812967595	-0.00320380560118	-0.0159003607956	0.0165166107613	-0.0382117915635	-0.0165348451787	0.0581379357616	0.00403610284855	0.013126190602	-0.0350132113454	0.0280458274816	-0.0521281847726	0.0160453827388	0.0415728765969	-0.0113773497043	-0.0181920947649	-0.00456367930038	-0.0109919806868	-0.0346517925475	-0.011832005407	0.00342010968511	-0.0359036065108	-0.0279747621621	-0.0147427208486	0.0166427702282	-0.0623694033966	0.0631396799458	0.0177789680021
k__Bacteria;p__Bacteroidetes;c__Bacteroidia;o__Bacteroidales;f__Bacteroidaceae;g__Bacteroides;s__Bacteroides_coprocola	-0.00295600756124	0.0303853320552	0.00278111142436	0.0106131451587	-0.0241068929592	0.0291575057742	-0.0268591633949	-0.0234095323822	0.0140010406871	-0.0342629017703	-0.064461557246	1.0	-0.0022996670536	-0.0705607340841	0.00287741616044	-0.0551212705913	0.0802431286766	-0.0195642793989	0.00504667394578	0.0561658056288	-0.00900333349443	0.0308462345429	-0.0257262163896	0.0413110822665	-0.0379716661225	0.0563735526969	0.00623103901433	0.0281544140227	-0.0171704993941	0.0317399996646	0.0144711614934	-0.0246058052073	-0.0190215168074	0.0279489716446	0.0128045302053	0.020718448866	-0.0439338844908	-0.00261675519401	-0.0182099083113	-0.0165543907996	0.00137807747512	-0.0162357882356	-0.0174374144016	0.0197920574994	0.0398575865514	-0.0290394272824	-0.000918774335844	-0.0249594370157	-0.0315349997072	-0.0757858669608	0.0680834826833	0.00764178293017	-0.00759972221574	-0.0181640779014	-0.00216604210166	-0.13091168991	0.00675710414195	-0.066949598036	-0.0572735163555
k__Bacteria;p__Bacteroidetes;c__Bacteroidia;o__Bacteroidales;f__Bacteroidaceae;g__Bacteroides;s__Bacteroides_cellulosilyticus	-0.0423594018484	-0.0144468855866	-0.00856279328918	-0.0525136419266	-0.0176186394761	0.0271579194722	-0.0324992845302	-0.0429222307456	-0.0153839913521	0.00202904660515	0.0519806129984	-0.0022996670536	1.0	-0.0360706215685	0.0251857526634	0.0155963618743	-0.0807169853915	0.0231546806139	-0.0622806383761	0.0136379965591	-0.0258510078656	-0.053712081113	0.00778525264563	0.0217235716895	-0.0591979782435	-0.00217144043025	0.00583519709503	-0.0667956538813	0.0245409716524	0.0464347959924	0.00402531759228	0.0187113291438	0.0309354860095	-0.0190641731929	0.00738421187264	-0.0417364695082	0.000659493115644	-0.040752995024	0.000654720167974	0.0259305520027	-0.0330795336961	0.000221689346068	-0.0285641169164	0.0617058980721	-0.00830366743534	0.00705397109655	-0.0149708349099	-0.0600410622487	-0.000911635686203	-0.0314312666662	0.0229056693331	-0.113687082427	-0.0506782741618	-0.0826517864839	0.027753208122	0.0288192406781	-0.0327623363375	-0.000650364718172	-0.000653714412646
k__Bacteria;p__Bacteroidetes;c__Bacteroidia;o__Bacteroidales;f__Rikenellaceae;g__Alistipes;s__Alistipes_obesi	0.00821277164641	-0.00581108434075	-0.00142834783404	-0.023772365765	0.0283172224567	-0.00189093130109	0.0188781896414	-0.0574092616324	-0.035899777068	-0.00885300627705	-0.00159183659725	-0.0705607340841	-0.0360706215685	1.0	0.0160200176934	0.0655667042546	0.0732258212312	-0.0412149363152	0.00784277649632	-0.00713804229254	0.0149362016773	-0.0214174432498	-0.0624191287698	-0.0567015989857	0.0259212831253	0.0288212686549	-0.00364744438757	-0.0268310336949	-0.0186348820675	0.0273943344047	0.00424172712824	-0.0246928882735	0.014348164353	-0.0646012269941	-0.0281017521001	0.0087903758189	-0.0258975165191	-0.00525661636231	-0.0372374596754	-0.0777722834454	-0.0186177875942	-0.058716929545	0.0155999467935	-0.00391531106357	0.00282941251968	0.0211369539217	-0.0503543887655	0.00390547500589	-0.0307957456345	0.0130191162913	0.00689512821549	0.0214539626515	-0.033594631624	0.0449795369358	0.0266265420803	-0.0166771884083	-0.0498883744188	-0.0367634112341	-0.0194676225761
k__Bacteria;p__Firmicutes;c__Clostridia;o__Clostridiales;f__Lachnospiraceae;g__;s__[Eubacterium]_rectale	-0.0336156040445	0.0475655895448	-0.000712120726517	-0.0469481321269	0.0202133917295	0.00428933276478	0.0133816728059	-0.03537764122	-0.0172392992295	-0.0306413278524	0.0722917426645	0.00287741616044	0.0251857526634	0.0160200176934	1.0	0.00607870908437	-0.0103609957252	-0.0430593412145	0.00212517139891	-0.0237101684115	-0.000610180211618	0.0667058615603	-0.00935072681449	-0.0286141043895	0.0250714644265	-0.0492344518322	0.0110160755709	-0.0576757038913	0.0222115133286	0.0233763001154	0.0139270129417	-0.0183971189724	-0.037869245971	0.0217783630374	-0.0244721012145	0.0611658076828	-0.0364479751733	-0.0154235266438	0.0371750954686	-0.000455900856642	-0.0372861882174	0.0464605024556	-0.00252545576707	0.00220348982001	-0.00793895179842	-0.054760044257	0.0162019280705	-0.0353380134899	-0.0235124270866	-0.0222375495418	-0.028692596936	-0.0374749388195	0.0474807594356	-0.0235806463376	-0.0513156393596	0.0292359864273	-0.0102973587883	0.0103695085123	0.0342012667966
k__Bacteria;p__Bacteroidetes;c__Bacteroidia;o__Bacteroidales;f__Bacteroidaceae;g__Bacteroides;s__Bacteroides_plebeius	-0.0157530395745	0.0254164613412	-0.0113204085514	-0.0313139120052	-0.0294390051113	-0.0274086196874	0.0240652202187	0.031906084421	-0.0357567701813	0.031981967555	-0.0710433113877	-0.0551212705913	0.0155963618743	0.0655667042546	0.00607870908437	1.0	-0.00873398810966	-0.0108446899922	-0.0220698721298	0.0127883719515	0.0306320283939	-0.0487298689828	-0.0146539430134	-0.0297099791598	-0.0382473250544	-0.0221717517772	-0.101672923743	-0.0380684823376	-0.0248272820649	-0.0192646450988	-0.00436697075762	0.0447972782787	-0.0376358313515	-0.0082473456539	0.00825591903514	0.0419507758053	-0.0537085420966	-0.0272920005571	0.00412539446842	-0.00392106843833	0.0292941658851	0.0700033483855	-0.0413450940406	-0.0142616616922	-0.017763302803	0.0303766988249	-0.0272462809716	-0.00538709640803	0.00300814535206	-0.0347934224921	0.0461356455412	-0.0240780256834	-0.0397596166501	0.0433386662087	-0.0555987861515	-0.018015630703	0.0867777652116	-0.0583902997912	-0.0781038701454
k__Bacteria;p__Bacteroidetes;c__Bacteroidia;o__Bacteroidales;f__Bacteroidaceae;g__Bacteroides;s__Bacteroides_fragilis	-0.00592746571644	-0.016521863116	0.00114867888915	-0.0398598126379	-0.00883765127886	0.0063658589962	0.0480990328097	0.0371039756974	-0.053100076421	-0.01299891557	-0.0641964576123	0.0802431286766	-0.0807169853915	0.0732258212312	-0.0103609957252	-0.00873398810966	1.0	-0.0754137255471	-0.0153220266841	-0.0208317305326	-0.0102082519661	-0.0115675800803	0.0109343676897	0.0195306851573	-0.00480841070494	0.0197892538317	0.0137620512576	-0.0634434903144	0.0124515783793	-0.00803942381019	-0.0340182514071	-0.0167163468167	-0.012960331053	-0.0171871770406	-0.00818667939266	0.0208401434631	0.0181280277475	-0.0538463239652	-0.011924414151	-0.0404635245351	0.00136530427363	0.00848049892536	-0.0276547091517	-0.005895325608	-0.0436605296125	0.022327144609	-0.0145373064289	-0.0201759280342	0.0170476776064	-0.00892538820773	0.0197780196316	-0.0246134678237	-0.0228591471303	0.0177421268301	0.051998662721	-0.00749363521421	0.00710121365392	-0.0497599837186	-0.0862156871057
k__Bacteria;p__Proteobacteria;c__Betaproteobacteria;o__Burkholderiales;f__Sutterellaceae;g__Sutterella;s__Sutterella_wadsworthensis	-0.0530735795382	-0.0658352989623	0.0286128086218	-0.0181484270574	-0.0027150518185	-0.0143223740269	0.00949353071894	-0.0249381501836	-0.043284029836	-0.037957897664	-0.0762696812889	-0.0195642793989	0.0231546806139	-0.0412149363152	-0.0430593412145	-0.0108446899922	-0.0754137255471	1.0	0.0181245853733	-0.0245292585121	0.0259127351559	0.0411002981414	-0.0868731543289	-0.0682817459623	0.0137331416139	-0.0464001498772	-0.0105950890313	-0.00384291239161	0.0207681800496	0.0030364303288	-0.00202954707491	0.0195463393387	-0.0401999058462	-0.0295851962429	0.0278506779993	-0.0706684879949	0.0414182350611	0.000389410193022	-0.0313739345412	0.000778406901476	-0.0107402121955	-0.0462238260322	-0.0151918924464	-0.0545847576496	-0.0282208581262	-0.00782755500354	0.00471668811662	-0.0053843296016	0.0017117689536	-0.0305196839119	0.0800870352951	-0.0155856712427	0.00863648211468	-0.0280249871769	0.0195878937555	0.0244965879213	-0.0443410777707	0.0710414006958	0.0316596557852
k__Bacteria;p__Bacteroidetes;c__Bacteroidia;o__Bacteroidales;f__Porphyromonadaceae;g__Barnesiella;s__Barnesiella_intestinihominis	-0.0919902511076	0.00527343563721	0.011344768862	0.00772162263955	0.0448420354382	0.00965654554972	0.0296732223835	-0.0168444963732	-0.018333600661	-0.0734438174752	-0.0166041145925	0.00504667394578	-0.0622806383761	0.00784277649632	0.00212517139891	-0.0220698721298	-0.0153220266841	0.0181245853733	1.0	-0.0319563217436	-0.0664319494848	0.011152620995	-0.0215760190158	-0.0399425446707	0.00338734550211	-0.022454311062	0.00271450448074	-0.0357144668913	0.0233876371632	0.0226939445962	0.0239768587997	-0.0377473821571	0.0133414618477	0.072805313002	0.00869903563469	-0.0069598330374	-0.0313147353355	0.00254122198566	0.0122083976065	-0.0330682613907	0.0495778683975	-0.0719740902229	0.00558771045519	-0.00896331989335	-0.0743013556006	0.00810990473364	0.0335000206864	0.0406989811858	0.00328002627832	-0.014650132195	-0.0524690624043	-0.00062881176032	-0.0271052313501	-0.00650417796521	-0.055352309127	-0.0407353547019	-0.0166277709357	-0.0137994274656	-0.024651720445
k__Bacteria;p__Bacteroidetes;c__Bacteroidia;o__Bacteroidales;f__Odoribacteraceae;g__Odoribacter;s__Odoribacter_splanchnicus	-0.016356572765	-0.00943664233913	0.0639494235896	0.0354773805131	-0.0946818178032	-0.0369555637761	-0.0265726731482	0.0102457426527	-0.00416505791201	-0.00104053660556	0.0034202269414	0.0561658056288	0.0136379965591	-0.00713804229254	-0.0237101684115	0.0127883719515	-0.0208317305326	-0.0245292585121	-0.0319563217436	1.0	-0.0307741365533	0.0436547207105	-0.0473623173302	0.0362893415645	0.00461265482346	0.0675655691371	-0.0331284195202	-0.0219743374317	0.00903328808258	-0.0471541810924	0.0165241968117	-0.0575450984286	-0.0173253271182	-0.018284516536	-0.0701558142505	-0.0282905633932	-0.0569164582509	0.0255225595544	-0.0585390274628	0.0253796540305	-0.0454269983269	0.107956347101	-0.0474674291254	-0.0326519394213	0.0789072192917	-0.0880210669565	-0.0192236340413	-0.0790591883502	0.0608218691713	0.0603543267552	-0.0108420207855	-0.00131023261242	0.0312562166157	-0.0096995428176	0.0158171504011	-0.0248911858053	-0.0320462371373	0.021249505547	0.0698308036913
k__Bacteria;p__Bacteroidetes;c__Bacteroidia;o__Bacteroidales;f__Bacteroidaceae;g__Bacteroides;s__Bacteroides_salyersiae	0.0228915599538	0.0118934419355	0.0651078440874	0.0324204730304	-0.0172071508908	-0.0289294250053	-0.00540855820833	-0.0135398213615	0.0124131920434	0.0403683454835	0.0378572568396	-0.00900333349443	-0.0258510078656	0.0149362016773	-0.000610180211618	0.0306320283939	-0.0102082519661	0.0259127351559	-0.0664319494848	-0.0307741365533	1.0	0.0199495292239	0.0156773840181	-0.0301612609165	-0.0405135481465	-0.00143012214231	-0.0045109284082	-0.0026003454417	0.00587002601136	-0.0175671056334	-0.0153563079279	-0.0608121715894	-0.00939615882683	-0.0123554968252	-0.0321088337184	-0.00890881972231	-0.0418123177616	-0.0114949837805	0.0193361101452	0.0165048176077	0.0147267790337	0.000197812032655	0.0939684575499	0.0513934556182	-0.0083737835704	0.027636538102	-0.0557964179388	-0.0191527449722	0.0447709895094	-0.0438102563083	-0.0162964232527	-0.0686088225836	-0.0278499001899	-0.0277961633214	-0.03084912811	0.0152793768067	0.00617294595832	-0.0502052588332	-0.000246570149567
k__Bacteria;p__Firmicutes;c__Clostridia;o__Clostridiales;f__Ruminococcaceae;g__Ruminiclostridium;s__[Eubacterium]_siraeum	-0.0709708367642	0.00171356514474	0.022577704617	0.0416440030699	-0.0531917443634	-0.0452539611848	0.0389597754118	-0.00558419449356	-0.0443943059536	-0.0268333448198	-0.0194240312925	0.0308462345429	-0.053712081113	-0.0214174432498	0.0667058615603	-0.0487298689828	-0.0115675800803	0.0411002981414	0.011152620995	0.0436547207105	0.0199495292239	1.0	-0.0051393374307	-0.0489587716972	-0.011360938588	-0.00987565518097	-0.0600653729239	-0.0249358631024	0.0171926191179	-0.0435732858364	-0.0612490316791	-0.0293680160917	-0.0698155126383	-0.0024970481829	-0.0494116689114	0.00413658358455	0.0451150328983	-0.00312863893063	-0.00402391951946	-0.0311928073783	-0.0316734644226	-0.0552845848433	0.0114276802913	0.0236922763106	0.0610025645506	-0.017300973443	0.0226834874847	-0.0456145688586	-0.0163462260971	-0.0304060503911	0.00149621707925	0.0011189392688	0.0101718185297	0.00913871965438	-0.0444798483437	0.0108030137226	-0.0203055481737	-0.0524062900689	-0.0308330296265
k__Bacteria;p__Proteobacteria;c__Betaproteobacteria;o__Burkholderiales;f__Sutterellaceae;g__Parasutterella;s__Parasutterella_excrementihominis	-0.0310603950923	0.00687212284792	0.0425984121476	-0.00252707808794	-0.0405696558809	-0.0293308977345	-0.00873165816752	0.0782235043284	0.00409184242044	0.0127150030177	-0.00667020529421	-0.0257262163896	0.00778525264563	-0.0624191287698	-0.00935072681449	-0.0146539430134	0.0109343676897	-0.0868731543289	-0.0215760190158	-0.0473623173302	0.0156773840181	-0.0051393374307	1.0	0.0770567758761	-0.0203812980658	-0.0376292124556	0.0377487461422	-0.0169725261528	0.0139387214447	-0.0187277646072	-0.0195228645477	-0.0216129046941	0.0139586116316	0.00434439665921	-0.031095926651	-0.0445532964513	-0.0811550271544	0.0353114079791	-0.0175087157901	-0.0117366859319	-0.00647931849589	-0.00518158176409	-0.016224181243	0.00587175086941	-0.0143800990436	0.0301420652446	-0.00980772318736	0.0303941660715	0.0136622596798	0.0177277102268	-0.0636318751824	-0.0317938146016	0.0271321065133	0.016613059529	-0.0231712970143	-0.00976759450507	-0.00670538455248	0.0220472723284	0.00906399895568
k__Bacteria;p__Actinobacteria;c__Actinobacteria;o__Bifidobacteriales;f__Bifidobacteriaceae;g__Bifidobacterium;s__Bifidobacterium_adolescentis	0.040264820165	-0.0219134909373	-0.0165672501664	-0.026270625324	-0.0327979404948	-0.0150719388901	-0.0498897639633	-0.041881279442	0.0215009939995	0.00334174756583	-0.0774826240483	0.0413110822665	0.0217235716895	-0.0567015989857	-0.0286141043895	-0.0297099791598	0.0195306851573	-0.0682817459623	-0.0399425446707	0.0362893415645	-0.0301612609165	-0.0489587716972	0.0770567758761	1.0	-0.0340355267833	-0.0139131816369	-0.0454128442604	0.0210555386085	-0.0241105207541	-0.0858477523349	-0.0651454838776	-0.00155723396297	0.019415005772	-0.0324516608296	0.0233469753386	0.0328824010121	-0.0393966469054	0.0145377175122	-0.0539871485793	0.0107485309311	0.0281367009501	-0.0055731078717	-0.0328335145109	-0.0448812453793	0.00964954446044	0.00650602433082	0.0138775330855	0.0385572054608	-0.0163291308943	0.014999940203	0.00787874121313	0.0225117439257	0.0168515095075	-0.0117265693947	-0.0401925987447	-0.00619565173742	-0.0493428773474	-0.0199618510915	-0.0133382681853
k__Bacteria;p__Firmicutes;c__Clostridia;o__Clostridiales;f__Oscillospiraceae;g__Oscillibacter;s__Oscillibacter_sp._KLE_1745	-0.0287910556469	-0.0272208215054	-0.0353774548119	0.00583220061406	0.000389835423292	-0.0133400855774	0.0105622356667	0.0421150456367	0.0364618981732	-0.0176495778217	-0.0346874493438	-0.0379716661225	-0.0591979782435	0.0259212831253	0.0250714644265	-0.0382473250544	-0.00480841070494	0.0137331416139	0.00338734550211	0.00461265482346	-0.0405135481465	-0.011360938588	-0.0203812980658	-0.0340355267833	1.0	0.0325113028605	-0.0826751279561	0.005861838858	-0.0128015232231	-0.00780331936592	0.00182020779379	0.0405072464687	-0.0139783839826	-0.0900011643709	-0.0269353713073	-0.0623298126412	0.025164056004	-0.0530950458723	-0.023890583286	-0.00184611994354	0.0178599488432	0.0251196227947	-0.00287087688702	0.0524508202903	0.00769388253826	-0.0243781452731	-0.069168221099	-0.000908332451348	0.00832434597784	0.0189364178898	0.0199574167552	0.0244127919964	-0.0653122565675	0.00919564743613	-0.0220795495021	-0.00531767845735	-0.0576089481894	0.0837039795394	0.0394130081468
k__Bacteria;p__Bacteroidetes;c__Bacteroidia;o__Bacteroidales;f__Bacteroidaceae;g__Bacteroides;s__Bacteroides_coprophilus	0.00249050875497	-0.0157431780094	-0.0408981675378	-0.019017597873	0.0109922183045	0.0095071192081	0.00412513591301	-0.0197779098104	0.00900569677324	0.0186836000177	-0.011514787003	0.0563735526969	-0.00217144043025	0.0288212686549	-0.0492344518322	-0.0221717517772	0.0197892538317	-0.0464001498772	-0.022454311062	0.0675655691371	-0.00143012214231	-0.00987565518097	-0.0376292124556	-0.0139131816369	0.0325113028605	1.0	-0.0254305231254	-0.00998426462904	0.00352425998616	-0.0223591732399	0.0497742519754	-0.0189938741276	-0.00697577412437	-0.0476740843188	-0.062951121937	-0.022933252173	0.0581288098995	0.00595652774826	0.0462614276543	-0.0001277160338	-0.0120493930275	0.0111065106606	0.0435318166136	-0.0561404270144	-0.0302059604817	0.0292915125486	-0.0498396799583	-0.0603265847684	0.0213204754912	0.0376292157847	0.036039201968	-0.0249385095752	0.00334227037071	-0.0370952789	0.00426926146582	-0.0290597904856	0.00139804304663	-0.0147799401738	0.0667702337932
k__Bacteria;p__Firmicutes;c__Clostridia;o__Clostridiales;f__Lachnospiraceae;g__Roseburia;s__Roseburia_intestinalis	0.00376473911031	-0.0158972968649	-0.00294452751635	-0.00883593701854	0.00767803800122	0.0521768171968	-0.0843658157626	0.00648865304436	-0.0361937881909	-0.017690495988	-0.0367550172422	0.00623103901433	0.00583519709503	-0.00364744438757	0.0110160755709	-0.101672923743	0.0137620512576	-0.0105950890313	0.00271450448074	-0.0331284195202	-0.0045109284082	-0.0600653729239	0.0377487461422	-0.0454128442604	-0.0826751279561	-0.0254305231254	1.0	0.00485276282121	0.013882631433	-0.0185538680027	0.00989258464202	0.0454021464885	-0.00494271757312	-0.00908094887075	0.0300891158182	-0.0135182226094	0.041707870464	-0.0429835306311	0.0456621054857	0.0179701299124	0.00586386523765	-0.0158925981387	0.0115283369191	0.0297338254302	-0.0147922737495	-0.0162595919632	0.036514123425	0.0571608070644	0.0433270943309	-0.0643394515603	-0.0227893064818	0.00415049987052	-0.0161376527346	0.0319295709493	0.0456323301267	-0.0835682533317	-0.0634525652234	-0.0202657546041	-0.021060121537
k__Bacteria;p__Firmicutes;c__Clostridia;o__Clostridiales;f__Lachnospiraceae;g__Roseburia;s__Roseburia_hominis	0.0199509530815	0.0349031856817	-0.0714144124933	-0.0111751343812	-0.0142562257242	0.0246288526299	-0.0232214979154	-0.0136108011576	-0.0160655915028	-0.00742212624282	0.019583783618	0.0281544140227	-0.0667956538813	-0.0268310336949	-0.0576757038913	-0.0380684823376	-0.0634434903144	-0.00384291239161	-0.0357144668913	-0.0219743374317	-0.0026003454417	-0.0249358631024	-0.0169725261528	0.0210555386085	0.005861838858	-0.00998426462904	0.00485276282121	1.0	0.00434838125325	0.0511645399213	-0.0121435485363	0.0134023584944	-0.0451443265839	0.0527408628649	0.0168945203722	-0.0058304811404	0.0120005682111	-0.0362865473156	0.0128885917357	0.0363278444046	-0.0182137887507	0.00245843531364	-0.0782862342243	0.0154797495795	-0.0165032510215	0.0126169076651	-0.0185489175463	0.0648786531412	0.00869890738211	0.0170846614977	-0.0395617746818	-0.0209450219076	-0.0698076730741	0.0264313689064	-0.0037368496873	0.018913732898	0.00382757972323	-0.00851548969521	0.0286969966387
k__Bacteria;p__Bacteroidetes;c__Bacteroidia;o__Bacteroidales;f__Porphyromonadaceae;g__Parabacteroides;s__Parabacteroides_johnsonii	-0.000532208127242	0.0175320765309	0.0541230268755	-0.0299669431121	0.02027927512	-0.0275167082101	-0.001214647138	-0.0150723766679	0.00282723858859	0.00708222728844	-0.0109026565146	-0.0171704993941	0.0245409716524	-0.0186348820675	0.0222115133286	-0.0248272820649	0.0124515783793	0.0207681800496	0.0233876371632	0.00903328808258	0.00587002601136	0.0171926191179	0.0139387214447	-0.0241105207541	-0.0128015232231	0.00352425998616	0.013882631433	0.00434838125325	1.0	-0.0798965428879	0.00644379576719	-0.0435375450469	0.0119542692463	0.0070088665643	0.0627534183697	-0.0868159425526	0.0389370484119	0.00450986003493	0.00231698361857	-0.0313137891571	-0.0164584598685	0.0209859701122	-0.0134509435536	0.0314742695888	-0.00642594907485	-0.0206772108282	-0.0605067464562	0.0244341922512	-0.0700127497323	0.0623046916159	-0.0352833415298	-0.0105662207558	0.00930181629794	-0.039944009435	-0.0206935951319	0.00694729957268	0.0134712729013	-0.0488740204636	-0.00849417740127
k__Bacteria;p__Actinobacteria;c__Actinobacteria;o__Bifidobacteriales;f__Bifidobacteriaceae;g__Bifidobacterium;s__Bifidobacterium_longum	-0.0291934134433	-0.0103679243947	-0.00455961840476	-0.0140934838362	-0.0334271810557	-0.00834092801339	0.0343372612559	0.0351218201828	-0.0155674515995	0.0127195173198	-0.0325169044097	0.0317399996646	0.0464347959924	0.0273943344047	0.0233763001154	-0.0192646450988	-0.00803942381019	0.0030364303288	0.0226939445962	-0.0471541810924	-0.0175671056334	-0.0435732858364	-0.0187277646072	-0.0858477523349	-0.00780331936592	-0.0223591732399	-0.0185538680027	0.0511645399213	-0.0798965428879	1.0	0.00893748898914	-0.075639886169	-0.00399457336838	0.0313531769728	0.032232921043	-0.0271549760739	0.00769327340351	-0.022683028313	-0.025455177034	0.0376590108488	-0.0343694885375	-0.0375450264687	-0.0255450468699	-0.00402197703226	-0.00450479412167	-0.0350995434682	-0.00794577488922	-0.000533393756542	0.0429470805345	-0.000576084054839	0.0564545822987	0.0141345021509	0.0380540702519	0.00197917115973	0.0210742191754	0.0168257378805	-0.040159658419	0.0320995303936	-0.0295380924091
