#taxonomy	k__Bacteria;p__Bacteroidetes;c__Bacteroidia;o__Bacteroidales;f__Bacteroidaceae;g__Bacteroides;s__Bacteroides_vulgatus	k__Bacteria;p__Bacteroidetes;c__Bacteroidia;o__Bacteroidales;f__Bacteroidaceae;g__Bacteroides;s__Bacteroides_uniformis	k__Bacteria;p__Bacteroidetes;c__Bacteroidia;o__Bacteroidales;f__Rikenellaceae;g__Alistipes;s__Alistipes_putredinis	k__Bacteria;p__Bacteroidetes;c__Bacteroidia;o__Bacteroidales;f__Prevotellaceae;g__Prevotella;s__Prevotella_copri	k__Bacteria;p__Bacteroidetes;c__Bacteroidia;o__Bacteroidales;f__Bacteroidaceae;g__Bacteroides;s__Bacteroides_stercoris	k__Bacteria;p__Bacteroidetes;c__Bacteroidia;o__Bacteroidales;f__Bacteroidaceae;g__Bacteroides;s__Bacteroides_ovatus	k__Bacteria;p__Bacteroidetes;c__Bacteroidia;o__Bacteroidales;f__Rikenellaceae;g__Alistipes;s__Alistipes_shahii	k__Bacteria;p__Firmicutes;c__Clostridia;o__Clostridiales;f__Ruminococcaceae;g__Faecalibacterium;s__Faecalibacterium_prausnitzii	k__Bacteria;p__Bacteroidetes;c__Bacteroidia;o__Bacteroidales;f__Rikenellaceae;g__Alistipes;s__Alistipes_finegoldii	k__Bacteria;p__Bacteroidetes;c__Bacteroidia;o__Bacteroidales;f__Porphyromonadaceae;g__Parabacteroides;s__Parabacteroides_distasonis	k__Bacteria;p__Bacteroidetes;c__Bacteroidia;o__Bacteroidales;f__Bacteroidaceae;g__Bacteroides;s__Bacteroides_thetaiotaomicron	k__Bacteria;p__Bacteroidetes;c__Bacteroidia;o__Bacteroidales;f__Bacteroidaceae;g__Bacteroides;s__Bacteroides_coprocola	k__Bacteria;p__Bacteroidetes;c__Bacteroidia;o__Bacteroidales;f__Bacteroidaceae;g__Bacteroides;s__Bacteroides_cellulosilyticus	k__Bacteria;p__Bacteroidetes;c__Bacteroidia;o__Bacteroidales;f__Rikenellaceae;g__Alistipes;s__Alistipes_obesi	k__Bacteria;p__Firmicutes;c__Clostridia;o__Clostridiales;f__Lachnospiraceae;g__;s__[Eubacterium]_rectale	k__Bacteria;p__Bacteroidetes;c__Bacteroidia;o__Bacteroidales;f__Bacteroidaceae;g__Bacteroides;s__Bacteroides_plebeius	k__Bacteria;p__Bacteroidetes;c__Bacteroidia;o__Bacteroidales;f__Bacteroidaceae;g__Bacteroides;s__Bacteroides_fragilis	k__Bacteria;p__Proteobacteria;c__Betaproteobacteria;o__Burkholderiales;f__Sutterellaceae;g__Sutterella;s__Sutterella_wadsworthensis	k__Bacteria;p__Bacteroidetes;c__Bacteroidia;o__Bacteroidales;f__Porphyromonadaceae;g__Barnesiella;s__Barnesiella_intestinihominis	k__Bacteria;p__Bacteroidetes;c__Bacteroidia;o__Bacteroidales;f__Odoribacteraceae;g__Odoribacter;s__Odoribacter_splanchnicus	k__Bacteria;p__Bacteroidetes;c__Bacteroidia;o__Bacteroidales;f__Bacteroidaceae;g__Bacteroides;s__Bacteroides_salyersiae	k__Bacteria;p__Firmicutes;c__Clostridia;o__Clostridiales;f__Ruminococcaceae;g__Ruminiclostridium;s__[Eubacterium]_siraeum	k__Bacteria;p__Proteobacteria;c__Betaproteobacteria;o__Burkholderiales;f__Sutterellaceae;g__Parasutterella;s__Parasutterella_excrementihominis	k__Bacteria;p__Actinobacteria;c__Actinobacteria;o__Bifidobacteriales;f__Bifidobacteriaceae;g__Bifidobacterium;s__Bifidobacterium_adolescentis	k__Bacteria;p__Firmicutes;c__Clostridia;o__Clostridiales;f__Oscillospiraceae;g__Oscillibacter;s__Oscillibacter_sp._KLE_1745	k__Bacteria;p__Bacteroidetes;c__Bacteroidia;o__Bacteroidales;f__Bacteroidaceae;g__Bacteroides;s__Bacteroides_coprophilus	k__Bacteria;p__Firmicutes;c__Clostridia;o__Clostridiales;f__Lachnospiraceae;g__Roseburia;s__Roseburia_intestinalis	k__Bacteria;p__Firmicutes;c__Clostridia;o__Clostridiales;f__Lachnospiraceae;g__Roseburia;s__Roseburia_hominis	k__Bacteria;p__Bacteroidetes;c__Bacteroidia;o__Bacteroidales;f__Porphyromonadaceae;g__Parabacteroides;s__Parabacteroides_johnsonii	k__Bacteria;p__Actinobacteria;c__Actinobacteria;o__Bifidobacteriales;f__Bifidobacteriaceae;g__Bifidobacterium;s__Bifidobacterium_longum	k__Bacteria;p__Firmicutes;c__Clostridia;o__Clostridiales;f__;g__Flavonifractor;s__Flavonifractor_plautii	k__Bacteria;p__Firmicutes;c__Clostridia;o__Clostridiales;f__Clostridiaceae;g__Clostridium;s__Clostridium_phoceensis	k__Bacteria;p__Verrucomicrobia;c__Verrucomicrobiae;o__Verrucomicrobiales;f__Akkermansiaceae;g__Akkermansia;s__Akkermansia_muciniphila	k__Bacteria;p__Bacteroidetes;c__Bacteroidia;o__Bacteroidales;f__Prevotellaceae;g__Paraprevotella;s__Paraprevotella_xylaniphila	k__Bacteria;p__Firmicutes;c__Clostridia;o__Clostridiales;f__Ruminococcaceae;g__Ruminococcus;s__Ruminococcus_callidus	k__Bacteria;p__Bacteroidetes;c__Bacteroidia;o__Bacteroidales;f__Rikenellaceae;g__Alistipes;s__Alistipes_senegalensis	k__Bacteria;p__Firmicutes;c__Clostridia;o__Clostridiales;f__Lachnospiraceae;g__Blautia;s__Blautia_sp._KLE_1732	k__Bacteria;p__Bacteroidetes;c__Bacteroidia;o__Bacteroidales;f__Bacteroidaceae;g__Bacteroides;s__Bacteroides_oleiciplenus	k__Bacteria;p__Firmicutes;c__Clostridia;o__Clostridiales;f__Ruminococcaceae;g__Ruminococcus;s__Ruminococcus_bicirculans	k__Bacteria;p__Bacteroidetes;c__Bacteroidia;o__Bacteroidales;f__Bacteroidaceae;g__Bacteroides;s__Bacteroides_fluxus	k__Bacteria;p__Bacteroidetes;c__Bacteroidia;o__Bacteroidales;f__Prevotellaceae;g__Prevotella;s__Prevotella_stercorea	k__Bacteria;p__Firmicutes;c__Clostridia;o__Clostridiales;f__Lachnospiraceae;g__Dorea;s__Dorea_longicatena	k__Bacteria;p__Firmicutes;c__Clostridia;o__Clostridiales;f__Eubacteriaceae;g__Eubacterium;s__[Eubacterium]_eligens	k__Bacteria;p__Firmicutes;c__Clostridia;o__Clostridiales;f__Ruminococcaceae;g__;s__Ruminococcaceae_bacterium_D16	k__Bacteria;p__Firmicutes;c__Clostridia;o__Clostridiales;f__Lachnospiraceae;g__Coprococcus;s__Coprococcus_comes	k__Bacteria;p__Proteobacteria;c__Gammaproteobacteria;o__Enterobacterales;f__Enterobacteriaceae;g__Escherichia;s__Escherichia_coli	k__Bacteria;p__Firmicutes;c__Clostridia;o__Clostridiales;f__Ruminococcaceae;g__Anaerotruncus;s__Anaerotruncus_colihominis	k__Bacteria;p__Firmicutes;c__Clostridia;o__Clostridiales;f__Lachnospiraceae;g__Blautia;s__Blautia_obeum	k__Bacteria;p__Bacteroidetes;c__Bacteroidia;o__Bacteroidales;f__Odoribacteraceae;g__Odoribacter;s__Odoribacter_laneus	k__Bacteria;p__Firmicutes;c__Clostridia;o__Clostridiales;f__Ruminococcaceae;g__Ruminiclostridium;s__[Clostridium]_leptum	k__Bacteria;p__Bacteroidetes;c__Bacteroidia;o__Bacteroidales;f__Porphyromonadaceae;g__Parabacteroides;s__Parabacteroides_goldsteinii	k__Bacteria;p__Firmicutes;c__Clostridia;o__Clostridiales;f__Lachnospiraceae;g__Anaerostipes;s__Anaerostipes_hadrus	k__Bacteria;p__Firmicutes;c__Clostridia;o__Clostridiales;f__Ruminococcaceae;g__Ruminococcus;s__Ruminococcus_lactaris	k__Bacteria;p__Firmicutes;c__Clostridia;o__Clostridiales;f__Clostridiaceae;g__Clostridium;s__Clostridium_sp._L2-50	k__Bacteria;p__Firmicutes;c__Clostridia;o__Clostridiales;f__Clostridiaceae;g__Clostridium;s__Clostridium_sp._M62/1	k__Bacteria;p__Firmicutes;c__Clostridia;o__Clostridiales;f__;g__Intestinimonas;s__Intestinimonas_butyriciproducens	k__Bacteria;p__Actinobacteria;c__Actinobacteria;o__Bifidobacteriales;f__Bifidobacteriaceae;g__Bifidobacterium;s__Bifidobacterium_bifidum	k__Bacteria;p__Firmicutes;c__Negativicutes;o__Veillonellales;f__Veillonellaceae;g__Dialister;s__Dialister_invisus	k__Bacteria;p__Bacteroidetes;c__Bacteroidia;o__Bacteroidales;f__Bacteroidaceae;g__Bacteroides;s__Bacteroides_salanitronis
k__Bacteria;p__Bacteroidetes;c__Bacteroidia;o__Bacteroidales;f__Bacteroidaceae;g__Bacteroides;s__Bacteroides_vulgatus	1.0	0.00282132964533	0.0601073822644	-0.0711669775664	0.0250982941088	-0.0357642135957	0.0304667835663	0.00538128701235	0.0213654840345	-0.0157435914777	-0.0273435728985	-0.0127044600074	-0.0800826735173	0.0324204101133	0.0159384884337	-0.0395702641299	-0.0255040591753	-0.00716422875479	0.0273822544172	-0.0454803478756	-0.0505461323784	-0.0930165946269	-0.0522882119154	0.0147263282572	-0.041667771621	-0.0358724943874	0.0298360544456	-0.0499990169228	-0.0140294460715	-0.0278433506387	0.0142222635295	0.00976253844089	0.0564396033851	-0.017734306471	-0.00677426836843	0.0680551075568	-0.00228079667287	0.0165822544718	-0.00427770729402	0.0463759129404	-0.00836409029969	-0.00211220498211	0.0277055661616	-0.0371352063539	-0.0155523851559	-0.0220469983375	-0.0149299378111	-0.00287214918469	-0.01416993473	0.0135174507445	0.0220692611674	-0.0152971431191	0.0217948671166	0.0246906386226	0.00832488618159	0.035818515598	0.015429788532	-0.019410687245	-0.0420227780748
k__Bacteria;p__Bacteroidetes;c__Bacteroidia;o__Bacteroidales;f__Bacteroidaceae;g__Bacteroides;s__Bacteroides_uniformis	0.00282132964533	1.0	-0.0527413912767	-0.000743079243118	-0.000703264441421	-0.028949288058	-0.0724292101446	-0.00316986591417	-0.0256223953496	0.00130735015189	-0.0249164580957	-0.00415492875921	0.05099996151	0.00854759219811	-0.0239734927962	-0.0012207885242	-0.00149435043991	-0.0249417058989	-0.0156999871405	-0.0336769438093	-0.00937804015752	0.0105211865586	0.00207457350609	-0.0151044006453	-0.00947772425407	-0.0268504447207	0.0408036057139	0.0425990031047	-0.0212597417715	-0.0112624565904	0.0505207373246	-0.0153542914259	0.008373195251	-0.0517186130479	0.0154186826691	-0.00921131411617	-0.0137064277933	-0.0165339618105	-0.0307295694699	-0.000122413389344	0.0682885645739	0.00767871660991	-0.00273300958316	-0.0167140726906	0.00198976660643	-0.049532730359	-0.0870966247269	0.0120864715388	0.0383388103756	0.00626959831626	0.0169407873676	0.00533568620219	0.0274623398889	-0.0179070584216	-0.0296643264003	-0.0485815069534	0.034192684483	0.0112239195761	-0.0222834707137
k__Bacteria;p__Bacteroidetes;c__Bacteroidia;o__Bacteroidales;f__Rikenellaceae;g__Alistipes;s__Alistipes_putredinis	0.0601073822644	-0.0527413912767	1.0	-0.0270269677869	-0.0277327428503	-0.029094785987	-0.051474402635	-0.0295128311455	-0.0197065900938	-0.0283534276934	0.024414845717	0.0328567398012	-0.0195528539576	0.0261858033389	-0.0252131659595	-0.0216187212812	0.00406904132032	0.0157720537546	0.0179670916357	0.0238752713997	-0.00712372092169	0.056154725609	-0.0130584711646	-0.0110240844246	0.0110150577579	-0.0100477043402	0.000616946854045	-0.0598091261749	0.0408370053332	-0.0440314753497	0.0206678761843	-0.0396290775445	-0.00107537659285	-0.011414396065	-0.0303762048491	0.0498267044289	0.00953204881496	-0.00831119781127	-0.0101129189987	0.0870058935812	0.0150017889915	0.0177613950224	0.0078373577451	-0.0203862977196	-0.0448631117151	0.00603049568713	0.0163303926316	0.0164658983349	-0.00545673552491	0.0186445871678	0.0249844630209	-0.0487866089345	0.00145462971592	-0.0218970899792	-0.0711227014192	-0.0311990589433	-0.00835818438573	0.0623629472936	-0.0190340587441
k__Bacteria;p__Bacteroidetes;c__Bacteroidia;o__Bacteroidales;f__Prevotellaceae;g__Prevotella;s__Prevotella_copri	-0.0711669775664	-0.000743079243118	-0.0270269677869	1.0	-0.0146823711349	-0.0410725701497	0.000645281845979	-0.0293092266332	0.025262081997	-0.0909668901761	-0.0323469824619	-0.0180554921315	-0.0197884280961	0.0066932660934	-0.00960169803093	0.0204735336446	-0.00235802228257	-0.00808381406485	-0.017868267925	-0.00301271145342	-0.00350782818584	-0.0342050141863	-0.0256972712452	-0.0314670550541	-0.0153503093436	-0.0249526068	-0.0220260715988	0.0213529956226	-0.0132286469158	0.0500548848391	0.0289639169877	-0.0306973095424	-0.0416700531619	-0.0224348240853	-0.05543836307	-0.0208234119158	0.0384125942489	-0.053281182336	0.0444895828649	0.0249560200857	-0.0482041414118	0.023796138953	0.0189391791291	0.066783372541	-0.00489323909962	0.0379901065544	0.034504983232	-0.00670319859662	-0.0361864326663	0.0270110324638	-0.0502184061165	-0.0435559715887	0.000519466187558	-0.00603776332038	0.0115643038441	-0.013667018794	-0.00954657651722	0.0254960693245	-0.0101891844533
k__Bacteria;p__Bacteroidetes;c__Bacteroidia;o__Bacteroidales;f__Bacteroidaceae;g__Bacteroides;s__Bacteroides_stercoris	0.0250982941088	-0.000703264441422	-0.0277327428503	-0.0146823711349	1.0	0.0233139744944	-0.0543664828691	-0.0165690926776	-0.0190022493205	-0.0699811983965	-0.0511595468881	0.0104706845766	-0.0753528136033	0.0329080512515	-0.100320442105	0.00730974982224	-0.00564301277841	-0.0551212607689	-0.000487197087494	0.0158690920412	-0.0167840014699	0.0107374198087	0.0388480116184	0.0350559514151	-0.0261449510312	-0.0408513372123	-0.0594386688915	0.0598472836462	-0.0564387251355	-0.0275193081165	-0.0169957443316	-0.0087047434594	0.0215199082543	0.0198381172435	-0.121131102333	0.0300093660563	-0.0621615804683	-0.0371956954763	0.0173414402747	-0.070182473214	0.04028929811	-0.0244605243795	-0.0186673344776	-0.0122233049074	0.0677017953234	0.00696376709299	-0.0294969279974	-0.0215581452179	-0.0148987460698	-0.0306511601942	0.0320393237457	0.0119074065407	-0.0453395742384	-0.0133666062389	-0.0356434200277	0.0926546039914	-0.0246142691724	0.0301863162983	0.00501916993827
k__Bacteria;p__Bacteroidetes;c__Bacteroidia;o__Bacteroidales;f__Bacteroidaceae;g__Bacteroides;s__Bacteroides_ovatus	-0.0357642135957	-0.028949288058	-0.029094785987	-0.0410725701497	0.0233139744944	1.0	-0.00382234995019	0.0132517509582	0.0188449674901	-0.00433355990487	-0.0176976983098	-0.0330660895524	-0.0180921530944	0.0573613220661	0.000449573773613	-0.0508247384516	0.0373687173834	-0.103788343581	0.0484327781587	0.0258891057525	0.0117888995617	0.0109056605774	-0.0279802926222	-0.018080914753	0.0384039651977	-0.0264209795112	0.0171981862205	0.0538349121071	-0.0263720372684	0.0441362818523	-0.032327115619	-0.0244911597791	-0.0178763572951	0.027697005989	-0.0103989197535	-0.0231589245586	-0.0271951755674	0.0281618030942	-0.0664036545702	-0.0123862295091	0.000713191144662	0.0483749993461	0.00388180432109	0.0136278045278	-0.0478930911479	0.00484225213543	0.0439416496545	-0.0103414421877	-0.0269060016919	0.0827986929682	0.00217017816876	-0.0474183945958	-0.0315376891563	0.0168733593258	-0.0630931255301	0.00224480010732	-0.0124118869315	-0.0627391909285	-0.0436134141676
k__Bacteria;p__Bacteroidetes;c__Bacteroidia;o__Bacteroidales;f__Rikenellaceae;g__Alistipes;s__Alistipes_shahii	0.0304667835663	-0.0724292101446	-0.051474402635	0.000645281845979	-0.0543664828691	-0.00382234995019	1.0	-0.0119913759217	-0.034987176552	0.0296739303988	0.0276446468962	0.0140091882563	-0.0365984156987	-0.0124499765253	-0.0174870359265	0.0268059857866	-0.00366947102194	-0.0132734567689	-0.0609823330758	-0.01979925075	0.0127328368284	0.0343020801964	0.0014152111172	0.00579733699982	-0.0208989877118	0.00979802575238	-0.0294483149474	0.00519378323109	-0.0596628769533	-0.0315080992087	0.0288343640781	0.0167164292432	-0.0104880302019	-0.00860397104726	-0.0190637690632	0.0111559186922	-0.0287304701051	-0.0209179153155	-0.0511386199043	-0.0662232395402	0.057334028621	-0.0761236921849	0.00370690081389	0.0742505744841	-0.0289117344556	-0.0356314791678	0.0138764719834	-0.0236728763588	-0.00180889143269	-0.0183304522044	-0.00213867707548	-0.0172988769134	-0.0328059761138	0.00140964441657	-0.0290774957275	-0.0196343540089	0.00398167323572	0.0129791880055	0.0338844288358
k__Bacteria;p__Firmicutes;c__Clostridia;o__Clostridiales;f__Ruminococcaceae;g__Faecalibacterium;s__Faecalibacterium_prausnitzii	0.00538128701235	-0.00316986591417	-0.0295128311455	-0.0293092266332	-0.0165690926776	0.0132517509582	-0.0119913759217	1.0	0.0126171469871	0.0275151456727	-0.00264484798354	0.0671263178298	0.0139019472922	-0.0428071530483	-0.0190658032239	0.0529847617503	-0.00345499195221	-0.0896439544366	-0.0122824797402	-0.0303410389722	-0.00870003625126	0.00263190227515	-0.000896637150127	0.0106300650791	-0.0249785996053	-0.0327760100504	0.0116136114242	-0.00546703365418	-0.0672081393328	0.0191257556641	-0.034843485424	0.0320735393287	-0.0223096874099	0.0447198716365	-0.00476536685163	0.0155702416672	-0.0191321586159	0.0255813683913	-0.0280335154776	-0.026514761515	-0.0291663436791	-0.0141103177451	0.0188429102553	-0.0150861395046	-0.045903750676	-0.0256802859126	-0.0658010808186	0.0159160230664	0.00572319609254	-0.0175204789502	0.0192865517333	-0.0989573872796	0.0207633957444	-0.00267890372099	0.0381353283724	0.00637439485267	0.0543012886868	0.00227028284317	-0.00264736423217
k__Bacteria;p__Bacteroidetes;c__Bacteroidia;o__Bacteroidales;f__Rikenellaceae;g__Alistipes;s__Alistipes_finegoldii	0.0213654840345	-0.0256223953496	-0.0197065900938	0.025262081997	-0.0190022493205	0.0188449674901	-0.034987176552	0.0126171469871	1.0	0.00752881562068	-0.00613654088454	-0.0288146505423	-0.0545348459075	-0.0344038533132	-0.0766866107642	0.0144647690933	-0.0048411146897	0.0153490998689	0.0291940850642	-0.0310441076717	0.00778462916559	-0.0169348251225	0.0242193630364	-0.0266238474834	0.02382267226	0.0500911411237	0.0204814926142	-0.0628733411762	0.0378788894702	0.0200583995727	-0.0451372051256	-0.0403377647188	-0.0305881452083	-0.0088008379485	-0.0463006386623	-0.0305261919412	-0.0163741717421	-0.00994712068947	-0.0498144487602	-0.0221277654046	0.0799583126523	0.0101278057639	0.033044137891	0.00285797322207	-0.00241629399771	0.0192095967674	0.0188086320959	-0.00987351490508	-0.0419194584828	0.00271157658919	-0.0143447675376	0.0203624622517	-0.0301016937011	0.0161374352637	-0.0119460291778	-0.0117886259432	0.0608860744267	-0.00985545743302	-0.0500616382933
k__Bacteria;p__Bacteroidetes;c__Bacteroidia;o__Bacteroidales;f__Porphyromonadaceae;g__Parabacteroides;s__Parabacteroides_distasonis	-0.0157435914777	0.00130735015189	-0.0283534276934	-0.0909668901761	-0.0699811983965	-0.00433355990487	0.0296739303988	0.0275151456728	0.00752881562068	1.0	-0.0268703962751	-0.0409281137581	-0.0109552962126	-0.0259304785666	0.0153892914029	0.00283765928351	0.0150246255555	-0.0196490590727	0.0010737848475	-0.0349235919229	-0.0109154138233	-0.0290274820588	-0.04400230229	-0.0198632816373	-0.0422548047153	0.0385897247679	0.00401197457583	0.0217049495571	-0.0112623205095	0.00746609299071	-0.0509762198083	-0.0585260882966	-0.00438039361308	-0.0221421875016	-0.0392129290775	-0.00467828418184	0.0345981977828	-0.039029718214	-0.0159920290758	-0.0617688760423	0.00993212669823	0.0150945504476	0.0195342720465	0.0738822000707	0.0476262596975	-0.0187287652883	-0.0674034963496	0.00645017829659	0.0711984785447	0.0393602717515	-0.0199792938779	-0.0606519947825	0.0473087700423	-0.0124057330871	0.0143632147079	0.0229313409427	0.0243892432186	0.0168111114993	0.0496326521576
k__Bacteria;p__Bacteroidetes;c__Bacteroidia;o__Bacteroidales;f__Bacteroidaceae;g__Bacteroides;s__Bacteroides_thetaiotaomicron	-0.0273435728985	-0.0249164580957	0.024414845717	-0.0323469824619	-0.0511595468881	-0.0176976983098	0.0276446468962	-0.00264484798354	-0.00613654088454	-0.0268703962751	1.0	-0.0245983924232	0.0185232818999	-0.0668718624812	0.0209370530046	0.0376418589301	-0.040866272468	0.00858168370126	0.0982616002987	0.0361314530775	0.0320366011816	0.0841971387002	0.00844116814963	0.0196731630901	0.0473093341397	0.0420075058615	0.0217038622147	-0.00688369579886	-0.0836504227592	-0.0164095564046	-0.029761277572	-0.0609493804522	0.0289124334189	0.0220540706547	0.0248343409447	-0.0898720763651	0.029354059874	0.0464791962055	0.00627068759876	-0.00539895192206	-0.0774636030582	-0.0260659965888	-0.0153041738804	0.0200766363848	-0.0578559831591	0.0293337637491	0.00581897111684	0.0110371469889	0.0216671154354	0.0252739676003	-0.00676910742608	-0.026300301197	-0.0058356323596	-0.0113484602212	-0.0368836770227	-0.0199189483722	-0.0579247145019	0.0670108851513	0.0244844082575
k__Bacteria;p__Bacteroidetes;c__Bacteroidia;o__Bacteroidales;f__Bacteroidaceae;g__Bacteroides;s__Bacteroides_coprocola	-0.0127044600074	-0.00415492875921	0.0328567398012	-0.0180554921315	0.0104706845766	-0.0330660895524	0.0140091882563	0.0671263178298	-0.0288146505423	-0.0409281137581	-0.0245983924232	1.0	0.034409513888	0.00677884992412	0.0342929337626	0.0331896084442	0.0104603456191	-0.0391269471613	0.00435880868002	0.0312762465529	-0.0331548263649	0.0186488493813	-0.0047938557895	-0.0269085263103	-0.0179074686338	-0.0347000161293	0.00943868591288	0.017307775079	0.0401789778197	-0.0146585248762	-0.0042267706677	-0.00665227227197	0.0362883456534	-0.0408480106209	-0.090312138116	-0.0211658789543	-0.0254107283695	0.00247828697851	0.00415119015196	-0.0021929060637	0.00968596179301	-0.0543189145142	0.0316565453885	-0.0141359830458	0.000812108269564	-0.017661059807	-0.0268821241826	0.00675280880546	-0.0443974183475	0.0133546580193	0.0224738355418	-0.010156814393	-0.0415796979358	0.0106212543757	-0.0687746076552	0.016188504482	-0.0147661021034	0.0509370913847	-0.0302639657069
k__Bacteria;p__Bacteroidetes;c__Bacteroidia;o__Bacteroidales;f__Bacteroidaceae;g__Bacteroides;s__Bacteroides_cellulosilyticus	-0.0800826735173	0.05099996151	-0.0195528539576	-0.0197884280961	-0.0753528136033	-0.0180921530944	-0.0365984156987	0.0139019472922	-0.0545348459075	-0.0109552962126	0.0185232818999	0.034409513888	1.0	-0.017061176098	-0.0380781050476	0.00609131245512	0.0751256720778	0.00312768026823	0.00611772782118	0.0311557938535	0.0122515884321	-0.0367327503949	-0.0153739578232	-0.0658524452418	0.024362869706	-0.0412284361549	0.0201187244773	0.0103133980626	-0.0128993778695	-0.061372946012	0.0621840319897	-0.0258292233498	-0.0421300767345	-0.0410838696038	-0.0596611132994	-0.0221653795898	-0.0217754488969	-0.0184720638188	-0.113101167016	-0.0452140161952	-0.0165255453753	-0.0233119428605	0.00562124887378	0.0327581188077	-0.00177432713091	0.0416960901613	-0.0200368209414	-0.0797329445129	0.0251217640427	-0.0114891669846	-0.059306738405	0.081978272618	-0.037466441301	-0.00359041201655	0.0276391717133	-0.0110998792714	-0.0376957905076	0.0235343873402	0.0157553399218
k__Bacteria;p__Bacteroidetes;c__Bacteroidia;o__Bacteroidales;f__Rikenellaceae;g__Alistipes;s__Alistipes_obesi	0.0324204101133	0.00854759219811	0.0261858033389	0.0066932660934	0.0329080512515	0.0573613220661	-0.0124499765253	-0.0428071530483	-0.0344038533132	-0.0259304785666	-0.0668718624812	0.00677884992412	-0.017061176098	1.0	-0.0128709061629	0.0327243644185	0.0244173155508	-0.00504710642473	-0.0106246361037	0.0221992391023	-0.0859083777605	-0.0435696954477	-0.043154952864	-0.0279085754892	0.00703518270082	-0.0128143071118	0.0473588190125	-0.0435717747128	-0.0251767927408	-0.0232725179145	0.0250381675029	-0.05384342982	0.00198241406886	-0.00740561488009	0.0255534275984	-0.0143445586082	-0.0636363162293	0.00628451367249	-0.0822046413826	0.00216470874706	0.075710576224	0.0253898678412	-0.0022449663944	-0.0303866975957	-0.0214419504038	-0.0232499355628	-0.0325944036962	-0.00597094495966	-0.0508213874709	-0.0568585630795	-0.0894367632122	-0.0152859638697	0.0138326002998	-0.0051090755557	0.0383871341926	-0.0114670756019	-0.0612856376473	-0.0354796672242	-0.073749660022
k__Bacteria;p__Firmicutes;c__Clostridia;o__Clostridiales;f__Lachnospiraceae;g__;s__[Eubacterium]_rectale	0.0159384884337	-0.0239734927962	-0.0252131659595	-0.00960169803093	-0.100320442105	0.000449573773613	-0.0174870359265	-0.0190658032239	-0.0766866107642	0.0153892914029	0.0209370530046	0.0342929337626	-0.0380781050476	-0.0128709061629	1.0	0.0701630961769	0.00411832999124	-0.0210188869291	-0.0108144260585	-0.0373230534578	-0.0363280296031	-0.0216221896646	-0.0201072096386	0.0569818290017	0.016431655515	-0.0412223167517	-0.0602846525946	0.0103317190329	-0.0166492111488	0.00875954246978	0.00435084647691	-0.0204862536851	0.0119165059873	-0.042533770184	0.0380292027054	-0.00565048574714	-0.0485072004743	-0.000319014898638	0.0327544105878	-0.0301168989989	-0.0717536031941	-0.0250753424337	0.0190285273753	-0.029969211364	0.0139293802354	0.0264139766452	0.00574985792118	0.0794053114936	-0.0473307007829	-0.00897954070417	0.00831537647372	-0.047536333341	0.0577156019023	0.012048097548	-0.0360761822285	-0.0187843446885	-0.000348106063936	-0.035516511232	-0.0210237617633
k__Bacteria;p__Bacteroidetes;c__Bacteroidia;o__Bacteroidales;f__Bacteroidaceae;g__Bacteroides;s__Bacteroides_plebeius	-0.0395702641299	-0.0012207885242	-0.0216187212812	0.0204735336446	0.00730974982224	-0.0508247384516	0.0268059857866	0.0529847617503	0.0144647690933	0.00283765928351	0.0376418589301	0.0331896084442	0.00609131245512	0.0327243644185	0.0701630961769	1.0	0.0480606963257	-0.0596410364409	-0.00711305765548	-0.0325008537718	-0.0293325761849	0.00504157711659	0.0140237076766	0.0135706813792	-0.0952947388928	0.0261500009826	-0.0589038421071	-0.0276340166372	-0.0238566991494	-0.0262428782728	-0.0671900555348	-0.0142578855973	0.0326744041387	-0.00121722270934	0.0781764597109	0.0189886885381	-0.0137278945022	-0.027103295085	0.0463741883667	0.0468866681893	0.0156026224336	-0.0015495192205	-0.0469993626922	-0.0246725507669	0.0406090353576	-0.0109661345681	0.020334487528	-0.00887133812377	-0.0175431805636	-0.0264303868637	0.00695924881296	-0.0119925660032	0.0188501064275	-0.068578329756	-0.0580856669857	0.00599646539918	-0.0102822204477	0.0273050669253	0.00108980639741
k__Bacteria;p__Bacteroidetes;c__Bacteroidia;o__Bacteroidales;f__Bacteroidaceae;g__Bacteroides;s__Bacteroides_fragilis	-0.0255040591753	-0.00149435043991	0.00406904132032	-0.00235802228257	-0.00564301277841	0.0373687173834	-0.00366947102194	-0.00345499195221	-0.0048411146897	0.0150246255555	-0.040866272468	0.0104603456191	0.0751256720778	0.0244173155508	0.00411832999124	0.0480606963257	1.0	-0.00105204673642	0.0173331265302	0.0190102506085	0.0139043891019	-0.0157855920525	-0.0107908332194	-0.0100300407671	-0.0319595515361	0.0487237178061	-0.032969337667	0.0064141135144	-0.00335035858932	-0.0072547683855	-0.0775887335098	-0.0638294802518	-0.0410194995668	-0.0049100255441	-0.0306110804823	0.0190380773537	-0.00591081231639	-0.0149108491585	0.0115433430995	-0.0726602138643	-0.0298749302761	0.0355840169252	0.0167320807443	-0.010878383512	-0.0132773882381	-0.0872548049424	-0.0148270655991	0.0122117359389	-0.00417183197188	0.00702565146893	0.0442144463552	-0.0494920454522	0.00269761027991	0.0386348629627	-0.0311299949736	0.0682636051307	-0.00387386959136	-0.0678190001843	0.00449523998608
k__Bacteria;p__Proteobacteria;c__Betaproteobacteria;o__Burkholderiales;f__Sutterellaceae;g__Sutterella;s__Sutterella_wadsworthensis	-0.00716422875479	-0.0249417058989	0.0157720537546	-0.00808381406485	-0.0551212607689	-0.103788343581	-0.0132734567689	-0.0896439544366	0.0153490998689	-0.0196490590727	0.00858168370126	-0.0391269471613	0.00312768026823	-0.00504710642473	-0.0210188869291	-0.0596410364409	-0.00105204673642	1.0	0.0212310499118	-0.0184607103845	-0.0438222312893	0.0150877474544	-0.0330910938072	-0.0170895186693	-0.0600099267867	0.0107404309518	0.0680864572506	0.0105669388977	0.0273495480874	-0.00326273666292	0.0143285312719	0.00348115946242	-0.0145990092176	0.0179341005016	0.0249036457274	-0.0456451488265	-0.00132314170167	-0.0397003358775	0.0648809335273	-0.031729448246	0.00675090830951	-0.0574330670876	0.0289066273237	-0.0165779119364	-0.0278487494351	-0.0338955514107	0.0227054096489	0.0117029495055	-0.0382474510944	-0.0648630540609	-0.00125860777558	0.076127955516	-0.016411203098	-0.0295767706167	-0.0440562407699	-0.0209765751197	0.012764693497	-0.05461109685	0.00433243538367
k__Bacteria;p__Bacteroidetes;c__Bacteroidia;o__Bacteroidales;f__Porphyromonadaceae;g__Barnesiella;s__Barnesiella_intestinihominis	0.0273822544172	-0.0156999871405	0.0179670916357	-0.017868267925	-0.000487197087494	0.0484327781587	-0.0609823330758	-0.0122824797402	0.0291940850642	0.0010737848475	0.0982616002987	0.00435880868002	0.00611772782118	-0.0106246361037	-0.0108144260585	-0.00711305765548	0.0173331265302	0.0212310499118	1.0	0.0166586084356	0.0409884191943	0.00694292820528	-0.0188434023967	0.0148024384013	-0.0335566043598	-0.048839825126	-0.0112368104479	-0.0333369935482	0.0110732660963	-0.067023117811	0.00516714506253	-0.0388337259367	0.0704152061913	0.0290312869014	-0.00849668331077	-0.0939606713412	0.00937889349795	-0.0166907505415	0.0125768084079	0.02723929356	0.00801278353825	0.013817647893	-0.0640861475433	0.0319512163251	-0.0524789881632	-0.0490287340111	-0.00174817631624	-0.0995856445074	-0.0406000190222	-0.0579498581822	0.00157578683939	-0.00486341315383	0.019982511184	0.0370242572689	-0.0396042873198	-0.0563065162495	-0.00167593249278	-0.0495881914429	-0.0204883986759
k__Bacteria;p__Bacteroidetes;c__Bacteroidia;o__Bacteroidales;f__Odoribacteraceae;g__Odoribacter;s__Odoribacter_splanchnicus	-0.0454803478756	-0.0336769438093	0.0238752713997	-0.00301271145342	0.0158690920412	0.0258891057525	-0.01979925075	-0.0303410389722	-0.0310441076717	-0.0349235919229	0.0361314530775	0.0312762465529	0.0311557938535	0.0221992391023	-0.0373230534578	-0.0325008537718	0.0190102506085	-0.0184607103845	0.0166586084356	1.0	-0.014639779958	-0.00845844594833	0.013479290943	0.0738478667613	0.00758650466598	-0.0526686590143	-0.03259278353	-0.0288644494589	0.0114234725589	0.0090220048824	-0.0408116989561	-0.0162635470149	-0.0115655153714	-0.029506879145	-0.00831667840066	-0.0528090155051	-0.0351689836342	-0.000443738568554	-0.0197784373749	0.0143163210532	-0.00863828668643	-0.0357304187582	-0.0197665809188	0.0301473456337	0.0139547594599	0.0161580450116	0.00348137300908	-0.0277315652622	0.0325762468822	-0.0106539501256	-0.0274353214518	0.0361987115694	0.0265120029441	-0.00472858521325	0.0325828805626	-0.0752213786344	-0.0435097437694	0.0189916293674	0.0298759302175
k__Bacteria;p__Bacteroidetes;c__Bacteroidia;o__Bacteroidales;f__Bacteroidaceae;g__Bacteroides;s__Bacteroides_salyersiae	-0.0505461323784	-0.00937804015752	-0.00712372092169	-0.00350782818584	-0.0167840014699	0.0117888995617	0.0127328368284	-0.00870003625126	0.00778462916559	-0.0109154138233	0.0320366011816	-0.0331548263649	0.0122515884321	-0.0859083777605	-0.0363280296031	-0.0293325761849	0.0139043891019	-0.0438222312893	0.0409884191943	-0.014639779958	1.0	-0.0467573433762	0.0288064844833	-0.0091637457699	-0.00314231138635	-0.000791315515505	-0.0683132070874	-0.0499869349274	-0.0300118314325	0.0348884005399	-0.0137416543491	0.0189741412142	-0.007746132404	-0.0181446453456	-0.0418252590049	0.057774809067	-0.0251881832601	-0.00835145028419	-0.00570762558001	-0.0127121171645	-0.0287438366551	0.0247647394248	0.0323781906825	0.074812436652	0.0268608671828	-0.0317885258491	0.00703761304245	0.0187264749973	0.0432776306046	-0.0105346145788	-0.0416916904519	-0.010387243794	0.0462590179519	-0.024951966929	-0.0794785697295	0.0204810030493	-0.0101669715725	-0.0334486920427	-0.0529226656619
k__Bacteria;p__Firmicutes;c__Clostridia;o__Clostridiales;f__Ruminococcaceae;g__Ruminiclostridium;s__[Eubacterium]_siraeum	-0.0930165946269	0.0105211865586	0.056154725609	-0.0342050141863	0.0107374198087	0.0109056605774	0.0343020801964	0.00263190227515	-0.0169348251225	-0.0290274820588	0.0841971387002	0.0186488493813	-0.0367327503949	-0.0435696954477	-0.0216221896646	0.00504157711659	-0.0157855920525	0.0150877474544	0.00694292820528	-0.00845844594833	-0.0467573433762	1.0	-0.0198104856356	-0.0360188199003	-0.049166953905	-0.010638331019	0.0355112578773	0.00306289102156	-0.0614888569156	-0.000599368970516	0.0809112984338	0.0242209803758	-0.0351867359552	-0.00658666696702	-0.0371918328528	0.00157394321894	-0.0311112067816	0.00133058364939	-0.0334133537859	-0.0445841027517	-0.0256119119744	-0.0210190550781	-0.039404763252	-0.0343255767096	0.00146108906632	-0.068671954837	-0.034827695021	0.00534109279102	-0.000440414264184	0.0133767296764	-0.0106335278767	-0.00211646747227	-0.00263696548052	-0.0115106259503	-0.00854834717069	0.00733469837912	-0.1310705284	0.0453530060697	0.0123323861553
k__Bacteria;p__Proteobacteria;c__Betaproteobacteria;o__Burkholderiales;f__Sutterellaceae;g__Parasutterella;s__Parasutterella_excrementihominis	-0.0522882119154	0.00207457350609	-0.0130584711646	-0.0256972712452	0.0388480116184	-0.0279802926222	0.0014152111172	-0.000896637150127	0.0242193630364	-0.04400230229	0.00844116814963	-0.0047938557895	-0.0153739578232	-0.043154952864	-0.0201072096386	0.0140237076766	-0.0107908332194	-0.0330910938072	-0.0188434023967	0.013479290943	0.0288064844833	-0.0198104856356	1.0	0.00381422873522	0.0111426470719	-0.0342357001665	-0.0190310468379	0.0242761059408	-0.0136021300419	0.0348908934717	0.0136140373444	-0.00662794355556	-0.0272751755003	0.0150209514609	0.00877418283484	0.00306778851428	-0.00782274333998	0.0259333003827	-0.0459089755635	0.00451758555913	0.0101058740899	-0.0213132901098	-0.0104815112746	0.00405065582637	-0.0178307573639	-0.109283434439	-0.0312623674824	0.043552083577	-0.0714849120321	0.00728557670515	-0.016240248798	-0.0102726028794	0.00893771598658	0.0236256850112	-0.00759667090638	-0.0286620971421	-0.0141267398548	-0.0486216498248	-0.0502186767174
k__Bacteria;p__Actinobacteria;c__Actinobacteria;o__Bifidobacteriales;f__Bifidobacteriaceae;g__Bifidobacterium;s__Bifidobacterium_adolescentis	0.0147263282572	-0.0151044006453	-0.0110240844246	-0.0314670550541	0.0350559514151	-0.018080914753	0.00579733699982	0.0106300650791	-0.0266238474834	-0.0198632816373	0.0196731630901	-0.0269085263103	-0.0658524452418	-0.0279085754892	0.0569818290017	0.0135706813792	-0.0100300407671	-0.0170895186693	0.0148024384013	0.0738478667613	-0.0091637457699	-0.0360188199003	0.00381422873522	1.0	-0.0629164138015	-0.098577206964	-0.0261900677939	0.00325265135046	-0.00135638526068	0.000165537143796	0.0217877369105	-0.0349427742694	-0.0551799453718	-0.0217427285448	-0.00280388598149	-0.0456887338187	-0.0217070065031	0.0356984519989	-0.000483579735839	-0.0435658409864	-0.0532179560137	-0.0214721317621	-0.0324400708922	-0.0326842513222	-0.0384967566749	0.0824753125065	-0.0401098179421	0.0145539470482	0.0306768783807	0.0689287621554	-0.00850127009938	-0.0413188020445	0.000376418813897	0.0408963800098	0.107872953152	0.0276717114616	-0.00112937202909	0.0017320844096	0.0113650523203
k__Bacteria;p__Firmicutes;c__Clostridia;o__Clostridiales;f__Oscillospiraceae;g__Oscillibacter;s__Oscillibacter_sp._KLE_1745	-0.041667771621	-0.00947772425407	0.0110150577579	-0.0153503093436	-0.0261449510312	0.0384039651977	-0.0208989877118	-0.0249785996053	0.02382267226	-0.0422548047153	0.0473093341397	-0.0179074686338	0.024362869706	0.00703518270082	0.016431655515	-0.0952947388928	-0.0319595515361	-0.0600099267867	-0.0335566043598	0.00758650466598	-0.00314231138635	-0.049166953905	0.0111426470719	-0.0629164138015	1.0	-0.00736280874121	0.00357377993568	0.0107240292617	-0.0454182942728	0.014786776889	-0.0334443822185	-0.0268636494931	0.00087931283202	0.0363741604378	0.0598721839295	-0.0507720716359	0.11594919655	0.00642213401753	-0.00472216197208	0.0158627789407	-0.0207465024214	0.0863372569172	-0.0283507872852	-0.0374567843896	0.0252645282555	0.0117998990941	-0.0203477890407	-0.0242940419704	0.014701740308	0.0311204909047	-0.119411291605	-0.00521144203945	0.000962598996332	-0.00642616030275	0.0105598028211	0.0592497692409	0.0079358918629	0.0711359446964	0.00577364821069
k__Bacteria;p__Bacteroidetes;c__Bacteroidia;o__Bacteroidales;f__Bacteroidaceae;g__Bacteroides;s__Bacteroides_coprophilus	-0.0358724943874	-0.0268504447207	-0.0100477043402	-0.0249526068	-0.0408513372123	-0.0264209795112	0.00979802575238	-0.0327760100504	0.0500911411237	0.0385897247679	0.0420075058615	-0.0347000161293	-0.0412284361549	-0.0128143071118	-0.0412223167517	0.0261500009826	0.0487237178061	0.0107404309518	-0.048839825126	-0.0526686590143	-0.000791315515505	-0.010638331019	-0.0342357001665	-0.098577206964	-0.00736280874121	1.0	0.0155796737642	-0.0293503756095	-0.0467729333293	-0.00107732278479	-0.00262646860421	0.0238832678193	-0.0184505139691	-0.00114647011309	0.0195504596954	-0.0454500498787	0.0255128189622	-0.0246223966863	-0.0143307402237	0.0457369431552	-0.0501344081575	-0.0190889059181	-0.0232774402427	0.0186092330422	0.00348247239394	-0.047076052	0.0104335596346	-0.0322059733631	0.0416216675373	0.019014619032	0.0427007924155	-0.0505644022334	0.0030443247187	-0.0188092551379	-0.00132589584376	-0.00526560247139	-0.0177871815575	-0.0140905267212	0.0159937119957
k__Bacteria;p__Firmicutes;c__Clostridia;o__Clostridiales;f__Lachnospiraceae;g__Roseburia;s__Roseburia_intestinalis	0.0298360544456	0.0408036057139	0.000616946854045	-0.0220260715988	-0.0594386688915	0.0171981862205	-0.0294483149474	0.0116136114242	0.0204814926142	0.00401197457583	0.0217038622147	0.00943868591288	0.0201187244773	0.0473588190125	-0.0602846525946	-0.0589038421071	-0.032969337667	0.0680864572506	-0.0112368104479	-0.03259278353	-0.0683132070874	0.0355112578773	-0.0190310468379	-0.0261900677939	0.00357377993568	0.0155796737642	1.0	-0.0278639351354	0.0575080161374	0.038416435227	-0.0334866388852	0.0303472690803	-0.0196643923195	-0.0481124771168	-0.0177399437464	0.0321852759161	0.0107597123441	-0.0219749059462	-0.0187829322461	-0.0199884184508	0.0193796203885	-0.0238925483886	0.00499407015608	0.0101153064258	-0.0223582504614	-0.0195207162612	0.001544262764	-0.00243485888422	-0.0423454283878	-0.0245136668532	0.0109551008546	0.0550842160071	-0.00599563478624	-0.043334526753	-0.0376500329911	-0.036285547285	-0.0335591393976	-0.0278162944842	-0.0819740401301
k__Bacteria;p__Firmicutes;c__Clostridia;o__Clostridiales;f__Lachnospiraceae;g__Roseburia;s__Roseburia_hominis	-0.0499990169228	0.0425990031047	-0.0598091261749	0.0213529956226	0.0598472836462	0.0538349121071	0.00519378323109	-0.00546703365418	-0.0628733411762	0.0217049495571	-0.00688369579886	0.017307775079	0.0103133980626	-0.0435717747128	0.0103317190329	-0.0276340166372	0.0064141135144	0.0105669388977	-0.0333369935482	-0.0288644494589	-0.0499869349274	0.00306289102156	0.0242761059408	0.00325265135046	0.0107240292617	-0.0293503756095	-0.0278639351354	1.0	0.0155947956178	-0.0545017775645	-0.0209542858373	0.00257887142513	0.0145063759239	-0.0445376591359	-0.0337518082397	-0.0150958834698	0.0512329199611	0.0185023529306	-0.0170022517551	0.0652600407277	-0.0161044392813	0.0233547536955	0.0237508371369	-0.0640322119403	-0.0319781100502	0.00186139075857	0.00133730660886	0.00246827666395	5.96159780455e-05	-0.0497212819976	0.00868990822462	-0.0187969928165	-0.045964422379	0.0106562179757	-0.0188596467913	0.028604893067	0.0672606292623	-0.043877089403	-0.0612614945748
k__Bacteria;p__Bacteroidetes;c__Bacteroidia;o__Bacteroidales;f__Porphyromonadaceae;g__Parabacteroides;s__Parabacteroides_johnsonii	-0.0140294460715	-0.0212597417715	0.0408370053332	-0.0132286469158	-0.0564387251355	-0.0263720372684	-0.0596628769533	-0.0672081393328	0.0378788894702	-0.0112623205095	-0.0836504227592	0.0401789778197	-0.0128993778695	-0.0251767927408	-0.0166492111488	-0.0238566991494	-0.00335035858932	0.0273495480874	0.0110732660963	0.0114234725589	-0.0300118314325	-0.0614888569156	-0.0136021300419	-0.00135638526068	-0.0454182942728	-0.0467729333293	0.0575080161374	0.0155947956178	1.0	-0.046588836197	0.0273485656942	0.0184182323663	0.00586716883678	0.0226283559752	-0.00723841091323	-0.068964663231	-0.0546786039018	-0.0815794507244	0.0149606407448	0.00645836967304	-0.0228096374817	-0.0158158421134	0.0115308524384	-0.0387204716445	0.0472277491035	0.0358164084289	-0.00255698805913	-0.0513163551241	0.0103231209954	-0.00609353489735	0.0343394942626	-0.016619883292	-0.00455551765066	0.00961860661454	-0.0328309944737	-0.0234374510472	-0.0473956245087	-0.0490659286393	0.0548763018243
k__Bacteria;p__Actinobacteria;c__Actinobacteria;o__Bifidobacteriales;f__Bifidobacteriaceae;g__Bifidobacterium;s__Bifidobacterium_longum	-0.0278433506387	-0.0112624565904	-0.0440314753497	0.0500548848391	-0.0275193081165	0.0441362818523	-0.0315080992087	0.0191257556641	0.0200583995727	0.00746609299071	-0.0164095564046	-0.0146585248762	-0.061372946012	-0.0232725179145	0.00875954246978	-0.0262428782728	-0.0072547683855	-0.00326273666292	-0.067023117811	0.0090220048824	0.0348884005399	-0.000599368970516	0.0348908934717	0.000165537143796	0.014786776889	-0.00107732278479	0.038416435227	-0.0545017775645	-0.046588836197	1.0	0.0348733093198	-0.0820655123262	-0.0188158203381	0.0126772417007	-0.0353902020368	-0.0533477694145	0.0039521975159	-0.0182518193309	0.0511501485837	0.027786598187	0.019442585579	0.0139920692708	-0.0192850154951	-0.00599718490947	0.00960472485785	-0.0375207636105	-0.0120233404346	0.0618630779592	0.00883667838357	-0.015210490028	-0.0802360430196	0.0153699247969	0.0192537765802	-0.0662407476287	-0.0761114871226	-0.0601584951264	0.0232404185458	0.0449954017515	0.00783367782941
