#taxonomy	k__Bacteria;p__Bacteroidetes;c__Bacteroidia;o__Bacteroidales;f__Bacteroidaceae;g__Bacteroides;s__Bacteroides_vulgatus	k__Bacteria;p__Bacteroidetes;c__Bacteroidia;o__Bacteroidales;f__Bacteroidaceae;g__Bacteroides;s__Bacteroides_uniformis	k__Bacteria;p__Bacteroidetes;c__Bacteroidia;o__Bacteroidales;f__Rikenellaceae;g__Alistipes;s__Alistipes_putredinis	k__Bacteria;p__Bacteroidetes;c__Bacteroidia;o__Bacteroidales;f__Prevotellaceae;g__Prevotella;s__Prevotella_copri	k__Bacteria;p__Bacteroidetes;c__Bacteroidia;o__Bacteroidales;f__Bacteroidaceae;g__Bacteroides;s__Bacteroides_stercoris	k__Bacteria;p__Bacteroidetes;c__Bacteroidia;o__Bacteroidales;f__Bacteroidaceae;g__Bacteroides;s__Bacteroides_ovatus	k__Bacteria;p__Bacteroidetes;c__Bacteroidia;o__Bacteroidales;f__Rikenellaceae;g__Alistipes;s__Alistipes_shahii	k__Bacteria;p__Firmicutes;c__Clostridia;o__Clostridiales;f__Ruminococcaceae;g__Faecalibacterium;s__Faecalibacterium_prausnitzii	k__Bacteria;p__Bacteroidetes;c__Bacteroidia;o__Bacteroidales;f__Rikenellaceae;g__Alistipes;s__Alistipes_finegoldii	k__Bacteria;p__Bacteroidetes;c__Bacteroidia;o__Bacteroidales;f__Porphyromonadaceae;g__Parabacteroides;s__Parabacteroides_distasonis	k__Bacteria;p__Bacteroidetes;c__Bacteroidia;o__Bacteroidales;f__Bacteroidaceae;g__Bacteroides;s__Bacteroides_thetaiotaomicron	k__Bacteria;p__Bacteroidetes;c__Bacteroidia;o__Bacteroidales;f__Bacteroidaceae;g__Bacteroides;s__Bacteroides_coprocola	k__Bacteria;p__Bacteroidetes;c__Bacteroidia;o__Bacteroidales;f__Bacteroidaceae;g__Bacteroides;s__Bacteroides_cellulosilyticus	k__Bacteria;p__Bacteroidetes;c__Bacteroidia;o__Bacteroidales;f__Rikenellaceae;g__Alistipes;s__Alistipes_obesi	k__Bacteria;p__Firmicutes;c__Clostridia;o__Clostridiales;f__Lachnospiraceae;g__;s__[Eubacterium]_rectale	k__Bacteria;p__Bacteroidetes;c__Bacteroidia;o__Bacteroidales;f__Bacteroidaceae;g__Bacteroides;s__Bacteroides_plebeius	k__Bacteria;p__Bacteroidetes;c__Bacteroidia;o__Bacteroidales;f__Bacteroidaceae;g__Bacteroides;s__Bacteroides_fragilis	k__Bacteria;p__Proteobacteria;c__Betaproteobacteria;o__Burkholderiales;f__Sutterellaceae;g__Sutterella;s__Sutterella_wadsworthensis	k__Bacteria;p__Bacteroidetes;c__Bacteroidia;o__Bacteroidales;f__Porphyromonadaceae;g__Barnesiella;s__Barnesiella_intestinihominis	k__Bacteria;p__Bacteroidetes;c__Bacteroidia;o__Bacteroidales;f__Odoribacteraceae;g__Odoribacter;s__Odoribacter_splanchnicus	k__Bacteria;p__Bacteroidetes;c__Bacteroidia;o__Bacteroidales;f__Bacteroidaceae;g__Bacteroides;s__Bacteroides_salyersiae	k__Bacteria;p__Firmicutes;c__Clostridia;o__Clostridiales;f__Ruminococcaceae;g__Ruminiclostridium;s__[Eubacterium]_siraeum	k__Bacteria;p__Proteobacteria;c__Betaproteobacteria;o__Burkholderiales;f__Sutterellaceae;g__Parasutterella;s__Parasutterella_excrementihominis	k__Bacteria;p__Actinobacteria;c__Actinobacteria;o__Bifidobacteriales;f__Bifidobacteriaceae;g__Bifidobacterium;s__Bifidobacterium_adolescentis	k__Bacteria;p__Firmicutes;c__Clostridia;o__Clostridiales;f__Oscillospiraceae;g__Oscillibacter;s__Oscillibacter_sp._KLE_1745	k__Bacteria;p__Bacteroidetes;c__Bacteroidia;o__Bacteroidales;f__Bacteroidaceae;g__Bacteroides;s__Bacteroides_coprophilus	k__Bacteria;p__Firmicutes;c__Clostridia;o__Clostridiales;f__Lachnospiraceae;g__Roseburia;s__Roseburia_intestinalis	k__Bacteria;p__Firmicutes;c__Clostridia;o__Clostridiales;f__Lachnospiraceae;g__Roseburia;s__Roseburia_hominis	k__Bacteria;p__Bacteroidetes;c__Bacteroidia;o__Bacteroidales;f__Porphyromonadaceae;g__Parabacteroides;s__Parabacteroides_johnsonii	k__Bacteria;p__Actinobacteria;c__Actinobacteria;o__Bifidobacteriales;f__Bifidobacteriaceae;g__Bifidobacterium;s__Bifidobacterium_longum	k__Bacteria;p__Firmicutes;c__Clostridia;o__Clostridiales;f__;g__Flavonifractor;s__Flavonifractor_plautii	k__Bacteria;p__Firmicutes;c__Clostridia;o__Clostridiales;f__Clostridiaceae;g__Clostridium;s__Clostridium_phoceensis	k__Bacteria;p__Verrucomicrobia;c__Verrucomicrobiae;o__Verrucomicrobiales;f__Akkermansiaceae;g__Akkermansia;s__Akkermansia_muciniphila	k__Bacteria;p__Bacteroidetes;c__Bacteroidia;o__Bacteroidales;f__Prevotellaceae;g__Paraprevotella;s__Paraprevotella_xylaniphila	k__Bacteria;p__Firmicutes;c__Clostridia;o__Clostridiales;f__Ruminococcaceae;g__Ruminococcus;s__Ruminococcus_callidus	k__Bacteria;p__Bacteroidetes;c__Bacteroidia;o__Bacteroidales;f__Rikenellaceae;g__Alistipes;s__Alistipes_senegalensis	k__Bacteria;p__Firmicutes;c__Clostridia;o__Clostridiales;f__Lachnospiraceae;g__Blautia;s__Blautia_sp._KLE_1732	k__Bacteria;p__Bacteroidetes;c__Bacteroidia;o__Bacteroidales;f__Bacteroidaceae;g__Bacteroides;s__Bacteroides_oleiciplenus	k__Bacteria;p__Firmicutes;c__Clostridia;o__Clostridiales;f__Ruminococcaceae;g__Ruminococcus;s__Ruminococcus_bicirculans	k__Bacteria;p__Bacteroidetes;c__Bacteroidia;o__Bacteroidales;f__Bacteroidaceae;g__Bacteroides;s__Bacteroides_fluxus	k__Bacteria;p__Bacteroidetes;c__Bacteroidia;o__Bacteroidales;f__Prevotellaceae;g__Prevotella;s__Prevotella_stercorea	k__Bacteria;p__Firmicutes;c__Clostridia;o__Clostridiales;f__Lachnospiraceae;g__Dorea;s__Dorea_longicatena	k__Bacteria;p__Firmicutes;c__Clostridia;o__Clostridiales;f__Eubacteriaceae;g__Eubacterium;s__[Eubacterium]_eligens	k__Bacteria;p__Firmicutes;c__Clostridia;o__Clostridiales;f__Ruminococcaceae;g__;s__Ruminococcaceae_bacterium_D16	k__Bacteria;p__Firmicutes;c__Clostridia;o__Clostridiales;f__Lachnospiraceae;g__Coprococcus;s__Coprococcus_comes	k__Bacteria;p__Proteobacteria;c__Gammaproteobacteria;o__Enterobacterales;f__Enterobacteriaceae;g__Escherichia;s__Escherichia_coli	k__Bacteria;p__Firmicutes;c__Clostridia;o__Clostridiales;f__Ruminococcaceae;g__Anaerotruncus;s__Anaerotruncus_colihominis	k__Bacteria;p__Firmicutes;c__Clostridia;o__Clostridiales;f__Lachnospiraceae;g__Blautia;s__Blautia_obeum	k__Bacteria;p__Bacteroidetes;c__Bacteroidia;o__Bacteroidales;f__Odoribacteraceae;g__Odoribacter;s__Odoribacter_laneus	k__Bacteria;p__Firmicutes;c__Clostridia;o__Clostridiales;f__Ruminococcaceae;g__Ruminiclostridium;s__[Clostridium]_leptum	k__Bacteria;p__Bacteroidetes;c__Bacteroidia;o__Bacteroidales;f__Porphyromonadaceae;g__Parabacteroides;s__Parabacteroides_goldsteinii	k__Bacteria;p__Firmicutes;c__Clostridia;o__Clostridiales;f__Lachnospiraceae;g__Anaerostipes;s__Anaerostipes_hadrus	k__Bacteria;p__Firmicutes;c__Clostridia;o__Clostridiales;f__Ruminococcaceae;g__Ruminococcus;s__Ruminococcus_lactaris	k__Bacteria;p__Firmicutes;c__Clostridia;o__Clostridiales;f__Clostridiaceae;g__Clostridium;s__Clostridium_sp._L2-50	k__Bacteria;p__Firmicutes;c__Clostridia;o__Clostridiales;f__Clostridiaceae;g__Clostridium;s__Clostridium_sp._M62/1	k__Bacteria;p__Firmicutes;c__Clostridia;o__Clostridiales;f__;g__Intestinimonas;s__Intestinimonas_butyriciproducens	k__Bacteria;p__Actinobacteria;c__Actinobacteria;o__Bifidobacteriales;f__Bifidobacteriaceae;g__Bifidobacterium;s__Bifidobacterium_bifidum	k__Bacteria;p__Firmicutes;c__Negativicutes;o__Veillonellales;f__Veillonellaceae;g__Dialister;s__Dialister_invisus	k__Bacteria;p__Bacteroidetes;c__Bacteroidia;o__Bacteroidales;f__Bacteroidaceae;g__Bacteroides;s__Bacteroides_salanitronis
k__Bacteria;p__Bacteroidetes;c__Bacteroidia;o__Bacteroidales;f__Bacteroidaceae;g__Bacteroides;s__Bacteroides_vulgatus	1.0	0.0639244811773	-0.0180393076718	0.0297989743539	0.00581103112158	-0.0407156832501	0.0108514089502	-0.0540277831911	0.0528963579803	0.0363184672563	0.0468861635299	-0.0518592376564	0.00831805153524	0.0318711718951	0.0138588635338	-0.0546957938868	-0.00772257252185	-0.0399247119065	-0.0252698075336	0.0643508312649	-0.00816530311361	-0.025343269036	-0.0219897913577	-0.00157796458564	0.00156566407424	0.0543417693882	0.0292369201471	-0.0247328746334	0.00428253172323	0.0135186559112	-0.0211893708532	0.00535662480405	0.0188394722531	-0.0333473040311	-0.0365093770441	0.0119852022479	-0.013537013987	-0.0336415961516	-0.0605449083611	0.0130497516809	0.0115643876287	0.0289280236525	-0.0618315218757	-0.0171351439848	-0.0222585117162	0.0213276839507	-0.0146482782152	-0.103825237389	-0.0482715224465	0.0232516155265	0.0432789377471	0.0260570013433	0.0159893296808	-0.0217770001649	0.00196593911069	0.0110661981462	0.0112695810922	-0.00600054406651	-0.0370412779707
k__Bacteria;p__Bacteroidetes;c__Bacteroidia;o__Bacteroidales;f__Bacteroidaceae;g__Bacteroides;s__Bacteroides_uniformis	0.0639244811773	1.0	-0.0509869957078	-0.0221443479496	-0.00747650726145	0.0288881703621	0.0245115123922	-0.0115762606986	-0.0613985037193	0.0135521514491	0.00766273894506	0.0434021417634	-0.0356000341921	-0.0854311856745	0.00726762946935	-0.081530205651	0.056059004487	0.0342353774511	0.0264967944148	0.0175626762116	0.0411741943514	-0.0238338169223	-0.0235151776504	-0.0171880148267	-0.00105584996272	-0.0527524322975	-0.0317556980252	-0.00696396611978	0.0173263158112	-0.0555030943683	0.000249688832331	0.000767254127527	0.0565462352693	-0.0304898536535	0.0435177081759	-0.00108842694053	0.0218188104859	-0.0298038956054	-0.0599706064969	0.0486554051896	0.0128351769463	0.0525904236063	-0.00849676673089	-0.00875910200485	0.056518080724	-0.0890785743569	-0.0439958996395	0.0310774495244	0.0142470777527	-0.0414069201349	-0.0312440863942	-0.0466778330999	-0.00339567716967	-0.0147416364005	0.0156861524413	-0.0239664504739	-0.0123989780388	0.0109426129863	0.00882603765712
k__Bacteria;p__Bacteroidetes;c__Bacteroidia;o__Bacteroidales;f__Rikenellaceae;g__Alistipes;s__Alistipes_putredinis	-0.0180393076718	-0.0509869957078	1.0	-0.0437883339515	-0.0308468116942	0.0160121076934	-0.0146387851615	-0.0214548851232	0.0332928427715	-0.0456591844145	0.0123363353039	-0.000315237915586	0.00748772662206	0.0605439056222	0.0335501452606	-0.0338598027872	0.015384458311	0.00268529826946	0.020045414914	0.0280480844929	0.0225087712998	-0.0350392841885	0.0162339386918	0.00575946524175	0.0167172209634	0.0107291216383	0.00534353254939	-0.00667086823221	-0.0560458922153	-0.00824328243624	0.0126154021268	-0.0239317240824	-0.0482951123187	-0.000574286076623	0.0392889181609	0.0203322509983	-0.0707641116378	0.0407334827418	-0.057216775764	-0.0162343096035	0.0153804644614	-0.0427829159865	2.88652781775e-05	-0.0644551897212	-0.0512138131529	0.00891357681335	0.0192986988037	-0.019024941479	0.0836939298442	-0.0270385423906	-0.0167259607611	0.0179737859747	-0.00594704301013	-0.00856474289985	0.0044586403568	-0.0104245887414	-0.0410775687224	-0.0629173519711	-0.0229926603135
k__Bacteria;p__Bacteroidetes;c__Bacteroidia;o__Bacteroidales;f__Prevotellaceae;g__Prevotella;s__Prevotella_copri	0.0297989743539	-0.0221443479496	-0.0437883339515	1.0	-0.0067551842958	-0.0273549433231	-0.0664480902996	-0.0564346478055	-0.0180054376508	-0.0740886827733	0.0280481321461	0.0135465668831	-0.0433529750395	0.0124050879556	0.0078195769277	-0.00748506352089	0.00482365642816	-0.00594118402892	0.0410437189396	0.0633236103049	-0.0602360412113	-0.0007093268304	0.0223173073446	0.0234268557927	0.05084546327	-0.0743359493071	-0.0292040549794	-0.00105243976296	-0.0277141945938	-0.00436965420995	-0.0308232658155	-0.00263735593324	-0.0369717455212	-0.0545243595742	0.0521687223903	0.0702640860756	0.00567822084874	0.0157268667862	-0.0638257313634	-0.0405811451761	0.00816274089317	0.0610056626193	-0.00757654545327	-0.00394281417435	-0.0068019566331	0.0228563783733	-0.00299667678824	-0.0420941571611	0.00582312881582	-0.0624460260317	-0.0851942103597	0.00157306422004	0.0292550965829	0.0295829410376	-0.0278180834355	0.0454584530502	-0.0471443476207	-0.016146877132	-0.0371677767605
k__Bacteria;p__Bacteroidetes;c__Bacteroidia;o__Bacteroidales;f__Bacteroidaceae;g__Bacteroides;s__Bacteroides_stercoris	0.00581103112158	-0.00747650726145	-0.0308468116942	-0.0067551842958	1.0	-0.0426083184579	-0.0894731126642	-0.0349507774127	-0.00706611307967	-0.00739269748172	-0.00203823863783	-0.0139052702671	-0.0237002982487	-0.0434069597485	0.00364054398285	-0.0406913480111	-0.0310340031111	0.00458108828666	-0.0503910973304	-0.0109330546924	-0.0252099519226	-0.0351971775694	-0.0463648500184	0.0736821503284	0.0062277381392	0.0922403802496	0.0220371566823	-0.0137720101441	0.00626481363117	-0.0471717414617	0.0162910348959	-0.0268324403883	0.0111613586191	0.00307792474025	0.0282058672057	-0.00143329844334	0.0376988943807	-0.0163035462906	-0.0466355196916	-0.0330570564393	0.0127360951068	0.0567509397036	0.0843910357374	-0.000600803982361	-0.0241202274223	0.0168698104932	-0.00890099668996	0.00323477748137	-0.00671095264948	0.0143918342293	-0.0564356060923	0.0317837378004	0.0576652631242	-0.0138425337527	-0.000882047493685	-0.0326517005976	0.020530718064	0.00145980999791	-0.0390784484534
k__Bacteria;p__Bacteroidetes;c__Bacteroidia;o__Bacteroidales;f__Bacteroidaceae;g__Bacteroides;s__Bacteroides_ovatus	-0.0407156832501	0.0288881703621	0.0160121076934	-0.0273549433231	-0.0426083184579	1.0	0.00243317502219	-0.0262233587059	-0.0410942685091	-0.0534028922694	-0.00733933439247	-0.00841224875954	-0.0115387960425	-0.0198824153503	-0.0363427355456	-0.0139457033994	0.0137397717813	0.0360806991851	0.0212593772859	-0.0320215944356	-0.0219901853498	-0.024010442435	-0.00665766385601	-0.0311345303954	0.0162304950365	0.0224612639665	0.00147937028989	-0.043496223528	-0.0225957934789	0.0403675728853	0.000896470015232	-0.0356901079399	0.0167316363288	0.0384663705481	-0.01583521475	0.0369257640105	0.0317718700235	-0.0037583082118	-0.0121490920047	-0.0402192868626	-0.00861141572194	-0.0811705173403	0.0165840636559	-0.0185094712326	0.0124433153692	-0.0524584859459	-0.0079023695241	-0.0299579475001	0.0241702214568	-0.0299954685972	-0.0339848120982	0.0290921547201	0.00465550302579	-0.0047829135669	-0.0539223565149	-0.0285172756878	-0.0368725371564	0.0106818420998	0.0255708950583
k__Bacteria;p__Bacteroidetes;c__Bacteroidia;o__Bacteroidales;f__Rikenellaceae;g__Alistipes;s__Alistipes_shahii	0.0108514089502	0.0245115123922	-0.0146387851615	-0.0664480902996	-0.0894731126642	0.00243317502219	1.0	-0.0471868290275	-0.0483774490687	0.00630246709771	0.0490016605019	-0.0197587632354	-0.0210012727766	0.0016479675288	-0.00275199043015	-0.0311621097989	0.0249745277349	-0.00488022939998	0.00907559183272	-0.0695823578192	0.0227547116986	0.0373975584105	0.0342549112022	-0.0106062068299	-0.0762341335338	0.00435810112855	-0.0200282819673	0.0166722495469	-0.0172954181433	-0.059926039388	-0.0224003490767	-0.0262876042243	-0.00536782623759	0.0163826659933	0.0546443709643	-0.0696925671893	0.00143749264241	-0.103313214949	0.0441176803494	0.00572663836903	-0.0212589662874	-0.0434631482686	0.0427580087644	0.00227439047252	-0.0158714894303	-0.0514760688471	-0.00614294836569	-0.050715576761	0.00736781057726	-0.00134505633607	-0.0174300441173	-0.0128315546339	-0.0600106051975	0.0235204422996	-0.00534269400119	0.0792858162112	-0.0442856432836	0.017374725715	-0.0056108756042
k__Bacteria;p__Firmicutes;c__Clostridia;o__Clostridiales;f__Ruminococcaceae;g__Faecalibacterium;s__Faecalibacterium_prausnitzii	-0.0540277831911	-0.0115762606986	-0.0214548851232	-0.0564346478055	-0.0349507774127	-0.0262233587059	-0.0471868290275	1.0	0.0292248097953	-0.0236222501434	-0.0122965247781	-0.0196959450962	-0.0236007900855	-0.0510824052642	0.022571174757	-0.0539053630494	-0.0222243601472	-0.0430040532521	-0.0395620940361	0.00824670706335	0.0373157596426	0.0131610679775	-0.0603098928636	-0.0887080961421	-0.0286841159917	0.0152291908178	0.00262572373084	-0.0325732689857	-0.0418078680974	0.00510915867532	0.00630304251043	-0.0381355791504	0.0548026179347	-0.0336101823327	0.0574357689471	0.0128813590967	-0.00420793065836	0.014976907221	-0.00679781692135	-0.0275053758852	0.014030375554	0.00785455344044	0.0176458556657	0.0893540199171	-0.0239789576851	0.0532787134301	0.0191133995346	0.0816490550455	-0.0113937373523	0.0193481602564	0.00432188152699	-0.0823247857321	-0.0270878134443	-0.0265369483849	0.0185914481707	0.0273612369177	0.0173374936407	-0.057303497275	0.0179940923433
k__Bacteria;p__Bacteroidetes;c__Bacteroidia;o__Bacteroidales;f__Rikenellaceae;g__Alistipes;s__Alistipes_finegoldii	0.0528963579803	-0.0613985037193	0.0332928427715	-0.0180054376508	-0.00706611307967	-0.0410942685091	-0.0483774490687	0.0292248097953	1.0	0.0310254730402	-0.0114736136088	0.0461036463496	0.0106558951907	0.0310983379453	0.00476967016993	-0.0212235236843	0.0393035956835	0.00572873977362	-0.044036627712	-0.0276536524622	0.0156537001563	0.0136052580189	-0.0312566801081	0.0234768157127	-0.00944660459118	-0.0302410759799	0.0122873083416	-0.0109459402079	-0.0144288391561	0.0208813560948	-0.0703312971081	0.024456311712	-0.0180196811644	-0.0251867502198	-0.0407336510404	-0.0119798190594	0.0121515594886	-0.0106627523351	0.0299239002981	0.00892095240586	-0.0164105794971	0.00360675062985	-0.00288870671708	-0.0236493004647	0.00100220719195	0.0171957229026	-0.0202180054292	0.0216625903686	-0.0315701358057	-0.0393206504439	-0.0263611039347	-0.00729783392711	0.0019138202327	-0.0737325391967	-0.0397145843092	-0.0206775074377	0.0198473122199	-0.0606678491219	-0.0319209179384
k__Bacteria;p__Bacteroidetes;c__Bacteroidia;o__Bacteroidales;f__Porphyromonadaceae;g__Parabacteroides;s__Parabacteroides_distasonis	0.0363184672563	0.0135521514491	-0.0456591844145	-0.0740886827733	-0.00739269748172	-0.0534028922694	0.00630246709771	-0.0236222501434	0.0310254730402	1.0	-0.000324668889872	-0.0394058583008	0.0429822965358	-0.0145433425186	-0.0215033966464	0.019936627457	0.0920500489978	-0.0288978808804	0.0354945468757	0.0143061011659	-0.0164565535795	0.0512165746194	0.0271882660203	0.0661102545152	0.00864884546512	0.00276580458108	0.0356713244024	0.00334943583882	-0.004352122201	-0.0590750149191	-0.0246943892645	-0.0145525970503	-0.043246647467	-0.0153596145397	-0.0248928007047	-0.0697593341712	-0.0127467698476	-0.095622298452	-0.00747587638202	-0.044367284349	-0.0237868926617	0.00747871513231	0.039414947779	0.0100991117837	-0.00920361727662	-0.0359393242156	-0.0274169634217	-0.0227887441152	-0.0594517427853	-0.00672681277049	-0.0440078310203	0.0137338320247	-0.0610919541885	0.0343263803161	-0.00327457050308	0.0136066172314	-0.0223291703357	-0.0287060593559	-0.0163978227854
k__Bacteria;p__Bacteroidetes;c__Bacteroidia;o__Bacteroidales;f__Bacteroidaceae;g__Bacteroides;s__Bacteroides_thetaiotaomicron	0.0468861635299	0.00766273894506	0.0123363353039	0.0280481321461	-0.00203823863783	-0.00733933439247	0.0490016605019	-0.0122965247781	-0.0114736136088	-0.000324668889872	1.0	-0.0127681560933	0.0283531601939	0.0643374911288	-0.035743231947	-0.0218900841112	-0.000680400629176	0.0101768758535	0.015224681406	0.0013435698322	-0.0156274976685	-0.0778241927957	-0.00938338823263	-0.0672031751278	-0.0738681508386	-0.01662539668	0.0165549105272	-0.042839788494	-0.0336733846755	0.0123364150461	-0.0492351861594	-0.0456127881911	-0.0321435778912	0.0121072698437	0.0240321194953	0.00596991064481	0.00129382336612	-0.029668238135	0.0186345515404	0.0434702974728	-0.046025794293	0.0135100069508	0.0269469787643	0.0165041040256	0.0186942558526	-0.0126000922403	-0.0399155509981	0.0112264011346	-0.0242705010411	0.0353855241348	0.0511968652475	0.00928251736531	0.0770844880148	0.0144246247502	-0.0737859656907	-0.0580288087703	-0.049117616014	-0.0779686943905	0.0037036892369
k__Bacteria;p__Bacteroidetes;c__Bacteroidia;o__Bacteroidales;f__Bacteroidaceae;g__Bacteroides;s__Bacteroides_coprocola	-0.0518592376564	0.0434021417634	-0.000315237915586	0.0135465668831	-0.0139052702671	-0.00841224875954	-0.0197587632354	-0.0196959450962	0.0461036463496	-0.0394058583008	-0.0127681560933	1.0	-0.00940201659733	0.0534320544985	0.00122454316474	-0.0577463885639	0.0324855356916	-0.0244299049949	-0.0623126119157	-0.0141158233027	0.0164073826371	-0.0356356406267	-0.0140483866672	-0.0172970996762	-0.00896115061892	-0.0253635437391	0.0553382893157	0.0135863197284	-0.0544659469314	-0.00954084261289	-0.0148389869154	0.0386167749443	-0.08488096494	-0.0297100881309	0.00370691301367	-0.0672313620726	0.013894277343	0.0252511054541	-0.0121950805175	-0.00517030473907	-0.0307780356052	-0.013782558378	-0.0244065333274	0.0221642979405	-0.0392588352561	0.00190542332303	-0.042695133202	-0.0104484925081	-0.0130448143527	-0.0157494975003	0.0294267250514	-0.0200477107419	-0.0339657478018	0.011661281478	-0.000740004273459	0.0155977794798	-0.0627230408406	0.0326224308713	-0.000420754651146
k__Bacteria;p__Bacteroidetes;c__Bacteroidia;o__Bacteroidales;f__Bacteroidaceae;g__Bacteroides;s__Bacteroides_cellulosilyticus	0.00831805153524	-0.0356000341921	0.00748772662206	-0.0433529750395	-0.0237002982487	-0.0115387960425	-0.0210012727766	-0.0236007900855	0.0106558951907	0.0429822965358	0.0283531601939	-0.00940201659733	1.0	0.0365195678194	-0.00426801331367	-0.0172710486617	-0.0254743986112	-0.0325759327343	-0.0470605140147	-0.0290218389524	-0.00441840100315	0.00827860165788	0.000949279981118	-0.0177846592771	-0.0194728814463	-0.0215789758632	-0.0294795805131	-0.11718668823	-0.00847298953812	-0.0459366560082	-0.0160870222489	0.016128748634	-0.0151778117755	0.0300114436434	-0.0511398224975	-0.016549066617	-0.00181059445888	0.0220770579105	-0.0658317872293	0.0155940734306	-0.0318309947052	0.0142490360078	-0.0554792540969	0.0125083819091	0.0141655670052	-0.00572569012561	-0.0021776715324	0.0453824315923	-0.040371390183	0.0323367242524	-0.0513306994741	0.0511126429132	0.088342717925	-0.0406098465805	-0.0090353460271	-0.0134063268523	0.0163726585506	-0.0191803255811	-0.00543407196982
k__Bacteria;p__Bacteroidetes;c__Bacteroidia;o__Bacteroidales;f__Rikenellaceae;g__Alistipes;s__Alistipes_obesi	0.0318711718951	-0.0854311856745	0.0605439056222	0.0124050879556	-0.0434069597485	-0.0198824153503	0.0016479675288	-0.0510824052642	0.0310983379453	-0.0145433425186	0.0643374911288	0.0534320544985	0.0365195678194	1.0	-0.0392838909543	-0.0460235999862	0.0236640490792	-0.00241267887867	0.000129607626743	-0.0276371934982	-0.0101480184985	-0.0419215448367	-0.0734030396159	-0.0461882080823	0.0173410340243	-0.0531926909281	0.0161889356901	-0.0416416363539	-0.00677083801381	-0.0219939207107	-0.0209887158217	-0.0209091875396	-0.00599568541596	0.0317364925033	-0.0877431481986	-0.0263790616827	0.0296847884781	-0.0141715521843	-0.0516353530082	-0.00466012641576	-0.0337538403669	0.0391338938401	-0.0190907532682	0.062331654569	0.0034232235516	0.0124123784417	-0.055849486442	-0.00263380657488	-0.0100800810566	0.0374797832163	-0.0493494267283	-0.0397189151394	-0.0284063125049	-0.0248254548596	-0.0391282864306	-0.0222867309478	-0.0370943748164	0.0343521212657	-0.00749933223076
k__Bacteria;p__Firmicutes;c__Clostridia;o__Clostridiales;f__Lachnospiraceae;g__;s__[Eubacterium]_rectale	0.0138588635338	0.00726762946935	0.0335501452606	0.0078195769277	0.00364054398285	-0.0363427355456	-0.00275199043015	0.022571174757	0.00476967016993	-0.0215033966464	-0.035743231947	0.00122454316474	-0.00426801331367	-0.0392838909543	1.0	0.00877434585735	-0.0348610883772	-0.032946774669	-0.0169293598592	-0.0829231514083	0.0182620767285	0.0482933553696	0.00714122307013	0.0158048677636	-0.0739832941134	-0.0730499022944	-0.00930348472588	0.073925591373	-0.0632876141509	-0.00081621850057	0.0103595695697	0.0239784977657	0.0111155822656	-0.0465786548463	-0.0821941636454	0.00421833674869	-0.00192049388684	-0.033474866347	-0.0117321605181	0.0827746462371	0.041844931226	-0.0578555471515	-0.046832383688	-0.0278074594212	0.0459593032155	-0.0117213517767	-0.0753959026258	-0.0360093822606	-0.0799926959784	0.0127451046816	-0.0427349739943	0.0401938453601	0.0445203249018	-0.00759435590883	0.0355144095012	-0.0368429226779	0.0390265161819	-0.0675857947222	0.0196830999722
k__Bacteria;p__Bacteroidetes;c__Bacteroidia;o__Bacteroidales;f__Bacteroidaceae;g__Bacteroides;s__Bacteroides_plebeius	-0.0546957938868	-0.081530205651	-0.0338598027872	-0.00748506352089	-0.0406913480111	-0.0139457033994	-0.0311621097989	-0.0539053630494	-0.0212235236843	0.019936627457	-0.0218900841112	-0.0577463885639	-0.0172710486617	-0.0460235999862	0.00877434585735	1.0	-0.0217244993629	0.0153866848261	0.00149237532554	-0.0177557513268	-0.00756857090116	0.021656101859	0.00737741281361	0.0716021518994	-0.00348384489885	-0.00124519551038	-0.0325734383183	-0.00214106876419	0.0356330476683	0.0282460232512	0.0466491790921	0.0509590048053	-0.0442409680889	-0.0509746299562	0.0316186794185	0.0170882146129	0.0219517947145	0.026959720786	0.0273034372129	-0.000643064454763	-0.00492933233296	0.0378674105847	0.0547583711567	0.0199891186084	-0.00644554846004	0.0130805126399	0.000967848495329	-0.0538742404707	-0.0251405600647	0.0183820028744	0.0249348147977	-0.0320129416531	-0.133676551902	-0.00347263873011	0.0277632551091	-0.0171811694889	-0.00151281019982	-0.0446785082335	-0.0203829501792
k__Bacteria;p__Bacteroidetes;c__Bacteroidia;o__Bacteroidales;f__Bacteroidaceae;g__Bacteroides;s__Bacteroides_fragilis	-0.00772257252185	0.056059004487	0.015384458311	0.00482365642816	-0.0310340031111	0.0137397717813	0.0249745277349	-0.0222243601472	0.0393035956835	0.0920500489978	-0.000680400629176	0.0324855356916	-0.0254743986112	0.0236640490792	-0.0348610883772	-0.0217244993629	1.0	0.0411995874082	-0.0715882398791	0.0396567395662	-0.0247385070666	-0.0473168281777	-0.0250490036261	0.03170901241	-0.0245396045635	-0.0132607775002	0.0333983346251	0.019881409848	0.0634054430966	-0.00606533361015	0.000760058318059	-0.000495079638449	0.00824756311931	-0.0465920807012	-0.0672848583364	-0.055242009275	-0.026042386501	-0.0310164711174	-0.0483640166073	-0.00400224037873	-0.0245497933697	-0.0434286923721	-0.0508166963182	-0.052486515202	-0.037900123713	0.0404566050297	-0.0973997740506	0.0187008292125	-0.0388753448014	-0.0188159368202	-0.0473528175638	-0.0375527992216	0.0296498943671	-0.0239420884763	-0.0323389434077	-0.0272082539385	-0.0502565968352	-0.0225395769502	-0.083892434131
k__Bacteria;p__Proteobacteria;c__Betaproteobacteria;o__Burkholderiales;f__Sutterellaceae;g__Sutterella;s__Sutterella_wadsworthensis	-0.0399247119065	0.0342353774511	0.00268529826946	-0.00594118402892	0.00458108828666	0.0360806991851	-0.00488022939998	-0.0430040532521	0.00572873977362	-0.0288978808804	0.0101768758535	-0.0244299049949	-0.0325759327343	-0.00241267887867	-0.032946774669	0.0153866848261	0.0411995874082	1.0	-0.00541045000306	-0.0305223856626	-0.00586867721004	-0.0248456959534	0.0754487930107	-0.0156008387889	-0.0401586340416	0.00149774402047	-0.0383893580191	-0.0552229218831	0.0192200512211	0.00775280296779	-0.0448772985866	-0.00556091787442	0.0275843842258	-0.00692358975723	0.0107169036294	0.0708234273081	-0.0173674604518	-0.017843642289	-0.0333471193982	0.0174178575973	-0.0429222556399	0.0021530914162	-0.0786933041597	0.0179204423087	-0.00672454956305	-0.00157233029678	0.0380849601915	0.0214072776801	0.00198906818046	-0.0468008317291	-0.0337357098929	-0.00429760089101	0.0361741195743	0.0246987205916	-0.0441783442064	-0.0136718078669	0.0243730763061	-0.00730754242024	-0.0285908501923
k__Bacteria;p__Bacteroidetes;c__Bacteroidia;o__Bacteroidales;f__Porphyromonadaceae;g__Barnesiella;s__Barnesiella_intestinihominis	-0.0252698075336	0.0264967944148	0.020045414914	0.0410437189396	-0.0503910973304	0.0212593772859	0.00907559183272	-0.0395620940361	-0.044036627712	0.0354945468757	0.015224681406	-0.0623126119157	-0.0470605140147	0.000129607626743	-0.0169293598592	0.00149237532554	-0.0715882398791	-0.00541045000306	1.0	-0.026369450677	-0.00726029304747	-0.0445404000544	-0.00763950183041	-0.0813426540034	0.0450535274859	-0.0344069171176	-0.0308261079571	-0.0138416405465	-0.0349401939825	0.00116027107237	0.0743293516236	0.041901831644	-0.00196165187867	-0.0255422364142	-0.0219655590224	0.00953913552987	0.0488517488129	0.00689926034594	0.0212568262058	0.0149873855002	-0.0104256963202	0.0194721087282	-0.0823590860549	-0.0338708327395	0.0294775234997	0.0046204266801	0.0405024980107	-0.0739808853047	0.00982524774733	-0.060153914857	0.0508565137816	0.0564764974005	-0.0203371493995	-0.0140349929213	-0.0325391810034	-0.043063843998	-0.00804945270464	-0.0321713169706	-0.0129152862854
k__Bacteria;p__Bacteroidetes;c__Bacteroidia;o__Bacteroidales;f__Odoribacteraceae;g__Odoribacter;s__Odoribacter_splanchnicus	0.0643508312649	0.0175626762116	0.0280480844929	0.0633236103049	-0.0109330546924	-0.0320215944356	-0.0695823578192	0.00824670706335	-0.0276536524622	0.0143061011659	0.0013435698322	-0.0141158233027	-0.0290218389524	-0.0276371934982	-0.0829231514083	-0.0177557513268	0.0396567395662	-0.0305223856626	-0.026369450677	1.0	-0.0331462548726	0.00116334831667	-0.0186826171505	0.0156774222842	0.0372815550053	-0.0407676889851	-0.00147821131542	0.0328275644088	-0.0480812724937	-0.0237334138981	-0.0199903874817	-0.00933668608291	-0.0100271920284	-0.0234100985444	0.0234933944682	-0.0310214606002	-0.0241019115031	0.0783247257231	0.0176477962896	-0.0103292744324	0.0252399844903	-0.0246808205506	-0.00490249148984	0.0219421186122	0.0412939533643	3.39897476302e-05	-0.013673619676	-0.0420226836795	-0.0208917495556	0.0466566958526	0.0239752246717	-0.00463780796709	-0.0240044586953	0.0434354636129	0.04173161638	-0.0518671791502	-0.0163664449157	0.0132514191349	-0.0309717501061
k__Bacteria;p__Bacteroidetes;c__Bacteroidia;o__Bacteroidales;f__Bacteroidaceae;g__Bacteroides;s__Bacteroides_salyersiae	-0.00816530311361	0.0411741943514	0.0225087712998	-0.0602360412113	-0.0252099519226	-0.0219901853498	0.0227547116986	0.0373157596426	0.0156537001563	-0.0164565535795	-0.0156274976685	0.0164073826371	-0.00441840100315	-0.0101480184985	0.0182620767285	-0.00756857090116	-0.0247385070666	-0.00586867721004	-0.00726029304747	-0.0331462548726	1.0	-0.0289419325638	-0.0765015054686	-0.0385156835174	-0.00777690025375	0.00357570494753	0.0214278821098	-0.0691240968801	-0.0272136782235	-0.00703367035377	0.0444477373152	-0.0563760738346	0.0169583088635	-0.00704618021059	-0.0445921314842	0.00836048957335	-0.0677391885488	-0.0209345624585	0.00739210121907	-0.0853869309034	0.00450504845182	-0.0475519119027	0.0141049712075	0.0347508028011	-0.0479922305832	-0.00907881777039	0.0551613000341	0.0326200047384	0.0137906122194	0.0305016581516	-0.0030705994719	-0.0409291032209	-0.0817052239163	-0.0515218938454	-0.0297348854358	-0.0312663050466	0.0173756528328	-0.0844794769839	0.039454984473
k__Bacteria;p__Firmicutes;c__Clostridia;o__Clostridiales;f__Ruminococcaceae;g__Ruminiclostridium;s__[Eubacterium]_siraeum	-0.025343269036	-0.0238338169223	-0.0350392841885	-0.0007093268304	-0.0351971775694	-0.024010442435	0.0373975584105	0.0131610679775	0.0136052580189	0.0512165746194	-0.0778241927957	-0.0356356406267	0.00827860165788	-0.0419215448367	0.0482933553696	0.021656101859	-0.0473168281777	-0.0248456959534	-0.0445404000544	0.00116334831667	-0.0289419325638	1.0	0.0397174078028	0.0613285658284	-0.0385529229427	-0.0250826101001	-0.0012063101827	0.0709369188347	-0.0344109707848	-0.0100771160213	0.0181516326336	-0.0109487362627	-0.0269838780057	-0.0118179512622	0.0281614307777	-0.0539811628103	-0.0204586543128	-0.0172873799138	-0.00322877133016	-0.0420531120382	-0.0261746481551	-0.00187155461253	-0.00300841604524	-0.007783056116	-0.0455933639558	0.0601809388357	0.0338049861862	0.00920938582199	4.78905549797e-05	-0.00124285812745	0.00724314152196	-0.0341148236402	0.0262430419031	-0.0404091365562	-0.000115795446614	-0.0222642559692	-0.00377776290839	-0.0060720519858	-0.028896716501
k__Bacteria;p__Proteobacteria;c__Betaproteobacteria;o__Burkholderiales;f__Sutterellaceae;g__Parasutterella;s__Parasutterella_excrementihominis	-0.0219897913577	-0.0235151776504	0.0162339386918	0.0223173073446	-0.0463648500184	-0.00665766385601	0.0342549112022	-0.0603098928636	-0.0312566801081	0.0271882660203	-0.00938338823263	-0.0140483866672	0.000949279981118	-0.0734030396159	0.00714122307013	0.00737741281361	-0.0250490036261	0.0754487930107	-0.00763950183041	-0.0186826171505	-0.0765015054686	0.0397174078028	1.0	-0.00283020703768	-0.00779330823735	-0.0184659498097	0.0347692778751	-0.0889009785017	0.00924638725624	-0.037088998981	-0.0133901117264	-0.0342629327006	-0.0268898745743	-0.026313560664	0.00632164474025	0.0114066918034	0.0372287527917	-0.0383477384085	0.0273710207149	-0.0414605772295	0.0520444862045	0.0223217243662	0.0332340878927	-0.00386376378944	-0.0215993487822	-0.0206715034559	0.016311276016	-0.0228364305593	0.00886904027327	-0.0432889645907	-0.0160328659019	0.00375880947824	-0.0202334587816	-0.0241140305518	0.0453583631157	-0.000593752454614	0.00420740441393	0.0367024588215	-0.0405856543244
k__Bacteria;p__Actinobacteria;c__Actinobacteria;o__Bifidobacteriales;f__Bifidobacteriaceae;g__Bifidobacterium;s__Bifidobacterium_adolescentis	-0.00157796458564	-0.0171880148267	0.00575946524175	0.0234268557927	0.0736821503284	-0.0311345303954	-0.0106062068299	-0.0887080961421	0.0234768157127	0.0661102545152	-0.0672031751278	-0.0172970996762	-0.0177846592771	-0.0461882080823	0.0158048677636	0.0716021518994	0.03170901241	-0.0156008387889	-0.0813426540034	0.0156774222842	-0.0385156835174	0.0613285658284	-0.00283020703768	1.0	-0.018146155566	0.0109041838108	-0.0244864875095	-0.00777010566635	0.0599060667543	-0.0472799206487	0.0205712189434	0.0018510350336	0.0149541908143	0.0352868315651	-0.0141224302693	-0.0468266894378	0.0117671621325	-0.0708955318137	0.0789914157866	0.0282280957453	6.61703506019e-05	0.000191824793787	0.0686804643758	0.0152588083567	-0.0590204124669	0.000246338492579	0.00807678443139	0.0121224438962	-0.0345184569066	-0.0274960108523	0.0155525127211	0.0122776255142	0.00684381966597	0.0245142362134	-0.0441751783236	-0.0797147481086	-0.0476288292636	-0.020702611445	-0.0347485924563
k__Bacteria;p__Firmicutes;c__Clostridia;o__Clostridiales;f__Oscillospiraceae;g__Oscillibacter;s__Oscillibacter_sp._KLE_1745	0.00156566407424	-0.00105584996272	0.0167172209634	0.05084546327	0.0062277381392	0.0162304950365	-0.0762341335338	-0.0286841159917	-0.00944660459118	0.00864884546512	-0.0738681508386	-0.00896115061892	-0.0194728814463	0.0173410340243	-0.0739832941134	-0.00348384489885	-0.0245396045635	-0.0401586340416	0.0450535274859	0.0372815550053	-0.00777690025375	-0.0385529229427	-0.00779330823735	-0.018146155566	1.0	0.0138965164662	0.00966280829292	-0.0470751219463	0.0152522046609	-0.0653311428604	0.0206762878236	-0.00199592964754	-0.0427488191973	0.018744627866	-0.0528578035856	-0.00962497372682	0.0213864622435	-0.0204976803061	-0.0476506224746	0.000551071431074	0.0318021108994	-0.00781876840289	-0.0264436387865	0.00547955408789	-0.00704761640001	-0.0223671488636	-0.0572250276828	-0.0169961085144	0.00847241506944	-0.0304809994241	-0.011938632259	0.0232647444495	-0.00918238092099	0.0186759825925	0.0182348557187	0.084173607697	0.0190437116091	0.0177450208883	-0.0468286605245
k__Bacteria;p__Bacteroidetes;c__Bacteroidia;o__Bacteroidales;f__Bacteroidaceae;g__Bacteroides;s__Bacteroides_coprophilus	0.0543417693882	-0.0527524322975	0.0107291216383	-0.0743359493071	0.0922403802496	0.0224612639665	0.00435810112855	0.0152291908178	-0.0302410759799	0.00276580458108	-0.01662539668	-0.0253635437391	-0.0215789758632	-0.0531926909281	-0.0730499022944	-0.00124519551038	-0.0132607775002	0.00149774402047	-0.0344069171176	-0.0407676889851	0.00357570494753	-0.0250826101001	-0.0184659498097	0.0109041838108	0.0138965164662	1.0	-0.0688640980668	0.0109690380608	-0.00370099057501	-0.0160274968983	-0.0848556075217	-0.02309215755	-0.0350561772093	-0.0234436306159	-0.0265063295324	-0.0132867442464	0.00757278653228	-0.0347845715122	-0.0331203172532	0.0441738809431	-0.0108067916463	-0.0300772277725	-0.0497791432887	-0.0360785077624	-0.0105045071168	0.0300975519924	0.0183985817284	0.00497129951452	-0.0361685756187	0.00293782072435	-0.00903311116314	-0.00778417639972	-0.0258076993469	-0.0031882135748	-0.048037294971	-0.00722183192809	0.000468738921133	0.0175420580155	0.00377168601669
k__Bacteria;p__Firmicutes;c__Clostridia;o__Clostridiales;f__Lachnospiraceae;g__Roseburia;s__Roseburia_intestinalis	0.0292369201471	-0.0317556980252	0.00534353254939	-0.0292040549794	0.0220371566823	0.00147937028989	-0.0200282819673	0.00262572373084	0.0122873083416	0.0356713244024	0.0165549105272	0.0553382893157	-0.0294795805131	0.0161889356901	-0.00930348472588	-0.0325734383183	0.0333983346251	-0.0383893580191	-0.0308261079571	-0.00147821131542	0.0214278821098	-0.0012063101827	0.0347692778751	-0.0244864875095	0.00966280829292	-0.0688640980668	1.0	0.0092530217645	0.000256583266728	0.0187665525231	-0.0462264036332	-0.0217887136957	0.0243265945389	-0.0644307064168	-0.000668377697218	0.0278313928584	0.00571916473569	-0.020610873826	0.0386235851698	0.0361270088524	0.00703762883017	-0.0339129889919	-0.0784876562642	-0.106641738234	-0.0287494564585	-0.0553772847488	0.00789837619088	0.0614589019468	0.0231277853257	0.054522409823	0.0118936509486	-0.0145502884623	-0.00783889328142	-0.00782227965371	0.0173460221307	0.0195602245094	-0.0181075576936	0.00114068917331	0.0901497115723
k__Bacteria;p__Firmicutes;c__Clostridia;o__Clostridiales;f__Lachnospiraceae;g__Roseburia;s__Roseburia_hominis	-0.0247328746334	-0.00696396611978	-0.00667086823221	-0.00105243976296	-0.0137720101441	-0.043496223528	0.0166722495469	-0.0325732689857	-0.0109459402079	0.00334943583882	-0.042839788494	0.0135863197284	-0.11718668823	-0.0416416363539	0.073925591373	-0.00214106876419	0.019881409848	-0.0552229218831	-0.0138416405465	0.0328275644088	-0.0691240968801	0.0709369188347	-0.0889009785017	-0.00777010566635	-0.0470751219463	0.0109690380608	0.0092530217645	1.0	0.0102114826555	0.0451095138505	-0.00759031340342	0.000491559551849	0.0419537473176	0.0147374783105	0.00525909552299	-0.0413227187165	-0.0461726883401	-0.00767845621449	-0.045491689641	-0.00153194149801	-0.00335430814363	-0.014165609335	0.0689197258133	0.0331171166067	-0.0447991972974	-0.0657489696606	0.0101333745869	0.0239608174328	-0.0205747379059	-0.0391404730346	0.0217372461922	-0.00520420174831	-0.0265243608609	1.99892716408e-05	0.0120401997796	-0.010152161624	-0.0149776119989	0.0290783711797	0.0483498673961
k__Bacteria;p__Bacteroidetes;c__Bacteroidia;o__Bacteroidales;f__Porphyromonadaceae;g__Parabacteroides;s__Parabacteroides_johnsonii	0.00428253172323	0.0173263158112	-0.0560458922153	-0.0277141945938	0.00626481363117	-0.0225957934789	-0.0172954181433	-0.0418078680974	-0.0144288391561	-0.004352122201	-0.0336733846755	-0.0544659469314	-0.00847298953812	-0.00677083801381	-0.0632876141509	0.0356330476683	0.0634054430966	0.0192200512211	-0.0349401939825	-0.0480812724937	-0.0272136782235	-0.0344109707848	0.00924638725624	0.0599060667543	0.0152522046609	-0.003700990575	0.000256583266728	0.0102114826555	1.0	-0.0403782545836	-0.00768435360697	0.0395298157133	-0.00636686080861	0.0396658022242	0.0307606261534	-0.00193454587767	0.0396770633672	-0.0355250840626	0.0173262607752	0.0696654871898	-0.036498420659	-0.0566087727296	-0.0331155819869	-0.0140503455094	-0.070576536621	0.0486623247663	-0.0054881499252	-0.0227006694295	-0.0104350414681	-0.0791214794035	0.0126390861833	-0.0397012740036	-0.0620139856781	-0.00973686726672	0.0643418364877	0.00945347153032	-0.00319827076174	0.0355075025835	-0.0488853977724
k__Bacteria;p__Actinobacteria;c__Actinobacteria;o__Bifidobacteriales;f__Bifidobacteriaceae;g__Bifidobacterium;s__Bifidobacterium_longum	0.0135186559112	-0.0555030943683	-0.00824328243624	-0.00436965420995	-0.0471717414617	0.0403675728853	-0.059926039388	0.00510915867532	0.0208813560948	-0.0590750149191	0.0123364150461	-0.00954084261289	-0.0459366560082	-0.0219939207107	-0.00081621850057	0.0282460232512	-0.00606533361015	0.00775280296779	0.00116027107237	-0.0237334138981	-0.00703367035377	-0.0100771160213	-0.037088998981	-0.0472799206487	-0.0653311428604	-0.0160274968983	0.0187665525231	0.0451095138505	-0.0403782545836	1.0	-0.0111951540513	0.0219223038478	-0.00665282813978	0.00179480373271	-0.0631268881714	-0.00312415191331	0.0395579650103	-0.0339031747793	0.000555747420357	0.0171351013669	0.0470652581035	0.0468972960207	-0.0342864867699	0.0275852668347	0.0151310815788	-0.0111890403872	-0.0103320373385	-0.0447378043312	0.00313309978722	0.0320706051912	-0.0393951236602	-0.00652566058198	-0.0663683416835	0.0114462059252	-0.085849134151	0.0178207431472	-0.048098875495	-0.0629569052425	-0.00501133608222
