#taxonomy	k__Bacteria;p__Bacteroidetes;c__Bacteroidia;o__Bacteroidales;f__Bacteroidaceae;g__Bacteroides;s__Bacteroides_vulgatus	k__Bacteria;p__Bacteroidetes;c__Bacteroidia;o__Bacteroidales;f__Bacteroidaceae;g__Bacteroides;s__Bacteroides_uniformis	k__Bacteria;p__Bacteroidetes;c__Bacteroidia;o__Bacteroidales;f__Rikenellaceae;g__Alistipes;s__Alistipes_putredinis	k__Bacteria;p__Bacteroidetes;c__Bacteroidia;o__Bacteroidales;f__Prevotellaceae;g__Prevotella;s__Prevotella_copri	k__Bacteria;p__Bacteroidetes;c__Bacteroidia;o__Bacteroidales;f__Bacteroidaceae;g__Bacteroides;s__Bacteroides_stercoris	k__Bacteria;p__Bacteroidetes;c__Bacteroidia;o__Bacteroidales;f__Bacteroidaceae;g__Bacteroides;s__Bacteroides_ovatus	k__Bacteria;p__Bacteroidetes;c__Bacteroidia;o__Bacteroidales;f__Rikenellaceae;g__Alistipes;s__Alistipes_shahii	k__Bacteria;p__Firmicutes;c__Clostridia;o__Clostridiales;f__Ruminococcaceae;g__Faecalibacterium;s__Faecalibacterium_prausnitzii	k__Bacteria;p__Bacteroidetes;c__Bacteroidia;o__Bacteroidales;f__Rikenellaceae;g__Alistipes;s__Alistipes_finegoldii	k__Bacteria;p__Bacteroidetes;c__Bacteroidia;o__Bacteroidales;f__Porphyromonadaceae;g__Parabacteroides;s__Parabacteroides_distasonis	k__Bacteria;p__Bacteroidetes;c__Bacteroidia;o__Bacteroidales;f__Bacteroidaceae;g__Bacteroides;s__Bacteroides_thetaiotaomicron	k__Bacteria;p__Bacteroidetes;c__Bacteroidia;o__Bacteroidales;f__Bacteroidaceae;g__Bacteroides;s__Bacteroides_coprocola	k__Bacteria;p__Bacteroidetes;c__Bacteroidia;o__Bacteroidales;f__Bacteroidaceae;g__Bacteroides;s__Bacteroides_cellulosilyticus	k__Bacteria;p__Bacteroidetes;c__Bacteroidia;o__Bacteroidales;f__Rikenellaceae;g__Alistipes;s__Alistipes_obesi	k__Bacteria;p__Firmicutes;c__Clostridia;o__Clostridiales;f__Lachnospiraceae;g__;s__[Eubacterium]_rectale	k__Bacteria;p__Bacteroidetes;c__Bacteroidia;o__Bacteroidales;f__Bacteroidaceae;g__Bacteroides;s__Bacteroides_plebeius	k__Bacteria;p__Bacteroidetes;c__Bacteroidia;o__Bacteroidales;f__Bacteroidaceae;g__Bacteroides;s__Bacteroides_fragilis	k__Bacteria;p__Proteobacteria;c__Betaproteobacteria;o__Burkholderiales;f__Sutterellaceae;g__Sutterella;s__Sutterella_wadsworthensis	k__Bacteria;p__Bacteroidetes;c__Bacteroidia;o__Bacteroidales;f__Porphyromonadaceae;g__Barnesiella;s__Barnesiella_intestinihominis	k__Bacteria;p__Bacteroidetes;c__Bacteroidia;o__Bacteroidales;f__Odoribacteraceae;g__Odoribacter;s__Odoribacter_splanchnicus	k__Bacteria;p__Bacteroidetes;c__Bacteroidia;o__Bacteroidales;f__Bacteroidaceae;g__Bacteroides;s__Bacteroides_salyersiae	k__Bacteria;p__Firmicutes;c__Clostridia;o__Clostridiales;f__Ruminococcaceae;g__Ruminiclostridium;s__[Eubacterium]_siraeum	k__Bacteria;p__Proteobacteria;c__Betaproteobacteria;o__Burkholderiales;f__Sutterellaceae;g__Parasutterella;s__Parasutterella_excrementihominis	k__Bacteria;p__Actinobacteria;c__Actinobacteria;o__Bifidobacteriales;f__Bifidobacteriaceae;g__Bifidobacterium;s__Bifidobacterium_adolescentis	k__Bacteria;p__Firmicutes;c__Clostridia;o__Clostridiales;f__Oscillospiraceae;g__Oscillibacter;s__Oscillibacter_sp._KLE_1745	k__Bacteria;p__Bacteroidetes;c__Bacteroidia;o__Bacteroidales;f__Bacteroidaceae;g__Bacteroides;s__Bacteroides_coprophilus	k__Bacteria;p__Firmicutes;c__Clostridia;o__Clostridiales;f__Lachnospiraceae;g__Roseburia;s__Roseburia_intestinalis	k__Bacteria;p__Firmicutes;c__Clostridia;o__Clostridiales;f__Lachnospiraceae;g__Roseburia;s__Roseburia_hominis	k__Bacteria;p__Bacteroidetes;c__Bacteroidia;o__Bacteroidales;f__Porphyromonadaceae;g__Parabacteroides;s__Parabacteroides_johnsonii	k__Bacteria;p__Actinobacteria;c__Actinobacteria;o__Bifidobacteriales;f__Bifidobacteriaceae;g__Bifidobacterium;s__Bifidobacterium_longum	k__Bacteria;p__Firmicutes;c__Clostridia;o__Clostridiales;f__;g__Flavonifractor;s__Flavonifractor_plautii	k__Bacteria;p__Firmicutes;c__Clostridia;o__Clostridiales;f__Clostridiaceae;g__Clostridium;s__Clostridium_phoceensis	k__Bacteria;p__Verrucomicrobia;c__Verrucomicrobiae;o__Verrucomicrobiales;f__Akkermansiaceae;g__Akkermansia;s__Akkermansia_muciniphila	k__Bacteria;p__Bacteroidetes;c__Bacteroidia;o__Bacteroidales;f__Prevotellaceae;g__Paraprevotella;s__Paraprevotella_xylaniphila	k__Bacteria;p__Firmicutes;c__Clostridia;o__Clostridiales;f__Ruminococcaceae;g__Ruminococcus;s__Ruminococcus_callidus	k__Bacteria;p__Bacteroidetes;c__Bacteroidia;o__Bacteroidales;f__Rikenellaceae;g__Alistipes;s__Alistipes_senegalensis	k__Bacteria;p__Firmicutes;c__Clostridia;o__Clostridiales;f__Lachnospiraceae;g__Blautia;s__Blautia_sp._KLE_1732	k__Bacteria;p__Bacteroidetes;c__Bacteroidia;o__Bacteroidales;f__Bacteroidaceae;g__Bacteroides;s__Bacteroides_oleiciplenus	k__Bacteria;p__Firmicutes;c__Clostridia;o__Clostridiales;f__Ruminococcaceae;g__Ruminococcus;s__Ruminococcus_bicirculans	k__Bacteria;p__Bacteroidetes;c__Bacteroidia;o__Bacteroidales;f__Bacteroidaceae;g__Bacteroides;s__Bacteroides_fluxus	k__Bacteria;p__Bacteroidetes;c__Bacteroidia;o__Bacteroidales;f__Prevotellaceae;g__Prevotella;s__Prevotella_stercorea	k__Bacteria;p__Firmicutes;c__Clostridia;o__Clostridiales;f__Lachnospiraceae;g__Dorea;s__Dorea_longicatena	k__Bacteria;p__Firmicutes;c__Clostridia;o__Clostridiales;f__Eubacteriaceae;g__Eubacterium;s__[Eubacterium]_eligens	k__Bacteria;p__Firmicutes;c__Clostridia;o__Clostridiales;f__Ruminococcaceae;g__;s__Ruminococcaceae_bacterium_D16	k__Bacteria;p__Firmicutes;c__Clostridia;o__Clostridiales;f__Lachnospiraceae;g__Coprococcus;s__Coprococcus_comes	k__Bacteria;p__Proteobacteria;c__Gammaproteobacteria;o__Enterobacterales;f__Enterobacteriaceae;g__Escherichia;s__Escherichia_coli	k__Bacteria;p__Firmicutes;c__Clostridia;o__Clostridiales;f__Ruminococcaceae;g__Anaerotruncus;s__Anaerotruncus_colihominis	k__Bacteria;p__Firmicutes;c__Clostridia;o__Clostridiales;f__Lachnospiraceae;g__Blautia;s__Blautia_obeum	k__Bacteria;p__Bacteroidetes;c__Bacteroidia;o__Bacteroidales;f__Odoribacteraceae;g__Odoribacter;s__Odoribacter_laneus	k__Bacteria;p__Firmicutes;c__Clostridia;o__Clostridiales;f__Ruminococcaceae;g__Ruminiclostridium;s__[Clostridium]_leptum	k__Bacteria;p__Bacteroidetes;c__Bacteroidia;o__Bacteroidales;f__Porphyromonadaceae;g__Parabacteroides;s__Parabacteroides_goldsteinii	k__Bacteria;p__Firmicutes;c__Clostridia;o__Clostridiales;f__Lachnospiraceae;g__Anaerostipes;s__Anaerostipes_hadrus	k__Bacteria;p__Firmicutes;c__Clostridia;o__Clostridiales;f__Ruminococcaceae;g__Ruminococcus;s__Ruminococcus_lactaris	k__Bacteria;p__Firmicutes;c__Clostridia;o__Clostridiales;f__Clostridiaceae;g__Clostridium;s__Clostridium_sp._L2-50	k__Bacteria;p__Firmicutes;c__Clostridia;o__Clostridiales;f__Clostridiaceae;g__Clostridium;s__Clostridium_sp._M62/1	k__Bacteria;p__Firmicutes;c__Clostridia;o__Clostridiales;f__;g__Intestinimonas;s__Intestinimonas_butyriciproducens	k__Bacteria;p__Actinobacteria;c__Actinobacteria;o__Bifidobacteriales;f__Bifidobacteriaceae;g__Bifidobacterium;s__Bifidobacterium_bifidum	k__Bacteria;p__Firmicutes;c__Negativicutes;o__Veillonellales;f__Veillonellaceae;g__Dialister;s__Dialister_invisus	k__Bacteria;p__Bacteroidetes;c__Bacteroidia;o__Bacteroidales;f__Bacteroidaceae;g__Bacteroides;s__Bacteroides_salanitronis
k__Bacteria;p__Bacteroidetes;c__Bacteroidia;o__Bacteroidales;f__Bacteroidaceae;g__Bacteroides;s__Bacteroides_vulgatus	1.0	0.00962127753182	-0.0235664582169	-0.00216681939059	0.0657033787838	-0.0176954619225	0.00965495768176	-0.00218132875504	-0.0433148605381	-0.0756213335708	0.0231524461384	-0.0146486421019	-0.000124668366209	0.103655771839	-0.00925240693836	-0.0223712308134	-0.0582412205243	0.00201467676332	-0.0316659059263	0.00129567778601	-0.0194519011213	0.0307134866407	-0.00859442197607	-0.0311306157485	-0.0219800797476	-0.0262152500887	-0.0658702378354	-0.0373633446643	0.0411869403383	0.00808026073234	-0.0371710948207	0.0430623552257	-0.0767925765198	0.0720829172971	0.0581190849181	0.011184953945	-0.0455461071884	-0.0116811959436	0.0703030443471	-0.0307633705569	-0.0225291689843	-6.6565850961e-06	-0.0307600223343	-0.0285554982667	0.05576439433	-0.00998669396711	-0.0825242372615	0.0270877807642	0.032319447381	-0.00134770790428	-0.0644564620959	0.00509284358289	-0.0615507775198	0.052794627749	-0.116899083873	-0.0116328776059	-0.0372408560743	-0.014903332145	-0.0276633599835
k__Bacteria;p__Bacteroidetes;c__Bacteroidia;o__Bacteroidales;f__Bacteroidaceae;g__Bacteroides;s__Bacteroides_uniformis	0.00962127753182	1.0	-0.0418752103646	-0.00959539040484	0.00478451888774	-0.0401493373011	0.0201057166035	-0.0380427567989	-0.0497839305693	-0.0060777980599	-0.0334254504077	0.0192048063861	-0.0483106424604	-0.0113922377871	-0.0329316740288	0.00456762769063	0.0039592614186	0.00468749540549	0.0219790278943	-0.0145029843068	0.0201849894497	-0.0302674976971	0.0010915527724	-0.0177867858226	-0.0479603642061	-0.0187366220392	-0.0377632826123	0.0231341634799	-0.00904593123332	-0.0066081525089	0.0191958106397	0.0432888737326	-0.0528140569264	-9.41682609468e-05	-0.0197963020893	-0.0345672106778	0.0277067409092	0.00319575485883	-0.00371309650137	-0.0519088651046	-0.0543519030071	0.015258905267	0.0174526407063	0.0669347304577	0.00354913908139	0.0136623652566	-0.00813107307865	0.00508251119195	0.0151125730763	-0.0742418523689	0.0308761695674	0.0201881744634	-0.00604568905018	-0.0248418283857	-0.0130345801296	-0.0344686529255	0.0396903728465	-0.0889457753949	-0.0410554913885
k__Bacteria;p__Bacteroidetes;c__Bacteroidia;o__Bacteroidales;f__Rikenellaceae;g__Alistipes;s__Alistipes_putredinis	-0.0235664582169	-0.0418752103646	1.0	0.0153449651442	-0.00631791367091	-0.0404529535979	-0.119114116879	-0.0279060351372	-0.0195103983242	-0.0101823787652	0.00336564423025	-0.056640021643	-0.0039876502363	0.0040057802442	-0.0511107684035	-0.0408395699689	0.0510489897296	-0.0344193249112	-0.0330956878301	0.0503442627534	-0.00480314184324	0.0727404620769	-0.00865849326364	0.0236843983872	-0.0743881521626	-0.0496297430502	-0.00726532217556	0.0281182291558	0.0102426948856	-0.00941086670724	0.0251438740719	-0.0554052337291	0.0166514791372	0.00228318365976	0.0540618368137	-0.0308441449151	-0.0449481257677	-0.0324384234006	-0.0296207144281	0.0120538409498	0.00515625854655	-0.0218741403268	-0.0826396951383	-0.0463149538256	0.0875436881364	-0.00469314860006	0.079884884731	0.0300970807211	-0.0456423844628	0.0890988245557	-0.0416156617247	-0.0509444606791	0.0509601649259	-0.0417804831395	0.0767277074857	-0.0471268445138	-0.0903128303822	0.0405469489609	0.0150432687532
k__Bacteria;p__Bacteroidetes;c__Bacteroidia;o__Bacteroidales;f__Prevotellaceae;g__Prevotella;s__Prevotella_copri	-0.00216681939059	-0.00959539040484	0.0153449651442	1.0	0.0133543415379	-0.0323559331148	0.00790795710642	0.0271840671395	-0.00499283117895	-0.0606448873808	-0.0458986835699	-0.030719101336	0.0165246166521	0.0179504303244	-0.00417843611942	-0.0425919881711	-0.0314184448085	0.0407724215635	-0.0369722982894	0.0541688904667	0.014210207883	0.0385116579876	-0.0493587535165	-0.0482380640483	0.032914165461	0.00918621417796	-0.0117952419147	-0.0236587205517	-0.0619348624875	0.0383559383502	0.0305263218928	-0.0285780442503	0.045589022229	0.0587021121703	-0.0540027212324	-0.0477614714163	0.0146334981689	-0.00125148913146	-0.0426820621458	-0.0610744745655	-0.0117053055445	-0.00962907714583	0.0198125456605	0.0350336600687	0.0503096386019	-0.0428546895138	0.0428234956264	-0.0248313732427	-0.0421811879986	0.0150008360387	0.0151122955089	0.0239787962163	-0.0007596788191	-0.0216140434862	-0.0256114952089	0.0104511021189	0.0279879436329	-0.0236171252784	-0.0131711791039
k__Bacteria;p__Bacteroidetes;c__Bacteroidia;o__Bacteroidales;f__Bacteroidaceae;g__Bacteroides;s__Bacteroides_stercoris	0.0657033787838	0.00478451888774	-0.00631791367091	0.0133543415379	1.0	-0.00646109157126	-0.00199153582338	-0.00747074415229	-0.00828109865731	0.0245261663629	-0.0387231974925	0.0133087838185	-0.00456795090402	-0.056252084563	0.00292058038005	-0.0337917972841	-0.0482560618058	-0.0340396527321	-0.0148558192011	0.0126778925102	-0.0113635024216	-0.055242467551	-0.00933248291561	-0.0660822110755	-0.0357765805543	-0.00345283318993	0.0308615146451	0.0382973970934	-0.0125203122269	0.0195710606879	-0.0194948519148	0.0339378994652	-0.00339091217858	-0.0207603282875	0.00353804601715	-0.030919504035	-0.0910524256865	-0.022012493323	-0.0690901601642	0.00416667110251	-0.0665340528701	0.00689956815219	-0.0379117943641	0.0167513884036	0.009264983828	0.000828452943842	-0.0364251877188	0.0313649419743	0.0631302038507	-0.0663535806453	0.0240805200432	0.0825812633254	-0.0367679854959	-0.0168314574749	0.00137329519099	-0.0130735497637	0.0296102780448	-0.0185153626326	-0.0374098846289
k__Bacteria;p__Bacteroidetes;c__Bacteroidia;o__Bacteroidales;f__Bacteroidaceae;g__Bacteroides;s__Bacteroides_ovatus	-0.0176954619225	-0.0401493373011	-0.0404529535979	-0.0323559331148	-0.00646109157126	1.0	-0.0320725448151	-0.0235549887405	0.00161710610081	-0.0482793030351	0.0073387892053	-0.0337116073961	-0.0209466242087	0.0274146121401	-0.0110879108872	0.053312012243	0.0409194327883	-0.0181054659903	-0.0107612058354	-0.0408238297086	-0.0914535919308	0.00188130473095	-0.0105488293294	-0.00256117263614	0.0385850458843	0.0398224297361	0.0195942880744	-0.00321250615666	0.0115413227142	0.000896458492472	-0.00474856070077	-0.038001231348	-0.0264173865948	0.00345979859577	-0.0141775409876	0.0665201239092	0.0412194893499	0.0396744803303	-0.038877009649	-0.0145490268696	-0.0584036717688	-0.0141436457717	-0.019201676571	0.0250377183509	0.011854817555	-0.0461994242282	0.0132513335112	0.0270947603268	0.0454172215333	0.0232563340202	-0.00579680063618	0.00129873818247	-0.0442299328456	0.0415592103556	-0.0527553546384	-0.0169165357919	0.0329951286164	0.0254358026409	-0.016531238689
k__Bacteria;p__Bacteroidetes;c__Bacteroidia;o__Bacteroidales;f__Rikenellaceae;g__Alistipes;s__Alistipes_shahii	0.00965495768176	0.0201057166035	-0.119114116879	0.00790795710642	-0.00199153582338	-0.0320725448151	1.0	0.032390740381	-0.0868153047767	0.00301834271959	-0.0458196742252	-0.0613859137298	-0.00623354186728	-0.0326061331342	0.0462994217801	0.00753986709237	-0.013463026859	-0.0275289641275	0.0449438003208	-0.0338226699041	-0.0308064313077	-0.0372427198372	0.0394449492496	0.0237062113716	0.0453827751627	-0.0266094040613	-0.0266861390874	-0.0327522998324	0.0027308750646	-0.0226797697561	-0.0425980577014	-0.0057951246779	-0.0194650687193	-0.0249286192877	0.0201283494392	-0.00383532411869	-0.0233612446402	-0.00734016265111	-0.0611396811979	0.0350260706408	0.00608380121204	0.00595094921562	-0.0131438986828	-0.00553581960512	0.00388791440031	0.00760040729705	-0.0166206438207	-0.0103505860309	-0.0312232004989	-0.00881030996866	0.061611586548	0.0304243657411	-0.0202302332228	-0.0217467073718	-0.00293605644031	0.0201496850111	0.00333524307466	0.000659319049673	-0.0161235733642
k__Bacteria;p__Firmicutes;c__Clostridia;o__Clostridiales;f__Ruminococcaceae;g__Faecalibacterium;s__Faecalibacterium_prausnitzii	-0.00218132875504	-0.0380427567989	-0.0279060351372	0.0271840671395	-0.00747074415229	-0.0235549887405	0.032390740381	1.0	-0.0901970917774	0.0194466963846	-0.0326089299614	-0.10154737067	-0.0186346888442	-0.0307332435978	0.015690715635	-0.0103012738502	-0.0378051580202	-0.0102668879525	-0.0318143505022	-0.00583654927323	0.0251063979225	-0.0429463215803	0.0178779527771	0.0206380500376	0.0306076514412	-0.00338223351689	-0.0374207550132	0.0203610237534	-0.0294079355538	-0.00824758471575	-0.0720630986394	0.0501047369473	-0.000333304578045	0.0131939015411	0.0461069227362	0.0146505492356	0.0135041015251	0.0391769882116	-0.0371521213011	0.0168442361215	0.0236255040464	0.027711585925	-0.0888622837603	0.0304552319888	-0.0647772506759	-0.070589164307	0.0359889407265	0.00754688908025	-0.0287154051428	-0.00404097490414	0.0116640465314	0.036408002769	-0.00368923806754	-0.0558568965408	-0.0551932237328	-0.014484354157	0.000593494781926	0.0239578036266	0.00293587673267
k__Bacteria;p__Bacteroidetes;c__Bacteroidia;o__Bacteroidales;f__Rikenellaceae;g__Alistipes;s__Alistipes_finegoldii	-0.0433148605381	-0.0497839305693	-0.0195103983242	-0.00499283117895	-0.00828109865731	0.00161710610081	-0.0868153047767	-0.0901970917774	1.0	-0.0524993896985	-0.0395768225974	-0.0020957116247	0.0377793594296	-0.0354277972583	-0.013257765812	0.0298393919919	-0.0483022949355	0.0246786535605	-0.0196693881909	0.00943154600485	0.0462493372288	-0.00212412672361	0.00790318688307	-0.0450881678646	0.000328655104123	-0.0295687241703	0.0585706454777	0.0221554065076	-0.00602088485661	-0.0714928121543	-0.0242536970253	-0.0219084568333	0.0367717802987	-0.0180082136234	-0.0993599135981	0.0437258596115	-0.0177154843458	0.0097167212802	0.0509700216299	0.0530120964914	0.00087014648272	0.011582727465	-0.0218164537007	-0.0242777444976	0.0909852496223	-0.00129118966649	-0.0345756281444	-0.0119736558002	0.0249995893618	-0.0815279332391	0.00513813208196	-0.0175136513143	-0.0062876915889	-0.00119037147667	0.0260572480351	0.0301615102938	0.0458300830047	-0.0131578024	0.0256575046098
k__Bacteria;p__Bacteroidetes;c__Bacteroidia;o__Bacteroidales;f__Porphyromonadaceae;g__Parabacteroides;s__Parabacteroides_distasonis	-0.0756213335708	-0.0060777980599	-0.0101823787652	-0.0606448873808	0.0245261663629	-0.0482793030351	0.00301834271959	0.0194466963846	-0.0524993896985	1.0	0.0283648412747	-0.0116874903284	-0.00980264129801	0.000995187393521	-0.00116578541823	-0.0416159663417	0.034305700521	-0.000401252520128	0.0360132146838	-0.0338268986499	0.00554055639001	-0.0301447852052	-0.0413386675027	-0.0377392567135	-0.0209467586344	0.00453343537056	-0.00889278271392	0.00258953049954	0.021036545474	-0.0263127906948	0.0580853313851	0.0224717200891	0.00740041153404	-0.00920616645671	0.0365338869422	0.0235204001241	-0.0080922515994	-0.0747015264884	0.062617867858	-0.0445748671535	0.037199188894	0.0351266987291	0.0299346972866	0.0580024284686	-0.0161419561891	0.00283044869252	0.0204883104337	-0.0246299110594	0.00326699481483	-0.00989657362062	-0.0302985016546	-0.0326424302043	0.0160562666413	-0.0591251624772	0.0265668892007	-0.0636593177688	-0.00645679295392	0.0311922122868	-0.0271813412158
k__Bacteria;p__Bacteroidetes;c__Bacteroidia;o__Bacteroidales;f__Bacteroidaceae;g__Bacteroides;s__Bacteroides_thetaiotaomicron	0.0231524461384	-0.0334254504077	0.00336564423025	-0.0458986835699	-0.0387231974925	0.0073387892053	-0.0458196742252	-0.0326089299614	-0.0395768225974	0.0283648412747	1.0	-0.081711537808	-0.00243572346883	0.0345022875356	-0.0653415004227	0.0154761893924	0.00207441965168	0.0250214814204	-0.0541999201373	-0.030344720861	-0.0657633180711	-0.00292542494474	0.00391205272116	0.0367739702531	0.0218122801754	-0.0836324714257	0.00983882969064	-0.00101830976697	-0.0132595324	0.0465623109959	-0.00393758061166	-0.0109112165767	-0.0297683706113	0.0113748327827	0.0149218747681	-0.00901118563882	-0.000713912566722	-0.0307101543752	0.0341589979373	0.023643905762	0.00192253043579	-0.0765493415277	-0.0285413141647	-0.0408858558852	0.0156783967339	-0.00202386685593	0.0950309558718	0.00171736959143	-0.046148610881	0.042790256219	-0.012222095469	0.0146437524632	-0.0274271204938	-0.0399691751084	-0.0351081395237	0.0257290331557	0.0467658233947	-0.0262511087688	-0.00755800268405
k__Bacteria;p__Bacteroidetes;c__Bacteroidia;o__Bacteroidales;f__Bacteroidaceae;g__Bacteroides;s__Bacteroides_coprocola	-0.0146486421019	0.0192048063861	-0.056640021643	-0.030719101336	0.0133087838185	-0.0337116073961	-0.0613859137298	-0.10154737067	-0.0020957116247	-0.0116874903284	-0.081711537808	1.0	0.0465131248114	0.0125918411143	0.0193008532155	-0.115532052529	-0.0248838205771	0.00272289100771	0.0141889510385	-0.0199495575562	-0.0101568581524	-0.00450626854345	-0.0351678851697	0.00116764765194	-0.0404866181787	0.000443247022285	0.0166495574976	-0.00072466006482	-0.00575633197195	0.0233820592059	0.00764374797982	-0.0158244169536	0.0229965873843	-0.0215971702163	0.0422416378096	-0.0700761011192	-0.0297953412507	-0.0128636153305	0.0138463043204	-0.03357004657	0.0204782369571	-0.0132888536631	0.0440612541641	0.0152001661363	0.0211308860752	0.0137943675378	0.0173548765938	0.0302125078497	-0.00998167561788	-0.0490208981054	-0.0245710168432	0.02053242627	0.011254076534	0.0177866288549	0.0132144267589	0.0168387972929	0.0282013799235	-0.064452216506	-0.0194328953311
k__Bacteria;p__Bacteroidetes;c__Bacteroidia;o__Bacteroidales;f__Bacteroidaceae;g__Bacteroides;s__Bacteroides_cellulosilyticus	-0.000124668366209	-0.0483106424604	-0.0039876502363	0.0165246166521	-0.00456795090402	-0.0209466242087	-0.00623354186728	-0.0186346888442	0.0377793594296	-0.00980264129801	-0.00243572346883	0.0465131248114	1.0	-0.0299462139721	0.0160377730469	-0.0477144768686	-0.00597647494678	-0.0115209896937	0.0228331402716	0.0370864564967	-0.0351099145354	0.0400486443949	-0.0553444759361	-0.0696120556799	0.00774170868266	-0.00458430943168	-0.0271974728345	-0.00573405099245	-0.0758490727569	0.0159165858561	0.0366093093238	-0.0377893530192	-0.00167169457546	0.0316839022209	-0.00962853134074	-0.0585603712953	0.0361059149936	-0.014342552874	0.0184457022673	-0.00840143762294	0.0434417962123	-0.0123795390074	0.0107087742649	-0.0249279418627	-0.0289618025349	-0.0108687593143	-0.0161491567585	-0.0474796732624	0.0218867686408	0.0606847957457	-0.0143589536024	-0.00161747690362	0.00729269657992	0.00453991445878	-0.0150004705406	-0.037078212392	0.0652964240444	-0.03201425102	-0.00938161368691
k__Bacteria;p__Bacteroidetes;c__Bacteroidia;o__Bacteroidales;f__Rikenellaceae;g__Alistipes;s__Alistipes_obesi	0.103655771839	-0.0113922377871	0.0040057802442	0.0179504303244	-0.056252084563	0.0274146121401	-0.0326061331342	-0.0307332435978	-0.0354277972583	0.000995187393521	0.0345022875356	0.0125918411143	-0.0299462139721	1.0	0.0485857971766	-0.0791960725799	-0.0440469595381	0.00165458625337	0.0271025080413	0.024514683216	-0.0700436022133	0.0117452512392	-0.00933476942361	-0.0454225112954	-0.0370908444031	0.00280441668328	-0.0218829868179	-0.0680720064473	-0.0395972868228	0.0731107421928	-0.029595978832	-0.00448279299564	-0.015205820422	0.00381086254739	-0.0367307206981	-0.0539778125176	0.00560687628369	-0.0253069513575	0.0273226949127	-0.000652312198365	0.0229642114184	-0.0536941392583	0.0146683147326	0.001558191512	0.0637806851844	-0.00847343379417	0.0684706189361	0.0487018802625	-0.0331497280951	0.00163202617903	0.0100630291746	-0.026591035374	-0.0129858228091	-0.0672708230675	-0.035387381406	0.0578819595397	-0.0188062492828	-0.0224803249537	-0.0396425982915
k__Bacteria;p__Firmicutes;c__Clostridia;o__Clostridiales;f__Lachnospiraceae;g__;s__[Eubacterium]_rectale	-0.00925240693836	-0.0329316740288	-0.0511107684035	-0.00417843611942	0.00292058038005	-0.0110879108872	0.0462994217801	0.015690715635	-0.013257765812	-0.00116578541823	-0.0653415004227	0.0193008532155	0.0160377730469	0.0485857971766	1.0	-0.0272979816672	-0.0385157984876	0.0241054043966	-0.0387678770164	0.0377037271507	-0.0595772329643	0.0453495520066	0.0110245584029	-0.0123518700283	0.027820263632	-0.0527824175147	-0.0124174730518	-0.0275847184127	-0.0272181623208	-0.050734956478	0.023458496646	-0.0369627978239	-0.0508628454222	0.00479257846276	-0.0240777679999	0.00260221169114	0.0342338431387	0.0197774186366	0.0344494238351	-0.0304072741285	-0.0149456152976	-0.0306868033812	0.0101792460434	0.0240464229142	-0.0234474093779	0.0161667500084	-0.0398443178403	-0.0171305722553	0.00688328330756	0.0326678417668	-0.00812616400903	-0.00944542126151	-0.0113814525579	0.0121545794464	-0.0424586869717	-0.00475338493487	0.0388396460955	0.0305093902132	0.0201516367764
k__Bacteria;p__Bacteroidetes;c__Bacteroidia;o__Bacteroidales;f__Bacteroidaceae;g__Bacteroides;s__Bacteroides_plebeius	-0.0223712308134	0.00456762769063	-0.0408395699689	-0.0425919881711	-0.0337917972841	0.053312012243	0.00753986709237	-0.0103012738502	0.0298393919919	-0.0416159663417	0.0154761893924	-0.115532052529	-0.0477144768686	-0.0791960725799	-0.0272979816672	1.0	0.00627799599522	-0.069156993545	-0.0628131497664	-0.0334345010422	0.0312374099532	-0.0186509602813	0.00575845303391	0.00157563958445	-0.0108886528512	0.00493951796556	-0.0222399709507	-0.0494941371933	-0.0883779903376	-0.0116556940092	0.0207123862145	-0.00534298923425	-0.0104170368452	0.0403876926298	-0.0136245887253	0.0250397749812	-0.000208281396032	-0.0145813844305	-0.0247126967519	-0.0278688100848	-0.00728669588185	-0.0027238616267	-0.0782438000664	-0.0234090594383	0.041876988785	0.0326754028963	0.0445790697708	0.0236735545258	0.0288426547193	-0.00915626093667	0.0114379198326	0.00490039925524	0.00616607346682	0.0411328943631	-0.00435493213293	-0.0143947536344	0.0573969317196	-0.00558261326447	0.029698376409
k__Bacteria;p__Bacteroidetes;c__Bacteroidia;o__Bacteroidales;f__Bacteroidaceae;g__Bacteroides;s__Bacteroides_fragilis	-0.0582412205243	0.0039592614186	0.0510489897296	-0.0314184448085	-0.0482560618058	0.0409194327883	-0.013463026859	-0.0378051580202	-0.0483022949355	0.034305700521	0.00207441965168	-0.0248838205771	-0.00597647494678	-0.0440469595381	-0.0385157984876	0.00627799599522	1.0	-0.0365495822295	-0.00768198517806	-0.026108226938	-0.0101662416368	0.0206026089682	-0.0123636603201	-0.0203943023312	-0.0134564438563	-0.0263626038208	-0.0241736347526	0.00671205643754	0.0486277420488	0.0348101855753	0.0290294711943	0.0116449122509	0.0367039708718	-0.0445301568943	0.00461140517514	-0.0067240648713	-0.00467475896166	0.0104867607872	-0.0236728077976	0.018638449873	-0.0231388999023	0.00216149613682	0.0382091139519	-0.0163466896514	-0.0337762262722	-0.0502429966408	-0.0209717961291	-0.0193585470857	-0.0714721383955	0.0564968192857	-0.00322586272829	0.00383340934302	0.051851224248	0.0281913201582	-0.089966760227	0.0229684611326	-0.010037893679	0.0655358304837	0.111163800401
k__Bacteria;p__Proteobacteria;c__Betaproteobacteria;o__Burkholderiales;f__Sutterellaceae;g__Sutterella;s__Sutterella_wadsworthensis	0.00201467676332	0.00468749540549	-0.0344193249112	0.0407724215635	-0.0340396527321	-0.0181054659903	-0.0275289641275	-0.0102668879525	0.0246786535605	-0.000401252520128	0.0250214814204	0.00272289100771	-0.0115209896937	0.00165458625337	0.0241054043966	-0.069156993545	-0.0365495822295	1.0	0.0509090067575	-0.0701624613332	0.0202628505728	0.0253750856875	0.0576978181724	-0.00767152600839	-0.043941908962	0.00635920253455	-0.02943176632	0.0359099355745	0.038679008691	-0.00856355496529	0.0221112625004	-0.121039688931	0.0152180607059	-0.0109611807861	-0.0246079781174	-0.0110990785142	0.0102481740898	0.0106895359076	0.0162756266471	0.00244736973528	-0.0239222787613	-0.0123264470361	0.00278819588959	-0.0209754437109	0.0177341850314	-0.0205879237787	-0.0861201015082	0.00710709539857	0.0484166066768	-0.00550762849949	-0.00190866056139	-0.0604778264688	-0.00687347140113	0.126473212804	-0.0407918948073	0.00852570630339	-0.030452439928	0.00570926684816	-0.0425846143808
k__Bacteria;p__Bacteroidetes;c__Bacteroidia;o__Bacteroidales;f__Porphyromonadaceae;g__Barnesiella;s__Barnesiella_intestinihominis	-0.0316659059263	0.0219790278943	-0.0330956878301	-0.0369722982894	-0.0148558192011	-0.0107612058354	0.0449438003208	-0.0318143505022	-0.0196693881909	0.0360132146838	-0.0541999201373	0.0141889510385	0.0228331402716	0.0271025080413	-0.0387678770164	-0.0628131497664	-0.00768198517806	0.0509090067575	1.0	-0.0228278091743	0.0475489724618	-0.0184089416632	0.00271838726997	-0.0663155089873	-0.0256131492161	-0.0304591380524	0.0387667234322	0.0631344037994	-0.0532507696337	-0.028405003036	0.060203913782	-0.0505425473167	0.118915115266	-0.00511340581882	0.0142409015217	-0.0466773655068	0.016165119854	0.0299212244293	-0.017728959339	0.0494645892756	-0.0234667460464	-0.0182778421877	0.0117230268119	-0.00505462942954	-0.00883860746932	-0.0129996937302	-0.00903662556461	-0.00799720121389	-0.0478460696679	0.0205457259028	-0.0593521168007	-0.0417562324241	0.0116020421757	-0.0229341614668	-0.00592760900636	-0.0256386166491	-0.0128946012281	-0.0152836041599	-0.0418162314353
k__Bacteria;p__Bacteroidetes;c__Bacteroidia;o__Bacteroidales;f__Odoribacteraceae;g__Odoribacter;s__Odoribacter_splanchnicus	0.00129567778601	-0.0145029843068	0.0503442627534	0.0541688904667	0.0126778925102	-0.0408238297086	-0.0338226699041	-0.00583654927323	0.00943154600485	-0.0338268986499	-0.030344720861	-0.0199495575562	0.0370864564967	0.024514683216	0.0377037271507	-0.0334345010422	-0.026108226938	-0.0701624613332	-0.0228278091743	1.0	0.041410742517	0.00776004789732	0.000163917571687	-0.029074377686	-0.0124754480431	0.0152538343266	-0.00672910247942	0.0245811911156	0.00100031945086	0.0243468345833	0.0339527148686	0.0104765678796	-0.00396752079996	-0.0670360934478	0.0251127195086	-0.0423067883209	0.0258550561204	-0.00895085159953	0.0177391931694	-0.00497584635358	-0.0330411753913	-0.0265134142418	-0.0333324659873	-0.031189475547	0.0166288320115	0.00510710117903	-0.0365310253136	-0.0353432940819	-0.0252941087004	-0.00857321893916	0.0235765652744	-0.000771324605165	-0.0049159213222	0.0147648670832	-0.0506021766039	0.0739358089015	-0.0600479692886	-0.046062261445	0.0257727269293
k__Bacteria;p__Bacteroidetes;c__Bacteroidia;o__Bacteroidales;f__Bacteroidaceae;g__Bacteroides;s__Bacteroides_salyersiae	-0.0194519011213	0.0201849894497	-0.00480314184324	0.014210207883	-0.0113635024216	-0.0914535919308	-0.0308064313077	0.0251063979225	0.0462493372288	0.00554055639001	-0.0657633180711	-0.0101568581524	-0.0351099145354	-0.0700436022133	-0.0595772329643	0.0312374099532	-0.0101662416368	0.0202628505728	0.0475489724618	0.041410742517	1.0	-0.0322108813893	-0.00839860722071	0.00463326613401	0.00601072380636	-0.0494917943381	0.0266007297621	-0.0165690133748	-0.0285532859145	-0.00299872033933	-0.0318995574388	-0.0179951254771	0.00152875559318	0.056965774693	0.000136873698299	0.013598460636	-0.0069542151107	-0.0167022638688	0.0437700197158	-0.0248462472329	0.0311287597569	0.00494037925475	-0.0100124832467	0.00140127277552	-0.0125214058927	-0.0067382326984	0.00778434003617	0.0689115497115	0.0260064453135	-0.0271501759902	-0.0407717379068	-0.00362223490513	-0.0174786967612	-0.038816926703	0.0194236823841	0.0217422335493	-0.0482443304088	-0.0838846510626	0.0122507356413
k__Bacteria;p__Firmicutes;c__Clostridia;o__Clostridiales;f__Ruminococcaceae;g__Ruminiclostridium;s__[Eubacterium]_siraeum	0.0307134866407	-0.0302674976971	0.0727404620769	0.0385116579876	-0.055242467551	0.00188130473095	-0.0372427198372	-0.0429463215803	-0.00212412672361	-0.0301447852052	-0.00292542494474	-0.00450626854345	0.0400486443949	0.0117452512392	0.0453495520066	-0.0186509602813	0.0206026089682	0.0253750856875	-0.0184089416632	0.00776004789732	-0.0322108813893	1.0	-0.00678704966087	-0.0246427089614	-0.0543223994499	-0.00980082068497	-0.0304771853571	0.0234361828072	-0.0771520882402	-0.0190541737188	0.0631671689564	-0.00948713005985	-0.0719454798255	-0.0249702754253	-0.00981948954492	-0.00320707898792	-0.0138529799729	-0.0535297282163	-0.0272759746632	-0.0224463422486	-0.00634978782955	-0.0500591200982	-0.0281888809253	-0.062320410153	-0.000780316054631	-0.0332788942736	0.00162773852332	0.0184455675184	0.0199390218848	0.031523132856	-0.0384176330793	-0.00528433550552	0.0430767898391	0.0366401912678	0.00603797934404	-0.026698780379	-0.0435438310982	0.000662851477634	-0.047767031118
k__Bacteria;p__Proteobacteria;c__Betaproteobacteria;o__Burkholderiales;f__Sutterellaceae;g__Parasutterella;s__Parasutterella_excrementihominis	-0.00859442197607	0.0010915527724	-0.00865849326364	-0.0493587535165	-0.00933248291561	-0.0105488293294	0.0394449492496	0.0178779527771	0.00790318688307	-0.0413386675027	0.00391205272116	-0.0351678851697	-0.0553444759361	-0.00933476942361	0.0110245584029	0.00575845303391	-0.0123636603201	0.0576978181724	0.00271838726997	0.000163917571687	-0.00839860722071	-0.00678704966087	1.0	-0.00174386013807	-0.0459367006124	0.0113413227179	-0.0470687608877	-0.0686584786747	0.0382126327238	0.0600123535211	-0.0121397444429	-0.0644065971566	0.0196152085145	-0.0580302128232	0.0109035607913	0.0226375892837	0.00499350601198	0.00162176932075	-0.0340998574725	0.0137395814264	0.0465360913089	-0.0479559521833	-0.0149572409497	-0.0125734274078	0.0101541094411	-0.0176429644858	0.0591872602531	-0.0300517497208	-0.0108342356435	0.00276901159594	0.0278806198601	0.052712995741	0.0410054203539	0.0305779559075	0.0260920344289	-0.053790184954	-0.0283875896865	-0.0443633231419	0.0140998311692
k__Bacteria;p__Actinobacteria;c__Actinobacteria;o__Bifidobacteriales;f__Bifidobacteriaceae;g__Bifidobacterium;s__Bifidobacterium_adolescentis	-0.0311306157485	-0.0177867858226	0.0236843983872	-0.0482380640483	-0.0660822110755	-0.00256117263614	0.0237062113716	0.0206380500376	-0.0450881678646	-0.0377392567135	0.0367739702531	0.00116764765194	-0.0696120556799	-0.0454225112954	-0.0123518700283	0.00157563958445	-0.0203943023312	-0.00767152600839	-0.0663155089873	-0.029074377686	0.004633266134	-0.0246427089614	-0.00174386013807	1.0	0.0238705214582	-0.0364466376168	-0.0566858579071	-0.0112365601055	0.0234901989296	-0.101203023922	-0.0430232363388	0.0170034870443	0.00139348948161	-0.0658234369398	0.0549814298348	-0.0308705928736	0.0403687147012	-0.0710085601678	-0.0334214354908	-0.00727341157721	0.0767929255886	0.00969793471396	-0.0395425683051	0.00460654202083	0.0317622638729	0.0199581880393	0.012260445216	0.00269866729954	-0.0400139531262	-0.0169433494406	-0.0264640655824	-0.0345803120532	-0.00107918509862	-0.00520886394886	0.0163004967032	-0.0234871907792	-0.00598276663396	0.0102171820564	0.0720528935203
k__Bacteria;p__Firmicutes;c__Clostridia;o__Clostridiales;f__Oscillospiraceae;g__Oscillibacter;s__Oscillibacter_sp._KLE_1745	-0.0219800797476	-0.0479603642061	-0.0743881521626	0.032914165461	-0.0357765805543	0.0385850458843	0.0453827751627	0.0306076514412	0.000328655104123	-0.0209467586344	0.0218122801754	-0.0404866181787	0.00774170868266	-0.0370908444031	0.027820263632	-0.0108886528512	-0.0134564438563	-0.043941908962	-0.0256131492161	-0.0124754480431	0.00601072380636	-0.0543223994499	-0.0459367006124	0.0238705214582	1.0	-0.0151574992495	0.0530719566281	0.00717035296925	-0.0247813597133	0.0680992682383	-0.0740939074952	0.0486788374193	-0.0027978022455	0.0231553745841	-0.0177804561952	-0.0120060965952	0.00387734113748	0.0347645668361	-0.00434687273528	0.0245735489411	-0.0290591740339	-0.032178502856	0.0272185996455	-0.0442264501069	-0.033937457007	-0.0128407320455	0.0121566943435	-0.0150924008926	0.0287326348872	0.00327028443047	-0.0371076146521	-0.0158614670898	-0.0423313035916	0.0392457563939	0.0471559123909	0.0327987760969	-0.0229843903042	0.0205058724791	0.000641626025822
k__Bacteria;p__Bacteroidetes;c__Bacteroidia;o__Bacteroidales;f__Bacteroidaceae;g__Bacteroides;s__Bacteroides_coprophilus	-0.0262152500887	-0.0187366220392	-0.0496297430502	0.00918621417796	-0.00345283318993	0.0398224297361	-0.0266094040613	-0.00338223351689	-0.0295687241703	0.00453343537056	-0.0836324714257	0.000443247022285	-0.00458430943168	0.00280441668328	-0.0527824175147	0.00493951796556	-0.0263626038208	0.00635920253455	-0.0304591380524	0.0152538343266	-0.0494917943381	-0.00980082068497	0.0113413227179	-0.0364466376168	-0.0151574992495	1.0	0.0284131979464	-0.0594461859508	0.0100264826475	-0.0432368464282	0.0402565880503	-0.0051451532667	-0.100315094577	0.0018146853258	0.0163614849041	-0.0283100870549	-0.0234555419886	0.0727328440256	-0.0564030878242	0.0132503463767	-0.0118594090571	0.0108500667295	-0.00973056901808	-0.0371417752743	0.0398313107688	-0.0580305217584	-0.0199306590963	0.0150667524531	0.0443667651251	0.0584482385388	-0.0820676109177	0.0104606251813	-0.013761808402	0.0174033907026	-0.00406938720124	0.0468944944437	-0.0163073450602	0.0104416910683	-0.0317236095953
k__Bacteria;p__Firmicutes;c__Clostridia;o__Clostridiales;f__Lachnospiraceae;g__Roseburia;s__Roseburia_intestinalis	-0.0658702378354	-0.0377632826123	-0.00726532217556	-0.0117952419147	0.0308615146451	0.0195942880744	-0.0266861390874	-0.0374207550132	0.0585706454777	-0.00889278271392	0.00983882969064	0.0166495574976	-0.0271974728345	-0.0218829868179	-0.0124174730518	-0.0222399709507	-0.0241736347526	-0.02943176632	0.0387667234322	-0.00672910247942	0.0266007297621	-0.0304771853571	-0.0470687608877	-0.0566858579071	0.0530719566281	0.0284131979464	1.0	0.0727511592699	-0.0129989247717	-0.0171900262025	-0.0147337002156	0.0344590800338	-0.0597891714874	-0.00863486420154	-0.00342312828657	0.03599545329	0.0415353527998	0.0125712132498	-0.0300156272288	0.0113848206391	-0.0782531776641	-0.0114242575299	0.0271396054523	-0.0317520505662	-0.0249647507978	0.016124081729	0.010786332988	-0.0780916883673	0.0772824095225	0.061703641747	-0.031140199698	0.0137461324133	0.0512955852018	-0.025856960225	-0.0226983285707	0.0418918193177	-0.0971925928273	-0.0349293275996	0.0066757646852
k__Bacteria;p__Firmicutes;c__Clostridia;o__Clostridiales;f__Lachnospiraceae;g__Roseburia;s__Roseburia_hominis	-0.0373633446643	0.0231341634799	0.0281182291558	-0.0236587205517	0.0382973970934	-0.00321250615666	-0.0327522998324	0.0203610237534	0.0221554065076	0.00258953049954	-0.00101830976697	-0.00072466006482	-0.00573405099245	-0.0680720064473	-0.0275847184127	-0.0494941371933	0.00671205643754	0.0359099355745	0.0631344037994	0.0245811911156	-0.0165690133748	0.0234361828072	-0.0686584786747	-0.0112365601055	0.00717035296925	-0.0594461859508	0.0727511592699	1.0	-0.00569146806632	-0.0381821872495	0.00532968432697	0.0051446070373	0.0166295984646	-0.00306803002627	0.0202599861883	0.0301365670234	-0.00630165735371	-0.0138527574919	0.0530449877019	-0.0471326077471	-0.035713345208	-0.0336342921559	-0.0308233323641	0.00920612148151	-0.0303136093623	-0.0338237836419	0.0675116530717	0.0251776602181	0.0228405105141	0.0243667723158	-0.0468632651378	-0.0198960455994	-0.0710264805657	-0.0397041264459	-0.00174717345812	-0.0397584196212	-0.00454381805526	-0.0189421365267	-0.00129830606567
k__Bacteria;p__Bacteroidetes;c__Bacteroidia;o__Bacteroidales;f__Porphyromonadaceae;g__Parabacteroides;s__Parabacteroides_johnsonii	0.0411869403383	-0.00904593123332	0.0102426948856	-0.0619348624875	-0.0125203122269	0.0115413227142	0.0027308750646	-0.0294079355538	-0.00602088485661	0.021036545474	-0.0132595324	-0.00575633197195	-0.0758490727569	-0.0395972868228	-0.0272181623208	-0.0883779903376	0.0486277420488	0.038679008691	-0.0532507696337	0.00100031945086	-0.0285532859145	-0.0771520882402	0.0382126327238	0.0234901989296	-0.0247813597133	0.0100264826475	-0.0129989247717	-0.00569146806632	1.0	0.0550137973707	0.0473734966641	0.0056682693187	-0.0066566819253	-0.092399141169	-0.0535090919763	0.0256778361747	0.0315434741185	0.00169022830729	-0.0339785364526	-0.0417256811853	-0.0152385077443	0.00149167557292	-0.0177177849336	0.0747915751126	-0.035148135675	-0.0241799318735	-0.0312547836472	0.0362745609252	0.0140258209051	0.0221603764822	0.026506748907	-0.0268832326348	-0.00496157105183	-0.0410670500349	0.0150062191551	-0.00724357495517	-0.0229996359517	-0.00549626133755	-0.0401675309285
k__Bacteria;p__Actinobacteria;c__Actinobacteria;o__Bifidobacteriales;f__Bifidobacteriaceae;g__Bifidobacterium;s__Bifidobacterium_longum	0.00808026073234	-0.0066081525089	-0.00941086670724	0.0383559383502	0.0195710606879	0.000896458492472	-0.0226797697561	-0.00824758471575	-0.0714928121543	-0.0263127906948	0.0465623109959	0.0233820592059	0.0159165858561	0.0731107421928	-0.050734956478	-0.0116556940092	0.0348101855753	-0.00856355496529	-0.028405003036	0.0243468345833	-0.00299872033933	-0.0190541737188	0.0600123535211	-0.101203023922	0.0680992682383	-0.0432368464282	-0.0171900262025	-0.0381821872495	0.0550137973707	1.0	-0.0585974921002	0.0164000112041	-0.0211685900711	0.0179956057176	-0.00931203113434	-0.0508061614956	-0.018144749603	-0.0029988801892	-0.00727383065901	-0.0326110497855	0.00632770490582	-0.0267777190168	-0.00393585152239	-0.0215089323715	-0.0414516979677	0.00849368217387	0.0133380368517	-0.00845706947721	-0.0167879355585	0.00136261642178	-0.081718443367	-0.0104480639302	0.0139829625577	-0.00960115648995	-0.031251677252	0.00864200478198	-0.00649311330503	0.0246819966164	-0.0218638168039
