#taxonomy	k__Bacteria;p__Bacteroidetes;c__Bacteroidia;o__Bacteroidales;f__Bacteroidaceae;g__Bacteroides;s__Bacteroides_vulgatus	k__Bacteria;p__Bacteroidetes;c__Bacteroidia;o__Bacteroidales;f__Bacteroidaceae;g__Bacteroides;s__Bacteroides_uniformis	k__Bacteria;p__Bacteroidetes;c__Bacteroidia;o__Bacteroidales;f__Rikenellaceae;g__Alistipes;s__Alistipes_putredinis	k__Bacteria;p__Bacteroidetes;c__Bacteroidia;o__Bacteroidales;f__Prevotellaceae;g__Prevotella;s__Prevotella_copri	k__Bacteria;p__Bacteroidetes;c__Bacteroidia;o__Bacteroidales;f__Bacteroidaceae;g__Bacteroides;s__Bacteroides_stercoris	k__Bacteria;p__Bacteroidetes;c__Bacteroidia;o__Bacteroidales;f__Bacteroidaceae;g__Bacteroides;s__Bacteroides_ovatus	k__Bacteria;p__Bacteroidetes;c__Bacteroidia;o__Bacteroidales;f__Rikenellaceae;g__Alistipes;s__Alistipes_shahii	k__Bacteria;p__Firmicutes;c__Clostridia;o__Clostridiales;f__Ruminococcaceae;g__Faecalibacterium;s__Faecalibacterium_prausnitzii	k__Bacteria;p__Bacteroidetes;c__Bacteroidia;o__Bacteroidales;f__Rikenellaceae;g__Alistipes;s__Alistipes_finegoldii	k__Bacteria;p__Bacteroidetes;c__Bacteroidia;o__Bacteroidales;f__Porphyromonadaceae;g__Parabacteroides;s__Parabacteroides_distasonis	k__Bacteria;p__Bacteroidetes;c__Bacteroidia;o__Bacteroidales;f__Bacteroidaceae;g__Bacteroides;s__Bacteroides_thetaiotaomicron	k__Bacteria;p__Bacteroidetes;c__Bacteroidia;o__Bacteroidales;f__Bacteroidaceae;g__Bacteroides;s__Bacteroides_coprocola	k__Bacteria;p__Bacteroidetes;c__Bacteroidia;o__Bacteroidales;f__Bacteroidaceae;g__Bacteroides;s__Bacteroides_cellulosilyticus	k__Bacteria;p__Bacteroidetes;c__Bacteroidia;o__Bacteroidales;f__Rikenellaceae;g__Alistipes;s__Alistipes_obesi	k__Bacteria;p__Firmicutes;c__Clostridia;o__Clostridiales;f__Lachnospiraceae;g__;s__[Eubacterium]_rectale	k__Bacteria;p__Bacteroidetes;c__Bacteroidia;o__Bacteroidales;f__Bacteroidaceae;g__Bacteroides;s__Bacteroides_plebeius	k__Bacteria;p__Bacteroidetes;c__Bacteroidia;o__Bacteroidales;f__Bacteroidaceae;g__Bacteroides;s__Bacteroides_fragilis	k__Bacteria;p__Proteobacteria;c__Betaproteobacteria;o__Burkholderiales;f__Sutterellaceae;g__Sutterella;s__Sutterella_wadsworthensis	k__Bacteria;p__Bacteroidetes;c__Bacteroidia;o__Bacteroidales;f__Porphyromonadaceae;g__Barnesiella;s__Barnesiella_intestinihominis	k__Bacteria;p__Bacteroidetes;c__Bacteroidia;o__Bacteroidales;f__Odoribacteraceae;g__Odoribacter;s__Odoribacter_splanchnicus	k__Bacteria;p__Bacteroidetes;c__Bacteroidia;o__Bacteroidales;f__Bacteroidaceae;g__Bacteroides;s__Bacteroides_salyersiae	k__Bacteria;p__Firmicutes;c__Clostridia;o__Clostridiales;f__Ruminococcaceae;g__Ruminiclostridium;s__[Eubacterium]_siraeum	k__Bacteria;p__Proteobacteria;c__Betaproteobacteria;o__Burkholderiales;f__Sutterellaceae;g__Parasutterella;s__Parasutterella_excrementihominis	k__Bacteria;p__Actinobacteria;c__Actinobacteria;o__Bifidobacteriales;f__Bifidobacteriaceae;g__Bifidobacterium;s__Bifidobacterium_adolescentis	k__Bacteria;p__Firmicutes;c__Clostridia;o__Clostridiales;f__Oscillospiraceae;g__Oscillibacter;s__Oscillibacter_sp._KLE_1745	k__Bacteria;p__Bacteroidetes;c__Bacteroidia;o__Bacteroidales;f__Bacteroidaceae;g__Bacteroides;s__Bacteroides_coprophilus	k__Bacteria;p__Firmicutes;c__Clostridia;o__Clostridiales;f__Lachnospiraceae;g__Roseburia;s__Roseburia_intestinalis	k__Bacteria;p__Firmicutes;c__Clostridia;o__Clostridiales;f__Lachnospiraceae;g__Roseburia;s__Roseburia_hominis	k__Bacteria;p__Bacteroidetes;c__Bacteroidia;o__Bacteroidales;f__Porphyromonadaceae;g__Parabacteroides;s__Parabacteroides_johnsonii	k__Bacteria;p__Actinobacteria;c__Actinobacteria;o__Bifidobacteriales;f__Bifidobacteriaceae;g__Bifidobacterium;s__Bifidobacterium_longum	k__Bacteria;p__Firmicutes;c__Clostridia;o__Clostridiales;f__;g__Flavonifractor;s__Flavonifractor_plautii	k__Bacteria;p__Firmicutes;c__Clostridia;o__Clostridiales;f__Clostridiaceae;g__Clostridium;s__Clostridium_phoceensis	k__Bacteria;p__Verrucomicrobia;c__Verrucomicrobiae;o__Verrucomicrobiales;f__Akkermansiaceae;g__Akkermansia;s__Akkermansia_muciniphila	k__Bacteria;p__Bacteroidetes;c__Bacteroidia;o__Bacteroidales;f__Prevotellaceae;g__Paraprevotella;s__Paraprevotella_xylaniphila	k__Bacteria;p__Firmicutes;c__Clostridia;o__Clostridiales;f__Ruminococcaceae;g__Ruminococcus;s__Ruminococcus_callidus	k__Bacteria;p__Bacteroidetes;c__Bacteroidia;o__Bacteroidales;f__Rikenellaceae;g__Alistipes;s__Alistipes_senegalensis	k__Bacteria;p__Firmicutes;c__Clostridia;o__Clostridiales;f__Lachnospiraceae;g__Blautia;s__Blautia_sp._KLE_1732	k__Bacteria;p__Bacteroidetes;c__Bacteroidia;o__Bacteroidales;f__Bacteroidaceae;g__Bacteroides;s__Bacteroides_oleiciplenus	k__Bacteria;p__Firmicutes;c__Clostridia;o__Clostridiales;f__Ruminococcaceae;g__Ruminococcus;s__Ruminococcus_bicirculans	k__Bacteria;p__Bacteroidetes;c__Bacteroidia;o__Bacteroidales;f__Bacteroidaceae;g__Bacteroides;s__Bacteroides_fluxus	k__Bacteria;p__Bacteroidetes;c__Bacteroidia;o__Bacteroidales;f__Prevotellaceae;g__Prevotella;s__Prevotella_stercorea	k__Bacteria;p__Firmicutes;c__Clostridia;o__Clostridiales;f__Lachnospiraceae;g__Dorea;s__Dorea_longicatena	k__Bacteria;p__Firmicutes;c__Clostridia;o__Clostridiales;f__Eubacteriaceae;g__Eubacterium;s__[Eubacterium]_eligens	k__Bacteria;p__Firmicutes;c__Clostridia;o__Clostridiales;f__Ruminococcaceae;g__;s__Ruminococcaceae_bacterium_D16	k__Bacteria;p__Firmicutes;c__Clostridia;o__Clostridiales;f__Lachnospiraceae;g__Coprococcus;s__Coprococcus_comes	k__Bacteria;p__Proteobacteria;c__Gammaproteobacteria;o__Enterobacterales;f__Enterobacteriaceae;g__Escherichia;s__Escherichia_coli	k__Bacteria;p__Firmicutes;c__Clostridia;o__Clostridiales;f__Ruminococcaceae;g__Anaerotruncus;s__Anaerotruncus_colihominis	k__Bacteria;p__Firmicutes;c__Clostridia;o__Clostridiales;f__Lachnospiraceae;g__Blautia;s__Blautia_obeum	k__Bacteria;p__Bacteroidetes;c__Bacteroidia;o__Bacteroidales;f__Odoribacteraceae;g__Odoribacter;s__Odoribacter_laneus	k__Bacteria;p__Firmicutes;c__Clostridia;o__Clostridiales;f__Ruminococcaceae;g__Ruminiclostridium;s__[Clostridium]_leptum	k__Bacteria;p__Bacteroidetes;c__Bacteroidia;o__Bacteroidales;f__Porphyromonadaceae;g__Parabacteroides;s__Parabacteroides_goldsteinii	k__Bacteria;p__Firmicutes;c__Clostridia;o__Clostridiales;f__Lachnospiraceae;g__Anaerostipes;s__Anaerostipes_hadrus	k__Bacteria;p__Firmicutes;c__Clostridia;o__Clostridiales;f__Ruminococcaceae;g__Ruminococcus;s__Ruminococcus_lactaris	k__Bacteria;p__Firmicutes;c__Clostridia;o__Clostridiales;f__Clostridiaceae;g__Clostridium;s__Clostridium_sp._L2-50	k__Bacteria;p__Firmicutes;c__Clostridia;o__Clostridiales;f__Clostridiaceae;g__Clostridium;s__Clostridium_sp._M62/1	k__Bacteria;p__Firmicutes;c__Clostridia;o__Clostridiales;f__;g__Intestinimonas;s__Intestinimonas_butyriciproducens	k__Bacteria;p__Actinobacteria;c__Actinobacteria;o__Bifidobacteriales;f__Bifidobacteriaceae;g__Bifidobacterium;s__Bifidobacterium_bifidum	k__Bacteria;p__Firmicutes;c__Negativicutes;o__Veillonellales;f__Veillonellaceae;g__Dialister;s__Dialister_invisus	k__Bacteria;p__Bacteroidetes;c__Bacteroidia;o__Bacteroidales;f__Bacteroidaceae;g__Bacteroides;s__Bacteroides_salanitronis
k__Bacteria;p__Bacteroidetes;c__Bacteroidia;o__Bacteroidales;f__Bacteroidaceae;g__Bacteroides;s__Bacteroides_vulgatus	1.0	0.041130700352	-0.0309091137454	0.0111987062192	0.0293692132988	0.00224259792761	-0.0243647782949	0.0569329446351	0.00863991086431	0.0320595415998	-0.0660294731075	-0.0480517829211	-0.0189824999179	-0.00265444595808	0.0086164094964	-0.0192335974169	0.0184672117891	0.0123097356766	0.082312810297	0.0120946667684	-0.0181099348023	-0.0122019740769	-0.0474271463623	0.0241432481725	-0.0310708953302	0.0510527341752	-0.00715964970879	-0.0267477353965	-0.00448430744648	0.00956513551674	-0.0429961393031	-0.0208498893679	0.0081001366883	0.0434654756406	-0.00768586510526	0.00960333721532	-0.0660539561053	0.0230507585487	-0.0367297607828	-0.0294615017984	0.000626250362432	-0.0446724116171	0.00479831295261	-0.0438521976103	0.0184872684486	-0.0269431992499	-0.0118833128048	-0.00708823710696	-0.0546297756981	0.00625379030175	-0.0136584539028	-0.0677122975201	-0.0274936420715	0.00889731164424	0.0159681545586	0.0267418651471	0.00372612030868	-0.0432402250315	0.0395439776305
k__Bacteria;p__Bacteroidetes;c__Bacteroidia;o__Bacteroidales;f__Bacteroidaceae;g__Bacteroides;s__Bacteroides_uniformis	0.041130700352	1.0	-0.017035453606	-0.133746893355	-0.0122239740223	-0.0468598138823	-0.0626304158036	0.0151550196861	0.00936743671928	-0.0715768878717	-0.00453830102998	-0.0169468395534	-0.0407039219868	0.00205325005463	0.0428030238678	0.03846777113	0.0222861964342	-0.00152818983044	-0.00770372229354	-0.0146318696921	-0.00652691661889	-0.00658396575582	0.0244255871418	-0.00923601154124	0.0491459688658	-0.0237488824627	-0.0337727282155	0.0130082720198	0.0360613035483	-0.00928604807703	0.0228251032119	0.0329176041918	0.0315246006004	-0.0156135150031	-0.00625310990789	-0.0110118479174	0.0516993462083	-0.0102506056696	-0.000633806953885	-0.0167617528351	-0.030256503282	-0.0178890467006	0.0088276681185	-0.0249423733543	0.0195183581982	-0.0231519899497	-0.0243287189922	0.000269481427317	-0.0203596680225	0.0181776154196	-0.0219560165453	-0.0305084116232	6.04537368161e-05	0.0108673404459	0.00799418891275	0.0661100010281	0.00540533568094	-0.0829161720226	-0.0116261441297
k__Bacteria;p__Bacteroidetes;c__Bacteroidia;o__Bacteroidales;f__Rikenellaceae;g__Alistipes;s__Alistipes_putredinis	-0.0309091137454	-0.017035453606	1.0	0.0165707432918	-0.0682778844195	-0.00948100306367	0.000501920944812	-0.0313771938682	-0.0104412766454	0.0419042854741	0.0385643760332	-0.0405238614192	-0.0574709416012	-0.0375720471255	0.0114542619783	-0.00368401776176	0.0214096665906	-0.0501303189639	0.00205147307115	-0.046456955489	-0.00494070500523	0.0479195410998	-0.0244428146361	-0.0525294528314	0.00157438112201	0.0110548596377	0.049099766092	0.046745114809	-0.0393425047976	-0.0020866318266	0.00951096017206	0.0284488697213	0.021936024229	-0.0631465012031	0.0380361403256	0.00771798466707	-0.0400312706399	-0.0966101178096	-0.00233259161919	-0.000773260540096	-0.0440012572615	0.00903644336102	-0.020363899433	-0.00703031354972	0.0446553642797	0.00873756437934	-0.0548181730844	-0.0503164877863	-0.0568342624708	-0.0775259475683	0.0181489857015	-0.0471333763714	-0.0241251539335	0.0160315505374	-0.0290438127953	0.0358697057617	0.0491542948462	0.0166951031272	0.0166945735915
k__Bacteria;p__Bacteroidetes;c__Bacteroidia;o__Bacteroidales;f__Prevotellaceae;g__Prevotella;s__Prevotella_copri	0.0111987062192	-0.133746893355	0.0165707432918	1.0	0.00766000202409	-0.086010591261	0.0151395400379	0.0305337977906	0.00817290539726	0.0185524337025	-0.034678454196	0.0426765577619	-0.0298431679416	-0.0091498996718	-0.00618609425375	-0.0391722324346	-0.0110720585386	0.0212931477864	0.0322102326085	-0.015190501483	0.0118528564575	0.0225358379158	0.0512237150387	0.00331703857764	-0.00351567736209	0.0279488498918	0.0139773893485	-0.0465085903158	-0.0494147233793	0.0392341067189	-0.0315454943164	-0.0613030665583	0.0395798154334	0.000990921531312	-0.0331487252387	-0.0286700398168	-0.0538929176857	-0.0329399282434	0.0366010173255	-0.0349804580574	-0.0379947378787	0.00170356004209	0.0262573303845	-0.0313561681007	0.00578656254055	-0.0409058742028	0.00416006676059	0.0619309383013	0.00661878006742	-0.0735481005989	-0.0242028341766	-0.0266837549955	0.0275136724982	0.00401902396437	-0.0159082435575	-0.0273229599896	-0.0241857693925	0.0203499602517	-0.00979052356903
k__Bacteria;p__Bacteroidetes;c__Bacteroidia;o__Bacteroidales;f__Bacteroidaceae;g__Bacteroides;s__Bacteroides_stercoris	0.0293692132988	-0.0122239740223	-0.0682778844195	0.00766000202409	1.0	-0.0580980682008	-0.0361941529625	-0.0164138019681	-0.0443716408547	-0.0457757021669	-0.052985835908	-0.0260825036022	-0.0672641560455	-0.0620926762989	0.0639239872783	-0.049664955137	-0.0462245454674	-0.0142652136863	0.0134322749381	0.0207457961115	-0.0688435527394	0.00691325692074	-0.0142377565921	-0.0041728227822	-0.0101851628118	-0.0511160390303	0.0980740783459	0.0282989978008	-0.0291334005015	-0.0544271232091	0.0060650836486	0.0686855762995	-0.0573859393272	0.01286995414	0.0225996506821	-0.0209351163976	-0.0405454710105	0.0163877925523	0.0606209784703	-0.0294148972157	0.0282821069318	-0.0767169140929	-0.0179790950905	0.0138017903661	0.00309330433817	-0.00282512759784	-0.0406411730066	0.00556852536879	-0.0174806909838	-0.00686202563214	0.0190129153661	0.0345508370503	-0.0103027838447	-0.047799837309	0.0102560589178	-0.0255715384589	0.0667588135398	0.00938211570451	0.0216769473984
k__Bacteria;p__Bacteroidetes;c__Bacteroidia;o__Bacteroidales;f__Bacteroidaceae;g__Bacteroides;s__Bacteroides_ovatus	0.00224259792761	-0.0468598138823	-0.00948100306367	-0.086010591261	-0.0580980682008	1.0	-0.00194168408428	-0.00381169295435	-0.00250471626249	-0.0697162342829	-0.0155986210692	-0.0111806631451	0.00839759155154	-0.00193441071626	0.0147313084008	0.000523820306411	-0.0388869607024	-0.0195311566348	0.00220919589093	-0.0530028210681	0.010760985079	-0.0363451537142	-0.000849775079486	-0.00829996408752	-0.0172955894332	0.0397426550828	0.0172271575656	0.00768200169476	0.00525953412274	0.00359750058137	0.0252803424056	-0.0143846087661	-0.00963109590858	0.0474859111993	-0.028392080852	0.010464209524	0.0339177579387	0.00168414457569	-0.00670288333955	-0.00505167133825	-0.0471511025227	0.0019106259301	0.042838468106	0.0231221915708	-0.0751977450365	-0.0795168342826	-0.0947533992431	-0.0635756144582	-0.0376733147764	0.0419855186808	-0.0053690633205	-0.0190431695343	0.00528853232065	-0.0359069877343	0.00217712199958	-0.0118732269189	-0.0614747834275	0.0736558744405	0.0149520771466
k__Bacteria;p__Bacteroidetes;c__Bacteroidia;o__Bacteroidales;f__Rikenellaceae;g__Alistipes;s__Alistipes_shahii	-0.0243647782949	-0.0626304158036	0.000501920944812	0.0151395400379	-0.0361941529625	-0.00194168408428	1.0	-0.0198347483946	0.00441205624507	0.0309691738087	0.00219893290184	-0.0333997754773	-0.016634260655	0.0260962815813	-0.0218180567204	-0.0590215041479	-0.069829129907	-0.0438510310936	-0.0222632659686	0.0548076642993	-0.0724490365067	-0.0398919794109	-0.0465968255079	0.0432743740114	-0.00168417272694	0.0284313804748	0.031997965606	0.000408392642048	0.0121527448024	0.026208238609	0.0200184696914	-0.0432685842108	-0.0116806920454	-0.0606460142168	-0.0539048523459	-0.0157389173497	-0.0719440534892	-0.0546225362375	0.0493534043672	0.00159029705024	0.0292220034739	-0.0235528816897	-0.0223280312274	-0.0428117879814	-0.0236214164303	-0.0704109802417	0.039412708575	-0.00142254527818	0.0464699691306	-0.0523034338319	-0.0173960201715	0.00573354355982	-0.0688890246879	-0.0218355054376	-0.0403551349419	0.0174055917574	0.0201905082219	0.00156182540217	0.00527658128217
k__Bacteria;p__Firmicutes;c__Clostridia;o__Clostridiales;f__Ruminococcaceae;g__Faecalibacterium;s__Faecalibacterium_prausnitzii	0.0569329446351	0.0151550196861	-0.0313771938682	0.0305337977906	-0.0164138019681	-0.00381169295435	-0.0198347483946	1.0	-0.00691895816831	-0.0306794771518	-0.0219972595096	0.0246907462693	0.0177636990511	-0.0830206414628	0.0144544974864	0.0266767885395	0.0255620008523	-0.00576384506108	0.0144076540071	0.0238555714584	0.0357479901299	-0.0522240147536	-0.0305421594984	0.00991962357383	-0.0331259492414	0.049727020901	0.0247692952173	0.000126951854284	-0.0658349623275	-0.00180370030959	-0.0515567662267	-0.0151858032702	-0.00660110838699	-0.00606368812615	0.0126148922718	-0.0270076555533	0.00391930131676	0.0100852534754	0.00773387443542	-0.0729323558947	-0.0545189749702	-0.0333965184059	-0.00146648864426	0.0135576188458	0.00226297935707	-0.0196999680438	0.0171701745439	0.00759323698781	0.0896151920241	0.0718822553089	0.0158991331608	0.0234332872355	-0.0174767051221	0.0336750992314	-0.0278712992373	-0.0692886692365	-0.035996165902	-0.0255901461318	-0.0579988902967
k__Bacteria;p__Bacteroidetes;c__Bacteroidia;o__Bacteroidales;f__Rikenellaceae;g__Alistipes;s__Alistipes_finegoldii	0.00863991086431	0.00936743671928	-0.0104412766454	0.00817290539726	-0.0443716408547	-0.00250471626249	0.00441205624507	-0.00691895816831	1.0	0.0217800260577	0.0361950474202	0.00585390591786	-0.0210776989363	-0.00164642543449	-0.0586967539868	0.0269733936447	-0.0162996125616	-0.00129569028522	-0.00853459590648	0.0170307629265	0.0401699020087	-0.0211847889688	-0.0299877799077	-0.0139795892713	-0.0338650937645	-0.0703705306186	-0.00686004621696	-0.00158291305389	-0.0312615027587	0.0712861678091	-0.0238482384936	-0.0290782758763	0.00513129144594	-0.0126013080097	-0.0154043646643	-0.00746010628432	0.105249708063	0.0517384198258	-0.0255701942434	-0.0454678092843	-0.041080234311	-0.00952298633611	-0.006880329714	-0.0659861258987	-0.0335002342529	-0.0772605586416	0.00667942016669	-0.0788101421868	0.00779912839759	0.00888839692318	0.0234188289602	-0.122976413485	0.0464822794435	-0.0699560538083	0.00674920451859	0.0189175774276	-0.00875911672292	0.0385464658998	0.053603207023
k__Bacteria;p__Bacteroidetes;c__Bacteroidia;o__Bacteroidales;f__Porphyromonadaceae;g__Parabacteroides;s__Parabacteroides_distasonis	0.0320595415998	-0.0715768878717	0.0419042854741	0.0185524337025	-0.0457757021669	-0.0697162342829	0.0309691738087	-0.0306794771518	0.0217800260577	1.0	0.0834701909989	-0.054630615105	-3.35305513332e-05	0.01182078996	0.00688842653756	-0.014524066784	0.0275123401106	-0.0470529255285	-0.00054466272608	0.0540186350389	0.0876253199485	0.00984466396456	0.0172134941818	-0.0269414132159	-0.0153491650878	0.00970718429917	0.0212119164384	-0.00400448598644	0.0747942738221	-0.0825068756429	-0.0886318396303	-0.026600595654	-0.0117264512298	-0.0423900641305	-0.00284186179633	-0.0350980771134	-0.00588691986866	-0.0357830626073	-0.0113272115438	0.0272083486785	-0.0145543176626	0.000238171525869	-0.0282216257995	-0.0165167905334	0.0714215441476	-0.0012748631517	0.0696748627123	0.0563962097492	-0.0685866794092	0.0191314258805	-0.05905376886	-0.037762836515	0.00626031848054	-0.00174303154123	0.0341515414426	-0.0164893237794	-0.0240366903474	-0.0976299694765	0.0426011678674
k__Bacteria;p__Bacteroidetes;c__Bacteroidia;o__Bacteroidales;f__Bacteroidaceae;g__Bacteroides;s__Bacteroides_thetaiotaomicron	-0.0660294731075	-0.00453830102998	0.0385643760332	-0.034678454196	-0.052985835908	-0.0155986210692	0.00219893290184	-0.0219972595096	0.0361950474202	0.0834701909989	1.0	0.0252245697234	-0.0124657337507	-0.0124330834306	0.00614342613471	-0.0281034447554	-0.0317286032827	-0.0368950058606	-0.0722530535852	-0.0266468653145	-0.0218229474368	0.0115234045952	0.0207389420713	-0.0122038415703	0.0103714141612	-0.0422689675867	-0.0123829007601	-0.0295030915426	-0.0129605042786	-0.0504033919515	-0.0364627644908	0.00264998525624	0.00348067633222	-0.0141662052696	0.0254944746599	-0.00635680787035	-0.0819335153642	-0.0649471969813	-0.0357476780023	0.0339036358032	-0.00508215082203	-0.00863489973932	-0.000313770629636	-0.0226384580176	-0.00375053582951	0.0368820186566	0.0341012530577	0.0185550986983	-0.0207172738101	0.00402908756494	-0.0128736982501	0.0275476478605	-0.0255250672758	-0.00571885827035	-0.0540295547746	0.0350240062874	0.0192286325594	-0.00523277312445	0.0503140512694
k__Bacteria;p__Bacteroidetes;c__Bacteroidia;o__Bacteroidales;f__Bacteroidaceae;g__Bacteroides;s__Bacteroides_coprocola	-0.0480517829211	-0.0169468395534	-0.0405238614192	0.0426765577619	-0.0260825036022	-0.0111806631451	-0.0333997754773	0.0246907462693	0.00585390591786	-0.054630615105	0.0252245697234	1.0	-0.0104019974848	-0.000594438843981	-0.0273352673969	-0.0483831725813	-0.0132625231033	-0.0243785013789	-0.0239203995271	-0.0548495117819	-0.00726975698242	0.00757530666801	0.0163708649886	-0.0180496941113	-0.0442291675995	0.000654975498552	-0.00724527621291	-0.0140712653573	0.0151942951905	-0.0234274391707	0.0187822678776	-0.00125716761597	0.00861891500759	0.00937348957204	0.0381807796059	-0.0220616906479	0.0470097132191	-0.0507783797413	-0.0649151758005	-0.00163357836555	0.00812219417634	-0.021705893694	-0.00983624677682	0.0327122755631	0.00884224769285	0.00469685046148	-0.0201314711854	0.0476796627136	0.0509003827901	-0.0607291833338	-0.0349858900236	-0.0439766727069	0.0212383654618	-0.0520126489771	-0.0749498554481	-0.0314048386163	0.0283780703599	-0.0207708857275	0.016985182785
k__Bacteria;p__Bacteroidetes;c__Bacteroidia;o__Bacteroidales;f__Bacteroidaceae;g__Bacteroides;s__Bacteroides_cellulosilyticus	-0.0189824999179	-0.0407039219868	-0.0574709416012	-0.0298431679416	-0.0672641560455	0.00839759155154	-0.016634260655	0.0177636990511	-0.0210776989363	-3.35305513331e-05	-0.0124657337507	-0.0104019974848	1.0	-0.0449623758289	-0.0160506567284	0.0118672357021	-0.0234945679124	0.00572763908136	0.0649171432804	-0.0309642959678	0.00830667901755	-0.0355471149625	0.0577984716213	-0.042614567107	-0.0306614555529	-0.0640952900085	0.00274170714989	0.0140491059319	-0.00216474646135	-0.0484807254326	-0.0380519188015	-0.00647083894869	-0.030835668345	0.0233299173486	-0.0953275983539	0.0393569782129	-0.0297769344421	-0.00810242227811	0.0552177089548	0.0102493963767	-0.037189125615	0.00786733095088	0.0554051904276	0.0681881328125	-0.00731952357963	-0.0406315085452	-0.0297816947915	-0.0441927439164	0.00207470704378	0.0646026253579	-0.0361103773353	-0.0370831698536	0.0372449841243	-0.04726385768	-0.00616270704298	0.0488048554459	-0.0594333269281	-0.0251673395117	0.00753854200647
k__Bacteria;p__Bacteroidetes;c__Bacteroidia;o__Bacteroidales;f__Rikenellaceae;g__Alistipes;s__Alistipes_obesi	-0.00265444595808	0.00205325005463	-0.0375720471255	-0.0091498996718	-0.0620926762989	-0.00193441071626	0.0260962815813	-0.0830206414628	-0.00164642543449	0.01182078996	-0.0124330834306	-0.000594438843981	-0.0449623758289	1.0	0.0180563445063	0.00218651506064	0.0133696451465	-0.0139858617924	0.01379155124	0.00424158682808	-0.0741682748925	0.00667145302012	-0.00211164299884	-0.00957350348439	-0.035386336976	0.0460949410177	0.00826828392878	-0.0148727343421	-0.0637670171143	-0.0152273668486	0.0119072293621	-0.0147281979052	0.015394283137	0.00238338293351	0.0400746009151	-0.00499208148332	-0.0302539807509	0.0451637702015	0.00662959956732	0.0146567517071	0.0274865365276	0.054640615935	-0.0162471493882	-0.0128361438498	0.0277704511384	0.0424249203599	-0.0144281206072	-0.0225020998096	0.0194859098824	-0.0213209154987	-0.0431533477205	-0.00948355202888	-0.0615163779005	-0.0447823926886	-0.0133878720182	0.0133917056309	0.0319372615946	-0.00572667671752	-0.0484952634828
k__Bacteria;p__Firmicutes;c__Clostridia;o__Clostridiales;f__Lachnospiraceae;g__;s__[Eubacterium]_rectale	0.0086164094964	0.0428030238678	0.0114542619783	-0.00618609425375	0.0639239872783	0.0147313084008	-0.0218180567204	0.0144544974864	-0.0586967539868	0.00688842653756	0.00614342613471	-0.0273352673969	-0.0160506567284	0.0180563445063	1.0	-0.0120579221767	-0.0636310557689	0.0156963284409	0.0389211151165	-0.0532281766765	0.0315952979066	0.00744292176265	-0.0026700763157	0.030717681911	-0.0116918071395	-0.0435494527613	-0.011002764932	-0.0115426669061	0.0101331381621	0.00281393995407	-0.00702458093997	-0.000624937093118	-0.0434170079518	-0.0402540438082	0.0172409284425	-0.0746336786585	-0.0418443526863	0.0207380759153	0.0466085023024	-0.0389203152481	-0.0509568265145	-0.0814172001745	-0.017937966191	-0.0314651629647	0.086180440236	-0.0154129465463	0.0156004052871	0.0817378553545	-0.00740430668935	-0.00912449664517	0.0227096119702	0.0341083578922	0.00662751008712	0.0667406821119	-0.0224218263865	-0.0250469416268	0.0178977396405	-0.038159047464	-0.0367515044885
k__Bacteria;p__Bacteroidetes;c__Bacteroidia;o__Bacteroidales;f__Bacteroidaceae;g__Bacteroides;s__Bacteroides_plebeius	-0.0192335974169	0.03846777113	-0.00368401776176	-0.0391722324346	-0.049664955137	0.000523820306411	-0.0590215041479	0.0266767885395	0.0269733936447	-0.014524066784	-0.0281034447554	-0.0483831725813	0.0118672357021	0.00218651506064	-0.0120579221767	1.0	0.00147088631162	0.0340448578342	-0.0145158185006	-0.0623012970716	0.0427119267678	-0.0357834811927	0.0474371960948	-0.0533249644003	-0.0127797987338	0.0044313011744	-0.0339194154374	-0.032821211703	-0.0674625755735	0.0135428181278	0.0109648879026	0.00375166667603	-0.00774310459532	0.0163334171545	-0.05055451997	0.0121696003585	-0.00957381705114	-0.0371967214829	0.0178530395654	0.0413210609175	0.0212459185939	0.0123025521368	-0.0335252643357	-0.00660724727774	-0.0189330370678	0.00640217842328	-0.0221580164624	-0.0431970964929	0.113866443609	-0.0439287818779	-0.000215384159179	-0.00291040045699	-0.0545199549993	-0.0121200268732	-0.0408372677758	-0.0185135999631	-0.0316717871456	0.0161976259147	-0.0340448977803
k__Bacteria;p__Bacteroidetes;c__Bacteroidia;o__Bacteroidales;f__Bacteroidaceae;g__Bacteroides;s__Bacteroides_fragilis	0.0184672117891	0.0222861964342	0.0214096665906	-0.0110720585386	-0.0462245454674	-0.0388869607024	-0.069829129907	0.0255620008523	-0.0162996125616	0.0275123401106	-0.0317286032827	-0.0132625231033	-0.0234945679124	0.0133696451465	-0.0636310557689	0.00147088631162	1.0	-0.0128070038777	-0.0236518553963	0.0751412702882	0.0238629772781	-0.045758844992	-0.00277606664206	-0.0662330853999	0.0466884857593	-0.0388964606143	-0.00531664903329	-0.0187909259209	0.0127379516891	0.0263381679814	-0.00456045954589	0.0314041551076	-0.00669230563219	0.0210077364858	-0.040321743679	0.00335028095134	0.0247857236	0.0361415622013	0.0598617523753	-0.0370235419789	-0.0899094656546	-0.0299142319752	0.0553809799395	-0.0458115249118	-0.0224530028288	0.0308697644123	-0.0346450591156	-0.0623295119293	-0.0499408264031	0.0356721789462	-0.0433802364996	0.0367129947417	0.0456226733968	-0.0631219240357	0.0116760085263	0.0361034817281	0.0154358081979	0.0127761060957	-0.0591736803535
k__Bacteria;p__Proteobacteria;c__Betaproteobacteria;o__Burkholderiales;f__Sutterellaceae;g__Sutterella;s__Sutterella_wadsworthensis	0.0123097356766	-0.00152818983044	-0.0501303189639	0.0212931477864	-0.0142652136863	-0.0195311566348	-0.0438510310936	-0.00576384506108	-0.00129569028522	-0.0470529255285	-0.0368950058606	-0.0243785013789	0.00572763908136	-0.0139858617924	0.0156963284409	0.0340448578342	-0.0128070038777	1.0	0.0536500041336	-0.0477750412196	-0.0366286663106	-0.00703834080336	-0.0737127578624	-0.00614098885126	-0.0405392981969	0.0337118969297	-0.0491446110179	-0.0411260081362	-0.00574352914317	0.0576378087899	-0.00837803166454	0.0743626235981	0.0433053434945	0.0333481496056	0.0181060163054	0.0603944249385	-0.0148237853879	0.00850004138387	0.00326893805281	-0.0340154138135	-0.0348187740984	0.04723763094	-0.00825381160421	-0.0389972152385	-0.0254096839809	-0.0689813569692	-0.0446308300935	-0.0290299382647	-0.00255531514772	-0.00731630494865	0.00632539228752	0.00193110522844	0.0194210367307	-0.0186993108919	0.0350222517463	-0.0360611716383	-0.0397789344075	-0.0148481787093	-0.0389179232322
k__Bacteria;p__Bacteroidetes;c__Bacteroidia;o__Bacteroidales;f__Porphyromonadaceae;g__Barnesiella;s__Barnesiella_intestinihominis	0.082312810297	-0.00770372229354	0.00205147307115	0.0322102326085	0.0134322749381	0.00220919589093	-0.0222632659686	0.0144076540071	-0.00853459590648	-0.00054466272608	-0.0722530535852	-0.0239203995271	0.0649171432804	0.01379155124	0.0389211151165	-0.0145158185006	-0.0236518553963	0.0536500041336	1.0	-0.0177975708953	-0.0237415040345	-0.0298752076387	0.00111936878708	0.028011499242	0.00164820469449	-0.0569757293115	-0.0050749249177	0.00840283158062	-0.0536053547117	0.0366760385366	0.0361959022656	-0.0673266326856	0.03954002179	-0.0226652870398	-0.00539081718743	-0.0370793018716	0.053868294721	0.0259258562402	0.0141578528507	-0.047428734046	0.00837144325246	-0.0141726633074	-0.0446854160949	-0.0203935980885	-0.0376723403406	-0.0089894298733	-0.0330834331839	-0.0198155055596	-0.00511388059308	-0.0836462952151	-0.0167528009026	-0.00731402619401	0.0156629563522	0.031213523456	0.0285424416292	-0.0269455817357	0.0438155653823	-0.0322735262751	-0.0211051626725
k__Bacteria;p__Bacteroidetes;c__Bacteroidia;o__Bacteroidales;f__Odoribacteraceae;g__Odoribacter;s__Odoribacter_splanchnicus	0.0120946667684	-0.0146318696921	-0.046456955489	-0.015190501483	0.0207457961115	-0.0530028210681	0.0548076642993	0.0238555714584	0.0170307629265	0.0540186350389	-0.0266468653145	-0.0548495117819	-0.0309642959678	0.00424158682808	-0.0532281766765	-0.0623012970716	0.0751412702882	-0.0477750412196	-0.0177975708953	1.0	-0.0246993024021	0.019004455643	-0.0410341474356	0.00955560687569	0.00424524301837	-0.0231321823674	-0.0196907914763	-0.0177721163947	0.0114743487197	-0.00348522865252	-0.00360286385268	0.00152883749935	-0.018843215829	0.0290038413631	-0.0277274679636	-0.0368146946562	-0.0383811476457	0.00273334606553	-0.0162304363844	-0.000772208394572	-0.0293029680625	0.00325653206373	0.0172219950902	0.0314562867979	-0.0153825203995	0.0894986625379	-0.00512815777577	0.0356911774301	-0.0545906341461	0.026219810137	-0.0124776759152	-0.00324023254762	0.0233644110883	0.0132274548477	0.0363506742105	-0.0546427182771	0.0408374277214	0.0646299784682	0.0183424914903
k__Bacteria;p__Bacteroidetes;c__Bacteroidia;o__Bacteroidales;f__Bacteroidaceae;g__Bacteroides;s__Bacteroides_salyersiae	-0.0181099348023	-0.00652691661889	-0.00494070500523	0.0118528564575	-0.0688435527394	0.010760985079	-0.0724490365067	0.0357479901299	0.0401699020087	0.0876253199485	-0.0218229474368	-0.00726975698242	0.00830667901755	-0.0741682748925	0.0315952979066	0.0427119267678	0.0238629772781	-0.0366286663106	-0.0237415040345	-0.0246993024021	1.0	0.0164170464369	-0.0726502535448	0.00298845178252	-0.0245918913248	0.0107003131807	0.000393027419053	0.0912635019814	-0.030053702203	-0.0221589958207	-0.0460129124926	-0.045473207117	0.0161309318917	0.00649888415595	-0.00816038394966	-0.0223780648758	-0.0738753798673	0.0126303562866	0.00810602966841	0.0653242394296	0.0217771222168	-0.0190653921171	-0.0352964498504	0.0578267112953	-0.00163868714961	0.021724993589	-0.0237131752829	0.0473622156943	-0.0401928665732	0.03603747116	0.00596727622098	0.00487021533354	-0.0227193370392	-0.0548543331374	0.00168306911848	-0.0592416766132	0.0285767922666	0.0241504220024	-0.026488926376
k__Bacteria;p__Firmicutes;c__Clostridia;o__Clostridiales;f__Ruminococcaceae;g__Ruminiclostridium;s__[Eubacterium]_siraeum	-0.0122019740769	-0.00658396575582	0.0479195410998	0.0225358379158	0.00691325692074	-0.0363451537142	-0.0398919794109	-0.0522240147536	-0.0211847889688	0.00984466396456	0.0115234045952	0.00757530666801	-0.0355471149625	0.00667145302012	0.00744292176265	-0.0357834811927	-0.045758844992	-0.00703834080336	-0.0298752076387	0.019004455643	0.0164170464369	1.0	0.0139210478604	0.0117569896826	-0.0393427836666	-0.0202337734629	-0.0954414546448	-0.00689003957418	0.00369037325303	0.0309200666012	-0.0288732739395	-0.013993613077	-0.0318184901172	-0.014266350067	-0.0316518187274	0.0247313236175	-0.00250794481454	-0.0294802222276	-0.00908597624337	-0.0130596798801	-0.005495554402	0.0417463173503	-0.0210498871244	-0.0121214716707	-0.0479131952602	0.00209163974829	0.0469873633374	-0.00943573016744	0.00743223579988	-0.0278453894711	0.0150513425435	0.00653763964168	-0.00663447104043	-0.047760258197	-0.012493716089	-0.022583461237	-0.0432633960708	-0.0223766619535	0.0110219367076
k__Bacteria;p__Proteobacteria;c__Betaproteobacteria;o__Burkholderiales;f__Sutterellaceae;g__Parasutterella;s__Parasutterella_excrementihominis	-0.0474271463623	0.0244255871418	-0.0244428146361	0.0512237150387	-0.0142377565921	-0.000849775079486	-0.0465968255079	-0.0305421594984	-0.0299877799077	0.0172134941818	0.0207389420713	0.0163708649886	0.0577984716213	-0.00211164299884	-0.0026700763157	0.0474371960948	-0.00277606664206	-0.0737127578624	0.00111936878708	-0.0410341474356	-0.0726502535448	0.0139210478604	1.0	0.0164654522433	0.0100560809375	-0.0377850787454	-0.00103655512745	-0.0308714294016	-0.0117886052842	0.00583908656707	-0.0296378282525	0.0269642226161	-0.005592710599	-0.0379370506996	0.00853443711244	0.0325854858296	0.0314711701544	0.0791855397341	0.0454194898254	0.0223710880742	-0.0197971006892	0.001127774388	0.0481053803368	-0.00586548625026	-0.0103433645437	-0.0437273216743	0.0015421328279	-0.00286019135903	-0.0492957980959	0.0152426840343	-0.0201621994819	0.0252544337871	-0.0133669498823	-0.0466661469413	0.00426112282424	-0.0100115180484	-0.0297198417068	0.00633211082498	0.00832975863851
k__Bacteria;p__Actinobacteria;c__Actinobacteria;o__Bifidobacteriales;f__Bifidobacteriaceae;g__Bifidobacterium;s__Bifidobacterium_adolescentis	0.0241432481725	-0.00923601154124	-0.0525294528314	0.00331703857764	-0.0041728227822	-0.00829996408752	0.0432743740114	0.00991962357383	-0.0139795892713	-0.0269414132159	-0.0122038415703	-0.0180496941113	-0.042614567107	-0.00957350348439	0.030717681911	-0.0533249644003	-0.0662330853999	-0.00614098885126	0.028011499242	0.00955560687569	0.00298845178252	0.0117569896826	0.0164654522433	1.0	-0.0121785818132	0.00645738023273	-0.0340214566788	0.00871427014128	0.0159833150309	-0.0416904754073	0.00302789714755	0.0276658757212	0.0129904607981	-0.0827956167111	0.00246000293186	0.00608990243164	0.0122554195107	-0.0442118268266	0.0102832969397	-0.0447617437318	-0.0452503502242	-0.00204321417186	-0.0372216820458	-0.0352926216518	-0.0348071328588	0.0302492922583	-0.00737428312179	0.00109245152328	0.0587419969363	-0.0384354133602	-0.0527459211405	0.00752352740535	-0.011105158385	0.0369452574254	-0.0210984191477	-0.0370584128763	-0.0162744443668	-0.0181962382938	0.0463666101068
k__Bacteria;p__Firmicutes;c__Clostridia;o__Clostridiales;f__Oscillospiraceae;g__Oscillibacter;s__Oscillibacter_sp._KLE_1745	-0.0310708953302	0.0491459688658	0.00157438112201	-0.00351567736209	-0.0101851628118	-0.0172955894332	-0.00168417272694	-0.0331259492414	-0.0338650937645	-0.0153491650878	0.0103714141612	-0.0442291675995	-0.0306614555529	-0.035386336976	-0.0116918071395	-0.0127797987338	0.0466884857593	-0.0405392981969	0.00164820469449	0.00424524301837	-0.0245918913248	-0.0393427836666	0.0100560809375	-0.0121785818132	1.0	-0.0365111908547	-0.0472177825547	-0.0329577819186	0.0281661861322	-0.00285289633782	-0.0318340019337	0.0144425584004	-0.0699220737695	-0.0114198781796	-0.0450343004258	0.0597485371235	0.00533904287753	0.0157187012893	-0.0209905659083	-0.00050600275651	-0.013849154883	-0.0017941064082	-0.0425201414976	0.0609120713892	0.0264368184598	0.0324016431696	0.016846366228	0.0267377460755	0.027070299493	0.0148974017726	-0.0408881070091	0.0328295666298	-0.0344909638808	0.0188024014441	-0.0189958030471	-0.028840832253	0.00140826177489	-0.00503608650688	-0.0494753434782
k__Bacteria;p__Bacteroidetes;c__Bacteroidia;o__Bacteroidales;f__Bacteroidaceae;g__Bacteroides;s__Bacteroides_coprophilus	0.0510527341752	-0.0237488824627	0.0110548596377	0.0279488498918	-0.0511160390303	0.0397426550828	0.0284313804748	0.049727020901	-0.0703705306186	0.00970718429917	-0.0422689675867	0.000654975498552	-0.0640952900085	0.0460949410177	-0.0435494527613	0.0044313011744	-0.0388964606143	0.0337118969297	-0.0569757293115	-0.0231321823674	0.0107003131807	-0.0202337734629	-0.0377850787454	0.00645738023273	-0.0365111908547	1.0	-0.0116091018622	-0.0395427712258	-0.0353339279797	-0.0563267233836	0.0376216701068	0.015090026022	-0.0100702913828	-0.0350812018984	0.0126692030925	-0.0339826663797	0.018667211791	0.01663461182	-0.0171049209657	-0.014635147229	-0.0341140254466	-0.0373547458143	0.0314630583019	-0.0232608726436	0.0180810671405	-0.0216338661914	-0.0143627941048	-0.0495136106928	0.0392496049652	0.00250274418703	-0.0156051711898	0.0258539404237	0.0642860717618	-0.0472858914603	0.019325352706	0.00117806401249	0.00395641933712	-0.0129161057694	-0.0517153786031
k__Bacteria;p__Firmicutes;c__Clostridia;o__Clostridiales;f__Lachnospiraceae;g__Roseburia;s__Roseburia_intestinalis	-0.00715964970879	-0.0337727282155	0.049099766092	0.0139773893485	0.0980740783459	0.0172271575656	0.031997965606	0.0247692952173	-0.00686004621696	0.0212119164384	-0.0123829007601	-0.00724527621291	0.00274170714989	0.00826828392878	-0.011002764932	-0.0339194154374	-0.00531664903329	-0.0491446110179	-0.0050749249177	-0.0196907914763	0.000393027419053	-0.0954414546448	-0.00103655512745	-0.0340214566788	-0.0472177825547	-0.0116091018622	1.0	0.00852280012246	-0.0382014606828	-0.0677633058408	-0.013053511864	-0.0409364872344	0.0148054066604	0.0274867127818	0.0212735152002	-0.0270666246908	0.0102984658417	0.0123057032811	0.0214866955257	-0.0479524531484	0.0115252236449	-0.038946799479	0.00947007876053	-0.00393156724937	-0.0563359890398	-0.0510699754385	0.0201783420678	-0.00384847706946	-0.0209754890064	0.0307043541544	-0.00855685931771	0.00772545040623	0.0378892001573	0.00831360322748	-0.0379520835898	-0.00594651244503	0.0107322593057	-0.0305045097183	0.0273619793185
k__Bacteria;p__Firmicutes;c__Clostridia;o__Clostridiales;f__Lachnospiraceae;g__Roseburia;s__Roseburia_hominis	-0.0267477353965	0.0130082720198	0.046745114809	-0.0465085903158	0.0282989978008	0.00768200169477	0.000408392642048	0.000126951854284	-0.00158291305389	-0.00400448598644	-0.0295030915426	-0.0140712653573	0.0140491059319	-0.0148727343421	-0.0115426669061	-0.032821211703	-0.0187909259209	-0.0411260081362	0.00840283158062	-0.0177721163947	0.0912635019814	-0.00689003957418	-0.0308714294016	0.00871427014128	-0.0329577819186	-0.0395427712258	0.00852280012246	1.0	-0.0122423596155	-0.0294433703739	-0.0893929300801	-0.0237853664964	0.03129078156	0.0134863790348	-0.00416517670646	-0.00909324329196	-0.00667955608349	0.00672677104374	-0.0152442161657	-0.0480664562457	-0.0174181694071	-0.00799728809427	-0.0692835976438	-0.00368541522305	-0.0124422833078	0.0107736021811	0.0264805798081	-0.00797618190042	-0.00674810808122	0.0102804733564	-0.032544226047	0.0213585167204	-0.0263769768346	-0.0194950532346	0.0184798734311	0.0435660560066	-0.0301492406035	-0.0360369033432	-0.0122439535488
k__Bacteria;p__Bacteroidetes;c__Bacteroidia;o__Bacteroidales;f__Porphyromonadaceae;g__Parabacteroides;s__Parabacteroides_johnsonii	-0.00448430744648	0.0360613035483	-0.0393425047976	-0.0494147233793	-0.0291334005015	0.00525953412274	0.0121527448024	-0.0658349623275	-0.0312615027587	0.0747942738221	-0.0129605042786	0.0151942951905	-0.00216474646135	-0.0637670171143	0.0101331381621	-0.0674625755735	0.0127379516891	-0.00574352914317	-0.0536053547117	0.0114743487197	-0.030053702203	0.00369037325303	-0.0117886052842	0.0159833150309	0.0281661861322	-0.0353339279797	-0.0382014606828	-0.0122423596155	1.0	0.00286619587919	0.00251788631432	0.00335059054309	-0.0386398826697	0.00328180516004	-0.0090564151935	0.00151915775331	0.00960310160508	-0.0111536768676	0.0138800165177	0.0304625296056	0.0141704173109	-0.00759488343346	0.019905436736	0.00761117535032	0.0273005309571	0.0964550849741	0.0257674884756	0.0101016572676	-0.0774049978817	-0.046369243495	0.0112113999782	-0.0157777846662	-0.0200705821338	0.0236259157307	0.0174899787867	0.0267207290072	-0.0121551134805	-0.0622708134651	-0.0291568454298
k__Bacteria;p__Actinobacteria;c__Actinobacteria;o__Bifidobacteriales;f__Bifidobacteriaceae;g__Bifidobacterium;s__Bifidobacterium_longum	0.00956513551674	-0.00928604807703	-0.0020866318266	0.0392341067189	-0.0544271232091	0.00359750058137	0.026208238609	-0.00180370030959	0.0712861678091	-0.0825068756429	-0.0504033919515	-0.0234274391707	-0.0484807254326	-0.0152273668486	0.00281393995407	0.0135428181278	0.0263381679814	0.0576378087899	0.0366760385366	-0.00348522865252	-0.0221589958207	0.0309200666012	0.00583908656707	-0.0416904754073	-0.00285289633782	-0.0563267233836	-0.0677633058408	-0.0294433703739	0.00286619587919	1.0	-0.0112028281417	-0.00547396705851	-0.0204545048909	-0.0440394739898	0.0511413720423	-0.0409092412198	0.00603565452286	0.0079067663068	0.0171275173566	-0.0139541836154	-0.0149365164937	0.0161418497764	-0.00850221293341	0.00723696730201	0.00448168322809	-0.0830955264367	-0.04932323829	0.0429549853764	-0.030267246185	0.0123515710781	0.00988325131495	-0.00896417375518	0.0587709489366	-0.0512681775125	0.027925334877	0.000295101783469	-0.00962222454207	-0.00567793366583	-0.0691402256762
