#taxonomy	k__Bacteria;p__Bacteroidetes;c__Bacteroidia;o__Bacteroidales;f__Bacteroidaceae;g__Bacteroides;s__Bacteroides_vulgatus	k__Bacteria;p__Bacteroidetes;c__Bacteroidia;o__Bacteroidales;f__Bacteroidaceae;g__Bacteroides;s__Bacteroides_uniformis	k__Bacteria;p__Bacteroidetes;c__Bacteroidia;o__Bacteroidales;f__Rikenellaceae;g__Alistipes;s__Alistipes_putredinis	k__Bacteria;p__Bacteroidetes;c__Bacteroidia;o__Bacteroidales;f__Prevotellaceae;g__Prevotella;s__Prevotella_copri	k__Bacteria;p__Bacteroidetes;c__Bacteroidia;o__Bacteroidales;f__Bacteroidaceae;g__Bacteroides;s__Bacteroides_stercoris	k__Bacteria;p__Bacteroidetes;c__Bacteroidia;o__Bacteroidales;f__Bacteroidaceae;g__Bacteroides;s__Bacteroides_ovatus	k__Bacteria;p__Bacteroidetes;c__Bacteroidia;o__Bacteroidales;f__Rikenellaceae;g__Alistipes;s__Alistipes_shahii	k__Bacteria;p__Firmicutes;c__Clostridia;o__Clostridiales;f__Ruminococcaceae;g__Faecalibacterium;s__Faecalibacterium_prausnitzii	k__Bacteria;p__Bacteroidetes;c__Bacteroidia;o__Bacteroidales;f__Rikenellaceae;g__Alistipes;s__Alistipes_finegoldii	k__Bacteria;p__Bacteroidetes;c__Bacteroidia;o__Bacteroidales;f__Porphyromonadaceae;g__Parabacteroides;s__Parabacteroides_distasonis	k__Bacteria;p__Bacteroidetes;c__Bacteroidia;o__Bacteroidales;f__Bacteroidaceae;g__Bacteroides;s__Bacteroides_thetaiotaomicron	k__Bacteria;p__Bacteroidetes;c__Bacteroidia;o__Bacteroidales;f__Bacteroidaceae;g__Bacteroides;s__Bacteroides_coprocola	k__Bacteria;p__Bacteroidetes;c__Bacteroidia;o__Bacteroidales;f__Bacteroidaceae;g__Bacteroides;s__Bacteroides_cellulosilyticus	k__Bacteria;p__Bacteroidetes;c__Bacteroidia;o__Bacteroidales;f__Rikenellaceae;g__Alistipes;s__Alistipes_obesi	k__Bacteria;p__Firmicutes;c__Clostridia;o__Clostridiales;f__Lachnospiraceae;g__;s__[Eubacterium]_rectale	k__Bacteria;p__Bacteroidetes;c__Bacteroidia;o__Bacteroidales;f__Bacteroidaceae;g__Bacteroides;s__Bacteroides_plebeius	k__Bacteria;p__Bacteroidetes;c__Bacteroidia;o__Bacteroidales;f__Bacteroidaceae;g__Bacteroides;s__Bacteroides_fragilis	k__Bacteria;p__Proteobacteria;c__Betaproteobacteria;o__Burkholderiales;f__Sutterellaceae;g__Sutterella;s__Sutterella_wadsworthensis	k__Bacteria;p__Bacteroidetes;c__Bacteroidia;o__Bacteroidales;f__Porphyromonadaceae;g__Barnesiella;s__Barnesiella_intestinihominis	k__Bacteria;p__Bacteroidetes;c__Bacteroidia;o__Bacteroidales;f__Odoribacteraceae;g__Odoribacter;s__Odoribacter_splanchnicus	k__Bacteria;p__Bacteroidetes;c__Bacteroidia;o__Bacteroidales;f__Bacteroidaceae;g__Bacteroides;s__Bacteroides_salyersiae	k__Bacteria;p__Firmicutes;c__Clostridia;o__Clostridiales;f__Ruminococcaceae;g__Ruminiclostridium;s__[Eubacterium]_siraeum	k__Bacteria;p__Proteobacteria;c__Betaproteobacteria;o__Burkholderiales;f__Sutterellaceae;g__Parasutterella;s__Parasutterella_excrementihominis	k__Bacteria;p__Actinobacteria;c__Actinobacteria;o__Bifidobacteriales;f__Bifidobacteriaceae;g__Bifidobacterium;s__Bifidobacterium_adolescentis	k__Bacteria;p__Firmicutes;c__Clostridia;o__Clostridiales;f__Oscillospiraceae;g__Oscillibacter;s__Oscillibacter_sp._KLE_1745	k__Bacteria;p__Bacteroidetes;c__Bacteroidia;o__Bacteroidales;f__Bacteroidaceae;g__Bacteroides;s__Bacteroides_coprophilus	k__Bacteria;p__Firmicutes;c__Clostridia;o__Clostridiales;f__Lachnospiraceae;g__Roseburia;s__Roseburia_intestinalis	k__Bacteria;p__Firmicutes;c__Clostridia;o__Clostridiales;f__Lachnospiraceae;g__Roseburia;s__Roseburia_hominis	k__Bacteria;p__Bacteroidetes;c__Bacteroidia;o__Bacteroidales;f__Porphyromonadaceae;g__Parabacteroides;s__Parabacteroides_johnsonii	k__Bacteria;p__Actinobacteria;c__Actinobacteria;o__Bifidobacteriales;f__Bifidobacteriaceae;g__Bifidobacterium;s__Bifidobacterium_longum	k__Bacteria;p__Firmicutes;c__Clostridia;o__Clostridiales;f__;g__Flavonifractor;s__Flavonifractor_plautii	k__Bacteria;p__Firmicutes;c__Clostridia;o__Clostridiales;f__Clostridiaceae;g__Clostridium;s__Clostridium_phoceensis	k__Bacteria;p__Verrucomicrobia;c__Verrucomicrobiae;o__Verrucomicrobiales;f__Akkermansiaceae;g__Akkermansia;s__Akkermansia_muciniphila	k__Bacteria;p__Bacteroidetes;c__Bacteroidia;o__Bacteroidales;f__Prevotellaceae;g__Paraprevotella;s__Paraprevotella_xylaniphila	k__Bacteria;p__Firmicutes;c__Clostridia;o__Clostridiales;f__Ruminococcaceae;g__Ruminococcus;s__Ruminococcus_callidus	k__Bacteria;p__Bacteroidetes;c__Bacteroidia;o__Bacteroidales;f__Rikenellaceae;g__Alistipes;s__Alistipes_senegalensis	k__Bacteria;p__Firmicutes;c__Clostridia;o__Clostridiales;f__Lachnospiraceae;g__Blautia;s__Blautia_sp._KLE_1732	k__Bacteria;p__Bacteroidetes;c__Bacteroidia;o__Bacteroidales;f__Bacteroidaceae;g__Bacteroides;s__Bacteroides_oleiciplenus	k__Bacteria;p__Firmicutes;c__Clostridia;o__Clostridiales;f__Ruminococcaceae;g__Ruminococcus;s__Ruminococcus_bicirculans	k__Bacteria;p__Bacteroidetes;c__Bacteroidia;o__Bacteroidales;f__Bacteroidaceae;g__Bacteroides;s__Bacteroides_fluxus	k__Bacteria;p__Bacteroidetes;c__Bacteroidia;o__Bacteroidales;f__Prevotellaceae;g__Prevotella;s__Prevotella_stercorea	k__Bacteria;p__Firmicutes;c__Clostridia;o__Clostridiales;f__Lachnospiraceae;g__Dorea;s__Dorea_longicatena	k__Bacteria;p__Firmicutes;c__Clostridia;o__Clostridiales;f__Eubacteriaceae;g__Eubacterium;s__[Eubacterium]_eligens	k__Bacteria;p__Firmicutes;c__Clostridia;o__Clostridiales;f__Ruminococcaceae;g__;s__Ruminococcaceae_bacterium_D16	k__Bacteria;p__Firmicutes;c__Clostridia;o__Clostridiales;f__Lachnospiraceae;g__Coprococcus;s__Coprococcus_comes	k__Bacteria;p__Proteobacteria;c__Gammaproteobacteria;o__Enterobacterales;f__Enterobacteriaceae;g__Escherichia;s__Escherichia_coli	k__Bacteria;p__Firmicutes;c__Clostridia;o__Clostridiales;f__Ruminococcaceae;g__Anaerotruncus;s__Anaerotruncus_colihominis	k__Bacteria;p__Firmicutes;c__Clostridia;o__Clostridiales;f__Lachnospiraceae;g__Blautia;s__Blautia_obeum	k__Bacteria;p__Bacteroidetes;c__Bacteroidia;o__Bacteroidales;f__Odoribacteraceae;g__Odoribacter;s__Odoribacter_laneus	k__Bacteria;p__Firmicutes;c__Clostridia;o__Clostridiales;f__Ruminococcaceae;g__Ruminiclostridium;s__[Clostridium]_leptum	k__Bacteria;p__Bacteroidetes;c__Bacteroidia;o__Bacteroidales;f__Porphyromonadaceae;g__Parabacteroides;s__Parabacteroides_goldsteinii	k__Bacteria;p__Firmicutes;c__Clostridia;o__Clostridiales;f__Lachnospiraceae;g__Anaerostipes;s__Anaerostipes_hadrus	k__Bacteria;p__Firmicutes;c__Clostridia;o__Clostridiales;f__Ruminococcaceae;g__Ruminococcus;s__Ruminococcus_lactaris	k__Bacteria;p__Firmicutes;c__Clostridia;o__Clostridiales;f__Clostridiaceae;g__Clostridium;s__Clostridium_sp._L2-50	k__Bacteria;p__Firmicutes;c__Clostridia;o__Clostridiales;f__Clostridiaceae;g__Clostridium;s__Clostridium_sp._M62/1	k__Bacteria;p__Firmicutes;c__Clostridia;o__Clostridiales;f__;g__Intestinimonas;s__Intestinimonas_butyriciproducens	k__Bacteria;p__Actinobacteria;c__Actinobacteria;o__Bifidobacteriales;f__Bifidobacteriaceae;g__Bifidobacterium;s__Bifidobacterium_bifidum	k__Bacteria;p__Firmicutes;c__Negativicutes;o__Veillonellales;f__Veillonellaceae;g__Dialister;s__Dialister_invisus	k__Bacteria;p__Bacteroidetes;c__Bacteroidia;o__Bacteroidales;f__Bacteroidaceae;g__Bacteroides;s__Bacteroides_salanitronis
k__Bacteria;p__Bacteroidetes;c__Bacteroidia;o__Bacteroidales;f__Bacteroidaceae;g__Bacteroides;s__Bacteroides_vulgatus	1.0	0.0133818442792	0.00469206407389	-0.0405977109764	-0.0373260803348	-0.00202261854434	0.0068105425772	-0.0603161719106	-0.0191797997077	0.0388304387913	0.0258836615873	0.00835170566157	-0.0726765158874	0.0152966236899	0.0164725692845	-0.0652894547464	0.00306838729581	0.0188141376342	-0.018086900755	0.0129265821694	0.0398497234038	-0.0130720240977	-0.0124822829711	-0.0870129706424	-0.0683985229337	0.037460688732	-0.00979271086203	0.0224717416378	-0.0728646123526	0.0545850380262	0.000402876202856	-0.0270899475287	0.0376415218282	-0.0335903445935	-0.0149506368501	0.014999334283	-0.0407620768169	0.00884322747095	-0.0464083995128	-0.0346738746037	-0.038262934892	-0.0329786886599	-0.00146647391676	-0.0188522252362	-0.0474931872751	0.0229641724546	0.0445402500932	0.0130697853709	0.00157201440628	-0.028677019703	-0.0231214515115	-0.00366980533401	-0.00562772171538	0.00646880091188	0.0252946660513	-0.0259952946985	-0.0114554092918	-0.0154490978899	-0.0539538322861
k__Bacteria;p__Bacteroidetes;c__Bacteroidia;o__Bacteroidales;f__Bacteroidaceae;g__Bacteroides;s__Bacteroides_uniformis	0.0133818442792	1.0	0.00095530279306	-0.0378028362739	0.00333175088333	0.0215653629366	0.00979290633058	-0.0404252620995	-0.018924625538	0.0102257443593	-0.0465428297759	-0.0494330429862	-0.0287991744468	-0.084420180986	0.0206416971431	0.0530734989454	-0.0342227779218	-0.00453841084071	-0.0016240423397	-0.0471572276715	-0.0202451755467	0.0393824744391	0.0094708447158	-0.0353372081905	0.0182675456089	-0.0328708140963	0.0382936728764	0.0172422078255	-0.00648323160486	-0.050942275133	-0.00169342819815	-0.0749137436662	-0.0298996070404	-0.0168960307434	0.0298764999802	-0.0207746382165	-0.0620306902269	-0.0127219642937	0.0343295490632	0.0158373339475	-0.00500465142376	-0.0515196578611	0.00466465839928	-0.0145823953812	-0.0322267515779	0.0338529757449	-0.00130987826762	0.022845735184	0.0684591126503	-0.0337344836071	-0.0868926827407	-0.0313904573472	0.0166915010226	0.0214839213293	-0.0154429279252	0.00960919830302	-0.031430204687	-0.0604325519116	-0.0456831819831
k__Bacteria;p__Bacteroidetes;c__Bacteroidia;o__Bacteroidales;f__Rikenellaceae;g__Alistipes;s__Alistipes_putredinis	0.00469206407389	0.00095530279306	1.0	-0.0938479243819	-0.0150478312123	0.0230259229433	-0.0549301736652	0.00955453116915	0.0455424079094	0.0785551131351	0.0142123607268	0.0304591081683	-0.0447765280821	-0.0726812358314	-0.0143017680491	-0.0219307271542	-0.0236085397618	0.0168696266973	0.0454269787244	0.0250093850036	-0.0224262852805	-0.0124397944259	-0.0171021619245	-0.0414536793163	-0.00240832084643	0.0276765064112	-0.0679249271563	0.0130204892286	-0.0145971574432	-0.0305861020519	0.0237188460407	0.0488158168908	-0.00178460250499	-0.0403991165754	-0.0171524305616	0.046435751194	-0.0156837841772	-0.00737288747828	-0.0376881340127	-0.0339930942549	-0.0129724091703	0.0134215633944	-0.0193459224386	-0.0438817654879	-0.0166313790652	-0.0410628279145	0.0356041325948	0.0241753153759	-0.0321466773136	-0.0356516785863	0.0038106737021	-0.0140045311648	-0.0262141922728	0.0104526524194	0.0231966492125	0.0356000732512	-0.0403247542639	-0.0197192422222	0.00505151015642
k__Bacteria;p__Bacteroidetes;c__Bacteroidia;o__Bacteroidales;f__Prevotellaceae;g__Prevotella;s__Prevotella_copri	-0.0405977109764	-0.0378028362739	-0.0938479243819	1.0	-0.023523742459	0.00744816801327	-0.0429222595247	-0.0140757086496	0.00104540640062	0.0335113444087	-0.0177389879142	0.00225208540977	0.00619926057832	0.0268273499438	-0.0264653761767	-0.00724584870357	0.0225424925033	-0.0118011269083	-0.0593969928093	-0.00233748060803	-0.00458885187389	-0.0505019578489	0.015782648192	-0.0207860649744	-0.0744128695942	-0.0330574368065	0.00213944255029	0.020197990786	-0.01068548982	-0.00610897251421	-0.0476586426149	-0.0177450037944	0.0917871610984	0.0391726201545	0.0250034132554	0.0210192914419	-0.0287127168199	-0.00578307878619	-0.0377016477563	-0.00508554130799	-0.00728668577417	-0.00888514248713	-0.00864441067277	0.0243689641254	-0.00148260004364	-0.0103122312877	-0.0177534484097	0.0497122068561	0.0289203340743	-0.0204666717991	0.0209544926826	0.0262115599948	-0.00240978191281	-0.0426787049552	0.0344052687999	0.0614798018605	0.034385641974	-0.0237388705717	0.0105404863272
k__Bacteria;p__Bacteroidetes;c__Bacteroidia;o__Bacteroidales;f__Bacteroidaceae;g__Bacteroides;s__Bacteroides_stercoris	-0.0373260803348	0.00333175088333	-0.0150478312123	-0.023523742459	1.0	0.00479717184773	0.0856194578597	-0.0716543859661	0.0248850060372	-0.0297960887592	0.069588744112	-0.00286902791967	-0.0337733499414	-0.0205760328745	0.0551751424676	-0.022915791798	0.010194968806	-0.0237142369542	0.0350511513055	-0.00954007376902	-0.0265592355263	-0.0180933016992	-0.00762070625309	-0.0451067409478	0.00522333669517	-0.00956181987852	-0.00320291086405	0.00894480465289	-0.0123279396172	0.0464138334529	-0.0209017403998	-0.00832290467005	0.0294219496838	0.0324941439119	0.0148465491502	0.0593607189752	0.00314257450182	-0.0221153573945	-0.0347577839658	-0.015067086947	0.0667929609772	-0.0164186469454	0.0221077574733	-0.0450743556008	-0.00998775646518	0.00948756687722	0.000945830202261	0.0289264086445	-0.010885209894	0.0187435080172	-0.0249805371918	-0.0187146450293	-0.0502832641559	-0.0411692089276	-0.0393811983275	-0.00080018310162	-0.0389223696376	-0.0238256216369	0.000123100842879
k__Bacteria;p__Bacteroidetes;c__Bacteroidia;o__Bacteroidales;f__Bacteroidaceae;g__Bacteroides;s__Bacteroides_ovatus	-0.00202261854434	0.0215653629366	0.0230259229433	0.00744816801327	0.00479717184772	1.0	-0.0177471064598	-0.047515180873	0.0196556790357	-0.0390654561498	-0.0174854619277	0.0100104220145	0.0268050162949	0.0523025058152	-0.013167733844	0.0208598394243	0.0217452741227	-0.0473834346899	-0.0334450418045	-0.0101791778277	0.0287380869499	-0.0281744155423	-0.0185903236198	-0.0340270984228	0.0184917951592	-0.0411001620191	-0.0110765098101	0.00398874761201	-0.00415523609501	0.0217289431174	0.000246468895994	-0.0266240182191	-0.0628259437891	0.0477162219321	0.0388829997494	-0.0311711322092	0.0335662150287	0.0474457445219	0.00734117355834	0.00266847494114	0.0815704672522	-0.033495342685	-0.00156340296744	-0.0292144856843	-0.0106501966411	-0.00392360659902	-0.0307264943927	0.00379502310008	-0.0206050633029	-0.0679666973336	-0.0402506407418	0.061870423949	-0.0450019067406	-0.0437242625923	-0.044022972096	-0.0346186376699	0.0370921376125	-0.0717453002922	-0.00520465939822
k__Bacteria;p__Bacteroidetes;c__Bacteroidia;o__Bacteroidales;f__Rikenellaceae;g__Alistipes;s__Alistipes_shahii	0.0068105425772	0.00979290633058	-0.0549301736652	-0.0429222595247	0.0856194578597	-0.0177471064598	1.0	-0.017655057977	-0.00130800772854	0.0185924660924	0.0220151143467	-0.0103553330164	-0.0479558223469	0.0410053594239	0.000115053624027	-0.00555098708706	-0.0526050920433	0.021798307402	0.0318502655639	-0.000303929840305	-0.0013730992161	-0.025525076035	-0.0251699543611	-0.041523159584	0.00406909337243	0.025242314465	-0.0555391235608	0.0490480102041	0.00325028395607	0.029944978548	-0.0402243356122	-0.0307835105153	0.0228426151044	-0.0407348813758	-0.0436820180644	-0.133831864688	0.0314294686847	0.0272568616276	0.0201918614241	0.00212760405509	0.0153797252444	-0.0160299016257	-0.0267835746007	0.037003369752	-0.0125800878079	0.0250052525536	-0.00375025379316	-0.0923610110474	0.00663053580381	-0.0495994468872	0.0316944663842	-0.00886998452412	-0.0252003475155	-0.0117909416861	-0.0464126091971	0.00196369072206	0.0837020551967	-0.00174317787894	0.0201802230465
k__Bacteria;p__Firmicutes;c__Clostridia;o__Clostridiales;f__Ruminococcaceae;g__Faecalibacterium;s__Faecalibacterium_prausnitzii	-0.0603161719106	-0.0404252620995	0.00955453116915	-0.0140757086496	-0.0716543859661	-0.047515180873	-0.017655057977	1.0	0.0146699775389	0.0299510686005	0.0211810182325	0.0285101914646	0.0606560587864	-0.0249772698198	-0.0926440254812	-0.00453931068399	0.000848216726257	-2.18679491874e-05	0.0643026876226	-0.035774221856	-0.0103960321375	-0.0012374421041	-0.0449139188981	0.0276244785682	-0.0451726704283	-0.0218504026643	0.0110392819385	0.00736844391799	-0.0346123344282	0.0260966670937	0.000367480741506	-0.0372011859814	0.0105376514817	-0.0620206885353	-0.0116194281733	0.0754988083501	-0.0594168425138	0.00990233842754	-0.0578014230958	0.00843264219898	-0.0160571224259	0.038813362942	0.0174734627847	-0.0278512882696	-0.00856712493786	0.00527770221525	-0.0543674103437	-0.00509776193313	-0.0069812562364	-0.0540464987113	0.026081997599	0.00814112328778	0.0377766189399	0.0130621160925	-0.0459548216888	-0.0791982495419	0.0365557014091	0.0121287509287	-0.0523394340551
k__Bacteria;p__Bacteroidetes;c__Bacteroidia;o__Bacteroidales;f__Rikenellaceae;g__Alistipes;s__Alistipes_finegoldii	-0.0191797997077	-0.018924625538	0.0455424079094	0.00104540640062	0.0248850060372	0.0196556790357	-0.00130800772854	0.0146699775389	1.0	0.0390808692154	-0.0318766618889	0.0549897600721	-0.0198503423333	-0.0598422403038	-0.0422537700857	0.0107203748161	-0.042224775665	-0.00611460283549	-0.065476116282	-0.041519335396	-0.0303876648705	-0.0839173798757	0.0318543399033	-0.00215626903135	0.0178869247137	0.0139563314509	-0.0176574069022	-0.0568419408928	0.0234964327392	-0.00589568789603	0.0232327555827	-0.0198647467413	-0.0427739744111	0.0264064606688	0.0228778000895	-0.04648970195	0.0250538307771	-0.0192787896503	-0.0324678127068	0.00394824312987	0.00771388600924	0.0111340116782	-0.0662988154861	-0.0892276016435	-0.0245471051774	-0.00932973797854	-0.0238282451439	0.027403939591	-0.0385161737084	-0.0189016725891	0.0458550063807	0.0198920105763	-0.0433529752205	0.00789610047352	0.0253763537833	-0.0108002911521	-0.00735596664678	-0.00526165861325	-0.000790459979207
k__Bacteria;p__Bacteroidetes;c__Bacteroidia;o__Bacteroidales;f__Porphyromonadaceae;g__Parabacteroides;s__Parabacteroides_distasonis	0.0388304387913	0.0102257443593	0.0785551131351	0.0335113444087	-0.0297960887592	-0.0390654561498	0.0185924660924	0.0299510686005	0.0390808692154	1.0	-0.0444759635445	-0.00278635055105	0.00500607412179	-0.0599624177643	0.00286486409778	-0.0348948360665	-0.0194948931522	0.00933688035781	-0.0435265340473	-0.00537583851348	0.00856286336032	-0.032828098111	-0.0213867610134	-0.0617690923551	-0.0382144906598	0.0161023109107	-0.0276653987505	0.0517262644903	-0.00112046596275	-0.00167029547579	-0.0820806108246	-0.0236339031643	-0.0461983539191	0.0564637470449	-0.0695238810906	-0.0161934720872	-0.0547859385514	0.0115409745559	-0.0601289654285	-0.049712481231	-0.00247035506374	-0.0631092985766	-0.0256196448223	0.0262124460143	0.0417455270228	-0.0428830428951	-0.017465418033	0.0362177119267	-0.00315996019084	0.00221395681978	0.0156705268139	0.00807637200323	-0.0481509289273	-0.0112164459665	-0.0138660967414	-0.0128158119262	-0.0304326192986	0.0611874587346	-0.0591777527662
k__Bacteria;p__Bacteroidetes;c__Bacteroidia;o__Bacteroidales;f__Bacteroidaceae;g__Bacteroides;s__Bacteroides_thetaiotaomicron	0.0258836615873	-0.0465428297759	0.0142123607268	-0.0177389879142	0.069588744112	-0.0174854619277	0.0220151143467	0.0211810182325	-0.0318766618889	-0.0444759635445	1.0	-0.0219943538659	0.005819095916	-0.0322785671352	-0.0720856944613	0.000396487719408	0.00348136634292	0.0292490870922	-0.0103694985477	0.0391479687728	0.0111402253833	-0.0815520175534	-0.0569845588973	-0.0452946688686	0.0210922290438	0.0166474150911	0.0336033921059	0.0321672059333	-0.0244813490077	-0.0462212884281	0.00874551004739	0.0329110849673	-0.0494912376328	-0.0053518562133	0.0488761075333	-0.030147020442	0.0441954645802	-0.0253713834431	-0.0217934826873	-0.0509478416714	-0.03337918072	0.0231620521339	-0.000184642134768	-0.0460839096556	-0.0495195087897	-0.0710581938562	-0.0698246445336	-0.0776782639156	0.0184111033967	-0.0122579829603	-0.0265885149638	-0.0348060360305	-0.000234275489075	0.0292719927256	0.0521999528004	-0.0296335695255	-0.0317351422653	0.014513708896	0.00299602990919
k__Bacteria;p__Bacteroidetes;c__Bacteroidia;o__Bacteroidales;f__Bacteroidaceae;g__Bacteroides;s__Bacteroides_coprocola	0.00835170566157	-0.0494330429862	0.0304591081683	0.00225208540977	-0.00286902791967	0.0100104220145	-0.0103553330164	0.0285101914646	0.0549897600721	-0.00278635055105	-0.0219943538659	1.0	-0.0618671780753	-0.0465353754437	0.020106676101	-0.0397819276411	-0.0411079066672	0.024653548185	0.0249542933259	0.0111148717519	0.0317482552642	-0.0170493449832	-0.0165342376888	-0.037618197721	-0.00331221026773	0.0153835709908	-0.0544295974075	-0.0845621262294	-0.0308925201424	0.0341423807071	-0.0185461049185	0.0219342948628	0.0291239589239	0.0486549566115	-0.0229348588803	0.00843713316722	-0.0244497744632	0.0445202295196	0.0124789945465	-0.0647415032751	0.0405815885004	-0.0534629110995	-0.0304443832726	0.000450372747707	-0.0456379786194	0.0123115091136	-0.0504192647576	-0.0148705814784	-0.0526421633122	0.00439720158152	-0.0642867981562	-0.0139908813337	-0.0324864963143	0.0697311536815	-0.0386790424634	0.048849278796	0.0145222421763	0.00358631859357	0.0490285071374
k__Bacteria;p__Bacteroidetes;c__Bacteroidia;o__Bacteroidales;f__Bacteroidaceae;g__Bacteroides;s__Bacteroides_cellulosilyticus	-0.0726765158874	-0.0287991744468	-0.0447765280821	0.00619926057832	-0.0337733499414	0.0268050162949	-0.0479558223469	0.0606560587864	-0.0198503423333	0.00500607412179	0.005819095916	-0.0618671780753	1.0	-0.0227921187003	0.00625486569677	-0.00883659089234	0.030646766039	0.00952960746649	-0.0209403894986	-0.0413219397934	0.0191374781215	-0.018537304535	0.00616435415457	0.00459070488184	-0.0210380368144	0.039609830729	-0.0239414662377	-0.0149744055896	0.0308531727665	0.0113044499944	-0.014874167647	-0.0678172859539	0.0039014169371	0.0135854631635	-0.0227401145244	0.00476347494244	0.00512062777692	-0.0525660152606	-0.0634687482036	0.0308566003656	-0.0249116731107	-0.0183643383685	0.0051746985713	0.013268553002	-0.0112380509634	-0.0644898930906	-0.0138227185063	-0.0167896147815	-0.0637021503494	0.00940722604282	0.0281001534625	0.0238392360245	-0.0523337619713	-0.0673661442229	0.0615107596562	-0.0357104376	-0.0661218856169	-0.0245532523234	-0.0341831675402
k__Bacteria;p__Bacteroidetes;c__Bacteroidia;o__Bacteroidales;f__Rikenellaceae;g__Alistipes;s__Alistipes_obesi	0.0152966236899	-0.084420180986	-0.0726812358314	0.0268273499438	-0.0205760328745	0.0523025058152	0.0410053594239	-0.0249772698198	-0.0598422403038	-0.0599624177643	-0.0322785671352	-0.0465353754437	-0.0227921187003	1.0	-0.00448151222732	0.0344841394473	0.0445447033786	0.058053420713	0.0324938663224	-0.00946815391219	0.00773860769419	0.04037643863	-0.000772376443886	0.100251788903	0.0170812423029	0.0198795218269	-0.00481249888487	-0.0159883284254	0.0232012696493	0.0426598909118	-0.0390212097068	-0.0959925465955	0.0109973500072	0.000493841344066	0.0254691507033	-0.0207448185653	0.0260064179475	0.0247311894161	0.0141595850753	-0.0337804890649	0.0221667623383	-0.03940295336	-0.0387335201871	-0.0372226326651	0.0915302388272	0.0198788944464	-0.0394396244288	-0.0251194898216	-0.0734479702354	0.00555910000207	-0.0096655432229	0.0353346851214	-0.0414390485874	-0.0190872172633	0.0526144064498	-0.022510695259	-0.0151914092703	-0.0710689271152	-0.0191668772951
k__Bacteria;p__Firmicutes;c__Clostridia;o__Clostridiales;f__Lachnospiraceae;g__;s__[Eubacterium]_rectale	0.0164725692845	0.0206416971431	-0.0143017680491	-0.0264653761767	0.0551751424676	-0.013167733844	0.000115053624027	-0.0926440254812	-0.0422537700857	0.00286486409778	-0.0720856944613	0.020106676101	0.00625486569677	-0.00448151222732	1.0	0.027591858464	0.0638727012869	0.0079597809171	-0.00437654669661	-0.0187652250704	-0.0253819640172	-0.00344209714656	-0.0326871196625	-0.0537018727053	0.0164900195333	-0.0118591468291	-0.0536445585006	-0.000766773387172	-0.028112681875	0.0269445082307	-0.0520223597833	-0.0236393414212	-0.0010078466593	0.0187710938364	-0.0127758616092	0.0131202720629	0.0162918597418	-0.0441061546053	-0.0608160297191	-0.00235598750358	-0.00427577888209	-0.0439408442235	-0.0366649638395	-0.0314673265169	-0.0169705194648	0.000388451526256	0.0649716935517	-0.0460117115712	-0.00507857095686	0.0256663851912	0.0498565268726	0.0106441423676	0.056964440744	0.0393010342674	0.00518181965724	0.0512670399894	0.0204986108372	-0.00534634955283	-0.00667796581284
k__Bacteria;p__Bacteroidetes;c__Bacteroidia;o__Bacteroidales;f__Bacteroidaceae;g__Bacteroides;s__Bacteroides_plebeius	-0.0652894547464	0.0530734989454	-0.0219307271542	-0.00724584870357	-0.022915791798	0.0208598394243	-0.00555098708706	-0.00453931068399	0.0107203748161	-0.0348948360665	0.000396487719408	-0.0397819276411	-0.00883659089234	0.0344841394473	0.027591858464	1.0	0.0207209568225	-0.0571082395691	-0.0528035173953	0.0123722865565	0.02906928989	-0.0293612441599	0.0472065149997	-0.00547990274341	0.00830673925155	0.0898064551962	-0.020759385253	-0.0046751402687	-0.0241075021292	-0.0303941950114	0.0111670114562	-0.0103000881416	0.00951080150703	0.0169081029736	-0.00523136223559	-0.0591313103761	-0.0189439390107	-0.0172116780693	0.0403826161392	0.00777551569361	-0.0139199401359	-0.0245743991511	0.0321010402977	-0.0184031703771	-0.00155690440863	-0.0052978149096	-0.00931759785466	-0.0238067980491	0.0483627396372	-0.00323466364142	0.0134810724168	-0.0402118150959	-0.060931743311	-0.00848669254455	-0.0575514946045	-0.00786550472987	-0.0197027296416	-0.00634466925128	0.0437765553746
k__Bacteria;p__Bacteroidetes;c__Bacteroidia;o__Bacteroidales;f__Bacteroidaceae;g__Bacteroides;s__Bacteroides_fragilis	0.00306838729581	-0.0342227779218	-0.0236085397618	0.0225424925033	0.010194968806	0.0217452741227	-0.0526050920433	0.000848216726257	-0.042224775665	-0.0194948931522	0.00348136634292	-0.0411079066672	0.030646766039	0.0445447033786	0.0638727012869	0.0207209568225	1.0	-0.0303681048517	-0.0287454614777	-0.0663872453994	-0.0186591890691	0.00571300921667	0.0287355601631	-0.0531423054539	-0.04985188344	-0.0712598228149	-0.0367609694624	0.0123663174575	-0.0278908659282	-0.0423726324286	0.00120687480187	-0.0555085626439	0.012854061906	-0.0403579092877	0.0505469996078	-0.0463620410134	-0.0663683867307	-0.0227071664033	0.0167253140518	0.0304506647171	-0.0454146276501	0.00397088899042	0.041216329156	-0.0259524390208	-0.0232872322964	-0.0178449635859	-0.00597367455921	-0.00276588925821	0.00764693074711	-0.0353659092786	-0.00863517644781	0.0147158217737	0.00914556457389	0.0189122095582	-0.048714103565	0.0161708240199	0.0403025997875	-0.0169520267848	-0.0248719491954
k__Bacteria;p__Proteobacteria;c__Betaproteobacteria;o__Burkholderiales;f__Sutterellaceae;g__Sutterella;s__Sutterella_wadsworthensis	0.0188141376342	-0.00453841084071	0.0168696266973	-0.0118011269083	-0.0237142369542	-0.0473834346899	0.021798307402	-2.18679491874e-05	-0.00611460283549	0.00933688035781	0.0292490870922	0.024653548185	0.00952960746649	0.058053420713	0.0079597809171	-0.0571082395691	-0.0303681048517	1.0	0.00196293621372	-0.0340376808955	-0.0677622244209	-0.0270442755995	0.000795092683293	-0.00467263349365	-0.00849928777166	-0.0706393969267	-0.00781010212798	-0.00725711554146	0.0216916600283	-0.0414167537109	-0.0148650862811	-0.0477483495597	-0.014870484146	-0.0167224925822	-0.0209726091285	-0.0320049940734	0.0324603554024	0.039675160805	0.00282999486574	0.00324024327816	-0.0457793506213	-0.0755577119109	-0.00324091131683	-0.0639893245323	0.0049403960911	-0.0314972586287	-0.0171889701618	0.00144277415719	0.00201192297077	0.0105643749991	0.0512226086914	-0.0547685742136	0.011932721165	-0.00601790316552	0.0200598557247	0.0154295677779	-0.00449468920728	0.0316334733033	0.0172228651829
k__Bacteria;p__Bacteroidetes;c__Bacteroidia;o__Bacteroidales;f__Porphyromonadaceae;g__Barnesiella;s__Barnesiella_intestinihominis	-0.018086900755	-0.0016240423397	0.0454269787244	-0.0593969928093	0.0350511513055	-0.0334450418045	0.0318502655639	0.0643026876226	-0.065476116282	-0.0435265340473	-0.0103694985477	0.0249542933259	-0.0209403894986	0.0324938663224	-0.00437654669661	-0.0528035173953	-0.0287454614777	0.00196293621372	1.0	-0.00995915916985	-0.000445860450499	0.0350240917748	-0.011902871059	-0.000654939743493	-0.0034605815736	-0.00946136184849	0.0116295645173	-0.00889435602033	0.00254157162988	0.0179765055875	-0.0694314502393	0.0129356580899	-0.0281433375016	-0.00320087656421	-0.0604385125592	0.0105696848879	-0.0518785450423	-0.0081785037386	0.0205659955637	0.0147513185053	0.0241912133893	-0.0205672960263	0.0150143131387	-0.0526560772363	-0.0279533167726	-0.00543512171457	-0.0336071032888	-0.0391222442238	-0.0574592776095	-0.0456064454585	-0.0615272393045	-0.00776867240382	0.0301445224881	0.0273716544424	0.000814003502067	-0.0371585329542	-0.0282074698626	-0.0142214497011	-0.0318429169979
k__Bacteria;p__Bacteroidetes;c__Bacteroidia;o__Bacteroidales;f__Odoribacteraceae;g__Odoribacter;s__Odoribacter_splanchnicus	0.0129265821694	-0.0471572276715	0.0250093850036	-0.00233748060803	-0.00954007376902	-0.0101791778277	-0.000303929840305	-0.035774221856	-0.041519335396	-0.00537583851348	0.0391479687728	0.0111148717519	-0.0413219397934	-0.00946815391219	-0.0187652250704	0.0123722865565	-0.0663872453994	-0.0340376808955	-0.00995915916985	1.0	0.016485505329	-0.047235494883	0.00942242874723	0.0203955009457	0.00107150997444	-0.0423729233535	-0.00230366294777	-0.0211933290638	-0.019810348861	-0.0344899926218	-0.0248837376008	0.0371719779023	5.74994176438e-06	0.0259694933712	0.0046953384765	-0.016945289301	0.0289673509956	0.0128461047953	-0.0198572094427	-0.0213438823559	-0.0101038195253	-0.0142919141704	-0.0168514105411	-0.025735299363	-0.037279554963	0.011047288495	-0.00309926863979	0.0656669101618	0.0015127737423	-0.0545397033658	0.0340563739077	0.0014048342897	-0.0367463971038	0.0432603028567	0.0155248866597	0.0101949433535	-0.0461097715345	-0.0296361314663	-0.0439930529482
k__Bacteria;p__Bacteroidetes;c__Bacteroidia;o__Bacteroidales;f__Bacteroidaceae;g__Bacteroides;s__Bacteroides_salyersiae	0.0398497234038	-0.0202451755467	-0.0224262852805	-0.00458885187389	-0.0265592355263	0.0287380869499	-0.0013730992161	-0.0103960321375	-0.0303876648705	0.00856286336032	0.0111402253833	0.0317482552642	0.0191374781215	0.00773860769419	-0.0253819640172	0.02906928989	-0.0186591890691	-0.0677622244209	-0.000445860450499	0.016485505329	1.0	0.0736423409713	-0.0181193816781	0.027728845588	-0.0621893907011	0.0371173757654	-0.0131593068541	-0.0204798402853	-0.0413208421996	-0.0296878298517	-0.00385277340922	0.042074590388	0.0155497717958	0.00255264968916	-0.0326744513603	-0.0208693896795	-0.0163920541743	0.0488812743619	-0.0216748983294	-0.0442798656776	0.0524469028971	-0.00861345558624	-0.0654109680187	0.0188162968123	-0.0150081632071	-0.00682815681678	0.0153644885851	-0.0101672576888	-0.0360166412139	0.038034227839	-0.0509610032325	0.0167793257962	-0.0274491453335	-0.00304769496599	-0.0264794466669	-0.0361172107875	0.0173408306994	0.0261736058057	0.0327037935915
k__Bacteria;p__Firmicutes;c__Clostridia;o__Clostridiales;f__Ruminococcaceae;g__Ruminiclostridium;s__[Eubacterium]_siraeum	-0.0130720240977	0.0393824744391	-0.0124397944259	-0.0505019578489	-0.0180933016992	-0.0281744155423	-0.025525076035	-0.0012374421041	-0.0839173798757	-0.032828098111	-0.0815520175534	-0.0170493449832	-0.018537304535	0.04037643863	-0.00344209714656	-0.0293612441599	0.00571300921667	-0.0270442755995	0.0350240917748	-0.047235494883	0.0736423409713	1.0	-0.0301860919704	-0.0233145541038	-0.0311876327385	0.0352914955106	-0.0307245704354	0.00038351667334	-0.051943126769	0.0444054140468	0.0201525992857	0.00311139834842	0.0615284574543	-0.0339804986171	0.00686600886083	0.061502276886	-0.0478175555638	-0.0167443983541	0.00190845214538	-0.0300263927704	-0.0415755569699	-0.0393384139098	0.0216728222441	-0.00925462138334	0.00369410061103	0.0309997413582	0.00290579033544	-0.0446900579308	-0.0228505022053	0.000254706852772	-0.0907766663301	-0.0462535505625	-0.0270362438296	0.0056954781346	0.0221101858631	0.00645716386373	0.0283984321586	-0.000477197147075	-0.0157212792694
k__Bacteria;p__Proteobacteria;c__Betaproteobacteria;o__Burkholderiales;f__Sutterellaceae;g__Parasutterella;s__Parasutterella_excrementihominis	-0.0124822829711	0.0094708447158	-0.0171021619245	0.015782648192	-0.00762070625309	-0.0185903236198	-0.0251699543611	-0.0449139188981	0.0318543399033	-0.0213867610134	-0.0569845588973	-0.0165342376888	0.00616435415457	-0.000772376443886	-0.0326871196625	0.0472065149997	0.0287355601631	0.000795092683293	-0.011902871059	0.00942242874723	-0.0181193816781	-0.0301860919704	1.0	-0.0364215101069	0.0339372643905	0.00596243106037	0.0210343582409	-0.027025389996	0.0661500230737	-0.0769398599161	0.0301874746823	-0.00541324323906	0.0364333441715	-0.00504401461629	-0.0444725540556	-0.0489132730128	0.000311125645482	0.0144959862282	0.010852543869	0.0364719630079	0.00917663685817	0.0151242254145	-0.0142585956364	-0.0435265804818	-0.0204993212689	-0.0739525202351	0.0460744892942	-0.0163386000736	-0.0743317722721	-0.0331123884048	-0.0427370041158	0.0190896575277	-0.0441677265501	0.045355665382	-0.0040051275394	-0.0732370481473	-0.00685982869835	-0.010692076293	0.04257485302
k__Bacteria;p__Actinobacteria;c__Actinobacteria;o__Bifidobacteriales;f__Bifidobacteriaceae;g__Bifidobacterium;s__Bifidobacterium_adolescentis	-0.0870129706424	-0.0353372081905	-0.0414536793163	-0.0207860649744	-0.0451067409478	-0.0340270984228	-0.041523159584	0.0276244785682	-0.00215626903135	-0.0617690923551	-0.0452946688686	-0.037618197721	0.00459070488184	0.100251788903	-0.0537018727053	-0.00547990274341	-0.0531423054539	-0.00467263349365	-0.000654939743493	0.0203955009457	0.027728845588	-0.0233145541038	-0.0364215101069	1.0	0.00183533284838	0.00349289868342	0.0210801345412	-0.058197451396	-0.0217698638997	-0.0474893904491	0.0467188156667	-0.0301164773952	-0.0271298211474	0.0316276505863	0.0109924222306	-0.0088862166602	-0.0415646953336	0.0320293147724	0.0426356347262	0.0217524279623	-0.00298814525895	0.00915910613599	0.0216971432348	-0.00104106181595	-0.00840796509382	-0.0028710741174	0.00516305384922	-0.0211106364216	-0.0396111759325	0.0362169546638	0.0669971434807	-0.0071833308431	-0.0322327896073	0.0105328321603	-0.00199021640993	-0.0548018497944	-0.0244402365927	-0.0289820215552	-0.0181983411538
k__Bacteria;p__Firmicutes;c__Clostridia;o__Clostridiales;f__Oscillospiraceae;g__Oscillibacter;s__Oscillibacter_sp._KLE_1745	-0.0683985229337	0.0182675456089	-0.00240832084643	-0.0744128695942	0.00522333669517	0.0184917951592	0.00406909337243	-0.0451726704283	0.0178869247137	-0.0382144906598	0.0210922290438	-0.00331221026773	-0.0210380368144	0.0170812423029	0.0164900195333	0.00830673925155	-0.04985188344	-0.00849928777166	-0.0034605815736	0.00107150997444	-0.0621893907011	-0.0311876327385	0.0339372643905	0.00183533284838	1.0	0.00283438007222	-0.0157494741433	-0.00826239345148	-0.0192721330441	-0.0144258521057	-0.00826544344528	-0.0315447016008	-0.0165917318027	-0.0596423517619	0.0086790594443	0.0123759793611	-0.0345853813211	-0.0234683959093	0.0392353145291	-0.0377473734825	-0.0411681417456	-0.0404854072039	0.0223501217536	-0.0207285735308	0.0205718578332	-0.0369558024082	0.0200130578847	-0.0421903172545	-0.0154084627564	0.0801143414821	-0.0486221105636	-0.0134765690865	0.052767529204	0.0549903966159	0.0221751511044	-0.0468156315102	0.0152261843732	0.00265755984401	-0.0326771001798
k__Bacteria;p__Bacteroidetes;c__Bacteroidia;o__Bacteroidales;f__Bacteroidaceae;g__Bacteroides;s__Bacteroides_coprophilus	0.037460688732	-0.0328708140963	0.0276765064112	-0.0330574368065	-0.00956181987852	-0.0411001620191	0.025242314465	-0.0218504026643	0.0139563314509	0.0161023109107	0.0166474150911	0.0153835709908	0.039609830729	0.0198795218269	-0.0118591468291	0.0898064551962	-0.0712598228149	-0.0706393969267	-0.00946136184849	-0.0423729233535	0.0371173757654	0.0352914955106	0.00596243106037	0.00349289868342	0.00283438007222	1.0	-0.0163673178752	-0.0133736064112	-0.0167156848672	-0.0240944310333	0.0258180775238	0.0173776254508	0.00810358369575	0.026873467094	0.0223533473173	-0.00981445937816	0.0451232512176	-0.00408936645186	0.0273530304606	-0.0243079904252	0.0288917871854	-0.0272653029952	-0.0548002434193	0.0263416120741	0.0130476270363	-0.00587310812147	-0.0321192767523	0.00669929356007	-0.0247630820422	-0.0735440635571	-0.0590388093395	-0.0271276047439	-0.0602201490251	0.0211501930731	-0.0140620170978	-0.0980910181469	-0.0432576085657	-0.0189117849658	-0.0551586218411
k__Bacteria;p__Firmicutes;c__Clostridia;o__Clostridiales;f__Lachnospiraceae;g__Roseburia;s__Roseburia_intestinalis	-0.00979271086203	0.0382936728764	-0.0679249271563	0.00213944255029	-0.00320291086405	-0.0110765098101	-0.0555391235608	0.0110392819385	-0.0176574069022	-0.0276653987505	0.0336033921059	-0.0544295974075	-0.0239414662377	-0.00481249888487	-0.0536445585006	-0.020759385253	-0.0367609694624	-0.00781010212798	0.0116295645173	-0.00230366294777	-0.0131593068541	-0.0307245704354	0.0210343582409	0.0210801345412	-0.0157494741433	-0.0163673178752	1.0	0.0113493150322	-0.0217939239957	-0.0365802771322	0.0211635518808	-0.0948417660931	0.0190068916222	0.0358574402724	0.0447276296324	0.00840206779128	-0.0204665223703	0.0101889955747	0.0310273836782	0.0260649868038	-0.0187844397074	-0.0424332145798	-0.00990077325683	-0.0138752146289	0.0147327248931	-0.0178907351214	-0.0064553518318	0.0218872214549	-0.029409020636	-0.00380022729806	-0.0229567341152	0.0183863100433	-0.00825918130182	-0.0144354684534	0.0223285226813	0.000540277165239	-0.0480877612846	0.0143289619954	-0.0359416297273
k__Bacteria;p__Firmicutes;c__Clostridia;o__Clostridiales;f__Lachnospiraceae;g__Roseburia;s__Roseburia_hominis	0.0224717416378	0.0172422078255	0.0130204892286	0.020197990786	0.00894480465289	0.00398874761201	0.0490480102041	0.00736844391799	-0.0568419408928	0.0517262644903	0.0321672059333	-0.0845621262294	-0.0149744055896	-0.0159883284254	-0.000766773387172	-0.0046751402687	0.0123663174575	-0.00725711554146	-0.00889435602033	-0.0211933290638	-0.0204798402853	0.00038351667334	-0.027025389996	-0.058197451396	-0.00826239345148	-0.0133736064112	0.0113493150322	1.0	-0.0536061233261	0.0275336232614	-0.00501457427216	0.00527622145641	-0.00153394567448	-0.0405673847606	0.0565274559023	-0.00399286422108	-0.0113034076013	-0.0686735305544	0.00761049275283	-0.0110814236857	-0.023679143892	0.0343467465073	0.0506440074362	0.0149131104455	-0.0300904771893	-0.0229414811787	-0.016786259418	0.0539886594264	0.0297200900946	0.00726928903688	0.0272609590708	0.0450054009863	-0.0396318131233	-0.0916385223849	0.0143357873532	-0.0363444986012	-0.00237057505007	-0.0150838271182	-0.0264094666637
k__Bacteria;p__Bacteroidetes;c__Bacteroidia;o__Bacteroidales;f__Porphyromonadaceae;g__Parabacteroides;s__Parabacteroides_johnsonii	-0.0728646123526	-0.00648323160486	-0.0145971574432	-0.01068548982	-0.0123279396172	-0.00415523609501	0.00325028395607	-0.0346123344282	0.0234964327392	-0.00112046596275	-0.0244813490077	-0.0308925201424	0.0308531727665	0.0232012696493	-0.028112681875	-0.0241075021292	-0.0278908659282	0.0216916600283	0.00254157162988	-0.019810348861	-0.0413208421996	-0.051943126769	0.0661500230737	-0.0217698638997	-0.0192721330441	-0.0167156848672	-0.0217939239957	-0.0536061233261	1.0	-0.0125105632703	-0.0093802622523	0.0208707027216	0.035450729688	-0.0196708719299	-0.0313420533865	0.0339017746357	0.0175764982156	-0.0368017859057	-0.0461753845436	-0.0441263535745	0.00907319667574	0.00884615040692	-0.0169723874822	0.0255554866189	0.00451030565913	0.0110609693916	-0.0286628332108	-0.0445330653916	0.00663434493584	-0.0198511008342	-0.0299043151371	0.0548985676104	0.0225121445408	0.0284470528884	-0.0630312744078	0.0285683099395	0.00214174050884	0.0105747914188	-0.0101156880951
k__Bacteria;p__Actinobacteria;c__Actinobacteria;o__Bifidobacteriales;f__Bifidobacteriaceae;g__Bifidobacterium;s__Bifidobacterium_longum	0.0545850380262	-0.050942275133	-0.0305861020519	-0.00610897251421	0.0464138334529	0.0217289431174	0.029944978548	0.0260966670937	-0.00589568789603	-0.00167029547579	-0.0462212884281	0.0341423807071	0.0113044499944	0.0426598909118	0.0269445082307	-0.0303941950114	-0.0423726324286	-0.0414167537109	0.0179765055875	-0.0344899926218	-0.0296878298517	0.0444054140468	-0.0769398599161	-0.0474893904491	-0.0144258521057	-0.0240944310333	-0.0365802771322	0.0275336232614	-0.0125105632703	1.0	-0.0628596106965	0.0366835483065	-0.00389990572388	-0.095642261635	-0.0320459723154	0.034342384654	-0.00464848703155	0.00880995813165	-0.069445088623	0.0150094218027	-0.000347740903015	-0.0231464113159	0.0192728744585	-0.002227116539	-0.0111816097346	0.0577129180679	0.0590413195445	0.00642949972492	-0.0140437759128	0.000452149957582	-0.115484107649	0.0166329670329	0.051803574733	-0.0541917963529	-0.00968899172792	0.0135019297788	0.0356993809604	0.0312121428705	-0.0518856661524
