#taxonomy	k__Bacteria;p__Bacteroidetes;c__Bacteroidia;o__Bacteroidales;f__Bacteroidaceae;g__Bacteroides;s__Bacteroides_vulgatus	k__Bacteria;p__Bacteroidetes;c__Bacteroidia;o__Bacteroidales;f__Bacteroidaceae;g__Bacteroides;s__Bacteroides_uniformis	k__Bacteria;p__Bacteroidetes;c__Bacteroidia;o__Bacteroidales;f__Rikenellaceae;g__Alistipes;s__Alistipes_putredinis	k__Bacteria;p__Bacteroidetes;c__Bacteroidia;o__Bacteroidales;f__Prevotellaceae;g__Prevotella;s__Prevotella_copri	k__Bacteria;p__Bacteroidetes;c__Bacteroidia;o__Bacteroidales;f__Bacteroidaceae;g__Bacteroides;s__Bacteroides_stercoris	k__Bacteria;p__Bacteroidetes;c__Bacteroidia;o__Bacteroidales;f__Bacteroidaceae;g__Bacteroides;s__Bacteroides_ovatus	k__Bacteria;p__Bacteroidetes;c__Bacteroidia;o__Bacteroidales;f__Rikenellaceae;g__Alistipes;s__Alistipes_shahii	k__Bacteria;p__Firmicutes;c__Clostridia;o__Clostridiales;f__Ruminococcaceae;g__Faecalibacterium;s__Faecalibacterium_prausnitzii	k__Bacteria;p__Bacteroidetes;c__Bacteroidia;o__Bacteroidales;f__Rikenellaceae;g__Alistipes;s__Alistipes_finegoldii	k__Bacteria;p__Bacteroidetes;c__Bacteroidia;o__Bacteroidales;f__Porphyromonadaceae;g__Parabacteroides;s__Parabacteroides_distasonis	k__Bacteria;p__Bacteroidetes;c__Bacteroidia;o__Bacteroidales;f__Bacteroidaceae;g__Bacteroides;s__Bacteroides_thetaiotaomicron	k__Bacteria;p__Bacteroidetes;c__Bacteroidia;o__Bacteroidales;f__Bacteroidaceae;g__Bacteroides;s__Bacteroides_coprocola	k__Bacteria;p__Bacteroidetes;c__Bacteroidia;o__Bacteroidales;f__Bacteroidaceae;g__Bacteroides;s__Bacteroides_cellulosilyticus	k__Bacteria;p__Bacteroidetes;c__Bacteroidia;o__Bacteroidales;f__Rikenellaceae;g__Alistipes;s__Alistipes_obesi	k__Bacteria;p__Firmicutes;c__Clostridia;o__Clostridiales;f__Lachnospiraceae;g__;s__[Eubacterium]_rectale	k__Bacteria;p__Bacteroidetes;c__Bacteroidia;o__Bacteroidales;f__Bacteroidaceae;g__Bacteroides;s__Bacteroides_plebeius	k__Bacteria;p__Bacteroidetes;c__Bacteroidia;o__Bacteroidales;f__Bacteroidaceae;g__Bacteroides;s__Bacteroides_fragilis	k__Bacteria;p__Proteobacteria;c__Betaproteobacteria;o__Burkholderiales;f__Sutterellaceae;g__Sutterella;s__Sutterella_wadsworthensis	k__Bacteria;p__Bacteroidetes;c__Bacteroidia;o__Bacteroidales;f__Porphyromonadaceae;g__Barnesiella;s__Barnesiella_intestinihominis	k__Bacteria;p__Bacteroidetes;c__Bacteroidia;o__Bacteroidales;f__Odoribacteraceae;g__Odoribacter;s__Odoribacter_splanchnicus	k__Bacteria;p__Bacteroidetes;c__Bacteroidia;o__Bacteroidales;f__Bacteroidaceae;g__Bacteroides;s__Bacteroides_salyersiae	k__Bacteria;p__Firmicutes;c__Clostridia;o__Clostridiales;f__Ruminococcaceae;g__Ruminiclostridium;s__[Eubacterium]_siraeum	k__Bacteria;p__Proteobacteria;c__Betaproteobacteria;o__Burkholderiales;f__Sutterellaceae;g__Parasutterella;s__Parasutterella_excrementihominis	k__Bacteria;p__Actinobacteria;c__Actinobacteria;o__Bifidobacteriales;f__Bifidobacteriaceae;g__Bifidobacterium;s__Bifidobacterium_adolescentis	k__Bacteria;p__Firmicutes;c__Clostridia;o__Clostridiales;f__Oscillospiraceae;g__Oscillibacter;s__Oscillibacter_sp._KLE_1745	k__Bacteria;p__Bacteroidetes;c__Bacteroidia;o__Bacteroidales;f__Bacteroidaceae;g__Bacteroides;s__Bacteroides_coprophilus	k__Bacteria;p__Firmicutes;c__Clostridia;o__Clostridiales;f__Lachnospiraceae;g__Roseburia;s__Roseburia_intestinalis	k__Bacteria;p__Firmicutes;c__Clostridia;o__Clostridiales;f__Lachnospiraceae;g__Roseburia;s__Roseburia_hominis	k__Bacteria;p__Bacteroidetes;c__Bacteroidia;o__Bacteroidales;f__Porphyromonadaceae;g__Parabacteroides;s__Parabacteroides_johnsonii	k__Bacteria;p__Actinobacteria;c__Actinobacteria;o__Bifidobacteriales;f__Bifidobacteriaceae;g__Bifidobacterium;s__Bifidobacterium_longum	k__Bacteria;p__Firmicutes;c__Clostridia;o__Clostridiales;f__;g__Flavonifractor;s__Flavonifractor_plautii	k__Bacteria;p__Firmicutes;c__Clostridia;o__Clostridiales;f__Clostridiaceae;g__Clostridium;s__Clostridium_phoceensis	k__Bacteria;p__Verrucomicrobia;c__Verrucomicrobiae;o__Verrucomicrobiales;f__Akkermansiaceae;g__Akkermansia;s__Akkermansia_muciniphila	k__Bacteria;p__Bacteroidetes;c__Bacteroidia;o__Bacteroidales;f__Prevotellaceae;g__Paraprevotella;s__Paraprevotella_xylaniphila	k__Bacteria;p__Firmicutes;c__Clostridia;o__Clostridiales;f__Ruminococcaceae;g__Ruminococcus;s__Ruminococcus_callidus	k__Bacteria;p__Bacteroidetes;c__Bacteroidia;o__Bacteroidales;f__Rikenellaceae;g__Alistipes;s__Alistipes_senegalensis	k__Bacteria;p__Firmicutes;c__Clostridia;o__Clostridiales;f__Lachnospiraceae;g__Blautia;s__Blautia_sp._KLE_1732	k__Bacteria;p__Bacteroidetes;c__Bacteroidia;o__Bacteroidales;f__Bacteroidaceae;g__Bacteroides;s__Bacteroides_oleiciplenus	k__Bacteria;p__Firmicutes;c__Clostridia;o__Clostridiales;f__Ruminococcaceae;g__Ruminococcus;s__Ruminococcus_bicirculans	k__Bacteria;p__Bacteroidetes;c__Bacteroidia;o__Bacteroidales;f__Bacteroidaceae;g__Bacteroides;s__Bacteroides_fluxus	k__Bacteria;p__Bacteroidetes;c__Bacteroidia;o__Bacteroidales;f__Prevotellaceae;g__Prevotella;s__Prevotella_stercorea	k__Bacteria;p__Firmicutes;c__Clostridia;o__Clostridiales;f__Lachnospiraceae;g__Dorea;s__Dorea_longicatena	k__Bacteria;p__Firmicutes;c__Clostridia;o__Clostridiales;f__Eubacteriaceae;g__Eubacterium;s__[Eubacterium]_eligens	k__Bacteria;p__Firmicutes;c__Clostridia;o__Clostridiales;f__Ruminococcaceae;g__;s__Ruminococcaceae_bacterium_D16	k__Bacteria;p__Firmicutes;c__Clostridia;o__Clostridiales;f__Lachnospiraceae;g__Coprococcus;s__Coprococcus_comes	k__Bacteria;p__Proteobacteria;c__Gammaproteobacteria;o__Enterobacterales;f__Enterobacteriaceae;g__Escherichia;s__Escherichia_coli	k__Bacteria;p__Firmicutes;c__Clostridia;o__Clostridiales;f__Ruminococcaceae;g__Anaerotruncus;s__Anaerotruncus_colihominis	k__Bacteria;p__Firmicutes;c__Clostridia;o__Clostridiales;f__Lachnospiraceae;g__Blautia;s__Blautia_obeum	k__Bacteria;p__Bacteroidetes;c__Bacteroidia;o__Bacteroidales;f__Odoribacteraceae;g__Odoribacter;s__Odoribacter_laneus	k__Bacteria;p__Firmicutes;c__Clostridia;o__Clostridiales;f__Ruminococcaceae;g__Ruminiclostridium;s__[Clostridium]_leptum	k__Bacteria;p__Bacteroidetes;c__Bacteroidia;o__Bacteroidales;f__Porphyromonadaceae;g__Parabacteroides;s__Parabacteroides_goldsteinii	k__Bacteria;p__Firmicutes;c__Clostridia;o__Clostridiales;f__Lachnospiraceae;g__Anaerostipes;s__Anaerostipes_hadrus	k__Bacteria;p__Firmicutes;c__Clostridia;o__Clostridiales;f__Ruminococcaceae;g__Ruminococcus;s__Ruminococcus_lactaris	k__Bacteria;p__Firmicutes;c__Clostridia;o__Clostridiales;f__Clostridiaceae;g__Clostridium;s__Clostridium_sp._L2-50	k__Bacteria;p__Firmicutes;c__Clostridia;o__Clostridiales;f__Clostridiaceae;g__Clostridium;s__Clostridium_sp._M62/1	k__Bacteria;p__Firmicutes;c__Clostridia;o__Clostridiales;f__;g__Intestinimonas;s__Intestinimonas_butyriciproducens	k__Bacteria;p__Actinobacteria;c__Actinobacteria;o__Bifidobacteriales;f__Bifidobacteriaceae;g__Bifidobacterium;s__Bifidobacterium_bifidum	k__Bacteria;p__Firmicutes;c__Negativicutes;o__Veillonellales;f__Veillonellaceae;g__Dialister;s__Dialister_invisus	k__Bacteria;p__Bacteroidetes;c__Bacteroidia;o__Bacteroidales;f__Bacteroidaceae;g__Bacteroides;s__Bacteroides_salanitronis
k__Bacteria;p__Bacteroidetes;c__Bacteroidia;o__Bacteroidales;f__Bacteroidaceae;g__Bacteroides;s__Bacteroides_vulgatus	1.0	-0.0227723811574	0.0552468606037	0.00862190581907	0.00440383359535	0.00648344459725	0.000876069296544	-0.0153224356616	0.0383717636275	0.0433332401502	0.0456069715476	-0.0469435724174	-0.0394278489999	-0.00108316859437	-0.0287609644982	0.016426692313	0.0108746551746	-0.0499364664437	-0.00904498252012	0.015541847782	0.0101280833808	0.0385809257222	0.0141892973894	0.0108790906248	-0.0261879404896	-0.010973626023	-0.0400072654239	-0.0469331164051	-0.041979931879	0.00749324208279	-0.0451063385328	-0.0202806336106	-0.0713564105313	0.0122935673228	-0.042803368903	0.0106401337841	-0.00952420033185	0.044159467528	0.0242662451014	0.0448874380427	0.0161335120222	-0.0305565931982	-0.0270508586587	-0.0209364907719	-0.00250325001398	-0.0207953518773	-0.062801273685	0.0313155298604	-0.0260114958532	0.028482187716	-0.00500942638909	-0.0955562903874	0.0470492581715	-0.0144980428915	0.0026792350132	-0.0616761633126	-0.0205605079458	-0.0167020152539	-0.0476154846913
k__Bacteria;p__Bacteroidetes;c__Bacteroidia;o__Bacteroidales;f__Bacteroidaceae;g__Bacteroides;s__Bacteroides_uniformis	-0.0227723811574	1.0	-0.00100490676714	-0.0127225709085	-0.0209744999973	0.0618662623684	-0.0645112893313	-0.0484882992755	-0.00841799042975	-0.00663201359782	-0.0516433865265	-0.000586921710056	0.0202468356834	-0.0396209374763	-0.0352128313719	-0.0178716781739	-0.0439937434505	0.0349800135598	0.00643650357214	0.00511820963289	0.118323976355	0.0434416882959	-0.0238911494298	-0.0829109680134	-0.076558266545	-0.00353108892401	-0.0155493763556	0.04407278043	-0.0382620986025	-0.0160025385259	-0.00565667540083	0.0292448702579	-0.00614192260717	0.0104173433633	0.0294947304307	-0.0300209718695	-0.0238965814858	0.0819148062117	-0.0152648544083	-0.040175932075	-0.0778014936304	-0.0432273322425	0.00642592532122	0.00481127827902	-0.0547420644659	-0.0379094519118	-0.0397532568488	0.018322038288	0.000438663104324	-0.00904212229327	0.00535230832521	0.000739199739094	-0.0053679422511	-0.0199989644512	0.0525016063412	-0.00387365508233	-0.00646243563893	-0.0443371736248	0.013015530661
k__Bacteria;p__Bacteroidetes;c__Bacteroidia;o__Bacteroidales;f__Rikenellaceae;g__Alistipes;s__Alistipes_putredinis	0.0552468606037	-0.00100490676714	1.0	0.0248254517382	0.0211813608964	-0.00605044835286	-0.00428550376763	0.00369809578327	0.0245961808272	-0.029247114898	0.0375286820594	-0.0213124560687	-0.059366091943	0.000408816814878	-0.0394397789939	-0.0567403801781	-0.0166540200488	-0.0304560762987	-0.041645521312	0.0245223637178	0.0275194080983	-0.0380831078283	-0.00302613153202	-0.0289211917247	0.0114747689991	-0.0166121161545	0.0440068001501	-0.0268141046706	-0.0144748753665	-0.0295572331547	0.0156269549418	-0.0305365499961	-0.0381657669945	-0.0412899771538	-0.0385338534861	-0.00742936828051	0.0465479931588	-0.0330046844426	0.0141774673007	-0.0280398387355	-0.00621287304678	0.024912621229	0.0247564476593	0.0078849970447	-0.0715032868444	-0.0538495315385	-0.0244882851911	0.0221865940244	0.0260647586142	0.0605433826037	0.0233312708368	-0.0448035488017	0.0167000914186	-0.0239445700819	-0.0586306992529	-0.0171546952085	-0.026360885358	0.0108363319395	-0.0282653491162
k__Bacteria;p__Bacteroidetes;c__Bacteroidia;o__Bacteroidales;f__Prevotellaceae;g__Prevotella;s__Prevotella_copri	0.00862190581907	-0.0127225709085	0.0248254517382	1.0	0.0589179149425	-0.0551892210639	-0.0221864712611	-0.0105021463703	-0.0285199905801	-0.0431549677694	-0.0401746753307	-0.0591810024825	0.00815988247887	0.0228292965699	-0.0640470407835	-0.0255233048153	0.0180038272665	0.0347292075577	-0.0434876147433	0.021123171573	-0.0195733308637	-0.0545059160558	0.0897836388871	-0.0552528443344	0.00169946286692	-0.0682992890537	-0.0647240108472	-0.00413087751875	-0.0279019766068	-0.00657568585974	0.0139691259583	0.0029983821887	-0.047264963528	0.024238563084	0.0172078688474	-0.0206518346158	0.0208410217015	-0.00586792229777	-0.015834010087	-0.00148874120146	0.0315250584344	0.00812969002894	-0.00798956877085	-0.0181309569824	-0.035482138395	-0.0110655643082	-0.0109528229302	0.0185451240227	-0.0606686357417	-0.0265676685991	0.0210756016499	0.0163809078663	0.0517531893307	-0.0221742497458	-0.0145828039083	-0.0605356033185	0.0349901843033	-0.0658407314186	0.050595310457
k__Bacteria;p__Bacteroidetes;c__Bacteroidia;o__Bacteroidales;f__Bacteroidaceae;g__Bacteroides;s__Bacteroides_stercoris	0.00440383359535	-0.0209744999973	0.0211813608964	0.0589179149425	1.0	-0.0359933188169	-0.0223584465459	0.0733743225863	-0.0227080990556	-0.0361363182994	-0.011967623574	-0.082818409683	-0.0276928586514	-0.0502407043113	0.00245575716309	0.0431353929238	-0.00212987085956	-0.0101112352396	-0.00845920498268	-0.0526790770452	-0.0454604388212	-0.0296161688448	0.00993609422016	0.00679185618983	-0.0720822539493	-0.0627325489906	-0.0348738825953	0.00450368369883	0.001756469459	-0.0154076643861	0.00652707344447	0.0240331978712	-0.0605470838718	-0.0322531243584	0.0184271480059	-0.0270030182353	0.0233874355425	-0.026414985719	0.0370082388529	-0.00420939736201	-0.00559244447522	-0.0455408337188	-0.0652040908186	-0.0406021993425	0.0392918457805	0.0122500333614	-0.0255979326869	-0.00799673932407	0.0021764410606	0.00146764454143	-0.000666294829706	0.0058963979066	0.000611893121203	-0.00827509240256	0.0112188813727	0.0391258849469	-0.0112940081824	-0.0304945971635	0.0329921603321
k__Bacteria;p__Bacteroidetes;c__Bacteroidia;o__Bacteroidales;f__Bacteroidaceae;g__Bacteroides;s__Bacteroides_ovatus	0.00648344459725	0.0618662623684	-0.00605044835286	-0.0551892210639	-0.0359933188169	1.0	-0.00857654235961	-0.0710042091041	0.0478577269722	-0.032250475852	0.00474361442677	0.045861542634	0.0274037977508	-0.0316340678866	0.0147484017691	-0.0111565428766	-0.00404159930193	-0.0166687171196	-0.012133246942	0.0375387331062	0.0371387531859	-0.0108854104394	0.00756640081868	0.00839746844231	0.0395381247048	-0.0238292395482	0.00374743741967	0.0187733717233	-0.0224264323309	-0.0236006016276	-0.0240337675663	-0.0202190781556	0.00923586697763	-0.0148715845553	-0.0179948153355	-0.0142469609565	-0.0186711778584	-0.0631040337864	-0.0381698498115	-0.0417777835741	-0.011991834929	0.00702932851197	0.0383702316449	-0.0186199452599	-0.0549061810103	-0.0160957226836	-0.024496330195	-0.0491453775523	0.0250097724485	0.00752220565579	-0.0237502186748	-0.057690068782	-0.0270681193326	-0.046240213765	0.0472252067928	0.0491984805741	0.00436040949315	0.0168327840509	0.029902485499
k__Bacteria;p__Bacteroidetes;c__Bacteroidia;o__Bacteroidales;f__Rikenellaceae;g__Alistipes;s__Alistipes_shahii	0.000876069296544	-0.0645112893313	-0.00428550376763	-0.0221864712611	-0.0223584465459	-0.00857654235961	1.0	-0.0362448277768	-0.0375262946983	0.014507801982	0.0308647183405	-0.0588056455373	0.0226641134576	0.0680834920496	-0.0735828691926	-0.0726673869281	-0.0117067257821	-0.0143045730669	-0.0146072215881	-0.0348689928275	0.0237262669078	0.03268199678	0.0325830297046	-0.0167954243352	0.00890144331578	0.0240380500914	-0.0666003140166	0.0247670938739	0.0142961104208	0.00287741948686	0.0813254644148	-0.0551949721544	0.0850831902108	0.0293782395813	-0.0417058724194	-0.043082115289	-0.00655512574618	-0.0320485222832	-0.0197495096874	-0.0534770463565	-0.0269296635915	-0.0416735092873	-0.0708135814925	-0.0332727734974	-0.00682501671297	0.0158284280557	-0.0330190258348	0.0559889119475	-0.0247856559189	0.0387431387549	0.038413980528	-0.0675299352094	-0.0196439512585	-0.0365965277222	0.0176285704477	0.0381590991419	-0.0533552743539	0.037893063588	-0.0254176823125
k__Bacteria;p__Firmicutes;c__Clostridia;o__Clostridiales;f__Ruminococcaceae;g__Faecalibacterium;s__Faecalibacterium_prausnitzii	-0.0153224356616	-0.0484882992755	0.00369809578327	-0.0105021463703	0.0733743225863	-0.0710042091041	-0.0362448277768	1.0	0.00372414405943	-0.0262369136695	0.0145154434911	-0.059381827596	-0.0402353476599	0.0416236855981	0.000951203553436	0.0139895884974	-0.0166223087992	-0.0222009436967	-0.0294407825259	-0.0215727557911	-0.000807850868984	-0.00878538203019	0.0148569503435	0.0298661560683	-0.0243019101691	0.00728852662631	0.0565873272441	-0.00218201895743	0.0293143632629	0.026961103733	-0.00851973988371	-0.0249923445323	-0.0123166699099	-0.000388072760524	-0.0616849195671	-0.0374989573168	0.00141909478139	-0.0572979572542	0.0190961858939	0.0026931622026	-0.0305660916871	-0.0358148279864	-0.117094355984	0.021114834487	-0.0355836200248	-0.033830738917	0.00149197948515	-0.02650015576	0.00618074660948	0.000887763679028	0.0189664264242	0.0194649112467	-0.0136733663034	0.0175311695912	-0.020373502866	-0.01587523887	-0.0496704094647	-0.0388668371572	-0.0479133058095
k__Bacteria;p__Bacteroidetes;c__Bacteroidia;o__Bacteroidales;f__Rikenellaceae;g__Alistipes;s__Alistipes_finegoldii	0.0383717636275	-0.00841799042975	0.0245961808272	-0.0285199905801	-0.0227080990556	0.0478577269722	-0.0375262946983	0.00372414405943	1.0	-0.0065949572586	-0.0252405299939	0.0174014174342	0.0282090071622	0.0231792004435	0.01660622943	0.0554750301285	-0.00460218309443	0.00825628936903	0.0494979731143	-0.0183266801743	-0.0118407808481	-0.000411605733479	0.0290475175527	-0.0726470371991	0.0106252612197	-0.0176550337784	-0.0596883242325	0.00344301917794	-0.0574937865621	-0.00445760612653	-0.0181294219573	-0.0575794679516	-0.0646031996344	0.0509019473445	-0.00108973106544	-0.0189590237896	0.02578175074	-0.0110629912504	0.0422511779594	0.0348472368054	-0.0364267913874	-0.0490074551855	0.0078556965261	0.0370581542456	-0.034071170643	-0.0107718468521	0.0226725277692	-0.0479767926507	-0.075856248429	0.00760317812716	-0.0445320151559	-0.0249469558952	-0.0405706622933	-0.0185440511579	-0.038094359427	0.00417332396072	-0.0235460410301	-0.0627970115861	0.00537112648412
k__Bacteria;p__Bacteroidetes;c__Bacteroidia;o__Bacteroidales;f__Porphyromonadaceae;g__Parabacteroides;s__Parabacteroides_distasonis	0.0433332401502	-0.00663201359782	-0.029247114898	-0.0431549677694	-0.0361363182994	-0.032250475852	0.014507801982	-0.0262369136695	-0.0065949572586	1.0	0.00447574060582	0.0360145472526	0.00833043186561	0.0213445343859	0.0414728356983	0.00705408194744	-0.0367239785372	0.00244384395958	0.00661237442385	-0.00391022622178	0.00545048231516	0.028148819649	-0.109774337754	0.0515141650669	-0.00933345936757	0.00619638019661	-0.00131897934177	-0.0331919726508	-0.0417624898669	0.00401936977789	0.0424294312059	-0.00603594243516	-0.0637332602782	-0.0157681745402	-0.0275242018952	0.0124350709129	-0.0285727832633	0.0961711566603	0.00721529090329	0.0433504062539	-0.00270156879768	0.0250426368587	0.00283249039528	-0.0675537212594	-0.0295107145142	-0.0211409845127	-0.00335273892751	0.0381894476313	0.04474556206	-0.00673179701212	0.00800236359084	-0.0303018714395	-0.0345248992006	-0.0212442676562	-0.0544533529563	0.0410204402933	0.0348375125379	0.0164330658353	0.0363723298414
k__Bacteria;p__Bacteroidetes;c__Bacteroidia;o__Bacteroidales;f__Bacteroidaceae;g__Bacteroides;s__Bacteroides_thetaiotaomicron	0.0456069715476	-0.0516433865265	0.0375286820594	-0.0401746753307	-0.011967623574	0.00474361442677	0.0308647183405	0.0145154434911	-0.0252405299939	0.00447574060583	1.0	0.0149539013711	-0.0109940969594	0.00686007553235	0.00515945791748	0.00350738062191	0.0382611496793	0.000189370481609	0.0178645233602	-0.0322020953628	-0.0723668113333	-0.0227534505504	-0.0130618086067	-0.0275691884805	-0.0145958956492	0.0368897987298	-0.0641936408005	0.0284266300168	-0.0258337272591	0.0796644209341	-0.0370123450505	0.0128021685352	-0.0562353503096	0.00503982804867	-0.00239245689596	-0.010030526936	-0.0560138481714	0.0188463258435	-0.00382699293804	-0.040995812941	-0.029062210198	-0.0179674281542	0.0053624692928	-0.0694628594899	0.00337025719298	0.0185750956277	0.0524516583706	-0.0141322454121	-0.0227203261951	-0.0623062772464	-0.0778742358982	-0.0480087608172	0.00192198231837	-0.0606171006128	0.033782251051	0.0126669918821	0.0151815509639	0.0115202861539	-0.0577515708445
k__Bacteria;p__Bacteroidetes;c__Bacteroidia;o__Bacteroidales;f__Bacteroidaceae;g__Bacteroides;s__Bacteroides_coprocola	-0.0469435724174	-0.000586921710056	-0.0213124560687	-0.0591810024825	-0.082818409683	0.045861542634	-0.0588056455373	-0.059381827596	0.0174014174342	0.0360145472526	0.0149539013711	1.0	0.00911587147071	-0.0133837718729	0.00964039214138	-0.0200221612281	-0.00709317621185	0.00378115767993	-0.0578290051177	0.0306604434851	-0.0609164096498	-0.0510733768887	-0.0507102979173	0.013916025894	-0.0183603903528	0.0163592723274	0.039929832135	0.00695981606585	0.0614687759366	-0.0060208942703	-0.0311412435303	0.027777869684	-0.0155206582384	-0.0210925251933	0.0519425136587	-0.0395000900974	-0.0385077258906	-0.0340969715603	0.0126877031245	-0.00520196297386	-0.0295940944739	0.0858685338701	0.0318907741309	0.00265214835861	0.0411248869521	-0.0500371031181	0.0328981109943	0.0117782491469	0.0280786637056	0.013615041144	0.0451067670351	0.0100768470617	-0.0318790736223	-0.043333297662	-0.00190857156336	-0.0511883115544	-0.0120512774879	-0.0116156892583	-0.0130008796006
k__Bacteria;p__Bacteroidetes;c__Bacteroidia;o__Bacteroidales;f__Bacteroidaceae;g__Bacteroides;s__Bacteroides_cellulosilyticus	-0.0394278489999	0.0202468356834	-0.059366091943	0.00815988247887	-0.0276928586514	0.0274037977508	0.0226641134576	-0.0402353476599	0.0282090071622	0.00833043186561	-0.0109940969594	0.00911587147071	1.0	-0.0355906687316	-0.0518853425952	0.0443827661843	0.0162756103008	-0.0490467370244	-0.0101927447899	0.0335610927977	-0.0397128784095	-0.0151365807866	0.021062422113	0.000322926433141	-0.00539328975656	-0.0426609421478	-0.00968937281059	0.00634701816477	-0.0474354994099	0.0272657604099	-0.0424970237026	0.000704563381027	-0.00217487024866	-0.0296731633201	-0.0131171311075	0.0440871997902	-0.00829723220729	-0.0303685758523	0.0207663298721	-0.024207727085	-0.0292009249843	0.0254199423247	0.0157345366392	0.00149929557024	-0.000452220892625	-0.0682402804295	-0.0394117732143	-0.012615361521	-0.0317510723398	-0.0143223203053	-0.0109363440014	0.0226952432204	-0.0238631535495	-0.003509655447	-0.0355049017077	0.0309611118099	-0.0463942908779	-0.0104798643551	-0.0345853568915
k__Bacteria;p__Bacteroidetes;c__Bacteroidia;o__Bacteroidales;f__Rikenellaceae;g__Alistipes;s__Alistipes_obesi	-0.00108316859437	-0.0396209374763	0.000408816814878	0.0228292965699	-0.0502407043113	-0.0316340678866	0.0680834920496	0.0416236855981	0.0231792004435	0.0213445343859	0.00686007553235	-0.0133837718729	-0.0355906687316	1.0	-0.044343243527	-0.0167832311234	0.00261389808211	-0.015510108294	-0.0118297070653	-0.0118295787918	-0.0498588940687	-0.0203471659167	0.0200042445564	-0.0214084672881	-0.0310017270774	-0.00137085807422	0.0306147185609	0.0353007481491	0.0378341568713	-0.0459123774648	-0.0179119106532	-0.0256470202189	0.0265152283326	-0.00809337850918	0.0265549552211	0.0285302201119	-0.0646032133255	-0.0443474667775	0.084561585247	0.0185425707165	-0.0132952505355	0.00783662084736	-0.0775007742658	-0.0819139398053	-0.00370837254183	-0.00678056517805	-0.0103587642142	-0.0569965958497	-0.0225562597714	0.000576705037335	0.0159709431502	-0.00359924159969	-0.0315619294575	-0.0207760918963	-0.0315512094845	-0.0250434998159	-0.00479170685801	0.0194663241985	-0.0324599474977
k__Bacteria;p__Firmicutes;c__Clostridia;o__Clostridiales;f__Lachnospiraceae;g__;s__[Eubacterium]_rectale	-0.0287609644982	-0.0352128313719	-0.0394397789939	-0.0640470407835	0.00245575716309	0.0147484017691	-0.0735828691926	0.000951203553436	0.01660622943	0.0414728356983	0.00515945791748	0.00964039214138	-0.0518853425952	-0.044343243527	1.0	-0.0313871010387	-0.0362775503226	0.0151129926341	-0.0357832208248	-0.0024623310594	0.00793403132671	0.010841441295	-0.0447796724286	-0.018622106517	-0.049686282645	0.00487483077324	0.0609850639949	-0.0177787739728	-0.00703236170879	-0.0198128916713	-0.0345518982328	-0.0162677595165	0.00869004677191	0.00397902152401	0.0352994608244	0.0316918746594	0.0135024434762	0.0526412048304	-0.0759891529202	0.0153422380859	0.0056284429837	0.00245096015129	0.0348394715328	0.014810064952	-0.0324197807821	0.0113734347142	0.0210678551871	0.0140707625334	-0.0191276649846	-0.00622904107558	-0.020767434653	0.0351766615033	-0.0414603180104	-0.00963511310573	0.0450292822806	-0.00428430278426	-0.0237980267547	0.0248890085512	-0.0751444518965
k__Bacteria;p__Bacteroidetes;c__Bacteroidia;o__Bacteroidales;f__Bacteroidaceae;g__Bacteroides;s__Bacteroides_plebeius	0.016426692313	-0.0178716781739	-0.0567403801781	-0.0255233048153	0.0431353929238	-0.0111565428766	-0.0726673869281	0.0139895884974	0.0554750301285	0.00705408194744	0.00350738062191	-0.0200221612281	0.0443827661843	-0.0167832311234	-0.0313871010387	1.0	-0.0314883857742	-0.0115521361139	-0.048073876196	0.069543589947	-0.0237332683833	-0.0168876219112	-0.0147610153163	-0.0742783562178	-0.0798184717989	-0.042530509167	0.0245027148896	-0.0258941898555	0.0150231235348	-0.0274731696046	-0.0324496603795	0.0336742399514	0.0130038704895	0.00240325668667	-0.0496498324253	0.0199578528564	-0.00785156613563	0.0252227532058	0.0373416200566	0.0206035047843	0.0362781992827	-0.0351576989621	0.0367093587205	-0.070148295399	0.0437744413354	-0.0300678398669	-0.00667930658944	0.0597636438386	-0.0317235526358	-0.0461571582459	0.0656967736852	0.0530014703042	-0.042785653229	-0.0647695515649	-0.0119262361471	-0.043590916628	0.0255272367937	-0.00765055897594	-0.0130011475001
k__Bacteria;p__Bacteroidetes;c__Bacteroidia;o__Bacteroidales;f__Bacteroidaceae;g__Bacteroides;s__Bacteroides_fragilis	0.0108746551746	-0.0439937434505	-0.0166540200488	0.0180038272665	-0.00212987085956	-0.00404159930193	-0.0117067257821	-0.0166223087992	-0.00460218309443	-0.0367239785372	0.0382611496793	-0.00709317621185	0.0162756103008	0.00261389808211	-0.0362775503226	-0.0314883857742	1.0	-0.021512674222	-0.0125659182346	0.0400544358799	0.0138296611656	-0.0489137604643	-0.0452652664763	-0.0305379250292	-0.00671447271602	-0.000862550596708	-0.10390693853	-0.00511425843351	0.0344083252378	-0.00126500793682	-0.0137564755182	-0.0909895404629	0.0022590230832	0.0260181619414	-0.0125685631949	0.035222566025	-0.0212830845382	0.000999185742397	0.0100642601151	-0.0464132811893	-0.0744742216229	-0.0371370811475	-0.00624912435222	0.0181104366363	-0.0282988715502	-0.033054389245	0.0188408724986	-0.0373794678259	-0.00406465862586	0.01117897264	-0.017375342748	-0.0387845991179	0.02255144072	-0.063911805918	0.0477025237675	-0.000766558385153	0.051112498656	0.00698209934256	-0.00672285860929
k__Bacteria;p__Proteobacteria;c__Betaproteobacteria;o__Burkholderiales;f__Sutterellaceae;g__Sutterella;s__Sutterella_wadsworthensis	-0.0499364664437	0.0349800135598	-0.0304560762987	0.0347292075577	-0.0101112352396	-0.0166687171196	-0.0143045730669	-0.0222009436967	0.00825628936903	0.00244384395958	0.000189370481609	0.00378115767993	-0.0490467370244	-0.015510108294	0.0151129926341	-0.0115521361139	-0.021512674222	1.0	-0.0246743686978	0.0351389567973	-0.0444983477113	0.038075210198	-0.0211798972483	0.0176720080952	0.0549470580446	0.0619402759297	-0.0725041263837	0.0478359804947	-0.00537810724534	-0.0147030125703	0.0402746160463	0.0158981730903	-0.00382822174341	0.0230324711424	-0.0514197175551	-0.034029267452	-0.0170017936699	0.00838005998088	0.0316898160189	-0.0112452852008	-0.0227082686239	-0.0598717247569	0.0184268084112	-0.00173006679095	0.0398474064448	-0.00489117280698	-0.0114797975979	0.0501872729295	-0.0127437298182	-0.049991472225	-0.0794305206666	-0.077049168731	0.0013490115254	-0.0598912134074	0.0231163126434	-0.0581636126654	-0.0399939547512	-0.000318294412296	-0.0462314584135
k__Bacteria;p__Bacteroidetes;c__Bacteroidia;o__Bacteroidales;f__Porphyromonadaceae;g__Barnesiella;s__Barnesiella_intestinihominis	-0.00904498252012	0.00643650357214	-0.041645521312	-0.0434876147433	-0.00845920498268	-0.012133246942	-0.0146072215881	-0.0294407825259	0.0494979731143	0.00661237442385	0.0178645233602	-0.0578290051177	-0.0101927447899	-0.0118297070653	-0.0357832208248	-0.048073876196	-0.0125659182346	-0.0246743686978	1.0	-0.0139002548366	-0.0146706008356	-0.0258641446497	-0.0421467270788	-0.0147223410269	-0.0194410002127	-0.0778689013138	-0.0153440364482	0.0124649848494	-0.0336712991131	-0.0264892643936	-0.0811459355349	-0.0167742757235	-0.00988992384245	-0.104367158823	0.00913555786281	-0.0194016877849	0.0163086941585	0.0231768634104	-0.0125011248488	0.018722827534	0.000160500329335	-0.0405429472196	0.00636157977995	0.0103954016069	-0.0301276825976	-0.0127049869617	-0.0172144448983	-0.00240273557327	-0.0132260968912	0.0348033691472	0.00779152783758	0.0132620202887	0.0315100722726	0.0239616662377	-0.0439339227723	0.015948630233	-0.0228372194588	-0.0318060426579	0.0155113366275
k__Bacteria;p__Bacteroidetes;c__Bacteroidia;o__Bacteroidales;f__Odoribacteraceae;g__Odoribacter;s__Odoribacter_splanchnicus	0.015541847782	0.00511820963289	0.0245223637178	0.021123171573	-0.0526790770452	0.0375387331062	-0.0348689928275	-0.0215727557911	-0.0183266801743	-0.00391022622178	-0.0322020953628	0.0306604434851	0.0335610927977	-0.0118295787918	-0.0024623310594	0.069543589947	0.0400544358799	0.0351389567973	-0.0139002548366	1.0	-0.0228805826541	-0.0433305624256	-0.0116705441378	-0.0579327902151	0.032706668493	0.00578130361567	-0.00129828220465	-0.0200232310965	-0.0372850179786	-0.0150622089839	-0.0190206210333	-0.016511475213	0.0131126390506	-0.0237714823877	-0.00420939337934	0.0193424170127	0.0344940801385	-0.00839296365666	0.0148845740764	-0.06713804967	0.00194250778796	0.0383842382807	0.0668130441195	-0.0104180687694	-0.0280086962374	0.0397408762947	-0.0097849758804	-0.0209991178336	0.0113049478653	-0.0779629599315	-0.0756610270731	0.0180869555865	0.034228923913	-0.013430086773	-0.04415732214	-0.00189852317669	0.0404733860768	-0.0143157137017	-0.0068462351213
k__Bacteria;p__Bacteroidetes;c__Bacteroidia;o__Bacteroidales;f__Bacteroidaceae;g__Bacteroides;s__Bacteroides_salyersiae	0.0101280833808	0.118323976355	0.0275194080983	-0.0195733308637	-0.0454604388212	0.0371387531859	0.0237262669078	-0.000807850868984	-0.0118407808481	0.00545048231516	-0.0723668113333	-0.0609164096498	-0.0397128784095	-0.0498588940687	0.00793403132671	-0.0237332683833	0.0138296611656	-0.0444983477113	-0.0146706008356	-0.0228805826541	1.0	0.0845242622646	0.0149007935565	-0.000470113114801	-0.0262701033057	0.00940628368182	-0.0254260560573	0.010317708287	0.00519066390699	-0.0698001867447	-0.0251060773911	0.0107538716711	-0.0346790845079	-0.0567675108485	0.0400639438352	0.0152556072331	-0.0213846764103	-0.0136413528869	0.0474643136865	-0.0141207126157	-0.0290743625995	-0.0528387612698	-0.0372040664915	0.0381089628377	-0.0711673852518	0.0948393891961	-0.0599446204898	0.025349991351	-0.0515694750044	0.0408739690418	-0.0681273799944	-0.0405553802477	-0.021238889529	0.00787313237919	0.00120249956361	0.000513887387678	-0.00978188926661	-0.0252778337167	-0.0253489318699
k__Bacteria;p__Firmicutes;c__Clostridia;o__Clostridiales;f__Ruminococcaceae;g__Ruminiclostridium;s__[Eubacterium]_siraeum	0.0385809257222	0.0434416882959	-0.0380831078283	-0.0545059160558	-0.0296161688448	-0.0108854104394	0.03268199678	-0.00878538203019	-0.000411605733479	0.028148819649	-0.0227534505504	-0.0510733768887	-0.0151365807866	-0.0203471659167	0.010841441295	-0.0168876219112	-0.0489137604643	0.038075210198	-0.0258641446497	-0.0433305624256	0.0845242622646	1.0	0.0590435834358	0.00947047068306	-0.0031198666759	0.0387068390947	-0.016450086941	-0.0116615275923	-0.0242558492331	-0.0139721213327	-0.0121112137428	0.0291430766405	0.0013218797403	-0.00985017607462	0.00211951784554	0.0190700132202	0.0453988348008	-0.0102140019212	-0.0385651125276	-0.0430867241031	-0.0238569536587	-0.0177221907676	0.0137729284947	0.0173062767703	0.00869544859965	0.00736298798992	0.0049078243402	0.0606861440138	-0.0820689586978	-0.0200036173097	0.0075102879473	-0.0204168964289	0.00409450629205	0.0575984643295	-0.0448983741492	0.0908010632733	-0.0622838836981	0.00463982478845	-0.0645897793504
k__Bacteria;p__Proteobacteria;c__Betaproteobacteria;o__Burkholderiales;f__Sutterellaceae;g__Parasutterella;s__Parasutterella_excrementihominis	0.0141892973894	-0.0238911494298	-0.00302613153202	0.0897836388871	0.00993609422016	0.00756640081868	0.0325830297046	0.0148569503435	0.0290475175527	-0.109774337754	-0.0130618086067	-0.0507102979173	0.021062422113	0.0200042445564	-0.0447796724286	-0.0147610153163	-0.0452652664763	-0.0211798972483	-0.0421467270788	-0.0116705441378	0.0149007935565	0.0590435834358	1.0	-0.0385074110601	-0.0251013295893	-0.0117804917103	0.0750037709973	0.0168778391901	-0.0257777126153	-0.0459701420476	-0.00849150258005	0.0619552983605	-0.0398843758021	0.00933897163024	-0.0403399454213	0.0207176597688	-0.0411177337485	-0.0470732725863	-0.00104722024135	0.0151504218186	-0.0565645420478	0.032816619238	0.0203045056522	-0.00940866477137	-0.0537563874816	-0.0289169725914	-0.000424345530466	0.0131539324017	-0.0383875540445	-0.0309765981276	-0.0689001554027	0.00728643903724	0.0132735001643	0.0307333353227	0.0264622462291	0.00277067322234	0.00516674702492	-0.0221651350603	-0.0361505762334
k__Bacteria;p__Actinobacteria;c__Actinobacteria;o__Bifidobacteriales;f__Bifidobacteriaceae;g__Bifidobacterium;s__Bifidobacterium_adolescentis	0.0108790906248	-0.0829109680134	-0.0289211917247	-0.0552528443344	0.00679185618983	0.00839746844231	-0.0167954243352	0.0298661560683	-0.0726470371991	0.0515141650669	-0.0275691884805	0.013916025894	0.000322926433141	-0.0214084672881	-0.018622106517	-0.0742783562178	-0.0305379250292	0.0176720080952	-0.0147223410269	-0.0579327902151	-0.000470113114801	0.00947047068306	-0.0385074110601	1.0	0.0396230815259	-0.0151796142065	0.0486270386425	0.0490417074542	0.029623903426	0.0438580016127	0.000397064271823	0.0100568989533	0.00132615270212	-0.027387291619	-0.0268995495416	-0.0469856821848	-0.0288874860759	0.0597588990472	-0.0220384423012	0.051918013515	-0.00618929812905	0.0334264970892	-0.0107413870086	0.0294785578844	0.00318428364404	-0.0252382206965	0.022905459489	-0.054342076788	-0.0478278918229	-0.0178259132945	0.033812541891	-0.0337770312207	-0.0501940482	0.015679506722	0.0483008498367	-0.0745316555145	0.0331025341679	0.0142298121168	-0.0364564625648
k__Bacteria;p__Firmicutes;c__Clostridia;o__Clostridiales;f__Oscillospiraceae;g__Oscillibacter;s__Oscillibacter_sp._KLE_1745	-0.0261879404896	-0.076558266545	0.0114747689991	0.00169946286692	-0.0720822539493	0.0395381247048	0.00890144331578	-0.0243019101691	0.0106252612197	-0.00933345936757	-0.0145958956492	-0.0183603903528	-0.00539328975656	-0.0310017270774	-0.049686282645	-0.0798184717989	-0.00671447271602	0.0549470580446	-0.0194410002127	0.032706668493	-0.0262701033057	-0.0031198666759	-0.0251013295893	0.0396230815259	1.0	0.0107710102533	-0.0303734503171	-0.00939594543954	-0.00892746654194	-0.00327697203241	0.039915957633	-0.0133726203449	-0.014528802142	0.00917167551061	-0.00461201129303	-0.00499893540948	0.00716628112059	0.00223770274965	0.00782529542353	0.00939933126055	-0.0286739499586	0.0123512951185	-0.0246153129882	0.0460935998636	-0.0342903099287	-0.024381588657	0.0282327068164	-0.0478338754797	-0.0362860787792	-0.00894275240879	-0.0378740129977	-0.0153506148636	-0.0249941498593	-0.0659541033019	0.071531406547	0.0260822105387	-0.0218969716323	-0.0594248047633	-0.0104610890136
k__Bacteria;p__Bacteroidetes;c__Bacteroidia;o__Bacteroidales;f__Bacteroidaceae;g__Bacteroides;s__Bacteroides_coprophilus	-0.010973626023	-0.00353108892401	-0.0166121161545	-0.0682992890537	-0.0627325489906	-0.0238292395482	0.0240380500914	0.00728852662631	-0.0176550337784	0.00619638019661	0.0368897987298	0.0163592723274	-0.0426609421478	-0.00137085807422	0.00487483077324	-0.042530509167	-0.000862550596708	0.0619402759297	-0.0778689013138	0.00578130361567	0.00940628368182	0.0387068390947	-0.0117804917103	-0.0151796142065	0.0107710102533	1.0	0.00389069996212	-0.00673084357283	0.104163732524	-0.0173818971667	-0.00370719959862	0.0240857607246	-0.0130905135871	-0.0761608197547	0.0211773257396	0.00724550019374	0.0454610242749	0.0678585884144	0.0177694367287	-0.0898718579103	-0.0323943963621	0.0141321704863	-0.0425590440108	-0.0413977473078	-0.0320219301852	-0.0235392193031	0.00660886229573	0.048402087886	-0.0244906738659	-0.0343647897738	-0.00179645412449	0.0720356297637	-0.000427869584541	0.00770094517168	-0.0267038545654	0.00493474445373	-0.058749634868	-0.0175232789785	-0.0534393296408
k__Bacteria;p__Firmicutes;c__Clostridia;o__Clostridiales;f__Lachnospiraceae;g__Roseburia;s__Roseburia_intestinalis	-0.0400072654239	-0.0155493763556	0.0440068001501	-0.0647240108472	-0.0348738825953	0.00374743741967	-0.0666003140166	0.0565873272441	-0.0596883242325	-0.00131897934177	-0.0641936408005	0.039929832135	-0.00968937281059	0.0306147185609	0.0609850639949	0.0245027148896	-0.10390693853	-0.0725041263837	-0.0153440364482	-0.00129828220465	-0.0254260560573	-0.016450086941	0.0750037709973	0.0486270386425	-0.0303734503171	0.00389069996212	1.0	0.0281047214854	0.0226156707104	0.0318006601079	0.0228652669114	-0.0062501681455	-0.0197703984826	-0.0221587802442	-0.0324951029881	-0.0143817702013	-0.0426539498984	-0.00434094393174	-0.049267296832	-0.0391169367545	-0.0663324623134	-0.0421557318603	-0.0569624168592	-0.0224695677059	0.0434078549273	0.0058909465819	0.0673375954485	-0.0377892721839	-0.0194906133027	0.0112825243352	-0.037817526755	0.0258374661691	0.00352236931081	0.00959173591699	-0.0111231844778	-0.0217887181666	0.0468563275816	0.0145575753838	-0.00538390493244
k__Bacteria;p__Firmicutes;c__Clostridia;o__Clostridiales;f__Lachnospiraceae;g__Roseburia;s__Roseburia_hominis	-0.0469331164051	0.04407278043	-0.0268141046706	-0.00413087751875	0.00450368369883	0.0187733717233	0.0247670938739	-0.00218201895743	0.00344301917794	-0.0331919726508	0.0284266300168	0.00695981606585	0.00634701816477	0.0353007481491	-0.0177787739728	-0.0258941898555	-0.00511425843351	0.0478359804947	0.0124649848494	-0.0200232310965	0.010317708287	-0.0116615275923	0.0168778391901	0.0490417074542	-0.00939594543954	-0.00673084357283	0.0281047214854	1.0	-0.0422484780276	-0.0282154459335	-0.0436023615507	-0.000795878445463	-0.0331479869182	0.0188246140051	-0.039699054031	-0.0381733731643	0.0460518845841	-0.00404658857129	-0.0194782183528	0.0262272515654	-0.0229527358576	-0.0656652787457	-0.00274566503325	0.00728496763633	-0.00936856839966	-0.0357977383401	0.0118877801332	0.040688824954	0.0218629756861	0.0243895509791	0.01405852891	0.0347960505269	-0.0350221802454	-0.0421494171563	-0.0848446958815	0.0449481244251	-0.00810683300597	0.023205901551	-0.000559302808294
k__Bacteria;p__Bacteroidetes;c__Bacteroidia;o__Bacteroidales;f__Porphyromonadaceae;g__Parabacteroides;s__Parabacteroides_johnsonii	-0.041979931879	-0.0382620986025	-0.0144748753665	-0.0279019766068	0.001756469459	-0.0224264323309	0.0142961104208	0.0293143632629	-0.0574937865621	-0.0417624898669	-0.0258337272591	0.0614687759366	-0.0474354994099	0.0378341568713	-0.00703236170879	0.0150231235348	0.0344083252378	-0.00537810724534	-0.0336712991131	-0.0372850179786	0.00519066390699	-0.0242558492331	-0.0257777126153	0.029623903426	-0.00892746654194	0.104163732524	0.0226156707104	-0.0422484780276	1.0	-0.0488708243902	0.0782307855288	-0.0263632501991	-0.00292065333584	-0.0589685349451	0.0130887448626	-0.0572889181831	-0.0324838375982	-0.0682832739323	-0.0408810262891	0.00363125594458	-0.00912989764766	-0.0107098871834	-0.032780922957	-0.0130257848546	-0.0076294638077	0.00894371805073	-0.00631930972786	-0.013516732177	-0.0379865858814	-0.0196532474834	0.0498361631614	0.00841228130091	0.014736906427	0.00375444680776	-0.0107417398379	0.0169271604907	-0.0343824547789	-0.0298351846836	0.00390742073879
k__Bacteria;p__Actinobacteria;c__Actinobacteria;o__Bifidobacteriales;f__Bifidobacteriaceae;g__Bifidobacterium;s__Bifidobacterium_longum	0.00749324208279	-0.0160025385259	-0.0295572331547	-0.00657568585974	-0.0154076643861	-0.0236006016276	0.00287741948686	0.026961103733	-0.00445760612653	0.00401936977789	0.0796644209341	-0.0060208942703	0.0272657604099	-0.0459123774648	-0.0198128916713	-0.0274731696046	-0.00126500793682	-0.0147030125703	-0.0264892643936	-0.0150622089839	-0.0698001867447	-0.0139721213327	-0.0459701420476	0.0438580016127	-0.00327697203241	-0.0173818971667	0.0318006601079	-0.0282154459335	-0.0488708243902	1.0	-0.0118065887292	0.00790393303145	-0.0400057821434	-0.0477957468919	-0.00198810511017	-0.0669982708006	-0.0194750536958	-0.0330252090805	0.00612121190664	0.0206802743826	-0.0228088463013	0.0634029398033	-0.0437841182059	0.0151923005592	-0.00479324720841	0.00396248129084	0.0407268918815	0.0517013855831	0.0300497412845	0.00471233954278	-0.0294788770901	0.0290959871049	-0.0706033378409	0.0416907237472	-0.0190398337195	-0.0627028588109	-0.0490572393896	-0.0333106752232	-0.00385913954339
