#taxonomy	k__Bacteria;p__Bacteroidetes;c__Bacteroidia;o__Bacteroidales;f__Bacteroidaceae;g__Bacteroides;s__Bacteroides_vulgatus	k__Bacteria;p__Bacteroidetes;c__Bacteroidia;o__Bacteroidales;f__Bacteroidaceae;g__Bacteroides;s__Bacteroides_uniformis	k__Bacteria;p__Bacteroidetes;c__Bacteroidia;o__Bacteroidales;f__Rikenellaceae;g__Alistipes;s__Alistipes_putredinis	k__Bacteria;p__Bacteroidetes;c__Bacteroidia;o__Bacteroidales;f__Prevotellaceae;g__Prevotella;s__Prevotella_copri	k__Bacteria;p__Bacteroidetes;c__Bacteroidia;o__Bacteroidales;f__Bacteroidaceae;g__Bacteroides;s__Bacteroides_stercoris	k__Bacteria;p__Bacteroidetes;c__Bacteroidia;o__Bacteroidales;f__Bacteroidaceae;g__Bacteroides;s__Bacteroides_ovatus	k__Bacteria;p__Bacteroidetes;c__Bacteroidia;o__Bacteroidales;f__Rikenellaceae;g__Alistipes;s__Alistipes_shahii	k__Bacteria;p__Firmicutes;c__Clostridia;o__Clostridiales;f__Ruminococcaceae;g__Faecalibacterium;s__Faecalibacterium_prausnitzii	k__Bacteria;p__Bacteroidetes;c__Bacteroidia;o__Bacteroidales;f__Rikenellaceae;g__Alistipes;s__Alistipes_finegoldii	k__Bacteria;p__Bacteroidetes;c__Bacteroidia;o__Bacteroidales;f__Porphyromonadaceae;g__Parabacteroides;s__Parabacteroides_distasonis	k__Bacteria;p__Bacteroidetes;c__Bacteroidia;o__Bacteroidales;f__Bacteroidaceae;g__Bacteroides;s__Bacteroides_thetaiotaomicron	k__Bacteria;p__Bacteroidetes;c__Bacteroidia;o__Bacteroidales;f__Bacteroidaceae;g__Bacteroides;s__Bacteroides_coprocola	k__Bacteria;p__Bacteroidetes;c__Bacteroidia;o__Bacteroidales;f__Bacteroidaceae;g__Bacteroides;s__Bacteroides_cellulosilyticus	k__Bacteria;p__Bacteroidetes;c__Bacteroidia;o__Bacteroidales;f__Rikenellaceae;g__Alistipes;s__Alistipes_obesi	k__Bacteria;p__Firmicutes;c__Clostridia;o__Clostridiales;f__Lachnospiraceae;g__;s__[Eubacterium]_rectale	k__Bacteria;p__Bacteroidetes;c__Bacteroidia;o__Bacteroidales;f__Bacteroidaceae;g__Bacteroides;s__Bacteroides_plebeius	k__Bacteria;p__Bacteroidetes;c__Bacteroidia;o__Bacteroidales;f__Bacteroidaceae;g__Bacteroides;s__Bacteroides_fragilis	k__Bacteria;p__Proteobacteria;c__Betaproteobacteria;o__Burkholderiales;f__Sutterellaceae;g__Sutterella;s__Sutterella_wadsworthensis	k__Bacteria;p__Bacteroidetes;c__Bacteroidia;o__Bacteroidales;f__Porphyromonadaceae;g__Barnesiella;s__Barnesiella_intestinihominis	k__Bacteria;p__Bacteroidetes;c__Bacteroidia;o__Bacteroidales;f__Odoribacteraceae;g__Odoribacter;s__Odoribacter_splanchnicus	k__Bacteria;p__Bacteroidetes;c__Bacteroidia;o__Bacteroidales;f__Bacteroidaceae;g__Bacteroides;s__Bacteroides_salyersiae	k__Bacteria;p__Firmicutes;c__Clostridia;o__Clostridiales;f__Ruminococcaceae;g__Ruminiclostridium;s__[Eubacterium]_siraeum	k__Bacteria;p__Proteobacteria;c__Betaproteobacteria;o__Burkholderiales;f__Sutterellaceae;g__Parasutterella;s__Parasutterella_excrementihominis	k__Bacteria;p__Actinobacteria;c__Actinobacteria;o__Bifidobacteriales;f__Bifidobacteriaceae;g__Bifidobacterium;s__Bifidobacterium_adolescentis	k__Bacteria;p__Firmicutes;c__Clostridia;o__Clostridiales;f__Oscillospiraceae;g__Oscillibacter;s__Oscillibacter_sp._KLE_1745	k__Bacteria;p__Bacteroidetes;c__Bacteroidia;o__Bacteroidales;f__Bacteroidaceae;g__Bacteroides;s__Bacteroides_coprophilus	k__Bacteria;p__Firmicutes;c__Clostridia;o__Clostridiales;f__Lachnospiraceae;g__Roseburia;s__Roseburia_intestinalis	k__Bacteria;p__Firmicutes;c__Clostridia;o__Clostridiales;f__Lachnospiraceae;g__Roseburia;s__Roseburia_hominis	k__Bacteria;p__Bacteroidetes;c__Bacteroidia;o__Bacteroidales;f__Porphyromonadaceae;g__Parabacteroides;s__Parabacteroides_johnsonii	k__Bacteria;p__Actinobacteria;c__Actinobacteria;o__Bifidobacteriales;f__Bifidobacteriaceae;g__Bifidobacterium;s__Bifidobacterium_longum	k__Bacteria;p__Firmicutes;c__Clostridia;o__Clostridiales;f__;g__Flavonifractor;s__Flavonifractor_plautii	k__Bacteria;p__Firmicutes;c__Clostridia;o__Clostridiales;f__Clostridiaceae;g__Clostridium;s__Clostridium_phoceensis	k__Bacteria;p__Verrucomicrobia;c__Verrucomicrobiae;o__Verrucomicrobiales;f__Akkermansiaceae;g__Akkermansia;s__Akkermansia_muciniphila	k__Bacteria;p__Bacteroidetes;c__Bacteroidia;o__Bacteroidales;f__Prevotellaceae;g__Paraprevotella;s__Paraprevotella_xylaniphila	k__Bacteria;p__Firmicutes;c__Clostridia;o__Clostridiales;f__Ruminococcaceae;g__Ruminococcus;s__Ruminococcus_callidus	k__Bacteria;p__Bacteroidetes;c__Bacteroidia;o__Bacteroidales;f__Rikenellaceae;g__Alistipes;s__Alistipes_senegalensis	k__Bacteria;p__Firmicutes;c__Clostridia;o__Clostridiales;f__Lachnospiraceae;g__Blautia;s__Blautia_sp._KLE_1732	k__Bacteria;p__Bacteroidetes;c__Bacteroidia;o__Bacteroidales;f__Bacteroidaceae;g__Bacteroides;s__Bacteroides_oleiciplenus	k__Bacteria;p__Firmicutes;c__Clostridia;o__Clostridiales;f__Ruminococcaceae;g__Ruminococcus;s__Ruminococcus_bicirculans	k__Bacteria;p__Bacteroidetes;c__Bacteroidia;o__Bacteroidales;f__Bacteroidaceae;g__Bacteroides;s__Bacteroides_fluxus	k__Bacteria;p__Bacteroidetes;c__Bacteroidia;o__Bacteroidales;f__Prevotellaceae;g__Prevotella;s__Prevotella_stercorea	k__Bacteria;p__Firmicutes;c__Clostridia;o__Clostridiales;f__Lachnospiraceae;g__Dorea;s__Dorea_longicatena	k__Bacteria;p__Firmicutes;c__Clostridia;o__Clostridiales;f__Eubacteriaceae;g__Eubacterium;s__[Eubacterium]_eligens	k__Bacteria;p__Firmicutes;c__Clostridia;o__Clostridiales;f__Ruminococcaceae;g__;s__Ruminococcaceae_bacterium_D16	k__Bacteria;p__Firmicutes;c__Clostridia;o__Clostridiales;f__Lachnospiraceae;g__Coprococcus;s__Coprococcus_comes	k__Bacteria;p__Proteobacteria;c__Gammaproteobacteria;o__Enterobacterales;f__Enterobacteriaceae;g__Escherichia;s__Escherichia_coli	k__Bacteria;p__Firmicutes;c__Clostridia;o__Clostridiales;f__Ruminococcaceae;g__Anaerotruncus;s__Anaerotruncus_colihominis	k__Bacteria;p__Firmicutes;c__Clostridia;o__Clostridiales;f__Lachnospiraceae;g__Blautia;s__Blautia_obeum	k__Bacteria;p__Bacteroidetes;c__Bacteroidia;o__Bacteroidales;f__Odoribacteraceae;g__Odoribacter;s__Odoribacter_laneus	k__Bacteria;p__Firmicutes;c__Clostridia;o__Clostridiales;f__Ruminococcaceae;g__Ruminiclostridium;s__[Clostridium]_leptum	k__Bacteria;p__Bacteroidetes;c__Bacteroidia;o__Bacteroidales;f__Porphyromonadaceae;g__Parabacteroides;s__Parabacteroides_goldsteinii	k__Bacteria;p__Firmicutes;c__Clostridia;o__Clostridiales;f__Lachnospiraceae;g__Anaerostipes;s__Anaerostipes_hadrus	k__Bacteria;p__Firmicutes;c__Clostridia;o__Clostridiales;f__Ruminococcaceae;g__Ruminococcus;s__Ruminococcus_lactaris	k__Bacteria;p__Firmicutes;c__Clostridia;o__Clostridiales;f__Clostridiaceae;g__Clostridium;s__Clostridium_sp._L2-50	k__Bacteria;p__Firmicutes;c__Clostridia;o__Clostridiales;f__Clostridiaceae;g__Clostridium;s__Clostridium_sp._M62/1	k__Bacteria;p__Firmicutes;c__Clostridia;o__Clostridiales;f__;g__Intestinimonas;s__Intestinimonas_butyriciproducens	k__Bacteria;p__Actinobacteria;c__Actinobacteria;o__Bifidobacteriales;f__Bifidobacteriaceae;g__Bifidobacterium;s__Bifidobacterium_bifidum	k__Bacteria;p__Firmicutes;c__Negativicutes;o__Veillonellales;f__Veillonellaceae;g__Dialister;s__Dialister_invisus	k__Bacteria;p__Bacteroidetes;c__Bacteroidia;o__Bacteroidales;f__Bacteroidaceae;g__Bacteroides;s__Bacteroides_salanitronis
k__Bacteria;p__Bacteroidetes;c__Bacteroidia;o__Bacteroidales;f__Bacteroidaceae;g__Bacteroides;s__Bacteroides_vulgatus	1.0	0.00784171582958	-0.0921442475077	0.0941599086984	-0.0122125254926	0.0186316688766	0.00224337853151	-0.0346401814297	0.00251699460375	-0.00461660057825	-0.0685651390254	-0.00838458058591	0.0333086239408	-0.023516125127	-0.0705839455591	-0.0379003910975	-0.0155451866978	-0.0229905522425	0.0012236057038	0.0655974152407	-0.0283252462454	-0.0316809784474	0.0159534455546	-0.0566635409717	0.0186125146011	0.00723673337514	0.00527184826679	0.040337832514	-0.0249983864446	0.050633355243	0.0412629384	-0.00953187499258	-0.0325027391179	0.0671764439627	0.0209809108155	-0.0104746246409	-0.0522244738614	-0.0143839630922	0.00445355676418	0.0273962286276	-0.0246172606067	0.00701189409933	-0.0525112545781	-0.0249059412468	-0.0084614223961	-0.0263545942975	-0.074398710661	0.0138693512954	0.0744709056295	0.000594650448555	-0.007625070118	0.0284567790073	-0.0525333576797	0.0435638370538	-0.00489423428086	0.0122956638891	-0.0250066342607	0.0422049806946	0.0133154773136
k__Bacteria;p__Bacteroidetes;c__Bacteroidia;o__Bacteroidales;f__Bacteroidaceae;g__Bacteroides;s__Bacteroides_uniformis	0.00784171582958	1.0	0.0233754629503	-0.0377588711327	0.00285873068605	0.00677551329491	-0.0740019438688	0.00317517779151	-0.0620761443694	-0.0166715676889	-0.0619593364432	-0.00301735187776	-0.000472504432867	-0.0450103458946	0.0279631406332	0.0272750594875	-0.0172639626034	-0.0322502964701	-0.0433296547596	-0.0234610023129	0.0147087823518	-0.0758037532415	-0.0760320027991	-0.0181271544848	-0.0599989460086	-0.0748723661737	-0.0292394145825	-0.0294554505056	-0.0115150773805	-0.0526600140621	-0.0202385704917	-0.0115800429316	-0.0175610030041	-0.0308287147069	-0.060086910141	0.00524679648526	0.000947859847248	0.0066141182255	-0.00771988731611	0.0515964200023	0.0204082532928	-0.0605773919494	0.0331589430913	0.0104270242983	0.0179068688353	0.0658234891201	0.0380879108313	-0.0593466622932	0.00640098619589	0.00953744599129	0.000708029355658	0.0309856325985	0.022121304841	0.00918318156116	-0.00161338447052	0.00329022062493	0.0231563402711	-0.0404917413878	-0.00249446860106
k__Bacteria;p__Bacteroidetes;c__Bacteroidia;o__Bacteroidales;f__Rikenellaceae;g__Alistipes;s__Alistipes_putredinis	-0.0921442475077	0.0233754629503	1.0	-0.0126538197478	0.00352651219756	0.0054262191788	-0.0468588755981	0.040127322807	-0.0428995583739	0.0191687054453	0.0755785739366	-0.0104805389871	0.0237990930171	-0.0188952811181	0.00567912223633	0.0207013677146	-0.0445667552949	-0.0387347965796	0.0325519640796	-0.0415962495705	0.0419023511031	0.0647705348216	0.00645969420527	-0.0349505740312	-0.0400991885993	0.00142488761873	-0.0453037078128	-0.0504594729321	0.0124117116329	0.0318352952635	0.0273302786907	-0.0274912318655	-0.0243913917277	0.00738465884972	-0.032402338352	-0.0215838933821	-0.0747398087686	0.0471202048832	-0.00323417146851	0.0349685615931	-0.0418799125327	0.0113786757467	0.0491600969713	-0.00382314325801	0.0247329305193	0.000347067663979	-0.0506686444617	0.0391713431807	-0.0524344887795	0.0253020934322	-0.0627124447095	-0.0427522721523	0.0530308728132	0.000167532628064	-0.00117740411617	0.0119907126993	0.00493592035392	0.00348781613436	-0.0816754308065
k__Bacteria;p__Bacteroidetes;c__Bacteroidia;o__Bacteroidales;f__Prevotellaceae;g__Prevotella;s__Prevotella_copri	0.0941599086984	-0.0377588711327	-0.0126538197478	1.0	-0.0141495967646	-0.0750139762833	-0.0205900921016	-0.0458835060213	-0.0292258532723	0.000811026361826	-0.113144882692	-0.00940575423358	-0.0191437419643	-0.0599144405437	-0.0238603797365	0.000263648970964	-0.0101007414031	0.0100674767941	-0.044235448187	0.0594283496976	-0.0238548836166	0.0142032927063	0.0195382259491	-0.00178984636848	-0.0228655172273	-0.0114777627642	0.0257084414053	0.0021008668551	0.0490273513066	-0.0218644077974	0.00405626653281	-0.0383708678749	0.0139838224058	-0.0993077955299	-0.0203656424471	0.0132248048085	-0.00162347604198	-0.0540694808658	-0.0305132337372	-0.0134736238954	-0.0392424348868	0.0737413773509	-0.0411320878915	-0.00745230723677	0.00663771044744	-0.0021647834247	-0.0220867134717	-0.011632622316	0.0204137035771	0.0294495262142	-0.0270533089505	0.000131665743259	-0.0234308381755	-0.0301497620263	0.0135309361089	-0.0286632019301	-0.00529555939482	0.0136836621078	-0.0607118914749
k__Bacteria;p__Bacteroidetes;c__Bacteroidia;o__Bacteroidales;f__Bacteroidaceae;g__Bacteroides;s__Bacteroides_stercoris	-0.0122125254926	0.00285873068605	0.00352651219756	-0.0141495967646	1.0	-0.063382822892	-0.00228309592284	-0.0242074647956	-0.0263684003175	-0.0274219951694	0.0779902045269	-0.0100659257904	-0.0581613055122	-0.0108625487248	0.0270633364299	0.045558232426	-0.0164644762251	-0.0473017589283	-0.017754343125	-0.000617868688277	0.0596183055142	-0.0961021716157	-0.0136437400394	-0.0305671874467	0.0374246702474	0.0216458303215	0.0332113784596	-0.0112356784749	-0.0339376208142	-0.00660285625041	-0.00390112370027	-0.010278916598	0.0393285721524	0.0295569079626	-0.0236653192516	-0.032818548598	0.0442238029188	-0.0234290002275	0.0392859824922	0.0358317993722	-0.0197455330645	-0.037673288095	-0.0690304255983	0.0152388882434	0.00129653223402	-0.0566733091063	0.0340239582981	-0.0246303229783	-0.043911272536	-0.00477018549412	0.000364548164533	0.051029925056	0.02361586695	-0.00673800335621	-0.0207313155023	-0.00358553789306	0.0797480616102	0.0153326570188	0.0149262951581
k__Bacteria;p__Bacteroidetes;c__Bacteroidia;o__Bacteroidales;f__Bacteroidaceae;g__Bacteroides;s__Bacteroides_ovatus	0.0186316688766	0.00677551329491	0.0054262191788	-0.0750139762833	-0.063382822892	1.0	-0.00140096540268	-0.0478202704736	-0.0521160695863	0.0328123461686	0.0178885833641	0.0382341137717	-0.0572985163566	-0.0337853326546	-0.0266655176584	-0.00978498032005	-0.00119653166401	0.0252116571348	-0.0546240743127	-0.0282652778438	0.0297126448809	0.0157510984688	-0.0682098021808	-0.0214328932178	-0.040419017554	-0.0227040112152	0.0251502639608	-0.0119038204512	-0.00146153320455	-0.0208406335073	0.0769635588406	-0.0466860659332	0.000447810081358	0.00497018189319	0.00313714674109	-0.030443253878	-0.0750949658662	-0.0132400186125	-0.0502963889037	0.0186091011729	0.0348542455087	0.102273715464	-0.0281949560241	0.0183807232424	-0.0121541176386	-0.0331793911063	-0.0172521516401	-0.0141368061716	0.0317884908348	0.0132355275373	-0.0164678578296	-0.0116711398627	0.00630603780932	0.017150887085	0.0315097732315	-0.0264807191846	-0.068286882267	-0.00561216109575	-0.0581226310216
k__Bacteria;p__Bacteroidetes;c__Bacteroidia;o__Bacteroidales;f__Rikenellaceae;g__Alistipes;s__Alistipes_shahii	0.00224337853151	-0.0740019438688	-0.0468588755981	-0.0205900921016	-0.00228309592284	-0.00140096540268	1.0	-0.0125957996626	-0.0190631259437	0.00671759535523	-0.0738924152773	-0.0286832578481	0.00487988475124	-0.0207349455797	0.0166599068447	-0.012441234293	-0.0614240899808	0.00968731660174	0.00993373913089	0.0491908096958	-0.024983358623	0.00672986180941	-0.0312917466264	0.0237792562265	0.0191276012607	0.0232361901716	0.0128175320011	-0.0185485576835	-0.00491330570489	-0.0903787789965	0.00356661506188	-0.0351394678962	-0.00302424600819	-0.0205623687616	-0.000794335042321	-0.0651039648136	0.00403139455583	-0.0177745750236	0.0186588621968	0.0637489607022	-0.0119803615469	0.00316651732455	-0.0437196976736	0.0172821104832	-0.0166985037247	-0.0533926856952	-0.02687225857	-0.00949281990377	-0.0448709622641	0.00318194558518	0.00655080570848	0.0567829674374	0.0605708147742	-0.0188544998889	0.0558963373477	-0.0341104498411	0.0268536994313	0.0426499027433	0.00708326480891
k__Bacteria;p__Firmicutes;c__Clostridia;o__Clostridiales;f__Ruminococcaceae;g__Faecalibacterium;s__Faecalibacterium_prausnitzii	-0.0346401814297	0.0031751777915	0.040127322807	-0.0458835060213	-0.0242074647956	-0.0478202704736	-0.0125957996626	1.0	-0.00147118892207	-0.0186863630841	-0.0195429363963	-0.0644764990724	0.0175682835275	0.0153905499526	-0.0307592939847	-0.00512393221987	0.0428923669642	-0.0361686152809	-0.0199604234874	-0.052881850906	-0.0416220941892	0.052968983119	-0.00997108683443	0.0102720901677	-0.0138742894845	-0.0460138966278	-0.0225208203052	-0.0200737623296	0.018032646434	-0.0128329827554	-0.0260791116764	-0.0216559279088	-0.0371674721782	0.00034805018178	0.00961321383023	-0.00431156341608	-0.0304894508847	0.087561048377	-0.0148305595331	-0.0261931268498	0.0307027931286	-0.011974854994	0.0458228731412	-0.0465752580979	0.0124336364075	0.0331025762383	-0.032420386831	-0.00707409026999	-0.0657769296546	-0.00316254556031	0.0630967301445	-0.0217536574684	-0.0471562282707	0.00442248580537	0.0335742767765	0.00906302926298	-0.0263209953321	-0.0246218876084	0.0215039102929
k__Bacteria;p__Bacteroidetes;c__Bacteroidia;o__Bacteroidales;f__Rikenellaceae;g__Alistipes;s__Alistipes_finegoldii	0.00251699460375	-0.0620761443694	-0.0428995583739	-0.0292258532723	-0.0263684003175	-0.0521160695863	-0.0190631259437	-0.00147118892207	1.0	0.0269050065169	0.00845192625139	-0.0507456219364	-0.00703588966204	-0.0727201067516	-0.0669829284563	-0.0203927329135	0.0078150003238	0.000289397351109	-0.0339910830424	0.0467742464691	0.0373781315163	0.0384488361882	0.08165297477	0.0102195709855	0.023643587213	-0.0545783396178	0.019735991603	0.00389173263089	0.0814949349955	-0.00360356570708	-0.0586830015137	-0.00757946723289	-0.0169355672118	-0.00578195972581	0.0176415303921	-0.0522115486561	-0.0104066570968	-0.0502478385386	-0.0502755936734	0.0420859216956	-0.08386475585	0.0135913167542	-0.00705779582288	0.0372661500375	-0.00449388101383	-0.0636616500373	0.0115274555876	0.0361604791286	-0.00310588807931	-0.0255519219039	-0.0427782569121	0.0105329470524	0.00284863664374	0.0237374555956	-0.0441991205331	-0.00994068399349	-0.0409780762368	0.0659226540316	-0.00052664029427
k__Bacteria;p__Bacteroidetes;c__Bacteroidia;o__Bacteroidales;f__Porphyromonadaceae;g__Parabacteroides;s__Parabacteroides_distasonis	-0.00461660057825	-0.0166715676889	0.0191687054453	0.000811026361826	-0.0274219951694	0.0328123461686	0.00671759535523	-0.0186863630841	0.0269050065169	1.0	0.0486915188391	0.00374099281051	-0.0311584064446	-0.0641561640653	0.0187382108523	-0.0485557656131	0.00079623286309	0.0211825302578	0.0151409374434	0.0374863358279	0.0511718617779	-0.0108095045928	-0.0189548054844	0.01450289419	0.00462983989193	0.0279657796585	0.014094937975	-0.0746622661009	0.00798709295198	0.0666288561026	-0.0122829537705	-0.0339242201172	0.0267056415132	-0.0212500373871	-0.0550329547245	0.025187928319	-0.0533561893103	0.0422105008823	-0.0590749630172	0.0258981229803	-0.0121084807696	0.0779854796394	-0.000714245064413	0.0421502437247	0.00454728131894	-0.0314889849882	-0.079936900397	-0.00693367717832	-0.0116115876088	-0.0200630184037	-0.0138388412372	-0.00987636682062	-0.0224843830276	-0.0511894883684	-0.0243182709156	0.0392134549948	-0.0875257600016	-0.00526115471293	0.00845588297984
k__Bacteria;p__Bacteroidetes;c__Bacteroidia;o__Bacteroidales;f__Bacteroidaceae;g__Bacteroides;s__Bacteroides_thetaiotaomicron	-0.0685651390254	-0.0619593364432	0.0755785739366	-0.113144882692	0.0779902045269	0.0178885833641	-0.0738924152773	-0.0195429363963	0.00845192625139	0.0486915188391	1.0	0.00036725287268	-0.0195316219842	-0.0245593247776	-0.0398487835118	-0.0900763330549	0.0382639328597	0.00807991968686	-0.0854767507266	0.0289857965534	-0.0450124418988	0.0297297022978	0.0202320435201	0.0141767986991	0.0151289384853	0.0188025458055	-0.0193938971253	0.0232365432219	-0.0337939946293	0.0388924776018	0.00104859149449	0.0019462871684	0.00379608980948	0.094017656297	-0.0495938329364	0.0158761542385	0.012470010914	0.0115545672531	0.0141315188197	0.0165116435419	-0.0436595864645	0.0555988587735	-0.0614488818345	0.0026528104064	0.0324333572638	-0.0633906019545	0.00167816995967	-0.016113634119	0.0186315987783	0.0202628377849	-0.0344721758858	0.0147763464536	0.00220163098034	0.0079225884807	-0.0213822563715	-0.0415982801126	-0.0569452104678	-0.0302030418756	-0.0432978289403
k__Bacteria;p__Bacteroidetes;c__Bacteroidia;o__Bacteroidales;f__Bacteroidaceae;g__Bacteroides;s__Bacteroides_coprocola	-0.0083845805859	-0.00301735187776	-0.0104805389871	-0.00940575423358	-0.0100659257904	0.0382341137717	-0.0286832578481	-0.0644764990724	-0.0507456219364	0.00374099281051	0.00036725287268	1.0	-0.0345886918072	-0.0151040742104	-0.00211363655875	-0.0108630211406	-0.019754798308	-0.00542230102748	0.0344358667822	-0.0600445802653	-0.00816451259393	-0.000865815233371	-0.055715272357	0.0365316806314	-0.00527683783241	0.0488166984159	-0.0376219472999	0.022776640053	-0.0374535360562	0.00249649396026	-0.0303043234545	-0.00393833868275	-0.0495919771184	0.000546479405234	0.0410296186733	-0.00776524516305	0.0141774435086	0.0312491176892	-0.030729461257	-0.0546576575089	0.0258900518957	0.0112117021648	-0.0318174292833	-0.00880355294583	-0.0162308900715	-0.0242860030926	0.0498226913086	-0.0101242443651	0.00643486703978	-0.0200725061791	-0.0187597397959	-0.0284303833387	-0.0318971333676	0.0132942603928	0.036800326948	-0.0391118002255	0.0316087713495	0.0140937105562	-0.0589497999967
k__Bacteria;p__Bacteroidetes;c__Bacteroidia;o__Bacteroidales;f__Bacteroidaceae;g__Bacteroides;s__Bacteroides_cellulosilyticus	0.0333086239408	-0.000472504432867	0.0237990930171	-0.0191437419643	-0.0581613055122	-0.0572985163566	0.00487988475124	0.0175682835275	-0.00703588966204	-0.0311584064446	-0.0195316219842	-0.0345886918072	1.0	0.0266897136989	0.0384137979724	0.0527338258078	0.0306505595256	-0.0280816395672	0.0170197663394	-0.0621037188864	-0.0228192066313	0.00647659486358	-0.0165421416372	0.0637542323039	0.0835627788282	0.0265007172645	0.00976079422651	-0.00703606148453	0.00825662524457	-0.070093010115	-0.0260607978867	0.0505903137034	0.0432802783304	-0.0232764313133	-0.0205767160502	-0.0151011295342	-0.0205104042469	-0.0171958481771	-0.00538468232754	-0.043497882873	0.0393168305594	-0.00322035959531	0.00545024335697	-0.0765528902665	-0.0390077847938	0.0177315544305	-0.00712651468556	0.0386739029339	0.00177017844782	0.0376552618624	-0.0736760980108	-0.00784360518085	-0.0206676345528	-0.059743465957	0.0241432777637	0.0051972166673	0.00635136738356	-0.0305032225177	-0.0395004651851
k__Bacteria;p__Bacteroidetes;c__Bacteroidia;o__Bacteroidales;f__Rikenellaceae;g__Alistipes;s__Alistipes_obesi	-0.023516125127	-0.0450103458946	-0.0188952811181	-0.0599144405437	-0.0108625487248	-0.0337853326546	-0.0207349455797	0.0153905499526	-0.0727201067516	-0.0641561640653	-0.0245593247776	-0.0151040742104	0.0266897136989	1.0	0.0127039172906	0.0132225823493	-0.0755365095898	-0.0157838465406	0.0383120995793	-0.0496498413563	-0.0477925238376	0.00919853117113	-0.0509649815495	0.00220585367539	0.00720450889979	0.0151687971619	-0.0323194088887	-0.0392262753456	-0.000474106158186	0.116883908119	-0.000141354823181	0.0489485245253	-0.0122049298606	0.00331747481111	0.0217736866259	-0.0825658271602	0.00997853573729	-0.0198285185846	-0.00867056649003	-0.0247198619762	0.0121531688486	-0.0446336156231	0.0459620277782	0.0367483195875	0.00236338299356	0.0168104797229	-0.0166441849535	0.00461624476017	0.0109937654767	-0.0336274908363	0.0307869091586	0.031743149135	0.0185011734014	-0.0322825820754	-0.0306208797852	0.0349456198519	0.0629482749082	-0.0416836090064	-0.0358918528184
k__Bacteria;p__Firmicutes;c__Clostridia;o__Clostridiales;f__Lachnospiraceae;g__;s__[Eubacterium]_rectale	-0.0705839455591	0.0279631406332	0.00567912223633	-0.0238603797365	0.0270633364299	-0.0266655176584	0.0166599068447	-0.0307592939847	-0.0669829284563	0.0187382108523	-0.0398487835118	-0.00211363655875	0.0384137979724	0.0127039172906	1.0	0.0675037183773	-0.011303907421	-0.0068388988544	-0.0035539180578	0.017900876393	0.0460739301	-0.0707609181018	-0.031274275071	0.00748758398998	-0.0404577254091	-0.0111939177796	-0.00836907780643	0.00102197083837	0.0119251438623	-0.0585901629305	-0.0304864930954	-0.0539552155055	-0.0129370045272	-0.029405376899	0.0245118505712	0.0288890934532	0.0523823833907	-0.0139328407399	-0.0101217914272	0.0382275217706	0.027704447128	-0.00295035919634	-0.00672091772039	-0.0278731300477	-0.00775849464323	0.0658447957721	-0.0173950352409	-0.0596783636988	0.0157793260914	0.00679706541604	0.0200584532369	0.0150696368698	-0.0113007182277	-0.0100008668241	-0.0728365372896	-0.0094513748236	0.00705997587105	-0.0728845665401	0.0164834800183
k__Bacteria;p__Bacteroidetes;c__Bacteroidia;o__Bacteroidales;f__Bacteroidaceae;g__Bacteroides;s__Bacteroides_plebeius	-0.0379003910975	0.0272750594875	0.0207013677146	0.000263648970964	0.045558232426	-0.00978498032005	-0.012441234293	-0.00512393221987	-0.0203927329135	-0.0485557656131	-0.0900763330549	-0.0108630211406	0.0527338258078	0.0132225823493	0.0675037183773	1.0	-0.020598447638	0.0619797874157	0.0449682586186	0.00532002382785	0.0171737453821	-0.0330517968213	0.00819618397584	-0.00333940569809	0.021439242652	-0.0388849946104	0.0152238982866	0.0331502068186	-0.0764683734471	0.00814633771378	-0.0558844594187	0.00114278101036	-0.0561054541396	0.00676472939539	-0.0103492241161	-0.0169270366362	-0.0151111634385	0.00105645089716	-0.0428335624761	-0.0632769782303	-0.0278163494925	-0.0245198067728	-0.0583528564044	-0.01003275335	0.0237672563212	0.0467398252414	0.0220856488574	0.036854465151	-0.00372923304459	-0.0567184267094	0.000313363667317	-0.0217382450212	-0.0167491667831	-0.0475598602092	-0.0121951040293	0.0949925116317	-0.0262989636155	0.0393397831504	-0.0207454589047
k__Bacteria;p__Bacteroidetes;c__Bacteroidia;o__Bacteroidales;f__Bacteroidaceae;g__Bacteroides;s__Bacteroides_fragilis	-0.0155451866978	-0.0172639626034	-0.0445667552949	-0.0101007414031	-0.0164644762251	-0.00119653166401	-0.0614240899808	0.0428923669642	0.0078150003238	0.00079623286309	0.0382639328597	-0.019754798308	0.0306505595256	-0.0755365095898	-0.011303907421	-0.020598447638	1.0	-0.0267865237987	0.0186192956831	-0.0193678201828	-0.027672673944	-0.0251870860841	-0.0100205625629	-0.0250124577597	0.0129141098636	0.0355368735841	-0.0331862310542	-0.0248543374242	-0.0141878483474	0.0236743262311	0.0296826804987	0.00426763985463	-0.0244517495918	0.0500020229136	-0.0456678998646	0.00242588148779	-0.0298536211458	0.0266044979318	0.0386204726102	-0.0467750025956	-0.0671980511602	-0.0179179772325	0.049581530396	-0.0565224649777	-0.0155880325875	-0.0393084322812	0.0395332283035	0.0225035730964	0.0159233839821	-0.128688988267	-0.0599215780689	0.00430538091022	0.0148713144446	0.0535050376195	-0.0158850860396	-0.0269789486919	0.00183801503514	-0.0291929619296	0.0497396811628
k__Bacteria;p__Proteobacteria;c__Betaproteobacteria;o__Burkholderiales;f__Sutterellaceae;g__Sutterella;s__Sutterella_wadsworthensis	-0.0229905522425	-0.0322502964701	-0.0387347965796	0.0100674767941	-0.0473017589283	0.0252116571348	0.00968731660174	-0.0361686152809	0.000289397351109	0.0211825302578	0.00807991968686	-0.00542230102748	-0.0280816395672	-0.0157838465406	-0.0068388988544	0.0619797874157	-0.0267865237987	1.0	0.0305979244522	0.00459617277936	-0.0160046855726	-0.0282009008934	-0.0207845383921	0.0301013522837	-0.0242090261574	-0.0234950526589	-0.0394447147597	-0.0182978213198	-0.026183554245	0.0353241828636	-0.0434268721469	-0.0415901015438	-0.0430220149784	0.027990173948	0.0526280493541	0.0159124925155	-0.00785215495961	-0.0353480468628	-0.0173682721759	-0.041879700262	-0.0203370309546	0.0136353212682	-0.0428422404398	-0.0123762136085	-0.0234746133	0.0131066947389	0.0162741784642	-0.0143120256064	0.0320124225228	-0.0721962299076	-0.0113901405368	0.018050420522	-0.077693863998	0.00268609499428	-0.0491795323281	-0.0255087720109	0.0214394034647	0.0213298515739	-0.0123454584971
k__Bacteria;p__Bacteroidetes;c__Bacteroidia;o__Bacteroidales;f__Porphyromonadaceae;g__Barnesiella;s__Barnesiella_intestinihominis	0.0012236057038	-0.0433296547596	0.0325519640796	-0.044235448187	-0.017754343125	-0.0546240743127	0.00993373913089	-0.0199604234874	-0.0339910830424	0.0151409374434	-0.0854767507266	0.0344358667822	0.0170197663394	0.0383120995793	-0.0035539180578	0.0449682586186	0.0186192956831	0.0305979244522	1.0	0.0304844127554	0.00238184421912	-0.00550609011798	0.016090687879	0.00706216079127	0.0164038246017	0.0485265953074	-0.0219785640474	0.0265539084666	-0.03564825983	-0.0266394314227	-0.0662588552052	0.0149029507434	-0.0190306027896	-0.0284294211391	0.015875748545	0.00409532825549	0.0221880774515	0.0203133277685	0.0453297306016	-0.034904521657	-0.0431181082557	0.0286841787702	-0.0120910271949	-0.0295653237403	0.027295737187	-0.00305452371409	0.00194184416428	0.0741526472645	-0.00112358136463	-0.0684444749443	-0.0287003420981	-0.063591402032	-0.0317489911801	0.011567334974	-0.0326026453148	-0.113578064799	0.0473057164094	0.0278621740931	-0.0230937003734
k__Bacteria;p__Bacteroidetes;c__Bacteroidia;o__Bacteroidales;f__Odoribacteraceae;g__Odoribacter;s__Odoribacter_splanchnicus	0.0655974152407	-0.0234610023129	-0.0415962495705	0.0594283496976	-0.000617868688277	-0.0282652778438	0.0491908096958	-0.052881850906	0.0467742464691	0.0374863358279	0.0289857965534	-0.0600445802653	-0.0621037188864	-0.0496498413563	0.017900876393	0.00532002382785	-0.0193678201828	0.00459617277936	0.0304844127554	1.0	0.0310393322804	-0.0893006992383	0.0440318533304	0.0130701133748	0.00654555743553	-0.00268257549289	0.0446304407633	-0.0570512893476	-0.0555340993949	0.0105678013789	-0.00821032607649	-0.0918364080148	-0.0353889013605	0.0206379932108	-0.0487256058214	0.0629608474948	0.0261761230911	-0.0711930470927	0.0220562819729	0.000527197069337	-0.00857320312987	-0.0157631685388	-0.083423647424	-0.0832105274196	-0.0408879553804	-0.00845013748118	-0.0711014582387	-0.044243759438	-0.00261988148014	-0.0453558757199	-0.00739466328966	-0.0200154544222	0.000550367290749	-0.00250904597884	-0.0125388095134	-0.0201871921939	-0.0612353745348	0.0631165730805	-0.00492500280429
k__Bacteria;p__Bacteroidetes;c__Bacteroidia;o__Bacteroidales;f__Bacteroidaceae;g__Bacteroides;s__Bacteroides_salyersiae	-0.0283252462454	0.0147087823518	0.0419023511031	-0.0238548836166	0.0596183055142	0.0297126448809	-0.024983358623	-0.0416220941892	0.0373781315163	0.0511718617779	-0.0450124418988	-0.00816451259393	-0.0228192066313	-0.0477925238376	0.0460739301	0.0171737453821	-0.027672673944	-0.0160046855726	0.00238184421912	0.0310393322804	1.0	-0.0309575995008	-0.0352786568775	-0.0302870525095	-0.0148222836665	0.0926034704068	0.0274387754135	0.00337721598524	-0.0380062929524	-0.0175982051102	-0.0265881777208	-0.0538439164372	0.0268077784859	0.0367466951937	-0.0285548536756	0.0146523139615	0.041371957679	-0.0229690172772	-0.0251873483161	-0.0370956815208	-0.0705733511914	0.00147953407315	-0.0204346016241	-0.0166032463191	0.0266783260661	0.0247612158866	-0.00759223676029	-0.00658983753327	-0.0084618226854	0.00803249346669	-0.0618249335398	0.0191713512766	0.01925724978	-0.0210483750653	-0.00198045438211	0.0341473682128	0.00619127563871	-0.0487748746613	0.0314674542208
k__Bacteria;p__Firmicutes;c__Clostridia;o__Clostridiales;f__Ruminococcaceae;g__Ruminiclostridium;s__[Eubacterium]_siraeum	-0.0316809784474	-0.0758037532415	0.0647705348216	0.0142032927063	-0.0961021716157	0.0157510984688	0.00672986180941	0.052968983119	0.0384488361882	-0.0108095045928	0.0297297022978	-0.000865815233371	0.00647659486358	0.00919853117113	-0.0707609181018	-0.0330517968213	-0.0251870860841	-0.0282009008934	-0.00550609011798	-0.0893006992383	-0.0309575995008	1.0	-0.00434418783321	-0.00424110970515	-0.0441199444786	-0.0274503110794	-0.00247148736353	0.0483150793831	0.0449009586112	-0.0203661923839	0.0322441047112	0.00379589232554	-0.0590104864066	-0.0134580802776	-0.00183753406787	0.0267106788999	-0.0356519650053	0.0221705034893	-0.037671688322	0.0355634855319	-0.00280881559781	-0.020625572827	0.00692689569623	0.0329694066126	-0.0445526663674	0.0142379400045	-0.00282548188532	-0.0115158205621	0.0605730982381	-0.0280786179591	-0.0149128171274	0.00415957983893	0.0504071460996	0.0127850044895	-0.0230479109148	0.0188959179605	0.00228384469879	-0.0572094319241	0.021086709496
k__Bacteria;p__Proteobacteria;c__Betaproteobacteria;o__Burkholderiales;f__Sutterellaceae;g__Parasutterella;s__Parasutterella_excrementihominis	0.0159534455546	-0.0760320027991	0.00645969420527	0.0195382259491	-0.0136437400394	-0.0682098021808	-0.0312917466264	-0.00997108683443	0.08165297477	-0.0189548054844	0.0202320435201	-0.055715272357	-0.0165421416372	-0.0509649815495	-0.031274275071	0.00819618397584	-0.0100205625629	-0.0207845383921	0.016090687879	0.0440318533304	-0.0352786568775	-0.00434418783321	1.0	-0.0446446477872	0.0210763103111	0.0625347210692	-0.00455545881174	0.0109036449793	-0.0247975654988	-0.027835028671	-0.00714619787589	-0.033616391195	-0.0442101292641	0.0163624710972	-0.0391750793629	0.0877240868759	-0.0530181587939	-0.0639580315034	-0.0173488013489	0.0211508336977	-0.0229855053409	0.0247756562068	-0.0850002042749	-0.0220500344177	-0.0325060756838	0.0287732574639	0.0349462945904	0.0474748991335	-0.0103762185553	-0.00274376919295	0.00609798365167	0.00853592161652	-0.0749026043129	0.0245294511308	-0.064702747415	-0.0232346972835	-0.0786577552115	-0.0442381376396	0.0436493222311
k__Bacteria;p__Actinobacteria;c__Actinobacteria;o__Bifidobacteriales;f__Bifidobacteriaceae;g__Bifidobacterium;s__Bifidobacterium_adolescentis	-0.0566635409717	-0.0181271544848	-0.0349505740312	-0.00178984636848	-0.0305671874467	-0.0214328932178	0.0237792562265	0.0102720901677	0.0102195709855	0.01450289419	0.0141767986991	0.0365316806314	0.0637542323039	0.00220585367539	0.00748758398998	-0.00333940569809	-0.0250124577597	0.0301013522837	0.00706216079127	0.0130701133748	-0.0302870525095	-0.00424110970515	-0.0446446477872	1.0	-0.0098599832099	0.00496193546035	0.0240661697592	0.0022209038425	0.0165413351376	0.013672179083	0.00458948782059	-0.0172692056803	-0.0345988548376	0.00419030173902	-0.00957329502111	0.000479859506621	0.00341961722484	-0.0299078314382	-0.0426300850996	0.024104984545	0.0194630480952	-0.0573843278218	0.0122047364119	0.0138885440358	-0.00547257815276	-0.0236883288313	0.0451768294753	-0.0235314034717	-0.00950733840321	0.0569082182501	-0.017320666811	-0.102793755881	-0.0373922432589	0.0135256983401	-0.0241115277684	-0.00502010292682	-0.0279303600085	0.0103663078838	-0.0357357664242
k__Bacteria;p__Firmicutes;c__Clostridia;o__Clostridiales;f__Oscillospiraceae;g__Oscillibacter;s__Oscillibacter_sp._KLE_1745	0.0186125146011	-0.0599989460086	-0.0400991885993	-0.0228655172273	0.0374246702474	-0.040419017554	0.0191276012607	-0.0138742894845	0.023643587213	0.00462983989193	0.0151289384853	-0.00527683783241	0.0835627788282	0.00720450889979	-0.0404577254091	0.021439242652	0.0129141098636	-0.0242090261574	0.0164038246017	0.00654555743553	-0.0148222836665	-0.0441199444786	0.0210763103111	-0.0098599832099	1.0	-0.000599904302606	-0.0296158120093	-0.0717627198618	0.0151189316591	-0.0917268607158	-0.0164106558383	0.0635177845166	0.072953424456	-0.0294984843139	-0.0151149099731	-0.000385210479498	-0.097322493248	-0.0262214295613	0.0360298417648	-0.0223068284254	0.015455330425	-0.0149510717924	0.0113566479013	-0.0321025360591	0.0413035571604	0.00994729940412	-0.00152316261259	-0.0340839575196	-0.00361684976764	0.0440053068225	0.0210324840032	0.0085901293761	-0.00655074739522	0.00373383686443	-0.0237048750212	0.0459617004565	0.0202191941664	0.0376300828212	-0.0219196139231
k__Bacteria;p__Bacteroidetes;c__Bacteroidia;o__Bacteroidales;f__Bacteroidaceae;g__Bacteroides;s__Bacteroides_coprophilus	0.00723673337514	-0.0748723661737	0.00142488761873	-0.0114777627642	0.0216458303215	-0.0227040112152	0.0232361901716	-0.0460138966278	-0.0545783396178	0.0279657796585	0.0188025458055	0.0488166984159	0.0265007172645	0.0151687971619	-0.0111939177796	-0.0388849946104	0.0355368735841	-0.0234950526589	0.0485265953074	-0.00268257549289	0.0926034704068	-0.0274503110794	0.0625347210692	0.00496193546035	-0.000599904302606	1.0	0.00558435446481	0.0074355187634	-0.0348912964478	0.0456217220715	0.00774586956401	0.00715632747037	0.0515257223241	0.000727958276839	-0.00250976958837	0.0715945039138	-0.0704858622795	-0.0018777939635	0.0208910645159	-0.0127393283594	-0.0119107508065	0.0149375045667	0.0225928895112	-0.0184518005778	-0.00727084125904	-0.0118156656276	-0.0100498740484	-0.00275836354591	-0.0327114038271	-0.0246994472948	-0.00286516566275	-0.0119741439205	-0.0460827426444	0.035889456983	0.0109923905614	-0.0147058332749	-0.0546181835003	-0.0464427334317	-0.029099563175
k__Bacteria;p__Firmicutes;c__Clostridia;o__Clostridiales;f__Lachnospiraceae;g__Roseburia;s__Roseburia_intestinalis	0.00527184826679	-0.0292394145825	-0.0453037078128	0.0257084414053	0.0332113784596	0.0251502639608	0.0128175320011	-0.0225208203052	0.019735991603	0.014094937975	-0.0193938971253	-0.0376219472999	0.00976079422651	-0.0323194088887	-0.00836907780643	0.0152238982866	-0.0331862310542	-0.0394447147597	-0.0219785640474	0.0446304407633	0.0274387754135	-0.00247148736353	-0.00455545881174	0.0240661697592	-0.0296158120093	0.00558435446481	1.0	-0.0237934459316	0.0386624102778	-0.0296748214002	-0.0282025348392	0.000395843537134	-0.0210072945551	-0.0392441228335	-0.00167556755016	-0.0216328639309	0.0299241686946	0.00928733339564	-0.00578555848414	0.0352656879598	-0.0141351545734	-0.0520847299769	0.0112808462598	-0.00135552382744	-0.0614635467575	-0.0368262169775	-0.0302309738967	-0.00484119761962	0.0103427223501	0.00631390075641	0.000643581662495	0.0771631919798	-0.0107820876258	0.00615648909776	0.00466937812539	-0.0305704683222	0.0482006780629	0.000246972035378	-0.0484014855059
k__Bacteria;p__Firmicutes;c__Clostridia;o__Clostridiales;f__Lachnospiraceae;g__Roseburia;s__Roseburia_hominis	0.040337832514	-0.0294554505056	-0.0504594729321	0.0021008668551	-0.0112356784749	-0.0119038204512	-0.0185485576835	-0.0200737623296	0.00389173263089	-0.0746622661009	0.0232365432219	0.022776640053	-0.00703606148453	-0.0392262753456	0.00102197083837	0.0331502068186	-0.0248543374242	-0.0182978213198	0.0265539084666	-0.0570512893476	0.00337721598524	0.0483150793831	0.0109036449793	0.0022209038425	-0.0717627198618	0.0074355187634	-0.0237934459316	1.0	0.0540596175264	-0.0469478883346	0.00573025985895	-0.000760390919488	-0.0261920258261	-0.00196956967856	0.0237760642632	0.0709960996968	-0.00105606842737	-0.0116033223543	0.0717785850248	-0.0110665901767	-0.0689329503544	0.0324364709285	-0.00528049411833	-0.0335104606143	-0.0359533193175	-0.0241558655669	0.0467133455934	-0.050708716015	-0.0671400676161	-0.0438033660348	-0.0993750060675	-0.0162659173162	0.0430450419865	-0.0302684044296	0.0245043124687	0.0131700488205	0.0121281482732	-0.00274095245383	-0.0537132619185
k__Bacteria;p__Bacteroidetes;c__Bacteroidia;o__Bacteroidales;f__Porphyromonadaceae;g__Parabacteroides;s__Parabacteroides_johnsonii	-0.0249983864446	-0.0115150773805	0.0124117116329	0.0490273513066	-0.0339376208142	-0.00146153320455	-0.00491330570489	0.018032646434	0.0814949349955	0.00798709295198	-0.0337939946293	-0.0374535360562	0.00825662524457	-0.000474106158186	0.0119251438623	-0.0764683734471	-0.0141878483474	-0.026183554245	-0.03564825983	-0.0555340993949	-0.0380062929524	0.0449009586112	-0.0247975654988	0.0165413351376	0.0151189316591	-0.0348912964478	0.0386624102778	0.0540596175264	1.0	-0.0501864485394	-0.072612873216	-0.00570145723293	0.00205100647014	-0.0564199017105	-0.0374797840487	-0.00238758353265	0.013259732932	-0.0371446360757	-0.00396887544067	-0.00879432257682	-0.0376912214988	-0.044834498302	0.00183459182766	-0.03431715921	0.0178947890089	0.00315573975759	-0.0586435961906	-0.00519228747725	0.0523634759799	0.0429475325656	0.0131736463769	0.0154520137304	0.0334832174978	-0.0953854929433	-0.0465857213616	-0.0462279150803	-0.00255139762392	-0.0647425402097	0.0197918536993
k__Bacteria;p__Actinobacteria;c__Actinobacteria;o__Bifidobacteriales;f__Bifidobacteriaceae;g__Bifidobacterium;s__Bifidobacterium_longum	0.050633355243	-0.0526600140621	0.0318352952635	-0.0218644077974	-0.00660285625041	-0.0208406335073	-0.0903787789965	-0.0128329827554	-0.00360356570708	0.0666288561026	0.0388924776018	0.00249649396026	-0.070093010115	0.116883908119	-0.0585901629305	0.00814633771378	0.0236743262311	0.0353241828636	-0.0266394314227	0.0105678013789	-0.0175982051102	-0.0203661923839	-0.027835028671	0.013672179083	-0.0917268607158	0.0456217220715	-0.0296748214002	-0.0469478883346	-0.0501864485394	1.0	-0.020110366214	-0.0199241730682	0.00116478147812	0.0577010357875	-0.0722327074271	0.00683409875934	-0.0508660864117	0.0425144697326	-0.0120503845414	-0.057595966302	0.0500728459946	-0.00557751203069	-0.0501775079782	0.0471619360478	-0.031671234139	-0.0193752175155	-0.0936990229648	0.0698462361819	-0.0512540198646	0.0410404956348	-0.00907080288738	0.0190892750696	-0.012947884703	-0.00994280152174	-0.0309594372437	0.0183764908749	-0.0932756488051	-0.041300888286	0.0401231397932
