#taxonomy	k__Bacteria;p__Bacteroidetes;c__Bacteroidia;o__Bacteroidales;f__Bacteroidaceae;g__Bacteroides;s__Bacteroides_vulgatus	k__Bacteria;p__Bacteroidetes;c__Bacteroidia;o__Bacteroidales;f__Bacteroidaceae;g__Bacteroides;s__Bacteroides_uniformis	k__Bacteria;p__Bacteroidetes;c__Bacteroidia;o__Bacteroidales;f__Rikenellaceae;g__Alistipes;s__Alistipes_putredinis	k__Bacteria;p__Bacteroidetes;c__Bacteroidia;o__Bacteroidales;f__Prevotellaceae;g__Prevotella;s__Prevotella_copri	k__Bacteria;p__Bacteroidetes;c__Bacteroidia;o__Bacteroidales;f__Bacteroidaceae;g__Bacteroides;s__Bacteroides_stercoris	k__Bacteria;p__Bacteroidetes;c__Bacteroidia;o__Bacteroidales;f__Bacteroidaceae;g__Bacteroides;s__Bacteroides_ovatus	k__Bacteria;p__Bacteroidetes;c__Bacteroidia;o__Bacteroidales;f__Rikenellaceae;g__Alistipes;s__Alistipes_shahii	k__Bacteria;p__Firmicutes;c__Clostridia;o__Clostridiales;f__Ruminococcaceae;g__Faecalibacterium;s__Faecalibacterium_prausnitzii	k__Bacteria;p__Bacteroidetes;c__Bacteroidia;o__Bacteroidales;f__Rikenellaceae;g__Alistipes;s__Alistipes_finegoldii	k__Bacteria;p__Bacteroidetes;c__Bacteroidia;o__Bacteroidales;f__Porphyromonadaceae;g__Parabacteroides;s__Parabacteroides_distasonis	k__Bacteria;p__Bacteroidetes;c__Bacteroidia;o__Bacteroidales;f__Bacteroidaceae;g__Bacteroides;s__Bacteroides_thetaiotaomicron	k__Bacteria;p__Bacteroidetes;c__Bacteroidia;o__Bacteroidales;f__Bacteroidaceae;g__Bacteroides;s__Bacteroides_coprocola	k__Bacteria;p__Bacteroidetes;c__Bacteroidia;o__Bacteroidales;f__Bacteroidaceae;g__Bacteroides;s__Bacteroides_cellulosilyticus	k__Bacteria;p__Bacteroidetes;c__Bacteroidia;o__Bacteroidales;f__Rikenellaceae;g__Alistipes;s__Alistipes_obesi	k__Bacteria;p__Firmicutes;c__Clostridia;o__Clostridiales;f__Lachnospiraceae;g__;s__[Eubacterium]_rectale	k__Bacteria;p__Bacteroidetes;c__Bacteroidia;o__Bacteroidales;f__Bacteroidaceae;g__Bacteroides;s__Bacteroides_plebeius	k__Bacteria;p__Bacteroidetes;c__Bacteroidia;o__Bacteroidales;f__Bacteroidaceae;g__Bacteroides;s__Bacteroides_fragilis	k__Bacteria;p__Proteobacteria;c__Betaproteobacteria;o__Burkholderiales;f__Sutterellaceae;g__Sutterella;s__Sutterella_wadsworthensis	k__Bacteria;p__Bacteroidetes;c__Bacteroidia;o__Bacteroidales;f__Porphyromonadaceae;g__Barnesiella;s__Barnesiella_intestinihominis	k__Bacteria;p__Bacteroidetes;c__Bacteroidia;o__Bacteroidales;f__Odoribacteraceae;g__Odoribacter;s__Odoribacter_splanchnicus	k__Bacteria;p__Bacteroidetes;c__Bacteroidia;o__Bacteroidales;f__Bacteroidaceae;g__Bacteroides;s__Bacteroides_salyersiae	k__Bacteria;p__Firmicutes;c__Clostridia;o__Clostridiales;f__Ruminococcaceae;g__Ruminiclostridium;s__[Eubacterium]_siraeum	k__Bacteria;p__Proteobacteria;c__Betaproteobacteria;o__Burkholderiales;f__Sutterellaceae;g__Parasutterella;s__Parasutterella_excrementihominis	k__Bacteria;p__Actinobacteria;c__Actinobacteria;o__Bifidobacteriales;f__Bifidobacteriaceae;g__Bifidobacterium;s__Bifidobacterium_adolescentis	k__Bacteria;p__Firmicutes;c__Clostridia;o__Clostridiales;f__Oscillospiraceae;g__Oscillibacter;s__Oscillibacter_sp._KLE_1745	k__Bacteria;p__Bacteroidetes;c__Bacteroidia;o__Bacteroidales;f__Bacteroidaceae;g__Bacteroides;s__Bacteroides_coprophilus	k__Bacteria;p__Firmicutes;c__Clostridia;o__Clostridiales;f__Lachnospiraceae;g__Roseburia;s__Roseburia_intestinalis	k__Bacteria;p__Firmicutes;c__Clostridia;o__Clostridiales;f__Lachnospiraceae;g__Roseburia;s__Roseburia_hominis	k__Bacteria;p__Bacteroidetes;c__Bacteroidia;o__Bacteroidales;f__Porphyromonadaceae;g__Parabacteroides;s__Parabacteroides_johnsonii	k__Bacteria;p__Actinobacteria;c__Actinobacteria;o__Bifidobacteriales;f__Bifidobacteriaceae;g__Bifidobacterium;s__Bifidobacterium_longum	k__Bacteria;p__Firmicutes;c__Clostridia;o__Clostridiales;f__;g__Flavonifractor;s__Flavonifractor_plautii	k__Bacteria;p__Firmicutes;c__Clostridia;o__Clostridiales;f__Clostridiaceae;g__Clostridium;s__Clostridium_phoceensis	k__Bacteria;p__Verrucomicrobia;c__Verrucomicrobiae;o__Verrucomicrobiales;f__Akkermansiaceae;g__Akkermansia;s__Akkermansia_muciniphila	k__Bacteria;p__Bacteroidetes;c__Bacteroidia;o__Bacteroidales;f__Prevotellaceae;g__Paraprevotella;s__Paraprevotella_xylaniphila	k__Bacteria;p__Firmicutes;c__Clostridia;o__Clostridiales;f__Ruminococcaceae;g__Ruminococcus;s__Ruminococcus_callidus	k__Bacteria;p__Bacteroidetes;c__Bacteroidia;o__Bacteroidales;f__Rikenellaceae;g__Alistipes;s__Alistipes_senegalensis	k__Bacteria;p__Firmicutes;c__Clostridia;o__Clostridiales;f__Lachnospiraceae;g__Blautia;s__Blautia_sp._KLE_1732	k__Bacteria;p__Bacteroidetes;c__Bacteroidia;o__Bacteroidales;f__Bacteroidaceae;g__Bacteroides;s__Bacteroides_oleiciplenus	k__Bacteria;p__Firmicutes;c__Clostridia;o__Clostridiales;f__Ruminococcaceae;g__Ruminococcus;s__Ruminococcus_bicirculans	k__Bacteria;p__Bacteroidetes;c__Bacteroidia;o__Bacteroidales;f__Bacteroidaceae;g__Bacteroides;s__Bacteroides_fluxus	k__Bacteria;p__Bacteroidetes;c__Bacteroidia;o__Bacteroidales;f__Prevotellaceae;g__Prevotella;s__Prevotella_stercorea	k__Bacteria;p__Firmicutes;c__Clostridia;o__Clostridiales;f__Lachnospiraceae;g__Dorea;s__Dorea_longicatena	k__Bacteria;p__Firmicutes;c__Clostridia;o__Clostridiales;f__Eubacteriaceae;g__Eubacterium;s__[Eubacterium]_eligens	k__Bacteria;p__Firmicutes;c__Clostridia;o__Clostridiales;f__Ruminococcaceae;g__;s__Ruminococcaceae_bacterium_D16	k__Bacteria;p__Firmicutes;c__Clostridia;o__Clostridiales;f__Lachnospiraceae;g__Coprococcus;s__Coprococcus_comes	k__Bacteria;p__Proteobacteria;c__Gammaproteobacteria;o__Enterobacterales;f__Enterobacteriaceae;g__Escherichia;s__Escherichia_coli	k__Bacteria;p__Firmicutes;c__Clostridia;o__Clostridiales;f__Ruminococcaceae;g__Anaerotruncus;s__Anaerotruncus_colihominis	k__Bacteria;p__Firmicutes;c__Clostridia;o__Clostridiales;f__Lachnospiraceae;g__Blautia;s__Blautia_obeum	k__Bacteria;p__Bacteroidetes;c__Bacteroidia;o__Bacteroidales;f__Odoribacteraceae;g__Odoribacter;s__Odoribacter_laneus	k__Bacteria;p__Firmicutes;c__Clostridia;o__Clostridiales;f__Ruminococcaceae;g__Ruminiclostridium;s__[Clostridium]_leptum	k__Bacteria;p__Bacteroidetes;c__Bacteroidia;o__Bacteroidales;f__Porphyromonadaceae;g__Parabacteroides;s__Parabacteroides_goldsteinii	k__Bacteria;p__Firmicutes;c__Clostridia;o__Clostridiales;f__Lachnospiraceae;g__Anaerostipes;s__Anaerostipes_hadrus	k__Bacteria;p__Firmicutes;c__Clostridia;o__Clostridiales;f__Ruminococcaceae;g__Ruminococcus;s__Ruminococcus_lactaris	k__Bacteria;p__Firmicutes;c__Clostridia;o__Clostridiales;f__Clostridiaceae;g__Clostridium;s__Clostridium_sp._L2-50	k__Bacteria;p__Firmicutes;c__Clostridia;o__Clostridiales;f__Clostridiaceae;g__Clostridium;s__Clostridium_sp._M62/1	k__Bacteria;p__Firmicutes;c__Clostridia;o__Clostridiales;f__;g__Intestinimonas;s__Intestinimonas_butyriciproducens	k__Bacteria;p__Actinobacteria;c__Actinobacteria;o__Bifidobacteriales;f__Bifidobacteriaceae;g__Bifidobacterium;s__Bifidobacterium_bifidum	k__Bacteria;p__Firmicutes;c__Negativicutes;o__Veillonellales;f__Veillonellaceae;g__Dialister;s__Dialister_invisus	k__Bacteria;p__Bacteroidetes;c__Bacteroidia;o__Bacteroidales;f__Bacteroidaceae;g__Bacteroides;s__Bacteroides_salanitronis
k__Bacteria;p__Bacteroidetes;c__Bacteroidia;o__Bacteroidales;f__Bacteroidaceae;g__Bacteroides;s__Bacteroides_vulgatus	1.0	0.0590839359714	0.0532440634475	0.00924640952447	-0.0372869873117	0.0544580224027	0.00555894676888	-0.149432570042	0.0853816761611	-0.0152893197233	0.00164672869169	-0.0854644990614	0.050090603303	0.00119513848479	0.0146497247456	-0.106515165223	0.0284490105828	-0.0809922157301	0.0271074406925	0.0450752547897	-0.00549238647452	0.0419980928362	-0.0497263139605	0.0273932659735	-0.0784590524359	-0.0215061559234	0.0187965111841	-0.0711181182217	-0.0639186601742	0.0363611556281	0.000365474577637	-0.0714635090829	-0.0772642258071	0.165343925007	0.218483435223	-0.0569297217573	0.0804151470532	0.0673294387499	-0.00767734600737	-0.138852682147	-0.117423620532	0.0414730641976	-0.0964596760195	-0.0420032169383	0.0401526987144	-0.00857815465304	0.142628988391	0.0586775556099	0.0275107839244	-0.098711793166	-0.0279361734153	0.0176279103968	-0.0180136575567	-0.0584900788658	-0.120131940816	-0.0701427805456	0.00611995899372	0.0353311546306	-0.0514598604057
k__Bacteria;p__Bacteroidetes;c__Bacteroidia;o__Bacteroidales;f__Bacteroidaceae;g__Bacteroides;s__Bacteroides_uniformis	0.0590839359714	1.0	-0.0902441225445	0.00704833902438	-0.013383008012	0.0777916150757	-0.149896020696	-0.104922798821	0.00451795933964	-0.0124465660502	-0.0112420963201	0.0754755470057	-0.0114276770526	0.079140832952	0.0449850686498	-0.0335882662279	0.0385682015075	-0.0514891315912	0.0330835477839	-0.0141894932968	-0.0790433277389	-0.0782556573074	-0.0102795684522	-0.160903944191	-0.121459732414	0.103459202902	0.00745517446898	0.0609805686975	-0.0328320903489	-0.07916056191	-0.0634477706812	-0.0755863054809	0.0817940587717	-0.0187059739027	0.0467118019364	-0.0980311987888	0.0670255164457	-0.212884156577	-0.03587583227	0.0150113014612	-0.0183289815359	0.070980896898	0.121103629024	-0.0989416073623	-0.105523761648	0.0803843874968	0.170176738218	0.0352274341955	0.0311720698268	-0.0512920863311	-0.0363573469995	0.0601963829493	-0.0423084531398	-0.0329901053129	-0.171445280101	-0.0948047345715	-0.0158884714967	-0.0816602263135	0.109907050307
k__Bacteria;p__Bacteroidetes;c__Bacteroidia;o__Bacteroidales;f__Rikenellaceae;g__Alistipes;s__Alistipes_putredinis	0.0532440634475	-0.0902441225445	1.0	-0.00714295870255	-0.0664213682671	-0.0324332119812	-0.0536837018471	0.00899667661275	0.159569157354	-0.0940375246514	-0.0920592469429	0.117341919029	-0.100438428033	-0.0691723863857	-0.0300904265613	-0.115147962243	0.0412301458945	0.10054579988	-0.181193334632	-0.0902278032115	0.0736231595798	-0.145853474725	0.0534767492915	0.0308136153084	0.0877773842474	-0.0355719524593	0.0101050601986	-0.0890706533294	0.110982391226	-0.0134140881908	0.0250034829962	0.113234520668	-0.134244157976	0.0545373186659	-0.00875695142862	-0.0775807999577	0.0803639888845	-0.057474101633	-0.0237079622973	-0.0464854111141	0.058623217876	-0.0884078053432	0.0137873367638	0.103721569969	-0.0631014614688	0.0638879628661	0.0351893269923	0.0923021957917	-0.0100411079085	-0.0498976771607	0.0530201305736	-0.0979064059708	-0.1017821366	-0.11172233309	0.0286689591457	0.0546817793834	-0.0264537023492	-0.0172125643162	0.0787501164153
k__Bacteria;p__Bacteroidetes;c__Bacteroidia;o__Bacteroidales;f__Prevotellaceae;g__Prevotella;s__Prevotella_copri	0.00924640952447	0.00704833902438	-0.00714295870255	1.0	0.058783828658	-0.0567018788304	0.0300415466425	0.0110548129176	-0.0925458053381	0.0575163107995	-0.213766761819	0.0414513228953	-0.053336661848	-0.0829815304615	-0.0510115868563	0.057741074356	0.0573014435586	0.0187270865513	-0.0140236838245	-0.083409585756	0.0780221350826	0.20361332146	-0.013567999853	0.079864040609	-0.0505159715951	-0.0414171719617	0.0841136395205	0.0177640699774	-0.00585217463441	-0.0257182219901	-0.110671130411	-0.13074157486	0.0823356125547	-0.113933546143	0.0388184658753	0.0088998219033	-0.042241006237	-0.0451540555851	0.0373975902706	0.03330686883	0.0785577061931	0.0944073833691	-0.090536746965	0.060200775335	0.0233611844705	-0.141154201585	-0.131426864766	0.00517478214353	0.114020018528	0.173454140305	0.0181385543611	0.0325460677549	0.0762257876817	0.0606319709001	-0.00495346979638	0.00329540081435	-0.0235583683222	-0.0525269330163	-0.0616957134997
k__Bacteria;p__Bacteroidetes;c__Bacteroidia;o__Bacteroidales;f__Bacteroidaceae;g__Bacteroides;s__Bacteroides_stercoris	-0.0372869873117	-0.013383008012	-0.0664213682671	0.058783828658	1.0	-0.124777013306	-0.128359935216	-0.038989413166	-0.0307334875968	0.0766932620636	-0.00828640135064	-0.0272591838974	0.0623453289794	0.106837351034	-0.0789009101484	0.0661394201293	0.0339655997778	-0.116984114948	-0.127267519367	0.0110796040772	0.0846166822056	0.00670190099934	-0.0968694044646	0.0913798918801	0.0494310232384	-0.00624967822163	0.0576378518741	-0.0229248613921	0.0494738147728	0.128241076151	0.127125070708	-0.0176048688619	-0.115993293044	-0.00845521558418	0.00957101785338	0.0163133567031	-0.0154941693771	-0.0494558262014	0.0661565098445	-0.10724059382	-0.108467607781	-0.0809373155777	-0.131154004825	0.00169369944421	-0.0787468158979	-0.0949711646725	-0.139152746278	-0.0389560050212	-0.0152297422609	0.0547592996257	-0.0328341661954	0.116823600413	-0.0204553131699	-0.0338931100397	-0.0362337387046	0.0410016198502	-0.0465833373941	-0.0845902181987	-0.0321935606364
k__Bacteria;p__Bacteroidetes;c__Bacteroidia;o__Bacteroidales;f__Bacteroidaceae;g__Bacteroides;s__Bacteroides_ovatus	0.0544580224027	0.0777916150757	-0.0324332119812	-0.0567018788304	-0.124777013306	1.0	-0.086336635517	-0.0208206377241	0.103425105775	0.0488005426076	0.101592143658	0.0712865075278	0.0947513891374	-0.0760881818187	-0.0480252126563	-0.0157379896231	-0.154287932906	0.078543563087	-0.0871364897738	0.138011554233	-0.0157358894307	0.00720294542525	-0.0322666657404	-0.082321069864	0.0123425687567	0.0106516779684	0.0675390545688	0.0862505403301	0.032657952896	-0.0857404741862	-0.0461600292945	-0.0379969188337	0.136971393049	0.054012226059	0.112952871459	0.0135853063116	-0.0968339822138	-0.111391131359	0.0939694842911	0.113165190576	0.162324376735	-0.0782345048566	-0.0233387756565	-0.0181421479407	-0.0209596526807	0.0892919681415	0.110668537194	-0.106867472431	0.0208755573735	-0.110135560791	0.0802219993455	0.0613214519894	-0.0316293937413	0.0217614568881	0.09230360733	0.0332403184636	-0.133448852188	-0.0772896114526	0.0187845362843
k__Bacteria;p__Bacteroidetes;c__Bacteroidia;o__Bacteroidales;f__Rikenellaceae;g__Alistipes;s__Alistipes_shahii	0.00555894676888	-0.149896020696	-0.0536837018471	0.0300415466425	-0.128359935216	-0.086336635517	1.0	0.0975343017753	-0.0533092211295	-0.13864913926	0.0201111071819	-0.0909076454443	0.0404988101376	-0.160062210408	-0.153753267154	-0.0754674444321	0.0222858083194	-0.100011042914	0.0200179602547	-0.00904072146576	-0.0216566991381	0.0757226374201	0.0976530918451	0.0454454978448	0.0351542632145	-0.0958699479553	-0.0422722939304	-0.0152032254379	0.0131241417828	0.0713633875103	0.0548558819953	0.0273235096276	-0.045641698817	0.0643197434023	0.0820992432141	0.0235799839277	0.0102367493865	-0.084871817204	0.100137258994	-0.0398717772866	-0.0158968642822	-0.0732118052251	0.0473392487522	0.0791848805483	0.0613888557018	0.145530616428	-0.110595105429	-0.0368535696379	0.00230806002073	-0.117514728594	-0.0888292423091	-0.0726278971461	-0.0945987450437	-0.0263121839324	0.0278764765463	-0.1081360107	0.00905967889173	0.183205126788	-0.0356252477185
k__Bacteria;p__Firmicutes;c__Clostridia;o__Clostridiales;f__Ruminococcaceae;g__Faecalibacterium;s__Faecalibacterium_prausnitzii	-0.149432570042	-0.104922798821	0.00899667661275	0.0110548129176	-0.038989413166	-0.0208206377241	0.0975343017753	1.0	-0.0172086420005	-0.00226627872848	0.00141066762187	-0.0588262823842	0.148441052487	0.0550456962211	0.0981309771119	-0.00541196462208	0.0276203141736	0.0252348224547	0.018347336601	0.119925780928	-0.0153718521833	0.0252014053468	0.0494952341561	0.0148313397885	0.0880314472153	0.0320923066673	-0.0275935120996	-0.19069894284	-0.0443865017868	0.0125054299287	0.0469894626421	-0.00186726090196	0.0348421532124	0.212381709387	0.115920512855	0.0991293746381	0.114958639123	-0.00847331307442	0.11657358868	-0.157838145302	-0.0271061726056	0.0621668489574	-0.0741693540197	-0.193817613027	0.0554738199323	-0.0374614483405	-0.0840364371009	-0.151291074352	-0.0781642587286	0.0682082172303	0.0423463540604	-0.0937974076103	-0.0815181420859	0.0693943752608	-0.105570026385	-0.11353827093	-0.0347219029557	-0.0221437787128	0.0811709451802
k__Bacteria;p__Bacteroidetes;c__Bacteroidia;o__Bacteroidales;f__Rikenellaceae;g__Alistipes;s__Alistipes_finegoldii	0.0853816761611	0.00451795933964	0.159569157354	-0.0925458053381	-0.0307334875968	0.103425105775	-0.0533092211295	-0.0172086420005	1.0	0.042174653794	-0.141717268372	-0.0299334882087	0.173410240065	0.00767033457734	0.0750124227394	0.00496468491446	-0.0136556318594	-0.0792188263124	-0.0175017555878	-0.00710929198366	0.0523245106741	-0.0478119677438	-0.118493000427	0.0405767477326	-0.0263694686476	0.0480010480628	0.00203271070576	-0.0867939717438	-0.176200001102	-0.169283341708	-0.0505136477138	-0.174635505623	0.0160083665959	-0.0750688808782	0.0867994531743	0.100887560991	0.0189716301234	-0.104508284833	-0.109545574807	0.0566326664981	-0.0602560234878	-0.0826336497944	-0.000116440168458	0.166499976024	0.0632865186887	0.0404003978708	-0.100855982313	-0.0218100845088	-0.0244615323906	-0.136317081264	-0.0333436076241	-0.127231326101	0.0281619027272	0.00505899681364	0.0296578123043	0.0603734244257	0.00721550826421	-0.0843818088116	-0.0404067034474
k__Bacteria;p__Bacteroidetes;c__Bacteroidia;o__Bacteroidales;f__Porphyromonadaceae;g__Parabacteroides;s__Parabacteroides_distasonis	-0.0152893197233	-0.0124465660502	-0.0940375246514	0.0575163107995	0.0766932620636	0.0488005426076	-0.13864913926	-0.00226627872848	0.042174653794	1.0	0.115366392498	-0.000937353256213	-0.0945913315515	-0.00561507892344	-0.0826613057097	0.0899597740831	0.0264010150825	-0.00289922632102	-0.0911829981868	-0.124451679579	-0.084925638548	-0.0895801020019	-0.0983483633086	-0.110541714415	-0.0520914398943	-0.0100153197578	0.00436414341638	0.0564653837172	0.0802275444348	-0.008745518834	0.087592651993	0.016225764964	-0.0417451255273	0.00222923302733	0.0180020166878	-0.0847975185841	-0.0710472012664	-0.0323816929798	-0.0579547104531	0.0120269244257	0.0520283088849	0.123225620404	0.0877248124097	-0.0131550242127	0.0620258063807	-0.0144069631705	0.118137830401	0.0625885405133	0.0206925453148	-0.095515514873	0.0192226740745	0.189918286731	0.0205632244142	-0.129054022338	0.057538944502	-0.0440692850541	-0.0529085456146	-0.00688762240968	-0.0320917093669
k__Bacteria;p__Bacteroidetes;c__Bacteroidia;o__Bacteroidales;f__Bacteroidaceae;g__Bacteroides;s__Bacteroides_thetaiotaomicron	0.00164672869169	-0.0112420963201	-0.0920592469429	-0.213766761819	-0.00828640135064	0.101592143658	0.0201111071819	0.00141066762187	-0.141717268372	0.115366392498	1.0	-0.101065146343	0.101516501231	-0.108537715113	-0.0400858725896	-0.0144716932069	0.0131308542684	-0.0645410330471	0.0556614560857	0.054933523307	0.0159341045439	-0.062014308132	0.0135092522421	0.0475437473964	-0.10672140489	0.0707906978612	-0.0690100517771	-0.0210237673889	-0.047676993264	-0.0508401314999	0.183100362379	-0.0991705353282	-0.179575548786	0.217643804665	-0.0713489945583	-0.0186583636145	0.0759362105222	0.00664675856318	-0.0617091032057	-0.0716724072823	-0.0955551471717	-0.0567303450982	-0.109534034995	-0.10700354177	-0.00734880938332	-0.014025364006	-0.0771944838355	-0.0398694512569	-0.102626444953	0.0597883699119	0.05145656815	0.0367285446444	-0.136357041935	-0.0755731076705	0.0285099727496	-0.0617315939876	-0.050746607844	0.0610775984146	0.107519313199
k__Bacteria;p__Bacteroidetes;c__Bacteroidia;o__Bacteroidales;f__Bacteroidaceae;g__Bacteroides;s__Bacteroides_coprocola	-0.0854644990614	0.0754755470057	0.117341919029	0.0414513228953	-0.0272591838974	0.0712865075278	-0.0909076454443	-0.0588262823842	-0.0299334882087	-0.000937353256213	-0.101065146343	1.0	-0.108180407203	-0.0695246644474	0.0807602780996	-0.0575322365535	-0.100909090658	0.0786892527296	-0.0171395510678	-0.0393218763068	0.0351079644813	0.0151257687054	0.0511097161689	-0.0583193761012	-0.00160624015396	0.0229995623207	0.0871574626588	-0.0272234077521	0.146209157942	0.054739923181	-0.0660497097629	-0.0103906644323	0.047679583144	-0.0951858165682	-0.0470966775038	-0.00482878828063	0.021375399412	0.0730356899892	-0.0718894263071	-0.112984940158	-0.00775526285908	-0.0211569857238	-0.0874152440589	-0.114618999854	-0.0876994840996	-0.0987944947773	0.109845962868	0.000768492721645	-0.0473756168742	0.0567948702715	0.0937371320747	-0.0519668788606	-0.0502882444511	0.172406802834	-0.165421066486	0.0569801328721	0.0809389470424	-0.0403342308172	0.0447788017054
k__Bacteria;p__Bacteroidetes;c__Bacteroidia;o__Bacteroidales;f__Bacteroidaceae;g__Bacteroides;s__Bacteroides_cellulosilyticus	0.050090603303	-0.0114276770526	-0.100438428033	-0.053336661848	0.0623453289794	0.0947513891374	0.0404988101376	0.148441052487	0.173410240065	-0.0945913315515	0.101516501231	-0.108180407203	1.0	0.0435847297517	-0.0643304499907	-0.000640455081815	0.071144535262	-0.0323492677518	0.0575029533111	0.0509487418981	0.0479661246992	-0.0400203369599	0.024422426676	0.0672471615135	0.0868635924383	0.0399555664307	-0.0702252104929	0.0893565143552	-0.0471987274492	0.0196120266771	-0.03359014024	0.0136731978221	-0.125003670945	-0.0547741528864	0.040717820414	-0.0910917767916	0.0804392579685	-0.0795770829573	-0.0876629347384	0.0310867858334	-0.00597741014401	-0.0513407117575	-0.183593665273	0.0681057674174	-0.0473564910133	0.0709342376039	0.0793722910796	-0.0426922007477	0.0101083722182	0.0297536176093	-0.0835957837121	0.0589012159282	0.127516250268	-0.00911598479681	-0.113210409698	0.0306485345858	0.0257976210351	-0.00426850825302	0.0196869849943
k__Bacteria;p__Bacteroidetes;c__Bacteroidia;o__Bacteroidales;f__Rikenellaceae;g__Alistipes;s__Alistipes_obesi	0.00119513848479	0.079140832952	-0.0691723863857	-0.0829815304615	0.106837351034	-0.0760881818187	-0.160062210408	0.0550456962211	0.00767033457734	-0.00561507892344	-0.108537715113	-0.0695246644474	0.0435847297517	1.0	0.076527690941	0.0889490802726	0.1039516131	-0.0818266757668	0.00846605756659	0.16899178585	-0.0410919494048	0.130229583212	0.00482142900564	0.0618275915749	0.0920254894884	0.00393486887616	-0.143197558587	-0.0190308187993	-0.113480942373	-0.0444074773394	0.0656102241036	0.00947695446721	0.0240991588426	-0.0568777127711	-0.114808105787	0.142122973163	0.00888155903162	0.084313731315	-0.0932270027952	0.0640448879125	0.108578104055	-0.0676743429155	-0.0928186332975	0.0658018295848	0.0997572343442	-0.0650423852442	-0.020278714709	0.0871535899273	-0.111531290495	-0.0187818487876	0.00697120109799	-0.112765826309	-0.122606782659	-0.0439136103715	-0.100399345608	0.0958154622941	-0.0998907017116	0.0448966806394	-0.120160987322
k__Bacteria;p__Firmicutes;c__Clostridia;o__Clostridiales;f__Lachnospiraceae;g__;s__[Eubacterium]_rectale	0.0146497247456	0.0449850686498	-0.0300904265613	-0.0510115868563	-0.0789009101484	-0.0480252126563	-0.153753267154	0.0981309771119	0.0750124227394	-0.0826613057097	-0.0400858725896	0.0807602780996	-0.0643304499907	0.076527690941	1.0	-0.0612306633881	-0.0438556311546	0.0144670018156	0.0617316721908	0.0824211605267	0.020286620901	-0.206077383904	-0.0282218720959	-0.0396609979517	-0.00125663949826	0.0665412001226	-0.0539758868689	-0.15108811177	-0.0467698519899	-0.132636733229	0.0431151424344	-0.045036103389	0.0787759304964	0.015350728951	0.00818447797124	0.0147933419113	-0.110745212635	-0.00585650581941	0.0484979188934	0.040433451969	0.0304450837525	-0.0782795500135	0.075083210596	-0.0541725605237	0.198684320766	-0.0751658673649	0.0596710027821	-0.0100151684129	-0.158356083648	0.0775899910039	-0.0990993015489	0.0884959882356	-0.0566328695308	0.00178603559558	-0.0144478635134	-0.0690932697153	0.0904046162704	0.059463944932	0.00201318001655
k__Bacteria;p__Bacteroidetes;c__Bacteroidia;o__Bacteroidales;f__Bacteroidaceae;g__Bacteroides;s__Bacteroides_plebeius	-0.106515165223	-0.0335882662279	-0.115147962243	0.057741074356	0.0661394201293	-0.0157379896231	-0.0754674444321	-0.00541196462208	0.00496468491446	0.0899597740831	-0.0144716932069	-0.0575322365535	-0.000640455081815	0.0889490802726	-0.0612306633881	1.0	0.000391467509432	-0.134959567948	0.023418525894	-0.0355420090368	0.0837107210911	0.0176628065375	0.0671228485516	0.00146543945688	0.0113382655866	-0.0670940486009	-0.0578647487222	0.0671044071509	-0.00738942652677	0.0370686212713	0.102753318997	0.0245072443938	0.194681607115	0.0118626605378	-0.0991109903945	-0.0694306860903	-0.0409789608128	0.087350837853	0.0870814397914	0.0180530713349	-0.0620682164678	-0.0681927500927	0.112192018436	0.152855359031	-0.109050899929	-0.0320421119939	-0.0555347433401	0.107165120627	-0.0202836549051	-0.0139615351446	-0.109196524278	0.0301335380035	-0.0161113739998	0.0479204814005	-0.076810592603	-0.03903069044	-0.0145821808015	-0.108749942971	-0.090275198483
k__Bacteria;p__Bacteroidetes;c__Bacteroidia;o__Bacteroidales;f__Bacteroidaceae;g__Bacteroides;s__Bacteroides_fragilis	0.0284490105828	0.0385682015075	0.0412301458945	0.0573014435586	0.0339655997778	-0.154287932906	0.0222858083194	0.0276203141736	-0.0136556318594	0.0264010150825	0.0131308542684	-0.100909090658	0.071144535262	0.1039516131	-0.0438556311546	0.000391467509432	1.0	0.0444481888667	0.10112180981	0.0965395557847	0.00511402244569	-0.0292558602764	-0.000884772943781	0.0322744930997	-0.0315849598792	-0.0877647577567	0.0685057339828	-0.0812928510386	-0.0816184646392	0.0221827198041	-0.00262908896372	0.0175696554756	-0.121469607631	0.0430753584899	-0.0803042027952	0.00668523301241	0.00205073187205	0.0744442305172	0.134506953622	-0.0754382061306	-0.0422628526057	0.0532491437264	-0.102934155005	0.0764818062816	0.0462251629775	0.0063419010217	-0.125127107211	0.0171415575166	0.0599857182376	-0.0430424813119	0.00818908093328	-0.054776681452	-0.0878509442077	-0.158096834506	-0.0379522856338	-0.0477100625084	-0.0314012377607	-0.200639669191	-0.0574261039494
k__Bacteria;p__Proteobacteria;c__Betaproteobacteria;o__Burkholderiales;f__Sutterellaceae;g__Sutterella;s__Sutterella_wadsworthensis	-0.0809922157301	-0.0514891315912	0.10054579988	0.0187270865513	-0.116984114948	0.078543563087	-0.100011042914	0.0252348224547	-0.0792188263124	-0.00289922632102	-0.0645410330471	0.0786892527296	-0.0323492677518	-0.0818266757668	0.0144670018156	-0.134959567948	0.0444481888667	1.0	-0.0598742236572	-0.0119913527176	0.159090292525	0.00288394353525	0.0779584997547	-0.0685001349385	-0.0678333749337	-0.125386275743	-0.0504780890465	-0.058813673206	0.136470716357	0.0454881132671	-0.0939449299587	-0.0657300269485	-0.101238552421	0.188319159295	0.117193083466	-0.033222322465	-0.0160335243504	-0.0460823977388	-0.0235675858855	-0.0574859893704	0.0363573026177	-0.00514463839702	-0.0233257524977	-0.0308517374458	-0.033927504829	0.0254660480838	0.0810524592101	-0.122576158899	-0.108236849067	0.0483296890368	0.0337620576657	0.00303969690658	-0.0130271789718	0.0651014803861	0.126703783517	-0.0422279656049	-0.114738368127	0.00207430232206	-0.0057249945256
k__Bacteria;p__Bacteroidetes;c__Bacteroidia;o__Bacteroidales;f__Porphyromonadaceae;g__Barnesiella;s__Barnesiella_intestinihominis	0.0271074406925	0.0330835477839	-0.181193334632	-0.0140236838245	-0.127267519367	-0.0871364897738	0.0200179602547	0.018347336601	-0.0175017555878	-0.0911829981868	0.0556614560857	-0.0171395510678	0.0575029533111	0.00846605756659	0.0617316721908	0.023418525894	0.10112180981	-0.0598742236572	1.0	0.000704744512861	0.0755025831034	0.0451227116262	0.132700066336	-0.0162528268132	-0.0373608763187	0.029844883866	0.0209343191051	0.0319160923386	-0.0955745855517	-0.0399712923261	0.0602081506611	-0.0842401863832	0.138514668383	-0.0359738637588	-0.079538824363	-0.0473390837567	-0.0743619106493	-0.00516681582941	0.0203156920824	-0.0299549900727	-0.0248698128518	0.102931467335	0.0639778869277	0.0542284206893	0.0169807830721	-0.0468879001875	-0.0535162685675	-0.0794663737239	-0.0884748249951	-0.117162669918	-0.0584914656428	-0.097506343572	-0.0401550878398	-0.108662340387	0.00862452585701	-0.065921683443	0.131614784333	0.0737053116198	-0.104629415644
k__Bacteria;p__Bacteroidetes;c__Bacteroidia;o__Bacteroidales;f__Odoribacteraceae;g__Odoribacter;s__Odoribacter_splanchnicus	0.0450752547897	-0.0141894932968	-0.0902278032115	-0.083409585756	0.0110796040772	0.138011554233	-0.00904072146576	0.119925780928	-0.00710929198366	-0.124451679579	0.054933523307	-0.0393218763068	0.0509487418981	0.16899178585	0.0824211605267	-0.0355420090368	0.0965395557847	-0.0119913527176	0.000704744512862	1.0	-0.0170501512058	-0.0431104331634	0.195081984941	0.0179786694973	0.0884292995992	-0.114951164903	-0.047906570429	0.0159243446366	-0.0249061620744	0.112778694559	-0.0144288102723	0.155666091063	0.0285734288176	-0.0286232585766	-0.0506705471493	-0.00549299270512	-0.0708924941025	-0.0724865673303	0.0572732719787	0.000997382652867	-0.0403704693509	-0.0866041483803	-0.0683695059144	0.0540691131716	-0.105208978475	0.0917726216845	-0.112086297607	-0.114088323619	-0.0237629224814	-0.0310228558052	0.0292489520213	-0.0159257060239	0.0367805731397	0.0732405359159	0.0314824104462	0.0571013069515	-0.0861074959812	0.0203573293373	0.0114127033276
k__Bacteria;p__Bacteroidetes;c__Bacteroidia;o__Bacteroidales;f__Bacteroidaceae;g__Bacteroides;s__Bacteroides_salyersiae	-0.00549238647452	-0.0790433277389	0.0736231595798	0.0780221350826	0.0846166822056	-0.0157358894307	-0.0216566991381	-0.0153718521833	0.0523245106741	-0.084925638548	0.0159341045439	0.0351079644813	0.0479661246992	-0.0410919494048	0.020286620901	0.0837107210911	0.00511402244569	0.159090292525	0.0755025831034	-0.0170501512058	1.0	-0.0470061596685	0.0865332080015	-0.0691449512688	-0.038498302251	-0.033291606391	0.113453626094	-0.0323288753453	0.0551172981535	0.0192205451168	-0.0235631467751	-0.203483004809	-0.0655431498421	0.0794710208713	0.204642272697	-0.133832982593	0.0662508956043	-0.0712331119634	-0.0270618066119	-0.132421943589	0.0358432844587	-0.186533111347	-0.0714009977007	-0.0938203319312	0.0948673157763	-0.118210378226	-0.0248532654558	0.0670134234014	-0.0421838369723	0.00732955558465	-0.0526446874892	-0.0274687754773	0.0172199103027	-0.0070826474873	-0.0382745893428	-0.0548348347379	-0.0693830123888	-0.0916539619741	-0.0328456791618
k__Bacteria;p__Firmicutes;c__Clostridia;o__Clostridiales;f__Ruminococcaceae;g__Ruminiclostridium;s__[Eubacterium]_siraeum	0.0419980928362	-0.0782556573074	-0.145853474725	0.20361332146	0.00670190099934	0.00720294542525	0.0757226374201	0.0252014053468	-0.0478119677438	-0.0895801020019	-0.062014308132	0.0151257687054	-0.0400203369599	0.130229583212	-0.206077383904	0.0176628065375	-0.0292558602764	0.00288394353525	0.0451227116262	-0.0431104331634	-0.0470061596685	1.0	0.084883974957	0.0529679181862	0.114911948727	-0.0278181647498	-0.00979448902643	-0.0748320696761	-0.169865018165	-0.0534158341741	0.0232131991002	0.0561378265582	0.00646340021528	0.0407028321995	-0.0184383350099	0.0568848842441	0.0203896696203	-0.037984116291	0.0878500897143	-0.104155300125	-0.11330446024	-0.0497356643236	0.0704671824741	-0.0405780827889	0.0279729966181	0.10639056928	-0.088191109571	-0.0523304989203	0.0889213055869	-0.112426150383	0.0667826034355	-0.0715290773792	0.0183331474909	0.0818973042755	-0.0446273847449	0.00682032013746	0.104916826711	-0.0852165973284	-0.0963375517948
k__Bacteria;p__Proteobacteria;c__Betaproteobacteria;o__Burkholderiales;f__Sutterellaceae;g__Parasutterella;s__Parasutterella_excrementihominis	-0.0497263139605	-0.0102795684522	0.0534767492915	-0.013567999853	-0.0968694044646	-0.0322666657404	0.0976530918451	0.0494952341561	-0.118493000427	-0.0983483633086	0.0135092522421	0.0511097161689	0.024422426676	0.00482142900564	-0.0282218720959	0.0671228485516	-0.000884772943781	0.0779584997547	0.132700066336	0.195081984941	0.0865332080015	0.084883974957	1.0	0.0913320085591	0.0593683686072	-0.174971773998	-0.129522745897	-0.0783320381284	0.12873091207	0.0826090089506	-0.0711464803599	-0.0116192867446	-0.0631659169574	0.235423579278	-0.0968636231685	-0.00427935815911	-0.0149214007944	0.0434619381824	-0.0766451294184	-0.119161888781	0.0715993359311	0.0719347540399	0.0131838446819	0.0550203094416	-0.0320243473499	-0.100825386937	0.104382691302	-0.0524890976202	-0.148855628053	0.0318157915591	-0.160976551647	-0.0236379455002	0.0247903371983	0.00363988418318	0.122387012541	-0.0741494251441	-0.126807436843	0.0331931456062	-0.0327507561117
k__Bacteria;p__Actinobacteria;c__Actinobacteria;o__Bifidobacteriales;f__Bifidobacteriaceae;g__Bifidobacterium;s__Bifidobacterium_adolescentis	0.0273932659735	-0.160903944191	0.0308136153084	0.079864040609	0.0913798918801	-0.082321069864	0.0454454978448	0.0148313397885	0.0405767477326	-0.110541714415	0.0475437473964	-0.0583193761012	0.0672471615135	0.0618275915749	-0.0396609979517	0.00146543945688	0.0322744930997	-0.0685001349385	-0.0162528268132	0.0179786694973	-0.0691449512688	0.0529679181862	0.0913320085591	1.0	0.155920932038	-0.0899245241269	-0.241846338135	-0.0727842922569	0.00726429804124	-0.0850499448265	-0.0462502091644	0.117339521594	-0.0593162437913	0.0138310313159	-0.0250762872771	0.157966554354	0.0204298273161	-0.144534609465	0.119481803646	0.158343717049	0.0162446764092	0.022751486998	-0.0595801433419	-0.0636910166878	-0.109683348747	-0.125682250144	-0.0302471472645	0.0771919036651	0.0355762784769	0.127742293666	-0.0185019649013	-0.0205784033339	0.0475032402694	-0.156132367152	-0.0179000409301	-0.0385849892158	-0.0163776660632	-0.0499168206535	-0.128173217724
k__Bacteria;p__Firmicutes;c__Clostridia;o__Clostridiales;f__Oscillospiraceae;g__Oscillibacter;s__Oscillibacter_sp._KLE_1745	-0.0784590524359	-0.121459732414	0.0877773842474	-0.0505159715951	0.0494310232384	0.0123425687567	0.0351542632145	0.0880314472153	-0.0263694686476	-0.0520914398943	-0.10672140489	-0.00160624015396	0.0868635924383	0.0920254894884	-0.00125663949826	0.0113382655866	-0.0315849598792	-0.0678333749337	-0.0373608763187	0.0884292995992	-0.038498302251	0.114911948727	0.0593683686072	0.155920932038	1.0	-0.056059103655	-0.0860890614865	-0.0226275015064	0.0630444405248	-0.144338592905	-0.103163365401	-0.101555837931	-0.051357685323	-0.0730172521239	-0.0499513310779	0.0538820896499	-0.0189134528281	-0.0721086061082	-0.0302669997693	-0.0361034396815	0.126008465974	0.000431213351463	-0.0598782947207	-0.0704591930354	0.0380619572833	-0.127138268584	-0.0234417275434	0.121957021956	0.0426389868063	-0.00549193113681	-0.00414025333369	-0.128790303047	-0.112564760185	-0.104434221173	0.0505254358989	0.0724927335107	-0.0110698576143	0.131208529425	-0.0845408276798
k__Bacteria;p__Bacteroidetes;c__Bacteroidia;o__Bacteroidales;f__Bacteroidaceae;g__Bacteroides;s__Bacteroides_coprophilus	-0.0215061559234	0.103459202902	-0.0355719524593	-0.0414171719617	-0.00624967822163	0.0106516779684	-0.0958699479553	0.0320923066673	0.0480010480628	-0.0100153197578	0.0707906978612	0.0229995623207	0.0399555664307	0.00393486887616	0.0665412001226	-0.0670940486009	-0.0877647577567	-0.125386275743	0.029844883866	-0.114951164903	-0.033291606391	-0.0278181647498	-0.174971773998	-0.0899245241269	-0.056059103655	1.0	0.0921389387968	0.0516554607199	0.0341620700906	-0.0622581425831	0.155494817032	-0.0492802039472	-0.0497173538677	-0.233038820196	-0.0810012703664	-0.110713392812	-0.0372155840423	0.00964436922242	-0.040004471775	0.0972565560175	-0.0223130717882	-0.0670304663803	0.0202048397714	0.0171508013062	-0.0112704754557	0.0146799873736	-0.0143139378167	0.156881719248	-0.00175711290135	-0.0742479638896	0.121095757073	-0.0415284760633	-0.109048394977	0.0745414960764	-0.0499849540285	0.0367827814253	0.0254990504964	0.0294781592621	-0.0220582500734
k__Bacteria;p__Firmicutes;c__Clostridia;o__Clostridiales;f__Lachnospiraceae;g__Roseburia;s__Roseburia_intestinalis	0.0187965111841	0.00745517446898	0.0101050601986	0.0841136395205	0.0576378518741	0.0675390545688	-0.0422722939304	-0.0275935120996	0.00203271070576	0.00436414341638	-0.0690100517771	0.0871574626588	-0.0702252104929	-0.143197558587	-0.0539758868689	-0.0578647487222	0.0685057339828	-0.0504780890465	0.0209343191051	-0.047906570429	0.113453626094	-0.00979448902643	-0.129522745897	-0.241846338135	-0.0860890614865	0.0921389387968	1.0	0.0973902215187	0.100281807307	0.151450269267	-0.042924725454	0.0439230780474	0.0335386108009	-0.0990341548055	0.0597656865338	-0.0555151274922	0.0513955389231	-0.0111280259549	0.0792566862505	-0.0119792041125	-0.0847123258222	0.0259687734691	0.0102606258519	0.0317253207683	0.118778896576	0.0741187434047	-0.00354400098459	-0.153920326796	0.101014070184	0.0377646549053	0.100023156179	0.113030114034	0.00486895883346	0.127578969606	0.0104917056163	-0.150356856839	-0.0438840002249	-0.0676086340836	-0.0995061989944
k__Bacteria;p__Firmicutes;c__Clostridia;o__Clostridiales;f__Lachnospiraceae;g__Roseburia;s__Roseburia_hominis	-0.0711181182217	0.0609805686975	-0.0890706533294	0.0177640699774	-0.0229248613921	0.0862505403301	-0.0152032254379	-0.19069894284	-0.0867939717438	0.0564653837172	-0.0210237673889	-0.0272234077521	0.0893565143552	-0.0190308187993	-0.15108811177	0.0671044071509	-0.0812928510386	-0.058813673206	0.0319160923386	0.0159243446366	-0.0323288753453	-0.0748320696761	-0.0783320381284	-0.0727842922569	-0.0226275015064	0.0516554607199	0.0973902215187	1.0	-0.0829012960647	-0.0215098994158	0.113251964777	0.00301373792479	-0.0150269059599	-0.108511691083	0.12613904733	-0.0502004909202	0.0532179253367	0.0628868453102	-0.108166921267	0.0252765704214	-0.0338610393195	-0.0350698365491	0.0497565277324	-0.000909104338479	-0.0236216137086	0.024834160065	0.102934058585	0.100304822473	0.035383002173	-0.0631476355823	-0.042940669017	-0.0591377771262	0.00187644648142	0.010990073303	0.110983460095	-0.0723473624063	0.00301033084313	-0.0785599102572	0.00351857987561
k__Bacteria;p__Bacteroidetes;c__Bacteroidia;o__Bacteroidales;f__Porphyromonadaceae;g__Parabacteroides;s__Parabacteroides_johnsonii	-0.0639186601742	-0.0328320903489	0.110982391226	-0.00585217463441	0.0494738147728	0.032657952896	0.0131241417828	-0.0443865017868	-0.176200001102	0.0802275444348	-0.047676993264	0.146209157942	-0.0471987274492	-0.113480942373	-0.0467698519899	-0.00738942652677	-0.0816184646392	0.136470716357	-0.0955745855517	-0.0249061620744	0.0551172981535	-0.169865018165	0.12873091207	0.00726429804124	0.0630444405248	0.0341620700906	0.100281807307	-0.0829012960647	1.0	0.035734099762	-0.0162469394183	-0.0543961641685	-0.151143545542	0.10704953697	0.0262850169985	-0.162988232558	0.0212185178296	0.145186876736	-0.00670227425947	0.0565501774553	-0.00490919674611	-0.0946441528713	0.0563377858953	0.0734034554443	0.0977009041555	0.00230384544076	-0.0750783123531	-0.00599180688543	-0.0692226990339	-0.0791853065089	0.0676806713173	0.16942333153	0.144785880309	0.00261035380299	-0.0942024676932	-0.136484517616	0.0858217483086	-0.0235036478208	0.0569950214098
k__Bacteria;p__Actinobacteria;c__Actinobacteria;o__Bifidobacteriales;f__Bifidobacteriaceae;g__Bifidobacterium;s__Bifidobacterium_longum	0.0363611556281	-0.07916056191	-0.0134140881908	-0.0257182219901	0.128241076151	-0.0857404741862	0.0713633875103	0.0125054299287	-0.169283341708	-0.008745518834	-0.0508401314999	0.054739923181	0.0196120266771	-0.0444074773394	-0.132636733229	0.0370686212713	0.0221827198041	0.0454881132671	-0.0399712923261	0.112778694559	0.0192205451168	-0.0534158341741	0.0826090089506	-0.0850499448265	-0.144338592905	-0.0622581425831	0.151450269267	-0.0215098994158	0.035734099762	1.0	0.0421848715755	0.0841600797492	-0.0324674553608	0.0591424370327	0.0962017369826	0.00957848058672	0.0747228981249	-0.0660164734295	-0.027262730167	-0.0822531946182	0.013507332819	-0.089303350337	0.013223645561	-0.0310106105017	-0.0475724821328	0.071086330662	-0.135904524514	-0.0648583994545	-0.0207792114261	0.0471492380285	-0.0619380702696	0.066375188851	0.148478291088	0.101773156268	0.0629709000004	-0.132908993447	-0.139000961012	-0.0379535734526	0.0533522455625
