#taxonomy	k__Bacteria;p__Bacteroidetes;c__Bacteroidia;o__Bacteroidales;f__Bacteroidaceae;g__Bacteroides;s__Bacteroides_vulgatus	k__Bacteria;p__Bacteroidetes;c__Bacteroidia;o__Bacteroidales;f__Bacteroidaceae;g__Bacteroides;s__Bacteroides_uniformis	k__Bacteria;p__Bacteroidetes;c__Bacteroidia;o__Bacteroidales;f__Rikenellaceae;g__Alistipes;s__Alistipes_putredinis	k__Bacteria;p__Bacteroidetes;c__Bacteroidia;o__Bacteroidales;f__Prevotellaceae;g__Prevotella;s__Prevotella_copri	k__Bacteria;p__Bacteroidetes;c__Bacteroidia;o__Bacteroidales;f__Bacteroidaceae;g__Bacteroides;s__Bacteroides_stercoris	k__Bacteria;p__Bacteroidetes;c__Bacteroidia;o__Bacteroidales;f__Bacteroidaceae;g__Bacteroides;s__Bacteroides_ovatus	k__Bacteria;p__Bacteroidetes;c__Bacteroidia;o__Bacteroidales;f__Rikenellaceae;g__Alistipes;s__Alistipes_shahii	k__Bacteria;p__Firmicutes;c__Clostridia;o__Clostridiales;f__Ruminococcaceae;g__Faecalibacterium;s__Faecalibacterium_prausnitzii	k__Bacteria;p__Bacteroidetes;c__Bacteroidia;o__Bacteroidales;f__Rikenellaceae;g__Alistipes;s__Alistipes_finegoldii	k__Bacteria;p__Bacteroidetes;c__Bacteroidia;o__Bacteroidales;f__Porphyromonadaceae;g__Parabacteroides;s__Parabacteroides_distasonis	k__Bacteria;p__Bacteroidetes;c__Bacteroidia;o__Bacteroidales;f__Bacteroidaceae;g__Bacteroides;s__Bacteroides_thetaiotaomicron	k__Bacteria;p__Bacteroidetes;c__Bacteroidia;o__Bacteroidales;f__Bacteroidaceae;g__Bacteroides;s__Bacteroides_coprocola	k__Bacteria;p__Bacteroidetes;c__Bacteroidia;o__Bacteroidales;f__Bacteroidaceae;g__Bacteroides;s__Bacteroides_cellulosilyticus	k__Bacteria;p__Bacteroidetes;c__Bacteroidia;o__Bacteroidales;f__Rikenellaceae;g__Alistipes;s__Alistipes_obesi	k__Bacteria;p__Firmicutes;c__Clostridia;o__Clostridiales;f__Lachnospiraceae;g__;s__[Eubacterium]_rectale	k__Bacteria;p__Bacteroidetes;c__Bacteroidia;o__Bacteroidales;f__Bacteroidaceae;g__Bacteroides;s__Bacteroides_plebeius	k__Bacteria;p__Bacteroidetes;c__Bacteroidia;o__Bacteroidales;f__Bacteroidaceae;g__Bacteroides;s__Bacteroides_fragilis	k__Bacteria;p__Proteobacteria;c__Betaproteobacteria;o__Burkholderiales;f__Sutterellaceae;g__Sutterella;s__Sutterella_wadsworthensis	k__Bacteria;p__Bacteroidetes;c__Bacteroidia;o__Bacteroidales;f__Porphyromonadaceae;g__Barnesiella;s__Barnesiella_intestinihominis	k__Bacteria;p__Bacteroidetes;c__Bacteroidia;o__Bacteroidales;f__Odoribacteraceae;g__Odoribacter;s__Odoribacter_splanchnicus	k__Bacteria;p__Bacteroidetes;c__Bacteroidia;o__Bacteroidales;f__Bacteroidaceae;g__Bacteroides;s__Bacteroides_salyersiae	k__Bacteria;p__Firmicutes;c__Clostridia;o__Clostridiales;f__Ruminococcaceae;g__Ruminiclostridium;s__[Eubacterium]_siraeum	k__Bacteria;p__Proteobacteria;c__Betaproteobacteria;o__Burkholderiales;f__Sutterellaceae;g__Parasutterella;s__Parasutterella_excrementihominis	k__Bacteria;p__Actinobacteria;c__Actinobacteria;o__Bifidobacteriales;f__Bifidobacteriaceae;g__Bifidobacterium;s__Bifidobacterium_adolescentis	k__Bacteria;p__Firmicutes;c__Clostridia;o__Clostridiales;f__Oscillospiraceae;g__Oscillibacter;s__Oscillibacter_sp._KLE_1745	k__Bacteria;p__Bacteroidetes;c__Bacteroidia;o__Bacteroidales;f__Bacteroidaceae;g__Bacteroides;s__Bacteroides_coprophilus	k__Bacteria;p__Firmicutes;c__Clostridia;o__Clostridiales;f__Lachnospiraceae;g__Roseburia;s__Roseburia_intestinalis	k__Bacteria;p__Firmicutes;c__Clostridia;o__Clostridiales;f__Lachnospiraceae;g__Roseburia;s__Roseburia_hominis	k__Bacteria;p__Bacteroidetes;c__Bacteroidia;o__Bacteroidales;f__Porphyromonadaceae;g__Parabacteroides;s__Parabacteroides_johnsonii	k__Bacteria;p__Actinobacteria;c__Actinobacteria;o__Bifidobacteriales;f__Bifidobacteriaceae;g__Bifidobacterium;s__Bifidobacterium_longum	k__Bacteria;p__Firmicutes;c__Clostridia;o__Clostridiales;f__;g__Flavonifractor;s__Flavonifractor_plautii	k__Bacteria;p__Firmicutes;c__Clostridia;o__Clostridiales;f__Clostridiaceae;g__Clostridium;s__Clostridium_phoceensis	k__Bacteria;p__Verrucomicrobia;c__Verrucomicrobiae;o__Verrucomicrobiales;f__Akkermansiaceae;g__Akkermansia;s__Akkermansia_muciniphila	k__Bacteria;p__Bacteroidetes;c__Bacteroidia;o__Bacteroidales;f__Prevotellaceae;g__Paraprevotella;s__Paraprevotella_xylaniphila	k__Bacteria;p__Firmicutes;c__Clostridia;o__Clostridiales;f__Ruminococcaceae;g__Ruminococcus;s__Ruminococcus_callidus	k__Bacteria;p__Bacteroidetes;c__Bacteroidia;o__Bacteroidales;f__Rikenellaceae;g__Alistipes;s__Alistipes_senegalensis	k__Bacteria;p__Firmicutes;c__Clostridia;o__Clostridiales;f__Lachnospiraceae;g__Blautia;s__Blautia_sp._KLE_1732	k__Bacteria;p__Bacteroidetes;c__Bacteroidia;o__Bacteroidales;f__Bacteroidaceae;g__Bacteroides;s__Bacteroides_oleiciplenus	k__Bacteria;p__Firmicutes;c__Clostridia;o__Clostridiales;f__Ruminococcaceae;g__Ruminococcus;s__Ruminococcus_bicirculans	k__Bacteria;p__Bacteroidetes;c__Bacteroidia;o__Bacteroidales;f__Bacteroidaceae;g__Bacteroides;s__Bacteroides_fluxus	k__Bacteria;p__Bacteroidetes;c__Bacteroidia;o__Bacteroidales;f__Prevotellaceae;g__Prevotella;s__Prevotella_stercorea	k__Bacteria;p__Firmicutes;c__Clostridia;o__Clostridiales;f__Lachnospiraceae;g__Dorea;s__Dorea_longicatena	k__Bacteria;p__Firmicutes;c__Clostridia;o__Clostridiales;f__Eubacteriaceae;g__Eubacterium;s__[Eubacterium]_eligens	k__Bacteria;p__Firmicutes;c__Clostridia;o__Clostridiales;f__Ruminococcaceae;g__;s__Ruminococcaceae_bacterium_D16	k__Bacteria;p__Firmicutes;c__Clostridia;o__Clostridiales;f__Lachnospiraceae;g__Coprococcus;s__Coprococcus_comes	k__Bacteria;p__Proteobacteria;c__Gammaproteobacteria;o__Enterobacterales;f__Enterobacteriaceae;g__Escherichia;s__Escherichia_coli	k__Bacteria;p__Firmicutes;c__Clostridia;o__Clostridiales;f__Ruminococcaceae;g__Anaerotruncus;s__Anaerotruncus_colihominis	k__Bacteria;p__Firmicutes;c__Clostridia;o__Clostridiales;f__Lachnospiraceae;g__Blautia;s__Blautia_obeum	k__Bacteria;p__Bacteroidetes;c__Bacteroidia;o__Bacteroidales;f__Odoribacteraceae;g__Odoribacter;s__Odoribacter_laneus	k__Bacteria;p__Firmicutes;c__Clostridia;o__Clostridiales;f__Ruminococcaceae;g__Ruminiclostridium;s__[Clostridium]_leptum	k__Bacteria;p__Bacteroidetes;c__Bacteroidia;o__Bacteroidales;f__Porphyromonadaceae;g__Parabacteroides;s__Parabacteroides_goldsteinii	k__Bacteria;p__Firmicutes;c__Clostridia;o__Clostridiales;f__Lachnospiraceae;g__Anaerostipes;s__Anaerostipes_hadrus	k__Bacteria;p__Firmicutes;c__Clostridia;o__Clostridiales;f__Ruminococcaceae;g__Ruminococcus;s__Ruminococcus_lactaris	k__Bacteria;p__Firmicutes;c__Clostridia;o__Clostridiales;f__Clostridiaceae;g__Clostridium;s__Clostridium_sp._L2-50	k__Bacteria;p__Firmicutes;c__Clostridia;o__Clostridiales;f__Clostridiaceae;g__Clostridium;s__Clostridium_sp._M62/1	k__Bacteria;p__Firmicutes;c__Clostridia;o__Clostridiales;f__;g__Intestinimonas;s__Intestinimonas_butyriciproducens	k__Bacteria;p__Actinobacteria;c__Actinobacteria;o__Bifidobacteriales;f__Bifidobacteriaceae;g__Bifidobacterium;s__Bifidobacterium_bifidum	k__Bacteria;p__Firmicutes;c__Negativicutes;o__Veillonellales;f__Veillonellaceae;g__Dialister;s__Dialister_invisus	k__Bacteria;p__Bacteroidetes;c__Bacteroidia;o__Bacteroidales;f__Bacteroidaceae;g__Bacteroides;s__Bacteroides_salanitronis
k__Bacteria;p__Bacteroidetes;c__Bacteroidia;o__Bacteroidales;f__Bacteroidaceae;g__Bacteroides;s__Bacteroides_vulgatus	1.0	-0.0304285766982	-0.00271508178167	-0.0235084221473	0.0230739418089	0.0204316160162	-0.0446193999944	0.0192081686554	-0.0141776164791	0.0312373372048	0.010066632733	-0.112204101928	-0.0482968032383	0.010590901771	0.0032323868587	-0.0344549288002	-0.0484788173498	0.0157126193532	-0.0510696983713	-0.0436460465357	0.0472131680251	-0.0211501402157	-0.0730833468599	0.0233859544689	0.0684774664272	0.0366602544838	-0.0212555704081	-0.0272786826544	-0.0457021999815	0.0149591525794	-0.0618652544121	-0.0139374358059	0.026331901464	-0.056159098505	-0.0208092354239	0.0144214843079	0.00865894403074	-0.0689242063197	-0.0309973456746	0.00781612240533	0.00165439607939	0.0461374105986	0.0127354761751	0.0279477299398	-0.0157693801106	0.0197105170971	0.00965676824471	0.0172742159864	-0.0458292661667	0.0505254168849	-0.0236875430892	0.0214692392925	-0.0402269511546	0.022907440996	-0.0172673018124	0.00267624543846	-0.0200759491997	0.00977006510217	0.0185714309647
k__Bacteria;p__Bacteroidetes;c__Bacteroidia;o__Bacteroidales;f__Bacteroidaceae;g__Bacteroides;s__Bacteroides_uniformis	-0.0304285766982	1.0	0.021840274168	0.058017049774	-0.0687786246764	-0.0323761910508	0.0467255805374	-0.00773175390859	-0.03641734205	-0.015119659218	-0.0214437217608	0.0221661752927	-0.00988260641403	0.0257582592021	0.0100444082234	-0.0523758831833	-0.0674767727261	-0.104277280289	0.0110414768464	-0.0285451696861	-0.0122709449222	0.0148632396941	-0.0582471676071	0.0204868578487	-0.0129263967566	0.00624055489224	-0.0614973830379	0.01598834425	0.00650110279188	-0.052266752839	0.0301557535465	-0.0554638454558	-0.0341630886917	-0.00928562970898	-0.0128653661925	0.0288924360007	-0.0156091976284	0.0810460732085	0.0284858200437	0.0196476461716	-0.036981081481	0.00347291261349	-0.0549827270908	0.0341809291301	-0.00803092780405	-0.0351855745075	-0.0025839700611	0.0114193474156	0.01779911026	-0.0183128642874	-0.0434102180348	-0.00829725247057	-0.0122361013651	-0.0264980593628	0.011634122627	-0.0650250293599	-0.0326077085243	-0.00657690568554	0.0120960661205
k__Bacteria;p__Bacteroidetes;c__Bacteroidia;o__Bacteroidales;f__Rikenellaceae;g__Alistipes;s__Alistipes_putredinis	-0.00271508178167	0.021840274168	1.0	0.0713198337659	0.0541322937752	0.000967653210281	0.0434915338638	0.0203463410808	-0.0760345254638	-0.0381834436171	-0.041472644572	-0.0156293631702	-0.0233017640034	-0.00023518118183	-0.0102383893256	-0.0108317960464	-0.00510919178014	0.00346053530686	-0.0305506337629	-0.0398896059033	-0.00708211280743	0.0193784851439	-0.037645054594	0.0234944400109	0.038152926254	-0.020620788906	-0.0204338925586	-0.0276435919627	0.0295141846774	-0.0677092094146	0.0192319123011	-0.0241231597863	-0.0301480231444	0.0182213620709	-0.065827696878	0.0854565564927	-0.00121027659943	-0.0216021758062	-0.0776955181245	-0.0440934140698	-0.0398608651953	0.00982276679354	0.0295576039109	-0.00812516543037	-0.0145592967568	-0.0375072429724	0.0069106602807	-0.0299943301959	0.0522683345192	-0.0238412174833	-0.00512328124997	-0.0440132128828	-0.0142298587232	-0.00938807445189	-0.0627204945848	0.0206696811694	0.0201275622202	0.0129393915034	0.00337079417191
k__Bacteria;p__Bacteroidetes;c__Bacteroidia;o__Bacteroidales;f__Prevotellaceae;g__Prevotella;s__Prevotella_copri	-0.0235084221473	0.058017049774	0.0713198337659	1.0	-0.0395393548411	0.0740935755208	0.0243611898927	0.0329571385917	0.0562999199814	0.0296183096859	0.0937590546682	-0.0428432752283	-0.0777976994644	-0.0543097890266	-0.0426380241002	-0.0158080481382	-0.0492554837239	-0.0362454765196	0.00562450852961	0.00762479038186	-0.00636052769047	0.029174231438	0.0105002774056	0.0056459906554	0.0384324638723	-0.0186176700013	-0.0215950073612	-0.0313148601172	-0.0327629636362	-0.0031795354837	0.0160706511085	0.00769597612268	0.0444164200432	-0.0299278248186	0.00212414766388	-0.0608730099316	0.0112478283994	-0.00634399600693	-0.0446744917115	-0.0112477867248	-0.0364416855969	-0.0238414053658	-0.0728179251337	-0.0248536678762	-0.0111923252334	-0.000573740349563	-0.0218480424997	0.0317479217679	-0.0131129843106	0.0125044113249	0.00119530606338	0.0239509399547	0.0165891633866	0.00467184246216	-0.0240691635899	-0.0484957835977	0.0116847576413	-0.100138272829	0.0117928289337
k__Bacteria;p__Bacteroidetes;c__Bacteroidia;o__Bacteroidales;f__Bacteroidaceae;g__Bacteroides;s__Bacteroides_stercoris	0.0230739418089	-0.0687786246764	0.0541322937752	-0.0395393548411	1.0	-0.024844988275	-0.026216477459	0.0131197192198	-0.0049905057554	0.0440154522021	-0.00305608425627	0.0149117965105	0.0229457033518	0.0212018370168	-0.0478919706521	0.0285077550233	0.0130907378437	0.0339402624934	-0.0391254452149	-0.0626964209942	0.0223540148514	-0.0428573419821	0.00713004299512	-0.00115464394482	-0.050088078601	0.010694405642	-0.070246173639	-0.0269869766663	0.00394028649272	0.041366740702	-0.0341642560732	0.0167411990973	0.0198672619707	-0.0226842698578	-0.0772858519241	-0.000938132699942	-0.0329641938297	-0.0146469709768	-0.0037514921624	0.0119023659718	-0.0146553857009	0.0265779787549	-0.0968461075394	-0.0225069132324	0.0306719675271	0.0207294078768	-0.0518354044935	-0.01774796515	-0.0544272146289	-0.0147501904212	0.0145610732956	-0.0280535411424	0.0578208417643	-0.0621626158427	0.0908773307845	-0.010367771513	0.00109881987241	0.00501553879971	-0.026980585293
k__Bacteria;p__Bacteroidetes;c__Bacteroidia;o__Bacteroidales;f__Bacteroidaceae;g__Bacteroides;s__Bacteroides_ovatus	0.0204316160162	-0.0323761910508	0.000967653210281	0.0740935755208	-0.024844988275	1.0	-0.0243658262039	0.0195999135485	-0.0111640912904	-0.031226738953	0.0533421877651	-0.014428535088	-0.00343261443985	0.0112100731281	-0.00298877072559	-0.0621031821881	-0.0440658943597	-0.0421587305362	-0.0239477025845	-0.0436353545818	-0.0498886011023	-0.0199534091909	-0.0191285134556	-0.00875499960071	-0.0257299984113	-0.0156074166707	-0.0183322465897	-0.0454396781768	-0.0406293084467	-0.0225076183298	0.00117108462379	-0.00339219253205	-0.0404406543729	-0.000627715228593	0.0460850135398	0.0695389584128	-0.0550019987922	-0.0173806765664	0.0133678037676	-0.0299859162839	0.025401170228	0.0452454345663	0.0353267951368	-0.054352131624	-0.0890396194613	0.0727135277589	-0.0157965486541	-0.0221971338255	0.02646148742	-0.0119476402895	-0.0143053121137	0.00118139424379	-0.0274504081322	0.0421579134525	0.0355117612352	0.000384810135665	0.0228204839535	0.0620101607394	0.0130817306389
k__Bacteria;p__Bacteroidetes;c__Bacteroidia;o__Bacteroidales;f__Rikenellaceae;g__Alistipes;s__Alistipes_shahii	-0.0446193999944	0.0467255805374	0.0434915338638	0.0243611898927	-0.026216477459	-0.0243658262039	1.0	-0.00578739488954	-0.00102311004001	-0.0176342979461	-0.0440772214544	0.023230426598	0.0953326528707	0.00743147958178	-0.0270717265722	-0.0199150207732	-0.0456668304373	-0.0338366656891	0.0418210688022	0.026124782387	-0.0197388889401	0.0347682164778	-0.0198937171859	-0.0610397396518	0.00394805207428	-0.0440645003474	-0.0412669688302	-0.033821639768	0.0184524620698	-0.0398135878957	-0.0333800514498	-0.0300854593733	-0.0100499772623	0.0303612215228	0.0266389852376	-0.00779559691317	-0.0377391445559	-0.0150140621981	-0.00566730822271	-0.00186918895766	0.00583320397304	-0.0677250252455	0.0449296557801	-0.0406948206098	-0.0180391042104	-0.01015426171	-0.028521873482	-0.067065170515	0.0464604364666	-0.0904242229069	0.0180590185006	-0.0172921240759	0.0259041970125	0.0326815376236	-0.0231293678832	0.0334802642713	0.0326354178177	-0.011169357561	0.0885242355878
k__Bacteria;p__Firmicutes;c__Clostridia;o__Clostridiales;f__Ruminococcaceae;g__Faecalibacterium;s__Faecalibacterium_prausnitzii	0.0192081686554	-0.00773175390859	0.0203463410808	0.0329571385917	0.0131197192198	0.0195999135485	-0.00578739488954	1.0	0.0263495676993	-0.0121145148327	0.00579280865648	0.0433656203424	0.0262604246174	-0.0198069315946	-0.0281937504844	0.0758809183334	-0.0171029171507	-0.0267816487323	0.0319760546918	-0.0674243250913	-0.00901017263361	0.0147209921558	0.0185070892833	-0.0530094535586	0.0441159704226	-0.0135890317241	-0.0324486418106	-0.00582060897609	0.018561169931	-0.0440910307528	-0.0117078302531	0.00875543618968	-0.108685434977	-0.0417316889533	-0.0422818581686	0.0152360742833	-0.0199632756238	-7.05832461214e-05	0.0418591962957	-0.0217457884138	0.00841153525577	-0.0348084776285	-0.0117149263736	0.0294262072585	-0.0274362052449	0.033143180351	-0.0124430224981	0.0142349675457	0.0798914594565	0.00975017482393	-0.0481579502374	-0.0392250466504	-0.0250686670113	0.00293315821034	0.0219146392897	-0.0120939522963	-0.0219110534911	0.000744489665161	-0.0292706955324
k__Bacteria;p__Bacteroidetes;c__Bacteroidia;o__Bacteroidales;f__Rikenellaceae;g__Alistipes;s__Alistipes_finegoldii	-0.0141776164791	-0.03641734205	-0.0760345254638	0.0562999199814	-0.0049905057554	-0.0111640912904	-0.00102311004001	0.0263495676993	1.0	0.0226510567551	-0.0621755331231	0.00446845296698	0.0123092255996	-0.016295040377	-0.0314401082254	0.0226343683518	0.0236448629509	-0.0416856356434	-0.0334361642709	-0.0302581768926	-0.0316799977696	0.0266020341556	-0.0470539634474	-0.00817833470448	-0.00802694127301	-0.00107673455826	-0.0243412904714	-0.0272650811985	0.000697091505974	0.0489091857733	0.0366803812621	0.0309196661324	-0.0325761865335	0.00711136564765	-0.012950356754	-0.0804374227069	-0.0155595417409	0.0552270417651	-0.0889241210951	-0.00536102303155	-0.0281676542024	-0.0147775376032	-0.01157206868	-0.00401041892683	-0.00660447770038	-0.0404357624662	-0.00744458873562	0.000586000122924	0.0718116093789	0.0128173809573	-0.0420085589307	-0.018234465339	0.0171390379712	-0.0611905493155	-0.0360219439119	-0.0800012722599	0.0173011822422	-0.00669456996757	0.0352981591056
k__Bacteria;p__Bacteroidetes;c__Bacteroidia;o__Bacteroidales;f__Porphyromonadaceae;g__Parabacteroides;s__Parabacteroides_distasonis	0.0312373372048	-0.015119659218	-0.0381834436171	0.0296183096859	0.0440154522021	-0.031226738953	-0.0176342979461	-0.0121145148327	0.0226510567551	1.0	-0.0261758260553	-0.00536169510226	-0.0360702835459	0.0762433772968	0.025734729291	-0.0317525369371	0.00731535297534	-0.00559253122369	-0.0237338571021	0.00951193347721	-0.0169987477261	-0.0531580519981	-0.0464198802505	0.012798780646	0.0450332540888	0.00695394836069	0.00636423997939	-0.00740806443652	-0.0188006745616	-0.0864304959826	-0.0220535164953	-0.0197854448059	-0.0260786952942	0.00172878878371	0.00348987653853	0.0076241854776	-0.0117758112965	-0.0206323156984	-0.00204866666644	0.0700926023139	-0.0322467169744	0.0430279354552	-0.00962750765191	-0.0312080099336	-0.0423974232708	-0.0357087233071	-0.0556431467557	-0.0420660441553	0.000886209116194	0.0165872034671	-0.0258273875412	-0.00178018880552	-0.0118546343971	-0.0546821232548	-0.0353861856624	0.0178576334253	-0.00696431942058	-0.0380950449892	-0.0138993347815
k__Bacteria;p__Bacteroidetes;c__Bacteroidia;o__Bacteroidales;f__Bacteroidaceae;g__Bacteroides;s__Bacteroides_thetaiotaomicron	0.010066632733	-0.0214437217608	-0.041472644572	0.0937590546682	-0.00305608425627	0.0533421877651	-0.0440772214544	0.00579280865648	-0.0621755331231	-0.0261758260553	1.0	0.00763470132467	0.00410576621211	-0.00985012868053	-0.00843777441549	-0.0363732406463	-0.00380542561721	-0.0759845930698	0.0246194463353	0.0016921911444	-0.0466953041616	0.0337941027515	0.0162284358832	-0.0655773579459	-0.0128216801915	0.0593374344895	-0.0217173743775	0.0074883412748	-0.00177827571647	0.0299883267465	-0.041714925101	0.0122809355252	0.0264189399732	0.0541677832249	0.012490397676	0.0444403999142	0.0050012096554	-0.0171718156057	-0.0418291576697	-0.0697792505489	0.00885370862159	0.0293263046984	-0.0690267501221	-0.0262057759475	-0.0197374960346	-0.0331949331972	-0.0139469652783	-0.021078760718	-0.00585505121028	-9.74012694372e-05	0.0198403203901	-0.0452937155153	-0.0295548599921	-0.0138393761232	-0.0481095524527	-0.0430763062079	-0.025239166213	-0.0431280650211	-0.0281244869345
k__Bacteria;p__Bacteroidetes;c__Bacteroidia;o__Bacteroidales;f__Bacteroidaceae;g__Bacteroides;s__Bacteroides_coprocola	-0.112204101928	0.0221661752927	-0.0156293631702	-0.0428432752283	0.0149117965105	-0.014428535088	0.023230426598	0.0433656203424	0.00446845296698	-0.00536169510226	0.00763470132467	1.0	0.0378315503924	0.00241369081049	0.00639331429214	0.000160980337553	0.0641172595355	0.0288270012872	-0.0241256143757	0.00603906769133	0.0550752185516	0.0397809863267	-0.0215025014659	0.0391494022884	-0.0203646167167	0.00356204124293	-0.0917526592797	-0.0369559137357	0.0249085927446	-0.0185932175525	-0.0469989629978	-0.004399146989	-0.0539552370898	0.00550839609874	-0.0213141542474	0.00145965597942	-0.0215890193968	0.0431826684169	0.0143951921665	0.0249101142588	-0.0366993884062	0.0259072760857	-0.0243905225379	-0.0196297936797	0.0100600203067	0.0375229148959	-0.0430222093269	-0.00714539299653	0.0802394677205	0.0305659857031	0.00198114402103	0.0140463167768	0.046044250793	0.0641004222865	-0.0200564873305	-0.0247849925181	-0.0186657213792	-0.0489183564915	-0.0233099522087
k__Bacteria;p__Bacteroidetes;c__Bacteroidia;o__Bacteroidales;f__Bacteroidaceae;g__Bacteroides;s__Bacteroides_cellulosilyticus	-0.0482968032383	-0.00988260641403	-0.0233017640034	-0.0777976994644	0.0229457033518	-0.00343261443985	0.0953326528707	0.0262604246174	0.0123092255996	-0.0360702835459	0.00410576621211	0.0378315503924	1.0	-0.0198618238862	-0.0399013100782	-0.0787645570347	-0.0126462208866	-0.0213551566618	-0.0320598535784	0.0481128461754	-0.0624387491387	0.0125562996108	-0.0154073918328	0.00676694866809	0.0222475298355	-0.0237109744665	0.0304955919462	-0.0331116570422	-0.0328661755018	-0.00164898098716	0.0674476968745	-0.0160083151109	-0.000815293783298	0.00819306546128	-0.066666215631	0.00681607381663	-0.0605986801718	-0.00464127654553	-0.0289099118573	-0.0226920674719	0.0103202080244	0.0358464924577	0.0574460649626	0.017032359086	-0.0562211352607	0.0444200843112	0.0117697579957	-0.0359822446893	-0.0280275184737	-0.031809109054	0.00328669675585	0.0303195305934	-0.00626460798702	-0.0732342112939	0.00644688073306	-0.00909405364679	-0.0472677662925	-0.0654579763461	0.0365157852942
k__Bacteria;p__Bacteroidetes;c__Bacteroidia;o__Bacteroidales;f__Rikenellaceae;g__Alistipes;s__Alistipes_obesi	0.010590901771	0.0257582592021	-0.00023518118183	-0.0543097890266	0.0212018370168	0.0112100731281	0.00743147958178	-0.0198069315946	-0.016295040377	0.0762433772968	-0.00985012868053	0.00241369081049	-0.0198618238862	1.0	0.0465084694168	-0.035792106	0.0153800463879	-0.049499575658	-0.025685397906	0.00556346488228	-0.0407771805853	-0.0392193872721	0.000912708892724	-0.0273178499979	0.00298613840925	-0.023574298965	0.0236662611741	-0.0355850285158	-0.00214107561724	-0.0799571492392	-0.00154606853555	-0.0122100665588	0.0413661556625	-0.00155432640673	-0.044502978077	-0.0377292133528	-0.0447823876235	-0.0128327681639	-0.00843928064167	0.0144779256971	-0.0285932560858	-0.000952549591606	0.00526713039389	-0.0261401659589	-0.030063506976	-0.0430513790583	-0.0289663829243	0.0590136582022	-0.0231474015113	0.0274293153534	0.0116078661353	-0.0281580845748	0.00618414655118	0.0482771007795	0.0310502747426	-0.000437219066375	-0.00647613447987	-0.0583046582443	0.0318898922131
k__Bacteria;p__Firmicutes;c__Clostridia;o__Clostridiales;f__Lachnospiraceae;g__;s__[Eubacterium]_rectale	0.0032323868587	0.0100444082234	-0.0102383893256	-0.0426380241002	-0.0478919706521	-0.00298877072559	-0.0270717265722	-0.0281937504844	-0.0314401082254	0.025734729291	-0.00843777441549	0.00639331429214	-0.0399013100782	0.0465084694168	1.0	-0.00638537113807	0.0124567914752	-0.00389084591064	0.030630608917	-0.0368912912175	0.0102236474525	0.0107716094991	-0.00519762775253	-0.00115091963206	-0.00353074180547	0.0247542635471	0.0373118029845	-0.0514744000217	0.00341614527155	0.0131688819704	0.0245177434168	0.0522000522838	0.0200473764746	-0.000767389458292	0.0603269055855	-0.00629671400178	-0.0358037288733	0.0578231829419	0.0752441175597	-0.046837839643	-0.0093788316534	0.00326063275106	-0.0534812261948	-0.0404464424012	0.0237735366074	-0.0776944926897	0.0136259105442	0.0110013840046	-0.012801918601	0.010226774439	0.0728753194886	-0.0213364648925	-0.0657370664947	-0.0694642587601	-0.0668989258612	0.00902862292024	-0.11849792466	-0.00141859853009	-0.0528886840401
k__Bacteria;p__Bacteroidetes;c__Bacteroidia;o__Bacteroidales;f__Bacteroidaceae;g__Bacteroides;s__Bacteroides_plebeius	-0.0344549288002	-0.0523758831833	-0.0108317960464	-0.0158080481382	0.0285077550233	-0.0621031821881	-0.0199150207732	0.0758809183334	0.0226343683518	-0.0317525369371	-0.0363732406463	0.000160980337553	-0.0787645570347	-0.035792106	-0.00638537113807	1.0	-0.0407624033615	-0.0384521438536	-0.00265488277693	0.0149201011481	-0.0396619745482	-0.0142473537465	0.000413089317351	-0.0761251941721	-0.0356793895763	0.0216870699693	-0.018906767643	0.0270809625378	-0.0270486962199	-0.0440645095079	-0.0414487095796	0.0238853081316	0.0204981422393	0.000383030746125	0.00129149127463	-0.0150968229544	0.021530670874	-0.0388138891458	-0.0120535894597	0.00710561523211	-0.0394264702947	0.0335260714235	-0.0634858123394	-0.0530289353813	-0.0115175174184	0.0247636817304	-0.067141525552	0.0129692043224	-0.0135858921036	-0.0143828170967	-0.00376073146271	0.0190720828238	-0.0501767859777	-0.00153814376253	-0.013734633877	-0.0159418073893	0.0610415587944	-0.0503118033887	-0.0112363475899
k__Bacteria;p__Bacteroidetes;c__Bacteroidia;o__Bacteroidales;f__Bacteroidaceae;g__Bacteroides;s__Bacteroides_fragilis	-0.0484788173498	-0.0674767727261	-0.00510919178014	-0.0492554837239	0.0130907378437	-0.0440658943597	-0.0456668304373	-0.0171029171507	0.0236448629509	0.00731535297534	-0.00380542561721	0.0641172595355	-0.0126462208866	0.0153800463879	0.0124567914752	-0.0407624033615	1.0	0.0649084514067	0.0324829554522	-0.00777366347396	0.00240036320653	0.0160903055159	-0.00366993664052	0.0388238943192	0.0668898292967	0.0531508227374	-0.017712101737	0.0696945886129	0.0500374034879	0.0203148831147	-0.00527344207196	0.042070098306	-0.0671520208881	-0.0629830510568	-0.00718836319447	-0.0920392168219	-0.0552541847312	0.0164076435223	-0.0256376690877	0.0557823945113	-0.0280440264701	-0.0297039261519	-0.074628101527	-0.0567668782871	-0.0174139354952	-0.00756946895151	0.0174988848745	0.0140580626338	-0.035960218621	0.0116150310189	-0.00269610337617	-0.0237364698197	-0.0267774066427	-0.0500784071794	0.0194541706879	-0.0360337623387	-0.0109429392682	-0.0782775138691	-0.0269504353566
k__Bacteria;p__Proteobacteria;c__Betaproteobacteria;o__Burkholderiales;f__Sutterellaceae;g__Sutterella;s__Sutterella_wadsworthensis	0.0157126193532	-0.104277280289	0.00346053530686	-0.0362454765196	0.0339402624934	-0.0421587305362	-0.0338366656891	-0.0267816487323	-0.0416856356434	-0.00559253122369	-0.0759845930698	0.0288270012872	-0.0213551566618	-0.049499575658	-0.00389084591064	-0.0384521438536	0.0649084514067	1.0	0.00158300340137	-0.02120534126	0.00128796046572	0.0363570046273	0.0269591573285	-0.0523313648872	-0.00170289448636	-0.0174292818674	0.0480857832015	0.0405510809007	-0.022518988959	0.0612054134257	-0.0145392898663	0.0135246582964	0.0259592052043	0.0280106222317	-0.0496405348999	-0.0212992003369	-0.0197625783244	-0.0337539815456	-0.0584949009681	0.00899207343107	-0.0349395770738	0.00122016630806	0.030659393779	-0.0276603011084	0.0320851171048	0.0238612494674	-0.0187268800551	-0.0304792382929	-0.04619660983	0.0383392314949	-0.0625938860309	0.0694842316449	-0.031937612795	-0.0391275847733	0.0486810419981	-0.0967452083177	-0.00394681137153	0.0465553562437	-0.0712685850302
k__Bacteria;p__Bacteroidetes;c__Bacteroidia;o__Bacteroidales;f__Porphyromonadaceae;g__Barnesiella;s__Barnesiella_intestinihominis	-0.0510696983713	0.0110414768464	-0.0305506337629	0.00562450852961	-0.0391254452149	-0.0239477025845	0.0418210688022	0.0319760546918	-0.0334361642709	-0.0237338571021	0.0246194463353	-0.0241256143757	-0.0320598535784	-0.025685397906	0.030630608917	-0.00265488277693	0.0324829554522	0.00158300340137	1.0	-0.0671374397316	-0.0538155204032	0.0522481888695	0.035659682689	-0.0406163643581	0.0269335760901	-0.0489342346613	0.00166611144601	0.00730155753238	-0.00211498688138	-0.0240745018983	-0.0669367992611	-0.0378058042345	-0.0357045513494	-0.0421519663122	0.0844757131998	0.0128968392584	0.0403438954861	-0.0238235776564	-0.0203450874904	0.0158141837555	-0.0340770034533	-0.00770997566357	0.0633781525697	-0.0503733099194	-0.0123265864011	-0.00775234908432	-0.00481821566437	-0.023304613109	0.00198256198044	-0.0368059643741	0.0180223610408	-0.00066141535105	-0.0494767726674	-0.00595993882553	0.0106461022627	0.0221135947885	0.00181687877338	0.022565536669	-0.00838102969502
k__Bacteria;p__Bacteroidetes;c__Bacteroidia;o__Bacteroidales;f__Odoribacteraceae;g__Odoribacter;s__Odoribacter_splanchnicus	-0.0436460465357	-0.0285451696861	-0.0398896059033	0.00762479038186	-0.0626964209942	-0.0436353545818	0.026124782387	-0.0674243250913	-0.0302581768926	0.00951193347721	0.0016921911444	0.00603906769133	0.0481128461754	0.00556346488228	-0.0368912912175	0.0149201011481	-0.00777366347396	-0.02120534126	-0.0671374397316	1.0	-0.0382899289476	0.0262528670193	0.0743505129108	-0.0356932179637	-0.0322670539154	-0.0241047281271	0.0382070973238	-0.0393219674231	0.0684379813146	-0.0220537743584	0.0302695390202	-0.0187974292503	0.0639268393041	0.0563580281186	0.00292107417949	0.00452635765881	-0.00226676671712	0.00317397638131	-0.0738939063992	0.00676044791605	-0.012664308178	-0.0517999370001	0.0727201737345	0.0292821383154	-0.0624835868184	-0.00695322650715	-0.0491322152176	-0.00730587459519	-0.0146449368544	-0.0283225219382	-0.016935177445	0.0274802337076	0.0436742483162	-0.0320476492752	0.00308161313176	-0.0599045653212	-0.0124657417077	0.0167830955164	0.0160174524361
k__Bacteria;p__Bacteroidetes;c__Bacteroidia;o__Bacteroidales;f__Bacteroidaceae;g__Bacteroides;s__Bacteroides_salyersiae	0.0472131680251	-0.0122709449222	-0.00708211280743	-0.00636052769047	0.0223540148514	-0.0498886011023	-0.0197388889401	-0.00901017263361	-0.0316799977696	-0.0169987477261	-0.0466953041616	0.0550752185516	-0.0624387491387	-0.0407771805853	0.0102236474525	-0.0396619745482	0.00240036320653	0.00128796046572	-0.0538155204032	-0.0382899289476	1.0	0.0553955202021	-0.0039857427094	0.00134150758083	-0.0488611234431	0.0166914260902	-0.0438986043355	-0.0313133379465	-0.0070143734943	-0.00979217153897	-0.0252090051484	-0.0466089783928	-0.0282494763061	-0.00957059189202	-0.00869906308086	0.000679778401977	0.00173661539649	-0.0235065887808	-0.0645188181276	0.0164939403559	0.0450312222706	-0.0360773354665	0.105501550704	-0.070464687318	-0.0255378040185	0.0151563794965	0.0501256500654	-0.0454521289312	-0.0231555460731	0.0135002150723	-0.0409925112762	-0.0299956398419	0.00912798042356	-0.0181199686759	-0.0742726585441	-0.0472168451769	-0.0781845855747	0.0520899549589	-0.019947188889
k__Bacteria;p__Firmicutes;c__Clostridia;o__Clostridiales;f__Ruminococcaceae;g__Ruminiclostridium;s__[Eubacterium]_siraeum	-0.0211501402157	0.0148632396941	0.0193784851439	0.029174231438	-0.0428573419821	-0.0199534091909	0.0347682164778	0.0147209921558	0.0266020341556	-0.0531580519981	0.0337941027515	0.0397809863267	0.0125562996108	-0.0392193872721	0.0107716094991	-0.0142473537465	0.0160903055159	0.0363570046273	0.0522481888695	0.0262528670193	0.0553955202021	1.0	0.00663692490355	0.0142789794081	-0.00725047398249	0.0213486078326	-0.0220027213121	-0.0018302253546	-0.0139734635571	-0.0136711411529	-0.0146576340747	-0.023335764899	0.00924024439131	-0.0754592546468	0.0697809127764	0.0533318386388	-0.0696955704935	-0.0214187241863	-0.00265851717438	0.034217681723	-0.0158227877453	-0.0394107279037	-0.0753022082431	-0.0422988356529	0.0145018024183	-0.0603362667124	-0.0300375608784	0.00436213334976	0.0155558535823	0.0307492828023	-0.00599999255605	0.0236178549191	-6.71252191428e-05	-0.0450845048886	-0.0322026777254	-0.0495816089851	0.0454797441797	-0.00142009455355	-0.0277190366428
k__Bacteria;p__Proteobacteria;c__Betaproteobacteria;o__Burkholderiales;f__Sutterellaceae;g__Parasutterella;s__Parasutterella_excrementihominis	-0.0730833468599	-0.0582471676071	-0.037645054594	0.0105002774056	0.00713004299512	-0.0191285134556	-0.0198937171859	0.0185070892833	-0.0470539634474	-0.0464198802505	0.0162284358832	-0.0215025014659	-0.0154073918328	0.000912708892724	-0.00519762775253	0.000413089317351	-0.00366993664052	0.0269591573285	0.035659682689	0.0743505129108	-0.0039857427094	0.00663692490355	1.0	-0.0257274067232	-0.0419545927125	0.0432379124338	0.0507279237963	0.0161375476607	-0.0127843541949	-0.0385278435487	0.0687696382664	0.0833698352138	-0.0469371333786	-0.00687449494951	-0.00238789801224	-0.0166347208406	-0.00216268906818	-0.0150791065128	-0.0501948467898	0.026060107448	-0.0111389842722	-0.0354892864899	-0.0333348733263	-0.0196570321379	0.00833227197719	0.041036075309	-0.0212939372731	0.00203552091338	0.0214189113938	-0.0577856959549	-0.00378860822613	-0.0161115862198	0.00800387483079	0.012733703082	0.00260518001232	0.0442761432208	0.0403687552869	-0.0454608695272	-0.0494176574502
k__Bacteria;p__Actinobacteria;c__Actinobacteria;o__Bifidobacteriales;f__Bifidobacteriaceae;g__Bifidobacterium;s__Bifidobacterium_adolescentis	0.0233859544689	0.0204868578487	0.0234944400109	0.0056459906554	-0.00115464394482	-0.00875499960071	-0.0610397396518	-0.0530094535586	-0.00817833470448	0.012798780646	-0.0655773579459	0.0391494022884	0.00676694866809	-0.0273178499979	-0.00115091963206	-0.0761251941721	0.0388238943192	-0.0523313648872	-0.0406163643581	-0.0356932179637	0.00134150758083	0.0142789794081	-0.0257274067232	1.0	0.000899717237879	0.00994859868607	-0.0124439700423	0.0241028430112	0.069765014844	-0.0200091431699	0.00647983650252	-0.0764464953983	-0.0693493568252	-0.00371288140622	-0.0216957227329	0.0179482121912	-0.0313970235622	0.0460821746081	0.0207094254827	-0.0205337955872	-0.0314744444128	-0.012547557571	0.0402219507984	-0.0204279249326	0.0142765712743	-0.03431319742	-0.0191995586678	-0.030253330705	-0.0842051379343	-0.034940744852	-0.00231180899781	0.0291083226101	-0.00670462724963	-0.0164089640863	-0.0253667965256	-0.0182462372149	-0.0658459012903	-0.0423462194219	-0.00131175193452
k__Bacteria;p__Firmicutes;c__Clostridia;o__Clostridiales;f__Oscillospiraceae;g__Oscillibacter;s__Oscillibacter_sp._KLE_1745	0.0684774664272	-0.0129263967566	0.038152926254	0.0384324638723	-0.050088078601	-0.0257299984113	0.00394805207428	0.0441159704226	-0.00802694127301	0.0450332540888	-0.0128216801915	-0.0203646167167	0.0222475298355	0.00298613840925	-0.00353074180547	-0.0356793895763	0.0668898292967	-0.00170289448636	0.0269335760901	-0.0322670539154	-0.0488611234431	-0.00725047398249	-0.0419545927125	0.000899717237879	1.0	-0.0454992782382	-0.0772916316481	0.0206198740568	-0.051461641874	0.0128955386849	-0.0368168369695	0.0275074283669	0.00657013604478	0.00958863707346	0.0679015586366	-0.0173012697854	-0.0057918374082	-0.0104559581576	-0.0238752692472	0.0269951982422	-0.00190157281094	-0.0147835613377	-0.0448780269632	0.0178818085364	0.0722380623179	0.0577440447523	0.0102848415707	-0.0345162246127	-0.089024607595	-0.0307149362852	-0.00261577350077	-0.0554831661102	-0.0539822594307	-0.0152253464568	-0.0562661245995	0.0183817880419	0.0295927392946	-0.0167527137863	-0.0389426777575
k__Bacteria;p__Bacteroidetes;c__Bacteroidia;o__Bacteroidales;f__Bacteroidaceae;g__Bacteroides;s__Bacteroides_coprophilus	0.0366602544838	0.00624055489224	-0.020620788906	-0.0186176700013	0.010694405642	-0.0156074166707	-0.0440645003474	-0.0135890317241	-0.00107673455826	0.00695394836069	0.0593374344895	0.00356204124293	-0.0237109744665	-0.023574298965	0.0247542635471	0.0216870699693	0.0531508227374	-0.0174292818674	-0.0489342346613	-0.0241047281271	0.0166914260902	0.0213486078326	0.0432379124338	0.00994859868607	-0.0454992782382	1.0	-0.00128355852035	-0.000390996233448	-0.0155614128595	0.0280297141781	0.00113965938872	-0.0592765364005	0.0648750101093	-0.0472051668148	0.00173088380035	0.063932853587	-0.0320017811789	-0.0376826828535	0.0116265854819	0.0365955153581	0.00683478741789	-0.0097357506888	-0.0402052692924	-0.0100366686421	-0.0106637406485	-0.0387492835717	-0.028012538299	-0.0315540826017	-0.0591772380408	0.00479453180715	0.0262578765482	-0.000792809681119	-0.0045941384072	-0.0360274208281	-0.0731268953442	0.0833040998694	-0.0680701706487	-0.0378564715911	0.0236315153382
k__Bacteria;p__Firmicutes;c__Clostridia;o__Clostridiales;f__Lachnospiraceae;g__Roseburia;s__Roseburia_intestinalis	-0.0212555704081	-0.0614973830379	-0.0204338925586	-0.0215950073612	-0.070246173639	-0.0183322465897	-0.0412669688302	-0.0324486418106	-0.0243412904714	0.00636423997939	-0.0217173743775	-0.0917526592797	0.0304955919462	0.0236662611741	0.0373118029845	-0.018906767643	-0.017712101737	0.0480857832015	0.00166611144601	0.0382070973238	-0.0438986043355	-0.0220027213121	0.0507279237963	-0.0124439700423	-0.0772916316481	-0.00128355852035	1.0	0.0151807197449	0.0361132062362	0.0111648849675	0.00386734506016	-0.0723990014632	0.0180238931483	-0.0238005769016	-0.026272040271	0.00882275420405	0.0484728636709	-0.0435268956431	0.0135247689521	-0.00376737924467	-0.027337408831	-0.0119803630786	0.0045303054128	0.0339149172034	-0.0686445025242	0.0154873924278	-0.0188559228506	0.0636932933549	-0.011110284223	-0.0263946360091	-0.0166104456153	-0.0320556659243	-0.00641888046219	-0.00241076967657	0.0505282420946	-0.0373160078292	-0.0501772581202	-0.0167581218994	-0.0287546433042
k__Bacteria;p__Firmicutes;c__Clostridia;o__Clostridiales;f__Lachnospiraceae;g__Roseburia;s__Roseburia_hominis	-0.0272786826544	0.01598834425	-0.0276435919627	-0.0313148601172	-0.0269869766663	-0.0454396781768	-0.033821639768	-0.00582060897609	-0.0272650811985	-0.00740806443652	0.0074883412748	-0.0369559137357	-0.0331116570422	-0.0355850285158	-0.0514744000217	0.0270809625378	0.0696945886129	0.0405510809007	0.00730155753238	-0.0393219674231	-0.0313133379465	-0.0018302253546	0.0161375476607	0.0241028430112	0.0206198740568	-0.000390996233448	0.0151807197449	1.0	0.0489763553435	-0.000888851824747	-0.0483156548046	-0.0194561230148	0.0199831381822	-0.0323406733356	-0.0352839648987	-0.035638634144	-0.0168653444046	0.079783198239	0.00658272270222	-0.00166595128738	0.0236059962226	-0.0559692374138	0.0390004752145	0.00167743534312	-0.011232989239	0.0106201945711	-0.00296955387102	-0.0345994852931	0.0191668228111	0.0223742928253	0.0113928060652	0.0422981886651	-0.00741547601893	-0.00355187692572	-0.0205684233169	-0.0071409235789	-0.0518562630963	-0.0145256099614	-0.0329816308536
k__Bacteria;p__Bacteroidetes;c__Bacteroidia;o__Bacteroidales;f__Porphyromonadaceae;g__Parabacteroides;s__Parabacteroides_johnsonii	-0.0457021999815	0.00650110279188	0.0295141846774	-0.0327629636362	0.00394028649272	-0.0406293084467	0.0184524620698	0.018561169931	0.000697091505974	-0.0188006745616	-0.00177827571647	0.0249085927446	-0.0328661755018	-0.00214107561724	0.00341614527155	-0.0270486962199	0.0500374034879	-0.022518988959	-0.00211498688138	0.0684379813146	-0.0070143734943	-0.0139734635571	-0.0127843541949	0.069765014844	-0.051461641874	-0.0155614128595	0.0361132062362	0.0489763553435	1.0	-0.0286298699018	-0.126425158998	0.0211044569663	0.0105777371323	-0.006728429119	-0.00440814796309	-0.0875435505699	-0.00438515400668	0.0895283113078	-0.0627639703143	-0.0506762775708	0.0201761224509	-0.0296731312734	0.0357857772791	0.00840577039261	-0.0208302031469	-0.0118236878944	-0.0293122723759	0.0264697448671	-0.00167141988426	-0.0300682108163	-0.0990726843003	0.0399299424679	-0.0062900510367	-0.0143599071076	-0.0165094095448	0.00370454328521	0.0260994000793	-0.0229474442258	0.0199266424506
k__Bacteria;p__Actinobacteria;c__Actinobacteria;o__Bifidobacteriales;f__Bifidobacteriaceae;g__Bifidobacterium;s__Bifidobacterium_longum	0.0149591525794	-0.052266752839	-0.0677092094146	-0.0031795354837	0.041366740702	-0.0225076183298	-0.0398135878957	-0.0440910307528	0.0489091857733	-0.0864304959826	0.0299883267465	-0.0185932175525	-0.00164898098716	-0.0799571492392	0.0131688819704	-0.0440645095079	0.0203148831147	0.0612054134257	-0.0240745018983	-0.0220537743584	-0.00979217153897	-0.0136711411529	-0.0385278435487	-0.0200091431699	0.0128955386849	0.0280297141781	0.0111648849675	-0.000888851824747	-0.0286298699018	1.0	0.0241285433526	-0.02073402186	0.0501385766288	-0.015432178069	-0.0603179510264	-0.0420383167522	-0.0301834449915	-0.0512776885886	-0.0209434386358	-0.0280539443887	0.0250111157809	0.0628109566171	0.000862703492003	0.00277305670139	-0.0468288186439	-0.0223095550044	0.0213040114036	0.0170950375212	-0.0298771475915	-0.0335091309639	-0.0207147429061	0.0100130564146	-0.0935710713628	-0.0217216382415	-0.0255264985148	0.0283990001457	0.00491593453901	0.0540047990043	-0.0237135094367
