#taxonomy	k__Bacteria;p__Bacteroidetes;c__Bacteroidia;o__Bacteroidales;f__Bacteroidaceae;g__Bacteroides;s__Bacteroides_vulgatus	k__Bacteria;p__Bacteroidetes;c__Bacteroidia;o__Bacteroidales;f__Bacteroidaceae;g__Bacteroides;s__Bacteroides_uniformis	k__Bacteria;p__Bacteroidetes;c__Bacteroidia;o__Bacteroidales;f__Rikenellaceae;g__Alistipes;s__Alistipes_putredinis	k__Bacteria;p__Bacteroidetes;c__Bacteroidia;o__Bacteroidales;f__Prevotellaceae;g__Prevotella;s__Prevotella_copri	k__Bacteria;p__Bacteroidetes;c__Bacteroidia;o__Bacteroidales;f__Bacteroidaceae;g__Bacteroides;s__Bacteroides_stercoris	k__Bacteria;p__Bacteroidetes;c__Bacteroidia;o__Bacteroidales;f__Bacteroidaceae;g__Bacteroides;s__Bacteroides_ovatus	k__Bacteria;p__Bacteroidetes;c__Bacteroidia;o__Bacteroidales;f__Rikenellaceae;g__Alistipes;s__Alistipes_shahii	k__Bacteria;p__Firmicutes;c__Clostridia;o__Clostridiales;f__Ruminococcaceae;g__Faecalibacterium;s__Faecalibacterium_prausnitzii	k__Bacteria;p__Bacteroidetes;c__Bacteroidia;o__Bacteroidales;f__Rikenellaceae;g__Alistipes;s__Alistipes_finegoldii	k__Bacteria;p__Bacteroidetes;c__Bacteroidia;o__Bacteroidales;f__Porphyromonadaceae;g__Parabacteroides;s__Parabacteroides_distasonis	k__Bacteria;p__Bacteroidetes;c__Bacteroidia;o__Bacteroidales;f__Bacteroidaceae;g__Bacteroides;s__Bacteroides_thetaiotaomicron	k__Bacteria;p__Bacteroidetes;c__Bacteroidia;o__Bacteroidales;f__Bacteroidaceae;g__Bacteroides;s__Bacteroides_coprocola	k__Bacteria;p__Bacteroidetes;c__Bacteroidia;o__Bacteroidales;f__Bacteroidaceae;g__Bacteroides;s__Bacteroides_cellulosilyticus	k__Bacteria;p__Bacteroidetes;c__Bacteroidia;o__Bacteroidales;f__Rikenellaceae;g__Alistipes;s__Alistipes_obesi	k__Bacteria;p__Firmicutes;c__Clostridia;o__Clostridiales;f__Lachnospiraceae;g__;s__[Eubacterium]_rectale	k__Bacteria;p__Bacteroidetes;c__Bacteroidia;o__Bacteroidales;f__Bacteroidaceae;g__Bacteroides;s__Bacteroides_plebeius	k__Bacteria;p__Bacteroidetes;c__Bacteroidia;o__Bacteroidales;f__Bacteroidaceae;g__Bacteroides;s__Bacteroides_fragilis	k__Bacteria;p__Proteobacteria;c__Betaproteobacteria;o__Burkholderiales;f__Sutterellaceae;g__Sutterella;s__Sutterella_wadsworthensis	k__Bacteria;p__Bacteroidetes;c__Bacteroidia;o__Bacteroidales;f__Porphyromonadaceae;g__Barnesiella;s__Barnesiella_intestinihominis	k__Bacteria;p__Bacteroidetes;c__Bacteroidia;o__Bacteroidales;f__Odoribacteraceae;g__Odoribacter;s__Odoribacter_splanchnicus	k__Bacteria;p__Bacteroidetes;c__Bacteroidia;o__Bacteroidales;f__Bacteroidaceae;g__Bacteroides;s__Bacteroides_salyersiae	k__Bacteria;p__Firmicutes;c__Clostridia;o__Clostridiales;f__Ruminococcaceae;g__Ruminiclostridium;s__[Eubacterium]_siraeum	k__Bacteria;p__Proteobacteria;c__Betaproteobacteria;o__Burkholderiales;f__Sutterellaceae;g__Parasutterella;s__Parasutterella_excrementihominis	k__Bacteria;p__Actinobacteria;c__Actinobacteria;o__Bifidobacteriales;f__Bifidobacteriaceae;g__Bifidobacterium;s__Bifidobacterium_adolescentis	k__Bacteria;p__Firmicutes;c__Clostridia;o__Clostridiales;f__Oscillospiraceae;g__Oscillibacter;s__Oscillibacter_sp._KLE_1745	k__Bacteria;p__Bacteroidetes;c__Bacteroidia;o__Bacteroidales;f__Bacteroidaceae;g__Bacteroides;s__Bacteroides_coprophilus	k__Bacteria;p__Firmicutes;c__Clostridia;o__Clostridiales;f__Lachnospiraceae;g__Roseburia;s__Roseburia_intestinalis	k__Bacteria;p__Firmicutes;c__Clostridia;o__Clostridiales;f__Lachnospiraceae;g__Roseburia;s__Roseburia_hominis	k__Bacteria;p__Bacteroidetes;c__Bacteroidia;o__Bacteroidales;f__Porphyromonadaceae;g__Parabacteroides;s__Parabacteroides_johnsonii	k__Bacteria;p__Actinobacteria;c__Actinobacteria;o__Bifidobacteriales;f__Bifidobacteriaceae;g__Bifidobacterium;s__Bifidobacterium_longum	k__Bacteria;p__Firmicutes;c__Clostridia;o__Clostridiales;f__;g__Flavonifractor;s__Flavonifractor_plautii	k__Bacteria;p__Firmicutes;c__Clostridia;o__Clostridiales;f__Clostridiaceae;g__Clostridium;s__Clostridium_phoceensis	k__Bacteria;p__Verrucomicrobia;c__Verrucomicrobiae;o__Verrucomicrobiales;f__Akkermansiaceae;g__Akkermansia;s__Akkermansia_muciniphila	k__Bacteria;p__Bacteroidetes;c__Bacteroidia;o__Bacteroidales;f__Prevotellaceae;g__Paraprevotella;s__Paraprevotella_xylaniphila	k__Bacteria;p__Firmicutes;c__Clostridia;o__Clostridiales;f__Ruminococcaceae;g__Ruminococcus;s__Ruminococcus_callidus	k__Bacteria;p__Bacteroidetes;c__Bacteroidia;o__Bacteroidales;f__Rikenellaceae;g__Alistipes;s__Alistipes_senegalensis	k__Bacteria;p__Firmicutes;c__Clostridia;o__Clostridiales;f__Lachnospiraceae;g__Blautia;s__Blautia_sp._KLE_1732	k__Bacteria;p__Bacteroidetes;c__Bacteroidia;o__Bacteroidales;f__Bacteroidaceae;g__Bacteroides;s__Bacteroides_oleiciplenus	k__Bacteria;p__Firmicutes;c__Clostridia;o__Clostridiales;f__Ruminococcaceae;g__Ruminococcus;s__Ruminococcus_bicirculans	k__Bacteria;p__Bacteroidetes;c__Bacteroidia;o__Bacteroidales;f__Bacteroidaceae;g__Bacteroides;s__Bacteroides_fluxus	k__Bacteria;p__Bacteroidetes;c__Bacteroidia;o__Bacteroidales;f__Prevotellaceae;g__Prevotella;s__Prevotella_stercorea	k__Bacteria;p__Firmicutes;c__Clostridia;o__Clostridiales;f__Lachnospiraceae;g__Dorea;s__Dorea_longicatena	k__Bacteria;p__Firmicutes;c__Clostridia;o__Clostridiales;f__Eubacteriaceae;g__Eubacterium;s__[Eubacterium]_eligens	k__Bacteria;p__Firmicutes;c__Clostridia;o__Clostridiales;f__Ruminococcaceae;g__;s__Ruminococcaceae_bacterium_D16	k__Bacteria;p__Firmicutes;c__Clostridia;o__Clostridiales;f__Lachnospiraceae;g__Coprococcus;s__Coprococcus_comes	k__Bacteria;p__Proteobacteria;c__Gammaproteobacteria;o__Enterobacterales;f__Enterobacteriaceae;g__Escherichia;s__Escherichia_coli	k__Bacteria;p__Firmicutes;c__Clostridia;o__Clostridiales;f__Ruminococcaceae;g__Anaerotruncus;s__Anaerotruncus_colihominis	k__Bacteria;p__Firmicutes;c__Clostridia;o__Clostridiales;f__Lachnospiraceae;g__Blautia;s__Blautia_obeum	k__Bacteria;p__Bacteroidetes;c__Bacteroidia;o__Bacteroidales;f__Odoribacteraceae;g__Odoribacter;s__Odoribacter_laneus	k__Bacteria;p__Firmicutes;c__Clostridia;o__Clostridiales;f__Ruminococcaceae;g__Ruminiclostridium;s__[Clostridium]_leptum	k__Bacteria;p__Bacteroidetes;c__Bacteroidia;o__Bacteroidales;f__Porphyromonadaceae;g__Parabacteroides;s__Parabacteroides_goldsteinii	k__Bacteria;p__Firmicutes;c__Clostridia;o__Clostridiales;f__Lachnospiraceae;g__Anaerostipes;s__Anaerostipes_hadrus	k__Bacteria;p__Firmicutes;c__Clostridia;o__Clostridiales;f__Ruminococcaceae;g__Ruminococcus;s__Ruminococcus_lactaris	k__Bacteria;p__Firmicutes;c__Clostridia;o__Clostridiales;f__Clostridiaceae;g__Clostridium;s__Clostridium_sp._L2-50	k__Bacteria;p__Firmicutes;c__Clostridia;o__Clostridiales;f__Clostridiaceae;g__Clostridium;s__Clostridium_sp._M62/1	k__Bacteria;p__Firmicutes;c__Clostridia;o__Clostridiales;f__;g__Intestinimonas;s__Intestinimonas_butyriciproducens	k__Bacteria;p__Actinobacteria;c__Actinobacteria;o__Bifidobacteriales;f__Bifidobacteriaceae;g__Bifidobacterium;s__Bifidobacterium_bifidum	k__Bacteria;p__Firmicutes;c__Negativicutes;o__Veillonellales;f__Veillonellaceae;g__Dialister;s__Dialister_invisus	k__Bacteria;p__Bacteroidetes;c__Bacteroidia;o__Bacteroidales;f__Bacteroidaceae;g__Bacteroides;s__Bacteroides_salanitronis
k__Bacteria;p__Bacteroidetes;c__Bacteroidia;o__Bacteroidales;f__Bacteroidaceae;g__Bacteroides;s__Bacteroides_vulgatus	1.0	-0.000103847404977	0.00558518911648	0.0479725958452	-0.030178678656	-0.0119356418041	0.0289050816564	-0.00268560320796	0.0153618373314	-0.0862772197157	-0.000117631313011	-0.0105699710398	-0.0467383878472	-0.00704972748883	-0.0216435172828	-0.0423054021409	0.0564268645054	0.00768542157528	0.0254565184967	-0.0285868994533	0.0212526627885	0.0136334636205	-0.0240590356818	-0.0739974990181	-0.0455737460571	0.0396539164306	-0.0205671063579	0.00633169414219	0.0128785430107	0.0420043228014	-0.0378530665498	0.0467887886071	0.0120629678322	-0.066487674806	-0.0472659124141	-0.00547863433142	-0.0147617964546	0.0158233699765	-0.0535785132289	-0.0702202858465	0.100005012636	0.0098201172582	-0.0549608212859	0.00335015338304	0.0156406793167	0.0332456856055	-0.000425563489191	-0.0277276618593	0.0199366214404	0.0192336943468	-0.0164533612235	-0.0222310323862	-0.00274264346705	-0.0631214030836	0.017560186045	-0.0162866737019	-0.0117622415197	0.0367099579873	0.003176051573
k__Bacteria;p__Bacteroidetes;c__Bacteroidia;o__Bacteroidales;f__Bacteroidaceae;g__Bacteroides;s__Bacteroides_uniformis	-0.000103847404977	1.0	-0.0430059053191	0.023736980671	0.0228890897649	-0.0137394194378	0.0325856289475	-0.06860160744	-0.0468460865683	0.0127814382405	-0.0448434355763	-0.023896416302	-0.0178099261305	-0.0149268162098	-0.00328142863341	0.0515373550859	-0.00679337906044	-0.00975470862215	-0.0193212131513	-0.0310287856004	-0.00240838341687	-0.0856262228963	-0.0507707150272	-0.00876992931878	-0.0361763943078	0.0141198850572	-0.0512035885698	0.048061071382	0.0126607208343	-0.0630402150959	0.000795310362155	-0.00783181371633	-0.0774332996603	0.0148743864192	-0.097615239169	-0.0283641880532	0.0444385615341	-0.0213728918533	0.0226454422412	-0.0449502392874	0.0140904546511	0.00415134260025	0.01190457826	-0.007303324592	0.00255787201251	-0.0236762961564	-0.0467365057562	-0.0293154459951	0.0568876406205	0.0314259343498	0.0157112567583	0.00305459395997	-0.00488327394218	-0.00399609494663	-0.058562503922	0.0393909458736	0.0462567127783	0.0408481960692	0.0307075364593
k__Bacteria;p__Bacteroidetes;c__Bacteroidia;o__Bacteroidales;f__Rikenellaceae;g__Alistipes;s__Alistipes_putredinis	0.00558518911648	-0.0430059053191	1.0	0.0125620138014	-0.0198363358065	0.0271029517325	-0.00382820477135	-0.0168254321127	-0.037693036479	0.00226887633325	0.00489796572126	0.000383690334001	0.0130335082496	-0.0923670455938	-0.014409285521	-0.0446274470738	-0.0392116603753	0.0113193865956	0.0505190691947	-0.0120662763371	-0.0123456678299	0.0154546361873	-0.0303861204269	0.0488992180616	0.02415859805	0.0610064714042	-0.0721639723433	-0.0508396612299	0.0394521429914	-0.0229607030534	0.00556736483004	0.0211941595449	-0.0319373490199	0.0667088222943	-0.0715009739104	-0.0254354329956	-0.0223830970689	-0.0102011172182	-0.0378389691941	0.0296612206437	-0.0463192800625	-0.0368164688137	-0.00901228382762	-0.0427437232313	-0.0459068285617	0.0214220470537	-0.00865398776267	0.0291383314335	-0.0465796623573	-0.0366088868878	0.0429634921414	0.0488547425506	-0.0104311354677	-0.0671499885656	-0.00710030327376	0.00814793856431	0.035754801074	0.00461643481492	0.00692368916477
k__Bacteria;p__Bacteroidetes;c__Bacteroidia;o__Bacteroidales;f__Prevotellaceae;g__Prevotella;s__Prevotella_copri	0.0479725958452	0.023736980671	0.0125620138014	1.0	0.00359459113074	-0.0139390432876	-0.0327118051601	0.0894187205672	-0.00421243001271	-0.0418662758415	-0.0249399853916	-0.0512451066152	-0.0344680040163	-0.0753328537926	0.00268863232055	-0.0143093365918	-0.0602510185078	0.00798942217951	0.0481424101347	-0.0358287229955	-0.058321829735	-0.00134352184833	0.0277472821061	-0.00217659797868	-0.0935579972822	-0.0654769896412	0.00763586689999	-0.0196773229833	0.023124873388	-0.00826513861412	0.0222571322664	-0.0976078250118	0.0153088471925	-0.0162343115764	0.00686455598419	0.0257675577313	0.0201145530706	-0.0418934468118	-0.0204797282437	0.00705505671396	0.0350145411012	0.0268627852443	0.0583753949523	-0.0411277428623	0.0596006829186	0.0894045353885	0.0149931732952	-0.0629780171098	-0.00212987598673	-0.00962196239686	0.0149818158474	-0.0564099391349	-0.0477494821246	0.0142306047499	-0.0199087100394	0.0622803354433	0.0355395421154	0.0526962836171	-0.0452817405278
k__Bacteria;p__Bacteroidetes;c__Bacteroidia;o__Bacteroidales;f__Bacteroidaceae;g__Bacteroides;s__Bacteroides_stercoris	-0.030178678656	0.0228890897649	-0.0198363358065	0.00359459113074	1.0	-0.0118677622588	-0.0582917284108	-0.0393287647539	-0.0368710495066	0.0290946366398	0.00168242272261	0.00575241166558	-0.0428925613469	-0.0106099210406	-0.121831690528	-0.00344443117285	-0.019556727597	-0.0570695132654	0.0312304049896	0.00318716968105	-0.00171239804643	-0.00541529650996	-0.0145719916096	-0.0379260986707	-0.00814019412334	-0.0845948453609	-0.0346734465488	-0.0336078767571	-0.00335815421382	0.0721425272982	-0.00988338018914	-0.0323296960726	0.0122765409465	-0.0115295750283	0.0100895787196	0.0276437730037	0.0470890161512	-0.0585890584063	0.0116321181049	-0.0348272486555	0.0152782937464	-0.0216549330894	-0.0132763549693	0.023518257639	-0.027579080397	0.00438831880329	0.0323084519596	-0.0149991174802	0.087779127594	-0.0277892495253	0.0147775052865	0.0122969744715	-0.0216064703311	-0.00912760601687	-0.00485801207384	-0.0445128550447	0.0340537424326	-0.0269992822415	-0.0394771914767
k__Bacteria;p__Bacteroidetes;c__Bacteroidia;o__Bacteroidales;f__Bacteroidaceae;g__Bacteroides;s__Bacteroides_ovatus	-0.0119356418041	-0.0137394194378	0.0271029517325	-0.0139390432876	-0.0118677622588	1.0	0.0330786595432	-0.0162890685922	0.0189813156049	-0.0112006155511	-0.0302887581867	-0.0509209552342	-0.0290488450372	-0.0314861479876	0.060822551008	-0.0198761983598	-0.0304082413431	-0.044572522141	-0.0282691527078	0.0297170351989	-0.0106787979136	0.0194236922007	0.0635315226525	-0.0634503111932	0.0247139950558	0.0804932602612	-0.0172729200018	0.0248647283265	-0.000324181195554	0.0253447925433	-0.0434595034584	-0.00753725539927	0.0128475551394	-0.0299725752377	0.0176310721316	0.00865484698348	-0.0364770371955	0.0150496102471	0.04038877052	0.00503695339254	-0.0180360477219	0.00587141162809	0.0349536182021	-0.0166996661388	-0.00529900164952	-0.0240298794093	-0.0479855401266	0.0225323953629	-0.0184078891018	0.0234984199525	-0.0439431707535	-0.0363482675528	0.0607053511719	0.0453365834207	0.0271421949714	-0.0536989873779	-0.0262787040095	0.0200739947416	0.0204406946717
k__Bacteria;p__Bacteroidetes;c__Bacteroidia;o__Bacteroidales;f__Rikenellaceae;g__Alistipes;s__Alistipes_shahii	0.0289050816564	0.0325856289475	-0.00382820477135	-0.0327118051601	-0.0582917284108	0.0330786595432	1.0	-0.0113088987356	0.0596464133977	-0.0444112121828	-0.0595568212226	0.00643662417301	0.00364292994366	-0.0245579881017	-0.0252501489276	0.0957404069254	0.00377320687736	0.0267193103684	-0.0179923838488	0.0221416720587	-0.0318189570379	0.0110539690105	-0.0118104900614	0.0110457107067	-0.00854554760563	-0.0214061924611	-0.030210328215	0.0149952450894	-0.0524125124942	-0.00667808101961	-0.00202332720304	-0.0252170787987	-0.00806960189909	-0.0196949436193	0.0202162704398	0.0107811985496	-0.0761080565613	0.0487745918474	-0.0354281837682	-0.0301693147076	-0.00549219104089	0.0281979191176	0.0213494973794	-0.00556337488898	0.0147895353483	-0.0368166339508	-0.0365090457809	0.008443342914	0.00213796399461	-0.0288576839191	-0.0105844355079	-0.0218635887823	0.0352380037979	-0.0306696771953	-0.00713994798483	0.00607323115941	-0.0193992948391	0.00235213050544	-0.00630686786388
k__Bacteria;p__Firmicutes;c__Clostridia;o__Clostridiales;f__Ruminococcaceae;g__Faecalibacterium;s__Faecalibacterium_prausnitzii	-0.00268560320796	-0.06860160744	-0.0168254321127	0.0894187205672	-0.0393287647539	-0.0162890685922	-0.0113088987356	1.0	-0.0257728442989	-0.0458191905185	0.0785613328417	0.0100452447168	0.00525330851406	0.0118145688269	-0.0177386666073	0.0633210211165	0.0226037662621	0.0397176492445	-0.0116895863103	-0.0475887958531	0.03717698114	0.0195985887761	-0.0788915638923	0.0286647955134	-0.0120408704285	0.0271661911438	0.0161611535113	-0.030610429518	-0.0581893637575	-0.0665050068836	-0.0439823765984	-0.0588527124272	-0.0408956982625	0.0117171088058	-0.0497210604594	0.0227691678467	0.0321530819607	-0.146488848566	0.0261245733238	-0.0374532935411	0.0123974803828	0.00129543508432	-0.00467780802198	-0.0406942941826	-0.0209713652749	-0.0301794481458	0.0239752754827	0.00533248078239	-0.00118201555426	0.0257223595556	0.0065315276321	0.00948355720978	-0.0119919230421	-0.0437023324846	-0.0132736673274	0.0402781578266	0.0322635771756	0.00885384143153	0.0164807356999
k__Bacteria;p__Bacteroidetes;c__Bacteroidia;o__Bacteroidales;f__Rikenellaceae;g__Alistipes;s__Alistipes_finegoldii	0.0153618373314	-0.0468460865683	-0.037693036479	-0.00421243001271	-0.0368710495066	0.0189813156049	0.0596464133977	-0.0257728442989	1.0	-0.0487084499643	0.0293289261577	-0.0297103683426	-0.00381548538498	0.0654005266273	-0.0674058164697	0.00406296160773	-0.00297944979757	-0.0367651657067	-0.0155341371424	0.0102207206943	0.0208872672184	-0.0363093547979	-0.0120010884675	0.00264925457208	0.0132620719864	0.0261985518628	0.0178014451959	-0.0271082433449	-0.00378829721857	0.0303918487983	0.0320933779797	-0.00571188001542	0.0680314437242	0.000139282711312	-0.0518020888158	0.050982249877	-0.0138469119393	0.0310992314642	0.0099278387442	0.0466589865906	0.0168545295299	0.0171306129855	0.0152979772554	-0.00895056518759	0.0371828281198	-0.0394969398042	-0.0112135486776	-0.00788217187659	-0.0401162429934	-0.102730526067	-0.045843205099	0.0123698554389	-0.0219375585031	-0.00506160172279	0.0648226583515	0.00672008849701	-0.06680228091	0.00364909129855	0.0256463765096
k__Bacteria;p__Bacteroidetes;c__Bacteroidia;o__Bacteroidales;f__Porphyromonadaceae;g__Parabacteroides;s__Parabacteroides_distasonis	-0.0862772197157	0.0127814382405	0.00226887633325	-0.0418662758415	0.0290946366398	-0.0112006155511	-0.0444112121828	-0.0458191905185	-0.0487084499643	1.0	-0.0307575770566	0.0379671320635	-0.0216579007625	0.0793121321358	-0.058755217244	-0.0329731201912	-0.0451025206043	-0.0150188731406	-0.00447502543443	0.0537706951262	0.0123795541914	-0.0385943958752	-0.0269578672585	-0.00787851881831	0.039402617052	0.00194296122463	-0.0339305206515	-0.0337934217964	0.0480947977204	0.0484350737805	0.00269995848591	-0.0456415396403	-0.0213353741373	0.0353643522176	-0.0103328898572	-0.0408508009366	-0.046301854507	-0.0689164879326	-0.0290972146694	-0.0237896807992	-0.00366409779081	0.0270640511502	0.0700564128799	0.00349716596703	-0.0355389905768	0.0237602375217	-0.00602653283283	-0.0243338847685	-0.00556141878749	-0.032622777876	0.05050744226	-0.021073874869	-0.0174572699498	-0.0171217704677	-0.00730075726334	-0.0114628483318	-0.0131884359077	0.023242365403	0.000292901989055
k__Bacteria;p__Bacteroidetes;c__Bacteroidia;o__Bacteroidales;f__Bacteroidaceae;g__Bacteroides;s__Bacteroides_thetaiotaomicron	-0.000117631313011	-0.0448434355763	0.00489796572126	-0.0249399853916	0.00168242272261	-0.0302887581867	-0.0595568212226	0.0785613328417	0.0293289261577	-0.0307575770566	1.0	0.0317962408721	0.0244171687313	-0.00437579039184	-0.0047240859633	-0.0017392681413	0.0207236485852	0.0592448940816	0.00411974145827	-0.00123410136172	0.0151800750864	-0.00705837800627	-0.0385538330105	-0.104500862785	-0.0425734071962	-0.013911922709	0.0042798262977	0.0323056423804	0.00314287361275	-0.0509210641236	-0.0246768982774	-0.0318759410825	-0.000801246969601	-0.0694703737876	-0.026502275495	0.00848707850171	0.00696954067395	-0.000863465413475	-0.00483948589005	0.0447578511333	-0.0435493876767	-0.00603379045833	-0.00505412367217	-0.0545909984956	0.0473395649674	-0.0139787653514	0.020871012944	-0.00592998428548	-0.00540209173468	-0.0659279960782	-0.0602985490071	0.0477154945317	0.00143098954066	-0.0133622232093	0.0266660138364	0.0149039143671	-0.0269235361968	-0.0729103501652	0.0450462809901
k__Bacteria;p__Bacteroidetes;c__Bacteroidia;o__Bacteroidales;f__Bacteroidaceae;g__Bacteroides;s__Bacteroides_coprocola	-0.0105699710398	-0.023896416302	0.000383690334001	-0.0512451066152	0.00575241166558	-0.0509209552342	0.00643662417301	0.0100452447168	-0.0297103683426	0.0379671320635	0.0317962408721	1.0	-0.0466870428485	0.0479811415029	-0.0177174634649	0.0011733951438	-0.00113383132083	0.0518610187966	0.0172214121255	-3.55974828223e-06	-0.0357216405181	-0.00792245377875	0.0331051525811	-0.0122598757137	-0.0211138595229	-0.0353522064187	-0.00791615708314	-0.00756184766147	0.0271408265995	0.00857792418141	0.0136537699426	-0.00231636151918	0.014924900853	0.033194245179	-0.103624064506	0.000687012539621	-0.0365910179356	-0.00962580470594	-0.0362039062708	-0.051199451384	-0.0325919096898	-0.0498603642266	0.0502944338613	-0.0437359662008	0.0303067545446	0.022890477216	0.0151133019475	-0.0555752183575	-0.0743230981188	0.04571071715	-0.012119057751	-0.0335277130581	-0.0364746599576	-0.0280131071871	0.0243639421261	-0.0523083165473	0.010571664605	-0.0419147323126	0.065707320522
k__Bacteria;p__Bacteroidetes;c__Bacteroidia;o__Bacteroidales;f__Bacteroidaceae;g__Bacteroides;s__Bacteroides_cellulosilyticus	-0.0467383878472	-0.0178099261305	0.0130335082496	-0.0344680040163	-0.0428925613469	-0.0290488450372	0.00364292994366	0.00525330851406	-0.00381548538498	-0.0216579007625	0.0244171687313	-0.0466870428485	1.0	0.0161443076471	-0.00404646130431	0.00917792899998	-0.0340723502667	-0.0299929939685	-0.0458140867566	-0.0224719624463	-0.026100604002	-0.107980560024	-0.00661627270071	-0.0167369641602	0.01957541714	-0.0458699360129	-0.0488094103732	0.0121900717954	-0.0287301685139	-0.0218911493533	0.0525634265272	-0.0171927826294	0.0331520333121	0.00308950148811	0.00645278586964	-0.034659579904	-0.0403808259456	-0.0473510842676	-0.0391794401398	0.0129587673051	0.0153048930268	0.0241760352564	0.0187190545623	-0.00748713870536	-0.0161351581157	0.0173640924219	0.0410050488586	-0.0350552433156	0.0171430938182	-0.00834355086323	0.0362542930799	-0.00413830848357	-0.0502265121178	-0.00843343438191	0.00230470724027	0.0479467696604	-0.0313762167967	0.0450600508159	0.0178986613876
k__Bacteria;p__Bacteroidetes;c__Bacteroidia;o__Bacteroidales;f__Rikenellaceae;g__Alistipes;s__Alistipes_obesi	-0.00704972748883	-0.0149268162098	-0.0923670455938	-0.0753328537926	-0.0106099210406	-0.0314861479876	-0.0245579881017	0.0118145688269	0.0654005266273	0.0793121321358	-0.00437579039184	0.0479811415029	0.0161443076471	1.0	0.0337926283724	-0.00995532076042	0.0171042782689	-0.042445711586	-0.0828164285724	-0.0817097413936	0.0140243552029	-0.040773836502	-0.0284724485623	-0.0182213506143	0.0421359473965	0.0253784896251	-0.0246775971696	-0.003020331263	-0.00401576311402	0.00735827856062	-0.00294222397768	0.00330771259166	0.0441472674035	0.00818983359042	0.0554684730089	-0.0093987079743	0.0133036670057	-0.00533083248722	-0.00992194762961	-0.0133515605441	-0.0561435717114	0.00273863014579	0.0198039223006	-0.0271430899016	0.00873212906895	-0.0593840884971	0.00171106807494	0.0239099462313	0.00268049491781	-0.0267821601848	0.0129979294261	-0.0777815107521	0.0318544110772	-0.0821689184152	0.00165393164845	-0.00290360228123	0.023139024128	0.00798519659982	0.0111811461447
k__Bacteria;p__Firmicutes;c__Clostridia;o__Clostridiales;f__Lachnospiraceae;g__;s__[Eubacterium]_rectale	-0.0216435172828	-0.00328142863341	-0.014409285521	0.00268863232055	-0.121831690528	0.060822551008	-0.0252501489276	-0.0177386666073	-0.0674058164697	-0.058755217244	-0.0047240859633	-0.0177174634649	-0.00404646130431	0.0337926283724	1.0	0.0423686397348	-0.00360740176202	-0.0410939738744	-0.0167582260768	0.0433981597564	0.00323163583148	0.0246707496864	0.0041725811874	-0.0102978584085	0.0647128665925	0.049655526896	-0.0178626828914	0.0259234819162	-0.0152424443254	-0.00901400059161	0.0271388609022	0.0630768302279	0.0175905906663	-0.0533705555007	0.0319652114996	-0.0372887027373	-0.0499110470564	-0.00779782294453	0.0242806042018	-0.0271270910684	-0.0105663611407	-0.011443735804	0.0164927506264	-0.0214552739816	-0.0310224387459	0.0181479014793	-0.00139086762211	-0.0439228402661	0.0084288907267	0.0162760586773	-0.01995392249	0.0435080264424	0.0376632709381	0.0120104434388	-0.00857923266309	-0.00111192617583	0.00360226809182	0.0117186297599	-0.0187360166285
k__Bacteria;p__Bacteroidetes;c__Bacteroidia;o__Bacteroidales;f__Bacteroidaceae;g__Bacteroides;s__Bacteroides_plebeius	-0.0423054021409	0.0515373550859	-0.0446274470738	-0.0143093365918	-0.00344443117285	-0.0198761983598	0.0957404069254	0.0633210211165	0.00406296160773	-0.0329731201912	-0.0017392681413	0.0011733951438	0.00917792899998	-0.00995532076042	0.0423686397348	1.0	-0.0292966132473	-0.0280924346491	0.0492984552235	-0.0258465377059	-0.0582654381401	-0.0196959492681	-0.0689702233103	-0.0187870977317	0.0395432248692	-0.0150381133038	-0.0447521400686	0.0158077710978	-0.0211085450789	0.0155266822195	0.0429701714314	0.000370562542295	-0.00712747880608	0.0145505478338	0.0446806104643	0.00942327426285	-0.0305940607465	0.0356371930911	0.0547751256091	-0.0252066760086	-0.0170398610029	0.00864439728435	-0.0341059858282	-0.0215226153352	-0.0548390285454	-0.00896887139744	-0.0246307004015	-0.0812989300005	-0.0275976701279	-0.0402370498751	0.0233755155641	0.0208225976766	0.0319921685743	-0.000570779765217	-0.0434128728454	0.0201442846867	-0.0304646229769	-0.0259014219364	-0.0605548297531
k__Bacteria;p__Bacteroidetes;c__Bacteroidia;o__Bacteroidales;f__Bacteroidaceae;g__Bacteroides;s__Bacteroides_fragilis	0.0564268645054	-0.00679337906044	-0.0392116603753	-0.0602510185078	-0.019556727597	-0.0304082413431	0.00377320687736	0.0226037662621	-0.00297944979757	-0.0451025206043	0.0207236485852	-0.00113383132083	-0.0340723502667	0.0171042782689	-0.00360740176202	-0.0292966132473	1.0	0.0274983956211	-0.0268687360927	-0.0663959435039	0.00980604568348	-0.0840588792638	-0.063103296203	0.00347162569531	-0.0144204133486	0.0313136560988	0.0134040329817	-0.00289327797768	0.0167352717313	0.0417682555479	0.0234889392614	0.0884327025681	0.0304749007133	-0.0438216067664	0.00332888180666	0.0399736153101	0.0440399640207	-0.0919784075317	-0.026980295074	-0.0119938531746	-0.0184987399944	-0.00357529157826	0.0322372649097	0.0393984692967	0.042099378488	0.00823372352285	-0.00704793978311	0.0516549525808	0.00180322310877	0.0291786503122	-0.017936627053	0.00910066755784	0.0316699971186	0.0190867000307	0.000287073704356	0.00898150962252	0.00208035825948	0.0641141073415	-0.0167489289571
k__Bacteria;p__Proteobacteria;c__Betaproteobacteria;o__Burkholderiales;f__Sutterellaceae;g__Sutterella;s__Sutterella_wadsworthensis	0.00768542157528	-0.00975470862215	0.0113193865956	0.00798942217951	-0.0570695132654	-0.044572522141	0.0267193103684	0.0397176492445	-0.0367651657067	-0.0150188731406	0.0592448940816	0.0518610187966	-0.0299929939685	-0.042445711586	-0.0410939738744	-0.0280924346491	0.0274983956211	1.0	-0.0526165539823	0.00614895393315	-0.034672922821	-0.0585211759239	0.0204229213054	-0.0141535835123	-0.0188621525137	0.0420611956851	0.0611469833382	-0.00864449386814	0.00155559920349	0.00523817699514	-0.00013639285984	0.0107741994088	-0.0554564870851	0.0122178653731	-0.0420337328201	-0.0450867029411	-0.00734723066683	0.0159053667583	0.00450969503477	-0.00144049499673	0.0310816790713	-0.0535299150542	-0.0203349884453	0.027150654351	-0.0409576280331	0.00186885661237	-0.0844273343318	-0.0200154492679	0.0110451379321	-0.0398828833043	0.0708266652828	0.0507007141199	-0.0244546179564	-0.0340992933372	0.0332668264643	-0.0548750866365	-0.053222280351	-0.0752471524527	-0.0178551174063
k__Bacteria;p__Bacteroidetes;c__Bacteroidia;o__Bacteroidales;f__Porphyromonadaceae;g__Barnesiella;s__Barnesiella_intestinihominis	0.0254565184967	-0.0193212131513	0.0505190691947	0.0481424101347	0.0312304049896	-0.0282691527078	-0.0179923838488	-0.0116895863103	-0.0155341371424	-0.00447502543443	0.00411974145827	0.0172214121255	-0.0458140867566	-0.0828164285724	-0.0167582260768	0.0492984552235	-0.0268687360927	-0.0526165539823	1.0	-0.0583680297002	0.0545100935246	0.024660420968	-0.0164539056337	0.0164154572637	-0.0350002076062	-0.0210598821251	-0.00704042002579	-0.0830322380419	-0.0153673469248	0.059263553255	0.0130371902187	0.00805473148886	0.0317194486873	0.0199848684339	-0.0306001326575	0.00775505765401	-0.0567653800338	0.0524729462327	0.00893873314338	-0.083150993215	-0.0249170669441	-0.0697491616653	-0.0392838836416	-0.00758664979927	0.00184966483395	-0.0194322045421	0.00261047895326	0.0502074169926	0.0240834170958	-0.0104248670623	-0.00511871290788	-0.0973958607804	0.064431766845	0.0102817128315	-0.0491480242862	0.0170891517913	-0.0967279931741	0.0395959221641	0.0124978961936
k__Bacteria;p__Bacteroidetes;c__Bacteroidia;o__Bacteroidales;f__Odoribacteraceae;g__Odoribacter;s__Odoribacter_splanchnicus	-0.0285868994533	-0.0310287856004	-0.0120662763371	-0.0358287229955	0.00318716968105	0.0297170351989	0.0221416720587	-0.0475887958531	0.0102207206943	0.0537706951262	-0.00123410136172	-3.55974828223e-06	-0.0224719624463	-0.0817097413936	0.0433981597564	-0.0258465377059	-0.0663959435039	0.00614895393315	-0.0583680297002	1.0	-0.00837051839286	-0.0235217692691	-0.0294751176785	-0.0049758322756	-0.0436418955994	-0.00420613484496	-0.014555116794	-0.0420881735989	-0.0286123675489	0.00646435928087	0.0143975668782	-0.0607988916411	0.0110133319441	0.0133775042998	-0.0331261079444	0.0326336827699	-0.0338031163235	0.0235136682793	0.033966659084	0.0235034243327	0.0377425780107	-0.105235615745	0.0207006582129	0.0538435199068	0.0258128457284	0.0112024549044	-0.0153959455245	-0.0378454685069	0.0262472536636	0.0238831188432	-0.00644161304183	-0.0338753246844	-0.0481360176595	0.0572731637342	0.00493212822335	0.0343805732265	-0.00921019599085	0.04314518943	0.0618526382003
k__Bacteria;p__Bacteroidetes;c__Bacteroidia;o__Bacteroidales;f__Bacteroidaceae;g__Bacteroides;s__Bacteroides_salyersiae	0.0212526627885	-0.00240838341687	-0.0123456678299	-0.058321829735	-0.00171239804643	-0.0106787979136	-0.0318189570379	0.03717698114	0.0208872672184	0.0123795541914	0.0151800750864	-0.0357216405181	-0.026100604002	0.0140243552029	0.00323163583148	-0.0582654381401	0.00980604568348	-0.034672922821	0.0545100935246	-0.00837051839286	1.0	0.0217953082774	-0.0257398246644	-0.00126076374638	-0.0239642780911	0.00104730252657	0.0377530373782	-0.0321179531276	-0.030437542982	0.100861905936	-0.0114401719486	0.0103615957817	-0.0668404440969	0.0306240534674	-0.0734610166179	0.0194473542231	0.0202868534949	0.0224995591353	-0.0343982234906	-0.0188616432655	0.0193429301571	-0.0283329745933	0.0298972493349	-0.033494368592	0.0134629954851	-0.0415746883239	-0.043529127289	-0.014788749629	-0.0262483960707	0.0141054666521	-0.0193708907741	-0.00214330585579	-0.0478323147179	-0.0158964187043	0.0366409703716	-0.00250550714102	-0.0241901615404	0.0300960479477	0.0125217525766
k__Bacteria;p__Firmicutes;c__Clostridia;o__Clostridiales;f__Ruminococcaceae;g__Ruminiclostridium;s__[Eubacterium]_siraeum	0.0136334636205	-0.0856262228963	0.0154546361873	-0.00134352184833	-0.00541529650996	0.0194236922007	0.0110539690105	0.0195985887761	-0.0363093547979	-0.0385943958752	-0.00705837800627	-0.00792245377875	-0.107980560024	-0.040773836502	0.0246707496864	-0.0196959492681	-0.0840588792638	-0.0585211759239	0.024660420968	-0.0235217692691	0.0217953082774	1.0	0.0515806917134	-0.0163487266787	0.0445646033373	-0.0018393997756	-0.0112893612149	-0.00983567454066	0.000666051655366	-0.0424298732668	-0.0153595980016	-0.081096732158	-0.0291535895013	-0.00215180893454	0.0481895681152	-0.00628554883944	-0.0268712247676	-0.0547606641909	0.033558815062	-0.0387089964496	-0.0332945279082	-0.0461693080128	-0.0180063721359	0.075394135311	-0.024860962739	-0.00369399427309	0.0188839822922	0.0387920713267	-0.0726482180864	-0.00473914470571	0.079949597833	-0.0572829325022	0.014279144374	0.0436346903988	0.0441871729096	-0.0583603918861	-0.0238697815635	0.00414745061544	-0.0637161348089
k__Bacteria;p__Proteobacteria;c__Betaproteobacteria;o__Burkholderiales;f__Sutterellaceae;g__Parasutterella;s__Parasutterella_excrementihominis	-0.0240590356818	-0.0507707150272	-0.0303861204269	0.0277472821061	-0.0145719916096	0.0635315226525	-0.0118104900614	-0.0788915638923	-0.0120010884675	-0.0269578672585	-0.0385538330105	0.0331051525811	-0.00661627270071	-0.0284724485623	0.0041725811874	-0.0689702233103	-0.063103296203	0.0204229213054	-0.0164539056337	-0.0294751176785	-0.0257398246644	0.0515806917134	1.0	-0.0713641642399	0.0186594847449	0.0143333562953	0.0205466460047	0.0108338945997	0.0149907390852	0.036449225258	0.0800780245919	-0.00873916410335	-0.0462536620823	0.0206996065627	-0.00983203865671	0.00840557181178	0.00171315898864	-0.0563295289878	-0.00534677623942	0.0104035783186	0.0294110838032	-0.00267732376006	0.00991341863872	-0.0557651426892	-0.0377705052356	0.0203073517382	0.00945422861624	0.051449381553	-0.022327350662	-0.0168038809879	-0.037417497581	0.0525387670201	0.00299649863306	-0.0939986101392	0.0326269291694	-0.0524107820455	-0.0239631718789	-0.0613533997915	-0.00687017051447
k__Bacteria;p__Actinobacteria;c__Actinobacteria;o__Bifidobacteriales;f__Bifidobacteriaceae;g__Bifidobacterium;s__Bifidobacterium_adolescentis	-0.0739974990181	-0.00876992931878	0.0488992180616	-0.00217659797868	-0.0379260986707	-0.0634503111932	0.0110457107067	0.0286647955134	0.00264925457208	-0.00787851881831	-0.104500862785	-0.0122598757137	-0.0167369641602	-0.0182213506143	-0.0102978584085	-0.0187870977317	0.00347162569531	-0.0141535835123	0.0164154572637	-0.0049758322756	-0.00126076374638	-0.0163487266787	-0.0713641642399	1.0	0.000936810943654	0.0267681094422	-0.00310445308094	-0.0390952736467	-0.0438303356053	-0.0504282375189	-0.00154807815063	-0.0479159320465	-0.0287380356105	-0.00394149641945	-0.00508919248208	0.0305721551698	-0.057293110956	0.0257046869512	0.0270067142186	0.0515082200971	-0.00995733898898	0.0628365274517	0.0518085908698	-0.0568575632878	-0.0651968462761	-0.0747444544475	0.0455011798031	0.00239910288541	0.0160546969521	0.0655279019538	-0.00310710358817	-0.0215075442218	0.0222588631384	-0.00736236989292	-0.0147039875335	-0.0291153007363	-0.0243649319862	0.00501908696115	-0.0681456545629
k__Bacteria;p__Firmicutes;c__Clostridia;o__Clostridiales;f__Oscillospiraceae;g__Oscillibacter;s__Oscillibacter_sp._KLE_1745	-0.0455737460571	-0.0361763943078	0.02415859805	-0.0935579972822	-0.00814019412334	0.0247139950558	-0.00854554760563	-0.0120408704285	0.0132620719864	0.039402617052	-0.0425734071962	-0.0211138595229	0.01957541714	0.0421359473965	0.0647128665925	0.0395432248692	-0.0144204133486	-0.0188621525137	-0.0350002076062	-0.0436418955994	-0.0239642780911	0.0445646033373	0.0186594847449	0.000936810943654	1.0	-0.032832891074	0.000631970427152	0.0232161949976	-3.68599038126e-05	-0.0316702351885	-0.00453301314628	0.00428628823721	-0.0663853272833	-0.051831729669	-0.00621335524994	0.00018151493736	-0.0407002245396	0.0304135826185	0.0688049020072	-0.0271144377742	-0.022754781598	-0.000691759212503	0.0626169265089	-0.0799493467985	-0.0625922074993	-0.0148005727403	0.020743389048	-0.00502923079578	-0.0300979408302	0.0258070299448	-0.0750824703285	-0.0514471461286	-0.0317783598572	-0.0524931679517	-0.0310078880254	-0.0781807333243	-0.0147231667995	-0.0253122073946	0.0311609873767
k__Bacteria;p__Bacteroidetes;c__Bacteroidia;o__Bacteroidales;f__Bacteroidaceae;g__Bacteroides;s__Bacteroides_coprophilus	0.0396539164306	0.0141198850572	0.0610064714042	-0.0654769896412	-0.0845948453609	0.0804932602612	-0.0214061924611	0.0271661911438	0.0261985518628	0.00194296122463	-0.013911922709	-0.0353522064187	-0.0458699360129	0.0253784896251	0.049655526896	-0.0150381133038	0.0313136560988	0.0420611956851	-0.0210598821251	-0.00420613484496	0.00104730252657	-0.0018393997756	0.0143333562953	0.0267681094422	-0.032832891074	1.0	0.0438536360137	-0.0108150227992	-0.0392170281728	-0.00338203571753	-0.0338045628735	0.00487787986481	-0.0573178793071	-0.0432464546031	0.00747089150761	-0.0626032519938	-0.0509674336923	0.0597176720018	0.0323187745642	-0.0115910213746	-0.0315657434265	-0.026368499821	-0.0321768228454	-0.00873567836888	0.0301285165666	-0.0291569660066	-0.0139983524001	-0.0102125768663	-0.059499055529	0.0321511763262	0.004043080272	0.0102608301861	0.0401526169112	-0.0766326168405	-0.0345354215078	0.0289546078973	-0.0314310409576	-0.0346502608409	-0.0308831645385
k__Bacteria;p__Firmicutes;c__Clostridia;o__Clostridiales;f__Lachnospiraceae;g__Roseburia;s__Roseburia_intestinalis	-0.0205671063579	-0.0512035885698	-0.0721639723433	0.00763586689999	-0.0346734465488	-0.0172729200018	-0.030210328215	0.0161611535113	0.0178014451959	-0.0339305206515	0.0042798262977	-0.00791615708314	-0.0488094103732	-0.0246775971696	-0.0178626828914	-0.0447521400686	0.0134040329817	0.0611469833382	-0.00704042002579	-0.014555116794	0.0377530373782	-0.0112893612149	0.0205466460047	-0.00310445308094	0.000631970427152	0.0438536360137	1.0	-0.0432454962086	-0.0282365011312	-0.0178781819545	0.0260557285835	-0.00451498341361	-0.0366762829034	-0.00439714543239	0.0290551290997	0.0147126449365	0.00916301088673	-0.0512765496631	-0.0153052311555	0.00106275897911	0.0024896833307	0.0497781408865	0.0103050415757	0.0110344578444	-0.058036557809	-0.0131659188783	0.0314111489318	-0.0603868811069	-0.0297165850194	-0.00327762975454	0.00713952502002	-0.0100908175392	-0.000628484306276	0.0494403604428	0.0368026612911	0.00625829469572	0.00331659351938	-0.00686648178825	-0.0565090146743
k__Bacteria;p__Firmicutes;c__Clostridia;o__Clostridiales;f__Lachnospiraceae;g__Roseburia;s__Roseburia_hominis	0.00633169414219	0.048061071382	-0.0508396612299	-0.0196773229833	-0.0336078767571	0.0248647283265	0.0149952450894	-0.030610429518	-0.0271082433449	-0.0337934217964	0.0323056423804	-0.00756184766147	0.0121900717954	-0.003020331263	0.0259234819162	0.0158077710978	-0.00289327797768	-0.00864449386814	-0.0830322380419	-0.0420881735989	-0.0321179531276	-0.00983567454066	0.0108338945997	-0.0390952736467	0.0232161949976	-0.0108150227992	-0.0432454962086	1.0	-0.0135407636325	0.00813302861576	0.0157544878222	0.0830061256902	-0.0589099124905	0.0519093570144	-0.00883201432138	-0.0296275875459	-0.00584939480002	0.0110945863709	0.00204840230116	-0.0111281852922	0.0259237798406	-0.0604977823252	-0.042010298943	0.0500629706787	-0.0146862189715	-0.00642498220957	-0.0347076875483	-0.0805139048828	0.0260695438433	-0.0635081849924	-0.0273177542786	0.0257798572716	-0.00219985900077	0.0201671796174	-0.000810622487677	0.0268169221831	0.00224875274347	0.00877862066627	0.0177981729846
k__Bacteria;p__Bacteroidetes;c__Bacteroidia;o__Bacteroidales;f__Porphyromonadaceae;g__Parabacteroides;s__Parabacteroides_johnsonii	0.0128785430107	0.0126607208343	0.0394521429914	0.023124873388	-0.00335815421382	-0.000324181195554	-0.0524125124942	-0.0581893637575	-0.00378829721857	0.0480947977204	0.00314287361275	0.0271408265995	-0.0287301685139	-0.00401576311402	-0.0152424443254	-0.0211085450789	0.0167352717313	0.00155559920349	-0.0153673469248	-0.0286123675489	-0.030437542982	0.000666051655366	0.0149907390852	-0.0438303356053	-3.68599038126e-05	-0.0392170281728	-0.0282365011312	-0.0135407636325	1.0	-0.0391792083678	-0.050861995809	-0.0445089791513	-0.0414653705045	-0.0702453987239	-0.0144198168309	0.0542555762811	0.0481196550501	-0.0284176901773	0.0714293699234	0.0250874267791	-0.0693411624384	0.0212318570806	-0.0274857047115	-0.0518806027234	0.0448304572382	0.051405835461	0.0409358345752	-0.0182490154363	0.0168095534149	-0.0101064583121	-0.00701278765944	-0.0615890538346	-0.0471884264488	-0.0281501290812	-0.0244419122875	-0.0200974468837	-0.0108472833252	-0.087907657999	0.0949696342318
k__Bacteria;p__Actinobacteria;c__Actinobacteria;o__Bifidobacteriales;f__Bifidobacteriaceae;g__Bifidobacterium;s__Bifidobacterium_longum	0.0420043228014	-0.0630402150959	-0.0229607030534	-0.00826513861412	0.0721425272982	0.0253447925433	-0.00667808101961	-0.0665050068836	0.0303918487983	0.0484350737805	-0.0509210641236	0.00857792418141	-0.0218911493533	0.00735827856062	-0.00901400059161	0.0155266822195	0.0417682555479	0.00523817699514	0.059263553255	0.00646435928087	0.100861905936	-0.0424298732668	0.036449225258	-0.0504282375189	-0.0316702351885	-0.00338203571753	-0.0178781819545	0.00813302861576	-0.0391792083678	1.0	-0.0380502808439	-0.0499171130149	0.00267658681329	-0.0595445115489	-0.083196598799	-0.0121242298626	0.0265892886883	0.00617025174719	-0.0328172190423	-0.0537139752026	-0.0156937864664	-0.0495663940407	-0.0199459251663	-0.0433686732594	0.0195207692446	0.0276127259027	-0.0538714956544	0.00244788481991	-0.0278311683404	0.00851433966527	-0.0482025880981	-0.0158536413069	-0.00892289465456	-0.0493036944641	0.00329034646455	0.00514026074744	-0.0703341726946	0.0313411253297	-0.0591128980429
