#taxonomy	k__Bacteria;p__Bacteroidetes;c__Bacteroidia;o__Bacteroidales;f__Bacteroidaceae;g__Bacteroides;s__Bacteroides_vulgatus	k__Bacteria;p__Bacteroidetes;c__Bacteroidia;o__Bacteroidales;f__Bacteroidaceae;g__Bacteroides;s__Bacteroides_uniformis	k__Bacteria;p__Bacteroidetes;c__Bacteroidia;o__Bacteroidales;f__Rikenellaceae;g__Alistipes;s__Alistipes_putredinis	k__Bacteria;p__Bacteroidetes;c__Bacteroidia;o__Bacteroidales;f__Prevotellaceae;g__Prevotella;s__Prevotella_copri	k__Bacteria;p__Bacteroidetes;c__Bacteroidia;o__Bacteroidales;f__Bacteroidaceae;g__Bacteroides;s__Bacteroides_stercoris	k__Bacteria;p__Bacteroidetes;c__Bacteroidia;o__Bacteroidales;f__Bacteroidaceae;g__Bacteroides;s__Bacteroides_ovatus	k__Bacteria;p__Bacteroidetes;c__Bacteroidia;o__Bacteroidales;f__Rikenellaceae;g__Alistipes;s__Alistipes_shahii	k__Bacteria;p__Firmicutes;c__Clostridia;o__Clostridiales;f__Ruminococcaceae;g__Faecalibacterium;s__Faecalibacterium_prausnitzii	k__Bacteria;p__Bacteroidetes;c__Bacteroidia;o__Bacteroidales;f__Rikenellaceae;g__Alistipes;s__Alistipes_finegoldii	k__Bacteria;p__Bacteroidetes;c__Bacteroidia;o__Bacteroidales;f__Porphyromonadaceae;g__Parabacteroides;s__Parabacteroides_distasonis	k__Bacteria;p__Bacteroidetes;c__Bacteroidia;o__Bacteroidales;f__Bacteroidaceae;g__Bacteroides;s__Bacteroides_thetaiotaomicron	k__Bacteria;p__Bacteroidetes;c__Bacteroidia;o__Bacteroidales;f__Bacteroidaceae;g__Bacteroides;s__Bacteroides_coprocola	k__Bacteria;p__Bacteroidetes;c__Bacteroidia;o__Bacteroidales;f__Bacteroidaceae;g__Bacteroides;s__Bacteroides_cellulosilyticus	k__Bacteria;p__Bacteroidetes;c__Bacteroidia;o__Bacteroidales;f__Rikenellaceae;g__Alistipes;s__Alistipes_obesi	k__Bacteria;p__Firmicutes;c__Clostridia;o__Clostridiales;f__Lachnospiraceae;g__;s__[Eubacterium]_rectale	k__Bacteria;p__Bacteroidetes;c__Bacteroidia;o__Bacteroidales;f__Bacteroidaceae;g__Bacteroides;s__Bacteroides_plebeius	k__Bacteria;p__Bacteroidetes;c__Bacteroidia;o__Bacteroidales;f__Bacteroidaceae;g__Bacteroides;s__Bacteroides_fragilis	k__Bacteria;p__Proteobacteria;c__Betaproteobacteria;o__Burkholderiales;f__Sutterellaceae;g__Sutterella;s__Sutterella_wadsworthensis	k__Bacteria;p__Bacteroidetes;c__Bacteroidia;o__Bacteroidales;f__Porphyromonadaceae;g__Barnesiella;s__Barnesiella_intestinihominis	k__Bacteria;p__Bacteroidetes;c__Bacteroidia;o__Bacteroidales;f__Odoribacteraceae;g__Odoribacter;s__Odoribacter_splanchnicus	k__Bacteria;p__Bacteroidetes;c__Bacteroidia;o__Bacteroidales;f__Bacteroidaceae;g__Bacteroides;s__Bacteroides_salyersiae	k__Bacteria;p__Firmicutes;c__Clostridia;o__Clostridiales;f__Ruminococcaceae;g__Ruminiclostridium;s__[Eubacterium]_siraeum	k__Bacteria;p__Proteobacteria;c__Betaproteobacteria;o__Burkholderiales;f__Sutterellaceae;g__Parasutterella;s__Parasutterella_excrementihominis	k__Bacteria;p__Actinobacteria;c__Actinobacteria;o__Bifidobacteriales;f__Bifidobacteriaceae;g__Bifidobacterium;s__Bifidobacterium_adolescentis	k__Bacteria;p__Firmicutes;c__Clostridia;o__Clostridiales;f__Oscillospiraceae;g__Oscillibacter;s__Oscillibacter_sp._KLE_1745	k__Bacteria;p__Bacteroidetes;c__Bacteroidia;o__Bacteroidales;f__Bacteroidaceae;g__Bacteroides;s__Bacteroides_coprophilus	k__Bacteria;p__Firmicutes;c__Clostridia;o__Clostridiales;f__Lachnospiraceae;g__Roseburia;s__Roseburia_intestinalis	k__Bacteria;p__Firmicutes;c__Clostridia;o__Clostridiales;f__Lachnospiraceae;g__Roseburia;s__Roseburia_hominis	k__Bacteria;p__Bacteroidetes;c__Bacteroidia;o__Bacteroidales;f__Porphyromonadaceae;g__Parabacteroides;s__Parabacteroides_johnsonii	k__Bacteria;p__Actinobacteria;c__Actinobacteria;o__Bifidobacteriales;f__Bifidobacteriaceae;g__Bifidobacterium;s__Bifidobacterium_longum	k__Bacteria;p__Firmicutes;c__Clostridia;o__Clostridiales;f__;g__Flavonifractor;s__Flavonifractor_plautii	k__Bacteria;p__Firmicutes;c__Clostridia;o__Clostridiales;f__Clostridiaceae;g__Clostridium;s__Clostridium_phoceensis	k__Bacteria;p__Verrucomicrobia;c__Verrucomicrobiae;o__Verrucomicrobiales;f__Akkermansiaceae;g__Akkermansia;s__Akkermansia_muciniphila	k__Bacteria;p__Bacteroidetes;c__Bacteroidia;o__Bacteroidales;f__Prevotellaceae;g__Paraprevotella;s__Paraprevotella_xylaniphila	k__Bacteria;p__Firmicutes;c__Clostridia;o__Clostridiales;f__Ruminococcaceae;g__Ruminococcus;s__Ruminococcus_callidus	k__Bacteria;p__Bacteroidetes;c__Bacteroidia;o__Bacteroidales;f__Rikenellaceae;g__Alistipes;s__Alistipes_senegalensis	k__Bacteria;p__Firmicutes;c__Clostridia;o__Clostridiales;f__Lachnospiraceae;g__Blautia;s__Blautia_sp._KLE_1732	k__Bacteria;p__Bacteroidetes;c__Bacteroidia;o__Bacteroidales;f__Bacteroidaceae;g__Bacteroides;s__Bacteroides_oleiciplenus	k__Bacteria;p__Firmicutes;c__Clostridia;o__Clostridiales;f__Ruminococcaceae;g__Ruminococcus;s__Ruminococcus_bicirculans	k__Bacteria;p__Bacteroidetes;c__Bacteroidia;o__Bacteroidales;f__Bacteroidaceae;g__Bacteroides;s__Bacteroides_fluxus	k__Bacteria;p__Bacteroidetes;c__Bacteroidia;o__Bacteroidales;f__Prevotellaceae;g__Prevotella;s__Prevotella_stercorea	k__Bacteria;p__Firmicutes;c__Clostridia;o__Clostridiales;f__Lachnospiraceae;g__Dorea;s__Dorea_longicatena	k__Bacteria;p__Firmicutes;c__Clostridia;o__Clostridiales;f__Eubacteriaceae;g__Eubacterium;s__[Eubacterium]_eligens	k__Bacteria;p__Firmicutes;c__Clostridia;o__Clostridiales;f__Ruminococcaceae;g__;s__Ruminococcaceae_bacterium_D16	k__Bacteria;p__Firmicutes;c__Clostridia;o__Clostridiales;f__Lachnospiraceae;g__Coprococcus;s__Coprococcus_comes	k__Bacteria;p__Proteobacteria;c__Gammaproteobacteria;o__Enterobacterales;f__Enterobacteriaceae;g__Escherichia;s__Escherichia_coli	k__Bacteria;p__Firmicutes;c__Clostridia;o__Clostridiales;f__Ruminococcaceae;g__Anaerotruncus;s__Anaerotruncus_colihominis	k__Bacteria;p__Firmicutes;c__Clostridia;o__Clostridiales;f__Lachnospiraceae;g__Blautia;s__Blautia_obeum	k__Bacteria;p__Bacteroidetes;c__Bacteroidia;o__Bacteroidales;f__Odoribacteraceae;g__Odoribacter;s__Odoribacter_laneus	k__Bacteria;p__Firmicutes;c__Clostridia;o__Clostridiales;f__Ruminococcaceae;g__Ruminiclostridium;s__[Clostridium]_leptum	k__Bacteria;p__Bacteroidetes;c__Bacteroidia;o__Bacteroidales;f__Porphyromonadaceae;g__Parabacteroides;s__Parabacteroides_goldsteinii	k__Bacteria;p__Firmicutes;c__Clostridia;o__Clostridiales;f__Lachnospiraceae;g__Anaerostipes;s__Anaerostipes_hadrus	k__Bacteria;p__Firmicutes;c__Clostridia;o__Clostridiales;f__Ruminococcaceae;g__Ruminococcus;s__Ruminococcus_lactaris	k__Bacteria;p__Firmicutes;c__Clostridia;o__Clostridiales;f__Clostridiaceae;g__Clostridium;s__Clostridium_sp._L2-50	k__Bacteria;p__Firmicutes;c__Clostridia;o__Clostridiales;f__Clostridiaceae;g__Clostridium;s__Clostridium_sp._M62/1	k__Bacteria;p__Firmicutes;c__Clostridia;o__Clostridiales;f__;g__Intestinimonas;s__Intestinimonas_butyriciproducens	k__Bacteria;p__Actinobacteria;c__Actinobacteria;o__Bifidobacteriales;f__Bifidobacteriaceae;g__Bifidobacterium;s__Bifidobacterium_bifidum	k__Bacteria;p__Firmicutes;c__Negativicutes;o__Veillonellales;f__Veillonellaceae;g__Dialister;s__Dialister_invisus	k__Bacteria;p__Bacteroidetes;c__Bacteroidia;o__Bacteroidales;f__Bacteroidaceae;g__Bacteroides;s__Bacteroides_salanitronis
k__Bacteria;p__Bacteroidetes;c__Bacteroidia;o__Bacteroidales;f__Bacteroidaceae;g__Bacteroides;s__Bacteroides_vulgatus	1.0	-0.0347456493959	0.0102020217394	-0.00852933984168	-0.033114160928	-0.00709589826286	0.00107741888552	-0.0546233836874	0.00573941058905	-0.0293789014301	0.00737766132531	-0.0175219465604	0.0633044840236	-0.0326468292074	0.0582279637122	-0.0158637206609	-0.0400006304534	0.0133564421408	0.00065352206428	0.000754965009322	-0.0280756562231	-0.0475183241561	-7.10771723642e-05	-0.0447414232085	0.094432185283	0.0285227761095	0.0251274369511	-0.0346820392312	-0.00069306724393	-0.0293972794486	-0.0274841221515	0.0133743176332	-0.0379796756363	-0.0600861194147	0.0380195740352	0.0101544898703	0.020475919797	-0.0263159458411	0.0173666198582	-0.00112010251318	0.04508932236	-0.0174741867663	-0.0490427499351	-0.0182595577995	-0.123772975845	-0.0305054096092	0.0119804893199	-0.0272565678013	-0.0273175933028	-0.0289099608252	0.0483466732569	0.0915765780668	0.0645052025108	-0.030904498131	0.0307866040601	0.016898665636	-0.0381977865778	0.00220764393557	-0.0223220276688
k__Bacteria;p__Bacteroidetes;c__Bacteroidia;o__Bacteroidales;f__Bacteroidaceae;g__Bacteroides;s__Bacteroides_uniformis	-0.0347456493959	1.0	0.0264628227528	0.00698301386096	0.0306255750397	-0.0458080855201	0.0399267927093	0.0505482804381	-0.0392729259857	-0.0597096874066	-0.00216635769054	-0.0104831003051	-0.0250216892567	-0.0451110027531	-0.00157380367795	0.0345061298943	0.0186701821787	-0.0114228545871	0.00406133837123	-0.0705193691836	-0.00798911200373	0.0177619827969	0.0538075286294	0.0352452272896	0.000233182828578	0.0560394445448	-0.0472457819523	-0.00689553949747	0.000938369292932	0.0153760641747	-0.00840813663402	-0.0323605836912	-0.0709101722803	-0.0633228275849	-0.00705655294631	-0.0114276921367	-0.0176632567966	0.0224420923147	0.0418644940455	0.00857564618126	-0.00569123211722	0.0446044948669	0.0292245170446	-0.0153630557491	0.016050975591	-0.0175436294713	0.0343779635872	-0.0249339837775	-0.0772304456301	0.0198813859553	0.0202381026661	0.0396459640308	-0.0117763836723	-0.0542509332677	-0.0233276003235	-0.0322509864089	-0.0425521147044	0.0020114892894	0.0075833908087
k__Bacteria;p__Bacteroidetes;c__Bacteroidia;o__Bacteroidales;f__Rikenellaceae;g__Alistipes;s__Alistipes_putredinis	0.0102020217394	0.0264628227528	1.0	-0.0286131826172	-0.0185895184899	-0.00812007119191	-0.0416291888204	-0.057526695288	0.0156676444783	0.0505430601017	-0.0639336366849	-0.0331528151108	0.0167933719364	0.0315981194076	-0.0107046419371	-0.00231521724508	-0.00969233205488	0.00576770235241	0.0700136066839	-0.0329591491345	-0.00066530185741	-0.0443807250318	0.0247425599974	0.00791903585128	0.00461046587402	-0.0489550475441	0.0122663642807	-0.0244827285211	-0.0272923084999	0.00719443064107	-0.0187708398753	0.00485488516612	-0.0699335798395	0.0530987539842	-0.00655450978537	0.0315716342288	-0.0362585471148	0.015741680731	-0.0244670145038	0.00296607025038	-0.0218728607805	-0.0148625736196	-0.0054362621816	-0.048497127199	-0.00904946738695	0.0547311301754	0.0489026918839	0.0312064426002	-0.076062517599	-0.0166060012665	-0.0508261150723	-0.0398758373807	0.0118947165189	-0.0439617523945	0.0171412351924	-0.0805783289486	-0.00740863444473	-0.0195759229669	-0.0168038482068
k__Bacteria;p__Bacteroidetes;c__Bacteroidia;o__Bacteroidales;f__Prevotellaceae;g__Prevotella;s__Prevotella_copri	-0.00852933984168	0.00698301386096	-0.0286131826172	1.0	0.0531258779329	-0.0333560399857	0.000239737555139	-0.0237148033646	-0.0187907744613	0.0317259112876	-0.0118357943608	-0.0167129672885	-0.0511916639892	-0.0138090125849	0.0113230525109	0.024856509642	-0.0256075391694	0.0415548978123	-0.0410038386202	0.0185294205902	-0.0722791194398	0.0193868796068	-0.0213325657978	0.00188986817741	-0.0517489794696	-0.0217957798118	-0.0348643318422	0.0236953308174	-0.00578994429858	-0.0285579780534	0.0246732361998	0.05528472198	0.0224016838667	0.0191181591404	0.0175299687127	-0.0234505057225	0.0355069951628	-0.0121434719867	0.00443542269204	0.00572323751342	0.0669632699488	0.0818664781537	-0.0761292316433	0.0120594489039	0.050253954595	0.0105072237065	0.00500450761321	-0.0324857842479	-0.053523717176	-0.0409009758217	-0.0529960136722	-0.00626587214917	-0.0844939330421	-0.0338915316754	-0.00432633674775	0.00622787325737	-0.0607391178023	-0.0106495426747	-0.0274834677438
k__Bacteria;p__Bacteroidetes;c__Bacteroidia;o__Bacteroidales;f__Bacteroidaceae;g__Bacteroides;s__Bacteroides_stercoris	-0.033114160928	0.0306255750397	-0.0185895184899	0.0531258779329	1.0	0.041134363198	-0.00525767576816	0.0517836247054	0.00577011307396	-0.0146408756808	-0.0155001133839	0.0184602647728	-0.0361385116777	-0.00084261542476	0.0169674674923	-0.0283804775391	-0.0319621430855	0.0260136028685	0.00472062724914	0.0504270613135	-0.025914156889	-0.00982941531399	-0.0159550872758	-0.0296964258606	-0.0087673921619	-0.0537941321636	-0.0656765226947	-0.0137040218204	-0.00169669309477	-0.0263145560302	-0.04269823411	0.0293755493202	-0.0169951619947	0.025670068099	-0.0587832625069	-0.0632900684167	0.0139792614363	-0.0148726329081	0.0444597637136	-0.0502105569458	0.0340869074735	-0.00495267804625	-0.0526811420536	0.00394842570729	0.054731899777	-0.0525807654847	-0.000351995159991	-0.00860847330083	-0.00650468117447	-0.0403756214874	-0.0195595362111	-0.0256429445458	0.016266266452	-0.00792625761817	-0.00380787302302	0.0200078085962	-0.0304466445148	-0.0264380260892	0.0104271252683
k__Bacteria;p__Bacteroidetes;c__Bacteroidia;o__Bacteroidales;f__Bacteroidaceae;g__Bacteroides;s__Bacteroides_ovatus	-0.00709589826286	-0.0458080855201	-0.00812007119191	-0.0333560399857	0.041134363198	1.0	0.0523768908441	-0.00453682730011	0.0239053920756	-0.0246656362755	-0.00396040246668	-0.0348215749801	-0.027276684619	-0.0369482433273	-0.00788692091148	-0.0619358388469	0.0197843705066	-0.0276466705675	-0.0429816071774	-0.0209771167989	-0.021100429081	-0.0195292026573	-0.0517532434082	-0.0273470372612	-0.0136774189724	-0.0224642521493	-0.0185864625888	-0.0504383134423	0.0126250248743	-0.060591739489	-0.0103750371264	0.0936599094136	-0.0105359180442	0.0271577800204	0.0132638967783	0.0381212691871	-0.00469467223487	-0.0449765769626	-0.0201128739529	0.0326589398308	-0.047725834889	-0.0876632357932	-0.052575107453	0.0774459835102	-0.0393340534265	-0.00610125206493	-0.0285120228975	0.0403126070057	0.0118887389823	0.0424555736226	0.00391329833848	-0.0644574047233	0.0629031016155	-0.0142194069369	0.00791147359665	0.0348459507215	-0.013417445046	-0.0115330658821	0.0625356791756
k__Bacteria;p__Bacteroidetes;c__Bacteroidia;o__Bacteroidales;f__Rikenellaceae;g__Alistipes;s__Alistipes_shahii	0.00107741888552	0.0399267927093	-0.0416291888204	0.000239737555139	-0.00525767576816	0.0523768908441	1.0	0.0311604773682	-0.0342703538281	-0.0356627033389	0.0244665095504	-0.0507615837041	0.0136082554006	0.000436832723786	-0.0156384939378	-0.011057750901	0.033878039652	-0.043190955083	-0.0243072300553	-0.0157570101574	0.0159660284652	-0.0740688402172	0.0219659204336	-0.0370619837033	0.021513449478	0.0123801785331	-0.0311429326981	0.00684855584725	-0.0367178445237	-0.0376312525636	0.0185603290098	0.0549587057862	-0.0260353263735	-0.0326020587602	-0.031376880725	-0.0525902096966	0.0576473580369	-0.0175708571651	0.0083590570618	0.0457775451871	-0.0668639159854	0.0301144145894	0.0139930355089	0.00392567189908	-0.0644326202944	0.00362321569083	0.0538800995149	0.0560932412393	-0.0283393501955	0.00993090917572	-0.0309115591187	0.0438602517106	-0.0199501364675	0.00943172066773	0.0194251842597	-0.0210538881165	-0.0408570316271	-0.0292395147914	-0.00776027329872
k__Bacteria;p__Firmicutes;c__Clostridia;o__Clostridiales;f__Ruminococcaceae;g__Faecalibacterium;s__Faecalibacterium_prausnitzii	-0.0546233836874	0.0505482804381	-0.057526695288	-0.0237148033646	0.0517836247054	-0.00453682730011	0.0311604773682	1.0	-0.0270882011757	0.0119513496594	-0.0133940281119	-0.0248965683602	0.0242931190171	-0.0117506977066	-0.0153911289804	-0.00200701551365	-0.0214599584706	-0.0153427377068	-0.0209453416947	-0.0014291305166	0.00742502588561	0.00818971843736	-0.0763793597471	-0.0272096193795	-0.0262874415439	0.100874297963	-0.0300915169851	0.00567838476969	-0.0316673569174	-0.00870936487876	0.0323843247107	-0.034062414737	-0.0133566529526	-0.0409742999115	0.0173026535617	-0.0773817445892	0.0205007064936	-0.0397763717287	-0.0939699641212	-0.0464783116734	-0.0109913940988	-0.0189780833673	-0.00200351046622	0.0515665113974	-0.0240833002758	-0.0205786198599	-0.0156160010974	0.0538363681462	0.00397324494716	-0.0224661816573	-0.0108462906239	0.0130757367996	-0.0139630281163	0.0675239332819	0.0230449879921	0.0125051568387	0.00494204882995	-0.0543385283389	-0.027250208396
k__Bacteria;p__Bacteroidetes;c__Bacteroidia;o__Bacteroidales;f__Rikenellaceae;g__Alistipes;s__Alistipes_finegoldii	0.00573941058905	-0.0392729259857	0.0156676444783	-0.0187907744613	0.00577011307396	0.0239053920756	-0.0342703538281	-0.0270882011757	1.0	0.0148382205094	-0.0466185917769	-0.0455023102345	-0.0149638030049	-0.00276740950503	0.0284622307253	-0.0624519621824	-0.0843614283821	0.0436833313436	-0.0575521604774	-0.00152466327239	-0.01621717676	0.0204813874102	-0.0651368261055	0.0470991244306	0.00680096133564	0.0103462851998	-0.0185506551319	-0.0226627001416	0.0258280320939	-0.0368674890915	-0.0149761808887	0.00501325011694	-0.0389797924957	0.00760481822601	0.0676886426232	0.0205176384881	-0.0168959867136	-0.0622570498247	-0.067168354561	0.00890064812992	0.0139863785405	-0.00318103387737	-0.0559451972796	-0.0674099123453	0.0230928573492	-0.0329051698581	0.0261226631047	0.0123556147097	0.0050783468555	-0.044731541305	-0.0177254983994	-0.00992198055372	0.0439652697752	0.0189797404796	0.0259771444503	-0.0178015590004	0.076564167273	-0.0293441445729	-0.042796183944
k__Bacteria;p__Bacteroidetes;c__Bacteroidia;o__Bacteroidales;f__Porphyromonadaceae;g__Parabacteroides;s__Parabacteroides_distasonis	-0.0293789014301	-0.0597096874066	0.0505430601017	0.0317259112876	-0.0146408756808	-0.0246656362755	-0.0356627033389	0.0119513496594	0.0148382205094	1.0	-0.0325783633436	0.00105342616741	0.0501014899834	-0.0272949915416	-0.0285478403729	0.0149121888852	-0.0195907906418	0.0157982646258	-0.00748496271863	0.0389107835116	0.0277156672618	-0.00728878656528	-0.0248117827395	0.0752559484161	-0.015867806753	-0.0459381621455	0.0137875025513	0.006262894833	-0.0104264545138	-0.0108801519699	-0.0450750027172	-0.0615922283235	-0.041504550084	-0.028877129902	0.0119589141308	-0.038159184981	-0.0186978198895	-0.00698419186792	-0.0489333427993	-0.0470673259056	0.0289753227133	-0.0239743338469	-0.0158209572328	0.0254613981319	0.0336150633461	0.0339427240534	-0.0112147017005	0.0169938450317	-0.0194956389395	-0.0486017719305	-0.0686470559117	-0.000965965709802	-0.0500637977342	0.0302687643268	0.0108268861493	-0.021353741848	-0.0210340760275	-0.0166983275072	-0.0102848103315
k__Bacteria;p__Bacteroidetes;c__Bacteroidia;o__Bacteroidales;f__Bacteroidaceae;g__Bacteroides;s__Bacteroides_thetaiotaomicron	0.00737766132531	-0.00216635769054	-0.0639336366849	-0.0118357943608	-0.0155001133839	-0.00396040246668	0.0244665095504	-0.0133940281119	-0.0466185917769	-0.0325783633436	1.0	-0.0397339051633	-0.0521668918787	9.2813209579e-05	-0.0267305926845	-0.0158033257566	-0.000934938714819	0.000756620014306	-0.00830439458889	0.00290081775293	0.0252675444064	-0.0423502168855	0.0134150712618	-0.00426614960459	-0.0119434973522	0.0162623059407	-0.00729505264132	0.0361344507291	0.0185141238455	0.0509896467646	-0.0358970257156	-0.0325290032699	-0.042487159244	-0.0214215724114	-0.0038257293955	0.0567719719321	-0.0868636787175	0.0177246888549	-0.00255742401148	-0.0500351955618	-0.10169836822	0.00132670398909	-0.0247100710525	0.0370761242454	-0.0286584503678	0.0105543118929	-0.0163026118754	-0.0225316195012	-0.00621908983314	-0.00777626972587	-0.00534281845038	-0.0324146468174	0.0502287615575	-0.00173780940098	-0.0578296424786	-0.069403837456	-0.00345910357669	-0.0299737550567	-0.0302496608962
k__Bacteria;p__Bacteroidetes;c__Bacteroidia;o__Bacteroidales;f__Bacteroidaceae;g__Bacteroides;s__Bacteroides_coprocola	-0.0175219465604	-0.0104831003051	-0.0331528151108	-0.0167129672885	0.0184602647728	-0.0348215749801	-0.0507615837041	-0.0248965683602	-0.0455023102345	0.00105342616741	-0.0397339051633	1.0	-0.0246766176301	-0.00448748726205	0.0357244390967	0.002170659223	0.011179460485	0.0104907452261	0.048694038242	0.0202817651724	-0.041727788371	0.00732947618562	0.00450204737412	-0.0712745322205	0.0026151801718	0.0264829030789	-0.062313514597	-0.052928243022	-0.00709311956938	0.00324218144416	0.0344159591691	-0.0544692234133	-0.00864757567154	-0.0340890066362	-0.0162216667432	-0.0539608597449	-0.0590788415256	-0.0676934210495	0.0392175337419	-0.0022910643879	-0.0655877049496	0.00289187071335	0.0101584202959	-0.0138451578424	-0.0175223750245	-0.0106637599047	0.04621529471	0.0213915525037	0.0178053597811	0.000708390868985	0.007032182795	-0.00377753956377	0.0196333630147	0.0528391746364	-0.0210797135842	0.0552237753724	-0.0232755583461	-0.0191664760124	0.00635161561605
k__Bacteria;p__Bacteroidetes;c__Bacteroidia;o__Bacteroidales;f__Bacteroidaceae;g__Bacteroides;s__Bacteroides_cellulosilyticus	0.0633044840236	-0.0250216892567	0.0167933719364	-0.0511916639892	-0.0361385116777	-0.027276684619	0.0136082554006	0.0242931190171	-0.0149638030049	0.0501014899834	-0.0521668918787	-0.0246766176301	1.0	0.0234969321627	-0.037897451185	-0.0406050456947	-0.0592615511653	0.0436138098759	-0.0913805143649	-0.00777871676897	0.0070321835588	-0.00616319337598	0.00327297641973	-0.0530988142157	-0.034668822441	0.0134909606669	0.0795069444834	-0.0554442160415	0.0358621487139	-0.0118566696029	0.0156237338729	-0.039332132483	0.0149291406793	0.00219496555073	0.00250798124907	0.030542491445	-0.0547202608939	-0.0184459542214	0.0096291567651	-0.0408489748847	0.0368000173742	-0.0322218815321	0.00665682828	-0.0699113533723	-0.0525577534881	-0.0124250812222	-0.00510895115034	0.0711277555935	0.0316333945691	-0.0108224327191	-0.0612704763003	0.0160148858891	-0.0429452783581	-0.0306104092074	0.06163866989	0.0270538522953	0.0159154271876	0.0387363599484	0.0168727516473
k__Bacteria;p__Bacteroidetes;c__Bacteroidia;o__Bacteroidales;f__Rikenellaceae;g__Alistipes;s__Alistipes_obesi	-0.0326468292074	-0.0451110027531	0.0315981194076	-0.0138090125849	-0.00084261542476	-0.0369482433273	0.000436832723786	-0.0117506977066	-0.00276740950503	-0.0272949915416	9.2813209579e-05	-0.00448748726205	0.0234969321627	1.0	0.0301658030623	0.0273715216579	0.0172740725733	0.0437661804237	0.0237586740771	0.0330739590619	-0.0154800199368	-0.00722210072057	0.000994701928914	-0.00495607055918	-0.039308474726	-0.0508904782927	0.071664699743	-0.00977108542472	0.0183226301525	-0.00493502793584	-0.0101784474921	0.00256389044658	-0.00776941239237	-0.00679547730561	-0.0374001789032	0.000398820997562	-0.0411823184421	0.0181092931276	0.0460952860693	-0.0184428872589	0.00869936861643	0.00807764057945	0.0182631877256	0.0178628619926	0.0226658779662	0.0519636353368	-0.0590331577274	0.0329110214167	0.00441776126172	-0.081688186579	-0.0353115593857	-0.0167690513529	0.0565679299711	-0.00856201193991	-0.0317132735603	-0.0246518319117	-0.0261278462162	0.0268730474609	-0.0269707654843
k__Bacteria;p__Firmicutes;c__Clostridia;o__Clostridiales;f__Lachnospiraceae;g__;s__[Eubacterium]_rectale	0.0582279637122	-0.00157380367795	-0.0107046419371	0.0113230525109	0.0169674674923	-0.00788692091148	-0.0156384939378	-0.0153911289804	0.0284622307253	-0.0285478403729	-0.0267305926845	0.0357244390967	-0.037897451185	0.0301658030623	1.0	-0.0680285690576	0.0549620998169	0.0197502949373	-0.0558540547191	-0.0548879861034	0.0621338486703	-0.0544878376865	-0.00794886403422	-0.0467312281886	-0.0298657178147	-0.0118761332503	0.0223952180313	0.0625557059134	-0.00429847412479	0.0373403218363	0.021122988073	0.000577715199306	-0.0648843056833	-0.0336614123527	0.0529192877082	-0.00472294865708	-0.0337584380137	0.0236904063002	-0.019154963972	0.00759397380847	-0.00605088990365	0.00318501530829	0.0173768513002	0.00306168515768	-0.0576956526894	0.000422669341103	-0.00310700578483	-0.011165830678	0.0329060157899	0.000701531969602	0.0345927508548	-0.0148425841198	0.0456604082142	-0.0330772818704	-0.00905211180827	-0.0696138695607	-0.0338780961519	0.00219277846613	0.0378419796568
k__Bacteria;p__Bacteroidetes;c__Bacteroidia;o__Bacteroidales;f__Bacteroidaceae;g__Bacteroides;s__Bacteroides_plebeius	-0.0158637206609	0.0345061298943	-0.00231521724508	0.024856509642	-0.0283804775391	-0.0619358388469	-0.011057750901	-0.00200701551365	-0.0624519621824	0.0149121888852	-0.0158033257566	0.002170659223	-0.0406050456947	0.0273715216579	-0.0680285690576	1.0	-0.0193586506612	-0.0566542984496	0.0153123306893	0.0382348353065	-0.0216523438133	-0.000652341350711	-0.0105169627379	-0.00728735560612	-0.0430473024781	-0.0326166726705	0.00993822584168	-0.00440299950804	-0.0668775305264	0.0384570348969	0.0540874368386	-0.0220345651888	0.0409292700972	0.00280140084781	0.059786442521	0.00745468361989	-0.0444406578953	0.0261502127197	-0.0173754749897	0.00544136188856	-0.0119370347191	-0.0521843603246	0.0153396331147	-0.0054723175444	0.023907993473	0.00118445586787	0.00150438726399	0.00243453690235	-0.00322453318055	-0.0417324320018	-0.0139187950696	-0.068666445785	0.0348963082405	0.0699971731245	-0.0613008163443	-0.0319266884905	0.0255859876988	-0.0300802237566	-0.0217436094363
k__Bacteria;p__Bacteroidetes;c__Bacteroidia;o__Bacteroidales;f__Bacteroidaceae;g__Bacteroides;s__Bacteroides_fragilis	-0.0400006304534	0.0186701821787	-0.00969233205488	-0.0256075391694	-0.0319621430855	0.0197843705066	0.033878039652	-0.0214599584706	-0.0843614283821	-0.0195907906418	-0.000934938714819	0.011179460485	-0.0592615511653	0.0172740725733	0.0549620998169	-0.0193586506612	1.0	0.00260577622252	0.0163303823607	-0.0373673985768	0.0445069396481	0.00455190867541	-0.000445919526203	-0.0289638804842	0.0201856697613	-0.00300947844956	0.00659493702844	0.0357015767227	0.00799909686097	0.0237065371224	0.0509224999037	-0.0392745973805	0.0149145013283	-0.00541169081864	-0.0237698056887	-0.001406157267	-0.0517328764588	-0.010392576754	0.102292276754	0.0204039106211	0.0105427428205	-0.0384378304077	-0.0336166774938	-0.0170157957892	0.00221009662765	-0.066251975441	0.00283432565466	-0.0227819072209	0.0390303704807	0.0300568026311	-0.0171671290282	-0.0773469028524	0.0180526488995	-0.0566087235074	-0.0611308823676	-0.0193014400148	0.0803422956942	0.00824677294577	-0.0669109864061
k__Bacteria;p__Proteobacteria;c__Betaproteobacteria;o__Burkholderiales;f__Sutterellaceae;g__Sutterella;s__Sutterella_wadsworthensis	0.0133564421408	-0.0114228545871	0.00576770235241	0.0415548978123	0.0260136028685	-0.0276466705675	-0.043190955083	-0.0153427377068	0.0436833313436	0.0157982646258	0.000756620014306	0.0104907452261	0.0436138098759	0.0437661804237	0.0197502949373	-0.0566542984496	0.00260577622252	1.0	-0.0151169370456	-0.076763027747	0.00831735035526	3.42440053365e-05	-0.0606926808147	0.0440311024563	-0.00491069961386	-0.0416626532273	-0.000548394436857	0.0334556719818	-0.0208833292708	0.0105098888466	0.0125906097519	-0.0408113297065	-0.0295403189337	-0.0255344991673	0.0386665761738	-0.0156581185456	-0.00385961479507	0.0377631533485	-0.00553777699562	-0.0322030368663	-0.0705080834969	0.0276401815388	-0.0470778165431	-0.0285259558244	-0.00654997259314	-0.0228070696217	0.00413097622911	-0.0118755068839	0.0185149105259	0.0703269129436	-0.0159107858851	0.0244041522227	0.0321852907502	-0.0241499370898	0.00297356459757	0.0135769194393	0.046215076047	0.00362153944983	0.0123442782997
k__Bacteria;p__Bacteroidetes;c__Bacteroidia;o__Bacteroidales;f__Porphyromonadaceae;g__Barnesiella;s__Barnesiella_intestinihominis	0.00065352206428	0.00406133837123	0.0700136066839	-0.0410038386202	0.00472062724914	-0.0429816071774	-0.0243072300553	-0.0209453416947	-0.0575521604774	-0.00748496271863	-0.00830439458889	0.048694038242	-0.0913805143649	0.0237586740771	-0.0558540547191	0.0153123306893	0.0163303823607	-0.0151169370456	1.0	-0.00576761332463	-0.0435780946034	-0.0689723752259	0.082777801749	-0.0139470494106	0.0230222682809	0.0609516681332	-0.0380196288837	0.00521949830029	-0.00878317325238	-0.00417221613295	-0.0252849089135	-0.0314410175519	0.0277396142666	0.0072929253589	0.0186405287532	-0.0210700982971	-0.0163725373861	-0.0414716381451	0.0860643722953	-0.0288177784066	-0.000895245124671	-0.0551358709068	-0.0391723486287	0.0271882543386	-0.013724309276	0.0290548918499	-0.0158265554003	-0.0193947267716	-0.0500565414195	-0.00563238432409	-0.0214087585166	-0.00307949662339	0.0282027303038	0.00909390300216	0.064223082826	-0.0112955135863	0.0114783604631	-0.0253901014196	-0.0198191509136
k__Bacteria;p__Bacteroidetes;c__Bacteroidia;o__Bacteroidales;f__Odoribacteraceae;g__Odoribacter;s__Odoribacter_splanchnicus	0.000754965009322	-0.0705193691836	-0.0329591491345	0.0185294205902	0.0504270613135	-0.0209771167989	-0.0157570101574	-0.0014291305166	-0.00152466327239	0.0389107835116	0.00290081775293	0.0202817651724	-0.00777871676897	0.0330739590619	-0.0548879861034	0.0382348353065	-0.0373673985768	-0.076763027747	-0.00576761332463	1.0	0.0147147398147	-0.00837027865103	-0.00738152479661	-0.00268909279402	0.00553271665453	-0.0852284049118	-0.00192719810809	0.0145628683678	0.0146090522582	-0.0496757267311	-0.0217594746435	0.022403687277	-0.0103064833417	0.00432162843713	-0.0031037324244	-0.0591896322325	-0.0629054178379	0.0101474482287	-0.000906176305661	-0.00645531967764	0.0386925110911	-0.0586517645603	-0.0186538834751	-0.00187753755712	-0.0272401636989	-0.0146672174657	-0.0242725026073	-0.00345629040425	0.0295244067545	0.0463193656549	-0.0190828499206	-0.00481196213227	0.032259647301	-0.0395270336902	-0.00902021984346	0.0146616330128	0.0183656710979	-0.0251839075829	-0.0271357166061
k__Bacteria;p__Bacteroidetes;c__Bacteroidia;o__Bacteroidales;f__Bacteroidaceae;g__Bacteroides;s__Bacteroides_salyersiae	-0.0280756562231	-0.00798911200373	-0.00066530185741	-0.0722791194398	-0.025914156889	-0.021100429081	0.0159660284652	0.00742502588561	-0.01621717676	0.0277156672618	0.0252675444064	-0.041727788371	0.0070321835588	-0.0154800199368	0.0621338486703	-0.0216523438133	0.0445069396481	0.00831735035526	-0.0435780946034	0.0147147398147	1.0	-0.0962277154543	0.0126717444006	0.0225313257806	-0.0635538410181	0.0459754070919	0.00963607435968	0.0516818630363	0.00487954431943	-0.0448143989361	-0.00831247912449	-0.0345073685402	-0.0226941632649	-0.0273831655752	-0.0323053643965	0.00941635911633	-0.0137085035881	-0.0311456137666	0.000727564216418	-0.0298883453855	0.0681626662214	-0.0344331308769	0.00683027850986	-0.0160730420969	0.0181490591012	-0.0613566126211	-0.000436582639434	-0.0118319400629	0.0317228886753	-0.0318940130379	-0.0726966258636	-0.00175569127613	-0.0646522485534	0.0413717255522	-0.0305736694285	0.021899233486	-0.0615974948079	0.0638973761709	0.0497616177224
k__Bacteria;p__Firmicutes;c__Clostridia;o__Clostridiales;f__Ruminococcaceae;g__Ruminiclostridium;s__[Eubacterium]_siraeum	-0.0475183241561	0.0177619827969	-0.0443807250318	0.0193868796068	-0.00982941531399	-0.0195292026573	-0.0740688402172	0.00818971843736	0.0204813874102	-0.00728878656528	-0.0423502168855	0.00732947618562	-0.00616319337598	-0.00722210072057	-0.0544878376865	-0.000652341350711	0.00455190867541	3.42440053366e-05	-0.0689723752259	-0.00837027865103	-0.0962277154543	1.0	0.0188987415929	0.0213415892192	0.0159632469102	-0.081696374291	-0.0168816935697	-0.0637774573853	0.00363527082863	0.00905737527455	-0.025287022322	-0.0207607699801	0.0210206370757	0.00744471894712	-0.0449746341657	-0.0446258330265	0.0750754756896	0.0146596007475	0.0848559181848	0.0314760660294	-0.0306759591219	-0.0122841446808	-0.0196978449777	0.0124158766463	0.0159928199377	0.00716172442905	-0.021490707267	-0.044397834358	0.0307751785681	0.0324483454375	0.0276817590414	-0.0384199092304	0.00776746823399	-0.0171531114404	-0.0225919882265	0.0601518648335	0.0328277341731	-0.0282828301921	0.00798145904229
k__Bacteria;p__Proteobacteria;c__Betaproteobacteria;o__Burkholderiales;f__Sutterellaceae;g__Parasutterella;s__Parasutterella_excrementihominis	-7.10771723641e-05	0.0538075286294	0.0247425599974	-0.0213325657978	-0.0159550872758	-0.0517532434082	0.0219659204336	-0.0763793597471	-0.0651368261055	-0.0248117827395	0.0134150712618	0.00450204737412	0.00327297641973	0.000994701928914	-0.00794886403422	-0.0105169627379	-0.000445919526203	-0.0606926808147	0.082777801749	-0.00738152479661	0.0126717444006	0.0188987415929	1.0	-0.040295247558	0.00785894104938	0.0349148792581	-0.040297590197	-0.0103104702644	0.00783897958597	0.00515641955781	0.0613655951523	-0.0392015138311	-0.0450491334475	-0.0440136320082	-0.0407313825208	-0.014443115688	0.0162934576709	-0.0433915214916	-0.0143142153809	-0.0269718176475	0.00463806075027	0.0304236645897	-0.0719154502947	0.0178972103991	-0.0213872919846	-0.0136305088862	0.0469527261412	-0.0609833973437	-0.030646824128	0.0156640346828	0.0265897034225	0.0247672340164	-0.0504917671494	-0.00699361129526	-0.00667219571906	-0.0146205642344	-0.00674222177438	-0.0545933002432	-0.103482359866
k__Bacteria;p__Actinobacteria;c__Actinobacteria;o__Bifidobacteriales;f__Bifidobacteriaceae;g__Bifidobacterium;s__Bifidobacterium_adolescentis	-0.0447414232085	0.0352452272896	0.00791903585128	0.00188986817741	-0.0296964258606	-0.0273470372612	-0.0370619837033	-0.0272096193795	0.0470991244306	0.0752559484161	-0.00426614960459	-0.0712745322205	-0.0530988142157	-0.00495607055918	-0.0467312281886	-0.00728735560612	-0.0289638804842	0.0440311024563	-0.0139470494106	-0.00268909279402	0.0225313257806	0.0213415892192	-0.040295247558	1.0	-0.0484279441242	0.0542380571641	-0.0498370408843	0.0507236151479	-0.0533195428627	-0.0528475605971	-0.0400651412015	-0.0950924431489	-0.0539755033493	0.00863174468076	-0.0402314152776	0.0496172802096	0.0188937414079	-0.00277654331052	-0.060911998517	0.030040154685	-0.0272786620152	0.0148362393024	-0.0973048072858	-0.0560335253297	0.0133519628239	0.0255808414381	-0.0784173375059	0.0276161523408	-0.0199383536455	0.0506759875103	-0.0227362608959	0.00609716773868	-0.0269498342604	-0.0214974533452	-0.022973979835	-0.0110752956651	0.0232064634811	-0.00272408224028	0.0665721338282
k__Bacteria;p__Firmicutes;c__Clostridia;o__Clostridiales;f__Oscillospiraceae;g__Oscillibacter;s__Oscillibacter_sp._KLE_1745	0.094432185283	0.000233182828578	0.00461046587402	-0.0517489794696	-0.0087673921619	-0.0136774189724	0.021513449478	-0.0262874415439	0.00680096133564	-0.015867806753	-0.0119434973522	0.0026151801718	-0.034668822441	-0.039308474726	-0.0298657178147	-0.0430473024781	0.0201856697613	-0.00491069961386	0.0230222682809	0.00553271665453	-0.0635538410181	0.0159632469102	0.00785894104938	-0.0484279441242	1.0	0.0226173592799	-0.0449603849876	-0.00535071288333	-0.0322613500202	-0.0413206475376	0.0048452918594	0.0440345503186	0.0379600347395	-0.0309570504584	-0.0136978746722	-0.0353380157931	-0.0221905396009	0.0161908916078	-0.00393993410287	-0.00874846556078	0.00117013204185	-0.0285866063588	-0.00397190098344	0.038088756324	0.00267093081474	-0.00983391849594	0.0167120307009	0.0330220387449	-0.04917498365	0.00177652537696	-0.0798024365837	0.0622624166614	-0.0471175187518	-0.0740148557979	-0.00661346898171	-0.0106987644771	0.0256896278217	-0.0198118077073	-0.012337361003
k__Bacteria;p__Bacteroidetes;c__Bacteroidia;o__Bacteroidales;f__Bacteroidaceae;g__Bacteroides;s__Bacteroides_coprophilus	0.0285227761095	0.0560394445448	-0.0489550475441	-0.0217957798118	-0.0537941321636	-0.0224642521493	0.0123801785331	0.100874297963	0.0103462851998	-0.0459381621455	0.0162623059407	0.0264829030789	0.0134909606669	-0.0508904782927	-0.0118761332503	-0.0326166726705	-0.00300947844956	-0.0416626532273	0.0609516681332	-0.0852284049118	0.0459754070919	-0.081696374291	0.0349148792581	0.0542380571641	0.0226173592799	1.0	-0.0282588665248	-0.0488204554553	-0.0128091605625	-0.0482836164574	0.038263478996	-0.00114874362782	0.004037478828	0.0111876943942	-0.0592744873228	-0.0419527723213	0.00442920670406	-0.0120018543688	-0.00652553057653	0.00092761131941	-0.008829787764	-0.0359978029447	-0.00137990923272	0.0272410280934	0.011016541104	0.0142099751652	-0.02508501759	-0.0212745164712	-0.0783571806247	-0.0205243249316	-0.0368185143065	0.08908517787	-0.0368128373801	-0.00631073290066	-0.0246956018941	-0.0174711030363	-0.0326370584322	0.0116023380757	-0.00886147733073
k__Bacteria;p__Firmicutes;c__Clostridia;o__Clostridiales;f__Lachnospiraceae;g__Roseburia;s__Roseburia_intestinalis	0.0251274369511	-0.0472457819523	0.0122663642807	-0.0348643318422	-0.0656765226947	-0.0185864625888	-0.0311429326981	-0.0300915169851	-0.0185506551319	0.0137875025513	-0.00729505264132	-0.062313514597	0.0795069444834	0.071664699743	0.0223952180313	0.00993822584168	0.00659493702844	-0.000548394436857	-0.0380196288837	-0.00192719810809	0.00963607435968	-0.0168816935697	-0.040297590197	-0.0498370408843	-0.0449603849876	-0.0282588665248	1.0	-0.00829487323208	0.0479146916276	-0.00213404619755	0.0207290790208	-0.0332976927753	-0.0256597128955	0.0460298110258	-0.0288448649934	-0.00411111780902	-0.0139727194217	0.00950687224146	0.000500178949577	-0.0149032860781	0.0163832387549	-0.00274755773254	-0.0272769595719	0.000827017008256	0.0145131926103	0.0108719965843	-0.0534894002179	0.0597057426002	-0.0204368579421	-0.0538864800521	0.0339233779421	-0.0605775516351	0.0284984265446	-0.0683077096225	0.101365883149	0.0110127845227	0.00362586269039	6.50770330415e-05	-0.0483580391321
k__Bacteria;p__Firmicutes;c__Clostridia;o__Clostridiales;f__Lachnospiraceae;g__Roseburia;s__Roseburia_hominis	-0.0346820392312	-0.00689553949747	-0.0244827285211	0.0236953308174	-0.0137040218204	-0.0504383134423	0.00684855584725	0.00567838476969	-0.0226627001416	0.006262894833	0.0361344507291	-0.052928243022	-0.0554442160415	-0.00977108542472	0.0625557059134	-0.00440299950804	0.0357015767227	0.0334556719818	0.00521949830029	0.0145628683678	0.0516818630363	-0.0637774573853	-0.0103104702644	0.0507236151479	-0.00535071288333	-0.0488204554553	-0.00829487323208	1.0	0.0153591367068	-0.0282258580984	-0.0507385385877	-0.00253227059032	0.0107308498963	0.0454327506747	0.00359953993444	0.0152193990766	-0.0477381409481	-0.006849353533	-0.0341852012306	-0.00994655859766	-0.0410107133154	0.0270169124006	-0.0116920957444	0.0101723525568	0.0264728278537	0.0517474201295	0.000287223806206	0.0787779239398	0.00506902423486	0.0258346070181	-0.00412756239545	-0.032675348717	-0.0350279050065	-0.0360388849758	0.0533301270123	0.00643870497755	-0.048263487682	0.0101003639146	-0.00478732457097
k__Bacteria;p__Bacteroidetes;c__Bacteroidia;o__Bacteroidales;f__Porphyromonadaceae;g__Parabacteroides;s__Parabacteroides_johnsonii	-0.00069306724393	0.000938369292932	-0.0272923084999	-0.00578994429858	-0.00169669309477	0.0126250248743	-0.0367178445237	-0.0316673569174	0.0258280320939	-0.0104264545138	0.0185141238455	-0.00709311956938	0.0358621487139	0.0183226301525	-0.00429847412479	-0.0668775305264	0.00799909686097	-0.0208833292708	-0.00878317325238	0.0146090522582	0.00487954431943	0.00363527082863	0.00783897958597	-0.0533195428627	-0.0322613500202	-0.0128091605625	0.0479146916276	0.0153591367068	1.0	0.0221495871398	0.0538004233311	-0.0132140429562	-0.00765704147172	-0.0262154100213	0.0359099246298	-0.00570896322535	0.0559391960156	-0.0268651614038	-0.0142323818117	0.0375654045273	-3.82925513408e-05	-0.00509693897285	0.0251250019717	-0.057550957361	-0.0111855440993	-0.00724080920446	0.0445219480796	-0.0488936106715	0.000634491285143	0.00292526768294	-0.0385655286524	0.0385036579114	-0.0418080281955	-0.00324451808212	0.0165016010119	-0.0279264260238	-0.0239471092846	-0.0198272586329	0.00435113981868
k__Bacteria;p__Actinobacteria;c__Actinobacteria;o__Bifidobacteriales;f__Bifidobacteriaceae;g__Bifidobacterium;s__Bifidobacterium_longum	-0.0293972794486	0.0153760641747	0.00719443064107	-0.0285579780534	-0.0263145560302	-0.060591739489	-0.0376312525636	-0.00870936487876	-0.0368674890915	-0.0108801519699	0.0509896467646	0.00324218144416	-0.0118566696029	-0.00493502793584	0.0373403218363	0.0384570348969	0.0237065371224	0.0105098888466	-0.00417221613295	-0.0496757267311	-0.0448143989361	0.00905737527455	0.00515641955781	-0.0528475605971	-0.0413206475376	-0.0482836164574	-0.00213404619755	-0.0282258580984	0.0221495871398	1.0	-0.00371296647106	0.0108448442123	-0.0176751242926	0.0508602943348	-0.0365981012465	0.00851293296483	-0.0502124915895	-0.00785396924601	0.00717007312555	0.0150739799459	-0.0371381474843	-0.0454376931386	0.0176343212014	0.0182492988346	0.00759594268479	-0.016224964174	0.0384733071877	-0.0210922494581	0.00392194850306	0.0373494565922	-0.0310283819222	-0.0554592623754	0.0321220840589	-0.0316569855914	-0.0258890935143	0.0480157672176	0.0244380185787	-0.0379342806524	0.0116800444799
