#taxonomy	k__Bacteria;p__Bacteroidetes;c__Bacteroidia;o__Bacteroidales;f__Bacteroidaceae;g__Bacteroides;s__Bacteroides_vulgatus	k__Bacteria;p__Bacteroidetes;c__Bacteroidia;o__Bacteroidales;f__Bacteroidaceae;g__Bacteroides;s__Bacteroides_uniformis	k__Bacteria;p__Bacteroidetes;c__Bacteroidia;o__Bacteroidales;f__Rikenellaceae;g__Alistipes;s__Alistipes_putredinis	k__Bacteria;p__Bacteroidetes;c__Bacteroidia;o__Bacteroidales;f__Prevotellaceae;g__Prevotella;s__Prevotella_copri	k__Bacteria;p__Bacteroidetes;c__Bacteroidia;o__Bacteroidales;f__Bacteroidaceae;g__Bacteroides;s__Bacteroides_stercoris	k__Bacteria;p__Bacteroidetes;c__Bacteroidia;o__Bacteroidales;f__Bacteroidaceae;g__Bacteroides;s__Bacteroides_ovatus	k__Bacteria;p__Bacteroidetes;c__Bacteroidia;o__Bacteroidales;f__Rikenellaceae;g__Alistipes;s__Alistipes_shahii	k__Bacteria;p__Firmicutes;c__Clostridia;o__Clostridiales;f__Ruminococcaceae;g__Faecalibacterium;s__Faecalibacterium_prausnitzii	k__Bacteria;p__Bacteroidetes;c__Bacteroidia;o__Bacteroidales;f__Rikenellaceae;g__Alistipes;s__Alistipes_finegoldii	k__Bacteria;p__Bacteroidetes;c__Bacteroidia;o__Bacteroidales;f__Porphyromonadaceae;g__Parabacteroides;s__Parabacteroides_distasonis	k__Bacteria;p__Bacteroidetes;c__Bacteroidia;o__Bacteroidales;f__Bacteroidaceae;g__Bacteroides;s__Bacteroides_thetaiotaomicron	k__Bacteria;p__Bacteroidetes;c__Bacteroidia;o__Bacteroidales;f__Bacteroidaceae;g__Bacteroides;s__Bacteroides_coprocola	k__Bacteria;p__Bacteroidetes;c__Bacteroidia;o__Bacteroidales;f__Bacteroidaceae;g__Bacteroides;s__Bacteroides_cellulosilyticus	k__Bacteria;p__Bacteroidetes;c__Bacteroidia;o__Bacteroidales;f__Rikenellaceae;g__Alistipes;s__Alistipes_obesi	k__Bacteria;p__Firmicutes;c__Clostridia;o__Clostridiales;f__Lachnospiraceae;g__;s__[Eubacterium]_rectale	k__Bacteria;p__Bacteroidetes;c__Bacteroidia;o__Bacteroidales;f__Bacteroidaceae;g__Bacteroides;s__Bacteroides_plebeius	k__Bacteria;p__Bacteroidetes;c__Bacteroidia;o__Bacteroidales;f__Bacteroidaceae;g__Bacteroides;s__Bacteroides_fragilis	k__Bacteria;p__Proteobacteria;c__Betaproteobacteria;o__Burkholderiales;f__Sutterellaceae;g__Sutterella;s__Sutterella_wadsworthensis	k__Bacteria;p__Bacteroidetes;c__Bacteroidia;o__Bacteroidales;f__Porphyromonadaceae;g__Barnesiella;s__Barnesiella_intestinihominis	k__Bacteria;p__Bacteroidetes;c__Bacteroidia;o__Bacteroidales;f__Odoribacteraceae;g__Odoribacter;s__Odoribacter_splanchnicus	k__Bacteria;p__Bacteroidetes;c__Bacteroidia;o__Bacteroidales;f__Bacteroidaceae;g__Bacteroides;s__Bacteroides_salyersiae	k__Bacteria;p__Firmicutes;c__Clostridia;o__Clostridiales;f__Ruminococcaceae;g__Ruminiclostridium;s__[Eubacterium]_siraeum	k__Bacteria;p__Proteobacteria;c__Betaproteobacteria;o__Burkholderiales;f__Sutterellaceae;g__Parasutterella;s__Parasutterella_excrementihominis	k__Bacteria;p__Actinobacteria;c__Actinobacteria;o__Bifidobacteriales;f__Bifidobacteriaceae;g__Bifidobacterium;s__Bifidobacterium_adolescentis	k__Bacteria;p__Firmicutes;c__Clostridia;o__Clostridiales;f__Oscillospiraceae;g__Oscillibacter;s__Oscillibacter_sp._KLE_1745	k__Bacteria;p__Bacteroidetes;c__Bacteroidia;o__Bacteroidales;f__Bacteroidaceae;g__Bacteroides;s__Bacteroides_coprophilus	k__Bacteria;p__Firmicutes;c__Clostridia;o__Clostridiales;f__Lachnospiraceae;g__Roseburia;s__Roseburia_intestinalis	k__Bacteria;p__Firmicutes;c__Clostridia;o__Clostridiales;f__Lachnospiraceae;g__Roseburia;s__Roseburia_hominis	k__Bacteria;p__Bacteroidetes;c__Bacteroidia;o__Bacteroidales;f__Porphyromonadaceae;g__Parabacteroides;s__Parabacteroides_johnsonii	k__Bacteria;p__Actinobacteria;c__Actinobacteria;o__Bifidobacteriales;f__Bifidobacteriaceae;g__Bifidobacterium;s__Bifidobacterium_longum	k__Bacteria;p__Firmicutes;c__Clostridia;o__Clostridiales;f__;g__Flavonifractor;s__Flavonifractor_plautii	k__Bacteria;p__Firmicutes;c__Clostridia;o__Clostridiales;f__Clostridiaceae;g__Clostridium;s__Clostridium_phoceensis	k__Bacteria;p__Verrucomicrobia;c__Verrucomicrobiae;o__Verrucomicrobiales;f__Akkermansiaceae;g__Akkermansia;s__Akkermansia_muciniphila	k__Bacteria;p__Bacteroidetes;c__Bacteroidia;o__Bacteroidales;f__Prevotellaceae;g__Paraprevotella;s__Paraprevotella_xylaniphila	k__Bacteria;p__Firmicutes;c__Clostridia;o__Clostridiales;f__Ruminococcaceae;g__Ruminococcus;s__Ruminococcus_callidus	k__Bacteria;p__Bacteroidetes;c__Bacteroidia;o__Bacteroidales;f__Rikenellaceae;g__Alistipes;s__Alistipes_senegalensis	k__Bacteria;p__Firmicutes;c__Clostridia;o__Clostridiales;f__Lachnospiraceae;g__Blautia;s__Blautia_sp._KLE_1732	k__Bacteria;p__Bacteroidetes;c__Bacteroidia;o__Bacteroidales;f__Bacteroidaceae;g__Bacteroides;s__Bacteroides_oleiciplenus	k__Bacteria;p__Firmicutes;c__Clostridia;o__Clostridiales;f__Ruminococcaceae;g__Ruminococcus;s__Ruminococcus_bicirculans	k__Bacteria;p__Bacteroidetes;c__Bacteroidia;o__Bacteroidales;f__Bacteroidaceae;g__Bacteroides;s__Bacteroides_fluxus	k__Bacteria;p__Bacteroidetes;c__Bacteroidia;o__Bacteroidales;f__Prevotellaceae;g__Prevotella;s__Prevotella_stercorea	k__Bacteria;p__Firmicutes;c__Clostridia;o__Clostridiales;f__Lachnospiraceae;g__Dorea;s__Dorea_longicatena	k__Bacteria;p__Firmicutes;c__Clostridia;o__Clostridiales;f__Eubacteriaceae;g__Eubacterium;s__[Eubacterium]_eligens	k__Bacteria;p__Firmicutes;c__Clostridia;o__Clostridiales;f__Ruminococcaceae;g__;s__Ruminococcaceae_bacterium_D16	k__Bacteria;p__Firmicutes;c__Clostridia;o__Clostridiales;f__Lachnospiraceae;g__Coprococcus;s__Coprococcus_comes	k__Bacteria;p__Proteobacteria;c__Gammaproteobacteria;o__Enterobacterales;f__Enterobacteriaceae;g__Escherichia;s__Escherichia_coli	k__Bacteria;p__Firmicutes;c__Clostridia;o__Clostridiales;f__Ruminococcaceae;g__Anaerotruncus;s__Anaerotruncus_colihominis	k__Bacteria;p__Firmicutes;c__Clostridia;o__Clostridiales;f__Lachnospiraceae;g__Blautia;s__Blautia_obeum	k__Bacteria;p__Bacteroidetes;c__Bacteroidia;o__Bacteroidales;f__Odoribacteraceae;g__Odoribacter;s__Odoribacter_laneus	k__Bacteria;p__Firmicutes;c__Clostridia;o__Clostridiales;f__Ruminococcaceae;g__Ruminiclostridium;s__[Clostridium]_leptum	k__Bacteria;p__Bacteroidetes;c__Bacteroidia;o__Bacteroidales;f__Porphyromonadaceae;g__Parabacteroides;s__Parabacteroides_goldsteinii	k__Bacteria;p__Firmicutes;c__Clostridia;o__Clostridiales;f__Lachnospiraceae;g__Anaerostipes;s__Anaerostipes_hadrus	k__Bacteria;p__Firmicutes;c__Clostridia;o__Clostridiales;f__Ruminococcaceae;g__Ruminococcus;s__Ruminococcus_lactaris	k__Bacteria;p__Firmicutes;c__Clostridia;o__Clostridiales;f__Clostridiaceae;g__Clostridium;s__Clostridium_sp._L2-50	k__Bacteria;p__Firmicutes;c__Clostridia;o__Clostridiales;f__Clostridiaceae;g__Clostridium;s__Clostridium_sp._M62/1	k__Bacteria;p__Firmicutes;c__Clostridia;o__Clostridiales;f__;g__Intestinimonas;s__Intestinimonas_butyriciproducens	k__Bacteria;p__Actinobacteria;c__Actinobacteria;o__Bifidobacteriales;f__Bifidobacteriaceae;g__Bifidobacterium;s__Bifidobacterium_bifidum	k__Bacteria;p__Firmicutes;c__Negativicutes;o__Veillonellales;f__Veillonellaceae;g__Dialister;s__Dialister_invisus	k__Bacteria;p__Bacteroidetes;c__Bacteroidia;o__Bacteroidales;f__Bacteroidaceae;g__Bacteroides;s__Bacteroides_salanitronis
k__Bacteria;p__Bacteroidetes;c__Bacteroidia;o__Bacteroidales;f__Bacteroidaceae;g__Bacteroides;s__Bacteroides_vulgatus	1.0	0.0115670037881	-0.0205426391793	0.019712328206	-0.0185586473287	0.0241706243981	-0.0232691397297	0.0162575395876	0.0304776985015	-0.0161310813476	-0.042938188393	0.0236462034191	-0.0394688246828	-0.00897247934787	0.00458946844529	0.00743001653874	-0.0707165365404	0.0329308747921	0.0179147554412	-0.0169170405639	-0.0279148805751	-0.0214342777466	0.034655660913	-0.00444540615517	-0.0125118614197	0.0344386929306	-0.0438690033469	-0.0463496349114	-0.0204216975538	-0.00503503378955	0.00777522164695	0.0405586592698	-0.0287260149169	-0.0117609914803	-0.0240075987865	0.0702752661022	-0.0205968242891	-0.0272899936351	0.0513594974073	-0.0590944256813	0.0314508892789	0.00760765870411	0.0146961079491	-0.00460268870513	-0.047493109195	0.0159747555784	-0.00826289553692	0.0350717168056	0.00148303054276	-0.0227004553072	-0.0558597718976	-0.00981178923425	-0.00770207725728	-0.00328797686971	0.00608381109018	-0.0616726690422	0.00242743276588	-0.0667981110741	0.00608766585099
k__Bacteria;p__Bacteroidetes;c__Bacteroidia;o__Bacteroidales;f__Bacteroidaceae;g__Bacteroides;s__Bacteroides_uniformis	0.0115670037881	1.0	-0.06545825329	0.00242113296734	-0.0249055354344	-0.0522426403449	-0.00678614914882	0.0362640849748	-0.0438329252083	-0.0101818318909	-8.24538086501e-05	0.0404983607874	0.0236161199917	0.0537510947982	-0.0372323165089	-0.00490414111743	0.0141698388229	0.0144624564871	-0.0192922772205	-0.0126523727251	0.0180270359972	0.055498779499	-0.0486326731523	0.0788000725584	-0.00302090985398	0.012053394588	-0.029446050196	-0.0469628872813	-0.0317409802326	-0.00551998193813	0.0134573134959	0.0272693478647	-0.0398441447744	0.0343481383187	0.0661049357148	-0.02970006571	0.00646934266574	0.0176970289655	0.00709720780085	0.024439467117	0.00128580402612	-0.117786340128	0.013348468141	0.0378976450054	0.0349459054229	-0.0196043333645	0.00438366195126	-0.0603894761865	0.00759801122265	-0.0309285109724	-0.0182266210766	-0.0371809938759	-0.0614718320006	-0.00378164729225	0.0771683626161	0.046245536614	-0.0263849214262	-0.0843889729416	-0.0161539197662
k__Bacteria;p__Bacteroidetes;c__Bacteroidia;o__Bacteroidales;f__Rikenellaceae;g__Alistipes;s__Alistipes_putredinis	-0.0205426391793	-0.06545825329	1.0	0.0553083029164	-0.00731841999976	0.00572352114229	-0.0394299242861	0.0213332395703	-0.00796298399353	-0.00760682034743	-0.0708602315285	0.00605532583341	-0.0302405374727	0.000462511566186	0.032068350379	-0.0549690794054	0.0243283420481	0.0303722228666	0.0668737771722	-0.0216715740595	-0.0197081276333	-0.0349285681194	-0.0402644773328	-0.0126603887437	-0.027048292145	-0.0101553308582	-0.0273414823118	-0.00674181896283	-0.0373964469903	0.0635418734548	0.037738018245	-0.019648466677	0.0444198938422	-0.0699242712206	-0.060793381495	0.0216079622942	-0.0138431862158	0.053126045279	0.0280171209305	0.0552128602735	-0.0407297859588	-0.0617481564235	-0.0185557336948	0.0216762106363	-0.0440920147762	0.0016855127466	-0.00359155190177	-0.0302645400119	-0.0459669670278	-0.103016450591	-0.0259359967189	0.0015121039473	-0.0442862299252	0.00250664870562	0.00446153624665	0.0334906883314	-0.0109151779072	0.0320902093768	-0.07212368171
k__Bacteria;p__Bacteroidetes;c__Bacteroidia;o__Bacteroidales;f__Prevotellaceae;g__Prevotella;s__Prevotella_copri	0.019712328206	0.00242113296734	0.0553083029164	1.0	0.0138663953008	-0.0250818361593	-0.0250129549674	-0.00153824844318	0.0108479268365	-0.0021325132725	-0.0291520938835	0.0308197187469	0.086046296804	-0.024777471749	-0.010160760688	-0.05267674639	-0.0715870776308	0.012521740482	-0.0277832573951	0.0557809008718	0.0118751064114	0.0115547137466	-0.00926149285767	0.0387755726508	-0.0262742758627	-0.0265347069782	0.0280433176041	0.0246848925178	-0.0910990244879	-0.0677113435598	0.00304966945299	-0.0562350694505	-0.00737405533579	-0.0254623894244	0.0412955194159	-0.00344132209472	0.0179297251115	-0.0221915107278	-0.0148230917107	0.0792859413538	-0.00630258378257	0.0651508732717	-0.00220458975032	0.0283927771426	0.0177083256204	-0.0225404166083	-0.0203497640061	0.0138938523301	0.0109810467011	-0.0319532228715	-0.0117686216109	0.00327398041514	-0.0644837832637	-0.0591272125503	0.0536414288929	0.0199349061415	-0.0437685270325	0.038146271734	-0.0218763994328
k__Bacteria;p__Bacteroidetes;c__Bacteroidia;o__Bacteroidales;f__Bacteroidaceae;g__Bacteroides;s__Bacteroides_stercoris	-0.0185586473287	-0.0249055354344	-0.00731841999976	0.0138663953008	1.0	0.0216103781234	-0.070830382264	-0.0578230827166	-0.0702637040872	0.0123212803744	0.00917957676048	0.00490723007965	0.0471051624095	-0.00120275787336	-0.00170157213208	0.067441556141	-0.0356262298317	0.0126911507348	-0.0736161824549	-0.0116763819123	-0.038952650385	-0.0307464932774	-0.0247386356667	-0.0262025879635	0.0103094259427	0.0909464429126	-0.0207272682243	-0.0423697055026	0.0174891993398	-0.0599246550795	-0.0606971459089	0.000185746982353	-0.0455905404469	0.0554719432858	0.0299866175441	0.040541491087	-0.0562323088537	-0.0468850261137	0.0452373495868	-0.0740385933934	-0.0587854091452	-0.00128689203229	-0.0236086150204	-0.0142760258279	-0.0203963234404	-0.0388780251201	0.0317683546482	0.0133946158403	-0.0347064170327	-0.00629929547546	0.0409447608937	0.0272954662979	-0.0570407315653	-0.044205693939	-0.0464307661749	-0.0196413656415	-0.019192569634	-0.0368892498046	-0.0268193633554
k__Bacteria;p__Bacteroidetes;c__Bacteroidia;o__Bacteroidales;f__Bacteroidaceae;g__Bacteroides;s__Bacteroides_ovatus	0.0241706243981	-0.0522426403449	0.00572352114229	-0.0250818361593	0.0216103781234	1.0	-0.0269703933571	-0.010773543632	-0.000412423610013	0.0531861925881	-0.0421470228625	-0.0124530332837	-0.0148982032431	0.0132545403014	-0.0370044553721	0.0361011280938	-0.015250628257	-0.0590791766773	0.0126330470881	-0.0425575514041	-0.00228185062469	-0.0108339191903	-0.00931467253985	0.0134756891935	-0.0223542153869	0.0255750815422	0.00929098139838	0.0161561261111	0.0134000779453	0.0236293578227	-0.00162384820028	0.0247892247201	0.00722773819138	0.043562618186	-0.0062931353435	-0.0209433076629	-0.0354326235028	-0.0315654424993	-0.0477348390192	-0.0223267178902	0.0146514654935	-0.0640474819035	-0.0126766706603	-0.00940813303772	-0.0262190088517	0.0313359345574	-0.00681617916422	0.0367892874192	-0.0109627946847	0.00120084277722	-0.089251985992	-0.0229311469881	-0.0414541687637	0.000567654328683	-0.0112663919143	0.0634520190486	0.05820014025	0.0189663677543	0.0562948298383
k__Bacteria;p__Bacteroidetes;c__Bacteroidia;o__Bacteroidales;f__Rikenellaceae;g__Alistipes;s__Alistipes_shahii	-0.0232691397297	-0.00678614914882	-0.0394299242861	-0.0250129549674	-0.070830382264	-0.0269703933571	1.0	0.0112746422237	-0.0165119792584	0.0113646813518	0.018791639823	-0.0590489402618	-0.0384560397506	-0.00893209452748	-0.046513903506	-0.0809667502554	-0.0172988012834	-0.0512362880533	-0.0195012204469	0.0140699359959	-0.0369844500968	-0.0122768508033	-0.00146406776532	-0.0250992846255	-0.0348245236948	0.00643586967463	-0.00564598549155	0.0430354477873	0.00865596865351	-0.0280367140547	0.00993757008779	-0.0196393713515	-0.0206228861655	-0.0395271438683	0.097810785973	-0.0300062699411	0.0495860823827	-0.0283123503419	-0.0217908076973	0.0629704407731	-0.0789997197641	-0.00702909421703	-0.0167798240348	0.0617797448798	-0.0276141358225	0.0036786672176	0.00229267701833	-0.0207059033969	0.021838739976	-0.0215102556944	-0.0268334018673	0.0392391387794	0.0129321996811	0.0158349679578	0.00654379693997	-0.0134741977186	-0.0266491640931	0.0144547507939	-0.0133239357927
k__Bacteria;p__Firmicutes;c__Clostridia;o__Clostridiales;f__Ruminococcaceae;g__Faecalibacterium;s__Faecalibacterium_prausnitzii	0.0162575395876	0.0362640849748	0.0213332395703	-0.00153824844318	-0.0578230827166	-0.010773543632	0.0112746422237	1.0	-0.0265364843156	-0.0350465526338	-0.0248962154508	0.0260466291381	-0.0108072201376	0.099485592759	0.0764850676009	-0.0318511903563	-0.0464078795581	0.00247238151669	-0.00541402308418	0.0415943499054	0.0389627438048	0.0230470272587	-0.0357164146789	-0.107690116865	-0.0393380978497	0.0299498532582	0.0208584403523	-0.00537080719153	-0.0669773806074	-0.0398584926995	-0.0229888536497	-0.0416215837978	-0.014188159464	-0.0138798586506	-0.0285455580768	0.0251279936043	-0.0854663619141	-0.0444722049291	0.00168004959438	0.0594225714097	-0.0400033177883	-0.0045665065854	-0.0189232791009	0.0268334698488	0.0146470028903	-0.00690825211695	-0.0131513127355	-0.0361395573755	-0.0489641499656	0.00383617016116	-0.0531936151008	-0.0619961024849	-0.0211575187891	0.0276475081406	-0.00274126106159	-0.00405498054441	-0.00508219718852	0.0451022279441	0.00376956926806
k__Bacteria;p__Bacteroidetes;c__Bacteroidia;o__Bacteroidales;f__Rikenellaceae;g__Alistipes;s__Alistipes_finegoldii	0.0304776985015	-0.0438329252083	-0.00796298399353	0.0108479268365	-0.0702637040872	-0.000412423610013	-0.0165119792584	-0.0265364843156	1.0	-0.0628268227008	0.00460897920869	-0.0157449855678	0.00461072365785	-0.013811603318	0.0618059936373	0.0310281719512	0.00261318303063	0.0666910244758	-0.0128451067008	-0.0244889332292	-0.0225185272785	-0.0255921813424	-0.0194246303205	0.0304469151848	-0.0629015842864	-0.0323675462521	-0.0734887574781	-0.0323442507099	0.0303487611039	0.0113597293387	0.0165781096376	0.0214030963067	-0.00615090160259	-0.0379472753386	-0.0332783371758	-0.0210984559719	-0.0232875335524	0.0387992353458	0.0281597869566	0.0467529598507	0.00794674349817	-0.0184633074388	-0.0479395869558	-0.0662732388387	0.00807795418516	0.0544781131762	0.00704165151884	0.00754807536485	0.00611627727234	0.00834187545506	-0.0186194879224	-0.00728214990976	0.0152858927631	0.0133316207369	0.0136004044699	-0.0196189690502	0.0601581286664	0.0514278076257	-0.0266982018082
k__Bacteria;p__Bacteroidetes;c__Bacteroidia;o__Bacteroidales;f__Porphyromonadaceae;g__Parabacteroides;s__Parabacteroides_distasonis	-0.0161310813476	-0.0101818318909	-0.00760682034743	-0.0021325132725	0.0123212803744	0.0531861925881	0.0113646813518	-0.0350465526338	-0.0628268227008	1.0	0.0408228071045	-0.0220779663779	-0.0237129090338	0.0357193821711	0.0066730359694	-0.0285906694034	-0.0142959463951	0.00111562082463	-0.0448312443244	0.0409868490918	-0.0629738274998	-0.0245218129513	0.0206493210286	0.0284991373256	-0.0688068338083	-0.0528487476746	0.0361681880296	-0.0247508316965	0.0359298844734	-0.0114579065416	-0.0165955732302	-0.0199312699708	0.00321228102875	0.0495412560486	-0.0219749923487	-0.0250583876639	0.0296075981243	-0.0565430527535	-0.025673178253	0.0376629792826	0.0429370466689	-0.041289558427	-0.0554547424613	0.00353732390719	-0.0168570549277	-0.02263019788	-0.0122916065363	0.00274138550681	-0.00949196027357	0.0475753553511	-0.0586137252477	0.0102599905006	-0.014935725778	-0.0586697006382	-0.0300881354826	-0.014854075529	-0.025459830251	-0.0538904701716	0.0432068286286
k__Bacteria;p__Bacteroidetes;c__Bacteroidia;o__Bacteroidales;f__Bacteroidaceae;g__Bacteroides;s__Bacteroides_thetaiotaomicron	-0.042938188393	-8.24538086501e-05	-0.0708602315285	-0.0291520938835	0.00917957676048	-0.0421470228625	0.018791639823	-0.0248962154508	0.00460897920869	0.0408228071045	1.0	0.0132285835451	-0.00227180912699	-0.0283107995681	-0.0314810370948	0.0282234872133	-0.0204232253043	-0.00296044223256	-0.104503231555	0.0740363297831	-0.00624376386527	-0.020323386142	-0.00845656175051	-0.0189563014481	0.0556269739622	-0.00787631818098	-0.00724863979995	-0.0336916837087	0.0394999717368	0.00441726398872	-0.00420382706109	-0.0593792609884	0.0418593824339	-0.0192168592226	-0.0628452578959	-0.0284977992715	-0.00434980737161	0.03544292037	-0.00958702242373	-0.00358926299566	-0.0097979796512	-0.0271528147396	0.022683976164	-0.0372905072408	-0.0244115447476	-0.0514423782653	0.0416958111322	0.0381478168947	0.0131279321445	-0.0443504616816	0.00334222348366	0.00124062728439	0.0108748881834	-0.0101388178171	-0.0176527489108	-0.00777168833594	0.0240431717172	-0.0243154205526	-0.00481450646725
k__Bacteria;p__Bacteroidetes;c__Bacteroidia;o__Bacteroidales;f__Bacteroidaceae;g__Bacteroides;s__Bacteroides_coprocola	0.0236462034191	0.0404983607874	0.00605532583341	0.0308197187469	0.00490723007965	-0.0124530332837	-0.0590489402618	0.0260466291381	-0.0157449855678	-0.0220779663779	0.0132285835451	1.0	-0.0021241749369	-0.00293077437421	0.00506645564112	-0.0747567411694	-0.00727564783941	-0.0232490477736	0.0170913279729	-0.0312612732094	0.0139327539056	0.0992724042577	-0.00867406044504	-0.0187297123863	-0.0157425254088	-0.0506443141488	-0.013043304618	0.00274303644709	-0.0430797620481	-0.0402259001661	0.0859753868181	-0.0415526004154	-0.0136148299423	0.00681473332636	-0.00518025008206	-0.0242354797634	-0.0403753233105	-0.00420262252175	0.0280450692969	-0.0614450000639	0.00886669348163	0.0202463769082	-0.0777743519474	0.0491177833662	-0.0362307424401	0.00195608219492	-0.014317011942	-0.0451527389605	-0.0386727264294	0.0254626658326	0.00855276488443	0.00313851603021	-0.0088890264133	-0.0425770818499	0.00620775735439	-0.00884331053571	0.0243500930209	-0.0355803828964	-0.00807007067737
k__Bacteria;p__Bacteroidetes;c__Bacteroidia;o__Bacteroidales;f__Bacteroidaceae;g__Bacteroides;s__Bacteroides_cellulosilyticus	-0.0394688246828	0.0236161199917	-0.0302405374727	0.086046296804	0.0471051624095	-0.0148982032431	-0.0384560397506	-0.0108072201376	0.00461072365785	-0.0237129090338	-0.00227180912699	-0.0021241749369	1.0	-0.0353999584573	-0.0122672889973	-0.027940543063	0.0350147041028	0.064125515161	-0.0555312335458	-0.00920734626637	0.0325137205058	0.0158742407962	-0.0366361276945	-0.0509970078844	0.0120009038263	0.0509444111233	-0.01170063791	-0.0336360174995	0.00320805162185	0.0215755180769	-0.0311204867922	0.00380923503384	0.0547732903444	0.0487307393544	-0.0151737764824	-0.00375602097528	0.0239119864797	-0.0100387959808	0.0407653739587	-0.0279187844229	-0.0247505452864	0.0132524785837	-0.025648173231	-0.0785114830252	-0.0510222567175	-0.0160595646656	0.0191275886521	-0.0243091441669	-0.00723121605618	-0.0201737161202	-0.0278993585458	-0.00513720029768	0.00259710165837	-0.0315142060066	0.00440158921986	0.0637856673507	-0.0586548572404	-0.0113233632787	-0.0437127374448
k__Bacteria;p__Bacteroidetes;c__Bacteroidia;o__Bacteroidales;f__Rikenellaceae;g__Alistipes;s__Alistipes_obesi	-0.00897247934787	0.0537510947982	0.000462511566186	-0.024777471749	-0.00120275787336	0.0132545403014	-0.00893209452748	0.099485592759	-0.013811603318	0.0357193821711	-0.0283107995681	-0.00293077437421	-0.0353999584573	1.0	-0.0733302343198	-0.0694728274107	-0.0806300504836	0.0595760911081	0.00418678823106	0.0612865639916	0.00435435076411	0.00449445960626	-0.0483174319557	-0.0557945886386	0.0345123704139	-0.0444098424725	-0.0029043225276	-0.0204038172439	0.0208380118536	-0.0195731474407	0.0261161472122	0.0368811378273	-0.0445885558359	-0.0652774879109	0.0327702905593	-0.0347729393452	-0.043221808182	-0.0566297631012	0.00513124445877	-0.00201249931065	-0.000735049132777	-0.0284626393845	-0.0286260991625	0.0324457683429	-0.0601752483445	0.0498718745573	-0.0266736272385	-0.0357881978717	0.0126932717779	2.63976736089e-05	0.00762390090965	0.052388679676	0.0102983454266	-0.0690995879144	0.0459471440299	-0.0073788922337	-0.0102002360392	-0.103652333221	0.00116910775841
k__Bacteria;p__Firmicutes;c__Clostridia;o__Clostridiales;f__Lachnospiraceae;g__;s__[Eubacterium]_rectale	0.00458946844529	-0.0372323165089	0.032068350379	-0.010160760688	-0.00170157213208	-0.0370044553721	-0.046513903506	0.0764850676009	0.0618059936373	0.0066730359694	-0.0314810370948	0.00506645564112	-0.0122672889973	-0.0733302343198	1.0	0.00130871448407	0.0613081857386	-0.0598753670679	0.0374002977316	0.0407341496764	0.0414734052808	-0.0161255754818	-0.00964581316223	-0.00795340612033	-0.0424238248542	-0.045118216728	-0.0314625375321	0.0314826434189	-0.0163228399934	-0.00545863813726	0.0352151374405	-0.067737815051	-0.0343946826551	-0.0240505468486	-0.0621249121088	-0.0132915775866	0.0141642889982	0.0103312347246	-0.0318375353347	-0.0550825850259	0.016010772149	0.0630310644848	-0.0443614605252	-0.00677972656628	0.00548930868972	0.00658155879652	0.0328121337616	-0.00784547734385	-0.0102568251575	0.0241014876079	-0.0624432191649	-0.0457346076292	-0.00836103269018	-0.0305305020629	-0.0596234318698	-0.024796706644	0.0548964479573	0.00400080162384	-0.00344014766503
k__Bacteria;p__Bacteroidetes;c__Bacteroidia;o__Bacteroidales;f__Bacteroidaceae;g__Bacteroides;s__Bacteroides_plebeius	0.00743001653874	-0.00490414111743	-0.0549690794054	-0.05267674639	0.067441556141	0.0361011280938	-0.0809667502554	-0.0318511903563	0.0310281719512	-0.0285906694034	0.0282234872133	-0.0747567411694	-0.027940543063	-0.0694728274107	0.00130871448407	1.0	0.00149860023996	-0.0147861618002	-0.0485598614591	-0.00453242531961	-0.0428243531418	-0.0349892614169	-0.021161673347	-0.0153815118787	0.0677705392098	-0.0742201507464	-0.00476605773578	0.0382860434386	0.0220629841449	0.0708146596333	-0.00827756436905	-0.0637684770693	0.000499506147683	-0.0173297438389	-0.0474389158893	0.00493049697215	0.0435612343769	0.0210304286123	0.0341712025796	-0.0290538883986	0.062079132839	-0.083579051976	-0.0223821327372	-0.0646410623779	0.0514335629442	-0.0308401327802	0.0122680039932	-0.0507995859524	-0.022171730063	0.0646435418136	-0.0146450398056	-0.027796538832	0.0244707724638	-0.0544147714831	-0.0536994842286	-0.0248534515824	0.0658789915274	0.00987091249541	0.00626527579628
k__Bacteria;p__Bacteroidetes;c__Bacteroidia;o__Bacteroidales;f__Bacteroidaceae;g__Bacteroides;s__Bacteroides_fragilis	-0.0707165365404	0.0141698388229	0.0243283420481	-0.0715870776308	-0.0356262298317	-0.015250628257	-0.0172988012834	-0.0464078795581	0.00261318303063	-0.0142959463951	-0.0204232253043	-0.00727564783941	0.0350147041028	-0.0806300504836	0.0613081857386	0.00149860023996	1.0	-0.0102497882156	-0.0388509734579	-0.0429521915558	0.012459260485	-0.0325598746374	0.00388633888878	0.0620531175899	0.0241519499501	-0.0308689958716	-0.0513581395548	0.053922645411	0.0441277082949	0.0650368305546	-0.0640162212827	0.0433238827589	0.00712149060111	-0.00802994091743	-0.0673314417661	0.025586413459	0.0201782578836	0.0113487604823	-0.0307488923391	0.0109642252234	-0.0445075652689	-0.0463408983995	-0.0113148715594	-0.0396071176581	-0.0233798138225	0.00373004784597	0.087550749209	0.0214466570925	-0.0258577724186	0.0176369699318	0.00902879751734	0.00261611024549	-0.0341383920169	0.030930852877	-0.0376064217433	-0.0344606270405	-0.043506721286	-0.0463435170421	0.078632372635
k__Bacteria;p__Proteobacteria;c__Betaproteobacteria;o__Burkholderiales;f__Sutterellaceae;g__Sutterella;s__Sutterella_wadsworthensis	0.0329308747921	0.0144624564871	0.0303722228666	0.012521740482	0.0126911507348	-0.0590791766773	-0.0512362880533	0.00247238151669	0.0666910244758	0.00111562082463	-0.00296044223256	-0.0232490477736	0.064125515161	0.0595760911081	-0.0598753670679	-0.0147861618002	-0.0102497882156	1.0	0.0253845253027	0.0245434376051	-0.0118656716097	0.0397489312949	0.0133040207572	-0.0314789642359	-0.0962215478712	0.0127100967187	-0.0453760988948	-0.0226755738286	0.0289201041653	0.0227131315107	-0.0464769914498	-0.0414653176772	0.0637437862326	-0.0117096605204	-0.034199773761	-0.00284233821003	0.0113850218812	-0.0166309165206	-0.0392435670337	0.0451475609225	-0.00757164187615	-0.0709815573356	0.0154811480148	-0.0633368511219	0.0426668926952	-0.0247824574355	-0.07195279452	0.0209745859858	-0.0140641352046	-0.0123687201701	0.0203198375651	0.013910755903	-0.0105400101321	-0.0200164702929	-0.0176673771162	0.0077725440171	-0.0262840359429	-0.00414288174841	-0.00661809689216
k__Bacteria;p__Bacteroidetes;c__Bacteroidia;o__Bacteroidales;f__Porphyromonadaceae;g__Barnesiella;s__Barnesiella_intestinihominis	0.0179147554412	-0.0192922772205	0.0668737771722	-0.0277832573951	-0.0736161824549	0.0126330470881	-0.0195012204469	-0.00541402308418	-0.0128451067008	-0.0448312443244	-0.104503231555	0.0170913279729	-0.0555312335458	0.00418678823106	0.0374002977316	-0.0485598614591	-0.0388509734579	0.0253845253027	1.0	-0.00717132968486	-0.0451046539781	0.0218312784407	-0.0306311387283	0.046698037473	0.014045528846	0.0439191270721	-0.0271459423581	-0.0129469716591	0.0365572211765	0.0490376540342	0.00226408914171	-0.0373171870967	0.0262597947557	0.0200694112908	-0.0269488998813	0.000142989241053	-0.0451694594706	0.00607057100258	0.0397446989519	-0.0142389994657	0.0184334211209	-0.0117414032805	-0.0131393684358	0.0460519437676	0.000104519522021	0.0150687968858	-0.0909733651771	0.0325984988333	0.0389286797108	-0.00570854859926	0.0485420100475	-0.0746305096539	0.00320071434615	-0.0246666834089	-0.0672138048778	0.0273270220838	0.0592615873188	-0.0272278005213	0.0339498046214
k__Bacteria;p__Bacteroidetes;c__Bacteroidia;o__Bacteroidales;f__Odoribacteraceae;g__Odoribacter;s__Odoribacter_splanchnicus	-0.0169170405639	-0.0126523727251	-0.0216715740595	0.0557809008718	-0.0116763819123	-0.0425575514041	0.0140699359959	0.0415943499054	-0.0244889332292	0.0409868490918	0.0740363297831	-0.0312612732094	-0.00920734626637	0.0612865639916	0.0407341496764	-0.00453242531961	-0.0429521915558	0.0245434376051	-0.00717132968486	1.0	-0.00834963916555	-0.0259947073743	-0.0361120413558	-0.0146657533088	-0.0256705489527	-0.0138122468445	0.00283213985051	-0.00373558238094	-0.0574628767425	0.0129831139629	-0.0215772856206	-0.0430672750025	-0.0580741475348	0.0301546453799	0.00135861239158	-0.0136192530086	0.0220587837867	0.042296724507	0.00891353179474	0.00140872554975	0.00789943064589	-0.0526887528684	-0.0528534095825	0.06275532311	-0.0643922951755	0.0242831227278	-0.037510546209	0.0666828599823	0.0719662044643	-0.00333446482715	0.0260718477737	-0.0874564078464	-0.0999658366838	0.000841702352774	0.0344703529644	-0.00717043953655	-0.0220280549282	0.0151895899378	0.0450715171628
k__Bacteria;p__Bacteroidetes;c__Bacteroidia;o__Bacteroidales;f__Bacteroidaceae;g__Bacteroides;s__Bacteroides_salyersiae	-0.0279148805751	0.0180270359972	-0.0197081276333	0.0118751064114	-0.038952650385	-0.00228185062469	-0.0369844500968	0.0389627438048	-0.0225185272785	-0.0629738274998	-0.00624376386527	0.0139327539056	0.0325137205058	0.00435435076411	0.0414734052808	-0.0428243531418	0.012459260485	-0.0118656716097	-0.0451046539781	-0.00834963916555	1.0	0.00114281894514	0.0231237856303	-0.0302139036149	0.0307175668798	0.0160124878357	-0.00407985372572	0.0315369167506	-0.0298241608775	-0.0883048454635	0.00418651097845	0.0283477892564	-0.0377984790615	-0.0106122185676	0.0152063983402	0.00972667585887	0.0163088223515	0.0147305630256	0.0205512124909	0.0463106088839	-0.0536778894861	0.0393451516446	-0.0142470452613	-0.0514543300932	-0.0462176304047	-0.0920449485906	0.0173637773559	-0.0668183971477	-0.0386746735935	0.00433416829833	0.00898928609017	0.000284298768512	0.00552423242709	0.031850241095	-0.00851304145643	-0.0232344230123	-0.015973268472	-0.0226906317163	-0.101629061804
k__Bacteria;p__Firmicutes;c__Clostridia;o__Clostridiales;f__Ruminococcaceae;g__Ruminiclostridium;s__[Eubacterium]_siraeum	-0.0214342777466	0.055498779499	-0.0349285681194	0.0115547137466	-0.0307464932774	-0.0108339191903	-0.0122768508033	0.0230470272587	-0.0255921813424	-0.0245218129513	-0.020323386142	0.0992724042577	0.0158742407962	0.00449445960626	-0.0161255754818	-0.0349892614169	-0.0325598746374	0.0397489312949	0.0218312784407	-0.0259947073743	0.00114281894514	1.0	-0.0568508926621	-0.0123444211094	-0.0772991266594	-0.0575729019513	-0.0129558180325	-0.0296896729054	-0.0236859108395	0.0590190421391	0.0220766524297	-0.0306851965347	-0.0634308874052	0.0367518193265	0.0167684282561	-0.0663364916001	-0.0481506096043	0.0128141696776	-0.0579142102652	0.0469536742474	-0.00365684332447	0.0525371777357	0.0331209601642	-0.0684957307224	0.0516326067322	-0.0128603562225	-0.0141305558019	0.00933163411717	-0.027177200122	0.00127161774086	-0.0202447681986	0.00478563281715	0.0103389921143	-0.00889481501342	-0.00148370184249	-0.0183244812624	-0.036053047897	-0.00297203148285	-0.0188966188904
k__Bacteria;p__Proteobacteria;c__Betaproteobacteria;o__Burkholderiales;f__Sutterellaceae;g__Parasutterella;s__Parasutterella_excrementihominis	0.034655660913	-0.0486326731523	-0.0402644773328	-0.00926149285767	-0.0247386356667	-0.00931467253985	-0.00146406776532	-0.0357164146789	-0.0194246303205	0.0206493210286	-0.00845656175051	-0.00867406044504	-0.0366361276945	-0.0483174319557	-0.00964581316223	-0.021161673347	0.00388633888878	0.0133040207572	-0.0306311387283	-0.0361120413558	0.0231237856303	-0.0568508926621	1.0	-0.00583880333423	-0.0265022103465	-0.0478722598511	0.0143543757003	0.0359941852435	-0.00594603025234	-0.0769524836883	0.0150609276927	-0.037025498733	-0.0204846281855	0.00806905972493	-0.0741384670912	-0.041356764884	-0.0285447166799	0.0589514139359	0.00695279184079	0.00965356322416	-0.00264618040183	0.0103077443983	0.0511948360697	0.0144530163807	0.0562709907028	-0.0140658929603	0.0111085394	0.0429227124591	0.0313166312768	-0.00530996639929	-0.0158652057057	-0.048231286821	-0.026455738565	-0.0469650457569	-0.033011731141	-0.0376525280042	0.0276436993746	-0.0222983066876	0.0563369522252
k__Bacteria;p__Actinobacteria;c__Actinobacteria;o__Bifidobacteriales;f__Bifidobacteriaceae;g__Bifidobacterium;s__Bifidobacterium_adolescentis	-0.00444540615517	0.0788000725584	-0.0126603887437	0.0387755726508	-0.0262025879635	0.0134756891935	-0.0250992846255	-0.107690116865	0.0304469151848	0.0284991373256	-0.0189563014481	-0.0187297123863	-0.0509970078844	-0.0557945886386	-0.00795340612033	-0.0153815118787	0.0620531175899	-0.0314789642359	0.046698037473	-0.0146657533088	-0.0302139036149	-0.0123444211094	-0.00583880333423	1.0	0.0205499633384	-0.0622833140993	0.0836914153749	-0.0366256771564	0.00572954401031	0.0234650416109	-0.0243454739318	-0.0137537264219	-0.0299360452842	-0.062772319413	-0.0246726433821	-0.00981276406601	-0.0241403977505	-0.00846624103126	-0.00104711166628	0.0127270997874	0.0254035829307	-0.0697070459567	0.0158044117306	-0.0415071146625	-0.0203632410135	-0.00226243154573	-0.0302445267874	-0.0133568658	-0.016660102214	-0.00989370835449	0.00228404748058	0.00993005783289	-0.0396474616439	-0.0214189546555	-0.0144434681582	-0.0778468717305	-0.033021138947	-0.0224192366668	0.0038664800563
k__Bacteria;p__Firmicutes;c__Clostridia;o__Clostridiales;f__Oscillospiraceae;g__Oscillibacter;s__Oscillibacter_sp._KLE_1745	-0.0125118614197	-0.00302090985398	-0.027048292145	-0.0262742758627	0.0103094259427	-0.0223542153869	-0.0348245236948	-0.0393380978497	-0.0629015842864	-0.0688068338083	0.0556269739622	-0.0157425254088	0.0120009038263	0.0345123704139	-0.0424238248542	0.0677705392098	0.0241519499501	-0.0962215478712	0.014045528846	-0.0256705489527	0.0307175668798	-0.0772991266594	-0.0265022103465	0.0205499633384	1.0	-0.0288750691101	-0.022287699745	0.00869049260247	-0.0920443353953	0.00505655031147	-0.0423083540699	-0.0650364411199	0.0165797661523	-0.0041825371268	0.0251392133634	-0.0327509128011	0.0695762260906	-0.0366697390928	-0.0350936603573	-0.003213292898	-0.0142362624955	0.0405379069215	-0.0337069589675	-0.0827209256843	-0.048589507249	0.00298956446109	0.0306264357203	0.0253567441795	0.0380533214802	-0.00989784043549	0.0447530748099	0.0693860402187	0.000148926764057	-0.0596532082829	0.0423131964284	0.0111056457087	-0.0691999500441	-0.0488142699793	-0.0185564560855
k__Bacteria;p__Bacteroidetes;c__Bacteroidia;o__Bacteroidales;f__Bacteroidaceae;g__Bacteroides;s__Bacteroides_coprophilus	0.0344386929306	0.012053394588	-0.0101553308582	-0.0265347069782	0.0909464429126	0.0255750815422	0.00643586967463	0.0299498532582	-0.0323675462521	-0.0528487476746	-0.00787631818098	-0.0506443141488	0.0509444111233	-0.0444098424725	-0.045118216728	-0.0742201507464	-0.0308689958716	0.0127100967187	0.0439191270721	-0.0138122468445	0.0160124878357	-0.0575729019513	-0.0478722598511	-0.0622833140993	-0.0288750691101	1.0	-0.0287914071432	-0.0047021390844	0.0250124045203	-0.00675976361695	-0.0572110079933	-0.0542872201319	0.0119183064505	-0.0252507465379	0.0634326545908	-0.00826639042909	-0.070791191686	0.0103640313996	-0.0176208516632	-0.0445747575309	-0.00508615071409	0.0499688472853	0.0333424670472	-0.0830379851522	0.0490096999041	0.0294030936175	-0.0565488691989	-0.0364239874367	0.0374334057712	0.000273381679217	-0.001591900112	-0.0342180255651	-0.0305932184294	0.00282868434358	-0.032368342295	0.0588324217169	-0.0200870836607	0.0524272494727	-0.0297635976869
k__Bacteria;p__Firmicutes;c__Clostridia;o__Clostridiales;f__Lachnospiraceae;g__Roseburia;s__Roseburia_intestinalis	-0.0438690033469	-0.029446050196	-0.0273414823118	0.0280433176041	-0.0207272682243	0.00929098139838	-0.00564598549155	0.0208584403523	-0.0734887574781	0.0361681880296	-0.00724863979995	-0.013043304618	-0.01170063791	-0.0029043225276	-0.0314625375321	-0.00476605773578	-0.0513581395548	-0.0453760988948	-0.0271459423581	0.00283213985051	-0.00407985372572	-0.0129558180325	0.0143543757003	0.0836914153749	-0.022287699745	-0.0287914071432	1.0	-0.00661446347569	-0.00145191249118	0.00162015724532	-0.00500303111035	0.0371695089574	0.0994199591842	0.0337280079432	-0.00506120578836	-0.0285236568586	-0.00718401117714	-0.0473935949001	0.0570906327754	-0.0398746904804	-0.0190282059934	-0.0198882568416	0.00166572678605	0.044730512573	-0.0623754054795	-0.0268285774995	-0.0258111484247	-0.00459749066177	-0.015196368794	0.014095195709	-0.00681942995616	-0.0305009688041	-0.0973185603353	0.00626517490433	-0.0522247270505	-0.0410708463669	-0.00637379492448	0.0196987471666	-0.0248560786362
k__Bacteria;p__Firmicutes;c__Clostridia;o__Clostridiales;f__Lachnospiraceae;g__Roseburia;s__Roseburia_hominis	-0.0463496349114	-0.0469628872813	-0.00674181896283	0.0246848925178	-0.0423697055026	0.0161561261111	0.0430354477873	-0.00537080719154	-0.0323442507099	-0.0247508316965	-0.0336916837087	0.00274303644709	-0.0336360174995	-0.0204038172439	0.0314826434189	0.0382860434386	0.053922645411	-0.0226755738286	-0.0129469716591	-0.00373558238094	0.0315369167506	-0.0296896729054	0.0359941852435	-0.0366256771564	0.00869049260247	-0.0047021390844	-0.00661446347569	1.0	0.0192056614015	0.0100760172489	0.0159264988128	0.0973331135434	0.00223064043346	-0.0382630819058	-0.0251900200849	-0.0509968071935	-0.00459233114119	0.00837858680404	0.0338080553962	0.019030969401	0.00520298337621	-0.00732115035612	-0.0189893318393	0.0191106848243	-0.0308923131629	-0.0046017875077	-0.0176199048347	-0.0156882655457	-0.011088852402	0.016137286898	0.00628638299504	-0.0610554275766	-0.0144532045967	-0.0163643459948	0.0423119337721	-0.015021334227	-0.0350803873276	-0.0256541612073	-0.018867308387
k__Bacteria;p__Bacteroidetes;c__Bacteroidia;o__Bacteroidales;f__Porphyromonadaceae;g__Parabacteroides;s__Parabacteroides_johnsonii	-0.0204216975538	-0.0317409802326	-0.0373964469903	-0.0910990244879	0.0174891993398	0.0134000779453	0.00865596865351	-0.0669773806074	0.0303487611039	0.0359298844734	0.0394999717368	-0.0430797620481	0.00320805162185	0.0208380118536	-0.0163228399934	0.0220629841449	0.0441277082949	0.0289201041653	0.0365572211765	-0.0574628767425	-0.0298241608775	-0.0236859108395	-0.00594603025234	0.00572954401031	-0.0920443353953	0.0250124045203	-0.00145191249118	0.0192056614015	1.0	0.0309609772078	-0.0229246766547	-0.00061191197071	-0.0627959747844	-0.0599687999528	-0.00937540838237	-0.0389400918693	-0.0163647588247	-0.0263960968139	0.0630007291647	0.00691939295177	-0.01595258632	0.0712310600439	0.0690380813093	-0.0158063655618	-0.0337613777973	0.0227917715011	0.027088855411	-0.0556915528611	0.0054683302557	0.0163575299246	0.0457820348127	0.0602710339117	0.00302103854604	-0.0313039935889	0.0372209238076	0.0104227120293	0.012246138027	-0.0217561196039	-0.0416924313161
k__Bacteria;p__Actinobacteria;c__Actinobacteria;o__Bifidobacteriales;f__Bifidobacteriaceae;g__Bifidobacterium;s__Bifidobacterium_longum	-0.00503503378955	-0.00551998193813	0.0635418734548	-0.0677113435598	-0.0599246550795	0.0236293578227	-0.0280367140547	-0.0398584926995	0.0113597293387	-0.0114579065416	0.00441726398872	-0.0402259001661	0.0215755180769	-0.0195731474407	-0.00545863813726	0.0708146596333	0.0650368305546	0.0227131315107	0.0490376540342	0.0129831139629	-0.0883048454635	0.0590190421391	-0.0769524836883	0.0234650416109	0.00505655031147	-0.00675976361695	0.00162015724532	0.0100760172489	0.0309609772078	1.0	0.008171050273	-0.045582552099	-0.00884507827507	-0.0278966715269	-0.101972555889	0.00565353336183	-0.0351486888499	-0.00688069257519	0.0111586591172	-0.0130188097128	-0.010597774212	-0.0362633593887	-0.0397196065242	-0.0699476392096	-0.0165342099206	-0.0147789653387	-0.00788542053137	0.0075158888006	-0.0189437672609	-0.031994341908	-0.016928525854	0.0533763236748	-0.0115122977543	0.0121514611795	-0.0367635198062	-0.0124264260614	0.0290678556701	0.0271945646681	-0.0296989881925
