#taxonomy	k__Bacteria;p__Bacteroidetes;c__Bacteroidia;o__Bacteroidales;f__Bacteroidaceae;g__Bacteroides;s__Bacteroides_vulgatus	k__Bacteria;p__Bacteroidetes;c__Bacteroidia;o__Bacteroidales;f__Bacteroidaceae;g__Bacteroides;s__Bacteroides_uniformis	k__Bacteria;p__Bacteroidetes;c__Bacteroidia;o__Bacteroidales;f__Rikenellaceae;g__Alistipes;s__Alistipes_putredinis	k__Bacteria;p__Bacteroidetes;c__Bacteroidia;o__Bacteroidales;f__Prevotellaceae;g__Prevotella;s__Prevotella_copri	k__Bacteria;p__Bacteroidetes;c__Bacteroidia;o__Bacteroidales;f__Bacteroidaceae;g__Bacteroides;s__Bacteroides_stercoris	k__Bacteria;p__Bacteroidetes;c__Bacteroidia;o__Bacteroidales;f__Bacteroidaceae;g__Bacteroides;s__Bacteroides_ovatus	k__Bacteria;p__Bacteroidetes;c__Bacteroidia;o__Bacteroidales;f__Rikenellaceae;g__Alistipes;s__Alistipes_shahii	k__Bacteria;p__Firmicutes;c__Clostridia;o__Clostridiales;f__Ruminococcaceae;g__Faecalibacterium;s__Faecalibacterium_prausnitzii	k__Bacteria;p__Bacteroidetes;c__Bacteroidia;o__Bacteroidales;f__Rikenellaceae;g__Alistipes;s__Alistipes_finegoldii	k__Bacteria;p__Bacteroidetes;c__Bacteroidia;o__Bacteroidales;f__Porphyromonadaceae;g__Parabacteroides;s__Parabacteroides_distasonis	k__Bacteria;p__Bacteroidetes;c__Bacteroidia;o__Bacteroidales;f__Bacteroidaceae;g__Bacteroides;s__Bacteroides_thetaiotaomicron	k__Bacteria;p__Bacteroidetes;c__Bacteroidia;o__Bacteroidales;f__Bacteroidaceae;g__Bacteroides;s__Bacteroides_coprocola	k__Bacteria;p__Bacteroidetes;c__Bacteroidia;o__Bacteroidales;f__Bacteroidaceae;g__Bacteroides;s__Bacteroides_cellulosilyticus	k__Bacteria;p__Bacteroidetes;c__Bacteroidia;o__Bacteroidales;f__Rikenellaceae;g__Alistipes;s__Alistipes_obesi	k__Bacteria;p__Firmicutes;c__Clostridia;o__Clostridiales;f__Lachnospiraceae;g__;s__[Eubacterium]_rectale	k__Bacteria;p__Bacteroidetes;c__Bacteroidia;o__Bacteroidales;f__Bacteroidaceae;g__Bacteroides;s__Bacteroides_plebeius	k__Bacteria;p__Bacteroidetes;c__Bacteroidia;o__Bacteroidales;f__Bacteroidaceae;g__Bacteroides;s__Bacteroides_fragilis	k__Bacteria;p__Proteobacteria;c__Betaproteobacteria;o__Burkholderiales;f__Sutterellaceae;g__Sutterella;s__Sutterella_wadsworthensis	k__Bacteria;p__Bacteroidetes;c__Bacteroidia;o__Bacteroidales;f__Porphyromonadaceae;g__Barnesiella;s__Barnesiella_intestinihominis	k__Bacteria;p__Bacteroidetes;c__Bacteroidia;o__Bacteroidales;f__Odoribacteraceae;g__Odoribacter;s__Odoribacter_splanchnicus	k__Bacteria;p__Bacteroidetes;c__Bacteroidia;o__Bacteroidales;f__Bacteroidaceae;g__Bacteroides;s__Bacteroides_salyersiae	k__Bacteria;p__Firmicutes;c__Clostridia;o__Clostridiales;f__Ruminococcaceae;g__Ruminiclostridium;s__[Eubacterium]_siraeum	k__Bacteria;p__Proteobacteria;c__Betaproteobacteria;o__Burkholderiales;f__Sutterellaceae;g__Parasutterella;s__Parasutterella_excrementihominis	k__Bacteria;p__Actinobacteria;c__Actinobacteria;o__Bifidobacteriales;f__Bifidobacteriaceae;g__Bifidobacterium;s__Bifidobacterium_adolescentis	k__Bacteria;p__Firmicutes;c__Clostridia;o__Clostridiales;f__Oscillospiraceae;g__Oscillibacter;s__Oscillibacter_sp._KLE_1745	k__Bacteria;p__Bacteroidetes;c__Bacteroidia;o__Bacteroidales;f__Bacteroidaceae;g__Bacteroides;s__Bacteroides_coprophilus	k__Bacteria;p__Firmicutes;c__Clostridia;o__Clostridiales;f__Lachnospiraceae;g__Roseburia;s__Roseburia_intestinalis	k__Bacteria;p__Firmicutes;c__Clostridia;o__Clostridiales;f__Lachnospiraceae;g__Roseburia;s__Roseburia_hominis	k__Bacteria;p__Bacteroidetes;c__Bacteroidia;o__Bacteroidales;f__Porphyromonadaceae;g__Parabacteroides;s__Parabacteroides_johnsonii	k__Bacteria;p__Actinobacteria;c__Actinobacteria;o__Bifidobacteriales;f__Bifidobacteriaceae;g__Bifidobacterium;s__Bifidobacterium_longum	k__Bacteria;p__Firmicutes;c__Clostridia;o__Clostridiales;f__;g__Flavonifractor;s__Flavonifractor_plautii	k__Bacteria;p__Firmicutes;c__Clostridia;o__Clostridiales;f__Clostridiaceae;g__Clostridium;s__Clostridium_phoceensis	k__Bacteria;p__Verrucomicrobia;c__Verrucomicrobiae;o__Verrucomicrobiales;f__Akkermansiaceae;g__Akkermansia;s__Akkermansia_muciniphila	k__Bacteria;p__Bacteroidetes;c__Bacteroidia;o__Bacteroidales;f__Prevotellaceae;g__Paraprevotella;s__Paraprevotella_xylaniphila	k__Bacteria;p__Firmicutes;c__Clostridia;o__Clostridiales;f__Ruminococcaceae;g__Ruminococcus;s__Ruminococcus_callidus	k__Bacteria;p__Bacteroidetes;c__Bacteroidia;o__Bacteroidales;f__Rikenellaceae;g__Alistipes;s__Alistipes_senegalensis	k__Bacteria;p__Firmicutes;c__Clostridia;o__Clostridiales;f__Lachnospiraceae;g__Blautia;s__Blautia_sp._KLE_1732	k__Bacteria;p__Bacteroidetes;c__Bacteroidia;o__Bacteroidales;f__Bacteroidaceae;g__Bacteroides;s__Bacteroides_oleiciplenus	k__Bacteria;p__Firmicutes;c__Clostridia;o__Clostridiales;f__Ruminococcaceae;g__Ruminococcus;s__Ruminococcus_bicirculans	k__Bacteria;p__Bacteroidetes;c__Bacteroidia;o__Bacteroidales;f__Bacteroidaceae;g__Bacteroides;s__Bacteroides_fluxus	k__Bacteria;p__Bacteroidetes;c__Bacteroidia;o__Bacteroidales;f__Prevotellaceae;g__Prevotella;s__Prevotella_stercorea	k__Bacteria;p__Firmicutes;c__Clostridia;o__Clostridiales;f__Lachnospiraceae;g__Dorea;s__Dorea_longicatena	k__Bacteria;p__Firmicutes;c__Clostridia;o__Clostridiales;f__Eubacteriaceae;g__Eubacterium;s__[Eubacterium]_eligens	k__Bacteria;p__Firmicutes;c__Clostridia;o__Clostridiales;f__Ruminococcaceae;g__;s__Ruminococcaceae_bacterium_D16	k__Bacteria;p__Firmicutes;c__Clostridia;o__Clostridiales;f__Lachnospiraceae;g__Coprococcus;s__Coprococcus_comes	k__Bacteria;p__Proteobacteria;c__Gammaproteobacteria;o__Enterobacterales;f__Enterobacteriaceae;g__Escherichia;s__Escherichia_coli	k__Bacteria;p__Firmicutes;c__Clostridia;o__Clostridiales;f__Ruminococcaceae;g__Anaerotruncus;s__Anaerotruncus_colihominis	k__Bacteria;p__Firmicutes;c__Clostridia;o__Clostridiales;f__Lachnospiraceae;g__Blautia;s__Blautia_obeum	k__Bacteria;p__Bacteroidetes;c__Bacteroidia;o__Bacteroidales;f__Odoribacteraceae;g__Odoribacter;s__Odoribacter_laneus	k__Bacteria;p__Firmicutes;c__Clostridia;o__Clostridiales;f__Ruminococcaceae;g__Ruminiclostridium;s__[Clostridium]_leptum	k__Bacteria;p__Bacteroidetes;c__Bacteroidia;o__Bacteroidales;f__Porphyromonadaceae;g__Parabacteroides;s__Parabacteroides_goldsteinii	k__Bacteria;p__Firmicutes;c__Clostridia;o__Clostridiales;f__Lachnospiraceae;g__Anaerostipes;s__Anaerostipes_hadrus	k__Bacteria;p__Firmicutes;c__Clostridia;o__Clostridiales;f__Ruminococcaceae;g__Ruminococcus;s__Ruminococcus_lactaris	k__Bacteria;p__Firmicutes;c__Clostridia;o__Clostridiales;f__Clostridiaceae;g__Clostridium;s__Clostridium_sp._L2-50	k__Bacteria;p__Firmicutes;c__Clostridia;o__Clostridiales;f__Clostridiaceae;g__Clostridium;s__Clostridium_sp._M62/1	k__Bacteria;p__Firmicutes;c__Clostridia;o__Clostridiales;f__;g__Intestinimonas;s__Intestinimonas_butyriciproducens	k__Bacteria;p__Actinobacteria;c__Actinobacteria;o__Bifidobacteriales;f__Bifidobacteriaceae;g__Bifidobacterium;s__Bifidobacterium_bifidum	k__Bacteria;p__Firmicutes;c__Negativicutes;o__Veillonellales;f__Veillonellaceae;g__Dialister;s__Dialister_invisus	k__Bacteria;p__Bacteroidetes;c__Bacteroidia;o__Bacteroidales;f__Bacteroidaceae;g__Bacteroides;s__Bacteroides_salanitronis
k__Bacteria;p__Bacteroidetes;c__Bacteroidia;o__Bacteroidales;f__Bacteroidaceae;g__Bacteroides;s__Bacteroides_vulgatus	1.0	0.0080378325886	0.0182653533806	-0.0188276781245	0.0137889880357	-0.0183627485215	0.0309649465606	-0.0168432493493	-0.0230581972089	-0.0122917396235	0.0143993902593	-0.0196782813184	-0.0262357226083	-0.0261541940658	0.042286874785	-0.0122267951612	-0.0151205154492	-0.0271257071377	-0.0324774899157	-0.0491890936953	-0.0387462860452	0.0421167231057	0.0241477435367	0.0160478517468	-0.0301024310084	-0.0595886288236	-0.052021746581	-0.00945889041058	-0.0097243093163	0.0190521687454	-0.00589854929834	-0.0545314863722	0.00476109805441	-0.0181023671235	-0.00241533279906	-0.0247842092925	-0.0265279824115	0.00573172208928	0.0384869202205	0.0326398354289	-0.00712394433373	-0.0896066948895	-0.0229919862624	-0.0841191909689	-0.00405812709406	0.0263258700001	-0.00286403103588	-0.0222727447048	-0.0372845537585	-0.00722142359689	-0.0124473558125	0.00197008737355	-0.00927543943988	-0.0636531461708	-0.0415458138767	0.0517872133311	-0.0769976719588	0.0622693749272	0.00190567711992
k__Bacteria;p__Bacteroidetes;c__Bacteroidia;o__Bacteroidales;f__Bacteroidaceae;g__Bacteroides;s__Bacteroides_uniformis	0.0080378325886	1.0	0.0461204432664	-0.0647193667308	-0.00215700023348	0.00465795227336	0.0449143739887	0.127499524322	-0.034048446956	0.0328668613653	-0.0696644431739	-0.0399616389923	-0.0164320525968	0.0489541760378	-0.0425598820778	0.0146125914126	0.0286426875189	0.00762777792028	0.0412433371732	-0.0186039247618	-0.00849154446151	0.0320892433711	-0.0138044121073	-0.00616283606992	0.0355507877235	0.0418229821028	-0.0428842333074	0.012092782505	0.0258853825461	-0.0410453743112	-0.0228041630877	-0.0364522067115	0.0168816774616	-0.0533688590815	0.0341428981529	-0.00916409241239	-0.00594518353205	0.00205811668259	-0.0176402936966	0.00731850026927	0.049223510666	-0.0307629221633	0.0206435682182	-0.0558821800739	-0.0125279839757	-0.0340993815455	0.0247960313638	0.00935728866516	0.0155702001092	0.060446306605	-0.0096352988419	-0.0538180815325	-0.0296300112228	-0.041907136815	-0.0277405934543	0.0588622562752	0.00185828177244	-0.0104427859744	0.0356254863668
k__Bacteria;p__Bacteroidetes;c__Bacteroidia;o__Bacteroidales;f__Rikenellaceae;g__Alistipes;s__Alistipes_putredinis	0.0182653533806	0.0461204432664	1.0	-0.0502476324888	-0.0157540096223	-0.0345430656869	-0.013926605865	-0.0227558067241	-0.0297278928444	0.027093926247	-0.111368224719	0.0142262370841	0.0454476084289	0.0536573079394	0.0123911050475	0.0265319354379	-0.0180629825252	-0.0656938983732	0.00743784779233	-0.0404581461005	0.0035470471901	-0.00694795495159	-0.015410848387	0.0114480260076	0.0418821353191	-0.00426137800718	0.0190439670767	0.00831240053861	-0.0328716910042	0.000553948780011	0.00507852273787	0.027731493809	0.0125712926795	-0.0535229017443	0.0611945478328	-0.0209548337666	-0.0952951008023	0.00458942985921	-0.0205322641445	-0.023464544639	0.00926128582958	-0.0275261104186	0.0169810067239	0.0342228281357	0.0316711279524	-0.00931450010951	0.0156828292941	0.0281492739129	0.0172373507736	-0.0201016636256	-0.0248717537653	0.00252440271634	-0.0296570795264	-0.0308522576288	0.0134074306766	-0.00739179316605	-0.033398955299	-0.00439363614302	0.00452749594219
k__Bacteria;p__Bacteroidetes;c__Bacteroidia;o__Bacteroidales;f__Prevotellaceae;g__Prevotella;s__Prevotella_copri	-0.0188276781245	-0.0647193667308	-0.0502476324888	1.0	0.0124315594257	-0.0224867976561	0.00588512571966	-0.0154204040159	0.00372978322557	-0.0196652758715	0.0370946797463	-0.00955833299651	-0.0506554669711	-0.0277797317243	0.00586246994586	-0.00383135859827	0.00372959498855	0.0125498636248	-0.0240371001077	0.0362756136623	-0.0103669873399	-0.0123361620658	-0.00963554875548	-0.0176593261845	0.0051004284706	0.00998493615575	0.00922465706745	0.0334389388295	0.0349764111591	-0.0112644418491	-0.026754108645	-0.00740603282115	-0.0283995156113	-0.00914784291446	-0.112667868003	0.000157818500667	0.0142593211788	0.0390923416496	-0.0428434235172	0.0537051869377	0.00218450029209	-0.0173097612865	-0.00282814150314	-0.0600832012634	0.0411209655038	-0.0074864757799	-0.00767060617338	0.0189776707187	0.0174329104968	0.0592523013609	0.0190793389552	-0.00025179763394	0.0288190751965	-0.0428994367285	-0.0108260287883	-0.0557696030795	0.00638439172479	-0.00623296918339	-0.0209272149545
k__Bacteria;p__Bacteroidetes;c__Bacteroidia;o__Bacteroidales;f__Bacteroidaceae;g__Bacteroides;s__Bacteroides_stercoris	0.0137889880357	-0.00215700023348	-0.0157540096223	0.0124315594257	1.0	0.0180100329448	0.0186909533662	0.0261734013553	-0.0141613374535	-0.0166720708105	-0.0070855963494	-0.00637253237895	-0.037980532781	-0.0246947886596	-0.0293012332559	0.023426095564	-0.00923197812603	-0.0118869275923	0.00843640030588	0.00891844584432	-0.0524441873613	0.040345881611	-0.0325805955156	-0.0284129058065	-0.0436513732387	0.0279859985917	-0.00697590137519	-0.00197780748849	0.0292870900013	-0.0227028218015	-0.0752761086065	-0.0234238715408	-0.0029817326768	0.0291793982184	0.0159825494093	-0.0398525009888	-0.0326503679624	0.034676656918	-0.033265811571	-0.0368351131677	-0.0248889984602	0.0116389145492	0.0232919720027	-0.0792121200412	0.0451658629921	0.0595112320823	-0.0403145062132	0.039630656302	-0.0218616370884	-0.00545260183707	0.000814741828363	0.00391248035247	0.00866490164923	0.0311810934886	-0.0797984085481	-0.0156721915193	-0.026492752842	-0.00641589967444	0.085120448203
k__Bacteria;p__Bacteroidetes;c__Bacteroidia;o__Bacteroidales;f__Bacteroidaceae;g__Bacteroides;s__Bacteroides_ovatus	-0.0183627485215	0.00465795227336	-0.0345430656869	-0.0224867976561	0.0180100329448	1.0	-0.0504493031244	-0.015671715189	-0.0340349477443	-0.00168096903116	-0.0171850990504	-0.028495799259	-0.0381429804622	0.0113753606854	-0.0613611669809	-0.016622713394	0.0131958746597	0.0398752931721	0.0431911565641	0.0283201494716	-0.00825824269236	-0.0472377907634	0.0237176320389	-0.00630696936938	-0.0434020390025	-0.0434886125906	0.017651812257	-0.00336004762301	-0.0427732483087	0.0601397057086	0.0380589860561	-0.0218009359109	0.0192918892658	0.0355382092983	0.0086838569631	-0.0475481528505	0.00506634040332	-0.0317805259545	0.0102588932302	0.064506402125	-0.013437159022	0.00650606402866	-0.0114629974267	0.0407033730201	-0.0420745268594	-0.0102666875554	0.00508449891389	-0.0240078054697	0.0248261591223	-0.0535705181509	-0.0406710841868	-0.00864224896694	-0.0418460847221	0.052069424142	0.00589208800452	0.0141639270105	0.00531554654444	-0.0281156453587	-0.057439591025
k__Bacteria;p__Bacteroidetes;c__Bacteroidia;o__Bacteroidales;f__Rikenellaceae;g__Alistipes;s__Alistipes_shahii	0.0309649465606	0.0449143739887	-0.013926605865	0.00588512571966	0.0186909533662	-0.0504493031244	1.0	-0.0758731339587	-0.0187685620814	-0.0744757527683	0.0206243797957	0.0116018346443	0.00212467374493	-0.00436899167499	-0.0867425122811	-0.028210695454	-0.00529949423073	-0.00254309235898	-0.0212435139232	0.0329479700572	-0.00923950852505	-0.0513985249032	0.0427440473052	0.0259631864857	-0.0721313254032	0.0656685145661	0.0347057464313	0.00806577399952	-0.0108455727691	0.0284978962798	0.035912020554	0.0288556617176	-0.0113949480869	-0.020828834085	-0.0182482278699	0.0407135855838	0.0188331406102	0.025888586231	0.0305084944754	-0.0549654755999	-0.0248325062674	-0.0259545904501	-0.0321614201584	0.0370575579841	-0.0531883454909	-0.0136207956337	0.0013281951862	-0.0139501630636	-0.0275576947219	-0.00763898844926	-0.0781507508187	0.00749036127092	-0.038955086848	0.0432615170413	-0.00262659620748	-0.051178108746	-0.000820281997257	0.0225458121427	-0.0201393404837
k__Bacteria;p__Firmicutes;c__Clostridia;o__Clostridiales;f__Ruminococcaceae;g__Faecalibacterium;s__Faecalibacterium_prausnitzii	-0.0168432493493	0.127499524322	-0.0227558067241	-0.0154204040159	0.0261734013553	-0.015671715189	-0.0758731339587	1.0	-0.0349271293221	0.0345152647054	0.0241352670995	0.0418561879309	0.00764958502738	-0.0144584240718	-0.0395021457808	-0.00355710254501	0.0537069168331	0.0292120236249	0.0712643497173	-0.0647463904115	-0.0142397970894	-0.0746040966435	-0.0480031774665	-0.0393131476788	0.0117030401961	0.0130344011762	0.0106412589443	-0.0470203737319	-0.0208821179774	-0.0781299796715	-0.0413518257953	-0.04900411236	0.0863824332726	-0.0435704470607	-0.0510609966582	-0.0648637867051	-0.00568774825291	-0.0182712542203	0.0271417752695	-0.0544153452674	-0.0110383236261	0.021193580003	0.012758035066	-0.0265743226574	0.0503620564881	0.033225870064	-0.0768309262146	-0.00439339945918	-0.0204108486039	-0.0122059554907	-0.0203354304722	-0.074143144305	0.0733535354927	0.0384011893298	-0.041450504211	-0.00759693550268	0.0021160041571	-0.0468179093352	0.0386257212614
k__Bacteria;p__Bacteroidetes;c__Bacteroidia;o__Bacteroidales;f__Rikenellaceae;g__Alistipes;s__Alistipes_finegoldii	-0.0230581972089	-0.034048446956	-0.0297278928444	0.00372978322557	-0.0141613374535	-0.0340349477443	-0.0187685620814	-0.0349271293221	1.0	-0.0208405184735	0.0104050982419	-0.0335177523542	-0.00839185072787	-0.0121240411734	0.0665812819846	-0.000992382460036	-0.0173696081334	-0.0162970395045	0.0204152779449	0.013365031356	0.0259770939654	0.0512436356015	-0.0192792275738	-0.0119111595526	0.0505490131356	-0.0353895698394	-0.0491455422335	-0.049323598851	-0.00135129966414	-0.0551820621208	-0.0329659443224	-0.0352019814223	-0.00661276773738	-0.00992237562311	-0.0513309192661	-0.0163224200135	-0.0131722044171	0.00213094475016	0.0404728385298	0.00191859054457	-0.0256620406239	0.0136497898979	-0.000290806579981	-0.0148606338773	-0.0294032976418	-0.0105149078324	0.0599009292368	-0.0459510510719	0.0174739753849	0.0204175469079	-0.0532038450783	-0.0324445222536	-0.029125314812	-0.0288796265344	0.0105701419091	0.0025338500748	-0.0292528434926	-0.00453390850351	-0.0251782492359
k__Bacteria;p__Bacteroidetes;c__Bacteroidia;o__Bacteroidales;f__Porphyromonadaceae;g__Parabacteroides;s__Parabacteroides_distasonis	-0.0122917396235	0.0328668613653	0.027093926247	-0.0196652758715	-0.0166720708105	-0.00168096903116	-0.0744757527683	0.0345152647054	-0.0208405184735	1.0	0.0212110718094	-0.00667223267632	0.00834386111719	-0.0510294446079	0.0583440911836	-0.0109995430527	0.00279606471577	-0.0706561932674	-0.00710501435606	0.0472906663595	-0.0458010136792	0.00113083390279	0.0141931436846	-0.00528728305527	0.00236689133067	0.00787495207984	0.0163019216994	0.0386460360415	-0.0238717782602	-0.046853454066	0.00516844850694	0.0108809377759	-0.0205848007005	-0.0480386442989	-0.0421846278562	-0.0578491695629	-0.0282240791344	-0.0318835166456	0.0160649021194	0.00487555130597	-0.0492978981396	-0.00520191555874	-0.0370615800634	-0.0171525864846	-0.0112889908982	-0.0188305927972	0.0105707552432	0.0149258912357	0.00576607919493	-0.0643894502571	0.0315955694197	0.0467653576616	-0.0112831402184	-0.0079092426982	-0.0476945542515	0.0680864701552	0.017288690709	-0.0304275757204	0.0194032566787
k__Bacteria;p__Bacteroidetes;c__Bacteroidia;o__Bacteroidales;f__Bacteroidaceae;g__Bacteroides;s__Bacteroides_thetaiotaomicron	0.0143993902593	-0.0696644431739	-0.111368224719	0.0370946797463	-0.0070855963494	-0.0171850990504	0.0206243797957	0.0241352670995	0.0104050982419	0.0212110718094	1.0	-0.0160358254228	0.00745211359371	-0.0277516075107	0.0363392016502	-0.0536544149574	0.0194386992073	0.0220525374546	0.0386747976676	-0.00117022541326	0.0430002636138	0.0278221148679	0.00635192880523	-0.0277857529215	-0.0501144050975	-0.0770789480266	-0.031815313862	0.0133692359118	-0.0179712431726	-0.0168374444144	-0.0351086444779	-0.0423664243274	0.0228777246954	-0.00852842671961	0.0326317291	-0.0353282437767	-0.0565843137007	-0.0816802685769	-0.0816950769528	0.0213984454222	-0.0759130495065	0.00354739529681	0.00198690499987	-0.0540458326574	-0.0445399270177	-0.0036218426608	0.0203301276699	-0.0293986948714	0.00735043209116	-0.0162191227981	-0.02435218936	-0.0327788758036	-0.0664772177873	0.00833764931506	0.0248706853598	0.024446579965	-0.00182251011649	0.0070405990216	0.0296870707779
k__Bacteria;p__Bacteroidetes;c__Bacteroidia;o__Bacteroidales;f__Bacteroidaceae;g__Bacteroides;s__Bacteroides_coprocola	-0.0196782813184	-0.0399616389923	0.0142262370841	-0.00955833299651	-0.00637253237895	-0.028495799259	0.0116018346443	0.0418561879309	-0.0335177523542	-0.00667223267632	-0.0160358254228	1.0	-0.0273586828796	-0.0430473045549	0.00166417346612	0.0171268014174	0.00837836103885	-0.0770715418098	-0.0457588242778	0.0398762937395	-0.05300498213	0.0839869933851	0.0368548851741	0.0382286235688	-0.0233495492894	-0.0249201512718	-0.0291780494096	-0.023856501274	-0.0184448376062	-0.0365141991843	-0.0280750831185	-0.00954183641662	-0.0347904324072	0.0212539668804	-0.0646347131037	0.0338983633894	0.0346762925864	-0.0461226622529	-0.0480309154632	-0.0478459173123	-0.063324566644	-0.0503429694467	0.045439652397	-0.0268744397572	0.00252774848351	0.0339733450867	-0.0113927676108	-0.0402010474476	0.0211862513666	0.073681178366	0.00492216185361	0.0295143930987	-0.0154795440242	-0.002775766775	0.0190012201173	-0.0800754936382	-0.000270363086753	0.00678616988181	-0.019902893766
k__Bacteria;p__Bacteroidetes;c__Bacteroidia;o__Bacteroidales;f__Bacteroidaceae;g__Bacteroides;s__Bacteroides_cellulosilyticus	-0.0262357226083	-0.0164320525968	0.0454476084289	-0.0506554669711	-0.037980532781	-0.0381429804622	0.00212467374493	0.00764958502738	-0.00839185072787	0.00834386111719	0.00745211359371	-0.0273586828796	1.0	0.0608620577476	-0.0626806407094	0.00243055673365	-0.0222371949035	0.00324032139634	-0.0331269037754	0.0199015919365	-0.0826835197444	0.0673840768138	-0.0075210634589	0.0361974409121	0.0424622128307	-0.0400405943375	-0.00354976575196	-0.0510552826211	0.0578585660492	-0.0277506958236	-0.0290410506854	-0.00224650181888	0.0419382335698	-0.00354039094998	-0.00717774873986	-0.0384028986087	-0.0663751395368	-0.0872395855092	0.0430173197721	0.0149294505811	-0.0389719085374	-0.0576200418448	-0.0243505515297	-0.0770174842123	-0.029472646317	0.0391325280066	-0.0164433771088	0.00284159294285	0.0270999630612	-0.0113928695805	-0.00526807743076	-0.0190736070952	-0.0442931291882	-0.0469582783741	-0.053146591186	-0.0196333557341	-0.00772180055323	0.0541595334834	0.0106433829257
k__Bacteria;p__Bacteroidetes;c__Bacteroidia;o__Bacteroidales;f__Rikenellaceae;g__Alistipes;s__Alistipes_obesi	-0.0261541940658	0.0489541760378	0.0536573079394	-0.0277797317243	-0.0246947886596	0.0113753606854	-0.00436899167499	-0.0144584240718	-0.0121240411734	-0.0510294446079	-0.0277516075107	-0.0430473045549	0.0608620577476	1.0	-0.00908120149198	-0.0292551789807	-0.0353198394349	0.00271927678853	-0.0408199864065	-0.0593091196208	0.0246352200819	0.0799931872886	-0.0951874825015	-0.0108755584389	0.0251223186999	0.00325919342981	0.0165776643916	0.0751658256829	-0.0545180423452	0.0281499299785	0.0366532136208	-0.0134636579951	-0.0363520652817	-0.0034085896784	0.0197142298584	0.0513220616595	-0.00740726080096	0.0349023587911	0.0399764457333	-0.0188050125968	-0.0269905638158	-0.0299520887089	-0.0351921785157	-0.0301050404545	-0.00368838597568	-0.0446409820641	0.0216967468206	-0.00561170788403	0.0450378989264	-0.0247065328726	-0.00254310762248	0.0402273268672	-0.0343876607635	0.0378320857339	-0.0544399148951	-0.0418352290764	-0.00493949155289	0.0263909228022	-0.0528244741057
k__Bacteria;p__Firmicutes;c__Clostridia;o__Clostridiales;f__Lachnospiraceae;g__;s__[Eubacterium]_rectale	0.042286874785	-0.0425598820778	0.0123911050475	0.00586246994586	-0.0293012332559	-0.0613611669809	-0.0867425122811	-0.0395021457808	0.0665812819846	0.0583440911836	0.0363392016502	0.00166417346612	-0.0626806407094	-0.00908120149198	1.0	-0.0602589601424	-0.0319817661043	0.0187838042013	-0.0493336838343	-0.0203908174486	0.0108139837113	-0.0116857555228	-0.00634819611348	-0.045280284575	-0.020566836895	0.00864438246867	-0.0408372686902	0.0293109388872	-0.0288830674141	0.00140198998184	0.0184238409962	-9.63970605155e-05	-0.0211373947188	0.0106515629449	-0.0134902931095	-0.0386127906173	-0.0028773695726	-0.0735714588697	-0.0286358766432	0.022585098026	-0.00951651042916	0.00767928338711	-0.013887783573	0.0217670709338	-0.0125333678009	0.0349960986269	0.0289320661262	-0.0814966307302	-0.06818048821	-0.0202669251944	-0.0496784075332	-0.0228656606194	0.0079366761525	0.0073058317619	0.0317326699689	0.0365747161758	-0.0144467251436	-0.0185270968054	0.026388222287
k__Bacteria;p__Bacteroidetes;c__Bacteroidia;o__Bacteroidales;f__Bacteroidaceae;g__Bacteroides;s__Bacteroides_plebeius	-0.0122267951612	0.0146125914126	0.0265319354379	-0.00383135859827	0.023426095564	-0.016622713394	-0.028210695454	-0.00355710254501	-0.000992382460036	-0.0109995430527	-0.0536544149574	0.0171268014174	0.00243055673365	-0.0292551789807	-0.0602589601424	1.0	0.00225810540763	-0.0422935811007	-0.0338932298708	-0.0159105614236	-0.0624995589063	0.02576696599	-0.0078402677224	-0.0253558755157	-0.0192366819639	-0.0210560727959	-0.00709857973462	0.00683156511754	0.0129214000155	-0.0504613533031	-0.0303598589296	1.07210464003e-05	-0.0455557989473	-0.00995612400729	-0.0305586980466	-0.00144390726899	0.00246245947404	0.0227180897064	0.02387442258	-0.026394683376	0.038137242596	0.0194209721846	-0.0468468305678	-0.00177260756485	0.0203405955736	-0.0159157788437	0.0508745969276	0.0370508695902	-0.0495743565187	-0.0592374099981	0.00506060316761	0.0441791813154	-0.0166205812859	0.0544033895166	0.0690388559424	-0.0044251424424	-0.00144295423726	0.039347084851	0.00880934803178
k__Bacteria;p__Bacteroidetes;c__Bacteroidia;o__Bacteroidales;f__Bacteroidaceae;g__Bacteroides;s__Bacteroides_fragilis	-0.0151205154492	0.0286426875189	-0.0180629825252	0.00372959498855	-0.00923197812603	0.0131958746597	-0.00529949423073	0.0537069168331	-0.0173696081334	0.00279606471577	0.0194386992073	0.00837836103885	-0.0222371949035	-0.0353198394349	-0.0319817661043	0.00225810540763	1.0	-0.000579565460037	-0.0102705646729	0.0586930960376	0.0438984730341	0.0160429148667	0.034177878801	-0.0215841549807	0.0460827172468	-0.0408728712332	-0.0732716884295	-0.0185889787124	-0.00678329850132	0.0418289433671	-0.0360199555019	-0.0436364204745	0.0375197250283	-0.0573691701812	-0.0239827186237	0.0060144933192	-0.0105422098528	0.00357374359208	-0.0614958700435	-0.0578560263037	0.042953222097	0.00872105838234	-0.01900002265	-0.0938576075559	0.0071190747885	-0.0558684957571	0.0428470053474	0.0260802434674	0.000663324314394	-0.0289965489802	-0.0393432974988	0.0105070064812	0.00740069229464	0.0510370019851	0.0108987538875	-0.0112859956471	-0.00989431261268	0.0165659097339	0.0124506211048
k__Bacteria;p__Proteobacteria;c__Betaproteobacteria;o__Burkholderiales;f__Sutterellaceae;g__Sutterella;s__Sutterella_wadsworthensis	-0.0271257071377	0.00762777792028	-0.0656938983732	0.0125498636248	-0.0118869275923	0.0398752931721	-0.00254309235898	0.0292120236249	-0.0162970395045	-0.0706561932674	0.0220525374546	-0.0770715418098	0.00324032139634	0.00271927678853	0.0187838042013	-0.0422935811007	-0.000579565460037	1.0	0.034077853726	0.0353104593426	0.00644479785225	0.0121906912041	-0.0184466658412	-0.00264452561735	-0.0395074647515	0.0258060444109	-0.0279787721833	0.0196858899813	-0.0596005156992	-0.00232821390982	-0.0678947687379	-0.0125401777885	-0.0669012163207	-0.00841942978855	-0.0196236007949	-0.00967092974583	-0.0202057236683	0.0897163087206	-0.00133633439871	-0.0298334744407	-0.0208454972437	0.00884632897139	-0.0337536719312	-0.0268495350735	0.00804328626585	0.0132507035144	-0.0100951851601	0.0156476668686	0.0186453748957	-0.0125894658302	-0.0582594352261	-0.0468164348581	-0.0047067462733	-0.01629823473	0.0648829222055	-0.0373108589433	0.00232910357978	0.0325256329961	-0.0306628028438
k__Bacteria;p__Bacteroidetes;c__Bacteroidia;o__Bacteroidales;f__Porphyromonadaceae;g__Barnesiella;s__Barnesiella_intestinihominis	-0.0324774899157	0.0412433371732	0.00743784779233	-0.0240371001077	0.00843640030588	0.0431911565641	-0.0212435139232	0.0712643497173	0.0204152779449	-0.00710501435606	0.0386747976676	-0.0457588242778	-0.0331269037754	-0.0408199864065	-0.0493336838343	-0.0338932298708	-0.0102705646729	0.034077853726	1.0	0.0822910928951	0.0228381774082	0.0495607827709	0.0188816811856	-0.0392284756472	-0.0340414026381	0.0358450958856	0.0193104345322	0.0276951279142	-0.00433335722886	0.0230676296908	-0.0551655889787	0.00147271284653	-0.0204527684018	0.00489271346528	0.0588742331981	-0.0689781729977	-0.00440916838687	-0.0275362124387	0.0175513371973	-0.0430857922935	-0.0928597731669	0.00187827869922	-0.0190606383345	-0.029526280621	0.0277452885066	-0.0496065950473	0.0554825571079	-0.00466838266098	-0.065481664798	-0.0522560864169	-0.0301388946933	-0.0309554147331	0.0541906488591	0.0104645504073	-0.0150340971805	-0.0135727524744	-0.0322181310342	-0.0231630553311	0.0642847557325
k__Bacteria;p__Bacteroidetes;c__Bacteroidia;o__Bacteroidales;f__Odoribacteraceae;g__Odoribacter;s__Odoribacter_splanchnicus	-0.0491890936953	-0.0186039247618	-0.0404581461005	0.0362756136623	0.00891844584432	0.0283201494716	0.0329479700572	-0.0647463904115	0.013365031356	0.0472906663595	-0.00117022541326	0.0398762937395	0.0199015919365	-0.0593091196208	-0.0203908174486	-0.0159105614236	0.0586930960376	0.0353104593426	0.0822910928951	1.0	-0.0478936626864	-0.0406273269135	-0.0161743181853	-0.0265853597206	-0.018913659251	0.0203896154809	0.0240328057233	-0.00859177008209	-0.00445453408558	-0.0105120890687	0.0186090925408	0.0238321352362	0.046390462172	0.00930634812627	0.0108024677626	-0.0164934157209	-0.0157288381455	-0.0162425308195	0.0121271568748	0.0163503849155	0.000590939194306	0.0302233896384	0.0314165221682	-0.0602079027542	-0.0166379005168	-0.0421294834187	0.0330413564434	-0.00705414396607	-0.0182457776541	0.0592561186489	-0.025565945997	0.00399360113153	-0.0608459557967	-0.0471465704433	-0.023922928073	-0.0147619031583	0.0161391029956	0.00458193754211	-0.0591145572693
k__Bacteria;p__Bacteroidetes;c__Bacteroidia;o__Bacteroidales;f__Bacteroidaceae;g__Bacteroides;s__Bacteroides_salyersiae	-0.0387462860452	-0.00849154446151	0.0035470471901	-0.0103669873399	-0.0524441873613	-0.00825824269236	-0.00923950852505	-0.0142397970894	0.0259770939654	-0.0458010136792	0.0430002636138	-0.05300498213	-0.0826835197444	0.0246352200819	0.0108139837113	-0.0624995589063	0.0438984730341	0.00644479785225	0.0228381774082	-0.0478936626864	1.0	-0.0730241482517	0.00405893647506	0.0100316021057	-0.0116869865459	0.0285981357355	-0.0560764030949	-0.0258713101506	-0.00470031285274	-0.0152025828485	0.00214569185892	-0.0500969364097	-0.0270877167349	0.0223683726274	-0.0600592775841	-0.0239490456431	0.0398512498309	-0.0531661061654	0.00552752083412	0.0895308639971	-0.0677890608447	-0.00352734488526	0.00968464045196	0.0524958343109	-0.05080849915	-0.045069055743	0.0581445382696	-0.0708855085749	-0.0175224875776	-0.013597396398	0.0399939588015	-0.0718382548332	0.0153725469461	0.00859116317032	-0.0237694175012	-0.0284604134873	0.0148902575209	-0.0357357398184	-0.0378442816391
k__Bacteria;p__Firmicutes;c__Clostridia;o__Clostridiales;f__Ruminococcaceae;g__Ruminiclostridium;s__[Eubacterium]_siraeum	0.0421167231057	0.0320892433711	-0.00694795495159	-0.0123361620658	0.040345881611	-0.0472377907634	-0.0513985249032	-0.0746040966435	0.0512436356015	0.00113083390279	0.0278221148679	0.0839869933851	0.0673840768138	0.0799931872886	-0.0116857555228	0.02576696599	0.0160429148667	0.0121906912041	0.0495607827709	-0.0406273269135	-0.0730241482517	1.0	0.00561584931236	-0.024564538384	0.0344971034535	-0.0496304254216	-0.0134960510812	0.0238991915399	-0.039912398153	0.0727062420852	-7.31685625016e-05	0.0117533688829	-0.0480159186943	-0.0478996735771	-0.0166740176792	-0.0980865462725	-0.0775701865482	-0.031271998946	0.00878823602406	-0.0720518847181	-0.071766604899	-0.0311811581144	-0.030120616053	0.0148272152612	-0.0344615656144	-0.0216009855546	0.00494664707361	-0.0414809759714	-0.0474594117647	0.0306093882106	-0.0234147128096	-0.0218732786173	0.0010275069271	-0.0147920317425	0.0156130359752	-0.000175544610961	-0.0248964880953	0.0122460962211	0.0308718402752
k__Bacteria;p__Proteobacteria;c__Betaproteobacteria;o__Burkholderiales;f__Sutterellaceae;g__Parasutterella;s__Parasutterella_excrementihominis	0.0241477435367	-0.0138044121073	-0.015410848387	-0.00963554875548	-0.0325805955156	0.0237176320389	0.0427440473052	-0.0480031774665	-0.0192792275738	0.0141931436846	0.00635192880523	0.0368548851741	-0.0075210634589	-0.0951874825015	-0.00634819611348	-0.0078402677224	0.034177878801	-0.0184466658412	0.0188816811856	-0.0161743181853	0.00405893647506	0.00561584931236	1.0	0.0266075983148	-0.0292125902927	-0.016823754354	0.0636486156943	-0.0165641102382	0.0227866694543	-0.0153565573884	0.0224133359215	0.0172506350586	0.0257284188278	-0.010436295646	0.0108563375228	-0.00237242776096	-0.0327520338681	0.0156518325931	-0.00682691800797	-0.013330371686	-0.00995754672521	0.0322446299642	-0.00733620578723	0.0116421345362	-0.0322774092328	-0.0543434189316	-0.0175015998346	0.0722495866589	-0.0111565896591	-0.050548244363	-0.00173457571042	-0.0321629895207	0.00869699373411	-0.00106964664355	-0.0700119246719	-0.0319689014619	0.0137324242087	-0.0534367119763	-0.0544208491544
k__Bacteria;p__Actinobacteria;c__Actinobacteria;o__Bifidobacteriales;f__Bifidobacteriaceae;g__Bifidobacterium;s__Bifidobacterium_adolescentis	0.0160478517468	-0.00616283606992	0.0114480260076	-0.0176593261845	-0.0284129058065	-0.00630696936938	0.0259631864857	-0.0393131476788	-0.0119111595526	-0.00528728305527	-0.0277857529215	0.0382286235688	0.0361974409121	-0.0108755584389	-0.045280284575	-0.0253558755157	-0.0215841549807	-0.00264452561735	-0.0392284756472	-0.0265853597206	0.0100316021057	-0.024564538384	0.0266075983148	1.0	0.0134349371052	0.0528537276478	-0.0230027787657	0.0612077170033	-0.0327477304508	-0.0221765147676	0.00197541914883	-0.00699586073615	0.0575241662207	-0.0416760939089	-0.0194237020785	-0.0386745681963	-0.0618042201879	0.00250120089559	0.0365917676259	0.0397310658274	0.047768854074	-0.0480899655734	-0.010135920789	-0.0528314638139	0.00743587825522	-0.0251908298395	0.0300802561336	0.0547068258971	-0.0553166207254	-0.000102929007097	-0.0102449333536	0.0160435291976	-0.0525407146822	0.0884551686603	-0.0184284473892	-0.0116749276124	0.0180407888396	-0.0866682363008	-0.0212138476418
k__Bacteria;p__Firmicutes;c__Clostridia;o__Clostridiales;f__Oscillospiraceae;g__Oscillibacter;s__Oscillibacter_sp._KLE_1745	-0.0301024310084	0.0355507877235	0.0418821353191	0.0051004284706	-0.0436513732387	-0.0434020390025	-0.0721313254032	0.0117030401961	0.0505490131356	0.00236689133067	-0.0501144050975	-0.0233495492894	0.0424622128307	0.0251223186999	-0.020566836895	-0.0192366819639	0.0460827172468	-0.0395074647515	-0.0340414026381	-0.018913659251	-0.0116869865459	0.0344971034535	-0.0292125902927	0.0134349371052	1.0	-0.0581574866008	-0.0595868274694	-0.0369642839171	0.0593019547332	-0.0923815354662	-0.0549439315512	-0.00692296112731	-0.0367199729717	0.0167743050614	-0.0228843398181	-0.0023478908683	0.0510733949412	0.0332814983652	-0.0630615764053	-0.0286111201353	0.0371214443505	0.0146614325647	-0.0263845185239	-0.00823190158868	0.0387797608782	-0.0376407907669	-0.0475378733459	-0.00537533126137	-0.0148505432881	-0.00678672973023	0.0211952655005	0.0700215880659	0.0413403547653	-0.0609885873263	0.053711667441	0.0512728069606	-0.0327064571544	-0.0737974413332	-0.0137813008789
k__Bacteria;p__Bacteroidetes;c__Bacteroidia;o__Bacteroidales;f__Bacteroidaceae;g__Bacteroides;s__Bacteroides_coprophilus	-0.0595886288236	0.0418229821028	-0.00426137800718	0.00998493615575	0.0279859985917	-0.0434886125906	0.0656685145661	0.0130344011762	-0.0353895698394	0.00787495207984	-0.0770789480266	-0.0249201512718	-0.0400405943375	0.00325919342981	0.00864438246867	-0.0210560727959	-0.0408728712332	0.0258060444109	0.0358450958856	0.0203896154809	0.0285981357355	-0.0496304254216	-0.016823754354	0.0528537276478	-0.0581574866008	1.0	0.0749957685289	0.0619163975639	0.0213821264338	-0.0377084391618	-0.00805267397303	0.0245077537804	-0.0317769296938	0.0396366626697	-0.00814565284154	-0.0533430917606	-0.00898395024551	0.030373187693	0.0494515328595	-0.0858434315668	0.0349719791236	-0.0207716773599	-0.0469006759473	0.00607234883941	0.0655722800234	0.0122631693247	0.0234701544017	0.013756649004	-0.0344536938766	0.0275376345391	-0.052228362872	-0.026464700044	0.00506635995748	-0.0325280411501	0.0455208466147	-0.0406606262615	-0.00336883210834	0.00858555383621	0.0431338416613
k__Bacteria;p__Firmicutes;c__Clostridia;o__Clostridiales;f__Lachnospiraceae;g__Roseburia;s__Roseburia_intestinalis	-0.052021746581	-0.0428842333074	0.0190439670767	0.00922465706745	-0.00697590137519	0.017651812257	0.0347057464313	0.0106412589443	-0.0491455422335	0.0163019216994	-0.031815313862	-0.0291780494096	-0.00354976575196	0.0165776643916	-0.0408372686902	-0.00709857973462	-0.0732716884295	-0.0279787721833	0.0193104345322	0.0240328057233	-0.0560764030949	-0.0134960510812	0.0636486156943	-0.0230027787657	-0.0595868274694	0.0749957685289	1.0	-0.0363188183767	-0.0414941356893	-0.0130905894893	-0.0366128519751	0.030944140133	0.000340419020096	-0.0405678385656	-0.0278276312589	0.0294157912513	-0.0467474838319	-0.0207537312209	-0.0206994321765	-0.0515177535638	-0.0458142156067	0.00535482510594	-0.0252767685456	0.00473822515965	0.0145916303855	-0.0112396331475	-0.00899366265577	-0.0350461858898	-0.0364412727977	-0.0138213587676	-0.00596564743009	0.00349009029737	0.0102388130616	0.0358203152467	-0.026630998551	-0.0345271345196	-0.0880678320542	-0.0751096499676	-0.0652481557787
k__Bacteria;p__Firmicutes;c__Clostridia;o__Clostridiales;f__Lachnospiraceae;g__Roseburia;s__Roseburia_hominis	-0.00945889041058	0.012092782505	0.00831240053861	0.0334389388295	-0.00197780748849	-0.00336004762301	0.00806577399952	-0.0470203737319	-0.049323598851	0.0386460360415	0.0133692359118	-0.023856501274	-0.0510552826211	0.0751658256829	0.0293109388872	0.00683156511754	-0.0185889787124	0.0196858899813	0.0276951279142	-0.00859177008209	-0.0258713101506	0.0238991915399	-0.0165641102382	0.0612077170033	-0.0369642839171	0.0619163975639	-0.0363188183767	1.0	-0.0699380309233	-0.0013890983558	-0.0251344745245	-0.0329202128205	-0.0450639162541	0.016344029012	-0.0896313446822	-0.0280076864228	0.0087307818123	-0.0468517558359	0.0233620418903	-0.0162741413212	0.0724981869351	7.94981137645e-05	0.0156709188472	-0.0105117410631	-0.0435605955134	-0.0679244093677	-0.0333776870142	-0.0283700178613	-0.0236879391525	-0.0948811294569	0.00483727065262	-0.0798321869229	0.0722204212195	-0.0127453166048	0.0128915091198	0.0690027934326	-0.0350685038481	0.0222012746303	0.0209578784899
k__Bacteria;p__Bacteroidetes;c__Bacteroidia;o__Bacteroidales;f__Porphyromonadaceae;g__Parabacteroides;s__Parabacteroides_johnsonii	-0.0097243093163	0.0258853825461	-0.0328716910042	0.0349764111591	0.0292870900013	-0.0427732483087	-0.0108455727691	-0.0208821179774	-0.00135129966414	-0.0238717782602	-0.0179712431726	-0.0184448376062	0.0578585660492	-0.0545180423452	-0.0288830674141	0.0129214000155	-0.00678329850132	-0.0596005156992	-0.00433335722886	-0.00445453408558	-0.00470031285274	-0.039912398153	0.0227866694543	-0.0327477304508	0.0593019547332	0.0213821264338	-0.0414941356893	-0.0699380309233	1.0	-0.0483677813268	-0.0206442956519	-0.00744020916329	0.00200725556575	0.0754773193056	0.0622553168087	-0.0184869672018	0.0648464764056	0.0199252113735	0.0311516109328	0.00278461445077	-0.0548160834216	0.00995264930458	-0.0206586346584	0.00128969767529	-0.054886033477	-0.0213586674451	-0.00527939939775	-0.0174993100541	0.00789149236373	-0.0241991274927	-0.00611293851191	0.01053266176	0.0194164051947	-0.0452398862624	-0.0518779828919	-0.0542697660955	-0.00450779187351	-0.0420900929266	-0.0413109269489
k__Bacteria;p__Actinobacteria;c__Actinobacteria;o__Bifidobacteriales;f__Bifidobacteriaceae;g__Bifidobacterium;s__Bifidobacterium_longum	0.0190521687454	-0.0410453743112	0.000553948780011	-0.0112644418491	-0.0227028218015	0.0601397057086	0.0284978962798	-0.0781299796715	-0.0551820621208	-0.046853454066	-0.0168374444144	-0.0365141991843	-0.0277506958236	0.0281499299785	0.00140198998184	-0.0504613533031	0.0418289433671	-0.00232821390981	0.0230676296908	-0.0105120890687	-0.0152025828485	0.0727062420852	-0.0153565573884	-0.0221765147676	-0.0923815354662	-0.0377084391618	-0.0130905894893	-0.0013890983558	-0.0483677813268	1.0	-0.00800184279468	-0.0300008661305	-0.0166270546127	0.0280083725393	0.0773797769421	0.0192886355912	-0.0357563491552	0.00292242214729	-0.0800264216406	0.0165931653573	-0.00808813450035	-0.0168290005347	0.0483809718285	0.02586964873	-0.0354128341192	0.0252271695641	-0.0623260060784	0.0336793270038	-0.00252604446036	-0.0343130609582	0.00841947058262	-0.0443940216723	-0.0584226251556	-0.0180476495401	0.0014010129168	0.016561063663	0.0113478905722	0.0115012714318	-0.0087539113716
