#taxonomy	k__Bacteria;p__Bacteroidetes;c__Bacteroidia;o__Bacteroidales;f__Bacteroidaceae;g__Bacteroides;s__Bacteroides_vulgatus	k__Bacteria;p__Bacteroidetes;c__Bacteroidia;o__Bacteroidales;f__Bacteroidaceae;g__Bacteroides;s__Bacteroides_uniformis	k__Bacteria;p__Bacteroidetes;c__Bacteroidia;o__Bacteroidales;f__Rikenellaceae;g__Alistipes;s__Alistipes_putredinis	k__Bacteria;p__Bacteroidetes;c__Bacteroidia;o__Bacteroidales;f__Prevotellaceae;g__Prevotella;s__Prevotella_copri	k__Bacteria;p__Bacteroidetes;c__Bacteroidia;o__Bacteroidales;f__Bacteroidaceae;g__Bacteroides;s__Bacteroides_stercoris	k__Bacteria;p__Bacteroidetes;c__Bacteroidia;o__Bacteroidales;f__Bacteroidaceae;g__Bacteroides;s__Bacteroides_ovatus	k__Bacteria;p__Bacteroidetes;c__Bacteroidia;o__Bacteroidales;f__Rikenellaceae;g__Alistipes;s__Alistipes_shahii	k__Bacteria;p__Firmicutes;c__Clostridia;o__Clostridiales;f__Ruminococcaceae;g__Faecalibacterium;s__Faecalibacterium_prausnitzii	k__Bacteria;p__Bacteroidetes;c__Bacteroidia;o__Bacteroidales;f__Rikenellaceae;g__Alistipes;s__Alistipes_finegoldii	k__Bacteria;p__Bacteroidetes;c__Bacteroidia;o__Bacteroidales;f__Porphyromonadaceae;g__Parabacteroides;s__Parabacteroides_distasonis	k__Bacteria;p__Bacteroidetes;c__Bacteroidia;o__Bacteroidales;f__Bacteroidaceae;g__Bacteroides;s__Bacteroides_thetaiotaomicron	k__Bacteria;p__Bacteroidetes;c__Bacteroidia;o__Bacteroidales;f__Bacteroidaceae;g__Bacteroides;s__Bacteroides_coprocola	k__Bacteria;p__Bacteroidetes;c__Bacteroidia;o__Bacteroidales;f__Bacteroidaceae;g__Bacteroides;s__Bacteroides_cellulosilyticus	k__Bacteria;p__Bacteroidetes;c__Bacteroidia;o__Bacteroidales;f__Rikenellaceae;g__Alistipes;s__Alistipes_obesi	k__Bacteria;p__Firmicutes;c__Clostridia;o__Clostridiales;f__Lachnospiraceae;g__;s__[Eubacterium]_rectale	k__Bacteria;p__Bacteroidetes;c__Bacteroidia;o__Bacteroidales;f__Bacteroidaceae;g__Bacteroides;s__Bacteroides_plebeius	k__Bacteria;p__Bacteroidetes;c__Bacteroidia;o__Bacteroidales;f__Bacteroidaceae;g__Bacteroides;s__Bacteroides_fragilis	k__Bacteria;p__Proteobacteria;c__Betaproteobacteria;o__Burkholderiales;f__Sutterellaceae;g__Sutterella;s__Sutterella_wadsworthensis	k__Bacteria;p__Bacteroidetes;c__Bacteroidia;o__Bacteroidales;f__Porphyromonadaceae;g__Barnesiella;s__Barnesiella_intestinihominis	k__Bacteria;p__Bacteroidetes;c__Bacteroidia;o__Bacteroidales;f__Odoribacteraceae;g__Odoribacter;s__Odoribacter_splanchnicus	k__Bacteria;p__Bacteroidetes;c__Bacteroidia;o__Bacteroidales;f__Bacteroidaceae;g__Bacteroides;s__Bacteroides_salyersiae	k__Bacteria;p__Firmicutes;c__Clostridia;o__Clostridiales;f__Ruminococcaceae;g__Ruminiclostridium;s__[Eubacterium]_siraeum	k__Bacteria;p__Proteobacteria;c__Betaproteobacteria;o__Burkholderiales;f__Sutterellaceae;g__Parasutterella;s__Parasutterella_excrementihominis	k__Bacteria;p__Actinobacteria;c__Actinobacteria;o__Bifidobacteriales;f__Bifidobacteriaceae;g__Bifidobacterium;s__Bifidobacterium_adolescentis	k__Bacteria;p__Firmicutes;c__Clostridia;o__Clostridiales;f__Oscillospiraceae;g__Oscillibacter;s__Oscillibacter_sp._KLE_1745	k__Bacteria;p__Bacteroidetes;c__Bacteroidia;o__Bacteroidales;f__Bacteroidaceae;g__Bacteroides;s__Bacteroides_coprophilus	k__Bacteria;p__Firmicutes;c__Clostridia;o__Clostridiales;f__Lachnospiraceae;g__Roseburia;s__Roseburia_intestinalis	k__Bacteria;p__Firmicutes;c__Clostridia;o__Clostridiales;f__Lachnospiraceae;g__Roseburia;s__Roseburia_hominis	k__Bacteria;p__Bacteroidetes;c__Bacteroidia;o__Bacteroidales;f__Porphyromonadaceae;g__Parabacteroides;s__Parabacteroides_johnsonii	k__Bacteria;p__Actinobacteria;c__Actinobacteria;o__Bifidobacteriales;f__Bifidobacteriaceae;g__Bifidobacterium;s__Bifidobacterium_longum	k__Bacteria;p__Firmicutes;c__Clostridia;o__Clostridiales;f__;g__Flavonifractor;s__Flavonifractor_plautii	k__Bacteria;p__Firmicutes;c__Clostridia;o__Clostridiales;f__Clostridiaceae;g__Clostridium;s__Clostridium_phoceensis	k__Bacteria;p__Verrucomicrobia;c__Verrucomicrobiae;o__Verrucomicrobiales;f__Akkermansiaceae;g__Akkermansia;s__Akkermansia_muciniphila	k__Bacteria;p__Bacteroidetes;c__Bacteroidia;o__Bacteroidales;f__Prevotellaceae;g__Paraprevotella;s__Paraprevotella_xylaniphila	k__Bacteria;p__Firmicutes;c__Clostridia;o__Clostridiales;f__Ruminococcaceae;g__Ruminococcus;s__Ruminococcus_callidus	k__Bacteria;p__Bacteroidetes;c__Bacteroidia;o__Bacteroidales;f__Rikenellaceae;g__Alistipes;s__Alistipes_senegalensis	k__Bacteria;p__Firmicutes;c__Clostridia;o__Clostridiales;f__Lachnospiraceae;g__Blautia;s__Blautia_sp._KLE_1732	k__Bacteria;p__Bacteroidetes;c__Bacteroidia;o__Bacteroidales;f__Bacteroidaceae;g__Bacteroides;s__Bacteroides_oleiciplenus	k__Bacteria;p__Firmicutes;c__Clostridia;o__Clostridiales;f__Ruminococcaceae;g__Ruminococcus;s__Ruminococcus_bicirculans	k__Bacteria;p__Bacteroidetes;c__Bacteroidia;o__Bacteroidales;f__Bacteroidaceae;g__Bacteroides;s__Bacteroides_fluxus	k__Bacteria;p__Bacteroidetes;c__Bacteroidia;o__Bacteroidales;f__Prevotellaceae;g__Prevotella;s__Prevotella_stercorea	k__Bacteria;p__Firmicutes;c__Clostridia;o__Clostridiales;f__Lachnospiraceae;g__Dorea;s__Dorea_longicatena	k__Bacteria;p__Firmicutes;c__Clostridia;o__Clostridiales;f__Eubacteriaceae;g__Eubacterium;s__[Eubacterium]_eligens	k__Bacteria;p__Firmicutes;c__Clostridia;o__Clostridiales;f__Ruminococcaceae;g__;s__Ruminococcaceae_bacterium_D16	k__Bacteria;p__Firmicutes;c__Clostridia;o__Clostridiales;f__Lachnospiraceae;g__Coprococcus;s__Coprococcus_comes	k__Bacteria;p__Proteobacteria;c__Gammaproteobacteria;o__Enterobacterales;f__Enterobacteriaceae;g__Escherichia;s__Escherichia_coli	k__Bacteria;p__Firmicutes;c__Clostridia;o__Clostridiales;f__Ruminococcaceae;g__Anaerotruncus;s__Anaerotruncus_colihominis	k__Bacteria;p__Firmicutes;c__Clostridia;o__Clostridiales;f__Lachnospiraceae;g__Blautia;s__Blautia_obeum	k__Bacteria;p__Bacteroidetes;c__Bacteroidia;o__Bacteroidales;f__Odoribacteraceae;g__Odoribacter;s__Odoribacter_laneus	k__Bacteria;p__Firmicutes;c__Clostridia;o__Clostridiales;f__Ruminococcaceae;g__Ruminiclostridium;s__[Clostridium]_leptum	k__Bacteria;p__Bacteroidetes;c__Bacteroidia;o__Bacteroidales;f__Porphyromonadaceae;g__Parabacteroides;s__Parabacteroides_goldsteinii	k__Bacteria;p__Firmicutes;c__Clostridia;o__Clostridiales;f__Lachnospiraceae;g__Anaerostipes;s__Anaerostipes_hadrus	k__Bacteria;p__Firmicutes;c__Clostridia;o__Clostridiales;f__Ruminococcaceae;g__Ruminococcus;s__Ruminococcus_lactaris	k__Bacteria;p__Firmicutes;c__Clostridia;o__Clostridiales;f__Clostridiaceae;g__Clostridium;s__Clostridium_sp._L2-50	k__Bacteria;p__Firmicutes;c__Clostridia;o__Clostridiales;f__Clostridiaceae;g__Clostridium;s__Clostridium_sp._M62/1	k__Bacteria;p__Firmicutes;c__Clostridia;o__Clostridiales;f__;g__Intestinimonas;s__Intestinimonas_butyriciproducens	k__Bacteria;p__Actinobacteria;c__Actinobacteria;o__Bifidobacteriales;f__Bifidobacteriaceae;g__Bifidobacterium;s__Bifidobacterium_bifidum	k__Bacteria;p__Firmicutes;c__Negativicutes;o__Veillonellales;f__Veillonellaceae;g__Dialister;s__Dialister_invisus	k__Bacteria;p__Bacteroidetes;c__Bacteroidia;o__Bacteroidales;f__Bacteroidaceae;g__Bacteroides;s__Bacteroides_salanitronis
k__Bacteria;p__Bacteroidetes;c__Bacteroidia;o__Bacteroidales;f__Bacteroidaceae;g__Bacteroides;s__Bacteroides_vulgatus	1.0	0.0386500177502	-0.0440659843539	-0.0132820924911	-0.0544932085359	-0.0599698806665	0.0101924123366	0.0444052018258	0.00617477153082	-0.063520411019	-0.0327156174021	-0.0168038506455	-0.077218680554	0.030085423016	-0.0175694422694	-0.0322757671974	0.0166820270837	0.0447931672106	0.00784911877466	-0.011407704336	-0.0605407991282	-0.0191280592211	0.00662670243262	0.00739381388094	-0.0295587793662	-0.0284579269117	0.0253303424854	-0.0217651741628	0.0695889029182	0.0203801456769	0.0215188182789	0.107922126817	0.0115836235797	-0.0515346985444	0.0503695826081	-0.0214346806196	0.0116367834182	-0.0172736227557	0.0593902645739	-0.0342918935605	-0.061393104544	-0.0327159545625	-0.00532981182326	-0.0456870291339	-0.00642371529046	0.027049919628	-0.0298213150895	-0.0326130153582	-0.07004595562	-0.0493352305065	0.0294230625722	-0.0308353994561	0.00356271294292	-0.0339660216601	-0.00321768564542	0.0239395584057	-0.0202989993516	0.0524482269509	-0.057192944805
k__Bacteria;p__Bacteroidetes;c__Bacteroidia;o__Bacteroidales;f__Bacteroidaceae;g__Bacteroides;s__Bacteroides_uniformis	0.0386500177502	1.0	0.0349402682174	0.0211016490767	0.0421793442127	-0.0500739196176	-0.0225910845346	-0.0519148741521	-0.0712750420548	0.0184689208978	-0.00458113923151	0.0319427884904	-0.0266568395184	-0.0361843660858	-0.00239884070281	-0.00961089915187	-0.0148391278383	0.00168994492159	0.000391367623377	-0.0337844102702	-0.000716543783856	0.00453494636847	0.0566452898461	0.0497126146325	0.0418543600137	-0.00390559321555	0.0265436693984	-0.0729863794847	0.0146943450735	-0.00865738088031	-0.0150523263192	0.0663391333663	0.0411640169521	-0.0380597324297	-0.0181923730054	0.036675740411	-0.0514568518009	0.0534127801412	-0.00103924207091	-0.0507452537022	0.0387128857847	-0.00471303545773	0.0115443237715	-0.0540267908345	-0.0235895096574	-0.0569318022292	-0.0173979688516	0.0478107966408	-0.0229396595377	-0.0199321082462	-0.0113259125378	-0.0114611129742	-0.0175332099443	-0.0561644529583	0.00601708563524	-0.0260355250682	-0.104572753333	0.0235477226942	-0.0822995918075
k__Bacteria;p__Bacteroidetes;c__Bacteroidia;o__Bacteroidales;f__Rikenellaceae;g__Alistipes;s__Alistipes_putredinis	-0.0440659843539	0.0349402682174	1.0	-0.051236467729	-0.017356085597	0.022851116224	-0.0106377648779	-0.0332521383389	0.0473923073779	0.0177865977894	0.0321541631466	0.0484520576917	0.0318047826654	-0.0433647442724	-0.0297306631808	-0.0455091315431	0.0377960507619	-0.00639545584997	-0.006134094958	-0.0546405280825	0.0185868419697	-0.017843872413	0.00859084363286	0.0162964992236	-0.0220037722594	-0.00288199346076	-0.0129832598148	-0.0219543905756	-0.00624575421263	-0.0347563378709	-0.0352670815823	-0.0502559792817	0.00617080801041	0.0138399796124	-0.0582558252164	-0.00579691078732	0.0160472164647	0.0177556863846	-0.0435738635688	-0.0079911860864	-0.0205119561196	0.0157093154229	-0.0115314173004	0.00114696531825	0.0420184210233	-0.0285841991438	-0.0410197490263	0.0150448780623	0.0357132394178	-0.0517953658114	-0.0829427160965	0.0188625360712	-0.0139185511356	0.0583663582601	-0.0103157786961	0.0125863508187	-0.00460335073071	-0.0293762721713	0.0244616936011
k__Bacteria;p__Bacteroidetes;c__Bacteroidia;o__Bacteroidales;f__Prevotellaceae;g__Prevotella;s__Prevotella_copri	-0.0132820924911	0.0211016490767	-0.051236467729	1.0	0.0555099151653	-0.0394002120867	0.0124573887497	-0.0146723565634	-0.0561791321502	0.00900133924363	-0.0265438548611	-0.021212583376	-0.00235994832995	0.00110184647806	-0.00585213727764	0.0251097021498	0.0199518603662	-0.0145675833792	0.0200409189629	-0.0598290910093	-0.0245664929969	-0.0164769765223	-0.0342277563491	-0.0242271727692	0.0614946903829	-0.0917365543334	-0.00561400630263	-0.013639719252	-0.049356863936	0.0149904485652	-0.0548989273389	0.0130202148283	0.0574338752325	0.0212053529975	0.0436126959656	-0.0417760920951	0.00903225809303	0.0342001493549	-0.00669729012779	-0.00935625832072	0.00328738019702	0.0319890287581	-0.0462047470412	-0.0547300328511	-0.0268227690047	-0.0781865087571	0.0387806963947	0.0182139253954	-0.0365217935323	0.0212081728635	-0.00905311105905	-0.00275987250352	-0.0302214607546	-0.0563680327122	0.011952216911	0.0624601907728	-0.0482620282808	-0.0130310411063	-0.0759152045907
k__Bacteria;p__Bacteroidetes;c__Bacteroidia;o__Bacteroidales;f__Bacteroidaceae;g__Bacteroides;s__Bacteroides_stercoris	-0.0544932085359	0.0421793442127	-0.017356085597	0.0555099151653	1.0	0.0105969733415	-0.00862372112337	-0.0654182757869	-0.000676046052747	-0.00826162574214	-0.0344657232434	-0.020783538372	0.0282694561374	-0.0159422289909	0.00501229056468	-0.0263671530971	-0.0285772195557	0.00160179355072	-0.00497956587221	0.0372957122351	-0.0308593074428	-0.0195863862504	-0.0131277056033	0.0282555165981	-0.0601201893836	-0.0883886561872	0.00759020715673	-0.00860810498621	-0.00568004189071	-0.00138681672372	-0.0759040862989	-0.0462054754957	0.0250562230674	-0.00900897608989	-0.050462685191	0.00648167887565	-0.000109798857923	-0.040626506711	-0.0626493457106	-0.0118134633001	-0.0163519194311	-0.0238204444367	0.00897705206194	-0.0148571405233	0.00848673467346	-0.0362172531073	0.0380209919877	-0.0426484533988	0.0424185512902	0.000432849608082	-0.0400915020334	-0.0340180218499	0.0522964878154	-0.0510584332682	-0.0160609503315	-0.0628038499538	-0.00369550780848	0.0139924134054	-0.0112632666871
k__Bacteria;p__Bacteroidetes;c__Bacteroidia;o__Bacteroidales;f__Bacteroidaceae;g__Bacteroides;s__Bacteroides_ovatus	-0.0599698806665	-0.0500739196176	0.022851116224	-0.0394002120867	0.0105969733415	1.0	0.0165011774758	0.0517375112804	0.0215642635524	0.0630574342419	0.0115545861719	0.0300547753762	0.0618002828368	0.0506243950946	-0.0696233082521	0.00117954528236	0.00226692312523	-0.01105124225	-0.00879749196168	-0.0345659860563	-0.0166902870109	0.0629547640188	-0.00239910248829	-0.0753040086707	0.0211475017961	0.0305696836805	-0.0458734857358	-0.0496445926577	0.00453150291497	0.0146342527591	-0.0798519984117	0.02675112839	0.00125182248418	0.0168175736896	-0.00654419271627	-0.058239905725	-0.0856168049076	0.00763111482154	-0.00217012299395	-0.00813946238656	0.0314761072207	0.0402013383676	0.0235138785908	-0.00154345114254	0.0454798678866	-0.0252393877848	-0.0419055455925	-0.00514549425914	0.0363804202024	-0.0309706434243	-0.0127755865603	0.00227462013309	-0.0502099337376	-0.00940037298804	-0.00128541781415	-0.0412398618268	-0.0343354729585	-0.0149915130378	-0.0515104829748
k__Bacteria;p__Bacteroidetes;c__Bacteroidia;o__Bacteroidales;f__Rikenellaceae;g__Alistipes;s__Alistipes_shahii	0.0101924123366	-0.0225910845346	-0.0106377648779	0.0124573887497	-0.00862372112337	0.0165011774758	1.0	0.0530588713488	0.0235482476038	-0.0658027611439	-0.0299295984357	0.0121171733666	0.0576640764162	-0.0431664546882	-0.0346219159472	-0.0309489939792	-0.0114745415566	-0.0108334898872	-0.0334742176603	-0.0370872059577	0.0144265247411	-0.0403624837229	0.0098417816896	-0.0717179883124	0.030972873757	0.0659459862106	-0.0123969457184	-0.0616596528068	0.00743215062542	-0.0125060029701	0.0333994642163	-0.0146909916964	0.0247854413764	0.00935664841839	0.0470715953079	-0.0483869582866	-0.0528326323534	-0.00682448036	-0.000468619549546	0.0561311934728	-0.0528638455987	0.023372905495	-0.00653376967629	-0.0188162525309	-0.0242834012296	-0.024979312243	-0.00807201874721	-0.028850262477	-0.0217081823541	0.00412263911119	-0.0166876400307	-0.0394600710401	-0.00760199014569	-0.0270599457746	-0.00828629048223	-0.0449789270811	-0.0237638553199	-0.0274811044445	-0.0241377164765
k__Bacteria;p__Firmicutes;c__Clostridia;o__Clostridiales;f__Ruminococcaceae;g__Faecalibacterium;s__Faecalibacterium_prausnitzii	0.0444052018258	-0.0519148741521	-0.0332521383389	-0.0146723565634	-0.0654182757869	0.0517375112804	0.0530588713488	1.0	-0.0198473441334	-0.041921314843	0.0432738004198	-0.0460740508831	0.0220962139804	-0.0287406837466	-0.0418133883987	0.00787465346252	0.0101825339833	-0.00052976730592	-0.0356288204752	0.0199586769179	0.0169068421428	0.0406906702645	-0.0668528854717	0.0349929359038	0.00595932652521	-0.0537883039806	0.0597329774874	0.0494667706595	-0.0150376775896	0.022183837607	-0.0120869222189	-0.0199580347604	-0.0331193899732	-0.0467844639884	-0.0272954865998	0.00282026528204	-0.0632925140185	-0.00322018461836	0.016768573775	-0.11381576689	0.0488226528596	-0.0493574377945	-0.0107146820756	0.0328074588686	0.050634567818	0.00434336836068	0.0437651168393	-0.0119729933193	-0.0159257539249	0.0197252655464	-0.0757881479935	0.0189567205664	-0.00914401479063	0.0415942368942	-0.0422470638626	-0.0529725090831	-0.0102512593002	0.0207312521429	-0.0524271081617
k__Bacteria;p__Bacteroidetes;c__Bacteroidia;o__Bacteroidales;f__Rikenellaceae;g__Alistipes;s__Alistipes_finegoldii	0.00617477153082	-0.0712750420548	0.0473923073779	-0.0561791321502	-0.000676046052746	0.0215642635524	0.0235482476038	-0.0198473441334	1.0	-0.0393792663582	-0.0273301017339	0.0561098669036	0.0144247988648	0.0286808838647	0.00228662428338	-0.00680335069645	-0.0151289422986	-0.0338065253679	-0.115371920004	0.00843543709236	-0.0406248850995	-0.0155158157217	0.0316723494825	0.013033922097	-0.048545658022	-0.00973043412034	-0.0419919711239	0.0155808504505	-0.00641676351579	0.0167426039216	-0.0219629851223	-0.0132834812191	0.0233212734835	-0.00302201907504	-0.0192755521684	-0.0330235287796	-0.00338723413735	-0.0171032930072	-0.0263599760807	-0.0291945806188	-0.0418484460184	-0.039235499672	-0.0180732287068	0.0843394102379	-0.0353812021571	-0.0347287627598	-0.0157737894976	-0.0212050459012	0.00693182130973	-0.0527287115266	-0.0234722420675	-0.0041562211681	0.052139277154	-0.00178542003615	-0.0275560511172	0.014135486329	-0.0211771960122	-0.00347309510674	-0.0099198073437
k__Bacteria;p__Bacteroidetes;c__Bacteroidia;o__Bacteroidales;f__Porphyromonadaceae;g__Parabacteroides;s__Parabacteroides_distasonis	-0.063520411019	0.0184689208978	0.0177865977894	0.00900133924363	-0.00826162574214	0.0630574342419	-0.0658027611439	-0.041921314843	-0.0393792663582	1.0	0.0399352885341	-0.0200428210212	-0.0253436964711	0.0230954790865	-0.0161569992235	0.0234019380248	-0.00994211949611	0.00741895096167	0.0137701217264	-0.00344739818025	0.0234909859047	-0.00432448004216	-0.00773611288812	0.0210455551421	-0.0058190564014	-0.0191955183532	0.0259935075249	-0.0314553318878	0.0171543267889	-0.0035325779384	0.0107325714091	-0.0214203512681	-0.0337889291331	-0.0430794405441	-0.0442463656455	-0.0972151733688	-3.5543913946e-05	0.0214175437688	0.0368367303645	0.000366117457798	-0.0294677993214	-0.0312502230567	-0.0217924450733	-0.0179009352966	-0.000644977939137	-0.00892002155866	-0.0338800740893	0.00906170437316	0.00153122581977	-0.0129315084885	0.0447065707979	-0.0262627219278	-0.0504635372218	-0.0302019931824	-0.0161087504777	0.0307681204046	0.0119340477879	-0.0417285024431	-0.0167795397145
k__Bacteria;p__Bacteroidetes;c__Bacteroidia;o__Bacteroidales;f__Bacteroidaceae;g__Bacteroides;s__Bacteroides_thetaiotaomicron	-0.0327156174021	-0.00458113923151	0.0321541631466	-0.0265438548611	-0.0344657232434	0.0115545861719	-0.0299295984357	0.0432738004198	-0.0273301017339	0.0399352885341	1.0	-0.0069305752912	0.0134344917492	-0.0639187998598	0.0113781181527	0.0341540111695	-0.0459175559053	0.00227101673317	-0.0298661363269	0.0234844155233	0.0808398908644	0.0347048560299	0.0295664840458	-0.0436881391486	0.0249303579977	-0.0380784548226	0.0235588623881	-0.0274720230202	0.0578030469471	-0.0602713126143	0.0263833625629	0.00447059436663	0.00280671520444	-0.0301740153804	0.0116235533741	-0.0292296435092	-0.0704758872476	0.0050135028076	-0.0519508449708	-0.02186281669	0.02824696978	0.015623589027	-0.0440837089086	-0.0100960303019	0.00896102404954	-0.00646532327613	-0.0319947138469	-0.03377114302	-0.0418981098799	0.0232280728275	0.0243283083016	0.00120038672341	0.0217322080441	0.0798321986005	0.0373366501747	0.0137694727629	-0.0290574816873	-0.0101159533532	-0.00490339671096
k__Bacteria;p__Bacteroidetes;c__Bacteroidia;o__Bacteroidales;f__Bacteroidaceae;g__Bacteroides;s__Bacteroides_coprocola	-0.0168038506455	0.0319427884904	0.0484520576917	-0.021212583376	-0.020783538372	0.0300547753762	0.0121171733666	-0.0460740508831	0.0561098669036	-0.0200428210212	-0.0069305752912	1.0	-0.00969538036004	0.0610664503821	-0.0346211922677	-0.0316148025383	-0.0394436983785	-0.0195926785101	-0.0337077549563	0.017790695433	-0.0690437742283	0.0372967211503	-0.067704701422	0.0638784492249	-0.0107454646502	-0.0252818677808	-0.0219390323308	-0.00763547967258	-0.0358523230356	-0.0193149124806	0.0878152672504	-0.00996633921064	0.00770125422332	-0.014860964799	-0.0181875771275	-0.0408651167612	-0.0117453549101	-0.00138667039047	-0.000714115533044	-0.00444709269583	-0.00250667151682	0.029068008582	-0.0339468581025	-0.0537612630007	-0.0499608793882	-0.042292251136	-0.0355338703015	0.0107316140627	0.0429951020437	-0.00607741794319	0.0171774352987	0.0149033057076	0.00315673993402	-0.0326523878146	-0.00649788526821	0.0361723960292	0.0163320717134	-0.0534726012253	0.00265504876453
k__Bacteria;p__Bacteroidetes;c__Bacteroidia;o__Bacteroidales;f__Bacteroidaceae;g__Bacteroides;s__Bacteroides_cellulosilyticus	-0.077218680554	-0.0266568395184	0.0318047826654	-0.00235994832995	0.0282694561374	0.0618002828368	0.0576640764162	0.0220962139804	0.0144247988648	-0.0253436964711	0.0134344917492	-0.00969538036004	1.0	0.0278554627051	-0.0360337699831	-0.0375587682336	-0.00397083684676	0.0181398309516	0.0380553705636	-0.0376294361728	-0.0315811035655	-0.0081822069373	-0.0283470479061	-0.0317445311948	-0.036261123342	0.0001991669819	0.0172862796378	-0.000272726364219	-0.0285772348415	0.0707590109412	-0.00759484309983	-0.074890687065	-0.006678859734	-0.0236655585535	-0.0043935592105	-0.0344389727599	0.00542057814393	-0.00117271687767	-0.0157471775874	-0.0111347370801	0.0367132881846	-0.0357902160362	0.00664827156201	0.0419689424295	-0.0575129995906	-0.0552482563333	-0.0743650348484	-0.0939985840857	-0.0166642253841	0.0341586613905	-0.0624583800007	0.0616375510974	-0.0423321495248	0.0451679684559	0.00659709731094	-0.00461023428788	-0.0247894858368	-0.0153402590458	0.0254356864587
k__Bacteria;p__Bacteroidetes;c__Bacteroidia;o__Bacteroidales;f__Rikenellaceae;g__Alistipes;s__Alistipes_obesi	0.030085423016	-0.0361843660858	-0.0433647442724	0.00110184647806	-0.0159422289909	0.0506243950946	-0.0431664546882	-0.0287406837466	0.0286808838647	0.0230954790865	-0.0639187998598	0.0610664503821	0.0278554627051	1.0	-0.0545515181331	-0.0401486815571	0.0459993113195	0.0285567280553	0.0880711168834	0.0133091234104	-0.00400507356643	-0.00194022095885	0.0658668896482	-0.0147005719989	-0.000532648998203	-0.011736088054	0.000929611051464	0.0127604739454	-0.0601665559522	-0.0719472049116	-0.0060994810796	-0.0496196163382	-0.0111144375658	-0.00559279092855	0.0154347914947	-0.0329505199445	0.0166038768168	0.0060182172789	-0.0134576033406	-0.0250623853317	-0.0107372337576	-0.0573453938899	0.0139227415434	0.0318259096593	-0.0064115755437	-0.0108979509843	-0.0162120026121	0.0338786550981	0.00666397205902	-0.0375886951698	-0.0327353151315	0.0186120566345	0.0193654775059	-0.00171775591945	-0.0317241229185	-0.0102803599828	0.0395024681275	0.0434440640801	-0.0571557348692
k__Bacteria;p__Firmicutes;c__Clostridia;o__Clostridiales;f__Lachnospiraceae;g__;s__[Eubacterium]_rectale	-0.0175694422694	-0.00239884070281	-0.0297306631808	-0.00585213727764	0.00501229056468	-0.0696233082521	-0.0346219159472	-0.0418133883987	0.00228662428338	-0.0161569992235	0.0113781181527	-0.0346211922677	-0.0360337699831	-0.0545515181331	1.0	-0.023626338169	-0.0296326089237	-0.0721458032504	0.0178779834242	-0.0113121853986	-0.0087105242849	-0.0588917079339	-0.0404849418742	-0.0129790036126	0.0155176314336	-0.00688757883077	0.0133282982625	0.00338183591744	0.0489776958146	0.045852560313	0.0428504541838	0.0161153305806	0.0763213190976	0.00725315600955	-0.0244281081917	-0.0272986737841	-0.0407227791956	-0.0232982321427	0.00781956451413	-0.00402866076603	-0.0212767537377	-0.00582192833127	0.0282966135215	-0.00463186188202	0.00671269439208	0.0464339164623	0.0101493917524	-0.00218827848667	0.0317850289345	0.0301433436032	-0.0459236494626	-0.0430289767244	-0.0149071450177	-0.0109849378218	-0.0188587215173	0.0347006642258	-0.0115141985004	-0.0660479550837	-0.00605693177329
k__Bacteria;p__Bacteroidetes;c__Bacteroidia;o__Bacteroidales;f__Bacteroidaceae;g__Bacteroides;s__Bacteroides_plebeius	-0.0322757671974	-0.00961089915187	-0.0455091315431	0.0251097021498	-0.0263671530971	0.00117954528236	-0.0309489939792	0.00787465346252	-0.00680335069645	0.0234019380248	0.0341540111695	-0.0316148025383	-0.0375587682336	-0.0401486815571	-0.023626338169	1.0	-0.075072135103	0.0152884266299	-0.037961649294	-0.0142117577458	0.0265655144243	-0.0460918266318	-0.0403375664378	0.0172661718569	0.0316804255749	-0.0637634429636	0.0678824106031	-0.033128562579	0.073680354415	-0.0158024433967	-0.0134588338643	-0.0193671574598	0.033158202246	0.0119272662136	0.0229362694344	0.0228691734611	-0.0187148103353	-0.00827242397123	0.0557563093262	0.00181027770101	-0.0331743774923	0.0216391089867	0.00301457651225	0.00701722412255	-0.0300218779209	0.0729957984057	-0.00849395191605	0.0528599402856	0.0876778597607	-0.0446733918633	-0.0346698928984	0.000776721716289	-0.0331628321993	-0.0162776389431	-0.0404512651758	0.0375546231194	-0.0112924947372	0.0336904809065	-0.0338569305767
k__Bacteria;p__Bacteroidetes;c__Bacteroidia;o__Bacteroidales;f__Bacteroidaceae;g__Bacteroides;s__Bacteroides_fragilis	0.0166820270837	-0.0148391278383	0.0377960507619	0.0199518603662	-0.0285772195557	0.00226692312523	-0.0114745415566	0.0101825339833	-0.0151289422986	-0.00994211949611	-0.0459175559053	-0.0394436983785	-0.00397083684676	0.0459993113195	-0.0296326089237	-0.075072135103	1.0	-0.0410821417699	0.0361325847335	0.0460650064826	-0.0689380371206	0.0262248170555	-0.00882410301376	0.0474992507772	-0.00980886843448	-0.0297240381765	-0.0460700709231	0.031264435985	0.0365366889697	-0.0179281945536	-0.0281125215837	0.0133328376154	-0.0134028789705	0.0213433998618	-0.0360677647707	0.014786639138	-0.0297748318756	-0.0322188576864	-0.0118310746866	0.00434390933705	-0.04603415528	0.0143817728799	-0.00486775000588	0.00387039806739	-0.00515341044891	0.0138286684393	0.0131716878583	-0.0570612337861	-0.0268100250833	-0.0280901310483	-0.0103276218777	-0.0135015908344	0.0690743567471	0.0167906025692	-0.0147757155913	-0.0249933145592	-0.0010957536019	-0.0602711942174	-0.0541612408805
k__Bacteria;p__Proteobacteria;c__Betaproteobacteria;o__Burkholderiales;f__Sutterellaceae;g__Sutterella;s__Sutterella_wadsworthensis	0.0447931672106	0.00168994492159	-0.00639545584997	-0.0145675833792	0.00160179355072	-0.01105124225	-0.0108334898872	-0.00052976730592	-0.0338065253679	0.00741895096167	0.00227101673317	-0.0195926785101	0.0181398309516	0.0285567280553	-0.0721458032504	0.0152884266299	-0.0410821417699	1.0	0.0206353432059	0.0167962118877	8.89441828396e-05	0.00108055355002	-0.0539634605121	-0.0232160228225	-0.0111016004208	-0.0142754715288	-0.0283902752223	-0.00925333270744	0.0602367073939	-0.0394552628315	-0.0179419780437	0.0173203098771	-0.0270776168387	0.0381220100266	-0.0159824276965	0.0149223267509	0.0192159224594	0.033104583004	-0.00652916114025	-0.0257759841052	0.0102919934233	-0.019551699861	-0.0144789614638	-0.00346134411943	-0.00975099208511	-0.00979242385533	0.0782554038571	-0.0526451544225	-0.0827848215861	0.046800272886	-0.0216841379327	-0.00125402554585	0.027989303659	-0.070891884504	-0.00888613050303	-0.00204344175749	0.0278927375998	-0.0809984701782	-0.0337487830312
k__Bacteria;p__Bacteroidetes;c__Bacteroidia;o__Bacteroidales;f__Porphyromonadaceae;g__Barnesiella;s__Barnesiella_intestinihominis	0.00784911877466	0.000391367623377	-0.006134094958	0.0200409189629	-0.00497956587221	-0.00879749196169	-0.0334742176603	-0.0356288204752	-0.115371920004	0.0137701217264	-0.0298661363269	-0.0337077549563	0.0380553705636	0.0880711168834	0.0178779834242	-0.037961649294	0.0361325847335	0.0206353432059	1.0	-0.0756767062439	0.0466175661037	-0.0245816672465	0.0184057685379	-0.0694901967642	-0.0473666059999	-0.0794816713181	-0.0788407503285	-0.025886771621	-0.0201779732914	-0.00274262613065	0.0418819580476	-0.0495569533937	0.03915812495	0.056539002628	0.00855865000087	0.00386025322704	-0.0368973972846	-0.0920653588324	0.0547414649545	0.00558564649271	-0.0176172032667	-0.0239844379745	0.00269571905134	-0.0406256753133	0.00337456316175	0.0221658959535	0.0427711923666	0.0242412302115	-0.00228986213287	-0.00321977332093	0.0160027898743	0.0346606255848	0.0220818676441	0.00183149126747	-0.0119000596247	0.00673505622766	0.00718808292192	-0.0185241402751	-0.0133543156187
k__Bacteria;p__Bacteroidetes;c__Bacteroidia;o__Bacteroidales;f__Odoribacteraceae;g__Odoribacter;s__Odoribacter_splanchnicus	-0.011407704336	-0.0337844102702	-0.0546405280825	-0.0598290910093	0.0372957122351	-0.0345659860563	-0.0370872059577	0.0199586769179	0.00843543709236	-0.00344739818025	0.0234844155233	0.017790695433	-0.0376294361728	0.0133091234104	-0.0113121853986	-0.0142117577458	0.0460650064826	0.0167962118877	-0.0756767062439	1.0	-0.0452549430776	-0.0186857774924	0.0154843779805	-0.0229782240717	0.00727007330621	-0.0621221169779	-0.00872885471424	-0.0456104624742	-0.0377958051529	0.0308409307533	0.00305536593249	-0.00669727905321	-0.0712866577664	-0.0323345413983	-0.0330266124328	0.0207860031671	-0.00366081407345	0.060538198502	-0.0339752442617	-0.0341972413748	0.0190548722846	-0.0712351304649	-0.0165416905956	-0.0232177793665	-0.0402825833899	0.0131317803667	0.0190045150287	0.04453240215	0.0366513524217	0.0102482476712	-0.0170223189442	-0.0281202753766	0.0776856815529	0.0324398365632	0.00139756322268	0.00672486557681	-0.00760728029825	0.00328630110427	-0.0120525315069
k__Bacteria;p__Bacteroidetes;c__Bacteroidia;o__Bacteroidales;f__Bacteroidaceae;g__Bacteroides;s__Bacteroides_salyersiae	-0.0605407991282	-0.000716543783856	0.0185868419697	-0.0245664929969	-0.0308593074428	-0.0166902870109	0.0144265247411	0.0169068421428	-0.0406248850995	0.0234909859047	0.0808398908644	-0.0690437742283	-0.0315811035655	-0.00400507356643	-0.0087105242849	0.0265655144243	-0.0689380371206	8.89441828396e-05	0.0466175661037	-0.0452549430776	1.0	0.00894597071921	-0.0303890930459	-0.00844630490573	0.00508867732813	0.0414907331092	-0.0134375944569	-0.0204408406452	0.00265116259029	-0.00365232711809	-0.0207683815112	-0.00535866277063	0.0138791288036	-0.00366890722155	0.0230475074373	-0.0230082026381	0.0529865677498	-0.0140791494211	-0.0204194095917	0.0678116391717	0.0204064277541	-0.0310380391404	-0.0113957428105	-0.0552127718145	-0.0301955511768	-0.0573496589382	0.0231609873879	-0.0655062394397	-0.0187495567354	-0.0209809119122	0.0260695094675	-0.0091983323496	0.0884832094342	0.00379364243747	-0.00787679490855	0.00492683094557	-0.0168824433929	-0.0488738368056	-0.0133045237732
k__Bacteria;p__Firmicutes;c__Clostridia;o__Clostridiales;f__Ruminococcaceae;g__Ruminiclostridium;s__[Eubacterium]_siraeum	-0.0191280592211	0.00453494636847	-0.017843872413	-0.0164769765223	-0.0195863862504	0.0629547640188	-0.0403624837229	0.0406906702645	-0.0155158157217	-0.00432448004216	0.0347048560299	0.0372967211503	-0.0081822069373	-0.00194022095885	-0.0588917079339	-0.0460918266318	0.0262248170555	0.00108055355002	-0.0245816672465	-0.0186857774924	0.00894597071921	1.0	0.0234188870122	-0.000305195746334	-0.00642763991806	0.0218397832391	0.0466643048847	0.0908578386673	-0.0368740408899	-0.0136837527826	0.00695463432997	0.065863229804	-0.0265161355975	0.0145232950721	0.0391737252713	-0.0357637462309	-0.0234306516922	0.00951248015161	-0.0298503946598	0.0231341561959	-0.0352017844111	-0.0351641097046	0.0256625411085	0.00315852600147	-0.0301248595667	0.0260432537074	0.0193725295066	-0.030650391155	0.0319364658848	-0.048521750068	-0.0195700004779	-0.0148933130943	-0.0384866616291	0.00831086492545	0.0163026913859	-0.0302649197672	-0.00657898993218	-0.00948091065243	-0.00986492225684
k__Bacteria;p__Proteobacteria;c__Betaproteobacteria;o__Burkholderiales;f__Sutterellaceae;g__Parasutterella;s__Parasutterella_excrementihominis	0.00662670243262	0.0566452898461	0.00859084363286	-0.0342277563491	-0.0131277056033	-0.00239910248829	0.0098417816896	-0.0668528854717	0.0316723494825	-0.00773611288812	0.0295664840458	-0.067704701422	-0.0283470479061	0.0658668896482	-0.0404849418742	-0.0403375664378	-0.00882410301376	-0.0539634605121	0.0184057685379	0.0154843779805	-0.0303890930459	0.0234188870122	1.0	-0.0255822936925	-0.0765278014205	0.0196894788511	-0.00632212026938	0.0195713849456	0.00780631535726	-0.0515518195848	-0.0512995125413	0.0467283100327	-0.0240486250281	0.0314993373832	-0.0551759027208	0.021853999061	0.0273862841723	-0.0463465934455	0.0133157329648	-0.0458651781752	0.0697423733821	0.00765817442087	-0.00856342137663	0.0280309918624	0.00873061086064	-0.0545892240781	-0.0631267118352	-0.0897610186503	0.0373207717275	0.0172882566257	0.0083489529216	-0.0673932162013	-0.0196634093771	-0.0215650744563	-0.0390173300436	-0.0568056742795	-0.0705086480413	0.0203387742715	-0.0148177149546
k__Bacteria;p__Actinobacteria;c__Actinobacteria;o__Bifidobacteriales;f__Bifidobacteriaceae;g__Bifidobacterium;s__Bifidobacterium_adolescentis	0.00739381388094	0.0497126146325	0.0162964992236	-0.0242271727692	0.0282555165981	-0.0753040086707	-0.0717179883124	0.0349929359038	0.013033922097	0.0210455551421	-0.0436881391486	0.0638784492249	-0.0317445311948	-0.0147005719989	-0.0129790036126	0.0172661718569	0.0474992507772	-0.0232160228225	-0.0694901967642	-0.0229782240717	-0.00844630490573	-0.000305195746334	-0.0255822936925	1.0	0.0132705127205	-0.00355765015245	0.0352243577538	-0.00700859513253	0.0051646635159	-0.0010325837544	-0.0392510959179	-0.0324626285939	0.0377746636266	0.0154168498084	0.0368098804527	-0.0383177745308	-0.00067108042232	0.0322043911227	-0.00454995830412	-0.00221378964145	-0.0707689274356	-0.0516970985763	0.014722892465	-0.0274609087383	-0.0307224479631	0.000480379132623	0.0101002510439	-0.0384900205838	0.0540111504901	0.0307454407936	-0.00888776477047	0.04832532273	-0.0405094102608	-0.0035171226828	-0.0339399608417	-0.0323968539571	-0.0802497217965	-0.0231455246233	-0.0416660024916
k__Bacteria;p__Firmicutes;c__Clostridia;o__Clostridiales;f__Oscillospiraceae;g__Oscillibacter;s__Oscillibacter_sp._KLE_1745	-0.0295587793662	0.0418543600137	-0.0220037722594	0.0614946903829	-0.0601201893836	0.0211475017961	0.030972873757	0.00595932652521	-0.048545658022	-0.0058190564014	0.0249303579977	-0.0107454646502	-0.036261123342	-0.000532648998204	0.0155176314336	0.0316804255749	-0.00980886843448	-0.0111016004208	-0.0473666059999	0.00727007330621	0.00508867732813	-0.00642763991806	-0.0765278014205	0.0132705127205	1.0	0.0191838180645	-0.0394274049561	-0.0382839057181	-0.0315446821732	-0.0101831939556	-0.00324154666315	-0.0252218873462	0.0281465952831	-0.0081470661394	-0.00424841733234	0.0216760572516	-0.00135418178968	-0.0469499650574	0.0275656729644	0.0135466909907	0.0372630061092	0.00440620884197	-0.0702682105681	-0.00388474809187	-0.018007588949	-0.01779147816	0.0678059921441	0.0262441436583	0.0138978601795	-0.0152041334461	-0.033377788875	0.0179457371471	0.00652530965218	-0.0678385652587	0.0205981132922	-0.0149388095482	-0.0622951493257	0.0490096383418	0.0391309129368
k__Bacteria;p__Bacteroidetes;c__Bacteroidia;o__Bacteroidales;f__Bacteroidaceae;g__Bacteroides;s__Bacteroides_coprophilus	-0.0284579269117	-0.00390559321555	-0.00288199346076	-0.0917365543334	-0.0883886561872	0.0305696836805	0.0659459862106	-0.0537883039806	-0.00973043412034	-0.0191955183532	-0.0380784548226	-0.0252818677808	0.0001991669819	-0.011736088054	-0.00688757883077	-0.0637634429636	-0.0297240381765	-0.0142754715288	-0.0794816713181	-0.0621221169779	0.0414907331092	0.0218397832391	0.0196894788511	-0.00355765015245	0.0191838180645	1.0	0.0340343328499	0.0210148630466	0.0287210724836	0.0486841498905	-0.0123512346037	-0.037707803105	-0.0172214609892	-0.00140579850681	-0.0255722981086	0.0487976500468	0.0140922885433	0.00434765650509	-0.0772331634408	0.0826313964795	-0.0286733528121	-0.0251070990099	-0.0415200993692	0.00388048129378	-0.0156290739028	0.0256473695268	0.00290206408219	-0.0211334660886	0.0144963067849	0.014094496654	0.0657927696065	0.00270168764043	0.00630756784237	-0.0415262161891	-0.0150683840484	0.00420957107569	-0.0198842894385	-0.0554653552294	0.0433563600326
k__Bacteria;p__Firmicutes;c__Clostridia;o__Clostridiales;f__Lachnospiraceae;g__Roseburia;s__Roseburia_intestinalis	0.0253303424854	0.0265436693984	-0.0129832598148	-0.00561400630263	0.00759020715673	-0.0458734857358	-0.0123969457184	0.0597329774874	-0.0419919711239	0.0259935075249	0.0235588623881	-0.0219390323308	0.0172862796378	0.000929611051464	0.0133282982625	0.0678824106031	-0.0460700709231	-0.0283902752223	-0.0788407503285	-0.00872885471424	-0.0134375944569	0.0466643048847	-0.00632212026938	0.0352243577538	-0.0394274049561	0.0340343328499	1.0	-0.0159427056833	0.0457943793095	0.00320427848526	0.0217001737561	-0.0255200643796	0.0421737898603	-0.0452411853832	-0.0493727719806	-0.047171608046	0.0171014062141	-0.00836768447115	-0.0200336891046	-0.0554868794709	-0.0412892156571	-0.00564020694639	0.0416377624673	-0.0104402476343	-0.0162265496977	0.0281458134868	-0.0466224390909	0.00579265993081	0.0653768973196	0.0322120966525	-0.0178311236664	0.0604486127326	-0.0410756730169	-0.0332364886798	0.00301220951054	-0.00660451379445	-0.0493902957395	-0.0854336529159	0.0385423035932
k__Bacteria;p__Firmicutes;c__Clostridia;o__Clostridiales;f__Lachnospiraceae;g__Roseburia;s__Roseburia_hominis	-0.0217651741628	-0.0729863794847	-0.0219543905756	-0.013639719252	-0.00860810498621	-0.0496445926577	-0.0616596528068	0.0494667706595	0.0155808504505	-0.0314553318878	-0.0274720230202	-0.00763547967258	-0.000272726364219	0.0127604739454	0.00338183591744	-0.033128562579	0.031264435985	-0.00925333270744	-0.025886771621	-0.0456104624742	-0.0204408406452	0.0908578386673	0.0195713849456	-0.00700859513253	-0.0382839057181	0.0210148630466	-0.0159427056833	1.0	0.0295091269135	-0.0709067666824	-0.00572952734639	-0.0258599792846	-0.0105501842172	-0.0408465183404	0.00339558740848	-0.0232787854538	-0.0159733022375	-0.0448653205999	-0.020891345581	0.0237615973476	-0.0146275622118	0.0101976277751	-0.0606455177685	0.00905816468607	-0.0301402028039	0.0590246778377	-0.0121908805856	-0.0751680718009	-0.00750339743052	0.0735858414843	-0.0247832905428	0.0531003827004	0.0131213808615	0.0150050087525	-0.0259183142305	0.0175583267255	-0.0358952748702	-0.00354232763136	0.03693026278
k__Bacteria;p__Bacteroidetes;c__Bacteroidia;o__Bacteroidales;f__Porphyromonadaceae;g__Parabacteroides;s__Parabacteroides_johnsonii	0.0695889029182	0.0146943450735	-0.00624575421263	-0.049356863936	-0.00568004189071	0.00453150291497	0.00743215062542	-0.0150376775896	-0.00641676351579	0.0171543267889	0.0578030469471	-0.0358523230356	-0.0285772348415	-0.0601665559522	0.0489776958146	0.073680354415	0.0365366889697	0.0602367073939	-0.0201779732914	-0.0377958051529	0.00265116259029	-0.0368740408899	0.00780631535726	0.0051646635159	-0.0315446821732	0.0287210724836	0.0457943793095	0.0295091269135	1.0	0.0506309600604	0.0399267579015	0.0420817884762	-0.0168238877511	-0.00281116244035	0.00345461883275	-0.0523800086867	-0.0221477619125	-0.000933827486821	-0.0577095148287	0.0825923186675	-0.0107277699097	0.00379882442132	-0.00299216501221	0.00936316405021	0.0251903700003	0.0521865037582	-0.0426634031049	0.0529531662106	-0.0418336656603	-0.0365455752588	0.00632803490531	-0.0356454962008	-0.0173238635455	-0.0717301258647	-0.0178441743042	-0.00329346591781	-0.0352995257947	0.0236984167278	-0.00364027071405
k__Bacteria;p__Actinobacteria;c__Actinobacteria;o__Bifidobacteriales;f__Bifidobacteriaceae;g__Bifidobacterium;s__Bifidobacterium_longum	0.0203801456769	-0.00865738088031	-0.0347563378709	0.0149904485652	-0.00138681672372	0.0146342527591	-0.0125060029701	0.022183837607	0.0167426039216	-0.0035325779384	-0.0602713126143	-0.0193149124806	0.0707590109412	-0.0719472049116	0.045852560313	-0.0158024433967	-0.0179281945536	-0.0394552628315	-0.00274262613065	0.0308409307533	-0.00365232711809	-0.0136837527826	-0.0515518195848	-0.0010325837544	-0.0101831939556	0.0486841498905	0.00320427848526	-0.0709067666824	0.0506309600604	1.0	0.0320351692728	-0.00650395693269	-0.0775149515636	0.00357937832689	-0.0383352149783	-0.0253633740248	0.0179655830922	-0.0311897761941	0.0259309836993	-0.0132851676756	-0.0894697514685	-0.0298614685897	0.0247709490027	0.0997173292631	-0.015595344101	-0.00374356950965	-0.0283109877304	-0.0287669560225	0.0103451489515	-0.0164427424122	-0.0206281081833	0.0286497541193	-0.0326795594054	-0.0229267881715	-0.0130098964031	0.00241785237817	0.0210237685842	-0.0282221779643	-0.053060296894
