#taxonomy	k__Bacteria;p__Bacteroidetes;c__Bacteroidia;o__Bacteroidales;f__Bacteroidaceae;g__Bacteroides;s__Bacteroides_vulgatus	k__Bacteria;p__Bacteroidetes;c__Bacteroidia;o__Bacteroidales;f__Bacteroidaceae;g__Bacteroides;s__Bacteroides_uniformis	k__Bacteria;p__Bacteroidetes;c__Bacteroidia;o__Bacteroidales;f__Rikenellaceae;g__Alistipes;s__Alistipes_putredinis	k__Bacteria;p__Bacteroidetes;c__Bacteroidia;o__Bacteroidales;f__Prevotellaceae;g__Prevotella;s__Prevotella_copri	k__Bacteria;p__Bacteroidetes;c__Bacteroidia;o__Bacteroidales;f__Bacteroidaceae;g__Bacteroides;s__Bacteroides_stercoris	k__Bacteria;p__Bacteroidetes;c__Bacteroidia;o__Bacteroidales;f__Bacteroidaceae;g__Bacteroides;s__Bacteroides_ovatus	k__Bacteria;p__Bacteroidetes;c__Bacteroidia;o__Bacteroidales;f__Rikenellaceae;g__Alistipes;s__Alistipes_shahii	k__Bacteria;p__Firmicutes;c__Clostridia;o__Clostridiales;f__Ruminococcaceae;g__Faecalibacterium;s__Faecalibacterium_prausnitzii	k__Bacteria;p__Bacteroidetes;c__Bacteroidia;o__Bacteroidales;f__Rikenellaceae;g__Alistipes;s__Alistipes_finegoldii	k__Bacteria;p__Bacteroidetes;c__Bacteroidia;o__Bacteroidales;f__Porphyromonadaceae;g__Parabacteroides;s__Parabacteroides_distasonis	k__Bacteria;p__Bacteroidetes;c__Bacteroidia;o__Bacteroidales;f__Bacteroidaceae;g__Bacteroides;s__Bacteroides_thetaiotaomicron	k__Bacteria;p__Bacteroidetes;c__Bacteroidia;o__Bacteroidales;f__Bacteroidaceae;g__Bacteroides;s__Bacteroides_coprocola	k__Bacteria;p__Bacteroidetes;c__Bacteroidia;o__Bacteroidales;f__Bacteroidaceae;g__Bacteroides;s__Bacteroides_cellulosilyticus	k__Bacteria;p__Bacteroidetes;c__Bacteroidia;o__Bacteroidales;f__Rikenellaceae;g__Alistipes;s__Alistipes_obesi	k__Bacteria;p__Firmicutes;c__Clostridia;o__Clostridiales;f__Lachnospiraceae;g__;s__[Eubacterium]_rectale	k__Bacteria;p__Bacteroidetes;c__Bacteroidia;o__Bacteroidales;f__Bacteroidaceae;g__Bacteroides;s__Bacteroides_plebeius	k__Bacteria;p__Bacteroidetes;c__Bacteroidia;o__Bacteroidales;f__Bacteroidaceae;g__Bacteroides;s__Bacteroides_fragilis	k__Bacteria;p__Proteobacteria;c__Betaproteobacteria;o__Burkholderiales;f__Sutterellaceae;g__Sutterella;s__Sutterella_wadsworthensis	k__Bacteria;p__Bacteroidetes;c__Bacteroidia;o__Bacteroidales;f__Porphyromonadaceae;g__Barnesiella;s__Barnesiella_intestinihominis	k__Bacteria;p__Bacteroidetes;c__Bacteroidia;o__Bacteroidales;f__Odoribacteraceae;g__Odoribacter;s__Odoribacter_splanchnicus	k__Bacteria;p__Bacteroidetes;c__Bacteroidia;o__Bacteroidales;f__Bacteroidaceae;g__Bacteroides;s__Bacteroides_salyersiae	k__Bacteria;p__Firmicutes;c__Clostridia;o__Clostridiales;f__Ruminococcaceae;g__Ruminiclostridium;s__[Eubacterium]_siraeum	k__Bacteria;p__Proteobacteria;c__Betaproteobacteria;o__Burkholderiales;f__Sutterellaceae;g__Parasutterella;s__Parasutterella_excrementihominis	k__Bacteria;p__Actinobacteria;c__Actinobacteria;o__Bifidobacteriales;f__Bifidobacteriaceae;g__Bifidobacterium;s__Bifidobacterium_adolescentis	k__Bacteria;p__Firmicutes;c__Clostridia;o__Clostridiales;f__Oscillospiraceae;g__Oscillibacter;s__Oscillibacter_sp._KLE_1745	k__Bacteria;p__Bacteroidetes;c__Bacteroidia;o__Bacteroidales;f__Bacteroidaceae;g__Bacteroides;s__Bacteroides_coprophilus	k__Bacteria;p__Firmicutes;c__Clostridia;o__Clostridiales;f__Lachnospiraceae;g__Roseburia;s__Roseburia_intestinalis	k__Bacteria;p__Firmicutes;c__Clostridia;o__Clostridiales;f__Lachnospiraceae;g__Roseburia;s__Roseburia_hominis	k__Bacteria;p__Bacteroidetes;c__Bacteroidia;o__Bacteroidales;f__Porphyromonadaceae;g__Parabacteroides;s__Parabacteroides_johnsonii	k__Bacteria;p__Actinobacteria;c__Actinobacteria;o__Bifidobacteriales;f__Bifidobacteriaceae;g__Bifidobacterium;s__Bifidobacterium_longum	k__Bacteria;p__Firmicutes;c__Clostridia;o__Clostridiales;f__;g__Flavonifractor;s__Flavonifractor_plautii	k__Bacteria;p__Firmicutes;c__Clostridia;o__Clostridiales;f__Clostridiaceae;g__Clostridium;s__Clostridium_phoceensis	k__Bacteria;p__Verrucomicrobia;c__Verrucomicrobiae;o__Verrucomicrobiales;f__Akkermansiaceae;g__Akkermansia;s__Akkermansia_muciniphila	k__Bacteria;p__Bacteroidetes;c__Bacteroidia;o__Bacteroidales;f__Prevotellaceae;g__Paraprevotella;s__Paraprevotella_xylaniphila	k__Bacteria;p__Firmicutes;c__Clostridia;o__Clostridiales;f__Ruminococcaceae;g__Ruminococcus;s__Ruminococcus_callidus	k__Bacteria;p__Bacteroidetes;c__Bacteroidia;o__Bacteroidales;f__Rikenellaceae;g__Alistipes;s__Alistipes_senegalensis	k__Bacteria;p__Firmicutes;c__Clostridia;o__Clostridiales;f__Lachnospiraceae;g__Blautia;s__Blautia_sp._KLE_1732	k__Bacteria;p__Bacteroidetes;c__Bacteroidia;o__Bacteroidales;f__Bacteroidaceae;g__Bacteroides;s__Bacteroides_oleiciplenus	k__Bacteria;p__Firmicutes;c__Clostridia;o__Clostridiales;f__Ruminococcaceae;g__Ruminococcus;s__Ruminococcus_bicirculans	k__Bacteria;p__Bacteroidetes;c__Bacteroidia;o__Bacteroidales;f__Bacteroidaceae;g__Bacteroides;s__Bacteroides_fluxus	k__Bacteria;p__Bacteroidetes;c__Bacteroidia;o__Bacteroidales;f__Prevotellaceae;g__Prevotella;s__Prevotella_stercorea	k__Bacteria;p__Firmicutes;c__Clostridia;o__Clostridiales;f__Lachnospiraceae;g__Dorea;s__Dorea_longicatena	k__Bacteria;p__Firmicutes;c__Clostridia;o__Clostridiales;f__Eubacteriaceae;g__Eubacterium;s__[Eubacterium]_eligens	k__Bacteria;p__Firmicutes;c__Clostridia;o__Clostridiales;f__Ruminococcaceae;g__;s__Ruminococcaceae_bacterium_D16	k__Bacteria;p__Firmicutes;c__Clostridia;o__Clostridiales;f__Lachnospiraceae;g__Coprococcus;s__Coprococcus_comes	k__Bacteria;p__Proteobacteria;c__Gammaproteobacteria;o__Enterobacterales;f__Enterobacteriaceae;g__Escherichia;s__Escherichia_coli	k__Bacteria;p__Firmicutes;c__Clostridia;o__Clostridiales;f__Ruminococcaceae;g__Anaerotruncus;s__Anaerotruncus_colihominis	k__Bacteria;p__Firmicutes;c__Clostridia;o__Clostridiales;f__Lachnospiraceae;g__Blautia;s__Blautia_obeum	k__Bacteria;p__Bacteroidetes;c__Bacteroidia;o__Bacteroidales;f__Odoribacteraceae;g__Odoribacter;s__Odoribacter_laneus	k__Bacteria;p__Firmicutes;c__Clostridia;o__Clostridiales;f__Ruminococcaceae;g__Ruminiclostridium;s__[Clostridium]_leptum	k__Bacteria;p__Bacteroidetes;c__Bacteroidia;o__Bacteroidales;f__Porphyromonadaceae;g__Parabacteroides;s__Parabacteroides_goldsteinii	k__Bacteria;p__Firmicutes;c__Clostridia;o__Clostridiales;f__Lachnospiraceae;g__Anaerostipes;s__Anaerostipes_hadrus	k__Bacteria;p__Firmicutes;c__Clostridia;o__Clostridiales;f__Ruminococcaceae;g__Ruminococcus;s__Ruminococcus_lactaris	k__Bacteria;p__Firmicutes;c__Clostridia;o__Clostridiales;f__Clostridiaceae;g__Clostridium;s__Clostridium_sp._L2-50	k__Bacteria;p__Firmicutes;c__Clostridia;o__Clostridiales;f__Clostridiaceae;g__Clostridium;s__Clostridium_sp._M62/1	k__Bacteria;p__Firmicutes;c__Clostridia;o__Clostridiales;f__;g__Intestinimonas;s__Intestinimonas_butyriciproducens	k__Bacteria;p__Actinobacteria;c__Actinobacteria;o__Bifidobacteriales;f__Bifidobacteriaceae;g__Bifidobacterium;s__Bifidobacterium_bifidum	k__Bacteria;p__Firmicutes;c__Negativicutes;o__Veillonellales;f__Veillonellaceae;g__Dialister;s__Dialister_invisus	k__Bacteria;p__Bacteroidetes;c__Bacteroidia;o__Bacteroidales;f__Bacteroidaceae;g__Bacteroides;s__Bacteroides_salanitronis
k__Bacteria;p__Bacteroidetes;c__Bacteroidia;o__Bacteroidales;f__Bacteroidaceae;g__Bacteroides;s__Bacteroides_vulgatus	1.0	-0.0347228945151	-0.0343293802527	-0.0762787724584	0.00963937440631	-0.00263756707111	0.0176035658758	0.0257875573947	-0.0545626990049	-0.0527311078947	-0.0162596042943	0.0766451771557	0.00478436235264	0.0153231562835	-0.00917563098849	-0.0108459730988	-0.0834895776418	-0.0419092618275	-0.00114409105296	0.0581328077208	-0.0242125461401	0.0421041452579	0.0389411056206	0.0493497421904	-0.00343705499328	0.00154778408855	0.0829047262406	-0.0120227140793	-0.0232374299577	-0.0628486428016	-0.0250634769928	-0.0659187186132	0.0717776650891	-0.0459077729151	-0.048054421194	-0.0323777424835	-0.0229598921818	0.03500729107	0.0071411442045	0.016030908297	0.0402707047369	-0.0432844373684	0.00259432959806	-0.00319689347477	0.0561242240378	-0.0295102386987	0.000922843173003	-0.0434608484427	0.0416524768449	-0.0149022756161	-0.0720543021032	-0.0101081635653	-0.0302406649903	0.0537007278848	0.0181369241057	0.0419696883805	-0.0287131745195	-0.0819822941167	-0.00612648800378
k__Bacteria;p__Bacteroidetes;c__Bacteroidia;o__Bacteroidales;f__Bacteroidaceae;g__Bacteroides;s__Bacteroides_uniformis	-0.0347228945151	1.0	-0.0547538625374	-0.0296800261488	-0.0135919283797	0.05774293617	-0.0274873455345	0.0413410939505	0.0019306104001	0.155149666765	0.0445961627023	-0.00525759640999	-0.0594188276492	0.0708223694922	0.00802633953905	0.0181500413166	-0.0458169785739	0.00337350195339	-0.0144537961915	0.0364515872385	0.0126774938963	0.0493366934194	-0.0252977031918	-0.0434659835661	-0.0612732045984	-0.00710351217324	0.0251864689508	-0.033472021283	-0.0559368903816	-0.0755728498321	0.0294054669712	0.0221047398579	-0.0152881584425	0.0312387462735	0.0299343352799	0.0137109086881	-0.0576703638466	0.0456075087355	-0.0120913376848	0.0213138041294	-0.0087919430496	0.0398682856613	-0.0123501725112	-0.0214399291671	-0.0182871679009	-0.0297994673994	0.0204770088437	0.0532246126255	-0.0457634364469	-0.0254740341606	-0.0341615834099	-0.00869139877103	-0.0287125835179	-0.0101256103564	0.0267381669416	-0.00507101005421	0.00636424935957	-0.00561335306096	0.0505139520886
k__Bacteria;p__Bacteroidetes;c__Bacteroidia;o__Bacteroidales;f__Rikenellaceae;g__Alistipes;s__Alistipes_putredinis	-0.0343293802527	-0.0547538625374	1.0	-0.0682547842197	0.0431241437522	-0.00940722357545	-0.0242512453213	0.00095867817528	-0.0422524724743	-0.0780485577959	-0.0684951157799	0.00252547137896	-0.0305598765688	0.00177013093639	-0.026067415313	0.0195056375635	-0.0115413112757	-0.0151874570611	-0.0392780916777	-0.0123419759077	0.117072317984	-0.0608258420918	-0.031846481188	-0.0590883209484	0.0524068933621	0.0261300058609	0.0115425325347	-0.0344538377472	-0.0196463581677	-0.0477992759503	-0.0257685749558	0.0146031439379	0.012060349336	-0.0166032493616	-0.0883889024201	0.0293849418385	-0.0210117902306	-0.0113765266575	0.0255573196826	-0.013389011719	0.028388939871	-0.0159199318299	-0.000784111075064	0.0117085144031	0.0466641307035	0.0633335718242	-0.019321190411	-0.0485277209798	0.0523749048666	-0.0384902977277	-0.0554186795961	0.016232020733	0.0409589417947	-0.0202974469515	0.0132397128365	0.000730595246639	0.00777418641821	-0.0252829737234	-0.0444796641767
k__Bacteria;p__Bacteroidetes;c__Bacteroidia;o__Bacteroidales;f__Prevotellaceae;g__Prevotella;s__Prevotella_copri	-0.0762787724584	-0.0296800261488	-0.0682547842197	1.0	-0.0159686586388	0.0363711935946	-0.0233784922458	-0.00442425726344	-0.018919458178	0.0248737823358	-0.0219124433963	0.0542157378542	-0.00970379842041	0.0539658824279	-0.0283015089998	-0.01622435924	0.0488457149946	-0.0406343036052	-0.00237770186836	-0.0198196164563	0.04037717646	-0.000534036312653	0.0871981834103	-0.0504233009241	0.000954200723302	-0.0436876815914	-0.0265514957147	-0.0153931483124	-0.00728087639872	0.0495639573578	-0.031510065558	-0.026874109567	0.0240327383194	0.0433915365813	-0.00504802668075	0.000641845751335	-0.0417603510805	0.0496829555071	0.00445984662589	0.00481777597852	-0.0144732991998	0.0178919955465	-0.0465121520922	-0.0531623459749	-0.00134722849186	0.0897008622722	0.0322937821149	-0.00182324597981	-0.00434662059896	0.0915500073784	0.00583046811828	0.0618714668607	-0.0399701016074	-0.00617324069527	-0.0748673078436	-0.0219071600781	-0.0330733777363	-0.0775113455851	0.0322329402284
k__Bacteria;p__Bacteroidetes;c__Bacteroidia;o__Bacteroidales;f__Bacteroidaceae;g__Bacteroides;s__Bacteroides_stercoris	0.00963937440631	-0.0135919283797	0.0431241437522	-0.0159686586388	1.0	-0.0393128039872	-0.0192643583562	-0.0279899588841	-0.00771864166766	-0.0250554512684	-0.0270926334884	-0.0421844994509	0.00247781884374	-0.00308588786271	0.0410576906208	0.0624112178848	-0.00341108480318	-0.00325203353152	-0.074003282497	-0.0293878138481	0.0651755981649	0.0023655161	-0.0328492611081	0.0451712330805	-0.0362211397644	0.0372546661624	-0.0170566948649	-0.0306018286542	-0.0192705599704	-0.0525009775633	-0.0420267429163	-0.0868352840414	0.0420564983014	0.0742688617845	0.0593783998195	-0.028862473408	-0.013511557812	-0.0198941311723	0.00756166294491	0.0140387179143	-0.0112407091936	-0.0358828725316	-0.0523566017713	0.0256116634837	-0.0582121582468	-0.0142262481776	-0.0076064923933	-0.0468307568631	-0.0247743825237	-0.0415709390026	0.021519703563	-0.0366494426932	0.0533515011012	0.00150865256884	0.00177246490583	0.0274229196031	0.028276859726	0.01799031755	-0.0407970948693
k__Bacteria;p__Bacteroidetes;c__Bacteroidia;o__Bacteroidales;f__Bacteroidaceae;g__Bacteroides;s__Bacteroides_ovatus	-0.00263756707111	0.05774293617	-0.00940722357545	0.0363711935946	-0.0393128039872	1.0	0.00465708380934	0.00837202813384	-0.00328940052279	-0.0112487175699	-0.0199896581368	0.0155792133095	0.0201002282121	-0.0271423008121	-0.00646900683754	0.0119717350233	-0.0326522322542	0.0168491086451	0.0137629965742	-0.0306420294017	0.00259526092943	0.00191994320561	-0.0736243295098	-0.0254792651868	-0.109836888461	0.00734904383652	0.0289973212443	-0.00950097487381	-0.00693350003491	-0.0114356091255	0.00207327251605	0.0115099735685	-0.0310805570355	0.0186478074529	0.0012711121455	-0.0191226880558	0.0265607927117	-0.0600660944922	-0.0391723468122	0.0279415984792	0.0011445404196	-0.0207873349939	-0.0575650106764	0.0228406602934	0.0147836824952	-0.000151534948762	-0.0927108285726	-0.00248916970435	-0.0376326465862	0.0326590782285	0.0334539904393	-0.0212861228603	0.0617084529597	0.0206126583562	-0.0335687625353	-0.0152068958	0.0255426523512	-0.0551961004334	0.00834976366866
k__Bacteria;p__Bacteroidetes;c__Bacteroidia;o__Bacteroidales;f__Rikenellaceae;g__Alistipes;s__Alistipes_shahii	0.0176035658758	-0.0274873455345	-0.0242512453213	-0.0233784922458	-0.0192643583562	0.00465708380934	1.0	-0.0204586111847	0.0286118525814	0.00773067551098	0.0711282292789	0.0496500916805	0.00186312514471	-0.0229796697701	0.00105008930449	-0.00331736837769	0.0582361949065	-0.00373075454773	-0.018863108274	0.018160298729	0.00228667826203	-0.0130030727266	-0.0401564378377	-0.0207791198413	-0.0299843965513	0.0334808247157	-0.0484811132689	0.04134251986	-0.0955796364629	-0.052116376732	0.009723749543	-0.0123300479923	0.00689789854036	-0.0173419441303	0.0158138654449	0.0145626421182	0.0066097211284	0.0243184910383	-0.026238997773	-0.0329736981179	-0.0774325734608	0.00259915658712	-0.0331088000806	-0.00173730184016	-0.0502430711417	-0.016715419292	-0.0532625569106	0.0389544694876	0.0475458526263	-0.0191948474488	-0.0011615303854	-0.00652098899184	0.0380935547577	0.0608625929786	-0.0910977981696	-0.029451743137	-0.0338366912622	-0.063856963777	-0.0619805765732
k__Bacteria;p__Firmicutes;c__Clostridia;o__Clostridiales;f__Ruminococcaceae;g__Faecalibacterium;s__Faecalibacterium_prausnitzii	0.0257875573947	0.0413410939505	0.00095867817528	-0.00442425726344	-0.0279899588841	0.00837202813384	-0.0204586111847	1.0	-0.000761081022398	-0.033712641081	-0.00896582452247	-0.0449780510808	-0.0127394798003	-0.0841723491298	-0.051495814022	-0.046040909597	0.0155539457766	0.0765648201724	-0.013186248667	-0.0231927901275	-0.0274791000619	-0.017008879737	-0.0245123581541	0.00288760279011	-0.0468001570216	-0.0441027239544	-0.0207475796248	0.0372352641776	0.00699060424281	-0.0453289904635	-0.0235674628731	0.00384804957039	-0.0292633363936	-0.0229032903883	-0.0514750099165	-0.0624464364944	-0.0322343686769	-0.0380329813925	-0.0205398106043	0.0246601943985	0.0488925589191	0.0241124214158	-0.0269861145105	0.0106530480115	0.0164888562144	-0.0142197118163	-0.00233147822788	-0.00990347544056	0.0690121130555	-0.037861811477	-0.026764205595	-0.0487944850187	0.0166021947339	0.00683645237786	0.0112217987152	0.00252437895846	-0.0145022428206	-0.0720062977933	-0.000863591845022
k__Bacteria;p__Bacteroidetes;c__Bacteroidia;o__Bacteroidales;f__Rikenellaceae;g__Alistipes;s__Alistipes_finegoldii	-0.0545626990049	0.0019306104001	-0.0422524724743	-0.018919458178	-0.00771864166766	-0.00328940052279	0.0286118525814	-0.000761081022398	1.0	0.00619251001751	-0.0232834128948	-0.0534331734099	-0.0389662483931	-0.0260856313158	0.0190213137091	0.0191246477844	-0.0271713207673	0.0152420928322	-0.0195816282671	-0.0288794966715	-0.00460829853081	0.0286474392939	0.0596312011017	0.0186415128214	0.0313684301602	-0.0203471335937	-0.0487487067396	0.00650552663265	-0.026439243847	0.0417171228499	0.0307368010948	0.0448582012942	-0.0424457711583	-0.0514971249834	-0.0350598383046	0.0227601485335	-3.62513004438e-05	0.0366732520033	0.01102231691	-0.0186045993885	0.0421862304634	0.0365964434646	0.0154137697222	-0.0436563005041	0.0410066298352	0.0030832518407	0.0490309559119	-0.0262708093794	-0.107584898183	-0.026528491616	0.0780679193231	-0.0113956359845	0.0640679102091	0.00900907105534	-0.0619557109441	-0.0532816405411	0.017551639304	-0.00542720629555	-0.024217860157
k__Bacteria;p__Bacteroidetes;c__Bacteroidia;o__Bacteroidales;f__Porphyromonadaceae;g__Parabacteroides;s__Parabacteroides_distasonis	-0.0527311078947	0.155149666765	-0.0780485577959	0.0248737823358	-0.0250554512684	-0.0112487175699	0.00773067551098	-0.033712641081	0.00619251001751	1.0	0.00101613989445	-0.0243426673648	-0.0159521847821	-0.0134104274986	0.018775587739	-0.0205050560762	0.0289290171805	-0.0430776573125	0.0269634315774	0.100099832866	0.0760750211203	0.0835332244674	-0.0269794863782	-0.0280803967046	0.0399286871824	0.0187037063569	0.0258929406172	0.0372868489025	-0.0608880776023	-0.013152593405	-0.0533927418393	0.026561656275	-0.0255476672026	0.00266943631801	0.0321518473928	-0.0498987250384	-0.000789042632599	-0.0246028612619	-0.0293489947926	-0.0739427297962	0.0624131936238	0.0250002155675	-0.0461459617112	-0.023711538767	0.0316943960808	-0.0109587436994	-0.097885898704	-0.00184583864986	-0.0547295858056	0.0426063245246	0.0665083641238	-0.0195418703418	-0.027468361206	0.000903942662449	0.0239404980257	0.0134335033419	-0.0716907058727	-0.0244943940701	-0.000451839897625
k__Bacteria;p__Bacteroidetes;c__Bacteroidia;o__Bacteroidales;f__Bacteroidaceae;g__Bacteroides;s__Bacteroides_thetaiotaomicron	-0.0162596042943	0.0445961627023	-0.0684951157799	-0.0219124433963	-0.0270926334884	-0.0199896581368	0.0711282292789	-0.00896582452247	-0.0232834128948	0.00101613989445	1.0	0.00953031396764	0.0150816560801	-0.0713453627147	0.0351229843474	-0.0376708184574	-0.0181510447155	-0.038928941304	-0.0287027420116	0.0186382346516	0.0371350821566	-0.0452441732706	0.0078565797002	0.0499334865367	0.0151476158576	0.0158202749838	0.0218679205395	-0.0355401003579	-0.0754458490775	-0.0327184599262	-0.0271068630604	0.0433187209103	0.030553742133	0.00630308044505	0.0249007481472	-0.0845998395167	0.00881017660712	-0.0220375059249	0.00338341037984	-0.0541247922948	-0.0449796831002	-0.0337930012853	-0.059818150868	-0.0530113588811	-0.0335661310067	-0.0384730939236	0.00453346485874	-0.011849134659	0.0206484794217	0.0258704050467	0.0655423005782	-0.0304139115415	-0.0328072609801	0.0488035149962	0.00427215896792	-0.00445461551706	-0.0339565759898	-0.0068667384759	0.0268744444613
k__Bacteria;p__Bacteroidetes;c__Bacteroidia;o__Bacteroidales;f__Bacteroidaceae;g__Bacteroides;s__Bacteroides_coprocola	0.0766451771557	-0.00525759640999	0.00252547137896	0.0542157378542	-0.0421844994509	0.0155792133095	0.0496500916805	-0.0449780510808	-0.0534331734099	-0.0243426673648	0.00953031396764	1.0	0.00862017516434	-0.0310465633558	0.0136999451111	-0.0309503861612	-0.00516941241476	-0.0163084401544	0.033705051605	-0.0596109893739	-0.0829433594563	0.0649002005775	-0.0271884246276	0.0347145260117	-0.00773551150413	-0.0479222011294	0.0184525592684	0.0117761476042	0.0101272229631	-0.0633735096579	-0.0058629527231	-0.00808821247203	-0.0186861894967	-0.0219581755882	-0.0154875493312	-0.0144170526403	-0.00822869775652	0.0512064135347	-0.0485897440652	-0.018747504026	-0.031622017685	-0.0156903556821	0.0236538412178	-0.0295750460433	0.00677640604688	0.0125862054473	0.0145055083305	0.0760591489533	0.0615251978386	0.0168146513852	0.0151977432358	0.011671622281	-0.024984004579	0.00724574310119	-0.037573583138	0.0129163931151	-0.00547667379394	-0.0372139369085	-0.0437156675112
k__Bacteria;p__Bacteroidetes;c__Bacteroidia;o__Bacteroidales;f__Bacteroidaceae;g__Bacteroides;s__Bacteroides_cellulosilyticus	0.00478436235264	-0.0594188276492	-0.0305598765688	-0.00970379842041	0.00247781884374	0.0201002282121	0.00186312514472	-0.0127394798003	-0.0389662483931	-0.0159521847821	0.0150816560801	0.00862017516434	1.0	0.0117271400625	-0.0219396121154	-0.0292833425069	0.00123708596948	0.0555946969302	-0.0309539352864	-0.0431356275006	-0.0275182602767	-0.00941531036807	-0.0834065453784	0.0297030701333	-0.0058861827628	-0.0523610466369	-0.0310131918474	-0.0263868032176	0.0144062291295	0.0465518285805	-0.00290645020659	-0.104829839082	0.0413167820565	-0.0182321482658	0.0339297155755	-0.0105647073131	-0.016195733818	0.00977895045419	-0.0370051542277	-0.0408150395134	-0.00966616544287	0.0615246349089	0.00637709723882	-0.0247180587192	0.0366594332932	0.00566713250048	-0.00975847534572	-0.00759293423953	0.0366248305237	0.0617642763503	-0.0286307768775	0.0103858277113	0.0265097769066	-0.0410537012551	-0.0257765115184	0.112218288466	0.0100990858001	-0.00604189555872	-0.0623757363259
k__Bacteria;p__Bacteroidetes;c__Bacteroidia;o__Bacteroidales;f__Rikenellaceae;g__Alistipes;s__Alistipes_obesi	0.0153231562835	0.0708223694922	0.00177013093639	0.0539658824279	-0.00308588786271	-0.0271423008121	-0.0229796697701	-0.0841723491298	-0.0260856313158	-0.0134104274986	-0.0713453627147	-0.0310465633558	0.0117271400625	1.0	-0.048271398475	0.00501790278544	0.00232278084828	0.0275329756638	-0.0676074884789	0.0363762536005	-0.0305828322755	-0.0189074570157	0.00432521746917	0.00244407518928	0.00871564950215	0.0211328146162	0.029524498535	-0.0157448002637	-0.0248534314703	0.0227794930106	-0.00650936149859	-0.029609689023	-0.0625945828645	-0.0533356071858	0.0152524346756	-0.046376894609	0.0655266173995	-0.00394072308595	-0.0329115905334	0.00662249485569	0.0804409625757	-0.019275264284	0.00602868363449	-0.0597343627812	-0.00138112963573	-0.0242850462635	0.0112435863401	0.0122090536655	-0.0238009933553	-0.0436803225542	-0.0897570330493	-0.0485551802168	-0.0513463507495	-0.0515668589144	0.025970574617	0.0240721885136	-0.0941605918659	-0.00877748926174	0.0126889077297
k__Bacteria;p__Firmicutes;c__Clostridia;o__Clostridiales;f__Lachnospiraceae;g__;s__[Eubacterium]_rectale	-0.00917563098849	0.00802633953905	-0.026067415313	-0.0283015089998	0.0410576906208	-0.00646900683754	0.00105008930449	-0.051495814022	0.0190213137091	0.018775587739	0.0351229843474	0.0136999451111	-0.0219396121154	-0.048271398475	1.0	0.0625355091155	0.0500427159602	0.00881140631969	-0.0312779097077	0.015371178241	-0.0576507059343	-0.0148296865328	-0.0764254275671	0.00291717834301	-0.0496567477865	-0.035705759684	0.0457380996315	0.0176573736137	0.0269050156714	-0.00202912826616	-0.0136892772873	0.0207309943976	0.0115477448699	0.0849698769003	0.0192518286856	-0.00696076938504	-0.0312210543159	0.0867400017026	0.0502871503358	-0.041198589365	-0.0729483110699	0.0308763696868	-0.0558461882874	-0.00221760896236	-0.019858232205	-0.00456296342927	-0.0391847729075	0.0333881757511	-0.0317354421807	0.0422365779393	-0.036165924156	-0.0335049806377	-0.0022928352955	0.00916637251501	-0.0562490896853	0.0145257209557	-0.00852566257352	-0.00411397867595	0.0236793903058
k__Bacteria;p__Bacteroidetes;c__Bacteroidia;o__Bacteroidales;f__Bacteroidaceae;g__Bacteroides;s__Bacteroides_plebeius	-0.0108459730988	0.0181500413166	0.0195056375635	-0.01622435924	0.0624112178848	0.0119717350233	-0.00331736837769	-0.046040909597	0.0191246477844	-0.0205050560762	-0.0376708184574	-0.0309503861612	-0.0292833425069	0.00501790278544	0.0625355091155	1.0	-0.0373961187643	0.0139566119445	-0.000983241450978	-0.00414615396733	0.0323904661787	0.0283364672001	0.0102028474163	-0.0314383740331	-0.0220411618799	0.0151394332198	-0.0622306333781	0.0253032405661	-0.0371358560608	-0.0397764732711	-0.00523852802201	-0.0507219990856	-0.0414031751787	-0.0206546823576	0.0306364775443	-0.0143027815713	-0.0313453997418	0.00128794045036	0.0183972320985	-0.0309136445189	-0.0496804447888	0.0382365956796	-0.119202613199	-0.026967230827	0.0130526124157	-0.0130750697515	-0.0769237880365	-0.0148071557156	0.00442819911989	-0.0533801688815	0.0303535371382	-0.0182137258366	-0.0470108397411	-0.00217875233429	0.0103391490136	-0.0211871412221	0.0519648684934	0.025643633958	-0.00260707848263
k__Bacteria;p__Bacteroidetes;c__Bacteroidia;o__Bacteroidales;f__Bacteroidaceae;g__Bacteroides;s__Bacteroides_fragilis	-0.0834895776418	-0.0458169785739	-0.0115413112757	0.0488457149946	-0.00341108480318	-0.0326522322542	0.0582361949065	0.0155539457766	-0.0271713207673	0.0289290171805	-0.0181510447155	-0.00516941241476	0.00123708596948	0.00232278084828	0.0500427159602	-0.0373961187643	1.0	-0.0668100055836	-0.0377897644129	-0.0199611895093	0.0246705399183	-0.01489309519	-0.042500850569	-0.0914697745805	0.0145732158967	0.0327664161187	0.0451279438911	-0.0872016022541	-0.0128580405376	-0.00304523633205	-0.0177769502827	0.0482632605592	0.0180205258979	-0.0195947286379	-0.0655724650828	0.0291687507228	-0.0269119574674	-0.0246172523296	-0.0518899399692	-0.0228988214767	0.0169379054714	0.0160388594969	-0.0154057480084	-0.026661799227	-0.0466620483697	0.0384154338278	-0.00644767462546	-0.00991508646564	-0.0375109351161	-0.00571283459697	0.0197498622004	0.0567169786383	-0.0145292638252	-0.0799323659346	-0.0159191126923	-0.00433368583583	-0.0138515889183	-0.0599849663547	0.0144452754829
k__Bacteria;p__Proteobacteria;c__Betaproteobacteria;o__Burkholderiales;f__Sutterellaceae;g__Sutterella;s__Sutterella_wadsworthensis	-0.0419092618275	0.00337350195339	-0.0151874570611	-0.0406343036052	-0.00325203353152	0.0168491086451	-0.00373075454773	0.0765648201724	0.0152420928322	-0.0430776573125	-0.038928941304	-0.0163084401544	0.0555946969302	0.0275329756638	0.00881140631969	0.0139566119445	-0.0668100055836	1.0	-0.00262827524778	-0.0159006372106	-0.0217808424252	-0.0260157380583	-0.0433065253392	-0.00548791754875	-0.0245507014841	0.00735540843522	0.0381065966609	0.0615650661671	-0.0412183822592	-0.0895434770131	-0.00811077684903	0.00972469116436	-0.0373598877539	0.0231223060226	-0.0203112868179	-0.049129802691	-0.0435291162153	-0.0297213116065	0.0526098681712	-0.0238923965388	0.0544125112041	0.0242674783588	-0.0222200380615	0.00229845640399	-0.0053418411999	-0.0213932387577	-0.0327344248003	-0.0529676775905	-0.0294559996824	0.0302479171866	-0.0435113254248	-0.00187839853589	-0.00195425193559	0.0165350338378	0.00659525923199	0.00875734593936	-0.00153674514302	-0.0212221752885	-0.0464721239863
k__Bacteria;p__Bacteroidetes;c__Bacteroidia;o__Bacteroidales;f__Porphyromonadaceae;g__Barnesiella;s__Barnesiella_intestinihominis	-0.00114409105296	-0.0144537961915	-0.0392780916777	-0.00237770186836	-0.074003282497	0.0137629965742	-0.018863108274	-0.013186248667	-0.0195816282671	0.0269634315774	-0.0287027420116	0.033705051605	-0.0309539352864	-0.0676074884789	-0.0312779097077	-0.000983241450978	-0.0377897644129	-0.00262827524778	1.0	-0.00915191233867	0.01963415875	-0.079234818195	-0.0205903776996	-0.0659175624276	-0.0275406630017	-0.0233332842539	-0.0364569716567	0.0265650284941	0.050222624777	0.0363347362404	-0.01732477294	0.00633738688588	-0.0566031371302	-0.00474973677028	0.0190772124311	0.0279389526395	0.00126396320632	-0.0666882256814	0.0234572860323	0.0251979982753	-0.0102589038505	-0.0393199181406	0.0395983465285	-0.0354075024434	0.020718241741	0.0119371963915	0.0271592674664	-0.0193336815409	-0.013524594494	0.0254725885753	-0.00415416058291	0.0327341049544	0.0438582737804	0.00227681233205	0.0663220026821	-0.0511188959575	0.0286907450801	-0.00237689087927	0.0594574775802
k__Bacteria;p__Bacteroidetes;c__Bacteroidia;o__Bacteroidales;f__Odoribacteraceae;g__Odoribacter;s__Odoribacter_splanchnicus	0.0581328077208	0.0364515872385	-0.0123419759077	-0.0198196164563	-0.0293878138481	-0.0306420294017	0.018160298729	-0.0231927901275	-0.0288794966715	0.100099832866	0.0186382346516	-0.0596109893739	-0.0431356275006	0.0363762536005	0.015371178241	-0.00414615396733	-0.0199611895093	-0.0159006372106	-0.00915191233867	1.0	-0.0274540320369	-0.032149914556	-0.0361955156594	-0.000668399541038	0.017764705201	0.0112020466302	-0.00356426784857	-0.0202003620095	0.0062344870299	0.0389314735941	-0.0542280261555	0.0368545288551	-0.0347775001938	0.0376863087767	0.0486540811215	-0.0154571532093	0.00960412079724	-0.00631753418206	0.00886262176995	-0.0143955931864	0.00192396959628	0.0183268373236	-0.00302682049608	-0.0394035783808	0.0017408980296	-0.0676628639576	0.0857278573485	0.0230236094768	-0.0439660338221	0.0128464140673	-0.0275994748769	0.0617549844249	-0.0525106609026	-0.12846258938	-0.0390548372198	-0.0144084038431	-0.0287844980956	-0.0315721240621	0.0291878846374
k__Bacteria;p__Bacteroidetes;c__Bacteroidia;o__Bacteroidales;f__Bacteroidaceae;g__Bacteroides;s__Bacteroides_salyersiae	-0.0242125461401	0.0126774938963	0.117072317984	0.04037717646	0.0651755981649	0.00259526092943	0.00228667826203	-0.0274791000619	-0.00460829853081	0.0760750211203	0.0371350821566	-0.0829433594563	-0.0275182602767	-0.0305828322755	-0.0576507059343	0.0323904661787	0.0246705399183	-0.0217808424252	0.01963415875	-0.0274540320369	1.0	-0.00973080504466	-0.0434440010482	-0.0102106505084	0.0140533219369	0.053027602571	-0.00462384521769	0.00464898743548	-0.0364207668417	-0.0450356297996	-0.017357224075	-0.0686651214272	-0.0360042943752	0.00239803754981	0.04224961719	-0.0282492129809	-0.00918537759459	-0.069221597189	0.0132652070671	0.0145501352891	-0.0227116076352	0.0266072246836	-0.020932722365	0.0763134158363	0.0600598232051	0.00376842185192	-0.0670072212132	-0.0377699839365	-0.0530362714432	-0.0532096789418	-0.019835981189	0.0419079966558	0.00941533154399	0.073994830996	-0.0232830451828	-0.0296373668467	0.0122235486314	-0.0218821389383	0.00189698367843
k__Bacteria;p__Firmicutes;c__Clostridia;o__Clostridiales;f__Ruminococcaceae;g__Ruminiclostridium;s__[Eubacterium]_siraeum	0.0421041452579	0.0493366934194	-0.0608258420918	-0.000534036312653	0.0023655161	0.00191994320561	-0.0130030727266	-0.017008879737	0.0286474392939	0.0835332244674	-0.0452441732706	0.0649002005775	-0.00941531036807	-0.0189074570157	-0.0148296865328	0.0283364672001	-0.01489309519	-0.0260157380583	-0.079234818195	-0.032149914556	-0.00973080504466	1.0	-0.0170276226117	-0.0186072858736	-0.00750406367335	-0.00204750501457	-0.0346226049691	0.00301622307238	0.0878477357119	-0.00728021205374	0.0447072334086	-0.010472876053	0.0240089685822	0.0149277815577	-0.0670477726022	-0.010062255777	0.0113100224092	-0.00799498543647	-0.0204437476733	-0.00622042237251	-0.0223512729747	0.0427463499475	0.0159188156096	-0.0454516386984	-0.0179085148506	-0.0352062193193	-0.00636756558046	-0.0215111267431	-0.0186098820276	0.0305293625402	-0.0279316172578	-0.011141848055	-0.0396221050618	-0.0285984866966	-0.0704438421487	-0.0155663831807	0.0146532715019	0.0421755055374	0.0201805638464
k__Bacteria;p__Proteobacteria;c__Betaproteobacteria;o__Burkholderiales;f__Sutterellaceae;g__Parasutterella;s__Parasutterella_excrementihominis	0.0389411056206	-0.0252977031918	-0.031846481188	0.0871981834103	-0.0328492611081	-0.0736243295098	-0.0401564378377	-0.0245123581541	0.0596312011017	-0.0269794863782	0.0078565797002	-0.0271884246276	-0.0834065453784	0.00432521746917	-0.0764254275671	0.0102028474163	-0.042500850569	-0.0433065253392	-0.0205903776996	-0.0361955156594	-0.0434440010482	-0.0170276226117	1.0	0.029035211317	-0.019577229321	-0.0453402383571	0.0501142771361	-0.0606867748654	0.0697756424917	-0.0240035391028	-0.0134186925671	-0.0316072446627	0.0348160055595	-0.0358055865449	-0.0331602148271	0.0119554771068	-0.00534471443617	0.0632500665142	0.0421905122916	-0.0775528223821	0.0365622032991	-0.0513851466476	-0.0436143029004	-0.015536054457	-0.0266424113476	0.0743662588494	0.0361863891231	-0.0212221256299	-0.0113779962684	0.0083933571501	-0.0443551555049	0.0102264873173	-0.0266413944001	-0.0214608939653	-0.044694211442	-0.0158360766246	-0.00593282255411	-0.035013411701	-0.044729569278
k__Bacteria;p__Actinobacteria;c__Actinobacteria;o__Bifidobacteriales;f__Bifidobacteriaceae;g__Bifidobacterium;s__Bifidobacterium_adolescentis	0.0493497421904	-0.0434659835661	-0.0590883209484	-0.0504233009241	0.0451712330805	-0.0254792651868	-0.0207791198413	0.00288760279011	0.0186415128214	-0.0280803967046	0.0499334865367	0.0347145260117	0.0297030701333	0.00244407518928	0.00291717834301	-0.0314383740331	-0.0914697745805	-0.00548791754875	-0.0659175624276	-0.000668399541038	-0.0102106505084	-0.0186072858736	0.029035211317	1.0	-0.0138962914978	-0.0506748374275	0.00354127859638	0.00958749853936	-0.0289787390427	-0.030061861695	0.0234615652235	-0.0198955905333	0.0284616745398	0.0533864867361	0.0472289342917	-0.0701062104542	-0.0792813082774	-0.0117158601556	0.036656308475	-0.0513884029857	0.012716408177	0.0256475971418	0.0190956340566	-0.0332753192618	-0.00300120094176	-0.0424819122245	0.0267120073668	0.044034309425	-0.0207922764845	-0.0753502257821	0.0301394825181	0.0343898598782	0.0362569047696	-0.00340634836584	-0.0249484505592	0.00303908852944	-0.0535181324764	0.0566167165994	0.00841025932072
k__Bacteria;p__Firmicutes;c__Clostridia;o__Clostridiales;f__Oscillospiraceae;g__Oscillibacter;s__Oscillibacter_sp._KLE_1745	-0.00343705499328	-0.0612732045984	0.0524068933621	0.000954200723302	-0.0362211397644	-0.109836888461	-0.0299843965513	-0.0468001570216	0.0313684301602	0.0399286871824	0.0151476158576	-0.00773551150413	-0.0058861827628	0.00871564950215	-0.0496567477865	-0.0220411618799	0.0145732158967	-0.0245507014841	-0.0275406630017	0.017764705201	0.0140533219369	-0.00750406367335	-0.019577229321	-0.0138962914978	1.0	-0.00827380615804	0.0329852646497	0.0483135596819	0.0247154103605	-0.0431863364427	-0.045942494048	-0.0213885376464	-0.00314791203689	0.030659775188	-0.0618990789306	-0.0462433194658	-0.0166721736163	-0.0242763096398	-0.0222391185049	-0.0123058108485	-0.00761350705142	0.0480621678151	0.00820365511671	-0.060290423752	-0.0212357863407	-0.0202619067971	-0.0158020529815	0.00819418205625	0.0214932612113	-0.0113483484615	-0.00924502879843	0.0390759092014	-0.0313902972087	-0.0453781610661	0.00962125815567	0.00415144394639	-0.00291665975094	0.014788101816	-0.0307518003728
k__Bacteria;p__Bacteroidetes;c__Bacteroidia;o__Bacteroidales;f__Bacteroidaceae;g__Bacteroides;s__Bacteroides_coprophilus	0.00154778408855	-0.00710351217324	0.0261300058609	-0.0436876815914	0.0372546661624	0.00734904383652	0.0334808247157	-0.0441027239544	-0.0203471335937	0.0187037063569	0.0158202749838	-0.0479222011294	-0.0523610466369	0.0211328146162	-0.035705759684	0.0151394332198	0.0327664161187	0.00735540843522	-0.0233332842539	0.0112020466302	0.053027602571	-0.00204750501457	-0.0453402383571	-0.0506748374275	-0.00827380615804	1.0	-0.0310226450448	-0.014231403017	0.0474485087684	-0.0118463570874	-0.0342364517514	0.0389323920054	0.0280447884008	-0.0114994692925	-0.000986874739034	0.011060677061	-0.0263222188428	-0.00321707578908	-0.0918609134105	-0.0155300388416	-0.0318798311006	-0.0212203700409	0.021772078283	-0.0450560150939	-0.0308078572159	-0.026794705587	-0.029593978436	-0.0447946654911	-0.0349236683417	-0.0500644489839	0.0210967115599	-0.0568741388052	-0.0662942089444	0.0625092266041	0.0467433103895	-0.00748001795954	-0.00226580556681	-0.0393896854956	-0.0359373039196
k__Bacteria;p__Firmicutes;c__Clostridia;o__Clostridiales;f__Lachnospiraceae;g__Roseburia;s__Roseburia_intestinalis	0.0829047262406	0.0251864689508	0.0115425325347	-0.0265514957147	-0.0170566948649	0.0289973212443	-0.0484811132689	-0.0207475796248	-0.0487487067396	0.0258929406172	0.0218679205395	0.0184525592684	-0.0310131918474	0.029524498535	0.0457380996315	-0.0622306333781	0.0451279438911	0.0381065966609	-0.0364569716567	-0.00356426784857	-0.00462384521769	-0.0346226049691	0.0501142771361	0.00354127859638	0.0329852646497	-0.0310226450448	1.0	0.0536414656214	0.0123647564776	-0.0256116505065	-0.0552133305034	-0.012958838749	0.0435423508392	0.0131715722651	-0.0944109579378	0.0414937083466	0.000391393159149	-0.0411953293553	0.0138371674784	0.0346385788541	-0.0277984231214	-0.0775567731059	0.00223688392822	-0.0635888936666	-0.00375456516233	-0.0178577917845	-0.00396423615806	0.0219931517575	0.117742200916	-0.00573763678056	-0.0228233781181	-0.0568935974433	-0.00603315292479	-0.0121219655923	-0.0150800330222	0.0251681285609	-0.0468738591087	-0.0331318455012	-0.0249871012811
k__Bacteria;p__Firmicutes;c__Clostridia;o__Clostridiales;f__Lachnospiraceae;g__Roseburia;s__Roseburia_hominis	-0.0120227140793	-0.033472021283	-0.0344538377472	-0.0153931483124	-0.0306018286542	-0.00950097487381	0.04134251986	0.0372352641776	0.00650552663265	0.0372868489025	-0.0355401003579	0.0117761476042	-0.0263868032176	-0.0157448002637	0.0176573736137	0.0253032405661	-0.0872016022541	0.0615650661671	0.0265650284941	-0.0202003620095	0.00464898743548	0.00301622307238	-0.0606867748654	0.00958749853936	0.0483135596819	-0.014231403017	0.0536414656214	1.0	-0.0136404248849	0.0330662180299	0.0345538193551	0.0157165187299	-0.0212997084924	-0.000261640912134	-0.0751513652939	-0.0302191621824	-0.00357103967974	0.015914023424	0.0153520303175	-0.0319276507919	0.0146101129002	0.0770608222098	0.0512260878853	0.0109732930313	-0.0105953505543	-0.0349246409112	0.0226308417424	-0.0128389089541	0.0841259838799	0.0348165949552	0.0117518930063	0.00712921070649	0.0490140851361	-0.0416707209253	0.0135314222662	-0.028327554643	-0.0453614481445	0.0335331374645	0.0347926294642
k__Bacteria;p__Bacteroidetes;c__Bacteroidia;o__Bacteroidales;f__Porphyromonadaceae;g__Parabacteroides;s__Parabacteroides_johnsonii	-0.0232374299577	-0.0559368903816	-0.0196463581677	-0.00728087639872	-0.0192705599704	-0.00693350003491	-0.0955796364629	0.00699060424281	-0.026439243847	-0.0608880776023	-0.0754458490775	0.0101272229631	0.0144062291295	-0.0248534314703	0.0269050156714	-0.0371358560608	-0.0128580405376	-0.0412183822592	0.050222624777	0.0062344870299	-0.0364207668417	0.0878477357119	0.0697756424917	-0.0289787390427	0.0247154103605	0.0474485087684	0.0123647564776	-0.0136404248849	1.0	-0.0322865773611	0.0312461953733	0.000313316553295	-0.0146307869092	0.0272773324002	-0.00126589331222	-0.0109517824077	-0.0162485552382	0.0479762746827	0.0347762648835	0.0154739401432	-0.00256169524486	-0.0330053776125	-0.0341724710758	-0.0675064667311	-0.0400467880787	-0.0209373440468	0.0281624781755	-0.00149135787755	0.0515484852123	0.0816576866578	-0.0276395580899	-0.0331807817101	-0.0188310168916	-0.0421992950205	-0.012785158582	0.0227544184627	0.0123804014327	-0.0191131243254	-0.0280395892723
k__Bacteria;p__Actinobacteria;c__Actinobacteria;o__Bifidobacteriales;f__Bifidobacteriaceae;g__Bifidobacterium;s__Bifidobacterium_longum	-0.0628486428016	-0.0755728498321	-0.0477992759503	0.0495639573578	-0.0525009775633	-0.0114356091255	-0.052116376732	-0.0453289904635	0.0417171228499	-0.013152593405	-0.0327184599262	-0.0633735096579	0.0465518285805	0.0227794930106	-0.00202912826616	-0.0397764732711	-0.00304523633205	-0.0895434770131	0.0363347362404	0.0389314735941	-0.0450356297996	-0.00728021205374	-0.0240035391028	-0.030061861695	-0.0431863364427	-0.0118463570874	-0.0256116505065	0.0330662180299	-0.0322865773611	1.0	0.00346370162629	0.0134385783587	0.0015195440213	-0.00772013726901	0.0388781565109	0.0500958732267	0.0116904054518	-0.0379984898045	0.0182851789377	-0.0412071760652	-0.0278452556661	-0.0585445350163	0.0131253322164	-0.0281048301938	-0.00423772302342	0.0638852303123	-0.0181954020109	0.00748423390861	0.00642402760002	0.00154694903607	-0.00769147840759	-0.012306120113	-0.00525156182445	-0.02444537146	-0.0404489282366	0.0158691659156	0.071386151779	0.0102284346392	0.0161244158946
