#taxonomy	k__Bacteria;p__Bacteroidetes;c__Bacteroidia;o__Bacteroidales;f__Bacteroidaceae;g__Bacteroides;s__Bacteroides_vulgatus	k__Bacteria;p__Bacteroidetes;c__Bacteroidia;o__Bacteroidales;f__Bacteroidaceae;g__Bacteroides;s__Bacteroides_uniformis	k__Bacteria;p__Bacteroidetes;c__Bacteroidia;o__Bacteroidales;f__Rikenellaceae;g__Alistipes;s__Alistipes_putredinis	k__Bacteria;p__Bacteroidetes;c__Bacteroidia;o__Bacteroidales;f__Prevotellaceae;g__Prevotella;s__Prevotella_copri	k__Bacteria;p__Bacteroidetes;c__Bacteroidia;o__Bacteroidales;f__Bacteroidaceae;g__Bacteroides;s__Bacteroides_stercoris	k__Bacteria;p__Bacteroidetes;c__Bacteroidia;o__Bacteroidales;f__Bacteroidaceae;g__Bacteroides;s__Bacteroides_ovatus	k__Bacteria;p__Bacteroidetes;c__Bacteroidia;o__Bacteroidales;f__Rikenellaceae;g__Alistipes;s__Alistipes_shahii	k__Bacteria;p__Firmicutes;c__Clostridia;o__Clostridiales;f__Ruminococcaceae;g__Faecalibacterium;s__Faecalibacterium_prausnitzii	k__Bacteria;p__Bacteroidetes;c__Bacteroidia;o__Bacteroidales;f__Rikenellaceae;g__Alistipes;s__Alistipes_finegoldii	k__Bacteria;p__Bacteroidetes;c__Bacteroidia;o__Bacteroidales;f__Porphyromonadaceae;g__Parabacteroides;s__Parabacteroides_distasonis	k__Bacteria;p__Bacteroidetes;c__Bacteroidia;o__Bacteroidales;f__Bacteroidaceae;g__Bacteroides;s__Bacteroides_thetaiotaomicron	k__Bacteria;p__Bacteroidetes;c__Bacteroidia;o__Bacteroidales;f__Bacteroidaceae;g__Bacteroides;s__Bacteroides_coprocola	k__Bacteria;p__Bacteroidetes;c__Bacteroidia;o__Bacteroidales;f__Bacteroidaceae;g__Bacteroides;s__Bacteroides_cellulosilyticus	k__Bacteria;p__Bacteroidetes;c__Bacteroidia;o__Bacteroidales;f__Rikenellaceae;g__Alistipes;s__Alistipes_obesi	k__Bacteria;p__Firmicutes;c__Clostridia;o__Clostridiales;f__Lachnospiraceae;g__;s__[Eubacterium]_rectale	k__Bacteria;p__Bacteroidetes;c__Bacteroidia;o__Bacteroidales;f__Bacteroidaceae;g__Bacteroides;s__Bacteroides_plebeius	k__Bacteria;p__Bacteroidetes;c__Bacteroidia;o__Bacteroidales;f__Bacteroidaceae;g__Bacteroides;s__Bacteroides_fragilis	k__Bacteria;p__Proteobacteria;c__Betaproteobacteria;o__Burkholderiales;f__Sutterellaceae;g__Sutterella;s__Sutterella_wadsworthensis	k__Bacteria;p__Bacteroidetes;c__Bacteroidia;o__Bacteroidales;f__Porphyromonadaceae;g__Barnesiella;s__Barnesiella_intestinihominis	k__Bacteria;p__Bacteroidetes;c__Bacteroidia;o__Bacteroidales;f__Odoribacteraceae;g__Odoribacter;s__Odoribacter_splanchnicus	k__Bacteria;p__Bacteroidetes;c__Bacteroidia;o__Bacteroidales;f__Bacteroidaceae;g__Bacteroides;s__Bacteroides_salyersiae	k__Bacteria;p__Firmicutes;c__Clostridia;o__Clostridiales;f__Ruminococcaceae;g__Ruminiclostridium;s__[Eubacterium]_siraeum	k__Bacteria;p__Proteobacteria;c__Betaproteobacteria;o__Burkholderiales;f__Sutterellaceae;g__Parasutterella;s__Parasutterella_excrementihominis	k__Bacteria;p__Actinobacteria;c__Actinobacteria;o__Bifidobacteriales;f__Bifidobacteriaceae;g__Bifidobacterium;s__Bifidobacterium_adolescentis	k__Bacteria;p__Firmicutes;c__Clostridia;o__Clostridiales;f__Oscillospiraceae;g__Oscillibacter;s__Oscillibacter_sp._KLE_1745	k__Bacteria;p__Bacteroidetes;c__Bacteroidia;o__Bacteroidales;f__Bacteroidaceae;g__Bacteroides;s__Bacteroides_coprophilus	k__Bacteria;p__Firmicutes;c__Clostridia;o__Clostridiales;f__Lachnospiraceae;g__Roseburia;s__Roseburia_intestinalis	k__Bacteria;p__Firmicutes;c__Clostridia;o__Clostridiales;f__Lachnospiraceae;g__Roseburia;s__Roseburia_hominis	k__Bacteria;p__Bacteroidetes;c__Bacteroidia;o__Bacteroidales;f__Porphyromonadaceae;g__Parabacteroides;s__Parabacteroides_johnsonii	k__Bacteria;p__Actinobacteria;c__Actinobacteria;o__Bifidobacteriales;f__Bifidobacteriaceae;g__Bifidobacterium;s__Bifidobacterium_longum	k__Bacteria;p__Firmicutes;c__Clostridia;o__Clostridiales;f__;g__Flavonifractor;s__Flavonifractor_plautii	k__Bacteria;p__Firmicutes;c__Clostridia;o__Clostridiales;f__Clostridiaceae;g__Clostridium;s__Clostridium_phoceensis	k__Bacteria;p__Verrucomicrobia;c__Verrucomicrobiae;o__Verrucomicrobiales;f__Akkermansiaceae;g__Akkermansia;s__Akkermansia_muciniphila	k__Bacteria;p__Bacteroidetes;c__Bacteroidia;o__Bacteroidales;f__Prevotellaceae;g__Paraprevotella;s__Paraprevotella_xylaniphila	k__Bacteria;p__Firmicutes;c__Clostridia;o__Clostridiales;f__Ruminococcaceae;g__Ruminococcus;s__Ruminococcus_callidus	k__Bacteria;p__Bacteroidetes;c__Bacteroidia;o__Bacteroidales;f__Rikenellaceae;g__Alistipes;s__Alistipes_senegalensis	k__Bacteria;p__Firmicutes;c__Clostridia;o__Clostridiales;f__Lachnospiraceae;g__Blautia;s__Blautia_sp._KLE_1732	k__Bacteria;p__Bacteroidetes;c__Bacteroidia;o__Bacteroidales;f__Bacteroidaceae;g__Bacteroides;s__Bacteroides_oleiciplenus	k__Bacteria;p__Firmicutes;c__Clostridia;o__Clostridiales;f__Ruminococcaceae;g__Ruminococcus;s__Ruminococcus_bicirculans	k__Bacteria;p__Bacteroidetes;c__Bacteroidia;o__Bacteroidales;f__Bacteroidaceae;g__Bacteroides;s__Bacteroides_fluxus	k__Bacteria;p__Bacteroidetes;c__Bacteroidia;o__Bacteroidales;f__Prevotellaceae;g__Prevotella;s__Prevotella_stercorea	k__Bacteria;p__Firmicutes;c__Clostridia;o__Clostridiales;f__Lachnospiraceae;g__Dorea;s__Dorea_longicatena	k__Bacteria;p__Firmicutes;c__Clostridia;o__Clostridiales;f__Eubacteriaceae;g__Eubacterium;s__[Eubacterium]_eligens	k__Bacteria;p__Firmicutes;c__Clostridia;o__Clostridiales;f__Ruminococcaceae;g__;s__Ruminococcaceae_bacterium_D16	k__Bacteria;p__Firmicutes;c__Clostridia;o__Clostridiales;f__Lachnospiraceae;g__Coprococcus;s__Coprococcus_comes	k__Bacteria;p__Proteobacteria;c__Gammaproteobacteria;o__Enterobacterales;f__Enterobacteriaceae;g__Escherichia;s__Escherichia_coli	k__Bacteria;p__Firmicutes;c__Clostridia;o__Clostridiales;f__Ruminococcaceae;g__Anaerotruncus;s__Anaerotruncus_colihominis	k__Bacteria;p__Firmicutes;c__Clostridia;o__Clostridiales;f__Lachnospiraceae;g__Blautia;s__Blautia_obeum	k__Bacteria;p__Bacteroidetes;c__Bacteroidia;o__Bacteroidales;f__Odoribacteraceae;g__Odoribacter;s__Odoribacter_laneus	k__Bacteria;p__Firmicutes;c__Clostridia;o__Clostridiales;f__Ruminococcaceae;g__Ruminiclostridium;s__[Clostridium]_leptum	k__Bacteria;p__Bacteroidetes;c__Bacteroidia;o__Bacteroidales;f__Porphyromonadaceae;g__Parabacteroides;s__Parabacteroides_goldsteinii	k__Bacteria;p__Firmicutes;c__Clostridia;o__Clostridiales;f__Lachnospiraceae;g__Anaerostipes;s__Anaerostipes_hadrus	k__Bacteria;p__Firmicutes;c__Clostridia;o__Clostridiales;f__Ruminococcaceae;g__Ruminococcus;s__Ruminococcus_lactaris	k__Bacteria;p__Firmicutes;c__Clostridia;o__Clostridiales;f__Clostridiaceae;g__Clostridium;s__Clostridium_sp._L2-50	k__Bacteria;p__Firmicutes;c__Clostridia;o__Clostridiales;f__Clostridiaceae;g__Clostridium;s__Clostridium_sp._M62/1	k__Bacteria;p__Firmicutes;c__Clostridia;o__Clostridiales;f__;g__Intestinimonas;s__Intestinimonas_butyriciproducens	k__Bacteria;p__Actinobacteria;c__Actinobacteria;o__Bifidobacteriales;f__Bifidobacteriaceae;g__Bifidobacterium;s__Bifidobacterium_bifidum	k__Bacteria;p__Firmicutes;c__Negativicutes;o__Veillonellales;f__Veillonellaceae;g__Dialister;s__Dialister_invisus	k__Bacteria;p__Bacteroidetes;c__Bacteroidia;o__Bacteroidales;f__Bacteroidaceae;g__Bacteroides;s__Bacteroides_salanitronis
k__Bacteria;p__Bacteroidetes;c__Bacteroidia;o__Bacteroidales;f__Bacteroidaceae;g__Bacteroides;s__Bacteroides_vulgatus	1.0	-0.0112185993059	-0.0274247609002	-0.0330294548293	0.00200367613497	0.0447192585628	0.0185141225184	-0.00363137984088	0.0269329846537	-0.0436225035646	0.0258498478868	0.00946096408175	0.0165204110691	-0.0482602111203	-0.0310465244897	-0.00753149011663	-0.0611812766026	-0.0357276977977	-0.0371546911232	0.0189641049174	0.00845900006763	0.0103668155943	0.0477575815336	0.0215654588989	0.029798411548	-0.0101306422078	-0.0351872814661	0.0229955139079	-0.0597948999416	-0.0157582084067	-0.0168507390954	-0.0270906529108	0.0463235554574	-0.0369857810898	-0.0245864901448	0.0536489293651	0.0241134177492	0.0376441378966	-0.0502231062851	-0.00598973590395	-0.0165877951449	0.0236284676648	-0.0292686161374	0.018075207345	0.046234573238	-0.00268806971183	-0.0284210593282	0.0105195447816	-0.0422723288036	-0.0190461807569	-0.0428677638395	0.0673798200778	-0.0219827489533	-0.0291503376527	-0.0282980368084	0.024467549139	0.0035118038147	0.0189972114609	-0.0205457170874
k__Bacteria;p__Bacteroidetes;c__Bacteroidia;o__Bacteroidales;f__Bacteroidaceae;g__Bacteroides;s__Bacteroides_uniformis	-0.0112185993059	1.0	0.0788083308965	0.0292603183719	-0.0484643999266	0.0375429329061	0.0103156492773	0.039711276353	0.0128985183941	0.0162223300702	-0.00315435170917	0.00241468728437	-0.00656779808075	-0.056552867763	-0.0168615733507	-0.00710671340713	0.0252911503934	0.0246073095625	-0.0219287296311	0.0175868991337	-0.0218586823509	-0.0133392224032	-0.000875656849437	0.00758477042275	-0.0349105541454	-0.00403653726854	-0.0295300539775	0.027774748216	-0.0290252896398	0.0128768008564	-0.0316099950678	-0.0154265938739	-0.045399675222	0.023936734054	-0.0144369157671	0.0368475617054	-0.00083013801144	0.0111895129968	-0.0146113074189	0.0314127684108	-0.0464076130446	-0.0109629790643	-0.0244766772089	0.0106315224621	-0.0330383759542	0.033032742583	-0.0270282061767	-0.020924245994	-0.00250251565844	-0.00960180887708	-0.0512996397146	-0.0218379737852	-0.110600369255	-0.00731372584921	0.0213175913521	-0.0334106885458	0.0214436892467	0.0230135341333	0.0494491026497
k__Bacteria;p__Bacteroidetes;c__Bacteroidia;o__Bacteroidales;f__Rikenellaceae;g__Alistipes;s__Alistipes_putredinis	-0.0274247609002	0.0788083308965	1.0	-0.0481980377901	-0.0414650421752	0.0179841882254	0.0395257182669	0.0472142071207	0.0312205712811	-0.0793336511513	0.0492603707551	0.0083987389119	-0.0315986746205	-0.0115244873688	-0.0505769447573	0.0204486932185	-0.0224895265427	0.0402197474156	0.0711441843448	-0.0118548825396	-0.056083559334	0.0827395971357	0.0491529420893	-0.0145194763686	0.0251772685009	0.0032469754204	0.0531052177339	-0.0240876674148	0.0549930487872	-0.0170074465962	0.0400917344966	0.0470849465862	0.00124386189587	-0.021365713476	0.0632948444233	-0.0235781117874	0.0221818645187	-0.0199841531032	0.0320089791154	0.0271894951145	-0.0340552731849	0.0244637624185	-0.0112868534787	0.0100432373985	-0.0166227875748	-0.0101436602746	-0.0313408886813	-0.0578884566425	-0.0183837178946	-0.0524005293298	-0.0368252468414	0.0115520344022	-0.048419559233	-0.0119653582156	0.0206970039335	-0.00287019321353	-0.0232771543684	0.00280371374666	-0.063147128517
k__Bacteria;p__Bacteroidetes;c__Bacteroidia;o__Bacteroidales;f__Prevotellaceae;g__Prevotella;s__Prevotella_copri	-0.0330294548293	0.0292603183719	-0.0481980377901	1.0	-0.0288715170976	0.0608873066399	-0.000282885680683	-0.0698805999332	-0.0366537257138	-0.0072148072186	-0.0921232291953	-0.0912400789274	0.00189414299603	-0.0280623207122	0.0818622557204	0.0220135047368	0.0248853491386	0.00254714722538	0.0334301780536	0.0158438996268	-0.0307739754261	0.0151210574694	-0.00971115666466	-0.0129389687982	0.0603135640606	-0.0379166220389	0.0182610872655	-0.0110643071181	-0.030019976176	-0.00336719538546	-0.0126241743901	0.0349019485398	-0.0329390628719	-0.0138348450226	-0.00795513682084	0.0139499271902	0.0630612506148	0.0458958328432	-0.0315264752579	0.050314678795	0.00464804498592	0.00100190269021	-0.0175770702861	-0.0325936466648	0.00140204273705	-0.0105397512187	0.0186685182578	0.000465264428517	-0.0546470161198	0.0130829398162	-0.0209270685746	0.0288491401761	-0.0483790188193	0.013275109364	0.00255549773805	-0.015182088864	-0.0850116499587	-0.0308568719492	-0.0903859774626
k__Bacteria;p__Bacteroidetes;c__Bacteroidia;o__Bacteroidales;f__Bacteroidaceae;g__Bacteroides;s__Bacteroides_stercoris	0.00200367613497	-0.0484643999266	-0.0414650421752	-0.0288715170976	1.0	-0.013628570897	-0.0806199186764	-0.0556851877537	0.020203103796	-0.00784279467158	-0.008942250695	-0.0348861276424	0.0292779274033	-0.0246911390779	-0.0290181061056	0.0223311313542	0.0158155205195	0.0587730468538	-0.0376099924643	-0.0774120545926	-0.0762044872489	0.00408488768965	-0.0261880916963	0.0500484168216	-0.00279552887186	-0.0526508420711	0.0194933499183	0.00121131252926	-0.0870243626442	0.028108972634	-0.00187921553577	-0.01629935871	-0.0321413872376	-0.0207140767236	0.0198624218788	0.0111536480419	0.0454243259311	-0.0121146503605	0.025238265593	0.03681263975	0.0266040332026	-0.0219676951167	0.0138942695292	-0.0303600513496	0.0224342125975	-0.014969908359	-0.00449490541578	-0.0179580395139	-0.0583439950322	0.0162806989514	-0.00398026626131	-0.122230042808	-0.0270737369123	-0.00935116287868	-0.0233246930799	-0.0578007490279	0.0118858753536	0.0415797273402	-0.0416669815729
k__Bacteria;p__Bacteroidetes;c__Bacteroidia;o__Bacteroidales;f__Bacteroidaceae;g__Bacteroides;s__Bacteroides_ovatus	0.0447192585628	0.0375429329061	0.0179841882254	0.0608873066399	-0.013628570897	1.0	0.0458202807879	-0.00855051605114	-0.0445288255975	-0.045090636148	0.0126509926756	-0.0450708541007	0.0174846421603	0.0194000153525	0.0472519435312	-0.0563511090967	-0.026736712184	0.0232456338409	0.020757843752	0.0195456167445	-0.010514657591	-0.0268718887432	0.00342240165382	-0.0258000216534	-0.0151073262461	0.00990309754784	-0.00247750157119	-0.00253009811097	-0.0325466110907	-0.0122615824035	-0.0240039550203	-0.0385789630445	-0.00591190182741	-0.0546957213842	-0.0294596646267	-0.0166522268697	0.00138851795072	-0.0638590460048	-0.0329712558984	-0.0359150026803	-0.011325467936	0.0395895951106	-0.0346471938345	-0.0479749122622	-0.0688845162175	-0.0122527024601	0.00109845066086	-0.00989894309843	-0.0377754300634	-0.0015088902115	-0.0248618654863	0.00222404553012	-0.0236262950514	-0.0377264939019	-0.0353954835431	0.0415999138452	-0.0675887847768	0.0106804414729	-0.027573169097
k__Bacteria;p__Bacteroidetes;c__Bacteroidia;o__Bacteroidales;f__Rikenellaceae;g__Alistipes;s__Alistipes_shahii	0.0185141225184	0.0103156492773	0.0395257182669	-0.000282885680683	-0.0806199186764	0.0458202807879	1.0	0.00587641740875	-0.0701838527007	-0.0399686856982	-0.0649932366954	-0.0137240149855	-0.016481192801	-0.0831524523601	-0.0275224372304	-0.00471554268166	0.0118311146087	-0.0199359567424	-0.0243014613717	-0.0473598228067	-0.0557384618725	0.0607807306703	-0.0622112137631	-0.0478411005384	-0.0172590822349	0.006447544241	-0.0289016310557	0.0213899806568	-0.0659875155101	0.0228927973845	0.0222811392139	-0.0324452717273	-0.0164766622268	0.00619572992195	0.0158800713283	0.0199105295665	0.00204278681744	0.00450533165133	-0.0506569227917	-0.0253147904532	0.032090776087	-0.0659727618989	0.0105578907347	-0.0132603024628	0.00627604519278	0.0211968152802	0.0563874919933	-0.0148724058911	0.0108388203798	-0.041264477866	-0.0194871402123	-0.00628522149008	-0.00806926989749	-0.00898621828802	-0.0155125385836	0.0120904066243	0.0180448521395	0.0746038440076	0.0248377649004
k__Bacteria;p__Firmicutes;c__Clostridia;o__Clostridiales;f__Ruminococcaceae;g__Faecalibacterium;s__Faecalibacterium_prausnitzii	-0.00363137984088	0.039711276353	0.0472142071207	-0.0698805999332	-0.0556851877537	-0.00855051605114	0.00587641740875	1.0	-0.0083554727023	0.0171461337735	0.0386426739032	-0.0234011846761	-0.0544398132648	-0.0450883635887	0.0017494134415	-0.0532213671597	-0.0166321342071	0.0549626619465	0.0362565513714	-0.0319535476956	0.030261333909	-0.0277210681451	-0.0538550223149	-0.0629148004349	0.00176162613593	-0.0081188347423	0.108802032704	-0.00806938136503	-0.0144500361612	-0.026774454469	-0.00266746870208	-0.0581980735303	0.0353628872046	-0.0321255814922	0.00751911939385	-0.0220959091001	-0.0168392317708	0.0280607721773	0.0285031610142	-0.0433067955621	0.0027413936628	-0.00925364994164	-0.00281514061765	0.0253891183482	-0.0270199214415	0.0074955102959	-0.0932931386669	-0.0539304943304	0.0113662097599	0.0164933571597	0.00925314725677	-0.0146909247229	0.042047297596	0.0377396420995	-0.123974747727	0.0377257583062	-0.00666662437521	-0.0718986977616	0.0527633777715
k__Bacteria;p__Bacteroidetes;c__Bacteroidia;o__Bacteroidales;f__Rikenellaceae;g__Alistipes;s__Alistipes_finegoldii	0.0269329846537	0.0128985183941	0.0312205712811	-0.0366537257138	0.020203103796	-0.0445288255975	-0.0701838527007	-0.0083554727023	1.0	-0.0037744028166	-0.0220627248364	-0.0382288448302	0.0810019353487	-0.00219386122409	0.0292636879823	-0.00877333974925	-0.0370239368909	-0.0681391763008	0.0111547054729	-0.0964357772608	0.100112922872	0.00879669393225	-0.00497831278473	-0.015445110509	-0.0645480376269	-0.00146868528891	-0.0187744306972	0.0339453746062	-0.0169561752514	-0.00872824896905	-0.0267223222719	-0.0271589438531	0.0134409760417	-0.0201234642258	0.0260035843618	-0.112582538993	-0.00989835541197	-0.054486181923	0.0174698633569	-0.0148896782279	-0.0163866696013	0.0547445339593	-0.0217649899427	-0.0241533060759	-0.0591445520961	-0.000213477972516	0.0614419074659	-0.00449609053139	-0.0350220648862	-0.0233428467483	-0.00571166589118	-0.0515511486553	-0.0450664733824	-0.034406880062	0.0331763201034	0.00149397250292	0.0386457169685	0.0129998721782	-0.049584078702
k__Bacteria;p__Bacteroidetes;c__Bacteroidia;o__Bacteroidales;f__Porphyromonadaceae;g__Parabacteroides;s__Parabacteroides_distasonis	-0.0436225035646	0.0162223300702	-0.0793336511513	-0.0072148072186	-0.00784279467158	-0.045090636148	-0.0399686856982	0.0171461337735	-0.0037744028166	1.0	-0.0261994417711	-0.042248875712	0.0287176181775	0.00275281287427	0.018624686987	-0.016067800575	0.0238805731499	-0.0757022713231	-0.00334315575699	0.0225913063894	0.0541815330997	-0.00123273748956	-0.0310671812008	-0.0198356173072	0.0170855028832	-0.0189595632229	-0.0085534294898	-0.0349173954248	0.041755242961	-0.0620169605789	0.00425663267073	-0.0389789312064	-0.0292019577502	-0.0289315315923	-0.0504990407289	-0.021832109913	-0.0662815505344	0.0262239358242	-0.0309282434441	-0.00603687493762	0.015283662511	0.0169897326232	-0.0308029259259	0.0229434567745	0.0223926304557	0.0130226626917	-0.0413652892486	-0.082570242105	-0.0505835005032	0.052211399708	0.0413612773388	-0.0478400360802	-0.0525544058539	-0.0310328404293	0.0544246008066	-0.0166332150799	-0.0218184340702	-0.0221497107914	-0.00132391947174
k__Bacteria;p__Bacteroidetes;c__Bacteroidia;o__Bacteroidales;f__Bacteroidaceae;g__Bacteroides;s__Bacteroides_thetaiotaomicron	0.0258498478868	-0.00315435170917	0.0492603707551	-0.0921232291953	-0.008942250695	0.0126509926756	-0.0649932366954	0.0386426739032	-0.0220627248364	-0.0261994417711	1.0	-0.0180978824344	0.00645397149836	-0.046305404363	-0.0293459492636	-0.00134892424206	0.0138385801338	0.0138142741888	-0.0208278431737	0.0103990245794	0.0187782550347	-0.0441592288312	-0.0355702699818	0.0118943929441	0.0455538343939	-0.0478314278455	0.0242945592713	-0.00365045844036	-0.0576259952703	-0.0190707817566	0.00744345795378	-0.0909541808608	-0.00748589243137	-0.061263850934	-0.00856596814842	0.0244021434547	-0.0564343333431	0.0576403149898	-0.00159334317875	0.0423095989943	0.00787376024344	-0.0131958868305	-0.0119035320393	0.0544593361395	0.0136656757346	-0.0297511833564	0.0175825443549	0.038469671098	-0.0341680947976	-0.00325710200727	-0.0253003719932	0.0198403666602	0.0270308249864	-0.00804739694418	-0.0641808284335	-0.0580080817622	0.0202485800564	0.0485975499658	0.0148186734019
k__Bacteria;p__Bacteroidetes;c__Bacteroidia;o__Bacteroidales;f__Bacteroidaceae;g__Bacteroides;s__Bacteroides_coprocola	0.00946096408175	0.00241468728437	0.0083987389119	-0.0912400789274	-0.0348861276424	-0.0450708541007	-0.0137240149855	-0.0234011846761	-0.0382288448302	-0.042248875712	-0.0180978824344	1.0	-0.0170960700877	-0.0626503270327	-0.0248138463716	-0.0369323347065	0.0631039636437	-0.0363993420387	-0.0153596531862	-0.00438204199256	-0.0256065583659	-0.00719182302277	-0.0965468673989	-0.000606817547219	0.0373278093789	-0.00551932462723	0.0335343201189	-0.0234539822853	0.032652222024	-0.0246354531792	0.000710959698807	0.00980694360263	-0.00170850419855	0.0658020744362	-0.0143249385657	-0.0150376407182	-0.0109357647545	-0.0296114930961	-0.0252529833572	-0.0276906853099	0.0114110772843	-0.0144866646701	0.021581202039	-0.0318473477844	0.042068705594	0.00350439785567	-0.0443977072975	0.0112922493796	0.0172271252912	0.00275276034617	-0.00817968527781	-0.0293099725649	0.037108870279	-0.034619897458	0.052933501394	-0.0570711210137	0.00499776435934	-0.0133835051364	-0.0500902276614
k__Bacteria;p__Bacteroidetes;c__Bacteroidia;o__Bacteroidales;f__Bacteroidaceae;g__Bacteroides;s__Bacteroides_cellulosilyticus	0.0165204110691	-0.00656779808075	-0.0315986746205	0.00189414299603	0.0292779274033	0.0174846421603	-0.016481192801	-0.0544398132648	0.0810019353487	0.0287176181775	0.00645397149836	-0.0170960700877	1.0	0.035699610026	-0.00568015374301	0.00051931100982	-0.0318820619592	-0.0412994416353	0.0169137585464	-0.0444259980501	-0.0156883384036	-0.000126423348337	-0.0106726613244	0.0288593334857	-0.0256716321822	-0.0303664249628	0.0136864969245	-0.0210060445502	-0.021494369116	-0.0444260815451	0.00680410786402	-0.0186329245493	-0.00795168308072	0.027299071175	0.014209085334	-0.0244517478462	-0.0544230954445	-0.017293988219	-0.00570564608833	0.0487497562247	-0.0262222838869	-0.0505852530122	0.00470158758281	-0.0249642632253	-0.0151894814448	0.0155828875058	0.0656275243503	0.000972841204552	0.0328918910234	-0.0384243245053	-0.0422107080543	-0.0147969463705	-0.0312937218245	-0.0142972191828	-0.0450174761679	0.00613460341544	-0.0166890003186	0.0486831700977	-0.0372208186376
k__Bacteria;p__Bacteroidetes;c__Bacteroidia;o__Bacteroidales;f__Rikenellaceae;g__Alistipes;s__Alistipes_obesi	-0.0482602111203	-0.056552867763	-0.0115244873688	-0.0280623207122	-0.0246911390779	0.0194000153525	-0.0831524523601	-0.0450883635887	-0.00219386122409	0.00275281287427	-0.046305404363	-0.0626503270327	0.035699610026	1.0	-0.0279739714806	0.0264440497861	-0.0646589967528	0.0312714976285	-0.0602593402648	-0.00858855494157	0.00610435941446	-0.0144576201181	0.00490486576565	-0.0817747980674	0.0278172686058	-0.0320555769667	0.0445272109025	0.0306761404932	-0.0505200302592	-0.00300063514528	-0.0041475516956	0.0238113388932	-0.010870663214	-0.0509500122945	0.043490350946	-0.00300697632675	0.0190173127015	-0.0123136850607	-0.00712650156149	0.0438983607549	-0.0276554454615	-0.0260388219074	0.050552486446	-0.0230929324442	-0.0394133043549	0.00195771054559	-0.0551487149519	0.00245997790404	0.0224662787033	0.0538947082814	-0.0696728428641	-0.025390797203	-0.0286331658277	0.0605709327594	-0.0303206621637	-0.000687248235339	0.033941969446	0.0330116915864	0.0538352255419
k__Bacteria;p__Firmicutes;c__Clostridia;o__Clostridiales;f__Lachnospiraceae;g__;s__[Eubacterium]_rectale	-0.0310465244897	-0.0168615733507	-0.0505769447573	0.0818622557204	-0.0290181061056	0.0472519435312	-0.0275224372304	0.0017494134415	0.0292636879823	0.018624686987	-0.0293459492636	-0.0248138463716	-0.00568015374301	-0.0279739714806	1.0	-0.00391403527268	0.0277389802717	0.0228362699418	0.0174427905927	-0.0377274391176	0.00582650924201	-0.0518715226645	0.0664943156459	-0.0140259665166	0.00268045837632	-0.0538245309537	-0.0823056683084	-0.0137118391007	-0.00249303572754	-0.0664723912443	-0.013280863468	-0.0742900309726	-0.0301025850529	-0.0021689624294	0.0656281077881	0.00374394187316	-0.0187358016542	-0.0437007951263	-0.0375107618008	0.0249798493153	0.032508454363	0.0187258543993	0.00700184518212	-0.0257413590666	-0.0218653580119	0.0780061882067	-0.0049718402233	-0.0939477064018	-0.0299153328214	-0.0110109945752	-0.0166192777656	-0.0462662260076	0.00286683163061	0.0468002133168	0.0266228545805	0.019564144878	-0.0580987665636	-0.0449956087081	-0.0328709274999
k__Bacteria;p__Bacteroidetes;c__Bacteroidia;o__Bacteroidales;f__Bacteroidaceae;g__Bacteroides;s__Bacteroides_plebeius	-0.00753149011663	-0.00710671340713	0.0204486932185	0.0220135047368	0.0223311313542	-0.0563511090967	-0.00471554268166	-0.0532213671597	-0.00877333974925	-0.016067800575	-0.00134892424206	-0.0369323347065	0.00051931100982	0.0264440497861	-0.00391403527268	1.0	-0.0668795129136	0.0176640870135	-0.0775200740099	-0.0296376621208	-0.00224064290843	0.0165048037166	-0.0443662110716	-0.0654738757477	0.0243445790848	-0.0425766937587	0.025035966954	-0.0502938560071	-0.00603096958546	-0.0338087873248	0.0503580905867	0.0175387812032	-0.0100755171001	-0.0222850998804	0.0260866383032	-0.00768732057947	-0.00165201338679	0.0153293920916	-0.0103535575486	0.0383808952767	0.00862233772427	-0.0261572640331	-0.0438095798492	0.0417814270896	0.0257013655808	0.01056444845	0.000863880851395	-0.0465513491526	-0.0306882827122	-0.00668800035764	-0.0229213389083	0.0175566508209	-0.0378858558496	-0.0118225795172	-0.025143015362	0.0046757343232	0.00492288955412	-0.0119082749986	-0.0881885440122
k__Bacteria;p__Bacteroidetes;c__Bacteroidia;o__Bacteroidales;f__Bacteroidaceae;g__Bacteroides;s__Bacteroides_fragilis	-0.0611812766026	0.0252911503934	-0.0224895265427	0.0248853491386	0.0158155205195	-0.026736712184	0.0118311146087	-0.0166321342071	-0.0370239368909	0.0238805731499	0.0138385801338	0.0631039636437	-0.0318820619592	-0.0646589967528	0.0277389802717	-0.0668795129136	1.0	-0.00711989824843	0.0282251121318	0.0110183491374	-0.000352027592576	0.0145655382061	0.024217455041	0.0355311612143	0.00813288270323	0.0282447078918	0.0154500517523	-0.0347289183152	-0.0202755165953	-0.0265773570419	0.00735863822954	-0.000374738178629	-0.0111208291028	0.0595112044766	-0.025287187478	-0.0359378691928	-0.0139211519555	0.00776718697499	0.0650800842903	-0.0433129426604	0.0188792323372	-0.0132657481159	-0.0417301065041	-0.0125889576177	-0.0450531482561	-0.036233528668	0.000739260599032	-0.007780110933	-0.0971692622804	0.0310442207921	0.00758024406485	-0.0223870267038	0.0211480757896	-0.0391595355387	-0.0306665785235	-0.033140820827	-0.0291061821054	-0.0327259270519	0.0366029108027
k__Bacteria;p__Proteobacteria;c__Betaproteobacteria;o__Burkholderiales;f__Sutterellaceae;g__Sutterella;s__Sutterella_wadsworthensis	-0.0357276977977	0.0246073095625	0.0402197474156	0.00254714722538	0.0587730468538	0.0232456338409	-0.0199359567424	0.0549626619465	-0.0681391763008	-0.0757022713231	0.0138142741888	-0.0363993420387	-0.0412994416353	0.0312714976285	0.0228362699418	0.0176640870135	-0.00711989824843	1.0	-0.00539475832531	-0.00910776652686	-0.0105592763096	0.0802892738933	0.024793095296	-0.0207000340281	-0.0196499709656	-0.0703168877753	0.013614687768	0.0298027868303	0.0400611963125	-0.00775727785487	0.00434469072803	0.0366886085944	0.0170607334794	-0.0720326553413	0.0174930763206	0.0135180857268	0.0118574894959	-0.000546633076037	0.0146301799356	-0.0429352159726	-0.00580344741571	-0.0164078918732	-0.0167568660238	-5.18830971576e-05	-0.0117841115648	-0.0313785046531	-0.00204058004989	-0.0173089474588	-0.00974029326818	0.00531540798133	0.0180946259578	0.0101702033174	0.000503076458991	-0.00876856168827	-0.0381758954094	-0.0856043223295	-0.0157808365205	-0.0403364079501	-0.0227298731438
k__Bacteria;p__Bacteroidetes;c__Bacteroidia;o__Bacteroidales;f__Porphyromonadaceae;g__Barnesiella;s__Barnesiella_intestinihominis	-0.0371546911232	-0.0219287296311	0.0711441843448	0.0334301780536	-0.0376099924643	0.020757843752	-0.0243014613717	0.0362565513714	0.0111547054729	-0.00334315575699	-0.0208278431737	-0.0153596531862	0.0169137585464	-0.0602593402648	0.0174427905927	-0.0775200740099	0.0282251121318	-0.00539475832531	1.0	0.0137411527192	-0.0131775851658	0.0316796674775	0.0154313426894	-0.0281538711943	0.00320101781622	-0.0832397673684	-0.00347300742022	-0.00238950982853	-0.00544850090595	0.0301833788445	-0.00834001453297	-0.0366597126674	-0.0328898413247	-0.019947898135	-0.0573212329848	-0.0407126320953	-0.0442774180164	-0.01596892469	0.013368013354	-0.0345317814739	-0.0208850193528	0.0127745962747	-0.0313604987465	-0.0451956208584	-0.0079318272325	-0.008370058631	0.00930494948531	-0.0218898774184	-0.0906849639947	0.0631573221295	-0.000844323423969	0.0171281258758	-0.00942606197973	0.0162759313806	-0.0840331024486	0.0181412535666	-0.0237716401097	-0.025708821822	0.0370314441444
k__Bacteria;p__Bacteroidetes;c__Bacteroidia;o__Bacteroidales;f__Odoribacteraceae;g__Odoribacter;s__Odoribacter_splanchnicus	0.0189641049174	0.0175868991337	-0.0118548825396	0.0158438996268	-0.0774120545926	0.0195456167445	-0.0473598228067	-0.0319535476956	-0.0964357772608	0.0225913063894	0.0103990245794	-0.00438204199256	-0.0444259980501	-0.00858855494157	-0.0377274391176	-0.0296376621208	0.0110183491374	-0.00910776652686	0.0137411527192	1.0	-0.0354848069054	-0.0110837318484	-0.0229092668186	-0.0021344973732	0.0319904809917	-0.0266755331329	-0.0161325287275	-0.0158672081808	-0.0446056595737	-0.0268545396897	-0.0272544380496	0.0571382177514	-0.0173926108761	0.0273732108114	0.0434327368755	0.060991136115	-0.0085629304793	-0.0108390236753	-0.0609875608613	-0.0610875238723	-0.0303515902596	-0.0547909109158	0.0547901951162	0.00516534568098	-0.00725576673209	-0.0690618507609	-0.0445337744472	-0.0389900056285	0.00800781982379	0.0320349614466	0.0242700162871	-0.0208657267672	0.0475699128533	0.0233616295472	0.00066091446425	0.0662684186331	-0.0131469196798	0.013232832662	0.0374622357716
k__Bacteria;p__Bacteroidetes;c__Bacteroidia;o__Bacteroidales;f__Bacteroidaceae;g__Bacteroides;s__Bacteroides_salyersiae	0.00845900006763	-0.0218586823509	-0.056083559334	-0.0307739754261	-0.0762044872489	-0.010514657591	-0.0557384618725	0.030261333909	0.100112922872	0.0541815330997	0.0187782550347	-0.0256065583659	-0.0156883384036	0.00610435941446	0.00582650924201	-0.00224064290843	-0.000352027592576	-0.0105592763096	-0.0131775851658	-0.0354848069054	1.0	0.0106040696718	0.00547568837814	-0.0393688897828	-0.00580733503983	0.0530405172753	-0.0979068875805	-0.00742440375108	0.00634973379977	0.0116489309902	-0.00405111550349	-0.00379095829417	-0.0289213984548	-0.0680775485937	0.0104615327159	0.0769382291508	0.0331862305885	-0.0221277556716	0.0114267828095	0.0172975828128	-0.0358971122793	0.0314880412097	-0.0669565934172	-0.0164224128973	0.000553347448832	-0.0706472801522	-0.0266036819188	-0.0248480455434	-0.00228942889938	-0.0198912087393	0.0179118645888	0.0444110255907	-0.0307424763403	-0.0745631063257	0.0118556006642	-0.0231424715086	-0.0286292108502	0.00529307020318	-0.0327180815915
k__Bacteria;p__Firmicutes;c__Clostridia;o__Clostridiales;f__Ruminococcaceae;g__Ruminiclostridium;s__[Eubacterium]_siraeum	0.0103668155943	-0.0133392224032	0.0827395971357	0.0151210574694	0.00408488768965	-0.0268718887432	0.0607807306703	-0.0277210681451	0.00879669393225	-0.00123273748956	-0.0441592288312	-0.00719182302277	-0.000126423348337	-0.0144576201181	-0.0518715226645	0.0165048037166	0.0145655382061	0.0802892738933	0.0316796674775	-0.0110837318484	0.0106040696718	1.0	-0.015778376394	-0.0134651843868	0.00578834865638	-0.065216683757	-0.0275158022964	-0.00910966573321	-0.00939782849288	0.0327627097424	-0.0691042776336	0.00816116856985	0.0306636905855	0.0480779265535	0.000428125205565	0.0286365593314	0.00977272805299	0.040920330683	-0.00892644671458	-0.0418959713687	0.0353258447824	0.0517773984031	0.0202903032273	0.000911048820858	-0.0208772094482	-0.0451862552241	0.0618913845157	-0.00160942785775	-0.0408331165462	-0.091602565614	-0.0549926988305	-0.0332310241534	0.0155424164358	0.0300989741008	-0.0361658258233	-0.0445809897218	-0.00410556542765	-0.0411063015513	-0.00942706795763
k__Bacteria;p__Proteobacteria;c__Betaproteobacteria;o__Burkholderiales;f__Sutterellaceae;g__Parasutterella;s__Parasutterella_excrementihominis	0.0477575815336	-0.000875656849437	0.0491529420893	-0.00971115666466	-0.0261880916963	0.00342240165382	-0.0622112137631	-0.0538550223149	-0.00497831278473	-0.0310671812008	-0.0355702699818	-0.0965468673989	-0.0106726613244	0.00490486576565	0.0664943156459	-0.0443662110716	0.024217455041	0.024793095296	0.0154313426894	-0.0229092668186	0.00547568837814	-0.015778376394	1.0	0.0286936930471	-0.0248829265923	0.062396555302	0.00604032686811	0.0132470995784	0.0316436188941	0.00289513397479	0.00981826825419	-0.029197102594	0.0056452081908	0.0756328232868	0.0134775959549	0.0180173221292	0.00356203574993	-0.0818929923402	0.02265523669	-0.0111032076444	-0.0045729825513	0.00130613154184	-0.0697285516384	-0.0457382187975	0.0208750975862	0.000189438539394	-0.0164535580764	0.0208270042672	-0.0345568229673	0.0115507636314	0.00199561717964	0.0215371430552	0.0147795041606	-0.0569339578299	-0.0207957757355	-0.0250524066074	0.0422441640574	0.0202152875134	0.00443080089395
k__Bacteria;p__Actinobacteria;c__Actinobacteria;o__Bifidobacteriales;f__Bifidobacteriaceae;g__Bifidobacterium;s__Bifidobacterium_adolescentis	0.0215654588989	0.00758477042275	-0.0145194763686	-0.0129389687982	0.0500484168216	-0.0258000216534	-0.0478411005384	-0.0629148004349	-0.015445110509	-0.0198356173072	0.0118943929441	-0.000606817547219	0.0288593334857	-0.0817747980674	-0.0140259665166	-0.0654738757477	0.0355311612143	-0.0207000340281	-0.0281538711943	-0.0021344973732	-0.0393688897828	-0.0134651843868	0.0286936930471	1.0	0.0290341226553	0.0165091967323	0.0251790959781	0.013250542721	-0.0492628192142	-0.0297185842607	0.0424586549818	-0.0112252424877	0.0244458149433	-0.0164622675007	-0.01943784319	0.0600345757108	0.00872483516703	0.0968272450195	-0.0169899117418	-0.00262442038571	0.0402147898993	-0.0918417670195	0.00369707218719	-0.0180942712053	0.00253696531306	-0.00446509063367	-0.0818845130465	0.0260625258506	-0.0763015971658	0.0288980182804	0.0171985327291	-0.043562132822	-0.0469287999403	-0.108278104612	-0.00110245512552	0.00744570325116	0.0784270499066	0.014906242495	-0.0241845593507
k__Bacteria;p__Firmicutes;c__Clostridia;o__Clostridiales;f__Oscillospiraceae;g__Oscillibacter;s__Oscillibacter_sp._KLE_1745	0.029798411548	-0.0349105541454	0.0251772685009	0.0603135640606	-0.00279552887186	-0.0151073262461	-0.0172590822349	0.00176162613593	-0.0645480376269	0.0170855028832	0.0455538343939	0.0373278093789	-0.0256716321822	0.0278172686058	0.00268045837632	0.0243445790848	0.00813288270323	-0.0196499709656	0.00320101781622	0.0319904809917	-0.00580733503983	0.00578834865638	-0.0248829265923	0.0290341226553	1.0	0.0213009219385	-0.0128375942086	0.00799535721325	0.0103136224298	-0.0260157150034	-0.0187679069282	0.0334357198283	-0.0407760309982	0.019336849289	-0.049661517108	-0.0432844204815	-0.0370150309846	-0.0157584169483	0.0501958006519	-0.00818792381484	-0.0600858848872	-0.0426674256329	0.00167868141872	-0.000750922698703	-0.0446540973557	0.00211597655415	0.0162579856873	-0.0206707414172	0.06707397241	-0.0219760016161	-0.0243179142188	-0.0267911289755	0.0149739275888	-0.00371741786722	-0.0237621995101	-0.0313663052851	-0.0633867907165	-0.00585350996483	-0.00166889554473
k__Bacteria;p__Bacteroidetes;c__Bacteroidia;o__Bacteroidales;f__Bacteroidaceae;g__Bacteroides;s__Bacteroides_coprophilus	-0.0101306422078	-0.00403653726854	0.0032469754204	-0.0379166220389	-0.0526508420711	0.00990309754784	0.006447544241	-0.0081188347423	-0.00146868528891	-0.0189595632229	-0.0478314278455	-0.00551932462723	-0.0303664249628	-0.0320555769667	-0.0538245309537	-0.0425766937587	0.0282447078918	-0.0703168877753	-0.0832397673684	-0.0266755331329	0.0530405172753	-0.065216683757	0.062396555302	0.0165091967323	0.0213009219385	1.0	0.0195217002736	-0.0375917570165	0.0230136099242	0.00737590405115	0.0208622119956	-0.0173791396216	-0.0588665242161	-0.0461815528194	0.0198414851889	-0.0465475115873	0.00515152189131	-0.0167505134765	-0.00669174190022	-0.000524207290602	0.00752707108985	0.0189819782948	-0.03698284452	-0.00364019432991	-0.00740519833532	-0.01347867243	0.0263828830829	-0.00830537030797	-0.0809080181069	-0.0186130974841	-0.0646027128069	0.0219421180311	-0.0173541065081	-0.0997600747806	0.00343408908928	0.0128277198998	0.0938373618681	0.0240861465097	-0.00207798207919
k__Bacteria;p__Firmicutes;c__Clostridia;o__Clostridiales;f__Lachnospiraceae;g__Roseburia;s__Roseburia_intestinalis	-0.0351872814661	-0.0295300539775	0.0531052177339	0.0182610872655	0.0194933499183	-0.00247750157119	-0.0289016310557	0.108802032704	-0.0187744306972	-0.0085534294898	0.0242945592713	0.0335343201189	0.0136864969245	0.0445272109025	-0.0823056683084	0.025035966954	0.0154500517523	0.013614687768	-0.00347300742022	-0.0161325287275	-0.0979068875805	-0.0275158022964	0.00604032686811	0.0251790959781	-0.0128375942086	0.0195217002736	1.0	0.0242439299788	0.00969038890474	-0.0147814639245	0.022649374659	-0.0480275882815	-0.0492544535941	0.0591083315731	0.0560511084248	-0.0378385636316	-0.00299194051021	-0.0747792462903	-0.0231511921916	0.00246445081197	-0.0319950060359	0.00833251135191	-0.0150097444527	0.0237501323285	-0.0255938573147	0.00118317659532	-0.0359848944147	0.0221467467249	0.0385983535541	-0.00344578768813	0.0334294444454	-0.0281056931875	0.00673731340037	-0.0355366179711	0.00334569139188	-0.0388163258997	-0.00586237188956	-0.00316670447215	-0.0412473262093
k__Bacteria;p__Firmicutes;c__Clostridia;o__Clostridiales;f__Lachnospiraceae;g__Roseburia;s__Roseburia_hominis	0.0229955139079	0.027774748216	-0.0240876674148	-0.0110643071181	0.00121131252926	-0.00253009811097	0.0213899806568	-0.00806938136503	0.0339453746062	-0.0349173954248	-0.00365045844036	-0.0234539822853	-0.0210060445502	0.0306761404932	-0.0137118391007	-0.0502938560071	-0.0347289183152	0.0298027868303	-0.00238950982853	-0.0158672081808	-0.00742440375108	-0.00910966573321	0.0132470995784	0.013250542721	0.00799535721325	-0.0375917570165	0.0242439299788	1.0	-0.00668383490148	0.0647870736663	-0.0492717267186	-0.0531561530284	-0.00619264358844	0.0103199950912	0.00873529307971	0.0298707962344	-0.0574774923725	-0.0443672657603	-0.0142079664045	-0.0431710079817	-0.0181995171139	-0.025814081954	0.0787782012251	-0.0183584057101	-0.012149251878	-0.00836381642728	0.0267211291029	0.0453682089861	0.0194041383846	0.0373395565122	0.0112495593034	0.00988121506841	0.0269436304204	-0.0411270353905	-0.00456952211045	-0.0408827355453	-0.0370125521113	0.0300088580656	-0.0158946844374
k__Bacteria;p__Bacteroidetes;c__Bacteroidia;o__Bacteroidales;f__Porphyromonadaceae;g__Parabacteroides;s__Parabacteroides_johnsonii	-0.0597948999416	-0.0290252896398	0.0549930487872	-0.030019976176	-0.0870243626442	-0.0325466110907	-0.0659875155101	-0.0144500361612	-0.0169561752514	0.041755242961	-0.0576259952703	0.032652222024	-0.021494369116	-0.0505200302592	-0.00249303572754	-0.00603096958546	-0.0202755165953	0.0400611963125	-0.00544850090595	-0.0446056595737	0.00634973379977	-0.00939782849288	0.0316436188941	-0.0492628192142	0.0103136224298	0.0230136099242	0.00969038890474	-0.00668383490148	1.0	-0.027606933085	-0.0218527028748	0.0710289545392	-0.0162245730472	-0.0185287589882	-0.00147297946008	-0.00126257683178	-0.0330399940351	-0.00720923364375	0.0245395730774	-0.014424531983	-0.0336794812707	-0.00200308126469	0.0281204290943	0.028766064325	-0.00932370250752	-0.0503054179883	0.0264919833943	-0.00663798134862	0.025523281366	0.0408359224939	-0.0436100045402	-0.0519661942575	-0.00908695644507	-0.0118749012323	0.00797753563367	0.0982544962332	-0.0223006870906	0.0113437127199	-0.0472911343398
k__Bacteria;p__Actinobacteria;c__Actinobacteria;o__Bifidobacteriales;f__Bifidobacteriaceae;g__Bifidobacterium;s__Bifidobacterium_longum	-0.0157582084067	0.0128768008564	-0.0170074465962	-0.00336719538546	0.028108972634	-0.0122615824035	0.0228927973845	-0.026774454469	-0.00872824896905	-0.0620169605789	-0.0190707817566	-0.0246354531792	-0.0444260815451	-0.00300063514528	-0.0664723912443	-0.0338087873248	-0.0265773570419	-0.00775727785487	0.0301833788445	-0.0268545396897	0.0116489309902	0.0327627097424	0.00289513397479	-0.0297185842607	-0.0260157150034	0.00737590405115	-0.0147814639245	0.0647870736663	-0.027606933085	1.0	-0.0395108010119	-0.0311058827198	0.0158072590008	-0.0310327421675	-0.00185977474749	0.0157343676071	-0.0626653308309	0.0621863585273	-0.0280358386393	0.0542086725433	-0.00501894201759	-0.0590989383283	0.0165057205815	-0.0254003582684	-0.00528444197864	-0.00741871332761	-0.011394972093	0.00823742231401	0.00765494230037	-0.0453466638352	0.0122022857418	0.0510903380828	0.00619286257973	-0.0273556295597	0.014850519653	0.00633890774945	0.0123302060827	-0.0434502673795	-0.077409636997
