#taxonomy	k__Bacteria;p__Bacteroidetes;c__Bacteroidia;o__Bacteroidales;f__Bacteroidaceae;g__Bacteroides;s__Bacteroides_vulgatus	k__Bacteria;p__Bacteroidetes;c__Bacteroidia;o__Bacteroidales;f__Bacteroidaceae;g__Bacteroides;s__Bacteroides_uniformis	k__Bacteria;p__Bacteroidetes;c__Bacteroidia;o__Bacteroidales;f__Rikenellaceae;g__Alistipes;s__Alistipes_putredinis	k__Bacteria;p__Bacteroidetes;c__Bacteroidia;o__Bacteroidales;f__Prevotellaceae;g__Prevotella;s__Prevotella_copri	k__Bacteria;p__Bacteroidetes;c__Bacteroidia;o__Bacteroidales;f__Bacteroidaceae;g__Bacteroides;s__Bacteroides_stercoris	k__Bacteria;p__Bacteroidetes;c__Bacteroidia;o__Bacteroidales;f__Bacteroidaceae;g__Bacteroides;s__Bacteroides_ovatus	k__Bacteria;p__Bacteroidetes;c__Bacteroidia;o__Bacteroidales;f__Rikenellaceae;g__Alistipes;s__Alistipes_shahii	k__Bacteria;p__Firmicutes;c__Clostridia;o__Clostridiales;f__Ruminococcaceae;g__Faecalibacterium;s__Faecalibacterium_prausnitzii	k__Bacteria;p__Bacteroidetes;c__Bacteroidia;o__Bacteroidales;f__Rikenellaceae;g__Alistipes;s__Alistipes_finegoldii	k__Bacteria;p__Bacteroidetes;c__Bacteroidia;o__Bacteroidales;f__Porphyromonadaceae;g__Parabacteroides;s__Parabacteroides_distasonis	k__Bacteria;p__Bacteroidetes;c__Bacteroidia;o__Bacteroidales;f__Bacteroidaceae;g__Bacteroides;s__Bacteroides_thetaiotaomicron	k__Bacteria;p__Bacteroidetes;c__Bacteroidia;o__Bacteroidales;f__Bacteroidaceae;g__Bacteroides;s__Bacteroides_coprocola	k__Bacteria;p__Bacteroidetes;c__Bacteroidia;o__Bacteroidales;f__Bacteroidaceae;g__Bacteroides;s__Bacteroides_cellulosilyticus	k__Bacteria;p__Bacteroidetes;c__Bacteroidia;o__Bacteroidales;f__Rikenellaceae;g__Alistipes;s__Alistipes_obesi	k__Bacteria;p__Firmicutes;c__Clostridia;o__Clostridiales;f__Lachnospiraceae;g__;s__[Eubacterium]_rectale	k__Bacteria;p__Bacteroidetes;c__Bacteroidia;o__Bacteroidales;f__Bacteroidaceae;g__Bacteroides;s__Bacteroides_plebeius	k__Bacteria;p__Bacteroidetes;c__Bacteroidia;o__Bacteroidales;f__Bacteroidaceae;g__Bacteroides;s__Bacteroides_fragilis	k__Bacteria;p__Proteobacteria;c__Betaproteobacteria;o__Burkholderiales;f__Sutterellaceae;g__Sutterella;s__Sutterella_wadsworthensis	k__Bacteria;p__Bacteroidetes;c__Bacteroidia;o__Bacteroidales;f__Porphyromonadaceae;g__Barnesiella;s__Barnesiella_intestinihominis	k__Bacteria;p__Bacteroidetes;c__Bacteroidia;o__Bacteroidales;f__Odoribacteraceae;g__Odoribacter;s__Odoribacter_splanchnicus	k__Bacteria;p__Bacteroidetes;c__Bacteroidia;o__Bacteroidales;f__Bacteroidaceae;g__Bacteroides;s__Bacteroides_salyersiae	k__Bacteria;p__Firmicutes;c__Clostridia;o__Clostridiales;f__Ruminococcaceae;g__Ruminiclostridium;s__[Eubacterium]_siraeum	k__Bacteria;p__Proteobacteria;c__Betaproteobacteria;o__Burkholderiales;f__Sutterellaceae;g__Parasutterella;s__Parasutterella_excrementihominis	k__Bacteria;p__Actinobacteria;c__Actinobacteria;o__Bifidobacteriales;f__Bifidobacteriaceae;g__Bifidobacterium;s__Bifidobacterium_adolescentis	k__Bacteria;p__Firmicutes;c__Clostridia;o__Clostridiales;f__Oscillospiraceae;g__Oscillibacter;s__Oscillibacter_sp._KLE_1745	k__Bacteria;p__Bacteroidetes;c__Bacteroidia;o__Bacteroidales;f__Bacteroidaceae;g__Bacteroides;s__Bacteroides_coprophilus	k__Bacteria;p__Firmicutes;c__Clostridia;o__Clostridiales;f__Lachnospiraceae;g__Roseburia;s__Roseburia_intestinalis	k__Bacteria;p__Firmicutes;c__Clostridia;o__Clostridiales;f__Lachnospiraceae;g__Roseburia;s__Roseburia_hominis	k__Bacteria;p__Bacteroidetes;c__Bacteroidia;o__Bacteroidales;f__Porphyromonadaceae;g__Parabacteroides;s__Parabacteroides_johnsonii	k__Bacteria;p__Actinobacteria;c__Actinobacteria;o__Bifidobacteriales;f__Bifidobacteriaceae;g__Bifidobacterium;s__Bifidobacterium_longum	k__Bacteria;p__Firmicutes;c__Clostridia;o__Clostridiales;f__;g__Flavonifractor;s__Flavonifractor_plautii	k__Bacteria;p__Firmicutes;c__Clostridia;o__Clostridiales;f__Clostridiaceae;g__Clostridium;s__Clostridium_phoceensis	k__Bacteria;p__Verrucomicrobia;c__Verrucomicrobiae;o__Verrucomicrobiales;f__Akkermansiaceae;g__Akkermansia;s__Akkermansia_muciniphila	k__Bacteria;p__Bacteroidetes;c__Bacteroidia;o__Bacteroidales;f__Prevotellaceae;g__Paraprevotella;s__Paraprevotella_xylaniphila	k__Bacteria;p__Firmicutes;c__Clostridia;o__Clostridiales;f__Ruminococcaceae;g__Ruminococcus;s__Ruminococcus_callidus	k__Bacteria;p__Bacteroidetes;c__Bacteroidia;o__Bacteroidales;f__Rikenellaceae;g__Alistipes;s__Alistipes_senegalensis	k__Bacteria;p__Firmicutes;c__Clostridia;o__Clostridiales;f__Lachnospiraceae;g__Blautia;s__Blautia_sp._KLE_1732	k__Bacteria;p__Bacteroidetes;c__Bacteroidia;o__Bacteroidales;f__Bacteroidaceae;g__Bacteroides;s__Bacteroides_oleiciplenus	k__Bacteria;p__Firmicutes;c__Clostridia;o__Clostridiales;f__Ruminococcaceae;g__Ruminococcus;s__Ruminococcus_bicirculans	k__Bacteria;p__Bacteroidetes;c__Bacteroidia;o__Bacteroidales;f__Bacteroidaceae;g__Bacteroides;s__Bacteroides_fluxus	k__Bacteria;p__Bacteroidetes;c__Bacteroidia;o__Bacteroidales;f__Prevotellaceae;g__Prevotella;s__Prevotella_stercorea	k__Bacteria;p__Firmicutes;c__Clostridia;o__Clostridiales;f__Lachnospiraceae;g__Dorea;s__Dorea_longicatena	k__Bacteria;p__Firmicutes;c__Clostridia;o__Clostridiales;f__Eubacteriaceae;g__Eubacterium;s__[Eubacterium]_eligens	k__Bacteria;p__Firmicutes;c__Clostridia;o__Clostridiales;f__Ruminococcaceae;g__;s__Ruminococcaceae_bacterium_D16	k__Bacteria;p__Firmicutes;c__Clostridia;o__Clostridiales;f__Lachnospiraceae;g__Coprococcus;s__Coprococcus_comes	k__Bacteria;p__Proteobacteria;c__Gammaproteobacteria;o__Enterobacterales;f__Enterobacteriaceae;g__Escherichia;s__Escherichia_coli	k__Bacteria;p__Firmicutes;c__Clostridia;o__Clostridiales;f__Ruminococcaceae;g__Anaerotruncus;s__Anaerotruncus_colihominis	k__Bacteria;p__Firmicutes;c__Clostridia;o__Clostridiales;f__Lachnospiraceae;g__Blautia;s__Blautia_obeum	k__Bacteria;p__Bacteroidetes;c__Bacteroidia;o__Bacteroidales;f__Odoribacteraceae;g__Odoribacter;s__Odoribacter_laneus	k__Bacteria;p__Firmicutes;c__Clostridia;o__Clostridiales;f__Ruminococcaceae;g__Ruminiclostridium;s__[Clostridium]_leptum	k__Bacteria;p__Bacteroidetes;c__Bacteroidia;o__Bacteroidales;f__Porphyromonadaceae;g__Parabacteroides;s__Parabacteroides_goldsteinii	k__Bacteria;p__Firmicutes;c__Clostridia;o__Clostridiales;f__Lachnospiraceae;g__Anaerostipes;s__Anaerostipes_hadrus	k__Bacteria;p__Firmicutes;c__Clostridia;o__Clostridiales;f__Ruminococcaceae;g__Ruminococcus;s__Ruminococcus_lactaris	k__Bacteria;p__Firmicutes;c__Clostridia;o__Clostridiales;f__Clostridiaceae;g__Clostridium;s__Clostridium_sp._L2-50	k__Bacteria;p__Firmicutes;c__Clostridia;o__Clostridiales;f__Clostridiaceae;g__Clostridium;s__Clostridium_sp._M62/1	k__Bacteria;p__Firmicutes;c__Clostridia;o__Clostridiales;f__;g__Intestinimonas;s__Intestinimonas_butyriciproducens	k__Bacteria;p__Actinobacteria;c__Actinobacteria;o__Bifidobacteriales;f__Bifidobacteriaceae;g__Bifidobacterium;s__Bifidobacterium_bifidum	k__Bacteria;p__Firmicutes;c__Negativicutes;o__Veillonellales;f__Veillonellaceae;g__Dialister;s__Dialister_invisus	k__Bacteria;p__Bacteroidetes;c__Bacteroidia;o__Bacteroidales;f__Bacteroidaceae;g__Bacteroides;s__Bacteroides_salanitronis
k__Bacteria;p__Bacteroidetes;c__Bacteroidia;o__Bacteroidales;f__Bacteroidaceae;g__Bacteroides;s__Bacteroides_vulgatus	1.0	-0.0206028692555	-0.0642129002715	0.0815467266383	0.0279748316303	0.0316766100904	0.0555268965069	-0.00674524554931	0.018448836044	0.0128535279083	-0.0217742227406	-0.0513734666285	-0.0107286796718	-0.0136295796477	-0.0395437032472	0.00301273095934	0.0500288100657	-0.0363782706757	0.00884672803734	-0.00918121941055	0.0548847431161	-0.0224226278741	0.0338805002245	-0.0287082578804	0.0273446905958	0.0273556043665	0.00470090257377	0.0451578261544	-0.00683704194902	-0.0218224765294	0.00719057024981	0.0161597408283	0.0132937161577	0.00799316531387	0.0290965233444	-0.0667448436588	-0.0727435140683	-0.0341576276944	-0.0179824718253	-0.0233016052251	-0.0388747942596	-0.025973222403	0.015415918421	-0.0351227277015	0.00728114193745	-0.025412378722	-0.0449471373459	-0.0362032193368	0.00182623643876	0.0632050228509	-0.0203950796334	0.0137268332057	-0.0517542336707	0.0120846344131	-0.0381641935158	-0.0673882150139	-0.0276692348106	-0.055595983887	-0.0374815082028
k__Bacteria;p__Bacteroidetes;c__Bacteroidia;o__Bacteroidales;f__Bacteroidaceae;g__Bacteroides;s__Bacteroides_uniformis	-0.0206028692555	1.0	-0.033661238461	-0.029011989978	0.0184520188549	0.0688526501373	0.0276811583123	0.0295576853192	0.000245776080636	0.0267152774077	-0.0380505510597	-0.0634487691518	-0.0174994333467	0.0145750849047	0.015588138433	-0.0539421052572	-0.0198299362744	-0.0385671482684	-0.0235873197395	-0.0233776426949	0.00228801541528	-0.0317338679029	0.036594464709	0.00306502771195	-0.0779957094703	-0.00913450091032	-0.0398998691113	0.0143280240258	0.0353382903592	0.0227814866679	-0.00223581737726	0.00533246145881	0.030788845803	-0.0247339370219	0.0756530566262	-0.00578881154948	-0.0175187672744	-0.0620439894562	0.0113728521936	-0.0229548504609	-0.0166197885977	0.0134031170969	0.0192105077641	-0.0601163510734	-0.0318282099974	-0.00350689373427	-0.030226688688	0.0427485757277	-0.0903234086892	-0.00770994076688	8.40228420682e-05	0.000227182141593	-0.0177653951488	-0.00731043594065	-0.00712857843424	0.00490685448978	-0.0419804533103	0.0382776677847	0.0377382829598
k__Bacteria;p__Bacteroidetes;c__Bacteroidia;o__Bacteroidales;f__Rikenellaceae;g__Alistipes;s__Alistipes_putredinis	-0.0642129002715	-0.033661238461	1.0	0.00801977003853	-0.0639273973894	-0.0423261937281	0.00241084914302	0.0170530126969	0.0235128859063	0.0518956753484	-0.0689197606411	0.0219342277747	0.0208706699416	-0.0715396061137	0.0329132650843	-0.0270844438422	0.0465016276606	-0.0218414308452	-0.0396932863944	0.0389704975179	-0.0212217348365	-0.0438082629558	-0.0253432673626	0.00770660287869	-0.0104730765082	-0.0535800143492	0.00407148780387	0.0233914520107	0.0303189881533	-0.079900064182	0.00627995195467	-0.00983118710483	-0.0774701533282	0.0287890099672	-0.0129439088767	-0.0477225005775	0.0240408654186	-0.0583685205709	-0.0111023431521	0.004803419007	0.0330576696611	-0.00481659939295	0.000102360070635	0.0213914915893	0.0596559448652	-0.0393311107278	-0.0324108063833	-0.000413565674809	-0.0159121315306	0.0176009072526	-0.00741765127117	-0.0228463054424	0.0601165110914	-0.0272664898894	-0.0120371763185	0.0519984047678	0.0323368313428	-0.0294938408633	-0.019036439597
k__Bacteria;p__Bacteroidetes;c__Bacteroidia;o__Bacteroidales;f__Prevotellaceae;g__Prevotella;s__Prevotella_copri	0.0815467266383	-0.029011989978	0.00801977003853	1.0	-0.0351938704904	-0.0797892477691	-0.0540593077893	0.0298158087048	-0.00449178934395	0.0318776507061	-0.00298938409194	-0.000239312169628	0.00859749826439	-0.0185960263774	-0.0375206113896	-0.0317948575187	-0.00274052283762	-0.000166385059584	0.0682666000114	0.0308851699541	0.0210793116696	0.0773440160187	0.0115205334191	0.00347209602443	-0.0405770018006	-0.00204946155452	-0.00402380016709	-0.0250003527302	-0.04250077024	-0.0188812315238	0.0187043246034	0.00073453528632	-0.0234389891081	0.0472943346226	-0.0650131916423	-0.018498355007	-0.000918085480888	0.0307360496392	0.00550450267776	-0.0101405105158	-0.0214332940944	0.0146035526576	0.0205473371493	-0.0372698982054	-0.0227641359179	-0.00343031838565	0.0456894702286	0.0211331850785	-0.0355651319012	0.00777700099675	-0.0254888344028	-0.00618985527147	0.0128216196788	0.0246298176267	0.0350320645439	-0.0088931059261	-0.0711237861148	-0.0620797416086	-0.0117100646647
k__Bacteria;p__Bacteroidetes;c__Bacteroidia;o__Bacteroidales;f__Bacteroidaceae;g__Bacteroides;s__Bacteroides_stercoris	0.0279748316303	0.0184520188549	-0.0639273973894	-0.0351938704904	1.0	0.00691825549464	-0.0302635879062	-0.00401730160015	-0.0281397374015	-0.0273680606494	-0.0134013467662	-0.0266224068686	-0.0615699809961	-0.104891605036	0.00533649654728	-0.0244790252434	-0.0220679825209	-0.0353500296578	-0.00317030432558	-0.0355675623985	0.0716080548424	0.00354793927962	-0.0424069282857	-0.0330423561494	-0.0232792172991	-0.0870891166575	0.0154123027983	-0.0141864605102	-0.00312867282209	0.020016352135	-0.0421648667988	-0.0230269902344	0.0333581056791	0.0174205552994	-0.0450979985738	0.0210536267516	-0.0232167871493	0.0208102977466	-0.0166060079288	-0.00641234687254	0.023120881624	0.0383361452524	0.075424756166	-0.0357748349208	0.0272419434491	0.0702082282279	-0.0571750240772	-0.0339823819367	0.0393002102934	9.8161687914e-05	0.0157210686278	-0.0203829274975	-0.00375700969726	-0.0011812714678	-0.0176587709542	-0.0108506958462	-0.0225998508082	-0.0156574151508	-0.0122384179769
k__Bacteria;p__Bacteroidetes;c__Bacteroidia;o__Bacteroidales;f__Bacteroidaceae;g__Bacteroides;s__Bacteroides_ovatus	0.0316766100904	0.0688526501373	-0.0423261937281	-0.0797892477691	0.00691825549464	1.0	0.0305541545103	-0.078333975321	0.017196815916	-0.0162449371816	0.0203611043329	-0.0330097472768	-0.0145591096838	-0.075143386888	0.0160157026652	0.00184384717144	-0.047524735688	0.0224023760285	0.0130584426483	0.0270109373107	-0.0288042022582	-0.0262752500783	0.0133910451169	-0.000905295960435	-0.0252856612007	-0.0196856047895	0.0121459801026	-0.0490878063808	-0.0526848498728	-0.0140782813788	-0.0245945932766	0.0138337659686	-0.0281495359226	-0.0295300304522	0.0179423541908	0.024774293987	-0.0196132929254	0.023370971634	-0.0305349902063	-0.0191738897121	0.00668891913078	-0.000132078447913	-0.041571776827	-0.0287703409841	0.0159834242876	-0.0161270046316	-0.0215343782636	0.034733597949	0.0114484595351	-0.0339410304799	0.0277577172431	-0.0114063937938	-0.0504573864646	-0.0208124308085	0.0377519879204	-0.00979383496079	-0.0377648550757	0.0436184186516	0.0617058598576
k__Bacteria;p__Bacteroidetes;c__Bacteroidia;o__Bacteroidales;f__Rikenellaceae;g__Alistipes;s__Alistipes_shahii	0.0555268965069	0.0276811583123	0.00241084914302	-0.0540593077893	-0.0302635879062	0.0305541545103	1.0	-0.0127701244639	-0.0430376403573	0.0109289866561	0.0373236028813	-0.0564195852884	0.00484457513813	0.0291900158897	0.0717334025212	0.0209518618104	-0.0359977886559	-0.0565125881326	0.0183051989569	-0.0268794056676	-0.0441274580106	0.0498433353148	0.0298886428872	-0.0132457022815	0.0351050376408	-0.111087009499	-0.0148180227055	0.0256752144777	-0.0307400871726	0.0353683535582	0.0119040086506	-0.016494096464	0.00121733684531	0.00279624085523	-0.00782468162714	0.00817609310594	-0.092382130927	0.0875673365925	-0.0435567702703	-0.0623579098475	0.0132455598574	-0.0066750106272	-0.0428284673138	0.012811424097	0.0161610633675	0.00515343846212	0.0231322150342	0.00245002440285	0.0764554328133	-0.00194783079232	-0.0265984335143	-0.0419058054281	-0.0215793534929	0.0272548005029	-0.0810186683629	0.0471653332692	0.0263553387737	-0.00420187788692	-0.0599790197254
k__Bacteria;p__Firmicutes;c__Clostridia;o__Clostridiales;f__Ruminococcaceae;g__Faecalibacterium;s__Faecalibacterium_prausnitzii	-0.00674524554931	0.0295576853192	0.0170530126969	0.0298158087048	-0.00401730160015	-0.078333975321	-0.0127701244639	1.0	0.00694370303866	-0.00632832269069	0.0314144948578	-0.0407659136172	-0.0153563185736	-0.0303464245975	-0.0361382224406	0.00847738054002	0.0645187901424	0.00199669178057	0.0252049318194	-0.0353092635208	-0.0793583488383	0.0222743657529	-0.00970399592463	-0.0292943218166	-0.00976425315882	-0.0492438649342	-0.102240398833	0.0152059115973	-0.0273637763367	-0.0206631536032	0.0285420268949	0.0324582833242	0.0207258067266	0.0250072215387	0.0177921491292	0.034203805269	0.0435882754797	-0.0645780301363	-0.0161449218252	0.00661040932308	0.00214626015067	0.0435648763885	0.0370170957075	-0.0396175440211	0.0479847604451	-0.0421369598131	0.0339997122571	0.0295760401351	-0.0378521756081	0.0201943726024	-0.0178984956606	0.00706653609204	-0.0252163495941	-0.0508710551124	-0.0306806239838	0.027912899294	-0.00850880978036	-0.0406782642444	-0.0873618216278
k__Bacteria;p__Bacteroidetes;c__Bacteroidia;o__Bacteroidales;f__Rikenellaceae;g__Alistipes;s__Alistipes_finegoldii	0.018448836044	0.000245776080636	0.0235128859063	-0.00449178934395	-0.0281397374015	0.017196815916	-0.0430376403573	0.00694370303866	1.0	0.049242145197	-0.00104682412382	-0.00231507984783	-0.00184538710985	-0.0098864933189	-0.0101376861916	0.0227215770157	-0.0493079075958	-0.0383737343869	0.0060549226668	-0.034971356436	-0.0114681657793	0.0404343540742	-0.0317952640787	0.0105738692908	-0.0346835942806	-0.0483785940031	0.00340331653729	-0.0227368475843	0.00839353530279	0.0405431971072	0.0392989845158	0.0304953371858	-0.0594696794412	-0.06699123224	0.0197305824873	0.0468475886804	-0.0767045668261	-0.0259509194097	-0.013495747869	-0.0048280581784	-0.0307856296592	0.0105797931671	0.0527489681555	0.0207008251487	0.0145297263776	-0.0717150511608	-0.0415270654412	-0.00974425115434	0.0354185456144	-0.0794962125957	-0.018667314696	0.00990804155244	-0.0401961454738	0.0170064200114	-0.0689500664978	-0.0598194007624	-0.0127005356315	0.0243506848048	-0.0454024894689
k__Bacteria;p__Bacteroidetes;c__Bacteroidia;o__Bacteroidales;f__Porphyromonadaceae;g__Parabacteroides;s__Parabacteroides_distasonis	0.0128535279083	0.0267152774077	0.0518956753484	0.0318776507061	-0.0273680606494	-0.0162449371816	0.0109289866561	-0.00632832269069	0.049242145197	1.0	0.0282537085665	0.0122514505307	0.0546220920921	-0.0623052169722	0.0160447481702	0.0422556748141	0.0889513800836	0.0188312143527	0.0184190171853	0.00631682863164	-0.0147632195794	0.0166971739651	0.0109449929329	-0.0207305683779	-0.0233312775358	0.0300986727327	-0.0383244859934	-0.0311604221976	-0.0100207424626	-0.002753297723	-0.0488889248201	-0.0532715436548	-0.0307421732552	-0.0197473172894	-0.00720519311072	-0.0297151712238	-0.0446488659095	-0.0693309470726	-0.0757214140937	-0.0028217686467	-0.0246903573644	0.00712633306246	0.0403124918466	-0.0304851421769	-0.0430069850732	0.054723566562	0.00872327899709	-0.011461790383	-0.0407417635677	-0.0193207444243	0.0362188730349	-9.04632916856e-05	-0.0493081684635	-0.00252672845216	-0.0540435329629	0.0189960084876	0.0177592618488	-0.0219639226712	-0.00782994106997
k__Bacteria;p__Bacteroidetes;c__Bacteroidia;o__Bacteroidales;f__Bacteroidaceae;g__Bacteroides;s__Bacteroides_thetaiotaomicron	-0.0217742227406	-0.0380505510597	-0.0689197606411	-0.00298938409194	-0.0134013467662	0.0203611043329	0.0373236028813	0.0314144948578	-0.00104682412382	0.0282537085665	1.0	0.0160309001283	0.0264826011589	0.0048878381355	-0.00673618977814	-0.0181685474358	-0.0937896415807	-0.0661620157096	-0.0136626789132	0.0417145831736	-0.0258264902998	0.0111914233156	-0.0378385669557	0.0302639517067	-0.0275194468138	-0.0304306705967	-0.0303023754548	-0.029997855084	-0.0396660950407	-0.0163467821478	0.0284805753634	0.0154853115213	-0.0123308546882	-0.0139204829741	-0.0252773750221	0.0246305164647	-0.0137265969137	-0.0213731572148	-0.00130868849149	-0.0421062956222	-0.0295768504572	0.0161453700127	-0.0250969512602	0.0146447474316	-0.0551878636631	0.0227795139135	0.00243376193831	0.0327324009331	0.0456910631261	-0.0294255249548	-0.0446236973779	-0.0397860055086	-0.0549377801005	-0.0125908528447	-0.0272028391747	0.000458827920875	0.0256176752417	0.00506658498451	-0.0179172725126
k__Bacteria;p__Bacteroidetes;c__Bacteroidia;o__Bacteroidales;f__Bacteroidaceae;g__Bacteroides;s__Bacteroides_coprocola	-0.0513734666285	-0.0634487691518	0.0219342277747	-0.000239312169628	-0.0266224068686	-0.0330097472768	-0.0564195852884	-0.0407659136172	-0.00231507984783	0.0122514505307	0.0160309001283	1.0	-0.0278100586543	0.0190368577014	-0.0655419035843	0.0347587528089	-0.0460417699662	0.0132413581499	-0.0211542001476	-0.00373546622597	0.0577921925868	-0.0528400806865	0.00422486623695	9.37688184641e-05	0.0667161242222	-0.000125245031379	-0.0545516148558	0.023907217181	0.0461803259199	-0.00849415848427	0.036271671339	-0.00137846495158	0.00972668540946	-0.0280151097936	-0.0665482111703	0.0103375802636	-0.0471054042663	-0.0160818115112	0.0244539990895	-0.0152569480618	-0.0337867925104	-0.0433393247416	-0.0111741039281	0.0142167541502	-0.0190097614327	0.0209672716781	0.0138615414373	0.0183944040061	0.0286010050397	-0.0418846928143	-0.0400992734011	-0.0143656840031	0.0370746964915	0.00448386076653	-0.000929897450208	-0.0563119315936	-0.0174422723647	-0.0339320632621	-0.0123721700402
k__Bacteria;p__Bacteroidetes;c__Bacteroidia;o__Bacteroidales;f__Bacteroidaceae;g__Bacteroides;s__Bacteroides_cellulosilyticus	-0.0107286796718	-0.0174994333467	0.0208706699416	0.00859749826439	-0.0615699809961	-0.0145591096838	0.00484457513813	-0.0153563185736	-0.00184538710985	0.0546220920921	0.0264826011589	-0.0278100586543	1.0	0.0198697057908	0.00501816098024	-0.023827130565	0.00649521764668	0.0661931706715	-0.0141257383309	-0.0265365663386	-0.0367969557018	-0.00632626311585	0.0251162244945	-0.000499241699092	-0.0703965113488	-0.0292224164676	-0.0194843352604	-0.00937041888207	0.00214015970461	0.0619342928806	0.0351104492419	-0.011449590976	-0.0116587283576	-0.0265571958018	-0.00082043314554	0.0704653857882	0.0427270486936	-0.0489090710963	0.00760132546035	0.0030056997022	0.0121003470004	-0.0541040364133	-0.0276422610304	0.0210206820235	-0.106070567125	-0.0590825237797	-0.0177407939933	0.0181341759584	0.0570319140689	-0.0379875113114	-0.011753457439	0.0294714931238	-0.0196856517561	0.0465266478887	-0.0149738964808	-0.00677156586821	-0.0811683339067	0.0492513264026	0.050530978372
k__Bacteria;p__Bacteroidetes;c__Bacteroidia;o__Bacteroidales;f__Rikenellaceae;g__Alistipes;s__Alistipes_obesi	-0.0136295796477	0.0145750849047	-0.0715396061137	-0.0185960263774	-0.104891605036	-0.075143386888	0.0291900158897	-0.0303464245975	-0.0098864933189	-0.0623052169722	0.0048878381355	0.0190368577014	0.0198697057908	1.0	0.0138543976212	0.00477619804946	-0.00189097507151	0.0601270353803	0.00445754801846	-0.0109973125216	-0.00246870310038	0.00160995683262	-0.065360066463	-0.0594079046405	-0.0312508539575	-0.055544675123	-0.0119339310166	-0.0335732507451	-0.0448372268338	3.00007194947e-05	0.0309776994505	-0.0366972712293	0.0740839366703	-0.0262812211273	-0.0383513197137	-0.014564270762	0.0149947343172	-0.0300869621692	0.00798400524899	0.00774284431676	-0.0217648137577	0.0508553760715	0.0444933282922	0.0650090816356	-0.125761708881	0.0244027485247	0.0183577262631	-0.0178115402399	-0.013102829278	-0.0187006387402	0.0096493531213	0.0241783694808	-0.0603479488655	0.0532770389011	0.0388106156364	-0.0658168422377	0.054049984911	-0.000535960481486	0.00846561586364
k__Bacteria;p__Firmicutes;c__Clostridia;o__Clostridiales;f__Lachnospiraceae;g__;s__[Eubacterium]_rectale	-0.0395437032472	0.015588138433	0.0329132650843	-0.0375206113896	0.00533649654728	0.0160157026652	0.0717334025212	-0.0361382224406	-0.0101376861916	0.0160447481702	-0.00673618977814	-0.0655419035843	0.00501816098024	0.0138543976212	1.0	-0.0281698492591	0.00582913874785	0.0555353334351	-0.00421534145361	0.027329626257	0.0184165783304	-0.0216839592964	0.076577302936	0.0191842368112	0.0113386236323	0.00261438038038	-0.0512140779831	0.00481629801425	-0.00137771988882	0.0162436038535	0.000158868641537	0.0303795219535	-0.0154388103519	-0.0459852687838	-0.00648409704177	-0.0726019413365	-0.0275065463452	-0.0467297041738	-0.00323726754341	-0.00902130565914	0.0594926244754	-0.0341347429413	0.00532442225355	0.0176729230525	-0.000161353051677	0.0465234160096	-0.0274506783082	0.00372917280342	-0.068009570119	-0.0240579171955	-0.000714916715107	-0.0411455281972	0.0367180248376	-0.00630846731094	0.0480938610291	0.00932818807936	-0.00967630979964	0.000387841203312	-0.0779078776079
k__Bacteria;p__Bacteroidetes;c__Bacteroidia;o__Bacteroidales;f__Bacteroidaceae;g__Bacteroides;s__Bacteroides_plebeius	0.00301273095934	-0.0539421052572	-0.0270844438422	-0.0317948575187	-0.0244790252434	0.00184384717144	0.0209518618104	0.00847738054002	0.0227215770157	0.0422556748141	-0.0181685474358	0.0347587528089	-0.023827130565	0.00477619804946	-0.0281698492591	1.0	-0.0128491547988	-0.0191104371906	0.0245349123809	0.0154710785722	0.0236164563874	0.0284586110159	0.0250407068175	-0.0584158774349	-0.00648832619654	0.00102364760338	0.00267387644765	0.0433085119312	-0.00813131791265	-0.088103899777	-0.0124392585879	0.0143330507308	-0.00664273970654	-0.0411597119589	-0.00262549511828	-0.00330957660349	-0.018145851551	-0.0371847332013	-0.0368368533773	-0.0285225525723	-0.0528237691913	0.00471484697343	-0.00258930824438	-0.0367746069497	0.014878385991	-0.00805382211529	-0.0134303983231	0.0196377783788	-0.0370384781057	-0.013446602391	0.0367639173345	0.043680099628	-0.00788767477242	-0.0546797853482	-0.0183068204581	-0.0260807687956	-0.0419687377656	-0.0524866648304	0.0305863804854
k__Bacteria;p__Bacteroidetes;c__Bacteroidia;o__Bacteroidales;f__Bacteroidaceae;g__Bacteroides;s__Bacteroides_fragilis	0.0500288100657	-0.0198299362744	0.0465016276606	-0.00274052283762	-0.0220679825209	-0.047524735688	-0.0359977886559	0.0645187901424	-0.0493079075958	0.0889513800836	-0.0937896415807	-0.0460417699662	0.00649521764668	-0.00189097507151	0.00582913874785	-0.0128491547988	1.0	0.0318795100824	-0.0014964323872	0.0173019573393	0.0386913609445	-0.00690146780129	0.0067029729444	-0.0103526320198	0.0100784754317	0.0162320813423	-0.0483354160274	-0.000363551377236	0.0426838397736	-0.0710667064144	-0.031246844978	-0.00614157501947	-0.0239812817222	-0.0183890101282	-0.061980756194	-0.00235876312548	0.0230881359159	0.0151663529629	-0.0401137022775	0.00221157876516	0.0413297725072	0.00175447382977	-0.0455680349606	0.0176622790006	0.016375850196	0.00357041966715	0.0529221808479	-0.0470940880432	-0.00257687503912	-0.00275140888673	-0.0380464470409	0.0164014023225	-0.0512057199323	-0.0386163692647	0.0178879734001	-0.00654933284168	0.0329802732165	-0.0769977419965	0.0125993471054
k__Bacteria;p__Proteobacteria;c__Betaproteobacteria;o__Burkholderiales;f__Sutterellaceae;g__Sutterella;s__Sutterella_wadsworthensis	-0.0363782706757	-0.0385671482684	-0.0218414308452	-0.000166385059584	-0.0353500296578	0.0224023760285	-0.0565125881326	0.00199669178057	-0.0383737343869	0.0188312143527	-0.0661620157096	0.0132413581499	0.0661931706715	0.0601270353803	0.0555353334351	-0.0191104371906	0.0318795100824	1.0	-0.0326589366547	0.0179431625645	0.0924012796176	-0.0316077451018	-0.0015797011797	0.0122426108255	-0.00530371283449	-0.00579374278739	-0.0447350045889	-0.0317587199461	-0.0392212046631	0.00966790965864	0.00525984366447	0.0252591068394	-0.0136656277838	0.0519671387559	-0.0161188451595	-0.0172481282387	-0.0100024797059	-0.0343093391562	0.00532507904955	-0.0203866647476	-0.0401671066334	0.01448383304	-0.00307707200099	-0.00786238487377	-0.0216581694405	0.0351692869734	-0.0351041757481	-0.00310261128956	0.0204513415589	-0.00850438340046	-0.0512244370135	-0.0411241947546	-0.00628920765423	-0.004460778562	-0.050766736543	-0.00326595089057	0.0119779213003	-0.033540474671	-0.0887166257209
k__Bacteria;p__Bacteroidetes;c__Bacteroidia;o__Bacteroidales;f__Porphyromonadaceae;g__Barnesiella;s__Barnesiella_intestinihominis	0.00884672803734	-0.0235873197395	-0.0396932863944	0.0682666000114	-0.00317030432558	0.0130584426483	0.0183051989569	0.0252049318194	0.0060549226668	0.0184190171853	-0.0136626789132	-0.0211542001476	-0.0141257383309	0.00445754801846	-0.00421534145361	0.0245349123809	-0.0014964323872	-0.0326589366547	1.0	-0.0245706439132	0.00106935097509	-0.0185956371869	-0.0752668438222	0.0147634122429	-0.00866443212146	-0.0588622027828	0.0352141080179	-0.0401222166227	-0.00551654134251	-0.0129003282495	-0.0502437997665	-0.0173415272549	-0.0205147859931	-0.00252799715095	-0.0273432060694	-0.04081006521	0.0249889486465	-0.0383689371304	0.0143864189086	-0.00877690407668	-0.0132224440801	-0.0250529522355	-0.0278697098058	-0.0172582869839	-0.0578304090501	0.0246344881975	-0.0184366334375	-0.0225179479464	-0.0232165633218	0.0411385263369	0.067531616201	-0.039225434018	-0.0304477989532	0.026817709645	0.0713370698208	0.0236989197681	-0.032112652436	0.0816954841126	-0.00690037999964
k__Bacteria;p__Bacteroidetes;c__Bacteroidia;o__Bacteroidales;f__Odoribacteraceae;g__Odoribacter;s__Odoribacter_splanchnicus	-0.00918121941055	-0.0233776426949	0.0389704975179	0.0308851699541	-0.0355675623985	0.0270109373107	-0.0268794056676	-0.0353092635208	-0.034971356436	0.00631682863164	0.0417145831736	-0.00373546622597	-0.0265365663386	-0.0109973125216	0.027329626257	0.0154710785722	0.0173019573393	0.0179431625645	-0.0245706439132	1.0	0.00399412158046	-0.0224385240609	-0.00248688100397	-0.0266869373873	-0.0112117783768	-0.0141008059077	-0.0218438429241	-0.0241954338678	-0.00817024582628	0.00528704248293	-0.0222845009167	-9.56954963957e-06	0.0607434914273	0.0146544808811	-0.000954840233987	0.00457837043641	-0.0416667461116	-0.0342692231863	-0.045260918071	-0.00396750764243	0.0194144644103	0.0195785459946	0.0225149688518	0.0246570452816	0.0455433131477	-0.0414552623997	-0.049777815497	0.00747247728738	-0.030284649096	-0.0124709442286	-0.00520100226092	-0.00618459849059	-0.0550940438092	-0.0154952244475	-0.0119525617597	-0.0260741288018	-0.0635912881055	0.023170304697	-0.0310002604841
k__Bacteria;p__Bacteroidetes;c__Bacteroidia;o__Bacteroidales;f__Bacteroidaceae;g__Bacteroides;s__Bacteroides_salyersiae	0.0548847431161	0.00228801541528	-0.0212217348365	0.0210793116696	0.0716080548424	-0.0288042022582	-0.0441274580106	-0.0793583488383	-0.0114681657793	-0.0147632195794	-0.0258264902998	0.0577921925868	-0.0367969557018	-0.00246870310038	0.0184165783304	0.0236164563874	0.0386913609445	0.0924012796176	0.00106935097509	0.00399412158046	1.0	0.00102901817226	-0.00625389330304	-0.00351821894261	-0.0124888498677	0.0275576718437	0.0332794494541	0.0422421670875	-0.0581377722398	-0.0387985185421	-0.0135465056935	-0.0359115985534	-0.0273196314481	-0.0383276264613	0.00371809467462	-0.00450139941916	-0.0279175321663	0.0105264498994	0.0353266476141	0.00102164829085	0.0211324569437	0.00733521138913	-0.00419980012992	-0.0199688173718	-0.0539306916092	0.00766233360073	-0.0167019935046	-0.0511007115852	0.00330730993162	-0.0245636289041	0.0271560920929	-0.0575189458969	-0.0506293043264	0.0193030109357	-0.0336271589476	0.0994793718007	-0.0364824230446	-0.0465319629275	-0.0525227220222
k__Bacteria;p__Firmicutes;c__Clostridia;o__Clostridiales;f__Ruminococcaceae;g__Ruminiclostridium;s__[Eubacterium]_siraeum	-0.0224226278741	-0.0317338679029	-0.0438082629558	0.0773440160187	0.00354793927962	-0.0262752500783	0.0498433353148	0.0222743657529	0.0404343540742	0.0166971739651	0.0111914233156	-0.0528400806865	-0.00632626311585	0.00160995683262	-0.0216839592964	0.0284586110159	-0.00690146780129	-0.0316077451018	-0.0185956371869	-0.0224385240609	0.00102901817226	1.0	-0.00143685267943	0.017413920363	0.0278307622697	0.0102967856552	-0.0230812436787	-0.0282049607418	-0.0263618093356	-0.0228970581082	0.00697312224872	-0.0130176073468	-0.00848111899991	0.0235607950804	-0.0370982056316	-0.0354658708577	0.0351530320233	-0.0320579570557	-0.0259483910742	0.0125866118308	-0.0456678710369	-0.0120679107713	-0.00403363837397	-0.0355437867906	0.0246553526799	-0.0076903010101	-0.0144000163774	0.0262875466258	-0.0329148902519	-0.0492218666864	-0.00933824305409	-0.0326193997007	-0.0213049190439	-0.0258155123721	0.0428166799575	0.0151937000236	-0.0396557478557	0.00207482690428	0.00756249876234
k__Bacteria;p__Proteobacteria;c__Betaproteobacteria;o__Burkholderiales;f__Sutterellaceae;g__Parasutterella;s__Parasutterella_excrementihominis	0.0338805002245	0.036594464709	-0.0253432673626	0.0115205334191	-0.0424069282857	0.0133910451169	0.0298886428872	-0.00970399592463	-0.0317952640787	0.0109449929329	-0.0378385669557	0.00422486623695	0.0251162244945	-0.065360066463	0.076577302936	0.0250407068175	0.0067029729444	-0.0015797011797	-0.0752668438222	-0.00248688100397	-0.00625389330304	-0.00143685267943	1.0	-0.022452984362	-0.00524148002336	0.0465052738833	-0.0118027026169	-0.0296540593847	-0.0163838400408	0.00492274190334	0.0402357186007	0.0233844896998	-0.00528142320526	-0.0121201801518	-0.00630888294788	0.00675228831507	-0.0506327975294	0.0646238119199	-0.0459563725531	-0.0318754151797	0.0327059283591	-0.0663619640275	0.019380794036	0.00744875926462	0.0563377158604	-0.0119087674639	-0.065972911273	-0.0202950346415	0.0163514007901	-0.00939115584619	-0.0080917155611	-0.0188522682809	0.00680620269301	0.00386455884199	0.024994653333	0.0452846489934	-0.0138894043998	0.030188701041	0.0426507449685
k__Bacteria;p__Actinobacteria;c__Actinobacteria;o__Bifidobacteriales;f__Bifidobacteriaceae;g__Bifidobacterium;s__Bifidobacterium_adolescentis	-0.0287082578804	0.00306502771195	0.00770660287869	0.00347209602443	-0.0330423561494	-0.000905295960435	-0.0132457022815	-0.0292943218166	0.0105738692908	-0.0207305683779	0.0302639517067	9.37688184642e-05	-0.000499241699092	-0.0594079046405	0.0191842368112	-0.0584158774349	-0.0103526320198	0.0122426108255	0.0147634122429	-0.0266869373873	-0.00351821894261	0.017413920363	-0.022452984362	1.0	-0.0176365538578	-0.0354861165921	0.0413709993346	-0.0836221323284	-0.077718350016	-0.0239128719097	0.0308473358065	0.0390090404024	0.00945594691599	-0.0406351392175	0.036199656248	-0.0788278549534	-0.0189166864524	-0.0158752833427	-0.0142025515962	0.0239486093267	-0.0255627710918	-0.0266663060998	-0.0203686984986	0.00878520658662	-0.0138179972133	-0.0533674122803	0.0266150746568	-0.0294948445179	-0.022430352546	-0.00394723122809	-0.0153990887128	0.0172729474411	0.0304705186859	-0.0270851029747	0.0585828595361	0.0123625938845	-0.0117429825373	0.0523914328231	-0.0560410705563
k__Bacteria;p__Firmicutes;c__Clostridia;o__Clostridiales;f__Oscillospiraceae;g__Oscillibacter;s__Oscillibacter_sp._KLE_1745	0.0273446905958	-0.0779957094703	-0.0104730765082	-0.0405770018006	-0.0232792172991	-0.0252856612007	0.0351050376408	-0.00976425315882	-0.0346835942806	-0.0233312775358	-0.0275194468138	0.0667161242222	-0.0703965113488	-0.0312508539575	0.0113386236323	-0.00648832619654	0.0100784754317	-0.00530371283449	-0.00866443212146	-0.0112117783768	-0.0124888498677	0.0278307622697	-0.00524148002336	-0.0176365538578	1.0	-0.0159777419535	-0.0240213115716	-0.0475259802766	-0.037125037489	0.00124053042734	0.0440415451863	0.0277220636397	0.0483785290365	-0.014499531851	0.0353286248503	-0.0577590388668	0.0490546279713	-0.0352116385418	-0.0060078928356	-0.00846804094652	0.0382092312697	0.00418845884013	-0.0112667328452	-0.0570372019603	0.0479408050461	-0.011418467958	-0.000949205656355	0.0270054883062	-0.0217620839859	-0.0383500627737	0.019006273664	-0.0147172040391	0.0123379073013	-0.0384016637313	0.0174493485933	-0.0473933266216	0.0147327146424	-0.0315394813164	-0.00639102063779
k__Bacteria;p__Bacteroidetes;c__Bacteroidia;o__Bacteroidales;f__Bacteroidaceae;g__Bacteroides;s__Bacteroides_coprophilus	0.0273556043665	-0.00913450091032	-0.0535800143492	-0.00204946155452	-0.0870891166575	-0.0196856047895	-0.111087009499	-0.0492438649342	-0.0483785940031	0.0300986727327	-0.0304306705967	-0.000125245031379	-0.0292224164676	-0.055544675123	0.00261438038038	0.00102364760338	0.0162320813423	-0.00579374278739	-0.0588622027828	-0.0141008059077	0.0275576718437	0.0102967856552	0.0465052738833	-0.0354861165921	-0.0159777419535	1.0	0.0312109323538	0.00874341166987	-0.0524864615657	0.0544837488691	0.0351502850665	0.00698068787136	-0.0897249448243	0.00358567848306	0.0493627424105	0.0320904443758	0.00732271819198	-0.024108516307	0.0616221620377	0.0185554402602	-0.0368099998253	0.0088898214178	0.0210680169824	-0.050119503597	-0.0805803171554	-0.0267495454217	-0.0228589324977	-0.00139246250668	-0.0123234002641	-0.0449319300672	-0.0139964069218	-0.034470083265	-0.0740797297537	-0.0519395321827	-0.047387160628	-0.0135373004383	-0.0367678943127	-0.0132124820485	0.0550394932194
k__Bacteria;p__Firmicutes;c__Clostridia;o__Clostridiales;f__Lachnospiraceae;g__Roseburia;s__Roseburia_intestinalis	0.00470090257377	-0.0398998691113	0.00407148780387	-0.00402380016709	0.0154123027983	0.0121459801026	-0.0148180227055	-0.102240398833	0.00340331653729	-0.0383244859934	-0.0303023754548	-0.0545516148558	-0.0194843352604	-0.0119339310166	-0.0512140779831	0.00267387644765	-0.0483354160274	-0.0447350045889	0.0352141080179	-0.0218438429241	0.0332794494541	-0.0230812436787	-0.0118027026169	0.0413709993346	-0.0240213115716	0.0312109323538	1.0	-0.050870776627	-0.052212816534	0.0812849335184	-0.0261588516818	-0.0748837308295	0.0100448778659	-0.0190008831487	-0.0381456931348	-0.038752234413	0.0596441813937	-0.0149376296657	-0.0114127506825	-0.0545013304172	-0.00990546003266	-0.00541631315901	0.021658917448	-0.0283792485776	-0.0813139138719	-0.0813848386195	0.0226102467164	0.0746237328073	-0.0244378653663	-0.0105972254282	-0.0355647280311	-0.0116453806583	0.0286051969072	0.0092677691957	0.0438241734364	0.0183513946882	-0.0257808319365	0.0164715559863	-0.0585906370096
k__Bacteria;p__Firmicutes;c__Clostridia;o__Clostridiales;f__Lachnospiraceae;g__Roseburia;s__Roseburia_hominis	0.0451578261544	0.0143280240258	0.0233914520107	-0.0250003527302	-0.0141864605102	-0.0490878063808	0.0256752144777	0.0152059115973	-0.0227368475843	-0.0311604221976	-0.029997855084	0.023907217181	-0.00937041888207	-0.0335732507451	0.00481629801425	0.0433085119312	-0.000363551377237	-0.0317587199461	-0.0401222166227	-0.0241954338678	0.0422421670875	-0.0282049607418	-0.0296540593847	-0.0836221323284	-0.0475259802766	0.00874341166987	-0.050870776627	1.0	-0.0349600448479	0.0182859313991	0.0531381410478	-0.0959643331555	-0.0292958132381	0.0549698802008	0.0610930796279	0.0171051357481	-0.0845872612982	-0.0714133689938	0.00630720797245	0.00276108559943	0.0230722536307	0.0289947753355	-0.053946686398	0.0317643564401	-0.0391750290414	-0.00112363185677	-0.00294333435922	0.0053657507395	-0.0261463466163	0.0257698460252	-0.00326624897071	-0.0194918548716	0.00434856653518	-0.00273648820358	-0.0702030062732	0.0700652084499	0.0105398862668	-0.0214492262428	-0.0737415841586
k__Bacteria;p__Bacteroidetes;c__Bacteroidia;o__Bacteroidales;f__Porphyromonadaceae;g__Parabacteroides;s__Parabacteroides_johnsonii	-0.00683704194902	0.0353382903592	0.0303189881533	-0.04250077024	-0.00312867282209	-0.0526848498728	-0.0307400871726	-0.0273637763367	0.00839353530279	-0.0100207424626	-0.0396660950407	0.0461803259199	0.00214015970461	-0.0448372268338	-0.00137771988882	-0.00813131791265	0.0426838397736	-0.0392212046631	-0.00551654134251	-0.00817024582628	-0.0581377722398	-0.0263618093356	-0.0163838400408	-0.077718350016	-0.037125037489	-0.0524864615657	-0.052212816534	-0.0349600448479	1.0	-0.0644467367381	0.000160077135122	-0.00844694565673	-0.00257587049158	0.00430961318167	0.0257923115001	-0.00914127297374	0.00626175843951	-0.0499479373522	0.0522777707713	0.0486355358552	0.0150331140451	0.0343977061779	0.0385305375619	0.00175134936201	-0.0607388558181	0.0279248048007	-0.00140587685428	0.020301918276	0.00471520241122	0.0454316500814	-0.014075673827	-0.00852531348043	0.0263317099281	-0.00757710135956	-0.0116973816392	0.0309266707593	-0.0787818301339	0.0676180143917	0.0561404253514
k__Bacteria;p__Actinobacteria;c__Actinobacteria;o__Bifidobacteriales;f__Bifidobacteriaceae;g__Bifidobacterium;s__Bifidobacterium_longum	-0.0218224765294	0.0227814866679	-0.079900064182	-0.0188812315238	0.020016352135	-0.0140782813788	0.0353683535582	-0.0206631536032	0.0405431971072	-0.002753297723	-0.0163467821478	-0.00849415848427	0.0619342928806	3.00007194947e-05	0.0162436038535	-0.088103899777	-0.0710667064144	0.00966790965864	-0.0129003282495	0.00528704248293	-0.0387985185421	-0.0228970581082	0.00492274190334	-0.0239128719097	0.00124053042734	0.0544837488691	0.0812849335184	0.0182859313991	-0.0644467367381	1.0	-0.0216174261815	-0.0568171131234	0.019904648809	-0.00525731311244	0.0135965438141	-0.0453714553847	-0.0939872833132	-0.0128872865438	-0.00699502928346	0.013592258473	0.0487325959706	0.0302556290011	0.00807563016911	0.0182587551754	0.0187390855218	-0.0328807840622	-0.030338199987	0.00262176462522	0.0353600830082	-0.024960637142	-0.0124327399743	-0.0266082052549	0.00241113498296	0.0444421154628	0.0617152721351	-0.00934441636428	-0.02669207308	0.0548515488471	0.00939535482106
