#taxonomy	k__Bacteria;p__Bacteroidetes;c__Bacteroidia;o__Bacteroidales;f__Bacteroidaceae;g__Bacteroides;s__Bacteroides_vulgatus	k__Bacteria;p__Bacteroidetes;c__Bacteroidia;o__Bacteroidales;f__Bacteroidaceae;g__Bacteroides;s__Bacteroides_uniformis	k__Bacteria;p__Bacteroidetes;c__Bacteroidia;o__Bacteroidales;f__Rikenellaceae;g__Alistipes;s__Alistipes_putredinis	k__Bacteria;p__Bacteroidetes;c__Bacteroidia;o__Bacteroidales;f__Prevotellaceae;g__Prevotella;s__Prevotella_copri	k__Bacteria;p__Bacteroidetes;c__Bacteroidia;o__Bacteroidales;f__Bacteroidaceae;g__Bacteroides;s__Bacteroides_stercoris	k__Bacteria;p__Bacteroidetes;c__Bacteroidia;o__Bacteroidales;f__Bacteroidaceae;g__Bacteroides;s__Bacteroides_ovatus	k__Bacteria;p__Bacteroidetes;c__Bacteroidia;o__Bacteroidales;f__Rikenellaceae;g__Alistipes;s__Alistipes_shahii	k__Bacteria;p__Firmicutes;c__Clostridia;o__Clostridiales;f__Ruminococcaceae;g__Faecalibacterium;s__Faecalibacterium_prausnitzii	k__Bacteria;p__Bacteroidetes;c__Bacteroidia;o__Bacteroidales;f__Rikenellaceae;g__Alistipes;s__Alistipes_finegoldii	k__Bacteria;p__Bacteroidetes;c__Bacteroidia;o__Bacteroidales;f__Porphyromonadaceae;g__Parabacteroides;s__Parabacteroides_distasonis	k__Bacteria;p__Bacteroidetes;c__Bacteroidia;o__Bacteroidales;f__Bacteroidaceae;g__Bacteroides;s__Bacteroides_thetaiotaomicron	k__Bacteria;p__Bacteroidetes;c__Bacteroidia;o__Bacteroidales;f__Bacteroidaceae;g__Bacteroides;s__Bacteroides_coprocola	k__Bacteria;p__Bacteroidetes;c__Bacteroidia;o__Bacteroidales;f__Bacteroidaceae;g__Bacteroides;s__Bacteroides_cellulosilyticus	k__Bacteria;p__Bacteroidetes;c__Bacteroidia;o__Bacteroidales;f__Rikenellaceae;g__Alistipes;s__Alistipes_obesi	k__Bacteria;p__Firmicutes;c__Clostridia;o__Clostridiales;f__Lachnospiraceae;g__;s__[Eubacterium]_rectale	k__Bacteria;p__Bacteroidetes;c__Bacteroidia;o__Bacteroidales;f__Bacteroidaceae;g__Bacteroides;s__Bacteroides_plebeius	k__Bacteria;p__Bacteroidetes;c__Bacteroidia;o__Bacteroidales;f__Bacteroidaceae;g__Bacteroides;s__Bacteroides_fragilis	k__Bacteria;p__Proteobacteria;c__Betaproteobacteria;o__Burkholderiales;f__Sutterellaceae;g__Sutterella;s__Sutterella_wadsworthensis	k__Bacteria;p__Bacteroidetes;c__Bacteroidia;o__Bacteroidales;f__Porphyromonadaceae;g__Barnesiella;s__Barnesiella_intestinihominis	k__Bacteria;p__Bacteroidetes;c__Bacteroidia;o__Bacteroidales;f__Odoribacteraceae;g__Odoribacter;s__Odoribacter_splanchnicus	k__Bacteria;p__Bacteroidetes;c__Bacteroidia;o__Bacteroidales;f__Bacteroidaceae;g__Bacteroides;s__Bacteroides_salyersiae	k__Bacteria;p__Firmicutes;c__Clostridia;o__Clostridiales;f__Ruminococcaceae;g__Ruminiclostridium;s__[Eubacterium]_siraeum	k__Bacteria;p__Proteobacteria;c__Betaproteobacteria;o__Burkholderiales;f__Sutterellaceae;g__Parasutterella;s__Parasutterella_excrementihominis	k__Bacteria;p__Actinobacteria;c__Actinobacteria;o__Bifidobacteriales;f__Bifidobacteriaceae;g__Bifidobacterium;s__Bifidobacterium_adolescentis	k__Bacteria;p__Firmicutes;c__Clostridia;o__Clostridiales;f__Oscillospiraceae;g__Oscillibacter;s__Oscillibacter_sp._KLE_1745	k__Bacteria;p__Bacteroidetes;c__Bacteroidia;o__Bacteroidales;f__Bacteroidaceae;g__Bacteroides;s__Bacteroides_coprophilus	k__Bacteria;p__Firmicutes;c__Clostridia;o__Clostridiales;f__Lachnospiraceae;g__Roseburia;s__Roseburia_intestinalis	k__Bacteria;p__Firmicutes;c__Clostridia;o__Clostridiales;f__Lachnospiraceae;g__Roseburia;s__Roseburia_hominis	k__Bacteria;p__Bacteroidetes;c__Bacteroidia;o__Bacteroidales;f__Porphyromonadaceae;g__Parabacteroides;s__Parabacteroides_johnsonii	k__Bacteria;p__Actinobacteria;c__Actinobacteria;o__Bifidobacteriales;f__Bifidobacteriaceae;g__Bifidobacterium;s__Bifidobacterium_longum	k__Bacteria;p__Firmicutes;c__Clostridia;o__Clostridiales;f__;g__Flavonifractor;s__Flavonifractor_plautii	k__Bacteria;p__Firmicutes;c__Clostridia;o__Clostridiales;f__Clostridiaceae;g__Clostridium;s__Clostridium_phoceensis	k__Bacteria;p__Verrucomicrobia;c__Verrucomicrobiae;o__Verrucomicrobiales;f__Akkermansiaceae;g__Akkermansia;s__Akkermansia_muciniphila	k__Bacteria;p__Bacteroidetes;c__Bacteroidia;o__Bacteroidales;f__Prevotellaceae;g__Paraprevotella;s__Paraprevotella_xylaniphila	k__Bacteria;p__Firmicutes;c__Clostridia;o__Clostridiales;f__Ruminococcaceae;g__Ruminococcus;s__Ruminococcus_callidus	k__Bacteria;p__Bacteroidetes;c__Bacteroidia;o__Bacteroidales;f__Rikenellaceae;g__Alistipes;s__Alistipes_senegalensis	k__Bacteria;p__Firmicutes;c__Clostridia;o__Clostridiales;f__Lachnospiraceae;g__Blautia;s__Blautia_sp._KLE_1732	k__Bacteria;p__Bacteroidetes;c__Bacteroidia;o__Bacteroidales;f__Bacteroidaceae;g__Bacteroides;s__Bacteroides_oleiciplenus	k__Bacteria;p__Firmicutes;c__Clostridia;o__Clostridiales;f__Ruminococcaceae;g__Ruminococcus;s__Ruminococcus_bicirculans	k__Bacteria;p__Bacteroidetes;c__Bacteroidia;o__Bacteroidales;f__Bacteroidaceae;g__Bacteroides;s__Bacteroides_fluxus	k__Bacteria;p__Bacteroidetes;c__Bacteroidia;o__Bacteroidales;f__Prevotellaceae;g__Prevotella;s__Prevotella_stercorea	k__Bacteria;p__Firmicutes;c__Clostridia;o__Clostridiales;f__Lachnospiraceae;g__Dorea;s__Dorea_longicatena	k__Bacteria;p__Firmicutes;c__Clostridia;o__Clostridiales;f__Eubacteriaceae;g__Eubacterium;s__[Eubacterium]_eligens	k__Bacteria;p__Firmicutes;c__Clostridia;o__Clostridiales;f__Ruminococcaceae;g__;s__Ruminococcaceae_bacterium_D16	k__Bacteria;p__Firmicutes;c__Clostridia;o__Clostridiales;f__Lachnospiraceae;g__Coprococcus;s__Coprococcus_comes	k__Bacteria;p__Proteobacteria;c__Gammaproteobacteria;o__Enterobacterales;f__Enterobacteriaceae;g__Escherichia;s__Escherichia_coli	k__Bacteria;p__Firmicutes;c__Clostridia;o__Clostridiales;f__Ruminococcaceae;g__Anaerotruncus;s__Anaerotruncus_colihominis	k__Bacteria;p__Firmicutes;c__Clostridia;o__Clostridiales;f__Lachnospiraceae;g__Blautia;s__Blautia_obeum	k__Bacteria;p__Bacteroidetes;c__Bacteroidia;o__Bacteroidales;f__Odoribacteraceae;g__Odoribacter;s__Odoribacter_laneus	k__Bacteria;p__Firmicutes;c__Clostridia;o__Clostridiales;f__Ruminococcaceae;g__Ruminiclostridium;s__[Clostridium]_leptum	k__Bacteria;p__Bacteroidetes;c__Bacteroidia;o__Bacteroidales;f__Porphyromonadaceae;g__Parabacteroides;s__Parabacteroides_goldsteinii	k__Bacteria;p__Firmicutes;c__Clostridia;o__Clostridiales;f__Lachnospiraceae;g__Anaerostipes;s__Anaerostipes_hadrus	k__Bacteria;p__Firmicutes;c__Clostridia;o__Clostridiales;f__Ruminococcaceae;g__Ruminococcus;s__Ruminococcus_lactaris	k__Bacteria;p__Firmicutes;c__Clostridia;o__Clostridiales;f__Clostridiaceae;g__Clostridium;s__Clostridium_sp._L2-50	k__Bacteria;p__Firmicutes;c__Clostridia;o__Clostridiales;f__Clostridiaceae;g__Clostridium;s__Clostridium_sp._M62/1	k__Bacteria;p__Firmicutes;c__Clostridia;o__Clostridiales;f__;g__Intestinimonas;s__Intestinimonas_butyriciproducens	k__Bacteria;p__Actinobacteria;c__Actinobacteria;o__Bifidobacteriales;f__Bifidobacteriaceae;g__Bifidobacterium;s__Bifidobacterium_bifidum	k__Bacteria;p__Firmicutes;c__Negativicutes;o__Veillonellales;f__Veillonellaceae;g__Dialister;s__Dialister_invisus	k__Bacteria;p__Bacteroidetes;c__Bacteroidia;o__Bacteroidales;f__Bacteroidaceae;g__Bacteroides;s__Bacteroides_salanitronis
k__Bacteria;p__Bacteroidetes;c__Bacteroidia;o__Bacteroidales;f__Bacteroidaceae;g__Bacteroides;s__Bacteroides_vulgatus	1.0	0.0541140569906	-0.0542889826695	-0.0424465675588	-0.0766764300736	-0.0457820680614	-0.0331014812096	0.0165778958715	-0.0369070206645	0.0380123383248	-0.0444874686929	0.0536391464691	-0.0327148913715	0.0214294310658	-0.0199620872559	0.0503953659601	0.0127950547035	-0.0727958572308	0.0396541171282	-0.0333421413358	0.00570091245502	0.00229415142331	0.0253895350982	0.0128456261669	0.0167370522165	-0.0173301203011	0.0152293466864	-0.0370753057838	0.0125071868589	-0.0292398894672	-0.0544186517817	-0.0388083936262	0.0318656073102	0.0120650143717	0.0361057325636	0.0166449718634	-0.0314706003608	-0.0270825597354	-0.0269603696027	-0.0738603296162	-0.0159986444066	0.0209521708542	-0.0360459500431	-0.00185631585357	0.0114479028531	-0.0268761765776	0.030394366679	-0.0622203453691	0.0277312545674	0.0418746228422	-0.0295655099408	-0.00655288337243	0.00620203986561	-0.0452249305089	0.0427980539004	0.052740369864	-0.0658776289093	-0.0517467672873	-0.0302432828747
k__Bacteria;p__Bacteroidetes;c__Bacteroidia;o__Bacteroidales;f__Bacteroidaceae;g__Bacteroides;s__Bacteroides_uniformis	0.0541140569906	1.0	0.0284320331584	0.0162524931287	-0.00411894309815	-0.0481670118191	0.00783923297796	0.0476976980091	0.0102844421582	0.025966644301	-0.0623423015818	0.062142777763	-0.00976052873865	0.00682913394805	-0.0429727184839	-0.022109062475	0.00794218694289	-0.0171980341339	-0.0793309903224	0.0111555204152	0.0418665909813	0.00708823210447	-0.0223364984872	0.000489232229519	0.00151830199986	-0.107842867347	-0.0362512547922	0.00706500846289	0.0303127554109	-0.0198177578576	0.0459717978731	0.0195291686965	-0.0595272177849	0.0250675754903	0.020543435465	-0.00112664006246	-0.0289218058316	0.0258197427843	-0.00332794228805	-0.0282326099201	0.0496040640537	-0.0297868995346	-0.0198171260576	-0.0316248157883	0.00318555690607	-0.0335208280312	-0.0271351728978	-0.0191535164513	0.0190148894491	-0.00690318597196	-0.102983016998	-0.00827347057866	-0.00688570566006	-0.0347498260241	0.0305441047494	-0.0367803071856	-0.0242994543446	0.0428883702632	0.0591641268938
k__Bacteria;p__Bacteroidetes;c__Bacteroidia;o__Bacteroidales;f__Rikenellaceae;g__Alistipes;s__Alistipes_putredinis	-0.0542889826695	0.0284320331584	1.0	0.0367955939234	-0.0260659660878	-0.0192131305561	0.0141083372877	0.0155928750563	0.0303152743144	-0.00962910148489	-0.0236908611728	0.00115656162117	-0.0284951208913	0.0247534373747	-0.0460189678399	0.0576064512371	0.0527359156656	0.0294870915835	-0.0590077864589	-0.10193030874	-0.0314791502073	-0.00494863635753	-0.0228081984637	-0.0112217559733	0.0171360577167	-0.01728020326	0.0333139452455	-0.039775980421	0.0231197498021	0.0251728705835	-0.0167708280234	-0.0723689807338	-0.0513116253029	0.000245651964553	0.01522177442	0.00695055823808	-0.027858693601	-0.0283738140675	0.0183806931661	0.0239964250905	-0.0143125361176	0.0841715382104	-0.0219735345423	-0.0416135483021	0.00347837083008	-0.0462121589217	-0.0772683558644	-0.0161106749386	0.0107733264883	0.033044964817	-0.0904067324994	-0.00241766142041	-0.0218378067021	-0.0222869396054	-0.0414250959324	-0.010919464616	-0.0219890481545	-0.0147804132568	0.0207800949863
k__Bacteria;p__Bacteroidetes;c__Bacteroidia;o__Bacteroidales;f__Prevotellaceae;g__Prevotella;s__Prevotella_copri	-0.0424465675588	0.0162524931287	0.0367955939234	1.0	0.00356299491135	-0.0351303481449	-0.0273775987344	-0.0504964921772	-0.00825535960276	-0.0161179775449	-0.0774379319704	-0.0594474167789	0.0250099217249	0.00758154425757	0.0317048594228	-0.000196613860993	-0.0388498810695	-0.058002622896	-0.0662035957555	-0.0524780405224	-0.0550466159508	0.000888733231481	-0.074950053794	-0.0148285183681	-0.00648701120925	0.0369895357739	-0.0540495721055	-0.0185531825433	0.0406667526258	-0.0427463616655	-0.00138695655648	0.0510305536455	-0.00563965540851	-0.0198233500489	0.0156361539189	0.0128068655926	-0.0343801325751	-0.00534269331898	-0.0314608658457	0.0812837785103	-0.0213823830167	0.0198414354106	0.0219011680466	-0.0908768798537	-0.0179163573574	-0.00927643646747	-0.0347666418183	-0.0234566516387	0.0182351112749	-0.00891402969131	0.0477008725648	0.00946974537284	0.0178367630707	0.0031246969408	-0.0257780837382	0.0141552613424	-0.0752605962877	-0.0194547248541	-0.0410174207614
k__Bacteria;p__Bacteroidetes;c__Bacteroidia;o__Bacteroidales;f__Bacteroidaceae;g__Bacteroides;s__Bacteroides_stercoris	-0.0766764300736	-0.00411894309815	-0.0260659660878	0.00356299491135	1.0	-0.0119718158918	-0.0217692563713	0.0106430134951	0.0862969793356	-0.0550540831611	-0.0462474611295	-0.0209662874662	-0.0316644218809	0.0252733697041	0.0451088606652	0.0011994432963	-0.000154432641669	0.0216185080851	-0.0262393168903	0.00221584602967	0.0230601211749	0.0137453173907	-0.0121788633963	0.0613105468922	-0.00700041634042	-0.0762949383931	-0.00223660196995	0.0343099577451	0.0200322041253	-0.0370218713686	0.00932140933316	0.0236812976616	0.0334066572285	0.0194676176084	-0.00455384502231	-0.00813925958671	0.00129971387645	-0.0504093415615	-0.0680532892207	-0.0528597568144	-0.0133111299784	-0.0237744882292	-0.00448540563527	-0.0570196403952	0.0174085281995	-0.00517284080546	-0.012114002467	0.0194361958126	-0.0803196947331	0.00854398939355	0.016844884507	0.0287124437233	-0.0678263344681	-0.000644810493432	-0.072729055183	0.0116662298563	-0.0530182267824	0.0118111699468	-0.0620867271817
k__Bacteria;p__Bacteroidetes;c__Bacteroidia;o__Bacteroidales;f__Bacteroidaceae;g__Bacteroides;s__Bacteroides_ovatus	-0.0457820680614	-0.0481670118191	-0.0192131305561	-0.0351303481449	-0.0119718158918	1.0	0.024537885696	0.0389644457909	-0.0404258607595	0.029143339528	-0.0495427462534	-0.0113507185179	-0.018849404154	-0.0398788797646	0.00552740380613	-0.0141012126428	0.0341126001939	0.0228083023654	-0.00509656117944	-0.0360580719449	-0.0078372134396	-0.041902172465	-0.00984008401137	0.00354509609761	0.00686557168809	0.042127544164	-0.00848567579477	0.0071416255432	-0.00559887491094	-0.113467837651	-0.0645495955364	-0.0178332954765	-0.0551197686672	-0.0555927773796	-0.0474523724809	0.021461100127	-0.076546138114	-0.0882985011627	0.017027390473	0.0271563681219	0.0608063740918	0.0166281794071	0.0253366481017	0.0175768884813	0.0167805607608	-0.0790276623635	-0.0221107482902	-0.0603342484391	0.00858718070174	-0.0140849352869	0.0652203904769	-0.042252235685	-0.0299299825876	-0.0231171714601	0.00953941454844	-0.049814434986	0.0433636981867	0.00659697483624	0.0447679081528
k__Bacteria;p__Bacteroidetes;c__Bacteroidia;o__Bacteroidales;f__Rikenellaceae;g__Alistipes;s__Alistipes_shahii	-0.0331014812096	0.00783923297796	0.0141083372877	-0.0273775987344	-0.0217692563713	0.024537885696	1.0	-0.0173294293715	0.033056517904	-0.0137058477922	-0.00468967866921	-0.0749952556015	0.0946077121175	0.0223563628213	-0.0271304245443	-0.00304524232067	0.0182667798231	-0.0516343043995	-0.00901093237651	0.0148688803893	-0.0506040012855	0.0261812035962	0.0202433226655	-0.0710173810229	-0.0377478929253	-0.0637548375779	0.00262850779687	-0.0119570964228	0.0125920427713	0.00797232188827	0.0277453622671	0.00654947702881	-0.0122551621975	-0.0545602511185	0.0289721253979	0.037152534832	0.0772404531407	-0.0341292508217	-0.0317945288882	0.00556703732135	0.00213351566591	0.0390119491133	-0.0160019112094	0.0259751681253	0.00386326534046	-0.00373174138858	-0.056738167901	0.00125726998204	-0.0226220264301	-0.0271054058685	-0.000152327159097	-0.0171259984794	-0.00627239891244	0.0036229786518	0.0340301832703	0.035846948197	-0.00154882690383	0.0371174275055	-0.0220386582099
k__Bacteria;p__Firmicutes;c__Clostridia;o__Clostridiales;f__Ruminococcaceae;g__Faecalibacterium;s__Faecalibacterium_prausnitzii	0.0165778958715	0.0476976980091	0.0155928750563	-0.0504964921772	0.0106430134951	0.0389644457909	-0.0173294293715	1.0	-0.00414998377703	-0.0218452291957	0.00599742583663	-0.0349033042237	-0.0442762100154	-0.00686710754664	-0.0385026507932	-0.0184848507157	-0.0255832369413	-0.0151107729838	-6.61837377067e-05	-0.0552349906159	0.0198276745003	-0.0286469001238	-0.018679914575	0.0240935380426	-0.0590514854628	-0.0100058001312	0.0657991452637	-0.0185978140048	-0.0339603426682	-0.115954414888	-0.029112057154	-0.0396809149023	0.0637176307265	0.00560510853501	-0.013460863001	-0.0240021987799	-0.0410593721883	0.0303908653473	0.0230327250694	0.00927029573974	-0.0203791185947	-0.0141501318233	-0.0363501668392	0.0413256566442	-0.0566198873076	-0.0196917287992	-0.000565232031954	0.0268870032822	0.0588229459591	-0.000368708264963	-0.0210558430663	-0.0192225760524	-0.0039390564104	0.0129173996027	-0.007431734187	0.00400753546368	-0.0165768980075	-0.0690469286925	0.00383050326558
k__Bacteria;p__Bacteroidetes;c__Bacteroidia;o__Bacteroidales;f__Rikenellaceae;g__Alistipes;s__Alistipes_finegoldii	-0.0369070206645	0.0102844421582	0.0303152743144	-0.00825535960276	0.0862969793356	-0.0404258607595	0.033056517904	-0.00414998377703	1.0	-0.0934280477166	-0.0133831554867	-0.00773645648835	-0.00105664178643	-0.00892979149493	-0.0228105213053	-0.0385817886739	0.0480703255465	0.028971001185	-0.0511731844418	0.0170096203239	0.061414046422	0.056509073773	-0.00884189348346	-0.0663737110931	0.0690834020401	0.0701594249866	-0.046649665493	0.0236358797566	-0.0379165451726	-0.0367993897133	-0.0107681940925	-0.0716992461123	0.0422009701886	0.0297476986812	0.0128808955375	-0.0923804592335	-0.0452952111196	-0.00629052525928	-0.0397463030993	-0.0263737266518	0.00816927030219	-0.00308368738499	-0.0277108537753	-0.051690303181	-0.0293390866422	-0.0256723965543	-0.0445816155915	-0.0293980487279	0.0121414942949	-0.00582447202206	-0.0316452398019	0.0762462320381	0.0396779469228	-0.0581415497302	-0.0170537403634	-3.44653215053e-05	0.0674126510613	0.042992916303	-0.0223117064933
k__Bacteria;p__Bacteroidetes;c__Bacteroidia;o__Bacteroidales;f__Porphyromonadaceae;g__Parabacteroides;s__Parabacteroides_distasonis	0.0380123383248	0.025966644301	-0.00962910148489	-0.0161179775449	-0.0550540831611	0.029143339528	-0.0137058477922	-0.0218452291957	-0.0934280477166	1.0	-0.0244117483495	0.0289346023922	-0.042616253087	0.0497887794151	0.0430282531496	-0.050233799676	-0.0365389499713	-0.0126934826518	0.00561620201883	0.000671330657729	-0.0334311752851	0.0409789794828	-0.00577965266818	-0.00784558621493	-0.000921159041668	0.0302699862549	-0.0034450286895	0.0195956263597	-0.024342146465	-0.020670226541	-0.0432516906384	0.00692485784341	0.0250080811316	-0.0217461272359	-0.0503977600219	0.00423476688266	0.00548316048656	0.00883620911281	-0.0310555539569	-0.0236335251545	0.0102532124002	-0.00199442169292	0.0110343901187	-0.00530466239108	0.0370725571558	-0.0326793895379	-0.0271381093376	-0.0101507338727	-0.042134803345	-0.00306635134142	-0.00817145427894	-0.0357730116403	-0.0579552856815	0.0422797973723	-0.0611705929703	0.0308035560364	-0.0342224092405	-0.0280526274382	0.0564210866574
k__Bacteria;p__Bacteroidetes;c__Bacteroidia;o__Bacteroidales;f__Bacteroidaceae;g__Bacteroides;s__Bacteroides_thetaiotaomicron	-0.0444874686929	-0.0623423015818	-0.0236908611728	-0.0774379319704	-0.0462474611295	-0.0495427462534	-0.00468967866921	0.00599742583663	-0.0133831554867	-0.0244117483495	1.0	-0.0202181279101	-0.0509523246561	-0.0211995873762	-0.0465446380249	-0.0141935175734	-0.000284408061903	-0.0136346049259	0.01877261708	0.0438770990592	-0.0677384126106	-0.00887231337829	0.0109753093357	-0.0075055487647	-0.00416250828336	-0.0323350860348	0.0463432664667	0.0210034713686	-0.0251448735129	0.0628186749731	0.0199473619923	0.0231579163175	-0.0386988613789	0.00450465819424	0.00252964038094	-0.018956702481	0.0510886301128	-0.0613690521287	0.00141367489161	-0.0285075900096	-0.0594319839639	-0.0146723905647	-0.0895506703668	0.0194174980727	-0.046589958531	0.0143656048408	0.00403924969527	-0.00962615007377	-0.00905764125708	0.0436787779213	-0.0348807295121	-0.0641436339659	0.0430733702741	-0.024398856864	-0.0534510118498	0.00617443914397	-0.000544566874299	0.0321803182757	0.00513998981491
k__Bacteria;p__Bacteroidetes;c__Bacteroidia;o__Bacteroidales;f__Bacteroidaceae;g__Bacteroides;s__Bacteroides_coprocola	0.0536391464691	0.062142777763	0.00115656162117	-0.0594474167789	-0.0209662874662	-0.0113507185179	-0.0749952556015	-0.0349033042237	-0.00773645648835	0.0289346023922	-0.0202181279101	1.0	0.00723827546641	-0.0253343780824	-0.0566719210711	-0.0319055965122	-0.0227940213066	-0.0012993956949	-0.016025886051	-0.00885910062504	-0.0229996956434	0.00257850392424	0.0359626866871	0.0163176627056	0.0337394463064	-0.0369940979749	-0.0241308807998	-0.0676010359106	-0.0493602635979	0.0132808841759	0.0250220377843	0.000426282824477	-0.0188656331657	0.0593717938213	0.0353943219804	-0.00166924565291	-0.0161473479666	-0.0574789153696	0.0407944474543	-0.0890111620965	-0.00522154035474	-0.0219240851442	0.0143031373064	-0.0510252646391	-0.0301975723384	-0.0307574153795	-0.0559664860378	-0.00196709727087	-0.00919514993737	-0.0298499784549	0.0671872992175	0.00260252769707	-0.00181933002284	0.0244715797263	-0.0424792130567	0.027046126465	-0.0238215298221	-0.0128936723358	-0.0235805468114
k__Bacteria;p__Bacteroidetes;c__Bacteroidia;o__Bacteroidales;f__Bacteroidaceae;g__Bacteroides;s__Bacteroides_cellulosilyticus	-0.0327148913715	-0.00976052873865	-0.0284951208913	0.0250099217249	-0.0316644218809	-0.018849404154	0.0946077121175	-0.0442762100154	-0.00105664178643	-0.042616253087	-0.0509523246561	0.00723827546641	1.0	0.00408090768395	-0.0255946822132	0.00820184219062	-0.000166745644267	-0.030818306012	0.043613910518	0.00188431491501	0.042568178229	0.0370012012782	0.0856274204071	-0.0198662677419	0.0394232641638	-0.0730343351286	-0.0971555070323	0.0135603997917	-0.0111235799826	-0.0280270034009	-0.0104002239428	-0.00837968440785	0.00185953320612	0.0434409490651	0.0143167211903	-0.0686483382553	0.00853554819814	0.0313019217764	-0.00776216673677	0.0159020424511	0.0038469456229	0.0370400510498	0.0201856036445	-0.0584679638604	-0.0250780010014	-0.0207642392558	-0.0190884956714	0.0578606231134	-0.0429580898438	0.00834748989832	-0.053332889083	0.0140379700005	-0.0711076790663	-0.013474057998	-0.0256673550732	0.000838647760459	-0.0757585360789	0.00241271509546	-0.0124515794299
k__Bacteria;p__Bacteroidetes;c__Bacteroidia;o__Bacteroidales;f__Rikenellaceae;g__Alistipes;s__Alistipes_obesi	0.0214294310658	0.00682913394805	0.0247534373747	0.00758154425757	0.0252733697041	-0.0398788797646	0.0223563628213	-0.00686710754664	-0.00892979149493	0.0497887794151	-0.0211995873762	-0.0253343780824	0.00408090768395	1.0	-0.00450713628566	0.0039634185297	-0.0507406346711	-0.0429129826186	-0.0404003149771	-0.0408503967368	-0.000964222970301	-0.0603928360301	0.00400970089991	-0.0107536252597	-0.012922903791	0.0138793779564	0.0557746339571	0.051973312649	0.024779656204	-0.0747831968305	-0.026171567759	0.0145917911881	0.0705741194195	-0.0580163841041	0.0125177072768	-0.00512291317398	-0.024223899431	0.00362587175763	-0.0362986391572	-0.0187939787794	-0.0365887428517	-0.03867557038	-0.0430133579083	-0.0258014315298	0.0367185879609	-0.00160343482255	-0.00993962077938	0.0485638366682	0.0283701476327	-0.0440942288604	0.0101841323093	-0.00317026293052	-0.0181134013939	-0.0701386041554	-0.00782309973209	0.0180358741865	0.0288838568229	-0.0263505204469	-0.0307527971634
k__Bacteria;p__Firmicutes;c__Clostridia;o__Clostridiales;f__Lachnospiraceae;g__;s__[Eubacterium]_rectale	-0.0199620872559	-0.0429727184839	-0.0460189678399	0.0317048594228	0.0451088606652	0.00552740380613	-0.0271304245443	-0.0385026507932	-0.0228105213053	0.0430282531496	-0.0465446380249	-0.0566719210711	-0.0255946822132	-0.00450713628566	1.0	-0.0561993735929	0.0504592767863	-0.000822353230119	0.0376577817764	-0.016471380781	0.0187707557861	-0.0523767998604	0.00497302836179	0.0158192164217	0.0393333842194	0.0381768379144	0.0298672209484	-0.0479980530561	-0.0113010867566	-0.0378535442537	-0.0041491964369	-0.0386415451651	-0.00313391215968	-0.0294187886098	-0.0395146158818	-0.0878369424913	0.00180000663754	0.0464357937335	-0.0811066798687	0.0200820527305	-0.00788752258801	0.00418361891204	0.032222099951	0.027783653141	0.025763615888	-0.0050579632228	0.0161322897987	0.00525775232384	0.0340575725838	-0.0549308401916	0.0192844870064	-0.0517132775032	-0.0326626499556	0.046168747824	-0.0459893160512	-0.0140065780963	-0.0299292859989	0.0484432951711	-0.031973235014
k__Bacteria;p__Bacteroidetes;c__Bacteroidia;o__Bacteroidales;f__Bacteroidaceae;g__Bacteroides;s__Bacteroides_plebeius	0.0503953659601	-0.022109062475	0.0576064512371	-0.000196613860993	0.0011994432963	-0.0141012126428	-0.00304524232067	-0.0184848507157	-0.0385817886739	-0.050233799676	-0.0141935175734	-0.0319055965122	0.00820184219062	0.0039634185297	-0.0561993735929	1.0	-0.0132175766014	0.00321994843553	-0.0787525441857	-0.037262773697	-0.0453019409743	-0.016530665653	0.0292907852345	-0.0189018543769	0.0210928425151	0.0260283883261	0.0285711214783	0.0331727470789	-0.000929801448197	0.0257744859006	0.0250092780053	-0.00202734689914	-0.0272945644495	-0.0493146971596	-0.0205357471573	0.0212814588472	0.0012550342097	-0.0695959595657	-0.0186307350009	-0.00166346042955	0.0466185545801	0.00510093354258	-0.0769965408528	-0.000433484860875	-0.0410085910547	-0.0387121054235	-0.0536806395371	-0.0354944056764	0.00575439036913	-0.0429174555967	-0.0303034728957	-0.0462333252748	0.0501129629087	-0.0477194832284	0.0593037070063	0.0133587706394	-0.0238990727741	-0.0228328615708	0.0331188199709
k__Bacteria;p__Bacteroidetes;c__Bacteroidia;o__Bacteroidales;f__Bacteroidaceae;g__Bacteroides;s__Bacteroides_fragilis	0.0127950547035	0.00794218694289	0.0527359156656	-0.0388498810695	-0.000154432641669	0.0341126001939	0.0182667798231	-0.0255832369413	0.0480703255465	-0.0365389499713	-0.000284408061903	-0.0227940213066	-0.000166745644267	-0.0507406346711	0.0504592767863	-0.0132175766014	1.0	-0.064836304069	0.0374013562046	-0.0204094250648	-0.0630904527381	-0.0209431300315	0.0166386954417	-0.0221577030418	0.00355393197076	0.00130087997719	-0.0379695022989	-0.0124623585023	-0.013977511085	0.0137600627208	-0.0197892267595	-0.0573080598728	0.00274028691684	-0.00932483440553	0.00297238566982	-0.0444371036984	0.0234692364909	-0.0482476768212	0.00670964013014	-0.00986377240865	0.0578539290855	0.0359141412039	0.0171735240816	0.0346394810275	-0.0458131692183	-0.0400347403979	-0.0294331208536	-0.0109386760314	-0.0512016021582	0.015151057687	-0.00989329770085	-0.039574241963	0.0361834305366	-0.0381732487076	0.00158555474864	-0.0468691953406	-0.0272243652364	-0.0135018181241	-0.0460064104468
k__Bacteria;p__Proteobacteria;c__Betaproteobacteria;o__Burkholderiales;f__Sutterellaceae;g__Sutterella;s__Sutterella_wadsworthensis	-0.0727958572308	-0.0171980341339	0.0294870915835	-0.058002622896	0.0216185080851	0.0228083023654	-0.0516343043995	-0.0151107729838	0.028971001185	-0.0126934826518	-0.0136346049259	-0.0012993956949	-0.030818306012	-0.0429129826186	-0.000822353230119	0.00321994843554	-0.064836304069	1.0	0.059298564741	-0.0110357689126	0.0219067778453	-0.0481540214108	0.070810951138	0.0636605532025	-0.000246803351012	0.027489683214	0.00667061992334	0.0304838405189	0.00802087880243	-0.0163418176049	-0.0253373188082	-0.0575205564149	0.0220048937493	-0.0264953932436	-0.0403399581706	3.33824711788e-05	0.056025960082	0.0142618990723	0.0248309053253	0.00988579747696	0.00671857372139	-0.0191801565538	-0.0189232326647	0.00583196216521	-0.0562074719574	0.0171206155768	0.00560764970128	-0.0855248393789	-0.00878531131238	-0.0252658325765	0.0304879834801	-0.000840901220465	0.0290382545558	-0.0456831646042	-0.00464669870895	-0.0286939048307	-0.00408770904257	-0.0421572434959	-0.00871029727034
k__Bacteria;p__Bacteroidetes;c__Bacteroidia;o__Bacteroidales;f__Porphyromonadaceae;g__Barnesiella;s__Barnesiella_intestinihominis	0.0396541171283	-0.0793309903224	-0.0590077864589	-0.0662035957555	-0.0262393168903	-0.00509656117944	-0.00901093237651	-6.61837377068e-05	-0.0511731844418	0.00561620201883	0.01877261708	-0.016025886051	0.043613910518	-0.0404003149771	0.0376577817764	-0.0787525441857	0.0374013562046	0.059298564741	1.0	0.0297772811981	0.0108197890205	0.0200019454669	-0.0015871976157	-0.0115319382579	0.0384702309603	0.0313964992687	-0.0123147750924	-0.0302311342863	-0.0607971051569	0.038668401614	-0.00819026274519	-0.0522287317483	-0.0133613432681	0.0247593806363	0.00431985766545	0.00445221430719	0.00852344007589	0.00117809148695	-0.0239448539906	-0.0432566496429	-0.0230468556356	-0.00654092796228	0.0303372067515	-0.0412635759754	-0.0527623283911	0.0108131428104	-0.00194391684121	-0.0376908026496	-0.0161730293108	-0.0406364518701	-0.0172925986697	0.0130619236501	-0.0310255120691	0.0208665213541	-0.00442881505281	0.00618802137924	0.019692831583	0.0499627912793	-0.0391371133312
k__Bacteria;p__Bacteroidetes;c__Bacteroidia;o__Bacteroidales;f__Odoribacteraceae;g__Odoribacter;s__Odoribacter_splanchnicus	-0.0333421413358	0.0111555204152	-0.10193030874	-0.0524780405224	0.00221584602967	-0.0360580719449	0.0148688803893	-0.0552349906159	0.0170096203239	0.000671330657729	0.0438770990592	-0.00885910062504	0.00188431491501	-0.0408503967368	-0.016471380781	-0.037262773697	-0.0204094250648	-0.0110357689126	0.0297772811981	1.0	0.020821960424	0.0184790591249	0.0218554422086	0.033195174493	-0.024015066756	-0.00834436017858	-0.00331982820297	0.0510077542513	-0.0564984619726	0.0162261519998	0.0110380677485	0.0285978836911	0.032860482536	0.0411983404307	-0.0262937354434	0.0387948158669	-0.00269333039317	0.0458005850145	0.00906899949084	-0.0605839215323	-0.0637323188071	-0.0327222983874	-0.0154566914559	-0.0273136818207	-0.0271527555255	-0.0197932135651	0.000393760568842	0.0345172574679	-0.00925619264883	0.00303904244904	-0.0563895070109	0.0304832606751	-0.0600972356662	0.0162792614024	-0.0297998362572	-0.00346381974846	-0.0601962318042	0.0500890087864	-0.0473184309676
k__Bacteria;p__Bacteroidetes;c__Bacteroidia;o__Bacteroidales;f__Bacteroidaceae;g__Bacteroides;s__Bacteroides_salyersiae	0.00570091245502	0.0418665909813	-0.0314791502073	-0.0550466159508	0.0230601211749	-0.0078372134396	-0.0506040012855	0.0198276745003	0.061414046422	-0.0334311752851	-0.0677384126106	-0.0229996956434	0.042568178229	-0.000964222970301	0.0187707557861	-0.0453019409743	-0.0630904527381	0.0219067778453	0.0108197890205	0.020821960424	1.0	0.00191271666869	-0.0556879230077	-0.0272523592464	-0.011695945812	-0.0587691071149	-0.0277686290942	-0.0369158067922	0.0159956294992	0.00487171909853	-0.0263019401308	0.00672254315228	0.0308424576582	0.0249801400376	-0.0215847380898	-0.0244191609752	-0.0612807956984	0.0268305790086	-0.0734689954098	0.021605304808	0.0041536204448	-0.0128533089575	-0.0287081481906	0.0362417326096	-0.01366109149	-0.0601821831777	-0.0373159829103	-0.0533471565277	-0.026452110226	0.0566363967321	-0.0686229369484	0.0307344575759	0.00277947388174	-0.0361471075737	0.032409861431	-0.00772953666331	0.00708577327386	0.0416404180219	0.0478468654184
k__Bacteria;p__Firmicutes;c__Clostridia;o__Clostridiales;f__Ruminococcaceae;g__Ruminiclostridium;s__[Eubacterium]_siraeum	0.00229415142331	0.00708823210447	-0.00494863635753	0.000888733231481	0.0137453173907	-0.041902172465	0.0261812035962	-0.0286469001238	0.056509073773	0.0409789794828	-0.00887231337829	0.00257850392424	0.0370012012782	-0.0603928360301	-0.0523767998604	-0.016530665653	-0.0209431300315	-0.0481540214108	0.0200019454669	0.0184790591249	0.00191271666869	1.0	-0.0162155530743	-0.0307061265197	0.0303380276716	-0.0505628124006	0.0206129408518	0.0287263817184	-0.0159621324911	0.00600822660686	0.010650914773	0.031484353255	0.0148427270183	-0.0392541872831	0.0561029294827	-0.0567228771023	-0.0202970466738	0.0195069598869	0.0259183081917	-0.0325121836068	-0.0371961192534	-0.00909272347953	0.00349075055192	0.123035165752	0.0544118250269	-0.0220084030207	-0.00842096539357	-0.0447753522445	-0.0472453517688	0.0043225631569	-0.0329742940425	-0.0540806856686	2.36545580748e-05	0.0489236596081	-0.030158371267	-0.0268894183939	-0.0311202251738	0.019793306912	-0.00058272559266
k__Bacteria;p__Proteobacteria;c__Betaproteobacteria;o__Burkholderiales;f__Sutterellaceae;g__Parasutterella;s__Parasutterella_excrementihominis	0.0253895350982	-0.0223364984872	-0.0228081984637	-0.074950053794	-0.0121788633963	-0.00984008401137	0.0202433226655	-0.018679914575	-0.00884189348346	-0.00577965266818	0.0109753093357	0.0359626866871	0.0856274204071	0.0040097008999	0.00497302836179	0.0292907852345	0.0166386954417	0.070810951138	-0.0015871976157	0.0218554422086	-0.0556879230077	-0.0162155530743	1.0	-0.0149139031376	0.0547118669747	-0.00900242046625	0.0293129564486	0.00604976955755	-0.0762914905561	0.0202936351608	-0.0357757582072	0.0156827332091	0.0151426266748	-0.0809508530392	-0.0265836203813	-0.0406995761715	-0.0745848220296	0.0226994343248	-0.0236587628325	-0.0230258045039	-0.0152578442186	0.00833312976275	-0.00985753719072	-0.0200976616778	-0.00586921955589	0.0496781222282	0.0921710318071	-0.0281803696692	-0.0440793991177	-0.0469601128209	-0.0112203049491	-0.0342034359677	0.0580047564067	-0.0150388102999	-0.0123450858069	-0.0303715470422	-0.0435422358419	0.0882690044146	0.0524657348483
k__Bacteria;p__Actinobacteria;c__Actinobacteria;o__Bifidobacteriales;f__Bifidobacteriaceae;g__Bifidobacterium;s__Bifidobacterium_adolescentis	0.0128456261669	0.000489232229519	-0.0112217559733	-0.0148285183681	0.0613105468922	0.00354509609761	-0.0710173810229	0.0240935380426	-0.0663737110931	-0.00784558621493	-0.0075055487647	0.0163176627056	-0.0198662677419	-0.0107536252597	0.0158192164217	-0.0189018543769	-0.0221577030418	0.0636605532025	-0.0115319382579	0.033195174493	-0.0272523592464	-0.0307061265197	-0.0149139031376	1.0	0.0479126315802	-0.0502421686081	-0.0205670928714	-0.00906769692005	-0.0273432206613	0.0855286394361	-0.049349154451	-0.0317745479786	-0.0386037544715	0.0910006146227	-0.0148870367049	0.0155578068824	-0.074767370591	-0.0454066767419	-0.00422353609951	0.0540416662592	0.0242704302953	0.0153362483843	0.0273189744553	-0.0448625806534	0.00240945881157	-0.0297789759095	0.0214928233724	0.0642957445059	-0.0032127836475	0.0723626949666	0.0443940420065	-0.0222062676442	-0.0363331472901	0.0252063744738	-0.0264588471835	-0.0335249873678	-0.0120557823543	-0.0225546199628	0.0342674503756
k__Bacteria;p__Firmicutes;c__Clostridia;o__Clostridiales;f__Oscillospiraceae;g__Oscillibacter;s__Oscillibacter_sp._KLE_1745	0.0167370522165	0.00151830199986	0.0171360577167	-0.00648701120925	-0.00700041634042	0.00686557168809	-0.0377478929253	-0.0590514854628	0.0690834020401	-0.000921159041668	-0.00416250828336	0.0337394463064	0.0394232641638	-0.012922903791	0.0393333842194	0.0210928425151	0.00355393197076	-0.000246803351012	0.0384702309603	-0.024015066756	-0.011695945812	0.0303380276716	0.0547118669746	0.0479126315802	1.0	0.0516091852341	-0.0314462689139	-0.03362007141	-0.0165417687205	0.0122549474368	-0.0739399235526	0.0680824905755	0.0323662797373	-0.0442761385481	-0.0614981020937	-0.0462161342167	-0.0227284781845	-0.0563423059445	-0.0269527050963	0.00408178611021	-0.0498717631786	-0.0490502064199	0.000362085605548	-0.0133156257084	-0.00837196809636	0.01076162111	0.0883441252256	-0.0417195574416	-0.0410387471021	-0.00755070337476	-0.0215315775774	-0.00553939557861	-0.0413520370143	-0.02394525649	0.0306882636065	-0.0401199712714	-0.0154693299864	-0.0696262279055	-0.0367702559183
k__Bacteria;p__Bacteroidetes;c__Bacteroidia;o__Bacteroidales;f__Bacteroidaceae;g__Bacteroides;s__Bacteroides_coprophilus	-0.0173301203011	-0.107842867347	-0.01728020326	0.0369895357739	-0.0762949383931	0.042127544164	-0.0637548375779	-0.0100058001312	0.0701594249866	0.0302699862549	-0.0323350860348	-0.0369940979749	-0.0730343351286	0.0138793779564	0.0381768379144	0.0260283883261	0.00130087997719	0.027489683214	0.0313964992687	-0.00834436017858	-0.0587691071149	-0.0505628124006	-0.00900242046625	-0.0502421686081	0.0516091852341	1.0	-0.0444906739302	0.0568262846966	-0.0728235261937	-0.0166891601948	0.00355539611931	-0.0678953915815	-0.00492763218714	0.0267659407615	-0.0139403999667	-0.0182301593293	-0.0213768820992	0.0215555226848	-0.0410700830704	0.0467610666432	-0.0123273248067	-0.0392445295367	-0.046780449076	-0.0312918448585	0.0278617741021	0.0358037998364	-0.0383687003262	-0.0279325870152	-0.0456990275547	-0.0460168055974	0.0359520217942	-0.0230937372911	-0.0127001507816	-0.0200874436512	0.0206312985615	0.0392219728159	-0.0321538699224	0.0498656800625	-0.0590661513438
k__Bacteria;p__Firmicutes;c__Clostridia;o__Clostridiales;f__Lachnospiraceae;g__Roseburia;s__Roseburia_intestinalis	0.0152293466864	-0.0362512547922	0.0333139452455	-0.0540495721055	-0.00223660196995	-0.00848567579477	0.00262850779687	0.0657991452637	-0.046649665493	-0.0034450286895	0.0463432664667	-0.0241308807998	-0.0971555070323	0.0557746339571	0.0298672209484	0.0285711214783	-0.0379695022989	0.00667061992334	-0.0123147750924	-0.00331982820297	-0.0277686290942	0.0206129408518	0.0293129564486	-0.0205670928714	-0.0314462689139	-0.0444906739302	1.0	-0.0164049573645	-0.0313799914617	0.0757435404314	-0.0302692972853	0.00993515918511	0.054199148509	-0.0395378854972	-0.0684914297212	0.0667921377573	0.0498872909032	0.00125565658683	-0.000366341456375	-0.0896650441149	-0.0405183411211	0.0197254616039	-0.000370493458904	0.00192117840946	0.0205109812939	0.0116242483542	-0.0478217388163	-0.0193411378596	0.0464933164664	0.0153391298656	0.0718860199764	-0.0567946780156	-0.0313829233678	0.0141948211042	-0.00196941143927	-0.0519623698442	0.0264206901771	-0.0364544297944	-0.0504951709917
k__Bacteria;p__Firmicutes;c__Clostridia;o__Clostridiales;f__Lachnospiraceae;g__Roseburia;s__Roseburia_hominis	-0.0370753057838	0.00706500846289	-0.039775980421	-0.0185531825433	0.0343099577451	0.0071416255432	-0.0119570964228	-0.0185978140048	0.0236358797566	0.0195956263597	0.0210034713686	-0.0676010359106	0.0135603997917	0.051973312649	-0.0479980530561	0.0331727470789	-0.0124623585023	0.0304838405189	-0.0302311342863	0.0510077542513	-0.0369158067922	0.0287263817184	0.00604976955755	-0.00906769692005	-0.03362007141	0.0568262846966	-0.0164049573645	1.0	0.00820629400334	0.00964637966399	-0.0409384799078	-0.0388561090884	-0.00743758297756	-0.0449080810446	0.0157698600239	0.0943633235124	0.0472562087596	0.0535283556639	-0.030062497356	-0.0214120661953	0.00119309262076	0.0208763287998	0.00195042932935	0.0751923331059	-0.0359426405463	-0.0600573119327	-0.019699177247	0.031122635282	-0.0373336369636	0.00160663240967	-0.0166696748819	0.013028764434	-0.00237841610757	-0.0710495589871	0.098234731904	0.017841327802	0.0234284270668	0.0191763803134	0.0251667045271
k__Bacteria;p__Bacteroidetes;c__Bacteroidia;o__Bacteroidales;f__Porphyromonadaceae;g__Parabacteroides;s__Parabacteroides_johnsonii	0.0125071868589	0.0303127554109	0.0231197498021	0.0406667526258	0.0200322041253	-0.00559887491094	0.0125920427713	-0.0339603426682	-0.0379165451726	-0.024342146465	-0.0251448735129	-0.0493602635979	-0.0111235799826	0.024779656204	-0.0113010867566	-0.000929801448197	-0.013977511085	0.00802087880243	-0.0607971051569	-0.0564984619726	0.0159956294992	-0.0159621324911	-0.0762914905561	-0.0273432206613	-0.0165417687205	-0.0728235261937	-0.0313799914617	0.00820629400334	1.0	-0.0642722635968	-0.0315966046002	-0.0647301701842	-0.037979855957	-0.0350235881063	-0.0281042302587	-0.0402604741816	0.0387363148316	-0.0639818910074	0.0234974428998	0.0325426537093	-0.0270841081101	-0.014615464451	-0.0241780917119	0.000710753477879	-0.0451329792679	-0.0079808248221	-0.0130552203483	0.0229648931969	0.0397334946566	-0.0219771973034	0.021917401534	0.0683919321606	0.0118008077264	0.0242568295164	0.0682891465954	-0.0712935735872	-0.0179430163359	-0.0334994307773	-0.0493378778543
k__Bacteria;p__Actinobacteria;c__Actinobacteria;o__Bifidobacteriales;f__Bifidobacteriaceae;g__Bifidobacterium;s__Bifidobacterium_longum	-0.0292398894672	-0.0198177578576	0.0251728705835	-0.0427463616655	-0.0370218713686	-0.113467837651	0.00797232188827	-0.115954414888	-0.0367993897133	-0.020670226541	0.0628186749731	0.0132808841759	-0.0280270034009	-0.0747831968305	-0.0378535442537	0.0257744859006	0.0137600627208	-0.0163418176049	0.038668401614	0.0162261519998	0.00487171909853	0.00600822660686	0.0202936351608	0.0855286394361	0.0122549474368	-0.0166891601948	0.0757435404314	0.009646379664	-0.0642722635968	1.0	-0.0132788036523	0.0233305393288	-0.0240131198541	0.0102389068479	-0.0295807104601	-0.00921719335337	0.0191861494295	-0.0146766249074	-0.0249096243425	0.00294841044816	-0.00333312129591	-0.0172127419136	-0.0283587564029	-0.00105165527797	0.0246985186897	0.0292190971987	-0.0270585896697	-0.046207701317	0.0324148909872	0.115672493081	-0.0270089878586	-0.00881060211726	-0.0171710657946	-0.0430746819891	-0.0367832329509	0.0121838318245	0.00616439052247	-0.0232595728139	0.0406917095884
