#taxonomy	k__Bacteria;p__Bacteroidetes;c__Bacteroidia;o__Bacteroidales;f__Bacteroidaceae;g__Bacteroides;s__Bacteroides_vulgatus	k__Bacteria;p__Bacteroidetes;c__Bacteroidia;o__Bacteroidales;f__Bacteroidaceae;g__Bacteroides;s__Bacteroides_uniformis	k__Bacteria;p__Bacteroidetes;c__Bacteroidia;o__Bacteroidales;f__Rikenellaceae;g__Alistipes;s__Alistipes_putredinis	k__Bacteria;p__Bacteroidetes;c__Bacteroidia;o__Bacteroidales;f__Prevotellaceae;g__Prevotella;s__Prevotella_copri	k__Bacteria;p__Bacteroidetes;c__Bacteroidia;o__Bacteroidales;f__Bacteroidaceae;g__Bacteroides;s__Bacteroides_stercoris	k__Bacteria;p__Bacteroidetes;c__Bacteroidia;o__Bacteroidales;f__Bacteroidaceae;g__Bacteroides;s__Bacteroides_ovatus	k__Bacteria;p__Bacteroidetes;c__Bacteroidia;o__Bacteroidales;f__Rikenellaceae;g__Alistipes;s__Alistipes_shahii	k__Bacteria;p__Firmicutes;c__Clostridia;o__Clostridiales;f__Ruminococcaceae;g__Faecalibacterium;s__Faecalibacterium_prausnitzii	k__Bacteria;p__Bacteroidetes;c__Bacteroidia;o__Bacteroidales;f__Rikenellaceae;g__Alistipes;s__Alistipes_finegoldii	k__Bacteria;p__Bacteroidetes;c__Bacteroidia;o__Bacteroidales;f__Porphyromonadaceae;g__Parabacteroides;s__Parabacteroides_distasonis	k__Bacteria;p__Bacteroidetes;c__Bacteroidia;o__Bacteroidales;f__Bacteroidaceae;g__Bacteroides;s__Bacteroides_thetaiotaomicron	k__Bacteria;p__Bacteroidetes;c__Bacteroidia;o__Bacteroidales;f__Bacteroidaceae;g__Bacteroides;s__Bacteroides_coprocola	k__Bacteria;p__Bacteroidetes;c__Bacteroidia;o__Bacteroidales;f__Bacteroidaceae;g__Bacteroides;s__Bacteroides_cellulosilyticus	k__Bacteria;p__Bacteroidetes;c__Bacteroidia;o__Bacteroidales;f__Rikenellaceae;g__Alistipes;s__Alistipes_obesi	k__Bacteria;p__Firmicutes;c__Clostridia;o__Clostridiales;f__Lachnospiraceae;g__;s__[Eubacterium]_rectale	k__Bacteria;p__Bacteroidetes;c__Bacteroidia;o__Bacteroidales;f__Bacteroidaceae;g__Bacteroides;s__Bacteroides_plebeius	k__Bacteria;p__Bacteroidetes;c__Bacteroidia;o__Bacteroidales;f__Bacteroidaceae;g__Bacteroides;s__Bacteroides_fragilis	k__Bacteria;p__Proteobacteria;c__Betaproteobacteria;o__Burkholderiales;f__Sutterellaceae;g__Sutterella;s__Sutterella_wadsworthensis	k__Bacteria;p__Bacteroidetes;c__Bacteroidia;o__Bacteroidales;f__Porphyromonadaceae;g__Barnesiella;s__Barnesiella_intestinihominis	k__Bacteria;p__Bacteroidetes;c__Bacteroidia;o__Bacteroidales;f__Odoribacteraceae;g__Odoribacter;s__Odoribacter_splanchnicus	k__Bacteria;p__Bacteroidetes;c__Bacteroidia;o__Bacteroidales;f__Bacteroidaceae;g__Bacteroides;s__Bacteroides_salyersiae	k__Bacteria;p__Firmicutes;c__Clostridia;o__Clostridiales;f__Ruminococcaceae;g__Ruminiclostridium;s__[Eubacterium]_siraeum	k__Bacteria;p__Proteobacteria;c__Betaproteobacteria;o__Burkholderiales;f__Sutterellaceae;g__Parasutterella;s__Parasutterella_excrementihominis	k__Bacteria;p__Actinobacteria;c__Actinobacteria;o__Bifidobacteriales;f__Bifidobacteriaceae;g__Bifidobacterium;s__Bifidobacterium_adolescentis	k__Bacteria;p__Firmicutes;c__Clostridia;o__Clostridiales;f__Oscillospiraceae;g__Oscillibacter;s__Oscillibacter_sp._KLE_1745	k__Bacteria;p__Bacteroidetes;c__Bacteroidia;o__Bacteroidales;f__Bacteroidaceae;g__Bacteroides;s__Bacteroides_coprophilus	k__Bacteria;p__Firmicutes;c__Clostridia;o__Clostridiales;f__Lachnospiraceae;g__Roseburia;s__Roseburia_intestinalis	k__Bacteria;p__Firmicutes;c__Clostridia;o__Clostridiales;f__Lachnospiraceae;g__Roseburia;s__Roseburia_hominis	k__Bacteria;p__Bacteroidetes;c__Bacteroidia;o__Bacteroidales;f__Porphyromonadaceae;g__Parabacteroides;s__Parabacteroides_johnsonii	k__Bacteria;p__Actinobacteria;c__Actinobacteria;o__Bifidobacteriales;f__Bifidobacteriaceae;g__Bifidobacterium;s__Bifidobacterium_longum	k__Bacteria;p__Firmicutes;c__Clostridia;o__Clostridiales;f__;g__Flavonifractor;s__Flavonifractor_plautii	k__Bacteria;p__Firmicutes;c__Clostridia;o__Clostridiales;f__Clostridiaceae;g__Clostridium;s__Clostridium_phoceensis	k__Bacteria;p__Verrucomicrobia;c__Verrucomicrobiae;o__Verrucomicrobiales;f__Akkermansiaceae;g__Akkermansia;s__Akkermansia_muciniphila	k__Bacteria;p__Bacteroidetes;c__Bacteroidia;o__Bacteroidales;f__Prevotellaceae;g__Paraprevotella;s__Paraprevotella_xylaniphila	k__Bacteria;p__Firmicutes;c__Clostridia;o__Clostridiales;f__Ruminococcaceae;g__Ruminococcus;s__Ruminococcus_callidus	k__Bacteria;p__Bacteroidetes;c__Bacteroidia;o__Bacteroidales;f__Rikenellaceae;g__Alistipes;s__Alistipes_senegalensis	k__Bacteria;p__Firmicutes;c__Clostridia;o__Clostridiales;f__Lachnospiraceae;g__Blautia;s__Blautia_sp._KLE_1732	k__Bacteria;p__Bacteroidetes;c__Bacteroidia;o__Bacteroidales;f__Bacteroidaceae;g__Bacteroides;s__Bacteroides_oleiciplenus	k__Bacteria;p__Firmicutes;c__Clostridia;o__Clostridiales;f__Ruminococcaceae;g__Ruminococcus;s__Ruminococcus_bicirculans	k__Bacteria;p__Bacteroidetes;c__Bacteroidia;o__Bacteroidales;f__Bacteroidaceae;g__Bacteroides;s__Bacteroides_fluxus	k__Bacteria;p__Bacteroidetes;c__Bacteroidia;o__Bacteroidales;f__Prevotellaceae;g__Prevotella;s__Prevotella_stercorea	k__Bacteria;p__Firmicutes;c__Clostridia;o__Clostridiales;f__Lachnospiraceae;g__Dorea;s__Dorea_longicatena	k__Bacteria;p__Firmicutes;c__Clostridia;o__Clostridiales;f__Eubacteriaceae;g__Eubacterium;s__[Eubacterium]_eligens	k__Bacteria;p__Firmicutes;c__Clostridia;o__Clostridiales;f__Ruminococcaceae;g__;s__Ruminococcaceae_bacterium_D16	k__Bacteria;p__Firmicutes;c__Clostridia;o__Clostridiales;f__Lachnospiraceae;g__Coprococcus;s__Coprococcus_comes	k__Bacteria;p__Proteobacteria;c__Gammaproteobacteria;o__Enterobacterales;f__Enterobacteriaceae;g__Escherichia;s__Escherichia_coli	k__Bacteria;p__Firmicutes;c__Clostridia;o__Clostridiales;f__Ruminococcaceae;g__Anaerotruncus;s__Anaerotruncus_colihominis	k__Bacteria;p__Firmicutes;c__Clostridia;o__Clostridiales;f__Lachnospiraceae;g__Blautia;s__Blautia_obeum	k__Bacteria;p__Bacteroidetes;c__Bacteroidia;o__Bacteroidales;f__Odoribacteraceae;g__Odoribacter;s__Odoribacter_laneus	k__Bacteria;p__Firmicutes;c__Clostridia;o__Clostridiales;f__Ruminococcaceae;g__Ruminiclostridium;s__[Clostridium]_leptum	k__Bacteria;p__Bacteroidetes;c__Bacteroidia;o__Bacteroidales;f__Porphyromonadaceae;g__Parabacteroides;s__Parabacteroides_goldsteinii	k__Bacteria;p__Firmicutes;c__Clostridia;o__Clostridiales;f__Lachnospiraceae;g__Anaerostipes;s__Anaerostipes_hadrus	k__Bacteria;p__Firmicutes;c__Clostridia;o__Clostridiales;f__Ruminococcaceae;g__Ruminococcus;s__Ruminococcus_lactaris	k__Bacteria;p__Firmicutes;c__Clostridia;o__Clostridiales;f__Clostridiaceae;g__Clostridium;s__Clostridium_sp._L2-50	k__Bacteria;p__Firmicutes;c__Clostridia;o__Clostridiales;f__Clostridiaceae;g__Clostridium;s__Clostridium_sp._M62/1	k__Bacteria;p__Firmicutes;c__Clostridia;o__Clostridiales;f__;g__Intestinimonas;s__Intestinimonas_butyriciproducens	k__Bacteria;p__Actinobacteria;c__Actinobacteria;o__Bifidobacteriales;f__Bifidobacteriaceae;g__Bifidobacterium;s__Bifidobacterium_bifidum	k__Bacteria;p__Firmicutes;c__Negativicutes;o__Veillonellales;f__Veillonellaceae;g__Dialister;s__Dialister_invisus	k__Bacteria;p__Bacteroidetes;c__Bacteroidia;o__Bacteroidales;f__Bacteroidaceae;g__Bacteroides;s__Bacteroides_salanitronis
k__Bacteria;p__Bacteroidetes;c__Bacteroidia;o__Bacteroidales;f__Bacteroidaceae;g__Bacteroides;s__Bacteroides_vulgatus	1.0	0.0142004459243	0.00815206575102	0.0455577542719	-0.0306283295477	0.0543868808482	-0.0649002191708	0.0187109608242	0.0281981775489	0.0161400462934	0.0322186188929	0.0333959723103	0.0138958844378	0.0552982751413	-0.0683116648435	-0.00124719738308	-0.0264623244793	0.0380172228714	-0.0226924592539	-0.0656042687816	0.0326379663174	0.0228935564826	-0.0138938947596	0.00546691929254	0.0122914281626	-0.00777802923842	-0.0591069573012	-0.0605195774326	0.0874249241747	0.00147911753847	-0.0237571856595	-0.0112486436308	-0.0150561308336	5.53317938229e-07	-0.0534290382003	-0.0433623159084	-0.0250675748004	0.00701641693368	0.0317771614364	-0.00360271441431	-0.0525268301069	0.0326843482148	0.0304205650532	-0.0446251416979	-0.0011772140086	0.0099463640769	-0.0980615557775	-0.0127528951591	0.00248584006817	-0.0429897456146	0.0241615579919	-0.0177560588599	-0.0182442542479	-0.0173875182282	-0.0331245485286	0.0424031428418	-0.0263696248057	0.0108084857007	-0.0290781459517
k__Bacteria;p__Bacteroidetes;c__Bacteroidia;o__Bacteroidales;f__Bacteroidaceae;g__Bacteroides;s__Bacteroides_uniformis	0.0142004459243	1.0	0.0664328849328	-0.0717051231365	0.0547517369148	-0.0235443432934	-0.0109080165547	-0.022219310681	-0.016689300138	-0.0623052631487	0.0468275462291	0.0260609767183	-0.0250335941807	-0.0484292158495	0.00110201394742	0.0159039726403	0.0617144999992	0.0395483914823	-0.0254223490197	0.00172106154313	-0.00217267630477	0.0241235993067	-0.0734493190386	2.35138722555e-05	0.0283167666213	-0.00644355645533	-0.0511468458607	-0.000963327963792	0.0119538989964	-0.00843022134369	0.0392740932717	0.00348974480918	-0.00499150593859	-0.00152751664574	0.0368863395523	-0.0411758385779	-0.0601227857875	-0.00655960689604	-0.0430836684976	-0.0205462665456	-0.091474225733	-0.0135199366071	-0.0596862683335	-0.0457743836182	-0.0152726810575	0.010009915878	0.0420096600183	0.0077019174558	-0.0234035919787	-0.0249151922246	-0.0195350295005	-0.00939287408419	-0.0465108645856	0.0767995162809	0.00620728563875	-0.0958650836222	-0.028247276451	0.0448181712006	-0.0313311334723
k__Bacteria;p__Bacteroidetes;c__Bacteroidia;o__Bacteroidales;f__Rikenellaceae;g__Alistipes;s__Alistipes_putredinis	0.00815206575102	0.0664328849328	1.0	-0.0259972157359	-0.0501885243013	-0.0187906255617	-0.0373276599955	-0.0113144239671	0.0150158518183	-0.0286086085004	-0.0418333845121	-0.031440101972	-0.0173070558228	0.0112285068985	0.0332782399888	0.059887604451	0.0195944603132	-0.032473247579	-0.0616156633444	-0.0426320761187	0.00842372770466	0.0451526459575	-0.0124937073545	0.0306233146816	0.0364524875974	-0.0268934811857	0.0343813698468	0.0098164648122	0.0229472253545	-0.106205303458	-0.0744962380784	-0.0296276934137	0.0148551472784	-0.0082413383108	0.000267004985519	0.0304992354435	-0.0412307046334	0.0787084984602	-0.00236481572568	0.0319180572921	-0.00554316791096	-0.0798585598339	-0.110960441026	-0.0205845749919	0.063471795143	0.0175322332128	0.076564126594	-0.0100230766248	0.00585827585878	-0.0493329486291	-0.00518521328717	-0.0123653757915	0.012536108222	-0.0765757807428	0.0468481982298	0.00791479665443	-0.0437870696244	0.0429602811639	-0.0224550083734
k__Bacteria;p__Bacteroidetes;c__Bacteroidia;o__Bacteroidales;f__Prevotellaceae;g__Prevotella;s__Prevotella_copri	0.0455577542719	-0.0717051231365	-0.0259972157359	1.0	0.0485852189556	0.0253148751669	-0.0247013666889	-0.0452126803232	-0.0293350855964	0.081997540572	0.0149308253162	-0.0897465870202	-0.0780519461808	0.00190662022618	-0.00806083756232	-0.0601984243931	-0.0404343020721	-0.0316573708945	0.0273074713015	-0.0511106081397	0.0203718057916	0.0710304090376	-0.0177611911512	0.0284499231051	-0.0324819064428	-0.00331030834648	-0.00684161394823	0.0279249126253	0.00925239452706	0.0175409743565	-0.0101325362993	-0.058928067502	-0.0148870850804	0.0384328367306	-0.0356176733333	0.0618312183746	0.0585239523305	-0.0390239422042	-0.0336590482405	0.0101666164434	0.0247705303937	0.0244187328987	0.0627336225465	-0.0422642569462	0.00175308342821	0.00754322574369	-0.00621499185192	-0.0313930639983	0.0272888156653	-0.060997499141	-0.034711271448	-0.0359790505776	0.024059131212	-0.013053629091	-0.0261354888219	-0.0863024612388	-0.0342067398076	0.00590402837249	0.0736644669288
k__Bacteria;p__Bacteroidetes;c__Bacteroidia;o__Bacteroidales;f__Bacteroidaceae;g__Bacteroides;s__Bacteroides_stercoris	-0.0306283295477	0.0547517369148	-0.0501885243013	0.0485852189556	1.0	-0.00399577919418	-0.072007263348	-0.0629023657931	0.00470628204288	-0.00684842254661	0.0251696565455	-0.0251104401804	0.067347232896	-0.0358368488704	-0.0364447560593	0.0203202868726	-0.00524940828764	0.00554907118708	-0.0536467638567	-0.00324666437887	0.00111873586086	-0.0543809032865	0.0957257266863	0.0403364729942	-0.031395459497	-0.0418846759295	0.0143841436159	0.0150425141741	-0.0164424290528	0.0871780710522	-0.0767631066716	0.0305769295699	-0.013665198074	0.0550324960483	-0.082202909331	0.0061687142447	0.0572329068375	-0.072063942942	0.00202611711961	-0.0666490635692	-0.0482202376919	-0.00718412183994	-0.0291631788088	-0.0545946973905	-0.00493099513621	0.0350380771542	0.0315763587792	-0.0315386608922	0.0455224076406	-0.00859113169659	-0.0397852225595	-0.078876660477	0.00268365334334	-0.0175176897683	0.00554337063685	-0.053619500954	0.020703990268	0.0586811209973	0.0142688534089
k__Bacteria;p__Bacteroidetes;c__Bacteroidia;o__Bacteroidales;f__Bacteroidaceae;g__Bacteroides;s__Bacteroides_ovatus	0.0543868808482	-0.0235443432934	-0.0187906255617	0.0253148751669	-0.00399577919418	1.0	0.00745605449124	-0.0354648300647	-0.0202860054821	-0.0228785888899	0.0556067838104	0.0286683829294	0.00991592224662	0.0140588179954	-0.0260538382728	0.00711474899902	-0.00345539431324	-0.0620612685592	-0.0685278231176	-0.049116867057	-0.0225742918934	-0.0349566797762	0.0123943068203	-0.0388452048003	0.00223841746971	0.0370890067679	-0.00640006658481	-0.024878497237	-0.0116487277492	-0.0196233172466	-0.065871361844	-0.004547191887	0.0149363019604	0.0424821871458	-0.0274544071573	0.037828424223	0.0639792738608	-0.0749484912856	0.0203628909738	-0.0587826646581	-0.0499128870964	0.0082041529171	0.00283337184457	-0.0439600302289	0.043733745953	0.04403990909	-0.0876142554092	-0.0805743946276	0.00566169922603	0.00188414903083	0.0170462463454	0.0219490303288	-0.0100018541817	-0.00952453963743	-0.0202482204057	0.0305834620236	-0.0678793047069	-0.0244499725004	-0.0335486686818
k__Bacteria;p__Bacteroidetes;c__Bacteroidia;o__Bacteroidales;f__Rikenellaceae;g__Alistipes;s__Alistipes_shahii	-0.0649002191708	-0.0109080165547	-0.0373276599955	-0.0247013666889	-0.072007263348	0.00745605449124	1.0	-0.0243290684655	0.00881316272868	0.0429533763747	-0.0426923423834	-0.0229080610393	-0.0376522946541	0.0125410855678	-0.0630620789481	-0.0285403319561	0.0804848397681	-0.0191600784704	0.0535324102948	-0.0796723728029	-0.0139818786015	0.00182578660633	-0.0533889913597	-0.0641360166713	0.018507763407	-0.0212857050301	0.00945989162993	0.0372403809062	0.0366852770874	-0.0519670973847	0.0151041331517	-0.0278327706842	-0.0154364858605	0.0162940323083	-0.0114356295067	0.0373487309913	-0.00383676704413	0.0335210007663	0.0300515871063	-0.00493631996227	0.0225001678769	0.0474456841616	0.0099518608238	-0.0370391899464	0.0207139348169	0.00316260417438	0.0117440799891	0.00209804528501	-0.042679414535	-0.0626248954817	-0.0633371581615	-0.0460055063032	0.0342829661747	-0.00506587446951	-0.00616844383846	-0.0143786517223	-0.0196618784495	-0.0517185705024	-0.0310451256317
k__Bacteria;p__Firmicutes;c__Clostridia;o__Clostridiales;f__Ruminococcaceae;g__Faecalibacterium;s__Faecalibacterium_prausnitzii	0.0187109608242	-0.022219310681	-0.0113144239671	-0.0452126803232	-0.0629023657931	-0.0354648300647	-0.0243290684655	1.0	-0.0251009927965	0.0112620010387	0.0426605765963	-0.0389050336298	0.0378665904056	0.00864330811895	-0.00151031363086	0.0138435798978	-0.00242472099997	-0.0874677589797	-0.0230181861349	0.0387821155572	-0.0554634756554	0.0677400732791	-0.0192325904356	-0.0584827358872	-0.0118443408962	0.0288945941432	-0.0597282528933	0.0273742040396	-0.0619607021572	-0.0238240863912	-0.0802282190535	0.0276247332135	0.028094124032	-0.0209945671059	-0.0151275034493	-0.0238238275441	-0.00888051007787	-0.0244874783875	0.0680017929751	0.00439693751615	-0.0340864989437	0.000572884067059	-0.00592498521502	-0.0365728351	0.00404134200472	0.00846165278338	0.026629423946	0.00155682621647	0.00730837000453	-0.0313165538428	0.00568039811892	-0.080788033961	-0.0935856330486	0.0330059024677	-0.0242014744471	-0.0174980414437	0.0145986680118	-0.014334283066	0.00472893641422
k__Bacteria;p__Bacteroidetes;c__Bacteroidia;o__Bacteroidales;f__Rikenellaceae;g__Alistipes;s__Alistipes_finegoldii	0.0281981775489	-0.016689300138	0.0150158518183	-0.0293350855964	0.00470628204288	-0.0202860054821	0.00881316272868	-0.0251009927965	1.0	-0.0577413608018	-0.0441260409752	-0.0074176071617	-0.0136859195309	-0.0147045318481	-0.0259218057296	0.0414472745946	-0.0423050049333	-0.0120448630594	-0.0372863634995	0.0325668037553	0.0348509022193	-0.0487186919286	0.0243156672891	-0.0467390055063	0.0625899206723	-0.0100350000331	-0.0243078622386	0.011776295623	-0.0103408692425	-0.0543588266543	-0.0384060936596	-0.0286088125642	0.0764329434296	0.0163488115398	0.000561659261933	-0.0267124972368	0.0545980425417	-0.0500829203051	-0.00524590174687	-0.000810083043041	-0.0330200655004	0.0312831036419	0.0858041692737	0.0275262628904	-0.0133137663213	0.00127004999989	-0.0330045913987	-0.00619737561132	0.0226811602236	0.000331660666847	0.00659065694137	0.00843517264805	-0.0153030613263	-0.0332606743731	-0.0329133811513	0.0207623234425	-0.0062976876677	-0.00573048411797	-0.0237311115761
k__Bacteria;p__Bacteroidetes;c__Bacteroidia;o__Bacteroidales;f__Porphyromonadaceae;g__Parabacteroides;s__Parabacteroides_distasonis	0.0161400462934	-0.0623052631487	-0.0286086085004	0.081997540572	-0.00684842254661	-0.0228785888899	0.0429533763747	0.0112620010387	-0.0577413608018	1.0	0.0279294002516	-0.068419975861	0.0274364683575	-0.0402141967806	-0.0103562469017	-0.0534621684709	0.0598717905235	0.00831841125929	-0.0534113334044	0.0101419052152	0.0254981182026	0.0311474565642	0.0296702337827	-0.00896203764128	-0.0018741963149	-0.052499649719	-0.0101636532725	0.0553156040364	-0.0693619991985	-0.0850775403436	-0.00310768978132	-0.0407050607068	-0.0374384576111	0.00641811951691	0.02939726142	-0.0139892906896	-0.0620374372072	-0.00891070715289	-0.0645631067007	0.00289831371519	-0.0487372899533	-0.0582779244462	0.0137409854662	-0.00581852191493	-0.0761901714867	-0.09643233481	0.013804609688	-0.0406119300685	0.00722557238018	0.0361927929536	-0.0345967946534	-0.0224743929566	-0.0173319935655	0.0261121871056	0.108629816073	0.011235127054	-0.0277599838285	-0.0166981045124	-0.0358016850455
k__Bacteria;p__Bacteroidetes;c__Bacteroidia;o__Bacteroidales;f__Bacteroidaceae;g__Bacteroides;s__Bacteroides_thetaiotaomicron	0.0322186188929	0.0468275462291	-0.0418333845121	0.0149308253162	0.0251696565455	0.0556067838104	-0.0426923423834	0.0426605765963	-0.0441260409752	0.0279294002516	1.0	0.00569988592584	-0.116174423185	-0.0693528477591	0.00727250556352	-0.0135670170537	0.0437150248981	-0.0168866215622	-0.0367038736349	-0.022234407689	-0.00629008809638	0.0321851174433	0.0264096885765	0.0108045457371	-0.00612011996694	-0.0619452376243	0.0413877719832	-0.0234197848382	0.058694279607	-0.00170799799618	0.0549357101879	-0.0582504099418	0.0707962427072	0.0507421487088	-0.00412307424638	-0.025517433978	0.0322272323404	-0.0152084188281	-0.0558907227621	-0.0255008416436	-0.0250720985466	0.00958000733336	-0.0547462652792	0.022135009423	-0.0468631036473	-0.0313327608845	-0.0669526889181	-0.0105659469445	-0.0212472124091	0.0189435970764	-0.0195590436982	-0.025257214586	-0.00609626829649	0.00294397010184	-0.00826087247561	0.0196388311539	0.00982304579491	-0.0478202817279	-0.101332506725
k__Bacteria;p__Bacteroidetes;c__Bacteroidia;o__Bacteroidales;f__Bacteroidaceae;g__Bacteroides;s__Bacteroides_coprocola	0.0333959723103	0.0260609767183	-0.031440101972	-0.0897465870202	-0.0251104401804	0.0286683829294	-0.0229080610393	-0.0389050336298	-0.0074176071617	-0.068419975861	0.00569988592584	1.0	-0.0439718557021	0.0255588119908	-0.016883287602	0.0243771509963	0.00343484454315	-0.0226894150162	0.0135108158586	0.0123700015774	-0.0295144543357	-0.0325592751213	0.0176815987623	-0.0122553443114	-0.0125001211575	-0.00669964959854	-0.0261660652916	-0.0150026009293	-0.00287869374168	0.0442698967451	-0.00769650033034	-0.0424872639744	-0.0392764940373	0.0150553457889	-0.0150496455697	0.0445605436322	0.0364394818661	0.00902006283866	-0.0861355225638	-0.0669915302192	0.0309254485579	0.00961759201415	-0.0410106809489	-0.0620485796256	0.0509580734349	-0.0385028515408	0.07884828147	0.0407749094591	0.0380144897106	-0.0101044468534	-0.0136939611645	-0.03038231576	-0.0609129630551	0.0148144695173	-0.0152129832636	0.0240426010914	-0.0448488854764	0.010425406293	-0.0595335932939
k__Bacteria;p__Bacteroidetes;c__Bacteroidia;o__Bacteroidales;f__Bacteroidaceae;g__Bacteroides;s__Bacteroides_cellulosilyticus	0.0138958844378	-0.0250335941807	-0.0173070558228	-0.0780519461808	0.067347232896	0.00991592224662	-0.0376522946541	0.0378665904056	-0.0136859195309	0.0274364683575	-0.116174423185	-0.0439718557021	1.0	0.0020620019018	-0.043441048833	-0.0128274154754	-0.0209177027432	-0.0254781928084	0.0577228404117	-0.0278968731225	-0.00540859861003	-0.00796987985739	0.0313543603227	-0.0942449697269	0.0322002106559	0.0567016711304	-0.0235009427891	-0.0183772684298	-0.0334514942348	-0.064477084611	0.0531960338962	0.0333531927331	-0.0278315786895	-0.023437639466	-0.0378255194971	0.0268805070634	-0.0200111661788	-0.0208624115774	0.0154956262927	-0.000477579362982	0.00676717106561	0.0243338646527	0.0296280495817	-0.00236461338578	-0.0114565819258	0.0141327991142	-0.0241897168993	-0.0563475190397	-0.0113635683989	0.0218616958334	0.0195920470023	-0.0145696252012	0.010891581744	0.00802974317906	0.0114748839022	0.00929480961151	-0.0387053532412	0.00219557701022	-0.00699658385688
k__Bacteria;p__Bacteroidetes;c__Bacteroidia;o__Bacteroidales;f__Rikenellaceae;g__Alistipes;s__Alistipes_obesi	0.0552982751413	-0.0484292158495	0.0112285068985	0.00190662022618	-0.0358368488704	0.0140588179954	0.0125410855678	0.00864330811895	-0.0147045318481	-0.0402141967806	-0.0693528477591	0.0255588119908	0.0020620019018	1.0	0.0899035714107	-0.0536866174369	-0.0242035220608	-0.0510789606085	-0.0114848404438	-0.0124773778758	-0.0354681209469	0.0880382035115	-0.0299108770562	0.0580001269131	-0.0129368576004	-0.0472386279832	0.036784179619	-0.0331604893518	0.0330061903806	0.032480084527	0.000793312937601	0.017398580216	0.0707608490142	-0.0177512754899	0.0494840653836	0.0148396113774	-0.00041978070849	0.0311511418884	0.000995478584906	-0.056443659161	-0.0145865000255	0.0462596851478	-0.0522974277172	-0.000439692583234	-0.0546901783506	-0.0433824052791	-0.0282946352669	-0.0907518092133	-0.065914298955	0.00582801880097	-0.0354005252059	-0.0229589161128	0.00598049789571	0.00785230950199	-0.0218778796758	0.0163841222556	0.0360625317346	-0.0442385570404	-0.0366365375072
k__Bacteria;p__Firmicutes;c__Clostridia;o__Clostridiales;f__Lachnospiraceae;g__;s__[Eubacterium]_rectale	-0.0683116648435	0.00110201394742	0.0332782399888	-0.00806083756232	-0.0364447560593	-0.0260538382728	-0.0630620789481	-0.00151031363086	-0.0259218057296	-0.0103562469017	0.00727250556352	-0.016883287602	-0.043441048833	0.0899035714107	1.0	-0.0460073878508	0.0233646499894	0.00981462901186	-6.97583906056e-06	-0.0124870911053	0.0431940887011	0.00512583741845	-0.0338877341207	-0.00792711668759	0.0379688719493	0.0405235404378	-0.0402768883485	0.00970612015616	0.0127970026312	0.028081589026	-0.0313940657611	0.0339742787462	-0.0419092744984	0.00776502557322	-0.0114402275814	-0.0161224924747	0.0130362381789	0.0118452200863	0.0392871615865	-0.00435843870738	-0.0323390607469	-0.0594047174976	-0.0035952517511	0.0294769909726	0.00420372282882	-0.0527153845407	-0.0884191850625	-0.0184448789483	0.04752975932	-0.0629308057092	-0.0130381949649	0.00730006162015	0.0209115931421	-0.0397996778412	0.0447762479567	-0.0187836381358	-0.0338091934306	-0.0653018095615	0.000984736175452
k__Bacteria;p__Bacteroidetes;c__Bacteroidia;o__Bacteroidales;f__Bacteroidaceae;g__Bacteroides;s__Bacteroides_plebeius	-0.00124719738308	0.0159039726403	0.059887604451	-0.0601984243931	0.0203202868726	0.00711474899902	-0.0285403319561	0.0138435798978	0.0414472745946	-0.0534621684709	-0.0135670170537	0.0243771509963	-0.0128274154754	-0.0536866174369	-0.0460073878508	1.0	0.0161026935371	-0.0292147658392	-0.0302081655974	-0.0121547756358	0.00287835454054	-0.084463522089	0.0119514240546	-0.0139199058527	0.0322025050903	-0.0159399722614	0.0292217011363	-0.0112296518757	0.0511955152731	0.00530925644914	0.0283964486545	-0.000107848891236	-0.00965522447362	0.0230459462087	-0.00792810579667	0.0338901360024	-0.00994643589951	-0.0311854918199	-0.0133296714049	0.0190942712385	0.0149209912334	0.000639321602032	-0.0122960363715	-0.0144691750908	-0.0476547378603	-0.0279300199989	-0.00850675744618	0.0157048231256	-0.028190589651	-0.0122753304845	-0.0330689726892	-0.0640088635116	0.0454112667886	-0.0360126811809	-0.0232848031131	-0.0305291962394	-0.0784694538445	-0.0242537831415	-0.0474296853203
k__Bacteria;p__Bacteroidetes;c__Bacteroidia;o__Bacteroidales;f__Bacteroidaceae;g__Bacteroides;s__Bacteroides_fragilis	-0.0264623244793	0.0617144999992	0.0195944603132	-0.0404343020721	-0.00524940828764	-0.00345539431324	0.0804848397681	-0.00242472099997	-0.0423050049333	0.0598717905235	0.0437150248981	0.00343484454315	-0.0209177027432	-0.0242035220608	0.0233646499894	0.0161026935371	1.0	0.0469271698712	-0.0638634764286	0.0130344197522	0.023496567533	-0.0712838213924	-0.0514517571379	0.0401744975387	0.00249910390448	-0.0278917319677	-0.0409840614958	-0.0858002109947	0.00144770716674	0.0177640446748	0.047941499576	0.00538481930606	-0.0283166151888	-0.041172915395	-0.03675619527	-0.0563444732344	-0.0159133707771	-0.123334550377	-0.0401443258567	0.0115218533675	0.0127245399695	0.0360644038385	-0.0164668799542	-0.0337433950551	-0.000727918131792	-0.0208662626412	0.061223917679	-0.00776606305319	-0.0775642771863	0.0297165404008	-0.0636670865403	0.050052887712	0.0182150346447	-0.000704747135703	0.0243385798993	-0.00565522689818	-0.0188122264764	0.0346289825535	-0.0241352033054
k__Bacteria;p__Proteobacteria;c__Betaproteobacteria;o__Burkholderiales;f__Sutterellaceae;g__Sutterella;s__Sutterella_wadsworthensis	0.0380172228714	0.0395483914823	-0.032473247579	-0.0316573708945	0.00554907118708	-0.0620612685592	-0.0191600784704	-0.0874677589797	-0.0120448630594	0.00831841125929	-0.0168866215622	-0.0226894150162	-0.0254781928084	-0.0510789606085	0.00981462901186	-0.0292147658392	0.0469271698712	1.0	-0.000913214873172	-0.0326527694959	-0.0429305550702	-0.0292374727365	-0.00395256571451	-0.0356441400871	-0.0183287193168	0.00441157577637	0.0166435308485	-0.0383381961436	-0.0113719328586	-0.0029769628614	-0.00244484248618	-0.0202525898794	0.0597759708373	-0.0268694209956	-0.0264165257935	-0.0128234819516	-0.0279314642327	0.00414546526917	-0.0203971577247	-0.0105487195271	0.00510057297952	-0.0119576663183	0.0458906305669	-0.0573158155664	0.031234631592	0.0417365580359	-0.0343904846999	-0.0106501986122	0.0601955427899	-0.0014718376927	-0.0398903506478	0.0148291964516	0.014871269302	0.026118632551	-0.0218234893246	-0.0964623766872	-0.0259724927781	0.0566215766781	-0.0494223795913
k__Bacteria;p__Bacteroidetes;c__Bacteroidia;o__Bacteroidales;f__Porphyromonadaceae;g__Barnesiella;s__Barnesiella_intestinihominis	-0.0226924592539	-0.0254223490197	-0.0616156633444	0.0273074713015	-0.0536467638567	-0.0685278231176	0.0535324102948	-0.0230181861349	-0.0372863634995	-0.0534113334044	-0.0367038736349	0.0135108158586	0.0577228404117	-0.0114848404438	-6.97583906063e-06	-0.0302081655974	-0.0638634764286	-0.000913214873172	1.0	0.0286468272122	-0.0480559008622	-0.00315708834556	0.0116439747206	-0.022307346655	-0.0118746292589	-0.00741378521653	0.000957590821375	0.0188011244003	0.0100458559712	-0.0374566205573	-0.0250163749154	0.0313621706809	-0.0272214791559	-0.080195317716	-0.0695101979191	0.0182995771342	-0.0663740486157	0.0130520599585	0.0822063126925	-0.0294030475694	0.051536436562	0.0265118285422	-0.00322617852745	0.00103028358786	0.0257749451157	-0.00176521999197	-0.0573496531775	-0.0257434931071	0.0544407399379	0.0129680348435	0.00883153453694	-0.0404509607156	-0.0405039144112	-0.00827720352257	-0.0118451506633	-0.0133367663762	-0.0187706914673	-0.000126224360521	0.00479258039819
k__Bacteria;p__Bacteroidetes;c__Bacteroidia;o__Bacteroidales;f__Odoribacteraceae;g__Odoribacter;s__Odoribacter_splanchnicus	-0.0656042687816	0.00172106154313	-0.0426320761187	-0.0511106081397	-0.00324666437887	-0.049116867057	-0.0796723728029	0.0387821155572	0.0325668037553	0.0101419052152	-0.022234407689	0.0123700015774	-0.0278968731225	-0.0124773778758	-0.0124870911053	-0.0121547756358	0.0130344197522	-0.0326527694959	0.0286468272122	1.0	-0.0327091934143	0.0412103236903	0.0430100246142	-0.0472559288648	0.0518425460991	0.0821927240892	-0.0206360260326	-0.0930168108246	0.026533331625	-0.0128283053644	0.0253156795492	-0.0277687426892	0.0570880702023	-0.0121191469402	0.00843367296244	-0.0172841832289	-0.0174101745997	-0.0307359975696	-0.0127086589498	0.0272185995342	0.0372541972288	-0.0732552960807	-0.0446722798864	-0.00996873190131	-0.0123107294052	-0.0370720261001	-0.0213798212892	0.0325411277477	0.00638961121059	0.0313140515571	-0.0569346581713	-0.0366423733655	0.0176596401405	0.0179790970982	-0.0171681244962	-0.023733406383	-0.0166965494527	0.00465777876326	-0.0111665808326
k__Bacteria;p__Bacteroidetes;c__Bacteroidia;o__Bacteroidales;f__Bacteroidaceae;g__Bacteroides;s__Bacteroides_salyersiae	0.0326379663174	-0.00217267630477	0.00842372770466	0.0203718057916	0.00111873586086	-0.0225742918934	-0.0139818786015	-0.0554634756554	0.0348509022193	0.0254981182026	-0.00629008809638	-0.0295144543357	-0.00540859861003	-0.0354681209469	0.0431940887011	0.00287835454054	0.023496567533	-0.0429305550702	-0.0480559008622	-0.0327091934143	1.0	-0.0302691459955	0.020241329233	0.0164131759969	-0.0288611901649	-0.0268309731024	0.0648014072726	-0.0224951782914	-0.0468761947923	-0.079361387397	-0.0116599114019	-0.0222086924287	0.0185897743631	-0.0444920385489	0.0270195299985	-0.0525626005425	-0.00736811172896	0.0396671853037	-0.0331833179582	-0.0284125833431	0.0369736760573	-0.0516593021392	-0.0236718925815	-0.0323450076017	0.0328213621551	-0.036336941986	0.0113174437125	0.0795159987273	-0.0260165773805	0.00885411830324	0.000565604201173	-0.0166236624076	0.0200526954276	0.0473411604425	0.00320357547342	0.0134154608345	-0.0224664826021	0.0203304502446	0.0177873237268
k__Bacteria;p__Firmicutes;c__Clostridia;o__Clostridiales;f__Ruminococcaceae;g__Ruminiclostridium;s__[Eubacterium]_siraeum	0.0228935564826	0.0241235993067	0.0451526459575	0.0710304090376	-0.0543809032865	-0.0349566797762	0.00182578660633	0.0677400732791	-0.0487186919286	0.0311474565642	0.0321851174433	-0.0325592751213	-0.00796987985739	0.0880382035115	0.00512583741845	-0.084463522089	-0.0712838213924	-0.0292374727365	-0.00315708834556	0.0412103236903	-0.0302691459955	1.0	0.0102019367877	-0.0728318761071	-0.0683199567535	-0.0280957631281	0.0255800671866	-0.012592323962	-0.024184279918	-0.00546088958785	-0.0144393646996	0.0692310948902	-0.04312254546	-0.0253246790513	-0.00087776001909	-0.0310328996188	-0.0266271627952	-0.0353939271171	-0.0500563162714	0.00123613023238	0.00275038168353	-0.01221593288	0.0271775932259	-0.0318938693038	-0.0214827133755	0.0783795308485	-0.0145846240627	-0.0802592309182	-0.033967468901	-0.00644088307665	-0.0358494923497	-0.0266591652078	0.0333853756925	-0.0380247038697	0.0245359960447	-0.0509668005083	-0.0032838193473	0.000406294507558	-0.00651171911157
k__Bacteria;p__Proteobacteria;c__Betaproteobacteria;o__Burkholderiales;f__Sutterellaceae;g__Parasutterella;s__Parasutterella_excrementihominis	-0.0138938947596	-0.0734493190386	-0.0124937073545	-0.0177611911512	0.0957257266863	0.0123943068203	-0.0533889913597	-0.0192325904356	0.0243156672891	0.0296702337827	0.0264096885765	0.0176815987623	0.0313543603227	-0.0299108770562	-0.0338877341207	0.0119514240546	-0.0514517571379	-0.00395256571451	0.0116439747206	0.0430100246142	0.020241329233	0.0102019367877	1.0	-0.0270964314672	-0.0508908299155	0.00991808762022	-0.0396304503495	-0.0235970400841	0.0309676108022	-0.0235393148068	-0.0218955203395	0.0340798331425	0.00445654531284	0.00750348356891	0.00582099813353	0.0231050793847	-0.0228392349863	0.0295764997843	0.0537709011047	0.129744975167	-0.0471594741337	-0.0158359217443	-0.0134349337768	0.0299544130865	-0.00842606468232	0.0233818866036	-0.0318958789899	-0.0189687900274	-0.0231654892517	0.0202264472232	-0.0236593042378	0.0489277129384	0.0285474041188	-0.019495513621	-0.0715945218705	-0.0336835970206	-0.0194580752114	0.0056139038792	-0.0519969782482
k__Bacteria;p__Actinobacteria;c__Actinobacteria;o__Bifidobacteriales;f__Bifidobacteriaceae;g__Bifidobacterium;s__Bifidobacterium_adolescentis	0.00546691929254	2.35138722555e-05	0.0306233146816	0.0284499231051	0.0403364729942	-0.0388452048003	-0.0641360166713	-0.0584827358872	-0.0467390055063	-0.00896203764128	0.0108045457371	-0.0122553443114	-0.0942449697269	0.0580001269131	-0.00792711668759	-0.0139199058527	0.0401744975387	-0.0356441400871	-0.022307346655	-0.0472559288648	0.0164131759969	-0.0728318761071	-0.0270964314672	1.0	-0.0352256715837	-0.00675013012712	0.0517669105234	0.0346476317614	0.00561035488348	0.0651675654382	-0.0570487791884	-0.0231777336306	-0.0228128883219	-0.0537265296305	0.00202044544819	-0.00573011104217	0.00411716046448	0.0366122645432	-0.00475148144853	-0.0510667136338	-0.0037890016812	-0.0308412505503	0.085589286767	-0.0119578840696	0.011396301586	-0.0487490192934	0.0376100608473	0.0532266603725	-0.00822602185891	-0.000787515982625	-0.0107020611343	-0.0183266539708	-0.0428532615048	-0.012627593813	-0.0155359481993	-0.0566880850869	-0.00760377441163	0.00228605566736	-0.00992241608776
k__Bacteria;p__Firmicutes;c__Clostridia;o__Clostridiales;f__Oscillospiraceae;g__Oscillibacter;s__Oscillibacter_sp._KLE_1745	0.0122914281626	0.0283167666213	0.0364524875974	-0.0324819064428	-0.031395459497	0.00223841746971	0.018507763407	-0.0118443408962	0.0625899206723	-0.0018741963149	-0.00612011996694	-0.0125001211575	0.0322002106559	-0.0129368576004	0.0379688719493	0.0322025050903	0.00249910390448	-0.0183287193168	-0.0118746292589	0.0518425460991	-0.0288611901649	-0.0683199567535	-0.0508908299155	-0.0352256715837	1.0	0.0259422964839	0.00305429163364	0.00388594427825	-0.0601586121325	0.0266869450878	0.117234016508	-0.0375763004544	-0.0255668384634	-0.00622707329519	0.0102787217689	0.0244963649594	0.0284064784634	0.000986651810349	0.00251484390059	0.0264095384294	0.0127296168886	-0.0338308149936	-0.0150467909094	0.00130989377686	0.053518505225	0.0139202194588	-0.0449797332506	-0.0188901480351	0.000264081551185	-0.0332590391447	-0.0418763209216	-0.0151157685058	0.00833753246713	0.0390142649151	-0.000102149468453	-0.0262266842827	-0.0298717227177	0.0456684804731	-0.0380350886798
k__Bacteria;p__Bacteroidetes;c__Bacteroidia;o__Bacteroidales;f__Bacteroidaceae;g__Bacteroides;s__Bacteroides_coprophilus	-0.00777802923842	-0.00644355645533	-0.0268934811857	-0.00331030834648	-0.0418846759295	0.0370890067679	-0.0212857050301	0.0288945941432	-0.0100350000331	-0.052499649719	-0.0619452376243	-0.00669964959854	0.0567016711304	-0.0472386279832	0.0405235404378	-0.0159399722614	-0.0278917319677	0.00441157577637	-0.00741378521653	0.0821927240892	-0.0268309731024	-0.0280957631281	0.00991808762022	-0.00675013012712	0.0259422964839	1.0	-0.0352188717992	0.0532219757668	-0.0435759782742	0.00718689885899	0.00552453332316	-0.0112690474559	0.0400038135536	-0.0473196169371	-0.0184385497937	0.056276435308	0.0564068303545	0.00849806995319	0.0523549262456	-0.00464261503726	-0.0464480069128	0.0209679093364	-0.0286450140024	-0.0031260189507	0.00440699290255	0.00458963218976	-0.0123934070329	0.0214505339422	-0.0226001570995	0.0218694389758	-0.0590677899159	0.0270476660813	-0.031795798337	0.000878900589085	-0.0773542545466	-0.0595477985127	-0.0207105427789	0.0507678724984	0.0020192984628
k__Bacteria;p__Firmicutes;c__Clostridia;o__Clostridiales;f__Lachnospiraceae;g__Roseburia;s__Roseburia_intestinalis	-0.0591069573012	-0.0511468458607	0.0343813698468	-0.00684161394823	0.0143841436159	-0.00640006658481	0.00945989162993	-0.0597282528933	-0.0243078622386	-0.0101636532725	0.0413877719832	-0.0261660652916	-0.0235009427891	0.036784179619	-0.0402768883485	0.0292217011363	-0.0409840614958	0.0166435308485	0.000957590821375	-0.0206360260326	0.0648014072726	0.0255800671866	-0.0396304503495	0.0517669105234	0.00305429163364	-0.0352188717992	1.0	-0.0158425310851	-0.0885922640003	0.0105522930163	0.0553519797202	0.0250568536779	-0.0311878958546	-0.0228320820594	-0.01603021558	-0.0521647070524	0.0188890096959	-0.0333163320421	-0.0515429926916	0.0191949045928	0.0407211463709	-0.0579904458022	-0.0794429170304	0.011054585241	-0.0483493307679	-0.0621926525824	0.0116690563283	-0.0490962763073	-0.0422048775352	-0.0092921599102	-0.0180236917743	-0.00175942044622	-0.000944556818824	0.0209416873054	-0.0580669727352	0.0096249342521	-0.0125802690861	0.00663832956539	-0.0214521299494
k__Bacteria;p__Firmicutes;c__Clostridia;o__Clostridiales;f__Lachnospiraceae;g__Roseburia;s__Roseburia_hominis	-0.0605195774326	-0.000963327963792	0.0098164648122	0.0279249126253	0.0150425141741	-0.024878497237	0.0372403809062	0.0273742040396	0.011776295623	0.0553156040364	-0.0234197848382	-0.0150026009293	-0.0183772684298	-0.0331604893518	0.00970612015616	-0.0112296518757	-0.0858002109947	-0.0383381961436	0.0188011244003	-0.0930168108246	-0.0224951782914	-0.012592323962	-0.0235970400841	0.0346476317614	0.00388594427825	0.0532219757668	-0.0158425310851	1.0	-0.055179203974	-0.0454273225991	0.0153781552478	-0.0354198047983	-0.0783032350445	0.0529377120924	-0.0301630677733	0.00164134083298	-0.0183809771034	0.0390809128884	-0.0483662310599	-0.0231293229335	0.0372024760797	0.00267024135957	0.0148151088496	0.0249762138241	-0.0156708161742	-0.0409168255702	-0.0630098271388	-0.00451830881608	-0.0230671245887	0.0577316524743	-0.0119287351522	0.00913972044052	0.00180971418335	0.0059320385904	-0.0269756943373	0.0208629218855	0.0191143822543	-0.000593559232104	-0.0159411716805
k__Bacteria;p__Bacteroidetes;c__Bacteroidia;o__Bacteroidales;f__Porphyromonadaceae;g__Parabacteroides;s__Parabacteroides_johnsonii	0.0874249241747	0.0119538989964	0.0229472253545	0.00925239452706	-0.0164424290528	-0.0116487277492	0.0366852770874	-0.0619607021572	-0.0103408692425	-0.0693619991985	0.058694279607	-0.00287869374168	-0.0334514942348	0.0330061903806	0.0127970026312	0.0511955152731	0.00144770716674	-0.0113719328586	0.0100458559712	0.026533331625	-0.0468761947923	-0.024184279918	0.0309676108022	0.00561035488348	-0.0601586121325	-0.0435759782742	-0.0885922640003	-0.055179203974	1.0	0.00101038862934	-0.0382764267967	-0.0184349443384	-0.00750814793793	-0.0288484129265	0.0211787980829	0.00256201926393	0.0329163661195	0.00592816621804	0.0141600313363	0.00845561161355	0.012576971577	-0.0401602432116	0.0441079548782	0.032868275568	0.0490428801988	0.0306537222193	0.0287680356116	0.0471050858796	-0.075100733112	0.0159741565207	-0.00464918237532	0.0147789883162	-0.0273101905956	-0.00797978843693	-0.0424013621471	0.00529700791559	-0.00774603131027	-0.0677858648428	-0.0595545943966
k__Bacteria;p__Actinobacteria;c__Actinobacteria;o__Bifidobacteriales;f__Bifidobacteriaceae;g__Bifidobacterium;s__Bifidobacterium_longum	0.00147911753847	-0.00843022134369	-0.106205303458	0.0175409743565	0.0871780710522	-0.0196233172466	-0.0519670973847	-0.0238240863912	-0.0543588266543	-0.0850775403436	-0.00170799799618	0.0442698967451	-0.064477084611	0.032480084527	0.028081589026	0.00530925644914	0.0177640446748	-0.0029769628614	-0.0374566205573	-0.0128283053644	-0.079361387397	-0.00546088958785	-0.0235393148068	0.0651675654382	0.0266869450878	0.00718689885899	0.0105522930163	-0.0454273225991	0.00101038862934	1.0	0.0679638871498	-0.0379697019798	-0.0271052007485	-0.0525734794792	0.0238537265211	0.0123799593271	0.0431831640212	-0.0673713976104	-0.0301767881578	-0.0110271671831	0.0254003211032	-0.0521469260975	0.0790439337912	-0.016164641196	-0.0748294146954	0.0110940640499	-0.0212324476027	0.00969519197005	-0.00624214719162	0.0198961297529	-0.0570482878303	-0.0496502489769	-0.0422000580583	0.0353229334359	-0.0798660745803	-0.0336909896997	-0.0745930685257	0.0612400291795	0.030558188624
