#taxonomy	k__Bacteria;p__Bacteroidetes;c__Bacteroidia;o__Bacteroidales;f__Bacteroidaceae;g__Bacteroides;s__Bacteroides_vulgatus	k__Bacteria;p__Bacteroidetes;c__Bacteroidia;o__Bacteroidales;f__Bacteroidaceae;g__Bacteroides;s__Bacteroides_uniformis	k__Bacteria;p__Bacteroidetes;c__Bacteroidia;o__Bacteroidales;f__Rikenellaceae;g__Alistipes;s__Alistipes_putredinis	k__Bacteria;p__Bacteroidetes;c__Bacteroidia;o__Bacteroidales;f__Prevotellaceae;g__Prevotella;s__Prevotella_copri	k__Bacteria;p__Bacteroidetes;c__Bacteroidia;o__Bacteroidales;f__Bacteroidaceae;g__Bacteroides;s__Bacteroides_stercoris	k__Bacteria;p__Bacteroidetes;c__Bacteroidia;o__Bacteroidales;f__Bacteroidaceae;g__Bacteroides;s__Bacteroides_ovatus	k__Bacteria;p__Bacteroidetes;c__Bacteroidia;o__Bacteroidales;f__Rikenellaceae;g__Alistipes;s__Alistipes_shahii	k__Bacteria;p__Firmicutes;c__Clostridia;o__Clostridiales;f__Ruminococcaceae;g__Faecalibacterium;s__Faecalibacterium_prausnitzii	k__Bacteria;p__Bacteroidetes;c__Bacteroidia;o__Bacteroidales;f__Rikenellaceae;g__Alistipes;s__Alistipes_finegoldii	k__Bacteria;p__Bacteroidetes;c__Bacteroidia;o__Bacteroidales;f__Porphyromonadaceae;g__Parabacteroides;s__Parabacteroides_distasonis	k__Bacteria;p__Bacteroidetes;c__Bacteroidia;o__Bacteroidales;f__Bacteroidaceae;g__Bacteroides;s__Bacteroides_thetaiotaomicron	k__Bacteria;p__Bacteroidetes;c__Bacteroidia;o__Bacteroidales;f__Bacteroidaceae;g__Bacteroides;s__Bacteroides_coprocola	k__Bacteria;p__Bacteroidetes;c__Bacteroidia;o__Bacteroidales;f__Bacteroidaceae;g__Bacteroides;s__Bacteroides_cellulosilyticus	k__Bacteria;p__Bacteroidetes;c__Bacteroidia;o__Bacteroidales;f__Rikenellaceae;g__Alistipes;s__Alistipes_obesi	k__Bacteria;p__Firmicutes;c__Clostridia;o__Clostridiales;f__Lachnospiraceae;g__;s__[Eubacterium]_rectale	k__Bacteria;p__Bacteroidetes;c__Bacteroidia;o__Bacteroidales;f__Bacteroidaceae;g__Bacteroides;s__Bacteroides_plebeius	k__Bacteria;p__Bacteroidetes;c__Bacteroidia;o__Bacteroidales;f__Bacteroidaceae;g__Bacteroides;s__Bacteroides_fragilis	k__Bacteria;p__Proteobacteria;c__Betaproteobacteria;o__Burkholderiales;f__Sutterellaceae;g__Sutterella;s__Sutterella_wadsworthensis	k__Bacteria;p__Bacteroidetes;c__Bacteroidia;o__Bacteroidales;f__Porphyromonadaceae;g__Barnesiella;s__Barnesiella_intestinihominis	k__Bacteria;p__Bacteroidetes;c__Bacteroidia;o__Bacteroidales;f__Odoribacteraceae;g__Odoribacter;s__Odoribacter_splanchnicus	k__Bacteria;p__Bacteroidetes;c__Bacteroidia;o__Bacteroidales;f__Bacteroidaceae;g__Bacteroides;s__Bacteroides_salyersiae	k__Bacteria;p__Firmicutes;c__Clostridia;o__Clostridiales;f__Ruminococcaceae;g__Ruminiclostridium;s__[Eubacterium]_siraeum	k__Bacteria;p__Proteobacteria;c__Betaproteobacteria;o__Burkholderiales;f__Sutterellaceae;g__Parasutterella;s__Parasutterella_excrementihominis	k__Bacteria;p__Actinobacteria;c__Actinobacteria;o__Bifidobacteriales;f__Bifidobacteriaceae;g__Bifidobacterium;s__Bifidobacterium_adolescentis	k__Bacteria;p__Firmicutes;c__Clostridia;o__Clostridiales;f__Oscillospiraceae;g__Oscillibacter;s__Oscillibacter_sp._KLE_1745	k__Bacteria;p__Bacteroidetes;c__Bacteroidia;o__Bacteroidales;f__Bacteroidaceae;g__Bacteroides;s__Bacteroides_coprophilus	k__Bacteria;p__Firmicutes;c__Clostridia;o__Clostridiales;f__Lachnospiraceae;g__Roseburia;s__Roseburia_intestinalis	k__Bacteria;p__Firmicutes;c__Clostridia;o__Clostridiales;f__Lachnospiraceae;g__Roseburia;s__Roseburia_hominis	k__Bacteria;p__Bacteroidetes;c__Bacteroidia;o__Bacteroidales;f__Porphyromonadaceae;g__Parabacteroides;s__Parabacteroides_johnsonii	k__Bacteria;p__Actinobacteria;c__Actinobacteria;o__Bifidobacteriales;f__Bifidobacteriaceae;g__Bifidobacterium;s__Bifidobacterium_longum	k__Bacteria;p__Firmicutes;c__Clostridia;o__Clostridiales;f__;g__Flavonifractor;s__Flavonifractor_plautii	k__Bacteria;p__Firmicutes;c__Clostridia;o__Clostridiales;f__Clostridiaceae;g__Clostridium;s__Clostridium_phoceensis	k__Bacteria;p__Verrucomicrobia;c__Verrucomicrobiae;o__Verrucomicrobiales;f__Akkermansiaceae;g__Akkermansia;s__Akkermansia_muciniphila	k__Bacteria;p__Bacteroidetes;c__Bacteroidia;o__Bacteroidales;f__Prevotellaceae;g__Paraprevotella;s__Paraprevotella_xylaniphila	k__Bacteria;p__Firmicutes;c__Clostridia;o__Clostridiales;f__Ruminococcaceae;g__Ruminococcus;s__Ruminococcus_callidus	k__Bacteria;p__Bacteroidetes;c__Bacteroidia;o__Bacteroidales;f__Rikenellaceae;g__Alistipes;s__Alistipes_senegalensis	k__Bacteria;p__Firmicutes;c__Clostridia;o__Clostridiales;f__Lachnospiraceae;g__Blautia;s__Blautia_sp._KLE_1732	k__Bacteria;p__Bacteroidetes;c__Bacteroidia;o__Bacteroidales;f__Bacteroidaceae;g__Bacteroides;s__Bacteroides_oleiciplenus	k__Bacteria;p__Firmicutes;c__Clostridia;o__Clostridiales;f__Ruminococcaceae;g__Ruminococcus;s__Ruminococcus_bicirculans	k__Bacteria;p__Bacteroidetes;c__Bacteroidia;o__Bacteroidales;f__Bacteroidaceae;g__Bacteroides;s__Bacteroides_fluxus	k__Bacteria;p__Bacteroidetes;c__Bacteroidia;o__Bacteroidales;f__Prevotellaceae;g__Prevotella;s__Prevotella_stercorea	k__Bacteria;p__Firmicutes;c__Clostridia;o__Clostridiales;f__Lachnospiraceae;g__Dorea;s__Dorea_longicatena	k__Bacteria;p__Firmicutes;c__Clostridia;o__Clostridiales;f__Eubacteriaceae;g__Eubacterium;s__[Eubacterium]_eligens	k__Bacteria;p__Firmicutes;c__Clostridia;o__Clostridiales;f__Ruminococcaceae;g__;s__Ruminococcaceae_bacterium_D16	k__Bacteria;p__Firmicutes;c__Clostridia;o__Clostridiales;f__Lachnospiraceae;g__Coprococcus;s__Coprococcus_comes	k__Bacteria;p__Proteobacteria;c__Gammaproteobacteria;o__Enterobacterales;f__Enterobacteriaceae;g__Escherichia;s__Escherichia_coli	k__Bacteria;p__Firmicutes;c__Clostridia;o__Clostridiales;f__Ruminococcaceae;g__Anaerotruncus;s__Anaerotruncus_colihominis	k__Bacteria;p__Firmicutes;c__Clostridia;o__Clostridiales;f__Lachnospiraceae;g__Blautia;s__Blautia_obeum	k__Bacteria;p__Bacteroidetes;c__Bacteroidia;o__Bacteroidales;f__Odoribacteraceae;g__Odoribacter;s__Odoribacter_laneus	k__Bacteria;p__Firmicutes;c__Clostridia;o__Clostridiales;f__Ruminococcaceae;g__Ruminiclostridium;s__[Clostridium]_leptum	k__Bacteria;p__Bacteroidetes;c__Bacteroidia;o__Bacteroidales;f__Porphyromonadaceae;g__Parabacteroides;s__Parabacteroides_goldsteinii	k__Bacteria;p__Firmicutes;c__Clostridia;o__Clostridiales;f__Lachnospiraceae;g__Anaerostipes;s__Anaerostipes_hadrus	k__Bacteria;p__Firmicutes;c__Clostridia;o__Clostridiales;f__Ruminococcaceae;g__Ruminococcus;s__Ruminococcus_lactaris	k__Bacteria;p__Firmicutes;c__Clostridia;o__Clostridiales;f__Clostridiaceae;g__Clostridium;s__Clostridium_sp._L2-50	k__Bacteria;p__Firmicutes;c__Clostridia;o__Clostridiales;f__Clostridiaceae;g__Clostridium;s__Clostridium_sp._M62/1	k__Bacteria;p__Firmicutes;c__Clostridia;o__Clostridiales;f__;g__Intestinimonas;s__Intestinimonas_butyriciproducens	k__Bacteria;p__Actinobacteria;c__Actinobacteria;o__Bifidobacteriales;f__Bifidobacteriaceae;g__Bifidobacterium;s__Bifidobacterium_bifidum	k__Bacteria;p__Firmicutes;c__Negativicutes;o__Veillonellales;f__Veillonellaceae;g__Dialister;s__Dialister_invisus	k__Bacteria;p__Bacteroidetes;c__Bacteroidia;o__Bacteroidales;f__Bacteroidaceae;g__Bacteroides;s__Bacteroides_salanitronis
k__Bacteria;p__Bacteroidetes;c__Bacteroidia;o__Bacteroidales;f__Bacteroidaceae;g__Bacteroides;s__Bacteroides_vulgatus	1.0	0.00791130140349	0.0069876171558	-0.0771258688799	-0.0322848525586	-0.00244783700237	-0.053167848646	0.0248096597867	-0.0400506953032	-0.0151962857338	0.0445713974875	-0.0117177670545	0.0234513868145	0.0450306951242	0.0149180620007	0.0487512366419	-0.0346510787251	0.000317307352609	-0.0560657960094	0.00262683155167	0.0512981393071	0.00972201778849	0.0120557278523	-0.00915964410466	-0.00559997765996	0.0221612578021	-0.0314026131551	-0.00238732748765	-0.0543435883546	-0.00389931765107	-0.0235786157356	-0.0169829151764	-0.0548222802727	-0.01443108898	-0.0104729388608	0.00307061184038	-0.065480266981	0.0258913069843	-0.0649200087396	-0.0404019139658	-0.0270190259915	0.0456187570198	0.0209839189268	-0.0827552083995	-0.0425000916808	-0.0186235654075	-0.0280662364209	-0.046266483876	-0.00660789766335	0.00814647530602	0.0723772690344	0.0320279594658	0.0537921080228	0.051189662116	0.0362438785144	-0.0290340776256	-0.0137134454056	0.00692297846698	0.0558535595634
k__Bacteria;p__Bacteroidetes;c__Bacteroidia;o__Bacteroidales;f__Bacteroidaceae;g__Bacteroides;s__Bacteroides_uniformis	0.00791130140349	1.0	0.0834081312557	-0.0303053310435	-0.00809574104346	-0.0232941019474	0.0251525170514	-0.0326108320561	-0.00897681278894	0.0321639400381	-0.0244871484093	4.06168589743e-05	-0.0608507966173	-0.067029159872	-0.0513016421128	-0.0562313057021	-0.0479144207378	-0.00754487328573	-0.0425928066969	0.0224812421477	-0.0227176113846	-0.040166426112	0.0185004727436	-0.0588543950271	-0.0491845567469	0.0132047016941	0.00903465441984	-0.0158895042926	-0.0151962176269	-0.00808655349274	-0.00951531329828	-0.0402483033858	-0.022457918008	0.0114092885548	-0.0519602979048	-0.0308036227666	-0.0389097844953	0.00768569837396	0.0601223554633	-0.0560281556212	-0.0623367895109	-0.0550149452033	-0.00788831588289	0.0658763417871	-0.045793899196	0.0513162244196	-0.0102578252818	0.0173805292093	0.0223650076238	0.0667878845698	-0.0473073265486	0.0196307962712	0.039952849562	0.0726439258065	-0.000238226154533	-0.00952044830409	-0.0180400459747	-0.024382517121	0.0387091282549
k__Bacteria;p__Bacteroidetes;c__Bacteroidia;o__Bacteroidales;f__Rikenellaceae;g__Alistipes;s__Alistipes_putredinis	0.0069876171558	0.0834081312557	1.0	0.0447314543352	-0.021945058334	-0.0288590121229	-0.0666729920269	0.0314174279575	-0.040261942617	-0.0294733011443	0.0149437269718	0.0144463047878	0.0709965050419	-0.0591851419738	0.00578604344847	-0.0545967189305	-0.0055405389991	0.000957684845133	-0.0110444941999	-0.0633862483098	-0.0140161520827	-0.0430540809072	-0.0127040718556	-0.0461831770323	-0.010475838187	0.0275095393175	0.0302590421206	-0.0293891321735	0.0141561825523	-0.0325015312088	0.0108969107241	-0.0233823329661	0.00328590609454	0.00906644586215	0.00793818933502	-0.0377614510266	0.00301815788389	-0.0208685491296	-0.0449672308393	-0.0715087930569	-0.0267883550106	-0.0587008701179	-0.0497781084241	-0.0105740998015	0.0402307503968	0.0286985006102	0.0130048440023	0.0451099952694	-0.0563919633279	0.0362628230005	-0.0640221196067	0.0111506662156	0.00152764706287	0.0171126526838	0.00376504297104	0.0119661542655	-0.0508505214753	-0.0244811325775	0.0622654518861
k__Bacteria;p__Bacteroidetes;c__Bacteroidia;o__Bacteroidales;f__Prevotellaceae;g__Prevotella;s__Prevotella_copri	-0.0771258688799	-0.0303053310435	0.0447314543352	1.0	0.017602937447	0.0363886208685	0.013843357265	0.00278403686388	-0.0603359229641	-0.00665399250163	-0.0224632288165	-0.0251594817785	0.00341105722982	-0.0768203321264	-0.0313549827624	-0.0574292982863	0.0308656085355	-0.0485562580148	0.0510717365685	-0.0331485807243	-0.0633492325314	-0.0069231419473	-0.0264179753877	-0.0133956905921	0.0040635788033	-0.066265112016	0.0104542571787	-0.00861010263728	-0.00756841849669	-0.017218902349	0.0586885228559	-0.030737676361	-0.0610239441528	0.0457615824051	0.0205008630281	0.0181508204286	-0.000116581569169	0.00132942234312	-0.0479852978508	0.0508585247071	-0.0557436086728	0.0146427484054	-0.00591506633674	-0.0245833772593	0.0102969492479	0.00897714255452	-0.0185462043059	0.0472974149945	-0.0206642516468	-0.0860442755281	0.0260601153047	0.00442245453043	0.00881889821559	0.005070441236	-0.00931811064689	-0.0269709561551	-0.0304953994645	-0.075442082779	0.0873456336808
k__Bacteria;p__Bacteroidetes;c__Bacteroidia;o__Bacteroidales;f__Bacteroidaceae;g__Bacteroides;s__Bacteroides_stercoris	-0.0322848525586	-0.00809574104346	-0.021945058334	0.017602937447	1.0	0.0135379739016	-0.0125448325124	-0.0211754197629	-0.000436172556811	0.0167244966405	-0.0848243789944	-0.0109249749153	0.0593038753409	-0.00119646526844	-0.0350354848699	0.00834268115322	-0.039887258671	-0.0243368365894	0.032214412914	0.019757814869	-0.0228506738838	-0.0504665568146	-0.0105398463178	-0.0046227548374	0.0191207620485	-0.0440165486599	0.0414955473084	-0.0520670340764	0.0556120967037	-0.0466652166235	-0.00722165448676	0.06224716204	0.00872891735746	0.0767667480774	0.0103438267985	0.0320040979887	0.0238429669579	-0.0338649897641	-0.0309605454674	0.0147597938199	-0.0217391541073	0.0140980846155	-0.0400217706374	0.045236085614	-0.0771490413246	-0.0585778981134	0.0341955362325	-0.0487969103665	-0.0113934811263	0.0399049096503	-0.00448784273174	-0.0381946934576	0.0384774931423	0.01786925492	-0.0104649703296	-0.116767910856	0.00829354954158	-0.0667574778086	0.0453848738051
k__Bacteria;p__Bacteroidetes;c__Bacteroidia;o__Bacteroidales;f__Bacteroidaceae;g__Bacteroides;s__Bacteroides_ovatus	-0.00244783700237	-0.0232941019474	-0.0288590121229	0.0363886208685	0.0135379739016	1.0	-0.0201702228953	-0.0321150904861	-0.0169835693821	-0.0496229518888	-0.0651914841376	-0.0451863441367	-0.0557709790192	0.0279769938588	-0.0553230488828	-0.0338356994258	0.0240467582585	0.00614971876082	0.00129677068873	-0.0690452442172	-0.0127248564708	0.0192296066556	-0.0474203688775	0.0185163123999	0.0413132245926	-0.0576550872475	0.0678807163284	0.0169379029809	0.0409086351693	-0.0300049559023	-0.030424139501	-0.0532571066895	0.0140878063139	-0.0368724918611	-0.0529786214898	0.00230249836783	0.0125524521376	-0.00664590500851	-0.0487602413584	0.0403368350166	0.0195845242649	-0.0128251827366	-0.00881028345595	-0.0416261893663	-0.00539318683685	-0.0242352129804	0.03594185969	-0.021798278108	-0.0243308107876	0.0507610567506	0.0372673136133	-0.00273074236838	-0.00269532129462	-0.0125974718683	-0.0379448568507	-0.013549764208	0.00497460807643	-0.0125810821018	-0.0220808831388
k__Bacteria;p__Bacteroidetes;c__Bacteroidia;o__Bacteroidales;f__Rikenellaceae;g__Alistipes;s__Alistipes_shahii	-0.053167848646	0.0251525170514	-0.0666729920269	0.013843357265	-0.0125448325124	-0.0201702228953	1.0	-0.0604331974074	-0.00865756920234	0.0235831137398	0.0311290162857	-0.0434518719033	-0.059660624025	-0.00272381852809	-0.0172641157023	-0.0915856538727	-0.0402613307789	-0.00931595288678	0.00825514430832	-0.0390363095368	0.0360063445544	-0.0535518409703	-0.0367405307011	-0.0395382329743	0.0137737592861	-0.010643732293	-0.0229305327424	0.0046111972108	0.0155746716806	0.0706706865365	0.0413687354948	0.0249260702222	-0.0378128767596	0.018938344469	-0.00775428787111	0.0271747912561	0.0122493291616	0.0224713368815	-0.0366595437954	-0.000407540180953	0.0636315838504	-0.0309791486589	0.0431662384566	0.0113257901877	0.0226954869392	-0.0567921777145	-0.0472918934818	-0.0238482827227	0.0295431419363	-0.103845933894	-0.0200519795088	0.032152971745	0.00156042081647	-0.0342036592258	-0.0460763520538	-0.0277838220478	-0.00307065786943	0.018313986497	-0.00868177003001
k__Bacteria;p__Firmicutes;c__Clostridia;o__Clostridiales;f__Ruminococcaceae;g__Faecalibacterium;s__Faecalibacterium_prausnitzii	0.0248096597867	-0.0326108320561	0.0314174279575	0.00278403686388	-0.0211754197629	-0.0321150904861	-0.0604331974074	1.0	-0.0673158612525	0.0164726651941	0.0103077092412	0.0119785604739	-0.00169850905921	-0.00636472505438	-0.00933448967577	-0.017147102011	0.0234490327268	0.0705291424705	-0.0156716306928	-0.01834521606	0.00369867125519	-0.00275621818394	0.0416807827252	-0.0179821128692	-0.0084744405684	-0.00634407317915	-0.0258121779835	-0.0118152145843	-0.0287413508858	0.0745812340427	-0.00832586827677	-0.0191991843723	-0.102601707459	-0.0162323461248	0.00970954804427	0.00297058430961	0.0161769334282	-0.022159396392	0.0247436146325	0.0353654876528	0.0235935128418	0.0185533743161	-0.0542077621367	-0.0602801703571	-0.0111190584662	-0.0304264634378	-0.0373259439165	-0.00808671886449	0.016583756089	0.00159533842555	-0.0054850154525	-0.0685282713677	-0.0377255640737	-0.034707589718	-0.0106113507426	-0.0493983516161	0.0174895322181	0.0254942463578	-0.101711453593
k__Bacteria;p__Bacteroidetes;c__Bacteroidia;o__Bacteroidales;f__Rikenellaceae;g__Alistipes;s__Alistipes_finegoldii	-0.0400506953032	-0.00897681278893	-0.040261942617	-0.0603359229641	-0.000436172556811	-0.0169835693821	-0.00865756920234	-0.0673158612525	1.0	-0.0146203680896	0.00487711971394	0.00933480557394	-0.0700836680265	-0.0166866798608	-0.00725089192813	-0.0370890713612	0.00733981568295	0.0181515339323	0.0479383911663	-0.000780007108453	0.0167972823024	-0.00970472083775	-0.00515781196416	-0.0405977793595	-0.0295512368415	0.0669405449671	-0.0108573099294	-0.0516986844921	-0.0293418601617	-0.0631597702443	0.00698276180925	0.0408854876726	0.0591955751728	-0.0218433282659	0.00958871538089	0.0660375507519	-0.0299400806704	0.0389515286154	-0.00395804516302	-0.0291169295655	-0.0357594634326	-0.0238183576152	-0.0194903975528	-0.00243844719492	-0.0133521801079	-0.0425177010697	-0.0141627767282	0.0117852194678	-0.00642675089903	0.0198286859434	-0.0397070735807	0.0178188784051	0.047796008232	-0.0162430658283	-0.0577921574602	0.0314728127645	0.02658492929	0.0362157396301	-0.050812380664
k__Bacteria;p__Bacteroidetes;c__Bacteroidia;o__Bacteroidales;f__Porphyromonadaceae;g__Parabacteroides;s__Parabacteroides_distasonis	-0.0151962857338	0.0321639400381	-0.0294733011443	-0.00665399250163	0.0167244966405	-0.0496229518888	0.0235831137398	0.0164726651941	-0.0146203680896	1.0	-0.0305694671233	0.0732012924544	0.078274987141	-0.0859926402402	-0.0623883238067	-0.0354828878855	-0.022485207871	-0.0669290158861	-0.0213601680231	0.0105380539834	-0.073638863533	0.0386035320804	-0.0259605982671	-0.0509870344153	0.00143549445879	0.0335285334331	0.0461955599577	0.0335195232343	0.000271780142995	-0.00998830725407	-0.0203013973605	-0.0180330070847	-0.0737918882756	0.0445289027908	-0.0747537845184	-0.0165449741599	-0.0187345081682	-0.0585752195368	0.00776868490109	0.00739917615144	0.0161719075948	-0.0570583774328	-0.0722004410999	-0.0671873476138	-0.0142886394728	0.00295303318637	0.0668620614996	0.0241852322056	0.0200474619195	-0.0286085487528	-0.0308370555022	-0.0314504246078	-0.00173142619199	0.017297656015	0.0128405208715	-0.0412569927621	-0.00767192794659	-0.0714327400348	0.0971748666512
k__Bacteria;p__Bacteroidetes;c__Bacteroidia;o__Bacteroidales;f__Bacteroidaceae;g__Bacteroides;s__Bacteroides_thetaiotaomicron	0.0445713974875	-0.0244871484093	0.0149437269718	-0.0224632288165	-0.0848243789944	-0.0651914841376	0.0311290162857	0.0103077092412	0.00487711971394	-0.0305694671233	1.0	-0.0580246891198	0.0169439653952	0.00772412754511	0.0303820044402	-0.0160860276879	0.0178871860463	0.00639397997532	0.0337992566943	-0.0192289749062	0.0590841288281	0.0505527755879	-0.026760290402	-0.0421364604534	0.0279167743269	-0.029177876822	-0.0186465497713	-0.0475486580099	-0.0157317295437	-0.0338067946337	0.000760741352139	-0.059233914984	-0.0262579593556	-0.0577392549316	0.0272000118129	-0.0226156707953	-0.0209121788911	-0.0677592055496	-0.0317611588295	0.00649185305216	-0.031932481368	0.0167304530093	0.00960211536144	0.0249846883219	0.0443605318512	0.01010885811	-0.082263090057	0.00534271637089	-0.0464957952847	-0.0247391488982	-0.0214340334982	0.0068786086736	-0.0219887914274	0.0393372994268	-0.0254125182578	0.00482394821266	0.0237189041817	-0.0278048928188	0.0260409765255
k__Bacteria;p__Bacteroidetes;c__Bacteroidia;o__Bacteroidales;f__Bacteroidaceae;g__Bacteroides;s__Bacteroides_coprocola	-0.0117177670545	4.06168589743e-05	0.0144463047878	-0.0251594817785	-0.0109249749153	-0.0451863441367	-0.0434518719033	0.0119785604739	0.00933480557394	0.0732012924544	-0.0580246891198	1.0	0.0216762047278	-0.0508001232507	-0.0985106378847	0.00714062612337	-0.0629270832376	0.0347773535978	-0.0120374902472	0.0579722796634	0.0350130717515	0.0318640796309	-0.0231365761193	0.0281504046666	-0.0407356019801	0.0553484838545	0.00237950059983	-0.0117178503102	-0.0288907999311	0.0241431003125	0.0187766565998	0.0176544236206	-0.0627855197169	-0.0243867425389	-0.0331112071294	-0.0107918437781	-0.00848046645167	-0.0382448126044	0.0789850503563	-0.00372879563356	0.0278974930053	-0.00611348554917	0.00707383919358	-0.0755031980719	0.0513106462877	-0.0085271055791	0.0255231271286	-0.0116069631952	-0.085457741663	-0.00590453335899	-0.0190464345638	-0.0485720450187	-0.0129201931492	-0.0231700386903	0.0276882881094	-0.00300514705164	-0.00406076943946	-0.0142614452719	0.0198528239688
k__Bacteria;p__Bacteroidetes;c__Bacteroidia;o__Bacteroidales;f__Bacteroidaceae;g__Bacteroides;s__Bacteroides_cellulosilyticus	0.0234513868145	-0.0608507966173	0.0709965050419	0.00341105722982	0.0593038753409	-0.0557709790192	-0.059660624025	-0.00169850905921	-0.0700836680265	0.078274987141	0.0169439653952	0.0216762047278	1.0	-0.0366639717164	-0.0571755704558	-0.0179104618678	0.0127253587162	-0.0218904977501	-0.0613808648041	-0.0427539424361	-0.0202062751292	-0.0684091296449	0.0395121068588	-0.055176369953	0.0679579157258	-0.047074079754	0.0304543464146	0.0356788422595	-0.0101052981615	-0.00315090204271	-0.034760529425	0.0416285974359	-0.0032712859857	-0.00519197625587	-0.0221018746837	0.0448534642918	0.00128935577799	0.0327346136396	-0.0478534144161	-0.0626786239973	-0.0147410406791	-0.042883868271	0.00709381659425	-0.0469141082818	-0.0101156449405	-0.0293165984065	0.0214045224898	-0.0344873939823	-0.00913541438259	-0.0373444654256	0.0274804105158	-0.0342551191516	0.00706877836661	-0.0392484782462	-0.0305879372764	-0.0243818469058	-0.0441091716077	-0.0470477340456	-0.0203256425871
k__Bacteria;p__Bacteroidetes;c__Bacteroidia;o__Bacteroidales;f__Rikenellaceae;g__Alistipes;s__Alistipes_obesi	0.0450306951242	-0.067029159872	-0.0591851419738	-0.0768203321264	-0.00119646526844	0.0279769938588	-0.00272381852809	-0.00636472505438	-0.0166866798608	-0.0859926402402	0.00772412754511	-0.0508001232507	-0.0366639717164	1.0	-0.0519492375192	-0.0131193512022	-0.0180871559018	-0.0255888184056	0.0198857105899	-0.0209583825046	0.0103910612633	0.016569136513	-0.0933508246162	-0.031932014475	0.0108673488599	-0.0565492319283	0.0095949865273	-0.0647198345129	0.048947148195	0.0143785786754	-0.115492538598	-0.0479438972641	-0.044260217787	-0.0399287327048	0.0390914555844	-0.0123262647273	0.0197900502491	-0.0140782816606	0.00423676958696	-0.062018336036	-0.011757630187	-0.0256543251363	-0.0282314401234	0.0251730198973	-0.0418298287126	-0.0212578989724	-0.0762187654967	-0.0181275249838	-0.0312421090296	0.0387448194573	-0.00873622188003	0.00960036109141	0.0410611432675	-0.0124467196738	0.0360465588002	-0.00219095597008	-0.00298907755102	-0.0060509971174	0.0546809805502
k__Bacteria;p__Firmicutes;c__Clostridia;o__Clostridiales;f__Lachnospiraceae;g__;s__[Eubacterium]_rectale	0.0149180620007	-0.0513016421128	0.00578604344847	-0.0313549827624	-0.0350354848699	-0.0553230488828	-0.0172641157023	-0.00933448967577	-0.00725089192813	-0.0623883238067	0.0303820044402	-0.0985106378847	-0.0571755704558	-0.0519492375192	1.0	-0.0123569695868	-0.00253401629955	0.0183653371094	-0.00381141850822	-0.0256616656123	0.074291937831	-0.0197248153094	0.0812229516145	-0.00561575591665	0.0322857194973	0.00856347641851	0.0244854039341	-0.0220238537716	-0.0143905710715	-0.0722607021995	-0.0271886670959	0.0192269779413	0.03192815557	-0.0255592047948	-0.0120674900761	-0.00897871603925	-0.0713902275304	-0.0558069354824	0.00894579049281	-0.0455139149368	-0.0238229318495	-0.0668594812174	-0.0399931853423	-0.015489483425	0.0238012726352	0.0352894420552	-0.0252582670566	0.0160033529149	-0.036950442682	0.0236342973239	-0.0146804211689	-0.0182215620822	0.0005938117942	-0.0604851300178	0.0488711198605	0.0227205731248	-0.0251566186291	-0.0205149757429	-0.0391965167397
k__Bacteria;p__Bacteroidetes;c__Bacteroidia;o__Bacteroidales;f__Bacteroidaceae;g__Bacteroides;s__Bacteroides_plebeius	0.0487512366419	-0.0562313057021	-0.0545967189305	-0.0574292982863	0.00834268115322	-0.0338356994258	-0.0915856538727	-0.017147102011	-0.0370890713612	-0.0354828878855	-0.0160860276879	0.00714062612337	-0.0179104618678	-0.0131193512022	-0.0123569695868	1.0	-0.0777243596142	0.0376979353497	-0.04322114174	-0.0160371703012	-0.0103670160043	0.0708071042112	-0.0134153868059	0.0418522776972	0.035679046383	-0.0263366461057	-0.0778057565778	-0.00651683054424	0.00818585742975	0.0145155373598	-0.0129360614895	-0.0199915617498	0.00708890622161	-0.0347023626342	-0.00931090283873	-0.0493928149622	-0.010690185854	0.0372503897241	-0.00437757053057	0.0647057719316	0.0334169722031	0.00108235560539	-0.045361930272	0.0409775810614	0.0328830013245	9.87137361468e-05	-0.039873465553	-0.0324332207269	-0.0521225637703	0.0328354895354	-0.00701792329729	-0.0113264056246	-0.0880403670602	0.0162722459065	-0.0376109491855	-0.0358997190859	0.0278230777811	0.057708630666	-0.0443469133651
k__Bacteria;p__Bacteroidetes;c__Bacteroidia;o__Bacteroidales;f__Bacteroidaceae;g__Bacteroides;s__Bacteroides_fragilis	-0.0346510787251	-0.0479144207378	-0.0055405389991	0.0308656085355	-0.039887258671	0.0240467582585	-0.0402613307789	0.0234490327268	0.00733981568295	-0.022485207871	0.0178871860463	-0.0629270832376	0.0127253587162	-0.0180871559018	-0.00253401629955	-0.0777243596142	1.0	-0.0100274994268	-0.0147029928718	0.00379755664171	-0.0497466761365	0.0320386040404	0.0113740135259	0.0242646656653	-0.0369176981423	0.01335791074	-0.0172819987064	-0.0178298229392	-0.0108753242949	0.00031119865539	0.0160782334866	0.0186839228755	-0.00791110345292	-0.0254140617075	-0.0637258072818	-0.0114340613553	-0.0368991674026	0.0086296812106	0.00743563454012	-0.00930627467808	0.00846099381721	-0.0675350338804	0.0403861530694	0.0358673156977	-0.027273680797	-0.0123540945217	-0.00440415202883	-0.0300393531488	0.0585718545705	-0.0283716915456	0.017921871419	0.00781787573749	-0.0429959044038	-0.00993521742347	-0.0165115410918	-0.0101448536533	-0.0157941990135	0.00458418673094	-0.0183470111092
k__Bacteria;p__Proteobacteria;c__Betaproteobacteria;o__Burkholderiales;f__Sutterellaceae;g__Sutterella;s__Sutterella_wadsworthensis	0.000317307352609	-0.00754487328573	0.000957684845133	-0.0485562580148	-0.0243368365894	0.00614971876082	-0.00931595288678	0.0705291424705	0.0181515339323	-0.0669290158861	0.00639397997532	0.0347773535978	-0.0218904977501	-0.0255888184056	0.0183653371094	0.0376979353497	-0.0100274994268	1.0	0.00969647907494	-0.00360077939108	-0.00285617202337	0.0259181794135	-0.0526135389554	-0.0214299867928	-0.0271454010087	0.0514710444375	0.0135233940437	-0.0185038724383	0.0229432994035	0.00213810867919	-0.0295378155323	-0.0135628663994	0.0348840069082	-0.029893806998	0.0258038389352	-0.059344808897	0.0120812619944	-0.0362663029663	-0.0252237635919	-0.0179996686898	0.0508867732519	-0.0110041780971	0.00343875018378	-0.0277631918745	-0.0542402761075	-0.0399027370063	-0.00231116959082	0.00839233849301	-0.0247350394477	0.0449234732298	0.0282551400762	0.0555042363583	0.0305380556609	-0.0573724757422	-0.00342858167216	-0.0668672260251	-0.0317769041546	-0.0251307903358	-0.0606342180669
k__Bacteria;p__Bacteroidetes;c__Bacteroidia;o__Bacteroidales;f__Porphyromonadaceae;g__Barnesiella;s__Barnesiella_intestinihominis	-0.0560657960094	-0.0425928066969	-0.0110444941999	0.0510717365685	0.032214412914	0.00129677068873	0.00825514430832	-0.0156716306928	0.0479383911663	-0.0213601680231	0.0337992566943	-0.0120374902472	-0.0613808648041	0.0198857105899	-0.00381141850822	-0.04322114174	-0.0147029928718	0.00969647907494	1.0	-0.0804817443312	-0.0326762762659	0.0426036133129	0.0162300868681	-0.0491379648999	0.0218212363765	0.00741703834824	0.0479503625986	0.0500995005551	-0.000933395872419	0.064214893756	0.00455969751669	0.0116161186103	0.0410216980003	-0.0478796231409	-0.03218002688	0.00810512517376	-0.0139661628586	-0.0242021950998	-0.0876334053977	0.0661422117165	-0.0230797213052	0.0375866272486	0.0190562144689	-0.00852111167642	-0.0864134316549	-0.0366008223586	0.00108632625903	-0.0300243837548	-0.0684916016661	-0.0215428092412	0.0519893915671	-0.0196424007779	-0.000511664130635	0.019723964002	-0.000167326912029	-0.0270984704377	-0.0224848923718	-0.0306021837012	-0.0552571726888
k__Bacteria;p__Bacteroidetes;c__Bacteroidia;o__Bacteroidales;f__Odoribacteraceae;g__Odoribacter;s__Odoribacter_splanchnicus	0.00262683155167	0.0224812421477	-0.0633862483098	-0.0331485807243	0.019757814869	-0.0690452442172	-0.0390363095368	-0.01834521606	-0.000780007108453	0.0105380539834	-0.0192289749062	0.0579722796634	-0.0427539424361	-0.0209583825046	-0.0256616656123	-0.0160371703012	0.00379755664171	-0.00360077939108	-0.0804817443312	1.0	0.0381149423976	-0.00662096031175	0.00438574381794	0.00690392217809	-0.0163123447062	-0.004415288255	-0.0110617419633	-0.0393021498888	0.00542248975779	-0.0438703002332	-0.0432054450751	-0.0111330333604	-0.00747443301435	-0.00190881667956	-0.0509274862677	0.016752485412	0.0244335992027	0.0325923532254	-0.0100407566659	-0.0582344403696	-0.0047873071335	0.0290006469361	0.00841377222919	-0.0502477365998	-0.0341211827886	0.0240468342708	0.0800512270592	0.0153556703321	0.0269802798308	-0.0355288403946	-0.00261327184326	0.00928762913663	0.013894147922	-0.0137256831504	-0.00923996006774	-0.0156431515767	-0.0215929116539	0.032851420968	0.0121650453658
k__Bacteria;p__Bacteroidetes;c__Bacteroidia;o__Bacteroidales;f__Bacteroidaceae;g__Bacteroides;s__Bacteroides_salyersiae	0.0512981393071	-0.0227176113846	-0.0140161520827	-0.0633492325314	-0.0228506738838	-0.0127248564708	0.0360063445544	0.00369867125519	0.0167972823024	-0.073638863533	0.0590841288281	0.0350130717515	-0.0202062751292	0.0103910612633	0.074291937831	-0.0103670160043	-0.0497466761365	-0.00285617202337	-0.0326762762659	0.0381149423976	1.0	0.0296761931261	-0.00804183285898	0.00542933013751	0.0156495885702	-0.00567286828065	0.00286789996104	-0.043013558653	0.0193642133417	-0.0307731105583	-0.0630686943322	0.00526266756902	0.0623515857425	-0.0194490807108	0.00821945764811	-0.0233043907635	-0.0276611491034	-0.0215265943955	0.0239142931248	-0.00558141031487	-0.00989954908288	-0.0105632888585	-0.0201405038128	-0.0419436255675	0.0230980916675	-0.0135657756226	-0.02949829026	0.0201942373249	0.106910105259	-0.0516662649107	0.0122519238622	-0.0202437941977	0.0254686767346	-0.0776745420298	-0.0558792005233	-0.00300282359796	0.0131748324337	-0.00562787399252	-0.051637790177
k__Bacteria;p__Firmicutes;c__Clostridia;o__Clostridiales;f__Ruminococcaceae;g__Ruminiclostridium;s__[Eubacterium]_siraeum	0.00972201778849	-0.040166426112	-0.0430540809072	-0.0069231419473	-0.0504665568146	0.0192296066556	-0.0535518409703	-0.00275621818394	-0.00970472083775	0.0386035320804	0.0505527755879	0.0318640796309	-0.0684091296449	0.016569136513	-0.0197248153094	0.0708071042112	0.0320386040404	0.0259181794135	0.0426036133129	-0.00662096031175	0.0296761931261	1.0	-0.00804173259479	-0.0271003222121	-0.0272304134354	-0.010473866094	-0.0423328316389	-0.00329662639607	0.0178470332769	-0.0538855781916	0.00291166937253	-0.0462188977965	-0.0667038250808	0.00981456595844	0.0405144253089	-0.0393740331588	-0.0283157843797	-0.0739027408066	-0.0260320177202	-0.0142591704263	0.0421879486529	-0.0124639141735	0.0446727286727	0.0661854100584	-0.0182872506447	0.0322754389459	-0.0390472026569	-0.0853140597612	-0.022306517398	-0.0512869196978	0.0282100424282	0.0981342053716	-0.0254555578289	-0.0319728409997	-0.0560003071407	-0.0338807831739	0.00670341801571	-0.024495102767	-0.0215682257581
k__Bacteria;p__Proteobacteria;c__Betaproteobacteria;o__Burkholderiales;f__Sutterellaceae;g__Parasutterella;s__Parasutterella_excrementihominis	0.0120557278523	0.0185004727436	-0.0127040718556	-0.0264179753877	-0.0105398463178	-0.0474203688775	-0.0367405307011	0.0416807827252	-0.00515781196416	-0.0259605982671	-0.026760290402	-0.0231365761193	0.0395121068588	-0.0933508246162	0.0812229516145	-0.0134153868059	0.0113740135259	-0.0526135389554	0.0162300868681	0.00438574381794	-0.00804183285898	-0.00804173259479	1.0	-0.00596014136934	-0.0336019224349	0.0110202155227	-0.0262868547924	-0.0096803232279	0.0145319082523	0.062274330548	-0.0165482810698	0.0685350494569	0.0248813265171	-0.071977602497	0.0361500355063	0.0504684540162	-0.0214111689314	0.0330598784258	0.0238920414258	0.0421472544496	-0.0356271528199	-0.0421190999932	-0.0480843675138	0.0219172920418	0.0436241107238	0.0187978014856	-0.0187368832763	-0.0195876927639	-0.010128336935	0.0102767975079	0.00231694709182	-0.0324350600694	0.0253331826219	0.00530428932066	-0.0402511341312	-0.0309408243729	0.0456208055837	-0.0150096738546	-0.0236951793
k__Bacteria;p__Actinobacteria;c__Actinobacteria;o__Bifidobacteriales;f__Bifidobacteriaceae;g__Bifidobacterium;s__Bifidobacterium_adolescentis	-0.00915964410466	-0.0588543950271	-0.0461831770323	-0.0133956905921	-0.0046227548374	0.0185163123999	-0.0395382329743	-0.0179821128692	-0.0405977793595	-0.0509870344153	-0.0421364604534	0.0281504046666	-0.055176369953	-0.031932014475	-0.00561575591665	0.0418522776972	0.0242646656653	-0.0214299867928	-0.0491379648999	0.00690392217809	0.00542933013751	-0.0271003222121	-0.00596014136934	1.0	0.0228672266756	-0.00826401350336	0.0374809872605	-0.0448410602461	0.0269446692569	-0.00066046201179	0.0361158894911	0.0827999237958	-0.0716785637228	-0.0189013824304	-0.0571894945693	-0.00563874683598	0.0102744795699	0.0167289355854	0.0132485623065	0.00967413005341	0.00134337908398	0.0345931369362	0.0185953019766	0.00570015748633	-0.0265987390315	0.0133276119532	0.0198197591071	0.0362280969006	-0.000942984285232	-0.0718015237581	-0.0647295945731	-0.0232434104607	0.018772531756	-0.00813865357491	-0.0614472537572	-0.0620192854207	-0.0217448065704	0.0316391002308	0.033236486981
k__Bacteria;p__Firmicutes;c__Clostridia;o__Clostridiales;f__Oscillospiraceae;g__Oscillibacter;s__Oscillibacter_sp._KLE_1745	-0.00559997765996	-0.0491845567469	-0.010475838187	0.0040635788033	0.0191207620485	0.0413132245926	0.0137737592861	-0.0084744405684	-0.0295512368415	0.00143549445879	0.0279167743269	-0.0407356019801	0.0679579157258	0.0108673488599	0.0322857194973	0.035679046383	-0.0369176981423	-0.0271454010087	0.0218212363765	-0.0163123447062	0.0156495885702	-0.0272304134354	-0.0336019224349	0.0228672266756	1.0	0.0290421562469	-0.0027466575497	-0.0371721624898	-0.0172697027919	0.0184813515588	-0.00312119670223	-0.0180582517477	-0.00822662726934	-0.0694992690352	-0.014699124989	0.00239225655532	-0.0263641385341	0.0408634493057	0.0421257423574	-0.0390850444297	-0.00656637202479	0.0178859036255	-0.0479138729616	-0.034223463343	-0.0290286123022	0.0207672737822	-0.0331652054843	0.00431754237521	-0.0372238861747	-0.00184697875934	-0.040493043448	-0.049867739528	-0.0331967757491	0.0355079329636	0.0805296465284	-0.0228659812537	-0.000531834288331	0.00672317178367	0.0229623063416
k__Bacteria;p__Bacteroidetes;c__Bacteroidia;o__Bacteroidales;f__Bacteroidaceae;g__Bacteroides;s__Bacteroides_coprophilus	0.0221612578021	0.0132047016941	0.0275095393175	-0.066265112016	-0.0440165486599	-0.0576550872475	-0.010643732293	-0.00634407317915	0.0669405449671	0.0335285334331	-0.029177876822	0.0553484838545	-0.047074079754	-0.0565492319283	0.00856347641851	-0.0263366461057	0.01335791074	0.0514710444375	0.00741703834824	-0.004415288255	-0.00567286828065	-0.010473866094	0.0110202155227	-0.00826401350336	0.0290421562469	1.0	0.0836934044019	-0.0251571652271	-0.033327288216	-0.0313493031337	-0.0200114790296	-0.000592872403626	-0.0318608980281	-0.00822104301706	-0.00721643681751	0.00994615776261	-0.0109562935917	-0.0341870105902	-0.0202355537924	-0.00746031921111	0.0186120780251	-0.0067604962212	-0.0357639163289	0.0123415645966	0.0365839869572	0.0120693134197	0.00864099444223	0.000412954132499	0.0104731390538	-0.0456435659504	0.0344273983803	0.0142518605505	-0.00928161679912	-0.0449693368743	-0.0717016711442	-0.0442206408593	0.0665110364517	-0.0151923152087	-0.00145878243939
k__Bacteria;p__Firmicutes;c__Clostridia;o__Clostridiales;f__Lachnospiraceae;g__Roseburia;s__Roseburia_intestinalis	-0.0314026131551	0.00903465441984	0.0302590421206	0.0104542571787	0.0414955473084	0.0678807163284	-0.0229305327424	-0.0258121779835	-0.0108573099294	0.0461955599577	-0.0186465497713	0.00237950059983	0.0304543464146	0.0095949865273	0.0244854039341	-0.0778057565778	-0.0172819987064	0.0135233940437	0.0479503625986	-0.0110617419633	0.00286789996104	-0.0423328316389	-0.0262868547924	0.0374809872605	-0.0027466575497	0.0836934044019	1.0	0.011732048222	0.00461398788681	0.0200400351047	-0.0243338132582	-0.015711303903	-0.0793114512399	0.0443005764377	0.067089405964	0.0105566185037	-0.0360983858139	-0.00471029369769	-0.000168155445321	-0.0610870609693	0.0368265488479	-0.00423762518753	-0.0114599836227	-0.0256632647994	-0.0387298883137	-0.00673869895418	0.0537814788298	0.0192457887025	0.0155599869662	-0.0102399023842	-0.012678243352	-0.028342045536	0.0406487195975	0.0711800811597	-0.0162974255583	0.0213627965623	-0.00300532852416	-0.0356190225094	-0.0466212053519
k__Bacteria;p__Firmicutes;c__Clostridia;o__Clostridiales;f__Lachnospiraceae;g__Roseburia;s__Roseburia_hominis	-0.00238732748765	-0.0158895042926	-0.0293891321735	-0.00861010263728	-0.0520670340764	0.0169379029809	0.0046111972108	-0.0118152145843	-0.0516986844921	0.0335195232343	-0.0475486580099	-0.0117178503102	0.0356788422595	-0.0647198345129	-0.0220238537716	-0.00651683054424	-0.0178298229392	-0.0185038724383	0.0500995005551	-0.0393021498888	-0.043013558653	-0.00329662639607	-0.0096803232279	-0.0448410602461	-0.0371721624898	-0.0251571652271	0.011732048222	1.0	-0.0598574697031	-0.0113431452026	-0.0481375217092	0.0295152981665	-0.000389136892575	0.0334165541033	-0.000410535694897	-0.0311920000978	0.0282568672783	-0.0228671996515	-0.0201476140865	-0.101016380902	0.0019023944246	0.0429646052164	-0.0190762249013	-0.0210756055958	0.0316782159886	0.000317575198464	0.0634597979101	0.0748762672735	0.0349291996915	-0.0409906451424	0.0122469243464	0.00586899308353	0.0741114708103	-0.0544567355914	-0.0473930708009	0.00812218024789	-0.0177781409176	0.0426121767546	-0.0147337194258
k__Bacteria;p__Bacteroidetes;c__Bacteroidia;o__Bacteroidales;f__Porphyromonadaceae;g__Parabacteroides;s__Parabacteroides_johnsonii	-0.0543435883546	-0.0151962176269	0.0141561825523	-0.00756841849669	0.0556120967037	0.0409086351693	0.0155746716806	-0.0287413508858	-0.0293418601617	0.000271780142995	-0.0157317295437	-0.0288907999311	-0.0101052981615	0.048947148195	-0.0143905710715	0.00818585742975	-0.0108753242949	0.0229432994035	-0.000933395872419	0.00542248975779	0.0193642133417	0.0178470332769	0.0145319082523	0.0269446692569	-0.0172697027919	-0.033327288216	0.00461398788681	-0.0598574697031	1.0	-0.0310495668832	0.0303580093093	-0.0167041493943	-0.0112421142833	-0.0233222915751	-0.0791490342313	-0.00625099460272	-0.00135164848333	-0.0481334219126	0.00764022375118	-0.00629790002824	0.0367658665931	-0.0896100722856	-0.00704913002506	0.0459629198122	0.00825748857768	0.0486765922073	0.0424077071892	0.00801539656835	-0.00178025400397	0.00307817953263	-0.011906688078	-0.049218786353	-0.00757075451647	-0.0435894862073	-0.014806732791	0.0923875923209	-0.00634317904438	-0.0436791805836	0.0044816400908
k__Bacteria;p__Actinobacteria;c__Actinobacteria;o__Bifidobacteriales;f__Bifidobacteriaceae;g__Bifidobacterium;s__Bifidobacterium_longum	-0.00389931765107	-0.00808655349274	-0.0325015312088	-0.017218902349	-0.0466652166235	-0.0300049559023	0.0706706865365	0.0745812340427	-0.0631597702443	-0.00998830725407	-0.0338067946337	0.0241431003125	-0.00315090204271	0.0143785786754	-0.0722607021995	0.0145155373598	0.00031119865539	0.00213810867919	0.064214893756	-0.0438703002332	-0.0307731105583	-0.0538855781916	0.062274330548	-0.00066046201179	0.0184813515588	-0.0313493031337	0.0200400351047	-0.0113431452026	-0.0310495668832	1.0	-0.0276640669765	-0.0605879984636	-0.0164441532124	0.0344205471042	0.0209127112677	-0.0586698033689	0.00686786303717	0.0267577033365	-0.00618721933738	-0.034791954635	0.00912896184389	-0.00589819329746	0.0481506169013	-0.0523908999683	-0.0026647170611	-0.0799372810397	0.0148316286383	0.0236764346686	0.0455843503018	-0.00852414278817	-0.0117230659536	-0.0335970244553	0.00283454921215	-0.0128236539275	-0.0153503050797	-0.0544071516598	-0.00354220433431	0.0193951906498	0.0563416060895
