#taxonomy	k__Bacteria;p__Bacteroidetes;c__Bacteroidia;o__Bacteroidales;f__Bacteroidaceae;g__Bacteroides;s__Bacteroides_vulgatus	k__Bacteria;p__Bacteroidetes;c__Bacteroidia;o__Bacteroidales;f__Bacteroidaceae;g__Bacteroides;s__Bacteroides_uniformis	k__Bacteria;p__Bacteroidetes;c__Bacteroidia;o__Bacteroidales;f__Rikenellaceae;g__Alistipes;s__Alistipes_putredinis	k__Bacteria;p__Bacteroidetes;c__Bacteroidia;o__Bacteroidales;f__Prevotellaceae;g__Prevotella;s__Prevotella_copri	k__Bacteria;p__Bacteroidetes;c__Bacteroidia;o__Bacteroidales;f__Bacteroidaceae;g__Bacteroides;s__Bacteroides_stercoris	k__Bacteria;p__Bacteroidetes;c__Bacteroidia;o__Bacteroidales;f__Bacteroidaceae;g__Bacteroides;s__Bacteroides_ovatus	k__Bacteria;p__Bacteroidetes;c__Bacteroidia;o__Bacteroidales;f__Rikenellaceae;g__Alistipes;s__Alistipes_shahii	k__Bacteria;p__Firmicutes;c__Clostridia;o__Clostridiales;f__Ruminococcaceae;g__Faecalibacterium;s__Faecalibacterium_prausnitzii	k__Bacteria;p__Bacteroidetes;c__Bacteroidia;o__Bacteroidales;f__Rikenellaceae;g__Alistipes;s__Alistipes_finegoldii	k__Bacteria;p__Bacteroidetes;c__Bacteroidia;o__Bacteroidales;f__Porphyromonadaceae;g__Parabacteroides;s__Parabacteroides_distasonis	k__Bacteria;p__Bacteroidetes;c__Bacteroidia;o__Bacteroidales;f__Bacteroidaceae;g__Bacteroides;s__Bacteroides_thetaiotaomicron	k__Bacteria;p__Bacteroidetes;c__Bacteroidia;o__Bacteroidales;f__Bacteroidaceae;g__Bacteroides;s__Bacteroides_coprocola	k__Bacteria;p__Bacteroidetes;c__Bacteroidia;o__Bacteroidales;f__Bacteroidaceae;g__Bacteroides;s__Bacteroides_cellulosilyticus	k__Bacteria;p__Bacteroidetes;c__Bacteroidia;o__Bacteroidales;f__Rikenellaceae;g__Alistipes;s__Alistipes_obesi	k__Bacteria;p__Firmicutes;c__Clostridia;o__Clostridiales;f__Lachnospiraceae;g__;s__[Eubacterium]_rectale	k__Bacteria;p__Bacteroidetes;c__Bacteroidia;o__Bacteroidales;f__Bacteroidaceae;g__Bacteroides;s__Bacteroides_plebeius	k__Bacteria;p__Bacteroidetes;c__Bacteroidia;o__Bacteroidales;f__Bacteroidaceae;g__Bacteroides;s__Bacteroides_fragilis	k__Bacteria;p__Proteobacteria;c__Betaproteobacteria;o__Burkholderiales;f__Sutterellaceae;g__Sutterella;s__Sutterella_wadsworthensis	k__Bacteria;p__Bacteroidetes;c__Bacteroidia;o__Bacteroidales;f__Porphyromonadaceae;g__Barnesiella;s__Barnesiella_intestinihominis	k__Bacteria;p__Bacteroidetes;c__Bacteroidia;o__Bacteroidales;f__Odoribacteraceae;g__Odoribacter;s__Odoribacter_splanchnicus	k__Bacteria;p__Bacteroidetes;c__Bacteroidia;o__Bacteroidales;f__Bacteroidaceae;g__Bacteroides;s__Bacteroides_salyersiae	k__Bacteria;p__Firmicutes;c__Clostridia;o__Clostridiales;f__Ruminococcaceae;g__Ruminiclostridium;s__[Eubacterium]_siraeum	k__Bacteria;p__Proteobacteria;c__Betaproteobacteria;o__Burkholderiales;f__Sutterellaceae;g__Parasutterella;s__Parasutterella_excrementihominis	k__Bacteria;p__Actinobacteria;c__Actinobacteria;o__Bifidobacteriales;f__Bifidobacteriaceae;g__Bifidobacterium;s__Bifidobacterium_adolescentis	k__Bacteria;p__Firmicutes;c__Clostridia;o__Clostridiales;f__Oscillospiraceae;g__Oscillibacter;s__Oscillibacter_sp._KLE_1745	k__Bacteria;p__Bacteroidetes;c__Bacteroidia;o__Bacteroidales;f__Bacteroidaceae;g__Bacteroides;s__Bacteroides_coprophilus	k__Bacteria;p__Firmicutes;c__Clostridia;o__Clostridiales;f__Lachnospiraceae;g__Roseburia;s__Roseburia_intestinalis	k__Bacteria;p__Firmicutes;c__Clostridia;o__Clostridiales;f__Lachnospiraceae;g__Roseburia;s__Roseburia_hominis	k__Bacteria;p__Bacteroidetes;c__Bacteroidia;o__Bacteroidales;f__Porphyromonadaceae;g__Parabacteroides;s__Parabacteroides_johnsonii	k__Bacteria;p__Actinobacteria;c__Actinobacteria;o__Bifidobacteriales;f__Bifidobacteriaceae;g__Bifidobacterium;s__Bifidobacterium_longum	k__Bacteria;p__Firmicutes;c__Clostridia;o__Clostridiales;f__;g__Flavonifractor;s__Flavonifractor_plautii	k__Bacteria;p__Firmicutes;c__Clostridia;o__Clostridiales;f__Clostridiaceae;g__Clostridium;s__Clostridium_phoceensis	k__Bacteria;p__Verrucomicrobia;c__Verrucomicrobiae;o__Verrucomicrobiales;f__Akkermansiaceae;g__Akkermansia;s__Akkermansia_muciniphila	k__Bacteria;p__Bacteroidetes;c__Bacteroidia;o__Bacteroidales;f__Prevotellaceae;g__Paraprevotella;s__Paraprevotella_xylaniphila	k__Bacteria;p__Firmicutes;c__Clostridia;o__Clostridiales;f__Ruminococcaceae;g__Ruminococcus;s__Ruminococcus_callidus	k__Bacteria;p__Bacteroidetes;c__Bacteroidia;o__Bacteroidales;f__Rikenellaceae;g__Alistipes;s__Alistipes_senegalensis	k__Bacteria;p__Firmicutes;c__Clostridia;o__Clostridiales;f__Lachnospiraceae;g__Blautia;s__Blautia_sp._KLE_1732	k__Bacteria;p__Bacteroidetes;c__Bacteroidia;o__Bacteroidales;f__Bacteroidaceae;g__Bacteroides;s__Bacteroides_oleiciplenus	k__Bacteria;p__Firmicutes;c__Clostridia;o__Clostridiales;f__Ruminococcaceae;g__Ruminococcus;s__Ruminococcus_bicirculans	k__Bacteria;p__Bacteroidetes;c__Bacteroidia;o__Bacteroidales;f__Bacteroidaceae;g__Bacteroides;s__Bacteroides_fluxus	k__Bacteria;p__Bacteroidetes;c__Bacteroidia;o__Bacteroidales;f__Prevotellaceae;g__Prevotella;s__Prevotella_stercorea	k__Bacteria;p__Firmicutes;c__Clostridia;o__Clostridiales;f__Lachnospiraceae;g__Dorea;s__Dorea_longicatena	k__Bacteria;p__Firmicutes;c__Clostridia;o__Clostridiales;f__Eubacteriaceae;g__Eubacterium;s__[Eubacterium]_eligens	k__Bacteria;p__Firmicutes;c__Clostridia;o__Clostridiales;f__Ruminococcaceae;g__;s__Ruminococcaceae_bacterium_D16	k__Bacteria;p__Firmicutes;c__Clostridia;o__Clostridiales;f__Lachnospiraceae;g__Coprococcus;s__Coprococcus_comes	k__Bacteria;p__Proteobacteria;c__Gammaproteobacteria;o__Enterobacterales;f__Enterobacteriaceae;g__Escherichia;s__Escherichia_coli	k__Bacteria;p__Firmicutes;c__Clostridia;o__Clostridiales;f__Ruminococcaceae;g__Anaerotruncus;s__Anaerotruncus_colihominis	k__Bacteria;p__Firmicutes;c__Clostridia;o__Clostridiales;f__Lachnospiraceae;g__Blautia;s__Blautia_obeum	k__Bacteria;p__Bacteroidetes;c__Bacteroidia;o__Bacteroidales;f__Odoribacteraceae;g__Odoribacter;s__Odoribacter_laneus	k__Bacteria;p__Firmicutes;c__Clostridia;o__Clostridiales;f__Ruminococcaceae;g__Ruminiclostridium;s__[Clostridium]_leptum	k__Bacteria;p__Bacteroidetes;c__Bacteroidia;o__Bacteroidales;f__Porphyromonadaceae;g__Parabacteroides;s__Parabacteroides_goldsteinii	k__Bacteria;p__Firmicutes;c__Clostridia;o__Clostridiales;f__Lachnospiraceae;g__Anaerostipes;s__Anaerostipes_hadrus	k__Bacteria;p__Firmicutes;c__Clostridia;o__Clostridiales;f__Ruminococcaceae;g__Ruminococcus;s__Ruminococcus_lactaris	k__Bacteria;p__Firmicutes;c__Clostridia;o__Clostridiales;f__Clostridiaceae;g__Clostridium;s__Clostridium_sp._L2-50	k__Bacteria;p__Firmicutes;c__Clostridia;o__Clostridiales;f__Clostridiaceae;g__Clostridium;s__Clostridium_sp._M62/1	k__Bacteria;p__Firmicutes;c__Clostridia;o__Clostridiales;f__;g__Intestinimonas;s__Intestinimonas_butyriciproducens	k__Bacteria;p__Actinobacteria;c__Actinobacteria;o__Bifidobacteriales;f__Bifidobacteriaceae;g__Bifidobacterium;s__Bifidobacterium_bifidum	k__Bacteria;p__Firmicutes;c__Negativicutes;o__Veillonellales;f__Veillonellaceae;g__Dialister;s__Dialister_invisus	k__Bacteria;p__Bacteroidetes;c__Bacteroidia;o__Bacteroidales;f__Bacteroidaceae;g__Bacteroides;s__Bacteroides_salanitronis
k__Bacteria;p__Bacteroidetes;c__Bacteroidia;o__Bacteroidales;f__Bacteroidaceae;g__Bacteroides;s__Bacteroides_vulgatus	1.0	-0.0613273193847	0.0230599376383	-0.0154409887399	0.0462834190177	0.027344689716	-0.0242142423804	0.0457705184082	0.0176519662362	-0.024332478037	-0.0348462626556	-0.0224562303836	-0.0294381903537	-0.0124580738836	-0.00972166689808	-0.00072976018832	0.00535476615755	0.0245450265362	-0.0509617690423	0.00843366879566	0.0298090992309	0.0616387296014	-0.111942160437	-0.0651839431232	-0.0214933975887	-0.086914635224	-0.0118581472933	0.0313626622314	0.0234730768168	-0.0224096517391	0.00269455137244	-0.0177899140856	-1.48833643244e-05	0.0621620684664	0.007034352306	-0.023889743214	-0.00592117045554	0.00316027378046	0.0387671426069	-0.0500565016525	-0.0519019391216	-0.0237524257217	-0.0176044013167	-0.00266627564707	0.0109508379121	-0.0384534130077	-0.000417155179148	-0.0275758631181	-0.027218341329	0.0294111533401	0.00952481890349	-0.0131451956686	0.0222421293015	-0.00986717383312	-0.0113353243669	-0.0268914885073	0.0255430666064	-0.0400160894836	-0.000901296999602
k__Bacteria;p__Bacteroidetes;c__Bacteroidia;o__Bacteroidales;f__Bacteroidaceae;g__Bacteroides;s__Bacteroides_uniformis	-0.0613273193847	1.0	0.0388409525455	0.00860554123185	0.00254975563077	-0.0674642233035	-0.0105162862162	-0.044543494803	0.0137076723056	-0.0155490320308	0.0142727906964	0.0350281514556	0.0379232268106	0.00770687296461	-0.0424304834481	-0.0107372096583	0.00312186256566	0.0192715291008	0.0139984293913	-0.0534877872766	-0.0495854498908	0.0184201970419	0.0086672490813	-0.0443580399653	0.0145626519584	0.0265196672047	-0.0441884903044	0.0128730088008	0.0357998363761	-0.0270265305453	0.0159535656414	0.0112927437227	0.00462138657415	0.0102252390886	0.00560714771678	-0.0433692601618	0.0112455736881	0.0485874303327	0.00321427245383	0.0246801463882	0.02105079905	0.000968647264211	0.00312373543412	-0.0746130993992	0.0016685194983	-0.00516059061532	-0.0378300715039	-0.0290885031047	0.0530011289487	-0.0371952820247	0.0163169697374	-0.0166449670342	0.0439282478051	-0.0643635817194	-0.0277157057728	-0.068826231318	-0.0340771385057	-0.0501267439372	-0.046143701487
k__Bacteria;p__Bacteroidetes;c__Bacteroidia;o__Bacteroidales;f__Rikenellaceae;g__Alistipes;s__Alistipes_putredinis	0.0230599376383	0.0388409525455	1.0	-0.0196161746057	-0.0287401206095	-0.00271778358067	-0.00847154473141	0.0326517782598	-0.00853025840183	-0.00427711240337	-0.0138718323185	0.0555459658374	-0.0112195926143	0.0629005992161	0.00200710798875	0.0201421391387	-0.0196566570154	-0.0509116450971	-0.00197499517879	-0.0410307955706	-0.0470592057732	0.0210982774526	0.00152281587564	0.00680094177258	-0.043298424396	-0.0876837252856	-0.0254856505068	-0.0205175688732	-0.0282037151476	0.0172571255991	0.0676458255004	-0.0628993823713	0.0320073838607	-0.0366159860952	0.0141488747663	0.0370574311251	-0.0207210838332	0.0728858318424	-0.0239444599123	-0.0231640357345	0.0160036735896	0.00575824088687	0.00758192614714	-0.0449417931517	0.0228444470791	-0.0528901155629	0.00152803986697	-0.0380442547141	-0.00740720843007	-0.0445137841426	0.00488015965076	-0.00684606473084	-0.0299163806413	0.00509865702249	-0.0175581031945	-0.0369747676363	-0.0186828204527	-0.0156252693322	-0.00955582626828
k__Bacteria;p__Bacteroidetes;c__Bacteroidia;o__Bacteroidales;f__Prevotellaceae;g__Prevotella;s__Prevotella_copri	-0.0154409887399	0.00860554123185	-0.0196161746057	1.0	-0.0242769940681	0.00121937037698	-0.000580254061738	-0.0326386349892	-0.0167795646491	0.0421691385097	-0.0308028155958	-0.00880376561283	0.00319917743594	0.0170818182555	0.0251598376207	0.0276027262948	-0.034538768848	0.0113087864939	-0.0963031668078	0.0251349356149	-0.0605550250022	0.0244176696904	-0.00172456074159	0.0112250318777	0.0120663109197	-0.034724670916	-0.0191196417791	0.0214499223269	0.0139418702474	-0.0818181734999	0.0516936221738	-0.00305991101895	0.0264368080002	0.0163252908832	-0.0457882246706	-0.0356620277942	-0.0687883219182	0.0308390617171	-0.0122028864214	-0.0221293077839	0.0261506189312	0.0185363360484	0.0284355513994	0.0724383687345	0.0229287423011	-0.0476544480057	-0.0749971595258	-0.0582655777191	-0.0591573740407	0.0218071144304	-0.073120124123	-0.0572785273889	0.00410862427153	-0.0265751046603	-0.0199335896395	-0.00711021442451	-0.0207792063986	-0.068554844316	0.00563524203117
k__Bacteria;p__Bacteroidetes;c__Bacteroidia;o__Bacteroidales;f__Bacteroidaceae;g__Bacteroides;s__Bacteroides_stercoris	0.0462834190177	0.00254975563077	-0.0287401206095	-0.0242769940681	1.0	-0.0938246446056	-0.0738945901373	-0.0109665259725	0.0150098411436	-0.0203327147903	0.000314135039541	0.00611058198838	-0.0301743551435	-0.00970374279085	0.00234367126059	-0.0541361259612	0.0528084902289	0.0342248435064	-0.00721205920287	-0.0494522368804	0.0246433131489	0.0602399772095	0.00654148146765	0.00447196111879	-0.0153843335894	0.0284382463428	-0.0117243412323	-0.0210893116454	0.0470014597472	0.0231947201088	0.0543243833862	-0.0560027276118	-0.0484223451822	0.0122603624083	-0.0393670732199	0.0313553182884	0.01828569683	-0.0518054021484	0.0551084530085	0.0220006009061	0.0580705935889	-0.0469236013857	-0.0267177573242	0.00945030949534	-0.014648153628	-0.0748145784742	-0.026537359617	-0.0243406523559	-0.0143834019775	-0.0205097854544	-0.0213395925779	0.00271288237608	0.0237351888669	-0.0114307862934	-0.00125441631431	-0.00196194527422	-0.0409872389023	-0.0108768799636	-0.00446949560826
k__Bacteria;p__Bacteroidetes;c__Bacteroidia;o__Bacteroidales;f__Bacteroidaceae;g__Bacteroides;s__Bacteroides_ovatus	0.027344689716	-0.0674642233035	-0.00271778358067	0.00121937037698	-0.0938246446056	1.0	-0.00364765865655	-0.0480263152179	-0.0336538981231	-0.0258712709842	-0.0285143891019	0.0838795171651	0.0338705749395	0.0451472039146	-0.0443318100064	-0.0286116359887	-0.0194947900516	-0.0127084732072	-0.000213495366049	0.0270444019581	-0.0106101942511	-0.0090873627036	-0.00339275095357	0.0240249680039	0.0180532580508	-0.022292342131	-0.0877346698055	0.041699799704	0.0234511954433	-0.139488229758	-0.00773780478758	-0.0110907374612	-0.0490882797715	0.013344741865	0.0392404887762	0.00910246735276	0.00732765260983	0.0511801348582	0.0259858514415	-0.0149015632914	0.0341980210696	0.00665477926792	-0.00118870467721	-0.0117276116192	0.0167203217589	0.0458438800228	-0.00232152266478	-0.0657985875025	-0.0399984070671	-0.0345093266023	0.00828855861706	0.0333949523915	-0.032445904997	-0.0340382176823	-9.25730268307e-05	-0.0271011048203	-0.0163394067711	-0.0579591907447	-0.0132531230267
k__Bacteria;p__Bacteroidetes;c__Bacteroidia;o__Bacteroidales;f__Rikenellaceae;g__Alistipes;s__Alistipes_shahii	-0.0242142423804	-0.0105162862162	-0.00847154473141	-0.000580254061738	-0.0738945901373	-0.00364765865655	1.0	0.0199269653701	0.0209810526268	-0.0362004555285	0.0167031824212	0.0012840726827	0.0185557158945	-0.00352679815837	-0.0673741588082	-0.0250517609075	-0.00183367828598	0.0347721575114	-0.00789428917272	-0.0219249285078	0.0370122491623	0.0357580573532	0.0633600975706	-0.00196965264799	-0.0682583335856	0.0622754993671	0.0044172095859	-0.0194821743297	-0.0201291298625	0.000178360853799	-0.0481344116306	0.0558029860063	0.00575475101734	-0.011632012084	-0.0479064330405	0.0630222751334	-0.0212982984539	-0.0231241311063	-0.000571045608547	-0.0343348884064	-0.0361473598614	-0.0271505787601	-0.00981719907668	0.0368751497614	0.0394131884275	0.00168950656919	-0.0364947387894	-0.0128009226532	-0.0115666987683	-0.0295127510581	0.00168976599577	-0.0406488822241	-0.0144093928313	-0.0401610684563	-0.00984259007828	0.00795835747882	0.029715566266	0.0454210833955	-0.0409669610985
k__Bacteria;p__Firmicutes;c__Clostridia;o__Clostridiales;f__Ruminococcaceae;g__Faecalibacterium;s__Faecalibacterium_prausnitzii	0.0457705184082	-0.044543494803	0.0326517782598	-0.0326386349892	-0.0109665259725	-0.0480263152179	0.0199269653701	1.0	0.00665888807249	0.0231803586312	0.0262998965764	0.00540577975886	0.0405308907216	-0.0155317657508	0.0422695794034	-0.0117172983845	-0.0100297672643	-0.00747905195968	-0.0381746460061	-0.0559438793187	-0.0522640917952	0.00307656022018	0.00443256964026	0.000772758840463	0.0236819301157	0.0182172662736	0.0481753102985	-0.0805552711278	-0.0356095923015	-0.046771398387	-0.0276761183942	0.00805485762795	0.0072081993955	0.0067735034451	0.00463480441224	-0.021658248684	-0.025805573564	-0.0574272081212	-0.00943951118946	-0.0373506992561	-0.0508091366748	0.0236241916286	0.070130323917	-0.0543664608762	-0.0195336368677	-0.0401649787116	0.0457106074388	0.00203987842433	0.0125751624468	-0.044933673191	-0.00236701737764	-0.013329397484	-0.036765222398	0.036138228431	-0.0334504394769	-0.0265093349049	-0.0496629967455	0.0453211869627	-0.00174719046427
k__Bacteria;p__Bacteroidetes;c__Bacteroidia;o__Bacteroidales;f__Rikenellaceae;g__Alistipes;s__Alistipes_finegoldii	0.0176519662362	0.0137076723056	-0.00853025840183	-0.0167795646491	0.0150098411436	-0.0336538981231	0.0209810526268	0.00665888807249	1.0	-0.0127492734343	-0.0333559516152	0.0856880440265	-0.026096352853	0.0461572216312	0.00820358900394	-0.0463444028138	-0.0444251237667	-0.068891819349	0.00451653340669	0.0166288786092	-0.00337852519706	0.00401569418682	-0.0012839234066	-0.000620727907872	-0.0245113023171	-0.0243371759941	0.0263734327675	0.0284542400794	-0.0732108432401	-0.064119731415	0.054591750039	-0.0587503055024	-0.023360515877	-0.00196408730737	0.00791563414867	-0.0311199097155	0.0317289168426	0.00618555400726	-0.00575901260213	-0.0208791770714	-0.0908396591995	0.0140446304865	0.0307134506221	-0.0113137687329	0.00473199131049	-0.0165976520391	-0.00229609899805	0.0142863912155	-0.0373500651001	0.0370609398123	0.0173886683962	-0.0741678317398	0.0145841391863	0.00791099017009	0.0246914297606	-0.00472382566562	-0.0171257724996	-0.0178910805442	0.0255843312691
k__Bacteria;p__Bacteroidetes;c__Bacteroidia;o__Bacteroidales;f__Porphyromonadaceae;g__Parabacteroides;s__Parabacteroides_distasonis	-0.024332478037	-0.0155490320308	-0.00427711240337	0.0421691385097	-0.0203327147903	-0.0258712709842	-0.0362004555285	0.0231803586312	-0.0127492734343	1.0	0.0387725826767	-0.0133447657192	-0.0518418189263	-0.0331657101024	0.00324908425359	0.00135586666649	-0.0909208383675	-0.0505535781124	-0.00612444355299	-0.0442179855577	-0.0113292287554	0.0689170883382	-0.0396123299736	-0.0223687566681	0.0476247353637	-0.0327627068338	-0.0021557913314	-0.0108279201532	0.0538568087243	-0.0138953700536	-0.00470930841047	-0.00301570484191	-0.0347877122804	0.0386988794621	0.0239348330383	-0.0436156725597	-0.0222304403808	0.010344856494	-0.052589482845	-0.00164971910741	0.0156554483709	0.0154076722021	-0.0132292343715	0.0459531951976	-0.0973897652041	0.00768259021772	-0.00746251116419	0.068375761451	-0.0209857121699	0.0290123912709	0.0996128369878	0.0264696163631	0.00161809911917	0.0792092529753	0.010589773481	0.0239965080556	-0.000147811654641	-0.0545836399377	-0.0128503439436
k__Bacteria;p__Bacteroidetes;c__Bacteroidia;o__Bacteroidales;f__Bacteroidaceae;g__Bacteroides;s__Bacteroides_thetaiotaomicron	-0.0348462626556	0.0142727906964	-0.0138718323185	-0.0308028155958	0.000314135039541	-0.0285143891019	0.0167031824212	0.0262998965764	-0.0333559516152	0.0387725826767	1.0	-0.0264026562257	0.00478111204458	-0.062461917696	0.0223837424169	-0.0658157487792	0.0110492024583	0.00101843687888	-0.0253784423038	-0.00396817739413	0.00662050216564	-0.0290968524536	0.0151661906455	-0.0608012624802	-0.0142784507475	-0.020427001256	-0.0283348619193	0.0778220495329	-0.0201471706366	-0.0378639113241	0.0310886029127	-0.0289086086492	-0.074382315116	-0.0282978470356	0.0151917028622	-0.0239138489884	-0.021109136129	-0.0185800936802	-0.0264508461305	0.0577116567972	0.0266490259585	0.0614071740177	0.0158550538263	0.0302764988018	-0.0313591209579	-0.00537727561296	-0.0569911784582	0.0254353105351	0.0130566108324	0.043950418731	0.0606149279665	-0.0418944711517	-0.0134551653059	-0.0531876782371	0.00308825052892	-0.0187483302417	0.00204061392638	-0.0613669817836	0.00472281373947
k__Bacteria;p__Bacteroidetes;c__Bacteroidia;o__Bacteroidales;f__Bacteroidaceae;g__Bacteroides;s__Bacteroides_coprocola	-0.0224562303836	0.0350281514556	0.0555459658374	-0.00880376561283	0.00611058198838	0.0838795171651	0.0012840726827	0.00540577975886	0.0856880440265	-0.0133447657192	-0.0264026562257	1.0	0.0397092068962	-0.0176591091636	-0.0625932213708	-0.0615900466394	-0.0376704305208	0.0436079537163	-0.0228158151729	-0.0152192562923	-0.013722860312	-0.0831967219034	0.0401295817905	-0.0171833428361	-0.0474456550363	-0.00706085098022	0.0105754038744	0.0423630617285	-0.0418958524348	-0.0680415292626	0.035548286533	0.0296752816805	0.00840921213154	-0.0546195611699	-0.0350073880501	-0.0434357475698	-0.0891472250669	-0.0121913332876	0.00575014547226	-0.090020352657	-0.0451195850283	-0.0302870066705	-0.00378635829637	0.0353442336285	0.0442062167002	-0.0189003106445	-0.0316466337068	0.00034868392777	0.0135645313769	-0.000284220082889	0.0332252213423	-0.037053484256	-0.00569049077818	-0.0255486281191	-0.0240471368529	-0.0309743685801	0.000998888419827	-0.0222879339423	0.0397754102905
k__Bacteria;p__Bacteroidetes;c__Bacteroidia;o__Bacteroidales;f__Bacteroidaceae;g__Bacteroides;s__Bacteroides_cellulosilyticus	-0.0294381903537	0.0379232268106	-0.0112195926143	0.00319917743594	-0.0301743551435	0.0338705749395	0.0185557158945	0.0405308907216	-0.026096352853	-0.0518418189263	0.00478111204458	0.0397092068962	1.0	-0.0439489991554	0.00040096766313	0.0433714791718	-0.0253601175237	0.0416827583168	-0.0154700297977	-0.0199701976764	-0.0534106714489	0.013272145778	0.0269376351789	-0.00558274230767	-0.0463102719189	0.0713506020054	-0.0329667138658	-0.00914932612762	-0.0425460403103	0.00387614776923	0.00319742013553	0.0134371497406	0.0304970321099	-0.0135247215996	-0.0321192689094	0.0110301997231	0.0151702250248	-0.00484985025676	-0.0120414144211	-0.0335183121913	-0.0140127412829	-0.0195062111237	0.0110252594589	0.0621188015441	-0.0277478027064	-0.0180315102661	0.0154836642977	-0.00757352115878	-0.0125941929315	-0.0513288981962	0.0324361396704	-0.00263914705744	0.0478405192722	-0.0116767467789	-0.000605229100333	0.0644120569659	0.0105757852821	-0.0199933267221	-0.0107736800985
k__Bacteria;p__Bacteroidetes;c__Bacteroidia;o__Bacteroidales;f__Rikenellaceae;g__Alistipes;s__Alistipes_obesi	-0.0124580738836	0.00770687296461	0.0629005992161	0.0170818182555	-0.00970374279085	0.0451472039146	-0.00352679815837	-0.0155317657508	0.0461572216312	-0.0331657101024	-0.062461917696	-0.0176591091636	-0.0439489991554	1.0	-0.00686713656843	-0.0464013203663	-0.0113840578164	0.00254757907083	-0.0673160207344	0.0100719623801	0.00424542513648	0.115219613208	0.033314578345	-0.0541169078206	-0.00802695747913	0.014703922292	-0.0314002966976	-0.0204990814831	-0.0111728957649	-0.0392281870219	-0.0809101119689	0.00831450871824	-0.0397439826224	0.0385500622837	-0.0652209351739	0.00606456595166	0.0632693578972	-0.0310388165171	-0.00707306733669	-0.0375611794507	0.000193426038145	-0.00893962645517	-0.0547482163655	-0.0286385760474	0.0544635716033	-0.054033760875	-0.0405841425626	-0.0851364027106	-0.0367697825107	-0.0225341762152	-0.0347306585094	0.0520459543817	0.0366730213133	-0.0167956116839	-0.026898223825	-0.0312492630039	0.00700839581093	-0.0134310244082	0.043843608589
k__Bacteria;p__Firmicutes;c__Clostridia;o__Clostridiales;f__Lachnospiraceae;g__;s__[Eubacterium]_rectale	-0.00972166689808	-0.0424304834481	0.00200710798875	0.0251598376207	0.00234367126059	-0.0443318100064	-0.0673741588082	0.0422695794034	0.00820358900394	0.00324908425359	0.0223837424169	-0.0625932213708	0.00040096766313	-0.00686713656843	1.0	0.0268518915944	-0.0175578593705	0.0403009535689	0.00505091154258	-0.00954613954329	-0.0192779910545	0.0402114622537	-0.00926226014183	-0.0141954087574	-0.0247592979634	0.0123835027968	0.054513694396	-0.0475648461846	0.0477336567736	-0.0354425913672	0.0230849383251	-0.0729809343041	-0.00415451551477	-0.00185804795181	-0.0468063021673	0.000457821430942	0.0213232857226	-0.0359486933829	-0.0601906870009	-0.00603173618986	0.0249983117904	-0.0518679778129	0.00330739802046	0.030771642921	-0.0232582942889	-0.0403023359573	0.0514186064924	0.00174801043313	-0.0740687707754	0.0363954506348	-0.0140219763422	0.020101096461	-0.0225480315852	-0.0448017903836	-0.00128469026812	-0.0568769794529	0.0160877852694	0.00649116701747	0.045436860503
k__Bacteria;p__Bacteroidetes;c__Bacteroidia;o__Bacteroidales;f__Bacteroidaceae;g__Bacteroides;s__Bacteroides_plebeius	-0.00072976018832	-0.0107372096583	0.0201421391387	0.0276027262948	-0.0541361259612	-0.0286116359887	-0.0250517609075	-0.0117172983845	-0.0463444028138	0.00135586666649	-0.0658157487792	-0.0615900466394	0.0433714791718	-0.0464013203663	0.0268518915944	1.0	0.014912358799	0.0596577010544	-0.0285947905001	-0.00257187658712	-0.0197428933728	-0.0320742952972	0.06567542352	0.0137297238369	0.0154238000936	0.0474009151994	-0.0367255703966	0.0164391106235	-0.0185217855672	0.0324745849525	0.0141764575864	0.0212942341078	0.00271445360074	-0.0503893329858	0.0153605572453	-0.067939743848	0.0687363396198	-0.0509999285346	0.0160317884523	-0.0432502835651	0.0563627304154	-0.0437721501672	-0.0469576925681	-0.0196831808115	-0.0028899624162	0.0184580570152	-0.0261321539359	0.0168575239234	0.0080789051355	0.0256119609406	-0.029632997508	-0.0373520013261	0.00168640155334	-0.0320362687421	-0.0244350764124	0.0545625549739	-0.04342660605	-0.0136817677994	-0.0352172173517
k__Bacteria;p__Bacteroidetes;c__Bacteroidia;o__Bacteroidales;f__Bacteroidaceae;g__Bacteroides;s__Bacteroides_fragilis	0.00535476615755	0.00312186256566	-0.0196566570154	-0.034538768848	0.0528084902289	-0.0194947900516	-0.00183367828598	-0.0100297672643	-0.0444251237667	-0.0909208383675	0.0110492024583	-0.0376704305208	-0.0253601175237	-0.0113840578164	-0.0175578593705	0.014912358799	1.0	0.0292517620774	0.0386446254773	-0.0414265499123	0.0228201855781	-0.011970546708	-0.0294500457262	-0.0545905912576	-0.00388519248948	0.0176775888207	-0.0346430464905	-0.00922840473154	-0.0220991533738	-0.0194914537961	-0.0667310589728	-0.000140718781759	-0.0240176106539	-0.0531332450472	0.0574895119517	-0.0239944343882	0.0241124935939	-0.0480385098435	-0.0293699281854	-0.0444098318537	-0.0520342770592	0.0279728944561	0.00252458248535	-0.0131624064825	-0.026064855369	0.0244376272756	0.0191199537977	-0.0325418731056	0.0342525456077	-0.0289732483478	-0.0978657434065	0.0662841374634	0.0123224885289	-0.0684823115519	0.00974293420524	0.0480607527879	-0.0507865387087	0.0529154845389	-0.0256262982562
k__Bacteria;p__Proteobacteria;c__Betaproteobacteria;o__Burkholderiales;f__Sutterellaceae;g__Sutterella;s__Sutterella_wadsworthensis	0.0245450265362	0.0192715291008	-0.0509116450971	0.0113087864939	0.0342248435064	-0.0127084732072	0.0347721575114	-0.00747905195968	-0.068891819349	-0.0505535781124	0.00101843687888	0.0436079537163	0.0416827583168	0.00254757907083	0.0403009535689	0.0596577010544	0.0292517620774	1.0	-0.00184548915683	-0.0475549189718	-0.0663627238891	-0.0308982239199	-0.0182483826503	0.0267033907672	-0.00134603054212	-0.0123270618557	-0.0589796559673	0.0545422714869	-0.0298347212815	-0.0123150860681	-0.00592250263195	-0.0217013025709	0.0214885546529	0.0178309489402	0.002983031108	-0.0328160780203	0.0667223221888	-0.00366444568153	0.0167607013666	-0.00225440513977	-0.0104923367367	-0.0104581835549	-0.0793054306435	0.00469954945636	-0.0408053779059	-0.0570110731872	-0.0542946557745	-0.045890419558	0.0627076941713	-0.0224961373258	0.0285243711657	-0.0532333437923	0.0487303902017	-0.0278966648696	-0.00908523374093	-0.0377042388032	-0.0305478095738	0.00842868779565	0.0329034601635
k__Bacteria;p__Bacteroidetes;c__Bacteroidia;o__Bacteroidales;f__Porphyromonadaceae;g__Barnesiella;s__Barnesiella_intestinihominis	-0.0509617690423	0.0139984293913	-0.00197499517879	-0.0963031668078	-0.00721205920287	-0.000213495366049	-0.00789428917272	-0.0381746460061	0.00451653340669	-0.00612444355299	-0.0253784423038	-0.0228158151729	-0.0154700297977	-0.0673160207344	0.00505091154258	-0.0285947905001	0.0386446254773	-0.00184548915683	1.0	-0.059008342804	0.0276425489177	-0.0600152199791	0.0560068625041	-0.00631798175008	0.00030787039347	-0.0479084396202	-0.00689094858604	-0.0126976740595	-0.0470858431644	0.0306320455456	-0.0114676204098	-0.00955710699145	-0.0169237483606	-0.0158199883627	-0.0180743973891	-0.0390055125829	0.00596876682247	0.0693138188391	0.0161227135477	-0.0010427918212	0.000845112290523	0.00911468291541	-0.0323048111405	0.012121824133	-0.0665084049712	0.021459093597	-0.0164941762147	-0.000985206211699	-0.0218187460615	0.0111706684648	-0.0482264883331	0.0593666554233	0.0251657424778	0.0378645773142	-0.0547257523319	-0.01924749233	0.0451810857674	0.0297679240169	0.0182715080694
k__Bacteria;p__Bacteroidetes;c__Bacteroidia;o__Bacteroidales;f__Odoribacteraceae;g__Odoribacter;s__Odoribacter_splanchnicus	0.00843366879566	-0.0534877872766	-0.0410307955706	0.0251349356149	-0.0494522368804	0.0270444019581	-0.0219249285078	-0.0559438793187	0.0166288786092	-0.0442179855577	-0.00396817739413	-0.0152192562923	-0.0199701976764	0.0100719623801	-0.00954613954329	-0.00257187658712	-0.0414265499123	-0.0475549189718	-0.059008342804	1.0	0.0536833729421	-0.00246825013169	0.0180269577357	-0.00843193982552	0.0156786145725	0.0132787067548	0.0254632726123	0.00647361867319	-0.0356278804177	-0.0148838066906	-0.000117171029494	-0.0127547381303	-0.00883425051566	-0.0294867054218	0.0300337020836	-0.0150167515005	0.00140844024312	-0.0200243253728	-0.0481236655965	0.00928208529327	0.0104870132807	-0.00781782376338	0.000737963445763	0.0130530433627	-0.0632408036142	-0.0914996794673	-0.0130449703889	-0.0101872321257	0.00300561207379	0.0569707629378	-0.0225915990478	-0.0065777700596	0.0450073270349	-0.0270917892058	-0.0387812421152	0.00182247740884	0.0239392722541	0.0493023117652	-0.0514277979349
k__Bacteria;p__Bacteroidetes;c__Bacteroidia;o__Bacteroidales;f__Bacteroidaceae;g__Bacteroides;s__Bacteroides_salyersiae	0.0298090992309	-0.0495854498908	-0.0470592057732	-0.0605550250022	0.0246433131489	-0.0106101942511	0.0370122491623	-0.0522640917952	-0.00337852519706	-0.0113292287554	0.00662050216564	-0.013722860312	-0.0534106714489	0.00424542513648	-0.0192779910545	-0.0197428933728	0.0228201855781	-0.0663627238891	0.0276425489177	0.0536833729421	1.0	0.0133804496395	-0.00438103811286	0.0616391462251	-0.0195302434685	-0.0208081657365	-0.0210129465215	-0.00464914874232	-0.0512909906154	-0.0304065586698	-0.061098217536	0.0142811764698	-0.0418670429055	0.0335109109904	-0.0388097456309	-0.032807156084	0.0356148526728	0.0573342602109	-0.0680494535794	-0.0149736630266	-0.0356375561103	-0.0166151951166	-0.0418017830707	0.0131730916554	0.00569855901423	0.00593205174319	-0.0560520804583	-0.00681760514088	-0.0608368861408	-0.0266984773342	-0.0628534837332	0.0242600750026	0.0178435515474	0.00959179484062	0.0794844790894	0.0241205466769	0.025207746834	0.036043666933	0.0373081250675
k__Bacteria;p__Firmicutes;c__Clostridia;o__Clostridiales;f__Ruminococcaceae;g__Ruminiclostridium;s__[Eubacterium]_siraeum	0.0616387296014	0.0184201970419	0.0210982774526	0.0244176696904	0.0602399772095	-0.0090873627036	0.0357580573532	0.00307656022018	0.00401569418682	0.0689170883382	-0.0290968524536	-0.0831967219034	0.013272145778	0.115219613208	0.0402114622537	-0.0320742952972	-0.011970546708	-0.0308982239199	-0.0600152199791	-0.00246825013169	0.0133804496395	1.0	-0.00174518860909	-0.00520612585068	0.0101083744378	-0.0696242831548	-0.0156208330808	-0.0684100401577	0.0121940034483	-0.0112036538129	-0.0346676998368	-0.0112984796106	-0.00582685326539	-0.0804321231448	-0.0369685607257	0.0165234936803	-0.00154974406741	0.00168372939309	-0.00464709622141	0.0186304173526	0.00731005352613	0.0143622649232	-0.0104539916747	-0.0174147422932	-0.0222785724635	-0.0384296080948	-0.0560838484825	-0.046800577868	-0.00169539225611	-0.0228076629877	0.00399868404773	0.00994915716846	0.0140871983371	0.0509164983171	0.0025744762658	-0.0479974736311	-0.0450081388531	-0.0129568395131	-0.0662794659831
k__Bacteria;p__Proteobacteria;c__Betaproteobacteria;o__Burkholderiales;f__Sutterellaceae;g__Parasutterella;s__Parasutterella_excrementihominis	-0.111942160437	0.0086672490813	0.00152281587564	-0.00172456074159	0.00654148146765	-0.00339275095357	0.0633600975706	0.00443256964026	-0.0012839234066	-0.0396123299736	0.0151661906455	0.0401295817905	0.0269376351789	0.033314578345	-0.00926226014183	0.06567542352	-0.0294500457262	-0.0182483826503	0.0560068625041	0.0180269577357	-0.00438103811286	-0.00174518860909	1.0	-0.0263423940913	-0.0238182437655	0.0176339465137	-0.066323717854	-0.0439595097529	-0.0406706288447	-0.0264612820892	-0.0385614808457	-0.0478165168881	-0.00550348281477	-0.00578131096598	0.0290135264873	0.0176900074426	-0.0122192558103	0.0652655169423	0.0218608736341	-0.124481905098	-0.054532492879	0.0642816360612	-0.0148202844309	0.0244943677851	0.0162763468961	-0.0360493388584	-0.0326065827978	0.0210603106769	-0.10208472069	-0.039680964352	-0.00714149020828	-0.0279186728336	0.0487060738169	-0.0534782991993	0.0296373458044	-0.00434157903547	0.0362946973326	-0.0567818905743	0.0259570421385
k__Bacteria;p__Actinobacteria;c__Actinobacteria;o__Bifidobacteriales;f__Bifidobacteriaceae;g__Bifidobacterium;s__Bifidobacterium_adolescentis	-0.0651839431232	-0.0443580399653	0.00680094177258	0.0112250318777	0.00447196111879	0.0240249680039	-0.00196965264799	0.000772758840462	-0.000620727907872	-0.0223687566681	-0.0608012624802	-0.0171833428361	-0.00558274230767	-0.0541169078206	-0.0141954087574	0.0137297238369	-0.0545905912576	0.0267033907672	-0.00631798175008	-0.00843193982552	0.0616391462251	-0.00520612585068	-0.0263423940913	1.0	-0.0554193736248	-0.0224017843321	0.0175697143858	-0.0151439230797	0.058679597602	-0.0988615514303	0.0155049894032	-0.0148396763606	-0.0554370133058	8.09294114382e-05	-0.0269069230803	0.00343994559803	-0.0100908876861	-0.0193678801453	-0.000767635080091	0.0759156783216	0.0316161014113	0.0952464012249	-0.0516982450268	0.0141664885105	0.00418338027309	-0.0122006142857	0.0256222527783	0.0245924215181	-0.0276477312188	-0.039052879517	-0.0299228815016	-0.0296242000643	0.0589612598876	0.000445684194115	-0.00145805923153	0.0117336380442	-0.0485015503045	-0.0629421490372	0.00385411421507
k__Bacteria;p__Firmicutes;c__Clostridia;o__Clostridiales;f__Oscillospiraceae;g__Oscillibacter;s__Oscillibacter_sp._KLE_1745	-0.0214933975887	0.0145626519584	-0.043298424396	0.0120663109197	-0.0153843335894	0.0180532580508	-0.0682583335856	0.0236819301157	-0.0245113023171	0.0476247353637	-0.0142784507475	-0.0474456550363	-0.0463102719189	-0.00802695747913	-0.0247592979634	0.0154238000936	-0.00388519248948	-0.00134603054212	0.00030787039347	0.0156786145725	-0.0195302434685	0.0101083744378	-0.0238182437655	-0.0554193736248	1.0	-0.116209670372	-0.0378344885575	-0.00876373003403	-0.00733916979663	0.0173043309706	0.0509906888225	0.0397293224637	0.0646728731825	-0.103836641491	-0.0198821403001	-0.0311422275934	-0.00820887946339	0.0567939622509	-0.00294852019462	-0.0033294056291	0.000658707537632	-0.0423388404761	0.013813539477	0.00494241914666	-0.0292815120234	-0.00315202434273	-0.0173423991498	0.0281942725208	-0.0439140128512	0.0740036977693	-0.0434079710351	0.0377220397089	0.012617558166	-0.0192740543224	-0.0508155855584	-0.0302300141749	-0.0473186170557	0.00790935790671	0.0396842418942
k__Bacteria;p__Bacteroidetes;c__Bacteroidia;o__Bacteroidales;f__Bacteroidaceae;g__Bacteroides;s__Bacteroides_coprophilus	-0.086914635224	0.0265196672047	-0.0876837252856	-0.034724670916	0.0284382463428	-0.022292342131	0.0622754993671	0.0182172662736	-0.0243371759941	-0.0327627068338	-0.020427001256	-0.00706085098022	0.0713506020054	0.014703922292	0.0123835027968	0.0474009151994	0.0176775888207	-0.0123270618557	-0.0479084396202	0.0132787067548	-0.0208081657365	-0.0696242831548	0.0176339465137	-0.0224017843321	-0.116209670372	1.0	-0.00710283990776	0.0134728957674	0.021372595304	-0.0230231715299	-0.0396340314467	0.00419307599366	-0.00732955068637	-0.0312828592298	0.0234818650145	0.0540168293718	-0.074983429399	-0.00613526112339	0.00872554028606	0.00040847982417	-0.0137047113828	0.00474612107712	0.0533777794341	-0.00914576669972	0.0351241598636	-0.0104181018118	-0.0466066606566	0.0128399998068	-0.00621928486089	0.0107029789893	0.0111990205593	-0.0495081965131	-0.018952024891	-0.0599118938808	-0.0622494109036	0.0167837270726	0.029182957937	-0.0266183323658	0.0120306510916
k__Bacteria;p__Firmicutes;c__Clostridia;o__Clostridiales;f__Lachnospiraceae;g__Roseburia;s__Roseburia_intestinalis	-0.0118581472933	-0.0441884903044	-0.0254856505068	-0.0191196417791	-0.0117243412323	-0.0877346698055	0.0044172095859	0.0481753102985	0.0263734327675	-0.0021557913314	-0.0283348619193	0.0105754038744	-0.0329667138658	-0.0314002966976	0.054513694396	-0.0367255703966	-0.0346430464905	-0.0589796559673	-0.00689094858604	0.0254632726123	-0.0210129465215	-0.0156208330808	-0.066323717854	0.0175697143858	-0.0378344885575	-0.00710283990776	1.0	-0.0374940471456	-0.0545682902937	0.0452534202522	0.0721360451271	-0.0336645632952	-0.00512246984953	-0.0111377852786	-0.0240413532002	0.0535021066589	0.0194278796689	-0.0628880186788	-0.065426386648	-0.00675465648638	0.0730935503017	-0.0153936654289	0.0483755834591	-0.00452176975988	0.0118865645568	0.00359088322556	0.0364432454088	0.0193372161659	0.0457952467465	-0.021042835216	-0.0530779965186	-0.0265599340345	-0.00406305292571	-0.0268971632587	0.00238628362527	0.0122080225425	0.00429909262648	0.029929796748	0.00355496406958
k__Bacteria;p__Firmicutes;c__Clostridia;o__Clostridiales;f__Lachnospiraceae;g__Roseburia;s__Roseburia_hominis	0.0313626622314	0.0128730088008	-0.0205175688732	0.0214499223269	-0.0210893116454	0.041699799704	-0.0194821743297	-0.0805552711278	0.0284542400794	-0.0108279201532	0.0778220495329	0.0423630617285	-0.00914932612762	-0.0204990814831	-0.0475648461846	0.0164391106235	-0.00922840473154	0.0545422714869	-0.0126976740595	0.00647361867319	-0.00464914874232	-0.0684100401577	-0.0439595097529	-0.0151439230797	-0.00876373003403	0.0134728957674	-0.0374940471456	1.0	-0.0300971051895	-0.0255066770467	-0.0139870948308	0.0438871176489	0.028351152881	-0.0271420096827	0.0436950628371	-0.0199803483175	-0.0431448045281	-0.0883058128195	-0.00928561114445	0.0446553751119	-0.0134070302831	-0.0398455825299	0.0145984163973	0.030654683349	0.0157848658135	0.019498325551	-0.00660381336725	0.000586783972093	-0.0141071669467	-0.0305165055168	0.0237540079091	-0.0395644307529	-0.0431759407578	0.0134763815425	-0.0164176830234	-0.0431039958361	-0.0238316336012	-0.0290621127454	-0.0426157036831
k__Bacteria;p__Bacteroidetes;c__Bacteroidia;o__Bacteroidales;f__Porphyromonadaceae;g__Parabacteroides;s__Parabacteroides_johnsonii	0.0234730768168	0.0357998363761	-0.0282037151476	0.0139418702474	0.0470014597472	0.0234511954433	-0.0201291298625	-0.0356095923015	-0.0732108432401	0.0538568087243	-0.0201471706366	-0.0418958524348	-0.0425460403103	-0.0111728957649	0.0477336567736	-0.0185217855672	-0.0220991533738	-0.0298347212815	-0.0470858431644	-0.0356278804177	-0.0512909906154	0.0121940034483	-0.0406706288447	0.058679597602	-0.00733916979663	0.021372595304	-0.0545682902937	-0.0300971051895	1.0	0.0217726447256	-0.00148909292412	0.0259938047266	-0.0203900114371	-0.000734644453126	-0.0287856777102	-0.0360230555979	-0.0182140934191	-0.00393883929902	0.0122510903194	0.00873818486294	0.100014636523	-0.0037676559328	-0.00698037497252	-0.0506717875623	0.0249953428424	-0.0159866904716	-0.0337424087311	-0.0773476153035	-0.00886889336848	-0.0301274273233	-0.0148772170884	0.0579529780125	-0.0223564220256	0.0309170300937	-0.0363601049612	-0.00886413821405	-0.00738785925674	0.0085140087913	-0.0104336295248
k__Bacteria;p__Actinobacteria;c__Actinobacteria;o__Bifidobacteriales;f__Bifidobacteriaceae;g__Bifidobacterium;s__Bifidobacterium_longum	-0.0224096517391	-0.0270265305453	0.0172571255991	-0.0818181734999	0.0231947201088	-0.139488229758	0.000178360853799	-0.046771398387	-0.064119731415	-0.0138953700536	-0.0378639113241	-0.0680415292626	0.00387614776923	-0.0392281870219	-0.0354425913672	0.0324745849525	-0.0194914537961	-0.0123150860681	0.0306320455456	-0.0148838066906	-0.0304065586698	-0.0112036538129	-0.0264612820892	-0.0988615514303	0.0173043309706	-0.0230231715299	0.0452534202522	-0.0255066770467	0.0217726447256	1.0	-0.0265450249982	-0.0113431153176	0.0253885295572	0.0102781924184	0.0343488578042	-0.0709070852334	-0.0455205873609	-0.0125941854546	0.0105542999009	-0.0313698000406	-0.0468789006294	-0.0106628840652	-0.0750043159715	0.0513912461985	0.00372807240902	-0.0113005423973	-0.0024251934277	-0.0258542099725	0.00415450361527	0.0424665970008	0.0105220211745	0.0496081976962	-0.0104209116157	-0.00773769232996	-0.0138437689582	-0.0133825381388	0.00691926817292	0.0576356047024	0.00204161926119
