#taxonomy	k__Bacteria;p__Bacteroidetes;c__Bacteroidia;o__Bacteroidales;f__Bacteroidaceae;g__Bacteroides;s__Bacteroides_vulgatus	k__Bacteria;p__Bacteroidetes;c__Bacteroidia;o__Bacteroidales;f__Bacteroidaceae;g__Bacteroides;s__Bacteroides_uniformis	k__Bacteria;p__Bacteroidetes;c__Bacteroidia;o__Bacteroidales;f__Rikenellaceae;g__Alistipes;s__Alistipes_putredinis	k__Bacteria;p__Bacteroidetes;c__Bacteroidia;o__Bacteroidales;f__Prevotellaceae;g__Prevotella;s__Prevotella_copri	k__Bacteria;p__Bacteroidetes;c__Bacteroidia;o__Bacteroidales;f__Bacteroidaceae;g__Bacteroides;s__Bacteroides_stercoris	k__Bacteria;p__Bacteroidetes;c__Bacteroidia;o__Bacteroidales;f__Bacteroidaceae;g__Bacteroides;s__Bacteroides_ovatus	k__Bacteria;p__Bacteroidetes;c__Bacteroidia;o__Bacteroidales;f__Rikenellaceae;g__Alistipes;s__Alistipes_shahii	k__Bacteria;p__Firmicutes;c__Clostridia;o__Clostridiales;f__Ruminococcaceae;g__Faecalibacterium;s__Faecalibacterium_prausnitzii	k__Bacteria;p__Bacteroidetes;c__Bacteroidia;o__Bacteroidales;f__Rikenellaceae;g__Alistipes;s__Alistipes_finegoldii	k__Bacteria;p__Bacteroidetes;c__Bacteroidia;o__Bacteroidales;f__Porphyromonadaceae;g__Parabacteroides;s__Parabacteroides_distasonis	k__Bacteria;p__Bacteroidetes;c__Bacteroidia;o__Bacteroidales;f__Bacteroidaceae;g__Bacteroides;s__Bacteroides_thetaiotaomicron	k__Bacteria;p__Bacteroidetes;c__Bacteroidia;o__Bacteroidales;f__Bacteroidaceae;g__Bacteroides;s__Bacteroides_coprocola	k__Bacteria;p__Bacteroidetes;c__Bacteroidia;o__Bacteroidales;f__Bacteroidaceae;g__Bacteroides;s__Bacteroides_cellulosilyticus	k__Bacteria;p__Bacteroidetes;c__Bacteroidia;o__Bacteroidales;f__Rikenellaceae;g__Alistipes;s__Alistipes_obesi	k__Bacteria;p__Firmicutes;c__Clostridia;o__Clostridiales;f__Lachnospiraceae;g__;s__[Eubacterium]_rectale	k__Bacteria;p__Bacteroidetes;c__Bacteroidia;o__Bacteroidales;f__Bacteroidaceae;g__Bacteroides;s__Bacteroides_plebeius	k__Bacteria;p__Bacteroidetes;c__Bacteroidia;o__Bacteroidales;f__Bacteroidaceae;g__Bacteroides;s__Bacteroides_fragilis	k__Bacteria;p__Proteobacteria;c__Betaproteobacteria;o__Burkholderiales;f__Sutterellaceae;g__Sutterella;s__Sutterella_wadsworthensis	k__Bacteria;p__Bacteroidetes;c__Bacteroidia;o__Bacteroidales;f__Porphyromonadaceae;g__Barnesiella;s__Barnesiella_intestinihominis	k__Bacteria;p__Bacteroidetes;c__Bacteroidia;o__Bacteroidales;f__Odoribacteraceae;g__Odoribacter;s__Odoribacter_splanchnicus	k__Bacteria;p__Bacteroidetes;c__Bacteroidia;o__Bacteroidales;f__Bacteroidaceae;g__Bacteroides;s__Bacteroides_salyersiae	k__Bacteria;p__Firmicutes;c__Clostridia;o__Clostridiales;f__Ruminococcaceae;g__Ruminiclostridium;s__[Eubacterium]_siraeum	k__Bacteria;p__Proteobacteria;c__Betaproteobacteria;o__Burkholderiales;f__Sutterellaceae;g__Parasutterella;s__Parasutterella_excrementihominis	k__Bacteria;p__Actinobacteria;c__Actinobacteria;o__Bifidobacteriales;f__Bifidobacteriaceae;g__Bifidobacterium;s__Bifidobacterium_adolescentis	k__Bacteria;p__Firmicutes;c__Clostridia;o__Clostridiales;f__Oscillospiraceae;g__Oscillibacter;s__Oscillibacter_sp._KLE_1745	k__Bacteria;p__Bacteroidetes;c__Bacteroidia;o__Bacteroidales;f__Bacteroidaceae;g__Bacteroides;s__Bacteroides_coprophilus	k__Bacteria;p__Firmicutes;c__Clostridia;o__Clostridiales;f__Lachnospiraceae;g__Roseburia;s__Roseburia_intestinalis	k__Bacteria;p__Firmicutes;c__Clostridia;o__Clostridiales;f__Lachnospiraceae;g__Roseburia;s__Roseburia_hominis	k__Bacteria;p__Bacteroidetes;c__Bacteroidia;o__Bacteroidales;f__Porphyromonadaceae;g__Parabacteroides;s__Parabacteroides_johnsonii	k__Bacteria;p__Actinobacteria;c__Actinobacteria;o__Bifidobacteriales;f__Bifidobacteriaceae;g__Bifidobacterium;s__Bifidobacterium_longum	k__Bacteria;p__Firmicutes;c__Clostridia;o__Clostridiales;f__;g__Flavonifractor;s__Flavonifractor_plautii	k__Bacteria;p__Firmicutes;c__Clostridia;o__Clostridiales;f__Clostridiaceae;g__Clostridium;s__Clostridium_phoceensis	k__Bacteria;p__Verrucomicrobia;c__Verrucomicrobiae;o__Verrucomicrobiales;f__Akkermansiaceae;g__Akkermansia;s__Akkermansia_muciniphila	k__Bacteria;p__Bacteroidetes;c__Bacteroidia;o__Bacteroidales;f__Prevotellaceae;g__Paraprevotella;s__Paraprevotella_xylaniphila	k__Bacteria;p__Firmicutes;c__Clostridia;o__Clostridiales;f__Ruminococcaceae;g__Ruminococcus;s__Ruminococcus_callidus	k__Bacteria;p__Bacteroidetes;c__Bacteroidia;o__Bacteroidales;f__Rikenellaceae;g__Alistipes;s__Alistipes_senegalensis	k__Bacteria;p__Firmicutes;c__Clostridia;o__Clostridiales;f__Lachnospiraceae;g__Blautia;s__Blautia_sp._KLE_1732	k__Bacteria;p__Bacteroidetes;c__Bacteroidia;o__Bacteroidales;f__Bacteroidaceae;g__Bacteroides;s__Bacteroides_oleiciplenus	k__Bacteria;p__Firmicutes;c__Clostridia;o__Clostridiales;f__Ruminococcaceae;g__Ruminococcus;s__Ruminococcus_bicirculans	k__Bacteria;p__Bacteroidetes;c__Bacteroidia;o__Bacteroidales;f__Bacteroidaceae;g__Bacteroides;s__Bacteroides_fluxus	k__Bacteria;p__Bacteroidetes;c__Bacteroidia;o__Bacteroidales;f__Prevotellaceae;g__Prevotella;s__Prevotella_stercorea	k__Bacteria;p__Firmicutes;c__Clostridia;o__Clostridiales;f__Lachnospiraceae;g__Dorea;s__Dorea_longicatena	k__Bacteria;p__Firmicutes;c__Clostridia;o__Clostridiales;f__Eubacteriaceae;g__Eubacterium;s__[Eubacterium]_eligens	k__Bacteria;p__Firmicutes;c__Clostridia;o__Clostridiales;f__Ruminococcaceae;g__;s__Ruminococcaceae_bacterium_D16	k__Bacteria;p__Firmicutes;c__Clostridia;o__Clostridiales;f__Lachnospiraceae;g__Coprococcus;s__Coprococcus_comes	k__Bacteria;p__Proteobacteria;c__Gammaproteobacteria;o__Enterobacterales;f__Enterobacteriaceae;g__Escherichia;s__Escherichia_coli	k__Bacteria;p__Firmicutes;c__Clostridia;o__Clostridiales;f__Ruminococcaceae;g__Anaerotruncus;s__Anaerotruncus_colihominis	k__Bacteria;p__Firmicutes;c__Clostridia;o__Clostridiales;f__Lachnospiraceae;g__Blautia;s__Blautia_obeum	k__Bacteria;p__Bacteroidetes;c__Bacteroidia;o__Bacteroidales;f__Odoribacteraceae;g__Odoribacter;s__Odoribacter_laneus	k__Bacteria;p__Firmicutes;c__Clostridia;o__Clostridiales;f__Ruminococcaceae;g__Ruminiclostridium;s__[Clostridium]_leptum	k__Bacteria;p__Bacteroidetes;c__Bacteroidia;o__Bacteroidales;f__Porphyromonadaceae;g__Parabacteroides;s__Parabacteroides_goldsteinii	k__Bacteria;p__Firmicutes;c__Clostridia;o__Clostridiales;f__Lachnospiraceae;g__Anaerostipes;s__Anaerostipes_hadrus	k__Bacteria;p__Firmicutes;c__Clostridia;o__Clostridiales;f__Ruminococcaceae;g__Ruminococcus;s__Ruminococcus_lactaris	k__Bacteria;p__Firmicutes;c__Clostridia;o__Clostridiales;f__Clostridiaceae;g__Clostridium;s__Clostridium_sp._L2-50	k__Bacteria;p__Firmicutes;c__Clostridia;o__Clostridiales;f__Clostridiaceae;g__Clostridium;s__Clostridium_sp._M62/1	k__Bacteria;p__Firmicutes;c__Clostridia;o__Clostridiales;f__;g__Intestinimonas;s__Intestinimonas_butyriciproducens	k__Bacteria;p__Actinobacteria;c__Actinobacteria;o__Bifidobacteriales;f__Bifidobacteriaceae;g__Bifidobacterium;s__Bifidobacterium_bifidum	k__Bacteria;p__Firmicutes;c__Negativicutes;o__Veillonellales;f__Veillonellaceae;g__Dialister;s__Dialister_invisus	k__Bacteria;p__Bacteroidetes;c__Bacteroidia;o__Bacteroidales;f__Bacteroidaceae;g__Bacteroides;s__Bacteroides_salanitronis
k__Bacteria;p__Bacteroidetes;c__Bacteroidia;o__Bacteroidales;f__Bacteroidaceae;g__Bacteroides;s__Bacteroides_vulgatus	1.0	0.0179487658879	-0.061934833397	-0.0371668862665	-0.0239337932905	-0.0293040541299	-0.0265619297309	-0.0509785058548	-0.00151293823367	0.0247971079838	0.0100570668281	-0.0333247977648	-0.0142203874791	-0.00507864928069	0.0278145209168	0.0405706129999	-0.034976619753	0.0638313585658	-0.00852181802387	0.0321696208362	0.0681887770039	-0.0419923268112	-0.0658988680052	-0.00698518223752	0.0519692376839	0.0168357760665	-0.058728637421	-0.0227558701962	-0.0403722383519	0.0311420187402	-0.0496806856357	-0.0280225179078	-0.0672211299945	0.0159435293373	-0.00879251857786	-0.0395317966806	-0.0267585163881	-0.0769555801938	-0.0519344769446	0.0334275236362	0.00941732405273	-0.0397136595383	0.0174722120023	0.0252512201177	0.0487579096214	-0.0485896246222	-0.0930409925514	-0.0147375629909	-0.00306027154485	-0.0385870801644	0.0011578760797	0.0517717613583	-0.0301695615895	0.0453908659323	-0.0440602426956	-0.00315098116377	-0.0194462323548	-0.0326865890585	0.0101238697432
k__Bacteria;p__Bacteroidetes;c__Bacteroidia;o__Bacteroidales;f__Bacteroidaceae;g__Bacteroides;s__Bacteroides_uniformis	0.0179487658879	1.0	-0.00324560420108	-0.0349809794508	0.0257076751862	-0.0178867724175	0.0397575008184	-0.0453652589055	-0.0716926132367	-0.0419885030578	0.026462224611	0.00910794257704	0.0468733554761	0.0359866544996	-0.0351788635991	0.0305591705522	-0.0299031558436	0.0141523414748	0.021920162859	0.00406892320762	0.0339865842962	0.0399649001508	0.0173556140314	0.00453679641783	-0.0183645014916	0.0360251533358	-0.0132019296338	0.0345252678491	-0.0894389928824	0.0168359866598	0.0103065903727	-0.0528306376804	0.0138668724515	-0.0482441513854	-0.0298559918652	-0.018439082254	-0.0429080975726	-0.0528941089756	0.024200061503	-0.0123080749026	0.0284669650721	-0.0484632747295	-0.0179916574526	0.0809099614967	-0.063505701201	0.0146094372998	-0.0136732189525	0.00762957728009	-0.00362286002922	-0.0492266662356	-0.0341130125199	-0.0886117544486	-0.0324416812548	-0.0397116797467	0.0404748247312	-0.0605049234463	-0.0473401688834	0.0203811612807	0.0361870434439
k__Bacteria;p__Bacteroidetes;c__Bacteroidia;o__Bacteroidales;f__Rikenellaceae;g__Alistipes;s__Alistipes_putredinis	-0.061934833397	-0.00324560420108	1.0	-0.0312256811898	-0.016130745422	-0.0522456637887	-0.0104638870981	-0.00387802934148	0.0260493853752	-0.00436034131472	-0.0216643684681	0.0423807750937	-0.00381304384045	0.0153501331038	0.042773818274	-0.0154987041227	-0.0377744915082	-0.00507339981116	0.0182182191232	-0.07288131618	-0.0389818939309	0.0138971461754	-0.00281878996481	0.00755859342448	-0.0486268564412	-0.035076008532	0.00949630960252	0.00637035018	0.034723744658	0.0228995875819	-0.000202438113267	0.000235974131514	0.0440746695862	-0.0190421505932	-0.0398575179802	-0.014445620002	-0.0524716148052	-0.00112645390435	-0.0134573965089	0.029073968275	-0.0182129310175	-0.0367986804163	-0.0147893184633	-0.00443713896477	-0.0498310453491	0.0191959312056	0.0510338610409	-0.0639546154258	0.0115991460106	0.0554569943845	0.011130410693	-0.0271838755446	0.0217945608679	-0.0395716891207	0.0036441092008	-0.0515141922587	0.0123363931989	0.0166952404829	0.00378932840151
k__Bacteria;p__Bacteroidetes;c__Bacteroidia;o__Bacteroidales;f__Prevotellaceae;g__Prevotella;s__Prevotella_copri	-0.0371668862665	-0.0349809794508	-0.0312256811898	1.0	-0.0310809257813	-0.0476549748027	-0.0380273088217	-0.0128713529843	0.0178725467138	0.0369329041458	0.0422925985761	0.0222995440623	-0.0207220091875	0.0111910422703	0.0418510954318	-0.0190213383358	-0.0205234258212	-0.0352841791457	-0.0507986198236	0.0182980074281	0.0282027650271	0.0184194583995	0.0175778213749	0.0517151550743	-0.0300037749225	0.0108917234146	-0.0268328186322	-0.0518864670297	0.0500420434894	0.0540946476459	-0.0178428078375	-0.0183006583044	0.0168401677885	0.0105050820128	-0.0140181354614	-0.00517237207666	-0.0140589927817	-0.00983218958998	-0.0503241024504	-0.0237010571265	-0.070243451633	-0.0650456314071	-0.0189284169553	0.0187161426116	0.0114793827838	-0.00297080476511	0.0369138293182	-0.0215977136547	0.00012121420186	-0.0332895080234	-0.0346153387154	0.00898024860517	0.0547883047793	-0.08832199572	0.0105785991382	-0.0249182439925	-0.0334855082874	0.0170758595008	-0.0229782307765
k__Bacteria;p__Bacteroidetes;c__Bacteroidia;o__Bacteroidales;f__Bacteroidaceae;g__Bacteroides;s__Bacteroides_stercoris	-0.0239337932905	0.0257076751862	-0.016130745422	-0.0310809257813	1.0	-0.0249475979853	-0.0147374860626	-0.0461119756955	-0.0172702089627	0.0413422037238	0.00188017643158	-0.0524792211957	0.0410462835995	-0.00425318065011	0.0097647958779	-0.0239861644414	-0.0548827630718	-0.0479979689096	-0.023767548619	0.0342477357085	-0.00220363555997	-0.0336835241713	-0.0379204934208	0.00897348625443	-0.0480041194681	-0.0183449069421	0.0060824653197	0.0183376032849	-0.0349382508627	-0.0639487416885	0.036414317204	-0.0438972077313	-0.0341088314184	0.00777568814703	0.0786304864697	0.0291560910626	0.0189158516088	-0.0272219459067	0.0596288082633	-0.0125911462043	-0.0076413919341	-0.0533451888111	0.00779126941172	-0.0570157424537	0.0643340678949	0.0240844562179	0.0104868955759	0.035141894318	-0.0801680059613	-0.0461879400588	-0.0053830160638	-0.0965394333573	0.00592760381574	-0.076099759452	0.00456271331786	-0.016632829262	0.0483646703713	-0.0377014802533	0.0612094317569
k__Bacteria;p__Bacteroidetes;c__Bacteroidia;o__Bacteroidales;f__Bacteroidaceae;g__Bacteroides;s__Bacteroides_ovatus	-0.0293040541299	-0.0178867724175	-0.0522456637887	-0.0476549748027	-0.0249475979853	1.0	-0.0613094704228	0.0228370435086	-0.00939891497739	0.00307850126453	0.0475921276999	0.0335052215527	0.0127331014992	0.0244565765321	-0.0586972816253	0.0393985707299	0.00279018940735	0.0322990867322	-0.0351148972602	0.00778837236312	0.0212122091432	-0.0307025154134	-0.030672195981	0.00909882264898	-0.00448189860924	0.0232370053903	0.0253203501019	-0.048700316662	0.000436451407535	-0.0138084854795	-0.0198354677282	-0.0528498046243	0.0656229036281	0.0439939967784	-0.0110291176468	-0.0118267718738	-0.00360887198671	0.0481389985767	-0.0305883448432	-0.0791648197024	-0.0267529116292	-0.00161952462394	-0.0410300066564	0.0136653452257	0.00732456319261	0.00744004975335	-0.0159008075134	-0.0207773241578	0.0659477378401	-0.0404970233452	-0.0660118448532	0.00579863229447	-0.0795455096743	0.0160228584637	0.026091212012	-0.0280648732563	-0.0090037868055	0.0272216851414	-0.00742704989665
k__Bacteria;p__Bacteroidetes;c__Bacteroidia;o__Bacteroidales;f__Rikenellaceae;g__Alistipes;s__Alistipes_shahii	-0.0265619297309	0.0397575008184	-0.0104638870981	-0.0380273088217	-0.0147374860626	-0.0613094704228	1.0	-0.0418699839031	-0.0102517710109	-0.0339272350939	0.0777781566709	0.0225475097681	0.00228806543042	-0.00552218127241	0.0278907247541	-0.107073837006	-0.0372202546291	-0.0283698524413	-0.00572906989506	0.0230540015138	-0.0341311711374	-0.0424527955825	0.0524370540529	-0.0356554157219	-0.0456858486868	0.0107071791503	-0.0141278328825	-0.0599591031742	0.0352735938658	0.00357723294093	-0.0184645062229	-0.0509273511923	-0.0222650319849	-0.0318552025482	-0.016192047612	0.00470855279939	-0.00147311483302	0.0585237264194	0.00923925972841	-0.0364350130827	-0.00541307071074	-0.0487305604702	0.0302063157457	0.0286184807219	0.00942611383476	-0.011533483421	0.01413953972	-0.05283770094	-0.0643034305974	-0.00382249496881	-0.000156527087963	-0.0441968677807	-0.00564121002147	-0.0859424598104	0.0101949143818	0.00732566547654	0.0447302975048	0.0338343639422	-0.0789368526901
k__Bacteria;p__Firmicutes;c__Clostridia;o__Clostridiales;f__Ruminococcaceae;g__Faecalibacterium;s__Faecalibacterium_prausnitzii	-0.0509785058548	-0.0453652589055	-0.00387802934148	-0.0128713529843	-0.0461119756955	0.0228370435086	-0.0418699839031	1.0	-0.0266594497604	-0.0703398534119	0.0422397117855	-0.0125933992491	-0.0177482539397	-0.0143577334854	0.0287214679662	0.0676041098789	-0.0891680802279	0.0197002670274	0.0323794498048	-0.0764297305491	-0.0235758752281	-0.0134272564679	-0.0330796363835	0.0358458118939	-0.013802948924	0.00982626708778	0.0264943208561	0.0286842349762	-0.0147361778924	0.0227371167813	0.0264903664289	-0.0129284240512	0.000289135377648	0.00115097884471	0.0037070696887	0.0267073629659	-0.0236553684483	-0.0239756087461	-0.0344771671935	-0.0180187095216	0.0310606083205	-0.0567331650833	-0.0355622493068	-0.0232179826186	-0.0190725988389	0.0314850324806	0.0485235473919	-0.0188446462629	0.03779850333	-0.0166286078925	-0.0316527025911	0.0187404219501	-0.0583756329807	0.00791451371217	-0.00102515420456	0.0290304622951	0.0345937282045	-0.0182255225631	-0.0484603464247
k__Bacteria;p__Bacteroidetes;c__Bacteroidia;o__Bacteroidales;f__Rikenellaceae;g__Alistipes;s__Alistipes_finegoldii	-0.00151293823367	-0.0716926132367	0.0260493853752	0.0178725467138	-0.0172702089627	-0.00939891497739	-0.0102517710109	-0.0266594497604	1.0	-0.00296596643337	0.0355982791579	-0.0488177843445	0.0727672533052	0.0307432787563	-0.0501906924671	-0.0250665728981	0.0172185502129	-0.0015667860838	-0.092161464478	0.0187852575281	-0.0634606407305	-0.0422371347593	-0.0211775988432	-0.0407762896106	0.00274366777695	-0.0541204991469	0.0121937917805	-0.0661820067938	-0.0246892883768	0.013769835037	0.00154485622504	-0.00184296266067	-0.0166439129722	-0.00595283031559	-0.00456401591521	-0.0474655575491	-0.042615778134	-0.0761223927428	-0.0310968503103	0.0616960754404	-0.00536205669782	0.00780698050567	0.012743963716	-0.0135896156514	0.0287968132766	-0.00395340200876	0.000210439006045	-0.0502475307374	0.0582837505345	-0.0213862171562	0.0698409275642	0.019631715157	-0.0171971277056	0.00198524916676	-0.0127057459718	-0.0122401442868	0.00514706475518	-0.0256900590587	-0.0337166861812
k__Bacteria;p__Bacteroidetes;c__Bacteroidia;o__Bacteroidales;f__Porphyromonadaceae;g__Parabacteroides;s__Parabacteroides_distasonis	0.0247971079838	-0.0419885030578	-0.00436034131472	0.0369329041458	0.0413422037238	0.00307850126453	-0.0339272350939	-0.0703398534119	-0.00296596643337	1.0	-0.0352579350251	-0.0562085490566	0.0276200517956	-0.0265381643573	-0.0657872477499	-0.0132845357918	0.00105239077118	-0.00875191239064	-0.00181172418534	-0.014868073457	-0.0643558715429	0.0147784560067	-0.0429148650891	-0.0678593444407	0.0622916993946	0.00408549990949	-0.0195879573431	-0.00801785169948	0.0629216320448	0.0410937146874	-0.0134554644318	-0.0054441218047	0.0314000781671	0.0150910027977	-0.0794443105097	-0.0630234733499	0.0129478411008	-0.0598829624116	0.013446784141	-0.00754906968264	-0.0923128734355	0.057033160258	-0.0283949974671	-0.031639259929	0.0168143849305	0.0782503576882	0.0112396078818	-0.030944932248	0.0252777802447	0.0173253717947	0.00571378049764	0.00625696789652	-0.0460976077649	-0.0330556506897	0.0225752544553	0.0104798278421	-0.00542309896342	-0.0383025077392	-0.0367039299236
k__Bacteria;p__Bacteroidetes;c__Bacteroidia;o__Bacteroidales;f__Bacteroidaceae;g__Bacteroides;s__Bacteroides_thetaiotaomicron	0.0100570668281	0.026462224611	-0.0216643684681	0.0422925985761	0.00188017643158	0.0475921276999	0.0777781566709	0.0422397117855	0.0355982791579	-0.0352579350251	1.0	-0.0166278627823	-0.00728988004956	-0.0296903989918	0.0284513753156	0.0283458958169	-0.0204643377758	0.037726812548	0.00576106126852	0.0313209964629	0.0326208806641	0.0690075317131	-0.00747992632454	-0.0648310648639	0.0139719340774	-0.010612229936	-0.0239076645417	-0.0347677269529	-0.0324555613225	0.0237469088269	-0.056326772905	-0.0415740030092	0.00745764933804	-0.0120089410991	0.0424938978808	0.0138408810451	-0.0291831016799	-0.00445845473091	0.00716818283389	0.050935733315	-0.0485809039899	-0.00219661571897	-0.00875307858416	0.0360591325822	0.00946862521856	-0.0343643381697	-0.079354681358	0.00329372223608	0.0398078564565	0.00230251309349	-0.0195352638157	0.0248470168786	-0.0612149175277	0.0131480056533	0.00130104375834	-0.0505105442881	-0.00727207176957	0.00275931344843	-0.0590599019486
k__Bacteria;p__Bacteroidetes;c__Bacteroidia;o__Bacteroidales;f__Bacteroidaceae;g__Bacteroides;s__Bacteroides_coprocola	-0.0333247977648	0.00910794257704	0.0423807750937	0.0222995440623	-0.0524792211957	0.0335052215527	0.0225475097681	-0.0125933992491	-0.0488177843445	-0.0562085490566	-0.0166278627823	1.0	-0.0686875960763	-0.0860728963226	0.0546062624253	-0.0792294597948	-0.0175144619221	-0.00173746806062	-0.0409535273851	-0.0327328573357	-0.0419178190342	-0.000396336700626	0.0280417306132	0.0346063124736	-0.0287864802469	0.0521485208433	-0.00442892944002	-0.020555981164	-0.0126102627484	-0.0434162705816	-0.0182053062069	0.000735177140834	2.48361836873e-05	-0.0103447421656	-0.0226423140033	0.0208234541126	0.0509161944023	-0.0243681365634	-0.064081135919	0.00280942081226	-0.0246056580424	-0.0197804056431	-0.0220902847006	0.0331509597501	-0.0193069343483	-0.00486477233677	-0.02667642639	-0.00815048654106	0.0330417981374	0.012968821975	0.0143081536116	-0.0102088340557	0.00679003444778	-0.016807238428	0.0140609566974	0.0152033489439	-0.0558901959863	0.0566050666098	0.0186403419056
k__Bacteria;p__Bacteroidetes;c__Bacteroidia;o__Bacteroidales;f__Bacteroidaceae;g__Bacteroides;s__Bacteroides_cellulosilyticus	-0.0142203874791	0.0468733554761	-0.00381304384045	-0.0207220091875	0.0410462835995	0.0127331014992	0.00228806543042	-0.0177482539397	0.0727672533052	0.0276200517956	-0.00728988004956	-0.0686875960763	1.0	-0.0166827047072	-0.00351222808781	0.0519581161837	-0.00131366371107	-0.0178829372471	0.00465612993847	0.0124006528857	-0.0446948436455	-0.0265863078395	-0.0250471686514	-0.0350294557716	-0.0855060258781	-0.0129064729698	0.0477094857682	-0.0502965048361	-4.31351582324e-06	0.0613300379486	-0.0381683005724	0.00673938454255	0.035752429746	-0.00548211349259	0.0542871119058	0.0149916830683	-0.0338538579304	0.0179831950529	0.0069039115415	-0.0627738519451	-0.0165343323546	0.0752826727468	0.0114024529781	0.0433570619526	0.0414486651992	0.0136265800324	-0.0370456867947	-0.0179388120784	-0.023936209239	-0.0508941412136	0.0202570464919	-0.0241751923057	0.0530011523437	0.0115417625974	-0.0199266623179	-0.000685692274339	0.0139637881048	0.0501020801123	-0.0785926899358
k__Bacteria;p__Bacteroidetes;c__Bacteroidia;o__Bacteroidales;f__Rikenellaceae;g__Alistipes;s__Alistipes_obesi	-0.00507864928069	0.0359866544996	0.0153501331038	0.0111910422703	-0.00425318065011	0.0244565765321	-0.00552218127241	-0.0143577334854	0.0307432787563	-0.0265381643573	-0.0296903989918	-0.0860728963226	-0.0166827047072	1.0	0.0556756020787	0.0141867539862	-0.00713741400011	-0.0414420757779	0.0457914498526	-0.0713496639601	0.0435439144506	-0.0151331863669	-0.0296429685611	0.10690504477	-0.0878581366809	-0.011878889499	-0.0732777682577	-0.0182079496615	0.0555515610577	-0.0166390708423	-0.0203393281581	0.00414367788272	0.0759641831897	-0.0250142209608	-0.0398063266608	-0.0797503541079	0.0271475020846	0.00297993076039	-0.00901544777191	0.000911238809039	0.0192328755417	-0.0607291197801	0.00465177152713	-0.0180577235224	0.00671699534455	-0.00799011846084	0.0440491783087	0.0423780040196	-0.0311837620192	0.00531166488458	0.0305716556097	-0.00108584493237	-0.0333065041177	0.0445919013456	-0.0681715046465	-0.0133269075843	0.00390786626333	0.0444893132129	0.0438328915706
k__Bacteria;p__Firmicutes;c__Clostridia;o__Clostridiales;f__Lachnospiraceae;g__;s__[Eubacterium]_rectale	0.0278145209168	-0.0351788635991	0.042773818274	0.0418510954318	0.0097647958779	-0.0586972816253	0.0278907247541	0.0287214679662	-0.0501906924671	-0.0657872477499	0.0284513753156	0.0546062624253	-0.00351222808781	0.0556756020787	1.0	-0.00781934621907	-0.0530860569993	-0.0144131121473	-0.0170541413548	-0.0136783413457	0.0932452151675	-0.0834742870966	0.00247054244186	-0.0555330461695	0.0123553774321	-0.0431058006348	-0.0147651879747	-0.0129746371718	-0.00792157600281	-0.0393725747994	-0.0187310836831	-0.00774417780203	-0.0411540328075	-0.0113743011206	-0.0201561252149	0.0226142633416	0.0227925436262	-0.00508887089024	-0.048254529412	0.0282804076977	0.00930290252596	0.0328202121208	0.0578455012944	-0.0191274988613	-0.0245682097594	-0.123913639025	-0.0402172186573	-0.00839647498697	0.0228557309503	0.022537703845	-0.0298116866522	-0.0376562147864	0.0328421606161	0.0592725593115	-0.0765762354145	0.00383167047723	0.0474136828502	0.0521671679002	-0.025892526769
k__Bacteria;p__Bacteroidetes;c__Bacteroidia;o__Bacteroidales;f__Bacteroidaceae;g__Bacteroides;s__Bacteroides_plebeius	0.0405706129999	0.0305591705522	-0.0154987041227	-0.0190213383358	-0.0239861644414	0.0393985707299	-0.107073837006	0.0676041098789	-0.0250665728981	-0.0132845357918	0.0283458958169	-0.0792294597948	0.0519581161837	0.0141867539862	-0.00781934621907	1.0	0.00488272112448	0.078919974585	-0.00986243772928	0.00139814322885	-0.00615678929592	-0.0217756777483	0.0247007334258	-0.0395509391593	-0.00338054620841	0.0506546506692	-0.0182692555957	-0.0412680778868	-0.0145582730702	0.0175882091455	0.0055230498351	0.00986856587953	0.0283060501353	0.0280012843941	0.0151431418454	-0.0456315666953	0.00448466569199	0.0382661887647	-0.0477908956722	-0.0217356879363	-0.00895931660813	0.0643279364366	-0.00749340498307	0.0287829410629	-0.0240037278856	0.0251850373754	-0.0143974081694	-0.0220428270965	-0.0228757981567	-0.0497424498976	-0.0308508307815	-0.0341357748247	-0.00235271026516	-0.0332702146701	0.0350103263987	-0.0423912758931	-0.0457351888144	-0.0330268187483	0.0183788841582
k__Bacteria;p__Bacteroidetes;c__Bacteroidia;o__Bacteroidales;f__Bacteroidaceae;g__Bacteroides;s__Bacteroides_fragilis	-0.034976619753	-0.0299031558436	-0.0377744915082	-0.0205234258212	-0.0548827630718	0.00279018940735	-0.0372202546291	-0.0891680802279	0.0172185502129	0.00105239077118	-0.0204643377758	-0.0175144619221	-0.00131366371107	-0.00713741400011	-0.0530860569993	0.00488272112448	1.0	-0.0494915098297	0.00242787090981	0.020385047849	-0.0337760444671	-0.0478665114394	0.0713623218512	-0.0369929853166	0.0657344522859	-0.0590761306815	-0.0246221131817	0.00280258827144	-0.0185911043434	0.058607306583	-0.0219183240125	-0.00899092749676	0.00328317076616	-0.0542983841641	0.0316249896599	0.0410219426179	0.0359049176225	-0.0521612341423	-0.00985497731625	0.0569196253073	0.0216621641984	-0.00323077353328	0.000439822169344	0.0213346986117	-0.0235671995556	-0.00956093457756	-0.00036504270113	8.07592947191e-05	0.00470343425146	0.0115787598755	-0.00129129553305	-0.025010866532	-0.00132614750685	-0.0554143861445	-0.0130092517438	0.0413227304311	0.053380982112	0.00440923123393	0.0364223071069
k__Bacteria;p__Proteobacteria;c__Betaproteobacteria;o__Burkholderiales;f__Sutterellaceae;g__Sutterella;s__Sutterella_wadsworthensis	0.0638313585658	0.0141523414748	-0.00507339981116	-0.0352841791457	-0.0479979689096	0.0322990867322	-0.0283698524413	0.0197002670274	-0.0015667860838	-0.00875191239064	0.037726812548	-0.00173746806062	-0.0178829372471	-0.0414420757779	-0.0144131121473	0.078919974585	-0.0494915098297	1.0	-0.00426469189334	0.0169856004697	-0.0260095270743	-0.0549088215044	-0.00485396624944	-0.0221556839554	-0.0468898726595	0.0334790375288	-0.00574402878445	0.0120739371672	-0.0284680980071	-0.0280721272663	0.0584298650963	0.000677692004526	-0.0579249331078	-0.0165379916369	-0.00440948907632	-0.0562670520113	-0.00676081248542	0.0169898022518	0.026123326162	-0.0100505208414	0.0138238003313	0.0189136607382	-0.00685260975975	-0.0345192387145	0.0458928716709	-0.0254376555826	0.0328806425412	-0.0139829437778	0.0199416765068	-0.0137050392499	-0.0372267121146	0.0353922273309	-0.01032710698	0.0231007546301	0.000461681954419	-0.0189511008136	-0.00380477447087	-0.094999051823	0.00312543504039
k__Bacteria;p__Bacteroidetes;c__Bacteroidia;o__Bacteroidales;f__Porphyromonadaceae;g__Barnesiella;s__Barnesiella_intestinihominis	-0.00852181802387	0.021920162859	0.0182182191232	-0.0507986198236	-0.023767548619	-0.0351148972602	-0.00572906989506	0.0323794498048	-0.092161464478	-0.00181172418534	0.00576106126852	-0.0409535273851	0.00465612993847	0.0457914498526	-0.0170541413548	-0.00986243772928	0.00242787090981	-0.00426469189334	1.0	-0.0350529804782	0.0319923047867	0.0816152954409	-0.044749534036	0.00284607498253	-0.000475305872464	0.0156198886738	0.00174087338472	0.0183825596469	-0.0132098464196	0.0259841737123	-0.0194648328424	0.0363345119786	-0.000777475168548	-0.00777367807373	-0.0551755155057	0.00267827814968	-0.00369936751441	0.0408652400551	-0.0145623622309	-0.0587650424054	-0.0250893207603	-0.0208076845374	0.0204177721885	0.0564102481615	-0.00676254386103	-0.0122076786935	0.0340130511763	-0.0346843401928	0.0162777617085	-0.0402592804604	-0.00160841885539	0.0259063469541	0.00860993682203	-0.0553522051279	0.00951578521809	-0.0922624732178	0.0091976806549	0.0175017780938	0.0152357230544
k__Bacteria;p__Bacteroidetes;c__Bacteroidia;o__Bacteroidales;f__Odoribacteraceae;g__Odoribacter;s__Odoribacter_splanchnicus	0.0321696208362	0.00406892320762	-0.07288131618	0.0182980074281	0.0342477357085	0.00778837236312	0.0230540015138	-0.0764297305491	0.0187852575281	-0.014868073457	0.0313209964629	-0.0327328573357	0.0124006528857	-0.0713496639601	-0.0136783413457	0.00139814322885	0.020385047849	0.0169856004697	-0.0350529804782	1.0	-0.00309646294526	0.0130726772231	-0.00463187227616	-0.0417423414068	-0.0133536805374	-0.0611279481507	-0.0267078269154	0.0217607589717	0.0177779915395	-0.016661276957	0.0321283577599	-0.0536772684216	-0.0515902217776	0.0224256574001	-0.0336606349074	0.030474214061	0.0331129282922	-0.00365608030681	0.0780140735032	-0.000656279425034	0.0362852836067	0.0306393630298	-0.0972808679253	-0.0361157975439	0.0320325276301	-0.0350412501607	-0.00541532411588	-0.0482433525316	-0.0276624908902	0.00812083074917	0.00307675505214	-0.0265163560917	0.0484356688833	-0.0529400615555	-0.00420786256713	0.0449332513662	0.040507066669	-0.00428372480969	-0.00315240833132
k__Bacteria;p__Bacteroidetes;c__Bacteroidia;o__Bacteroidales;f__Bacteroidaceae;g__Bacteroides;s__Bacteroides_salyersiae	0.0681887770039	0.0339865842962	-0.0389818939309	0.0282027650271	-0.00220363555997	0.0212122091432	-0.0341311711374	-0.0235758752281	-0.0634606407305	-0.0643558715429	0.0326208806641	-0.0419178190342	-0.0446948436455	0.0435439144506	0.0932452151675	-0.00615678929592	-0.0337760444671	-0.0260095270743	0.0319923047867	-0.00309646294526	1.0	-0.0266985176396	-0.00623703564079	-0.014523060838	-0.0289148222588	0.0157602087847	0.0153513536551	-0.0157605258478	0.00288360687045	-0.00834112988501	-0.00844307473628	-0.0148741841328	0.00182113081873	-0.0378901233623	-0.00109229048077	-0.0111832960844	0.0302492038282	0.0110247650751	0.0158326049574	0.0421157340787	0.0116948545256	0.046038023358	-0.0361728704072	0.00228344864668	-0.0348099306707	-0.0121342905549	0.0200635629607	0.0585243279891	0.020577996228	-0.0437389107242	0.0125239147229	-0.0155472207322	0.0117363532115	0.0249104474789	-0.0143013153845	-0.00551641901022	0.0156933608503	-0.000719565643541	-0.018363188348
k__Bacteria;p__Firmicutes;c__Clostridia;o__Clostridiales;f__Ruminococcaceae;g__Ruminiclostridium;s__[Eubacterium]_siraeum	-0.0419923268112	0.0399649001508	0.0138971461754	0.0184194583995	-0.0336835241713	-0.0307025154134	-0.0424527955825	-0.0134272564679	-0.0422371347593	0.0147784560067	0.0690075317131	-0.000396336700626	-0.0265863078395	-0.0151331863669	-0.0834742870966	-0.0217756777483	-0.0478665114394	-0.0549088215044	0.0816152954409	0.0130726772231	-0.0266985176396	1.0	-0.0214571858407	0.017925737186	-0.0416051919329	-0.0281025737307	-0.0136900823918	-0.0124987189786	0.0232625444868	-0.0267822291143	0.0228781193385	0.0109309080727	0.0183712731047	-0.0266386563821	-0.0674104402538	0.00686705792068	-0.011969820548	-0.0578413792528	-0.013612767592	0.0112719036489	0.0568912163108	-0.0353962390859	-0.0956650318875	0.00596064596369	-0.0350608753465	0.0419343680692	-0.0577116933744	-0.043620249558	-0.0297277603016	0.0589439770957	-0.0214349519659	0.0153796751807	-0.00508110621721	-0.0226864244013	0.0335549153853	0.0222981984977	0.0504530193549	0.0338111096051	0.0436815440632
k__Bacteria;p__Proteobacteria;c__Betaproteobacteria;o__Burkholderiales;f__Sutterellaceae;g__Parasutterella;s__Parasutterella_excrementihominis	-0.0658988680052	0.0173556140314	-0.00281878996481	0.0175778213749	-0.0379204934208	-0.030672195981	0.0524370540529	-0.0330796363835	-0.0211775988432	-0.0429148650891	-0.00747992632454	0.0280417306132	-0.0250471686514	-0.0296429685611	0.00247054244186	0.0247007334258	0.0713623218512	-0.00485396624944	-0.044749534036	-0.00463187227616	-0.00623703564079	-0.0214571858407	1.0	0.0235491421599	0.0572261461148	-0.0598068275189	-0.0231397655741	0.00361178086375	0.0527826788097	0.000782057208928	-0.0177438988827	-0.0361318543421	-0.0232945737614	0.0317241309769	0.00587776176955	0.00497041725046	0.00282156692944	0.0495618854111	-0.0507675214155	-0.00774101023253	-0.0511833120387	-0.0202291016693	0.0612272395163	0.0262662714187	0.0539644658939	0.0181381855728	-0.020428921566	-0.0418217264085	-0.0346096147626	0.0419326284565	-0.0057840698442	0.000442249806781	-0.00889810888438	-0.0959635354451	0.0322187735285	-0.0352528417843	-0.0284650294247	-0.0271637426517	-0.0144779286026
k__Bacteria;p__Actinobacteria;c__Actinobacteria;o__Bifidobacteriales;f__Bifidobacteriaceae;g__Bifidobacterium;s__Bifidobacterium_adolescentis	-0.00698518223752	0.00453679641783	0.00755859342448	0.0517151550743	0.00897348625443	0.00909882264898	-0.0356554157219	0.0358458118939	-0.0407762896106	-0.0678593444407	-0.0648310648639	0.0346063124736	-0.0350294557716	0.10690504477	-0.0555330461695	-0.0395509391593	-0.0369929853166	-0.0221556839554	0.00284607498253	-0.0417423414068	-0.014523060838	0.017925737186	0.0235491421599	1.0	-0.0407228163351	-0.0460257997223	-0.00620044279748	-0.0550340479272	0.0395350355702	-0.0235517630891	0.0116132049662	0.0735544723958	-0.0168226906691	-0.0311244512068	0.0153542600485	-0.0239571525052	-0.0276096293184	-0.00865127844736	-0.028051592467	-0.000351417547935	-0.0582165410286	-0.0254658093539	0.0385568909956	-0.0123070334434	0.0575814704071	-0.017461314725	0.027472613395	0.0146332222761	-0.0358526670909	-0.0269967517435	0.0707141791605	-0.029144729832	-0.0791301947563	0.0480208007008	0.0553521058922	-0.0382310697818	-0.090902674347	-0.0974359642426	0.0888076484145
k__Bacteria;p__Firmicutes;c__Clostridia;o__Clostridiales;f__Oscillospiraceae;g__Oscillibacter;s__Oscillibacter_sp._KLE_1745	0.0519692376839	-0.0183645014916	-0.0486268564412	-0.0300037749225	-0.0480041194681	-0.00448189860924	-0.0456858486868	-0.013802948924	0.00274366777695	0.0622916993946	0.0139719340774	-0.0287864802469	-0.0855060258781	-0.0878581366809	0.0123553774321	-0.00338054620841	0.0657344522859	-0.0468898726595	-0.000475305872464	-0.0133536805374	-0.0289148222588	-0.0416051919329	0.0572261461148	-0.0407228163351	1.0	0.00113092815139	-0.0703238925561	0.0281381663956	-0.00780608892729	0.0170157653612	-0.0103655199342	-0.0140488621543	-0.015470885115	-0.0028346855684	-0.0014724746501	0.0598809671821	0.00946332961377	-0.0087450420489	0.008187627121	0.0185125651249	-0.0663841245112	-0.0462234238334	-0.027725117181	-0.019230484984	-0.0323743148548	-0.0268709912372	0.00671896179695	0.0627496477974	0.0428174380855	0.00943052229819	0.0108455143812	0.0514541115902	0.0257519818907	-0.0127424258243	-0.0252624123439	-0.0250436401221	-0.034951823521	0.0279971181021	0.0313954644561
k__Bacteria;p__Bacteroidetes;c__Bacteroidia;o__Bacteroidales;f__Bacteroidaceae;g__Bacteroides;s__Bacteroides_coprophilus	0.0168357760665	0.0360251533358	-0.035076008532	0.0108917234146	-0.0183449069421	0.0232370053903	0.0107071791503	0.00982626708778	-0.0541204991469	0.00408549990949	-0.010612229936	0.0521485208433	-0.0129064729698	-0.011878889499	-0.0431058006348	0.0506546506692	-0.0590761306815	0.0334790375288	0.0156198886738	-0.0611279481507	0.0157602087847	-0.0281025737307	-0.0598068275189	-0.0460257997223	0.00113092815139	1.0	0.0408080982405	0.00575968063183	0.0212315823336	-0.0190603288687	-0.0024933995398	-0.0598398733577	0.00220330500659	-0.0514461917667	-0.00201084779811	0.0334180955223	-0.00946399482566	0.0248998135573	-0.00812215705892	-0.0169094859519	0.0232607244827	0.0357393816735	0.0261310240652	-0.00582505737064	-0.0274295915381	-0.0288620678659	0.0138296833458	-0.0307528508945	-0.00593308659535	-0.0308056535806	0.00320802438136	-0.0658890790075	0.0140837817882	0.00287116397438	-0.0603485348075	-0.0347841605648	-0.0174269830336	-0.00748430403125	-0.0275375587848
k__Bacteria;p__Firmicutes;c__Clostridia;o__Clostridiales;f__Lachnospiraceae;g__Roseburia;s__Roseburia_intestinalis	-0.058728637421	-0.0132019296338	0.00949630960252	-0.0268328186322	0.0060824653197	0.0253203501019	-0.0141278328825	0.0264943208561	0.0121937917805	-0.0195879573431	-0.0239076645417	-0.00442892944002	0.0477094857682	-0.0732777682577	-0.0147651879747	-0.0182692555957	-0.0246221131817	-0.00574402878445	0.00174087338472	-0.0267078269154	0.0153513536551	-0.0136900823918	-0.0231397655741	-0.00620044279748	-0.0703238925561	0.0408080982405	1.0	-0.0467463823953	0.0224814199157	-0.0860173924936	0.055361455163	0.06957043859	-0.0311615780948	-0.0156315886719	0.123675845057	0.0591704199508	-0.0205263945248	-0.0168097866664	-0.025087774559	-0.0437846720154	0.0161429518703	-0.0375768708495	0.0357834428645	0.0466036682866	-0.0453363613236	-0.0154215798963	-0.0268456931114	0.0749098002091	0.00973082868104	0.00284986279538	0.00443594260276	-0.058325397865	0.00376009213745	0.0198072225164	-0.047398441882	-0.0219150925241	-0.0240297603609	0.0341960829901	0.0233749640644
k__Bacteria;p__Firmicutes;c__Clostridia;o__Clostridiales;f__Lachnospiraceae;g__Roseburia;s__Roseburia_hominis	-0.0227558701962	0.0345252678491	0.00637035018	-0.0518864670297	0.0183376032849	-0.048700316662	-0.0599591031742	0.0286842349762	-0.0661820067938	-0.00801785169948	-0.0347677269529	-0.020555981164	-0.0502965048361	-0.0182079496615	-0.0129746371718	-0.0412680778868	0.00280258827144	0.0120739371672	0.0183825596469	0.0217607589717	-0.0157605258478	-0.0124987189786	0.00361178086375	-0.0550340479272	0.0281381663956	0.00575968063183	-0.0467463823953	1.0	-0.0541732247482	-0.00648380226643	-0.0496492838009	-0.0593551765491	0.0373880805082	-0.00360043720158	-0.0419924833	0.00467731313812	-0.0466418494175	-0.0178820292145	0.0392333744883	-0.0157141433553	-0.0144898116273	-0.0326307062278	-0.00542751318314	0.022191078068	-0.00549998634286	0.00290711919925	0.0206477422014	0.0482228405584	-0.0346278297178	0.0307016068017	0.0283229272284	-0.0837747853291	-0.058638932568	0.0286677892683	0.00233212299751	-0.0166891570704	0.0077693331691	-0.0422830539344	0.042287400895
k__Bacteria;p__Bacteroidetes;c__Bacteroidia;o__Bacteroidales;f__Porphyromonadaceae;g__Parabacteroides;s__Parabacteroides_johnsonii	-0.0403722383519	-0.0894389928824	0.034723744658	0.0500420434894	-0.0349382508627	0.000436451407535	0.0352735938658	-0.0147361778924	-0.0246892883768	0.0629216320448	-0.0324555613225	-0.0126102627484	-4.31351582312e-06	0.0555515610577	-0.00792157600281	-0.0145582730702	-0.0185911043434	-0.0284680980071	-0.0132098464196	0.0177779915395	0.00288360687045	0.0232625444868	0.0527826788097	0.0395350355702	-0.00780608892729	0.0212315823336	0.0224814199157	-0.0541732247482	1.0	-0.0615888982974	0.0276976139874	-0.0850237363505	-0.00183719552434	-0.0058816979811	-0.0537800556231	0.0336212775696	-0.0697117790856	0.0090192639117	-0.024406933295	-0.00594422681196	-0.0458801177601	0.00800695853322	-0.0619070240857	0.0100384789653	-0.0480760442762	0.0457453598222	0.00117291496977	0.0258935364091	-0.0687196187063	0.0236325223458	-0.0325079906229	-0.0265578459716	0.0158962636564	-0.00637661089245	-0.0125068786787	-0.0512210623409	-0.0321579768292	0.0608294919706	0.00572331885283
k__Bacteria;p__Actinobacteria;c__Actinobacteria;o__Bifidobacteriales;f__Bifidobacteriaceae;g__Bifidobacterium;s__Bifidobacterium_longum	0.0311420187402	0.0168359866598	0.0228995875819	0.0540946476459	-0.0639487416885	-0.0138084854795	0.00357723294093	0.0227371167813	0.013769835037	0.0410937146874	0.0237469088269	-0.0434162705816	0.0613300379486	-0.0166390708423	-0.0393725747994	0.0175882091455	0.058607306583	-0.0280721272663	0.0259841737123	-0.016661276957	-0.00834112988501	-0.0267822291143	0.000782057208928	-0.0235517630891	0.0170157653612	-0.0190603288687	-0.0860173924936	-0.00648380226643	-0.0615888982974	1.0	-0.0243049233224	0.00489221126022	0.0108929217453	0.0109442268409	-0.00046261417732	-0.0376605946643	-0.0414918717002	0.00404914634595	-0.0548819230816	-0.00506099054986	-0.0188956689205	0.00237603927848	-0.00951164729809	0.0210472060197	0.0240455149958	-0.00957754466407	-0.00604083672619	-0.00893918470888	0.0235158605107	0.035945032554	0.0726360893577	-0.0058468070111	-0.0693906832704	-0.0144738244451	0.0107031232502	-0.02772791908	-0.0654169511534	-0.0212257149758	0.0530321038679
