#taxonomy	k__Bacteria;p__Bacteroidetes;c__Bacteroidia;o__Bacteroidales;f__Bacteroidaceae;g__Bacteroides;s__Bacteroides_vulgatus	k__Bacteria;p__Bacteroidetes;c__Bacteroidia;o__Bacteroidales;f__Bacteroidaceae;g__Bacteroides;s__Bacteroides_uniformis	k__Bacteria;p__Bacteroidetes;c__Bacteroidia;o__Bacteroidales;f__Rikenellaceae;g__Alistipes;s__Alistipes_putredinis	k__Bacteria;p__Bacteroidetes;c__Bacteroidia;o__Bacteroidales;f__Prevotellaceae;g__Prevotella;s__Prevotella_copri	k__Bacteria;p__Bacteroidetes;c__Bacteroidia;o__Bacteroidales;f__Bacteroidaceae;g__Bacteroides;s__Bacteroides_stercoris	k__Bacteria;p__Bacteroidetes;c__Bacteroidia;o__Bacteroidales;f__Bacteroidaceae;g__Bacteroides;s__Bacteroides_ovatus	k__Bacteria;p__Bacteroidetes;c__Bacteroidia;o__Bacteroidales;f__Rikenellaceae;g__Alistipes;s__Alistipes_shahii	k__Bacteria;p__Firmicutes;c__Clostridia;o__Clostridiales;f__Ruminococcaceae;g__Faecalibacterium;s__Faecalibacterium_prausnitzii	k__Bacteria;p__Bacteroidetes;c__Bacteroidia;o__Bacteroidales;f__Rikenellaceae;g__Alistipes;s__Alistipes_finegoldii	k__Bacteria;p__Bacteroidetes;c__Bacteroidia;o__Bacteroidales;f__Porphyromonadaceae;g__Parabacteroides;s__Parabacteroides_distasonis	k__Bacteria;p__Bacteroidetes;c__Bacteroidia;o__Bacteroidales;f__Bacteroidaceae;g__Bacteroides;s__Bacteroides_thetaiotaomicron	k__Bacteria;p__Bacteroidetes;c__Bacteroidia;o__Bacteroidales;f__Bacteroidaceae;g__Bacteroides;s__Bacteroides_coprocola	k__Bacteria;p__Bacteroidetes;c__Bacteroidia;o__Bacteroidales;f__Bacteroidaceae;g__Bacteroides;s__Bacteroides_cellulosilyticus	k__Bacteria;p__Bacteroidetes;c__Bacteroidia;o__Bacteroidales;f__Rikenellaceae;g__Alistipes;s__Alistipes_obesi	k__Bacteria;p__Firmicutes;c__Clostridia;o__Clostridiales;f__Lachnospiraceae;g__;s__[Eubacterium]_rectale	k__Bacteria;p__Bacteroidetes;c__Bacteroidia;o__Bacteroidales;f__Bacteroidaceae;g__Bacteroides;s__Bacteroides_plebeius	k__Bacteria;p__Bacteroidetes;c__Bacteroidia;o__Bacteroidales;f__Bacteroidaceae;g__Bacteroides;s__Bacteroides_fragilis	k__Bacteria;p__Proteobacteria;c__Betaproteobacteria;o__Burkholderiales;f__Sutterellaceae;g__Sutterella;s__Sutterella_wadsworthensis	k__Bacteria;p__Bacteroidetes;c__Bacteroidia;o__Bacteroidales;f__Porphyromonadaceae;g__Barnesiella;s__Barnesiella_intestinihominis	k__Bacteria;p__Bacteroidetes;c__Bacteroidia;o__Bacteroidales;f__Odoribacteraceae;g__Odoribacter;s__Odoribacter_splanchnicus	k__Bacteria;p__Bacteroidetes;c__Bacteroidia;o__Bacteroidales;f__Bacteroidaceae;g__Bacteroides;s__Bacteroides_salyersiae	k__Bacteria;p__Firmicutes;c__Clostridia;o__Clostridiales;f__Ruminococcaceae;g__Ruminiclostridium;s__[Eubacterium]_siraeum	k__Bacteria;p__Proteobacteria;c__Betaproteobacteria;o__Burkholderiales;f__Sutterellaceae;g__Parasutterella;s__Parasutterella_excrementihominis	k__Bacteria;p__Actinobacteria;c__Actinobacteria;o__Bifidobacteriales;f__Bifidobacteriaceae;g__Bifidobacterium;s__Bifidobacterium_adolescentis	k__Bacteria;p__Firmicutes;c__Clostridia;o__Clostridiales;f__Oscillospiraceae;g__Oscillibacter;s__Oscillibacter_sp._KLE_1745	k__Bacteria;p__Bacteroidetes;c__Bacteroidia;o__Bacteroidales;f__Bacteroidaceae;g__Bacteroides;s__Bacteroides_coprophilus	k__Bacteria;p__Firmicutes;c__Clostridia;o__Clostridiales;f__Lachnospiraceae;g__Roseburia;s__Roseburia_intestinalis	k__Bacteria;p__Firmicutes;c__Clostridia;o__Clostridiales;f__Lachnospiraceae;g__Roseburia;s__Roseburia_hominis	k__Bacteria;p__Bacteroidetes;c__Bacteroidia;o__Bacteroidales;f__Porphyromonadaceae;g__Parabacteroides;s__Parabacteroides_johnsonii	k__Bacteria;p__Actinobacteria;c__Actinobacteria;o__Bifidobacteriales;f__Bifidobacteriaceae;g__Bifidobacterium;s__Bifidobacterium_longum	k__Bacteria;p__Firmicutes;c__Clostridia;o__Clostridiales;f__;g__Flavonifractor;s__Flavonifractor_plautii	k__Bacteria;p__Firmicutes;c__Clostridia;o__Clostridiales;f__Clostridiaceae;g__Clostridium;s__Clostridium_phoceensis	k__Bacteria;p__Verrucomicrobia;c__Verrucomicrobiae;o__Verrucomicrobiales;f__Akkermansiaceae;g__Akkermansia;s__Akkermansia_muciniphila	k__Bacteria;p__Bacteroidetes;c__Bacteroidia;o__Bacteroidales;f__Prevotellaceae;g__Paraprevotella;s__Paraprevotella_xylaniphila	k__Bacteria;p__Firmicutes;c__Clostridia;o__Clostridiales;f__Ruminococcaceae;g__Ruminococcus;s__Ruminococcus_callidus	k__Bacteria;p__Bacteroidetes;c__Bacteroidia;o__Bacteroidales;f__Rikenellaceae;g__Alistipes;s__Alistipes_senegalensis	k__Bacteria;p__Firmicutes;c__Clostridia;o__Clostridiales;f__Lachnospiraceae;g__Blautia;s__Blautia_sp._KLE_1732	k__Bacteria;p__Bacteroidetes;c__Bacteroidia;o__Bacteroidales;f__Bacteroidaceae;g__Bacteroides;s__Bacteroides_oleiciplenus	k__Bacteria;p__Firmicutes;c__Clostridia;o__Clostridiales;f__Ruminococcaceae;g__Ruminococcus;s__Ruminococcus_bicirculans	k__Bacteria;p__Bacteroidetes;c__Bacteroidia;o__Bacteroidales;f__Bacteroidaceae;g__Bacteroides;s__Bacteroides_fluxus	k__Bacteria;p__Bacteroidetes;c__Bacteroidia;o__Bacteroidales;f__Prevotellaceae;g__Prevotella;s__Prevotella_stercorea	k__Bacteria;p__Firmicutes;c__Clostridia;o__Clostridiales;f__Lachnospiraceae;g__Dorea;s__Dorea_longicatena	k__Bacteria;p__Firmicutes;c__Clostridia;o__Clostridiales;f__Eubacteriaceae;g__Eubacterium;s__[Eubacterium]_eligens	k__Bacteria;p__Firmicutes;c__Clostridia;o__Clostridiales;f__Ruminococcaceae;g__;s__Ruminococcaceae_bacterium_D16	k__Bacteria;p__Firmicutes;c__Clostridia;o__Clostridiales;f__Lachnospiraceae;g__Coprococcus;s__Coprococcus_comes	k__Bacteria;p__Proteobacteria;c__Gammaproteobacteria;o__Enterobacterales;f__Enterobacteriaceae;g__Escherichia;s__Escherichia_coli	k__Bacteria;p__Firmicutes;c__Clostridia;o__Clostridiales;f__Ruminococcaceae;g__Anaerotruncus;s__Anaerotruncus_colihominis	k__Bacteria;p__Firmicutes;c__Clostridia;o__Clostridiales;f__Lachnospiraceae;g__Blautia;s__Blautia_obeum	k__Bacteria;p__Bacteroidetes;c__Bacteroidia;o__Bacteroidales;f__Odoribacteraceae;g__Odoribacter;s__Odoribacter_laneus	k__Bacteria;p__Firmicutes;c__Clostridia;o__Clostridiales;f__Ruminococcaceae;g__Ruminiclostridium;s__[Clostridium]_leptum	k__Bacteria;p__Bacteroidetes;c__Bacteroidia;o__Bacteroidales;f__Porphyromonadaceae;g__Parabacteroides;s__Parabacteroides_goldsteinii	k__Bacteria;p__Firmicutes;c__Clostridia;o__Clostridiales;f__Lachnospiraceae;g__Anaerostipes;s__Anaerostipes_hadrus	k__Bacteria;p__Firmicutes;c__Clostridia;o__Clostridiales;f__Ruminococcaceae;g__Ruminococcus;s__Ruminococcus_lactaris	k__Bacteria;p__Firmicutes;c__Clostridia;o__Clostridiales;f__Clostridiaceae;g__Clostridium;s__Clostridium_sp._L2-50	k__Bacteria;p__Firmicutes;c__Clostridia;o__Clostridiales;f__Clostridiaceae;g__Clostridium;s__Clostridium_sp._M62/1	k__Bacteria;p__Firmicutes;c__Clostridia;o__Clostridiales;f__;g__Intestinimonas;s__Intestinimonas_butyriciproducens	k__Bacteria;p__Actinobacteria;c__Actinobacteria;o__Bifidobacteriales;f__Bifidobacteriaceae;g__Bifidobacterium;s__Bifidobacterium_bifidum	k__Bacteria;p__Firmicutes;c__Negativicutes;o__Veillonellales;f__Veillonellaceae;g__Dialister;s__Dialister_invisus	k__Bacteria;p__Bacteroidetes;c__Bacteroidia;o__Bacteroidales;f__Bacteroidaceae;g__Bacteroides;s__Bacteroides_salanitronis
k__Bacteria;p__Bacteroidetes;c__Bacteroidia;o__Bacteroidales;f__Bacteroidaceae;g__Bacteroides;s__Bacteroides_vulgatus	1.0	-0.0160020344952	0.0159400313146	-0.0214266324845	0.0094241192819	0.0282128121278	0.0362084566782	0.0218165344775	-0.0185214378573	-0.0910816181909	0.0202513925609	-0.0275149888447	-0.01439491343	0.0457529765179	0.0317476470352	0.0449030728164	0.030335782713	0.0241005184952	0.00862187603216	-0.0291713798011	0.0023871070184	-0.0264900204387	0.0140359358266	-0.0513505828331	-0.0247366554285	-0.0167513910114	0.0113176236892	0.014573336921	0.0112180261985	-0.0391264337094	0.0313186658586	0.0521031631243	0.0407316826506	-0.0175642459168	-0.0399887075933	-0.0204525466388	-0.0322107990221	0.0118004199851	-0.0255133036705	-0.0342232390229	-0.0318003074421	-0.07502041577	0.0231376894206	-0.0421969882583	0.00565906286477	-0.0333547075712	0.0426833658745	-0.0485501267104	-0.0064260655049	-0.033192745742	-0.0365523740209	-0.0272047548034	-0.00220867086024	-0.0337308773759	0.0347650358916	0.0648565965407	-0.0752498318967	-0.0394275441026	0.0177705595491
k__Bacteria;p__Bacteroidetes;c__Bacteroidia;o__Bacteroidales;f__Bacteroidaceae;g__Bacteroides;s__Bacteroides_uniformis	-0.0160020344952	1.0	0.0452698718841	-0.0327011142593	0.0308241289588	-0.0550344725068	0.0213238451991	-0.0307671435996	0.0201621462258	-0.0644799845521	-0.00627844199185	0.0403501265655	-0.0367313052356	0.0258610675585	0.0137956643254	0.0586155101882	0.0308670863438	-0.013839244807	-0.0658296974297	-0.0563395894092	0.084465521453	-0.0131653494794	-0.029720619295	0.0308496811212	-0.0975223041447	-0.0275695586233	-0.0385743839617	-0.0469419389197	-0.0357583301804	-0.0222056098789	-0.00655936825679	0.0193904918	0.00495355163556	-0.0224434841405	-0.0601465877655	0.00451141587909	-0.00856077426741	0.0012800873703	-0.0125581159108	0.0261033908567	-0.0146678362515	0.0322844907728	0.00337976339142	-0.0160821322286	-0.0227055344131	0.00871222446052	-0.00354653191967	-0.0219005716297	-0.0140291338007	0.013087056487	-0.000668741806792	0.0230585351857	0.0385070010787	0.00569307174021	0.0322990672725	-0.0256266421085	0.0197536611373	0.00436404752215	0.025702713375
k__Bacteria;p__Bacteroidetes;c__Bacteroidia;o__Bacteroidales;f__Rikenellaceae;g__Alistipes;s__Alistipes_putredinis	0.0159400313146	0.0452698718841	1.0	-0.0453014725277	0.0134464457991	0.0472108670759	-0.0169303667357	0.0246450723914	0.0274395564889	-0.0381370651977	-0.0648695074866	0.0087335421996	-0.00891324848184	0.0262710592955	-0.0842452379896	0.0369675766517	0.00322608107238	-0.00895395185764	-0.049175978174	0.0168421364341	0.050407401091	0.00331654222859	-0.0320165357468	0.00361169092364	-0.0235590706948	0.00140947179344	-0.00190174558273	0.0116789374985	-0.0808718361322	-0.0438877944463	-0.0101833990209	-0.0393805149224	0.0263893181231	0.0268608320622	0.030508371009	-0.0641125008974	-0.0330334914566	-0.0371454655711	-0.030471411078	0.0205817350813	-0.0165716917506	-0.00155948219568	-0.0140505025222	-0.0690658289335	-0.0397770330706	0.0248403146471	0.0145723030558	0.0054363619148	0.0316707370402	0.0686402170709	0.0329438009749	0.0236295153111	-0.0011727824874	-0.0895614034155	-0.0612652739673	-0.0106140817356	-0.0440292314465	0.0018196146666	-0.0193778500848
k__Bacteria;p__Bacteroidetes;c__Bacteroidia;o__Bacteroidales;f__Prevotellaceae;g__Prevotella;s__Prevotella_copri	-0.0214266324845	-0.0327011142593	-0.0453014725277	1.0	-0.00022818579658	-0.0220771228964	-0.0426039612943	-0.0415561588337	-0.00496419329639	0.0274753226207	-0.0607660592851	-0.0346818922722	0.0561792181711	-0.0543226338036	-0.01662596068	0.0326149002202	-0.0952207615193	0.0585223513852	-0.0293530534069	-0.0824046569929	4.31844908859e-05	0.00185513625816	-0.0491158896964	0.0372149648251	0.0226724009971	-0.0246011550829	0.0782587467167	0.063084420876	0.00268025133771	0.073549808524	-0.00586154414729	-0.0564038171793	-0.0595006572883	-0.0353522830877	0.0151426788306	0.00770047224475	0.0158850806371	-0.0286884025823	0.00959978074811	-0.00051940678141	-0.0167745743765	-0.00517633747675	0.0380714212671	-0.0298860783731	-0.0845400513274	-0.0580510163897	0.0373542173232	-0.0537494950875	-0.0534633990907	-0.0710609697192	-0.00342759882051	-0.0949054788808	-0.0170772185119	0.0311495333119	0.0513916406058	-0.00742041820474	-0.0223706584487	0.0125730456225	-0.0691901832919
k__Bacteria;p__Bacteroidetes;c__Bacteroidia;o__Bacteroidales;f__Bacteroidaceae;g__Bacteroides;s__Bacteroides_stercoris	0.0094241192819	0.0308241289588	0.0134464457991	-0.000228185796581	1.0	0.0222928259115	0.0323318353466	-0.0185624621629	-0.042657947736	-0.0151541619596	0.0587019185451	-0.0316131452424	-0.0124091985794	0.02273778398	-0.0179471577538	-0.0475040174016	0.0137663627552	0.0075442176861	-0.00728718875536	-0.0463423390654	0.00731951739544	-0.0310064943788	-0.0205945203345	-0.0272985843875	0.0258727017579	-0.0452692562757	-0.0118096769632	0.0549198141767	0.0449856884932	-0.0193951379453	-0.00786164949333	-0.071329205251	-0.00422549273529	-0.047815661943	0.0293244838674	-0.0349711308312	0.0751471181536	-0.0614874470763	0.0788067685729	0.0023989795079	0.0473410001259	-0.0425111841779	-0.0275071033911	-0.0347552758062	0.0833405910985	-0.0120465594531	-0.0847430892888	-0.0045061410958	-0.0356983711499	0.0432539341977	0.0749194087554	0.0596599960866	-0.116796197552	0.0273700542445	-0.0280653336218	-0.00842576408527	-0.0216934483362	0.0499624349649	-0.0835938267201
k__Bacteria;p__Bacteroidetes;c__Bacteroidia;o__Bacteroidales;f__Bacteroidaceae;g__Bacteroides;s__Bacteroides_ovatus	0.0282128121278	-0.0550344725068	0.0472108670759	-0.0220771228964	0.0222928259115	1.0	0.022377070785	-0.0356280435874	0.0232443143951	0.0045402670794	-0.00908286247437	0.0189796331372	-0.0109346579109	-0.057614703231	-0.022115931931	0.0253227349514	0.0388543885443	-0.0345429366258	0.020476028606	-0.0383420021847	-0.027839227353	-0.0247805280036	0.0167431177964	0.0523429468595	-0.0152121349953	-0.048084235442	-0.00120682874936	-0.0303073485489	0.0318877966582	0.0362565052351	-0.0104003869309	-0.051753720543	-0.0333431083125	-0.0613144225763	-0.0124899964536	-0.0644043838652	0.00576100277024	0.0458387966666	-0.0161269000743	0.0159835022745	-0.0616289070568	-0.0075117133356	-0.00125706859122	-0.0288443583543	0.00350256508522	0.00329407695007	0.00153779457562	0.0173807579088	0.0113003575026	0.00854210125155	-0.0618330654138	-0.000860855957304	-0.0474966145159	-0.0398989193743	0.0611691254721	0.0472139168316	-0.0266386624507	0.00723999572732	-0.00994506422029
k__Bacteria;p__Bacteroidetes;c__Bacteroidia;o__Bacteroidales;f__Rikenellaceae;g__Alistipes;s__Alistipes_shahii	0.0362084566782	0.0213238451991	-0.0169303667357	-0.0426039612943	0.0323318353466	0.022377070785	1.0	0.00559199664562	0.00914408197885	-0.0595854573306	-0.026253395012	-0.0758064730694	-0.0629433661501	-0.0243842339213	-0.0371321189737	-0.0399731561322	0.00829410312069	0.0063175480418	-0.0126586895838	0.0333634206824	0.0150411557461	0.0528429016607	0.0266856198068	-0.0354216533188	-0.0167582653813	-0.0238530264275	-0.0307632172966	-0.00922715915655	-0.0240667120459	0.0247245815521	-0.0196469614065	-0.0165550899458	-0.0546611152205	0.0140064943039	-0.00103624278973	-0.0245867657426	0.000735996132788	0.0408326869176	-0.00689641301646	-0.0188107104013	-0.0566697909215	-0.0178750137953	-0.00939561291067	0.00827904850432	0.0177394980586	-0.00904656852701	-0.0578124751334	-0.00265049252377	0.019100851666	-0.0465062027421	0.0292895234416	-0.0707969701121	0.0357215405848	0.0460538083182	0.0151036454549	-0.0536318247542	0.0308171915212	0.00853133765277	-0.0338917433786
k__Bacteria;p__Firmicutes;c__Clostridia;o__Clostridiales;f__Ruminococcaceae;g__Faecalibacterium;s__Faecalibacterium_prausnitzii	0.0218165344775	-0.0307671435996	0.0246450723914	-0.0415561588337	-0.0185624621629	-0.0356280435874	0.00559199664562	1.0	0.0191537974967	-0.0454397917327	-0.00666500245214	0.0564628927157	-0.00245366394176	0.0302432645248	-0.0298109235731	0.0122332041868	-0.0273013323369	-0.00621116051436	-0.0260131539072	-0.0110046227109	-0.00145330381492	0.044750581193	-0.0363193845179	-0.00374813884016	-0.0408878093754	-0.0327958801527	-0.0537383885956	-0.00899556589864	0.0656695060135	0.0123186348482	0.00462098264946	-0.036236040523	0.0159067268908	-0.00430995455124	-0.0380760963431	-0.0155513686589	-0.0211976279287	-0.0192448576534	-0.00943822100974	-0.0175902321013	0.0573336077173	0.0389803691478	0.0113895656754	-0.0293683045208	-0.010921719656	-0.0360133161048	-0.040084128196	-0.00911317089246	-0.00962924001281	-0.0832466758897	0.0127851526479	0.0314646603425	0.0192890590063	-0.0270769835337	-0.0663567719218	-0.0442066489728	-0.0372767704648	-0.0300446602045	0.0140235476573
k__Bacteria;p__Bacteroidetes;c__Bacteroidia;o__Bacteroidales;f__Rikenellaceae;g__Alistipes;s__Alistipes_finegoldii	-0.0185214378573	0.0201621462258	0.0274395564889	-0.00496419329639	-0.042657947736	0.0232443143951	0.00914408197885	0.0191537974967	1.0	-0.0692290730844	-0.0303767439021	-0.0497585439109	-0.0109241676747	-0.0350180421053	0.00228058739963	0.00636150245336	0.0344012110976	-0.0161257660707	-0.0194587416354	-0.0280858043181	0.0112415035226	0.0411672334469	0.00423312196338	-0.022431129022	-0.0541929455364	-0.0119153508277	0.00942551689634	0.0117231719	0.0356716423586	0.0705942624309	-0.0090649177341	-0.0259328888663	0.0304975692542	-0.00483627148063	-0.0514368179533	0.0345131509052	0.00601711051656	0.00718387159933	-0.0261734606978	-0.00863943947214	-0.00609256800976	-0.00552353354782	-0.0150451770224	-0.0537515804894	0.0172782825104	0.0234116244995	-0.0121836933786	-0.0590329510451	-0.0379099518014	0.0203154003173	0.0493549370287	0.0474108002313	0.0700409988023	-0.0385012314011	-0.0584476089889	-0.0631137393059	-0.0339995835993	-0.0713723622894	0.0111898166276
k__Bacteria;p__Bacteroidetes;c__Bacteroidia;o__Bacteroidales;f__Porphyromonadaceae;g__Parabacteroides;s__Parabacteroides_distasonis	-0.0910816181909	-0.0644799845521	-0.0381370651977	0.0274753226207	-0.0151541619596	0.0045402670794	-0.0595854573306	-0.0454397917327	-0.0692290730844	1.0	-0.0340869443568	0.0113392641728	0.00608644142905	-0.00937531784612	0.0129702430778	-0.00593463678602	-0.061422667043	-0.0409772990344	-0.0187444818611	0.0416363755978	-0.0633298869173	0.0420489165816	0.00530951916849	0.00813841175535	0.0184491012521	0.0502165698895	-0.0393034311677	-0.00584012594889	0.041970393444	0.00485324135754	-0.0285507492408	-0.000399442668218	-0.033411535238	-0.0719629028393	-0.0527536217058	0.0416941695746	-0.0153384868843	-0.0404854018396	0.00263834666304	0.0181965538018	0.0142892962306	-0.0333598283201	-0.0214121387415	-0.0242444110909	0.00559472466935	0.00940258516049	0.027132908623	0.0601840569763	0.0299023657907	0.00213096366775	-0.0286231754639	-0.0211964447864	0.00944998263768	0.0205872410541	-0.0577622409556	0.00900061052603	-0.00587278825988	0.0204445595342	-0.0398113097263
k__Bacteria;p__Bacteroidetes;c__Bacteroidia;o__Bacteroidales;f__Bacteroidaceae;g__Bacteroides;s__Bacteroides_thetaiotaomicron	0.0202513925609	-0.00627844199185	-0.0648695074866	-0.0607660592851	0.0587019185451	-0.00908286247437	-0.026253395012	-0.00666500245214	-0.0303767439021	-0.0340869443568	1.0	0.00622686417457	-0.0636112140172	0.0375419489507	0.0398354763166	0.0136554067192	-0.0436223993323	-0.0447148606066	0.0175887341452	0.0834443692481	-0.0289684844093	-0.0263205688075	-0.00636138082202	-0.00357169992509	-0.0283434431082	0.00914973086213	-0.0462600817663	-0.0639792646918	0.00676975838369	-0.0168955707241	0.0170394494325	-0.0208212366826	0.0166013682921	-0.0330041348347	0.0203231119357	-0.00430527767589	-0.0532275638627	-0.00187678895899	0.049135867128	-0.0317438193672	-0.0251605034715	0.0185832453909	0.0313368188415	0.00953150069427	0.0151525581642	0.0155983978191	-0.0494577504646	-0.0596470621516	0.0248820880193	-0.0794973333924	0.0638336474944	0.0452511218942	-0.021558014428	0.0115307440748	0.00940621948747	-0.0100093209775	-0.070493337793	-0.00556605075867	0.0155256144272
k__Bacteria;p__Bacteroidetes;c__Bacteroidia;o__Bacteroidales;f__Bacteroidaceae;g__Bacteroides;s__Bacteroides_coprocola	-0.0275149888447	0.0403501265655	0.0087335421996	-0.0346818922722	-0.0316131452424	0.0189796331372	-0.0758064730694	0.0564628927157	-0.0497585439109	0.0113392641728	0.00622686417457	1.0	0.00460773013682	-0.0491596100464	-0.0488045689158	0.015078160316	0.0235535045567	0.0305771427749	-0.0118099877321	-0.0275072871459	-0.0900305594614	0.0698623098984	0.0111283026208	-0.0118482624826	0.019871670469	0.00149826725394	-0.0482768679323	-0.0122960966162	0.0199170969185	-0.0311744137467	0.035037258808	0.0394724653419	-0.0445462033024	-0.00988791426917	-0.0547670293013	0.0212673306136	0.0215675105375	0.0172250399874	-0.0397089636998	-0.00139878174974	-0.039225296373	0.0689731895642	-0.034928195405	-0.0188535562786	-0.0383118259652	-0.0325232039055	0.0680598672094	-0.0358362903775	-0.00651230932218	-0.0317272964046	0.0727613986172	-0.0374373142878	-0.0104732773779	-0.0329295020603	0.0275896382724	-0.0599135389602	-0.0290312081742	0.0205779266314	-0.0286974246393
k__Bacteria;p__Bacteroidetes;c__Bacteroidia;o__Bacteroidales;f__Bacteroidaceae;g__Bacteroides;s__Bacteroides_cellulosilyticus	-0.01439491343	-0.0367313052356	-0.00891324848184	0.0561792181711	-0.0124091985794	-0.0109346579109	-0.0629433661501	-0.00245366394176	-0.0109241676747	0.00608644142905	-0.0636112140172	0.00460773013682	1.0	-0.00969656898833	0.0263205670447	-0.0508718729239	-0.0451604955618	-0.0340335946156	-0.0293432985455	0.0185231757541	0.00497467213697	-0.0260489408858	0.0340301650183	-0.0381275843693	0.0417543041186	-0.0512634901738	-0.0411958476276	-0.0385594656676	-0.0905706116217	-0.0100215211324	-0.011936245812	0.0336299496348	-0.0755033982671	0.00972228686312	-0.0327239693504	0.0412729157927	0.00531166620502	0.0111430132084	-0.0262506979703	-0.00360467058216	-0.0769570443423	0.0380937356661	0.0137416263392	-0.0802078568698	0.00342416506663	0.0045734938995	0.0190185246775	-0.0190820736223	0.0142298498368	-0.0363698442108	0.00460177364299	0.048416998861	-0.0177788742765	0.0398626345367	0.0384651680099	-0.0392715748601	-0.0380160926815	0.0436216025115	-0.04661533298
k__Bacteria;p__Bacteroidetes;c__Bacteroidia;o__Bacteroidales;f__Rikenellaceae;g__Alistipes;s__Alistipes_obesi	0.0457529765179	0.0258610675585	0.0262710592955	-0.0543226338036	0.02273778398	-0.057614703231	-0.0243842339213	0.0302432645248	-0.0350180421053	-0.00937531784612	0.0375419489507	-0.0491596100464	-0.00969656898833	1.0	0.0147115262681	0.0152431659438	-0.0169507914479	0.00916588495179	-0.00350534925855	0.00864017916009	0.0336712486286	0.0124359281193	0.00679610803483	-0.0520068675457	0.0291105797056	-0.0384612337094	-0.0150776775162	-0.0260250290834	0.0520960025809	-0.0267345218562	-0.0169193160997	-0.0395126964609	-0.0154397737321	-0.0849493717255	0.0711122552119	0.0115535069366	-0.0121458494641	-0.0217159028471	-0.00478908936366	0.0602939550939	0.0240524006117	-0.042726775891	-0.0680724864539	-0.051528949992	-0.0452418125741	-0.0204333568872	0.0360939862039	0.0089629200401	0.0257318843223	0.0248816836707	0.0392880324677	-0.0443219676428	-0.0191878972307	0.0584757157155	-0.0397603563172	0.0781333368174	0.0399354420585	-0.053741984644	-0.0156815197347
k__Bacteria;p__Firmicutes;c__Clostridia;o__Clostridiales;f__Lachnospiraceae;g__;s__[Eubacterium]_rectale	0.0317476470352	0.0137956643254	-0.0842452379896	-0.01662596068	-0.0179471577538	-0.022115931931	-0.0371321189737	-0.0298109235731	0.00228058739963	0.0129702430778	0.0398354763166	-0.0488045689158	0.0263205670447	0.0147115262681	1.0	-0.0064149137199	0.00115138773996	-0.039392921451	-0.0336114840373	0.0494155033307	-0.0478443795589	-0.0409777856537	0.0116922697674	0.0382473472753	0.0227138057522	0.0140306926865	-0.0504727617478	0.0167964841362	-0.0372314192646	-0.0894692881094	-0.00490636247838	-0.0418946755001	0.0598345579394	0.0165654429912	0.00943382407589	-0.0196096168226	0.0698779667533	0.00863540621393	0.0198729678435	0.00147876568058	-0.0148125729635	-0.0646753344262	-0.0230897016498	-0.0299306156738	0.0110431038503	0.0365052322784	-0.00995206645745	-0.0190735212634	-0.039467168929	-0.0184458837634	0.0203775235711	-0.0379362854638	-0.0209384510153	-0.0378667015548	0.0916178255497	-0.000877597374309	0.0249871481468	-0.00323442257935	0.0194918271318
k__Bacteria;p__Bacteroidetes;c__Bacteroidia;o__Bacteroidales;f__Bacteroidaceae;g__Bacteroides;s__Bacteroides_plebeius	0.0449030728164	0.0586155101882	0.0369675766517	0.0326149002202	-0.0475040174016	0.0253227349514	-0.0399731561322	0.0122332041868	0.00636150245336	-0.00593463678602	0.0136554067192	0.015078160316	-0.0508718729239	0.0152431659438	-0.0064149137199	1.0	-0.00814323971976	0.0175012324369	-0.0312869250453	-0.0225494941184	-0.0467985719429	0.016950606561	-0.0113843565252	-0.0530581121039	-0.0168764737965	0.0404205037791	0.0213445913467	-0.0389851043416	-0.0470010073821	-0.0158966701952	0.00288085947019	-0.0446584948465	0.0992060673168	0.0282421888101	0.037993660602	-0.0204703542667	-0.0498311012066	-0.0295839738289	-0.0320269971326	0.00305186752848	-0.0272114657078	0.028986058878	-0.0519451101628	-0.0717547349977	0.000715370274139	-0.0673301597741	0.00118465028192	-0.0347157803093	0.0272904946019	-0.0478010765449	-0.00544615777352	-0.0249494407998	0.00530345317233	0.0168443710395	-0.0225912409111	0.00336214476295	-0.0105937770867	-0.0184057010752	-0.0378141229562
k__Bacteria;p__Bacteroidetes;c__Bacteroidia;o__Bacteroidales;f__Bacteroidaceae;g__Bacteroides;s__Bacteroides_fragilis	0.030335782713	0.0308670863438	0.00322608107238	-0.0952207615193	0.0137663627552	0.0388543885443	0.00829410312069	-0.0273013323369	0.0344012110976	-0.061422667043	-0.0436223993323	0.0235535045567	-0.0451604955618	-0.0169507914479	0.00115138773996	-0.00814323971976	1.0	-0.011916359425	0.00925228543212	-0.0648976788435	-0.0103347127834	0.0745302181575	-0.0570947696776	-0.0113530179038	-0.0596177312169	0.0115046441846	0.0519236500173	-0.00391862721733	0.0604592288798	-0.0734633700892	-0.00554036829924	0.0288323748476	-0.0587195730373	-0.026037954029	-0.0206211161616	-0.0334459831375	0.0126646917312	0.0228185828951	-0.0594864768871	0.0360197467673	-0.0344855630551	0.0119195378905	0.0130784940783	0.0217537233219	-0.00902554531145	0.00208984584631	-0.061691359431	0.0907494359439	-0.0291501686575	0.0182217021627	-0.0365220005495	-0.0474054982426	-0.0418047160148	-0.026690621995	0.00708668433065	-0.0542309566184	-0.0255960727027	-0.0424194297046	0.0695247421947
k__Bacteria;p__Proteobacteria;c__Betaproteobacteria;o__Burkholderiales;f__Sutterellaceae;g__Sutterella;s__Sutterella_wadsworthensis	0.0241005184952	-0.013839244807	-0.00895395185764	0.0585223513852	0.0075442176861	-0.0345429366258	0.0063175480418	-0.00621116051436	-0.0161257660707	-0.0409772990344	-0.0447148606066	0.0305771427749	-0.0340335946156	0.00916588495179	-0.039392921451	0.0175012324369	-0.011916359425	1.0	0.0251842366121	-0.00820638715626	-0.108037094108	-0.0455792705164	-0.0295246803608	-0.0074410592989	-0.0164356707166	-0.00596389015506	0.00678765763594	0.0616281656129	0.0243267908828	0.0590670913735	0.0301392414362	0.0407167075122	-0.0161770338224	0.0165990866876	0.0267099680802	0.0442526089632	0.0323690462201	-0.0689527565227	0.0171686223034	0.00424931499084	-0.0252332537046	-0.0374732327656	0.0376462127287	-0.00345575474713	-0.0342109611761	0.0892475578604	-0.0409324304839	0.000654575254242	-0.0264250583137	0.0113142838018	0.0086387235832	-0.00742505507145	-0.0822165755179	-0.000744407978233	-0.014951474268	0.00992736790496	-0.046376588972	-0.0434005460088	0.0147443919061
k__Bacteria;p__Bacteroidetes;c__Bacteroidia;o__Bacteroidales;f__Porphyromonadaceae;g__Barnesiella;s__Barnesiella_intestinihominis	0.00862187603216	-0.0658296974297	-0.049175978174	-0.0293530534069	-0.00728718875536	0.020476028606	-0.0126586895838	-0.0260131539072	-0.0194587416354	-0.0187444818611	0.0175887341452	-0.0118099877321	-0.0293432985455	-0.00350534925855	-0.0336114840373	-0.0312869250453	0.00925228543212	0.0251842366121	1.0	-0.0071634958388	-0.00755584153982	0.00567549844367	-0.0170775399824	-0.00217297688895	-0.00223589098913	-0.0316936593817	-0.0535582091077	-0.0264676662331	0.0800630970814	0.0473190111939	-0.0157235052619	-0.00193251169563	0.0220611569625	-0.0107963667193	-0.00472978430538	-0.0482027782293	-0.0801732459511	0.0326459629446	-0.0117129477481	0.0248159780933	-0.0112159267099	-0.0753455204353	-0.0318991109029	-0.0571520007395	-0.00927793081898	0.0223503997005	0.0291408185011	-0.0119322624956	-0.0115977765825	-0.0228875494824	0.00196485379037	0.0673494585187	0.0637746366688	-0.00982791831479	0.0379753475838	0.0525238178091	-0.0255795236379	-0.00584657617542	-0.0680151775591
k__Bacteria;p__Bacteroidetes;c__Bacteroidia;o__Bacteroidales;f__Odoribacteraceae;g__Odoribacter;s__Odoribacter_splanchnicus	-0.0291713798011	-0.0563395894092	0.0168421364341	-0.0824046569929	-0.0463423390654	-0.0383420021847	0.0333634206824	-0.0110046227109	-0.0280858043181	0.0416363755978	0.0834443692481	-0.0275072871459	0.0185231757541	0.00864017916009	0.0494155033307	-0.0225494941184	-0.0648976788435	-0.00820638715626	-0.0071634958388	1.0	-0.0543357907273	-0.0167718594022	-0.00669798596943	0.0578401865134	0.0287403896977	-0.0335565097566	-0.00760183694876	0.0490828032818	-0.0386063346767	-0.0446103324368	-0.0355412445173	0.0136327504508	-0.0179057351083	0.0384334280857	-0.0422121867734	-0.0401843696351	0.0204569410019	-0.0128752491694	-0.0163491070921	0.0400354904075	-0.0132212884891	0.0574722963964	-0.0111316120415	0.031746022319	0.0327552382794	0.0600467654168	-0.0707960969253	-0.0189605023667	-0.0262617536019	-0.0346228539653	-0.0022104642535	-0.0241142794725	-0.0210858021421	-0.0531698021212	0.0280904721945	0.0572586151624	-0.0186229281525	0.0149118218764	0.0716595232879
k__Bacteria;p__Bacteroidetes;c__Bacteroidia;o__Bacteroidales;f__Bacteroidaceae;g__Bacteroides;s__Bacteroides_salyersiae	0.0023871070184	0.084465521453	0.050407401091	4.31844908858e-05	0.00731951739544	-0.027839227353	0.0150411557461	-0.00145330381492	0.0112415035226	-0.0633298869173	-0.0289684844093	-0.0900305594614	0.00497467213697	0.0336712486286	-0.0478443795589	-0.0467985719429	-0.0103347127834	-0.108037094108	-0.00755584153982	-0.0543357907273	1.0	0.0316965971959	-0.0354253482535	0.0134732428569	0.0465232256617	0.0469101320247	-0.0125586186253	-0.0172071134273	0.00374520196771	0.0168927129261	-0.00249365515409	0.0210359322634	-0.0194601192226	0.0226005826291	0.0229289275374	-0.0263628168874	-0.0503141650505	-0.00141146757983	-0.0105464142644	-0.0395371691074	0.0343818691855	-0.0113423751483	-0.0154869927684	-0.0177537381521	0.0140613199058	0.0349082812504	-0.0558607949211	-0.0294647596631	-0.00736288602452	0.00731197515985	-0.0240534209142	0.0366144304135	0.047074644906	-0.0284791097199	0.036906113503	-0.0425460543414	0.0611584685796	-0.00301326611274	0.0301368006546
k__Bacteria;p__Firmicutes;c__Clostridia;o__Clostridiales;f__Ruminococcaceae;g__Ruminiclostridium;s__[Eubacterium]_siraeum	-0.0264900204387	-0.0131653494794	0.00331654222859	0.00185513625816	-0.0310064943788	-0.0247805280036	0.0528429016607	0.044750581193	0.0411672334469	0.0420489165816	-0.0263205688075	0.0698623098984	-0.0260489408858	0.0124359281193	-0.0409777856537	0.016950606561	0.0745302181575	-0.0455792705164	0.00567549844367	-0.0167718594022	0.0316965971959	1.0	0.027544883451	-0.0101856102179	-0.0221470143167	-0.0479456048137	0.0136951684761	-0.013248498185	0.0354280424888	-0.0145009818863	-0.103111393897	0.0159679854181	-0.0430683765399	0.0247207607071	0.0323584571048	0.0332271353046	-0.0223596776511	-0.00681909424839	-0.0269711123667	0.0223129412343	-0.036980825467	-0.0322367440293	-0.03701504096	-0.0434919269539	-0.0155546752749	-0.00611053240525	0.0467690268034	-0.0159848186611	0.0171371567613	-0.0596893986972	0.00306092537859	-0.0230146971167	0.0354985099449	-0.0336283178142	-0.0324452453296	-0.0800905101132	-0.0496296175012	0.0356744643233	0.0168613153903
k__Bacteria;p__Proteobacteria;c__Betaproteobacteria;o__Burkholderiales;f__Sutterellaceae;g__Parasutterella;s__Parasutterella_excrementihominis	0.0140359358266	-0.029720619295	-0.0320165357468	-0.0491158896964	-0.0205945203345	0.0167431177964	0.0266856198068	-0.0363193845179	0.00423312196338	0.00530951916849	-0.00636138082202	0.0111283026208	0.0340301650183	0.00679610803483	0.0116922697674	-0.0113843565252	-0.0570947696776	-0.0295246803608	-0.0170775399824	-0.00669798596943	-0.0354253482535	0.027544883451	1.0	0.0135505585014	-0.0243371339613	0.037677396313	-0.0616192904557	-0.00852200016093	-0.0511179443469	0.0450262846158	-0.0138974533448	-0.0100198512687	0.00909814200223	0.0336398749462	0.00799425845306	0.0762347423136	-0.00981016859022	-0.0905034932511	-0.0689633279269	-0.0522680485844	-0.0834658182032	-0.0357016338084	-0.0369866263195	-0.0146742697396	0.00843835650918	-0.0326680857373	0.0440265346168	0.00451042712661	-0.0518582841486	0.0235044540242	-0.0355217952088	0.0206388953674	-0.027983747383	0.0227300311374	-0.0431013235784	-0.0377890895497	0.00589419210285	0.0388074907528	-0.0430036297356
k__Bacteria;p__Actinobacteria;c__Actinobacteria;o__Bifidobacteriales;f__Bifidobacteriaceae;g__Bifidobacterium;s__Bifidobacterium_adolescentis	-0.0513505828331	0.0308496811212	0.00361169092364	0.0372149648251	-0.0272985843875	0.0523429468595	-0.0354216533188	-0.00374813884016	-0.022431129022	0.00813841175535	-0.00357169992509	-0.0118482624826	-0.0381275843693	-0.0520068675457	0.0382473472753	-0.0530581121039	-0.0113530179038	-0.0074410592989	-0.00217297688895	0.0578401865134	0.0134732428569	-0.0101856102179	0.0135505585014	1.0	0.0123432872827	-0.0425226541173	-0.0327026953111	0.00162646573648	-0.0490771411213	0.0529683860876	0.00836357349693	0.0150128824161	0.0726755707094	-0.0525132171888	0.0178223411354	-0.0133969696784	-0.0626079114487	0.00385241121865	0.00890563251665	-0.00943266770981	-0.0554342753293	0.00822328908278	0.00246361353881	0.00234237242726	-0.00291970155267	-0.0342266623233	-0.0421913824083	0.0376803669247	0.0240079588396	0.0833895145116	-0.032870108842	0.00463269447591	-0.0490628037156	0.00190607496068	0.046471667453	0.0263422276695	-0.000214225777237	-0.0502919310785	0.0211597157487
k__Bacteria;p__Firmicutes;c__Clostridia;o__Clostridiales;f__Oscillospiraceae;g__Oscillibacter;s__Oscillibacter_sp._KLE_1745	-0.0247366554285	-0.0975223041447	-0.0235590706948	0.0226724009971	0.0258727017579	-0.0152121349953	-0.0167582653813	-0.0408878093754	-0.0541929455364	0.0184491012521	-0.0283434431082	0.019871670469	0.0417543041186	0.0291105797056	0.0227138057522	-0.0168764737965	-0.0596177312169	-0.0164356707166	-0.00223589098913	0.0287403896977	0.0465232256617	-0.0221470143167	-0.0243371339613	0.0123432872827	1.0	0.0156824149473	0.00243884212801	-0.0109932820364	-0.0187302947589	-0.00242011804579	-0.0134515433842	0.00047096182266	0.0134731148885	-0.0401885623885	-0.0311870990465	0.0379732774877	-0.0729021821135	0.0799856858538	0.0712655902938	-0.0205073529305	-0.0514584297072	-0.038960069602	0.015070883861	-0.0113809003345	0.0265944357585	0.031220334387	-0.0711474628025	-0.020269843948	-0.0149227718345	0.00436543356851	-0.0143117711271	-0.00797128080978	0.0214026221098	0.08061152407	-0.046024976318	0.0807216478882	-0.0095622609554	-0.0116111117975	-0.0127434091003
k__Bacteria;p__Bacteroidetes;c__Bacteroidia;o__Bacteroidales;f__Bacteroidaceae;g__Bacteroides;s__Bacteroides_coprophilus	-0.0167513910114	-0.0275695586233	0.00140947179344	-0.0246011550829	-0.0452692562757	-0.048084235442	-0.0238530264275	-0.0327958801527	-0.0119153508277	0.0502165698895	0.00914973086213	0.00149826725394	-0.0512634901738	-0.0384612337094	0.0140306926865	0.0404205037791	0.0115046441846	-0.00596389015506	-0.0316936593817	-0.0335565097566	0.0469101320247	-0.0479456048137	0.037677396313	-0.0425226541173	0.0156824149473	1.0	-0.0157454667613	-0.0632119998989	-0.0419814670601	-0.0193253286234	-0.00890927564773	-0.0126389872024	0.0602477858774	0.0130924526357	-0.00712461588779	-0.0108603311162	0.0351080748006	-0.0326240407161	0.0247115017604	-0.0576344208705	0.0526260866466	0.0182821588457	-0.00134136924212	-0.0370847132061	0.0209213116488	-0.0244437485972	-0.0162162729407	-0.0158102052521	-0.0373765834844	-0.0434841171264	-0.0642745428285	-0.00700238516822	0.00154003036319	0.109652523735	-0.0114988379586	-0.0553378178637	-0.039374669969	0.0207913014597	0.0298989164112
k__Bacteria;p__Firmicutes;c__Clostridia;o__Clostridiales;f__Lachnospiraceae;g__Roseburia;s__Roseburia_intestinalis	0.0113176236892	-0.0385743839617	-0.00190174558273	0.0782587467167	-0.0118096769632	-0.00120682874936	-0.0307632172966	-0.0537383885956	0.00942551689634	-0.0393034311677	-0.0462600817663	-0.0482768679323	-0.0411958476276	-0.0150776775162	-0.0504727617478	0.0213445913467	0.0519236500173	0.00678765763594	-0.0535582091077	-0.00760183694876	-0.0125586186253	0.0136951684761	-0.0616192904557	-0.0327026953111	0.00243884212801	-0.0157454667613	1.0	0.00641296167683	0.0325085671228	-0.0226149610715	-0.0218435368857	-0.0368061753553	0.00520602647966	-0.00689732228376	0.0429266048113	-0.00622327650967	0.0160642375076	-0.0338100859693	-0.00292580424967	0.0304305579774	-0.0171617942477	0.0167673780865	-0.0924957167025	0.0242052908252	0.0552901219764	-0.0578402878577	-0.0436762613213	0.039971679193	0.00160870643238	0.0328349656225	-0.0216282939841	-0.0220086780118	-0.0559285142851	0.00405957873104	-0.0174240316662	0.0171308505667	-0.0311745669958	-0.00919095402991	-0.0310626252389
k__Bacteria;p__Firmicutes;c__Clostridia;o__Clostridiales;f__Lachnospiraceae;g__Roseburia;s__Roseburia_hominis	0.014573336921	-0.0469419389197	0.0116789374985	0.063084420876	0.0549198141767	-0.0303073485489	-0.00922715915655	-0.00899556589864	0.0117231719	-0.00584012594889	-0.0639792646918	-0.0122960966162	-0.0385594656676	-0.0260250290834	0.0167964841362	-0.0389851043416	-0.00391862721733	0.0616281656129	-0.0264676662331	0.0490828032818	-0.0172071134273	-0.013248498185	-0.00852200016093	0.00162646573648	-0.0109932820364	-0.0632119998989	0.00641296167683	1.0	-0.0704271783712	0.0867162511192	0.0353606184526	-0.0316515368149	0.0387316319089	0.0621351173653	0.0406967923281	-0.0395953487557	-0.00785244870224	0.036405954749	-0.0290392175779	0.00969589188668	0.0339282911611	-0.0195439459511	-0.0543398749951	0.00676141591693	0.0439064297491	0.0326092581338	0.02249153436	-0.0263799319915	-0.00679285029718	0.00301672029569	-0.0630576762549	-0.0338982630376	0.00433026385814	-0.0335800472421	0.0216699428947	-0.0430712935171	0.0343724766537	-0.0167233148676	0.00616101848862
k__Bacteria;p__Bacteroidetes;c__Bacteroidia;o__Bacteroidales;f__Porphyromonadaceae;g__Parabacteroides;s__Parabacteroides_johnsonii	0.0112180261985	-0.0357583301804	-0.0808718361322	0.00268025133771	0.0449856884932	0.0318877966582	-0.0240667120459	0.0656695060135	0.0356716423586	0.041970393444	0.0067697583837	0.0199170969185	-0.0905706116217	0.0520960025809	-0.0372314192646	-0.0470010073821	0.0604592288798	0.0243267908828	0.0800630970814	-0.0386063346767	0.00374520196771	0.0354280424888	-0.0511179443469	-0.0490771411213	-0.0187302947589	-0.0419814670601	0.0325085671228	-0.0704271783712	1.0	0.00885170197792	-0.0140056070574	-0.0151553503001	0.0161402164963	-0.0174840495919	0.0730492035048	-0.0135843219433	0.0240093639966	-0.0586744187251	-0.0536691728431	0.0194398188378	0.011079595007	-0.035328899691	0.021611912544	-0.0120332317497	-0.00966471608464	-0.0307875907898	-0.0156516055518	-0.00511606680703	0.0505267414374	-0.00496661518267	-0.000832241004007	-0.0321169630997	0.0410279857962	-0.021179474514	-0.0358456113601	-0.0262322791416	-0.00734373586366	-0.0810839587125	0.00929790221764
k__Bacteria;p__Actinobacteria;c__Actinobacteria;o__Bifidobacteriales;f__Bifidobacteriaceae;g__Bifidobacterium;s__Bifidobacterium_longum	-0.0391264337094	-0.0222056098789	-0.0438877944463	0.073549808524	-0.0193951379453	0.0362565052351	0.0247245815521	0.0123186348482	0.0705942624309	0.00485324135754	-0.0168955707241	-0.0311744137467	-0.0100215211324	-0.0267345218562	-0.0894692881094	-0.0158966701952	-0.0734633700892	0.0590670913735	0.0473190111939	-0.0446103324368	0.0168927129261	-0.0145009818863	0.0450262846158	0.0529683860876	-0.00242011804579	-0.0193253286234	-0.0226149610715	0.0867162511192	0.00885170197792	1.0	-0.00671262154794	0.0263273872639	-0.0444727860409	-0.0549862184582	-0.0162262167416	0.0275946817017	-0.00898082438631	-0.050219503644	-0.00523232354947	-0.00680221915243	-0.0184764985222	-0.00423026617878	-0.0501974541874	-0.0342128974578	-0.0285922810924	-0.0443977348804	-0.0355526328567	-0.00483280247233	-0.0349870547119	-0.00250860112984	0.011695989573	0.0146327973324	-0.0189539571778	0.0214929844266	-0.0679063573061	-0.0747049809648	0.00579517922771	0.0180406852212	0.0144644195874
