#taxonomy	k__Bacteria;p__Bacteroidetes;c__Bacteroidia;o__Bacteroidales;f__Bacteroidaceae;g__Bacteroides;s__Bacteroides_vulgatus	k__Bacteria;p__Bacteroidetes;c__Bacteroidia;o__Bacteroidales;f__Bacteroidaceae;g__Bacteroides;s__Bacteroides_uniformis	k__Bacteria;p__Bacteroidetes;c__Bacteroidia;o__Bacteroidales;f__Rikenellaceae;g__Alistipes;s__Alistipes_putredinis	k__Bacteria;p__Bacteroidetes;c__Bacteroidia;o__Bacteroidales;f__Prevotellaceae;g__Prevotella;s__Prevotella_copri	k__Bacteria;p__Bacteroidetes;c__Bacteroidia;o__Bacteroidales;f__Bacteroidaceae;g__Bacteroides;s__Bacteroides_stercoris	k__Bacteria;p__Bacteroidetes;c__Bacteroidia;o__Bacteroidales;f__Bacteroidaceae;g__Bacteroides;s__Bacteroides_ovatus	k__Bacteria;p__Bacteroidetes;c__Bacteroidia;o__Bacteroidales;f__Rikenellaceae;g__Alistipes;s__Alistipes_shahii	k__Bacteria;p__Firmicutes;c__Clostridia;o__Clostridiales;f__Ruminococcaceae;g__Faecalibacterium;s__Faecalibacterium_prausnitzii	k__Bacteria;p__Bacteroidetes;c__Bacteroidia;o__Bacteroidales;f__Rikenellaceae;g__Alistipes;s__Alistipes_finegoldii	k__Bacteria;p__Bacteroidetes;c__Bacteroidia;o__Bacteroidales;f__Porphyromonadaceae;g__Parabacteroides;s__Parabacteroides_distasonis	k__Bacteria;p__Bacteroidetes;c__Bacteroidia;o__Bacteroidales;f__Bacteroidaceae;g__Bacteroides;s__Bacteroides_thetaiotaomicron	k__Bacteria;p__Bacteroidetes;c__Bacteroidia;o__Bacteroidales;f__Bacteroidaceae;g__Bacteroides;s__Bacteroides_coprocola	k__Bacteria;p__Bacteroidetes;c__Bacteroidia;o__Bacteroidales;f__Bacteroidaceae;g__Bacteroides;s__Bacteroides_cellulosilyticus	k__Bacteria;p__Bacteroidetes;c__Bacteroidia;o__Bacteroidales;f__Rikenellaceae;g__Alistipes;s__Alistipes_obesi	k__Bacteria;p__Firmicutes;c__Clostridia;o__Clostridiales;f__Lachnospiraceae;g__;s__[Eubacterium]_rectale	k__Bacteria;p__Bacteroidetes;c__Bacteroidia;o__Bacteroidales;f__Bacteroidaceae;g__Bacteroides;s__Bacteroides_plebeius	k__Bacteria;p__Bacteroidetes;c__Bacteroidia;o__Bacteroidales;f__Bacteroidaceae;g__Bacteroides;s__Bacteroides_fragilis	k__Bacteria;p__Proteobacteria;c__Betaproteobacteria;o__Burkholderiales;f__Sutterellaceae;g__Sutterella;s__Sutterella_wadsworthensis	k__Bacteria;p__Bacteroidetes;c__Bacteroidia;o__Bacteroidales;f__Porphyromonadaceae;g__Barnesiella;s__Barnesiella_intestinihominis	k__Bacteria;p__Bacteroidetes;c__Bacteroidia;o__Bacteroidales;f__Odoribacteraceae;g__Odoribacter;s__Odoribacter_splanchnicus	k__Bacteria;p__Bacteroidetes;c__Bacteroidia;o__Bacteroidales;f__Bacteroidaceae;g__Bacteroides;s__Bacteroides_salyersiae	k__Bacteria;p__Firmicutes;c__Clostridia;o__Clostridiales;f__Ruminococcaceae;g__Ruminiclostridium;s__[Eubacterium]_siraeum	k__Bacteria;p__Proteobacteria;c__Betaproteobacteria;o__Burkholderiales;f__Sutterellaceae;g__Parasutterella;s__Parasutterella_excrementihominis	k__Bacteria;p__Actinobacteria;c__Actinobacteria;o__Bifidobacteriales;f__Bifidobacteriaceae;g__Bifidobacterium;s__Bifidobacterium_adolescentis	k__Bacteria;p__Firmicutes;c__Clostridia;o__Clostridiales;f__Oscillospiraceae;g__Oscillibacter;s__Oscillibacter_sp._KLE_1745	k__Bacteria;p__Bacteroidetes;c__Bacteroidia;o__Bacteroidales;f__Bacteroidaceae;g__Bacteroides;s__Bacteroides_coprophilus	k__Bacteria;p__Firmicutes;c__Clostridia;o__Clostridiales;f__Lachnospiraceae;g__Roseburia;s__Roseburia_intestinalis	k__Bacteria;p__Firmicutes;c__Clostridia;o__Clostridiales;f__Lachnospiraceae;g__Roseburia;s__Roseburia_hominis	k__Bacteria;p__Bacteroidetes;c__Bacteroidia;o__Bacteroidales;f__Porphyromonadaceae;g__Parabacteroides;s__Parabacteroides_johnsonii	k__Bacteria;p__Actinobacteria;c__Actinobacteria;o__Bifidobacteriales;f__Bifidobacteriaceae;g__Bifidobacterium;s__Bifidobacterium_longum	k__Bacteria;p__Firmicutes;c__Clostridia;o__Clostridiales;f__;g__Flavonifractor;s__Flavonifractor_plautii	k__Bacteria;p__Firmicutes;c__Clostridia;o__Clostridiales;f__Clostridiaceae;g__Clostridium;s__Clostridium_phoceensis	k__Bacteria;p__Verrucomicrobia;c__Verrucomicrobiae;o__Verrucomicrobiales;f__Akkermansiaceae;g__Akkermansia;s__Akkermansia_muciniphila	k__Bacteria;p__Bacteroidetes;c__Bacteroidia;o__Bacteroidales;f__Prevotellaceae;g__Paraprevotella;s__Paraprevotella_xylaniphila	k__Bacteria;p__Firmicutes;c__Clostridia;o__Clostridiales;f__Ruminococcaceae;g__Ruminococcus;s__Ruminococcus_callidus	k__Bacteria;p__Bacteroidetes;c__Bacteroidia;o__Bacteroidales;f__Rikenellaceae;g__Alistipes;s__Alistipes_senegalensis	k__Bacteria;p__Firmicutes;c__Clostridia;o__Clostridiales;f__Lachnospiraceae;g__Blautia;s__Blautia_sp._KLE_1732	k__Bacteria;p__Bacteroidetes;c__Bacteroidia;o__Bacteroidales;f__Bacteroidaceae;g__Bacteroides;s__Bacteroides_oleiciplenus	k__Bacteria;p__Firmicutes;c__Clostridia;o__Clostridiales;f__Ruminococcaceae;g__Ruminococcus;s__Ruminococcus_bicirculans	k__Bacteria;p__Bacteroidetes;c__Bacteroidia;o__Bacteroidales;f__Bacteroidaceae;g__Bacteroides;s__Bacteroides_fluxus	k__Bacteria;p__Bacteroidetes;c__Bacteroidia;o__Bacteroidales;f__Prevotellaceae;g__Prevotella;s__Prevotella_stercorea	k__Bacteria;p__Firmicutes;c__Clostridia;o__Clostridiales;f__Lachnospiraceae;g__Dorea;s__Dorea_longicatena	k__Bacteria;p__Firmicutes;c__Clostridia;o__Clostridiales;f__Eubacteriaceae;g__Eubacterium;s__[Eubacterium]_eligens	k__Bacteria;p__Firmicutes;c__Clostridia;o__Clostridiales;f__Ruminococcaceae;g__;s__Ruminococcaceae_bacterium_D16	k__Bacteria;p__Firmicutes;c__Clostridia;o__Clostridiales;f__Lachnospiraceae;g__Coprococcus;s__Coprococcus_comes	k__Bacteria;p__Proteobacteria;c__Gammaproteobacteria;o__Enterobacterales;f__Enterobacteriaceae;g__Escherichia;s__Escherichia_coli	k__Bacteria;p__Firmicutes;c__Clostridia;o__Clostridiales;f__Ruminococcaceae;g__Anaerotruncus;s__Anaerotruncus_colihominis	k__Bacteria;p__Firmicutes;c__Clostridia;o__Clostridiales;f__Lachnospiraceae;g__Blautia;s__Blautia_obeum	k__Bacteria;p__Bacteroidetes;c__Bacteroidia;o__Bacteroidales;f__Odoribacteraceae;g__Odoribacter;s__Odoribacter_laneus	k__Bacteria;p__Firmicutes;c__Clostridia;o__Clostridiales;f__Ruminococcaceae;g__Ruminiclostridium;s__[Clostridium]_leptum	k__Bacteria;p__Bacteroidetes;c__Bacteroidia;o__Bacteroidales;f__Porphyromonadaceae;g__Parabacteroides;s__Parabacteroides_goldsteinii	k__Bacteria;p__Firmicutes;c__Clostridia;o__Clostridiales;f__Lachnospiraceae;g__Anaerostipes;s__Anaerostipes_hadrus	k__Bacteria;p__Firmicutes;c__Clostridia;o__Clostridiales;f__Ruminococcaceae;g__Ruminococcus;s__Ruminococcus_lactaris	k__Bacteria;p__Firmicutes;c__Clostridia;o__Clostridiales;f__Clostridiaceae;g__Clostridium;s__Clostridium_sp._L2-50	k__Bacteria;p__Firmicutes;c__Clostridia;o__Clostridiales;f__Clostridiaceae;g__Clostridium;s__Clostridium_sp._M62/1	k__Bacteria;p__Firmicutes;c__Clostridia;o__Clostridiales;f__;g__Intestinimonas;s__Intestinimonas_butyriciproducens	k__Bacteria;p__Actinobacteria;c__Actinobacteria;o__Bifidobacteriales;f__Bifidobacteriaceae;g__Bifidobacterium;s__Bifidobacterium_bifidum	k__Bacteria;p__Firmicutes;c__Negativicutes;o__Veillonellales;f__Veillonellaceae;g__Dialister;s__Dialister_invisus	k__Bacteria;p__Bacteroidetes;c__Bacteroidia;o__Bacteroidales;f__Bacteroidaceae;g__Bacteroides;s__Bacteroides_salanitronis
k__Bacteria;p__Bacteroidetes;c__Bacteroidia;o__Bacteroidales;f__Bacteroidaceae;g__Bacteroides;s__Bacteroides_vulgatus	1.0	-0.0453631542807	0.0309501303118	0.0157112138277	-0.011059120531	0.0375089975509	0.0416899797963	-0.0432026577169	0.0298121565509	-0.0131540415924	-0.0567685596097	0.0552125729331	0.0214704527261	0.007961268444	0.0486742061606	-0.0378423611651	-0.0312186815106	0.0159329245367	-0.0556127400526	-0.0724442468127	0.0266787723624	-0.0296756529135	-0.027409648802	-0.0217471739016	-0.0421014533322	-0.0658919906303	0.0135816704891	-0.0119104627137	-0.0591327282808	-0.0350978054869	-0.034926738376	0.0317968376622	-0.0235016686743	-0.00490599082297	-0.0269180422186	-0.0387806305452	0.0298359722764	-0.0061830263494	-0.00735938228544	-0.0797140416926	0.0144818534215	0.0518026168418	0.0350320600756	0.00571241286183	-0.0272434328721	-0.0293797979157	-0.0217307541907	-0.00278821291048	0.0644854778998	-0.0116609297997	0.00839556994825	-0.0827896860045	0.0210490233679	-0.0334162860511	0.0724799702215	-0.000587256790487	0.0136604627277	-0.0258823486568	0.0164597619631
k__Bacteria;p__Bacteroidetes;c__Bacteroidia;o__Bacteroidales;f__Bacteroidaceae;g__Bacteroides;s__Bacteroides_uniformis	-0.0453631542807	1.0	0.00270756876986	-0.0189474134585	0.0217948709839	-0.0166246210287	-0.0113038068817	-0.0731882781014	0.00913810312995	0.0158311867065	-0.0329252926159	-0.0303117090973	-0.025380037256	-0.0394403788953	-0.0249001637134	-0.00736333242438	-0.0368201517147	-0.023670769385	0.00237951693815	0.00480745725538	-0.0286839006957	0.00829663712546	-0.00957365632252	-0.00805777085732	-0.0242168369683	-0.00496883733731	-0.0440465047494	-0.0153512076409	0.0156037702984	-0.0325047532717	0.00645726441545	0.00835585623659	-0.0936270606467	-0.0121425788912	0.00606352656114	-0.0220647030596	0.0299418734867	-0.00343129370752	0.0478674311529	-0.0320260309265	0.0471119705281	0.00576637755971	0.0361938091275	-0.0523084183157	-0.0721563311386	0.0317645945865	-0.00870518184645	0.0175302952757	-0.0294831803036	-0.0144407074106	0.0117016126829	-0.035504647741	-0.0266923995052	-0.0190029636527	-0.0478749048376	0.0197137731402	-0.032068635607	0.0322995960334	-0.00790209551001
k__Bacteria;p__Bacteroidetes;c__Bacteroidia;o__Bacteroidales;f__Rikenellaceae;g__Alistipes;s__Alistipes_putredinis	0.0309501303118	0.00270756876986	1.0	-0.0255351813352	0.0120510221865	0.0105175220784	-0.014606745784	-0.0090886767634	-0.0466666652167	0.0334871470886	-0.0719632820437	-0.0410937302455	-0.0104713813738	-0.0288231129304	0.0416320910206	-0.0710323871455	0.0142652303095	-0.00348240971309	-0.0055426421167	-0.0505323309159	-0.0219784334657	-0.040149078161	-0.038232065033	-0.00427873217687	0.0167841687519	-0.0238968417893	-0.0438877648281	0.00918809021819	-0.0204814447832	0.0231822782171	0.0391349077262	0.00593349301095	0.0181268005241	0.0234276958106	-0.0193967919482	-0.0663156177167	0.00389922383829	-0.0240337618927	-0.0255804485686	0.00698662946853	-0.0084304516497	-0.040207069291	0.00965354520646	-0.0344143614401	0.000832471188637	-0.0202218861246	-0.00589903106749	-0.021712380983	-0.0154229115038	0.00863656309183	-0.0572246235162	0.0220902217285	-0.0183810636482	-0.016864181455	0.0120953329902	-0.0399845717558	-0.0442260202533	-0.0258571571116	0.00993174870731
k__Bacteria;p__Bacteroidetes;c__Bacteroidia;o__Bacteroidales;f__Prevotellaceae;g__Prevotella;s__Prevotella_copri	0.0157112138277	-0.0189474134585	-0.0255351813352	1.0	0.0469660270197	-0.0117520653284	-0.0408449741408	-0.017726804901	-0.0365567457458	0.0469409907743	0.0204582782074	0.0543979766149	0.0199970442763	0.0115807154511	0.0327092813036	-0.0492843257408	-0.00380109719918	0.0213641560816	0.00717125117671	-0.0312042844161	0.00243351642626	0.00522025063916	-0.0451170831465	-0.0154159576216	-0.0416069664941	-0.0636288940375	-0.0141244231143	-0.0498218757568	-0.0188763621336	0.0103150425791	0.0218938315792	0.00449699700127	-0.0884679730547	0.0152534182343	-0.0310129919711	0.0479617235682	-0.076700239861	0.0503205032808	0.00968801008018	0.0481116095224	-0.0706110500148	-0.0520543870355	0.0182914331005	-0.0268266138621	-0.00853419102569	-0.072193896722	0.0344583946026	0.0445739804709	-0.0091527779477	-0.00868601797468	0.0328691650306	0.0827455759504	0.00112330645191	-0.0684000332416	-0.0416633274181	0.0522778296439	0.00319482305446	-0.0264615218327	-0.0139489667381
k__Bacteria;p__Bacteroidetes;c__Bacteroidia;o__Bacteroidales;f__Bacteroidaceae;g__Bacteroides;s__Bacteroides_stercoris	-0.011059120531	0.0217948709839	0.0120510221865	0.0469660270197	1.0	0.0114763645082	0.000971485153213	-0.0307326215559	0.0181752538601	-0.0500865697294	0.00337282012712	-0.0217372246453	0.0354814608821	-0.0094134877841	0.064468387723	-0.00729874227956	-0.00339387528174	-0.0230608851102	0.0221263182581	-0.0382447185657	-0.00417275113845	0.00318784911685	-0.00841908135968	-0.0450055004922	-0.0704841868525	-0.00123332470382	-0.0281694855798	0.0304973269091	0.00655718870258	0.00075914561371	0.0309646424986	-0.0867770307583	-0.0515178839519	-0.0662643810862	-0.0381063131435	0.00663463679522	0.0339257483998	0.0205094370148	0.00810053568863	-0.0334971535174	0.0173077553415	-0.040033256097	-0.0752875360351	0.00414311128484	-0.00995592745715	-0.0986201131704	-0.0063934557672	0.00967099388019	-0.0249857504877	0.00885321416125	-0.0500537115869	0.0613320526582	-0.0272500566516	0.026406168298	-0.0209958058432	0.00934633735511	-0.0302251672895	0.0250905614076	0.00202794525268
k__Bacteria;p__Bacteroidetes;c__Bacteroidia;o__Bacteroidales;f__Bacteroidaceae;g__Bacteroides;s__Bacteroides_ovatus	0.0375089975509	-0.0166246210287	0.0105175220784	-0.0117520653284	0.0114763645082	1.0	0.0268391387624	-0.0366657376055	0.0446800378692	0.0451006391543	-0.0277005363155	-0.000808858785082	-0.0515798525593	0.0178927647303	0.0244739317457	0.0543799112731	-0.00756410986275	-0.0823569802902	-0.005729320188	0.0494800541921	-0.0338712981428	-0.013812013348	-0.00438637929134	-0.00953721556792	-0.0135461629751	0.0402656281019	0.0193243845458	0.0330490623965	0.00305817667737	-0.0465631779764	0.0273768551879	-0.0196777235457	0.018369250314	-0.00405649621386	0.02660597614	-0.0167969770812	0.00162292577868	0.0148269192177	-0.00216273956541	0.0107406118875	-0.023098419995	-0.0355806867856	0.0583874154077	-0.0952373830995	0.0318900104672	-0.00216855239305	-0.0284683313155	-0.00306639416185	0.019471029104	-0.0118416013731	0.0410813415131	-0.0367085111437	-0.02181553527	-0.0406228853486	0.000967295574733	-0.021035556358	-0.0394146447198	-0.0369172410647	0.00753584441704
k__Bacteria;p__Bacteroidetes;c__Bacteroidia;o__Bacteroidales;f__Rikenellaceae;g__Alistipes;s__Alistipes_shahii	0.0416899797963	-0.0113038068817	-0.014606745784	-0.0408449741408	0.000971485153213	0.0268391387624	1.0	-0.0228780460975	-0.0420523799121	-0.0189367687118	0.0098442536597	0.0400066151338	0.0394143996771	-0.0107626019032	-0.0101902550858	0.00513868659747	0.015807960392	0.0608282726105	-0.037531275019	0.00867975645294	0.0226047074441	-0.0242126912843	0.0164417021245	-0.0303218487647	-0.0108093931024	0.0162743293494	-0.00925310137722	0.0212082211465	-0.00761369758115	-0.0528327553098	0.0116219906591	-0.0112665607024	0.0138036908246	0.0157514951505	0.0844291187091	-0.0439943642992	-0.0297515698398	-0.00882976621819	-0.0245399500958	-0.0254451122757	0.00835808624284	0.00269133454526	-0.0666920311561	-0.124177971534	-0.0116761945829	-0.0274950990514	0.00437519559582	0.0415084670215	0.0145607910163	-0.0283332823031	0.0749091910476	-0.00190989902285	0.0189262879213	-0.0493155723116	0.0114165140439	0.0127302325258	-0.0373870186479	-0.0403659192632	-0.00959718743795
k__Bacteria;p__Firmicutes;c__Clostridia;o__Clostridiales;f__Ruminococcaceae;g__Faecalibacterium;s__Faecalibacterium_prausnitzii	-0.0432026577169	-0.0731882781014	-0.0090886767634	-0.017726804901	-0.0307326215559	-0.0366657376055	-0.0228780460975	1.0	0.0251388666369	-0.0914807097673	-0.0354723590731	0.019605329996	0.0536125377705	0.0373006654191	-0.0565241105005	-0.0154684319363	0.0360136002284	0.0305225592513	0.0391554695473	-0.0853253003671	0.0378695840782	-0.0855246789926	0.0658301447443	0.0326837308473	-0.091116275218	0.0496573944869	-0.0226032974617	0.0225311325792	-0.0695837404269	-0.000942304817474	-0.0784192039341	-0.019916816668	-0.0714087477131	0.01006076517	0.00309174735882	0.0128739043318	0.00341704728297	-0.0196252961678	-0.034153487713	0.0481438597428	-0.0354931483481	-0.00505734722943	-0.0357643403306	0.0475453379481	0.0141362527405	0.0244393861915	0.00367376553425	-0.00635441772759	-0.042476654413	-0.00561707775934	0.0194656805549	-0.0589891098392	-0.0298423812327	-0.0488420223362	0.0349604296752	-0.0263975500839	-0.0802370302329	0.0345422721782	-0.0279227428762
k__Bacteria;p__Bacteroidetes;c__Bacteroidia;o__Bacteroidales;f__Rikenellaceae;g__Alistipes;s__Alistipes_finegoldii	0.0298121565509	0.00913810312995	-0.0466666652167	-0.0365567457458	0.0181752538601	0.0446800378692	-0.0420523799121	0.0251388666369	1.0	-0.0521744392619	0.0152795098652	-0.0036678876913	0.00591264369316	0.00871814982691	-0.00208715826533	-0.0398786539318	-0.0273873572984	-0.00561002750582	-0.0240638043951	-0.0349774378232	0.00523098887808	-0.0317609958449	-0.0669465912372	-0.0598411090787	-0.0740851685936	0.000767578515055	-0.0103417111772	0.0182374264277	0.0183373577545	0.00976792209969	-0.012408267251	-0.0377701162755	-0.00289193382715	0.00203241118456	-0.000522664949847	0.019882538049	-0.0427288467757	-0.0190474388236	0.000878304730696	-0.0204925022081	-0.0212476144439	0.0287089017982	-0.00635043602186	-0.0100492999216	0.00762005474891	-0.0176047029118	-0.0473818537239	-0.0356581738679	-0.0326349894875	-0.0827835440624	-0.0251773082999	-0.057084133842	-0.000161417868402	-0.00663514169091	0.0508848310441	-0.0231650354104	-0.0284065380045	-0.000293983103021	-0.0224768590448
k__Bacteria;p__Bacteroidetes;c__Bacteroidia;o__Bacteroidales;f__Porphyromonadaceae;g__Parabacteroides;s__Parabacteroides_distasonis	-0.0131540415924	0.0158311867065	0.0334871470886	0.0469409907743	-0.0500865697294	0.0451006391543	-0.0189367687118	-0.0914807097673	-0.0521744392619	1.0	-0.00573786433202	0.0152683370489	0.0269996253906	-0.0149974406091	-0.0104008083725	0.000522122509031	-0.0403578251506	0.00450866197038	-0.0197201531518	-0.0327721462198	-0.0468704083611	-0.0459865618126	-0.0125750198155	-0.0202974752631	-0.0232349510816	-0.0121163053264	0.0179223622037	-0.0120145562443	0.0484393698001	0.0232071475284	-0.0385783807657	0.00562272877141	-0.0392524822682	-0.0075415519132	-0.0810807780577	0.0107291188692	0.00355105218927	-0.0634027492617	-0.0609976302133	-0.0161358296515	0.0183443298865	0.00136006780916	-0.00466426482441	0.0186935878145	-0.0439899307677	0.0205211229374	-0.017972960774	-0.0130914279022	-0.0100389396819	-0.0853253503547	-0.0189498537191	0.0351450701641	-0.0234881879087	0.0396133554156	-0.067889960783	-0.0386772998527	-0.0195237117108	0.00322126208822	-0.00174131839213
k__Bacteria;p__Bacteroidetes;c__Bacteroidia;o__Bacteroidales;f__Bacteroidaceae;g__Bacteroides;s__Bacteroides_thetaiotaomicron	-0.0567685596097	-0.0329252926159	-0.0719632820437	0.0204582782074	0.00337282012712	-0.0277005363155	0.0098442536597	-0.0354723590731	0.0152795098652	-0.00573786433202	1.0	-0.000474194285637	0.0418669139486	-0.0198960852869	-0.00607691675485	-0.0309702125635	0.0149515113346	0.0462187690016	0.0436300636069	0.0107844622612	0.0102627576088	0.00654623558593	-0.0427381982138	-0.00448401542421	-0.0187565493305	-0.0259547499223	0.02963741574	-0.0656300794275	-0.0435537343104	-0.0820518229839	-0.0257982738841	-0.0592130257779	-0.0541879423364	-0.0494862806266	0.0420608918912	-0.00738343379569	-0.0437515689138	0.0522027429825	-0.0450481442648	-0.00167489262027	0.0535732641208	-0.0440422137103	-0.0541730287308	0.000143113162808	0.0248602026337	-0.0303595559447	0.0554956220409	0.0100599342501	-0.00754884489884	0.0136891790282	0.0318407616311	-0.0383291971627	0.00844642288277	-0.00615546039532	0.0107356856534	0.000885590332542	0.0778309427749	0.0959131948748	-0.0475297875624
k__Bacteria;p__Bacteroidetes;c__Bacteroidia;o__Bacteroidales;f__Bacteroidaceae;g__Bacteroides;s__Bacteroides_coprocola	0.0552125729331	-0.0303117090973	-0.0410937302455	0.0543979766149	-0.0217372246453	-0.000808858785082	0.0400066151338	0.019605329996	-0.0036678876913	0.0152683370489	-0.000474194285637	1.0	-0.0261172283125	-0.024797178445	-0.0151457969877	0.0013750519343	-0.015891620504	0.0262786424232	0.0198319537855	-0.0114659983502	-0.00203905912198	-0.0204896454827	0.0266436551904	0.0100627511411	0.068924623286	-0.00526508571271	-0.00302502056616	0.00751142967794	-0.044639400576	-0.0319689515567	0.00271285947599	0.000486281252434	-0.0190694035982	0.0350281373983	-0.0643292215058	0.00257193808137	-0.0206859298289	0.0401714777341	-0.0368084148721	-0.00972127699575	-0.0455931503471	0.0500003717742	0.000850679107641	-0.0264799033163	0.0372116580346	0.00684846783485	-0.0386519915612	-0.0441765476165	-0.022220999915	0.0645620167403	0.0180530869149	-0.0140473506305	-0.0866309472352	-0.018782711233	0.0278645868173	0.0201118991376	0.025953613348	0.0174609142572	-0.068128245615
k__Bacteria;p__Bacteroidetes;c__Bacteroidia;o__Bacteroidales;f__Bacteroidaceae;g__Bacteroides;s__Bacteroides_cellulosilyticus	0.0214704527261	-0.025380037256	-0.0104713813738	0.0199970442763	0.0354814608821	-0.0515798525593	0.0394143996771	0.0536125377705	0.00591264369316	0.0269996253906	0.0418669139486	-0.0261172283125	1.0	0.00589964036605	-0.110625064438	-0.0266082807465	0.00740179239932	0.0111637491835	-0.022810342365	-0.0182094575656	-0.0142938798975	-0.00825456114915	-0.0559688234442	-0.0450260237981	0.0555504478053	0.0645363596044	-0.000451837964676	0.00507770025579	-0.00689338387788	-0.0457544188993	-0.0388087585365	-0.0492602295801	-0.0376947218746	-0.0531953468659	0.00978645391958	0.00821059638036	-0.0868603929036	-0.000294737107241	0.0218511905081	0.000600484381335	-0.0743895593767	-0.0111139212797	-0.0913161919507	0.0345813249564	-0.038599767616	-0.00598835506091	-0.0215615307578	0.0400520820595	-0.0311660779359	0.0167478675706	0.0156890930976	0.0599477914422	-0.0560166664174	0.0461858178538	-0.050334038583	-0.00406857633045	0.0121573522268	0.00437003667498	0.0651019386195
k__Bacteria;p__Bacteroidetes;c__Bacteroidia;o__Bacteroidales;f__Rikenellaceae;g__Alistipes;s__Alistipes_obesi	0.007961268444	-0.0394403788953	-0.0288231129304	0.0115807154511	-0.0094134877841	0.0178927647303	-0.0107626019032	0.0373006654191	0.00871814982691	-0.0149974406091	-0.0198960852869	-0.024797178445	0.00589964036605	1.0	0.0105939515483	-0.0102394391283	0.049891118162	0.0112114859534	-0.0124481878907	-0.0749554425895	0.00568255827559	-0.0131226027271	0.00803880089485	-0.0352949734443	-0.0364422729753	0.00210588389016	-0.0269686885226	-0.018896078962	-0.0312404955536	0.0109901082491	-0.00472948631948	-0.0110990389988	0.0442681319536	-0.0284552401079	0.00119179316467	-0.0106849564226	0.0128803335141	0.0321301238411	-0.0197666563717	-0.0108294427918	-0.0241246366211	-0.0627668796581	0.0137799448048	0.0260429403413	-0.0121927468618	-0.0371588880518	-0.0974938237343	0.0237771522683	-0.0199269510323	-0.103435609095	0.0220318783905	-0.0209994077665	-0.0083449756405	-0.0559415683086	0.015821416532	0.0266409262179	0.0240663602237	0.0586082217894	-0.0174526664679
k__Bacteria;p__Firmicutes;c__Clostridia;o__Clostridiales;f__Lachnospiraceae;g__;s__[Eubacterium]_rectale	0.0486742061606	-0.0249001637134	0.0416320910206	0.0327092813036	0.064468387723	0.0244739317457	-0.0101902550858	-0.0565241105005	-0.00208715826533	-0.0104008083725	-0.00607691675485	-0.0151457969877	-0.110625064438	0.0105939515483	1.0	0.0488314670452	-0.0887337074836	-0.0385777423366	0.0408873745505	0.0616039246135	-0.0120915974597	-0.0331504950197	-0.0289404978308	-0.0433270445326	-0.00467394594928	-0.0439875384147	0.030373200208	-0.0241124692227	-0.0327557595026	-0.000793990112421	-0.0586476936321	-0.0215373868067	-0.00764543497943	-0.0107396899527	-0.0625653628801	-0.0231380166549	0.0120100035236	-0.0111192442268	0.0108032663722	0.0296143885095	-0.00654702317927	-0.0208859982173	0.046593644676	-0.0225150765846	0.0322189932326	-0.0122356027675	-0.0439703900035	0.00729565370481	-0.0139092106525	-0.0393544361987	-0.073149930936	-0.00239045950293	0.083377475905	0.00221546651483	-0.0210448034567	-0.0037136643258	-0.0251765543878	-0.0499610527361	0.00721755025508
k__Bacteria;p__Bacteroidetes;c__Bacteroidia;o__Bacteroidales;f__Bacteroidaceae;g__Bacteroides;s__Bacteroides_plebeius	-0.0378423611651	-0.00736333242438	-0.0710323871455	-0.0492843257408	-0.00729874227956	0.0543799112731	0.00513868659747	-0.0154684319363	-0.0398786539318	0.000522122509031	-0.0309702125635	0.0013750519343	-0.0266082807465	-0.0102394391283	0.0488314670452	1.0	0.063657968705	0.0120790885932	-0.0171239941768	-0.0217958846485	-0.0287917287763	0.0159640269856	0.0274071127744	-0.0384685614302	0.00701843080807	0.0122369338296	-0.047588713619	-0.0368664351968	0.0287436266728	0.0454162743006	0.0619761515133	0.00391979575548	-0.0959202501779	-0.0384091338639	0.0162431879362	-0.00882722219967	0.0053368936309	-0.0362962518338	0.030516505629	0.0142766210123	0.049285083844	-0.0292025042913	-0.0425767705787	0.00453174348497	-0.0456769796068	-0.0285808787996	-0.0273224145181	0.0147417696213	-0.000292165955559	-0.0467607564702	-0.0323815674582	-0.0308306127893	-0.0055387578603	0.00584128391204	0.00818992696914	-0.0676688442411	-0.0382095025528	-0.0270279087607	-0.000803898065939
k__Bacteria;p__Bacteroidetes;c__Bacteroidia;o__Bacteroidales;f__Bacteroidaceae;g__Bacteroides;s__Bacteroides_fragilis	-0.0312186815106	-0.0368201517147	0.0142652303095	-0.00380109719918	-0.00339387528174	-0.00756410986275	0.015807960392	0.0360136002284	-0.0273873572984	-0.0403578251506	0.0149515113346	-0.015891620504	0.00740179239932	0.049891118162	-0.0887337074836	0.063657968705	1.0	0.0778986749775	-0.0604852888149	-0.0111619893761	-0.00323926873437	-0.00327706917325	0.0799425130535	0.0139622977424	0.0151276339758	-0.0165776103023	0.00528906179051	-0.004480266214	-0.0611853290452	0.0837575349133	-0.000191802761718	-0.0904821764555	-0.0404177831434	-0.0426285788541	0.0272105417804	-0.0400830327008	0.0346895033563	-0.0490663044011	-0.0631660060699	-0.0282469219122	0.0469403274317	0.00304233484334	-0.0137949932241	-0.029416592654	0.017978113997	0.0229045104076	0.0296392092538	0.0433564147969	0.0531381814482	-0.0198190450508	-0.00761082498931	-0.0212875918644	0.00492541790072	0.0046738898976	-0.0814238982948	-0.0987227223718	-0.0116376899525	0.0503602013959	0.0323515230908
k__Bacteria;p__Proteobacteria;c__Betaproteobacteria;o__Burkholderiales;f__Sutterellaceae;g__Sutterella;s__Sutterella_wadsworthensis	0.0159329245367	-0.023670769385	-0.00348240971309	0.0213641560816	-0.0230608851102	-0.0823569802902	0.0608282726105	0.0305225592513	-0.00561002750582	0.00450866197038	0.0462187690016	0.0262786424232	0.0111637491835	0.0112114859534	-0.0385777423366	0.0120790885932	0.0778986749775	1.0	-0.00194280687476	0.0368208551891	-0.0196142695976	-0.0592173970548	0.0298955401013	0.00172660008774	0.0214987764552	-0.0164889222569	0.0301026603841	-0.0432839552319	-0.0657606806777	0.00794447110271	-0.00722552881708	-0.00647214895098	0.0573987326717	-0.0758655837748	0.00944728240413	-0.0488031503373	-0.0907885446171	-0.0630363068766	0.0611200015856	0.00712043757554	0.00603018651171	0.0136401849956	-0.0706715285697	-0.0417636641676	-0.00128324192569	0.0851629159028	-0.0339726743855	0.0331099865366	-0.0857624402332	-0.00690059157314	-0.0358347331885	-0.0439983824509	-0.021938551144	0.000377981520903	-0.00676736860814	0.00984446790911	0.0262472997504	-0.0448623357961	-0.0416399284517
k__Bacteria;p__Bacteroidetes;c__Bacteroidia;o__Bacteroidales;f__Porphyromonadaceae;g__Barnesiella;s__Barnesiella_intestinihominis	-0.0556127400526	0.00237951693815	-0.0055426421167	0.00717125117671	0.0221263182581	-0.005729320188	-0.037531275019	0.0391554695473	-0.0240638043951	-0.0197201531518	0.0436300636069	0.0198319537855	-0.022810342365	-0.0124481878907	0.0408873745505	-0.0171239941768	-0.0604852888149	-0.00194280687476	1.0	-0.0105640311121	0.00972243809972	0.0345501557904	0.0361759246683	0.0671189851095	0.00594532090941	0.0366809818022	0.0317806376338	-0.00782124645231	0.0182662150078	0.00549942425203	0.0151566713379	0.000731388988657	-0.0855602302656	-0.0207917840645	-0.0195989725001	-0.019559901144	0.0121778145337	-0.052524506607	-0.0379748605419	-0.00153764724653	-0.00634046759579	0.0239089115166	-0.0370115743776	-0.0112627621256	-0.0544006303643	-0.00601284131261	0.0171106445463	-0.0040547779431	0.0802473777384	0.0461345550817	-0.0122305063381	-0.0524584100785	0.00835804010598	-0.0228927652695	-0.0311587654887	-0.0478652762705	0.0615890076892	-0.0232400372039	-0.0398653207393
k__Bacteria;p__Bacteroidetes;c__Bacteroidia;o__Bacteroidales;f__Odoribacteraceae;g__Odoribacter;s__Odoribacter_splanchnicus	-0.0724442468127	0.00480745725538	-0.0505323309159	-0.0312042844161	-0.0382447185657	0.0494800541921	0.00867975645294	-0.0853253003671	-0.0349774378232	-0.0327721462198	0.0107844622612	-0.0114659983502	-0.0182094575656	-0.0749554425895	0.0616039246135	-0.0217958846485	-0.0111619893761	0.0368208551891	-0.0105640311121	1.0	-0.0463250106756	0.0982271292348	0.0647882579003	-0.0724645007665	0.0587984262332	0.00165734030975	0.0154613492454	-0.0115375421629	0.0265455468618	-0.0160890235022	-0.0414929559445	0.0383837392863	0.0470387747685	-0.0595777913096	-0.0440432040951	-0.00113664555849	0.0203772784752	-0.0101049491892	-0.0967631704694	0.027144082216	-0.060386019817	0.00085971604799	-0.0322148288209	-0.000613314810506	-0.0223810146012	-0.03700650224	-0.0570377466603	-0.0414462018772	0.0162209155209	0.0317408758987	0.00468264942826	-0.03948635417	0.0376867560735	0.00579656281117	-0.0193384762731	0.0150824089137	0.082517351172	-0.0440065369191	0.0105824870495
k__Bacteria;p__Bacteroidetes;c__Bacteroidia;o__Bacteroidales;f__Bacteroidaceae;g__Bacteroides;s__Bacteroides_salyersiae	0.0266787723624	-0.0286839006957	-0.0219784334657	0.00243351642626	-0.00417275113845	-0.0338712981428	0.0226047074441	0.0378695840782	0.00523098887808	-0.0468704083611	0.0102627576088	-0.00203905912198	-0.0142938798975	0.00568255827559	-0.0120915974597	-0.0287917287763	-0.00323926873437	-0.0196142695976	0.00972243809972	-0.0463250106756	1.0	-0.00762357255968	-0.0342796621574	0.0398139404494	-0.0061894164868	-0.0230168971487	-0.00477684423211	0.0202047304282	0.0205956494822	-0.0385831485404	-0.0462938937035	-0.0253967283846	0.0209095841977	-0.0430297019132	0.0119810866512	0.0226420342971	-0.0609832856019	-0.00256764369701	-0.0507626675126	0.0458804354329	0.00324747949885	2.67642528605e-05	0.00531371922923	-0.0589379505149	-0.0200784212439	-0.0314179788382	-0.0222025489044	-0.0464736129765	0.0238088292951	0.034063138654	0.04128011711	0.0193488157345	-0.0309863062007	0.000701520771009	0.0200147641048	-0.0491941836742	-0.0341964711775	-0.0267627422434	0.00548135217628
k__Bacteria;p__Firmicutes;c__Clostridia;o__Clostridiales;f__Ruminococcaceae;g__Ruminiclostridium;s__[Eubacterium]_siraeum	-0.0296756529135	0.00829663712546	-0.040149078161	0.00522025063916	0.00318784911685	-0.013812013348	-0.0242126912843	-0.0855246789926	-0.0317609958449	-0.0459865618126	0.00654623558593	-0.0204896454827	-0.00825456114915	-0.0131226027271	-0.0331504950197	0.0159640269856	-0.00327706917325	-0.0592173970548	0.0345501557904	0.0982271292348	-0.00762357255968	1.0	-0.036622201712	-0.0585560432147	-0.0191923927547	-0.00293364975631	0.00268693614011	0.00212047871966	0.0268692888131	-0.0138809506151	0.0214279701831	-0.0447701946036	-0.0488585620911	-0.0203333967205	0.017315894393	0.0375396264322	-0.0241742314564	0.0115442800226	0.0136698827762	0.0314566230448	-0.0311476851933	-0.00702355803145	0.0282381237063	-0.0356076497633	-0.0151777919479	0.0353976331125	-0.00724280205243	-0.00752680218437	0.0071816271303	0.0335673180521	0.0105742082315	-0.0352910151539	0.0124248934263	-0.0422890042671	-0.0252699790479	-0.00280756434239	-0.0615367004827	0.0395855520139	0.0711248073746
k__Bacteria;p__Proteobacteria;c__Betaproteobacteria;o__Burkholderiales;f__Sutterellaceae;g__Parasutterella;s__Parasutterella_excrementihominis	-0.027409648802	-0.00957365632252	-0.038232065033	-0.0451170831465	-0.00841908135968	-0.00438637929134	0.0164417021245	0.0658301447443	-0.0669465912372	-0.0125750198155	-0.0427381982138	0.0266436551904	-0.0559688234442	0.00803880089485	-0.0289404978308	0.0274071127744	0.0799425130535	0.0298955401013	0.0361759246683	0.0647882579003	-0.0342796621574	-0.036622201712	1.0	-0.0196311229851	-0.0734613512686	-0.00198238180925	-0.0067927394884	0.0164434955857	0.0199346707108	-0.0036123116443	0.00470328145904	0.0171464632707	-0.0651637643266	-0.0546165188698	-0.0272173749737	-0.0233915621415	0.018550491952	-0.0672395861806	0.0236417960133	-0.078604559735	-0.00419581857568	0.0765607021228	-0.0162999064896	-0.0620528592348	-0.0317545141413	-0.0711718895106	-0.0658185913243	-0.00364784887556	-0.0130776586681	-0.019355047249	0.0540018977015	-0.066003637786	-0.0620422397414	-0.0298008860069	-0.00880768480897	-0.0278954470426	-0.0363169578587	-0.0149730456394	0.0216681481729
k__Bacteria;p__Actinobacteria;c__Actinobacteria;o__Bifidobacteriales;f__Bifidobacteriaceae;g__Bifidobacterium;s__Bifidobacterium_adolescentis	-0.0217471739016	-0.00805777085732	-0.00427873217687	-0.0154159576216	-0.0450055004922	-0.00953721556792	-0.0303218487647	0.0326837308473	-0.0598411090787	-0.0202974752631	-0.00448401542421	0.0100627511411	-0.0450260237981	-0.0352949734443	-0.0433270445326	-0.0384685614302	0.0139622977424	0.00172660008774	0.0671189851095	-0.0724645007665	0.0398139404494	-0.0585560432147	-0.0196311229851	1.0	-0.0418938874565	-0.0263105444881	0.0675736362537	0.0303624669726	0.00918899798896	-0.0323199375529	0.0346605309598	0.0179711107448	0.00955086602641	-0.00550103010479	0.0140024154939	0.0160679789137	0.0608026631922	-0.080189178783	0.0097166162018	-0.075783744141	-0.0245600671469	0.0303346291864	-0.0399569985403	-0.030633696425	0.0159738136336	0.0519179875343	-0.0737647716525	0.021927316959	0.025931120707	0.00776012284732	-0.00206458046021	-0.00648761582849	0.00620304555634	-0.0253876379851	0.0358904928017	0.0264665638039	0.0120641128626	-0.0537572480167	0.0504779290202
k__Bacteria;p__Firmicutes;c__Clostridia;o__Clostridiales;f__Oscillospiraceae;g__Oscillibacter;s__Oscillibacter_sp._KLE_1745	-0.0421014533322	-0.0242168369683	0.0167841687519	-0.0416069664941	-0.0704841868525	-0.0135461629751	-0.0108093931024	-0.091116275218	-0.0740851685936	-0.0232349510816	-0.0187565493305	0.068924623286	0.0555504478053	-0.0364422729753	-0.00467394594928	0.00701843080807	0.0151276339758	0.0214987764552	0.00594532090941	0.0587984262332	-0.0061894164868	-0.0191923927547	-0.0734613512686	-0.0418938874565	1.0	-0.0367252811344	0.0429476033085	0.00844282905918	-0.019388221625	-0.0246600559135	-0.00377395502953	0.00809959465894	-0.0207991846984	-0.0374303152076	0.0109886483977	-0.00950723364337	0.035788223923	-0.0569448600746	-0.0227288978115	-0.0434551373102	-0.0202933035567	0.027381385401	-0.031918245709	-0.0333701805358	0.0749565483594	0.00274216692009	0.0157634628197	-0.0444035884855	0.015894501745	-0.0311066238574	0.0240224118386	0.00670447905691	-0.0421509403508	-0.00812041589948	-0.0431276983382	0.00157704143912	0.0284527533167	-0.0390731495445	-0.0534441193228
k__Bacteria;p__Bacteroidetes;c__Bacteroidia;o__Bacteroidales;f__Bacteroidaceae;g__Bacteroides;s__Bacteroides_coprophilus	-0.0658919906303	-0.00496883733731	-0.0238968417893	-0.0636288940375	-0.00123332470382	0.0402656281019	0.0162743293494	0.0496573944869	0.000767578515055	-0.0121163053264	-0.0259547499223	-0.00526508571271	0.0645363596044	0.00210588389016	-0.0439875384147	0.0122369338296	-0.0165776103023	-0.0164889222569	0.0366809818022	0.00165734030975	-0.0230168971487	-0.00293364975631	-0.00198238180925	-0.0263105444881	-0.0367252811344	1.0	-0.0355806056287	-0.0423711827458	-0.0446645929302	0.0394305324996	0.00311538963528	-0.0222369025036	-0.00718228064273	0.0603440861945	-0.0356428197004	0.0920768549567	0.0350216899961	0.0233273437239	-0.0194927380718	0.0100851979405	-0.00277875701272	0.0394263858555	0.0161542944063	0.0368927820881	-0.0169054353501	-0.0291652632405	0.000618941577423	-0.0685782473261	0.0330410563278	0.05366685686	-0.0696311853728	-0.0785912820362	-0.0339014791117	0.0279123917409	-0.0560080471374	-0.0144562754759	-0.0504816793703	-0.00965547599034	0.0198521147064
k__Bacteria;p__Firmicutes;c__Clostridia;o__Clostridiales;f__Lachnospiraceae;g__Roseburia;s__Roseburia_intestinalis	0.0135816704891	-0.0440465047494	-0.0438877648281	-0.0141244231143	-0.0281694855798	0.0193243845458	-0.00925310137722	-0.0226032974617	-0.0103417111772	0.0179223622037	0.02963741574	-0.00302502056616	-0.000451837964676	-0.0269686885226	0.030373200208	-0.047588713619	0.00528906179051	0.0301026603841	0.0317806376338	0.0154613492454	-0.00477684423211	0.00268693614011	-0.0067927394884	0.0675736362537	0.0429476033085	-0.0355806056287	1.0	-0.029348454801	-0.0390835576414	0.0138223827246	0.001352593864	0.0394261905005	-0.0230491186503	-0.00845574783227	0.013460099335	-0.0741543331027	0.0336223847147	-0.00668542559794	0.000547845924419	-0.0781768573685	-0.061637119133	0.0423740293331	-0.0188156816909	-0.0102129553798	-0.016227126589	0.0281592211693	0.0120990866157	-0.00316010237259	0.0054834337982	-0.0503114591526	-0.00499826184509	-0.0258392739716	0.0425709525823	0.000271005420274	-0.0244086493615	-0.0583235388698	-0.036390148359	-0.00672885031857	0.00129128016174
k__Bacteria;p__Firmicutes;c__Clostridia;o__Clostridiales;f__Lachnospiraceae;g__Roseburia;s__Roseburia_hominis	-0.0119104627137	-0.0153512076409	0.00918809021819	-0.0498218757568	0.0304973269091	0.0330490623965	0.0212082211465	0.0225311325792	0.0182374264277	-0.0120145562443	-0.0656300794275	0.00751142967794	0.00507770025579	-0.018896078962	-0.0241124692227	-0.0368664351968	-0.004480266214	-0.0432839552319	-0.00782124645231	-0.0115375421628	0.0202047304282	0.00212047871966	0.0164434955857	0.0303624669726	0.00844282905918	-0.0423711827458	-0.029348454801	1.0	-0.0241382142428	-0.0223450327948	0.000245754818033	0.0419473855629	0.00783260959535	-0.0557903155542	-0.0265436180095	-0.0419002273313	0.0205527720099	0.00274261088397	0.0025909849891	-0.053776865292	-0.0310041426767	0.0271725092935	-0.0585239455432	0.0229846288831	-0.0402568561515	-0.0197573508228	-0.0101803046	0.0175804328007	-0.0900989233218	-0.000539913429993	0.0284759539945	0.017527053255	-0.0537493203144	-0.00811586286533	-0.0253894583836	-0.0144842213597	-0.00591572632984	-0.0144850346922	-0.0223543800422
k__Bacteria;p__Bacteroidetes;c__Bacteroidia;o__Bacteroidales;f__Porphyromonadaceae;g__Parabacteroides;s__Parabacteroides_johnsonii	-0.0591327282808	0.0156037702984	-0.0204814447832	-0.0188763621336	0.00655718870258	0.00305817667737	-0.00761369758115	-0.0695837404269	0.0183373577545	0.0484393698001	-0.0435537343104	-0.044639400576	-0.00689338387788	-0.0312404955536	-0.0327557595026	0.0287436266728	-0.0611853290452	-0.0657606806777	0.0182662150078	0.0265455468618	0.0205956494822	0.0268692888131	0.0199346707108	0.00918899798896	-0.019388221625	-0.0446645929302	-0.0390835576414	-0.0241382142428	1.0	0.00696466544507	-0.00163506004259	0.0632438642356	0.0272443121809	0.0200804001379	0.0331727550672	0.0289497746128	0.0459372783034	-0.056511688055	0.0651619939912	-0.0104350420252	0.00630608506922	-0.0379686757197	-0.0557029272609	-0.108239960482	-0.0427497085524	-0.0562509421318	0.0337108196654	0.00939569552182	0.0470591308623	-0.0474499903599	-0.0136952358439	-0.038398969676	-0.0311989870859	-0.0340104477059	0.0632144720637	-0.0366221686186	0.0196437779048	-0.0227057589629	-0.0114259281123
k__Bacteria;p__Actinobacteria;c__Actinobacteria;o__Bifidobacteriales;f__Bifidobacteriaceae;g__Bifidobacterium;s__Bifidobacterium_longum	-0.0350978054869	-0.0325047532717	0.0231822782171	0.0103150425791	0.00075914561371	-0.0465631779764	-0.0528327553098	-0.000942304817474	0.00976792209969	0.0232071475284	-0.0820518229839	-0.0319689515567	-0.0457544188993	0.0109901082491	-0.000793990112421	0.0454162743006	0.0837575349133	0.00794447110271	0.00549942425203	-0.0160890235022	-0.0385831485404	-0.0138809506151	-0.0036123116443	-0.0323199375529	-0.0246600559135	0.0394305324996	0.0138223827246	-0.0223450327948	0.00696466544507	1.0	-0.0282549277311	-0.0319258752462	0.0336157464086	-0.0432245194154	0.0136418362791	0.0377090918683	-0.026157587509	0.00680674291984	-0.0424755255258	0.0410010940659	0.0332038947668	-0.0353318607248	-0.0233309957158	-0.00396236648544	0.016590576837	0.0232861139399	0.043097193401	-0.0558379802092	-0.0277060555687	0.000862443410624	-0.0238523631275	-0.0557622665667	0.00313348272915	0.0196418955633	-0.0308081876953	-0.0192077303543	-0.0487040843396	0.0108162850799	-0.0267693823813
