#taxonomy	k__Bacteria;p__Bacteroidetes;c__Bacteroidia;o__Bacteroidales;f__Bacteroidaceae;g__Bacteroides;s__Bacteroides_vulgatus	k__Bacteria;p__Bacteroidetes;c__Bacteroidia;o__Bacteroidales;f__Bacteroidaceae;g__Bacteroides;s__Bacteroides_uniformis	k__Bacteria;p__Bacteroidetes;c__Bacteroidia;o__Bacteroidales;f__Rikenellaceae;g__Alistipes;s__Alistipes_putredinis	k__Bacteria;p__Bacteroidetes;c__Bacteroidia;o__Bacteroidales;f__Prevotellaceae;g__Prevotella;s__Prevotella_copri	k__Bacteria;p__Bacteroidetes;c__Bacteroidia;o__Bacteroidales;f__Bacteroidaceae;g__Bacteroides;s__Bacteroides_stercoris	k__Bacteria;p__Bacteroidetes;c__Bacteroidia;o__Bacteroidales;f__Bacteroidaceae;g__Bacteroides;s__Bacteroides_ovatus	k__Bacteria;p__Bacteroidetes;c__Bacteroidia;o__Bacteroidales;f__Rikenellaceae;g__Alistipes;s__Alistipes_shahii	k__Bacteria;p__Firmicutes;c__Clostridia;o__Clostridiales;f__Ruminococcaceae;g__Faecalibacterium;s__Faecalibacterium_prausnitzii	k__Bacteria;p__Bacteroidetes;c__Bacteroidia;o__Bacteroidales;f__Rikenellaceae;g__Alistipes;s__Alistipes_finegoldii	k__Bacteria;p__Bacteroidetes;c__Bacteroidia;o__Bacteroidales;f__Porphyromonadaceae;g__Parabacteroides;s__Parabacteroides_distasonis	k__Bacteria;p__Bacteroidetes;c__Bacteroidia;o__Bacteroidales;f__Bacteroidaceae;g__Bacteroides;s__Bacteroides_thetaiotaomicron	k__Bacteria;p__Bacteroidetes;c__Bacteroidia;o__Bacteroidales;f__Bacteroidaceae;g__Bacteroides;s__Bacteroides_coprocola	k__Bacteria;p__Bacteroidetes;c__Bacteroidia;o__Bacteroidales;f__Bacteroidaceae;g__Bacteroides;s__Bacteroides_cellulosilyticus	k__Bacteria;p__Bacteroidetes;c__Bacteroidia;o__Bacteroidales;f__Rikenellaceae;g__Alistipes;s__Alistipes_obesi	k__Bacteria;p__Firmicutes;c__Clostridia;o__Clostridiales;f__Lachnospiraceae;g__;s__[Eubacterium]_rectale	k__Bacteria;p__Bacteroidetes;c__Bacteroidia;o__Bacteroidales;f__Bacteroidaceae;g__Bacteroides;s__Bacteroides_plebeius	k__Bacteria;p__Bacteroidetes;c__Bacteroidia;o__Bacteroidales;f__Bacteroidaceae;g__Bacteroides;s__Bacteroides_fragilis	k__Bacteria;p__Proteobacteria;c__Betaproteobacteria;o__Burkholderiales;f__Sutterellaceae;g__Sutterella;s__Sutterella_wadsworthensis	k__Bacteria;p__Bacteroidetes;c__Bacteroidia;o__Bacteroidales;f__Porphyromonadaceae;g__Barnesiella;s__Barnesiella_intestinihominis	k__Bacteria;p__Bacteroidetes;c__Bacteroidia;o__Bacteroidales;f__Odoribacteraceae;g__Odoribacter;s__Odoribacter_splanchnicus	k__Bacteria;p__Bacteroidetes;c__Bacteroidia;o__Bacteroidales;f__Bacteroidaceae;g__Bacteroides;s__Bacteroides_salyersiae	k__Bacteria;p__Firmicutes;c__Clostridia;o__Clostridiales;f__Ruminococcaceae;g__Ruminiclostridium;s__[Eubacterium]_siraeum	k__Bacteria;p__Proteobacteria;c__Betaproteobacteria;o__Burkholderiales;f__Sutterellaceae;g__Parasutterella;s__Parasutterella_excrementihominis	k__Bacteria;p__Actinobacteria;c__Actinobacteria;o__Bifidobacteriales;f__Bifidobacteriaceae;g__Bifidobacterium;s__Bifidobacterium_adolescentis	k__Bacteria;p__Firmicutes;c__Clostridia;o__Clostridiales;f__Oscillospiraceae;g__Oscillibacter;s__Oscillibacter_sp._KLE_1745	k__Bacteria;p__Bacteroidetes;c__Bacteroidia;o__Bacteroidales;f__Bacteroidaceae;g__Bacteroides;s__Bacteroides_coprophilus	k__Bacteria;p__Firmicutes;c__Clostridia;o__Clostridiales;f__Lachnospiraceae;g__Roseburia;s__Roseburia_intestinalis	k__Bacteria;p__Firmicutes;c__Clostridia;o__Clostridiales;f__Lachnospiraceae;g__Roseburia;s__Roseburia_hominis	k__Bacteria;p__Bacteroidetes;c__Bacteroidia;o__Bacteroidales;f__Porphyromonadaceae;g__Parabacteroides;s__Parabacteroides_johnsonii	k__Bacteria;p__Actinobacteria;c__Actinobacteria;o__Bifidobacteriales;f__Bifidobacteriaceae;g__Bifidobacterium;s__Bifidobacterium_longum	k__Bacteria;p__Firmicutes;c__Clostridia;o__Clostridiales;f__;g__Flavonifractor;s__Flavonifractor_plautii	k__Bacteria;p__Firmicutes;c__Clostridia;o__Clostridiales;f__Clostridiaceae;g__Clostridium;s__Clostridium_phoceensis	k__Bacteria;p__Verrucomicrobia;c__Verrucomicrobiae;o__Verrucomicrobiales;f__Akkermansiaceae;g__Akkermansia;s__Akkermansia_muciniphila	k__Bacteria;p__Bacteroidetes;c__Bacteroidia;o__Bacteroidales;f__Prevotellaceae;g__Paraprevotella;s__Paraprevotella_xylaniphila	k__Bacteria;p__Firmicutes;c__Clostridia;o__Clostridiales;f__Ruminococcaceae;g__Ruminococcus;s__Ruminococcus_callidus	k__Bacteria;p__Bacteroidetes;c__Bacteroidia;o__Bacteroidales;f__Rikenellaceae;g__Alistipes;s__Alistipes_senegalensis	k__Bacteria;p__Firmicutes;c__Clostridia;o__Clostridiales;f__Lachnospiraceae;g__Blautia;s__Blautia_sp._KLE_1732	k__Bacteria;p__Bacteroidetes;c__Bacteroidia;o__Bacteroidales;f__Bacteroidaceae;g__Bacteroides;s__Bacteroides_oleiciplenus	k__Bacteria;p__Firmicutes;c__Clostridia;o__Clostridiales;f__Ruminococcaceae;g__Ruminococcus;s__Ruminococcus_bicirculans	k__Bacteria;p__Bacteroidetes;c__Bacteroidia;o__Bacteroidales;f__Bacteroidaceae;g__Bacteroides;s__Bacteroides_fluxus	k__Bacteria;p__Bacteroidetes;c__Bacteroidia;o__Bacteroidales;f__Prevotellaceae;g__Prevotella;s__Prevotella_stercorea	k__Bacteria;p__Firmicutes;c__Clostridia;o__Clostridiales;f__Lachnospiraceae;g__Dorea;s__Dorea_longicatena	k__Bacteria;p__Firmicutes;c__Clostridia;o__Clostridiales;f__Eubacteriaceae;g__Eubacterium;s__[Eubacterium]_eligens	k__Bacteria;p__Firmicutes;c__Clostridia;o__Clostridiales;f__Ruminococcaceae;g__;s__Ruminococcaceae_bacterium_D16	k__Bacteria;p__Firmicutes;c__Clostridia;o__Clostridiales;f__Lachnospiraceae;g__Coprococcus;s__Coprococcus_comes	k__Bacteria;p__Proteobacteria;c__Gammaproteobacteria;o__Enterobacterales;f__Enterobacteriaceae;g__Escherichia;s__Escherichia_coli	k__Bacteria;p__Firmicutes;c__Clostridia;o__Clostridiales;f__Ruminococcaceae;g__Anaerotruncus;s__Anaerotruncus_colihominis	k__Bacteria;p__Firmicutes;c__Clostridia;o__Clostridiales;f__Lachnospiraceae;g__Blautia;s__Blautia_obeum	k__Bacteria;p__Bacteroidetes;c__Bacteroidia;o__Bacteroidales;f__Odoribacteraceae;g__Odoribacter;s__Odoribacter_laneus	k__Bacteria;p__Firmicutes;c__Clostridia;o__Clostridiales;f__Ruminococcaceae;g__Ruminiclostridium;s__[Clostridium]_leptum	k__Bacteria;p__Bacteroidetes;c__Bacteroidia;o__Bacteroidales;f__Porphyromonadaceae;g__Parabacteroides;s__Parabacteroides_goldsteinii	k__Bacteria;p__Firmicutes;c__Clostridia;o__Clostridiales;f__Lachnospiraceae;g__Anaerostipes;s__Anaerostipes_hadrus	k__Bacteria;p__Firmicutes;c__Clostridia;o__Clostridiales;f__Ruminococcaceae;g__Ruminococcus;s__Ruminococcus_lactaris	k__Bacteria;p__Firmicutes;c__Clostridia;o__Clostridiales;f__Clostridiaceae;g__Clostridium;s__Clostridium_sp._L2-50	k__Bacteria;p__Firmicutes;c__Clostridia;o__Clostridiales;f__Clostridiaceae;g__Clostridium;s__Clostridium_sp._M62/1	k__Bacteria;p__Firmicutes;c__Clostridia;o__Clostridiales;f__;g__Intestinimonas;s__Intestinimonas_butyriciproducens	k__Bacteria;p__Actinobacteria;c__Actinobacteria;o__Bifidobacteriales;f__Bifidobacteriaceae;g__Bifidobacterium;s__Bifidobacterium_bifidum	k__Bacteria;p__Firmicutes;c__Negativicutes;o__Veillonellales;f__Veillonellaceae;g__Dialister;s__Dialister_invisus	k__Bacteria;p__Bacteroidetes;c__Bacteroidia;o__Bacteroidales;f__Bacteroidaceae;g__Bacteroides;s__Bacteroides_salanitronis
k__Bacteria;p__Bacteroidetes;c__Bacteroidia;o__Bacteroidales;f__Bacteroidaceae;g__Bacteroides;s__Bacteroides_vulgatus	1.0	-0.0294345433108	0.00308434066697	-0.0128647884348	-0.0400031296249	0.054057585794	0.0627919040938	0.0322771808235	-0.0724509966054	-0.0178294318132	-0.0111015227845	-0.0225726473858	-0.0203182141964	-0.0163205212595	0.0316721976418	-0.0252282880409	0.00242910127222	0.0639610420192	-0.0259129621837	-0.0406845044033	-0.034270198732	0.0727290685779	0.0141177783806	-0.0695001306196	0.0183259427196	0.0314821993182	-0.00727497452513	0.0117510437898	-0.014043959295	-0.0170749470596	-0.0543920304666	0.0172254309919	-0.0829120888824	-0.0345078998618	-0.0207079420472	0.0114164480474	0.0380483124733	-0.0182644968474	-0.0213633198866	0.00753007501165	0.0369166655318	-0.0215230988854	0.0110450014336	-0.0527247568783	-0.00693544548139	-0.0840990470807	0.0334473583052	-0.0760428903477	0.0267924689562	-0.0581591082066	-0.0757133910112	-0.0160396101798	0.00781382526537	-0.0256716782567	-0.0128834255055	0.048261986359	0.0311963093386	-0.013063973299	-0.0714789946269
k__Bacteria;p__Bacteroidetes;c__Bacteroidia;o__Bacteroidales;f__Bacteroidaceae;g__Bacteroides;s__Bacteroides_uniformis	-0.0294345433108	1.0	-0.0245107164253	-0.0160608217104	-0.0154296646539	0.0333038929004	0.0386762328173	0.0563631668781	-0.0603742118333	-0.0458997353227	0.0398329000658	0.0588583169946	-0.021257524662	-0.0571197232279	-0.0360108971681	0.0265040256452	-0.00821634322684	-0.0389959396459	0.0635366559678	0.0364085237431	-0.0125392784727	-0.00215453701597	0.0484538024593	0.0181494162689	-0.0568941704287	-0.0525516492441	-0.0546116695028	0.0574823799856	-0.0180976066306	-0.0283070149389	-0.0127124671075	0.0562420511703	-0.0351283244933	-0.0647697578632	-0.0677303062125	0.0553051423384	-0.0777465566571	-0.0335599819254	-0.071204381554	-0.0199762570082	0.0328045331332	-0.0225564232813	0.024832352078	-0.0020612058875	-0.0117716354815	0.0381066378404	-0.000707840705248	-0.00577244488468	0.0425873413128	-0.00164836015208	-0.0149097075868	0.00491724380598	0.0681668278316	0.0124271899369	-0.0318847623262	0.0381531259166	-0.0984866955222	-0.0187151069698	-0.0350340479357
k__Bacteria;p__Bacteroidetes;c__Bacteroidia;o__Bacteroidales;f__Rikenellaceae;g__Alistipes;s__Alistipes_putredinis	0.00308434066697	-0.0245107164253	1.0	-0.000683009679863	-0.0513474205279	-0.0229900911732	-0.00360021459388	0.000861328427478	0.0467009469722	0.0246896313674	-0.00742712710089	-0.00364918503425	-0.00673794410087	0.0273898539704	0.00699667395306	-0.00602099012128	-0.0102166994833	0.00979361616383	0.0105105105605	-0.0269699506276	-0.0786757145537	-0.012212792906	0.0610219276491	0.0367911133279	0.0189021438086	0.0440921573393	-0.0289541139876	-0.0359145854079	0.00332553435466	-0.0146592378042	0.0253734651798	-0.0142677323878	-0.0692200621271	0.01558610985	-0.000324180744382	-0.0509648629289	-0.0462141923373	-0.0506902366012	0.0267128016141	-0.0178945708105	-0.047619423473	-0.0360177250248	0.0146934064361	0.0240190280612	0.00924300463391	-0.0571780771151	-0.0208565985261	0.00374517366582	-0.0897259433923	0.0504810383886	-0.000858496537671	-0.048206815358	-0.021932698177	-0.0467090929728	0.0414243005953	0.0170239757951	-0.000812857292401	-0.00815737467588	-0.0455606714789
k__Bacteria;p__Bacteroidetes;c__Bacteroidia;o__Bacteroidales;f__Prevotellaceae;g__Prevotella;s__Prevotella_copri	-0.0128647884348	-0.0160608217104	-0.000683009679863	1.0	-0.0526294357773	1.62423308701e-06	-0.0172400588406	0.00503750275628	-0.0132294115123	-0.0474178644792	-0.0448501149965	0.00526375262807	-0.0436335032845	-0.00462782051325	-0.00104575549307	-0.0326665242952	-0.00950574816731	-0.00560953130346	-0.00993628703141	0.00582012470412	0.0206009558324	0.0151749270324	-0.00879289729231	-0.0036404319187	-0.0361615955343	0.0944353616178	-0.00914556688518	-0.0616518606405	0.00243503587538	0.0470573168561	-0.018283895191	-0.0718225676191	-0.0501698472009	0.0143740696674	-0.0376880626911	-0.0567262840412	0.0156074756758	-0.0308179113444	0.0439554868627	-0.0302459709942	-0.00326261275428	0.00791572697038	-0.0107969180259	0.0337241777314	-0.0366513366556	-0.0112284202126	-0.045647868713	0.00694603496218	0.0359984406539	0.0598061700054	0.0173277259024	0.0510740751112	-0.0457369904943	-0.0388115880256	0.00135068977077	-0.0339870628378	0.021205794751	-0.0718985216965	0.0157644048234
k__Bacteria;p__Bacteroidetes;c__Bacteroidia;o__Bacteroidales;f__Bacteroidaceae;g__Bacteroides;s__Bacteroides_stercoris	-0.0400031296249	-0.0154296646539	-0.0513474205279	-0.0526294357773	1.0	0.00960234089428	-0.0127621645612	0.0415415259891	0.0250392250708	-0.0172182345047	-0.0473400502821	-0.0730558634019	-0.0490543433553	-0.0488261871725	0.0160366774993	-0.0268969882908	-0.00500466655035	-0.04173728309	-0.0106819993414	-0.0270764820329	-0.060770137613	0.0940828653244	-0.00648824953408	0.0332528416637	-0.0468509548011	0.0504976153302	-0.0296629894472	-0.0223261864027	-0.0110573765802	0.000474136249177	-0.0515899419234	-0.0732731139288	-0.0220844519526	0.027192204752	0.026477173018	0.0212920587047	0.0436036567649	-0.032451179088	-0.0101832265036	0.00787389734215	0.00832881818921	-0.0777966687932	-0.00952791809842	-0.0117292636588	-0.00982864163895	0.0401183035335	-0.0862781305605	0.0520826882196	-0.0230444407476	0.0319316773556	-0.0178657031321	0.00305945243373	0.0147057689298	-0.0144699377163	0.0356972008813	0.0348703068478	0.0385180425053	0.0849936142399	-0.0133430338254
k__Bacteria;p__Bacteroidetes;c__Bacteroidia;o__Bacteroidales;f__Bacteroidaceae;g__Bacteroides;s__Bacteroides_ovatus	0.054057585794	0.0333038929004	-0.0229900911732	1.62423308693e-06	0.00960234089428	1.0	0.00316295482029	0.0332844150362	0.0718995490338	0.0136035245852	-0.0138585888392	-0.0235622908709	-0.0633487593586	0.00150973619937	0.020999271166	-0.0301732687121	-0.00312860491017	-0.0297437606962	0.0145320073074	-0.00151688631924	-0.00698053961075	-0.0113914335875	-0.0446211818309	-0.0141079485898	0.017913959616	-0.039311494369	0.0174997732066	-0.0169346327574	0.00185068058631	0.021329339161	0.0068134771131	-0.00101007058755	-0.000585258465724	-0.0433866833529	-0.0201196173772	-0.0181231153757	-0.0485445241892	-0.00560986470275	0.0136223785481	-0.0239269378388	-0.00865524045002	0.0152643638052	0.0341130295886	-0.0758246941626	0.0442620837347	-0.0232828478727	0.0299778533399	-0.0522335870036	-0.0211299168733	0.0233203212107	0.0168428490942	0.00765047256299	-0.0118950282902	-0.00746811301478	0.00273336319808	-0.0183566829656	-0.0261747562486	0.02615416433	-0.0767606011339
k__Bacteria;p__Bacteroidetes;c__Bacteroidia;o__Bacteroidales;f__Rikenellaceae;g__Alistipes;s__Alistipes_shahii	0.0627919040938	0.0386762328173	-0.00360021459388	-0.0172400588406	-0.0127621645612	0.00316295482029	1.0	0.0232676206651	-0.129342694539	-0.0271946504325	-0.0272712580714	-0.0436095394132	-0.023026629486	-0.0290646221882	-0.0115757697124	0.0212617116613	0.00485007114541	-0.0366309504919	0.0110155858034	0.00998271841314	-0.0217910522629	0.00368192221081	0.0204732680595	0.0103445546292	0.00320510761308	-0.0740071151046	-0.015540783159	-0.00461346609374	-0.0494600865937	0.00599077957349	0.0159691933597	-0.000379577901401	-0.0343360443048	-0.0583209489633	-0.0132546033132	-0.102410577065	-0.0562191070483	-0.0395191493388	0.0269950956695	-0.00236816912892	0.00510333217235	-0.0449095511469	0.0487512155156	0.0157773344402	0.0138804120827	0.00756054104394	-0.059770452355	-0.0135666191036	0.0276491584488	0.0089010096133	-0.00520232178654	0.0336298503293	0.0395866120851	0.00854409115927	-0.0281997222008	0.045665147424	-0.01971575908	-0.0158592040721	-0.0230447885732
k__Bacteria;p__Firmicutes;c__Clostridia;o__Clostridiales;f__Ruminococcaceae;g__Faecalibacterium;s__Faecalibacterium_prausnitzii	0.0322771808235	0.0563631668781	0.000861328427478	0.00503750275628	0.0415415259891	0.0332844150362	0.0232676206651	1.0	-0.0816744829302	0.0277666876423	-0.000471775321436	-0.0259172332534	0.00484541807935	0.0129886169968	0.00588773339164	0.0141972539764	-0.0272732924629	-0.0331484894623	-0.0234062217422	-0.032915036861	0.0305003404932	-0.0020255021069	-0.0144538506104	0.000334313446756	-0.0100557505469	-0.00525607602198	0.0655477606112	-0.0044614183123	0.0191728749285	-0.00597005402054	0.0176391969229	-0.0155552854612	-0.0356254619653	-0.00573269123405	-0.0183630268588	0.0106620035861	0.0482605389462	0.00355238455298	0.0225093687599	0.00582295139647	0.00267749403606	-0.0765264298672	-0.0138700770526	-0.0520619871231	-0.0213544246867	0.000450507791105	-0.0224593183543	0.0173623617521	0.0118796551062	0.0280234919883	-0.0526754843015	-0.0138158933875	-0.058765718516	-0.0442813291584	-0.0558385046404	-0.0148771168786	-0.0171527771433	0.0593687586022	-0.0420928339048
k__Bacteria;p__Bacteroidetes;c__Bacteroidia;o__Bacteroidales;f__Rikenellaceae;g__Alistipes;s__Alistipes_finegoldii	-0.0724509966054	-0.0603742118333	0.0467009469722	-0.0132294115123	0.0250392250708	0.0718995490338	-0.129342694539	-0.0816744829302	1.0	0.023694477066	0.0428693578947	0.000748883167286	-0.017247425892	-0.0156827640417	0.0222919303833	-0.0395248100711	-0.000113111296526	0.0726127050776	0.0161156476979	-0.0561810006834	0.0123166203777	-0.05597479669	-0.0160198844018	-0.0141376390034	-0.038024431709	-0.0225568953081	0.01314490606	0.0237387984598	0.0353772352696	0.00930299761397	-0.0777022403191	-0.0043749535593	0.0365623526891	-0.0535615003491	0.050210155797	-0.0257102328402	-0.0645019070438	0.011953686959	-0.0658211654018	0.0748148510597	-0.0159227545826	0.0342532897283	0.00115019978368	-0.00573199931002	-0.0818919042497	0.046095814147	0.0252497731519	-0.0242641648912	-0.0277047773878	-0.0138973457054	-0.0594070731017	-0.0843291146631	-0.0258496988714	0.0157357949651	-0.062695825913	-0.0754883314734	0.0262865245572	-0.0232529284079	-0.0272716282025
k__Bacteria;p__Bacteroidetes;c__Bacteroidia;o__Bacteroidales;f__Porphyromonadaceae;g__Parabacteroides;s__Parabacteroides_distasonis	-0.0178294318132	-0.0458997353227	0.0246896313674	-0.0474178644792	-0.0172182345047	0.0136035245852	-0.0271946504325	0.0277666876423	0.023694477066	1.0	-0.00542927341985	-0.0324711613371	0.0618380168606	0.0331086564121	0.0468502450584	-0.0520109397923	-0.0221614304116	-0.00129489431933	-0.0511476581655	-0.0233372504751	0.0130015651566	0.00567087549983	-0.030052203068	-0.0804366463562	-0.00117532304655	0.0396375075979	-0.0510309102013	-0.0428503846845	-0.027146316509	0.047467662972	0.0797485972429	0.00571253682057	0.0231232163922	-0.0120525252604	0.0225856041764	-0.00414764713919	0.0105157984502	0.0605865775975	-0.00163545168925	0.00706878108358	-0.0128411147144	0.000721672783505	0.0437898853347	-0.0445593710358	0.0324480696161	0.0284280876118	0.031846164298	-0.0288382930303	0.00473208776135	-0.117486623511	-0.0382782663723	-0.0105399277771	-0.0596893635545	0.0226380885166	-0.0384185480581	-0.0517721227207	-0.0196294608426	-0.0125378616783	-0.0320034892676
k__Bacteria;p__Bacteroidetes;c__Bacteroidia;o__Bacteroidales;f__Bacteroidaceae;g__Bacteroides;s__Bacteroides_thetaiotaomicron	-0.0111015227845	0.0398329000658	-0.00742712710089	-0.0448501149965	-0.0473400502821	-0.0138585888392	-0.0272712580714	-0.000471775321436	0.0428693578947	-0.00542927341985	1.0	-0.0107099934857	-0.00689691579418	0.0651227934977	-0.0244201378157	-0.00183183589986	0.00712472627377	-0.0655889982685	0.0733157760733	0.0199892125169	0.0194059112378	0.0771225334667	0.0356684267628	0.0220301946628	-0.0732931427599	-0.0626464358287	0.0162417804726	0.036297049118	0.0101592103084	0.0235644718306	-0.0284141769533	0.0301379313165	-0.0450457436796	-0.0691067912996	-0.0323639819879	-0.00392125635782	0.0120067161743	-0.0492679804437	-0.00252119663596	-0.107400086856	0.0113460407987	0.0356551571995	-0.0228675179196	-0.014685450727	0.036347843571	-0.0258583817733	0.0651062580921	0.0105353765832	0.00380408659546	-0.048708096355	0.0159221003341	-0.0291533736091	-0.0810102206847	-0.00174634632767	-0.0209614813685	0.00295335885841	-0.0179846968835	-0.0579603051341	0.0307741157903
k__Bacteria;p__Bacteroidetes;c__Bacteroidia;o__Bacteroidales;f__Bacteroidaceae;g__Bacteroides;s__Bacteroides_coprocola	-0.0225726473858	0.0588583169946	-0.00364918503425	0.00526375262807	-0.0730558634019	-0.0235622908709	-0.0436095394132	-0.0259172332534	0.000748883167287	-0.0324711613371	-0.0107099934857	1.0	0.0399334985024	0.0480961263427	0.011436591788	0.0323712233722	0.0338481590014	-0.0518388048374	-0.0183580204334	0.0409146013054	-0.066738535467	-0.000368919599039	-0.0381359703684	0.0580406263549	0.0394913933318	0.0298623734121	-0.0464841721735	0.00668775324956	-0.0243691409557	-0.00802018907617	-0.0395987655706	-0.0389142123492	0.00223425196051	-0.094132593799	0.0339971225649	0.000854450475304	0.0334536893649	-0.0272087456987	0.00878088636809	-0.0207658997768	-0.0345167825702	0.0214148926954	-0.0662255253247	0.0191245499661	-0.0544377411196	-0.112316276755	0.0286866645712	-0.0518982301222	0.00142342152526	-0.0148576038002	0.0453357359214	0.0239522298065	0.0274131074787	-0.0443355121277	-0.0610511949388	0.021495492061	0.0299914897508	-0.00768766278863	-0.0485730495655
k__Bacteria;p__Bacteroidetes;c__Bacteroidia;o__Bacteroidales;f__Bacteroidaceae;g__Bacteroides;s__Bacteroides_cellulosilyticus	-0.0203182141964	-0.021257524662	-0.00673794410087	-0.0436335032845	-0.0490543433553	-0.0633487593586	-0.023026629486	0.00484541807935	-0.017247425892	0.0618380168606	-0.00689691579418	0.0399334985024	1.0	-0.0672827661245	0.0196639090564	-0.0626907125612	-0.0181734605297	-0.00939008844668	0.00749441708414	-0.0141430550947	-0.0370310542639	-0.0823053575824	-0.0227368079014	-0.0113576088207	0.0549718882407	0.0160547660625	0.0180011999681	-0.0203371050675	-0.0235083514253	0.0243944726527	0.0426090179408	0.028073179034	0.0462512869372	0.036133817278	0.0373989346781	-0.0360868281003	-0.0154166586535	0.0378385396963	0.0343355586721	0.0415668862866	-0.0669112898379	0.0044788108456	-0.0311355980676	-0.000211302260094	0.000774242167445	0.0130858094304	0.00852943164244	-0.0319632026251	-0.0233335978132	-0.00344908427162	-0.0577120898755	0.0584678330038	-0.0286636434645	-0.0117761887929	0.0186471250977	0.028836190267	-0.0115572936803	0.0209325380216	-0.0211552796472
k__Bacteria;p__Bacteroidetes;c__Bacteroidia;o__Bacteroidales;f__Rikenellaceae;g__Alistipes;s__Alistipes_obesi	-0.0163205212595	-0.0571197232279	0.0273898539704	-0.00462782051325	-0.0488261871725	0.00150973619937	-0.0290646221882	0.0129886169968	-0.0156827640417	0.0331086564121	0.0651227934977	0.0480961263427	-0.0672827661245	1.0	-0.0360574197611	0.0147256450905	0.00328863803118	-0.00549455790377	-0.0239033899805	-0.00269523566868	-0.0466919769828	-0.0585043454931	0.0180000496321	0.00130277037531	0.0872266873143	-0.0194056796518	-0.0485302681666	-0.0117136728598	-0.0134579166053	-0.0535620170346	-0.0106246911341	-0.00549967713465	-0.0336061845493	-0.0358760885391	0.0125338046053	0.00479252850071	0.00760377328442	-0.0116708623566	-0.0442244478854	0.00525254416897	-0.0482079300279	-0.0434896110741	0.037110149087	-0.0832549343961	0.0436232316032	-0.0189694416546	0.0452843019824	-0.00189356619699	0.00893975394902	0.00578310821299	0.0647215030487	-0.0247259395826	0.0118698547055	0.0209232825189	-0.0145145815302	0.0248985653696	0.0247725947507	0.000910951284655	0.0476069420897
k__Bacteria;p__Firmicutes;c__Clostridia;o__Clostridiales;f__Lachnospiraceae;g__;s__[Eubacterium]_rectale	0.0316721976418	-0.0360108971681	0.00699667395306	-0.00104575549307	0.0160366774993	0.020999271166	-0.0115757697124	0.00588773339164	0.0222919303833	0.0468502450584	-0.0244201378157	0.011436591788	0.0196639090564	-0.0360574197611	1.0	0.0529661600599	-0.0532717536174	-0.0785059593851	-0.0205151545163	-0.0267947814739	0.00234748983734	-0.0290944892804	-0.0546889364224	-0.0299323440272	0.0153519930982	0.0232036808293	-0.039173527068	0.022135223057	-0.0229119472291	-0.0649702918458	-0.0130963128849	0.0529364200854	-0.0462332500371	-0.00468033388404	0.00438964139893	-0.00953038102125	-0.0448442581699	0.0285083019996	0.0209743939466	-0.0379900386961	-0.0647942887981	0.0171326611234	-0.0535716837925	-0.0228786478935	-0.0377054873523	-0.00512608716964	-0.00848176984098	0.0312311100346	0.0193587152563	-0.0296619034461	0.0193842298695	0.0385453633265	-0.0334258219302	-0.0210315986474	-0.0403139071812	-0.0688348722591	-0.00199823910146	0.00730757357843	0.00958437088502
k__Bacteria;p__Bacteroidetes;c__Bacteroidia;o__Bacteroidales;f__Bacteroidaceae;g__Bacteroides;s__Bacteroides_plebeius	-0.0252282880409	0.0265040256452	-0.00602099012128	-0.0326665242952	-0.0268969882908	-0.0301732687121	0.0212617116613	0.0141972539764	-0.0395248100711	-0.0520109397923	-0.00183183589986	0.0323712233722	-0.0626907125612	0.0147256450905	0.0529661600599	1.0	0.00546927527979	-0.017651470582	0.0728424937439	-0.0243945623862	-0.00871296638039	-0.026782029841	-0.0243889832543	-0.00676176355482	-0.039099958996	0.0353857386607	-0.00351635105913	-0.015755498819	-0.0206937900925	-0.0106943194848	-0.0369623812376	-0.0116805480705	0.0109223668224	0.015063462655	-0.0239638254718	-0.0687341218216	0.0432605420986	0.000193290337067	0.0466858330368	0.0264077949468	0.0388857632306	0.00473019867282	0.0103924175636	-0.01941599126	-0.0266200642892	-0.0146777683833	-0.0473210039794	-0.0213241739852	-0.0241769302596	-0.00745772075109	0.0184604390438	-0.0596665168601	-0.0336179115539	-0.0342449432562	-0.0935874266587	0.0490396780545	-0.0946965020916	0.0204672759432	-0.0219816030577
k__Bacteria;p__Bacteroidetes;c__Bacteroidia;o__Bacteroidales;f__Bacteroidaceae;g__Bacteroides;s__Bacteroides_fragilis	0.00242910127222	-0.00821634322684	-0.0102166994833	-0.00950574816731	-0.00500466655035	-0.00312860491017	0.00485007114541	-0.0272732924629	-0.000113111296526	-0.0221614304116	0.00712472627377	0.0338481590014	-0.0181734605297	0.00328863803118	-0.0532717536174	0.00546927527979	1.0	-0.0422448930383	0.0219671872698	-0.0520008650645	0.0949571535622	-0.0264196895737	-0.0518268264533	0.0324741260902	0.0197438765613	0.0679904378417	0.0136734612942	-0.0413735083747	0.0159393694876	-0.0183368916828	0.0330564737219	-0.0288836691005	1.75301263392e-05	-0.0205281733755	0.0126826478142	-0.0744239370189	0.0135233145026	-0.0132551881847	-0.0157562375401	-0.00759565898115	0.00515306823404	0.0589593022852	-0.0207285382808	-0.0308627123185	-0.0646674067421	-0.051109945867	0.0162357090679	0.0297246433139	-0.051358582729	0.0399630442392	-0.038809980249	-0.0036247508801	-0.0330944977855	-0.0312249086136	-0.00886047443901	-0.0295758261561	0.00391015617451	-0.00361162022786	-0.0320783836305
k__Bacteria;p__Proteobacteria;c__Betaproteobacteria;o__Burkholderiales;f__Sutterellaceae;g__Sutterella;s__Sutterella_wadsworthensis	0.0639610420192	-0.0389959396459	0.00979361616383	-0.00560953130346	-0.04173728309	-0.0297437606962	-0.0366309504919	-0.0331484894623	0.0726127050776	-0.00129489431933	-0.0655889982685	-0.0518388048374	-0.00939008844668	-0.00549455790377	-0.0785059593851	-0.017651470582	-0.0422448930383	1.0	-0.0164211595967	-0.00957276451807	-0.0112929689997	-0.0323890430614	0.0401442650669	0.073504091357	-0.0471528688667	0.0120640629786	-0.0422338843398	0.026790997404	-0.0497699729853	-0.0394661929751	-0.0122615662184	-0.0508548437583	0.00388767424979	-0.00433648716355	-0.0167229629582	-0.0262576814723	0.0437306445983	0.00766360310547	-0.0246208391794	-0.00998658448905	-0.00536931759147	0.0077828805246	-0.0616754574606	0.0357372009063	0.044464030056	-0.0604003959528	-0.00174596972427	-0.0828185573509	0.0280736088196	0.00244130753816	-0.0381364038006	0.0251936000581	0.0112975477899	0.0375173341407	0.0361315892114	-0.0444978081538	-0.0181921409293	-0.00406261329935	0.0211503910186
k__Bacteria;p__Bacteroidetes;c__Bacteroidia;o__Bacteroidales;f__Porphyromonadaceae;g__Barnesiella;s__Barnesiella_intestinihominis	-0.0259129621837	0.0635366559678	0.0105105105605	-0.00993628703141	-0.0106819993414	0.0145320073074	0.0110155858034	-0.0234062217422	0.0161156476979	-0.0511476581655	0.0733157760733	-0.0183580204334	0.00749441708414	-0.0239033899805	-0.0205151545163	0.0728424937439	0.0219671872698	-0.0164211595967	1.0	-0.00147405602312	0.0160461913216	-0.0301983763579	-0.023042234587	-0.0532330075551	-0.0432680626534	-0.0345695734412	-0.00779418411265	-0.0195656654149	-0.0621759740606	0.032138525337	0.0226246943943	0.0268465063356	-0.00356335907809	-0.0473849159664	-0.0425414214108	0.0230888913314	0.0105536364693	-0.0348212442301	-0.00240639673674	0.00012506051515	-0.0275842844618	0.00934784184073	0.0079750969769	-0.000286849138329	0.0120593340123	-0.0794076365503	0.0515708146478	0.0104513416973	-0.0171055021013	0.0114462369663	-0.0124831631524	-0.0543290543159	-0.0555459716324	0.0227083684187	0.0881417240666	0.00333913778627	0.00552358787783	-0.0146508426518	-0.000724443807798
k__Bacteria;p__Bacteroidetes;c__Bacteroidia;o__Bacteroidales;f__Odoribacteraceae;g__Odoribacter;s__Odoribacter_splanchnicus	-0.0406845044033	0.0364085237431	-0.0269699506276	0.00582012470412	-0.0270764820329	-0.00151688631924	0.00998271841314	-0.032915036861	-0.0561810006834	-0.0233372504751	0.0199892125169	0.0409146013054	-0.0141430550947	-0.00269523566868	-0.0267947814739	-0.0243945623862	-0.0520008650645	-0.00957276451807	-0.00147405602312	1.0	0.00247772379519	-0.0164095348763	-0.0333159362984	0.0258051921117	-0.0375973367798	-0.000960536277994	-0.0281461258614	-0.00252437390106	-0.0701377433046	-0.00873578224926	-0.0482131833633	-0.0208062090599	0.0183643540986	0.0485017923714	-0.03123430784	0.00137758996409	-0.0854518958267	-0.0296364395982	0.0586083754214	0.00980376648509	0.0262315136601	-0.0205401296081	0.0276333431805	-0.0699890247975	0.0151065784908	0.036972058995	0.032961123957	-0.0306306297582	0.0212041908153	-0.0281538124381	0.0521501882863	-0.0259952180467	-0.0302551651398	-0.0557239428442	-0.0456775677541	0.0484513032281	0.00641638114873	-0.0058671253425	-0.0184440876677
k__Bacteria;p__Bacteroidetes;c__Bacteroidia;o__Bacteroidales;f__Bacteroidaceae;g__Bacteroides;s__Bacteroides_salyersiae	-0.034270198732	-0.0125392784727	-0.0786757145537	0.0206009558324	-0.060770137613	-0.00698053961075	-0.0217910522629	0.0305003404932	0.0123166203777	0.0130015651566	0.0194059112378	-0.066738535467	-0.0370310542639	-0.0466919769828	0.00234748983734	-0.00871296638039	0.0949571535622	-0.0112929689997	0.0160461913216	0.00247772379519	1.0	-0.047883520274	0.000259961676778	0.0210308610805	0.0176245266005	-0.0634610500568	0.0704198118069	-0.0394761022069	0.0418299107039	0.0126279766377	-0.0730957619875	-0.0296448257177	-0.0692030325134	-0.0333485893012	0.0298240924036	0.0699363622962	-0.0562434224338	0.010457784874	0.0280328975084	0.0134727790574	-0.0533750128763	-0.0080280622543	-0.037712732848	-0.0721194725406	0.0141703149487	-0.0328366311736	-0.094465333481	-0.0490544003306	-0.0281016231034	0.0280653495894	0.000301843085943	-0.00563927098509	-0.0354518982188	0.0360681006499	-0.0450829648468	-0.00449902768977	0.0159461622192	-0.012585401169	-0.0721552179977
k__Bacteria;p__Firmicutes;c__Clostridia;o__Clostridiales;f__Ruminococcaceae;g__Ruminiclostridium;s__[Eubacterium]_siraeum	0.0727290685779	-0.00215453701597	-0.012212792906	0.0151749270324	0.0940828653244	-0.0113914335875	0.00368192221081	-0.0020255021069	-0.05597479669	0.00567087549983	0.0771225334667	-0.000368919599039	-0.0823053575824	-0.0585043454931	-0.0290944892804	-0.026782029841	-0.0264196895737	-0.0323890430614	-0.0301983763579	-0.0164095348763	-0.047883520274	1.0	0.014355002015	0.071356608062	-0.0683369350994	-0.0221398338363	-0.0322048803519	0.0355186252372	0.00996116242011	0.0383532932871	-0.0454479405743	0.0168557513837	0.0021693588439	-0.0487801037764	0.0714197949723	-0.0440211891573	-0.000265340117625	-0.0182337334093	0.0246961092294	-0.0372352275193	-0.00263728524103	0.00923795551743	-0.0980496508741	0.0012674080227	0.0279569701449	0.0091213773422	-0.0399155118858	0.0177991596029	-0.0315653401027	0.00520001841066	0.0218302896755	-0.00205302770125	-0.091686782614	-0.0219852239965	-0.0638094276238	0.0437526541007	-0.0103427785036	-0.0140816420127	0.0353125440793
k__Bacteria;p__Proteobacteria;c__Betaproteobacteria;o__Burkholderiales;f__Sutterellaceae;g__Parasutterella;s__Parasutterella_excrementihominis	0.0141177783806	0.0484538024593	0.0610219276491	-0.00879289729231	-0.00648824953408	-0.0446211818309	0.0204732680595	-0.0144538506104	-0.0160198844018	-0.030052203068	0.0356684267628	-0.0381359703684	-0.0227368079014	0.0180000496321	-0.0546889364224	-0.0243889832543	-0.0518268264533	0.0401442650669	-0.023042234587	-0.0333159362984	0.000259961676778	0.014355002015	1.0	0.0463509600687	-0.049197397411	-0.0164861546596	0.0465067192945	0.00500557686183	-0.00980478011739	-0.0629155620916	0.0968376662916	-0.0688712581339	-0.0189972095638	0.0162158668279	-0.0293580804736	0.0554495323403	-0.0279701464584	0.00794647701908	0.0331534434827	-0.033303851712	-0.0158531184558	-0.00996545065524	-0.027324605218	0.00676587764954	0.0249942576207	0.0465248455685	0.0143661212519	-0.0130911356451	0.0482258221227	0.0548374839097	-0.0634565870631	-0.0695231116651	0.00842418045858	-0.0570446629022	-0.00616975233048	0.02957395354	-0.0916796398564	-0.0259882697139	0.0423223146776
k__Bacteria;p__Actinobacteria;c__Actinobacteria;o__Bifidobacteriales;f__Bifidobacteriaceae;g__Bifidobacterium;s__Bifidobacterium_adolescentis	-0.0695001306196	0.0181494162689	0.0367911133279	-0.0036404319187	0.0332528416637	-0.0141079485898	0.0103445546292	0.000334313446756	-0.0141376390034	-0.0804366463562	0.0220301946628	0.0580406263549	-0.0113576088207	0.00130277037531	-0.0299323440272	-0.00676176355482	0.0324741260902	0.073504091357	-0.0532330075551	0.0258051921117	0.0210308610805	0.071356608062	0.0463509600687	1.0	-0.0457155107062	-0.0609317796703	-0.00805228813065	0.00575277518536	-0.0355828333692	0.00750283578066	-0.0234347146891	-0.023534223535	-0.00380637555135	0.00196930077108	-0.00968730313042	-0.0170377829344	-0.0243909150033	-0.0202375947601	-0.0277109184124	-0.00681959572038	-0.0560353066799	0.00369819474489	-0.0302853562616	-0.0378375010205	0.0201246780392	-0.104051313211	-0.0144216738144	-0.0325460257263	-0.0538623991481	0.000103080730855	-0.0458996183523	0.0295916288921	0.0889328133741	0.009134623893	0.0272605249342	-0.00392754890705	-0.0588522759318	-0.00255727281818	0.0325691385061
k__Bacteria;p__Firmicutes;c__Clostridia;o__Clostridiales;f__Oscillospiraceae;g__Oscillibacter;s__Oscillibacter_sp._KLE_1745	0.0183259427196	-0.0568941704287	0.0189021438086	-0.0361615955343	-0.0468509548011	0.017913959616	0.00320510761308	-0.0100557505469	-0.038024431709	-0.00117532304655	-0.0732931427599	0.0394913933318	0.0549718882407	0.0872266873143	0.0153519930982	-0.039099958996	0.0197438765613	-0.0471528688667	-0.0432680626534	-0.0375973367798	0.0176245266005	-0.0683369350994	-0.049197397411	-0.0457155107062	1.0	-0.0129652592019	-0.0685442807359	0.0200452612316	-0.0163729660349	-0.00324910883521	0.0237234832573	0.00534301549122	-0.0577069291958	-0.0348763960667	0.0335470325498	-0.0243759113157	0.0247053712401	0.00116247097667	0.0411054757838	-0.0648323333774	0.01564582784	0.038530718551	0.020012021114	0.0604939783789	-0.0531541065646	0.0130178785755	-0.00375100568073	0.0574799645939	-0.0428129954616	0.0115583306251	0.0426694296472	0.00349389280429	-0.0419068298117	0.0462452762368	-0.0429401278727	-0.0333103836053	0.0130321961823	-0.00631349294917	-0.0433341894389
k__Bacteria;p__Bacteroidetes;c__Bacteroidia;o__Bacteroidales;f__Bacteroidaceae;g__Bacteroides;s__Bacteroides_coprophilus	0.0314821993182	-0.0525516492441	0.0440921573393	0.0944353616178	0.0504976153302	-0.039311494369	-0.0740071151046	-0.00525607602198	-0.0225568953081	0.0396375075979	-0.0626464358287	0.0298623734121	0.0160547660625	-0.0194056796518	0.0232036808293	0.0353857386607	0.0679904378417	0.0120640629786	-0.0345695734412	-0.000960536277994	-0.0634610500568	-0.0221398338363	-0.0164861546596	-0.0609317796703	-0.0129652592019	1.0	-0.0399100482064	-0.0243429866799	-0.0548056630083	-0.0186463035444	-0.0473611961004	-0.0244124833905	0.00369039137048	-0.0189355038006	-0.0165397845453	-0.0759847939472	-0.0489961608302	-0.0176264593701	0.000455510967041	-0.0228083061033	-0.0499221036834	0.0105622012041	-0.0282954247467	0.019773136392	-0.0394441408704	-0.00668137098822	-0.0012843673123	-0.00761143071007	-0.0279235719624	-0.0401973589893	-0.00579056941574	0.0346770844332	-0.0121650085055	-0.0203741243192	0.0610810683605	-0.0159113892978	0.0311042737859	-0.0556754962843	0.0443674786412
k__Bacteria;p__Firmicutes;c__Clostridia;o__Clostridiales;f__Lachnospiraceae;g__Roseburia;s__Roseburia_intestinalis	-0.00727497452513	-0.0546116695028	-0.0289541139876	-0.00914556688518	-0.0296629894472	0.0174997732066	-0.015540783159	0.0655477606112	0.01314490606	-0.0510309102013	0.0162417804726	-0.0464841721735	0.0180011999681	-0.0485302681666	-0.039173527068	-0.00351635105913	0.0136734612942	-0.0422338843398	-0.00779418411265	-0.0281461258614	0.0704198118069	-0.0322048803519	0.0465067192945	-0.00805228813065	-0.0685442807359	-0.0399100482064	1.0	0.00927081464363	0.0272748812533	0.0349766352327	-0.026977287051	0.0720148351297	-0.00764066090185	-0.00599661756233	-0.037391366458	-0.0293050654336	0.0245333033932	-0.0280779406237	0.0275094195039	0.00106635373293	-0.0571998767612	0.0347169026502	-0.0206048087458	-0.0949468302683	-0.00689343614991	0.0026980497543	-0.0259584702608	0.0250193584813	0.0286043324227	-0.0395848573629	-0.00668262498431	-0.0396566712022	-0.0190841304564	0.0864906672151	-0.0176836920318	-0.0190140873771	0.0111707960261	-0.028544300457	0.00985027803504
k__Bacteria;p__Firmicutes;c__Clostridia;o__Clostridiales;f__Lachnospiraceae;g__Roseburia;s__Roseburia_hominis	0.0117510437898	0.0574823799856	-0.0359145854079	-0.0616518606405	-0.0223261864027	-0.0169346327574	-0.00461346609374	-0.0044614183123	0.0237387984598	-0.0428503846845	0.036297049118	0.00668775324956	-0.0203371050675	-0.0117136728598	0.022135223057	-0.015755498819	-0.0413735083747	0.026790997404	-0.0195656654149	-0.00252437390106	-0.0394761022069	0.0355186252372	0.00500557686183	0.00575277518536	0.0200452612316	-0.0243429866799	0.00927081464363	1.0	0.0576517231456	-0.0484966566243	0.0310381672088	0.0234997884198	-0.0205463138624	-0.0963544614319	-0.00742411309796	-0.00570599852144	0.0241168631413	0.0181465291606	-0.0287121294511	-0.0221706333968	-0.0512594552665	-0.0496452224475	-0.0295949069976	0.00225976303614	-0.00349066752595	0.0346858694957	0.00338856865378	0.0160430697164	-0.0204544846539	0.0266183053429	-0.0393134201846	-0.0139046580136	-0.0795596963669	-0.0396125855712	-0.0275766319192	-0.0139318839318	-0.0255810994857	0.000464560280816	-0.0239090073596
k__Bacteria;p__Bacteroidetes;c__Bacteroidia;o__Bacteroidales;f__Porphyromonadaceae;g__Parabacteroides;s__Parabacteroides_johnsonii	-0.014043959295	-0.0180976066306	0.00332553435466	0.00243503587538	-0.0110573765802	0.00185068058631	-0.0494600865937	0.0191728749285	0.0353772352696	-0.027146316509	0.0101592103084	-0.0243691409557	-0.0235083514253	-0.0134579166053	-0.0229119472291	-0.0206937900925	0.0159393694876	-0.0497699729853	-0.0621759740606	-0.0701377433046	0.0418299107039	0.00996116242011	-0.00980478011739	-0.0355828333692	-0.0163729660349	-0.0548056630083	0.0272748812533	0.0576517231456	1.0	0.0116331084796	0.044440017166	0.0640358059944	-0.0642538737084	-0.03053048271	0.022377519787	0.0492478679467	0.0132716601059	-0.0463995052698	-0.0292307576248	0.0251705215845	-0.0186213910587	-0.0392029802838	-0.0196796699665	0.0317090342115	0.0164640747242	-0.0207673048124	-0.00959212564395	0.0168286637408	0.0163990273064	-0.00794376445035	0.0261661845482	-0.0536106723895	0.0323358510637	0.00334845878474	0.0163883047368	-0.0175143127784	-0.00171943519397	-0.0292486448509	0.0464180302523
k__Bacteria;p__Actinobacteria;c__Actinobacteria;o__Bifidobacteriales;f__Bifidobacteriaceae;g__Bifidobacterium;s__Bifidobacterium_longum	-0.0170749470596	-0.0283070149389	-0.0146592378042	0.0470573168561	0.000474136249177	0.021329339161	0.00599077957349	-0.00597005402054	0.00930299761397	0.047467662972	0.0235644718306	-0.00802018907617	0.0243944726527	-0.0535620170346	-0.0649702918458	-0.0106943194848	-0.0183368916828	-0.0394661929751	0.032138525337	-0.00873578224926	0.0126279766377	0.0383532932871	-0.0629155620916	0.00750283578066	-0.00324910883521	-0.0186463035444	0.0349766352327	-0.0484966566243	0.0116331084796	1.0	-0.0193735997359	0.0376465866665	0.0660841800926	0.00375168017906	-0.0486743934139	-0.0381920017767	-0.0312278498324	0.0180828619829	0.0363241722476	-0.0270181425627	0.0118214767225	0.00817433879503	-0.033402848017	0.0220366127166	0.00760809196378	-0.0432606519871	0.00651928812281	-0.0198526729694	-0.0309605139557	0.0107409537586	0.0157167332759	-0.0296616351846	-0.0184548584	0.0142324757847	-0.0526544946438	-0.0322673820359	0.0267974226837	-0.0638850266765	0.0526908613843
