#taxonomy	k__Bacteria;p__Bacteroidetes;c__Bacteroidia;o__Bacteroidales;f__Bacteroidaceae;g__Bacteroides;s__Bacteroides_vulgatus	k__Bacteria;p__Bacteroidetes;c__Bacteroidia;o__Bacteroidales;f__Bacteroidaceae;g__Bacteroides;s__Bacteroides_uniformis	k__Bacteria;p__Bacteroidetes;c__Bacteroidia;o__Bacteroidales;f__Rikenellaceae;g__Alistipes;s__Alistipes_putredinis	k__Bacteria;p__Bacteroidetes;c__Bacteroidia;o__Bacteroidales;f__Prevotellaceae;g__Prevotella;s__Prevotella_copri	k__Bacteria;p__Bacteroidetes;c__Bacteroidia;o__Bacteroidales;f__Bacteroidaceae;g__Bacteroides;s__Bacteroides_stercoris	k__Bacteria;p__Bacteroidetes;c__Bacteroidia;o__Bacteroidales;f__Bacteroidaceae;g__Bacteroides;s__Bacteroides_ovatus	k__Bacteria;p__Bacteroidetes;c__Bacteroidia;o__Bacteroidales;f__Rikenellaceae;g__Alistipes;s__Alistipes_shahii	k__Bacteria;p__Firmicutes;c__Clostridia;o__Clostridiales;f__Ruminococcaceae;g__Faecalibacterium;s__Faecalibacterium_prausnitzii	k__Bacteria;p__Bacteroidetes;c__Bacteroidia;o__Bacteroidales;f__Rikenellaceae;g__Alistipes;s__Alistipes_finegoldii	k__Bacteria;p__Bacteroidetes;c__Bacteroidia;o__Bacteroidales;f__Porphyromonadaceae;g__Parabacteroides;s__Parabacteroides_distasonis	k__Bacteria;p__Bacteroidetes;c__Bacteroidia;o__Bacteroidales;f__Bacteroidaceae;g__Bacteroides;s__Bacteroides_thetaiotaomicron	k__Bacteria;p__Bacteroidetes;c__Bacteroidia;o__Bacteroidales;f__Bacteroidaceae;g__Bacteroides;s__Bacteroides_coprocola	k__Bacteria;p__Bacteroidetes;c__Bacteroidia;o__Bacteroidales;f__Bacteroidaceae;g__Bacteroides;s__Bacteroides_cellulosilyticus	k__Bacteria;p__Bacteroidetes;c__Bacteroidia;o__Bacteroidales;f__Rikenellaceae;g__Alistipes;s__Alistipes_obesi	k__Bacteria;p__Firmicutes;c__Clostridia;o__Clostridiales;f__Lachnospiraceae;g__;s__[Eubacterium]_rectale	k__Bacteria;p__Bacteroidetes;c__Bacteroidia;o__Bacteroidales;f__Bacteroidaceae;g__Bacteroides;s__Bacteroides_plebeius	k__Bacteria;p__Bacteroidetes;c__Bacteroidia;o__Bacteroidales;f__Bacteroidaceae;g__Bacteroides;s__Bacteroides_fragilis	k__Bacteria;p__Proteobacteria;c__Betaproteobacteria;o__Burkholderiales;f__Sutterellaceae;g__Sutterella;s__Sutterella_wadsworthensis	k__Bacteria;p__Bacteroidetes;c__Bacteroidia;o__Bacteroidales;f__Porphyromonadaceae;g__Barnesiella;s__Barnesiella_intestinihominis	k__Bacteria;p__Bacteroidetes;c__Bacteroidia;o__Bacteroidales;f__Odoribacteraceae;g__Odoribacter;s__Odoribacter_splanchnicus	k__Bacteria;p__Bacteroidetes;c__Bacteroidia;o__Bacteroidales;f__Bacteroidaceae;g__Bacteroides;s__Bacteroides_salyersiae	k__Bacteria;p__Firmicutes;c__Clostridia;o__Clostridiales;f__Ruminococcaceae;g__Ruminiclostridium;s__[Eubacterium]_siraeum	k__Bacteria;p__Proteobacteria;c__Betaproteobacteria;o__Burkholderiales;f__Sutterellaceae;g__Parasutterella;s__Parasutterella_excrementihominis	k__Bacteria;p__Actinobacteria;c__Actinobacteria;o__Bifidobacteriales;f__Bifidobacteriaceae;g__Bifidobacterium;s__Bifidobacterium_adolescentis	k__Bacteria;p__Firmicutes;c__Clostridia;o__Clostridiales;f__Oscillospiraceae;g__Oscillibacter;s__Oscillibacter_sp._KLE_1745	k__Bacteria;p__Bacteroidetes;c__Bacteroidia;o__Bacteroidales;f__Bacteroidaceae;g__Bacteroides;s__Bacteroides_coprophilus	k__Bacteria;p__Firmicutes;c__Clostridia;o__Clostridiales;f__Lachnospiraceae;g__Roseburia;s__Roseburia_intestinalis	k__Bacteria;p__Firmicutes;c__Clostridia;o__Clostridiales;f__Lachnospiraceae;g__Roseburia;s__Roseburia_hominis	k__Bacteria;p__Bacteroidetes;c__Bacteroidia;o__Bacteroidales;f__Porphyromonadaceae;g__Parabacteroides;s__Parabacteroides_johnsonii	k__Bacteria;p__Actinobacteria;c__Actinobacteria;o__Bifidobacteriales;f__Bifidobacteriaceae;g__Bifidobacterium;s__Bifidobacterium_longum	k__Bacteria;p__Firmicutes;c__Clostridia;o__Clostridiales;f__;g__Flavonifractor;s__Flavonifractor_plautii	k__Bacteria;p__Firmicutes;c__Clostridia;o__Clostridiales;f__Clostridiaceae;g__Clostridium;s__Clostridium_phoceensis	k__Bacteria;p__Verrucomicrobia;c__Verrucomicrobiae;o__Verrucomicrobiales;f__Akkermansiaceae;g__Akkermansia;s__Akkermansia_muciniphila	k__Bacteria;p__Bacteroidetes;c__Bacteroidia;o__Bacteroidales;f__Prevotellaceae;g__Paraprevotella;s__Paraprevotella_xylaniphila	k__Bacteria;p__Firmicutes;c__Clostridia;o__Clostridiales;f__Ruminococcaceae;g__Ruminococcus;s__Ruminococcus_callidus	k__Bacteria;p__Bacteroidetes;c__Bacteroidia;o__Bacteroidales;f__Rikenellaceae;g__Alistipes;s__Alistipes_senegalensis	k__Bacteria;p__Firmicutes;c__Clostridia;o__Clostridiales;f__Lachnospiraceae;g__Blautia;s__Blautia_sp._KLE_1732	k__Bacteria;p__Bacteroidetes;c__Bacteroidia;o__Bacteroidales;f__Bacteroidaceae;g__Bacteroides;s__Bacteroides_oleiciplenus	k__Bacteria;p__Firmicutes;c__Clostridia;o__Clostridiales;f__Ruminococcaceae;g__Ruminococcus;s__Ruminococcus_bicirculans	k__Bacteria;p__Bacteroidetes;c__Bacteroidia;o__Bacteroidales;f__Bacteroidaceae;g__Bacteroides;s__Bacteroides_fluxus	k__Bacteria;p__Bacteroidetes;c__Bacteroidia;o__Bacteroidales;f__Prevotellaceae;g__Prevotella;s__Prevotella_stercorea	k__Bacteria;p__Firmicutes;c__Clostridia;o__Clostridiales;f__Lachnospiraceae;g__Dorea;s__Dorea_longicatena	k__Bacteria;p__Firmicutes;c__Clostridia;o__Clostridiales;f__Eubacteriaceae;g__Eubacterium;s__[Eubacterium]_eligens	k__Bacteria;p__Firmicutes;c__Clostridia;o__Clostridiales;f__Ruminococcaceae;g__;s__Ruminococcaceae_bacterium_D16	k__Bacteria;p__Firmicutes;c__Clostridia;o__Clostridiales;f__Lachnospiraceae;g__Coprococcus;s__Coprococcus_comes	k__Bacteria;p__Proteobacteria;c__Gammaproteobacteria;o__Enterobacterales;f__Enterobacteriaceae;g__Escherichia;s__Escherichia_coli	k__Bacteria;p__Firmicutes;c__Clostridia;o__Clostridiales;f__Ruminococcaceae;g__Anaerotruncus;s__Anaerotruncus_colihominis	k__Bacteria;p__Firmicutes;c__Clostridia;o__Clostridiales;f__Lachnospiraceae;g__Blautia;s__Blautia_obeum	k__Bacteria;p__Bacteroidetes;c__Bacteroidia;o__Bacteroidales;f__Odoribacteraceae;g__Odoribacter;s__Odoribacter_laneus	k__Bacteria;p__Firmicutes;c__Clostridia;o__Clostridiales;f__Ruminococcaceae;g__Ruminiclostridium;s__[Clostridium]_leptum	k__Bacteria;p__Bacteroidetes;c__Bacteroidia;o__Bacteroidales;f__Porphyromonadaceae;g__Parabacteroides;s__Parabacteroides_goldsteinii	k__Bacteria;p__Firmicutes;c__Clostridia;o__Clostridiales;f__Lachnospiraceae;g__Anaerostipes;s__Anaerostipes_hadrus	k__Bacteria;p__Firmicutes;c__Clostridia;o__Clostridiales;f__Ruminococcaceae;g__Ruminococcus;s__Ruminococcus_lactaris	k__Bacteria;p__Firmicutes;c__Clostridia;o__Clostridiales;f__Clostridiaceae;g__Clostridium;s__Clostridium_sp._L2-50	k__Bacteria;p__Firmicutes;c__Clostridia;o__Clostridiales;f__Clostridiaceae;g__Clostridium;s__Clostridium_sp._M62/1	k__Bacteria;p__Firmicutes;c__Clostridia;o__Clostridiales;f__;g__Intestinimonas;s__Intestinimonas_butyriciproducens	k__Bacteria;p__Actinobacteria;c__Actinobacteria;o__Bifidobacteriales;f__Bifidobacteriaceae;g__Bifidobacterium;s__Bifidobacterium_bifidum	k__Bacteria;p__Firmicutes;c__Negativicutes;o__Veillonellales;f__Veillonellaceae;g__Dialister;s__Dialister_invisus	k__Bacteria;p__Bacteroidetes;c__Bacteroidia;o__Bacteroidales;f__Bacteroidaceae;g__Bacteroides;s__Bacteroides_salanitronis
k__Bacteria;p__Bacteroidetes;c__Bacteroidia;o__Bacteroidales;f__Bacteroidaceae;g__Bacteroides;s__Bacteroides_vulgatus	1.0	-0.00929389480043	-0.0233921494455	-0.0148392271694	-0.026818000821	0.0234778900396	-0.101769465599	0.0129726406617	-0.0303315093351	0.0246787639035	-0.0416985680526	-0.074296352408	-0.0224878773025	0.00589902075393	-0.0112268141611	-0.0198308646757	-0.00694454688695	0.0299275846469	0.0123306622547	0.0393877827401	-0.0264672547992	0.0010141923319	-0.0202395692565	-0.0251883451893	-0.0916647283126	0.000490696356939	0.053659169079	-0.00122729584711	0.0140533412434	-0.00558580652371	-0.0151998735548	-0.0064425681577	-0.0264916891474	0.00929648417712	0.0680066807127	-0.00412494111306	-0.0185545935451	-0.0436858731524	-0.0525888765966	-0.0677663709885	-0.0878556075667	-0.0672603415482	0.0422905083611	-0.0389729407416	0.0251286251411	-0.0785458651433	-0.0106822356792	0.0206646214364	-0.0326095633518	-0.0238373162852	0.0492699819082	0.0108507723384	0.0307103767586	-0.0427276215413	0.0363519585435	0.0175804654371	0.0161134167416	-0.00162192627139	-0.0220385220386
k__Bacteria;p__Bacteroidetes;c__Bacteroidia;o__Bacteroidales;f__Bacteroidaceae;g__Bacteroides;s__Bacteroides_uniformis	-0.00929389480043	1.0	0.00648344982893	-0.10806471085	0.0231334922327	0.00221622637439	0.0161164058066	-0.044772615766	0.0308076186672	-0.0603500868888	0.0318957711573	0.0230228577688	-0.000209176509859	-0.0175178612848	-0.0423960968028	-0.0525486245825	-0.0230740762712	-0.0444408240307	0.0180784429121	-0.0567072227588	0.0243341343919	-0.00896984187406	0.00506771366949	-0.0304858258821	-0.040253397165	0.00697018302042	-0.0891220956295	-0.00108620432692	-0.0263725482698	-0.0264491546223	0.0196211681068	-0.000801912226918	-0.0791382249123	-0.0234985339975	-0.031160257918	-0.0243424313867	-0.0436874075631	-0.0886662351959	0.0310601616873	-0.00665966577963	-0.0254045351561	0.0489250477333	0.0867585651374	-0.000187129426048	0.0271303305963	-0.0694969313491	0.0112670584176	-0.0280868488601	0.0178832972979	-0.034589652486	0.0228058925837	-0.0642331350716	-0.0560255792311	0.0473485590787	-0.0546031984504	0.0107498102856	-0.0149286497777	0.0262758817836	0.0179857272589
k__Bacteria;p__Bacteroidetes;c__Bacteroidia;o__Bacteroidales;f__Rikenellaceae;g__Alistipes;s__Alistipes_putredinis	-0.0233921494455	0.00648344982893	1.0	-0.00270648353079	0.00187573858643	0.0206704189607	-0.0066238882421	-0.0289319640814	0.0217260088924	0.0413895408518	-0.00720763403854	-0.0164611322706	0.010905352236	-0.00651742455113	0.0115652344163	0.0359584370667	0.0159431139885	-0.00291216830691	-0.0405244264814	-0.0349655793416	0.0116938659391	0.05483038591	0.0112749236325	-0.00538371307101	0.00527555042349	-0.0651299152163	0.0272993707648	0.0259731028064	-0.0115513730105	-0.0392723843742	-0.00669849141602	-0.00260437672955	-0.0355288535654	-0.0413500915255	-0.0375655745178	-0.0178566847886	0.00721216381534	-0.0949716564459	0.0396851570233	-0.035208725011	0.0425182142725	-0.00367322461605	-0.0330996691422	0.0411411521556	0.0207848359696	-0.0862449038028	-0.0295574382627	-0.0342080722469	-0.0133283672779	0.00550959699453	-0.0149762480313	-0.0343339738235	-0.0528328687106	-0.0663759886296	-0.0235393328838	0.019134904974	-0.0246744261873	-0.0322221746291	-0.00373212327096
k__Bacteria;p__Bacteroidetes;c__Bacteroidia;o__Bacteroidales;f__Prevotellaceae;g__Prevotella;s__Prevotella_copri	-0.0148392271694	-0.10806471085	-0.00270648353079	1.0	-0.034295331536	-0.0313936687235	0.0124360851506	-0.0564042503455	-0.0387147248048	-0.0373406956734	0.0287145154819	-0.0302145964598	0.0098206370106	-0.0163786316995	0.043346325458	0.0493595040027	0.0348823482476	0.0064230296745	-0.068038540055	-0.0102399893011	0.034390914803	-0.0243957750584	0.0670664841535	-0.0155358876289	0.0451850038785	-0.00398382540393	0.00231159538691	0.0337687257232	-0.0706824393208	0.0020457547415	0.0616850673153	-0.0274469996021	0.0237865749585	-0.0441932505496	0.0241975152424	0.0288014952275	-0.00197444138023	-0.0191422133102	-0.0229171169884	-0.0061766759573	-0.0501498630821	-0.066187379421	-0.0380646201072	-0.0533323160543	-0.0396277603573	-0.0199644183013	-0.0380974408415	0.0118765366682	-0.0063462130976	-0.000322461178645	-0.00278273591144	-0.0373653369042	-0.0871391896579	-0.0460001755514	-0.0012070330176	0.0401564127594	0.0278915336243	-0.0274828453178	-0.0388427489095
k__Bacteria;p__Bacteroidetes;c__Bacteroidia;o__Bacteroidales;f__Bacteroidaceae;g__Bacteroides;s__Bacteroides_stercoris	-0.026818000821	0.0231334922327	0.00187573858643	-0.034295331536	1.0	0.00490887222019	-0.0486267118948	-0.00477231484067	0.025945248318	-0.0395659935242	-0.0156619794407	0.0148795032393	0.0215608171544	-0.0438448825146	-0.0364458749613	-0.0396088059693	-0.0190450185424	-0.0629655857498	-0.0137309604359	0.0186283079542	-0.00135661419027	0.0211817898129	-0.0206549392129	-0.0345643383617	-0.00972554272568	0.00740167314035	0.0475810188924	-0.0302825295452	0.0213285059339	-0.0233376932293	-0.0591286468994	-0.0436772496219	-0.011388309485	-0.0383534092086	-0.0119366943005	-0.0291299387044	-0.0229825973854	0.0535757783452	-0.0546562296337	-0.0270725427495	0.0100010304913	-0.0384381856224	-0.0388198523781	-0.0411951005311	-0.0273398715196	-0.0338954909007	-0.0536558388656	-0.00166293522324	-0.0225382828161	0.0152519444478	-0.0371999308892	-0.00196368786916	-0.0188890127319	0.0404059164305	-0.0195508704849	-0.0100077742801	-0.0526147830708	-0.0237770697946	0.0185229819719
k__Bacteria;p__Bacteroidetes;c__Bacteroidia;o__Bacteroidales;f__Bacteroidaceae;g__Bacteroides;s__Bacteroides_ovatus	0.0234778900396	0.00221622637439	0.0206704189607	-0.0313936687235	0.00490887222019	1.0	0.0198661010647	-0.0187060051383	-0.014715663618	-0.0177668456462	0.00229809874666	-0.0535267345478	0.0643187846314	0.0488658625535	-0.029248196656	0.00126199473062	0.0114219026771	-0.0490631588696	-0.0520352807082	0.0122506399047	-0.0674851028217	-0.0538040200024	0.0268249616997	-0.0292342231057	0.00738225755462	0.0145720834321	-0.00550554291523	-0.0388116368911	-0.00113281787691	0.0186065381958	-0.0309346395213	-0.06539858727	-0.0231815791855	-0.017178263451	-0.118485090118	0.0337225581186	0.0394641007174	0.000923514883006	-0.00739519101369	-0.0318311375601	-0.0173254708676	0.0295287175318	-0.0309412672276	-0.012074317354	-0.0712014558292	-0.0634184814726	-0.0193900617529	-0.0479975962976	-0.0410928135876	0.0131038435368	-0.0345123884546	0.0103767363611	-0.0375612648851	-0.0136040133552	0.00450462206481	-0.0342340653518	-0.0159179052673	-0.0978769438158	0.0918558641247
k__Bacteria;p__Bacteroidetes;c__Bacteroidia;o__Bacteroidales;f__Rikenellaceae;g__Alistipes;s__Alistipes_shahii	-0.101769465599	0.0161164058066	-0.0066238882421	0.0124360851506	-0.0486267118948	0.0198661010647	1.0	-0.0112138454655	-0.0563128519426	-0.0161643054055	-0.0247174023875	0.0151135570144	0.0807246726353	-0.0263730347434	0.0150791869608	-0.0450653686273	0.018916998686	0.0593655862193	-0.0365700677943	0.0607082589717	0.0558693619681	-0.00502073180815	0.0445396458809	0.0315056142151	0.00177537780065	-0.00774441481398	-0.0298293413279	0.0121805988219	-0.0172660486152	0.0555450801167	-0.00759554472435	0.045942922659	-0.0088298795488	-0.0494812229655	0.0291971134279	-0.00704323575388	-0.0448979920201	-0.0115782350403	0.0345972206457	-0.0287557326753	0.0146711424902	-0.0172057083297	-0.079341083188	-0.0178015995644	-0.111957156413	-0.00178751768013	-0.0418150045039	-0.0350730801056	-0.0216006285828	0.00541609125985	-0.010112851302	0.0118081844365	-0.0229740351399	0.0201193737041	0.00465377778756	0.0186416686795	0.0509112775595	0.00911159184775	-0.0148001310816
k__Bacteria;p__Firmicutes;c__Clostridia;o__Clostridiales;f__Ruminococcaceae;g__Faecalibacterium;s__Faecalibacterium_prausnitzii	0.0129726406617	-0.044772615766	-0.0289319640814	-0.0564042503455	-0.00477231484067	-0.0187060051383	-0.0112138454655	1.0	0.024224068593	-0.00534520213936	-0.0448018617703	0.0431957860754	-0.060970479006	-0.0576639527739	-0.0292095998098	-0.00920159806853	-0.0425544316017	0.0615759105126	0.00377928624248	0.0239193505215	0.0055432963358	0.0302932066828	-0.0110484435549	0.024428550177	0.00381867305829	0.0414673481593	0.0127498231228	0.026291422377	-0.0178844931307	0.0463443333076	-0.0144398779016	-0.057401389738	-0.080389866603	-0.0267753711105	-0.0384220198971	-0.0122510585768	0.00606204865761	0.0477637160445	-0.0372051413934	-0.00718587768741	0.0116277724104	0.00260874976962	-0.0342386194082	-0.00669800999409	-0.06918522505	0.0209804322362	-0.0388603842135	-0.00578970184926	-0.0273083057683	0.0270268867065	0.0373050886625	-0.0534689345866	-0.0224699611447	-0.0569674149202	-0.0297323263323	0.0254364503191	-0.0294414082708	-0.0186177739891	0.0641526393416
k__Bacteria;p__Bacteroidetes;c__Bacteroidia;o__Bacteroidales;f__Rikenellaceae;g__Alistipes;s__Alistipes_finegoldii	-0.0303315093351	0.0308076186672	0.0217260088924	-0.0387147248048	0.025945248318	-0.014715663618	-0.0563128519426	0.024224068593	1.0	-0.00440421219368	-0.0528705041269	0.0352570720555	-0.0137903651909	0.0390227478732	-0.0410727754266	-0.0275301490741	0.00602663455451	-0.0783783759581	0.0172839103842	-0.0343738509807	-0.00612426561396	0.0428988495489	-0.0383680586969	0.032108378687	-0.0155106948223	0.0544571268129	-0.0213345834064	-0.0485817690541	0.020323269965	-0.00016602938473	-0.0385238350988	0.00845379083251	0.00432344863129	0.0342306359313	0.0263103466552	-0.0290899075992	-0.0430752385082	0.00849696043915	-0.025245949856	-0.0177154344358	0.0962953946794	-0.0718690722352	0.00483852029517	0.0251340171106	-0.0445551257418	-0.0250937619254	0.0176873011956	0.0375146890724	-0.0152416677972	-0.0420520440369	-0.0235454026691	-0.093851353359	0.00132548406953	0.0256666025574	0.0649538759775	-0.0369242112949	-0.0422172313659	-0.0237799998339	0.0128104761583
k__Bacteria;p__Bacteroidetes;c__Bacteroidia;o__Bacteroidales;f__Porphyromonadaceae;g__Parabacteroides;s__Parabacteroides_distasonis	0.0246787639035	-0.0603500868888	0.0413895408518	-0.0373406956734	-0.0395659935242	-0.0177668456462	-0.0161643054055	-0.00534520213936	-0.00440421219368	1.0	0.0181295371338	0.01479814876	0.0937207920946	0.0341838335171	0.0041638979829	0.0309151110225	0.00755344999056	0.0390158209594	-0.0427258869418	0.0293616244392	0.00246727759309	0.0149992562173	0.000433934881475	-0.0194971568883	0.00377440976483	-0.0318148363884	-0.0575832878579	-0.000817684402384	-0.0509439601632	-0.0511897515457	-0.00679792608963	-0.0663580781922	0.0339349602967	-0.00706841984982	-0.03987754915	0.000685143176741	-0.0367827806881	0.00621734913709	-0.0230895320552	-0.0377482058482	-0.0171484999421	-0.0434124549568	0.0226734233736	-0.0180909774801	-0.0441603800691	0.0507725224292	0.00931874760147	-0.0339412674709	0.0276724679854	-0.0168362488206	0.0540182026684	0.014296283027	-0.0257522863535	0.0179994570372	0.017186900131	-0.0634341770267	0.0153308729035	-0.0174492849876	-0.0232356093859
k__Bacteria;p__Bacteroidetes;c__Bacteroidia;o__Bacteroidales;f__Bacteroidaceae;g__Bacteroides;s__Bacteroides_thetaiotaomicron	-0.0416985680526	0.0318957711573	-0.00720763403854	0.0287145154819	-0.0156619794407	0.00229809874666	-0.0247174023875	-0.0448018617703	-0.0528705041269	0.0181295371338	1.0	-0.0657977860303	0.0222603961606	0.0240327925134	-0.0901210339485	-0.0188426280535	-0.0120120552717	0.00614297866791	0.00928206973613	0.0118629969126	-0.00196354709305	0.00930672341314	-0.0228069505313	-0.0230934795114	0.00432055495719	-0.00140701639735	0.0061929821879	-0.0393107400714	-0.00306947419217	-0.00392878612575	-0.0702742415285	-0.0323997785567	0.00565330231381	-0.00961248294928	-0.00688182041824	0.0479321692627	-0.0808797901303	-0.0270568493496	-0.000537337761444	0.00205231713093	0.0797317692346	0.0140797530156	-0.0460685864498	-0.00826524169058	-0.00801639367854	-0.024691601659	0.0546331361304	0.00761087981256	-0.0480371919315	-0.0266780825195	-0.0279597343811	-0.00359690374189	-0.0371021264976	-0.00542822447719	-0.029074393385	-0.000485215780973	-0.00143095596601	0.0479574486187	-0.0516924702485
k__Bacteria;p__Bacteroidetes;c__Bacteroidia;o__Bacteroidales;f__Bacteroidaceae;g__Bacteroides;s__Bacteroides_coprocola	-0.074296352408	0.0230228577688	-0.0164611322706	-0.0302145964598	0.0148795032393	-0.0535267345478	0.0151135570144	0.0431957860754	0.0352570720555	0.01479814876	-0.0657977860303	1.0	0.00581940009169	-0.0523569992849	0.0227726103908	-0.0107652568152	-0.0152757950201	0.0135633503276	0.0506845027016	-0.0716375361718	-0.00759325466129	0.102056233316	-0.0519028445748	0.0165813969329	-0.0447558905276	0.047397355842	-0.0125630635799	0.0111044782767	-0.0802433224402	-0.0168782533581	0.0799726236198	0.016698892693	-0.101332070024	-0.00487947878601	-0.0159235114112	-0.033113607289	0.00279225542153	-0.0163313413222	-0.00920667201456	0.00842555240143	-0.00534412319362	0.0552482124025	0.00835140336844	-0.0288429666962	-0.00963301840835	-0.0329806668336	-0.0370139197656	-0.0196313466389	0.0610563293785	-0.0148477285982	-0.0800290838375	-0.0510305396311	0.0422144372796	-0.0291411840169	-0.0248236897686	-0.0179823259519	-0.0199230449457	-0.0299605427906	0.0057564749018
k__Bacteria;p__Bacteroidetes;c__Bacteroidia;o__Bacteroidales;f__Bacteroidaceae;g__Bacteroides;s__Bacteroides_cellulosilyticus	-0.0224878773025	-0.000209176509859	0.010905352236	0.0098206370106	0.0215608171544	0.0643187846314	0.0807246726353	-0.060970479006	-0.0137903651909	0.0937207920946	0.0222603961606	0.00581940009169	1.0	0.0134836088703	-0.0177969352256	-0.00899184100698	-0.00380768082832	-0.016414978525	-0.0531798763841	0.00613701311204	-0.105905487871	0.020470669976	0.0443987995883	-0.00709717890102	0.0493705299991	0.0262662208205	0.0341748427186	-0.0542527769595	-0.0169936533052	0.0440265013673	-0.040433789026	-0.0817102925649	0.0306654529998	0.0243290352409	0.0377510898487	-0.0163653738295	0.00206005821503	-0.0569292007873	-0.0198251949094	-5.66103267107e-05	-0.0157049198368	-0.0240970959177	-0.0211303336384	-0.085453865557	0.00608063628203	-0.0349116764085	-0.0228633505402	0.0644537407087	-0.0209715147995	-0.0240549794632	-0.0663881773619	0.0362403499834	-0.109072525967	-0.0133096224922	0.00812751941576	0.0473903139722	0.0126609430777	-0.0309052962628	0.0139990868614
k__Bacteria;p__Bacteroidetes;c__Bacteroidia;o__Bacteroidales;f__Rikenellaceae;g__Alistipes;s__Alistipes_obesi	0.00589902075393	-0.0175178612848	-0.00651742455113	-0.0163786316995	-0.0438448825146	0.0488658625535	-0.0263730347434	-0.0576639527739	0.0390227478732	0.0341838335171	0.0240327925134	-0.0523569992849	0.0134836088703	1.0	0.00140826559141	-0.059175423995	0.0396212784139	-0.0223477777649	-0.038300570541	-0.0426108613272	-0.0701734201585	-0.0581959886668	-0.0260633204736	-0.069694805273	0.00407260547542	-0.0198007432094	0.0151312517163	-0.0600792265927	-0.0556657585083	0.0813306408688	0.000495757526373	-0.00326946659628	0.0105435623138	-0.027236212586	-0.0164353282379	-0.0388157917763	0.0410445162537	-0.0195818001256	0.000786761693806	0.0299683872718	0.0124868165433	-0.0410010213617	0.0112033588096	-0.00559670628388	-0.0503799597571	0.0141109447249	-0.00866304600693	-0.00240601293515	-0.0455493025118	-0.0083394286494	-0.0257384288259	0.00242430102562	-0.0183272072237	0.0257943672073	-0.0735381594097	-0.0356781402678	-0.00306382440937	0.0333408982728	-0.0462384936103
k__Bacteria;p__Firmicutes;c__Clostridia;o__Clostridiales;f__Lachnospiraceae;g__;s__[Eubacterium]_rectale	-0.0112268141611	-0.0423960968028	0.0115652344163	0.043346325458	-0.0364458749613	-0.029248196656	0.0150791869608	-0.0292095998098	-0.0410727754266	0.0041638979829	-0.0901210339485	0.0227726103908	-0.0177969352256	0.00140826559141	1.0	0.0360626720348	-0.0207053869869	0.00512354443497	-0.0847013506845	-0.0207004838953	-0.0780347464268	0.0200396226362	-0.0618231528887	-0.0173476311633	-0.0167179770132	-0.0411851218883	-0.0382368367237	-0.0462729769794	-0.0574753043125	-0.0250440301835	-0.0598249698806	0.0209799758837	0.040183188693	0.0061528501032	-0.0092534097157	0.032268357361	0.0687231919667	-0.00387721724819	-0.0553095236998	0.00721090783325	-0.00832186886664	0.00595948855352	0.0227710316283	0.0362049606268	-0.00351188327358	0.0292581363778	-0.0508865736171	-0.0347066794965	0.0233601557744	-0.0281288777247	0.0151423673537	0.0459132641564	-0.0114845667452	-0.0124399670402	0.0515732895541	-0.0547991368921	-0.0656019492701	0.0414868447589	-0.0347318906652
k__Bacteria;p__Bacteroidetes;c__Bacteroidia;o__Bacteroidales;f__Bacteroidaceae;g__Bacteroides;s__Bacteroides_plebeius	-0.0198308646757	-0.0525486245825	0.0359584370667	0.0493595040027	-0.0396088059693	0.00126199473062	-0.0450653686273	-0.00920159806853	-0.0275301490741	0.0309151110225	-0.0188426280535	-0.0107652568152	-0.00899184100698	-0.059175423995	0.0360626720348	1.0	-0.0691980597788	-0.0292363325082	-0.060247680771	0.0652112598404	0.0196636313762	0.0541628324533	-0.0122929991193	0.00184445921447	-0.0201705188449	-0.0216025086479	-0.0247811663992	-0.0299691066795	-0.036659562251	0.00568413300601	0.0321240980199	-0.00170817382854	0.0336424898052	-0.00875703485451	0.00518420126493	-0.0140220292761	-0.0248122994388	-0.0196987044588	-0.0477543549325	-0.0107975620288	0.045380709097	0.0825570873914	-0.00889373439502	0.0353325126891	-0.0212017253349	-0.00464008243224	-0.00198055140605	-0.0336251364497	-0.0418008528237	-0.0349092668058	0.00985346653639	0.0446150432086	-0.0137567074261	-0.010097875804	0.02877127622	-0.082837131073	0.0203421113438	-0.0845579566703	0.0190474955735
k__Bacteria;p__Bacteroidetes;c__Bacteroidia;o__Bacteroidales;f__Bacteroidaceae;g__Bacteroides;s__Bacteroides_fragilis	-0.00694454688695	-0.0230740762712	0.0159431139885	0.0348823482476	-0.0190450185424	0.0114219026771	0.018916998686	-0.0425544316017	0.00602663455451	0.00755344999056	-0.0120120552717	-0.0152757950201	-0.00380768082832	0.0396212784139	-0.0207053869869	-0.0691980597788	1.0	0.0352317282584	0.0117526433624	-0.058946105736	0.044649100741	0.0381454926059	-0.00489149268156	-0.0311705800035	0.00666237764566	-0.00956733944063	-0.0418205914291	-0.0350811172638	0.0243020656612	-0.084719895638	-0.0193026691743	-0.0339238550862	-0.0257906902151	0.0550383802033	0.00595892085241	-0.0961565104875	-0.0291549768169	0.037684196422	0.00451692172015	0.0317307231277	0.0339908611121	0.0041022365044	-0.0717484690708	-0.0772092689865	0.0382779669389	-0.0714425397186	-0.0180932743897	0.0122999696527	0.000872339019735	-0.0717872526432	0.0222657038095	0.0382386401974	0.0235489313867	0.00105435224428	-0.00925139820058	0.0352744804979	0.0198142599885	-0.0354180393396	0.031224129357
k__Bacteria;p__Proteobacteria;c__Betaproteobacteria;o__Burkholderiales;f__Sutterellaceae;g__Sutterella;s__Sutterella_wadsworthensis	0.0299275846469	-0.0444408240307	-0.00291216830691	0.0064230296745	-0.0629655857498	-0.0490631588696	0.0593655862193	0.0615759105126	-0.0783783759581	0.0390158209594	0.00614297866791	0.0135633503276	-0.016414978525	-0.0223477777649	0.00512354443497	-0.0292363325082	0.0352317282584	1.0	0.000296084897617	0.0202616150153	0.0326797794845	0.0107754194273	-0.0072216854193	-0.00306190060364	-0.00451449841935	0.010460913558	-0.0230016208836	-0.025082553986	0.0240330361713	0.00854727505403	-0.00256238371135	0.0219359790833	0.0388466812912	-0.0396423822925	-0.103380990431	-0.0639014162919	-0.0189335251828	0.00959601892918	0.01273896106	0.0493246449297	-0.0596320271683	0.0625686397623	-0.0123924449669	-0.0662521871494	-0.0369041267012	0.00516749214087	-0.060687804355	0.0261749824996	-0.0235268635806	-0.0241335208196	-0.0393048071433	-0.0421257703411	0.0233059906718	-0.0316621924484	-0.0175367153208	0.0110461321477	-0.0111886036498	0.00646519377579	0.0395206011453
k__Bacteria;p__Bacteroidetes;c__Bacteroidia;o__Bacteroidales;f__Porphyromonadaceae;g__Barnesiella;s__Barnesiella_intestinihominis	0.0123306622547	0.0180784429121	-0.0405244264814	-0.068038540055	-0.0137309604359	-0.0520352807082	-0.0365700677943	0.00377928624248	0.0172839103842	-0.0427258869418	0.00928206973613	0.0506845027016	-0.0531798763841	-0.038300570541	-0.0847013506845	-0.060247680771	0.0117526433624	0.000296084897617	1.0	-0.0448898644371	-0.0427318122894	0.0415589758433	-0.0198022556993	0.0335970172093	-0.0601867031234	-0.0276567438823	0.00577777005345	0.0195845614081	-0.0551451650772	-0.0594400714999	0.00709040218087	0.0521887483037	-0.0446114968048	0.0235106609067	-0.010812153309	-0.0432132834012	0.0170535863994	-0.00807944914902	0.0255931716699	0.00149340575657	0.0224212853738	-0.0319081832592	0.0742494739288	0.0458068351159	0.0197934276559	0.000648720927708	-0.0640267969225	0.0304017120455	-0.0206780505429	-0.0395651035829	0.0357705534392	0.0382432506646	-0.0361376129858	0.000141184655968	-0.0304939598423	0.0138124315841	0.0492966075949	-0.011619547116	-0.055283417427
k__Bacteria;p__Bacteroidetes;c__Bacteroidia;o__Bacteroidales;f__Odoribacteraceae;g__Odoribacter;s__Odoribacter_splanchnicus	0.0393877827401	-0.0567072227588	-0.0349655793416	-0.0102399893011	0.0186283079542	0.0122506399047	0.0607082589717	0.0239193505215	-0.0343738509807	0.0293616244392	0.0118629969126	-0.0716375361718	0.00613701311204	-0.0426108613272	-0.0207004838953	0.0652112598404	-0.058946105736	0.0202616150153	-0.0448898644371	1.0	-0.0447139899311	-0.0150458325169	0.0208123470771	0.0104560805531	-0.0299178115195	-0.00395320821494	0.0618102775268	0.00356648730984	-0.0329543626177	-0.0464159087594	-0.0329916917223	0.0169465194637	0.00140315189771	0.0102386184736	0.0154356630498	-0.036893928633	0.00177749593423	-0.0497753124496	-0.0525935540337	-0.0563954609107	-0.0722980092348	0.021209436626	0.049878527181	0.0375964873401	-0.00241760612491	0.00114707578539	-0.0174516969975	-0.0230816520028	0.0422584691438	0.0495625032763	-0.0127589714252	-0.0355157264123	0.0159617699055	0.0242129383486	0.100234990637	0.00687907374778	0.00105882439753	-0.0266477720405	-0.0301432614668
k__Bacteria;p__Bacteroidetes;c__Bacteroidia;o__Bacteroidales;f__Bacteroidaceae;g__Bacteroides;s__Bacteroides_salyersiae	-0.0264672547992	0.0243341343919	0.0116938659391	0.034390914803	-0.00135661419027	-0.0674851028217	0.0558693619681	0.0055432963358	-0.00612426561396	0.00246727759309	-0.00196354709305	-0.00759325466129	-0.105905487871	-0.0701734201585	-0.0780347464268	0.0196636313762	0.044649100741	0.0326797794845	-0.0427318122894	-0.0447139899311	1.0	-0.119462118953	-0.0178703989773	-0.0694511778362	-0.0231374551059	-0.0351596983509	-0.0722565509447	0.0232009718665	0.0155168871324	-0.0567796650679	-0.0126787041051	-0.0763121274286	0.0208723939449	-0.0197875870001	-0.00962046345778	-0.066913268973	-0.00614916548923	-0.0279909506158	0.0724426191478	-0.0374231199473	-0.00634487608987	0.00122818343575	0.00674441679595	0.0434575877382	-0.0569435572555	0.0432403099937	-0.029889318103	0.0202508825019	-0.0247532857642	0.00188335867624	-0.046679019951	-0.0190076316321	0.0138901461123	0.0325636848519	-0.0123709778943	-0.0554093455017	-0.0583159447086	0.042972527238	0.026638592706
k__Bacteria;p__Firmicutes;c__Clostridia;o__Clostridiales;f__Ruminococcaceae;g__Ruminiclostridium;s__[Eubacterium]_siraeum	0.0010141923319	-0.00896984187406	0.05483038591	-0.0243957750584	0.0211817898129	-0.0538040200024	-0.00502073180815	0.0302932066828	0.0428988495489	0.0149992562173	0.00930672341314	0.102056233316	0.020470669976	-0.0581959886668	0.0200396226362	0.0541628324533	0.0381454926059	0.0107754194273	0.0415589758433	-0.0150458325169	-0.119462118953	1.0	-0.0114224989163	0.0439525092262	0.0104586966059	0.045887331548	-0.0412264052959	-0.0324865376222	0.0331401915562	-0.0123697029746	-0.0386884715391	0.0127854784017	-0.00607509615099	-0.041485265763	-0.0226859113012	0.0408361387634	-0.00287209836097	0.035131125246	-0.0110350320007	-0.0162187192207	0.0152733279308	-0.0319761034532	-0.00356873210779	0.0304608235608	0.020047606945	0.000912170148812	0.045742499507	-0.0242517563239	-0.0138740988085	-0.0409851201138	-0.0442110495083	-0.00369245022827	-0.0227156592996	-0.0249546628015	-0.0309435112561	-0.0492727355415	0.00516431334427	0.0325324387818	-0.0276448043714
k__Bacteria;p__Proteobacteria;c__Betaproteobacteria;o__Burkholderiales;f__Sutterellaceae;g__Parasutterella;s__Parasutterella_excrementihominis	-0.0202395692565	0.00506771366949	0.0112749236325	0.0670664841535	-0.0206549392129	0.0268249616997	0.0445396458809	-0.0110484435549	-0.0383680586969	0.000433934881474	-0.0228069505313	-0.0519028445748	0.0443987995883	-0.0260633204736	-0.0618231528887	-0.0122929991193	-0.00489149268156	-0.0072216854193	-0.0198022556993	0.0208123470771	-0.0178703989773	-0.0114224989163	1.0	-0.0296894560897	0.0229717970022	-0.0648964347809	-0.0589896938565	0.0883415755908	-0.0475766841596	0.0527346125043	-0.0177846347269	-0.0285047639491	-0.0194147501163	0.0322597309752	-0.0550032226949	-0.00883059164142	-0.0512440322101	0.00736044225412	-0.0382728354991	0.00464227276125	-0.0303690474954	-0.00833632703815	-0.039768999867	0.0257820965812	-0.0338345879743	-0.0110315426794	0.0135198983653	0.00901104040172	-0.0351339195233	-0.00253400823048	0.0824921683636	-0.0482027398221	0.0193812015077	-0.00629829115254	0.0174913525264	0.0766473710664	0.0205207883844	-0.0135852972589	0.0323374707607
k__Bacteria;p__Actinobacteria;c__Actinobacteria;o__Bifidobacteriales;f__Bifidobacteriaceae;g__Bifidobacterium;s__Bifidobacterium_adolescentis	-0.0251883451893	-0.0304858258821	-0.00538371307101	-0.0155358876289	-0.0345643383617	-0.0292342231057	0.0315056142151	0.024428550177	0.032108378687	-0.0194971568883	-0.0230934795114	0.0165813969329	-0.00709717890102	-0.069694805273	-0.0173476311633	0.00184445921447	-0.0311705800035	-0.00306190060364	0.0335970172093	0.0104560805531	-0.0694511778362	0.0439525092262	-0.0296894560897	1.0	0.036405875603	0.0884463658594	-0.0103027723527	0.00848214546221	-0.0257935434549	0.0809813679298	0.0364786799826	0.0181417121789	-0.00436366070551	-0.0419061855966	-0.027833583586	-0.0593086263782	0.00712788979805	-0.00950540086802	0.0291068954488	-0.0347788572233	-0.013476676394	0.00452981975047	0.00804019361056	-0.00169973996427	-0.054998917322	-0.0225338515338	0.00221866427154	-0.00979394090764	-0.0638784606955	0.00611673232091	-0.0625149119648	-0.0204816283408	-0.023011816733	-0.000264356763864	0.0213045866946	0.0187618240053	-0.0780793255252	-0.0575148376305	-0.0171344436155
k__Bacteria;p__Firmicutes;c__Clostridia;o__Clostridiales;f__Oscillospiraceae;g__Oscillibacter;s__Oscillibacter_sp._KLE_1745	-0.0916647283126	-0.040253397165	0.00527555042349	0.0451850038785	-0.00972554272568	0.00738225755462	0.00177537780065	0.00381867305829	-0.0155106948223	0.00377440976483	0.00432055495719	-0.0447558905276	0.0493705299991	0.00407260547542	-0.0167179770132	-0.0201705188449	0.00666237764566	-0.00451449841935	-0.0601867031234	-0.0299178115195	-0.0231374551059	0.0104586966059	0.0229717970022	0.036405875603	1.0	0.0166146241289	0.00435914910116	-0.0342415591058	-0.0241781986657	0.00779614502444	-0.0472638972422	0.0207339552963	-0.0255511583828	-0.0191027965257	-0.0547206292642	-0.0238335299278	0.0338728399916	0.0136846667866	0.0590495493147	0.0191145354643	-0.000994832631131	-0.0136639443086	0.014419333801	-0.0512501846004	-0.0704058787241	-0.0502499885654	-0.0409866039021	-0.00248072357361	-0.0170273554833	-0.0517382630651	0.0467453934753	0.0245263345102	-0.00839829649777	0.0214960574321	-0.0674349286077	-0.0350911162505	0.00151502543925	-0.0133813685599	-0.024932486243
k__Bacteria;p__Bacteroidetes;c__Bacteroidia;o__Bacteroidales;f__Bacteroidaceae;g__Bacteroides;s__Bacteroides_coprophilus	0.000490696356939	0.00697018302042	-0.0651299152163	-0.00398382540393	0.00740167314035	0.0145720834321	-0.00774441481398	0.0414673481593	0.0544571268129	-0.0318148363884	-0.00140701639735	0.047397355842	0.0262662208205	-0.0198007432094	-0.0411851218883	-0.0216025086479	-0.00956733944063	0.010460913558	-0.0276567438823	-0.00395320821494	-0.0351596983509	0.045887331548	-0.0648964347809	0.0884463658594	0.0166146241289	1.0	0.0142623694218	-0.0375982389177	0.0003458487724	0.0341479606977	-0.0391347317912	0.0479356300005	-0.0257578212745	0.0189539846033	-0.0112108544142	0.0853788059512	-0.0321538960816	-0.0270080967262	-0.0317149272751	-0.0773385852667	0.0476291284556	0.0206807376099	-0.00224666735265	-0.0254903554073	0.0330645003687	-0.0695720614561	-0.0270469489637	0.0294945568682	-0.0187446729627	0.000182810221783	0.0117996213336	-0.00127647901549	0.0112574233562	-0.00107466419087	0.00159837713582	0.00485118316436	0.0198823893946	-0.0684275930232	0.0160656941267
k__Bacteria;p__Firmicutes;c__Clostridia;o__Clostridiales;f__Lachnospiraceae;g__Roseburia;s__Roseburia_intestinalis	0.053659169079	-0.0891220956295	0.0272993707648	0.00231159538691	0.0475810188924	-0.00550554291523	-0.0298293413279	0.0127498231228	-0.0213345834064	-0.0575832878579	0.0061929821879	-0.0125630635799	0.0341748427186	0.0151312517163	-0.0382368367237	-0.0247811663992	-0.0418205914291	-0.0230016208836	0.00577777005345	0.0618102775268	-0.0722565509447	-0.0412264052959	-0.0589896938565	-0.0103027723527	0.00435914910116	0.0142623694218	1.0	-0.0715215265953	-0.0138338789668	-0.0127069842516	-0.0138647288953	-0.101095879163	-0.00650510194305	-0.0148286370075	0.0497093450491	-0.0165890058955	0.0204636654119	0.0213238365962	0.0131643985962	-0.040206769169	-0.0305524127166	-0.0189397244432	-0.030135082788	0.00186689901659	0.0563207197512	0.0337560353342	-0.0465950369879	0.00595130225748	-0.0458614819712	-0.0166136611076	0.0035759614875	0.0497998509792	-0.0387474544342	-0.017880443369	-0.0171223952947	-0.0143468321493	0.061551289211	-0.0505257427569	0.015657975823
k__Bacteria;p__Firmicutes;c__Clostridia;o__Clostridiales;f__Lachnospiraceae;g__Roseburia;s__Roseburia_hominis	-0.00122729584711	-0.00108620432692	0.0259731028064	0.0337687257232	-0.0302825295452	-0.0388116368911	0.0121805988219	0.026291422377	-0.0485817690541	-0.000817684402384	-0.0393107400714	0.0111044782767	-0.0542527769595	-0.0600792265927	-0.0462729769794	-0.0299691066795	-0.0350811172638	-0.025082553986	0.0195845614081	0.00356648730984	0.0232009718665	-0.0324865376222	0.0883415755908	0.00848214546221	-0.0342415591058	-0.0375982389177	-0.0715215265953	1.0	-0.010373898206	0.0139594745046	0.00290430292035	-0.00455914945038	0.0013473143392	0.0743031428668	-0.0537478896681	-0.00711560642604	0.0208940257171	-0.0449008842573	0.0197026626271	0.0200388275869	0.00576531409326	-0.0686825799581	0.0125280512845	0.019907968697	0.016784945555	0.0575738285903	-0.0250916681826	-0.00138003858907	-0.0770796345184	-0.0220666316317	-0.0732794033145	0.0116868493206	-0.0253660476692	0.027706261299	0.0200810474013	-0.0244002870422	-0.0107146423468	0.0015825295432	-0.0363091495554
k__Bacteria;p__Bacteroidetes;c__Bacteroidia;o__Bacteroidales;f__Porphyromonadaceae;g__Parabacteroides;s__Parabacteroides_johnsonii	0.0140533412434	-0.0263725482698	-0.0115513730105	-0.0706824393208	0.0213285059339	-0.00113281787691	-0.0172660486152	-0.0178844931307	0.020323269965	-0.0509439601632	-0.00306947419217	-0.0802433224402	-0.0169936533052	-0.0556657585083	-0.0574753043125	-0.036659562251	0.0243020656612	0.0240330361713	-0.0551451650772	-0.0329543626177	0.0155168871324	0.0331401915562	-0.0475766841596	-0.0257935434549	-0.0241781986657	0.0003458487724	-0.0138338789668	-0.010373898206	1.0	-0.0505719583365	-0.0267851236471	0.00985375421008	-0.0649484561316	-0.0205088553486	0.0521048787587	0.0413050914165	0.0287961709991	-0.0011234308932	0.0193845123511	0.0115909371925	0.0775402589836	0.00331079781791	0.0209098632112	-0.0680277360268	0.0112094346264	0.016695169771	0.0248584389785	0.00519476394617	-0.00558754514209	0.00252460194497	0.0353535193298	-0.0371665457322	0.0202311107442	-0.106067723922	0.0241603252266	-0.017043331853	-0.0767345498288	-0.047665950841	0.0122284960457
k__Bacteria;p__Actinobacteria;c__Actinobacteria;o__Bifidobacteriales;f__Bifidobacteriaceae;g__Bifidobacterium;s__Bifidobacterium_longum	-0.00558580652371	-0.0264491546223	-0.0392723843742	0.0020457547415	-0.0233376932293	0.0186065381958	0.0555450801167	0.0463443333076	-0.000166029384729	-0.0511897515457	-0.00392878612575	-0.0168782533581	0.0440265013673	0.0813306408688	-0.0250440301835	0.00568413300601	-0.084719895638	0.00854727505403	-0.0594400714999	-0.0464159087594	-0.0567796650679	-0.0123697029746	0.0527346125043	0.0809813679298	0.00779614502445	0.0341479606977	-0.0127069842516	0.0139594745046	-0.0505719583365	1.0	-0.0082824754354	0.0054155205524	-0.0760595457121	0.00421295602247	-0.0067009077658	-0.00693094100963	0.0290093041016	0.0792382551814	-0.0263517982132	-0.0580642618992	-0.00458165371539	-0.034369959015	-0.0199728053102	0.00769549688327	-0.0632760088247	0.000306185182686	0.0202388002975	-0.0327129899814	0.0385544725783	-0.0517416795254	-0.0288683644331	-0.0160591281669	-0.0341565913272	0.046506805704	0.0528311682661	-0.00944406524983	0.0398228124478	-0.0247494527942	-0.0479321424626
