#taxonomy	k__Bacteria;p__Bacteroidetes;c__Bacteroidia;o__Bacteroidales;f__Bacteroidaceae;g__Bacteroides;s__Bacteroides_vulgatus	k__Bacteria;p__Bacteroidetes;c__Bacteroidia;o__Bacteroidales;f__Bacteroidaceae;g__Bacteroides;s__Bacteroides_uniformis	k__Bacteria;p__Bacteroidetes;c__Bacteroidia;o__Bacteroidales;f__Rikenellaceae;g__Alistipes;s__Alistipes_putredinis	k__Bacteria;p__Bacteroidetes;c__Bacteroidia;o__Bacteroidales;f__Prevotellaceae;g__Prevotella;s__Prevotella_copri	k__Bacteria;p__Bacteroidetes;c__Bacteroidia;o__Bacteroidales;f__Bacteroidaceae;g__Bacteroides;s__Bacteroides_stercoris	k__Bacteria;p__Bacteroidetes;c__Bacteroidia;o__Bacteroidales;f__Bacteroidaceae;g__Bacteroides;s__Bacteroides_ovatus	k__Bacteria;p__Bacteroidetes;c__Bacteroidia;o__Bacteroidales;f__Rikenellaceae;g__Alistipes;s__Alistipes_shahii	k__Bacteria;p__Firmicutes;c__Clostridia;o__Clostridiales;f__Ruminococcaceae;g__Faecalibacterium;s__Faecalibacterium_prausnitzii	k__Bacteria;p__Bacteroidetes;c__Bacteroidia;o__Bacteroidales;f__Rikenellaceae;g__Alistipes;s__Alistipes_finegoldii	k__Bacteria;p__Bacteroidetes;c__Bacteroidia;o__Bacteroidales;f__Porphyromonadaceae;g__Parabacteroides;s__Parabacteroides_distasonis	k__Bacteria;p__Bacteroidetes;c__Bacteroidia;o__Bacteroidales;f__Bacteroidaceae;g__Bacteroides;s__Bacteroides_thetaiotaomicron	k__Bacteria;p__Bacteroidetes;c__Bacteroidia;o__Bacteroidales;f__Bacteroidaceae;g__Bacteroides;s__Bacteroides_coprocola	k__Bacteria;p__Bacteroidetes;c__Bacteroidia;o__Bacteroidales;f__Bacteroidaceae;g__Bacteroides;s__Bacteroides_cellulosilyticus	k__Bacteria;p__Bacteroidetes;c__Bacteroidia;o__Bacteroidales;f__Rikenellaceae;g__Alistipes;s__Alistipes_obesi	k__Bacteria;p__Firmicutes;c__Clostridia;o__Clostridiales;f__Lachnospiraceae;g__;s__[Eubacterium]_rectale	k__Bacteria;p__Bacteroidetes;c__Bacteroidia;o__Bacteroidales;f__Bacteroidaceae;g__Bacteroides;s__Bacteroides_plebeius	k__Bacteria;p__Bacteroidetes;c__Bacteroidia;o__Bacteroidales;f__Bacteroidaceae;g__Bacteroides;s__Bacteroides_fragilis	k__Bacteria;p__Proteobacteria;c__Betaproteobacteria;o__Burkholderiales;f__Sutterellaceae;g__Sutterella;s__Sutterella_wadsworthensis	k__Bacteria;p__Bacteroidetes;c__Bacteroidia;o__Bacteroidales;f__Porphyromonadaceae;g__Barnesiella;s__Barnesiella_intestinihominis	k__Bacteria;p__Bacteroidetes;c__Bacteroidia;o__Bacteroidales;f__Odoribacteraceae;g__Odoribacter;s__Odoribacter_splanchnicus	k__Bacteria;p__Bacteroidetes;c__Bacteroidia;o__Bacteroidales;f__Bacteroidaceae;g__Bacteroides;s__Bacteroides_salyersiae	k__Bacteria;p__Firmicutes;c__Clostridia;o__Clostridiales;f__Ruminococcaceae;g__Ruminiclostridium;s__[Eubacterium]_siraeum	k__Bacteria;p__Proteobacteria;c__Betaproteobacteria;o__Burkholderiales;f__Sutterellaceae;g__Parasutterella;s__Parasutterella_excrementihominis	k__Bacteria;p__Actinobacteria;c__Actinobacteria;o__Bifidobacteriales;f__Bifidobacteriaceae;g__Bifidobacterium;s__Bifidobacterium_adolescentis	k__Bacteria;p__Firmicutes;c__Clostridia;o__Clostridiales;f__Oscillospiraceae;g__Oscillibacter;s__Oscillibacter_sp._KLE_1745	k__Bacteria;p__Bacteroidetes;c__Bacteroidia;o__Bacteroidales;f__Bacteroidaceae;g__Bacteroides;s__Bacteroides_coprophilus	k__Bacteria;p__Firmicutes;c__Clostridia;o__Clostridiales;f__Lachnospiraceae;g__Roseburia;s__Roseburia_intestinalis	k__Bacteria;p__Firmicutes;c__Clostridia;o__Clostridiales;f__Lachnospiraceae;g__Roseburia;s__Roseburia_hominis	k__Bacteria;p__Bacteroidetes;c__Bacteroidia;o__Bacteroidales;f__Porphyromonadaceae;g__Parabacteroides;s__Parabacteroides_johnsonii	k__Bacteria;p__Actinobacteria;c__Actinobacteria;o__Bifidobacteriales;f__Bifidobacteriaceae;g__Bifidobacterium;s__Bifidobacterium_longum	k__Bacteria;p__Firmicutes;c__Clostridia;o__Clostridiales;f__;g__Flavonifractor;s__Flavonifractor_plautii	k__Bacteria;p__Firmicutes;c__Clostridia;o__Clostridiales;f__Clostridiaceae;g__Clostridium;s__Clostridium_phoceensis	k__Bacteria;p__Verrucomicrobia;c__Verrucomicrobiae;o__Verrucomicrobiales;f__Akkermansiaceae;g__Akkermansia;s__Akkermansia_muciniphila	k__Bacteria;p__Bacteroidetes;c__Bacteroidia;o__Bacteroidales;f__Prevotellaceae;g__Paraprevotella;s__Paraprevotella_xylaniphila	k__Bacteria;p__Firmicutes;c__Clostridia;o__Clostridiales;f__Ruminococcaceae;g__Ruminococcus;s__Ruminococcus_callidus	k__Bacteria;p__Bacteroidetes;c__Bacteroidia;o__Bacteroidales;f__Rikenellaceae;g__Alistipes;s__Alistipes_senegalensis	k__Bacteria;p__Firmicutes;c__Clostridia;o__Clostridiales;f__Lachnospiraceae;g__Blautia;s__Blautia_sp._KLE_1732	k__Bacteria;p__Bacteroidetes;c__Bacteroidia;o__Bacteroidales;f__Bacteroidaceae;g__Bacteroides;s__Bacteroides_oleiciplenus	k__Bacteria;p__Firmicutes;c__Clostridia;o__Clostridiales;f__Ruminococcaceae;g__Ruminococcus;s__Ruminococcus_bicirculans	k__Bacteria;p__Bacteroidetes;c__Bacteroidia;o__Bacteroidales;f__Bacteroidaceae;g__Bacteroides;s__Bacteroides_fluxus	k__Bacteria;p__Bacteroidetes;c__Bacteroidia;o__Bacteroidales;f__Prevotellaceae;g__Prevotella;s__Prevotella_stercorea	k__Bacteria;p__Firmicutes;c__Clostridia;o__Clostridiales;f__Lachnospiraceae;g__Dorea;s__Dorea_longicatena	k__Bacteria;p__Firmicutes;c__Clostridia;o__Clostridiales;f__Eubacteriaceae;g__Eubacterium;s__[Eubacterium]_eligens	k__Bacteria;p__Firmicutes;c__Clostridia;o__Clostridiales;f__Ruminococcaceae;g__;s__Ruminococcaceae_bacterium_D16	k__Bacteria;p__Firmicutes;c__Clostridia;o__Clostridiales;f__Lachnospiraceae;g__Coprococcus;s__Coprococcus_comes	k__Bacteria;p__Proteobacteria;c__Gammaproteobacteria;o__Enterobacterales;f__Enterobacteriaceae;g__Escherichia;s__Escherichia_coli	k__Bacteria;p__Firmicutes;c__Clostridia;o__Clostridiales;f__Ruminococcaceae;g__Anaerotruncus;s__Anaerotruncus_colihominis	k__Bacteria;p__Firmicutes;c__Clostridia;o__Clostridiales;f__Lachnospiraceae;g__Blautia;s__Blautia_obeum	k__Bacteria;p__Bacteroidetes;c__Bacteroidia;o__Bacteroidales;f__Odoribacteraceae;g__Odoribacter;s__Odoribacter_laneus	k__Bacteria;p__Firmicutes;c__Clostridia;o__Clostridiales;f__Ruminococcaceae;g__Ruminiclostridium;s__[Clostridium]_leptum	k__Bacteria;p__Bacteroidetes;c__Bacteroidia;o__Bacteroidales;f__Porphyromonadaceae;g__Parabacteroides;s__Parabacteroides_goldsteinii	k__Bacteria;p__Firmicutes;c__Clostridia;o__Clostridiales;f__Lachnospiraceae;g__Anaerostipes;s__Anaerostipes_hadrus	k__Bacteria;p__Firmicutes;c__Clostridia;o__Clostridiales;f__Ruminococcaceae;g__Ruminococcus;s__Ruminococcus_lactaris	k__Bacteria;p__Firmicutes;c__Clostridia;o__Clostridiales;f__Clostridiaceae;g__Clostridium;s__Clostridium_sp._L2-50	k__Bacteria;p__Firmicutes;c__Clostridia;o__Clostridiales;f__Clostridiaceae;g__Clostridium;s__Clostridium_sp._M62/1	k__Bacteria;p__Firmicutes;c__Clostridia;o__Clostridiales;f__;g__Intestinimonas;s__Intestinimonas_butyriciproducens	k__Bacteria;p__Actinobacteria;c__Actinobacteria;o__Bifidobacteriales;f__Bifidobacteriaceae;g__Bifidobacterium;s__Bifidobacterium_bifidum	k__Bacteria;p__Firmicutes;c__Negativicutes;o__Veillonellales;f__Veillonellaceae;g__Dialister;s__Dialister_invisus	k__Bacteria;p__Bacteroidetes;c__Bacteroidia;o__Bacteroidales;f__Bacteroidaceae;g__Bacteroides;s__Bacteroides_salanitronis
k__Bacteria;p__Bacteroidetes;c__Bacteroidia;o__Bacteroidales;f__Bacteroidaceae;g__Bacteroides;s__Bacteroides_vulgatus	1.0	0.0424513389033	0.0345299590747	0.0417692339561	-0.0221324135885	-0.0237681472752	-0.0682889858515	-0.084211917818	-0.0613662850954	-0.0709210987306	0.0325668462246	0.00516643072219	-0.0468605955113	0.00599684043632	-0.0274828532625	-0.0109444651277	-0.07162143861	-0.0419456909876	-0.0335707263652	0.00459517165638	-0.00178700785866	-0.0412872737206	-0.0531295465243	0.0134925856539	-0.0530475325101	0.0711093040384	-0.0632836228076	-0.0415818629832	0.0339259744476	-0.0455726769411	-0.0435760207559	-0.0111965757271	-0.011392808261	-0.0144836828455	-0.0390446121018	0.0244911786011	0.0737332953461	0.0181694632657	-0.0150885107298	-0.087250622148	-0.0212322540116	-0.0390755449481	-0.0118176685632	0.0719065695373	0.0249927419191	-0.0248581061221	0.000182466742072	-0.00181007274296	-0.0358967374326	0.0423634578905	-0.00259450325669	-0.0275347942173	0.0640743520489	0.0195273228583	-0.0050215733674	-0.0356735695185	-0.0391080198407	-0.00314326464728	-0.0217263526279
k__Bacteria;p__Bacteroidetes;c__Bacteroidia;o__Bacteroidales;f__Bacteroidaceae;g__Bacteroides;s__Bacteroides_uniformis	0.0424513389033	1.0	-0.0727939145861	-0.00234163929556	-0.0543877487091	0.0500082875649	0.0380084310825	-0.0474237095478	-0.0425427825556	-0.032923682672	-0.0862041037673	-0.0103458231839	0.0019379215414	0.00989269977071	0.0179262072531	-0.00559261963498	-0.0207646260637	-0.0704711043608	-0.0562684633897	-0.0295903186739	-0.0185329978898	-0.0203722842939	-0.0276957537071	0.0183782187253	-0.0775223680052	-0.00614061955355	0.0391838559531	-0.00330956086953	0.00945511968723	0.025973386987	-0.0566364005422	-0.0177728135483	0.0238125408203	-0.0184703020326	0.0501512833664	0.00986701322059	-0.0414852685975	-0.00351930879054	-0.0221148845571	-0.018855689565	-0.0288429140033	0.0183741920973	0.0282494795362	-0.0697690923334	-0.00764745307866	-0.0139107999195	-0.00733202295212	-0.0299369084019	-0.0642443545257	-0.00754405426897	0.00625011992545	0.0137326601555	-0.0139697471489	-0.0480438155953	-0.0580811018035	-0.0286830911016	0.0215443525154	-0.0362056579459	0.0349538836271
k__Bacteria;p__Bacteroidetes;c__Bacteroidia;o__Bacteroidales;f__Rikenellaceae;g__Alistipes;s__Alistipes_putredinis	0.0345299590747	-0.0727939145861	1.0	0.0221918409822	0.00425462317332	-0.00435370913389	-0.0177860155881	-0.0139917198234	-0.0272847830113	-0.00950733004013	-0.0444120520221	0.0345218804333	-0.0488199400083	0.0552364262236	0.0522954012993	0.00618786319197	0.0482774591504	0.032223330281	0.0737628477955	-0.00195632038468	0.0177722756699	-0.0185016819834	-0.0188421246077	-0.0667655623364	-0.0730830042354	-0.0461064918261	-0.0362782548358	0.00205696572318	0.00838489739848	-0.0458175273804	-0.039566610561	-0.0539355493054	0.0370353458021	0.0245652780759	-0.0834178212699	0.0366748407923	0.0402819004792	-0.0189093374573	-0.049286358306	-0.027867722342	0.0395949063618	-0.018699662174	-0.0465782822642	-0.0667558014895	0.0155504263737	-0.0209447002137	0.00734229971306	-0.00444628064073	0.0112305340205	-0.0431940491466	0.00273672507215	0.0482375536801	0.0142044906865	0.0228060814957	0.00627973670957	-0.047808112112	-0.0154702856846	-0.028798505995	-0.014390685886
k__Bacteria;p__Bacteroidetes;c__Bacteroidia;o__Bacteroidales;f__Prevotellaceae;g__Prevotella;s__Prevotella_copri	0.0417692339561	-0.00234163929556	0.0221918409822	1.0	-0.0799365304614	0.00888880923597	-0.0283412356644	0.0103775492146	-0.0148463354705	0.0492855620943	0.0149308534737	0.0424236309846	-0.0574921886486	0.0267389135864	-0.0114845617637	0.0206177058538	0.0544135138824	0.00718298722528	-0.0377661476635	0.00317405277604	-0.0107990364383	0.04630060248	0.0321846652647	0.0109248083526	0.0551367308524	-0.0244825965193	0.00550064607312	0.0415211273286	0.0105922529848	-0.0254376511376	-0.0358572649277	-0.0137121901622	-0.0962908709241	-0.035233151088	-0.0326480412606	0.00802202335853	0.0105754660799	-0.0127971949154	-0.0108342965504	-0.0311455378949	-0.0620182664351	-0.037245384762	-0.0222684926089	-0.0304184708978	-0.0439476352169	0.0449867034394	0.0115765560579	0.0127323589668	-0.0362296887167	-0.019506043049	0.00247388975326	-0.0599900960147	-0.0584154711024	-0.0267252909684	0.00495102872873	-0.0150593710212	-0.0161322143093	-0.000208954405904	-0.00770400566632
k__Bacteria;p__Bacteroidetes;c__Bacteroidia;o__Bacteroidales;f__Bacteroidaceae;g__Bacteroides;s__Bacteroides_stercoris	-0.0221324135885	-0.0543877487091	0.00425462317332	-0.0799365304614	1.0	-0.0435428968105	-0.0500778612876	-0.013346018168	-0.0309849439293	-0.0222906338535	0.0406913675468	0.00534666956485	-0.00502905819506	0.0324650559933	-0.0125553889042	0.0103878295201	0.0226305462143	-0.11668990901	0.0108859395516	0.0105918281897	-0.0208938003873	-0.0449252152751	0.00547916172041	-0.0182036994579	0.00355707704837	0.00192327619979	-0.0113576381684	0.0242834811474	-0.0186296896761	0.0258560895329	0.0389773312463	0.0370633202876	0.00165713943397	-0.0777805848963	0.0150355558881	-0.0421419661999	-0.0665741238521	-0.0285746026026	-0.0303448566692	0.0678917416896	-0.0384800786497	0.050513865156	0.0353620884719	0.00770849309476	0.0218175606658	0.0148681523125	-0.0734813937845	0.0379302810293	-0.028232121475	-0.0379895018584	-0.0263366923339	0.0345711592337	0.0272764593566	0.0231406417612	-0.00741095929351	-0.0149897648871	0.0247105524013	-0.0295874443499	0.00815674238888
k__Bacteria;p__Bacteroidetes;c__Bacteroidia;o__Bacteroidales;f__Bacteroidaceae;g__Bacteroides;s__Bacteroides_ovatus	-0.0237681472752	0.0500082875649	-0.00435370913389	0.00888880923597	-0.0435428968105	1.0	0.0174109016876	-0.061158811046	-0.0195012807269	0.0231803940266	-0.0397600510439	-0.0213971979223	0.0193163478572	0.0189789172513	0.0154792452389	0.0182028279037	-0.0112868898525	-0.0409775302115	-0.0172211778086	-0.0183948394914	-0.0038419730849	-0.0185509185324	-0.0133319466457	0.0332650620579	-0.0697283456804	-0.0491564515072	-0.0375189903635	0.0241893009215	0.00857606951632	-0.0275991252	0.00577571923678	-0.0385416910973	0.0209981927938	-0.0415205814083	-0.00609538342247	-0.0326945337288	0.0339704874082	0.0921295492489	-0.0366848994148	-0.0789847380806	0.0460015017053	0.0124104458952	-0.0393427208016	-0.0151890319677	-0.0258618336507	-0.0310723014784	0.00829352258196	-0.038345821488	-0.0408256544477	0.00689152018228	-0.039308788229	-0.0525673543172	0.0182093968609	-0.0416338333657	-0.0404648243641	0.0465123076999	0.0534021074399	-0.0252990717556	0.0772867764137
k__Bacteria;p__Bacteroidetes;c__Bacteroidia;o__Bacteroidales;f__Rikenellaceae;g__Alistipes;s__Alistipes_shahii	-0.0682889858515	0.0380084310825	-0.0177860155881	-0.0283412356644	-0.0500778612876	0.0174109016876	1.0	-0.0863733498517	-0.0686119309448	0.012964072101	-0.042088244529	-0.0469596744285	-0.00832737558842	-0.0149961276096	-0.00922915677933	0.0292525703031	0.00142400142977	-0.0291831498077	0.0192471215906	-0.00815033967852	0.00473865101351	0.0159883841564	0.0293138547307	0.0442600697077	0.0665439636934	0.0203117145509	0.0419066412274	-0.041057252845	0.00203166660384	0.0274547436267	-0.0164838924306	-0.0468127551251	-0.0430929829309	-0.021494437289	0.0307640948929	-0.0186785804609	-0.013264548519	0.0237280482959	-0.0298785067687	0.0769155429303	0.0149568832098	-0.0511183757216	-0.0291873774973	-0.0596385395235	-0.055590875125	0.00322446638349	-0.00303459266605	0.00479826188328	-0.000425395678284	-0.0156483594182	-0.0643914238419	-0.0734167985652	-0.045446633846	0.00405123735542	0.0152810981539	-0.0539724153639	-0.0189093459002	-0.0272443578464	0.00216451263627
k__Bacteria;p__Firmicutes;c__Clostridia;o__Clostridiales;f__Ruminococcaceae;g__Faecalibacterium;s__Faecalibacterium_prausnitzii	-0.084211917818	-0.0474237095478	-0.0139917198234	0.0103775492146	-0.013346018168	-0.061158811046	-0.0863733498517	1.0	0.0091484137353	0.00930315366467	-0.0598897149121	0.00581224303636	-0.0697204698294	-0.0701142507623	0.0424011403063	-0.0216150031714	-0.0397211325107	0.0331781290441	0.00744797793126	-0.018254328818	-0.00550716456791	0.0299900505151	-0.00034500812679	-0.0109081919312	0.0596763111303	0.0458241783633	0.0599451935131	-0.0368772137479	0.0657301567494	-0.0378505750786	-0.022981648893	0.00907037469174	0.0374992968876	0.0614602703907	-0.00252507589375	-0.04134279696	0.0160809493581	-0.0117631422983	-0.0213036413683	-0.00422595273388	0.00867478508171	0.0102151350369	0.10226709798	-0.034555005299	-0.0635319333465	-0.0108823553872	-0.0155654161312	-0.0436267560783	0.00118617077751	0.0294467731294	-0.00204687792701	-0.0433714431479	-0.0295688505814	-0.0264807294858	-0.061740483715	-0.00269361769048	-0.0163723283192	-0.0217676601492	0.0156601339338
k__Bacteria;p__Bacteroidetes;c__Bacteroidia;o__Bacteroidales;f__Rikenellaceae;g__Alistipes;s__Alistipes_finegoldii	-0.0613662850954	-0.0425427825556	-0.0272847830113	-0.0148463354705	-0.0309849439293	-0.0195012807269	-0.0686119309448	0.0091484137353	1.0	0.0616059639523	-0.0378568585383	-0.0170925129472	-0.00469903503239	0.0164253701643	-0.0167331881619	-0.00567668658423	0.000334696560305	-0.0297669483496	-0.0547778284236	-0.0186193479981	-0.0461334228775	-0.0581629617691	-0.030401630126	0.0256867243292	-0.0652984157711	0.0537267952578	0.0171222401234	-0.035238144319	0.00714053534907	0.000571723093965	-0.0289738102217	-0.00275400981482	0.0278792219561	0.056098570015	0.0692199204067	-0.0664097318486	0.000999208844718	-0.00905393591686	-0.0173922270708	0.0296148335091	-0.0047661227091	0.0246392518938	-0.0375780985098	0.0145648737171	-0.0874658192477	-0.0367770971381	-0.0496401889607	-0.0437426828844	0.0563890681562	0.00196035651305	0.0376068316501	-0.00756923083904	0.0518210796639	-0.0164914865938	0.015756187493	0.00320558457353	-0.0152800434366	0.0153119176699	-0.0124386833187
k__Bacteria;p__Bacteroidetes;c__Bacteroidia;o__Bacteroidales;f__Porphyromonadaceae;g__Parabacteroides;s__Parabacteroides_distasonis	-0.0709210987306	-0.032923682672	-0.00950733004013	0.0492855620943	-0.0222906338535	0.0231803940266	0.012964072101	0.00930315366467	0.0616059639523	1.0	0.0405183843099	-0.0602856835233	0.0336963245013	0.00236304587488	-0.049666012864	0.0224781585473	-0.000525011866595	-0.000515591976251	0.0261388893141	-0.0173112160367	-0.0543092043953	-0.0382290147787	-0.0290311735153	-0.0242922956988	0.0309444894387	-0.00191641398594	0.0354938209484	0.00547743328264	0.00642448519046	0.0443101913283	-0.0422362847018	0.0311809884787	-0.00178068722872	-0.0232052676247	-0.0911941911114	-0.0374346830583	-0.0339509006113	0.0114398529232	-0.0364306594904	-0.0368214073229	-0.0371520969793	0.0447404594632	-0.0346067941944	0.0130071917946	-0.0683378406267	-0.0334268788468	0.00495200916913	0.0404918410346	-0.0654762075105	0.0182517549446	-0.0592648474644	0.0288881401896	-0.0549690817783	-0.0297339673864	-0.0323029453757	-0.0208915228899	0.0232249354526	-0.0571745590155	0.0593740186647
k__Bacteria;p__Bacteroidetes;c__Bacteroidia;o__Bacteroidales;f__Bacteroidaceae;g__Bacteroides;s__Bacteroides_thetaiotaomicron	0.0325668462246	-0.0862041037673	-0.0444120520221	0.0149308534737	0.0406913675468	-0.0397600510439	-0.042088244529	-0.0598897149121	-0.0378568585383	0.0405183843099	1.0	-0.006127805454	-0.0516200661431	0.0201501276031	-0.0745575470582	0.00948005935732	-0.00700952833343	-0.113917431687	-0.0143817136559	0.0206729276509	-0.0444111795021	0.012498887554	0.0145607752869	-0.0150954615129	0.0272827291709	-0.0293535108052	0.0301284830877	-0.0629640264267	-0.00202115859734	-0.0213418800517	0.0325348011592	-0.00373481968598	-0.0309934820174	0.0395802125053	0.0716246148562	-0.0514859025033	0.00883910286129	-0.0178000039307	-0.0517808801251	0.0014826128468	-0.0424165046458	-0.00062157907607	0.00606567486648	0.0426937464591	-0.0451235351405	-0.0240001317574	-0.017434945746	0.00149392802525	-0.0787652951372	0.0342608398506	-0.0878247257909	0.017998865243	-0.00977384720148	0.0676842170022	-0.0499240631406	0.0299603546677	-0.00956917357708	0.039261183844	0.0247106329371
k__Bacteria;p__Bacteroidetes;c__Bacteroidia;o__Bacteroidales;f__Bacteroidaceae;g__Bacteroides;s__Bacteroides_coprocola	0.00516643072219	-0.0103458231839	0.0345218804333	0.0424236309846	0.00534666956485	-0.0213971979223	-0.0469596744285	0.00581224303636	-0.0170925129472	-0.0602856835233	-0.006127805454	1.0	-0.00220734044763	0.0232486844911	-0.00161531035442	-0.00464176278245	0.00318916554134	0.0346095355338	0.00607629020197	-0.0123338196778	0.0178536010127	-0.0355973995023	-0.0241217381569	-0.00260363213906	-0.0106163012389	0.0339615171408	0.0411007067815	-0.0600657753707	0.00353275484876	0.0036398464753	-0.00805230120629	-0.0143832922047	0.00772803653324	0.0303208994508	0.00467141347216	-0.0570284567136	-0.031852913513	-0.0121154223135	-0.0477809225469	-0.00845112629851	-0.0214688272561	-0.0279019625807	0.00698959395323	0.0324192711417	-0.00574282434282	-0.0782812009181	-0.0533912971279	-0.017399003683	-0.0159262246781	-0.0146187560032	-0.0310033837794	-0.047014427329	0.00141777580264	0.0131518006618	-0.0243686594151	-0.0131140595733	-0.00450319228815	-0.0268370461394	-0.0274319803323
k__Bacteria;p__Bacteroidetes;c__Bacteroidia;o__Bacteroidales;f__Bacteroidaceae;g__Bacteroides;s__Bacteroides_cellulosilyticus	-0.0468605955113	0.0019379215414	-0.0488199400083	-0.0574921886486	-0.00502905819506	0.0193163478572	-0.00832737558842	-0.0697204698294	-0.00469903503239	0.0336963245013	-0.0516200661431	-0.00220734044763	1.0	0.00227067962228	-0.0180988017501	-0.0445878274963	-0.0466619323695	0.0549054435536	0.0361488075617	0.00137562813224	-0.0265638125819	-0.0192815672343	-0.0116891647744	-0.0303732019542	0.0417092712338	0.0116572630571	0.00224128404472	-0.0380071566955	-0.0374057988617	0.0148767720166	-0.00653825031073	-0.0494799897687	0.025572436887	0.016973214988	-0.0140217472632	-0.0105135380122	-0.0412306260536	0.075279597113	0.00109293534087	0.0630441368146	0.019851522318	-0.0299482892413	0.0130052771346	0.00439363813226	-0.0223302192192	-0.041947712491	-0.0621816166265	-0.0118426321875	-0.069681274642	-0.00256646668896	0.0131973628457	-0.00887250223065	-0.0346439802731	-0.0355318543681	0.000446871169542	-0.0518049354575	0.0190316877759	-0.0637361266289	0.0538266484114
k__Bacteria;p__Bacteroidetes;c__Bacteroidia;o__Bacteroidales;f__Rikenellaceae;g__Alistipes;s__Alistipes_obesi	0.00599684043632	0.00989269977071	0.0552364262236	0.0267389135864	0.0324650559933	0.0189789172513	-0.0149961276096	-0.0701142507623	0.0164253701643	0.00236304587488	0.0201501276031	0.0232486844911	0.00227067962228	1.0	-0.0728736527334	-0.0557296406128	-0.0582265116286	0.0103286746631	0.00391982047598	-0.0941402041319	-0.0382597749872	-0.00516990352297	0.00725677609958	0.0169453510574	-0.0545089407206	-0.0328236855943	0.00140634664402	0.0012826727693	-0.017776165207	0.00491753050048	-0.00235075157333	-0.0427096115137	-0.0220614070879	-0.0825845269592	0.0103219114831	-0.0648614886074	0.0268146170962	0.0236940963144	0.0115110213762	-0.0230150597795	-0.0653480711755	0.0321945712435	-0.0519367296499	0.0171441934319	0.0207960290968	-0.0209833001076	0.0381226615314	-0.0117275922491	0.00362312378992	0.0197046904144	-0.0498271572211	0.0365572467623	-0.00803923992774	0.00592341564768	-0.0217260404817	0.0229947149457	0.00531038595042	0.125160990673	0.0345156199785
k__Bacteria;p__Firmicutes;c__Clostridia;o__Clostridiales;f__Lachnospiraceae;g__;s__[Eubacterium]_rectale	-0.0274828532625	0.0179262072531	0.0522954012993	-0.0114845617637	-0.0125553889042	0.0154792452389	-0.00922915677933	0.0424011403063	-0.0167331881619	-0.049666012864	-0.0745575470582	-0.00161531035442	-0.0180988017501	-0.0728736527334	1.0	-0.0118335281378	-0.00411412267884	-0.0341271180117	-0.0327829994228	0.0245312047295	-0.0712063696198	0.000449707450139	0.0114437165655	0.0157643540197	-0.000781624074885	-0.0986692759477	0.00164315918848	0.0374056057662	-0.0172745264178	-0.0170960326151	-0.00408749107608	0.0547659988968	-0.0546238247592	-0.0137732130006	0.0675142350151	-0.00859970362865	-0.0239693570997	-0.00554781831611	0.0421962005993	-0.0313323690524	-0.00205702124226	-0.00541147263603	0.0030808343962	-0.0847856462311	0.0340002542479	0.0194269721973	0.0346936180913	0.00796939202404	0.0717751147566	-0.00693936165634	0.0144458310766	0.0737145825957	-0.0335057761154	-0.0818956204443	0.0191954184965	-0.0155580727074	0.00559728652008	-0.0133752895598	-0.0659139286651
k__Bacteria;p__Bacteroidetes;c__Bacteroidia;o__Bacteroidales;f__Bacteroidaceae;g__Bacteroides;s__Bacteroides_plebeius	-0.0109444651277	-0.00559261963498	0.00618786319197	0.0206177058538	0.0103878295201	0.0182028279037	0.0292525703031	-0.0216150031714	-0.00567668658423	0.0224781585473	0.00948005935732	-0.00464176278245	-0.0445878274963	-0.0557296406128	-0.0118335281378	1.0	-0.0183108856191	-6.64597491932e-05	0.0901643409568	0.0339335319852	-0.0297002919379	-0.000577833085337	-0.0392868656365	0.0303340009636	-0.0599848095316	-0.0147233893869	0.00133890607966	-0.00269360367787	0.00319377526067	0.0123947487662	-0.0328052013544	-0.0121465686834	-0.0783734017463	0.034061268723	0.0414606042019	0.0114714446202	0.0119536357231	0.0334355935171	-0.00368267229622	0.015442131911	0.00769786012759	0.0379080201884	0.04533122189	-0.0678029688567	0.0251860641226	-0.0728886426439	-0.0139093474137	0.0234069600671	-0.0157195003962	-0.0299397216756	-0.0510982957619	-0.0248100395271	0.0135646115967	-0.0250350274053	-0.064668328519	0.0249141520592	-0.0367980187881	0.0201205631428	-0.00546724383085
k__Bacteria;p__Bacteroidetes;c__Bacteroidia;o__Bacteroidales;f__Bacteroidaceae;g__Bacteroides;s__Bacteroides_fragilis	-0.07162143861	-0.0207646260637	0.0482774591504	0.0544135138824	0.0226305462143	-0.0112868898525	0.00142400142977	-0.0397211325107	0.000334696560305	-0.000525011866594	-0.00700952833343	0.00318916554134	-0.0466619323695	-0.0582265116286	-0.00411412267884	-0.0183108856191	1.0	0.0300612962034	0.00160351716037	0.00355486749033	0.0230270157705	-0.0374864022204	-0.00183841398083	-0.00279253182553	0.039123786933	0.0181651131633	0.0213947872423	-0.0113420716675	-0.0858555524282	-0.0241136562499	0.0367570358604	-0.0569680573108	-0.0389178603281	-0.0333059611468	-0.0643170734651	-0.0157475644539	-0.0019176066443	-0.0378677537198	0.0476449560493	0.00804031249181	0.0220327393728	-0.018662431467	-0.0629336581263	0.0042283270892	0.0335426460136	-0.0504505671293	-0.0500627642797	0.00586832930654	-0.015068992089	0.021028939799	0.0107103051624	-0.0365600152788	-0.0700648765486	0.0277131613301	0.0577506536205	-0.0297484827304	-0.0600547713259	0.0544559625269	-0.107788818218
k__Bacteria;p__Proteobacteria;c__Betaproteobacteria;o__Burkholderiales;f__Sutterellaceae;g__Sutterella;s__Sutterella_wadsworthensis	-0.0419456909876	-0.0704711043608	0.032223330281	0.00718298722528	-0.11668990901	-0.0409775302115	-0.0291831498077	0.0331781290441	-0.0297669483496	-0.000515591976251	-0.113917431687	0.0346095355338	0.0549054435536	0.0103286746631	-0.0341271180117	-6.64597491932e-05	0.0300612962034	1.0	-0.00505805423129	0.0131360038827	-0.0220222807546	0.0170972722778	-0.0331402811949	-0.0210895978442	-0.0097207490321	0.0739093546979	0.0543589496327	0.00503943595933	0.0467668794185	-0.0474524613656	0.0415337362796	-0.00185042793078	0.030660818478	-0.019470082722	0.0269491425189	-0.0119379952017	0.0290629355711	0.0605901979875	-0.035575125876	-0.062039135065	-0.00288796528329	-0.0456271944991	-0.0478492693845	-0.0212448962392	-0.014287065187	-0.0459931661699	-0.0452731762669	-0.0125388207357	-0.011765278268	-0.0302790321268	-0.000451584000384	0.00456588564489	-0.0346372814566	-0.0312194123824	0.00473351281684	0.0160342646559	-0.0148577140167	-0.0368327847083	-0.00145308555442
k__Bacteria;p__Bacteroidetes;c__Bacteroidia;o__Bacteroidales;f__Porphyromonadaceae;g__Barnesiella;s__Barnesiella_intestinihominis	-0.0335707263652	-0.0562684633897	0.0737628477955	-0.0377661476635	0.0108859395516	-0.0172211778086	0.0192471215906	0.00744797793126	-0.0547778284236	0.0261388893141	-0.0143817136559	0.00607629020197	0.0361488075617	0.00391982047598	-0.0327829994228	0.0901643409568	0.00160351716037	-0.00505805423129	1.0	0.0447292424015	-0.00962915953118	-0.0464021038416	-0.00565885433603	-0.0539883817584	-0.001177707547	-0.0404385885402	-0.0122399087519	-0.0165435688377	-0.0328427622654	0.00611608974822	-0.0156581076418	-0.00191804648122	0.0415691388841	-0.0131496943444	-0.0681766270998	-0.0293028646913	-0.0512523542805	-0.0967878334662	0.00780043470045	-0.0411452557231	-0.0622874728795	-0.00301621401645	-0.0434285154465	0.0716877842838	-0.00807666426276	-0.0249707972117	0.00108207739372	-0.012980991792	0.038080376527	-0.00206516250381	-0.00566694408695	-0.0248849041248	-0.0207509762945	0.0242938964817	-0.0390261574765	0.0290737505976	0.00148448145432	0.0269728164216	-0.0723094216457
k__Bacteria;p__Bacteroidetes;c__Bacteroidia;o__Bacteroidales;f__Odoribacteraceae;g__Odoribacter;s__Odoribacter_splanchnicus	0.00459517165638	-0.0295903186739	-0.00195632038468	0.00317405277604	0.0105918281897	-0.0183948394914	-0.00815033967852	-0.018254328818	-0.0186193479981	-0.0173112160367	0.0206729276509	-0.0123338196778	0.00137562813224	-0.0941402041319	0.0245312047295	0.0339335319852	0.00355486749033	0.0131360038827	0.0447292424015	1.0	-0.0413678091338	0.00451438026384	0.0667803283136	-0.0248986710859	0.0180929308426	0.0400709621392	0.0574151784609	-0.0727629681146	-0.0568727511613	-0.00668541958162	0.0267898712444	-0.00864410052794	-0.0553434245301	0.0197917988255	-0.085455461359	-0.0649736084791	-0.0492162356893	-0.00637308617413	0.0126576129394	-0.00845440773111	-0.0644822513361	-0.000844469440898	-0.039332872482	0.0547568584871	-0.02752934097	-0.00765524146031	-0.0336216201201	-0.0287228492509	-0.0238527210928	0.0119740948593	0.0688265871007	-0.0588304066396	0.0169593749366	0.0449797663269	0.0361489308102	-0.09179533269	-0.029020402752	-0.0363277515999	0.0205892494467
k__Bacteria;p__Bacteroidetes;c__Bacteroidia;o__Bacteroidales;f__Bacteroidaceae;g__Bacteroides;s__Bacteroides_salyersiae	-0.00178700785866	-0.0185329978898	0.0177722756699	-0.0107990364383	-0.0208938003873	-0.0038419730849	0.00473865101351	-0.00550716456791	-0.0461334228775	-0.0543092043953	-0.0444111795021	0.0178536010127	-0.0265638125819	-0.0382597749872	-0.0712063696198	-0.0297002919379	0.0230270157705	-0.0220222807546	-0.00962915953118	-0.0413678091338	1.0	-0.0321219101235	0.0243803218673	0.022849871398	0.0490931746621	-0.0318269791879	0.0546052854179	-0.0381815127283	-0.0657822138929	0.0298514687723	-0.017195596985	0.00327123021271	-0.0236808192695	0.0299792409888	0.0295655922257	-0.0358996866864	0.024406416497	-0.00338305139456	-0.0182123149843	0.0254208531168	-0.0466876387473	0.0507590937099	-0.0264325022295	0.0253627121911	-0.000641354258514	0.01205938043	-0.0439392284128	-0.0160297847077	-0.0103789042629	-0.0343201198231	-0.0400659114525	-0.0202403262265	0.0133041215305	0.00664871458544	-0.0128572733081	0.0326679617277	-0.0302071114443	-0.010841357416	-0.0426484709046
k__Bacteria;p__Firmicutes;c__Clostridia;o__Clostridiales;f__Ruminococcaceae;g__Ruminiclostridium;s__[Eubacterium]_siraeum	-0.0412872737206	-0.0203722842939	-0.0185016819834	0.04630060248	-0.0449252152751	-0.0185509185324	0.0159883841564	0.0299900505151	-0.0581629617691	-0.0382290147787	0.012498887554	-0.0355973995023	-0.0192815672343	-0.00516990352297	0.000449707450139	-0.000577833085337	-0.0374864022204	0.0170972722778	-0.0464021038416	0.00451438026384	-0.0321219101235	1.0	-0.0260976120597	-0.00502279760178	-0.0736116475552	-0.0156909307877	-0.0658171835566	0.077425791511	0.0107038632078	0.0620512387575	-0.0016120151978	-0.023215146253	-0.0362468907315	0.0267770647611	-0.0373467742621	0.0517757033296	-0.0302197224875	0.0320321542019	0.0245211497832	-0.0184342726293	-0.0602520986646	0.023507976195	-0.051193080297	-0.00527011806996	0.00905649276379	-0.0334978797945	-0.0161206175806	-0.0832454159027	-0.00142666723123	0.0199480857456	-0.0443965634761	-0.00749862779416	-0.0355464250848	0.0330173644247	-0.0377939759378	-0.0265520230766	-0.0722419083555	0.0103976055613	0.0231373719711
k__Bacteria;p__Proteobacteria;c__Betaproteobacteria;o__Burkholderiales;f__Sutterellaceae;g__Parasutterella;s__Parasutterella_excrementihominis	-0.0531295465243	-0.0276957537071	-0.0188421246077	0.0321846652647	0.00547916172041	-0.0133319466457	0.0293138547307	-0.00034500812679	-0.030401630126	-0.0290311735153	0.0145607752869	-0.0241217381569	-0.0116891647744	0.00725677609958	0.0114437165655	-0.0392868656365	-0.00183841398083	-0.0331402811949	-0.00565885433603	0.0667803283136	0.0243803218673	-0.0260976120597	1.0	-0.0336739895627	-0.016486706289	0.0377644238393	0.0449926453283	-0.0036358680262	0.020988178025	0.00374399638846	0.00437593829834	-0.0498346803558	-0.0716014841345	0.00957478534305	0.0124098922993	-0.0376541428732	-0.0227354968603	-0.0389267068574	-0.00824541373756	-0.0350846318965	-0.0500079965701	-0.0477314309063	-0.0557151650137	0.0137326604227	0.0052822938493	0.0145876949534	0.0195422892409	-0.00254610595998	-0.0769877172194	0.0145064463109	0.00329625147998	-0.0718738386696	-0.0266969784896	0.0871788712918	-0.0325367918173	-0.0501055726205	-0.00555842578933	0.0553093732621	0.00842853006058
k__Bacteria;p__Actinobacteria;c__Actinobacteria;o__Bifidobacteriales;f__Bifidobacteriaceae;g__Bifidobacterium;s__Bifidobacterium_adolescentis	0.0134925856539	0.0183782187253	-0.0667655623364	0.0109248083526	-0.0182036994579	0.0332650620579	0.0442600697077	-0.0109081919312	0.0256867243292	-0.0242922956988	-0.0150954615129	-0.00260363213906	-0.0303732019542	0.0169453510574	0.0157643540197	0.0303340009636	-0.00279253182553	-0.0210895978442	-0.0539883817584	-0.0248986710859	0.022849871398	-0.00502279760178	-0.0336739895627	1.0	0.0164901625134	-0.00707822990651	0.0308354557111	0.0243274980499	-0.00424425694348	-0.0650466222072	0.0437171220764	0.00149379410503	0.0169879744818	0.0481640286539	0.0214563732355	-0.0177641459845	-0.0495928968991	-0.0494613703831	0.0238929534854	-0.025745562414	-0.0734810141031	-0.0691476342813	-0.0117748178313	-0.0120260018083	-0.0416173885715	0.0589629467932	-0.0586109385235	0.0233727166815	0.075883426118	-0.0697610695598	-0.0386204134173	0.0123451007495	-0.0332088478281	-0.00838304245335	-0.0354044943162	-0.024335451951	0.0111072734025	-0.0531540765955	-0.0167409184955
k__Bacteria;p__Firmicutes;c__Clostridia;o__Clostridiales;f__Oscillospiraceae;g__Oscillibacter;s__Oscillibacter_sp._KLE_1745	-0.0530475325101	-0.0775223680052	-0.0730830042354	0.0551367308524	0.00355707704837	-0.0697283456804	0.0665439636934	0.0596763111303	-0.0652984157711	0.0309444894387	0.0272827291709	-0.0106163012389	0.0417092712338	-0.0545089407206	-0.000781624074885	-0.0599848095316	0.039123786933	-0.0097207490321	-0.001177707547	0.0180929308426	0.0490931746621	-0.0736116475552	-0.016486706289	0.0164901625134	1.0	-0.0219227598739	-0.0840858050332	-0.0314707092339	0.0746472854186	-0.0174240889252	0.00149641753768	0.00136306221906	0.0523808616786	-0.0796779007669	0.00311933006182	0.0576329511322	-0.0386944540118	-0.020449512278	-0.0413500567936	-0.0237112239874	-0.0159897210119	-0.0520587938866	-0.0472446192999	-0.0708391191951	-0.00829405392855	0.019475722622	-0.0200284999028	0.0269584692257	0.0120453871078	-0.0305857112747	0.0156354720296	0.0271409013169	0.024950725769	-0.0526904670376	0.0199198033219	0.0424312226061	0.0208337600015	-0.0137619107709	0.0428871885593
k__Bacteria;p__Bacteroidetes;c__Bacteroidia;o__Bacteroidales;f__Bacteroidaceae;g__Bacteroides;s__Bacteroides_coprophilus	0.0711093040384	-0.00614061955355	-0.0461064918261	-0.0244825965193	0.00192327619979	-0.0491564515072	0.0203117145509	0.0458241783633	0.0537267952578	-0.00191641398594	-0.0293535108052	0.0339615171408	0.0116572630571	-0.0328236855943	-0.0986692759477	-0.0147233893869	0.0181651131633	0.0739093546979	-0.0404385885402	0.0400709621392	-0.0318269791879	-0.0156909307877	0.0377644238393	-0.00707822990651	-0.0219227598739	1.0	0.00384731991341	0.0351025887303	0.0557345660862	-0.000354253506108	-0.0223460107649	0.0431810052907	-0.00631344161248	-0.0313395502992	-0.0396122258702	-0.00200513251182	-0.0379036212352	-0.0608889331599	-0.0619748003397	-0.0317742952174	-0.00411752361082	-0.0175500421039	-0.050327321268	-0.00324417868451	-0.058995445089	-0.00697287770563	-0.000779899001546	-0.0341682301077	-0.00948855672683	0.00499227485393	0.0185140152222	-0.0521464654559	0.0228450105034	-0.031278251032	-0.0121088010301	-0.0762761961487	0.0464167746852	-0.0396786232303	0.0127084360683
k__Bacteria;p__Firmicutes;c__Clostridia;o__Clostridiales;f__Lachnospiraceae;g__Roseburia;s__Roseburia_intestinalis	-0.0632836228076	0.0391838559531	-0.0362782548358	0.00550064607312	-0.0113576381684	-0.0375189903635	0.0419066412274	0.0599451935131	0.0171222401234	0.0354938209484	0.0301284830877	0.0411007067815	0.00224128404472	0.00140634664402	0.00164315918848	0.00133890607966	0.0213947872423	0.0543589496327	-0.0122399087519	0.0574151784609	0.0546052854179	-0.0658171835566	0.0449926453283	0.0308354557111	-0.0840858050332	0.00384731991341	1.0	0.0202976378191	-0.063443683719	-0.0387281053763	-0.0375813575782	-0.00258925757392	0.0417199551267	0.0395606572571	-0.00987932778925	-0.0257921247744	-0.0323241562875	0.0611446304747	-0.00519825941097	0.0271422118466	0.0259477227148	0.00691619594151	-0.0426032374659	-0.0430594921373	-0.0502106985501	-0.0385688478678	0.00172855345478	-0.0324962659774	-5.73498887315e-05	0.00851133186428	-0.0593016083531	-0.0155088690672	-0.0618199343861	-0.0326447075516	0.029073097817	-0.0854800264824	0.0227684595319	-0.0270610967709	0.0390887678201
k__Bacteria;p__Firmicutes;c__Clostridia;o__Clostridiales;f__Lachnospiraceae;g__Roseburia;s__Roseburia_hominis	-0.0415818629832	-0.00330956086953	0.00205696572318	0.0415211273286	0.0242834811474	0.0241893009215	-0.041057252845	-0.0368772137479	-0.035238144319	0.00547743328264	-0.0629640264267	-0.0600657753707	-0.0380071566955	0.0012826727693	0.0374056057662	-0.00269360367787	-0.0113420716675	0.00503943595933	-0.0165435688377	-0.0727629681146	-0.0381815127283	0.077425791511	-0.0036358680262	0.0243274980499	-0.0314707092339	0.0351025887303	0.0202976378191	1.0	0.0651429057487	-0.0116555562324	-0.0208930119533	0.00110901498524	-0.0391657938096	0.0535993998586	-0.00857560734751	-0.0245861612638	0.0204407751338	0.0113392878432	-0.0482161746032	-0.0529296495594	0.0199519118159	-0.0404752836839	0.00990917512591	-0.0261193690466	0.0279701740855	-0.0568684119035	0.0445778491224	-0.0254370150941	-0.0438647472819	-0.0692417514152	-0.0445847036217	0.0536120946901	-0.0148716628854	0.0285181931344	-0.0312031261468	0.0283125850339	-0.000280892346763	-0.054400892364	0.00572414116939
k__Bacteria;p__Bacteroidetes;c__Bacteroidia;o__Bacteroidales;f__Porphyromonadaceae;g__Parabacteroides;s__Parabacteroides_johnsonii	0.0339259744476	0.00945511968723	0.00838489739848	0.0105922529848	-0.0186296896761	0.00857606951632	0.00203166660384	0.0657301567494	0.00714053534907	0.00642448519046	-0.00202115859734	0.00353275484876	-0.0374057988617	-0.017776165207	-0.0172745264178	0.00319377526067	-0.0858555524282	0.0467668794185	-0.0328427622654	-0.0568727511613	-0.0657822138929	0.0107038632078	0.020988178025	-0.00424425694348	0.0746472854186	0.0557345660862	-0.063443683719	0.0651429057487	1.0	-0.0576696454827	0.026293342703	-0.0145536074683	0.0111397714974	-0.0221594634439	0.028651115318	-0.0122866993301	-0.0606219326029	0.0179567186917	-0.0614870281283	-0.0125805184758	0.0600818444127	-0.00699509213973	0.0400278805469	-0.0406210921727	-0.0635247231295	0.00517483151866	-0.00619558447169	-0.0463576540267	0.0627047792588	0.0195363520689	-0.0375937403676	-0.0422877109519	-0.0219212346804	-0.0159074593051	-0.0184600206527	-0.00629953310352	-0.0570596761007	-0.0469204286352	0.0375549767462
k__Bacteria;p__Actinobacteria;c__Actinobacteria;o__Bifidobacteriales;f__Bifidobacteriaceae;g__Bifidobacterium;s__Bifidobacterium_longum	-0.0455726769411	0.025973386987	-0.0458175273804	-0.0254376511376	0.0258560895329	-0.0275991252	0.0274547436267	-0.0378505750786	0.000571723093965	0.0443101913283	-0.0213418800517	0.0036398464753	0.0148767720166	0.00491753050048	-0.0170960326151	0.0123947487662	-0.0241136562499	-0.0474524613656	0.00611608974822	-0.00668541958162	0.0298514687723	0.0620512387575	0.00374399638846	-0.0650466222072	-0.0174240889252	-0.000354253506108	-0.0387281053763	-0.0116555562324	-0.0576696454827	1.0	-0.0304394392873	-0.0485175494992	-0.0217758688018	0.025420597841	0.0582531274886	0.0239060687591	-0.0730021082292	0.0154622668216	0.014134382167	0.0387990230261	0.00122641731596	-0.0739242650468	-0.0380594231623	-0.0997035287279	-0.00177348368116	0.0441492292482	-0.00820017610965	0.0274069447026	-0.0553424361031	0.0231932727917	-0.0595220506796	-0.0450451697235	2.30279408679e-05	-0.00452069902699	-0.0236233823513	0.0213914542624	-0.116664629535	-0.0301602540831	0.0437268337316
