#taxonomy	k__Bacteria;p__Bacteroidetes;c__Bacteroidia;o__Bacteroidales;f__Bacteroidaceae;g__Bacteroides;s__Bacteroides_vulgatus	k__Bacteria;p__Bacteroidetes;c__Bacteroidia;o__Bacteroidales;f__Bacteroidaceae;g__Bacteroides;s__Bacteroides_uniformis	k__Bacteria;p__Bacteroidetes;c__Bacteroidia;o__Bacteroidales;f__Rikenellaceae;g__Alistipes;s__Alistipes_putredinis	k__Bacteria;p__Bacteroidetes;c__Bacteroidia;o__Bacteroidales;f__Prevotellaceae;g__Prevotella;s__Prevotella_copri	k__Bacteria;p__Bacteroidetes;c__Bacteroidia;o__Bacteroidales;f__Bacteroidaceae;g__Bacteroides;s__Bacteroides_stercoris	k__Bacteria;p__Bacteroidetes;c__Bacteroidia;o__Bacteroidales;f__Bacteroidaceae;g__Bacteroides;s__Bacteroides_ovatus	k__Bacteria;p__Bacteroidetes;c__Bacteroidia;o__Bacteroidales;f__Rikenellaceae;g__Alistipes;s__Alistipes_shahii	k__Bacteria;p__Firmicutes;c__Clostridia;o__Clostridiales;f__Ruminococcaceae;g__Faecalibacterium;s__Faecalibacterium_prausnitzii	k__Bacteria;p__Bacteroidetes;c__Bacteroidia;o__Bacteroidales;f__Rikenellaceae;g__Alistipes;s__Alistipes_finegoldii	k__Bacteria;p__Bacteroidetes;c__Bacteroidia;o__Bacteroidales;f__Porphyromonadaceae;g__Parabacteroides;s__Parabacteroides_distasonis	k__Bacteria;p__Bacteroidetes;c__Bacteroidia;o__Bacteroidales;f__Bacteroidaceae;g__Bacteroides;s__Bacteroides_thetaiotaomicron	k__Bacteria;p__Bacteroidetes;c__Bacteroidia;o__Bacteroidales;f__Bacteroidaceae;g__Bacteroides;s__Bacteroides_coprocola	k__Bacteria;p__Bacteroidetes;c__Bacteroidia;o__Bacteroidales;f__Bacteroidaceae;g__Bacteroides;s__Bacteroides_cellulosilyticus	k__Bacteria;p__Bacteroidetes;c__Bacteroidia;o__Bacteroidales;f__Rikenellaceae;g__Alistipes;s__Alistipes_obesi	k__Bacteria;p__Firmicutes;c__Clostridia;o__Clostridiales;f__Lachnospiraceae;g__;s__[Eubacterium]_rectale	k__Bacteria;p__Bacteroidetes;c__Bacteroidia;o__Bacteroidales;f__Bacteroidaceae;g__Bacteroides;s__Bacteroides_plebeius	k__Bacteria;p__Bacteroidetes;c__Bacteroidia;o__Bacteroidales;f__Bacteroidaceae;g__Bacteroides;s__Bacteroides_fragilis	k__Bacteria;p__Proteobacteria;c__Betaproteobacteria;o__Burkholderiales;f__Sutterellaceae;g__Sutterella;s__Sutterella_wadsworthensis	k__Bacteria;p__Bacteroidetes;c__Bacteroidia;o__Bacteroidales;f__Porphyromonadaceae;g__Barnesiella;s__Barnesiella_intestinihominis	k__Bacteria;p__Bacteroidetes;c__Bacteroidia;o__Bacteroidales;f__Odoribacteraceae;g__Odoribacter;s__Odoribacter_splanchnicus	k__Bacteria;p__Bacteroidetes;c__Bacteroidia;o__Bacteroidales;f__Bacteroidaceae;g__Bacteroides;s__Bacteroides_salyersiae	k__Bacteria;p__Firmicutes;c__Clostridia;o__Clostridiales;f__Ruminococcaceae;g__Ruminiclostridium;s__[Eubacterium]_siraeum	k__Bacteria;p__Proteobacteria;c__Betaproteobacteria;o__Burkholderiales;f__Sutterellaceae;g__Parasutterella;s__Parasutterella_excrementihominis	k__Bacteria;p__Actinobacteria;c__Actinobacteria;o__Bifidobacteriales;f__Bifidobacteriaceae;g__Bifidobacterium;s__Bifidobacterium_adolescentis	k__Bacteria;p__Firmicutes;c__Clostridia;o__Clostridiales;f__Oscillospiraceae;g__Oscillibacter;s__Oscillibacter_sp._KLE_1745	k__Bacteria;p__Bacteroidetes;c__Bacteroidia;o__Bacteroidales;f__Bacteroidaceae;g__Bacteroides;s__Bacteroides_coprophilus	k__Bacteria;p__Firmicutes;c__Clostridia;o__Clostridiales;f__Lachnospiraceae;g__Roseburia;s__Roseburia_intestinalis	k__Bacteria;p__Firmicutes;c__Clostridia;o__Clostridiales;f__Lachnospiraceae;g__Roseburia;s__Roseburia_hominis	k__Bacteria;p__Bacteroidetes;c__Bacteroidia;o__Bacteroidales;f__Porphyromonadaceae;g__Parabacteroides;s__Parabacteroides_johnsonii	k__Bacteria;p__Actinobacteria;c__Actinobacteria;o__Bifidobacteriales;f__Bifidobacteriaceae;g__Bifidobacterium;s__Bifidobacterium_longum	k__Bacteria;p__Firmicutes;c__Clostridia;o__Clostridiales;f__;g__Flavonifractor;s__Flavonifractor_plautii	k__Bacteria;p__Firmicutes;c__Clostridia;o__Clostridiales;f__Clostridiaceae;g__Clostridium;s__Clostridium_phoceensis	k__Bacteria;p__Verrucomicrobia;c__Verrucomicrobiae;o__Verrucomicrobiales;f__Akkermansiaceae;g__Akkermansia;s__Akkermansia_muciniphila	k__Bacteria;p__Bacteroidetes;c__Bacteroidia;o__Bacteroidales;f__Prevotellaceae;g__Paraprevotella;s__Paraprevotella_xylaniphila	k__Bacteria;p__Firmicutes;c__Clostridia;o__Clostridiales;f__Ruminococcaceae;g__Ruminococcus;s__Ruminococcus_callidus	k__Bacteria;p__Bacteroidetes;c__Bacteroidia;o__Bacteroidales;f__Rikenellaceae;g__Alistipes;s__Alistipes_senegalensis	k__Bacteria;p__Firmicutes;c__Clostridia;o__Clostridiales;f__Lachnospiraceae;g__Blautia;s__Blautia_sp._KLE_1732	k__Bacteria;p__Bacteroidetes;c__Bacteroidia;o__Bacteroidales;f__Bacteroidaceae;g__Bacteroides;s__Bacteroides_oleiciplenus	k__Bacteria;p__Firmicutes;c__Clostridia;o__Clostridiales;f__Ruminococcaceae;g__Ruminococcus;s__Ruminococcus_bicirculans	k__Bacteria;p__Bacteroidetes;c__Bacteroidia;o__Bacteroidales;f__Bacteroidaceae;g__Bacteroides;s__Bacteroides_fluxus	k__Bacteria;p__Bacteroidetes;c__Bacteroidia;o__Bacteroidales;f__Prevotellaceae;g__Prevotella;s__Prevotella_stercorea	k__Bacteria;p__Firmicutes;c__Clostridia;o__Clostridiales;f__Lachnospiraceae;g__Dorea;s__Dorea_longicatena	k__Bacteria;p__Firmicutes;c__Clostridia;o__Clostridiales;f__Eubacteriaceae;g__Eubacterium;s__[Eubacterium]_eligens	k__Bacteria;p__Firmicutes;c__Clostridia;o__Clostridiales;f__Ruminococcaceae;g__;s__Ruminococcaceae_bacterium_D16	k__Bacteria;p__Firmicutes;c__Clostridia;o__Clostridiales;f__Lachnospiraceae;g__Coprococcus;s__Coprococcus_comes	k__Bacteria;p__Proteobacteria;c__Gammaproteobacteria;o__Enterobacterales;f__Enterobacteriaceae;g__Escherichia;s__Escherichia_coli	k__Bacteria;p__Firmicutes;c__Clostridia;o__Clostridiales;f__Ruminococcaceae;g__Anaerotruncus;s__Anaerotruncus_colihominis	k__Bacteria;p__Firmicutes;c__Clostridia;o__Clostridiales;f__Lachnospiraceae;g__Blautia;s__Blautia_obeum	k__Bacteria;p__Bacteroidetes;c__Bacteroidia;o__Bacteroidales;f__Odoribacteraceae;g__Odoribacter;s__Odoribacter_laneus	k__Bacteria;p__Firmicutes;c__Clostridia;o__Clostridiales;f__Ruminococcaceae;g__Ruminiclostridium;s__[Clostridium]_leptum	k__Bacteria;p__Bacteroidetes;c__Bacteroidia;o__Bacteroidales;f__Porphyromonadaceae;g__Parabacteroides;s__Parabacteroides_goldsteinii	k__Bacteria;p__Firmicutes;c__Clostridia;o__Clostridiales;f__Lachnospiraceae;g__Anaerostipes;s__Anaerostipes_hadrus	k__Bacteria;p__Firmicutes;c__Clostridia;o__Clostridiales;f__Ruminococcaceae;g__Ruminococcus;s__Ruminococcus_lactaris	k__Bacteria;p__Firmicutes;c__Clostridia;o__Clostridiales;f__Clostridiaceae;g__Clostridium;s__Clostridium_sp._L2-50	k__Bacteria;p__Firmicutes;c__Clostridia;o__Clostridiales;f__Clostridiaceae;g__Clostridium;s__Clostridium_sp._M62/1	k__Bacteria;p__Firmicutes;c__Clostridia;o__Clostridiales;f__;g__Intestinimonas;s__Intestinimonas_butyriciproducens	k__Bacteria;p__Actinobacteria;c__Actinobacteria;o__Bifidobacteriales;f__Bifidobacteriaceae;g__Bifidobacterium;s__Bifidobacterium_bifidum	k__Bacteria;p__Firmicutes;c__Negativicutes;o__Veillonellales;f__Veillonellaceae;g__Dialister;s__Dialister_invisus	k__Bacteria;p__Bacteroidetes;c__Bacteroidia;o__Bacteroidales;f__Bacteroidaceae;g__Bacteroides;s__Bacteroides_salanitronis
k__Bacteria;p__Bacteroidetes;c__Bacteroidia;o__Bacteroidales;f__Bacteroidaceae;g__Bacteroides;s__Bacteroides_vulgatus	1.0	0.0137807666075	0.0782364618813	0.00211561230472	-0.105561608506	0.0571005432726	-0.0224564923082	0.0135556690731	-0.0862818017666	-0.0244890405258	-0.0242769437252	0.0479922496709	0.0402492865676	0.0126889537922	-0.0262012892638	-0.00824543536074	-0.000601385762082	0.0140837380214	-0.00458704045352	0.0266059043906	0.00215945542441	-0.0439727407831	-0.0713269016454	0.0287511391057	0.0244141642135	0.033883868776	-0.0299914700365	-0.0358283890139	-0.0428878854207	-0.0218541518138	0.0025843640376	-0.0356865913202	-0.0321119871879	-0.00321300376841	8.01051073671e-05	0.00160101812701	-0.013869871968	0.014964184622	-0.0397963584616	-0.0278177863784	-0.0615881464707	0.0405254525786	-0.0376934387649	-0.00763754442453	0.0495191604041	-0.04305119167	0.0762624805296	-0.0236729267299	-0.0591958851206	-0.0225817058461	-0.0281286975767	-0.0474189224463	0.0245359264679	0.011448888184	-0.0377162774116	-0.0710648899242	-0.0138254022446	0.00744818474304	-0.0221879927713
k__Bacteria;p__Bacteroidetes;c__Bacteroidia;o__Bacteroidales;f__Bacteroidaceae;g__Bacteroides;s__Bacteroides_uniformis	0.0137807666075	1.0	-0.0341746834621	-0.0357469755695	0.0217172227276	0.0407787997952	-0.0311678749031	-0.0581460313063	0.0145405949503	-0.00905915013785	0.0164832855019	-0.0289947529031	0.0174286628382	0.004104751911	0.0427121317771	0.0414389632567	-0.0265253338254	-0.051612731111	0.000854366564227	-0.0376377135461	-0.00355197702493	0.0113545405207	-0.00932666682556	0.0334411548062	0.0235119880155	-0.0346102048434	-0.0146642568043	-0.00983898943082	-0.091121133944	0.035211694497	-0.0112925331932	-0.0128060713906	-0.0172387063895	0.0784035223724	0.00166717026358	-0.00879632767246	-0.000538890316233	-0.0138354164385	-0.0739225314948	-0.0628964795813	-0.0409263344352	-0.0666365659692	-0.0725651274691	0.00317324810717	-0.008432544442	-0.0797046460345	0.0322988812209	-0.0538887682917	-0.0713070343822	-0.0209767466359	-0.0789989794174	-0.00809660639459	0.0377363468898	0.0273858985477	0.00492233291235	-0.0418007291695	-0.0374113909383	-0.0561299681816	0.0772911556755
k__Bacteria;p__Bacteroidetes;c__Bacteroidia;o__Bacteroidales;f__Rikenellaceae;g__Alistipes;s__Alistipes_putredinis	0.0782364618813	-0.0341746834621	1.0	-0.0231780965488	0.0378539361616	-0.0190063219368	-0.0125826978159	-0.0432741894165	-0.058012367486	-0.0506251773204	-0.0441474529542	-0.0107737021787	-0.0216274517223	-0.0672012548468	0.0469968170464	0.0386830043285	0.0213822231414	0.00054188371636	-0.0170028218209	0.0183311838244	0.0754413805126	0.0160644008744	0.0531650869778	-0.0355279091104	-0.0740733427511	0.0114223075275	0.003019780249	-0.0130318630363	-0.026180312042	-0.0314328167664	-0.0205641894977	0.0220476921902	-0.0591908018931	0.0104263862147	0.0464303365572	0.0208780358376	-0.0191977975462	0.0320361853475	0.0302974624979	-0.0010094392693	-0.0141302190596	-0.0102560101714	-0.00976065093695	-0.0823958310857	0.0319409709193	-0.0614096523004	0.027856727155	-0.0627934706294	-0.00815958690986	0.0138125045403	-0.0306269232916	0.046614870815	0.0332410831369	-0.0330601864909	-0.0257749323283	-0.0365470083122	0.0278544540849	0.0100614872554	-0.0169203126252
k__Bacteria;p__Bacteroidetes;c__Bacteroidia;o__Bacteroidales;f__Prevotellaceae;g__Prevotella;s__Prevotella_copri	0.00211561230472	-0.0357469755695	-0.0231780965488	1.0	-0.0117833615859	-0.0673482772236	0.0143282109493	0.0578445798596	-0.0171501765414	0.00322587638117	-0.0591672081438	-0.00474854882867	-0.0215018982899	0.000200207189758	-0.033055900897	0.00777868292333	-0.0270593431273	-0.0325868996275	0.00982142951626	0.0125354252615	-0.0165725293039	-0.0153388482944	-0.00754269079348	0.0440783968531	-0.027037552244	-0.00636017906587	-0.0154643345286	-0.00975256674102	0.0259880135327	-0.048570842412	-0.0824651097991	-0.0163733067394	0.0339968579049	0.0197827983607	0.0173619766889	-0.0395369081282	0.0027353883086	-0.0195909067081	0.0198630952132	-0.000679038050898	-0.0946872172097	-0.0769908640557	-0.00528877126388	0.0599919756222	-0.0770765926287	0.0483046069829	-0.00143927453186	0.0352259148025	-0.00752131917259	-0.0117108716057	-0.0285049303485	0.00887056353851	0.00982957555714	0.0138016164185	0.0513176135095	-0.0204535490728	0.0247451407335	-0.0105374791875	-0.0160297401418
k__Bacteria;p__Bacteroidetes;c__Bacteroidia;o__Bacteroidales;f__Bacteroidaceae;g__Bacteroides;s__Bacteroides_stercoris	-0.105561608506	0.0217172227276	0.0378539361616	-0.0117833615859	1.0	-0.0117719087979	0.0162781005824	-0.0345790687141	0.0190672813715	0.0373625424598	0.00745993853633	0.0644513573715	-0.0430113647973	-0.0191661078178	0.0181205377302	0.0224524367376	0.010448373279	-0.0110097258992	-0.0522559122623	0.00588789339366	-0.00876438843841	0.00861912655967	-0.0911764837625	-0.0223704936487	-0.036363636116	-0.00955925826452	0.066094484421	-0.00722780804857	-0.0467693417321	0.0481683195605	0.0147450893813	0.0122565590154	-0.0100187302901	-0.011122130046	0.0301705989172	0.0114802515881	0.0337801384049	-0.0475721324037	0.0433262897786	-0.00185767161794	-0.00564244955037	-0.0685547829644	-0.0621709002602	-0.0301564242665	0.0269709656749	0.0361213525635	-0.033743472045	-0.0166601110974	0.025312641477	-0.0146977129974	0.0596721441077	-0.0318334561893	-0.0302784823762	0.0543957083384	0.0473759907493	-0.0458806554326	-0.0497058595789	-0.0360733913299	-0.0205784354091
k__Bacteria;p__Bacteroidetes;c__Bacteroidia;o__Bacteroidales;f__Bacteroidaceae;g__Bacteroides;s__Bacteroides_ovatus	0.0571005432726	0.0407787997952	-0.0190063219368	-0.0673482772236	-0.0117719087979	1.0	0.022448950646	-0.00804227917871	-0.0327539815686	-0.0474612548473	-0.0564155474123	0.00333943898658	-0.0964533639483	-0.0106612925804	0.0102360213539	-0.0018960203866	-0.00919055870135	-0.0163875730466	-0.040387706245	0.0285629423853	-0.0795351778	-0.0138838634089	-0.00737820201749	0.0490511891299	0.0699238222709	0.0148188518804	0.0287457417691	-0.0455914852316	-0.0186187949233	-0.02756392786	-0.0266569978489	0.0150291853804	-0.0223417785644	-0.0405248394907	-0.0131430086247	0.00705524338653	0.0344864215364	-0.0442447626444	-0.0291569747498	-0.0573215726372	0.0301972599413	-0.00853572901912	-0.0211358262697	-0.0601905576604	-0.0453365581859	-0.0982199673615	-0.0614772256368	-0.0147249740131	0.0171663984206	0.0394072181112	-0.0105912260443	-0.0528309261454	-0.00690222840159	0.0160403169781	0.0656114900053	0.0168421385715	0.0333064391376	-0.00310472023667	0.0171374292537
k__Bacteria;p__Bacteroidetes;c__Bacteroidia;o__Bacteroidales;f__Rikenellaceae;g__Alistipes;s__Alistipes_shahii	-0.0224564923082	-0.0311678749031	-0.0125826978159	0.0143282109493	0.0162781005824	0.022448950646	1.0	-0.0325569248925	-0.0133311998536	0.0127730700998	-0.0120380713537	-0.0323758691043	-0.0372112962676	0.0265507706302	-0.00219201684836	-0.0309359090198	-0.0321104186002	-0.08523617189	0.051374860162	0.021067538008	-0.00692326423079	-0.0580596029051	-0.0484322887095	-0.0357004834265	-0.0135478588818	0.00863187113257	-0.0397619133532	0.00986639932927	0.0602902928631	-0.0621829335189	0.00699386383085	-0.0584002824611	-0.0245194038352	-0.0484723186277	-0.0470000512724	0.00145161260138	-0.0708376673667	0.0154095196381	-0.0513620006075	0.00853540012529	0.005082781055	-0.0142264470892	-0.021537649711	-0.0231951931497	0.0239871499794	0.0213310455159	-0.0168941623462	0.0112840775532	0.0506823749921	0.0583615129728	0.043580061013	-0.0139783994145	-0.0210225829817	-0.0122137512349	0.0179365237226	-0.00978573055922	-0.00277331413474	0.01857429565	0.00306833725753
k__Bacteria;p__Firmicutes;c__Clostridia;o__Clostridiales;f__Ruminococcaceae;g__Faecalibacterium;s__Faecalibacterium_prausnitzii	0.0135556690731	-0.0581460313063	-0.0432741894165	0.0578445798596	-0.0345790687141	-0.00804227917871	-0.0325569248925	1.0	-0.0270909596938	-0.099620131727	-0.0301633766892	0.00607841289264	0.0511331184355	-0.0191185814457	0.0146550890578	0.00235881283173	-0.0089702627752	-0.0285202287762	-0.0428596222957	0.0427405955355	-0.0301809290623	0.0478345945861	-0.00690443581693	-0.0366508814597	0.0129371845641	0.0569526046859	-0.0260836617338	-0.0343367266382	0.00428873035972	-0.0116736227979	0.0268393563893	-0.0530460895937	-0.0284860983596	0.00380888716103	-0.00810045250799	-0.0319877433463	-0.00342928143037	-0.031233308142	-0.0235441166137	0.0174037261752	-0.0291643242256	-0.00830030929457	-0.00662870898366	-0.000440724968361	-0.0458327227549	-0.0449186434855	-0.0177257328585	-0.0076416816285	0.0259918777505	-0.0176450384746	0.0342873554157	-0.00727804066756	-0.0485611152539	-0.0193108575753	0.00635147189567	-0.0353132278862	0.0317354467283	0.014092914465	0.0292658855457
k__Bacteria;p__Bacteroidetes;c__Bacteroidia;o__Bacteroidales;f__Rikenellaceae;g__Alistipes;s__Alistipes_finegoldii	-0.0862818017666	0.0145405949503	-0.058012367486	-0.0171501765414	0.0190672813715	-0.0327539815686	-0.0133311998536	-0.0270909596938	1.0	-0.0140990695087	0.0114748911067	0.00605385882946	-0.00603066901104	-0.0471550397161	-0.0442452118513	0.0010572180971	-0.0397165405144	-0.0589468931622	-0.00535408548331	-0.0282023085706	-0.00765001961217	-0.0834035509699	0.024784952645	0.0102099085727	-0.0581727417561	0.025346701504	-0.0150518796038	-0.0356291604465	0.00538347465893	0.0408809003541	-0.0177518832973	0.0208864692392	-0.0377189579468	-0.0234207258313	-0.0314877587368	0.0166198064938	0.076160748923	-0.011665406813	-0.0649353755968	0.0374861284379	-0.0526322763354	0.00469556304553	-0.0583771577767	0.0217322612208	0.0251534070677	0.00572437133684	-0.0138449374494	-0.00183525873499	-0.0389292239436	0.00340396427145	0.00204911543644	0.00586575622766	0.0283169929183	-0.0387168812641	-0.0118821608376	-0.0346281519264	-0.02182901812	0.146937020441	-0.058741999797
k__Bacteria;p__Bacteroidetes;c__Bacteroidia;o__Bacteroidales;f__Porphyromonadaceae;g__Parabacteroides;s__Parabacteroides_distasonis	-0.0244890405258	-0.00905915013785	-0.0506251773204	0.00322587638117	0.0373625424598	-0.0474612548473	0.0127730700998	-0.099620131727	-0.0140990695087	1.0	0.00232833917472	-0.0659485382192	-0.0541904529939	0.0220660672774	0.0156277402278	-0.0682085756735	-0.0355602325197	0.0526593206368	-0.00138261353244	-0.0383000611688	-0.0277369170472	-0.0240919564017	0.0153610765089	-0.0576413578161	-0.0707088099749	-0.0187988874651	0.0685428734529	-0.050506583484	-0.0590650159621	0.0607081356051	-0.012825503924	0.0632554911292	-0.0142952102529	0.0336832899498	-0.0209645950631	-0.0543433973108	-0.0559748691732	-0.0497041071962	-0.0331274203199	0.067511431185	0.0310919690165	0.030991579827	-0.0505040754775	0.00796698098402	-0.0506500308877	-0.00842941709572	0.0278509885107	-0.0332220155191	0.00896097103975	-0.00198003399389	0.00483902562831	0.0145468031217	-0.0306409362708	0.0378305087415	-0.0245897654497	-0.00493578589376	-0.00618973317186	0.000403241451248	-0.0647379843616
k__Bacteria;p__Bacteroidetes;c__Bacteroidia;o__Bacteroidales;f__Bacteroidaceae;g__Bacteroides;s__Bacteroides_thetaiotaomicron	-0.0242769437252	0.0164832855019	-0.0441474529542	-0.0591672081438	0.00745993853633	-0.0564155474123	-0.0120380713537	-0.0301633766892	0.0114748911067	0.00232833917472	1.0	-0.0747645058129	-0.0538064730613	-0.0328016780073	0.010902526087	-0.0405116250902	-0.0128521135468	0.0188014287302	-0.0316422446739	0.0157346099325	-0.0477828676691	-0.000819309589255	0.00645463344397	-0.0311559243052	-0.0599925258677	0.020960696911	-0.000606607282691	-0.00846077646208	0.0185430736794	0.0255288040499	-0.0204780242586	-0.0171359007284	0.0380223413543	-0.0652988491667	-0.0424034907994	0.00432402953989	-0.00257640928129	0.0259680323839	-0.00387104770778	-0.0559475794921	-0.0625380785326	0.0555823058279	-0.0013707370829	0.0174580020359	-0.0241649730394	-0.00631121830511	-0.029896421612	-0.0161615834649	-0.0138412182699	0.0219151644553	0.0105103553201	0.0438746437532	-0.0176577333164	0.0494990639535	-0.0239400540854	0.00827206918831	0.010972626498	0.00416532864084	0.0723905674435
k__Bacteria;p__Bacteroidetes;c__Bacteroidia;o__Bacteroidales;f__Bacteroidaceae;g__Bacteroides;s__Bacteroides_coprocola	0.0479922496709	-0.0289947529031	-0.0107737021787	-0.00474854882867	0.0644513573715	0.00333943898658	-0.0323758691043	0.00607841289264	0.00605385882946	-0.0659485382192	-0.0747645058129	1.0	-0.0268330940548	0.0150858373107	-0.00623621632484	-0.0270053277045	0.014349955171	-0.0220643571906	0.0164016210248	-0.0424481400565	-0.030564481487	-0.0303706713012	0.0207471524615	0.0073464788588	-0.019164505209	0.0497240101853	-0.00886667400376	-0.0136422096211	-0.0652313376164	-0.0463838368562	0.013410762957	0.0274292796565	0.017891637292	0.018504758424	-0.0104314131853	0.0942378004054	0.0207637885544	0.0277661836139	-0.0470091727639	-0.0566643416866	0.014192422395	-0.0525011648506	0.00514654275715	-0.0231882558682	0.0476995916907	-0.0429322026353	-0.0615213052791	-0.0372659420276	0.0440709274666	-0.0182912250483	-0.0278528392183	-0.0163035109452	0.0116675935745	-0.070267141747	0.0142609244974	0.00358425160258	0.0145251183722	0.0193235283141	0.0298584592002
k__Bacteria;p__Bacteroidetes;c__Bacteroidia;o__Bacteroidales;f__Bacteroidaceae;g__Bacteroides;s__Bacteroides_cellulosilyticus	0.0402492865676	0.0174286628382	-0.0216274517223	-0.0215018982899	-0.0430113647973	-0.0964533639483	-0.0372112962676	0.0511331184355	-0.00603066901105	-0.0541904529939	-0.0538064730613	-0.0268330940548	1.0	-0.0151028060847	-0.0352163142176	0.0312421963375	0.0660667388542	-0.0309749544517	0.0175588932051	0.0294156979434	-0.036135330413	-0.00846126075967	-0.0402699837218	-0.0142855964941	-0.0195375346378	-0.00276214692605	0.0228491988705	0.000877231923609	0.00578819565556	0.00990636705157	0.0189596038543	0.0145902466095	-0.000758521281394	0.0108399589152	-0.0437727201871	-0.00191060425436	0.0181132300563	-0.00524886274098	0.00552831022605	0.0539730290048	-0.0523705636444	0.0411915013475	-0.0574877674237	0.0231784618488	-0.0463004286254	-0.00458147789391	-0.0122582981462	-0.0250725781461	0.0309766357459	0.0221845250916	-0.0396298104971	-0.0361375924784	-0.0260030452883	-0.0253291385431	-0.0166259631792	-0.0727728488341	-0.0496399912863	-0.0103476179279	-0.048455169948
k__Bacteria;p__Bacteroidetes;c__Bacteroidia;o__Bacteroidales;f__Rikenellaceae;g__Alistipes;s__Alistipes_obesi	0.0126889537922	0.004104751911	-0.0672012548468	0.000200207189758	-0.0191661078178	-0.0106612925804	0.0265507706302	-0.0191185814457	-0.0471550397161	0.0220660672774	-0.0328016780073	0.0150858373107	-0.0151028060847	1.0	-0.0396913611233	-0.0417198083679	0.0307405600411	-0.0431706913821	0.0119408299399	0.0488645075557	-0.0656218094302	-0.062694136074	-0.0109626389542	-0.0019069493557	-0.0279352308069	0.0119520940754	0.0363587868559	0.00668757135816	-0.029408762633	-0.027435022902	-0.0619734800236	0.000972284380371	-0.0413240964606	-0.0225957725113	-0.0266855235762	-0.0266427846153	-0.00569560598801	-0.0705523393926	0.00602117588829	-0.0201199631932	-0.0094547975896	-0.0347152808941	0.0039207755804	0.053359080501	0.0123561521093	0.0214810533324	-0.0182275447808	0.00344119765257	-0.0386732947099	-0.00406883137479	0.0246833179338	0.0263792342005	-0.0226086051204	-0.0091952206238	0.0167576814587	-0.0133682267545	-0.0639973197883	-0.00706964517262	0.0164467039247
k__Bacteria;p__Firmicutes;c__Clostridia;o__Clostridiales;f__Lachnospiraceae;g__;s__[Eubacterium]_rectale	-0.0262012892638	0.0427121317771	0.0469968170464	-0.033055900897	0.0181205377302	0.0102360213539	-0.00219201684836	0.0146550890578	-0.0442452118513	0.0156277402278	0.010902526087	-0.00623621632484	-0.0352163142176	-0.0396913611233	1.0	-0.0101202220556	0.0601967293739	-0.0673670350964	-0.0607400802771	0.0429378245578	-0.0681566229027	-0.0349377879072	0.0364891817021	0.0342774432528	0.0286637382043	-0.0491387911817	0.0126338474016	-0.0413942976009	0.0205826802366	0.0242001189814	-0.0321555391576	0.00989794538811	-0.00123506651954	0.0575817344858	-0.0407186673008	-0.048270050357	-0.0288943094555	-0.0248463662828	-0.0179052427373	-0.0537084636329	0.00887132925599	0.0467119901146	-0.00334278872542	-0.0223949058811	0.0288523602886	-0.0144114061676	0.0338766751022	0.0219278579571	-0.0184493631709	0.018595121766	0.0282271600974	0.0324163502028	-0.0372017105639	0.0211945406424	-0.0140004231933	0.0220677718204	-0.0229060917163	0.0106738740259	-0.0136488675639
k__Bacteria;p__Bacteroidetes;c__Bacteroidia;o__Bacteroidales;f__Bacteroidaceae;g__Bacteroides;s__Bacteroides_plebeius	-0.00824543536074	0.0414389632567	0.0386830043285	0.00777868292333	0.0224524367376	-0.0018960203866	-0.0309359090198	0.00235881283173	0.0010572180971	-0.0682085756735	-0.0405116250902	-0.0270053277045	0.0312421963375	-0.0417198083679	-0.0101202220556	1.0	0.0239138822128	0.0696237732081	-0.0457492654451	-0.0309793724342	0.00803888449246	0.0105789652169	-0.0515350351342	0.000201798254658	0.00769412187082	0.00636547555835	0.0026259209461	-0.0532818153889	0.00782833746481	-0.0591967530983	0.0263639039382	-0.0622057458242	0.0354491381285	-0.038643465002	-0.0518179233496	-0.0496638943004	-0.0753199295991	0.033591256604	-0.0265592976332	0.0336213140666	-0.021521067415	-0.0544513413815	-0.0296949898825	-0.0164329030094	-0.0550679045103	-0.0922210356195	-0.0528838853757	0.070567121105	-0.0280129793643	-0.00107266650887	0.00317503956411	0.00783943316205	0.0587137858421	0.037993352242	0.000434531249549	0.0698942210284	0.0468059705656	-0.00929499355074	-0.0435585236508
k__Bacteria;p__Bacteroidetes;c__Bacteroidia;o__Bacteroidales;f__Bacteroidaceae;g__Bacteroides;s__Bacteroides_fragilis	-0.000601385762082	-0.0265253338254	0.0213822231414	-0.0270593431273	0.010448373279	-0.00919055870135	-0.0321104186002	-0.0089702627752	-0.0397165405144	-0.0355602325197	-0.0128521135468	0.014349955171	0.0660667388542	0.0307405600411	0.0601967293739	0.0239138822128	1.0	0.0430879686996	-0.00173667661704	-0.0138919155338	-0.032731194181	-0.0566323151165	-0.0362307943314	0.0336559488464	-0.0635398892311	-0.010235619517	0.00658795322261	-0.0378194943843	0.0405122220302	0.0401205291896	-0.00759555616009	-0.079206219469	0.0336021486462	-0.0468137489117	0.0133251789235	-0.00577428849702	-0.015910712941	-0.0260545048228	-0.0674189424189	0.0387213757001	0.0094236380389	0.0474962289129	-0.0252446163024	-0.0128049762059	-0.00715238438119	0.0131771165062	-0.0327661019754	0.0245992271729	-0.0338004017162	-0.0139314267331	0.038741010371	-0.0296814062078	0.00216257346872	-0.0438294130959	0.0400431298606	-0.0515773323187	-0.0277874508128	-0.0268084374616	-0.00507910766448
k__Bacteria;p__Proteobacteria;c__Betaproteobacteria;o__Burkholderiales;f__Sutterellaceae;g__Sutterella;s__Sutterella_wadsworthensis	0.0140837380214	-0.051612731111	0.00054188371636	-0.0325868996275	-0.0110097258992	-0.0163875730466	-0.08523617189	-0.0285202287762	-0.0589468931622	0.0526593206368	0.0188014287302	-0.0220643571906	-0.0309749544517	-0.0431706913821	-0.0673670350964	0.0696237732081	0.0430879686996	1.0	0.0202600529685	-0.044552605532	-0.0290457705432	-0.00952332741482	0.0339494380671	0.0384632472409	-0.0482131391057	-0.0940255744397	0.00686990971242	0.0123788679499	-0.00479851041456	-0.0132888895515	-0.0137886409493	-0.0504426715812	-0.0259221285789	0.0157936623858	0.0177831978614	-0.0540004196775	0.0103440731479	0.00565535428832	0.0154241133544	0.00675502139784	-0.00397514311734	0.0163830950536	0.0099611581327	0.0306618032305	0.0544917432721	-0.054936553575	-0.00212954300377	0.0148254951505	0.0158264443176	0.0100915127204	-0.0162643631876	0.0435273951829	-0.0238911153845	0.0266820644182	-0.0407769532552	-0.0400021726734	-0.0441307521681	0.056858298768	-0.0092421956519
k__Bacteria;p__Bacteroidetes;c__Bacteroidia;o__Bacteroidales;f__Porphyromonadaceae;g__Barnesiella;s__Barnesiella_intestinihominis	-0.00458704045352	0.000854366564227	-0.0170028218209	0.00982142951626	-0.0522559122623	-0.040387706245	0.051374860162	-0.0428596222957	-0.00535408548331	-0.00138261353244	-0.0316422446739	0.0164016210248	0.0175588932051	0.0119408299399	-0.0607400802771	-0.0457492654451	-0.00173667661704	0.0202600529685	1.0	0.0347004209252	0.0224870843106	-0.0495311683165	-0.0655579056008	-0.0608343400268	-0.041695680859	-0.0338246477965	0.0212426370379	-0.00107218423259	-0.00760532078793	0.00244750748123	-0.0387523651532	0.002271753063	-0.047362977126	-0.00372774904806	0.0519180367611	-0.0213974531193	0.0497261776604	-0.0215826278268	0.0139254929605	-0.0279225619539	0.0899672754377	0.0277654685634	0.0555290803672	-0.0502748138592	0.000261732143169	-0.00281211282848	-0.0149624995411	-0.0136830134098	0.025205198092	-0.0310582564839	-0.0127505096608	-0.0208952499356	-0.0350711130808	-0.10068565714	0.0124380140588	-0.0148668289871	-0.0190146513417	-0.0344500798398	0.0430928794483
k__Bacteria;p__Bacteroidetes;c__Bacteroidia;o__Bacteroidales;f__Odoribacteraceae;g__Odoribacter;s__Odoribacter_splanchnicus	0.0266059043906	-0.0376377135461	0.0183311838244	0.0125354252615	0.00588789339366	0.0285629423853	0.021067538008	0.0427405955355	-0.0282023085706	-0.0383000611688	0.0157346099325	-0.0424481400565	0.0294156979434	0.0488645075557	0.0429378245578	-0.0309793724342	-0.0138919155338	-0.044552605532	0.0347004209252	1.0	0.0273012015921	-0.0143413488693	0.0361172253461	0.0223291628118	-0.0195472037714	0.0116276895622	0.0612294413875	-0.0204769021507	-0.0631241305051	-0.00428071281617	-0.057928996533	-0.0249785706286	-0.0146496666308	-0.0160307221297	-0.0158996784672	0.0278727057734	-0.0693857796776	0.0451493283231	-0.000607015638633	-0.0085481853172	-0.0431236423132	-0.0256125636443	-0.0202672750742	0.0163340132976	-0.00785807013048	0.0250372244757	-0.0293166576698	0.0514400237337	-0.0378870157804	-0.0180453744473	-0.0539547067043	-0.0249483295949	0.051210438981	0.00202544952954	-0.015902883975	-0.0526193262462	0.00637893502417	-0.0301069667252	0.0489315433384
k__Bacteria;p__Bacteroidetes;c__Bacteroidia;o__Bacteroidales;f__Bacteroidaceae;g__Bacteroides;s__Bacteroides_salyersiae	0.00215945542441	-0.00355197702493	0.0754413805126	-0.0165725293039	-0.00876438843841	-0.0795351778	-0.00692326423079	-0.0301809290623	-0.00765001961217	-0.0277369170472	-0.0477828676691	-0.030564481487	-0.036135330413	-0.0656218094302	-0.0681566229027	0.00803888449246	-0.032731194181	-0.0290457705432	0.0224870843106	0.0273012015921	1.0	-0.0521119991138	0.0350452895466	-0.01070844891	-0.0849179512139	-0.0170505143763	0.0046391456598	0.0122660019719	0.0311279147241	0.0130123245532	-0.0265001311191	0.0100350910814	0.0426763185963	0.00133818118308	-0.00170864408866	-0.0143688584653	0.04220000045	-0.0061896048165	-0.0114307239883	0.000135604007842	-0.00983177599782	-0.0228393615728	-0.0555586241394	-0.0138222670285	-0.0581873979762	-0.0180788227592	-0.0239877970768	-0.00911507490763	-0.0308610484258	0.00394873608401	0.00126748406512	-0.0375207012157	0.0521688867154	-0.0638063810411	-0.0402082375045	0.00403667175972	-0.0687790000626	0.00224673824618	-0.0344390211723
k__Bacteria;p__Firmicutes;c__Clostridia;o__Clostridiales;f__Ruminococcaceae;g__Ruminiclostridium;s__[Eubacterium]_siraeum	-0.0439727407831	0.0113545405207	0.0160644008744	-0.0153388482944	0.00861912655967	-0.0138838634089	-0.0580596029051	0.0478345945861	-0.0834035509699	-0.0240919564017	-0.000819309589255	-0.0303706713012	-0.00846126075967	-0.062694136074	-0.0349377879072	0.0105789652169	-0.0566323151165	-0.00952332741482	-0.0495311683165	-0.0143413488693	-0.0521119991138	1.0	-0.0659708414498	-0.0230128511624	0.0106066667789	-0.00823304837617	-0.0424635255228	-0.0928893634688	-0.00548244287075	-0.00446882777968	-0.0403679147416	0.04010674873	-0.0345634393735	-0.0185848868957	0.0318753425308	0.00609541333513	0.0299838601655	0.0382721307338	0.0400280760537	0.0300523489784	0.0448881928743	-0.0535462169581	0.0141328073238	-0.0247114967257	0.0137975851579	0.0145851203028	0.00118739916471	-0.00230995428016	0.0200720029748	0.0222886435507	0.00347899929141	-0.0284727445393	0.0445026796429	0.0455382065526	-0.0270407466066	-0.0260060530744	-0.0301499111047	0.0483522473159	-0.0122019704489
k__Bacteria;p__Proteobacteria;c__Betaproteobacteria;o__Burkholderiales;f__Sutterellaceae;g__Parasutterella;s__Parasutterella_excrementihominis	-0.0713269016454	-0.00932666682556	0.0531650869778	-0.00754269079348	-0.0911764837625	-0.00737820201749	-0.0484322887095	-0.00690443581693	0.024784952645	0.0153610765089	0.00645463344397	0.0207471524615	-0.0402699837218	-0.0109626389542	0.0364891817021	-0.0515350351342	-0.0362307943314	0.0339494380671	-0.0655579056008	0.0361172253461	0.0350452895466	-0.0659708414498	1.0	0.0281093942541	0.0556073793989	-0.0479508354864	-0.0416585832929	0.0237412606549	-0.0659639147194	-0.0129248519202	0.0278426627097	-0.0277515140401	-0.0782799030944	-0.0343744870641	0.00912443232404	-0.042504571782	-0.0132114281352	-0.00408659529089	0.0365627865127	-0.00762628566636	0.0679848766114	0.0540148919874	0.0127474854288	0.0463586079639	0.00429769877269	0.0148402200162	-0.0714207641443	-0.0315682313811	-0.00478538811889	-0.0600451997132	-0.0432887922263	-0.00436654968694	-0.0869407931574	0.0306139253168	0.00222218512768	-0.0437520545628	-0.0287186779902	0.00652507298434	0.0359182372122
k__Bacteria;p__Actinobacteria;c__Actinobacteria;o__Bifidobacteriales;f__Bifidobacteriaceae;g__Bifidobacterium;s__Bifidobacterium_adolescentis	0.0287511391057	0.0334411548062	-0.0355279091104	0.0440783968531	-0.0223704936487	0.0490511891299	-0.0357004834265	-0.0366508814597	0.0102099085727	-0.0576413578161	-0.0311559243052	0.0073464788588	-0.0142855964941	-0.0019069493557	0.0342774432528	0.000201798254658	0.0336559488464	0.0384632472409	-0.0608343400268	0.0223291628118	-0.01070844891	-0.0230128511624	0.0281093942541	1.0	0.0124827158162	-0.0356034333879	0.0489298772774	-0.0424970057875	0.023883122036	-0.0373655175154	-0.00783799610144	0.000387588535644	-0.0163504176242	0.0182404048791	-0.0658061287943	-0.0334601957183	-0.0215022296444	-0.0204345810106	0.00593256872755	-0.0226696895132	-0.0111087822561	-0.0123061332758	0.0107592526909	-0.00440869910384	0.0318772642168	0.0804492683764	0.0303349610134	0.0161366422385	-0.061750096639	-0.0262415238699	-0.00679994210865	-0.0333045137084	0.0567309288463	-0.013751320424	-0.0131864097207	0.0467065431974	0.0266947064284	0.019557844113	-0.0213227959449
k__Bacteria;p__Firmicutes;c__Clostridia;o__Clostridiales;f__Oscillospiraceae;g__Oscillibacter;s__Oscillibacter_sp._KLE_1745	0.0244141642135	0.0235119880155	-0.0740733427511	-0.027037552244	-0.036363636116	0.0699238222709	-0.0135478588818	0.0129371845641	-0.0581727417561	-0.0707088099749	-0.0599925258677	-0.019164505209	-0.0195375346378	-0.0279352308069	0.0286637382043	0.00769412187082	-0.0635398892311	-0.0482131391057	-0.041695680859	-0.0195472037714	-0.0849179512139	0.0106066667789	0.0556073793989	0.0124827158162	1.0	-0.0140889055415	-0.0295417502641	-0.0568888970787	0.0183052565504	0.0485080707867	0.000123303508777	-0.00899095157533	0.00114400610032	-0.0034474441698	0.0116258234235	0.0113038789695	-0.0271577496238	0.019190957516	-0.00295303546348	0.0336233216199	-0.0137205397422	-0.00677367768925	0.017117439354	-0.00266553104789	0.0573243127958	0.00141863551232	0.00152169847464	0.00158978877924	0.0153081027688	-0.0432034202792	-0.00907496938199	0.0207147472326	-0.0190733953239	-0.00105330206924	0.0578118778738	-0.0292860773953	0.0316922466352	-0.0134156116061	0.0414037283347
k__Bacteria;p__Bacteroidetes;c__Bacteroidia;o__Bacteroidales;f__Bacteroidaceae;g__Bacteroides;s__Bacteroides_coprophilus	0.033883868776	-0.0346102048434	0.0114223075275	-0.00636017906587	-0.00955925826452	0.0148188518804	0.00863187113257	0.0569526046859	0.025346701504	-0.0187988874651	0.020960696911	0.0497240101853	-0.00276214692605	0.0119520940754	-0.0491387911817	0.00636547555835	-0.010235619517	-0.0940255744397	-0.0338246477965	0.0116276895622	-0.0170505143763	-0.00823304837617	-0.0479508354864	-0.0356034333879	-0.0140889055415	1.0	-0.0356140158838	-0.0278030502625	-0.0565934842586	0.005622438898	-0.0273482132817	0.00639880081908	-0.000377338781449	-0.0258652819945	-0.0257904378725	0.0455779731057	-0.0269466918887	-0.0490275503691	-0.0447937112654	-0.0389284203094	-0.0220329656061	0.0640359476121	-0.0132044625301	-0.0457139097931	-0.00544572462064	-0.062570177601	0.00950536020735	0.00496389324056	0.0239409698546	-0.0355087510212	-0.00746961829226	0.00224477622777	-0.0334992549627	0.0136024890852	-0.0286614845149	0.0368477956473	0.0295194901232	0.0248238516694	0.0129687469395
k__Bacteria;p__Firmicutes;c__Clostridia;o__Clostridiales;f__Lachnospiraceae;g__Roseburia;s__Roseburia_intestinalis	-0.0299914700365	-0.0146642568043	0.003019780249	-0.0154643345286	0.066094484421	0.0287457417691	-0.0397619133532	-0.0260836617338	-0.0150518796038	0.0685428734529	-0.000606607282691	-0.00886667400376	0.0228491988705	0.0363587868559	0.0126338474016	0.0026259209461	0.00658795322261	0.00686990971242	0.0212426370379	0.0612294413875	0.0046391456598	-0.0424635255228	-0.0416585832929	0.0489298772774	-0.0295417502641	-0.0356140158838	1.0	-0.00160806053539	-0.0540544561567	0.0128445084705	-0.0143979953874	-0.00831771714349	-0.0607124716403	-0.100516657513	-0.0663980890991	0.0693072442851	0.00176948221381	-0.0479095822358	-0.0329468322532	0.00388964538096	6.8882711732e-06	0.0161076560901	0.0247228935154	-0.0592308960599	-0.0348163588394	-0.0576242382988	0.0378595649388	-0.0646687376189	-0.0560776130265	0.0518829148495	-0.023782000376	-0.0248439163151	0.081522168746	0.0135665418719	-0.0336869108537	0.00172148114402	0.0109600549334	-0.0362549685577	0.0272608116806
k__Bacteria;p__Firmicutes;c__Clostridia;o__Clostridiales;f__Lachnospiraceae;g__Roseburia;s__Roseburia_hominis	-0.0358283890139	-0.00983898943082	-0.0130318630363	-0.00975256674102	-0.00722780804857	-0.0455914852316	0.00986639932927	-0.0343367266382	-0.0356291604465	-0.050506583484	-0.00846077646208	-0.0136422096211	0.000877231923609	0.00668757135816	-0.0413942976009	-0.0532818153889	-0.0378194943843	0.0123788679499	-0.00107218423259	-0.0204769021507	0.0122660019719	-0.0928893634688	0.0237412606549	-0.0424970057875	-0.0568888970787	-0.0278030502625	-0.00160806053539	1.0	0.0310924159464	0.000567003882133	-0.0689017269153	-0.0484146105788	0.0337325100295	0.0924807941259	-0.00684046600621	-0.0666429067483	-0.0389974541743	-0.00510732204041	-0.0129776537134	-0.016140795679	0.00881158890284	-0.00868659669057	0.0218043626241	0.0202236216354	0.0133689613765	0.0392197703943	0.020585876004	-0.064700512549	0.0498847459241	-0.0233614147511	-0.0539025575294	0.00790096988005	-0.0331177894865	-0.00841425137937	-0.03120142229	-0.00918675099321	-0.0339436612689	0.0153156354904	0.0214575942745
k__Bacteria;p__Bacteroidetes;c__Bacteroidia;o__Bacteroidales;f__Porphyromonadaceae;g__Parabacteroides;s__Parabacteroides_johnsonii	-0.0428878854207	-0.091121133944	-0.026180312042	0.0259880135327	-0.0467693417321	-0.0186187949233	0.0602902928631	0.00428873035972	0.00538347465893	-0.0590650159621	0.0185430736794	-0.0652313376164	0.00578819565556	-0.029408762633	0.0205826802366	0.00782833746481	0.0405122220302	-0.00479851041456	-0.00760532078793	-0.0631241305051	0.0311279147241	-0.00548244287075	-0.0659639147194	0.023883122036	0.0183052565504	-0.0565934842586	-0.0540544561567	0.0310924159464	1.0	-0.043057196036	-0.019427498401	0.00961084311853	-0.0870577662386	-0.00332621463882	-0.00945468399891	-0.00696804320641	0.0212505044992	-0.0232524309732	0.0216165974476	-0.0879008618674	0.0164207613485	0.00431257114268	-0.00451370995053	0.0640636297351	-0.00460185380246	0.0670600484544	-0.0360922764442	0.0107663437245	0.0778738331126	0.000582206250344	-0.0468993015114	0.0288466991811	0.0135062203545	0.0306593885683	0.0147998580434	-0.0289863899969	-0.037868893757	0.0150291053573	0.00550563736042
k__Bacteria;p__Actinobacteria;c__Actinobacteria;o__Bifidobacteriales;f__Bifidobacteriaceae;g__Bifidobacterium;s__Bifidobacterium_longum	-0.0218541518138	0.035211694497	-0.0314328167664	-0.048570842412	0.0481683195605	-0.02756392786	-0.0621829335189	-0.0116736227979	0.0408809003541	0.0607081356051	0.0255288040499	-0.0463838368562	0.00990636705157	-0.027435022902	0.0242001189814	-0.0591967530983	0.0401205291896	-0.0132888895515	0.00244750748123	-0.00428071281617	0.0130123245532	-0.00446882777968	-0.0129248519202	-0.0373655175154	0.0485080707867	0.005622438898	0.0128445084705	0.000567003882133	-0.043057196036	1.0	-0.04272065584	-0.00278752181263	0.0231666652296	-0.008463976512	-0.0351329356532	-0.00478353655994	-0.0403961856005	0.025525788048	-0.0601787838664	0.00893490086479	-0.0640761275114	-0.0635607917525	-0.0574000493561	-0.022857354297	-0.0187027189252	0.0358588759091	-0.0110800239105	-0.0609180312562	-0.0676172194803	-0.0712175901473	-0.045112145334	0.0418353511678	0.0191399266604	-0.0403754798588	0.00916876330776	0.00870068195723	-0.0379271053657	0.0555148293052	-0.00786729486376
