#taxonomy	k__Bacteria;p__Bacteroidetes;c__Bacteroidia;o__Bacteroidales;f__Bacteroidaceae;g__Bacteroides;s__Bacteroides_vulgatus	k__Bacteria;p__Bacteroidetes;c__Bacteroidia;o__Bacteroidales;f__Bacteroidaceae;g__Bacteroides;s__Bacteroides_uniformis	k__Bacteria;p__Bacteroidetes;c__Bacteroidia;o__Bacteroidales;f__Rikenellaceae;g__Alistipes;s__Alistipes_putredinis	k__Bacteria;p__Bacteroidetes;c__Bacteroidia;o__Bacteroidales;f__Prevotellaceae;g__Prevotella;s__Prevotella_copri	k__Bacteria;p__Bacteroidetes;c__Bacteroidia;o__Bacteroidales;f__Bacteroidaceae;g__Bacteroides;s__Bacteroides_stercoris	k__Bacteria;p__Bacteroidetes;c__Bacteroidia;o__Bacteroidales;f__Bacteroidaceae;g__Bacteroides;s__Bacteroides_ovatus	k__Bacteria;p__Bacteroidetes;c__Bacteroidia;o__Bacteroidales;f__Rikenellaceae;g__Alistipes;s__Alistipes_shahii	k__Bacteria;p__Firmicutes;c__Clostridia;o__Clostridiales;f__Ruminococcaceae;g__Faecalibacterium;s__Faecalibacterium_prausnitzii	k__Bacteria;p__Bacteroidetes;c__Bacteroidia;o__Bacteroidales;f__Rikenellaceae;g__Alistipes;s__Alistipes_finegoldii	k__Bacteria;p__Bacteroidetes;c__Bacteroidia;o__Bacteroidales;f__Porphyromonadaceae;g__Parabacteroides;s__Parabacteroides_distasonis	k__Bacteria;p__Bacteroidetes;c__Bacteroidia;o__Bacteroidales;f__Bacteroidaceae;g__Bacteroides;s__Bacteroides_thetaiotaomicron	k__Bacteria;p__Bacteroidetes;c__Bacteroidia;o__Bacteroidales;f__Bacteroidaceae;g__Bacteroides;s__Bacteroides_coprocola	k__Bacteria;p__Bacteroidetes;c__Bacteroidia;o__Bacteroidales;f__Bacteroidaceae;g__Bacteroides;s__Bacteroides_cellulosilyticus	k__Bacteria;p__Bacteroidetes;c__Bacteroidia;o__Bacteroidales;f__Rikenellaceae;g__Alistipes;s__Alistipes_obesi	k__Bacteria;p__Firmicutes;c__Clostridia;o__Clostridiales;f__Lachnospiraceae;g__;s__[Eubacterium]_rectale	k__Bacteria;p__Bacteroidetes;c__Bacteroidia;o__Bacteroidales;f__Bacteroidaceae;g__Bacteroides;s__Bacteroides_plebeius	k__Bacteria;p__Bacteroidetes;c__Bacteroidia;o__Bacteroidales;f__Bacteroidaceae;g__Bacteroides;s__Bacteroides_fragilis	k__Bacteria;p__Proteobacteria;c__Betaproteobacteria;o__Burkholderiales;f__Sutterellaceae;g__Sutterella;s__Sutterella_wadsworthensis	k__Bacteria;p__Bacteroidetes;c__Bacteroidia;o__Bacteroidales;f__Porphyromonadaceae;g__Barnesiella;s__Barnesiella_intestinihominis	k__Bacteria;p__Bacteroidetes;c__Bacteroidia;o__Bacteroidales;f__Odoribacteraceae;g__Odoribacter;s__Odoribacter_splanchnicus	k__Bacteria;p__Bacteroidetes;c__Bacteroidia;o__Bacteroidales;f__Bacteroidaceae;g__Bacteroides;s__Bacteroides_salyersiae	k__Bacteria;p__Firmicutes;c__Clostridia;o__Clostridiales;f__Ruminococcaceae;g__Ruminiclostridium;s__[Eubacterium]_siraeum	k__Bacteria;p__Proteobacteria;c__Betaproteobacteria;o__Burkholderiales;f__Sutterellaceae;g__Parasutterella;s__Parasutterella_excrementihominis	k__Bacteria;p__Actinobacteria;c__Actinobacteria;o__Bifidobacteriales;f__Bifidobacteriaceae;g__Bifidobacterium;s__Bifidobacterium_adolescentis	k__Bacteria;p__Firmicutes;c__Clostridia;o__Clostridiales;f__Oscillospiraceae;g__Oscillibacter;s__Oscillibacter_sp._KLE_1745	k__Bacteria;p__Bacteroidetes;c__Bacteroidia;o__Bacteroidales;f__Bacteroidaceae;g__Bacteroides;s__Bacteroides_coprophilus	k__Bacteria;p__Firmicutes;c__Clostridia;o__Clostridiales;f__Lachnospiraceae;g__Roseburia;s__Roseburia_intestinalis	k__Bacteria;p__Firmicutes;c__Clostridia;o__Clostridiales;f__Lachnospiraceae;g__Roseburia;s__Roseburia_hominis	k__Bacteria;p__Bacteroidetes;c__Bacteroidia;o__Bacteroidales;f__Porphyromonadaceae;g__Parabacteroides;s__Parabacteroides_johnsonii	k__Bacteria;p__Actinobacteria;c__Actinobacteria;o__Bifidobacteriales;f__Bifidobacteriaceae;g__Bifidobacterium;s__Bifidobacterium_longum	k__Bacteria;p__Firmicutes;c__Clostridia;o__Clostridiales;f__;g__Flavonifractor;s__Flavonifractor_plautii	k__Bacteria;p__Firmicutes;c__Clostridia;o__Clostridiales;f__Clostridiaceae;g__Clostridium;s__Clostridium_phoceensis	k__Bacteria;p__Verrucomicrobia;c__Verrucomicrobiae;o__Verrucomicrobiales;f__Akkermansiaceae;g__Akkermansia;s__Akkermansia_muciniphila	k__Bacteria;p__Bacteroidetes;c__Bacteroidia;o__Bacteroidales;f__Prevotellaceae;g__Paraprevotella;s__Paraprevotella_xylaniphila	k__Bacteria;p__Firmicutes;c__Clostridia;o__Clostridiales;f__Ruminococcaceae;g__Ruminococcus;s__Ruminococcus_callidus	k__Bacteria;p__Bacteroidetes;c__Bacteroidia;o__Bacteroidales;f__Rikenellaceae;g__Alistipes;s__Alistipes_senegalensis	k__Bacteria;p__Firmicutes;c__Clostridia;o__Clostridiales;f__Lachnospiraceae;g__Blautia;s__Blautia_sp._KLE_1732	k__Bacteria;p__Bacteroidetes;c__Bacteroidia;o__Bacteroidales;f__Bacteroidaceae;g__Bacteroides;s__Bacteroides_oleiciplenus	k__Bacteria;p__Firmicutes;c__Clostridia;o__Clostridiales;f__Ruminococcaceae;g__Ruminococcus;s__Ruminococcus_bicirculans	k__Bacteria;p__Bacteroidetes;c__Bacteroidia;o__Bacteroidales;f__Bacteroidaceae;g__Bacteroides;s__Bacteroides_fluxus	k__Bacteria;p__Bacteroidetes;c__Bacteroidia;o__Bacteroidales;f__Prevotellaceae;g__Prevotella;s__Prevotella_stercorea	k__Bacteria;p__Firmicutes;c__Clostridia;o__Clostridiales;f__Lachnospiraceae;g__Dorea;s__Dorea_longicatena	k__Bacteria;p__Firmicutes;c__Clostridia;o__Clostridiales;f__Eubacteriaceae;g__Eubacterium;s__[Eubacterium]_eligens	k__Bacteria;p__Firmicutes;c__Clostridia;o__Clostridiales;f__Ruminococcaceae;g__;s__Ruminococcaceae_bacterium_D16	k__Bacteria;p__Firmicutes;c__Clostridia;o__Clostridiales;f__Lachnospiraceae;g__Coprococcus;s__Coprococcus_comes	k__Bacteria;p__Proteobacteria;c__Gammaproteobacteria;o__Enterobacterales;f__Enterobacteriaceae;g__Escherichia;s__Escherichia_coli	k__Bacteria;p__Firmicutes;c__Clostridia;o__Clostridiales;f__Ruminococcaceae;g__Anaerotruncus;s__Anaerotruncus_colihominis	k__Bacteria;p__Firmicutes;c__Clostridia;o__Clostridiales;f__Lachnospiraceae;g__Blautia;s__Blautia_obeum	k__Bacteria;p__Bacteroidetes;c__Bacteroidia;o__Bacteroidales;f__Odoribacteraceae;g__Odoribacter;s__Odoribacter_laneus	k__Bacteria;p__Firmicutes;c__Clostridia;o__Clostridiales;f__Ruminococcaceae;g__Ruminiclostridium;s__[Clostridium]_leptum	k__Bacteria;p__Bacteroidetes;c__Bacteroidia;o__Bacteroidales;f__Porphyromonadaceae;g__Parabacteroides;s__Parabacteroides_goldsteinii	k__Bacteria;p__Firmicutes;c__Clostridia;o__Clostridiales;f__Lachnospiraceae;g__Anaerostipes;s__Anaerostipes_hadrus	k__Bacteria;p__Firmicutes;c__Clostridia;o__Clostridiales;f__Ruminococcaceae;g__Ruminococcus;s__Ruminococcus_lactaris	k__Bacteria;p__Firmicutes;c__Clostridia;o__Clostridiales;f__Clostridiaceae;g__Clostridium;s__Clostridium_sp._L2-50	k__Bacteria;p__Firmicutes;c__Clostridia;o__Clostridiales;f__Clostridiaceae;g__Clostridium;s__Clostridium_sp._M62/1	k__Bacteria;p__Firmicutes;c__Clostridia;o__Clostridiales;f__;g__Intestinimonas;s__Intestinimonas_butyriciproducens	k__Bacteria;p__Actinobacteria;c__Actinobacteria;o__Bifidobacteriales;f__Bifidobacteriaceae;g__Bifidobacterium;s__Bifidobacterium_bifidum	k__Bacteria;p__Firmicutes;c__Negativicutes;o__Veillonellales;f__Veillonellaceae;g__Dialister;s__Dialister_invisus	k__Bacteria;p__Bacteroidetes;c__Bacteroidia;o__Bacteroidales;f__Bacteroidaceae;g__Bacteroides;s__Bacteroides_salanitronis
k__Bacteria;p__Bacteroidetes;c__Bacteroidia;o__Bacteroidales;f__Bacteroidaceae;g__Bacteroides;s__Bacteroides_vulgatus	1.0	0.0263938189826	0.00716142852503	-0.0567652368652	0.0584064387886	-0.0104209212522	0.0204468531538	-0.0445779967827	0.0493805504313	-0.05192543388	0.0797951240874	0.02427851112	-0.0010564354497	0.0202500704438	-0.0877997866272	-0.0867062057439	-0.0342014201943	0.019083870454	-0.0539766491222	0.0511242720916	-0.0014128722005	-0.034041858847	0.00025150596633	0.0217344016672	0.0120593146091	-0.0171977177682	0.052934410839	0.00844600109976	-0.0471497233557	-0.00238305323724	0.0170001585991	-0.0439700407813	0.0386707100883	-0.0123859916631	-0.0129166389161	-0.0324606344044	-0.0405337140653	-0.00284487898023	-0.0168748951229	0.00784439545291	-0.0356055286721	0.00662369159597	0.00877292829607	0.034370503957	0.0182383463724	-0.0250407795163	-0.0460322163715	0.0217830395076	0.0163333265752	0.0359563763061	0.0387251159643	0.0225532345184	-0.00588625915168	-0.0686845285845	-0.00924378171559	0.0150582433041	-0.00497861117314	-0.0188115751444	-0.0383054608697
k__Bacteria;p__Bacteroidetes;c__Bacteroidia;o__Bacteroidales;f__Bacteroidaceae;g__Bacteroides;s__Bacteroides_uniformis	0.0263938189826	1.0	-0.0290722410912	0.0019991967992	0.0299283599988	-0.0106955337018	0.0288431675315	0.00106807268549	0.0689314635848	-0.0607905609795	-0.0378983283874	-0.0272250286189	0.0070754488273	-0.00790944051659	0.0407521367313	0.0204810347608	0.0181840752313	-0.00931114621009	-0.0357204850883	-0.0266295241385	-0.0484185348485	-0.0438368269857	-0.00653946427809	-0.0157456022498	0.0179269804905	0.0196376869474	-0.0198976956361	0.031461462892	-0.00372787670266	-0.0290162274044	0.00804347948346	0.0445266001608	-0.0348160748293	-0.00528061151363	-0.039272227964	0.0337119371463	0.0357152297286	-0.0669021522436	-0.00643440886428	-0.0669661039675	0.017876415301	-0.0673508504226	-0.0729365300287	-0.0148390168512	0.037942943988	0.0528188615658	-0.0504941693582	-0.04586748696	-0.0229977790866	0.0214793988919	0.00822066019448	0.021635256011	-0.0327067483481	-0.0206102903559	0.0122586496435	0.00673028886035	0.000511114164191	0.0539541964066	-0.0171458219994
k__Bacteria;p__Bacteroidetes;c__Bacteroidia;o__Bacteroidales;f__Rikenellaceae;g__Alistipes;s__Alistipes_putredinis	0.00716142852503	-0.0290722410912	1.0	-0.00809056301239	-0.0459344243288	0.0130287822164	0.00335966692542	0.0162986527648	-0.0384955065217	-0.0290532517118	-0.0205857084408	-0.0219378868175	0.00030940234434	0.0387475950996	0.0164266670715	0.028906441397	0.0386147892349	0.0385220196577	0.0345498920755	-0.0351205062336	-0.0443524405334	-0.00942474090094	-0.0261350193569	0.0419146730058	-0.00807036378877	0.0237153636774	-0.0552793395319	0.0238401731732	0.0409393171802	-0.049260212471	0.00379043960068	0.0029727121091	0.00639119115057	0.00686380330672	-0.0126559879127	-0.0295560927289	0.0122538596366	-0.017079495124	0.0164720513156	0.00765660867541	-0.0572080332944	-0.0121446787949	0.0556985995853	-0.0137826131599	-0.00774964816193	0.0511584192135	-0.0455342912372	-0.0936764196488	0.0460754901203	0.000486779310626	-0.0631517893847	-0.0244130249537	0.0313011439725	-0.00675208276598	0.0263664758909	0.00158424757682	-0.00991565475307	0.0160190314757	-0.0153177112573
k__Bacteria;p__Bacteroidetes;c__Bacteroidia;o__Bacteroidales;f__Prevotellaceae;g__Prevotella;s__Prevotella_copri	-0.0567652368652	0.0019991967992	-0.00809056301239	1.0	-0.0231286505394	3.45498665485e-05	-0.072626197804	-0.0524295781294	-0.0355553526018	-0.0428643299897	0.0458312921429	-0.0240850605579	-0.0230845785631	0.0561998839739	-0.0444358250672	-0.0965054594596	-0.0142719072208	0.0411492037745	-0.0716625868848	0.0175064437227	-0.0429873993053	0.0227559066347	0.0531289450977	0.0468958695334	-0.101160617292	0.0280773117571	-0.00159172829401	0.0395027757532	-0.0233194850731	-0.0227427050421	-0.0120905663496	0.0190397053004	0.0221504833224	0.0306853450174	0.00243619691271	-0.0685066556423	-0.00842895013806	0.0136461506877	-0.00193744537122	0.0828308646581	0.00656587687568	0.0121181891212	-0.017367481277	-0.0584335134772	0.0179263051549	-0.0286396259424	0.00560910498534	0.020551807456	0.0031888300403	0.029734092329	-0.0400263635437	-0.086921859675	-0.00853248611377	0.0305488661315	0.0368360429995	-0.0170492151601	-0.0362247386278	-0.0182477439429	0.0396715007333
k__Bacteria;p__Bacteroidetes;c__Bacteroidia;o__Bacteroidales;f__Bacteroidaceae;g__Bacteroides;s__Bacteroides_stercoris	0.0584064387886	0.0299283599988	-0.0459344243288	-0.0231286505394	1.0	0.0385931235683	0.0153076175754	-0.00383594662764	-0.0102974890497	0.00675233489517	0.0302839849987	0.00895287868355	-0.0207240375071	0.00161970296346	-0.0557458284358	0.0165330016387	-0.0191515219076	0.00568975024384	0.00767145040959	-0.015101296466	-0.0739778131445	-0.0245291680458	0.00636603963633	0.00518665105461	0.0593483044114	0.0243499052639	-0.0123090416807	0.00820765035207	-0.00169257400699	0.0141979716388	-0.0153771907101	-0.00987366202389	-0.0422493374081	0.00676857259406	0.0123314327909	-0.0951343791038	-0.0109142672358	-0.0211031173835	0.0083223215286	0.013977888925	0.0275264829954	-0.0160080612054	-0.0405011299821	0.00612953296918	-0.00170539588747	0.00109746641981	-0.0206244301286	-0.085829798912	0.0499564945414	0.0497658672143	0.00538852029073	0.0802688804289	-0.0124135698792	-0.0103981401298	-0.015857582804	0.0110876434091	0.0345914243425	0.0334246482075	-0.0644221916593
k__Bacteria;p__Bacteroidetes;c__Bacteroidia;o__Bacteroidales;f__Bacteroidaceae;g__Bacteroides;s__Bacteroides_ovatus	-0.0104209212522	-0.0106955337018	0.0130287822164	3.45498665484e-05	0.0385931235683	1.0	-0.0292440385359	-0.0149397685353	-0.0116152517957	0.0285831690597	0.00763562027281	-0.00963932528245	0.0565580027025	0.00886489051151	-0.0712818749007	-0.0130541392691	-0.111116995428	0.00668720549639	0.00883712566386	-0.0550572877958	0.0147597306722	0.023055290856	0.0141858298981	-0.0271050987126	-0.040333851774	0.000351730660048	-0.0328072053479	-0.00638487229731	-0.0511439982453	0.0239581379964	0.0369184567414	0.035485541477	0.020390288769	-0.0523594797478	0.00191731437479	0.0154020773782	0.0416960228277	0.0801816443239	-0.0303965974487	-0.0695946208843	0.0811134968486	-0.0585621230533	0.0377092789492	-0.0370111885279	-0.0320691179786	-0.0306550869356	-0.011229781446	0.0168369855542	-0.0650798729923	-0.0278791899079	-0.0129279550892	-0.000325632151708	-0.0595945415958	0.0545559486755	-0.000976139616295	0.0192073922143	-0.00442430066738	0.0418493189	-0.0146558108152
k__Bacteria;p__Bacteroidetes;c__Bacteroidia;o__Bacteroidales;f__Rikenellaceae;g__Alistipes;s__Alistipes_shahii	0.0204468531538	0.0288431675315	0.00335966692542	-0.072626197804	0.0153076175754	-0.0292440385359	1.0	-0.00918656026003	-0.00339369295969	-0.00535481719468	0.0506237763376	0.0097952977117	-0.0922344226466	0.0264084322874	-0.0190582436147	0.00243510606027	0.029254026629	-0.0295768639646	0.00203806832095	0.0292832871982	-0.0288696104684	-0.00549892192539	-0.0192261543426	0.0129508906178	0.0242595506913	0.0195704107194	0.0259155368186	-0.01629820338	0.0504560826308	-0.0783019628374	0.0097512652691	-0.0241968778485	0.0100398524843	-0.0284279374881	-0.0960498817189	0.0113299425385	-0.0442529225355	-0.0249950887929	-0.0196511194282	-0.00950775675971	-0.00542523759551	-0.0476464346362	0.0144269571871	-0.0391234166959	0.0518562674242	-0.0398600206079	-0.0750056269112	0.0306948173512	-0.0230888483928	0.0362936291222	-0.0626336768725	0.0218451837168	0.04286597711	-0.0537610265501	0.0673874748267	-0.0556597505178	-0.0280966087326	0.0140275996267	-0.0013213933022
k__Bacteria;p__Firmicutes;c__Clostridia;o__Clostridiales;f__Ruminococcaceae;g__Faecalibacterium;s__Faecalibacterium_prausnitzii	-0.0445779967827	0.00106807268549	0.0162986527648	-0.0524295781294	-0.00383594662764	-0.0149397685353	-0.00918656026003	1.0	-0.0166486605932	0.0773779260524	0.0277794522804	0.0141778727913	-0.0554553713507	-0.00970136319963	-0.018252423251	0.00518227296498	-0.0184182472366	-0.0796487065635	-0.048279397307	-0.0283978425714	0.0158157548782	0.00210283131033	-0.00437744743032	0.0107255479789	0.0146901036837	-0.0145515073481	-0.00735826286827	-0.0274272011654	-0.0282389851262	0.0140733309009	0.00290919393922	-0.0352787910356	-0.0496132342751	0.0141258054899	-0.077893665539	0.0414937709422	0.00285776031054	0.00202819474853	-0.00401571642522	0.00171625796561	-0.0848488916079	-0.0160218807592	-0.0287186311417	-0.00205188103075	-0.00586026575672	-0.0215386481104	0.0716473976843	0.0310334907168	0.0472454184046	-0.030885962068	-0.0420204272839	0.00940269626741	-0.0306125433042	0.055389852257	-0.0282858439362	-0.047865161907	0.0863401500812	-0.0221105550099	-0.00925705509479
k__Bacteria;p__Bacteroidetes;c__Bacteroidia;o__Bacteroidales;f__Rikenellaceae;g__Alistipes;s__Alistipes_finegoldii	0.0493805504313	0.0689314635848	-0.0384955065217	-0.0355553526018	-0.0102974890497	-0.0116152517957	-0.00339369295969	-0.0166486605932	1.0	0.0672154950887	0.00656409024792	-0.0165164441544	0.000255302046743	-0.0480752437065	-0.00429677185097	-0.0493511907715	-0.0342080356144	0.000306098563582	-0.0350309637874	0.00589214283586	0.00779824034127	-0.0487191065896	-0.046770910503	0.021887889373	-0.026824547149	0.0117342401682	-0.0196812072637	-0.0759710438736	0.0854821456152	0.0106317914086	-5.38648631539e-05	-0.0248969003449	0.054777466711	-0.0124961699661	-0.0173799543683	0.0396191561103	0.0250120997885	0.0614002144882	0.0320397939507	-0.0291275860424	-0.0422277322261	-0.0677124428146	0.0193021664423	0.0627745188516	0.0128285016194	0.0125553699052	0.000860963296998	-0.0151510017144	-0.035759259527	0.044059808097	-0.00653498114659	0.0243004041175	-0.0436169434278	-0.000184851134804	-0.0443422198757	-0.000634690267946	-0.0104091057317	-0.0253179695586	-0.0209000917678
k__Bacteria;p__Bacteroidetes;c__Bacteroidia;o__Bacteroidales;f__Porphyromonadaceae;g__Parabacteroides;s__Parabacteroides_distasonis	-0.05192543388	-0.0607905609795	-0.0290532517118	-0.0428643299897	0.00675233489517	0.0285831690597	-0.00535481719468	0.0773779260524	0.0672154950887	1.0	-0.0939927816041	0.0546888478292	-0.122089836953	0.011928748031	-0.0272151120991	0.0157629790676	0.00647955623018	0.0410771170403	0.0114290191326	-0.0287732445851	-0.00379926282195	-0.01254505261	0.0279677313207	-0.0164821976328	0.039514579281	-0.0990970201939	-0.0159478143112	0.0285496246354	0.0328055993451	-0.000250032660621	0.0544671195223	0.0148943556115	-0.0534493644791	-0.0411446706111	-0.0240883908601	0.0688116731865	-0.0148471424389	-0.0195807182873	-0.0720850282152	-0.0553817525215	-0.0351643125931	0.0279611482323	-0.00380446685362	-0.0846017918913	0.0108385785195	-0.0015351970303	-0.0443944924831	0.0359505129785	0.0209531225395	0.0429934474363	-0.0475195317305	-0.0281020889466	0.00877336544034	-0.0373428130773	0.0279909755728	-0.0112141125507	0.0899430321999	0.0107355215037	0.0455372611371
k__Bacteria;p__Bacteroidetes;c__Bacteroidia;o__Bacteroidales;f__Bacteroidaceae;g__Bacteroides;s__Bacteroides_thetaiotaomicron	0.0797951240874	-0.0378983283874	-0.0205857084408	0.0458312921429	0.0302839849987	0.00763562027281	0.0506237763376	0.0277794522804	0.00656409024792	-0.0939927816041	1.0	-0.00322501708228	0.00639042445993	-0.0364006219894	-0.0617461741868	-0.0268106105528	-0.000521982991427	-0.015440278197	-0.00554746109747	-0.0473258784924	-0.0255587802477	-0.0196226637912	-0.0891641326639	0.0102681509365	-0.0293116087546	-0.0194751256293	-0.052726660611	-0.042435538408	0.0250559285422	-0.0267466367542	0.00469152992279	-0.025061096271	0.0515089240628	-0.013774371477	0.0114736518035	-0.00592137460384	-0.0556140263818	0.0151192120337	-0.0460142871174	-0.0542130180206	-0.0116135121491	-0.0319347648828	0.044666199721	0.0518295642102	-0.0650325686436	0.0433893544752	0.0179471262217	-0.0724751559309	-0.00747587234193	0.0110198184086	0.0134503713431	-0.0232527210329	-0.00722752662412	0.00298975340678	0.0404028618069	0.0230615302476	-0.080957910952	0.0145507574532	-0.00355374169247
k__Bacteria;p__Bacteroidetes;c__Bacteroidia;o__Bacteroidales;f__Bacteroidaceae;g__Bacteroides;s__Bacteroides_coprocola	0.02427851112	-0.0272250286189	-0.0219378868175	-0.0240850605579	0.00895287868355	-0.00963932528245	0.0097952977117	0.0141778727913	-0.0165164441544	0.0546888478292	-0.00322501708228	1.0	-0.0667610089733	-0.01344981794	0.003865807999	-0.0367263178449	-0.0556353488345	-0.0200177177899	0.00920233339571	0.0190456671172	0.0210256231727	0.00827350158563	0.0251951765787	0.0150000579736	0.011569250711	0.00305393171596	-0.0946042224006	0.0291957613228	0.0294499246992	-0.0185620091165	-0.0432697855175	-0.0290099921331	0.0270943416813	0.0109075221749	-0.0527843675317	0.00126940474354	-0.0198757626885	0.0539972994637	0.0242811346473	-0.0612169701551	0.011354009617	-0.0030593989007	0.0524865636272	-0.0244617163762	-0.0396165819891	0.0713934035831	0.00896808590082	-0.0201847305149	-0.0363166508204	-0.0112316307872	-0.0172581589047	-0.0689769982722	-0.0359497786836	-0.0112508622965	-0.0247777493913	-0.0451133696353	0.00451672934949	-0.0611064760479	0.0205255842747
k__Bacteria;p__Bacteroidetes;c__Bacteroidia;o__Bacteroidales;f__Bacteroidaceae;g__Bacteroides;s__Bacteroides_cellulosilyticus	-0.0010564354497	0.0070754488273	0.00030940234434	-0.0230845785631	-0.0207240375071	0.0565580027025	-0.0922344226466	-0.0554553713507	0.000255302046743	-0.122089836953	0.00639042445993	-0.0667610089733	1.0	-0.106153546276	-0.0471736185505	-0.0564547546363	-0.0289900807976	-0.0548321552816	-0.0120031026353	-0.0234183177642	-0.00338740452839	0.0367978355523	-0.0227724914815	-0.0486430333351	-0.0433409231034	0.0035783702781	0.0620164640745	-0.0800075879476	0.010688880274	0.0564127924963	0.0534357925847	-0.102345683433	-0.0563609155956	0.0344351351243	0.0415151652282	-0.0309051533223	0.0119208827708	-0.0321235223941	0.0525072303177	0.033814863583	0.00704392274834	-0.00119608949638	-0.0298432762978	-0.000505984272096	0.000150640052539	0.00217048267332	-0.0156319634519	0.0195724945278	-0.00201802840326	0.00615949390238	0.0865825907476	0.0511765266498	-0.0570874312137	-0.0415315213591	-0.00702905923795	0.0105596243186	-0.0129618802915	-0.0283280091628	0.0301668713323
k__Bacteria;p__Bacteroidetes;c__Bacteroidia;o__Bacteroidales;f__Rikenellaceae;g__Alistipes;s__Alistipes_obesi	0.0202500704438	-0.00790944051659	0.0387475950996	0.0561998839739	0.00161970296346	0.00886489051151	0.0264084322874	-0.00970136319963	-0.0480752437065	0.011928748031	-0.0364006219894	-0.01344981794	-0.106153546276	1.0	-0.00640959225482	0.0203627662557	0.0254164817001	0.0543101404586	-0.0141173447282	0.0109469263817	-0.0807835032078	0.0419086148054	0.0134949288348	0.0197811372595	-0.00741439818097	-0.0738204784543	0.0560706731787	0.0202700382904	0.0105692016917	0.0259037488403	0.00159045954099	0.0496938267823	-0.0284547677351	-0.00996585799767	0.00643176894539	-0.0391749868516	-0.0301949535535	0.0420577777809	-0.0123730746638	-0.00363670668729	0.0347387851645	0.0189606534746	0.038154857263	-0.0582171759492	-0.0221048501251	-0.013843226933	-0.00535198796258	0.037240031909	0.0100840836415	0.0108616327008	0.00776784151024	-0.0390131891934	-0.0255785202789	-0.061553589306	-0.0576000889524	0.0433265990999	-0.00379058975203	-0.0344918760194	-0.055165364822
k__Bacteria;p__Firmicutes;c__Clostridia;o__Clostridiales;f__Lachnospiraceae;g__;s__[Eubacterium]_rectale	-0.0877997866272	0.0407521367313	0.0164266670715	-0.0444358250672	-0.0557458284358	-0.0712818749007	-0.0190582436147	-0.018252423251	-0.00429677185097	-0.0272151120991	-0.0617461741868	0.003865807999	-0.0471736185505	-0.00640959225482	1.0	0.0591060002957	-0.0412894846912	0.0445103645931	-0.0162450500133	0.00441266127561	0.0388434981252	-0.00423316004179	0.0282781485208	-0.018359223694	0.0207797227364	-0.0154290300096	-0.0721021313017	-0.056724237351	-0.0195003504843	0.0694063979746	0.015077229056	0.0219117285128	0.025753946129	0.0411290884069	0.00466328476287	-0.0434632108404	-0.0366293532582	-0.0201698552405	-0.0277829153202	-0.0237871117861	-0.0263408661391	-0.0102111386756	0.0335690530252	-0.0221223325219	-0.0317285875866	-0.0372434609154	0.00237008433292	0.00977365625354	0.0425234552434	-0.0501305196685	0.0204374797834	-0.0308014293933	0.000791628680357	0.0552549497591	-0.0872167491239	-0.0146710927809	0.0441354442509	0.00294785188318	-0.066166690917
k__Bacteria;p__Bacteroidetes;c__Bacteroidia;o__Bacteroidales;f__Bacteroidaceae;g__Bacteroides;s__Bacteroides_plebeius	-0.0867062057439	0.0204810347608	0.028906441397	-0.0965054594596	0.0165330016387	-0.0130541392691	0.00243510606027	0.00518227296498	-0.0493511907715	0.0157629790676	-0.0268106105528	-0.0367263178449	-0.0564547546363	0.0203627662557	0.0591060002957	1.0	-0.0244015924086	0.014520529487	0.0331544001264	0.00156213959527	-0.0135262841496	0.0142630045417	0.0429316237652	0.000458855440711	0.051105620106	0.0409646456823	0.0208396858509	-0.0294667722466	0.0580244377516	0.0337053533792	-0.0128300797094	-0.0504866117741	-0.0274939576715	-0.0361864530835	0.019300951733	-0.0129651082498	-0.0201780681034	0.0135494116884	-0.0548449313038	-0.0357038727874	-0.00758850211278	-0.0112996631554	0.00182169596943	-0.041637034519	0.0290042932804	-0.0392172220203	-0.0221451101189	-0.0559544909108	0.0143983961106	-0.0582730960541	-0.0223561336848	0.0288651636245	0.00689103044493	0.0278225847415	-0.0244015888378	0.0160817399738	0.0256611895753	-0.0317465496118	-0.000508062461149
k__Bacteria;p__Bacteroidetes;c__Bacteroidia;o__Bacteroidales;f__Bacteroidaceae;g__Bacteroides;s__Bacteroides_fragilis	-0.0342014201943	0.0181840752313	0.0386147892349	-0.0142719072208	-0.0191515219076	-0.111116995428	0.029254026629	-0.0184182472366	-0.0342080356144	0.00647955623018	-0.000521982991427	-0.0556353488345	-0.0289900807976	0.0254164817001	-0.0412894846912	-0.0244015924086	1.0	-0.0173632378687	0.0542403109059	-0.0127247861213	0.0164245727142	-0.0313418163763	-0.0423879151365	-0.068885621175	-0.00391145762675	0.00325377663124	-0.0311340657034	0.0230811641866	-0.0412877567846	-0.0253069417357	-0.00301572753039	0.0139389562291	-0.0335150555734	-0.0471424521005	0.0403887060484	0.0927226144676	-0.0366805932997	-0.0707746040899	-0.0250678964944	0.0532883196051	-0.0298183244162	-0.00395601214736	0.0353242348259	0.00959251150436	0.0235844510953	-0.0166922569587	-0.0446496134211	0.00544850753106	-0.0304858913157	0.0473068881496	0.0117848610188	-0.00756517425681	0.0437481011312	0.0193259658841	-0.0478572824419	-0.0378165810734	0.0330145852587	0.0232102375564	0.0245686186658
k__Bacteria;p__Proteobacteria;c__Betaproteobacteria;o__Burkholderiales;f__Sutterellaceae;g__Sutterella;s__Sutterella_wadsworthensis	0.019083870454	-0.00931114621009	0.0385220196577	0.0411492037745	0.00568975024384	0.00668720549639	-0.0295768639646	-0.0796487065635	0.000306098563582	0.0410771170403	-0.015440278197	-0.0200177177899	-0.0548321552816	0.0543101404586	0.0445103645931	0.014520529487	-0.0173632378687	1.0	-0.0180046855994	-0.00588538251839	-0.000914751058023	0.0106488905081	0.0712134719474	0.00868605579245	-0.0199353316049	-0.0304987068426	-0.0691833910692	0.0378975342766	-0.0287495235561	0.00300953744999	-0.0270584348028	0.0398152510776	-0.0163171041623	0.0204820194014	-0.00514284062134	-0.0436955726735	-0.0326159874759	-0.00553222386423	0.0407920799208	-0.0485114510108	0.00819884656035	-0.0741628042651	-0.0339709911442	-0.0130468416177	-0.0135447524714	-0.00600113983257	0.00649329177104	-0.006360413998	-0.0482793662207	-0.00480649941881	-0.00902587312024	-0.0170964725685	-0.0117093279973	-0.0507614951302	0.000389560081667	-0.0230675790366	-0.0973350976612	0.0168221817269	-0.0187406147948
k__Bacteria;p__Bacteroidetes;c__Bacteroidia;o__Bacteroidales;f__Porphyromonadaceae;g__Barnesiella;s__Barnesiella_intestinihominis	-0.0539766491222	-0.0357204850883	0.0345498920755	-0.0716625868848	0.00767145040958	0.00883712566386	0.00203806832095	-0.048279397307	-0.0350309637874	0.0114290191326	-0.00554746109747	0.00920233339571	-0.0120031026353	-0.0141173447282	-0.0162450500133	0.0331544001264	0.0542403109059	-0.0180046855994	1.0	-0.0188945672976	-0.0170383707678	-0.096366287216	-0.0260482996667	-0.0417386421359	0.00161048102584	0.0150945607576	-0.0207270229377	-0.0285004906189	0.0130775006883	-0.0124007137674	-0.00492404741711	0.0762543226539	0.00286161464512	-0.0384947369011	-0.0329853963086	-0.0231966349051	0.0072513983737	-2.99230533651e-05	-0.0323328728248	0.0270318035552	0.0394994741829	-0.0350518814773	-0.00282329484068	-0.0133869174466	-0.00122305312765	0.0561891509194	0.0598562034101	0.0111669764521	-0.0263321236247	-0.0162951110074	-0.0461307720746	-0.0089602423698	0.00592793913016	-0.00748610966067	-0.0387502671432	0.00601958136461	0.0198792046716	-0.0740850509911	-0.0311717848857
k__Bacteria;p__Bacteroidetes;c__Bacteroidia;o__Bacteroidales;f__Odoribacteraceae;g__Odoribacter;s__Odoribacter_splanchnicus	0.0511242720916	-0.0266295241385	-0.0351205062336	0.0175064437227	-0.015101296466	-0.0550572877958	0.0292832871982	-0.0283978425714	0.00589214283586	-0.0287732445851	-0.0473258784924	0.0190456671172	-0.0234183177642	0.0109469263817	0.00441266127561	0.00156213959527	-0.0127247861213	-0.00588538251839	-0.0188945672976	1.0	-0.0018997424273	0.0467100909141	0.00433389511002	-0.00380898757805	-0.000333089166732	-0.00447078892169	0.00376627427144	0.0311745135609	-0.0568120786599	-0.0241518645683	-0.0105397489392	-0.0556711823105	-0.0206170192817	0.0505145782995	0.0252691006315	-0.0318039150335	-0.0163804082068	0.00581931912415	-0.0177141223156	-0.0329656668465	-0.0103264429579	0.0397622685185	0.0248157832385	-0.00986027459466	-0.0588018952652	0.0366012000148	-0.00153423802209	0.000222128959162	-0.0155496698517	0.0359627248503	-0.0111101629126	-0.0326766734571	-0.0187393966291	-0.0683666831848	-0.0274403312832	0.0140087652107	-0.0306355034444	-0.0825297997819	0.0212462648302
k__Bacteria;p__Bacteroidetes;c__Bacteroidia;o__Bacteroidales;f__Bacteroidaceae;g__Bacteroides;s__Bacteroides_salyersiae	-0.0014128722005	-0.0484185348485	-0.0443524405334	-0.0429873993053	-0.0739778131445	0.0147597306722	-0.0288696104684	0.0158157548782	0.00779824034127	-0.00379926282195	-0.0255587802477	0.0210256231727	-0.00338740452839	-0.0807835032078	0.0388434981252	-0.0135262841496	0.0164245727142	-0.000914751058023	-0.0170383707678	-0.0018997424273	1.0	-0.0303606764249	-0.0506659488702	-0.0647025823259	-0.0323243282555	-0.0443318836181	0.0262575054683	-0.056920992068	0.0422482837571	0.00750892188857	0.0366049721596	0.0430939287371	-0.0170729995726	0.0207844390571	0.0544158470256	-0.0643554365191	0.00852428454669	0.0469446088329	0.0621119544925	0.0173575295658	-0.0258716440132	-0.0154010647344	-0.0575171262633	-0.00441289311582	-0.0376139748988	-0.0331475317493	-0.0174921742986	0.0169847010369	0.0259394082594	-0.0147118331607	-0.0376804723792	-0.0707464774519	0.0147593418931	-0.0284014645583	0.0784198703118	0.0215433500429	-0.00895669148844	0.0216198021801	0.0303389075383
k__Bacteria;p__Firmicutes;c__Clostridia;o__Clostridiales;f__Ruminococcaceae;g__Ruminiclostridium;s__[Eubacterium]_siraeum	-0.034041858847	-0.0438368269857	-0.00942474090094	0.0227559066347	-0.0245291680458	0.023055290856	-0.00549892192539	0.00210283131033	-0.0487191065896	-0.01254505261	-0.0196226637912	0.00827350158563	0.0367978355523	0.0419086148054	-0.00423316004179	0.0142630045417	-0.0313418163763	0.0106488905081	-0.096366287216	0.0467100909141	-0.0303606764249	1.0	-0.00165385749986	-0.00564329322204	0.0266745138967	0.000145865478068	0.00928081531663	-0.0273696104113	0.0485921239515	-0.0639079924336	-0.0526161610763	-0.0316186717251	-0.0250269568731	-0.00678993321695	0.00283650581957	-0.0069667811192	-0.0247539701446	-0.0456987508884	-0.00624269636514	0.0351048648277	-0.0390621228813	0.00431505970697	0.0296721008498	-0.00886277506702	-0.118951203266	-0.010688634692	-0.0349861874226	-6.19636669527e-05	-0.0171503327724	0.0178883670173	0.0120380144325	0.0207628925772	-0.0061134076768	-0.0298360076135	0.0167762825472	0.0429082697555	0.00362701575519	0.0203625339722	-0.0112987230948
k__Bacteria;p__Proteobacteria;c__Betaproteobacteria;o__Burkholderiales;f__Sutterellaceae;g__Parasutterella;s__Parasutterella_excrementihominis	0.00025150596633	-0.00653946427809	-0.0261350193569	0.0531289450977	0.00636603963633	0.0141858298981	-0.0192261543426	-0.00437744743032	-0.046770910503	0.0279677313207	-0.0891641326639	0.0251951765787	-0.0227724914815	0.0134949288348	0.0282781485208	0.0429316237652	-0.0423879151365	0.0712134719474	-0.0260482996667	0.00433389511002	-0.0506659488702	-0.00165385749986	1.0	0.0423859698144	0.0406709922113	-0.0183631342065	0.0089849406207	-0.0484042396955	0.0116941631578	-0.0134748896199	0.0512935760994	-0.0155987663836	-0.0766257813698	-0.00574943481724	-0.0464677520125	0.000486346681213	-0.0354056852491	0.000548323474514	0.0111343086225	0.0664207080715	0.0288286097141	-0.046909186273	0.00207461800966	-0.0857322788844	0.0162962974548	-0.0505817958162	0.0325686891374	0.0260562528595	-0.0759896777195	-0.0334339918444	0.038180820021	-0.0633378106051	0.0245465258079	0.0432549021618	-0.0352610898578	-0.0315087917141	0.0358957926671	0.0188769639543	-0.000944549328521
k__Bacteria;p__Actinobacteria;c__Actinobacteria;o__Bifidobacteriales;f__Bifidobacteriaceae;g__Bifidobacterium;s__Bifidobacterium_adolescentis	0.0217344016672	-0.0157456022498	0.0419146730058	0.0468958695334	0.00518665105461	-0.0271050987126	0.0129508906178	0.0107255479789	0.021887889373	-0.0164821976328	0.0102681509365	0.0150000579736	-0.0486430333351	0.0197811372595	-0.018359223694	0.000458855440711	-0.068885621175	0.00868605579245	-0.0417386421359	-0.00380898757805	-0.0647025823259	-0.00564329322204	0.0423859698144	1.0	-0.0729420950083	-0.0454769170528	0.0118190722299	-0.0205060489628	0.0549123135358	0.0233033291661	-0.0303038972492	0.0305552580584	-0.00764267262452	-0.0274342262368	-0.0115270627783	-0.00463557180791	-0.040213011803	0.0479754540047	0.0114960665881	-0.0374236651923	-0.0546863240913	-0.0187048854751	-0.066734764276	-0.0355356630841	0.0176361828594	-0.00260497629359	-0.0144574243042	-0.000386766658449	-0.078395407799	-0.0057851219805	-0.059172588883	-0.0428425044694	0.0242029381627	0.0642498125347	0.00610881437066	0.0477122023692	-0.0154608488148	-0.0179702342017	0.0558913719608
k__Bacteria;p__Firmicutes;c__Clostridia;o__Clostridiales;f__Oscillospiraceae;g__Oscillibacter;s__Oscillibacter_sp._KLE_1745	0.0120593146091	0.0179269804905	-0.00807036378877	-0.101160617292	0.0593483044114	-0.040333851774	0.0242595506913	0.0146901036837	-0.026824547149	0.039514579281	-0.0293116087546	0.011569250711	-0.0433409231034	-0.00741439818097	0.0207797227364	0.051105620106	-0.00391145762675	-0.0199353316049	0.00161048102584	-0.000333089166732	-0.0323243282555	0.0266745138967	0.0406709922113	-0.0729420950083	1.0	0.039112174138	-0.0025109157106	-0.00541262661409	-0.0695110041828	-0.000161117078754	0.0431444929677	0.012556837383	-0.0171267306936	0.035303838175	0.0211675539443	0.0220879427886	-0.0289830208568	-0.088957318209	-0.033227950305	0.0252051765534	0.0544351444891	-0.0156283288878	-0.0507812865652	-0.0207673021742	0.0289605286823	-0.0215136501276	-0.00596785768178	0.036262387144	0.031382925669	-0.00654970901661	-0.0330039181203	-0.0330037645848	-0.0405665207396	-0.0695622855067	-0.0302704856649	-0.0211280344191	-0.0489810513472	-0.0172622295814	-0.0585293398109
k__Bacteria;p__Bacteroidetes;c__Bacteroidia;o__Bacteroidales;f__Bacteroidaceae;g__Bacteroides;s__Bacteroides_coprophilus	-0.0171977177682	0.0196376869474	0.0237153636774	0.0280773117571	0.0243499052639	0.000351730660048	0.0195704107194	-0.0145515073481	0.0117342401682	-0.0990970201939	-0.0194751256293	0.00305393171596	0.0035783702781	-0.0738204784543	-0.0154290300096	0.0409646456823	0.00325377663124	-0.0304987068426	0.0150945607576	-0.00447078892169	-0.0443318836181	0.000145865478068	-0.0183631342065	-0.0454769170528	0.039112174138	1.0	0.0298789395531	6.16408763716e-05	-0.0218825755025	-0.0170283151232	-0.0683779238916	-0.0694572700032	-0.0134990230031	0.028835988822	-0.0516019343305	0.0389028309814	-0.000200401349805	0.0135724535436	0.0599655712953	-0.0282685520971	-0.0191012446894	0.0231645263606	-0.0291574586892	-0.0201243702353	-0.0561897324407	-0.00506898061721	-0.0641458879957	-0.00849971812807	0.00461063320921	0.00343482804853	-0.0014898337292	0.00836910505414	0.0180702296523	-0.00409091807476	0.0273095981557	-0.0494649326247	-0.0263200735176	-0.00532019039938	-0.0245201596283
k__Bacteria;p__Firmicutes;c__Clostridia;o__Clostridiales;f__Lachnospiraceae;g__Roseburia;s__Roseburia_intestinalis	0.052934410839	-0.0198976956361	-0.0552793395319	-0.00159172829401	-0.0123090416807	-0.0328072053479	0.0259155368186	-0.00735826286827	-0.0196812072637	-0.0159478143112	-0.052726660611	-0.0946042224006	0.0620164640745	0.0560706731787	-0.0721021313017	0.0208396858509	-0.0311340657034	-0.0691833910692	-0.0207270229377	0.00376627427144	0.0262575054683	0.00928081531663	0.0089849406207	0.0118190722299	-0.0025109157106	0.0298789395531	1.0	-0.0401001118278	0.0408329392985	0.0378066611795	-0.0468044272523	-0.0319111219755	0.02856101392	-0.0684273192922	-0.0470350161926	0.0463336956169	0.010055715563	-0.0393111179745	-0.0102218058817	-0.0278290986077	-0.0182786773536	0.0662414599838	-3.44329268439e-06	0.0326610932053	-0.0228801882156	-0.0222333318617	0.00547276444738	0.0331604398774	0.00240516618553	-0.0354119777492	-0.0395925244307	0.00435715580839	-0.0153689318156	-0.0424844192096	0.0262422249539	-0.0800357157344	-0.0252944869828	-0.0478028164217	-0.0173880803115
k__Bacteria;p__Firmicutes;c__Clostridia;o__Clostridiales;f__Lachnospiraceae;g__Roseburia;s__Roseburia_hominis	0.00844600109976	0.031461462892	0.0238401731732	0.0395027757532	0.00820765035207	-0.00638487229731	-0.01629820338	-0.0274272011654	-0.0759710438736	0.0285496246354	-0.042435538408	0.0291957613228	-0.0800075879476	0.0202700382904	-0.056724237351	-0.0294667722466	0.0230811641866	0.0378975342766	-0.0285004906189	0.0311745135609	-0.056920992068	-0.0273696104113	-0.0484042396955	-0.0205060489628	-0.00541262661409	6.16408763715e-05	-0.0401001118278	1.0	-0.028393615303	0.0210976522778	-0.0434598956173	0.0215058320797	0.0190257999163	-0.0156555829028	0.0488589847903	0.0611824383719	-0.00782844073321	-0.078594044748	0.0207786495811	0.0162997463467	-0.0277692600688	-0.0482646107996	0.019400783623	-0.00934379074848	-0.0242498371634	0.0229095584552	-0.0378173851021	-0.0633739726933	0.0189955301762	-0.0254185987243	-0.0230276663407	-0.0217406774272	0.00980031557126	0.0209057534599	-0.0376915833432	0.0473291988483	-0.0875147550029	0.00243558316065	-0.0190183825865
k__Bacteria;p__Bacteroidetes;c__Bacteroidia;o__Bacteroidales;f__Porphyromonadaceae;g__Parabacteroides;s__Parabacteroides_johnsonii	-0.0471497233557	-0.00372787670266	0.0409393171802	-0.0233194850731	-0.00169257400699	-0.0511439982453	0.0504560826308	-0.0282389851262	0.0854821456152	0.0328055993451	0.0250559285422	0.0294499246992	0.010688880274	0.0105692016917	-0.0195003504843	0.0580244377516	-0.0412877567846	-0.0287495235561	0.0130775006883	-0.0568120786599	0.0422482837571	0.0485921239515	0.0116941631578	0.0549123135358	-0.0695110041828	-0.0218825755025	0.0408329392985	-0.028393615303	1.0	-0.054948345901	-0.0224146531504	-0.00922626760186	-0.0165829285098	-0.0631918846917	0.0166711993745	-0.031578670435	-0.0073819141649	-0.00990102293699	-0.0516559793571	0.0172014785189	0.0473645541218	0.0167817134065	-0.0423724634787	0.0145976547039	-0.0197540398311	-0.0656946852988	-0.0452812794296	-0.0363082994402	0.0109232818942	0.0123384667723	-0.055479924993	-0.00641852095399	0.0230779986472	-0.0419232247593	-0.0230456486241	-0.0416990618069	0.0375439850297	0.0175365612808	-0.0261205305229
k__Bacteria;p__Actinobacteria;c__Actinobacteria;o__Bifidobacteriales;f__Bifidobacteriaceae;g__Bifidobacterium;s__Bifidobacterium_longum	-0.00238305323724	-0.0290162274044	-0.049260212471	-0.0227427050421	0.0141979716388	0.0239581379964	-0.0783019628374	0.0140733309009	0.0106317914086	-0.000250032660621	-0.0267466367542	-0.0185620091165	0.0564127924963	0.0259037488403	0.0694063979746	0.0337053533792	-0.0253069417357	0.00300953744999	-0.0124007137674	-0.0241518645683	0.00750892188857	-0.0639079924336	-0.0134748896199	0.0233033291661	-0.000161117078754	-0.0170283151232	0.0378066611795	0.0210976522778	-0.054948345901	1.0	0.0160413762418	-0.0365595893052	-0.0572504441117	-0.0569884760865	-0.0516861202793	0.0475245799936	-0.0182599764623	-0.0212496536304	-0.0505747917097	-0.00398014961163	-0.0725958603097	-0.036956318985	-0.0101084249479	-0.0165079827996	-0.00406126373343	-0.00764508721809	-0.0356792892773	0.0255497457864	-0.0170403269202	-0.0632981081802	-0.0185786473691	-0.0527159436303	-0.000618772425449	-0.0403608399791	-0.0701125460176	0.0357406110987	0.0235766861613	0.0441099907798	0.000149960782584
