#taxonomy	k__Bacteria;p__Bacteroidetes;c__Bacteroidia;o__Bacteroidales;f__Bacteroidaceae;g__Bacteroides;s__Bacteroides_vulgatus	k__Bacteria;p__Bacteroidetes;c__Bacteroidia;o__Bacteroidales;f__Bacteroidaceae;g__Bacteroides;s__Bacteroides_uniformis	k__Bacteria;p__Bacteroidetes;c__Bacteroidia;o__Bacteroidales;f__Rikenellaceae;g__Alistipes;s__Alistipes_putredinis	k__Bacteria;p__Bacteroidetes;c__Bacteroidia;o__Bacteroidales;f__Prevotellaceae;g__Prevotella;s__Prevotella_copri	k__Bacteria;p__Bacteroidetes;c__Bacteroidia;o__Bacteroidales;f__Bacteroidaceae;g__Bacteroides;s__Bacteroides_stercoris	k__Bacteria;p__Bacteroidetes;c__Bacteroidia;o__Bacteroidales;f__Bacteroidaceae;g__Bacteroides;s__Bacteroides_ovatus	k__Bacteria;p__Bacteroidetes;c__Bacteroidia;o__Bacteroidales;f__Rikenellaceae;g__Alistipes;s__Alistipes_shahii	k__Bacteria;p__Firmicutes;c__Clostridia;o__Clostridiales;f__Ruminococcaceae;g__Faecalibacterium;s__Faecalibacterium_prausnitzii	k__Bacteria;p__Bacteroidetes;c__Bacteroidia;o__Bacteroidales;f__Rikenellaceae;g__Alistipes;s__Alistipes_finegoldii	k__Bacteria;p__Bacteroidetes;c__Bacteroidia;o__Bacteroidales;f__Porphyromonadaceae;g__Parabacteroides;s__Parabacteroides_distasonis	k__Bacteria;p__Bacteroidetes;c__Bacteroidia;o__Bacteroidales;f__Bacteroidaceae;g__Bacteroides;s__Bacteroides_thetaiotaomicron	k__Bacteria;p__Bacteroidetes;c__Bacteroidia;o__Bacteroidales;f__Bacteroidaceae;g__Bacteroides;s__Bacteroides_coprocola	k__Bacteria;p__Bacteroidetes;c__Bacteroidia;o__Bacteroidales;f__Bacteroidaceae;g__Bacteroides;s__Bacteroides_cellulosilyticus	k__Bacteria;p__Bacteroidetes;c__Bacteroidia;o__Bacteroidales;f__Rikenellaceae;g__Alistipes;s__Alistipes_obesi	k__Bacteria;p__Firmicutes;c__Clostridia;o__Clostridiales;f__Lachnospiraceae;g__;s__[Eubacterium]_rectale	k__Bacteria;p__Bacteroidetes;c__Bacteroidia;o__Bacteroidales;f__Bacteroidaceae;g__Bacteroides;s__Bacteroides_plebeius	k__Bacteria;p__Bacteroidetes;c__Bacteroidia;o__Bacteroidales;f__Bacteroidaceae;g__Bacteroides;s__Bacteroides_fragilis	k__Bacteria;p__Proteobacteria;c__Betaproteobacteria;o__Burkholderiales;f__Sutterellaceae;g__Sutterella;s__Sutterella_wadsworthensis	k__Bacteria;p__Bacteroidetes;c__Bacteroidia;o__Bacteroidales;f__Porphyromonadaceae;g__Barnesiella;s__Barnesiella_intestinihominis	k__Bacteria;p__Bacteroidetes;c__Bacteroidia;o__Bacteroidales;f__Odoribacteraceae;g__Odoribacter;s__Odoribacter_splanchnicus	k__Bacteria;p__Bacteroidetes;c__Bacteroidia;o__Bacteroidales;f__Bacteroidaceae;g__Bacteroides;s__Bacteroides_salyersiae	k__Bacteria;p__Firmicutes;c__Clostridia;o__Clostridiales;f__Ruminococcaceae;g__Ruminiclostridium;s__[Eubacterium]_siraeum	k__Bacteria;p__Proteobacteria;c__Betaproteobacteria;o__Burkholderiales;f__Sutterellaceae;g__Parasutterella;s__Parasutterella_excrementihominis	k__Bacteria;p__Actinobacteria;c__Actinobacteria;o__Bifidobacteriales;f__Bifidobacteriaceae;g__Bifidobacterium;s__Bifidobacterium_adolescentis	k__Bacteria;p__Firmicutes;c__Clostridia;o__Clostridiales;f__Oscillospiraceae;g__Oscillibacter;s__Oscillibacter_sp._KLE_1745	k__Bacteria;p__Bacteroidetes;c__Bacteroidia;o__Bacteroidales;f__Bacteroidaceae;g__Bacteroides;s__Bacteroides_coprophilus	k__Bacteria;p__Firmicutes;c__Clostridia;o__Clostridiales;f__Lachnospiraceae;g__Roseburia;s__Roseburia_intestinalis	k__Bacteria;p__Firmicutes;c__Clostridia;o__Clostridiales;f__Lachnospiraceae;g__Roseburia;s__Roseburia_hominis	k__Bacteria;p__Bacteroidetes;c__Bacteroidia;o__Bacteroidales;f__Porphyromonadaceae;g__Parabacteroides;s__Parabacteroides_johnsonii	k__Bacteria;p__Actinobacteria;c__Actinobacteria;o__Bifidobacteriales;f__Bifidobacteriaceae;g__Bifidobacterium;s__Bifidobacterium_longum	k__Bacteria;p__Firmicutes;c__Clostridia;o__Clostridiales;f__;g__Flavonifractor;s__Flavonifractor_plautii	k__Bacteria;p__Firmicutes;c__Clostridia;o__Clostridiales;f__Clostridiaceae;g__Clostridium;s__Clostridium_phoceensis	k__Bacteria;p__Verrucomicrobia;c__Verrucomicrobiae;o__Verrucomicrobiales;f__Akkermansiaceae;g__Akkermansia;s__Akkermansia_muciniphila	k__Bacteria;p__Bacteroidetes;c__Bacteroidia;o__Bacteroidales;f__Prevotellaceae;g__Paraprevotella;s__Paraprevotella_xylaniphila	k__Bacteria;p__Firmicutes;c__Clostridia;o__Clostridiales;f__Ruminococcaceae;g__Ruminococcus;s__Ruminococcus_callidus	k__Bacteria;p__Bacteroidetes;c__Bacteroidia;o__Bacteroidales;f__Rikenellaceae;g__Alistipes;s__Alistipes_senegalensis	k__Bacteria;p__Firmicutes;c__Clostridia;o__Clostridiales;f__Lachnospiraceae;g__Blautia;s__Blautia_sp._KLE_1732	k__Bacteria;p__Bacteroidetes;c__Bacteroidia;o__Bacteroidales;f__Bacteroidaceae;g__Bacteroides;s__Bacteroides_oleiciplenus	k__Bacteria;p__Firmicutes;c__Clostridia;o__Clostridiales;f__Ruminococcaceae;g__Ruminococcus;s__Ruminococcus_bicirculans	k__Bacteria;p__Bacteroidetes;c__Bacteroidia;o__Bacteroidales;f__Bacteroidaceae;g__Bacteroides;s__Bacteroides_fluxus	k__Bacteria;p__Bacteroidetes;c__Bacteroidia;o__Bacteroidales;f__Prevotellaceae;g__Prevotella;s__Prevotella_stercorea	k__Bacteria;p__Firmicutes;c__Clostridia;o__Clostridiales;f__Lachnospiraceae;g__Dorea;s__Dorea_longicatena	k__Bacteria;p__Firmicutes;c__Clostridia;o__Clostridiales;f__Eubacteriaceae;g__Eubacterium;s__[Eubacterium]_eligens	k__Bacteria;p__Firmicutes;c__Clostridia;o__Clostridiales;f__Ruminococcaceae;g__;s__Ruminococcaceae_bacterium_D16	k__Bacteria;p__Firmicutes;c__Clostridia;o__Clostridiales;f__Lachnospiraceae;g__Coprococcus;s__Coprococcus_comes	k__Bacteria;p__Proteobacteria;c__Gammaproteobacteria;o__Enterobacterales;f__Enterobacteriaceae;g__Escherichia;s__Escherichia_coli	k__Bacteria;p__Firmicutes;c__Clostridia;o__Clostridiales;f__Ruminococcaceae;g__Anaerotruncus;s__Anaerotruncus_colihominis	k__Bacteria;p__Firmicutes;c__Clostridia;o__Clostridiales;f__Lachnospiraceae;g__Blautia;s__Blautia_obeum	k__Bacteria;p__Bacteroidetes;c__Bacteroidia;o__Bacteroidales;f__Odoribacteraceae;g__Odoribacter;s__Odoribacter_laneus	k__Bacteria;p__Firmicutes;c__Clostridia;o__Clostridiales;f__Ruminococcaceae;g__Ruminiclostridium;s__[Clostridium]_leptum	k__Bacteria;p__Bacteroidetes;c__Bacteroidia;o__Bacteroidales;f__Porphyromonadaceae;g__Parabacteroides;s__Parabacteroides_goldsteinii	k__Bacteria;p__Firmicutes;c__Clostridia;o__Clostridiales;f__Lachnospiraceae;g__Anaerostipes;s__Anaerostipes_hadrus	k__Bacteria;p__Firmicutes;c__Clostridia;o__Clostridiales;f__Ruminococcaceae;g__Ruminococcus;s__Ruminococcus_lactaris	k__Bacteria;p__Firmicutes;c__Clostridia;o__Clostridiales;f__Clostridiaceae;g__Clostridium;s__Clostridium_sp._L2-50	k__Bacteria;p__Firmicutes;c__Clostridia;o__Clostridiales;f__Clostridiaceae;g__Clostridium;s__Clostridium_sp._M62/1	k__Bacteria;p__Firmicutes;c__Clostridia;o__Clostridiales;f__;g__Intestinimonas;s__Intestinimonas_butyriciproducens	k__Bacteria;p__Actinobacteria;c__Actinobacteria;o__Bifidobacteriales;f__Bifidobacteriaceae;g__Bifidobacterium;s__Bifidobacterium_bifidum	k__Bacteria;p__Firmicutes;c__Negativicutes;o__Veillonellales;f__Veillonellaceae;g__Dialister;s__Dialister_invisus	k__Bacteria;p__Bacteroidetes;c__Bacteroidia;o__Bacteroidales;f__Bacteroidaceae;g__Bacteroides;s__Bacteroides_salanitronis
k__Bacteria;p__Bacteroidetes;c__Bacteroidia;o__Bacteroidales;f__Bacteroidaceae;g__Bacteroides;s__Bacteroides_vulgatus	1.0	-0.0169301412514	0.0183956999793	0.0204822222903	0.037021899918	-0.024035659237	0.0135117047827	-0.021223127739	-0.0444701856953	0.0134881249454	-0.0203568683565	0.0452877591066	0.0228566453939	0.0576127950721	-0.0097151673042	0.0173383345487	-0.0836683882321	0.057102794644	-0.055690673511	0.0846599935471	-0.0313028264575	0.0346285836467	0.0717565223197	-0.023094784785	0.0139191862495	-0.061520702648	-0.0282971362725	0.00304206195336	-0.0139477701367	-0.0204441468736	-0.029645444047	-0.0625454014822	0.043361127237	-0.0291829105474	0.0155972214492	0.0179372927269	0.0103644375349	0.00755978635654	-0.020387317511	-0.0220983139346	-0.0202369779064	-0.0284045887471	0.0271347219367	0.00182886568058	-0.0134746193492	0.0172120710933	-0.107409364787	-0.051261813812	0.0440220367038	-0.0386135010349	-0.01134324757	-0.0495182356838	0.0295634317657	0.0206613859534	0.000439331755866	-0.0511484152915	-0.0591524261073	-0.017144876283	0.0395138361403
k__Bacteria;p__Bacteroidetes;c__Bacteroidia;o__Bacteroidales;f__Bacteroidaceae;g__Bacteroides;s__Bacteroides_uniformis	-0.0169301412514	1.0	-0.0546227446605	-0.0489430252861	0.0275501850862	0.00332364718181	-0.0441779787785	-0.0211017098745	-0.00670448260388	-0.005053346998	-0.00491548999678	0.0334300680155	0.0633599906135	-0.022009439027	0.0321861361623	0.0546647536992	-0.0147329202737	0.000987004931867	-0.0224427381815	-0.0392182457932	-0.00667974958193	-0.00664331942564	0.0113504347671	0.00851970775369	0.0505651993872	-0.0361739326504	-0.000750832525032	0.0104540830743	0.0143805759517	0.0433875694112	-0.0811087972932	0.0111508234592	-0.0299569571528	-0.0096941132921	0.0275548016076	0.0290441242862	-0.00687725976777	0.000895206569199	-0.0443298008734	-0.0479624858944	-0.0703643672272	0.108445685286	0.0264075563257	-0.035387848447	0.0542251334299	0.0186398398068	0.0139188011496	-0.00403540665624	-0.00952154929508	-0.0459363875553	-0.0368781192825	-0.00148089490584	-0.00766520654203	-0.022346158037	-0.0158239171109	-0.0105606021469	-0.0591788194412	-0.00227790537566	-0.10219724134
k__Bacteria;p__Bacteroidetes;c__Bacteroidia;o__Bacteroidales;f__Rikenellaceae;g__Alistipes;s__Alistipes_putredinis	0.0183956999793	-0.0546227446605	1.0	0.0164468471006	-0.0368353157012	-0.0141626700727	-0.0108041736054	-0.000794728024455	-0.0106551006357	0.0073276066344	0.0318639656363	0.0323415324725	0.0135689250903	-0.0199657637777	-0.00723628039354	-0.000404901611381	-0.0159593013932	0.0175712431694	-0.0248364352596	0.0339391335536	0.0151171331551	-0.003016170501	-0.0313103166175	-0.0272725156679	0.0211513731628	-0.00210855415806	-0.0105040039005	-0.0985848638448	0.0251830830619	0.0125221897061	-0.0173011955147	-0.0105256697913	0.0246329852766	-0.0581838152117	0.0035120248101	0.00985881933804	0.00996413260846	-0.00293595462895	-0.0999891180484	0.0122379045153	0.0612329529511	-0.0375594095784	-0.000844231284192	-0.0232240397556	-0.0131663569716	-0.0308306209106	0.0329420488385	0.0379007863588	-0.0692141038546	-0.0157517971265	0.0417737556895	-0.0187348813146	-0.0120857864836	-0.0309244335132	0.0328371503981	-0.0557178807777	0.0172455426108	-0.000188149621561	-0.0391164989746
k__Bacteria;p__Bacteroidetes;c__Bacteroidia;o__Bacteroidales;f__Prevotellaceae;g__Prevotella;s__Prevotella_copri	0.0204822222903	-0.0489430252861	0.0164468471006	1.0	-0.000371769408438	-0.00493512540282	0.0176584134644	0.0476025868372	0.00454190698807	0.00566770415025	-0.0531992319859	-0.0296083627994	-0.0897194739083	0.0438333658593	-0.0364075766306	-0.0753740378959	0.0224516380962	-0.0187957719058	-0.0312144741216	0.0611873066474	0.0527804052657	-0.0281624909138	0.0143070652297	0.0080779178923	0.0122682205761	-0.0278748998014	-0.0255878309678	0.0650408636073	-0.01308204882	0.0362997997861	0.0307115136951	-0.116043385759	-0.0118211522036	-0.0496659049216	-0.0480833911954	0.036988954803	-0.0100373898149	-0.0320324695585	-0.0318917169235	0.013869644598	-0.0711357691788	-0.0172291391924	-0.0344127190537	0.0137580573627	-0.0344910352547	-0.0338944218472	-0.000944462742025	0.0545096507713	0.0301031473046	0.0325481352208	-0.0250307198648	-0.0458798702068	-0.0318362245176	-0.0535141634196	-0.01562028337	0.00699055424277	-0.0378117526554	-0.00303765818371	0.0261612062046
k__Bacteria;p__Bacteroidetes;c__Bacteroidia;o__Bacteroidales;f__Bacteroidaceae;g__Bacteroides;s__Bacteroides_stercoris	0.037021899918	0.0275501850862	-0.0368353157012	-0.000371769408438	1.0	-0.0553156216206	-0.040077175969	-0.0600813419146	-0.0589365057301	0.000956065510185	0.00858292406682	-0.0079198155224	0.0213902540354	-0.0713045991484	-0.0223092017949	-0.0346554449408	-0.040728007425	-0.0154228859683	-0.0120307414278	0.0962227880826	-0.00999137419864	-0.0393251800066	0.00419154450634	0.0218756176489	0.0018600866263	0.0277710559321	-0.058353782831	-0.00386762810468	-0.0411679507775	-0.067820250561	0.00333787139515	-0.0252788147114	-0.0658772447255	0.0369592333701	-0.0220514128042	0.111954144804	-0.0455295018379	0.0126962851975	0.00108872002438	-0.0101867844882	0.0325891056264	-0.0355498013231	-0.0424573370858	-0.0168399614766	0.00877495171732	0.0334640967105	-0.0327445595346	-0.0357932798386	0.0171534056599	-0.0351942118382	-0.0417359462543	-0.0140039723044	0.0118646182062	0.076665274398	-0.031084196961	-0.00670847604512	-0.00130318551356	-0.0034037673739	-0.0433128256151
k__Bacteria;p__Bacteroidetes;c__Bacteroidia;o__Bacteroidales;f__Bacteroidaceae;g__Bacteroides;s__Bacteroides_ovatus	-0.024035659237	0.00332364718181	-0.0141626700727	-0.00493512540282	-0.0553156216206	1.0	-0.0252158828158	0.0183344981309	0.0387449034802	-0.0375630432649	-0.0173088596585	-0.000963977182831	-0.033951587713	0.00933063313878	0.0459444087313	-0.0581494254811	-0.0704627453428	0.041175332761	-0.0425586695113	0.0122213396881	-0.0587144327988	-0.0066370667706	0.040931378402	-0.0294411862898	-0.100636643384	0.00724510063654	-0.0546069341159	-0.0597198382694	0.03212565938	-0.0140290244143	-0.0324132741912	0.0102332074937	-0.0399845783015	-0.00314128388083	0.082750122754	-0.0601085640017	0.00314850346615	-0.0157973824199	0.0518718498012	0.0650839508908	-0.05787538084	0.0163541642474	-0.000757977952483	0.0612620091356	-0.0376295961622	-0.0431781763841	-0.068999415008	-0.0203344722655	0.0398500478395	-0.0865690566652	-0.0186672306854	0.0123588752617	0.0315604738271	-0.00966206454713	-0.00424077146943	0.0511494839232	-0.00136673022371	-0.000552594938083	0.0394487790799
k__Bacteria;p__Bacteroidetes;c__Bacteroidia;o__Bacteroidales;f__Rikenellaceae;g__Alistipes;s__Alistipes_shahii	0.0135117047827	-0.0441779787785	-0.0108041736054	0.0176584134644	-0.040077175969	-0.0252158828158	1.0	0.0306267797117	0.0535507818437	-0.00282465290577	0.0274855579071	-0.0059273007265	0.0652079931903	-0.0143567712025	-0.0203306749542	-0.00439341842466	-0.0502167532788	-0.0083211872476	0.00597365561442	-0.0523259006562	-0.00988566697151	0.0277485685072	-0.0663234240913	-0.0358471554889	-0.00282482800719	-0.0245615885115	-0.0119220218869	0.0328926362012	0.0276925968269	-0.0211952456391	-0.0243454603151	-0.0202203462059	0.00994875411298	0.0120612300054	-0.0116190529175	0.0456677510224	0.0282836885772	0.00996795962627	-0.0386826301047	-0.033153993392	0.022942765149	-0.0235377338729	-0.0337548849877	0.0121080275878	-0.0635268331487	0.0218344636855	-0.0776463056534	0.0708387172405	-0.0443242349212	-0.0193504308617	0.00787358167088	0.0258343317602	-0.0039642344046	-0.0221097094375	-0.00908551783829	0.0536389011905	-0.0321451038634	-0.0112546236732	-0.019517802604
k__Bacteria;p__Firmicutes;c__Clostridia;o__Clostridiales;f__Ruminococcaceae;g__Faecalibacterium;s__Faecalibacterium_prausnitzii	-0.021223127739	-0.0211017098745	-0.000794728024455	0.0476025868372	-0.0600813419146	0.0183344981309	0.0306267797117	1.0	0.0541546440997	0.00948855454753	0.0316165001074	-0.007472356156	-0.0469295957938	-0.006799649081	-0.0806818028568	-0.0121213227158	-0.0392164715916	-0.0388182090768	0.0248025136208	0.00892658630592	-0.0326199963103	-0.0119673610585	-0.0732377557778	-0.044725184147	-0.106673682756	-0.00191663622226	-0.0689552558124	0.0134155392185	-0.0328981396877	0.0149032997936	-0.0231238600713	-0.0777541253466	0.0144152256756	-0.0410911258661	0.00536183832887	-0.0148783466649	0.0216346579725	-0.0201580566046	-0.0961531554975	0.0399181432948	-0.00628702768795	-0.0650564583766	-0.0288856567618	0.0146303156282	0.0490648547037	0.00499991185844	-0.000693017502393	-0.0126489077049	-0.0191258421672	0.0406341336633	-0.00762727245617	0.0591510172275	-0.0527413631598	0.00781123964451	-0.0267417114177	-0.0104527055081	0.0232421784648	-0.00687007953112	-0.00704757201517
k__Bacteria;p__Bacteroidetes;c__Bacteroidia;o__Bacteroidales;f__Rikenellaceae;g__Alistipes;s__Alistipes_finegoldii	-0.0444701856953	-0.00670448260388	-0.0106551006357	0.00454190698807	-0.0589365057301	0.0387449034802	0.0535507818437	0.0541546440997	1.0	0.0127540993829	-0.0365809329157	-0.0453336287887	0.042209566627	0.0403539772281	-0.017397962228	0.0688619747031	-0.0100000966125	-0.0614610053938	0.0674151240822	-0.017338497624	0.0347618636601	-0.0049659429023	-0.00444082906088	0.0135064251754	-0.0430868000453	0.00459798407835	-0.0313740185609	0.00258957392409	-0.058433458815	0.0027546551864	-0.0107778876034	0.00398981611753	0.00369483366941	0.00637304275731	-0.0069290927885	-0.0473592252123	0.0264297341816	-0.0558818612719	-0.00171836312936	0.0383083802616	0.00869278553443	-0.0132522252111	0.00874490037632	-0.046472882234	0.0154201720446	0.0210299530941	0.0503501270325	0.0275295800807	-0.0676678230019	-0.0369387534715	-0.0570661537693	-0.00114598499762	-0.0422765220109	-0.0334757088957	-0.040807088141	0.00384909642067	0.0115831659305	0.0383258501822	-0.0488632736258
k__Bacteria;p__Bacteroidetes;c__Bacteroidia;o__Bacteroidales;f__Porphyromonadaceae;g__Parabacteroides;s__Parabacteroides_distasonis	0.0134881249454	-0.005053346998	0.0073276066344	0.00566770415025	0.000956065510185	-0.0375630432649	-0.00282465290577	0.00948855454753	0.0127540993829	1.0	0.0136740386313	0.0213178846012	-0.0883985473137	0.0393255706738	-0.0158523171816	-0.00118929917766	0.00351311989753	0.0226946189023	0.0040807852575	-0.0249610645963	0.00715983458757	0.0114821651851	0.0142127031924	0.0130314078747	-0.00842563481143	-0.0421825700548	0.0201719983179	0.00601756627279	-0.0919491331284	-0.00482102614927	0.0358580611308	-0.0126179387411	-0.0245349527346	-0.0132464778989	0.00777403240705	-0.0642482241923	0.0157429516344	0.00305978689001	0.0512227951238	0.0345674153101	-0.00218224313309	-0.0639047859853	-0.00654493964714	0.0898839707023	-0.030159129827	-0.00604457803421	0.0662928122155	0.00868802745768	0.0221507501932	-0.0356813679019	-0.0304583458795	-0.0310273586337	-0.048403009809	-0.057464861808	-0.0195192325138	-0.0517275689199	0.0072721890911	-0.0518095679883	-0.00632347757382
k__Bacteria;p__Bacteroidetes;c__Bacteroidia;o__Bacteroidales;f__Bacteroidaceae;g__Bacteroides;s__Bacteroides_thetaiotaomicron	-0.0203568683565	-0.00491548999678	0.0318639656363	-0.0531992319859	0.00858292406682	-0.0173088596585	0.0274855579071	0.0316165001074	-0.0365809329157	0.0136740386313	1.0	0.0239218225266	0.0574218026178	-0.0276545076918	-0.00858984695488	-0.0242245281564	0.0893766540302	0.0359837684704	-0.033436711018	-0.0531164149782	-0.0251342915736	-0.0115187288079	-0.044850571276	-0.0276823030476	-0.0355105121917	0.020553455025	-0.0086459051405	0.0191954156558	-0.041149126108	0.030874749566	0.0269553693429	-0.0293208158419	-0.0555915237819	-0.0194439011738	0.0182274291475	-0.054917501391	-0.0331781587935	-0.00732737317626	-0.0389002952022	-0.0175339877674	-0.00350088566893	0.000960774497111	-0.0110288073083	-0.00704387716246	0.0302075019289	-0.00516226437157	-0.0402686489634	0.0209037115032	0.00190692388518	0.0462392521755	-0.049175363073	-0.0249992242441	0.02655285188	0.0773514284363	0.000106109710426	0.0924283993554	0.0166730576474	-0.0396081741397	-0.0186228112131
k__Bacteria;p__Bacteroidetes;c__Bacteroidia;o__Bacteroidales;f__Bacteroidaceae;g__Bacteroides;s__Bacteroides_coprocola	0.0452877591066	0.0334300680155	0.0323415324725	-0.0296083627994	-0.0079198155224	-0.000963977182831	-0.0059273007265	-0.007472356156	-0.0453336287887	0.0213178846012	0.0239218225266	1.0	0.0298245566381	0.0262237003737	-0.0205097506109	0.0204713626186	0.0251853340734	-0.041086371787	-0.0504357536894	-0.051133327304	0.0223592239669	0.0077775416958	-0.0195280760511	-0.00262135911208	-0.0226914135946	-0.0708330273128	-0.0789526257322	-0.0813194808536	0.0150109904466	0.0201901940695	0.00463814343459	-0.0298097643484	-0.0298453294284	-0.0216154019843	0.040864940464	-0.0175445829773	-0.00650441171609	0.0117103873167	0.0646206924559	-0.0110044442641	0.0261266682713	0.0663325078028	-0.0811232858435	0.0206944455742	-0.0239377045539	0.0162628727576	-0.0089967027977	-0.0645377370963	-0.00938202070996	-0.00278267910265	0.00870527792539	0.030747494587	-0.0618880738118	-0.0316108258718	0.0240695316914	-0.00994243886847	0.00850994330951	0.0187692412212	0.00596584922843
k__Bacteria;p__Bacteroidetes;c__Bacteroidia;o__Bacteroidales;f__Bacteroidaceae;g__Bacteroides;s__Bacteroides_cellulosilyticus	0.0228566453939	0.0633599906135	0.0135689250903	-0.0897194739083	0.0213902540354	-0.033951587713	0.0652079931903	-0.0469295957938	0.042209566627	-0.0883985473137	0.0574218026178	0.0298245566381	1.0	0.0212262887683	0.0458474806579	0.00466166307926	-0.00914278792967	0.0129877052658	-0.0345555756612	-0.0189260567317	-0.0273892630914	0.023655645118	0.0174884111183	0.0338757965505	0.00609275468791	-0.0958156794971	0.0488419819235	0.00372995502278	-0.0450545581988	-0.0147527683114	-0.000451883540118	0.00242994215241	-0.00300565396783	0.0224763965118	-0.00537720928001	0.0486001716876	0.0111345302805	-0.0400480514912	-0.0175761148491	-0.0454651934287	0.0209853694134	-0.014785701812	0.0363890961862	-0.0391841764073	-0.0106783381425	-0.00812900929862	-0.0142889569593	0.000581788196931	-0.0726830683543	0.0544195330973	0.0430948979431	-0.00126705840848	-0.0526720920242	0.0137011905044	-0.0124353106006	-0.0223557782113	0.0265063131654	-0.0440207975395	-0.028163080968
k__Bacteria;p__Bacteroidetes;c__Bacteroidia;o__Bacteroidales;f__Rikenellaceae;g__Alistipes;s__Alistipes_obesi	0.0576127950721	-0.022009439027	-0.0199657637777	0.0438333658593	-0.0713045991484	0.00933063313878	-0.0143567712025	-0.006799649081	0.0403539772281	0.0393255706738	-0.0276545076918	0.0262237003737	0.0212262887683	1.0	-0.0207442512319	0.00441587865075	-0.0134465383483	-0.0497795236205	-0.0269111633168	-0.00817465693515	-0.0915783044842	-0.0521255363023	0.0214927737065	-0.0545770760914	-0.0406065316319	0.0173465807255	0.0190353535187	-0.0254860018778	0.0312359996807	-0.0439121792623	-0.0283020092938	-0.0254974445157	-0.0378826702529	0.0268387938734	-0.00711652496363	-0.0140406048716	-0.020610809569	0.0529648706774	-0.0903425014771	0.00660276374165	-0.0358431935392	-0.0405109750272	-0.000679937532605	-0.00881000887948	0.0095759241156	0.0156931026238	0.0111622591363	-0.043212718137	0.0669538605153	-0.0644115627347	0.0532115797502	0.0297807138126	0.0111334600199	0.00716733158606	-0.053330169678	0.0461444259371	-0.0293853720887	0.00912208590923	-0.0420457458781
k__Bacteria;p__Firmicutes;c__Clostridia;o__Clostridiales;f__Lachnospiraceae;g__;s__[Eubacterium]_rectale	-0.0097151673042	0.0321861361623	-0.00723628039354	-0.0364075766306	-0.0223092017949	0.0459444087313	-0.0203306749542	-0.0806818028568	-0.017397962228	-0.0158523171816	-0.00858984695488	-0.0205097506109	0.0458474806579	-0.0207442512319	1.0	0.0521239745283	0.0168035331455	0.0358069057426	0.0526158970943	0.00531442993399	-0.0452934326007	0.0367822973114	-0.0361926081938	0.00579496243078	0.00783436797271	0.0265624173825	-0.0359755263496	-0.0297739806281	-0.0127900965818	-0.0106288352875	-0.0351945971279	0.00947993413874	-0.0463983902134	-0.0442280505259	0.0539162593254	-0.00921170962482	0.0516982495725	0.0189288344397	0.0202213987823	-0.0733579514116	-0.0549952957187	-0.0394055008252	0.000894657346578	0.0432006088055	-0.0202328129028	-0.0115624278206	0.000825826822657	0.00977384861919	0.00825529197868	-0.0459900905563	-0.069300946255	-0.0200484807517	0.0218274682058	0.0289171550007	-0.0383794652739	-0.0272613194792	-0.0401706090914	0.0196097360886	-0.019066916791
k__Bacteria;p__Bacteroidetes;c__Bacteroidia;o__Bacteroidales;f__Bacteroidaceae;g__Bacteroides;s__Bacteroides_plebeius	0.0173383345487	0.0546647536992	-0.000404901611381	-0.0753740378959	-0.0346554449408	-0.0581494254811	-0.00439341842466	-0.0121213227158	0.0688619747031	-0.00118929917766	-0.0242245281564	0.0204713626186	0.00466166307926	0.00441587865075	0.0521239745283	1.0	-0.0640025830536	-0.005104932594	-0.0119672459309	0.0685147859942	-0.0151775071154	-0.000461433875649	0.038733510879	-0.0419602724986	-0.029140613836	-0.0499676489159	-0.050455278935	0.0398197727201	0.0358996529945	0.0444425964034	0.0306377571768	-0.00155666967632	-0.024394216597	-0.0728279760025	-0.023303936577	0.0687362706807	-0.0295197754348	0.00781974021689	-0.0215653249535	0.0677539277959	0.00917163805216	-0.044007324751	-0.0190476347049	0.00602333282092	0.00739012280243	0.0139719559581	-0.0364588130212	-0.0211693632775	0.0672412373166	-0.0343601475267	-0.0799487607162	0.0191852146226	-0.0551416625679	0.00185983605611	0.0571824302123	0.0464844711335	0.0102973089236	-0.0590568377854	-0.00241250259478
k__Bacteria;p__Bacteroidetes;c__Bacteroidia;o__Bacteroidales;f__Bacteroidaceae;g__Bacteroides;s__Bacteroides_fragilis	-0.0836683882321	-0.0147329202737	-0.0159593013932	0.0224516380962	-0.040728007425	-0.0704627453428	-0.0502167532788	-0.0392164715916	-0.0100000966125	0.00351311989753	0.0893766540302	0.0251853340734	-0.00914278792967	-0.0134465383483	0.0168035331455	-0.0640025830536	1.0	0.0055130864736	-0.0413231228485	-0.0218222091145	0.0268206618703	-0.0118694459072	0.0406772937898	0.0632982877286	-0.021976067896	-0.0190586846403	-0.0235131693873	-0.125195353299	-0.0450334344775	0.00255079828686	0.00216676742632	0.0108386212409	0.000637733480214	0.0178038878941	-0.0294259520495	-0.0294026672467	0.0285179742277	0.00226030269995	-0.0646011002045	0.013310617376	0.00816236452723	0.0871247233769	-0.0101498477973	-0.0341026461529	-0.0300904240416	-0.0292384603062	-0.00351417042221	0.0449889086286	0.0402635861696	0.00117616976276	0.0128410815392	0.00262224132005	-0.0215677415007	0.00975129110427	0.0238592718873	-0.0411915154095	-0.00520928627031	-0.0160453536708	-0.0376510190845
k__Bacteria;p__Proteobacteria;c__Betaproteobacteria;o__Burkholderiales;f__Sutterellaceae;g__Sutterella;s__Sutterella_wadsworthensis	0.057102794644	0.000987004931867	0.0175712431694	-0.0187957719058	-0.0154228859683	0.041175332761	-0.0083211872476	-0.0388182090768	-0.0614610053938	0.0226946189023	0.0359837684704	-0.041086371787	0.0129877052658	-0.0497795236205	0.0358069057426	-0.005104932594	0.0055130864736	1.0	-0.0319073700943	-0.0546360827331	-0.023222196315	0.00355460401811	-0.0835287189846	0.00419199887246	-0.0180183554917	-0.0206126300982	-0.0189278943691	-0.0110881078817	0.0255746569938	-0.00160684050224	-0.0139586638187	-0.0202410671499	0.00663672521873	0.021434743632	0.0193603568668	-0.0608343909312	-0.0103618939102	0.00468127312461	-0.0050432533257	-0.056639596407	0.0501671303202	-0.0406507775538	0.0890055840445	-0.0422631560883	0.0496588023528	-0.0164318932237	0.0174543958186	-0.0165528797901	0.0420055638658	-0.00826171313094	-0.0196196946505	-0.0134291266324	0.0434923241939	0.00374185648249	-0.0699998914217	0.00315730624579	0.00876321121344	0.0152875282602	0.0223016866854
k__Bacteria;p__Bacteroidetes;c__Bacteroidia;o__Bacteroidales;f__Porphyromonadaceae;g__Barnesiella;s__Barnesiella_intestinihominis	-0.055690673511	-0.0224427381815	-0.0248364352596	-0.0312144741216	-0.0120307414278	-0.0425586695113	0.00597365561442	0.0248025136208	0.0674151240822	0.0040807852575	-0.033436711018	-0.0504357536894	-0.0345555756612	-0.0269111633168	0.0526158970943	-0.0119672459309	-0.0413231228485	-0.0319073700943	1.0	0.0265736326609	0.0312764469537	0.00344909860648	0.0099007407329	-0.0244079353752	0.00824717462871	0.0278873784022	-0.0516790549749	-0.000864999048804	0.00266386136024	-0.0269012936993	-0.00296462320225	-0.0281197247537	-0.0307418862711	-0.0247077014999	-0.0383249719189	0.00500448537231	-0.0109751722608	-0.034926537835	0.0419895220003	-0.0188387622703	-0.0567275011484	-0.0192944293502	0.0453370838859	-0.0272142854534	-0.00622752283383	0.0167787211413	0.0268682278631	-0.00277560163826	-0.00844208905842	-0.0053858342321	-0.0269995931483	-0.0247635143703	0.0436122254734	-0.00134924933493	0.0073631100489	0.0135024406415	0.0367954918492	-0.0210601571771	-0.0482437778376
k__Bacteria;p__Bacteroidetes;c__Bacteroidia;o__Bacteroidales;f__Odoribacteraceae;g__Odoribacter;s__Odoribacter_splanchnicus	0.0846599935471	-0.0392182457932	0.0339391335536	0.0611873066474	0.0962227880826	0.0122213396881	-0.0523259006562	0.00892658630592	-0.017338497624	-0.0249610645963	-0.0531164149782	-0.051133327304	-0.0189260567317	-0.00817465693515	0.00531442993399	0.0685147859942	-0.0218222091145	-0.0546360827331	0.0265736326609	1.0	-0.0221802383803	0.0192627216725	0.0695527528306	-0.000954503962447	0.0106512274894	-0.0293611047998	-0.00987573241451	0.0378516383085	0.00869252847302	-0.0591269717706	0.00318390104541	0.00268745368439	-0.0492709591958	-0.0105459524685	0.0133467639064	0.00690455152168	-0.000300484961756	0.0324346394186	-0.0630310175487	-0.0353001838854	-0.0138578593663	0.0215730929015	-0.090402624476	-0.00551631195135	-0.00637329511962	0.00751734399028	0.0139023537343	-0.00679671975833	-0.00869148879887	-0.0220101321302	0.040839952402	-0.000833138033698	0.0491888579626	-0.0286542801103	-0.0153032068332	0.015312671007	-0.0363008218808	-0.0125582709218	-0.0358725552095
k__Bacteria;p__Bacteroidetes;c__Bacteroidia;o__Bacteroidales;f__Bacteroidaceae;g__Bacteroides;s__Bacteroides_salyersiae	-0.0313028264575	-0.00667974958193	0.0151171331551	0.0527804052657	-0.00999137419864	-0.0587144327988	-0.00988566697151	-0.0326199963103	0.0347618636601	0.00715983458757	-0.0251342915736	0.0223592239669	-0.0273892630914	-0.0915783044842	-0.0452934326007	-0.0151775071154	0.0268206618703	-0.023222196315	0.0312764469537	-0.0221802383803	1.0	-0.0259273619969	-0.0624311703607	0.0219937430636	0.0176049050319	0.0103396445805	-0.0477153929855	-0.00342085473326	-0.0153546523824	0.0447572286035	0.0863733863575	0.0352616606551	0.0209976966896	-0.0510093059799	-0.00833930239908	-0.036411469246	-0.0807632786085	-0.0257713870028	0.0557011271755	-0.0356138023681	-0.0239694064466	-0.0721350406124	-0.010026385144	-0.0361284707697	-0.0325495187932	0.00531999070817	-0.0345144855088	0.0328315385661	-0.0757876206685	-0.0113498980258	-0.045891473503	-0.00120183377393	0.0794588754091	-0.0253487751044	-0.0191054905291	-0.00771069522374	0.0532894060021	-0.015395880795	0.00711007216437
k__Bacteria;p__Firmicutes;c__Clostridia;o__Clostridiales;f__Ruminococcaceae;g__Ruminiclostridium;s__[Eubacterium]_siraeum	0.0346285836467	-0.00664331942564	-0.003016170501	-0.0281624909138	-0.0393251800066	-0.0066370667706	0.0277485685072	-0.0119673610585	-0.0049659429023	0.0114821651851	-0.0115187288079	0.0077775416958	0.023655645118	-0.0521255363023	0.0367822973114	-0.000461433875649	-0.0118694459072	0.00355460401811	0.00344909860648	0.0192627216725	-0.0259273619969	1.0	0.0326628410954	0.0569272126226	-0.0214002173434	-0.0226252946277	0.0228830952219	-0.0111826417117	-0.0443177789594	-0.0665860266515	-0.01794020376	0.00434809370433	-0.0859455667019	-0.0169957183996	0.0173852578119	0.0295856309031	-0.046186454532	-0.0347798281738	-0.0418849288981	-0.0387598053987	-0.0103365940526	-0.0357384330938	-0.0267003439053	0.0325086926798	0.000642003804993	-0.0206076740402	0.0038079167547	0.00405786930156	0.0315377550723	-0.0614037979872	-0.0606232950316	0.0312109917695	-0.02763875367	0.0213659763431	-0.0842021607275	-0.0165701106361	-0.00220463705067	-0.0444080073994	0.0594704116453
k__Bacteria;p__Proteobacteria;c__Betaproteobacteria;o__Burkholderiales;f__Sutterellaceae;g__Parasutterella;s__Parasutterella_excrementihominis	0.0717565223197	0.0113504347671	-0.0313103166175	0.0143070652297	0.00419154450634	0.040931378402	-0.0663234240913	-0.0732377557778	-0.00444082906088	0.0142127031924	-0.044850571276	-0.0195280760511	0.0174884111183	0.0214927737065	-0.0361926081938	0.038733510879	0.0406772937898	-0.0835287189846	0.0099007407329	0.0695527528306	-0.0624311703607	0.0326628410954	1.0	-0.020108093862	-0.0522250702449	-0.0416494456061	-0.00607316121799	-0.0330209780663	-0.042032178157	-0.0392950222547	-0.00755763074746	0.0447570846482	0.00502910254508	0.0459148422263	-0.0260754402369	0.0531177475377	-0.0761273717186	-0.0444965533368	-0.025803618622	-0.01058319257	-0.0549590338553	0.0283084357327	0.0375272322551	0.0369681791072	-0.0414255590391	-0.0117109652688	-0.0630360287354	-0.062734200232	-0.0181142248303	0.0409305363567	0.0108008818303	-0.0631545874961	-0.0326855798103	0.0104468940509	-0.0447392298732	0.00908772050827	-0.0935174835636	-0.0297098292154	0.0263457337391
k__Bacteria;p__Actinobacteria;c__Actinobacteria;o__Bifidobacteriales;f__Bifidobacteriaceae;g__Bifidobacterium;s__Bifidobacterium_adolescentis	-0.023094784785	0.00851970775369	-0.0272725156679	0.0080779178923	0.0218756176489	-0.0294411862898	-0.0358471554889	-0.044725184147	0.0135064251754	0.0130314078747	-0.0276823030476	-0.00262135911208	0.0338757965505	-0.0545770760914	0.00579496243078	-0.0419602724986	0.0632982877286	0.00419199887246	-0.0244079353752	-0.000954503962447	0.0219937430636	0.0569272126226	-0.020108093862	1.0	0.0432829979286	0.0290933204911	0.041896642751	0.0203175477623	-0.00603856962777	0.0268752019914	0.0156337467112	0.0157058863782	0.0137954677618	0.000153762232962	0.0374956841155	-0.0226520341669	0.0322465540983	-0.0359674794551	0.00267178403605	0.00105820037815	0.0275233776522	-0.00311368026292	-0.0193877520818	-0.00260073975432	0.0148110671288	-0.0352331210732	-0.0265442321034	-0.0302770779682	-0.0606969335936	-6.52728362426e-05	0.022273752144	-0.0236398881713	-0.0273518465722	0.0137078084456	-0.0702615659617	0.0337091119339	-0.028149649039	0.000665766413398	0.0159574857416
k__Bacteria;p__Firmicutes;c__Clostridia;o__Clostridiales;f__Oscillospiraceae;g__Oscillibacter;s__Oscillibacter_sp._KLE_1745	0.0139191862495	0.0505651993872	0.0211513731628	0.0122682205761	0.0018600866263	-0.100636643384	-0.00282482800719	-0.106673682756	-0.0430868000453	-0.00842563481143	-0.0355105121917	-0.0226914135946	0.00609275468791	-0.0406065316319	0.00783436797271	-0.029140613836	-0.021976067896	-0.0180183554917	0.00824717462871	0.0106512274894	0.0176049050319	-0.0214002173434	-0.0522250702449	0.0432829979286	1.0	-0.00137583043955	-0.0164432796736	0.00927198680897	0.018162457469	-0.0143801697452	-0.0101251647833	0.0170488871735	0.0586754304698	-0.0167836891401	0.0330867504272	-0.0608625215228	0.0212898667062	-0.0433309650946	0.0761050322439	-0.0135157279748	0.0387391011838	-0.0262182755397	-0.0723147358897	-0.0104983445944	-0.0112245650497	-0.0155076563148	0.0121952054378	-0.00549771512981	0.0182808944883	0.0232875633965	0.0861311180853	-0.0073794876175	-0.00857374938037	0.0372323536408	-0.00540144822953	-0.0681754418333	-0.0514143960632	-0.0466342771683	-0.0124298481099
k__Bacteria;p__Bacteroidetes;c__Bacteroidia;o__Bacteroidales;f__Bacteroidaceae;g__Bacteroides;s__Bacteroides_coprophilus	-0.061520702648	-0.0361739326504	-0.00210855415806	-0.0278748998014	0.0277710559321	0.00724510063654	-0.0245615885115	-0.00191663622226	0.00459798407835	-0.0421825700548	0.020553455025	-0.0708330273128	-0.0958156794971	0.0173465807255	0.0265624173825	-0.0499676489159	-0.0190586846403	-0.0206126300982	0.0278873784022	-0.0293611047998	0.0103396445805	-0.0226252946277	-0.0416494456061	0.0290933204911	-0.00137583043955	1.0	0.0262363260129	0.00322096021744	-0.00947808339121	-0.0185438702629	-0.0504905466968	0.0201108739609	0.0170066959764	0.00624182920902	0.00663851688001	-0.02321128121	0.00158674560457	0.00877825086779	0.0337155769064	0.0163070799562	0.0208899144017	-0.0514488004723	-0.0691522094957	-0.027554377068	-0.0175169177179	0.00812804048745	0.00614613085519	-0.0183599129812	0.00644861716669	-0.00487410568672	0.0363934677805	0.134132257726	-0.0428474160604	-0.0323180159688	-0.025197279907	0.0214711797635	0.00500632909436	0.000477916097734	-0.0360034282648
k__Bacteria;p__Firmicutes;c__Clostridia;o__Clostridiales;f__Lachnospiraceae;g__Roseburia;s__Roseburia_intestinalis	-0.0282971362725	-0.000750832525032	-0.0105040039005	-0.0255878309678	-0.058353782831	-0.0546069341159	-0.0119220218869	-0.0689552558124	-0.0313740185609	0.0201719983179	-0.0086459051405	-0.0789526257322	0.0488419819235	0.0190353535187	-0.0359755263496	-0.050455278935	-0.0235131693873	-0.0189278943691	-0.0516790549749	-0.00987573241451	-0.0477153929855	0.0228830952219	-0.00607316121799	0.041896642751	-0.0164432796736	0.0262363260129	1.0	-0.0922457974868	0.0597557327013	0.0187630299632	-0.0298249674812	-0.000368889611465	-0.0102157634988	-0.0224122201235	0.0269628153003	-0.0654770095627	-0.0446896141038	-0.0147851283207	-0.0526335800146	0.0388810032457	-0.0146606028128	0.0131272714943	-0.0782211460823	0.0169052531471	-0.00560727960132	-0.0144137683009	0.0126068246446	-0.0270569280055	-0.00671813688239	0.0162776741748	0.00346824491153	0.00427434251944	-0.0370224029737	0.0161728579046	0.0489303243799	0.0477991652914	0.0496461005454	0.0689823892462	-0.0238703944139
k__Bacteria;p__Firmicutes;c__Clostridia;o__Clostridiales;f__Lachnospiraceae;g__Roseburia;s__Roseburia_hominis	0.00304206195336	0.0104540830743	-0.0985848638448	0.0650408636073	-0.00386762810468	-0.0597198382694	0.0328926362012	0.0134155392185	0.00258957392409	0.00601756627279	0.0191954156558	-0.0813194808536	0.00372995502278	-0.0254860018778	-0.0297739806281	0.0398197727201	-0.125195353299	-0.0110881078817	-0.000864999048804	0.0378516383085	-0.00342085473326	-0.0111826417117	-0.0330209780663	0.0203175477623	0.00927198680897	0.00322096021744	-0.0922457974868	1.0	-0.016706788011	0.0150737156594	0.0268368876122	-0.0127008689398	0.0485954855156	0.0594917904354	-0.0145069497407	-0.0236993756678	-0.00689205951136	-0.0355899649108	-0.00604331733896	0.00340111940238	-0.0244211891309	0.00868163106449	-0.0326626899611	0.00302391380007	0.0230889272771	0.00571464795458	0.0332402567348	-0.0487733473571	-0.0188864149048	-0.00931440889758	-0.0247579613218	-0.031542222621	-0.039551656723	-0.0347088187269	-0.0312716325135	0.00575727265583	0.0327806152745	0.00561144720837	-0.0627197755337
k__Bacteria;p__Bacteroidetes;c__Bacteroidia;o__Bacteroidales;f__Porphyromonadaceae;g__Parabacteroides;s__Parabacteroides_johnsonii	-0.0139477701367	0.0143805759517	0.0251830830619	-0.01308204882	-0.0411679507775	0.03212565938	0.0276925968269	-0.0328981396877	-0.058433458815	-0.0919491331284	-0.041149126108	0.0150109904466	-0.0450545581988	0.0312359996807	-0.0127900965818	0.0358996529945	-0.0450334344775	0.0255746569938	0.00266386136024	0.00869252847302	-0.0153546523824	-0.0443177789594	-0.042032178157	-0.00603856962777	0.018162457469	-0.00947808339121	0.0597557327013	-0.016706788011	1.0	0.047618027181	-0.010411169273	-0.00180212109529	0.0104549914671	0.0279887164149	-0.0376870142772	0.0410518201548	-0.0471239509297	-0.00704695999846	-0.0863784382923	-0.0378129779169	-0.0603298441788	-0.038227519567	0.0197061227397	-0.0606125875495	-0.0136593778405	0.00569397555722	-0.00364470982531	-0.0321397795709	0.00794799107589	-0.060491444376	0.0490200307081	0.0119781948614	-0.00062620026271	0.077884162003	-0.043641277222	0.00809773985128	0.022436647481	-0.0487370792301	-0.0482162549422
k__Bacteria;p__Actinobacteria;c__Actinobacteria;o__Bifidobacteriales;f__Bifidobacteriaceae;g__Bifidobacterium;s__Bifidobacterium_longum	-0.0204441468736	0.0433875694112	0.0125221897061	0.0362997997861	-0.067820250561	-0.0140290244143	-0.0211952456391	0.0149032997936	0.0027546551864	-0.00482102614927	0.030874749566	0.0201901940695	-0.0147527683114	-0.0439121792623	-0.0106288352875	0.0444425964034	0.00255079828686	-0.00160684050224	-0.0269012936993	-0.0591269717706	0.0447572286035	-0.0665860266515	-0.0392950222547	0.0268752019914	-0.0143801697452	-0.0185438702629	0.0187630299632	0.0150737156594	0.047618027181	1.0	-0.00823180352657	-0.000775925272909	-0.0509797697701	-0.0416493498016	-0.000543261706678	-0.0520553368154	-0.0341312301425	-0.000483318678546	0.00821097598899	0.0225789784783	0.070573607983	-0.0390928080169	-0.0316301799083	-0.00303602179014	0.046140560189	0.0499057470472	-0.0601552486673	0.00560200507683	-0.0149120780038	-0.0307980807599	0.0139902347826	-0.0161201862285	-0.020515824415	-0.0684207896635	0.0141431005838	-0.0574153823256	0.0404245104248	-0.0356082284731	0.0120568491356
