#taxonomy	k__Bacteria;p__Bacteroidetes;c__Bacteroidia;o__Bacteroidales;f__Bacteroidaceae;g__Bacteroides;s__Bacteroides_vulgatus	k__Bacteria;p__Bacteroidetes;c__Bacteroidia;o__Bacteroidales;f__Bacteroidaceae;g__Bacteroides;s__Bacteroides_uniformis	k__Bacteria;p__Bacteroidetes;c__Bacteroidia;o__Bacteroidales;f__Rikenellaceae;g__Alistipes;s__Alistipes_putredinis	k__Bacteria;p__Bacteroidetes;c__Bacteroidia;o__Bacteroidales;f__Prevotellaceae;g__Prevotella;s__Prevotella_copri	k__Bacteria;p__Bacteroidetes;c__Bacteroidia;o__Bacteroidales;f__Bacteroidaceae;g__Bacteroides;s__Bacteroides_stercoris	k__Bacteria;p__Bacteroidetes;c__Bacteroidia;o__Bacteroidales;f__Bacteroidaceae;g__Bacteroides;s__Bacteroides_ovatus	k__Bacteria;p__Bacteroidetes;c__Bacteroidia;o__Bacteroidales;f__Rikenellaceae;g__Alistipes;s__Alistipes_shahii	k__Bacteria;p__Firmicutes;c__Clostridia;o__Clostridiales;f__Ruminococcaceae;g__Faecalibacterium;s__Faecalibacterium_prausnitzii	k__Bacteria;p__Bacteroidetes;c__Bacteroidia;o__Bacteroidales;f__Rikenellaceae;g__Alistipes;s__Alistipes_finegoldii	k__Bacteria;p__Bacteroidetes;c__Bacteroidia;o__Bacteroidales;f__Porphyromonadaceae;g__Parabacteroides;s__Parabacteroides_distasonis	k__Bacteria;p__Bacteroidetes;c__Bacteroidia;o__Bacteroidales;f__Bacteroidaceae;g__Bacteroides;s__Bacteroides_thetaiotaomicron	k__Bacteria;p__Bacteroidetes;c__Bacteroidia;o__Bacteroidales;f__Bacteroidaceae;g__Bacteroides;s__Bacteroides_coprocola	k__Bacteria;p__Bacteroidetes;c__Bacteroidia;o__Bacteroidales;f__Bacteroidaceae;g__Bacteroides;s__Bacteroides_cellulosilyticus	k__Bacteria;p__Bacteroidetes;c__Bacteroidia;o__Bacteroidales;f__Rikenellaceae;g__Alistipes;s__Alistipes_obesi	k__Bacteria;p__Firmicutes;c__Clostridia;o__Clostridiales;f__Lachnospiraceae;g__;s__[Eubacterium]_rectale	k__Bacteria;p__Bacteroidetes;c__Bacteroidia;o__Bacteroidales;f__Bacteroidaceae;g__Bacteroides;s__Bacteroides_plebeius	k__Bacteria;p__Bacteroidetes;c__Bacteroidia;o__Bacteroidales;f__Bacteroidaceae;g__Bacteroides;s__Bacteroides_fragilis	k__Bacteria;p__Proteobacteria;c__Betaproteobacteria;o__Burkholderiales;f__Sutterellaceae;g__Sutterella;s__Sutterella_wadsworthensis	k__Bacteria;p__Bacteroidetes;c__Bacteroidia;o__Bacteroidales;f__Porphyromonadaceae;g__Barnesiella;s__Barnesiella_intestinihominis	k__Bacteria;p__Bacteroidetes;c__Bacteroidia;o__Bacteroidales;f__Odoribacteraceae;g__Odoribacter;s__Odoribacter_splanchnicus	k__Bacteria;p__Bacteroidetes;c__Bacteroidia;o__Bacteroidales;f__Bacteroidaceae;g__Bacteroides;s__Bacteroides_salyersiae	k__Bacteria;p__Firmicutes;c__Clostridia;o__Clostridiales;f__Ruminococcaceae;g__Ruminiclostridium;s__[Eubacterium]_siraeum	k__Bacteria;p__Proteobacteria;c__Betaproteobacteria;o__Burkholderiales;f__Sutterellaceae;g__Parasutterella;s__Parasutterella_excrementihominis	k__Bacteria;p__Actinobacteria;c__Actinobacteria;o__Bifidobacteriales;f__Bifidobacteriaceae;g__Bifidobacterium;s__Bifidobacterium_adolescentis	k__Bacteria;p__Firmicutes;c__Clostridia;o__Clostridiales;f__Oscillospiraceae;g__Oscillibacter;s__Oscillibacter_sp._KLE_1745	k__Bacteria;p__Bacteroidetes;c__Bacteroidia;o__Bacteroidales;f__Bacteroidaceae;g__Bacteroides;s__Bacteroides_coprophilus	k__Bacteria;p__Firmicutes;c__Clostridia;o__Clostridiales;f__Lachnospiraceae;g__Roseburia;s__Roseburia_intestinalis	k__Bacteria;p__Firmicutes;c__Clostridia;o__Clostridiales;f__Lachnospiraceae;g__Roseburia;s__Roseburia_hominis	k__Bacteria;p__Bacteroidetes;c__Bacteroidia;o__Bacteroidales;f__Porphyromonadaceae;g__Parabacteroides;s__Parabacteroides_johnsonii	k__Bacteria;p__Actinobacteria;c__Actinobacteria;o__Bifidobacteriales;f__Bifidobacteriaceae;g__Bifidobacterium;s__Bifidobacterium_longum	k__Bacteria;p__Firmicutes;c__Clostridia;o__Clostridiales;f__;g__Flavonifractor;s__Flavonifractor_plautii	k__Bacteria;p__Firmicutes;c__Clostridia;o__Clostridiales;f__Clostridiaceae;g__Clostridium;s__Clostridium_phoceensis	k__Bacteria;p__Verrucomicrobia;c__Verrucomicrobiae;o__Verrucomicrobiales;f__Akkermansiaceae;g__Akkermansia;s__Akkermansia_muciniphila	k__Bacteria;p__Bacteroidetes;c__Bacteroidia;o__Bacteroidales;f__Prevotellaceae;g__Paraprevotella;s__Paraprevotella_xylaniphila	k__Bacteria;p__Firmicutes;c__Clostridia;o__Clostridiales;f__Ruminococcaceae;g__Ruminococcus;s__Ruminococcus_callidus	k__Bacteria;p__Bacteroidetes;c__Bacteroidia;o__Bacteroidales;f__Rikenellaceae;g__Alistipes;s__Alistipes_senegalensis	k__Bacteria;p__Firmicutes;c__Clostridia;o__Clostridiales;f__Lachnospiraceae;g__Blautia;s__Blautia_sp._KLE_1732	k__Bacteria;p__Bacteroidetes;c__Bacteroidia;o__Bacteroidales;f__Bacteroidaceae;g__Bacteroides;s__Bacteroides_oleiciplenus	k__Bacteria;p__Firmicutes;c__Clostridia;o__Clostridiales;f__Ruminococcaceae;g__Ruminococcus;s__Ruminococcus_bicirculans	k__Bacteria;p__Bacteroidetes;c__Bacteroidia;o__Bacteroidales;f__Bacteroidaceae;g__Bacteroides;s__Bacteroides_fluxus	k__Bacteria;p__Bacteroidetes;c__Bacteroidia;o__Bacteroidales;f__Prevotellaceae;g__Prevotella;s__Prevotella_stercorea	k__Bacteria;p__Firmicutes;c__Clostridia;o__Clostridiales;f__Lachnospiraceae;g__Dorea;s__Dorea_longicatena	k__Bacteria;p__Firmicutes;c__Clostridia;o__Clostridiales;f__Eubacteriaceae;g__Eubacterium;s__[Eubacterium]_eligens	k__Bacteria;p__Firmicutes;c__Clostridia;o__Clostridiales;f__Ruminococcaceae;g__;s__Ruminococcaceae_bacterium_D16	k__Bacteria;p__Firmicutes;c__Clostridia;o__Clostridiales;f__Lachnospiraceae;g__Coprococcus;s__Coprococcus_comes	k__Bacteria;p__Proteobacteria;c__Gammaproteobacteria;o__Enterobacterales;f__Enterobacteriaceae;g__Escherichia;s__Escherichia_coli	k__Bacteria;p__Firmicutes;c__Clostridia;o__Clostridiales;f__Ruminococcaceae;g__Anaerotruncus;s__Anaerotruncus_colihominis	k__Bacteria;p__Firmicutes;c__Clostridia;o__Clostridiales;f__Lachnospiraceae;g__Blautia;s__Blautia_obeum	k__Bacteria;p__Bacteroidetes;c__Bacteroidia;o__Bacteroidales;f__Odoribacteraceae;g__Odoribacter;s__Odoribacter_laneus	k__Bacteria;p__Firmicutes;c__Clostridia;o__Clostridiales;f__Ruminococcaceae;g__Ruminiclostridium;s__[Clostridium]_leptum	k__Bacteria;p__Bacteroidetes;c__Bacteroidia;o__Bacteroidales;f__Porphyromonadaceae;g__Parabacteroides;s__Parabacteroides_goldsteinii	k__Bacteria;p__Firmicutes;c__Clostridia;o__Clostridiales;f__Lachnospiraceae;g__Anaerostipes;s__Anaerostipes_hadrus	k__Bacteria;p__Firmicutes;c__Clostridia;o__Clostridiales;f__Ruminococcaceae;g__Ruminococcus;s__Ruminococcus_lactaris	k__Bacteria;p__Firmicutes;c__Clostridia;o__Clostridiales;f__Clostridiaceae;g__Clostridium;s__Clostridium_sp._L2-50	k__Bacteria;p__Firmicutes;c__Clostridia;o__Clostridiales;f__Clostridiaceae;g__Clostridium;s__Clostridium_sp._M62/1	k__Bacteria;p__Firmicutes;c__Clostridia;o__Clostridiales;f__;g__Intestinimonas;s__Intestinimonas_butyriciproducens	k__Bacteria;p__Actinobacteria;c__Actinobacteria;o__Bifidobacteriales;f__Bifidobacteriaceae;g__Bifidobacterium;s__Bifidobacterium_bifidum	k__Bacteria;p__Firmicutes;c__Negativicutes;o__Veillonellales;f__Veillonellaceae;g__Dialister;s__Dialister_invisus	k__Bacteria;p__Bacteroidetes;c__Bacteroidia;o__Bacteroidales;f__Bacteroidaceae;g__Bacteroides;s__Bacteroides_salanitronis
k__Bacteria;p__Bacteroidetes;c__Bacteroidia;o__Bacteroidales;f__Bacteroidaceae;g__Bacteroides;s__Bacteroides_vulgatus	1.0	-0.0495069779305	-0.00898623018634	-0.024832299925	0.0700508275304	0.0559781340242	-0.0508792883513	0.0364973380849	0.0571629642864	-0.0266720472137	-0.0729828890545	0.0169684556262	0.0149527859612	-0.00488511244817	-0.00120715400941	-0.0240700151628	-0.0540640608608	-0.0422589580425	-0.0816767815905	-0.0471265943376	-0.0110364316911	-0.0033918457453	-0.0310124830531	-0.0376514603326	-0.0622687489076	-0.00802686130636	-0.0167919213966	-0.0399111031916	0.0216603793953	0.0202596700175	0.0502518276688	0.021607802481	0.0125221457355	0.0106120761355	0.0109997509377	-0.0759527765783	-0.00830993272689	0.011834875188	-0.00244691980917	-0.0374927010807	-0.0216075880189	0.0216263198101	-0.0417209772176	-0.0312777893943	-0.0619346066269	0.0122075212789	0.0382222879135	0.000170476549418	-0.0354131089952	-0.0287419787245	-0.0358335111344	0.00159978868713	-0.0240644535339	0.00854746178176	-0.00493880085318	-0.0228264192955	-0.0173945799305	-0.0340453935875	-0.0329749032816
k__Bacteria;p__Bacteroidetes;c__Bacteroidia;o__Bacteroidales;f__Bacteroidaceae;g__Bacteroides;s__Bacteroides_uniformis	-0.0495069779305	1.0	-0.0388392255945	0.0199525497882	-0.0281679554732	-0.0707810035476	0.0244932899817	-0.0314312346987	-0.0170759383852	0.0265681210379	-0.0134919927832	0.027076452251	0.0180880570499	0.0172078919933	0.043859423856	0.0127800296532	0.00413947050852	0.0109192128811	-0.0178140291294	0.016709742857	-0.0860601518013	0.0277767921462	-0.0248004857124	-0.0573461370983	-0.00289615831173	-0.026995379437	0.0133527910649	-0.00989436325269	-0.0985043795226	0.0158403610554	-0.0169456850168	-0.039875280727	-0.0257498396549	0.0181304757651	-0.00847442911771	-0.011172571349	-0.0401344443282	0.0243835179846	-0.0107444796459	-0.0285275044475	-0.0228281947004	0.0105123557496	-0.0120876874847	0.0320104595892	0.0536327782789	-0.0131866168625	0.0653900671929	0.0267012601533	-0.0374180019942	-0.0435616536504	-0.0430712744432	0.0071710376405	0.0408227093787	-0.0204069088696	-0.0512871709254	0.0329429581614	-0.00835841179697	-0.00102264656637	-0.0143289179748
k__Bacteria;p__Bacteroidetes;c__Bacteroidia;o__Bacteroidales;f__Rikenellaceae;g__Alistipes;s__Alistipes_putredinis	-0.00898623018634	-0.0388392255945	1.0	0.0025193524908	0.00048421563885	0.0503496881731	-0.0929385905251	0.033047699148	0.00631418705905	-0.0426210020404	-0.0124765298444	-0.0428215540149	-0.0160338190402	-0.0127787972846	0.00522718651338	0.0171635959599	-0.00427342203522	0.0351680952962	-0.0423303242095	0.0227312104616	0.00379312528089	-0.0320241430138	-0.0205784076846	-0.0743542011041	0.0234876705079	0.0304094598197	0.0134871846256	-0.0192661576257	-0.00151849718412	0.00849114621623	-0.0233690711587	-0.0143745580044	-0.0217279731275	-0.00892696974873	-0.0143639572706	0.0024766602024	-0.01488999816	-0.0223510047511	-0.0234275205427	-0.0180538935299	0.0228172476231	-0.00719782429129	-1.98713492833e-05	-0.098924538275	-0.0189926854659	-0.0325477708073	-0.035721707813	0.0186591765749	-0.00255526430197	-0.0588575824753	0.0289641441963	0.0481797397161	-0.01874861339	-0.0127927521509	0.035874023951	0.0245205067836	-0.00416897937613	-0.00400693465834	-0.0102421734263
k__Bacteria;p__Bacteroidetes;c__Bacteroidia;o__Bacteroidales;f__Prevotellaceae;g__Prevotella;s__Prevotella_copri	-0.024832299925	0.0199525497882	0.0025193524908	1.0	-0.0265228450551	-0.011543975941	-0.0121296577441	0.00766634044652	-0.0304702716372	-0.0212787474952	-0.0105951152568	-0.0225169373071	0.00257264524006	-0.0647753666012	-0.0211421763145	-0.0119070186841	0.0243293721335	-0.0263582878226	-0.0480995751889	0.0190244383935	0.0222100682693	0.00618402809484	-0.0346542990734	0.00912744745743	0.0320567160374	-0.00873512941071	-0.0577307241042	-0.017537790235	0.0298981441299	-0.0167251872598	-0.0518314290032	-0.0418597184421	-0.0418706047664	-0.0462073484055	-0.0107785766575	-0.045370678914	0.0477617336367	-0.0129624065993	0.00418226551363	-0.0679668989284	-0.0206789641628	-0.0463485277982	0.0210504056578	-0.00180643288004	0.0151873089011	0.0167455233842	0.0106349925821	-0.0520978448672	0.0625177795616	-0.0345605112253	0.0457301519077	0.0138337473867	-0.0455791441998	-0.0325465718273	-0.0110116659982	-0.00657292149614	-0.0624823747005	0.0462338222777	0.0228669064604
k__Bacteria;p__Bacteroidetes;c__Bacteroidia;o__Bacteroidales;f__Bacteroidaceae;g__Bacteroides;s__Bacteroides_stercoris	0.0700508275304	-0.0281679554732	0.00048421563885	-0.0265228450551	1.0	-0.058370058124	-0.0454406822046	-0.0201995871744	-0.00834022346053	0.0519269918995	0.0241212216915	-0.0425418776358	0.0275051750789	-0.0217273429176	0.00606564872797	-0.00450794373904	-0.000603468276877	0.00264478866985	-0.00526106616823	0.000517082647323	-0.0592604055055	-0.0335156053068	0.0183976230196	-0.00925150121958	-0.0153096120518	0.0249324810422	0.0365338179072	-0.0113247373027	-0.0403674199286	-0.0353619665198	-0.0763322495112	-0.00640711475756	0.00203084145128	0.00455473450752	-0.0275726569783	0.00747594241161	0.104324726126	-0.0197666167258	0.00771050344985	0.0528741874403	-0.0259716703827	0.0117488608858	-0.0368448511598	-0.0155448433536	0.00497928176963	-0.0817025504547	-0.000639024707095	0.0407942168992	-0.00689584828271	-0.0112183663963	-0.0367744870372	0.0475384376647	0.0451342205489	-0.0201600566893	0.0337987881334	-0.00730830867562	-0.017719292936	-0.0747111495473	0.0591519990112
k__Bacteria;p__Bacteroidetes;c__Bacteroidia;o__Bacteroidales;f__Bacteroidaceae;g__Bacteroides;s__Bacteroides_ovatus	0.0559781340242	-0.0707810035476	0.0503496881731	-0.011543975941	-0.058370058124	1.0	0.00946698093194	-0.0168370792118	0.0325866178143	0.0522909825014	0.0168345303303	0.00220423380555	-0.00637087966839	0.0377793212824	0.00271799290909	-0.0226053548268	0.0213914650396	-0.0563801164574	-0.0306105225558	-0.030253677504	-0.0414428464404	-0.0242771588011	-0.0165017061328	-0.0263115979134	-0.0100109419921	0.0418576483861	-0.0260707528955	0.0182300094315	0.0329641858988	-0.0383800420831	-0.0099397946739	-0.00874249091125	-0.00451047685723	-0.000653003215844	0.000860783086487	0.061597696215	0.0126450981322	0.0261541332278	-0.0353811578945	0.031903555775	0.0203101911448	-0.0251260445309	0.0566688074148	-0.0254371803116	-0.0394988441906	0.0849206832216	-0.00175882787334	0.0710066652569	-0.0341991418104	0.00677630342185	0.00530774064334	0.0251327480811	0.0351920216153	-0.0391939182721	-0.00763416483086	0.0216401757172	-0.000141318448272	0.0190005040091	-0.0440400674769
k__Bacteria;p__Bacteroidetes;c__Bacteroidia;o__Bacteroidales;f__Rikenellaceae;g__Alistipes;s__Alistipes_shahii	-0.0508792883513	0.0244932899817	-0.0929385905251	-0.0121296577441	-0.0454406822046	0.00946698093194	1.0	0.0101807591474	0.0164771168559	0.0176756754284	-0.0478547606061	0.0649854114562	0.00202020213658	0.0250087321121	-0.00996203379402	0.0139028497438	0.0575953389306	-0.00653747689258	-0.0548851618594	0.0410293162142	-3.88506385342e-05	-0.0296861329792	-0.0325135419632	-0.0503897894644	0.0192726721668	-0.0172494527123	0.00153196898579	-0.000336825201053	-0.00195874000412	0.0267443765384	-0.0865793402862	0.0299833112622	-0.0346228660639	-0.0340186773703	-0.0197129099369	-0.078636428505	0.0762715641928	0.00430818228167	-0.0298976035169	-0.0234824730334	-0.0663465794322	0.0229983549965	0.0401886990083	-0.0182649945736	0.0437285654981	0.0386507641197	0.0179773056679	-0.00390438462314	-0.00766925404119	-0.0299606196109	-0.0270498469966	-0.0292890758557	0.02094168979	-0.00330985681409	-0.0265990819246	0.00161795212638	0.00972560294561	-0.0398461003341	-0.00171009947771
k__Bacteria;p__Firmicutes;c__Clostridia;o__Clostridiales;f__Ruminococcaceae;g__Faecalibacterium;s__Faecalibacterium_prausnitzii	0.0364973380849	-0.0314312346987	0.033047699148	0.00766634044652	-0.0201995871744	-0.0168370792118	0.0101807591474	1.0	0.00962599045876	-0.0215004188744	-0.0482700157374	0.0288651431102	0.00744992834977	-0.000917509673883	0.0677155387619	-0.0149980856283	-0.0235953331848	-0.0055073896088	-0.0721555342895	-0.0273157402574	0.0148634124812	0.0275425294095	0.0210731167795	0.0267699155955	-0.0262657815659	-0.0162691093518	0.0182722924731	-0.0061477434883	-0.0458886418601	0.0344367029609	-0.0580704423214	0.0139632994762	-0.00724844620068	-0.0391628240348	-4.36631255497e-05	-0.0197574701091	-0.00998913145033	-0.00958730376621	0.0161590469283	0.0241148450294	0.0268271347303	-0.0388226914363	0.0432321490146	-0.00543692365941	-0.027884211219	-0.0301945380433	-0.0306768888029	-0.039472643547	0.0171144928156	0.0236460581701	-0.0133346786103	-0.00877244347272	0.0731829476005	0.00760674141697	3.06394781534e-05	0.0498680792162	0.0278521462792	0.0239902978867	0.0160312901593
k__Bacteria;p__Bacteroidetes;c__Bacteroidia;o__Bacteroidales;f__Rikenellaceae;g__Alistipes;s__Alistipes_finegoldii	0.0571629642864	-0.0170759383852	0.00631418705905	-0.0304702716372	-0.00834022346053	0.0325866178143	0.0164771168559	0.00962599045876	1.0	-0.0800391044919	-0.0275006665222	-0.00509270871888	0.015792978564	-0.026960129876	-0.0136671458057	0.00348165574886	-0.0348818167337	-0.0146989310589	-0.00338855973477	-0.0115743580485	-0.00662275381166	-0.0217113363767	-0.00525323463043	-0.0220802895627	-0.0341017428692	0.0058251167082	0.0272505465906	-0.0217722649561	-0.0275461417953	-0.0310798236638	-0.0268573642738	0.0120708447456	-0.00986596691012	0.00540142383358	0.025547118617	-0.0525413699228	-0.0124557187493	-0.0306019472301	-0.0357273896964	-0.00931691770606	0.0527440268335	-0.0258442364101	0.0586466065355	-0.0199929947523	-0.0285932102448	0.0443873648743	-0.043649488183	-0.0390280414536	-0.105399240939	-0.0794690940173	0.0186701854692	-0.0196670840984	0.0154720312682	0.0211788928237	0.0222080658488	-0.0099551688567	0.0539371675646	-0.018523288563	-0.0218470645466
k__Bacteria;p__Bacteroidetes;c__Bacteroidia;o__Bacteroidales;f__Porphyromonadaceae;g__Parabacteroides;s__Parabacteroides_distasonis	-0.0266720472137	0.0265681210379	-0.0426210020404	-0.0212787474952	0.0519269918995	0.0522909825014	0.0176756754284	-0.0215004188744	-0.0800391044919	1.0	0.0400623026395	0.0146506198114	0.0153305999947	0.0108971792102	0.0370934438353	-0.0229200250273	0.00206768688228	-0.000461132039753	-0.0153678022004	-0.0162428421187	-0.0227895697097	0.0341202014732	-0.0189713401947	-0.0561554876685	-0.0128400491861	0.0311769463558	-0.0382926352511	-0.0217269937308	-0.0442012155168	0.0204435957709	-0.0316612234624	-0.0122692511092	0.0120455733716	0.0483460061269	0.00235148154247	0.0216798272101	-0.0348951642918	-0.0238847410466	-0.00654455497212	-0.0166791972287	-0.0272057132294	-0.00550882107798	0.0191112626189	-0.0133455644877	0.0245869960432	-0.00747597413822	0.014189073156	0.0129735701594	0.0389651616494	-0.0720239621612	0.00473163766503	-0.00639010359966	-0.032330074072	-0.0946687749224	0.0234501836303	0.0522045163386	-0.0536369155987	-0.0349045659679	0.0229414014749
k__Bacteria;p__Bacteroidetes;c__Bacteroidia;o__Bacteroidales;f__Bacteroidaceae;g__Bacteroides;s__Bacteroides_thetaiotaomicron	-0.0729828890545	-0.0134919927832	-0.0124765298444	-0.0105951152568	0.0241212216915	0.0168345303303	-0.0478547606061	-0.0482700157374	-0.0275006665222	0.0400623026395	1.0	-0.0404022629871	0.0606884573814	-0.0142713745079	0.0298134993751	-0.0264126855123	-0.0674540089815	0.0326006439488	-0.0474212180004	0.0304324685564	0.0511638864632	0.00878652701431	-0.0165930931487	0.0481697914173	-0.027595732471	-0.0478620122616	-0.0156050398646	-0.0367489257693	0.0325166813008	-0.0207158781868	-0.0324550913821	-0.0300660275397	0.00121869245475	-0.00561832238198	-0.00237535681716	-0.0111131652025	-0.021348306066	0.00682537755505	0.0160585180919	-0.00454579469186	0.0314263330229	0.00959312178031	0.0170807094074	-0.0472653874356	-0.0731524303583	0.0622770141848	-0.0408884149224	0.000422528217228	-0.0153585677194	-0.0451323048444	0.0340428162315	-0.0934833649254	0.0126500021421	0.0368007169951	-0.0169861481044	-0.0884240291715	0.0108480191164	0.0427197320292	-0.033323729982
k__Bacteria;p__Bacteroidetes;c__Bacteroidia;o__Bacteroidales;f__Bacteroidaceae;g__Bacteroides;s__Bacteroides_coprocola	0.0169684556262	0.027076452251	-0.0428215540149	-0.0225169373071	-0.0425418776358	0.00220423380555	0.0649854114562	0.0288651431102	-0.00509270871888	0.0146506198114	-0.0404022629871	1.0	0.0534094332627	-0.0163679625229	0.0659560808095	0.0850451230857	0.0100350490903	-0.0262030143041	-0.0426422150849	-0.0505124150639	-0.0305150548975	0.0251998805425	-0.0496798971667	-0.0335167603165	0.0260466724753	0.00708319925318	-0.0124136208446	-0.0419849606342	-0.0164829957724	-0.0452399691959	-0.0348684747075	-0.0287920640202	-0.0299007965229	-0.0428307263746	0.0776211055052	-0.00190316319421	-0.0473695125697	0.0188752792179	0.0315327041571	-0.0516835756199	-0.00888021633256	0.0422006607201	0.0600010501518	-0.0886527019871	-0.000334958483983	-0.0419057205848	-0.0126057148126	0.000314386928255	0.0141664981924	-0.0418766572484	-0.0261518377253	-0.06489351893	0.0205334021169	0.052653205303	-0.0259618207028	0.0324986973235	0.0271116568293	0.0254578464514	0.00642850072628
k__Bacteria;p__Bacteroidetes;c__Bacteroidia;o__Bacteroidales;f__Bacteroidaceae;g__Bacteroides;s__Bacteroides_cellulosilyticus	0.0149527859612	0.0180880570499	-0.0160338190402	0.00257264524006	0.0275051750789	-0.00637087966839	0.00202020213658	0.00744992834977	0.015792978564	0.0153305999947	0.0606884573814	0.0534094332627	1.0	-0.0312168464946	-0.0685114533027	0.0768082385238	-0.00810022574019	-0.0383166604566	-0.0614903057575	-0.0638481407423	0.0479872071846	-0.0416713040255	0.0186251314436	0.0146864296987	0.0170402801399	0.00812243731973	-0.0640832815055	-0.00655196780085	-0.000441375975248	0.018224536082	0.0477607508136	-0.0718933836455	0.016100688692	-0.0180313335703	-0.0665757966946	0.00780489472203	0.0594487313072	-0.0857814416315	0.00903437561743	-0.00620176146345	-0.100609705487	-0.0421344183841	-0.0266755598184	-0.00458876175181	0.0211432309334	-0.0245516538452	-0.028148899586	-0.0127284252945	-0.0190749683102	0.00251805405183	0.0152516384239	-0.0271980757335	0.0213074853855	-0.0322396620179	-0.0613218409292	0.0253798369907	-0.035849234588	0.0132010916795	0.0256654427738
k__Bacteria;p__Bacteroidetes;c__Bacteroidia;o__Bacteroidales;f__Rikenellaceae;g__Alistipes;s__Alistipes_obesi	-0.00488511244817	0.0172078919933	-0.0127787972846	-0.0647753666012	-0.0217273429176	0.0377793212824	0.0250087321121	-0.000917509673883	-0.026960129876	0.0108971792102	-0.0142713745079	-0.0163679625229	-0.0312168464946	1.0	-0.0119461537302	0.00788493042893	0.0186907434763	-0.0221234437518	0.0119513247234	-0.065155027519	-0.0537242158107	-0.0495761993641	0.0146577299959	0.0182037958695	0.0133559970053	-0.011027574261	-0.0216888086467	-0.0290167239604	-0.00860982207346	-0.0563022408144	0.0394709144249	0.00426757952011	-0.0297862035947	-0.0240218192851	-0.0311185939313	0.0017716350283	-0.0490742515473	-0.00571598265602	0.0586184484924	-0.0382156717819	-0.026619542182	0.00554481164285	-0.0293742625231	0.0298550818804	0.043466744861	0.0561245931226	-0.00942651498755	-0.00584970293136	0.0545208286005	-0.00493283017658	-0.049014135572	-0.0282599315585	0.0306988206482	-0.0576878382417	0.0416149303185	0.0254174076959	0.00783840486191	0.0162580843544	-0.074284426164
k__Bacteria;p__Firmicutes;c__Clostridia;o__Clostridiales;f__Lachnospiraceae;g__;s__[Eubacterium]_rectale	-0.00120715400941	0.043859423856	0.00522718651338	-0.0211421763145	0.00606564872797	0.00271799290909	-0.00996203379402	0.0677155387619	-0.0136671458057	0.0370934438353	0.0298134993751	0.0659560808095	-0.0685114533027	-0.0119461537302	1.0	-0.0303277119999	-0.041093630024	-0.0346938996047	-0.087110292047	-0.017709154603	-0.0351504098281	-0.0473162569656	0.0231757277444	0.00941289964801	-0.0309278953496	-0.00605806814154	0.0302837876594	-0.0256444812525	-0.0493237964946	-0.00532517935549	-0.00224734936126	-0.0522931636519	0.0178876402896	0.0367791924854	-0.0146997529402	-0.0289072766794	-0.0306980884103	0.0145884321809	0.0122904881587	-0.0524192893186	-0.00975067382997	-0.0198723005484	-0.0578628705379	0.0150472336176	-0.000383583486436	-0.0126960882434	0.00511134118692	0.0518717521725	-0.0370121190443	-0.0450160316102	0.0446486442351	0.00547424883508	0.0394336567829	-0.0330800520326	-0.0271245141664	0.0316348484203	0.0345645196002	0.00687654200306	-0.0608201700077
k__Bacteria;p__Bacteroidetes;c__Bacteroidia;o__Bacteroidales;f__Bacteroidaceae;g__Bacteroides;s__Bacteroides_plebeius	-0.0240700151628	0.0127800296532	0.0171635959599	-0.0119070186841	-0.00450794373904	-0.0226053548268	0.0139028497438	-0.0149980856283	0.00348165574886	-0.0229200250273	-0.0264126855123	0.0850451230857	0.0768082385238	0.00788493042894	-0.0303277119999	1.0	-0.0177994117527	-0.0291082886737	0.0302475959781	0.0242351984834	-0.0159619132569	-0.0699744821437	-0.0546345329118	-0.0133033052479	-0.00434260951764	-0.0349988166229	-0.00268271952723	-0.030436299986	0.00103444456948	0.00530442878148	-0.0109733661449	-0.040892346983	0.0484475249039	-0.0333678050285	0.008715962465	0.0181640428678	0.0437833251776	-0.0521109773844	0.0172815958954	0.0218516705858	-0.0172731730026	-0.0265466497868	-0.00559716601039	-0.0438537943546	0.0623402856569	-0.0462546954392	-0.0513772193208	-0.0386987164224	0.00567351089446	0.0826804711156	-0.0426944817275	-0.0535902323861	0.0155614199822	0.0283626780498	0.0196864370435	-0.0480971938494	0.028324586366	-0.0560218132362	-0.0391965421895
k__Bacteria;p__Bacteroidetes;c__Bacteroidia;o__Bacteroidales;f__Bacteroidaceae;g__Bacteroides;s__Bacteroides_fragilis	-0.0540640608608	0.00413947050852	-0.00427342203522	0.0243293721335	-0.000603468276877	0.0213914650396	0.0575953389306	-0.0235953331848	-0.0348818167337	0.00206768688228	-0.0674540089815	0.0100350490903	-0.00810022574019	0.0186907434763	-0.041093630024	-0.0177994117527	1.0	-0.0150946659307	0.0156380218346	0.0393799624291	-0.0203407822226	0.0476185190485	0.0225470159518	-0.0109796796402	0.0479789989492	-0.0492659509674	0.0135660953585	0.0593604153224	-0.017960180985	-0.00433772509808	0.0183152920278	-0.0254962394748	0.00402776715322	-0.0202551798727	-0.0218477335452	0.0379548630081	-0.0339664796791	-0.00388993510054	0.00111646161579	-0.00265158829974	0.0332811337898	-0.0363665059548	0.0664318941525	0.0164927039189	-0.0511844080976	-0.015072851911	0.0466310771048	-0.0299384541948	-0.0178064901472	0.022880113528	-0.00356680375189	0.0614573808064	0.00060391846232	-0.0677500411493	-0.0533837829216	0.0278794270744	0.00555349538062	-0.0221606704369	-0.0460998308659
k__Bacteria;p__Proteobacteria;c__Betaproteobacteria;o__Burkholderiales;f__Sutterellaceae;g__Sutterella;s__Sutterella_wadsworthensis	-0.0422589580425	0.0109192128811	0.0351680952962	-0.0263582878226	0.00264478866985	-0.0563801164574	-0.00653747689258	-0.0055073896088	-0.0146989310589	-0.000461132039753	0.0326006439488	-0.0262030143041	-0.0383166604566	-0.0221234437518	-0.0346938996047	-0.0291082886737	-0.0150946659307	1.0	0.0341440043662	-0.0312594689053	0.0310500593184	-0.0100012498565	0.00150673276311	0.00264936164065	-0.0151303936491	0.0114009423574	0.00958855822066	0.0147749269273	0.0109228564002	-0.0513420740076	0.0386596896458	-0.00680846365451	-0.00344313673716	0.0653540048983	0.0261161379138	-0.0320874716643	-0.0253474766179	-0.000145358657733	-0.0308794041927	-0.019891156918	-0.0151016756365	0.0261485103036	0.0311696747986	-0.00710120541891	-0.0433424424143	-0.00278264468261	-0.0246181187328	-0.00864255547604	0.0212091667205	-0.0668935386939	0.00676882504379	-0.0133217521105	0.0308942244422	0.0438886891789	0.0227319339818	-0.0207117863532	0.0390926365942	0.0105543156826	-0.051787967187
k__Bacteria;p__Bacteroidetes;c__Bacteroidia;o__Bacteroidales;f__Porphyromonadaceae;g__Barnesiella;s__Barnesiella_intestinihominis	-0.0816767815905	-0.0178140291294	-0.0423303242095	-0.0480995751889	-0.00526106616823	-0.0306105225558	-0.0548851618594	-0.0721555342895	-0.00338855973477	-0.0153678022004	-0.0474212180004	-0.0426422150849	-0.0614903057575	0.0119513247234	-0.087110292047	0.0302475959781	0.0156380218346	0.0341440043662	1.0	0.0550070172225	-0.0464835180526	-0.0262210453165	0.0460210413153	0.0173038882498	0.0220528181559	0.0110517321707	0.00872850851968	-0.00033728734562	-0.0419268936063	0.0180541740136	-0.00485989338914	-0.0252720602171	-0.0635908539854	0.0131509756232	0.0135801212557	0.0988420974001	-0.0143856506575	0.0413095854597	-0.0449656365336	0.00194815033544	0.028117098605	-0.014035787054	-0.0337730322025	0.0393639382469	-0.0285337899436	-0.00824465895151	0.00436976123439	0.00738191771035	-0.00275659557181	-0.0278703551873	0.000148582748667	-0.0584676842894	-0.0253081937913	0.00558777646443	0.0127898926682	-0.0424371275827	0.0675138741488	0.0115951955279	-0.0318276174115
k__Bacteria;p__Bacteroidetes;c__Bacteroidia;o__Bacteroidales;f__Odoribacteraceae;g__Odoribacter;s__Odoribacter_splanchnicus	-0.0471265943376	0.016709742857	0.0227312104616	0.0190244383935	0.000517082647323	-0.030253677504	0.0410293162142	-0.0273157402574	-0.0115743580485	-0.0162428421187	0.0304324685564	-0.0505124150639	-0.0638481407423	-0.065155027519	-0.017709154603	0.0242351984834	0.0393799624291	-0.0312594689053	0.0550070172225	1.0	-0.031257330394	-0.021111583273	-0.0491255606393	-0.0524851111711	-0.0385013136394	-0.0293957928314	-0.0207379733222	0.0290728727401	0.0229011528128	0.0404675069066	0.0395156489175	-0.0137314535182	-0.0187550357292	-0.0255186556836	0.0290770719822	-0.0616703312101	0.0360128986074	-0.0139424121044	0.052737108936	0.00527204390728	0.0857482771528	0.0106455932538	0.0213512956982	-0.0279067270318	-0.052689802362	-0.0283899742899	0.00534826545272	-0.00421987976886	-0.0152836866028	0.0721874297261	-0.026956915022	-0.02332768602	-0.0581892495338	0.0207476503395	-0.0758195275712	0.0418922786625	0.00786118893017	-0.00459573946605	-0.00201368286164
k__Bacteria;p__Bacteroidetes;c__Bacteroidia;o__Bacteroidales;f__Bacteroidaceae;g__Bacteroides;s__Bacteroides_salyersiae	-0.0110364316911	-0.0860601518013	0.00379312528089	0.0222100682693	-0.0592604055055	-0.0414428464404	-3.88506385344e-05	0.0148634124812	-0.00662275381166	-0.0227895697097	0.0511638864632	-0.0305150548975	0.0479872071846	-0.0537242158107	-0.0351504098281	-0.0159619132569	-0.0203407822226	0.0310500593184	-0.0464835180526	-0.031257330394	1.0	-0.0242305163484	0.0373584297353	0.0457003448833	0.0503546360592	-0.0233514450667	-0.0160525900739	0.0360424196767	-0.00775552644451	0.0169412508464	0.00759750384282	-0.00321099456436	0.0243164067832	-0.0564270714111	-0.0224260092044	0.00296551959533	0.0225688155182	-0.0435413665577	-0.000774894240362	-0.0128890348329	-0.0241233580572	0.000588168910213	-0.0754212979678	0.00656939377537	-0.00558959120476	0.0260515336456	-0.0167348643087	-0.0105117303873	0.0193341855744	-0.0156136156648	-0.00166698689492	0.0118494473686	-0.0295192442952	0.040740496851	0.00890782710926	-0.0295149002168	0.00437240525193	-0.0263947704597	-0.010569480711
k__Bacteria;p__Firmicutes;c__Clostridia;o__Clostridiales;f__Ruminococcaceae;g__Ruminiclostridium;s__[Eubacterium]_siraeum	-0.0033918457453	0.0277767921462	-0.0320241430138	0.00618402809484	-0.0335156053068	-0.0242771588011	-0.0296861329792	0.0275425294095	-0.0217113363767	0.0341202014732	0.00878652701431	0.0251998805425	-0.0416713040255	-0.0495761993641	-0.0473162569656	-0.0699744821437	0.0476185190485	-0.0100012498565	-0.0262210453165	-0.021111583273	-0.0242305163484	1.0	0.0272243021501	0.0307369598595	-0.0243016426978	-0.0432446551976	0.010743239521	-0.0403987464462	0.0222793736998	0.0578039480871	-0.00798857476073	-0.000188546140071	0.0491976492898	-0.0224455037586	-0.0229799556899	0.00213634461247	0.00713692327573	-0.0135478494259	-0.01062939646	-0.0164581418402	0.00715526586956	-0.0162760553844	-0.0111816843763	0.0216315231219	-0.0168283525546	-0.0324858787478	-0.00579167080913	0.00819479227972	-0.0668922447757	-0.0318451170085	0.0124647511389	0.0396134911397	-0.0535621266745	-0.0513145420633	-0.0243007658175	-0.101322400784	-0.031136039564	0.0373752726972	0.025377428895
k__Bacteria;p__Proteobacteria;c__Betaproteobacteria;o__Burkholderiales;f__Sutterellaceae;g__Parasutterella;s__Parasutterella_excrementihominis	-0.0310124830531	-0.0248004857124	-0.0205784076846	-0.0346542990734	0.0183976230196	-0.0165017061328	-0.0325135419632	0.0210731167795	-0.00525323463043	-0.0189713401947	-0.0165930931487	-0.0496798971667	0.0186251314436	0.0146577299959	0.0231757277444	-0.0546345329118	0.0225470159518	0.00150673276311	0.0460210413153	-0.0491255606393	0.0373584297353	0.0272243021501	1.0	-0.00682017677569	-0.038796138408	0.0149697527374	0.000332272796189	-0.0673531015922	-0.0541277961888	-0.0116172406406	0.00443999553262	-0.0556825433476	-0.00643049356206	0.0187164314527	-0.0319955099391	-0.0221960692613	-0.0588957222216	-0.0643613064853	-0.0439758410561	0.0313933844016	0.00442630129971	-0.0146543648778	0.0223651957191	-0.00704843226937	-0.0151921419693	0.0291787289907	0.037092810376	-0.0618786804884	-0.0277016532453	0.00306700759383	-0.00445599644489	0.0404289738052	0.0145170566199	-0.0180313242711	0.00881013674022	-0.00358944731253	0.0497804069948	-0.0134293317852	0.0350389731369
k__Bacteria;p__Actinobacteria;c__Actinobacteria;o__Bifidobacteriales;f__Bifidobacteriaceae;g__Bifidobacterium;s__Bifidobacterium_adolescentis	-0.0376514603326	-0.0573461370983	-0.0743542011041	0.00912744745743	-0.00925150121958	-0.0263115979134	-0.0503897894644	0.0267699155955	-0.0220802895627	-0.0561554876685	0.0481697914173	-0.0335167603165	0.0146864296987	0.0182037958695	0.00941289964801	-0.0133033052479	-0.0109796796402	0.00264936164065	0.0173038882498	-0.0524851111711	0.0457003448833	0.0307369598595	-0.00682017677569	1.0	0.00807810708175	-0.0677291023752	0.00880456965351	0.0311868415592	0.0258444774864	-0.0422162010452	0.0242887235119	-0.0493323123588	-0.0185440476796	-0.0163317603782	0.00819082521676	-0.00433292698895	-0.0407692586449	-0.00465376642191	-0.0146396431546	-0.00076754754764	-0.0400478481458	0.050781025912	0.0140153827992	0.0598522658949	-0.00609995313218	-0.0193223795953	0.0214662438144	-0.0831567294909	-0.0189336068417	-0.0212856689545	0.00270347963863	0.0142311899047	-0.050123591101	-0.0315538861892	-0.00376582383079	-0.0616997319501	-0.0172154708584	-0.00763533024977	0.033644448099
k__Bacteria;p__Firmicutes;c__Clostridia;o__Clostridiales;f__Oscillospiraceae;g__Oscillibacter;s__Oscillibacter_sp._KLE_1745	-0.0622687489076	-0.00289615831173	0.0234876705079	0.0320567160374	-0.0153096120518	-0.0100109419921	0.0192726721668	-0.0262657815659	-0.0341017428692	-0.0128400491861	-0.027595732471	0.0260466724753	0.0170402801399	0.0133559970053	-0.0309278953496	-0.00434260951764	0.0479789989492	-0.0151303936491	0.0220528181559	-0.0385013136394	0.0503546360592	-0.0243016426978	-0.038796138408	0.00807810708175	1.0	-0.0133702167921	0.0119779189895	-0.0265501717612	0.0179312884116	0.0350440052608	-0.0397976564482	0.00613906247715	-0.0243009843449	-0.0701108493099	0.0122242303064	0.0230939116332	-0.0402843661784	-0.0231780695276	0.00753347910211	-0.00645178361116	-0.0325537547977	-0.0839467994052	0.0363890661509	0.0246704751474	0.0109990418095	0.026373786401	-0.00109997406638	0.0140717960956	-0.0209215348231	0.00728976884688	-0.044157327332	0.0103663527499	0.0338216159555	-0.0456637570314	-0.0196794536201	-0.00734824132091	-0.0472283434358	0.0255922232294	-0.0172457281392
k__Bacteria;p__Bacteroidetes;c__Bacteroidia;o__Bacteroidales;f__Bacteroidaceae;g__Bacteroides;s__Bacteroides_coprophilus	-0.00802686130636	-0.026995379437	0.0304094598197	-0.00873512941071	0.0249324810422	0.0418576483861	-0.0172494527123	-0.0162691093518	0.0058251167082	0.0311769463558	-0.0478620122616	0.00708319925318	0.00812243731973	-0.011027574261	-0.00605806814154	-0.0349988166229	-0.0492659509674	0.0114009423574	0.0110517321707	-0.0293957928314	-0.0233514450667	-0.0432446551976	0.0149697527374	-0.0677291023752	-0.0133702167921	1.0	-0.00373250194634	0.0263817368559	-0.0573007269831	0.0327375798761	0.0396806655999	-0.0664740313647	-0.00955226627682	0.0116749519663	-0.0438948807659	-0.0516062429166	-0.0169353495152	0.0660047172221	0.00359585622841	-0.0295366646704	0.0330312228981	-0.0640921098084	-0.00136318194128	-0.0561785517967	0.0196212673243	0.0210085488141	-0.00382289312929	-0.0320376518636	0.0267351521608	-0.0337249034036	-0.0284796168075	-0.00736690032317	-0.00861254762736	0.0209564077641	-0.00778075215162	0.0324076750456	0.0126327410493	0.00145467381984	0.0182205976581
k__Bacteria;p__Firmicutes;c__Clostridia;o__Clostridiales;f__Lachnospiraceae;g__Roseburia;s__Roseburia_intestinalis	-0.0167919213966	0.0133527910649	0.0134871846256	-0.0577307241042	0.0365338179072	-0.0260707528955	0.00153196898579	0.0182722924731	0.0272505465906	-0.0382926352511	-0.0156050398646	-0.0124136208446	-0.0640832815055	-0.0216888086467	0.0302837876594	-0.00268271952723	0.0135660953585	0.00958855822066	0.00872850851968	-0.0207379733222	-0.0160525900739	0.010743239521	0.000332272796189	0.00880456965351	0.0119779189895	-0.00373250194634	1.0	0.0457562709513	0.0317863733435	-0.104590867631	-0.014616227073	0.0410831438582	0.0220095706197	0.0215706036194	0.00480833324512	-0.0731245465283	0.0356598624172	0.0278650765915	-0.0285351629316	0.02176608751	-0.00568074888446	0.0373985079786	-0.111799490127	0.0175695363981	-0.0269560054887	-0.0450276537106	0.0270588796701	0.0284335699683	-0.0615977636285	-0.00491646588065	0.0203742319703	0.0361168054022	-0.0108712896542	0.0253513339769	-0.0449101176456	-0.0228618726163	0.0254655719736	0.0296810504911	-0.00491303090741
k__Bacteria;p__Firmicutes;c__Clostridia;o__Clostridiales;f__Lachnospiraceae;g__Roseburia;s__Roseburia_hominis	-0.0399111031916	-0.00989436325269	-0.0192661576257	-0.017537790235	-0.0113247373027	0.0182300094315	-0.000336825201053	-0.0061477434883	-0.0217722649561	-0.0217269937308	-0.0367489257693	-0.0419849606342	-0.00655196780085	-0.0290167239604	-0.0256444812525	-0.030436299986	0.0593604153224	0.0147749269273	-0.00033728734562	0.0290728727401	0.0360424196767	-0.0403987464462	-0.0673531015922	0.0311868415592	-0.0265501717612	0.0263817368559	0.0457562709513	1.0	-0.0549256149288	-0.0491467337813	-0.0230946119569	-0.0367843354268	6.0112271429e-06	-0.0327712161015	-0.0547538972575	-0.0515509710608	0.0102989622925	0.0302315132148	-0.0249194173206	-0.062430700835	-0.00556950994313	-0.0134822316701	0.0270051090615	0.0189673185143	-0.0266618251416	-0.0297261801451	-0.00756997202295	0.000640042957373	-0.0789955253623	-0.0167969751834	0.00723579200721	0.0466625509224	0.0250291635785	-0.0261563690096	-0.0163792575868	0.0286630238661	0.0116094606584	0.0865374582216	-0.000184403425259
k__Bacteria;p__Bacteroidetes;c__Bacteroidia;o__Bacteroidales;f__Porphyromonadaceae;g__Parabacteroides;s__Parabacteroides_johnsonii	0.0216603793953	-0.0985043795226	-0.00151849718412	0.0298981441299	-0.0403674199286	0.0329641858988	-0.00195874000412	-0.0458886418601	-0.0275461417953	-0.0442012155168	0.0325166813008	-0.0164829957724	-0.000441375975248	-0.00860982207346	-0.0493237964946	0.00103444456948	-0.017960180985	0.0109228564002	-0.0419268936063	0.0229011528128	-0.00775552644451	0.0222793736998	-0.0541277961888	0.0258444774864	0.0179312884116	-0.0573007269831	0.0317863733435	-0.0549256149288	1.0	0.00835919648435	-0.0288698602324	-0.0585099908655	0.00775739358551	-0.0189622994072	-0.0448851986013	0.026322949966	-0.0123980914734	-0.0388623672104	0.0405910572695	-0.0302582252389	-0.0202578381241	0.0645364275716	0.0104138078887	-0.0545916314492	0.000591060523339	-0.0249283543535	0.0267426373703	-0.0786470864139	0.0431938328728	-0.0715235406169	0.0764496905283	-0.00581988984208	-0.0553627325252	-0.00307645500983	-0.0023300194533	0.0205889079241	0.0288833972632	-0.0349130095965	-0.0510657387753
k__Bacteria;p__Actinobacteria;c__Actinobacteria;o__Bifidobacteriales;f__Bifidobacteriaceae;g__Bifidobacterium;s__Bifidobacterium_longum	0.0202596700175	0.0158403610554	0.00849114621623	-0.0167251872598	-0.0353619665198	-0.0383800420831	0.0267443765384	0.0344367029609	-0.0310798236638	0.0204435957709	-0.0207158781868	-0.0452399691959	0.018224536082	-0.0563022408144	-0.00532517935549	0.00530442878148	-0.00433772509808	-0.0513420740076	0.0180541740136	0.0404675069066	0.0169412508464	0.0578039480871	-0.0116172406406	-0.0422162010452	0.0350440052608	0.0327375798761	-0.104590867631	-0.0491467337813	0.00835919648435	1.0	-0.0319864880974	-0.0243490073953	0.0251116700833	0.0383245130291	0.00441198023417	-0.0350099402337	-0.052849771829	-0.00295071475859	-0.0263234127494	-0.0533637220438	-0.0315750833223	-0.0265125272234	-0.0127334786264	-0.0118159469012	0.0066750543636	-0.0548746663366	-0.0153908845185	-0.0243895271805	0.0559737837212	0.0307275419469	-0.0349486046961	-0.0239009326238	-0.0422915061101	0.0143256148995	-0.0231246997202	-0.0334242710396	-0.0255111441508	-0.0193661609475	0.0291541886847
