#taxonomy	k__Bacteria;p__Bacteroidetes;c__Bacteroidia;o__Bacteroidales;f__Bacteroidaceae;g__Bacteroides;s__Bacteroides_vulgatus	k__Bacteria;p__Bacteroidetes;c__Bacteroidia;o__Bacteroidales;f__Bacteroidaceae;g__Bacteroides;s__Bacteroides_uniformis	k__Bacteria;p__Bacteroidetes;c__Bacteroidia;o__Bacteroidales;f__Rikenellaceae;g__Alistipes;s__Alistipes_putredinis	k__Bacteria;p__Bacteroidetes;c__Bacteroidia;o__Bacteroidales;f__Prevotellaceae;g__Prevotella;s__Prevotella_copri	k__Bacteria;p__Bacteroidetes;c__Bacteroidia;o__Bacteroidales;f__Bacteroidaceae;g__Bacteroides;s__Bacteroides_stercoris	k__Bacteria;p__Bacteroidetes;c__Bacteroidia;o__Bacteroidales;f__Bacteroidaceae;g__Bacteroides;s__Bacteroides_ovatus	k__Bacteria;p__Bacteroidetes;c__Bacteroidia;o__Bacteroidales;f__Rikenellaceae;g__Alistipes;s__Alistipes_shahii	k__Bacteria;p__Firmicutes;c__Clostridia;o__Clostridiales;f__Ruminococcaceae;g__Faecalibacterium;s__Faecalibacterium_prausnitzii	k__Bacteria;p__Bacteroidetes;c__Bacteroidia;o__Bacteroidales;f__Rikenellaceae;g__Alistipes;s__Alistipes_finegoldii	k__Bacteria;p__Bacteroidetes;c__Bacteroidia;o__Bacteroidales;f__Porphyromonadaceae;g__Parabacteroides;s__Parabacteroides_distasonis	k__Bacteria;p__Bacteroidetes;c__Bacteroidia;o__Bacteroidales;f__Bacteroidaceae;g__Bacteroides;s__Bacteroides_thetaiotaomicron	k__Bacteria;p__Bacteroidetes;c__Bacteroidia;o__Bacteroidales;f__Bacteroidaceae;g__Bacteroides;s__Bacteroides_coprocola	k__Bacteria;p__Bacteroidetes;c__Bacteroidia;o__Bacteroidales;f__Bacteroidaceae;g__Bacteroides;s__Bacteroides_cellulosilyticus	k__Bacteria;p__Bacteroidetes;c__Bacteroidia;o__Bacteroidales;f__Rikenellaceae;g__Alistipes;s__Alistipes_obesi	k__Bacteria;p__Firmicutes;c__Clostridia;o__Clostridiales;f__Lachnospiraceae;g__;s__[Eubacterium]_rectale	k__Bacteria;p__Bacteroidetes;c__Bacteroidia;o__Bacteroidales;f__Bacteroidaceae;g__Bacteroides;s__Bacteroides_plebeius	k__Bacteria;p__Bacteroidetes;c__Bacteroidia;o__Bacteroidales;f__Bacteroidaceae;g__Bacteroides;s__Bacteroides_fragilis	k__Bacteria;p__Proteobacteria;c__Betaproteobacteria;o__Burkholderiales;f__Sutterellaceae;g__Sutterella;s__Sutterella_wadsworthensis	k__Bacteria;p__Bacteroidetes;c__Bacteroidia;o__Bacteroidales;f__Porphyromonadaceae;g__Barnesiella;s__Barnesiella_intestinihominis	k__Bacteria;p__Bacteroidetes;c__Bacteroidia;o__Bacteroidales;f__Odoribacteraceae;g__Odoribacter;s__Odoribacter_splanchnicus	k__Bacteria;p__Bacteroidetes;c__Bacteroidia;o__Bacteroidales;f__Bacteroidaceae;g__Bacteroides;s__Bacteroides_salyersiae	k__Bacteria;p__Firmicutes;c__Clostridia;o__Clostridiales;f__Ruminococcaceae;g__Ruminiclostridium;s__[Eubacterium]_siraeum	k__Bacteria;p__Proteobacteria;c__Betaproteobacteria;o__Burkholderiales;f__Sutterellaceae;g__Parasutterella;s__Parasutterella_excrementihominis	k__Bacteria;p__Actinobacteria;c__Actinobacteria;o__Bifidobacteriales;f__Bifidobacteriaceae;g__Bifidobacterium;s__Bifidobacterium_adolescentis	k__Bacteria;p__Firmicutes;c__Clostridia;o__Clostridiales;f__Oscillospiraceae;g__Oscillibacter;s__Oscillibacter_sp._KLE_1745	k__Bacteria;p__Bacteroidetes;c__Bacteroidia;o__Bacteroidales;f__Bacteroidaceae;g__Bacteroides;s__Bacteroides_coprophilus	k__Bacteria;p__Firmicutes;c__Clostridia;o__Clostridiales;f__Lachnospiraceae;g__Roseburia;s__Roseburia_intestinalis	k__Bacteria;p__Firmicutes;c__Clostridia;o__Clostridiales;f__Lachnospiraceae;g__Roseburia;s__Roseburia_hominis	k__Bacteria;p__Bacteroidetes;c__Bacteroidia;o__Bacteroidales;f__Porphyromonadaceae;g__Parabacteroides;s__Parabacteroides_johnsonii	k__Bacteria;p__Actinobacteria;c__Actinobacteria;o__Bifidobacteriales;f__Bifidobacteriaceae;g__Bifidobacterium;s__Bifidobacterium_longum	k__Bacteria;p__Firmicutes;c__Clostridia;o__Clostridiales;f__;g__Flavonifractor;s__Flavonifractor_plautii	k__Bacteria;p__Firmicutes;c__Clostridia;o__Clostridiales;f__Clostridiaceae;g__Clostridium;s__Clostridium_phoceensis	k__Bacteria;p__Verrucomicrobia;c__Verrucomicrobiae;o__Verrucomicrobiales;f__Akkermansiaceae;g__Akkermansia;s__Akkermansia_muciniphila	k__Bacteria;p__Bacteroidetes;c__Bacteroidia;o__Bacteroidales;f__Prevotellaceae;g__Paraprevotella;s__Paraprevotella_xylaniphila	k__Bacteria;p__Firmicutes;c__Clostridia;o__Clostridiales;f__Ruminococcaceae;g__Ruminococcus;s__Ruminococcus_callidus	k__Bacteria;p__Bacteroidetes;c__Bacteroidia;o__Bacteroidales;f__Rikenellaceae;g__Alistipes;s__Alistipes_senegalensis	k__Bacteria;p__Firmicutes;c__Clostridia;o__Clostridiales;f__Lachnospiraceae;g__Blautia;s__Blautia_sp._KLE_1732	k__Bacteria;p__Bacteroidetes;c__Bacteroidia;o__Bacteroidales;f__Bacteroidaceae;g__Bacteroides;s__Bacteroides_oleiciplenus	k__Bacteria;p__Firmicutes;c__Clostridia;o__Clostridiales;f__Ruminococcaceae;g__Ruminococcus;s__Ruminococcus_bicirculans	k__Bacteria;p__Bacteroidetes;c__Bacteroidia;o__Bacteroidales;f__Bacteroidaceae;g__Bacteroides;s__Bacteroides_fluxus	k__Bacteria;p__Bacteroidetes;c__Bacteroidia;o__Bacteroidales;f__Prevotellaceae;g__Prevotella;s__Prevotella_stercorea	k__Bacteria;p__Firmicutes;c__Clostridia;o__Clostridiales;f__Lachnospiraceae;g__Dorea;s__Dorea_longicatena	k__Bacteria;p__Firmicutes;c__Clostridia;o__Clostridiales;f__Eubacteriaceae;g__Eubacterium;s__[Eubacterium]_eligens	k__Bacteria;p__Firmicutes;c__Clostridia;o__Clostridiales;f__Ruminococcaceae;g__;s__Ruminococcaceae_bacterium_D16	k__Bacteria;p__Firmicutes;c__Clostridia;o__Clostridiales;f__Lachnospiraceae;g__Coprococcus;s__Coprococcus_comes	k__Bacteria;p__Proteobacteria;c__Gammaproteobacteria;o__Enterobacterales;f__Enterobacteriaceae;g__Escherichia;s__Escherichia_coli	k__Bacteria;p__Firmicutes;c__Clostridia;o__Clostridiales;f__Ruminococcaceae;g__Anaerotruncus;s__Anaerotruncus_colihominis	k__Bacteria;p__Firmicutes;c__Clostridia;o__Clostridiales;f__Lachnospiraceae;g__Blautia;s__Blautia_obeum	k__Bacteria;p__Bacteroidetes;c__Bacteroidia;o__Bacteroidales;f__Odoribacteraceae;g__Odoribacter;s__Odoribacter_laneus	k__Bacteria;p__Firmicutes;c__Clostridia;o__Clostridiales;f__Ruminococcaceae;g__Ruminiclostridium;s__[Clostridium]_leptum	k__Bacteria;p__Bacteroidetes;c__Bacteroidia;o__Bacteroidales;f__Porphyromonadaceae;g__Parabacteroides;s__Parabacteroides_goldsteinii	k__Bacteria;p__Firmicutes;c__Clostridia;o__Clostridiales;f__Lachnospiraceae;g__Anaerostipes;s__Anaerostipes_hadrus	k__Bacteria;p__Firmicutes;c__Clostridia;o__Clostridiales;f__Ruminococcaceae;g__Ruminococcus;s__Ruminococcus_lactaris	k__Bacteria;p__Firmicutes;c__Clostridia;o__Clostridiales;f__Clostridiaceae;g__Clostridium;s__Clostridium_sp._L2-50	k__Bacteria;p__Firmicutes;c__Clostridia;o__Clostridiales;f__Clostridiaceae;g__Clostridium;s__Clostridium_sp._M62/1	k__Bacteria;p__Firmicutes;c__Clostridia;o__Clostridiales;f__;g__Intestinimonas;s__Intestinimonas_butyriciproducens	k__Bacteria;p__Actinobacteria;c__Actinobacteria;o__Bifidobacteriales;f__Bifidobacteriaceae;g__Bifidobacterium;s__Bifidobacterium_bifidum	k__Bacteria;p__Firmicutes;c__Negativicutes;o__Veillonellales;f__Veillonellaceae;g__Dialister;s__Dialister_invisus	k__Bacteria;p__Bacteroidetes;c__Bacteroidia;o__Bacteroidales;f__Bacteroidaceae;g__Bacteroides;s__Bacteroides_salanitronis
k__Bacteria;p__Bacteroidetes;c__Bacteroidia;o__Bacteroidales;f__Bacteroidaceae;g__Bacteroides;s__Bacteroides_vulgatus	1.0	0.0237109671042	-0.0390286370089	-0.013278415913	-0.0644857914695	0.0351387095631	0.0247817668829	-0.0385347653526	0.0143507510232	0.0258353376931	0.0304925649309	0.0249817487383	-0.0434091737025	-0.0615470398597	-0.0539381493067	-0.0258842758862	0.0401933264675	0.0327259956719	-0.0431822162759	0.009762546375	0.013988397852	-0.0302264594387	0.013679465239	0.0117015930322	0.0139306301479	-0.0703168247185	0.00395447709223	0.0352936914849	-0.0239623837283	-0.0186110494149	-0.0340356755876	0.00829198967688	-0.0364325773503	-0.0268854666261	0.00352802082388	0.0453746186479	0.00264644855797	-0.0287659680379	0.00116445959422	-0.0533569823017	-0.0311021074484	0.0147429840531	0.0153750458416	-0.00823662574108	-0.0545603728385	-0.0374210903793	-0.025527585367	-0.00583807734877	0.00185483418928	-0.000626321887909	-0.0401150589319	0.0418048564068	-0.00932178551845	-0.00699006919575	0.00208300212896	0.00935865776407	-0.0384901654496	0.00339465176554	0.0100176160601
k__Bacteria;p__Bacteroidetes;c__Bacteroidia;o__Bacteroidales;f__Bacteroidaceae;g__Bacteroides;s__Bacteroides_uniformis	0.0237109671042	1.0	-0.0251707826515	0.0328671536212	-0.0867918704612	0.018131089264	-0.0268317092864	-0.0384437166615	0.022835629887	-0.0255711529601	0.0297982402028	-0.0517105586835	-0.0330837202294	-0.029216577573	-0.0247358501069	-0.015707844212	-0.0217123492943	0.0463113463702	0.0121204710831	-0.017478545328	0.0581410677916	-0.0389915572463	0.00501532695699	0.0271282042949	-0.0232210827994	-0.0152849150247	-0.0334525211933	0.0602265813155	-0.0116050871854	-0.0248295797481	-0.00748234059458	-0.0283926016321	-0.0120105397861	0.0155015773967	-0.0230797114883	-0.0467191384608	-0.0361469439329	0.0273958986022	-0.0352524705212	-0.00256553217756	0.00596647359693	-0.0784188346428	-0.0289771854089	0.00499205197494	0.00671941023246	-0.00154441685056	0.0132534787451	0.0339349140026	0.0144487056472	0.000643356432284	-0.0566140565032	0.0201828797979	-0.0123874106304	-0.00471627816314	-0.025535129769	0.0541137617524	0.0165600625213	0.0577199060395	-0.0308141436917
k__Bacteria;p__Bacteroidetes;c__Bacteroidia;o__Bacteroidales;f__Rikenellaceae;g__Alistipes;s__Alistipes_putredinis	-0.0390286370089	-0.0251707826515	1.0	-0.0180203743267	-0.035885409626	0.0295240932678	-0.0297347554808	-0.0490591736224	0.0241984177976	0.0301434714314	-0.0221629965366	-0.0226255897859	-0.0344542932207	-0.0419763490418	-0.0353028101601	0.0146553122965	-0.0290209108598	0.0511899573284	0.00964350580228	0.000654030003055	-0.0353216869443	-0.0210707704033	-0.0263311151292	-0.0174310160298	0.00524206985843	-0.00253893640374	0.0167923941408	-0.023837731593	-0.0416438049913	-0.0498762532798	0.00161716272895	0.0274289213096	0.0558216653118	0.0339083201412	-0.065880917572	0.00604917622974	-0.0198332679498	-0.0380786963615	-0.0172563015658	-0.0643006069695	-0.0285641639814	0.0142858456083	0.0149760101051	-0.030625444761	0.0394147272882	0.0161535628422	0.035292053996	0.0209218794031	-0.00641712351825	0.0312511056681	-0.0474354762984	0.0167541668046	-0.0161504711195	0.0239635454691	0.0163064610796	-0.059100413929	0.00730901360075	-0.0197819245141	0.047775525192
k__Bacteria;p__Bacteroidetes;c__Bacteroidia;o__Bacteroidales;f__Prevotellaceae;g__Prevotella;s__Prevotella_copri	-0.013278415913	0.0328671536212	-0.0180203743267	1.0	-0.0363588987148	0.0111705590696	-0.0400824218106	-0.0235535271699	-0.00637737247539	0.021540823435	-0.00740721577466	-0.00136185525221	0.0273056765961	-0.0224339591342	0.00222259929991	-0.0406171985067	0.0435039908623	-0.0282197570848	0.0116668039877	-0.0505396921049	-0.0440175405386	-0.0206125871297	-0.0414088637271	0.0350652211745	-0.0773399418949	-0.0440645457632	0.035636045554	-0.0611764868797	-0.0300605043453	0.0571275835924	-0.0392826037246	0.0574011505482	-0.0040919412353	0.0321225271441	0.0160125784875	0.0588080601367	-0.0516588072065	0.00437575748761	-0.0252109336914	0.0106859787015	-0.0378689052953	-0.0145163032605	-0.049622377939	-0.0353113489431	-0.00768973911379	0.0342879400221	-0.021903637991	-0.05831143593	-0.0123051002123	-0.0274156442078	-0.0233863314027	0.00561391045367	-0.00230541550025	0.00863431227347	-0.0217845072227	0.00942849675165	-0.0369122139235	-0.0228612581335	0.0437529880381
k__Bacteria;p__Bacteroidetes;c__Bacteroidia;o__Bacteroidales;f__Bacteroidaceae;g__Bacteroides;s__Bacteroides_stercoris	-0.0644857914695	-0.0867918704612	-0.035885409626	-0.0363588987148	1.0	0.0194406684746	-0.0445278066876	0.018830016808	-0.021174952526	-0.0197387548904	0.0477906351814	-0.00459283282855	-0.00460508620315	-0.017345916522	0.00318617650251	0.00361996357871	-0.0256067647504	-0.0351744736416	0.0061253825088	-0.0265796018605	-0.040189178915	0.028129059964	-0.0132607702977	-0.00267619037703	-0.00297741397776	0.0419770763392	0.0536195346132	-0.0444224877912	0.00577156656384	0.020240684218	-0.0410631404646	-0.0414063776094	-0.0102806533779	-0.0215393796564	0.0140286072601	0.0193027380607	0.0373117111037	-0.0187672399685	-0.0176555329081	-0.0292137653615	0.0400607714216	0.0209870980658	0.00502019984104	-0.016957236516	-0.0400022092892	-0.0186100117164	-0.0336056051124	-0.0364405109837	0.0588556531195	-0.0045941608543	-0.000397282190281	0.0521940182264	0.0229798453432	-0.0562603781814	0.000273129468616	-0.0115808426402	-0.00434403785285	-0.0216601443017	0.0343388776349
k__Bacteria;p__Bacteroidetes;c__Bacteroidia;o__Bacteroidales;f__Bacteroidaceae;g__Bacteroides;s__Bacteroides_ovatus	0.0351387095631	0.018131089264	0.0295240932678	0.0111705590696	0.0194406684746	1.0	-0.0320705142291	0.0327762486036	0.0339698948226	0.0107482378058	-0.049432484481	0.0191269930581	-0.0201113518235	0.0307745692156	0.00232929202363	-0.0312482470822	0.0364599451069	-0.0187537680069	-0.033117296181	-0.00854077051403	-0.0892018067291	-0.00552015228376	0.0031007455628	0.0187563982122	-0.00772658876872	0.0406243838728	0.0135500043832	0.049021456783	0.0323369252216	-0.0468178510298	-0.0658272998132	0.0533069091514	-0.0592394888829	0.000425731112697	0.008801895605	-0.0277380101077	0.00374236311929	-0.0378444103101	-0.0245667934914	0.03083414787	0.00579482821548	0.00596757348282	0.0601584539825	-0.0244554111214	-0.0182045682796	0.0289712309937	-0.0524130539135	0.0252523389493	-0.0323598759283	-0.0399326954467	-0.060499198218	-0.0197756780295	-0.0382446430928	-0.00603804409031	0.0131029464187	-0.00198314359397	0.00350883340105	0.0239335325252	-0.0473198832708
k__Bacteria;p__Bacteroidetes;c__Bacteroidia;o__Bacteroidales;f__Rikenellaceae;g__Alistipes;s__Alistipes_shahii	0.0247817668829	-0.0268317092864	-0.0297347554808	-0.0400824218106	-0.0445278066876	-0.0320705142291	1.0	-0.014873021234	-0.0118671069783	-0.0474935885922	-0.0166192903956	0.00614572832869	0.0451239461883	-0.0280146447995	0.0272908599504	-0.0892421082791	-0.0514693309526	-0.0217791553728	0.0654475582476	-0.0159439793026	-0.00983092941473	0.0557253790262	0.00211487032912	0.00492640950911	0.00365944929954	-0.00698413747808	-0.00673739582194	0.00543344660254	0.0214468865861	-0.00467583477324	-0.0240565998274	-0.0337073458881	0.00379841365409	-0.016733800461	-0.0599145097814	0.0271490814204	0.0206801680379	-0.00668609826154	0.0339295022945	-0.00128645868111	0.0200545481953	-0.015048180725	-0.00654248847436	0.00256951389647	-0.039953567098	0.01245710391	-0.0178093262862	0.0165753835517	-0.0307244960904	-0.0296469703695	-0.0515480480585	-0.0320568622212	0.0613287831132	-0.0182267607632	0.0137760746771	0.0917163543892	-0.0242294618866	0.0201937751451	0.022449397509
k__Bacteria;p__Firmicutes;c__Clostridia;o__Clostridiales;f__Ruminococcaceae;g__Faecalibacterium;s__Faecalibacterium_prausnitzii	-0.0385347653526	-0.0384437166615	-0.0490591736224	-0.0235535271699	0.018830016808	0.0327762486036	-0.014873021234	1.0	-0.0540433426315	-0.00193470461877	-0.00271673447637	-0.0202252160896	0.0530300899694	-0.0375542409488	-0.016257671112	-0.0205956935545	-0.023408728118	-0.024467589218	-0.0175747345969	-0.0454053166823	-0.0302329813246	-0.0390707494652	0.0462117057712	0.00459131137422	0.0256572803137	-0.0122068722364	0.00453602084759	-0.0180225923955	-0.0667875414421	0.0332888963019	0.0224923030202	-0.0203029029561	-0.00103335317771	0.0462285303742	0.0521668738107	-0.0241783074286	-0.0308328055597	0.0111915136109	0.000365531753194	0.0139362729834	0.0311813240425	-0.00807190201335	-0.0131086661537	0.0523171363141	0.0117515486258	0.0333865163727	0.0334177382768	-0.0420177143048	-0.00350944797742	-0.0387899547783	0.00585418327335	-0.0428959650839	-0.00130877806267	-0.0021396020449	-0.0238087132976	0.0235184766688	-0.0266499090607	-0.0419189497523	0.00400705685664
k__Bacteria;p__Bacteroidetes;c__Bacteroidia;o__Bacteroidales;f__Rikenellaceae;g__Alistipes;s__Alistipes_finegoldii	0.0143507510232	0.022835629887	0.0241984177976	-0.00637737247539	-0.021174952526	0.0339698948226	-0.0118671069783	-0.0540433426315	1.0	-0.00475213827145	-0.00955637897575	-0.0585606929634	0.00449735945523	0.00221363247179	-0.0075866392777	0.00831250075369	-0.00333910411618	-0.0512095170781	-0.0383346832944	-0.0271902007715	0.0506360057838	-0.0339600912806	6.28495612067e-05	0.0108793248494	-0.0220336748534	0.0289345453629	-0.000133481570846	-0.061115593796	-0.00708866400218	-0.0198138581105	0.0349423061928	0.058565902434	-0.0319378901294	-0.0169641781958	0.00174391398192	-0.00246406381494	0.00286081263685	-0.00617283924685	-0.00706376846138	-0.109866531695	-0.0462694894449	-0.00907486262109	0.0409351989539	-0.00419560065736	-0.0129648320034	0.0525208727889	-0.0231333715079	0.0106591595921	-0.0313700106507	-0.0732618541624	0.0559398634785	-0.0246280832868	-0.0173638837586	0.0111035449818	-0.00346131778108	0.0371650477284	-0.0056721156157	0.0303938204536	0.0633347371389
k__Bacteria;p__Bacteroidetes;c__Bacteroidia;o__Bacteroidales;f__Porphyromonadaceae;g__Parabacteroides;s__Parabacteroides_distasonis	0.0258353376931	-0.0255711529601	0.0301434714314	0.021540823435	-0.0197387548904	0.0107482378058	-0.0474935885922	-0.00193470461877	-0.00475213827145	1.0	0.00185635531296	0.00992445006292	0.00216205837482	0.0108947225916	0.0481013778636	-0.0547753649175	-0.0148076871191	0.0155229121817	-0.0342581038902	-0.00849666508768	-0.0368847447604	-0.0208641063271	-0.0618292176768	-0.0452649991426	-0.0481082826503	-0.0165741513626	-0.0366229177476	0.0475589107707	0.0101213506234	-0.0411536104738	-0.00723444959879	-0.0109113920313	0.049769689614	0.0258937951949	-0.0313921681961	0.0223353049723	0.0528764101364	0.00426212050732	-0.0719691795771	0.0368580049433	-0.00198225270258	-0.0581872943885	0.00342270368971	-0.0149297626362	-0.0421088511146	0.0064410136353	0.0245543875079	-0.0258698116424	-0.00361511564982	0.0383437312142	0.0324265487925	-0.0220898382809	0.100860087439	0.0227474514831	-0.0253904496829	-0.0471251754525	0.0551607881114	0.0509304943035	0.0235016882218
k__Bacteria;p__Bacteroidetes;c__Bacteroidia;o__Bacteroidales;f__Bacteroidaceae;g__Bacteroides;s__Bacteroides_thetaiotaomicron	0.0304925649309	0.0297982402028	-0.0221629965366	-0.00740721577466	0.0477906351814	-0.049432484481	-0.0166192903956	-0.00271673447637	-0.00955637897575	0.00185635531296	1.0	-0.0378032171476	0.0755919291177	0.030857219008	-0.0443560134106	-0.0333963957113	-0.0172738007416	-0.014476975804	-0.0155223823482	-0.0168700280256	-0.0116692756668	0.00157007296452	0.00661837742611	-0.00155358107926	-0.0139057783228	0.0253727611654	0.0143372260027	0.0182249818011	-0.0511996788315	-0.00653548106905	-0.00234963039051	-0.0168266798762	-0.0570864572353	-0.0379830376304	0.0207193747487	0.0193080789318	-0.018202028905	0.00860299509814	-0.0253550966565	-0.0480679858221	0.0058835625485	-0.0158030789311	0.0313017801656	-0.0016320050715	-0.0328321810183	0.00261097620038	-0.00630688180114	-0.00106960561863	0.0203819042412	-0.0624169394549	0.0471619585268	-0.0344427967112	-0.0317686376254	0.0137427585914	0.0508314808942	-0.0125503262075	0.0105292595605	0.0230140580513	0.0125790100928
k__Bacteria;p__Bacteroidetes;c__Bacteroidia;o__Bacteroidales;f__Bacteroidaceae;g__Bacteroides;s__Bacteroides_coprocola	0.0249817487383	-0.0517105586835	-0.0226255897859	-0.00136185525221	-0.00459283282855	0.0191269930581	0.00614572832869	-0.0202252160896	-0.0585606929634	0.00992445006292	-0.0378032171476	1.0	0.0435445781397	-0.00383469418988	-0.0387346246742	0.0246823521366	-0.0394286868959	0.00644329125613	-0.0219087784152	0.0212961968995	-0.0381894317981	-0.000797140605839	-0.041264598928	-0.00277449746179	-0.011484978649	-0.0287403946064	0.00956102263152	-0.0282637003917	0.0385979390109	-0.0266611916693	-0.00720120272392	0.0234101284018	-0.0106125483129	-0.0487100458566	0.0580250460157	-0.0166228107787	-0.0578926114261	0.0726343260492	0.0288928033128	-0.00618334180376	-0.0190054048583	-0.00818577964233	-0.0126573248543	-0.0378347007178	-0.0312129815139	0.00260397315262	-0.0200606029143	0.00719522099522	0.00699095968516	-0.0425035476712	0.0137092803924	-0.0124019436366	-0.0672786311591	-0.00811387567242	0.015677288277	0.00740071081125	-0.0519156527375	-0.00355498855668	-0.0235794728913
k__Bacteria;p__Bacteroidetes;c__Bacteroidia;o__Bacteroidales;f__Bacteroidaceae;g__Bacteroides;s__Bacteroides_cellulosilyticus	-0.0434091737025	-0.0330837202294	-0.0344542932207	0.0273056765961	-0.00460508620315	-0.0201113518235	0.0451239461883	0.0530300899694	0.00449735945523	0.00216205837482	0.0755919291177	0.0435445781397	1.0	-0.0446392052876	-0.0120490079635	-0.0698176475006	-0.0317452177137	-0.0169018115194	-0.0371433475557	-0.0133340163023	0.00427227755342	0.0535315321025	0.0516434491221	-0.0299398901227	-0.0531264418862	-0.00756423279438	-0.0811692748742	-0.0193595978114	-0.0303355609001	-0.0591612526164	0.0621422828451	-0.0465703252064	-0.00167906666039	0.0315256668961	-0.027717187486	-0.0624464201416	0.00513980558859	-0.0338895485465	0.00634986278955	-0.0190402977509	0.0346922928488	0.0259294668823	-0.0738803293202	-0.0188999313278	0.00984491185748	0.0141501505979	0.00181873843989	0.0310415165552	-0.0148120023628	0.0138920821621	0.00683999338469	-0.00623271949559	-0.0199862686564	0.0158810261568	-0.0417959243323	0.00777577648629	-0.0424454192137	0.00346221858723	-0.0103770813919
k__Bacteria;p__Bacteroidetes;c__Bacteroidia;o__Bacteroidales;f__Rikenellaceae;g__Alistipes;s__Alistipes_obesi	-0.0615470398597	-0.029216577573	-0.0419763490418	-0.0224339591342	-0.017345916522	0.0307745692156	-0.0280146447995	-0.0375542409488	0.00221363247179	0.0108947225916	0.030857219008	-0.00383469418988	-0.0446392052876	1.0	0.00409751897602	0.00596126658903	-0.0295483546124	0.0094136053626	-0.0320464411521	0.041110943936	0.0108430829035	-0.0156666074222	-0.00523781677623	-0.00848882981935	0.00156328444529	0.0308219246516	-0.00751263819609	-0.00887999624987	0.0400190949612	-0.00941474227068	-0.00576419557019	-0.000589489123767	0.00380890310131	-0.0402256443317	-0.0157133489861	0.048853429298	0.04581221555	-0.0347195621244	-0.010961472235	0.00732657465819	-0.0536194843666	0.0153749688754	0.0113989332387	0.0369940257523	-0.0363472322791	0.0250960261239	0.0604965171667	-0.00404895318295	-0.0231856392774	-0.0348362836083	-0.0191086378562	0.00847592135048	-0.0541766696972	-0.0207912763647	-0.0288165352993	-0.000123184162228	-0.0667175483111	-0.0321142913411	-0.0541388023143
k__Bacteria;p__Firmicutes;c__Clostridia;o__Clostridiales;f__Lachnospiraceae;g__;s__[Eubacterium]_rectale	-0.0539381493067	-0.0247358501069	-0.0353028101601	0.00222259929991	0.00318617650251	0.00232929202363	0.0272908599504	-0.016257671112	-0.0075866392777	0.0481013778636	-0.0443560134106	-0.0387346246742	-0.0120490079635	0.00409751897602	1.0	0.0664715822568	0.0325913431558	-0.0574745313715	-0.0153342741667	0.0422874092414	-0.0296212675363	-0.0226661349077	0.0174371412282	0.00228498146623	-0.0320064262912	-0.0473351186107	-0.0391441730343	0.0354798638482	0.0105935710143	0.101107692013	-0.0211514378043	-0.000869628380187	-0.0466534475238	-0.0406833362274	-0.0527332263969	-0.0353120457874	-0.00710009636289	-0.0546331837128	-0.0358940830273	0.0193972429943	0.0404927336564	-0.0298532811794	-0.0193987288465	0.000942163467359	0.00455102836612	0.0330683748107	-0.0438872228756	0.000907050455338	0.00310707529935	-0.027411772321	-0.00854244226866	-0.0367238916823	0.0105122671778	-0.0607092839787	-0.0209722200108	-0.00332296174833	0.0232632278167	0.00170739810856	0.00943351580188
k__Bacteria;p__Bacteroidetes;c__Bacteroidia;o__Bacteroidales;f__Bacteroidaceae;g__Bacteroides;s__Bacteroides_plebeius	-0.0258842758862	-0.015707844212	0.0146553122965	-0.0406171985067	0.00361996357871	-0.0312482470822	-0.0892421082791	-0.0205956935545	0.00831250075369	-0.0547753649175	-0.0333963957113	0.0246823521366	-0.0698176475006	0.00596126658903	0.0664715822568	1.0	-0.0444331264575	-0.0378998028996	0.0444973994621	0.0344941759482	-0.0106996946522	0.00723201804141	-0.0631381579737	-0.00830154881369	-0.0351233881584	-0.0394805129824	-0.0476068597074	-0.00779439351585	-0.043646175391	0.0527001452528	0.0257942642984	0.0207944787453	0.0455962720783	0.0130409513817	0.0292512671182	0.0535046757448	-0.0731727863233	0.033950879464	0.0180076068158	-0.00561356132505	0.0120421872417	-0.000973226048438	-0.00591051651253	-0.0131602809142	-0.0357006633969	-0.0375686524136	-0.0594988263928	0.000805521090289	0.00473722374661	0.0403163208884	0.0083248071809	0.0206864291559	-0.0026020411212	0.00856474742213	-0.0345537230791	-0.0150370541828	-0.0232918029648	-0.0429362396498	-0.0480723443807
k__Bacteria;p__Bacteroidetes;c__Bacteroidia;o__Bacteroidales;f__Bacteroidaceae;g__Bacteroides;s__Bacteroides_fragilis	0.0401933264675	-0.0217123492943	-0.0290209108598	0.0435039908623	-0.0256067647504	0.0364599451069	-0.0514693309526	-0.023408728118	-0.00333910411618	-0.0148076871191	-0.0172738007416	-0.0394286868959	-0.0317452177137	-0.0295483546124	0.0325913431558	-0.0444331264575	1.0	-0.0474378157595	-0.0137274858088	-0.0250801584293	-0.0147583196787	-0.0686791719721	0.0081680835606	-0.00537145583109	0.0232258118798	0.00267749259644	0.0440459661672	-0.0137694482476	1.46410377864e-05	0.0242987048819	0.0211339951676	0.00482989711105	0.00547532909671	-0.0187343981473	-0.00116465621816	0.0352433989215	-0.00262423022698	-0.0225714463981	-0.0208648992386	-0.0133218099118	-0.0364924090438	-0.0166644738613	-0.0225538819886	-0.0149633155072	-0.0274813509327	0.00692517546168	-0.0226440008809	0.0166550384921	-0.00587238357248	-0.00953940283897	0.0348286871443	0.057648840143	-0.0141164403816	-0.0193813738992	-0.0450636549089	0.0235192056539	-0.00804075344911	0.0188571702505	0.002218736036
k__Bacteria;p__Proteobacteria;c__Betaproteobacteria;o__Burkholderiales;f__Sutterellaceae;g__Sutterella;s__Sutterella_wadsworthensis	0.0327259956719	0.0463113463702	0.0511899573284	-0.0282197570848	-0.0351744736416	-0.0187537680069	-0.0217791553728	-0.024467589218	-0.0512095170781	0.0155229121817	-0.014476975804	0.00644329125613	-0.0169018115194	0.0094136053626	-0.0574745313715	-0.0378998028996	-0.0474378157595	1.0	-0.00666485871953	-0.00719547284007	0.0811653163507	-0.0181341608867	-0.0240180765481	-0.016089476314	-0.00706360520855	-0.00299986993828	0.0544384455699	-0.0142409695746	0.0219507778777	0.00876755086212	-0.013560385276	-0.0484502183187	-0.00477758842051	0.0247125446732	0.00281876486846	0.0170641171475	0.0335348534087	-0.0425597935682	-0.0499224707396	-0.0474567861658	-0.0530937800235	0.0550788224253	-0.0553237490678	0.0190978829504	-0.0152172354571	-0.00613573821943	-0.049918708323	0.0392552246991	-0.0438221246459	0.0442471858713	0.0341006710039	0.0222894780193	0.0156950904176	-0.062043350997	-0.00699145569712	-0.034962239557	-0.0313190445528	-0.0176658865314	-0.0199953510213
k__Bacteria;p__Bacteroidetes;c__Bacteroidia;o__Bacteroidales;f__Porphyromonadaceae;g__Barnesiella;s__Barnesiella_intestinihominis	-0.0431822162759	0.0121204710831	0.00964350580228	0.0116668039877	0.0061253825088	-0.033117296181	0.0654475582476	-0.0175747345969	-0.0383346832944	-0.0342581038902	-0.0155223823482	-0.0219087784152	-0.0371433475557	-0.0320464411521	-0.0153342741667	0.0444973994621	-0.0137274858088	-0.00666485871953	1.0	0.0357997241505	0.0731650801269	-0.0586725609802	-0.0466342350851	-0.0198826991516	-0.00675630770067	0.087551852563	0.0169415253369	0.0105205830139	-0.0274893367857	-0.0233737694491	-0.0133862822493	-0.0207560551584	0.0122874189438	-0.0186263192638	-0.00402548220214	-0.0686239460214	0.0407190517022	-0.0298263723154	-0.0227217679986	-0.0243988152573	-0.0621988484786	-0.023400322434	-0.0136522308144	0.0459491156693	0.030515653091	0.0136176538766	-0.0145377720146	0.00181086553004	-0.0447206039986	-0.0198687133823	0.0245483738368	0.0283337025421	0.0207506997731	-0.00729342206826	0.112333856794	-0.0400352648658	-0.0820428519865	0.00142976358942	-0.00840482839186
k__Bacteria;p__Bacteroidetes;c__Bacteroidia;o__Bacteroidales;f__Odoribacteraceae;g__Odoribacter;s__Odoribacter_splanchnicus	0.009762546375	-0.017478545328	0.000654030003055	-0.0505396921049	-0.0265796018605	-0.00854077051403	-0.0159439793026	-0.0454053166823	-0.0271902007715	-0.00849666508768	-0.0168700280256	0.0212961968995	-0.0133340163023	0.041110943936	0.0422874092414	0.0344941759482	-0.0250801584293	-0.00719547284007	0.0357997241505	1.0	-0.0485193362035	-0.0211213293998	-0.0397323017242	-0.0563523672993	-0.0100393250065	0.0365949921001	-0.0540306873376	-0.0747311855267	0.00396031125175	-0.0480951893872	-0.0703145222856	-0.00697642653075	-0.0380981051118	-0.0155279554744	0.0722579619323	0.0345230565777	-0.0040555571905	-0.0267696846607	-0.014282068966	-0.0058668867269	-0.0212071621587	0.0296914871153	-0.0010497266169	0.0226733639905	-0.015259114036	0.0362327887723	-0.0372217357166	0.0214097846023	-0.0240345759017	0.00515600001967	0.0100630040061	-0.0219574066316	-0.00107940783084	-0.00778527514301	0.0134464220486	-0.0135824643141	-0.0294797821381	-0.0278204388286	-0.0157946840689
k__Bacteria;p__Bacteroidetes;c__Bacteroidia;o__Bacteroidales;f__Bacteroidaceae;g__Bacteroides;s__Bacteroides_salyersiae	0.013988397852	0.0581410677916	-0.0353216869443	-0.0440175405386	-0.040189178915	-0.0892018067291	-0.00983092941473	-0.0302329813246	0.0506360057838	-0.0368847447604	-0.0116692756668	-0.0381894317981	0.00427227755342	0.0108430829035	-0.0296212675363	-0.0106996946522	-0.0147583196787	0.0811653163507	0.0731650801269	-0.0485193362035	1.0	-0.0172787735995	0.0136781838667	-0.0190364557608	0.0718412832024	-0.0319698341228	0.0232822863817	0.0188187453528	0.0027914631899	-0.0277028816552	-0.0106867934053	-0.0263928281166	-0.0203857357202	-0.0580102691083	-0.0288929070314	-0.0239685001306	-0.0482188824783	0.0418920660563	0.0306300260346	-0.0360758303296	-0.006128310314	0.0391998935989	0.0171703522538	0.0105354600309	0.00294671813802	0.0126594735174	-0.0538466284421	-0.0267984421498	0.0184717516662	-0.00669527763234	0.0254657104873	0.0159259755162	-0.0125941861839	-0.00671561430383	-0.011878791889	0.0366840517274	0.0244130086585	0.0342843000277	-0.0216206969747
k__Bacteria;p__Firmicutes;c__Clostridia;o__Clostridiales;f__Ruminococcaceae;g__Ruminiclostridium;s__[Eubacterium]_siraeum	-0.0302264594387	-0.0389915572463	-0.0210707704033	-0.0206125871297	0.028129059964	-0.00552015228376	0.0557253790262	-0.0390707494652	-0.0339600912806	-0.0208641063271	0.00157007296452	-0.00079714060584	0.0535315321025	-0.0156666074222	-0.0226661349077	0.00723201804141	-0.0686791719721	-0.0181341608867	-0.0586725609802	-0.0211213293998	-0.0172787735995	1.0	-0.010502266208	0.0441487208221	-0.0468493106109	-0.0247787525789	-0.00157475851947	-0.0278623629044	0.00974460962832	-0.0556730124707	-0.0277198576859	-0.0556834657735	0.0051425625942	-0.0420157797684	-0.00972880964644	-0.00693737067996	-0.00325674687337	-0.075394381776	-0.0610480872206	0.00264560123717	0.0319473010273	-0.00857752639615	-0.0211124366821	-0.02694556698	-0.0217259382126	-0.0134251185863	0.00922002213504	-0.0541829715893	0.0124621106102	0.0255951858113	-0.0226097330987	-0.0265371703227	-0.0366476940809	0.0677181302131	0.029199521972	0.0249575047086	-0.0497137758433	0.0177870741459	-0.00502472379349
k__Bacteria;p__Proteobacteria;c__Betaproteobacteria;o__Burkholderiales;f__Sutterellaceae;g__Parasutterella;s__Parasutterella_excrementihominis	0.013679465239	0.00501532695699	-0.0263311151292	-0.0414088637271	-0.0132607702977	0.0031007455628	0.00211487032912	0.0462117057712	6.28495612065e-05	-0.0618292176768	0.00661837742611	-0.041264598928	0.0516434491221	-0.00523781677623	0.0174371412282	-0.0631381579737	0.0081680835606	-0.0240180765481	-0.0466342350851	-0.0397323017242	0.0136781838667	-0.010502266208	1.0	0.00919472003798	0.0120606928899	-0.040360087161	-0.0239215078483	-0.0327182615507	-0.00771263923108	0.00532570190697	0.0241234468802	-0.0299396391153	0.028614079414	-0.0283089319198	-0.082785485259	-0.0431888350408	0.042319680914	-0.00936787050202	0.00794230836184	-0.0276838712044	-0.00813736083782	0.0365961993355	0.0122433379421	-0.0407860835236	-0.0460969717417	0.0120436464365	-0.00196022542734	0.0198244316313	-0.0697657018397	0.00533176799676	-0.020377595571	0.000729611480169	-0.0279520343174	-0.0668745257584	-0.0191682631986	-0.00522778948767	0.000535425806401	0.00592647917204	0.00397750429245
k__Bacteria;p__Actinobacteria;c__Actinobacteria;o__Bifidobacteriales;f__Bifidobacteriaceae;g__Bifidobacterium;s__Bifidobacterium_adolescentis	0.0117015930322	0.0271282042949	-0.0174310160298	0.0350652211745	-0.00267619037703	0.0187563982122	0.00492640950911	0.00459131137422	0.0108793248494	-0.0452649991426	-0.00155358107926	-0.00277449746179	-0.0299398901227	-0.00848882981935	0.00228498146623	-0.00830154881369	-0.00537145583109	-0.016089476314	-0.0198826991516	-0.0563523672993	-0.0190364557608	0.0441487208221	0.00919472003798	1.0	-0.00146009264569	0.0333037240889	-0.0417874477889	0.00930488118547	0.006674643489	-0.00251241462518	3.75996767285e-05	-0.000985588193266	-0.00204569718938	0.0335772556282	0.00668977076719	-0.00518893683697	0.0217546435988	-0.0351748727319	0.025151822859	-0.0223382946184	-0.0232119336243	-0.0122768250999	0.0316488796066	-0.0577162312044	0.0314500445981	-0.0219498014052	-0.0490889877745	0.0424130619358	-0.0142172117221	-0.0413671254842	-0.0149976200468	-0.0192668879509	0.0458066370626	0.0372511594642	0.0010779253221	-0.0578886883545	-0.000448182853208	-0.00960402051985	-0.0277810520727
k__Bacteria;p__Firmicutes;c__Clostridia;o__Clostridiales;f__Oscillospiraceae;g__Oscillibacter;s__Oscillibacter_sp._KLE_1745	0.0139306301479	-0.0232210827994	0.00524206985843	-0.0773399418949	-0.00297741397776	-0.00772658876872	0.00365944929954	0.0256572803137	-0.0220336748534	-0.0481082826503	-0.0139057783228	-0.011484978649	-0.0531264418862	0.00156328444529	-0.0320064262912	-0.0351233881584	0.0232258118798	-0.00706360520855	-0.00675630770067	-0.0100393250065	0.0718412832024	-0.0468493106109	0.0120606928899	-0.00146009264569	1.0	-0.0105272244629	0.0418134799523	-0.0212613022021	-0.0312318755152	0.00875253406176	-0.0162779671227	-0.0497074279157	0.0208428474876	0.00621292285937	-0.00486177487375	-0.0121070512712	0.0215078484419	0.0190046473315	-0.00955575078524	0.00365568629301	0.0524614989345	-0.0564105158589	-0.0340659625836	0.00577697044087	-0.0477568299116	-0.0274409224208	-0.0135391225952	0.0626368086965	-0.00603413454951	0.0214686938603	-0.00167417361994	0.0309753263514	-0.0485864543846	0.0310354882868	-0.110616200954	0.034228190002	0.0295856202644	0.0145890238025	-0.0430456614814
k__Bacteria;p__Bacteroidetes;c__Bacteroidia;o__Bacteroidales;f__Bacteroidaceae;g__Bacteroides;s__Bacteroides_coprophilus	-0.0703168247185	-0.0152849150247	-0.00253893640374	-0.0440645457632	0.0419770763392	0.0406243838728	-0.00698413747808	-0.0122068722364	0.0289345453629	-0.0165741513626	0.0253727611654	-0.0287403946064	-0.00756423279438	0.0308219246516	-0.0473351186107	-0.0394805129824	0.00267749259644	-0.00299986993828	0.087551852563	0.0365949921001	-0.0319698341228	-0.0247787525789	-0.040360087161	0.0333037240889	-0.0105272244629	1.0	0.00598641457254	0.0655200463665	0.0409835803763	0.0360403506683	0.0119600026278	0.00872188802653	-0.00970205413523	-0.0298307479574	0.0125538542036	0.00407307848806	-0.0145878698047	0.0213994657981	-0.0452061153238	0.0126662489912	-0.0371387056437	0.000182732533481	-0.0120650752021	-0.0201220247054	-0.0262068054152	-0.0162054950698	-0.0292726759034	-0.0249049061167	-0.0253390240357	-0.00668019959327	-0.0459895822654	-0.00647633081487	-0.0473250820868	-0.0131903387358	-0.00458241257255	-0.00789833188443	-0.00180460456423	-0.0689688802406	-0.0388771920369
k__Bacteria;p__Firmicutes;c__Clostridia;o__Clostridiales;f__Lachnospiraceae;g__Roseburia;s__Roseburia_intestinalis	0.00395447709223	-0.0334525211933	0.0167923941408	0.035636045554	0.0536195346132	0.0135500043832	-0.00673739582194	0.00453602084759	-0.000133481570846	-0.0366229177476	0.0143372260027	0.00956102263152	-0.0811692748742	-0.00751263819609	-0.0391441730343	-0.0476068597074	0.0440459661672	0.0544384455699	0.0169415253369	-0.0540306873376	0.0232822863817	-0.00157475851947	-0.0239215078483	-0.0417874477889	0.0418134799523	0.00598641457254	1.0	-0.0186181986417	-0.0426871970344	-0.0595103686234	-0.0263356322615	-0.0498166693535	0.00442535616334	-0.0147229536841	0.0316302884618	0.0020033280181	0.0343309446124	-0.0372009197311	-0.000259363013222	0.0213940704535	-0.0470310767308	0.0186024078592	-0.0514592619488	0.0302732702863	-0.0190599372195	0.0177403933613	0.00822694970947	-0.0565776563055	-0.0174701586274	-0.0458537765756	0.00427233459306	0.0131800969734	0.0748320841202	-0.0477635528131	0.0229630260083	0.0262191359837	0.0136883516354	-0.0198409552393	0.0244208586198
k__Bacteria;p__Firmicutes;c__Clostridia;o__Clostridiales;f__Lachnospiraceae;g__Roseburia;s__Roseburia_hominis	0.0352936914849	0.0602265813155	-0.023837731593	-0.0611764868797	-0.0444224877912	0.049021456783	0.00543344660254	-0.0180225923955	-0.061115593796	0.0475589107707	0.0182249818011	-0.0282637003917	-0.0193595978114	-0.00887999624987	0.0354798638482	-0.00779439351585	-0.0137694482476	-0.0142409695746	0.0105205830139	-0.0747311855267	0.0188187453528	-0.0278623629044	-0.0327182615507	0.00930488118547	-0.0212613022021	0.0655200463665	-0.0186181986417	1.0	-0.00280130227494	0.020203265692	-0.00834288258934	-0.0264865030538	-0.00130686544745	-0.0171510768264	-0.0249912060556	-0.00219950646831	-0.0120906575633	-0.038435840077	0.0203400344634	-0.0360504424744	-0.0283267675123	-0.0340813814921	-0.015983309841	-0.0180430254208	-0.00211494656665	0.0211594064699	0.0086246778501	-0.0520317005196	-0.0165588651001	0.0715253742543	-0.00168097256109	-0.0368361801728	-0.0248820332799	0.0253590586619	-0.01909435068	-0.00248634816207	0.00124186003102	0.000129471723811	-0.0114924144989
k__Bacteria;p__Bacteroidetes;c__Bacteroidia;o__Bacteroidales;f__Porphyromonadaceae;g__Parabacteroides;s__Parabacteroides_johnsonii	-0.0239623837283	-0.0116050871854	-0.0416438049913	-0.0300605043453	0.00577156656384	0.0323369252216	0.0214468865861	-0.0667875414421	-0.00708866400218	0.0101213506234	-0.0511996788315	0.0385979390109	-0.0303355609001	0.0400190949612	0.0105935710143	-0.043646175391	1.46410377864e-05	0.0219507778777	-0.0274893367857	0.00396031125175	0.0027914631899	0.00974460962832	-0.00771263923108	0.006674643489	-0.0312318755152	0.0409835803763	-0.0426871970344	-0.00280130227494	1.0	-0.0262275136256	-0.0542926816	-0.0402738795836	0.0260289904215	0.0236040895607	-0.0391098024152	-0.0477811106166	0.0207072900156	-0.010911244536	0.0146177796644	-0.0274248466308	-0.0140086410957	0.0194441184393	-0.00853183729014	-0.042795763265	-0.0720478965894	-0.0258619028335	0.00656910064238	0.00605356666933	0.0247897939473	0.0434767570885	-0.00835668090826	-0.0446540340631	-0.00608320753096	-0.0365192085573	0.0460687366231	0.0145371929282	0.0374775391632	0.00562718515585	0.0247240890737
