#taxonomy	k__Bacteria;p__Bacteroidetes;c__Bacteroidia;o__Bacteroidales;f__Bacteroidaceae;g__Bacteroides;s__Bacteroides_vulgatus	k__Bacteria;p__Bacteroidetes;c__Bacteroidia;o__Bacteroidales;f__Bacteroidaceae;g__Bacteroides;s__Bacteroides_uniformis	k__Bacteria;p__Bacteroidetes;c__Bacteroidia;o__Bacteroidales;f__Rikenellaceae;g__Alistipes;s__Alistipes_putredinis	k__Bacteria;p__Bacteroidetes;c__Bacteroidia;o__Bacteroidales;f__Prevotellaceae;g__Prevotella;s__Prevotella_copri	k__Bacteria;p__Bacteroidetes;c__Bacteroidia;o__Bacteroidales;f__Bacteroidaceae;g__Bacteroides;s__Bacteroides_stercoris	k__Bacteria;p__Bacteroidetes;c__Bacteroidia;o__Bacteroidales;f__Bacteroidaceae;g__Bacteroides;s__Bacteroides_ovatus	k__Bacteria;p__Bacteroidetes;c__Bacteroidia;o__Bacteroidales;f__Rikenellaceae;g__Alistipes;s__Alistipes_shahii	k__Bacteria;p__Firmicutes;c__Clostridia;o__Clostridiales;f__Ruminococcaceae;g__Faecalibacterium;s__Faecalibacterium_prausnitzii	k__Bacteria;p__Bacteroidetes;c__Bacteroidia;o__Bacteroidales;f__Rikenellaceae;g__Alistipes;s__Alistipes_finegoldii	k__Bacteria;p__Bacteroidetes;c__Bacteroidia;o__Bacteroidales;f__Porphyromonadaceae;g__Parabacteroides;s__Parabacteroides_distasonis	k__Bacteria;p__Bacteroidetes;c__Bacteroidia;o__Bacteroidales;f__Bacteroidaceae;g__Bacteroides;s__Bacteroides_thetaiotaomicron	k__Bacteria;p__Bacteroidetes;c__Bacteroidia;o__Bacteroidales;f__Bacteroidaceae;g__Bacteroides;s__Bacteroides_coprocola	k__Bacteria;p__Bacteroidetes;c__Bacteroidia;o__Bacteroidales;f__Bacteroidaceae;g__Bacteroides;s__Bacteroides_cellulosilyticus	k__Bacteria;p__Bacteroidetes;c__Bacteroidia;o__Bacteroidales;f__Rikenellaceae;g__Alistipes;s__Alistipes_obesi	k__Bacteria;p__Firmicutes;c__Clostridia;o__Clostridiales;f__Lachnospiraceae;g__;s__[Eubacterium]_rectale	k__Bacteria;p__Bacteroidetes;c__Bacteroidia;o__Bacteroidales;f__Bacteroidaceae;g__Bacteroides;s__Bacteroides_plebeius	k__Bacteria;p__Bacteroidetes;c__Bacteroidia;o__Bacteroidales;f__Bacteroidaceae;g__Bacteroides;s__Bacteroides_fragilis	k__Bacteria;p__Proteobacteria;c__Betaproteobacteria;o__Burkholderiales;f__Sutterellaceae;g__Sutterella;s__Sutterella_wadsworthensis	k__Bacteria;p__Bacteroidetes;c__Bacteroidia;o__Bacteroidales;f__Porphyromonadaceae;g__Barnesiella;s__Barnesiella_intestinihominis	k__Bacteria;p__Bacteroidetes;c__Bacteroidia;o__Bacteroidales;f__Odoribacteraceae;g__Odoribacter;s__Odoribacter_splanchnicus	k__Bacteria;p__Bacteroidetes;c__Bacteroidia;o__Bacteroidales;f__Bacteroidaceae;g__Bacteroides;s__Bacteroides_salyersiae	k__Bacteria;p__Firmicutes;c__Clostridia;o__Clostridiales;f__Ruminococcaceae;g__Ruminiclostridium;s__[Eubacterium]_siraeum	k__Bacteria;p__Proteobacteria;c__Betaproteobacteria;o__Burkholderiales;f__Sutterellaceae;g__Parasutterella;s__Parasutterella_excrementihominis	k__Bacteria;p__Actinobacteria;c__Actinobacteria;o__Bifidobacteriales;f__Bifidobacteriaceae;g__Bifidobacterium;s__Bifidobacterium_adolescentis	k__Bacteria;p__Firmicutes;c__Clostridia;o__Clostridiales;f__Oscillospiraceae;g__Oscillibacter;s__Oscillibacter_sp._KLE_1745	k__Bacteria;p__Bacteroidetes;c__Bacteroidia;o__Bacteroidales;f__Bacteroidaceae;g__Bacteroides;s__Bacteroides_coprophilus	k__Bacteria;p__Firmicutes;c__Clostridia;o__Clostridiales;f__Lachnospiraceae;g__Roseburia;s__Roseburia_intestinalis	k__Bacteria;p__Firmicutes;c__Clostridia;o__Clostridiales;f__Lachnospiraceae;g__Roseburia;s__Roseburia_hominis	k__Bacteria;p__Bacteroidetes;c__Bacteroidia;o__Bacteroidales;f__Porphyromonadaceae;g__Parabacteroides;s__Parabacteroides_johnsonii	k__Bacteria;p__Actinobacteria;c__Actinobacteria;o__Bifidobacteriales;f__Bifidobacteriaceae;g__Bifidobacterium;s__Bifidobacterium_longum	k__Bacteria;p__Firmicutes;c__Clostridia;o__Clostridiales;f__;g__Flavonifractor;s__Flavonifractor_plautii	k__Bacteria;p__Firmicutes;c__Clostridia;o__Clostridiales;f__Clostridiaceae;g__Clostridium;s__Clostridium_phoceensis	k__Bacteria;p__Verrucomicrobia;c__Verrucomicrobiae;o__Verrucomicrobiales;f__Akkermansiaceae;g__Akkermansia;s__Akkermansia_muciniphila	k__Bacteria;p__Bacteroidetes;c__Bacteroidia;o__Bacteroidales;f__Prevotellaceae;g__Paraprevotella;s__Paraprevotella_xylaniphila	k__Bacteria;p__Firmicutes;c__Clostridia;o__Clostridiales;f__Ruminococcaceae;g__Ruminococcus;s__Ruminococcus_callidus	k__Bacteria;p__Bacteroidetes;c__Bacteroidia;o__Bacteroidales;f__Rikenellaceae;g__Alistipes;s__Alistipes_senegalensis	k__Bacteria;p__Firmicutes;c__Clostridia;o__Clostridiales;f__Lachnospiraceae;g__Blautia;s__Blautia_sp._KLE_1732	k__Bacteria;p__Bacteroidetes;c__Bacteroidia;o__Bacteroidales;f__Bacteroidaceae;g__Bacteroides;s__Bacteroides_oleiciplenus	k__Bacteria;p__Firmicutes;c__Clostridia;o__Clostridiales;f__Ruminococcaceae;g__Ruminococcus;s__Ruminococcus_bicirculans	k__Bacteria;p__Bacteroidetes;c__Bacteroidia;o__Bacteroidales;f__Bacteroidaceae;g__Bacteroides;s__Bacteroides_fluxus	k__Bacteria;p__Bacteroidetes;c__Bacteroidia;o__Bacteroidales;f__Prevotellaceae;g__Prevotella;s__Prevotella_stercorea	k__Bacteria;p__Firmicutes;c__Clostridia;o__Clostridiales;f__Lachnospiraceae;g__Dorea;s__Dorea_longicatena	k__Bacteria;p__Firmicutes;c__Clostridia;o__Clostridiales;f__Eubacteriaceae;g__Eubacterium;s__[Eubacterium]_eligens	k__Bacteria;p__Firmicutes;c__Clostridia;o__Clostridiales;f__Ruminococcaceae;g__;s__Ruminococcaceae_bacterium_D16	k__Bacteria;p__Firmicutes;c__Clostridia;o__Clostridiales;f__Lachnospiraceae;g__Coprococcus;s__Coprococcus_comes	k__Bacteria;p__Proteobacteria;c__Gammaproteobacteria;o__Enterobacterales;f__Enterobacteriaceae;g__Escherichia;s__Escherichia_coli	k__Bacteria;p__Firmicutes;c__Clostridia;o__Clostridiales;f__Ruminococcaceae;g__Anaerotruncus;s__Anaerotruncus_colihominis	k__Bacteria;p__Firmicutes;c__Clostridia;o__Clostridiales;f__Lachnospiraceae;g__Blautia;s__Blautia_obeum	k__Bacteria;p__Bacteroidetes;c__Bacteroidia;o__Bacteroidales;f__Odoribacteraceae;g__Odoribacter;s__Odoribacter_laneus	k__Bacteria;p__Firmicutes;c__Clostridia;o__Clostridiales;f__Ruminococcaceae;g__Ruminiclostridium;s__[Clostridium]_leptum	k__Bacteria;p__Bacteroidetes;c__Bacteroidia;o__Bacteroidales;f__Porphyromonadaceae;g__Parabacteroides;s__Parabacteroides_goldsteinii	k__Bacteria;p__Firmicutes;c__Clostridia;o__Clostridiales;f__Lachnospiraceae;g__Anaerostipes;s__Anaerostipes_hadrus	k__Bacteria;p__Firmicutes;c__Clostridia;o__Clostridiales;f__Ruminococcaceae;g__Ruminococcus;s__Ruminococcus_lactaris	k__Bacteria;p__Firmicutes;c__Clostridia;o__Clostridiales;f__Clostridiaceae;g__Clostridium;s__Clostridium_sp._L2-50	k__Bacteria;p__Firmicutes;c__Clostridia;o__Clostridiales;f__Clostridiaceae;g__Clostridium;s__Clostridium_sp._M62/1	k__Bacteria;p__Firmicutes;c__Clostridia;o__Clostridiales;f__;g__Intestinimonas;s__Intestinimonas_butyriciproducens	k__Bacteria;p__Actinobacteria;c__Actinobacteria;o__Bifidobacteriales;f__Bifidobacteriaceae;g__Bifidobacterium;s__Bifidobacterium_bifidum	k__Bacteria;p__Firmicutes;c__Negativicutes;o__Veillonellales;f__Veillonellaceae;g__Dialister;s__Dialister_invisus	k__Bacteria;p__Bacteroidetes;c__Bacteroidia;o__Bacteroidales;f__Bacteroidaceae;g__Bacteroides;s__Bacteroides_salanitronis
k__Bacteria;p__Bacteroidetes;c__Bacteroidia;o__Bacteroidales;f__Bacteroidaceae;g__Bacteroides;s__Bacteroides_vulgatus	1.0	-0.0323941912622	-0.0453863900181	-0.0292305431087	-0.0439329894729	0.0113704122887	-0.0259071362096	-0.0293494251048	-0.0303124815526	-0.0028879630437	-0.0097303888391	-0.089256359518	-0.0328539011312	-0.0607747333492	0.0506622424592	-0.0388757076633	0.0446756968903	0.000804914057443	-0.0238216046375	-0.0256648410333	0.0358389393768	0.0287634369173	-0.0574615020827	-0.000690614920716	0.000241203854665	0.0285403921656	0.0162747670818	-0.0525051028924	0.0480340266109	0.00406904578021	-0.0217695769733	0.00975963236339	-0.000189467441638	-0.0198689055718	-0.0280295116394	0.0139342680032	-0.0109981021062	-0.0322507780029	-0.0199309638301	0.00706067526751	0.00406485383256	0.00785544479053	-0.0603546411164	0.00577756674066	-0.021221953078	0.0476076206521	0.0248590186059	0.0275024760364	-0.032949217636	0.0152745089496	-0.00137640053342	-0.0964094184524	-0.0415577692198	-0.0329851629728	-0.0158756208311	-0.00556322596155	0.00136925838794	0.0280946050983	-0.0114201615974
k__Bacteria;p__Bacteroidetes;c__Bacteroidia;o__Bacteroidales;f__Bacteroidaceae;g__Bacteroides;s__Bacteroides_uniformis	-0.0323941912622	1.0	0.0550054003583	0.000131953155753	-0.0486794534625	-0.000883511518303	-0.0309495728452	-0.0458698134597	0.0349552603741	-0.0398883710683	0.0466535627784	0.0230971291305	0.0275875863607	0.0223942062781	0.0146217048634	-0.0216559349722	0.0106001202319	-0.0533080445106	-0.0729686988241	0.0254190928198	-0.0335984896779	0.00533115009067	0.0348839842526	-0.0437892978462	0.0029939575833	0.00887392558197	0.018237955121	-0.00551980268778	0.0428086007228	-0.0327199498483	-0.0165397450591	0.0217839348278	-0.00164593452513	-0.0258943257529	-0.0246514847586	0.0123401312502	0.0182177932578	-0.0381780384369	-0.0278995456334	-0.00100873245992	-0.0631571160539	-0.0190017773674	0.00146772752062	0.0397675333185	-0.0143856413342	0.0629815891015	0.0109580960901	0.0132670293925	-0.067632444395	-0.0265478923608	0.0102666329256	-0.0508172057257	-0.00903944297002	-0.0302503965165	-0.00918271064174	0.00131731482995	0.00504602086511	0.0207759050834	-0.0189050176604
k__Bacteria;p__Bacteroidetes;c__Bacteroidia;o__Bacteroidales;f__Rikenellaceae;g__Alistipes;s__Alistipes_putredinis	-0.0453863900181	0.0550054003583	1.0	0.00366668702587	-0.0318712538369	0.0048908640079	-0.114875296662	0.0097392937992	-0.0223964356608	-0.024835844541	-0.00933003512937	-0.0164543310079	-0.0246716071575	-0.013173318346	0.0121489103356	0.00175549110911	-0.0090156491373	0.0105405389514	-0.0201298142853	0.00609079210617	0.00649289110642	-0.0177145989934	0.021989186994	0.0572262265487	-0.0248444080634	-0.0115209374593	-0.032611765282	-0.0060461317116	-0.00730334327772	-0.0585964647218	-0.0481637407718	0.0341456923506	-0.000414086556165	-0.0116962986486	-0.00204000850528	-0.0158358091598	-0.0555532784122	-0.0142996151979	-0.0652952209445	0.033493871994	0.041684562418	-0.0241412267401	-0.00935656038849	0.00800939362285	0.0287947984543	0.00671836372828	0.0119184979391	-0.0274114814888	-0.0344189849143	-0.0417561715264	-0.00450552750317	0.0352495651228	-0.0129370440405	0.00947701442322	-0.0032632017298	-0.00517760861332	-0.0221455613605	0.0364119794139	-0.0123608608194
k__Bacteria;p__Bacteroidetes;c__Bacteroidia;o__Bacteroidales;f__Prevotellaceae;g__Prevotella;s__Prevotella_copri	-0.0292305431087	0.000131953155753	0.00366668702587	1.0	-0.0441403808892	0.0261268111838	-0.0174356384455	-0.070100655954	-0.0482081013407	-0.0435315821145	0.0286528767153	-0.0195015236046	0.0141152040924	-0.0574411458434	0.0125065430203	0.00673714712266	0.0269053838017	-0.0135187548463	-0.0436330685396	-0.0246090392479	-0.0156741276588	-0.0436467162379	-0.0448084416453	0.00879368062754	0.0151066060173	-0.00109080475426	0.0459953805961	0.0468384726898	-0.0391453524197	0.0188071380336	0.0012975969923	-0.0179894183435	-0.0319440093877	-0.0136322434466	-0.0178398975658	-0.00924621345675	0.0402426948056	-0.00347437114458	0.00195630810425	0.00432851167803	0.000765294246621	-0.0143700754962	0.0242307814033	0.0224494314482	0.0139018233959	-0.00634986611138	0.0527265093888	-0.0439208337174	-0.0908712279244	-0.017181540684	-0.029456620086	-0.051167592112	0.0201585282011	-0.0634702969961	-0.00886932579105	-0.00412831825606	0.0675865447878	-0.0966056567974	-0.0228049451761
k__Bacteria;p__Bacteroidetes;c__Bacteroidia;o__Bacteroidales;f__Bacteroidaceae;g__Bacteroides;s__Bacteroides_stercoris	-0.0439329894729	-0.0486794534625	-0.0318712538369	-0.0441403808892	1.0	0.00403258147221	0.0135122187174	0.0102694219375	0.0195155370818	-0.0108121415615	0.0266507471358	-0.0394553122021	0.0504489934002	0.020817155939	-0.0562305573983	-0.0332224808779	-0.00771068794937	0.0303345788237	-0.0378598235675	-0.0676756772028	-0.0127905398273	-0.0165756153643	0.0119694593046	-0.00595164051139	0.00997907511443	-0.000487913045741	-0.0082316083905	-0.0146755388228	0.023795495478	0.00359913276519	0.00921348252682	0.0261750265057	-0.0412950309678	-0.00723343512549	-0.0404415342584	-0.00459763883777	0.0129906150447	-0.0547859282928	-0.0305710877338	-0.0513585118721	-0.0366227726705	0.013491471469	-0.0473747518267	-0.0442020868303	0.0570290633946	0.0284139273177	0.0383366724171	-0.00720857444581	0.0409065673742	-0.0279356943389	-0.0112981471878	0.0492815492831	0.00852028413364	0.00222493805216	-0.0196329786743	0.0109510430293	0.00463053733426	-0.0572906419343	-0.0309695617428
k__Bacteria;p__Bacteroidetes;c__Bacteroidia;o__Bacteroidales;f__Bacteroidaceae;g__Bacteroides;s__Bacteroides_ovatus	0.0113704122887	-0.000883511518303	0.0048908640079	0.0261268111838	0.00403258147221	1.0	0.0319624392797	-0.0495897749985	-0.0173490347284	-0.0804937106951	0.0148913599551	0.00493590404148	-0.0801109614828	-0.0450740533626	-0.0440535805992	-0.05418225803	-0.0469283315964	0.0134749954779	-0.0113684003182	0.000962542702381	-0.00787985476189	0.0500651986706	-0.0165133246905	-0.0214183558361	-0.0312334511682	0.00836833456762	-0.0399929819569	-0.03804054339	-0.00242522703439	-0.0227086558649	0.0297250459409	0.0282621900919	0.0906114616	-0.0865034976004	-0.0300670489708	-0.0383473837202	0.0114800093663	0.0286866989322	0.00038881926524	-0.0473153920175	-0.0586975599734	-0.0344023486599	0.00199241969033	-0.0420500323261	0.00475133781151	0.0425502295477	0.0393262449932	-0.0346998755903	-0.0210146986131	0.0505440235904	-0.00267811075009	-0.0636598118328	-0.0196851947577	-0.00594668011686	-0.0407629863264	-0.0522417499404	-0.0089229529145	0.0733136962753	0.00969269881424
k__Bacteria;p__Bacteroidetes;c__Bacteroidia;o__Bacteroidales;f__Rikenellaceae;g__Alistipes;s__Alistipes_shahii	-0.0259071362096	-0.0309495728452	-0.114875296662	-0.0174356384455	0.0135122187174	0.0319624392797	1.0	-0.0120227439668	0.0135829733013	-0.00358688091817	0.0218771767782	-0.00756759404996	-0.0020976352453	-0.0683325001956	-0.0222485109711	0.0557739936718	-0.0746761975598	0.0167947559535	-0.0204425085384	0.0170234267006	-0.0144872230058	0.0332017261731	-0.0792036781528	-0.00476838080466	0.0380188515483	-0.0345961728093	-0.0655775173129	0.0333297785578	0.0157778555693	-0.0607613018841	-0.0027972337551	0.0269172123443	0.0185373747644	-0.0379572741217	-0.0108952415153	-0.024298091257	0.00852286357931	0.0121700613348	-0.00388701230218	-0.0341697033986	-0.0314890333656	-0.0212147818957	-0.0474489056612	0.0160508300468	-0.0648760652542	0.000580275801931	-0.0566923863409	-9.03114660919e-05	0.044253541891	-0.0312843601753	-0.0598058704521	-0.0262723783524	-0.0574791741889	0.0263859461515	-0.0283586332405	0.0216608149565	0.0125750892613	0.00756442497619	-0.00782067029271
k__Bacteria;p__Firmicutes;c__Clostridia;o__Clostridiales;f__Ruminococcaceae;g__Faecalibacterium;s__Faecalibacterium_prausnitzii	-0.0293494251048	-0.0458698134597	0.0097392937992	-0.070100655954	0.0102694219375	-0.0495897749985	-0.0120227439668	1.0	-0.0434952751997	0.0196266617182	-0.00449863535814	0.0243923255316	0.0487359898756	0.00314856661889	0.0291545245856	-0.0353419710347	0.0152878163702	-0.0568228030337	-0.0335894915007	-0.0182044713345	-0.011417988527	-0.0215578743663	-0.00275676164076	-0.00953109134383	-0.00654586584089	-0.0942719939626	-0.0172383478173	-0.0137559705454	0.00985316063133	0.0236291244843	-0.0531561259854	-0.0232147373941	0.022156337873	0.0397763325669	0.00809624600026	0.0137819172715	-0.0293752416701	-0.0341826195888	0.0452201912746	0.0440932035399	0.0166232143042	0.0630256488554	0.0321065227445	-0.0432547413967	-0.0304702039843	-0.00723273694854	-0.0429145996684	0.0167262715654	-0.0483981921027	-0.0952792826939	0.0592927733615	0.0530223282078	0.00150374837359	-0.0341183770502	0.0272100446477	0.00615819044422	-0.039126351032	-0.0220281262107	-0.0338870761834
k__Bacteria;p__Bacteroidetes;c__Bacteroidia;o__Bacteroidales;f__Rikenellaceae;g__Alistipes;s__Alistipes_finegoldii	-0.0303124815526	0.0349552603741	-0.0223964356608	-0.0482081013407	0.0195155370818	-0.0173490347284	0.0135829733013	-0.0434952751997	1.0	0.0121049125423	-0.0415550309917	-0.0333423287775	-0.034683440254	-0.0515466177721	-0.00684281649399	-0.0133109950226	-0.0123445784208	-0.0424543540732	0.0598781074577	0.0234889667694	1.95215805658e-05	-0.0383881219354	-0.00399029572667	0.0189006114884	0.0179149170854	0.0250066792008	-0.0282943419853	-0.00905281093802	0.0629811485405	-0.030010683856	0.0430687095314	0.0103610842491	0.0460277356339	-0.0115684783992	-0.0451659025631	0.0377346983356	-0.050991443568	-0.00315849738531	0.0216312292213	-0.025247917179	-0.0135662058592	-0.0199080328821	-0.0531652798119	-0.085025204119	0.0345159550327	-0.0266187178172	-0.0137092875964	-0.0216563983085	0.035576140102	0.0408829176265	0.00206319839836	-0.000278437696778	0.00158428657891	-0.0367647689699	-0.0190761327137	-0.0142993324394	-0.0196645861884	-0.0154117220776	0.0525591163979
k__Bacteria;p__Bacteroidetes;c__Bacteroidia;o__Bacteroidales;f__Porphyromonadaceae;g__Parabacteroides;s__Parabacteroides_distasonis	-0.0028879630437	-0.0398883710683	-0.024835844541	-0.0435315821145	-0.0108121415615	-0.0804937106951	-0.00358688091817	0.0196266617182	0.0121049125423	1.0	-0.0316154441636	0.0186490908476	-0.0627240706931	-0.0229315846414	0.0195624355672	-0.000919365417635	-0.0267230046337	-0.041955822921	-0.0298562701697	-0.034144096511	0.0516252061096	0.0101623095786	0.0357362004869	0.00556179069076	-0.0903241738287	-0.00557523915771	-0.00884402273624	-0.0028610836781	-0.0455863888049	-0.0392698696594	-0.0130767898348	0.00607077222283	0.0163650564686	-0.0396156019866	0.00347696938274	0.030440880776	0.00729999706694	-0.0369453483517	-0.0287352994959	-0.0830127863921	0.0393838504223	0.0421886934	-0.0222130280605	-0.00129088070023	-0.0206530402728	0.0862017248466	-0.0613990859325	-0.0572208299025	0.0037498063459	0.0109847059933	-0.0178481919288	-0.0528069810391	0.0150393291035	0.0277504642381	-0.0222443834503	-0.0292883474486	-0.00177530307594	-0.0112984912518	0.0144919994543
k__Bacteria;p__Bacteroidetes;c__Bacteroidia;o__Bacteroidales;f__Bacteroidaceae;g__Bacteroides;s__Bacteroides_thetaiotaomicron	-0.0097303888391	0.0466535627784	-0.00933003512937	0.0286528767153	0.0266507471358	0.0148913599551	0.0218771767782	-0.00449863535814	-0.0415550309917	-0.0316154441636	1.0	-0.00535894190662	-9.31304531854e-05	0.000536643995117	0.0273349033386	-0.030488149982	-0.0449286395226	0.0185783139328	-0.0313741225055	-0.0103865016092	-0.015284723709	-0.0384717265295	-0.0449302006097	-0.0220052566534	-0.0722197751991	-0.00244800651015	-0.0125776128403	0.0236581432186	0.0570308986262	-0.00998463385548	-0.0423472531329	-0.032435572152	-0.0247886655471	0.00706306002309	0.0264823765546	-0.0026268340545	0.0457977852027	-0.0138759908414	0.033955857183	-0.0327541708469	0.00709590571759	0.0228817722321	-0.0261244752123	-0.0183048453688	0.0298206306861	0.00276289929265	0.0505111375105	-0.0507723073822	0.0101233734345	-0.0429340223464	-0.0503469935955	-0.0156662009164	0.0307584151101	-0.0365698069784	-0.0353600802452	-0.0216327671318	-0.0256447842338	-0.0190601995581	-0.0304600017806
k__Bacteria;p__Bacteroidetes;c__Bacteroidia;o__Bacteroidales;f__Bacteroidaceae;g__Bacteroides;s__Bacteroides_coprocola	-0.089256359518	0.0230971291305	-0.0164543310079	-0.0195015236046	-0.0394553122021	0.00493590404148	-0.00756759404996	0.0243923255316	-0.0333423287775	0.0186490908476	-0.00535894190662	1.0	0.0431232377795	0.0156047801659	-0.0437554271131	-0.0062383717787	0.00279654009222	-0.0337453610908	0.0343460905183	0.041337124002	-0.0287292938889	-0.0487896695969	0.0340668366182	-0.00962152375616	-0.011461448483	-0.0545829541417	-0.0148309215018	-0.0394343697714	-0.0726953724672	-0.0237191417315	0.0184630937586	-0.0482152828095	-0.0140115024915	-0.0428910174143	-0.0413302749199	0.0068894330245	-0.00401141851942	-0.000268305293067	-0.0231222675221	-0.086149082866	0.0315958659731	0.0193552514211	0.037944408873	0.0135121987931	-0.00898140679968	-0.0178440795447	-0.0458225632603	-0.00286156895273	-0.0358477781541	-0.0356891817439	-0.00954368427323	-0.000782381416471	0.0245390175393	-0.0226870827304	0.0282273992178	-0.00654023858701	0.00580001573155	0.000964335939724	-0.000471391212631
k__Bacteria;p__Bacteroidetes;c__Bacteroidia;o__Bacteroidales;f__Bacteroidaceae;g__Bacteroides;s__Bacteroides_cellulosilyticus	-0.0328539011312	0.0275875863607	-0.0246716071575	0.0141152040924	0.0504489934002	-0.0801109614828	-0.0020976352453	0.0487359898756	-0.034683440254	-0.0627240706931	-9.31304531855e-05	0.0431232377795	1.0	-0.0344879809942	0.0417347667826	0.0151702757696	0.0138221645354	-0.0186676097179	-0.0324729296674	-0.00144153335977	0.0271893727229	0.00506686773537	-0.0995388491402	0.00530073241819	0.0158921176758	0.0146149265601	-0.00398218944779	-0.0056530406229	-0.0189553328701	-0.0365827157461	0.0197735123174	0.0652028197019	-0.00637298100934	-0.00204636280408	0.0274169176104	0.0170662011464	-0.0151464877981	-0.0428170243196	0.0176695330316	-0.0407793964533	0.00625897671797	-0.0141106411495	-0.0363657307732	-0.0346528833857	0.0789759875615	0.0322016657882	-0.0150936678329	0.00708340160203	-0.0262792274839	-0.0175965037757	0.0506638910489	-0.018165065261	0.0574970382304	0.0203038238973	0.0401924582637	-0.0477765041043	0.0195426136945	0.00234667073378	-0.00485586939231
k__Bacteria;p__Bacteroidetes;c__Bacteroidia;o__Bacteroidales;f__Rikenellaceae;g__Alistipes;s__Alistipes_obesi	-0.0607747333492	0.0223942062781	-0.013173318346	-0.0574411458434	0.020817155939	-0.0450740533626	-0.0683325001956	0.00314856661889	-0.0515466177721	-0.0229315846414	0.000536643995117	0.0156047801659	-0.0344879809942	1.0	0.0388620370945	0.00109203647945	-0.0136923721079	-0.0558027210903	0.0298527486198	-0.0312054922719	-0.00826625836232	0.0590844537872	0.0917933358029	0.00988851393248	-0.0629248123552	0.028196388754	-0.05394303593	-0.0855488055357	-0.00211384789047	-0.00849786508636	-0.0280663638618	-0.0449139675581	-0.0188539286939	-0.0382738587552	-0.0227150363302	0.0163332259241	-0.0373864922021	-0.00661819502666	0.0422115051598	-0.00622912529965	0.0131719783021	-0.0336333541223	0.0244248726481	-0.0116235956677	0.0491520506207	-0.0281234499174	0.014158220972	-0.00140695852844	-0.0252611153718	-0.0788433540302	0.0837624406268	-0.00709299706754	-0.00296767545899	-0.031040124117	0.0235271137383	0.0600211853945	0.00689839086639	0.0663022807315	0.0238624327824
k__Bacteria;p__Firmicutes;c__Clostridia;o__Clostridiales;f__Lachnospiraceae;g__;s__[Eubacterium]_rectale	0.0506622424592	0.0146217048634	0.0121489103356	0.0125065430203	-0.0562305573983	-0.0440535805992	-0.0222485109711	0.0291545245856	-0.00684281649399	0.0195624355672	0.0273349033386	-0.0437554271131	0.0417347667826	0.0388620370945	1.0	-0.0627129883179	0.00116025048181	0.000514798530242	-0.0318269254897	-0.0434479705944	-0.00883835605895	0.0656042286354	0.0473032039173	0.0116261828628	0.028137969723	-0.0217394187662	-0.00975784732572	-0.02675619054	-0.0016311513253	-0.0459515833208	0.0101049484526	0.0401263245553	0.0410499758637	-0.0272408353505	-0.0470281361902	0.0348287564411	0.0259429321803	-0.00237583090338	0.00734539127184	-0.0251082183078	0.0300347054736	-0.0564946118557	-0.0594657948187	0.0239614988862	-0.0474179854045	-0.02421160432	0.00761989229964	0.0232794129261	0.0276040782545	-0.0235478030114	0.00714583919025	-0.0281360581804	-0.0178238869892	-0.00933384303741	-0.0283376246389	-0.0117886586188	-0.0129043947824	-0.0508197947694	-0.0232531289568
k__Bacteria;p__Bacteroidetes;c__Bacteroidia;o__Bacteroidales;f__Bacteroidaceae;g__Bacteroides;s__Bacteroides_plebeius	-0.0388757076633	-0.0216559349722	0.00175549110911	0.00673714712266	-0.0332224808779	-0.05418225803	0.0557739936718	-0.0353419710347	-0.0133109950226	-0.000919365417635	-0.030488149982	-0.0062383717787	0.0151702757696	0.00109203647945	-0.0627129883179	1.0	0.0241563812409	-0.0324756997924	-0.0352402463013	0.02181239037	0.00817829366848	0.0415452000205	-0.00912217911611	-0.0529749318316	0.0239377132463	0.031312292711	-0.0412004072841	-0.0462094205359	0.0220496468981	0.0177656073446	0.0233931961385	-0.00695170147387	0.0289157898513	0.00822528002138	-0.0433509014238	-0.0388457522209	-0.0511857286238	-0.013869921907	-0.0098974220787	-0.0214204457533	0.0291898396558	-0.0126887418545	-0.0662781240863	0.0181532758931	0.011489970392	0.0200962726533	0.016505429386	-0.0258096718562	0.0668740013499	0.0156661009339	-0.00441297185021	0.00764456813553	-0.0142110083345	-0.021585016307	0.00596001608982	0.0374392445037	-0.0432216895669	0.0612645722665	-0.00577265575467
k__Bacteria;p__Bacteroidetes;c__Bacteroidia;o__Bacteroidales;f__Bacteroidaceae;g__Bacteroides;s__Bacteroides_fragilis	0.0446756968903	0.0106001202319	-0.0090156491373	0.0269053838017	-0.00771068794937	-0.0469283315964	-0.0746761975598	0.0152878163702	-0.0123445784208	-0.0267230046337	-0.0449286395226	0.00279654009222	0.0138221645354	-0.0136923721079	0.00116025048181	0.0241563812409	1.0	-0.0072138415703	0.0215242982168	0.0221302619215	0.0265242079815	0.0106662416916	0.0175980211649	0.0610238351395	0.0203962581955	0.00617656322998	-0.0448320066848	0.0187426066668	0.00485897260449	0.00625424753704	-0.0146903339242	-0.0300729002323	-0.0112788880007	0.0333946286022	0.0569499825815	0.0142301212122	-0.0602131888151	-0.0334066729799	-0.0173677520226	0.0147385518249	-0.0092908497868	-0.0708104909048	0.0126746239628	0.0471227108421	0.0459789167484	-0.0409761235431	0.0421654184913	0.0310524897488	0.0311406479336	0.00269551219519	0.00569329706458	0.0420068227961	-0.0811026097247	-0.0496801145192	0.081830457728	-0.0424066449307	-0.00900222343272	-0.0198563665747	0.0400982706067
k__Bacteria;p__Proteobacteria;c__Betaproteobacteria;o__Burkholderiales;f__Sutterellaceae;g__Sutterella;s__Sutterella_wadsworthensis	0.000804914057443	-0.0533080445106	0.0105405389514	-0.0135187548463	0.0303345788237	0.0134749954779	0.0167947559535	-0.0568228030337	-0.0424543540732	-0.041955822921	0.0185783139328	-0.0337453610908	-0.0186676097179	-0.0558027210903	0.000514798530242	-0.0324756997924	-0.0072138415703	1.0	0.00246844895861	-0.0170700845056	0.0417702653402	-0.0237446813095	1.15350824051e-05	-0.0114651934493	0.021660846993	0.0317532940981	-0.0063691040517	0.0445562834025	-0.0362141580444	0.0482607971382	-0.0292977214761	-0.0874173411549	-0.0169765750142	-0.00179648617532	-0.0307091520811	-0.0280054572695	-0.0178854509325	0.0314491208324	-0.00792175280541	0.0128775338439	-0.0225268103276	-0.0442875327597	0.0164275767796	0.0339761446264	0.0553541303342	-0.0234609499743	0.00733551714718	-0.0113597256304	0.030939778982	0.0124495941211	0.00818796772394	-0.0697209274149	0.00411999847828	0.0151866627399	0.0322051806413	-0.030539638442	-0.0608492939142	0.0239299543562	-0.0174049686146
k__Bacteria;p__Bacteroidetes;c__Bacteroidia;o__Bacteroidales;f__Porphyromonadaceae;g__Barnesiella;s__Barnesiella_intestinihominis	-0.0238216046375	-0.0729686988241	-0.0201298142853	-0.0436330685396	-0.0378598235675	-0.0113684003182	-0.0204425085384	-0.0335894915007	0.0598781074577	-0.0298562701697	-0.0313741225055	0.0343460905183	-0.0324729296674	0.0298527486198	-0.0318269254897	-0.0352402463013	0.0215242982168	0.00246844895861	1.0	-0.00996919803655	-0.0566608540701	-0.0643144166876	-0.0217521903136	0.0285715363839	-0.0190313699672	-0.00119581536594	0.0147498541628	0.00630651553937	0.0369448628064	-0.0109432120317	-0.0105538193883	-0.0277023471142	-0.00185031410091	0.000636780104539	0.00336193979445	0.0472441267031	0.00967002639652	-0.0628909178362	-0.0099458678286	-0.0252766067165	-0.0302893330093	0.00624966199801	-0.00157159227452	-0.00639992381581	-0.0062877365946	-0.0183932089996	0.0151110038408	-0.0116649383324	-0.0382104053164	-0.0550628539475	0.0557080972187	0.0132287380844	0.00478108381951	-0.025144590389	-0.0393040081059	0.0356642451235	-0.00159680306942	0.0406704032773	0.0143312236204
k__Bacteria;p__Bacteroidetes;c__Bacteroidia;o__Bacteroidales;f__Odoribacteraceae;g__Odoribacter;s__Odoribacter_splanchnicus	-0.0256648410333	0.0254190928198	0.00609079210617	-0.0246090392479	-0.0676756772028	0.000962542702381	0.0170234267006	-0.0182044713345	0.0234889667694	-0.034144096511	-0.0103865016092	0.041337124002	-0.00144153335977	-0.0312054922719	-0.0434479705944	0.02181239037	0.0221302619215	-0.0170700845056	-0.00996919803655	1.0	-0.0170918661655	-0.0303112697073	-0.00938899664947	-0.0251209854651	0.028750971647	-0.00737315081012	0.0452977971803	-0.0434443761538	0.00587188237907	-0.0529175804458	-0.0239673659517	-0.0441621118689	-0.0552699887556	0.0625609934363	-0.0283964106919	0.0326297710859	0.0716430393159	0.0408200028336	-0.0107451611568	0.0655088844243	-0.010430036917	-0.016597312392	0.0365905341158	-0.0277491819932	-0.0290032056975	-0.0659465598775	-0.0314413347797	-0.00982583978909	-0.0314669127446	0.0264428848924	-0.00869274286978	-0.0626770488077	-0.000626510289572	-0.00503784056813	-0.00400505095438	-0.0309902904168	-0.0086206021664	0.00862441383257	0.00962199575509
k__Bacteria;p__Bacteroidetes;c__Bacteroidia;o__Bacteroidales;f__Bacteroidaceae;g__Bacteroides;s__Bacteroides_salyersiae	0.0358389393768	-0.0335984896779	0.00649289110642	-0.0156741276588	-0.0127905398273	-0.00787985476189	-0.0144872230058	-0.011417988527	1.95215805658e-05	0.0516252061096	-0.015284723709	-0.0287292938889	0.0271893727229	-0.00826625836232	-0.00883835605895	0.00817829366848	0.0265242079815	0.0417702653402	-0.0566608540701	-0.0170918661655	1.0	-0.0237858157294	0.0168129082656	0.00970223669617	-0.0088063124445	0.0127234455625	0.0120240884232	-0.0311814699767	0.00344485123688	0.0113262516844	-0.0336223242242	-0.0437094188806	0.0229748644249	0.00187195869413	0.000124522938074	-0.0192915545666	0.0300238606529	0.0260536805074	0.000732072109126	-0.030288044925	-0.0321733200991	0.0384082010941	0.0215849015342	-0.0217528301147	0.0310532805199	-0.0274958113046	-0.0145749565649	-0.0123309248021	0.0273524842454	0.00241362642393	-0.00802883611864	0.0222834080165	-0.0358678886005	-0.0710433744548	-0.0102414117767	-0.0152078408701	0.0268681435991	-0.0408156427895	-0.0471054899976
k__Bacteria;p__Firmicutes;c__Clostridia;o__Clostridiales;f__Ruminococcaceae;g__Ruminiclostridium;s__[Eubacterium]_siraeum	0.0287634369173	0.00533115009067	-0.0177145989934	-0.0436467162379	-0.0165756153643	0.0500651986706	0.0332017261731	-0.0215578743663	-0.0383881219354	0.0101623095786	-0.0384717265295	-0.0487896695969	0.00506686773537	0.0590844537872	0.0656042286354	0.0415452000205	0.0106662416916	-0.0237446813095	-0.0643144166876	-0.0303112697073	-0.0237858157294	1.0	-0.0283718310414	0.0718802515613	-0.0178890209995	-0.00484846748027	0.0339877705267	-0.0632272266918	-0.043320455724	0.0705591694863	0.024651251948	-0.0536889565394	-0.042387147712	0.0201546600326	0.0110238453588	-0.0430411503652	-0.0211577365806	-0.00211218372889	-0.00851292035097	0.0719904122843	-0.0677632970246	0.00107544851133	0.0443082767198	0.0244703387441	-0.0227087616461	0.0126065113122	-0.051809601969	-0.00935307305169	-0.0426317504367	-0.012933298989	0.0201883384004	-0.0614155831369	-0.0220748158225	-0.00319137956095	-0.0291757354613	-0.0139114249755	0.00905008229695	0.0327631933401	-0.00849671414574
k__Bacteria;p__Proteobacteria;c__Betaproteobacteria;o__Burkholderiales;f__Sutterellaceae;g__Parasutterella;s__Parasutterella_excrementihominis	-0.0574615020827	0.0348839842526	0.021989186994	-0.0448084416453	0.0119694593046	-0.0165133246905	-0.0792036781528	-0.00275676164076	-0.00399029572667	0.0357362004869	-0.0449302006097	0.0340668366182	-0.0995388491402	0.0917933358029	0.0473032039173	-0.00912217911611	0.0175980211649	1.15350824051e-05	-0.0217521903136	-0.00938899664947	0.0168129082656	-0.0283718310414	1.0	0.0219761260446	0.0123641513725	0.070270174699	-0.0486938126965	-0.0371475675537	-0.0812835516666	8.84905216488e-05	0.0308163659604	-0.00850870162504	-0.0366317162833	0.00151844847904	-0.0464098673046	-0.0357115237187	-0.0036447933885	-0.0234557155442	0.0442625237461	0.000892867239045	0.010651213126	-0.0237806886893	-0.0216152012022	-0.0343056805798	-0.0826442251378	0.0219132908529	-0.0628874003794	-0.0651579455783	0.0749718424067	-0.0427882073316	-0.0272061653899	-0.0341467121274	0.00666468402543	0.0245025351808	-0.00792344741891	0.0411906951237	-0.0113896819509	-0.0478316430643	0.00161080218242
k__Bacteria;p__Actinobacteria;c__Actinobacteria;o__Bifidobacteriales;f__Bifidobacteriaceae;g__Bifidobacterium;s__Bifidobacterium_adolescentis	-0.000690614920716	-0.0437892978462	0.0572262265487	0.00879368062754	-0.00595164051139	-0.0214183558361	-0.00476838080466	-0.00953109134383	0.0189006114884	0.00556179069075	-0.0220052566534	-0.00962152375616	0.00530073241819	0.00988851393248	0.0116261828628	-0.0529749318316	0.0610238351395	-0.0114651934493	0.0285715363839	-0.0251209854651	0.00970223669617	0.0718802515613	0.0219761260446	1.0	0.0145862052254	0.0122722518614	-0.00288226279788	-0.0517037080138	-0.0344148655463	-0.0261685522648	0.0230505811403	-0.050927271229	-0.0624776344774	0.0153059127929	0.00310247221878	0.0220453546643	-0.023216463947	0.00914427454894	-0.00534744895371	0.0347811017655	-0.026389204288	-0.0492415706331	0.0311829661938	0.0150189903133	-0.055632389682	0.0024068709673	-0.00109573444743	0.00661420410257	0.000249629568277	0.0064151452423	0.0269915843531	-0.0304973812669	-0.0505509184401	0.0254201710148	-0.000573107738208	0.00387050757822	-0.021176696891	0.00810329346718	-0.0422527589214
k__Bacteria;p__Firmicutes;c__Clostridia;o__Clostridiales;f__Oscillospiraceae;g__Oscillibacter;s__Oscillibacter_sp._KLE_1745	0.000241203854665	0.0029939575833	-0.0248444080634	0.0151066060173	0.00997907511443	-0.0312334511682	0.0380188515483	-0.00654586584089	0.0179149170854	-0.0903241738287	-0.0722197751991	-0.011461448483	0.0158921176758	-0.0629248123552	0.028137969723	0.0239377132463	0.0203962581955	0.021660846993	-0.0190313699672	0.028750971647	-0.0088063124445	-0.0178890209995	0.0123641513725	0.0145862052254	1.0	0.015358404221	-0.0114302065288	0.02575806773	0.0405748705953	-0.0639072362645	-0.0354846245757	0.0191663830478	-0.0610715749084	-0.0631268320627	0.000415208175374	-0.0214481058329	-0.00429947159263	-0.0306944132589	-0.0212516030641	0.00177415491041	-0.031706849725	-0.0449707883732	0.000486897216776	-0.00993202239555	0.00574469166665	0.00379027837664	0.0235158139054	-0.0109473625674	-0.0277824206588	-0.0380289193416	-0.0601074466062	-0.0225118148755	-0.0174323193837	-0.0216714694334	-0.00181278345167	-0.0234252180891	-0.00947372656001	-0.027252843892	-0.0445275360885
k__Bacteria;p__Bacteroidetes;c__Bacteroidia;o__Bacteroidales;f__Bacteroidaceae;g__Bacteroides;s__Bacteroides_coprophilus	0.0285403921656	0.00887392558197	-0.0115209374593	-0.00109080475426	-0.000487913045741	0.00836833456762	-0.0345961728093	-0.0942719939626	0.0250066792008	-0.00557523915771	-0.00244800651015	-0.0545829541417	0.0146149265601	0.028196388754	-0.0217394187662	0.031312292711	0.00617656322998	0.0317532940981	-0.00119581536594	-0.00737315081012	0.0127234455625	-0.00484846748027	0.070270174699	0.0122722518614	0.015358404221	1.0	-0.00522732909286	0.0231621762527	-0.012882815402	0.000408344340982	0.0219824202674	0.00311574383297	-0.0167923342982	-0.00786805538412	-0.0149373311079	-0.00926966387114	0.0335021001703	0.0801718676134	-0.00623470152539	-0.06917060634	0.00779637471326	-0.0112140077283	0.0313729597938	-0.0205358841831	0.0336712603217	-0.000494047290538	-0.0309188948828	0.0278922808948	-0.0198893898274	0.00380706293019	0.00937033587586	-0.0112018737285	-0.00655211829842	-0.0127331168088	-0.0607133917447	-0.000650893991971	0.0246360018146	-0.0280276513362	0.000349100655297
k__Bacteria;p__Firmicutes;c__Clostridia;o__Clostridiales;f__Lachnospiraceae;g__Roseburia;s__Roseburia_intestinalis	0.0162747670818	0.018237955121	-0.032611765282	0.0459953805961	-0.0082316083905	-0.0399929819569	-0.0655775173129	-0.0172383478173	-0.0282943419853	-0.00884402273624	-0.0125776128403	-0.0148309215018	-0.00398218944779	-0.05394303593	-0.00975784732572	-0.0412004072841	-0.0448320066848	-0.0063691040517	0.0147498541628	0.0452977971803	0.0120240884232	0.0339877705267	-0.0486938126965	-0.00288226279788	-0.0114302065288	-0.00522732909286	1.0	0.0629240656723	-0.0515852630435	0.0137291559286	0.0546107533572	-0.0322615795439	0.0407951356286	0.0212109197939	0.0197184531307	-0.04972604087	-0.00470343083448	0.00924291381351	-0.0054552489229	0.0337418995387	-0.0087750585309	0.0173186719334	-0.00335971247179	0.00385597071568	-0.024735406225	-0.0124581780503	-0.0417539296198	0.0368945683933	-0.00309512303237	-0.029608455047	-0.0171558972226	0.0141048034416	-0.00824101430863	-4.46652029922e-05	0.0177529647291	-0.0940215546033	-0.00457145152578	0.014611165498	0.0114811916507
k__Bacteria;p__Firmicutes;c__Clostridia;o__Clostridiales;f__Lachnospiraceae;g__Roseburia;s__Roseburia_hominis	-0.0525051028924	-0.00551980268778	-0.0060461317116	0.0468384726898	-0.0146755388228	-0.03804054339	0.0333297785578	-0.0137559705454	-0.00905281093802	-0.0028610836781	0.0236581432186	-0.0394343697714	-0.0056530406229	-0.0855488055357	-0.02675619054	-0.0462094205359	0.0187426066668	0.0445562834025	0.00630651553937	-0.0434443761538	-0.0311814699767	-0.0632272266918	-0.0371475675537	-0.0517037080138	0.02575806773	0.0231621762527	0.0629240656723	1.0	-0.0367935820879	-0.00304672604851	-0.0128131220988	0.0147278733536	0.0174420455802	0.0211689659484	-0.0394236947756	-0.0365064037354	-0.0182295333421	0.0364822909859	-0.0699239658718	0.040406997714	0.0413211706709	0.0393235381993	0.0307146127226	-0.0635313912764	-0.024683002199	-0.0107820734514	0.058242912628	0.0136954279734	0.0179762502164	-0.00905606031755	0.00836366611827	-0.0255233470187	0.0539569650694	-0.030874979078	0.0271688370592	0.0360763776719	-0.0279874372969	0.018604997665	-0.00566192715793
k__Bacteria;p__Bacteroidetes;c__Bacteroidia;o__Bacteroidales;f__Porphyromonadaceae;g__Parabacteroides;s__Parabacteroides_johnsonii	0.0480340266109	0.0428086007228	-0.00730334327772	-0.0391453524197	0.023795495478	-0.00242522703439	0.0157778555693	0.00985316063133	0.0629811485405	-0.0455863888049	0.0570308986262	-0.0726953724672	-0.0189553328701	-0.00211384789047	-0.0016311513253	0.0220496468981	0.00485897260449	-0.0362141580444	0.0369448628064	0.00587188237907	0.00344485123688	-0.043320455724	-0.0812835516666	-0.0344148655463	0.0405748705953	-0.012882815402	-0.0515852630435	-0.0367935820879	1.0	-0.046530711875	0.0691491880006	0.0340834505748	0.00205653860369	0.0193462832105	0.0503877283851	0.0468041345861	-0.013999768335	-0.0263653517422	-0.0551368429969	-0.0096403135579	0.0256921430438	-0.0791831156095	0.012782190084	0.0183790759633	-0.00943066825973	-0.0421564266491	-0.0208092625407	-0.0256690681715	-0.0262554743613	-0.0103476021959	-0.010008834826	0.0113407176205	-0.00226299657243	-0.00310856878537	0.0121442815679	0.0221960956679	0.0191198126356	-0.0417759271728	0.0247709725211
k__Bacteria;p__Actinobacteria;c__Actinobacteria;o__Bifidobacteriales;f__Bifidobacteriaceae;g__Bifidobacterium;s__Bifidobacterium_longum	0.00406904578021	-0.0327199498483	-0.0585964647218	0.0188071380336	0.00359913276519	-0.0227086558649	-0.0607613018841	0.0236291244843	-0.030010683856	-0.0392698696594	-0.00998463385548	-0.0237191417315	-0.0365827157461	-0.00849786508636	-0.0459515833208	0.0177656073446	0.00625424753704	0.0482607971382	-0.0109432120317	-0.0529175804458	0.0113262516844	0.0705591694863	8.84905216488e-05	-0.0261685522648	-0.0639072362645	0.000408344340982	0.0137291559286	-0.00304672604851	-0.046530711875	1.0	-0.062332177513	0.014779970282	-0.0436156547662	0.0320271592668	0.0318132095514	0.0221903678699	-0.0267909226051	-0.0472834681784	0.0262606204051	0.0562307547685	-0.0804941378559	0.046611315607	0.0329791829005	0.013525710113	0.00454843613954	0.00788975464863	-0.000528462327669	-0.0131546518501	0.0230735213507	0.0185660658101	0.0111742997453	0.00528054487527	-0.0460720463448	-0.054198155596	-0.00110914871969	-0.0103541236209	0.0099535223396	0.0579070553831	0.0160263862078
