#taxonomy	k__Bacteria;p__Bacteroidetes;c__Bacteroidia;o__Bacteroidales;f__Bacteroidaceae;g__Bacteroides;s__Bacteroides_vulgatus	k__Bacteria;p__Bacteroidetes;c__Bacteroidia;o__Bacteroidales;f__Bacteroidaceae;g__Bacteroides;s__Bacteroides_uniformis	k__Bacteria;p__Bacteroidetes;c__Bacteroidia;o__Bacteroidales;f__Rikenellaceae;g__Alistipes;s__Alistipes_putredinis	k__Bacteria;p__Bacteroidetes;c__Bacteroidia;o__Bacteroidales;f__Prevotellaceae;g__Prevotella;s__Prevotella_copri	k__Bacteria;p__Bacteroidetes;c__Bacteroidia;o__Bacteroidales;f__Bacteroidaceae;g__Bacteroides;s__Bacteroides_stercoris	k__Bacteria;p__Bacteroidetes;c__Bacteroidia;o__Bacteroidales;f__Bacteroidaceae;g__Bacteroides;s__Bacteroides_ovatus	k__Bacteria;p__Bacteroidetes;c__Bacteroidia;o__Bacteroidales;f__Rikenellaceae;g__Alistipes;s__Alistipes_shahii	k__Bacteria;p__Firmicutes;c__Clostridia;o__Clostridiales;f__Ruminococcaceae;g__Faecalibacterium;s__Faecalibacterium_prausnitzii	k__Bacteria;p__Bacteroidetes;c__Bacteroidia;o__Bacteroidales;f__Rikenellaceae;g__Alistipes;s__Alistipes_finegoldii	k__Bacteria;p__Bacteroidetes;c__Bacteroidia;o__Bacteroidales;f__Porphyromonadaceae;g__Parabacteroides;s__Parabacteroides_distasonis	k__Bacteria;p__Bacteroidetes;c__Bacteroidia;o__Bacteroidales;f__Bacteroidaceae;g__Bacteroides;s__Bacteroides_thetaiotaomicron	k__Bacteria;p__Bacteroidetes;c__Bacteroidia;o__Bacteroidales;f__Bacteroidaceae;g__Bacteroides;s__Bacteroides_coprocola	k__Bacteria;p__Bacteroidetes;c__Bacteroidia;o__Bacteroidales;f__Bacteroidaceae;g__Bacteroides;s__Bacteroides_cellulosilyticus	k__Bacteria;p__Bacteroidetes;c__Bacteroidia;o__Bacteroidales;f__Rikenellaceae;g__Alistipes;s__Alistipes_obesi	k__Bacteria;p__Firmicutes;c__Clostridia;o__Clostridiales;f__Lachnospiraceae;g__;s__[Eubacterium]_rectale	k__Bacteria;p__Bacteroidetes;c__Bacteroidia;o__Bacteroidales;f__Bacteroidaceae;g__Bacteroides;s__Bacteroides_plebeius	k__Bacteria;p__Bacteroidetes;c__Bacteroidia;o__Bacteroidales;f__Bacteroidaceae;g__Bacteroides;s__Bacteroides_fragilis	k__Bacteria;p__Proteobacteria;c__Betaproteobacteria;o__Burkholderiales;f__Sutterellaceae;g__Sutterella;s__Sutterella_wadsworthensis	k__Bacteria;p__Bacteroidetes;c__Bacteroidia;o__Bacteroidales;f__Porphyromonadaceae;g__Barnesiella;s__Barnesiella_intestinihominis	k__Bacteria;p__Bacteroidetes;c__Bacteroidia;o__Bacteroidales;f__Odoribacteraceae;g__Odoribacter;s__Odoribacter_splanchnicus	k__Bacteria;p__Bacteroidetes;c__Bacteroidia;o__Bacteroidales;f__Bacteroidaceae;g__Bacteroides;s__Bacteroides_salyersiae	k__Bacteria;p__Firmicutes;c__Clostridia;o__Clostridiales;f__Ruminococcaceae;g__Ruminiclostridium;s__[Eubacterium]_siraeum	k__Bacteria;p__Proteobacteria;c__Betaproteobacteria;o__Burkholderiales;f__Sutterellaceae;g__Parasutterella;s__Parasutterella_excrementihominis	k__Bacteria;p__Actinobacteria;c__Actinobacteria;o__Bifidobacteriales;f__Bifidobacteriaceae;g__Bifidobacterium;s__Bifidobacterium_adolescentis	k__Bacteria;p__Firmicutes;c__Clostridia;o__Clostridiales;f__Oscillospiraceae;g__Oscillibacter;s__Oscillibacter_sp._KLE_1745	k__Bacteria;p__Bacteroidetes;c__Bacteroidia;o__Bacteroidales;f__Bacteroidaceae;g__Bacteroides;s__Bacteroides_coprophilus	k__Bacteria;p__Firmicutes;c__Clostridia;o__Clostridiales;f__Lachnospiraceae;g__Roseburia;s__Roseburia_intestinalis	k__Bacteria;p__Firmicutes;c__Clostridia;o__Clostridiales;f__Lachnospiraceae;g__Roseburia;s__Roseburia_hominis	k__Bacteria;p__Bacteroidetes;c__Bacteroidia;o__Bacteroidales;f__Porphyromonadaceae;g__Parabacteroides;s__Parabacteroides_johnsonii	k__Bacteria;p__Actinobacteria;c__Actinobacteria;o__Bifidobacteriales;f__Bifidobacteriaceae;g__Bifidobacterium;s__Bifidobacterium_longum	k__Bacteria;p__Firmicutes;c__Clostridia;o__Clostridiales;f__;g__Flavonifractor;s__Flavonifractor_plautii	k__Bacteria;p__Firmicutes;c__Clostridia;o__Clostridiales;f__Clostridiaceae;g__Clostridium;s__Clostridium_phoceensis	k__Bacteria;p__Verrucomicrobia;c__Verrucomicrobiae;o__Verrucomicrobiales;f__Akkermansiaceae;g__Akkermansia;s__Akkermansia_muciniphila	k__Bacteria;p__Bacteroidetes;c__Bacteroidia;o__Bacteroidales;f__Prevotellaceae;g__Paraprevotella;s__Paraprevotella_xylaniphila	k__Bacteria;p__Firmicutes;c__Clostridia;o__Clostridiales;f__Ruminococcaceae;g__Ruminococcus;s__Ruminococcus_callidus	k__Bacteria;p__Bacteroidetes;c__Bacteroidia;o__Bacteroidales;f__Rikenellaceae;g__Alistipes;s__Alistipes_senegalensis	k__Bacteria;p__Firmicutes;c__Clostridia;o__Clostridiales;f__Lachnospiraceae;g__Blautia;s__Blautia_sp._KLE_1732	k__Bacteria;p__Bacteroidetes;c__Bacteroidia;o__Bacteroidales;f__Bacteroidaceae;g__Bacteroides;s__Bacteroides_oleiciplenus	k__Bacteria;p__Firmicutes;c__Clostridia;o__Clostridiales;f__Ruminococcaceae;g__Ruminococcus;s__Ruminococcus_bicirculans	k__Bacteria;p__Bacteroidetes;c__Bacteroidia;o__Bacteroidales;f__Bacteroidaceae;g__Bacteroides;s__Bacteroides_fluxus	k__Bacteria;p__Bacteroidetes;c__Bacteroidia;o__Bacteroidales;f__Prevotellaceae;g__Prevotella;s__Prevotella_stercorea	k__Bacteria;p__Firmicutes;c__Clostridia;o__Clostridiales;f__Lachnospiraceae;g__Dorea;s__Dorea_longicatena	k__Bacteria;p__Firmicutes;c__Clostridia;o__Clostridiales;f__Eubacteriaceae;g__Eubacterium;s__[Eubacterium]_eligens	k__Bacteria;p__Firmicutes;c__Clostridia;o__Clostridiales;f__Ruminococcaceae;g__;s__Ruminococcaceae_bacterium_D16	k__Bacteria;p__Firmicutes;c__Clostridia;o__Clostridiales;f__Lachnospiraceae;g__Coprococcus;s__Coprococcus_comes	k__Bacteria;p__Proteobacteria;c__Gammaproteobacteria;o__Enterobacterales;f__Enterobacteriaceae;g__Escherichia;s__Escherichia_coli	k__Bacteria;p__Firmicutes;c__Clostridia;o__Clostridiales;f__Ruminococcaceae;g__Anaerotruncus;s__Anaerotruncus_colihominis	k__Bacteria;p__Firmicutes;c__Clostridia;o__Clostridiales;f__Lachnospiraceae;g__Blautia;s__Blautia_obeum	k__Bacteria;p__Bacteroidetes;c__Bacteroidia;o__Bacteroidales;f__Odoribacteraceae;g__Odoribacter;s__Odoribacter_laneus	k__Bacteria;p__Firmicutes;c__Clostridia;o__Clostridiales;f__Ruminococcaceae;g__Ruminiclostridium;s__[Clostridium]_leptum	k__Bacteria;p__Bacteroidetes;c__Bacteroidia;o__Bacteroidales;f__Porphyromonadaceae;g__Parabacteroides;s__Parabacteroides_goldsteinii	k__Bacteria;p__Firmicutes;c__Clostridia;o__Clostridiales;f__Lachnospiraceae;g__Anaerostipes;s__Anaerostipes_hadrus	k__Bacteria;p__Firmicutes;c__Clostridia;o__Clostridiales;f__Ruminococcaceae;g__Ruminococcus;s__Ruminococcus_lactaris	k__Bacteria;p__Firmicutes;c__Clostridia;o__Clostridiales;f__Clostridiaceae;g__Clostridium;s__Clostridium_sp._L2-50	k__Bacteria;p__Firmicutes;c__Clostridia;o__Clostridiales;f__Clostridiaceae;g__Clostridium;s__Clostridium_sp._M62/1	k__Bacteria;p__Firmicutes;c__Clostridia;o__Clostridiales;f__;g__Intestinimonas;s__Intestinimonas_butyriciproducens	k__Bacteria;p__Actinobacteria;c__Actinobacteria;o__Bifidobacteriales;f__Bifidobacteriaceae;g__Bifidobacterium;s__Bifidobacterium_bifidum	k__Bacteria;p__Firmicutes;c__Negativicutes;o__Veillonellales;f__Veillonellaceae;g__Dialister;s__Dialister_invisus	k__Bacteria;p__Bacteroidetes;c__Bacteroidia;o__Bacteroidales;f__Bacteroidaceae;g__Bacteroides;s__Bacteroides_salanitronis
k__Bacteria;p__Bacteroidetes;c__Bacteroidia;o__Bacteroidales;f__Bacteroidaceae;g__Bacteroides;s__Bacteroides_vulgatus	1.0	-0.0417086732841	0.132120743847	-0.0297908505844	-0.0494608362134	0.0183121074674	0.0270729248094	0.0119942049394	-0.0154797450568	-0.00934166539772	-0.0184717270735	-0.0143264814233	0.0265500104235	-0.0824404665424	0.0301685121726	-0.00519676721599	0.0308501391118	-0.000912199923076	0.00424505947752	0.0135214254735	-0.0607310523815	-0.0389272565035	-0.0206891529135	0.0216628617124	-0.00274086561795	0.018548768349	-0.0471161655633	0.0265446092331	-0.00957521835962	-0.00957550765472	0.0195152920559	-0.0138154755362	-0.0552306250521	0.0319501146075	0.0254001906335	0.00641069387915	-0.0489778398112	0.0142500348073	-0.0424684912905	0.000102535264667	0.0274117192173	0.00561776672589	-0.0241843612501	0.0435050590663	-0.0798634378319	-0.0150011322212	-0.0578623019902	0.0012833579342	0.00390471550579	-0.00545450674723	-0.00218612885325	-0.0381167917875	0.00177037578888	-0.00967290718912	-0.0422381509196	-0.0540852196749	-0.0447302043386	-0.00909187403823	-0.0426614290852
k__Bacteria;p__Bacteroidetes;c__Bacteroidia;o__Bacteroidales;f__Bacteroidaceae;g__Bacteroides;s__Bacteroides_uniformis	-0.0417086732841	1.0	0.0037199335349	-0.0236256841314	0.0255787097931	0.0772515632611	-0.0303167629287	0.00498652343208	0.038159088383	-0.0247743491257	-0.0448991939843	-0.00996167417648	0.0225675634613	0.0268500986795	0.0236045013031	-0.0293904670248	-0.0238476929828	0.000547816945323	0.0133830523907	-0.020974978122	0.00949023981149	0.0101285762333	0.0068007644959	-0.0190149112129	-0.0758457057756	-0.0137454954186	-0.0209283771028	-0.0078995824055	0.0288096394978	-0.041408693688	-0.0232979392823	-0.00281906164177	0.0276921738347	-0.0131924427894	0.0113726160817	-0.062719488	-0.0191120724348	0.0931292487075	-0.0342650349736	-0.0410670405066	-0.0318982981953	-0.0343949495131	-0.0176445401356	-0.00997813614436	-0.0369532450257	-0.028893725797	0.0350314892207	0.000644613452724	-0.0341338926834	0.000522922114756	-0.0145665211011	0.0106189382022	0.0262394001596	-0.0249398356252	0.0118880127856	-0.0334989787462	-0.0530435051473	-0.0638295111232	-0.0409592650435
k__Bacteria;p__Bacteroidetes;c__Bacteroidia;o__Bacteroidales;f__Rikenellaceae;g__Alistipes;s__Alistipes_putredinis	0.132120743847	0.0037199335349	1.0	-0.044082464522	-0.0131819047922	0.0376863829075	0.00887652864679	-0.0322609892415	-0.0727255512243	0.0335739535362	0.0116741868952	-0.00434150506736	0.0142867528171	-0.0357980901824	-0.0242373974154	0.0175279822987	0.0322933436121	-0.0541674168406	-0.0113173137583	0.0287838192638	0.0058367407399	-0.0100164558462	-0.0339260921457	-0.0660685577701	-0.0311571391232	-0.0597784447124	-0.0332213372467	-0.0109922185155	-0.0340653093429	-0.0838762263147	0.0115999007737	-0.00104445761344	-0.0398188603184	-0.0129475748696	-0.010141497921	-0.046161476404	0.0222417815029	-0.0240258697618	-0.0018175300792	-0.0501649413634	-0.0199822125901	0.042851915445	0.0312455068589	-0.0110565219109	-0.0117822609666	0.00405173106597	-0.00232564802548	0.0206422284913	0.000915561476286	0.000746518731271	0.0687271121342	-0.0256399610022	-0.0501953047751	0.0552181681156	-0.0388034658367	0.0134479999797	0.0207546564407	-0.0655571773836	-0.0473896377551
k__Bacteria;p__Bacteroidetes;c__Bacteroidia;o__Bacteroidales;f__Prevotellaceae;g__Prevotella;s__Prevotella_copri	-0.0297908505844	-0.0236256841314	-0.044082464522	1.0	0.0353008161612	-0.0585576513235	-0.0384350285362	-0.00407289124882	-0.0320074443938	0.0531980605533	-0.00306190783485	-0.0516728760282	0.0264944299477	-0.0259745285481	-0.005898005206	0.0068434297764	-0.0601949399605	-0.0322306252654	0.0203092859652	-0.00809982017471	0.0674274006487	0.00121353773543	-0.060381837328	-0.000953922042813	0.028230102939	-0.0307809390124	-0.0399412254429	0.00353643366436	0.0216029157511	-0.00802125254691	-0.00497351153693	0.0406992167504	-0.0665057934005	-0.0164276002886	0.0173171827928	-0.0483130858128	-0.012185368024	0.0152141399006	0.0264637205818	-0.00425413265272	-0.0322211217502	0.0202419816522	-0.0252721097207	-0.00319194881393	-0.0494725718875	0.0219367785567	-0.0316493177693	0.0367189726131	0.0419052730887	-0.00816720780382	0.0154275298221	0.00419047995568	-0.0136758897298	-0.0278555676325	-0.0274951410152	0.0211884310507	0.0208480102525	0.00516353571096	0.0271461205967
k__Bacteria;p__Bacteroidetes;c__Bacteroidia;o__Bacteroidales;f__Bacteroidaceae;g__Bacteroides;s__Bacteroides_stercoris	-0.0494608362134	0.0255787097931	-0.0131819047922	0.0353008161612	1.0	-0.0226212733431	0.00787023723527	0.00356272551838	-0.0457947382015	0.0290767407148	-0.0480851544119	-0.0562961671431	0.0215460465795	-0.0216512964493	-0.03384869947	-0.0382348133874	0.0410357255462	-0.00212749353344	-0.0107383848914	-0.0418930678292	-0.0399636633746	-0.0634896652938	-0.0561217970687	-0.0551378857463	0.0175397276888	0.0164210108306	0.0388531978282	0.012756528288	-0.023940888208	-0.0219808349778	-0.0615960530765	-0.0310558213163	-0.0139450410811	-0.015913375338	0.0444021505638	-0.0140195210014	-0.0712598549814	-0.0442589849781	-0.020658040262	-0.054558592942	-0.0878128249679	0.080703437665	-0.000661705898017	-0.0051157109238	0.0237729734883	-0.0562464115556	0.0232324371415	-0.0498420629366	0.0518775186409	-0.0218446806319	0.0180006983134	0.0715320740806	0.0165809715039	0.0454229840438	0.0049598297045	-0.0146370115426	-0.00982258031241	0.00124359867213	-0.0295932211517
k__Bacteria;p__Bacteroidetes;c__Bacteroidia;o__Bacteroidales;f__Bacteroidaceae;g__Bacteroides;s__Bacteroides_ovatus	0.0183121074674	0.0772515632611	0.0376863829075	-0.0585576513235	-0.0226212733431	1.0	0.0212769015971	0.0539830370172	-0.0521548182976	-0.0046377244646	0.0230638938267	-0.0156771776687	-0.00395635815932	-0.00458031512195	0.0443670267284	-0.0162710865478	-0.049470948237	-0.0165448482154	-0.0184074702311	-0.000632846149769	-0.0650843761437	-0.00133610870896	0.0270927605919	0.0228030993169	0.039005852275	-0.00900689403224	-0.083367576621	-0.0766765316712	-0.0335616302569	-0.0230589314841	-0.0832971483836	-0.00214676596629	-0.00958507802721	-0.00517037014007	-0.0312233221247	0.0134182157116	0.0173975377361	-0.00458828860826	0.0504735573303	-0.0105319923899	-0.0666422226114	0.0526652301497	-0.00721757679651	0.00253053579703	0.0225486934886	-0.00997844933208	0.00931134166086	-0.0494918184354	-0.0164808912835	0.00938038395422	-0.0215181117355	-0.0384668369758	0.0175457547715	-0.00654148611908	0.0191635288659	-0.0478403733912	-0.0270150615508	-0.0744122841588	-0.0391090805622
k__Bacteria;p__Bacteroidetes;c__Bacteroidia;o__Bacteroidales;f__Rikenellaceae;g__Alistipes;s__Alistipes_shahii	0.0270729248094	-0.0303167629287	0.00887652864679	-0.0384350285362	0.00787023723527	0.0212769015971	1.0	0.0196457277213	0.0553992426077	-0.0321422138002	-0.0481214647387	0.0118492181533	0.0214928390714	-0.0691360272554	-0.0426340545666	-0.0132262601173	-0.0411150852326	0.013625280053	-0.0163887097352	0.0182559733163	0.0407533884661	0.0306379387402	-0.0892871373655	-0.0633264377928	0.0132036264753	-0.0673710107007	-0.0294254131539	0.033831302025	-0.0121665215063	-0.0334945801409	0.0374585721575	-0.0335001839784	-0.0287709366734	0.0533406217927	-0.035391813809	0.0103682910729	-0.0495015343568	-0.0324339518627	0.064133747675	0.0188697046253	0.00357808255369	0.0295062118807	-0.0107861354091	-0.0251234866362	0.0761790238161	-0.0424528473492	0.0642934239271	-0.0112343962319	0.0147659527984	-0.020537674225	-0.049356760007	-0.0192777397074	-0.0150369990238	-0.0136608540492	-0.00835652785703	0.0293819147531	-0.00992566654113	0.0283403908621	0.011304339178
k__Bacteria;p__Firmicutes;c__Clostridia;o__Clostridiales;f__Ruminococcaceae;g__Faecalibacterium;s__Faecalibacterium_prausnitzii	0.0119942049394	0.00498652343208	-0.0322609892415	-0.00407289124882	0.00356272551838	0.0539830370172	0.0196457277213	1.0	-0.0657894259061	0.00240583568131	0.0273282518044	0.0606924931318	0.0166856881369	-0.0406495515986	-0.0344015499137	-0.0446470082062	0.0251174217216	0.010590716484	0.0259156129587	-0.0580424603961	0.0530697328047	-0.00404528834503	0.0121307507281	0.101010866388	-0.0344266799222	-0.0199319915917	0.0452685174562	0.0182462225115	0.0256677274973	0.0203717933899	0.0465508289305	-0.0130816659114	0.0290795747319	-0.0255394441276	-0.0199855923039	0.0366973829919	0.0325971683418	-0.027548166224	-0.0387795471696	-0.0506214811157	-0.0352605556619	-0.0389263158563	-0.0361149729772	-0.0646141949947	-0.0428770424162	0.0126236480557	-0.00612185013643	0.00775423205683	-0.0195846184349	-0.0701736707215	0.0056603893852	-0.034819790573	-0.0329671928387	-0.00598379471364	0.0201911694049	0.054456928233	-0.0156775657774	-0.0204256809687	-0.0611792970572
k__Bacteria;p__Bacteroidetes;c__Bacteroidia;o__Bacteroidales;f__Rikenellaceae;g__Alistipes;s__Alistipes_finegoldii	-0.0154797450568	0.038159088383	-0.0727255512243	-0.0320074443938	-0.0457947382015	-0.0521548182976	0.0553992426077	-0.0657894259061	1.0	0.00988583263402	0.030470175743	0.0242169282745	-0.0485320337974	-0.0207820994335	0.0183384563704	-0.0121139762066	-0.0222615252966	-0.0623845918854	0.0211587135789	0.000383821817031	-0.046017415505	-0.00315894809765	0.0164794665154	0.0182422062051	-0.0598790540531	0.00674091529737	0.00655619054346	-0.00527774334193	-0.0171979335523	-0.0031112920123	0.0113444015372	0.0390180365392	-0.0142559292083	0.00752024597071	0.0214346627034	-0.00200920610421	-0.0473420394064	0.000667597624307	-0.0152209966194	-0.0313496129967	0.00734829208458	-0.0459451899781	-0.020776543256	0.0328048534528	0.0267703159577	-0.0448276267436	-0.00965124918908	0.0421936822265	-0.0155158085236	-0.0280441274881	0.0110404452915	-0.0349104534424	0.0335628463535	0.0121589961387	0.0267811805753	0.0252680210329	-0.024290527809	0.0870985825737	0.0334364974568
k__Bacteria;p__Bacteroidetes;c__Bacteroidia;o__Bacteroidales;f__Porphyromonadaceae;g__Parabacteroides;s__Parabacteroides_distasonis	-0.00934166539772	-0.0247743491257	0.0335739535362	0.0531980605533	0.0290767407148	-0.0046377244646	-0.0321422138002	0.00240583568131	0.00988583263402	1.0	-0.047361427099	0.0113706091317	0.00731889528042	-0.0552862390363	0.00773341804812	-0.00265766298809	0.00466028326867	-0.0197923306785	-0.0268285765812	-0.00536661254641	0.00878264642925	-0.0158605053356	-0.102685103232	0.0231607243731	-0.0724869126386	0.003029250363	-0.0168448280575	-0.000661435574911	-0.0129356105201	0.00509796540399	-0.00759249860188	0.00374483396412	-0.0513798601357	0.00603456984936	-0.0311125143562	-0.0401646514321	0.0576571220963	0.0221987327331	-0.0352127617223	0.020652837816	-0.0176606542885	-0.00858985334358	-0.0398105282462	-0.0139490542434	-0.0458185254544	0.00323063250638	0.00489995982111	0.0116810401238	-0.0100205987659	-0.0276067808862	-0.0290189886204	0.00830386346125	-0.00789065851683	0.008426153755	0.0357391019933	-0.0350216214741	0.0445761879988	0.0230197401857	-0.0264285477972
k__Bacteria;p__Bacteroidetes;c__Bacteroidia;o__Bacteroidales;f__Bacteroidaceae;g__Bacteroides;s__Bacteroides_thetaiotaomicron	-0.0184717270735	-0.0448991939843	0.0116741868952	-0.00306190783485	-0.0480851544119	0.0230638938267	-0.0481214647387	0.0273282518044	0.030470175743	-0.047361427099	1.0	0.0272924204415	-0.0124386693667	-0.00514260048142	-0.0472499898981	0.050961386712	-0.0546913082894	0.0243623487629	0.0055211589007	-0.0441515270386	0.0458970109448	-0.02939790591	0.0209905947685	-0.0244694712467	0.0423417286979	0.0217426403971	-0.0577171910286	-0.0263536883032	0.00399405096179	-0.00153873297577	-0.00668845735078	0.0389269613372	0.0468796382598	-0.0235124542429	0.0131106909642	0.0219184159026	-0.0233071361375	0.0127310991451	0.0464850598619	-0.00604182911935	-0.0323236585026	-0.0448561358213	-0.0484070826163	0.00971884701954	-0.00537796770306	-0.0015135658019	0.00172686453976	0.0121769092503	-0.0556348041862	-0.0170790163728	-0.00250056940711	0.00869073245626	-0.0716314070864	-0.0111687588124	-0.0320979424882	0.00275169689688	-0.0108780857173	0.0325912954734	-0.0143231605242
k__Bacteria;p__Bacteroidetes;c__Bacteroidia;o__Bacteroidales;f__Bacteroidaceae;g__Bacteroides;s__Bacteroides_coprocola	-0.0143264814233	-0.00996167417648	-0.00434150506736	-0.0516728760282	-0.0562961671431	-0.0156771776687	0.0118492181533	0.0606924931318	0.0242169282745	0.0113706091317	0.0272924204415	1.0	-0.0407945931733	0.0316411756004	0.0506759330083	0.0334957938503	-0.0450160177661	-0.0125843920147	-0.00732350329924	-0.0603534895156	-0.0320461875957	-0.0390745514181	0.00144763384991	-0.00337447817828	-0.0259526576111	0.00867625058673	-0.0112331104157	0.0349366797571	0.00673987002691	0.0332769565171	-0.0136025487895	0.0173822343409	0.0145228091463	0.0228511889194	0.00382674123993	0.0508490937343	-0.0233932761875	-0.00852710652404	0.0411220295714	-0.0544384046387	-0.0243248082068	0.0161908873379	-0.0125473827263	0.0126731600404	-0.030382713628	0.0190342822703	-0.011183671189	0.000630281244146	-0.0283710361038	-0.0155083881485	-0.020173095777	0.0123681839222	0.0151556524156	-0.0202779164331	-0.0501827890461	0.0145814039243	-0.0573493145776	0.0126511047119	0.0424168473067
k__Bacteria;p__Bacteroidetes;c__Bacteroidia;o__Bacteroidales;f__Bacteroidaceae;g__Bacteroides;s__Bacteroides_cellulosilyticus	0.0265500104235	0.0225675634613	0.0142867528171	0.0264944299477	0.0215460465795	-0.00395635815932	0.0214928390714	0.0166856881369	-0.0485320337974	0.00731889528042	-0.0124386693667	-0.0407945931733	1.0	-0.02260479879	0.0502470049508	-0.0168047414208	-0.048740533823	-0.0510211958602	-0.0166984300682	0.0026574387534	-0.0459455501787	0.0665553495078	0.0116039559144	0.00348100130946	0.0294563505727	0.0415418249469	-0.00401930005903	0.00548812103959	-0.0088490505008	0.00996090416303	0.0337996798609	0.0163208790041	0.0120622878362	0.0272951409833	-0.0345970215466	-0.0117170819772	0.00638474779179	-0.00482487642051	-0.0118888150155	0.0327923323306	-0.0385946342574	0.0127208376036	-0.000845937665484	0.0343874539846	-0.0296033751553	-0.0141297113227	-0.0501974500928	0.00934137793587	-0.0066324277946	0.0136616092368	0.0238842435042	-0.0169458753812	0.0108251253181	-0.04437988995	-0.0541537034668	0.0428992448589	0.00488225402493	-0.0154941513795	-0.00596899997536
k__Bacteria;p__Bacteroidetes;c__Bacteroidia;o__Bacteroidales;f__Rikenellaceae;g__Alistipes;s__Alistipes_obesi	-0.0824404665424	0.0268500986795	-0.0357980901824	-0.0259745285481	-0.0216512964493	-0.00458031512195	-0.0691360272554	-0.0406495515986	-0.0207820994335	-0.0552862390363	-0.00514260048142	0.0316411756004	-0.02260479879	1.0	-0.00534663678727	-0.0208017126976	-0.0495488524764	0.026330258825	-0.00454374917271	-0.00395067431044	0.00280155690671	0.0321967889471	-0.0110790346516	-0.0599119856608	-0.0143752492877	0.0267385952886	-0.00137271251862	-0.0265695157904	-0.00109546214923	-0.0218252873303	-0.0615380344029	0.0291867305988	-0.0363824868986	-0.0169243389121	-0.0048132034261	-0.0243890527574	0.0243230932895	-0.0106497464858	-0.0424626812162	0.00323449101938	0.0428664891762	-0.0247626629977	0.0189701269848	-0.0341187347951	0.0639311153439	-0.00943814775546	0.0435929215908	-0.00150168426677	-0.0171121974896	0.0392873954989	-0.0460666356866	-0.00907685264751	0.00490904201677	-0.0273164316675	-0.0132802596898	-0.0312089568038	-0.018439943	0.0292677113212	0.036849390993
k__Bacteria;p__Firmicutes;c__Clostridia;o__Clostridiales;f__Lachnospiraceae;g__;s__[Eubacterium]_rectale	0.0301685121726	0.0236045013031	-0.0242373974154	-0.005898005206	-0.03384869947	0.0443670267284	-0.0426340545666	-0.0344015499137	0.0183384563704	0.00773341804812	-0.0472499898981	0.0506759330083	0.0502470049508	-0.00534663678727	1.0	-0.0326586343512	0.0337882132532	-0.0379738902697	-0.00759675665533	0.00974805889508	-0.0402837997089	0.00476385307463	-0.118819126372	0.0494466905518	0.0380944795168	0.0756529107243	0.00687966374261	-0.0451851109203	0.0268450617748	0.0180247502679	-0.0128632345957	-0.0467401734877	0.0174986673732	-0.0549329001561	0.015377551113	0.00735871206231	-0.00666596701576	-0.0457816758374	0.0447645683808	-0.0147826740301	0.0141528295097	-0.00147482754637	0.0157817114432	-0.0159222620036	0.00754781469445	0.0109395926905	-0.0149910971567	0.0200715578828	-0.00230444644496	0.0264564596514	-0.00142460939796	-0.0121911566741	-0.00420870732378	-0.0196883814207	-0.0209920521491	-0.0382638130365	-0.0365452521309	-0.00651803364441	-0.00940994848096
k__Bacteria;p__Bacteroidetes;c__Bacteroidia;o__Bacteroidales;f__Bacteroidaceae;g__Bacteroides;s__Bacteroides_plebeius	-0.00519676721599	-0.0293904670248	0.0175279822987	0.0068434297764	-0.0382348133874	-0.0162710865478	-0.0132262601173	-0.0446470082062	-0.0121139762066	-0.00265766298809	0.050961386712	0.0334957938503	-0.0168047414208	-0.0208017126976	-0.0326586343512	1.0	-0.0132685433572	0.00499031499485	0.00493945902064	0.0111461360434	-0.0161037754762	0.0354252939655	0.0308254305706	0.00844501379514	0.0627225514768	0.0105735819878	-0.0640535730919	0.00382888888942	-0.0233299264057	-0.0185401083839	-0.0438761897922	-0.00802152095973	0.00851571902498	0.0180002364783	0.00146156237879	0.0411714502554	-0.0612754274057	-0.0321666210877	0.0459845988795	0.0230714836175	-0.0176505741925	-0.0369362880625	-0.0470714412142	-0.0276539351702	-0.0322692531706	-0.0100970329434	-0.0654810164545	-0.0110996878684	0.0188353663993	0.00313446797721	-0.0210540684726	0.0172040642598	-0.0142204324808	0.0120353068213	0.0172660200339	0.0117150999958	-0.0278704750966	0.0362583361627	-0.0273262560202
k__Bacteria;p__Bacteroidetes;c__Bacteroidia;o__Bacteroidales;f__Bacteroidaceae;g__Bacteroides;s__Bacteroides_fragilis	0.0308501391118	-0.0238476929828	0.0322933436121	-0.0601949399605	0.0410357255462	-0.049470948237	-0.0411150852326	0.0251174217216	-0.0222615252966	0.00466028326867	-0.0546913082894	-0.0450160177661	-0.048740533823	-0.0495488524764	0.0337882132532	-0.0132685433572	1.0	0.0181644283596	-0.0389215788167	0.0483814055032	0.0108122153452	-0.0148079624167	0.00142003860101	-0.0367797030665	0.0137580646206	0.0314779210827	0.00753474456193	-0.0421976575033	-0.0187255733462	0.0114871170779	-0.0403960314215	-0.0352896304986	-0.00122759243771	-0.0359952461308	0.00225768814039	0.0166376671896	0.0144830913908	0.00287724784129	-0.0279729348089	-0.0206459567922	-0.00649325029184	-0.0832434492683	-0.00781641852894	-0.0194227652634	-0.0320344862071	-0.0418182309949	0.0210041936423	-0.0862969125177	0.0669528669638	0.014303726869	0.0105447817804	0.0498207710014	0.0149806104384	0.103545015247	0.00326677870003	-0.0235741004583	-0.0181964751402	0.00865516891596	0.00543502251546
k__Bacteria;p__Proteobacteria;c__Betaproteobacteria;o__Burkholderiales;f__Sutterellaceae;g__Sutterella;s__Sutterella_wadsworthensis	-0.000912199923076	0.000547816945323	-0.0541674168406	-0.0322306252654	-0.00212749353344	-0.0165448482154	0.013625280053	0.010590716484	-0.0623845918854	-0.0197923306785	0.0243623487629	-0.0125843920147	-0.0510211958602	0.026330258825	-0.0379738902697	0.00499031499485	0.0181644283596	1.0	-0.0546778753546	0.0693374770581	-0.010285856806	-0.0310597177953	0.000592081702124	-0.00401563692623	-0.0479246802858	0.0230207712734	-0.0377331862084	0.00195565752227	0.00500555293271	0.0772625895242	0.0315371203416	0.000274351631771	0.0375524176036	0.003463278791	0.00520519562776	-0.04046316382	-0.00176787055524	-0.018080670861	0.0360971522105	0.000768452970551	-0.0434807206577	-0.00510033336972	-0.0176835574054	0.0518084735703	-0.0593808742457	0.0288101620908	-0.04350066847	0.00793627917883	-0.0244193731577	0.0379662551425	-0.0303257590918	0.016513958515	0.0371138571832	-0.0274337501329	-0.017535049975	0.00294960948066	-0.049316813164	-0.0405670280191	-0.0246855095373
k__Bacteria;p__Bacteroidetes;c__Bacteroidia;o__Bacteroidales;f__Porphyromonadaceae;g__Barnesiella;s__Barnesiella_intestinihominis	0.00424505947752	0.0133830523907	-0.0113173137583	0.0203092859652	-0.0107383848914	-0.0184074702311	-0.0163887097352	0.0259156129587	0.0211587135789	-0.0268285765812	0.0055211589007	-0.00732350329924	-0.0166984300682	-0.00454374917271	-0.00759675665533	0.00493945902064	-0.0389215788167	-0.0546778753546	1.0	0.0510411481032	0.00731690247496	-0.0611788852861	0.0159782891582	0.0438602727664	-0.029010382404	-0.0209131836146	0.0614999224026	-0.0209675731146	-0.0310418947664	-0.00397318952935	-0.0223154002275	0.0331741956807	-0.0209196273594	0.0292463000664	-0.0295325216441	0.0493026181574	0.00393822484766	0.0494767557566	0.00377267398376	-0.0408554863274	0.00389091945054	-0.0488835590727	-0.00604662224872	-0.0416930560604	-0.0355647166549	0.0347262343895	-0.063226100363	0.0153898563288	-0.0380238721183	-0.00290478246356	-0.0062648998105	-0.035208684651	-0.0138794528591	0.00412314231187	-0.000794955154248	-0.0473713697193	-0.0657818532798	-0.00335391408994	-0.0184003078734
k__Bacteria;p__Bacteroidetes;c__Bacteroidia;o__Bacteroidales;f__Odoribacteraceae;g__Odoribacter;s__Odoribacter_splanchnicus	0.0135214254735	-0.020974978122	0.0287838192638	-0.00809982017471	-0.0418930678292	-0.000632846149769	0.0182559733163	-0.0580424603961	0.000383821817031	-0.00536661254641	-0.0441515270386	-0.0603534895156	0.0026574387534	-0.00395067431044	0.00974805889508	0.0111461360434	0.0483814055032	0.0693374770581	0.0510411481032	1.0	-0.0525722875236	0.0039994138686	0.0222389046724	-0.0544320779139	-0.00489548589417	0.00534459552926	0.0146847047011	-0.0263301048741	-0.0292394673752	-0.0519671801024	0.0234969973948	0.0265257129992	0.00461497066367	-0.00932267672243	0.00547393390642	-0.0116443889627	0.03125173293	0.0295926309291	-0.0289855836261	-0.0102454826843	-0.00194562092549	0.0666797443039	0.0351337963124	-0.0322940605717	0.0263706480376	-0.0196536550973	-0.0697624145035	-0.0237970627356	-0.00815062279377	0.0167897183474	-0.0124181973873	-0.0435504381985	0.0523222396335	-0.0774404674984	-0.00776506525291	0.0275992209325	-0.0455913838876	0.00216028025556	0.0212117016297
k__Bacteria;p__Bacteroidetes;c__Bacteroidia;o__Bacteroidales;f__Bacteroidaceae;g__Bacteroides;s__Bacteroides_salyersiae	-0.0607310523815	0.00949023981149	0.0058367407399	0.0674274006487	-0.0399636633746	-0.0650843761437	0.0407533884661	0.0530697328047	-0.046017415505	0.00878264642925	0.0458970109448	-0.0320461875957	-0.0459455501787	0.00280155690671	-0.0402837997089	-0.0161037754762	0.0108122153452	-0.010285856806	0.00731690247496	-0.0525722875236	1.0	-0.000457692531769	0.00696779628184	-0.0319418470411	-0.0209613815413	-0.0737468470598	-0.0239442167944	0.00303958207554	0.0187431858703	-0.00924722750545	-0.000674046395412	0.00729688118335	-0.0236164427214	0.0641297109571	-0.0844434129007	-0.00044674707047	0.0396460734612	-0.00868499970463	-0.0153109488345	-0.0102672551351	-0.000743017939733	0.017100322048	0.0348988808304	-0.00171995263146	0.00845471721401	-0.0767774512197	0.0106636847693	-0.0266079265031	0.0243772989449	-9.25160927747e-05	-0.00804407708141	-0.0598614392425	0.00887508392733	-0.023414025087	0.0466525266507	0.0097425449124	-0.017014628298	0.0452894633925	-0.0347411338708
k__Bacteria;p__Firmicutes;c__Clostridia;o__Clostridiales;f__Ruminococcaceae;g__Ruminiclostridium;s__[Eubacterium]_siraeum	-0.0389272565035	0.0101285762333	-0.0100164558462	0.00121353773543	-0.0634896652938	-0.00133610870896	0.0306379387402	-0.00404528834503	-0.00315894809765	-0.0158605053356	-0.02939790591	-0.0390745514181	0.0665553495078	0.0321967889471	0.00476385307463	0.0354252939655	-0.0148079624167	-0.0310597177953	-0.0611788852861	0.0039994138686	-0.000457692531769	1.0	0.025665756976	0.0425175628477	-0.0360276104679	0.0038744214764	-0.0849303434938	-0.04326966187	-0.0587929073733	0.0104448585061	0.0252882412473	-0.0785084049266	0.011798690472	0.0265870467201	-0.0114583983434	0.00551005010318	-0.0127127760614	-0.00608792822214	0.0262111465108	0.0121529324682	0.014701122253	0.0271127249273	-0.0334709073322	-0.00478713422287	0.0793033202167	-0.019224642727	0.0133404703434	-0.0240481220132	0.00339252823364	-0.0143076892059	-0.0463894597745	-0.0849148450435	-0.00648912674138	-0.0709602245529	-0.00809468466563	0.0529813855532	0.0221429224021	0.0254541570414	0.0456787024116
k__Bacteria;p__Proteobacteria;c__Betaproteobacteria;o__Burkholderiales;f__Sutterellaceae;g__Parasutterella;s__Parasutterella_excrementihominis	-0.0206891529135	0.0068007644959	-0.0339260921457	-0.060381837328	-0.0561217970687	0.0270927605919	-0.0892871373655	0.0121307507281	0.0164794665154	-0.102685103232	0.0209905947685	0.00144763384991	0.0116039559144	-0.0110790346516	-0.118819126372	0.0308254305706	0.00142003860101	0.000592081702124	0.0159782891582	0.0222389046724	0.00696779628184	0.025665756976	1.0	-0.0362331918966	-0.0182127411205	-0.0136722937125	0.0366961556312	0.0394382118126	-0.0940706617082	0.0165205511432	0.00457236061629	0.0529665336756	0.00123336080376	-0.0193867895421	0.0333811800617	0.0266320451463	0.00518300988782	0.0285252887232	-0.0315654257808	-0.00538558449104	-0.0205118587526	0.00391789036184	-0.0203986212366	0.0221822206984	0.00762945351153	-0.0191738116154	-0.0172166877632	-0.034882275702	-0.00860331078142	-0.0299480095134	-0.064917841174	-0.0117108316071	0.0126776232821	0.0262290909534	0.0114810253276	-0.0111522600166	0.00205389796557	0.00382328129843	-0.0132570782539
k__Bacteria;p__Actinobacteria;c__Actinobacteria;o__Bifidobacteriales;f__Bifidobacteriaceae;g__Bifidobacterium;s__Bifidobacterium_adolescentis	0.0216628617124	-0.0190149112129	-0.0660685577701	-0.000953922042813	-0.0551378857463	0.0228030993169	-0.0633264377928	0.101010866388	0.0182422062051	0.0231607243731	-0.0244694712467	-0.00337447817828	0.00348100130946	-0.0599119856608	0.0494466905518	0.00844501379514	-0.0367797030665	-0.00401563692623	0.0438602727664	-0.0544320779139	-0.0319418470411	0.0425175628477	-0.0362331918966	1.0	-0.0122253683453	-0.0249763832921	-0.0200286199329	0.00447485426121	-0.00778168777702	-0.0152355547975	0.0446638818537	0.00745099505365	0.0183067516128	-0.0410996728786	0.00810961983017	0.0250433618331	-0.0433154557408	-0.0603742586599	-0.00305188478505	0.0381858279087	-0.0318521520652	0.0183454292497	-0.0246924636348	-0.000970025292256	0.0166536234405	-0.0454604980386	-0.00158947408741	0.00854849307065	-0.0301136320718	0.0541750945009	0.079797400733	-0.0143192692873	0.0514301249904	-0.0294679192209	-0.0207909743243	-0.0475108666534	0.000407329909519	0.00738626644453	0.0342986546425
k__Bacteria;p__Firmicutes;c__Clostridia;o__Clostridiales;f__Oscillospiraceae;g__Oscillibacter;s__Oscillibacter_sp._KLE_1745	-0.00274086561795	-0.0758457057756	-0.0311571391232	0.028230102939	0.0175397276888	0.039005852275	0.0132036264753	-0.0344266799222	-0.0598790540531	-0.0724869126386	0.0423417286979	-0.0259526576111	0.0294563505727	-0.0143752492877	0.0380944795168	0.0627225514768	0.0137580646206	-0.0479246802858	-0.029010382404	-0.00489548589417	-0.0209613815413	-0.0360276104679	-0.0182127411205	-0.0122253683453	1.0	0.00911787862444	0.0340105098002	-0.0426437228341	-0.0253570066578	0.0264567367329	-0.053073037555	0.0387932107237	0.0163344258998	-0.0226927719578	0.0129322698188	-0.0156232674018	-0.0400940352067	0.000318729523089	0.0184493298261	-0.0558525592252	-0.0327180294838	0.0684271275431	0.0183759006227	-0.0315222760622	0.00880657914721	0.0350383433561	-0.010745358208	0.0412870774168	0.0161839860216	0.00384320367881	0.00556844870689	-0.0323469252927	-0.0457192242072	-0.0364670916837	-0.00617650238074	0.00666215847725	-0.0161056338041	-0.0440101833147	-0.0234303922474
k__Bacteria;p__Bacteroidetes;c__Bacteroidia;o__Bacteroidales;f__Bacteroidaceae;g__Bacteroides;s__Bacteroides_coprophilus	0.018548768349	-0.0137454954186	-0.0597784447124	-0.0307809390124	0.0164210108306	-0.00900689403224	-0.0673710107007	-0.0199319915917	0.00674091529737	0.003029250363	0.0217426403971	0.00867625058673	0.0415418249469	0.0267385952886	0.0756529107243	0.0105735819878	0.0314779210827	0.0230207712734	-0.0209131836146	0.00534459552926	-0.0737468470598	0.0038744214764	-0.0136722937125	-0.0249763832921	0.00911787862444	1.0	-0.00962281377037	0.0204189618171	0.00753383561761	0.00920041593751	-0.0735907046123	-0.0412860944475	-0.0566916096885	-0.0103955892028	0.0300205820819	-0.0219299693124	0.00691694250004	-0.010878041476	0.00891922847583	-0.0735055852458	-0.041379540068	-0.0251975672827	-0.0179966976745	-0.0452501958402	-0.00654117000769	-0.0566788189835	-0.00606792590398	-0.0333902876399	0.00675065264756	-0.0377326003423	0.00989849253368	0.0233113594155	0.0434099386835	-0.00293972503276	0.0184502538758	0.0533696679034	0.0154657383425	0.0260145951305	0.00650225525356
k__Bacteria;p__Firmicutes;c__Clostridia;o__Clostridiales;f__Lachnospiraceae;g__Roseburia;s__Roseburia_intestinalis	-0.0471161655633	-0.0209283771028	-0.0332213372467	-0.0399412254429	0.0388531978282	-0.083367576621	-0.0294254131539	0.0452685174562	0.00655619054346	-0.0168448280575	-0.0577171910286	-0.0112331104157	-0.00401930005903	-0.00137271251862	0.00687966374261	-0.0640535730919	0.00753474456193	-0.0377331862084	0.0614999224026	0.0146847047011	-0.0239442167944	-0.0849303434938	0.0366961556312	-0.0200286199329	0.0340105098002	-0.00962281377037	1.0	-0.0112272195272	-0.0352445967875	0.00124869097527	-0.0273917841425	-0.0542021601436	0.000996185141443	-0.0388980051026	-0.0166493020672	-0.0138858070468	-0.0345103812056	-0.0328308376586	-0.0744597510271	0.0123860873759	0.00426393373407	0.00825022570508	-0.0234073454108	-0.0284480701788	-0.0521221447117	0.0124423854699	0.0593152990699	-0.00644199871282	0.0249088201035	0.00656537854792	0.00999061599714	0.0126110053537	-0.0134490532059	-0.03721709216	0.0337338412823	-0.0378782228986	0.0676835170447	-0.0246475524604	0.0236952726561
k__Bacteria;p__Firmicutes;c__Clostridia;o__Clostridiales;f__Lachnospiraceae;g__Roseburia;s__Roseburia_hominis	0.0265446092331	-0.0078995824055	-0.0109922185155	0.00353643366436	0.012756528288	-0.0766765316712	0.033831302025	0.0182462225115	-0.00527774334193	-0.000661435574911	-0.0263536883032	0.0349366797571	0.00548812103959	-0.0265695157904	-0.0451851109203	0.00382888888942	-0.0421976575033	0.00195565752227	-0.0209675731146	-0.0263301048741	0.00303958207554	-0.04326966187	0.0394382118126	0.00447485426121	-0.0426437228341	0.0204189618171	-0.0112272195272	1.0	-0.00388280615443	0.00381555027888	-0.0321303988448	0.0406416588226	-0.0215158620758	-0.0398632626761	0.0346445613483	0.0213486459629	0.0135399966058	-0.000571713125731	0.00196962564661	0.00738873762191	0.0235417581306	-0.0292201549933	0.00554287265056	0.0286043985393	-0.0050746840862	0.0238296853329	0.0292549494346	-0.0499473913682	-0.0397073891699	-0.0651497871867	-0.000338744079568	0.0018687199265	0.0240554806184	0.00263920042684	-0.0188964987725	-0.0353973567817	0.029488843472	-0.0103300589738	0.013294016656
k__Bacteria;p__Bacteroidetes;c__Bacteroidia;o__Bacteroidales;f__Porphyromonadaceae;g__Parabacteroides;s__Parabacteroides_johnsonii	-0.00957521835962	0.0288096394978	-0.0340653093429	0.0216029157511	-0.023940888208	-0.0335616302569	-0.0121665215063	0.0256677274973	-0.0171979335523	-0.0129356105201	0.00399405096179	0.00673987002691	-0.0088490505008	-0.00109546214923	0.0268450617748	-0.0233299264057	-0.0187255733462	0.00500555293271	-0.0310418947664	-0.0292394673752	0.0187431858703	-0.0587929073733	-0.0940706617082	-0.00778168777702	-0.0253570066578	0.00753383561761	-0.0352445967875	-0.00388280615443	1.0	-0.0169101345772	0.026626421687	0.0134826274276	-0.0229507159226	0.00513111391681	-0.00239746529603	-0.0253167894313	0.0290657128528	-0.0527498624076	-0.0384441828266	-0.0392517206412	0.0234474935684	0.0220291299521	0.0439001853029	0.0204425358	0.00453653682661	0.00228356643226	0.0175004210341	0.00695430353835	-0.0081762455443	0.00597506923649	0.0378396057836	0.0228509413872	0.0645523569008	-0.000229621885562	-0.0146763362385	0.00939853626319	-0.0364086173736	-0.0324261213982	0.0138206065399
k__Bacteria;p__Actinobacteria;c__Actinobacteria;o__Bifidobacteriales;f__Bifidobacteriaceae;g__Bifidobacterium;s__Bifidobacterium_longum	-0.00957550765472	-0.041408693688	-0.0838762263147	-0.00802125254691	-0.0219808349778	-0.0230589314841	-0.0334945801409	0.0203717933899	-0.0031112920123	0.00509796540399	-0.00153873297577	0.0332769565171	0.00996090416303	-0.0218252873303	0.0180247502679	-0.0185401083839	0.0114871170779	0.0772625895242	-0.00397318952935	-0.0519671801024	-0.00924722750545	0.0104448585061	0.0165205511432	-0.0152355547975	0.0264567367329	0.00920041593751	0.00124869097527	0.00381555027888	-0.0169101345772	1.0	0.0214001951486	0.00625487468112	-0.025672743438	-0.00173298565581	0.0635654171014	-0.0296228601565	0.00611656652333	-0.00614496689614	-0.062753725199	0.0506373385815	-0.0465122079594	0.00335200295255	0.0386101246656	-0.0320458177895	-0.0198137223836	-0.0103602500722	-0.0136199200342	-0.000466412428073	-0.0192700644646	-0.0422560706334	-0.0110362423917	0.0109086717195	-0.0378367439389	-0.00941484075316	-0.0308293692783	-0.0599699455597	-0.0524156216303	0.0227000058887	0.0202938279066
