#taxonomy	k__Bacteria;p__Bacteroidetes;c__Bacteroidia;o__Bacteroidales;f__Bacteroidaceae;g__Bacteroides;s__Bacteroides_vulgatus	k__Bacteria;p__Bacteroidetes;c__Bacteroidia;o__Bacteroidales;f__Bacteroidaceae;g__Bacteroides;s__Bacteroides_uniformis	k__Bacteria;p__Bacteroidetes;c__Bacteroidia;o__Bacteroidales;f__Rikenellaceae;g__Alistipes;s__Alistipes_putredinis	k__Bacteria;p__Bacteroidetes;c__Bacteroidia;o__Bacteroidales;f__Prevotellaceae;g__Prevotella;s__Prevotella_copri	k__Bacteria;p__Bacteroidetes;c__Bacteroidia;o__Bacteroidales;f__Bacteroidaceae;g__Bacteroides;s__Bacteroides_stercoris	k__Bacteria;p__Bacteroidetes;c__Bacteroidia;o__Bacteroidales;f__Bacteroidaceae;g__Bacteroides;s__Bacteroides_ovatus	k__Bacteria;p__Bacteroidetes;c__Bacteroidia;o__Bacteroidales;f__Rikenellaceae;g__Alistipes;s__Alistipes_shahii	k__Bacteria;p__Firmicutes;c__Clostridia;o__Clostridiales;f__Ruminococcaceae;g__Faecalibacterium;s__Faecalibacterium_prausnitzii	k__Bacteria;p__Bacteroidetes;c__Bacteroidia;o__Bacteroidales;f__Rikenellaceae;g__Alistipes;s__Alistipes_finegoldii	k__Bacteria;p__Bacteroidetes;c__Bacteroidia;o__Bacteroidales;f__Porphyromonadaceae;g__Parabacteroides;s__Parabacteroides_distasonis	k__Bacteria;p__Bacteroidetes;c__Bacteroidia;o__Bacteroidales;f__Bacteroidaceae;g__Bacteroides;s__Bacteroides_thetaiotaomicron	k__Bacteria;p__Bacteroidetes;c__Bacteroidia;o__Bacteroidales;f__Bacteroidaceae;g__Bacteroides;s__Bacteroides_coprocola	k__Bacteria;p__Bacteroidetes;c__Bacteroidia;o__Bacteroidales;f__Bacteroidaceae;g__Bacteroides;s__Bacteroides_cellulosilyticus	k__Bacteria;p__Bacteroidetes;c__Bacteroidia;o__Bacteroidales;f__Rikenellaceae;g__Alistipes;s__Alistipes_obesi	k__Bacteria;p__Firmicutes;c__Clostridia;o__Clostridiales;f__Lachnospiraceae;g__;s__[Eubacterium]_rectale	k__Bacteria;p__Bacteroidetes;c__Bacteroidia;o__Bacteroidales;f__Bacteroidaceae;g__Bacteroides;s__Bacteroides_plebeius	k__Bacteria;p__Bacteroidetes;c__Bacteroidia;o__Bacteroidales;f__Bacteroidaceae;g__Bacteroides;s__Bacteroides_fragilis	k__Bacteria;p__Proteobacteria;c__Betaproteobacteria;o__Burkholderiales;f__Sutterellaceae;g__Sutterella;s__Sutterella_wadsworthensis	k__Bacteria;p__Bacteroidetes;c__Bacteroidia;o__Bacteroidales;f__Porphyromonadaceae;g__Barnesiella;s__Barnesiella_intestinihominis	k__Bacteria;p__Bacteroidetes;c__Bacteroidia;o__Bacteroidales;f__Odoribacteraceae;g__Odoribacter;s__Odoribacter_splanchnicus	k__Bacteria;p__Bacteroidetes;c__Bacteroidia;o__Bacteroidales;f__Bacteroidaceae;g__Bacteroides;s__Bacteroides_salyersiae	k__Bacteria;p__Firmicutes;c__Clostridia;o__Clostridiales;f__Ruminococcaceae;g__Ruminiclostridium;s__[Eubacterium]_siraeum	k__Bacteria;p__Proteobacteria;c__Betaproteobacteria;o__Burkholderiales;f__Sutterellaceae;g__Parasutterella;s__Parasutterella_excrementihominis	k__Bacteria;p__Actinobacteria;c__Actinobacteria;o__Bifidobacteriales;f__Bifidobacteriaceae;g__Bifidobacterium;s__Bifidobacterium_adolescentis	k__Bacteria;p__Firmicutes;c__Clostridia;o__Clostridiales;f__Oscillospiraceae;g__Oscillibacter;s__Oscillibacter_sp._KLE_1745	k__Bacteria;p__Bacteroidetes;c__Bacteroidia;o__Bacteroidales;f__Bacteroidaceae;g__Bacteroides;s__Bacteroides_coprophilus	k__Bacteria;p__Firmicutes;c__Clostridia;o__Clostridiales;f__Lachnospiraceae;g__Roseburia;s__Roseburia_intestinalis	k__Bacteria;p__Firmicutes;c__Clostridia;o__Clostridiales;f__Lachnospiraceae;g__Roseburia;s__Roseburia_hominis	k__Bacteria;p__Bacteroidetes;c__Bacteroidia;o__Bacteroidales;f__Porphyromonadaceae;g__Parabacteroides;s__Parabacteroides_johnsonii	k__Bacteria;p__Actinobacteria;c__Actinobacteria;o__Bifidobacteriales;f__Bifidobacteriaceae;g__Bifidobacterium;s__Bifidobacterium_longum	k__Bacteria;p__Firmicutes;c__Clostridia;o__Clostridiales;f__;g__Flavonifractor;s__Flavonifractor_plautii	k__Bacteria;p__Firmicutes;c__Clostridia;o__Clostridiales;f__Clostridiaceae;g__Clostridium;s__Clostridium_phoceensis	k__Bacteria;p__Verrucomicrobia;c__Verrucomicrobiae;o__Verrucomicrobiales;f__Akkermansiaceae;g__Akkermansia;s__Akkermansia_muciniphila	k__Bacteria;p__Bacteroidetes;c__Bacteroidia;o__Bacteroidales;f__Prevotellaceae;g__Paraprevotella;s__Paraprevotella_xylaniphila	k__Bacteria;p__Firmicutes;c__Clostridia;o__Clostridiales;f__Ruminococcaceae;g__Ruminococcus;s__Ruminococcus_callidus	k__Bacteria;p__Bacteroidetes;c__Bacteroidia;o__Bacteroidales;f__Rikenellaceae;g__Alistipes;s__Alistipes_senegalensis	k__Bacteria;p__Firmicutes;c__Clostridia;o__Clostridiales;f__Lachnospiraceae;g__Blautia;s__Blautia_sp._KLE_1732	k__Bacteria;p__Bacteroidetes;c__Bacteroidia;o__Bacteroidales;f__Bacteroidaceae;g__Bacteroides;s__Bacteroides_oleiciplenus	k__Bacteria;p__Firmicutes;c__Clostridia;o__Clostridiales;f__Ruminococcaceae;g__Ruminococcus;s__Ruminococcus_bicirculans	k__Bacteria;p__Bacteroidetes;c__Bacteroidia;o__Bacteroidales;f__Bacteroidaceae;g__Bacteroides;s__Bacteroides_fluxus	k__Bacteria;p__Bacteroidetes;c__Bacteroidia;o__Bacteroidales;f__Prevotellaceae;g__Prevotella;s__Prevotella_stercorea	k__Bacteria;p__Firmicutes;c__Clostridia;o__Clostridiales;f__Lachnospiraceae;g__Dorea;s__Dorea_longicatena	k__Bacteria;p__Firmicutes;c__Clostridia;o__Clostridiales;f__Eubacteriaceae;g__Eubacterium;s__[Eubacterium]_eligens	k__Bacteria;p__Firmicutes;c__Clostridia;o__Clostridiales;f__Ruminococcaceae;g__;s__Ruminococcaceae_bacterium_D16	k__Bacteria;p__Firmicutes;c__Clostridia;o__Clostridiales;f__Lachnospiraceae;g__Coprococcus;s__Coprococcus_comes	k__Bacteria;p__Proteobacteria;c__Gammaproteobacteria;o__Enterobacterales;f__Enterobacteriaceae;g__Escherichia;s__Escherichia_coli	k__Bacteria;p__Firmicutes;c__Clostridia;o__Clostridiales;f__Ruminococcaceae;g__Anaerotruncus;s__Anaerotruncus_colihominis	k__Bacteria;p__Firmicutes;c__Clostridia;o__Clostridiales;f__Lachnospiraceae;g__Blautia;s__Blautia_obeum	k__Bacteria;p__Bacteroidetes;c__Bacteroidia;o__Bacteroidales;f__Odoribacteraceae;g__Odoribacter;s__Odoribacter_laneus	k__Bacteria;p__Firmicutes;c__Clostridia;o__Clostridiales;f__Ruminococcaceae;g__Ruminiclostridium;s__[Clostridium]_leptum	k__Bacteria;p__Bacteroidetes;c__Bacteroidia;o__Bacteroidales;f__Porphyromonadaceae;g__Parabacteroides;s__Parabacteroides_goldsteinii	k__Bacteria;p__Firmicutes;c__Clostridia;o__Clostridiales;f__Lachnospiraceae;g__Anaerostipes;s__Anaerostipes_hadrus	k__Bacteria;p__Firmicutes;c__Clostridia;o__Clostridiales;f__Ruminococcaceae;g__Ruminococcus;s__Ruminococcus_lactaris	k__Bacteria;p__Firmicutes;c__Clostridia;o__Clostridiales;f__Clostridiaceae;g__Clostridium;s__Clostridium_sp._L2-50	k__Bacteria;p__Firmicutes;c__Clostridia;o__Clostridiales;f__Clostridiaceae;g__Clostridium;s__Clostridium_sp._M62/1	k__Bacteria;p__Firmicutes;c__Clostridia;o__Clostridiales;f__;g__Intestinimonas;s__Intestinimonas_butyriciproducens	k__Bacteria;p__Actinobacteria;c__Actinobacteria;o__Bifidobacteriales;f__Bifidobacteriaceae;g__Bifidobacterium;s__Bifidobacterium_bifidum	k__Bacteria;p__Firmicutes;c__Negativicutes;o__Veillonellales;f__Veillonellaceae;g__Dialister;s__Dialister_invisus	k__Bacteria;p__Bacteroidetes;c__Bacteroidia;o__Bacteroidales;f__Bacteroidaceae;g__Bacteroides;s__Bacteroides_salanitronis
k__Bacteria;p__Bacteroidetes;c__Bacteroidia;o__Bacteroidales;f__Bacteroidaceae;g__Bacteroides;s__Bacteroides_vulgatus	1.0	-0.0419265256879	0.0242262720895	0.0235813243353	-0.0129972966066	-0.0906646300484	0.0662066297991	0.00792165995969	-0.0470257223396	-0.0149977592235	-0.0336214069271	0.0355729238712	0.028181236791	0.0274322414554	-0.0116560982886	-0.0494140798885	-0.0714236380645	0.0118946644809	-0.0173469856927	-0.022637915837	0.0348965302959	0.0110537587578	0.0141533982498	-0.0622494615257	0.0368436850429	-0.013492545461	-0.00302204591936	-0.0041456580485	-0.00253873537662	-0.0304561832975	-0.00980160507803	0.00792282545564	0.0363947474021	0.0204173293385	0.0120282162575	-0.0562594054118	0.0343857937294	-0.010862604321	-0.0192398728625	0.0226576567351	0.0120630423501	-0.0184832987949	-0.0201100978385	-0.00921164919108	-0.0222888016311	0.0223431981807	0.0250778282102	-0.064238773623	-0.0197400060998	-0.0572125004262	0.0426465431723	0.0265785721824	-0.046904477467	-0.0234061605414	-0.0102086457354	-0.034862776145	-0.0906470031294	-0.0221792399058	0.0591842786531
k__Bacteria;p__Bacteroidetes;c__Bacteroidia;o__Bacteroidales;f__Bacteroidaceae;g__Bacteroides;s__Bacteroides_uniformis	-0.0419265256879	1.0	-0.0587401365326	-0.0592078411414	-0.000700811394304	-0.00372662109637	-0.0812201237789	0.0150760893538	0.014929040055	-0.0170686086115	0.0411681284727	-0.0184444703672	0.01276214479	-0.0353887785173	0.0311317604587	0.0661992800445	0.0190028616343	0.0192462322806	0.029820066599	-0.0217807182867	-0.0610299505832	0.00927430638283	-0.0209875480316	0.0110191562445	-0.0106866416286	0.00126474580064	0.0460249418591	0.0264286838742	-0.00740287197287	-0.0108069309952	-0.0416192830609	-0.031280926805	0.0303512858094	0.0023491998587	-0.00909408386772	-0.0899156843328	0.0355799715749	-0.024017716587	-0.0234598107925	-0.0842652636069	0.0190632993798	-0.0397529843846	0.0166623183645	-0.0218284976592	0.0761863954	0.0242413481089	-0.0145696245222	-0.0346659897907	-0.0409624282296	0.0193718897953	-0.0179433006945	-0.0536361754843	-0.0244356322225	-0.0297645979783	-0.00215052495876	-0.00471282990404	-0.0602871593305	-0.0852893570229	0.0494329677902
k__Bacteria;p__Bacteroidetes;c__Bacteroidia;o__Bacteroidales;f__Rikenellaceae;g__Alistipes;s__Alistipes_putredinis	0.0242262720895	-0.0587401365326	1.0	0.0103870731622	-0.0284671606075	-0.0210204236762	0.0208039899986	-0.0249774298302	-0.02779037438	-0.0610091563439	0.0615009574455	0.0734295489506	-0.0257524030252	-0.000790420758493	-0.0116570692131	-0.0278664609404	0.0394908506504	0.00168658088005	0.0402511249995	0.00110432845209	-0.0482965315181	-0.00642368032889	0.0189832879607	0.0121701306578	-0.0732810425612	-0.0241613478737	-0.0651945868887	0.0460532119004	-0.0774091765649	0.0367183426029	0.0331250427001	0.0137886893658	0.0102430459531	-0.00087597445409	-0.00040423299395	0.014309070069	-0.0138068046981	0.017150756204	-0.00146351901064	0.0313109995777	-0.0513336098695	0.0165981729775	-0.0260373168784	-0.0149566642643	-0.012273487678	-0.00695185639278	-0.00202490288886	0.0355745072952	-0.00920497316471	0.0279443904446	-0.0231760383952	0.00195849871042	0.0366059703987	-0.0232997455109	-0.0460110697172	-0.00212649751297	0.0172277449035	-0.0665322884754	-0.0155071399605
k__Bacteria;p__Bacteroidetes;c__Bacteroidia;o__Bacteroidales;f__Prevotellaceae;g__Prevotella;s__Prevotella_copri	0.0235813243353	-0.0592078411414	0.0103870731622	1.0	0.00247159097893	0.0107169774577	0.0189630443915	0.0282057420604	-0.04055925676	-0.037527541478	-0.036466389775	0.00584289567171	-0.0648238694527	-0.0158113971634	0.00473345391379	-0.00661029757723	-0.0700446215083	0.0270078739155	0.0588234779875	-0.00914173612553	0.00517891163072	-0.0134344435454	-0.00261884261508	-0.00337489689718	0.0282944821373	-0.00810802773639	-0.0551752229857	-0.0479238850159	-0.0117861047099	-0.0520652481274	-0.0555182348237	-0.011496805922	-0.0560432445049	-0.00405164521049	0.0098588864256	0.0295738479576	0.0373656571205	-0.0326136365325	-0.0295614999975	-0.000640331419231	-0.0324498895068	0.00139077400321	-0.042516946041	-0.0146777998151	-0.0336947543644	-0.0148905884826	-0.0700768225162	-0.0248855775329	0.0893299228248	0.0134911111471	-0.0343497177906	-0.0343164762381	-0.0337016882103	-0.0109295706837	0.00444682005212	0.021803785966	0.016377093352	-0.0183907928998	0.00512752654635
k__Bacteria;p__Bacteroidetes;c__Bacteroidia;o__Bacteroidales;f__Bacteroidaceae;g__Bacteroides;s__Bacteroides_stercoris	-0.0129972966066	-0.000700811394304	-0.0284671606075	0.00247159097893	1.0	0.00755910420695	-0.000873155404071	-0.039828018405	-0.0187052008756	-0.053463626989	0.0191888561349	-0.00302082835935	-0.015303824546	-0.0122739175588	-0.0299868781487	-0.0183070700419	-0.00195880975096	-0.0741496589056	-0.0482225426963	-0.0135980691831	-0.0507326830454	-0.0241289892191	0.101022575892	-0.0273488595276	0.0482879320227	-0.00537375318972	0.00948121744605	-0.0551945997724	-0.0124976289715	-0.00445095010562	-0.0388125832585	-0.0120247379483	0.000284343582967	-0.0191800125798	-0.00633375854729	0.00620565125601	0.0291908377644	0.0356779892882	-0.0202389994276	0.0463201644566	0.0168478915881	-0.0238929697429	-0.0379481423877	-0.00768498914741	-0.0195092388391	-0.0370294286672	0.00932615890015	-0.0358443100704	0.0409167523648	0.0201013257855	-0.00934223983535	-0.0945593614294	-0.00711691044134	-0.0277747187142	-0.0309761439632	-0.0158817722613	-0.000172751988074	0.0582238326865	-0.00783985823317
k__Bacteria;p__Bacteroidetes;c__Bacteroidia;o__Bacteroidales;f__Bacteroidaceae;g__Bacteroides;s__Bacteroides_ovatus	-0.0906646300484	-0.00372662109637	-0.0210204236762	0.0107169774577	0.00755910420695	1.0	-0.00542949001727	0.0269856589922	-0.020257324121	0.0624026272431	-0.0719351514438	0.00564740552403	0.00959609228598	0.0215506735503	-0.00178467661984	0.0385807826789	-0.037902927578	0.0281560336657	-0.0341257685596	-0.0485332014911	0.00914087982077	-0.00552244132785	-0.0732165783226	-0.011770752914	0.0930745308866	0.0530961182046	-0.0273353644414	-0.0136927966338	0.0263624048836	0.0319943782107	-0.0241933332588	-0.00567781237521	0.0172658288771	-0.0101724878469	0.0660676981715	0.0372709254658	-0.0315472989764	0.0206243301106	-0.0240986377374	-0.0363512847445	-0.0450256111367	-0.0327024857248	-0.0493692704607	0.0453755573941	0.00128460189035	-0.0442285546475	-0.0143915197441	0.0137846358205	-0.0642009063238	0.0362096227188	-0.00675192058518	-0.00720699780258	-0.0275810457081	0.0383927064332	-0.0657467844328	-0.0330993444093	-0.0221621035092	-0.0246633652179	-0.0241312199485
k__Bacteria;p__Bacteroidetes;c__Bacteroidia;o__Bacteroidales;f__Rikenellaceae;g__Alistipes;s__Alistipes_shahii	0.0662066297991	-0.0812201237789	0.0208039899986	0.0189630443915	-0.000873155404071	-0.00542949001727	1.0	-0.042083431358	0.0206807780298	0.00889894123992	0.0320581936673	-0.0293328107214	-0.0460404338438	0.0804149474311	0.0366055319952	0.00402572007904	-0.0594391502248	0.0420421436225	-0.000277377750619	-0.0384016761042	0.0797584892479	-0.00647793405475	-0.0287294984482	-0.0225047527771	0.0097631839736	0.00937216019243	-0.00447434759484	-0.021701139657	-0.0182586016443	-0.0159424102009	-0.0088400849528	-0.0633236262724	0.00330791752552	-0.019690934395	-0.0203330857115	0.0138209510642	0.0245009998173	-0.0156396762281	-0.0121300293851	-0.00317379791839	-0.0520665573105	-0.0169063712385	0.00273194586188	-0.0768567594684	0.0155058962335	-0.0915520559109	-0.0400787462107	0.0260105106852	-0.0686853653338	-0.0195449138683	-0.0562499464691	-0.0548315099585	0.0154574243986	-0.0435584067065	0.000544952109372	-0.0443496312457	-0.0369072646654	0.0303421411162	-0.00808775836285
k__Bacteria;p__Firmicutes;c__Clostridia;o__Clostridiales;f__Ruminococcaceae;g__Faecalibacterium;s__Faecalibacterium_prausnitzii	0.00792165995969	0.0150760893538	-0.0249774298302	0.0282057420604	-0.039828018405	0.0269856589922	-0.042083431358	1.0	0.0278425072099	-0.096701535988	0.00532218050661	-0.0622963813469	0.0141308819648	-0.051774832542	-0.0215928233663	-0.00126059121722	0.00969439761286	-0.0361387885382	-0.0422755136468	0.0313518485345	0.0345320847021	0.0367924004889	-0.0354394942328	-0.013876546291	0.0400161669771	-0.0452238337981	-0.0513854290231	-0.0228238697662	0.00392386902858	-0.0238845334706	-0.0237677039779	-0.000522108747498	0.0494203236609	-0.00928200607688	0.0313462062184	-0.00265144790745	0.0541095684502	-0.0246489377256	0.0113830418065	-0.0410288279087	0.0403342491559	-0.0594961665271	0.0622215463882	0.00144647072101	-0.0147525400832	0.0368561773576	-0.0512767356975	-0.0556052511984	-0.0204859265567	0.00901170689147	0.00221314626995	-0.0186152865303	-0.0138205867506	-0.0286824044935	0.0557777617879	-0.033799819856	-0.0281814801451	-0.0294592342343	-0.0129328558303
k__Bacteria;p__Bacteroidetes;c__Bacteroidia;o__Bacteroidales;f__Rikenellaceae;g__Alistipes;s__Alistipes_finegoldii	-0.0470257223396	0.014929040055	-0.02779037438	-0.04055925676	-0.0187052008756	-0.020257324121	0.0206807780298	0.0278425072099	1.0	0.0266544179151	-0.0536469687332	-0.0574094037124	-0.00215639586531	-0.0138642183735	-0.0464894531174	-0.00996176716788	0.0792621533606	0.027519378182	0.0401309093692	-0.0482550988314	-0.0179806400176	-0.00925071503307	-0.0147186768008	0.0464663436436	-0.0492537620161	0.0366734734609	-0.0210138231984	-0.0851542819134	-0.012660434657	-0.0277435970342	-0.0811925059454	0.00471190573404	0.0824808853854	0.0439882582987	0.0288085437184	-0.0990409955887	-0.0119321308055	-0.0706409585648	0.0611943814357	0.0105578892957	-0.0406374205341	0.0722956548293	-0.0120556719783	0.0509812217986	-0.0664130445691	-0.0118167398042	-0.0205768830613	-0.0403501864871	-0.00348765039805	-0.0152563786093	-0.0109072069993	-0.0129248220513	-0.0398033996002	-0.00577427101553	-0.033605310415	0.0144274535401	-0.0626248325029	-0.0299825581405	-0.0205078827731
k__Bacteria;p__Bacteroidetes;c__Bacteroidia;o__Bacteroidales;f__Porphyromonadaceae;g__Parabacteroides;s__Parabacteroides_distasonis	-0.0149977592235	-0.0170686086115	-0.0610091563439	-0.037527541478	-0.053463626989	0.0624026272431	0.00889894123992	-0.096701535988	0.0266544179151	1.0	-0.0109800344205	-0.0146348152585	-0.00241829267975	-0.0391246746537	0.0242444742097	-0.0571400347101	0.00906569166296	0.0158689748354	0.00872679700032	-0.0123307263782	0.0190477600708	0.0817066279335	0.0285915444389	-0.0650978205317	-0.00231221383407	-0.00780106091505	0.016583867436	-0.0424197952184	-0.0439751995404	-0.0171831436462	-0.032536763196	-0.0113774516073	-0.0116608586266	-0.0414031879337	-0.0446512143013	0.00248260491647	-0.0337160793706	-0.0235888681976	0.0287988857953	0.0131128646443	-0.0311427602065	-0.0218723316918	0.00736976980825	0.0337699876648	0.0166933136199	-0.0553930108477	-0.0447943314115	-0.00791443076033	-0.0292889614704	-0.0143310757901	-0.0432846662704	0.000452041133791	-0.052835414621	0.00127047757391	0.00478061665193	0.00900508888371	-0.0130222330711	0.0288588705779	0.0233608183258
k__Bacteria;p__Bacteroidetes;c__Bacteroidia;o__Bacteroidales;f__Bacteroidaceae;g__Bacteroides;s__Bacteroides_thetaiotaomicron	-0.0336214069271	0.0411681284727	0.0615009574455	-0.036466389775	0.0191888561349	-0.0719351514438	0.0320581936673	0.00532218050661	-0.0536469687332	-0.0109800344205	1.0	0.000973856127812	-0.0523899232821	-0.0136665961037	-0.00106703081984	-0.0202451522589	-0.0343909179329	-0.00192045869674	0.0281110722438	0.00357940463183	-0.0341149155418	0.0238814377383	-0.0123889838217	0.04267770849	-0.0551030326928	-0.0394626772964	-0.0344166188081	0.0408074993763	0.0278702427405	-0.0522310939226	-0.0421728196104	0.00760759924268	-0.00367931737272	0.0223196888497	-0.0383710415657	0.0156518954662	-0.0216059794408	-0.0118095516452	0.0518189458112	-0.00650546764741	0.00220840668307	0.000472292466005	0.02923758745	0.0200887838971	-0.0143879544129	-0.043009939623	-0.0308971423563	0.0359850855841	0.00113978016291	0.0168051861674	-0.0311463968082	-0.000645724680487	-0.0425519316207	-0.0256898020307	-0.00736042376446	0.00948466868593	-0.0374943892238	0.0267269617286	0.0802713109851
k__Bacteria;p__Bacteroidetes;c__Bacteroidia;o__Bacteroidales;f__Bacteroidaceae;g__Bacteroides;s__Bacteroides_coprocola	0.0355729238712	-0.0184444703672	0.0734295489506	0.00584289567171	-0.00302082835935	0.00564740552403	-0.0293328107214	-0.0622963813469	-0.0574094037124	-0.0146348152585	0.000973856127812	1.0	-0.0137628332241	0.0179375763709	-0.0457046584173	-0.0142997028045	0.0317062307224	-0.0236294717208	-0.0287454785388	0.00188239713805	0.0341554161916	0.03178999888	-0.0466858751513	-0.0270255037552	0.0448969306396	-0.0280585909321	-0.0134060885539	-0.0402143533468	-0.0362814087648	-0.00640452822686	0.0686589407516	-0.00185369441795	-0.0205961154609	-0.0153168231553	0.0192970863094	-0.0619985742013	-0.0360962189111	-0.016207106661	-0.00234493451618	-0.0112261643332	0.0505556033374	0.00693216169484	-0.0582546116671	-0.0221244430544	0.00718735819299	0.0257362098666	-0.00408722231209	0.0153743471699	0.0123529902949	-0.0155004272271	0.0111920151152	0.00561370721069	0.0506517590114	0.0285465621583	-0.0153425304044	0.0328654862161	-0.062793186701	-0.0335731156075	-0.0243258262923
k__Bacteria;p__Bacteroidetes;c__Bacteroidia;o__Bacteroidales;f__Bacteroidaceae;g__Bacteroides;s__Bacteroides_cellulosilyticus	0.028181236791	0.01276214479	-0.0257524030252	-0.0648238694527	-0.015303824546	0.00959609228598	-0.0460404338438	0.0141308819648	-0.00215639586531	-0.00241829267975	-0.0523899232821	-0.0137628332241	1.0	-0.0433913606123	0.0279526051937	0.0306701935756	-0.0386572424625	-0.00756966578491	-0.0264779157514	0.0525475461803	0.0439273267198	-0.0702183173566	-0.0767092082433	-0.0149143508282	0.00620798721719	0.0423421603959	-0.00996727061742	0.000458981056792	-0.0393904935896	0.0495375221724	0.00289704178999	-0.0584279531248	-0.0303771432672	-0.0489011183011	-0.00695471720636	-0.0437778570197	0.00221816357977	-0.0499254297158	-0.00567472451977	-0.032443445906	0.0442956132612	-0.0514165614177	-0.0254489770263	0.0124133332889	0.0402714979718	0.00401395735073	0.0286559242258	-0.0121336721924	-0.0432342776181	0.0341147538389	0.0145085662586	0.0670699091116	-0.00710628879774	-0.0302484604814	-0.0111770757003	0.0506552598661	-0.059709758171	0.00160790098341	-0.0403917161897
k__Bacteria;p__Bacteroidetes;c__Bacteroidia;o__Bacteroidales;f__Rikenellaceae;g__Alistipes;s__Alistipes_obesi	0.0274322414554	-0.0353887785173	-0.000790420758493	-0.0158113971634	-0.0122739175588	0.0215506735503	0.0804149474311	-0.051774832542	-0.0138642183735	-0.0391246746537	-0.0136665961037	0.0179375763709	-0.0433913606123	1.0	-0.0115514156762	0.0149994627634	-0.000687360660932	-0.00184830766511	-0.0447912308515	0.0190892733932	0.0444989638458	0.00236017292491	0.0321869339649	-0.0205379195768	0.00182958715621	0.0085127061835	0.0289627773213	-0.0451867406411	-0.0152961921958	0.000349454393078	-0.00475363523544	8.58051274931e-05	0.015971465312	0.0431876003846	-0.0189307092322	0.0186385462631	-0.0035033779637	-0.0771915418555	-0.0440665941448	-0.0439313972222	0.0213089290369	0.0208590171835	-0.0687026353213	-0.0250410357304	0.0445336825036	-0.0243175303299	0.0469214654219	-0.03983051182	0.0197578638046	-0.0475094719915	-0.0266822827642	0.00758895781289	-0.0313928502733	-0.00717389670895	-0.0360228814438	-0.0044074228874	-0.0306945008776	-0.0171633754768	0.0137593651259
k__Bacteria;p__Firmicutes;c__Clostridia;o__Clostridiales;f__Lachnospiraceae;g__;s__[Eubacterium]_rectale	-0.0116560982886	0.0311317604587	-0.0116570692131	0.00473345391379	-0.0299868781487	-0.00178467661984	0.0366055319952	-0.0215928233663	-0.0464894531174	0.0242444742097	-0.00106703081984	-0.0457046584173	0.0279526051937	-0.0115514156762	1.0	-0.0191718487701	0.00209071242357	0.00865839811303	-0.0100416177579	-0.0378423144533	-0.016540824069	-0.0036552766219	0.0209845414177	-0.0145460799712	-0.036825382529	-0.0116817842672	-0.0104086494992	0.0437616680793	0.047337631906	0.0188161808336	-0.0470625194848	-0.0238409019434	-0.0389383760842	0.00721501146377	-0.0278399309539	0.0212123695841	-0.0315920818552	0.0312160012543	0.0157120456865	0.023277341984	-0.0455660316778	0.0303337554346	-0.0337706790066	-0.0565956575636	0.0401196876347	0.0114421483462	-0.0154877866338	0.00293299681726	-0.0134284398152	-0.0241616133201	-0.0143475676295	0.00931504075613	0.0192482957118	0.0240090175959	0.0134233488982	-0.018508396213	0.0262250981287	-0.0123520317909	-0.0174184186348
k__Bacteria;p__Bacteroidetes;c__Bacteroidia;o__Bacteroidales;f__Bacteroidaceae;g__Bacteroides;s__Bacteroides_plebeius	-0.0494140798885	0.0661992800445	-0.0278664609404	-0.00661029757723	-0.0183070700419	0.0385807826789	0.00402572007904	-0.00126059121722	-0.00996176716788	-0.0571400347101	-0.0202451522589	-0.0142997028045	0.0306701935756	0.0149994627634	-0.0191718487701	1.0	-0.0192462903184	-0.0758101410526	-0.0118224594925	0.068741875373	-0.0293026794075	0.0424558385484	0.00635858016574	-0.0801605044069	-0.0289464907414	-0.00964029033006	0.0437284805192	0.0244389081596	-0.00705905899892	0.0400752124722	0.00132195729105	-0.00904632155661	-0.00759414218949	0.00359878649979	0.0251998646475	0.0445092086161	-0.021474391084	0.0275172886595	-0.00752940777695	0.0250984927291	0.0512333614233	-0.0602353395018	0.00846200233223	-0.0383198182359	-0.0219883283387	0.013734950254	0.00514174659215	-0.0699006747192	-0.00999677742029	-0.0252052782007	-0.0418704489339	-0.0619817280495	-0.0243462463842	-0.0109642673212	0.00361508290965	-0.0665124493214	-0.00319659080965	0.0521378552919	-0.0426991230241
k__Bacteria;p__Bacteroidetes;c__Bacteroidia;o__Bacteroidales;f__Bacteroidaceae;g__Bacteroides;s__Bacteroides_fragilis	-0.0714236380645	0.0190028616343	0.0394908506504	-0.0700446215083	-0.00195880975096	-0.037902927578	-0.0594391502248	0.00969439761286	0.0792621533606	0.00906569166296	-0.0343909179329	0.0317062307224	-0.0386572424625	-0.000687360660932	0.00209071242357	-0.0192462903184	1.0	0.0292657137819	0.00483541666401	0.0230110868442	-0.0637049141856	-0.0589196504181	-0.0416897195668	-0.00498726770313	0.0398967772647	-0.00675207047588	0.0123250835134	-0.0125529372472	-0.034872322889	0.0154452541604	-0.0276353387672	-0.0365054310209	-0.00315802862443	-0.012277975676	0.0142388385562	0.0342828793254	-0.00783083771489	0.0510336561095	0.00715874305865	-0.0385977249406	0.0108256900438	-0.0658859395228	0.000363763978563	-0.00356628052572	0.0583438546433	-0.00590466803283	-0.0116650025027	0.0108055759313	0.0331960944888	0.0102337822802	0.0730137190903	-0.0683509240978	0.0650263231817	-0.0458643492312	0.00933619779699	-0.00447849792266	-0.0131690672793	-0.0606071152587	-0.0656269666109
k__Bacteria;p__Proteobacteria;c__Betaproteobacteria;o__Burkholderiales;f__Sutterellaceae;g__Sutterella;s__Sutterella_wadsworthensis	0.0118946644809	0.0192462322806	0.00168658088005	0.0270078739155	-0.0741496589056	0.0281560336657	0.0420421436225	-0.0361387885382	0.027519378182	0.0158689748354	-0.00192045869674	-0.0236294717208	-0.00756966578491	-0.00184830766511	0.00865839811303	-0.0758101410526	0.0292657137819	1.0	0.0373041588213	-0.0344256967928	0.00452085736539	-0.0295140985667	0.0251921346409	-0.0354409584448	-0.0449512012836	-0.0100933233674	-0.00995667385468	-0.0438480695078	-0.0172955050234	-0.00164763525609	0.0192076439341	0.0512973414468	0.0307055208004	0.051840988097	-0.0451781958442	-0.0626393325195	-0.0541897776086	0.0149488104234	0.0241143925999	0.0560120981689	-0.0143767568795	-0.00380428493767	0.0350046618956	-0.0175685645802	0.0434753584299	-0.0890570035423	-0.0650187339497	-0.0315270048348	-0.0302646976855	0.0487211726767	0.00434225283439	-0.000512648555424	0.0542712569958	-0.0186293805074	-0.0390995459695	-0.0134683809592	-0.0584015859294	0.0531981620006	-0.0734606213159
k__Bacteria;p__Bacteroidetes;c__Bacteroidia;o__Bacteroidales;f__Porphyromonadaceae;g__Barnesiella;s__Barnesiella_intestinihominis	-0.0173469856927	0.029820066599	0.0402511249995	0.0588234779875	-0.0482225426963	-0.0341257685596	-0.000277377750619	-0.0422755136468	0.0401309093692	0.00872679700032	0.0281110722438	-0.0287454785388	-0.0264779157514	-0.0447912308515	-0.0100416177579	-0.0118224594925	0.00483541666401	0.0373041588213	1.0	-0.0132632353161	-0.0238185267581	0.0526143777483	-0.00838212251633	-0.0185863536738	-0.0134593919697	0.0339055545427	-0.0216104729727	0.0194878930571	-0.0307586789735	-0.021279364042	-0.00127477523688	0.0546185014261	0.00808635718965	-0.0241476906518	0.0244479217641	-0.0214527024112	-0.0737235975835	-0.0219837813342	-0.0900218439361	-0.0733491260742	0.0324644682344	0.0178313760394	-0.00655996429616	0.0527804995158	-0.0286214831919	-0.0341559411307	-0.0215540438346	-0.000718367271064	0.0332454315984	-0.0461176017148	-0.00241616764677	-0.0387899690972	-0.0312727093727	-0.0395349504825	-0.0134705331605	0.00805145557993	-0.0138114296752	0.0152692369134	0.0298109724501
k__Bacteria;p__Bacteroidetes;c__Bacteroidia;o__Bacteroidales;f__Odoribacteraceae;g__Odoribacter;s__Odoribacter_splanchnicus	-0.022637915837	-0.0217807182867	0.00110432845209	-0.00914173612553	-0.0135980691831	-0.0485332014911	-0.0384016761042	0.0313518485345	-0.0482550988314	-0.0123307263782	0.00357940463183	0.00188239713805	0.0525475461803	0.0190892733932	-0.0378423144533	0.068741875373	0.0230110868442	-0.0344256967928	-0.0132632353161	1.0	-0.0417449425244	-0.0433706317956	-0.00979955212152	-0.0324746860768	-0.0181862773559	-0.00440716716756	-0.0624875920827	-0.0547179125091	0.0148045012079	-0.0600973539187	0.0386245415179	0.00113452286062	-0.0393344777953	-0.0280887640273	-0.0307903221335	0.0285315159777	-0.0448094453225	0.0198530004513	-0.0654929675759	0.0178053016219	0.0373642218015	0.0134216334415	0.0513405840401	-0.0299275774966	-0.0433664080894	0.0457509944489	-0.00566389215134	0.0724273855551	-0.00534483750884	0.00700180773612	0.0728620520395	-0.000465398463598	-0.0371777000232	0.00371149796241	0.00813275278897	0.0164998185852	-0.0187405136482	-0.0346854195763	-0.00089864133694
k__Bacteria;p__Bacteroidetes;c__Bacteroidia;o__Bacteroidales;f__Bacteroidaceae;g__Bacteroides;s__Bacteroides_salyersiae	0.0348965302959	-0.0610299505832	-0.0482965315181	0.00517891163072	-0.0507326830454	0.00914087982077	0.0797584892479	0.0345320847021	-0.0179806400176	0.0190477600708	-0.0341149155418	0.0341554161916	0.0439273267198	0.0444989638458	-0.016540824069	-0.0293026794075	-0.0637049141856	0.00452085736539	-0.0238185267581	-0.0417449425244	1.0	0.063828207415	0.00116779901155	0.0166102601422	0.0557352428311	-0.106173637985	-0.0174025378119	-0.0908893700615	-0.0117287199713	-0.0121923274887	-0.00107075604371	-0.0185178626427	0.0708104413459	-0.00911762657498	-0.050676210346	0.0100485038923	0.0200340339369	-0.021893343817	-0.000867874928747	-0.00825536241606	-0.0228978971219	-0.00101805439685	0.0636894978568	-0.0266830303277	-0.0289036140588	0.0549949216425	-0.0437239573566	0.0210428708788	-0.0159135210881	-0.0351327978947	-0.0532372540106	-0.02596595615	0.0191710334294	-0.0446364153328	0.0719150780196	-0.00131945868845	-0.000281451281362	0.013936788782	0.096391573262
k__Bacteria;p__Firmicutes;c__Clostridia;o__Clostridiales;f__Ruminococcaceae;g__Ruminiclostridium;s__[Eubacterium]_siraeum	0.0110537587578	0.00927430638283	-0.00642368032889	-0.0134344435454	-0.0241289892191	-0.00552244132785	-0.00647793405475	0.0367924004889	-0.00925071503307	0.0817066279335	0.0238814377383	0.03178999888	-0.0702183173566	0.00236017292491	-0.0036552766219	0.0424558385484	-0.0589196504181	-0.0295140985667	0.0526143777483	-0.0433706317956	0.063828207415	1.0	-0.0657913685517	-0.0298060826061	0.0264148293941	-0.117631297283	-0.0196001348228	-0.027560489374	0.0221615951798	0.0086351502486	-0.0178825143486	-0.0721669407398	-0.0238385944332	-0.00247971561283	0.0413912981775	-0.0452718714926	0.0549549857288	-0.0215665946633	-0.0569542276532	0.0389391964367	-0.034873786871	-0.0186723332996	0.00157064091042	-0.00440465105047	-0.033404256872	0.0345973683908	-0.0157205547146	0.000850465426947	-0.0719125841517	0.011841981659	-0.0138097831316	-0.0263500372397	-0.0150124958867	-0.0236002332238	-0.0801991530603	0.0280206783218	0.027795441579	0.0311988077896	0.00202304173235
k__Bacteria;p__Proteobacteria;c__Betaproteobacteria;o__Burkholderiales;f__Sutterellaceae;g__Parasutterella;s__Parasutterella_excrementihominis	0.0141533982498	-0.0209875480316	0.0189832879607	-0.00261884261508	0.101022575892	-0.0732165783226	-0.0287294984482	-0.0354394942328	-0.0147186768008	0.0285915444389	-0.0123889838217	-0.0466858751513	-0.0767092082433	0.0321869339649	0.0209845414177	0.00635858016574	-0.0416897195668	0.0251921346409	-0.00838212251633	-0.00979955212152	0.00116779901155	-0.0657913685517	1.0	0.00417216861664	0.053800892341	0.0186790267302	0.0317723371428	0.0170899185209	-0.0348473968857	0.034622401957	0.0488666009886	0.019213830183	-0.00153981121866	0.012754159057	0.00626834759944	-0.0260488909652	-0.034210078866	-0.0219901215264	-0.086643500655	0.019333949426	-0.0286121243091	-0.00436894463841	0.0280105294152	-0.0141448344955	-0.0367409276445	-0.00321542119943	0.0242867321102	-0.00605418349204	-0.0122662277935	-0.00617292997878	0.00991023787891	-0.0358037415691	0.00345305296899	0.00773390241122	-0.0173803534806	-0.0249042261177	0.0582403609815	0.00175411695658	-0.00931808424251
k__Bacteria;p__Actinobacteria;c__Actinobacteria;o__Bifidobacteriales;f__Bifidobacteriaceae;g__Bifidobacterium;s__Bifidobacterium_adolescentis	-0.0622494615257	0.0110191562445	0.0121701306578	-0.00337489689718	-0.0273488595276	-0.011770752914	-0.0225047527771	-0.013876546291	0.0464663436436	-0.0650978205317	0.04267770849	-0.0270255037552	-0.0149143508282	-0.0205379195768	-0.0145460799712	-0.0801605044069	-0.00498726770313	-0.0354409584448	-0.0185863536738	-0.0324746860768	0.0166102601422	-0.0298060826061	0.00417216861664	1.0	-0.0086258334137	0.0234098749609	-0.0241342283295	-0.016491333338	-0.00614980374189	0.0496498799031	0.0432849289895	-0.0114681864488	-0.00162426324378	0.0388871814065	0.0142622599156	-0.0350807442213	-0.0855871949721	-0.0121531147709	-0.0133897950573	0.0248722525227	0.00163522997538	0.0122125071302	-0.0114722983585	-0.0285395218032	0.0186619318915	-0.05511075388	-0.00636881720046	-0.0184063697264	0.00565752208609	0.00157009260384	0.00632570458386	0.0039683224188	0.052602285625	0.0147843516564	-0.00328942694541	-0.0279517669545	-0.0398123633616	-0.00867587681352	0.0437225652548
k__Bacteria;p__Firmicutes;c__Clostridia;o__Clostridiales;f__Oscillospiraceae;g__Oscillibacter;s__Oscillibacter_sp._KLE_1745	0.0368436850429	-0.0106866416286	-0.0732810425612	0.0282944821373	0.0482879320227	0.0930745308866	0.0097631839736	0.0400161669771	-0.0492537620161	-0.00231221383407	-0.0551030326928	0.0448969306396	0.00620798721719	0.00182958715621	-0.036825382529	-0.0289464907414	0.0398967772647	-0.0449512012836	-0.0134593919697	-0.0181862773559	0.0557352428311	0.0264148293941	0.053800892341	-0.0086258334137	1.0	0.0400673766781	0.032018569398	-0.0911580606351	0.0157101570303	0.00353798781808	-0.00988301633977	0.0536970578126	0.0139262229694	0.00432477390148	-0.027028944689	0.0032686168644	0.00265517968	-0.0507776615884	-0.0326563075126	-0.0233535882423	-0.0598524157593	-0.0399595467221	-0.0256760536142	-0.0580554192426	-0.0273799234442	-0.0731730711023	0.00950084320731	0.00715937932126	-0.04650126921	0.0555443151578	-0.0533500552831	-0.0602024598773	-0.0623198932176	0.0442394045464	-0.0217145918501	-0.0149558384545	-0.0355892183378	0.0193303805009	0.0119121152563
k__Bacteria;p__Bacteroidetes;c__Bacteroidia;o__Bacteroidales;f__Bacteroidaceae;g__Bacteroides;s__Bacteroides_coprophilus	-0.013492545461	0.00126474580064	-0.0241613478737	-0.00810802773639	-0.00537375318972	0.0530961182046	0.00937216019243	-0.0452238337981	0.0366734734609	-0.00780106091505	-0.0394626772964	-0.0280585909321	0.0423421603959	0.0085127061835	-0.0116817842672	-0.00964029033006	-0.00675207047588	-0.0100933233674	0.0339055545427	-0.00440716716756	-0.106173637985	-0.117631297283	0.0186790267302	0.0234098749609	0.0400673766781	1.0	-0.0450322839303	-0.0142012023821	-0.0161131383126	-0.0410050994609	-0.0405705458963	-0.0346190877598	-0.0202012873113	-0.0249417916376	-0.0101611946713	-0.00826009711888	-0.0290257328536	-0.0357083955653	-0.0363970860216	-0.00521851868757	0.026287799395	-0.00279985481775	-0.0029958352154	-0.0252391904287	0.0288987656252	-0.0676633787461	0.0592690243949	-0.0438592464231	0.0340376241482	-0.0408393084315	0.0135027089309	-0.0424734363124	0.0007919369468	0.0196472196656	-0.0381248003195	-0.0402451554319	-0.00823019976179	-0.00533379149435	0.0605238943442
k__Bacteria;p__Firmicutes;c__Clostridia;o__Clostridiales;f__Lachnospiraceae;g__Roseburia;s__Roseburia_intestinalis	-0.00302204591936	0.0460249418591	-0.0651945868887	-0.0551752229857	0.00948121744605	-0.0273353644414	-0.00447434759484	-0.0513854290231	-0.0210138231984	0.016583867436	-0.0344166188081	-0.0134060885539	-0.00996727061742	0.0289627773213	-0.0104086494992	0.0437284805192	0.0123250835134	-0.00995667385468	-0.0216104729727	-0.0624875920827	-0.0174025378119	-0.0196001348228	0.0317723371428	-0.0241342283295	0.032018569398	-0.0450322839303	1.0	-0.00460155282825	-0.0255936165803	0.0323264657256	-0.0535559612121	-0.0159698753724	-0.00126959687301	-0.0663451075089	-0.0523663196991	-0.0494865764076	-0.0501161891161	-0.0203354320903	-0.00460842789902	0.0350382619849	0.0784947537672	0.082847253606	0.00900595710881	-0.00175280411316	0.0293358646355	0.024762362857	0.0334873047707	-0.00238018904412	-0.04564367571	-0.0152376986923	0.0405503496243	-0.00707087711659	0.0431643978128	-0.0296856492782	0.0988858700331	-0.0378944452432	-0.00833395202389	-0.0581721691089	0.0697102368707
k__Bacteria;p__Firmicutes;c__Clostridia;o__Clostridiales;f__Lachnospiraceae;g__Roseburia;s__Roseburia_hominis	-0.0041456580485	0.0264286838742	0.0460532119004	-0.0479238850159	-0.0551945997724	-0.0136927966338	-0.021701139657	-0.0228238697662	-0.0851542819134	-0.0424197952184	0.0408074993763	-0.0402143533468	0.000458981056792	-0.0451867406411	0.0437616680793	0.0244389081596	-0.0125529372472	-0.0438480695078	0.0194878930571	-0.0547179125091	-0.0908893700615	-0.027560489374	0.0170899185209	-0.016491333338	-0.0911580606351	-0.0142012023821	-0.00460155282825	1.0	0.00747373965285	0.0223375686254	0.00717730410035	-0.039291808076	-0.0685791048514	-0.0404088536736	0.00684953360798	-0.0164272717815	-0.0739815312068	0.0709593992601	-0.0141129500155	-0.0148969751413	-0.0131553373392	-0.00339687840814	-0.022235061978	-0.0276501891592	0.0229978167456	0.00481075612594	-0.00114819803369	0.0690654555044	0.0423895796655	-0.0110629160492	0.0353687726512	-0.0194930921274	0.00447973946214	-0.0125436397165	-0.0332891947345	-0.0305645655759	0.00553885057511	0.0694706527821	-0.0346725423212
k__Bacteria;p__Bacteroidetes;c__Bacteroidia;o__Bacteroidales;f__Porphyromonadaceae;g__Parabacteroides;s__Parabacteroides_johnsonii	-0.00253873537662	-0.00740287197287	-0.0774091765649	-0.0117861047099	-0.0124976289715	0.0263624048836	-0.0182586016443	0.00392386902858	-0.012660434657	-0.0439751995404	0.0278702427405	-0.0362814087648	-0.0393904935896	-0.0152961921958	0.047337631906	-0.00705905899892	-0.034872322889	-0.0172955050234	-0.0307586789735	0.0148045012079	-0.0117287199713	0.0221615951798	-0.0348473968857	-0.00614980374189	0.0157101570303	-0.0161131383126	-0.0255936165803	0.00747373965285	1.0	-0.0271594193087	-0.0379736576028	-0.0444588533828	0.0247743025096	-0.027021587384	0.0189761488336	0.0251811623487	0.0400477610754	-0.015464819717	0.0312221760317	0.0595672922017	0.0180974943165	0.0615652226456	-0.0216170835107	-0.018940280407	-0.00647837547897	-0.0414719334789	0.0284522001484	-0.0192264284536	-0.00957677533822	-0.0386939685453	-0.0167120156102	0.0834535522222	0.00885630366185	-0.00919455511027	-0.01375867955	0.0128467007207	-0.040718884915	0.0534286359572	-0.016572606035
k__Bacteria;p__Actinobacteria;c__Actinobacteria;o__Bifidobacteriales;f__Bifidobacteriaceae;g__Bifidobacterium;s__Bifidobacterium_longum	-0.0304561832975	-0.0108069309952	0.0367183426029	-0.0520652481274	-0.00445095010562	0.0319943782107	-0.0159424102009	-0.0238845334706	-0.0277435970342	-0.0171831436462	-0.0522310939226	-0.00640452822686	0.0495375221724	0.000349454393078	0.0188161808336	0.0400752124722	0.0154452541604	-0.00164763525609	-0.021279364042	-0.0600973539187	-0.0121923274887	0.0086351502486	0.034622401957	0.0496498799031	0.00353798781808	-0.0410050994609	0.0323264657256	0.0223375686254	-0.0271594193087	1.0	-0.0307159838148	-0.00417041888677	-0.0808210337445	0.0175120771632	0.0050144108035	-0.0322872057076	0.00531691040992	-0.00453176063176	-0.0133400325825	0.023869257707	-0.0876652294229	0.0108860473565	0.0379804484936	0.0138445614417	-0.0114059452842	-0.00311035651383	-0.0146749458932	-0.0408014766555	-0.00274360494914	0.00952108987806	0.00946712767282	0.00856341144508	0.0933260663354	0.0197317659924	0.00188882426568	-0.0174787757807	-0.0195020256636	0.00431064898412	-0.0129464559572
