#taxonomy	k__Bacteria;p__Bacteroidetes;c__Bacteroidia;o__Bacteroidales;f__Bacteroidaceae;g__Bacteroides;s__Bacteroides_vulgatus	k__Bacteria;p__Bacteroidetes;c__Bacteroidia;o__Bacteroidales;f__Bacteroidaceae;g__Bacteroides;s__Bacteroides_uniformis	k__Bacteria;p__Bacteroidetes;c__Bacteroidia;o__Bacteroidales;f__Rikenellaceae;g__Alistipes;s__Alistipes_putredinis	k__Bacteria;p__Bacteroidetes;c__Bacteroidia;o__Bacteroidales;f__Prevotellaceae;g__Prevotella;s__Prevotella_copri	k__Bacteria;p__Bacteroidetes;c__Bacteroidia;o__Bacteroidales;f__Bacteroidaceae;g__Bacteroides;s__Bacteroides_stercoris	k__Bacteria;p__Bacteroidetes;c__Bacteroidia;o__Bacteroidales;f__Bacteroidaceae;g__Bacteroides;s__Bacteroides_ovatus	k__Bacteria;p__Bacteroidetes;c__Bacteroidia;o__Bacteroidales;f__Rikenellaceae;g__Alistipes;s__Alistipes_shahii	k__Bacteria;p__Firmicutes;c__Clostridia;o__Clostridiales;f__Ruminococcaceae;g__Faecalibacterium;s__Faecalibacterium_prausnitzii	k__Bacteria;p__Bacteroidetes;c__Bacteroidia;o__Bacteroidales;f__Rikenellaceae;g__Alistipes;s__Alistipes_finegoldii	k__Bacteria;p__Bacteroidetes;c__Bacteroidia;o__Bacteroidales;f__Porphyromonadaceae;g__Parabacteroides;s__Parabacteroides_distasonis	k__Bacteria;p__Bacteroidetes;c__Bacteroidia;o__Bacteroidales;f__Bacteroidaceae;g__Bacteroides;s__Bacteroides_thetaiotaomicron	k__Bacteria;p__Bacteroidetes;c__Bacteroidia;o__Bacteroidales;f__Bacteroidaceae;g__Bacteroides;s__Bacteroides_coprocola	k__Bacteria;p__Bacteroidetes;c__Bacteroidia;o__Bacteroidales;f__Bacteroidaceae;g__Bacteroides;s__Bacteroides_cellulosilyticus	k__Bacteria;p__Bacteroidetes;c__Bacteroidia;o__Bacteroidales;f__Rikenellaceae;g__Alistipes;s__Alistipes_obesi	k__Bacteria;p__Firmicutes;c__Clostridia;o__Clostridiales;f__Lachnospiraceae;g__;s__[Eubacterium]_rectale	k__Bacteria;p__Bacteroidetes;c__Bacteroidia;o__Bacteroidales;f__Bacteroidaceae;g__Bacteroides;s__Bacteroides_plebeius	k__Bacteria;p__Bacteroidetes;c__Bacteroidia;o__Bacteroidales;f__Bacteroidaceae;g__Bacteroides;s__Bacteroides_fragilis	k__Bacteria;p__Proteobacteria;c__Betaproteobacteria;o__Burkholderiales;f__Sutterellaceae;g__Sutterella;s__Sutterella_wadsworthensis	k__Bacteria;p__Bacteroidetes;c__Bacteroidia;o__Bacteroidales;f__Porphyromonadaceae;g__Barnesiella;s__Barnesiella_intestinihominis	k__Bacteria;p__Bacteroidetes;c__Bacteroidia;o__Bacteroidales;f__Odoribacteraceae;g__Odoribacter;s__Odoribacter_splanchnicus	k__Bacteria;p__Bacteroidetes;c__Bacteroidia;o__Bacteroidales;f__Bacteroidaceae;g__Bacteroides;s__Bacteroides_salyersiae	k__Bacteria;p__Firmicutes;c__Clostridia;o__Clostridiales;f__Ruminococcaceae;g__Ruminiclostridium;s__[Eubacterium]_siraeum	k__Bacteria;p__Proteobacteria;c__Betaproteobacteria;o__Burkholderiales;f__Sutterellaceae;g__Parasutterella;s__Parasutterella_excrementihominis	k__Bacteria;p__Actinobacteria;c__Actinobacteria;o__Bifidobacteriales;f__Bifidobacteriaceae;g__Bifidobacterium;s__Bifidobacterium_adolescentis	k__Bacteria;p__Firmicutes;c__Clostridia;o__Clostridiales;f__Oscillospiraceae;g__Oscillibacter;s__Oscillibacter_sp._KLE_1745	k__Bacteria;p__Bacteroidetes;c__Bacteroidia;o__Bacteroidales;f__Bacteroidaceae;g__Bacteroides;s__Bacteroides_coprophilus	k__Bacteria;p__Firmicutes;c__Clostridia;o__Clostridiales;f__Lachnospiraceae;g__Roseburia;s__Roseburia_intestinalis	k__Bacteria;p__Firmicutes;c__Clostridia;o__Clostridiales;f__Lachnospiraceae;g__Roseburia;s__Roseburia_hominis	k__Bacteria;p__Bacteroidetes;c__Bacteroidia;o__Bacteroidales;f__Porphyromonadaceae;g__Parabacteroides;s__Parabacteroides_johnsonii	k__Bacteria;p__Actinobacteria;c__Actinobacteria;o__Bifidobacteriales;f__Bifidobacteriaceae;g__Bifidobacterium;s__Bifidobacterium_longum	k__Bacteria;p__Firmicutes;c__Clostridia;o__Clostridiales;f__;g__Flavonifractor;s__Flavonifractor_plautii	k__Bacteria;p__Firmicutes;c__Clostridia;o__Clostridiales;f__Clostridiaceae;g__Clostridium;s__Clostridium_phoceensis	k__Bacteria;p__Verrucomicrobia;c__Verrucomicrobiae;o__Verrucomicrobiales;f__Akkermansiaceae;g__Akkermansia;s__Akkermansia_muciniphila	k__Bacteria;p__Bacteroidetes;c__Bacteroidia;o__Bacteroidales;f__Prevotellaceae;g__Paraprevotella;s__Paraprevotella_xylaniphila	k__Bacteria;p__Firmicutes;c__Clostridia;o__Clostridiales;f__Ruminococcaceae;g__Ruminococcus;s__Ruminococcus_callidus	k__Bacteria;p__Bacteroidetes;c__Bacteroidia;o__Bacteroidales;f__Rikenellaceae;g__Alistipes;s__Alistipes_senegalensis	k__Bacteria;p__Firmicutes;c__Clostridia;o__Clostridiales;f__Lachnospiraceae;g__Blautia;s__Blautia_sp._KLE_1732	k__Bacteria;p__Bacteroidetes;c__Bacteroidia;o__Bacteroidales;f__Bacteroidaceae;g__Bacteroides;s__Bacteroides_oleiciplenus	k__Bacteria;p__Firmicutes;c__Clostridia;o__Clostridiales;f__Ruminococcaceae;g__Ruminococcus;s__Ruminococcus_bicirculans	k__Bacteria;p__Bacteroidetes;c__Bacteroidia;o__Bacteroidales;f__Bacteroidaceae;g__Bacteroides;s__Bacteroides_fluxus	k__Bacteria;p__Bacteroidetes;c__Bacteroidia;o__Bacteroidales;f__Prevotellaceae;g__Prevotella;s__Prevotella_stercorea	k__Bacteria;p__Firmicutes;c__Clostridia;o__Clostridiales;f__Lachnospiraceae;g__Dorea;s__Dorea_longicatena	k__Bacteria;p__Firmicutes;c__Clostridia;o__Clostridiales;f__Eubacteriaceae;g__Eubacterium;s__[Eubacterium]_eligens	k__Bacteria;p__Firmicutes;c__Clostridia;o__Clostridiales;f__Ruminococcaceae;g__;s__Ruminococcaceae_bacterium_D16	k__Bacteria;p__Firmicutes;c__Clostridia;o__Clostridiales;f__Lachnospiraceae;g__Coprococcus;s__Coprococcus_comes	k__Bacteria;p__Proteobacteria;c__Gammaproteobacteria;o__Enterobacterales;f__Enterobacteriaceae;g__Escherichia;s__Escherichia_coli	k__Bacteria;p__Firmicutes;c__Clostridia;o__Clostridiales;f__Ruminococcaceae;g__Anaerotruncus;s__Anaerotruncus_colihominis	k__Bacteria;p__Firmicutes;c__Clostridia;o__Clostridiales;f__Lachnospiraceae;g__Blautia;s__Blautia_obeum	k__Bacteria;p__Bacteroidetes;c__Bacteroidia;o__Bacteroidales;f__Odoribacteraceae;g__Odoribacter;s__Odoribacter_laneus	k__Bacteria;p__Firmicutes;c__Clostridia;o__Clostridiales;f__Ruminococcaceae;g__Ruminiclostridium;s__[Clostridium]_leptum	k__Bacteria;p__Bacteroidetes;c__Bacteroidia;o__Bacteroidales;f__Porphyromonadaceae;g__Parabacteroides;s__Parabacteroides_goldsteinii	k__Bacteria;p__Firmicutes;c__Clostridia;o__Clostridiales;f__Lachnospiraceae;g__Anaerostipes;s__Anaerostipes_hadrus	k__Bacteria;p__Firmicutes;c__Clostridia;o__Clostridiales;f__Ruminococcaceae;g__Ruminococcus;s__Ruminococcus_lactaris	k__Bacteria;p__Firmicutes;c__Clostridia;o__Clostridiales;f__Clostridiaceae;g__Clostridium;s__Clostridium_sp._L2-50	k__Bacteria;p__Firmicutes;c__Clostridia;o__Clostridiales;f__Clostridiaceae;g__Clostridium;s__Clostridium_sp._M62/1	k__Bacteria;p__Firmicutes;c__Clostridia;o__Clostridiales;f__;g__Intestinimonas;s__Intestinimonas_butyriciproducens	k__Bacteria;p__Actinobacteria;c__Actinobacteria;o__Bifidobacteriales;f__Bifidobacteriaceae;g__Bifidobacterium;s__Bifidobacterium_bifidum	k__Bacteria;p__Firmicutes;c__Negativicutes;o__Veillonellales;f__Veillonellaceae;g__Dialister;s__Dialister_invisus	k__Bacteria;p__Bacteroidetes;c__Bacteroidia;o__Bacteroidales;f__Bacteroidaceae;g__Bacteroides;s__Bacteroides_salanitronis
k__Bacteria;p__Bacteroidetes;c__Bacteroidia;o__Bacteroidales;f__Bacteroidaceae;g__Bacteroides;s__Bacteroides_vulgatus	1.0	-0.0334455976049	-0.00633643618896	-0.0327132467387	-0.052954150218	-0.0406600939508	-0.0448638527695	-0.0161125837362	-0.0481463620536	-0.0414153695103	0.056202245459	0.0268074746888	-0.0616376958544	0.0140429413858	0.0129697450864	-0.0259490669924	-0.0522813526091	-0.0222842589713	-0.0322103894347	0.0229036991002	-0.00443165115881	-0.0406481488438	0.0335058909372	0.0282976291495	-0.0245193025577	-0.0327591925932	-0.0276977131753	-0.0543158125735	-0.0634095606054	-0.0350102404799	-0.00372507802904	-0.033668742177	0.0212919716669	-0.00972873339179	-0.0338660217582	0.114938808465	0.0424851762407	0.0388735786156	-0.00632343957431	-0.011101505536	-0.00330693943947	0.00187230491333	0.0221971261194	0.0160461634101	0.0542454116149	0.07232964358	-0.0299394435834	-0.0228430026094	0.0179390756165	0.0616936423652	0.045563638554	0.00996896827185	0.0174799867815	-0.0517878204981	-0.0427536983198	0.000457851006018	-0.0392380681281	-0.00233985551941	0.00853662638449
k__Bacteria;p__Bacteroidetes;c__Bacteroidia;o__Bacteroidales;f__Bacteroidaceae;g__Bacteroides;s__Bacteroides_uniformis	-0.0334455976049	1.0	-0.0103929624783	-0.0227109067127	0.0472487527541	0.0278298022633	-0.041126538966	0.00767629849304	0.012986958838	-0.0173739086065	-0.0140687303387	-0.0199188543637	-0.0061414663154	-0.00715999934759	-0.0256604528529	-0.0259933596424	-0.00620350451054	-0.0413297448495	0.020071017564	0.0194208228798	-0.000714865405141	-0.0216422280938	0.050064770375	0.00760880719688	0.000209956701788	0.0361388450092	0.0118508930114	-0.00751809434073	0.091580247544	-0.0442443690038	-0.0143192306807	0.0679846349391	-0.028656760442	-0.0247975827065	-0.0266185299979	0.0267124293673	-0.0343183810525	0.0260493346459	0.0139359430806	0.0202231632383	0.0561955490552	0.0124901486209	-0.0917801955175	0.00944600927873	-0.00627389548831	-0.0413789419513	-0.0138387824423	0.0317902552898	-0.0256525103024	-0.0433505247312	-0.0210777012186	-0.0140140245227	-0.0126029551018	-0.0208139743633	0.0437804395142	-0.0845466261002	0.00596334960733	0.014611872982	0.0154552410491
k__Bacteria;p__Bacteroidetes;c__Bacteroidia;o__Bacteroidales;f__Rikenellaceae;g__Alistipes;s__Alistipes_putredinis	-0.00633643618896	-0.0103929624783	1.0	-0.023697345362	-0.0280736689382	-0.0304590056606	-0.0423071981399	-0.0469293874178	-0.011125324276	0.00287451293024	-0.0567158979756	-0.000850394863251	-0.0297815398003	-0.0520621502477	0.0224469999861	0.00461051668068	-0.0353244717655	-0.0454048801315	-0.0396756902562	0.018311093326	-0.0112447626675	-0.00488005781887	0.0405867027593	0.0299359376354	-0.00977960391485	0.0409114833309	0.000571914078806	-0.0463179195941	-0.00669642863867	0.0582771064605	-0.0181542039542	-0.0273549594851	-0.0279757428628	0.0330209356976	-0.0242926532769	0.0573998490567	0.0471566250718	-0.0701606364468	-0.00645445041381	0.0377132316021	-0.100086610445	-0.0487735176471	-0.0111064991399	0.0470748770046	0.0212558416419	0.00889771413713	-0.0235944305308	-0.000504023515838	0.0201115539823	-0.0349483147755	-0.0082323038228	-0.0211399063054	0.0278477219978	-0.0132920236438	0.0111886239646	0.0384826514096	0.00937778713701	0.0344896401566	-0.0292863811834
k__Bacteria;p__Bacteroidetes;c__Bacteroidia;o__Bacteroidales;f__Prevotellaceae;g__Prevotella;s__Prevotella_copri	-0.0327132467387	-0.0227109067127	-0.023697345362	1.0	-0.0318108479074	0.0199000154472	-0.00228467208852	0.0402168409725	-0.0138957745592	-0.0778557730149	0.0311015382819	0.00757283646681	-0.0315297554942	0.000368500120769	0.0218053141111	0.0445545751966	-0.0329115420525	-0.0228866671682	-0.00835268182451	0.0919978153772	-0.0198350468789	-0.0511229255034	-0.0490578269165	0.00276580811093	-0.036131520833	-0.029145953086	-0.0196598282923	-0.0255933657406	0.032475555318	-0.038246822734	0.0198534094538	0.00584188253321	0.0376491578811	0.0318581401791	0.0494252779887	-0.0399825615046	0.021236572221	-0.0269957481846	-0.0452781749103	-0.0109483206159	0.0692885554504	0.0168012599043	-0.0621626426394	-0.00427331203112	0.00949061577784	0.0115557621143	0.0312959842529	-0.0294624293032	0.0080826605723	0.00660754131835	-0.00481992723922	-0.0267467656472	-0.012003983449	-0.0714518884107	-0.0189297007962	0.000796436617038	-0.00339904438752	-0.0299497324305	0.0273167224106
k__Bacteria;p__Bacteroidetes;c__Bacteroidia;o__Bacteroidales;f__Bacteroidaceae;g__Bacteroides;s__Bacteroides_stercoris	-0.052954150218	0.0472487527541	-0.0280736689382	-0.0318108479074	1.0	0.00296826955553	-0.0177644826515	-0.0231675712893	0.0144694015187	0.0243592042056	-0.0153185262889	0.00886959713951	-0.0191923548183	-0.0107517168444	0.00414299621578	-0.0114004519031	0.0034591992102	-0.0354896105564	0.0180545167141	0.0122323166489	0.0344606040057	-0.0360805416368	-0.011661158538	-0.0586015168227	-0.0145890127929	-0.0404825205364	0.0221467739927	-0.0324022469304	-0.00745997310438	-0.0262923866683	0.0338638261424	-0.0518502229462	-0.00615769961481	0.021537632566	-0.0796627120808	-0.00524686001434	0.0447523042591	0.0135040425793	-0.018599090311	0.044175316763	0.00761928100055	-0.0180541061579	0.0109766358272	0.000929763743342	-0.00177717210565	0.000140570008316	0.0189849140182	0.0331180228559	-0.126915156007	-0.00662555292539	-0.00551520816621	-0.0160284094967	-0.00224307889364	-0.00971458903038	-0.0391007683366	0.0248806613175	0.000213490744339	-0.0479909839259	0.000995884880834
k__Bacteria;p__Bacteroidetes;c__Bacteroidia;o__Bacteroidales;f__Bacteroidaceae;g__Bacteroides;s__Bacteroides_ovatus	-0.0406600939508	0.0278298022633	-0.0304590056606	0.0199000154472	0.00296826955553	1.0	-0.0129469830015	-0.0817515736197	0.0374443561722	-0.0467929354985	0.00199916083255	-0.0425646830473	0.0128811984133	-0.00359534574999	-0.0340989276349	0.0145938076677	0.00911557270506	0.00149745233866	-0.0785234358515	0.00138668678777	-0.0355163887327	0.0574719763619	-0.00109375901793	0.00949650912519	0.0862379064405	-0.0344442081902	0.0243738522169	-0.0195447723719	-0.0593466875901	-0.0218684174766	-0.0557077116497	-0.0270413915882	-0.0698915345576	-0.0465532195245	-0.0042736948835	-0.0129792469056	0.0263970702243	0.0208606578136	0.0267081555638	0.0125750670626	0.0456212071194	-0.0430412867662	0.0495932988958	-0.0258965473836	-0.00923256734561	0.0240723521095	-0.0210756552761	0.0039723789778	0.0447096730974	0.0112596193973	-0.0613090691896	-0.0695380348701	-0.0289619826636	0.0176564579242	-0.0181070390597	-0.0202716836668	0.00362889486934	0.0355160739365	0.014119332846
k__Bacteria;p__Bacteroidetes;c__Bacteroidia;o__Bacteroidales;f__Rikenellaceae;g__Alistipes;s__Alistipes_shahii	-0.0448638527695	-0.041126538966	-0.0423071981399	-0.00228467208852	-0.0177644826515	-0.0129469830015	1.0	0.0178452329684	0.00977440391421	0.0423889967704	0.000291550937343	-0.0547990375882	-0.0541552472004	0.0258626183362	0.000713723951811	0.0540546037989	-0.00642123785232	0.0197909754654	0.0761724292556	0.0449259451792	0.036761238204	-0.00663951582589	0.0163024421607	0.0218364907095	-0.0232698763366	-0.0111552906709	0.0020076937674	0.0612963153821	-0.00406397545697	-0.0150047317365	0.00585466748434	-0.0754078173698	-0.0365353955364	-0.0476160226271	0.00969885414381	-0.0078689001548	-0.00810507368471	-0.0352746992143	0.0344417967587	-0.0711081139718	0.0279158622957	-0.0398844489383	-0.0188446527439	0.0346208728861	0.0191161090407	0.000743933151807	0.0226879248662	0.0231393575059	-0.00326874904273	-0.0555988262421	0.0318747794252	-0.00606087324557	0.0367211612604	0.00633830166321	0.0150293397107	0.021263210302	0.000236874584452	-0.0335249609906	0.00272726507517
k__Bacteria;p__Firmicutes;c__Clostridia;o__Clostridiales;f__Ruminococcaceae;g__Faecalibacterium;s__Faecalibacterium_prausnitzii	-0.0161125837362	0.00767629849304	-0.0469293874178	0.0402168409725	-0.0231675712893	-0.0817515736197	0.0178452329684	1.0	0.00412890660595	-0.000501331342624	0.00358047157317	0.0608389253269	-0.0388752070515	0.0314383681921	0.0459770597919	-0.0418119159301	-0.00403306711213	0.0433521669286	-0.0101429172814	-0.00141428607952	-0.0515630548653	0.0125368687895	0.00217266038573	0.0146519763731	0.0127808244457	0.00831551244127	-0.00660959536216	-0.0257464225901	0.0223908951758	0.00691172802129	0.0335180558368	0.000131886233663	0.00200109614071	-0.0766070839947	0.038303353744	-0.0940042222172	-0.0458797014076	0.0198223370973	0.0499973411548	-0.0740429913334	0.0215968881545	0.000351834124126	-0.0121061615297	-0.120614528508	0.0539394288782	-0.0194689675213	-0.014520548334	-0.0162411693587	-0.0171350132882	-0.017282239578	0.000676059558228	-0.0324313435246	-0.00398927265696	-0.0185512627937	0.0603606033229	0.0038768211671	0.0185453880866	0.0115200638465	-0.0685339173397
k__Bacteria;p__Bacteroidetes;c__Bacteroidia;o__Bacteroidales;f__Rikenellaceae;g__Alistipes;s__Alistipes_finegoldii	-0.0481463620536	0.012986958838	-0.011125324276	-0.0138957745592	0.0144694015187	0.0374443561722	0.00977440391421	0.00412890660595	1.0	-0.0337714647404	-0.0306858287563	-0.0127461827138	-0.0230122598659	-0.0234443967572	-0.046139336129	-0.0712324653992	0.00468825259633	-0.00680439458417	0.0184085866497	-0.00142079693159	0.00477221329066	0.00947665773107	0.00160481006829	7.50341761869e-06	-0.0174981388117	-0.0379353281234	0.0392070766791	0.00494601393082	-0.0581505322042	0.0133668618344	-0.0274059774932	0.0135275708706	0.00641539019398	-0.0342070534454	0.00162985365258	-0.0627764183656	0.00571770295249	0.00111771991926	-0.000236201552405	-0.00706837492051	0.0879766444264	0.000530738755507	-0.0488651743805	-0.00524299838396	-0.00790611904024	-0.000712299899135	-0.051568759582	-0.0285982400296	0.04584025805	0.0194577129471	-0.0909856247417	-0.0126183385371	-0.0491503025432	-0.0245535937366	0.0432995961466	0.023158107485	0.010411086441	-0.0230488911553	0.0155747159757
k__Bacteria;p__Bacteroidetes;c__Bacteroidia;o__Bacteroidales;f__Porphyromonadaceae;g__Parabacteroides;s__Parabacteroides_distasonis	-0.0414153695103	-0.0173739086065	0.00287451293024	-0.0778557730149	0.0243592042056	-0.0467929354985	0.0423889967704	-0.000501331342624	-0.0337714647404	1.0	-0.0631610767813	-0.0247842640662	-0.0140082573175	0.0127783716938	0.00549865901111	0.0227216843697	-0.0299628047176	-0.046969669425	0.0494426607899	-0.0304043785437	-0.0218697139772	0.0010051446279	-0.00981558390529	0.0159505420973	0.0276487021842	-0.0391661601615	0.00198244768804	0.0077036292687	0.00504032548836	-0.0352723195734	-0.028113065567	-0.0225148809597	-0.00889665388218	0.00857275934052	0.0739599982425	-0.00840097077837	0.000860741373016	0.0314228169284	-0.017372008265	-0.00668630147249	-0.0756915446258	-0.00805441158059	-0.0162433551442	-0.0488226328057	0.00799476672381	-0.0219188933059	-0.0407823141222	-0.0123090077075	-0.0175660320776	-0.00254067235888	0.0703928659538	0.0314959041991	-0.0588299487051	0.040861763504	-0.0524265459106	0.0156142375737	-0.0412545343496	-0.0550253905997	-0.0556107659663
k__Bacteria;p__Bacteroidetes;c__Bacteroidia;o__Bacteroidales;f__Bacteroidaceae;g__Bacteroides;s__Bacteroides_thetaiotaomicron	0.056202245459	-0.0140687303387	-0.0567158979756	0.0311015382819	-0.0153185262889	0.00199916083255	0.000291550937343	0.00358047157317	-0.0306858287563	-0.0631610767813	1.0	0.0504803623624	-0.0418729461245	0.0157228378358	0.0337870772905	-0.0160025896796	-0.00399182652719	-0.0673718564709	-0.0154433188671	-0.0754730002173	0.00996480099559	-0.0191123019515	0.0016881457782	0.0186324564305	-0.0206555511073	-0.00825153313612	0.0328596550398	0.0491819286854	0.0359000393148	0.0213041002526	-0.0121409076592	-0.0545119611118	-0.0104020033704	-0.00499856325028	0.0406312955751	-0.0303714970409	0.010350157614	-0.013451361864	0.0205232831405	-0.00983311204364	-0.020153731256	0.00207211579826	-0.0142073631419	0.0411043733585	-0.0174425508336	-0.0541511857608	0.011986134781	-0.0193575900233	-0.0442836520531	-0.000364827229604	-0.0177845696532	-0.0143285726458	0.0781185521693	-0.0493194154057	0.00703204064984	-0.0702247367342	-0.0581964071523	0.0317299478326	-0.0534620931096
k__Bacteria;p__Bacteroidetes;c__Bacteroidia;o__Bacteroidales;f__Bacteroidaceae;g__Bacteroides;s__Bacteroides_coprocola	0.0268074746888	-0.0199188543637	-0.000850394863251	0.00757283646681	0.00886959713951	-0.0425646830473	-0.0547990375882	0.0608389253269	-0.0127461827138	-0.0247842640662	0.0504803623624	1.0	0.0126104324981	0.00229643160924	-0.015057857536	-0.0233886014388	-0.00868992716426	0.0158117148642	0.0227172449419	-0.0119855954542	-0.0219358887134	-0.0108374265317	0.00662004171672	0.0300613082878	-0.0123895733472	0.00317375981557	-0.0825814470351	0.018662520806	-0.0480084204727	0.0122241589802	-0.0263980976273	-0.0463080224171	0.00131525129142	-0.0247546563393	-0.072488086819	-0.00963685993804	-0.021064295247	-0.0217656031094	-0.00090762645114	-0.0181717545873	-0.0181341025952	0.00695125547559	-0.0134466211769	0.014978174758	-0.0147932814333	-0.0244992960867	0.0398531297065	-0.0170219281618	-0.0415138258524	0.0260499510847	-0.0453127234045	-0.0116840173987	-0.0163469192259	-0.0167484861505	-0.0127929228345	0.0345309550927	0.00347208626413	-0.00263800812427	-0.00572555436394
k__Bacteria;p__Bacteroidetes;c__Bacteroidia;o__Bacteroidales;f__Bacteroidaceae;g__Bacteroides;s__Bacteroides_cellulosilyticus	-0.0616376958544	-0.0061414663154	-0.0297815398003	-0.0315297554942	-0.0191923548183	0.0128811984133	-0.0541552472004	-0.0388752070515	-0.0230122598659	-0.0140082573175	-0.0418729461245	0.0126104324981	1.0	0.0208108783468	0.00232787514746	-0.087121061145	0.0216687461031	-0.0312757678286	0.0303115295313	-0.0259653864313	-0.0468595638156	-0.0259549230915	-0.0182122711189	-0.00651934881722	0.0112829956798	-0.0471810884475	-0.0126665436959	-0.00343592876857	0.0168405445351	-0.0216587243621	0.0439398844541	0.0242145469681	0.0273473398137	-0.0125231568824	-0.06093021657	-0.00186086469985	0.0224497376266	-0.00530823547939	-0.0396473168081	-0.044249796912	0.0382758153047	-0.00393678520787	0.0380273842332	-0.00657099721339	-0.0461736722816	-0.0423764152175	-0.0409684651155	-0.0124170069779	0.0118116352551	-0.0264342445176	0.0234883886731	0.00572596369851	-0.00140815945095	-0.000463649539211	-0.00352060223213	0.030170288682	0.0302395192739	0.00860327542388	-0.00319101678251
k__Bacteria;p__Bacteroidetes;c__Bacteroidia;o__Bacteroidales;f__Rikenellaceae;g__Alistipes;s__Alistipes_obesi	0.0140429413858	-0.00715999934759	-0.0520621502477	0.000368500120769	-0.0107517168444	-0.00359534574999	0.0258626183362	0.0314383681921	-0.0234443967572	0.0127783716938	0.0157228378358	0.00229643160924	0.0208108783468	1.0	-0.00614509684656	0.000934333668029	0.00524891107705	0.0115668834827	-0.0507555124899	0.0675958860964	-0.00186536339754	0.0183021770586	-0.0153798713339	0.0273282632305	-0.00893963165828	-0.0320399846055	-0.0319849060858	0.00214348517226	-0.0334344352357	0.0278449690507	-0.0639104100671	0.0506711356592	0.00103978754763	-0.00393650931902	-0.0438711219953	0.054151484779	-0.00441861480282	-0.0846917865162	-0.00994915393194	0.0196055840079	-0.0181422917003	-0.0581540712187	0.00454276426988	-0.00594783466109	-0.00762340955592	-0.00172053043219	-0.0100607473634	0.0466969627366	-0.063705779525	0.0220060615321	0.0466330196297	-0.057793629837	-0.0148027566712	-0.0198966675696	0.0157464094827	-0.0921913432415	-0.0321585221527	-0.011250468753	-0.0386118208444
k__Bacteria;p__Firmicutes;c__Clostridia;o__Clostridiales;f__Lachnospiraceae;g__;s__[Eubacterium]_rectale	0.0129697450864	-0.0256604528529	0.0224469999861	0.0218053141111	0.00414299621578	-0.0340989276349	0.000713723951811	0.0459770597919	-0.046139336129	0.00549865901111	0.0337870772905	-0.015057857536	0.00232787514746	-0.00614509684656	1.0	0.02809386225	0.00666495213294	-0.037407233317	0.0263397190591	0.0692549050044	-0.0449284117694	-0.0648754329378	-0.0748536173212	0.0390688182728	-0.0326891640954	-0.00873625177096	-0.0186061834358	0.0128854136101	0.00982289328846	0.0461227276415	-0.037046203935	0.0316785447349	-0.0195755073194	-0.00785021837904	-0.0825166954241	-0.0405909976671	0.0128176496989	-0.0205815291635	-0.0411803121557	-0.0319153936033	0.0156608496904	-0.0139699733724	0.0236984518962	-0.0201372976618	-0.0254385320459	0.025986677823	-0.017472330803	-0.0608905019944	0.0247076995242	0.0271418858193	-0.0350455691075	-0.0157561550705	0.0154567187588	-0.00091272961873	-0.0264669827068	0.0383164224799	-0.0186020455858	0.0205024721061	0.0190287023409
k__Bacteria;p__Bacteroidetes;c__Bacteroidia;o__Bacteroidales;f__Bacteroidaceae;g__Bacteroides;s__Bacteroides_plebeius	-0.0259490669924	-0.0259933596424	0.00461051668068	0.0445545751966	-0.0114004519031	0.0145938076677	0.0540546037989	-0.0418119159301	-0.0712324653992	0.0227216843697	-0.0160025896796	-0.0233886014388	-0.087121061145	0.000934333668028	0.02809386225	1.0	-0.00531770666967	0.0429957913314	0.0691941926833	-0.0141463181536	0.0529878472533	-0.0407512785079	0.00596596893542	0.0422501396121	-0.0150479453762	-0.0270804706186	-0.0222497991971	0.0213716384772	0.00265706553942	0.00128426606829	-0.0466806125555	-0.0384655107056	0.0425211693364	-0.0216431939223	0.0191742634324	-0.0115771866416	-0.0208669613653	0.0389946412957	0.0438302912984	0.0431116167803	0.0235999779423	0.0458462512798	-0.0237899322836	-0.0637276497239	-0.0591419580826	-0.0103538500107	0.0160177706059	-0.0434868707125	-0.0538762625772	-0.0322686574056	-0.0413345575291	-0.070259036244	0.0151948455874	-0.0186488636628	-0.0204564330649	4.89947440103e-05	0.0176964517698	0.010144249676	0.0101527905204
k__Bacteria;p__Bacteroidetes;c__Bacteroidia;o__Bacteroidales;f__Bacteroidaceae;g__Bacteroides;s__Bacteroides_fragilis	-0.0522813526091	-0.00620350451054	-0.0353244717655	-0.0329115420525	0.0034591992102	0.00911557270506	-0.00642123785232	-0.00403306711213	0.00468825259633	-0.0299628047176	-0.00399182652719	-0.00868992716426	0.0216687461031	0.00524891107705	0.00666495213294	-0.00531770666967	1.0	-0.00497691761421	-0.0641015240903	0.0267395477851	0.0252076503712	-0.00406812223625	0.0087089367408	-0.0246684255508	-0.00058632494569	-0.0359315055755	-0.0287725780933	0.00211474730217	0.00555638523462	0.0190110546428	0.00969982501128	0.00686004027047	0.00398013304478	0.0104012928069	-0.0580953440941	0.00149375026919	0.0181111445587	-0.043957762934	0.00793450326487	-0.00475039753907	-0.00432260630774	-0.019984517028	0.00442813541767	-0.0404159187952	-0.00221776738406	0.0173274669188	-0.0324392187168	0.0196119790812	-0.038484227146	-0.0165438429603	0.0282138844077	0.0224907883081	-0.0460562111704	0.0163504279449	-0.0320114463646	0.0531456795263	-0.0120565132886	-0.00435267207317	-0.0367652962825
k__Bacteria;p__Proteobacteria;c__Betaproteobacteria;o__Burkholderiales;f__Sutterellaceae;g__Sutterella;s__Sutterella_wadsworthensis	-0.0222842589713	-0.0413297448495	-0.0454048801315	-0.0228866671682	-0.0354896105564	0.00149745233866	0.0197909754654	0.0433521669286	-0.00680439458417	-0.046969669425	-0.0673718564709	0.0158117148642	-0.0312757678286	0.0115668834827	-0.037407233317	0.0429957913314	-0.00497691761421	1.0	-0.00900472614823	-0.063732806619	-0.0151505265546	0.0463174415654	-0.0289615570355	0.0295590978625	-0.0589775012422	-0.0330092236117	-0.0217718935279	-0.0300115515719	-0.0295848047789	0.0711476153609	-7.01610384801e-05	-0.0118763337195	-0.0244409177581	-0.00943178067325	0.0267378564433	0.0118985580544	0.0629176848488	-0.0145266721004	-0.0310112882599	-0.0282921314943	0.0290093578123	0.0113330258234	-0.000873254026595	0.00470608731177	0.0204284084587	-0.105114133209	0.00780728450015	-0.0194609160742	-0.0170660204108	-0.0548231586146	-0.019444328001	-0.00847905459585	-0.0525176056373	-0.0844338408117	-0.0398403747256	-0.00994224777677	-0.0415675079324	0.0357809538427	0.016208457167
k__Bacteria;p__Bacteroidetes;c__Bacteroidia;o__Bacteroidales;f__Porphyromonadaceae;g__Barnesiella;s__Barnesiella_intestinihominis	-0.0322103894347	0.020071017564	-0.0396756902562	-0.00835268182451	0.0180545167141	-0.0785234358515	0.0761724292556	-0.0101429172814	0.0184085866497	0.0494426607899	-0.0154433188671	0.0227172449419	0.0303115295313	-0.0507555124899	0.0263397190591	0.0691941926833	-0.0641015240903	-0.00900472614823	1.0	-0.0156299768736	0.0359523671685	-0.00517429192616	-0.0168425969497	0.0101570833526	0.0219336077442	-0.0610678575745	0.016692138057	-0.00766337687477	0.0103932242405	0.0030912162712	0.0100685496717	0.0587026170189	0.00439272230801	0.00629144451445	-0.00561972783807	-0.0614732767051	-0.0225735173762	0.0155626888786	-0.026517910434	0.0465228714135	-0.0063545028172	-0.0048834808687	-0.00725572013152	-0.0858273914119	-0.0278141856643	0.0163591715514	-0.00168446061331	0.0248660899463	-0.00142078976245	-0.00408304092304	0.0371111544252	-0.0297356476023	0.0173827430994	0.012814284433	0.0200303359414	-0.00711948523411	0.00673785565621	-0.0234811830258	-0.0109405659897
k__Bacteria;p__Bacteroidetes;c__Bacteroidia;o__Bacteroidales;f__Odoribacteraceae;g__Odoribacter;s__Odoribacter_splanchnicus	0.0229036991002	0.0194208228798	0.018311093326	0.0919978153772	0.0122323166489	0.00138668678777	0.0449259451792	-0.00141428607952	-0.00142079693159	-0.0304043785437	-0.0754730002173	-0.0119855954542	-0.0259653864313	0.0675958860964	0.0692549050044	-0.0141463181536	0.0267395477851	-0.063732806619	-0.0156299768736	1.0	-0.0619907645525	-0.008843673561	0.00802523930588	0.00161207506221	0.00447455088214	-0.0119747366047	0.0184132663422	-0.00566160564206	-0.0484318713016	0.00044942411186	-0.0543537093342	-0.025465456991	0.0197935264211	0.0450818725688	-0.0104490756933	-0.0288962042955	0.0106335253964	-0.0158647580105	-0.0132277711073	-0.0033774720927	-0.00766336729476	-0.0428929602235	-0.020778606052	-0.041519736993	0.0156510923462	-0.0598004158436	0.00884316994237	-0.0446623184792	-0.0582911821775	0.00224823150314	0.00526322586389	-0.0260738297421	0.0218092178768	0.0290157835933	-0.0394392104877	-0.000759419525071	-0.0647245008921	-0.0326819077145	-0.0332473543875
k__Bacteria;p__Bacteroidetes;c__Bacteroidia;o__Bacteroidales;f__Bacteroidaceae;g__Bacteroides;s__Bacteroides_salyersiae	-0.00443165115881	-0.000714865405141	-0.0112447626675	-0.0198350468789	0.0344606040057	-0.0355163887327	0.036761238204	-0.0515630548653	0.00477221329066	-0.0218697139772	0.00996480099559	-0.0219358887134	-0.0468595638156	-0.00186536339755	-0.0449284117694	0.0529878472533	0.0252076503712	-0.0151505265546	0.0359523671685	-0.0619907645525	1.0	-0.00882823073778	-0.0474011357081	0.058252210829	-0.0175076700645	-0.0158532683634	0.0324507095836	0.0115498924401	0.0092054933863	-0.0424527801754	0.0174287735198	-0.041818824078	-0.0113857873409	0.0117916181204	0.00819669084435	-0.0380093412083	-0.018478297023	0.0150256878015	-0.04891932536	-0.0375021431266	-0.0147988298928	-0.0309767462629	-0.0415766164635	0.0715393109569	-0.0127856295273	0.0030340436132	-0.076867300478	-0.019445420007	-0.0390191203791	-0.00847828489226	0.0580207697816	-0.0325391868781	-0.0339946365779	-0.0694536417431	0.00173012145361	-0.0406051806541	0.0133401394949	-0.0984358407857	-0.0233862935081
k__Bacteria;p__Firmicutes;c__Clostridia;o__Clostridiales;f__Ruminococcaceae;g__Ruminiclostridium;s__[Eubacterium]_siraeum	-0.0406481488438	-0.0216422280938	-0.00488005781887	-0.0511229255034	-0.0360805416368	0.0574719763619	-0.00663951582589	0.0125368687895	0.00947665773107	0.0010051446279	-0.0191123019515	-0.0108374265317	-0.0259549230915	0.0183021770586	-0.0648754329378	-0.0407512785079	-0.00406812223625	0.0463174415654	-0.00517429192616	-0.008843673561	-0.00882823073778	1.0	0.0253317050466	-0.0420042742536	-0.00699618064501	0.00558162663233	-0.0502227412448	0.0095375266911	0.00521796445625	-0.0246202327562	-0.011521264137	0.0175446705524	-0.0236884558269	0.00555701873219	0.0769440568528	-0.0115636569699	-0.0669906847842	-0.0376002301175	0.00401147504544	-0.0107798528429	-0.000655681133531	-0.0190515219885	0.023201168398	0.00335923662557	-0.010161398127	0.0139535820313	-0.000114424489921	-0.023508200993	0.0145804514551	-0.0475995370982	0.0134978452838	0.00559166041851	-0.0403530567525	-0.00916729052027	-0.00131948037994	-0.0335563691051	-0.0260290036077	0.0367561037977	0.0526337852595
k__Bacteria;p__Proteobacteria;c__Betaproteobacteria;o__Burkholderiales;f__Sutterellaceae;g__Parasutterella;s__Parasutterella_excrementihominis	0.0335058909372	0.050064770375	0.0405867027593	-0.0490578269165	-0.011661158538	-0.00109375901793	0.0163024421607	0.00217266038573	0.00160481006829	-0.00981558390529	0.0016881457782	0.00662004171672	-0.0182122711189	-0.0153798713339	-0.0748536173212	0.00596596893542	0.0087089367408	-0.0289615570355	-0.0168425969497	0.00802523930588	-0.0474011357081	0.0253317050466	1.0	0.025671487865	0.0268508066002	-0.01032980069	0.0207410135576	0.0117585924985	-0.0556785749983	0.0313151330379	0.00876605148347	-0.0269238512975	-0.0188784751415	-0.0288523580343	-0.0536641446149	0.00135148949624	0.019564768843	-0.0515484441101	-0.0243237510384	0.0234378896879	-0.0140476191929	0.00757163452978	-0.078110147526	-0.00333033773341	0.00949172717922	-0.00059676809057	0.00841232049285	-0.00716918881699	-0.0399183145673	0.0108453090811	-0.0244798473141	0.056621218436	0.0354105465813	0.0416056955141	0.0439295372195	-0.0308825908191	-0.0228340748271	-0.0624360955915	-0.0377353579379
k__Bacteria;p__Actinobacteria;c__Actinobacteria;o__Bifidobacteriales;f__Bifidobacteriaceae;g__Bifidobacterium;s__Bifidobacterium_adolescentis	0.0282976291495	0.00760880719688	0.0299359376354	0.00276580811093	-0.0586015168227	0.00949650912519	0.0218364907095	0.0146519763731	7.50341761869e-06	0.0159505420973	0.0186324564305	0.0300613082878	-0.00651934881722	0.0273282632305	0.0390688182728	0.0422501396121	-0.0246684255508	0.0295590978625	0.0101570833526	0.00161207506221	0.058252210829	-0.0420042742536	0.025671487865	1.0	-0.0589649125861	-0.0389783905005	0.0441178994275	-0.0188673998661	0.0226929095796	-0.00343679526879	-0.0240497834334	-0.0644988298645	-0.00862003845153	-0.0486988046361	-0.0394346392097	-0.0544932515889	-0.0286449445704	0.00648507621612	-0.0335900693965	-0.00742235711847	-0.0574142701666	-0.0447384853126	-0.0110824076097	0.00817731104022	-0.00936063766369	-0.0636942882635	-0.0538106999264	0.00547553558342	0.0649830981947	-0.0631496105267	-0.00695577771862	-0.0372211516077	-0.0482748924894	0.0233041443583	0.0173710746452	-0.031722945954	-0.050601574478	0.027207965173	0.0262099101724
k__Bacteria;p__Firmicutes;c__Clostridia;o__Clostridiales;f__Oscillospiraceae;g__Oscillibacter;s__Oscillibacter_sp._KLE_1745	-0.0245193025577	0.000209956701788	-0.00977960391485	-0.036131520833	-0.0145890127929	0.0862379064405	-0.0232698763366	0.0127808244457	-0.0174981388117	0.0276487021842	-0.0206555511073	-0.0123895733472	0.0112829956798	-0.00893963165828	-0.0326891640954	-0.0150479453762	-0.00058632494569	-0.0589775012422	0.0219336077442	0.00447455088214	-0.0175076700645	-0.00699618064501	0.0268508066002	-0.0589649125861	1.0	-0.00691119136821	0.00372461520082	0.0167416108615	0.0278614444776	-0.00230157639206	-0.0367517595992	0.0489675799573	0.0185836607018	-0.0285490948949	-0.00535852509582	0.00412058605912	-0.0283470402104	-0.0141842169645	0.0189325791113	-0.0440722359194	0.0245381900075	0.00987580529488	-0.0477154733278	-0.0377058306381	0.0275297632884	-0.0852210863314	-0.0228779407457	-0.0225545518988	-0.0191087626199	-0.0223580482649	-0.02467718398	0.0602021335851	0.00516377271675	-0.0193193960294	0.00869144351336	0.00068365209173	-0.0355787199172	0.0156106895207	-0.05776616223
k__Bacteria;p__Bacteroidetes;c__Bacteroidia;o__Bacteroidales;f__Bacteroidaceae;g__Bacteroides;s__Bacteroides_coprophilus	-0.0327591925932	0.0361388450092	0.0409114833309	-0.029145953086	-0.0404825205364	-0.0344442081902	-0.0111552906709	0.00831551244127	-0.0379353281234	-0.0391661601615	-0.00825153313612	0.00317375981557	-0.0471810884475	-0.0320399846055	-0.00873625177096	-0.0270804706186	-0.0359315055755	-0.0330092236117	-0.0610678575745	-0.0119747366047	-0.0158532683634	0.00558162663233	-0.01032980069	-0.0389783905005	-0.00691119136821	1.0	0.0468855615448	-0.0407809228484	0.0301842105022	-0.0415522296514	0.0042759551665	-0.00382436150275	0.0159634443767	-0.0245122933068	0.0291852989913	-0.0411360278161	-0.0562523729444	0.049556210535	0.0334191557669	-0.0302259642714	0.0146795255059	-0.0235699300304	-0.0133889884208	0.00922520694792	0.011684465246	-0.00669388092839	0.0457346184323	-0.00106901315867	-0.0235729619681	0.00658346679014	-0.0139181868557	0.0309916402907	-0.0340813240239	0.00520023275018	0.0104567339002	0.000893777140785	0.0582879394741	-0.0515207812426	0.0117521172899
k__Bacteria;p__Firmicutes;c__Clostridia;o__Clostridiales;f__Lachnospiraceae;g__Roseburia;s__Roseburia_intestinalis	-0.0276977131753	0.0118508930114	0.000571914078806	-0.0196598282923	0.0221467739927	0.0243738522169	0.0020076937674	-0.00660959536216	0.0392070766791	0.00198244768804	0.0328596550398	-0.0825814470351	-0.0126665436959	-0.0319849060858	-0.0186061834358	-0.0222497991971	-0.0287725780933	-0.0217718935279	0.016692138057	0.0184132663422	0.0324507095836	-0.0502227412448	0.0207410135576	0.0441178994275	0.00372461520082	0.0468855615448	1.0	-0.0252342667944	-0.0611107465482	0.00590376733437	-0.00642606997748	-0.00117982045428	0.0248672107526	0.0323851157791	0.0230406537836	0.00969545954746	0.0190495069643	-0.0112634250205	-0.0224497071058	-0.0204919674061	0.00179327249864	-0.0429433472172	-0.00777854426785	-0.102119507009	-0.0417599060144	-0.0712333464957	-0.0197487924165	0.0367978206733	-0.0337739860221	0.0394780867413	0.0151646948873	-0.114666033511	-0.0414061253703	-0.00869252434599	0.0156574620734	0.0285663142091	0.0402383528811	0.0126678384868	-0.0575046587301
k__Bacteria;p__Firmicutes;c__Clostridia;o__Clostridiales;f__Lachnospiraceae;g__Roseburia;s__Roseburia_hominis	-0.0543158125735	-0.00751809434073	-0.0463179195941	-0.0255933657406	-0.0324022469304	-0.0195447723719	0.0612963153821	-0.0257464225901	0.00494601393082	0.0077036292687	0.0491819286854	0.018662520806	-0.00343592876857	0.00214348517226	0.0128854136101	0.0213716384772	0.00211474730217	-0.0300115515719	-0.00766337687477	-0.00566160564206	0.0115498924401	0.0095375266911	0.0117585924985	-0.0188673998661	0.0167416108615	-0.0407809228484	-0.0252342667944	1.0	-0.0027746666368	0.0440666308442	0.0449817589312	0.0253594443096	-0.062563437674	0.0151527495091	0.067970203431	-0.00455050526036	-0.061495713623	-0.0378600013021	-0.0208928461752	0.012821517377	-0.0245391698387	0.017230585943	-0.0099634631207	-0.0231853745604	0.00177833393162	-0.0573979698879	0.00553473383814	0.0849370556924	-0.019335260207	0.0192830137672	-0.02596840403	-0.0261384685327	-0.0172057238206	-0.0230085619891	0.0347060698054	-0.00722944964108	-0.0439577997385	-0.0597117130225	0.0116751553087
k__Bacteria;p__Bacteroidetes;c__Bacteroidia;o__Bacteroidales;f__Porphyromonadaceae;g__Parabacteroides;s__Parabacteroides_johnsonii	-0.0634095606054	0.091580247544	-0.00669642863867	0.032475555318	-0.00745997310438	-0.0593466875901	-0.00406397545697	0.0223908951758	-0.0581505322042	0.00504032548836	0.0359000393148	-0.0480084204727	0.0168405445351	-0.0334344352357	0.00982289328846	0.00265706553942	0.00555638523462	-0.0295848047789	0.0103932242405	-0.0484318713016	0.0092054933863	0.00521796445625	-0.0556785749983	0.0226929095796	0.0278614444776	0.0301842105022	-0.0611107465482	-0.0027746666368	1.0	0.0150507502647	-0.0360966445755	-0.0182035678939	0.0342338087626	-0.0195574119541	0.0120354806665	0.045987846321	-0.000150925482759	-0.0512904183082	0.0271563727018	-0.0318419443129	-0.0143500724699	-0.0123805718124	-0.0310156100776	-0.0194571068638	-0.0223568429856	0.0198616512636	-0.0483436618557	-0.055096015248	0.000236586972105	-0.0110851806356	0.0177743240422	0.0393854897933	0.0124209902323	-0.0451364341311	0.0279544462923	-0.00740010405583	-0.0617508956766	-0.0442779753213	-0.026074023731
k__Bacteria;p__Actinobacteria;c__Actinobacteria;o__Bifidobacteriales;f__Bifidobacteriaceae;g__Bifidobacterium;s__Bifidobacterium_longum	-0.0350102404799	-0.0442443690038	0.0582771064605	-0.038246822734	-0.0262923866683	-0.0218684174766	-0.0150047317365	0.00691172802129	0.0133668618344	-0.0352723195734	0.0213041002526	0.0122241589802	-0.0216587243621	0.0278449690507	0.0461227276415	0.00128426606829	0.0190110546428	0.0711476153609	0.0030912162712	0.00044942411186	-0.0424527801754	-0.0246202327562	0.0313151330379	-0.00343679526879	-0.00230157639206	-0.0415522296514	0.00590376733437	0.0440666308442	0.0150507502647	1.0	-0.0861848848682	-0.00510536135018	-0.0451750543229	0.0227378316988	-0.00143900568061	-0.0859977720014	-0.0172462958493	0.00387181234059	-0.0517358300682	-0.0312119271974	-0.0214002350806	0.00687001325228	0.0291230990876	-0.0209268154261	0.0134698054805	-0.064742048169	-0.00488725672413	0.0316112782607	0.023571814227	0.0164839899055	-0.0702103789628	0.0036037603367	0.0160416977874	0.0407553750703	-0.00730866989198	-0.0334675779531	0.00544161042913	0.00764344045772	-0.0450619907028
