#taxonomy	k__Bacteria;p__Bacteroidetes;c__Bacteroidia;o__Bacteroidales;f__Bacteroidaceae;g__Bacteroides;s__Bacteroides_vulgatus	k__Bacteria;p__Bacteroidetes;c__Bacteroidia;o__Bacteroidales;f__Bacteroidaceae;g__Bacteroides;s__Bacteroides_uniformis	k__Bacteria;p__Bacteroidetes;c__Bacteroidia;o__Bacteroidales;f__Rikenellaceae;g__Alistipes;s__Alistipes_putredinis	k__Bacteria;p__Bacteroidetes;c__Bacteroidia;o__Bacteroidales;f__Prevotellaceae;g__Prevotella;s__Prevotella_copri	k__Bacteria;p__Bacteroidetes;c__Bacteroidia;o__Bacteroidales;f__Bacteroidaceae;g__Bacteroides;s__Bacteroides_stercoris	k__Bacteria;p__Bacteroidetes;c__Bacteroidia;o__Bacteroidales;f__Bacteroidaceae;g__Bacteroides;s__Bacteroides_ovatus	k__Bacteria;p__Bacteroidetes;c__Bacteroidia;o__Bacteroidales;f__Rikenellaceae;g__Alistipes;s__Alistipes_shahii	k__Bacteria;p__Firmicutes;c__Clostridia;o__Clostridiales;f__Ruminococcaceae;g__Faecalibacterium;s__Faecalibacterium_prausnitzii	k__Bacteria;p__Bacteroidetes;c__Bacteroidia;o__Bacteroidales;f__Rikenellaceae;g__Alistipes;s__Alistipes_finegoldii	k__Bacteria;p__Bacteroidetes;c__Bacteroidia;o__Bacteroidales;f__Porphyromonadaceae;g__Parabacteroides;s__Parabacteroides_distasonis	k__Bacteria;p__Bacteroidetes;c__Bacteroidia;o__Bacteroidales;f__Bacteroidaceae;g__Bacteroides;s__Bacteroides_thetaiotaomicron	k__Bacteria;p__Bacteroidetes;c__Bacteroidia;o__Bacteroidales;f__Bacteroidaceae;g__Bacteroides;s__Bacteroides_coprocola	k__Bacteria;p__Bacteroidetes;c__Bacteroidia;o__Bacteroidales;f__Bacteroidaceae;g__Bacteroides;s__Bacteroides_cellulosilyticus	k__Bacteria;p__Bacteroidetes;c__Bacteroidia;o__Bacteroidales;f__Rikenellaceae;g__Alistipes;s__Alistipes_obesi	k__Bacteria;p__Firmicutes;c__Clostridia;o__Clostridiales;f__Lachnospiraceae;g__;s__[Eubacterium]_rectale	k__Bacteria;p__Bacteroidetes;c__Bacteroidia;o__Bacteroidales;f__Bacteroidaceae;g__Bacteroides;s__Bacteroides_plebeius	k__Bacteria;p__Bacteroidetes;c__Bacteroidia;o__Bacteroidales;f__Bacteroidaceae;g__Bacteroides;s__Bacteroides_fragilis	k__Bacteria;p__Proteobacteria;c__Betaproteobacteria;o__Burkholderiales;f__Sutterellaceae;g__Sutterella;s__Sutterella_wadsworthensis	k__Bacteria;p__Bacteroidetes;c__Bacteroidia;o__Bacteroidales;f__Porphyromonadaceae;g__Barnesiella;s__Barnesiella_intestinihominis	k__Bacteria;p__Bacteroidetes;c__Bacteroidia;o__Bacteroidales;f__Odoribacteraceae;g__Odoribacter;s__Odoribacter_splanchnicus	k__Bacteria;p__Bacteroidetes;c__Bacteroidia;o__Bacteroidales;f__Bacteroidaceae;g__Bacteroides;s__Bacteroides_salyersiae	k__Bacteria;p__Firmicutes;c__Clostridia;o__Clostridiales;f__Ruminococcaceae;g__Ruminiclostridium;s__[Eubacterium]_siraeum	k__Bacteria;p__Proteobacteria;c__Betaproteobacteria;o__Burkholderiales;f__Sutterellaceae;g__Parasutterella;s__Parasutterella_excrementihominis	k__Bacteria;p__Actinobacteria;c__Actinobacteria;o__Bifidobacteriales;f__Bifidobacteriaceae;g__Bifidobacterium;s__Bifidobacterium_adolescentis	k__Bacteria;p__Firmicutes;c__Clostridia;o__Clostridiales;f__Oscillospiraceae;g__Oscillibacter;s__Oscillibacter_sp._KLE_1745	k__Bacteria;p__Bacteroidetes;c__Bacteroidia;o__Bacteroidales;f__Bacteroidaceae;g__Bacteroides;s__Bacteroides_coprophilus	k__Bacteria;p__Firmicutes;c__Clostridia;o__Clostridiales;f__Lachnospiraceae;g__Roseburia;s__Roseburia_intestinalis	k__Bacteria;p__Firmicutes;c__Clostridia;o__Clostridiales;f__Lachnospiraceae;g__Roseburia;s__Roseburia_hominis	k__Bacteria;p__Bacteroidetes;c__Bacteroidia;o__Bacteroidales;f__Porphyromonadaceae;g__Parabacteroides;s__Parabacteroides_johnsonii	k__Bacteria;p__Actinobacteria;c__Actinobacteria;o__Bifidobacteriales;f__Bifidobacteriaceae;g__Bifidobacterium;s__Bifidobacterium_longum	k__Bacteria;p__Firmicutes;c__Clostridia;o__Clostridiales;f__;g__Flavonifractor;s__Flavonifractor_plautii	k__Bacteria;p__Firmicutes;c__Clostridia;o__Clostridiales;f__Clostridiaceae;g__Clostridium;s__Clostridium_phoceensis	k__Bacteria;p__Verrucomicrobia;c__Verrucomicrobiae;o__Verrucomicrobiales;f__Akkermansiaceae;g__Akkermansia;s__Akkermansia_muciniphila	k__Bacteria;p__Bacteroidetes;c__Bacteroidia;o__Bacteroidales;f__Prevotellaceae;g__Paraprevotella;s__Paraprevotella_xylaniphila	k__Bacteria;p__Firmicutes;c__Clostridia;o__Clostridiales;f__Ruminococcaceae;g__Ruminococcus;s__Ruminococcus_callidus	k__Bacteria;p__Bacteroidetes;c__Bacteroidia;o__Bacteroidales;f__Rikenellaceae;g__Alistipes;s__Alistipes_senegalensis	k__Bacteria;p__Firmicutes;c__Clostridia;o__Clostridiales;f__Lachnospiraceae;g__Blautia;s__Blautia_sp._KLE_1732	k__Bacteria;p__Bacteroidetes;c__Bacteroidia;o__Bacteroidales;f__Bacteroidaceae;g__Bacteroides;s__Bacteroides_oleiciplenus	k__Bacteria;p__Firmicutes;c__Clostridia;o__Clostridiales;f__Ruminococcaceae;g__Ruminococcus;s__Ruminococcus_bicirculans	k__Bacteria;p__Bacteroidetes;c__Bacteroidia;o__Bacteroidales;f__Bacteroidaceae;g__Bacteroides;s__Bacteroides_fluxus	k__Bacteria;p__Bacteroidetes;c__Bacteroidia;o__Bacteroidales;f__Prevotellaceae;g__Prevotella;s__Prevotella_stercorea	k__Bacteria;p__Firmicutes;c__Clostridia;o__Clostridiales;f__Lachnospiraceae;g__Dorea;s__Dorea_longicatena	k__Bacteria;p__Firmicutes;c__Clostridia;o__Clostridiales;f__Eubacteriaceae;g__Eubacterium;s__[Eubacterium]_eligens	k__Bacteria;p__Firmicutes;c__Clostridia;o__Clostridiales;f__Ruminococcaceae;g__;s__Ruminococcaceae_bacterium_D16	k__Bacteria;p__Firmicutes;c__Clostridia;o__Clostridiales;f__Lachnospiraceae;g__Coprococcus;s__Coprococcus_comes	k__Bacteria;p__Proteobacteria;c__Gammaproteobacteria;o__Enterobacterales;f__Enterobacteriaceae;g__Escherichia;s__Escherichia_coli	k__Bacteria;p__Firmicutes;c__Clostridia;o__Clostridiales;f__Ruminococcaceae;g__Anaerotruncus;s__Anaerotruncus_colihominis	k__Bacteria;p__Firmicutes;c__Clostridia;o__Clostridiales;f__Lachnospiraceae;g__Blautia;s__Blautia_obeum	k__Bacteria;p__Bacteroidetes;c__Bacteroidia;o__Bacteroidales;f__Odoribacteraceae;g__Odoribacter;s__Odoribacter_laneus	k__Bacteria;p__Firmicutes;c__Clostridia;o__Clostridiales;f__Ruminococcaceae;g__Ruminiclostridium;s__[Clostridium]_leptum	k__Bacteria;p__Bacteroidetes;c__Bacteroidia;o__Bacteroidales;f__Porphyromonadaceae;g__Parabacteroides;s__Parabacteroides_goldsteinii	k__Bacteria;p__Firmicutes;c__Clostridia;o__Clostridiales;f__Lachnospiraceae;g__Anaerostipes;s__Anaerostipes_hadrus	k__Bacteria;p__Firmicutes;c__Clostridia;o__Clostridiales;f__Ruminococcaceae;g__Ruminococcus;s__Ruminococcus_lactaris	k__Bacteria;p__Firmicutes;c__Clostridia;o__Clostridiales;f__Clostridiaceae;g__Clostridium;s__Clostridium_sp._L2-50	k__Bacteria;p__Firmicutes;c__Clostridia;o__Clostridiales;f__Clostridiaceae;g__Clostridium;s__Clostridium_sp._M62/1	k__Bacteria;p__Firmicutes;c__Clostridia;o__Clostridiales;f__;g__Intestinimonas;s__Intestinimonas_butyriciproducens	k__Bacteria;p__Actinobacteria;c__Actinobacteria;o__Bifidobacteriales;f__Bifidobacteriaceae;g__Bifidobacterium;s__Bifidobacterium_bifidum	k__Bacteria;p__Firmicutes;c__Negativicutes;o__Veillonellales;f__Veillonellaceae;g__Dialister;s__Dialister_invisus	k__Bacteria;p__Bacteroidetes;c__Bacteroidia;o__Bacteroidales;f__Bacteroidaceae;g__Bacteroides;s__Bacteroides_salanitronis
k__Bacteria;p__Bacteroidetes;c__Bacteroidia;o__Bacteroidales;f__Bacteroidaceae;g__Bacteroides;s__Bacteroides_vulgatus	1.0	0.00998005912098	0.0223349117762	0.00578343784657	0.00909411013953	-0.00759817624363	0.00239542353677	0.0235770303609	-0.00322029424971	0.0303234537217	0.0361797733129	0.0354326062917	-0.0216664636914	0.0626469587797	-0.0183048733752	-0.0398923770885	0.035011197524	0.0349851306772	-0.00747216081155	-0.00757363675335	-0.0480494170185	-0.025449248934	0.0158728096482	0.0576235270463	-0.0124877884556	0.0650067206192	-0.064339767559	0.0275259918014	-0.0204035963813	-0.0450052043999	0.0174679975297	0.0295784839501	-0.00463224156226	-0.0602758097141	-0.0619673785982	-0.0591133856251	-0.00360797779913	-0.014782132697	-0.032462015648	-0.0200144144099	0.010960946273	0.0269464975301	-0.0080573637506	0.00646030373676	0.015850750893	-0.0179090850715	0.0118121972174	-0.0212794526559	0.0203734430543	-0.0104417640601	-0.0433281491898	-0.117209511494	-0.00717532355287	0.034995791405	-0.00797062881488	-0.0422014405758	-0.0176627909174	-0.0353896348928	-0.0436766509164
k__Bacteria;p__Bacteroidetes;c__Bacteroidia;o__Bacteroidales;f__Bacteroidaceae;g__Bacteroides;s__Bacteroides_uniformis	0.00998005912098	1.0	-0.0251174344487	0.00681070208172	-0.00967619904972	0.00714856033809	-0.00129838417595	0.0640983234113	-0.0327624366727	0.0159058922611	0.00628012275059	-0.00316243592857	-0.0259505555273	-0.0314621440784	-0.0132111108343	0.0232883168981	-0.00363197472039	0.0104353315426	0.0140971512122	-0.0617548557794	-0.0103753005107	0.0332222687714	-0.00263996681487	-0.0325448767155	-0.0148829935398	-0.00744815940988	-0.0373754928832	-0.0426298246314	0.0562500327036	-0.0374540081167	0.0243221101664	-0.00964988976077	-0.0113543656354	-0.0163250580821	-0.0525446402201	-0.0194404772492	0.0252190252129	-0.0280813987302	0.0119850154446	-0.0519079670396	0.00538776848757	-0.0275420389301	-0.00464840808643	0.0172546195233	-0.00149834077402	0.0340257673463	-0.0162249213996	-0.0322641910802	-0.00206520871997	0.00894165075492	-0.0391149916777	-0.0660631151509	-0.0110775238001	0.0141954749564	-0.00627915180398	-0.000396830383756	-0.0022677676876	0.0126540344423	-0.0228610604427
k__Bacteria;p__Bacteroidetes;c__Bacteroidia;o__Bacteroidales;f__Rikenellaceae;g__Alistipes;s__Alistipes_putredinis	0.0223349117762	-0.0251174344487	1.0	-0.0518787827528	0.00339207626207	-0.0121182829668	0.00503648643155	-0.0274217525646	0.060020259196	-0.0594450860286	-0.00910740552846	0.0467336593241	0.0419447952477	-0.0426904047441	0.0125044109056	0.0406099330709	-0.00786420035854	-0.0249337548163	-0.0296543258616	0.0130544527307	-0.0752855971373	0.0685871008017	0.0376401521276	0.0337755694176	-0.0705056508813	-0.0201890261245	-0.00377060741149	0.0325882577957	-0.0190685276277	-0.031538485365	-0.0555259146754	-0.0185212710664	-0.0478871348657	0.00592831273151	-0.0428632518265	-0.0378538049409	-0.0487184665037	0.0477782273142	-0.0296227365209	-0.0153853788577	-0.0109862134674	-0.0226066386321	0.0564130822342	0.0312655028523	0.0030068547623	-0.0271123293888	0.0272449275232	-0.0271516018906	0.0144430617263	0.046464376206	0.0141263286247	-0.0289870070232	0.0024132957301	-0.020715969545	-0.0154546953984	0.0822921744807	-0.00041212914034	-0.0531492469656	-0.0107139247081
k__Bacteria;p__Bacteroidetes;c__Bacteroidia;o__Bacteroidales;f__Prevotellaceae;g__Prevotella;s__Prevotella_copri	0.00578343784657	0.00681070208172	-0.0518787827528	1.0	-0.0783497977107	-0.0297310816701	-0.0474491633056	-0.0421612344747	-0.033774683077	-0.0135775755561	0.0309620912791	-0.0187678447817	-0.0729575186115	0.0281279310692	-0.00828733333926	-0.0143270583838	-0.0642600246108	-0.00050337877744	-0.0150089086795	0.00235852791563	-0.036931563642	-0.0227996749941	0.0291256790212	-0.00574642072839	-0.00446292005837	-0.0249572237463	-0.0221281518515	-0.0204935416929	0.0315837574818	-0.00421881266983	0.0343757083246	-0.0501541574142	-0.0230861217773	-0.0555134432398	-0.01869091702	0.0248749148665	0.0471588672634	-0.00130012241294	0.0271269968752	0.0283890521018	0.0296012947095	0.00139193901343	-0.00874385396832	-0.000825936828976	0.027897243253	0.0321158107244	0.00909516800629	0.0154082316966	0.0061558996191	-0.0287825733577	-0.00951966431212	0.0184202211326	-0.000724357884347	0.0352693001786	-0.00946813620921	-0.00671032494946	-0.0468645429513	0.0217234356196	-0.0184536909986
k__Bacteria;p__Bacteroidetes;c__Bacteroidia;o__Bacteroidales;f__Bacteroidaceae;g__Bacteroides;s__Bacteroides_stercoris	0.00909411013953	-0.00967619904972	0.00339207626207	-0.0783497977107	1.0	-0.0506637842004	-0.00700280118145	-0.0442254432044	-0.0852612786518	0.0335828624386	-0.0187978008826	-0.0306929238441	0.0174169264076	-0.0375099084727	-0.00150691590785	-0.0337700393647	0.0501280739967	-0.0287454003312	0.0473634506552	0.0214981605126	0.0260800102284	0.0268048731116	-0.00690471398085	0.00358696285753	-0.0152688782059	0.026210001415	-0.0359120247785	0.0111148417313	0.0193916707339	0.0394453742975	-0.0729958926985	-0.0507648691427	-0.02678894624	0.0480598757315	0.0869085802482	-0.0344585677344	-0.00128193465099	0.0148781788209	-0.0415362285282	-0.0120827072556	-0.00046810538455	0.0242761819111	0.0101597173298	-0.025654444636	0.0623875167616	-0.0796520082087	0.0270096097842	-0.0174869906741	-0.0367779391515	0.00605669185021	-0.0328563211561	-0.0258047522956	0.0367840464889	0.0242047064058	0.0216391149381	-0.00358761031253	-0.0170398255422	-0.00391033756432	-0.0473248846665
k__Bacteria;p__Bacteroidetes;c__Bacteroidia;o__Bacteroidales;f__Bacteroidaceae;g__Bacteroides;s__Bacteroides_ovatus	-0.00759817624363	0.00714856033809	-0.0121182829668	-0.0297310816701	-0.0506637842004	1.0	-0.0080040013531	-0.0509433936426	-0.00746967692271	0.0766918095513	0.0226845912195	0.00795284378856	0.014277487548	-0.0467125112088	0.0279817534864	-0.0237956683379	4.43460927045e-05	0.00261423719383	-0.00946324977914	-0.0095103998288	-0.029469428837	0.0188011102468	-0.0443630882771	-0.0533787426775	0.0119346795653	-0.0511149571656	0.0363245881626	0.0407322387765	-0.0304761482794	0.0289701680675	0.0448613287789	-0.0156202862864	0.00205867898014	0.0548315866268	-0.00560290769235	-0.0459772076626	0.0112586466482	-0.0267713489262	-0.0112980811713	-0.0762002624969	-0.0572970182638	0.0384501696616	-0.0786747469508	-0.0278999953424	-0.0363310828712	-0.0325263268831	-0.0407537612368	0.017530458515	0.0123909363654	0.0234786248536	-0.0335049072983	0.0385544163791	0.0598052230807	0.0148358073599	0.0233272961108	-0.0573433177661	-0.00334767743157	-0.0261037089495	-0.0246825475534
k__Bacteria;p__Bacteroidetes;c__Bacteroidia;o__Bacteroidales;f__Rikenellaceae;g__Alistipes;s__Alistipes_shahii	0.00239542353677	-0.00129838417595	0.00503648643155	-0.0474491633056	-0.00700280118145	-0.0080040013531	1.0	-0.00698702645724	-0.0409644974232	-0.0486553663566	-0.00382889506847	-0.0539100497339	-0.0498031412101	-0.031109555517	-0.0251131198438	-0.00466001509488	0.0246424487799	0.0261428045549	-0.0384357728904	-0.00960493797295	0.0294480310569	-0.0287450099078	0.013749864343	0.0157544852725	-0.0098666005501	0.0100070486279	0.0482428077726	0.0630159793162	-0.055235285352	0.0304059850428	0.0115535708546	0.0582880680371	0.0363609525111	0.00912745372981	0.00972963859594	-0.00737395408149	-0.0462042951613	-0.0364763266958	0.0429837091983	-0.036242066066	-0.0162542139627	-0.0621972354232	0.00583262353466	-0.00282758703547	-0.0354714748956	0.0433994067307	0.0101594059443	0.0104060100841	-0.0252847485717	0.000479056086941	-0.0205468485318	-0.00471135929639	0.0221386060435	-0.0514146448246	0.0193038018296	0.0558691075614	-0.00800984401739	0.00167444077837	-0.00685954127032
k__Bacteria;p__Firmicutes;c__Clostridia;o__Clostridiales;f__Ruminococcaceae;g__Faecalibacterium;s__Faecalibacterium_prausnitzii	0.0235770303609	0.0640983234113	-0.0274217525646	-0.0421612344747	-0.0442254432044	-0.0509433936426	-0.00698702645724	1.0	0.00976648050618	-0.00404610087468	-0.0288568568347	0.00461004882202	-0.0590557482747	-0.011607674976	-0.0606481222076	-0.0179024125801	0.031111630713	0.0292780839335	0.0259745054718	0.0387783157306	-0.000498307204349	-0.0383000573254	-0.00717863622082	0.0166999582474	0.0197708915805	0.0365121366791	-0.000910240428908	-0.00177752584714	0.0147878752488	0.00231754076766	0.0114588278905	0.0477223404427	-0.0876653683806	-0.00776654132575	-0.000420681475186	-0.0119236567056	-0.0743331987604	0.00729507647854	0.0152643273047	-0.0600462988507	0.0181283844638	0.00191453473896	-0.0157857610782	-0.0044369272123	0.0320330288071	0.0202367587081	0.0153203851031	0.0146910051621	-0.0329995616726	0.00209962196724	0.040851016987	-0.00214963291326	0.0712334172853	-0.0340376757652	-0.0199669807932	-0.0481254377989	0.0316586677852	0.00193770448139	-0.0200599078565
k__Bacteria;p__Bacteroidetes;c__Bacteroidia;o__Bacteroidales;f__Rikenellaceae;g__Alistipes;s__Alistipes_finegoldii	-0.00322029424971	-0.0327624366727	0.060020259196	-0.033774683077	-0.0852612786518	-0.00746967692271	-0.0409644974232	0.00976648050618	1.0	-0.0632722638114	-0.0254989314781	0.000859906199179	0.0242829999708	0.0728599846617	0.0432250019494	0.0442890743835	-0.0475517484971	0.0605574627639	-0.00131653309489	0.0648722573713	-0.0189958583512	0.0206963816201	-0.00400786237827	0.0347991721514	-0.0857660643	-0.0140677823787	-0.00598798842955	-0.0175666475013	-0.0139475767276	-0.0363784853158	0.0262861216298	0.00712751617222	0.00559356700572	0.0332927386295	0.0163122045105	0.00069628544377	0.00054576896295	-0.0818022674467	-0.00612158896899	0.0193824095886	0.0222028637426	0.0101305315892	0.0046075043279	-0.010082393022	0.0274184244492	-0.0435541968332	-0.0224844910926	0.0366485142453	-0.0182559882013	-0.00720489703392	-0.0329132579218	-0.0270083982375	-0.0115805127809	0.0100147911132	-0.00781159469966	-0.0559829461301	0.0149467011476	0.00814883092168	0.00216278273703
k__Bacteria;p__Bacteroidetes;c__Bacteroidia;o__Bacteroidales;f__Porphyromonadaceae;g__Parabacteroides;s__Parabacteroides_distasonis	0.0303234537217	0.0159058922611	-0.0594450860286	-0.0135775755561	0.0335828624386	0.0766918095513	-0.0486553663566	-0.00404610087468	-0.0632722638114	1.0	0.0509960051571	-0.00454496622468	0.0263030308602	-0.0842774415806	-0.00871791501708	0.0334144258206	0.00617237198299	-0.0685468028946	-0.00315167235909	0.0130772691099	-0.0309024082414	-0.0591634704887	0.028330694109	-0.026538299373	0.00175845294719	0.0483513414612	0.00365679972132	-0.022083924816	-0.0465023250968	0.0187157756104	-0.00203300070672	-0.0682630485703	-0.0207836589762	-0.0351866782311	0.00848564848864	0.0172478991203	0.00759126193401	0.00757907674013	-0.00324811358425	0.0641677783558	0.0456200514028	-0.0120427775939	0.00711402011747	-0.0111898527667	8.4214617503e-05	0.0200313513176	-0.0171460235292	0.0456744459632	0.0448882839508	-0.0103895747923	-0.092862074839	-0.0517023460564	-0.0143502526511	0.0115071967101	-0.0131574277499	-0.0363254071201	-0.0303077958159	-0.0225032038395	0.0575594372003
k__Bacteria;p__Bacteroidetes;c__Bacteroidia;o__Bacteroidales;f__Bacteroidaceae;g__Bacteroides;s__Bacteroides_thetaiotaomicron	0.0361797733129	0.00628012275059	-0.00910740552846	0.0309620912791	-0.0187978008826	0.0226845912195	-0.00382889506847	-0.0288568568347	-0.0254989314781	0.0509960051571	1.0	0.0271495405484	0.0176552234591	-0.0263808376036	-0.000173031840803	-0.0244739510225	-0.0518649451073	0.00724136411509	0.0104707659	-0.0232574777298	-0.00538785896359	-0.0266877914755	-0.0109068249535	0.00786377390035	0.00223635829041	0.0602674408453	-0.0183363387111	-0.035655175258	-0.0191033762684	-0.030257518179	0.00889285326802	0.0217980928222	-0.00570348730261	-0.0636409349075	0.0579777874911	-0.0527335100922	-0.0250857852409	0.0224923975798	0.0200139721493	-0.00172668893261	-0.0130609344487	-0.0108521996512	0.015598630716	-0.0594951357926	-0.0461263889639	-0.0103484696219	0.0654688353223	0.0107453634565	0.010496761904	0.000741207747108	0.00446646924358	-0.0458947155759	-0.00234103587567	-0.0162761990377	-0.00591927831335	-0.0112909744137	-0.0134750427888	-0.000914815824464	-0.0243355652312
k__Bacteria;p__Bacteroidetes;c__Bacteroidia;o__Bacteroidales;f__Bacteroidaceae;g__Bacteroides;s__Bacteroides_coprocola	0.0354326062917	-0.00316243592857	0.0467336593241	-0.0187678447817	-0.0306929238441	0.00795284378856	-0.0539100497339	0.00461004882202	0.000859906199179	-0.00454496622468	0.0271495405484	1.0	0.0227965436755	-0.00546211084828	-0.0224166817495	0.0581652894754	-0.0278906976181	0.0523704354804	-0.00122620556453	0.00271593630199	-0.00288510348167	-0.00577223667585	0.0734785793618	0.00910115035426	-0.0340408262589	-0.0340425695934	0.0280528311955	0.0256859700864	0.037132052195	0.0124085592676	-0.014584021149	-0.00741800351681	-0.00621820585155	0.0627199551139	0.0763170205071	-0.0267757926317	-0.015324901455	-0.0174676598234	0.0252820472213	0.0336847679581	-0.0592571092254	-0.0621805505273	0.019932489184	0.0073298486304	-0.0166191663473	0.0350574145285	-0.0276880284163	-0.0428808405595	0.0222659682155	-0.00353570396065	-0.049492284618	-0.000721650874515	0.0149052461061	-0.0368772431863	-0.0480285029096	0.00363878683388	0.0397944947303	-0.00926401063532	-0.0544478757859
k__Bacteria;p__Bacteroidetes;c__Bacteroidia;o__Bacteroidales;f__Bacteroidaceae;g__Bacteroides;s__Bacteroides_cellulosilyticus	-0.0216664636914	-0.0259505555273	0.0419447952477	-0.0729575186115	0.0174169264076	0.014277487548	-0.0498031412101	-0.0590557482747	0.0242829999708	0.0263030308602	0.0176552234591	0.0227965436755	1.0	0.0397990988156	0.00732126041658	0.0304689385078	-0.0104799962119	-0.0117691060064	0.0920811511349	-0.0365793397994	-0.017455220681	0.000498168523334	-0.00532306159652	-0.0282850091884	-0.0781012773576	-0.0264174064144	-0.00797194526205	-0.00880395616967	-0.0132110844594	-0.0037122407498	-0.0268577859005	0.0164829848896	0.0432672795162	-0.0320903694383	-0.00691449956687	0.0308919189814	0.0176691691936	0.0312361705461	0.0183564827733	0.0199262237314	-0.044172874391	-0.0166299844918	0.00147568482919	0.0352460254192	-0.0232394062237	0.00541160355491	0.00116889126878	0.011417379778	0.0142839412116	-0.0383127414047	0.0492267743406	0.0637911856806	-0.0419304956416	0.0478699330646	-0.00947519195992	-0.0304316595692	-0.00569857052459	0.039868436837	-0.0638134438787
k__Bacteria;p__Bacteroidetes;c__Bacteroidia;o__Bacteroidales;f__Rikenellaceae;g__Alistipes;s__Alistipes_obesi	0.0626469587797	-0.0314621440784	-0.0426904047441	0.0281279310692	-0.0375099084727	-0.0467125112088	-0.031109555517	-0.011607674976	0.0728599846617	-0.0842774415806	-0.0263808376036	-0.00546211084828	0.0397990988156	1.0	0.0252497790546	0.0163109340893	-0.0304584017001	-0.022477487225	-0.00816439254411	-0.0334785784731	-0.0232784211815	-0.00475299025234	-0.0566304617737	0.0721983214337	-0.00347731013985	0.0198530669332	-0.0316535462884	-0.0302320875191	-0.000893275712096	-0.0222276401815	0.0527326406106	-0.0393674665352	-0.000100306857109	-0.0021626121073	-0.023953021712	-0.0121629490552	9.60108037946e-05	-0.0137931724844	-0.0135453695441	-0.0272791716692	0.0273853408739	0.0608278793699	-0.0141654187751	-0.00092222891894	-0.0182984308265	0.0118986483442	-0.0354595464247	0.0268355124394	0.013458666857	-0.0262935680632	0.00413918086423	0.0155491533999	-0.0176755030725	-0.0311491899238	-0.00209493496745	-0.0100488754562	0.00309769672916	-0.012397159618	-0.0353116029544
k__Bacteria;p__Firmicutes;c__Clostridia;o__Clostridiales;f__Lachnospiraceae;g__;s__[Eubacterium]_rectale	-0.0183048733752	-0.0132111108343	0.0125044109056	-0.00828733333926	-0.00150691590785	0.0279817534864	-0.0251131198438	-0.0606481222076	0.0432250019494	-0.00871791501708	-0.000173031840803	-0.0224166817495	0.00732126041658	0.0252497790546	1.0	-0.0102078517509	0.00705029082357	-0.0120263977147	-0.0358365644638	0.000484023267635	-0.0653837333442	-0.0376639982429	-0.00959626853589	-0.00689652437648	0.0323485582944	-0.0459216473237	0.0478356462494	-0.0167250117097	0.0185762847124	0.00513814147457	-0.00429935366224	-0.026423700563	-0.0117036876286	0.00525500166444	-0.011710681817	-0.0661955158586	0.0108764591696	-0.0376290804296	-0.0471055117429	-0.0350325006341	0.0297693741307	-0.0239693841499	-0.0114918785271	0.0200518287315	-0.0216546222412	-0.0265712398218	0.0328079070371	0.0305412962395	0.0290904548777	-0.0352763108657	-0.0210682978624	6.30632751015e-05	-0.0154073864906	0.0283070691447	0.0176371875003	-0.0186354131344	-0.0429837365337	0.00309163982811	0.060479096502
k__Bacteria;p__Bacteroidetes;c__Bacteroidia;o__Bacteroidales;f__Bacteroidaceae;g__Bacteroides;s__Bacteroides_plebeius	-0.0398923770885	0.0232883168981	0.0406099330709	-0.0143270583838	-0.0337700393647	-0.0237956683379	-0.00466001509488	-0.0179024125801	0.0442890743835	0.0334144258206	-0.0244739510225	0.0581652894754	0.0304689385078	0.0163109340893	-0.0102078517509	1.0	0.0104546888983	0.0113866615807	-0.0235204842036	0.0307954315647	0.0402193704315	-0.0385684776142	-0.00690828436269	-0.0115327868937	-0.0177893191642	0.0393276165204	-0.00832950807236	-0.0153276455174	-0.0290627546643	-0.0293119995505	0.0328110577997	-0.00310625689741	-0.0160832281522	-0.0517893552703	0.016747648384	-0.00784547978783	-0.00549889586601	0.00645797151586	-0.00302841497928	-0.0522492289128	0.00870649900264	-0.0140583046769	0.0437545711304	-0.0344974777476	0.0396927642514	-0.00047099093593	-0.00324781152109	0.0391138478047	0.00924803107748	0.00393584082114	-0.0172640089717	-0.0505788003626	0.0130291546703	-0.0300154936122	0.0411409479511	0.0158649851005	0.0275081818023	-0.00794304059149	-0.0233701694303
k__Bacteria;p__Bacteroidetes;c__Bacteroidia;o__Bacteroidales;f__Bacteroidaceae;g__Bacteroides;s__Bacteroides_fragilis	0.035011197524	-0.00363197472039	-0.00786420035854	-0.0642600246108	0.0501280739967	4.43460927044e-05	0.0246424487799	0.031111630713	-0.0475517484971	0.00617237198299	-0.0518649451073	-0.0278906976181	-0.0104799962119	-0.0304584017001	0.00705029082357	0.0104546888983	1.0	0.016399090413	0.0681535920533	-0.0326449511455	0.0113513908359	-0.00704256938125	0.0545429996486	0.0230309257645	0.00556341790176	-0.0194723846805	-0.0187051891397	-0.010410730386	-0.00782149476537	0.00551312018877	-0.0246538949287	-0.00909152812505	0.0470586425727	-0.0137513201316	-0.0224590601409	0.0200340084803	0.0347315786132	-0.0273904770093	0.0576176135892	0.0232961739803	-0.00777221194187	-0.0457567712074	-0.0113946539282	-0.0463656574278	0.0526902808488	-0.0468072076005	-0.0809918993096	-0.0447362633836	-0.0405459071563	-0.0266631182857	-0.087235526474	-0.0089143627131	-0.0197167495873	-0.0133417879798	0.0119615011817	-0.0120437092751	-0.0340936148383	0.00597067450631	0.0139966932459
k__Bacteria;p__Proteobacteria;c__Betaproteobacteria;o__Burkholderiales;f__Sutterellaceae;g__Sutterella;s__Sutterella_wadsworthensis	0.0349851306772	0.0104353315426	-0.0249337548163	-0.00050337877744	-0.0287454003312	0.00261423719383	0.0261428045549	0.0292780839335	0.0605574627639	-0.0685468028946	0.00724136411509	0.0523704354804	-0.0117691060064	-0.022477487225	-0.0120263977147	0.0113866615807	0.016399090413	1.0	0.0181786115356	-0.0298768211773	-0.0383263586149	0.00315311092909	-8.02618028541e-05	-0.0239816368329	-0.0150403699336	-0.0106866996628	0.00839434887239	-0.0383141742209	-0.00539197613043	-0.0395536446578	0.00333937584815	0.0279110426972	0.0222114870336	-0.0590095614529	-0.0339543014948	-0.0359577793314	-0.0224597934702	-0.0249781223126	0.0628267194331	0.0363938125217	0.0147176562319	0.000520618318538	-0.0453428611724	-0.0101742010501	-0.0288821918208	-0.0285946575557	0.0279409863485	-0.0389939510683	0.0498057274207	0.0183151174258	0.0189888150417	-0.0123466820261	-0.0156472539325	-0.0595387311066	0.0496305742602	-0.0156920731621	-0.00253495078977	-0.00631893378691	-0.0408819602884
k__Bacteria;p__Bacteroidetes;c__Bacteroidia;o__Bacteroidales;f__Porphyromonadaceae;g__Barnesiella;s__Barnesiella_intestinihominis	-0.00747216081155	0.0140971512122	-0.0296543258616	-0.0150089086795	0.0473634506552	-0.00946324977914	-0.0384357728904	0.0259745054718	-0.00131653309489	-0.00315167235909	0.0104707659	-0.00122620556453	0.0920811511349	-0.00816439254411	-0.0358365644638	-0.0235204842036	0.0681535920533	0.0181786115356	1.0	0.034474013333	0.031622166514	0.000704196782232	-0.0151681491038	-0.0131787123634	0.0153429005131	-0.0594791371787	-0.0223481935302	-0.0271702924252	-0.019539020574	-0.0506514359188	-0.0213346193472	-0.0342506357417	0.075248428177	0.0382777261639	0.012017175069	-0.0519929731456	-0.0463570936584	0.0703777612764	0.0358396949457	0.0417964728592	-0.0184765297861	-0.051153035722	-0.0265602561715	-0.054901702098	-0.0183596654449	0.00464017101739	0.0142135561409	-0.0203208562907	-0.0169369296251	-0.00777659443548	0.0601834559069	-0.0453040112296	-0.0584886166161	-0.0261257205226	-0.0338736553628	-0.0376919638564	-0.00128331784086	-0.0634015122397	0.0275534456791
k__Bacteria;p__Bacteroidetes;c__Bacteroidia;o__Bacteroidales;f__Odoribacteraceae;g__Odoribacter;s__Odoribacter_splanchnicus	-0.00757363675335	-0.0617548557794	0.0130544527307	0.00235852791563	0.0214981605126	-0.0095103998288	-0.00960493797295	0.0387783157306	0.0648722573713	0.0130772691099	-0.0232574777298	0.00271593630199	-0.0365793397994	-0.0334785784731	0.000484023267635	0.0307954315647	-0.0326449511455	-0.0298768211773	0.034474013333	1.0	0.0124608901327	-0.00266930392027	0.0193398421867	-0.00597828587438	-0.00981201011271	-0.034544945072	-0.0412904257214	0.0238367741163	-0.0183228969313	0.0326546895947	-0.0178915903238	0.00934623180902	-0.0273235032117	0.0115126433295	-0.00253544104613	-0.00920128795633	0.0258553754615	-0.0396773773857	-0.0407246125569	0.0166466965539	-0.0516180572429	0.0174915697686	-0.0289358804649	-0.0128135123419	0.008238485597	-0.00385048465356	-0.0349277955314	-0.0476299267668	0.0681624757845	-0.00227000146865	-0.0202026413553	-0.00387176151307	0.0185526771118	-0.00648247956458	-0.0098729161449	-0.0267927060799	-0.00883264448086	0.00803295188867	-0.0383436204427
k__Bacteria;p__Bacteroidetes;c__Bacteroidia;o__Bacteroidales;f__Bacteroidaceae;g__Bacteroides;s__Bacteroides_salyersiae	-0.0480494170185	-0.0103753005107	-0.0752855971373	-0.036931563642	0.0260800102284	-0.029469428837	0.0294480310569	-0.000498307204349	-0.0189958583512	-0.0309024082414	-0.00538785896359	-0.00288510348167	-0.017455220681	-0.0232784211815	-0.0653837333442	0.0402193704315	0.0113513908359	-0.0383263586149	0.031622166514	0.0124608901327	1.0	0.00932601709979	-0.0157987783248	0.0190639203769	0.0222595316193	-0.00530577432608	-0.0244184009351	-0.0516930927362	-0.00576430000997	0.0313390198536	-0.0419674727141	-0.0214810548227	0.014535503142	-0.0395000914363	-0.00460098590533	0.0402994193652	-0.0498915881409	-0.00729640096107	0.00964611801651	-0.0430898239435	-0.0189530071403	0.0262516872573	-0.00748776349104	0.0374296908625	-0.0369850376477	-0.026529024652	0.0320485008656	0.014258781327	-0.0487460860916	0.00214400761321	0.0212053047178	-0.00888481428522	0.0131089562031	-0.0170042923245	0.0380575262265	0.00249775508762	0.0540838905658	-0.0515672856268	0.0690087756503
k__Bacteria;p__Firmicutes;c__Clostridia;o__Clostridiales;f__Ruminococcaceae;g__Ruminiclostridium;s__[Eubacterium]_siraeum	-0.025449248934	0.0332222687714	0.0685871008017	-0.0227996749941	0.0268048731116	0.0188011102468	-0.0287450099078	-0.0383000573254	0.0206963816201	-0.0591634704887	-0.0266877914755	-0.00577223667585	0.000498168523334	-0.00475299025234	-0.0376639982429	-0.0385684776142	-0.00704256938125	0.00315311092909	0.000704196782232	-0.00266930392027	0.00932601709979	1.0	-0.0529873842416	0.0338656533881	-0.0672141619715	0.00364809506435	0.0322368691532	-0.0360615064864	0.0213938417251	-0.0505418011374	-0.0158844399052	0.0388461101353	0.0414811201829	-0.00832263568404	0.063875148973	-0.0185632204438	-0.0316622127328	0.0258785767751	-0.0373614908184	0.0138483019945	0.0230149874878	-0.0210999910221	-0.0543161669467	0.00679713275026	0.0139648951811	0.0112918707508	-0.0275358260551	-0.10885881798	-0.00558805948243	-0.0438991338694	-0.062853339364	-0.00209008562667	-0.028015831716	0.0580880173574	-0.0439051442186	0.0161796178915	0.0464039584642	0.0282010661879	-0.0313701334525
k__Bacteria;p__Proteobacteria;c__Betaproteobacteria;o__Burkholderiales;f__Sutterellaceae;g__Parasutterella;s__Parasutterella_excrementihominis	0.0158728096482	-0.00263996681487	0.0376401521276	0.0291256790212	-0.00690471398085	-0.0443630882771	0.013749864343	-0.00717863622082	-0.00400786237827	0.028330694109	-0.0109068249535	0.0734785793618	-0.00532306159652	-0.0566304617737	-0.00959626853589	-0.00690828436269	0.0545429996486	-8.02618028541e-05	-0.0151681491038	0.0193398421867	-0.0157987783248	-0.0529873842416	1.0	-0.0411006306756	-0.0447142180227	0.0115444499004	0.040083230011	0.0356068427762	-0.0126389173524	-0.00519202565483	-0.00504041981623	0.0160126716683	0.0516741875763	-0.01468004121	-0.012674816089	-0.00438648471831	-0.0680872032394	-0.00503652266646	-0.0173606804274	0.0163570792066	-0.014371733863	-0.0418563835186	0.00278614252947	-0.0516568359135	0.0135086347242	0.0224379290178	0.00374546260701	-0.0134514033836	-0.028054336436	0.0228423931399	-0.00582546935434	0.00344143118021	0.00830207623211	-0.0436955806383	0.0258279706659	-0.0294514899762	-0.0369808609616	-0.0499911558259	0.0119355135095
k__Bacteria;p__Actinobacteria;c__Actinobacteria;o__Bifidobacteriales;f__Bifidobacteriaceae;g__Bifidobacterium;s__Bifidobacterium_adolescentis	0.0576235270463	-0.0325448767155	0.0337755694176	-0.00574642072839	0.00358696285753	-0.0533787426775	0.0157544852725	0.0166999582474	0.0347991721514	-0.026538299373	0.00786377390035	0.00910115035426	-0.0282850091884	0.0721983214337	-0.00689652437648	-0.0115327868937	0.0230309257645	-0.0239816368329	-0.0131787123634	-0.00597828587438	0.0190639203769	0.0338656533881	-0.0411006306756	1.0	0.0181882529234	-0.00442873690996	-0.0213475055818	0.0126768060059	-0.05834594205	0.0190697729283	0.0226586112903	-0.0311680147421	0.0047416408851	-0.0103546064647	-0.00702718857754	0.0126817890713	0.055391500669	0.00491647905664	0.0186506196527	0.00967718181609	-0.0142425542051	0.0470299483593	0.0015625298712	-0.0314241704518	0.0134735209348	-0.0477582395053	-0.0501868314895	-0.00825654243907	-0.0150328927083	0.0552910097235	0.0145317359256	-0.00484519135856	-0.0101181677267	-0.00587009556424	0.00681676253284	-0.00449542602135	0.00458982095854	-0.0420698099225	0.000185247975771
k__Bacteria;p__Firmicutes;c__Clostridia;o__Clostridiales;f__Oscillospiraceae;g__Oscillibacter;s__Oscillibacter_sp._KLE_1745	-0.0124877884556	-0.0148829935398	-0.0705056508813	-0.00446292005837	-0.0152688782059	0.0119346795653	-0.0098666005501	0.0197708915805	-0.0857660643	0.00175845294719	0.00223635829041	-0.0340408262589	-0.0781012773576	-0.00347731013985	0.0323485582944	-0.0177893191642	0.00556341790176	-0.0150403699336	0.0153429005131	-0.00981201011271	0.0222595316193	-0.0672141619715	-0.0447142180227	0.0181882529234	1.0	0.0312239596337	-0.0350877741974	0.0296533782061	0.0475596913858	0.0139825967696	-0.00965764080497	0.0313296714785	-0.00889825330398	0.020485012009	0.0247677879021	-0.0695987758222	-0.00341340801565	0.0284989236909	-0.0451315422187	0.0136917084806	-0.00414185112457	0.0381454597226	0.0352955595186	-0.0849053804896	-0.00314291345081	-0.038934490829	-0.0811027936816	-0.0690067985256	0.0421437291686	-0.0687663431151	0.0135499938679	-0.0292425217091	-0.0222205414003	0.0124879029907	0.0132231679407	-0.0277370884499	-0.00278130414218	0.0416998114931	0.0541158524316
k__Bacteria;p__Bacteroidetes;c__Bacteroidia;o__Bacteroidales;f__Bacteroidaceae;g__Bacteroides;s__Bacteroides_coprophilus	0.0650067206192	-0.00744815940988	-0.0201890261245	-0.0249572237463	0.026210001415	-0.0511149571656	0.0100070486279	0.0365121366791	-0.0140677823787	0.0483513414612	0.0602674408453	-0.0340425695934	-0.0264174064144	0.0198530669332	-0.0459216473237	0.0393276165204	-0.0194723846805	-0.0106866996628	-0.0594791371787	-0.034544945072	-0.00530577432608	0.00364809506435	0.0115444499004	-0.00442873690996	0.0312239596337	1.0	0.00926468251417	0.0309571283656	-0.0699060042462	-0.0126435768333	-0.0175435810592	0.0155861403277	0.0174152377569	-0.0286882855182	-0.0659730231556	0.000525470753662	0.00736121944297	-0.000816386838596	0.0180996183637	-0.010247665319	0.0340305477525	-0.042886647706	-0.0130452576508	-0.0127930917556	0.00393239736165	-0.0105793967043	-0.0275400897838	0.0115227084452	-0.016684937981	0.000633013862981	-0.0286325995956	-0.0120563174028	-0.035270544549	0.0367015378208	-0.0236004638634	0.00749661077402	0.0026063554512	-0.0707906490263	0.017311956288
k__Bacteria;p__Firmicutes;c__Clostridia;o__Clostridiales;f__Lachnospiraceae;g__Roseburia;s__Roseburia_intestinalis	-0.064339767559	-0.0373754928832	-0.00377060741149	-0.0221281518515	-0.0359120247785	0.0363245881626	0.0482428077726	-0.000910240428908	-0.00598798842955	0.00365679972132	-0.0183363387111	0.0280528311955	-0.00797194526205	-0.0316535462884	0.0478356462494	-0.00832950807236	-0.0187051891397	0.00839434887239	-0.0223481935302	-0.0412904257214	-0.0244184009351	0.0322368691532	0.040083230011	-0.0213475055818	-0.0350877741974	0.00926468251417	1.0	-0.0292403085998	-0.0223528596246	0.00290124432451	-0.0324731468377	-0.0022075915051	-0.0221288468118	-0.0553521191425	-0.0330691020222	-0.0164068543142	-0.00285545613	-0.0590135507347	-0.0382898596409	-0.00568258126419	-0.0319233866382	-0.0260323054584	-0.0407672900765	-0.00226568862575	-0.00932549229788	0.00966786147471	-0.0266509032436	0.0110266937493	-0.0158991138415	0.00355686239445	0.0564431571551	0.00271271333485	-0.00398659285137	0.0256649151856	0.0433323807038	0.053526291114	-0.00935859176017	0.0458851878991	-0.00789033749516
k__Bacteria;p__Firmicutes;c__Clostridia;o__Clostridiales;f__Lachnospiraceae;g__Roseburia;s__Roseburia_hominis	0.0275259918014	-0.0426298246314	0.0325882577957	-0.0204935416929	0.0111148417313	0.0407322387765	0.0630159793162	-0.00177752584714	-0.0175666475013	-0.022083924816	-0.035655175258	0.0256859700864	-0.00880395616967	-0.0302320875191	-0.0167250117097	-0.0153276455174	-0.010410730386	-0.0383141742209	-0.0271702924252	0.0238367741163	-0.0516930927362	-0.0360615064864	0.0356068427762	0.0126768060059	0.0296533782061	0.0309571283656	-0.0292403085998	1.0	-0.00528141429793	0.0166347976756	-0.0326055742705	0.0337434743549	0.0331310792366	0.0209792395739	-0.0377620782219	-0.0423927475323	-0.00449345670115	-0.0291021175412	0.00801945673962	-0.00373993082217	0.00718251924528	-0.0733837358553	0.0221653251837	-0.068222479903	-0.0105350438525	-0.0560759862826	-0.0198306158924	-0.00312989384262	-0.0729489337489	0.0605722874637	0.0625175464151	-0.0329589693779	-0.0398037522926	0.0240702439359	-0.00883943466664	-0.0563353740724	-0.043066321393	0.00525739405829	-0.0240990229601
k__Bacteria;p__Bacteroidetes;c__Bacteroidia;o__Bacteroidales;f__Porphyromonadaceae;g__Parabacteroides;s__Parabacteroides_johnsonii	-0.0204035963813	0.0562500327036	-0.0190685276277	0.0315837574818	0.0193916707339	-0.0304761482794	-0.055235285352	0.0147878752488	-0.0139475767276	-0.0465023250968	-0.0191033762684	0.037132052195	-0.0132110844594	-0.000893275712096	0.0185762847124	-0.0290627546643	-0.00782149476537	-0.00539197613043	-0.019539020574	-0.0183228969313	-0.00576430000997	0.0213938417251	-0.0126389173524	-0.05834594205	0.0475596913858	-0.0699060042462	-0.0223528596246	-0.00528141429793	1.0	0.00229704245007	0.053352160602	-0.0347664171273	-0.0343340072713	0.0047460967437	-0.0491332470761	-0.00637125583895	0.00805143219968	-0.055813066762	-0.024416904455	0.0731474023789	0.048902005603	-0.0160705159848	-0.0321640130732	-0.0127871621679	0.0209695164655	-0.0935409948907	-0.0603015798708	-0.0411767813254	-0.027016923581	-0.0195802005287	-0.0567677092716	0.0399856440239	0.0144680054253	0.0136162603854	0.0332323044656	0.0165336173418	-0.0367220616826	-0.013149800739	0.00359103079944
