#taxonomy	k__Bacteria;p__Bacteroidetes;c__Bacteroidia;o__Bacteroidales;f__Bacteroidaceae;g__Bacteroides;s__Bacteroides_vulgatus	k__Bacteria;p__Bacteroidetes;c__Bacteroidia;o__Bacteroidales;f__Bacteroidaceae;g__Bacteroides;s__Bacteroides_uniformis	k__Bacteria;p__Bacteroidetes;c__Bacteroidia;o__Bacteroidales;f__Rikenellaceae;g__Alistipes;s__Alistipes_putredinis	k__Bacteria;p__Bacteroidetes;c__Bacteroidia;o__Bacteroidales;f__Prevotellaceae;g__Prevotella;s__Prevotella_copri	k__Bacteria;p__Bacteroidetes;c__Bacteroidia;o__Bacteroidales;f__Bacteroidaceae;g__Bacteroides;s__Bacteroides_stercoris	k__Bacteria;p__Bacteroidetes;c__Bacteroidia;o__Bacteroidales;f__Bacteroidaceae;g__Bacteroides;s__Bacteroides_ovatus	k__Bacteria;p__Bacteroidetes;c__Bacteroidia;o__Bacteroidales;f__Rikenellaceae;g__Alistipes;s__Alistipes_shahii	k__Bacteria;p__Firmicutes;c__Clostridia;o__Clostridiales;f__Ruminococcaceae;g__Faecalibacterium;s__Faecalibacterium_prausnitzii	k__Bacteria;p__Bacteroidetes;c__Bacteroidia;o__Bacteroidales;f__Rikenellaceae;g__Alistipes;s__Alistipes_finegoldii	k__Bacteria;p__Bacteroidetes;c__Bacteroidia;o__Bacteroidales;f__Porphyromonadaceae;g__Parabacteroides;s__Parabacteroides_distasonis	k__Bacteria;p__Bacteroidetes;c__Bacteroidia;o__Bacteroidales;f__Bacteroidaceae;g__Bacteroides;s__Bacteroides_thetaiotaomicron	k__Bacteria;p__Bacteroidetes;c__Bacteroidia;o__Bacteroidales;f__Bacteroidaceae;g__Bacteroides;s__Bacteroides_coprocola	k__Bacteria;p__Bacteroidetes;c__Bacteroidia;o__Bacteroidales;f__Bacteroidaceae;g__Bacteroides;s__Bacteroides_cellulosilyticus	k__Bacteria;p__Bacteroidetes;c__Bacteroidia;o__Bacteroidales;f__Rikenellaceae;g__Alistipes;s__Alistipes_obesi	k__Bacteria;p__Firmicutes;c__Clostridia;o__Clostridiales;f__Lachnospiraceae;g__;s__[Eubacterium]_rectale	k__Bacteria;p__Bacteroidetes;c__Bacteroidia;o__Bacteroidales;f__Bacteroidaceae;g__Bacteroides;s__Bacteroides_plebeius	k__Bacteria;p__Bacteroidetes;c__Bacteroidia;o__Bacteroidales;f__Bacteroidaceae;g__Bacteroides;s__Bacteroides_fragilis	k__Bacteria;p__Proteobacteria;c__Betaproteobacteria;o__Burkholderiales;f__Sutterellaceae;g__Sutterella;s__Sutterella_wadsworthensis	k__Bacteria;p__Bacteroidetes;c__Bacteroidia;o__Bacteroidales;f__Porphyromonadaceae;g__Barnesiella;s__Barnesiella_intestinihominis	k__Bacteria;p__Bacteroidetes;c__Bacteroidia;o__Bacteroidales;f__Odoribacteraceae;g__Odoribacter;s__Odoribacter_splanchnicus	k__Bacteria;p__Bacteroidetes;c__Bacteroidia;o__Bacteroidales;f__Bacteroidaceae;g__Bacteroides;s__Bacteroides_salyersiae	k__Bacteria;p__Firmicutes;c__Clostridia;o__Clostridiales;f__Ruminococcaceae;g__Ruminiclostridium;s__[Eubacterium]_siraeum	k__Bacteria;p__Proteobacteria;c__Betaproteobacteria;o__Burkholderiales;f__Sutterellaceae;g__Parasutterella;s__Parasutterella_excrementihominis	k__Bacteria;p__Actinobacteria;c__Actinobacteria;o__Bifidobacteriales;f__Bifidobacteriaceae;g__Bifidobacterium;s__Bifidobacterium_adolescentis	k__Bacteria;p__Firmicutes;c__Clostridia;o__Clostridiales;f__Oscillospiraceae;g__Oscillibacter;s__Oscillibacter_sp._KLE_1745	k__Bacteria;p__Bacteroidetes;c__Bacteroidia;o__Bacteroidales;f__Bacteroidaceae;g__Bacteroides;s__Bacteroides_coprophilus	k__Bacteria;p__Firmicutes;c__Clostridia;o__Clostridiales;f__Lachnospiraceae;g__Roseburia;s__Roseburia_intestinalis	k__Bacteria;p__Firmicutes;c__Clostridia;o__Clostridiales;f__Lachnospiraceae;g__Roseburia;s__Roseburia_hominis	k__Bacteria;p__Bacteroidetes;c__Bacteroidia;o__Bacteroidales;f__Porphyromonadaceae;g__Parabacteroides;s__Parabacteroides_johnsonii	k__Bacteria;p__Actinobacteria;c__Actinobacteria;o__Bifidobacteriales;f__Bifidobacteriaceae;g__Bifidobacterium;s__Bifidobacterium_longum	k__Bacteria;p__Firmicutes;c__Clostridia;o__Clostridiales;f__;g__Flavonifractor;s__Flavonifractor_plautii	k__Bacteria;p__Firmicutes;c__Clostridia;o__Clostridiales;f__Clostridiaceae;g__Clostridium;s__Clostridium_phoceensis	k__Bacteria;p__Verrucomicrobia;c__Verrucomicrobiae;o__Verrucomicrobiales;f__Akkermansiaceae;g__Akkermansia;s__Akkermansia_muciniphila	k__Bacteria;p__Bacteroidetes;c__Bacteroidia;o__Bacteroidales;f__Prevotellaceae;g__Paraprevotella;s__Paraprevotella_xylaniphila	k__Bacteria;p__Firmicutes;c__Clostridia;o__Clostridiales;f__Ruminococcaceae;g__Ruminococcus;s__Ruminococcus_callidus	k__Bacteria;p__Bacteroidetes;c__Bacteroidia;o__Bacteroidales;f__Rikenellaceae;g__Alistipes;s__Alistipes_senegalensis	k__Bacteria;p__Firmicutes;c__Clostridia;o__Clostridiales;f__Lachnospiraceae;g__Blautia;s__Blautia_sp._KLE_1732	k__Bacteria;p__Bacteroidetes;c__Bacteroidia;o__Bacteroidales;f__Bacteroidaceae;g__Bacteroides;s__Bacteroides_oleiciplenus	k__Bacteria;p__Firmicutes;c__Clostridia;o__Clostridiales;f__Ruminococcaceae;g__Ruminococcus;s__Ruminococcus_bicirculans	k__Bacteria;p__Bacteroidetes;c__Bacteroidia;o__Bacteroidales;f__Bacteroidaceae;g__Bacteroides;s__Bacteroides_fluxus	k__Bacteria;p__Bacteroidetes;c__Bacteroidia;o__Bacteroidales;f__Prevotellaceae;g__Prevotella;s__Prevotella_stercorea	k__Bacteria;p__Firmicutes;c__Clostridia;o__Clostridiales;f__Lachnospiraceae;g__Dorea;s__Dorea_longicatena	k__Bacteria;p__Firmicutes;c__Clostridia;o__Clostridiales;f__Eubacteriaceae;g__Eubacterium;s__[Eubacterium]_eligens	k__Bacteria;p__Firmicutes;c__Clostridia;o__Clostridiales;f__Ruminococcaceae;g__;s__Ruminococcaceae_bacterium_D16	k__Bacteria;p__Firmicutes;c__Clostridia;o__Clostridiales;f__Lachnospiraceae;g__Coprococcus;s__Coprococcus_comes	k__Bacteria;p__Proteobacteria;c__Gammaproteobacteria;o__Enterobacterales;f__Enterobacteriaceae;g__Escherichia;s__Escherichia_coli	k__Bacteria;p__Firmicutes;c__Clostridia;o__Clostridiales;f__Ruminococcaceae;g__Anaerotruncus;s__Anaerotruncus_colihominis	k__Bacteria;p__Firmicutes;c__Clostridia;o__Clostridiales;f__Lachnospiraceae;g__Blautia;s__Blautia_obeum	k__Bacteria;p__Bacteroidetes;c__Bacteroidia;o__Bacteroidales;f__Odoribacteraceae;g__Odoribacter;s__Odoribacter_laneus	k__Bacteria;p__Firmicutes;c__Clostridia;o__Clostridiales;f__Ruminococcaceae;g__Ruminiclostridium;s__[Clostridium]_leptum	k__Bacteria;p__Bacteroidetes;c__Bacteroidia;o__Bacteroidales;f__Porphyromonadaceae;g__Parabacteroides;s__Parabacteroides_goldsteinii	k__Bacteria;p__Firmicutes;c__Clostridia;o__Clostridiales;f__Lachnospiraceae;g__Anaerostipes;s__Anaerostipes_hadrus	k__Bacteria;p__Firmicutes;c__Clostridia;o__Clostridiales;f__Ruminococcaceae;g__Ruminococcus;s__Ruminococcus_lactaris	k__Bacteria;p__Firmicutes;c__Clostridia;o__Clostridiales;f__Clostridiaceae;g__Clostridium;s__Clostridium_sp._L2-50	k__Bacteria;p__Firmicutes;c__Clostridia;o__Clostridiales;f__Clostridiaceae;g__Clostridium;s__Clostridium_sp._M62/1	k__Bacteria;p__Firmicutes;c__Clostridia;o__Clostridiales;f__;g__Intestinimonas;s__Intestinimonas_butyriciproducens	k__Bacteria;p__Actinobacteria;c__Actinobacteria;o__Bifidobacteriales;f__Bifidobacteriaceae;g__Bifidobacterium;s__Bifidobacterium_bifidum	k__Bacteria;p__Firmicutes;c__Negativicutes;o__Veillonellales;f__Veillonellaceae;g__Dialister;s__Dialister_invisus	k__Bacteria;p__Bacteroidetes;c__Bacteroidia;o__Bacteroidales;f__Bacteroidaceae;g__Bacteroides;s__Bacteroides_salanitronis
k__Bacteria;p__Bacteroidetes;c__Bacteroidia;o__Bacteroidales;f__Bacteroidaceae;g__Bacteroides;s__Bacteroides_vulgatus	1.0	-0.0033830962347	0.00840222964428	-0.0319895886898	-0.00508796453475	-0.0343517002144	0.00440140151099	-0.0238346543873	-0.0035610603236	-0.0145825466011	-0.00405954070355	-0.0450053755295	-0.00438467258451	0.015347642023	-0.0748361283531	-0.0335918479488	-0.00585408725972	-0.010364368838	0.000739515396386	0.0516216753789	-0.0133069254433	-0.00505161882982	-0.0564673622755	0.00913734544029	-0.0691422113818	-0.0438968342847	0.0315885578726	0.0169914634029	0.0331245484362	-0.0171523185867	-0.021999484627	0.032701908375	0.0300786886435	-0.0153262238672	0.024480140824	-0.0926647325185	-0.0105085856451	-0.0556583517049	0.0173166714706	0.00766377928406	0.0185292193791	0.0289216497494	0.0453978656626	0.0136243489987	0.0308085746927	0.0423209457038	-0.0532689477984	-0.0172168682298	-0.0526693494137	0.0305732428689	-0.0182532977982	0.00973781399925	0.0879261596787	-0.0515440937504	-0.0503989255445	-0.0132770425751	0.0426960813222	-0.0183717323379	-0.023022431134
k__Bacteria;p__Bacteroidetes;c__Bacteroidia;o__Bacteroidales;f__Bacteroidaceae;g__Bacteroides;s__Bacteroides_uniformis	-0.0033830962347	1.0	0.0226438349054	0.0561115808839	0.0344033324177	-0.00549096257221	-0.0144534980744	-0.0169748751116	-0.0588061539374	0.015031479588	0.00459234842068	-0.0411930300526	-0.0107797178724	0.00742273941533	-0.0103746957899	-0.0580573936031	-0.0320782280075	-0.00651756979558	0.0139742323277	0.00316549197127	-0.0406670120454	1.3345275325e-06	0.0501780699747	-0.0339593312958	-0.0148105835339	0.0551094767603	-0.00826502842869	-0.0538757402816	-0.000112228383701	-0.00835335015581	0.00658726902247	-0.0330331348367	-0.00305570292822	-0.0112219268878	0.0650167667868	0.0433199526526	0.0351690924332	0.0101560912113	-0.0566405141029	-0.0260686008629	0.00315992172444	0.0103396149318	-0.00895236582939	-0.000792073313802	0.0027481761643	-0.0353918221797	-0.0318010951516	-0.0119559732918	-0.0236949446887	0.00445565475226	-0.013398390794	0.0660978701927	-0.0447071704824	0.01702457803	-0.0677497257504	-0.0849929430715	-0.0182940314843	0.0302787080828	-0.0492406542735
k__Bacteria;p__Bacteroidetes;c__Bacteroidia;o__Bacteroidales;f__Rikenellaceae;g__Alistipes;s__Alistipes_putredinis	0.00840222964428	0.0226438349054	1.0	-0.00991989198545	-0.00972464207245	0.0694199198316	-0.0078238454345	0.00476803308643	-0.0124907777786	0.0127560456614	0.0259346907764	-0.0634938457151	-0.0208633129484	-0.0265615291737	-0.0147811967864	0.0129614902838	-0.0500736925841	-0.0120987235711	-0.0445084699855	-0.0167146287641	-0.0245502807155	-0.00405322650356	-0.0482749636882	-0.0506099871042	0.0282079790624	0.0204129410827	0.0388501190272	-0.0259691252562	0.0181321797615	-0.0479085204959	-0.0119616118516	0.0138546491838	-0.0124696329738	0.0188671359345	-0.0329354104158	0.0120710507482	0.0331719499976	0.00338352428974	-0.0378201910749	-0.0132893517151	-0.0640053408539	0.0226526441421	0.0319490541737	-0.0378164637269	-0.01938810508	0.0142488444366	-0.0106313392805	-0.0183940057773	-0.0481017205266	-0.0490952953192	-0.0453346460332	-0.00707361983237	0.0232683427949	0.0180806640984	-0.028169917084	-0.000390763286531	-0.0437692801833	0.0646846555772	-0.0716357913941
k__Bacteria;p__Bacteroidetes;c__Bacteroidia;o__Bacteroidales;f__Prevotellaceae;g__Prevotella;s__Prevotella_copri	-0.0319895886898	0.0561115808839	-0.00991989198545	1.0	-0.0474323100455	0.0207757945307	0.0286063641407	-0.0462596665874	-0.067436117301	0.00192242238514	-0.00360746944077	-0.0552163184019	-0.0238551052173	0.0193598125716	0.0138219965934	0.0150469203315	-0.0336945139154	0.0154130703387	-0.0339357839938	-0.0276261782129	0.00912115513654	-0.0439611669029	0.0597257649705	-0.0183288318232	0.062163983583	-0.00148231915496	-0.0238815229782	-0.0695790709163	0.013072255707	2.0308301669e-06	0.00411194997317	-0.0343706086325	0.0557449978262	0.0114220874605	-0.017718828553	-0.0404192073282	0.0526488437194	-0.00954298271236	-0.00833208832732	0.0517439260197	0.00751656167757	-0.0130489330358	0.0275758678704	-0.0407804922674	-0.0813220847507	-0.00719088439296	-0.00323252905063	0.00841904194752	-0.024866926179	-0.00223183627623	0.0203100993281	-0.0333377439613	0.0197182247701	0.045296970607	0.0325505250149	-0.0171887994807	0.0281509854632	-0.00719823740224	-0.0071861209951
k__Bacteria;p__Bacteroidetes;c__Bacteroidia;o__Bacteroidales;f__Bacteroidaceae;g__Bacteroides;s__Bacteroides_stercoris	-0.00508796453475	0.0344033324177	-0.00972464207245	-0.0474323100455	1.0	-0.0609454139454	-0.0353601510436	-0.0136446125346	-0.0430329618142	-0.0249298486108	-0.00219309682069	-0.0375464450429	-0.0156613056799	-0.0418267371241	0.0018901990459	-0.0238488787203	-0.0165545474985	0.0199994797104	0.0442477380475	-0.0137414520598	-0.00520472267052	0.00387909771099	0.0321901418898	0.0187111052369	-0.0239220004991	-0.095522399548	0.0311573512198	-0.00897530808192	0.0098612172495	-0.0672007775324	0.0472996907651	0.0312897810296	0.0467550718067	-0.00257690357922	-0.0297939982344	-0.00859835997101	-0.0293530844034	0.0174534086593	0.0594150912447	0.0214570482529	0.00705562923426	0.00650174746059	0.00844548161058	-0.038450598133	0.0137168284459	-0.0165844442523	-0.0755494696067	-0.0198813127329	-0.0111481251161	-0.0286599162066	0.0206413607029	0.0103557076771	-0.00144420959525	-0.0285511682197	-0.00763613365323	-0.0344374198265	-0.0446903972562	-0.00578207735774	-0.0407993492733
k__Bacteria;p__Bacteroidetes;c__Bacteroidia;o__Bacteroidales;f__Bacteroidaceae;g__Bacteroides;s__Bacteroides_ovatus	-0.0343517002144	-0.00549096257221	0.0694199198316	0.0207757945307	-0.0609454139454	1.0	-0.0129737774982	0.00558539645648	-0.00482197901567	0.0182106528323	-0.00861679441137	-0.0186923518577	-0.0220873008745	-0.0375449723827	-0.110831436139	0.0782009725239	0.00468379574604	-0.031811875381	-0.0420391598846	-0.034681085414	-0.0718164514836	-0.00508169737945	0.0148865856049	-0.0377458142752	0.00646302464268	-0.00484584202646	0.0093664391027	-0.0513322878194	0.0227942875279	-0.0072882635865	-0.0283914327564	-0.0445548636806	-0.0452683943857	0.0528990829448	0.0220108254517	-0.0314675523733	0.012882615233	-0.017634817633	-0.0338285790223	-0.00754093708636	-0.00483367070969	-0.0226566629266	-0.00850312861566	0.106980083596	0.0101686459593	-0.0618685897536	-0.0149259486768	0.011864793361	0.00783239787977	-0.0353797951634	0.033467680046	0.0139653859748	0.00665354106879	0.0522275458745	0.00466679310391	0.0504591133928	-0.00174078847273	-0.00631848212769	0.0062655585357
k__Bacteria;p__Bacteroidetes;c__Bacteroidia;o__Bacteroidales;f__Rikenellaceae;g__Alistipes;s__Alistipes_shahii	0.00440140151099	-0.0144534980744	-0.0078238454345	0.0286063641407	-0.0353601510436	-0.0129737774982	1.0	0.0178673874732	0.0442775424806	-0.0439081753847	-0.0575466175427	-0.0102499317043	-0.00922115705371	-0.0443719309496	-0.0483463175115	0.0685012753941	-0.0188059400133	0.0398235462079	-0.0571030377593	0.0204620724321	-0.0130687877309	-0.0283638165439	0.0365568835882	-0.0123234232998	0.0356850740779	0.0167081128013	-0.0428336595832	0.0211019222661	-0.0162038597466	0.0173792293592	0.0430721620866	0.00650948284474	-0.0110671743304	-0.0243713300562	-0.0199510264782	-0.00508549568976	-0.00110458705189	-0.0343305134945	-0.0252607167461	0.0331807971162	0.00134852052273	-0.00490328054506	-0.00572724922197	0.0108931917312	-0.0261858614035	-0.0005580939049	-0.0324585634841	-0.0262817629972	-0.038257295793	-0.0120842906498	-0.00660515177514	0.0195547483216	0.0342305932121	-0.0321545561051	0.0356449445747	0.00625449745955	0.0455019950245	0.00281534021849	0.0158821015453
k__Bacteria;p__Firmicutes;c__Clostridia;o__Clostridiales;f__Ruminococcaceae;g__Faecalibacterium;s__Faecalibacterium_prausnitzii	-0.0238346543873	-0.0169748751116	0.00476803308643	-0.0462596665874	-0.0136446125346	0.00558539645648	0.0178673874732	1.0	0.0297354259102	0.0751660994705	-0.00242169343813	-0.0125212125455	-0.0298846721071	-0.0373298748112	-0.00085393006809	-0.0016474597875	0.0211852328431	-0.0363842433419	0.014521598735	0.0126794785798	-0.0813189880393	-0.0241727567155	0.0136154089699	-0.0299919761193	-0.0260945540668	-0.00247405583733	-0.0177138031172	-0.0320416541289	-0.0596994996275	-0.0233785466278	0.0259366400747	-0.00163334068021	-0.00847182265338	-0.0104890191848	0.0174183599098	0.00547954652225	-0.00716736888378	0.0515628090314	0.0033278047786	-0.0172168989889	0.00715947748028	-0.0382749323629	-0.000363377603051	0.0212617184021	0.00142946225118	-0.0287520225775	-0.0210692451594	-0.0230051138888	-0.0475112967036	0.0164366714714	-0.00366983069192	-0.0517147480861	-0.0215970969622	0.0362784945783	0.0131566436169	-0.00278475675474	-0.077989722062	-0.0385958335969	-0.00760744844701
k__Bacteria;p__Bacteroidetes;c__Bacteroidia;o__Bacteroidales;f__Rikenellaceae;g__Alistipes;s__Alistipes_finegoldii	-0.0035610603236	-0.0588061539374	-0.0124907777786	-0.067436117301	-0.0430329618142	-0.00482197901567	0.0442775424806	0.0297354259102	1.0	-0.0499589818792	-0.0435975135515	-0.00748448070176	-0.0509529440411	-0.00517655929853	0.00305418289275	0.00483336672449	0.0435631378544	-0.0188830193535	0.00196917535153	0.0269646936042	0.0319848227988	0.0275875998174	0.000276295908089	0.0486117613413	-0.0640056874655	-0.0246923451112	0.0029222515453	-0.0389009952412	0.0283523101072	-0.0188846574861	-0.00773749926288	-0.0229782703527	0.0253767389957	-0.00701399101874	0.00647374737121	-0.0676339129542	0.0440841760964	0.0224390966358	0.017862278469	0.0194788525769	0.0202491680974	-0.0505768312427	-0.0101676627126	-0.0164532189541	0.0171325999525	-0.00927343938857	-0.010395395526	0.0223504469911	-0.00487116574655	-0.0293087667246	-0.0325090744447	0.0450135149267	0.0069253178242	-0.0337940442406	-0.00655840302487	0.0181837505794	-0.00750805167233	0.0103303063802	0.0217403871695
k__Bacteria;p__Bacteroidetes;c__Bacteroidia;o__Bacteroidales;f__Porphyromonadaceae;g__Parabacteroides;s__Parabacteroides_distasonis	-0.0145825466011	0.015031479588	0.0127560456614	0.00192242238514	-0.0249298486108	0.0182106528323	-0.0439081753847	0.0751660994705	-0.0499589818792	1.0	0.0141594311615	0.0165463688838	0.0123836725006	0.00893917292994	-0.00384648264638	-0.0165449460291	-0.0432080148469	-0.00450152902582	-0.0213995592484	-0.00970871487453	-0.0108948391566	-0.0203160711298	-0.0538497837182	-0.0328978134242	0.0771611252802	-0.00555775173722	-0.0200314339279	0.00426215653336	0.0426410839601	-0.0238652403455	-0.0240568916066	-0.0209385809764	-0.00227715679105	-0.0467860149557	-0.0283424266201	-0.0104867268874	-0.027400563564	-0.0265231055685	-0.0339237408861	0.0233067872194	0.0114893914327	-0.0493954731463	0.0311755295895	0.038528020379	0.0374369973048	0.00975919201318	-0.0340428018149	-0.0156499231338	-0.0366772859889	0.0330717991851	-0.00832841178017	0.0359371990971	-0.0190972422575	-0.00412404684801	-0.00963763147844	0.0635293947987	-0.0530579281825	-0.0570921220468	-0.0592708849565
k__Bacteria;p__Bacteroidetes;c__Bacteroidia;o__Bacteroidales;f__Bacteroidaceae;g__Bacteroides;s__Bacteroides_thetaiotaomicron	-0.00405954070355	0.00459234842068	0.0259346907764	-0.00360746944077	-0.00219309682069	-0.00861679441137	-0.0575466175427	-0.00242169343813	-0.0435975135515	0.0141594311615	1.0	-0.0141415741923	-0.00590310050687	-0.00331914102667	0.0392931680413	-0.026703522795	0.00832039865137	-0.0710221929242	0.039960949633	-0.0236205744407	-0.00485708332416	-0.020484790753	-0.0498113015092	0.0160569833938	0.00561976504012	-0.0107677406643	-0.00331051154811	-0.0327252757255	-0.00127868065435	0.0226321678272	0.0118440592959	-0.0205563230775	0.0222629755057	0.0227976466076	-0.0118764611376	-0.00401968951209	0.0327369020073	0.0413527070918	0.0385356765795	-0.00673724745399	-0.00832691012658	0.00604476306881	-0.0365266049607	-0.0186818583723	0.00484287227631	-0.0268062330804	0.00229864158781	-0.040295723243	-0.00697962854094	-0.00237403855275	-0.0205180394883	0.00777974617165	0.04488092335	-0.037752395296	-0.0191305569707	-0.0126850396996	-0.033655350096	0.0224677048969	-0.0417068303078
k__Bacteria;p__Bacteroidetes;c__Bacteroidia;o__Bacteroidales;f__Bacteroidaceae;g__Bacteroides;s__Bacteroides_coprocola	-0.0450053755295	-0.0411930300526	-0.0634938457151	-0.0552163184019	-0.0375464450429	-0.0186923518577	-0.0102499317043	-0.0125212125455	-0.00748448070176	0.0165463688838	-0.0141415741923	1.0	0.0255809838759	-0.0309107099628	-0.00255487548539	0.0519977346867	-0.0238756064981	0.0171655914739	-0.0470373623751	0.0364287469763	0.0953739821966	-0.010368771815	0.00309847626019	0.0114645693736	-0.0831438591644	0.0255642032872	0.0275310131702	-0.0522561097718	-0.0440463353785	-0.0731219471225	-0.0500191699526	0.0161273035693	0.030403452219	0.043405997653	-0.0252310778803	0.00579307341876	0.00345876458644	0.0619332721802	-0.017298821957	0.0226824989864	0.00483108596774	-0.00555035244567	-0.0224088525965	0.0362708640003	0.0156238090741	-0.000541813370564	-0.0122554240205	-0.0316076886875	0.0140429293865	0.00268945521203	-0.00738930150463	-0.000175826122886	0.055542498697	-0.0149605009839	0.00170083467763	-0.00143550603768	-0.0264455325612	-0.0330466507173	-0.0368959203121
k__Bacteria;p__Bacteroidetes;c__Bacteroidia;o__Bacteroidales;f__Bacteroidaceae;g__Bacteroides;s__Bacteroides_cellulosilyticus	-0.00438467258451	-0.0107797178724	-0.0208633129484	-0.0238551052173	-0.0156613056799	-0.0220873008745	-0.00922115705371	-0.0298846721071	-0.0509529440411	0.0123836725006	-0.00590310050687	0.0255809838759	1.0	0.0606840757068	0.0533415856098	0.019485222283	-0.0369811034415	-0.00228156748783	-0.0135709203805	0.0131424078958	-0.0234088344158	-0.0687097385377	0.0738546318964	-0.00872284776133	0.00397829215794	-0.0204657654306	-0.0218990252724	0.00345564275558	0.00585477239393	-0.0027083765433	0.0175732644986	0.00411035135853	-0.0077132609329	-0.0395926111023	-0.0160907430126	-0.0179839238035	0.0183329100641	-0.016705355239	0.00402912709216	-0.0435876046888	-0.118285300348	-0.0303153741848	-0.0773638505431	0.00621334683859	0.0177568767003	-0.00863679810017	0.0121837452332	-0.0146844625692	-0.0150350211733	0.0118015203744	-0.0229272505654	-0.0395052870752	-0.0393707638883	0.00857718766065	0.0366876896291	0.00278755216024	0.02581254943	-0.0331931289464	0.060583812936
k__Bacteria;p__Bacteroidetes;c__Bacteroidia;o__Bacteroidales;f__Rikenellaceae;g__Alistipes;s__Alistipes_obesi	0.015347642023	0.00742273941533	-0.0265615291737	0.0193598125716	-0.0418267371241	-0.0375449723827	-0.0443719309496	-0.0373298748112	-0.00517655929853	0.00893917292994	-0.00331914102667	-0.0309107099628	0.0606840757068	1.0	-0.0238470252251	-0.0154543570629	-0.0196565595978	-0.00667929970043	0.00501172244193	-0.0188929318322	0.00852798986263	-0.060968864547	0.0467304325149	-0.0146066516284	0.0319566878348	-0.0439274825465	-0.0497888091563	-0.00693745970277	-0.031695123985	0.00448636267307	0.0432765780227	0.0161534846947	-0.0658190185892	0.00593799719759	-0.0072549277197	-0.00278895012493	-0.00548812591831	0.0262342274513	-0.0177850603714	0.00894618229868	-0.0315203374436	-0.0302244620849	0.0465366275595	-0.0187430071812	-0.00376461023029	-0.0620949936418	0.00458082153109	0.0380413317004	0.0258890753445	0.0126610718667	0.0150957860868	-0.0333387077934	0.0214819430594	-0.0221191295823	0.00214655280722	0.0325004351504	-0.0149288105149	-0.00170264074462	-0.0738784711689
k__Bacteria;p__Firmicutes;c__Clostridia;o__Clostridiales;f__Lachnospiraceae;g__;s__[Eubacterium]_rectale	-0.0748361283531	-0.0103746957899	-0.0147811967864	0.0138219965934	0.0018901990459	-0.110831436139	-0.0483463175115	-0.00085393006809	0.00305418289275	-0.00384648264638	0.0392931680413	-0.00255487548539	0.0533415856098	-0.0238470252251	1.0	-0.0697248078442	0.0220097361552	-0.0328026818625	0.0010936798544	0.0376138384008	-0.0222482814635	-0.0445203007168	0.022033909101	0.0659741591701	0.0332426483969	0.0109541839394	0.00745023266758	0.0342814734386	-0.0689417875763	-0.0109688635029	-0.0097797562991	-0.0407456131009	-0.0393238002783	-0.0340690991341	-0.0271311768557	-0.0331289328971	-0.0217043251405	-0.0464841193026	-0.00407081937688	-0.0517438168277	0.042900532593	-0.0339750153522	-0.02092664657	-0.0347026862358	0.030502826332	0.0433611406524	0.033820464386	0.0426419400665	-0.0336269446462	-0.0113389891616	-0.0264004967939	0.0744243788279	-0.0203289673372	0.0157090111463	0.00340636840943	-0.0613620168745	0.00844824800988	-0.0160808964499	-0.0179053685848
k__Bacteria;p__Bacteroidetes;c__Bacteroidia;o__Bacteroidales;f__Bacteroidaceae;g__Bacteroides;s__Bacteroides_plebeius	-0.0335918479488	-0.0580573936031	0.0129614902838	0.0150469203315	-0.0238488787203	0.0782009725239	0.0685012753941	-0.0016474597875	0.00483336672449	-0.0165449460291	-0.026703522795	0.0519977346867	0.019485222283	-0.0154543570629	-0.0697248078442	1.0	-0.0350555195197	-0.0454035199694	-0.040041448056	-0.06529870104	0.0274664492989	-0.0269321619823	-0.00527502065867	0.00623188056503	-0.0154140060002	0.0301979301869	0.0432113071825	-0.00533923483722	-0.0245858105802	0.0101581172971	0.016628172479	-0.0399487160455	-0.0434243610633	-0.0260930508374	0.00330205052594	-0.0194043530473	-0.0243521474162	0.0177418418149	-0.0353038968194	-0.0340016242968	-0.0791101316256	0.0406483241322	0.0184961416223	-0.0190646103418	-0.0521793195752	-0.0393912529005	-0.0226054945203	-0.0043388371891	0.0582057710669	-0.0661909555328	0.000476513654075	0.0150128543989	-0.0240863866708	0.0501150122088	0.0612168492804	-0.0413632239676	0.00761323009539	0.0268436966343	-0.01780325311
k__Bacteria;p__Bacteroidetes;c__Bacteroidia;o__Bacteroidales;f__Bacteroidaceae;g__Bacteroides;s__Bacteroides_fragilis	-0.00585408725972	-0.0320782280075	-0.0500736925841	-0.0336945139154	-0.0165545474985	0.00468379574604	-0.0188059400133	0.0211852328431	0.0435631378544	-0.0432080148469	0.00832039865137	-0.0238756064981	-0.0369811034415	-0.0196565595978	0.0220097361552	-0.0350555195197	1.0	-0.0130329600989	-0.0116358481732	-0.0119982146941	0.0118972118643	-0.0171319931669	-0.0400011391016	-0.00860126257105	-0.0230327448908	-0.00600883859847	0.040843186654	0.00913321313639	-0.0265269934813	-0.0247138700749	0.0151066932058	-0.0326138820393	-0.0143646019407	-0.0258415088293	-0.00756361326385	-0.0108876843672	-0.0198133474041	0.0343995352459	-0.00845504339221	0.0207206545371	0.00941526213234	-0.0343040591654	-0.0298893542332	0.0110604994884	-0.00800087286505	-0.0142087914929	-0.0386565488655	-0.0149845283399	0.0161643615376	0.0164237589331	-0.0204706514881	0.00302858622923	-0.0305133070335	-0.0207850805346	0.0159009766723	-0.00687536738317	0.010344096851	-0.0193993542696	0.0192834619506
k__Bacteria;p__Proteobacteria;c__Betaproteobacteria;o__Burkholderiales;f__Sutterellaceae;g__Sutterella;s__Sutterella_wadsworthensis	-0.010364368838	-0.00651756979558	-0.0120987235711	0.0154130703387	0.0199994797104	-0.031811875381	0.0398235462079	-0.0363842433419	-0.0188830193535	-0.00450152902582	-0.0710221929242	0.0171655914739	-0.00228156748783	-0.00667929970043	-0.0328026818625	-0.0454035199694	-0.0130329600989	1.0	0.0306370413995	0.0622871389415	0.00538941143572	-0.0167853841099	-0.0499639058156	-0.0432685095779	0.0650186168557	-0.021653771322	-0.00851398244406	-0.0492753124025	-0.000536749847231	0.0197503559757	-0.0214158289384	0.0181804276914	0.0315937354666	0.00617274429313	-0.0255995351144	0.0343407110675	-0.0346107165994	0.0432250926491	0.0267344513415	0.00316504580742	-0.0185546675754	0.0230522911998	-0.0311128626713	-0.0559868776524	-0.0045214884454	-0.0368483784918	-0.0124224275372	-0.0131693605283	0.0315636198298	0.0213969334589	-0.0388684039082	-0.0507827255734	-0.0572745245025	-0.0320068318241	-0.0773765509928	0.053232397302	-0.0144945718778	-0.0260262065585	0.039826623839
k__Bacteria;p__Bacteroidetes;c__Bacteroidia;o__Bacteroidales;f__Porphyromonadaceae;g__Barnesiella;s__Barnesiella_intestinihominis	0.000739515396386	0.0139742323277	-0.0445084699855	-0.0339357839938	0.0442477380475	-0.0420391598846	-0.0571030377593	0.014521598735	0.00196917535153	-0.0213995592484	0.039960949633	-0.0470373623751	-0.0135709203805	0.00501172244193	0.0010936798544	-0.040041448056	-0.0116358481732	0.0306370413995	1.0	0.0386553408599	-0.0736793968967	0.0221531763295	-0.030045069574	0.0158069671907	-0.0430562083434	0.0137463610206	0.0125879741253	0.0104506673959	0.0884404449485	-0.0197843186646	0.0236329497061	0.0167073472791	-0.0149929098818	-0.0158927371327	0.0114855101622	-0.0551673521793	-0.0315771709984	-0.00923390177784	0.0359478643301	0.0214348975634	0.0193665411254	0.0233954841739	-0.0243971499207	-0.0389259621296	-0.0283213174127	0.020179840404	-0.00825756798811	-0.0444544659522	0.0137461908516	0.0134863837818	-0.0128269428298	0.0021354308901	0.0135469554544	0.0154031086575	-0.0501135961428	-0.0516098005025	0.00160636452965	-0.0122500685608	0.043746367661
k__Bacteria;p__Bacteroidetes;c__Bacteroidia;o__Bacteroidales;f__Odoribacteraceae;g__Odoribacter;s__Odoribacter_splanchnicus	0.0516216753789	0.00316549197127	-0.0167146287641	-0.0276261782129	-0.0137414520598	-0.034681085414	0.0204620724321	0.0126794785798	0.0269646936042	-0.00970871487453	-0.0236205744407	0.0364287469763	0.0131424078958	-0.0188929318322	0.0376138384008	-0.06529870104	-0.0119982146941	0.0622871389415	0.0386553408599	1.0	-0.00219028481681	0.0349430079418	0.0391580940694	0.0193889651207	0.0316272350399	-0.0355387298592	0.00801515168808	0.00272354461862	-0.0339322430944	0.0247568422976	-0.0281838681223	0.0262398101046	0.032935682102	0.0156792402835	-0.025405243298	0.0533601754654	-0.0469235424478	0.0181294066731	-0.0222885581922	-0.00608051259771	-0.0372588063097	-0.047331841205	-0.00896152928734	-0.0399349923957	0.00331638126632	-0.00828182328651	-0.0313503093527	-0.0732273037277	-0.0111051161617	-0.0296181387188	0.0366479275782	-0.00821392266094	0.0224400719231	-0.0719894096928	-0.0659022088254	-0.00845413260765	0.0250380426798	0.0145879200781	-0.0206796176088
k__Bacteria;p__Bacteroidetes;c__Bacteroidia;o__Bacteroidales;f__Bacteroidaceae;g__Bacteroides;s__Bacteroides_salyersiae	-0.0133069254433	-0.0406670120454	-0.0245502807155	0.00912115513654	-0.00520472267052	-0.0718164514836	-0.0130687877309	-0.0813189880393	0.0319848227988	-0.0108948391566	-0.00485708332416	0.0953739821966	-0.0234088344158	0.00852798986263	-0.0222482814635	0.0274664492989	0.0118972118643	0.00538941143572	-0.0736793968967	-0.00219028481681	1.0	-0.00681517550257	0.03931135953	-0.0376522353061	-0.0281486959484	0.0334740495826	-0.0110144334202	-0.0783658753144	-0.00334759952558	0.0351174989333	-0.0593314929214	-0.0693346272204	-0.112893121022	-0.0130885420642	0.0126468665275	-0.0350434206302	0.0270267157551	-0.0177802554471	-0.042991817477	-0.0184723349096	-0.00851401511843	0.00375789177072	-0.0558203098196	0.0333018837203	-0.0147609278239	0.0366035283269	0.0313883454204	-0.0260030602779	0.00739031764932	-0.002548597518	-0.0107299401765	5.62657361203e-06	-0.0670050815833	0.00974787856509	0.000430705579382	0.0241929188382	0.0475943374308	-0.00145746291183	0.0273800257304
k__Bacteria;p__Firmicutes;c__Clostridia;o__Clostridiales;f__Ruminococcaceae;g__Ruminiclostridium;s__[Eubacterium]_siraeum	-0.00505161882982	1.3345275325e-06	-0.00405322650356	-0.0439611669029	0.00387909771099	-0.00508169737945	-0.0283638165439	-0.0241727567155	0.0275875998174	-0.0203160711298	-0.020484790753	-0.010368771815	-0.0687097385377	-0.060968864547	-0.0445203007168	-0.0269321619823	-0.0171319931669	-0.0167853841099	0.0221531763295	0.0349430079418	-0.00681517550257	1.0	-0.0508928767842	0.0562951059204	0.0439303107017	0.0100479539169	0.0134382123884	-0.0295835014647	0.0524748338673	-0.012354396219	-0.0365412403594	0.0039381471431	-0.0428953188346	0.01690039889	-0.0397032843215	0.0233878817992	-0.00404755374278	-0.0610425432388	0.0666684225947	0.0106874188919	0.0431822916571	0.0134699730316	-0.0340319613523	-0.0226373787337	0.00342904364065	0.0358297870791	0.0341549663593	0.0114916548399	-0.0445376781147	-0.0281415664995	-0.025529157793	-0.00179281135973	0.0350021749482	0.0167964852038	-0.00610749787989	-0.00488672409892	-0.00987710641912	-0.027601781326	0.0150593143685
k__Bacteria;p__Proteobacteria;c__Betaproteobacteria;o__Burkholderiales;f__Sutterellaceae;g__Parasutterella;s__Parasutterella_excrementihominis	-0.0564673622755	0.0501780699747	-0.0482749636882	0.0597257649705	0.0321901418898	0.0148865856049	0.0365568835882	0.0136154089699	0.000276295908089	-0.0538497837182	-0.0498113015092	0.00309847626019	0.0738546318964	0.0467304325149	0.022033909101	-0.00527502065867	-0.0400011391016	-0.0499639058156	-0.030045069574	0.0391580940694	0.03931135953	-0.0508928767842	1.0	0.0631421494466	-0.0466411286104	-0.0334437845438	-0.00677323246892	0.0286016598977	-0.00956700118032	0.00395903780402	-0.0150128063191	-0.0622650705927	0.00848563155243	-0.0118050447444	0.0355799675764	0.00621862638226	-0.0160731048306	0.00441097622075	0.0570255557611	-0.0108491693333	-0.0126701771948	-0.0153783288355	0.0209911873708	-0.0395679624338	-0.0457839979873	-0.0150170045319	0.0122054132965	-0.0167387490019	0.0334513054861	-0.00790027824725	-0.0435651392509	0.00915946572998	-0.0171212328328	0.0346772681657	0.0391074233751	-0.00771883047036	0.0048024001152	-0.0163453288688	0.0304535553168
k__Bacteria;p__Actinobacteria;c__Actinobacteria;o__Bifidobacteriales;f__Bifidobacteriaceae;g__Bifidobacterium;s__Bifidobacterium_adolescentis	0.00913734544029	-0.0339593312958	-0.0506099871042	-0.0183288318232	0.0187111052369	-0.0377458142752	-0.0123234232998	-0.0299919761193	0.0486117613413	-0.0328978134242	0.0160569833938	0.0114645693736	-0.00872284776133	-0.0146066516284	0.0659741591701	0.00623188056503	-0.00860126257105	-0.0432685095779	0.0158069671907	0.0193889651207	-0.0376522353061	0.0562951059204	0.0631421494466	1.0	0.0599392156362	-0.042663463007	-0.014933461212	0.0430650270223	0.0188297994906	0.0158497555051	0.004713914641	-0.0227258387744	-0.0172749705858	-0.0436050684934	-0.0485298853157	0.0116312919794	-0.0269677244823	-0.0258913640611	-0.052674288123	0.00958848567551	-0.0132419831112	0.0127886568993	-0.0166749727864	-0.0591283774239	0.0312034696965	0.0195076072534	-0.0617717724295	0.0235233350481	-0.00611775023076	-0.0428639253666	-0.0612519858229	0.0170142756793	-0.0120761234568	-0.0188250933933	-0.0822103530632	-0.0440986005175	-0.0435868019905	-0.0145571229043	-0.0319093472347
k__Bacteria;p__Firmicutes;c__Clostridia;o__Clostridiales;f__Oscillospiraceae;g__Oscillibacter;s__Oscillibacter_sp._KLE_1745	-0.0691422113818	-0.0148105835339	0.0282079790624	0.062163983583	-0.0239220004991	0.00646302464268	0.0356850740779	-0.0260945540668	-0.0640056874655	0.0771611252802	0.00561976504012	-0.0831438591644	0.00397829215794	0.0319566878348	0.0332426483969	-0.0154140060002	-0.0230327448908	0.0650186168557	-0.0430562083434	0.0316272350399	-0.0281486959484	0.0439303107017	-0.0466411286104	0.0599392156362	1.0	0.0123445674403	0.00137051703826	-0.0600721735364	-0.0175899587733	0.00822577589348	-0.0178958081013	0.0216849730738	0.00704285326248	-0.0409206988964	-0.00567315036864	0.0246205624162	-0.0379181303562	-0.0271432652565	0.00618976900909	-0.0473581336292	0.0240321553233	-0.00626858229543	0.0060601858232	0.0274702476413	-0.0553932027544	-0.0236354273579	0.0136547889053	0.0206125017962	-0.0267675157312	-0.0264201036711	-0.00316622447873	-0.0798069156105	-0.0325690926068	0.00123511331161	-0.0298858178816	0.0117501660943	0.00957714480512	0.0127566102975	0.051533144185
k__Bacteria;p__Bacteroidetes;c__Bacteroidia;o__Bacteroidales;f__Bacteroidaceae;g__Bacteroides;s__Bacteroides_coprophilus	-0.0438968342847	0.0551094767603	0.0204129410827	-0.00148231915496	-0.095522399548	-0.00484584202646	0.0167081128013	-0.00247405583733	-0.0246923451112	-0.00555775173722	-0.0107677406643	0.0255642032872	-0.0204657654306	-0.0439274825465	0.0109541839394	0.0301979301869	-0.00600883859847	-0.021653771322	0.0137463610206	-0.0355387298592	0.0334740495826	0.0100479539169	-0.0334437845438	-0.042663463007	0.0123445674403	1.0	-0.040522018186	-0.0398384887833	-0.0107434241354	0.00602502203658	0.00383894391992	-0.067638920727	-0.0730789657318	-0.0408303731471	0.0372693712682	-0.0454809078055	-0.00799408938684	-0.0111323084035	0.0147011152674	-0.0619831223628	-0.0187075888396	0.0212101945549	0.0350967350648	-0.021069794853	0.00757914921599	-0.0117169737956	-0.0100941201027	-0.0017207633573	0.00381889520722	0.0143087546646	-0.00205955310434	0.00789453222845	-0.00827414246188	0.0261808404599	-0.00118770467839	0.0438414379208	-0.0243503931267	0.0282780925879	-0.0552608750927
k__Bacteria;p__Firmicutes;c__Clostridia;o__Clostridiales;f__Lachnospiraceae;g__Roseburia;s__Roseburia_intestinalis	0.0315885578726	-0.00826502842869	0.0388501190272	-0.0238815229782	0.0311573512198	0.0093664391027	-0.0428336595832	-0.0177138031172	0.0029222515453	-0.0200314339279	-0.00331051154811	0.0275310131702	-0.0218990252724	-0.0497888091563	0.00745023266758	0.0432113071825	0.040843186654	-0.00851398244406	0.0125879741253	0.00801515168808	-0.0110144334202	0.0134382123884	-0.00677323246892	-0.014933461212	0.00137051703826	-0.040522018186	1.0	-0.0243286179591	0.0260821734682	0.0402197585403	-0.00444670441737	0.0466848541754	-0.050378583806	0.00280639187891	0.00199610624636	-0.00155717996255	-0.0439508684849	-0.0344819894686	0.0336146093903	-0.037247617833	-0.0393905175153	0.00360841270802	-0.0119651925282	0.00420771586886	-0.0224441977418	-0.0189724759936	-0.0241517866087	-0.0764444377767	-0.0269380139087	0.0583631826817	-0.0720056027824	0.0315794245077	0.00768856337927	0.0166689919182	-0.00169770081094	0.00957423116347	0.04465456341	0.0291806849543	-0.0301846565476
k__Bacteria;p__Firmicutes;c__Clostridia;o__Clostridiales;f__Lachnospiraceae;g__Roseburia;s__Roseburia_hominis	0.0169914634029	-0.0538757402816	-0.0259691252562	-0.0695790709163	-0.00897530808192	-0.0513322878194	0.0211019222661	-0.0320416541289	-0.0389009952412	0.00426215653336	-0.0327252757255	-0.0522561097718	0.00345564275558	-0.00693745970277	0.0342814734386	-0.00533923483722	0.00913321313639	-0.0492753124025	0.0104506673959	0.00272354461862	-0.0783658753144	-0.0295835014647	0.0286016598977	0.0430650270223	-0.0600721735364	-0.0398384887833	-0.0243286179591	1.0	0.00253332469903	-0.0362934499033	0.0393254464967	-0.0365719474611	0.0265075506259	0.00535115482145	0.0369839324304	-0.0469827014943	0.000586146914445	0.0381422446757	-0.0334014721411	0.00223157898165	0.00995001091761	0.0121480451526	-0.0118357995392	0.0153499901662	0.0846923842636	0.00559969162358	-0.0082531581454	0.0354872475677	-0.00452804328029	0.00550424447326	-0.00794222734222	0.0156767155558	-0.0251847718511	0.0535517570187	-0.00426182511442	0.000183588039588	-0.00468613358591	-0.0486663467998	-0.0150598496939
k__Bacteria;p__Bacteroidetes;c__Bacteroidia;o__Bacteroidales;f__Porphyromonadaceae;g__Parabacteroides;s__Parabacteroides_johnsonii	0.0331245484362	-0.000112228383701	0.0181321797615	0.013072255707	0.0098612172495	0.0227942875279	-0.0162038597466	-0.0596994996275	0.0283523101072	0.0426410839601	-0.00127868065435	-0.0440463353785	0.00585477239393	-0.031695123985	-0.0689417875763	-0.0245858105802	-0.0265269934813	-0.000536749847231	0.0884404449485	-0.0339322430944	-0.00334759952558	0.0524748338673	-0.00956700118032	0.0188297994906	-0.0175899587733	-0.0107434241354	0.0260821734682	0.00253332469903	1.0	-0.0111625083724	0.00480764149424	-0.0330939816783	0.0429707832589	0.02080917455	-0.0665954922326	0.0416571011168	0.0186399711215	0.0307066637305	0.0189868267597	-0.0564793175263	-0.0476986438635	0.0102926119111	-0.00785462745288	-0.0515739091466	-0.0305565633311	-0.053268545654	0.100276042462	-0.0225202015077	0.0146910371956	-0.0719867485654	-0.00582417661654	-0.0505850578487	0.012082945708	-0.00386266328579	-0.0306686679314	0.00633159470922	-0.00971013652451	0.0133978017318	0.0100660540749
k__Bacteria;p__Actinobacteria;c__Actinobacteria;o__Bifidobacteriales;f__Bifidobacteriaceae;g__Bifidobacterium;s__Bifidobacterium_longum	-0.0171523185867	-0.00835335015581	-0.0479085204959	2.03083016673e-06	-0.0672007775324	-0.0072882635865	0.0173792293592	-0.0233785466278	-0.0188846574861	-0.0238652403455	0.0226321678272	-0.0731219471225	-0.0027083765433	0.00448636267307	-0.0109688635029	0.0101581172971	-0.0247138700749	0.0197503559757	-0.0197843186646	0.0247568422976	0.0351174989333	-0.012354396219	0.00395903780402	0.0158497555051	0.00822577589348	0.00602502203658	0.0402197585403	-0.0362934499033	-0.0111625083724	1.0	-0.0501358907828	-0.0168680534914	0.013011468995	-0.0426667048285	-0.000749832742115	-0.0167013030176	0.0193427918269	-0.0656203004748	0.00217508830478	-0.00703760130396	-0.0064290976295	-0.0337746310607	-0.0103371538141	0.0019558618414	0.0258889490506	0.00146350817368	0.0266062432965	-0.01287162202	-0.00372964736754	-0.0118467757211	-0.0161390036147	-0.0492992550295	0.00870991811386	-0.00892226131612	-0.0323549318345	-0.0201153701502	-0.0282222170535	-0.0159788199635	0.0793578436483
