#taxonomy	k__Bacteria;p__Bacteroidetes;c__Bacteroidia;o__Bacteroidales;f__Bacteroidaceae;g__Bacteroides;s__Bacteroides_vulgatus	k__Bacteria;p__Bacteroidetes;c__Bacteroidia;o__Bacteroidales;f__Bacteroidaceae;g__Bacteroides;s__Bacteroides_uniformis	k__Bacteria;p__Bacteroidetes;c__Bacteroidia;o__Bacteroidales;f__Rikenellaceae;g__Alistipes;s__Alistipes_putredinis	k__Bacteria;p__Bacteroidetes;c__Bacteroidia;o__Bacteroidales;f__Prevotellaceae;g__Prevotella;s__Prevotella_copri	k__Bacteria;p__Bacteroidetes;c__Bacteroidia;o__Bacteroidales;f__Bacteroidaceae;g__Bacteroides;s__Bacteroides_stercoris	k__Bacteria;p__Bacteroidetes;c__Bacteroidia;o__Bacteroidales;f__Bacteroidaceae;g__Bacteroides;s__Bacteroides_ovatus	k__Bacteria;p__Bacteroidetes;c__Bacteroidia;o__Bacteroidales;f__Rikenellaceae;g__Alistipes;s__Alistipes_shahii	k__Bacteria;p__Firmicutes;c__Clostridia;o__Clostridiales;f__Ruminococcaceae;g__Faecalibacterium;s__Faecalibacterium_prausnitzii	k__Bacteria;p__Bacteroidetes;c__Bacteroidia;o__Bacteroidales;f__Rikenellaceae;g__Alistipes;s__Alistipes_finegoldii	k__Bacteria;p__Bacteroidetes;c__Bacteroidia;o__Bacteroidales;f__Porphyromonadaceae;g__Parabacteroides;s__Parabacteroides_distasonis	k__Bacteria;p__Bacteroidetes;c__Bacteroidia;o__Bacteroidales;f__Bacteroidaceae;g__Bacteroides;s__Bacteroides_thetaiotaomicron	k__Bacteria;p__Bacteroidetes;c__Bacteroidia;o__Bacteroidales;f__Bacteroidaceae;g__Bacteroides;s__Bacteroides_coprocola	k__Bacteria;p__Bacteroidetes;c__Bacteroidia;o__Bacteroidales;f__Bacteroidaceae;g__Bacteroides;s__Bacteroides_cellulosilyticus	k__Bacteria;p__Bacteroidetes;c__Bacteroidia;o__Bacteroidales;f__Rikenellaceae;g__Alistipes;s__Alistipes_obesi	k__Bacteria;p__Firmicutes;c__Clostridia;o__Clostridiales;f__Lachnospiraceae;g__;s__[Eubacterium]_rectale	k__Bacteria;p__Bacteroidetes;c__Bacteroidia;o__Bacteroidales;f__Bacteroidaceae;g__Bacteroides;s__Bacteroides_plebeius	k__Bacteria;p__Bacteroidetes;c__Bacteroidia;o__Bacteroidales;f__Bacteroidaceae;g__Bacteroides;s__Bacteroides_fragilis	k__Bacteria;p__Proteobacteria;c__Betaproteobacteria;o__Burkholderiales;f__Sutterellaceae;g__Sutterella;s__Sutterella_wadsworthensis	k__Bacteria;p__Bacteroidetes;c__Bacteroidia;o__Bacteroidales;f__Porphyromonadaceae;g__Barnesiella;s__Barnesiella_intestinihominis	k__Bacteria;p__Bacteroidetes;c__Bacteroidia;o__Bacteroidales;f__Odoribacteraceae;g__Odoribacter;s__Odoribacter_splanchnicus	k__Bacteria;p__Bacteroidetes;c__Bacteroidia;o__Bacteroidales;f__Bacteroidaceae;g__Bacteroides;s__Bacteroides_salyersiae	k__Bacteria;p__Firmicutes;c__Clostridia;o__Clostridiales;f__Ruminococcaceae;g__Ruminiclostridium;s__[Eubacterium]_siraeum	k__Bacteria;p__Proteobacteria;c__Betaproteobacteria;o__Burkholderiales;f__Sutterellaceae;g__Parasutterella;s__Parasutterella_excrementihominis	k__Bacteria;p__Actinobacteria;c__Actinobacteria;o__Bifidobacteriales;f__Bifidobacteriaceae;g__Bifidobacterium;s__Bifidobacterium_adolescentis	k__Bacteria;p__Firmicutes;c__Clostridia;o__Clostridiales;f__Oscillospiraceae;g__Oscillibacter;s__Oscillibacter_sp._KLE_1745	k__Bacteria;p__Bacteroidetes;c__Bacteroidia;o__Bacteroidales;f__Bacteroidaceae;g__Bacteroides;s__Bacteroides_coprophilus	k__Bacteria;p__Firmicutes;c__Clostridia;o__Clostridiales;f__Lachnospiraceae;g__Roseburia;s__Roseburia_intestinalis	k__Bacteria;p__Firmicutes;c__Clostridia;o__Clostridiales;f__Lachnospiraceae;g__Roseburia;s__Roseburia_hominis	k__Bacteria;p__Bacteroidetes;c__Bacteroidia;o__Bacteroidales;f__Porphyromonadaceae;g__Parabacteroides;s__Parabacteroides_johnsonii	k__Bacteria;p__Actinobacteria;c__Actinobacteria;o__Bifidobacteriales;f__Bifidobacteriaceae;g__Bifidobacterium;s__Bifidobacterium_longum	k__Bacteria;p__Firmicutes;c__Clostridia;o__Clostridiales;f__;g__Flavonifractor;s__Flavonifractor_plautii	k__Bacteria;p__Firmicutes;c__Clostridia;o__Clostridiales;f__Clostridiaceae;g__Clostridium;s__Clostridium_phoceensis	k__Bacteria;p__Verrucomicrobia;c__Verrucomicrobiae;o__Verrucomicrobiales;f__Akkermansiaceae;g__Akkermansia;s__Akkermansia_muciniphila	k__Bacteria;p__Bacteroidetes;c__Bacteroidia;o__Bacteroidales;f__Prevotellaceae;g__Paraprevotella;s__Paraprevotella_xylaniphila	k__Bacteria;p__Firmicutes;c__Clostridia;o__Clostridiales;f__Ruminococcaceae;g__Ruminococcus;s__Ruminococcus_callidus	k__Bacteria;p__Bacteroidetes;c__Bacteroidia;o__Bacteroidales;f__Rikenellaceae;g__Alistipes;s__Alistipes_senegalensis	k__Bacteria;p__Firmicutes;c__Clostridia;o__Clostridiales;f__Lachnospiraceae;g__Blautia;s__Blautia_sp._KLE_1732	k__Bacteria;p__Bacteroidetes;c__Bacteroidia;o__Bacteroidales;f__Bacteroidaceae;g__Bacteroides;s__Bacteroides_oleiciplenus	k__Bacteria;p__Firmicutes;c__Clostridia;o__Clostridiales;f__Ruminococcaceae;g__Ruminococcus;s__Ruminococcus_bicirculans	k__Bacteria;p__Bacteroidetes;c__Bacteroidia;o__Bacteroidales;f__Bacteroidaceae;g__Bacteroides;s__Bacteroides_fluxus	k__Bacteria;p__Bacteroidetes;c__Bacteroidia;o__Bacteroidales;f__Prevotellaceae;g__Prevotella;s__Prevotella_stercorea	k__Bacteria;p__Firmicutes;c__Clostridia;o__Clostridiales;f__Lachnospiraceae;g__Dorea;s__Dorea_longicatena	k__Bacteria;p__Firmicutes;c__Clostridia;o__Clostridiales;f__Eubacteriaceae;g__Eubacterium;s__[Eubacterium]_eligens	k__Bacteria;p__Firmicutes;c__Clostridia;o__Clostridiales;f__Ruminococcaceae;g__;s__Ruminococcaceae_bacterium_D16	k__Bacteria;p__Firmicutes;c__Clostridia;o__Clostridiales;f__Lachnospiraceae;g__Coprococcus;s__Coprococcus_comes	k__Bacteria;p__Proteobacteria;c__Gammaproteobacteria;o__Enterobacterales;f__Enterobacteriaceae;g__Escherichia;s__Escherichia_coli	k__Bacteria;p__Firmicutes;c__Clostridia;o__Clostridiales;f__Ruminococcaceae;g__Anaerotruncus;s__Anaerotruncus_colihominis	k__Bacteria;p__Firmicutes;c__Clostridia;o__Clostridiales;f__Lachnospiraceae;g__Blautia;s__Blautia_obeum	k__Bacteria;p__Bacteroidetes;c__Bacteroidia;o__Bacteroidales;f__Odoribacteraceae;g__Odoribacter;s__Odoribacter_laneus	k__Bacteria;p__Firmicutes;c__Clostridia;o__Clostridiales;f__Ruminococcaceae;g__Ruminiclostridium;s__[Clostridium]_leptum	k__Bacteria;p__Bacteroidetes;c__Bacteroidia;o__Bacteroidales;f__Porphyromonadaceae;g__Parabacteroides;s__Parabacteroides_goldsteinii	k__Bacteria;p__Firmicutes;c__Clostridia;o__Clostridiales;f__Lachnospiraceae;g__Anaerostipes;s__Anaerostipes_hadrus	k__Bacteria;p__Firmicutes;c__Clostridia;o__Clostridiales;f__Ruminococcaceae;g__Ruminococcus;s__Ruminococcus_lactaris	k__Bacteria;p__Firmicutes;c__Clostridia;o__Clostridiales;f__Clostridiaceae;g__Clostridium;s__Clostridium_sp._L2-50	k__Bacteria;p__Firmicutes;c__Clostridia;o__Clostridiales;f__Clostridiaceae;g__Clostridium;s__Clostridium_sp._M62/1	k__Bacteria;p__Firmicutes;c__Clostridia;o__Clostridiales;f__;g__Intestinimonas;s__Intestinimonas_butyriciproducens	k__Bacteria;p__Actinobacteria;c__Actinobacteria;o__Bifidobacteriales;f__Bifidobacteriaceae;g__Bifidobacterium;s__Bifidobacterium_bifidum	k__Bacteria;p__Firmicutes;c__Negativicutes;o__Veillonellales;f__Veillonellaceae;g__Dialister;s__Dialister_invisus	k__Bacteria;p__Bacteroidetes;c__Bacteroidia;o__Bacteroidales;f__Bacteroidaceae;g__Bacteroides;s__Bacteroides_salanitronis
k__Bacteria;p__Bacteroidetes;c__Bacteroidia;o__Bacteroidales;f__Bacteroidaceae;g__Bacteroides;s__Bacteroides_vulgatus	1.0	0.00994948607306	0.0430816055104	-0.0355095039	-0.0777064983836	-0.0410489300633	-0.0520825466239	0.0341246489999	0.0210961457872	0.0423892182287	-0.0884453295955	0.0140643627316	-0.0129518638716	-0.0508876180453	0.0157402175305	0.0614337538302	-0.0665801654704	0.0348698165114	-0.0407507987861	-0.02772468409	-0.0424786013656	-0.0273527893156	-0.0253892856562	-0.0191789514797	-0.0842250215687	-0.00298002102993	-0.000806811455401	-0.0406074314787	0.00105527205974	0.0554370371343	-0.0349396263693	0.00321640013356	0.0237964857517	-0.0140906019715	0.0265544209106	-0.034133599727	0.0296878756535	-0.00716434871384	-0.0182455247658	-0.00684000875394	-0.0419735752117	-0.015651513061	0.00322802930726	0.0131979428154	-0.0499195241683	0.0253096836362	0.025577545847	0.0384211128533	0.0405225449392	-0.00511970049333	0.0221297112699	-0.0481453083479	0.0529089345671	-0.0329008786227	0.0508990196232	-0.0170745245699	-0.057734838276	0.0125056406502	0.01314904515
k__Bacteria;p__Bacteroidetes;c__Bacteroidia;o__Bacteroidales;f__Bacteroidaceae;g__Bacteroides;s__Bacteroides_uniformis	0.00994948607306	1.0	0.0483402372052	-0.023421943833	-0.00773023984801	-0.0255496300977	-0.0219580269459	-0.0230780636729	-0.0138606532551	-0.0532822626108	-0.0688923054333	0.0306220989622	0.0333288463487	-0.00720577035621	0.0240290437889	-0.0252105595289	0.0368855172762	0.0176854791464	-0.0298079516957	-0.0232216492884	-0.0327030257635	0.0225717480696	0.0114340862984	-0.0787548127914	0.012000470221	0.008211744767	0.0113276493271	0.0271277730748	0.0406504868099	-0.0325317790534	0.0318667199211	-0.0237038105195	-0.00541345965993	-0.0142637778906	-0.0514552800777	-0.0487143112571	-0.0397339397137	-0.0451474231548	-0.0423670010637	0.000205639608335	-0.00115966139915	0.0451028238696	-0.0352851101034	-0.0657076567636	0.0434240163267	-0.00336608481672	0.0285828705539	0.0320519425203	-0.0205592555135	-0.014559128448	-0.00347873355062	0.0126078401929	0.0105556253091	0.00176887425479	0.0530964772777	-0.0387275290628	-0.030641797922	-0.0178496035071	-0.00205008517518
k__Bacteria;p__Bacteroidetes;c__Bacteroidia;o__Bacteroidales;f__Rikenellaceae;g__Alistipes;s__Alistipes_putredinis	0.0430816055104	0.0483402372052	1.0	-0.0126020757808	0.0223838598489	0.0387275525487	-0.0293543995675	0.0339434671698	-0.0252504271399	0.00537958256318	-0.021505682905	0.00347654150118	-0.0016562246821	-0.0406594085141	-0.0149601721456	-0.01268666124	0.0126579354123	-0.0352140058996	0.031834793591	-0.046573276549	-0.0229878699367	-0.05391806545	-0.0261651540521	-0.0238757661778	0.0318445381063	-0.0387643660515	-0.000247102299212	0.0243926130006	-0.0408536179054	-0.00867219830179	-0.0489501746741	-0.0155387364887	0.0113553933127	0.0313578612453	-0.0611016850874	-0.00491860686489	-0.00653126543755	-0.02461389023	-0.0367435880894	0.0323383177165	0.0216065853833	-0.0340472433542	-0.0145936327796	0.0152066938647	0.0402550934161	-0.0460698668119	0.0276000606305	-0.0271856767454	0.0175608556351	-0.00775058293252	0.0261238465339	-0.0102136803461	-0.00395549936781	-0.000120529465185	0.0483034251498	-0.0232685651014	-0.0211406154113	-0.0326220562807	-0.0357305710656
k__Bacteria;p__Bacteroidetes;c__Bacteroidia;o__Bacteroidales;f__Prevotellaceae;g__Prevotella;s__Prevotella_copri	-0.0355095039	-0.023421943833	-0.0126020757808	1.0	-0.00920149205934	0.00769935006279	-0.0233900153805	0.00802503760115	-0.0253856345591	0.0340702201026	0.0510294475844	-0.0366272355196	-0.0538328347842	-0.0108499691808	-0.0410068899932	0.00213527065509	-0.00355416870508	-0.0323649540219	0.0316394663371	0.0194927793698	-0.0510129100321	-0.0352975141586	-0.054513143053	0.0288658478003	0.0128587956231	-0.00953196253636	0.0163196968359	-0.0709505794794	0.000491825866938	0.0109172910143	0.0210702029147	-0.030248350634	0.00711934265442	0.025033259919	0.0410445315416	0.00198058858913	-0.0251218977179	-0.0106611730462	-0.00858540698102	-0.00346811994311	-0.0151111550289	0.0281413334359	0.0212985996877	-0.00459805205952	-0.0136787554699	0.00686459335705	0.00894912603785	0.0144665457978	0.0298571195965	0.0228156978428	0.0119564104385	-0.0800059648628	-0.00532814877091	-0.0382862872227	-0.0544667415025	-0.0100902324195	-0.0316066102766	-0.00238527281041	-0.0464000877777
k__Bacteria;p__Bacteroidetes;c__Bacteroidia;o__Bacteroidales;f__Bacteroidaceae;g__Bacteroides;s__Bacteroides_stercoris	-0.0777064983836	-0.00773023984801	0.0223838598489	-0.00920149205934	1.0	-0.00512124060454	0.0512162443832	-0.0565611484879	-0.028820298951	0.032410399101	0.0110466089925	0.0110338768004	-0.0180410118046	0.0204107490482	-0.0143271100818	-0.0335231967052	0.00687158769281	0.0241859685901	-0.0632089493522	-0.0241921416477	-0.0497119201144	-0.0509804951028	-0.00874186475224	-0.0128465036083	0.00147118078488	0.0110761015731	-0.030873538762	-0.000961585556862	0.0365170052529	-0.00705686498967	0.00666206304107	0.035026930838	-0.0805387373988	-0.0340656105894	-0.030560143886	-0.0189712069844	-0.0334626888505	-0.0128754865691	0.00359671166225	-0.0180191264516	-0.0010865438948	0.00380394536675	-0.0163581034425	0.0214986861949	-0.00734560578623	0.00298770494749	-0.0374307781342	0.0296895006031	0.0219736540518	-0.0162594478299	0.0779475919533	0.0293374523071	-0.0650421971146	-0.000263733035662	0.0150199628247	-0.0110502641555	0.00683594995788	0.0415296064128	0.034840676117
k__Bacteria;p__Bacteroidetes;c__Bacteroidia;o__Bacteroidales;f__Bacteroidaceae;g__Bacteroides;s__Bacteroides_ovatus	-0.0410489300633	-0.0255496300977	0.0387275525487	0.00769935006279	-0.00512124060454	1.0	-0.00214773561573	-0.0556882602314	-0.000734312746011	-0.0529182125129	0.0302642958979	-0.0134003664911	0.019969182583	0.00577274852851	0.00195976205703	-0.041132518526	-0.0371606785498	-0.0329881838933	-0.00895532588796	-0.0437970231851	-0.00625630926062	-0.0341796489204	0.00628264316622	-0.00944435885697	-0.0750481439422	-0.0224092457425	0.0251509364231	0.0598384125229	-0.0637234790307	-0.045198444234	-0.0381431238565	0.034269374834	-0.0192070941619	-0.0356841798044	0.00526719835245	0.0336546678813	0.00465798968517	0.0392827317955	-0.0291693402861	-0.0363849910852	-0.0505868050867	-0.0251001890315	0.0530975125411	-0.00802777719329	0.0423266733408	-0.0263979521051	-0.0148126070994	-0.00360098878147	0.0247712631946	0.0185063720893	0.0214517387984	0.0202570764276	0.0155963879992	0.0088753418445	0.0216423846522	-0.0218482847199	0.00622999808709	-0.0090533795376	-0.0302259523804
k__Bacteria;p__Bacteroidetes;c__Bacteroidia;o__Bacteroidales;f__Rikenellaceae;g__Alistipes;s__Alistipes_shahii	-0.0520825466239	-0.0219580269459	-0.0293543995675	-0.0233900153805	0.0512162443832	-0.00214773561573	1.0	0.00392247777407	-0.00627475951132	-0.0329943047459	-0.0121367437377	-0.0414974429933	-0.0196091576592	0.00245751757562	-0.110878127877	-0.0209782070797	0.0144604351045	-0.0539163268563	-0.0419520579949	-0.0444160552502	0.0130032260846	-0.011322924741	0.0026410698865	0.0565083553397	0.00557152866339	-0.00502518849888	-0.00105408916758	0.0230626891417	0.00248799932563	-0.0277612758153	-0.0551574463145	0.00108131053547	0.0200565714639	0.00941235787167	0.0101749877292	-0.000905386289472	0.0507909804082	-0.0255229239784	-0.00134959003143	-0.0303499973644	-0.0572740572955	-0.0173675234416	-0.0157286046794	-0.00523926628426	0.0195603614298	-0.0360895305326	-0.0125174032177	-0.0141167399015	0.0311801009429	-0.0141609121044	0.0239700249515	-0.0233533446662	-0.0598231739117	-0.0146316465	0.0502572063411	-0.00177308102368	0.0666833661636	-0.0365077854263	0.0498051526683
k__Bacteria;p__Firmicutes;c__Clostridia;o__Clostridiales;f__Ruminococcaceae;g__Faecalibacterium;s__Faecalibacterium_prausnitzii	0.0341246489999	-0.0230780636729	0.0339434671698	0.00802503760115	-0.0565611484879	-0.0556882602314	0.00392247777407	1.0	-0.0480560903235	-0.017419401311	-0.0421234829058	0.0154227772689	0.0246100987922	-0.000170314119992	0.00928923849266	-0.0375588721724	-0.0201293702448	0.00562693378662	-0.0185075428617	0.0565783708351	0.0342532847432	0.00386850563255	-0.0415625463243	-0.0193121092565	0.0011892704781	0.0176033391195	-0.000932377176194	-0.0201774800433	0.00400782306192	0.0227328038742	0.00658692435247	-0.0679383358711	-0.0823522899985	0.0347638852642	0.0237458608277	-0.0430943428316	-0.00159553967503	0.0253974695576	0.0333211401085	0.0211938527207	-0.0373541666217	-0.0382864322882	-0.0187810960437	0.00990480382943	-0.0367691250244	-0.0516656858641	0.0210394411131	0.0383791680031	0.00261580964879	0.018278585448	0.025577161219	0.00291479503195	0.0249075949647	-0.00248326502532	-0.0276188286943	-0.0334764227202	0.0161463763096	-0.0507168251207	-0.0440416173949
k__Bacteria;p__Bacteroidetes;c__Bacteroidia;o__Bacteroidales;f__Rikenellaceae;g__Alistipes;s__Alistipes_finegoldii	0.0210961457872	-0.0138606532551	-0.0252504271399	-0.0253856345591	-0.028820298951	-0.000734312746011	-0.00627475951132	-0.0480560903235	1.0	-0.00159820305553	-0.00794426451844	0.0690656329836	0.0328133893841	0.00156344226819	0.0640979262645	-0.03149993296	-0.0879213648141	-0.00585814310035	0.0173634975902	-0.0296074184759	-0.017351418383	0.0173760202948	-0.07201226567	0.054506368157	-0.00528641704718	0.00765147213551	0.0139828913383	-0.0282211349269	0.0402023758913	-0.0416507613675	0.0103433827226	0.0761845449089	0.0514683432359	0.0188926514173	-0.0314095610152	-0.0639609812684	-0.010625048156	0.00159047796461	-0.0581113190824	0.0361298024673	-0.00927447052838	-0.00582220713824	0.0529083245819	0.0558937669909	-0.0113716951724	-0.0151608288776	-0.0302829477871	-0.0228876975131	-0.0205330339379	0.0366700353221	-0.019673291315	0.028378149717	-0.0272678733198	-0.00137312217641	0.0517044919617	-0.0450372875312	-0.0182875889181	-0.00838770142182	0.0128900077532
k__Bacteria;p__Bacteroidetes;c__Bacteroidia;o__Bacteroidales;f__Porphyromonadaceae;g__Parabacteroides;s__Parabacteroides_distasonis	0.0423892182287	-0.0532822626108	0.00537958256318	0.0340702201026	0.032410399101	-0.0529182125129	-0.0329943047459	-0.017419401311	-0.00159820305553	1.0	0.0321002625047	-0.000297748801031	-0.0335044607895	-0.0129043021927	0.0249298922791	-0.00833488231194	0.014534966409	0.0031431239971	0.0380586162771	-0.0513235068404	-0.000377209203496	0.0113867083499	-0.0190466953333	-0.0274604491865	0.00274584843806	-0.00258957366379	-0.0232862480404	0.0002999327928	-0.0534495564766	-0.00362354635798	-0.0324516933401	0.000260862396311	-0.0125586929027	0.0440238835842	0.0105333072382	-0.0407527268032	-0.0667427881138	0.0035328000359	0.0465055558502	-0.00838471121524	-0.0353838778531	0.0329707417525	-0.0477047698687	0.0192511783236	-0.0503940782848	0.0152894665988	-0.0202214905429	-0.00153647957796	0.0338448323234	-0.013922706504	-0.0254985546902	0.0395502932052	-0.0273643015267	-0.0116122310773	-0.0251818057426	-0.0294716989899	-0.041386163101	-0.0229730240857	-0.00455819323275
k__Bacteria;p__Bacteroidetes;c__Bacteroidia;o__Bacteroidales;f__Bacteroidaceae;g__Bacteroides;s__Bacteroides_thetaiotaomicron	-0.0884453295955	-0.0688923054333	-0.021505682905	0.0510294475844	0.0110466089925	0.0302642958979	-0.0121367437377	-0.0421234829058	-0.00794426451844	0.0321002625047	1.0	-0.0193118857229	-0.0241827026681	-0.0643063332568	-0.00103709650743	0.0197354954559	-0.0166874520594	-0.016189136502	-0.0298965835611	0.0366629058268	-0.0153309707345	0.0221803443645	-0.00522397497019	0.0226083828784	-0.0261124046168	-0.0268247517662	0.00537751699063	-0.0185302914981	-0.0455957643793	0.0132747729881	0.0134486958088	0.0296623789553	0.0831642490404	-0.0274739149411	-0.0261544402496	-0.00488625737248	-0.0720164557669	0.0644685061519	-0.0603377585833	0.041227860476	-0.00984992038567	-0.0312678595887	0.018739675389	-0.00664965417539	-0.0244819013454	0.000586744586716	-0.0259537470001	-0.049616186656	-0.0844980186058	0.00620839283544	-0.074943631101	0.0333051116986	-0.0088340149811	0.0229345414633	0.0132138826313	-0.0012262998473	-0.00883088177791	-0.0125384825944	0.0128954176179
k__Bacteria;p__Bacteroidetes;c__Bacteroidia;o__Bacteroidales;f__Bacteroidaceae;g__Bacteroides;s__Bacteroides_coprocola	0.0140643627316	0.0306220989622	0.00347654150118	-0.0366272355196	0.0110338768004	-0.0134003664911	-0.0414974429933	0.0154227772689	0.0690656329836	-0.000297748801031	-0.0193118857229	1.0	0.011994415851	-0.0131970078876	-0.0271702640584	-0.035116229942	-0.00534078231953	0.0364915310677	0.0110864307177	-0.0206755900618	-0.00210837687648	0.0264088399917	-0.0623754224513	0.000435313124561	-0.00178629425128	-0.0839101775714	-0.0166098755612	-0.0070799869477	-0.0422631875269	-0.0221627375208	-0.00560110043496	-0.0207344790163	0.0360060083627	-0.00230802286729	0.0112724027561	0.0145061691134	0.0165614850889	-0.0241306762314	-0.0134582347521	0.0359046027688	0.0277316148769	0.0266930304094	-0.0311531110633	-0.0343311632854	-0.0357720377833	-0.00656072132234	-0.0324390840457	-0.0139467564779	-0.0564550299631	0.0433548801795	0.00516982842877	-0.0165903343299	-0.0113405158835	-0.00623973444754	-0.0216187641283	-0.00162915779231	-0.0129792852877	0.0195912394421	0.0533659687753
k__Bacteria;p__Bacteroidetes;c__Bacteroidia;o__Bacteroidales;f__Bacteroidaceae;g__Bacteroides;s__Bacteroides_cellulosilyticus	-0.0129518638716	0.0333288463487	-0.0016562246821	-0.0538328347842	-0.0180410118046	0.019969182583	-0.0196091576592	0.0246100987922	0.0328133893841	-0.0335044607895	-0.0241827026681	0.011994415851	1.0	-0.0152710957225	0.000840501714272	-0.0335128240225	-0.0761972015386	0.0222171951265	0.0878614939092	-0.014225266235	0.0100757445848	-0.011485447128	-0.00492353603977	-0.00158865690516	-0.0164200193611	-0.0178611996664	0.0102697028843	-0.0152776681859	-0.013411148269	-0.0118161249489	-0.0469111602352	0.00172077428814	-0.0366612228058	-0.00794727621939	0.0162706952349	0.0358829483666	0.00381868713299	-0.0253226912035	-0.00602036169828	0.00372783547034	0.0121740120544	0.0427735002694	-0.023452158279	-0.0447707281724	-0.0194411816861	-0.0109156224683	-0.0175548891935	-0.014029481488	0.0314159104642	-0.00551965797583	-0.00418439643472	-0.0044295579817	-0.0061227365802	0.0357405073596	0.0232132664208	-0.0781061102063	-0.0800420125673	-0.0294376490709	-0.0630997508252
k__Bacteria;p__Bacteroidetes;c__Bacteroidia;o__Bacteroidales;f__Rikenellaceae;g__Alistipes;s__Alistipes_obesi	-0.0508876180453	-0.00720577035621	-0.0406594085141	-0.0108499691808	0.0204107490482	0.00577274852851	0.00245751757562	-0.000170314119992	0.00156344226819	-0.0129043021927	-0.0643063332568	-0.0131970078876	-0.0152710957225	1.0	-0.0244031338038	-0.0567757489393	0.0350192843542	-0.0118845284469	-0.0326312648507	0.0460397717456	-0.0255542804108	-0.0409460925514	-0.0267769628168	-0.000908590400372	0.0523689526879	-0.00493139637149	0.0216464287555	0.079490867311	-0.00705996238541	-0.0405991617829	0.049599113746	-0.0380441867857	-0.0285726511278	-0.0186243550791	-0.0431893945969	-0.00603929760771	-0.0291230911491	-0.0262298648814	0.0181582132748	0.00900702762879	-0.0349652755346	-0.0235875729791	-0.00305299348061	-0.0267401810225	-0.0227152761819	0.016148396876	-0.0578421207705	0.0102443313291	-0.0138999733899	0.000834821727441	-0.0344406623479	-0.0257286125325	-0.024165714496	-0.037016305233	0.0170555645397	0.0524410769491	0.06193176328	-0.00606166948497	-0.0232761110592
k__Bacteria;p__Firmicutes;c__Clostridia;o__Clostridiales;f__Lachnospiraceae;g__;s__[Eubacterium]_rectale	0.0157402175305	0.0240290437889	-0.0149601721456	-0.0410068899932	-0.0143271100818	0.00195976205703	-0.110878127877	0.00928923849266	0.0640979262645	0.0249298922791	-0.00103709650743	-0.0271702640584	0.000840501714272	-0.0244031338038	1.0	-0.0170200962654	0.0247869074339	0.00920386847058	-0.0337819155166	0.00305608069395	-0.0187345847924	0.00442919025079	-0.000832924564179	0.0480850495385	-0.0111551254619	-0.00891544669127	0.0307181704422	-0.0347382647558	0.00635930373627	0.0381088682718	0.042599798048	-0.0222348424014	0.044179388949	0.0286205476855	-0.0673248494313	0.00706334549349	-0.0465413130887	0.05321375115	-0.0454149340285	-0.00530687219472	-0.0654140297747	-0.0502556283993	0.00322551404864	-0.0818919896114	-0.00497692847228	-0.0188907301158	0.0259533509208	-0.0313954117741	0.0425703526645	-0.0465970481052	0.0197973834079	0.0310071887168	-0.0431992998757	0.00854716228821	0.0243998058315	-0.0615243571529	-0.0465996686713	-0.0290583996337	0.0189236830033
k__Bacteria;p__Bacteroidetes;c__Bacteroidia;o__Bacteroidales;f__Bacteroidaceae;g__Bacteroides;s__Bacteroides_plebeius	0.0614337538302	-0.0252105595289	-0.01268666124	0.00213527065509	-0.0335231967052	-0.041132518526	-0.0209782070797	-0.0375588721724	-0.03149993296	-0.00833488231194	0.0197354954559	-0.035116229942	-0.0335128240225	-0.0567757489393	-0.0170200962654	1.0	0.0179250371735	0.00761029264947	0.0186901579369	-0.082941143805	-0.00245363810716	0.0351439827955	-0.0539536294261	0.035640852765	0.0210634996646	-0.0351613593658	0.0208572662955	0.0286572582308	-0.0388698818923	-0.0170181185876	-0.00988270560884	0.0375952339649	-0.0672298193627	0.0821190676637	-0.0128802983523	-0.00339948871238	0.0121145341893	0.0409151080843	0.0209271957469	0.0173463121617	0.0203828642542	-0.0274169501746	0.036124417781	0.0408921718456	0.0172547385964	0.0204432381257	0.0195589074852	-0.0106446463625	0.0254893271069	-0.0219960017907	-0.0489535706648	0.00464380412739	0.00556886657758	-0.0045354341487	-0.00343738427504	-0.0486193258282	-0.0672071844275	0.0273348194551	-0.0573486245875
k__Bacteria;p__Bacteroidetes;c__Bacteroidia;o__Bacteroidales;f__Bacteroidaceae;g__Bacteroides;s__Bacteroides_fragilis	-0.0665801654704	0.0368855172762	0.0126579354123	-0.00355416870508	0.00687158769281	-0.0371606785498	0.0144604351045	-0.0201293702448	-0.0879213648141	0.014534966409	-0.0166874520594	-0.00534078231954	-0.0761972015386	0.0350192843542	0.0247869074339	0.0179250371735	1.0	-0.024359181996	-0.00623531597189	-0.0638205136123	0.000456030204662	0.0632724672648	0.0142817831925	-0.0562843717568	0.0397071538398	-0.0583067438411	0.0174090315289	0.017645970906	0.0220726495516	0.0450565689897	0.0159144968589	-0.0407366109848	-0.00390866876789	0.0267699142427	-0.0610119883487	-0.0401754020647	0.0512634016629	-0.0358991119227	0.0311928004055	0.00269354397061	-0.0569299520671	0.0502895145921	0.00692448543233	-0.0711232840542	0.0485011717721	-0.00191555317952	-0.0301339962481	-0.0128029715984	-0.033346491115	0.00511855420258	-0.0312278295859	0.0112219315632	0.0208837864315	0.0144534336577	-0.0373799124226	-0.095857302774	-0.0264448769946	-0.0536702160187	-0.0336129709592
k__Bacteria;p__Proteobacteria;c__Betaproteobacteria;o__Burkholderiales;f__Sutterellaceae;g__Sutterella;s__Sutterella_wadsworthensis	0.0348698165114	0.0176854791464	-0.0352140058996	-0.0323649540219	0.0241859685901	-0.0329881838933	-0.0539163268563	0.00562693378662	-0.00585814310035	0.0031431239971	-0.016189136502	0.0364915310677	0.0222171951265	-0.0118845284469	0.00920386847058	0.00761029264947	-0.024359181996	1.0	0.0187317599545	-0.0101656676005	-0.0433301585925	-0.00336617230321	0.0245114573106	0.00548882632747	-0.0231893700755	-0.0418434112873	-0.0478457317924	0.0552801799134	-0.0589777583651	0.0355677806485	-0.0170608557308	-0.0435510884541	0.00529160351408	0.0121533544693	-0.0451809730972	0.0152929365017	-0.00492461289081	-0.070157621597	-0.0250456271078	-0.0139810502053	-0.0345977329994	0.0274345080165	0.00658285153738	-0.0459780847055	0.000659299472496	-0.00597477096104	-0.0378371263848	-0.00529657612828	-0.00957692538741	-0.0238771421042	0.0233770481656	0.0500682706681	-0.00684349370113	-0.0565724861829	-0.0529308789218	-0.00228983798383	-0.000425894787696	-0.0334454253886	0.0224444483794
k__Bacteria;p__Bacteroidetes;c__Bacteroidia;o__Bacteroidales;f__Porphyromonadaceae;g__Barnesiella;s__Barnesiella_intestinihominis	-0.0407507987861	-0.0298079516957	0.031834793591	0.0316394663371	-0.0632089493522	-0.00895532588796	-0.0419520579949	-0.0185075428617	0.0173634975902	0.0380586162771	-0.0298965835611	0.0110864307177	0.0878614939092	-0.0326312648507	-0.0337819155166	0.0186901579369	-0.00623531597189	0.0187317599545	1.0	-0.00333459280579	-0.0200913705373	-0.00348684894649	0.00393863752854	0.0047064525151	-0.00621892027431	-0.0464285543675	-0.000948197704476	0.0261410125174	-0.072085915459	-0.0774281883218	0.0158673971974	-0.0151386546842	0.0238515100618	0.0578445954081	-0.0388231043837	-0.0057625164155	-0.0637204396882	0.0122670671432	-0.0161837063759	-0.0829852973556	-0.0395115104113	-0.0166697679034	-0.0045503614505	-0.0341911666522	-0.00648019125294	-0.0373859840059	0.00988292238464	-0.00210061563336	-0.0313073225871	0.00373305258892	-0.0190722173959	-0.0186602868584	0.0635420796898	0.0331215029676	0.0225132401312	-0.000774874782647	-0.0175597353579	0.00430336296981	-0.0176670792558
k__Bacteria;p__Bacteroidetes;c__Bacteroidia;o__Bacteroidales;f__Odoribacteraceae;g__Odoribacter;s__Odoribacter_splanchnicus	-0.02772468409	-0.0232216492884	-0.046573276549	0.0194927793698	-0.0241921416477	-0.0437970231851	-0.0444160552502	0.0565783708351	-0.0296074184759	-0.0513235068404	0.0366629058268	-0.0206755900618	-0.014225266235	0.0460397717456	0.00305608069395	-0.082941143805	-0.0638205136123	-0.0101656676005	-0.00333459280579	1.0	0.0277314854381	0.0118894959904	-0.0558797812444	0.022367307078	-0.01000049529	0.0463761189618	-0.0212078213199	-0.032077601925	-0.0352288409663	-0.00952310769034	-0.0226570733607	-0.0298031809233	-0.0247091396678	-0.0266868016372	0.056578904239	0.0170583854537	-0.00444809559073	-0.0820189321933	-0.0397737592361	-0.0215957385224	0.0362633999462	-0.0809198738403	-0.00237546670673	0.00646736379309	-0.0133551662605	-0.0125653355996	-0.00990996902313	-0.00895485161153	-0.036575786908	0.0488995431953	-0.0340550434252	-0.00487044808839	0.0038262992755	-0.00657185182694	-0.0150469502006	-0.0331457769313	0.0132983343028	-0.0182047375573	-0.0373097166673
k__Bacteria;p__Bacteroidetes;c__Bacteroidia;o__Bacteroidales;f__Bacteroidaceae;g__Bacteroides;s__Bacteroides_salyersiae	-0.0424786013656	-0.0327030257635	-0.0229878699367	-0.0510129100321	-0.0497119201144	-0.00625630926062	0.0130032260846	0.0342532847432	-0.017351418383	-0.000377209203496	-0.0153309707345	-0.00210837687648	0.0100757445848	-0.0255542804108	-0.0187345847924	-0.00245363810716	0.000456030204662	-0.0433301585925	-0.0200913705373	0.0277314854381	1.0	-0.014582898934	0.00973774762514	-0.0331766388123	-0.0472151603239	-0.00288187430109	0.00608865873942	0.0236901709789	0.0237041628414	-0.0652687542619	0.0140811440611	0.0086061058927	-0.0462563441836	-0.023916681584	-0.0133426963044	0.0261273517942	0.0574218740789	0.0802323390622	-0.0181845414213	-0.02528198858	-0.0139301846842	-0.0418331576488	-0.0177309216718	-0.0556806561352	-0.0439247437096	0.012022838851	-0.0158827513347	-0.0187648981552	-0.0166124169903	-0.0340005879295	-0.00434367248607	0.0169372760005	0.0378803382639	-0.0577942474322	0.00647504946921	-0.00484557395926	-0.0279364427716	0.0637056612423	-0.0109378389007
k__Bacteria;p__Firmicutes;c__Clostridia;o__Clostridiales;f__Ruminococcaceae;g__Ruminiclostridium;s__[Eubacterium]_siraeum	-0.0273527893156	0.0225717480696	-0.05391806545	-0.0352975141586	-0.0509804951028	-0.0341796489204	-0.011322924741	0.00386850563255	0.0173760202948	0.0113867083499	0.0221803443645	0.0264088399917	-0.011485447128	-0.0409460925514	0.00442919025079	0.0351439827955	0.0632724672648	-0.00336617230321	-0.00348684894649	0.0118894959904	-0.014582898934	1.0	-0.0124881767211	-0.00319770623334	0.00594082542494	-0.0204899556123	-0.00499242176529	0.00784185523191	0.0478236536304	-0.0354672060142	0.0237147476005	-0.0144844327598	0.0247268892839	0.0382095366912	-0.0166467410374	0.00832777558564	-0.0155951080202	-0.0116944285834	0.0202797836849	-0.0398366157567	0.030762039003	-0.00591257270849	0.00517402746213	-0.0396013431772	-0.00201804686246	0.0338935553566	0.000366351231192	0.0228604414628	-0.058595971015	0.0844085952202	-0.0484850820322	-0.0132054168302	-0.0551511652223	-0.0358902067821	0.00273033440678	0.00320128743024	-0.0414695772833	0.0467405018138	-0.0332202120173
k__Bacteria;p__Proteobacteria;c__Betaproteobacteria;o__Burkholderiales;f__Sutterellaceae;g__Parasutterella;s__Parasutterella_excrementihominis	-0.0253892856562	0.0114340862984	-0.0261651540521	-0.054513143053	-0.00874186475224	0.00628264316622	0.0026410698865	-0.0415625463243	-0.07201226567	-0.0190466953333	-0.00522397497019	-0.0623754224513	-0.00492353603977	-0.0267769628168	-0.000832924564179	-0.0539536294261	0.0142817831925	0.0245114573106	0.00393863752854	-0.0558797812444	0.00973774762514	-0.0124881767211	1.0	-0.0653431154885	-0.00275645240135	-0.0177791321692	0.00427660094796	0.0122778171894	0.0212803421411	0.0254948146382	0.0214796033825	-0.0491045325796	0.0478650091819	-0.0419493880799	-0.00367014170646	-0.0372668585372	0.0719102576448	-0.0375656817819	-0.0176873877752	-0.0396966759751	-0.0408485549993	0.0310006344177	-0.0208620690861	0.0448355888113	0.0303201513611	0.0279271513048	0.0195920345584	-0.0203452621041	-0.0525063574734	-0.0282495195278	-0.0337547106619	-0.0202207767272	-0.0170437038248	0.0487595267799	0.0110988151065	0.0232721478968	0.0345153004635	-0.0115897045641	0.0200948000661
k__Bacteria;p__Actinobacteria;c__Actinobacteria;o__Bifidobacteriales;f__Bifidobacteriaceae;g__Bifidobacterium;s__Bifidobacterium_adolescentis	-0.0191789514797	-0.0787548127914	-0.0238757661778	0.0288658478003	-0.0128465036083	-0.00944435885697	0.0565083553397	-0.0193121092565	0.054506368157	-0.0274604491865	0.0226083828784	0.000435313124561	-0.00158865690516	-0.000908590400372	0.0480850495385	0.035640852765	-0.0562843717568	0.00548882632747	0.0047064525151	0.022367307078	-0.0331766388123	-0.00319770623334	-0.0653431154885	1.0	0.0115335387508	-0.0636171448603	-0.0066124613445	-0.0080512110603	0.0236870714235	-0.0396294992528	-0.00835828165348	0.0424602760541	0.00534114997857	0.0339001934706	-0.00392772707396	0.000173437143224	-0.075191611049	-0.0311150422243	-0.000759955679143	-0.0184694947217	0.0203330917614	0.0172208251317	0.0431274486849	0.0338959507769	0.00754232608062	-0.018126398664	0.0381840590369	-0.00744658629485	0.0266991123857	0.0132101999869	0.0486326479929	0.0243969140689	-0.0400229867899	-0.0236787167033	-0.0321785491613	0.0158856655237	-0.0733984824941	-0.0137609287917	0.00859460862249
k__Bacteria;p__Firmicutes;c__Clostridia;o__Clostridiales;f__Oscillospiraceae;g__Oscillibacter;s__Oscillibacter_sp._KLE_1745	-0.0842250215687	0.012000470221	0.0318445381063	0.0128587956231	0.00147118078488	-0.0750481439422	0.00557152866339	0.0011892704781	-0.00528641704718	0.00274584843806	-0.0261124046168	-0.00178629425128	-0.0164200193611	0.0523689526879	-0.0111551254619	0.0210634996646	0.0397071538398	-0.0231893700755	-0.00621892027431	-0.01000049529	-0.0472151603239	0.00594082542494	-0.00275645240135	0.0115335387508	1.0	0.0313234879274	-0.0062665282129	0.0497593893332	-0.00369713224854	0.0384411987998	-0.00578695482758	-0.0745070317232	0.0417882775158	-0.0509627285321	-0.0182081966077	-0.0077564694528	0.00683833127766	-0.0434054592973	0.0388162137395	-0.0449717206733	0.0016173913629	-0.0464145200338	-0.0482358766295	-0.0523353418445	-0.0348480299916	-0.00853350827425	-0.0685605437641	-0.0453278556493	-0.0356415906312	0.00947876540364	-0.00140521140625	0.000811832224593	0.0252318207062	-0.068055448131	-0.0124301275777	-0.008670615704	-0.00515521249424	-0.00414752528076	-0.0367477595324
k__Bacteria;p__Bacteroidetes;c__Bacteroidia;o__Bacteroidales;f__Bacteroidaceae;g__Bacteroides;s__Bacteroides_coprophilus	-0.00298002102993	0.008211744767	-0.0387643660515	-0.00953196253636	0.0110761015731	-0.0224092457425	-0.00502518849888	0.0176033391195	0.00765147213551	-0.00258957366379	-0.0268247517662	-0.0839101775714	-0.0178611996664	-0.00493139637149	-0.00891544669127	-0.0351613593658	-0.0583067438411	-0.0418434112873	-0.0464285543675	0.0463761189618	-0.00288187430109	-0.0204899556123	-0.0177791321692	-0.0636171448603	0.0313234879274	1.0	0.0210919097521	-0.00954177011526	0.0361180388259	0.0523009911184	0.0647045262809	-0.019811820813	0.0554409728101	-0.0484623667621	0.000349415716899	-0.0513979516104	-0.0603888046019	0.0324356603132	-0.0050102416446	-0.00702191290283	0.0215347732381	0.0116427290202	0.0647937993185	-0.00999565157068	0.00694859309824	-0.0263461632174	-0.0102928550689	0.0124798355982	-0.0768689465116	0.0108408316404	-0.00149505362001	0.00596843322674	-0.0456517242205	-0.0283436283415	-0.00518883474231	-0.00581878414913	0.0279327228126	0.0332906332628	-0.0352671494787
k__Bacteria;p__Firmicutes;c__Clostridia;o__Clostridiales;f__Lachnospiraceae;g__Roseburia;s__Roseburia_intestinalis	-0.000806811455401	0.0113276493271	-0.000247102299212	0.0163196968359	-0.030873538762	0.0251509364231	-0.00105408916758	-0.000932377176193	0.0139828913383	-0.0232862480404	0.00537751699063	-0.0166098755612	0.0102697028843	0.0216464287555	0.0307181704422	0.0208572662955	0.0174090315289	-0.0478457317924	-0.000948197704476	-0.0212078213199	0.00608865873942	-0.00499242176529	0.00427660094796	-0.0066124613445	-0.0062665282129	0.0210919097521	1.0	-0.0166311525921	0.0406446096703	-0.00365448916049	-0.0213517557022	-0.00470282417547	-0.0125407006668	0.0263841824566	0.00866233539785	0.0227514917683	0.00886608386237	-0.0153076857965	-0.0602286295703	-0.0191233304284	-0.0702015009003	-0.0182599103979	0.00781907104186	0.0637178297815	-0.0256629494132	0.00563256052465	0.0252268481885	0.0513490257908	-0.0550484791813	-0.0371300685118	-0.0430146487741	0.0258429062098	-0.0445157121362	-0.0203963618121	-0.0241084593756	-0.0121570777263	0.0186810547681	0.0363973555493	-0.0168733390598
k__Bacteria;p__Firmicutes;c__Clostridia;o__Clostridiales;f__Lachnospiraceae;g__Roseburia;s__Roseburia_hominis	-0.0406074314787	0.0271277730748	0.0243926130006	-0.0709505794794	-0.000961585556862	0.0598384125229	0.0230626891417	-0.0201774800433	-0.0282211349269	0.0002999327928	-0.0185302914981	-0.0070799869477	-0.0152776681859	0.079490867311	-0.0347382647558	0.0286572582308	0.017645970906	0.0552801799134	0.0261410125174	-0.032077601925	0.0236901709789	0.00784185523191	0.0122778171894	-0.0080512110603	0.0497593893332	-0.00954177011526	-0.0166311525921	1.0	-0.0362125667955	-0.0354233927793	-0.00672421306083	0.028838530454	6.35654623763e-05	-0.0792885077106	-0.033045168611	-0.0513069117174	0.0161489848486	-0.0215605493496	0.0859475171153	0.0235668205959	-0.000643930267697	-0.0157566814602	-0.0625054762264	-0.0305058535463	0.0301727199074	-0.0436448567793	-0.0574720680412	-0.00128222412956	0.0450915342944	0.0287978051023	-0.0660113540373	-0.0158361367208	0.00634440069142	-0.0787429481167	-0.0579012479034	-0.0233926905602	0.0207027439889	-0.0219057608029	-0.0172294309299
k__Bacteria;p__Bacteroidetes;c__Bacteroidia;o__Bacteroidales;f__Porphyromonadaceae;g__Parabacteroides;s__Parabacteroides_johnsonii	0.00105527205974	0.0406504868099	-0.0408536179054	0.000491825866938	0.0365170052529	-0.0637234790307	0.00248799932563	0.00400782306192	0.0402023758913	-0.0534495564766	-0.0455957643793	-0.0422631875269	-0.013411148269	-0.00705996238541	0.00635930373627	-0.0388698818923	0.0220726495516	-0.0589777583651	-0.072085915459	-0.0352288409663	0.0237041628414	0.0478236536304	0.0212803421411	0.0236870714235	-0.00369713224854	0.0361180388259	0.0406446096703	-0.0362125667955	1.0	0.0137884680133	-0.0304861610634	-0.0244923766422	0.0406692314037	0.0302717036939	-0.00126721729243	-0.00594530761263	0.0181294339553	0.00174060061689	-0.00728993714599	-0.0291721551122	-0.0199377819903	-0.0268820316115	-0.0123637304323	-0.00903671469094	-0.0165850743854	-0.00424574633212	-0.0603989894581	-0.00779131415151	-0.0327951731082	-0.0141692549547	-0.0114024755569	-0.0175837829679	-0.0825837457851	0.0329747273511	-0.015092468798	-0.0351443731286	0.0140778728082	-0.0245374645022	0.0113417911668
