#taxonomy	k__Bacteria;p__Bacteroidetes;c__Bacteroidia;o__Bacteroidales;f__Bacteroidaceae;g__Bacteroides;s__Bacteroides_vulgatus	k__Bacteria;p__Bacteroidetes;c__Bacteroidia;o__Bacteroidales;f__Bacteroidaceae;g__Bacteroides;s__Bacteroides_uniformis	k__Bacteria;p__Bacteroidetes;c__Bacteroidia;o__Bacteroidales;f__Rikenellaceae;g__Alistipes;s__Alistipes_putredinis	k__Bacteria;p__Bacteroidetes;c__Bacteroidia;o__Bacteroidales;f__Prevotellaceae;g__Prevotella;s__Prevotella_copri	k__Bacteria;p__Bacteroidetes;c__Bacteroidia;o__Bacteroidales;f__Bacteroidaceae;g__Bacteroides;s__Bacteroides_stercoris	k__Bacteria;p__Bacteroidetes;c__Bacteroidia;o__Bacteroidales;f__Bacteroidaceae;g__Bacteroides;s__Bacteroides_ovatus	k__Bacteria;p__Bacteroidetes;c__Bacteroidia;o__Bacteroidales;f__Rikenellaceae;g__Alistipes;s__Alistipes_shahii	k__Bacteria;p__Firmicutes;c__Clostridia;o__Clostridiales;f__Ruminococcaceae;g__Faecalibacterium;s__Faecalibacterium_prausnitzii	k__Bacteria;p__Bacteroidetes;c__Bacteroidia;o__Bacteroidales;f__Rikenellaceae;g__Alistipes;s__Alistipes_finegoldii	k__Bacteria;p__Bacteroidetes;c__Bacteroidia;o__Bacteroidales;f__Porphyromonadaceae;g__Parabacteroides;s__Parabacteroides_distasonis	k__Bacteria;p__Bacteroidetes;c__Bacteroidia;o__Bacteroidales;f__Bacteroidaceae;g__Bacteroides;s__Bacteroides_thetaiotaomicron	k__Bacteria;p__Bacteroidetes;c__Bacteroidia;o__Bacteroidales;f__Bacteroidaceae;g__Bacteroides;s__Bacteroides_coprocola	k__Bacteria;p__Bacteroidetes;c__Bacteroidia;o__Bacteroidales;f__Bacteroidaceae;g__Bacteroides;s__Bacteroides_cellulosilyticus	k__Bacteria;p__Bacteroidetes;c__Bacteroidia;o__Bacteroidales;f__Rikenellaceae;g__Alistipes;s__Alistipes_obesi	k__Bacteria;p__Firmicutes;c__Clostridia;o__Clostridiales;f__Lachnospiraceae;g__;s__[Eubacterium]_rectale	k__Bacteria;p__Bacteroidetes;c__Bacteroidia;o__Bacteroidales;f__Bacteroidaceae;g__Bacteroides;s__Bacteroides_plebeius	k__Bacteria;p__Bacteroidetes;c__Bacteroidia;o__Bacteroidales;f__Bacteroidaceae;g__Bacteroides;s__Bacteroides_fragilis	k__Bacteria;p__Proteobacteria;c__Betaproteobacteria;o__Burkholderiales;f__Sutterellaceae;g__Sutterella;s__Sutterella_wadsworthensis	k__Bacteria;p__Bacteroidetes;c__Bacteroidia;o__Bacteroidales;f__Porphyromonadaceae;g__Barnesiella;s__Barnesiella_intestinihominis	k__Bacteria;p__Bacteroidetes;c__Bacteroidia;o__Bacteroidales;f__Odoribacteraceae;g__Odoribacter;s__Odoribacter_splanchnicus	k__Bacteria;p__Bacteroidetes;c__Bacteroidia;o__Bacteroidales;f__Bacteroidaceae;g__Bacteroides;s__Bacteroides_salyersiae	k__Bacteria;p__Firmicutes;c__Clostridia;o__Clostridiales;f__Ruminococcaceae;g__Ruminiclostridium;s__[Eubacterium]_siraeum	k__Bacteria;p__Proteobacteria;c__Betaproteobacteria;o__Burkholderiales;f__Sutterellaceae;g__Parasutterella;s__Parasutterella_excrementihominis	k__Bacteria;p__Actinobacteria;c__Actinobacteria;o__Bifidobacteriales;f__Bifidobacteriaceae;g__Bifidobacterium;s__Bifidobacterium_adolescentis	k__Bacteria;p__Firmicutes;c__Clostridia;o__Clostridiales;f__Oscillospiraceae;g__Oscillibacter;s__Oscillibacter_sp._KLE_1745	k__Bacteria;p__Bacteroidetes;c__Bacteroidia;o__Bacteroidales;f__Bacteroidaceae;g__Bacteroides;s__Bacteroides_coprophilus	k__Bacteria;p__Firmicutes;c__Clostridia;o__Clostridiales;f__Lachnospiraceae;g__Roseburia;s__Roseburia_intestinalis	k__Bacteria;p__Firmicutes;c__Clostridia;o__Clostridiales;f__Lachnospiraceae;g__Roseburia;s__Roseburia_hominis	k__Bacteria;p__Bacteroidetes;c__Bacteroidia;o__Bacteroidales;f__Porphyromonadaceae;g__Parabacteroides;s__Parabacteroides_johnsonii	k__Bacteria;p__Actinobacteria;c__Actinobacteria;o__Bifidobacteriales;f__Bifidobacteriaceae;g__Bifidobacterium;s__Bifidobacterium_longum	k__Bacteria;p__Firmicutes;c__Clostridia;o__Clostridiales;f__;g__Flavonifractor;s__Flavonifractor_plautii	k__Bacteria;p__Firmicutes;c__Clostridia;o__Clostridiales;f__Clostridiaceae;g__Clostridium;s__Clostridium_phoceensis	k__Bacteria;p__Verrucomicrobia;c__Verrucomicrobiae;o__Verrucomicrobiales;f__Akkermansiaceae;g__Akkermansia;s__Akkermansia_muciniphila	k__Bacteria;p__Bacteroidetes;c__Bacteroidia;o__Bacteroidales;f__Prevotellaceae;g__Paraprevotella;s__Paraprevotella_xylaniphila	k__Bacteria;p__Firmicutes;c__Clostridia;o__Clostridiales;f__Ruminococcaceae;g__Ruminococcus;s__Ruminococcus_callidus	k__Bacteria;p__Bacteroidetes;c__Bacteroidia;o__Bacteroidales;f__Rikenellaceae;g__Alistipes;s__Alistipes_senegalensis	k__Bacteria;p__Firmicutes;c__Clostridia;o__Clostridiales;f__Lachnospiraceae;g__Blautia;s__Blautia_sp._KLE_1732	k__Bacteria;p__Bacteroidetes;c__Bacteroidia;o__Bacteroidales;f__Bacteroidaceae;g__Bacteroides;s__Bacteroides_oleiciplenus	k__Bacteria;p__Firmicutes;c__Clostridia;o__Clostridiales;f__Ruminococcaceae;g__Ruminococcus;s__Ruminococcus_bicirculans	k__Bacteria;p__Bacteroidetes;c__Bacteroidia;o__Bacteroidales;f__Bacteroidaceae;g__Bacteroides;s__Bacteroides_fluxus	k__Bacteria;p__Bacteroidetes;c__Bacteroidia;o__Bacteroidales;f__Prevotellaceae;g__Prevotella;s__Prevotella_stercorea	k__Bacteria;p__Firmicutes;c__Clostridia;o__Clostridiales;f__Lachnospiraceae;g__Dorea;s__Dorea_longicatena	k__Bacteria;p__Firmicutes;c__Clostridia;o__Clostridiales;f__Eubacteriaceae;g__Eubacterium;s__[Eubacterium]_eligens	k__Bacteria;p__Firmicutes;c__Clostridia;o__Clostridiales;f__Ruminococcaceae;g__;s__Ruminococcaceae_bacterium_D16	k__Bacteria;p__Firmicutes;c__Clostridia;o__Clostridiales;f__Lachnospiraceae;g__Coprococcus;s__Coprococcus_comes	k__Bacteria;p__Proteobacteria;c__Gammaproteobacteria;o__Enterobacterales;f__Enterobacteriaceae;g__Escherichia;s__Escherichia_coli	k__Bacteria;p__Firmicutes;c__Clostridia;o__Clostridiales;f__Ruminococcaceae;g__Anaerotruncus;s__Anaerotruncus_colihominis	k__Bacteria;p__Firmicutes;c__Clostridia;o__Clostridiales;f__Lachnospiraceae;g__Blautia;s__Blautia_obeum	k__Bacteria;p__Bacteroidetes;c__Bacteroidia;o__Bacteroidales;f__Odoribacteraceae;g__Odoribacter;s__Odoribacter_laneus	k__Bacteria;p__Firmicutes;c__Clostridia;o__Clostridiales;f__Ruminococcaceae;g__Ruminiclostridium;s__[Clostridium]_leptum	k__Bacteria;p__Bacteroidetes;c__Bacteroidia;o__Bacteroidales;f__Porphyromonadaceae;g__Parabacteroides;s__Parabacteroides_goldsteinii	k__Bacteria;p__Firmicutes;c__Clostridia;o__Clostridiales;f__Lachnospiraceae;g__Anaerostipes;s__Anaerostipes_hadrus	k__Bacteria;p__Firmicutes;c__Clostridia;o__Clostridiales;f__Ruminococcaceae;g__Ruminococcus;s__Ruminococcus_lactaris	k__Bacteria;p__Firmicutes;c__Clostridia;o__Clostridiales;f__Clostridiaceae;g__Clostridium;s__Clostridium_sp._L2-50	k__Bacteria;p__Firmicutes;c__Clostridia;o__Clostridiales;f__Clostridiaceae;g__Clostridium;s__Clostridium_sp._M62/1	k__Bacteria;p__Firmicutes;c__Clostridia;o__Clostridiales;f__;g__Intestinimonas;s__Intestinimonas_butyriciproducens	k__Bacteria;p__Actinobacteria;c__Actinobacteria;o__Bifidobacteriales;f__Bifidobacteriaceae;g__Bifidobacterium;s__Bifidobacterium_bifidum	k__Bacteria;p__Firmicutes;c__Negativicutes;o__Veillonellales;f__Veillonellaceae;g__Dialister;s__Dialister_invisus	k__Bacteria;p__Bacteroidetes;c__Bacteroidia;o__Bacteroidales;f__Bacteroidaceae;g__Bacteroides;s__Bacteroides_salanitronis
k__Bacteria;p__Bacteroidetes;c__Bacteroidia;o__Bacteroidales;f__Bacteroidaceae;g__Bacteroides;s__Bacteroides_vulgatus	1.0	0.00269294020712	0.00392834230572	0.00361327422617	-0.0889534113197	0.0217363673472	-0.0418439290249	-0.0347600562084	0.0156586535416	0.0276883596203	0.0188699966139	-0.0236564394891	0.058650535753	0.0501178169954	-0.022213350626	0.0100781261606	-0.0367056532366	-0.0435400273844	-0.022359337944	-0.0209425458327	-0.0362781739453	0.0205279779727	-0.0148367045044	0.0387451625798	-0.0146812373104	-0.00644462310361	0.0122051406095	0.0438595652969	0.00899343934292	-0.0397584516959	-0.0664568075632	-0.056207485348	-0.0735975168191	0.0331195734635	-0.0263405270062	0.0132158290404	0.0244837266519	-0.0164380395813	-0.00687061518771	0.0275556637436	-0.0100285336296	-0.0511269708097	-0.0190794175748	-0.00788598865905	0.029148298492	0.0640921698524	-0.0674554130083	-0.0115247127404	0.0329652845425	-3.20195733555e-06	-0.0339220506002	0.0689326324821	-0.0412040409157	-0.00231467986533	0.047009228099	-0.00146792021535	-0.0494130398139	-0.00606537008237	0.0112049270403
k__Bacteria;p__Bacteroidetes;c__Bacteroidia;o__Bacteroidales;f__Bacteroidaceae;g__Bacteroides;s__Bacteroides_uniformis	0.00269294020712	1.0	0.00500206423918	0.0242682679577	0.00474218610708	0.0517441317733	-0.0281683557228	-0.00905882376283	0.0540726381318	-0.0154069226175	0.0293693196114	0.00631169572807	-0.0227450682661	0.0578229158641	-0.051713661079	-0.00212764277118	-0.0838439047924	0.0124820893558	-0.0102857466294	-0.0100556563139	0.0384852857831	-0.0103442073156	0.00197966805957	0.0139915163285	-0.0157378029703	-0.0367556777293	0.00402097211819	-0.0294414928127	-0.0351604074914	0.0270018360397	-0.0418963469872	0.0135618326246	-0.00244337732426	0.0535326384748	-0.0139204061812	0.000785098885536	0.00015103049797	0.0391767204325	-0.0430034888702	-0.0125826076437	0.0504652387223	0.0215390301598	-0.0411277755927	-0.00435308055729	0.0653326171891	0.0273717443522	-0.00768489242979	0.0138948203431	0.00781903270341	-0.0549821571619	-0.0136266956077	-0.016520134723	-0.00816837484057	0.041055651924	-0.0460831141451	-0.0527764256558	0.00626711429348	-0.0209240649082	-0.0530842682769
k__Bacteria;p__Bacteroidetes;c__Bacteroidia;o__Bacteroidales;f__Rikenellaceae;g__Alistipes;s__Alistipes_putredinis	0.00392834230572	0.00500206423918	1.0	0.0665367511475	-0.0344304150978	0.0117300815352	-0.0313303267054	-0.0834664610123	-0.0611486464949	-0.0201096230755	0.00731922020716	-0.0313031152296	-0.0564396238766	0.0404630018479	-0.00717109167559	0.0135322821318	0.0201168860256	-0.000864706329825	0.00936049621046	0.0132276388978	0.0258938430061	-0.00786307930498	-0.0310164537738	-0.0159352847793	-0.0505112406629	0.0095472592432	-0.00198013973346	0.0176541931849	0.0234756082196	0.0579330673661	-0.035927729408	-0.0191347152716	0.00452003328108	-0.038945049712	-0.011742367416	0.0060657132954	-0.0179803454019	-0.00768828793386	-0.0528593035862	-0.00097855169847	-0.070738878006	-0.0390703537421	0.002219905163	0.0397707309981	0.00527774579651	-0.0782643184718	-0.000570985366868	0.0298139969714	-0.0273113691027	0.054627310042	-0.0406073092041	0.0356232126836	0.0157903178904	-0.0215975289692	0.0444411958615	0.0753462936354	-0.00909527301253	0.042487985103	-0.0519974153577
k__Bacteria;p__Bacteroidetes;c__Bacteroidia;o__Bacteroidales;f__Prevotellaceae;g__Prevotella;s__Prevotella_copri	0.00361327422617	0.0242682679577	0.0665367511475	1.0	-0.030645623431	-0.0285580952399	0.00600618743992	-0.0449701148897	-0.0341183406358	-0.0137617063895	0.0243622307869	0.0122725254427	-0.0287422653793	-0.00547049533319	0.000992268279868	0.0117267293625	0.000849624876051	-0.0321551643367	-0.0696715065073	-0.0117827369146	0.0358584897826	-0.0475557924426	0.00545596242258	-0.0507787429809	0.00837838872167	0.0255338818822	-0.0024140936613	0.00665591287453	-0.00694043075889	-0.00482643781872	0.00612829528293	0.0224675863442	-0.0502912605258	-0.0630757366816	0.0192825931368	0.0186352311867	-0.0279858463215	-0.0432117529083	-0.0198478380793	-0.0378708649251	-0.014020789116	0.0365870948209	0.0567252351455	-0.0224674910451	-0.00966217598731	-0.00115082655142	-0.00863455976716	0.0205996619736	0.0190158609834	-0.0473367667729	0.0178871239729	-0.0651722644305	0.0157161157463	-0.0275296818855	0.0339848533395	0.0259713245273	0.0413154622749	0.0127763814503	-0.0152671098597
k__Bacteria;p__Bacteroidetes;c__Bacteroidia;o__Bacteroidales;f__Bacteroidaceae;g__Bacteroides;s__Bacteroides_stercoris	-0.0889534113197	0.00474218610708	-0.0344304150978	-0.030645623431	1.0	-0.0237905212633	-0.0228808944886	0.0252900850679	0.00148315254808	0.00724027716195	0.024372990266	0.0551311496957	0.0462701041686	0.0822332537882	-0.00026274346998	0.00572876628456	0.011367152767	0.0135431041322	-0.00549007716901	0.035782827855	0.0178585533687	0.0123089125457	-0.0332844814974	-0.0201530370407	-0.0281114218338	-0.0125557624922	-0.0186915892956	-0.00879913487402	-0.0273263385109	0.0556530922841	0.0780664012195	-0.0181632414349	-0.0125951750941	-0.0247941312692	-0.0108292876634	-0.03580995024	-0.0418326687219	-0.0503999564268	0.023422880915	-0.0367324540654	0.0567401508483	0.00663902337843	-0.00695973119989	0.0208886316823	-0.0276134703506	-0.0966076119001	0.00197737964532	-0.0270882071366	-0.0173519039045	-0.0317712421454	0.0233343606535	0.0126510720859	-0.0190049057326	-0.0273704689162	0.0184986485817	-0.00997345149443	0.0174042000928	0.00701517643148	-0.0306243505143
k__Bacteria;p__Bacteroidetes;c__Bacteroidia;o__Bacteroidales;f__Bacteroidaceae;g__Bacteroides;s__Bacteroides_ovatus	0.0217363673472	0.0517441317733	0.0117300815352	-0.0285580952399	-0.0237905212633	1.0	-0.0517243271032	0.015576164798	0.00748264661185	-0.0607881560271	0.0521166797838	-0.0344711887329	-0.0599652533291	0.0456368782501	0.00838043623318	0.0752603336852	0.0169446272721	-0.0148074169032	-0.0221285706576	-0.114944938243	-0.0298637037583	0.0354141288004	0.0778430803416	-0.0472078363139	0.0418059823699	-0.0404076948591	-0.025104698146	-0.0325113606528	0.0538377137752	0.0644175555387	-0.00399553082136	-0.0106097831348	0.0283909905827	0.0689944818815	0.00862716264892	-0.00184308977088	-0.0193024272784	-0.00300783957406	-0.0325042501915	0.0292598237756	0.0104304606414	-0.00519265458993	-0.0039238226809	-0.00139755337075	-0.0368018384207	-0.023133049119	0.00869766367182	-0.0490202653529	-0.0298359597246	0.00218883272201	-0.0705484488049	-0.0387564688761	-0.0355162663494	0.0224446940981	-0.0375961643899	-0.00408150717088	-0.0249800320535	0.0207043467902	-0.0583788709694
k__Bacteria;p__Bacteroidetes;c__Bacteroidia;o__Bacteroidales;f__Rikenellaceae;g__Alistipes;s__Alistipes_shahii	-0.0418439290249	-0.0281683557228	-0.0313303267054	0.00600618743992	-0.0228808944886	-0.0517243271032	1.0	-0.006811980895	-0.00400554516311	0.0627997587731	-0.00626237326148	-0.0420011179498	0.0616881408698	0.00180271175633	-0.0258089341301	0.021660631224	-0.0220290079715	0.0100158216263	-0.0538090370797	0.0376579995256	0.0127170242161	0.00464971320047	-0.00550580129077	-0.0417633896286	-0.0310988409312	-0.0215945739561	-0.0192273780492	0.00653025317436	-0.0415902202656	0.0692082200252	-0.0466854232384	-0.0219852995065	-0.0426805869334	0.0101334543868	0.0178187719506	0.0793790914991	0.0487184795518	-0.0108973204085	0.0437970736412	-0.0165680169591	0.0058958887785	-0.00975595587604	0.060208664597	-0.0159011157797	-0.0215963034809	-0.0279432484466	-0.0166136617653	-0.0463758000214	-0.00123857791544	-0.04064442077	-0.0290431267345	-0.0492881511307	-0.00673600118206	0.0663324688092	0.0109022815804	-0.00985752997749	0.0450459725496	0.00783888546438	-0.0217937842262
k__Bacteria;p__Firmicutes;c__Clostridia;o__Clostridiales;f__Ruminococcaceae;g__Faecalibacterium;s__Faecalibacterium_prausnitzii	-0.0347600562084	-0.00905882376283	-0.0834664610123	-0.0449701148897	0.0252900850679	0.015576164798	-0.006811980895	1.0	-0.074185252116	-0.088641511872	-0.00907048104633	-0.00638753074516	0.0216123615973	0.0326275760997	-0.0179815552949	-0.0238732567701	-0.0234643176224	-0.0560048240433	0.0619430257863	0.0273275987544	0.092082793428	0.0244216439409	-0.0306742926842	0.0192750168363	-0.0234200579188	0.0109559774514	-0.0129534326404	-0.00198393144078	8.91817161634e-05	-0.0168625940179	-0.0298928961468	0.0171180309816	0.0128249578872	0.0151451095837	0.049068351887	-0.000827631805529	-0.0821389790441	0.00798700141487	0.0179595575944	-0.0145026614284	0.0677453697538	-0.0587078247044	-0.00365486642364	-0.0529351043585	0.0186500348009	-0.00762233648137	0.0116884812245	-0.0534951020742	0.00452158630019	-0.0128852394533	0.0231602169579	0.0167898926415	0.0509248694795	0.0335833748618	-0.000821463063078	0.00718289030165	-0.0721540319994	0.0679717714379	-0.0239265212697
k__Bacteria;p__Bacteroidetes;c__Bacteroidia;o__Bacteroidales;f__Rikenellaceae;g__Alistipes;s__Alistipes_finegoldii	0.0156586535416	0.0540726381318	-0.0611486464949	-0.0341183406358	0.00148315254808	0.00748264661185	-0.00400554516311	-0.074185252116	1.0	0.00457577910193	-0.016113375321	-0.00539472062611	-0.0796366831227	0.0419488851534	-0.0147510675797	0.033139112546	0.0101178588373	0.0422468499126	0.0176621001107	-0.0186961558842	0.00216407416142	0.00177752597892	0.0220757800352	-0.0126848514357	0.0461605178006	-0.0283923289434	-0.0264949473138	-0.0333028277184	0.0165761964455	-0.0380859736893	-0.0520953060316	-0.037418947395	0.0472926584244	0.0473789712331	0.0435616451346	-0.0148608094447	0.00214646752965	-0.0124121415021	-0.00819418919978	-0.0255466973095	-0.0305637784398	-0.0405205057835	-0.0626992277994	-0.0216798903416	0.00312141286058	-0.0677278199436	-0.0322658323566	0.00645791598307	0.00570457255942	-0.0165065143053	-0.0321925966289	-0.0102318964562	0.0159379683117	0.00797248368202	-0.0433459976753	-0.0303728292577	-0.0303171430026	0.0307361324718	0.0419179313465
k__Bacteria;p__Bacteroidetes;c__Bacteroidia;o__Bacteroidales;f__Porphyromonadaceae;g__Parabacteroides;s__Parabacteroides_distasonis	0.0276883596203	-0.0154069226175	-0.0201096230755	-0.0137617063895	0.00724027716195	-0.0607881560271	0.0627997587731	-0.088641511872	0.00457577910193	1.0	0.0486593248533	0.010100162055	0.0133388584609	0.00304245277419	-0.0347887083086	0.018334579825	-0.0422403331754	0.0263021056341	-0.0178128556825	-0.0101084907197	0.017181564419	-0.0540279210415	-0.0524232977526	0.0281211214153	-0.0452068619915	-0.0355743982282	-0.0385819155081	-0.0278186433235	0.0104631979525	-0.0853169404334	-0.0263158133986	-0.0676618023611	-0.0237357930574	0.0371110469322	-0.021624642235	-0.0130534049229	0.0261149508668	0.0127853070769	0.0253930739332	-0.00692075295417	-0.00753487470639	-0.0194801256124	-0.00997830687799	0.0261511646463	0.042166264902	-0.00191507215854	0.00260347366248	0.0424788149698	0.00338027511873	-0.0145896588211	0.000757485585122	-0.0135317463525	-0.0244989818216	0.0278534302908	0.0553191074649	-0.0252166130317	-0.0326501150489	0.00400182075217	0.0194565057767
k__Bacteria;p__Bacteroidetes;c__Bacteroidia;o__Bacteroidales;f__Bacteroidaceae;g__Bacteroides;s__Bacteroides_thetaiotaomicron	0.0188699966139	0.0293693196114	0.00731922020716	0.0243622307869	0.024372990266	0.0521166797838	-0.00626237326148	-0.00907048104633	-0.016113375321	0.0486593248533	1.0	0.00717158589923	0.0193237259999	0.00415496527466	-0.0389951864665	0.0422722870882	-0.00240500390809	-0.0137558274811	-0.0203955822909	-0.0296067474729	-0.0200855274778	0.0243811408606	0.0060285859101	0.013537193951	0.0224315638489	-0.0081007686934	-0.00369026760493	-0.0443162425185	0.0162686902944	0.00580372802674	0.00390877398925	-0.027005656381	0.0579521980674	-0.0132748178043	-0.00746112651425	0.00214756566147	-0.0307326723065	-0.0190333043042	-0.0526118509343	0.00897118696569	-0.0283635593882	-0.087624974671	-0.0118392916815	0.0446270180977	-0.0450182009876	-0.0615237439548	-0.0376323677274	0.00762349495768	-0.0508872500425	-0.0184383364034	-0.0580830308814	0.00571930011209	0.0204648105801	-0.081212148086	0.0234693805833	-0.0149882291537	-0.0168854681354	0.00103512021927	-0.0254774220463
k__Bacteria;p__Bacteroidetes;c__Bacteroidia;o__Bacteroidales;f__Bacteroidaceae;g__Bacteroides;s__Bacteroides_coprocola	-0.0236564394891	0.00631169572807	-0.0313031152296	0.0122725254427	0.0551311496957	-0.0344711887329	-0.0420011179498	-0.00638753074516	-0.00539472062611	0.010100162055	0.00717158589923	1.0	-0.00967283016553	-0.00137705096197	0.0420049754266	0.0389607379003	0.00277693724393	0.0387635124964	-0.00148435313623	-0.0380505428127	-0.00817740090924	0.0379450396503	0.0179578848046	0.039246938683	-0.00684711228146	0.0014705977977	-0.0408849728624	-0.0299668203216	-0.0157192352727	-0.00407202092632	0.0204286516355	0.00122798432327	-0.0341295794012	-0.0361203036769	0.0483840974676	-0.00372627585851	-0.0350164421264	0.0052718621791	-0.0888795745749	-0.0182004984519	-0.0173996606569	-0.00506706066813	-0.00839509711087	0.0365302344267	-0.017045875164	0.025864637194	-0.0296135116161	-0.0138690402124	-0.0112854339561	0.0350141788306	0.0200268285118	0.0158537818123	0.0109722812358	-0.0884780022849	-0.00621428073706	-0.00273971590955	-0.0232093851333	0.00577963861916	-0.0451948671497
k__Bacteria;p__Bacteroidetes;c__Bacteroidia;o__Bacteroidales;f__Bacteroidaceae;g__Bacteroides;s__Bacteroides_cellulosilyticus	0.058650535753	-0.0227450682661	-0.0564396238766	-0.0287422653793	0.0462701041686	-0.0599652533291	0.0616881408698	0.0216123615973	-0.0796366831227	0.0133388584609	0.0193237259999	-0.00967283016553	1.0	-0.0712555831567	0.0692170391729	-0.0573812500445	0.0339881378292	-0.00999343182784	0.0103311379107	0.0254266158154	-0.052821928543	0.022031214205	0.0034461517551	-0.0307637766515	-0.0319942938465	-0.00890337603656	-0.0250176923781	-0.0194891983475	-0.00192988919168	0.0238547612145	-0.0402800938186	-0.00367208464712	-0.0292323345001	-0.0684005417607	-0.0545346420543	0.00509830437142	0.0340962838171	-0.0079714582431	0.00735527641559	0.0378565501645	0.00514800448934	0.0191723288695	0.0166869476361	-0.0204402004627	-0.0628804464813	0.0231144208334	-0.0227199552108	0.0347548740644	0.0447896706301	-0.0377200189422	-0.0708865171604	-0.0455416499151	-0.0337122520749	-0.0152123635645	-0.0290776231096	-0.0451890361333	-0.0398093093207	-0.0328218886473	0.0509102697726
k__Bacteria;p__Bacteroidetes;c__Bacteroidia;o__Bacteroidales;f__Rikenellaceae;g__Alistipes;s__Alistipes_obesi	0.0501178169954	0.0578229158641	0.0404630018479	-0.00547049533319	0.0822332537882	0.0456368782501	0.00180271175633	0.0326275760997	0.0419488851534	0.00304245277419	0.00415496527466	-0.00137705096197	-0.0712555831567	1.0	-0.00109340393503	-0.0153391424329	-0.0497032985234	-0.0273797821627	0.0178638165191	-0.00775231276138	-0.00908682507889	-0.0426850806633	-0.0304082809012	-0.0414852036378	-0.00631438931648	0.00624383451589	0.0102063071464	0.0227141236376	-0.0150904389169	-0.0320097606006	0.00360494778054	-0.0597235064694	-0.0591085095494	0.0474056860367	-0.00506100383748	-0.0147480774882	0.0220835625631	-0.0338549845179	-0.00155365847519	-0.0300745681321	-0.0410137786925	-0.0670038764184	-0.0436178956165	0.0202761690379	0.0841575387618	-0.034546734	-0.0553413022508	-0.0687545427536	-0.00620012112255	-0.014949469006	-0.0202027466757	-0.0440031935582	0.0220101165064	-0.0725349235205	-0.0636563086812	0.0310448386785	-0.0104856121448	-0.0333533005319	0.01315922738
k__Bacteria;p__Firmicutes;c__Clostridia;o__Clostridiales;f__Lachnospiraceae;g__;s__[Eubacterium]_rectale	-0.022213350626	-0.051713661079	-0.00717109167559	0.000992268279867	-0.00026274346998	0.00838043623318	-0.0258089341301	-0.0179815552949	-0.0147510675797	-0.0347887083086	-0.0389951864665	0.0420049754266	0.0692170391729	-0.00109340393503	1.0	0.0220436980455	0.000707185360443	0.0429581528281	-0.00614130695255	0.00627426274537	-0.0292924024104	-0.0102106948103	0.0494723223707	0.0222878966282	0.0354860118169	-0.02531240768	0.0153820369113	-0.0509330077489	0.00590651052729	0.0068759703653	-0.00216947249419	0.0570472744168	-0.0655600754785	0.00519759309884	-0.0489191597736	-0.0256817206978	-0.0183108144568	-0.0306911646898	-0.0223189048421	0.0433008564159	0.0186577545531	-0.0130756431488	0.000398553684077	0.0162879256255	0.00549843772806	-0.0104650758164	-0.0198694510901	0.0158984031238	0.092264689143	0.0380017983159	-0.0389720093489	-0.0520889776895	-0.0507466779771	-0.0371151404856	-0.0324134420538	-0.0314186611217	0.00312889716238	-0.0103252838845	-0.0224936924485
k__Bacteria;p__Bacteroidetes;c__Bacteroidia;o__Bacteroidales;f__Bacteroidaceae;g__Bacteroides;s__Bacteroides_plebeius	0.0100781261606	-0.00212764277118	0.0135322821318	0.0117267293625	0.00572876628456	0.0752603336852	0.021660631224	-0.0238732567701	0.033139112546	0.018334579825	0.0422722870882	0.0389607379003	-0.0573812500445	-0.0153391424329	0.0220436980455	1.0	-0.0243518006785	0.00319464556423	-0.0245717741091	0.00155803971593	-0.00348588760011	-0.00738489773919	0.00580277337562	0.01182409182	-0.0109754200472	-0.0359157453389	0.0290197094042	0.0180325930911	-0.0297736750588	-0.0212759063357	-0.0169951849925	-0.053501199848	0.0423020748803	-0.0306435225717	0.00424825794125	0.0376177342593	0.00574108738399	0.0185452835732	-0.0208413580774	-0.0420687577862	-0.0241846944488	0.0185039857572	-0.0322927179396	-0.0267756767918	-0.050093040681	0.0127665805999	-0.035020795015	-0.00450801517711	-0.0521636576509	-0.0158968625238	-0.0115393223812	0.0181850908809	-0.0290635295786	-0.0416156899722	0.0542306512127	0.00803700455041	0.0304365881255	0.00765699178291	-0.00549538721415
k__Bacteria;p__Bacteroidetes;c__Bacteroidia;o__Bacteroidales;f__Bacteroidaceae;g__Bacteroides;s__Bacteroides_fragilis	-0.0367056532366	-0.0838439047924	0.0201168860256	0.000849624876051	0.011367152767	0.0169446272721	-0.0220290079715	-0.0234643176224	0.0101178588373	-0.0422403331754	-0.00240500390809	0.00277693724393	0.0339881378292	-0.0497032985234	0.000707185360443	-0.0243518006785	1.0	-0.0273614811107	-0.00601224054576	-0.0494256748358	-0.0480500772306	-0.0471429783447	0.00854048208269	0.00398248204158	-0.0534879445675	-0.0117831240558	0.0113317159917	0.0199629264975	-0.00843797082572	0.0155365186128	-0.0404925389278	0.00482371803559	-0.0282934877656	-0.00276099278058	-0.101178007216	0.0408796522923	-0.000479727917025	-0.0137053778958	0.00231842485998	-0.0374866295383	-0.0163136597599	-0.0549129956379	0.000670142892679	0.0524148490645	-0.026004194995	0.0154351044559	-0.0575784740109	-0.00413956487554	0.0182735856435	0.0101574955327	-0.024562074522	-0.0465108349173	0.0635545349516	0.0291552353552	-0.0397515208213	0.0452660831523	0.0359609645776	0.00842379594301	-0.0246931776699
k__Bacteria;p__Proteobacteria;c__Betaproteobacteria;o__Burkholderiales;f__Sutterellaceae;g__Sutterella;s__Sutterella_wadsworthensis	-0.0435400273844	0.0124820893558	-0.000864706329825	-0.0321551643367	0.0135431041322	-0.0148074169032	0.0100158216263	-0.0560048240433	0.0422468499126	0.0263021056341	-0.0137558274811	0.0387635124964	-0.00999343182784	-0.0273797821627	0.0429581528281	0.00319464556423	-0.0273614811107	1.0	0.0134778479574	0.00683961937069	-0.0412566390252	-0.042709291556	-0.00426698234855	-0.0376768983966	0.00252417755985	0.000698668206691	-0.00653671815356	-0.0644203593276	-0.0159708028576	0.0735769159351	-0.047935845453	-0.0305605900662	0.0701174316544	-0.030921275203	0.0200767205373	0.0219307978233	-0.0887354930574	-0.00809511807295	-0.0193837180726	0.00275769877443	0.0819267684498	-0.0123298445759	-0.0755006068634	0.0136567835383	-0.0246146680412	0.0268568427798	0.0380340400984	-0.00914146463528	-0.0137067455696	-0.0307333080374	-0.04210135685	-0.0102898300148	-0.000505813343997	-0.0112801517547	0.0245415455729	0.00465709431116	0.0773245647622	-0.00551299926033	0.00518077752059
k__Bacteria;p__Bacteroidetes;c__Bacteroidia;o__Bacteroidales;f__Porphyromonadaceae;g__Barnesiella;s__Barnesiella_intestinihominis	-0.022359337944	-0.0102857466294	0.00936049621046	-0.0696715065073	-0.00549007716901	-0.0221285706576	-0.0538090370797	0.0619430257863	0.0176621001107	-0.0178128556825	-0.0203955822909	-0.00148435313623	0.0103311379107	0.0178638165191	-0.00614130695255	-0.0245717741091	-0.00601224054576	0.0134778479574	1.0	-0.00231644568197	-0.0157129704248	0.0420970797799	-0.0461842403014	0.0226986539002	0.0444757223957	0.0238694041959	-0.0341284477	-0.024591194705	0.0624092703755	0.0389202472217	-0.0140630120565	0.107738361349	0.0227340498961	-0.0588823104016	-0.0272987037306	0.00127441417663	-0.0331308858992	0.000740416604402	0.0339294040491	-0.0252303627026	-0.0599594995889	-0.0152964055418	-0.0228620778001	-0.0225794979505	-0.0146782125259	0.0185680203959	-0.0486246006297	-0.0126514703571	0.0314662960382	-0.00251039139162	-0.0200633357764	-0.0133493290054	-0.0212422033798	-0.0372409975271	0.0346796832662	-0.0442488579373	-0.0313960142808	-0.0340965085228	-0.0169827343284
k__Bacteria;p__Bacteroidetes;c__Bacteroidia;o__Bacteroidales;f__Odoribacteraceae;g__Odoribacter;s__Odoribacter_splanchnicus	-0.0209425458327	-0.0100556563139	0.0132276388978	-0.0117827369146	0.035782827855	-0.114944938243	0.0376579995256	0.0273275987544	-0.0186961558842	-0.0101084907197	-0.0296067474729	-0.0380505428127	0.0254266158154	-0.00775231276138	0.00627426274537	0.00155803971593	-0.0494256748358	0.00683961937069	-0.00231644568197	1.0	-0.0361692558022	0.00172959153991	-0.0738502284717	0.00780924547961	-0.0186233056891	0.0422393231001	-0.0485108320626	-0.0282060273906	0.0155712552938	-0.0391233333831	-0.0254115143087	0.0227951115337	0.0199279897481	0.0129594059336	-0.0353522351216	0.0194756035738	-0.0314043557402	0.0266809419455	-0.041211217392	-0.0409809106964	-0.00856397272514	0.0436094465126	0.082862099194	-0.00357293264141	-0.00481612478374	0.00664587578444	-0.0460959374691	0.0120288115738	-0.0539483684643	0.0208128276471	-0.0209715197929	-0.0178737771096	-0.0117877467002	-0.031497580338	0.0120307264719	0.0450714270874	-0.0698931689444	0.00686085743894	0.0168662766434
k__Bacteria;p__Bacteroidetes;c__Bacteroidia;o__Bacteroidales;f__Bacteroidaceae;g__Bacteroides;s__Bacteroides_salyersiae	-0.0362781739453	0.0384852857831	0.0258938430061	0.0358584897826	0.0178585533687	-0.0298637037583	0.0127170242161	0.092082793428	0.00216407416142	0.017181564419	-0.0200855274778	-0.00817740090924	-0.052821928543	-0.00908682507889	-0.0292924024104	-0.00348588760011	-0.0480500772306	-0.0412566390252	-0.0157129704248	-0.0361692558022	1.0	-0.00629826018176	-0.038065140248	-0.065037800333	-0.0568562398219	-0.00619126597239	-0.0222788427089	-0.0196500859159	-0.0658846652549	-0.0528425716691	-0.039994485998	-0.0105371255313	-0.0210543925649	-0.0223331036341	-0.101649493366	-0.00241157301584	-0.0294129192501	0.0217263367694	-0.0538077556451	0.0274334890481	0.025256890011	0.0163544621218	-0.0398132143412	0.00928930378213	-0.00287834007654	-0.040585510346	0.0013421859585	0.0343686893494	-0.0227217835208	-0.0693014839791	-0.0122981191445	0.0316461149283	0.0324945471072	-0.00793029567364	0.00686074119955	0.0210082793657	0.0448081338277	0.01140449168	0.0351417328811
k__Bacteria;p__Firmicutes;c__Clostridia;o__Clostridiales;f__Ruminococcaceae;g__Ruminiclostridium;s__[Eubacterium]_siraeum	0.0205279779727	-0.0103442073156	-0.00786307930498	-0.0475557924426	0.0123089125457	0.0354141288004	0.00464971320047	0.0244216439409	0.00177752597892	-0.0540279210415	0.0243811408606	0.0379450396503	0.022031214205	-0.0426850806633	-0.0102106948103	-0.00738489773919	-0.0471429783447	-0.042709291556	0.0420970797799	0.00172959153991	-0.00629826018176	1.0	-0.031688623402	-0.00395854908652	0.0166267733865	0.057088616964	0.0297506424856	0.00848746445802	-0.0194375716774	0.00659897030178	-0.0423998316557	-0.0399013947014	-0.0392829352679	-0.015895472915	0.0136335570001	-0.00520320209057	-0.0357934417882	-0.0332831626189	-0.0183861459604	0.0194462645794	0.0065640365173	-0.047041619748	-0.0251704908728	-0.027326322477	0.0720159120101	-0.022477478899	0.0496314913448	-0.0306346646081	-0.0142789777675	-0.0141378281827	0.00539566681044	-0.05370198009	0.013239173163	-0.0170383164302	-0.0328647099086	-0.0180385592345	-0.0146344311217	-0.0523271495682	-0.0326368748236
k__Bacteria;p__Proteobacteria;c__Betaproteobacteria;o__Burkholderiales;f__Sutterellaceae;g__Parasutterella;s__Parasutterella_excrementihominis	-0.0148367045044	0.00197966805957	-0.0310164537738	0.00545596242258	-0.0332844814974	0.0778430803416	-0.00550580129077	-0.0306742926842	0.0220757800352	-0.0524232977526	0.0060285859101	0.0179578848046	0.0034461517551	-0.0304082809012	0.0494723223707	0.00580277337562	0.00854048208269	-0.00426698234855	-0.0461842403014	-0.0738502284717	-0.038065140248	-0.031688623402	1.0	-0.0237572575802	0.0296904065399	0.0569441274159	0.0160268144529	0.0278264876436	-0.00478922422201	-0.034813358	0.0155042007601	-0.0188209085807	0.0239778140918	-0.0632239758305	0.00576828480391	-0.00527153240447	-0.0166893096675	0.0139745119285	-0.00303920772674	0.0594400194317	0.00677248752679	-0.0400215847974	-0.0497563924607	-0.0224525519665	-0.0292944800124	-0.0385659973103	-0.0510273216333	0.00597896949059	-0.00610436895973	-0.00734142219619	0.0285641795776	-0.036004755354	-0.0133879519985	0.0362572347457	-0.0349479455111	0.0225856992454	0.0229115891301	0.00782913486568	0.0153948398275
k__Bacteria;p__Actinobacteria;c__Actinobacteria;o__Bifidobacteriales;f__Bifidobacteriaceae;g__Bifidobacterium;s__Bifidobacterium_adolescentis	0.0387451625798	0.0139915163285	-0.0159352847793	-0.0507787429809	-0.0201530370407	-0.0472078363139	-0.0417633896286	0.0192750168363	-0.0126848514357	0.0281211214153	0.013537193951	0.039246938683	-0.0307637766515	-0.0414852036378	0.0222878966282	0.01182409182	0.00398248204158	-0.0376768983966	0.0226986539002	0.00780924547961	-0.065037800333	-0.00395854908652	-0.0237572575802	1.0	0.0515035438484	0.011677624604	-0.0542236500861	-0.0117999571811	0.0107482885957	-0.0218454441853	-0.00905417925186	-0.0462440564473	-0.0102252976488	0.0396448635235	-0.00692148161794	0.0246453699648	0.0588375251485	0.031133422053	0.0175620625294	-0.000104560491813	0.0229970479224	0.0603290814252	-0.00624741504034	-0.0110650216114	-0.0396383188994	0.000581718114618	-0.0441743583236	0.0418122363505	-0.0155577527567	0.00819719290021	0.00471543497019	0.0226623907434	0.000384739443094	-0.0601756138999	-0.0156940189984	0.015803511104	-0.0432400758178	-0.0114702420267	-0.0353393953794
k__Bacteria;p__Firmicutes;c__Clostridia;o__Clostridiales;f__Oscillospiraceae;g__Oscillibacter;s__Oscillibacter_sp._KLE_1745	-0.0146812373104	-0.0157378029703	-0.0505112406629	0.00837838872167	-0.0281114218338	0.0418059823699	-0.0310988409312	-0.0234200579188	0.0461605178006	-0.0452068619915	0.0224315638489	-0.00684711228146	-0.0319942938465	-0.00631438931648	0.0354860118169	-0.0109754200472	-0.0534879445675	0.00252417755985	0.0444757223957	-0.0186233056891	-0.0568562398219	0.0166267733865	0.0296904065399	0.0515035438484	1.0	-0.056156778718	-0.00523832326949	-0.0152488474083	-0.0299872741079	-0.000712039335937	0.0353476209915	0.00341299617742	-0.016544361329	-0.0865463280794	-0.0610189983757	-0.0402164906166	0.0138431382623	-0.0652639009091	-0.00352772326126	-0.00421599815431	-0.0558573478067	-0.00704507428785	-0.0322077421117	0.0542465569603	-0.0180792578812	-0.0389374278032	0.0517358558967	-0.0289305146185	0.0187378195983	0.0328417613923	-0.0242868861709	-0.0250478512803	0.038793365333	-0.00182681288944	-0.0211086008163	-0.00883412912372	0.0108527626833	-0.0692283292305	0.0286478395796
k__Bacteria;p__Bacteroidetes;c__Bacteroidia;o__Bacteroidales;f__Bacteroidaceae;g__Bacteroides;s__Bacteroides_coprophilus	-0.00644462310361	-0.0367556777293	0.0095472592432	0.0255338818822	-0.0125557624922	-0.0404076948591	-0.0215945739561	0.0109559774514	-0.0283923289434	-0.0355743982282	-0.0081007686934	0.0014705977977	-0.00890337603656	0.00624383451589	-0.02531240768	-0.0359157453389	-0.0117831240558	0.000698668206691	0.0238694041959	0.0422393231001	-0.00619126597239	0.057088616964	0.0569441274159	0.011677624604	-0.056156778718	1.0	-0.00725616177659	-0.00269541060283	0.069779005245	-0.0537416664144	-0.029047700479	0.0158453053758	-0.0140542254831	0.0125480945812	-0.00260527673772	-0.0526563781051	0.000419030100058	0.0498884006312	-0.0675313162749	0.0179051388707	-0.0403886754023	0.00817111788356	0.00986243726107	-0.00421431468374	-0.0111340258722	0.0393561529687	-0.0446138758291	-0.0490152704477	0.00586203162882	-0.0060994785486	0.0143619874251	-0.00852598560074	-0.00930494826502	-0.0765853268974	-0.0317978583893	0.0366400376283	0.0283549853644	0.0156862372558	0.00326051220786
k__Bacteria;p__Firmicutes;c__Clostridia;o__Clostridiales;f__Lachnospiraceae;g__Roseburia;s__Roseburia_intestinalis	0.0122051406095	0.00402097211819	-0.00198013973346	-0.0024140936613	-0.0186915892956	-0.025104698146	-0.0192273780492	-0.0129534326404	-0.0264949473138	-0.0385819155081	-0.00369026760493	-0.0408849728624	-0.0250176923781	0.0102063071464	0.0153820369113	0.0290197094042	0.0113317159917	-0.00653671815356	-0.0341284477	-0.0485108320626	-0.0222788427089	0.0297506424856	0.0160268144529	-0.0542236500861	-0.00523832326949	-0.00725616177659	1.0	-0.0275105379057	-0.0475730689958	-0.0511605510758	-0.0559225992467	-0.0171009885341	0.00773923447091	-0.0402242652949	-0.0186247148857	0.0201388517105	-0.0200471737536	-0.00899922448553	-0.0153696532045	-0.0507893967183	-0.0359524733659	-0.0584542201979	-0.0309234944432	0.00718182007143	-0.0143036665802	0.0118997319357	0.0274841534325	-0.0103006612579	-0.0573694011443	-0.00855162690752	-0.0709273679757	-0.0323866740148	0.0663378307607	0.012282497572	0.0142667535974	-0.0387790961201	0.0415040753589	-0.0645612662066	0.0361608242765
k__Bacteria;p__Firmicutes;c__Clostridia;o__Clostridiales;f__Lachnospiraceae;g__Roseburia;s__Roseburia_hominis	0.0438595652969	-0.0294414928127	0.0176541931849	0.00665591287453	-0.00879913487402	-0.0325113606528	0.00653025317436	-0.00198393144078	-0.0333028277184	-0.0278186433235	-0.0443162425185	-0.0299668203216	-0.0194891983475	0.0227141236376	-0.0509330077489	0.0180325930911	0.0199629264975	-0.0644203593276	-0.024591194705	-0.0282060273906	-0.0196500859159	0.00848746445802	0.0278264876436	-0.0117999571811	-0.0152488474083	-0.00269541060283	-0.0275105379057	1.0	-0.0192535254169	-0.0180802562725	-0.0217180547738	0.00882060472939	0.00513543206075	0.0029697738238	-0.0201469958059	-0.0049623957271	0.0189714629196	-0.00272204040386	-0.0520543519439	0.0492087794269	-0.0263490979837	0.0314046432682	-0.0157243735582	0.0205337445975	-0.0115370031964	0.0407193638716	-0.0328495268504	-0.00103188325558	-0.0159269156539	-0.0304182132348	0.0150498159062	-0.0165927037485	-0.0189969070889	0.0470036453733	-0.0022596614919	-0.0212606881124	-0.0305739863879	0.0217943864973	0.0233292380459
k__Bacteria;p__Bacteroidetes;c__Bacteroidia;o__Bacteroidales;f__Porphyromonadaceae;g__Parabacteroides;s__Parabacteroides_johnsonii	0.00899343934292	-0.0351604074914	0.0234756082196	-0.00694043075889	-0.0273263385109	0.0538377137752	-0.0415902202656	8.91817161635e-05	0.0165761964455	0.0104631979525	0.0162686902944	-0.0157192352727	-0.00192988919168	-0.0150904389169	0.00590651052729	-0.0297736750588	-0.00843797082572	-0.0159708028576	0.0624092703755	0.0155712552938	-0.0658846652549	-0.0194375716774	-0.00478922422201	0.0107482885957	-0.0299872741079	0.069779005245	-0.0475730689958	-0.0192535254169	1.0	0.00460479361922	0.034577186742	-0.0634579996193	0.00730277833611	0.0447197465318	0.0244883213995	-0.065464486626	-0.0167524129774	-0.00997016777514	0.0405780626063	-0.038800435384	0.00214118168345	0.0255784870664	-0.0533111360291	-0.0558925269155	0.00499321596419	-0.0687140555832	-0.0234418355292	0.0518225263469	0.0164699578788	-0.0429978310404	-0.023181266049	-0.0303008292831	-0.0451750411452	0.0249466384959	-0.0341021701271	-0.0236832895303	0.033726320818	-0.0289573744991	-0.0144839275794
k__Bacteria;p__Actinobacteria;c__Actinobacteria;o__Bifidobacteriales;f__Bifidobacteriaceae;g__Bifidobacterium;s__Bifidobacterium_longum	-0.0397584516959	0.0270018360397	0.0579330673661	-0.00482643781872	0.0556530922841	0.0644175555387	0.0692082200252	-0.0168625940179	-0.0380859736893	-0.0853169404334	0.00580372802674	-0.00407202092632	0.0238547612145	-0.0320097606006	0.0068759703653	-0.0212759063357	0.0155365186128	0.0735769159351	0.0389202472217	-0.0391233333831	-0.0528425716691	0.00659897030178	-0.034813358	-0.0218454441853	-0.000712039335937	-0.0537416664144	-0.0511605510758	-0.0180802562725	0.00460479361922	1.0	0.057174211831	0.00466582702938	0.0110796940659	0.0030121927777	-0.00886387278904	0.007541851986	-0.0349760010308	-0.00767621132264	0.0204387341057	-0.0351419934261	-0.0585844442766	-0.0552842408999	0.00781566241048	-0.0405706352214	-0.0592963519802	-0.0177235757852	0.00619343822508	-0.0271437742432	-0.0194457693897	0.0102555153645	-0.0322421583076	-0.0322272257512	-0.0494751535986	-0.0355609888064	0.0231035457104	0.00179141213874	0.00884153185373	-0.0139436683738	-0.0422125901027
