#taxonomy	k__Bacteria;p__Bacteroidetes;c__Bacteroidia;o__Bacteroidales;f__Bacteroidaceae;g__Bacteroides;s__Bacteroides_vulgatus	k__Bacteria;p__Bacteroidetes;c__Bacteroidia;o__Bacteroidales;f__Bacteroidaceae;g__Bacteroides;s__Bacteroides_uniformis	k__Bacteria;p__Bacteroidetes;c__Bacteroidia;o__Bacteroidales;f__Rikenellaceae;g__Alistipes;s__Alistipes_putredinis	k__Bacteria;p__Bacteroidetes;c__Bacteroidia;o__Bacteroidales;f__Prevotellaceae;g__Prevotella;s__Prevotella_copri	k__Bacteria;p__Bacteroidetes;c__Bacteroidia;o__Bacteroidales;f__Bacteroidaceae;g__Bacteroides;s__Bacteroides_stercoris	k__Bacteria;p__Bacteroidetes;c__Bacteroidia;o__Bacteroidales;f__Bacteroidaceae;g__Bacteroides;s__Bacteroides_ovatus	k__Bacteria;p__Bacteroidetes;c__Bacteroidia;o__Bacteroidales;f__Rikenellaceae;g__Alistipes;s__Alistipes_shahii	k__Bacteria;p__Firmicutes;c__Clostridia;o__Clostridiales;f__Ruminococcaceae;g__Faecalibacterium;s__Faecalibacterium_prausnitzii	k__Bacteria;p__Bacteroidetes;c__Bacteroidia;o__Bacteroidales;f__Rikenellaceae;g__Alistipes;s__Alistipes_finegoldii	k__Bacteria;p__Bacteroidetes;c__Bacteroidia;o__Bacteroidales;f__Porphyromonadaceae;g__Parabacteroides;s__Parabacteroides_distasonis	k__Bacteria;p__Bacteroidetes;c__Bacteroidia;o__Bacteroidales;f__Bacteroidaceae;g__Bacteroides;s__Bacteroides_thetaiotaomicron	k__Bacteria;p__Bacteroidetes;c__Bacteroidia;o__Bacteroidales;f__Bacteroidaceae;g__Bacteroides;s__Bacteroides_coprocola	k__Bacteria;p__Bacteroidetes;c__Bacteroidia;o__Bacteroidales;f__Bacteroidaceae;g__Bacteroides;s__Bacteroides_cellulosilyticus	k__Bacteria;p__Bacteroidetes;c__Bacteroidia;o__Bacteroidales;f__Rikenellaceae;g__Alistipes;s__Alistipes_obesi	k__Bacteria;p__Firmicutes;c__Clostridia;o__Clostridiales;f__Lachnospiraceae;g__;s__[Eubacterium]_rectale	k__Bacteria;p__Bacteroidetes;c__Bacteroidia;o__Bacteroidales;f__Bacteroidaceae;g__Bacteroides;s__Bacteroides_plebeius	k__Bacteria;p__Bacteroidetes;c__Bacteroidia;o__Bacteroidales;f__Bacteroidaceae;g__Bacteroides;s__Bacteroides_fragilis	k__Bacteria;p__Proteobacteria;c__Betaproteobacteria;o__Burkholderiales;f__Sutterellaceae;g__Sutterella;s__Sutterella_wadsworthensis	k__Bacteria;p__Bacteroidetes;c__Bacteroidia;o__Bacteroidales;f__Porphyromonadaceae;g__Barnesiella;s__Barnesiella_intestinihominis	k__Bacteria;p__Bacteroidetes;c__Bacteroidia;o__Bacteroidales;f__Odoribacteraceae;g__Odoribacter;s__Odoribacter_splanchnicus	k__Bacteria;p__Bacteroidetes;c__Bacteroidia;o__Bacteroidales;f__Bacteroidaceae;g__Bacteroides;s__Bacteroides_salyersiae	k__Bacteria;p__Firmicutes;c__Clostridia;o__Clostridiales;f__Ruminococcaceae;g__Ruminiclostridium;s__[Eubacterium]_siraeum	k__Bacteria;p__Proteobacteria;c__Betaproteobacteria;o__Burkholderiales;f__Sutterellaceae;g__Parasutterella;s__Parasutterella_excrementihominis	k__Bacteria;p__Actinobacteria;c__Actinobacteria;o__Bifidobacteriales;f__Bifidobacteriaceae;g__Bifidobacterium;s__Bifidobacterium_adolescentis	k__Bacteria;p__Firmicutes;c__Clostridia;o__Clostridiales;f__Oscillospiraceae;g__Oscillibacter;s__Oscillibacter_sp._KLE_1745	k__Bacteria;p__Bacteroidetes;c__Bacteroidia;o__Bacteroidales;f__Bacteroidaceae;g__Bacteroides;s__Bacteroides_coprophilus	k__Bacteria;p__Firmicutes;c__Clostridia;o__Clostridiales;f__Lachnospiraceae;g__Roseburia;s__Roseburia_intestinalis	k__Bacteria;p__Firmicutes;c__Clostridia;o__Clostridiales;f__Lachnospiraceae;g__Roseburia;s__Roseburia_hominis	k__Bacteria;p__Bacteroidetes;c__Bacteroidia;o__Bacteroidales;f__Porphyromonadaceae;g__Parabacteroides;s__Parabacteroides_johnsonii	k__Bacteria;p__Actinobacteria;c__Actinobacteria;o__Bifidobacteriales;f__Bifidobacteriaceae;g__Bifidobacterium;s__Bifidobacterium_longum	k__Bacteria;p__Firmicutes;c__Clostridia;o__Clostridiales;f__;g__Flavonifractor;s__Flavonifractor_plautii	k__Bacteria;p__Firmicutes;c__Clostridia;o__Clostridiales;f__Clostridiaceae;g__Clostridium;s__Clostridium_phoceensis	k__Bacteria;p__Verrucomicrobia;c__Verrucomicrobiae;o__Verrucomicrobiales;f__Akkermansiaceae;g__Akkermansia;s__Akkermansia_muciniphila	k__Bacteria;p__Bacteroidetes;c__Bacteroidia;o__Bacteroidales;f__Prevotellaceae;g__Paraprevotella;s__Paraprevotella_xylaniphila	k__Bacteria;p__Firmicutes;c__Clostridia;o__Clostridiales;f__Ruminococcaceae;g__Ruminococcus;s__Ruminococcus_callidus	k__Bacteria;p__Bacteroidetes;c__Bacteroidia;o__Bacteroidales;f__Rikenellaceae;g__Alistipes;s__Alistipes_senegalensis	k__Bacteria;p__Firmicutes;c__Clostridia;o__Clostridiales;f__Lachnospiraceae;g__Blautia;s__Blautia_sp._KLE_1732	k__Bacteria;p__Bacteroidetes;c__Bacteroidia;o__Bacteroidales;f__Bacteroidaceae;g__Bacteroides;s__Bacteroides_oleiciplenus	k__Bacteria;p__Firmicutes;c__Clostridia;o__Clostridiales;f__Ruminococcaceae;g__Ruminococcus;s__Ruminococcus_bicirculans	k__Bacteria;p__Bacteroidetes;c__Bacteroidia;o__Bacteroidales;f__Bacteroidaceae;g__Bacteroides;s__Bacteroides_fluxus	k__Bacteria;p__Bacteroidetes;c__Bacteroidia;o__Bacteroidales;f__Prevotellaceae;g__Prevotella;s__Prevotella_stercorea	k__Bacteria;p__Firmicutes;c__Clostridia;o__Clostridiales;f__Lachnospiraceae;g__Dorea;s__Dorea_longicatena	k__Bacteria;p__Firmicutes;c__Clostridia;o__Clostridiales;f__Eubacteriaceae;g__Eubacterium;s__[Eubacterium]_eligens	k__Bacteria;p__Firmicutes;c__Clostridia;o__Clostridiales;f__Ruminococcaceae;g__;s__Ruminococcaceae_bacterium_D16	k__Bacteria;p__Firmicutes;c__Clostridia;o__Clostridiales;f__Lachnospiraceae;g__Coprococcus;s__Coprococcus_comes	k__Bacteria;p__Proteobacteria;c__Gammaproteobacteria;o__Enterobacterales;f__Enterobacteriaceae;g__Escherichia;s__Escherichia_coli	k__Bacteria;p__Firmicutes;c__Clostridia;o__Clostridiales;f__Ruminococcaceae;g__Anaerotruncus;s__Anaerotruncus_colihominis	k__Bacteria;p__Firmicutes;c__Clostridia;o__Clostridiales;f__Lachnospiraceae;g__Blautia;s__Blautia_obeum	k__Bacteria;p__Bacteroidetes;c__Bacteroidia;o__Bacteroidales;f__Odoribacteraceae;g__Odoribacter;s__Odoribacter_laneus	k__Bacteria;p__Firmicutes;c__Clostridia;o__Clostridiales;f__Ruminococcaceae;g__Ruminiclostridium;s__[Clostridium]_leptum	k__Bacteria;p__Bacteroidetes;c__Bacteroidia;o__Bacteroidales;f__Porphyromonadaceae;g__Parabacteroides;s__Parabacteroides_goldsteinii	k__Bacteria;p__Firmicutes;c__Clostridia;o__Clostridiales;f__Lachnospiraceae;g__Anaerostipes;s__Anaerostipes_hadrus	k__Bacteria;p__Firmicutes;c__Clostridia;o__Clostridiales;f__Ruminococcaceae;g__Ruminococcus;s__Ruminococcus_lactaris	k__Bacteria;p__Firmicutes;c__Clostridia;o__Clostridiales;f__Clostridiaceae;g__Clostridium;s__Clostridium_sp._L2-50	k__Bacteria;p__Firmicutes;c__Clostridia;o__Clostridiales;f__Clostridiaceae;g__Clostridium;s__Clostridium_sp._M62/1	k__Bacteria;p__Firmicutes;c__Clostridia;o__Clostridiales;f__;g__Intestinimonas;s__Intestinimonas_butyriciproducens	k__Bacteria;p__Actinobacteria;c__Actinobacteria;o__Bifidobacteriales;f__Bifidobacteriaceae;g__Bifidobacterium;s__Bifidobacterium_bifidum	k__Bacteria;p__Firmicutes;c__Negativicutes;o__Veillonellales;f__Veillonellaceae;g__Dialister;s__Dialister_invisus	k__Bacteria;p__Bacteroidetes;c__Bacteroidia;o__Bacteroidales;f__Bacteroidaceae;g__Bacteroides;s__Bacteroides_salanitronis
k__Bacteria;p__Bacteroidetes;c__Bacteroidia;o__Bacteroidales;f__Bacteroidaceae;g__Bacteroides;s__Bacteroides_vulgatus	1.0	-0.0289581828446	0.00140577361789	-0.0387520464036	0.0479523987194	-0.0171456116508	-0.020704784246	-0.0208235358422	-0.0172310778346	0.0798771384411	0.000253444224919	-0.0383161823628	-0.0154431951954	-0.0440683347384	-0.00891211793939	-0.0130668970448	0.0711976181295	-0.00738743330186	0.0285976845546	-0.015141507337	0.0434493704438	-0.0318092785645	0.0360301136652	-0.0220222403998	0.0602606726089	-0.0236090256205	-0.0390280426514	-0.0336211964233	0.0320559586195	-0.0315217303713	0.00847786809059	-0.0114952680997	-0.0445896587356	-0.0281973192924	-0.0386269077405	0.0027086463615	-0.0199475010253	0.0473959010411	0.0274945634121	0.0176056081382	-0.0403336642572	-0.00258404323204	-0.0394765883783	-0.0309914375689	-0.0252490713502	0.0318980195607	-0.0706640298662	0.0261208668169	-0.00983784924727	0.00417666100412	-0.0255045584298	-0.0670909533998	-0.0158893047489	-0.000439220045	-0.0357249041667	-0.0139008008557	-0.00256237636083	-0.00360168339544	-0.0227137176573
k__Bacteria;p__Bacteroidetes;c__Bacteroidia;o__Bacteroidales;f__Bacteroidaceae;g__Bacteroides;s__Bacteroides_uniformis	-0.0289581828446	1.0	0.0107231931276	0.0105702868451	0.0438070782697	-0.0313174531205	0.0200386903297	-0.0174873363111	-0.0108162822311	-0.0773635509628	-0.00855028667073	0.0505061476248	0.0287803768552	0.0122047257204	0.0260620288125	0.0184237054907	-0.0226204260785	0.0303555624429	-0.0107687059754	-0.00839286850005	0.00475651464297	-0.0152140197378	-0.0465923212695	-0.0143817294945	-0.0223906392478	-0.0248161633794	0.0591562668804	0.0351689875121	-0.00402400152808	-0.00183184051358	0.0102387103709	-0.0206360325549	-0.0324803849806	-0.00693852436296	0.0163821933253	-0.105533131052	-0.0156089998707	0.0321522537896	-0.0480483943569	0.028581665053	-0.00650767496166	-0.0279366102895	0.0140080155974	-0.030635708372	-0.020742024586	-0.0512694851008	-0.00873581307109	-0.0766183328197	0.0440379576314	-0.00288386396206	-0.060471530641	0.0358743803167	0.0407582297171	-0.016301382887	-0.0450856108494	-0.0186738682714	0.0388816978898	-0.034282921168	-0.0487811695066
k__Bacteria;p__Bacteroidetes;c__Bacteroidia;o__Bacteroidales;f__Rikenellaceae;g__Alistipes;s__Alistipes_putredinis	0.00140577361789	0.0107231931276	1.0	0.0128879173387	0.0210662106468	0.0519497132374	-0.0169406942235	-0.0458381212	-0.0175487232862	0.0144688706138	-0.00653978281825	-0.069361603064	0.00551014298032	-0.0299582386275	0.027605315527	0.0417447364296	-0.0357044952623	-0.013035072389	-0.0117593134821	0.01124043915	-0.0531144504009	-0.0269333968832	-0.00604820973717	0.0304451232918	0.019905606024	0.0336980662175	-0.0697152561817	-0.0411326412285	-0.0381221634261	-0.0729995015615	-0.0565835857457	-0.0373683768811	-0.0515457560133	-0.00746627098592	0.00813550509928	0.00755418355495	0.0226624879604	-0.0182774130779	0.030064522308	0.0121330433885	-0.022798309802	-0.0152668246751	-0.0173367122216	0.032655656616	0.00784964718101	0.0477159299932	-0.0527522244328	-0.0303443501352	-0.0486712113825	0.0209745168282	0.0183900589017	-0.00456232082692	-0.00689708146158	-0.00450539938248	-0.0326113006228	-0.0358046180547	0.0213821597394	-0.0076614821727	-0.0528813231161
k__Bacteria;p__Bacteroidetes;c__Bacteroidia;o__Bacteroidales;f__Prevotellaceae;g__Prevotella;s__Prevotella_copri	-0.0387520464036	0.0105702868451	0.0128879173387	1.0	-0.0353368855254	-0.0074277902306	0.00518537820921	0.0132143017359	0.0345771708108	-0.00869838352481	-0.01301977049	-0.0212382248546	0.011284645799	0.0597792018542	0.00100219768574	-0.00469024555368	0.0384245585783	0.0131802819876	-0.0143607627813	-0.0766478129376	0.0867572993579	0.00424221827424	0.0115277916502	0.048826198287	-0.0395488989111	-0.00183203057079	-0.012348125736	-0.0212063984883	-0.0416190399237	-0.00664844848112	-0.0128486192784	-0.0332244773861	-0.0213578166454	0.0397589956775	-0.0563586334151	-0.0151972328496	0.0325348572088	-0.0180076294994	-0.0402502312494	-0.0516469504389	-0.00188338845183	-0.023503886108	0.000991967436595	-0.0230916865721	0.0346555281345	0.0267787990197	0.011569730485	-0.0305315920581	0.00986883024306	-0.0688726958277	-0.02366024372	0.0136808978327	-0.0149978661319	-0.0411721094893	0.0186565257738	-0.0547354737462	-0.0441155732062	0.0398382247137	-0.0198337623574
k__Bacteria;p__Bacteroidetes;c__Bacteroidia;o__Bacteroidales;f__Bacteroidaceae;g__Bacteroides;s__Bacteroides_stercoris	0.0479523987194	0.0438070782697	0.0210662106468	-0.0353368855254	1.0	-0.0209659556236	0.0018778409719	-0.0582848565479	0.0161840726379	-0.0647185007875	0.0160457252186	0.029538070639	0.053323614495	-0.038634497159	-0.0445340757606	0.0090978428835	0.0892925280218	0.0159395491109	-0.0206669572816	-0.0319214967072	-0.0607733277723	-0.0382394735725	0.0166035018458	-0.00363847913017	0.00605888611119	0.015069977574	-0.0446150426296	-0.098393844175	0.0478127763682	-0.0941241255687	-0.0129948089577	-0.0129110869942	-0.0281853979317	0.0324446031405	-0.045742520361	-0.0274014519903	0.0426836842609	-0.016433903043	0.0420624813196	0.00870339746341	-0.00475297552498	0.0183141315958	-0.0433229789441	-0.0300700332168	0.0197987693377	0.000601256061	0.0322138396617	-0.00345740011199	0.0048842505187	-0.0244539280347	0.0425788621176	0.0259152013856	-0.00126731055201	0.0471550860501	0.037351475608	-0.034054922708	-0.0299797022188	0.0295888557833	0.017741293259
k__Bacteria;p__Bacteroidetes;c__Bacteroidia;o__Bacteroidales;f__Bacteroidaceae;g__Bacteroides;s__Bacteroides_ovatus	-0.0171456116508	-0.0313174531205	0.0519497132374	-0.0074277902306	-0.0209659556236	1.0	-0.00861898854863	0.056419841559	0.0387647378303	0.0400373868967	0.0232032446172	-0.0157786014875	-0.0109126035961	-0.00168948160253	-0.00241621660667	-0.00158441762066	0.0427139189025	-0.00331900835874	0.0268979989219	0.00612691954956	0.0150290907208	-0.020190234781	-0.00407458658859	0.0120476566085	-0.0351491232155	0.00725869758755	-0.0377082203403	0.0230971376467	0.000926615649426	-0.0202725140494	-0.00798361198178	-0.0107790195567	-0.0152799381422	-0.0186473169146	0.00471266667034	-0.0311359203055	-0.0555219492666	-0.0639104871121	-0.00313376556161	0.00287029355212	-0.0209244420485	0.034507963336	0.028431682708	0.0517086258881	-0.0171079260377	0.0382856053511	-0.0500871351742	-0.0583528477413	0.0170430233746	-0.0585022187238	0.084982209746	0.0223354169963	-0.0686484948017	-0.0189557635883	0.00960706568967	-0.0262684076199	-0.0431350219809	-0.0235080444007	-0.0101274180077
k__Bacteria;p__Bacteroidetes;c__Bacteroidia;o__Bacteroidales;f__Rikenellaceae;g__Alistipes;s__Alistipes_shahii	-0.020704784246	0.0200386903297	-0.0169406942235	0.00518537820921	0.0018778409719	-0.00861898854863	1.0	-0.0498463111831	-0.0402373132333	-0.0609772992859	-0.0013401639458	-0.0254582892356	-0.00910886637	0.00230041987543	0.00809421218032	-0.0651728506156	-0.0124292723721	0.0283521547218	-0.0343984490944	-0.0313162195674	0.00150383418744	-0.0436073087085	-0.00915370972651	0.0171120569548	-0.0655528589596	-0.00244944145107	-0.0447024470258	0.02577115816	0.0602645885167	-0.0319502605538	0.0521864630974	0.0154018546664	0.0168132317306	-0.0722267339089	0.0255898384859	0.00962226458686	0.019677325758	0.00806179266905	-0.0113560674841	-0.0192888819723	-0.00992093426063	0.017512554589	-0.00252457541071	-0.0101024046747	-0.0508668249664	-0.00200218764375	0.0118067906089	-0.00332295321739	0.0138281192383	-0.00899449377148	0.0209981493358	-0.0431789811049	-0.0337444136919	-0.0421452400644	0.00186567821163	-0.0459315439674	-0.0159111281046	-0.025861262872	0.0026234805047
k__Bacteria;p__Firmicutes;c__Clostridia;o__Clostridiales;f__Ruminococcaceae;g__Faecalibacterium;s__Faecalibacterium_prausnitzii	-0.0208235358422	-0.0174873363111	-0.0458381212	0.0132143017359	-0.0582848565479	0.056419841559	-0.0498463111831	1.0	-0.0700347288184	0.0408243184285	0.0307452834989	0.00818866274347	-1.67883401446e-05	-0.0592163959686	0.00889178123809	0.0125169026667	-0.00466977434526	-0.0220659414475	0.00701676695236	0.00198159746567	-0.00133179318904	-0.00953588026739	0.0106497333831	-0.0411679110159	-0.0291590566996	-0.0617770449036	-0.00852305230985	0.0195834250092	-0.0382347768939	0.0146916532217	0.0702160353785	-0.00405409945423	-0.113651185559	0.0492342815076	0.00218045171103	0.00647341664116	-0.0508838483721	-0.0142030877395	-0.0101395789379	-0.0488753098384	-0.00403201923661	-0.0464079209725	-0.0251374654427	-0.0374929158586	-0.0524792624788	-0.0228748513226	0.0036349463824	-0.0325383714947	-0.0242318774838	-0.0285796225521	-0.0394244314661	-0.0441283671368	-0.0341601949432	0.0215586410256	-0.00852850691129	0.0274593089316	0.00122672062966	0.00797950915101	0.0245953488532
k__Bacteria;p__Bacteroidetes;c__Bacteroidia;o__Bacteroidales;f__Rikenellaceae;g__Alistipes;s__Alistipes_finegoldii	-0.0172310778346	-0.0108162822311	-0.0175487232862	0.0345771708108	0.0161840726379	0.0387647378303	-0.0402373132333	-0.0700347288184	1.0	0.00840197887399	-0.0227235924361	-0.0167063178993	-0.0210480750288	0.046537262939	-0.0156588266161	-0.0191382595717	-0.0744839849037	0.0136390289681	0.027352738806	-0.0494385755072	-0.00575399712281	0.0128865524562	0.00474131680103	-0.0188053340875	-0.0316222605815	0.0317166327613	-0.00502861685913	0.0177992556042	0.0381615378148	0.0284074746076	-0.0299275559946	0.00415780999396	0.0135438441727	-0.0362856882516	0.0108741815287	-0.00838568488346	-0.00984212248106	-0.0285181220675	0.0603038103181	-0.0723259854512	0.0397302426278	-0.0302518169484	-0.0186886766103	0.00393162457214	0.020933543157	0.0260647616728	-0.0170861366708	0.0344386073317	-0.0173320835604	-0.019262155205	-0.0634879238652	-0.0316127752686	-0.009585654112	-0.0476397764921	-0.0286938863204	-0.0336086197392	-0.0587753936221	-0.00745036294878	0.0117828398163
k__Bacteria;p__Bacteroidetes;c__Bacteroidia;o__Bacteroidales;f__Porphyromonadaceae;g__Parabacteroides;s__Parabacteroides_distasonis	0.0798771384411	-0.0773635509628	0.0144688706138	-0.00869838352481	-0.0647185007875	0.0400373868967	-0.0609772992859	0.0408243184285	0.00840197887399	1.0	0.0202240645329	0.0112380284768	-0.00535154942444	0.0551981338835	-0.0468694313187	0.0291995892637	-0.0104275477733	0.0833008428697	0.00463417463535	0.0414285323635	-0.00488329323405	0.00932682140471	-0.0614517188164	-0.00203124625087	0.0640022561038	0.0224451378811	-0.000924087441592	-0.028061171826	-0.00957615221056	0.0374615634007	-0.0562534140936	-0.0522228118826	-0.00641453013375	-0.0556654031859	-0.00375508280751	-0.0336060248754	0.0627832095351	0.030066932927	0.0252640498642	-0.0290346124278	0.0120855403844	-0.0400299004529	-0.018355503093	-0.0294230618026	-0.00810502028194	0.0256888944965	-0.105607122493	0.00606398087959	-0.0453547787075	-0.0405410541859	-0.00671345340235	0.0204618017651	0.040130845853	0.0136745953572	0.00904823890855	-0.0631267103633	0.0198467247787	-0.0189558773533	0.00424877812735
k__Bacteria;p__Bacteroidetes;c__Bacteroidia;o__Bacteroidales;f__Bacteroidaceae;g__Bacteroides;s__Bacteroides_thetaiotaomicron	0.000253444224919	-0.00855028667073	-0.00653978281825	-0.01301977049	0.0160457252186	0.0232032446172	-0.0013401639458	0.0307452834989	-0.0227235924361	0.0202240645329	1.0	-0.0194502767569	-0.0313118749048	-0.0547618157062	0.00957841198364	0.0118208584459	-0.00102396142459	0.00246423292869	0.00262020635054	-0.0350260635194	-0.00777167343095	0.00470898743832	-0.0262807092461	-0.0268399247654	0.0206842312166	0.0125091228587	-0.0147842750162	-0.0559906432571	-0.017238652921	0.00711868514342	-0.0298939854209	0.00196600090584	0.0269864984596	-0.0529089208049	-0.0182303986885	-0.0316188780331	0.0261720912212	0.0297140330011	0.000771230649113	0.0268913901011	-0.0192190494719	0.0247641404041	-0.0636723420953	0.0106344072801	-0.0822147985281	0.00600172200002	-0.0485716880566	-0.0139882836953	-0.0565825305081	0.0736090930805	-0.0316718355186	0.0424083588496	-0.0106171037761	0.0240746102831	-0.0668236542454	0.0193278560432	-0.0581489570783	0.0116416213878	0.00547626189881
k__Bacteria;p__Bacteroidetes;c__Bacteroidia;o__Bacteroidales;f__Bacteroidaceae;g__Bacteroides;s__Bacteroides_coprocola	-0.0383161823628	0.0505061476248	-0.069361603064	-0.0212382248546	0.029538070639	-0.0157786014875	-0.0254582892356	0.00818866274347	-0.0167063178993	0.0112380284768	-0.0194502767569	1.0	-0.028860438244	-0.00745152589952	0.0380915684298	0.000900077335811	0.00161493422174	0.00923876681256	0.00633232985348	-0.0126245984541	0.0468648590139	-0.0041287974976	0.00281062519074	-0.0185210138928	-0.034271602751	0.0610853591856	-0.0244142172831	-0.0195071520743	-0.0230402733758	-0.039755990326	-0.0243786694804	0.0128813848185	0.00162946790156	0.00215471328174	0.0273896299824	-0.0303297612533	0.00882200823125	-0.0429607027171	-0.0380846687652	0.00292831944213	0.0324640737451	-0.0340106043502	-0.00254550855963	-0.0121870833865	-0.0139286919671	-0.0676808086102	-0.0102316224079	0.0314885193514	0.0343718030653	-0.0425172913267	-0.00925176459021	-0.0157417006291	-0.0279396315878	-0.0178817575881	0.0266945792713	-0.0114377711594	-0.0227229133434	-0.0399675200547	-0.0236336167203
k__Bacteria;p__Bacteroidetes;c__Bacteroidia;o__Bacteroidales;f__Bacteroidaceae;g__Bacteroides;s__Bacteroides_cellulosilyticus	-0.0154431951954	0.0287803768552	0.00551014298032	0.011284645799	0.053323614495	-0.0109126035961	-0.00910886637	-1.67883401446e-05	-0.0210480750288	-0.00535154942444	-0.0313118749048	-0.028860438244	1.0	-0.01770629489	0.0313735075158	0.0251770371144	0.0193509113398	-0.032536035783	-0.0266520499998	0.0221613771521	-0.0408133060538	-0.0179633274865	-0.0360523099501	0.0815002885891	-0.0110938569776	-0.0100669373951	0.0229486560898	0.0105656447597	0.0150228171125	0.0173047372392	0.0368051848858	-0.0448684795173	0.0417516378004	-0.0365933966721	-0.0240182640804	0.0322388777602	-0.037122600126	0.0333050728651	-0.0347525017294	0.0393027736531	0.00156807744306	-0.0294762665617	0.0507879074241	-0.0177499020006	-0.0241147587554	0.0062912275761	0.0476780501934	-0.00300216483663	-0.0295879902777	0.0122524316903	0.0391651773772	-0.0350394444052	-0.0118145605984	-0.0566865858323	0.0294619518749	-0.036386341099	-0.011037709867	-0.0177135955237	-0.0352380205599
k__Bacteria;p__Bacteroidetes;c__Bacteroidia;o__Bacteroidales;f__Rikenellaceae;g__Alistipes;s__Alistipes_obesi	-0.0440683347384	0.0122047257204	-0.0299582386275	0.0597792018542	-0.038634497159	-0.00168948160253	0.00230041987543	-0.0592163959686	0.046537262939	0.0551981338835	-0.0547618157062	-0.00745152589952	-0.01770629489	1.0	0.0137653149357	0.044372925498	0.00335057336642	-0.00310237614198	-0.0935333909082	0.0129640484932	-0.0298742839255	-0.00251213766344	0.0279542324283	-0.00951872869653	0.0392665689382	-0.0446574914295	-0.0464603143853	-0.0849497982205	0.0318950797445	-0.0203072054808	0.0239940790174	0.00497962284944	-0.0118911489236	-0.0100556874877	-0.000877636657777	0.050241484788	-0.0181110770306	-0.0247312870441	0.0189915556911	0.0131589762791	-0.0420662494424	-0.0136923340759	0.0293369355776	-0.0391565527401	0.0239650685995	-0.046199483126	-0.00134978465348	-0.0416509071581	0.0639709962315	-0.0206966065177	-0.00384949096864	-0.0250634155627	0.00108086605968	-0.0468637724293	-0.0681555053836	0.00499001243483	0.0021821804853	-0.0322752785749	0.0790639855595
k__Bacteria;p__Firmicutes;c__Clostridia;o__Clostridiales;f__Lachnospiraceae;g__;s__[Eubacterium]_rectale	-0.00891211793939	0.0260620288125	0.027605315527	0.00100219768574	-0.0445340757606	-0.00241621660667	0.00809421218032	0.00889178123809	-0.0156588266161	-0.0468694313187	0.00957841198364	0.0380915684298	0.0313735075158	0.0137653149357	1.0	-0.0366717896007	-0.00986669087914	-0.0405927300815	0.00505977456421	-0.00520724846173	0.0250898126586	-0.0217600401783	-0.00969003026955	-0.0394716184894	-0.0253539295616	0.00457270314168	0.0234952566502	0.0231977379236	-0.040963772012	-0.012840823802	0.0414125076888	-0.0163404745077	-0.0248865568165	-0.061238602497	0.0640717425507	-0.00883607856576	-0.0543026828888	-0.0286958732662	-0.0245250689035	-0.0151302833834	-0.00346759216896	0.000212518965425	0.00801483284875	0.029686715316	0.00773203675765	-0.0553193875404	0.0266537043639	0.00900914759472	-0.0982970548167	-0.030056536243	-0.017505656316	-0.0453610589127	-0.0250786194758	-0.0130960244125	0.0307779187493	-0.0176918982698	0.0271891543836	-0.025300354202	-0.00267235262355
k__Bacteria;p__Bacteroidetes;c__Bacteroidia;o__Bacteroidales;f__Bacteroidaceae;g__Bacteroides;s__Bacteroides_plebeius	-0.0130668970448	0.0184237054907	0.0417447364296	-0.00469024555368	0.0090978428835	-0.00158441762066	-0.0651728506156	0.0125169026667	-0.0191382595717	0.0291995892637	0.0118208584459	0.000900077335811	0.0251770371144	0.044372925498	-0.0366717896007	1.0	-0.024524852774	0.00301765326392	-0.0474644703779	0.00108816409311	0.0129662498423	0.0151622303532	0.0100854392996	-0.0356981589129	-0.0660290942932	-0.054251112471	0.0256713908719	0.0183278312615	-0.012003880942	-0.00454591740926	-0.00517043369611	0.0188935441971	0.0525996454464	0.0130921891429	0.0243205286887	0.0392380626961	0.0169092271737	0.0246087256457	0.0241543140122	-0.0483080005404	-0.00873778668155	-0.00651646374072	0.0487323134568	0.00127836027039	0.052846774851	-0.0277996888648	0.0150934996604	-0.0169508761003	-0.0204792375971	0.00160352131719	-0.0387849860712	0.0787344945616	0.0497160379917	-0.0262282689642	-0.0245009042432	-0.0335338771726	0.0167642245607	0.0202922272732	-0.052976927841
k__Bacteria;p__Bacteroidetes;c__Bacteroidia;o__Bacteroidales;f__Bacteroidaceae;g__Bacteroides;s__Bacteroides_fragilis	0.0711976181295	-0.0226204260785	-0.0357044952623	0.0384245585783	0.0892925280218	0.0427139189025	-0.0124292723721	-0.00466977434526	-0.0744839849037	-0.0104275477733	-0.00102396142459	0.00161493422174	0.0193509113398	0.00335057336642	-0.00986669087914	-0.024524852774	1.0	0.00701267983574	0.0169982944763	-0.0141408950199	-0.0655341649421	0.0129375295786	-0.0337501241415	0.0239837797184	-0.0097854910327	0.0558838923726	0.00458863441388	0.00954684627681	0.00463547724232	-0.0097180336364	-0.0527775341733	-0.0351751174048	0.00346506640419	0.0174813860949	-0.0658404077587	-0.0138055164882	0.016198270942	0.00654793202164	-0.0150245761233	-0.00782545800445	-0.0403536164487	-0.0161783075351	-0.0391732081719	0.0223010718188	0.00864763342181	-0.0368620300999	-0.0548365584034	-0.0125654557675	-0.0288203210549	-0.0274563841181	0.0100599712311	-0.0417786317944	-0.0041441647145	-0.0274797248147	-0.0154440070058	0.0424407166389	0.0272465823355	0.0179452144811	-0.0176757278947
k__Bacteria;p__Proteobacteria;c__Betaproteobacteria;o__Burkholderiales;f__Sutterellaceae;g__Sutterella;s__Sutterella_wadsworthensis	-0.00738743330186	0.0303555624429	-0.013035072389	0.0131802819876	0.0159395491109	-0.00331900835874	0.0283521547218	-0.0220659414475	0.0136390289681	0.0833008428697	0.00246423292869	0.00923876681256	-0.032536035783	-0.00310237614198	-0.0405927300815	0.00301765326392	0.00701267983574	1.0	-0.018377085532	-0.0216685565941	-0.0199041000728	-0.024801229345	-0.0706374039286	-0.0867454985745	0.0473962850963	-0.00505750647178	-0.0108053257021	-0.0516715786041	0.0163843101428	-0.025265509347	-0.00583090011686	-0.118673586111	-0.0125799249812	0.047817332199	-0.0221710207272	-0.0327011850016	-0.0223075717651	-0.00590286581718	-0.0153260247894	0.0326617042907	-0.0556815559428	-0.0550012144914	-0.00808013339643	0.0250978417942	0.019647650405	0.0208884485568	0.00947755919151	-0.0458173828462	0.0230711447635	0.0201145024996	-0.0538218207464	-0.0437184262774	0.0199579466091	-0.0190109713993	0.0045078329848	0.0268282334151	0.0186742762677	0.0341829659908	-0.0334928896243
k__Bacteria;p__Bacteroidetes;c__Bacteroidia;o__Bacteroidales;f__Porphyromonadaceae;g__Barnesiella;s__Barnesiella_intestinihominis	0.0285976845546	-0.0107687059754	-0.0117593134821	-0.0143607627813	-0.0206669572816	0.0268979989219	-0.0343984490944	0.00701676695236	0.027352738806	0.00463417463535	0.00262020635054	0.00633232985348	-0.0266520499998	-0.0935333909082	0.00505977456421	-0.0474644703779	0.0169982944763	-0.018377085532	1.0	-0.00310160621293	-0.0109256075544	-0.0396932776602	-0.0267883183931	-0.0567447884453	0.00228525939435	-0.00147357405984	-0.0204167347864	-0.00982492931338	0.0127862445477	-0.0379431758372	-0.00922185441922	0.0468098845408	-0.0279833646992	0.013102273927	0.0399140713018	-0.0133456630081	-0.0164525126124	-0.00381590952682	-0.0526681280831	0.0354038279728	0.026070193999	0.0101472597314	-0.0141461719661	0.00123611174157	-0.0385286089637	0.00110655023228	0.0275521465494	-0.00836941675328	0.035163239854	0.00277650896431	0.0160789959535	0.00187098662917	0.0134195974764	-0.00397947408471	-0.0193991011602	-0.0550836643047	0.0117763252429	0.0212353694378	-0.00447734304644
k__Bacteria;p__Bacteroidetes;c__Bacteroidia;o__Bacteroidales;f__Odoribacteraceae;g__Odoribacter;s__Odoribacter_splanchnicus	-0.015141507337	-0.00839286850005	0.01124043915	-0.0766478129376	-0.0319214967072	0.00612691954956	-0.0313162195674	0.00198159746567	-0.0494385755072	0.0414285323635	-0.0350260635194	-0.0126245984541	0.0221613771521	0.0129640484932	-0.00520724846173	0.00108816409311	-0.0141408950199	-0.0216685565941	-0.00310160621293	1.0	0.0305103991699	-0.052900545079	-0.0313787281344	-0.0409127179033	-0.000162540339838	0.00794714351856	-0.0248360735985	0.00866347075695	-0.0291401421901	-0.0216799156075	-0.0315211025043	0.0126143436803	0.0137977753128	-0.0721080214654	-0.0553055602004	-0.0288271186113	0.0292784501768	-0.0208743874724	-0.00332160207934	0.0615402873145	-0.0207245453077	0.0423412657816	-0.0138472557666	0.0160027640311	-0.00681656028374	-0.0206375292208	-0.0277314543499	0.0438823389236	0.0492052851732	-0.0642552026678	-0.023078062459	-0.0053223134245	-0.0305104225513	0.0113408197865	-0.0327256308789	0.014053500167	0.0186015718795	0.0230336486821	0.00618358420886
k__Bacteria;p__Bacteroidetes;c__Bacteroidia;o__Bacteroidales;f__Bacteroidaceae;g__Bacteroides;s__Bacteroides_salyersiae	0.0434493704438	0.00475651464297	-0.0531144504009	0.0867572993579	-0.0607733277723	0.0150290907208	0.00150383418744	-0.00133179318903	-0.00575399712281	-0.00488329323405	-0.00777167343095	0.0468648590139	-0.0408133060538	-0.0298742839255	0.0250898126586	0.0129662498423	-0.0655341649421	-0.0199041000728	-0.0109256075544	0.0305103991699	1.0	-0.0281683099303	0.0116226115065	0.0106746916303	-0.00883711758483	-0.00561851877895	0.0278439786818	-0.0284174884098	-0.0135102585683	-0.0224727602532	-0.0293991675224	-0.047419183386	-0.011223783234	-0.021285477799	-0.016241033296	-0.0209780475087	-7.32941842818e-05	-0.0559693311443	0.0029833691845	-0.0230006450439	-0.0762473734453	0.0220399099331	0.0306947614463	-0.0390674241602	0.00489630117157	0.00104569494085	-0.0494086581481	-0.00451838038792	-0.0398735378297	0.0248512525894	-0.0422215221166	-0.0697453304601	0.00685710571092	-0.0105189364952	-0.00261869145631	-0.0380088890302	0.0406980578901	0.0342791561858	-0.0284277769508
k__Bacteria;p__Firmicutes;c__Clostridia;o__Clostridiales;f__Ruminococcaceae;g__Ruminiclostridium;s__[Eubacterium]_siraeum	-0.0318092785645	-0.0152140197378	-0.0269333968832	0.00424221827424	-0.0382394735725	-0.020190234781	-0.0436073087085	-0.00953588026739	0.0128865524562	0.00932682140471	0.00470898743832	-0.0041287974976	-0.0179633274865	-0.00251213766344	-0.0217600401783	0.0151622303532	0.0129375295786	-0.024801229345	-0.0396932776602	-0.052900545079	-0.0281683099303	1.0	0.000684943906285	0.0110982302257	0.00500599753466	-0.0241393239997	-0.0372654674177	-0.0696637733897	0.0328366512903	0.039416188096	0.0329411668678	-0.00225087779143	-0.0491933355824	-0.0126135296157	0.0399159208559	0.0614933861323	-0.0260967686574	0.0347306461154	0.0475808985881	-0.00496605349785	-0.0159027454175	-0.0538774168152	0.0133732117143	-0.0640058086613	-0.029536583852	0.0301744780995	-0.00261206450842	0.0433698857398	0.00878047598484	0.0228840705231	-0.0567560198267	0.0560428958365	0.0291134155775	-0.0183666921691	-0.0176216293505	-0.0352740449708	-0.0102071656114	-0.00541202495784	-0.0466659966685
k__Bacteria;p__Proteobacteria;c__Betaproteobacteria;o__Burkholderiales;f__Sutterellaceae;g__Parasutterella;s__Parasutterella_excrementihominis	0.0360301136652	-0.0465923212695	-0.00604820973717	0.0115277916502	0.0166035018458	-0.00407458658859	-0.00915370972651	0.0106497333831	0.00474131680103	-0.0614517188164	-0.0262807092461	0.00281062519074	-0.0360523099501	0.0279542324283	-0.00969003026955	0.0100854392996	-0.0337501241415	-0.0706374039286	-0.0267883183931	-0.0313787281344	0.0116226115065	0.000684943906285	1.0	0.0248914801573	-0.0271092721836	0.0423222589187	0.022093685978	-0.00417395465534	0.0241108071491	-0.00946927237647	-0.0456554933317	-0.00629732883638	0.0196904015604	-0.0417908157471	-0.00824836694664	0.0342284650616	-0.018690978225	0.0114294172018	0.0481402707228	0.0243334895945	-0.0186645865901	0.0376645819847	0.0314471611396	-0.0177485842636	-0.0685761748102	-0.0494176134967	-0.00369933671793	0.0079009993906	-0.00962745433548	-0.0309578954714	-0.0535150542192	-0.0592871387495	-0.0196057816919	0.0662273442717	-0.0103654262294	0.00105877438379	-0.057294965376	-0.0261747850779	-0.0216493797473
k__Bacteria;p__Actinobacteria;c__Actinobacteria;o__Bifidobacteriales;f__Bifidobacteriaceae;g__Bifidobacterium;s__Bifidobacterium_adolescentis	-0.0220222403998	-0.0143817294945	0.0304451232918	0.048826198287	-0.00363847913017	0.0120476566085	0.0171120569548	-0.0411679110159	-0.0188053340875	-0.00203124625087	-0.0268399247654	-0.0185210138928	0.0815002885891	-0.00951872869653	-0.0394716184894	-0.0356981589129	0.0239837797184	-0.0867454985745	-0.0567447884453	-0.0409127179033	0.0106746916303	0.0110982302257	0.0248914801573	1.0	0.0547866189154	0.0575666697234	0.0411876953849	-0.0436218808631	0.00380818310241	-0.0221048194042	0.033440260025	-0.00949767023213	-0.0409830718524	0.0510777754212	-0.0237166334675	-0.000293345018232	0.0456418339125	0.0264016967315	-0.00433121192288	-0.000742480965039	-0.0220987686719	-0.0316583442053	-0.0349597662496	-0.0488473427716	0.00964613570582	-0.055329204288	-0.000892120193799	0.0317862116415	-0.0401075619526	-0.0362572327936	0.00144598747629	0.0331889166162	-0.0049916591883	0.00846831295493	-0.0256519958921	-0.0214380537516	-0.0230244300212	-0.0350779612864	-0.00657506962341
k__Bacteria;p__Firmicutes;c__Clostridia;o__Clostridiales;f__Oscillospiraceae;g__Oscillibacter;s__Oscillibacter_sp._KLE_1745	0.0602606726089	-0.0223906392478	0.019905606024	-0.0395488989111	0.00605888611119	-0.0351491232155	-0.0655528589596	-0.0291590566996	-0.0316222605815	0.0640022561038	0.0206842312166	-0.034271602751	-0.0110938569776	0.0392665689382	-0.0253539295616	-0.0660290942932	-0.0097854910327	0.0473962850963	0.00228525939435	-0.000162540339838	-0.00883711758483	0.00500599753466	-0.0271092721836	0.0547866189154	1.0	0.0442515904655	-0.00991482888258	-0.00914910216981	0.0115049771432	-0.0187574674407	-0.0233610177832	0.000836749961439	-0.0296999955102	-0.032485057673	0.0195766501859	0.00974279582942	0.0199824943771	-0.0360600150827	-0.0826500345494	-0.00249868689218	-0.0283009963119	-0.0541331606398	-0.0453662575216	-0.0513984346051	-0.014480190329	0.0148147725547	-0.0104573226748	-0.0124793719947	-0.0563374934253	0.0261899412268	0.0265358835302	0.0152780237217	-0.0634962245664	0.0479848187587	0.00316227821668	0.00566330718852	-0.00863470617937	-0.0258741743217	0.0184191532107
k__Bacteria;p__Bacteroidetes;c__Bacteroidia;o__Bacteroidales;f__Bacteroidaceae;g__Bacteroides;s__Bacteroides_coprophilus	-0.0236090256205	-0.0248161633794	0.0336980662175	-0.00183203057079	0.015069977574	0.00725869758755	-0.00244944145107	-0.0617770449036	0.0317166327613	0.0224451378811	0.0125091228587	0.0610853591856	-0.0100669373951	-0.0446574914295	0.00457270314168	-0.054251112471	0.0558838923726	-0.00505750647178	-0.00147357405984	0.00794714351856	-0.00561851877895	-0.0241393239997	0.0423222589187	0.0575666697234	0.0442515904655	1.0	-0.00113492985881	-0.0179242216953	0.014000937579	-0.0757146078667	0.010348171293	-0.00839363818137	0.0137168447591	9.97083856023e-05	0.00803866521488	0.00683713798394	-0.0566304462919	-0.0130304338457	0.00848522422752	-0.0419376536494	0.0261223792336	-0.0222479399193	-0.0309831603707	-0.0125012177196	-0.0450415227599	-0.00261796338523	-0.0323584252132	-0.0262504613002	-0.0281393874761	0.0445523932764	0.00376469861331	0.0137998415969	-0.0114104458011	-0.0139301192501	-0.0893182509252	0.0219851651265	0.0331524230902	0.00786257736018	0.0177569476758
k__Bacteria;p__Firmicutes;c__Clostridia;o__Clostridiales;f__Lachnospiraceae;g__Roseburia;s__Roseburia_intestinalis	-0.0390280426514	0.0591562668804	-0.0697152561817	-0.012348125736	-0.0446150426296	-0.0377082203403	-0.0447024470258	-0.00852305230985	-0.00502861685913	-0.000924087441592	-0.0147842750162	-0.0244142172831	0.0229486560898	-0.0464603143853	0.0234952566502	0.0256713908719	0.00458863441388	-0.0108053257021	-0.0204167347864	-0.0248360735985	0.0278439786818	-0.0372654674177	0.022093685978	0.0411876953849	-0.00991482888258	-0.00113492985881	1.0	-0.00229028163465	-0.0078719578289	-0.00591484058625	0.0143221394359	0.0274330405713	0.0363326680899	0.0117285162407	-0.097129217431	-0.0498667424325	-0.0329165359965	0.0217970303011	-0.0606820841642	-0.00706091944823	-0.0154100238924	-0.0285363701433	-0.0315492403892	-0.01355448474	-0.00732010938987	-0.0342895833113	0.046287881662	0.011367966866	0.0497964191994	-0.0329979260207	0.00248902498313	-0.0313904276631	-0.0371381396526	-0.0655368981691	-0.078956295085	-0.0396267230064	0.0399871664287	-0.0101806175786	0.0331993550389
k__Bacteria;p__Firmicutes;c__Clostridia;o__Clostridiales;f__Lachnospiraceae;g__Roseburia;s__Roseburia_hominis	-0.0336211964233	0.0351689875121	-0.0411326412285	-0.0212063984883	-0.098393844175	0.0230971376467	0.02577115816	0.0195834250092	0.0177992556042	-0.028061171826	-0.0559906432571	-0.0195071520743	0.0105656447597	-0.0849497982205	0.0231977379236	0.0183278312615	0.00954684627681	-0.0516715786041	-0.00982492931338	0.00866347075695	-0.0284174884099	-0.0696637733897	-0.00417395465534	-0.0436218808631	-0.00914910216981	-0.0179242216953	-0.00229028163465	1.0	0.00801206114055	-0.0563903798526	-0.0205426449122	-0.0168246614447	0.0252073461046	0.0276354639376	0.00780272580825	-0.0301338874927	0.0234250717002	-0.0455558370524	0.00444073745649	-0.0465423858047	0.0310161294402	0.0692912760693	0.0367842128938	0.0593888428224	0.0129006176033	-0.0235366195657	0.0494237348637	0.0455985336434	0.030167767564	-0.0418544784993	0.0124659599901	0.0366876296381	-0.0367537191138	0.000863446725752	0.0189349628663	0.0173844624667	-0.00897515169618	0.0247017850223	-0.0210049222219
k__Bacteria;p__Bacteroidetes;c__Bacteroidia;o__Bacteroidales;f__Porphyromonadaceae;g__Parabacteroides;s__Parabacteroides_johnsonii	0.0320559586195	-0.00402400152808	-0.0381221634261	-0.0416190399237	0.0478127763682	0.000926615649426	0.0602645885167	-0.0382347768939	0.0381615378148	-0.00957615221056	-0.017238652921	-0.0230402733758	0.0150228171125	0.0318950797445	-0.040963772012	-0.012003880942	0.00463547724232	0.0163843101428	0.0127862445477	-0.0291401421901	-0.0135102585683	0.0328366512903	0.0241108071491	0.00380818310241	0.0115049771432	0.014000937579	-0.0078719578289	0.00801206114055	1.0	0.00600954148321	-0.0100487649046	0.0170958237148	-0.0139318002083	-0.00115002200552	-0.0235183642114	-0.0533315871773	0.0155674466224	-0.0200277527332	0.00741206210034	-0.039407021713	-0.0175479988351	-0.0520721057332	0.0268315326601	0.00403293279078	0.0337018438375	0.0309752286161	-0.0386140842885	-0.0286203619826	0.0144594080701	0.0219103005406	0.0187156477038	-0.00249905153131	0.070335743792	-0.0488409699248	0.00144077574933	-0.0231000703483	-0.0290277429634	-0.0174304045546	-0.0266513189603
k__Bacteria;p__Actinobacteria;c__Actinobacteria;o__Bifidobacteriales;f__Bifidobacteriaceae;g__Bifidobacterium;s__Bifidobacterium_longum	-0.0315217303713	-0.00183184051358	-0.0729995015615	-0.00664844848112	-0.0941241255687	-0.0202725140494	-0.0319502605538	0.0146916532217	0.0284074746076	0.0374615634007	0.00711868514342	-0.039755990326	0.0173047372392	-0.0203072054808	-0.012840823802	-0.00454591740926	-0.0097180336364	-0.025265509347	-0.0379431758372	-0.0216799156075	-0.0224727602532	0.039416188096	-0.00946927237647	-0.0221048194042	-0.0187574674407	-0.0757146078667	-0.00591484058625	-0.0563903798526	0.00600954148321	1.0	-0.00165494163598	-0.0277815790436	0.0682929506204	0.0219318757198	-0.0189918621741	0.057141576396	-0.0735579634689	0.00695734112446	-0.024605665539	-0.0174046124578	0.0243875199063	0.00128910994871	-0.0350844585592	0.00205489609203	-0.0408937345987	-0.00801069337743	0.00716033188869	-0.0465752956713	0.0629164850225	-0.065748729752	-0.0292032985603	0.000637031074406	-0.00499247379602	-0.0186772980201	0.0581074062787	0.0171626529716	-0.0160211259117	0.0439820429724	-0.0105366387688
