#taxonomy	k__Bacteria;p__Bacteroidetes;c__Bacteroidia;o__Bacteroidales;f__Bacteroidaceae;g__Bacteroides;s__Bacteroides_vulgatus	k__Bacteria;p__Bacteroidetes;c__Bacteroidia;o__Bacteroidales;f__Bacteroidaceae;g__Bacteroides;s__Bacteroides_uniformis	k__Bacteria;p__Bacteroidetes;c__Bacteroidia;o__Bacteroidales;f__Rikenellaceae;g__Alistipes;s__Alistipes_putredinis	k__Bacteria;p__Bacteroidetes;c__Bacteroidia;o__Bacteroidales;f__Prevotellaceae;g__Prevotella;s__Prevotella_copri	k__Bacteria;p__Bacteroidetes;c__Bacteroidia;o__Bacteroidales;f__Bacteroidaceae;g__Bacteroides;s__Bacteroides_stercoris	k__Bacteria;p__Bacteroidetes;c__Bacteroidia;o__Bacteroidales;f__Bacteroidaceae;g__Bacteroides;s__Bacteroides_ovatus	k__Bacteria;p__Bacteroidetes;c__Bacteroidia;o__Bacteroidales;f__Rikenellaceae;g__Alistipes;s__Alistipes_shahii	k__Bacteria;p__Firmicutes;c__Clostridia;o__Clostridiales;f__Ruminococcaceae;g__Faecalibacterium;s__Faecalibacterium_prausnitzii	k__Bacteria;p__Bacteroidetes;c__Bacteroidia;o__Bacteroidales;f__Rikenellaceae;g__Alistipes;s__Alistipes_finegoldii	k__Bacteria;p__Bacteroidetes;c__Bacteroidia;o__Bacteroidales;f__Porphyromonadaceae;g__Parabacteroides;s__Parabacteroides_distasonis	k__Bacteria;p__Bacteroidetes;c__Bacteroidia;o__Bacteroidales;f__Bacteroidaceae;g__Bacteroides;s__Bacteroides_thetaiotaomicron	k__Bacteria;p__Bacteroidetes;c__Bacteroidia;o__Bacteroidales;f__Bacteroidaceae;g__Bacteroides;s__Bacteroides_coprocola	k__Bacteria;p__Bacteroidetes;c__Bacteroidia;o__Bacteroidales;f__Bacteroidaceae;g__Bacteroides;s__Bacteroides_cellulosilyticus	k__Bacteria;p__Bacteroidetes;c__Bacteroidia;o__Bacteroidales;f__Rikenellaceae;g__Alistipes;s__Alistipes_obesi	k__Bacteria;p__Firmicutes;c__Clostridia;o__Clostridiales;f__Lachnospiraceae;g__;s__[Eubacterium]_rectale	k__Bacteria;p__Bacteroidetes;c__Bacteroidia;o__Bacteroidales;f__Bacteroidaceae;g__Bacteroides;s__Bacteroides_plebeius	k__Bacteria;p__Bacteroidetes;c__Bacteroidia;o__Bacteroidales;f__Bacteroidaceae;g__Bacteroides;s__Bacteroides_fragilis	k__Bacteria;p__Proteobacteria;c__Betaproteobacteria;o__Burkholderiales;f__Sutterellaceae;g__Sutterella;s__Sutterella_wadsworthensis	k__Bacteria;p__Bacteroidetes;c__Bacteroidia;o__Bacteroidales;f__Porphyromonadaceae;g__Barnesiella;s__Barnesiella_intestinihominis	k__Bacteria;p__Bacteroidetes;c__Bacteroidia;o__Bacteroidales;f__Odoribacteraceae;g__Odoribacter;s__Odoribacter_splanchnicus	k__Bacteria;p__Bacteroidetes;c__Bacteroidia;o__Bacteroidales;f__Bacteroidaceae;g__Bacteroides;s__Bacteroides_salyersiae	k__Bacteria;p__Firmicutes;c__Clostridia;o__Clostridiales;f__Ruminococcaceae;g__Ruminiclostridium;s__[Eubacterium]_siraeum	k__Bacteria;p__Proteobacteria;c__Betaproteobacteria;o__Burkholderiales;f__Sutterellaceae;g__Parasutterella;s__Parasutterella_excrementihominis	k__Bacteria;p__Actinobacteria;c__Actinobacteria;o__Bifidobacteriales;f__Bifidobacteriaceae;g__Bifidobacterium;s__Bifidobacterium_adolescentis	k__Bacteria;p__Firmicutes;c__Clostridia;o__Clostridiales;f__Oscillospiraceae;g__Oscillibacter;s__Oscillibacter_sp._KLE_1745	k__Bacteria;p__Bacteroidetes;c__Bacteroidia;o__Bacteroidales;f__Bacteroidaceae;g__Bacteroides;s__Bacteroides_coprophilus	k__Bacteria;p__Firmicutes;c__Clostridia;o__Clostridiales;f__Lachnospiraceae;g__Roseburia;s__Roseburia_intestinalis	k__Bacteria;p__Firmicutes;c__Clostridia;o__Clostridiales;f__Lachnospiraceae;g__Roseburia;s__Roseburia_hominis	k__Bacteria;p__Bacteroidetes;c__Bacteroidia;o__Bacteroidales;f__Porphyromonadaceae;g__Parabacteroides;s__Parabacteroides_johnsonii	k__Bacteria;p__Actinobacteria;c__Actinobacteria;o__Bifidobacteriales;f__Bifidobacteriaceae;g__Bifidobacterium;s__Bifidobacterium_longum	k__Bacteria;p__Firmicutes;c__Clostridia;o__Clostridiales;f__;g__Flavonifractor;s__Flavonifractor_plautii	k__Bacteria;p__Firmicutes;c__Clostridia;o__Clostridiales;f__Clostridiaceae;g__Clostridium;s__Clostridium_phoceensis	k__Bacteria;p__Verrucomicrobia;c__Verrucomicrobiae;o__Verrucomicrobiales;f__Akkermansiaceae;g__Akkermansia;s__Akkermansia_muciniphila	k__Bacteria;p__Bacteroidetes;c__Bacteroidia;o__Bacteroidales;f__Prevotellaceae;g__Paraprevotella;s__Paraprevotella_xylaniphila	k__Bacteria;p__Firmicutes;c__Clostridia;o__Clostridiales;f__Ruminococcaceae;g__Ruminococcus;s__Ruminococcus_callidus	k__Bacteria;p__Bacteroidetes;c__Bacteroidia;o__Bacteroidales;f__Rikenellaceae;g__Alistipes;s__Alistipes_senegalensis	k__Bacteria;p__Firmicutes;c__Clostridia;o__Clostridiales;f__Lachnospiraceae;g__Blautia;s__Blautia_sp._KLE_1732	k__Bacteria;p__Bacteroidetes;c__Bacteroidia;o__Bacteroidales;f__Bacteroidaceae;g__Bacteroides;s__Bacteroides_oleiciplenus	k__Bacteria;p__Firmicutes;c__Clostridia;o__Clostridiales;f__Ruminococcaceae;g__Ruminococcus;s__Ruminococcus_bicirculans	k__Bacteria;p__Bacteroidetes;c__Bacteroidia;o__Bacteroidales;f__Bacteroidaceae;g__Bacteroides;s__Bacteroides_fluxus	k__Bacteria;p__Bacteroidetes;c__Bacteroidia;o__Bacteroidales;f__Prevotellaceae;g__Prevotella;s__Prevotella_stercorea	k__Bacteria;p__Firmicutes;c__Clostridia;o__Clostridiales;f__Lachnospiraceae;g__Dorea;s__Dorea_longicatena	k__Bacteria;p__Firmicutes;c__Clostridia;o__Clostridiales;f__Eubacteriaceae;g__Eubacterium;s__[Eubacterium]_eligens	k__Bacteria;p__Firmicutes;c__Clostridia;o__Clostridiales;f__Ruminococcaceae;g__;s__Ruminococcaceae_bacterium_D16	k__Bacteria;p__Firmicutes;c__Clostridia;o__Clostridiales;f__Lachnospiraceae;g__Coprococcus;s__Coprococcus_comes	k__Bacteria;p__Proteobacteria;c__Gammaproteobacteria;o__Enterobacterales;f__Enterobacteriaceae;g__Escherichia;s__Escherichia_coli	k__Bacteria;p__Firmicutes;c__Clostridia;o__Clostridiales;f__Ruminococcaceae;g__Anaerotruncus;s__Anaerotruncus_colihominis	k__Bacteria;p__Firmicutes;c__Clostridia;o__Clostridiales;f__Lachnospiraceae;g__Blautia;s__Blautia_obeum	k__Bacteria;p__Bacteroidetes;c__Bacteroidia;o__Bacteroidales;f__Odoribacteraceae;g__Odoribacter;s__Odoribacter_laneus	k__Bacteria;p__Firmicutes;c__Clostridia;o__Clostridiales;f__Ruminococcaceae;g__Ruminiclostridium;s__[Clostridium]_leptum	k__Bacteria;p__Bacteroidetes;c__Bacteroidia;o__Bacteroidales;f__Porphyromonadaceae;g__Parabacteroides;s__Parabacteroides_goldsteinii	k__Bacteria;p__Firmicutes;c__Clostridia;o__Clostridiales;f__Lachnospiraceae;g__Anaerostipes;s__Anaerostipes_hadrus	k__Bacteria;p__Firmicutes;c__Clostridia;o__Clostridiales;f__Ruminococcaceae;g__Ruminococcus;s__Ruminococcus_lactaris	k__Bacteria;p__Firmicutes;c__Clostridia;o__Clostridiales;f__Clostridiaceae;g__Clostridium;s__Clostridium_sp._L2-50	k__Bacteria;p__Firmicutes;c__Clostridia;o__Clostridiales;f__Clostridiaceae;g__Clostridium;s__Clostridium_sp._M62/1	k__Bacteria;p__Firmicutes;c__Clostridia;o__Clostridiales;f__;g__Intestinimonas;s__Intestinimonas_butyriciproducens	k__Bacteria;p__Actinobacteria;c__Actinobacteria;o__Bifidobacteriales;f__Bifidobacteriaceae;g__Bifidobacterium;s__Bifidobacterium_bifidum	k__Bacteria;p__Firmicutes;c__Negativicutes;o__Veillonellales;f__Veillonellaceae;g__Dialister;s__Dialister_invisus	k__Bacteria;p__Bacteroidetes;c__Bacteroidia;o__Bacteroidales;f__Bacteroidaceae;g__Bacteroides;s__Bacteroides_salanitronis
k__Bacteria;p__Bacteroidetes;c__Bacteroidia;o__Bacteroidales;f__Bacteroidaceae;g__Bacteroides;s__Bacteroides_vulgatus	1.0	0.012789689439	0.0158996360651	0.0184294135098	-0.036907965289	-0.0486170686693	0.0272806340732	0.0275953846995	0.026283480837	-0.0808331990234	-0.0627354994969	0.009789740452	-0.0319457155029	0.0319812949588	0.00516204247768	-0.00814320184835	-0.0096693737916	-0.000995508842478	-0.037331217942	0.00579853628466	-0.0260616833087	-0.0620670281248	-0.0388807186148	-0.0466594463871	-0.0797441838714	0.002851255485	0.00224782588895	0.0150949782592	0.0748715289349	-0.00949311717855	-0.00932566249695	-0.00603121844814	-0.0496642301388	-0.0120105336956	-0.0227897210349	-0.056481366479	0.00856874378741	-0.0410938536367	0.00498318638065	-0.0117115494754	-0.0452139364355	-0.00851939127669	-0.0585217891022	0.0206223785541	0.0344854601306	0.00728586089712	0.0101684090797	-0.00211640931751	-0.0439966261227	-0.0694862223253	0.0536464186058	-0.0322362524367	0.0488661453133	0.0258698062429	-0.00885851519836	-0.00535210846785	-0.0171142632105	-0.00155702134119	0.011813445533
k__Bacteria;p__Bacteroidetes;c__Bacteroidia;o__Bacteroidales;f__Bacteroidaceae;g__Bacteroides;s__Bacteroides_uniformis	0.012789689439	1.0	-0.00505078653105	-0.00450987693733	-0.0360537862738	0.0394610917286	-0.00592833392853	-0.00949088639366	-0.0472696033619	-0.039600415426	0.0146548709291	-0.0323810120738	-0.0408548693252	0.00399126286257	0.0490542062806	-0.051702083083	0.0393257095737	-0.0208464594377	0.00916200382277	-0.053652745182	-0.0424530364119	-0.053957431725	-0.0463906427295	0.014715487156	0.0525631818103	0.0383480867001	-0.0232952559022	-0.0238550712844	-0.0285452337109	-0.00142134251818	0.0492876491279	0.0828013480815	-0.0441026480072	-0.0184977609999	-0.0484639569217	0.00067939547575	-0.005086254144	-0.00308676875157	-0.0109909831703	0.0456189294124	0.00210428990088	0.0427448118177	-0.00990747765825	-0.0173725745127	0.000830731199212	0.00351432169268	-0.0325161465735	-0.0580092644237	-0.000741362384108	-0.0221596685937	-0.0287558011617	0.0280351637901	-0.00537192539309	-0.048720041519	-0.002925676095	0.00888168864998	-0.00613863000319	-0.0828840504602	0.0144858472205
k__Bacteria;p__Bacteroidetes;c__Bacteroidia;o__Bacteroidales;f__Rikenellaceae;g__Alistipes;s__Alistipes_putredinis	0.0158996360651	-0.00505078653105	1.0	-0.00671246472915	0.0482452647986	-0.0220271558528	-0.0272500704255	0.0316659064221	-0.0535684802292	-0.00751768699923	0.00585806645393	-0.00863285214407	-0.026748299903	-0.0114478790979	-0.0226774632865	-0.0313980938793	-0.0587400781999	0.0126612956911	0.00232899072609	-0.0233579480285	-0.00643816373365	-0.00158177657956	0.00224726302581	-0.0654451185578	0.0422012840584	-0.0376623478932	-0.0554094453874	-0.00142809286922	-0.0241956217885	-0.0123778050314	0.0277539208736	0.0154326489169	0.0282418915441	0.0551139951407	0.0513236255457	0.0552648062218	-0.080205259821	0.0477474738032	0.000489496896017	-0.00569181735342	-0.00847658732977	-0.038277797021	-0.0134071760075	-0.00408846948381	-0.0677009420178	-0.0675675674448	-0.0448633651755	0.0205438232498	-0.0252053464279	-0.0185145571171	-0.0697135821048	-0.053014343725	-0.0114422261907	-0.0205933152343	0.0591595394342	-0.0446433295517	0.0505962779667	0.00723147802963	-0.0497579121407
k__Bacteria;p__Bacteroidetes;c__Bacteroidia;o__Bacteroidales;f__Prevotellaceae;g__Prevotella;s__Prevotella_copri	0.0184294135098	-0.00450987693733	-0.00671246472915	1.0	-0.00379974063933	0.0107291828027	-0.053407271766	0.00691304353715	0.00514055096692	0.0487262643542	-0.0502956273181	0.0410714702304	0.00498159454909	-0.0225763377272	-0.0433743443211	0.00709183658993	-0.0444108817509	-0.0374643296763	-0.000123258976574	-0.0151685132141	-0.0399948570382	-0.0443245487844	0.0550646803975	0.0399868365736	-0.0140449833433	-0.0152559044574	-0.00786483403504	0.0899001091604	0.0354936617241	0.0107110947065	-0.035853128734	-0.0194712245152	0.0472825988546	-0.0176196404249	-0.0271836371539	0.0146779829331	-0.026035854949	0.0194502982188	0.00113792271871	-0.035461864599	-0.0133560878164	-0.0342606877165	-0.0452082191181	-0.0954026385987	-0.0170934695519	-0.0381788419673	0.0126181189548	0.0126370997952	-0.0205300657673	-0.019751040474	-0.0348619024597	0.00288781966259	0.00980875361168	-0.0392913865931	-0.00129115464224	0.035537798374	0.0126336819141	-0.0175433260115	-0.0251724763374
k__Bacteria;p__Bacteroidetes;c__Bacteroidia;o__Bacteroidales;f__Bacteroidaceae;g__Bacteroides;s__Bacteroides_stercoris	-0.036907965289	-0.0360537862738	0.0482452647986	-0.00379974063933	1.0	-0.00779137490968	-0.0155159421211	-0.0402538127776	0.0174446011559	0.0123322319524	0.00396090309362	-0.0359236588518	-0.0227890207064	-0.0622726139964	-0.00787151974499	-0.0273373013365	0.00274257533371	0.0329316938595	0.00209310538198	0.0185485693726	0.0301591880313	-0.00615628043498	0.0052731096561	-0.00383602198387	-0.0179505709253	-0.00769328454348	0.00836739742919	-0.0160788623564	-0.00282724845627	-0.0636154039351	0.0217229851395	-0.00819947146062	0.00388903829822	-0.037555089787	-0.027404144527	0.00170115458854	-0.0358478994545	-0.0126953795779	0.00907685230084	0.0180242448832	0.0210273123538	-0.0263263409649	-0.0160428818848	0.0205036416696	-0.0185065349493	0.0272595717973	0.0258959399848	-0.00576638947798	-0.026119971889	-0.0221989726293	-0.0334312593405	-0.0308463397693	0.0227276197805	-0.0440829871112	-0.0295273125834	-0.0035781738433	-0.00533276512017	0.000783685965316	-0.0232723821028
k__Bacteria;p__Bacteroidetes;c__Bacteroidia;o__Bacteroidales;f__Bacteroidaceae;g__Bacteroides;s__Bacteroides_ovatus	-0.0486170686693	0.0394610917286	-0.0220271558528	0.0107291828027	-0.00779137490968	1.0	-0.0255923397223	-0.00563528540675	-0.0063005803103	-0.0174002368166	0.0131866278061	0.0412940480798	0.00895035745832	-0.0109115547037	-0.014996667189	0.102177554082	0.0216664027712	-0.0238121415798	-0.0264040849647	-0.0365551482627	-0.0144628378521	-0.0385450731854	-0.0293484214164	0.0377170978499	0.0288620356872	0.0252815282842	-0.0544390255998	0.0011619782433	-0.0160019077651	-0.0458201126514	-0.0499331830946	0.00384276839096	-0.0279404203763	-0.00445629094861	0.00404730352232	0.0121104034912	-0.0121597841596	-0.0036461091782	-0.0170006504797	-0.0536407846886	0.0336299689803	-0.0252256990246	-0.00790966098419	-0.022409058753	-0.0665965524009	0.000217904338963	-0.0148416599857	0.0159159434889	0.0595690851777	-0.0280333967608	0.00564316458074	-0.0305307057169	-0.0065343784899	-0.0505040405401	-0.031963449656	-0.013042960739	0.00290249430346	-0.0256255430738	0.0180889952905
k__Bacteria;p__Bacteroidetes;c__Bacteroidia;o__Bacteroidales;f__Rikenellaceae;g__Alistipes;s__Alistipes_shahii	0.0272806340732	-0.00592833392853	-0.0272500704255	-0.053407271766	-0.0155159421211	-0.0255923397223	1.0	-0.0191709650876	-0.00774866573046	-0.0135472874251	0.0534627904092	-0.051456360537	-0.0767927771803	-0.0166679323524	0.00723709572315	-0.0267346777864	0.00530296465017	0.0325272258015	-0.0346682190339	-0.00571900185986	-0.0115968059407	-0.0382022440497	-0.0239929605658	-0.0204144353793	0.0627082164135	-0.0248734969648	0.00478420187282	0.0105363163776	0.00679987625575	-0.0323701849502	-0.0159827717454	-0.0393274225795	-0.0539428629007	0.0469966627333	0.000218554689496	-0.0557590251011	-0.00153224766707	-0.016155129284	0.0153410618198	0.00509075347202	-0.0335952260105	-0.0392787521103	-0.0208644438034	0.0632215462577	-0.00895134413025	0.0453332065803	-0.00734255664927	0.0242199743534	0.0496074518068	-0.00841281862321	-0.0551408947969	-0.0131504807406	-0.0341619110667	-0.075706683661	0.00244750841208	-0.00739037054651	0.0523518535539	-0.0297470312126	-0.00474632212251
k__Bacteria;p__Firmicutes;c__Clostridia;o__Clostridiales;f__Ruminococcaceae;g__Faecalibacterium;s__Faecalibacterium_prausnitzii	0.0275953846995	-0.00949088639366	0.0316659064221	0.00691304353715	-0.0402538127776	-0.00563528540675	-0.0191709650876	1.0	-0.0480475378411	0.0265644261852	-0.0376393975177	0.00921024046014	0.052005744029	-0.0293781642962	0.0458487284242	-0.0334174636883	-0.0102036934788	0.00270050754049	-0.00920478649351	-0.0237768840065	0.00388789398364	-0.0157218011547	0.0154645664921	-0.0263903671937	0.00910270172343	0.0410466432426	-0.0476222654784	0.00781654296097	-0.0113764808048	-0.0789640616812	-0.0218242047363	-0.0363415157465	-0.0285507793341	0.0282664150688	-0.0372478043016	-0.0115872173133	-0.0313931491081	0.00839562972269	0.0260890108378	-0.0280931310389	-0.0129907463871	0.0374593902823	0.00777669460714	0.00820795612095	0.0053680799563	0.00411062652685	0.0358443125474	-0.0459970641165	-0.00576246935888	0.0105347804634	-0.0303050468332	-0.0677501820416	-0.0365151947253	0.0328480291938	-0.0293475069689	-0.0209052831764	0.0134299490968	-0.0448681061403	-0.0197095499246
k__Bacteria;p__Bacteroidetes;c__Bacteroidia;o__Bacteroidales;f__Rikenellaceae;g__Alistipes;s__Alistipes_finegoldii	0.026283480837	-0.0472696033619	-0.0535684802292	0.00514055096692	0.0174446011559	-0.0063005803103	-0.00774866573046	-0.0480475378411	1.0	-0.0262134809089	-0.0488621113539	0.023866518255	0.00913253095214	0.000899154366889	-0.0026793716286	-0.0181609651717	0.0214948557597	0.0118418018999	-0.0517443559374	0.0464247187642	-0.00182122664978	0.0674385727515	-0.0321838829824	-0.0740550690079	0.0108965277653	-0.00497993045824	0.0258564601129	-0.0248838582355	0.0286100373544	0.0439121559762	-0.00782613587511	0.000226377304752	-0.0103689864987	-0.0358149633972	-0.0289122130048	0.0405201154264	0.029041729899	0.0344599452147	-0.0327886291678	-0.00693778918345	-0.0165648259575	0.0261981156244	-0.0247661236372	0.00416145736887	0.0138301790397	-0.0473944285007	-0.0269538999853	0.0218063734199	0.00140041007076	0.00695345461256	0.00229456894541	-0.0240630321799	-0.00410238387773	0.0315552474678	0.0131458998581	-0.0746604008284	-0.0244378051293	0.018253752204	-0.0374423224743
k__Bacteria;p__Bacteroidetes;c__Bacteroidia;o__Bacteroidales;f__Porphyromonadaceae;g__Parabacteroides;s__Parabacteroides_distasonis	-0.0808331990234	-0.039600415426	-0.00751768699923	0.0487262643542	0.0123322319524	-0.0174002368166	-0.0135472874251	0.0265644261852	-0.0262134809089	1.0	-0.0128239008067	-0.0141467092302	0.00235101643056	-0.043842076164	-0.000544134179771	-0.0179517868775	-0.0288337026634	0.0231961534031	-0.0065181691932	0.00672190093424	0.0412207340765	0.035977938556	-0.000445640823005	0.0595178023102	-0.0161701900251	0.0211127901257	-0.0147194030221	-0.0467545214524	0.0420760837573	-0.0388150543962	0.0288817581951	-0.0176946018368	0.032059200521	0.0724815977846	-0.0592865501855	-0.00883476149948	0.00544460051957	0.0066594436551	-0.0182734142701	0.0012557996806	0.00908749277945	-0.0408800846111	-0.0215758591353	-0.0268427793045	-0.00543751357847	0.023308487665	0.00451576094062	-0.0114246296668	-0.0419821059885	0.00342944146665	-0.00276328049724	-0.0624740634486	-0.0236764216429	-0.00484617278333	-0.0573183337712	-0.0512737540143	-0.00124917448393	0.00845016626564	-0.0488954350069
k__Bacteria;p__Bacteroidetes;c__Bacteroidia;o__Bacteroidales;f__Bacteroidaceae;g__Bacteroides;s__Bacteroides_thetaiotaomicron	-0.0627354994969	0.0146548709291	0.00585806645393	-0.0502956273181	0.00396090309362	0.0131866278061	0.0534627904092	-0.0376393975177	-0.0488621113539	-0.0128239008067	1.0	-0.00177862519681	0.0150329358951	-0.0117697402828	0.0323707612618	-0.000129014234343	0.021496653195	-0.0336034852678	-0.0021060433222	-0.0246269994813	-0.00564655507478	-0.0221239387955	0.0281697600875	-0.00073724967633	0.00166491574079	-0.00798301432907	0.020635305377	-0.0378391553257	-0.0573261219149	0.0668090887345	0.0381020849203	-0.00202717077546	0.0219861111726	0.000496102943106	-0.00522393528698	-0.0280706881564	-0.000372043665994	-0.00948690931307	-0.0876550687156	-0.0128252880266	-0.0205732969695	-0.0759903378509	0.0593296297807	0.0335600949594	-0.0289320366321	-0.032348933008	-0.0257481415421	0.0251475812934	0.0275652510785	0.00200249792566	-0.0371341435391	-0.0502784875572	-0.0157246365188	-0.00556137452728	-0.0144229406282	-0.0256710840312	-0.0685464046473	0.0494566327406	0.00436804666776
k__Bacteria;p__Bacteroidetes;c__Bacteroidia;o__Bacteroidales;f__Bacteroidaceae;g__Bacteroides;s__Bacteroides_coprocola	0.009789740452	-0.0323810120738	-0.00863285214407	0.0410714702304	-0.0359236588518	0.0412940480798	-0.051456360537	0.00921024046014	0.023866518255	-0.0141467092302	-0.00177862519681	1.0	-0.0255730861796	0.0505486278676	-0.00908096039628	0.0414897635868	0.0577680582863	-0.0361766679146	0.0238263860269	-0.0304106707226	-0.00208415172065	-0.0598702840187	-0.0234139523874	0.0113581596102	-0.0130423733822	0.0287515514718	0.025990074613	-0.0195281756581	-0.024685131534	-0.0231672621599	-0.084688718994	0.000662097202396	-0.0201024515723	-0.00497863625335	-0.0527741714045	0.0122557546375	-0.0533817042656	-0.0481763789848	-0.0395735808557	0.015517232045	-0.0649580659275	0.0124982809966	-0.00953824977608	-0.0158689809601	0.000410464369818	-0.0227041692004	-0.0025296012423	0.0126019071388	-0.0597585606371	8.15905048644e-05	0.00891596427982	0.0103385334904	0.0469907295434	-0.0191000492176	0.0024302344604	-0.0285953506381	-0.0527643945062	0.0120811849857	-0.0123735096926
k__Bacteria;p__Bacteroidetes;c__Bacteroidia;o__Bacteroidales;f__Bacteroidaceae;g__Bacteroides;s__Bacteroides_cellulosilyticus	-0.0319457155029	-0.0408548693252	-0.026748299903	0.00498159454909	-0.0227890207064	0.00895035745832	-0.0767927771803	0.052005744029	0.00913253095214	0.00235101643056	0.0150329358951	-0.0255730861796	1.0	-0.0155663766769	0.0361648226109	0.00988765757887	0.0478886042376	-0.00678765333078	-0.00941754765235	0.0107867366564	-0.0369228381635	-0.004308142384	-0.0271559659513	-0.0615767292845	0.00648443464879	-0.0329397581956	-0.0304301819586	-0.00474215152871	0.00141146072122	0.0140116151631	-0.0483809911532	-0.0239614161443	0.0112023683246	0.0174465903358	0.0126197362628	-0.0493450930097	-0.0492652178323	-0.00240987948583	0.0118612976079	-0.00930246203856	0.0174163459415	-0.0135343926915	-0.0163634180438	0.0241041210956	0.0257833553664	-0.0195372933599	-0.0499295100449	0.0673469983579	-0.00650993358261	0.0295699917192	-0.0203567778917	0.00160630679762	-0.0653973189593	0.0151208149983	0.022092298544	-0.00805019847855	-0.0102924999058	-0.0740477853876	0.0358705575248
k__Bacteria;p__Bacteroidetes;c__Bacteroidia;o__Bacteroidales;f__Rikenellaceae;g__Alistipes;s__Alistipes_obesi	0.0319812949588	0.00399126286257	-0.0114478790979	-0.0225763377272	-0.0622726139964	-0.0109115547037	-0.0166679323524	-0.0293781642962	0.000899154366889	-0.043842076164	-0.0117697402828	0.0505486278676	-0.0155663766769	1.0	-0.0463614760476	-0.0296193184099	-0.0166084992863	-0.0200327750486	-0.00892727123522	-0.00742319322932	0.0044803681275	-0.0306430895599	-0.0264812035778	0.0509751216598	-0.00286491535904	0.00137228824476	0.051750707008	-0.0427228994347	-0.0205210448006	0.0131480381381	-0.0350746075251	-0.0222460119514	-0.00294132472236	0.0168836826377	0.0176119818135	0.0310021905129	-0.00908218301252	-0.00479633539719	-0.032199883123	-0.0183968536993	0.00173982499216	-0.0166085702654	-0.0627459147062	-0.0322585824065	-0.0307391563607	0.0512012440805	-0.021686580251	0.0292342092656	0.0398891877923	0.0318640064319	0.00363236239375	0.0209578734795	0.0168441223634	0.00862611410053	0.0107651695288	-0.0251668291155	-0.0089152078895	-0.0206457713608	-0.0362045423587
k__Bacteria;p__Firmicutes;c__Clostridia;o__Clostridiales;f__Lachnospiraceae;g__;s__[Eubacterium]_rectale	0.00516204247768	0.0490542062806	-0.0226774632865	-0.0433743443211	-0.00787151974499	-0.014996667189	0.00723709572315	0.0458487284242	-0.0026793716286	-0.000544134179771	0.0323707612618	-0.00908096039628	0.0361648226109	-0.0463614760476	1.0	-0.0351775530689	-0.0697404283073	0.0274111665343	0.0561839864273	0.0101761894348	0.00122577727915	-0.0503074112245	0.0117779291479	-0.0228674211579	0.00526689020519	0.00749656107955	-0.0152703493753	0.0238837168344	-0.0164529370958	0.0122077060123	0.0702475450108	-0.00646762433601	0.0376722359375	0.0333490492857	-0.00822595850912	-0.0345054300705	-0.0368675101828	-0.014859301625	-0.0303127231034	-0.0393906112559	0.011007598175	0.00563445722416	-0.0276695320389	0.0240033662223	0.0508205236758	-0.0321448672877	-0.0625942965869	-0.000154692053894	-0.0163827045412	0.00615471914269	-0.0280734336183	-0.0326778691419	-0.00139980466653	-0.00547398287875	-0.0431621490813	0.0876543547689	0.00836483410922	0.00853358978911	-0.0603040969749
k__Bacteria;p__Bacteroidetes;c__Bacteroidia;o__Bacteroidales;f__Bacteroidaceae;g__Bacteroides;s__Bacteroides_plebeius	-0.00814320184835	-0.051702083083	-0.0313980938793	0.00709183658993	-0.0273373013365	0.102177554082	-0.0267346777864	-0.0334174636883	-0.0181609651717	-0.0179517868775	-0.000129014234343	0.0414897635868	0.00988765757887	-0.0296193184099	-0.0351775530689	1.0	-0.0512890283082	-0.0268702790078	0.0172364113208	0.057944453182	0.0172995024724	0.00625881342282	-0.0336905635714	-0.00344375275796	0.0526674780581	-0.00268454105389	0.0397963265122	-0.0181795568874	0.0192737029893	-0.0323921732138	-0.0186512797267	0.0302726079249	-0.0452709922819	0.0177364916897	0.0247237784316	-0.00860534400809	-0.00242553564614	-0.0489559349039	-0.0541423570571	0.0211866108577	0.00746159347504	0.0488804982819	0.0614115518127	-0.00437113471244	-0.0225040443866	0.0368447783381	0.0537140948539	-0.0231634664916	-0.0198898037765	0.0543723441945	0.00773101242285	0.0143891186851	-0.0310136335336	-0.0152401422787	0.0356229591983	-0.0104268404376	-0.0719545872346	0.0175008886061	0.0207899581746
k__Bacteria;p__Bacteroidetes;c__Bacteroidia;o__Bacteroidales;f__Bacteroidaceae;g__Bacteroides;s__Bacteroides_fragilis	-0.0096693737916	0.0393257095737	-0.0587400781999	-0.0444108817509	0.00274257533371	0.0216664027712	0.00530296465017	-0.0102036934788	0.0214948557597	-0.0288337026634	0.021496653195	0.0577680582863	0.0478886042376	-0.0166084992863	-0.0697404283073	-0.0512890283082	1.0	-0.0411091552953	0.00857511099868	0.0389778110252	0.0127341825166	-0.00191436740186	-0.00831234239112	-0.0570944911199	-0.0121813547685	-0.028479512074	-0.0113178752306	0.0238145650314	-0.0290993631425	0.0458576289474	0.0115643338953	-0.00855558174209	-0.0616602980283	-0.0146046237237	-0.00267484837518	0.00772015653316	-0.00804238986941	-0.000362273128091	0.0288799840021	0.0478763534214	0.000215066910396	-0.000398336188815	0.0031176183796	-0.0410910368412	0.0100657375193	0.0101941811286	-0.0088342130878	-0.0153095430597	-0.0188470903079	-0.0756793825869	0.00363679121086	-0.0151948296636	0.00135015217244	-0.0037021502195	0.00396656188246	0.0403240968098	0.00163683374894	-0.0285420612272	0.0363024288665
k__Bacteria;p__Proteobacteria;c__Betaproteobacteria;o__Burkholderiales;f__Sutterellaceae;g__Sutterella;s__Sutterella_wadsworthensis	-0.000995508842478	-0.0208464594377	0.0126612956911	-0.0374643296763	0.0329316938595	-0.0238121415798	0.0325272258015	0.00270050754049	0.0118418018999	0.0231961534031	-0.0336034852678	-0.0361766679146	-0.00678765333078	-0.0200327750486	0.0274111665343	-0.0268702790078	-0.0411091552953	1.0	0.0307052954122	0.0183512105709	0.00907863581934	-0.00366385424775	-0.0203598122401	0.0555423361113	0.0032689386894	-0.0602714035207	0.00592584079871	-0.0175453086086	0.0121756731384	-0.0197532074178	0.0274486416302	0.0322605820161	-0.0342044864521	-0.0582209701826	0.0402060187255	0.0453244509758	0.0221993799021	-0.00819705120558	-0.0306468676728	-0.0438544372538	-0.0200489868475	-0.0375879160459	-0.0194302364547	-0.00663770760298	-0.0124223146066	-0.0557349584608	-0.0306338576888	-0.047356910142	-0.00106898119502	0.0118581618146	-0.00331336054215	-0.00636392615662	-0.0214823563695	0.0267615350536	0.0854633024441	-0.0153381155075	-0.054889818338	0.00719395185112	0.00445118456746
k__Bacteria;p__Bacteroidetes;c__Bacteroidia;o__Bacteroidales;f__Porphyromonadaceae;g__Barnesiella;s__Barnesiella_intestinihominis	-0.037331217942	0.00916200382277	0.00232899072609	-0.000123258976574	0.00209310538198	-0.0264040849647	-0.0346682190339	-0.00920478649351	-0.0517443559374	-0.0065181691932	-0.0021060433222	0.0238263860269	-0.00941754765235	-0.00892727123522	0.0561839864273	0.0172364113208	0.00857511099868	0.0307052954122	1.0	-0.00448225195097	-0.0467129134606	-0.0209979685066	0.0439666786794	-0.0560985869232	-0.028061770148	0.0128463586275	-0.0432069201869	-0.00648160538534	0.0199979966643	-0.0363906810232	0.00305273574969	-0.0106186251717	-0.0199926965205	-0.0344684631678	0.0188509087267	0.00093088048185	-0.0438225978852	-0.0442135052865	-0.0397538421845	0.0561174037091	0.00462884113512	-0.0452471071421	0.00985727012633	0.0201293033945	-0.0398733829342	0.0174996732767	-0.00816468283812	-0.0218253870559	-0.0793547969	-0.0532850376412	-0.0388237451857	-0.045080540446	0.0203075180274	0.0385296881342	0.00123198781871	-0.00148126423207	-0.0515803141745	0.00426428360082	-0.0347044741641
k__Bacteria;p__Bacteroidetes;c__Bacteroidia;o__Bacteroidales;f__Odoribacteraceae;g__Odoribacter;s__Odoribacter_splanchnicus	0.00579853628466	-0.053652745182	-0.0233579480285	-0.0151685132141	0.0185485693726	-0.0365551482627	-0.00571900185986	-0.0237768840065	0.0464247187642	0.00672190093424	-0.0246269994813	-0.0304106707226	0.0107867366564	-0.00742319322932	0.0101761894348	0.057944453182	0.0389778110252	0.0183512105709	-0.00448225195097	1.0	-0.0102292502763	0.00601531561838	-0.0497354832028	-0.0488238708321	0.00196269119054	-0.0189746033278	0.0330984132468	-0.00725635585489	-0.0391810643054	0.0190520939805	0.0480525526689	0.0113530812856	0.0428849808782	-0.0358101502144	-0.0395782443169	-0.06425258036	-0.0418419560032	-0.0147514251279	-0.0401312639305	0.0036537886382	0.0368306513311	0.0386479857251	-0.0434302744083	0.026478414304	-0.0196818264353	0.0311454315472	-0.0224435335268	0.0181608494598	-0.00291147680914	-0.0188333800519	-0.0121710822007	0.0317805822733	-0.00441818174598	0.0204106309544	0.00722723598859	-0.072897421449	0.00861732375823	-0.0668397408142	0.0257843340757
k__Bacteria;p__Bacteroidetes;c__Bacteroidia;o__Bacteroidales;f__Bacteroidaceae;g__Bacteroides;s__Bacteroides_salyersiae	-0.0260616833087	-0.0424530364119	-0.00643816373365	-0.0399948570382	0.0301591880313	-0.0144628378521	-0.0115968059407	0.00388789398364	-0.00182122664978	0.0412207340765	-0.00564655507478	-0.00208415172065	-0.0369228381635	0.0044803681275	0.00122577727915	0.0172995024724	0.0127341825166	0.00907863581934	-0.0467129134606	-0.0102292502763	1.0	-0.0607022121315	-0.00531290722498	-0.0503151147513	-0.000580559040424	-0.0304129936078	0.0279588305322	-0.0634097224598	-0.0159432416949	0.0355892693253	0.0492157200721	-0.00955096269658	0.0613241352635	0.0194579591543	-0.0302059030206	0.039971078586	0.0117259873048	-0.0160844097527	0.0531984695399	-0.0328608371684	-0.00649632718699	-0.0855961716527	0.00933046601199	-0.0377126543364	0.0217170811923	0.0575935077152	0.0110750980047	0.0364770828296	-0.0130559539309	-0.0230192303427	-0.0278353463385	-0.0136705717112	-0.0638296841055	-0.00224663182993	-0.0438596193291	-0.0339423136679	0.0132898791676	-0.0438607521782	-0.00795355222825
k__Bacteria;p__Firmicutes;c__Clostridia;o__Clostridiales;f__Ruminococcaceae;g__Ruminiclostridium;s__[Eubacterium]_siraeum	-0.0620670281248	-0.053957431725	-0.00158177657956	-0.0443245487844	-0.00615628043498	-0.0385450731854	-0.0382022440497	-0.0157218011547	0.0674385727515	0.035977938556	-0.0221239387955	-0.0598702840187	-0.004308142384	-0.0306430895599	-0.0503074112245	0.00625881342282	-0.00191436740186	-0.00366385424775	-0.0209979685066	0.00601531561838	-0.0607022121315	1.0	0.00191582972061	-0.0281081088141	0.020159297542	0.00495278644813	0.0334672209758	-0.00695615987831	0.0489812148921	0.0200486181088	-0.0289750059419	-0.0106944472041	-0.020191051257	-0.0168530322718	-0.00743983354722	0.0157765329038	0.0635358235827	0.000814872925477	-0.0165971913845	-0.0729975330069	0.000704827626435	-0.0537222926194	-0.0672684998478	-0.0203854118582	0.0129616620529	0.0329660233393	-0.0443899262669	0.0013566593721	-0.0549086482644	0.0271301284959	-0.0147340917023	0.0426655867267	0.00192832723061	-0.00642842264011	0.0155163804388	-0.00885933152403	0.0460814816121	-0.0677766925908	0.0457700674238
k__Bacteria;p__Proteobacteria;c__Betaproteobacteria;o__Burkholderiales;f__Sutterellaceae;g__Parasutterella;s__Parasutterella_excrementihominis	-0.0388807186148	-0.0463906427295	0.00224726302581	0.0550646803975	0.0052731096561	-0.0293484214164	-0.0239929605658	0.0154645664921	-0.0321838829824	-0.000445640823005	0.0281697600875	-0.0234139523874	-0.0271559659513	-0.0264812035778	0.0117779291479	-0.0336905635714	-0.00831234239112	-0.0203598122401	0.0439666786794	-0.0497354832028	-0.00531290722498	0.00191582972061	1.0	0.0411647507908	-0.00533864176418	-0.0158635102261	0.0630711291365	-0.0218290717897	-0.0678066227485	0.0329145441004	-0.0037867929436	-0.0038190269459	0.0302818282659	-0.00202258318334	-0.0332671515386	-0.019838353808	0.0328613643482	-0.0384112894887	-0.0154165556226	-0.0113237651475	-0.06709774928	-0.0594775881544	0.0138105619676	-0.015127631916	0.0479790466568	0.0218466670438	0.0375766916806	0.0098687372572	-0.00497693949377	-0.00791585207461	-0.000105180256666	0.031509955258	0.0141524940683	-0.0254661518457	0.026568764874	0.0310213872487	-0.0342647925924	-0.0325108727533	0.00186302667407
k__Bacteria;p__Actinobacteria;c__Actinobacteria;o__Bifidobacteriales;f__Bifidobacteriaceae;g__Bifidobacterium;s__Bifidobacterium_adolescentis	-0.0466594463871	0.014715487156	-0.0654451185578	0.0399868365736	-0.00383602198387	0.0377170978499	-0.0204144353793	-0.0263903671937	-0.0740550690079	0.0595178023102	-0.00073724967633	0.0113581596102	-0.0615767292845	0.0509751216598	-0.0228674211579	-0.00344375275796	-0.0570944911199	0.0555423361113	-0.0560985869232	-0.0488238708321	-0.0503151147513	-0.0281081088141	0.0411647507908	1.0	0.00552749898078	0.0193316896304	0.00538954074168	0.0457936198577	0.0398821369559	0.0100991228585	-0.00869131500418	-0.0011380228307	-0.0178879797941	0.0267697295522	0.0059610537604	-0.0322090672607	-0.0178588911196	-0.00148714560033	-0.0001552181771	0.010218045604	-0.0210441078629	-0.0383273915559	-0.0220064741271	0.00761499415458	-0.057997079199	0.0260437352117	-0.0407839543338	-0.0424335428505	-0.0119936395407	0.0173163474958	0.0233976373097	-0.0245560757865	0.00631117720828	-0.0117584361771	-0.0177589774741	-0.04208074772	-0.0303074652136	0.000658574086947	-0.0213582770973
k__Bacteria;p__Firmicutes;c__Clostridia;o__Clostridiales;f__Oscillospiraceae;g__Oscillibacter;s__Oscillibacter_sp._KLE_1745	-0.0797441838714	0.0525631818103	0.0422012840584	-0.0140449833433	-0.0179505709253	0.0288620356872	0.0627082164135	0.00910270172343	0.0108965277653	-0.0161701900251	0.00166491574079	-0.0130423733822	0.00648443464879	-0.00286491535904	0.00526689020519	0.0526674780581	-0.0121813547685	0.0032689386894	-0.028061770148	0.00196269119054	-0.000580559040424	0.020159297542	-0.00533864176418	0.00552749898078	1.0	-0.0662227955141	-0.038848244212	-0.00827257339762	0.00923283284419	0.0121167376268	-0.0169109081948	-0.0554530161681	0.0337098848531	-0.0443740273242	-0.00490113830388	0.0851768723902	0.00150325664973	-0.0259933682783	-0.0815061212539	-0.0852017666454	-0.00247289085339	-0.0337514547248	-0.0347200199182	0.0486560180966	-0.00337314810207	-0.0747475205476	-0.0387534498365	-0.0311204831726	0.021260800448	0.0399208202246	0.0177575225071	-0.0354805306974	0.0117000973545	-0.0214504539162	0.00926037641562	0.0129775775192	-0.0112242395562	-0.0138806122963	0.0101780294638
k__Bacteria;p__Bacteroidetes;c__Bacteroidia;o__Bacteroidales;f__Bacteroidaceae;g__Bacteroides;s__Bacteroides_coprophilus	0.002851255485	0.0383480867001	-0.0376623478932	-0.0152559044574	-0.00769328454348	0.0252815282842	-0.0248734969648	0.0410466432426	-0.00497993045824	0.0211127901257	-0.00798301432907	0.0287515514718	-0.0329397581956	0.00137228824476	0.00749656107955	-0.00268454105389	-0.028479512074	-0.0602714035207	0.0128463586275	-0.0189746033278	-0.0304129936078	0.00495278644813	-0.0158635102261	0.0193316896304	-0.0662227955141	1.0	0.0274707555664	-0.0234605083795	0.0284564405337	0.00978992231362	0.0480622358698	-0.0125018818279	0.0234373741365	-0.0787459735959	0.0222913556395	0.0640212350785	-0.0298768892039	-0.0428046267384	-0.0183196963696	-0.0104608593844	-0.0169404323061	-0.000849255474057	0.0200766714006	-0.0296240149867	-0.013883179829	-0.00880291169007	0.0487095391239	-0.0419220085151	0.0248078310268	0.0192329916152	0.0102686250857	-0.0348986087876	-0.0205700700623	0.0371431111753	-0.00453334435599	0.0625314360873	-0.0430875407035	-0.0121533291854	-0.0176063220879
k__Bacteria;p__Firmicutes;c__Clostridia;o__Clostridiales;f__Lachnospiraceae;g__Roseburia;s__Roseburia_intestinalis	0.00224782588895	-0.0232952559022	-0.0554094453874	-0.00786483403504	0.00836739742919	-0.0544390255998	0.00478420187282	-0.0476222654784	0.0258564601129	-0.0147194030221	0.020635305377	0.025990074613	-0.0304301819586	0.051750707008	-0.0152703493753	0.0397963265122	-0.0113178752306	0.00592584079871	-0.0432069201869	0.0330984132468	0.0279588305322	0.0334672209758	0.0630711291365	0.00538954074168	-0.038848244212	0.0274707555664	1.0	-0.0484365262624	0.0184616750461	0.0391070163898	-0.0123321241691	-0.0439741596903	-0.0565405491122	-0.00836307769894	-0.0217454280629	0.00742464879741	-0.0130268282992	0.0339995070624	-0.0162291365184	-0.0454807017686	0.0315124272174	-0.00597533347482	0.0254323140089	-0.0319952209918	0.021074606488	0.0149265390684	0.00330436669106	-0.0133785488796	-0.0334739952013	-0.032110091934	0.000799312814643	0.0210073575862	-0.0191657118002	-0.0295815164183	0.0117273323186	-0.0133307201947	0.0038049717219	-0.00789394090598	-0.0892198688397
k__Bacteria;p__Firmicutes;c__Clostridia;o__Clostridiales;f__Lachnospiraceae;g__Roseburia;s__Roseburia_hominis	0.0150949782592	-0.0238550712844	-0.00142809286922	0.0899001091604	-0.0160788623564	0.0011619782433	0.0105363163776	0.00781654296097	-0.0248838582355	-0.0467545214524	-0.0378391553257	-0.0195281756581	-0.00474215152871	-0.0427228994347	0.0238837168344	-0.0181795568874	0.0238145650314	-0.0175453086086	-0.00648160538534	-0.00725635585489	-0.0634097224598	-0.00695615987831	-0.0218290717897	0.0457936198577	-0.00827257339762	-0.0234605083795	-0.0484365262624	1.0	0.0451141209191	-0.0300197429316	-0.0161359126342	-0.0275330665833	0.0364369321002	-0.0299054912966	0.0367035234371	0.0273024472259	-0.0221883170649	-0.0103589000518	0.0247215389999	3.38017258165e-05	-0.00972816323544	0.0360208951518	-0.0400089157673	0.00321218094069	-0.0500194439791	-0.0361645733981	-0.00503004482186	0.00491814470256	0.0222780847545	-0.0224322321632	0.000736833326717	-0.0186660283232	0.020427005891	0.00790157021571	0.000314508855635	-0.0186196470593	-0.0075274486335	-0.00184988641539	-0.00807003246579
k__Bacteria;p__Bacteroidetes;c__Bacteroidia;o__Bacteroidales;f__Porphyromonadaceae;g__Parabacteroides;s__Parabacteroides_johnsonii	0.0748715289349	-0.0285452337109	-0.0241956217885	0.0354936617241	-0.00282724845628	-0.0160019077651	0.00679987625575	-0.0113764808048	0.0286100373544	0.0420760837573	-0.0573261219149	-0.024685131534	0.00141146072122	-0.0205210448006	-0.0164529370958	0.0192737029893	-0.0290993631425	0.0121756731384	0.0199979966643	-0.0391810643054	-0.0159432416949	0.0489812148921	-0.0678066227485	0.0398821369559	0.00923283284419	0.0284564405337	0.0184616750461	0.0451141209191	1.0	0.0196560406868	-0.000908625522516	-0.0321614631978	-0.0904091591105	-0.0422815660677	0.00483759442318	0.000343253347927	-0.0135958547541	-0.0059204785613	-0.000397618019441	-0.0655097442072	-0.0116953810634	-0.0299612936657	0.0438584672589	-0.0269686843071	-0.00931514791117	-0.0776489405898	-0.00194640835975	0.0496115792698	-0.0040635382146	0.021299322776	-0.0113967213567	0.0308382901452	-0.100138087559	-0.00412388918305	-0.0429173801731	-0.0418859222933	-0.0301419448055	0.0156982580573	-0.0405629512788
