#taxonomy	k__Bacteria;p__Bacteroidetes;c__Bacteroidia;o__Bacteroidales;f__Bacteroidaceae;g__Bacteroides;s__Bacteroides_vulgatus	k__Bacteria;p__Bacteroidetes;c__Bacteroidia;o__Bacteroidales;f__Bacteroidaceae;g__Bacteroides;s__Bacteroides_uniformis	k__Bacteria;p__Bacteroidetes;c__Bacteroidia;o__Bacteroidales;f__Rikenellaceae;g__Alistipes;s__Alistipes_putredinis	k__Bacteria;p__Bacteroidetes;c__Bacteroidia;o__Bacteroidales;f__Prevotellaceae;g__Prevotella;s__Prevotella_copri	k__Bacteria;p__Bacteroidetes;c__Bacteroidia;o__Bacteroidales;f__Bacteroidaceae;g__Bacteroides;s__Bacteroides_stercoris	k__Bacteria;p__Bacteroidetes;c__Bacteroidia;o__Bacteroidales;f__Bacteroidaceae;g__Bacteroides;s__Bacteroides_ovatus	k__Bacteria;p__Bacteroidetes;c__Bacteroidia;o__Bacteroidales;f__Rikenellaceae;g__Alistipes;s__Alistipes_shahii	k__Bacteria;p__Firmicutes;c__Clostridia;o__Clostridiales;f__Ruminococcaceae;g__Faecalibacterium;s__Faecalibacterium_prausnitzii	k__Bacteria;p__Bacteroidetes;c__Bacteroidia;o__Bacteroidales;f__Rikenellaceae;g__Alistipes;s__Alistipes_finegoldii	k__Bacteria;p__Bacteroidetes;c__Bacteroidia;o__Bacteroidales;f__Porphyromonadaceae;g__Parabacteroides;s__Parabacteroides_distasonis	k__Bacteria;p__Bacteroidetes;c__Bacteroidia;o__Bacteroidales;f__Bacteroidaceae;g__Bacteroides;s__Bacteroides_thetaiotaomicron	k__Bacteria;p__Bacteroidetes;c__Bacteroidia;o__Bacteroidales;f__Bacteroidaceae;g__Bacteroides;s__Bacteroides_coprocola	k__Bacteria;p__Bacteroidetes;c__Bacteroidia;o__Bacteroidales;f__Bacteroidaceae;g__Bacteroides;s__Bacteroides_cellulosilyticus	k__Bacteria;p__Bacteroidetes;c__Bacteroidia;o__Bacteroidales;f__Rikenellaceae;g__Alistipes;s__Alistipes_obesi	k__Bacteria;p__Firmicutes;c__Clostridia;o__Clostridiales;f__Lachnospiraceae;g__;s__[Eubacterium]_rectale	k__Bacteria;p__Bacteroidetes;c__Bacteroidia;o__Bacteroidales;f__Bacteroidaceae;g__Bacteroides;s__Bacteroides_plebeius	k__Bacteria;p__Bacteroidetes;c__Bacteroidia;o__Bacteroidales;f__Bacteroidaceae;g__Bacteroides;s__Bacteroides_fragilis	k__Bacteria;p__Proteobacteria;c__Betaproteobacteria;o__Burkholderiales;f__Sutterellaceae;g__Sutterella;s__Sutterella_wadsworthensis	k__Bacteria;p__Bacteroidetes;c__Bacteroidia;o__Bacteroidales;f__Porphyromonadaceae;g__Barnesiella;s__Barnesiella_intestinihominis	k__Bacteria;p__Bacteroidetes;c__Bacteroidia;o__Bacteroidales;f__Odoribacteraceae;g__Odoribacter;s__Odoribacter_splanchnicus	k__Bacteria;p__Bacteroidetes;c__Bacteroidia;o__Bacteroidales;f__Bacteroidaceae;g__Bacteroides;s__Bacteroides_salyersiae	k__Bacteria;p__Firmicutes;c__Clostridia;o__Clostridiales;f__Ruminococcaceae;g__Ruminiclostridium;s__[Eubacterium]_siraeum	k__Bacteria;p__Proteobacteria;c__Betaproteobacteria;o__Burkholderiales;f__Sutterellaceae;g__Parasutterella;s__Parasutterella_excrementihominis	k__Bacteria;p__Actinobacteria;c__Actinobacteria;o__Bifidobacteriales;f__Bifidobacteriaceae;g__Bifidobacterium;s__Bifidobacterium_adolescentis	k__Bacteria;p__Firmicutes;c__Clostridia;o__Clostridiales;f__Oscillospiraceae;g__Oscillibacter;s__Oscillibacter_sp._KLE_1745	k__Bacteria;p__Bacteroidetes;c__Bacteroidia;o__Bacteroidales;f__Bacteroidaceae;g__Bacteroides;s__Bacteroides_coprophilus	k__Bacteria;p__Firmicutes;c__Clostridia;o__Clostridiales;f__Lachnospiraceae;g__Roseburia;s__Roseburia_intestinalis	k__Bacteria;p__Firmicutes;c__Clostridia;o__Clostridiales;f__Lachnospiraceae;g__Roseburia;s__Roseburia_hominis	k__Bacteria;p__Bacteroidetes;c__Bacteroidia;o__Bacteroidales;f__Porphyromonadaceae;g__Parabacteroides;s__Parabacteroides_johnsonii	k__Bacteria;p__Actinobacteria;c__Actinobacteria;o__Bifidobacteriales;f__Bifidobacteriaceae;g__Bifidobacterium;s__Bifidobacterium_longum	k__Bacteria;p__Firmicutes;c__Clostridia;o__Clostridiales;f__;g__Flavonifractor;s__Flavonifractor_plautii	k__Bacteria;p__Firmicutes;c__Clostridia;o__Clostridiales;f__Clostridiaceae;g__Clostridium;s__Clostridium_phoceensis	k__Bacteria;p__Verrucomicrobia;c__Verrucomicrobiae;o__Verrucomicrobiales;f__Akkermansiaceae;g__Akkermansia;s__Akkermansia_muciniphila	k__Bacteria;p__Bacteroidetes;c__Bacteroidia;o__Bacteroidales;f__Prevotellaceae;g__Paraprevotella;s__Paraprevotella_xylaniphila	k__Bacteria;p__Firmicutes;c__Clostridia;o__Clostridiales;f__Ruminococcaceae;g__Ruminococcus;s__Ruminococcus_callidus	k__Bacteria;p__Bacteroidetes;c__Bacteroidia;o__Bacteroidales;f__Rikenellaceae;g__Alistipes;s__Alistipes_senegalensis	k__Bacteria;p__Firmicutes;c__Clostridia;o__Clostridiales;f__Lachnospiraceae;g__Blautia;s__Blautia_sp._KLE_1732	k__Bacteria;p__Bacteroidetes;c__Bacteroidia;o__Bacteroidales;f__Bacteroidaceae;g__Bacteroides;s__Bacteroides_oleiciplenus	k__Bacteria;p__Firmicutes;c__Clostridia;o__Clostridiales;f__Ruminococcaceae;g__Ruminococcus;s__Ruminococcus_bicirculans	k__Bacteria;p__Bacteroidetes;c__Bacteroidia;o__Bacteroidales;f__Bacteroidaceae;g__Bacteroides;s__Bacteroides_fluxus	k__Bacteria;p__Bacteroidetes;c__Bacteroidia;o__Bacteroidales;f__Prevotellaceae;g__Prevotella;s__Prevotella_stercorea	k__Bacteria;p__Firmicutes;c__Clostridia;o__Clostridiales;f__Lachnospiraceae;g__Dorea;s__Dorea_longicatena	k__Bacteria;p__Firmicutes;c__Clostridia;o__Clostridiales;f__Eubacteriaceae;g__Eubacterium;s__[Eubacterium]_eligens	k__Bacteria;p__Firmicutes;c__Clostridia;o__Clostridiales;f__Ruminococcaceae;g__;s__Ruminococcaceae_bacterium_D16	k__Bacteria;p__Firmicutes;c__Clostridia;o__Clostridiales;f__Lachnospiraceae;g__Coprococcus;s__Coprococcus_comes	k__Bacteria;p__Proteobacteria;c__Gammaproteobacteria;o__Enterobacterales;f__Enterobacteriaceae;g__Escherichia;s__Escherichia_coli	k__Bacteria;p__Firmicutes;c__Clostridia;o__Clostridiales;f__Ruminococcaceae;g__Anaerotruncus;s__Anaerotruncus_colihominis	k__Bacteria;p__Firmicutes;c__Clostridia;o__Clostridiales;f__Lachnospiraceae;g__Blautia;s__Blautia_obeum	k__Bacteria;p__Bacteroidetes;c__Bacteroidia;o__Bacteroidales;f__Odoribacteraceae;g__Odoribacter;s__Odoribacter_laneus	k__Bacteria;p__Firmicutes;c__Clostridia;o__Clostridiales;f__Ruminococcaceae;g__Ruminiclostridium;s__[Clostridium]_leptum	k__Bacteria;p__Bacteroidetes;c__Bacteroidia;o__Bacteroidales;f__Porphyromonadaceae;g__Parabacteroides;s__Parabacteroides_goldsteinii	k__Bacteria;p__Firmicutes;c__Clostridia;o__Clostridiales;f__Lachnospiraceae;g__Anaerostipes;s__Anaerostipes_hadrus	k__Bacteria;p__Firmicutes;c__Clostridia;o__Clostridiales;f__Ruminococcaceae;g__Ruminococcus;s__Ruminococcus_lactaris	k__Bacteria;p__Firmicutes;c__Clostridia;o__Clostridiales;f__Clostridiaceae;g__Clostridium;s__Clostridium_sp._L2-50	k__Bacteria;p__Firmicutes;c__Clostridia;o__Clostridiales;f__Clostridiaceae;g__Clostridium;s__Clostridium_sp._M62/1	k__Bacteria;p__Firmicutes;c__Clostridia;o__Clostridiales;f__;g__Intestinimonas;s__Intestinimonas_butyriciproducens	k__Bacteria;p__Actinobacteria;c__Actinobacteria;o__Bifidobacteriales;f__Bifidobacteriaceae;g__Bifidobacterium;s__Bifidobacterium_bifidum	k__Bacteria;p__Firmicutes;c__Negativicutes;o__Veillonellales;f__Veillonellaceae;g__Dialister;s__Dialister_invisus	k__Bacteria;p__Bacteroidetes;c__Bacteroidia;o__Bacteroidales;f__Bacteroidaceae;g__Bacteroides;s__Bacteroides_salanitronis
k__Bacteria;p__Bacteroidetes;c__Bacteroidia;o__Bacteroidales;f__Bacteroidaceae;g__Bacteroides;s__Bacteroides_vulgatus	1.0	-0.028717048535	-0.0172207964227	-0.0444039601232	0.0189494879741	0.0308763970214	0.00529524300386	-0.00170873816548	-0.0244889002971	-0.0198634442993	-0.026729029611	-0.00148016673233	0.00986502404236	-0.0118810416788	0.00766082567725	0.0113361769244	0.00273809906026	0.0544690786452	-0.0270923593088	-0.018901975775	0.0170777202814	0.0352208167871	-0.0342134733745	0.0110208833643	0.0207757910736	-0.016646996981	-0.0219317418244	-0.00301462847678	-0.0409814486553	-0.00655522109338	-0.00975664629299	0.0209150665856	0.00419545669654	0.0223056633525	-0.0263520852622	-0.0128823988544	-0.0389775440401	-0.00533451314139	-0.00361129861304	-0.00548076362396	0.0127324452497	-0.124537635201	-0.0117723399152	-0.0317484240494	-0.0410030691439	0.0237375867699	-0.0105484149936	0.00663599890601	-0.00211565080315	-0.0168975896464	0.0581824745176	-0.0546443546539	0.021664091809	-0.0746880179359	-0.0386716939821	0.0395766663733	-0.0017893945486	0.0259468236782	0.0286466056369
k__Bacteria;p__Bacteroidetes;c__Bacteroidia;o__Bacteroidales;f__Bacteroidaceae;g__Bacteroides;s__Bacteroides_uniformis	-0.028717048535	1.0	0.0246718214001	0.0333184123408	-0.0277054985756	-0.00355592531469	0.0525810822915	-0.0173765938285	0.0267148831832	0.00643545774562	0.0258215754959	0.0139132452782	-0.000608928012455	0.00943014678344	0.00872819467942	0.0608819135618	0.0108767499008	0.0323007800509	-0.0144109245946	-0.0185603664633	-0.00419410654199	-0.0044522123231	-0.0129536298485	0.011651151899	-0.0532290973107	-0.00569577024449	-0.0251464137072	-0.0526736433538	0.0508347037055	-0.0615443125721	-0.051905523801	0.0536756807923	0.0317295367266	0.0232555464767	-0.013423715738	-0.0090232367095	-0.0482351029626	0.00205633699545	-0.0393058509813	-0.0121697234921	0.0355908054998	0.0227334375283	-0.013358978673	-0.0666090504437	-0.0331795226539	-0.0104945637702	-0.0351070649951	0.0367480252245	-0.0427809467413	0.0348228371501	-0.0490012224763	-0.0209506836457	-0.0114054307485	0.0217795598914	-0.0175057644035	-0.00545312115281	0.0333584467934	-0.0192378622885	-0.054336131886
k__Bacteria;p__Bacteroidetes;c__Bacteroidia;o__Bacteroidales;f__Rikenellaceae;g__Alistipes;s__Alistipes_putredinis	-0.0172207964227	0.0246718214001	1.0	-0.0447841997707	0.0485526589095	-0.0144725497932	0.0286989834027	-0.0105109987294	0.068471158313	0.0508549177298	-0.0193663255655	0.0246067407815	-0.0477721835588	0.0419455553433	0.0418477859214	-0.0372421002907	0.0402769673136	0.0213244418044	-0.0262048443222	-0.0904312684582	-0.0636611077724	-0.0569826212534	-0.00316105771715	-0.0117772915774	-0.0197425430659	-0.030444495706	-0.012223615523	-0.0384850435449	0.00367067843106	-0.0184656788084	0.00334673570434	-0.0525671824507	-0.0108351603684	0.00816932165615	0.023689901719	-0.024095716899	0.0263342941556	-0.0167510794635	-0.040264833812	0.0492429290092	-0.0154044469321	0.0391283887357	-0.00902998143446	-0.0886065981675	0.076332620996	-0.0313359818179	-0.021722412523	-0.0044312673431	0.0380490003716	-0.00268521170561	0.017486078309	-0.033654762654	-0.021995400321	-0.00642722199896	-0.031103595818	0.00608035752357	-0.0158841283487	-0.0336718071524	0.0312590430059
k__Bacteria;p__Bacteroidetes;c__Bacteroidia;o__Bacteroidales;f__Prevotellaceae;g__Prevotella;s__Prevotella_copri	-0.0444039601232	0.0333184123408	-0.0447841997707	1.0	0.0268815300027	-0.0122514272883	-0.00475326659986	-0.0292859888495	-0.0482003228959	0.0582042629657	-0.0188972095942	0.0179665072666	0.00145263930591	0.0422654237802	-0.0404571616176	0.0398330813135	0.0157719426932	-0.0332945210472	-0.0351275592474	-0.0279228123021	-0.0608636813085	-0.0167388223825	-0.0314224371912	0.0197812452983	0.026870896608	0.00501406346547	-0.029757428941	-0.0263266025217	-0.0125866514654	0.0873500083094	-0.0304014946475	0.0380016147951	-0.0243239622847	0.0142558948037	-0.0232705526169	0.035075406854	0.0157699605513	0.0371629419451	0.0278045310635	-0.0178811619924	-0.0562872611216	0.0191179715576	-0.0366797857311	0.006950463659	0.0117481109434	-0.0198685248146	0.00184253055825	-0.0679657371461	-0.0123336961546	-0.0186954211033	-0.0762563301967	-0.0291869128723	0.0428248948079	-0.0323593755499	0.0379426540382	-0.0380248138942	0.0182065628176	0.0302571782911	0.0206064382569
k__Bacteria;p__Bacteroidetes;c__Bacteroidia;o__Bacteroidales;f__Bacteroidaceae;g__Bacteroides;s__Bacteroides_stercoris	0.0189494879741	-0.0277054985756	0.0485526589095	0.0268815300027	1.0	0.0370017941167	-0.070057150333	0.00104736201819	0.000892286327496	0.0241634907172	0.00274574341899	0.00623697497518	0.0694732102639	-0.0848302800397	0.0167514655657	-0.0315737599883	-0.0654395741629	0.0123665427987	-0.00126769096286	0.0357226759338	-0.025289325654	-0.049879694875	-0.0172555406806	-0.00309843767829	-0.0334726556789	0.0164437777053	0.00824539162523	-0.0108175080732	-0.0350409460042	-0.0159505726916	-0.0588782580121	-0.042879508774	0.000325666727923	0.0187842538723	-0.0133958681251	0.037395028051	0.0305656998854	-0.0498074042982	0.00638633375643	0.0508452800192	0.00192759234194	0.00113920200479	0.0149470194193	-0.000236056822923	0.0260148121626	0.0533282527449	0.00546434692218	0.0296356087137	-0.0341259046333	-0.00833151486019	0.0124048811874	-0.0440218164558	-0.0422197982823	-0.0472834376045	-0.0218115622377	-0.0419911881536	-0.0170257275263	-0.00526930605958	-0.0617120854624
k__Bacteria;p__Bacteroidetes;c__Bacteroidia;o__Bacteroidales;f__Bacteroidaceae;g__Bacteroides;s__Bacteroides_ovatus	0.0308763970214	-0.00355592531469	-0.0144725497932	-0.0122514272883	0.0370017941167	1.0	0.0609832650525	-0.0653868948914	0.0374075510379	-0.0540161675011	-0.0232594817973	-0.0506061850607	-0.0178349755317	-0.010964848898	0.00851425487525	-0.0290554480524	-0.0185890295205	0.0240710101557	0.0128571667575	-0.00120615333051	0.000951607541636	0.00486140624771	-0.0190617940255	0.0209062939488	-0.0130311440616	-0.0281051065279	0.0307748173468	-0.0149445958268	-0.00850895862994	0.0105973973358	-0.0105474199278	-0.00243199871413	0.0117935555734	-0.0291984533227	-0.02197018275	0.00692043709337	-0.0147337490876	-0.00209652851396	-0.0393768885449	-0.0276745085611	0.010782740845	-0.0387844486949	-0.0162645587787	-0.00992544141291	0.0259863636555	0.0167978123656	0.063466249798	-0.0564640516682	-0.0108497224475	-0.0148187141219	-0.0418843748254	-0.0276536013417	-0.0349874539489	-0.0161798759263	-0.0240081215861	-0.0151819807064	-0.0225159012603	-0.0441796047226	-0.0494466288095
k__Bacteria;p__Bacteroidetes;c__Bacteroidia;o__Bacteroidales;f__Rikenellaceae;g__Alistipes;s__Alistipes_shahii	0.00529524300386	0.0525810822915	0.0286989834027	-0.00475326659986	-0.070057150333	0.0609832650525	1.0	-0.0130790722214	-0.017621852371	-0.0557657308895	0.00719474727104	0.0449760896612	-0.00446556849735	0.0355219266209	0.0291619471907	-0.0133541761327	-0.0570309876568	0.0121133717044	-0.0724383330533	-0.0534250138485	-0.0125766070218	0.0164783154041	0.0539973727921	0.0182978762311	-0.0247195713305	0.00902299449095	-0.0343117823416	-0.0604437246788	0.0361382500757	-0.0230647933269	0.0712163671486	-0.00697931052806	-0.0279428768192	-0.0687070459084	0.0159915365803	-0.0428529526717	0.00791920938455	-0.0484380961999	-0.00602200854931	-0.0348122830174	0.00608733097792	-0.0376377652034	-0.025480538445	-0.00301491930149	0.0127922917347	0.0707774761955	0.00337710525606	-0.025751026496	-0.00103941687237	0.00355271035016	0.0522784256433	0.0153950151608	-0.000299546886724	0.0297502947571	0.0576525416906	-0.0169988567433	0.0305127043776	0.0132222832881	-0.0617172119898
k__Bacteria;p__Firmicutes;c__Clostridia;o__Clostridiales;f__Ruminococcaceae;g__Faecalibacterium;s__Faecalibacterium_prausnitzii	-0.00170873816548	-0.0173765938285	-0.0105109987294	-0.0292859888495	0.00104736201819	-0.0653868948914	-0.0130790722214	1.0	0.0187623939561	-0.0370658040659	-0.0236260294275	-0.0250210577444	-0.0479323328031	-0.00764499281725	0.0418883112089	0.0249731588582	-0.0400052300775	-0.0248566604507	0.0125056298958	-0.0281714731006	-0.00555418690851	0.043518135197	0.00227892961189	0.0230295422671	0.0178021408621	-0.0702874169492	0.0253712147819	0.0525772232931	-0.0473813360773	0.00602468482937	-0.0409169745073	-0.00475840030067	-0.0276819685057	-0.0203739886067	0.0342887867443	-0.0645065144471	-0.00103022500283	0.0307166178812	0.0547857038156	-0.0247848968975	0.00233886804332	-0.030813120268	-0.0640203178012	0.00102763096492	0.00838070659588	0.0129282847707	-0.0479172091416	-0.0103936492933	-0.0412366526564	0.0179503463837	0.0416014498076	0.00191977518084	0.024370900622	-0.0288657534177	0.0193694382876	0.00324625588455	0.0400716332113	-0.0398228899467	-0.0328063683923
k__Bacteria;p__Bacteroidetes;c__Bacteroidia;o__Bacteroidales;f__Rikenellaceae;g__Alistipes;s__Alistipes_finegoldii	-0.0244889002971	0.0267148831832	0.068471158313	-0.0482003228959	0.000892286327496	0.0374075510379	-0.017621852371	0.0187623939561	1.0	-0.0565643687259	0.0274077740012	0.0400573342598	0.0226886294843	-0.0144730666035	0.0647214519329	0.0283553838345	0.0254337961462	-0.028430494607	-0.0250515580615	0.0240468466979	0.00357926711247	0.0242724196709	-0.0405177420067	0.000678247688703	-0.00904928164268	-0.0782208096058	0.0232566185098	-0.0277800066287	-0.0860643339699	-0.0358219400832	0.018280724512	-0.00684877833429	-0.0157082183604	0.0514074440924	0.00941632279014	-0.0341915795313	-0.0593076400108	0.0126110783004	0.00387544620181	0.0602214423405	0.0391717265509	0.0149834832488	-0.0281391762447	-0.0734079911475	-0.0256031740101	-0.0137749550572	-0.0216223891557	0.0119225766267	-0.0272244836883	0.0207791376831	-0.0304859221302	0.0518954911181	0.0113005503865	-0.0247489827416	-0.0122651710176	0.0305522742659	0.0074636977895	-0.0541427284368	0.0283754879456
k__Bacteria;p__Bacteroidetes;c__Bacteroidia;o__Bacteroidales;f__Porphyromonadaceae;g__Parabacteroides;s__Parabacteroides_distasonis	-0.0198634442993	0.00643545774562	0.0508549177298	0.0582042629657	0.0241634907172	-0.0540161675011	-0.0557657308895	-0.0370658040659	-0.0565643687259	1.0	-0.072195952864	-0.00833889946119	-0.0400548839534	-0.00059278961508	-0.0191249612428	-0.00166074610519	-0.0152345657165	0.0193838847473	0.0159848477071	0.00603063924193	-0.0749626601047	-0.00628310593725	-0.0449068681397	-0.0389541872132	0.0475305026445	-0.0294139294142	0.00569966368831	-0.0041056058753	0.00279782543104	-0.0278511039783	-0.0117124490171	-0.0424506915601	-0.0147592488896	0.0481287770083	0.0183111802509	-0.0390383388311	-0.0313295044433	0.0521574316651	0.0309086587599	0.0136732504496	-0.00724331972405	0.020079367074	0.0307036630052	-0.0590728755463	-0.0461820092334	0.0271756706878	0.0264836450834	0.0699360156617	-0.0508320778979	-0.0142898271631	-0.0379959918308	-0.00978159573329	0.062399165493	0.0220602276396	-0.0288167319832	-0.0407012243653	-0.0279794448666	-0.0688798713567	0.0493324209327
k__Bacteria;p__Bacteroidetes;c__Bacteroidia;o__Bacteroidales;f__Bacteroidaceae;g__Bacteroides;s__Bacteroides_thetaiotaomicron	-0.026729029611	0.0258215754959	-0.0193663255655	-0.0188972095942	0.00274574341899	-0.0232594817973	0.00719474727104	-0.0236260294275	0.0274077740012	-0.072195952864	1.0	-0.0125808877766	7.92312226723e-05	-0.0165496338801	-0.0398431433607	0.0259972267884	0.0427727995457	-0.0227342780838	0.0332462946486	-0.0134123648807	-0.0228934596358	-0.0126860841725	-0.0855528562704	-0.0468331038631	0.0210253947001	0.0273046828696	-0.0319389988735	-0.0179158570484	0.0324745590348	0.0325770465168	0.0393918246058	0.0299995279732	-0.00553890675029	-0.0717979088434	-0.0245523416055	-0.046072525857	0.00664983102705	0.00722709948627	-0.040871911592	-0.00694839458406	-0.0154554587003	0.0506189745262	-0.0549879055256	-0.01282848288	0.0078679461449	-0.00957145694374	-0.021855660587	-0.0296110229695	0.0346790383907	-0.0102825662361	0.0101590417278	-0.0225675363773	-0.0145276748313	0.00740725425869	0.0192624768205	-0.0188440144963	-0.0325686260784	-0.019675249125	0.040207981855
k__Bacteria;p__Bacteroidetes;c__Bacteroidia;o__Bacteroidales;f__Bacteroidaceae;g__Bacteroides;s__Bacteroides_coprocola	-0.00148016673233	0.0139132452782	0.0246067407815	0.0179665072666	0.00623697497518	-0.0506061850607	0.0449760896612	-0.0250210577444	0.0400573342598	-0.00833889946119	-0.0125808877766	1.0	0.00011431441584	-0.0530879499948	0.00480956716649	0.0113574768853	0.0134412668086	0.0257150723167	-0.00673148233081	-0.0295160461283	0.04187562848	0.0419388630507	0.0440717488219	0.0184645191977	-0.0338580066002	-0.00238013650157	-0.0322292314181	-0.000555986795252	-0.019489810072	-0.0483405287177	-0.0184355819289	0.0109932795361	-0.0318535199733	-0.0177917538619	-0.0255087054634	0.0364595524812	0.0314605698251	-0.00921695156473	-0.0162560017973	-0.0171518280738	-0.0354664950942	-0.0470436786046	-0.00611036624067	-0.0385276755727	-0.00608779166305	-0.00874473763542	0.0288214019661	-0.0101724933912	0.00628798865153	0.000678062285996	0.00196551292511	-0.0305925378405	-0.00398171726054	0.0089334627252	0.0264084245774	-0.0470952814622	-0.0429029997866	0.00831390128445	-0.0185056388967
k__Bacteria;p__Bacteroidetes;c__Bacteroidia;o__Bacteroidales;f__Bacteroidaceae;g__Bacteroides;s__Bacteroides_cellulosilyticus	0.00986502404236	-0.000608928012456	-0.0477721835588	0.00145263930591	0.0694732102639	-0.0178349755317	-0.00446556849735	-0.0479323328031	0.0226886294843	-0.0400548839534	7.92312226722e-05	0.00011431441584	1.0	-0.0227884174565	-0.00480616650025	-0.0141697063827	0.00330469507062	-0.00917681094089	-0.0102303271948	0.00916544980465	-0.0136439855065	0.000455623325776	-0.029954634747	0.0163719289819	-0.0688716209616	0.0308298677651	-0.0275148225379	-0.0652820899615	-0.0338051750913	0.0368651072628	0.0229048239212	0.0224331450819	0.0373022152189	-0.040589511909	0.00413630408334	-0.00976569844625	0.0699941158645	-0.00899207674271	0.0143340336876	-0.0195338685264	-0.0147820549973	-0.00503357525636	0.0434177326146	0.0315718253709	0.0189776816192	-0.0181930523087	0.0225909098001	-0.00277910492988	-0.0179986141406	-0.0378023361569	-0.00105152529803	-0.0120139925854	-0.0375488877009	0.00489936038635	-0.041057565443	0.0084542681704	-0.00385718342668	-0.0338719555171	0.000629294179234
k__Bacteria;p__Bacteroidetes;c__Bacteroidia;o__Bacteroidales;f__Rikenellaceae;g__Alistipes;s__Alistipes_obesi	-0.0118810416788	0.00943014678344	0.0419455553433	0.0422654237802	-0.0848302800397	-0.010964848898	0.0355219266209	-0.00764499281725	-0.0144730666035	-0.00059278961508	-0.0165496338801	-0.0530879499948	-0.0227884174565	1.0	0.0189498876543	0.0138577719854	0.0588346514258	-0.0239630792089	0.00122331974521	0.00900689156155	0.0495638485974	0.0627943189913	-0.0288693497643	-0.0649390220771	0.00333164751802	0.0616513055504	-0.0277601741336	-0.0504590435751	-0.0112059768309	-0.017333413776	-0.0375966262033	-0.00252620091154	-0.0244970813497	0.00163004677469	-0.0170907459192	-0.0195813432998	-0.0148150289258	0.0153714752551	-0.0433519519779	0.00068252624651	-0.0120017723824	0.0123221959801	-0.0316583709263	0.00516516277202	0.0965896827939	-0.0285149569178	-0.0504179148504	-0.0242744228467	-0.0157233223209	0.0218659382408	0.0211012857432	0.0418673471183	-0.0927222254027	0.0279615939899	-0.0379918450637	0.000784643597867	-0.032720657759	0.0192395260642	-0.00591987856852
k__Bacteria;p__Firmicutes;c__Clostridia;o__Clostridiales;f__Lachnospiraceae;g__;s__[Eubacterium]_rectale	0.00766082567725	0.00872819467942	0.0418477859214	-0.0404571616176	0.0167514655657	0.00851425487525	0.0291619471907	0.0418883112089	0.0647214519329	-0.0191249612428	-0.0398431433607	0.00480956716649	-0.00480616650025	0.0189498876543	1.0	0.0544966037875	-0.0613348716092	-0.0239102507119	-0.0112954212485	0.0255411547958	-0.0819142792062	0.0620642030062	0.0357247654879	-0.00440312540925	-0.0190924884214	-0.0647887792254	-0.000306287141073	0.0260136360468	-0.0618303687578	-0.0181990329155	0.0109424124215	-0.0680884190951	-0.0055704773426	-0.0524576099788	0.038406698214	-0.0175781130881	-0.0354603830652	0.0482205056502	-0.0797483906613	0.035168560861	0.0195419974685	-0.02941411237	-0.0239474611336	-0.00159339190046	0.0186614156687	0.0406587594106	-0.0258440063177	0.0231878712367	-0.0317359906169	-0.0153094730008	-0.050017574122	-0.00395008879315	-0.0162283356236	0.0217021473268	-0.0594861352276	0.0511334967705	-0.0173732933885	0.0208475798665	-0.0292710567253
k__Bacteria;p__Bacteroidetes;c__Bacteroidia;o__Bacteroidales;f__Bacteroidaceae;g__Bacteroides;s__Bacteroides_plebeius	0.0113361769244	0.0608819135618	-0.0372421002907	0.0398330813135	-0.0315737599883	-0.0290554480524	-0.0133541761327	0.0249731588582	0.0283553838345	-0.00166074610519	0.0259972267884	0.0113574768853	-0.0141697063827	0.0138577719854	0.0544966037875	1.0	-0.0253555603477	-0.00939652024914	0.0107123545261	0.0398648476423	-0.0194766928588	0.048381347161	-0.00154919444265	-0.028157069176	-0.0369725776523	0.0133009440457	-0.0253065806786	0.0491968895507	0.0093441929279	-0.0508583068852	-0.0170077507998	0.0234912042491	0.0244064719142	-0.0340894344911	-0.0369400227256	-0.0431504814323	0.0136612730175	-0.014481177796	-0.027296136599	-0.0228663594632	-0.0132939252275	0.00865624367924	-0.0643987069812	-0.0273484859059	0.00640547075798	0.0143403669609	0.00424490037898	-0.0313067834711	-0.0194902963217	-0.0183074319102	-0.00463928956337	0.0215601355563	0.0289603020435	-0.0047304080141	-0.0701484103922	-0.0309502236098	-0.0460252814189	-0.00170034880089	0.0269840624453
k__Bacteria;p__Bacteroidetes;c__Bacteroidia;o__Bacteroidales;f__Bacteroidaceae;g__Bacteroides;s__Bacteroides_fragilis	0.00273809906026	0.0108767499008	0.0402769673136	0.0157719426932	-0.0654395741629	-0.0185890295205	-0.0570309876568	-0.0400052300775	0.0254337961462	-0.0152345657165	0.0427727995457	0.0134412668086	0.00330469507062	0.0588346514258	-0.0613348716092	-0.0253555603477	1.0	0.065103912651	-0.0408019135306	-0.0236718502713	-0.0445705342122	-0.0136338457467	-0.0026358653557	-0.0217363603875	0.0238184843946	0.0286572906138	-0.0185459227843	-0.0761865638487	0.0141370655935	0.0355314036636	0.0141908536567	0.000967305804083	0.00390625095617	0.0173641659793	0.0331677989467	0.0256028231375	-0.0213509449477	0.0074597591731	-0.0329937276331	0.0520160891384	-0.0320414974592	-0.000833136228109	-0.0398701003751	0.0603972764916	-0.0259345057541	-0.00970296184923	-0.0578363953335	0.0051989902475	-0.0335398080569	-0.0219220184121	0.0162256096525	0.0291180262409	-0.0378826854844	-0.0350771116942	-0.119526818569	0.00518615318594	-0.0127842109444	-0.0100249061478	0.0490279010615
k__Bacteria;p__Proteobacteria;c__Betaproteobacteria;o__Burkholderiales;f__Sutterellaceae;g__Sutterella;s__Sutterella_wadsworthensis	0.0544690786452	0.0323007800509	0.0213244418044	-0.0332945210472	0.0123665427987	0.0240710101557	0.0121133717044	-0.0248566604507	-0.028430494607	0.0193838847473	-0.0227342780838	0.0257150723167	-0.00917681094089	-0.0239630792089	-0.0239102507119	-0.00939652024914	0.065103912651	1.0	0.0229967904526	-0.0349763186458	-0.0342977399032	-0.030894986641	0.00209479404345	-0.0642366709223	-0.0440819429863	0.00588337306206	0.0191817855146	0.0322340929735	0.02884619225	-0.0150284838581	-0.0277988461428	-0.0360780604393	-0.00803587661466	-0.0713937445527	-0.0238604329873	0.01537290983	-0.0024671904769	0.0177872661032	-0.0232556641903	0.0407219085513	0.047105891499	-0.00624192276604	0.00307314396167	-0.00364244023311	-0.0158672938428	-0.0183376540764	-0.0225311585825	0.022705283555	-0.00723789488511	-0.0424985347646	-0.089751192334	-0.0257539251244	0.0120053470376	-0.00689001363821	0.01745624026	-0.0671879204208	-0.0136520602623	-0.0441545299867	0.0238862343656
k__Bacteria;p__Bacteroidetes;c__Bacteroidia;o__Bacteroidales;f__Porphyromonadaceae;g__Barnesiella;s__Barnesiella_intestinihominis	-0.0270923593088	-0.0144109245946	-0.0262048443222	-0.0351275592474	-0.00126769096286	0.0128571667575	-0.0724383330533	0.0125056298958	-0.0250515580615	0.0159848477071	0.0332462946486	-0.00673148233081	-0.0102303271948	0.00122331974521	-0.0112954212485	0.0107123545261	-0.0408019135306	0.0229967904526	1.0	0.0103996659879	0.0264076246373	0.0027433497774	-0.0852970907153	0.0316822974034	-0.026343851876	-0.0274419254248	0.00729739118601	0.0124172250965	-0.120852847561	-0.0731514987756	-0.0424181055803	-0.0360140054335	-0.0030571475458	-0.0319540574384	-0.0154560120948	0.0117995896354	-0.0619657951508	0.0544742416427	-0.0139373440375	-0.0580230174905	0.0331418456485	0.0156774345046	0.0870990656398	-0.0187175850193	0.028885479493	-0.00598988794184	-0.0354536107162	-0.0334573508904	-0.020966630343	0.0200559076284	-0.0394618585331	-0.0547778235817	-0.00819508833427	-0.00131186040781	-0.0378999582523	-0.0496278372272	0.0719188042501	-0.0139943698649	0.0266550013809
k__Bacteria;p__Bacteroidetes;c__Bacteroidia;o__Bacteroidales;f__Odoribacteraceae;g__Odoribacter;s__Odoribacter_splanchnicus	-0.018901975775	-0.0185603664633	-0.0904312684582	-0.0279228123021	0.0357226759338	-0.00120615333051	-0.0534250138485	-0.0281714731006	0.0240468466979	0.00603063924193	-0.0134123648807	-0.0295160461283	0.00916544980465	0.00900689156155	0.0255411547958	0.0398648476423	-0.0236718502713	-0.0349763186458	0.0103996659879	1.0	-0.00303194808067	0.0188432286835	0.0172361784296	-0.0144528726171	-0.0333698853631	0.0169965965275	-0.00875312947215	0.0119003171473	0.00533193260798	-0.00529441176443	-0.0316984602853	-0.0196022433664	-0.0617524637509	-0.0166116047419	-0.0448008566699	-0.0206877264021	-0.0363975425508	0.0315175076841	0.0197650955932	-0.042773254212	-0.0125961445281	-0.0231542899914	-0.00728619993052	-0.0846313514782	0.000556218966382	-0.00857535918357	-0.0716777499576	0.0273670243801	-0.0675333669303	0.0122400230018	-0.00348440938389	-0.000851058618275	-0.0387078539683	-0.00662364484868	0.0530513348576	-0.0096733146155	-0.00804672896318	-0.0173049361686	-0.0716367280669
k__Bacteria;p__Bacteroidetes;c__Bacteroidia;o__Bacteroidales;f__Bacteroidaceae;g__Bacteroides;s__Bacteroides_salyersiae	0.0170777202814	-0.00419410654199	-0.0636611077724	-0.0608636813085	-0.025289325654	0.000951607541636	-0.0125766070218	-0.00555418690851	0.00357926711247	-0.0749626601047	-0.0228934596358	0.04187562848	-0.0136439855065	0.0495638485974	-0.0819142792062	-0.0194766928588	-0.0445705342122	-0.0342977399032	0.0264076246373	-0.00303194808067	1.0	0.0460079628753	-0.0338383962846	0.0269732941131	0.0370538168067	0.0818100592068	-0.0515172910658	0.0244538321591	0.00747731608556	-0.0325353693974	-0.0139293127752	0.0233851723422	0.0365659821284	0.00683269190434	-0.0226487502867	0.0626659012533	-0.0133292549303	-0.054700792821	-0.0224605250005	-0.0386795588093	0.00326441940839	-0.0525754012355	0.0215329374205	-0.051603256828	-0.0544960988878	-0.0318485155085	-0.0330379437083	-0.039206541861	-0.0222408929458	-0.00846953200509	0.019477325199	-0.0475361662336	-0.0894695213813	0.0338513408658	-0.0340367214785	-0.00689645883339	0.0139202843047	0.0379492656141	0.0466589626773
k__Bacteria;p__Firmicutes;c__Clostridia;o__Clostridiales;f__Ruminococcaceae;g__Ruminiclostridium;s__[Eubacterium]_siraeum	0.0352208167871	-0.0044522123231	-0.0569826212534	-0.0167388223825	-0.049879694875	0.00486140624771	0.0164783154041	0.043518135197	0.0242724196709	-0.00628310593725	-0.0126860841725	0.0419388630507	0.000455623325776	0.0627943189913	0.0620642030062	0.048381347161	-0.0136338457467	-0.030894986641	0.0027433497774	0.0188432286835	0.0460079628753	1.0	0.0709102571912	-0.00559461395522	-0.0274105834495	-0.0356949858782	0.0315906883524	0.0498549232175	0.00921272572231	-0.0527028944907	0.0532695255391	-0.06145353686	-0.0386097196613	0.0457619582168	-0.030057313967	-0.00302312093088	-0.0255228637927	-0.0323854454462	0.0687268828646	-0.0706119401036	0.0314735585655	-0.106576120565	0.00249267105722	-0.0199667735046	-0.0606178928432	0.00823296725747	-0.00308726215436	0.0223373828347	-0.0194638202877	0.0313894550177	-0.00469214984344	-0.00929953229068	-0.0204117188632	-0.00271372320106	0.0299953828634	0.00485932430438	-0.0200139760136	0.0257312351209	-0.00580177989432
k__Bacteria;p__Proteobacteria;c__Betaproteobacteria;o__Burkholderiales;f__Sutterellaceae;g__Parasutterella;s__Parasutterella_excrementihominis	-0.0342134733745	-0.0129536298485	-0.00316105771715	-0.0314224371912	-0.0172555406806	-0.0190617940255	0.0539973727921	0.00227892961189	-0.0405177420067	-0.0449068681397	-0.0855528562704	0.0440717488219	-0.029954634747	-0.0288693497643	0.0357247654879	-0.00154919444265	-0.0026358653557	0.00209479404345	-0.0852970907153	0.0172361784296	-0.0338383962846	0.0709102571912	1.0	-0.0464908643156	0.0135348018804	0.00578120927809	-0.0396354307789	0.0518595384172	0.0470322966695	-0.0186577038803	-0.00301331413861	-0.0772115126503	-0.00834012708154	-0.0689805034372	-0.000215334699102	0.0101131573998	0.0291642489485	0.00724037184264	0.0240126935262	-0.0017304523852	-0.013358989708	-0.0123656414289	0.0189031436673	-0.0096729142153	-0.0129316678357	-0.0277730771066	0.00663613240114	-0.00452039539447	0.0480485846752	-0.000994251012574	0.0292417466843	0.0154583314274	-0.00873117443249	-0.0441995132825	0.00291130778371	0.020941092657	-0.0254948705603	-0.0142911871185	0.0161191129953
k__Bacteria;p__Actinobacteria;c__Actinobacteria;o__Bifidobacteriales;f__Bifidobacteriaceae;g__Bifidobacterium;s__Bifidobacterium_adolescentis	0.0110208833643	0.011651151899	-0.0117772915774	0.0197812452983	-0.00309843767829	0.0209062939488	0.0182978762311	0.0230295422671	0.000678247688703	-0.0389541872132	-0.0468331038631	0.0184645191977	0.0163719289819	-0.0649390220771	-0.00440312540925	-0.028157069176	-0.0217363603875	-0.0642366709223	0.0316822974034	-0.0144528726171	0.0269732941131	-0.00559461395522	-0.0464908643156	1.0	-0.0253369888577	-0.0272251143218	-0.00606911300938	-0.0220573973465	0.0426994176314	-0.0344995915378	9.74440955459e-05	-0.00716975687647	0.0186210747949	0.0247221283634	-0.0651475555786	0.00295925002023	-0.00468333894326	0.0115501184464	-0.0276150474897	-0.0450884681794	0.0275921016577	0.00988055606133	-0.00365395018472	0.0174861845429	-0.0171054474543	-0.0484002715009	0.00460624909767	0.0195174157551	-0.0498534897348	0.00179302689818	-0.00276757725776	-0.0491433341003	-0.00235238973395	-0.0588220907172	0.0617552958739	-0.0264157486699	-0.0244105310627	-0.0200254335698	-0.0231909000476
k__Bacteria;p__Firmicutes;c__Clostridia;o__Clostridiales;f__Oscillospiraceae;g__Oscillibacter;s__Oscillibacter_sp._KLE_1745	0.0207757910736	-0.0532290973107	-0.0197425430659	0.026870896608	-0.0334726556789	-0.0130311440616	-0.0247195713305	0.0178021408621	-0.00904928164268	0.0475305026445	0.0210253947001	-0.0338580066002	-0.0688716209616	0.00333164751802	-0.0190924884214	-0.0369725776523	0.0238184843946	-0.0440819429863	-0.026343851876	-0.0333698853631	0.0370538168067	-0.0274105834495	0.0135348018804	-0.0253369888577	1.0	0.0166336931236	-0.0575991565324	-0.0121860165809	-0.0073048850618	-0.0204146288481	0.00539865302622	-0.0438650221459	0.0313403773504	0.021662972396	0.0686355267933	0.0422650199812	0.00769091227258	0.0239928248142	0.0129231674357	-0.0816713910369	0.0211758325231	0.00747661385049	0.0221708541205	-0.0186437463557	0.042566227131	-0.000798411412349	0.00590949532343	0.0331817361426	0.0498457023052	-0.0727929505401	-0.0154695635873	0.0192297047239	0.0100129475074	-0.0405756013136	-0.0372125059142	0.0291386869573	0.0219357192976	-0.0459488885964	-0.0400480391873
k__Bacteria;p__Bacteroidetes;c__Bacteroidia;o__Bacteroidales;f__Bacteroidaceae;g__Bacteroides;s__Bacteroides_coprophilus	-0.016646996981	-0.00569577024449	-0.030444495706	0.00501406346547	0.0164437777053	-0.0281051065279	0.00902299449095	-0.0702874169492	-0.0782208096058	-0.0294139294142	0.0273046828696	-0.00238013650157	0.0308298677651	0.0616513055504	-0.0647887792254	0.0133009440457	0.0286572906138	0.00588337306206	-0.0274419254248	0.0169965965275	0.0818100592068	-0.0356949858782	0.00578120927809	-0.0272251143218	0.0166336931236	1.0	-0.0611301265548	0.0413828909794	-0.00730338676151	-0.0120731156385	-0.0269297315373	-0.00657306594589	0.0272537069696	-0.0389325651461	-0.0154549009577	-0.0283300185376	0.0155694179579	-0.0121500666263	0.0548466823159	-0.0258969288389	-0.0451525778977	-0.0166819304351	0.00973706843788	0.0233321847372	-0.090484885959	-0.0315958582952	0.0488272153517	-0.0204916432472	-0.0209740952717	0.027234478568	0.0227265279127	-0.0380852456018	0.0359281667319	0.0566717997278	-0.0390543557548	-0.0612671883051	-0.012212771649	0.0313067239912	-0.0122316526151
k__Bacteria;p__Firmicutes;c__Clostridia;o__Clostridiales;f__Lachnospiraceae;g__Roseburia;s__Roseburia_intestinalis	-0.0219317418244	-0.0251464137072	-0.012223615523	-0.029757428941	0.00824539162523	0.0307748173468	-0.0343117823416	0.0253712147819	0.0232566185098	0.00569966368831	-0.0319389988735	-0.0322292314181	-0.0275148225379	-0.0277601741336	-0.000306287141073	-0.0253065806786	-0.0185459227843	0.0191817855146	0.00729739118601	-0.00875312947215	-0.0515172910658	0.0315906883524	-0.0396354307789	-0.00606911300938	-0.0575991565324	-0.0611301265548	1.0	-0.0542144425367	-0.00945027896122	-0.0204651167676	-0.0705022539512	-0.013585674118	0.018305338405	-0.0168552606529	-0.0412091701787	0.0254655070565	0.00895776490022	-0.0345406525022	-0.0374342752462	-0.0340290815042	-0.00892461942007	0.0176617995287	0.00920220491418	0.0437108317758	-0.0234965322085	-0.00581435859179	0.0402842812414	-0.0115695290064	-0.00833406594799	-0.000696045093985	0.0439424086753	0.0113874654218	0.0843383602605	0.0173619024378	-0.0451224006517	-0.0177448700129	-0.0569256802253	0.0605326163459	-0.0368878211674
k__Bacteria;p__Firmicutes;c__Clostridia;o__Clostridiales;f__Lachnospiraceae;g__Roseburia;s__Roseburia_hominis	-0.00301462847678	-0.0526736433538	-0.0384850435449	-0.0263266025217	-0.0108175080732	-0.0149445958268	-0.0604437246788	0.0525772232931	-0.0277800066287	-0.0041056058753	-0.0179158570484	-0.000555986795252	-0.0652820899615	-0.0504590435751	0.0260136360468	0.0491968895507	-0.0761865638487	0.0322340929735	0.0124172250965	0.0119003171473	0.0244538321591	0.0498549232175	0.0518595384172	-0.0220573973465	-0.0121860165809	0.0413828909794	-0.0542144425367	1.0	-0.0195965998294	0.0404348485919	-0.0808528764456	-0.0335717689587	-0.0330802934938	-0.0284184559541	0.00997799896136	-0.00720753049858	-0.0517251501302	-0.0222295000086	-0.0176415615814	-0.0537111191861	-0.0620838509838	0.0175556923425	-0.0541308029417	0.0477910240184	0.0108004655101	-0.0255835447392	-0.00807032389074	0.0107670517516	0.0161845151918	-0.0035340441285	-0.0538220967172	-0.0254329271071	-0.023514357559	-0.0277797615478	0.00441808133268	0.0206263982661	-0.0150798066356	0.0336228975653	0.0433450778628
k__Bacteria;p__Bacteroidetes;c__Bacteroidia;o__Bacteroidales;f__Porphyromonadaceae;g__Parabacteroides;s__Parabacteroides_johnsonii	-0.0409814486553	0.0508347037055	0.00367067843106	-0.0125866514654	-0.0350409460042	-0.00850895862994	0.0361382500757	-0.0473813360773	-0.0860643339699	0.00279782543104	0.0324745590348	-0.019489810072	-0.0338051750913	-0.0112059768309	-0.0618303687578	0.0093441929279	0.0141370655935	0.02884619225	-0.120852847561	0.00533193260798	0.00747731608556	0.00921272572231	0.0470322966695	0.0426994176314	-0.00730488506181	-0.00730338676151	-0.00945027896122	-0.0195965998294	1.0	0.00819877551423	-0.0271385209732	0.0225544061433	-0.0078597985183	0.0190383206528	0.0396732645982	-0.00655840939635	-0.0420881962936	-0.0232090399337	0.0418106276171	-0.0145575459841	-0.0212462455798	0.035533675583	-0.016856839438	-0.00641225512221	-0.0255720046872	0.0147112734897	0.0180240435169	0.0327000829835	-0.00720555807029	0.044088229553	-0.073160087834	-0.0359202058202	-0.0177004015604	-0.0502285464139	-0.0366228553258	-0.00487677882817	-0.0394005498178	-0.02100144069	-0.00171073125703
k__Bacteria;p__Actinobacteria;c__Actinobacteria;o__Bifidobacteriales;f__Bifidobacteriaceae;g__Bifidobacterium;s__Bifidobacterium_longum	-0.00655522109338	-0.0615443125721	-0.0184656788084	0.0873500083094	-0.0159505726916	0.0105973973358	-0.0230647933269	0.00602468482937	-0.0358219400832	-0.0278511039783	0.0325770465168	-0.0483405287177	0.0368651072628	-0.017333413776	-0.0181990329155	-0.0508583068852	0.0355314036636	-0.0150284838581	-0.0731514987756	-0.00529441176443	-0.0325353693974	-0.0527028944907	-0.0186577038803	-0.0344995915378	-0.0204146288481	-0.0120731156385	-0.0204651167676	0.0404348485919	0.00819877551423	1.0	0.0492058836292	0.000476675572738	0.0336793948201	-0.0282197874785	0.0441600962915	0.019054190071	-0.0109098741474	0.00650117637268	0.00847797868513	-0.00656304020401	0.0436078479648	-0.0322075497192	-0.0693631620219	0.0185526078407	-0.0425771642229	-0.00608935075025	-0.024442239835	-0.0112712594946	9.07791277316e-05	-0.0300630415847	0.0106821831172	0.0117724576848	-0.074676933947	0.00602231721422	-0.0266653564115	0.021433875884	-0.0323704930432	0.0543970480257	0.057966767235
