#taxonomy	k__Bacteria;p__Bacteroidetes;c__Bacteroidia;o__Bacteroidales;f__Bacteroidaceae;g__Bacteroides;s__Bacteroides_vulgatus	k__Bacteria;p__Bacteroidetes;c__Bacteroidia;o__Bacteroidales;f__Bacteroidaceae;g__Bacteroides;s__Bacteroides_uniformis	k__Bacteria;p__Bacteroidetes;c__Bacteroidia;o__Bacteroidales;f__Rikenellaceae;g__Alistipes;s__Alistipes_putredinis	k__Bacteria;p__Bacteroidetes;c__Bacteroidia;o__Bacteroidales;f__Prevotellaceae;g__Prevotella;s__Prevotella_copri	k__Bacteria;p__Bacteroidetes;c__Bacteroidia;o__Bacteroidales;f__Bacteroidaceae;g__Bacteroides;s__Bacteroides_stercoris	k__Bacteria;p__Bacteroidetes;c__Bacteroidia;o__Bacteroidales;f__Bacteroidaceae;g__Bacteroides;s__Bacteroides_ovatus	k__Bacteria;p__Bacteroidetes;c__Bacteroidia;o__Bacteroidales;f__Rikenellaceae;g__Alistipes;s__Alistipes_shahii	k__Bacteria;p__Firmicutes;c__Clostridia;o__Clostridiales;f__Ruminococcaceae;g__Faecalibacterium;s__Faecalibacterium_prausnitzii	k__Bacteria;p__Bacteroidetes;c__Bacteroidia;o__Bacteroidales;f__Rikenellaceae;g__Alistipes;s__Alistipes_finegoldii	k__Bacteria;p__Bacteroidetes;c__Bacteroidia;o__Bacteroidales;f__Porphyromonadaceae;g__Parabacteroides;s__Parabacteroides_distasonis	k__Bacteria;p__Bacteroidetes;c__Bacteroidia;o__Bacteroidales;f__Bacteroidaceae;g__Bacteroides;s__Bacteroides_thetaiotaomicron	k__Bacteria;p__Bacteroidetes;c__Bacteroidia;o__Bacteroidales;f__Bacteroidaceae;g__Bacteroides;s__Bacteroides_coprocola	k__Bacteria;p__Bacteroidetes;c__Bacteroidia;o__Bacteroidales;f__Bacteroidaceae;g__Bacteroides;s__Bacteroides_cellulosilyticus	k__Bacteria;p__Bacteroidetes;c__Bacteroidia;o__Bacteroidales;f__Rikenellaceae;g__Alistipes;s__Alistipes_obesi	k__Bacteria;p__Firmicutes;c__Clostridia;o__Clostridiales;f__Lachnospiraceae;g__;s__[Eubacterium]_rectale	k__Bacteria;p__Bacteroidetes;c__Bacteroidia;o__Bacteroidales;f__Bacteroidaceae;g__Bacteroides;s__Bacteroides_plebeius	k__Bacteria;p__Bacteroidetes;c__Bacteroidia;o__Bacteroidales;f__Bacteroidaceae;g__Bacteroides;s__Bacteroides_fragilis	k__Bacteria;p__Proteobacteria;c__Betaproteobacteria;o__Burkholderiales;f__Sutterellaceae;g__Sutterella;s__Sutterella_wadsworthensis	k__Bacteria;p__Bacteroidetes;c__Bacteroidia;o__Bacteroidales;f__Porphyromonadaceae;g__Barnesiella;s__Barnesiella_intestinihominis	k__Bacteria;p__Bacteroidetes;c__Bacteroidia;o__Bacteroidales;f__Odoribacteraceae;g__Odoribacter;s__Odoribacter_splanchnicus	k__Bacteria;p__Bacteroidetes;c__Bacteroidia;o__Bacteroidales;f__Bacteroidaceae;g__Bacteroides;s__Bacteroides_salyersiae	k__Bacteria;p__Firmicutes;c__Clostridia;o__Clostridiales;f__Ruminococcaceae;g__Ruminiclostridium;s__[Eubacterium]_siraeum	k__Bacteria;p__Proteobacteria;c__Betaproteobacteria;o__Burkholderiales;f__Sutterellaceae;g__Parasutterella;s__Parasutterella_excrementihominis	k__Bacteria;p__Actinobacteria;c__Actinobacteria;o__Bifidobacteriales;f__Bifidobacteriaceae;g__Bifidobacterium;s__Bifidobacterium_adolescentis	k__Bacteria;p__Firmicutes;c__Clostridia;o__Clostridiales;f__Oscillospiraceae;g__Oscillibacter;s__Oscillibacter_sp._KLE_1745	k__Bacteria;p__Bacteroidetes;c__Bacteroidia;o__Bacteroidales;f__Bacteroidaceae;g__Bacteroides;s__Bacteroides_coprophilus	k__Bacteria;p__Firmicutes;c__Clostridia;o__Clostridiales;f__Lachnospiraceae;g__Roseburia;s__Roseburia_intestinalis	k__Bacteria;p__Firmicutes;c__Clostridia;o__Clostridiales;f__Lachnospiraceae;g__Roseburia;s__Roseburia_hominis	k__Bacteria;p__Bacteroidetes;c__Bacteroidia;o__Bacteroidales;f__Porphyromonadaceae;g__Parabacteroides;s__Parabacteroides_johnsonii	k__Bacteria;p__Actinobacteria;c__Actinobacteria;o__Bifidobacteriales;f__Bifidobacteriaceae;g__Bifidobacterium;s__Bifidobacterium_longum	k__Bacteria;p__Firmicutes;c__Clostridia;o__Clostridiales;f__;g__Flavonifractor;s__Flavonifractor_plautii	k__Bacteria;p__Firmicutes;c__Clostridia;o__Clostridiales;f__Clostridiaceae;g__Clostridium;s__Clostridium_phoceensis	k__Bacteria;p__Verrucomicrobia;c__Verrucomicrobiae;o__Verrucomicrobiales;f__Akkermansiaceae;g__Akkermansia;s__Akkermansia_muciniphila	k__Bacteria;p__Bacteroidetes;c__Bacteroidia;o__Bacteroidales;f__Prevotellaceae;g__Paraprevotella;s__Paraprevotella_xylaniphila	k__Bacteria;p__Firmicutes;c__Clostridia;o__Clostridiales;f__Ruminococcaceae;g__Ruminococcus;s__Ruminococcus_callidus	k__Bacteria;p__Bacteroidetes;c__Bacteroidia;o__Bacteroidales;f__Rikenellaceae;g__Alistipes;s__Alistipes_senegalensis	k__Bacteria;p__Firmicutes;c__Clostridia;o__Clostridiales;f__Lachnospiraceae;g__Blautia;s__Blautia_sp._KLE_1732	k__Bacteria;p__Bacteroidetes;c__Bacteroidia;o__Bacteroidales;f__Bacteroidaceae;g__Bacteroides;s__Bacteroides_oleiciplenus	k__Bacteria;p__Firmicutes;c__Clostridia;o__Clostridiales;f__Ruminococcaceae;g__Ruminococcus;s__Ruminococcus_bicirculans	k__Bacteria;p__Bacteroidetes;c__Bacteroidia;o__Bacteroidales;f__Bacteroidaceae;g__Bacteroides;s__Bacteroides_fluxus	k__Bacteria;p__Bacteroidetes;c__Bacteroidia;o__Bacteroidales;f__Prevotellaceae;g__Prevotella;s__Prevotella_stercorea	k__Bacteria;p__Firmicutes;c__Clostridia;o__Clostridiales;f__Lachnospiraceae;g__Dorea;s__Dorea_longicatena	k__Bacteria;p__Firmicutes;c__Clostridia;o__Clostridiales;f__Eubacteriaceae;g__Eubacterium;s__[Eubacterium]_eligens	k__Bacteria;p__Firmicutes;c__Clostridia;o__Clostridiales;f__Ruminococcaceae;g__;s__Ruminococcaceae_bacterium_D16	k__Bacteria;p__Firmicutes;c__Clostridia;o__Clostridiales;f__Lachnospiraceae;g__Coprococcus;s__Coprococcus_comes	k__Bacteria;p__Proteobacteria;c__Gammaproteobacteria;o__Enterobacterales;f__Enterobacteriaceae;g__Escherichia;s__Escherichia_coli	k__Bacteria;p__Firmicutes;c__Clostridia;o__Clostridiales;f__Ruminococcaceae;g__Anaerotruncus;s__Anaerotruncus_colihominis	k__Bacteria;p__Firmicutes;c__Clostridia;o__Clostridiales;f__Lachnospiraceae;g__Blautia;s__Blautia_obeum	k__Bacteria;p__Bacteroidetes;c__Bacteroidia;o__Bacteroidales;f__Odoribacteraceae;g__Odoribacter;s__Odoribacter_laneus	k__Bacteria;p__Firmicutes;c__Clostridia;o__Clostridiales;f__Ruminococcaceae;g__Ruminiclostridium;s__[Clostridium]_leptum	k__Bacteria;p__Bacteroidetes;c__Bacteroidia;o__Bacteroidales;f__Porphyromonadaceae;g__Parabacteroides;s__Parabacteroides_goldsteinii	k__Bacteria;p__Firmicutes;c__Clostridia;o__Clostridiales;f__Lachnospiraceae;g__Anaerostipes;s__Anaerostipes_hadrus	k__Bacteria;p__Firmicutes;c__Clostridia;o__Clostridiales;f__Ruminococcaceae;g__Ruminococcus;s__Ruminococcus_lactaris	k__Bacteria;p__Firmicutes;c__Clostridia;o__Clostridiales;f__Clostridiaceae;g__Clostridium;s__Clostridium_sp._L2-50	k__Bacteria;p__Firmicutes;c__Clostridia;o__Clostridiales;f__Clostridiaceae;g__Clostridium;s__Clostridium_sp._M62/1	k__Bacteria;p__Firmicutes;c__Clostridia;o__Clostridiales;f__;g__Intestinimonas;s__Intestinimonas_butyriciproducens	k__Bacteria;p__Actinobacteria;c__Actinobacteria;o__Bifidobacteriales;f__Bifidobacteriaceae;g__Bifidobacterium;s__Bifidobacterium_bifidum	k__Bacteria;p__Firmicutes;c__Negativicutes;o__Veillonellales;f__Veillonellaceae;g__Dialister;s__Dialister_invisus	k__Bacteria;p__Bacteroidetes;c__Bacteroidia;o__Bacteroidales;f__Bacteroidaceae;g__Bacteroides;s__Bacteroides_salanitronis
k__Bacteria;p__Bacteroidetes;c__Bacteroidia;o__Bacteroidales;f__Bacteroidaceae;g__Bacteroides;s__Bacteroides_vulgatus	1.0	-0.0168721008228	0.0623669434703	-0.0587187087633	0.0145680233512	0.0187078478387	-0.0190851282919	0.0181282383534	0.0219122478623	-0.0331261567816	-0.0330403015001	-0.0224978500959	-0.0368530931189	-0.0397143947415	0.0117204564729	0.0208029936465	-0.0338939664789	0.0321648299339	-0.0226800808244	0.0159378816286	0.000455573828108	-0.0318465780956	-0.0354011149764	0.0251080706392	-0.0250782144224	-0.00832851208485	-0.0178696003585	0.00506117230786	-0.00442437907377	-0.0522063800105	-0.0215346474438	-0.0531456825485	0.0195705029411	0.0150810775048	0.0100456082588	-0.0112779647953	0.00381254864776	-0.0171235009175	-0.0230916921268	0.0789630959972	0.0105407015626	-0.040228955241	0.0251150843272	-0.0570411607258	0.0294631890211	-0.0254171112374	-0.0195153489947	-0.0567451831594	0.00380012542419	-0.066655400794	-0.0397335062798	-0.0262783474931	0.0484634084717	-0.040067494597	-0.0136257677624	-0.0183251566469	-0.0284393028639	0.000663273671188	-0.0217174348884
k__Bacteria;p__Bacteroidetes;c__Bacteroidia;o__Bacteroidales;f__Bacteroidaceae;g__Bacteroides;s__Bacteroides_uniformis	-0.0168721008228	1.0	0.0229849028427	0.101635462279	-0.0353152456954	0.0210683572955	-0.0280813781338	-0.0553305279028	-0.0268581782481	-0.0169766384143	0.0173762005416	-0.0436728565587	0.001378579028	-0.00421899551393	0.0421215124054	-0.000692472339646	0.0143781015967	-0.000347480764771	0.0187714391682	-0.0182340256769	-0.0151682699499	0.0196889565363	-0.0441601632962	-0.0425950689173	0.001011311709	-0.00587316049707	0.0257654293766	-0.0391575138821	-0.0103071898626	0.015902444192	0.0336321428082	-0.00562180159943	0.0231494862823	-0.0559665375321	-0.00873894117002	-0.0186238244777	0.0266619632368	-0.0226999080596	0.0342203412481	-0.0328847565936	-0.0201932552301	-0.0169780516771	-0.0242688671784	-0.0126605051442	0.00683915157394	-0.00270195189226	0.0137970993246	0.0132898664153	-0.0418605905405	-0.0186990536058	0.0347107290677	-0.0220264380819	-0.00870937652811	0.0189271390837	0.023177510961	0.0574292446164	-0.0407070572325	-0.0427258974169	0.0053343265619
k__Bacteria;p__Bacteroidetes;c__Bacteroidia;o__Bacteroidales;f__Rikenellaceae;g__Alistipes;s__Alistipes_putredinis	0.0623669434703	0.0229849028427	1.0	-0.015298235161	0.0136368136088	-0.0446860138283	0.00542460975285	-0.0108279208063	0.0271041003904	0.0156881367051	-0.0325842316471	-0.0300794501801	0.00630537184358	0.0414609087553	0.014094242279	-0.0891491334899	-0.0476319716665	-0.0397011251441	0.0365656913241	-0.0331800459059	-0.0630062629231	-0.0277982746422	-0.025460548269	0.0461010004478	-0.00392602966139	0.0179637587957	-0.0160411358121	-0.0400119433435	-0.00149080404027	0.0171391514486	-0.0200973869454	0.00791424117706	0.0623123097651	-0.081308198233	0.018665413505	-0.0206707843935	-0.00862314735386	0.0671822025816	0.0120365154504	-0.0306915056813	-0.0172286782593	-0.00165631418557	0.00469905864666	-0.0378707142861	-0.0339003345466	-0.0105253124413	0.0169322486414	-0.0437689466774	-0.01129191888	-0.0315510405611	-0.0016378451834	-0.0187468847118	0.033484446178	-0.0324995735768	0.0330046557775	0.0111963624383	0.0358570736626	-0.00367645476161	-0.0555412515911
k__Bacteria;p__Bacteroidetes;c__Bacteroidia;o__Bacteroidales;f__Prevotellaceae;g__Prevotella;s__Prevotella_copri	-0.0587187087633	0.101635462279	-0.015298235161	1.0	-0.040329693402	-0.0464669174071	-0.0259246562586	0.0242624140696	0.00447988325059	0.0147589179754	0.0284238006506	-0.0456261719969	-0.0117038339491	0.0187609550856	0.0474775712774	0.0209501112642	-0.00538073351488	-0.00488629908636	-0.069782607969	-0.0380066014605	-0.0151653346215	-0.0210626521475	-0.087072638227	-0.0182426185837	0.0206333522011	0.0364802635116	-0.019445728724	0.0379668814217	0.0141463369319	-0.0391786994965	-0.0396680290228	0.0676621957039	0.0218083863053	0.0167884810791	0.0032698356607	0.0383835036317	-0.0180672030439	0.0148003067037	0.0379991337685	-0.0742590265859	8.98054456607e-05	0.0619130373295	-0.0151199168855	-0.0338203262758	-0.0458586515481	0.00490586183851	-0.0805447199876	0.00138585413894	-0.0246168741727	-0.0503642301945	-0.0143991288689	0.0265891058426	0.00303833669798	-0.031347088728	-0.0312679599598	0.0275379373298	-0.0162639452394	-0.0333660457133	-0.0153132425712
k__Bacteria;p__Bacteroidetes;c__Bacteroidia;o__Bacteroidales;f__Bacteroidaceae;g__Bacteroides;s__Bacteroides_stercoris	0.0145680233512	-0.0353152456954	0.0136368136088	-0.040329693402	1.0	-0.0320935015942	0.0458266557415	-0.0727836073349	-0.0542445188018	0.025388283597	-0.0363233496033	-0.018186265616	-0.0176372783905	-0.0561453649953	-0.0322202253559	-0.0131679668421	-0.0372030712993	-0.01128001375	0.0354227317181	-0.0450676367126	0.081350612321	0.0238201382912	-0.0388766249063	0.00389922134695	-0.0663165577175	0.0103748599804	0.036669405424	-0.0960509824797	-0.00596189727143	-0.0328520841569	0.0124574547695	-0.0178537497221	-0.016771037554	0.0168162213736	-0.0113145371752	0.0366896902181	-0.012910010425	-0.0111324633606	-0.00795112385007	0.0468883164017	0.0781016994342	-0.0217160022174	0.0039257899959	0.00712782370336	-0.0389478124601	-0.0335526418795	0.00770877780434	-0.0142881371561	0.0181471817568	0.0236955075028	0.0386555236947	-0.0544849159452	-0.0248738526782	-0.0031996807498	-0.043219772596	-0.0212187428695	-0.00402140049569	-0.00571491566497	0.0174427740609
k__Bacteria;p__Bacteroidetes;c__Bacteroidia;o__Bacteroidales;f__Bacteroidaceae;g__Bacteroides;s__Bacteroides_ovatus	0.0187078478387	0.0210683572955	-0.0446860138283	-0.0464669174071	-0.0320935015942	1.0	0.0177549846899	-0.0190589557004	0.00461838266775	0.0749582290207	-0.076280520659	0.0152083757193	0.0266112295424	-0.016068701697	-0.011795281783	0.00364767871729	0.00579198410919	0.00385257854063	0.0318990884613	-0.015333412197	0.00740796470401	-0.0528378445279	0.0680537630555	-0.0740985923426	0.0717849656033	-0.0352994768865	0.00954449273244	-0.0457902802221	0.00497376707578	0.00429356524151	-0.00591375287142	-0.0412433316929	0.0452523584274	0.00742008227454	-0.0380223521669	-0.0120637609208	-0.0488650161276	-0.0709236744475	0.0264885728915	-0.00357621996644	-0.0237119650548	-0.0026999428094	0.0306541296188	-0.016996377794	0.00202621004207	-0.0212822568186	0.0479813415537	0.0151665846347	0.00656499064336	-0.0274596628026	0.00335832889492	-0.0377210425766	-0.0212935049026	0.0224727663586	-0.0136548114823	-0.0402283706313	-0.0313086690999	-0.0458006899628	0.050090975132
k__Bacteria;p__Bacteroidetes;c__Bacteroidia;o__Bacteroidales;f__Rikenellaceae;g__Alistipes;s__Alistipes_shahii	-0.0190851282919	-0.0280813781338	0.00542460975285	-0.0259246562586	0.0458266557415	0.0177549846899	1.0	-0.0742532418615	0.0141205266939	0.00899756346782	-0.0420918252534	0.0312502074078	-0.0452461645152	-0.0159164110525	-0.0586396717589	-0.0466440291107	-0.0187425080323	-0.0513677108881	0.0139975184297	-0.0395324663411	-0.0387689147766	-0.0104831390537	-0.0226501477932	0.0481760299545	0.00896037431148	-0.0237415785991	-0.0369490292767	-0.0262890878434	0.0970930214966	-0.0426078315668	0.0101942660593	-0.0214013875114	-0.020850809009	-0.0673339191621	-0.0796508164493	0.0139159294958	0.0776129903729	0.0133724178065	0.0279908311736	0.00243105887196	0.0273965489973	0.0134222333788	-0.0272158111568	-0.0375325987156	0.00247225836123	0.0163612696301	0.000704663114643	0.0355675657359	-0.023047953564	-0.0237593593667	-0.00202516233262	0.0167979312551	-0.0049011854925	-0.0596708026521	0.04260000673	0.00790078716488	-0.044275678004	-0.0354768209719	-0.0171500994353
k__Bacteria;p__Firmicutes;c__Clostridia;o__Clostridiales;f__Ruminococcaceae;g__Faecalibacterium;s__Faecalibacterium_prausnitzii	0.0181282383534	-0.0553305279028	-0.0108279208063	0.0242624140696	-0.0727836073349	-0.0190589557004	-0.0742532418615	1.0	-0.0326527460094	-0.0059763920833	0.0412286389432	0.0599792493887	-0.00643035892764	0.0447354230756	-0.0747975102051	-0.0615286431371	-0.0391981589636	0.0882851300705	0.0132510806812	-0.0216864545	-0.0522943789127	-0.0170958202007	-0.0272387716537	0.0155679791199	0.0656798634866	0.0111478066734	-0.0446348670695	0.0159475775097	-0.0534816876486	-0.00336831804882	-0.112430228009	-0.00241227450203	-0.00583997395087	0.0382045365373	-0.0367442764245	-0.0399857599802	-0.0120267860583	0.00171191091746	-0.0170449375007	0.00482481300249	0.00549375554943	-0.00395465632632	0.0169599323811	-0.0279920230659	-0.00823286293003	0.00853024188965	-0.0133971105756	-0.00473577602255	0.0166566219568	0.00997241332129	-0.0295935723906	-0.0142092067889	0.0492048656849	0.0318385673098	0.0463040081445	-0.00785872483365	-0.0487643210698	-0.0542299875878	-0.0401136685976
k__Bacteria;p__Bacteroidetes;c__Bacteroidia;o__Bacteroidales;f__Rikenellaceae;g__Alistipes;s__Alistipes_finegoldii	0.0219122478623	-0.0268581782481	0.0271041003904	0.00447988325059	-0.0542445188018	0.00461838266775	0.0141205266939	-0.0326527460094	1.0	0.0025473034121	-0.0264883418511	-0.0702352162172	-0.0248557040949	0.0123996855948	-0.0200091144815	0.0397414110579	0.0543065179866	-0.0190461716176	0.0216382583192	-0.0322290131094	0.00129787777188	-0.0339852463754	-0.0678521182284	-0.0463341425506	-0.00244068236813	0.00771900158245	-0.0898780158102	-0.0109247896873	-0.00097438198733	0.0052559320983	-0.0307123025676	0.0145615748025	-0.0325977389405	-0.01871360956	-0.00674645082205	0.0287809434915	-0.0303051301164	-0.0443191508329	0.049213841654	-0.00943385985956	0.0119352755873	-0.0338952053869	-0.0331067851702	0.0360663697828	0.0517078668358	-0.0168142912994	-0.00570899859369	0.020071197383	0.0188541321227	-0.0344000393091	-0.026089614789	0.0146593138243	0.0448928773551	4.65983640122e-05	0.0237282892224	0.0245774914606	-0.00987313564927	-0.0126615254531	0.0328192120287
k__Bacteria;p__Bacteroidetes;c__Bacteroidia;o__Bacteroidales;f__Porphyromonadaceae;g__Parabacteroides;s__Parabacteroides_distasonis	-0.0331261567816	-0.0169766384143	0.0156881367051	0.0147589179754	0.025388283597	0.0749582290207	0.00899756346782	-0.0059763920833	0.0025473034121	1.0	0.0337534326342	0.022487600159	0.0331454163324	-0.0903602257897	0.0225030681357	0.0495254466425	0.0546790152499	-0.0772543188839	0.00950589409316	-0.00116132215436	-0.012581933863	-0.0390892592793	-0.0355722383354	-0.0153297516253	0.00969528352133	0.00243437436933	0.013839852312	-0.00637010120546	-0.0298624765415	-0.00486249833407	0.0768814437272	0.0096469154715	0.0267343613024	-0.0143424816058	0.0107646732153	-0.0281671457863	0.042098270977	0.0288307263825	-0.0290629631305	0.0695377446223	-0.0443682266871	0.0122654320888	-0.0609724935052	-0.0414167159658	-0.0318762101782	0.0117293124215	0.0124530634291	-0.0376156118873	0.0131655011905	-0.0415988564312	0.0552870389046	-0.0718710324833	-0.00709064283863	0.00862261211504	-0.0496440120346	-0.0309061076603	0.0472037324451	-0.0112618219908	-0.0733844836691
k__Bacteria;p__Bacteroidetes;c__Bacteroidia;o__Bacteroidales;f__Bacteroidaceae;g__Bacteroides;s__Bacteroides_thetaiotaomicron	-0.0330403015001	0.0173762005416	-0.0325842316471	0.0284238006506	-0.0363233496033	-0.076280520659	-0.0420918252534	0.0412286389432	-0.0264883418511	0.0337534326342	1.0	-0.0117893879705	-0.0394793365338	0.00970030581535	-0.00914163905676	-0.0287729939335	-0.00629105068356	0.0399406357852	-0.00506376756475	-0.0782589433872	-0.0156377276379	-0.052407553428	-0.0345647636003	0.0521969398841	0.0363493410035	0.0392306009602	-0.0331914377001	0.0149428204428	0.0310808575564	0.00595361802199	-0.0508675002437	0.00160281912864	-0.00194866361878	0.000822989082795	-0.0603451356963	0.0206787141796	-0.00417305185645	0.0229634955162	-0.00967612842277	-0.00447968824117	0.0199194478378	-0.00526842229146	0.000882469343027	0.00751938344091	-0.0119451085809	0.0350887677317	-0.0669574561706	-0.0133450026558	0.00939703873022	-0.0265929265241	0.0425430738354	0.0373209583681	-0.035801694682	-0.00543555219794	0.00677706781527	-0.0426693179613	-0.0314136496306	-0.0881285656095	-0.0369844297571
k__Bacteria;p__Bacteroidetes;c__Bacteroidia;o__Bacteroidales;f__Bacteroidaceae;g__Bacteroides;s__Bacteroides_coprocola	-0.0224978500959	-0.0436728565587	-0.0300794501801	-0.0456261719969	-0.018186265616	0.0152083757193	0.0312502074078	0.0599792493887	-0.0702352162172	0.022487600159	-0.0117893879705	1.0	0.0478567023559	0.017624487345	0.0172042177597	-0.0352714363579	-0.0138865138936	-0.00940115806404	-0.0279965702386	-0.00043143743618	-0.00182604631958	0.0621012132838	-0.00653471146027	0.00242935394484	-0.00555521357892	-0.0337665192661	0.0296840391677	-0.00920000941589	-0.0194929415077	-0.0414270623391	-0.0282768078188	-0.0100346341236	-0.061583660029	0.0151084836358	-0.0311578611684	-0.0173003305317	-0.024122182416	-0.0231774258955	0.0219246279471	-0.0769755987983	0.0340733638797	0.0110213183825	0.0398558553495	-0.0697321442119	-0.0833691793888	-0.0234794656462	0.000702682204193	-0.0393011832751	0.0292620333797	0.0149107341151	-0.102126451417	0.0300986815138	0.0479710277508	0.0473340014311	-0.0209285714837	-0.0115904114333	-0.0427598894039	-0.00636332967465	0.027832997567
k__Bacteria;p__Bacteroidetes;c__Bacteroidia;o__Bacteroidales;f__Bacteroidaceae;g__Bacteroides;s__Bacteroides_cellulosilyticus	-0.0368530931189	0.001378579028	0.00630537184358	-0.0117038339491	-0.0176372783905	0.0266112295424	-0.0452461645152	-0.00643035892764	-0.0248557040949	0.0331454163324	-0.0394793365338	0.0478567023559	1.0	-0.0505625403501	-0.00390994267432	-0.0186506101006	0.00174208595278	-0.00537708367228	0.0127998291061	0.0492506725982	-0.0106091408406	-0.0228995670784	-0.00623451216891	-0.0426468177344	0.0305152261951	-0.0374878275165	-0.0113607109247	-0.0156677538532	-0.00454436829548	0.0277905911953	0.0125368908337	0.0125390926485	-0.0427819211033	0.0104127401649	0.0214295614655	0.0469124211977	-0.00187692685757	-0.0121622836518	0.0133313428482	0.0238777617682	-0.0558510564798	-0.0603648286475	0.0619254867877	-0.000634716954955	0.00795343124353	0.00340687155454	0.0408755774826	-0.00485862825821	-0.0287734377778	0.0157319666025	0.0832590334351	-0.0548738976647	-0.0601082359655	0.0226279376349	-0.0373382394157	-0.0219601192547	0.0184472124246	-0.0363647770664	0.0550960887298
k__Bacteria;p__Bacteroidetes;c__Bacteroidia;o__Bacteroidales;f__Rikenellaceae;g__Alistipes;s__Alistipes_obesi	-0.0397143947415	-0.00421899551393	0.0414609087553	0.0187609550856	-0.0561453649953	-0.016068701697	-0.0159164110525	0.0447354230756	0.0123996855948	-0.0903602257897	0.00970030581535	0.017624487345	-0.0505625403501	1.0	-0.0312981713123	-0.00126665066613	-0.0375798382934	-0.0337400877104	0.0418580190572	-0.0346388793328	-0.0710161485204	-0.0227057682451	-0.012433679652	0.00391179640786	-0.0339022381664	0.00699480110963	0.0209066496702	-0.0418286205612	-0.00596008085878	-0.0190909536779	-0.00731051846307	0.0179260656565	0.0140622251185	-0.0377306832158	-0.0140356460627	0.0209558059284	0.0291905557877	-0.0163101133158	-0.0069853942094	-0.0308554531988	0.00399793171827	-0.00958905876187	0.0107861603428	-0.00349911295722	-0.0120072756378	-0.0166416727399	-0.058138559657	0.0348774174925	0.0204244885294	-0.00291017485268	-0.0556211841384	0.00579991990406	-0.0354496905722	-0.0443911816524	0.00192652012844	0.0206978996214	0.0482985718832	0.0397413012921	0.0171391477829
k__Bacteria;p__Firmicutes;c__Clostridia;o__Clostridiales;f__Lachnospiraceae;g__;s__[Eubacterium]_rectale	0.0117204564729	0.0421215124054	0.014094242279	0.0474775712774	-0.0322202253559	-0.011795281783	-0.0586396717589	-0.0747975102051	-0.0200091144815	0.0225030681357	-0.00914163905676	0.0172042177597	-0.00390994267432	-0.0312981713123	1.0	0.00344918421367	0.0304380667436	0.000589729159467	-0.0539767498792	0.0419624799696	-0.0405697214329	0.0381922682043	0.0804592695651	0.0163047978712	-0.0377854197509	0.0555176379211	-0.0284088350773	-0.0702016876904	-0.0298405149733	-0.00262903896255	-0.021519062301	-0.0168927237123	-0.0461872265415	0.0167908736816	-0.00526834350896	-0.0267365697231	0.00516965099361	0.0117264417551	-0.0862838663905	0.0489666016971	0.007166361347	-0.00520200232655	-0.0152225267581	-0.0370596883967	0.0011400588338	-0.041291185986	0.0353046905904	-0.0497875464896	-0.00367440397516	0.0166784005011	-0.0169701101432	0.102823550474	0.0296198592528	0.0296903819432	-0.0212048550032	-0.0286065909409	-0.00727793393089	-0.0258809596197	0.0436080823278
k__Bacteria;p__Bacteroidetes;c__Bacteroidia;o__Bacteroidales;f__Bacteroidaceae;g__Bacteroides;s__Bacteroides_plebeius	0.0208029936465	-0.000692472339646	-0.0891491334899	0.0209501112642	-0.0131679668421	0.00364767871729	-0.0466440291107	-0.0615286431371	0.0397414110579	0.0495254466425	-0.0287729939335	-0.0352714363579	-0.0186506101006	-0.00126665066613	0.00344918421367	1.0	-0.0441112517147	-0.0418400195362	0.0282846152844	-0.0426887969999	-0.0444268402177	0.0614533401508	0.0317382807418	-0.0293190855248	-0.0451409297563	-0.00908130992259	-0.00766342190425	-0.004175156798	-0.024274512975	0.044725897231	0.0382308803468	-0.0430750500792	0.0134717562568	-0.0701170767814	0.0323436209809	-0.0366268283099	0.035291384263	0.000669236182714	0.0222809076316	-0.0448006740013	0.0305549276376	-0.0402196472685	-0.0107673275531	-0.0570829774997	-0.00686635899006	-0.0322863097074	0.00555141844048	-0.0428223158226	-0.00282874151239	-0.0449233750769	0.0137292096482	0.0439881495437	-0.0404518476449	-0.0234366211929	-0.064048174861	0.0524457172924	-0.014198329893	-0.0415265632458	0.0117263993853
k__Bacteria;p__Bacteroidetes;c__Bacteroidia;o__Bacteroidales;f__Bacteroidaceae;g__Bacteroides;s__Bacteroides_fragilis	-0.0338939664789	0.0143781015967	-0.0476319716665	-0.00538073351488	-0.0372030712993	0.00579198410919	-0.0187425080323	-0.0391981589636	0.0543065179866	0.0546790152499	-0.00629105068356	-0.0138865138936	0.00174208595278	-0.0375798382934	0.0304380667436	-0.0441112517147	1.0	0.0370166290444	-0.080539402384	-0.0107696033359	-0.0491257227135	-0.0035729948682	-0.0517850831108	0.0351915171125	0.0420818303301	-0.0336634979965	-0.020770892635	0.0210203461819	0.0277514139019	0.00878412245648	-0.0280169667604	0.0121695324811	0.0395432167337	0.0179392798636	-0.00364460166604	-0.00700080646566	-0.0361058817556	0.0063959862555	-0.0508589969079	-0.0341599312541	0.049718120174	0.0352904767759	-0.00113614598102	0.0450138223892	0.0252704318779	-0.0247333732985	-0.0440648717404	-0.0582989585759	-0.0057300324877	0.0373366077138	-0.0586804090533	0.0221313045493	-0.0186341963185	-0.014236146197	-0.0282840202238	-0.0262175578163	0.0464468991118	-0.0247877225394	0.0219272884965
k__Bacteria;p__Proteobacteria;c__Betaproteobacteria;o__Burkholderiales;f__Sutterellaceae;g__Sutterella;s__Sutterella_wadsworthensis	0.0321648299339	-0.000347480764771	-0.0397011251441	-0.00488629908636	-0.01128001375	0.00385257854063	-0.0513677108881	0.0882851300705	-0.0190461716176	-0.0772543188839	0.0399406357852	-0.00940115806404	-0.00537708367228	-0.0337400877104	0.000589729159467	-0.0418400195362	0.0370166290444	1.0	-0.039936102622	0.0696969050699	0.043932709982	-0.0422555621042	0.0130903173856	0.0213556116394	-0.00536017772948	-0.000351271987388	0.069484591242	-0.00934615197541	0.034530820166	0.00702145855885	0.00584498204841	0.0357390543834	-0.0123801740934	0.0233878712127	-0.0732812383161	-0.00178618598746	0.0391442281016	0.0276644495311	0.0839871519208	0.00791985372714	0.0161556120791	-0.000791096807501	-0.0387046416158	0.00585323913568	-0.0470242739244	0.0211666623133	0.00635765562405	0.0369797672825	-0.00829829757587	-0.0633483209189	-0.0768826872894	-0.0756559267167	-0.0776399814942	-0.0400198003734	-0.0393473377306	-0.0760262388437	-0.0344541822063	-0.0748938582848	0.0199308112438
k__Bacteria;p__Bacteroidetes;c__Bacteroidia;o__Bacteroidales;f__Porphyromonadaceae;g__Barnesiella;s__Barnesiella_intestinihominis	-0.0226800808244	0.0187714391682	0.0365656913241	-0.069782607969	0.0354227317181	0.0318990884613	0.0139975184297	0.0132510806812	0.0216382583192	0.00950589409316	-0.00506376756475	-0.0279965702386	0.0127998291061	0.0418580190572	-0.0539767498792	0.0282846152844	-0.080539402384	-0.039936102622	1.0	-0.0303043827961	-0.00257190237907	0.0452667152939	0.0291008526286	-0.0296985677622	-0.0684949493791	-0.0450850274475	0.0267520451566	0.0351834988828	0.00633321044408	-0.0246839495889	-0.0214891909968	-0.0844782718634	-0.0352714841261	-0.0260157156095	-0.0174354962701	0.00298314884138	-0.00395047692962	0.0274083373273	-0.00222065648544	0.010418472526	-0.00760068446712	-0.0453780355808	-0.0164651626805	0.00389373061263	0.00390833581815	0.0276655785042	-0.0482441516901	-0.0370611894899	-0.0290338271912	0.0404395017699	0.0143234073322	0.00566333605403	0.0345832790661	0.0504667317697	0.00333691486943	-0.0472907918229	0.0466405677561	-0.0161494384715	-0.0619243649689
k__Bacteria;p__Bacteroidetes;c__Bacteroidia;o__Bacteroidales;f__Odoribacteraceae;g__Odoribacter;s__Odoribacter_splanchnicus	0.0159378816286	-0.0182340256769	-0.0331800459059	-0.0380066014605	-0.0450676367126	-0.015333412197	-0.0395324663411	-0.0216864545	-0.0322290131094	-0.00116132215436	-0.0782589433872	-0.00043143743618	0.0492506725982	-0.0346388793328	0.0419624799696	-0.0426887969999	-0.0107696033359	0.0696969050699	-0.0303043827961	1.0	-0.0631473260023	0.0358096108344	0.0102988331081	0.0181417478874	-0.0733459057204	-0.00949926968681	0.00247921603324	0.0172951874476	-0.0248144802672	-0.0460879388642	0.0328382501082	-0.0521326702783	-0.00309200429284	-0.00844024360434	0.0113477193026	0.0240694328487	-0.0108795252558	0.0116689151933	-0.0425733359986	0.000151851412122	0.0654225386168	-0.0136952940348	-0.0224093138402	0.0272733371725	0.0118367379219	-0.0166740215882	-0.0146434710933	-0.0426885565501	-0.0748168758428	0.0169435767102	0.0353661991864	-0.000428647559991	0.00404953094913	-0.0391425664511	-0.0582540844826	0.0113873785558	0.066561563285	-0.021182970667	0.0392236397672
k__Bacteria;p__Bacteroidetes;c__Bacteroidia;o__Bacteroidales;f__Bacteroidaceae;g__Bacteroides;s__Bacteroides_salyersiae	0.000455573828108	-0.0151682699499	-0.0630062629231	-0.0151653346215	0.081350612321	0.00740796470401	-0.0387689147766	-0.0522943789127	0.00129787777188	-0.012581933863	-0.0156377276379	-0.00182604631958	-0.0106091408406	-0.0710161485204	-0.0405697214329	-0.0444268402177	-0.0491257227135	0.043932709982	-0.00257190237907	-0.0631473260023	1.0	-0.0232041938974	-0.083857804087	-0.0276920562152	0.0164711247819	0.0100530476931	0.00701961391893	0.0671219412107	-0.0136756408952	-0.0158940548327	-0.000122619517587	0.0178757621935	-0.047042314169	0.0395505852876	-0.00396822563633	-0.0489018640004	0.0745990025492	-0.00893735490145	0.00384613008785	0.00724338837468	0.0141869981889	-0.00118372410108	0.024472230231	0.0362867430494	-0.0231165552482	-0.00449583515275	0.0316765552231	0.0162324528467	-0.0020778397279	0.0345558231506	0.0400481126281	-0.0335418759833	-0.0819329526876	-0.0394134737225	0.0255691931373	-0.0701931311837	-0.0314236016584	-0.0183838855189	0.039090471317
k__Bacteria;p__Firmicutes;c__Clostridia;o__Clostridiales;f__Ruminococcaceae;g__Ruminiclostridium;s__[Eubacterium]_siraeum	-0.0318465780956	0.0196889565363	-0.0277982746422	-0.0210626521475	0.0238201382912	-0.0528378445279	-0.0104831390537	-0.0170958202007	-0.0339852463754	-0.0390892592793	-0.052407553428	0.0621012132838	-0.0228995670784	-0.0227057682451	0.0381922682043	0.0614533401508	-0.0035729948682	-0.0422555621042	0.0452667152939	0.0358096108344	-0.0232041938974	1.0	0.0141247284094	0.0288823957549	0.0149282154946	0.0120102357349	-0.0123884783269	-0.0559206938244	-0.0312706190996	-0.038639527967	0.0404832485563	-0.0266605151087	0.0318137881422	-0.0221854073107	-0.0320959172805	-0.108890806449	-0.0424109199624	-0.0634157974324	-0.00477283467946	0.00421736329352	-0.0205476810521	-0.00219975478363	0.00586891162853	-0.0183666790059	0.0245342305396	0.0302354880157	0.0573689811671	-0.00607209162776	0.00303239454782	-0.0362819985142	-0.00184803053101	0.0664433522354	-0.042330966379	-0.045773195376	-0.0132839398835	0.0100269832054	-0.00647447843318	0.0754361032058	0.00391379699837
k__Bacteria;p__Proteobacteria;c__Betaproteobacteria;o__Burkholderiales;f__Sutterellaceae;g__Parasutterella;s__Parasutterella_excrementihominis	-0.0354011149764	-0.0441601632962	-0.025460548269	-0.087072638227	-0.0388766249063	0.0680537630555	-0.0226501477932	-0.0272387716537	-0.0678521182284	-0.0355722383354	-0.0345647636003	-0.00653471146027	-0.00623451216891	-0.012433679652	0.0804592695651	0.0317382807418	-0.0517850831108	0.0130903173856	0.0291008526286	0.0102988331081	-0.083857804087	0.0141247284094	1.0	-0.0423773440728	-0.0291054604374	0.0299831440087	-0.0328890465597	-0.0140209347198	-0.0443677049235	-0.00424328408114	-0.0039855115678	-0.0232455916795	0.00111943614721	-0.038701337993	-0.0510057086422	0.0460075564041	-0.0499884195118	-0.00824381325784	-0.0137451583754	0.00828890780951	-0.00882890390083	0.0137351610027	-0.00327777553249	0.000584060491811	-0.0171527878438	-0.0783211021545	0.0191387617525	0.0289338863129	0.0433283933096	-0.0123453826052	0.0106543440227	0.0503170209909	4.18313334634e-05	-0.00954590797275	-0.00575886290898	-0.0258584528323	-0.0139927903031	0.0306503507411	-0.0456688965229
k__Bacteria;p__Actinobacteria;c__Actinobacteria;o__Bifidobacteriales;f__Bifidobacteriaceae;g__Bifidobacterium;s__Bifidobacterium_adolescentis	0.0251080706392	-0.0425950689173	0.0461010004478	-0.0182426185837	0.00389922134695	-0.0740985923426	0.0481760299545	0.0155679791199	-0.0463341425506	-0.0153297516253	0.0521969398841	0.00242935394484	-0.0426468177344	0.00391179640786	0.0163047978712	-0.0293190855248	0.0351915171125	0.0213556116394	-0.0296985677622	0.0181417478874	-0.0276920562152	0.0288823957549	-0.0423773440728	1.0	0.01597337595	-0.0285162330828	0.0568740215915	-0.0371284311411	-0.00550656766705	-0.0517755959796	-0.0236889863433	-0.0179266565671	-0.0351407997824	0.00138033141796	0.00754315553238	-0.00598670220825	-0.00862031565094	-0.0148003532383	-0.0417140667033	-0.0056559088475	-0.0715459794222	0.0156741740686	0.00968275893019	-0.0316350414678	-0.00252272992444	0.0124406329957	-0.00973642316544	-0.0353545599698	0.0313175613712	-0.0116451110883	0.0168469400968	-0.0347647878133	0.0210770390262	0.0189820156496	-0.00645214562505	0.00441544693449	-0.0690176597784	0.00808035318179	-0.0055363984956
k__Bacteria;p__Firmicutes;c__Clostridia;o__Clostridiales;f__Oscillospiraceae;g__Oscillibacter;s__Oscillibacter_sp._KLE_1745	-0.0250782144224	0.001011311709	-0.00392602966139	0.0206333522011	-0.0663165577175	0.0717849656033	0.00896037431148	0.0656798634866	-0.00244068236813	0.00969528352133	0.0363493410035	-0.00555521357892	0.0305152261951	-0.0339022381664	-0.0377854197509	-0.0451409297563	0.0420818303301	-0.00536017772948	-0.0684949493791	-0.0733459057204	0.0164711247819	0.0149282154946	-0.0291054604374	0.01597337595	1.0	0.0350616133415	-0.0337924207316	0.00285274552409	0.0283700049147	0.02444309783	-0.0315070481322	0.019443899996	-0.0403036420437	0.0099849097657	-0.0725828378803	-0.0517753740317	-0.0222390280588	-0.00230500377708	-0.00213229772241	-0.00701268145689	-0.0282319725872	-0.029870290923	-0.0151221708162	-0.0453166089321	-0.00725964545754	-0.0456333325348	0.0211729575557	0.0121138819273	0.00115052834861	0.0220756590818	0.0494982624876	-0.00572403911936	0.00403382842434	0.0771313853294	0.0487261063042	-0.0444900885625	0.00453038524574	-0.071191597057	-0.0573098808658
k__Bacteria;p__Bacteroidetes;c__Bacteroidia;o__Bacteroidales;f__Bacteroidaceae;g__Bacteroides;s__Bacteroides_coprophilus	-0.00832851208485	-0.00587316049707	0.0179637587957	0.0364802635116	0.0103748599804	-0.0352994768865	-0.0237415785991	0.0111478066734	0.00771900158245	0.00243437436932	0.0392306009602	-0.0337665192661	-0.0374878275165	0.00699480110963	0.0555176379211	-0.00908130992259	-0.0336634979965	-0.000351271987388	-0.0450850274475	-0.00949926968681	0.0100530476931	0.0120102357349	0.0299831440087	-0.0285162330828	0.0350616133415	1.0	-0.042926202272	-0.0232178283124	-0.022727635651	0.0185731040658	-0.00199302979728	-0.0374297604611	-0.00152418529857	-0.00623838304769	0.0366095726184	-0.00416959616011	0.0121051080138	-0.0569413166496	-0.0198427672156	0.0190816113575	-0.0171078908182	-0.0541433503622	-0.0175483887078	-0.0652606864995	-0.0661713560449	-0.0436295844694	0.00613552830569	0.00244634014414	-0.0503109044815	0.00692343127592	0.00744892393774	0.0216323220409	0.0104789947034	-0.0162287794576	0.000670610591104	-0.0346803797022	-0.0282149148908	0.00116495631641	-0.0240080629516
k__Bacteria;p__Firmicutes;c__Clostridia;o__Clostridiales;f__Lachnospiraceae;g__Roseburia;s__Roseburia_intestinalis	-0.0178696003585	0.0257654293766	-0.0160411358121	-0.019445728724	0.036669405424	0.00954449273244	-0.0369490292767	-0.0446348670695	-0.0898780158102	0.013839852312	-0.0331914377001	0.0296840391677	-0.0113607109247	0.0209066496702	-0.0284088350773	-0.00766342190425	-0.020770892635	0.069484591242	0.0267520451566	0.00247921603324	0.00701961391893	-0.0123884783269	-0.0328890465597	0.0568740215915	-0.0337924207316	-0.042926202272	1.0	-0.0655199953906	-0.0783170225575	0.0441153997214	-0.0069544331301	-0.0287671711099	-0.0302453846989	0.0268468909316	-0.0544560343564	-0.0123714018497	-0.0137050478003	0.00692514250275	-0.00258406881792	-0.00289937621571	-0.0112671503376	0.0158188719876	0.0607394035184	-0.0300286614098	0.0355879202492	0.0166883882473	-0.0356399779575	0.0351840558359	0.00150918124562	-0.0454654022541	0.0369312295931	0.0073614095632	-0.0390437439149	0.0795976272113	-0.0519162518504	-0.0192468069841	-0.0362120785177	0.0126797530124	-0.0298316964614
k__Bacteria;p__Firmicutes;c__Clostridia;o__Clostridiales;f__Lachnospiraceae;g__Roseburia;s__Roseburia_hominis	0.00506117230786	-0.0391575138821	-0.0400119433435	0.0379668814217	-0.0960509824797	-0.0457902802221	-0.0262890878434	0.0159475775097	-0.0109247896873	-0.00637010120546	0.0149428204428	-0.00920000941589	-0.0156677538532	-0.0418286205612	-0.0702016876904	-0.004175156798	0.0210203461819	-0.00934615197541	0.0351834988828	0.0172951874476	0.0671219412107	-0.0559206938244	-0.0140209347198	-0.0371284311411	0.00285274552409	-0.0232178283124	-0.0655199953906	1.0	-0.0360409541166	0.0443266105664	-0.00762390456877	-0.000461834039658	-0.0080775958947	-0.00602837847698	-0.0362439976918	0.00156844814585	-0.0128479192445	-0.0262799900938	0.00527708970822	-0.0372520843497	0.0385805648561	0.0163701945476	-0.0345508719298	0.0501400652709	-0.0032937271725	-0.00920578937251	0.0051889936587	-0.00961827688091	-0.013039644504	0.00587562943431	-0.0312695062929	-0.0276266058956	0.017532510634	-0.0212609074227	-0.00362966641813	-0.026650320828	0.0194426684489	-0.0166314861402	-0.0436442559094
k__Bacteria;p__Bacteroidetes;c__Bacteroidia;o__Bacteroidales;f__Porphyromonadaceae;g__Parabacteroides;s__Parabacteroides_johnsonii	-0.00442437907377	-0.0103071898626	-0.00149080404027	0.0141463369319	-0.00596189727143	0.00497376707578	0.0970930214966	-0.0534816876486	-0.00097438198733	-0.0298624765415	0.0310808575564	-0.0194929415077	-0.00454436829548	-0.00596008085878	-0.0298405149733	-0.024274512975	0.0277514139019	0.034530820166	0.00633321044408	-0.0248144802672	-0.0136756408952	-0.0312706190996	-0.0443677049235	-0.00550656766705	0.0283700049147	-0.022727635651	-0.0783170225575	-0.0360409541166	1.0	0.0133037693168	-0.0577721660587	4.88323845403e-06	-0.0167132913579	-0.0248543299348	-0.0153212110081	0.016336034985	0.0390644025648	-0.0674893787595	-0.0131555943475	-0.0328780998028	-0.0220681802954	0.0715651310958	0.0383755452126	0.0439433475956	-7.26776724677e-05	0.0157014178894	-0.0116074035499	0.00135722101729	-0.0443427195588	-0.0433101481017	-0.0052238531791	-0.0285203558485	-0.000683106224987	-0.0607701506072	0.0217198085097	-0.0472598460041	-0.0161891408253	-0.0491643171516	-0.00769423887936
k__Bacteria;p__Actinobacteria;c__Actinobacteria;o__Bifidobacteriales;f__Bifidobacteriaceae;g__Bifidobacterium;s__Bifidobacterium_longum	-0.0522063800105	0.015902444192	0.0171391514486	-0.0391786994965	-0.0328520841569	0.00429356524151	-0.0426078315668	-0.00336831804882	0.0052559320983	-0.00486249833407	0.00595361802199	-0.0414270623391	0.0277905911953	-0.0190909536779	-0.00262903896255	0.044725897231	0.00878412245648	0.00702145855885	-0.0246839495889	-0.0460879388642	-0.0158940548327	-0.038639527967	-0.00424328408114	-0.0517755959796	0.02444309783	0.0185731040658	0.0441153997214	0.0443266105664	0.0133037693168	1.0	-0.0389665257296	-0.0315082074891	-0.0247921496265	0.00497579023632	-0.0417259038461	-0.0654365118128	0.0143026570976	0.00582973848209	-0.0310363353984	0.00101189946021	0.0274828598283	-0.0313996283075	0.00184602274826	0.0392911209441	-0.00911148750448	0.0309281775596	-0.0279652766214	-0.0124434156232	-0.015069457479	0.000114878638598	0.0584840435143	-0.0561767706109	-0.0323259318983	0.0405649824839	0.0594794708293	0.0193167435248	-0.0658183949141	-0.0334393112424	-0.051473616357
