#taxonomy	k__Bacteria;p__Bacteroidetes;c__Bacteroidia;o__Bacteroidales;f__Bacteroidaceae;g__Bacteroides;s__Bacteroides_vulgatus	k__Bacteria;p__Bacteroidetes;c__Bacteroidia;o__Bacteroidales;f__Bacteroidaceae;g__Bacteroides;s__Bacteroides_uniformis	k__Bacteria;p__Bacteroidetes;c__Bacteroidia;o__Bacteroidales;f__Rikenellaceae;g__Alistipes;s__Alistipes_putredinis	k__Bacteria;p__Bacteroidetes;c__Bacteroidia;o__Bacteroidales;f__Prevotellaceae;g__Prevotella;s__Prevotella_copri	k__Bacteria;p__Bacteroidetes;c__Bacteroidia;o__Bacteroidales;f__Bacteroidaceae;g__Bacteroides;s__Bacteroides_stercoris	k__Bacteria;p__Bacteroidetes;c__Bacteroidia;o__Bacteroidales;f__Bacteroidaceae;g__Bacteroides;s__Bacteroides_ovatus	k__Bacteria;p__Bacteroidetes;c__Bacteroidia;o__Bacteroidales;f__Rikenellaceae;g__Alistipes;s__Alistipes_shahii	k__Bacteria;p__Firmicutes;c__Clostridia;o__Clostridiales;f__Ruminococcaceae;g__Faecalibacterium;s__Faecalibacterium_prausnitzii	k__Bacteria;p__Bacteroidetes;c__Bacteroidia;o__Bacteroidales;f__Rikenellaceae;g__Alistipes;s__Alistipes_finegoldii	k__Bacteria;p__Bacteroidetes;c__Bacteroidia;o__Bacteroidales;f__Porphyromonadaceae;g__Parabacteroides;s__Parabacteroides_distasonis	k__Bacteria;p__Bacteroidetes;c__Bacteroidia;o__Bacteroidales;f__Bacteroidaceae;g__Bacteroides;s__Bacteroides_thetaiotaomicron	k__Bacteria;p__Bacteroidetes;c__Bacteroidia;o__Bacteroidales;f__Bacteroidaceae;g__Bacteroides;s__Bacteroides_coprocola	k__Bacteria;p__Bacteroidetes;c__Bacteroidia;o__Bacteroidales;f__Bacteroidaceae;g__Bacteroides;s__Bacteroides_cellulosilyticus	k__Bacteria;p__Bacteroidetes;c__Bacteroidia;o__Bacteroidales;f__Rikenellaceae;g__Alistipes;s__Alistipes_obesi	k__Bacteria;p__Firmicutes;c__Clostridia;o__Clostridiales;f__Lachnospiraceae;g__;s__[Eubacterium]_rectale	k__Bacteria;p__Bacteroidetes;c__Bacteroidia;o__Bacteroidales;f__Bacteroidaceae;g__Bacteroides;s__Bacteroides_plebeius	k__Bacteria;p__Bacteroidetes;c__Bacteroidia;o__Bacteroidales;f__Bacteroidaceae;g__Bacteroides;s__Bacteroides_fragilis	k__Bacteria;p__Proteobacteria;c__Betaproteobacteria;o__Burkholderiales;f__Sutterellaceae;g__Sutterella;s__Sutterella_wadsworthensis	k__Bacteria;p__Bacteroidetes;c__Bacteroidia;o__Bacteroidales;f__Porphyromonadaceae;g__Barnesiella;s__Barnesiella_intestinihominis	k__Bacteria;p__Bacteroidetes;c__Bacteroidia;o__Bacteroidales;f__Odoribacteraceae;g__Odoribacter;s__Odoribacter_splanchnicus	k__Bacteria;p__Bacteroidetes;c__Bacteroidia;o__Bacteroidales;f__Bacteroidaceae;g__Bacteroides;s__Bacteroides_salyersiae	k__Bacteria;p__Firmicutes;c__Clostridia;o__Clostridiales;f__Ruminococcaceae;g__Ruminiclostridium;s__[Eubacterium]_siraeum	k__Bacteria;p__Proteobacteria;c__Betaproteobacteria;o__Burkholderiales;f__Sutterellaceae;g__Parasutterella;s__Parasutterella_excrementihominis	k__Bacteria;p__Actinobacteria;c__Actinobacteria;o__Bifidobacteriales;f__Bifidobacteriaceae;g__Bifidobacterium;s__Bifidobacterium_adolescentis	k__Bacteria;p__Firmicutes;c__Clostridia;o__Clostridiales;f__Oscillospiraceae;g__Oscillibacter;s__Oscillibacter_sp._KLE_1745	k__Bacteria;p__Bacteroidetes;c__Bacteroidia;o__Bacteroidales;f__Bacteroidaceae;g__Bacteroides;s__Bacteroides_coprophilus	k__Bacteria;p__Firmicutes;c__Clostridia;o__Clostridiales;f__Lachnospiraceae;g__Roseburia;s__Roseburia_intestinalis	k__Bacteria;p__Firmicutes;c__Clostridia;o__Clostridiales;f__Lachnospiraceae;g__Roseburia;s__Roseburia_hominis	k__Bacteria;p__Bacteroidetes;c__Bacteroidia;o__Bacteroidales;f__Porphyromonadaceae;g__Parabacteroides;s__Parabacteroides_johnsonii	k__Bacteria;p__Actinobacteria;c__Actinobacteria;o__Bifidobacteriales;f__Bifidobacteriaceae;g__Bifidobacterium;s__Bifidobacterium_longum	k__Bacteria;p__Firmicutes;c__Clostridia;o__Clostridiales;f__;g__Flavonifractor;s__Flavonifractor_plautii	k__Bacteria;p__Firmicutes;c__Clostridia;o__Clostridiales;f__Clostridiaceae;g__Clostridium;s__Clostridium_phoceensis	k__Bacteria;p__Verrucomicrobia;c__Verrucomicrobiae;o__Verrucomicrobiales;f__Akkermansiaceae;g__Akkermansia;s__Akkermansia_muciniphila	k__Bacteria;p__Bacteroidetes;c__Bacteroidia;o__Bacteroidales;f__Prevotellaceae;g__Paraprevotella;s__Paraprevotella_xylaniphila	k__Bacteria;p__Firmicutes;c__Clostridia;o__Clostridiales;f__Ruminococcaceae;g__Ruminococcus;s__Ruminococcus_callidus	k__Bacteria;p__Bacteroidetes;c__Bacteroidia;o__Bacteroidales;f__Rikenellaceae;g__Alistipes;s__Alistipes_senegalensis	k__Bacteria;p__Firmicutes;c__Clostridia;o__Clostridiales;f__Lachnospiraceae;g__Blautia;s__Blautia_sp._KLE_1732	k__Bacteria;p__Bacteroidetes;c__Bacteroidia;o__Bacteroidales;f__Bacteroidaceae;g__Bacteroides;s__Bacteroides_oleiciplenus	k__Bacteria;p__Firmicutes;c__Clostridia;o__Clostridiales;f__Ruminococcaceae;g__Ruminococcus;s__Ruminococcus_bicirculans	k__Bacteria;p__Bacteroidetes;c__Bacteroidia;o__Bacteroidales;f__Bacteroidaceae;g__Bacteroides;s__Bacteroides_fluxus	k__Bacteria;p__Bacteroidetes;c__Bacteroidia;o__Bacteroidales;f__Prevotellaceae;g__Prevotella;s__Prevotella_stercorea	k__Bacteria;p__Firmicutes;c__Clostridia;o__Clostridiales;f__Lachnospiraceae;g__Dorea;s__Dorea_longicatena	k__Bacteria;p__Firmicutes;c__Clostridia;o__Clostridiales;f__Eubacteriaceae;g__Eubacterium;s__[Eubacterium]_eligens	k__Bacteria;p__Firmicutes;c__Clostridia;o__Clostridiales;f__Ruminococcaceae;g__;s__Ruminococcaceae_bacterium_D16	k__Bacteria;p__Firmicutes;c__Clostridia;o__Clostridiales;f__Lachnospiraceae;g__Coprococcus;s__Coprococcus_comes	k__Bacteria;p__Proteobacteria;c__Gammaproteobacteria;o__Enterobacterales;f__Enterobacteriaceae;g__Escherichia;s__Escherichia_coli	k__Bacteria;p__Firmicutes;c__Clostridia;o__Clostridiales;f__Ruminococcaceae;g__Anaerotruncus;s__Anaerotruncus_colihominis	k__Bacteria;p__Firmicutes;c__Clostridia;o__Clostridiales;f__Lachnospiraceae;g__Blautia;s__Blautia_obeum	k__Bacteria;p__Bacteroidetes;c__Bacteroidia;o__Bacteroidales;f__Odoribacteraceae;g__Odoribacter;s__Odoribacter_laneus	k__Bacteria;p__Firmicutes;c__Clostridia;o__Clostridiales;f__Ruminococcaceae;g__Ruminiclostridium;s__[Clostridium]_leptum	k__Bacteria;p__Bacteroidetes;c__Bacteroidia;o__Bacteroidales;f__Porphyromonadaceae;g__Parabacteroides;s__Parabacteroides_goldsteinii	k__Bacteria;p__Firmicutes;c__Clostridia;o__Clostridiales;f__Lachnospiraceae;g__Anaerostipes;s__Anaerostipes_hadrus	k__Bacteria;p__Firmicutes;c__Clostridia;o__Clostridiales;f__Ruminococcaceae;g__Ruminococcus;s__Ruminococcus_lactaris	k__Bacteria;p__Firmicutes;c__Clostridia;o__Clostridiales;f__Clostridiaceae;g__Clostridium;s__Clostridium_sp._L2-50	k__Bacteria;p__Firmicutes;c__Clostridia;o__Clostridiales;f__Clostridiaceae;g__Clostridium;s__Clostridium_sp._M62/1	k__Bacteria;p__Firmicutes;c__Clostridia;o__Clostridiales;f__;g__Intestinimonas;s__Intestinimonas_butyriciproducens	k__Bacteria;p__Actinobacteria;c__Actinobacteria;o__Bifidobacteriales;f__Bifidobacteriaceae;g__Bifidobacterium;s__Bifidobacterium_bifidum	k__Bacteria;p__Firmicutes;c__Negativicutes;o__Veillonellales;f__Veillonellaceae;g__Dialister;s__Dialister_invisus	k__Bacteria;p__Bacteroidetes;c__Bacteroidia;o__Bacteroidales;f__Bacteroidaceae;g__Bacteroides;s__Bacteroides_salanitronis
k__Bacteria;p__Bacteroidetes;c__Bacteroidia;o__Bacteroidales;f__Bacteroidaceae;g__Bacteroides;s__Bacteroides_vulgatus	1.0	-0.020127202685	-0.0144086211333	-0.0302928625647	0.0177497652966	-0.0350627252653	0.0170334089684	0.0153452189383	-0.0235156357252	0.0277327855133	-0.000561749196922	-0.0228855251102	0.0027683444613	-0.0548698820819	-0.055496000691	-0.0399435250551	0.0246226283436	0.0151502728648	0.0298851970007	-0.0221734871785	-0.0249385257243	0.0135850165266	-0.00454634794148	-0.0423149025708	0.000491314138209	0.0312578425875	0.019825223336	-0.000776528208233	-0.0199631936849	-0.00217653389018	-0.0240268350155	0.0152863513814	0.0378082413422	-0.0457891978594	0.0461719507264	0.0212380495106	-0.0189181762311	0.0263211677947	0.066535786165	0.00139532550308	-0.00467340958557	-0.0980578881858	0.031862603058	-0.0171860362327	0.00435969524432	0.0172514499481	-0.0465082784673	0.00565617914532	0.0166325748523	-0.00229144083108	0.00605461896614	-0.0109593154498	-0.00789980618569	-0.0320811692279	-0.0132315043482	-0.0378729952574	-0.0249670663002	0.050849593014	-0.0821470497862
k__Bacteria;p__Bacteroidetes;c__Bacteroidia;o__Bacteroidales;f__Bacteroidaceae;g__Bacteroides;s__Bacteroides_uniformis	-0.020127202685	1.0	-0.0430273610582	-0.036324915359	0.0284138254277	-0.0354636017055	0.039586866943	-0.0292486588577	0.011893686594	0.0141448406408	-0.0445431335421	0.019248206531	0.00440010113368	-0.0135973282323	0.0567098350742	-0.00124748324328	0.03665569286	-0.0451083081149	-0.0416552202032	-0.0262496598241	0.00501065766594	-0.068833521228	0.0614619833845	-0.00986996355888	-0.0208083491815	0.00108356268073	-0.00182941010965	0.058788331543	-0.0713979401131	-0.0372139195467	0.0286973353928	-0.0169930622407	0.0245432401682	-0.0438681975708	0.0472689761792	-0.056691979688	0.00722235493823	0.000583754285737	0.0676270000229	0.0553730994257	-0.027545492381	-0.047971386859	-0.005861181696	-0.0617864463993	-0.0405382235436	0.0181181628589	0.000444515772924	0.00863209501671	0.04444841849	-0.000208856943935	0.00688796568405	0.0167795555336	-0.0209220264501	-0.024196944627	-0.00108191290438	0.023846554239	0.023548064658	0.00115071162366	0.0240645072119
k__Bacteria;p__Bacteroidetes;c__Bacteroidia;o__Bacteroidales;f__Rikenellaceae;g__Alistipes;s__Alistipes_putredinis	-0.0144086211333	-0.0430273610582	1.0	-0.000738577669294	0.0271204036004	-0.00755183556625	0.0257369382586	0.0128337760095	0.00998754106876	0.0289258780512	-0.0343312109067	-0.025262816746	-0.041812507428	0.0290935963714	-0.0366173924667	0.0344329741951	0.0497633237112	-0.0435727813027	-0.0304694067473	-0.112920940776	0.00615760648705	-0.00393370181044	-0.011431552052	-0.0441614206084	0.00218334080815	-0.0206680295166	-0.00977125373999	0.0208126734857	0.0392755493474	-0.0663711565836	0.00485758123976	-0.0424866608999	0.00249613539107	0.0454215424941	0.0367871729698	-0.0315897493877	0.0340798766173	-0.0198786229566	-0.0438734415427	-0.0484026940339	0.0299500842743	0.0581446134186	0.0215170316963	-0.0309799617376	-0.0123459781239	-0.0235896470179	-0.0277094417264	-0.00358570683717	0.0315810634857	-0.0445348178269	0.0625888919349	0.00588088219569	0.0400983940885	-0.00470344764119	0.0535730594068	-0.0933685869728	0.00716535526704	0.0400057496164	0.0767107136289
k__Bacteria;p__Bacteroidetes;c__Bacteroidia;o__Bacteroidales;f__Prevotellaceae;g__Prevotella;s__Prevotella_copri	-0.0302928625647	-0.036324915359	-0.000738577669294	1.0	-0.0296124779231	-0.0296106844403	-0.00738545639734	-0.0517716732498	-0.0761666832228	-0.0383562787993	0.0549738300436	-0.0332707160189	-0.0621845058171	-0.0166718535942	-0.0538888504555	0.0133764923352	0.0228113992375	-0.0128258071655	-0.0683145510573	-0.0447318005683	-0.0123571795929	-0.0111962711678	-0.0249915891822	0.03466446815	0.0216787272239	0.0381827287648	0.0628766515976	0.0192810691506	0.0710679514793	0.0210292552546	-0.0208360890573	0.0391832185391	0.010089173294	0.0239878092102	-0.0409406890388	-0.0164425556147	0.0160136225497	0.0154775351305	-0.0304023833181	0.0107134172537	0.0124355733152	-0.052774285894	0.0373784461247	0.046935724817	0.00923647254444	0.00211138876205	-0.00230900344254	0.0110089247482	0.00357063786135	-0.0223888973113	0.0626472870188	-0.0388133097868	-0.0104171348078	0.0118449871531	0.010599461739	-0.0458048663639	0.00783312711426	0.0212415964019	-0.0108266870684
k__Bacteria;p__Bacteroidetes;c__Bacteroidia;o__Bacteroidales;f__Bacteroidaceae;g__Bacteroides;s__Bacteroides_stercoris	0.0177497652966	0.0284138254277	0.0271204036004	-0.0296124779231	1.0	-0.0432418683672	-0.0393012938132	0.00534155056074	-0.0121126195351	0.0376168204624	0.0766118525313	-0.0532464298907	-0.0323979793221	0.0307223560848	-0.00115295750741	-0.10753374535	0.0402883674586	-0.0319656657553	-0.000131419916341	-0.0516043357841	-0.0459452907761	-0.0706033311445	-0.0587571356961	-0.0205164875075	0.0637057026748	-0.0795648091426	-0.00562722618057	0.0389438035809	-0.010427523017	-0.00299919727549	-0.00469010380456	-0.0249917058809	0.0304956136474	0.00475458620674	0.0322093301823	-0.0582668561394	-0.0182362719363	-0.0148252905131	-0.0208078968937	-0.0532425747907	0.0294209069386	0.00577385262119	-0.0324553297707	-0.0439287396372	0.0234150259671	-0.0515230930232	-0.0217484167286	-0.0406369380606	-0.0533576422047	0.0225672566236	0.00193575208645	-0.064970671195	0.0693838019943	0.0100264699422	-0.0141761865966	-0.00463115193842	0.0343637221677	0.0245218476983	-0.0248094118709
k__Bacteria;p__Bacteroidetes;c__Bacteroidia;o__Bacteroidales;f__Bacteroidaceae;g__Bacteroides;s__Bacteroides_ovatus	-0.0350627252653	-0.0354636017055	-0.00755183556625	-0.0296106844403	-0.0432418683672	1.0	-0.0937429797021	0.000724511390315	0.0246933233369	-0.0116696473345	-0.010418813391	0.013663622188	0.00207736329286	-0.0242502995755	-0.0188057874554	-0.0408776242263	-0.00258447453507	0.0304414433153	0.0297003123361	-0.0485087854829	-0.0102151720742	0.0247246486132	-0.029569403036	-0.0272659180116	0.0303968509305	-0.0208229202205	-0.0850157012344	0.0171542528502	0.041118935914	-0.00166897309018	-0.0137672791518	0.0141331047575	-0.0127094700926	-0.028922571159	0.0117296934754	0.0532990448359	-0.0340814962026	-0.0442322041018	0.027118890677	-0.0253110868901	-0.0342906364373	0.028758157734	-0.0458546947187	-0.0441657559573	0.0150402431376	-0.0054700063886	0.0452731092993	0.0720112383824	0.0344909850753	-0.0619762550901	-0.0314200078867	-0.0565748935359	0.0189754014172	0.018341565466	0.0348576700536	0.0159793523032	-0.0143301452224	0.084815368156	0.0177072248064
k__Bacteria;p__Bacteroidetes;c__Bacteroidia;o__Bacteroidales;f__Rikenellaceae;g__Alistipes;s__Alistipes_shahii	0.0170334089684	0.039586866943	0.0257369382586	-0.00738545639734	-0.0393012938132	-0.0937429797021	1.0	-0.0491097336886	0.0772093402503	-0.0287034668409	-0.00933574967434	0.0121054686042	0.0382165144813	-0.0400019304099	0.00852553214731	-0.0028256443284	0.0272755215931	-0.0387277691117	0.00495719484021	-0.0212933918576	-0.00991926627696	0.0136365841958	0.0174375106782	0.0518554768738	-0.0105187170016	-0.0638653415301	-0.0235495168588	-0.00717635623875	-0.0278766100703	0.0231410600598	0.00523676377143	-0.0203244371536	0.0250874964855	-0.0344389785991	0.00830923487958	-0.00444804110776	0.00646379716383	0.00670075756691	0.0512303562595	-0.0443589823622	-0.0190182807508	-0.0237154993914	-0.00515255535809	0.00958763328305	-0.0135276916354	-0.00326627467862	-0.038268289045	0.0391530941252	-0.0530034288876	0.0109733530456	-0.0324852276329	0.0448836313222	0.0234558906249	-0.0240812696508	-0.0199706048388	0.0153609233733	-0.00241783420689	-0.0406620350055	-0.0188699699121
k__Bacteria;p__Firmicutes;c__Clostridia;o__Clostridiales;f__Ruminococcaceae;g__Faecalibacterium;s__Faecalibacterium_prausnitzii	0.0153452189383	-0.0292486588577	0.0128337760095	-0.0517716732498	0.00534155056074	0.000724511390315	-0.0491097336886	1.0	-0.0680536318848	-0.0121901970463	-0.00600631318677	0.0272069758216	-0.00795068644495	-0.023360201105	-0.0216183174212	-0.0135147450959	0.0563712348893	-0.0700961942044	0.0160212368057	0.0151242285245	-0.0112927352115	-0.0132028102616	0.028100626116	0.0148769598672	-0.0142714822276	0.0331011992103	-0.0470488097166	0.047962245929	0.073564186045	-0.0273773128408	-0.0242770141532	-0.0447068223502	0.0114957573469	0.0304813555578	0.00257408175852	0.0254360808234	0.0152623154577	-0.0528576615291	0.0209337621808	-0.071817086386	-0.0390623413339	-0.0100903102464	-0.0483112122954	0.0303203679182	-0.0116724298233	-0.0393103330651	0.0769060422658	0.00239961603389	-0.0306300648044	-0.026548893611	-0.0552185022291	-0.0322509308996	-0.0172279983281	-0.00443853647261	0.034502344707	0.0960840950676	-0.0512126303533	-0.0294942927338	-0.0652919315572
k__Bacteria;p__Bacteroidetes;c__Bacteroidia;o__Bacteroidales;f__Rikenellaceae;g__Alistipes;s__Alistipes_finegoldii	-0.0235156357252	0.011893686594	0.00998754106876	-0.0761666832228	-0.0121126195351	0.0246933233369	0.0772093402503	-0.0680536318848	1.0	-0.0262553994715	0.00656326738675	-0.000196002317413	-0.0338870474521	-0.0167583359366	-0.00818909083898	-0.0167215366036	-0.0186997415669	0.00943473422545	0.00819360441567	0.00859013992698	-0.00308682411677	0.0318496850798	0.0410682742096	-0.0313632460106	-0.000894157675905	-0.0223610315549	0.0194397895854	-0.0287373714984	0.0106390893003	0.0128753422347	0.0214672543112	-0.0443542225434	0.0221097216755	-0.00487012071505	-0.0203704997922	-0.0184170770399	0.0393668001956	0.0278903605695	0.0147019012519	-0.0256851381219	-0.0229860368962	0.0515505928148	0.0200752468392	-0.0316769260066	-0.00568759566237	0.021266623382	-0.0451421559858	-0.0300134190541	0.010604970025	-0.077509420806	-0.0132132748765	0.0624354437098	0.00442974161629	-0.00794672487776	0.0520867846669	-0.0431434349772	0.0109302787337	0.0533658991538	0.0331662117295
k__Bacteria;p__Bacteroidetes;c__Bacteroidia;o__Bacteroidales;f__Porphyromonadaceae;g__Parabacteroides;s__Parabacteroides_distasonis	0.0277327855133	0.0141448406408	0.0289258780512	-0.0383562787993	0.0376168204624	-0.0116696473345	-0.0287034668409	-0.0121901970463	-0.0262553994715	1.0	-0.0394890369099	0.0351357197468	0.00469128550659	0.0421485832344	0.0387653322408	-0.0067121910293	0.0090331383283	0.0273069076617	-0.0373741075726	0.00117829228723	0.0200698444519	0.0277352467822	0.0159008933953	-0.0354240252347	0.0503198710224	-0.0240948230429	0.016259308675	0.00272483931707	-0.0400442393058	-0.0158226983441	-0.0022768385671	-0.0327540663941	-0.0230912351595	-0.0342530710461	-0.0407291169458	-0.0393592639068	0.0201505907214	-0.00313258343704	-0.0561591935182	-0.00608475383936	0.0127597022591	-0.0522652505692	-0.0229445972557	0.0161330113209	0.0387228156127	-0.000726380120978	0.0159778045318	-0.0605170276091	-0.00372142349581	-0.0302342839899	0.0031268384705	0.0113372379306	0.0397626662459	-0.0555853518377	-0.00831622366997	0.0392414374315	-0.019132138133	0.0542597902907	-0.0281464321555
k__Bacteria;p__Bacteroidetes;c__Bacteroidia;o__Bacteroidales;f__Bacteroidaceae;g__Bacteroides;s__Bacteroides_thetaiotaomicron	-0.000561749196922	-0.0445431335421	-0.0343312109067	0.0549738300436	0.0766118525313	-0.010418813391	-0.00933574967434	-0.00600631318677	0.00656326738675	-0.0394890369099	1.0	-0.0248490608691	-0.021915906901	-0.0307843469855	-0.0431764594453	0.00638856739058	-0.00617539083748	0.0129225599792	-0.0739189440808	4.93751952279e-05	0.0292929215353	-0.00469968274421	-0.0360636903577	0.0064363509043	0.0166687011976	-0.056884537716	0.0369710523371	-0.0344175164259	-0.041668472891	-0.0903106664686	-0.0983077539649	-0.0149362792226	0.0432282516764	0.0275000087266	0.0225203704624	-0.00174157035862	-0.0152547859977	-0.0377769471623	-0.032716626337	-0.0599189337891	0.0341761091906	-0.0876830553132	0.0291661871068	0.0137548912567	0.0536029320054	-0.0365255333573	-0.0136088919385	0.0362576864802	0.00200742782282	-0.0273410525234	0.000515402733724	0.0536422216268	-0.0460442306569	0.00136950960958	-0.0469537323307	0.0203157399363	-0.0342628951796	-0.0627128750972	0.0297333957007
k__Bacteria;p__Bacteroidetes;c__Bacteroidia;o__Bacteroidales;f__Bacteroidaceae;g__Bacteroides;s__Bacteroides_coprocola	-0.0228855251102	0.019248206531	-0.025262816746	-0.0332707160189	-0.0532464298907	0.013663622188	0.0121054686042	0.0272069758216	-0.000196002317413	0.0351357197468	-0.0248490608691	1.0	0.0280282824448	-0.0247365880275	-0.0440059400164	-0.0548469157781	-0.0573215536596	0.0014111671885	-0.0129751360813	0.0621753855385	-0.00692504748328	0.0428564638331	-0.00196454921375	0.00406841566575	-0.026006575007	0.028043854113	0.0421118452335	-0.030562270625	-0.0052063374473	-0.0170676217078	0.00546322519975	0.0173319834036	-0.041055234368	0.0171796247341	0.0567803761406	-0.00448774369269	-0.0623794049497	0.054946016227	0.0147973758819	-0.0494033288176	-0.0278093360973	0.0241366217984	-0.0330465864873	-0.0279800333008	0.0111482175447	0.0144350665041	-0.00134749396451	0.00406122900394	0.0139649203909	-0.0491394809619	-0.0166602780978	-0.000178796284896	-0.0212075601774	-0.0241837266203	0.0318664292628	0.00688950746722	-0.0779896172632	0.0027479921194	-0.00576586295231
k__Bacteria;p__Bacteroidetes;c__Bacteroidia;o__Bacteroidales;f__Bacteroidaceae;g__Bacteroides;s__Bacteroides_cellulosilyticus	0.0027683444613	0.00440010113368	-0.041812507428	-0.0621845058171	-0.0323979793221	0.00207736329286	0.0382165144813	-0.00795068644495	-0.0338870474521	0.00469128550659	-0.021915906901	0.0280282824448	1.0	0.0791803646749	-0.0313190636251	0.00686094479355	-0.0005526939483	-0.0291186671009	-0.00833271318773	-0.0193261953316	-0.0424903479962	-0.0227620503862	0.0190741121048	-0.0644794323716	0.00449888040234	-0.0335511876326	-0.0389992289878	0.013050698524	-0.00684643842555	-0.0407299860375	0.00531608927631	0.0251028637201	-0.022207077633	0.0075939084426	-0.00323493072273	-0.0184299673169	-0.0255278112072	0.00321931550457	-0.0293090752879	-0.017092584854	-0.0393804723011	-0.00288636305685	0.0149474446523	0.0320779273436	-0.0454429418484	0.0219571824556	-0.00883184939926	-0.019697621375	-0.0542415557907	-0.0167542410348	-0.00553714759661	-0.0396458320375	-0.0556830420781	0.00915596660081	0.0195956110287	-0.0298753506004	0.00278193465493	0.00288024935907	0.00117349660843
k__Bacteria;p__Bacteroidetes;c__Bacteroidia;o__Bacteroidales;f__Rikenellaceae;g__Alistipes;s__Alistipes_obesi	-0.0548698820819	-0.0135973282323	0.0290935963714	-0.0166718535942	0.0307223560848	-0.0242502995755	-0.0400019304099	-0.023360201105	-0.0167583359366	0.0421485832344	-0.0307843469855	-0.0247365880275	0.0791803646749	1.0	-0.0314160663984	-0.000636111787982	-0.00644702449044	0.00824563764862	0.0162068377029	-0.014849133084	-0.0461028986915	0.0405375264233	0.0584936857815	-0.0570478209849	-0.0372942248211	0.0295770662544	-0.0315865307856	0.0543527514823	0.00643654512902	-0.0288058863908	0.0357011484894	0.0256662380413	-0.0211200902492	0.0399953680461	0.0151521313533	-0.0560643032007	0.00149653760715	0.0320835588205	-0.0146613887528	-0.05010721382	0.0352400789015	-0.0377029485161	-0.0488595817922	0.00885024355137	0.0335923150543	-0.0770554700316	-0.0099490865261	-0.0416965177417	0.0144308159942	0.0504333833799	0.0307877997194	-0.0178549323342	0.0232572178855	0.00915064388252	0.0173525635142	-0.0129042815253	0.00413746480439	-0.0591618214778	-0.0134037443103
k__Bacteria;p__Firmicutes;c__Clostridia;o__Clostridiales;f__Lachnospiraceae;g__;s__[Eubacterium]_rectale	-0.055496000691	0.0567098350742	-0.0366173924667	-0.0538888504555	-0.00115295750741	-0.0188057874554	0.00852553214731	-0.0216183174212	-0.00818909083898	0.0387653322408	-0.0431764594453	-0.0440059400164	-0.0313190636251	-0.0314160663984	1.0	0.0259236771459	0.0532578650431	0.0449833885871	0.0655916176221	0.000904166941798	-0.0395784337739	-0.0737497040569	0.0337350851385	0.0043282914131	0.0246312061403	0.0653859370612	-0.00716570196918	0.00245107124957	-0.0729937982295	-0.0238518670899	-0.0584926756404	-0.0267524311901	0.00964001857318	-0.0125148179729	0.00192238135104	0.0436260091558	-0.0393774024328	-0.0318086337822	-0.0250579881518	-0.0136943463742	0.0561993975761	0.017894962005	0.0434114485428	0.00709826195001	-0.0331384549032	0.0199038569076	-0.0014110105043	0.00894531826657	-0.00758487080951	-0.0531920644529	0.0158768924381	-0.049311996633	-0.00610371704943	-0.00756035460555	-0.0104641828134	0.015915355061	-0.0529302927745	-0.0631375889463	-0.00412591955779
k__Bacteria;p__Bacteroidetes;c__Bacteroidia;o__Bacteroidales;f__Bacteroidaceae;g__Bacteroides;s__Bacteroides_plebeius	-0.0399435250551	-0.00124748324328	0.0344329741951	0.0133764923352	-0.10753374535	-0.0408776242263	-0.0028256443284	-0.0135147450959	-0.0167215366036	-0.0067121910293	0.00638856739058	-0.0548469157781	0.00686094479355	-0.000636111787982	0.0259236771459	1.0	-0.00420853706463	0.0087690618842	-0.0110242018839	-0.04591708306	0.00288172697627	-0.0136405588783	-0.0377692857861	-0.0372346405699	0.0644282210715	0.0233869775983	-0.0258126948418	-0.0228673054811	-0.0543165394287	-0.036039000876	-0.0415491491231	-0.000236059309976	-0.00752116420746	0.0796317461474	0.0232242925621	-0.0382128733136	0.0169725149271	0.0466345124633	0.0379297324171	-0.0355903955452	0.108011961267	0.0207968675971	-0.00760060861973	-0.0555164169006	-0.0547263109749	-0.0760990402727	0.0303540828478	0.0102349757714	-0.0186125655793	-0.0871281679506	0.0244811820238	0.0222509109893	0.0486109891322	0.010333033625	0.0105302565062	0.0071159086298	0.0225289317676	-0.00937020739742	-0.00873663994071
k__Bacteria;p__Bacteroidetes;c__Bacteroidia;o__Bacteroidales;f__Bacteroidaceae;g__Bacteroides;s__Bacteroides_fragilis	0.0246226283436	0.03665569286	0.0497633237112	0.0228113992375	0.0402883674586	-0.00258447453507	0.0272755215931	0.0563712348893	-0.0186997415669	0.0090331383283	-0.00617539083748	-0.0573215536596	-0.0005526939483	-0.00644702449044	0.0532578650431	-0.00420853706463	1.0	0.00848908717213	0.00964031685085	0.00672237758469	0.0170676340066	0.00238562249041	-0.0152017088194	0.0282080049065	-0.0384105637945	-0.0143493125073	-0.0166581084668	-0.0823450253198	-0.000471280693726	0.00665019428395	0.0214530675707	-0.0531791992128	0.0212964126001	-0.050827666479	-0.0541054831272	-0.0126904656973	-0.0553156313063	-0.0315277341173	0.0490506749126	0.0301529419167	-0.0169124867098	-0.00278091463482	0.00228915692603	0.0360172504049	0.0035072385713	-0.035973283459	0.0591433883491	0.0544218661433	-0.0318079801803	-0.0233267956206	-0.0569905963332	-0.042815096702	0.00509101361904	-0.0643719818026	-0.0422012400691	0.0409082968912	-0.0532033485674	-0.102148285789	-0.0260728827165
k__Bacteria;p__Proteobacteria;c__Betaproteobacteria;o__Burkholderiales;f__Sutterellaceae;g__Sutterella;s__Sutterella_wadsworthensis	0.0151502728648	-0.0451083081149	-0.0435727813027	-0.0128258071655	-0.0319656657553	0.0304414433153	-0.0387277691117	-0.0700961942044	0.00943473422545	0.0273069076617	0.0129225599792	0.0014111671885	-0.0291186671009	0.00824563764862	0.0449833885871	0.0087690618842	0.00848908717213	1.0	-0.0123087470799	-0.0186705220264	-0.00191135753284	0.0377358699384	-0.0632284307931	0.00910108763843	-0.0126638628147	0.0163480003034	-0.0244002594367	0.00881564806437	-0.0100756433559	-0.018496499331	0.00176356184246	-0.0020449674396	-0.0131985794482	-0.0302436330782	0.0229890033575	0.0352642581386	0.0126114552239	-0.0307374848313	-0.0117051910053	0.0171539683272	-0.0109435144999	0.0106853304416	-0.0441686590778	-0.0194793778608	0.0217931591184	-0.0488701172762	-0.0534876660401	-0.00347751433247	-0.0154291730914	-0.0276317998151	0.00950747827214	-0.0126746347976	0.035817953482	0.0151516933916	0.00386875199173	-0.0335245082434	0.0405596788174	0.0397253796857	0.0400038142517
k__Bacteria;p__Bacteroidetes;c__Bacteroidia;o__Bacteroidales;f__Porphyromonadaceae;g__Barnesiella;s__Barnesiella_intestinihominis	0.0298851970007	-0.0416552202032	-0.0304694067473	-0.0683145510573	-0.000131419916341	0.0297003123361	0.00495719484021	0.0160212368057	0.00819360441567	-0.0373741075726	-0.0739189440808	-0.0129751360813	-0.00833271318773	0.0162068377029	0.0655916176221	-0.0110242018839	0.00964031685085	-0.0123087470799	1.0	-0.0666421688934	0.00678219786857	0.0149427517905	-0.0167888025916	-0.023237778536	-0.0214219330166	0.00145013394263	0.018315888831	0.00395812822603	-0.0107800117172	-0.0589475310378	-0.050620483511	-0.0257113982337	-0.00043759111027	-0.00937744067873	-0.0734938450003	-0.00318620059973	0.0316491335657	0.0268024169671	0.00432824961778	0.0157409670332	0.0255783371588	-0.0246752464137	-0.00391006074965	-0.0505639907276	-0.0140969401511	0.0223721457372	-0.0217246034398	0.0380878414497	0.0361452631171	-0.0219108625929	0.000389731987392	-0.029675516	-0.000809528242004	0.0511810247476	0.0307777529924	0.0786885649023	0.000652978997377	-0.0480449979922	-0.0187401333047
k__Bacteria;p__Bacteroidetes;c__Bacteroidia;o__Bacteroidales;f__Odoribacteraceae;g__Odoribacter;s__Odoribacter_splanchnicus	-0.0221734871785	-0.0262496598241	-0.112920940776	-0.0447318005683	-0.0516043357841	-0.0485087854829	-0.0212933918576	0.0151242285245	0.00859013992698	0.00117829228723	4.93751952278e-05	0.0621753855385	-0.0193261953316	-0.014849133084	0.000904166941798	-0.04591708306	0.00672237758469	-0.0186705220264	-0.0666421688934	1.0	0.0441254431624	0.0586468275892	-0.0286075749419	0.0491717699816	0.0202521862266	0.0105204430696	0.00335859865529	-0.0108973340809	0.000708702535621	-0.021390847684	-0.03206999725	-0.0199363453544	-0.0419869835148	-0.0598026665565	0.0694429776082	0.0489489004849	0.0264219324707	-0.00359199141008	-0.0887530368042	0.0333537880383	-0.0655770928406	-0.00361561060203	-0.0159735896245	-0.0166256486339	-0.00405150355369	0.0261688773639	-0.00164857370115	-0.0199256900474	0.000216919163145	0.069218357656	-0.0694280406928	0.026686403597	-0.0357010041398	0.0692503560092	0.0213839944979	-0.0391858575865	-0.0399669259426	-0.0508377374519	0.0467075132712
k__Bacteria;p__Bacteroidetes;c__Bacteroidia;o__Bacteroidales;f__Bacteroidaceae;g__Bacteroides;s__Bacteroides_salyersiae	-0.0249385257243	0.00501065766594	0.00615760648705	-0.0123571795929	-0.0459452907761	-0.0102151720742	-0.00991926627696	-0.0112927352115	-0.00308682411677	0.0200698444519	0.0292929215353	-0.00692504748328	-0.0424903479962	-0.0461028986915	-0.0395784337739	0.00288172697627	0.0170676340066	-0.00191135753284	0.00678219786857	0.0441254431624	1.0	0.0216383416679	-0.0273130939776	-0.0103272724562	0.0593157132246	-0.0323831931895	0.0405153606096	-0.0674325824185	0.00909322163055	0.00550300102724	0.0199023247192	-0.00618239808344	-0.00407586819466	-0.0178911180094	-0.0258741374607	0.0518199482154	-0.00541410430604	-0.0167533844559	-0.0508646991395	-0.0364759595697	-0.00911198954041	-0.0272482107935	0.0117116474922	-0.0231395364336	-0.0462104014696	0.0094794991248	0.0151878166192	-0.0261583580784	-0.0118138218827	0.00132254979549	0.0193325610346	0.0198183355902	-0.00737780733403	-0.016740555362	-0.0229830541746	-0.0413174691695	-0.0952699728857	-0.00714154744937	-0.00311598458229
k__Bacteria;p__Firmicutes;c__Clostridia;o__Clostridiales;f__Ruminococcaceae;g__Ruminiclostridium;s__[Eubacterium]_siraeum	0.0135850165266	-0.068833521228	-0.00393370181044	-0.0111962711678	-0.0706033311445	0.0247246486132	0.0136365841958	-0.0132028102616	0.0318496850798	0.0277352467822	-0.00469968274421	0.0428564638331	-0.0227620503862	0.0405375264233	-0.0737497040569	-0.0136405588783	0.00238562249041	0.0377358699384	0.0149427517905	0.0586468275892	0.0216383416679	1.0	0.0157714390539	-0.0280011675833	-0.0514945528866	0.00428499867224	-0.0321391877011	0.0291741964949	-0.0165238278643	-0.0251933949991	-0.00268358782827	-0.0202978611766	-0.0342713685627	-0.082384970483	-0.0144364368895	0.0582186091139	0.000461864749858	0.0478971621881	0.00922706619553	-0.0123000962922	-0.0386006722171	0.0776309592457	-0.00545473275449	0.0450320573461	0.00330640097074	-0.00249200802956	-0.0840006086673	0.0177730247796	-0.000434504611815	-0.0623882967843	-0.0130667968821	-0.0585751157469	-0.0199634106503	-0.0558897269794	-0.0061074339934	0.0512658844888	0.00405458458232	0.0244739932627	-0.0195818946654
k__Bacteria;p__Proteobacteria;c__Betaproteobacteria;o__Burkholderiales;f__Sutterellaceae;g__Parasutterella;s__Parasutterella_excrementihominis	-0.00454634794148	0.0614619833845	-0.011431552052	-0.0249915891822	-0.0587571356961	-0.029569403036	0.0174375106782	0.028100626116	0.0410682742096	0.0159008933953	-0.0360636903577	-0.00196454921375	0.0190741121048	0.0584936857815	0.0337350851385	-0.0377692857861	-0.0152017088194	-0.0632284307931	-0.0167888025916	-0.0286075749419	-0.0273130939776	0.0157714390539	1.0	-0.0418665018377	-0.00664518356103	0.00732431050899	-0.0641757537217	0.0463911483494	-0.0144422766525	0.0145306167374	0.0484656448511	-0.00128385190666	0.0334296528171	-0.0124428653386	0.00228710473854	-0.0501043210437	-0.0168631628551	0.00818325963107	0.00938011859549	0.00261210936418	0.00689732055094	0.00745013645685	0.0516564781386	-0.0126013145073	-0.0134641565587	-0.0469102894276	-0.0463586400512	0.00903063338083	-0.00347664439033	0.00782228490903	-0.0315657991821	0.0116615721725	0.00210037935217	0.0199844003493	-0.040184891577	0.0214151990973	-0.0497844753156	-0.0455336558301	-0.0248341194379
k__Bacteria;p__Actinobacteria;c__Actinobacteria;o__Bifidobacteriales;f__Bifidobacteriaceae;g__Bifidobacterium;s__Bifidobacterium_adolescentis	-0.0423149025708	-0.00986996355888	-0.0441614206084	0.03466446815	-0.0205164875075	-0.0272659180116	0.0518554768738	0.0148769598672	-0.0313632460106	-0.0354240252347	0.0064363509043	0.00406841566575	-0.0644794323716	-0.0570478209849	0.0043282914131	-0.0372346405699	0.0282080049065	0.00910108763843	-0.023237778536	0.0491717699816	-0.0103272724562	-0.0280011675833	-0.0418665018377	1.0	-0.0306891717415	-0.0199960291315	-0.000294353966318	-0.078549658951	0.02003813531	0.0211805071362	0.0384434157643	-0.0423495111437	0.0170146966125	0.0233402547061	0.0105217528544	0.0242918565418	0.00314896459128	0.0223704197983	0.0328138844464	0.00180713627901	0.000567902421674	0.0153992648537	-0.034907569333	0.0195660211437	0.0315649903163	0.0630688997222	-0.0288539783273	-0.0219208251353	-0.0120099913377	0.00238523094831	0.0370932798841	-0.0316786160227	-0.00430611145987	0.0523575770659	-0.0107738790327	0.0479453837771	-0.00127486734505	-0.0455283054207	0.0051439743726
k__Bacteria;p__Firmicutes;c__Clostridia;o__Clostridiales;f__Oscillospiraceae;g__Oscillibacter;s__Oscillibacter_sp._KLE_1745	0.000491314138209	-0.0208083491815	0.00218334080815	0.0216787272239	0.0637057026748	0.0303968509305	-0.0105187170016	-0.0142714822276	-0.000894157675905	0.0503198710224	0.0166687011976	-0.026006575007	0.00449888040234	-0.0372942248211	0.0246312061403	0.0644282210715	-0.0384105637945	-0.0126638628147	-0.0214219330166	0.0202521862266	0.0593157132246	-0.0514945528866	-0.00664518356103	-0.0306891717415	1.0	-0.0594358418055	0.0388093933422	0.0259557232006	-0.0278582074607	0.0066366596836	-0.021859523453	0.00359877233662	-0.0143284236387	0.0126904144518	-0.00674942777437	-0.0338480313056	0.0205561924434	-0.0323345809071	-0.00469261406938	0.0168020444708	0.00978178873411	0.0145931255097	-0.0134766061239	-0.0141728671821	-0.0174898034358	-0.00468347281075	-0.0456054803438	-0.0156624945698	0.0421636635809	0.0445727544111	0.039731684597	-0.0241239023189	-0.0219405675274	-0.0188671564171	-0.0106515322521	0.000180856767451	0.00143570070991	-0.0234377876483	-0.00411792561967
k__Bacteria;p__Bacteroidetes;c__Bacteroidia;o__Bacteroidales;f__Bacteroidaceae;g__Bacteroides;s__Bacteroides_coprophilus	0.0312578425875	0.00108356268073	-0.0206680295166	0.0381827287648	-0.0795648091426	-0.0208229202205	-0.0638653415301	0.0331011992103	-0.0223610315549	-0.0240948230429	-0.056884537716	0.028043854113	-0.0335511876326	0.0295770662544	0.0653859370612	0.0233869775983	-0.0143493125073	0.0163480003034	0.00145013394263	0.0105204430696	-0.0323831931895	0.00428499867224	0.00732431050899	-0.0199960291315	-0.0594358418055	1.0	0.000905171783869	-0.0121382155485	0.0056222098452	0.0118513421219	-0.0339086361185	-0.0159717112886	-0.00920409367333	0.00822707836241	0.0180159952536	0.0147283978608	-0.0184993510967	0.0201852501144	-0.00165856653799	0.0224869894166	0.0201638111273	-0.00125604957992	0.0350982443786	0.0368537057966	-0.036866718542	-0.0590219670252	-0.000902656620042	-0.0595580568973	0.00774683663658	0.0187066072136	0.0087048983649	-0.0392141139735	0.00392392199411	-0.0213010557771	-0.0334458648269	0.0369899492065	-0.078354393441	-0.0643396517992	0.00687418610608
k__Bacteria;p__Firmicutes;c__Clostridia;o__Clostridiales;f__Lachnospiraceae;g__Roseburia;s__Roseburia_intestinalis	0.019825223336	-0.00182941010965	-0.00977125373999	0.0628766515976	-0.00562722618057	-0.0850157012344	-0.0235495168588	-0.0470488097166	0.0194397895854	0.016259308675	0.0369710523371	0.0421118452335	-0.0389992289878	-0.0315865307856	-0.00716570196918	-0.0258126948418	-0.0166581084668	-0.0244002594367	0.018315888831	0.00335859865529	0.0405153606096	-0.0321391877011	-0.0641757537217	-0.000294353966318	0.0388093933422	0.000905171783869	1.0	0.0461251555207	0.0320605201815	0.00273024758013	0.00196828904357	-0.00512709604632	-0.0147168208391	0.0342959693356	-0.0878229074725	-0.0137623672348	-0.00234243674481	-0.0181640319906	-0.00550922009694	-0.0334305790222	-0.0219197218188	-0.0393013684685	0.0193293249008	-0.0258824885406	-0.0368386719953	0.0282340988013	-0.0611307449733	-0.0267633250126	-0.00682507890151	-0.0287424247099	-0.0270572229357	-0.0211673529207	0.00974522406226	0.0164972895124	0.0741426811633	-0.0652208165431	-0.035167291752	-0.0176777853636	0.00479425127517
k__Bacteria;p__Firmicutes;c__Clostridia;o__Clostridiales;f__Lachnospiraceae;g__Roseburia;s__Roseburia_hominis	-0.000776528208233	0.058788331543	0.0208126734857	0.0192810691506	0.0389438035809	0.0171542528502	-0.00717635623875	0.047962245929	-0.0287373714984	0.00272483931707	-0.0344175164259	-0.030562270625	0.013050698524	0.0543527514823	0.00245107124957	-0.0228673054811	-0.0823450253198	0.00881564806437	0.00395812822603	-0.0108973340809	-0.0674325824185	0.0291741964949	0.0463911483494	-0.078549658951	0.0259557232006	-0.0121382155485	0.0461251555207	1.0	-0.0483936019769	-0.0296244705742	0.0168514491546	-0.0136424662984	-0.0255513645584	-0.00313623264226	-0.00120084858969	-0.055679928438	-0.0184370729434	-0.0046789406598	-0.0169503688572	-0.0196755306421	-0.0506748290131	-0.0520725760257	0.0243048244673	0.0125580622606	0.0185355735986	0.0434108200446	-0.0190830264919	-0.0119418907076	-0.0121646604603	-0.0230204414504	-0.0221196383312	-0.00235383014923	-0.0247078530866	0.0386243011297	-0.0231391393671	0.00102524665997	0.0416113631127	0.0350358794796	0.0469405817082
k__Bacteria;p__Bacteroidetes;c__Bacteroidia;o__Bacteroidales;f__Porphyromonadaceae;g__Parabacteroides;s__Parabacteroides_johnsonii	-0.0199631936849	-0.0713979401131	0.0392755493474	0.0710679514793	-0.010427523017	0.041118935914	-0.0278766100703	0.073564186045	0.0106390893003	-0.0400442393058	-0.041668472891	-0.0052063374473	-0.00684643842555	0.00643654512902	-0.0729937982295	-0.0543165394287	-0.000471280693726	-0.0100756433559	-0.0107800117172	0.000708702535621	0.00909322163055	-0.0165238278643	-0.0144422766525	0.02003813531	-0.0278582074607	0.0056222098452	0.0320605201815	-0.0483936019769	1.0	0.0183413941765	0.0023168819791	0.0606104066926	-0.0140451436626	0.0108173570443	-0.00695529312231	-0.0289179249116	-0.000646321130666	0.0174799335292	0.00339269722624	-0.0320546160439	0.00479055251095	-0.00836667367336	0.014471633318	-0.0195313296472	0.0143814902735	-0.0323631059524	-0.0159270865	-0.0586585549685	0.0105938269116	-0.0275635783318	-0.0291994463847	0.0526009804354	-0.0555963715331	0.00117907234776	0.0501968544706	0.0202819080951	0.00823914658217	-0.00433208606724	0.0133879035894
k__Bacteria;p__Actinobacteria;c__Actinobacteria;o__Bifidobacteriales;f__Bifidobacteriaceae;g__Bifidobacterium;s__Bifidobacterium_longum	-0.00217653389018	-0.0372139195467	-0.0663711565836	0.0210292552546	-0.00299919727549	-0.00166897309018	0.0231410600598	-0.0273773128408	0.0128753422347	-0.0158226983441	-0.0903106664686	-0.0170676217078	-0.0407299860375	-0.0288058863908	-0.0238518670899	-0.036039000876	0.00665019428395	-0.018496499331	-0.0589475310378	-0.021390847684	0.00550300102724	-0.0251933949991	0.0145306167374	0.0211805071362	0.0066366596836	0.0118513421219	0.00273024758013	-0.0296244705742	0.0183413941765	1.0	0.00722420823668	0.0067396167891	-0.00682469627432	0.0423613193639	-0.0218659593524	0.00202402054961	-0.0660216027106	-0.018031579711	-0.0183051745502	-0.0196353802684	0.0382624599009	0.00826191534549	0.0169405654498	0.033811042048	-0.0137335628738	0.04661177294	-0.0308877354961	0.0173886949984	-0.0421053154996	-0.018272752281	0.00469981883953	0.0165602464866	-0.0108456830562	0.011081288167	-0.00180022088243	-0.0438050705993	0.0227399717337	-0.0508838286844	-0.00528332875141
