#taxonomy	k__Bacteria;p__Bacteroidetes;c__Bacteroidia;o__Bacteroidales;f__Bacteroidaceae;g__Bacteroides;s__Bacteroides_vulgatus	k__Bacteria;p__Bacteroidetes;c__Bacteroidia;o__Bacteroidales;f__Bacteroidaceae;g__Bacteroides;s__Bacteroides_uniformis	k__Bacteria;p__Bacteroidetes;c__Bacteroidia;o__Bacteroidales;f__Rikenellaceae;g__Alistipes;s__Alistipes_putredinis	k__Bacteria;p__Bacteroidetes;c__Bacteroidia;o__Bacteroidales;f__Prevotellaceae;g__Prevotella;s__Prevotella_copri	k__Bacteria;p__Bacteroidetes;c__Bacteroidia;o__Bacteroidales;f__Bacteroidaceae;g__Bacteroides;s__Bacteroides_stercoris	k__Bacteria;p__Bacteroidetes;c__Bacteroidia;o__Bacteroidales;f__Bacteroidaceae;g__Bacteroides;s__Bacteroides_ovatus	k__Bacteria;p__Bacteroidetes;c__Bacteroidia;o__Bacteroidales;f__Rikenellaceae;g__Alistipes;s__Alistipes_shahii	k__Bacteria;p__Firmicutes;c__Clostridia;o__Clostridiales;f__Ruminococcaceae;g__Faecalibacterium;s__Faecalibacterium_prausnitzii	k__Bacteria;p__Bacteroidetes;c__Bacteroidia;o__Bacteroidales;f__Rikenellaceae;g__Alistipes;s__Alistipes_finegoldii	k__Bacteria;p__Bacteroidetes;c__Bacteroidia;o__Bacteroidales;f__Porphyromonadaceae;g__Parabacteroides;s__Parabacteroides_distasonis	k__Bacteria;p__Bacteroidetes;c__Bacteroidia;o__Bacteroidales;f__Bacteroidaceae;g__Bacteroides;s__Bacteroides_thetaiotaomicron	k__Bacteria;p__Bacteroidetes;c__Bacteroidia;o__Bacteroidales;f__Bacteroidaceae;g__Bacteroides;s__Bacteroides_coprocola	k__Bacteria;p__Bacteroidetes;c__Bacteroidia;o__Bacteroidales;f__Bacteroidaceae;g__Bacteroides;s__Bacteroides_cellulosilyticus	k__Bacteria;p__Bacteroidetes;c__Bacteroidia;o__Bacteroidales;f__Rikenellaceae;g__Alistipes;s__Alistipes_obesi	k__Bacteria;p__Firmicutes;c__Clostridia;o__Clostridiales;f__Lachnospiraceae;g__;s__[Eubacterium]_rectale	k__Bacteria;p__Bacteroidetes;c__Bacteroidia;o__Bacteroidales;f__Bacteroidaceae;g__Bacteroides;s__Bacteroides_plebeius	k__Bacteria;p__Bacteroidetes;c__Bacteroidia;o__Bacteroidales;f__Bacteroidaceae;g__Bacteroides;s__Bacteroides_fragilis	k__Bacteria;p__Proteobacteria;c__Betaproteobacteria;o__Burkholderiales;f__Sutterellaceae;g__Sutterella;s__Sutterella_wadsworthensis	k__Bacteria;p__Bacteroidetes;c__Bacteroidia;o__Bacteroidales;f__Porphyromonadaceae;g__Barnesiella;s__Barnesiella_intestinihominis	k__Bacteria;p__Bacteroidetes;c__Bacteroidia;o__Bacteroidales;f__Odoribacteraceae;g__Odoribacter;s__Odoribacter_splanchnicus	k__Bacteria;p__Bacteroidetes;c__Bacteroidia;o__Bacteroidales;f__Bacteroidaceae;g__Bacteroides;s__Bacteroides_salyersiae	k__Bacteria;p__Firmicutes;c__Clostridia;o__Clostridiales;f__Ruminococcaceae;g__Ruminiclostridium;s__[Eubacterium]_siraeum	k__Bacteria;p__Proteobacteria;c__Betaproteobacteria;o__Burkholderiales;f__Sutterellaceae;g__Parasutterella;s__Parasutterella_excrementihominis	k__Bacteria;p__Actinobacteria;c__Actinobacteria;o__Bifidobacteriales;f__Bifidobacteriaceae;g__Bifidobacterium;s__Bifidobacterium_adolescentis	k__Bacteria;p__Firmicutes;c__Clostridia;o__Clostridiales;f__Oscillospiraceae;g__Oscillibacter;s__Oscillibacter_sp._KLE_1745	k__Bacteria;p__Bacteroidetes;c__Bacteroidia;o__Bacteroidales;f__Bacteroidaceae;g__Bacteroides;s__Bacteroides_coprophilus	k__Bacteria;p__Firmicutes;c__Clostridia;o__Clostridiales;f__Lachnospiraceae;g__Roseburia;s__Roseburia_intestinalis	k__Bacteria;p__Firmicutes;c__Clostridia;o__Clostridiales;f__Lachnospiraceae;g__Roseburia;s__Roseburia_hominis	k__Bacteria;p__Bacteroidetes;c__Bacteroidia;o__Bacteroidales;f__Porphyromonadaceae;g__Parabacteroides;s__Parabacteroides_johnsonii	k__Bacteria;p__Actinobacteria;c__Actinobacteria;o__Bifidobacteriales;f__Bifidobacteriaceae;g__Bifidobacterium;s__Bifidobacterium_longum	k__Bacteria;p__Firmicutes;c__Clostridia;o__Clostridiales;f__;g__Flavonifractor;s__Flavonifractor_plautii	k__Bacteria;p__Firmicutes;c__Clostridia;o__Clostridiales;f__Clostridiaceae;g__Clostridium;s__Clostridium_phoceensis	k__Bacteria;p__Verrucomicrobia;c__Verrucomicrobiae;o__Verrucomicrobiales;f__Akkermansiaceae;g__Akkermansia;s__Akkermansia_muciniphila	k__Bacteria;p__Bacteroidetes;c__Bacteroidia;o__Bacteroidales;f__Prevotellaceae;g__Paraprevotella;s__Paraprevotella_xylaniphila	k__Bacteria;p__Firmicutes;c__Clostridia;o__Clostridiales;f__Ruminococcaceae;g__Ruminococcus;s__Ruminococcus_callidus	k__Bacteria;p__Bacteroidetes;c__Bacteroidia;o__Bacteroidales;f__Rikenellaceae;g__Alistipes;s__Alistipes_senegalensis	k__Bacteria;p__Firmicutes;c__Clostridia;o__Clostridiales;f__Lachnospiraceae;g__Blautia;s__Blautia_sp._KLE_1732	k__Bacteria;p__Bacteroidetes;c__Bacteroidia;o__Bacteroidales;f__Bacteroidaceae;g__Bacteroides;s__Bacteroides_oleiciplenus	k__Bacteria;p__Firmicutes;c__Clostridia;o__Clostridiales;f__Ruminococcaceae;g__Ruminococcus;s__Ruminococcus_bicirculans	k__Bacteria;p__Bacteroidetes;c__Bacteroidia;o__Bacteroidales;f__Bacteroidaceae;g__Bacteroides;s__Bacteroides_fluxus	k__Bacteria;p__Bacteroidetes;c__Bacteroidia;o__Bacteroidales;f__Prevotellaceae;g__Prevotella;s__Prevotella_stercorea	k__Bacteria;p__Firmicutes;c__Clostridia;o__Clostridiales;f__Lachnospiraceae;g__Dorea;s__Dorea_longicatena	k__Bacteria;p__Firmicutes;c__Clostridia;o__Clostridiales;f__Eubacteriaceae;g__Eubacterium;s__[Eubacterium]_eligens	k__Bacteria;p__Firmicutes;c__Clostridia;o__Clostridiales;f__Ruminococcaceae;g__;s__Ruminococcaceae_bacterium_D16	k__Bacteria;p__Firmicutes;c__Clostridia;o__Clostridiales;f__Lachnospiraceae;g__Coprococcus;s__Coprococcus_comes	k__Bacteria;p__Proteobacteria;c__Gammaproteobacteria;o__Enterobacterales;f__Enterobacteriaceae;g__Escherichia;s__Escherichia_coli	k__Bacteria;p__Firmicutes;c__Clostridia;o__Clostridiales;f__Ruminococcaceae;g__Anaerotruncus;s__Anaerotruncus_colihominis	k__Bacteria;p__Firmicutes;c__Clostridia;o__Clostridiales;f__Lachnospiraceae;g__Blautia;s__Blautia_obeum	k__Bacteria;p__Bacteroidetes;c__Bacteroidia;o__Bacteroidales;f__Odoribacteraceae;g__Odoribacter;s__Odoribacter_laneus	k__Bacteria;p__Firmicutes;c__Clostridia;o__Clostridiales;f__Ruminococcaceae;g__Ruminiclostridium;s__[Clostridium]_leptum	k__Bacteria;p__Bacteroidetes;c__Bacteroidia;o__Bacteroidales;f__Porphyromonadaceae;g__Parabacteroides;s__Parabacteroides_goldsteinii	k__Bacteria;p__Firmicutes;c__Clostridia;o__Clostridiales;f__Lachnospiraceae;g__Anaerostipes;s__Anaerostipes_hadrus	k__Bacteria;p__Firmicutes;c__Clostridia;o__Clostridiales;f__Ruminococcaceae;g__Ruminococcus;s__Ruminococcus_lactaris	k__Bacteria;p__Firmicutes;c__Clostridia;o__Clostridiales;f__Clostridiaceae;g__Clostridium;s__Clostridium_sp._L2-50	k__Bacteria;p__Firmicutes;c__Clostridia;o__Clostridiales;f__Clostridiaceae;g__Clostridium;s__Clostridium_sp._M62/1	k__Bacteria;p__Firmicutes;c__Clostridia;o__Clostridiales;f__;g__Intestinimonas;s__Intestinimonas_butyriciproducens	k__Bacteria;p__Actinobacteria;c__Actinobacteria;o__Bifidobacteriales;f__Bifidobacteriaceae;g__Bifidobacterium;s__Bifidobacterium_bifidum	k__Bacteria;p__Firmicutes;c__Negativicutes;o__Veillonellales;f__Veillonellaceae;g__Dialister;s__Dialister_invisus	k__Bacteria;p__Bacteroidetes;c__Bacteroidia;o__Bacteroidales;f__Bacteroidaceae;g__Bacteroides;s__Bacteroides_salanitronis
k__Bacteria;p__Bacteroidetes;c__Bacteroidia;o__Bacteroidales;f__Bacteroidaceae;g__Bacteroides;s__Bacteroides_vulgatus	1.0	0.0291669248624	-0.0177188760356	0.0011592421051	0.0107387179125	-0.0297970226319	0.00981385297434	-0.00271516012305	-0.00937806460954	0.0119802862589	-0.0293978044548	0.0160259508518	-0.021863303149	-0.0691739146046	-0.0239248771212	0.0160569236814	0.00430610620254	0.0024783479957	0.0204665884829	-0.0166185254275	-0.028335250912	0.00143623694283	-0.0255786068501	0.0237181973545	0.038518397557	-0.0638941660596	-0.0211708285487	-0.0100876754287	0.0270684318014	0.0143587863306	-0.00365736229348	0.0285649343961	-0.0253182813742	-0.012613055436	0.0672888025339	-0.0380174114065	-0.0225680514954	-0.00367015033174	-0.047294486965	0.0442763698857	-0.0197099173417	0.00424980936713	0.0355341777259	0.00615113073913	-0.0566709886416	-0.0137715691772	-0.0366206772409	0.0275344103956	-0.00040882807997	-0.0668801580943	-0.0423942623741	-0.0531677018958	0.00368482619144	-0.0159922123644	0.020925699358	0.00546933903131	0.0983849777927	0.0171128226276	-0.0107641230071
k__Bacteria;p__Bacteroidetes;c__Bacteroidia;o__Bacteroidales;f__Bacteroidaceae;g__Bacteroides;s__Bacteroides_uniformis	0.0291669248624	1.0	0.0343676934868	-0.000412301910205	-0.0202580322205	-0.0376534931212	-0.0577084749051	-0.0113155934684	-0.00848370974704	-0.0103005191864	-0.0190271907482	0.0463567186427	0.0414879275105	-0.0291698605575	0.0209484262855	0.037512117821	-0.0421093580862	0.0248462544882	-0.0596268088684	-0.00221415425165	-0.00929901275153	-0.002789263258	0.0059940032166	0.0316618956473	-0.0263513838059	0.0112774233299	-0.0400807577621	-0.0203642316959	-0.0133402275508	-0.0354540808091	-0.0353238089395	0.0281877016714	-0.0351696138332	0.0207076120219	3.95975468288e-05	0.0238884401204	0.0131905345708	-0.0540037759205	0.0113189895864	-0.0280752388943	0.00265219221447	0.00437340323484	-0.0353254000803	-0.0749835783366	0.0148905014775	-0.0106158912412	-0.00178064136127	0.0136390251635	0.00679630430615	0.00995982314358	-0.0612749319083	-0.043830493228	0.0524433677456	0.0358476381646	-0.00902548457463	-0.00490893229609	-0.0366162680075	-0.025915174877	0.0200178965331
k__Bacteria;p__Bacteroidetes;c__Bacteroidia;o__Bacteroidales;f__Rikenellaceae;g__Alistipes;s__Alistipes_putredinis	-0.0177188760356	0.0343676934868	1.0	0.0172439250311	0.0503752789476	-0.0250522772645	0.0220126408408	0.0238477891673	-0.057174570951	-0.0102834690818	0.03288448044	-0.036534957102	-0.0353370814176	-0.00295068217554	0.0537331213419	-0.00912441794596	0.067743910359	-0.0251588057918	-0.0200768918536	-0.00327024687631	-0.0177178529133	0.0196881072831	-0.0398333950723	0.099249735191	0.00365231891148	-0.0601028544675	0.0244211190506	0.00590237130793	-0.0397540501865	-0.0104376460406	0.00654097532667	-0.0218831274303	0.00904716722361	0.0232046509184	-0.0107694582805	-0.0275057560154	0.0280554554502	-0.00272684782983	-0.00774129740272	-0.0185719469702	-0.00834908689696	-0.0239512923747	-0.00299148359592	-0.0528147000552	0.0360695592359	-0.0235455756852	0.00783003115174	-0.0197728764126	-0.00925114716297	0.0421515143193	0.00472789843878	0.00424467295826	-0.0155050406302	-0.0207498159824	-0.024694773161	-0.00213608703507	0.0313038607252	-0.0474656028382	-0.0245241682129
k__Bacteria;p__Bacteroidetes;c__Bacteroidia;o__Bacteroidales;f__Prevotellaceae;g__Prevotella;s__Prevotella_copri	0.0011592421051	-0.000412301910205	0.0172439250311	1.0	-0.0233668119899	-0.01029745059	-0.0502055336792	-0.0387422834763	-0.0316136412935	0.0174394682964	0.0448570613493	-0.0358481526545	-0.0299580743843	-0.01063854978	0.00354136682433	0.0289533421751	-0.00629856438809	-0.0865426257174	0.0183711134823	-0.0585599333984	-0.00503566610805	-0.0385731870394	-0.00866620309879	-0.0304403697899	-0.0144771209342	-0.017843386989	-0.0173198446612	-0.03877467979	0.0281113407796	0.0231208827763	0.000842429837687	-0.0511050761629	-0.0379568969832	-0.0341896509674	0.0138452610198	0.0522094613564	-0.0166567693158	-0.00946215996547	0.0354213693067	0.00764016009202	0.04301538097	0.0681198011282	0.0154173376775	-0.00529705186693	0.0465678711458	-0.0365688088291	0.00773668261539	0.032156148323	0.0193541659791	-0.0521029628334	0.0120235091889	0.0186310883918	-0.000692545277818	-0.0362413098181	-0.0349614310135	-0.0511606818973	0.0344013990961	0.00148817064772	-0.0141380512539
k__Bacteria;p__Bacteroidetes;c__Bacteroidia;o__Bacteroidales;f__Bacteroidaceae;g__Bacteroides;s__Bacteroides_stercoris	0.0107387179125	-0.0202580322205	0.0503752789476	-0.0233668119899	1.0	-0.00485940087534	0.0232926212427	-0.0102310936206	-0.0472470795806	0.0538123270825	0.0172810945917	0.0151285524995	0.0328700657819	0.00295623933659	0.0194670055661	-0.010786630115	-0.0102984542583	0.00328471981432	-0.0290159356423	0.0316206044548	-0.0548900571971	-0.00576329101756	-0.073161554379	-0.00218594698215	-0.00946578031844	0.0615266836859	-0.020063780164	0.00282606216055	-0.0257345300964	-0.0162851063111	0.0123913054445	0.069236575512	-0.0295709860726	-0.0273635599203	0.00827294859476	0.00168154778483	-0.064367582425	0.0197208203444	-0.0224809226885	-0.0213804933432	0.0284834183782	0.00411119657809	0.00116483179695	0.0167148407408	-0.0900107663264	-0.0441413635848	0.0235914391098	-0.0419402484732	-0.0701370309655	-0.0112909415919	-0.0697215280424	0.0192713820604	-0.00718806213624	-0.0214432510088	0.0230238221513	-0.070694993651	-0.00857453188339	-0.0487291544126	0.047352709822
k__Bacteria;p__Bacteroidetes;c__Bacteroidia;o__Bacteroidales;f__Bacteroidaceae;g__Bacteroides;s__Bacteroides_ovatus	-0.0297970226319	-0.0376534931212	-0.0250522772645	-0.01029745059	-0.00485940087534	1.0	-0.0157008425906	-0.00703800111297	0.037602751809	-0.0227731385811	-0.0212876668011	0.0168307364492	-0.0495589410058	-0.0543238839131	-0.0176341281707	0.0441676249642	-0.0166261433434	0.0241251830672	-0.0579449720054	-0.0477104407568	0.0248637655909	-0.0161140331391	0.0262271298432	-0.0492288047334	-0.0115341884551	-0.00173662348662	-0.0234350178247	-0.00891242523787	-0.00454235167903	-0.0120639189225	-0.0264401553054	-0.0502253336801	-0.00627460108288	-0.0240822092085	-0.0141270190004	-0.0413351507268	0.049880866103	-0.0529103072395	0.00454693549814	0.0614538464236	0.0240934297435	-0.0130379775966	0.00474803336447	-0.00242064591408	0.0610361983302	-0.0246557632007	0.00808330134045	0.0219554507247	-0.0444433987852	-0.060838623447	-0.0206587504625	0.0339575156204	-0.0189995887599	0.0216415875999	0.0186241579413	0.0217013826162	-0.040205238099	0.036395236237	-0.0429570971072
k__Bacteria;p__Bacteroidetes;c__Bacteroidia;o__Bacteroidales;f__Rikenellaceae;g__Alistipes;s__Alistipes_shahii	0.00981385297434	-0.0577084749051	0.0220126408408	-0.0502055336792	0.0232926212427	-0.0157008425906	1.0	-0.00988722671961	-0.0549595653183	-0.0220068585136	-0.0162670507737	0.0118974811568	0.00705529860951	-0.0115032265871	-0.0776550382639	-0.0117714846355	-0.00235038296606	0.00924234007909	-0.0222421575431	0.0156487310809	-0.00990711622111	-0.00883767679312	0.0391215479035	0.000700229639011	-0.00865719158641	0.00266480076361	-0.0441464303199	0.030689957608	0.0352096991348	-0.00361813879686	0.0356528852903	-0.0477123447822	0.0371278330161	-0.0256894174112	0.0184176584157	-0.0389062712694	-1.25940200092e-05	-0.0355308599946	0.0365446775586	-0.0137159528627	-0.0189664641588	0.0147412541962	-0.0158312027926	-0.0378021511148	-0.0056369797529	0.0354001405177	-0.00709059277035	-0.0228361613967	-0.0441407753231	0.0366582406556	0.00187496327855	-0.0348403707425	-0.00295730629631	0.0520097774972	-0.0145918096445	-0.0520552119313	-0.0294666707062	-0.0281823431211	-0.00322753737237
k__Bacteria;p__Firmicutes;c__Clostridia;o__Clostridiales;f__Ruminococcaceae;g__Faecalibacterium;s__Faecalibacterium_prausnitzii	-0.00271516012305	-0.0113155934684	0.0238477891673	-0.0387422834763	-0.0102310936206	-0.00703800111297	-0.00988722671961	1.0	-0.0358785681092	0.0349788336944	-0.026334393526	-0.0421626522519	0.00761098897492	0.0265078211498	-0.0119341001536	-0.0744944829244	-0.0335039807754	0.033045255898	-0.0248975366673	-0.0195314202186	-0.0250579524101	-0.0017546680777	0.0193928240379	-0.0167805510843	-0.0183183755698	-0.0387483128503	-0.0395497182079	0.0119837691917	0.0215988873201	0.000428755678237	0.00350161493706	-0.0271261191713	-0.0365335723699	-0.0458086771657	-0.0247898322725	-0.0280569867662	-0.00631239436604	-0.028709572602	0.0587160080566	0.02128368577	0.018703214918	0.00689517371173	-0.0286131327149	-0.0335643584109	-0.00677379016565	0.0658065817215	-0.0296425294284	0.000500404379452	-0.0050000241374	-0.0303170255115	0.0352943851316	0.0316621240786	-0.00428664801846	-0.0618971048605	0.0595771448551	-0.0129850508022	-0.0984473923669	-0.00664794770915	0.0479346725501
k__Bacteria;p__Bacteroidetes;c__Bacteroidia;o__Bacteroidales;f__Rikenellaceae;g__Alistipes;s__Alistipes_finegoldii	-0.00937806460954	-0.00848370974704	-0.057174570951	-0.0316136412935	-0.0472470795806	0.037602751809	-0.0549595653183	-0.0358785681092	1.0	0.00957566117185	-0.0215787769785	0.0190350084516	0.0130303357177	-0.00298339937491	-0.0303041005692	0.0171052839485	-0.0493122675065	-0.0234532882089	0.0235370181928	0.011582230939	0.0182212634543	-0.0100861207902	-0.0658821442776	0.0303063188711	0.00692451974471	-0.00300967108347	0.0257368470896	0.00871499351836	-0.0278824705586	0.0205838847918	-0.0250949081304	-0.0375006303946	-0.037209229578	0.00200426104957	0.0292977468053	-0.0255456829502	0.0406425367221	0.0174106022969	-0.00153622910627	0.0017549675691	0.0134711973145	-0.0340853007685	-0.0351428821647	0.015783529238	-0.0431630788821	-0.0489536551991	0.0110994325785	0.0429781050555	0.0476588284095	-0.0497758710374	-0.020435667596	-0.0778880592214	-0.0491196954545	-0.0591766961683	-0.00927852795828	0.0701933449045	-0.0338576816882	0.0124620456987	-0.0463557628688
k__Bacteria;p__Bacteroidetes;c__Bacteroidia;o__Bacteroidales;f__Porphyromonadaceae;g__Parabacteroides;s__Parabacteroides_distasonis	0.0119802862589	-0.0103005191864	-0.0102834690818	0.0174394682964	0.0538123270825	-0.0227731385811	-0.0220068585136	0.0349788336944	0.00957566117185	1.0	-0.00173511296264	0.0319494661235	0.00725500794799	-0.0752382969197	0.0152194061551	-0.0326238717455	-0.0357961457152	-0.0237195880031	-0.0382934641831	0.00317876276094	-0.0223532390834	0.0283095573918	0.00883521221838	0.00042215185135	-0.0424978619094	0.0187741187604	-0.0662104746605	-0.00388337594498	-0.0286604105872	0.0116127230337	0.0307768681866	-0.008849092823	-0.0742157011616	0.00818711975484	-0.0229431305141	-0.0147642078008	0.00292870950277	0.0315106421942	-0.00839375826382	-0.0312151262261	-0.0415057238975	0.026197986769	-0.00756019058486	-0.0341079979492	0.00319240860139	-0.0188897108099	0.0156368059352	0.00939296826976	0.00702112715012	0.0232698897776	-0.0794758580575	0.0425320462225	-0.0270563647283	0.0224409428783	0.00496388627828	0.00633257957887	-0.0176759023413	0.0369328353272	-0.0136820353883
k__Bacteria;p__Bacteroidetes;c__Bacteroidia;o__Bacteroidales;f__Bacteroidaceae;g__Bacteroides;s__Bacteroides_thetaiotaomicron	-0.0293978044548	-0.0190271907482	0.03288448044	0.0448570613493	0.0172810945917	-0.0212876668011	-0.0162670507737	-0.026334393526	-0.0215787769785	-0.00173511296264	1.0	-0.0389896840313	0.0105851294298	-0.0534874758729	-0.0339770159496	-0.025032726949	-0.00111464672435	-0.0256537402181	0.0187493823258	-0.0411193773747	0.0351967686092	-0.0962416400016	-0.00465147066544	0.0703368183399	0.00115170208662	-0.0518230253445	0.0660176538185	-0.0319072453121	-0.0196364742238	-0.0734042207957	0.00168445964624	0.0341370897758	0.055101372382	-0.0303478009978	-0.0544266306413	-0.0139279964081	0.0561318608923	-0.0300472106156	0.0188222176929	0.00808088777859	-0.0151200713285	0.0359841410101	-0.0277279086498	-0.0189605346052	-0.0254089434201	-0.0253716954001	0.0545122282982	0.00130300734322	-0.0116412725179	0.0222965482562	-0.0191132508824	-0.0016160540244	-0.00218060435777	-0.00187040430168	-0.0202998422764	0.0495321902223	0.0182707560858	0.027077064552	-0.0298172242625
k__Bacteria;p__Bacteroidetes;c__Bacteroidia;o__Bacteroidales;f__Bacteroidaceae;g__Bacteroides;s__Bacteroides_coprocola	0.0160259508518	0.0463567186427	-0.036534957102	-0.0358481526545	0.0151285524995	0.0168307364492	0.0118974811568	-0.0421626522519	0.0190350084516	0.0319494661235	-0.0389896840313	1.0	0.0281357751113	0.0138935199641	-0.0491277969638	0.0699612838406	0.014581262495	0.0309764593442	-0.00609314529006	-0.0237703599528	-0.0306508540972	-0.0852177587768	0.00311798851823	-0.0395932906615	0.00825042051613	-0.0235663035185	-0.0200847400233	-0.000343616579199	0.0475988836982	-0.051520498271	0.00156517181627	-0.0117800153073	-0.0310762012041	0.0261305219574	0.00885649613866	-0.0255554763841	0.0283262446321	-0.00831698734997	0.0176781889615	-0.0158613921247	-0.0268257218229	-0.00552053971855	-0.0261107503292	0.0253532239595	-0.0416866924177	-0.0823143032224	-0.0460127181464	-0.0156485420129	-0.0242571280062	-0.00491542312042	0.010162259808	0.0639958303657	-0.0699030530178	0.0286897475766	-0.00252058829578	0.0156844401412	0.0201040417839	0.0647771568276	0.0210342651657
k__Bacteria;p__Bacteroidetes;c__Bacteroidia;o__Bacteroidales;f__Bacteroidaceae;g__Bacteroides;s__Bacteroides_cellulosilyticus	-0.021863303149	0.0414879275105	-0.0353370814176	-0.0299580743843	0.0328700657819	-0.0495589410058	0.00705529860951	0.00761098897492	0.0130303357177	0.00725500794799	0.0105851294298	0.0281357751113	1.0	-0.0603720898143	-0.0216462887382	0.0523611913268	-0.0435828301913	-0.0251216421337	0.0252284117306	-0.0258534111712	0.00157947857072	0.00195739759806	-0.0642519576588	-0.0159241543291	-0.00146795723288	-0.0252525475098	0.0117356536299	-0.0064615461553	-0.00539102489015	0.0074997701457	0.0345876721399	0.0180312703127	-0.0485496341304	0.0604840799687	-0.00572625750494	0.0295461700406	0.0288612396647	-0.016424151862	0.0214479106436	-0.0301304611713	-0.0157734561818	-0.00572087670053	0.0049907108394	0.0326207367217	-0.0425323951175	-0.0133621739129	0.0124563396757	0.00137917697888	-0.0385755993814	0.0221397451676	-0.0017840658749	-0.0421818721839	-0.00131166008454	-0.0207220080693	-0.044210934782	-0.0905841848088	-0.0361151732188	-0.00184204242019	-0.00205230499955
k__Bacteria;p__Bacteroidetes;c__Bacteroidia;o__Bacteroidales;f__Rikenellaceae;g__Alistipes;s__Alistipes_obesi	-0.0691739146046	-0.0291698605575	-0.00295068217554	-0.01063854978	0.00295623933659	-0.0543238839131	-0.0115032265871	0.0265078211498	-0.00298339937491	-0.0752382969197	-0.0534874758729	0.0138935199641	-0.0603720898143	1.0	0.0298067226686	-0.00433275703483	0.00522123389975	-0.0462159322276	-0.00226096628581	-0.043596606232	0.0584564857662	-0.0184494264537	0.0402227938398	0.00596459652248	-0.00600226948583	-0.0188659475207	-0.011566074504	-0.0183962997534	-0.0471358490993	0.0146524777364	-0.0383013823625	-0.0149487651005	-0.0381268514194	-0.0103393012811	0.0068197486929	0.0072395796174	0.039843417589	0.0299621657253	-0.0234126672689	-0.0311262530408	-0.079558416148	-0.0117211928036	0.0476269889646	0.0101828848979	-0.0529437293362	-0.000350461933132	-0.0335201663527	-0.00158447306403	0.0309798834195	-0.0403808314374	0.0464788773332	-0.0105569064373	0.0107313562713	0.0529899173084	0.0128755961511	0.00773363079968	0.019016344781	-0.0746604689362	-0.0272921926347
k__Bacteria;p__Firmicutes;c__Clostridia;o__Clostridiales;f__Lachnospiraceae;g__;s__[Eubacterium]_rectale	-0.0239248771212	0.0209484262855	0.0537331213419	0.00354136682433	0.0194670055661	-0.0176341281707	-0.0776550382639	-0.0119341001536	-0.0303041005692	0.0152194061551	-0.0339770159496	-0.0491277969638	-0.0216462887382	0.0298067226686	1.0	-0.0320124035296	-0.0299360217985	-0.00567728107682	-0.0542013694998	-0.00763709282565	0.0734000047058	-0.0980876940371	-0.0313400725609	0.0148160072167	-0.00118371505608	0.0281225080685	0.000234872337294	-0.036307640385	-0.00873823406309	-0.00692270655132	0.00316451665063	0.0673998807568	0.0410582785262	-0.0288578198937	-0.0460268903401	-0.00495358038295	0.0338777932067	-0.0312202485157	-0.0341828857351	-0.0382396966818	0.0177651885549	-0.00423982723216	-0.0506925736017	-0.0395944007001	0.0592351910855	0.00133634618571	-0.0484533898096	-0.0101780257618	0.00415088576556	0.0243968238048	-0.0336349170786	-0.0380717203866	0.016359735296	0.0605934129476	0.0114257059671	0.0321436744663	-0.00669285065654	0.0194231526234	-0.0173049499323
k__Bacteria;p__Bacteroidetes;c__Bacteroidia;o__Bacteroidales;f__Bacteroidaceae;g__Bacteroides;s__Bacteroides_plebeius	0.0160569236814	0.037512117821	-0.00912441794596	0.0289533421751	-0.010786630115	0.0441676249642	-0.0117714846355	-0.0744944829244	0.0171052839485	-0.0326238717455	-0.025032726949	0.0699612838406	0.0523611913268	-0.00433275703483	-0.0320124035296	1.0	0.0159019357383	-0.025410128441	-0.0250058660578	0.0201868033778	-0.0128339820944	0.0126421442503	-0.061026936414	-0.029315234987	0.0369794697507	-0.0231618199372	0.0135107220255	-0.000932052382354	0.0616157610867	-0.00223473400067	-0.0101512383542	0.00642116976576	-0.0240451420159	-0.00573115862653	0.0332557804156	0.014977697804	0.0666618504609	-0.0291150887844	-0.0307912442561	-0.0110036660316	0.0302016512896	-0.0201868473192	-0.0090541861095	-0.0331920891408	0.0662688339801	-0.0441114136556	-0.0566016678311	0.0173298369164	-0.0459087698018	-0.000542978805704	-0.0545109807351	-0.0534578162569	-0.016117143267	-0.0193259771376	0.0304960930273	-0.0457889705133	-0.0195939237872	0.00367846663979	-0.0526575869529
k__Bacteria;p__Bacteroidetes;c__Bacteroidia;o__Bacteroidales;f__Bacteroidaceae;g__Bacteroides;s__Bacteroides_fragilis	0.00430610620254	-0.0421093580862	0.067743910359	-0.00629856438809	-0.0102984542583	-0.0166261433434	-0.00235038296606	-0.0335039807754	-0.0493122675065	-0.0357961457152	-0.00111464672435	0.014581262495	-0.0435828301913	0.00522123389975	-0.0299360217985	0.0159019357383	1.0	0.0147901955755	0.00741830381736	-0.0448553004512	-0.00452107342567	-0.0669437942211	-0.0185620645433	-0.0013881456897	-0.0724614724047	0.0524723849649	-0.0236077181057	-0.0102589807612	-0.00301735127756	-0.0124622151467	0.0274659327924	0.0275747652379	0.0420885878172	-0.000215953678402	-0.0274161651078	0.0287544688414	-0.0331662306995	0.0342713272858	0.00497105972552	0.0335464102065	-0.0179554795726	-0.0248728215133	-0.0259410805035	-0.0535499076149	-0.034858092977	-0.0129499252568	0.00835822430423	0.0386495559393	-0.0111903529122	-0.0384668182794	-0.00899729279677	0.0501496326057	-0.0502544522056	0.0150134077287	-0.0261632621035	-0.0557397426747	0.0266531742795	-0.022925546609	-0.0206465604124
k__Bacteria;p__Proteobacteria;c__Betaproteobacteria;o__Burkholderiales;f__Sutterellaceae;g__Sutterella;s__Sutterella_wadsworthensis	0.0024783479957	0.0248462544882	-0.0251588057918	-0.0865426257174	0.00328471981432	0.0241251830672	0.00924234007909	0.033045255898	-0.0234532882089	-0.0237195880031	-0.0256537402181	0.0309764593442	-0.0251216421337	-0.0462159322276	-0.00567728107682	-0.025410128441	0.0147901955755	1.0	0.00608503426807	0.0123631890105	0.030973764612	-0.00867530163449	0.0226806643874	0.0114649894921	-0.0228492434489	0.0192637033807	-0.024403226342	-0.00311023033243	-0.0495184133457	-0.0249498339853	-0.0135383305631	-0.00949404556947	-0.0612505735012	-0.0253499960317	0.0109450537979	-0.0207382742803	0.0202654171992	0.00379119165665	0.00045662715925	-0.0247491174332	-0.00875427613393	-0.0693117262532	0.00783154770273	-0.0459089424348	0.0403582866595	0.00411540251688	-0.012022693525	-0.0124738139703	0.0100638232691	0.00418759177525	-0.0445297681154	0.00733927132634	0.0209707586578	0.010744926858	-0.0320179343482	-0.0573732406648	-0.0331382880157	0.0179393679961	-0.0319910954561
k__Bacteria;p__Bacteroidetes;c__Bacteroidia;o__Bacteroidales;f__Porphyromonadaceae;g__Barnesiella;s__Barnesiella_intestinihominis	0.0204665884829	-0.0596268088684	-0.0200768918536	0.0183711134823	-0.0290159356423	-0.0579449720054	-0.0222421575431	-0.0248975366673	0.0235370181928	-0.0382934641831	0.0187493823258	-0.00609314529006	0.0252284117306	-0.00226096628581	-0.0542013694998	-0.0250058660578	0.00741830381736	0.00608503426807	1.0	-0.00689200094528	0.00194572472034	0.0146251278617	-0.0185649764593	0.00307204429971	-0.0357452384404	-0.00564268529862	0.00548052281609	-0.0128809729534	0.0199780015771	-0.0198283863279	-0.0303942528689	-0.0138470901588	0.00752643643579	-0.0150078888978	0.0371055722569	-0.0135853614708	0.0242418693452	-0.0169365289005	0.0316597006094	-0.0582241303928	-0.0276387691364	-0.00851127780081	-0.0591702188091	-0.016509923581	-0.00513447210324	0.0239619923159	-0.0467386768639	-0.0255156461291	-0.0760174417274	-0.051727386302	-0.00398564787208	-0.0533298128986	0.0853141109376	-0.0101770454708	0.0191078991014	-0.0144548440681	0.0431506906787	-0.00946669632364	0.064244685381
k__Bacteria;p__Bacteroidetes;c__Bacteroidia;o__Bacteroidales;f__Odoribacteraceae;g__Odoribacter;s__Odoribacter_splanchnicus	-0.0166185254275	-0.00221415425165	-0.00327024687631	-0.0585599333984	0.0316206044548	-0.0477104407568	0.0156487310809	-0.0195314202186	0.011582230939	0.00317876276094	-0.0411193773747	-0.0237703599528	-0.0258534111712	-0.043596606232	-0.00763709282565	0.0201868033778	-0.0448553004512	0.0123631890105	-0.00689200094528	1.0	-0.0648596635705	-0.000610861650896	0.00363393325948	-0.0210487653125	0.00419653965009	-0.0544968999386	-0.0700123715206	0.0296392752377	-0.0247839543525	0.00625923651565	-0.0190538696591	0.0178688937198	0.0466040607538	0.00260789228534	-0.0064976503194	-0.0249588967673	0.0569106320999	-0.037456835176	-0.0480496442207	-0.0046340406184	0.00568381972476	-0.0562543757921	0.0404593470712	-0.038454315189	0.0119905342084	0.00466934906132	0.0362334596154	0.0517810962595	-0.0269621846532	0.0221467226742	0.0211517174954	-0.0605523142304	-0.018527591904	0.00223150182265	-0.0339190786743	0.0024169496306	-0.0673254339621	0.0500896357411	-0.0146609301053
k__Bacteria;p__Bacteroidetes;c__Bacteroidia;o__Bacteroidales;f__Bacteroidaceae;g__Bacteroides;s__Bacteroides_salyersiae	-0.028335250912	-0.00929901275153	-0.0177178529133	-0.00503566610805	-0.0548900571971	0.0248637655909	-0.00990711622111	-0.0250579524101	0.0182212634543	-0.0223532390834	0.0351967686092	-0.0306508540972	0.00157947857072	0.0584564857662	0.0734000047058	-0.0128339820944	-0.00452107342567	0.030973764612	0.00194572472034	-0.0648596635705	1.0	-0.0316015011084	-0.0249617423534	0.0204603127119	0.01989662578	0.00150786727204	-0.0803455981708	0.0166663695057	-0.0274461436683	-0.0766888905707	-0.0100294052418	0.00234349774131	0.00415106024422	-0.0633249286309	0.00403459282548	-0.015724856179	-0.0143115153429	0.0321767670927	0.0720414855474	0.016820152207	-0.0325435832359	0.00941508825282	-0.034557089572	0.00781055306777	-0.00419010349822	-0.0281981963811	-0.0746764516542	0.0213614063726	0.00998015412898	-0.00740267436199	0.0133106634877	-0.0400699539449	0.0222034359648	-0.0149126502819	-0.0393085238996	-0.0170885250029	0.016593979347	0.00125100392335	-0.0248801150684
k__Bacteria;p__Firmicutes;c__Clostridia;o__Clostridiales;f__Ruminococcaceae;g__Ruminiclostridium;s__[Eubacterium]_siraeum	0.00143623694283	-0.002789263258	0.0196881072831	-0.0385731870394	-0.00576329101756	-0.0161140331391	-0.00883767679312	-0.0017546680777	-0.0100861207902	0.0283095573918	-0.0962416400016	-0.0852177587768	0.00195739759806	-0.0184494264537	-0.0980876940371	0.0126421442503	-0.0669437942211	-0.00867530163449	0.0146251278617	-0.000610861650896	-0.0316015011084	1.0	0.0371855631949	-0.00346063944004	-0.0198880094349	-0.0438827059259	0.0746796784457	0.00793385897433	0.036305408201	0.0792534686357	-0.0196950887284	0.00736372913921	-0.0425919851107	0.0183931650288	0.0806732257541	-0.050546577029	0.00313025261228	-0.0278940342092	0.0238250248442	-0.0317529298134	-0.0537906886254	-0.0342710394011	-0.0274809583384	0.0548096475148	0.015757041805	0.0235167839302	0.0208384351081	-0.0109437978104	0.0280796479988	0.0322895888652	-0.0425289284994	-0.0203421691381	-0.0529230187656	0.0324534133778	-0.00867444691743	-0.0806198388372	-0.0131544040214	-0.0265449376663	0.00518495228105
k__Bacteria;p__Proteobacteria;c__Betaproteobacteria;o__Burkholderiales;f__Sutterellaceae;g__Parasutterella;s__Parasutterella_excrementihominis	-0.0255786068501	0.0059940032166	-0.0398333950723	-0.00866620309879	-0.073161554379	0.0262271298432	0.0391215479035	0.0193928240379	-0.0658821442776	0.00883521221838	-0.00465147066544	0.00311798851823	-0.0642519576588	0.0402227938398	-0.0313400725609	-0.061026936414	-0.0185620645433	0.0226806643874	-0.0185649764593	0.00363393325948	-0.0249617423534	0.0371855631949	1.0	-0.014083097254	0.00613820753849	-0.0337360750383	0.0116935733702	0.087223607517	0.0231392130603	0.0144648095815	-0.0653045747608	-0.0348585876876	0.0181117261239	0.0330733838316	-0.013807432794	-0.0028859007473	0.0322347775041	0.0476303529932	-0.0221077699894	-0.0212009512058	0.00418083005999	0.0579242874794	-0.0382378056161	-0.0159115596272	0.0185357909981	0.0418285449237	-0.00576568447533	-0.00390142908992	0.0313212781965	-0.0560953965598	0.0522050854828	-0.0246324479559	-0.0083565477622	-0.0395378745584	-0.00876510078277	-0.00446609309852	-0.0100307954405	-0.00666942857697	-0.0663007618956
k__Bacteria;p__Actinobacteria;c__Actinobacteria;o__Bifidobacteriales;f__Bifidobacteriaceae;g__Bifidobacterium;s__Bifidobacterium_adolescentis	0.0237181973545	0.0316618956473	0.099249735191	-0.0304403697899	-0.00218594698215	-0.0492288047334	0.000700229639011	-0.0167805510843	0.0303063188711	0.00042215185135	0.0703368183399	-0.0395932906615	-0.0159241543291	0.00596459652248	0.0148160072167	-0.029315234987	-0.0013881456897	0.0114649894921	0.00307204429971	-0.0210487653125	0.0204603127119	-0.00346063944004	-0.014083097254	1.0	0.00869106142373	0.00195229776732	0.0305575869465	-0.0226660811343	-0.0504040401446	0.0136858972085	-0.0486877275096	0.0349849176292	-0.03445772059	0.0257631085621	-0.0724367101888	-0.036242052199	-0.0149562256406	-0.0184198088121	-0.05098594733	0.0500454826926	-0.0391278082888	0.00708626989537	0.0470007981281	-0.0212246591349	-0.0512235744469	0.0284077795165	-0.00119347809546	-0.00332075755122	-0.031460040802	0.0191862071534	-0.0475089774326	0.00240739924004	0.0363854584128	-0.0579724954388	-0.000432305201553	0.0295324414587	0.018361025959	-0.0589797392938	0.0393695427898
k__Bacteria;p__Firmicutes;c__Clostridia;o__Clostridiales;f__Oscillospiraceae;g__Oscillibacter;s__Oscillibacter_sp._KLE_1745	0.038518397557	-0.0263513838059	0.00365231891148	-0.0144771209342	-0.00946578031844	-0.0115341884551	-0.00865719158641	-0.0183183755698	0.00692451974471	-0.0424978619094	0.00115170208662	0.00825042051613	-0.00146795723288	-0.00600226948583	-0.00118371505608	0.0369794697507	-0.0724614724047	-0.0228492434489	-0.0357452384404	0.00419653965009	0.01989662578	-0.0198880094349	0.00613820753849	0.00869106142373	1.0	-0.0703555911739	-0.0323531397324	-0.024551018649	0.011101936041	-0.0235623734552	-0.0157544767307	-0.017193754745	-0.0118344762403	0.00209522556817	0.0191837008739	-0.0198638561075	0.0147521113643	0.0337972017364	-0.0740262943137	0.00695816151218	-0.00681598009912	-0.0200529512102	-0.0159440819608	0.0390478973808	0.0556014910425	-0.0355932700893	-0.0371811516478	0.0106149883855	-0.0098446160292	-0.0782382561831	0.0106612208931	-0.00177064773467	-0.00828126287442	-0.0555522005144	0.022727606752	-0.0343482648325	-0.0238708515324	-0.0850666799384	0.0321328667153
k__Bacteria;p__Bacteroidetes;c__Bacteroidia;o__Bacteroidales;f__Bacteroidaceae;g__Bacteroides;s__Bacteroides_coprophilus	-0.0638941660596	0.0112774233299	-0.0601028544675	-0.017843386989	0.0615266836859	-0.00173662348662	0.00266480076361	-0.0387483128503	-0.00300967108346	0.0187741187604	-0.0518230253445	-0.0235663035185	-0.0252525475098	-0.0188659475207	0.0281225080685	-0.0231618199372	0.0524723849649	0.0192637033807	-0.00564268529862	-0.0544968999386	0.00150786727204	-0.0438827059259	-0.0337360750383	0.00195229776732	-0.0703555911739	1.0	-0.00942150545484	0.00854711525872	-0.0288570817081	-0.0125315291404	-0.0489228601611	-0.0156784215651	-0.00192583903046	0.0169684510155	-0.00928807569039	0.031064081525	-0.0396884672759	-0.0247614574579	-0.0498852065843	0.00265238999957	-0.0327807577086	0.0154090998515	0.026782753519	0.016437577442	0.0189839594019	0.0101645160957	0.0113297232336	-0.061453735772	0.0297058746179	-0.036846153446	-0.058716354624	-0.0159032971814	-0.025439304802	0.0243978559315	0.0197200862696	0.0162043766353	0.00186776838375	0.0613304204139	-0.0204511699755
k__Bacteria;p__Firmicutes;c__Clostridia;o__Clostridiales;f__Lachnospiraceae;g__Roseburia;s__Roseburia_intestinalis	-0.0211708285487	-0.0400807577621	0.0244211190506	-0.0173198446612	-0.020063780164	-0.0234350178247	-0.0441464303199	-0.0395497182079	0.0257368470896	-0.0662104746605	0.0660176538185	-0.0200847400233	0.0117356536299	-0.011566074504	0.000234872337294	0.0135107220255	-0.0236077181057	-0.024403226342	0.00548052281609	-0.0700123715206	-0.0803455981708	0.0746796784457	0.0116935733702	0.0305575869465	-0.0323531397324	-0.00942150545484	1.0	0.0276879580196	0.00882922688667	-0.0487801018583	-0.0431408932041	0.0746169572	-0.00254136534326	0.0685910922813	0.0322845113933	-0.0307046151538	0.00356278326199	0.0482065282296	-0.00758034601488	-0.0259636017181	-0.0224501033595	0.0132999609581	-0.00158467878449	-0.0253146647517	0.0393263157066	-0.0345635042169	0.010649748282	-0.0396606592294	-0.0247770047971	-0.0205986450963	-0.0305619852798	-0.0329748399039	0.023180969982	-0.03071283984	0.0195322473321	-0.0463545206166	-0.0176086254116	0.000299813532331	-0.0860380466351
k__Bacteria;p__Firmicutes;c__Clostridia;o__Clostridiales;f__Lachnospiraceae;g__Roseburia;s__Roseburia_hominis	-0.0100876754287	-0.0203642316959	0.00590237130793	-0.03877467979	0.00282606216055	-0.00891242523787	0.030689957608	0.0119837691917	0.00871499351836	-0.00388337594498	-0.0319072453121	-0.000343616579199	-0.0064615461553	-0.0183962997534	-0.036307640385	-0.000932052382354	-0.0102589807612	-0.00311023033243	-0.0128809729534	0.0296392752377	0.0166663695057	0.00793385897433	0.087223607517	-0.0226660811343	-0.024551018649	0.00854711525872	0.0276879580196	1.0	-0.0207052386179	-0.0235727208791	-0.00497693661803	-0.029210067317	0.00284210522885	-0.0349190957618	-0.038040648987	-0.0325093008697	0.0101327963751	0.0245301351643	-0.00738024596543	0.0093921337493	0.0219446954763	-0.0768485764303	-0.011646042305	-0.00816174443538	-0.0312370928983	0.00749204304677	0.000366083987626	-0.0288471956468	0.00744936553216	-0.0359572183498	-0.031063889533	-0.00263881963332	-0.0477766029657	0.011222466747	-0.0112503584302	0.0133783919988	-0.00597122161297	-0.0229326504399	-0.0258841313914
k__Bacteria;p__Bacteroidetes;c__Bacteroidia;o__Bacteroidales;f__Porphyromonadaceae;g__Parabacteroides;s__Parabacteroides_johnsonii	0.0270684318014	-0.0133402275508	-0.0397540501865	0.0281113407796	-0.0257345300964	-0.00454235167903	0.0352096991348	0.0215988873201	-0.0278824705586	-0.0286604105872	-0.0196364742238	0.0475988836982	-0.00539102489015	-0.0471358490993	-0.00873823406309	0.0616157610867	-0.00301735127756	-0.0495184133457	0.0199780015771	-0.0247839543525	-0.0274461436683	0.036305408201	0.0231392130603	-0.0504040401446	0.011101936041	-0.0288570817081	0.00882922688667	-0.0207052386179	1.0	0.0232285337022	-0.0223903394714	-0.00350658479514	-0.0411220341159	0.0365798794893	0.0489326107934	-0.0459878548698	-0.0900962073244	-0.00546954685381	0.0260687266099	-0.0190091045587	0.0435469992766	0.00901576407609	0.0366547109581	-0.0467549017608	-0.0363996107887	0.0382786537539	-0.0107983735249	-0.00744406206432	0.0333817621756	-0.00714579198889	0.0424028158231	-0.0495389693049	0.00479306185342	-0.0109885406878	-0.031113938279	0.00585266616115	-0.0214554811747	-0.0183522466752	-0.0521808180459
k__Bacteria;p__Actinobacteria;c__Actinobacteria;o__Bifidobacteriales;f__Bifidobacteriaceae;g__Bifidobacterium;s__Bifidobacterium_longum	0.0143587863306	-0.0354540808091	-0.0104376460406	0.0231208827763	-0.0162851063111	-0.0120639189225	-0.00361813879686	0.000428755678238	0.0205838847918	0.0116127230337	-0.0734042207957	-0.051520498271	0.0074997701457	0.0146524777364	-0.00692270655132	-0.00223473400067	-0.0124622151467	-0.0249498339853	-0.0198283863279	0.00625923651565	-0.0766888905707	0.0792534686357	0.0144648095815	0.0136858972085	-0.0235623734552	-0.0125315291404	-0.0487801018583	-0.0235727208791	0.0232285337022	1.0	-0.032575869184	-0.0374235172121	0.038217014597	0.0203975913104	0.0227282951663	-0.0233527443761	-0.0444514174684	-0.0340867669848	-0.0256888008031	-0.0672914543208	-0.0378482414848	-0.00414480264108	-0.0570944864083	0.0161948102101	-0.041119376385	0.070007397518	-0.0114826831165	0.0502661360351	-0.0288082406962	-0.0176105815457	-0.0281061452163	-0.0322862094021	-0.0888848770458	0.00705563985472	-0.021794422363	0.00754520425207	-0.0116891338761	0.0231151484793	-0.0514701583068
