#taxonomy	k__Bacteria;p__Bacteroidetes;c__Bacteroidia;o__Bacteroidales;f__Bacteroidaceae;g__Bacteroides;s__Bacteroides_vulgatus	k__Bacteria;p__Bacteroidetes;c__Bacteroidia;o__Bacteroidales;f__Bacteroidaceae;g__Bacteroides;s__Bacteroides_uniformis	k__Bacteria;p__Bacteroidetes;c__Bacteroidia;o__Bacteroidales;f__Rikenellaceae;g__Alistipes;s__Alistipes_putredinis	k__Bacteria;p__Bacteroidetes;c__Bacteroidia;o__Bacteroidales;f__Prevotellaceae;g__Prevotella;s__Prevotella_copri	k__Bacteria;p__Bacteroidetes;c__Bacteroidia;o__Bacteroidales;f__Bacteroidaceae;g__Bacteroides;s__Bacteroides_stercoris	k__Bacteria;p__Bacteroidetes;c__Bacteroidia;o__Bacteroidales;f__Bacteroidaceae;g__Bacteroides;s__Bacteroides_ovatus	k__Bacteria;p__Bacteroidetes;c__Bacteroidia;o__Bacteroidales;f__Rikenellaceae;g__Alistipes;s__Alistipes_shahii	k__Bacteria;p__Firmicutes;c__Clostridia;o__Clostridiales;f__Ruminococcaceae;g__Faecalibacterium;s__Faecalibacterium_prausnitzii	k__Bacteria;p__Bacteroidetes;c__Bacteroidia;o__Bacteroidales;f__Rikenellaceae;g__Alistipes;s__Alistipes_finegoldii	k__Bacteria;p__Bacteroidetes;c__Bacteroidia;o__Bacteroidales;f__Porphyromonadaceae;g__Parabacteroides;s__Parabacteroides_distasonis	k__Bacteria;p__Bacteroidetes;c__Bacteroidia;o__Bacteroidales;f__Bacteroidaceae;g__Bacteroides;s__Bacteroides_thetaiotaomicron	k__Bacteria;p__Bacteroidetes;c__Bacteroidia;o__Bacteroidales;f__Bacteroidaceae;g__Bacteroides;s__Bacteroides_coprocola	k__Bacteria;p__Bacteroidetes;c__Bacteroidia;o__Bacteroidales;f__Bacteroidaceae;g__Bacteroides;s__Bacteroides_cellulosilyticus	k__Bacteria;p__Bacteroidetes;c__Bacteroidia;o__Bacteroidales;f__Rikenellaceae;g__Alistipes;s__Alistipes_obesi	k__Bacteria;p__Firmicutes;c__Clostridia;o__Clostridiales;f__Lachnospiraceae;g__;s__[Eubacterium]_rectale	k__Bacteria;p__Bacteroidetes;c__Bacteroidia;o__Bacteroidales;f__Bacteroidaceae;g__Bacteroides;s__Bacteroides_plebeius	k__Bacteria;p__Bacteroidetes;c__Bacteroidia;o__Bacteroidales;f__Bacteroidaceae;g__Bacteroides;s__Bacteroides_fragilis	k__Bacteria;p__Proteobacteria;c__Betaproteobacteria;o__Burkholderiales;f__Sutterellaceae;g__Sutterella;s__Sutterella_wadsworthensis	k__Bacteria;p__Bacteroidetes;c__Bacteroidia;o__Bacteroidales;f__Porphyromonadaceae;g__Barnesiella;s__Barnesiella_intestinihominis	k__Bacteria;p__Bacteroidetes;c__Bacteroidia;o__Bacteroidales;f__Odoribacteraceae;g__Odoribacter;s__Odoribacter_splanchnicus	k__Bacteria;p__Bacteroidetes;c__Bacteroidia;o__Bacteroidales;f__Bacteroidaceae;g__Bacteroides;s__Bacteroides_salyersiae	k__Bacteria;p__Firmicutes;c__Clostridia;o__Clostridiales;f__Ruminococcaceae;g__Ruminiclostridium;s__[Eubacterium]_siraeum	k__Bacteria;p__Proteobacteria;c__Betaproteobacteria;o__Burkholderiales;f__Sutterellaceae;g__Parasutterella;s__Parasutterella_excrementihominis	k__Bacteria;p__Actinobacteria;c__Actinobacteria;o__Bifidobacteriales;f__Bifidobacteriaceae;g__Bifidobacterium;s__Bifidobacterium_adolescentis	k__Bacteria;p__Firmicutes;c__Clostridia;o__Clostridiales;f__Oscillospiraceae;g__Oscillibacter;s__Oscillibacter_sp._KLE_1745	k__Bacteria;p__Bacteroidetes;c__Bacteroidia;o__Bacteroidales;f__Bacteroidaceae;g__Bacteroides;s__Bacteroides_coprophilus	k__Bacteria;p__Firmicutes;c__Clostridia;o__Clostridiales;f__Lachnospiraceae;g__Roseburia;s__Roseburia_intestinalis	k__Bacteria;p__Firmicutes;c__Clostridia;o__Clostridiales;f__Lachnospiraceae;g__Roseburia;s__Roseburia_hominis	k__Bacteria;p__Bacteroidetes;c__Bacteroidia;o__Bacteroidales;f__Porphyromonadaceae;g__Parabacteroides;s__Parabacteroides_johnsonii	k__Bacteria;p__Actinobacteria;c__Actinobacteria;o__Bifidobacteriales;f__Bifidobacteriaceae;g__Bifidobacterium;s__Bifidobacterium_longum	k__Bacteria;p__Firmicutes;c__Clostridia;o__Clostridiales;f__;g__Flavonifractor;s__Flavonifractor_plautii	k__Bacteria;p__Firmicutes;c__Clostridia;o__Clostridiales;f__Clostridiaceae;g__Clostridium;s__Clostridium_phoceensis	k__Bacteria;p__Verrucomicrobia;c__Verrucomicrobiae;o__Verrucomicrobiales;f__Akkermansiaceae;g__Akkermansia;s__Akkermansia_muciniphila	k__Bacteria;p__Bacteroidetes;c__Bacteroidia;o__Bacteroidales;f__Prevotellaceae;g__Paraprevotella;s__Paraprevotella_xylaniphila	k__Bacteria;p__Firmicutes;c__Clostridia;o__Clostridiales;f__Ruminococcaceae;g__Ruminococcus;s__Ruminococcus_callidus	k__Bacteria;p__Bacteroidetes;c__Bacteroidia;o__Bacteroidales;f__Rikenellaceae;g__Alistipes;s__Alistipes_senegalensis	k__Bacteria;p__Firmicutes;c__Clostridia;o__Clostridiales;f__Lachnospiraceae;g__Blautia;s__Blautia_sp._KLE_1732	k__Bacteria;p__Bacteroidetes;c__Bacteroidia;o__Bacteroidales;f__Bacteroidaceae;g__Bacteroides;s__Bacteroides_oleiciplenus	k__Bacteria;p__Firmicutes;c__Clostridia;o__Clostridiales;f__Ruminococcaceae;g__Ruminococcus;s__Ruminococcus_bicirculans	k__Bacteria;p__Bacteroidetes;c__Bacteroidia;o__Bacteroidales;f__Bacteroidaceae;g__Bacteroides;s__Bacteroides_fluxus	k__Bacteria;p__Bacteroidetes;c__Bacteroidia;o__Bacteroidales;f__Prevotellaceae;g__Prevotella;s__Prevotella_stercorea	k__Bacteria;p__Firmicutes;c__Clostridia;o__Clostridiales;f__Lachnospiraceae;g__Dorea;s__Dorea_longicatena	k__Bacteria;p__Firmicutes;c__Clostridia;o__Clostridiales;f__Eubacteriaceae;g__Eubacterium;s__[Eubacterium]_eligens	k__Bacteria;p__Firmicutes;c__Clostridia;o__Clostridiales;f__Ruminococcaceae;g__;s__Ruminococcaceae_bacterium_D16	k__Bacteria;p__Firmicutes;c__Clostridia;o__Clostridiales;f__Lachnospiraceae;g__Coprococcus;s__Coprococcus_comes	k__Bacteria;p__Proteobacteria;c__Gammaproteobacteria;o__Enterobacterales;f__Enterobacteriaceae;g__Escherichia;s__Escherichia_coli	k__Bacteria;p__Firmicutes;c__Clostridia;o__Clostridiales;f__Ruminococcaceae;g__Anaerotruncus;s__Anaerotruncus_colihominis	k__Bacteria;p__Firmicutes;c__Clostridia;o__Clostridiales;f__Lachnospiraceae;g__Blautia;s__Blautia_obeum	k__Bacteria;p__Bacteroidetes;c__Bacteroidia;o__Bacteroidales;f__Odoribacteraceae;g__Odoribacter;s__Odoribacter_laneus	k__Bacteria;p__Firmicutes;c__Clostridia;o__Clostridiales;f__Ruminococcaceae;g__Ruminiclostridium;s__[Clostridium]_leptum	k__Bacteria;p__Bacteroidetes;c__Bacteroidia;o__Bacteroidales;f__Porphyromonadaceae;g__Parabacteroides;s__Parabacteroides_goldsteinii	k__Bacteria;p__Firmicutes;c__Clostridia;o__Clostridiales;f__Lachnospiraceae;g__Anaerostipes;s__Anaerostipes_hadrus	k__Bacteria;p__Firmicutes;c__Clostridia;o__Clostridiales;f__Ruminococcaceae;g__Ruminococcus;s__Ruminococcus_lactaris	k__Bacteria;p__Firmicutes;c__Clostridia;o__Clostridiales;f__Clostridiaceae;g__Clostridium;s__Clostridium_sp._L2-50	k__Bacteria;p__Firmicutes;c__Clostridia;o__Clostridiales;f__Clostridiaceae;g__Clostridium;s__Clostridium_sp._M62/1	k__Bacteria;p__Firmicutes;c__Clostridia;o__Clostridiales;f__;g__Intestinimonas;s__Intestinimonas_butyriciproducens	k__Bacteria;p__Actinobacteria;c__Actinobacteria;o__Bifidobacteriales;f__Bifidobacteriaceae;g__Bifidobacterium;s__Bifidobacterium_bifidum	k__Bacteria;p__Firmicutes;c__Negativicutes;o__Veillonellales;f__Veillonellaceae;g__Dialister;s__Dialister_invisus	k__Bacteria;p__Bacteroidetes;c__Bacteroidia;o__Bacteroidales;f__Bacteroidaceae;g__Bacteroides;s__Bacteroides_salanitronis
k__Bacteria;p__Bacteroidetes;c__Bacteroidia;o__Bacteroidales;f__Bacteroidaceae;g__Bacteroides;s__Bacteroides_vulgatus	1.0	-0.0270501495578	0.0112024282102	-0.017203730939	0.0045163964577	0.011014883126	-0.0203572904501	0.00874430977468	0.0609042678993	-0.0847526182844	-0.0015859329929	0.0192951600933	0.0405501956208	-0.0132526028231	-0.0549093357566	0.00867542029378	0.0257622460238	-0.0785354305459	-0.0223784409444	-0.0424931754019	-0.0454119444481	0.0542068101935	0.0576849704976	-0.0302025327096	0.0438795493157	-0.00214128654031	-0.00247334441963	-0.0357797247292	0.0228822458799	-0.00473517962762	0.000662783660961	-0.0250025407875	0.023009958212	0.0507437451954	-0.0240889261421	0.0128294548881	0.0191883778536	0.00274513132755	0.00458387645958	-0.0239288553463	-0.0105787053278	-0.0295805429479	0.00582303004705	-0.0254876547462	0.0243129191439	-0.0244578275041	0.0398675986913	-0.0147187437122	-0.04613614795	-0.0313731407378	-0.0632502995288	-0.0372553557247	-0.034343504388	-0.00133247750232	-0.0148234522603	0.0101868726012	-0.0178572880565	-0.0258195785785	-0.0287249831415
k__Bacteria;p__Bacteroidetes;c__Bacteroidia;o__Bacteroidales;f__Bacteroidaceae;g__Bacteroides;s__Bacteroides_uniformis	-0.0270501495578	1.0	-0.0595172441923	-0.0609776561392	-0.0225146925147	0.0284871781823	-0.0312274554312	0.00541510637354	-0.0546319747994	0.0263214551056	0.00462635364793	0.00260365892084	0.0271238568204	0.0199343619124	-0.0252217746438	0.0187783213502	-0.00971989555078	0.0236535455725	0.0335045776621	0.0355350666538	-0.0552557423881	-0.0252000876696	0.0307985035677	-0.00762088909838	0.00414138234191	-0.0740208453818	0.0130446141367	-0.0220619030019	-0.0501032418045	0.0256105474636	-0.00905216271373	0.0365048201545	-0.0344835874983	0.0227978907344	-0.012035376708	-0.0481281420585	-0.00338696564838	-0.0145792781479	0.0176973135372	0.0161745976783	0.0552156314813	-0.0193226037757	-0.0428612606432	-0.0191247078097	-0.0348746818468	0.0192621921249	0.0161502169039	-0.0130596184738	-0.0343911703008	-0.0195972872517	-0.0512702079537	0.0018917999767	-0.019600399069	-0.0156179366583	-0.0070380545428	-0.0514470861354	0.0290516130251	0.0201050257589	0.00515501321277
k__Bacteria;p__Bacteroidetes;c__Bacteroidia;o__Bacteroidales;f__Rikenellaceae;g__Alistipes;s__Alistipes_putredinis	0.0112024282102	-0.0595172441923	1.0	0.012382721519	-0.0355340329028	0.0612791427467	0.0207444580818	-0.017604079225	0.0280053869075	-0.0323385918275	0.0339645482997	0.0116269006408	-0.0369489018771	-0.0315336659254	-0.0460526913676	-0.0383741969865	0.0151238965797	0.00534279779108	0.00886774112348	0.00159862084789	0.00401950649849	-0.031370383601	-0.0192661599186	0.0363769504705	0.0504913544185	-0.0403177701261	-0.00482082810667	0.00741847737637	0.0381094781465	0.0261957168315	-0.00370174701967	0.0248042085603	-0.0594714918608	-0.0299409114024	-0.0145943240031	-0.019118861656	-0.00926163575292	-0.0583018198006	-0.0567323940153	0.00219841501804	-0.0552580699004	-0.000286749476446	-0.0432844772768	0.00876868283488	-0.00182763474585	0.00940721556021	-0.00596593773637	-0.00029450673494	-0.0365216331239	0.0188224109199	0.0148464578908	-0.0292939745588	-0.00407196465003	-0.0233186577014	-0.000769245837149	-0.0391734838031	0.00881191686071	-0.0273391827614	-0.0454209502929
k__Bacteria;p__Bacteroidetes;c__Bacteroidia;o__Bacteroidales;f__Prevotellaceae;g__Prevotella;s__Prevotella_copri	-0.017203730939	-0.0609776561392	0.012382721519	1.0	-0.0220457189017	0.0182108111211	0.00104823346186	-0.0186214277075	0.00797355752462	0.000245613591447	-0.0244837617137	0.0166812482451	-0.0309555999858	0.000676612048555	-0.0418189595549	-0.0323350352827	-0.0125378068624	0.0353722538971	0.00704620817934	-0.0393858224074	0.0139994919236	-0.0500683583401	-0.0301991738391	-0.0188861235101	0.000239444268377	0.00617897103998	-0.0256091492268	-0.034956378091	-0.00800516199497	0.00132856751122	-0.0199856824322	-0.000797599948526	0.000110393160173	-0.0670047205417	0.0286042638454	-0.0414103200299	-0.0215888091642	0.0279959005156	-0.014714761202	-0.0184953530076	0.00647286288194	-0.00603477080238	-0.0328103121805	0.0292759998308	-0.0111858724682	-0.0730467666467	-0.0358203000466	-0.0149812661977	0.00185286453832	0.0508065949871	0.0266048159142	0.0145178445667	-0.0336621429087	0.0179853444875	-0.00102646531957	0.00640110281406	-0.00169486454458	-0.000566075302707	-0.037397215896
k__Bacteria;p__Bacteroidetes;c__Bacteroidia;o__Bacteroidales;f__Bacteroidaceae;g__Bacteroides;s__Bacteroides_stercoris	0.0045163964577	-0.0225146925147	-0.0355340329028	-0.0220457189017	1.0	-0.0397140323871	-0.0584159106352	0.0234813868255	-0.0950900188444	-0.0461137840325	-0.0233218242902	-0.0374975897392	0.00122827311663	0.020058705816	0.0247451278752	-0.0105808951172	-4.65854895675e-05	0.0275337595555	0.00142308313774	-0.00544050658757	-0.0630556684588	-0.0176146759485	0.0735315938012	0.0129417751168	0.0131817772372	-0.0402774578932	0.0566244978596	-0.00459875233021	0.0415419910648	-0.0526164899607	-0.00536093003707	-0.0290235984715	0.0147427008889	-0.0284155232216	0.0367947245762	-0.018138946979	0.0426696074959	0.0118862629639	-0.0678256530356	0.0273434437419	-0.0407591459457	0.00323282831334	-0.0360873424902	-0.0259520843163	0.00922540082352	-0.00108000336409	0.0157237215639	-0.0249758471956	0.00509801347761	0.0191132968691	0.0370994818528	-0.060392441344	-0.0311231624471	-0.0274816553143	-0.0258996569907	-0.0055578984033	0.0409194932364	-0.0474315678939	-0.0445569524085
k__Bacteria;p__Bacteroidetes;c__Bacteroidia;o__Bacteroidales;f__Bacteroidaceae;g__Bacteroides;s__Bacteroides_ovatus	0.011014883126	0.0284871781823	0.0612791427467	0.0182108111211	-0.0397140323871	1.0	0.0355179588818	-0.0205153709666	-0.0138108204492	0.0511184022658	0.093440933074	-0.031607504246	0.0174706037136	-0.00721604472043	-0.011370048769	0.0163671727699	0.0294007803825	-0.0103027742221	-0.122810112496	-0.00122755193062	0.00941163895906	-0.0118478047175	-0.0519616273953	-0.0713102621585	-0.0258326171399	0.00792291373825	-0.0468829404188	0.0088886299112	-0.0194714803562	0.0100048065788	0.0498053800053	0.0325400498161	-0.0274522852755	-0.0266296668059	-0.00470046530937	0.025709623572	-0.0349964132915	0.0115325936184	-0.0364977918382	-0.0191616770679	0.0126367197885	-0.0639302205681	0.0112245923462	-0.0117825345529	-0.0202893974495	0.0232348455621	0.0124692884807	-0.0281126722999	0.0111620192125	-0.0263409519698	0.00432700164691	0.0102898943109	-0.010933939667	-0.0142145201268	0.00668540580589	0.0115756175502	-0.0651457790575	-0.0213727186492	-0.0717535746766
k__Bacteria;p__Bacteroidetes;c__Bacteroidia;o__Bacteroidales;f__Rikenellaceae;g__Alistipes;s__Alistipes_shahii	-0.0203572904501	-0.0312274554312	0.0207444580818	0.00104823346186	-0.0584159106352	0.0355179588818	1.0	-0.0542838586732	-0.0538259841056	-0.0190963041513	0.0392218221688	-0.0105888244208	-0.00931432640754	-0.0136843589463	0.0411137787393	-0.0509727662413	-0.0568228469057	0.0334720398182	0.00701524224475	-0.00531533156535	0.0088767556891	0.00772002807978	-0.0246689228188	-0.00375739015783	0.0124323244976	-0.0419232701647	-0.0175676643794	-0.00209054008021	0.00900843818865	-0.0230208651523	-0.00523314303155	-0.00294032052952	0.00676299041578	-0.0196702549065	0.028454395349	0.0223209319091	0.0248154122751	0.0089023054971	0.00590544469555	0.0187093077014	-0.0131631636624	-0.0484466082394	-0.0217963487229	0.012641002524	-0.00139165266908	-0.0624639386065	-0.0234892560316	0.0166082682562	0.020908256801	0.0121151153395	-0.00151434834822	0.0116006529328	-0.0452234110547	-0.0337209730252	-0.0494896689253	0.0353638837319	0.00509172639166	0.0641252008865	0.00326003658026
k__Bacteria;p__Firmicutes;c__Clostridia;o__Clostridiales;f__Ruminococcaceae;g__Faecalibacterium;s__Faecalibacterium_prausnitzii	0.00874430977468	0.00541510637354	-0.017604079225	-0.0186214277075	0.0234813868255	-0.0205153709666	-0.0542838586732	1.0	-0.027432638455	-0.0131749803317	-0.0568166446306	0.076891041303	-0.0116217053084	-0.0132494925309	-0.0168192204013	0.0245826794038	0.0363752920022	-0.0343634094517	-0.00792840126282	-0.075642013718	-0.0217909667572	-0.028512575744	-0.0523206091887	0.0171301404833	0.0549147572517	-0.0443684616826	0.0182186853091	-0.0606527338113	0.0225421771894	0.0176882876665	-0.0108595213578	0.00433386676764	-0.0200888535642	-0.0288348325881	0.025614554139	0.0745954885369	-0.0829028067911	-0.0490844000079	0.020496439302	0.0308265911847	0.0531132491628	0.0186672832712	0.0234987907299	0.0221205441303	0.00722605879366	-0.0109608452278	0.00442848655039	0.00312106242611	-0.0363262370243	0.00875118044283	0.0138618999064	-0.0075461684798	-0.00755920245772	-0.056729578274	-0.0232419551911	0.00435574333358	-0.0160780867314	0.020570076695	0.0142920546245
k__Bacteria;p__Bacteroidetes;c__Bacteroidia;o__Bacteroidales;f__Rikenellaceae;g__Alistipes;s__Alistipes_finegoldii	0.0609042678993	-0.0546319747994	0.0280053869075	0.00797355752462	-0.0950900188444	-0.0138108204492	-0.0538259841056	-0.027432638455	1.0	0.00492598578567	-0.052552909231	0.0235892921308	-0.0056281028844	-0.0924301582963	0.0169919771151	-0.0452223871368	0.0117686879876	0.0103888938044	-0.0100754998432	-0.0159526915244	-0.0308152002558	-0.0103892234872	-0.00222606843471	0.0290881176198	0.000764190361547	0.00626634932246	0.0406161582298	0.0268894511955	-0.0462957356542	-0.0291038383493	0.0144083538121	-0.005046727145	0.0212533565289	0.0168223331758	-0.035347980852	0.00572176765854	-0.00783329105075	0.0529296362562	0.0414993148874	-0.0443939453845	0.00452198674874	-0.0662999071237	-0.0152888714322	-0.0890525046298	0.0204992844748	0.0102642601858	-0.0412752592828	-0.00394964373512	-0.0675797381241	0.0312879182425	-0.00594644494896	0.014872078924	0.0247345616926	0.00478196711803	0.00533242069833	0.018128159221	0.0399260733218	-0.000277885545827	-0.0046256872396
k__Bacteria;p__Bacteroidetes;c__Bacteroidia;o__Bacteroidales;f__Porphyromonadaceae;g__Parabacteroides;s__Parabacteroides_distasonis	-0.0847526182844	0.0263214551056	-0.0323385918275	0.000245613591447	-0.0461137840325	0.0511184022658	-0.0190963041513	-0.0131749803317	0.00492598578567	1.0	-0.0347864068165	-0.0603251014471	-0.0276690709952	0.0262890126845	0.00460158308343	0.0213151935397	0.0310133593036	0.00842277050292	0.0167099482037	-0.0323868301311	0.039429699572	-0.0558525123176	0.0158363084638	-0.0662475520631	-0.0208168567954	-0.0399855151795	0.012408142208	0.000303114938296	-0.0117481042159	-0.0287544370193	0.0666744458218	0.0751877044567	0.00109945324453	0.0369397029678	-0.0174666071241	-0.0100718905138	0.0121175498016	0.000725534046358	-0.048153991689	0.0373902150261	-0.0582739579616	-0.00546224554547	-0.0116487074392	-0.034257234366	-0.0980206865091	0.0246341248932	-0.0261544190512	0.0608726441148	0.0210645442674	0.0387708891446	-0.0087623683119	-0.0805494142227	0.00969424943992	-0.00710818529795	-0.00640349929935	-0.0620541094965	-0.0121005616026	-0.0290392409334	0.0339482481402
k__Bacteria;p__Bacteroidetes;c__Bacteroidia;o__Bacteroidales;f__Bacteroidaceae;g__Bacteroides;s__Bacteroides_thetaiotaomicron	-0.0015859329929	0.00462635364793	0.0339645482997	-0.0244837617137	-0.0233218242902	0.093440933074	0.0392218221688	-0.0568166446306	-0.052552909231	-0.0347864068165	1.0	-0.0286291344911	0.0161571292412	-0.00308218219816	0.0380688556112	-0.0317475834279	0.0326229681292	0.013259480926	-0.012141615646	-0.0158363121803	-0.0256704013058	-0.0057100734789	-0.00564539907485	0.0118412913037	-0.00175855749655	-0.0348423530192	-0.0365267863842	-0.00591614767301	0.0137585599705	0.0486673634745	-0.0555794747093	0.00148860647977	-0.0244547589765	0.0274116395181	-0.0133671697934	-0.00387255419832	0.000304375514287	-0.0209878355063	0.0204372654941	-0.0206905874854	-0.0407620832487	-0.0579484058887	-0.0361307303656	-0.00264510477305	0.0208920065631	-0.0301849617668	-0.000144084884894	-0.0520690808232	0.0431381765912	-0.0406015035851	-0.0144590291787	-0.000248859998609	0.0188860822329	0.00516720773913	-0.0199386367436	0.0483065627012	-0.0379351161226	-0.00595699328285	-0.00153222694071
k__Bacteria;p__Bacteroidetes;c__Bacteroidia;o__Bacteroidales;f__Bacteroidaceae;g__Bacteroides;s__Bacteroides_coprocola	0.0192951600933	0.00260365892084	0.0116269006408	0.0166812482451	-0.0374975897392	-0.031607504246	-0.0105888244208	0.076891041303	0.0235892921308	-0.0603251014471	-0.0286291344911	1.0	0.0694470455322	-0.00793365890312	-0.0143997880213	-0.036283916047	0.0335367706972	0.0310830099463	0.012808801703	0.00324212047304	-0.0198448355024	-0.00249803699599	0.0226958792411	-0.0181259527594	0.00307424663345	0.0581162925901	0.037346387001	-0.0306297842247	-0.00647445472354	-0.0268982835696	-0.00655248487312	-0.00679369955419	-0.0151969109899	0.0317031245344	-0.0462257166243	-0.0446652782671	0.0430847961243	-0.0333757462989	0.00826172381324	-0.00443416477711	0.00984764169394	-0.0476849399462	0.00182413235197	-0.00032035224436	-0.0168440123442	0.0412791213029	-0.0111902500382	-0.0664338066138	-0.0587152896109	0.0290031615772	-0.0495735006417	0.0193978690022	-0.0187231101079	-0.0253462465564	0.0102765333152	0.00227096461162	-0.0653200858074	0.0126673683681	0.00861755572698
k__Bacteria;p__Bacteroidetes;c__Bacteroidia;o__Bacteroidales;f__Bacteroidaceae;g__Bacteroides;s__Bacteroides_cellulosilyticus	0.0405501956208	0.0271238568204	-0.0369489018771	-0.0309555999858	0.00122827311663	0.0174706037136	-0.00931432640754	-0.0116217053084	-0.0056281028844	-0.0276690709952	0.0161571292412	0.0694470455322	1.0	-0.0313415744337	-0.0321531885829	-0.0390926923727	0.0303959104609	0.0152940138779	0.00960300167328	-0.00528402870573	0.017965358212	0.000235613910991	0.0330737488795	0.0217679211016	-0.0153054839961	-0.0266998473329	-0.0537030199079	-0.049787883238	-0.0124653586591	-0.0351928602559	-0.00939343254752	0.0158942647599	-0.0216000808967	0.0152316290837	0.0286958000762	-0.00710635961446	0.00230082831543	0.0207125479878	-0.000650668193415	0.0106455643005	-0.0190533181898	-0.0579926783929	-0.00940780075831	-0.00829715338376	0.0176233189052	0.0302487855404	-0.0112337913986	-0.0696480294511	-0.0860914381589	-0.0290897155739	0.0246064264203	-0.0434322285223	-0.00472920190748	0.0219307158973	-0.00276933433215	0.0182939645807	-0.0504500686693	0.0360761226629	0.0106432324514
k__Bacteria;p__Bacteroidetes;c__Bacteroidia;o__Bacteroidales;f__Rikenellaceae;g__Alistipes;s__Alistipes_obesi	-0.0132526028231	0.0199343619124	-0.0315336659254	0.000676612048555	0.020058705816	-0.00721604472043	-0.0136843589463	-0.0132494925309	-0.0924301582963	0.0262890126845	-0.00308218219816	-0.00793365890312	-0.0313415744337	1.0	-0.0164454718615	0.00596475987953	0.00717830587799	-0.0309509009665	-0.00852654965456	0.0182637833678	0.0331402011168	-0.00608975572279	0.0369137220133	-0.00304524940722	0.00929771039772	0.0390572636879	0.0483126410022	-0.0113211952179	0.0166368235583	-0.0595662944303	0.0130091942858	0.041143227956	-0.0377577078639	0.0118481337664	-0.0202684541919	-0.0465469183235	0.0177348833585	-0.0161483452238	-0.049675294591	0.0118248937942	-0.0221333105356	-0.0203146374838	0.0213208493452	0.0101727833339	-0.0795172597301	-0.0507213061001	0.0201372683442	-0.0208459924458	-0.0125698594334	-0.0225033567301	-0.0141935591538	0.0033993781793	0.0258394035914	-0.0489335865882	0.0058179315247	-0.0339358024575	0.0216347819233	-0.0145064601462	-0.0293718941279
k__Bacteria;p__Firmicutes;c__Clostridia;o__Clostridiales;f__Lachnospiraceae;g__;s__[Eubacterium]_rectale	-0.0549093357566	-0.0252217746438	-0.0460526913676	-0.0418189595549	0.0247451278752	-0.011370048769	0.0411137787393	-0.0168192204013	0.0169919771151	0.00460158308343	0.0380688556112	-0.0143997880213	-0.0321531885829	-0.0164454718615	1.0	-0.0191611016712	0.000498661022477	-0.0183115692992	0.0111317710207	0.020604601406	0.0135038397962	0.0210305664761	-0.00557494173198	-0.0209632684725	-0.0339964228501	0.00457613595331	-0.00122035019125	-0.00817265883004	-0.0758066242933	-0.0148704321145	0.0514524891101	0.0170457134999	0.0203175372852	0.0120051609297	0.00253050459924	0.0192735379168	-0.0241865969311	-0.00273475810094	0.017852400414	0.00936955819485	-0.0325112605597	0.0204031700304	-0.0486214823154	-0.0213414473159	-0.0110540510664	-0.0316110756169	-0.0058407292319	-0.001870890503	-0.0228027127902	-0.00129911873764	-0.042441992878	-0.0544591422185	-0.0074727663328	0.0171210619007	-0.0448809659655	-0.0431054697283	0.00924963844745	-0.0263993224087	-0.0348373919792
k__Bacteria;p__Bacteroidetes;c__Bacteroidia;o__Bacteroidales;f__Bacteroidaceae;g__Bacteroides;s__Bacteroides_plebeius	0.00867542029378	0.0187783213502	-0.0383741969865	-0.0323350352827	-0.0105808951172	0.0163671727699	-0.0509727662413	0.0245826794038	-0.0452223871368	0.0213151935397	-0.0317475834279	-0.036283916047	-0.0390926923727	0.00596475987953	-0.0191611016712	1.0	-0.00944003835245	-0.00429097547044	0.0176700682572	-0.0697369256973	0.0506075165084	0.014712655914	-0.0508194719987	-0.0274901883663	-0.0736387847789	-0.0279299651044	-0.00629674837494	-0.0900278222081	-0.0099207955132	0.0156606128652	0.0172782928408	-0.0242784182418	0.0078961402175	0.00141435810272	0.0113234264843	-0.0213738849873	-0.0551725991605	-0.046353510779	-0.00763276690506	-0.0160953672422	-0.00537423569035	-0.0364805214112	0.0373549482864	-0.00969984364828	0.028849626078	0.000420610978578	-0.0199275141653	-0.0221331551541	0.0128119133404	0.0457781663008	-0.0289251292807	-0.0253085920649	-0.0968722618812	-0.00516624440805	-0.00672957488646	0.050277783286	-0.0300712339986	0.0613851470254	-0.0165942871331
k__Bacteria;p__Bacteroidetes;c__Bacteroidia;o__Bacteroidales;f__Bacteroidaceae;g__Bacteroides;s__Bacteroides_fragilis	0.0257622460238	-0.00971989555078	0.0151238965797	-0.0125378068624	-4.65854895675e-05	0.0294007803825	-0.0568228469057	0.0363752920022	0.0117686879876	0.0310133593036	0.0326229681292	0.0335367706972	0.0303959104609	0.00717830587799	0.000498661022477	-0.00944003835245	1.0	0.0235036560664	-0.00400987116483	-0.0349033736132	-0.0439516527258	0.0526431769014	0.0628369120751	-0.0145662854187	-0.0393694741226	-0.00454744979245	-0.0104711267749	0.0218861147258	-0.0365732660984	-0.0317869142498	-0.041646815267	-0.0109136151142	0.00935473618158	0.0623314911562	0.00918180377467	-0.0122632094937	-0.0191332053995	-0.0195106351973	-0.00495503822066	-0.0090927868496	0.00411551778805	0.0313995486452	-0.0295135494737	-0.0259587900948	-0.0074338038353	0.0138533080597	-0.00224826340597	0.0176629002454	0.0250276653416	-0.0350975099039	-0.0185066457844	-0.0168532164394	-0.0270858304316	0.0232963193288	-0.0413051694165	-0.0190599765869	0.044421373314	-0.0501704188384	0.0141910052225
k__Bacteria;p__Proteobacteria;c__Betaproteobacteria;o__Burkholderiales;f__Sutterellaceae;g__Sutterella;s__Sutterella_wadsworthensis	-0.0785354305459	0.0236535455725	0.00534279779108	0.0353722538971	0.0275337595555	-0.0103027742221	0.0334720398182	-0.0343634094517	0.0103888938044	0.00842277050292	0.013259480926	0.0310830099463	0.0152940138779	-0.0309509009665	-0.0183115692992	-0.00429097547044	0.0235036560664	1.0	-0.0131574466051	0.0992502492175	-0.0442968276965	-0.0703952837688	-0.00262468515774	-0.0459033921468	-0.0730770633752	0.0230600444882	0.0397399650199	-0.0216212956923	0.0245312014544	-0.039868930016	-0.0525419476718	0.0058426511645	-0.0224554025844	-0.0522837357525	-0.0238698016008	-0.00338101041122	0.00137231933788	-0.0725826829759	-0.0332353097939	0.00561313127486	-0.0239553275183	-0.00602769147593	-0.0566707189697	-0.0475098974435	-0.0304577160049	0.0149420119247	0.0119631892092	0.0157577425821	0.000548641028851	0.0122034027538	-0.0300971629146	0.0472068635103	-0.0575903956139	-0.0585346579022	-0.0175390711451	-0.0306629655533	0.00672459944062	0.0256095632726	-0.0441369946926
k__Bacteria;p__Bacteroidetes;c__Bacteroidia;o__Bacteroidales;f__Porphyromonadaceae;g__Barnesiella;s__Barnesiella_intestinihominis	-0.0223784409444	0.0335045776621	0.00886774112348	0.00704620817934	0.00142308313774	-0.122810112496	0.00701524224475	-0.00792840126282	-0.0100754998432	0.0167099482037	-0.012141615646	0.012808801703	0.00960300167328	-0.00852654965456	0.0111317710207	0.0176700682572	-0.00400987116483	-0.0131574466051	1.0	-0.0486215684766	-0.0118850738539	0.0150690281286	-0.0151932368437	-0.0117679279571	-0.0382070562072	0.0439930939733	0.0221068555736	0.0490745414559	-0.0375553596105	-0.0476317784838	-0.0693707693048	-0.00948765710911	-0.0619560956922	-0.038807735987	0.0168874280288	0.0432340432339	-0.0217515429782	-0.00186690007849	-0.0477407852289	-0.0182954859081	0.0426685528797	0.0529612423157	-0.0566959347388	-0.0326187236035	-0.00911622673709	0.0027153108639	-0.0681577107616	0.0440023016433	-0.0659557501147	-0.0142939843866	-0.0212975189598	-0.07118345986	-0.0178447726861	-0.00668817705822	0.024561256179	0.0228946986331	0.0583035735291	-0.0224865430061	-0.053157254637
k__Bacteria;p__Bacteroidetes;c__Bacteroidia;o__Bacteroidales;f__Odoribacteraceae;g__Odoribacter;s__Odoribacter_splanchnicus	-0.0424931754019	0.0355350666538	0.00159862084789	-0.0393858224074	-0.00544050658757	-0.00122755193062	-0.00531533156535	-0.075642013718	-0.0159526915244	-0.0323868301311	-0.0158363121803	0.00324212047304	-0.00528402870573	0.0182637833678	0.020604601406	-0.0697369256973	-0.0349033736132	0.0992502492175	-0.0486215684766	1.0	-0.0426299705873	-0.00845293264935	-0.015440650069	0.0147347432078	0.0258408072073	0.0473962503406	-0.0670429441118	0.0115019509153	-0.011843133802	-0.00272383230656	0.0633258545811	0.0340875575076	0.0373018686189	-0.00781844724022	-0.00139152592976	-0.107974164242	-0.0189801830757	-0.0712293871188	0.02477050243	-0.0383691880523	-0.0192446730707	-0.0334457804584	-0.0703976898788	0.0166578465279	0.000597893377904	0.0131082833087	0.000773694014566	-0.0087895306297	-0.0258151512211	-0.032334045358	-0.0244136183165	-0.0152414975054	0.0120168521753	0.0330621687515	-0.0538647984775	0.00626135064497	-0.0130583573544	0.0192998939847	0.018641631294
k__Bacteria;p__Bacteroidetes;c__Bacteroidia;o__Bacteroidales;f__Bacteroidaceae;g__Bacteroides;s__Bacteroides_salyersiae	-0.0454119444481	-0.0552557423881	0.00401950649849	0.0139994919236	-0.0630556684588	0.00941163895906	0.0088767556891	-0.0217909667572	-0.0308152002558	0.039429699572	-0.0256704013058	-0.0198448355024	0.017965358212	0.0331402011168	0.0135038397962	0.0506075165084	-0.0439516527258	-0.0442968276965	-0.0118850738539	-0.0426299705873	1.0	0.0219024814266	-0.00170354022039	0.0267980808849	-0.00538507046852	0.0207003495957	-0.0543353497232	0.0272377748804	-0.0137161770058	-0.074906642207	-0.0185914340389	0.0153879054801	-0.0446414407079	-0.020918258121	0.0517216321342	0.028573493949	0.00325114487754	-0.0610261234071	-0.0138554938445	-0.00394570657927	0.0116521401829	-0.00589431169439	-0.0254497020521	-0.0148099687802	0.0303594724148	-0.037281588687	-0.063496547857	0.0355574181063	-0.0314281897261	0.0124826871477	-0.00256805476579	-0.0121968177354	-0.0578241414134	-0.0231555617096	-0.0436997983204	0.0245232118117	-0.00756721915853	0.0181207420053	0.0233466285291
k__Bacteria;p__Firmicutes;c__Clostridia;o__Clostridiales;f__Ruminococcaceae;g__Ruminiclostridium;s__[Eubacterium]_siraeum	0.0542068101935	-0.0252000876696	-0.031370383601	-0.0500683583401	-0.0176146759485	-0.0118478047175	0.00772002807978	-0.028512575744	-0.0103892234872	-0.0558525123176	-0.0057100734789	-0.00249803699599	0.000235613910991	-0.00608975572279	0.0210305664761	0.014712655914	0.0526431769014	-0.0703952837688	0.0150690281286	-0.00845293264935	0.0219024814266	1.0	0.0371276386875	0.000736506056193	0.0102834357557	0.00508847344957	0.00528620780657	-0.0259135988897	-0.0444750472631	-0.0723072747968	-0.00612692505448	-0.0281332345314	-0.040933549314	-0.0471446680143	0.0166728114847	-0.0526885463695	0.0318763276627	0.00583616845193	0.0297050747828	-0.0286524157525	-0.0786015898756	-0.036491529604	0.0559708929025	0.0299309465495	-0.0418953805326	-0.0472114401772	0.0080058834755	-0.00999295044685	-0.0415670788296	-0.0251258176314	0.0756598813225	0.00526714906363	-0.0395955506424	-0.0143082108198	-0.0370998125065	0.0494658630177	0.0144517381671	0.0633026527336	0.00866191186116
k__Bacteria;p__Proteobacteria;c__Betaproteobacteria;o__Burkholderiales;f__Sutterellaceae;g__Parasutterella;s__Parasutterella_excrementihominis	0.0576849704976	0.0307985035677	-0.0192661599186	-0.0301991738391	0.0735315938012	-0.0519616273953	-0.0246689228188	-0.0523206091887	-0.00222606843471	0.0158363084638	-0.00564539907485	0.0226958792411	0.0330737488795	0.0369137220133	-0.00557494173198	-0.0508194719987	0.0628369120751	-0.00262468515774	-0.0151932368437	-0.015440650069	-0.00170354022039	0.0371276386875	1.0	-0.0587950315439	-0.0189705234184	0.0201547669514	0.0052544033618	-0.00490377243337	0.0273277941365	-0.017210690364	-0.0157593706206	0.0153476877707	0.0135088166758	-0.00988876421308	-0.0382980762934	-0.0211290814868	0.0259773619735	-0.0194188145642	0.0287281816876	0.062314245002	0.00964480533082	-0.0374350570355	-0.0296518577558	0.0132566869493	-0.0208377670061	-0.0109631015585	0.00422183291122	-0.0111080818371	-0.0126553180899	-0.00548579470426	-0.0271916544581	-0.0458761963234	0.0159788548279	-0.0318527984657	0.0149615478091	-0.061686387219	-0.0116915387281	-0.0245875742722	0.0417934806697
k__Bacteria;p__Actinobacteria;c__Actinobacteria;o__Bifidobacteriales;f__Bifidobacteriaceae;g__Bifidobacterium;s__Bifidobacterium_adolescentis	-0.0302025327096	-0.00762088909838	0.0363769504705	-0.0188861235101	0.0129417751168	-0.0713102621585	-0.00375739015783	0.0171301404833	0.0290881176198	-0.0662475520631	0.0118412913037	-0.0181259527594	0.0217679211016	-0.00304524940722	-0.0209632684725	-0.0274901883663	-0.0145662854187	-0.0459033921468	-0.0117679279571	0.0147347432078	0.0267980808849	0.000736506056193	-0.0587950315439	1.0	-0.0625177033585	0.0117783036081	0.0411528691981	0.0217872415186	-0.0197481794428	0.0198823992313	-0.00181605134026	-0.00819072027183	-0.00742502467104	0.00105800817042	0.0218054874947	-0.0476011554053	-0.00713357209729	-0.0247525519861	0.0085851719094	0.0191121596121	0.0029927379465	-0.0476028297996	0.00351491141125	-0.0610478339609	0.0186162559358	-0.0392012646767	-0.0192320916223	0.0449933731928	-0.0544411358475	-0.0505353338793	-0.0103688976664	-0.0678301251796	-0.0419870975737	0.00505760825482	0.0129894316911	-0.0142867008019	-0.042131728171	-0.0295656764942	0.000602225534542
k__Bacteria;p__Firmicutes;c__Clostridia;o__Clostridiales;f__Oscillospiraceae;g__Oscillibacter;s__Oscillibacter_sp._KLE_1745	0.0438795493157	0.00414138234191	0.0504913544185	0.000239444268377	0.0131817772372	-0.0258326171399	0.0124323244976	0.0549147572517	0.000764190361547	-0.0208168567954	-0.00175855749655	0.00307424663345	-0.0153054839961	0.00929771039772	-0.0339964228501	-0.0736387847789	-0.0393694741226	-0.0730770633752	-0.0382070562072	0.0258408072073	-0.00538507046852	0.0102834357557	-0.0189705234184	-0.0625177033585	1.0	-0.0446607242071	-0.0759832941783	-0.0328845831286	0.0133777674695	-0.0480000051571	-0.0407086502927	0.0148193905358	-0.002008115396	2.56618202456e-06	-0.00970837330585	0.0329622541239	-0.0435633434439	-0.0199406051788	-0.0182855835655	-0.0159383715805	0.00876873378074	0.016489229375	-0.0101635803642	0.0103646743908	-0.0466852421793	-0.0083981552789	0.0238655814194	0.00224306636023	0.0597001239636	0.010184985265	-0.0350626667163	-0.0405162610312	0.0196170719945	-0.0220734172335	0.00989508652034	-0.0780712621986	-0.0195039858326	-0.0229090568513	0.0308481975105
k__Bacteria;p__Bacteroidetes;c__Bacteroidia;o__Bacteroidales;f__Bacteroidaceae;g__Bacteroides;s__Bacteroides_coprophilus	-0.00214128654031	-0.0740208453818	-0.0403177701261	0.00617897103998	-0.0402774578932	0.00792291373825	-0.0419232701647	-0.0443684616826	0.00626634932246	-0.0399855151795	-0.0348423530192	0.0581162925901	-0.0266998473329	0.0390572636879	0.00457613595331	-0.0279299651044	-0.00454744979245	0.0230600444882	0.0439930939733	0.0473962503406	0.0207003495957	0.00508847344957	0.0201547669514	0.0117783036081	-0.0446607242071	1.0	0.00424596086833	0.0202983581082	0.00419246307996	-0.0125014273332	-0.0676940098365	0.000206782460937	0.00710584417056	-0.0096362457256	-0.00863615394707	-0.0749627143107	0.0153738821875	-0.0158786846625	0.0213140689157	-0.0505464434723	-0.0190984781226	0.0302785465225	0.0120002796529	-0.0263363887263	-0.0178598004244	0.0697465917621	0.0728459804649	-0.0146527887963	-0.0656261950602	-0.0841461737155	0.0225000015091	0.0201180682571	0.024169641157	0.0232498516503	-0.0265930764041	-0.044579292386	0.00145947973145	-0.02252627833	0.00645691076669
k__Bacteria;p__Firmicutes;c__Clostridia;o__Clostridiales;f__Lachnospiraceae;g__Roseburia;s__Roseburia_intestinalis	-0.00247334441963	0.0130446141367	-0.00482082810667	-0.0256091492268	0.0566244978596	-0.0468829404188	-0.0175676643794	0.0182186853091	0.0406161582298	0.012408142208	-0.0365267863842	0.037346387001	-0.0537030199079	0.0483126410022	-0.00122035019125	-0.00629674837494	-0.0104711267749	0.0397399650199	0.0221068555736	-0.0670429441118	-0.0543353497232	0.00528620780657	0.0052544033618	0.0411528691981	-0.0759832941783	0.00424596086833	1.0	0.00288995625231	-0.0173548072301	-0.0131208110666	-0.0146104307049	0.0373427068092	-0.00678182108991	0.0119824416359	-0.00245449193927	-0.0333832042429	-0.0151722015707	-0.0427420324429	-0.0164963019591	0.0144547025892	-0.018679820811	-0.0165000888696	0.126933253194	-0.0100586638256	-0.00866193386093	0.000512273659332	-0.0297212159228	-0.0053779178567	0.083956332811	-0.0330777272855	0.0228182914592	0.0438230787786	-0.0368326004523	-0.029429220613	-0.0208323776274	-0.0138841468775	-0.01024852024	-0.0528099283898	0.00185445768358
k__Bacteria;p__Firmicutes;c__Clostridia;o__Clostridiales;f__Lachnospiraceae;g__Roseburia;s__Roseburia_hominis	-0.0357797247292	-0.0220619030019	0.00741847737637	-0.034956378091	-0.00459875233021	0.0088886299112	-0.00209054008021	-0.0606527338113	0.0268894511955	0.000303114938296	-0.00591614767301	-0.0306297842247	-0.049787883238	-0.0113211952179	-0.00817265883004	-0.0900278222081	0.0218861147258	-0.0216212956923	0.0490745414559	0.0115019509153	0.0272377748804	-0.0259135988897	-0.00490377243337	0.0217872415186	-0.0328845831286	0.0202983581082	0.00288995625231	1.0	-0.037496362434	0.0100750467317	0.0397756407348	0.00692969465744	-0.00137654286521	-0.0320452117646	-0.00962298927183	-0.0554740613142	-0.0480772657637	-0.0150700714018	-0.038798422361	0.0222924329307	-0.0394697112333	-0.0127336058392	-0.0475071773442	0.0362439518515	-0.0521802241355	0.024250018775	0.0252243755588	0.0676270602197	-0.00147230922175	-0.000323883389087	-0.0273270241478	-0.0165462337932	-0.0215286660031	-0.00119155492267	0.0181277049859	-0.0279956962533	0.0424174046395	0.00664783378424	-0.0373293600973
k__Bacteria;p__Bacteroidetes;c__Bacteroidia;o__Bacteroidales;f__Porphyromonadaceae;g__Parabacteroides;s__Parabacteroides_johnsonii	0.0228822458799	-0.0501032418045	0.0381094781465	-0.00800516199497	0.0415419910648	-0.0194714803562	0.00900843818865	0.0225421771894	-0.0462957356542	-0.0117481042159	0.0137585599705	-0.00647445472354	-0.0124653586591	0.0166368235583	-0.0758066242933	-0.0099207955132	-0.0365732660984	0.0245312014544	-0.0375553596105	-0.011843133802	-0.0137161770058	-0.0444750472631	0.0273277941365	-0.0197481794428	0.0133777674695	0.00419246307996	-0.0173548072301	-0.037496362434	1.0	-0.0378618399362	0.000292701270236	0.00175295842176	0.0351878513424	-0.0471394227102	-0.0152180755123	-0.0387965497319	0.0186526105563	0.0336764102127	0.0145448550739	-0.00338974079236	-0.020780155219	0.0381210491366	-0.0052766690712	0.016320475537	0.00560298625274	0.00247603080174	0.0152854182337	-0.0390824582163	-0.0961561542215	-0.0360805886857	-0.0233400842904	-0.0236673849959	-0.0276226103268	-0.0165376175248	-0.00734508775448	-0.0504151461964	-0.00523928133749	-0.0724242693323	0.0581953296121
k__Bacteria;p__Actinobacteria;c__Actinobacteria;o__Bifidobacteriales;f__Bifidobacteriaceae;g__Bifidobacterium;s__Bifidobacterium_longum	-0.00473517962762	0.0256105474636	0.0261957168315	0.00132856751122	-0.0526164899607	0.0100048065788	-0.0230208651523	0.0176882876665	-0.0291038383493	-0.0287544370193	0.0486673634745	-0.0268982835696	-0.0351928602559	-0.0595662944303	-0.0148704321145	0.0156606128652	-0.0317869142498	-0.039868930016	-0.0476317784838	-0.00272383230656	-0.074906642207	-0.0723072747968	-0.017210690364	0.0198823992313	-0.0480000051571	-0.0125014273332	-0.0131208110666	0.0100750467317	-0.0378618399362	1.0	-0.0207374272766	0.0295375226909	-0.0263718268283	0.0223265767339	-0.0437883260377	-0.0663703239748	-0.0579838201643	0.00184924952695	0.0366015950383	-0.0432548849802	-0.00993755087202	-0.00476780434404	-0.0030033829585	0.00805042871599	0.0135043108394	0.00969408149291	0.0373738070008	0.015956416942	-0.00515079235615	-0.0340235291012	0.0118070158679	0.0587188022755	-0.0302512199256	0.0323294746768	0.0190983674755	-0.00286796314768	0.034822690291	-0.00227717599952	-0.00845211957234
