#taxonomy	k__Bacteria;p__Bacteroidetes;c__Bacteroidia;o__Bacteroidales;f__Bacteroidaceae;g__Bacteroides;s__Bacteroides_vulgatus	k__Bacteria;p__Bacteroidetes;c__Bacteroidia;o__Bacteroidales;f__Bacteroidaceae;g__Bacteroides;s__Bacteroides_uniformis	k__Bacteria;p__Bacteroidetes;c__Bacteroidia;o__Bacteroidales;f__Rikenellaceae;g__Alistipes;s__Alistipes_putredinis	k__Bacteria;p__Bacteroidetes;c__Bacteroidia;o__Bacteroidales;f__Prevotellaceae;g__Prevotella;s__Prevotella_copri	k__Bacteria;p__Bacteroidetes;c__Bacteroidia;o__Bacteroidales;f__Bacteroidaceae;g__Bacteroides;s__Bacteroides_stercoris	k__Bacteria;p__Bacteroidetes;c__Bacteroidia;o__Bacteroidales;f__Bacteroidaceae;g__Bacteroides;s__Bacteroides_ovatus	k__Bacteria;p__Bacteroidetes;c__Bacteroidia;o__Bacteroidales;f__Rikenellaceae;g__Alistipes;s__Alistipes_shahii	k__Bacteria;p__Firmicutes;c__Clostridia;o__Clostridiales;f__Ruminococcaceae;g__Faecalibacterium;s__Faecalibacterium_prausnitzii	k__Bacteria;p__Bacteroidetes;c__Bacteroidia;o__Bacteroidales;f__Rikenellaceae;g__Alistipes;s__Alistipes_finegoldii	k__Bacteria;p__Bacteroidetes;c__Bacteroidia;o__Bacteroidales;f__Porphyromonadaceae;g__Parabacteroides;s__Parabacteroides_distasonis	k__Bacteria;p__Bacteroidetes;c__Bacteroidia;o__Bacteroidales;f__Bacteroidaceae;g__Bacteroides;s__Bacteroides_thetaiotaomicron	k__Bacteria;p__Bacteroidetes;c__Bacteroidia;o__Bacteroidales;f__Bacteroidaceae;g__Bacteroides;s__Bacteroides_coprocola	k__Bacteria;p__Bacteroidetes;c__Bacteroidia;o__Bacteroidales;f__Bacteroidaceae;g__Bacteroides;s__Bacteroides_cellulosilyticus	k__Bacteria;p__Bacteroidetes;c__Bacteroidia;o__Bacteroidales;f__Rikenellaceae;g__Alistipes;s__Alistipes_obesi	k__Bacteria;p__Firmicutes;c__Clostridia;o__Clostridiales;f__Lachnospiraceae;g__;s__[Eubacterium]_rectale	k__Bacteria;p__Bacteroidetes;c__Bacteroidia;o__Bacteroidales;f__Bacteroidaceae;g__Bacteroides;s__Bacteroides_plebeius	k__Bacteria;p__Bacteroidetes;c__Bacteroidia;o__Bacteroidales;f__Bacteroidaceae;g__Bacteroides;s__Bacteroides_fragilis	k__Bacteria;p__Proteobacteria;c__Betaproteobacteria;o__Burkholderiales;f__Sutterellaceae;g__Sutterella;s__Sutterella_wadsworthensis	k__Bacteria;p__Bacteroidetes;c__Bacteroidia;o__Bacteroidales;f__Porphyromonadaceae;g__Barnesiella;s__Barnesiella_intestinihominis	k__Bacteria;p__Bacteroidetes;c__Bacteroidia;o__Bacteroidales;f__Odoribacteraceae;g__Odoribacter;s__Odoribacter_splanchnicus	k__Bacteria;p__Bacteroidetes;c__Bacteroidia;o__Bacteroidales;f__Bacteroidaceae;g__Bacteroides;s__Bacteroides_salyersiae	k__Bacteria;p__Firmicutes;c__Clostridia;o__Clostridiales;f__Ruminococcaceae;g__Ruminiclostridium;s__[Eubacterium]_siraeum	k__Bacteria;p__Proteobacteria;c__Betaproteobacteria;o__Burkholderiales;f__Sutterellaceae;g__Parasutterella;s__Parasutterella_excrementihominis	k__Bacteria;p__Actinobacteria;c__Actinobacteria;o__Bifidobacteriales;f__Bifidobacteriaceae;g__Bifidobacterium;s__Bifidobacterium_adolescentis	k__Bacteria;p__Firmicutes;c__Clostridia;o__Clostridiales;f__Oscillospiraceae;g__Oscillibacter;s__Oscillibacter_sp._KLE_1745	k__Bacteria;p__Bacteroidetes;c__Bacteroidia;o__Bacteroidales;f__Bacteroidaceae;g__Bacteroides;s__Bacteroides_coprophilus	k__Bacteria;p__Firmicutes;c__Clostridia;o__Clostridiales;f__Lachnospiraceae;g__Roseburia;s__Roseburia_intestinalis	k__Bacteria;p__Firmicutes;c__Clostridia;o__Clostridiales;f__Lachnospiraceae;g__Roseburia;s__Roseburia_hominis	k__Bacteria;p__Bacteroidetes;c__Bacteroidia;o__Bacteroidales;f__Porphyromonadaceae;g__Parabacteroides;s__Parabacteroides_johnsonii	k__Bacteria;p__Actinobacteria;c__Actinobacteria;o__Bifidobacteriales;f__Bifidobacteriaceae;g__Bifidobacterium;s__Bifidobacterium_longum	k__Bacteria;p__Firmicutes;c__Clostridia;o__Clostridiales;f__;g__Flavonifractor;s__Flavonifractor_plautii	k__Bacteria;p__Firmicutes;c__Clostridia;o__Clostridiales;f__Clostridiaceae;g__Clostridium;s__Clostridium_phoceensis	k__Bacteria;p__Verrucomicrobia;c__Verrucomicrobiae;o__Verrucomicrobiales;f__Akkermansiaceae;g__Akkermansia;s__Akkermansia_muciniphila	k__Bacteria;p__Bacteroidetes;c__Bacteroidia;o__Bacteroidales;f__Prevotellaceae;g__Paraprevotella;s__Paraprevotella_xylaniphila	k__Bacteria;p__Firmicutes;c__Clostridia;o__Clostridiales;f__Ruminococcaceae;g__Ruminococcus;s__Ruminococcus_callidus	k__Bacteria;p__Bacteroidetes;c__Bacteroidia;o__Bacteroidales;f__Rikenellaceae;g__Alistipes;s__Alistipes_senegalensis	k__Bacteria;p__Firmicutes;c__Clostridia;o__Clostridiales;f__Lachnospiraceae;g__Blautia;s__Blautia_sp._KLE_1732	k__Bacteria;p__Bacteroidetes;c__Bacteroidia;o__Bacteroidales;f__Bacteroidaceae;g__Bacteroides;s__Bacteroides_oleiciplenus	k__Bacteria;p__Firmicutes;c__Clostridia;o__Clostridiales;f__Ruminococcaceae;g__Ruminococcus;s__Ruminococcus_bicirculans	k__Bacteria;p__Bacteroidetes;c__Bacteroidia;o__Bacteroidales;f__Bacteroidaceae;g__Bacteroides;s__Bacteroides_fluxus	k__Bacteria;p__Bacteroidetes;c__Bacteroidia;o__Bacteroidales;f__Prevotellaceae;g__Prevotella;s__Prevotella_stercorea	k__Bacteria;p__Firmicutes;c__Clostridia;o__Clostridiales;f__Lachnospiraceae;g__Dorea;s__Dorea_longicatena	k__Bacteria;p__Firmicutes;c__Clostridia;o__Clostridiales;f__Eubacteriaceae;g__Eubacterium;s__[Eubacterium]_eligens	k__Bacteria;p__Firmicutes;c__Clostridia;o__Clostridiales;f__Ruminococcaceae;g__;s__Ruminococcaceae_bacterium_D16	k__Bacteria;p__Firmicutes;c__Clostridia;o__Clostridiales;f__Lachnospiraceae;g__Coprococcus;s__Coprococcus_comes	k__Bacteria;p__Proteobacteria;c__Gammaproteobacteria;o__Enterobacterales;f__Enterobacteriaceae;g__Escherichia;s__Escherichia_coli	k__Bacteria;p__Firmicutes;c__Clostridia;o__Clostridiales;f__Ruminococcaceae;g__Anaerotruncus;s__Anaerotruncus_colihominis	k__Bacteria;p__Firmicutes;c__Clostridia;o__Clostridiales;f__Lachnospiraceae;g__Blautia;s__Blautia_obeum	k__Bacteria;p__Bacteroidetes;c__Bacteroidia;o__Bacteroidales;f__Odoribacteraceae;g__Odoribacter;s__Odoribacter_laneus	k__Bacteria;p__Firmicutes;c__Clostridia;o__Clostridiales;f__Ruminococcaceae;g__Ruminiclostridium;s__[Clostridium]_leptum	k__Bacteria;p__Bacteroidetes;c__Bacteroidia;o__Bacteroidales;f__Porphyromonadaceae;g__Parabacteroides;s__Parabacteroides_goldsteinii	k__Bacteria;p__Firmicutes;c__Clostridia;o__Clostridiales;f__Lachnospiraceae;g__Anaerostipes;s__Anaerostipes_hadrus	k__Bacteria;p__Firmicutes;c__Clostridia;o__Clostridiales;f__Ruminococcaceae;g__Ruminococcus;s__Ruminococcus_lactaris	k__Bacteria;p__Firmicutes;c__Clostridia;o__Clostridiales;f__Clostridiaceae;g__Clostridium;s__Clostridium_sp._L2-50	k__Bacteria;p__Firmicutes;c__Clostridia;o__Clostridiales;f__Clostridiaceae;g__Clostridium;s__Clostridium_sp._M62/1	k__Bacteria;p__Firmicutes;c__Clostridia;o__Clostridiales;f__;g__Intestinimonas;s__Intestinimonas_butyriciproducens	k__Bacteria;p__Actinobacteria;c__Actinobacteria;o__Bifidobacteriales;f__Bifidobacteriaceae;g__Bifidobacterium;s__Bifidobacterium_bifidum	k__Bacteria;p__Firmicutes;c__Negativicutes;o__Veillonellales;f__Veillonellaceae;g__Dialister;s__Dialister_invisus	k__Bacteria;p__Bacteroidetes;c__Bacteroidia;o__Bacteroidales;f__Bacteroidaceae;g__Bacteroides;s__Bacteroides_salanitronis
k__Bacteria;p__Bacteroidetes;c__Bacteroidia;o__Bacteroidales;f__Bacteroidaceae;g__Bacteroides;s__Bacteroides_vulgatus	1.0	-0.0352652951776	0.0251893848542	-0.00401792445365	0.0459864393347	-0.00399019290574	0.035792256018	0.033188466508	-0.00194424219716	-0.00933097597488	0.00833603933904	-0.0577009763114	0.0208230822562	0.0999414039463	-0.0139408489323	0.0776134737444	0.00185026692321	-0.0271611075727	0.0163028653775	-0.0496210163766	0.0324171860012	0.0248248068693	0.00196409251354	0.0190788688831	-0.0319797367326	-0.0423786386614	0.0258856052035	-0.0210811454729	-0.0456443459977	0.00886309943666	0.00131697819242	-0.0308035113373	-0.00195816506409	0.056093004198	-0.0129882457953	0.0299347123025	0.0283867473063	-0.0472205513963	0.00571852795568	0.024318585492	0.03428412267	-0.0258816467481	0.00222733591751	-0.0351651466861	-0.0197261535528	-0.0431457898053	-0.00518692497052	0.00871790643728	-0.0301120281808	-0.0229330542887	-0.0850609101396	-0.0101675600991	0.045709145375	-0.0657676512174	-0.00342882099896	-0.0210811203966	-0.011239159011	-0.00978861734945	-0.0416430712996
k__Bacteria;p__Bacteroidetes;c__Bacteroidia;o__Bacteroidales;f__Bacteroidaceae;g__Bacteroides;s__Bacteroides_uniformis	-0.0352652951776	1.0	-0.0172022495992	0.0277845185136	-0.0386381522038	-0.0231157681395	-0.04808498372	-0.00319750002457	0.0644811593886	-0.00922775074871	0.00115353148468	-0.0121424700217	0.104432826561	0.0136172717217	-0.0137422744806	-0.0593379024926	-0.00624931082421	-0.0313961083016	-0.0403550153197	0.00915542553759	-0.00901124500818	-0.0171016153962	-0.0536339730201	0.0204548295236	0.0724581074044	0.0277988232649	-0.0294257583036	-0.0236472910041	0.0242751966042	0.000799483337546	-0.0440891602819	-0.0115672623329	-0.0397066118715	0.0272415536658	-0.0211882954189	-0.0441560751692	-0.0639495674267	-0.08484389032	0.0144325181282	-0.0206403305692	0.00867757162546	0.0323329802522	0.0147305437847	-0.00891136764385	-0.0110157404955	0.0332571236196	-0.0614331438429	0.00541100624407	-0.0204815962612	-0.0538280768373	0.0228565585409	-0.00730380262445	0.0375368141272	-0.0131057098826	-0.0413386401045	0.0675913366934	-0.0177921019427	-0.000936506358239	-0.0317774685016
k__Bacteria;p__Bacteroidetes;c__Bacteroidia;o__Bacteroidales;f__Rikenellaceae;g__Alistipes;s__Alistipes_putredinis	0.0251893848542	-0.0172022495992	1.0	-0.0149239532338	-0.0134260333829	-0.00897340742646	-0.0109839949625	-0.044533203622	-0.0153853930713	-0.000347021290898	-0.00263361574251	-0.0172999658099	0.035971432751	-0.0237090442629	-0.00250451214124	-0.0129410981829	0.00346953958231	0.00662366093778	0.0146004799905	0.0465828631267	-0.0329235653407	-0.0246696629235	-0.0153883119251	-0.0041155794467	-0.0626453196516	-0.0220421351347	0.0198019368861	-0.0314558324214	0.0196135461705	-0.000359797134478	0.0150405406913	-0.0815728879253	0.0357957693734	0.00900517633176	0.0122218466018	0.0175197708462	0.0383729985491	-0.0519867042004	0.0442622865423	-0.000579378201369	0.0132294605603	0.00443137340225	-0.0569939835155	0.049657901934	0.000573852454558	-0.0392143478558	0.00134637735434	-0.0448941621618	0.033460547341	0.00620626968483	0.0296862437253	-0.018706619658	-0.0346251269506	-0.0452105997757	0.00399721067424	0.0223281855747	-0.00475134953471	-0.0353865176307	0.0554250529222
k__Bacteria;p__Bacteroidetes;c__Bacteroidia;o__Bacteroidales;f__Prevotellaceae;g__Prevotella;s__Prevotella_copri	-0.00401792445365	0.0277845185136	-0.0149239532338	1.0	0.00217665733031	0.0353517205968	-0.0140639989806	-0.0381204778955	0.0277243650523	-0.0804969432163	0.0077016393054	-0.00419213436198	-0.0010828580862	0.0555107174607	0.0185161513029	-0.0477581387426	-0.0504751308768	-0.0732974322865	-0.00848891765146	-0.0264398775528	-0.0194029018001	-0.000207044167381	0.00427192795465	0.0454110498326	0.0519243207606	-0.0145253652674	-0.0272613174614	-0.0179031620321	-0.06752040996	-0.0606975265716	0.0359302397713	-0.0408758800983	0.00489693499649	0.0022231187214	-0.0114023031293	-0.037731847195	0.0386715237476	0.0510056295987	-0.00619387070744	0.0109405117045	0.00365346090966	-0.0180600376585	0.0158536730227	-0.00949152699586	-4.60654620886e-05	-0.0382116169268	-0.0273504053978	-0.0594850248623	0.0372134593084	0.0134464182413	0.030882978273	-0.0377166708677	-0.068635604087	0.0402662704761	-0.00911596524502	-0.0706456614188	0.00103085619038	0.0285496850967	-0.0392677614555
k__Bacteria;p__Bacteroidetes;c__Bacteroidia;o__Bacteroidales;f__Bacteroidaceae;g__Bacteroides;s__Bacteroides_stercoris	0.0459864393347	-0.0386381522038	-0.0134260333829	0.00217665733031	1.0	0.0106112236992	0.0135606614802	-0.0759572353476	-0.062280440557	-0.000463515736228	0.00794598726882	0.0698571457789	-0.0485709409585	-0.0309785904219	-0.0210964682601	-0.0691444817489	-0.00771219484706	0.0087011085993	-0.00799942817345	-0.039783525627	-0.00391038020527	0.0268302603799	-0.0261803252305	0.0192917448451	-0.0544420637157	0.0189245168996	-0.066675335177	0.00522594249574	-0.0218671848119	-0.0217590545982	-0.037133265451	-0.0581375295687	0.108180017609	-0.0215990512107	-0.0113377070634	-0.0244933717117	0.0430180715724	0.0254837044666	-0.0129040297656	-0.00841145304415	0.00268550430772	-0.0254227036484	-0.0523687183223	-0.0136304826379	-0.0173048025028	-0.024772207982	0.0268326194849	0.0195006504651	-0.0233242126185	-0.0234125398118	-0.00527936140906	0.0125848221927	0.023052301468	0.0130023964224	-0.0374384938843	-0.0186079995025	-0.00979000821268	0.00387717210072	0.00164694668276
k__Bacteria;p__Bacteroidetes;c__Bacteroidia;o__Bacteroidales;f__Bacteroidaceae;g__Bacteroides;s__Bacteroides_ovatus	-0.00399019290574	-0.0231157681395	-0.00897340742646	0.0353517205968	0.0106112236992	1.0	0.0426483610693	0.00157388779317	-0.0319648638284	0.0294030488739	-0.0259730958072	0.0271303026533	-0.0561232249517	-0.00510782031258	-0.0189188448823	-0.0058042670977	-0.0202721491014	-0.015711200322	-0.0218561637403	0.0196263621329	-0.0483648556612	0.00781499357582	-0.0500104827157	0.0122640354914	0.032746291581	-0.0638360164229	-0.0374255232676	-0.0747957679164	-0.00395971855182	-0.0623557076934	-0.0227535330006	-0.0691701616192	-0.0152709360307	-0.0244758727651	-0.00666573658558	-0.0379469264055	-0.0385971275997	-0.0103300102469	-0.0117390563005	0.00481501220956	-0.0574209751443	0.0222107677369	-0.00124046883486	0.00681355343148	0.000601098308179	0.0507643884412	0.00315135229578	0.0250289251241	-0.0271777053234	0.00935496353525	-0.03042261948	-0.00360493756144	0.00540918576493	0.00367625366804	0.00776536404911	0.0239097078023	0.00374366147838	0.00946057359982	-0.0198517204708
k__Bacteria;p__Bacteroidetes;c__Bacteroidia;o__Bacteroidales;f__Rikenellaceae;g__Alistipes;s__Alistipes_shahii	0.035792256018	-0.04808498372	-0.0109839949625	-0.0140639989806	0.0135606614802	0.0426483610693	1.0	-0.0500797636144	0.00974454196201	-0.00979392633619	-0.00178294364797	0.0248290256634	-0.035791829355	-0.0514921544953	-0.00637199624479	-0.0219740568826	0.0257731939851	-0.00649045215794	-0.000437273067408	0.0403783566908	0.00758274164657	-0.0245977664559	-0.0277060991353	-0.00512646427671	-0.0587734049263	0.00132681534282	-0.0381499526149	-0.0239131086783	-0.0639475635093	0.0212212572128	-0.00379795482543	-0.0159544006622	-0.0276379911771	0.0438258194034	-0.02249443698	0.0342202163492	0.0137076133947	-0.0315542935634	0.0233601859257	-0.0126425292925	-0.0215191077274	-0.0332234447575	-0.0531766419086	-0.0295408130087	0.0112691884128	-0.00210144846	0.00367571614915	-0.0150570446205	-0.0120347860004	-0.051772041074	-0.0171676251978	-0.0475535046535	-0.046572927543	0.0190790163181	0.011333290689	-0.0316646120159	-0.0915185817234	-0.023116108824	-0.0395111448283
k__Bacteria;p__Firmicutes;c__Clostridia;o__Clostridiales;f__Ruminococcaceae;g__Faecalibacterium;s__Faecalibacterium_prausnitzii	0.033188466508	-0.00319750002457	-0.044533203622	-0.0381204778955	-0.0759572353476	0.00157388779317	-0.0500797636144	1.0	-0.0506919816873	0.0336039265462	0.0768722628332	0.0170178331999	-0.0799709668791	0.0604057779327	-0.0149694713234	-0.0930376114366	0.0398535499164	-0.0159964364824	0.0184047722382	-0.0476609957736	0.038114152433	-0.0729554052435	0.0405485417623	-0.0530007910173	-0.0365445386636	-0.0435405209127	-0.00601976485194	-0.00611726006652	-0.0254651277812	-0.0159643142347	-0.0268827268823	-0.0402712957825	0.0253422400948	-0.0267927714011	0.0350442053025	-0.0247754222736	0.0288986936775	-0.0515888170692	-0.00436495397241	0.0631848378882	-0.000512818175242	0.00603306085974	8.24098470209e-05	-0.0842679198741	0.00731977385325	-0.0108210158931	0.0264018732172	0.00802089979426	0.0125355292923	0.0103248295185	-0.0352537358249	0.0186004004894	-0.0194120046733	0.0187404350668	-0.00240553649494	0.0293020630186	-0.0314757190845	0.000351146277872	0.0136316970489
k__Bacteria;p__Bacteroidetes;c__Bacteroidia;o__Bacteroidales;f__Rikenellaceae;g__Alistipes;s__Alistipes_finegoldii	-0.00194424219716	0.0644811593886	-0.0153853930713	0.0277243650523	-0.062280440557	-0.0319648638284	0.00974454196201	-0.0506919816873	1.0	-0.0224757951279	-0.0602113484957	-0.0458061721826	-0.012884894759	0.00253201938252	-0.0176739704043	0.0502287190539	-0.0194134807644	-0.0168493037053	0.00454511699191	-0.0245060871626	0.0410306948757	0.00649021257528	0.00351180962711	0.0499078511042	0.0184385403389	-0.0454352076281	-0.00748880221054	0.00224426417276	-0.0506576760673	0.017728612571	-0.0335496323964	0.0581072931305	0.0291370300093	0.00962009017843	-0.00309468930381	0.0317711288116	0.0103392567463	0.041252946253	-0.0121236893457	0.00649431428852	-0.065739033198	-0.0245890774261	0.0587410261535	0.00102696742291	0.0593947184942	0.0188969148295	0.0259248395932	-0.0271171611106	-0.0421946502089	-0.0372160229325	0.0296713448983	-0.0567895546244	-0.033598625371	0.0103673413014	-0.0307216409311	-0.050263984869	-0.0143933591237	-0.0627556734191	0.0588468537417
k__Bacteria;p__Bacteroidetes;c__Bacteroidia;o__Bacteroidales;f__Porphyromonadaceae;g__Parabacteroides;s__Parabacteroides_distasonis	-0.00933097597488	-0.00922775074871	-0.000347021290898	-0.0804969432163	-0.000463515736228	0.0294030488739	-0.00979392633619	0.0336039265462	-0.0224757951279	1.0	-0.0376755256019	-0.0238660259946	0.00718028352955	-0.0262592261906	-0.0313233659517	-0.0167211177595	-0.0235426345723	0.0319639529491	-0.0718713972257	0.0310483869462	0.0274353915584	-0.0118825044764	0.0321990034164	0.00535762145999	-0.0219376765788	-0.0496755618485	0.0342838594904	-0.0180779860768	-0.00780490062659	-0.036565088432	-0.0383849382298	0.0357408571421	-0.0899390389015	-0.0791576270697	0.0714490671552	0.0284527274404	-0.00271885832317	-0.0179026008649	-0.00897835403742	0.0253112864213	-0.00227113085161	0.0167469372502	-0.0401434093965	0.0160360064004	-0.0133304315606	-0.0170663760847	-0.000972649407031	-0.0995341345695	0.00649529732324	-0.0463671531798	0.0371275284803	0.0264931914828	0.00109526334792	-0.00713592744657	-0.00769019188773	0.0226698491287	-0.0971811131667	-0.0414200795658	-0.0165393589237
k__Bacteria;p__Bacteroidetes;c__Bacteroidia;o__Bacteroidales;f__Bacteroidaceae;g__Bacteroides;s__Bacteroides_thetaiotaomicron	0.00833603933904	0.00115353148468	-0.00263361574251	0.0077016393054	0.00794598726882	-0.0259730958072	-0.00178294364797	0.0768722628332	-0.0602113484957	-0.0376755256019	1.0	-0.014519921354	0.0348692427787	-0.00522438769924	0.00425220617339	-0.0711981623358	0.00197578035687	0.00502480718083	-0.03398751444	-0.0831233811216	0.0182905178156	-0.0176237813129	-0.00216518481696	0.0110655438437	-0.0222111903721	0.00252188317331	-0.106058081391	0.0473391570331	-0.0090215351518	0.00530328584991	-0.0183541955817	0.0251411220721	-0.0250260345617	0.0598976932568	0.0293462408814	0.00674592526381	-0.00393592465955	-0.0515278717833	-0.0563145543177	-0.0577908895258	-0.0583771244738	0.00235794828942	-0.00578974328702	0.0339760780662	0.0189710969829	-0.0113802633721	0.0123219667377	0.0213230382785	0.0196988697555	-0.085443275057	0.0242227233916	-0.0464191460298	-0.0415972190119	0.00856470762322	-0.0121278332854	0.0113760860064	-0.0687172566226	-0.0143999333087	0.00458069916574
k__Bacteria;p__Bacteroidetes;c__Bacteroidia;o__Bacteroidales;f__Bacteroidaceae;g__Bacteroides;s__Bacteroides_coprocola	-0.0577009763114	-0.0121424700217	-0.0172999658099	-0.00419213436198	0.0698571457789	0.0271303026533	0.0248290256634	0.0170178331999	-0.0458061721826	-0.0238660259946	-0.014519921354	1.0	0.0426285958222	-0.0110438003512	-0.0518787078923	-0.0943947607326	0.0195271744672	0.01915292311	0.000907244512558	0.0322621762802	-0.00420054632546	-0.0401582950581	-0.0552271382218	-0.0369762058476	0.0309829890896	-0.0301519193459	-0.0576232277189	-0.0626725371441	0.00354656682822	0.0295736029511	0.0168811825306	-0.0151006809516	-0.0173839745517	-0.0202703142871	-0.0343554515786	0.0168002538273	-0.0209540222964	-0.0100045158438	-0.0388256075059	0.000964453011529	0.0201295797942	0.0271310243956	-0.0498801261966	0.0587498788013	-0.00135676497207	-0.0290818339022	-0.052432458955	-0.0258974592346	0.0376887095433	-0.0369413695581	-0.0501486442515	0.0353275647605	-0.0127095391932	0.0438306668106	0.0131542298112	0.0812045440175	0.0338765665573	-0.0600999726602	-0.0220996143014
k__Bacteria;p__Bacteroidetes;c__Bacteroidia;o__Bacteroidales;f__Bacteroidaceae;g__Bacteroides;s__Bacteroides_cellulosilyticus	0.0208230822562	0.104432826561	0.035971432751	-0.0010828580862	-0.0485709409585	-0.0561232249517	-0.035791829355	-0.0799709668791	-0.012884894759	0.00718028352955	0.0348692427787	0.0426285958222	1.0	-0.0497010808497	-0.0028360847649	0.000966637223152	-0.0214022762946	-0.0247788261261	-0.0405526881408	-0.0812508975128	-0.0085733052781	0.0240666320761	0.0103960541774	0.0372814976177	0.0213255088827	-0.0261601775958	-0.0559866452084	0.0135626231726	-0.0642531321219	0.0268722877093	-0.00997251456269	0.0242004228051	-0.0799061591709	0.00958484215222	-0.0123454745654	-0.0163566901616	-0.0500839114334	0.0160529053913	-0.0158115613779	0.00293912577552	-0.00994382147122	0.0439715787259	0.0494630915476	0.00127527139163	-0.0105905232419	-0.0167276029217	0.049387243861	-0.0273568538762	-0.0689617749675	-0.0639054319333	-0.0169133916315	0.00939056880819	0.0132011687008	0.0180341336943	-0.000153968930973	-0.0221508105701	-0.0219143084085	0.0712514200599	0.00136369287883
k__Bacteria;p__Bacteroidetes;c__Bacteroidia;o__Bacteroidales;f__Rikenellaceae;g__Alistipes;s__Alistipes_obesi	0.0999414039463	0.0136172717217	-0.0237090442629	0.0555107174607	-0.0309785904219	-0.00510782031258	-0.0514921544953	0.0604057779327	0.00253201938252	-0.0262592261906	-0.00522438769924	-0.0110438003512	-0.0497010808497	1.0	-0.0629471253353	-0.039370642431	-0.00344688813825	-0.000774727810367	-0.00307312901756	-0.06157136177	0.0253194699801	0.00343507663898	0.0432179415458	0.000240094550533	-0.0126315296343	-0.0287980094142	0.0412306754471	0.000101460249471	-0.0422470962589	0.00516705388954	-0.00247764595506	-0.02677220614	-0.0259445343897	-0.000141602419982	-0.0145755897922	-0.0262980547356	-0.0423970943748	-0.0568483674954	0.0396116118202	-0.0137865221186	0.0191034947407	-0.0300618257751	-0.087961910464	0.0503704764371	-0.0289288487133	0.066332548836	0.0394475462077	-0.0129555813519	0.0290668443618	-0.0521906140683	-0.00543384661558	-0.0257744430462	0.0622215495215	0.00198756628143	-0.0290207647086	0.0231127703931	-0.0513142546639	0.00939010270962	-0.0601215482984
k__Bacteria;p__Firmicutes;c__Clostridia;o__Clostridiales;f__Lachnospiraceae;g__;s__[Eubacterium]_rectale	-0.0139408489323	-0.0137422744806	-0.00250451214124	0.0185161513029	-0.0210964682601	-0.0189188448823	-0.00637199624479	-0.0149694713234	-0.0176739704043	-0.0313233659517	0.00425220617339	-0.0518787078923	-0.0028360847649	-0.0629471253353	1.0	-0.0187228634541	-0.0355815150387	0.0413411671407	0.0341884974147	-0.0176973622348	-0.00168426944583	-0.0384020403133	-0.031917313621	-0.036891879524	0.00798196758511	-0.00444480044542	0.0723850061417	0.029877391839	-0.0356485767926	0.0188997432783	0.0130704740195	0.0275948426324	0.00239187933733	0.0393816002561	0.0732129997057	-0.0279530013298	0.0377218959551	0.033930047197	-0.0393346363589	-0.0319038124628	-0.00998232335792	-0.0727984498875	-0.0249438493573	-0.0505687965241	-0.0016011457665	-0.0212288883194	-0.0106993765501	0.00646522999805	-0.00678982909241	-0.0135383962795	-0.024590092791	0.0171080272129	-0.0139017571282	-0.0442534612725	-0.022156515783	-0.0560707622212	0.0148292291776	-0.037033513261	0.0186467120642
k__Bacteria;p__Bacteroidetes;c__Bacteroidia;o__Bacteroidales;f__Bacteroidaceae;g__Bacteroides;s__Bacteroides_plebeius	0.0776134737444	-0.0593379024926	-0.0129410981829	-0.0477581387426	-0.0691444817489	-0.0058042670977	-0.0219740568826	-0.0930376114366	0.0502287190539	-0.0167211177595	-0.0711981623358	-0.0943947607326	0.000966637223152	-0.039370642431	-0.0187228634541	1.0	0.00910913207042	0.032192817915	0.0122265822973	-0.00847445655431	-0.0359910398131	0.0204650323564	-0.0528422275454	0.0240598333895	0.024468371252	-0.010077701935	-0.00172154290346	0.0184487340463	0.0858827756943	0.0472974493642	-0.00376233102647	-0.0359290843239	-0.0130679086398	-0.0331232277368	-0.0327851279438	0.00884638869851	-0.0151545946248	0.00445149619964	0.0249487744642	0.0230928131433	-0.0404749627137	-0.00109906531991	-0.0219722817365	0.0201069696904	-0.019091669458	-0.0242197958676	-0.0292889402908	-0.00516842751969	0.0103092458528	-0.0546811585203	0.00367526385435	0.0231790562206	0.0436165270938	0.0293385239777	-0.0395270782265	0.015532801301	0.00797455563579	-0.033824104542	-0.00919606670856
k__Bacteria;p__Bacteroidetes;c__Bacteroidia;o__Bacteroidales;f__Bacteroidaceae;g__Bacteroides;s__Bacteroides_fragilis	0.00185026692321	-0.00624931082421	0.00346953958231	-0.0504751308768	-0.00771219484706	-0.0202721491014	0.0257731939851	0.0398535499164	-0.0194134807644	-0.0235426345723	0.00197578035687	0.0195271744672	-0.0214022762946	-0.00344688813825	-0.0355815150387	0.00910913207042	1.0	-0.0276651878334	0.0261216872165	-0.000315405026177	-0.0364906038639	-0.0244772208325	0.00257823419906	0.00863771066109	0.0220311331767	0.0234000796263	-0.0897185577175	-0.0550704513262	0.0371699083839	0.0274183448481	-0.00769053706275	0.0191332768535	0.034766223959	-0.0204635417871	-0.0482697003351	0.0172262491197	0.0250294496758	-0.0402231345927	-0.0440381162427	0.040627480187	0.0122444786259	-0.0510265341724	-0.00895648555746	-0.0108823853927	0.000542514152691	-0.0222659410724	-0.0122036885556	0.0203763257783	0.0177250837459	-0.0299487708195	-0.0821630908657	0.0583073354146	0.0164075010562	0.0264088936115	-0.0529669573121	0.0114899117619	-0.00614516382885	-0.0131702666706	-0.00847053355607
k__Bacteria;p__Proteobacteria;c__Betaproteobacteria;o__Burkholderiales;f__Sutterellaceae;g__Sutterella;s__Sutterella_wadsworthensis	-0.0271611075727	-0.0313961083016	0.00662366093778	-0.0732974322865	0.0087011085993	-0.015711200322	-0.00649045215794	-0.0159964364824	-0.0168493037053	0.0319639529491	0.00502480718083	0.01915292311	-0.0247788261261	-0.000774727810367	0.0413411671407	0.032192817915	-0.0276651878334	1.0	-0.036497760673	0.00195747014857	0.0258773594643	0.0050499428468	0.0101500979144	-0.0442152592884	0.0189732367265	0.0184300328129	0.0331305329307	-0.0161554236399	-0.0173347376395	-0.030526954912	-0.0421198475474	0.00886862978362	0.0147824538555	-0.0306546786603	-0.0218283268523	0.0470316438343	-0.0151569164533	-0.000744355913551	0.0129559513921	-0.0483690163001	-0.0170962930513	0.016409257358	-0.0203253368671	0.00938625680084	-0.0751892171368	-0.0111996043773	-0.0212213667063	-0.0386526120786	-0.0224220275475	-0.0172034121241	0.00225228089959	0.0341252828191	0.0282608403097	0.00098617946833	0.0155497799279	-0.0127689059496	0.0242339537963	-0.0101581338566	0.0488295128267
k__Bacteria;p__Bacteroidetes;c__Bacteroidia;o__Bacteroidales;f__Porphyromonadaceae;g__Barnesiella;s__Barnesiella_intestinihominis	0.0163028653775	-0.0403550153197	0.0146004799905	-0.00848891765146	-0.00799942817345	-0.0218561637403	-0.000437273067408	0.0184047722382	0.00454511699191	-0.0718713972257	-0.03398751444	0.000907244512558	-0.0405526881408	-0.00307312901756	0.0341884974147	0.0122265822973	0.0261216872165	-0.036497760673	1.0	0.018685028105	-0.0650433035369	-0.0441669579975	-0.0200074954741	-0.0179783917474	0.00948153572542	0.0208327328491	-0.0357121712034	-0.0252411168366	0.0498249670445	-0.0174607278667	0.0387834527979	-0.0468823252855	-0.0203746849132	0.0147364957671	0.0231162337119	-0.0162529336643	-0.00329038937357	-0.0140414372822	0.00742463342184	-0.0513839871139	-0.0189230235083	0.0147376202451	-0.0149714206478	-0.0432660314848	-0.0320768844157	-0.0310524215435	-0.0783343332494	0.0500096871773	0.0093323089477	-0.0172063140548	-0.0286064104288	-0.027157400178	-0.00330762969291	-0.00789841556085	0.00758356990128	-0.00823256624516	0.0261783767507	-0.0265115928647	-0.0377546519548
k__Bacteria;p__Bacteroidetes;c__Bacteroidia;o__Bacteroidales;f__Odoribacteraceae;g__Odoribacter;s__Odoribacter_splanchnicus	-0.0496210163766	0.00915542553759	0.0465828631267	-0.0264398775528	-0.039783525627	0.0196263621329	0.0403783566908	-0.0476609957736	-0.0245060871626	0.0310483869462	-0.0831233811216	0.0322621762802	-0.0812508975128	-0.06157136177	-0.0176973622348	-0.00847445655431	-0.000315405026177	0.00195747014857	0.018685028105	1.0	-0.017298490068	0.0253872266227	-0.0228558550093	0.0139698607953	0.0159971745955	-0.00239720020625	-0.0080274668037	-0.0175741591348	-0.0174087811997	0.0480319313979	-0.0528115001237	-0.0486268775979	-0.00841326457328	-0.0530096027955	-0.0229951583554	-0.00849356423202	-0.0363673608226	0.00508788829336	0.00574709978731	0.0326021060592	0.00692594227792	0.0582583648164	-0.039651065484	0.059568893635	0.0117802274885	-0.00864672711747	-0.0409613280001	-0.0542815634579	-0.0179464544744	0.0168003291962	-0.046845159265	0.0429902422281	-0.00491649703192	0.0382548561401	-0.0460726209769	-0.00244296669208	-0.000378919229497	-0.0596386008916	-0.0482076953201
k__Bacteria;p__Bacteroidetes;c__Bacteroidia;o__Bacteroidales;f__Bacteroidaceae;g__Bacteroides;s__Bacteroides_salyersiae	0.0324171860012	-0.00901124500818	-0.0329235653407	-0.0194029018001	-0.00391038020527	-0.0483648556612	0.00758274164657	0.038114152433	0.0410306948757	0.0274353915584	0.0182905178156	-0.00420054632546	-0.0085733052781	0.0253194699801	-0.00168426944583	-0.0359910398131	-0.0364906038639	0.0258773594643	-0.0650433035369	-0.017298490068	1.0	0.0252769067321	0.0674927327008	-0.0133855653446	-0.0867634123483	0.0179411900393	-0.0157535019841	-0.00983928292959	0.0393160141255	-0.0110960402928	0.0484446509883	-0.0762201412276	-0.0568695580076	0.00522438051557	-0.00479203730431	-0.00394832448632	-0.0380926895106	0.00397476348103	-0.0260329839685	-0.00857364484561	-0.00449006169899	0.0525865110247	-0.00933698269025	0.0228589791564	-0.00256162590249	0.0478905977788	0.0261602490615	0.0121283107201	-0.0430613960981	-0.0104779581368	0.0437500619288	-0.0121429948663	0.028484528522	-0.0402549537771	-0.0184309202415	-0.03194088795	-0.00871292153766	-0.0136456067678	0.00198409267483
k__Bacteria;p__Firmicutes;c__Clostridia;o__Clostridiales;f__Ruminococcaceae;g__Ruminiclostridium;s__[Eubacterium]_siraeum	0.0248248068693	-0.0171016153962	-0.0246696629235	-0.000207044167381	0.0268302603799	0.00781499357582	-0.0245977664559	-0.0729554052435	0.00649021257528	-0.0118825044764	-0.0176237813129	-0.0401582950581	0.0240666320761	0.00343507663898	-0.0384020403133	0.0204650323564	-0.0244772208325	0.0050499428468	-0.0441669579975	0.0253872266227	0.0252769067321	1.0	-0.0565856461959	0.0153618519165	-0.0422404671701	0.0174898280653	-0.00329994188649	-0.0380627486109	-0.0316418526789	-0.0231970805982	0.0654244208368	-0.0534100662943	-0.00832282178496	-0.0233176117479	-0.0117509677103	0.00526849083371	0.00762226904737	-0.0269157492698	0.0289803864112	-0.0448170506422	0.00460799239291	0.0201102656581	0.01153792421	-0.0204333904939	-0.00268802450036	-0.00544970825403	-0.0351687193097	-0.0459427524175	-0.0676407002847	-0.00383443319332	-0.0517600810836	-0.0321218065014	-0.00523034116149	-0.0100734673755	0.0168520909976	-0.0512744681283	-0.0224524089595	-0.00551065259412	-0.0149358452257
k__Bacteria;p__Proteobacteria;c__Betaproteobacteria;o__Burkholderiales;f__Sutterellaceae;g__Parasutterella;s__Parasutterella_excrementihominis	0.00196409251354	-0.0536339730201	-0.0153883119251	0.00427192795465	-0.0261803252305	-0.0500104827157	-0.0277060991353	0.0405485417623	0.00351180962711	0.0321990034164	-0.00216518481696	-0.0552271382218	0.0103960541774	0.0432179415458	-0.031917313621	-0.0528422275454	0.00257823419906	0.0101500979144	-0.0200074954741	-0.0228558550093	0.0674927327008	-0.0565856461959	1.0	0.00584114699201	-0.0528336700882	0.0406188928102	-0.00257609154182	-0.00578310218134	-0.0429900678214	-0.0338019982933	0.0011419249818	0.0384395130624	-0.0141703100439	-0.0125090026467	0.0675500767517	0.0604492732907	0.0398604666168	-0.00864017471573	-0.0168667399058	-0.00997601909726	0.00500472116786	0.022823974495	0.000820603684807	0.00254411791839	0.0443729330403	0.000516650725916	0.0756476612549	0.00395262838033	0.0121882594771	-0.0546034690288	0.00710057979314	-0.021820876347	-0.0336958429474	0.0153035643649	0.00516308661058	-0.0692581000851	0.0351590443048	-0.0242957143997	-0.0179484959671
k__Bacteria;p__Actinobacteria;c__Actinobacteria;o__Bifidobacteriales;f__Bifidobacteriaceae;g__Bifidobacterium;s__Bifidobacterium_adolescentis	0.0190788688831	0.0204548295236	-0.0041155794467	0.0454110498326	0.0192917448451	0.0122640354914	-0.00512646427671	-0.0530007910173	0.0499078511042	0.00535762145999	0.0110655438437	-0.0369762058476	0.0372814976177	0.000240094550533	-0.036891879524	0.0240598333895	0.00863771066109	-0.0442152592884	-0.0179783917474	0.0139698607953	-0.0133855653446	0.0153618519165	0.00584114699201	1.0	-0.0127992245286	-0.0167338666472	-0.0401465070426	-0.083664078734	0.0218672024428	-0.0353050115195	-0.0110104438453	0.0226157866766	-0.00758470634195	0.0177411078773	-0.0359777576476	0.00815967489681	0.00588535050886	-0.0501742566448	-0.0467320439551	0.012193831859	-0.00311693203243	-0.0504300669522	-0.0197500032393	-0.0320633161685	-0.0208859943606	1.39383216314e-05	-0.000627698620537	-0.0374028431831	0.0363635623136	0.0118277039541	-0.0354215678848	-0.0305026427346	0.0322511221599	0.00936190857063	-0.0426192971901	0.0448512727907	0.0266388473375	0.018195022053	0.0183497870364
k__Bacteria;p__Firmicutes;c__Clostridia;o__Clostridiales;f__Oscillospiraceae;g__Oscillibacter;s__Oscillibacter_sp._KLE_1745	-0.0319797367326	0.0724581074044	-0.0626453196516	0.0519243207606	-0.0544420637157	0.032746291581	-0.0587734049263	-0.0365445386636	0.0184385403389	-0.0219376765788	-0.0222111903721	0.0309829890896	0.0213255088827	-0.0126315296343	0.00798196758511	0.024468371252	0.0220311331767	0.0189732367265	0.00948153572542	0.0159971745955	-0.0867634123483	-0.0422404671701	-0.0528336700882	-0.0127992245286	1.0	-0.0502920550955	-0.0328644666866	0.00708301131018	0.0138708571655	-0.0259653298727	0.00621421131842	-0.0832031410704	0.0405129437679	-0.00776324869455	-0.0211106515627	-0.0287807499899	0.00195705806708	-0.0416938522651	0.0136147531759	-0.0340453951842	0.00066030183249	-0.0499403446072	-0.0352582504026	-0.0538806622554	-0.0552563998934	0.0194789289053	-0.0101625432763	-0.0126883266491	0.0285660115108	0.0358913626009	-0.0602810931234	0.0315020840136	-0.00402214763567	0.00714816399217	-0.00865222759354	0.0142181858498	-0.00244442674048	0.0923489356121	-0.0253183728806
k__Bacteria;p__Bacteroidetes;c__Bacteroidia;o__Bacteroidales;f__Bacteroidaceae;g__Bacteroides;s__Bacteroides_coprophilus	-0.0423786386614	0.0277988232649	-0.0220421351347	-0.0145253652674	0.0189245168996	-0.0638360164229	0.00132681534282	-0.0435405209127	-0.0454352076281	-0.0496755618485	0.00252188317331	-0.0301519193459	-0.0261601775958	-0.0287980094142	-0.00444480044542	-0.010077701935	0.0234000796263	0.0184300328129	0.0208327328491	-0.00239720020625	0.0179411900393	0.0174898280653	0.0406188928102	-0.0167338666472	-0.0502920550955	1.0	-0.0163543199283	0.00206059704735	0.0504134145946	-0.0240944749325	-0.0123107802875	-0.00624159363097	-0.0170825383484	-0.00461484362783	0.0312624672203	-0.00989887806636	-0.00582822248356	-0.00303281578037	-0.00263821703539	0.0537154383107	0.00834930668292	0.0100212154971	-0.0400296975634	0.0379327423378	-0.0222746703316	0.0528833358757	-0.00412548993555	0.0203953574579	0.00320234604701	-0.0159099289767	-0.0389866199546	-0.0315224800437	0.013077661962	-0.0034877985012	-0.0436939871446	-0.0432115063573	-0.0191002050533	-0.0731832039085	0.000471725149857
k__Bacteria;p__Firmicutes;c__Clostridia;o__Clostridiales;f__Lachnospiraceae;g__Roseburia;s__Roseburia_intestinalis	0.0258856052035	-0.0294257583036	0.0198019368861	-0.0272613174614	-0.066675335177	-0.0374255232676	-0.0381499526149	-0.00601976485194	-0.00748880221054	0.0342838594904	-0.106058081391	-0.0576232277189	-0.0559866452084	0.0412306754471	0.0723850061417	-0.00172154290346	-0.0897185577175	0.0331305329307	-0.0357121712034	-0.0080274668037	-0.0157535019841	-0.00329994188649	-0.00257609154182	-0.0401465070426	-0.0328644666866	-0.0163543199283	1.0	0.00961265264567	-0.022137815294	0.00280166955894	0.0237903533824	-0.0139840389528	0.00712584154348	-0.00899007487677	-0.0338181370027	0.0749176995964	0.0246381223774	-0.039740822763	-0.00884879385649	-0.0512411434949	0.0162507885097	-0.010109550485	-0.0316349527501	0.0161471914155	0.0527546888513	0.0274122465697	-0.0292426233596	0.0373870604327	-0.0136213603574	-0.0241660027777	-0.0522859114456	-0.000921871086935	-0.0262845537811	-0.00999013186061	-0.0581468598282	0.0294725262341	-0.0349072561918	-0.00604784253146	-0.000987103579252
k__Bacteria;p__Firmicutes;c__Clostridia;o__Clostridiales;f__Lachnospiraceae;g__Roseburia;s__Roseburia_hominis	-0.0210811454729	-0.0236472910041	-0.0314558324214	-0.0179031620321	0.00522594249574	-0.0747957679164	-0.0239131086783	-0.00611726006652	0.00224426417276	-0.0180779860768	0.0473391570331	-0.0626725371441	0.0135626231726	0.000101460249471	0.029877391839	0.0184487340463	-0.0550704513262	-0.0161554236399	-0.0252411168366	-0.0175741591348	-0.00983928292959	-0.0380627486109	-0.00578310218134	-0.083664078734	0.00708301131018	0.00206059704735	0.00961265264567	1.0	-0.0210981660215	0.0365215739224	-0.051370222711	0.0257134542907	0.0125335042691	-0.042252450506	-0.0399159695411	-0.0503506251764	-0.0215293250204	-0.00960023929156	0.0278646394514	-0.00625293276637	0.0304411219009	-0.0105752314718	-0.0115463699771	0.00841946900899	-0.00488272833196	-0.0195075370709	0.0168396897665	0.0172897059457	0.0117000883832	0.00156815980604	0.0614327841552	0.0303915916416	-0.0119426556137	0.0163599776455	0.00285036397593	-0.000953652323569	0.0415887553436	-0.0463833471354	-0.0715872763748
k__Bacteria;p__Bacteroidetes;c__Bacteroidia;o__Bacteroidales;f__Porphyromonadaceae;g__Parabacteroides;s__Parabacteroides_johnsonii	-0.0456443459977	0.0242751966042	0.0196135461705	-0.06752040996	-0.0218671848119	-0.00395971855182	-0.0639475635093	-0.0254651277812	-0.0506576760673	-0.00780490062659	-0.0090215351518	0.00354656682822	-0.0642531321219	-0.0422470962589	-0.0356485767926	0.0858827756943	0.0371699083839	-0.0173347376395	0.0498249670445	-0.0174087811997	0.0393160141255	-0.0316418526789	-0.0429900678214	0.0218672024428	0.0138708571655	0.0504134145946	-0.022137815294	-0.0210981660215	1.0	0.00933314093813	-0.00211673552913	0.00189576703386	-0.0351421597001	-0.0845058696104	-0.0122419304946	-0.00294513713384	-0.0146196908746	-0.0590882767514	-0.0598287241577	-0.0175179420136	-0.0239735637173	0.0135935105275	0.0645470778227	0.00588966043435	-0.00767777663326	0.00187152549716	-0.019459507869	0.0137139862312	-0.03734665735	-0.0898460744829	0.00127502357903	-0.0527676249879	0.0117572509406	0.0276348910682	-0.0332466909687	0.0344953589615	0.0100993290982	-0.0119927395127	0.0130598419505
