#taxonomy	k__Bacteria;p__Bacteroidetes;c__Bacteroidia;o__Bacteroidales;f__Bacteroidaceae;g__Bacteroides;s__Bacteroides_vulgatus	k__Bacteria;p__Bacteroidetes;c__Bacteroidia;o__Bacteroidales;f__Bacteroidaceae;g__Bacteroides;s__Bacteroides_uniformis	k__Bacteria;p__Bacteroidetes;c__Bacteroidia;o__Bacteroidales;f__Rikenellaceae;g__Alistipes;s__Alistipes_putredinis	k__Bacteria;p__Bacteroidetes;c__Bacteroidia;o__Bacteroidales;f__Prevotellaceae;g__Prevotella;s__Prevotella_copri	k__Bacteria;p__Bacteroidetes;c__Bacteroidia;o__Bacteroidales;f__Bacteroidaceae;g__Bacteroides;s__Bacteroides_stercoris	k__Bacteria;p__Bacteroidetes;c__Bacteroidia;o__Bacteroidales;f__Bacteroidaceae;g__Bacteroides;s__Bacteroides_ovatus	k__Bacteria;p__Bacteroidetes;c__Bacteroidia;o__Bacteroidales;f__Rikenellaceae;g__Alistipes;s__Alistipes_shahii	k__Bacteria;p__Firmicutes;c__Clostridia;o__Clostridiales;f__Ruminococcaceae;g__Faecalibacterium;s__Faecalibacterium_prausnitzii	k__Bacteria;p__Bacteroidetes;c__Bacteroidia;o__Bacteroidales;f__Rikenellaceae;g__Alistipes;s__Alistipes_finegoldii	k__Bacteria;p__Bacteroidetes;c__Bacteroidia;o__Bacteroidales;f__Porphyromonadaceae;g__Parabacteroides;s__Parabacteroides_distasonis	k__Bacteria;p__Bacteroidetes;c__Bacteroidia;o__Bacteroidales;f__Bacteroidaceae;g__Bacteroides;s__Bacteroides_thetaiotaomicron	k__Bacteria;p__Bacteroidetes;c__Bacteroidia;o__Bacteroidales;f__Bacteroidaceae;g__Bacteroides;s__Bacteroides_coprocola	k__Bacteria;p__Bacteroidetes;c__Bacteroidia;o__Bacteroidales;f__Bacteroidaceae;g__Bacteroides;s__Bacteroides_cellulosilyticus	k__Bacteria;p__Bacteroidetes;c__Bacteroidia;o__Bacteroidales;f__Rikenellaceae;g__Alistipes;s__Alistipes_obesi	k__Bacteria;p__Firmicutes;c__Clostridia;o__Clostridiales;f__Lachnospiraceae;g__;s__[Eubacterium]_rectale	k__Bacteria;p__Bacteroidetes;c__Bacteroidia;o__Bacteroidales;f__Bacteroidaceae;g__Bacteroides;s__Bacteroides_plebeius	k__Bacteria;p__Bacteroidetes;c__Bacteroidia;o__Bacteroidales;f__Bacteroidaceae;g__Bacteroides;s__Bacteroides_fragilis	k__Bacteria;p__Proteobacteria;c__Betaproteobacteria;o__Burkholderiales;f__Sutterellaceae;g__Sutterella;s__Sutterella_wadsworthensis	k__Bacteria;p__Bacteroidetes;c__Bacteroidia;o__Bacteroidales;f__Porphyromonadaceae;g__Barnesiella;s__Barnesiella_intestinihominis	k__Bacteria;p__Bacteroidetes;c__Bacteroidia;o__Bacteroidales;f__Odoribacteraceae;g__Odoribacter;s__Odoribacter_splanchnicus	k__Bacteria;p__Bacteroidetes;c__Bacteroidia;o__Bacteroidales;f__Bacteroidaceae;g__Bacteroides;s__Bacteroides_salyersiae	k__Bacteria;p__Firmicutes;c__Clostridia;o__Clostridiales;f__Ruminococcaceae;g__Ruminiclostridium;s__[Eubacterium]_siraeum	k__Bacteria;p__Proteobacteria;c__Betaproteobacteria;o__Burkholderiales;f__Sutterellaceae;g__Parasutterella;s__Parasutterella_excrementihominis	k__Bacteria;p__Actinobacteria;c__Actinobacteria;o__Bifidobacteriales;f__Bifidobacteriaceae;g__Bifidobacterium;s__Bifidobacterium_adolescentis	k__Bacteria;p__Firmicutes;c__Clostridia;o__Clostridiales;f__Oscillospiraceae;g__Oscillibacter;s__Oscillibacter_sp._KLE_1745	k__Bacteria;p__Bacteroidetes;c__Bacteroidia;o__Bacteroidales;f__Bacteroidaceae;g__Bacteroides;s__Bacteroides_coprophilus	k__Bacteria;p__Firmicutes;c__Clostridia;o__Clostridiales;f__Lachnospiraceae;g__Roseburia;s__Roseburia_intestinalis	k__Bacteria;p__Firmicutes;c__Clostridia;o__Clostridiales;f__Lachnospiraceae;g__Roseburia;s__Roseburia_hominis	k__Bacteria;p__Bacteroidetes;c__Bacteroidia;o__Bacteroidales;f__Porphyromonadaceae;g__Parabacteroides;s__Parabacteroides_johnsonii	k__Bacteria;p__Actinobacteria;c__Actinobacteria;o__Bifidobacteriales;f__Bifidobacteriaceae;g__Bifidobacterium;s__Bifidobacterium_longum	k__Bacteria;p__Firmicutes;c__Clostridia;o__Clostridiales;f__;g__Flavonifractor;s__Flavonifractor_plautii	k__Bacteria;p__Firmicutes;c__Clostridia;o__Clostridiales;f__Clostridiaceae;g__Clostridium;s__Clostridium_phoceensis	k__Bacteria;p__Verrucomicrobia;c__Verrucomicrobiae;o__Verrucomicrobiales;f__Akkermansiaceae;g__Akkermansia;s__Akkermansia_muciniphila	k__Bacteria;p__Bacteroidetes;c__Bacteroidia;o__Bacteroidales;f__Prevotellaceae;g__Paraprevotella;s__Paraprevotella_xylaniphila	k__Bacteria;p__Firmicutes;c__Clostridia;o__Clostridiales;f__Ruminococcaceae;g__Ruminococcus;s__Ruminococcus_callidus	k__Bacteria;p__Bacteroidetes;c__Bacteroidia;o__Bacteroidales;f__Rikenellaceae;g__Alistipes;s__Alistipes_senegalensis	k__Bacteria;p__Firmicutes;c__Clostridia;o__Clostridiales;f__Lachnospiraceae;g__Blautia;s__Blautia_sp._KLE_1732	k__Bacteria;p__Bacteroidetes;c__Bacteroidia;o__Bacteroidales;f__Bacteroidaceae;g__Bacteroides;s__Bacteroides_oleiciplenus	k__Bacteria;p__Firmicutes;c__Clostridia;o__Clostridiales;f__Ruminococcaceae;g__Ruminococcus;s__Ruminococcus_bicirculans	k__Bacteria;p__Bacteroidetes;c__Bacteroidia;o__Bacteroidales;f__Bacteroidaceae;g__Bacteroides;s__Bacteroides_fluxus	k__Bacteria;p__Bacteroidetes;c__Bacteroidia;o__Bacteroidales;f__Prevotellaceae;g__Prevotella;s__Prevotella_stercorea	k__Bacteria;p__Firmicutes;c__Clostridia;o__Clostridiales;f__Lachnospiraceae;g__Dorea;s__Dorea_longicatena	k__Bacteria;p__Firmicutes;c__Clostridia;o__Clostridiales;f__Eubacteriaceae;g__Eubacterium;s__[Eubacterium]_eligens	k__Bacteria;p__Firmicutes;c__Clostridia;o__Clostridiales;f__Ruminococcaceae;g__;s__Ruminococcaceae_bacterium_D16	k__Bacteria;p__Firmicutes;c__Clostridia;o__Clostridiales;f__Lachnospiraceae;g__Coprococcus;s__Coprococcus_comes	k__Bacteria;p__Proteobacteria;c__Gammaproteobacteria;o__Enterobacterales;f__Enterobacteriaceae;g__Escherichia;s__Escherichia_coli	k__Bacteria;p__Firmicutes;c__Clostridia;o__Clostridiales;f__Ruminococcaceae;g__Anaerotruncus;s__Anaerotruncus_colihominis	k__Bacteria;p__Firmicutes;c__Clostridia;o__Clostridiales;f__Lachnospiraceae;g__Blautia;s__Blautia_obeum	k__Bacteria;p__Bacteroidetes;c__Bacteroidia;o__Bacteroidales;f__Odoribacteraceae;g__Odoribacter;s__Odoribacter_laneus	k__Bacteria;p__Firmicutes;c__Clostridia;o__Clostridiales;f__Ruminococcaceae;g__Ruminiclostridium;s__[Clostridium]_leptum	k__Bacteria;p__Bacteroidetes;c__Bacteroidia;o__Bacteroidales;f__Porphyromonadaceae;g__Parabacteroides;s__Parabacteroides_goldsteinii	k__Bacteria;p__Firmicutes;c__Clostridia;o__Clostridiales;f__Lachnospiraceae;g__Anaerostipes;s__Anaerostipes_hadrus	k__Bacteria;p__Firmicutes;c__Clostridia;o__Clostridiales;f__Ruminococcaceae;g__Ruminococcus;s__Ruminococcus_lactaris	k__Bacteria;p__Firmicutes;c__Clostridia;o__Clostridiales;f__Clostridiaceae;g__Clostridium;s__Clostridium_sp._L2-50	k__Bacteria;p__Firmicutes;c__Clostridia;o__Clostridiales;f__Clostridiaceae;g__Clostridium;s__Clostridium_sp._M62/1	k__Bacteria;p__Firmicutes;c__Clostridia;o__Clostridiales;f__;g__Intestinimonas;s__Intestinimonas_butyriciproducens	k__Bacteria;p__Actinobacteria;c__Actinobacteria;o__Bifidobacteriales;f__Bifidobacteriaceae;g__Bifidobacterium;s__Bifidobacterium_bifidum	k__Bacteria;p__Firmicutes;c__Negativicutes;o__Veillonellales;f__Veillonellaceae;g__Dialister;s__Dialister_invisus	k__Bacteria;p__Bacteroidetes;c__Bacteroidia;o__Bacteroidales;f__Bacteroidaceae;g__Bacteroides;s__Bacteroides_salanitronis
k__Bacteria;p__Bacteroidetes;c__Bacteroidia;o__Bacteroidales;f__Bacteroidaceae;g__Bacteroides;s__Bacteroides_vulgatus	1.0	-0.0327833708337	-0.0389980109971	0.0255018422459	0.0150150247756	0.0152635743694	-0.0821829438359	0.0128938453945	0.0256867739551	-0.0136676330777	0.0255437757862	0.0114207289107	0.00270320302159	-0.0228477213518	-0.0328080228986	-0.00284088129118	-0.00533368527762	0.0195608648302	-0.0476645985341	-0.015739028572	0.00469983571411	0.0168799030473	0.047191577955	-0.0308735011997	-0.0520844825088	-0.0363634193944	0.0457450591618	0.00546464795999	-0.023257165099	0.0234737407448	-0.0266150777735	-0.0715988029237	-0.0588886491193	0.0232582541482	0.0292535008032	0.0338824961269	-0.0575369728493	0.0372755891517	-0.00681833518553	0.00189440851167	0.0401698370827	0.0295291727315	0.0362735226676	-0.0435788776125	-0.0440001518916	0.0140811861191	0.0139245219546	0.0103759173049	-0.0277490542128	-0.0290352366158	-0.0663467574229	-0.0523269266902	-0.00402364655579	-0.0246078776835	-0.0141054999102	0.0404743523286	0.0255517491546	0.0259877022567	-0.0198863660841
k__Bacteria;p__Bacteroidetes;c__Bacteroidia;o__Bacteroidales;f__Bacteroidaceae;g__Bacteroides;s__Bacteroides_uniformis	-0.0327833708337	1.0	0.0116192457189	0.0240351071448	0.00406284519222	0.0238986885219	0.0063769170973	0.0410906321011	0.0333666104469	-0.0304547565527	0.020627102622	-0.0375719275536	-0.00112972729592	0.0238737917372	-0.00421430667447	-0.00867556465556	-0.0856652409711	-0.00814575362881	0.00942141142595	-0.0356832696349	-0.00470781240462	-0.00113196939217	-0.0384020545939	0.0402934580572	-0.000619568736069	0.0133505394903	-0.0380626710327	-0.0400658046424	0.0252954751633	0.0382011541213	-0.0222586960848	-0.00587075522238	0.0565731096625	-0.000424280007097	-0.00854554099941	0.0141604108967	-0.0624279208215	0.00407581006327	0.0184200966702	-0.00959761452615	-0.0167823802237	0.0287893425866	0.00489969216931	0.0176061140953	0.00682390957859	-0.0118561392678	0.0177262329344	0.0384520273236	-0.0421840254215	-0.0186738920317	0.000380355169081	0.00453274055213	0.00827125045727	-0.0151842130921	-0.0655652221515	-0.0438887390282	-0.0122830126721	-0.0192156724812	-0.0541763146815
k__Bacteria;p__Bacteroidetes;c__Bacteroidia;o__Bacteroidales;f__Rikenellaceae;g__Alistipes;s__Alistipes_putredinis	-0.0389980109971	0.0116192457189	1.0	-0.0581562237288	-0.0063615705918	-0.0238817848457	0.0367766462697	-0.00750676030137	-0.0280661265149	-0.0328685664164	-0.0615156330067	0.0110500056468	-0.0224427145587	-0.00320483530351	-0.0614539397296	-0.0248189977078	-0.0118315826563	-0.0135309759895	-0.0108706557728	-0.0320172758657	-0.0132162299882	0.0144707003169	-0.0173693292627	0.0335679976216	0.0403425896922	0.00803202440959	-0.0247174156182	0.0230489508563	0.0336259113646	-0.0140918887537	-0.0685854049404	-0.0508938774384	-0.026445774248	0.0472516731618	0.0106811966439	0.0669954761491	0.0170003542113	-0.0604115562887	0.0276685488741	0.021400261768	0.0213178780997	0.0582714525505	0.00146052696576	-0.0372327472384	-0.0369483344328	0.00863262183825	-0.050883316072	0.00032882253243	-0.0416774501648	0.000450998731164	-0.0357500909299	0.0123916598235	-0.0165900657477	-0.0396101818645	0.0520944113956	-0.0519610933304	0.0198595431002	0.0213223709834	0.00634090764379
k__Bacteria;p__Bacteroidetes;c__Bacteroidia;o__Bacteroidales;f__Prevotellaceae;g__Prevotella;s__Prevotella_copri	0.0255018422459	0.0240351071448	-0.0581562237288	1.0	0.0286113825484	-0.00155574259803	0.0105900454226	0.0634852053328	-0.024611714213	0.0377333962088	-0.00952803276379	0.0230456512258	0.0107266768978	-0.00274136525335	0.0151648880313	-0.0385914254287	0.0101354418323	0.0157746979755	0.0110713625969	-0.0485267108338	-0.0716559234062	-0.0368815220909	0.0416520322065	0.0261425526312	-0.0329362701179	0.00896925765472	0.0188687045917	-0.0753203795256	-0.00403892799105	-0.0367469417682	0.00806936274294	-0.0289310483508	-0.0546803089825	-0.0138944020801	0.00914150222087	-0.0189171359512	0.024814055375	0.0515090331137	-0.0353393066388	-0.00754250988872	-0.001454617004	0.00894509876302	-0.0140810591037	-0.00965382469899	-0.0564980339193	0.00348849083906	-0.0610571015638	-0.0252636682151	0.00690303613788	0.00415649083769	0.02394668153	0.00393077247559	-0.0988163760295	0.0555870399702	0.00269891085398	-0.020137268609	-0.0108212972059	-0.020488541964	0.0168440824773
k__Bacteria;p__Bacteroidetes;c__Bacteroidia;o__Bacteroidales;f__Bacteroidaceae;g__Bacteroides;s__Bacteroides_stercoris	0.0150150247756	0.00406284519222	-0.0063615705918	0.0286113825484	1.0	-0.00113499973917	-0.087181462809	-0.0269676726843	0.0474716341132	0.020646142315	-0.0412421956445	0.032008412403	-0.021656810833	0.0468790328483	0.0162756488412	0.0518971518362	-0.0264232661913	-0.00199207465091	0.0220847353166	-0.0291807770253	-0.0335065919377	0.00879587560358	-0.0252658472535	0.0049397156417	-0.0287448119681	0.0377166105813	-0.0653812661748	-0.00685724627811	-0.0180442783567	-0.0407770175836	0.0232346894776	-0.0258665405511	-0.0357025525501	-0.0113804308157	-0.0264492702916	-0.0244463227628	-0.0204288551555	0.00208023273382	2.16915945356e-05	-0.018640267985	-0.0109313581041	0.0357502509528	0.00485923951286	0.00359022099553	0.0168951910065	0.0415466944074	0.0262554414975	-0.029062442994	-0.029006985073	-0.00158716376058	0.0607320929791	-0.0735400012711	0.0231658117032	0.0175784063704	-0.0707485968627	0.0196851368325	0.0766300591149	0.00227879409114	0.00776566646074
k__Bacteria;p__Bacteroidetes;c__Bacteroidia;o__Bacteroidales;f__Bacteroidaceae;g__Bacteroides;s__Bacteroides_ovatus	0.0152635743694	0.0238986885219	-0.0238817848457	-0.00155574259803	-0.00113499973917	1.0	-0.014104326041	-9.26659609138e-05	0.0466513946627	-0.079033330151	0.0384334429103	0.0177407664356	0.00164772848328	-0.0806158713911	0.00714080523635	-0.0314123455131	-0.0327456898577	-0.00787731287136	-0.0477600297474	-0.0174958303685	-0.0203476474337	0.0552943164885	0.0573947752456	-0.0282809906242	-0.0367235268599	0.0264501319757	-0.0587783884274	-0.0464047850165	0.0114594473969	0.00110436262586	0.0106668853121	0.0521867353927	-0.0308177912227	-0.0151191318202	-0.023298187074	-0.0712379691854	0.0270506781314	-0.0218435557078	-0.0276662223308	-0.0271063904222	-0.0365607513134	-0.013208912638	0.0123309365363	0.0495489799612	-0.03109801514	-0.0264624139463	-0.0159725045038	-0.00971857197821	-0.0202705052312	-0.0051578082105	-0.0832863795005	-0.0260663590406	-0.0284074120211	0.0462826845346	-7.12079136077e-05	0.065757350731	-0.0103640119011	-0.00568149873863	0.0417631092126
k__Bacteria;p__Bacteroidetes;c__Bacteroidia;o__Bacteroidales;f__Rikenellaceae;g__Alistipes;s__Alistipes_shahii	-0.0821829438359	0.0063769170973	0.0367766462697	0.0105900454226	-0.087181462809	-0.014104326041	1.0	-0.0434064732466	0.0681481607037	-0.00675023785669	0.00341945665238	0.0341057145354	0.0364506880893	0.00038816092008	0.0365872020824	0.00172026241265	0.0324496282921	0.0181322795613	-0.00756148177125	0.00852091566562	0.048688393372	-0.00304503273275	-0.0427809300871	-0.0150493867695	-0.00145361730387	0.0210979942573	0.0227963667955	0.039338667463	-0.0847272777014	-0.0543144334763	-0.0455460753566	-0.0048378751928	-0.0450567088649	0.0755881210073	-0.0542363487045	0.020984234293	-0.00864882137383	-0.00540249286237	0.0389849743791	-0.0430648856939	-0.064666077043	-0.0251933370321	-0.00149629600023	-0.0176884295335	0.0317329583165	-0.022226804076	-0.0251965026678	-0.00121834120754	0.0162329384192	-0.0660524871871	-0.0480685446581	0.032827909563	0.0279485455037	-0.00842521433983	-0.0348289869382	-0.0333776506372	0.0321183450647	-0.0118513941195	-0.0215575911911
k__Bacteria;p__Firmicutes;c__Clostridia;o__Clostridiales;f__Ruminococcaceae;g__Faecalibacterium;s__Faecalibacterium_prausnitzii	0.0128938453945	0.0410906321011	-0.00750676030137	0.0634852053328	-0.0269676726843	-9.26659609138e-05	-0.0434064732466	1.0	0.00851734760415	-0.0399132762376	0.0092433050959	-0.051224756358	0.043022464145	0.0129295502816	-0.016731029701	-0.0163822708957	0.00407192679434	0.0323498862127	-0.0431121146778	-0.0196211511556	0.0205399035269	0.0502634349576	0.0178968884921	0.0251981611403	-0.0462117601815	0.00651453697287	-0.0283366505595	-0.00507406912499	0.0265673066588	0.00557245687603	0.0396475253634	-0.0509336140205	-0.0146317543101	0.0121739482073	0.00863122767986	-0.0360512557317	-0.0268275582594	0.00643822307368	0.0376412287962	0.016580559491	-0.0393844186651	-0.0383009567507	0.0260525985101	0.0266246285266	-0.00364957221653	-0.00992325130359	0.0279115010889	0.00254452381308	-0.0463909932045	-0.0325988776054	-0.0232211081206	-0.0554090537585	-0.0176096424771	-0.00694606719625	0.021212615358	-0.0237111763735	-0.00129116996169	0.025334957929	-0.0857274971722
k__Bacteria;p__Bacteroidetes;c__Bacteroidia;o__Bacteroidales;f__Rikenellaceae;g__Alistipes;s__Alistipes_finegoldii	0.0256867739551	0.0333666104469	-0.0280661265149	-0.024611714213	0.0474716341132	0.0466513946627	0.0681481607037	0.00851734760415	1.0	0.0205118814323	-0.0234786436204	-0.0426909203852	-0.0316378959392	-0.00288145240875	0.0299314924958	-0.0655614563909	0.0187814145528	-0.0949701614736	-0.0155118808605	0.0882559988294	0.000292400064757	-0.00537959220101	-0.0273275766609	-0.0356859262664	0.0191711920164	0.03336770308	0.0377591039919	0.0320974970845	-0.000320132480127	-0.000379926615359	-0.0361576599351	-0.000917289702158	-0.00104942424109	0.0168028226408	-0.0165822994479	-0.0844210514609	0.0317861071504	0.000614683693684	-0.0787815240726	0.00222193299883	0.00790841355711	-0.046234706134	-0.0069540440307	-0.00602890617586	0.00115659968357	0.0399041781579	-0.0556183861056	-0.00143421861039	-0.00970070849219	-0.00317951795944	-0.0288417200057	0.000290501361904	0.0499158399142	-0.0207272738545	-0.0549793405664	-0.0383373927658	-0.0562311112846	-0.0137761398173	0.0491377206274
k__Bacteria;p__Bacteroidetes;c__Bacteroidia;o__Bacteroidales;f__Porphyromonadaceae;g__Parabacteroides;s__Parabacteroides_distasonis	-0.0136676330777	-0.0304547565527	-0.0328685664164	0.0377333962088	0.020646142315	-0.079033330151	-0.00675023785669	-0.0399132762376	0.0205118814323	1.0	-0.00675180202863	0.0162128063997	-0.0549502884739	-0.0120507758418	-0.035763826758	-0.000399805564914	-0.00621232539283	0.0170118845758	-0.0374522783058	-0.0157953106085	0.0167075705807	-0.00227937378519	-0.0139585922799	0.0160984477234	-0.0270074780044	-0.0477122294899	-0.0438085352225	-0.0183427461398	-0.0060824824278	0.00702314852735	0.0476955211861	-0.0825032889273	-0.00609729755634	-0.0151730587523	-0.0268898709497	0.0389460611356	0.015912219816	0.0262899151232	-0.024943998424	-0.0114603195673	0.0487024088933	0.00978298763385	-0.052462656278	-0.0535973945314	0.0164792242125	-0.00879766725446	-0.0193804463709	0.0544998944006	-0.00192146800231	-0.0230149498995	-0.033422960726	-0.0469128974251	-0.0141185770645	-0.018590345264	-0.029295549862	0.0233158019349	-0.024499721307	0.0360494575434	-0.00990356727934
k__Bacteria;p__Bacteroidetes;c__Bacteroidia;o__Bacteroidales;f__Bacteroidaceae;g__Bacteroides;s__Bacteroides_thetaiotaomicron	0.0255437757862	0.020627102622	-0.0615156330067	-0.00952803276379	-0.0412421956445	0.0384334429103	0.00341945665238	0.0092433050959	-0.0234786436204	-0.00675180202863	1.0	0.00625482559156	-0.012363269098	0.0485803377477	-0.0594125676977	0.0352055654901	0.0343463917818	-0.0194800709964	0.0199384175061	-0.0411936068208	-0.0334532134345	0.00877081560072	-0.0203146069734	0.0514247787278	-0.00814258771781	0.0304089880182	-0.0197697500983	-0.00719689690142	-0.0303341630159	-0.00105232104272	0.0296780997214	-0.0298423665859	0.0363820960025	-0.026405491102	-0.000247560216189	-0.029303244279	0.0285655643248	-0.036712199295	0.03754469997	-0.0667982695926	0.0493304288484	-0.0172918507937	-0.0171598901215	0.0238833899705	0.03670658804	0.000609164942921	0.00374127279405	0.0308100453673	-0.0494628543495	-0.011589235573	0.0203841811824	-0.0610199668197	-0.0390122286773	-0.0682592827907	-0.0236542060228	0.0500544437245	0.0406227547416	-0.0591699081493	-0.0343306269617
k__Bacteria;p__Bacteroidetes;c__Bacteroidia;o__Bacteroidales;f__Bacteroidaceae;g__Bacteroides;s__Bacteroides_coprocola	0.0114207289107	-0.0375719275536	0.0110500056468	0.0230456512258	0.032008412403	0.0177407664356	0.0341057145354	-0.051224756358	-0.0426909203852	0.0162128063997	0.00625482559156	1.0	-0.0205382125073	-0.0159208273515	-0.0176998054076	-0.0415227294904	0.00596746214299	-0.00196338668269	-0.0503607268307	-0.0201314083997	-0.0130554452547	-0.018827664966	-0.0448570490295	-0.0337409265455	0.0325157893618	0.0137803119797	0.0309837615942	-0.0317505634452	-0.0117011434834	-0.0365795468798	0.0760276022143	-0.0335587654898	-0.0227613823549	-0.0882068303976	0.0225473245817	0.0544123570515	-0.00883903307953	0.0170435882374	-0.0501134476112	0.00121056336489	-0.010502746289	-0.0563612916862	-0.0396165169942	-0.0411815607698	0.00326175895157	-0.0151068986123	0.0150628673213	-0.00382179936046	-0.000433906779872	0.0122792277074	0.0530958095883	-3.11730098236e-05	-0.0302517546936	-0.0137212507972	-0.0387434015253	-0.0497438581261	0.0260498431925	-0.0209523737496	0.00346512757407
k__Bacteria;p__Bacteroidetes;c__Bacteroidia;o__Bacteroidales;f__Bacteroidaceae;g__Bacteroides;s__Bacteroides_cellulosilyticus	0.00270320302159	-0.00112972729592	-0.0224427145587	0.0107266768978	-0.021656810833	0.00164772848328	0.0364506880893	0.043022464145	-0.0316378959392	-0.0549502884739	-0.012363269098	-0.0205382125073	1.0	0.0100223525901	-0.0364511640234	-0.0346398889737	-0.0395143678184	-0.0313628058817	-0.0187053735791	-0.00217764900245	0.047063339258	-0.015215189554	-0.00733384199416	0.0191001919629	-0.00433588206733	-0.00841173258401	-0.0870238639801	-0.00677258589524	-0.0146869266595	-0.00661246141809	-0.0312305452388	-0.0112099240608	-0.0235390733361	0.0233984301376	-0.0163947842568	0.00249598355556	0.00532400423926	-0.02125277663	-0.0161606587213	0.00164957633044	-0.0183245293003	-0.0276236360656	0.0109639058762	-0.0526604731171	-0.0410286712233	-0.00844726259084	0.0324525839137	0.0158917277686	0.0633781276348	0.0181923347213	0.0217992610149	0.0235371643315	0.0120546730941	0.0337861147276	0.00888063823462	0.0560629505872	0.0135937585551	-0.0174086672493	0.0339512178397
k__Bacteria;p__Bacteroidetes;c__Bacteroidia;o__Bacteroidales;f__Rikenellaceae;g__Alistipes;s__Alistipes_obesi	-0.0228477213518	0.0238737917372	-0.00320483530351	-0.00274136525335	0.0468790328483	-0.0806158713911	0.00038816092008	0.0129295502816	-0.00288145240875	-0.0120507758418	0.0485803377477	-0.0159208273515	0.0100223525901	1.0	-0.0491999307324	0.0343312330073	0.0537915494689	-0.0272080917808	-0.0038574149412	0.0376405230048	0.0180007860046	-0.00411863278429	-0.0341886673514	0.0500985805179	0.0156438008083	-0.08833190064	0.00399901181376	0.03618137728	-0.0218282645647	-0.0605224901673	-0.0176023743412	0.0191387064591	-0.0648831154778	0.0863005767876	-0.0432417006063	-0.00625053461968	-0.00409456578636	-0.0353017857216	-0.0191354906107	-0.0431375846852	-0.0248790825109	0.0256537700682	-0.0514610835528	-0.0033877149179	-0.0218470396892	-0.0601259005253	0.0224924660911	-0.0393638821087	-0.00568200006872	0.0272208225929	-0.0165485411359	-0.0437383409984	0.0263025441206	0.0336365924365	-0.0409101512502	0.0890124447876	-0.0149073103952	-0.0464053764596	-0.0531175956136
k__Bacteria;p__Firmicutes;c__Clostridia;o__Clostridiales;f__Lachnospiraceae;g__;s__[Eubacterium]_rectale	-0.0328080228986	-0.00421430667447	-0.0614539397296	0.0151648880313	0.0162756488412	0.00714080523635	0.0365872020824	-0.016731029701	0.0299314924958	-0.035763826758	-0.0594125676977	-0.0176998054076	-0.0364511640234	-0.0491999307324	1.0	0.0443992176514	-0.00748923670122	-0.0300357946731	-0.0329670900801	-0.0534291707421	0.0063209933251	-0.0261980179346	-0.00161578101907	-0.0616567912758	0.00307503623919	-0.0414938806863	0.000112157111066	0.000758359086827	-0.0555916434454	0.0159966846722	0.00778106229211	0.000151632820447	0.00479016360299	0.0466506762599	0.00284556907494	-0.0437293966035	0.0430488778968	-0.0227125999278	-0.0200195455423	-0.0348781783066	0.0131707437389	-0.0658724942706	-0.0243990736545	0.014086705122	-0.0184605584606	-0.00912190257192	0.0198172400315	-0.0117206004369	-0.00348720510359	-0.0468591018003	0.0141187161269	-0.0224861236599	0.0284797354504	0.0234632178211	-0.013588873295	-0.0159438993778	-0.0326498271164	-0.0455789936575	0.071775710831
k__Bacteria;p__Bacteroidetes;c__Bacteroidia;o__Bacteroidales;f__Bacteroidaceae;g__Bacteroides;s__Bacteroides_plebeius	-0.00284088129118	-0.00867556465556	-0.0248189977078	-0.0385914254287	0.0518971518362	-0.0314123455131	0.00172026241265	-0.0163822708957	-0.0655614563909	-0.000399805564914	0.0352055654901	-0.0415227294904	-0.0346398889737	0.0343312330073	0.0443992176514	1.0	0.0270036505602	-0.0323408276501	-0.051915213451	0.041752442505	-0.0554504226415	0.0351539051959	-0.0140377780305	0.043890785372	-0.0205212643798	-0.0295988703118	-0.0389478013662	0.0273857044614	-0.00463799863271	-0.021831168194	-0.0222945908317	0.026923155372	0.047788479053	0.0470664364534	-0.0289717642196	-0.091110194319	-0.0499018348814	-0.0331432111774	-0.0269991956878	-0.0081100713246	-0.0163340148869	0.0252842334307	-0.0422634268892	0.00520408413842	-0.0232012300706	0.0225888898609	-0.0672135784059	-0.0499202104468	-0.018253587216	0.0217159563297	-0.024330767536	-0.0134759003873	0.0147621625595	-0.031136619232	-0.0271281752372	0.0114271908472	-0.0199032643181	-0.0506432040756	0.0040520913942
k__Bacteria;p__Bacteroidetes;c__Bacteroidia;o__Bacteroidales;f__Bacteroidaceae;g__Bacteroides;s__Bacteroides_fragilis	-0.00533368527762	-0.0856652409711	-0.0118315826563	0.0101354418323	-0.0264232661913	-0.0327456898577	0.0324496282921	0.00407192679434	0.0187814145528	-0.00621232539283	0.0343463917818	0.00596746214299	-0.0395143678184	0.0537915494689	-0.00748923670122	0.0270036505602	1.0	0.000824806402276	-0.031748243869	0.0625432108763	-0.00145901572443	-0.0422820912589	0.00238204041018	-0.0705073247895	0.0144476726244	-0.0174221390866	0.0167411245801	0.036440607049	-0.0817564811407	0.0235848767416	-0.103434184054	-0.0297340803399	-0.0215203869867	-0.000571701835909	-0.00160916257329	-0.0284871203165	0.0250437801268	-0.0316125608819	-0.0812237963467	0.094308009097	-0.00260624579525	-0.0372610693309	0.00329031012275	-0.0228510344963	0.0182244033044	0.0167902650634	-0.0369841856054	0.0145145519263	0.00999822663802	0.000375141177206	-0.0141824065062	-0.00397849621599	0.00912554688856	0.0485134722916	0.0189258208164	0.0318099816649	-0.0362571227326	-0.0455034406364	-0.00730256613522
k__Bacteria;p__Proteobacteria;c__Betaproteobacteria;o__Burkholderiales;f__Sutterellaceae;g__Sutterella;s__Sutterella_wadsworthensis	0.0195608648302	-0.00814575362881	-0.0135309759895	0.0157746979755	-0.00199207465091	-0.00787731287136	0.0181322795613	0.0323498862127	-0.0949701614736	0.0170118845758	-0.0194800709964	-0.00196338668269	-0.0313628058817	-0.0272080917808	-0.0300357946731	-0.0323408276501	0.000824806402276	1.0	-0.0427932922034	-0.024432244215	-0.0312189670216	0.000367751369236	0.0376167073137	-0.0316017889203	-0.015185863466	-0.0278208444981	-0.0701462545391	0.00113390371819	-0.0277987832328	-0.0177294525979	-0.0107669991325	-0.036470737762	0.00223015821364	-0.0376367085193	-0.0141220441999	-0.024132483741	0.0088983167455	0.017053679016	0.0467654675816	0.0172806305549	-0.00166574435444	0.0135153556728	0.0219142119869	-0.00761761951068	-0.0448474243419	0.0222169803379	-0.00644213743356	0.0137569375204	0.0565506032873	0.0140746589826	0.0226384963867	-0.0645693183076	-0.0559093620114	-0.0368728030115	-0.0291226744201	-0.013299210993	0.0178755360355	-0.0392383258115	-0.00112933648409
k__Bacteria;p__Bacteroidetes;c__Bacteroidia;o__Bacteroidales;f__Porphyromonadaceae;g__Barnesiella;s__Barnesiella_intestinihominis	-0.0476645985341	0.00942141142595	-0.0108706557728	0.0110713625969	0.0220847353166	-0.0477600297474	-0.00756148177125	-0.0431121146778	-0.0155118808605	-0.0374522783058	0.0199384175061	-0.0503607268307	-0.0187053735791	-0.0038574149412	-0.0329670900801	-0.051915213451	-0.031748243869	-0.0427932922034	1.0	0.0182366241405	-0.0134617108422	-0.0239005275547	-0.0189981562748	0.00490157944103	-0.0668276262422	0.0110672253112	0.0291309357223	-0.0199249250147	-0.0309235933425	-0.029054994853	-0.00338659627809	-0.0246068025703	-0.0078779831022	0.0489080897718	0.0462461329998	-0.0179825378444	0.0594510997494	0.0102359636134	0.00464995317875	-0.0271325188239	-0.0395609443204	-0.0384436493775	-0.0566039561588	0.0519474712224	-0.0284418372285	0.013734927847	-0.0532768926266	-0.00561712588374	-0.0614633876538	-0.0405073214275	0.0479791808724	-0.0128545619387	0.0246256949048	0.0603245551485	-0.0292774447402	0.0322328531315	-0.00659241439815	-0.00613239362195	0.0118971681097
k__Bacteria;p__Bacteroidetes;c__Bacteroidia;o__Bacteroidales;f__Odoribacteraceae;g__Odoribacter;s__Odoribacter_splanchnicus	-0.015739028572	-0.0356832696349	-0.0320172758657	-0.0485267108338	-0.0291807770253	-0.0174958303685	0.00852091566562	-0.0196211511556	0.0882559988294	-0.0157953106085	-0.0411936068208	-0.0201314083997	-0.00217764900245	0.0376405230048	-0.0534291707421	0.041752442505	0.0625432108763	-0.024432244215	0.0182366241405	1.0	0.0336722511343	-0.0161283249905	-0.0266429480242	0.0392171623897	-0.0474274381531	-0.00777425759894	0.0287142335467	-0.0457728445905	0.010641770577	-0.0380405036507	-0.0307450836255	-0.049062423157	-0.0106556663879	0.0276890003366	-0.0497759878931	-0.0270890968678	-0.0260499678674	-0.0411811828964	-0.0189476395707	0.0489078219745	-0.0279843505993	0.0806950114309	-0.019894265791	0.0558839027056	-0.0164137985045	-0.0598721092807	0.0581516737951	0.0210284669942	-0.0298157184903	0.0032370198482	0.0141977247945	0.0140113909497	-0.0170416333464	0.0240796917765	-0.0533670649437	-0.0606668352312	0.0161942015597	0.0178052369187	-0.0125102691117
k__Bacteria;p__Bacteroidetes;c__Bacteroidia;o__Bacteroidales;f__Bacteroidaceae;g__Bacteroides;s__Bacteroides_salyersiae	0.00469983571411	-0.00470781240462	-0.0132162299882	-0.0716559234062	-0.0335065919377	-0.0203476474337	0.048688393372	0.0205399035269	0.000292400064758	0.0167075705807	-0.0334532134345	-0.0130554452547	0.047063339258	0.0180007860046	0.0063209933251	-0.0554504226415	-0.00145901572443	-0.0312189670216	-0.0134617108422	0.0336722511343	1.0	0.0240998379433	-0.0675221370031	-0.0272293742593	-0.0274322133459	-0.030789637018	-0.00982546130151	0.051182576389	0.0166745402577	-0.0387710976454	-0.0479418890999	-0.0241398610074	0.00554493183638	-0.0917906264479	-0.0754754982626	-0.0186760916289	-0.0473631405546	-0.0407198175639	0.0101202507273	0.0237366915527	0.0444514175924	-0.00151739744687	0.00509616288615	0.00114230491522	0.0364228503794	-0.0416104066711	0.0344035642624	0.00903791897281	0.0154199485782	0.0378530361329	-0.000994553563208	-0.0479140029461	-0.00965881311629	0.0155042777915	-0.0318067568274	-0.0285987499205	-0.0351184247064	-0.0184797442953	0.0167088613592
k__Bacteria;p__Firmicutes;c__Clostridia;o__Clostridiales;f__Ruminococcaceae;g__Ruminiclostridium;s__[Eubacterium]_siraeum	0.0168799030473	-0.00113196939217	0.0144707003169	-0.0368815220909	0.00879587560358	0.0552943164885	-0.00304503273275	0.0502634349576	-0.00537959220101	-0.00227937378519	0.00877081560072	-0.018827664966	-0.015215189554	-0.00411863278429	-0.0261980179346	0.0351539051959	-0.0422820912589	0.000367751369236	-0.0239005275547	-0.0161283249905	0.0240998379433	1.0	0.0329707414251	-0.0346522601859	0.0290012134938	-0.0360910312223	-0.0218969081037	-0.000123505405662	0.0277290812075	0.00259868926515	0.0275742430943	-0.00722895320869	-0.0234394643548	0.0142107006284	0.00532899549356	0.000181716573071	0.0128225381386	-0.0335800689397	0.012640805382	-0.0550918585438	-0.0495683171367	-0.0769262796896	-0.0347596633797	0.0286376252214	-0.0165336474102	0.0256362640221	0.0577493310302	0.0154187078876	-0.0324110655672	0.0031058681587	-0.0924701485972	-0.0082776081514	-0.0852959922839	0.0326995210867	-0.037201008605	-0.016074027429	0.00389639879276	-0.0377693496883	-0.0450091081021
k__Bacteria;p__Proteobacteria;c__Betaproteobacteria;o__Burkholderiales;f__Sutterellaceae;g__Parasutterella;s__Parasutterella_excrementihominis	0.047191577955	-0.0384020545939	-0.0173693292627	0.0416520322065	-0.0252658472535	0.0573947752456	-0.0427809300871	0.0178968884921	-0.0273275766609	-0.0139585922799	-0.0203146069734	-0.0448570490295	-0.00733384199416	-0.0341886673514	-0.00161578101907	-0.0140377780305	0.00238204041018	0.0376167073137	-0.0189981562748	-0.0266429480242	-0.0675221370031	0.0329707414251	1.0	0.0144248963045	0.00155793278956	0.0168036124824	-0.0435038387658	-0.0653408161334	-0.0148435872544	0.0124726031507	0.000952247639925	0.0392430737295	-0.0531295431177	-0.00137865027457	0.0375507055392	-0.015310451297	-0.0113551051908	-0.00612568019053	0.0160142621183	-0.0246898972032	0.024138886851	-0.0322045002343	0.011397819036	0.009151631182	-0.00465495923665	-0.0393935014095	-0.00628439974118	0.0435395591238	-0.00295782227494	-0.0368846325362	0.0550129820492	0.0441536991652	0.000493260075667	-0.0732366049193	-0.00143495099497	0.0162365641048	-0.0712732151755	-0.0589375127328	-0.0511280594736
k__Bacteria;p__Actinobacteria;c__Actinobacteria;o__Bifidobacteriales;f__Bifidobacteriaceae;g__Bifidobacterium;s__Bifidobacterium_adolescentis	-0.0308735011997	0.0402934580572	0.0335679976216	0.0261425526312	0.0049397156417	-0.0282809906242	-0.0150493867695	0.0251981611403	-0.0356859262664	0.0160984477234	0.0514247787278	-0.0337409265455	0.0191001919629	0.0500985805179	-0.0616567912758	0.043890785372	-0.0705073247895	-0.0316017889203	0.00490157944103	0.0392171623897	-0.0272293742593	-0.0346522601859	0.0144248963045	1.0	-0.0573302739551	-0.0627879838173	0.0360989584267	0.0431093320305	0.0474522702839	-0.0105054560142	-0.0179533562573	0.00272493722075	-0.0259329209783	-0.0028048830244	0.0135359015062	-0.0393136308992	-0.0517677852237	0.0440946034838	-0.050298792476	-0.0245087461935	0.0490100328803	-0.0647988833924	-0.0034415717445	-0.0344038345769	0.0383816521396	0.0435020830512	-0.0275175111445	-0.044799143699	0.023573866032	0.0105616106654	0.0237905222318	-0.00109992920601	-0.025528049915	-0.0675712426499	0.0128069150156	-0.0733637037831	-0.0372612796333	-0.000303793379361	-0.00251629723858
k__Bacteria;p__Firmicutes;c__Clostridia;o__Clostridiales;f__Oscillospiraceae;g__Oscillibacter;s__Oscillibacter_sp._KLE_1745	-0.0520844825088	-0.000619568736069	0.0403425896922	-0.0329362701179	-0.0287448119681	-0.0367235268599	-0.00145361730387	-0.0462117601815	0.0191711920164	-0.0270074780044	-0.00814258771781	0.0325157893618	-0.00433588206733	0.0156438008083	0.00307503623919	-0.0205212643798	0.0144476726244	-0.015185863466	-0.0668276262422	-0.0474274381531	-0.0274322133459	0.0290012134938	0.00155793278956	-0.0573302739551	1.0	0.0476102821565	-0.00611711599655	0.0426781594782	-0.0226164849962	-0.0682351596247	-0.000920043839157	-0.00330375290197	0.0248597922555	0.0540931982422	0.0254410007113	-0.0190931972396	-0.0366380254174	-0.0433353129717	-0.0530423557731	0.0163269363692	0.0160000017153	0.017980093132	-0.0322909500832	-0.0132210264976	0.0367311199826	0.0108931950696	0.0129604394446	-0.0167862294227	-0.0471339787581	0.0678530039736	0.00538075472132	-0.0292123130671	0.0167493372372	-0.0250980245742	-0.0447109301505	0.0350058060969	0.012166336242	-0.0328517627886	-0.0217657200465
k__Bacteria;p__Bacteroidetes;c__Bacteroidia;o__Bacteroidales;f__Bacteroidaceae;g__Bacteroides;s__Bacteroides_coprophilus	-0.0363634193944	0.0133505394903	0.00803202440959	0.00896925765472	0.0377166105813	0.0264501319757	0.0210979942573	0.00651453697287	0.03336770308	-0.0477122294899	0.0304089880182	0.0137803119797	-0.00841173258401	-0.08833190064	-0.0414938806863	-0.0295988703118	-0.0174221390866	-0.0278208444981	0.0110672253112	-0.00777425759894	-0.030789637018	-0.0360910312223	0.0168036124824	-0.0627879838173	0.0476102821565	1.0	0.0312469186681	0.0228110504291	-0.0207877382247	-0.00399321941168	0.022125807304	0.0578709514883	0.0116222048696	0.0516057975675	0.017125591168	-0.0999795794395	-0.0234510641871	0.00470678549315	0.0407830218913	-0.0128491466505	-0.0485344388693	0.00495459144996	0.011777757513	-0.00226479443296	-0.0484113925436	0.0466450018078	0.029166218692	-0.0182835485747	0.0656146234904	-0.0343973432537	-0.0437356184006	-0.0332109430567	-0.00999715113307	0.00255151846661	-0.0181321654284	-0.0561072494471	0.00539505089809	-0.0909868860429	0.0233661480125
k__Bacteria;p__Firmicutes;c__Clostridia;o__Clostridiales;f__Lachnospiraceae;g__Roseburia;s__Roseburia_intestinalis	0.0457450591618	-0.0380626710327	-0.0247174156182	0.0188687045917	-0.0653812661748	-0.0587783884274	0.0227963667955	-0.0283366505595	0.0377591039919	-0.0438085352225	-0.0197697500983	0.0309837615942	-0.0870238639801	0.00399901181376	0.000112157111066	-0.0389478013662	0.0167411245801	-0.0701462545391	0.0291309357223	0.0287142335467	-0.00982546130151	-0.0218969081037	-0.0435038387658	0.0360989584267	-0.00611711599655	0.0312469186681	1.0	-0.0218454695672	-0.0280903784709	-0.0142667701394	-0.00445676597974	0.00175655196267	-0.0291992049156	0.000708272288583	0.0636845458365	-0.0365936971292	-0.0185680667682	-0.0499465248959	-0.00321834190813	-0.0270635635142	-0.0370081661943	0.0172485634736	0.0624242340178	-0.0038844521741	0.00734434180313	-0.0263292832232	0.00194625987231	0.0325174328937	-0.0167939022984	-0.0626480487509	-0.00272016206379	0.0110533454721	-0.0224389418375	-0.0127401898696	0.0107261756942	-0.00391646754932	0.00719105598385	0.00691206113152	0.013642469273
k__Bacteria;p__Firmicutes;c__Clostridia;o__Clostridiales;f__Lachnospiraceae;g__Roseburia;s__Roseburia_hominis	0.00546464795999	-0.0400658046424	0.0230489508563	-0.0753203795256	-0.00685724627811	-0.0464047850165	0.039338667463	-0.00507406912499	0.0320974970845	-0.0183427461398	-0.00719689690142	-0.0317505634452	-0.00677258589524	0.03618137728	0.000758359086827	0.0273857044614	0.036440607049	0.00113390371819	-0.0199249250147	-0.0457728445905	0.051182576389	-0.000123505405662	-0.0653408161334	0.0431093320305	0.0426781594782	0.0228110504291	-0.0218454695672	1.0	-0.00559250040507	0.0268264126841	0.0196944815861	0.00250750517057	0.0160964226229	-0.0141715181368	-0.0106995481618	0.0132981916256	0.00875620514262	-0.0545562844624	-0.0410165480027	0.0614245437131	-0.0571296696335	-0.047664762465	-0.00386425933855	0.0341264460636	-0.00879120091189	0.0622727717959	0.00956410448946	-0.0557242866054	-0.0433509524497	-0.00369176819129	-0.0488804563444	0.0592943237675	-0.00218210185627	-0.0240874729381	0.0153913457912	-0.0413468420622	0.0214963059272	-0.0376561584719	0.0499472144446
k__Bacteria;p__Bacteroidetes;c__Bacteroidia;o__Bacteroidales;f__Porphyromonadaceae;g__Parabacteroides;s__Parabacteroides_johnsonii	-0.023257165099	0.0252954751633	0.0336259113646	-0.00403892799105	-0.0180442783567	0.0114594473969	-0.0847272777014	0.0265673066588	-0.000320132480127	-0.0060824824278	-0.0303341630159	-0.0117011434834	-0.0146869266595	-0.0218282645647	-0.0555916434454	-0.00463799863271	-0.0817564811407	-0.0277987832328	-0.0309235933425	0.010641770577	0.0166745402577	0.0277290812075	-0.0148435872544	0.0474522702839	-0.0226164849962	-0.0207877382247	-0.0280903784709	-0.00559250040507	1.0	0.000642246723005	-0.00232735856118	0.0293743911555	0.0727981126709	-0.0412485632098	-0.0039738695588	-0.0407950541898	0.0323009859089	-0.0309120065231	0.0087513057931	-0.000156259265148	-0.0597518798055	0.0107717650158	-0.00396457919337	-0.0152389801417	-0.0658561875046	-0.0214956814221	0.0197116546626	0.0185041615212	0.0214126463307	0.00220596681747	-0.0206540196294	-0.0339405238239	0.0312213303712	-0.0348692594913	0.0220270117534	0.0441367990091	-0.0150999175609	-0.0704357253052	-0.00171418613512
k__Bacteria;p__Actinobacteria;c__Actinobacteria;o__Bifidobacteriales;f__Bifidobacteriaceae;g__Bifidobacterium;s__Bifidobacterium_longum	0.0234737407448	0.0382011541213	-0.0140918887537	-0.0367469417682	-0.0407770175836	0.00110436262586	-0.0543144334763	0.00557245687603	-0.000379926615359	0.00702314852735	-0.00105232104272	-0.0365795468798	-0.00661246141809	-0.0605224901673	0.0159966846722	-0.021831168194	0.0235848767416	-0.0177294525979	-0.029054994853	-0.0380405036507	-0.0387710976454	0.00259868926515	0.0124726031507	-0.0105054560142	-0.0682351596247	-0.00399321941168	-0.0142667701394	0.0268264126841	0.000642246723005	1.0	0.0215111953515	-0.0193453055197	-0.00858052206867	0.0521477387763	-0.0183158365169	-0.0166106723321	-0.0250195078512	-0.0127270307343	-0.0618743874721	0.024440216924	0.0277546528027	-0.0281111697963	0.013646016918	-0.0502033341887	0.042632888531	-0.00791112281205	-0.00148623401895	-0.0536449765983	-0.0296422850443	-0.0708642333776	0.044019473594	-0.031236053388	0.011646165777	-0.00180525274801	-0.0159831589756	0.0625403571098	0.00474801353163	0.0149289911161	0.0288065553308
