#taxonomy	k__Bacteria;p__Bacteroidetes;c__Bacteroidia;o__Bacteroidales;f__Bacteroidaceae;g__Bacteroides;s__Bacteroides_vulgatus	k__Bacteria;p__Bacteroidetes;c__Bacteroidia;o__Bacteroidales;f__Bacteroidaceae;g__Bacteroides;s__Bacteroides_uniformis	k__Bacteria;p__Bacteroidetes;c__Bacteroidia;o__Bacteroidales;f__Rikenellaceae;g__Alistipes;s__Alistipes_putredinis	k__Bacteria;p__Bacteroidetes;c__Bacteroidia;o__Bacteroidales;f__Prevotellaceae;g__Prevotella;s__Prevotella_copri	k__Bacteria;p__Bacteroidetes;c__Bacteroidia;o__Bacteroidales;f__Bacteroidaceae;g__Bacteroides;s__Bacteroides_stercoris	k__Bacteria;p__Bacteroidetes;c__Bacteroidia;o__Bacteroidales;f__Bacteroidaceae;g__Bacteroides;s__Bacteroides_ovatus	k__Bacteria;p__Bacteroidetes;c__Bacteroidia;o__Bacteroidales;f__Rikenellaceae;g__Alistipes;s__Alistipes_shahii	k__Bacteria;p__Firmicutes;c__Clostridia;o__Clostridiales;f__Ruminococcaceae;g__Faecalibacterium;s__Faecalibacterium_prausnitzii	k__Bacteria;p__Bacteroidetes;c__Bacteroidia;o__Bacteroidales;f__Rikenellaceae;g__Alistipes;s__Alistipes_finegoldii	k__Bacteria;p__Bacteroidetes;c__Bacteroidia;o__Bacteroidales;f__Porphyromonadaceae;g__Parabacteroides;s__Parabacteroides_distasonis	k__Bacteria;p__Bacteroidetes;c__Bacteroidia;o__Bacteroidales;f__Bacteroidaceae;g__Bacteroides;s__Bacteroides_thetaiotaomicron	k__Bacteria;p__Bacteroidetes;c__Bacteroidia;o__Bacteroidales;f__Bacteroidaceae;g__Bacteroides;s__Bacteroides_coprocola	k__Bacteria;p__Bacteroidetes;c__Bacteroidia;o__Bacteroidales;f__Bacteroidaceae;g__Bacteroides;s__Bacteroides_cellulosilyticus	k__Bacteria;p__Bacteroidetes;c__Bacteroidia;o__Bacteroidales;f__Rikenellaceae;g__Alistipes;s__Alistipes_obesi	k__Bacteria;p__Firmicutes;c__Clostridia;o__Clostridiales;f__Lachnospiraceae;g__;s__[Eubacterium]_rectale	k__Bacteria;p__Bacteroidetes;c__Bacteroidia;o__Bacteroidales;f__Bacteroidaceae;g__Bacteroides;s__Bacteroides_plebeius	k__Bacteria;p__Bacteroidetes;c__Bacteroidia;o__Bacteroidales;f__Bacteroidaceae;g__Bacteroides;s__Bacteroides_fragilis	k__Bacteria;p__Proteobacteria;c__Betaproteobacteria;o__Burkholderiales;f__Sutterellaceae;g__Sutterella;s__Sutterella_wadsworthensis	k__Bacteria;p__Bacteroidetes;c__Bacteroidia;o__Bacteroidales;f__Porphyromonadaceae;g__Barnesiella;s__Barnesiella_intestinihominis	k__Bacteria;p__Bacteroidetes;c__Bacteroidia;o__Bacteroidales;f__Odoribacteraceae;g__Odoribacter;s__Odoribacter_splanchnicus	k__Bacteria;p__Bacteroidetes;c__Bacteroidia;o__Bacteroidales;f__Bacteroidaceae;g__Bacteroides;s__Bacteroides_salyersiae	k__Bacteria;p__Firmicutes;c__Clostridia;o__Clostridiales;f__Ruminococcaceae;g__Ruminiclostridium;s__[Eubacterium]_siraeum	k__Bacteria;p__Proteobacteria;c__Betaproteobacteria;o__Burkholderiales;f__Sutterellaceae;g__Parasutterella;s__Parasutterella_excrementihominis	k__Bacteria;p__Actinobacteria;c__Actinobacteria;o__Bifidobacteriales;f__Bifidobacteriaceae;g__Bifidobacterium;s__Bifidobacterium_adolescentis	k__Bacteria;p__Firmicutes;c__Clostridia;o__Clostridiales;f__Oscillospiraceae;g__Oscillibacter;s__Oscillibacter_sp._KLE_1745	k__Bacteria;p__Bacteroidetes;c__Bacteroidia;o__Bacteroidales;f__Bacteroidaceae;g__Bacteroides;s__Bacteroides_coprophilus	k__Bacteria;p__Firmicutes;c__Clostridia;o__Clostridiales;f__Lachnospiraceae;g__Roseburia;s__Roseburia_intestinalis	k__Bacteria;p__Firmicutes;c__Clostridia;o__Clostridiales;f__Lachnospiraceae;g__Roseburia;s__Roseburia_hominis	k__Bacteria;p__Bacteroidetes;c__Bacteroidia;o__Bacteroidales;f__Porphyromonadaceae;g__Parabacteroides;s__Parabacteroides_johnsonii	k__Bacteria;p__Actinobacteria;c__Actinobacteria;o__Bifidobacteriales;f__Bifidobacteriaceae;g__Bifidobacterium;s__Bifidobacterium_longum	k__Bacteria;p__Firmicutes;c__Clostridia;o__Clostridiales;f__;g__Flavonifractor;s__Flavonifractor_plautii	k__Bacteria;p__Firmicutes;c__Clostridia;o__Clostridiales;f__Clostridiaceae;g__Clostridium;s__Clostridium_phoceensis	k__Bacteria;p__Verrucomicrobia;c__Verrucomicrobiae;o__Verrucomicrobiales;f__Akkermansiaceae;g__Akkermansia;s__Akkermansia_muciniphila	k__Bacteria;p__Bacteroidetes;c__Bacteroidia;o__Bacteroidales;f__Prevotellaceae;g__Paraprevotella;s__Paraprevotella_xylaniphila	k__Bacteria;p__Firmicutes;c__Clostridia;o__Clostridiales;f__Ruminococcaceae;g__Ruminococcus;s__Ruminococcus_callidus	k__Bacteria;p__Bacteroidetes;c__Bacteroidia;o__Bacteroidales;f__Rikenellaceae;g__Alistipes;s__Alistipes_senegalensis	k__Bacteria;p__Firmicutes;c__Clostridia;o__Clostridiales;f__Lachnospiraceae;g__Blautia;s__Blautia_sp._KLE_1732	k__Bacteria;p__Bacteroidetes;c__Bacteroidia;o__Bacteroidales;f__Bacteroidaceae;g__Bacteroides;s__Bacteroides_oleiciplenus	k__Bacteria;p__Firmicutes;c__Clostridia;o__Clostridiales;f__Ruminococcaceae;g__Ruminococcus;s__Ruminococcus_bicirculans	k__Bacteria;p__Bacteroidetes;c__Bacteroidia;o__Bacteroidales;f__Bacteroidaceae;g__Bacteroides;s__Bacteroides_fluxus	k__Bacteria;p__Bacteroidetes;c__Bacteroidia;o__Bacteroidales;f__Prevotellaceae;g__Prevotella;s__Prevotella_stercorea	k__Bacteria;p__Firmicutes;c__Clostridia;o__Clostridiales;f__Lachnospiraceae;g__Dorea;s__Dorea_longicatena	k__Bacteria;p__Firmicutes;c__Clostridia;o__Clostridiales;f__Eubacteriaceae;g__Eubacterium;s__[Eubacterium]_eligens	k__Bacteria;p__Firmicutes;c__Clostridia;o__Clostridiales;f__Ruminococcaceae;g__;s__Ruminococcaceae_bacterium_D16	k__Bacteria;p__Firmicutes;c__Clostridia;o__Clostridiales;f__Lachnospiraceae;g__Coprococcus;s__Coprococcus_comes	k__Bacteria;p__Proteobacteria;c__Gammaproteobacteria;o__Enterobacterales;f__Enterobacteriaceae;g__Escherichia;s__Escherichia_coli	k__Bacteria;p__Firmicutes;c__Clostridia;o__Clostridiales;f__Ruminococcaceae;g__Anaerotruncus;s__Anaerotruncus_colihominis	k__Bacteria;p__Firmicutes;c__Clostridia;o__Clostridiales;f__Lachnospiraceae;g__Blautia;s__Blautia_obeum	k__Bacteria;p__Bacteroidetes;c__Bacteroidia;o__Bacteroidales;f__Odoribacteraceae;g__Odoribacter;s__Odoribacter_laneus	k__Bacteria;p__Firmicutes;c__Clostridia;o__Clostridiales;f__Ruminococcaceae;g__Ruminiclostridium;s__[Clostridium]_leptum	k__Bacteria;p__Bacteroidetes;c__Bacteroidia;o__Bacteroidales;f__Porphyromonadaceae;g__Parabacteroides;s__Parabacteroides_goldsteinii	k__Bacteria;p__Firmicutes;c__Clostridia;o__Clostridiales;f__Lachnospiraceae;g__Anaerostipes;s__Anaerostipes_hadrus	k__Bacteria;p__Firmicutes;c__Clostridia;o__Clostridiales;f__Ruminococcaceae;g__Ruminococcus;s__Ruminococcus_lactaris	k__Bacteria;p__Firmicutes;c__Clostridia;o__Clostridiales;f__Clostridiaceae;g__Clostridium;s__Clostridium_sp._L2-50	k__Bacteria;p__Firmicutes;c__Clostridia;o__Clostridiales;f__Clostridiaceae;g__Clostridium;s__Clostridium_sp._M62/1	k__Bacteria;p__Firmicutes;c__Clostridia;o__Clostridiales;f__;g__Intestinimonas;s__Intestinimonas_butyriciproducens	k__Bacteria;p__Actinobacteria;c__Actinobacteria;o__Bifidobacteriales;f__Bifidobacteriaceae;g__Bifidobacterium;s__Bifidobacterium_bifidum	k__Bacteria;p__Firmicutes;c__Negativicutes;o__Veillonellales;f__Veillonellaceae;g__Dialister;s__Dialister_invisus	k__Bacteria;p__Bacteroidetes;c__Bacteroidia;o__Bacteroidales;f__Bacteroidaceae;g__Bacteroides;s__Bacteroides_salanitronis
k__Bacteria;p__Bacteroidetes;c__Bacteroidia;o__Bacteroidales;f__Bacteroidaceae;g__Bacteroides;s__Bacteroides_vulgatus	1.0	0.00472630079799	-0.0239310485162	-0.00323414730645	-0.0185611610491	-0.00647851634497	0.0465608652119	-0.00650841036911	-0.0264504258913	0.00671253739693	-0.0323669454005	0.0170061208019	0.038265304593	-0.0251552001374	-0.0258401520781	0.0410712026852	-0.0303529710885	-0.00577209447976	0.013684017805	-0.00168128849258	-0.0164872885872	-0.0354366814157	-0.0477667905971	0.0266531593618	-0.0486745679343	0.0145437278233	0.00768975484757	0.0166653672213	-0.0168986329718	-0.0141119996024	-0.0275992247375	-0.0424096895923	-0.0258912407674	-0.0800536285949	-0.0273210325462	-0.0106240357912	-0.023230945345	0.0441591538207	-0.0773549601645	0.00527161211309	0.00602177342612	-0.0412643011953	-0.0180833334768	0.00293878429345	-0.0371447109009	0.00809433299797	-0.0105522416777	-0.0495955561056	-0.0606197698881	0.0136873253437	0.0118626414559	-0.0216660057989	0.0327897370697	-0.0137043768651	0.0966444678858	0.0417016933014	0.0082463888322	0.0119463429207	-0.029776519394
k__Bacteria;p__Bacteroidetes;c__Bacteroidia;o__Bacteroidales;f__Bacteroidaceae;g__Bacteroides;s__Bacteroides_uniformis	0.00472630079799	1.0	0.0722832745204	-0.00167139175284	-0.0120557362784	-0.00774517757611	0.00295392916372	-0.0139600356421	0.000760809802698	-0.0638293005635	-0.00757724489636	-0.011350030594	-0.0795305603793	-0.0456223540738	0.0205150853471	-0.0916906247769	-0.0271746573043	-0.0596246493561	-0.0281812538891	-0.0404023502352	0.01936590167	0.017233736997	0.0269239840306	0.000256548618437	-0.0243595412594	0.0170359477129	-0.00644300781433	-0.0228826577757	0.049313915565	-0.0328349553206	0.0411001320719	0.0827617802661	-0.0595348113216	-0.0127957449451	-0.0279585674097	0.00286844253456	0.0253007973207	-0.0053236853071	0.0158289057485	-0.0115804116846	0.0266565666173	0.00286446134869	-0.0714655148757	0.0319023764292	0.0169740688486	0.0118173570798	-0.0347726615298	-0.0197031993277	0.0536650705824	-0.0068330179017	-0.0251220707236	-0.023855321921	0.052418079724	0.00758476323334	-0.0521412842219	-0.0146498303595	-0.008320305095	-0.0385413657814	0.0366395011621
k__Bacteria;p__Bacteroidetes;c__Bacteroidia;o__Bacteroidales;f__Rikenellaceae;g__Alistipes;s__Alistipes_putredinis	-0.0239310485162	0.0722832745204	1.0	-0.00803338347121	-0.0362668584318	-0.00857732649466	0.00705774901591	-0.0282703451489	-0.0232099812978	0.0232751854059	-0.00494664257366	-0.0214397362489	0.00185858477716	-0.00450329713291	-0.0496772445162	0.00711305602325	-0.00189713371002	-0.0134273612139	-0.0395121015976	-0.0265007542401	0.01999239136	0.0717684825154	-0.0062919210027	-0.0190336684769	-0.0192958314505	-0.0264283140381	-0.0236364551241	-0.0391745038598	-0.0424604805391	-0.000352664027207	-0.0143090248565	-0.013864794712	0.0241951299894	0.0410555847664	-0.0557975020815	0.0298505728589	0.0214539774022	-0.0207462858169	0.0213129539946	-0.0723622327759	0.0249376831125	0.0294818608106	-0.00931131464264	0.0358954911273	0.0223591681447	0.00328750289578	-0.000462492881649	-0.0568482398727	-0.00221681329384	-0.0167765421336	0.0484169208664	-0.0429699362745	0.0597763348062	0.0266659930228	-0.0166401829311	-0.00990343937669	-0.0237427179222	-0.0534074891927	-0.0228330336473
k__Bacteria;p__Bacteroidetes;c__Bacteroidia;o__Bacteroidales;f__Prevotellaceae;g__Prevotella;s__Prevotella_copri	-0.00323414730645	-0.00167139175284	-0.00803338347121	1.0	0.0268257248318	-0.0871698048867	0.0193738065813	-0.00540970964093	-0.0436876054256	-0.0108275045183	-0.0116679158786	-0.0438123621716	-0.0322028390193	-0.00289962442449	0.05447756816	-0.11487052494	-0.011169713062	0.0371927527091	0.0218224971579	0.0176290763387	-0.034927263753	-0.032905940539	-0.0420520476782	0.039603705144	-0.00548486698949	-0.0134952424635	0.0666764324687	0.00506310424021	0.0698949223122	-0.0239785428772	-0.0513527406718	-0.04884011518	0.035394889831	-0.000482051480499	-0.0289294391492	-0.0566957801062	-0.0264046712912	-0.00554107592603	0.0468995840273	0.0271950812236	-0.0241502940907	-0.0356790174555	0.0085821883107	0.00557065056568	-0.0165866941469	-0.0323736873058	0.0375524447091	-0.00794249582074	-0.00210973507784	0.00557328746465	0.0269097409469	0.019969159087	-0.00372018928525	0.0128777924593	-0.0346458382505	-0.0690266746891	-0.0794200606808	-0.0278180110765	0.00600622254244
k__Bacteria;p__Bacteroidetes;c__Bacteroidia;o__Bacteroidales;f__Bacteroidaceae;g__Bacteroides;s__Bacteroides_stercoris	-0.0185611610491	-0.0120557362784	-0.0362668584318	0.0268257248318	1.0	-0.0419059063916	0.0305350358659	0.047830067806	-0.0166451714882	0.000222418568676	-0.00155907337085	-0.032351147743	-0.0123463850191	-0.059404365081	0.00848345212149	-0.0165470546364	0.00197746932269	0.0169520747743	0.0242554538186	-0.014787242469	-0.012518668464	0.0224133847559	0.0320790814982	-0.0543927370232	-0.0314547044651	-0.0566466628009	-0.0299246391533	-0.0168505737361	-0.0112317257996	-0.0160467758329	-0.0927327945876	0.00956270816184	0.0260154883564	-0.026416950977	0.0654567148975	0.0310196271344	-0.0116143326566	-0.000615641967538	-0.0295209773079	-0.00519541846085	-0.0422969960745	-0.00495791425243	0.00526211675297	-0.00333561159478	0.0239554659365	0.00708875954897	-0.0384681823699	0.00348034487927	-0.0469239521818	0.0234908374777	-0.0343605521076	-0.0168929595039	-0.0621424345882	0.0322934664583	0.0465035093854	0.049115347503	-0.00195199341078	-0.0229625280905	0.00892491574431
k__Bacteria;p__Bacteroidetes;c__Bacteroidia;o__Bacteroidales;f__Bacteroidaceae;g__Bacteroides;s__Bacteroides_ovatus	-0.00647851634497	-0.00774517757611	-0.00857732649466	-0.0871698048867	-0.0419059063916	1.0	0.0282698323359	-0.0345700674138	0.0286207829046	-0.0361170796631	-0.070807609899	0.0344916805524	0.0691685283715	-0.0141754128768	0.0420997099582	-0.0437865619619	0.00153540620601	-0.0792737445885	-0.00251515932514	-0.0247156450133	-0.011760761848	0.0107990461311	0.0281945651456	0.0175683120503	0.00894879627282	-0.0250698253954	0.0338004314446	-0.0303481521141	0.00373239452045	0.00946302496833	-0.0111254887983	-0.0327261977719	0.00910095810846	0.0016744537561	0.0230107225855	-0.0116956731663	-0.00381718901988	-0.00281978511467	-0.0393943618243	0.0227849009351	-0.016127469811	-0.0635704716347	-0.0259813135487	-0.0521079782606	0.0295568257813	0.00133645339601	-0.0108331655067	-0.0341845920328	0.0294803683844	-0.042578932598	-0.0803408240795	0.0142697080881	-0.0345730294539	-0.0620223932549	-0.0237508307051	0.00743574799373	0.0650488828407	0.0255502416353	-0.0205664751194
k__Bacteria;p__Bacteroidetes;c__Bacteroidia;o__Bacteroidales;f__Rikenellaceae;g__Alistipes;s__Alistipes_shahii	0.0465608652119	0.00295392916372	0.00705774901591	0.0193738065813	0.0305350358659	0.0282698323359	1.0	-0.00501004066778	-0.0613035453509	0.0359591450375	-0.00696370085527	-0.0277746843738	-0.0254374844326	-0.017577454903	0.0179082799266	0.0249473410772	0.0499057131212	-0.00950944861102	0.0236498695674	-0.0137175342492	-0.0865202806478	-0.0107518024912	-0.0594166790423	-0.062880419656	0.0674319287429	0.0106026799753	-0.0186860991654	-0.0110769348042	-0.0483980311344	-0.0386795309694	-0.0304792982071	-0.00688371990871	0.0133832165727	-0.0086671872302	0.0202495187119	0.013689058603	-0.00180804462642	-0.0229668269871	0.0275448549293	-0.0466168960072	-0.0242796148626	-0.026672438349	-0.069148583248	0.0427892696931	-0.0326218815509	-0.0461060215437	-0.0680087983113	-0.0265118062249	-0.0393166434937	0.0462825370214	-0.0148301482649	-0.0181685141783	-0.0498309828011	-0.0344456829105	-0.00616838202655	0.0157620678289	0.0115601745476	0.035347793664	0.0550451428236
k__Bacteria;p__Firmicutes;c__Clostridia;o__Clostridiales;f__Ruminococcaceae;g__Faecalibacterium;s__Faecalibacterium_prausnitzii	-0.00650841036911	-0.0139600356421	-0.0282703451489	-0.00540970964093	0.047830067806	-0.0345700674138	-0.00501004066778	1.0	0.00989624056105	-0.0673744462455	-0.00391110806893	-0.0423296719969	0.0341212995529	0.00331278343679	-0.0532710061997	-0.00717062656184	-0.0271365189755	0.00299178793341	-0.00621023728004	-0.0215365536178	-0.00279716878792	-0.0224701471148	-0.0213645756955	0.0548801676275	-0.033709245259	-0.00232564038998	-0.0184703111832	0.0125742768351	0.0619367697547	-0.00669007127049	0.0334321293157	-0.0899954074622	-0.0325222217722	-0.00766643239266	0.0301727512231	-0.0306583294051	-0.049743535636	0.00852200322451	0.036405575017	0.0426843518922	0.0364185376245	-0.0590547128076	-0.0133722646684	-0.0500869303506	-0.0025609292049	-0.0115998682702	0.0154905716533	-0.0124872145938	0.00484687797098	0.0156943153304	-0.0178436674454	0.00767019134456	0.0524237405288	0.0267602096396	-0.0182763368384	-0.00871225322618	-0.0252639697149	0.0187122254189	-0.0521176226897
k__Bacteria;p__Bacteroidetes;c__Bacteroidia;o__Bacteroidales;f__Rikenellaceae;g__Alistipes;s__Alistipes_finegoldii	-0.0264504258913	0.000760809802698	-0.0232099812978	-0.0436876054256	-0.0166451714882	0.0286207829046	-0.0613035453509	0.00989624056105	1.0	-0.00697124648637	-0.0276087747552	-0.0267922124198	-0.0188684934392	0.0238352413596	-0.0427163807263	-0.0106699538264	-0.0300116252443	-0.0387341320373	0.0342498629307	-0.0491430090586	-0.000551868492363	0.00416175195615	0.014488632141	-0.0275763012882	-0.0718306211114	0.0139858876765	0.0302798229215	0.0330346980724	0.0209890382185	-0.0160633398478	-0.0022519152025	-0.0392620547781	0.0190584286783	-0.00181125157376	-0.0611389139528	-0.0471890120397	-0.0424919499807	-0.0125328829183	-0.00883992108895	0.0834848658384	-0.0196848180025	0.00340210542296	-0.0153636132494	0.0771675617128	0.0391187878661	0.00225045076067	-0.030818424571	0.0714359219549	-0.00371425410248	-0.0327518720086	-0.0500600346545	-0.0481371783576	-0.0152340653455	-0.0191154352466	0.0111197145782	0.0361036839793	0.0194003142245	-0.0010563414913	0.0204989871038
k__Bacteria;p__Bacteroidetes;c__Bacteroidia;o__Bacteroidales;f__Porphyromonadaceae;g__Parabacteroides;s__Parabacteroides_distasonis	0.00671253739693	-0.0638293005635	0.0232751854059	-0.0108275045183	0.000222418568676	-0.0361170796631	0.0359591450375	-0.0673744462455	-0.00697124648637	1.0	0.00598070570977	-0.0348070061751	-0.0335569360639	0.0568601218682	0.00147337497223	0.0390026660147	0.0196496971427	0.010884800132	-0.0773633826433	0.0122638574085	-0.0218248232263	-0.071739145982	-0.0201913276091	-0.0492650429392	0.0276306548268	-0.0383404512097	0.0488719993511	-0.0292435224454	0.00552909404894	-0.0362420068854	-0.0335954188882	-0.0403749913319	-0.0343953136327	0.00226689689278	0.035203028331	0.0352561277455	0.000246544877568	-0.0227824377074	0.0524344304601	-0.00734667904317	0.0579030725747	0.0313458978728	0.0274889567827	0.0164248718445	-0.0184615202304	-0.0136158128535	-0.0577030380243	0.00828154594115	-0.018341618002	0.00972254479365	-0.103982471861	-0.0167911294452	-0.00941926376034	-0.00582635785808	-0.0232144123944	-0.00178086842708	-0.0168248690676	-0.0160778589866	0.0564612624672
k__Bacteria;p__Bacteroidetes;c__Bacteroidia;o__Bacteroidales;f__Bacteroidaceae;g__Bacteroides;s__Bacteroides_thetaiotaomicron	-0.0323669454005	-0.00757724489636	-0.00494664257366	-0.0116679158786	-0.00155907337085	-0.070807609899	-0.00696370085527	-0.00391110806893	-0.0276087747552	0.00598070570977	1.0	0.00376113082397	-0.0418391821596	-0.00167723265108	-0.00129062251827	0.0230479260247	0.00363632721816	-0.0059505207558	0.018455062364	-0.0554371544103	-0.00172444732164	0.0343871862986	-0.0148263946699	0.00609014413812	0.0636350146128	-0.0132939468873	0.0165183285767	-0.0497314596908	0.0191728761773	0.051121070966	-0.0473569087494	0.0173345919834	-0.0575793246517	0.0104630661483	-0.00942450223845	-0.0432083171184	-0.00251485135047	0.0337574011258	0.00950787221704	-0.047942521599	0.0189240949807	-0.039705659781	-0.0347621657072	-0.0180413013714	0.00791957458564	-0.0316665704141	0.0899908962123	-0.0431511143197	-0.0350760703985	-0.049342169432	0.0486738972276	-0.0415518284383	0.0176273427524	0.0166418679477	-0.0426897687961	0.0189640722474	-0.0266747276721	0.0106154831734	-0.0300651042143
k__Bacteria;p__Bacteroidetes;c__Bacteroidia;o__Bacteroidales;f__Bacteroidaceae;g__Bacteroides;s__Bacteroides_coprocola	0.0170061208019	-0.011350030594	-0.0214397362489	-0.0438123621716	-0.032351147743	0.0344916805524	-0.0277746843738	-0.0423296719969	-0.0267922124198	-0.0348070061751	0.00376113082397	1.0	-0.00145080928276	0.0144509990379	-0.0443990732063	0.0363384261219	-0.0690546766416	0.00488274987583	-0.00258316949516	-0.00223247802137	0.0287822174775	-0.0495007459273	-0.00431839225263	0.0141266659946	-0.0201406927208	-0.0561344886819	0.00198918160443	-0.0521356795566	-0.0186182498633	0.0352264177742	0.0575956618664	0.0461114390221	0.0899117630204	0.00464573153349	-0.033029082996	-0.00219032622584	-0.0655039378474	-0.00990123948235	0.00640344320216	-0.0333132482853	-0.0250232647448	0.00834995117651	-0.0146056765531	-0.0686458394087	-0.100328693056	-0.00575353661597	-0.0122655897011	-0.0116958593708	0.0223207440618	-0.0495114459714	-0.0418924503095	0.00288351578018	0.0669443205135	0.0255305009808	-0.0283904214523	-0.0495254300585	0.0148059339727	0.0107216945517	-0.0491271221954
k__Bacteria;p__Bacteroidetes;c__Bacteroidia;o__Bacteroidales;f__Bacteroidaceae;g__Bacteroides;s__Bacteroides_cellulosilyticus	0.038265304593	-0.0795305603793	0.00185858477716	-0.0322028390193	-0.0123463850191	0.0691685283715	-0.0254374844326	0.0341212995529	-0.0188684934392	-0.0335569360639	-0.0418391821596	-0.00145080928276	1.0	-0.0135986034488	-0.0560950232197	0.0818048031979	-0.0329686563349	0.0367241547914	0.0546591145055	-0.0318774148966	-0.0537531041944	-0.0216273232216	0.0170047944877	0.00349395194375	0.0202960856402	-0.0309298922942	-0.0820653843175	-0.0589864908285	0.0325198457872	-0.0236750874591	-0.0577905398873	0.0504535660928	0.000481011351392	0.00727216288001	-0.0151079077065	-0.0194969589886	0.0219569321919	0.0727862157752	0.0455823094051	-0.0120470176669	-0.0256715381767	-0.00260581885361	-0.049158120917	0.0201563671463	0.0115741300016	-0.0120216549456	0.00738648072054	-0.0112522525893	0.0166576440209	-0.0166056667762	-0.0456009026158	0.0198162784883	0.0485877428944	0.0358758278407	0.0278157390726	-0.00792134754945	0.0201713709641	-0.0141396125954	0.0217591187442
k__Bacteria;p__Bacteroidetes;c__Bacteroidia;o__Bacteroidales;f__Rikenellaceae;g__Alistipes;s__Alistipes_obesi	-0.0251552001374	-0.0456223540738	-0.00450329713291	-0.00289962442449	-0.059404365081	-0.0141754128768	-0.017577454903	0.00331278343679	0.0238352413596	0.0568601218682	-0.00167723265108	0.0144509990379	-0.0135986034488	1.0	0.041737774717	-0.0239418396392	0.0201431703293	0.00998453586633	-0.0389469599938	-0.00932769598955	-0.0148030017516	0.0157070606593	-0.0633935303487	-0.0377300367898	-0.0545776294111	0.000449534332294	0.0844229977956	-0.0461576445043	-0.0540301352558	-0.00551000992687	0.000721928359085	0.000765194339453	-0.0563140919321	-0.0211836738104	-0.0147352943095	-0.0462507220499	-0.0440718044636	0.066076124987	-0.00414706932185	0.00791720456473	-0.0779317919481	0.0429223263496	0.0289993734498	-0.0068697951206	0.00545407789484	0.025713688407	-0.0424153412084	-0.0236021334344	0.0187275774504	0.0154342906055	0.0145773056291	0.0163599460392	-0.0742132967999	-0.0389378995363	0.0317784102392	0.0285391653789	-0.0319894130702	-0.0115018493621	-0.0393036267067
k__Bacteria;p__Firmicutes;c__Clostridia;o__Clostridiales;f__Lachnospiraceae;g__;s__[Eubacterium]_rectale	-0.0258401520781	0.0205150853471	-0.0496772445162	0.05447756816	0.00848345212149	0.0420997099582	0.0179082799266	-0.0532710061997	-0.0427163807263	0.00147337497223	-0.00129062251827	-0.0443990732063	-0.0560950232197	0.041737774717	1.0	-0.022156053039	0.0152941347123	0.0172157408569	-0.0847490767364	-0.0116848929363	-0.0277960582442	0.0582205654816	0.025565493899	0.0369017964863	0.00308909677823	0.0216188519174	-0.0135885980277	-0.0391581232944	-0.0341516291092	-0.0222468897388	-0.0273201964473	0.00577448924006	-0.0378809599167	-0.00357102676433	0.0599343421406	-0.025028183454	0.0314567158461	-0.0553823303547	0.0179811325755	-0.0298171577144	-0.00216179298363	0.00264651579656	0.0185702727922	-0.00850088945587	-0.016853459223	-0.0377214500265	-0.00309814166606	-0.0725382377114	-0.0464696389178	-0.0064600049359	-0.0592657395645	-0.000975134666212	-0.0475404501969	-0.034460815159	-0.0323174342974	0.0138060478399	-0.0238257533085	0.006309870314	-0.0765487998254
k__Bacteria;p__Bacteroidetes;c__Bacteroidia;o__Bacteroidales;f__Bacteroidaceae;g__Bacteroides;s__Bacteroides_plebeius	0.0410712026852	-0.0916906247769	0.00711305602325	-0.11487052494	-0.0165470546364	-0.0437865619619	0.0249473410772	-0.00717062656184	-0.0106699538264	0.0390026660147	0.0230479260247	0.0363384261219	0.0818048031979	-0.0239418396392	-0.022156053039	1.0	-0.00453447952464	-0.00531465737758	0.00923300946109	-0.023082648948	-0.0492221160572	-0.0311262421765	-0.0173664612078	-0.0170301237571	-0.0488560820855	-0.0471676580665	-0.015738995612	-0.0117434023127	-0.0189500418887	-0.0340909682929	-0.0419553472314	0.00813549595443	-0.0187118756057	-0.0119235825171	-0.0119282829774	0.0386636162481	-0.0614101688907	0.0103892151299	-0.0242011020196	-0.0116107423803	0.053689373306	-0.048433529969	0.0288052960221	0.00736685045737	0.00492111806532	-0.0104098842839	-0.0320036844263	0.0520723666873	0.0360583389103	-0.0527852967757	-0.00525273952108	-0.0565981266572	0.0148267401756	0.00706654235032	-0.0019417527607	-0.0145137121726	0.00365693533842	-0.0139426585641	0.0154520420513
k__Bacteria;p__Bacteroidetes;c__Bacteroidia;o__Bacteroidales;f__Bacteroidaceae;g__Bacteroides;s__Bacteroides_fragilis	-0.0303529710885	-0.0271746573043	-0.00189713371002	-0.011169713062	0.00197746932269	0.00153540620601	0.0499057131212	-0.0271365189755	-0.0300116252443	0.0196496971427	0.00363632721816	-0.0690546766416	-0.0329686563349	0.0201431703293	0.0152941347123	-0.00453447952464	1.0	-0.0110010081691	0.028400152825	-0.00603806378885	-0.0893301754236	0.0255991460728	-0.0697468784465	-0.000939070241915	-0.0177100231139	0.0546532009237	0.0413173661033	-0.00517336713174	-0.0681695197446	-0.0215189955241	-0.012217306194	-0.0429536230631	-0.0309806081358	0.0283365930974	0.0483565549271	0.0249904890545	-0.00943480199908	0.022970209998	-0.00174940972293	-0.0100238404974	-0.0148643870382	0.0429094836825	-0.0513928346615	-0.0471888083845	0.019416128753	-0.0406962881444	-0.0156410236857	-0.0219644302112	-0.0231651379153	-0.0165948242419	-0.0210694321049	-0.0153848931152	0.011082765246	0.0226794077844	-0.0100789882923	0.0832010805725	0.00194006636136	0.0283287315395	-0.022330671885
k__Bacteria;p__Proteobacteria;c__Betaproteobacteria;o__Burkholderiales;f__Sutterellaceae;g__Sutterella;s__Sutterella_wadsworthensis	-0.00577209447976	-0.0596246493561	-0.0134273612139	0.0371927527091	0.0169520747743	-0.0792737445885	-0.00950944861102	0.00299178793341	-0.0387341320373	0.010884800132	-0.0059505207558	0.00488274987583	0.0367241547914	0.00998453586633	0.0172157408569	-0.00531465737758	-0.0110010081691	1.0	-0.0138463432381	-0.0351650478025	-0.0153978124525	-0.00492124116751	-0.0279814447311	0.0165640386359	-0.0408196787315	-0.0104662477077	-0.00637488869911	0.0580005694781	0.0116035331214	-0.00126978581308	0.0709149406678	-0.0269895713637	-0.0670602214395	-0.0316323760938	-0.00896737333988	-0.0149311507461	-0.0260694612984	-0.0319400336257	-0.00418157415454	-0.0262834429846	-0.0397614281608	0.0245791030235	-0.0256913037597	0.0638598929356	-0.0289035542682	0.0300704677556	-0.0247137889838	-0.0063840474647	0.0276365089478	-0.0541874728286	-0.0329839557759	-0.0105150281358	0.00144460494366	-0.00951782147984	-0.0123826200587	-0.0120763215543	-0.0381415674262	0.0044195879412	-0.0320351010175
k__Bacteria;p__Bacteroidetes;c__Bacteroidia;o__Bacteroidales;f__Porphyromonadaceae;g__Barnesiella;s__Barnesiella_intestinihominis	0.013684017805	-0.0281812538891	-0.0395121015976	0.0218224971579	0.0242554538186	-0.00251515932514	0.0236498695674	-0.00621023728004	0.0342498629307	-0.0773633826433	0.018455062364	-0.00258316949516	0.0546591145055	-0.0389469599938	-0.0847490767364	0.00923300946109	0.028400152825	-0.0138463432381	1.0	-0.00110402729879	-0.0428829503666	-0.0235158140124	0.0197303943066	-0.00455663906585	0.0334098809252	-0.00132668065831	-0.00683963081354	0.0479564817772	-0.0150873825128	0.00458476312946	-0.0189721710026	-0.00855167325526	-0.0379513267068	0.0208473627919	-0.0248224725087	-0.0106682352636	0.0258595109166	-0.0431049209	-7.64340113363e-05	0.0202180055509	-0.0604110862192	-0.0410352129954	0.0296307011089	-0.00672337537266	-0.00988502748064	0.0195023127763	-0.0172450255391	-0.003612376065	-0.00961898490191	-0.0354288104545	0.0605098586461	0.00292024660432	-0.0724895977367	-0.00908047211858	0.00561668515809	-0.0579321689338	-0.00972134104654	0.00234749217177	0.0537604804643
k__Bacteria;p__Bacteroidetes;c__Bacteroidia;o__Bacteroidales;f__Odoribacteraceae;g__Odoribacter;s__Odoribacter_splanchnicus	-0.00168128849258	-0.0404023502352	-0.0265007542401	0.0176290763387	-0.014787242469	-0.0247156450133	-0.0137175342492	-0.0215365536178	-0.0491430090586	0.0122638574085	-0.0554371544103	-0.00223247802137	-0.0318774148966	-0.00932769598955	-0.0116848929363	-0.023082648948	-0.00603806378885	-0.0351650478025	-0.00110402729879	1.0	-0.0498189968482	0.00437688639801	0.0101773388076	-0.0508766877996	0.0391482175332	-0.00137161084474	-0.0176368751694	0.0144306847934	0.0641003997035	-0.00448345911365	-0.0364477824801	0.00871836368818	-0.00529209854591	0.0108754222647	-0.00355503686599	0.0323111313626	-0.00468586342866	-0.00823105520485	0.0308372747632	-0.0249802344303	0.0100319812823	0.00189623041466	0.0361968169181	-0.0135478799723	-0.0416480416558	-0.0338941909946	-0.0298834470541	-0.0150631886948	-0.0614359404722	0.0148607697932	-0.0551168196121	0.0108140235	0.0887753552536	0.0176643014134	0.0110341211936	-0.0467911591006	-0.0105247227421	0.0135950240657	-0.0429493922559
k__Bacteria;p__Bacteroidetes;c__Bacteroidia;o__Bacteroidales;f__Bacteroidaceae;g__Bacteroides;s__Bacteroides_salyersiae	-0.0164872885872	0.01936590167	0.01999239136	-0.034927263753	-0.012518668464	-0.011760761848	-0.0865202806478	-0.00279716878792	-0.000551868492363	-0.0218248232263	-0.00172444732164	0.0287822174775	-0.0537531041944	-0.0148030017516	-0.0277960582442	-0.0492221160572	-0.0893301754236	-0.0153978124525	-0.0428829503666	-0.0498189968482	1.0	-0.0121208194552	-0.0129651277517	0.000466252780374	-0.00150713400391	-0.030678360934	0.0303439373545	0.0309757918258	0.0273221149719	0.00246064532655	-0.0230981887448	-0.0809851992176	-0.0308518618615	-0.00490497435696	-0.043529835166	0.0290189401177	-0.0606286265165	0.0471466874836	-0.00306482374947	-0.0108082977274	-0.00471904105014	-0.0441828211646	-0.000792702625159	0.0189787390657	0.00282784671809	0.0531376473758	-0.0194041101641	0.016956847893	0.0142219926322	-0.0613166615079	-0.0451386481303	0.00237966287819	0.0546311791193	0.00983402511064	0.0528752674872	0.0161819108514	-0.0607818378827	-0.0247748084522	0.00320816153235
k__Bacteria;p__Firmicutes;c__Clostridia;o__Clostridiales;f__Ruminococcaceae;g__Ruminiclostridium;s__[Eubacterium]_siraeum	-0.0354366814157	0.017233736997	0.0717684825154	-0.032905940539	0.0224133847559	0.0107990461311	-0.0107518024912	-0.0224701471148	0.00416175195615	-0.071739145982	0.0343871862986	-0.0495007459273	-0.0216273232216	0.0157070606593	0.0582205654816	-0.0311262421765	0.0255991460728	-0.00492124116751	-0.0235158140124	0.00437688639801	-0.0121208194552	1.0	0.0391993507724	0.0211965387871	0.04886630355	0.0370779689996	0.0262695572758	0.00403747202551	0.0144525507011	-0.0420258715355	-0.057955050939	-0.041714318723	0.0106038343589	-0.0303151870005	0.0523282886173	-0.0705239385313	0.000983874993929	-0.0499618298393	-0.0344996248978	-0.0413404335222	-0.0204416376439	0.0136207397768	0.0239063671476	0.0180045780178	-0.0447621815511	0.0388574022682	-0.104992974986	-0.0188347760329	0.0436578636126	-0.0274370941586	0.0117175285072	-0.0261883497377	-0.0570826579037	-0.00191636652381	-0.0247782247699	0.0165973619859	0.0108117877277	0.0108284928371	-0.015431650938
k__Bacteria;p__Proteobacteria;c__Betaproteobacteria;o__Burkholderiales;f__Sutterellaceae;g__Parasutterella;s__Parasutterella_excrementihominis	-0.0477667905971	0.0269239840306	-0.0062919210027	-0.0420520476782	0.0320790814982	0.0281945651456	-0.0594166790423	-0.0213645756955	0.014488632141	-0.0201913276091	-0.0148263946699	-0.00431839225263	0.0170047944877	-0.0633935303487	0.025565493899	-0.0173664612078	-0.0697468784465	-0.0279814447311	0.0197303943066	0.0101773388076	-0.0129651277517	0.0391993507724	1.0	0.0139002205447	-0.0302856897227	-0.0560931866316	0.0136316751066	-0.0122467155646	-0.00977274901663	0.0400789369595	0.0373226129727	0.0335233557512	0.0343870438531	-0.0157451395123	-0.0985300547068	0.00967411293747	-0.00289896745469	-0.0327945522512	-0.0330176059513	-0.0501076406108	0.0211865127063	-0.00698951140859	-0.00405167384871	-0.0110374744535	-0.0677823979065	-0.0321621223568	0.0998254117941	0.00821813108769	-0.0574121340669	-0.0273684619708	-0.0335026884911	0.0196637976005	0.0232994970253	-0.000607100189028	0.0627434774228	0.00835249310342	-0.0214963665484	-0.0139320684089	0.0182484563485
k__Bacteria;p__Actinobacteria;c__Actinobacteria;o__Bifidobacteriales;f__Bifidobacteriaceae;g__Bifidobacterium;s__Bifidobacterium_adolescentis	0.0266531593618	0.000256548618437	-0.0190336684769	0.039603705144	-0.0543927370232	0.0175683120503	-0.062880419656	0.0548801676275	-0.0275763012882	-0.0492650429392	0.00609014413812	0.0141266659946	0.00349395194375	-0.0377300367898	0.0369017964863	-0.0170301237571	-0.000939070241915	0.0165640386359	-0.00455663906585	-0.0508766877996	0.000466252780374	0.0211965387871	0.0139002205447	1.0	0.00332044766565	-0.0193878198974	-0.0458472327867	-0.0312454131878	-0.0576553371792	-0.00365599584712	-0.0794606680838	0.00157466148647	-0.00928654405102	-0.0540661796642	0.00552525364322	0.00411377588697	-0.0145767547764	0.0295175530184	-0.0308047207455	-0.00399617480186	0.0251324557413	0.0158320901802	-0.044660628791	0.00353298549506	-0.00141702786076	-0.0375297581689	-0.0449441223313	0.00566135561183	-0.0240030803832	0.0542124101558	-0.0316778332472	0.0617505561227	0.00593811547999	0.0110791757762	0.0504527319085	0.0672838458936	-0.0288646109472	-0.0045027180821	0.000520351460952
k__Bacteria;p__Firmicutes;c__Clostridia;o__Clostridiales;f__Oscillospiraceae;g__Oscillibacter;s__Oscillibacter_sp._KLE_1745	-0.0486745679343	-0.0243595412594	-0.0192958314505	-0.00548486698949	-0.0314547044651	0.00894879627282	0.0674319287429	-0.033709245259	-0.0718306211114	0.0276306548268	0.0636350146128	-0.0201406927208	0.0202960856402	-0.0545776294111	0.00308909677823	-0.0488560820855	-0.0177100231139	-0.0408196787315	0.0334098809252	0.0391482175332	-0.00150713400391	0.04886630355	-0.0302856897227	0.00332044766565	1.0	-0.0205478157237	0.0226755463935	0.0265129835156	-0.00120637037286	-0.0450774366418	-0.0150124441765	-0.0211979346127	0.0067209839153	-0.0149043783026	0.00778845595333	-0.030123949466	0.0441068101696	-0.0333445074305	-0.037702357251	-0.00231317161875	-0.0272263940923	-0.0354357222459	0.0436517575323	0.00286081662409	-0.0256156807697	0.0149704300448	0.0460187201965	-0.0160696984745	-0.00191731278342	0.000669789634741	0.0210965396142	0.000321067159399	-0.0089926584261	-0.033806794187	-0.029994230491	-0.037295367479	-0.01554996067	-0.0580187233867	-0.0228309403985
k__Bacteria;p__Bacteroidetes;c__Bacteroidia;o__Bacteroidales;f__Bacteroidaceae;g__Bacteroides;s__Bacteroides_coprophilus	0.0145437278233	0.0170359477129	-0.0264283140381	-0.0134952424635	-0.0566466628009	-0.0250698253954	0.0106026799753	-0.00232564038998	0.0139858876765	-0.0383404512097	-0.0132939468873	-0.0561344886819	-0.0309298922942	0.000449534332293	0.0216188519174	-0.0471676580665	0.0546532009237	-0.0104662477077	-0.00132668065831	-0.00137161084474	-0.030678360934	0.0370779689996	-0.0560931866316	-0.0193878198974	-0.0205478157237	1.0	0.00564811948134	-0.0639111148618	-0.0373582738176	0.0309766970097	0.0706657860942	0.00379931535104	0.00135713858982	0.0392955277886	-0.00300111666124	-0.0442039360627	0.0489866742307	-0.0337563443461	-0.00582726729723	0.0176183856673	0.0439605943282	-0.0487777101211	-0.0175718116927	-0.0392295482653	0.0335887867521	-0.0439238452122	0.0196275605518	-0.00956835746087	-0.0147790055992	-0.0195569047567	-0.0192987172373	0.0413110858884	-0.0970485235648	0.00533381253807	0.0138455690276	-0.00804187218539	-0.0356981627832	-0.00408783144714	-0.0275080382545
k__Bacteria;p__Firmicutes;c__Clostridia;o__Clostridiales;f__Lachnospiraceae;g__Roseburia;s__Roseburia_intestinalis	0.00768975484757	-0.00644300781433	-0.0236364551241	0.0666764324687	-0.0299246391533	0.0338004314446	-0.0186860991654	-0.0184703111832	0.0302798229215	0.0488719993511	0.0165183285767	0.00198918160443	-0.0820653843175	0.0844229977956	-0.0135885980277	-0.015738995612	0.0413173661033	-0.00637488869911	-0.00683963081354	-0.0176368751694	0.0303439373545	0.0262695572758	0.0136316751066	-0.0458472327867	0.0226755463935	0.00564811948134	1.0	-0.00352607140462	-0.0104326506556	0.0601515148114	0.0351336769324	-0.0461353165158	-0.018607216866	-0.0354782142863	-0.0187310318964	0.00379534889235	-0.0107044034538	-0.00676336117483	-0.0195852246151	0.00208925163989	0.0292698117786	0.027893233912	-0.0213353384437	-0.0665802389124	0.0486423282923	-0.0542996695044	-0.0149578775015	0.0374426892114	-0.016950584422	0.0565373271123	-0.00212811611548	0.00379358934865	-0.0643715916998	-0.0388396316794	-0.0295652165714	-0.0167453750548	-0.00900531086151	-0.00910158577459	-0.10925781496
k__Bacteria;p__Firmicutes;c__Clostridia;o__Clostridiales;f__Lachnospiraceae;g__Roseburia;s__Roseburia_hominis	0.0166653672213	-0.0228826577757	-0.0391745038598	0.00506310424021	-0.0168505737361	-0.0303481521141	-0.0110769348042	0.0125742768351	0.0330346980724	-0.0292435224454	-0.0497314596908	-0.0521356795566	-0.0589864908285	-0.0461576445043	-0.0391581232944	-0.0117434023127	-0.00517336713174	0.0580005694781	0.0479564817772	0.0144306847934	0.0309757918258	0.00403747202551	-0.0122467155646	-0.0312454131878	0.0265129835156	-0.0639111148618	-0.00352607140462	1.0	0.000469560949838	-0.0266134615202	0.0248948036734	-0.0507485019712	0.0432409690576	-0.0299445528098	-0.0284392632971	0.0126073995226	-0.0311481810443	-0.0380932374994	-0.0108457591009	-0.0186304692594	-0.0431055380186	-0.014670374888	0.0436596216717	-0.0461017880567	-0.0239833644512	-0.0511911887122	0.000161579770387	0.0236995504722	-0.0427240219692	-0.00589882667765	0.00121420615722	-0.00591392870217	0.0268121548688	-0.0314784183792	-0.0585736413807	0.0184225884217	0.0148804442466	0.0506305018343	-0.0071720502911
k__Bacteria;p__Bacteroidetes;c__Bacteroidia;o__Bacteroidales;f__Porphyromonadaceae;g__Parabacteroides;s__Parabacteroides_johnsonii	-0.0168986329718	0.049313915565	-0.0424604805391	0.0698949223122	-0.0112317257996	0.00373239452045	-0.0483980311344	0.0619367697547	0.0209890382185	0.00552909404894	0.0191728761773	-0.0186182498633	0.0325198457872	-0.0540301352558	-0.0341516291092	-0.0189500418887	-0.0681695197446	0.0116035331214	-0.0150873825128	0.0641003997035	0.0273221149719	0.0144525507011	-0.00977274901663	-0.0576553371792	-0.00120637037286	-0.0373582738176	-0.0104326506556	0.000469560949838	1.0	-0.0608985617866	0.0532212187121	0.0183889452774	-0.035158811823	0.00976286591851	-0.0219423232805	-0.051909593827	-0.04094724777	-0.0267836369805	-0.0352330382138	-0.00616923068522	-0.022345159857	-0.00793717122062	-0.0057250123208	0.0357448342084	-0.0738688634935	0.019647414149	0.0461320644388	-0.0645761659622	-0.0301827648397	0.0528421205058	0.0150340365258	-0.00356036910579	-0.0381203996339	-0.00971539181575	0.0237070711567	-0.00499810387679	0.0148846063675	0.0287395736822	-0.0409941408957
