#taxonomy	k__Bacteria;p__Bacteroidetes;c__Bacteroidia;o__Bacteroidales;f__Bacteroidaceae;g__Bacteroides;s__Bacteroides_vulgatus	k__Bacteria;p__Bacteroidetes;c__Bacteroidia;o__Bacteroidales;f__Bacteroidaceae;g__Bacteroides;s__Bacteroides_uniformis	k__Bacteria;p__Bacteroidetes;c__Bacteroidia;o__Bacteroidales;f__Rikenellaceae;g__Alistipes;s__Alistipes_putredinis	k__Bacteria;p__Bacteroidetes;c__Bacteroidia;o__Bacteroidales;f__Prevotellaceae;g__Prevotella;s__Prevotella_copri	k__Bacteria;p__Bacteroidetes;c__Bacteroidia;o__Bacteroidales;f__Bacteroidaceae;g__Bacteroides;s__Bacteroides_stercoris	k__Bacteria;p__Bacteroidetes;c__Bacteroidia;o__Bacteroidales;f__Bacteroidaceae;g__Bacteroides;s__Bacteroides_ovatus	k__Bacteria;p__Bacteroidetes;c__Bacteroidia;o__Bacteroidales;f__Rikenellaceae;g__Alistipes;s__Alistipes_shahii	k__Bacteria;p__Firmicutes;c__Clostridia;o__Clostridiales;f__Ruminococcaceae;g__Faecalibacterium;s__Faecalibacterium_prausnitzii	k__Bacteria;p__Bacteroidetes;c__Bacteroidia;o__Bacteroidales;f__Rikenellaceae;g__Alistipes;s__Alistipes_finegoldii	k__Bacteria;p__Bacteroidetes;c__Bacteroidia;o__Bacteroidales;f__Porphyromonadaceae;g__Parabacteroides;s__Parabacteroides_distasonis	k__Bacteria;p__Bacteroidetes;c__Bacteroidia;o__Bacteroidales;f__Bacteroidaceae;g__Bacteroides;s__Bacteroides_thetaiotaomicron	k__Bacteria;p__Bacteroidetes;c__Bacteroidia;o__Bacteroidales;f__Bacteroidaceae;g__Bacteroides;s__Bacteroides_coprocola	k__Bacteria;p__Bacteroidetes;c__Bacteroidia;o__Bacteroidales;f__Bacteroidaceae;g__Bacteroides;s__Bacteroides_cellulosilyticus	k__Bacteria;p__Bacteroidetes;c__Bacteroidia;o__Bacteroidales;f__Rikenellaceae;g__Alistipes;s__Alistipes_obesi	k__Bacteria;p__Firmicutes;c__Clostridia;o__Clostridiales;f__Lachnospiraceae;g__;s__[Eubacterium]_rectale	k__Bacteria;p__Bacteroidetes;c__Bacteroidia;o__Bacteroidales;f__Bacteroidaceae;g__Bacteroides;s__Bacteroides_plebeius	k__Bacteria;p__Bacteroidetes;c__Bacteroidia;o__Bacteroidales;f__Bacteroidaceae;g__Bacteroides;s__Bacteroides_fragilis	k__Bacteria;p__Proteobacteria;c__Betaproteobacteria;o__Burkholderiales;f__Sutterellaceae;g__Sutterella;s__Sutterella_wadsworthensis	k__Bacteria;p__Bacteroidetes;c__Bacteroidia;o__Bacteroidales;f__Porphyromonadaceae;g__Barnesiella;s__Barnesiella_intestinihominis	k__Bacteria;p__Bacteroidetes;c__Bacteroidia;o__Bacteroidales;f__Odoribacteraceae;g__Odoribacter;s__Odoribacter_splanchnicus	k__Bacteria;p__Bacteroidetes;c__Bacteroidia;o__Bacteroidales;f__Bacteroidaceae;g__Bacteroides;s__Bacteroides_salyersiae	k__Bacteria;p__Firmicutes;c__Clostridia;o__Clostridiales;f__Ruminococcaceae;g__Ruminiclostridium;s__[Eubacterium]_siraeum	k__Bacteria;p__Proteobacteria;c__Betaproteobacteria;o__Burkholderiales;f__Sutterellaceae;g__Parasutterella;s__Parasutterella_excrementihominis	k__Bacteria;p__Actinobacteria;c__Actinobacteria;o__Bifidobacteriales;f__Bifidobacteriaceae;g__Bifidobacterium;s__Bifidobacterium_adolescentis	k__Bacteria;p__Firmicutes;c__Clostridia;o__Clostridiales;f__Oscillospiraceae;g__Oscillibacter;s__Oscillibacter_sp._KLE_1745	k__Bacteria;p__Bacteroidetes;c__Bacteroidia;o__Bacteroidales;f__Bacteroidaceae;g__Bacteroides;s__Bacteroides_coprophilus	k__Bacteria;p__Firmicutes;c__Clostridia;o__Clostridiales;f__Lachnospiraceae;g__Roseburia;s__Roseburia_intestinalis	k__Bacteria;p__Firmicutes;c__Clostridia;o__Clostridiales;f__Lachnospiraceae;g__Roseburia;s__Roseburia_hominis	k__Bacteria;p__Bacteroidetes;c__Bacteroidia;o__Bacteroidales;f__Porphyromonadaceae;g__Parabacteroides;s__Parabacteroides_johnsonii	k__Bacteria;p__Actinobacteria;c__Actinobacteria;o__Bifidobacteriales;f__Bifidobacteriaceae;g__Bifidobacterium;s__Bifidobacterium_longum	k__Bacteria;p__Firmicutes;c__Clostridia;o__Clostridiales;f__;g__Flavonifractor;s__Flavonifractor_plautii	k__Bacteria;p__Firmicutes;c__Clostridia;o__Clostridiales;f__Clostridiaceae;g__Clostridium;s__Clostridium_phoceensis	k__Bacteria;p__Verrucomicrobia;c__Verrucomicrobiae;o__Verrucomicrobiales;f__Akkermansiaceae;g__Akkermansia;s__Akkermansia_muciniphila	k__Bacteria;p__Bacteroidetes;c__Bacteroidia;o__Bacteroidales;f__Prevotellaceae;g__Paraprevotella;s__Paraprevotella_xylaniphila	k__Bacteria;p__Firmicutes;c__Clostridia;o__Clostridiales;f__Ruminococcaceae;g__Ruminococcus;s__Ruminococcus_callidus	k__Bacteria;p__Bacteroidetes;c__Bacteroidia;o__Bacteroidales;f__Rikenellaceae;g__Alistipes;s__Alistipes_senegalensis	k__Bacteria;p__Firmicutes;c__Clostridia;o__Clostridiales;f__Lachnospiraceae;g__Blautia;s__Blautia_sp._KLE_1732	k__Bacteria;p__Bacteroidetes;c__Bacteroidia;o__Bacteroidales;f__Bacteroidaceae;g__Bacteroides;s__Bacteroides_oleiciplenus	k__Bacteria;p__Firmicutes;c__Clostridia;o__Clostridiales;f__Ruminococcaceae;g__Ruminococcus;s__Ruminococcus_bicirculans	k__Bacteria;p__Bacteroidetes;c__Bacteroidia;o__Bacteroidales;f__Bacteroidaceae;g__Bacteroides;s__Bacteroides_fluxus	k__Bacteria;p__Bacteroidetes;c__Bacteroidia;o__Bacteroidales;f__Prevotellaceae;g__Prevotella;s__Prevotella_stercorea	k__Bacteria;p__Firmicutes;c__Clostridia;o__Clostridiales;f__Lachnospiraceae;g__Dorea;s__Dorea_longicatena	k__Bacteria;p__Firmicutes;c__Clostridia;o__Clostridiales;f__Eubacteriaceae;g__Eubacterium;s__[Eubacterium]_eligens	k__Bacteria;p__Firmicutes;c__Clostridia;o__Clostridiales;f__Ruminococcaceae;g__;s__Ruminococcaceae_bacterium_D16	k__Bacteria;p__Firmicutes;c__Clostridia;o__Clostridiales;f__Lachnospiraceae;g__Coprococcus;s__Coprococcus_comes	k__Bacteria;p__Proteobacteria;c__Gammaproteobacteria;o__Enterobacterales;f__Enterobacteriaceae;g__Escherichia;s__Escherichia_coli	k__Bacteria;p__Firmicutes;c__Clostridia;o__Clostridiales;f__Ruminococcaceae;g__Anaerotruncus;s__Anaerotruncus_colihominis	k__Bacteria;p__Firmicutes;c__Clostridia;o__Clostridiales;f__Lachnospiraceae;g__Blautia;s__Blautia_obeum	k__Bacteria;p__Bacteroidetes;c__Bacteroidia;o__Bacteroidales;f__Odoribacteraceae;g__Odoribacter;s__Odoribacter_laneus	k__Bacteria;p__Firmicutes;c__Clostridia;o__Clostridiales;f__Ruminococcaceae;g__Ruminiclostridium;s__[Clostridium]_leptum	k__Bacteria;p__Bacteroidetes;c__Bacteroidia;o__Bacteroidales;f__Porphyromonadaceae;g__Parabacteroides;s__Parabacteroides_goldsteinii	k__Bacteria;p__Firmicutes;c__Clostridia;o__Clostridiales;f__Lachnospiraceae;g__Anaerostipes;s__Anaerostipes_hadrus	k__Bacteria;p__Firmicutes;c__Clostridia;o__Clostridiales;f__Ruminococcaceae;g__Ruminococcus;s__Ruminococcus_lactaris	k__Bacteria;p__Firmicutes;c__Clostridia;o__Clostridiales;f__Clostridiaceae;g__Clostridium;s__Clostridium_sp._L2-50	k__Bacteria;p__Firmicutes;c__Clostridia;o__Clostridiales;f__Clostridiaceae;g__Clostridium;s__Clostridium_sp._M62/1	k__Bacteria;p__Firmicutes;c__Clostridia;o__Clostridiales;f__;g__Intestinimonas;s__Intestinimonas_butyriciproducens	k__Bacteria;p__Actinobacteria;c__Actinobacteria;o__Bifidobacteriales;f__Bifidobacteriaceae;g__Bifidobacterium;s__Bifidobacterium_bifidum	k__Bacteria;p__Firmicutes;c__Negativicutes;o__Veillonellales;f__Veillonellaceae;g__Dialister;s__Dialister_invisus	k__Bacteria;p__Bacteroidetes;c__Bacteroidia;o__Bacteroidales;f__Bacteroidaceae;g__Bacteroides;s__Bacteroides_salanitronis
k__Bacteria;p__Bacteroidetes;c__Bacteroidia;o__Bacteroidales;f__Bacteroidaceae;g__Bacteroides;s__Bacteroides_vulgatus	1.0	-0.0291505675332	-0.00877321377744	0.000780866946777	-0.0679233244285	-0.0180053897679	-0.0199121247096	0.0190218431473	-0.0734362417894	-0.0392524268022	-0.0644147894466	0.0120414796608	-0.0536158167937	0.0533977433405	-0.0153882675468	-0.0182657261839	0.0799454300859	-0.0442946395553	0.0305013305739	0.00896109200591	-0.0272112688025	-0.0117265804419	0.00438802609884	-0.032128565796	-0.0172553611569	-0.0149256970325	0.00868621983904	-0.0345213188229	-0.0295207695376	0.0136335679189	0.0162274282223	0.0104866255261	-0.0299362202532	-0.0431684770883	0.00699956783212	0.00757405977408	-0.0459057136702	-0.00147618961028	-0.0121036665828	-0.0395505392468	-0.0529718332221	-0.00667898541871	0.0153619728681	-0.0627915512219	-0.0361824653583	0.0344803377193	-0.0176715130507	-0.0499950009095	0.042768697212	-0.019844186397	0.0212918902804	-0.0148321336175	0.0170718407578	-0.0168046105668	0.0584511628849	0.00900129914302	0.0318631757177	0.00449190762017	-0.0193771220405
k__Bacteria;p__Bacteroidetes;c__Bacteroidia;o__Bacteroidales;f__Bacteroidaceae;g__Bacteroides;s__Bacteroides_uniformis	-0.0291505675332	1.0	0.058972912232	0.00711438959226	-0.0255470283261	-0.0223114149449	0.00678090551992	-0.0621291543178	0.00817971036783	-0.0149121696427	0.0740404139566	-0.019897158264	-0.05571581016	-0.0436940276192	-0.0627828557717	0.0337838837599	-0.010539677408	0.0129104892953	0.00938689192857	0.0186728107788	0.0445372059907	-0.0291301871267	0.0217067217532	0.0467753734306	0.0317646540699	-0.0259579614876	0.0103901419028	-0.00891398006523	-0.0449088200624	-0.056300991539	-0.00101430793419	-0.0902732810332	-0.0159097350984	0.000884786894068	-0.020104768769	0.00858812033256	-0.0140541594657	0.00232611160979	-0.00998248646597	-0.0271497180625	-0.0249883471741	0.0550416462229	-0.0425627503835	0.0346040715918	0.0289369898661	0.026510799933	-0.0206257375363	-0.0480936426166	-0.0144682111592	-0.017175515172	-0.00365142694513	-0.0391389292764	0.0726087746744	0.0330312270244	0.0347914325044	0.0251796852047	-0.0189065535923	-0.0340761635738	-0.00699596031056
k__Bacteria;p__Bacteroidetes;c__Bacteroidia;o__Bacteroidales;f__Rikenellaceae;g__Alistipes;s__Alistipes_putredinis	-0.00877321377744	0.058972912232	1.0	0.0405905231454	0.00260493796264	0.0351713990922	-0.0952619760808	-0.0175433401892	0.0299238037178	-0.0410230783896	-0.0573538964456	0.00467530878947	0.089309564347	0.0168388571945	0.00996704489318	-0.00705449007172	-0.0618819951607	0.0214388943887	-0.0634417057631	-0.0274222422742	-0.0417542569064	-0.0565151137864	-0.0560295217031	0.0179593464903	0.0360465510763	-0.00990105841204	-0.013608035396	-0.00735923845219	0.00687985816306	-0.0416091583811	0.0151344663358	-0.0319674507124	0.00130895987669	-0.0168548398154	-0.0361429662144	0.0612504202331	-0.0617283357254	-0.0383771224524	-0.0437789973345	0.0451226646476	-0.0305129749692	0.00218069195818	-0.0221095457302	-0.0454694084119	-0.00985479140595	-0.0387472586349	-0.00042356710689	0.0511579321442	0.0639384251634	-0.00102460835552	-0.0404678267669	0.0784067788055	-0.0692642269416	-0.0771087823992	0.027641763795	0.0345886826014	0.028509198251	0.0346194550601	-0.0292791136671
k__Bacteria;p__Bacteroidetes;c__Bacteroidia;o__Bacteroidales;f__Prevotellaceae;g__Prevotella;s__Prevotella_copri	0.000780866946777	0.00711438959226	0.0405905231454	1.0	0.0112600142506	0.0272719002986	0.0275388027953	0.0892131152767	-0.0139089393453	-0.0580783821584	-0.040757796816	-0.0208575723734	0.00346259458883	-0.00756002977823	0.0256973137858	0.00998236095743	-0.0238291841331	0.0237846008535	-0.0323520752715	-0.0319795034702	-0.0541112542824	-0.004227433393	-0.0680307532074	0.035967002388	0.000885697643009	-0.0378247428493	-0.0612292658714	-0.00391691095133	0.00379993848788	-0.0133748415033	-0.0344488167375	-0.00837851368065	0.0116002780379	0.00336003579575	-0.00082825429641	0.0175209874838	0.00236761682246	-0.0527956975967	-0.0104151166225	0.0504741708035	-0.0326948045845	-0.0589030903532	-0.039037982079	-0.00831034364895	-0.04470771364	0.00615287081202	-0.0189748606377	0.037438950037	0.007392411467	0.024408441338	-0.0123487321449	-0.0280448308892	-0.00813634589258	0.0268382099518	-0.0191398983949	0.0231325716337	-0.0745838004233	0.0147741491109	-0.0141937188788
k__Bacteria;p__Bacteroidetes;c__Bacteroidia;o__Bacteroidales;f__Bacteroidaceae;g__Bacteroides;s__Bacteroides_stercoris	-0.0679233244285	-0.0255470283261	0.00260493796264	0.0112600142506	1.0	0.038868724679	0.00522193541057	-0.0103928524896	0.0138958122253	-2.27613732137e-05	0.016005261	-0.0245510338353	-0.0105558851593	-0.0681437519905	0.0525760276978	-0.0320919021571	-0.0225999879585	-0.00904753141349	-0.0291305162243	-0.0653946594819	-0.00996760971881	-0.0147553778475	-0.0301704208467	0.00486020652289	-0.0216199272087	-0.0140700661884	-0.0237037070043	0.0438828221529	0.0256417671945	0.0118624399634	-0.0122966861853	0.0109560494806	0.0429622020363	-0.0806044811077	-0.012223357061	0.03829507794	0.0166831071723	0.0243615405081	-0.00145386792276	0.0427813176815	0.0590774918509	-0.00606409020038	0.0461389924291	0.0336645772382	-0.0129658411089	-0.0364014854054	-0.0413207120871	-0.0234831044981	0.0181825839863	-0.0283671078635	-0.012921381834	-0.0162627815174	-0.0235903480866	0.0307294448548	-0.030181865946	-0.0452334286862	-0.0379287882974	-0.0410703919926	-0.00959024293218
k__Bacteria;p__Bacteroidetes;c__Bacteroidia;o__Bacteroidales;f__Bacteroidaceae;g__Bacteroides;s__Bacteroides_ovatus	-0.0180053897679	-0.0223114149449	0.0351713990922	0.0272719002986	0.038868724679	1.0	-0.0229513743883	-0.0248285001868	0.0313932493138	0.000721725255218	-0.0618400248928	0.0104805857344	-0.0452947172501	0.00764482564913	-0.0183606330696	-0.019501296697	-0.0350424617607	-0.058864827581	0.0190189746081	-0.00916637632766	0.0158820553792	-0.0494659094669	-0.0383108536952	-0.012574819765	-0.011989903745	-0.016783437144	0.0136663446889	-0.000918538393587	-0.0466985600418	-0.0020033818554	-0.0163027208999	-0.045688622554	0.0343605581728	0.0087793948627	-0.00531799000582	0.0248198690584	0.040311239208	0.0311526935894	-0.0386039644691	0.00164500704804	0.00535649367911	-0.0526596906095	0.017466689056	-0.00368175389703	-0.0195219476975	-0.00859089608954	-0.0302240977918	-0.00768237267591	0.0108691376878	0.0304852092482	-0.00540611058491	0.0167921121571	-0.029683598628	-0.0368672189228	0.0180204702333	0.0159110234692	0.0559423564009	0.0118158419517	-0.0310136207883
k__Bacteria;p__Bacteroidetes;c__Bacteroidia;o__Bacteroidales;f__Rikenellaceae;g__Alistipes;s__Alistipes_shahii	-0.0199121247096	0.00678090551992	-0.0952619760808	0.0275388027953	0.00522193541057	-0.0229513743883	1.0	-0.0228251996281	0.00149356788893	-0.0653414528049	0.0185272066071	0.0940033935568	-0.0228752985489	-0.00264770243438	-0.0325806063463	-0.0169654447796	0.0484222633158	-0.0139346788674	0.0158334252794	-0.0077764068164	-0.0255298876275	0.042731763484	0.0218601023334	-0.0594606149211	-0.0654990323568	0.00303606901563	-0.0204368167081	0.0234017040271	0.0219724830358	0.0173902051176	-0.0449759343993	-0.000208570723256	0.00795627358447	0.0524921311161	-0.0252927255817	-0.0669399299609	-0.0010769829483	0.0132182063237	0.0259316090106	0.0136265348816	0.000415012417444	0.0072037604965	0.0287097665269	-0.0235327685241	-0.0244221006069	-0.0229840820962	-0.0211345848105	-0.103497572039	-0.0214322956514	0.00602741664282	-0.00965611537534	-0.0170954157838	-0.0475716319049	-0.0582527527865	-0.0970300642301	-0.0327208711239	-0.0558595615246	0.0688439195395	0.0157616589155
k__Bacteria;p__Firmicutes;c__Clostridia;o__Clostridiales;f__Ruminococcaceae;g__Faecalibacterium;s__Faecalibacterium_prausnitzii	0.0190218431473	-0.0621291543178	-0.0175433401892	0.0892131152767	-0.0103928524896	-0.0248285001868	-0.0228251996281	1.0	0.0737140049075	-0.00836780512002	-0.0121030562204	-0.0125017306731	-0.00737620882432	-0.0449008882781	0.0433778480337	-0.0469048572213	0.00873174024595	0.0293033577494	0.0564584983409	0.0222331881936	-0.0409757435881	0.0372486030091	-0.0156390732197	0.0551892395835	0.00172444805499	-0.0564171704901	0.00232140839719	-0.00403009444141	-0.0313723123705	0.0643721173706	0.0340882608568	-0.0134910541645	-0.0683590189763	-0.0119571078841	0.0430373491958	-0.0326584609672	-0.042222718256	0.0317954941361	0.0481807744175	0.0241890671811	-0.028168192909	-0.0601360236498	-0.0189714567722	0.0198485968148	0.0267808329578	-0.0198828879485	0.00656393743889	-0.0122822167664	-0.0325892050532	-0.0426114457871	-0.00370810566768	0.0249054088125	0.048155116666	-0.0451931955592	-0.031899673994	0.00530524061835	0.00483133789365	-0.0174637605153	0.00368132214897
k__Bacteria;p__Bacteroidetes;c__Bacteroidia;o__Bacteroidales;f__Rikenellaceae;g__Alistipes;s__Alistipes_finegoldii	-0.0734362417894	0.00817971036783	0.0299238037178	-0.0139089393453	0.0138958122253	0.0313932493138	0.00149356788893	0.0737140049075	1.0	0.0150667120458	-0.00865738281068	-0.0386729410313	0.0078843971859	0.00874704637938	0.00470200422831	-0.0132630773571	0.0148932127569	0.0168333079234	-0.0169670481395	0.0129214566307	0.00830994082106	-0.0186450773223	-0.0262852323675	0.00683097023136	0.00520335504785	-0.0255654401351	-0.0341325912809	-0.00640008425547	-0.019263727713	0.0132660827192	-0.00329671081959	0.00917248166335	-0.0575448450449	-0.000714458756285	0.0076813058737	-0.0264797356575	-0.0601994715176	0.0208044006148	-0.0272598323213	-0.0340604827949	-0.00547441745578	0.0113780326737	0.0552200023118	0.0386706815923	-0.0455209733483	-0.0145469542749	-0.0217056614408	0.0116218727755	0.0333610588984	-0.0071946511741	-0.00279005354612	-0.0299921937685	-0.0425425090587	-0.0284090712531	-0.030007407905	0.0178425250047	-0.0214052883995	-0.0236212202663	0.033777129189
k__Bacteria;p__Bacteroidetes;c__Bacteroidia;o__Bacteroidales;f__Porphyromonadaceae;g__Parabacteroides;s__Parabacteroides_distasonis	-0.0392524268022	-0.0149121696427	-0.0410230783896	-0.0580783821584	-2.27613732138e-05	0.000721725255218	-0.0653414528049	-0.00836780512002	0.0150667120458	1.0	0.0387803262067	-0.00734908616315	-0.0618242542942	-0.0708996950702	-0.0322013290139	0.00782310979175	0.0130153122697	-0.0260025468513	-0.0160899868281	-0.0291994079902	-0.0130576927782	-0.00964826733866	-0.0458836014729	0.0106728511107	0.00824147409584	0.0597200486789	0.0541865802043	0.028659320163	-0.0234669478903	0.0409469539999	-0.055126137044	-0.0469184610106	0.0202333736246	-0.00186004779112	-0.0204564497949	0.0362021341388	0.0284007057401	-0.0431970734188	0.0299050045615	-0.0110620041739	0.0112781295008	-0.0417825239568	-0.0317522140626	-0.0378840950662	-0.0327021164836	-0.0572982251848	-0.044058264973	0.0531816689039	-0.0506543607314	0.0272993751824	0.0298993902218	-0.00573153732959	0.018646241594	0.0434951511681	0.0571727948433	-0.0547356803708	-0.0180713568629	0.00899381623884	-0.0129385023736
k__Bacteria;p__Bacteroidetes;c__Bacteroidia;o__Bacteroidales;f__Bacteroidaceae;g__Bacteroides;s__Bacteroides_thetaiotaomicron	-0.0644147894466	0.0740404139566	-0.0573538964456	-0.040757796816	0.016005261	-0.0618400248928	0.0185272066071	-0.0121030562204	-0.00865738281068	0.0387803262067	1.0	-0.00359726129048	0.0149650927538	-0.066212054251	-0.0585803596806	0.00392770266153	-0.014000130021	-0.0160943008699	0.0101376366549	-0.0148625859657	-0.0692007578297	-0.0407526512274	-0.00669415848909	-0.0660780018605	0.0476039526421	-0.0379195967501	-0.0345143138352	0.00701553202967	-0.0114601436582	0.0251345122457	0.026003618914	-0.0314877240963	0.0214317156153	-0.00386601974711	0.0801192116122	0.0159908398319	0.0271051616272	-0.0128417222483	0.0131429867126	-0.0094778360216	-0.0426114337444	-0.0212354308478	-0.0372290469061	0.0145357498948	-0.0414310161974	0.00807385941452	0.0275253359994	-0.0230063595805	0.030691479509	-0.0183738150443	0.025679323907	-0.0278873962786	0.00206980155369	-0.0167961830858	0.03879061175	-0.0749627787229	0.0394107663401	-0.0193590088662	0.048925675719
k__Bacteria;p__Bacteroidetes;c__Bacteroidia;o__Bacteroidales;f__Bacteroidaceae;g__Bacteroides;s__Bacteroides_coprocola	0.0120414796608	-0.019897158264	0.00467530878947	-0.0208575723734	-0.0245510338353	0.0104805857344	0.0940033935568	-0.0125017306731	-0.0386729410313	-0.00734908616315	-0.00359726129048	1.0	0.0274385179411	0.0299897786932	-0.0168711256254	-0.00552524274404	0.0173126266415	0.0337874686061	0.00716241098828	-0.054715416836	-0.0385237359705	0.00375117404686	-0.00923249465993	0.0417666113052	0.0127884682449	0.00256262985828	-0.0210934292886	-0.0105523289812	-0.019776798137	-0.0375800445627	-0.0630414121935	0.0210866592789	-0.0390904598379	-0.0403118647895	-0.0136200533831	0.00527553640964	-0.0425736139496	-0.0160133494842	0.00717718945795	-0.0178616940891	0.000202791465041	0.0167691161448	-0.000444519912591	0.0159821509587	-0.0232266351228	-0.0182758707217	0.00429796850468	-0.0257216598269	-0.038767574049	0.00693323010505	0.0578981820383	-0.0374175333254	-0.00607048335992	-0.0129312967198	-0.0182063124958	-0.0158200435155	-0.00942184005806	-0.0264837087247	-0.0185868396708
k__Bacteria;p__Bacteroidetes;c__Bacteroidia;o__Bacteroidales;f__Bacteroidaceae;g__Bacteroides;s__Bacteroides_cellulosilyticus	-0.0536158167937	-0.05571581016	0.089309564347	0.00346259458883	-0.0105558851593	-0.0452947172501	-0.0228752985489	-0.00737620882432	0.0078843971859	-0.0618242542942	0.0149650927538	0.0274385179411	1.0	0.0357504701105	0.0142791419867	-0.0290127489228	0.00428778059956	0.0217417178718	-0.0316800059923	-0.020083796161	-0.0759325510636	-0.0421508089752	0.000681970571767	-0.0427890956298	-0.00590976515154	-0.0819416196407	0.0286358653503	-0.0448765691326	-0.0495567962556	-0.0549177828314	-0.0115586399166	-0.0118765852437	-0.0220094144347	-0.0237197646017	0.0109484743874	-0.0229546397261	0.00752833202448	0.0021228800186	-0.0228902523234	-0.0248814664067	-0.00955850401231	0.0243816487527	-0.0232036533891	-0.0096291626187	-0.00122064979841	-0.00461904451498	0.0720873683822	-0.0320319069617	-0.002672103318	-0.0175551949309	0.00613106069704	-0.0559121864542	-5.68636685197e-05	-0.0350725936099	-0.0383204623318	-0.00362406857404	0.00503301916786	-0.0176727262442	0.0167402367366
k__Bacteria;p__Bacteroidetes;c__Bacteroidia;o__Bacteroidales;f__Rikenellaceae;g__Alistipes;s__Alistipes_obesi	0.0533977433405	-0.0436940276192	0.0168388571945	-0.00756002977823	-0.0681437519905	0.00764482564913	-0.00264770243438	-0.0449008882781	0.00874704637938	-0.0708996950702	-0.066212054251	0.0299897786932	0.0357504701105	1.0	-0.0286016976396	-0.0234996998186	0.00576726459978	0.0183335810676	-0.0138913278808	-0.0234467511952	-0.00989721401393	-0.0231832287045	0.0302500483675	-0.0401889682743	-0.0239868076534	0.0202148051091	-0.0355293497045	-0.0178286883511	0.032680837689	-0.0317459327917	0.033357032591	-0.0181292131832	0.0038506893361	0.0344767233438	-0.0255579375698	0.00322193239806	-0.00792911484772	-0.0182294627656	0.0416326164032	0.0298405950486	0.00759875216953	0.00923071075409	-0.00448482310363	0.0429762323483	-0.0207309833839	-0.0648740789862	-0.00489271773751	0.00440015481916	-0.00301515932783	-0.0310968073153	-0.0841646400178	0.0145745063538	-0.0450067365613	-0.0187994509246	-0.0842854556794	0.0287499467031	-0.0849381192731	0.0617883067645	0.0294805077215
k__Bacteria;p__Firmicutes;c__Clostridia;o__Clostridiales;f__Lachnospiraceae;g__;s__[Eubacterium]_rectale	-0.0153882675468	-0.0627828557717	0.00996704489318	0.0256973137858	0.0525760276978	-0.0183606330696	-0.0325806063463	0.0433778480337	0.00470200422831	-0.0322013290139	-0.0585803596806	-0.0168711256254	0.0142791419867	-0.0286016976396	1.0	0.0232792955741	-0.0171940479183	-0.0505184497173	-0.0467661908006	-0.0210192693551	0.0459920459869	-0.0272811732584	0.0172103903739	0.103004505013	-0.00643178776433	-0.00824806855474	0.0269906101604	-0.00263140561284	0.00780762258183	0.0470284556962	-0.00908016315569	-0.0582043801427	-0.00634167314152	-0.0854526241476	-0.0267537820779	0.0145704957345	0.0611847643599	-0.0400167238129	-0.0365717842953	-0.0284269061693	-0.0932106481292	-0.0128367938428	0.0195135259049	-0.0010412950038	-0.00886277592996	-0.0127329639947	0.0257253434545	-0.0258020953371	-0.050123862682	-0.0433046214862	-0.00367981796432	-0.0170279711843	-0.0197413016498	0.0594236689668	0.00699932767306	-0.0131415715211	-0.00241038113656	-0.0131925134312	-0.018774934251
k__Bacteria;p__Bacteroidetes;c__Bacteroidia;o__Bacteroidales;f__Bacteroidaceae;g__Bacteroides;s__Bacteroides_plebeius	-0.0182657261839	0.0337838837599	-0.00705449007172	0.00998236095743	-0.0320919021571	-0.019501296697	-0.0169654447796	-0.0469048572213	-0.0132630773571	0.00782310979175	0.00392770266153	-0.00552524274404	-0.0290127489228	-0.0234996998186	0.0232792955741	1.0	0.0116178287509	-0.0380518043171	-0.00831692210601	-0.0474661134009	0.0664063494314	-0.0328056917419	-0.0147489207729	-0.0212522680558	0.00348741600275	-0.0189132871404	0.0393613538937	-0.0436208651973	-0.00582214275649	0.0274724957622	0.0743656106288	0.0353349748	-0.00526270297149	-0.0392415131828	0.00337481437956	-0.0690228681519	0.0381218159238	-0.000820455745463	-0.0168513719727	-0.0181640904806	0.0538754811107	-0.00774059950643	-0.0104315979204	-0.0228424569571	-0.084885538892	-0.0569715279964	0.0320626940596	-0.0159928061643	-0.00552193958908	-0.0358715833767	-0.00589181117385	0.00049816108197	0.051087999612	-0.0169369520957	0.0276748846094	-0.0416343984667	-0.00339921969916	-0.0190232850786	-0.0800897010198
k__Bacteria;p__Bacteroidetes;c__Bacteroidia;o__Bacteroidales;f__Bacteroidaceae;g__Bacteroides;s__Bacteroides_fragilis	0.0799454300859	-0.010539677408	-0.0618819951607	-0.0238291841331	-0.0225999879585	-0.0350424617607	0.0484222633158	0.00873174024595	0.0148932127569	0.0130153122697	-0.014000130021	0.0173126266415	0.00428778059956	0.00576726459978	-0.0171940479183	0.0116178287509	1.0	0.0533755313974	0.00270800711441	0.0146074268773	-0.0458916474223	0.0295752641434	0.00121324216431	-0.0606297464949	0.0398810850965	-0.0624285615613	-0.126098776452	0.0283476925665	-0.000420240880905	-0.0144088320971	-0.0184158556752	-0.057388237599	-0.0153940020437	-0.0179023359893	-0.000715359271442	0.0128403720473	-0.0136236099148	-0.00506709515309	0.0592332202667	0.0231389425742	-0.0370420718998	0.0128911047615	0.0361152604004	-0.0190693644963	0.015206750824	0.0298700517588	-0.0329886736215	0.0356610683378	0.0514456961962	-0.0254757959506	-0.0110152400604	-0.0286484783818	-0.0271108781046	-0.0549580052613	0.0470236500544	-0.0916315485864	0.00766679260191	-0.0542759959604	-0.0498616652004
k__Bacteria;p__Proteobacteria;c__Betaproteobacteria;o__Burkholderiales;f__Sutterellaceae;g__Sutterella;s__Sutterella_wadsworthensis	-0.0442946395553	0.0129104892953	0.0214388943887	0.0237846008535	-0.00904753141349	-0.058864827581	-0.0139346788674	0.0293033577494	0.0168333079234	-0.0260025468513	-0.0160943008699	0.0337874686061	0.0217417178718	0.0183335810676	-0.0505184497173	-0.0380518043171	0.0533755313974	1.0	0.0139838009596	0.0213902891344	-0.0487348640059	-0.0786141993181	0.0300473092112	-0.0117030502074	0.0070974648185	0.0409049347975	0.0015656587076	-0.0287172530169	-0.00259678712234	0.000793204851355	0.0387981405868	0.0267959582619	-0.0552298417566	-0.00077698230083	0.00445414901223	0.00642170471168	0.0303177809017	-0.00461855790645	-0.0243775958548	-0.0595142837191	0.000551361213212	-0.0256416861445	-0.00588422255829	0.00708804292511	-0.0125804589504	-0.03371674437	0.0172825982638	-0.0400480028688	0.0111482982605	0.0896836240619	0.0207234981177	-0.022360529067	-0.0269201418027	-0.0155525464615	0.0104312586423	-0.00182286381124	-0.0140986352577	-0.0547302955091	-0.00234555698081
k__Bacteria;p__Bacteroidetes;c__Bacteroidia;o__Bacteroidales;f__Porphyromonadaceae;g__Barnesiella;s__Barnesiella_intestinihominis	0.0305013305739	0.00938689192857	-0.0634417057631	-0.0323520752715	-0.0291305162243	0.0190189746081	0.0158334252794	0.0564584983409	-0.0169670481395	-0.0160899868281	0.0101376366549	0.00716241098828	-0.0316800059923	-0.0138913278808	-0.0467661908006	-0.00831692210601	0.00270800711441	0.0139838009596	1.0	0.0317072764386	0.0611203915265	-0.0163334437132	-0.0341146887009	-0.011011283812	-0.0366924092422	-0.0456724555025	0.00461296441389	-0.00675489307174	0.0036799957305	-0.0155881574454	-0.0382132322324	0.00954160252545	-0.0343556906385	0.00366341362268	-0.00250073836112	0.0292180842593	-0.000797661623564	-0.0784447391526	0.00320780292261	-0.0418833967832	-0.0227815222089	-0.0675734451282	-0.0778017531939	0.0170581543258	0.0525501464842	-0.0142499122313	-0.0198004424392	0.00123504757937	-0.0298900166274	0.046125701418	-0.0326207703874	0.0166260841829	0.0593113614392	0.0511407108148	-0.00751527026335	0.0270330347794	0.0152415446614	-0.0455130244106	-0.035492392779
k__Bacteria;p__Bacteroidetes;c__Bacteroidia;o__Bacteroidales;f__Odoribacteraceae;g__Odoribacter;s__Odoribacter_splanchnicus	0.00896109200591	0.0186728107788	-0.0274222422742	-0.0319795034702	-0.0653946594819	-0.00916637632766	-0.0077764068164	0.0222331881936	0.0129214566307	-0.0291994079902	-0.0148625859657	-0.054715416836	-0.020083796161	-0.0234467511952	-0.0210192693551	-0.0474661134009	0.0146074268773	0.0213902891344	0.0317072764386	1.0	-0.0346986281104	0.0157312523788	0.0279730862382	-0.0443709144967	-0.0396144963693	-0.0619495407979	-0.0516265316026	0.0275995806095	-0.0242150621999	-0.0126809201594	-0.000282682791429	-0.0375277768807	-0.0604800258675	0.0414153482027	0.0674277303948	0.022210826304	-0.0580379614813	-0.0283780297614	0.0102035855955	-0.0359428964861	0.0203171159974	-0.0226405345332	-0.0264871496489	-0.0484731575299	0.0335510931984	-0.0250050696851	-0.00264531126893	0.0392654440595	0.0208659222557	-0.00981508289033	0.0215597150918	-0.00357309519849	0.0129707040778	0.097044991788	-0.0381648952847	-0.0425064714945	0.0400077342887	0.0127921086855	0.046199912353
k__Bacteria;p__Bacteroidetes;c__Bacteroidia;o__Bacteroidales;f__Bacteroidaceae;g__Bacteroides;s__Bacteroides_salyersiae	-0.0272112688025	0.0445372059907	-0.0417542569064	-0.0541112542824	-0.00996760971881	0.0158820553792	-0.0255298876275	-0.0409757435881	0.00830994082106	-0.0130576927782	-0.0692007578297	-0.0385237359705	-0.0759325510636	-0.00989721401393	0.0459920459869	0.0664063494314	-0.0458916474223	-0.0487348640059	0.0611203915265	-0.0346986281104	1.0	-0.0415002127075	-0.0262570055792	0.0396650677005	0.00312383822296	-0.0797517933965	-0.00606778327494	-0.0187941201836	0.00364132208968	0.0129560863226	-0.0494471410852	-0.0447270326239	-0.0125748099509	0.000514655459439	-0.0108398305552	-0.0698534716672	-0.0204073980919	0.0242404087071	-0.00128681213157	-0.0417050568036	-0.0368222520847	-8.57696500096e-05	-0.00964383569322	-0.0115694635912	-0.00677971261081	-0.00762509699368	0.0409998900907	-0.0219513933094	0.00185394498074	0.00522437778832	0.00225760588833	0.0556673237942	0.0123457415325	-0.0289417956663	0.055240290242	0.00131300855753	0.00599382537677	-0.0370404386576	0.0202551665073
k__Bacteria;p__Firmicutes;c__Clostridia;o__Clostridiales;f__Ruminococcaceae;g__Ruminiclostridium;s__[Eubacterium]_siraeum	-0.0117265804419	-0.0291301871267	-0.0565151137864	-0.004227433393	-0.0147553778475	-0.0494659094669	0.042731763484	0.0372486030091	-0.0186450773223	-0.00964826733866	-0.0407526512274	0.00375117404686	-0.0421508089752	-0.0231832287045	-0.0272811732584	-0.0328056917419	0.0295752641434	-0.0786141993181	-0.0163334437132	0.0157312523788	-0.0415002127075	1.0	0.0125548198754	0.0408238513119	-0.0313985182529	-0.0121944556306	-0.00334227708621	-0.090901065136	-0.0220942207701	-0.0460502270321	0.00526755894859	-0.0283638230424	0.0359827724649	0.0158688656457	-0.0474680023078	-0.0532260150864	-0.0395878738095	-0.0575683850817	0.0534661613395	0.026467169745	-0.00555404448734	-0.0490106628997	-0.036102865851	0.0138984683875	-0.0547843179551	-0.0199114069101	0.0579236621586	-0.0626617381512	0.0179633015518	-0.000451078337574	-0.0093690239225	-0.0140075041621	0.0263860666328	-0.0466580331533	0.0289295466423	0.00497257001337	-0.00110499138524	0.0311229748588	0.0219575321999
k__Bacteria;p__Proteobacteria;c__Betaproteobacteria;o__Burkholderiales;f__Sutterellaceae;g__Parasutterella;s__Parasutterella_excrementihominis	0.00438802609884	0.0217067217532	-0.0560295217031	-0.0680307532074	-0.0301704208467	-0.0383108536952	0.0218601023334	-0.0156390732197	-0.0262852323675	-0.0458836014729	-0.00669415848909	-0.00923249465993	0.000681970571767	0.0302500483675	0.0172103903739	-0.0147489207729	0.00121324216431	0.0300473092112	-0.0341146887009	0.0279730862382	-0.0262570055792	0.0125548198754	1.0	0.03033980409	-0.0275088080483	-0.0130320884795	-0.0210878068385	0.0424484640186	-0.0649721799081	-0.0183204888214	0.031201788883	-0.0334098046189	0.00794237763258	-0.0135010970694	-0.0128856826823	-0.0467703993491	0.0476504073417	-0.0416232713736	-0.0279779487419	-0.0346037425407	0.0247682430734	0.060990111516	-0.0092341296426	0.0218363272232	-0.0520112123813	0.048225276608	0.0580141166481	-0.0255672284442	-0.0824582244942	-0.0124801435927	-0.052528563171	-0.0497670101928	0.0401198017345	-0.0681487683516	0.00600032823598	-0.0235320063687	0.0231352841311	-0.0274218608057	0.0100165258794
k__Bacteria;p__Actinobacteria;c__Actinobacteria;o__Bifidobacteriales;f__Bifidobacteriaceae;g__Bifidobacterium;s__Bifidobacterium_adolescentis	-0.032128565796	0.0467753734306	0.0179593464903	0.035967002388	0.00486020652289	-0.012574819765	-0.0594606149211	0.0551892395835	0.00683097023136	0.0106728511107	-0.0660780018605	0.0417666113052	-0.0427890956298	-0.0401889682743	0.103004505013	-0.0212522680558	-0.0606297464949	-0.0117030502074	-0.011011283812	-0.0443709144967	0.0396650677005	0.0408238513119	0.03033980409	1.0	0.0536986103339	0.0047697623076	-0.038195100579	-0.046337676318	-0.000636736401977	-0.0737301198488	0.00695482033793	0.0128112002077	-0.00876612106291	-0.0306924769046	-0.0273701824616	-0.0607128181023	0.0039661787711	-0.0582283267617	0.0386887266591	0.0562042025837	0.00654744154903	-0.00579370248058	0.019097559363	0.0230233921358	-0.0294425999555	-0.060828462877	0.0353842019949	-0.0531629131256	-0.0299685021805	0.0121607196166	-0.039857861172	-0.0736773171788	0.0408335401224	0.0206489538642	0.0108270705668	0.00764349489307	-0.00601547072018	0.0243126030464	-0.0211917294594
k__Bacteria;p__Firmicutes;c__Clostridia;o__Clostridiales;f__Oscillospiraceae;g__Oscillibacter;s__Oscillibacter_sp._KLE_1745	-0.0172553611569	0.0317646540699	0.0360465510763	0.000885697643009	-0.0216199272087	-0.011989903745	-0.0654990323568	0.00172444805499	0.00520335504785	0.00824147409584	0.0476039526421	0.0127884682449	-0.00590976515154	-0.0239868076534	-0.00643178776433	0.00348741600275	0.0398810850965	0.0070974648185	-0.0366924092422	-0.0396144963693	0.00312383822296	-0.0313985182529	-0.0275088080483	0.0536986103339	1.0	-0.00802564705834	-0.0192356887106	-0.0126816440841	-0.00762125228367	-0.0289238508115	-0.0145163374127	0.0409992010616	0.00165298074975	0.0196522356178	0.0591483531044	-0.0156634422778	-0.0679016235494	-0.0671254543892	-0.0357896580206	0.0156619946499	-0.0164352654094	-0.0381394643591	0.0180937363846	-0.00124314304021	-0.0641517144424	0.0123893886849	-0.0147689921344	-0.037374655547	-0.0319722838221	-0.0156865068425	0.00824981199254	0.000454170717244	-0.0234809520311	0.0526886071519	0.0250423674275	0.0168602291694	-0.0485927635179	0.0276346080907	-0.0415272777483
k__Bacteria;p__Bacteroidetes;c__Bacteroidia;o__Bacteroidales;f__Bacteroidaceae;g__Bacteroides;s__Bacteroides_coprophilus	-0.0149256970325	-0.0259579614876	-0.00990105841204	-0.0378247428493	-0.0140700661884	-0.016783437144	0.00303606901563	-0.0564171704901	-0.0255654401351	0.0597200486789	-0.0379195967501	0.00256262985828	-0.0819416196407	0.0202148051091	-0.00824806855474	-0.0189132871404	-0.0624285615613	0.0409049347975	-0.0456724555025	-0.0619495407979	-0.0797517933965	-0.0121944556306	-0.0130320884795	0.0047697623076	-0.00802564705834	1.0	0.00994809681014	0.051916159712	0.0539726408171	0.0458213309124	-0.020792947749	0.0466552137099	-0.0129645994108	0.0354532973847	-0.0402043484515	-0.0734491006283	-0.0558338640955	-0.00725467212733	-0.0349467196338	-0.000874426583313	-0.023772618693	0.0182794780472	0.00461695322935	0.0250135815784	-0.00354703373314	-0.00484297577126	0.0352465427959	0.0124511121137	0.00540650678347	0.0393580403507	-0.0393289817208	-0.0403829851209	-0.037058378467	-0.00199205671764	-0.069974307046	-0.0180134731223	-0.00805635900953	-0.00389538203787	-0.0182461769957
k__Bacteria;p__Firmicutes;c__Clostridia;o__Clostridiales;f__Lachnospiraceae;g__Roseburia;s__Roseburia_intestinalis	0.00868621983904	0.0103901419028	-0.013608035396	-0.0612292658714	-0.0237037070043	0.0136663446889	-0.0204368167081	0.00232140839719	-0.0341325912809	0.0541865802043	-0.0345143138352	-0.0210934292886	0.0286358653503	-0.0355293497045	0.0269906101604	0.0393613538937	-0.126098776452	0.0015656587076	0.00461296441389	-0.0516265316026	-0.00606778327494	-0.00334227708621	-0.0210878068385	-0.038195100579	-0.0192356887106	0.00994809681014	1.0	-0.0694542483071	-0.0337530586517	-0.0428382406575	-0.0270232318831	-0.0130360638112	-0.0074918887493	0.0326838813793	-0.0120577092992	0.0249383920251	0.0376988948764	0.026747191184	-0.0529424931567	0.00471217918507	-0.019200690009	-0.0131868762816	0.001037168448	0.0491601915933	0.0300676452154	0.0137080180569	-0.0271046711583	-0.0866434717683	-0.0254490985231	-0.0230629924595	0.00347564233219	0.0488107617431	0.0346194478999	0.00876694507653	0.00229588609096	0.0511146849026	-0.00768639987574	-0.0215268327199	0.0338205087183
k__Bacteria;p__Firmicutes;c__Clostridia;o__Clostridiales;f__Lachnospiraceae;g__Roseburia;s__Roseburia_hominis	-0.0345213188229	-0.00891398006523	-0.00735923845219	-0.00391691095133	0.0438828221529	-0.000918538393587	0.0234017040271	-0.00403009444141	-0.00640008425547	0.028659320163	0.00701553202967	-0.0105523289812	-0.0448765691326	-0.0178286883511	-0.00263140561284	-0.0436208651973	0.0283476925665	-0.0287172530169	-0.00675489307174	0.0275995806095	-0.0187941201836	-0.090901065136	0.0424484640186	-0.046337676318	-0.0126816440841	0.051916159712	-0.0694542483071	1.0	-0.00438812071745	-0.049827502906	0.0692491889743	0.00708709738612	0.0546825885355	-0.0265990806842	-0.0354409783895	-0.0411630741219	-0.0164306133784	0.00909029407495	0.0312973412271	-0.00871023510687	0.0295128435154	-0.0300398244155	-0.00975323042799	-0.0168153138727	-0.00216825632417	-0.0179886857098	-0.0427792778619	0.00607436508173	-0.0331259016578	-0.0407567561204	-0.0557208608396	-0.0514047007267	0.0104795176917	-0.0701568332239	0.00827776787437	-0.021024054606	-0.00802475325284	-0.0113396738994	0.0558912575432
k__Bacteria;p__Bacteroidetes;c__Bacteroidia;o__Bacteroidales;f__Porphyromonadaceae;g__Parabacteroides;s__Parabacteroides_johnsonii	-0.0295207695376	-0.0449088200624	0.00687985816306	0.00379993848788	0.0256417671945	-0.0466985600418	0.0219724830358	-0.0313723123705	-0.019263727713	-0.0234669478903	-0.0114601436582	-0.019776798137	-0.0495567962556	0.032680837689	0.00780762258183	-0.00582214275649	-0.000420240880905	-0.00259678712234	0.0036799957305	-0.0242150621999	0.00364132208968	-0.0220942207701	-0.0649721799081	-0.000636736401977	-0.00762125228367	0.0539726408171	-0.0337530586517	-0.00438812071745	1.0	-0.0573065045524	-0.0495237694876	0.0858753942453	0.0265853794557	-0.00589728158931	-0.0553298846333	-0.050812341189	-0.00551565235096	-0.00272123638171	-0.019496602175	-0.0238624725458	0.0283699100403	-0.010132662373	0.0040052702006	0.0187545461792	-0.0643957551917	-0.0114011154972	0.0295164367156	0.0233175539276	-0.000464587697425	-0.0522322286554	-0.0540770766531	-0.000179163970075	0.0232612002744	-0.012370999619	-0.022048692928	-0.0209834014987	0.00941120574813	-0.021328015019	0.0653102958663
k__Bacteria;p__Actinobacteria;c__Actinobacteria;o__Bifidobacteriales;f__Bifidobacteriaceae;g__Bifidobacterium;s__Bifidobacterium_longum	0.0136335679189	-0.056300991539	-0.0416091583811	-0.0133748415033	0.0118624399634	-0.0020033818554	0.0173902051176	0.0643721173706	0.0132660827192	0.0409469539999	0.0251345122457	-0.0375800445627	-0.0549177828314	-0.0317459327917	0.0470284556962	0.0274724957622	-0.0144088320971	0.000793204851355	-0.0155881574454	-0.0126809201594	0.0129560863226	-0.0460502270321	-0.0183204888214	-0.0737301198488	-0.0289238508115	0.0458213309124	-0.0428382406575	-0.049827502906	-0.0573065045524	1.0	0.0250070728175	0.0687796278401	0.0486172135556	-0.0419999989618	0.0013047172705	0.024194802139	0.0273106381073	0.00114490712317	-0.0530248294336	-0.0114242915461	0.0254525456708	-0.0133378258985	0.0157535679057	-0.0519772461839	-0.018605283452	-0.00141640667902	-0.00354680976564	-0.0756681527022	-0.0305923621367	0.0251616054655	-0.00764603188967	-0.00367090887419	0.0129277515991	-0.00455228910718	0.037353019101	-0.0242922691889	-0.0189112931832	0.0190003533436	0.0436861831962
