#taxonomy	k__Bacteria;p__Bacteroidetes;c__Bacteroidia;o__Bacteroidales;f__Bacteroidaceae;g__Bacteroides;s__Bacteroides_vulgatus	k__Bacteria;p__Bacteroidetes;c__Bacteroidia;o__Bacteroidales;f__Bacteroidaceae;g__Bacteroides;s__Bacteroides_uniformis	k__Bacteria;p__Bacteroidetes;c__Bacteroidia;o__Bacteroidales;f__Rikenellaceae;g__Alistipes;s__Alistipes_putredinis	k__Bacteria;p__Bacteroidetes;c__Bacteroidia;o__Bacteroidales;f__Prevotellaceae;g__Prevotella;s__Prevotella_copri	k__Bacteria;p__Bacteroidetes;c__Bacteroidia;o__Bacteroidales;f__Bacteroidaceae;g__Bacteroides;s__Bacteroides_stercoris	k__Bacteria;p__Bacteroidetes;c__Bacteroidia;o__Bacteroidales;f__Bacteroidaceae;g__Bacteroides;s__Bacteroides_ovatus	k__Bacteria;p__Bacteroidetes;c__Bacteroidia;o__Bacteroidales;f__Rikenellaceae;g__Alistipes;s__Alistipes_shahii	k__Bacteria;p__Firmicutes;c__Clostridia;o__Clostridiales;f__Ruminococcaceae;g__Faecalibacterium;s__Faecalibacterium_prausnitzii	k__Bacteria;p__Bacteroidetes;c__Bacteroidia;o__Bacteroidales;f__Rikenellaceae;g__Alistipes;s__Alistipes_finegoldii	k__Bacteria;p__Bacteroidetes;c__Bacteroidia;o__Bacteroidales;f__Porphyromonadaceae;g__Parabacteroides;s__Parabacteroides_distasonis	k__Bacteria;p__Bacteroidetes;c__Bacteroidia;o__Bacteroidales;f__Bacteroidaceae;g__Bacteroides;s__Bacteroides_thetaiotaomicron	k__Bacteria;p__Bacteroidetes;c__Bacteroidia;o__Bacteroidales;f__Bacteroidaceae;g__Bacteroides;s__Bacteroides_coprocola	k__Bacteria;p__Bacteroidetes;c__Bacteroidia;o__Bacteroidales;f__Bacteroidaceae;g__Bacteroides;s__Bacteroides_cellulosilyticus	k__Bacteria;p__Bacteroidetes;c__Bacteroidia;o__Bacteroidales;f__Rikenellaceae;g__Alistipes;s__Alistipes_obesi	k__Bacteria;p__Firmicutes;c__Clostridia;o__Clostridiales;f__Lachnospiraceae;g__;s__[Eubacterium]_rectale	k__Bacteria;p__Bacteroidetes;c__Bacteroidia;o__Bacteroidales;f__Bacteroidaceae;g__Bacteroides;s__Bacteroides_plebeius	k__Bacteria;p__Bacteroidetes;c__Bacteroidia;o__Bacteroidales;f__Bacteroidaceae;g__Bacteroides;s__Bacteroides_fragilis	k__Bacteria;p__Proteobacteria;c__Betaproteobacteria;o__Burkholderiales;f__Sutterellaceae;g__Sutterella;s__Sutterella_wadsworthensis	k__Bacteria;p__Bacteroidetes;c__Bacteroidia;o__Bacteroidales;f__Porphyromonadaceae;g__Barnesiella;s__Barnesiella_intestinihominis	k__Bacteria;p__Bacteroidetes;c__Bacteroidia;o__Bacteroidales;f__Odoribacteraceae;g__Odoribacter;s__Odoribacter_splanchnicus	k__Bacteria;p__Bacteroidetes;c__Bacteroidia;o__Bacteroidales;f__Bacteroidaceae;g__Bacteroides;s__Bacteroides_salyersiae	k__Bacteria;p__Firmicutes;c__Clostridia;o__Clostridiales;f__Ruminococcaceae;g__Ruminiclostridium;s__[Eubacterium]_siraeum	k__Bacteria;p__Proteobacteria;c__Betaproteobacteria;o__Burkholderiales;f__Sutterellaceae;g__Parasutterella;s__Parasutterella_excrementihominis	k__Bacteria;p__Actinobacteria;c__Actinobacteria;o__Bifidobacteriales;f__Bifidobacteriaceae;g__Bifidobacterium;s__Bifidobacterium_adolescentis	k__Bacteria;p__Firmicutes;c__Clostridia;o__Clostridiales;f__Oscillospiraceae;g__Oscillibacter;s__Oscillibacter_sp._KLE_1745	k__Bacteria;p__Bacteroidetes;c__Bacteroidia;o__Bacteroidales;f__Bacteroidaceae;g__Bacteroides;s__Bacteroides_coprophilus	k__Bacteria;p__Firmicutes;c__Clostridia;o__Clostridiales;f__Lachnospiraceae;g__Roseburia;s__Roseburia_intestinalis	k__Bacteria;p__Firmicutes;c__Clostridia;o__Clostridiales;f__Lachnospiraceae;g__Roseburia;s__Roseburia_hominis	k__Bacteria;p__Bacteroidetes;c__Bacteroidia;o__Bacteroidales;f__Porphyromonadaceae;g__Parabacteroides;s__Parabacteroides_johnsonii	k__Bacteria;p__Actinobacteria;c__Actinobacteria;o__Bifidobacteriales;f__Bifidobacteriaceae;g__Bifidobacterium;s__Bifidobacterium_longum	k__Bacteria;p__Firmicutes;c__Clostridia;o__Clostridiales;f__;g__Flavonifractor;s__Flavonifractor_plautii	k__Bacteria;p__Firmicutes;c__Clostridia;o__Clostridiales;f__Clostridiaceae;g__Clostridium;s__Clostridium_phoceensis	k__Bacteria;p__Verrucomicrobia;c__Verrucomicrobiae;o__Verrucomicrobiales;f__Akkermansiaceae;g__Akkermansia;s__Akkermansia_muciniphila	k__Bacteria;p__Bacteroidetes;c__Bacteroidia;o__Bacteroidales;f__Prevotellaceae;g__Paraprevotella;s__Paraprevotella_xylaniphila	k__Bacteria;p__Firmicutes;c__Clostridia;o__Clostridiales;f__Ruminococcaceae;g__Ruminococcus;s__Ruminococcus_callidus	k__Bacteria;p__Bacteroidetes;c__Bacteroidia;o__Bacteroidales;f__Rikenellaceae;g__Alistipes;s__Alistipes_senegalensis	k__Bacteria;p__Firmicutes;c__Clostridia;o__Clostridiales;f__Lachnospiraceae;g__Blautia;s__Blautia_sp._KLE_1732	k__Bacteria;p__Bacteroidetes;c__Bacteroidia;o__Bacteroidales;f__Bacteroidaceae;g__Bacteroides;s__Bacteroides_oleiciplenus	k__Bacteria;p__Firmicutes;c__Clostridia;o__Clostridiales;f__Ruminococcaceae;g__Ruminococcus;s__Ruminococcus_bicirculans	k__Bacteria;p__Bacteroidetes;c__Bacteroidia;o__Bacteroidales;f__Bacteroidaceae;g__Bacteroides;s__Bacteroides_fluxus	k__Bacteria;p__Bacteroidetes;c__Bacteroidia;o__Bacteroidales;f__Prevotellaceae;g__Prevotella;s__Prevotella_stercorea	k__Bacteria;p__Firmicutes;c__Clostridia;o__Clostridiales;f__Lachnospiraceae;g__Dorea;s__Dorea_longicatena	k__Bacteria;p__Firmicutes;c__Clostridia;o__Clostridiales;f__Eubacteriaceae;g__Eubacterium;s__[Eubacterium]_eligens	k__Bacteria;p__Firmicutes;c__Clostridia;o__Clostridiales;f__Ruminococcaceae;g__;s__Ruminococcaceae_bacterium_D16	k__Bacteria;p__Firmicutes;c__Clostridia;o__Clostridiales;f__Lachnospiraceae;g__Coprococcus;s__Coprococcus_comes	k__Bacteria;p__Proteobacteria;c__Gammaproteobacteria;o__Enterobacterales;f__Enterobacteriaceae;g__Escherichia;s__Escherichia_coli	k__Bacteria;p__Firmicutes;c__Clostridia;o__Clostridiales;f__Ruminococcaceae;g__Anaerotruncus;s__Anaerotruncus_colihominis	k__Bacteria;p__Firmicutes;c__Clostridia;o__Clostridiales;f__Lachnospiraceae;g__Blautia;s__Blautia_obeum	k__Bacteria;p__Bacteroidetes;c__Bacteroidia;o__Bacteroidales;f__Odoribacteraceae;g__Odoribacter;s__Odoribacter_laneus	k__Bacteria;p__Firmicutes;c__Clostridia;o__Clostridiales;f__Ruminococcaceae;g__Ruminiclostridium;s__[Clostridium]_leptum	k__Bacteria;p__Bacteroidetes;c__Bacteroidia;o__Bacteroidales;f__Porphyromonadaceae;g__Parabacteroides;s__Parabacteroides_goldsteinii	k__Bacteria;p__Firmicutes;c__Clostridia;o__Clostridiales;f__Lachnospiraceae;g__Anaerostipes;s__Anaerostipes_hadrus	k__Bacteria;p__Firmicutes;c__Clostridia;o__Clostridiales;f__Ruminococcaceae;g__Ruminococcus;s__Ruminococcus_lactaris	k__Bacteria;p__Firmicutes;c__Clostridia;o__Clostridiales;f__Clostridiaceae;g__Clostridium;s__Clostridium_sp._L2-50	k__Bacteria;p__Firmicutes;c__Clostridia;o__Clostridiales;f__Clostridiaceae;g__Clostridium;s__Clostridium_sp._M62/1	k__Bacteria;p__Firmicutes;c__Clostridia;o__Clostridiales;f__;g__Intestinimonas;s__Intestinimonas_butyriciproducens	k__Bacteria;p__Actinobacteria;c__Actinobacteria;o__Bifidobacteriales;f__Bifidobacteriaceae;g__Bifidobacterium;s__Bifidobacterium_bifidum	k__Bacteria;p__Firmicutes;c__Negativicutes;o__Veillonellales;f__Veillonellaceae;g__Dialister;s__Dialister_invisus	k__Bacteria;p__Bacteroidetes;c__Bacteroidia;o__Bacteroidales;f__Bacteroidaceae;g__Bacteroides;s__Bacteroides_salanitronis
k__Bacteria;p__Bacteroidetes;c__Bacteroidia;o__Bacteroidales;f__Bacteroidaceae;g__Bacteroides;s__Bacteroides_vulgatus	1.0	0.043593167778	0.0266866865073	0.0396889882177	-0.0519346541569	0.0209432056766	0.0175450843342	0.0163876547294	-0.0183276873028	-0.00586849877322	0.0539489989383	0.00188618908072	-0.0371345218571	-0.0259209525235	0.0137411727882	0.026615301199	-0.0208571876477	-0.0308220451566	-0.0349475539406	-0.0443117932479	-0.0429806028601	-0.0282570145511	0.0274954234249	0.0111854627591	-0.0136672136295	-0.0398482919961	-0.0106143458082	-0.00487775852571	-0.0233670067006	0.00933503564699	0.0611396986182	-0.0380642339122	0.0454110563483	-0.0317377545481	-0.0629109016903	-0.00357427758594	-0.00540579973898	-0.0812610035903	0.0447503235702	-0.0628551889955	0.0321711033575	0.0171988494425	-0.0308660920475	-0.0145808800558	0.0199032986487	-0.0523157159054	-0.00121999927157	-0.00976770947227	-0.0088392537969	0.00804372182115	-0.0537228586112	-0.00584896115517	0.02214308773	0.00500473140378	-0.0464174238647	-0.0415067668693	0.0299310142004	-0.0344923791581	-0.0082256062207
k__Bacteria;p__Bacteroidetes;c__Bacteroidia;o__Bacteroidales;f__Bacteroidaceae;g__Bacteroides;s__Bacteroides_uniformis	0.043593167778	1.0	-0.0134853027053	-0.0206058650591	0.014076550654	0.0132347045531	-0.00625203948992	-0.0484584570182	-0.0170641052838	-0.105582037304	0.00455748629488	0.0069691090804	0.0352935715132	0.0256237620327	0.0191771895444	0.00928030786044	-0.0742747835576	0.0107276040244	-0.0660930525053	0.0146091734449	0.00880010620734	0.046699251936	0.0296127270664	-0.0177100248698	0.0502800114392	0.00769323533717	-0.00134269216614	-0.0768226303818	-0.0449164952004	-0.0252038403085	-0.0814657714476	0.0128814609068	-0.0143728562613	0.0240082741856	0.00859567321618	0.0140312211763	-0.0311516325832	-0.0294316247965	-0.018940809619	0.0175434347146	-0.0292825912423	0.0121385076717	0.0305514083159	0.0141162806337	0.0230197656713	-0.0147599207774	0.037208434737	-0.0131744257115	0.00102457641292	-0.000307464147242	-0.0232750915003	-0.0433813089418	0.0080465469562	-0.0433017552523	-0.0621740644256	-0.0129279592355	0.0472965644694	0.0414173499936	-0.0261630236168
k__Bacteria;p__Bacteroidetes;c__Bacteroidia;o__Bacteroidales;f__Rikenellaceae;g__Alistipes;s__Alistipes_putredinis	0.0266866865073	-0.0134853027053	1.0	-0.0255626147648	0.00231234070331	-0.00504430992059	0.0110444318147	-0.0163953503284	0.00561030206064	-0.0233730199607	-0.0103600427951	0.00121197392135	-0.0123014068346	0.0587633645789	-0.0309245144566	0.00604042816466	0.0466203318358	0.0290659214701	-0.0234220390043	0.0154281114308	-0.0427497038141	0.036769693684	-0.0232902187196	0.0464453296238	-0.00846401669922	-0.0336271725319	0.0120526822979	0.0380290801467	0.0430614318294	-0.030811090638	-0.0581566071213	-0.0252005757545	-0.0155028974737	0.0162427780472	-0.0293018186044	-0.0154620804892	-0.0259835956634	-0.0379845574169	0.0453046336696	-0.0515197928677	0.00844140191143	-0.0379923764613	-0.0453478886963	0.0302128837876	0.036084200448	0.0173367332106	0.0413222475895	-0.0125338905865	-0.00745499830084	0.0500415389029	-0.0304477212248	-0.0215882256578	-0.042495006018	-0.0519969500455	-0.0315244898938	-0.037006585079	0.100742930819	-0.0238473791336	-0.0338984110914
k__Bacteria;p__Bacteroidetes;c__Bacteroidia;o__Bacteroidales;f__Prevotellaceae;g__Prevotella;s__Prevotella_copri	0.0396889882177	-0.0206058650591	-0.0255626147648	1.0	-0.0124695448784	0.0163166706479	0.0256142915259	0.00245766381374	-0.0535702247562	0.0175494369973	-0.0344863380729	0.00094069197186	-0.0464401831976	-0.0226555173132	-0.0206638589083	-0.0137020678148	-0.0124828642373	-0.0472234821627	0.0242635098495	0.072374631919	-0.0229679555656	-0.0365733010781	0.0168282809555	-0.0106963339476	-0.0250495539585	-0.0596091778485	-0.0459869269387	0.0164433024125	0.0339737059755	-0.00400886913404	0.0520619957591	-0.0676912898101	-0.0155598950076	-0.034197308309	0.0181734441347	0.00315991075535	0.00400509246292	0.0369979532112	0.0190328070187	-0.0100228274673	-0.0626395594802	-0.0138584113446	0.0109713843768	-0.0202435939679	-0.0118375740896	0.0101106880639	-0.00430301427246	0.0112256291766	0.0325270952323	-0.028915006513	0.0376379465133	-0.0393309008045	-0.000414895935678	0.0263173143249	-0.0178979522348	-0.0274801139435	-0.00328381706821	0.00102559766661	0.0069345728541
k__Bacteria;p__Bacteroidetes;c__Bacteroidia;o__Bacteroidales;f__Bacteroidaceae;g__Bacteroides;s__Bacteroides_stercoris	-0.0519346541569	0.014076550654	0.00231234070331	-0.0124695448784	1.0	0.00809222211186	0.00960987494168	-0.0598068370202	-0.0354654942437	0.0321487829412	0.0416165844139	0.00378152982862	0.0243809003634	-0.0343961629319	0.042092377312	0.0266025625054	-0.00943017675505	0.00854250860577	-0.043132003954	-0.0163116437391	0.0341546201368	-0.0380146943675	-0.00408010341229	0.00259487621962	0.0327981197308	-0.00579987876786	0.00473017816572	0.0276683233301	-0.0249638594615	-0.0601162605001	-0.0129214134436	0.0396546989161	-0.0473372099951	0.0232517253376	0.00195237910359	0.00123593475641	-0.0303458618456	-0.0171405559158	-0.0350998835422	0.0084101692706	-0.00340776343598	0.0292815557643	-0.000469096155102	-0.0340220935427	0.0321363899142	0.0167636413172	-0.0394523864127	-0.0238449745849	0.0455588189462	-0.0548792092122	-0.0740157400104	-0.0341807391007	-0.0568872604368	0.0172553202227	-0.0072856192689	-0.00104160340905	-0.0217014800197	-0.00696386630178	0.0737867913965
k__Bacteria;p__Bacteroidetes;c__Bacteroidia;o__Bacteroidales;f__Bacteroidaceae;g__Bacteroides;s__Bacteroides_ovatus	0.0209432056766	0.0132347045531	-0.00504430992059	0.0163166706479	0.00809222211186	1.0	-0.0410014493758	0.0481236139171	0.0101646658298	0.0191897529166	0.00500452957148	-0.0756599152586	-0.0760328909472	-0.0338570971883	0.0169941988855	-0.0376358976146	0.0458782079812	-0.016538580504	0.00593727243669	-0.0585681561108	-0.0386615450488	0.0141478786398	0.00982738172936	-0.0384542990877	0.00316453570108	0.0504585115489	0.016062033425	0.0332089806485	0.0446245585845	0.0494381466244	0.0257029186773	-0.0262939475283	-0.0374924150706	0.00820023091817	0.00626980238323	-0.0459288867684	0.00568141580825	0.0316290473296	-0.0314477865176	-0.0274425135095	-0.0156652664024	-0.0587962407958	0.0144728053445	-0.00644396332175	-0.0544923564725	0.00319186145056	-0.0169217687089	-0.0173621079097	-0.0308617444317	-0.0367456712026	0.000308976000336	-0.0242234503948	-0.0124701239231	0.0335662031327	0.00402224739655	-0.0227990976882	-0.0306172212844	-0.0338260174195	0.00460090353713
k__Bacteria;p__Bacteroidetes;c__Bacteroidia;o__Bacteroidales;f__Rikenellaceae;g__Alistipes;s__Alistipes_shahii	0.0175450843342	-0.00625203948992	0.0110444318147	0.0256142915259	0.00960987494168	-0.0410014493758	1.0	-0.030609339596	-0.0165488734018	-0.00127584158508	0.00841976069489	-0.0147170410683	0.0101180792528	0.0117148166037	0.0104704643215	-0.0541364309721	-0.00511566802064	-0.0153131778599	-0.0364601938922	0.014467153668	-0.0234419452772	-0.0380629570763	-0.0241123764827	-0.00999907158152	-0.048181733732	-0.00496847841408	-0.0169661406139	-0.021563587285	-0.0302426983558	0.00682443555765	-0.0156405812188	0.00598477191107	0.0186469444318	-0.024740004907	0.0113665608855	0.0408784178833	0.00579640383524	-0.0190817637088	-0.0374073604118	-0.0429152776491	0.0178175471023	-0.00308127503875	0.0308891509518	0.0681264182161	-0.0104385705357	-0.0449921383572	-0.10684934049	-0.0155728677343	-0.0379932149727	-0.0285339659065	-0.0460657809472	-0.00493700368272	0.0340410224053	0.0251757611089	0.000945260207219	-0.0450078358047	-0.011032449051	-0.0137468079372	0.00577073472293
k__Bacteria;p__Firmicutes;c__Clostridia;o__Clostridiales;f__Ruminococcaceae;g__Faecalibacterium;s__Faecalibacterium_prausnitzii	0.0163876547294	-0.0484584570182	-0.0163953503284	0.00245766381374	-0.0598068370202	0.0481236139171	-0.030609339596	1.0	-0.0970712879775	0.0175893747175	-0.0174722929604	-0.00802834611532	-0.00376118591506	0.0157346168082	-0.0158649753443	-0.0236524417432	0.0176156309881	-0.0114058045057	0.0332170424454	-0.0553790493196	0.0289713282963	0.00616777188103	-0.0227323299901	0.0213140708987	0.0303947544679	-0.0183631771601	-0.0038042139411	-0.000987102113883	-0.0534891323211	0.0611208050464	-0.0391977425674	0.00635655991767	-0.0079133403408	0.0118935717439	-0.0360771382027	-0.00248220547186	-0.00780413499441	0.0506406131908	0.0606166201189	-0.0516535889039	-0.00309286201132	-0.0127048691508	-0.00545465869525	-0.0228098076715	-0.0146503977455	-0.00926613274584	-0.00243538538481	-0.00375434712852	0.0427417026607	0.0217420863372	-0.0101435749798	-0.0140831482348	0.0174476652781	-0.0377102542558	0.0238964994585	0.067101274582	-0.0301688207688	-0.0377340764207	0.0178790180336
k__Bacteria;p__Bacteroidetes;c__Bacteroidia;o__Bacteroidales;f__Rikenellaceae;g__Alistipes;s__Alistipes_finegoldii	-0.0183276873028	-0.0170641052838	0.00561030206064	-0.0535702247562	-0.0354654942437	0.0101646658298	-0.0165488734018	-0.0970712879775	1.0	-0.00664277076384	0.0170207852213	-0.0237188255804	-0.0171929371005	-0.0347287119722	0.0312649113328	-0.0146369156618	-0.060740368671	-0.0280939413955	0.0353321209975	0.00627369803882	-0.0234695352513	-0.034943736242	0.0377733347933	-0.0232611613941	0.00403313913295	0.00360465981327	0.0003756012129	0.00342101473378	0.0157043257741	0.0458612362132	0.0108731730755	-0.0397815635993	0.00597754863597	0.0446138654015	-0.0603440153234	0.00611228701922	-0.00625188822523	-0.0190506972888	0.0175362512524	-0.0102133325946	0.0495377579053	-0.00309057629083	-0.0105234754281	0.0496106710293	-0.00658421820734	-0.0273211692906	-0.0753319402779	0.0234702534671	0.0405691174083	-0.0132331818445	0.00335954293894	0.0170961541864	-0.00805366882827	-0.0481814176096	-0.0606338163754	-0.0061986331716	-0.00501039420694	-0.00400889370597	-0.00376162320096
k__Bacteria;p__Bacteroidetes;c__Bacteroidia;o__Bacteroidales;f__Porphyromonadaceae;g__Parabacteroides;s__Parabacteroides_distasonis	-0.00586849877322	-0.105582037304	-0.0233730199607	0.0175494369973	0.0321487829412	0.0191897529166	-0.00127584158508	0.0175893747175	-0.00664277076384	1.0	0.00190514910894	-0.0202052790946	-0.0444624262181	-0.0112108067603	0.0198064785619	0.0360618178723	0.0597968810301	0.0139466029003	-0.0257280417004	0.0491899192453	-0.087189428013	0.0142117332537	0.0144634934164	0.0116695027789	-0.0309743036619	0.048545181177	-0.0312141941228	-0.0295759452257	-0.0305758704165	-0.00743897868359	0.0633064676939	-0.0336300924185	-0.0162361274767	0.0146696331462	-0.0539254046992	-0.0445669970397	-0.0417978703092	-0.0306564126962	0.0556453705665	0.0154425928068	0.00789158052549	-0.0606438215379	-0.0486971979538	0.0234157305716	-0.0391382715141	-0.00723082133347	-0.0332713144889	-0.00806647577284	-0.00117091236899	-0.00154793617106	0.00476643891081	0.00355787935159	0.0116545199424	0.0389838557574	-0.0616481171729	-0.012418636045	0.000468703989178	-0.0630249595854	0.0297196644376
k__Bacteria;p__Bacteroidetes;c__Bacteroidia;o__Bacteroidales;f__Bacteroidaceae;g__Bacteroides;s__Bacteroides_thetaiotaomicron	0.0539489989383	0.00455748629488	-0.0103600427951	-0.0344863380729	0.0416165844139	0.00500452957148	0.00841976069489	-0.0174722929604	0.0170207852213	0.00190514910894	1.0	-0.0305467592047	0.0424897085145	0.0538874706368	-0.0399159236967	-0.0254698360332	0.0363833801755	0.00119131110981	-0.0145049637213	-0.0817922790686	-0.00519532382871	-0.00277276801251	-0.0071911743194	-0.00427598071485	-0.0250917133422	0.0288065401757	-0.0166225816932	0.0127829287534	-0.109280472178	-0.0379471569243	0.0265692877189	-0.01248844453	0.0309259444558	0.00700086598421	-0.0378214273722	-0.00726931746247	-0.024753973148	0.00770496696713	0.0324467944335	-0.0204835732605	-0.0374027442115	-0.00503871091472	0.0348754789433	-0.0166768347844	0.0204873384882	-0.0246426424527	-0.0114047735238	0.00336426932533	0.0164863032431	-0.0250218081952	-0.0366453587181	-0.0101493821875	-0.00893238915852	0.0354103425034	0.0422301758119	-0.0560962764901	0.0175678445418	-0.0069930132431	0.0287402084144
k__Bacteria;p__Bacteroidetes;c__Bacteroidia;o__Bacteroidales;f__Bacteroidaceae;g__Bacteroides;s__Bacteroides_coprocola	0.00188618908072	0.00696910908039	0.00121197392135	0.00094069197186	0.00378152982862	-0.0756599152586	-0.0147170410683	-0.00802834611532	-0.0237188255804	-0.0202052790946	-0.0305467592047	1.0	0.0261419142013	-0.0219457753829	0.00227149722087	-0.0245988663528	0.0198571979315	0.0474184388486	0.0403156730676	-0.0270533559464	-0.0536287241772	0.0318043877267	-0.0234079113986	-0.0854727569811	0.007354174741	-0.0688939157814	0.0843441939417	0.0519042516593	0.0421884635811	-0.0246097430623	-0.0190353674804	-0.0570464349178	0.0344924377684	0.0432328834954	-0.0247475220702	-0.00265043645985	-0.0640533119942	0.0117064780206	0.00454554510288	-0.0209457634111	-0.0767712972182	0.0113560813887	-0.025146947418	-0.000635392152684	-0.0026937472654	0.00465116909998	0.0153029358141	0.00381749456153	0.0048873243018	-0.0227392487237	-0.0360765575375	0.000431441484616	0.00255391300529	0.0164905262604	0.0391625123171	-0.0249072347414	-0.000945139570133	0.020484619706	-0.022533550059
k__Bacteria;p__Bacteroidetes;c__Bacteroidia;o__Bacteroidales;f__Bacteroidaceae;g__Bacteroides;s__Bacteroides_cellulosilyticus	-0.0371345218571	0.0352935715132	-0.0123014068346	-0.0464401831976	0.0243809003634	-0.0760328909472	0.0101180792528	-0.00376118591506	-0.0171929371005	-0.0444624262181	0.0424897085145	0.0261419142013	1.0	0.0211029235063	-0.028250453616	0.0234904512503	-0.0391804651165	-0.0547136057154	0.015493129209	-0.0350945707817	0.0254708644079	0.0427065724772	-0.00381366861498	0.0350928918512	-0.0331454307446	0.0386679852939	0.00449627728941	-0.0554972417774	-0.0225561824763	-0.00334586413334	-0.0289396974263	0.00247664565645	-0.0600376602651	0.0080200191691	-0.0261630899099	-0.00202564178362	0.0773971114133	-0.0159221407449	0.0264664013119	0.00448918491809	-0.00853994635452	0.0335003386774	-0.0484302816317	-0.00387251795349	0.0261951520978	-0.0531659031906	0.0376985289033	-0.0274255328364	-0.0261744779352	0.0522657302146	0.012739059445	-0.0264585829766	-0.00579692481534	-0.0547279290606	-0.0388116188767	-0.0113388891077	-0.0218564263977	-0.00964580217876	-0.0130823925015
k__Bacteria;p__Bacteroidetes;c__Bacteroidia;o__Bacteroidales;f__Rikenellaceae;g__Alistipes;s__Alistipes_obesi	-0.0259209525235	0.0256237620327	0.0587633645789	-0.0226555173132	-0.0343961629319	-0.0338570971883	0.0117148166037	0.0157346168082	-0.0347287119722	-0.0112108067603	0.0538874706368	-0.0219457753829	0.0211029235063	1.0	-0.0188313082505	-0.0449916376949	-0.0101024621564	-0.0116110935036	0.00374666066533	0.00534448035493	-0.016074056695	-0.0158083334728	0.0448514279261	0.00611996782003	0.0632068016156	0.0459570856636	0.0130826714898	-0.00734717748688	-0.0186540735355	-0.0449948758099	-0.00570605051979	-0.072674431991	-0.0340388615508	0.00610094526541	-0.0238272588657	-0.0143418837846	0.00559965882745	-0.0130416654485	-0.0388214363874	-0.0515963683094	0.00486166203658	0.00348419416731	-0.029259965763	-0.0794807843657	-0.065872028375	-0.00750543893206	0.0106135785226	-0.00832764963598	0.0221153531349	-0.0385418195122	-0.0321599041479	0.0372775493278	-0.0178444500871	0.0200128932176	0.0236396553139	0.00805207919404	-0.0438924229598	0.00411385968662	-0.0167525363024
k__Bacteria;p__Firmicutes;c__Clostridia;o__Clostridiales;f__Lachnospiraceae;g__;s__[Eubacterium]_rectale	0.0137411727882	0.0191771895444	-0.0309245144566	-0.0206638589083	0.042092377312	0.0169941988855	0.0104704643215	-0.0158649753443	0.0312649113328	0.0198064785619	-0.0399159236967	0.00227149722087	-0.028250453616	-0.0188313082505	1.0	-0.0281133442436	0.0172405661455	-0.0587765645696	-0.00411507416108	0.0532979505701	0.0279874030475	-0.097866694155	0.0431573931822	0.00979970177749	-0.0410099868062	0.0205905129345	0.050487156959	-0.0427731370086	-0.0459728626181	0.00436902399329	-0.0065342542461	-0.0109334398705	0.0253175798385	0.0511834178991	-0.0366492552956	-0.0455217352064	0.00413693460357	0.0433959250314	-0.0630127301183	0.0464023613955	0.00993897406056	-0.0816177524714	-0.0513263214508	-0.00149384741392	-0.0368342825809	0.0117321290517	0.00227096301867	-0.0255765030154	-0.0169596144814	0.0272721843311	-0.0207211406957	-0.0306096797434	-0.0323089801549	0.0181708485583	-0.0165433425883	-0.0391839272853	0.0201129985754	-0.000978307181252	-0.0385046361346
k__Bacteria;p__Bacteroidetes;c__Bacteroidia;o__Bacteroidales;f__Bacteroidaceae;g__Bacteroides;s__Bacteroides_plebeius	0.026615301199	0.00928030786044	0.00604042816466	-0.0137020678148	0.0266025625054	-0.0376358976146	-0.0541364309721	-0.0236524417432	-0.0146369156618	0.0360618178723	-0.0254698360332	-0.0245988663528	0.0234904512503	-0.0449916376949	-0.0281133442436	1.0	-0.0309591342676	0.0406047614202	0.0298543088811	-0.0246952260326	-0.0387661860201	0.0342410307581	-0.0104649563109	-0.0109663649723	-0.000172468619174	-0.0570392467948	-0.015316978228	0.00609082368774	-0.0270292760102	0.0369325311738	-0.0335029849074	-0.0161620893131	-0.0192807228762	-0.0745054755162	-0.0266565645866	0.0252328888814	-0.047605909526	0.0245810527774	0.0479860241352	0.0037929954285	-0.00465615959576	-0.022731806034	-0.0263759023064	0.0695472125129	-0.00116053109955	-0.0271357785549	-0.0207467797246	0.0150352511391	0.0385383901016	0.00999565958986	-0.00100956671216	-0.00614455414173	0.00319630342007	-0.0393982266338	-0.0110289083536	0.0417055680606	-0.0289696761655	0.0153178699505	-0.0602237617822
k__Bacteria;p__Bacteroidetes;c__Bacteroidia;o__Bacteroidales;f__Bacteroidaceae;g__Bacteroides;s__Bacteroides_fragilis	-0.0208571876477	-0.0742747835576	0.0466203318358	-0.0124828642373	-0.00943017675505	0.0458782079812	-0.00511566802064	0.0176156309881	-0.060740368671	0.0597968810301	0.0363833801755	0.0198571979315	-0.0391804651165	-0.0101024621564	0.0172405661455	-0.0309591342676	1.0	-0.0364686681726	0.0277254982357	0.0117158843005	0.0466628031878	0.0570514611574	0.00836191155596	-0.00496863314691	-0.0437466541527	-0.0508344827397	-0.0483567585009	-0.0593605054506	0.0287841464284	-0.0354334035523	0.0203704854725	-0.0534480537479	0.0281696264229	-0.0417875303207	0.0383628111521	0.023649648152	0.0568292099398	-0.0114682188172	0.00728952332425	-0.0138614644294	-0.0482795951072	-0.0307240412385	-0.00144975032473	-0.0137741237752	-0.0343342443296	-0.0750184167951	0.0311422309609	-0.0127839649112	0.0127241076683	-0.0183506093166	-0.0266563472983	0.0588520253263	-0.0133740900666	0.00333897286536	-0.059160215598	0.0542313347086	0.0148293279174	0.00227516492945	-0.041036627674
k__Bacteria;p__Proteobacteria;c__Betaproteobacteria;o__Burkholderiales;f__Sutterellaceae;g__Sutterella;s__Sutterella_wadsworthensis	-0.0308220451566	0.0107276040244	0.0290659214701	-0.0472234821627	0.00854250860577	-0.016538580504	-0.0153131778599	-0.0114058045057	-0.0280939413955	0.0139466029003	0.00119131110981	0.0474184388486	-0.0547136057154	-0.0116110935036	-0.0587765645696	0.0406047614202	-0.0364686681726	1.0	-0.00318489023676	-0.0338037316995	0.0218188318969	-0.0643241437633	0.0663467093215	0.0107580616744	0.0109803326275	-0.0480483271405	-0.0405309109376	-0.0313813499078	-0.0317307327912	0.0222288255068	-0.00342811287042	-0.0402608090154	-0.0318818381875	-0.0521034543378	0.0699947763265	-0.0484747006285	-0.00535694469886	0.0126456327542	-0.0758459397142	0.0437955754128	-0.00528688589714	-0.0181630931801	0.0249982613645	0.0259396150696	-0.0373784226017	0.0327632924342	-0.0079959676067	-0.0451393167781	-0.0461028195167	-0.0259926461854	-0.00196765464135	0.067102027871	-0.00341114005954	0.0355140699518	0.0376887181064	0.0423585195966	-0.041758954119	0.0191828102669	-0.0566550737202
k__Bacteria;p__Bacteroidetes;c__Bacteroidia;o__Bacteroidales;f__Porphyromonadaceae;g__Barnesiella;s__Barnesiella_intestinihominis	-0.0349475539406	-0.0660930525053	-0.0234220390043	0.0242635098495	-0.043132003954	0.00593727243669	-0.0364601938922	0.0332170424454	0.0353321209975	-0.0257280417004	-0.0145049637213	0.0403156730676	0.015493129209	0.00374666066533	-0.00411507416108	0.0298543088811	0.0277254982357	-0.00318489023676	1.0	0.0422065121184	-0.0407473546148	0.03528321599	-0.0114259985918	0.0142495640631	-0.0260166967727	0.0092894032973	-0.00419288678077	0.0682448813892	0.00695433473801	-0.0593396716164	-0.0618353071913	0.0273970079491	-0.0351525920902	0.0308483537861	-0.0477501262753	0.00609272665297	0.0172354994727	-0.0195293695491	0.000383313091957	0.0213581490656	-0.00147915117304	-0.0433127906622	-0.00439760595474	0.00870114239011	-0.0453011296183	0.0077154582484	0.0598524997717	-0.0201917239878	0.00465559649944	-0.0528330981451	0.00411499213153	-0.0163940725351	-0.041193367554	-0.0205313441988	0.0539317599346	0.0400623170689	-0.0151451972719	-0.0369543681999	-0.0698249682122
k__Bacteria;p__Bacteroidetes;c__Bacteroidia;o__Bacteroidales;f__Odoribacteraceae;g__Odoribacter;s__Odoribacter_splanchnicus	-0.0443117932479	0.0146091734449	0.0154281114308	0.072374631919	-0.0163116437391	-0.0585681561108	0.014467153668	-0.0553790493196	0.00627369803882	0.0491899192453	-0.0817922790686	-0.0270533559464	-0.0350945707817	0.00534448035493	0.0532979505701	-0.0246952260326	0.0117158843005	-0.0338037316995	0.0422065121184	1.0	-0.0409044403891	-0.061741700679	-0.00466284127242	-0.000934224986221	0.0239189525989	0.0786229887254	-0.0134171345454	0.046095370279	0.0182782772492	0.0369737295377	-0.0503356037656	0.0288816145512	0.0322138031451	-0.0266508213404	-0.0183532284625	0.0402424525193	-0.0268907747235	0.00473553228799	-0.0327071081759	0.0185914492223	-0.0114844149919	-0.0376116790489	0.027979162234	-0.0046332415088	-0.00296019048063	0.000917933502374	-0.00341859178367	-0.00849963832958	-0.0103594314861	-0.00166424485234	-0.0151743165472	-0.0241786056096	-0.0173329117945	0.0143915308963	-0.0141685178411	-0.0289190934772	-0.00187303257722	-0.0143996631705	0.00161984804681
k__Bacteria;p__Bacteroidetes;c__Bacteroidia;o__Bacteroidales;f__Bacteroidaceae;g__Bacteroides;s__Bacteroides_salyersiae	-0.0429806028601	0.00880010620734	-0.0427497038141	-0.0229679555656	0.0341546201368	-0.0386615450488	-0.0234419452772	0.0289713282963	-0.0234695352513	-0.087189428013	-0.00519532382871	-0.0536287241772	0.0254708644079	-0.016074056695	0.0279874030475	-0.0387661860201	0.0466628031878	0.0218188318969	-0.0407473546148	-0.0409044403891	1.0	0.047263777524	0.0268369157596	-0.0355241430312	0.0130307991403	-0.00169589279796	-0.0172670575419	-0.0789369005149	-0.0147318376475	0.0347418216968	0.017416484459	-0.00832485463922	-0.0299674512555	0.0415982715103	0.0684846764364	0.0318497615664	-0.0846957828822	0.015185036849	-0.0152141248334	-0.0508075534137	-0.0646471440544	0.0140189572834	-0.0849589274564	0.0195692014432	-0.0487553659685	0.0144184087827	-0.0104784378577	0.0400958565736	-0.0503571109806	-0.040011441389	-0.0349485737541	-0.0108022652179	-0.00545838764924	-0.037041203581	0.0416629908021	0.0205223066612	-0.0268619649704	0.0189635500277	-0.0439970032923
k__Bacteria;p__Firmicutes;c__Clostridia;o__Clostridiales;f__Ruminococcaceae;g__Ruminiclostridium;s__[Eubacterium]_siraeum	-0.0282570145511	0.046699251936	0.036769693684	-0.0365733010781	-0.0380146943675	0.0141478786398	-0.0380629570763	0.00616777188103	-0.034943736242	0.0142117332537	-0.00277276801251	0.0318043877267	0.0427065724772	-0.0158083334728	-0.097866694155	0.0342410307581	0.0570514611574	-0.0643241437633	0.03528321599	-0.061741700679	0.047263777524	1.0	-0.00803723530984	-0.0157614905253	-0.0475615326459	-0.0400367378035	0.0198891286872	0.00164480527699	-0.012158269572	-0.00231322529685	-0.0114235547976	0.013252466282	-0.0211093123208	-0.0346455633355	0.00086308402273	-0.0479094065528	-0.0360454772375	0.0144818443907	-0.00915760884152	-0.0271954639134	-0.0236589333854	-0.0642206014622	0.00155719049819	-0.0111670054685	-0.027605549711	-0.0268447947943	-0.00795851841844	0.000294716379189	-0.036942360124	-0.014376908489	-0.00710571281363	0.0343409166762	-0.0271519901126	-0.0182004226711	-0.00272739925969	-0.0443888285044	0.00657935341562	-0.0136759891962	-0.035032851718
k__Bacteria;p__Proteobacteria;c__Betaproteobacteria;o__Burkholderiales;f__Sutterellaceae;g__Parasutterella;s__Parasutterella_excrementihominis	0.0274954234249	0.0296127270664	-0.0232902187196	0.0168282809555	-0.00408010341229	0.00982738172936	-0.0241123764827	-0.0227323299901	0.0377733347933	0.0144634934164	-0.0071911743194	-0.0234079113986	-0.00381366861498	0.0448514279261	0.0431573931822	-0.0104649563109	0.00836191155596	0.0663467093215	-0.0114259985918	-0.00466284127242	0.0268369157596	-0.00803723530984	1.0	-0.0124037305592	0.0292666139598	-0.0610700968702	-0.0399829613669	-0.0120997410914	-0.00307278122053	-0.030520704798	-0.0702504311054	-0.0318802379692	-0.041887108718	0.00864263416394	-0.0417387058126	-0.0385426556703	-0.0564616105353	0.00730140664761	-0.0327315704865	-0.0048870730756	-0.00528107826832	-0.00379473118167	0.0501280364101	-0.000411145078128	0.0248767905664	-0.0323373698938	0.00674982445054	-0.0140115057838	-0.0366419858812	0.00518496935666	0.00989480347826	0.00580297525783	-0.0377898398584	0.00571131890604	0.0162632027239	0.00707153279473	-0.0157701060086	3.3334381958e-05	0.0447935321893
k__Bacteria;p__Actinobacteria;c__Actinobacteria;o__Bifidobacteriales;f__Bifidobacteriaceae;g__Bifidobacterium;s__Bifidobacterium_adolescentis	0.0111854627591	-0.0177100248698	0.0464453296238	-0.0106963339476	0.00259487621962	-0.0384542990877	-0.00999907158152	0.0213140708987	-0.0232611613941	0.0116695027789	-0.00427598071485	-0.0854727569811	0.0350928918512	0.00611996782003	0.00979970177749	-0.0109663649723	-0.00496863314691	0.0107580616744	0.0142495640631	-0.000934224986221	-0.0355241430312	-0.0157614905253	-0.0124037305592	1.0	-0.0734119011365	0.0370276042875	0.00249078904358	0.0615518971522	-0.034899937559	-0.00422260810151	-0.0180095037973	-0.00984928439015	-0.00730911635139	0.0249097289	0.0314745827807	-0.0394026530531	-0.0118896924001	-0.0845293066281	-0.049445907681	-0.0203464127217	0.0314051914322	0.0282119963901	-0.0241509869777	-0.0144231497522	0.0605823649773	0.0520391767097	-0.0623746439175	-0.0498836869086	-0.0322561927923	0.0170576346562	-0.0223232574246	0.00487663694583	0.0290584174971	-0.0627087339735	-0.0129826680985	0.0044378495685	-0.0794588672922	0.0252411437063	0.0253594737925
k__Bacteria;p__Firmicutes;c__Clostridia;o__Clostridiales;f__Oscillospiraceae;g__Oscillibacter;s__Oscillibacter_sp._KLE_1745	-0.0136672136295	0.0502800114392	-0.00846401669922	-0.0250495539585	0.0327981197308	0.00316453570108	-0.048181733732	0.0303947544679	0.00403313913295	-0.0309743036619	-0.0250917133422	0.007354174741	-0.0331454307446	0.0632068016156	-0.0410099868062	-0.000172468619174	-0.0437466541527	0.0109803326275	-0.0260166967727	0.0239189525989	0.0130307991403	-0.0475615326459	0.0292666139598	-0.0734119011365	1.0	-0.0698824113223	0.00449893851763	-0.0255239456757	-0.0447291897597	0.0320019697291	-0.0656345241155	-0.00936498777842	-0.00686792551196	0.0374261277616	0.0185857920766	0.0142517022902	-0.0157720333627	0.00707523183726	-0.032036975693	-0.0158706606912	0.00119702267726	0.0381098208775	0.00352103534354	-0.00383406230645	0.00566494371204	-0.0709860780294	-0.0166564919547	0.0286196959567	-0.0280759160031	-0.00608108479627	-0.0493338003924	-0.0112631097327	0.000365316308046	-0.0252153137377	0.0111131633994	-0.016378517165	-0.0754260353068	0.0391658825575	0.0703651229881
k__Bacteria;p__Bacteroidetes;c__Bacteroidia;o__Bacteroidales;f__Bacteroidaceae;g__Bacteroides;s__Bacteroides_coprophilus	-0.0398482919961	0.00769323533717	-0.0336271725319	-0.0596091778485	-0.00579987876786	0.0504585115489	-0.00496847841408	-0.0183631771601	0.00360465981327	0.048545181177	0.0288065401757	-0.0688939157814	0.0386679852939	0.0459570856636	0.0205905129345	-0.0570392467948	-0.0508344827397	-0.0480483271405	0.0092894032973	0.0786229887254	-0.00169589279796	-0.0400367378035	-0.0610700968702	0.0370276042875	-0.0698824113223	1.0	0.0225061552297	-0.0151906635531	-0.0215488680294	-0.014811191626	0.0223772945287	-0.0523891228038	-0.0337604796838	-0.0448338766765	-0.00392445369202	-0.0149344906983	0.0187820573435	0.00657635044134	-0.0393355875122	-0.0251890859783	0.00762829916687	-0.0125364400017	-0.0474856778451	-0.0103069636414	-0.017830756708	0.0088411844501	-0.0677410396408	-0.0060823528594	0.030656064818	-0.0100734060265	0.0712780201183	-0.00641612270132	0.0173279106457	0.01291993937	-0.0645919467534	0.0176809951482	0.0124414498309	-0.0733083464254	0.000655829577556
k__Bacteria;p__Firmicutes;c__Clostridia;o__Clostridiales;f__Lachnospiraceae;g__Roseburia;s__Roseburia_intestinalis	-0.0106143458082	-0.00134269216614	0.0120526822979	-0.0459869269387	0.00473017816572	0.016062033425	-0.0169661406139	-0.0038042139411	0.0003756012129	-0.0312141941228	-0.0166225816932	0.0843441939417	0.00449627728941	0.0130826714898	0.050487156959	-0.015316978228	-0.0483567585009	-0.0405309109376	-0.00419288678077	-0.0134171345454	-0.0172670575419	0.0198891286872	-0.0399829613669	0.00249078904358	0.00449893851763	0.0225061552297	1.0	0.0206172719051	0.0565037781598	-0.0478477218243	-0.0267740300816	-0.0356962910058	0.0230761519443	-0.033092509023	0.0122686176811	-0.0146564114757	-2.39898605922e-05	0.0668170977411	0.0537650138865	-0.037422270968	-0.0163890247823	0.0341619208936	-0.0421145797141	-0.00865003246893	-0.0107815671485	-0.0133453482554	0.0495070475308	-0.0253598418571	-0.0345823117041	0.0397551268123	0.011669623511	-0.00628424948855	0.0362187928799	-0.0494989273104	-0.0371207913368	-0.014798153655	0.0541913298732	0.0240990527891	-0.00217835119071
k__Bacteria;p__Firmicutes;c__Clostridia;o__Clostridiales;f__Lachnospiraceae;g__Roseburia;s__Roseburia_hominis	-0.00487775852571	-0.0768226303818	0.0380290801467	0.0164433024125	0.0276683233301	0.0332089806485	-0.021563587285	-0.000987102113883	0.00342101473378	-0.0295759452257	0.0127829287534	0.0519042516593	-0.0554972417774	-0.00734717748688	-0.0427731370086	0.00609082368774	-0.0593605054506	-0.0313813499078	0.0682448813892	0.046095370279	-0.0789369005149	0.00164480527699	-0.0120997410914	0.0615518971522	-0.0255239456757	-0.0151906635531	0.0206172719051	1.0	-0.0093731155129	-0.0301550246302	0.000824807976523	0.0150968097248	-0.0505209665234	-0.0392179312663	0.0274319080536	-0.00186330421788	-0.0119942728549	-0.0608286115957	-0.00926459316152	-0.0463563574296	0.00722756176793	-0.0302261237133	0.0151995977621	-0.0319792638806	0.0462359811347	-0.0355366359359	-0.017332091871	0.00851422770329	0.0580643278286	0.00667476040754	-0.0373660711082	-0.0122085753157	-0.0437445976028	-0.0514043409218	0.0205157255464	-0.0454389803541	0.0265819070333	-0.0668622718512	0.0267269935914
k__Bacteria;p__Bacteroidetes;c__Bacteroidia;o__Bacteroidales;f__Porphyromonadaceae;g__Parabacteroides;s__Parabacteroides_johnsonii	-0.0233670067006	-0.0449164952004	0.0430614318294	0.0339737059755	-0.0249638594615	0.0446245585845	-0.0302426983558	-0.0534891323211	0.0157043257741	-0.0305758704165	-0.109280472178	0.0421884635811	-0.0225561824763	-0.0186540735355	-0.0459728626181	-0.0270292760102	0.0287841464284	-0.0317307327912	0.00695433473801	0.0182782772492	-0.0147318376475	-0.012158269572	-0.00307278122053	-0.034899937559	-0.0447291897597	-0.0215488680294	0.0565037781598	-0.0093731155129	1.0	-0.0295095864046	0.0233397385134	-0.0279408475736	0.0782398162262	-0.00538717009526	0.00484031861219	-0.0423056861687	0.0376228064703	0.0433652268522	-0.0209896301639	-0.0107401319252	-0.0222665748958	-0.0405819167125	-0.00255779035891	-0.0574326943709	-0.00690452399567	-0.0327458296235	0.0173228650776	-0.0364646442927	0.0338887022094	-0.0698726818135	0.0230655798223	-0.0381142188454	0.0061520806428	0.00509327470491	0.00932919027348	-0.049135223771	0.0378895603628	-0.0152892503331	-0.0114881274081
k__Bacteria;p__Actinobacteria;c__Actinobacteria;o__Bifidobacteriales;f__Bifidobacteriaceae;g__Bifidobacterium;s__Bifidobacterium_longum	0.00933503564699	-0.0252038403085	-0.030811090638	-0.00400886913404	-0.0601162605001	0.0494381466244	0.00682443555765	0.0611208050464	0.0458612362132	-0.00743897868359	-0.0379471569243	-0.0246097430623	-0.00334586413334	-0.0449948758099	0.00436902399329	0.0369325311738	-0.0354334035523	0.0222288255068	-0.0593396716164	0.0369737295377	0.0347418216968	-0.00231322529685	-0.030520704798	-0.00422260810151	0.0320019697291	-0.014811191626	-0.0478477218243	-0.0301550246302	-0.0295095864046	1.0	-0.020093966694	0.0111268026817	0.0913401868242	0.0451435361877	-0.0130200905533	-0.0256856231556	0.028812329321	-0.0375806949828	-0.00992324874201	0.0421700588251	0.0260950466266	0.0182487771841	-0.0309144845023	0.0287584609478	0.0219506702145	0.0195504744042	-0.059840716346	0.0342926777835	0.0114878155043	-0.0238142522415	0.00739194997578	-0.016594217918	-0.0417031665947	-0.0233794229969	0.0266420363658	-0.000424781246321	-0.0418478374403	-0.00342897285757	-0.0270919940361
