#taxonomy	k__Bacteria;p__Bacteroidetes;c__Bacteroidia;o__Bacteroidales;f__Bacteroidaceae;g__Bacteroides;s__Bacteroides_vulgatus	k__Bacteria;p__Bacteroidetes;c__Bacteroidia;o__Bacteroidales;f__Bacteroidaceae;g__Bacteroides;s__Bacteroides_uniformis	k__Bacteria;p__Bacteroidetes;c__Bacteroidia;o__Bacteroidales;f__Rikenellaceae;g__Alistipes;s__Alistipes_putredinis	k__Bacteria;p__Bacteroidetes;c__Bacteroidia;o__Bacteroidales;f__Prevotellaceae;g__Prevotella;s__Prevotella_copri	k__Bacteria;p__Bacteroidetes;c__Bacteroidia;o__Bacteroidales;f__Bacteroidaceae;g__Bacteroides;s__Bacteroides_stercoris	k__Bacteria;p__Bacteroidetes;c__Bacteroidia;o__Bacteroidales;f__Bacteroidaceae;g__Bacteroides;s__Bacteroides_ovatus	k__Bacteria;p__Bacteroidetes;c__Bacteroidia;o__Bacteroidales;f__Rikenellaceae;g__Alistipes;s__Alistipes_shahii	k__Bacteria;p__Firmicutes;c__Clostridia;o__Clostridiales;f__Ruminococcaceae;g__Faecalibacterium;s__Faecalibacterium_prausnitzii	k__Bacteria;p__Bacteroidetes;c__Bacteroidia;o__Bacteroidales;f__Rikenellaceae;g__Alistipes;s__Alistipes_finegoldii	k__Bacteria;p__Bacteroidetes;c__Bacteroidia;o__Bacteroidales;f__Porphyromonadaceae;g__Parabacteroides;s__Parabacteroides_distasonis	k__Bacteria;p__Bacteroidetes;c__Bacteroidia;o__Bacteroidales;f__Bacteroidaceae;g__Bacteroides;s__Bacteroides_thetaiotaomicron	k__Bacteria;p__Bacteroidetes;c__Bacteroidia;o__Bacteroidales;f__Bacteroidaceae;g__Bacteroides;s__Bacteroides_coprocola	k__Bacteria;p__Bacteroidetes;c__Bacteroidia;o__Bacteroidales;f__Bacteroidaceae;g__Bacteroides;s__Bacteroides_cellulosilyticus	k__Bacteria;p__Bacteroidetes;c__Bacteroidia;o__Bacteroidales;f__Rikenellaceae;g__Alistipes;s__Alistipes_obesi	k__Bacteria;p__Firmicutes;c__Clostridia;o__Clostridiales;f__Lachnospiraceae;g__;s__[Eubacterium]_rectale	k__Bacteria;p__Bacteroidetes;c__Bacteroidia;o__Bacteroidales;f__Bacteroidaceae;g__Bacteroides;s__Bacteroides_plebeius	k__Bacteria;p__Bacteroidetes;c__Bacteroidia;o__Bacteroidales;f__Bacteroidaceae;g__Bacteroides;s__Bacteroides_fragilis	k__Bacteria;p__Proteobacteria;c__Betaproteobacteria;o__Burkholderiales;f__Sutterellaceae;g__Sutterella;s__Sutterella_wadsworthensis	k__Bacteria;p__Bacteroidetes;c__Bacteroidia;o__Bacteroidales;f__Porphyromonadaceae;g__Barnesiella;s__Barnesiella_intestinihominis	k__Bacteria;p__Bacteroidetes;c__Bacteroidia;o__Bacteroidales;f__Odoribacteraceae;g__Odoribacter;s__Odoribacter_splanchnicus	k__Bacteria;p__Bacteroidetes;c__Bacteroidia;o__Bacteroidales;f__Bacteroidaceae;g__Bacteroides;s__Bacteroides_salyersiae	k__Bacteria;p__Firmicutes;c__Clostridia;o__Clostridiales;f__Ruminococcaceae;g__Ruminiclostridium;s__[Eubacterium]_siraeum	k__Bacteria;p__Proteobacteria;c__Betaproteobacteria;o__Burkholderiales;f__Sutterellaceae;g__Parasutterella;s__Parasutterella_excrementihominis	k__Bacteria;p__Actinobacteria;c__Actinobacteria;o__Bifidobacteriales;f__Bifidobacteriaceae;g__Bifidobacterium;s__Bifidobacterium_adolescentis	k__Bacteria;p__Firmicutes;c__Clostridia;o__Clostridiales;f__Oscillospiraceae;g__Oscillibacter;s__Oscillibacter_sp._KLE_1745	k__Bacteria;p__Bacteroidetes;c__Bacteroidia;o__Bacteroidales;f__Bacteroidaceae;g__Bacteroides;s__Bacteroides_coprophilus	k__Bacteria;p__Firmicutes;c__Clostridia;o__Clostridiales;f__Lachnospiraceae;g__Roseburia;s__Roseburia_intestinalis	k__Bacteria;p__Firmicutes;c__Clostridia;o__Clostridiales;f__Lachnospiraceae;g__Roseburia;s__Roseburia_hominis	k__Bacteria;p__Bacteroidetes;c__Bacteroidia;o__Bacteroidales;f__Porphyromonadaceae;g__Parabacteroides;s__Parabacteroides_johnsonii	k__Bacteria;p__Actinobacteria;c__Actinobacteria;o__Bifidobacteriales;f__Bifidobacteriaceae;g__Bifidobacterium;s__Bifidobacterium_longum	k__Bacteria;p__Firmicutes;c__Clostridia;o__Clostridiales;f__;g__Flavonifractor;s__Flavonifractor_plautii	k__Bacteria;p__Firmicutes;c__Clostridia;o__Clostridiales;f__Clostridiaceae;g__Clostridium;s__Clostridium_phoceensis	k__Bacteria;p__Verrucomicrobia;c__Verrucomicrobiae;o__Verrucomicrobiales;f__Akkermansiaceae;g__Akkermansia;s__Akkermansia_muciniphila	k__Bacteria;p__Bacteroidetes;c__Bacteroidia;o__Bacteroidales;f__Prevotellaceae;g__Paraprevotella;s__Paraprevotella_xylaniphila	k__Bacteria;p__Firmicutes;c__Clostridia;o__Clostridiales;f__Ruminococcaceae;g__Ruminococcus;s__Ruminococcus_callidus	k__Bacteria;p__Bacteroidetes;c__Bacteroidia;o__Bacteroidales;f__Rikenellaceae;g__Alistipes;s__Alistipes_senegalensis	k__Bacteria;p__Firmicutes;c__Clostridia;o__Clostridiales;f__Lachnospiraceae;g__Blautia;s__Blautia_sp._KLE_1732	k__Bacteria;p__Bacteroidetes;c__Bacteroidia;o__Bacteroidales;f__Bacteroidaceae;g__Bacteroides;s__Bacteroides_oleiciplenus	k__Bacteria;p__Firmicutes;c__Clostridia;o__Clostridiales;f__Ruminococcaceae;g__Ruminococcus;s__Ruminococcus_bicirculans	k__Bacteria;p__Bacteroidetes;c__Bacteroidia;o__Bacteroidales;f__Bacteroidaceae;g__Bacteroides;s__Bacteroides_fluxus	k__Bacteria;p__Bacteroidetes;c__Bacteroidia;o__Bacteroidales;f__Prevotellaceae;g__Prevotella;s__Prevotella_stercorea	k__Bacteria;p__Firmicutes;c__Clostridia;o__Clostridiales;f__Lachnospiraceae;g__Dorea;s__Dorea_longicatena	k__Bacteria;p__Firmicutes;c__Clostridia;o__Clostridiales;f__Eubacteriaceae;g__Eubacterium;s__[Eubacterium]_eligens	k__Bacteria;p__Firmicutes;c__Clostridia;o__Clostridiales;f__Ruminococcaceae;g__;s__Ruminococcaceae_bacterium_D16	k__Bacteria;p__Firmicutes;c__Clostridia;o__Clostridiales;f__Lachnospiraceae;g__Coprococcus;s__Coprococcus_comes	k__Bacteria;p__Proteobacteria;c__Gammaproteobacteria;o__Enterobacterales;f__Enterobacteriaceae;g__Escherichia;s__Escherichia_coli	k__Bacteria;p__Firmicutes;c__Clostridia;o__Clostridiales;f__Ruminococcaceae;g__Anaerotruncus;s__Anaerotruncus_colihominis	k__Bacteria;p__Firmicutes;c__Clostridia;o__Clostridiales;f__Lachnospiraceae;g__Blautia;s__Blautia_obeum	k__Bacteria;p__Bacteroidetes;c__Bacteroidia;o__Bacteroidales;f__Odoribacteraceae;g__Odoribacter;s__Odoribacter_laneus	k__Bacteria;p__Firmicutes;c__Clostridia;o__Clostridiales;f__Ruminococcaceae;g__Ruminiclostridium;s__[Clostridium]_leptum	k__Bacteria;p__Bacteroidetes;c__Bacteroidia;o__Bacteroidales;f__Porphyromonadaceae;g__Parabacteroides;s__Parabacteroides_goldsteinii	k__Bacteria;p__Firmicutes;c__Clostridia;o__Clostridiales;f__Lachnospiraceae;g__Anaerostipes;s__Anaerostipes_hadrus	k__Bacteria;p__Firmicutes;c__Clostridia;o__Clostridiales;f__Ruminococcaceae;g__Ruminococcus;s__Ruminococcus_lactaris	k__Bacteria;p__Firmicutes;c__Clostridia;o__Clostridiales;f__Clostridiaceae;g__Clostridium;s__Clostridium_sp._L2-50	k__Bacteria;p__Firmicutes;c__Clostridia;o__Clostridiales;f__Clostridiaceae;g__Clostridium;s__Clostridium_sp._M62/1	k__Bacteria;p__Firmicutes;c__Clostridia;o__Clostridiales;f__;g__Intestinimonas;s__Intestinimonas_butyriciproducens	k__Bacteria;p__Actinobacteria;c__Actinobacteria;o__Bifidobacteriales;f__Bifidobacteriaceae;g__Bifidobacterium;s__Bifidobacterium_bifidum	k__Bacteria;p__Firmicutes;c__Negativicutes;o__Veillonellales;f__Veillonellaceae;g__Dialister;s__Dialister_invisus	k__Bacteria;p__Bacteroidetes;c__Bacteroidia;o__Bacteroidales;f__Bacteroidaceae;g__Bacteroides;s__Bacteroides_salanitronis
k__Bacteria;p__Bacteroidetes;c__Bacteroidia;o__Bacteroidales;f__Bacteroidaceae;g__Bacteroides;s__Bacteroides_vulgatus	1.0	-0.0655884008552	0.00859891834885	-0.0701007743499	0.0509064480009	0.028099813	-0.0061224698138	0.00543614811375	-0.00621953549334	-0.041879270819	0.00156222195409	-0.0281284565557	-0.0310853497538	0.00701965899467	0.00694171223118	0.0266140944941	0.0165460386475	0.0775326825605	-0.0584395369468	-0.0325912462235	-0.00113147846098	0.0454294115237	0.00978500942852	-0.0391012480821	-0.0173718534825	-0.0202496950608	0.0359550053938	0.0200297699614	-0.0041470656876	-0.0271049320882	0.0416986901598	-0.0126447268774	-0.0127260711778	0.0108389907462	-0.0477448306854	-0.00975528283485	-0.0406595447519	-0.0355414026728	-0.0387707537787	-0.0117794512261	-0.00532603083928	-0.0150867581136	0.0335422456498	0.0184233054088	-0.0129040108684	-0.0586620399309	0.0051997025797	0.0110236385681	-0.0370132882603	-0.00359301701283	0.0197941322591	-0.0200719739888	-0.00197356399467	0.00944450922079	-0.00763477420702	-0.0527845619688	-0.0198892299892	0.0120363874491	-0.0148491994896
k__Bacteria;p__Bacteroidetes;c__Bacteroidia;o__Bacteroidales;f__Bacteroidaceae;g__Bacteroides;s__Bacteroides_uniformis	-0.0655884008552	1.0	-0.00593431611557	-0.0813037825149	0.00521585689551	0.0209111857638	0.000674324116577	0.00335214813931	-0.0697907992441	0.0239998537182	0.00417721269798	-0.00523589749798	0.0341738749701	0.0368652405774	0.00198720628627	-0.0350941462845	-0.0377447443035	-0.0259204952326	0.0101915585314	-0.019638344225	0.0139391982543	0.00265273943296	0.0198450349752	0.0193232788658	-0.00778129216733	0.0248140602163	0.0421907628642	0.0288129478995	-0.010010755642	-0.0109057447856	-0.0709829289002	-0.0307645034317	-0.0235981963983	-0.0114047958319	0.00398654255843	0.0232386245665	0.0310106269447	-0.0310293475273	-0.061769409409	-0.0599395301697	0.0260592360237	-0.00429185892742	-0.0154367996516	0.00231136460998	0.0281438787152	-0.0153468840881	0.0534097463501	-0.0278034516175	0.0264149123481	0.00901019632589	-0.0515479069735	0.0322136991644	0.00829416828097	-0.0312832890807	-0.0306155589929	0.068603556243	0.033259238762	-0.0376074061896	-0.0219741069026
k__Bacteria;p__Bacteroidetes;c__Bacteroidia;o__Bacteroidales;f__Rikenellaceae;g__Alistipes;s__Alistipes_putredinis	0.00859891834885	-0.00593431611557	1.0	-0.0128164236773	-0.0158729376403	-0.0155037026604	-0.0235700825407	0.0315165971973	0.021114739915	-0.003904421908	-0.0821958523314	0.00915009989863	0.0135775480212	0.0398654670448	-0.0115423212979	0.0297008381917	-0.00542947405861	0.0246696535105	-0.0376350448202	0.01299417858	-0.0391138600557	-0.072472312105	0.00960768763697	0.0265128838917	-0.0610802859839	-0.0198424905251	-0.0146314455984	0.0219643760386	0.029134608011	-0.00879755874406	-0.0500285971467	-0.0429889984004	0.00165456201139	0.0652207127806	0.0121058833514	0.0333966124861	0.0541335215058	-0.0296131163304	0.0131639602446	0.0584915288014	-0.0146628466443	0.00837080457297	-0.0210955726567	-0.0187108480942	-0.017583306477	0.0110961734656	-0.00921279272952	0.00347352975088	0.0422668281838	-0.0426211181789	0.0374097580028	-0.00938531751065	-0.0119521773138	0.0384314931371	-0.00214772454604	-0.0455360366922	0.0115355704396	-0.0562203539314	-0.00572105366981
k__Bacteria;p__Bacteroidetes;c__Bacteroidia;o__Bacteroidales;f__Prevotellaceae;g__Prevotella;s__Prevotella_copri	-0.0701007743499	-0.0813037825149	-0.0128164236773	1.0	-0.0390781152321	0.00648584511948	-0.0100623668853	-0.052259205804	0.0197197578382	-0.0782772945274	-0.0140874714949	-0.00950292773646	-0.0706645626581	-0.000218574760638	-0.0557515020823	-0.00575929311595	-0.0168149221555	-0.019179636167	0.0448579722594	0.0193397769086	-0.0276475107848	-0.0270558914781	-0.0771091604907	0.00251802455915	-0.0673161929654	-0.041000141912	-0.00525781878921	0.0387965457111	-0.0498614043587	0.012355221294	-0.0382136507987	-0.00148219858422	0.0195477925164	-0.0414882382524	0.0319995991573	-0.0265425989649	0.00544429455049	-0.0230077301369	0.0166510447925	-0.0220637651994	0.0159011594664	0.0180412140414	-0.00368472864453	-0.0138445604816	0.013956002602	0.0385372177637	-0.0574984384197	0.0771880365332	-0.0366638831597	-0.0127063555483	-0.0160356203457	-0.0127819414123	-0.0115297929631	-0.0751129779482	0.0482869257522	-0.0465345852013	-0.000461694835628	-0.0401840727303	0.00604698608537
k__Bacteria;p__Bacteroidetes;c__Bacteroidia;o__Bacteroidales;f__Bacteroidaceae;g__Bacteroides;s__Bacteroides_stercoris	0.0509064480009	0.00521585689551	-0.0158729376403	-0.0390781152321	1.0	0.025039627649	0.00537319878518	0.0200897393974	-0.0318846569591	0.00234379006654	0.034760592556	0.0116667810541	0.000327862795799	-0.0397111711402	0.0243948253617	-0.0511513270258	-0.0341166594579	0.00642279957305	-0.0328189679747	-0.00694480795624	-0.0337575301981	-0.0442735692276	0.030155128592	-0.0212598260872	-0.0581440211591	0.0284119129752	-0.055458147294	-0.0262347966229	0.0684788354944	-0.0121847233613	-0.0011655362331	0.0261703639836	-0.0115423700792	0.0625021766503	-0.00219519624373	-0.0613400857271	-0.022304941642	-0.076865926889	-0.0479489681646	0.0245946687977	-0.0469397737326	-0.00961737625763	-0.0302617665993	0.0176481292345	0.0585144608002	-0.0193682795893	0.021864231126	0.0171161414249	-0.0214257355458	0.0109424182463	0.0142310901486	0.0139821870217	0.0276468423938	-0.042654828168	-0.00567358700579	-0.0168841461099	0.0430822291091	-0.000527491152312	-0.0282507901002
k__Bacteria;p__Bacteroidetes;c__Bacteroidia;o__Bacteroidales;f__Bacteroidaceae;g__Bacteroides;s__Bacteroides_ovatus	0.028099813	0.0209111857638	-0.0155037026604	0.00648584511948	0.025039627649	1.0	-0.0211042663235	0.00733749471004	-0.029277128194	0.0354506115266	0.0113141165659	0.0151251045741	-0.0122591377868	-0.0564924264873	-0.0132586197704	-0.0121568453649	-0.0456290654998	-0.0367545467731	-0.0181217690227	-0.0691327641547	0.00961726054503	0.000725086176671	-0.0118645933873	0.0334934777121	0.00593163569689	-0.0119143812584	-0.0533927276066	-0.00791843596018	-0.0149405414795	0.0014902023704	0.00143749238852	0.00776590646056	0.00478854327666	-0.000984651220218	-0.0553755711933	-0.00995762243401	0.0476060697483	0.0124475683723	-0.00178927914007	0.0468661999722	0.022064511662	0.00999509873003	0.0652748659912	0.00924411755147	-0.0176316112333	-0.0408324193782	0.00313389134545	0.0281455937553	0.014077695881	-0.0153981580807	-0.000557851044541	-0.0192870413759	0.0431863016061	0.0306608659668	-0.0593200772539	0.00387481609775	0.00386550244968	-0.0464841730536	0.0186634440727
k__Bacteria;p__Bacteroidetes;c__Bacteroidia;o__Bacteroidales;f__Rikenellaceae;g__Alistipes;s__Alistipes_shahii	-0.0061224698138	0.000674324116577	-0.0235700825407	-0.0100623668853	0.00537319878518	-0.0211042663235	1.0	0.0477419108253	-0.0100531291862	0.022442405617	-0.0101214732883	0.0143619519018	0.00384682954571	-0.0554355856492	0.018077346884	-0.0132691848501	-0.00710393131965	0.0569227006919	0.0516767168429	-0.0471246378652	0.0112939658552	0.0256260561645	-0.0372264490406	-0.103476359636	-0.0303866356939	0.0871885477867	-0.066995445573	0.0282456248618	-0.0210696385747	-0.0530261204587	-0.0217593230654	0.0134241782383	0.000760218531674	0.0404824642946	0.00817962645189	-0.0370286722245	0.0101363449482	0.0793611372211	0.0412369775449	-0.0188050525066	-0.0269026528922	0.0159406266327	-0.0369280530461	0.0344782254534	-0.0277462337447	-0.0445845959576	-0.0886129556956	-0.0377120358713	0.049481006845	-0.0124239373691	-0.0123908004207	0.092338963864	-0.0516630297808	0.0096119580676	0.031827243954	-0.00374863601579	0.0200445016639	-0.00531428949704	-0.0117401006618
k__Bacteria;p__Firmicutes;c__Clostridia;o__Clostridiales;f__Ruminococcaceae;g__Faecalibacterium;s__Faecalibacterium_prausnitzii	0.00543614811375	0.00335214813931	0.0315165971973	-0.052259205804	0.0200897393974	0.00733749471004	0.0477419108253	1.0	0.0324363878194	-0.0141942959099	-0.00566755165603	-0.0311170926877	-0.030900168775	-0.033001428904	0.00806249259153	-0.0354250480389	-0.0262904585513	-0.0152477065723	-0.0248843758761	-0.0047858691634	-0.00471912746988	-0.0252281731662	0.0669117310002	-0.06855209991	-0.109607300081	-0.00541215054001	0.00839098665893	-0.0213779697948	-0.028320921249	0.0159236825681	-0.00319063073177	-0.0261467375429	-0.0191808033201	-0.0279892927023	0.0201998001234	-0.0036835462233	-0.0210179623963	0.00999046102699	-0.0375841328322	-0.00365843927532	0.00620989180349	-0.049868921799	-0.0261386724034	-0.00825048533522	-0.00631337666715	-0.0851280512781	0.00873902565842	0.0163437563831	-0.0165115101974	0.0142860827158	-0.0137585857733	-0.00431911821074	-0.00835748218691	0.0114789096605	0.000498883456306	-0.0314970564042	0.00046487932684	-0.00582132697618	0.00247991048944
k__Bacteria;p__Bacteroidetes;c__Bacteroidia;o__Bacteroidales;f__Rikenellaceae;g__Alistipes;s__Alistipes_finegoldii	-0.00621953549334	-0.0697907992441	0.021114739915	0.0197197578382	-0.0318846569591	-0.029277128194	-0.0100531291862	0.0324363878194	1.0	-0.0114329539084	-0.037407204604	-0.0175205033197	-0.0103241947755	-0.0314301193815	-0.042372163537	0.020954122545	0.0486669973302	0.0330398823237	-0.0583289820415	-0.0180476046508	0.00289979918157	0.0311206098721	-0.0361881161218	0.00383010069442	-0.014022434786	-0.0230012924118	0.0402122162233	0.0038895350333	0.00488580273421	0.00380015031665	-0.0111719556007	-0.00923350500012	0.0418092781489	-0.00309211971965	0.0635306099832	0.0237344948853	0.00609232742714	-0.025613329929	-0.0292823372169	-0.0113517001664	-0.0694924132011	-0.0692734093651	-0.077136048286	0.0286054423885	0.0312176936879	0.0143845139497	-0.00405268487815	-0.0577604195501	-0.0197042752073	0.0138990153956	-0.0449080081232	0.0110106374815	-0.0544341411758	0.00879353389337	-0.00127512413201	-0.0370255127937	-0.0317785950957	0.0302021280889	0.0280988140877
k__Bacteria;p__Bacteroidetes;c__Bacteroidia;o__Bacteroidales;f__Porphyromonadaceae;g__Parabacteroides;s__Parabacteroides_distasonis	-0.041879270819	0.0239998537182	-0.003904421908	-0.0782772945274	0.00234379006654	0.0354506115266	0.022442405617	-0.0141942959099	-0.0114329539084	1.0	0.023964612896	-0.016167729151	-0.00312250785441	0.0156109311155	0.0152915433011	-0.0411468078777	-0.0149992091993	0.0239522996112	0.0178247833986	-0.0232634388801	0.0404087993733	0.0330973540975	-0.0438763369512	-0.0956749786132	0.0290389669575	-0.00286339420334	0.016721972931	0.0239987255026	0.0434013535063	0.0293863776868	-0.0555860888719	0.0698981516694	-0.024535193594	-0.0133447832991	-0.042139844486	0.00408082188401	0.0298412205631	0.0219925364763	-0.000237451322357	-0.00299807584681	-0.0376368551373	-0.0329900523968	0.0158419823648	0.0343510451332	0.0105654632052	-0.0418501714773	-0.0102974851326	0.00162275546674	0.00625929243206	-0.0540844359417	0.0206265302637	-0.0450865091111	-0.0205136813404	0.0294895759356	0.015438475153	-0.0475013497165	-0.0212775327435	-0.0212254868386	-0.00173959652844
k__Bacteria;p__Bacteroidetes;c__Bacteroidia;o__Bacteroidales;f__Bacteroidaceae;g__Bacteroides;s__Bacteroides_thetaiotaomicron	0.00156222195409	0.00417721269798	-0.0821958523314	-0.0140874714949	0.034760592556	0.0113141165659	-0.0101214732883	-0.00566755165603	-0.037407204604	0.023964612896	1.0	-0.00532016895111	0.0454661263398	0.0234352781275	-0.0291843142396	-0.0258690296913	0.0193698896319	0.00124437293485	-0.0225785175564	0.0326071582885	0.0361501963367	-0.0221828890729	0.0141933447315	-0.00349481962691	-0.0134146010946	-0.0530386086369	-0.0134192538156	-0.0451164424589	0.027098717078	-0.0339508689916	-0.0105333876939	-0.00714701857309	0.0529412687855	0.0031343168472	-0.0160872450022	-0.00591684876982	-0.0493552022671	0.0453662958372	-0.0219017390836	-0.108219372776	-0.0137336906214	-0.00520773949883	-0.0185643116264	-0.00305118883624	0.0745139975768	-0.00729665569294	-0.0163837163316	-0.00551629625168	0.043216458861	-0.0298960370846	-0.0459588937741	-0.0239817522497	0.0311079718523	-0.0186027377253	-0.0360821047065	0.0487108128821	-0.0548294738074	0.0142703410521	-0.0186229178023
k__Bacteria;p__Bacteroidetes;c__Bacteroidia;o__Bacteroidales;f__Bacteroidaceae;g__Bacteroides;s__Bacteroides_coprocola	-0.0281284565557	-0.00523589749798	0.00915009989863	-0.00950292773646	0.0116667810541	0.0151251045741	0.0143619519018	-0.0311170926877	-0.0175205033197	-0.016167729151	-0.00532016895111	1.0	0.00556161374935	0.0315732462538	-0.0412462958188	-0.00546599181009	-0.046062480734	0.03270313486	-0.000517085055438	-0.0213248280552	-0.0403785534164	0.0729617254494	-0.0708848773854	-0.0284612516771	0.0199802467381	-0.00454068599535	-0.00449094631542	-0.0589594414145	-0.0446018576803	-0.0591715848688	-0.0221067370115	0.00942342688262	-0.00638097238375	-0.0524042490643	-0.0264001014658	-0.0333051126632	0.0637105438397	-0.00630308899294	0.0102611175433	0.0425991577836	0.0459984715115	0.0179884428636	-0.0811448971733	-0.0198456767288	-0.00796553440455	0.0495532939216	0.0054288960269	0.00961152174154	0.00303184178682	0.0369995184828	-0.0550418890162	-0.03095232822	0.00397373901119	-0.0189195426772	-0.0417828919261	-0.0204573318137	0.0532111212979	-0.0423974203471	-0.00667006783541
k__Bacteria;p__Bacteroidetes;c__Bacteroidia;o__Bacteroidales;f__Bacteroidaceae;g__Bacteroides;s__Bacteroides_cellulosilyticus	-0.0310853497538	0.0341738749701	0.0135775480212	-0.0706645626581	0.000327862795799	-0.0122591377868	0.00384682954571	-0.030900168775	-0.0103241947755	-0.00312250785441	0.0454661263398	0.00556161374935	1.0	0.00155704940839	-0.0220479431047	-0.0375177503752	0.061198699916	0.00958592287909	-0.0111914806434	-0.0401442347739	-0.0734445104684	0.023426510247	-0.01200993455	0.0554875621686	-0.0327689345718	0.00993840205457	-0.0774333950778	-0.000451810402211	-0.0508457252352	-0.0761905379373	-0.0625212042457	0.0399428838306	-0.00373326016105	-0.0347864131967	0.0301926772981	-0.0949723572323	-0.0791661269019	-0.0437085613275	0.0188350368362	0.0035533841662	-0.012762172614	-0.0107539703127	0.00541087380112	0.0225364876531	0.0460588838249	0.00280347718254	0.0622701866129	-0.0639528606121	-0.00857045733225	-0.0242518076791	0.0784151867374	-0.000610778189862	-0.01065399305	-0.010180906693	-0.00851789374943	-0.0176895502174	-0.0382628508967	-0.00130037065017	-0.000382619672651
k__Bacteria;p__Bacteroidetes;c__Bacteroidia;o__Bacteroidales;f__Rikenellaceae;g__Alistipes;s__Alistipes_obesi	0.00701965899467	0.0368652405774	0.0398654670448	-0.000218574760638	-0.0397111711402	-0.0564924264873	-0.0554355856492	-0.033001428904	-0.0314301193815	0.0156109311155	0.0234352781275	0.0315732462538	0.00155704940839	1.0	0.0153625179386	0.00994549872401	0.00571147262006	-0.0455379601718	0.035248434122	-0.0433296601369	-0.0330632358753	-0.0671671609883	-0.0168419773815	-0.0266319477984	-0.0586533721659	-0.0381305446279	-0.0372925700445	0.00346362565143	0.00610695208497	0.0659066119931	-0.0452003650861	-0.00594020647092	0.0176504379476	-0.02512724162	0.0144006248882	-0.015041486736	0.000770601973005	-0.0459565161828	-0.00854968173011	0.0308742708477	0.063780868657	0.0186992607513	0.02570635446	0.00184536499607	0.00582091732183	-0.0244992780404	-0.053640920767	-0.00859707048923	-0.0439442980968	0.00930680240001	-0.00747751431477	0.0503476644259	0.0113371221096	-0.00394117796087	-0.0179710983216	0.00967937047872	0.00788580936116	-0.0412444447729	-0.000552319957181
k__Bacteria;p__Firmicutes;c__Clostridia;o__Clostridiales;f__Lachnospiraceae;g__;s__[Eubacterium]_rectale	0.00694171223118	0.00198720628627	-0.0115423212979	-0.0557515020823	0.0243948253617	-0.0132586197704	0.018077346884	0.00806249259153	-0.042372163537	0.0152915433011	-0.0291843142396	-0.0412462958188	-0.0220479431047	0.0153625179386	1.0	0.0209687655869	-0.0676054897354	-0.0127624799784	-0.0505097826219	-0.0311525630603	0.014110443395	-0.0228057656412	-0.0210408129162	0.016098144803	-0.0273599557164	-0.00775269571065	-0.0263223551692	-0.0124408781905	0.00846962240611	-0.0159829335292	0.0644256441065	0.0425223888	-0.0485194955619	0.00620183507636	0.00976128228297	-0.0591822057468	0.0202543787283	0.020220394566	0.0383899239139	0.00839989193775	-0.00930059180701	-0.0157281590539	-0.0238038531539	0.0213411897115	-0.0305000987081	-0.00438648847889	-0.0302794174394	0.000589455923714	-0.0478900444376	0.00238069683155	-0.00181094564184	0.000210310158211	0.0207600360896	-0.0808662817973	-0.0030902236369	0.0627969607713	-0.00590658083895	-0.0320705727896	0.0133766559996
k__Bacteria;p__Bacteroidetes;c__Bacteroidia;o__Bacteroidales;f__Bacteroidaceae;g__Bacteroides;s__Bacteroides_plebeius	0.0266140944941	-0.0350941462845	0.0297008381917	-0.00575929311595	-0.0511513270258	-0.0121568453649	-0.0132691848501	-0.0354250480389	0.020954122545	-0.0411468078777	-0.0258690296913	-0.00546599181009	-0.0375177503752	0.00994549872401	0.0209687655869	1.0	-0.0142512518271	-0.00658071349112	-0.0240465303247	0.0464567883207	0.0206017858987	-0.0271733918589	0.0202958023895	0.00560138162334	-0.00304361027255	-0.0795760959768	-0.0137218726198	-0.0214993766474	0.0464630664726	-0.0705901390574	-0.0588066458493	-0.00501138662876	-0.022254405678	-0.0267192628303	0.0546984106923	0.035614204647	-0.0334650352992	0.00817495950709	0.0484443814955	-0.0303626334246	0.0184302985186	-0.0160255493845	-0.00832256962054	-0.0237616532946	0.00220840328143	-0.0388938023262	0.00221931519951	-0.00162005938975	-0.0221674608488	-0.07020582447	-0.0119150639095	-0.00826634647235	-0.137034189979	0.0499636990968	-0.0186100054515	0.0222349930571	0.00554733185694	0.0057286690147	-0.0166273970856
k__Bacteria;p__Bacteroidetes;c__Bacteroidia;o__Bacteroidales;f__Bacteroidaceae;g__Bacteroides;s__Bacteroides_fragilis	0.0165460386475	-0.0377447443035	-0.00542947405861	-0.0168149221555	-0.0341166594579	-0.0456290654998	-0.00710393131965	-0.0262904585513	0.0486669973302	-0.0149992091993	0.0193698896319	-0.046062480734	0.061198699916	0.00571147262006	-0.0676054897354	-0.0142512518271	1.0	-0.0289105722552	-0.00772710082849	0.0143041610497	-0.0092453562214	0.0107714825291	0.0238053580525	-0.00837496255063	0.0265253572041	0.0107229418731	0.00172311760249	-0.0238676497837	-0.00564369662333	0.014828452749	0.00949896050598	-0.0355349844161	0.00838962153451	0.0121609957432	-0.0198078855584	0.00483207952029	0.010327489254	-0.0450328734174	0.027329651216	-0.0134090615045	0.0115784170654	0.0203684843988	-0.0682668494708	-0.0205999309677	0.0021098941786	0.00574901471214	-0.0162805403048	-0.00849291067438	0.0102403949906	-0.0739643805423	-0.0216580182154	-0.0454778618166	0.0600361298138	-0.015225273304	0.0248538219993	0.0020552810737	-0.042519021288	-4.72901550577e-05	-0.0151141669713
k__Bacteria;p__Proteobacteria;c__Betaproteobacteria;o__Burkholderiales;f__Sutterellaceae;g__Sutterella;s__Sutterella_wadsworthensis	0.0775326825605	-0.0259204952326	0.0246696535105	-0.019179636167	0.00642279957305	-0.0367545467731	0.0569227006919	-0.0152477065723	0.0330398823237	0.0239522996112	0.00124437293485	0.03270313486	0.00958592287909	-0.0455379601718	-0.0127624799784	-0.00658071349112	-0.0289105722552	1.0	0.0088232621343	-0.0311532843619	-0.0441949282854	-0.0074492281275	-0.00339709531919	-0.0107247022057	-0.0752907415322	-0.0621237896676	-0.0406471883597	0.0038857594832	0.0609629604945	-0.0116313735006	-0.0708492623427	-0.0402354271861	-0.00898629965797	0.033166389929	-0.00424072967732	0.0186079511779	0.00989132078483	0.011871813741	0.00380007470362	0.0534191762207	-0.0296040640449	0.0350802843702	0.0472375663008	-0.00552714359417	-0.0334172867354	-0.00435675177027	-0.0192672573149	-0.00742131272466	-0.0707935469683	-0.0498710292749	-0.0236402531369	-0.0508164562135	-0.0283758291292	-0.0283858676191	0.0647483546895	-0.0286836251383	-0.0677120272955	-0.0298477584719	0.006595743512
k__Bacteria;p__Bacteroidetes;c__Bacteroidia;o__Bacteroidales;f__Porphyromonadaceae;g__Barnesiella;s__Barnesiella_intestinihominis	-0.0584395369468	0.0101915585314	-0.0376350448202	0.0448579722594	-0.0328189679747	-0.0181217690227	0.0516767168429	-0.0248843758761	-0.0583289820415	0.0178247833986	-0.0225785175564	-0.000517085055438	-0.0111914806434	0.035248434122	-0.0505097826219	-0.0240465303247	-0.00772710082849	0.0088232621343	1.0	-0.0462689742248	-0.0186963758583	0.00980069511952	-0.0346786766158	0.00805941610214	0.0441741715248	-0.0426489752916	-0.00950073357794	0.0323717258312	-0.0413152054319	0.00465896734007	-0.0703552710222	0.0130893112289	0.00565743964254	-0.029297726764	-0.0365404055661	0.0299638027181	-0.0293635683037	-0.0185492770544	-0.0219030830103	-0.0390914428963	-0.033123779517	-0.0233279939422	0.0567144690893	-0.00826526828536	-0.0445846729691	0.0283283371781	-0.00747780459248	0.0194557097866	0.0193216015119	0.00360414216522	-0.0509627590102	0.0511783320975	-0.000361097911346	-0.0502884631784	0.0406956997878	0.0244242261911	-0.0200070155728	0.0236653359874	-0.0399753714575
k__Bacteria;p__Bacteroidetes;c__Bacteroidia;o__Bacteroidales;f__Odoribacteraceae;g__Odoribacter;s__Odoribacter_splanchnicus	-0.0325912462235	-0.019638344225	0.01299417858	0.0193397769086	-0.00694480795624	-0.0691327641547	-0.0471246378652	-0.0047858691634	-0.0180476046508	-0.0232634388801	0.0326071582885	-0.0213248280552	-0.0401442347739	-0.0433296601369	-0.0311525630603	0.0464567883207	0.0143041610497	-0.0311532843619	-0.0462689742248	1.0	-0.0670468849635	0.0320267475183	-0.000816857950547	0.00195515856663	0.0212304848698	-0.0446964117043	-0.0469715166245	-0.0332959890708	0.00181410820143	-0.00116466997793	0.0669287157865	-0.0145670456407	0.0141618308302	-0.0511182093776	-0.0134380813251	0.00735208563342	-0.03296356922	-0.0123371233166	0.0323698834933	-0.043829356804	-0.00440484954266	-0.0332509239567	0.00350386470171	-0.0375809145126	0.00654848162501	-0.00209728920002	-0.0060993350568	-0.0361349159793	-0.0015622504623	0.00477552601253	-0.0165090691445	-0.00194415837286	0.0149688361597	0.0118330664155	-0.00542476331605	0.00547756037118	-0.0558815883873	0.0195351851351	-0.00661579398732
k__Bacteria;p__Bacteroidetes;c__Bacteroidia;o__Bacteroidales;f__Bacteroidaceae;g__Bacteroides;s__Bacteroides_salyersiae	-0.00113147846098	0.0139391982543	-0.0391138600557	-0.0276475107848	-0.0337575301981	0.00961726054503	0.0112939658552	-0.00471912746988	0.00289979918157	0.0404087993733	0.0361501963367	-0.0403785534164	-0.0734445104684	-0.0330632358753	0.014110443395	0.0206017858987	-0.0092453562214	-0.0441949282854	-0.0186963758583	-0.0670468849635	1.0	0.0204449833909	-0.0212316534292	0.0359280486802	0.00121492212212	-0.015647939916	-0.0624522268525	-0.0217470920462	0.0134611366481	0.00685254668486	0.00236345789413	0.000120542456605	-0.0323090769803	0.00216219730532	0.0112310603056	-0.00610386783014	0.0222623971885	-0.0120361182344	0.0198675773481	-0.0254620081801	-0.0276082669756	0.0199432703712	-0.0041977052105	0.0398264027729	0.000515424015873	0.00202296066904	-0.0715182755306	-0.00328667492169	-0.0131171177839	-0.0015365861064	-0.00171661131009	0.0186003517746	-0.003607789336	0.0373439453155	-0.0897272224407	0.0839988835368	0.0269474170719	0.000803094069563	0.0307079189465
k__Bacteria;p__Firmicutes;c__Clostridia;o__Clostridiales;f__Ruminococcaceae;g__Ruminiclostridium;s__[Eubacterium]_siraeum	0.0454294115237	0.00265273943296	-0.072472312105	-0.0270558914781	-0.0442735692276	0.000725086176671	0.0256260561645	-0.0252281731662	0.0311206098721	0.0330973540975	-0.0221828890729	0.0729617254494	0.023426510247	-0.0671671609883	-0.0228057656412	-0.0271733918589	0.0107714825291	-0.0074492281275	0.00980069511952	0.0320267475183	0.0204449833909	1.0	-0.027085085757	0.0114534576276	-0.0163123418498	0.00607052803273	0.0197883700154	-0.0081367935162	0.0256648596753	-0.0111273696513	-0.00953866394023	0.0131969889912	-0.030950549468	-0.0155110806353	0.026233834841	0.0146880579254	-0.0758204861767	0.0146687834455	-0.042982298416	0.0426133958501	-0.0627660170292	-0.0509367256096	-0.040187583388	-0.0605202491752	0.00013419709244	0.0201041173045	0.00527194413222	-0.0351928882068	-0.0331297597888	-0.0152365495042	-0.00726414092995	-0.00610535925082	-0.00719537600441	0.00804079103177	0.0262498853734	-0.0210844276827	-0.0554629490147	-0.0763002044452	-0.0385725651563
k__Bacteria;p__Proteobacteria;c__Betaproteobacteria;o__Burkholderiales;f__Sutterellaceae;g__Parasutterella;s__Parasutterella_excrementihominis	0.00978500942852	0.0198450349752	0.00960768763697	-0.0771091604907	0.030155128592	-0.0118645933873	-0.0372264490406	0.0669117310002	-0.0361881161218	-0.0438763369512	0.0141933447315	-0.0708848773854	-0.01200993455	-0.0168419773815	-0.0210408129162	0.0202958023895	0.0238053580525	-0.00339709531919	-0.0346786766158	-0.000816857950547	-0.0212316534292	-0.027085085757	1.0	-0.0161584043917	0.0141030227947	0.0330879633879	-0.0232201535436	-0.00969080304409	0.0172550765811	0.0315040654349	-0.00108909125744	-0.0538825757604	0.01731146231	-0.0299879607889	-0.0393978399426	-0.00994573142306	-0.0129994868347	0.0208244281482	-0.0571831596087	-0.0120943386372	0.0291344399228	-0.0453552421301	-0.000546279666254	-0.00836101851308	-0.0151464793846	-0.0120832465099	0.00909457787101	0.0170932825094	-0.0891749557457	-0.019988780723	-0.0211184238703	0.022241554827	0.0530158289479	0.0885398194586	-0.0437261412912	0.0113851785202	-0.000659131329139	-0.0135935377318	0.0501891828742
k__Bacteria;p__Actinobacteria;c__Actinobacteria;o__Bifidobacteriales;f__Bifidobacteriaceae;g__Bifidobacterium;s__Bifidobacterium_adolescentis	-0.0391012480821	0.0193232788658	0.0265128838917	0.00251802455915	-0.0212598260872	0.0334934777121	-0.103476359636	-0.06855209991	0.00383010069442	-0.0956749786132	-0.00349481962691	-0.0284612516771	0.0554875621686	-0.0266319477984	0.016098144803	0.00560138162334	-0.00837496255063	-0.0107247022057	0.00805941610214	0.00195515856663	0.0359280486802	0.0114534576276	-0.0161584043917	1.0	0.0133691304205	-0.0036874968975	0.0211272365668	-0.00457060430398	-0.0191713569574	-0.000900410361662	-0.055464231646	0.00903645561662	0.0292277771183	-0.0122614723808	-0.0116777767839	-0.0192443503799	-0.0739909103848	0.0142100308211	-0.0154489572104	-0.0140551525551	-0.00624220592041	0.0373290065545	0.0244585337281	-0.0168865485929	-0.0317706813919	0.0045960967819	0.043808807604	0.01350087098	-0.00318030566496	0.0450960709965	0.00228396968337	-0.00326546031578	-0.0294194761418	-0.0470848097058	-0.016434845404	-0.0141374347334	0.0441255625124	-0.0210189358369	0.00873258020937
k__Bacteria;p__Firmicutes;c__Clostridia;o__Clostridiales;f__Oscillospiraceae;g__Oscillibacter;s__Oscillibacter_sp._KLE_1745	-0.0173718534825	-0.00778129216733	-0.0610802859839	-0.0673161929654	-0.0581440211591	0.00593163569689	-0.0303866356939	-0.109607300081	-0.014022434786	0.0290389669575	-0.0134146010946	0.0199802467381	-0.0327689345718	-0.0586533721659	-0.0273599557164	-0.00304361027255	0.0265253572041	-0.0752907415322	0.0441741715248	0.0212304848698	0.00121492212212	-0.0163123418498	0.0141030227947	0.0133691304205	1.0	0.0480702553548	-0.019427703622	0.00158890964126	-0.00843272577379	0.0283696296943	-0.0273492094633	0.00295056719615	-0.0366739588652	0.0134965847453	0.0102874606254	0.0641402297515	-0.0151982668353	-0.0260400561918	-0.0206723689421	0.00510151268197	-0.0112280704817	-0.00904917060363	0.000584561757855	0.0354834963118	0.0824175434353	-0.079457521652	0.0349025090428	0.0427322194186	0.0219047563652	0.00568166864983	-0.040022384777	-0.0109796595276	0.031041190832	-0.0404072327516	-0.0152131349866	-0.0419575718643	0.0228292758327	0.000338285962122	-0.0562102764853
k__Bacteria;p__Bacteroidetes;c__Bacteroidia;o__Bacteroidales;f__Bacteroidaceae;g__Bacteroides;s__Bacteroides_coprophilus	-0.0202496950608	0.0248140602163	-0.0198424905251	-0.041000141912	0.0284119129752	-0.0119143812584	0.0871885477867	-0.00541215054001	-0.0230012924118	-0.00286339420334	-0.0530386086369	-0.00454068599535	0.00993840205457	-0.0381305446279	-0.00775269571065	-0.0795760959768	0.0107229418731	-0.0621237896676	-0.0426489752916	-0.0446964117043	-0.015647939916	0.00607052803273	0.0330879633879	-0.0036874968975	0.0480702553548	1.0	0.0286960580235	0.0290100584244	-0.00902518393933	-0.0198012672292	-0.0312638583285	0.00948616731447	0.0181237159979	0.00230384328624	0.000361484042707	0.0355958599055	-0.0101091869705	-0.0015614042161	0.0311782008606	0.00416818688309	-0.135133991984	0.00856025754803	-0.0337842537246	-0.0165636804394	0.0141573000093	0.0386886926783	0.0150266421015	0.00938760431141	0.0278788943952	-0.0299847517746	0.0110942983841	-0.0207628005717	0.0140492626232	-0.0184391662695	0.00658639237205	-0.0347498856091	0.00983806791148	-0.0112941981163	0.00950321255352
k__Bacteria;p__Firmicutes;c__Clostridia;o__Clostridiales;f__Lachnospiraceae;g__Roseburia;s__Roseburia_intestinalis	0.0359550053938	0.0421907628642	-0.0146314455984	-0.00525781878921	-0.055458147294	-0.0533927276066	-0.066995445573	0.00839098665893	0.0402122162233	0.016721972931	-0.0134192538156	-0.00449094631542	-0.0774333950778	-0.0372925700445	-0.0263223551692	-0.0137218726198	0.00172311760249	-0.0406471883597	-0.00950073357794	-0.0469715166245	-0.0624522268525	0.0197883700154	-0.0232201535436	0.0211272365668	-0.019427703622	0.0286960580235	1.0	0.0156721563597	-0.00127472844771	0.0313975491668	0.0121227496199	0.0158568123882	-0.0927286687536	-0.0417845488657	-0.0124609980819	-0.0979384887841	-0.0159592343257	-0.0154990131799	0.0670797665453	-0.0203828817527	0.00679385987716	-0.0521103826448	0.102841491854	0.00952327154122	-0.0337087369702	0.0514554056679	0.00724494062211	-0.0424875251919	-0.0437525998268	0.00101411240637	-0.036176060622	0.0487903783601	0.0325045127499	0.0175842056262	-0.0176475374673	0.00960984036127	-0.0193820594897	0.0109620932857	-0.0128611016535
k__Bacteria;p__Firmicutes;c__Clostridia;o__Clostridiales;f__Lachnospiraceae;g__Roseburia;s__Roseburia_hominis	0.0200297699614	0.0288129478995	0.0219643760386	0.0387965457111	-0.0262347966229	-0.00791843596018	0.0282456248618	-0.0213779697948	0.0038895350333	0.0239987255026	-0.0451164424589	-0.0589594414145	-0.000451810402211	0.00346362565143	-0.0124408781905	-0.0214993766474	-0.0238676497837	0.0038857594832	0.0323717258312	-0.0332959890708	-0.0217470920462	-0.0081367935162	-0.00969080304409	-0.00457060430398	0.00158890964126	0.0290100584244	0.0156721563597	1.0	0.0297481217374	-0.06337343646	-0.0551380536246	-0.0529018556858	-0.00741718956763	0.016443909404	-0.0127627478566	0.0243775207946	-0.00938257130263	-0.0515544269241	-0.00813092249472	0.00969971399871	0.0196606479994	0.039864184133	0.0107137956849	0.0253343555186	-0.0587629892569	-0.0398994318536	-0.0317468394706	-0.0163758683977	0.0282886870998	-0.00991692198891	-0.0152294437548	-0.0157204065086	-0.0176898251256	0.0442804414749	-0.0277822804387	-0.00354836013558	0.0111216570702	-0.0112874602348	0.0045403419664
k__Bacteria;p__Bacteroidetes;c__Bacteroidia;o__Bacteroidales;f__Porphyromonadaceae;g__Parabacteroides;s__Parabacteroides_johnsonii	-0.0041470656876	-0.010010755642	0.029134608011	-0.0498614043587	0.0684788354944	-0.0149405414795	-0.0210696385747	-0.028320921249	0.00488580273421	0.0434013535063	0.027098717078	-0.0446018576803	-0.0508457252352	0.00610695208497	0.00846962240611	0.0464630664726	-0.00564369662333	0.0609629604945	-0.0413152054319	0.00181410820143	0.0134611366481	0.0256648596753	0.0172550765811	-0.0191713569574	-0.00843272577379	-0.00902518393933	-0.00127472844771	0.0297481217374	1.0	-0.000204866107705	0.0243292389172	-0.0115880899725	-0.00758138644883	-0.0250449412528	-0.00277861180334	-0.0131444671721	-0.00689742211592	0.0454497430734	-0.00551967279238	0.0317896331672	-0.0563558013042	-0.00327831862242	-0.0258141928146	0.0471352456833	0.000668702189705	-0.0083480781826	0.00116137663972	-0.00604362633186	0.0180961302458	0.00887272285566	-0.00839059895624	0.0100565730847	-0.0394219591724	-0.0707857294105	0.0237900243545	-0.0632986697063	0.000333599741064	0.00278044810638	-0.00821467651357
k__Bacteria;p__Actinobacteria;c__Actinobacteria;o__Bifidobacteriales;f__Bifidobacteriaceae;g__Bifidobacterium;s__Bifidobacterium_longum	-0.0271049320882	-0.0109057447856	-0.00879755874406	0.012355221294	-0.0121847233613	0.0014902023704	-0.0530261204587	0.0159236825681	0.00380015031665	0.0293863776868	-0.0339508689916	-0.0591715848688	-0.0761905379373	0.0659066119931	-0.0159829335292	-0.0705901390574	0.014828452749	-0.0116313735006	0.00465896734007	-0.00116466997793	0.00685254668486	-0.0111273696513	0.0315040654349	-0.000900410361662	0.0283696296943	-0.0198012672292	0.0313975491668	-0.06337343646	-0.000204866107705	1.0	-0.0339059341618	-0.0347420122485	-0.0444074384133	0.0154472010699	-0.0253338743272	0.0174539472854	0.0685177079771	0.0109890094762	0.0309572498288	-0.0565064239454	-0.0261932144684	0.0351132976572	-0.00895915976269	-0.00347004236817	-0.0708444160404	0.0268915525676	-0.00199715697633	-0.0313373419835	-0.0462588165858	-0.0123373694617	-0.0299963739877	0.0238612159206	-0.024457713793	0.0273018924047	0.00709871031523	-0.0270766396245	0.0228143710998	-0.0278063954211	0.00490646142346
