#taxonomy	k__Bacteria;p__Bacteroidetes;c__Bacteroidia;o__Bacteroidales;f__Bacteroidaceae;g__Bacteroides;s__Bacteroides_vulgatus	k__Bacteria;p__Bacteroidetes;c__Bacteroidia;o__Bacteroidales;f__Bacteroidaceae;g__Bacteroides;s__Bacteroides_uniformis	k__Bacteria;p__Bacteroidetes;c__Bacteroidia;o__Bacteroidales;f__Rikenellaceae;g__Alistipes;s__Alistipes_putredinis	k__Bacteria;p__Bacteroidetes;c__Bacteroidia;o__Bacteroidales;f__Prevotellaceae;g__Prevotella;s__Prevotella_copri	k__Bacteria;p__Bacteroidetes;c__Bacteroidia;o__Bacteroidales;f__Bacteroidaceae;g__Bacteroides;s__Bacteroides_stercoris	k__Bacteria;p__Bacteroidetes;c__Bacteroidia;o__Bacteroidales;f__Bacteroidaceae;g__Bacteroides;s__Bacteroides_ovatus	k__Bacteria;p__Bacteroidetes;c__Bacteroidia;o__Bacteroidales;f__Rikenellaceae;g__Alistipes;s__Alistipes_shahii	k__Bacteria;p__Firmicutes;c__Clostridia;o__Clostridiales;f__Ruminococcaceae;g__Faecalibacterium;s__Faecalibacterium_prausnitzii	k__Bacteria;p__Bacteroidetes;c__Bacteroidia;o__Bacteroidales;f__Rikenellaceae;g__Alistipes;s__Alistipes_finegoldii	k__Bacteria;p__Bacteroidetes;c__Bacteroidia;o__Bacteroidales;f__Porphyromonadaceae;g__Parabacteroides;s__Parabacteroides_distasonis	k__Bacteria;p__Bacteroidetes;c__Bacteroidia;o__Bacteroidales;f__Bacteroidaceae;g__Bacteroides;s__Bacteroides_thetaiotaomicron	k__Bacteria;p__Bacteroidetes;c__Bacteroidia;o__Bacteroidales;f__Bacteroidaceae;g__Bacteroides;s__Bacteroides_coprocola	k__Bacteria;p__Bacteroidetes;c__Bacteroidia;o__Bacteroidales;f__Bacteroidaceae;g__Bacteroides;s__Bacteroides_cellulosilyticus	k__Bacteria;p__Bacteroidetes;c__Bacteroidia;o__Bacteroidales;f__Rikenellaceae;g__Alistipes;s__Alistipes_obesi	k__Bacteria;p__Firmicutes;c__Clostridia;o__Clostridiales;f__Lachnospiraceae;g__;s__[Eubacterium]_rectale	k__Bacteria;p__Bacteroidetes;c__Bacteroidia;o__Bacteroidales;f__Bacteroidaceae;g__Bacteroides;s__Bacteroides_plebeius	k__Bacteria;p__Bacteroidetes;c__Bacteroidia;o__Bacteroidales;f__Bacteroidaceae;g__Bacteroides;s__Bacteroides_fragilis	k__Bacteria;p__Proteobacteria;c__Betaproteobacteria;o__Burkholderiales;f__Sutterellaceae;g__Sutterella;s__Sutterella_wadsworthensis	k__Bacteria;p__Bacteroidetes;c__Bacteroidia;o__Bacteroidales;f__Porphyromonadaceae;g__Barnesiella;s__Barnesiella_intestinihominis	k__Bacteria;p__Bacteroidetes;c__Bacteroidia;o__Bacteroidales;f__Odoribacteraceae;g__Odoribacter;s__Odoribacter_splanchnicus	k__Bacteria;p__Bacteroidetes;c__Bacteroidia;o__Bacteroidales;f__Bacteroidaceae;g__Bacteroides;s__Bacteroides_salyersiae	k__Bacteria;p__Firmicutes;c__Clostridia;o__Clostridiales;f__Ruminococcaceae;g__Ruminiclostridium;s__[Eubacterium]_siraeum	k__Bacteria;p__Proteobacteria;c__Betaproteobacteria;o__Burkholderiales;f__Sutterellaceae;g__Parasutterella;s__Parasutterella_excrementihominis	k__Bacteria;p__Actinobacteria;c__Actinobacteria;o__Bifidobacteriales;f__Bifidobacteriaceae;g__Bifidobacterium;s__Bifidobacterium_adolescentis	k__Bacteria;p__Firmicutes;c__Clostridia;o__Clostridiales;f__Oscillospiraceae;g__Oscillibacter;s__Oscillibacter_sp._KLE_1745	k__Bacteria;p__Bacteroidetes;c__Bacteroidia;o__Bacteroidales;f__Bacteroidaceae;g__Bacteroides;s__Bacteroides_coprophilus	k__Bacteria;p__Firmicutes;c__Clostridia;o__Clostridiales;f__Lachnospiraceae;g__Roseburia;s__Roseburia_intestinalis	k__Bacteria;p__Firmicutes;c__Clostridia;o__Clostridiales;f__Lachnospiraceae;g__Roseburia;s__Roseburia_hominis	k__Bacteria;p__Bacteroidetes;c__Bacteroidia;o__Bacteroidales;f__Porphyromonadaceae;g__Parabacteroides;s__Parabacteroides_johnsonii	k__Bacteria;p__Actinobacteria;c__Actinobacteria;o__Bifidobacteriales;f__Bifidobacteriaceae;g__Bifidobacterium;s__Bifidobacterium_longum	k__Bacteria;p__Firmicutes;c__Clostridia;o__Clostridiales;f__;g__Flavonifractor;s__Flavonifractor_plautii	k__Bacteria;p__Firmicutes;c__Clostridia;o__Clostridiales;f__Clostridiaceae;g__Clostridium;s__Clostridium_phoceensis	k__Bacteria;p__Verrucomicrobia;c__Verrucomicrobiae;o__Verrucomicrobiales;f__Akkermansiaceae;g__Akkermansia;s__Akkermansia_muciniphila	k__Bacteria;p__Bacteroidetes;c__Bacteroidia;o__Bacteroidales;f__Prevotellaceae;g__Paraprevotella;s__Paraprevotella_xylaniphila	k__Bacteria;p__Firmicutes;c__Clostridia;o__Clostridiales;f__Ruminococcaceae;g__Ruminococcus;s__Ruminococcus_callidus	k__Bacteria;p__Bacteroidetes;c__Bacteroidia;o__Bacteroidales;f__Rikenellaceae;g__Alistipes;s__Alistipes_senegalensis	k__Bacteria;p__Firmicutes;c__Clostridia;o__Clostridiales;f__Lachnospiraceae;g__Blautia;s__Blautia_sp._KLE_1732	k__Bacteria;p__Bacteroidetes;c__Bacteroidia;o__Bacteroidales;f__Bacteroidaceae;g__Bacteroides;s__Bacteroides_oleiciplenus	k__Bacteria;p__Firmicutes;c__Clostridia;o__Clostridiales;f__Ruminococcaceae;g__Ruminococcus;s__Ruminococcus_bicirculans	k__Bacteria;p__Bacteroidetes;c__Bacteroidia;o__Bacteroidales;f__Bacteroidaceae;g__Bacteroides;s__Bacteroides_fluxus	k__Bacteria;p__Bacteroidetes;c__Bacteroidia;o__Bacteroidales;f__Prevotellaceae;g__Prevotella;s__Prevotella_stercorea	k__Bacteria;p__Firmicutes;c__Clostridia;o__Clostridiales;f__Lachnospiraceae;g__Dorea;s__Dorea_longicatena	k__Bacteria;p__Firmicutes;c__Clostridia;o__Clostridiales;f__Eubacteriaceae;g__Eubacterium;s__[Eubacterium]_eligens	k__Bacteria;p__Firmicutes;c__Clostridia;o__Clostridiales;f__Ruminococcaceae;g__;s__Ruminococcaceae_bacterium_D16	k__Bacteria;p__Firmicutes;c__Clostridia;o__Clostridiales;f__Lachnospiraceae;g__Coprococcus;s__Coprococcus_comes	k__Bacteria;p__Proteobacteria;c__Gammaproteobacteria;o__Enterobacterales;f__Enterobacteriaceae;g__Escherichia;s__Escherichia_coli	k__Bacteria;p__Firmicutes;c__Clostridia;o__Clostridiales;f__Ruminococcaceae;g__Anaerotruncus;s__Anaerotruncus_colihominis	k__Bacteria;p__Firmicutes;c__Clostridia;o__Clostridiales;f__Lachnospiraceae;g__Blautia;s__Blautia_obeum	k__Bacteria;p__Bacteroidetes;c__Bacteroidia;o__Bacteroidales;f__Odoribacteraceae;g__Odoribacter;s__Odoribacter_laneus	k__Bacteria;p__Firmicutes;c__Clostridia;o__Clostridiales;f__Ruminococcaceae;g__Ruminiclostridium;s__[Clostridium]_leptum	k__Bacteria;p__Bacteroidetes;c__Bacteroidia;o__Bacteroidales;f__Porphyromonadaceae;g__Parabacteroides;s__Parabacteroides_goldsteinii	k__Bacteria;p__Firmicutes;c__Clostridia;o__Clostridiales;f__Lachnospiraceae;g__Anaerostipes;s__Anaerostipes_hadrus	k__Bacteria;p__Firmicutes;c__Clostridia;o__Clostridiales;f__Ruminococcaceae;g__Ruminococcus;s__Ruminococcus_lactaris	k__Bacteria;p__Firmicutes;c__Clostridia;o__Clostridiales;f__Clostridiaceae;g__Clostridium;s__Clostridium_sp._L2-50	k__Bacteria;p__Firmicutes;c__Clostridia;o__Clostridiales;f__Clostridiaceae;g__Clostridium;s__Clostridium_sp._M62/1	k__Bacteria;p__Firmicutes;c__Clostridia;o__Clostridiales;f__;g__Intestinimonas;s__Intestinimonas_butyriciproducens	k__Bacteria;p__Actinobacteria;c__Actinobacteria;o__Bifidobacteriales;f__Bifidobacteriaceae;g__Bifidobacterium;s__Bifidobacterium_bifidum	k__Bacteria;p__Firmicutes;c__Negativicutes;o__Veillonellales;f__Veillonellaceae;g__Dialister;s__Dialister_invisus	k__Bacteria;p__Bacteroidetes;c__Bacteroidia;o__Bacteroidales;f__Bacteroidaceae;g__Bacteroides;s__Bacteroides_salanitronis
k__Bacteria;p__Bacteroidetes;c__Bacteroidia;o__Bacteroidales;f__Bacteroidaceae;g__Bacteroides;s__Bacteroides_vulgatus	1.0	-0.0121847414145	0.00194374463612	0.00476726260041	-0.0256889425551	-0.017286579488	-0.00588332550983	-0.0225020968246	-0.0238742287547	-0.0508334430852	-0.00871595343978	-0.0553693464766	-0.060785088	-0.0273162585536	0.0164843302852	0.0208104279726	-0.0422908721846	0.0147191312452	0.0303926278477	-0.00513008232705	-0.0394896073383	0.0461049065457	-0.0171165104849	-0.068379741007	-0.0219701501289	-0.0552300739122	0.0182586753294	0.036145875422	-0.0841802563461	-0.0399156379154	0.00565287474523	-0.00346031005361	-0.0598690484322	0.0149714385484	-0.0262316280152	0.0372697745074	0.0422447485315	-0.0117685592865	0.00443976444293	0.00308447558629	-0.0433055319296	-0.0162062854988	0.016252016726	-0.0102390286072	-0.00536013729347	-0.0295683742146	0.0310970313707	0.0254042246891	-0.0547978816103	-0.0268536060054	0.0163684981674	-0.0384216302751	0.0381631199077	0.0173286759627	-0.0335608672974	-0.0221225681713	0.0154993216262	0.010789734398	-0.0220179127155
k__Bacteria;p__Bacteroidetes;c__Bacteroidia;o__Bacteroidales;f__Bacteroidaceae;g__Bacteroides;s__Bacteroides_uniformis	-0.0121847414145	1.0	-0.0240025241264	0.0565290047839	0.0493647806071	0.0181714694866	-0.0292857922065	-0.0319765784306	-0.00640494529605	0.00951207373884	0.0274432412992	0.0507938593548	-0.0157226162547	-0.0252743924445	0.0405332157362	4.9950991872e-05	0.0266075154661	-0.0139279681654	-0.0199756112118	0.0292710514986	-0.067956645909	-0.00806694036367	0.0316427484999	-0.0104230220437	0.00421213230826	-0.00308433159021	-0.00523614269492	-0.0199228644646	0.0355372035795	-0.024236828645	0.0172308296869	0.023333847355	0.00864098734074	0.00622051089672	-0.0555079893936	0.00724326350379	0.00601297638679	-0.0812611683794	-0.0803506301395	0.0172939568014	-0.020930724494	-0.0679945087328	0.0328330647742	0.0142869901557	0.00103401267928	-0.00194918481819	-0.0125941128511	-0.0199544761464	0.0859123670066	0.0068569293727	0.0151928969204	-0.0167747458903	-0.067660810746	-0.021360642097	-0.00316402031829	-0.0235664972629	-0.0103635909873	0.0279366676027	-0.0756681276883
k__Bacteria;p__Bacteroidetes;c__Bacteroidia;o__Bacteroidales;f__Rikenellaceae;g__Alistipes;s__Alistipes_putredinis	0.00194374463612	-0.0240025241264	1.0	-0.0406214842499	0.00782109368195	-0.0171834145264	0.0354524840972	-0.0154977893155	-0.00942590167738	0.0207159593515	-0.0206339998438	0.0269398998533	-0.040471324585	-0.0258362821371	-0.0140528770333	0.0140877209061	-0.0331798879573	0.0804871656645	-0.00478981313096	-0.00597891427892	0.03424413772	0.00534985253882	0.0138743760961	-0.0474712850278	-0.0396244198802	0.0294427051944	-0.0350288131714	-0.0401948338321	0.0274868506015	-0.000235373858802	0.0449810507268	-0.00235810682202	-0.00356818967553	0.0082489887403	-0.0305707316716	-0.0102375510666	0.0309105694257	-0.0272051920723	-0.0571267299776	-0.0250945873939	0.0518800769293	-0.0416467927201	-0.0366298073393	0.0627156701993	-0.0427298223275	-0.0159177591411	0.00339980391499	-0.0174433440973	0.000697856461416	-0.0240868805222	0.0109664812945	-0.0356285181718	0.00211678709807	-0.0268994625967	0.0198521080619	-0.0467040395172	-0.0262975067074	0.00277542066418	-0.0234332089747
k__Bacteria;p__Bacteroidetes;c__Bacteroidia;o__Bacteroidales;f__Prevotellaceae;g__Prevotella;s__Prevotella_copri	0.00476726260041	0.0565290047839	-0.0406214842499	1.0	0.00587159512966	-0.00982145761629	0.0231785804601	-0.0423364618104	0.021701895839	0.0292759748984	-0.00945843747567	0.0402898546349	-0.00181862994538	0.0462759257398	-0.0441244863892	0.0255713194698	0.000331711414766	0.000269141666555	0.0686137163288	0.00406744006679	0.00700230109472	-0.0647365082859	-0.00575955007092	0.0252741658416	-0.0338477439458	-0.107916256275	-0.00992922388796	-0.0127597126918	-0.00807328558528	-0.0538297563882	0.0368383840983	-0.044171128276	-0.0303823814191	0.0374098403307	-0.04287015676	-0.0109511585633	0.0344359859537	-0.0449467368839	0.00162614429256	-0.0480364378613	-0.0147561636514	0.0123949361188	-0.0310153722309	0.0265728277089	0.00193046683094	-0.0188786939727	0.0065702583344	-0.00437276131592	0.0473425076762	-0.0382844617863	0.0257614878684	0.0433442602059	0.0357969599442	0.0393174916139	-0.0274667489946	0.00331966634159	0.00662774340477	-0.00899119260609	0.0118835458729
k__Bacteria;p__Bacteroidetes;c__Bacteroidia;o__Bacteroidales;f__Bacteroidaceae;g__Bacteroides;s__Bacteroides_stercoris	-0.0256889425551	0.0493647806071	0.00782109368195	0.00587159512966	1.0	-0.0538227945831	-0.0336516935177	0.104965021205	0.000681190287241	-0.00364996303132	0.00805699856425	-0.00638436372436	0.0392427258502	-0.000729200071904	-0.0158498787032	-0.00659082093488	-0.060684657288	-0.00834793666799	-0.00556673123698	0.00348008534631	0.017820083247	-0.0620062489702	0.0547229448331	-0.0197224352065	-0.0140257178458	0.0269950459669	0.0257705179744	0.0334846616789	-0.0722908416378	-0.00388616547828	-0.00269753927858	-0.0400267348801	-0.0635455954807	-0.0251967688209	-0.00540026913657	0.00986891387091	-0.00955282486026	0.0557046116266	-0.00796682915227	0.00820188609676	-0.0927024973337	0.0622335238089	-0.0109766441998	-0.0139507198697	0.0352009808969	-0.0121440549682	-0.0407976662696	-0.000685609929387	-0.00181152873247	-0.0331739186388	0.00378136741833	0.00291384753838	0.00778707211745	-0.0214899801759	0.0924501952524	-0.0276296192701	-0.00206162136903	-0.0276496500174	0.0355594334829
k__Bacteria;p__Bacteroidetes;c__Bacteroidia;o__Bacteroidales;f__Bacteroidaceae;g__Bacteroides;s__Bacteroides_ovatus	-0.017286579488	0.0181714694866	-0.0171834145264	-0.00982145761629	-0.0538227945831	1.0	0.0326852929997	-0.0507677938356	0.0290109411529	0.0335115013242	-0.0207886569269	-0.00695665978617	0.0602501278456	0.0292110269777	0.0237397716611	-0.0322936910191	-0.00528204080942	-0.0173858552724	-0.0114446963213	-0.0467329009901	-0.0298286236235	-0.0300317688406	-0.0750750201081	0.00178850221493	0.0314396002022	0.00828003596235	0.0596947686981	-0.0121924240606	0.00796604839939	-0.0360171462898	-0.00732913578299	-0.0442906247725	-0.0210294706427	0.0402361049494	-0.0162419884758	-0.00210539662991	0.000565873699635	-0.00231455200482	-0.00205444384339	-0.0549770112537	0.00932588230554	0.00574583278557	-0.0312000384851	0.00987402965706	0.0198273223116	-0.0293745035548	0.00546528136332	-0.0241434703559	-0.0551622913198	-0.0391210171599	-0.0269091316151	-0.0255654833533	0.00256619025281	0.0072774475561	-0.00383388625032	0.00376666087052	-0.0551721979805	0.00453356097413	0.0205420692574
k__Bacteria;p__Bacteroidetes;c__Bacteroidia;o__Bacteroidales;f__Rikenellaceae;g__Alistipes;s__Alistipes_shahii	-0.00588332550983	-0.0292857922065	0.0354524840972	0.0231785804601	-0.0336516935177	0.0326852929997	1.0	0.00941643483042	0.101999420298	0.00120594952251	0.065574292363	0.0139178840698	-0.00764037111366	-0.0683475454419	0.0347361643739	-0.011324068936	-0.0249600883222	0.0154952170337	-0.0157641219814	0.018516979192	-0.0285468700672	0.0360078914973	0.00851885313896	-0.0432279222491	0.0158083848709	-0.0589150088598	-0.0308392481795	-0.00448446917746	-0.0466445490939	-0.00676391522814	0.010641902876	-0.0222887544264	0.0495569070789	0.0292924685194	0.0656015900679	-0.0211583756945	0.0515757270025	0.0164063248578	-0.000269657425544	-0.0676653870599	-0.0753465346911	-0.0140302184647	-0.0322574378941	-0.0454162942326	-0.0340438490367	-0.0183334924967	-0.0120079956246	0.0122531791007	-0.0102506699783	0.0381921915283	0.00362252454213	-0.0451388191944	-0.0352269642959	0.0420127670592	-0.0235725183095	-0.00208087168174	-0.076847431666	0.0245671286618	-0.0107759596643
k__Bacteria;p__Firmicutes;c__Clostridia;o__Clostridiales;f__Ruminococcaceae;g__Faecalibacterium;s__Faecalibacterium_prausnitzii	-0.0225020968246	-0.0319765784306	-0.0154977893155	-0.0423364618104	0.104965021205	-0.0507677938356	0.00941643483042	1.0	0.0324459956796	-0.0243279198996	-0.0501473250511	-0.044022490827	-0.0153583430537	0.0622509322883	-0.0128642786686	-0.0649845004458	-0.0278291553238	0.0272771436745	-0.0470137250061	0.00559303388044	-0.0101894355466	0.0775628370072	-0.03338830005	0.00826707575397	-0.0136194449162	0.0374383430842	0.000147711609025	-0.0684997783255	-0.0373017602847	0.0369629943169	-0.0414198076813	-0.0257271016725	-0.0117977259366	0.029595231579	-0.00438095477552	0.0132029715586	-0.0801851115275	0.0223782759648	0.00564279684501	-0.0430585504228	0.0030148599683	0.0143829729691	0.0188979285507	-0.00247423524367	-0.0227871131753	-0.017818239492	0.0481512758729	-0.0513257189755	-0.0162853402232	0.0293117746804	0.0247336607881	-0.0302252193267	0.0692453727568	0.028747473556	-0.006029610627	-0.0773517587817	-0.00461789377361	-0.0442384567715	-0.0705927348116
k__Bacteria;p__Bacteroidetes;c__Bacteroidia;o__Bacteroidales;f__Rikenellaceae;g__Alistipes;s__Alistipes_finegoldii	-0.0238742287547	-0.00640494529605	-0.00942590167738	0.021701895839	0.000681190287241	0.0290109411529	0.101999420298	0.0324459956796	1.0	0.0169015556877	-0.0271341784225	0.0152171055343	0.00560514860634	0.0410023142824	0.00715376578395	-0.0392290566757	-0.0143968500953	-0.00953326007031	-0.0307536091141	-0.0020700634426	-0.0455801058762	0.0278307314894	0.0369168026877	0.0128773800066	0.000425830833549	-0.00659204538814	0.00537229182958	-0.0253625272781	-0.0114776241351	-0.046351391489	0.019779808149	-0.0159324914918	0.0327749102105	0.03389874104	0.00244656015263	-0.0243975298849	-0.0511934916906	0.0140353197634	-0.0256450601488	-0.00416939367826	-0.0201925056955	-0.0182376542396	0.0172888671789	-0.0588533776976	-0.0239743750735	-0.0281134886691	-0.0542553240631	0.0211181316512	-0.019113633694	0.0298505804101	-0.0287023238741	0.0336100638499	-0.0411533306838	-0.0111743626719	-0.0573888282424	-0.0427139212818	0.047710160479	-0.00375910116081	-0.0458044894746
k__Bacteria;p__Bacteroidetes;c__Bacteroidia;o__Bacteroidales;f__Porphyromonadaceae;g__Parabacteroides;s__Parabacteroides_distasonis	-0.0508334430852	0.00951207373884	0.0207159593515	0.0292759748984	-0.00364996303132	0.0335115013242	0.00120594952251	-0.0243279198996	0.0169015556877	1.0	0.0579398387569	0.0378892256055	-0.00886173634899	0.00752464954277	0.0293669578462	0.0434221161402	0.00343541831608	-0.0190179623266	-0.0301011531219	-0.0128540277788	0.00297505474083	0.00826480369567	-0.040216736046	-0.0290488558783	0.0350888920569	0.0191698171971	0.0450383136754	-0.0516989104115	-0.0114483720364	-0.0038958847569	0.029553879078	-0.0404425674424	0.0118435597679	-0.0347386338014	-0.0297349691319	-0.025206415731	0.00464605758101	-0.0414674933707	0.04474094393	-0.00553262406004	-0.00773115675817	-0.0282252123945	-0.018027423211	-0.0159870179879	-0.0129957383657	-0.0146467826144	0.0121413113493	-0.0404500045844	0.0130790512928	-0.0190858243719	-0.00994609287765	-0.0474589157475	-0.0127747643263	-0.047244164287	0.0503231987741	-0.00755426808454	0.00433807511924	0.012007355356	-0.0253215076596
k__Bacteria;p__Bacteroidetes;c__Bacteroidia;o__Bacteroidales;f__Bacteroidaceae;g__Bacteroides;s__Bacteroides_thetaiotaomicron	-0.00871595343978	0.0274432412992	-0.0206339998438	-0.00945843747567	0.00805699856425	-0.0207886569269	0.065574292363	-0.0501473250511	-0.0271341784225	0.0579398387569	1.0	0.0239418240583	-0.000154480864991	-0.0175221471563	-0.0246296135178	0.0411975311346	-0.0417822965739	-0.0207004613806	0.00733479722849	0.0237201700002	0.012311115368	-0.107067977891	0.0303144929174	-0.000391501257652	0.0258050351552	-0.0489609091678	0.013646272956	0.0105168144736	-0.0175802357964	0.00106797423168	-0.039248294438	-0.0080887829925	-0.0057122451626	-0.00461160466127	-0.026756145745	0.0232319704262	-0.0144836763604	0.0149901111774	-0.0242558253329	0.00626975133937	0.00951865962844	-0.00638769695109	0.0707286527281	-0.0291981396326	-0.0197150188319	0.0118739602112	0.00278120189688	-0.0404444272388	-0.0431297712723	-0.0556352286383	0.0424246359298	-0.0219360598604	0.00599745255195	0.0302102427771	0.00186663607259	0.0415552317655	-0.00177135474536	-0.01809817933	-0.0712390474835
k__Bacteria;p__Bacteroidetes;c__Bacteroidia;o__Bacteroidales;f__Bacteroidaceae;g__Bacteroides;s__Bacteroides_coprocola	-0.0553693464766	0.0507938593548	0.0269398998533	0.0402898546349	-0.00638436372436	-0.00695665978617	0.0139178840698	-0.044022490827	0.0152171055343	0.0378892256055	0.0239418240583	1.0	-0.0534782518002	-0.0795569985916	0.0277021113866	-0.0535350198042	-0.0375511280499	-0.0447655558542	-0.00873079803316	-0.0316768561048	-0.0239239748318	0.0661434661284	-0.0533656544327	0.00464263525185	-0.0225397113394	-0.0612411674777	-0.0204890955459	-0.0627995368797	-0.0467101045606	0.0406983266697	-0.00299353340279	0.0353856897005	0.064117061001	-0.0018216148317	0.0112181712065	-0.0244255588157	0.0108447834154	-0.0173390920805	0.0626532765334	-0.00543317894188	-0.0439764788229	0.0369823175705	0.0233020876098	-0.0409031469585	-0.0129162655004	-0.0567688534932	-0.00887318774229	0.0431791058607	-0.05376525286	-0.0650589208224	-0.0307569008425	0.0175831338473	-0.00446662275581	0.0597017871472	-0.0362105893435	0.0192199505056	0.0212572621854	0.0151521717195	0.0106495556872
k__Bacteria;p__Bacteroidetes;c__Bacteroidia;o__Bacteroidales;f__Bacteroidaceae;g__Bacteroides;s__Bacteroides_cellulosilyticus	-0.060785088	-0.0157226162547	-0.040471324585	-0.00181862994538	0.0392427258502	0.0602501278456	-0.00764037111366	-0.0153583430537	0.00560514860634	-0.00886173634899	-0.000154480864991	-0.0534782518002	1.0	-0.0139651399166	0.00380185683954	-0.0294390095946	0.0316145921466	0.0263733402692	-0.0106125701291	0.00611495846425	0.0079580849999	-0.0208768155119	-0.0256157133998	-0.0396628729302	-0.0223441966234	-0.00129327380456	-0.0180640627027	-0.0577808216818	-0.0395790163754	0.0211175864334	-0.00445509842906	0.0477556770719	-0.00948627463663	0.065513643129	0.0411533841832	-0.00951233700286	-0.000383657779199	-0.0242196876256	-0.0778029150234	0.0185607449552	0.0429335458371	0.0209556817488	-0.0202398147812	0.0108207548056	-0.0159560510324	0.0268995918681	0.0834780659153	-0.00706706551617	-0.0488738440329	0.0263424574674	-0.0550036310222	0.00809337727095	0.0102109817947	-0.00333517768774	0.0121966358171	0.0225108126619	-0.0406941405029	0.0266651815584	-0.00177728370223
k__Bacteria;p__Bacteroidetes;c__Bacteroidia;o__Bacteroidales;f__Rikenellaceae;g__Alistipes;s__Alistipes_obesi	-0.0273162585536	-0.0252743924445	-0.0258362821371	0.0462759257398	-0.000729200071904	0.0292110269777	-0.0683475454419	0.0622509322883	0.0410023142824	0.00752464954277	-0.0175221471563	-0.0795569985916	-0.0139651399166	1.0	0.0640635961591	-0.00340356403847	0.0920601731293	-0.00904427664156	0.0103678410366	-0.0795378015877	-0.0485547556619	-0.0591659065922	-0.0855985111711	0.000905278511143	-0.000939269842472	-0.0410767141472	-0.0418582406195	-0.0487761840186	-0.0174507067343	0.0157324235607	0.0125630378216	-0.0149541565559	-0.0183671142258	-0.0182608824907	-0.0170009105434	-0.0364594994499	0.00364121542143	0.0192832141629	-0.0452952360561	-0.00967185344337	0.0185906338321	0.00952467404962	0.00442619745619	-0.00710523915165	-0.0151118184832	0.00231790312498	-0.0509241390841	0.064684053714	-0.000810221252946	-0.0314806565237	0.0816204628825	-0.0331539042089	-0.0100106884945	-0.018825532592	0.00926537049025	-0.0316044859391	0.06023397196	-0.0168039880415	-0.00897292097816
k__Bacteria;p__Firmicutes;c__Clostridia;o__Clostridiales;f__Lachnospiraceae;g__;s__[Eubacterium]_rectale	0.0164843302852	0.0405332157362	-0.0140528770333	-0.0441244863892	-0.0158498787032	0.0237397716611	0.0347361643739	-0.0128642786686	0.00715376578395	0.0293669578462	-0.0246296135178	0.0277021113866	0.00380185683954	0.0640635961591	1.0	0.0111721333239	0.015672989561	0.0152079299165	0.0505083605323	0.00633731104655	-0.0344400487624	-0.0209570371431	-0.000962981040854	-0.0025631038204	-0.019264394977	0.0293276734778	-0.0220290305351	0.0176041487882	-0.105308481547	-0.0558655550355	-0.00287082295825	0.0572452233059	0.0372682865507	0.00666212800143	0.0262271015268	0.0179107583419	-0.063392400821	0.00658784556327	-0.042972623666	-0.0149006363969	-0.0120313440845	0.0315214186578	-0.0538037956649	-0.0022388185223	0.0156197125219	-0.0781422569617	0.0372977078958	0.00462989834012	0.00539197423283	0.00201426213864	0.0168843875509	-0.0499679523455	-0.0073724807247	-0.0714222391842	0.0100491353372	0.0416025568264	0.0111340237407	0.0212682366365	-0.0322912313723
k__Bacteria;p__Bacteroidetes;c__Bacteroidia;o__Bacteroidales;f__Bacteroidaceae;g__Bacteroides;s__Bacteroides_plebeius	0.0208104279726	4.99509918719e-05	0.0140877209061	0.0255713194698	-0.00659082093488	-0.0322936910191	-0.011324068936	-0.0649845004458	-0.0392290566757	0.0434221161402	0.0411975311346	-0.0535350198042	-0.0294390095946	-0.00340356403847	0.0111721333239	1.0	-0.0322327115702	0.00468476221395	0.0160933239506	-0.0954629070929	0.0158853631293	0.0114912695162	0.0256903365352	0.0131155615769	-0.0145259319583	-0.0229444573473	-0.00954064388758	0.0313226270782	-0.0146401733458	0.0254366076046	-0.0376793088564	0.0049715535666	-0.0648287376845	-0.0224141933962	0.0285678457266	-0.0144825815988	0.0515035230558	0.00298915696872	-0.0805320405066	0.0800202973228	0.0244242569366	0.0212172131485	-0.0877463245288	-0.00422776355026	-0.0287754022435	-0.0219555642403	-0.0186288526062	0.0200497500978	-0.0558046952977	0.0270284117797	0.0435677119339	-0.00450962842257	-0.0100198864958	0.0154945431136	0.0226375573151	-0.0111178911554	-0.00431734309313	0.0258911278524	-0.0473987143765
k__Bacteria;p__Bacteroidetes;c__Bacteroidia;o__Bacteroidales;f__Bacteroidaceae;g__Bacteroides;s__Bacteroides_fragilis	-0.0422908721846	0.0266075154661	-0.0331798879573	0.000331711414766	-0.060684657288	-0.00528204080942	-0.0249600883222	-0.0278291553238	-0.0143968500953	0.00343541831608	-0.0417822965739	-0.0375511280499	0.0316145921466	0.0920601731293	0.015672989561	-0.0322327115702	1.0	-0.00755356015429	0.037547487618	0.0372070182428	-0.00557981343319	0.0166795454615	0.0491304984986	0.0170786659274	0.032504290358	0.0168197968402	-0.0469802287204	0.0247991750969	-0.00453784599276	-0.0773662197898	0.0279681712557	-0.0674249121097	-0.0123034023469	-0.0150175196807	0.00511147891745	0.00154616590416	0.0337630310034	-0.0254601487752	-0.0238993428553	0.0117838566894	-0.0348854894853	-0.0645833672946	-0.0195744912348	-0.0306383615169	0.000630795792848	-0.0464137675422	-0.0273897826145	0.0219810542914	0.0211475591831	-0.0309040629679	-0.0480735699357	-0.0459086272749	0.0510234280462	-0.016634496657	0.0327406135429	0.0106335295001	-0.0107901109639	-0.00597695306219	-0.00241352661581
k__Bacteria;p__Proteobacteria;c__Betaproteobacteria;o__Burkholderiales;f__Sutterellaceae;g__Sutterella;s__Sutterella_wadsworthensis	0.0147191312452	-0.0139279681654	0.0804871656645	0.000269141666555	-0.00834793666799	-0.0173858552724	0.0154952170337	0.0272771436745	-0.00953326007031	-0.0190179623266	-0.0207004613806	-0.0447655558542	0.0263733402692	-0.00904427664156	0.0152079299165	0.00468476221395	-0.00755356015429	1.0	-0.0496882367444	0.00457237443487	0.0804450774568	-0.0766566818701	-0.0124555689781	0.00806872541309	0.0246861686594	-0.0471443724833	-0.0817946205186	0.0230074232065	-0.0100231783252	0.020786353404	0.0333961595256	-0.0251891175585	-0.0302036036882	-0.0588366124653	-0.0355483008513	0.0168105142519	-0.00541065761275	-0.0221964282207	0.00578453838701	-0.00664221123413	0.0182178072422	0.0502384432812	-0.0611497050129	0.00880404926536	0.00946218455558	0.00831559650317	-0.0195848912697	0.0863969378689	-0.0666275917317	0.032680889486	0.000766404058696	0.00786823351356	-0.00871072376704	0.0127503400362	-0.037886096829	0.00165806004846	-0.00190110266348	-0.0434477337599	0.0246588982151
k__Bacteria;p__Bacteroidetes;c__Bacteroidia;o__Bacteroidales;f__Porphyromonadaceae;g__Barnesiella;s__Barnesiella_intestinihominis	0.0303926278477	-0.0199756112118	-0.00478981313096	0.0686137163288	-0.00556673123698	-0.0114446963213	-0.0157641219814	-0.0470137250061	-0.0307536091141	-0.0301011531219	0.00733479722849	-0.00873079803316	-0.0106125701291	0.0103678410366	0.0505083605323	0.0160933239506	0.037547487618	-0.0496882367444	1.0	-0.0214497885199	-0.0477608274683	-0.0234396038391	0.0180040125682	0.0879062915765	-0.0297615514815	-0.0615349899479	-0.0246922290272	0.0118265290561	-0.0311440251526	-0.0183981175724	-0.0421603541608	-0.0613331671063	0.0127163052238	0.00469126538887	-0.0165121266051	-0.0224115904198	-0.0365460767598	0.000449740888912	0.0481103933599	-0.0520160798201	-0.000216840974117	0.00476873102994	-0.0507772814628	-0.0349774794485	0.0137058296674	0.0430003922766	0.0549106857837	-0.0499549727715	-0.00388006012479	-0.00805872644541	-0.0471260442126	0.05849020458	0.035355802542	-0.000418483374444	-0.0349876695762	-0.0246057716955	0.0564036334341	-0.00588269303013	-0.0545177378367
k__Bacteria;p__Bacteroidetes;c__Bacteroidia;o__Bacteroidales;f__Odoribacteraceae;g__Odoribacter;s__Odoribacter_splanchnicus	-0.00513008232705	0.0292710514986	-0.00597891427892	0.00406744006679	0.00348008534631	-0.0467329009901	0.018516979192	0.00559303388044	-0.0020700634426	-0.0128540277788	0.0237201700002	-0.0316768561048	0.00611495846425	-0.0795378015877	0.00633731104656	-0.0954629070929	0.0372070182428	0.00457237443487	-0.0214497885199	1.0	-0.0032638972179	-0.0232919049827	-0.0496536982157	0.0105516095298	0.0514058372983	-0.0389744408397	0.000113649848376	0.00741875186552	0.00457273667586	-0.00545423459126	-0.0256648978312	0.0114801964216	-0.0139238939044	-0.0326701738644	0.0227138814839	-0.0096339087206	-0.0464508212255	-0.051927915884	0.0506674911239	0.0370345535328	-0.00187804954217	-0.0137667223995	0.00447240287831	0.00881184535632	-0.0218002133687	-0.0254567160894	-0.0142007957155	-0.0615694262183	-0.0389787274759	0.0266950011199	-0.00258199883965	-0.0125585531985	0.0429902102106	0.00102764224239	-0.00269824038316	0.0184651098037	0.0440955610352	0.0195488505649	0.0324575973909
k__Bacteria;p__Bacteroidetes;c__Bacteroidia;o__Bacteroidales;f__Bacteroidaceae;g__Bacteroides;s__Bacteroides_salyersiae	-0.0394896073383	-0.067956645909	0.03424413772	0.00700230109472	0.017820083247	-0.0298286236235	-0.0285468700672	-0.0101894355466	-0.0455801058762	0.00297505474083	0.012311115368	-0.0239239748318	0.0079580849999	-0.0485547556619	-0.0344400487624	0.0158853631293	-0.00557981343319	0.0804450774568	-0.0477608274683	-0.0032638972179	1.0	-0.0113656090882	-0.061979384323	0.0312616155642	0.0523944330487	0.022918776151	-0.0251287536529	-0.0205104368552	-0.0315485941505	0.0133278397053	-0.0380883160223	-0.0308965877383	-0.0127835558129	-0.0516353218634	0.00938726234161	-0.0225673727387	-0.0147731304808	0.0840037887035	-0.0185683304459	0.0270678592842	0.0333018428682	-0.0316819238221	0.0377034062336	0.00418620479393	0.0418393032189	-0.0135575908577	-0.0206559378233	-0.00690949754477	8.73128272585e-05	-0.00405343373177	-0.000960113498858	-0.0389215450766	-0.00307486851606	-0.0934494127867	-0.0528517745532	0.0472342085756	0.0413151606158	-0.0255393074504	0.00824533183136
k__Bacteria;p__Firmicutes;c__Clostridia;o__Clostridiales;f__Ruminococcaceae;g__Ruminiclostridium;s__[Eubacterium]_siraeum	0.0461049065457	-0.00806694036367	0.00534985253882	-0.0647365082859	-0.0620062489702	-0.0300317688406	0.0360078914973	0.0775628370072	0.0278307314894	0.00826480369567	-0.107067977891	0.0661434661284	-0.0208768155119	-0.0591659065922	-0.0209570371431	0.0114912695162	0.0166795454615	-0.0766566818701	-0.0234396038391	-0.0232919049827	-0.0113656090882	1.0	-0.000620183554683	0.0221589616559	-0.0304055957023	-0.0564947090401	0.000456162990026	-0.0139737213077	-0.0212260313219	0.0122707246083	-0.0402385030749	-0.0319076075344	-0.0087770569827	0.0209636895229	-0.0182201234384	0.018986152061	-0.0223782818128	0.107327583281	0.057247306071	0.00399109603585	0.0170364984261	-0.0800923602977	-0.00369312701454	-0.0183982261469	0.0073332429216	-0.0104103963676	-0.00672796670411	-0.000512375661594	0.0328391731839	-0.0479577593986	-0.0204273156378	-0.0305138957091	-0.034136789566	0.0583325284217	-0.0640852519619	0.0122822797147	-0.0555520972732	0.0337384468772	-0.050791115012
k__Bacteria;p__Proteobacteria;c__Betaproteobacteria;o__Burkholderiales;f__Sutterellaceae;g__Parasutterella;s__Parasutterella_excrementihominis	-0.0171165104849	0.0316427484999	0.0138743760961	-0.00575955007092	0.0547229448331	-0.0750750201081	0.00851885313896	-0.03338830005	0.0369168026877	-0.040216736046	0.0303144929174	-0.0533656544327	-0.0256157133998	-0.0855985111711	-0.000962981040854	0.0256903365352	0.0491304984986	-0.0124555689781	0.0180040125682	-0.0496536982157	-0.061979384323	-0.000620183554683	1.0	-0.0151545921019	0.060073949576	0.0153948133958	-0.0221464909898	-0.00434227937185	-0.0213164716786	0.0269879597656	-0.0303885535554	0.00553626847089	0.0507454405286	-0.0263970141654	-0.0220433080353	0.0370462020939	0.0442369923485	0.0165300240266	0.000619455145608	-0.0181564167447	0.0465142904646	-0.00274052195792	0.0216354557396	-0.0548578950069	-0.0442238965462	0.0509487023335	-0.0387431787371	-0.0226353009407	-0.0427419048331	0.0197747308809	-0.0555797651381	0.0113978795988	-0.0802117948813	0.0493047608037	-0.000958053278899	0.0108005115508	-0.0168718341774	0.000846926149381	-0.00496729916921
k__Bacteria;p__Actinobacteria;c__Actinobacteria;o__Bifidobacteriales;f__Bifidobacteriaceae;g__Bifidobacterium;s__Bifidobacterium_adolescentis	-0.068379741007	-0.0104230220437	-0.0474712850278	0.0252741658416	-0.0197224352065	0.00178850221493	-0.0432279222491	0.00826707575397	0.0128773800066	-0.0290488558783	-0.000391501257652	0.00464263525185	-0.0396628729302	0.000905278511143	-0.0025631038204	0.0131155615769	0.0170786659274	0.00806872541309	0.0879062915765	0.0105516095298	0.0312616155642	0.0221589616559	-0.0151545921019	1.0	-0.0023590956279	0.00760954574182	0.0669491268608	-0.00631127763943	-0.0129653486441	-0.00742685404358	0.0076211463856	-0.0319218431344	-0.0166336816539	-0.00911111071213	0.0430874656162	-0.0166742583638	-0.0547805153798	-0.0468814476474	-0.0495546924262	-0.0207050461242	-0.0560550503729	-0.0139573481699	-0.0046980485114	-0.0415919800945	-0.00192069377397	-0.0392629650461	-0.0545009056565	-0.0160421208104	-0.003813870303	-0.0395502222874	0.0155483698308	-0.00311812857003	0.0104052877676	0.0158251699373	-0.0399366433118	-0.00295493985637	0.011490364031	0.00465775595435	0.0685273077084
k__Bacteria;p__Firmicutes;c__Clostridia;o__Clostridiales;f__Oscillospiraceae;g__Oscillibacter;s__Oscillibacter_sp._KLE_1745	-0.0219701501289	0.00421213230826	-0.0396244198802	-0.0338477439458	-0.0140257178458	0.0314396002022	0.0158083848709	-0.0136194449162	0.000425830833549	0.0350888920569	0.0258050351552	-0.0225397113394	-0.0223441966234	-0.000939269842472	-0.019264394977	-0.0145259319583	0.032504290358	0.0246861686594	-0.0297615514815	0.0514058372983	0.0523944330487	-0.0304055957023	0.060073949576	-0.0023590956279	1.0	-0.0687057883792	0.0317334785275	0.0650161830541	0.021259095618	-0.00628458746649	0.0215617202122	-0.0134493744011	0.0105566633292	-0.0157642069166	0.00681719528393	-0.00755811109062	0.021071305944	-0.0791158970322	0.0123503838786	0.0178454289044	0.0257916964083	0.0187341427828	0.0572577251183	-0.0503383412453	-0.0157547750256	-0.0494101155884	0.0203091884506	0.0428368448549	-0.00951063347942	-0.0450384423459	0.000264131730978	0.00572118782607	-0.0199694313376	-0.038889438416	-0.0394561295737	-0.0502286541115	-0.0131832128438	-0.0268629578857	-0.0725422661868
k__Bacteria;p__Bacteroidetes;c__Bacteroidia;o__Bacteroidales;f__Bacteroidaceae;g__Bacteroides;s__Bacteroides_coprophilus	-0.0552300739122	-0.00308433159021	0.0294427051944	-0.107916256275	0.0269950459669	0.00828003596235	-0.0589150088598	0.0374383430842	-0.00659204538814	0.0191698171971	-0.0489609091678	-0.0612411674777	-0.00129327380456	-0.0410767141472	0.0293276734778	-0.0229444573473	0.0168197968402	-0.0471443724833	-0.0615349899479	-0.0389744408397	0.022918776151	-0.0564947090401	0.0153948133958	0.00760954574182	-0.0687057883792	1.0	-0.00599790212295	0.0235744030476	0.0389081584379	-0.0255373811349	-0.00476501480065	0.059635155461	-0.0124353155975	-0.034879884059	0.0408489333199	-0.0396913667173	0.0182411600586	0.0129094775387	0.0101013737855	-0.00846800882733	-0.014800733302	0.000509680803355	0.000489074203499	0.0217833821007	-0.0286046287009	-0.00220748357436	-0.0167108023352	-0.0383529744255	0.00659188893949	0.0145055181745	0.0299662266107	0.00635826488449	-0.0211617932666	0.0370683514918	0.061178565441	-0.00325327061458	0.0247537796574	-0.0246623296387	-0.027376000221
k__Bacteria;p__Firmicutes;c__Clostridia;o__Clostridiales;f__Lachnospiraceae;g__Roseburia;s__Roseburia_intestinalis	0.0182586753294	-0.00523614269492	-0.0350288131714	-0.00992922388796	0.0257705179744	0.0596947686981	-0.0308392481795	0.000147711609025	0.00537229182958	0.0450383136754	0.013646272956	-0.0204890955459	-0.0180640627027	-0.0418582406195	-0.0220290305351	-0.00954064388758	-0.0469802287204	-0.0817946205186	-0.0246922290272	0.000113649848376	-0.0251287536529	0.000456162990026	-0.0221464909898	0.0669491268608	0.0317334785275	-0.00599790212295	1.0	0.0130452297052	0.0163101244711	-0.00420758406963	0.0124246884206	-0.00580015606417	-0.0151167395298	-0.00516539754009	-0.0755906238125	-0.0035906224268	-0.0158010411875	-0.0666593420686	0.0284121770863	0.0179098987264	2.29947201868e-05	-0.0596904082579	0.0471667186643	-0.00845403572433	0.00106720686513	-0.0278210118505	0.0579020668805	-0.04210959009	-0.0217039778792	-0.0155311120794	-0.0509758644759	-0.00860104744482	-0.0770701965988	-0.0245327482033	0.0222604571193	0.0412057259249	-0.00631296007894	-0.0330852888673	0.0701249007351
k__Bacteria;p__Firmicutes;c__Clostridia;o__Clostridiales;f__Lachnospiraceae;g__Roseburia;s__Roseburia_hominis	0.036145875422	-0.0199228644646	-0.0401948338321	-0.0127597126918	0.0334846616789	-0.0121924240606	-0.00448446917746	-0.0684997783255	-0.0253625272781	-0.0516989104115	0.0105168144736	-0.0627995368797	-0.0577808216818	-0.0487761840186	0.0176041487882	0.0313226270782	0.0247991750969	0.0230074232065	0.0118265290561	0.00741875186552	-0.0205104368552	-0.0139737213077	-0.00434227937185	-0.00631127763943	0.0650161830541	0.0235744030476	0.0130452297052	1.0	0.019506686035	-0.0706385463293	-0.0451189381519	0.0414146184067	-0.0248338106813	0.051611913407	0.0208743152366	0.00962362379562	-0.0365420074272	-0.0333557621543	0.0466771997426	-0.042456167123	-0.0289220680666	0.000992707108667	-0.0327221175104	-0.0430102035353	0.0176162299229	-0.0142071569561	0.0315704616541	-0.0494859869333	-0.0212433544802	-0.0510619999263	-0.047241033712	-0.0446910375702	0.00234837739281	-0.00404567661489	-0.0574794525189	-0.0327813896563	0.0115387295107	-0.00787778825054	0.0183932631387
k__Bacteria;p__Bacteroidetes;c__Bacteroidia;o__Bacteroidales;f__Porphyromonadaceae;g__Parabacteroides;s__Parabacteroides_johnsonii	-0.0841802563461	0.0355372035795	0.0274868506015	-0.00807328558528	-0.0722908416378	0.00796604839939	-0.0466445490939	-0.0373017602847	-0.0114776241351	-0.0114483720364	-0.0175802357964	-0.0467101045606	-0.0395790163754	-0.0174507067343	-0.105308481547	-0.0146401733458	-0.00453784599276	-0.0100231783252	-0.0311440251526	0.00457273667586	-0.0315485941505	-0.0212260313219	-0.0213164716786	-0.0129653486441	0.021259095618	0.0389081584379	0.0163101244711	0.019506686035	1.0	-0.0023331757221	0.029075773492	-0.0204785756695	-0.0472088065328	-0.00386636327973	-0.00608660055708	-0.0206312852449	-0.00398810228037	0.00940403046124	0.0281021046971	-0.0463292921207	0.0325338485997	-0.0473216472233	0.00424719563344	0.0257624986984	-0.0266668442636	0.0319518338898	0.0138837878809	0.0148812132595	-0.0066336956203	0.0360247259937	-0.0265627860239	0.0104122131106	-0.0337091002759	-0.0283126538642	-0.0268257881399	0.0493072749591	0.0228067040412	0.0597116524493	0.00972294077566
k__Bacteria;p__Actinobacteria;c__Actinobacteria;o__Bifidobacteriales;f__Bifidobacteriaceae;g__Bifidobacterium;s__Bifidobacterium_longum	-0.0399156379154	-0.024236828645	-0.000235373858802	-0.0538297563882	-0.00388616547828	-0.0360171462898	-0.00676391522814	0.0369629943169	-0.046351391489	-0.00389588475689	0.00106797423168	0.0406983266697	0.0211175864334	0.0157324235607	-0.0558655550355	0.0254366076046	-0.0773662197898	0.020786353404	-0.0183981175724	-0.00545423459126	0.0133278397053	0.0122707246083	0.0269879597656	-0.00742685404358	-0.00628458746649	-0.0255373811349	-0.00420758406963	-0.0706385463293	-0.0023331757221	1.0	0.0267205759616	-0.0199281692101	-0.01252094231	0.0435748774609	-0.0437595855793	0.0495782340873	0.0118533246606	-0.0286935320448	-0.0465320647617	-0.00485112743085	0.0131087364074	0.0170009368256	-0.0107471958831	0.033645680965	-0.0798893673963	0.0163382248655	0.0262322183158	-0.0485189235346	-0.0119599671659	-0.0370621533012	-0.0222377783314	-0.0253461763819	0.0178837001458	0.0307721682353	-0.0159472938982	-0.0103516265825	-0.000641561230445	0.0269837663547	-0.0250955274908
