#taxonomy	k__Bacteria;p__Bacteroidetes;c__Bacteroidia;o__Bacteroidales;f__Bacteroidaceae;g__Bacteroides;s__Bacteroides_vulgatus	k__Bacteria;p__Bacteroidetes;c__Bacteroidia;o__Bacteroidales;f__Bacteroidaceae;g__Bacteroides;s__Bacteroides_uniformis	k__Bacteria;p__Bacteroidetes;c__Bacteroidia;o__Bacteroidales;f__Rikenellaceae;g__Alistipes;s__Alistipes_putredinis	k__Bacteria;p__Bacteroidetes;c__Bacteroidia;o__Bacteroidales;f__Prevotellaceae;g__Prevotella;s__Prevotella_copri	k__Bacteria;p__Bacteroidetes;c__Bacteroidia;o__Bacteroidales;f__Bacteroidaceae;g__Bacteroides;s__Bacteroides_stercoris	k__Bacteria;p__Bacteroidetes;c__Bacteroidia;o__Bacteroidales;f__Bacteroidaceae;g__Bacteroides;s__Bacteroides_ovatus	k__Bacteria;p__Bacteroidetes;c__Bacteroidia;o__Bacteroidales;f__Rikenellaceae;g__Alistipes;s__Alistipes_shahii	k__Bacteria;p__Firmicutes;c__Clostridia;o__Clostridiales;f__Ruminococcaceae;g__Faecalibacterium;s__Faecalibacterium_prausnitzii	k__Bacteria;p__Bacteroidetes;c__Bacteroidia;o__Bacteroidales;f__Rikenellaceae;g__Alistipes;s__Alistipes_finegoldii	k__Bacteria;p__Bacteroidetes;c__Bacteroidia;o__Bacteroidales;f__Porphyromonadaceae;g__Parabacteroides;s__Parabacteroides_distasonis	k__Bacteria;p__Bacteroidetes;c__Bacteroidia;o__Bacteroidales;f__Bacteroidaceae;g__Bacteroides;s__Bacteroides_thetaiotaomicron	k__Bacteria;p__Bacteroidetes;c__Bacteroidia;o__Bacteroidales;f__Bacteroidaceae;g__Bacteroides;s__Bacteroides_coprocola	k__Bacteria;p__Bacteroidetes;c__Bacteroidia;o__Bacteroidales;f__Bacteroidaceae;g__Bacteroides;s__Bacteroides_cellulosilyticus	k__Bacteria;p__Bacteroidetes;c__Bacteroidia;o__Bacteroidales;f__Rikenellaceae;g__Alistipes;s__Alistipes_obesi	k__Bacteria;p__Firmicutes;c__Clostridia;o__Clostridiales;f__Lachnospiraceae;g__;s__[Eubacterium]_rectale	k__Bacteria;p__Bacteroidetes;c__Bacteroidia;o__Bacteroidales;f__Bacteroidaceae;g__Bacteroides;s__Bacteroides_plebeius	k__Bacteria;p__Bacteroidetes;c__Bacteroidia;o__Bacteroidales;f__Bacteroidaceae;g__Bacteroides;s__Bacteroides_fragilis	k__Bacteria;p__Proteobacteria;c__Betaproteobacteria;o__Burkholderiales;f__Sutterellaceae;g__Sutterella;s__Sutterella_wadsworthensis	k__Bacteria;p__Bacteroidetes;c__Bacteroidia;o__Bacteroidales;f__Porphyromonadaceae;g__Barnesiella;s__Barnesiella_intestinihominis	k__Bacteria;p__Bacteroidetes;c__Bacteroidia;o__Bacteroidales;f__Odoribacteraceae;g__Odoribacter;s__Odoribacter_splanchnicus	k__Bacteria;p__Bacteroidetes;c__Bacteroidia;o__Bacteroidales;f__Bacteroidaceae;g__Bacteroides;s__Bacteroides_salyersiae	k__Bacteria;p__Firmicutes;c__Clostridia;o__Clostridiales;f__Ruminococcaceae;g__Ruminiclostridium;s__[Eubacterium]_siraeum	k__Bacteria;p__Proteobacteria;c__Betaproteobacteria;o__Burkholderiales;f__Sutterellaceae;g__Parasutterella;s__Parasutterella_excrementihominis	k__Bacteria;p__Actinobacteria;c__Actinobacteria;o__Bifidobacteriales;f__Bifidobacteriaceae;g__Bifidobacterium;s__Bifidobacterium_adolescentis	k__Bacteria;p__Firmicutes;c__Clostridia;o__Clostridiales;f__Oscillospiraceae;g__Oscillibacter;s__Oscillibacter_sp._KLE_1745	k__Bacteria;p__Bacteroidetes;c__Bacteroidia;o__Bacteroidales;f__Bacteroidaceae;g__Bacteroides;s__Bacteroides_coprophilus	k__Bacteria;p__Firmicutes;c__Clostridia;o__Clostridiales;f__Lachnospiraceae;g__Roseburia;s__Roseburia_intestinalis	k__Bacteria;p__Firmicutes;c__Clostridia;o__Clostridiales;f__Lachnospiraceae;g__Roseburia;s__Roseburia_hominis	k__Bacteria;p__Bacteroidetes;c__Bacteroidia;o__Bacteroidales;f__Porphyromonadaceae;g__Parabacteroides;s__Parabacteroides_johnsonii	k__Bacteria;p__Actinobacteria;c__Actinobacteria;o__Bifidobacteriales;f__Bifidobacteriaceae;g__Bifidobacterium;s__Bifidobacterium_longum	k__Bacteria;p__Firmicutes;c__Clostridia;o__Clostridiales;f__;g__Flavonifractor;s__Flavonifractor_plautii	k__Bacteria;p__Firmicutes;c__Clostridia;o__Clostridiales;f__Clostridiaceae;g__Clostridium;s__Clostridium_phoceensis	k__Bacteria;p__Verrucomicrobia;c__Verrucomicrobiae;o__Verrucomicrobiales;f__Akkermansiaceae;g__Akkermansia;s__Akkermansia_muciniphila	k__Bacteria;p__Bacteroidetes;c__Bacteroidia;o__Bacteroidales;f__Prevotellaceae;g__Paraprevotella;s__Paraprevotella_xylaniphila	k__Bacteria;p__Firmicutes;c__Clostridia;o__Clostridiales;f__Ruminococcaceae;g__Ruminococcus;s__Ruminococcus_callidus	k__Bacteria;p__Bacteroidetes;c__Bacteroidia;o__Bacteroidales;f__Rikenellaceae;g__Alistipes;s__Alistipes_senegalensis	k__Bacteria;p__Firmicutes;c__Clostridia;o__Clostridiales;f__Lachnospiraceae;g__Blautia;s__Blautia_sp._KLE_1732	k__Bacteria;p__Bacteroidetes;c__Bacteroidia;o__Bacteroidales;f__Bacteroidaceae;g__Bacteroides;s__Bacteroides_oleiciplenus	k__Bacteria;p__Firmicutes;c__Clostridia;o__Clostridiales;f__Ruminococcaceae;g__Ruminococcus;s__Ruminococcus_bicirculans	k__Bacteria;p__Bacteroidetes;c__Bacteroidia;o__Bacteroidales;f__Bacteroidaceae;g__Bacteroides;s__Bacteroides_fluxus	k__Bacteria;p__Bacteroidetes;c__Bacteroidia;o__Bacteroidales;f__Prevotellaceae;g__Prevotella;s__Prevotella_stercorea	k__Bacteria;p__Firmicutes;c__Clostridia;o__Clostridiales;f__Lachnospiraceae;g__Dorea;s__Dorea_longicatena	k__Bacteria;p__Firmicutes;c__Clostridia;o__Clostridiales;f__Eubacteriaceae;g__Eubacterium;s__[Eubacterium]_eligens	k__Bacteria;p__Firmicutes;c__Clostridia;o__Clostridiales;f__Ruminococcaceae;g__;s__Ruminococcaceae_bacterium_D16	k__Bacteria;p__Firmicutes;c__Clostridia;o__Clostridiales;f__Lachnospiraceae;g__Coprococcus;s__Coprococcus_comes	k__Bacteria;p__Proteobacteria;c__Gammaproteobacteria;o__Enterobacterales;f__Enterobacteriaceae;g__Escherichia;s__Escherichia_coli	k__Bacteria;p__Firmicutes;c__Clostridia;o__Clostridiales;f__Ruminococcaceae;g__Anaerotruncus;s__Anaerotruncus_colihominis	k__Bacteria;p__Firmicutes;c__Clostridia;o__Clostridiales;f__Lachnospiraceae;g__Blautia;s__Blautia_obeum	k__Bacteria;p__Bacteroidetes;c__Bacteroidia;o__Bacteroidales;f__Odoribacteraceae;g__Odoribacter;s__Odoribacter_laneus	k__Bacteria;p__Firmicutes;c__Clostridia;o__Clostridiales;f__Ruminococcaceae;g__Ruminiclostridium;s__[Clostridium]_leptum	k__Bacteria;p__Bacteroidetes;c__Bacteroidia;o__Bacteroidales;f__Porphyromonadaceae;g__Parabacteroides;s__Parabacteroides_goldsteinii	k__Bacteria;p__Firmicutes;c__Clostridia;o__Clostridiales;f__Lachnospiraceae;g__Anaerostipes;s__Anaerostipes_hadrus	k__Bacteria;p__Firmicutes;c__Clostridia;o__Clostridiales;f__Ruminococcaceae;g__Ruminococcus;s__Ruminococcus_lactaris	k__Bacteria;p__Firmicutes;c__Clostridia;o__Clostridiales;f__Clostridiaceae;g__Clostridium;s__Clostridium_sp._L2-50	k__Bacteria;p__Firmicutes;c__Clostridia;o__Clostridiales;f__Clostridiaceae;g__Clostridium;s__Clostridium_sp._M62/1	k__Bacteria;p__Firmicutes;c__Clostridia;o__Clostridiales;f__;g__Intestinimonas;s__Intestinimonas_butyriciproducens	k__Bacteria;p__Actinobacteria;c__Actinobacteria;o__Bifidobacteriales;f__Bifidobacteriaceae;g__Bifidobacterium;s__Bifidobacterium_bifidum	k__Bacteria;p__Firmicutes;c__Negativicutes;o__Veillonellales;f__Veillonellaceae;g__Dialister;s__Dialister_invisus	k__Bacteria;p__Bacteroidetes;c__Bacteroidia;o__Bacteroidales;f__Bacteroidaceae;g__Bacteroides;s__Bacteroides_salanitronis
k__Bacteria;p__Bacteroidetes;c__Bacteroidia;o__Bacteroidales;f__Bacteroidaceae;g__Bacteroides;s__Bacteroides_vulgatus	1.0	0.00159000116498	-0.0103238786465	-0.0254118285562	0.0363176420481	-0.0189414306202	-0.0487180518094	-0.04847843094	0.0104653303144	0.0313435240603	-0.00312910260608	0.00280510966276	-0.0528849571591	-0.0957783074812	0.0349863566333	-0.0185480263978	-0.0219375931904	-0.0487993210083	0.00516179626993	-0.022522841648	0.0167646613389	0.0177773891566	0.0161799564937	0.0133847279733	-0.0499994698828	0.0110630252122	0.0488788861174	-0.0546664765623	-0.0260219555813	0.0120754464985	0.00206768835106	0.0136918635907	0.0469792590093	-0.0420030712213	0.00801488368044	-0.000725736109094	-0.0668235753374	-0.107394336963	-0.0155984671785	0.00340796927314	-0.0364042018372	-0.00234700538811	0.0122977522998	0.0380065604823	0.0109776696798	0.0342035742538	0.0230052031929	-0.0238116940625	-0.0246223851407	0.0103715847007	0.0464737533453	0.0256727849594	-0.049738026519	-0.0344028436904	0.0399438668687	0.06960945392	-0.0348294779296	0.0859833950727	-0.0166209274567
k__Bacteria;p__Bacteroidetes;c__Bacteroidia;o__Bacteroidales;f__Bacteroidaceae;g__Bacteroides;s__Bacteroides_uniformis	0.00159000116498	1.0	-0.0079348828231	-0.00877650733296	0.00714056462903	0.0381686262324	0.0023382393993	0.00256145895162	0.00569698019504	-0.0941248027048	-0.0151814359122	0.0143590565199	0.00693701882805	0.0254769139198	0.00456874822632	0.0073048966446	-0.0414054895565	0.00565131950873	0.00526486722983	0.019009986646	-0.0582090657278	-0.000132099381297	-0.000865911246682	0.00470516815126	-0.0695792330442	-0.0336369329526	-0.0252074066996	-0.00438998879546	-0.0370190115619	-0.0291607341134	-0.0326420540258	0.00469749185953	-0.0218850256638	-0.0274137114378	0.0116928559636	0.0382845258721	-0.0296935253779	0.0459746492222	0.00397807810641	0.00321171675709	-0.0309578512153	0.0223989234224	0.000953102968742	-0.0111003572488	0.014364755959	-0.0496128657729	0.0414695111241	0.047613668092	-0.0270522443641	0.0121437022929	0.045193900116	0.00997837340214	-0.000108667201239	-0.0401033371758	-0.00657932390167	-0.0407241264832	-0.0483194878235	0.0322464399366	-0.00177220924437
k__Bacteria;p__Bacteroidetes;c__Bacteroidia;o__Bacteroidales;f__Rikenellaceae;g__Alistipes;s__Alistipes_putredinis	-0.0103238786465	-0.0079348828231	1.0	0.076888846646	0.0899555416815	0.0533745454484	-0.00910563336775	-0.0614034547149	0.0136790063388	0.0186185965625	-0.0145932306912	-0.0237171373712	-0.00522382148371	0.0355810248055	-0.0118941601849	-0.0609234193915	0.0120384142484	-0.0208288949142	0.0253285750225	-0.00981375050447	-0.0811887032664	-0.0211203806472	-0.0197462864731	-0.0174927284689	0.0119070796573	-0.0185480054775	0.00758986220205	0.00382707936423	-0.0226699967501	-0.0679158848673	0.0522576828353	-0.05126840163	0.0102873768981	0.0414781332833	-0.0193844959114	-0.0331689380401	-0.000855326296245	0.0234293705358	0.0381440560674	0.00345652387617	-0.0434038834743	0.0342272618627	0.0227785029474	0.0225586678439	0.0266468244645	-0.0423416772825	-0.030993866624	0.0746924039036	0.0258436532247	0.0056178775469	0.0181835363615	0.0851820466805	-0.0120405825634	0.00673834326976	-0.0213625603767	-0.0396150428642	-0.0462033691872	-0.05893147757	-0.0233451171116
k__Bacteria;p__Bacteroidetes;c__Bacteroidia;o__Bacteroidales;f__Prevotellaceae;g__Prevotella;s__Prevotella_copri	-0.0254118285562	-0.00877650733296	0.076888846646	1.0	-0.0248540678969	0.0411026019939	0.00629651856234	-0.0324115709507	-0.0488085160737	0.0337181683015	-0.0226488397362	0.00370588255143	-0.0253610827685	-0.00352154816765	-0.00251949131741	0.0925817550417	0.0603406250607	0.0132807920095	0.02010587939	0.00168521652235	0.0123724244227	-0.0136639637049	-0.00893766036011	0.0438559166448	-0.0480733815839	-0.0219891064384	-0.0320324084135	-0.0309474961229	-0.0512600212608	0.00957197231766	-0.0299615780647	0.0143273992471	-0.0285100750123	-0.063259786382	-0.026780108455	0.019569224384	-0.0233595585926	0.000867599291546	-0.0645293816335	0.0104352620158	-0.000922084015571	-0.0657290420309	-0.0347389731636	-0.0190412532139	0.0187111865683	-0.0382778279232	0.012671516178	0.00190466686856	0.00916056460332	0.058535810849	0.00104496619331	0.0193317868144	-0.0469025496006	-0.0525610327747	-0.0599749048919	-0.0110861303779	0.0447982125554	-0.0373106047665	-0.00896864159529
k__Bacteria;p__Bacteroidetes;c__Bacteroidia;o__Bacteroidales;f__Bacteroidaceae;g__Bacteroides;s__Bacteroides_stercoris	0.0363176420481	0.00714056462903	0.0899555416815	-0.0248540678969	1.0	-0.0257782664293	0.00263454877633	-0.0278850970043	-0.0188811073581	0.0249477495158	0.0261075621646	-0.0775227809008	-0.0478245650217	-0.0237631793687	0.00507551918465	0.00476655470024	-0.0215925826228	-0.0204521579934	0.021581004427	-0.0307870073336	-0.00140090315486	-0.00168971337089	-0.00457411911814	-0.0543707260465	0.0107686016751	-0.0406327054792	-0.00493193129646	0.0121118665325	0.0166767251776	-0.0442918907022	0.00855311998767	-0.0278884984749	0.0408394321564	-0.0295354973003	0.0372315829635	-0.00167118209045	0.0498035317491	-0.060369974492	-0.0302347390618	-0.016441045826	0.000206987283578	-0.00144064019785	-0.0271191940852	-0.015354564172	0.0423357841619	0.0540408060348	0.0225484085348	0.0294000621513	-0.0269205661685	-0.0314226109533	-0.00740967939991	0.0181484573739	-0.0217712711245	-0.0182836417041	0.00636753036662	0.013315732827	0.0163179620853	-0.0421811835464	-0.0888884685428
k__Bacteria;p__Bacteroidetes;c__Bacteroidia;o__Bacteroidales;f__Bacteroidaceae;g__Bacteroides;s__Bacteroides_ovatus	-0.0189414306202	0.0381686262324	0.0533745454484	0.0411026019939	-0.0257782664293	1.0	-0.0818435707237	-0.00389191200815	-0.0161835000018	-0.0190360265732	-0.062377479992	-0.0316456188128	-0.0441910915419	0.0438034600613	-0.0143574456822	0.0356266305845	-0.0128000213319	-0.00382452897365	0.0565540650183	-0.0116878467655	0.033030910908	0.0221230879781	-0.0540595017418	-0.053301988965	0.0455414859128	0.0236191598999	-0.0375275993199	-0.0285039192096	-0.0423688035097	-0.0383972410423	0.0108997095049	0.0028738802509	0.0404447312135	0.025605850173	-0.012840939945	-0.0290833619725	0.0177345689113	-0.0416583889639	0.0354154066123	0.0339466764332	0.0111042990588	0.0323645522061	-0.0215520127884	-0.058506715868	0.00777702872435	-0.0385537833156	-0.0441914602045	0.0456652948218	-0.0165641083896	0.00378448629016	0.00296609225369	0.00575791636164	-0.00804206698827	0.0102526927941	0.0569514091893	-0.0483470467792	-0.0306328703906	-0.0668125407621	-0.0677692355992
k__Bacteria;p__Bacteroidetes;c__Bacteroidia;o__Bacteroidales;f__Rikenellaceae;g__Alistipes;s__Alistipes_shahii	-0.0487180518094	0.0023382393993	-0.00910563336775	0.00629651856234	0.00263454877633	-0.0818435707237	1.0	-0.018993739489	0.0123808695803	0.00783907063046	-0.0212859693537	-0.0324053287972	0.0135004814016	-0.00890687324363	-0.0333123095719	-0.0376194278751	0.0407635049926	-0.0243503663444	0.0422797200321	-0.0335898468778	0.00925480966174	0.0336400277932	0.0288534062568	0.0204246180495	-0.0176398187205	0.0156014907417	-0.0210918987818	-0.0554417321142	0.0078918891546	0.0756896769378	-0.0243341639858	0.00211215626892	0.0142528790873	0.0181562692626	-0.0564811591419	-0.0464084978595	-0.0131925261452	-0.00332247371666	-0.0459491917984	0.050032623007	-1.05284352692e-05	-0.0462419481451	-0.00771584327775	0.0223049917495	0.00228668023678	0.0547028028024	-0.0088836338591	0.0220754451585	-0.00905246771364	0.00730697455738	-0.0235052455505	-0.00411021171563	0.049056508504	0.0287559123862	-0.0317537136766	-0.040263810158	-0.0320253295106	-0.0388244155382	-0.0445081015055
k__Bacteria;p__Firmicutes;c__Clostridia;o__Clostridiales;f__Ruminococcaceae;g__Faecalibacterium;s__Faecalibacterium_prausnitzii	-0.04847843094	0.00256145895162	-0.0614034547149	-0.0324115709507	-0.0278850970043	-0.00389191200815	-0.018993739489	1.0	-0.0376015446963	0.0208445370063	-0.0493399953629	0.0239739277254	-0.0428964439285	-0.090734486877	0.00683136072625	-0.0285057417252	-0.0378828568373	0.0128088541307	-0.0235613532367	-0.0163356833901	0.0183808038355	-0.0537633335298	0.0345817584346	0.0277681652528	-0.0221479296165	0.00273321657131	0.0128808540597	-0.0632274313696	-0.0100404906	0.00357854483235	0.00876319875106	-0.0705884015578	0.0402633844265	-0.00403057263992	-0.0830465393899	0.0186482918706	-0.0214586649219	0.0351444622245	-0.035317898774	-0.039235904279	0.0397467802515	0.0673246445054	-0.0365722654359	0.00978689128856	0.00483415829099	0.0061485588713	-0.0820332237905	-0.0059992577916	-0.0277481226596	-0.0239850966052	0.014439885069	-0.00109878151554	0.00229353081601	0.0617003557207	-0.0375135178518	-0.0641800835825	0.00921842878613	-0.0385247743193	0.00114758304994
k__Bacteria;p__Bacteroidetes;c__Bacteroidia;o__Bacteroidales;f__Rikenellaceae;g__Alistipes;s__Alistipes_finegoldii	0.0104653303144	0.00569698019504	0.0136790063388	-0.0488085160737	-0.0188811073581	-0.0161835000018	0.0123808695803	-0.0376015446963	1.0	-0.000370249915203	0.0179149640167	-0.0183646722537	-0.0194254596805	0.0367593698288	0.0024523221503	-0.039350257546	-0.0429654154772	-0.0386027817428	-0.0140639054293	-0.018957401487	0.0055133953191	-0.0415571570583	-0.085549063386	-0.00671597537437	0.00455485192465	-0.0302719965305	0.0499315726292	-0.0160676879321	0.0102330455921	-0.0277310936	0.0437034505507	0.0303123918797	-0.0827444767347	0.0199359253374	-0.0165409339447	-0.0225821087622	-0.00773815345584	-0.0390127317587	-0.0235197625989	-0.0326564705451	-0.0292540823231	-0.0173188989138	0.0332797832455	-0.0317227044038	-0.0370499817875	0.0729492258237	0.0311748960283	0.0659254904572	0.0542736961103	-0.0487293957871	-0.0663902280646	-0.0185570195848	-0.00452261157038	0.0217116065312	0.0286193887133	0.00628896660623	-0.0202213528098	0.0556902850198	0.0562634273277
k__Bacteria;p__Bacteroidetes;c__Bacteroidia;o__Bacteroidales;f__Porphyromonadaceae;g__Parabacteroides;s__Parabacteroides_distasonis	0.0313435240603	-0.0941248027048	0.0186185965625	0.0337181683015	0.0249477495158	-0.0190360265732	0.00783907063046	0.0208445370063	-0.000370249915203	1.0	0.045739309171	0.0347768996103	0.0430034330658	-0.0280232467336	0.0101448461461	-0.0245931659781	-0.00760462651504	-0.0656644558172	-0.022654201295	-0.0205667872926	-0.0309959952119	0.0190239272322	-0.0438354416468	-0.0316819260676	0.0153970650564	0.000871201350232	-0.0646570580283	-0.00575781877527	-0.0172088847428	-0.0430736246405	-0.0980159994719	0.00832197967977	-0.0357678784391	0.00321487711888	-0.0124739872705	0.0123425043271	0.0506596771805	0.0384173122701	-0.0213179257097	0.00728480745318	0.000532009197623	0.0156631241659	-0.0153328305156	0.0187796481545	-0.00280783874192	-0.00865207808167	0.00945719136106	-0.00550445900216	0.0361646449119	0.0178745739541	0.0457386872313	-0.0135326450698	0.040737087701	-0.0240523690178	-0.0376434038146	0.0110593917141	0.0134625904336	-0.0400782436987	-0.00952574271039
k__Bacteria;p__Bacteroidetes;c__Bacteroidia;o__Bacteroidales;f__Bacteroidaceae;g__Bacteroides;s__Bacteroides_thetaiotaomicron	-0.00312910260608	-0.0151814359122	-0.0145932306912	-0.0226488397362	0.0261075621646	-0.062377479992	-0.0212859693537	-0.0493399953629	0.0179149640167	0.045739309171	1.0	-0.00658198851525	0.0383550075944	0.0212923588048	-0.067196603015	-0.0149320715512	0.0401112146263	-0.0432154335611	0.00979512799313	-0.00681153304523	-0.0154202093613	0.014071864408	-0.0292797809744	0.00108088595189	-0.00262557373618	-0.0570952490831	-0.0447429683096	0.0302741916233	0.0469220187882	-0.0106957402342	-0.0146631477274	0.0260094533326	-0.0348748263643	-0.0204014260876	0.00829802567328	-0.0431785692848	-0.0576344172535	-0.00489953756537	0.0345939411845	-0.0225586891183	0.0237203804574	0.0135538218032	0.0150464314423	-0.0150566769085	-0.00107964874168	-0.0478494833799	-0.0370947505972	0.0111979936034	0.0294810177002	-0.00146264496838	0.0205730854725	0.0232766456891	-0.0809410331653	-0.0424722214459	0.0153433280803	0.0199762606356	-0.0438084055558	-0.0279997003214	-0.000627797365245
k__Bacteria;p__Bacteroidetes;c__Bacteroidia;o__Bacteroidales;f__Bacteroidaceae;g__Bacteroides;s__Bacteroides_coprocola	0.00280510966276	0.0143590565199	-0.0237171373712	0.00370588255143	-0.0775227809008	-0.0316456188128	-0.0324053287972	0.0239739277254	-0.0183646722537	0.0347768996103	-0.00658198851525	1.0	-0.0213209756322	-0.0129680458275	0.00103844950592	-0.0425530850987	0.0243125878887	-0.022859889815	-0.0401908235571	0.00633456097139	0.0441213562364	-0.0295503301415	-0.0167225054183	0.0342692961064	0.0250323904159	0.00418418786068	-0.0164615939731	-0.0841390471834	0.0793986150593	0.0368231329695	-0.0231205286978	0.00914396625874	0.0135359151719	-0.0408893033897	-0.0229888692484	0.0590285295385	-0.0127618908696	-0.0201844866672	0.0157595008543	0.0399933829267	0.0233553676333	0.021473878615	0.0135336389795	-0.0244535391862	0.0148874528739	-0.0326461482153	-0.00488940297517	-0.0241552021689	-0.0197804543397	0.0166104887448	-0.0334338952998	-0.00563140274497	-0.0219132809897	0.020201433426	-0.117094603971	-0.0311394248754	-0.0509748807686	-0.0968562651941	0.0314087107796
k__Bacteria;p__Bacteroidetes;c__Bacteroidia;o__Bacteroidales;f__Bacteroidaceae;g__Bacteroides;s__Bacteroides_cellulosilyticus	-0.0528849571591	0.00693701882805	-0.00522382148371	-0.0253610827685	-0.0478245650217	-0.0441910915419	0.0135004814016	-0.0428964439285	-0.0194254596805	0.0430034330658	0.0383550075944	-0.0213209756322	1.0	0.00901257544889	0.00307500244493	0.0040905779405	-0.0703492128756	-0.0376570772986	-0.0352548712806	0.0391799026435	-0.0110267721858	0.0383481048385	-0.0660539900503	0.0197049250784	-0.0410484162312	-0.025612295035	-0.0718027330394	-0.0331024105402	0.0143836955451	0.0266801332095	-0.0740699968947	-0.032305636771	-0.0140174513161	-0.025180436543	-0.0417694530649	-0.0723078322186	-0.00141071604524	-0.0170909628101	0.0381398895913	-0.00951755666754	-0.00170153952432	0.0279580253094	-0.0396921694662	0.00632589692863	0.0570866575492	-0.0179652604639	-0.0654781847949	0.0129169257247	-0.0490906643856	-0.00858529263117	-0.0327167082322	-0.0328389314686	0.011495517881	0.0117924869565	-0.0104231793632	-0.00793795340238	0.0753818323732	0.00297059700421	-0.0415606528268
k__Bacteria;p__Bacteroidetes;c__Bacteroidia;o__Bacteroidales;f__Rikenellaceae;g__Alistipes;s__Alistipes_obesi	-0.0957783074812	0.0254769139198	0.0355810248055	-0.00352154816765	-0.0237631793687	0.0438034600613	-0.00890687324363	-0.090734486877	0.0367593698288	-0.0280232467336	0.0212923588048	-0.0129680458275	0.00901257544889	1.0	-0.0240586864979	0.0374576090313	-0.00457573197215	0.037596846577	-0.0101575668887	-0.0101245205021	0.00415934593444	-0.00848959730296	-0.0143193958432	-0.0364167328382	-0.0488515335709	8.50295297977e-05	-0.0314145106871	0.00625242627694	0.0179098739073	0.0131908588378	0.0373635236438	-0.0232630857891	0.0180846356735	-0.0140610699995	0.001739818013	-0.0279294082109	-0.0719051127336	0.0492623181561	0.0233539350265	-0.0303162479875	0.0070148554912	-0.0283292276282	-0.0267861437196	-0.00125804073549	0.00919597301674	-0.0243496922214	-0.00192657061409	0.0479436992552	-0.0582267399675	-0.0260719575277	0.0162464994268	-0.0122910587803	0.0114143093456	0.00467188781227	0.0124229054723	-0.0320487324387	0.0234108494907	-0.0324042102929	-0.00594546780291
k__Bacteria;p__Firmicutes;c__Clostridia;o__Clostridiales;f__Lachnospiraceae;g__;s__[Eubacterium]_rectale	0.0349863566333	0.00456874822632	-0.0118941601849	-0.00251949131741	0.00507551918465	-0.0143574456822	-0.0333123095719	0.00683136072625	0.0024523221503	0.0101448461461	-0.067196603015	0.00103844950592	0.00307500244493	-0.0240586864979	1.0	-0.000849706380124	-0.00703236056218	-0.0226571347879	-0.00243744881227	0.0110797103547	0.00375780121528	0.0436369079165	-0.0323679501713	0.0366497384613	-0.0758814453063	-0.0385142078306	0.0107784752193	-0.0246634022906	-0.0114619537025	-0.0127026326936	0.00570639899983	0.00354676928681	-0.0144801446161	-0.0281914524343	0.0124395339085	0.00372084781763	-0.00969546557506	-0.0096913172169	0.0324133643957	-0.0292578959703	0.0618118074993	-0.0344263393894	-0.0233265832737	0.0100699947096	-0.0539983101779	0.0204564925672	0.0382500432999	0.0595019801842	-0.0152608258531	-0.0244995811883	-0.00762204861912	-0.00556736109248	-0.025155085047	-0.0342883185819	-0.0123801556245	-0.0480124935427	-0.0413737361118	-0.0315264387605	-0.0246399755903
k__Bacteria;p__Bacteroidetes;c__Bacteroidia;o__Bacteroidales;f__Bacteroidaceae;g__Bacteroides;s__Bacteroides_plebeius	-0.0185480263978	0.0073048966446	-0.0609234193915	0.0925817550417	0.00476655470024	0.0356266305845	-0.0376194278751	-0.0285057417252	-0.039350257546	-0.0245931659781	-0.0149320715512	-0.0425530850987	0.0040905779405	0.0374576090313	-0.000849706380124	1.0	-0.00446786972038	-0.00667108606317	-0.0583803080887	-0.0677083324577	-0.0399871521104	0.00106952898669	0.007999504323	-0.0132185899984	0.0101555902937	-0.0173764411293	0.00475177559723	-0.00850804797654	-0.0319242916721	0.00892628377023	-0.0289460346426	-0.0269204277309	-0.0318372639425	0.0153343536702	0.0219671656965	-0.0288854734524	-0.0261363865047	0.0404835376145	-0.00207330988871	-0.0208660200773	-0.0206311486439	0.00303938982928	0.0142557629555	-0.0235433030176	0.0481361737524	-0.00126122274715	0.018695665717	-0.00831788857511	-0.0700142770664	-0.00298285840352	-0.0151943166704	0.0221243760792	-0.0105857049641	-0.045653925172	-0.0115689435606	0.00144959417931	-0.0430023934238	-0.00340916210111	-0.0218004315275
k__Bacteria;p__Bacteroidetes;c__Bacteroidia;o__Bacteroidales;f__Bacteroidaceae;g__Bacteroides;s__Bacteroides_fragilis	-0.0219375931904	-0.0414054895565	0.0120384142484	0.0603406250607	-0.0215925826228	-0.0128000213319	0.0407635049926	-0.0378828568373	-0.0429654154772	-0.00760462651504	0.0401112146263	0.0243125878887	-0.0703492128756	-0.00457573197215	-0.00703236056218	-0.00446786972038	1.0	-0.122092710176	-0.076163908222	0.0213241810548	0.0248864720189	0.00726574408098	-0.0319925711544	-0.00354133994954	-0.0238119150745	-0.0174416902741	0.0171086901817	-0.0285701539777	-0.00138987290161	-0.0574409024157	-0.0323403615875	0.00832233728729	0.0402473351235	0.0242446869699	-0.00699591864986	0.020120445443	-0.0252471483989	-0.0734208588486	-0.0620033317525	-0.0333116578072	-0.0182221099449	0.0711009703876	-0.0424156648377	-0.0117336586569	-0.0416697908646	0.019449609715	-0.0565625879525	0.0277394248206	-0.0372943467495	-0.013328157358	0.0158080595373	0.0561987460005	-0.0348782004294	-0.0166183306118	0.0115094098616	-0.0142799127075	-0.0793086623924	-0.00400572531179	-0.00861351223333
k__Bacteria;p__Proteobacteria;c__Betaproteobacteria;o__Burkholderiales;f__Sutterellaceae;g__Sutterella;s__Sutterella_wadsworthensis	-0.0487993210083	0.00565131950873	-0.0208288949142	0.0132807920095	-0.0204521579934	-0.00382452897365	-0.0243503663444	0.0128088541307	-0.0386027817428	-0.0656644558172	-0.0432154335611	-0.022859889815	-0.0376570772986	0.037596846577	-0.0226571347879	-0.00667108606317	-0.122092710176	1.0	-0.0519288756634	-0.00558053021532	0.0418758297635	-0.00566180638842	-0.0366988463153	0.0161205877967	-0.0172702314905	-0.00653601838504	-0.044180001974	0.00588182112621	0.0286375724185	0.0182009389208	-0.0180695901011	0.0644382652587	-0.0452400482933	-0.0155929270129	0.0434722039129	0.0436474390177	-0.0846981813676	-0.00154381420851	0.0451203798184	-0.0220776772245	0.0084523590103	0.0293603573905	0.0282597453118	-0.0265740687481	0.00383241858094	0.0198041144189	0.0955638693228	-0.0168157407741	-0.0181063008493	-0.0104213356311	-0.0128934676278	0.000559031717745	-0.0180406036282	0.0259019088855	-0.0305074859551	-0.0177404963213	-0.0264046580179	-0.00920342578146	-0.0294801964266
k__Bacteria;p__Bacteroidetes;c__Bacteroidia;o__Bacteroidales;f__Porphyromonadaceae;g__Barnesiella;s__Barnesiella_intestinihominis	0.00516179626993	0.00526486722983	0.0253285750225	0.02010587939	0.021581004427	0.0565540650183	0.0422797200321	-0.0235613532367	-0.0140639054293	-0.022654201295	0.00979512799313	-0.0401908235571	-0.0352548712806	-0.0101575668887	-0.00243744881227	-0.0583803080887	-0.076163908222	-0.0519288756634	1.0	-0.0369829750066	-0.0112505359151	0.0295790194762	0.0135929933335	0.00531705125585	0.00661471666324	-0.0243372013667	0.0314915652255	0.0122839439969	0.0134230307486	-0.00754353913486	-0.0266953969473	0.00964970923589	-0.00303573061412	-0.00285486388835	0.030668734682	-0.016540447733	0.0123537985611	0.005637869597	-0.0251371267526	0.00812471251513	-0.0267173773601	0.0418773106881	0.0198356603109	-0.100948346694	-0.0616169478787	0.00546279903821	-0.0022929363219	-0.0240455555205	0.0516256284761	-0.0390581576395	-0.0144662569855	0.0114171469513	-0.0516226055077	-0.0455640753329	0.000147879036536	-0.0318378079368	-0.0809753602786	0.0082438054141	0.0872898710705
k__Bacteria;p__Bacteroidetes;c__Bacteroidia;o__Bacteroidales;f__Odoribacteraceae;g__Odoribacter;s__Odoribacter_splanchnicus	-0.022522841648	0.019009986646	-0.00981375050447	0.00168521652235	-0.0307870073336	-0.0116878467655	-0.0335898468778	-0.0163356833901	-0.018957401487	-0.0205667872926	-0.00681153304523	0.00633456097139	0.0391799026435	-0.0101245205021	0.0110797103547	-0.0677083324577	0.0213241810548	-0.00558053021532	-0.0369829750066	1.0	-0.0119096909712	-0.0259693725407	-0.0123025178113	0.0212443585943	0.0317992180004	0.0130585772393	0.0305739298134	0.0193264828815	-0.00299886898123	-0.0495373963141	0.00377021100606	-0.0329172303454	0.00279395311512	-0.0119664089741	-0.107613438962	-0.0272951138102	-0.00109910277352	0.0534695940065	-0.0223534753594	-0.019270194035	0.0330683658856	-0.0151656553916	-0.023261410295	0.0585426190804	0.0451048167271	0.0607742285365	-0.0644885916225	-0.0550240126379	-0.0137484519117	0.0318764774381	0.0333158653265	-0.105918223032	-0.0108567033161	-0.00774201966105	-0.0362250645182	-0.00277237986681	-0.00794303310947	0.00863767410333	0.0610102981135
k__Bacteria;p__Bacteroidetes;c__Bacteroidia;o__Bacteroidales;f__Bacteroidaceae;g__Bacteroides;s__Bacteroides_salyersiae	0.0167646613389	-0.0582090657278	-0.0811887032664	0.0123724244227	-0.00140090315486	0.033030910908	0.00925480966174	0.0183808038355	0.0055133953191	-0.0309959952119	-0.0154202093613	0.0441213562364	-0.0110267721858	0.00415934593444	0.00375780121528	-0.0399871521104	0.0248864720189	0.0418758297635	-0.0112505359151	-0.0119096909712	1.0	0.032076458638	0.0150934210145	0.0308388534994	0.0326658538883	-0.00303401738469	0.000650340952052	-0.0423335237887	0.0143373045154	-0.0154666143771	-0.0399260825646	-0.00901241850233	0.0142641010006	0.0523055515896	0.0221779901815	-0.0272232902404	-0.0419602114264	-0.0139313280438	-0.0284618866736	0.00984626986065	-0.00503404996306	-0.0785583383035	-0.0116715831101	0.0116072527848	0.00890934314649	-0.0924427490275	-0.0663641389607	0.0115318722907	-0.00999322275279	-0.00878583893105	-0.063928919699	-0.0108542094597	0.0258351834062	-0.0545014005697	0.0352817561215	-0.0169590754556	-0.019484787981	-0.0155196976797	-0.0403692983077
k__Bacteria;p__Firmicutes;c__Clostridia;o__Clostridiales;f__Ruminococcaceae;g__Ruminiclostridium;s__[Eubacterium]_siraeum	0.0177773891566	-0.000132099381297	-0.0211203806472	-0.0136639637049	-0.00168971337089	0.0221230879781	0.0336400277932	-0.0537633335298	-0.0415571570583	0.0190239272322	0.014071864408	-0.0295503301415	0.0383481048385	-0.00848959730296	0.0436369079165	0.00106952898669	0.00726574408098	-0.00566180638842	0.0295790194762	-0.0259693725407	0.032076458638	1.0	-0.00992378476267	0.00752338483974	0.0123163509991	-0.0163311273878	-0.00669459388296	0.00589579170678	-0.0559313106051	0.0287759944439	-0.0261924106772	-0.045609002741	0.0331336401405	-0.037307352793	-0.0170142329408	-0.00688116146585	0.00348844496977	-0.0147226484137	-0.0565955161751	-0.011207799052	-0.0346552585586	-0.0573864154303	0.00965727184877	0.0232722308492	0.0188366744192	-0.0692743497194	0.0345350150504	-0.0268448550579	-0.0134371373386	-0.00922731785016	-0.048885649748	0.00505596515196	-0.0475983045335	-0.0151252082433	-0.0176999574002	-0.0186573240576	0.0313263968661	-0.0097388173896	0.00140431928888
k__Bacteria;p__Proteobacteria;c__Betaproteobacteria;o__Burkholderiales;f__Sutterellaceae;g__Parasutterella;s__Parasutterella_excrementihominis	0.0161799564937	-0.000865911246682	-0.0197462864731	-0.00893766036011	-0.00457411911814	-0.0540595017418	0.0288534062568	0.0345817584346	-0.085549063386	-0.0438354416468	-0.0292797809744	-0.0167225054183	-0.0660539900503	-0.0143193958432	-0.0323679501713	0.007999504323	-0.0319925711544	-0.0366988463153	0.0135929933335	-0.0123025178113	0.0150934210145	-0.00992378476267	1.0	0.00498453215702	0.0126809903029	-0.0720109711062	0.0467310244528	-0.0151371809429	0.0254211835324	0.0457782041443	-0.0330284858222	0.016251692214	0.026964151976	0.00293032257578	-0.0372323974352	-0.00388801147428	0.0335717349104	0.0827482814264	0.0489444857583	-0.012990204003	-0.0440039530106	-0.0151764365008	0.0243363369019	0.016753815066	-0.0538475537826	-0.0303389145663	-0.0309622080708	-0.0127281265921	-0.103499173516	-0.00307079942626	0.016046598544	-0.0158760149677	0.01867273736	-0.029215579205	-0.0431374928377	-0.031070230919	-0.0416771707871	0.0478790256594	-0.00294935221865
k__Bacteria;p__Actinobacteria;c__Actinobacteria;o__Bifidobacteriales;f__Bifidobacteriaceae;g__Bifidobacterium;s__Bifidobacterium_adolescentis	0.0133847279733	0.00470516815126	-0.0174927284689	0.0438559166448	-0.0543707260465	-0.053301988965	0.0204246180495	0.0277681652528	-0.00671597537437	-0.0316819260676	0.00108088595189	0.0342692961064	0.0197049250784	-0.0364167328382	0.0366497384613	-0.0132185899984	-0.00354133994954	0.0161205877967	0.00531705125585	0.0212443585943	0.0308388534994	0.00752338483974	0.00498453215702	1.0	0.0410864957754	-0.0207954460271	-0.0253616063411	-0.0809509489974	0.0284420575361	0.0228818373607	0.0051567239767	0.00117002625292	0.0615559191434	0.0135588792064	0.00177117829824	0.0117037374733	0.0202173856163	0.037777289035	-0.0334937109974	-0.0176094581053	0.0676622703656	-0.0395002100914	0.0508834010562	-0.0491890267386	0.0345162907506	-0.0628996375477	-0.0648233062599	0.0143831774716	0.0462211856115	-0.0407610012949	-0.074501677049	-0.0102236441815	-0.0760384361706	-0.0657536769916	-0.0135234302427	-0.0306687596868	-0.0705782318897	-0.0251471553787	-0.00892769964402
k__Bacteria;p__Firmicutes;c__Clostridia;o__Clostridiales;f__Oscillospiraceae;g__Oscillibacter;s__Oscillibacter_sp._KLE_1745	-0.0499994698828	-0.0695792330442	0.0119070796573	-0.0480733815839	0.0107686016751	0.0455414859128	-0.0176398187205	-0.0221479296165	0.00455485192466	0.0153970650564	-0.00262557373618	0.0250323904159	-0.0410484162312	-0.0488515335709	-0.0758814453063	0.0101555902937	-0.0238119150745	-0.0172702314905	0.00661471666324	0.0317992180004	0.0326658538883	0.0123163509991	0.0126809903029	0.0410864957754	1.0	-0.00286339274889	-0.00285885782476	0.017614185921	-0.034662058259	-0.0177582557313	-0.0812612078772	-0.0529735679649	0.0166438284516	-0.0424549210243	-0.026104003686	-0.00503497257078	-0.000376740407959	0.0250579780926	-0.0204393965916	0.0266029247867	-0.0195492830655	-0.0682902388811	-0.022451051432	-0.0369388033102	0.0137249282766	0.0202936867053	-0.0354527079586	0.0127355966699	-0.00163040354402	-0.0482030041315	-0.0296776288005	-0.0276738554248	0.0302495692696	-0.0397947355602	0.0419471382121	0.003216948329	-0.0172948050001	0.0386459728893	-0.0246164062407
k__Bacteria;p__Bacteroidetes;c__Bacteroidia;o__Bacteroidales;f__Bacteroidaceae;g__Bacteroides;s__Bacteroides_coprophilus	0.0110630252122	-0.0336369329526	-0.0185480054775	-0.0219891064384	-0.0406327054792	0.0236191598999	0.0156014907417	0.00273321657131	-0.0302719965305	0.000871201350232	-0.0570952490831	0.00418418786068	-0.025612295035	8.50295297977e-05	-0.0385142078306	-0.0173764411293	-0.0174416902741	-0.00653601838504	-0.0243372013667	0.0130585772393	-0.00303401738469	-0.0163311273878	-0.0720109711062	-0.0207954460271	-0.00286339274889	1.0	-0.000535177396592	0.0172170320217	0.00182485803445	-0.0597628285763	0.00714256261913	0.0264781084054	-0.0405240274408	-0.0136849965096	-0.0608075242439	0.0302338590511	-0.0401424203841	0.0365337659906	-0.00938484733049	-0.0529151789639	-0.029609073431	-0.00861439958367	0.0331840492173	0.0280645498877	0.0353374227842	-0.0517683271698	0.000548509089054	-0.0716143167491	-0.0370385058699	-0.0128473217861	-0.0418672570141	0.0509907004036	0.0317918680381	0.0112960656022	0.0085151943924	-0.00811549738588	0.0374361032151	-0.0297522037408	0.0283638507584
k__Bacteria;p__Firmicutes;c__Clostridia;o__Clostridiales;f__Lachnospiraceae;g__Roseburia;s__Roseburia_intestinalis	0.0488788861174	-0.0252074066996	0.00758986220205	-0.0320324084135	-0.00493193129646	-0.0375275993199	-0.0210918987818	0.0128808540597	0.0499315726292	-0.0646570580283	-0.0447429683096	-0.0164615939731	-0.0718027330394	-0.0314145106871	0.0107784752193	0.00475177559723	0.0171086901817	-0.044180001974	0.0314915652255	0.0305739298134	0.000650340952052	-0.00669459388296	0.0467310244528	-0.0253616063411	-0.00285885782476	-0.000535177396592	1.0	-0.00177229513128	-0.0274821400874	-0.0135692458336	0.0176026268442	-0.0286486575657	-0.0114882022876	0.0253093505476	-0.00533794114046	-0.00770113297652	0.019777288205	-0.0263926859941	-0.0570503698566	-0.0278145868102	-0.0364223043569	-0.00814667962379	0.0343081742791	-0.0250683191996	0.0386251439376	0.00829716374509	-0.0086074490616	-0.0640558470128	-0.0311891206335	-0.0354409852123	-0.00012671203534	0.0238368274381	0.068601898782	-0.0511288969376	-0.0147802974805	0.0453997738012	0.0333927380305	-0.0375741099604	-0.00342682740928
k__Bacteria;p__Firmicutes;c__Clostridia;o__Clostridiales;f__Lachnospiraceae;g__Roseburia;s__Roseburia_hominis	-0.0546664765623	-0.00438998879546	0.00382707936423	-0.0309474961229	0.0121118665325	-0.0285039192096	-0.0554417321142	-0.0632274313696	-0.0160676879321	-0.00575781877527	0.0302741916233	-0.0841390471834	-0.0331024105402	0.00625242627694	-0.0246634022906	-0.00850804797654	-0.0285701539777	0.00588182112621	0.0122839439969	0.0193264828815	-0.0423335237887	0.00589579170678	-0.0151371809429	-0.0809509489974	0.017614185921	0.0172170320217	-0.00177229513128	1.0	-0.0429960672127	-0.0150048279209	-0.0275167699705	0.0365618480155	-0.105461521598	0.0474973581592	0.00651587376679	0.0821258367892	0.0666390232397	0.0121738595009	-0.0722298511513	-0.00786007798079	0.000298465922448	0.00597706557554	4.73617595399e-05	0.0548229680276	0.0476347790255	0.00755825214935	-0.0254412255911	-0.0296263748359	0.0444430618514	-0.0792720883762	0.0170509540435	0.0268717648336	0.00621427072275	-0.0124612585251	-0.0238135459733	-0.0144004899752	-0.00673840277302	0.0156379015099	0.0255780143032
k__Bacteria;p__Bacteroidetes;c__Bacteroidia;o__Bacteroidales;f__Porphyromonadaceae;g__Parabacteroides;s__Parabacteroides_johnsonii	-0.0260219555813	-0.0370190115619	-0.0226699967501	-0.0512600212608	0.0166767251776	-0.0423688035097	0.0078918891546	-0.0100404906	0.0102330455921	-0.0172088847428	0.0469220187882	0.0793986150593	0.0143836955451	0.0179098739073	-0.0114619537025	-0.0319242916721	-0.00138987290161	0.0286375724185	0.0134230307486	-0.00299886898123	0.0143373045154	-0.0559313106051	0.0254211835324	0.0284420575361	-0.034662058259	0.00182485803445	-0.0274821400874	-0.0429960672127	1.0	-0.0330281165928	-0.00249473754493	0.0155885124109	0.0269322040388	-0.0274631733632	0.0241926342209	-0.0154267531966	-0.047568066584	-0.0459330892592	0.0314339008501	-0.0465024796141	0.0103732517167	-0.00216861920028	-0.0680058541727	0.010322079066	-0.0460941952849	0.00616110678208	0.00249511596688	0.02398369904	0.0386774862647	0.0286724342646	-0.0522691458746	-0.0499573191975	0.0438091609757	0.00671255713485	-0.0321618776375	-0.000691155875289	0.0254509373672	-0.0188420280281	-0.0672099863897
k__Bacteria;p__Actinobacteria;c__Actinobacteria;o__Bifidobacteriales;f__Bifidobacteriaceae;g__Bifidobacterium;s__Bifidobacterium_longum	0.0120754464985	-0.0291607341134	-0.0679158848673	0.00957197231766	-0.0442918907022	-0.0383972410423	0.0756896769378	0.00357854483235	-0.0277310936	-0.0430736246405	-0.0106957402342	0.0368231329695	0.0266801332095	0.0131908588378	-0.0127026326936	0.00892628377023	-0.0574409024157	0.0182009389208	-0.00754353913486	-0.0495373963141	-0.0154666143771	0.0287759944439	0.0457782041443	0.0228818373607	-0.0177582557313	-0.0597628285763	-0.0135692458336	-0.0150048279209	-0.0330281165928	1.0	-0.0175094330919	0.0071042219948	-0.126796957188	-0.0210437674774	0.0376395297918	-0.0295806809771	0.100332121309	-0.020652944151	-0.0700147086407	0.042174389593	-0.0423323632354	0.0557698856223	-0.0345968598373	-0.0336668064848	0.0533848834823	-0.0151570970563	-0.0355790578322	0.0210674922781	0.0028348590689	-0.0177538507757	0.0389162555017	-0.0504673371134	-0.0199827972461	0.0390055314069	0.0461032922383	-0.0121065909205	0.0211649133639	0.0882830609665	-0.0476978531261
