#taxonomy	k__Bacteria;p__Bacteroidetes;c__Bacteroidia;o__Bacteroidales;f__Bacteroidaceae;g__Bacteroides;s__Bacteroides_vulgatus	k__Bacteria;p__Bacteroidetes;c__Bacteroidia;o__Bacteroidales;f__Bacteroidaceae;g__Bacteroides;s__Bacteroides_uniformis	k__Bacteria;p__Bacteroidetes;c__Bacteroidia;o__Bacteroidales;f__Rikenellaceae;g__Alistipes;s__Alistipes_putredinis	k__Bacteria;p__Bacteroidetes;c__Bacteroidia;o__Bacteroidales;f__Prevotellaceae;g__Prevotella;s__Prevotella_copri	k__Bacteria;p__Bacteroidetes;c__Bacteroidia;o__Bacteroidales;f__Bacteroidaceae;g__Bacteroides;s__Bacteroides_stercoris	k__Bacteria;p__Bacteroidetes;c__Bacteroidia;o__Bacteroidales;f__Bacteroidaceae;g__Bacteroides;s__Bacteroides_ovatus	k__Bacteria;p__Bacteroidetes;c__Bacteroidia;o__Bacteroidales;f__Rikenellaceae;g__Alistipes;s__Alistipes_shahii	k__Bacteria;p__Firmicutes;c__Clostridia;o__Clostridiales;f__Ruminococcaceae;g__Faecalibacterium;s__Faecalibacterium_prausnitzii	k__Bacteria;p__Bacteroidetes;c__Bacteroidia;o__Bacteroidales;f__Rikenellaceae;g__Alistipes;s__Alistipes_finegoldii	k__Bacteria;p__Bacteroidetes;c__Bacteroidia;o__Bacteroidales;f__Porphyromonadaceae;g__Parabacteroides;s__Parabacteroides_distasonis	k__Bacteria;p__Bacteroidetes;c__Bacteroidia;o__Bacteroidales;f__Bacteroidaceae;g__Bacteroides;s__Bacteroides_thetaiotaomicron	k__Bacteria;p__Bacteroidetes;c__Bacteroidia;o__Bacteroidales;f__Bacteroidaceae;g__Bacteroides;s__Bacteroides_coprocola	k__Bacteria;p__Bacteroidetes;c__Bacteroidia;o__Bacteroidales;f__Bacteroidaceae;g__Bacteroides;s__Bacteroides_cellulosilyticus	k__Bacteria;p__Bacteroidetes;c__Bacteroidia;o__Bacteroidales;f__Rikenellaceae;g__Alistipes;s__Alistipes_obesi	k__Bacteria;p__Firmicutes;c__Clostridia;o__Clostridiales;f__Lachnospiraceae;g__;s__[Eubacterium]_rectale	k__Bacteria;p__Bacteroidetes;c__Bacteroidia;o__Bacteroidales;f__Bacteroidaceae;g__Bacteroides;s__Bacteroides_plebeius	k__Bacteria;p__Bacteroidetes;c__Bacteroidia;o__Bacteroidales;f__Bacteroidaceae;g__Bacteroides;s__Bacteroides_fragilis	k__Bacteria;p__Proteobacteria;c__Betaproteobacteria;o__Burkholderiales;f__Sutterellaceae;g__Sutterella;s__Sutterella_wadsworthensis	k__Bacteria;p__Bacteroidetes;c__Bacteroidia;o__Bacteroidales;f__Porphyromonadaceae;g__Barnesiella;s__Barnesiella_intestinihominis	k__Bacteria;p__Bacteroidetes;c__Bacteroidia;o__Bacteroidales;f__Odoribacteraceae;g__Odoribacter;s__Odoribacter_splanchnicus	k__Bacteria;p__Bacteroidetes;c__Bacteroidia;o__Bacteroidales;f__Bacteroidaceae;g__Bacteroides;s__Bacteroides_salyersiae	k__Bacteria;p__Firmicutes;c__Clostridia;o__Clostridiales;f__Ruminococcaceae;g__Ruminiclostridium;s__[Eubacterium]_siraeum	k__Bacteria;p__Proteobacteria;c__Betaproteobacteria;o__Burkholderiales;f__Sutterellaceae;g__Parasutterella;s__Parasutterella_excrementihominis	k__Bacteria;p__Actinobacteria;c__Actinobacteria;o__Bifidobacteriales;f__Bifidobacteriaceae;g__Bifidobacterium;s__Bifidobacterium_adolescentis	k__Bacteria;p__Firmicutes;c__Clostridia;o__Clostridiales;f__Oscillospiraceae;g__Oscillibacter;s__Oscillibacter_sp._KLE_1745	k__Bacteria;p__Bacteroidetes;c__Bacteroidia;o__Bacteroidales;f__Bacteroidaceae;g__Bacteroides;s__Bacteroides_coprophilus	k__Bacteria;p__Firmicutes;c__Clostridia;o__Clostridiales;f__Lachnospiraceae;g__Roseburia;s__Roseburia_intestinalis	k__Bacteria;p__Firmicutes;c__Clostridia;o__Clostridiales;f__Lachnospiraceae;g__Roseburia;s__Roseburia_hominis	k__Bacteria;p__Bacteroidetes;c__Bacteroidia;o__Bacteroidales;f__Porphyromonadaceae;g__Parabacteroides;s__Parabacteroides_johnsonii	k__Bacteria;p__Actinobacteria;c__Actinobacteria;o__Bifidobacteriales;f__Bifidobacteriaceae;g__Bifidobacterium;s__Bifidobacterium_longum	k__Bacteria;p__Firmicutes;c__Clostridia;o__Clostridiales;f__;g__Flavonifractor;s__Flavonifractor_plautii	k__Bacteria;p__Firmicutes;c__Clostridia;o__Clostridiales;f__Clostridiaceae;g__Clostridium;s__Clostridium_phoceensis	k__Bacteria;p__Verrucomicrobia;c__Verrucomicrobiae;o__Verrucomicrobiales;f__Akkermansiaceae;g__Akkermansia;s__Akkermansia_muciniphila	k__Bacteria;p__Bacteroidetes;c__Bacteroidia;o__Bacteroidales;f__Prevotellaceae;g__Paraprevotella;s__Paraprevotella_xylaniphila	k__Bacteria;p__Firmicutes;c__Clostridia;o__Clostridiales;f__Ruminococcaceae;g__Ruminococcus;s__Ruminococcus_callidus	k__Bacteria;p__Bacteroidetes;c__Bacteroidia;o__Bacteroidales;f__Rikenellaceae;g__Alistipes;s__Alistipes_senegalensis	k__Bacteria;p__Firmicutes;c__Clostridia;o__Clostridiales;f__Lachnospiraceae;g__Blautia;s__Blautia_sp._KLE_1732	k__Bacteria;p__Bacteroidetes;c__Bacteroidia;o__Bacteroidales;f__Bacteroidaceae;g__Bacteroides;s__Bacteroides_oleiciplenus	k__Bacteria;p__Firmicutes;c__Clostridia;o__Clostridiales;f__Ruminococcaceae;g__Ruminococcus;s__Ruminococcus_bicirculans	k__Bacteria;p__Bacteroidetes;c__Bacteroidia;o__Bacteroidales;f__Bacteroidaceae;g__Bacteroides;s__Bacteroides_fluxus	k__Bacteria;p__Bacteroidetes;c__Bacteroidia;o__Bacteroidales;f__Prevotellaceae;g__Prevotella;s__Prevotella_stercorea	k__Bacteria;p__Firmicutes;c__Clostridia;o__Clostridiales;f__Lachnospiraceae;g__Dorea;s__Dorea_longicatena	k__Bacteria;p__Firmicutes;c__Clostridia;o__Clostridiales;f__Eubacteriaceae;g__Eubacterium;s__[Eubacterium]_eligens	k__Bacteria;p__Firmicutes;c__Clostridia;o__Clostridiales;f__Ruminococcaceae;g__;s__Ruminococcaceae_bacterium_D16	k__Bacteria;p__Firmicutes;c__Clostridia;o__Clostridiales;f__Lachnospiraceae;g__Coprococcus;s__Coprococcus_comes	k__Bacteria;p__Proteobacteria;c__Gammaproteobacteria;o__Enterobacterales;f__Enterobacteriaceae;g__Escherichia;s__Escherichia_coli	k__Bacteria;p__Firmicutes;c__Clostridia;o__Clostridiales;f__Ruminococcaceae;g__Anaerotruncus;s__Anaerotruncus_colihominis	k__Bacteria;p__Firmicutes;c__Clostridia;o__Clostridiales;f__Lachnospiraceae;g__Blautia;s__Blautia_obeum	k__Bacteria;p__Bacteroidetes;c__Bacteroidia;o__Bacteroidales;f__Odoribacteraceae;g__Odoribacter;s__Odoribacter_laneus	k__Bacteria;p__Firmicutes;c__Clostridia;o__Clostridiales;f__Ruminococcaceae;g__Ruminiclostridium;s__[Clostridium]_leptum	k__Bacteria;p__Bacteroidetes;c__Bacteroidia;o__Bacteroidales;f__Porphyromonadaceae;g__Parabacteroides;s__Parabacteroides_goldsteinii	k__Bacteria;p__Firmicutes;c__Clostridia;o__Clostridiales;f__Lachnospiraceae;g__Anaerostipes;s__Anaerostipes_hadrus	k__Bacteria;p__Firmicutes;c__Clostridia;o__Clostridiales;f__Ruminococcaceae;g__Ruminococcus;s__Ruminococcus_lactaris	k__Bacteria;p__Firmicutes;c__Clostridia;o__Clostridiales;f__Clostridiaceae;g__Clostridium;s__Clostridium_sp._L2-50	k__Bacteria;p__Firmicutes;c__Clostridia;o__Clostridiales;f__Clostridiaceae;g__Clostridium;s__Clostridium_sp._M62/1	k__Bacteria;p__Firmicutes;c__Clostridia;o__Clostridiales;f__;g__Intestinimonas;s__Intestinimonas_butyriciproducens	k__Bacteria;p__Actinobacteria;c__Actinobacteria;o__Bifidobacteriales;f__Bifidobacteriaceae;g__Bifidobacterium;s__Bifidobacterium_bifidum	k__Bacteria;p__Firmicutes;c__Negativicutes;o__Veillonellales;f__Veillonellaceae;g__Dialister;s__Dialister_invisus	k__Bacteria;p__Bacteroidetes;c__Bacteroidia;o__Bacteroidales;f__Bacteroidaceae;g__Bacteroides;s__Bacteroides_salanitronis
k__Bacteria;p__Bacteroidetes;c__Bacteroidia;o__Bacteroidales;f__Bacteroidaceae;g__Bacteroides;s__Bacteroides_vulgatus	1.0	0.0110121869833	-0.00887163888275	-0.0259918065945	0.00883132178867	0.0215078906194	-0.00815988581393	-0.0357869534211	-0.0619300122958	0.0213242475312	-0.0145421639324	-0.0537455099912	-0.0732153062718	0.0558425698234	-0.0431887066002	-0.0534181876323	0.00515377360491	-0.0269610796187	0.0205072906928	0.0670432224723	-0.0345368073337	-0.0131057316201	0.0106175735821	-0.00861498462815	-0.0296698275462	-0.0252661779038	-0.0548265015107	0.0178906506762	-0.0471226093677	0.0591682614099	-0.0137931614295	0.0675218590803	0.0511500827418	-0.0302940423832	-0.0420790098691	0.00636015160372	-0.0339462659934	-0.0333819234233	-0.0343017576961	0.00874733380278	-0.00297272690577	-0.0827606775667	0.0516351031197	0.0223354671859	0.0306823298032	-0.00842144361336	-0.0427269288006	-0.0442861202331	0.0599999377844	-0.0631277673608	0.00987222641336	0.00811038981761	0.0413991840237	-0.078700805866	0.0240538915264	-0.0169580967318	-0.0401728447426	0.00516108512067	0.0140148889148
k__Bacteria;p__Bacteroidetes;c__Bacteroidia;o__Bacteroidales;f__Bacteroidaceae;g__Bacteroides;s__Bacteroides_uniformis	0.0110121869833	1.0	-0.0301683660494	0.0288745105942	0.0235070936474	0.0273413740473	-0.03307031854	0.00599163746987	0.0297499021894	0.00405041350247	-0.0415671310983	0.0155319406222	-0.0273997046721	0.0195175728682	-0.00170645648854	0.040681158135	-0.0899886848143	0.0740675159524	-0.0568309948396	-0.0142093490674	0.053521823502	0.0526725186412	0.00624499831209	-0.0109614788981	0.027813009329	-0.0353596181078	-0.0349676987691	-0.00508694565009	0.0105278866664	-0.0757788392532	-0.0679087111165	0.0354615451145	-0.00992670577761	0.0309253518663	0.00399551062058	0.0244544423531	0.0318334362177	0.0214803832997	-0.0320579895711	0.00348523404543	0.0215247183714	0.0430688168318	-0.040510897172	0.016014637296	0.0835811995079	-0.0535344477823	-0.0677381953977	-0.000231744552299	-0.00182927514419	-0.0534049311851	-0.0659518208886	-0.0393093886009	-0.0320749001518	-0.0398229979372	0.0312705733017	-0.0393441715841	-0.0118843255351	-0.039184066714	-0.016617601616
k__Bacteria;p__Bacteroidetes;c__Bacteroidia;o__Bacteroidales;f__Rikenellaceae;g__Alistipes;s__Alistipes_putredinis	-0.00887163888275	-0.0301683660494	1.0	-0.00651425637425	-0.0296803606248	-0.00514234377486	0.0863241516598	-0.0339009434716	0.0471366225228	-0.0307525407319	0.0353963770117	-0.0220011864402	0.00174086076401	0.0242040131771	-0.00539840928621	-0.013062473444	0.010447785781	-0.0529700332412	0.0217687702722	-0.0662445566356	0.0315726801784	0.0374168687184	0.00623251907598	-0.000370896250874	-0.00273863793241	0.0161338869482	-0.056053125094	0.00494260721111	-0.00667224938022	-0.0462977529097	-0.0038171410204	0.00221302859067	0.0321376208594	0.0466517770306	0.0328731930998	0.073542360651	-0.0573588512897	-0.016722806006	-0.0262023275956	-0.0286562497672	-0.00877024472518	-0.00463987857306	-0.0250786331261	0.0305183668958	-0.0347180642382	-0.032165358566	-0.0514980315207	-0.00468370051224	-0.0783799382913	0.00641343140907	0.0267805610718	-0.0664437243959	-0.0572711040065	-0.0255316455215	-0.00592861199858	0.034101255184	-0.0233626699318	0.013404586225	-0.0414865591587
k__Bacteria;p__Bacteroidetes;c__Bacteroidia;o__Bacteroidales;f__Prevotellaceae;g__Prevotella;s__Prevotella_copri	-0.0259918065945	0.0288745105942	-0.00651425637425	1.0	-0.019941957782	0.00578080792143	-0.0570401567734	0.0360908412263	0.0175411263573	0.0305426082031	-0.00115048586412	0.0221415235935	-0.0443344464351	-0.0239456613561	0.0759584376183	-0.0460173675766	0.030655103195	0.0256349268759	-0.02343388494	0.0184271062434	0.0505769923696	0.000188372478164	0.00831519525258	-0.0129097335288	-0.0589439459264	0.00623088053776	-0.0133240530536	-0.0535533700165	-0.0390069256448	-0.0351926571714	0.0197639607853	0.0256383326883	0.0348218830615	-0.0064496874481	0.0558898069229	0.00553869888263	-0.0049735025631	-0.00600275348381	0.00189314236406	0.0482558065101	-0.0329178375683	-0.00928979981249	-0.0478421229175	-0.05947054917	0.00156986206962	0.0303921216244	0.0309528471925	0.0288321889241	-0.0647677354895	0.00657172260894	0.00896669139123	0.00678184428884	-0.0622602220599	0.010736676436	0.00963382670483	-0.0446239369215	-0.0624212914471	0.00165370498716	0.0546722268165
k__Bacteria;p__Bacteroidetes;c__Bacteroidia;o__Bacteroidales;f__Bacteroidaceae;g__Bacteroides;s__Bacteroides_stercoris	0.00883132178867	0.0235070936474	-0.0296803606248	-0.019941957782	1.0	-0.0259700812815	-0.0348399574252	-0.0257301421255	-0.0573870108656	-0.0191101283049	0.0202358082147	-0.0437789750797	-0.0195314030592	-0.0129220127035	0.0412744039212	-0.00934127505712	-0.0267909668991	-0.0280838191377	0.046960948213	0.0489539580424	0.0116193934081	0.03184661293	-0.00916188805679	-0.0336238023539	0.0277414743859	-0.0528627686919	-0.0168637086991	0.0373441245329	0.0510370717564	-0.00569881130999	-0.0321006812578	-0.0234801160505	-0.00134808158029	0.0191370930631	-0.0292373242459	0.0548456969973	0.00226049645939	0.0136295653497	-0.0667703617427	-0.0293812055668	-0.0152329709984	0.0364266583959	-0.014820036227	-0.0221358306259	0.0212605498528	-0.0323506310592	-0.0155809305034	-0.047056779049	-0.0225219140198	0.0161005467828	0.0255937050691	-0.00147462252263	0.0150086358133	0.0149237894628	-0.0225335368229	0.0131061560029	-0.0264483569647	0.0214107525868	0.053426339781
k__Bacteria;p__Bacteroidetes;c__Bacteroidia;o__Bacteroidales;f__Bacteroidaceae;g__Bacteroides;s__Bacteroides_ovatus	0.0215078906194	0.0273413740473	-0.00514234377486	0.00578080792143	-0.0259700812815	1.0	-0.041334159981	0.0164922660371	-0.0198732645989	-0.0496100104083	-0.0108455828036	0.0199384830425	0.000130725481661	-0.0216868760827	-0.0187165823871	0.0408389330569	-0.0523026705824	0.0219189611252	0.0404050546726	-0.013396231322	0.0412170022532	0.00254662250571	0.0161677189324	0.0504537433312	-0.0109414003363	0.0228310721645	-0.0333574901162	0.00836416253106	-0.018283741064	0.0242353346813	-0.0111984985192	0.0440061544069	0.0102512765799	-0.0602565725318	-0.0210804435351	-0.00171780912683	-0.00900379434084	-0.0387889435391	-0.0434189686035	-0.0215032676439	0.00211424796262	-0.00200653613961	-0.0078963544186	-0.0588656375615	0.059030538283	-0.0196092207929	-0.0397867003215	0.021314003913	0.0169104278709	-0.00830524758057	0.0189141586902	0.00626470670236	0.00215107078702	0.0457158615882	-0.0346124746002	0.0175469597418	0.0166408445827	0.0186993616008	-0.0367390676692
k__Bacteria;p__Bacteroidetes;c__Bacteroidia;o__Bacteroidales;f__Rikenellaceae;g__Alistipes;s__Alistipes_shahii	-0.00815988581393	-0.03307031854	0.0863241516598	-0.0570401567734	-0.0348399574252	-0.041334159981	1.0	-0.00866118103105	0.019533233972	-0.0358732803273	0.00451555911577	0.0139570394053	0.0364030244365	0.0147562232676	0.0187471113228	-0.0967036376301	0.0397318419517	-0.0302055978805	-0.0391709676247	-0.032135837998	0.0622579364735	-0.0248112225442	-0.0107846757504	-0.0516892706023	0.0389733575976	0.0172036460072	-0.0703848010766	0.0325391056999	0.0322108383303	-0.00987099602942	0.0348923944375	0.00973024784513	-0.0594079225929	-0.0354873132513	-0.0167443294142	-0.0335560399363	-0.0105705729911	0.0225874688244	0.0692554186638	-0.0585176081565	-0.0233719462243	0.0292340276248	0.00264729465326	-0.0328511386837	-0.0406529124273	0.0468735467259	0.00315258625142	0.0548845657377	0.00094326995256	0.0349115338162	-0.0182207164619	-0.052587412977	-0.0207983305144	-0.0359272482499	-0.00747000768475	0.0310135777645	0.0531225963171	0.0102006257373	0.0148695740964
k__Bacteria;p__Firmicutes;c__Clostridia;o__Clostridiales;f__Ruminococcaceae;g__Faecalibacterium;s__Faecalibacterium_prausnitzii	-0.0357869534211	0.00599163746987	-0.0339009434716	0.0360908412263	-0.0257301421255	0.0164922660371	-0.00866118103105	1.0	-0.000905573673173	-0.0215986068438	-0.0465717185416	-0.00948700539503	0.0108761265557	0.00675992102408	-0.00640314532918	-0.0727590315291	-0.0214816627981	0.0241498952269	-0.00622518458404	0.0783394343211	-0.0205169935263	-0.0449759691893	0.0157430883095	0.00588103972199	-0.051369878306	-0.0528527954929	-0.0448553280439	8.98484730696e-05	-0.0213288855346	-0.0448234000855	-0.0298208709825	-0.026247069695	-0.00451840917617	-0.0173221780919	0.013200867411	-0.0219773506462	-0.0134465616544	0.00773583462838	-0.0164791592637	0.0264580994621	-0.0379374595356	0.0142014001725	0.0400403513479	-0.0236737952819	-0.0449918489479	-0.0102250477729	-0.0383839444362	0.0512485955343	-0.0437703006088	0.0164527773493	-0.0182938677076	-0.0112755984871	0.0305362264248	-0.0466586262325	0.00372740132626	-0.0312741651503	-0.00258974755357	-0.00102772935106	-0.000731173020481
k__Bacteria;p__Bacteroidetes;c__Bacteroidia;o__Bacteroidales;f__Rikenellaceae;g__Alistipes;s__Alistipes_finegoldii	-0.0619300122958	0.0297499021894	0.0471366225228	0.0175411263573	-0.0573870108656	-0.0198732645989	0.019533233972	-0.000905573673173	1.0	0.0102632198345	-0.0165382518731	-0.0364136666217	0.0123619926254	0.0108703764448	-0.0496705079281	0.000317273535748	0.0269682977731	-0.0404262241908	0.00822271024979	0.00442054169744	-0.0165025380512	-0.00328360508072	-0.0368858615713	0.0145992426355	-0.0397983192111	-0.0141958496431	0.0025881039985	-0.023297057528	-0.00879796027779	0.0563820897714	-0.0708984849075	-0.0148927784988	-0.067656114858	-0.0118128504061	-0.0380049222299	-0.003792959059	-0.0308419010629	0.0712954372706	0.0248280201029	0.0145619229258	0.0207416748221	-0.00901355643036	-0.0150790865628	0.0308763745084	-0.0173117964521	-0.0261727949429	0.0231437374292	0.00579794217908	-0.0150825723435	0.0181955565142	0.00842882047315	-0.0461528453451	0.000329160251898	-0.0342152628219	0.00792775204814	0.0203293586865	0.0265169623895	-0.0378952578637	-0.0224122706102
k__Bacteria;p__Bacteroidetes;c__Bacteroidia;o__Bacteroidales;f__Porphyromonadaceae;g__Parabacteroides;s__Parabacteroides_distasonis	0.0213242475312	0.00405041350247	-0.0307525407319	0.0305426082031	-0.0191101283049	-0.0496100104083	-0.0358732803273	-0.0215986068438	0.0102632198345	1.0	-0.0942651731511	0.0145275457457	-0.0274416528163	0.0836770422031	0.00946730100297	-0.0203795232632	-0.059066156261	0.0411980067256	-0.00883317227658	0.0112764813007	-0.0694540633096	0.0643985389522	-0.0282253868584	-0.0651059169613	-0.037515766053	-0.0421972759875	-0.0592194034948	0.0582414763745	-0.0284257880056	0.0522622626051	-0.0267078528475	-0.00174128896476	-0.0548322659295	-0.0106565834765	-0.0129693871851	0.015647985217	-0.0116767663123	0.0543249340355	-0.000725546041226	-0.026895273762	0.0571660729725	0.0124294904916	-0.0357086005808	0.0708230789901	0.0632801047653	0.0270937815723	-0.0432693826697	-0.0517097808927	-0.0595366789932	0.0621621090774	-0.000535006295582	0.0365925708125	0.00942232727756	0.0246659306541	0.00947843763186	-0.0136326374743	-0.0605358222817	-0.0785692373859	-0.0541515786855
k__Bacteria;p__Bacteroidetes;c__Bacteroidia;o__Bacteroidales;f__Bacteroidaceae;g__Bacteroides;s__Bacteroides_thetaiotaomicron	-0.0145421639324	-0.0415671310983	0.0353963770117	-0.00115048586412	0.0202358082147	-0.0108455828036	0.00451555911577	-0.0465717185416	-0.0165382518731	-0.0942651731511	1.0	-0.0102429279982	-0.00241377279925	-0.0332912533628	0.0286738833769	0.013707443306	-0.0143883300628	0.00381068291165	0.0242694569311	-0.0226987887935	0.0292970122272	-0.0247946508951	-0.0403317437199	-0.00513627985869	0.00495730442407	0.0387614823195	-0.0206450639033	-0.00314068756171	-0.0379533261549	0.0733569494638	0.00894650567166	0.0399049386196	-0.0187092903224	0.00770073418812	-0.0664999899417	-0.0250117441782	-0.0164200612291	0.00522025158381	-0.0143843192861	0.0250302666663	0.0162131712036	0.00779582485401	0.0136969206071	0.0180896769958	0.0287223797749	-0.0171305437407	-0.00059553619207	-0.0842929780503	0.0289577693282	-0.0204590295487	-0.0555187547102	-0.031911604651	-0.027358711568	0.00689436909078	-0.028429375455	0.0371679691619	0.00164547193305	0.0100618454118	-0.0111154692806
k__Bacteria;p__Bacteroidetes;c__Bacteroidia;o__Bacteroidales;f__Bacteroidaceae;g__Bacteroides;s__Bacteroides_coprocola	-0.0537455099912	0.0155319406222	-0.0220011864402	0.0221415235935	-0.0437789750797	0.0199384830425	0.0139570394053	-0.00948700539503	-0.0364136666217	0.0145275457457	-0.0102429279982	1.0	-0.00473151394685	-0.0394819281118	-0.0275856111793	-0.0381735853502	-0.0211084736961	-0.00378403946197	-0.0718283676272	0.000981211290446	-0.0364806298501	-0.0239072695698	-0.0145873078356	-0.0604061431875	0.0547761038793	0.0074163853263	0.0390287203672	-0.0424415390467	-0.0137053187814	0.00819604380303	0.0533941432518	0.0125254401036	-0.0314451587566	-0.0269462357973	-0.0295017541289	0.0240669750053	-0.0309546539315	-0.02391139692	0.000464153620627	-0.0220728853087	-0.00110148278614	0.0210334234826	0.00264871329345	-0.0790370797226	-0.0205408612989	-0.00235591189212	-0.0373899154684	0.00612172203654	-0.0670300516508	0.0309930301641	-0.0315800965589	0.0497598220464	0.0168912353314	-0.00648589833014	0.0206398940434	-0.0170800474538	0.0275334353144	-0.0228772080655	-0.0251022000203
k__Bacteria;p__Bacteroidetes;c__Bacteroidia;o__Bacteroidales;f__Bacteroidaceae;g__Bacteroides;s__Bacteroides_cellulosilyticus	-0.0732153062718	-0.0273997046721	0.00174086076401	-0.0443344464351	-0.0195314030592	0.000130725481661	0.0364030244365	0.0108761265557	0.0123619926254	-0.0274416528163	-0.00241377279925	-0.00473151394685	1.0	-0.0300470993449	-0.0496291591265	-0.0374881887787	-0.0104280919774	-0.00130742669468	0.0543157143187	-0.0135286175143	-0.0539866102226	-0.0111176291938	0.00490414015806	-0.0068892225143	-0.0256108636262	-0.00915240068346	-0.0199817443703	0.0221196378502	-0.0507762729275	0.00278758563243	0.0299391566578	0.0417397818962	0.0591716150168	0.109942091362	0.00754199677345	-0.0460266465056	-0.00761375554687	-0.0170519031686	-0.0388837647643	0.0248783298111	-0.00278174248436	0.027408217859	-0.0316225563965	0.0487012009261	-0.0516598891397	-0.0113517978946	0.0073961478665	0.0180815169163	0.00509428660741	0.0351784530046	-0.010282795894	0.0200425824473	-0.0303326579596	0.000888896796427	0.0156953345964	0.0202072079101	-0.000897144898384	0.00257089152252	0.0279384660727
k__Bacteria;p__Bacteroidetes;c__Bacteroidia;o__Bacteroidales;f__Rikenellaceae;g__Alistipes;s__Alistipes_obesi	0.0558425698234	0.0195175728682	0.0242040131771	-0.0239456613561	-0.0129220127035	-0.0216868760827	0.0147562232676	0.00675992102408	0.0108703764448	0.0836770422031	-0.0332912533628	-0.0394819281118	-0.0300470993449	1.0	-0.00632031275889	-0.00650571595283	0.0156363483822	0.0822836227508	0.0309610158772	-0.0310233306569	0.0365723914956	-0.00199754822704	0.00255293152925	0.00905747752494	-0.0356243715191	-0.0304068963905	-0.101135886158	0.0027062615414	-0.0318855265633	0.0117937285612	-0.0236857929334	-0.00934685522967	0.00826870855415	-0.052597628901	-0.0376116540375	-0.035428053743	-0.0278367589319	0.0677423543157	-0.0173652738363	0.0247674814322	-0.00418905873817	-0.0358309161153	0.0320212313311	-0.0122794614754	-0.0295707961877	-0.0492177271318	0.062410391793	0.048319824717	-0.0231274211569	-0.0285035409124	-0.0417657718169	-0.0302303784748	-0.094238272289	-0.0103822904433	0.0738128545786	-0.0654281704779	-0.0360414302171	0.00965660263566	0.00335944420317
k__Bacteria;p__Firmicutes;c__Clostridia;o__Clostridiales;f__Lachnospiraceae;g__;s__[Eubacterium]_rectale	-0.0431887066002	-0.00170645648854	-0.00539840928621	0.0759584376183	0.0412744039212	-0.0187165823871	0.0187471113228	-0.00640314532918	-0.0496705079281	0.00946730100297	0.0286738833769	-0.0275856111793	-0.0496291591265	-0.00632031275889	1.0	-0.0315161944122	0.00140499405717	0.0277072922077	-0.0134060705492	-0.0395096037228	0.0295990124087	0.00858018402247	0.0294098196236	-0.0102708816747	0.0141425440321	0.0504956652997	-0.000647681988849	-0.0165173790458	-0.0214900734223	-0.0141958391957	-0.027775170551	-0.0159653756193	0.00487759805199	0.00200208990032	0.0105923023675	-0.0323862479973	-0.00107879378555	-0.036839333432	-0.0402609627883	-0.0228056749771	-0.028082819337	-0.00470610981716	0.00052425026395	0.00910125984541	-0.00115110766495	0.0383087245298	-0.00752891967736	-0.00193607031719	-0.0264811941558	0.00479015124981	0.0284755146666	-0.00130756163567	-0.0126983186327	0.00425999294651	0.0041234434468	-0.0368427805039	-0.0676552680182	-0.00609329256251	0.00288952713384
k__Bacteria;p__Bacteroidetes;c__Bacteroidia;o__Bacteroidales;f__Bacteroidaceae;g__Bacteroides;s__Bacteroides_plebeius	-0.0534181876323	0.040681158135	-0.013062473444	-0.0460173675766	-0.00934127505712	0.0408389330569	-0.0967036376301	-0.0727590315291	0.000317273535748	-0.0203795232632	0.013707443306	-0.0381735853502	-0.0374881887787	-0.00650571595283	-0.0315161944122	1.0	-0.0277247100253	-0.00357580526137	0.0660351327841	0.0989950042083	0.00846451414426	0.0274894389354	-0.0157102795758	0.0213299429038	0.0131666586459	0.0556097259083	-0.0247630991745	0.0141236610014	-0.0110629256182	0.0223335198915	0.0516636768627	-0.0289373771232	0.00673212583151	-0.0120323220085	-0.0541427933583	0.0100593491431	-0.0287504457968	-0.000632396254239	0.0308080159027	0.0430039977068	0.0221704282459	-0.0697521624537	0.00387996677977	-0.0566856514125	0.0258052515592	0.0156561572172	-0.0196683645721	-0.026125122262	-0.0140499146928	0.00926492216874	0.0609643319215	-0.0396143278492	0.0021287780817	0.043351839157	0.0325263702247	-0.0374408361832	0.00884730139827	-0.0606317563213	0.00971507560383
k__Bacteria;p__Bacteroidetes;c__Bacteroidia;o__Bacteroidales;f__Bacteroidaceae;g__Bacteroides;s__Bacteroides_fragilis	0.00515377360491	-0.0899886848143	0.010447785781	0.030655103195	-0.0267909668991	-0.0523026705824	0.0397318419517	-0.0214816627981	0.0269682977731	-0.059066156261	-0.0143883300628	-0.0211084736961	-0.0104280919774	0.0156363483822	0.00140499405717	-0.0277247100253	1.0	-0.0175306829127	-0.000552441720104	0.0456823642953	0.00179694552941	-0.0400922325678	-0.0182486716974	-0.00934950858495	-0.0398885961953	-0.00738394629892	0.0221777867718	0.0147302257424	-0.0519127581409	-0.0137230029456	-0.025236929992	0.0160115225647	-0.084504672579	0.0310934206198	-0.0381048579658	0.0705424702194	-0.0652081249875	-0.0138805867531	-0.0338629569537	-0.0144122589582	-0.0659602213315	0.0362144969848	0.0220245636874	0.0434460442601	-0.00474426876288	0.0759786326547	-0.0384654562088	-0.0133724088723	0.00248272307959	0.00226181213303	0.0442125157111	-0.0127343819455	-0.0137710338187	0.0317703032177	-0.00249604437053	0.0176774300394	-0.000633789383033	0.0438204971349	-0.00986640970915
k__Bacteria;p__Proteobacteria;c__Betaproteobacteria;o__Burkholderiales;f__Sutterellaceae;g__Sutterella;s__Sutterella_wadsworthensis	-0.0269610796187	0.0740675159524	-0.0529700332412	0.0256349268759	-0.0280838191377	0.0219189611252	-0.0302055978805	0.0241498952269	-0.0404262241908	0.0411980067256	0.00381068291165	-0.00378403946197	-0.00130742669468	0.0822836227508	0.0277072922077	-0.00357580526137	-0.0175306829127	1.0	0.000709324850662	0.0112896046637	0.0316670098239	-0.0197696121499	0.0165168059147	-0.0235039002793	-0.0366550308251	-0.0526493334507	0.0150163169411	0.00552278254708	0.022584474917	-0.00290106500941	-0.0258271596462	0.0312025947524	-0.0375554928407	-0.0134106168119	-0.0178185108826	-0.0108190515884	-0.0177938818007	-0.000673677995507	-0.0159493744537	0.0382378797851	-0.0188916746398	0.0124682698734	-0.033439917201	-0.0521666475337	0.0224935105558	-0.0191427889204	-0.0448487705248	0.0271676165817	0.00762740668062	0.0255131525025	-0.0120485328267	-0.0565554827271	2.69824208657e-05	-0.00620303876477	-0.0679419603758	0.0285571689305	-0.00253982348638	0.0195479525278	0.0227300177237
k__Bacteria;p__Bacteroidetes;c__Bacteroidia;o__Bacteroidales;f__Porphyromonadaceae;g__Barnesiella;s__Barnesiella_intestinihominis	0.0205072906928	-0.0568309948396	0.0217687702722	-0.02343388494	0.046960948213	0.0404050546726	-0.0391709676247	-0.00622518458404	0.00822271024979	-0.00883317227658	0.0242694569311	-0.0718283676272	0.0543157143187	0.0309610158772	-0.0134060705492	0.0660351327841	-0.000552441720104	0.000709324850662	1.0	-0.0161118496165	-0.0111716730663	-0.00306787128087	0.0245224618358	0.0365372936875	0.0217230883369	-0.0536420209976	-0.0240330634233	-0.0731287187093	0.0024341987034	0.05456892963	0.045508048001	-0.0219893748529	0.000163967250625	-0.0203119047739	-0.0317845516125	-0.0280994464057	-0.064885952169	0.0109020096684	0.00790200712361	-0.00770731737181	0.0148926877795	0.00515621595165	-0.0097633210574	-0.000787892413741	0.0398774789126	0.0278973882877	-0.0555696329205	-0.0446178639617	-0.0667955757885	-0.0425425501524	0.00433748386155	-0.0295775505001	-0.0561839900763	0.035735590799	-0.0302462727064	0.00524520974448	-0.0127548777236	-0.0285595280665	0.034827423219
k__Bacteria;p__Bacteroidetes;c__Bacteroidia;o__Bacteroidales;f__Odoribacteraceae;g__Odoribacter;s__Odoribacter_splanchnicus	0.0670432224723	-0.0142093490674	-0.0662445566356	0.0184271062434	0.0489539580424	-0.013396231322	-0.032135837998	0.0783394343211	0.00442054169744	0.0112764813007	-0.0226987887935	0.000981211290446	-0.0135286175143	-0.0310233306569	-0.0395096037228	0.0989950042083	0.0456823642953	0.0112896046637	-0.0161118496165	1.0	0.0168155390292	0.113854841455	-0.0543345408031	-0.0216117873843	-0.00304300562823	0.0298711237324	0.000956014717953	-0.0122814323677	0.0409068006654	-0.0109305196756	-0.0463796082731	-0.00509968356437	-0.0555827825798	0.0368587134813	-0.00469577665563	0.0207308600029	-0.0345254327025	0.0311773532965	0.0300870270696	-0.0355730951582	-0.0369052785688	-0.0311183736953	-0.0105114914054	0.0400300059855	0.00334362981762	-0.0253968053593	-0.00496900721526	-0.031279482091	0.00480503245087	0.0242523816702	-0.0376186108922	-0.0224655135548	-0.00398916168247	-0.0486580963665	0.00298560683427	0.0245175258497	-0.00521645284961	-0.0463830254275	0.00300143562147
k__Bacteria;p__Bacteroidetes;c__Bacteroidia;o__Bacteroidales;f__Bacteroidaceae;g__Bacteroides;s__Bacteroides_salyersiae	-0.0345368073337	0.053521823502	0.0315726801784	0.0505769923696	0.0116193934081	0.0412170022532	0.0622579364735	-0.0205169935263	-0.0165025380512	-0.0694540633096	0.0292970122272	-0.0364806298501	-0.0539866102226	0.0365723914956	0.0295990124087	0.00846451414426	0.00179694552941	0.0316670098239	-0.0111716730663	0.0168155390292	1.0	-0.0625969230088	0.00144351396694	-0.00200939840702	0.0296448962731	-0.0230510526541	-0.00166707826806	0.052739247056	-0.0322084985936	-0.0329652189751	0.00541727769634	0.0187803813571	0.0353033037076	-0.0186571126441	-0.023612629141	-0.00882672872979	-0.0613804932197	-0.0269687265983	-0.0295844976756	-0.00372154896006	-0.0378766481886	-0.0127023748604	-0.041450885122	0.00911700592005	-0.018627090717	-0.0585952769743	0.0555959653098	0.0191165981776	-0.0308316341328	-0.017541696016	0.046435634823	-0.00599571512812	0.00246384250958	-0.0653318118332	-0.0662043093064	0.0641350541738	-0.0190525540852	0.0520070779816	-0.0402481431039
k__Bacteria;p__Firmicutes;c__Clostridia;o__Clostridiales;f__Ruminococcaceae;g__Ruminiclostridium;s__[Eubacterium]_siraeum	-0.0131057316201	0.0526725186412	0.0374168687184	0.000188372478164	0.03184661293	0.00254662250571	-0.0248112225442	-0.0449759691893	-0.00328360508072	0.0643985389522	-0.0247946508951	-0.0239072695698	-0.0111176291938	-0.00199754822704	0.00858018402247	0.0274894389354	-0.0400922325678	-0.0197696121499	-0.00306787128087	0.113854841455	-0.0625969230088	1.0	-0.0174594297923	-0.0357775127588	-0.0052606526243	-0.0442321695897	-0.0784992723063	-0.00221169375156	-0.0260787555912	0.03907200299	-0.0178084844953	0.0261185102613	0.0664387034455	-0.0194450543109	-0.0336904377938	-0.026787907868	-0.0643652615052	-0.0238571262566	0.00661241764546	0.0316795215246	-0.00962360782763	-0.0173971172296	-0.0389419075626	-0.0538855760251	0.00759671272988	0.0139835194624	0.0155629194403	-0.0414368132909	0.00378323472643	0.0201337408436	-0.0026668176053	0.0244714218916	0.0159661129771	-0.0297572013459	-0.0301164689524	0.0337875878631	0.0259043756865	-0.023376144671	-0.0533399541852
k__Bacteria;p__Proteobacteria;c__Betaproteobacteria;o__Burkholderiales;f__Sutterellaceae;g__Parasutterella;s__Parasutterella_excrementihominis	0.0106175735821	0.00624499831209	0.00623251907598	0.00831519525258	-0.00916188805679	0.0161677189324	-0.0107846757504	0.0157430883095	-0.0368858615713	-0.0282253868584	-0.0403317437199	-0.0145873078356	0.00490414015806	0.00255293152925	0.0294098196236	-0.0157102795758	-0.0182486716974	0.0165168059147	0.0245224618358	-0.0543345408031	0.00144351396694	-0.0174594297923	1.0	-0.0084218197489	0.0477017905038	-0.0253884550196	-0.0260879182773	0.0510197225933	-0.0612984810555	0.0254865259153	0.010715002115	-0.0229403523183	-0.0108122754177	0.0279785352509	-0.0225043470368	-0.0138702321812	0.0128416019728	-0.00276287602139	-0.0371322359835	-0.00748000352384	-0.0654370907089	-0.00518969091209	-0.0111060964312	-0.0519883619233	-0.0540872126294	-0.0203223513851	-0.0376257764837	0.0223420125083	0.0144613051064	-0.0332386526527	0.0194470329076	0.00654131233426	0.0155110393911	0.0550136117156	-0.0543800452779	-0.00178847372997	-0.021437418991	-0.00329706390619	-0.0308032084261
k__Bacteria;p__Actinobacteria;c__Actinobacteria;o__Bifidobacteriales;f__Bifidobacteriaceae;g__Bifidobacterium;s__Bifidobacterium_adolescentis	-0.00861498462815	-0.0109614788981	-0.000370896250874	-0.0129097335288	-0.0336238023539	0.0504537433312	-0.0516892706023	0.00588103972199	0.0145992426355	-0.0651059169613	-0.00513627985869	-0.0604061431875	-0.0068892225143	0.00905747752494	-0.0102708816747	0.0213299429038	-0.00934950858495	-0.0235039002793	0.0365372936875	-0.0216117873843	-0.00200939840702	-0.0357775127588	-0.0084218197489	1.0	-0.00194428421853	-0.0290218329171	0.0160631205266	-0.00921130022563	-0.00338556195403	0.0487969415535	0.00641195324035	0.025176077294	-0.0186416970465	-0.021167930416	-0.0250517016611	0.0168118378307	-0.017768797348	0.00500755632392	0.0126615316654	0.040473746032	0.0419901600858	-0.0456268275076	-0.0286954245717	-0.0467663929138	-0.0327999038126	0.0114665077606	0.00142494506113	-0.0212496661206	-0.036403233453	0.00578476158572	-0.00816288990437	-0.02356144288	-0.046270663956	0.015898809817	-0.0151178338123	0.0100302341282	-0.0230084450635	0.0240627033005	-0.00101316631068
k__Bacteria;p__Firmicutes;c__Clostridia;o__Clostridiales;f__Oscillospiraceae;g__Oscillibacter;s__Oscillibacter_sp._KLE_1745	-0.0296698275462	0.027813009329	-0.00273863793241	-0.0589439459264	0.0277414743859	-0.0109414003363	0.0389733575976	-0.051369878306	-0.0397983192111	-0.037515766053	0.00495730442407	0.0547761038793	-0.0256108636262	-0.0356243715191	0.0141425440321	0.0131666586459	-0.0398885961953	-0.0366550308251	0.0217230883369	-0.00304300562823	0.0296448962731	-0.0052606526243	0.0477017905038	-0.00194428421853	1.0	0.0476913079504	0.0550266594161	0.00536089487413	-0.0469473415104	-0.00985125338696	-0.0219155363961	0.0174645105507	-0.0329694565941	0.0131417922292	0.0274974368777	0.0308682263954	0.0161116764163	-0.0500288839413	-0.0241390354048	0.0209593843981	-0.0403750104712	-0.0315378908825	-0.0252520729836	-0.0352234991502	-0.0721994416709	-0.0379662310683	0.0391175592753	0.0782339510613	-0.0436804530172	-0.0562605575075	-0.000249795885041	0.069125414867	0.0602531810889	-0.043774701866	0.0194443670653	0.0297615079454	-0.0212469002646	-0.0106343955615	0.075655957672
k__Bacteria;p__Bacteroidetes;c__Bacteroidia;o__Bacteroidales;f__Bacteroidaceae;g__Bacteroides;s__Bacteroides_coprophilus	-0.0252661779038	-0.0353596181078	0.0161338869482	0.00623088053776	-0.0528627686919	0.0228310721645	0.0172036460072	-0.0528527954929	-0.0141958496431	-0.0421972759875	0.0387614823195	0.0074163853263	-0.00915240068346	-0.0304068963905	0.0504956652997	0.0556097259083	-0.00738394629892	-0.0526493334507	-0.0536420209976	0.0298711237324	-0.0230510526541	-0.0442321695897	-0.0253884550196	-0.0290218329171	0.0476913079504	1.0	0.0272857256765	0.041458984744	0.00327979771068	-0.0390729516302	-0.037465889894	-0.0265600083585	0.0369433944832	0.0392542775778	-0.0634610276868	0.0117657157427	-0.0153396712621	-0.043238806156	0.0195189467242	-0.0158642972408	0.0273993965734	0.0036292373449	-0.0262265057649	-0.00530866334314	-0.0477831212253	0.00089328714999	0.0182786068643	0.0269538904799	-0.0355586552325	0.0256606434664	-0.0666003097232	0.0557183780861	0.0414322434841	-0.0539238904048	-0.0523826495942	-0.0290051690288	-0.0177786973545	0.0213149156729	0.033411730711
k__Bacteria;p__Firmicutes;c__Clostridia;o__Clostridiales;f__Lachnospiraceae;g__Roseburia;s__Roseburia_intestinalis	-0.0548265015107	-0.0349676987691	-0.056053125094	-0.0133240530536	-0.0168637086991	-0.0333574901162	-0.0703848010766	-0.0448553280439	0.0025881039985	-0.0592194034948	-0.0206450639033	0.0390287203672	-0.0199817443703	-0.101135886158	-0.000647681988849	-0.0247630991745	0.0221777867718	0.0150163169411	-0.0240330634233	0.000956014717953	-0.00166707826806	-0.0784992723063	-0.0260879182773	0.0160631205266	0.0550266594161	0.0272857256765	1.0	0.0080564569444	-0.0286979942143	-0.0635160671637	-0.00826162354444	-0.00296898281116	0.00167919558583	-0.00431340666376	-0.0137199383737	-0.0232271036446	0.00772436675799	-0.0331528293422	0.0421189549369	0.0238158612338	-0.0195132131603	-0.016636519381	0.060837163789	0.00961098308858	-0.031403798056	-0.0172745056323	0.0246540018464	0.0110335947174	0.0541001150253	0.0484206014169	0.0468034875523	-0.0316918822493	0.0186081833369	-0.0173923839953	-0.0346689927148	-0.010043108298	0.0271475121902	0.00256775299838	0.0829050271226
k__Bacteria;p__Firmicutes;c__Clostridia;o__Clostridiales;f__Lachnospiraceae;g__Roseburia;s__Roseburia_hominis	0.0178906506762	-0.00508694565009	0.00494260721111	-0.0535533700165	0.0373441245329	0.00836416253106	0.0325391056999	8.98484730697e-05	-0.023297057528	0.0582414763745	-0.00314068756171	-0.0424415390467	0.0221196378502	0.0027062615414	-0.0165173790458	0.0141236610014	0.0147302257424	0.00552278254708	-0.0731287187093	-0.0122814323677	0.052739247056	-0.00221169375156	0.0510197225933	-0.00921130022563	0.00536089487413	0.041458984744	0.0080564569444	1.0	-0.0203107913152	0.0266575302777	-0.0434170848857	0.0073432173054	0.0374622940825	-0.013178947994	0.0231619783684	-0.0555126167232	0.0127027632297	0.0661174364208	-0.00541661144678	0.0330154522157	-0.0244409667196	-0.102270058805	-0.000292631567115	-0.00692442213811	0.0034596539377	0.0303895703301	0.012711385005	-0.00390070885016	-0.0144974222411	-0.0225747729947	0.0245966429112	0.0895900025459	-0.0224645896346	-0.0477829141558	-0.011120025648	-0.000944594740175	-0.0734462554896	-0.0367111384344	-0.00160868869755
k__Bacteria;p__Bacteroidetes;c__Bacteroidia;o__Bacteroidales;f__Porphyromonadaceae;g__Parabacteroides;s__Parabacteroides_johnsonii	-0.0471226093677	0.0105278866664	-0.00667224938022	-0.0390069256448	0.0510370717564	-0.018283741064	0.0322108383303	-0.0213288855346	-0.00879796027779	-0.0284257880056	-0.0379533261549	-0.0137053187814	-0.0507762729275	-0.0318855265633	-0.0214900734223	-0.0110629256182	-0.0519127581409	0.022584474917	0.0024341987034	0.0409068006654	-0.0322084985936	-0.0260787555912	-0.0612984810555	-0.00338556195403	-0.0469473415104	0.00327979771068	-0.0286979942143	-0.0203107913152	1.0	-0.0926670442423	-0.0171443151286	-0.0272231105469	-0.0137622059358	-0.0214867929837	0.0137310590685	0.0298816165785	0.0656861152204	0.0140731007455	-0.0358020027249	-0.0424181452869	0.0226830124226	0.0473461284603	-0.0534473994648	0.0279725358316	-0.034046435031	-0.0458970414859	-0.000734230713276	0.00372725657519	0.000356697023247	-0.000636942976161	-0.0156890791332	0.0341107247739	-0.0406730684364	-0.00299980232312	0.0243831173077	-0.0378648225611	0.0151958694416	-0.000215978164645	0.0470696338163
k__Bacteria;p__Actinobacteria;c__Actinobacteria;o__Bifidobacteriales;f__Bifidobacteriaceae;g__Bifidobacterium;s__Bifidobacterium_longum	0.0591682614099	-0.0757788392532	-0.0462977529097	-0.0351926571714	-0.00569881130999	0.0242353346813	-0.00987099602942	-0.0448234000855	0.0563820897714	0.0522622626051	0.0733569494638	0.00819604380303	0.00278758563243	0.0117937285612	-0.0141958391957	0.0223335198915	-0.0137230029456	-0.00290106500942	0.05456892963	-0.0109305196756	-0.0329652189751	0.03907200299	0.0254865259153	0.0487969415535	-0.00985125338696	-0.0390729516302	-0.0635160671637	0.0266575302777	-0.0926670442423	1.0	-0.0394341594183	-0.00838517415888	-0.0782602181825	-0.0738726760041	-0.0395114315083	-0.0264593740526	0.0759009939418	-0.0342006661537	0.0380852014784	0.017827364805	0.0268718953007	-0.00769504061828	0.0153301814986	-0.038448477685	0.0257264395915	0.00602401234848	-0.0409760098648	-0.01302731183	0.0083115358799	0.0605605424606	-0.0370826452045	0.0201743021011	0.0226866249022	0.00712288116364	0.0153236266627	-0.0179180414098	-0.0278196685736	-0.0405731073595	0.0248505613996
