#taxonomy	k__Bacteria;p__Bacteroidetes;c__Bacteroidia;o__Bacteroidales;f__Bacteroidaceae;g__Bacteroides;s__Bacteroides_vulgatus	k__Bacteria;p__Bacteroidetes;c__Bacteroidia;o__Bacteroidales;f__Bacteroidaceae;g__Bacteroides;s__Bacteroides_uniformis	k__Bacteria;p__Bacteroidetes;c__Bacteroidia;o__Bacteroidales;f__Rikenellaceae;g__Alistipes;s__Alistipes_putredinis	k__Bacteria;p__Bacteroidetes;c__Bacteroidia;o__Bacteroidales;f__Prevotellaceae;g__Prevotella;s__Prevotella_copri	k__Bacteria;p__Bacteroidetes;c__Bacteroidia;o__Bacteroidales;f__Bacteroidaceae;g__Bacteroides;s__Bacteroides_stercoris	k__Bacteria;p__Bacteroidetes;c__Bacteroidia;o__Bacteroidales;f__Bacteroidaceae;g__Bacteroides;s__Bacteroides_ovatus	k__Bacteria;p__Bacteroidetes;c__Bacteroidia;o__Bacteroidales;f__Rikenellaceae;g__Alistipes;s__Alistipes_shahii	k__Bacteria;p__Firmicutes;c__Clostridia;o__Clostridiales;f__Ruminococcaceae;g__Faecalibacterium;s__Faecalibacterium_prausnitzii	k__Bacteria;p__Bacteroidetes;c__Bacteroidia;o__Bacteroidales;f__Rikenellaceae;g__Alistipes;s__Alistipes_finegoldii	k__Bacteria;p__Bacteroidetes;c__Bacteroidia;o__Bacteroidales;f__Porphyromonadaceae;g__Parabacteroides;s__Parabacteroides_distasonis	k__Bacteria;p__Bacteroidetes;c__Bacteroidia;o__Bacteroidales;f__Bacteroidaceae;g__Bacteroides;s__Bacteroides_thetaiotaomicron	k__Bacteria;p__Bacteroidetes;c__Bacteroidia;o__Bacteroidales;f__Bacteroidaceae;g__Bacteroides;s__Bacteroides_coprocola	k__Bacteria;p__Bacteroidetes;c__Bacteroidia;o__Bacteroidales;f__Bacteroidaceae;g__Bacteroides;s__Bacteroides_cellulosilyticus	k__Bacteria;p__Bacteroidetes;c__Bacteroidia;o__Bacteroidales;f__Rikenellaceae;g__Alistipes;s__Alistipes_obesi	k__Bacteria;p__Firmicutes;c__Clostridia;o__Clostridiales;f__Lachnospiraceae;g__;s__[Eubacterium]_rectale	k__Bacteria;p__Bacteroidetes;c__Bacteroidia;o__Bacteroidales;f__Bacteroidaceae;g__Bacteroides;s__Bacteroides_plebeius	k__Bacteria;p__Bacteroidetes;c__Bacteroidia;o__Bacteroidales;f__Bacteroidaceae;g__Bacteroides;s__Bacteroides_fragilis	k__Bacteria;p__Proteobacteria;c__Betaproteobacteria;o__Burkholderiales;f__Sutterellaceae;g__Sutterella;s__Sutterella_wadsworthensis	k__Bacteria;p__Bacteroidetes;c__Bacteroidia;o__Bacteroidales;f__Porphyromonadaceae;g__Barnesiella;s__Barnesiella_intestinihominis	k__Bacteria;p__Bacteroidetes;c__Bacteroidia;o__Bacteroidales;f__Odoribacteraceae;g__Odoribacter;s__Odoribacter_splanchnicus	k__Bacteria;p__Bacteroidetes;c__Bacteroidia;o__Bacteroidales;f__Bacteroidaceae;g__Bacteroides;s__Bacteroides_salyersiae	k__Bacteria;p__Firmicutes;c__Clostridia;o__Clostridiales;f__Ruminococcaceae;g__Ruminiclostridium;s__[Eubacterium]_siraeum	k__Bacteria;p__Proteobacteria;c__Betaproteobacteria;o__Burkholderiales;f__Sutterellaceae;g__Parasutterella;s__Parasutterella_excrementihominis	k__Bacteria;p__Actinobacteria;c__Actinobacteria;o__Bifidobacteriales;f__Bifidobacteriaceae;g__Bifidobacterium;s__Bifidobacterium_adolescentis	k__Bacteria;p__Firmicutes;c__Clostridia;o__Clostridiales;f__Oscillospiraceae;g__Oscillibacter;s__Oscillibacter_sp._KLE_1745	k__Bacteria;p__Bacteroidetes;c__Bacteroidia;o__Bacteroidales;f__Bacteroidaceae;g__Bacteroides;s__Bacteroides_coprophilus	k__Bacteria;p__Firmicutes;c__Clostridia;o__Clostridiales;f__Lachnospiraceae;g__Roseburia;s__Roseburia_intestinalis	k__Bacteria;p__Firmicutes;c__Clostridia;o__Clostridiales;f__Lachnospiraceae;g__Roseburia;s__Roseburia_hominis	k__Bacteria;p__Bacteroidetes;c__Bacteroidia;o__Bacteroidales;f__Porphyromonadaceae;g__Parabacteroides;s__Parabacteroides_johnsonii	k__Bacteria;p__Actinobacteria;c__Actinobacteria;o__Bifidobacteriales;f__Bifidobacteriaceae;g__Bifidobacterium;s__Bifidobacterium_longum	k__Bacteria;p__Firmicutes;c__Clostridia;o__Clostridiales;f__;g__Flavonifractor;s__Flavonifractor_plautii	k__Bacteria;p__Firmicutes;c__Clostridia;o__Clostridiales;f__Clostridiaceae;g__Clostridium;s__Clostridium_phoceensis	k__Bacteria;p__Verrucomicrobia;c__Verrucomicrobiae;o__Verrucomicrobiales;f__Akkermansiaceae;g__Akkermansia;s__Akkermansia_muciniphila	k__Bacteria;p__Bacteroidetes;c__Bacteroidia;o__Bacteroidales;f__Prevotellaceae;g__Paraprevotella;s__Paraprevotella_xylaniphila	k__Bacteria;p__Firmicutes;c__Clostridia;o__Clostridiales;f__Ruminococcaceae;g__Ruminococcus;s__Ruminococcus_callidus	k__Bacteria;p__Bacteroidetes;c__Bacteroidia;o__Bacteroidales;f__Rikenellaceae;g__Alistipes;s__Alistipes_senegalensis	k__Bacteria;p__Firmicutes;c__Clostridia;o__Clostridiales;f__Lachnospiraceae;g__Blautia;s__Blautia_sp._KLE_1732	k__Bacteria;p__Bacteroidetes;c__Bacteroidia;o__Bacteroidales;f__Bacteroidaceae;g__Bacteroides;s__Bacteroides_oleiciplenus	k__Bacteria;p__Firmicutes;c__Clostridia;o__Clostridiales;f__Ruminococcaceae;g__Ruminococcus;s__Ruminococcus_bicirculans	k__Bacteria;p__Bacteroidetes;c__Bacteroidia;o__Bacteroidales;f__Bacteroidaceae;g__Bacteroides;s__Bacteroides_fluxus	k__Bacteria;p__Bacteroidetes;c__Bacteroidia;o__Bacteroidales;f__Prevotellaceae;g__Prevotella;s__Prevotella_stercorea	k__Bacteria;p__Firmicutes;c__Clostridia;o__Clostridiales;f__Lachnospiraceae;g__Dorea;s__Dorea_longicatena	k__Bacteria;p__Firmicutes;c__Clostridia;o__Clostridiales;f__Eubacteriaceae;g__Eubacterium;s__[Eubacterium]_eligens	k__Bacteria;p__Firmicutes;c__Clostridia;o__Clostridiales;f__Ruminococcaceae;g__;s__Ruminococcaceae_bacterium_D16	k__Bacteria;p__Firmicutes;c__Clostridia;o__Clostridiales;f__Lachnospiraceae;g__Coprococcus;s__Coprococcus_comes	k__Bacteria;p__Proteobacteria;c__Gammaproteobacteria;o__Enterobacterales;f__Enterobacteriaceae;g__Escherichia;s__Escherichia_coli	k__Bacteria;p__Firmicutes;c__Clostridia;o__Clostridiales;f__Ruminococcaceae;g__Anaerotruncus;s__Anaerotruncus_colihominis	k__Bacteria;p__Firmicutes;c__Clostridia;o__Clostridiales;f__Lachnospiraceae;g__Blautia;s__Blautia_obeum	k__Bacteria;p__Bacteroidetes;c__Bacteroidia;o__Bacteroidales;f__Odoribacteraceae;g__Odoribacter;s__Odoribacter_laneus	k__Bacteria;p__Firmicutes;c__Clostridia;o__Clostridiales;f__Ruminococcaceae;g__Ruminiclostridium;s__[Clostridium]_leptum	k__Bacteria;p__Bacteroidetes;c__Bacteroidia;o__Bacteroidales;f__Porphyromonadaceae;g__Parabacteroides;s__Parabacteroides_goldsteinii	k__Bacteria;p__Firmicutes;c__Clostridia;o__Clostridiales;f__Lachnospiraceae;g__Anaerostipes;s__Anaerostipes_hadrus	k__Bacteria;p__Firmicutes;c__Clostridia;o__Clostridiales;f__Ruminococcaceae;g__Ruminococcus;s__Ruminococcus_lactaris	k__Bacteria;p__Firmicutes;c__Clostridia;o__Clostridiales;f__Clostridiaceae;g__Clostridium;s__Clostridium_sp._L2-50	k__Bacteria;p__Firmicutes;c__Clostridia;o__Clostridiales;f__Clostridiaceae;g__Clostridium;s__Clostridium_sp._M62/1	k__Bacteria;p__Firmicutes;c__Clostridia;o__Clostridiales;f__;g__Intestinimonas;s__Intestinimonas_butyriciproducens	k__Bacteria;p__Actinobacteria;c__Actinobacteria;o__Bifidobacteriales;f__Bifidobacteriaceae;g__Bifidobacterium;s__Bifidobacterium_bifidum	k__Bacteria;p__Firmicutes;c__Negativicutes;o__Veillonellales;f__Veillonellaceae;g__Dialister;s__Dialister_invisus	k__Bacteria;p__Bacteroidetes;c__Bacteroidia;o__Bacteroidales;f__Bacteroidaceae;g__Bacteroides;s__Bacteroides_salanitronis
k__Bacteria;p__Bacteroidetes;c__Bacteroidia;o__Bacteroidales;f__Bacteroidaceae;g__Bacteroides;s__Bacteroides_vulgatus	1.0	-0.0261221489177	-0.0672880873303	0.0108065652279	-0.0137210201847	-0.042590674124	0.0349172235886	0.00269488763821	-0.0291289247014	0.0104252064285	-0.00774346250223	-0.0256715168816	-0.0116348712231	-0.0581549870754	0.0482977456181	-0.0500927176477	0.0193127630593	-0.0450147726653	-0.0137836531163	-0.0282825543272	-0.0468567877498	0.00323817366167	0.0188185175072	0.0168125628041	-0.00629365755695	-0.0306147148042	-0.000886182672698	-0.0301685840137	-0.00907016493117	-0.0369953135616	-0.0471953619295	-0.00479629459486	0.03029766509	-0.0100697940532	0.00749628542554	0.0190207857581	-0.010197096741	0.0239969467875	0.00227838066483	0.0186979755772	-0.00540774735741	-0.0378621990159	0.0247772992622	0.0422060709747	0.0631272797306	-0.0223289927722	-0.0451073035291	0.0330930946626	0.00470937465838	-0.00345023571884	-0.0159369508574	-0.000764396453837	-0.0701285518332	-0.0315096658622	0.0175592238658	-0.00781289173591	-0.0213194159152	0.0311949060048	0.00316138291505
k__Bacteria;p__Bacteroidetes;c__Bacteroidia;o__Bacteroidales;f__Bacteroidaceae;g__Bacteroides;s__Bacteroides_uniformis	-0.0261221489177	1.0	0.0522689019622	0.0468886495374	-0.0404208812712	-0.0315026434124	-0.0119491286212	-0.040637713208	-0.0603869628409	0.0238105367017	0.00854154671544	0.0118470331299	-0.05333920404	-0.0585896196669	0.0418261093885	-0.0350801446256	0.0397456152305	0.00742170416622	0.00795899024696	-0.0128709508562	-0.010155452105	0.00445040328179	-0.0130338184098	-0.0653754684026	-0.00839526879332	-0.0250667247804	-0.0263176369894	0.0278499973184	-0.0122240291521	-0.0284691664235	-0.0185461230289	-0.0287529708336	0.0240867356875	0.0277772922405	0.0393691546507	-0.0278210461815	-0.00857381828788	-0.0457282718502	-0.0162839112936	-0.0280763492952	-0.00126915582924	0.000381120208018	0.0140652464257	-0.026733356501	-0.0166434883939	0.0174812582	-0.0037927423641	-0.0208225380156	-0.023430070037	-0.0195908900925	-0.0275079350058	-0.0279733307553	-0.00677949052175	0.0506657223698	0.00469410856733	0.00134664253589	-0.066327276608	0.0467013461344	-0.0404419007692
k__Bacteria;p__Bacteroidetes;c__Bacteroidia;o__Bacteroidales;f__Rikenellaceae;g__Alistipes;s__Alistipes_putredinis	-0.0672880873303	0.0522689019622	1.0	0.0503550041899	-0.0356343173954	0.00935342589183	-0.0162394730527	0.0459967995914	-0.0249604360392	0.0558109432	0.00963928064875	-0.043570104968	-0.000284304900572	0.0395364808357	0.000666164682632	0.0491787964859	0.0115023175501	0.0132934897621	-0.0606167724363	0.0100423477728	-0.0197499505447	-0.0522165065209	0.0259602093777	-0.0468609823058	0.0208771785192	-0.0820314434156	0.0247032714616	-0.043568434708	0.0182273332961	-0.0133615921432	-0.0268256995163	-0.0266098942048	-0.0128312483183	-0.0537177953269	0.0306487102859	0.0613144386627	-0.05807424968	0.0283379677428	-0.0154847634022	-0.00812389211832	-0.0139596352819	-0.0239904408751	-0.0567634475078	-0.0317635334405	-0.0275386452814	0.025979797675	0.0296028226621	-0.071291066554	-0.0336887056592	-0.0214160353584	-0.0403196603876	0.0491449214338	0.056151063103	0.0106896755438	-0.0117023992238	0.0134191639423	-0.00894732849541	-0.0122336107719	-0.0415439267113
k__Bacteria;p__Bacteroidetes;c__Bacteroidia;o__Bacteroidales;f__Prevotellaceae;g__Prevotella;s__Prevotella_copri	0.0108065652279	0.0468886495374	0.0503550041899	1.0	-0.0229482816842	-0.00570307437862	-0.00475164814946	0.0355087214882	0.0329518202716	-0.00460913759247	-0.0224183455725	-0.0074838639854	0.0148686415688	-0.11016684062	-0.0387589288139	-0.00825321529605	-0.0123355138293	0.000882658021054	-0.0481260996699	-0.0199159529393	-0.0614753036025	-0.040972624897	-0.00433824418397	-0.00970945047693	-0.0226618038332	0.0275124242454	-0.0504973079985	0.00973144630395	0.0392907603086	-0.0106828633429	-0.0306616651994	0.0207017797781	-0.0294140135749	-0.0260497114641	-0.046153137646	0.0186352323831	0.00128887322205	0.0313984570919	-0.0659084752648	0.0130988733626	0.0191567651851	-0.0291279011801	0.0312847457738	-0.0161054876542	-0.0344102694173	-0.038647057185	0.0652126609692	0.029958500188	0.0313126372668	-0.0152663189438	-0.00106172519712	0.00302351378225	0.0553014879072	0.0373362244484	-0.0197510294494	0.0184676215628	-0.00513005798922	-0.0335306450201	-0.0550406826194
k__Bacteria;p__Bacteroidetes;c__Bacteroidia;o__Bacteroidales;f__Bacteroidaceae;g__Bacteroides;s__Bacteroides_stercoris	-0.0137210201847	-0.0404208812712	-0.0356343173954	-0.0229482816842	1.0	-0.0190173742913	-0.0245184340757	-0.0315976381716	0.0282203241295	0.0425835150875	-0.000207369518998	-0.0024216576424	0.0300464491667	-0.00986233381929	-0.0545548211771	0.0620371794003	0.00652875195021	0.0104226442548	-0.0227012205426	-0.00920551983481	-0.0512641880622	-0.0421637841358	-0.0116445103184	-0.0254116682264	-0.0367180396574	0.0280365581859	0.0130280603362	-0.0235346111773	0.0327650276319	-0.0161919475108	0.00584844549517	-0.0240277297495	0.0397614242781	-0.0361032201361	-0.0083732889115	-0.0255675667524	0.0366351514436	0.0142178360725	0.0174906302186	0.00700370528156	0.0821982100006	0.0252769109583	-0.0171870480176	0.029202669749	-0.0307027509044	-0.0303664775988	0.00863693960321	0.0140384525877	0.00472130466969	0.000599044399748	0.0144940773689	-0.0219986304631	-0.00187441529289	-0.0122173578243	-0.0381016365254	0.0235347208151	-0.0206102573244	-0.00577121912978	0.000148567412712
k__Bacteria;p__Bacteroidetes;c__Bacteroidia;o__Bacteroidales;f__Bacteroidaceae;g__Bacteroides;s__Bacteroides_ovatus	-0.042590674124	-0.0315026434124	0.00935342589183	-0.00570307437862	-0.0190173742913	1.0	0.0803732983687	-0.00360950338566	0.0572029505301	-0.0105241558821	-0.000604536443412	-0.0737931460454	0.0573532172288	0.0242722324927	0.0302440879697	-0.0314376271156	-0.012218584964	0.0454849301536	0.0164893429513	-0.0103733859312	-0.0362117655767	0.00404153133951	-0.0110259706088	0.0351297467261	-0.013322886899	-0.0353108827742	0.0378440729599	-0.0435732196336	-0.0370596392666	0.00390668638512	-0.0230453351109	0.0245138719103	0.0132318884575	0.0642597918786	-0.0138049523402	0.0411297883847	0.00827208944507	-0.0541041233828	-0.0135836332559	-0.0878722586738	-0.033349766497	-0.0175803730388	-0.0266749829467	-0.0141688624362	0.0655604585197	-0.0258445457326	-0.0202533891244	-0.0334107246662	-0.0490568432524	-0.013324391513	0.0168097703813	-0.0259412994488	-0.0784351663039	-0.00475571033157	-0.00881423059404	0.0122368645629	-0.00247205956437	-0.105431565521	0.0273726505269
k__Bacteria;p__Bacteroidetes;c__Bacteroidia;o__Bacteroidales;f__Rikenellaceae;g__Alistipes;s__Alistipes_shahii	0.0349172235886	-0.0119491286212	-0.0162394730527	-0.00475164814946	-0.0245184340757	0.0803732983687	1.0	0.035608782833	-0.0604107296968	0.00338764030611	-0.00942410356012	-0.0174231852848	0.00589726244056	-0.0627526257206	-0.0208887970341	-0.0147509067845	-0.00145743033568	0.0610860768024	0.0171974262731	-0.0411565876781	0.0244249347713	0.0409621136608	-0.0510689534804	-0.0132612769786	-0.0101824830294	0.0305723970558	-0.0383035883416	-0.0416124781621	0.0247799607012	0.00944470395549	-0.0257235118822	-0.0126706210042	-0.00921821419868	-0.000738311515769	-0.0265522650409	-0.0250363363292	0.0274229675592	-0.00754156125818	0.00193413237892	0.0156978152079	-0.0190559434043	-0.000568639013048	0.0412790442875	0.0288998879241	-0.0501768664869	0.00110683496694	-0.0261917070825	-0.0296172930373	0.0275105796031	-0.059124735834	-0.0266096535287	0.00412763113799	-0.0134602745419	0.013521806009	-0.0163307571372	-0.0221174602992	0.00738815135254	-0.0115515176926	-0.0114904568139
k__Bacteria;p__Firmicutes;c__Clostridia;o__Clostridiales;f__Ruminococcaceae;g__Faecalibacterium;s__Faecalibacterium_prausnitzii	0.00269488763821	-0.040637713208	0.0459967995914	0.0355087214882	-0.0315976381716	-0.00360950338566	0.035608782833	1.0	-0.039397498306	0.022464141301	-0.0302518772327	-0.0129102926312	-0.0286501276521	-0.00332380489674	0.00113723461499	-0.0273184401713	-0.0710998920108	-0.0180270911402	-0.0413749558519	0.0292894676325	-0.0481177367233	0.00190881523777	-0.0513947357738	0.0269106028061	-0.00660534090064	-0.0545829269827	0.0299861883675	-0.0338923117249	0.0390145500436	-0.113284671831	0.00660936204366	-0.0534211742202	0.0227037187542	0.0307482349449	0.00201154281526	-0.115332717202	0.04890450638	0.00293781203911	-0.0278918983323	-0.0630857018618	-0.00903715438541	-0.0062145557949	0.0558491899544	0.0588309231608	-0.00901510542435	0.0172797878266	-0.0727301106922	0.0331138638345	0.0588969407918	-0.00171395917654	0.00464839868645	-0.0814521347631	0.05939427437	-0.0343844656899	-0.00224306427117	0.0344643628885	0.0230916867594	-0.0236683868779	-0.0223371620279
k__Bacteria;p__Bacteroidetes;c__Bacteroidia;o__Bacteroidales;f__Rikenellaceae;g__Alistipes;s__Alistipes_finegoldii	-0.0291289247014	-0.0603869628409	-0.0249604360392	0.0329518202716	0.0282203241295	0.0572029505301	-0.0604107296968	-0.039397498306	1.0	-0.0159440411825	-0.0251114202298	-0.0304771554862	0.019828155876	-0.00735138504038	-0.00377573359744	-0.0307933603498	-0.00738103758625	0.0101240233295	0.00695295144862	0.0250827578362	0.023197450186	-0.0409898518933	0.0424231800036	0.054756255571	0.0200431353542	-0.0289419136535	-0.0143185483685	-0.0114321053061	-0.0316576375579	0.044909113559	0.0413150236098	-0.0257230596113	0.0342288891687	-0.0639193150427	-0.0112573480721	-0.00497881192181	-0.0122101453382	-0.0461183219176	-0.0174430247995	-0.00288171241358	-0.0542351765732	-0.0223940277045	0.0315519781282	-0.00445155042811	0.0376604255913	0.0208025321916	0.0312937929813	-0.0207678951586	-0.0216753252008	0.0683592460412	0.0608844863538	-0.0498520761344	0.0290574775124	-0.0355498609269	-0.0441574170637	0.0243156646421	0.0248773935366	-0.0181307441302	-0.0104554190571
k__Bacteria;p__Bacteroidetes;c__Bacteroidia;o__Bacteroidales;f__Porphyromonadaceae;g__Parabacteroides;s__Parabacteroides_distasonis	0.0104252064285	0.0238105367017	0.0558109432	-0.00460913759247	0.0425835150875	-0.0105241558821	0.00338764030611	0.022464141301	-0.0159440411825	1.0	0.00181813312036	-0.0145523861525	-0.0134267799607	0.0137492400443	0.0589223617918	-0.00875185887928	-0.00657358624228	-0.0274483983339	0.0743417703153	-0.0470049720747	0.0134211237606	-0.0581984727833	-0.0256320983778	-0.0518537283796	-0.0173070472985	-0.0603174002176	0.0183115200307	-0.0443929280585	-0.055619299395	-0.0300862949226	0.0183601790928	0.00299816817134	-0.0566498817389	0.00630841061872	0.0558061680913	-0.010359204302	-0.014661667552	-0.0181082804626	-0.0149383887244	-0.00344600240083	0.0421855872297	-0.00575414958124	-0.0273835917967	-0.00311203740145	-0.0362787590481	0.0278318262737	0.0356658568601	-0.0340592051913	0.0176584065565	-0.0314999796125	0.0324848825162	0.024571153174	0.0548635745566	0.0145015136278	-0.0144317356654	-0.030382165797	-0.0193939618319	-0.0427788737696	-0.0377996851153
k__Bacteria;p__Bacteroidetes;c__Bacteroidia;o__Bacteroidales;f__Bacteroidaceae;g__Bacteroides;s__Bacteroides_thetaiotaomicron	-0.00774346250223	0.00854154671544	0.00963928064875	-0.0224183455725	-0.000207369518998	-0.000604536443412	-0.00942410356012	-0.0302518772327	-0.0251114202298	0.00181813312036	1.0	-0.0569815852405	-0.0353870743861	0.00380254180425	-0.0317775488316	-0.0321013909676	0.0149117011694	-0.043913460945	-0.0646729457744	-0.0173253107937	0.0387306371964	0.0742813170439	0.00642518731319	-0.0292492654886	-0.0177245822992	-0.0506603074936	0.0614037404621	0.0457308790464	-0.0110720193596	0.00334541284098	-0.00817767091544	-0.0229611131276	-0.0261267525076	0.0177803530961	-0.0242976830056	0.0192163637572	0.0247567510205	-4.72007678017e-05	-0.00819725887288	-0.0168719680656	-0.0646806932116	0.0138628148463	-0.0605090857135	0.022685196565	0.103819097347	0.0200794071352	-0.0500718627173	-0.0217989593321	-0.00830034364646	0.0234699016467	-0.0475806763909	-0.0589693729188	0.00489349675578	-0.0166861898094	0.084177127521	-0.0183111882233	0.0412095328376	0.0467640797366	0.0552121983539
k__Bacteria;p__Bacteroidetes;c__Bacteroidia;o__Bacteroidales;f__Bacteroidaceae;g__Bacteroides;s__Bacteroides_coprocola	-0.0256715168816	0.0118470331299	-0.043570104968	-0.0074838639854	-0.0024216576424	-0.0737931460454	-0.0174231852848	-0.0129102926312	-0.0304771554862	-0.0145523861525	-0.0569815852405	1.0	-0.026855321025	0.00474255894618	-0.0220724137071	-0.022295926354	-0.0589163158895	-0.0161364467256	-0.0357301065401	0.0665983342784	0.0150121682054	0.00421589608591	0.00114632671545	0.0598204683739	0.0210437758266	-0.0370181538173	-0.0255577006296	0.0348384964803	0.0461336057682	0.00993473787903	0.0154957615809	-0.0130207808698	-0.0522243802787	-0.0331844019033	-0.038365136928	-0.0214054605177	-0.00227725435003	-0.000801919669574	-0.0190686961808	0.053253118911	-0.0442239493478	-0.00233461109062	0.00581323824429	0.00796430509301	0.00318390628247	-0.00830419749978	-0.0499003526516	-0.00934634501069	0.00231417385207	-0.0302557868765	0.0080661468091	-0.00446629305745	0.0152163245429	0.000727837056315	0.0478918202385	-0.0150265509143	0.0105190023056	0.0210084057547	0.0140787680873
k__Bacteria;p__Bacteroidetes;c__Bacteroidia;o__Bacteroidales;f__Bacteroidaceae;g__Bacteroides;s__Bacteroides_cellulosilyticus	-0.0116348712231	-0.05333920404	-0.000284304900572	0.0148686415688	0.0300464491667	0.0573532172288	0.00589726244056	-0.0286501276521	0.019828155876	-0.0134267799607	-0.0353870743861	-0.026855321025	1.0	-0.018115404614	-0.00610549707414	0.00427582569913	-0.0600768505686	-0.0198572149587	-0.0722210821406	-0.0108880730517	0.0056039395704	0.00556196282041	0.0364298568025	0.00562291033035	0.00984325593373	-0.00952411937208	0.00264757875881	0.0329742295164	0.018179527444	-0.0454058834277	0.0178492153143	-0.0542928573228	-0.0633857435575	0.0556720303127	-0.0553051772658	0.0104115668496	0.0247477461939	0.000871863448977	0.000432923758304	0.0113566472359	-0.0191416267549	-0.0331694702811	0.0068524453626	-0.0196557863327	-0.0405106113837	-0.0326298760934	0.0130652471979	-0.0633279844637	-0.0508392244956	0.0138521996608	0.0319917625208	-0.00506385772826	-0.050599695107	8.54369867049e-05	0.0385346211046	0.0534598485148	-0.0382224980413	-0.00848367830279	0.004741769622
k__Bacteria;p__Bacteroidetes;c__Bacteroidia;o__Bacteroidales;f__Rikenellaceae;g__Alistipes;s__Alistipes_obesi	-0.0581549870754	-0.0585896196669	0.0395364808357	-0.11016684062	-0.00986233381929	0.0242722324927	-0.0627526257206	-0.00332380489674	-0.00735138504038	0.0137492400443	0.00380254180425	0.00474255894618	-0.018115404614	1.0	0.0215980347473	-0.0135856138441	-0.00374162182374	-0.0240626964763	0.0386535853644	0.00508071796772	0.0395199663327	0.00193968204334	0.0168023079992	-0.00639111924805	-0.0267696669216	0.0298346049266	-0.0629413412826	-0.0555322761798	0.0173566483241	0.0309457326994	-0.0349731801799	0.039514340774	-0.0468368574932	0.0130129367011	-0.0522565888511	-0.0274953314614	-0.0118830069763	-0.0322632439917	0.00580430424817	0.0272412832728	0.00884161347246	-0.0228519984461	0.0518028958474	-0.00409773418551	-0.0476411463529	-0.039896187276	0.00356685589355	0.00960231021437	-0.0474058670394	0.057028999352	0.0235004482331	-0.0311966046007	0.033691077934	0.0643392135106	-0.0609701202661	0.0223238639265	0.0232017340921	-0.0728745133918	-0.0473531335554
k__Bacteria;p__Firmicutes;c__Clostridia;o__Clostridiales;f__Lachnospiraceae;g__;s__[Eubacterium]_rectale	0.0482977456181	0.0418261093885	0.000666164682632	-0.0387589288139	-0.0545548211771	0.0302440879697	-0.0208887970341	0.00113723461499	-0.00377573359744	0.0589223617918	-0.0317775488316	-0.0220724137071	-0.00610549707414	0.0215980347473	1.0	0.0420232685582	-0.0171282721617	-0.055949606531	-0.0125729485408	0.0198397995404	-0.0116838453825	-0.061294739998	-0.0348754390634	-0.0384263164823	0.00728698971876	0.0474656164091	0.00687356391944	-0.0211749918998	-0.0213979802783	-0.00937311184446	-0.0171905663005	0.00728434871901	-0.02449938658	-0.0037695206051	-0.0148506431149	0.037599429465	0.0175417378966	0.0342967454051	-0.00131615109495	0.0403808724118	-0.0597989253567	-0.0510540342602	0.00526031198441	-0.0155576108234	0.00205384709952	0.038174387967	-0.0551104559339	-0.0231400889729	-0.035784463563	0.0182747390825	-0.0481732699773	-0.00639510695484	0.0014146979311	-0.0560910887548	-0.00320862714842	0.0460309729262	0.0189379055188	-0.0297733151307	0.0162530333632
k__Bacteria;p__Bacteroidetes;c__Bacteroidia;o__Bacteroidales;f__Bacteroidaceae;g__Bacteroides;s__Bacteroides_plebeius	-0.0500927176477	-0.0350801446256	0.0491787964859	-0.00825321529605	0.0620371794003	-0.0314376271156	-0.0147509067845	-0.0273184401713	-0.0307933603498	-0.00875185887928	-0.0321013909676	-0.022295926354	0.00427582569913	-0.0135856138441	0.0420232685582	1.0	-0.0169596618917	-0.0705669443372	-0.0316980184603	0.00122726823548	-0.0330748082044	-0.0239079382985	-0.0428597165619	-0.019624492258	-0.0219626527182	0.0227995628635	-0.0132524626325	-0.0113976018043	-0.0532760537786	0.0106011902323	0.0510343396873	-0.00433553054207	-0.0326300526146	-0.0452209906632	-0.00321155883151	-0.0405478206678	-0.00962544176785	-0.00260504432152	0.0193977702874	0.00572163267236	-0.018654518294	0.00933767861786	0.0252249550877	0.0216707076292	0.0156739737443	-0.00519680884245	-0.0282730356981	0.0103408706382	-0.0450865325138	-0.0364275066094	0.0322301605601	0.0372204340669	-0.0218203917425	0.071373626624	0.0292206418758	-0.0258970994933	-0.0480958387949	0.0316833711931	-0.0177678388688
k__Bacteria;p__Bacteroidetes;c__Bacteroidia;o__Bacteroidales;f__Bacteroidaceae;g__Bacteroides;s__Bacteroides_fragilis	0.0193127630593	0.0397456152305	0.0115023175501	-0.0123355138293	0.00652875195021	-0.012218584964	-0.00145743033568	-0.0710998920108	-0.00738103758625	-0.00657358624228	0.0149117011694	-0.0589163158895	-0.0600768505686	-0.00374162182374	-0.0171282721617	-0.0169596618917	1.0	-0.0621030809941	0.0621454003947	-0.0310105498765	-0.00958560423817	0.00267770757237	0.00198379530944	0.0860529982597	-0.0195677682708	0.0428789196855	-0.037420007165	-0.0596708702958	0.0037523423029	-0.0188556553741	-0.06022904912	0.00310899962193	0.00879733520001	0.00861207281428	0.014580886593	0.0358161171101	-0.0201894294624	-0.0655229904534	-0.0235081990375	0.0460858732717	0.0324009544981	-0.0418491640597	-0.0280993425263	0.000772529560964	-0.0956455962309	-0.0212610739942	-0.0107732724121	0.0449526835102	-0.0141832217215	0.0132913707483	0.00408339099081	0.00254947024767	-0.0375084436981	0.00774230461692	0.0175194072903	-0.043825264668	-0.00549535522569	-0.0400374892817	0.0329157691567
k__Bacteria;p__Proteobacteria;c__Betaproteobacteria;o__Burkholderiales;f__Sutterellaceae;g__Sutterella;s__Sutterella_wadsworthensis	-0.0450147726653	0.00742170416622	0.0132934897621	0.000882658021054	0.0104226442548	0.0454849301536	0.0610860768024	-0.0180270911402	0.0101240233295	-0.0274483983339	-0.043913460945	-0.0161364467256	-0.0198572149587	-0.0240626964763	-0.055949606531	-0.0705669443372	-0.0621030809941	1.0	0.0021532138889	-0.00549274920275	-0.00548947809155	-0.0268298055278	-0.00755593261062	0.0434915667617	0.00972438103911	-0.0637467725374	-0.00155121204823	-0.0427982078406	0.0685473295479	0.0111259409682	-0.018615346138	-0.00817979462302	0.00319062131092	0.00017095089603	-0.00903585101065	-0.00937908454338	0.0198997885519	-0.0305679948937	-0.00191774057957	0.0180405351113	-0.0523260793893	0.0206565432751	-0.0370941397538	-0.0147363378497	-0.035631590125	0.0028004853042	-0.0515973754893	-0.107460023018	-0.0147072566243	-0.0405708753902	0.0513337668667	-0.0330627611139	0.0483793399282	0.000380154803616	-0.0249775225085	-0.0302409647217	-0.0311779537336	-0.0100117293763	-0.0433273561293
k__Bacteria;p__Bacteroidetes;c__Bacteroidia;o__Bacteroidales;f__Porphyromonadaceae;g__Barnesiella;s__Barnesiella_intestinihominis	-0.0137836531163	0.00795899024696	-0.0606167724363	-0.0481260996699	-0.0227012205426	0.0164893429513	0.0171974262731	-0.0413749558519	0.00695295144862	0.0743417703153	-0.0646729457744	-0.0357301065401	-0.0722210821406	0.0386535853644	-0.0125729485408	-0.0316980184603	0.0621454003947	0.0021532138889	1.0	-0.0226375621152	0.0324748273279	0.0354215358487	0.00655129682626	0.0704656184426	0.0570080955997	-0.0811059096969	-0.0067389055768	-0.0244989003031	0.0208571881841	0.0183681865701	0.00285629263416	0.00612076947733	0.0121730330737	0.0199988898868	0.0463528681901	0.0155100812235	0.029482848553	0.0397470816812	-0.00212574934436	-0.0166938960893	0.0121648745445	-0.00200567434018	-0.00810533888015	0.0201189502871	-0.0850590123993	0.00335231916155	0.0312973795027	-0.0648028993002	-0.0346597129331	0.0102015788329	-0.0665051949887	-0.0723573705392	-0.0524156224593	-0.0327724347823	-0.0266759717597	0.000958907837206	0.00672468174793	0.0375183384062	0.0278694202698
k__Bacteria;p__Bacteroidetes;c__Bacteroidia;o__Bacteroidales;f__Odoribacteraceae;g__Odoribacter;s__Odoribacter_splanchnicus	-0.0282825543272	-0.0128709508562	0.0100423477728	-0.0199159529393	-0.00920551983481	-0.0103733859312	-0.0411565876781	0.0292894676325	0.0250827578362	-0.0470049720747	-0.0173253107937	0.0665983342784	-0.0108880730517	0.00508071796772	0.0198397995404	0.00122726823548	-0.0310105498765	-0.00549274920275	-0.0226375621152	1.0	-0.0390410429172	-0.013110221037	-0.0213334256792	-0.0320342995454	-0.064821902837	-0.052867177261	0.0200737179782	-0.00907818933545	-0.00437499701652	-0.001189689611	-0.0237362722844	0.00449754903189	-0.0753397504805	0.0604916790285	0.0123695626741	-0.0483780784887	-0.00712835171586	-0.075756990471	0.0391690078888	0.0393391788317	0.0375719682724	-0.0401591151502	-0.000546564929895	0.016838134604	0.0616589554589	0.00927405192665	0.0311464864365	-0.0314642287541	-0.0207696354412	-0.0447895243645	-0.0108699662475	0.0158251951072	-0.00998971955283	0.045339161081	0.00875020478312	0.0218655595675	0.00504341332281	0.0235249910126	0.0376656651314
k__Bacteria;p__Bacteroidetes;c__Bacteroidia;o__Bacteroidales;f__Bacteroidaceae;g__Bacteroides;s__Bacteroides_salyersiae	-0.0468567877498	-0.010155452105	-0.0197499505447	-0.0614753036025	-0.0512641880622	-0.0362117655767	0.0244249347713	-0.0481177367233	0.023197450186	0.0134211237606	0.0387306371964	0.0150121682054	0.0056039395704	0.0395199663327	-0.0116838453825	-0.0330748082044	-0.00958560423817	-0.00548947809155	0.0324748273279	-0.0390410429172	1.0	0.0128313764847	-0.0147853038488	0.00681660406724	0.0186543988045	0.0079975422533	-0.0277577295921	0.000147020498159	0.00350027492397	-0.00508225216326	-0.0127381353403	0.0170743091314	-0.0333542324958	0.0182807317007	-0.0254029077026	-0.0277490915169	-0.0343952777534	-0.0779260163556	-0.0404612486772	-0.0159880468608	-0.0150127170227	0.00812425283093	-0.0459023259659	-0.022861201126	-0.00645886346922	-0.011952428633	0.0135362338908	-0.0271014987828	0.00849096571644	-0.0306658767326	-0.0302752354884	-0.00502338828413	0.0493630802604	0.00229981496834	-0.0435933331142	-0.0278931614238	0.00893909618617	0.010370441034	-0.0351072918319
k__Bacteria;p__Firmicutes;c__Clostridia;o__Clostridiales;f__Ruminococcaceae;g__Ruminiclostridium;s__[Eubacterium]_siraeum	0.00323817366167	0.00445040328179	-0.0522165065209	-0.040972624897	-0.0421637841358	0.00404153133951	0.0409621136608	0.00190881523777	-0.0409898518933	-0.0581984727833	0.0742813170439	0.00421589608591	0.00556196282041	0.00193968204334	-0.061294739998	-0.0239079382985	0.00267770757237	-0.0268298055278	0.0354215358487	-0.013110221037	0.0128313764847	1.0	-0.103258906397	0.0606430221461	-0.0412779198246	0.0286401321734	-0.0447152509288	0.0330688270129	0.00507206011185	-0.00928365891575	0.00605864202897	0.026462789601	-0.0120414325747	-0.00242993552978	-0.02081740532	0.0186067056254	-0.00528613349729	0.0339715785835	-0.0336052485741	-0.0019060465022	-0.0450248400539	0.0493758856426	-0.0226411445005	0.0206582567308	0.0266559945298	-0.0331044922463	-0.0691416708986	-0.0174943970935	0.00321223035459	-0.0231617798795	-0.0385098812818	0.0239263506032	-0.0152333159242	0.00375574160186	0.0290217612194	0.0545579727811	0.0172686822734	-0.038237566245	0.020724745052
k__Bacteria;p__Proteobacteria;c__Betaproteobacteria;o__Burkholderiales;f__Sutterellaceae;g__Parasutterella;s__Parasutterella_excrementihominis	0.0188185175072	-0.0130338184098	0.0259602093777	-0.00433824418397	-0.0116445103184	-0.0110259706088	-0.0510689534804	-0.0513947357738	0.0424231800036	-0.0256320983778	0.00642518731319	0.00114632671545	0.0364298568025	0.0168023079992	-0.0348754390634	-0.0428597165619	0.00198379530944	-0.00755593261062	0.00655129682626	-0.0213334256792	-0.0147853038488	-0.103258906397	1.0	-0.0386895688752	0.0789365133245	-0.0175960282335	0.00969232224907	0.0052339999135	0.00647359779547	-0.0598542550555	0.000852425484022	-0.0246389292191	0.0375199498647	-0.0205127965774	-0.0591601349585	0.0567350165436	-0.0265482436446	-0.0120095276417	-0.00529711959363	0.028101663362	-0.0450966127055	-0.025877206696	-0.0251354364654	-0.0892491851201	-0.0932883475017	0.00491824496036	0.0270333383358	-0.051342425885	-0.0130336391348	-0.0248181010833	0.0228510120358	0.0362921215301	0.0478260949462	0.0159424017803	0.0143793830877	0.016478752432	0.0213539684935	-0.013101304767	0.0574866951978
k__Bacteria;p__Actinobacteria;c__Actinobacteria;o__Bifidobacteriales;f__Bifidobacteriaceae;g__Bifidobacterium;s__Bifidobacterium_adolescentis	0.0168125628041	-0.0653754684026	-0.0468609823058	-0.00970945047693	-0.0254116682264	0.0351297467261	-0.0132612769786	0.0269106028061	0.054756255571	-0.0518537283796	-0.0292492654886	0.0598204683739	0.00562291033035	-0.00639111924805	-0.0384263164823	-0.019624492258	0.0860529982597	0.0434915667617	0.0704656184426	-0.0320342995454	0.00681660406724	0.0606430221461	-0.0386895688752	1.0	-0.00211342096124	-0.0172727761221	0.00182308408319	0.00524413173961	-0.0202263364335	-0.00849360203011	-0.00249248284911	-0.0558300447568	-0.0385147277383	-0.0313294757241	0.0110744326021	0.00835913958925	0.012920884737	0.0272952084818	0.0125299440685	-0.0164080864807	0.0125290755537	0.0123329152936	-0.000153220674933	-0.00424034784493	-0.0333142093861	-0.0345576517607	-0.0446435612027	-0.0184857108004	-0.0466179267827	0.0215508225617	-0.0291534725987	0.0121803047742	-0.0681623209078	-0.040329861478	-0.0134051667464	-0.0180187454506	-0.0476643162313	-0.024531379796	-0.0174009396227
k__Bacteria;p__Firmicutes;c__Clostridia;o__Clostridiales;f__Oscillospiraceae;g__Oscillibacter;s__Oscillibacter_sp._KLE_1745	-0.00629365755695	-0.00839526879332	0.0208771785192	-0.0226618038332	-0.0367180396574	-0.013322886899	-0.0101824830294	-0.00660534090064	0.0200431353542	-0.0173070472985	-0.0177245822992	0.0210437758266	0.00984325593373	-0.0267696669216	0.00728698971876	-0.0219626527182	-0.0195677682708	0.00972438103911	0.0570080955997	-0.064821902837	0.0186543988045	-0.0412779198246	0.0789365133245	-0.00211342096124	1.0	-0.0145012649938	-0.0376882720246	0.00485567180647	-0.0451960962994	-0.0517635658864	0.00831957940525	0.00403567184795	0.0590160778716	0.0323866831806	-0.0216727648749	0.0644444692586	-6.17861329283e-05	0.0246748070938	0.0501983165032	-0.0171724660289	0.00261638436287	-0.016151518151	-0.0449865787658	-0.00921809396631	-0.0534811842547	-0.0470314229586	-0.0391127179742	-0.00103393785387	0.0648954375997	0.0452791621362	0.0193112470812	-0.0741495575957	-0.00665771676424	-0.0263445240382	0.00329564589643	0.0170122283471	-0.0557375479209	-0.0528485082827	0.0295141794742
k__Bacteria;p__Bacteroidetes;c__Bacteroidia;o__Bacteroidales;f__Bacteroidaceae;g__Bacteroides;s__Bacteroides_coprophilus	-0.0306147148042	-0.0250667247804	-0.0820314434156	0.0275124242454	0.0280365581859	-0.0353108827742	0.0305723970558	-0.0545829269827	-0.0289419136535	-0.0603174002176	-0.0506603074936	-0.0370181538173	-0.00952411937208	0.0298346049266	0.0474656164091	0.0227995628635	0.0428789196855	-0.0637467725374	-0.0811059096969	-0.052867177261	0.0079975422533	0.0286401321734	-0.0175960282335	-0.0172727761221	-0.0145012649938	1.0	-0.0302407328548	-0.0722681581743	0.0324238250648	0.025081876138	-0.0600692793632	-0.0145900571875	-0.0120832427917	0.0475621891129	-0.0585561994574	-0.00501652763963	-0.0510462149744	0.00802573879818	-0.0508357833062	-0.00934392521204	-0.0342955415587	-0.0275945953113	0.028804852028	-0.026898386704	0.0920828823122	0.029289074545	0.0271533852186	0.00525150002274	0.00737891370177	-0.0113046950721	-0.0178022017471	0.0414550050962	0.05524082341	-0.0375138753133	0.0187373011334	-0.0852252634313	-0.00237699378333	-0.0692864671793	0.028617595227
k__Bacteria;p__Firmicutes;c__Clostridia;o__Clostridiales;f__Lachnospiraceae;g__Roseburia;s__Roseburia_intestinalis	-0.000886182672698	-0.0263176369894	0.0247032714616	-0.0504973079985	0.0130280603362	0.0378440729599	-0.0383035883416	0.0299861883675	-0.0143185483685	0.0183115200307	0.0614037404621	-0.0255577006296	0.00264757875881	-0.0629413412826	0.00687356391944	-0.0132524626325	-0.037420007165	-0.00155121204823	-0.0067389055768	0.0200737179782	-0.0277577295921	-0.0447152509288	0.00969232224907	0.00182308408319	-0.0376882720246	-0.0302407328548	1.0	0.0851401368084	-0.0126188054741	0.0452998506408	0.0346209518277	0.0168696255969	0.0177937249173	0.00384270890002	0.00516607457996	-0.0409831591036	-0.000869988061581	0.00941005607104	-0.000834553029827	0.0175004906787	-0.00174701012658	-0.043624329793	-0.0074691645242	-0.044115905934	0.0274791702176	-0.0139873012281	0.0128984757062	0.0187364331039	-0.00567411967453	0.00327967664791	-0.0243417498675	-0.00674471026524	0.00571337519627	0.0161913063952	0.0661185395868	-0.0591979376026	-0.015379791766	-0.0172324451703	-0.0231950529316
k__Bacteria;p__Firmicutes;c__Clostridia;o__Clostridiales;f__Lachnospiraceae;g__Roseburia;s__Roseburia_hominis	-0.0301685840137	0.0278499973184	-0.043568434708	0.00973144630395	-0.0235346111773	-0.0435732196336	-0.0416124781621	-0.0338923117249	-0.0114321053061	-0.0443929280585	0.0457308790464	0.0348384964803	0.0329742295164	-0.0555322761798	-0.0211749918998	-0.0113976018043	-0.0596708702958	-0.0427982078406	-0.0244989003031	-0.00907818933545	0.000147020498159	0.0330688270129	0.0052339999135	0.00524413173961	0.00485567180647	-0.0722681581743	0.0851401368084	1.0	-0.0659794204402	-0.0079354871923	0.0431913164559	0.0196538680887	0.0254299091506	-0.0652209577491	-0.025119370165	-0.00614207805344	-0.0130350665033	-0.020734628438	0.00638217583089	0.0296422556039	0.0514162052809	0.017834963343	-0.0115846607155	-0.0518706966937	-0.00783163031825	-0.0268162260571	0.00364054132203	0.0312371813137	-0.0196168138618	-0.0616283482297	0.00913969145461	0.016081702819	-0.0259791581091	-0.00684116321087	-0.0138827539947	-0.0445193898142	-0.0408403987252	-0.0162537670501	-0.000152356837375
k__Bacteria;p__Bacteroidetes;c__Bacteroidia;o__Bacteroidales;f__Porphyromonadaceae;g__Parabacteroides;s__Parabacteroides_johnsonii	-0.00907016493117	-0.0122240291521	0.0182273332961	0.0392907603086	0.0327650276319	-0.0370596392666	0.0247799607012	0.0390145500436	-0.0316576375579	-0.055619299395	-0.0110720193596	0.0461336057682	0.018179527444	0.0173566483241	-0.0213979802783	-0.0532760537786	0.0037523423029	0.0685473295479	0.0208571881841	-0.00437499701652	0.00350027492397	0.00507206011185	0.00647359779547	-0.0202263364335	-0.0451960962994	0.0324238250648	-0.0126188054741	-0.0659794204402	1.0	0.0653116561605	-0.0500406450917	0.030515168873	0.0388541828462	-0.0228712309243	0.0348943285708	-0.0465317834485	0.0220367011025	0.0213480488427	0.0200348668537	-0.0880219340286	-0.0554068162942	-0.0333645666214	0.0297246241112	-0.0264707529681	-0.0556669335599	0.0128219301303	0.0599102993061	0.0561139437051	-0.0282947691025	-0.0229859651731	-0.0247497188469	-0.00838026885044	0.0407004042641	-0.0394495156027	-0.0389788241425	0.0313025525174	0.0288605272057	-0.0315462698016	-0.00665835317323
k__Bacteria;p__Actinobacteria;c__Actinobacteria;o__Bifidobacteriales;f__Bifidobacteriaceae;g__Bifidobacterium;s__Bifidobacterium_longum	-0.0369953135616	-0.0284691664235	-0.0133615921432	-0.0106828633429	-0.0161919475108	0.00390668638512	0.00944470395549	-0.113284671831	0.044909113559	-0.0300862949226	0.00334541284098	0.00993473787903	-0.0454058834277	0.0309457326994	-0.00937311184446	0.0106011902323	-0.0188556553741	0.0111259409682	0.0183681865701	-0.001189689611	-0.00508225216326	-0.00928365891575	-0.0598542550555	-0.00849360203011	-0.0517635658864	0.025081876138	0.0452998506408	-0.0079354871923	0.0653116561605	1.0	-0.0383406690799	-0.000489448676945	-0.00877981381465	-0.00264331184762	0.0248518902799	-0.0179885469814	-0.0175271872105	-0.0204978981525	-0.0214128962337	-0.0249761210377	-0.0207049655793	-0.0353081053912	0.0321335591483	-0.0348866477767	-0.0462507801934	-0.0510612469943	-0.0383155238574	0.00311242001973	0.0312643747925	-0.00385891756676	-0.018395065579	-0.0264066771948	-0.051649611948	0.0461583080087	0.0478008690376	-9.08290738048e-05	-0.0536065643285	0.0236316286447	-0.0249865844027
