#taxonomy	k__Bacteria;p__Bacteroidetes;c__Bacteroidia;o__Bacteroidales;f__Bacteroidaceae;g__Bacteroides;s__Bacteroides_vulgatus	k__Bacteria;p__Bacteroidetes;c__Bacteroidia;o__Bacteroidales;f__Bacteroidaceae;g__Bacteroides;s__Bacteroides_uniformis	k__Bacteria;p__Bacteroidetes;c__Bacteroidia;o__Bacteroidales;f__Rikenellaceae;g__Alistipes;s__Alistipes_putredinis	k__Bacteria;p__Bacteroidetes;c__Bacteroidia;o__Bacteroidales;f__Prevotellaceae;g__Prevotella;s__Prevotella_copri	k__Bacteria;p__Bacteroidetes;c__Bacteroidia;o__Bacteroidales;f__Bacteroidaceae;g__Bacteroides;s__Bacteroides_stercoris	k__Bacteria;p__Bacteroidetes;c__Bacteroidia;o__Bacteroidales;f__Bacteroidaceae;g__Bacteroides;s__Bacteroides_ovatus	k__Bacteria;p__Bacteroidetes;c__Bacteroidia;o__Bacteroidales;f__Rikenellaceae;g__Alistipes;s__Alistipes_shahii	k__Bacteria;p__Firmicutes;c__Clostridia;o__Clostridiales;f__Ruminococcaceae;g__Faecalibacterium;s__Faecalibacterium_prausnitzii	k__Bacteria;p__Bacteroidetes;c__Bacteroidia;o__Bacteroidales;f__Rikenellaceae;g__Alistipes;s__Alistipes_finegoldii	k__Bacteria;p__Bacteroidetes;c__Bacteroidia;o__Bacteroidales;f__Porphyromonadaceae;g__Parabacteroides;s__Parabacteroides_distasonis	k__Bacteria;p__Bacteroidetes;c__Bacteroidia;o__Bacteroidales;f__Bacteroidaceae;g__Bacteroides;s__Bacteroides_thetaiotaomicron	k__Bacteria;p__Bacteroidetes;c__Bacteroidia;o__Bacteroidales;f__Bacteroidaceae;g__Bacteroides;s__Bacteroides_coprocola	k__Bacteria;p__Bacteroidetes;c__Bacteroidia;o__Bacteroidales;f__Bacteroidaceae;g__Bacteroides;s__Bacteroides_cellulosilyticus	k__Bacteria;p__Bacteroidetes;c__Bacteroidia;o__Bacteroidales;f__Rikenellaceae;g__Alistipes;s__Alistipes_obesi	k__Bacteria;p__Firmicutes;c__Clostridia;o__Clostridiales;f__Lachnospiraceae;g__;s__[Eubacterium]_rectale	k__Bacteria;p__Bacteroidetes;c__Bacteroidia;o__Bacteroidales;f__Bacteroidaceae;g__Bacteroides;s__Bacteroides_plebeius	k__Bacteria;p__Bacteroidetes;c__Bacteroidia;o__Bacteroidales;f__Bacteroidaceae;g__Bacteroides;s__Bacteroides_fragilis	k__Bacteria;p__Proteobacteria;c__Betaproteobacteria;o__Burkholderiales;f__Sutterellaceae;g__Sutterella;s__Sutterella_wadsworthensis	k__Bacteria;p__Bacteroidetes;c__Bacteroidia;o__Bacteroidales;f__Porphyromonadaceae;g__Barnesiella;s__Barnesiella_intestinihominis	k__Bacteria;p__Bacteroidetes;c__Bacteroidia;o__Bacteroidales;f__Odoribacteraceae;g__Odoribacter;s__Odoribacter_splanchnicus	k__Bacteria;p__Bacteroidetes;c__Bacteroidia;o__Bacteroidales;f__Bacteroidaceae;g__Bacteroides;s__Bacteroides_salyersiae	k__Bacteria;p__Firmicutes;c__Clostridia;o__Clostridiales;f__Ruminococcaceae;g__Ruminiclostridium;s__[Eubacterium]_siraeum	k__Bacteria;p__Proteobacteria;c__Betaproteobacteria;o__Burkholderiales;f__Sutterellaceae;g__Parasutterella;s__Parasutterella_excrementihominis	k__Bacteria;p__Actinobacteria;c__Actinobacteria;o__Bifidobacteriales;f__Bifidobacteriaceae;g__Bifidobacterium;s__Bifidobacterium_adolescentis	k__Bacteria;p__Firmicutes;c__Clostridia;o__Clostridiales;f__Oscillospiraceae;g__Oscillibacter;s__Oscillibacter_sp._KLE_1745	k__Bacteria;p__Bacteroidetes;c__Bacteroidia;o__Bacteroidales;f__Bacteroidaceae;g__Bacteroides;s__Bacteroides_coprophilus	k__Bacteria;p__Firmicutes;c__Clostridia;o__Clostridiales;f__Lachnospiraceae;g__Roseburia;s__Roseburia_intestinalis	k__Bacteria;p__Firmicutes;c__Clostridia;o__Clostridiales;f__Lachnospiraceae;g__Roseburia;s__Roseburia_hominis	k__Bacteria;p__Bacteroidetes;c__Bacteroidia;o__Bacteroidales;f__Porphyromonadaceae;g__Parabacteroides;s__Parabacteroides_johnsonii	k__Bacteria;p__Actinobacteria;c__Actinobacteria;o__Bifidobacteriales;f__Bifidobacteriaceae;g__Bifidobacterium;s__Bifidobacterium_longum	k__Bacteria;p__Firmicutes;c__Clostridia;o__Clostridiales;f__;g__Flavonifractor;s__Flavonifractor_plautii	k__Bacteria;p__Firmicutes;c__Clostridia;o__Clostridiales;f__Clostridiaceae;g__Clostridium;s__Clostridium_phoceensis	k__Bacteria;p__Verrucomicrobia;c__Verrucomicrobiae;o__Verrucomicrobiales;f__Akkermansiaceae;g__Akkermansia;s__Akkermansia_muciniphila	k__Bacteria;p__Bacteroidetes;c__Bacteroidia;o__Bacteroidales;f__Prevotellaceae;g__Paraprevotella;s__Paraprevotella_xylaniphila	k__Bacteria;p__Firmicutes;c__Clostridia;o__Clostridiales;f__Ruminococcaceae;g__Ruminococcus;s__Ruminococcus_callidus	k__Bacteria;p__Bacteroidetes;c__Bacteroidia;o__Bacteroidales;f__Rikenellaceae;g__Alistipes;s__Alistipes_senegalensis	k__Bacteria;p__Firmicutes;c__Clostridia;o__Clostridiales;f__Lachnospiraceae;g__Blautia;s__Blautia_sp._KLE_1732	k__Bacteria;p__Bacteroidetes;c__Bacteroidia;o__Bacteroidales;f__Bacteroidaceae;g__Bacteroides;s__Bacteroides_oleiciplenus	k__Bacteria;p__Firmicutes;c__Clostridia;o__Clostridiales;f__Ruminococcaceae;g__Ruminococcus;s__Ruminococcus_bicirculans	k__Bacteria;p__Bacteroidetes;c__Bacteroidia;o__Bacteroidales;f__Bacteroidaceae;g__Bacteroides;s__Bacteroides_fluxus	k__Bacteria;p__Bacteroidetes;c__Bacteroidia;o__Bacteroidales;f__Prevotellaceae;g__Prevotella;s__Prevotella_stercorea	k__Bacteria;p__Firmicutes;c__Clostridia;o__Clostridiales;f__Lachnospiraceae;g__Dorea;s__Dorea_longicatena	k__Bacteria;p__Firmicutes;c__Clostridia;o__Clostridiales;f__Eubacteriaceae;g__Eubacterium;s__[Eubacterium]_eligens	k__Bacteria;p__Firmicutes;c__Clostridia;o__Clostridiales;f__Ruminococcaceae;g__;s__Ruminococcaceae_bacterium_D16	k__Bacteria;p__Firmicutes;c__Clostridia;o__Clostridiales;f__Lachnospiraceae;g__Coprococcus;s__Coprococcus_comes	k__Bacteria;p__Proteobacteria;c__Gammaproteobacteria;o__Enterobacterales;f__Enterobacteriaceae;g__Escherichia;s__Escherichia_coli	k__Bacteria;p__Firmicutes;c__Clostridia;o__Clostridiales;f__Ruminococcaceae;g__Anaerotruncus;s__Anaerotruncus_colihominis	k__Bacteria;p__Firmicutes;c__Clostridia;o__Clostridiales;f__Lachnospiraceae;g__Blautia;s__Blautia_obeum	k__Bacteria;p__Bacteroidetes;c__Bacteroidia;o__Bacteroidales;f__Odoribacteraceae;g__Odoribacter;s__Odoribacter_laneus	k__Bacteria;p__Firmicutes;c__Clostridia;o__Clostridiales;f__Ruminococcaceae;g__Ruminiclostridium;s__[Clostridium]_leptum	k__Bacteria;p__Bacteroidetes;c__Bacteroidia;o__Bacteroidales;f__Porphyromonadaceae;g__Parabacteroides;s__Parabacteroides_goldsteinii	k__Bacteria;p__Firmicutes;c__Clostridia;o__Clostridiales;f__Lachnospiraceae;g__Anaerostipes;s__Anaerostipes_hadrus	k__Bacteria;p__Firmicutes;c__Clostridia;o__Clostridiales;f__Ruminococcaceae;g__Ruminococcus;s__Ruminococcus_lactaris	k__Bacteria;p__Firmicutes;c__Clostridia;o__Clostridiales;f__Clostridiaceae;g__Clostridium;s__Clostridium_sp._L2-50	k__Bacteria;p__Firmicutes;c__Clostridia;o__Clostridiales;f__Clostridiaceae;g__Clostridium;s__Clostridium_sp._M62/1	k__Bacteria;p__Firmicutes;c__Clostridia;o__Clostridiales;f__;g__Intestinimonas;s__Intestinimonas_butyriciproducens	k__Bacteria;p__Actinobacteria;c__Actinobacteria;o__Bifidobacteriales;f__Bifidobacteriaceae;g__Bifidobacterium;s__Bifidobacterium_bifidum	k__Bacteria;p__Firmicutes;c__Negativicutes;o__Veillonellales;f__Veillonellaceae;g__Dialister;s__Dialister_invisus	k__Bacteria;p__Bacteroidetes;c__Bacteroidia;o__Bacteroidales;f__Bacteroidaceae;g__Bacteroides;s__Bacteroides_salanitronis
k__Bacteria;p__Bacteroidetes;c__Bacteroidia;o__Bacteroidales;f__Bacteroidaceae;g__Bacteroides;s__Bacteroides_vulgatus	1.0	-0.0177629659223	0.0270916212912	-0.0456653031045	-0.0517088974962	-0.00533936025745	-0.0105395155954	-0.020088160703	-0.0754402972941	0.0849743843962	-0.033624778516	-0.0574992972792	-0.0207938014954	-0.00911176325492	0.00632183692598	0.00134765112799	0.0338469985049	-0.00898115448051	-0.0614411147204	-0.00419982586157	0.041731659888	0.0298577013206	-0.0146613005256	0.0150694209811	-0.0206464565757	0.0524645829466	0.0378361374451	0.0182173462674	-0.0373743826924	-0.034692545098	-0.00585965218633	-0.0116235939331	-0.0222116626486	-0.0452622061429	-0.0807920903592	-0.0165216207858	0.0105357287963	0.0441991980091	-0.00572728796691	0.0140590619079	-0.0208631451551	0.00988928544567	0.023420144694	0.00493517751981	0.0120270720508	-0.0661997340323	-0.00924543799093	-0.0128142568886	-0.00447749646749	0.00682413192698	-0.0559702303626	-0.0249970055574	0.016020345413	-0.0172062914689	0.0107412189044	-0.0241947909675	0.0130244365356	0.0144103357513	-0.0832817991158
k__Bacteria;p__Bacteroidetes;c__Bacteroidia;o__Bacteroidales;f__Bacteroidaceae;g__Bacteroides;s__Bacteroides_uniformis	-0.0177629659223	1.0	-0.0129147603263	-0.0503530291791	-0.0330452924794	-0.0106473105554	-0.075465008103	0.0282256152889	-0.0199228256438	0.0218761671053	-0.025313695409	0.034586815141	-0.00540431674821	0.00376265810939	0.0324584737698	0.0509447849666	0.0157716471356	-0.00760513710976	-0.0374009749639	-0.00812890132604	0.00672549589358	0.000204246217126	0.0165638614153	0.0134103748305	-0.0259726848028	-0.0314994174281	-0.00275003142286	0.00698576401771	-0.0622204010401	-0.0235278764158	0.0148295613309	-0.0173793762424	-0.00937615065766	-0.0321636003315	-0.00310326363248	-0.0234168239196	-0.0473069303943	-0.0229529640416	-0.0499663561197	-0.120515507096	0.0231826904404	0.00950272382048	-0.0393143884118	-0.0649836451851	0.00168102389943	-0.0453278508793	-0.0024227110397	-0.0611656470132	-0.00432749636572	-0.0247424502985	-0.01245673882	-0.0113025769713	-0.000108420747871	0.0674800747722	-0.0272001873014	-0.0207347787967	-0.0125792923075	0.00754633190557	-0.0145534862073
k__Bacteria;p__Bacteroidetes;c__Bacteroidia;o__Bacteroidales;f__Rikenellaceae;g__Alistipes;s__Alistipes_putredinis	0.0270916212912	-0.0129147603263	1.0	-0.0207443004563	-0.030954069806	-0.0271561955394	0.0192723280459	-0.0196566954319	-0.0375298614164	0.0461976034907	0.027715541272	-0.0354361494178	-0.00773809789164	-0.0384805942397	-0.00106303044829	0.0356242145458	-0.0171422874019	-0.00335756247526	0.0372393077752	-0.0612970687228	0.0151359392088	-0.0327528576836	-0.00294289555143	0.0664525522083	-0.0104059006653	0.0517698607812	0.0162565068407	-0.00428489939953	-0.0612464299443	-0.0248026981922	-0.0368104786878	0.0145318403115	0.0298107046142	0.00424169875794	-0.0215894484389	0.0527192434167	0.00624011344692	-0.0181818292014	0.0172029895531	-0.0319402472975	-0.094227062743	0.0472414613718	0.00307511951218	0.0326591806025	-0.0575577785887	-0.00793373498476	-0.0127415685114	0.0186942935698	-0.0388932508682	-0.0429373375028	-0.0380476077753	-0.0234293209837	-0.0635125556241	0.0151632330167	-0.0404906109542	-0.00631207542693	0.00583955412504	0.0408084573445	0.0283174094974
k__Bacteria;p__Bacteroidetes;c__Bacteroidia;o__Bacteroidales;f__Prevotellaceae;g__Prevotella;s__Prevotella_copri	-0.0456653031045	-0.0503530291791	-0.0207443004563	1.0	0.0144288671658	0.0657499621415	0.0273497007119	-0.0437568141487	0.0164122365875	0.0123881356228	0.0304319771478	0.0141366743146	0.0319570442034	-2.2397756069e-05	-0.03700122333	-0.0141619034403	-0.0496792332667	0.0184854434398	0.0227038232976	0.0209786554029	-0.0260498427379	0.0211611328572	-0.00767797245988	-0.00881191383458	0.0141028650709	-0.000648659569836	-0.00558527637135	-0.0277985595922	-0.0210277648134	0.027849216317	-0.0423887592169	-0.0404580293315	-0.0611492973625	0.00267519232165	-0.0150247964399	-0.0276559252067	0.0194185482407	-0.0437474956613	0.0347460597413	0.0244006575723	-0.00233117800608	0.0328785117363	-0.00467217844034	0.0360934508774	-0.0347495818034	0.0217619849775	-0.0337740864919	-0.0434582162369	-0.0469938752811	0.0524079789689	0.0562666870712	-0.0485882533417	0.00631418975649	0.0192798565388	0.014617471853	-0.0836782617773	-0.0348965504455	-0.0436774198386	-0.048367439364
k__Bacteria;p__Bacteroidetes;c__Bacteroidia;o__Bacteroidales;f__Bacteroidaceae;g__Bacteroides;s__Bacteroides_stercoris	-0.0517088974962	-0.0330452924794	-0.030954069806	0.0144288671658	1.0	0.00780383854742	0.0238299147478	0.0124434763865	0.0481296211267	0.0567087949716	-0.016679288808	0.0186071140234	0.0214051104416	0.00692962401652	-0.00845288890246	-0.0295852194484	-0.0125661874986	0.0551150737182	0.0444285340791	0.00363875402817	0.0128738027988	-0.00385864353072	0.032169414584	0.0795832890356	0.0118828649082	-0.0132837186242	0.0368214333396	-0.0407137785872	0.00139985445229	-0.00974921353447	0.0658194737767	-0.00568382918126	-0.0261641857683	0.0140791218949	-0.00979740868091	0.0170134604941	-0.0179356011096	0.00184902985577	0.000197419853506	-0.007967667032	-0.0615753367505	-0.0418451928755	-0.049163167868	-0.0751822188475	-0.0337530679023	0.0286216399857	-0.0533086755925	-0.0343198760881	0.00870771587123	0.0185597875815	0.00936219156087	0.0154108190089	0.0144330402919	-0.0229317328576	0.0469804965104	0.00519749990347	0.000171514115336	-0.0634206529657	-0.0304523940927
k__Bacteria;p__Bacteroidetes;c__Bacteroidia;o__Bacteroidales;f__Bacteroidaceae;g__Bacteroides;s__Bacteroides_ovatus	-0.00533936025745	-0.0106473105554	-0.0271561955394	0.0657499621415	0.00780383854742	1.0	-0.0114044950618	-0.0245731291445	0.00586516967369	0.000463199000565	-0.0138812785991	0.0366573980389	0.0712014500848	-0.052818815264	-0.0373647413253	-0.00726803835939	0.0195945912367	0.0234629606092	-0.0103059979911	-0.00717817566438	0.00442343817105	-0.043453262083	0.00561192663064	-0.0155749545847	0.0212825035241	0.00198146659774	0.0260010523968	0.0181335410403	0.0158595811837	-0.00585792019343	-0.00779941360823	0.00568555145705	-0.00459315992975	-0.0375813019599	-0.0615348529077	-0.0124495643254	-0.0144935139962	-0.0387865879433	-0.0628753989923	-0.0209951713172	-0.00501048493362	-0.0661983756528	-0.0150146255103	-0.0322886884269	0.0165594091144	-0.0596278902941	-0.0199799484206	-0.00456672530842	-0.0370764235577	0.0703593282461	-0.00807175695656	0.00671163309282	-0.05116442492	-0.0610895283817	0.00766750401452	-0.0324053980769	-0.0174141609254	-0.0135214582028	-0.0378048880804
k__Bacteria;p__Bacteroidetes;c__Bacteroidia;o__Bacteroidales;f__Rikenellaceae;g__Alistipes;s__Alistipes_shahii	-0.0105395155954	-0.075465008103	0.0192723280459	0.0273497007119	0.0238299147478	-0.0114044950618	1.0	-0.0210907742161	0.0458519124834	-0.0166399028211	-0.00119812091473	-0.00752596658044	0.033523110634	-0.0324869785012	0.0287482312915	-0.0386806948536	-0.00792426832741	-0.0470169625429	-0.00396572221543	-0.0317867657452	-0.00161328026042	-0.0140551002723	0.0453607992264	-0.0273094865007	-0.0100641470739	-0.0208456031008	-0.0220830377108	-0.030685097846	-0.0332320509534	-0.0345414441306	0.0290464751581	0.0176731979632	-0.00249154292737	0.0571865108096	0.0117296065523	0.00460003490646	-0.000186175378971	0.0582980951331	0.0489921339762	0.000500576680518	-0.0400782813195	0.0559138161397	-0.0651650232871	-0.0340957778206	0.00627419981541	-0.0341205649267	-0.0281323176284	-0.013298756936	-0.00896837238796	0.00913748268102	-0.00806848947061	-0.08181195471	-0.0294452996191	-0.00258578369261	-0.0541374871821	0.00319135866413	-0.0524257432206	-0.00911260163952	-0.0344739171437
k__Bacteria;p__Firmicutes;c__Clostridia;o__Clostridiales;f__Ruminococcaceae;g__Faecalibacterium;s__Faecalibacterium_prausnitzii	-0.020088160703	0.0282256152889	-0.0196566954319	-0.0437568141487	0.0124434763865	-0.0245731291445	-0.0210907742161	1.0	-0.022721566277	-0.0118624120811	-0.000356599234037	0.0363024100393	-0.022862599838	-0.0451661046281	0.0148957110001	0.000306668593195	-0.0421776720195	-0.0636040633222	-0.0288585691483	0.0080421909884	-0.0817831815817	-0.0192905644027	-0.0565834001795	0.103458536098	-0.0327011202648	0.0162314866527	0.000651721377731	-0.0200742618026	0.0118838556174	-0.000217111285265	0.00148727303387	-0.0128352583802	0.0168080728906	0.0126597474564	0.0619833267731	-0.0701247844133	-0.035859000688	0.0136160469808	0.0051806000223	-0.049586830091	-0.0431464221569	-0.0627805459949	0.00766062526915	-0.0296979908909	0.0217730412722	-0.0459222179353	-0.060215334543	-0.00628198947544	0.00161380574284	-0.0182166575018	-0.025452362509	0.00745788189139	-0.007212455315	0.0235771676381	0.0129182165154	-0.0452943514986	-0.0332818676923	0.00181353902736	-0.0058338374599
k__Bacteria;p__Bacteroidetes;c__Bacteroidia;o__Bacteroidales;f__Rikenellaceae;g__Alistipes;s__Alistipes_finegoldii	-0.0754402972941	-0.0199228256438	-0.0375298614164	0.0164122365875	0.0481296211267	0.00586516967369	0.0458519124834	-0.022721566277	1.0	0.0240635524681	-0.0369335480637	-0.0202617029508	0.00664038716823	-0.0560894287777	0.00659680195351	-0.0225604631938	-0.0766529966724	0.0444642848617	-0.0242033839848	0.00806269840563	-0.0191750091611	0.0470906083426	-0.0408474875501	0.0142897535202	-0.0298746485722	-0.0187421568415	0.0404884928073	-0.0340995769532	-0.0212316183454	-0.0230301722926	-0.0398659451862	0.0179051218148	0.00352583370764	-0.0177945483629	0.0367629201209	-0.0221463664398	-0.0140476278195	-0.0332478919622	-0.0121999632497	-0.00911422297691	-0.010174408841	-0.00530314025128	0.0499308952217	-0.0207640491819	-0.0143766374323	0.0374048806289	0.0716217420898	0.00310312699493	-0.00526150332885	0.0177317902067	0.0436791067143	-0.0182903237687	-0.00709177843286	-0.0200524375061	-0.0694594202201	0.0171044548725	0.0130711129839	-0.0206266948317	-0.0159716492875
k__Bacteria;p__Bacteroidetes;c__Bacteroidia;o__Bacteroidales;f__Porphyromonadaceae;g__Parabacteroides;s__Parabacteroides_distasonis	0.0849743843962	0.0218761671053	0.0461976034907	0.0123881356228	0.0567087949716	0.000463199000565	-0.0166399028211	-0.0118624120811	0.0240635524681	1.0	-0.0138299681639	0.00708517062532	-0.0573081844746	-0.0172073356897	-0.0331299637062	0.0145300233203	-0.022529193097	0.00195589347214	-0.02094708595	0.0247130139919	0.0368885745431	-0.0312258522551	0.0194743342348	-0.0292441365923	0.00328574561814	-0.0205926194147	-0.0227856200865	-0.00781623802081	0.0263689909854	-0.00123132541046	-0.0239437375468	-0.0437593397148	-0.0598064276382	-0.053934873619	-0.0275127015428	-0.0523192493665	-0.0746991689041	-0.0560971093224	0.0196375538867	0.00932648487642	0.0402878612342	0.0542881280058	0.00987201494126	-0.0362271560814	-0.00837644929456	0.0411120807166	0.0183206170662	-0.0316968933638	0.0166227010837	-0.0288167659951	0.0412064604666	0.0485962689561	0.0072638233314	-0.0191887297506	-0.0278612925798	-0.0636962139433	-0.0423533209915	-0.00826385320661	0.00287924024996
k__Bacteria;p__Bacteroidetes;c__Bacteroidia;o__Bacteroidales;f__Bacteroidaceae;g__Bacteroides;s__Bacteroides_thetaiotaomicron	-0.033624778516	-0.025313695409	0.027715541272	0.0304319771478	-0.016679288808	-0.0138812785991	-0.00119812091473	-0.000356599234037	-0.0369335480637	-0.0138299681639	1.0	-0.0299754848021	0.0238893820401	-0.0496614422326	-0.00318000437759	-0.057511281885	0.011425088778	0.0340506744308	0.00163316346177	0.0140289845772	0.00458216695975	-0.0849314131035	-0.0922988000846	0.0380514604567	-0.0534572204211	-0.0486193464596	0.00757449736124	0.0364951324135	0.0205817553674	0.00436820615818	-0.00233004937007	-0.042625590804	-0.0580946681234	0.0285434782389	0.00637053556048	0.0099595906149	0.013206677166	-0.0214296552331	0.0377764095738	0.0374872361165	-0.00853553197534	-0.0537733928152	0.000959709219851	-0.0187290648324	-0.0578262633688	-0.0377449747704	-0.0123944643657	0.0181993805771	-0.00112118589071	-0.00585985706546	0.0110141417164	0.0180949871964	0.0713745875768	0.0070664532841	-0.0209664641459	0.017662654619	0.0482193740371	-0.0409377302721	-0.0132106050417
k__Bacteria;p__Bacteroidetes;c__Bacteroidia;o__Bacteroidales;f__Bacteroidaceae;g__Bacteroides;s__Bacteroides_coprocola	-0.0574992972792	0.034586815141	-0.0354361494178	0.0141366743146	0.0186071140234	0.0366573980389	-0.00752596658044	0.0363024100393	-0.0202617029508	0.00708517062532	-0.0299754848021	1.0	0.0162292027871	-0.0248764925411	-0.0276058880097	0.00307652421409	-0.00383246159191	-0.00772865262518	0.00957482233153	-0.0158894716343	-0.0378347782803	0.0260458607641	0.030677400194	0.0242985127858	0.0168171312238	0.0182422081348	0.0432135197019	0.0309650105595	-0.000596487526775	0.0020617523673	0.000563176149928	-0.00394889482689	-0.0162258509643	-0.00215095602264	-0.0318136559773	0.0042176374314	0.0104156813985	-0.0409754962462	-0.00644821880384	-0.0157275386142	-0.0251828611682	0.033661071054	0.0565001047281	-0.0790198622114	-0.0113291502	0.00982878476274	-0.0593966473941	-0.0158037367906	0.0737565390757	0.0104424652213	0.00642833456514	0.0144171088696	-0.0495826015402	0.0724362254563	-0.0173074436291	-0.0222170671867	0.0356270275764	-0.0919551463186	-0.0205929702591
k__Bacteria;p__Bacteroidetes;c__Bacteroidia;o__Bacteroidales;f__Bacteroidaceae;g__Bacteroides;s__Bacteroides_cellulosilyticus	-0.0207938014954	-0.00540431674821	-0.00773809789164	0.0319570442034	0.0214051104416	0.0712014500848	0.033523110634	-0.022862599838	0.00664038716823	-0.0573081844746	0.0238893820401	0.0162292027871	1.0	-0.0809334907033	-0.0436346611128	0.0388492352228	0.0181198059758	-0.0155032436285	-0.00854224944292	-0.00336543991256	-0.0432107499572	-0.00187659859824	0.012324631821	-0.00839727253446	0.0507822900833	-0.038799926297	-0.0216642007773	-0.0600315640017	-0.023322062529	0.0147674722001	-0.00915206452981	-0.0374307640007	-0.0225780894101	-0.0307126870777	0.0148270855357	-0.0110625446266	-0.0492799327664	-0.0177397957888	0.00837276804136	-0.0218240746844	-0.0168097260598	-0.0132579893161	0.045267129261	0.00347141468181	0.00557577512411	-0.0435659292096	-0.00248822462483	0.0225734470178	0.064003116328	-0.0474547552406	0.0292958107149	-0.010304986393	-0.0278957234821	-0.0174192164484	-0.00745803947259	-0.00173331954939	-0.0217368053331	0.0197499274594	-0.0177583005537
k__Bacteria;p__Bacteroidetes;c__Bacteroidia;o__Bacteroidales;f__Rikenellaceae;g__Alistipes;s__Alistipes_obesi	-0.00911176325492	0.00376265810939	-0.0384805942397	-2.23977560692e-05	0.00692962401652	-0.052818815264	-0.0324869785012	-0.0451661046281	-0.0560894287777	-0.0172073356897	-0.0496614422326	-0.0248764925411	-0.0809334907033	1.0	-0.0462493140222	-0.0204675181294	0.00303574109093	0.0525407811749	0.0349294420603	0.0185728589973	-0.00662569808195	-0.0367147804796	0.0342014605573	-0.113358793676	-0.038116081957	-0.0407143273409	0.00885525877411	0.0356064222885	-0.0702420116449	-0.00755348185599	0.0475615234088	0.0364234826279	0.0294027081132	-0.0528649651627	-0.0317434446458	0.0475407202935	0.0107865748322	0.0496183965182	-0.033313956946	0.0429481437593	-0.0266519569407	0.02087592331	-0.0153363052924	0.0512090173565	-0.0388317270343	-0.001846921052	0.00170780381041	0.0154009085141	-0.0839061428998	-0.00570812489163	0.0249896565022	0.0632151936669	-0.00101734321917	0.0500021559983	-0.0334416301263	-0.0664288917505	-0.00525077414453	-0.0208933265767	0.016314984864
k__Bacteria;p__Firmicutes;c__Clostridia;o__Clostridiales;f__Lachnospiraceae;g__;s__[Eubacterium]_rectale	0.00632183692598	0.0324584737698	-0.00106303044829	-0.03700122333	-0.00845288890246	-0.0373647413253	0.0287482312915	0.0148957110001	0.00659680195351	-0.0331299637062	-0.00318000437759	-0.0276058880097	-0.0436346611128	-0.0462493140222	1.0	-0.0155233249046	-0.0392569980108	-0.0810029285844	-0.0370159416504	-0.0217277321693	-0.0289416508392	0.00447010540179	-0.000854137283472	0.0681037976019	0.00661948918332	-0.0206767586939	0.0338675298117	-0.0202717240415	0.00869689154273	-0.000510389544104	0.0204293825422	-0.0493148492391	-0.0348104389485	0.0108436754945	0.00850292265845	-0.0225702372255	-0.0101949891899	0.00727053070906	-0.0280836418567	-0.0191997998019	-0.0267245310025	0.016077746582	0.0186878708173	-0.0180608123751	-0.0123566713059	0.0297658494969	0.0436705518997	-0.00249773731118	0.0247219605558	0.00916396564519	-0.031559739674	-0.041841378447	-0.0288769128882	0.050031898095	0.00250374407359	0.0348891065575	0.00113486862828	-0.0301653759746	-0.0317741027973
k__Bacteria;p__Bacteroidetes;c__Bacteroidia;o__Bacteroidales;f__Bacteroidaceae;g__Bacteroides;s__Bacteroides_plebeius	0.00134765112799	0.0509447849666	0.0356242145458	-0.0141619034403	-0.0295852194484	-0.00726803835939	-0.0386806948536	0.000306668593195	-0.0225604631938	0.0145300233203	-0.057511281885	0.00307652421409	0.0388492352228	-0.0204675181294	-0.0155233249046	1.0	-0.000194378596492	-0.0286819756735	-0.0552642801557	0.00284427698719	-0.00966417448295	-0.00685704322428	-0.0154448636249	0.0223163126661	-0.0288917898146	-0.0378345338333	0.0153051334118	-0.0302515477426	0.0317467793477	0.0505110936412	0.0379587923715	0.0157213130466	-0.0274730797889	-0.0100922774129	0.0405412595276	0.0191614590429	-0.0438000401605	-6.66532652811e-05	-0.00752206920929	0.0181224111364	0.0116306138745	0.00746644783192	-0.000642028784589	-0.0385551554635	0.0026963249259	0.000878725908966	0.00569295439739	-0.00124062436481	-0.0553363578836	-0.0351565317021	-0.0572592997081	-0.00385936104775	0.0484411348827	0.0197124203227	-0.0150275583463	0.00049164178138	-0.0560823417257	-0.0185262595315	0.0119145328816
k__Bacteria;p__Bacteroidetes;c__Bacteroidia;o__Bacteroidales;f__Bacteroidaceae;g__Bacteroides;s__Bacteroides_fragilis	0.0338469985049	0.0157716471356	-0.0171422874019	-0.0496792332667	-0.0125661874986	0.0195945912367	-0.00792426832741	-0.0421776720195	-0.0766529966724	-0.022529193097	0.011425088778	-0.00383246159191	0.0181198059758	0.00303574109093	-0.0392569980108	-0.000194378596492	1.0	0.00548803217385	-0.00473923479988	0.00116660772061	-0.0463572464777	-0.0435202398046	0.0527249451823	0.0210421841017	0.020860848598	-0.00564523120299	0.0742068792774	-0.000502791645926	0.0195604665592	0.00812054161932	-0.063269163972	-0.0202969615345	-0.0107248105893	-0.0344486137716	-0.000637637828365	0.0317951933913	-0.000545219214933	-0.0389413470924	0.00361138692089	0.00754123359754	0.0229121743608	-0.0374786005239	0.00650709668891	0.0084080340718	0.0373164469046	0.0258194901784	-0.0127571751141	-0.00520375203309	-0.0271589078755	-0.0114378481926	0.00826726411944	-0.036219952411	-0.0403174467511	-0.00726470143494	-0.0322587484865	0.0301704971245	-0.0452210619952	0.0126374864122	-0.0123017388753
k__Bacteria;p__Proteobacteria;c__Betaproteobacteria;o__Burkholderiales;f__Sutterellaceae;g__Sutterella;s__Sutterella_wadsworthensis	-0.00898115448051	-0.00760513710976	-0.00335756247526	0.0184854434398	0.0551150737182	0.0234629606092	-0.0470169625429	-0.0636040633222	0.0444642848617	0.00195589347214	0.0340506744308	-0.00772865262518	-0.0155032436285	0.0525407811749	-0.0810029285844	-0.0286819756735	0.00548803217385	1.0	0.030852976827	-0.0392814464819	0.00683431610979	0.00060768402763	0.0150224195978	-0.0574675696842	-0.0656094504201	-0.0170311268112	-0.0136697009991	-0.0827843527721	0.0131316215386	0.00925104193971	0.0148068547601	-0.00656124038413	-0.00904196110909	-0.0145198989078	0.00993803026347	0.00943666635267	-0.0135025293941	-0.0137217672209	-0.0286338978852	6.18676822529e-05	0.0227539381584	-0.050843981095	0.0269770740921	-0.0204845839858	0.0260502727343	-0.0584819329133	-0.049918071476	-0.0188501474461	-0.0589115789868	0.0543834176522	-0.00241703538181	-0.0741603076649	0.0132191292987	0.0424203562537	0.00576024783789	0.0215689346371	0.0609350428132	-0.02105333365	0.0273974959373
k__Bacteria;p__Bacteroidetes;c__Bacteroidia;o__Bacteroidales;f__Porphyromonadaceae;g__Barnesiella;s__Barnesiella_intestinihominis	-0.0614411147204	-0.0374009749639	0.0372393077752	0.0227038232976	0.0444285340791	-0.0103059979911	-0.00396572221543	-0.0288585691483	-0.0242033839848	-0.02094708595	0.00163316346177	0.00957482233153	-0.00854224944292	0.0349294420603	-0.0370159416504	-0.0552642801557	-0.00473923479988	0.030852976827	1.0	0.0565370245464	-0.00782535298673	-0.0335766064592	-0.0443805805662	0.00895864012573	-0.00568036182196	0.00227566267419	-0.0377036521	0.0194982449165	-0.10134126634	0.0484927002742	-0.0479204085332	-0.0484147194335	-0.0236836790989	-0.0273125649169	-0.0342962048328	-0.0311855317925	-0.0130037917225	-0.0241235658916	0.0412239527126	0.0963815481789	0.032679387916	-0.0340953298113	0.00461021520692	0.0104841627272	0.00593446523108	0.00381749306371	-0.00669399224099	0.0509620022358	0.0261371349255	0.0370672876936	0.00371649412537	-0.016028152391	-0.00357042345719	0.0195619810947	-0.0417633706782	0.0165261531919	0.0250854030516	-0.066670040205	0.0347843364383
k__Bacteria;p__Bacteroidetes;c__Bacteroidia;o__Bacteroidales;f__Odoribacteraceae;g__Odoribacter;s__Odoribacter_splanchnicus	-0.00419982586157	-0.00812890132604	-0.0612970687228	0.0209786554029	0.00363875402817	-0.00717817566438	-0.0317867657452	0.0080421909884	0.00806269840563	0.0247130139919	0.0140289845772	-0.0158894716343	-0.00336543991256	0.0185728589973	-0.0217277321693	0.00284427698719	0.00116660772061	-0.0392814464819	0.0565370245464	1.0	0.0286761054926	-0.0271653481717	-0.00587225449792	0.000538386751101	0.0534130122157	-0.0152012737849	0.000504596155709	0.0464958351318	-0.0224326710163	0.0215884528691	-0.0687655065751	0.0305545551016	-0.0234528733157	0.00273966499383	-0.024683661464	-0.0335859802435	-0.00478453816759	-0.0101993202533	-0.0874911135284	-0.0211346135824	0.000999363621014	0.00393105982475	-0.0569155892951	-0.0559964491972	-0.0361553374311	-0.00530367256939	-0.0317161326675	0.0372094006685	-0.0567230973568	-0.00552581182443	-0.0552057785378	0.0197619401436	-0.0413238705708	-0.00441975276296	0.019270720025	0.0520894202391	0.0640650769789	0.00205074057865	0.00800142560148
k__Bacteria;p__Bacteroidetes;c__Bacteroidia;o__Bacteroidales;f__Bacteroidaceae;g__Bacteroides;s__Bacteroides_salyersiae	0.041731659888	0.00672549589358	0.0151359392088	-0.0260498427379	0.0128738027988	0.00442343817105	-0.00161328026042	-0.0817831815817	-0.0191750091611	0.0368885745431	0.00458216695975	-0.0378347782803	-0.0432107499572	-0.00662569808195	-0.0289416508392	-0.00966417448295	-0.0463572464777	0.00683431610979	-0.00782535298673	0.0286761054926	1.0	0.0111955500477	-0.0271239853675	-0.0274086593273	-0.030043961521	0.0373045878527	-0.0308646033624	0.0617485159466	0.0146839032897	0.00796225941752	-0.00451001979398	0.00949473601283	-0.0178596701848	0.0138008553993	0.0275867328764	-0.0251157911821	0.0333918386859	-0.00408230666653	0.0380479211548	0.00999537105883	-0.00131360189269	-0.0355303212119	-0.0518323494992	-0.014811036585	-0.0182157699244	0.0221476667225	-0.0163108680345	-0.00822953272201	0.0356004342428	-0.043985869287	-0.0180932476014	0.023261879403	0.00800290160035	-0.0321796102676	-0.00831311499271	0.00503939952346	-0.0124360477887	0.00800260356279	0.047322340184
k__Bacteria;p__Firmicutes;c__Clostridia;o__Clostridiales;f__Ruminococcaceae;g__Ruminiclostridium;s__[Eubacterium]_siraeum	0.0298577013206	0.000204246217126	-0.0327528576836	0.0211611328572	-0.00385864353072	-0.043453262083	-0.0140551002723	-0.0192905644027	0.0470906083426	-0.0312258522551	-0.0849314131035	0.0260458607641	-0.00187659859824	-0.0367147804796	0.00447010540179	-0.00685704322428	-0.0435202398046	0.00060768402763	-0.0335766064592	-0.0271653481717	0.0111955500477	1.0	0.0520885488629	0.0775189544919	-0.0937030501047	-0.017263114817	-0.0122389621233	0.0282545768992	0.0129792765529	-0.009978419438	-0.0163650616133	-0.00505308288241	0.0629631225095	-0.0710344433647	0.0357283543185	-0.0611417707221	-0.0142514305409	-0.0381597547101	-0.0447619867139	-0.015805398523	-0.0613841530166	0.0711750407844	-0.0102860688244	-0.0163121591812	-0.0111112215095	-0.0281007242775	0.0223555441533	0.0016863223897	-0.027242889488	-0.068330329121	0.0232514817339	0.0215278299996	-0.0220191066076	-0.0911445226513	-0.00991279913444	-0.00138093374719	0.0220204167463	0.0188106493508	-0.0628442025609
k__Bacteria;p__Proteobacteria;c__Betaproteobacteria;o__Burkholderiales;f__Sutterellaceae;g__Parasutterella;s__Parasutterella_excrementihominis	-0.0146613005256	0.0165638614153	-0.00294289555143	-0.00767797245989	0.032169414584	0.00561192663064	0.0453607992264	-0.0565834001795	-0.0408474875501	0.0194743342348	-0.0922988000846	0.030677400194	0.012324631821	0.0342014605573	-0.000854137283472	-0.0154448636249	0.0527249451823	0.0150224195978	-0.0443805805662	-0.00587225449792	-0.0271239853675	0.0520885488629	1.0	0.0327438127343	-0.0617431635489	0.0355904522923	-0.00941391846526	-0.0207902227243	-0.00601873140757	0.0177781175097	0.0116573719637	-0.0406547026823	0.0136442853183	-0.0264557953639	0.0084733562342	0.0209407829158	-0.0262619199615	-0.00518518582534	-0.0377265335508	-0.0222145031327	0.0138455506674	0.0306649184504	-0.0303200452897	-0.0769491548431	0.0201547610496	-0.0244997519391	-0.0137974366556	0.074875137521	-0.0108144344211	-0.0068873284336	-0.0528096569273	-0.0573294500233	0.0306655175035	-0.0177760450495	0.0105119789889	-0.00987895708098	-0.00171776531936	0.0481383773499	-0.0256818727966
k__Bacteria;p__Actinobacteria;c__Actinobacteria;o__Bifidobacteriales;f__Bifidobacteriaceae;g__Bifidobacterium;s__Bifidobacterium_adolescentis	0.0150694209811	0.0134103748305	0.0664525522083	-0.00881191383458	0.0795832890356	-0.0155749545847	-0.0273094865007	0.103458536098	0.0142897535202	-0.0292441365923	0.0380514604567	0.0242985127858	-0.00839727253446	-0.113358793676	0.0681037976019	0.0223163126661	0.0210421841017	-0.0574675696842	0.00895864012573	0.000538386751101	-0.0274086593273	0.0775189544919	0.0327438127343	1.0	0.0139998338063	-0.0289395642978	-0.0550230315428	-0.0245063506864	0.00761248913677	-0.0221447300736	0.0178667454303	-0.00853827417073	-0.0455806255043	-0.00674173582479	0.0379176777827	-0.0255140164463	-0.0471320006969	0.0191388065213	-0.0696140886366	-0.0285415183165	0.0146373277688	-0.0313533333404	-0.0427574415406	-0.0234827660066	-0.0389609303409	-0.0405285372136	-0.0304289606445	0.00742669035079	-0.0284281636171	-0.0717849068304	0.0144535102469	0.0085345695813	0.00839500322651	-0.0426858756185	-0.002445651673	-0.00366333882812	-0.0251749587739	0.0101528070108	-0.0374602773147
k__Bacteria;p__Firmicutes;c__Clostridia;o__Clostridiales;f__Oscillospiraceae;g__Oscillibacter;s__Oscillibacter_sp._KLE_1745	-0.0206464565757	-0.0259726848028	-0.0104059006653	0.0141028650709	0.0118828649082	0.0212825035241	-0.0100641470739	-0.0327011202648	-0.0298746485722	0.00328574561814	-0.0534572204211	0.0168171312238	0.0507822900833	-0.038116081957	0.00661948918332	-0.0288917898146	0.020860848598	-0.0656094504201	-0.00568036182196	0.0534130122157	-0.030043961521	-0.0937030501047	-0.0617431635489	0.0139998338063	1.0	0.010658939309	0.0395035980742	0.0370652133739	0.00130794884052	0.0227647406619	0.041010883225	0.037331823543	0.00692681558006	-0.0277180418207	0.0052337830332	-0.0726491006276	-0.0280477129638	-0.00861070403571	-0.00858627921161	-0.0553952684114	0.0209381828107	-0.027083958026	0.00298649771662	0.0307369110676	-0.00478950706136	-0.02612272989	0.0402296577671	-0.00843995591586	0.0274078015933	-0.0234614715611	-0.00631079566822	-0.0394687436141	-0.030009393186	-0.00926314790666	0.0297978193057	-0.0309361833702	0.00976699338611	-0.000474422533786	-0.016073975654
k__Bacteria;p__Bacteroidetes;c__Bacteroidia;o__Bacteroidales;f__Bacteroidaceae;g__Bacteroides;s__Bacteroides_coprophilus	0.0524645829466	-0.0314994174281	0.0517698607812	-0.000648659569836	-0.0132837186242	0.00198146659774	-0.0208456031008	0.0162314866527	-0.0187421568415	-0.0205926194147	-0.0486193464596	0.0182422081348	-0.038799926297	-0.0407143273409	-0.0206767586939	-0.0378345338333	-0.00564523120299	-0.0170311268112	0.00227566267419	-0.0152012737849	0.0373045878527	-0.017263114817	0.0355904522923	-0.0289395642978	0.010658939309	1.0	-0.00171824733621	-0.0341130067938	0.0272001335406	-0.0164348086658	0.0495714702037	-0.0263305755134	-0.0143640002754	0.00979100261027	0.026197553211	0.0366662883951	-0.0120864891753	0.0153685471235	0.0510805662056	-0.0347757818209	0.0606743829659	0.0400540092307	0.0777733100977	-0.0355251321907	0.0559706955847	0.0313063609844	-0.0157291594148	-0.0487632054268	-0.036156307654	0.00593402333516	-0.0341000741447	-0.0209712037574	-8.13251314166e-05	0.00733033781183	-0.0413308897721	0.0421871078362	0.00224298724665	-0.00793169604172	-0.00306929122916
k__Bacteria;p__Firmicutes;c__Clostridia;o__Clostridiales;f__Lachnospiraceae;g__Roseburia;s__Roseburia_intestinalis	0.0378361374451	-0.00275003142286	0.0162565068407	-0.00558527637135	0.0368214333396	0.0260010523968	-0.0220830377108	0.000651721377731	0.0404884928073	-0.0227856200865	0.00757449736124	0.0432135197019	-0.0216642007773	0.00885525877411	0.0338675298117	0.0153051334118	0.0742068792774	-0.0136697009991	-0.0377036521	0.000504596155709	-0.0308646033624	-0.0122389621233	-0.00941391846526	-0.0550230315428	0.0395035980742	-0.00171824733621	1.0	0.0658699917782	0.00493734450216	0.00293026570661	-0.052281572347	-0.0612893698097	0.0492273729995	0.0464666743651	-0.0089920356126	-0.00844833313115	0.00143659558203	0.0141945480699	0.0393002416105	-0.017507991648	0.0153227731261	-0.0109571664682	0.0177811275394	-0.0185408614823	-0.0550183939536	0.000717449094797	-0.0040171176971	-0.0463932608658	-0.00356263802347	-0.0616744091739	0.0545663925505	-0.0485926470513	0.0154660902756	-0.0098255946449	-0.0786305945257	-0.00963321431144	-0.00995541931572	0.0139390047836	-0.0170724402157
k__Bacteria;p__Firmicutes;c__Clostridia;o__Clostridiales;f__Lachnospiraceae;g__Roseburia;s__Roseburia_hominis	0.0182173462674	0.00698576401771	-0.00428489939953	-0.0277985595922	-0.0407137785872	0.0181335410403	-0.030685097846	-0.0200742618026	-0.0340995769532	-0.00781623802081	0.0364951324135	0.0309650105595	-0.0600315640017	0.0356064222885	-0.0202717240415	-0.0302515477426	-0.000502791645926	-0.0827843527721	0.0194982449165	0.0464958351318	0.0617485159466	0.0282545768992	-0.0207902227243	-0.0245063506864	0.0370652133739	-0.0341130067938	0.0658699917782	1.0	0.00439144125999	-0.0251637092142	0.02339300262	-0.0118658621278	-0.0416828991016	-0.0195489085688	-0.0185026000221	-0.0152435577111	0.0287274228048	-0.0162937372638	-0.0533679744058	0.0137993626355	-0.0470951074007	0.0153377697489	0.0393070692598	0.00755850167695	-0.0493560936934	-0.0242214461471	-0.0219100518159	-0.0348220687073	0.000408608091218	0.0190841746437	-0.0113488021282	-0.03214196447	0.0365879727029	0.0269061724832	-0.0518763211441	-0.00735551154755	0.0173762811204	0.0466986985363	-0.0466067095033
k__Bacteria;p__Bacteroidetes;c__Bacteroidia;o__Bacteroidales;f__Porphyromonadaceae;g__Parabacteroides;s__Parabacteroides_johnsonii	-0.0373743826924	-0.0622204010401	-0.0612464299443	-0.0210277648134	0.00139985445229	0.0158595811837	-0.0332320509534	0.0118838556174	-0.0212316183454	0.0263689909854	0.0205817553674	-0.000596487526775	-0.023322062529	-0.0702420116449	0.00869689154273	0.0317467793477	0.0195604665592	0.0131316215386	-0.10134126634	-0.0224326710163	0.0146839032897	0.0129792765529	-0.00601873140757	0.00761248913677	0.00130794884052	0.0272001335406	0.00493734450216	0.00439144125999	1.0	0.0444343054506	0.050060021956	0.0373938042588	0.00914380114658	-0.0193568748789	0.0296076724618	0.0146882650209	-0.00828062851762	0.00183248576433	0.0117997484016	-0.0109624868692	-0.0206292334165	-0.0409206991619	-0.0151542647281	0.0141552653957	0.00645261525553	-0.0500632442726	0.0180427168782	-0.0134662480758	-0.0453042725669	-0.0332820107822	-0.054161948524	-0.0222816446096	-3.82525005687e-05	-0.0411732035799	-0.0126102362919	0.00240005470783	0.0285774049655	0.0447697050451	-0.020809565741
k__Bacteria;p__Actinobacteria;c__Actinobacteria;o__Bifidobacteriales;f__Bifidobacteriaceae;g__Bifidobacterium;s__Bifidobacterium_longum	-0.034692545098	-0.0235278764158	-0.0248026981922	0.027849216317	-0.00974921353447	-0.00585792019343	-0.0345414441306	-0.000217111285265	-0.0230301722926	-0.00123132541046	0.00436820615818	0.0020617523673	0.0147674722001	-0.00755348185599	-0.000510389544104	0.0505110936412	0.00812054161932	0.00925104193971	0.0484927002742	0.0215884528691	0.00796225941752	-0.009978419438	0.0177781175097	-0.0221447300736	0.0227647406619	-0.0164348086658	0.00293026570661	-0.0251637092142	0.0444343054506	1.0	0.0335510202962	-0.0354742730442	0.0279161056614	0.00680231104594	-0.00117140840577	0.0510889437257	0.0126718270613	0.0144194672424	-0.0481101883945	-0.0126534136423	-0.0337961481313	0.0304845439079	-0.0440774037212	-0.043415402496	-0.0832925113875	-0.072263068905	-0.0626043838453	-0.0291020264637	0.0475993106886	-0.0215054182936	-0.0989956392115	-0.0321797088193	0.018098670636	0.000956683502105	0.0101063624898	0.0217872593325	-0.048307947656	0.0222648596467	0.0237643225913
