#taxonomy	k__Bacteria;p__Bacteroidetes;c__Bacteroidia;o__Bacteroidales;f__Bacteroidaceae;g__Bacteroides;s__Bacteroides_vulgatus	k__Bacteria;p__Bacteroidetes;c__Bacteroidia;o__Bacteroidales;f__Bacteroidaceae;g__Bacteroides;s__Bacteroides_uniformis	k__Bacteria;p__Bacteroidetes;c__Bacteroidia;o__Bacteroidales;f__Rikenellaceae;g__Alistipes;s__Alistipes_putredinis	k__Bacteria;p__Bacteroidetes;c__Bacteroidia;o__Bacteroidales;f__Prevotellaceae;g__Prevotella;s__Prevotella_copri	k__Bacteria;p__Bacteroidetes;c__Bacteroidia;o__Bacteroidales;f__Bacteroidaceae;g__Bacteroides;s__Bacteroides_stercoris	k__Bacteria;p__Bacteroidetes;c__Bacteroidia;o__Bacteroidales;f__Bacteroidaceae;g__Bacteroides;s__Bacteroides_ovatus	k__Bacteria;p__Bacteroidetes;c__Bacteroidia;o__Bacteroidales;f__Rikenellaceae;g__Alistipes;s__Alistipes_shahii	k__Bacteria;p__Firmicutes;c__Clostridia;o__Clostridiales;f__Ruminococcaceae;g__Faecalibacterium;s__Faecalibacterium_prausnitzii	k__Bacteria;p__Bacteroidetes;c__Bacteroidia;o__Bacteroidales;f__Rikenellaceae;g__Alistipes;s__Alistipes_finegoldii	k__Bacteria;p__Bacteroidetes;c__Bacteroidia;o__Bacteroidales;f__Porphyromonadaceae;g__Parabacteroides;s__Parabacteroides_distasonis	k__Bacteria;p__Bacteroidetes;c__Bacteroidia;o__Bacteroidales;f__Bacteroidaceae;g__Bacteroides;s__Bacteroides_thetaiotaomicron	k__Bacteria;p__Bacteroidetes;c__Bacteroidia;o__Bacteroidales;f__Bacteroidaceae;g__Bacteroides;s__Bacteroides_coprocola	k__Bacteria;p__Bacteroidetes;c__Bacteroidia;o__Bacteroidales;f__Bacteroidaceae;g__Bacteroides;s__Bacteroides_cellulosilyticus	k__Bacteria;p__Bacteroidetes;c__Bacteroidia;o__Bacteroidales;f__Rikenellaceae;g__Alistipes;s__Alistipes_obesi	k__Bacteria;p__Firmicutes;c__Clostridia;o__Clostridiales;f__Lachnospiraceae;g__;s__[Eubacterium]_rectale	k__Bacteria;p__Bacteroidetes;c__Bacteroidia;o__Bacteroidales;f__Bacteroidaceae;g__Bacteroides;s__Bacteroides_plebeius	k__Bacteria;p__Bacteroidetes;c__Bacteroidia;o__Bacteroidales;f__Bacteroidaceae;g__Bacteroides;s__Bacteroides_fragilis	k__Bacteria;p__Proteobacteria;c__Betaproteobacteria;o__Burkholderiales;f__Sutterellaceae;g__Sutterella;s__Sutterella_wadsworthensis	k__Bacteria;p__Bacteroidetes;c__Bacteroidia;o__Bacteroidales;f__Porphyromonadaceae;g__Barnesiella;s__Barnesiella_intestinihominis	k__Bacteria;p__Bacteroidetes;c__Bacteroidia;o__Bacteroidales;f__Odoribacteraceae;g__Odoribacter;s__Odoribacter_splanchnicus	k__Bacteria;p__Bacteroidetes;c__Bacteroidia;o__Bacteroidales;f__Bacteroidaceae;g__Bacteroides;s__Bacteroides_salyersiae	k__Bacteria;p__Firmicutes;c__Clostridia;o__Clostridiales;f__Ruminococcaceae;g__Ruminiclostridium;s__[Eubacterium]_siraeum	k__Bacteria;p__Proteobacteria;c__Betaproteobacteria;o__Burkholderiales;f__Sutterellaceae;g__Parasutterella;s__Parasutterella_excrementihominis	k__Bacteria;p__Actinobacteria;c__Actinobacteria;o__Bifidobacteriales;f__Bifidobacteriaceae;g__Bifidobacterium;s__Bifidobacterium_adolescentis	k__Bacteria;p__Firmicutes;c__Clostridia;o__Clostridiales;f__Oscillospiraceae;g__Oscillibacter;s__Oscillibacter_sp._KLE_1745	k__Bacteria;p__Bacteroidetes;c__Bacteroidia;o__Bacteroidales;f__Bacteroidaceae;g__Bacteroides;s__Bacteroides_coprophilus	k__Bacteria;p__Firmicutes;c__Clostridia;o__Clostridiales;f__Lachnospiraceae;g__Roseburia;s__Roseburia_intestinalis	k__Bacteria;p__Firmicutes;c__Clostridia;o__Clostridiales;f__Lachnospiraceae;g__Roseburia;s__Roseburia_hominis	k__Bacteria;p__Bacteroidetes;c__Bacteroidia;o__Bacteroidales;f__Porphyromonadaceae;g__Parabacteroides;s__Parabacteroides_johnsonii	k__Bacteria;p__Actinobacteria;c__Actinobacteria;o__Bifidobacteriales;f__Bifidobacteriaceae;g__Bifidobacterium;s__Bifidobacterium_longum	k__Bacteria;p__Firmicutes;c__Clostridia;o__Clostridiales;f__;g__Flavonifractor;s__Flavonifractor_plautii	k__Bacteria;p__Firmicutes;c__Clostridia;o__Clostridiales;f__Clostridiaceae;g__Clostridium;s__Clostridium_phoceensis	k__Bacteria;p__Verrucomicrobia;c__Verrucomicrobiae;o__Verrucomicrobiales;f__Akkermansiaceae;g__Akkermansia;s__Akkermansia_muciniphila	k__Bacteria;p__Bacteroidetes;c__Bacteroidia;o__Bacteroidales;f__Prevotellaceae;g__Paraprevotella;s__Paraprevotella_xylaniphila	k__Bacteria;p__Firmicutes;c__Clostridia;o__Clostridiales;f__Ruminococcaceae;g__Ruminococcus;s__Ruminococcus_callidus	k__Bacteria;p__Bacteroidetes;c__Bacteroidia;o__Bacteroidales;f__Rikenellaceae;g__Alistipes;s__Alistipes_senegalensis	k__Bacteria;p__Firmicutes;c__Clostridia;o__Clostridiales;f__Lachnospiraceae;g__Blautia;s__Blautia_sp._KLE_1732	k__Bacteria;p__Bacteroidetes;c__Bacteroidia;o__Bacteroidales;f__Bacteroidaceae;g__Bacteroides;s__Bacteroides_oleiciplenus	k__Bacteria;p__Firmicutes;c__Clostridia;o__Clostridiales;f__Ruminococcaceae;g__Ruminococcus;s__Ruminococcus_bicirculans	k__Bacteria;p__Bacteroidetes;c__Bacteroidia;o__Bacteroidales;f__Bacteroidaceae;g__Bacteroides;s__Bacteroides_fluxus	k__Bacteria;p__Bacteroidetes;c__Bacteroidia;o__Bacteroidales;f__Prevotellaceae;g__Prevotella;s__Prevotella_stercorea	k__Bacteria;p__Firmicutes;c__Clostridia;o__Clostridiales;f__Lachnospiraceae;g__Dorea;s__Dorea_longicatena	k__Bacteria;p__Firmicutes;c__Clostridia;o__Clostridiales;f__Eubacteriaceae;g__Eubacterium;s__[Eubacterium]_eligens	k__Bacteria;p__Firmicutes;c__Clostridia;o__Clostridiales;f__Ruminococcaceae;g__;s__Ruminococcaceae_bacterium_D16	k__Bacteria;p__Firmicutes;c__Clostridia;o__Clostridiales;f__Lachnospiraceae;g__Coprococcus;s__Coprococcus_comes	k__Bacteria;p__Proteobacteria;c__Gammaproteobacteria;o__Enterobacterales;f__Enterobacteriaceae;g__Escherichia;s__Escherichia_coli	k__Bacteria;p__Firmicutes;c__Clostridia;o__Clostridiales;f__Ruminococcaceae;g__Anaerotruncus;s__Anaerotruncus_colihominis	k__Bacteria;p__Firmicutes;c__Clostridia;o__Clostridiales;f__Lachnospiraceae;g__Blautia;s__Blautia_obeum	k__Bacteria;p__Bacteroidetes;c__Bacteroidia;o__Bacteroidales;f__Odoribacteraceae;g__Odoribacter;s__Odoribacter_laneus	k__Bacteria;p__Firmicutes;c__Clostridia;o__Clostridiales;f__Ruminococcaceae;g__Ruminiclostridium;s__[Clostridium]_leptum	k__Bacteria;p__Bacteroidetes;c__Bacteroidia;o__Bacteroidales;f__Porphyromonadaceae;g__Parabacteroides;s__Parabacteroides_goldsteinii	k__Bacteria;p__Firmicutes;c__Clostridia;o__Clostridiales;f__Lachnospiraceae;g__Anaerostipes;s__Anaerostipes_hadrus	k__Bacteria;p__Firmicutes;c__Clostridia;o__Clostridiales;f__Ruminococcaceae;g__Ruminococcus;s__Ruminococcus_lactaris	k__Bacteria;p__Firmicutes;c__Clostridia;o__Clostridiales;f__Clostridiaceae;g__Clostridium;s__Clostridium_sp._L2-50	k__Bacteria;p__Firmicutes;c__Clostridia;o__Clostridiales;f__Clostridiaceae;g__Clostridium;s__Clostridium_sp._M62/1	k__Bacteria;p__Firmicutes;c__Clostridia;o__Clostridiales;f__;g__Intestinimonas;s__Intestinimonas_butyriciproducens	k__Bacteria;p__Actinobacteria;c__Actinobacteria;o__Bifidobacteriales;f__Bifidobacteriaceae;g__Bifidobacterium;s__Bifidobacterium_bifidum	k__Bacteria;p__Firmicutes;c__Negativicutes;o__Veillonellales;f__Veillonellaceae;g__Dialister;s__Dialister_invisus	k__Bacteria;p__Bacteroidetes;c__Bacteroidia;o__Bacteroidales;f__Bacteroidaceae;g__Bacteroides;s__Bacteroides_salanitronis
k__Bacteria;p__Bacteroidetes;c__Bacteroidia;o__Bacteroidales;f__Bacteroidaceae;g__Bacteroides;s__Bacteroides_vulgatus	1.0	0.0120984375618	-0.0429004468949	-0.0640972010181	0.0404597686583	-0.0131651668675	0.0314647019081	-0.0374038263278	-0.0462564707423	0.0121393118601	0.0388593920131	0.0115468830592	-0.00256365392801	-0.0292039025048	-0.0270433463042	-0.00664947760811	-0.0273904474769	-0.00659220711238	0.0125610907773	-0.0525915406491	-0.035483549394	0.0576047559909	-0.113976358434	-0.0313746569622	0.046532207798	0.00786859960468	0.0391703988692	-0.0234112377488	0.0667055158647	0.0748312318308	0.0133724242874	-0.0576647722729	0.0287577737886	0.0112516847653	-0.00911368363446	-0.0117502149073	-0.049951907836	-0.0145175957571	-0.00519231456751	-0.00711204828861	-0.0124591431681	-0.020174181828	-0.0117207800775	-0.00936812416234	-0.0438968027592	0.00561025127461	-0.00757213028384	-0.00990129282845	-0.0120434770067	-0.0140306033155	-0.0429532836462	-0.0129297848992	0.0347035438881	0.00633073111847	-0.0187238443956	-0.0289030758781	-0.0145972621217	0.0115204372359	0.0513982059017
k__Bacteria;p__Bacteroidetes;c__Bacteroidia;o__Bacteroidales;f__Bacteroidaceae;g__Bacteroides;s__Bacteroides_uniformis	0.0120984375618	1.0	-0.0728551383283	0.0150040199313	-0.0689165620862	-0.0189019080023	-0.045099067734	-0.0376982526495	-0.0574555858788	-0.0664274873378	0.00182567198812	-0.00739652943561	0.0189813563037	-0.0548511175771	-0.0463842088555	0.00395020753897	0.0192764508138	-0.0146018300856	-0.0227067434509	0.000898302330736	0.0181835788525	0.0238485771535	0.0270514028988	0.0339605919786	-0.0103447874326	-0.0172851062117	-0.000625498540604	-0.00347333782294	0.00781298231341	-0.00413690020569	-0.0252936216854	-0.0138450299559	0.00890041918699	-0.0433061327436	-0.0577438002349	-0.00833890439444	-1.78826902167e-05	-0.0160653860038	-0.0972064530222	0.0106220050023	0.0504915485535	0.0345950012836	-0.03847691338	-0.00897663256524	0.0512801507858	-0.0248282394658	0.039160462694	0.0169434536328	-0.017801361381	0.0107614990444	0.0216368218236	0.0273983118384	0.0246400072384	-0.0369819551228	0.056366997088	0.0568399823723	-0.0454176733293	-0.0195634468682	0.0415584610622
k__Bacteria;p__Bacteroidetes;c__Bacteroidia;o__Bacteroidales;f__Rikenellaceae;g__Alistipes;s__Alistipes_putredinis	-0.0429004468949	-0.0728551383283	1.0	0.0357570532292	-0.0082201108688	0.0577240755398	-0.0321490481485	0.0680788585475	-0.0220008487365	0.020207800307	-0.0446781812903	0.00414047784711	-0.0100293696844	-0.0108598660424	0.0477818892889	0.0130788150106	0.0455381102058	0.0140617613767	0.00431305925257	0.027679931145	-0.0386113070606	-0.015344636524	-0.0134219263816	0.0213619261982	0.000891639170388	-0.0368560341173	-0.00569974430879	-0.00990393646597	-0.0240437859199	-0.0226040987493	-0.00150336112927	0.0161806286357	-0.0232965638254	0.0145715632171	0.0313068376636	0.0221160519392	-0.00806037894691	-0.0193756259187	-0.0155174879829	-0.0130606826061	-0.0210521149028	-0.00197525788747	0.00854825892774	-5.25334803141e-05	-0.0545457826306	0.0215294874507	0.0186540565974	-0.0245250375295	-0.0280645804889	0.0337337834633	-0.0191016035319	-0.0445067324479	0.009477258983	0.0348800758745	0.0218743339244	-0.02860973552	0.025044735725	0.0324950683818	-0.026028777569
k__Bacteria;p__Bacteroidetes;c__Bacteroidia;o__Bacteroidales;f__Prevotellaceae;g__Prevotella;s__Prevotella_copri	-0.0640972010181	0.0150040199313	0.0357570532292	1.0	-0.0144245418427	-0.0113500440727	0.0147918467638	-0.0163868954981	0.0288462271795	-0.00904577389608	-0.0102062475092	-0.0040587205475	0.0552558072309	-0.0049837743766	0.0479811997941	-0.0106349537428	0.00323424031106	0.0158305555504	0.0139649118651	-0.0149827493243	0.0336071846636	-0.0535766961048	-0.0455664157783	-0.018595859087	0.0206474182788	-0.0441983259909	-0.0519415594066	0.000110604505027	-0.008850298945	0.00678306877419	-0.0860897938119	0.0472220252714	0.00305854100886	0.025667627925	0.0868017215293	-0.0368426026036	0.0190922684921	-0.0582526525401	-0.0329014706564	-0.0318372740313	0.0262937882374	-0.0347736040139	-0.0286641395074	-0.0573390170724	-0.0301301756918	0.0126641111146	-0.0962938285466	-0.0567301680159	-0.0253884120678	0.0164253155296	0.0160073872681	-0.0059121444409	-0.0663426393412	-0.0152463075437	0.0170426213394	-0.027000427706	0.0562684415247	-0.0389347909928	-0.0227326160896
k__Bacteria;p__Bacteroidetes;c__Bacteroidia;o__Bacteroidales;f__Bacteroidaceae;g__Bacteroides;s__Bacteroides_stercoris	0.0404597686583	-0.0689165620862	-0.0082201108688	-0.0144245418427	1.0	-0.0225214315373	-0.0594955378407	0.0114857301149	-0.0167813845375	-0.0205962734485	0.0264785689937	-0.00543202987844	-0.0268595904185	-0.0768908064887	0.025456294389	0.0477863395998	0.00833378094741	-0.0139463903094	-0.0329348587058	-0.0434220917334	-0.0566288084973	0.00374045287802	-0.0203162082991	0.00378514359255	-0.00533548658553	0.00805715986534	-0.0150288856708	0.0209964471301	0.0374354735894	-0.00943967758844	0.0384882234727	0.0302250693692	0.00832925704969	0.0377876296581	-0.0056437445079	-0.0303044779273	0.0278791160842	0.0269698997664	0.0149859870795	-0.0380689180166	-0.0235677430186	-0.0225881716614	-0.0218104880712	-0.0212808169504	0.0128946135792	0.0462849113671	-0.0232706249271	0.0553973270702	0.00256900332905	-0.0514890502269	-0.0984247336819	0.0112249660021	-0.0170402964357	-0.0144316005778	0.0188142315379	-0.00493866832831	-0.019615954996	0.040432270648	-0.0573482695931
k__Bacteria;p__Bacteroidetes;c__Bacteroidia;o__Bacteroidales;f__Bacteroidaceae;g__Bacteroides;s__Bacteroides_ovatus	-0.0131651668675	-0.0189019080023	0.0577240755398	-0.0113500440727	-0.0225214315373	1.0	-0.0198013703803	0.0207421507054	0.0270336314285	0.0137610281245	0.0331243392107	-0.0130739702907	0.0248314795972	-0.000262100705524	-0.0101271555701	0.00752129087129	0.010721043285	0.0113376523904	0.00620492818683	0.0256721160811	-0.0739547112021	-0.037566043404	-0.0244074589633	-0.0111832483048	0.00666289425771	-0.0282822594869	-0.00275133277833	-0.00837894179138	0.0159920911749	-0.0307105604463	-0.00916280696037	-0.0181212942791	-0.0507275966405	-0.00995738529383	-0.0102627093812	0.0290451784382	-0.0103244300078	0.00665954609054	0.0370721633997	0.0448360398658	0.0127538582818	-0.018933405719	-0.00558307626357	-0.0141290799017	-0.0102844169249	0.0393157349806	-0.022292043086	-0.080364962146	-4.7215364163e-05	0.012624757263	0.0315232190897	0.0354067879384	-0.0486791911413	-0.0177199177185	-0.0485089367108	-0.0433045156791	-0.0355837896783	-0.0386255517536	-0.0590823809629
k__Bacteria;p__Bacteroidetes;c__Bacteroidia;o__Bacteroidales;f__Rikenellaceae;g__Alistipes;s__Alistipes_shahii	0.0314647019081	-0.045099067734	-0.0321490481485	0.0147918467638	-0.0594955378407	-0.0198013703803	1.0	-0.0646041195826	-0.0375227076841	0.0370511958913	-0.0536301244721	0.0173219764195	-0.023811778976	0.0124313965856	-0.0119236750706	0.0440166225519	0.026950046811	-0.00332697615712	0.0470557359122	-0.0175666643422	0.00709193778516	-0.0160539785159	0.0265783468734	-0.0111566866341	0.0317045120795	0.021010167484	-0.0146316935727	-0.0418941312853	0.0164931511731	-0.0181529585229	-0.00753622523223	-0.0483033302601	0.0111117733797	-0.0395614305603	-0.0130536633008	0.06760632483	0.00616483980814	0.00761329997527	0.0305377489196	-0.0279715999966	0.0186391497679	-0.0467008852693	-0.0410993080412	0.00154828963059	0.0348219984849	-0.00751342560374	0.0190776172185	-0.0341319304427	-0.0255752527495	-0.00847898376272	0.0602441435731	-0.0208352905552	0.0332962378795	-0.0174641766131	-0.0159774155545	0.00328452027952	0.0105983594708	-0.00310217526804	-0.0275400960399
k__Bacteria;p__Firmicutes;c__Clostridia;o__Clostridiales;f__Ruminococcaceae;g__Faecalibacterium;s__Faecalibacterium_prausnitzii	-0.0374038263278	-0.0376982526495	0.0680788585475	-0.0163868954981	0.0114857301149	0.0207421507054	-0.0646041195826	1.0	-0.0193427857338	0.0810162607637	-0.0136288252423	-0.0187428215861	-0.0286400493459	-0.0227127915291	-0.0340764862351	-0.0252620700758	-0.0244138036064	-0.037653800692	-0.0073737584665	0.00363424038181	0.00788403704193	0.0431222983569	0.00155321184263	0.0159613621547	-0.0127470763178	0.00319500382148	0.0224515715359	-0.0206147526728	-0.032607931645	0.0177619751993	-0.0192319252632	0.0549051907333	-0.0281279037468	-0.0230360705871	-0.014510631118	-0.00538903455895	0.00708069335927	-0.0248812575522	-0.0379780522613	-0.00235141846648	0.0067326203609	-0.0215649791809	0.0560837678096	-0.0177262998094	-0.0331020417459	-0.0183903715034	0.0174659476017	0.0447058896093	0.0646660461279	-0.076587481228	-0.00139499784263	-0.000724884893621	-0.0121743364617	0.0426976417818	0.0366527574138	-0.012244906851	-0.0697908347763	-0.0219601284325	-0.0148093366382
k__Bacteria;p__Bacteroidetes;c__Bacteroidia;o__Bacteroidales;f__Rikenellaceae;g__Alistipes;s__Alistipes_finegoldii	-0.0462564707423	-0.0574555858788	-0.0220008487365	0.0288462271795	-0.0167813845375	0.0270336314285	-0.0375227076841	-0.0193427857338	1.0	-0.00553887336748	0.0245515795095	-0.0270576919717	0.0314710221575	-0.0280025073402	-0.0293823623555	-0.0340736773086	-0.0111931407703	0.0138673511116	-0.0335724299524	-0.00565682767273	-0.0171442393772	-0.0473672955492	0.0257873337004	-0.0218087394896	0.0426121900991	-0.0374564366526	0.058638935299	0.0278398358563	0.038675044568	0.00438413913999	-0.00603133397013	-0.00106272323836	-0.0196420896433	-0.0058119272995	0.0136480945631	-0.0241969163896	0.0172638025682	0.073764870566	0.0398307421625	0.0448083866075	-0.0332665569549	-0.0373323328432	-0.0538291970599	-0.0288669858029	-0.00996960708624	-0.0433071984516	-0.032086522754	0.00956765159423	0.0297390970365	-0.0477812155281	0.019809842847	-0.036480459463	-0.043999817735	-0.0263436757986	0.00486318424011	0.0125140329432	0.00955216928032	0.00436553477928	-0.0346509786302
k__Bacteria;p__Bacteroidetes;c__Bacteroidia;o__Bacteroidales;f__Porphyromonadaceae;g__Parabacteroides;s__Parabacteroides_distasonis	0.0121393118601	-0.0664274873378	0.020207800307	-0.00904577389608	-0.0205962734485	0.0137610281245	0.0370511958913	0.0810162607637	-0.00553887336748	1.0	-0.0115354595927	-0.0106647016005	0.00376231509987	0.0646522712917	-0.0023533929511	0.0260874205362	-0.0110145004121	-0.0135677394999	-0.0666222462583	-0.023627302864	-0.0438773451917	-0.00371988245345	0.0131126209416	-0.0644410832715	-0.00837633825432	-0.0375748619423	-0.063396465194	0.0165405908401	-0.03328202302	0.0150667279702	-0.00143776809042	-0.0123453078337	0.037140407616	-0.0680380601166	-0.0185929577654	-0.0306547210427	-0.0225290518817	-0.00318105785555	0.00723620232376	-0.0458574050774	0.0219249467412	0.0328984979019	-0.0185695736844	0.0142448364163	-0.0620293661574	0.0542575679024	-0.0350190281301	-0.0136569729488	-0.0374296913336	0.00858820090742	-0.0217388732404	0.0144008944617	-0.0385659447043	-0.00144218278634	0.00842277457465	0.0219937353145	0.0518047382181	-0.05353166492	0.00628808642674
k__Bacteria;p__Bacteroidetes;c__Bacteroidia;o__Bacteroidales;f__Bacteroidaceae;g__Bacteroides;s__Bacteroides_thetaiotaomicron	0.0388593920131	0.00182567198812	-0.0446781812903	-0.0102062475092	0.0264785689937	0.0331243392107	-0.0536301244721	-0.0136288252423	0.0245515795095	-0.0115354595927	1.0	-0.0154035815613	-0.0487120694294	-0.0374279075045	0.0042969734473	0.0111891736948	0.05875428472	-0.0370159777116	-0.0302378885934	0.012936923697	-0.0430501379163	0.0619494900029	-0.0518734792224	-0.0650971728118	0.0286629875014	0.0398255049002	0.0502738508252	0.0226354286844	0.0856677142738	-0.0700388294165	-0.0351589593055	-0.00304337847053	0.023949982933	-0.0315802125044	-0.0127931859606	-0.0097037233654	0.000413333775023	-0.0127657555078	-0.0777970427311	-0.00857027257997	0.0141259228794	-0.0580293172246	0.0161340384266	-0.0448273803474	0.071223721716	0.0212371695854	0.0233738134699	0.0193165820445	-0.0502759433947	0.0487826274924	0.0608984823876	0.0259152762014	-0.0433298165041	-0.0172567597418	-0.0197194395942	0.0162813484469	-0.00334075932631	-0.0547182171323	-0.0347828155998
k__Bacteria;p__Bacteroidetes;c__Bacteroidia;o__Bacteroidales;f__Bacteroidaceae;g__Bacteroides;s__Bacteroides_coprocola	0.0115468830592	-0.00739652943561	0.00414047784711	-0.0040587205475	-0.00543202987844	-0.0130739702907	0.0173219764195	-0.0187428215861	-0.0270576919717	-0.0106647016005	-0.0154035815613	1.0	0.0306915176261	-0.066308050442	0.0123252845801	0.0579098225153	0.0356566499982	-0.0221529068274	0.11278606476	-0.0422026669822	-0.0220781356588	-0.0449320500957	-0.0301884418673	0.0259377901151	-0.0127299727472	-0.030751686783	0.0433597295394	0.0531694727796	-0.0122159195665	-0.0152994560247	-0.0372437059531	-0.0333306335933	-0.0120214565443	-0.0325487663934	-0.040000824411	0.0272564338585	-0.0060682033999	-0.0178917571778	0.0273136966775	0.0237713052789	0.00226012895108	0.0446114239793	-0.00264535356346	0.00291362452799	0.0439158241059	-0.0365462004252	-0.013538386774	-0.0137476549497	-0.014008993199	-0.0486950056537	0.0554460462329	-0.0641131365037	-0.00146222440127	-0.0464119600199	-0.0152556432201	-0.00145477488675	-0.00349310672244	-0.076713971548	0.0269444503891
k__Bacteria;p__Bacteroidetes;c__Bacteroidia;o__Bacteroidales;f__Bacteroidaceae;g__Bacteroides;s__Bacteroides_cellulosilyticus	-0.00256365392801	0.0189813563037	-0.0100293696844	0.0552558072309	-0.0268595904185	0.0248314795972	-0.023811778976	-0.0286400493459	0.0314710221575	0.00376231509987	-0.0487120694294	0.0306915176261	1.0	0.0233297486881	-0.00958693474348	0.0105489480466	-0.0045629605543	-0.0589455115675	-0.0600044557681	-0.0193192131882	-0.0133907758865	-0.00845448413714	0.0122596471788	0.025623295411	-0.0062173922232	0.0541183415179	-0.00564257702014	0.00211313673923	0.00260620316521	0.00924859023798	-0.0362097520091	-0.0677178209837	-0.0200427644772	0.0572441702059	0.00983009029462	0.024025273617	-0.0464461028	-0.0405008432018	-0.0665375326685	-0.00722127278574	0.0222175041759	-0.0740115842533	-0.00994930283555	-0.00952938958583	0.0341991244201	-0.069770030966	-0.0108442412835	-0.0286264565407	-0.0802493652628	-0.00149770893073	-0.00296708216889	0.00453399392713	0.0046929880726	-0.0744703267297	-0.045421844272	0.0201436625598	-0.0357367200523	0.0532864829235	-0.0305894819885
k__Bacteria;p__Bacteroidetes;c__Bacteroidia;o__Bacteroidales;f__Rikenellaceae;g__Alistipes;s__Alistipes_obesi	-0.0292039025048	-0.0548511175771	-0.0108598660424	-0.0049837743766	-0.0768908064887	-0.000262100705524	0.0124313965856	-0.0227127915291	-0.0280025073402	0.0646522712917	-0.0374279075045	-0.066308050442	0.0233297486881	1.0	0.0068081680896	-0.0205709345905	-0.0955282579032	-0.0661394377448	-0.0114219576606	-0.00772121631264	-0.0525763974406	-0.0300943940002	0.0208213353617	-0.00686804712738	0.00421803401501	-0.00917017322407	-0.0332601955751	-0.0708217874065	0.0516788446662	0.026414684616	-0.0198774073572	0.0319856501703	-0.00502434272665	-0.00561999593684	-0.0257059774259	0.00434817468106	-0.0224467427629	-0.073848906425	0.0554873940648	-0.00604613106165	0.0641427565461	-0.0129564655828	0.0251319038016	-0.0214945982818	0.000570163998633	-0.00343270793908	-0.0728849948369	0.00220306179087	-0.00287475725672	0.0297306491164	-0.0178897268076	0.0526365506811	0.0404990609092	-0.070580895995	0.0134086491029	0.0116061079806	-0.0215968231275	-0.0203316575504	0.0125497669422
k__Bacteria;p__Firmicutes;c__Clostridia;o__Clostridiales;f__Lachnospiraceae;g__;s__[Eubacterium]_rectale	-0.0270433463042	-0.0463842088555	0.0477818892889	0.0479811997941	0.025456294389	-0.0101271555701	-0.0119236750706	-0.0340764862351	-0.0293823623555	-0.0023533929511	0.0042969734473	0.0123252845801	-0.00958693474348	0.0068081680896	1.0	-0.0409726190422	0.048160594731	0.00351715970029	-0.00612534542821	-0.0774258257226	0.0202847802212	-0.0302368534636	0.0334896531693	-0.0243771311203	-0.0380785860631	-0.0257937931836	0.0441925744908	-0.00461693489683	0.0545581464501	-0.0734918655748	-0.0035750453452	-0.000965677314409	-0.0131251370428	-0.000919347822522	-0.0291343774101	0.0609085223688	0.000496388630662	-0.0441587031441	0.0210394723598	-0.0206276284685	-0.0507011307467	0.0275750590319	0.000624779397812	0.0207129332203	-0.0260846429434	-0.0248799233819	-0.0231639263186	-0.0158038021103	-0.00543976376258	0.0226223227255	0.00486440597719	-0.0434473058285	-0.0154607354501	0.0208660798185	0.00779448792856	-0.02686149046	-0.0417808005219	0.0466350007167	-0.0445303869305
k__Bacteria;p__Bacteroidetes;c__Bacteroidia;o__Bacteroidales;f__Bacteroidaceae;g__Bacteroides;s__Bacteroides_plebeius	-0.00664947760811	0.00395020753897	0.0130788150106	-0.0106349537428	0.0477863395998	0.00752129087129	0.0440166225519	-0.0252620700758	-0.0340736773086	0.0260874205362	0.0111891736948	0.0579098225153	0.0105489480466	-0.0205709345905	-0.0409726190422	1.0	0.0689715452681	-0.0016217631404	0.00800647238236	-0.00540415242336	0.0434116894562	0.0526226610509	-0.0716751482391	-0.0200281965055	0.0455907374967	-0.000800296991171	-0.0249095184975	-0.0310137279091	-0.0160514412217	-0.0376449798138	-0.0168560016853	0.00750190628111	-0.00698989736814	0.034160833526	-0.014813576586	-0.0684680416657	0.0314641757614	-0.0545539933347	-0.031065508864	-0.0372546740078	-0.00772819405961	0.00371752719299	-0.0438839817187	-0.0253237050289	0.00147618711732	0.0733513406717	0.0608266072921	-0.0241451517097	-0.0344609171971	-0.0141050649676	-0.0358835089874	0.0209105331731	0.0500967064196	-0.0481873522163	0.0246718232341	-0.0252486141551	0.0145236473782	-0.0194282019322	0.00661043507499
k__Bacteria;p__Bacteroidetes;c__Bacteroidia;o__Bacteroidales;f__Bacteroidaceae;g__Bacteroides;s__Bacteroides_fragilis	-0.0273904474769	0.0192764508138	0.0455381102058	0.00323424031106	0.00833378094741	0.010721043285	0.026950046811	-0.0244138036064	-0.0111931407703	-0.0110145004121	0.05875428472	0.0356566499982	-0.0045629605543	-0.0955282579032	0.048160594731	0.0689715452681	1.0	0.0493521784448	-0.0026693547611	0.0142829370701	0.0383860216793	0.0252199265757	0.0651186093761	-0.110365662438	-0.00701346705312	-0.0336976910489	0.00790802023349	-0.0349565787547	-0.085713421108	0.0125484508405	0.0943663224222	0.010577992609	-0.0104153675505	-0.0315235909142	0.00263459133777	-0.00594635832547	-0.0245082329183	0.0395787410543	0.025622341668	-0.0227733664025	0.0315186124793	-0.000195456537472	-0.0212943042568	-0.00284300800756	0.046861176205	-0.0113509159557	-0.00333696934235	-0.0322896746848	-0.0560871093596	0.0445090756432	0.0454071239764	-0.075946372007	-0.0639749811769	-0.0206679296483	0.0334118489056	-0.0289205092628	-0.0329256334841	-0.0619192099198	0.000223427244939
k__Bacteria;p__Proteobacteria;c__Betaproteobacteria;o__Burkholderiales;f__Sutterellaceae;g__Sutterella;s__Sutterella_wadsworthensis	-0.00659220711238	-0.0146018300856	0.0140617613767	0.0158305555504	-0.0139463903094	0.0113376523904	-0.00332697615712	-0.037653800692	0.0138673511116	-0.0135677394999	-0.0370159777116	-0.0221529068274	-0.0589455115675	-0.0661394377448	0.00351715970029	-0.0016217631404	0.0493521784448	1.0	0.0339936229647	-0.036563650921	0.0607273446721	-0.035041436255	-0.0150321910345	-0.0252590522248	0.00852249955937	0.0648394365714	-0.0534737493374	-0.0141876775572	-0.0293940269227	-0.0464022764632	-0.00830792292473	-0.0148330739609	-0.0228995195005	-0.00609541690268	-0.0140952599118	0.00946365091314	-0.0189408429542	0.0684117015484	0.0115688695372	0.0102447255833	-0.0774522911891	0.0613060608292	0.0309965639301	-0.0540864158235	0.0204257824149	0.0441155997292	-0.0312282049576	0.0307927941415	-0.0174775586645	-0.00436182990347	-0.046683366257	-0.0497909959059	0.0652618427726	-0.0150606610595	-0.0327597986265	-0.0658048347198	-0.0166825018779	-0.0195583133988	0.00839396892567
k__Bacteria;p__Bacteroidetes;c__Bacteroidia;o__Bacteroidales;f__Porphyromonadaceae;g__Barnesiella;s__Barnesiella_intestinihominis	0.0125610907773	-0.0227067434509	0.00431305925257	0.0139649118651	-0.0329348587058	0.00620492818683	0.0470557359122	-0.0073737584665	-0.0335724299524	-0.0666222462583	-0.0302378885934	0.11278606476	-0.0600044557681	-0.0114219576606	-0.00612534542821	0.00800647238236	-0.0026693547611	0.0339936229647	1.0	-0.0317705806525	0.0224290201147	-0.0344819044793	-0.0208386735457	0.000809999213581	-0.0455289844103	-0.0350751560346	0.0642270223758	0.0332699942204	-0.0242817410311	-0.0313365897898	-0.0193687490526	0.00266732823558	0.014578574039	0.0205660391134	-0.0347886048419	0.0273454311373	-0.014956067452	0.0249261106856	-0.0607892411731	-0.000285349758198	0.0389676934728	-0.000863243830979	0.0128350135237	-0.0332473670937	0.00254996785744	-0.0579342240292	0.0191529675308	0.0103589338894	-0.0123157241164	0.00255066523615	-0.034136810556	0.00335212529358	-0.0257989774344	-0.0454443161633	-0.0251724586134	0.0601692916442	-0.0756587263766	-0.0506195138194	0.00984637444183
k__Bacteria;p__Bacteroidetes;c__Bacteroidia;o__Bacteroidales;f__Odoribacteraceae;g__Odoribacter;s__Odoribacter_splanchnicus	-0.0525915406491	0.000898302330736	0.027679931145	-0.0149827493243	-0.0434220917334	0.0256721160811	-0.0175666643422	0.00363424038181	-0.00565682767273	-0.023627302864	0.012936923697	-0.0422026669822	-0.0193192131882	-0.00772121631264	-0.0774258257226	-0.00540415242336	0.0142829370701	-0.036563650921	-0.0317705806525	1.0	-0.0797924362955	-0.024238726635	-0.00169293954968	0.00946307718903	-0.0367255033924	-0.0474319768325	0.0192426248161	0.0144461623603	-0.00860670197184	-0.0809130939994	0.0396210287861	0.0114441054159	0.0830677487814	-0.0428452390657	-0.0228183081785	0.0409672407616	0.00768015644706	0.00050813863935	0.0210511616654	-0.00306150252525	-0.0378502980072	-0.0574338270973	-0.0576240405502	0.0352732239402	-0.025601720664	0.0196410998001	-0.0152478943706	0.0118128569557	0.00595602164904	0.0348282667925	-0.0363154658725	-0.00605870380126	0.0192646872473	-0.00721588159916	0.0111080313638	0.0329588021845	0.0429803318272	-0.0229984513463	0.00563313192564
k__Bacteria;p__Bacteroidetes;c__Bacteroidia;o__Bacteroidales;f__Bacteroidaceae;g__Bacteroides;s__Bacteroides_salyersiae	-0.035483549394	0.0181835788525	-0.0386113070606	0.0336071846636	-0.0566288084973	-0.0739547112021	0.00709193778516	0.00788403704193	-0.0171442393772	-0.0438773451917	-0.0430501379163	-0.0220781356588	-0.0133907758865	-0.0525763974406	0.0202847802212	0.0434116894562	0.0383860216793	0.0607273446721	0.0224290201147	-0.0797924362955	1.0	-0.0452217864363	0.0145905867457	0.00358214150914	-0.059227062889	-0.0248149728895	0.0403741605992	0.0352313010338	-0.0273506873407	-0.0142009022116	-0.046174693818	0.0339797504611	-0.0368165129663	0.0335608145463	-0.0109101782488	0.000665628225384	0.0196839660857	0.00516232741182	0.0228325382444	-0.00756898950583	0.0270774717118	-0.0638835928885	-0.00484972300581	-0.061208153739	0.0223399935376	0.0348117214305	0.0155273182082	0.0321575742911	0.072203409505	-0.0172137808623	0.0246835791446	-0.0412422196479	-0.0318062156539	0.0469784229309	0.00304477841891	0.0160038165343	0.0132774616418	-0.0143100551873	0.0176165758068
k__Bacteria;p__Firmicutes;c__Clostridia;o__Clostridiales;f__Ruminococcaceae;g__Ruminiclostridium;s__[Eubacterium]_siraeum	0.0576047559909	0.0238485771535	-0.015344636524	-0.0535766961048	0.00374045287802	-0.037566043404	-0.0160539785159	0.0431222983569	-0.0473672955492	-0.00371988245345	0.0619494900029	-0.0449320500957	-0.00845448413714	-0.0300943940002	-0.0302368534636	0.0526226610509	0.0252199265757	-0.035041436255	-0.0344819044793	-0.024238726635	-0.0452217864363	1.0	-0.05759149044	-0.00655610707534	0.0698313462449	0.0265683288366	-0.0515471902235	-0.0169946535568	-0.0337299536462	-0.0206762275782	-0.00991873506782	-0.0166963914944	0.0513748117492	-0.0554129026346	-0.0457929684861	0.0229145382258	0.0058499293296	0.00469016898402	0.0135717627199	0.0141866484565	-0.0401579591046	-0.0210851511971	0.0185506434659	0.0181154848688	0.039789907983	-0.0216588906354	0.00369559073083	-0.0281912546364	0.0112459836195	-0.00451632652467	-0.0347021936709	0.051005386903	0.0204388126308	0.00892586535835	-0.0233956405508	-0.0783554174794	0.0231839378211	0.0221945437577	-0.0266458298091
k__Bacteria;p__Proteobacteria;c__Betaproteobacteria;o__Burkholderiales;f__Sutterellaceae;g__Parasutterella;s__Parasutterella_excrementihominis	-0.113976358434	0.0270514028988	-0.0134219263816	-0.0455664157783	-0.0203162082991	-0.0244074589633	0.0265783468734	0.00155321184263	0.0257873337004	0.0131126209416	-0.0518734792224	-0.0301884418673	0.0122596471788	0.0208213353617	0.0334896531693	-0.0716751482391	0.0651186093761	-0.0150321910345	-0.0208386735457	-0.00169293954968	0.0145905867457	-0.05759149044	1.0	-0.0689972817563	-0.0330670427321	-0.00654620351635	-0.0484372487753	-0.00441369294473	-0.0203676159746	-0.047995599086	-0.0205743118921	-0.0126172913904	-0.0287410927093	0.0496201305192	0.0582507813251	0.0267990079774	-0.0065690768948	-0.00337902838964	-0.0453931074677	-0.00873744544108	-0.0442400879372	-0.0101561710491	-0.0212273020854	-0.0284848799523	0.0193656134182	0.0302921810951	-0.0264471006989	-0.0369889104499	-0.00101740856386	0.048096306079	0.00840460210237	0.0144926287641	0.0135630949585	-0.0530055225645	-0.00954780416364	-0.0291524454211	0.00551082667909	-0.0103644133869	0.00898292247691
k__Bacteria;p__Actinobacteria;c__Actinobacteria;o__Bifidobacteriales;f__Bifidobacteriaceae;g__Bifidobacterium;s__Bifidobacterium_adolescentis	-0.0313746569622	0.0339605919786	0.0213619261982	-0.018595859087	0.00378514359255	-0.0111832483048	-0.0111566866341	0.0159613621547	-0.0218087394896	-0.0644410832715	-0.0650971728118	0.0259377901151	0.025623295411	-0.00686804712738	-0.0243771311203	-0.0200281965055	-0.110365662438	-0.0252590522248	0.000809999213581	0.00946307718903	0.00358214150914	-0.00655610707534	-0.0689972817563	1.0	-0.010210876321	0.020687227388	-0.0740585909172	-0.0205407277533	0.00162913076067	-0.01357777114	-0.00820632031691	-0.0128447751922	-0.0418684641881	-0.00919489097055	-0.000570536078696	0.00799305672249	0.0213615952496	-0.0483590358457	0.0190075421524	-0.00875931967535	0.00416289691688	-0.0305622324102	-0.0233001996518	0.0294131951819	-0.00404028290876	-0.0499463191883	0.0230773247278	-0.0396524249939	-0.00506554481169	-0.0422676096221	0.026849109599	0.0051159251354	0.00149891645037	-0.0161310748162	0.0146286377536	-0.00422786543649	0.00684806009391	0.000368844668108	0.0502794205767
k__Bacteria;p__Firmicutes;c__Clostridia;o__Clostridiales;f__Oscillospiraceae;g__Oscillibacter;s__Oscillibacter_sp._KLE_1745	0.046532207798	-0.0103447874326	0.000891639170388	0.0206474182788	-0.00533548658553	0.00666289425771	0.0317045120795	-0.0127470763178	0.0426121900991	-0.00837633825432	0.0286629875014	-0.0127299727472	-0.0062173922232	0.00421803401501	-0.0380785860631	0.0455907374967	-0.00701346705312	0.00852249955937	-0.0455289844103	-0.0367255033924	-0.059227062889	0.0698313462449	-0.0330670427321	-0.010210876321	1.0	0.0272485180562	0.0243949504329	0.0403702716059	0.0323969219358	-0.0127288444576	-0.0421906693161	-0.0612360558271	-0.0172593730649	-0.0800732630243	0.000385789720791	-0.0850121942542	0.0454335268282	0.0640916887004	0.0109223293793	-0.00694314408193	-0.0258676293192	0.00484930662161	0.0132253618701	0.0062954872761	0.0246868322818	0.0630777194401	-0.0608963865458	-0.0632056979502	-0.0302389965838	-0.0182420566778	-0.00867677920934	-0.0284362709241	-0.0123484049338	0.00450425427962	0.0525315017764	0.0422846818174	-0.00882874408639	0.0261905995096	0.00170995271184
k__Bacteria;p__Bacteroidetes;c__Bacteroidia;o__Bacteroidales;f__Bacteroidaceae;g__Bacteroides;s__Bacteroides_coprophilus	0.00786859960468	-0.0172851062117	-0.0368560341173	-0.0441983259909	0.00805715986534	-0.0282822594869	0.021010167484	0.00319500382148	-0.0374564366526	-0.0375748619423	0.0398255049002	-0.030751686783	0.0541183415179	-0.00917017322407	-0.0257937931836	-0.000800296991171	-0.0336976910489	0.0648394365714	-0.0350751560346	-0.0474319768325	-0.0248149728895	0.0265683288366	-0.00654620351635	0.020687227388	0.0272485180562	1.0	-0.0227495781622	0.0435422119709	-0.040047636675	0.00588393251715	-0.0137107561442	-0.0526038423587	-0.0205149707819	-0.0525940988943	0.00905422306218	0.0312238440036	0.0347516352021	-0.0360104443246	-0.0104782241243	-0.00588257833592	-0.0475334903048	-0.00933783546735	-0.0221067715205	0.0398710302054	0.00757898547676	0.0171616710098	-0.0125465789226	0.0018169705363	0.00593901566173	-0.0339850165668	0.0169691197845	-0.0101614445823	0.0360954536911	-0.03345034148	-0.0280873787894	0.0254522847771	-0.00613559398146	0.0139296013837	0.0412497395956
k__Bacteria;p__Firmicutes;c__Clostridia;o__Clostridiales;f__Lachnospiraceae;g__Roseburia;s__Roseburia_intestinalis	0.0391703988692	-0.000625498540604	-0.00569974430879	-0.0519415594066	-0.0150288856708	-0.00275133277833	-0.0146316935727	0.0224515715359	0.058638935299	-0.063396465194	0.0502738508252	0.0433597295394	-0.00564257702014	-0.0332601955751	0.0441925744908	-0.0249095184975	0.00790802023349	-0.0534737493374	0.0642270223758	0.0192426248161	0.0403741605992	-0.0515471902235	-0.0484372487753	-0.0740585909172	0.0243949504329	-0.0227495781622	1.0	-0.0274752020395	-0.0201580026854	0.0213247764301	-0.0403304645392	-0.0118423092174	-0.037829830737	-0.0090561481925	-0.0496019351258	-0.00198982561151	-0.039244069417	-0.0303381771118	-0.0480244321463	-0.0976669909998	-0.0107998729448	0.00650846167483	0.00884373191792	-0.000842174021728	-0.000429566937946	-0.0100657866917	-0.00999757133872	-0.013264157671	0.016089477789	-0.0127115908327	-0.0429675752479	0.0220766897664	0.0198205728316	0.000385574103461	-0.00812728341386	-0.00586717663479	0.00994548589114	0.0193172275815	-0.00860369570916
k__Bacteria;p__Firmicutes;c__Clostridia;o__Clostridiales;f__Lachnospiraceae;g__Roseburia;s__Roseburia_hominis	-0.0234112377488	-0.00347333782294	-0.00990393646597	0.000110604505027	0.0209964471301	-0.00837894179138	-0.0418941312853	-0.0206147526728	0.0278398358563	0.0165405908401	0.0226354286844	0.0531694727796	0.00211313673923	-0.0708217874065	-0.00461693489683	-0.0310137279091	-0.0349565787547	-0.0141876775572	0.0332699942204	0.0144461623603	0.0352313010338	-0.0169946535568	-0.00441369294473	-0.0205407277533	0.0403702716059	0.0435422119709	-0.0274752020395	1.0	0.0242968099054	-0.037966185821	0.0297374891895	-0.0289794311823	-0.025635423629	-0.0541997254122	-0.0313535614571	-0.0222604108354	-0.0450868335204	0.077568314502	-0.0482957329972	0.0335132242723	-0.00165494089766	-0.0286624059758	-0.0279575225757	-0.0606198784323	0.0519504830968	-0.0459376212762	-0.0505518262085	0.016851874942	0.00755618824988	0.030732517431	-0.0663866475117	0.0367548818047	0.0246809952608	0.0471865295601	0.00819673066866	-0.0469368133248	-0.0193451329033	-0.104678051596	0.0568299695953
k__Bacteria;p__Bacteroidetes;c__Bacteroidia;o__Bacteroidales;f__Porphyromonadaceae;g__Parabacteroides;s__Parabacteroides_johnsonii	0.0667055158647	0.00781298231341	-0.0240437859199	-0.008850298945	0.0374354735894	0.0159920911749	0.0164931511731	-0.032607931645	0.038675044568	-0.03328202302	0.0856677142738	-0.0122159195665	0.00260620316521	0.0516788446662	0.0545581464501	-0.0160514412217	-0.085713421108	-0.0293940269227	-0.0242817410311	-0.00860670197184	-0.0273506873407	-0.0337299536462	-0.0203676159746	0.00162913076067	0.0323969219358	-0.040047636675	-0.0201580026854	0.0242968099054	1.0	-0.0147416999964	-0.0371210505969	-0.0322221256198	-0.0581741315732	-0.00304408944822	0.00729060151715	-0.0499904356187	0.00543055928031	0.0348421647126	0.0115343138285	-0.0444343406899	0.0176925246814	-0.0448851372834	0.00640047535306	-0.0164638668083	-0.0410726262256	-0.0239570048857	0.0755036222141	0.0197893939048	0.023625659634	-0.0058636984506	0.0344553389525	0.0776551655553	-0.0433751456871	-0.00508659054169	-0.0165623979294	0.000694262722789	0.0753505524282	-0.00403891640053	-0.0692384484459
k__Bacteria;p__Actinobacteria;c__Actinobacteria;o__Bifidobacteriales;f__Bifidobacteriaceae;g__Bifidobacterium;s__Bifidobacterium_longum	0.0748312318308	-0.00413690020569	-0.0226040987493	0.00678306877419	-0.00943967758844	-0.0307105604463	-0.0181529585229	0.0177619751993	0.00438413913999	0.0150667279702	-0.0700388294165	-0.0152994560247	0.00924859023798	0.026414684616	-0.0734918655748	-0.0376449798138	0.0125484508405	-0.0464022764632	-0.0313365897898	-0.0809130939994	-0.0142009022116	-0.0206762275782	-0.047995599086	-0.01357777114	-0.0127288444576	0.00588393251715	0.0213247764301	-0.037966185821	-0.0147416999964	1.0	0.0249863300958	-0.0254273822219	0.0673876751697	-0.0372254368806	-0.0070172451764	0.0411797576551	-0.00874869071912	-0.0108427479467	-0.0123540865923	0.0126410004538	-0.00492601796408	0.0239409461544	0.053353225129	0.0231076742553	0.0272815703645	0.04079890775	0.0578352119897	0.000784809755122	-0.00700312055548	3.09471048022e-05	-0.00540097122627	-0.0236691221442	-0.00964510430252	-0.00737870522321	-0.00441467581194	-0.0148483421537	0.00542612333703	-0.0751549889658	-0.0494972708145
