#taxonomy	k__Bacteria;p__Bacteroidetes;c__Bacteroidia;o__Bacteroidales;f__Bacteroidaceae;g__Bacteroides;s__Bacteroides_vulgatus	k__Bacteria;p__Bacteroidetes;c__Bacteroidia;o__Bacteroidales;f__Bacteroidaceae;g__Bacteroides;s__Bacteroides_uniformis	k__Bacteria;p__Bacteroidetes;c__Bacteroidia;o__Bacteroidales;f__Rikenellaceae;g__Alistipes;s__Alistipes_putredinis	k__Bacteria;p__Bacteroidetes;c__Bacteroidia;o__Bacteroidales;f__Prevotellaceae;g__Prevotella;s__Prevotella_copri	k__Bacteria;p__Bacteroidetes;c__Bacteroidia;o__Bacteroidales;f__Bacteroidaceae;g__Bacteroides;s__Bacteroides_stercoris	k__Bacteria;p__Bacteroidetes;c__Bacteroidia;o__Bacteroidales;f__Bacteroidaceae;g__Bacteroides;s__Bacteroides_ovatus	k__Bacteria;p__Bacteroidetes;c__Bacteroidia;o__Bacteroidales;f__Rikenellaceae;g__Alistipes;s__Alistipes_shahii	k__Bacteria;p__Firmicutes;c__Clostridia;o__Clostridiales;f__Ruminococcaceae;g__Faecalibacterium;s__Faecalibacterium_prausnitzii	k__Bacteria;p__Bacteroidetes;c__Bacteroidia;o__Bacteroidales;f__Rikenellaceae;g__Alistipes;s__Alistipes_finegoldii	k__Bacteria;p__Bacteroidetes;c__Bacteroidia;o__Bacteroidales;f__Porphyromonadaceae;g__Parabacteroides;s__Parabacteroides_distasonis	k__Bacteria;p__Bacteroidetes;c__Bacteroidia;o__Bacteroidales;f__Bacteroidaceae;g__Bacteroides;s__Bacteroides_thetaiotaomicron	k__Bacteria;p__Bacteroidetes;c__Bacteroidia;o__Bacteroidales;f__Bacteroidaceae;g__Bacteroides;s__Bacteroides_coprocola	k__Bacteria;p__Bacteroidetes;c__Bacteroidia;o__Bacteroidales;f__Bacteroidaceae;g__Bacteroides;s__Bacteroides_cellulosilyticus	k__Bacteria;p__Bacteroidetes;c__Bacteroidia;o__Bacteroidales;f__Rikenellaceae;g__Alistipes;s__Alistipes_obesi	k__Bacteria;p__Firmicutes;c__Clostridia;o__Clostridiales;f__Lachnospiraceae;g__;s__[Eubacterium]_rectale	k__Bacteria;p__Bacteroidetes;c__Bacteroidia;o__Bacteroidales;f__Bacteroidaceae;g__Bacteroides;s__Bacteroides_plebeius	k__Bacteria;p__Bacteroidetes;c__Bacteroidia;o__Bacteroidales;f__Bacteroidaceae;g__Bacteroides;s__Bacteroides_fragilis	k__Bacteria;p__Proteobacteria;c__Betaproteobacteria;o__Burkholderiales;f__Sutterellaceae;g__Sutterella;s__Sutterella_wadsworthensis	k__Bacteria;p__Bacteroidetes;c__Bacteroidia;o__Bacteroidales;f__Porphyromonadaceae;g__Barnesiella;s__Barnesiella_intestinihominis	k__Bacteria;p__Bacteroidetes;c__Bacteroidia;o__Bacteroidales;f__Odoribacteraceae;g__Odoribacter;s__Odoribacter_splanchnicus	k__Bacteria;p__Bacteroidetes;c__Bacteroidia;o__Bacteroidales;f__Bacteroidaceae;g__Bacteroides;s__Bacteroides_salyersiae	k__Bacteria;p__Firmicutes;c__Clostridia;o__Clostridiales;f__Ruminococcaceae;g__Ruminiclostridium;s__[Eubacterium]_siraeum	k__Bacteria;p__Proteobacteria;c__Betaproteobacteria;o__Burkholderiales;f__Sutterellaceae;g__Parasutterella;s__Parasutterella_excrementihominis	k__Bacteria;p__Actinobacteria;c__Actinobacteria;o__Bifidobacteriales;f__Bifidobacteriaceae;g__Bifidobacterium;s__Bifidobacterium_adolescentis	k__Bacteria;p__Firmicutes;c__Clostridia;o__Clostridiales;f__Oscillospiraceae;g__Oscillibacter;s__Oscillibacter_sp._KLE_1745	k__Bacteria;p__Bacteroidetes;c__Bacteroidia;o__Bacteroidales;f__Bacteroidaceae;g__Bacteroides;s__Bacteroides_coprophilus	k__Bacteria;p__Firmicutes;c__Clostridia;o__Clostridiales;f__Lachnospiraceae;g__Roseburia;s__Roseburia_intestinalis	k__Bacteria;p__Firmicutes;c__Clostridia;o__Clostridiales;f__Lachnospiraceae;g__Roseburia;s__Roseburia_hominis	k__Bacteria;p__Bacteroidetes;c__Bacteroidia;o__Bacteroidales;f__Porphyromonadaceae;g__Parabacteroides;s__Parabacteroides_johnsonii	k__Bacteria;p__Actinobacteria;c__Actinobacteria;o__Bifidobacteriales;f__Bifidobacteriaceae;g__Bifidobacterium;s__Bifidobacterium_longum	k__Bacteria;p__Firmicutes;c__Clostridia;o__Clostridiales;f__;g__Flavonifractor;s__Flavonifractor_plautii	k__Bacteria;p__Firmicutes;c__Clostridia;o__Clostridiales;f__Clostridiaceae;g__Clostridium;s__Clostridium_phoceensis	k__Bacteria;p__Verrucomicrobia;c__Verrucomicrobiae;o__Verrucomicrobiales;f__Akkermansiaceae;g__Akkermansia;s__Akkermansia_muciniphila	k__Bacteria;p__Bacteroidetes;c__Bacteroidia;o__Bacteroidales;f__Prevotellaceae;g__Paraprevotella;s__Paraprevotella_xylaniphila	k__Bacteria;p__Firmicutes;c__Clostridia;o__Clostridiales;f__Ruminococcaceae;g__Ruminococcus;s__Ruminococcus_callidus	k__Bacteria;p__Bacteroidetes;c__Bacteroidia;o__Bacteroidales;f__Rikenellaceae;g__Alistipes;s__Alistipes_senegalensis	k__Bacteria;p__Firmicutes;c__Clostridia;o__Clostridiales;f__Lachnospiraceae;g__Blautia;s__Blautia_sp._KLE_1732	k__Bacteria;p__Bacteroidetes;c__Bacteroidia;o__Bacteroidales;f__Bacteroidaceae;g__Bacteroides;s__Bacteroides_oleiciplenus	k__Bacteria;p__Firmicutes;c__Clostridia;o__Clostridiales;f__Ruminococcaceae;g__Ruminococcus;s__Ruminococcus_bicirculans	k__Bacteria;p__Bacteroidetes;c__Bacteroidia;o__Bacteroidales;f__Bacteroidaceae;g__Bacteroides;s__Bacteroides_fluxus	k__Bacteria;p__Bacteroidetes;c__Bacteroidia;o__Bacteroidales;f__Prevotellaceae;g__Prevotella;s__Prevotella_stercorea	k__Bacteria;p__Firmicutes;c__Clostridia;o__Clostridiales;f__Lachnospiraceae;g__Dorea;s__Dorea_longicatena	k__Bacteria;p__Firmicutes;c__Clostridia;o__Clostridiales;f__Eubacteriaceae;g__Eubacterium;s__[Eubacterium]_eligens	k__Bacteria;p__Firmicutes;c__Clostridia;o__Clostridiales;f__Ruminococcaceae;g__;s__Ruminococcaceae_bacterium_D16	k__Bacteria;p__Firmicutes;c__Clostridia;o__Clostridiales;f__Lachnospiraceae;g__Coprococcus;s__Coprococcus_comes	k__Bacteria;p__Proteobacteria;c__Gammaproteobacteria;o__Enterobacterales;f__Enterobacteriaceae;g__Escherichia;s__Escherichia_coli	k__Bacteria;p__Firmicutes;c__Clostridia;o__Clostridiales;f__Ruminococcaceae;g__Anaerotruncus;s__Anaerotruncus_colihominis	k__Bacteria;p__Firmicutes;c__Clostridia;o__Clostridiales;f__Lachnospiraceae;g__Blautia;s__Blautia_obeum	k__Bacteria;p__Bacteroidetes;c__Bacteroidia;o__Bacteroidales;f__Odoribacteraceae;g__Odoribacter;s__Odoribacter_laneus	k__Bacteria;p__Firmicutes;c__Clostridia;o__Clostridiales;f__Ruminococcaceae;g__Ruminiclostridium;s__[Clostridium]_leptum	k__Bacteria;p__Bacteroidetes;c__Bacteroidia;o__Bacteroidales;f__Porphyromonadaceae;g__Parabacteroides;s__Parabacteroides_goldsteinii	k__Bacteria;p__Firmicutes;c__Clostridia;o__Clostridiales;f__Lachnospiraceae;g__Anaerostipes;s__Anaerostipes_hadrus	k__Bacteria;p__Firmicutes;c__Clostridia;o__Clostridiales;f__Ruminococcaceae;g__Ruminococcus;s__Ruminococcus_lactaris	k__Bacteria;p__Firmicutes;c__Clostridia;o__Clostridiales;f__Clostridiaceae;g__Clostridium;s__Clostridium_sp._L2-50	k__Bacteria;p__Firmicutes;c__Clostridia;o__Clostridiales;f__Clostridiaceae;g__Clostridium;s__Clostridium_sp._M62/1	k__Bacteria;p__Firmicutes;c__Clostridia;o__Clostridiales;f__;g__Intestinimonas;s__Intestinimonas_butyriciproducens	k__Bacteria;p__Actinobacteria;c__Actinobacteria;o__Bifidobacteriales;f__Bifidobacteriaceae;g__Bifidobacterium;s__Bifidobacterium_bifidum	k__Bacteria;p__Firmicutes;c__Negativicutes;o__Veillonellales;f__Veillonellaceae;g__Dialister;s__Dialister_invisus	k__Bacteria;p__Bacteroidetes;c__Bacteroidia;o__Bacteroidales;f__Bacteroidaceae;g__Bacteroides;s__Bacteroides_salanitronis
k__Bacteria;p__Bacteroidetes;c__Bacteroidia;o__Bacteroidales;f__Bacteroidaceae;g__Bacteroides;s__Bacteroides_vulgatus	1.0	0.0423356006806	-0.0252089412019	-0.0615143543966	0.00615712411322	0.0359721052769	-0.009590041105	-0.0129311722392	-0.00820819280938	-0.0222638377901	-0.012517550641	-0.0230299551402	-0.0420352935209	-0.0759156152121	-0.0104699843664	-0.0161992013768	-0.0311997448264	-0.00448441789553	0.000206732647013	-0.00582940211285	-0.0353880018602	0.0721267672356	0.0186494081608	-0.0157627113871	0.00159945082973	0.0607606167372	-0.0437462574553	-0.0669079634104	-0.0291093369127	-0.000493120030539	-0.01570826642	-0.0416940889538	0.000116208812267	-0.048198437764	-0.0481262028355	-0.000631220490549	-0.00350197083179	-0.00657696713349	0.0481895187157	-0.0233396696185	0.0315940598632	-0.0901216000005	-0.0209451447595	0.0302061029341	-0.0228696484755	0.0213026642062	0.00469987695373	0.0101975964176	0.00448953330277	-0.079095379149	0.00843753836002	-0.0337699511667	0.0224454088091	0.0304025096146	0.0201907232434	-0.0370547140133	-0.0371825648684	0.0733706641654	-0.0382167790397
k__Bacteria;p__Bacteroidetes;c__Bacteroidia;o__Bacteroidales;f__Bacteroidaceae;g__Bacteroides;s__Bacteroides_uniformis	0.0423356006806	1.0	0.0316541484893	0.0402732554455	-0.00717166374528	-0.0588051403669	0.0154193510154	-0.0026433062175	-0.0305124019757	-0.0848993087057	0.00184211226316	-0.0483411447141	0.0233401332986	-0.0166229518918	-0.013493862642	-0.00807629322387	0.00195590429073	-0.0175135694956	0.0201339112119	-0.020600043714	-0.0157283303526	-0.00497178062395	0.0383766802333	0.00581562149267	-0.0411021843878	-0.0192370597603	-0.0111315817891	-0.0388629560299	-0.0215436217056	-0.0126688497959	0.0240146457704	0.0333098833603	0.0204664153103	0.00895801993737	-0.00357720516071	0.0324568579191	0.0260479255574	0.00354913202747	0.0169057054533	-0.0152869271668	0.0248843875812	0.0284163420118	0.0135269857802	-0.0495228758196	0.00389832581625	-0.0207466869484	0.00873567447419	0.0158417383606	-0.0415725919681	0.0349271332311	0.00123961718857	-0.00353949733042	-0.0191047377067	0.0278868541639	-0.019959112363	-0.018282164912	0.011463747357	0.0290761127342	-0.0363401167698
k__Bacteria;p__Bacteroidetes;c__Bacteroidia;o__Bacteroidales;f__Rikenellaceae;g__Alistipes;s__Alistipes_putredinis	-0.0252089412019	0.0316541484893	1.0	0.052562125582	0.00414076196332	-0.00908948812165	-0.00872203299309	0.0108337755404	-0.0459623118284	0.0208730043966	-0.0397209322311	0.0148311411365	0.0501197070463	0.0377781128395	0.0319738571993	0.0574936782998	0.0180488151614	0.0128921395207	-0.0092846496719	-0.0528906796171	-0.0546923359068	-0.0210073393685	-0.02650861145	0.00943525955106	-0.0300628522211	0.104006051701	0.0209143616331	-0.0573761492041	-0.0543434827038	-0.0451902558034	-0.0443614136965	0.0159310455935	-0.00643874952785	0.000456737947327	-0.0711744276106	0.0146842554092	-0.00329761148201	0.00370283990033	0.0334923662568	-0.023289440434	0.0142237961991	0.0130068496851	0.0166155092123	-0.0134704945688	0.0266066963565	-0.043044724171	0.00782621389107	-0.0519770404744	0.0291699125793	-0.0714972311202	-0.0311366193232	-0.0475507629396	-0.0419899593945	-0.0310717316946	0.0146313566683	0.0151622334306	0.00397156304254	0.0171879843186	-0.0259290741917
k__Bacteria;p__Bacteroidetes;c__Bacteroidia;o__Bacteroidales;f__Prevotellaceae;g__Prevotella;s__Prevotella_copri	-0.0615143543966	0.0402732554455	0.052562125582	1.0	0.00982762955909	-0.00151392769892	-0.0187895033948	-0.012170880385	-0.0624195306478	-0.00628723211197	-0.0227457164162	-0.0132230716064	-0.099444402011	0.043532926776	-0.0885629491338	-0.0212551311335	0.0356703040784	0.017369000536	0.026196629085	-0.0765941455348	-0.040737274348	0.0523203988017	-0.0387962850434	-0.0379344075805	-0.000346905308969	-0.0244769229284	0.01221774222	-0.0268910840327	-0.0115666522106	-0.0173193138163	-0.0689149585504	-0.00256129558736	-0.0893339030814	0.0638715579268	0.0419125292689	-0.0190584142225	0.0316641782106	-0.0628128726423	0.00974789026754	-0.0200639337602	0.033238634104	0.0107103499174	0.0240069813578	0.00864244007944	0.00120213669385	-0.0119253295437	-0.0376750961161	0.0190548587685	-0.0369257437945	0.0107011330959	0.0143361030138	0.00047994479656	0.00445556955217	-0.00520966539383	-0.0102293653643	0.05537734188	-0.0216187557398	-0.011113651415	0.00474938052291
k__Bacteria;p__Bacteroidetes;c__Bacteroidia;o__Bacteroidales;f__Bacteroidaceae;g__Bacteroides;s__Bacteroides_stercoris	0.00615712411322	-0.00717166374528	0.00414076196332	0.00982762955909	1.0	-0.0201077749305	-0.0648589112315	-0.00857510118687	0.0123781641815	-0.0593931017031	8.35831503315e-05	-0.0316890507103	-0.0218637209166	-0.00974769783323	-0.0126235537979	-0.0639027992188	0.00786894794151	0.0822968313439	-0.023741979323	-0.0080237379638	0.0343504818704	-0.0402809091349	0.0038324606125	-0.0559492452591	0.0212587790697	-0.026545867159	0.0712035360737	0.00549571172082	0.00457575027414	-0.0128756862611	-0.0250642275793	0.0018637816277	0.0136600360343	-0.00711360308961	0.00450123732917	-0.0166008407309	0.0549263958585	0.0423549777348	-0.0480462213154	0.00814178452911	-0.0643061070935	-0.0285835715595	0.0674893294581	-0.0147332212248	-0.00471791496056	-0.0435816651572	0.0788689044966	0.0765046696919	-0.0401912491744	-0.0539636856094	0.0116721360009	-0.0241759384836	-0.00384465950496	-0.00146235841692	-0.033945874546	-0.0104448274373	0.000173070050754	0.0166799148304	0.0625940562542
k__Bacteria;p__Bacteroidetes;c__Bacteroidia;o__Bacteroidales;f__Bacteroidaceae;g__Bacteroides;s__Bacteroides_ovatus	0.0359721052769	-0.0588051403669	-0.00908948812165	-0.00151392769892	-0.0201077749305	1.0	0.00606102135082	-0.0175637387539	-0.0197408973255	0.0262158079662	-0.0235659593817	-0.0253586346214	-0.0209721405317	-0.0621698699759	0.0144635315425	-0.00326777602526	0.0386439785823	-0.0329520242233	-0.0423651012503	-0.0260944974383	-0.0105576677147	0.0225139759171	-0.0655238158986	0.0255725032021	0.0513296669068	0.0332234018416	-0.0109531148346	0.0468270042798	-0.0359803174311	0.00538868143285	0.0275285113183	-0.00505804324152	0.00870013752458	0.0182545512438	-0.0140577220411	0.00668514680776	0.00775698694224	-0.0192873615925	-0.0559073013937	0.0489298568637	-0.0509628313304	-0.0360181750576	0.0756159787888	0.0480532224235	-0.0283296066845	0.0362803643897	-0.0246111329196	-0.00395711299567	0.0495016996055	0.00921965816841	0.0337653321338	0.0164309606709	-0.0434189802676	0.00145516511473	-0.0413894860758	-0.0394113170936	-0.0359838872957	-0.00219028535629	0.00935063480107
k__Bacteria;p__Bacteroidetes;c__Bacteroidia;o__Bacteroidales;f__Rikenellaceae;g__Alistipes;s__Alistipes_shahii	-0.009590041105	0.0154193510154	-0.00872203299309	-0.0187895033948	-0.0648589112315	0.00606102135082	1.0	-0.0193124536	-0.067123367825	0.0185189725437	0.0113433725637	-0.0319402632174	0.0144773632246	0.00114433854957	-0.0325418992718	-0.0272161909081	0.00828746841119	-0.0352867397965	0.024603232808	-0.00870690820975	-0.06893492578	-0.0229547187694	-0.0104723353768	-0.0441371412772	-0.00453555716002	0.0282891552018	-0.00359891895686	0.0189945228512	-0.0251316068961	0.0054769200441	0.00264064285431	0.0657617035687	-0.0268745680925	-0.0106367122629	0.000514894030228	0.0353259022315	-0.0475639122821	0.0290089290922	-0.0351479364992	-0.0227236389117	0.00203128130341	-0.0416721638281	0.01629855293	-0.0419375912949	-0.00705790892311	-0.0686043316055	-0.00343406596787	-0.032072856423	0.0354139882096	-0.0347847248828	0.0437784238937	-0.0872464779268	-0.0688222753808	0.0209014590664	-0.00224940486659	-0.0381794353691	-0.0111434180256	-0.00480308820803	0.0438227855915
k__Bacteria;p__Firmicutes;c__Clostridia;o__Clostridiales;f__Ruminococcaceae;g__Faecalibacterium;s__Faecalibacterium_prausnitzii	-0.0129311722392	-0.0026433062175	0.0108337755404	-0.012170880385	-0.00857510118687	-0.0175637387539	-0.0193124536	1.0	-0.0100337746574	-0.00730483777925	0.0194105320889	-0.033255814827	0.00553984330839	0.056278064876	-0.00587933398124	-0.0201780028648	-0.0204220042402	0.00436154412605	-0.0467646949568	0.0769455686127	-0.0340116214412	0.0437926184051	-0.0651422588328	0.0304136987722	-0.0101561158117	-0.0515088116866	-0.0187088698698	-0.040194654286	-0.0401731635654	0.0110489730055	0.00889886946464	0.011819066629	-0.0209327978778	-0.026641922015	0.00337402240723	0.031157827392	-0.0193939370885	0.0172230523524	-0.0181954720014	0.0594312260371	-0.0132233991099	0.0374897541043	0.00024933118355	-0.0133494721037	-0.0441158506517	-0.103973853563	0.01221535391	-0.0633689959222	0.0109595696895	-0.0251591893589	-0.000479253362943	0.0136317839557	-0.00599468837706	0.0444341833917	-0.0356819684381	-0.0315341982825	0.0376179102779	-0.0595799889722	-0.00329323652182
k__Bacteria;p__Bacteroidetes;c__Bacteroidia;o__Bacteroidales;f__Rikenellaceae;g__Alistipes;s__Alistipes_finegoldii	-0.00820819280938	-0.0305124019757	-0.0459623118284	-0.0624195306478	0.0123781641815	-0.0197408973255	-0.067123367825	-0.0100337746574	1.0	0.0358784981854	0.0109527132738	-0.0349298191254	0.0645013600849	-0.0394517102279	-0.0116523892651	0.0319840893318	-0.00184860556328	-0.0358419367177	-0.0329700959813	-0.0865803959861	0.0199310246931	-0.0595259531688	-0.00762412337097	0.0524113109138	0.0832943482021	-0.0433066850161	-0.0238475418451	-0.0509381966272	-0.0128571459496	0.0409648923796	-0.0178043412562	-0.00656826776347	0.0151930544359	0.00185239794926	-0.00222364910068	-0.0168622904999	-0.0282607975064	-0.0283765094726	0.00717417265885	0.00233610568528	-0.0249992825571	-0.000488198368812	0.012467504562	0.00507079569719	0.0177915559851	0.0475965363717	-0.0235364598754	-0.000927805410684	0.0183520053233	-0.0755382482198	-0.0288398790891	-0.00566289387181	0.0285909211032	-0.00311102124282	0.06868224248	0.00280172821283	-0.0117380253489	-0.0140021624583	-0.00117680227376
k__Bacteria;p__Bacteroidetes;c__Bacteroidia;o__Bacteroidales;f__Porphyromonadaceae;g__Parabacteroides;s__Parabacteroides_distasonis	-0.0222638377901	-0.0848993087057	0.0208730043966	-0.00628723211197	-0.0593931017031	0.0262158079662	0.0185189725437	-0.00730483777925	0.0358784981854	1.0	-0.0430908961509	0.0666649421175	-0.0552588475271	0.0115966023275	0.0426261267005	0.0393747484533	-0.0251771063983	-0.00399514544699	0.0121224801582	-0.0149987301108	0.0247187427522	0.011086327045	-0.0325968237802	0.0520843001257	-0.0175676790838	0.0184474245187	-0.0433491315955	0.012955857702	0.0162168363071	0.0126654314851	-0.0515869188749	-0.0369347607358	-0.00341767473811	0.00791184390401	-0.0459834372621	0.0340431744431	-0.0422948326214	0.0191258178073	-0.0784529198819	-0.0618786668569	-0.00479778705648	0.00154275846665	0.0529897286137	0.00177286838955	-0.0246522556874	0.0239325721474	-0.00131587680978	0.0332181499665	0.021262748375	-0.0028697496217	-0.0329487053755	-0.0161248298565	0.0308746182778	-0.0256268949043	-0.0576184558224	-0.0399762105776	0.0130264984916	-0.0490177877161	-0.0230874786867
k__Bacteria;p__Bacteroidetes;c__Bacteroidia;o__Bacteroidales;f__Bacteroidaceae;g__Bacteroides;s__Bacteroides_thetaiotaomicron	-0.012517550641	0.00184211226316	-0.0397209322311	-0.0227457164162	8.35831503314e-05	-0.0235659593817	0.0113433725637	0.0194105320889	0.0109527132738	-0.0430908961509	1.0	0.0357696231176	-0.0090831724526	0.0341406060109	-0.00386737797739	0.0332642928769	0.0131559035243	0.0408421331829	-0.0501130362728	0.0201794565807	-0.0175191449807	0.0614951194351	0.0151737138742	-0.0474531512366	-0.0152329065681	0.00615143770621	0.0202836594975	-0.00735201842656	0.0335739906933	0.0082396351002	-0.0538801050668	-0.0448537194106	0.0263822064891	0.0587731762983	0.00872822003811	-0.0280610737969	0.0215645488076	0.00901754954227	-0.0349458735592	-0.0195297397947	-0.00513718610774	-0.0126582626096	-0.0444669876647	0.00341967115304	-0.0673975785961	-0.0389985401902	0.0437215722587	0.00147952677517	-0.0203855222665	0.0368868498293	-0.00525703560271	-0.00738626134136	-0.0113331119645	0.0178001588018	-0.0267236245644	0.0287270085402	-0.0200187392298	-0.0341842274452	-0.00677620826414
k__Bacteria;p__Bacteroidetes;c__Bacteroidia;o__Bacteroidales;f__Bacteroidaceae;g__Bacteroides;s__Bacteroides_coprocola	-0.0230299551402	-0.0483411447141	0.0148311411365	-0.0132230716064	-0.0316890507103	-0.0253586346214	-0.0319402632174	-0.033255814827	-0.0349298191254	0.0666649421175	0.0357696231176	1.0	-0.00192167726594	-0.00393684057311	0.0640890762685	0.0443264205601	-0.00506380515545	0.014193648792	0.039590029971	0.048595428099	-0.00913657926028	0.0198956144031	-0.0158957447889	-0.0180247244627	-0.0282167507587	-0.0480616956961	-0.0414198624818	0.00737048576513	-0.0201700898392	-0.00202396845342	-0.0349691225841	-0.0217594258752	0.0255478183218	-0.0396552286329	-0.053962464093	0.0215162255833	-0.0652809367602	0.0027664100009	-0.00726986063636	0.00917626011428	0.0334423755393	-0.0569100641917	-0.0446872695208	-0.0555676517577	-0.00692424821783	0.0829886977042	-0.0494422019335	-0.045195162018	-0.0458130983229	-0.00701071715319	0.00686225440944	-0.042127444401	-0.00291405702369	0.0653920819466	-8.13801983727e-05	-0.00734408530976	-0.0326740749517	-0.0212955984504	0.00570715806343
k__Bacteria;p__Bacteroidetes;c__Bacteroidia;o__Bacteroidales;f__Bacteroidaceae;g__Bacteroides;s__Bacteroides_cellulosilyticus	-0.0420352935209	0.0233401332986	0.0501197070463	-0.099444402011	-0.0218637209166	-0.0209721405317	0.0144773632246	0.00553984330839	0.0645013600849	-0.0552588475271	-0.0090831724526	-0.00192167726594	1.0	-0.0273220135826	0.00263839910469	-0.0512974254946	-0.00650125060096	-0.0181618994393	0.0153237288176	0.00245601063153	-0.0941546538174	0.0590372637608	-0.00734706060971	0.00457593056075	-0.0505202614507	0.0409375884808	-0.00700662250196	0.0162175506832	0.00527980849083	-0.00906023012435	-0.0342509607834	-0.0371008145976	0.0156209141026	-0.00947527260827	-0.0608704427646	-0.0062913361664	-0.0191291800325	-0.0338409916925	-0.0170718067201	-0.00735524554432	0.0417831061129	-0.0327709988584	0.0163476331658	-0.0100428094359	-0.011238091489	0.00439787596295	-0.0247485126046	0.0194750791172	-0.0277381030841	0.0207845970039	-0.0152079595561	0.0446186728418	0.0173259063383	-0.041754633298	-0.0426661736668	-0.0811733376517	-0.0140895727248	-0.00850995403935	-0.0261112432255
k__Bacteria;p__Bacteroidetes;c__Bacteroidia;o__Bacteroidales;f__Rikenellaceae;g__Alistipes;s__Alistipes_obesi	-0.0759156152121	-0.0166229518918	0.0377781128395	0.043532926776	-0.00974769783323	-0.0621698699759	0.00114433854957	0.056278064876	-0.0394517102279	0.0115966023275	0.0341406060109	-0.00393684057311	-0.0273220135826	1.0	-0.066922648017	-0.00788692849721	-0.0710505026093	0.00756117166098	0.0140517781195	0.000808731523989	0.0101465504984	-0.0567841699931	0.0124353531341	0.0140475552537	-0.00468729449637	0.0174742685141	-0.0341756908299	0.0336990852348	0.0211148968602	0.0563297635032	-0.0643590509322	-0.0538383105012	-0.0166611934448	0.0112171880804	-0.0304437035031	-0.062260110614	-0.0708884884094	0.0320248212151	-0.0323750790814	0.0338132572504	0.0796495207811	0.017710068128	-0.0120369965917	-0.0356531576046	0.0220802305832	-0.0111168466052	0.00695534771833	-0.00732617595728	0.0104507202493	0.00890136236668	-0.0263815699796	-0.00482752985647	0.058773027999	0.0153449498637	-0.0173201982915	-0.0104808159997	-0.0591513164994	0.000495601270766	-0.0281047265616
k__Bacteria;p__Firmicutes;c__Clostridia;o__Clostridiales;f__Lachnospiraceae;g__;s__[Eubacterium]_rectale	-0.0104699843664	-0.013493862642	0.0319738571993	-0.0885629491338	-0.0126235537979	0.0144635315425	-0.0325418992718	-0.00587933398124	-0.0116523892651	0.0426261267005	-0.00386737797739	0.0640890762685	0.00263839910469	-0.066922648017	1.0	0.00778781293308	0.036064183676	-0.0375077830483	-0.0361445005519	-0.0181256221251	-0.0373202837281	-0.0661156295362	-0.0617689989337	-0.0368930220406	-0.0391453876203	0.0449742454494	0.0374372921208	0.0110474986679	0.01765653129	-0.00816846597537	0.0439863896387	-0.0409652548698	0.0701774790553	-0.00671251658206	0.0214913571403	-0.0100708582433	0.0418564633277	-0.00825938359655	0.0171816805868	-0.0240406401778	-0.0158835212131	-0.0184857096079	-0.0585221682718	0.0172533933829	-0.000939586596829	0.0334421795896	-0.0505025815616	0.0501759054732	0.00498189817531	0.0309373361861	-0.00892367225824	-0.0381123061846	-0.0196475751194	-0.013687316101	-0.020502809925	-0.0418469708836	0.0113340700026	-0.0226441761239	-0.0189012622625
k__Bacteria;p__Bacteroidetes;c__Bacteroidia;o__Bacteroidales;f__Bacteroidaceae;g__Bacteroides;s__Bacteroides_plebeius	-0.0161992013768	-0.00807629322387	0.0574936782998	-0.0212551311335	-0.0639027992188	-0.00326777602526	-0.0272161909081	-0.0201780028648	0.0319840893318	0.0393747484533	0.0332642928769	0.0443264205601	-0.0512974254946	-0.00788692849721	0.00778781293308	1.0	0.0328026177409	0.00740199685194	-0.0365358605009	0.0103284846511	0.00833815946606	-0.00348447798869	-0.0381512498124	-0.0189642614163	0.0386115558817	0.0367648812036	0.0372228289137	-0.0282110571278	-0.0735914696343	-0.00667893946816	0.0847795798764	0.00903511605028	-0.0519372510451	0.00508303401682	-0.0540543330293	-0.0235006519283	-0.00779432472167	-0.00873142297039	-0.0294428557944	0.0395860637015	-0.0845739847432	0.0289705807929	0.0181450965355	0.0161889821124	0.000421805182552	-0.0441202519723	-0.0448071797345	-0.00450560307878	0.0128308942836	-0.00535015471555	-0.0173736899125	-0.0119159789397	-0.0564265100454	-0.00706714734894	0.0417188139528	0.01699313498	0.00386187312041	0.00508121629884	0.0202107915735
k__Bacteria;p__Bacteroidetes;c__Bacteroidia;o__Bacteroidales;f__Bacteroidaceae;g__Bacteroides;s__Bacteroides_fragilis	-0.0311997448264	0.00195590429073	0.0180488151614	0.0356703040784	0.00786894794151	0.0386439785823	0.00828746841119	-0.0204220042402	-0.00184860556328	-0.0251771063983	0.0131559035243	-0.00506380515545	-0.00650125060096	-0.0710505026093	0.036064183676	0.0328026177409	1.0	-0.0244404068613	-0.0318164002493	-0.00220490008872	-0.0409412519901	-0.0365514324297	-0.0631553996039	-0.0455009065153	-0.0805806588329	0.00896439509663	0.0236121223784	0.0412705872803	0.00113674992376	0.0100181054962	0.00320155817722	-0.0172893990429	-0.0667853871657	0.0177035753878	-0.00256954275264	-0.0252048015218	-0.0141537748448	-0.00124854388664	-0.0534252116208	-0.0150548914579	0.0132125673369	0.0201744077751	0.0241832390245	0.020674167332	-0.0361906662839	0.00522045583186	0.05222388766	0.0394046516086	-0.0254005498509	-0.0167573494026	-0.0270013809579	0.00150812343492	0.0407976017753	-0.00568123433996	0.00608203243421	-0.00770263407185	-0.0452599495745	-0.00628482115533	-0.00278794808822
k__Bacteria;p__Proteobacteria;c__Betaproteobacteria;o__Burkholderiales;f__Sutterellaceae;g__Sutterella;s__Sutterella_wadsworthensis	-0.00448441789553	-0.0175135694956	0.0128921395207	0.017369000536	0.0822968313439	-0.0329520242233	-0.0352867397965	0.00436154412605	-0.0358419367177	-0.00399514544699	0.0408421331829	0.014193648792	-0.0181618994393	0.00756117166098	-0.0375077830483	0.00740199685194	-0.0244404068613	1.0	-0.00650833925408	-0.0141782959421	-0.0111853651482	0.011088720426	-0.0279901106864	-0.032636749814	0.0499818993743	-0.0155046990018	-0.00175754627627	0.0059413842344	0.0299545687905	-0.0105122723716	0.0236985769576	0.0205470514086	-0.0145891069671	0.00896909153924	-0.0591339619611	-0.0217684482592	0.0173240764397	0.0262493420403	0.0334380363021	0.0284816080387	-0.00650335684509	-0.0512577944663	-0.0118493826605	-0.00171485812328	-0.0239363758677	-0.0205756460519	0.00170287493903	0.00619432633752	-0.025805858008	-0.0241881645584	0.006397330792	-0.0634157228135	-0.0467336863779	-0.0358239477405	0.00166636740085	0.00338443850112	-0.0346855800582	0.0389940488262	-0.00139561713404
k__Bacteria;p__Bacteroidetes;c__Bacteroidia;o__Bacteroidales;f__Porphyromonadaceae;g__Barnesiella;s__Barnesiella_intestinihominis	0.000206732647013	0.0201339112119	-0.0092846496719	0.026196629085	-0.023741979323	-0.0423651012503	0.024603232808	-0.0467646949568	-0.0329700959813	0.0121224801582	-0.0501130362728	0.039590029971	0.0153237288176	0.0140517781195	-0.0361445005519	-0.0365358605009	-0.0318164002493	-0.00650833925408	1.0	0.020416372051	0.0267664158313	0.0425688239849	0.0352129380932	-0.0561185663093	-0.0386057479671	0.0131511291582	0.0156140934493	-0.0552503376257	-0.0345211801171	-0.00798611775567	-0.0397786233398	0.0387075233216	-0.0231022380118	-0.00831632441492	0.00434720662378	-0.0564818268522	-0.0223803467334	0.0307883972027	0.0450154578368	-0.0198031991093	-0.0753338658428	-0.0360475202006	0.0028169422171	-0.010168118101	-0.0161281271723	0.0403022085424	-0.027650663199	0.0268617952645	-0.044668289922	0.0246806285867	0.00152637946632	0.00496108466652	-0.0102454660154	-0.0148192029358	-0.0244290293846	-0.0249021785087	-0.00196137595279	-0.035053448331	0.0517947395906
k__Bacteria;p__Bacteroidetes;c__Bacteroidia;o__Bacteroidales;f__Odoribacteraceae;g__Odoribacter;s__Odoribacter_splanchnicus	-0.00582940211285	-0.020600043714	-0.0528906796171	-0.0765941455348	-0.0080237379638	-0.0260944974383	-0.00870690820975	0.0769455686127	-0.0865803959861	-0.0149987301108	0.0201794565807	0.048595428099	0.00245601063153	0.000808731523989	-0.0181256221251	0.0103284846511	-0.00220490008872	-0.0141782959421	0.020416372051	1.0	-0.0132237576354	0.0049579258286	0.0640131736971	-0.00186418032938	0.0512113151109	0.0146146092414	-0.0362259865276	-0.0764618569775	0.022129088742	-0.0189200154748	-0.0320092539929	-0.00230989449141	0.000872619318425	-0.0190183657289	0.00354262571001	0.0440666138402	0.00990560236978	-0.0392617249459	0.0327882025382	-0.0287580678758	-0.0275930819349	0.00517250414816	0.0137412250206	-0.0129228013411	-0.0316395562509	-0.0255525667029	-0.0139505809439	-0.0180266466415	-0.0725486429799	0.0110034358902	-0.0953035314294	0.0137880432855	0.021685100277	0.0439963320583	-0.00583990381688	-0.0751648866309	0.00134076181482	0.00413906983033	0.0244879646921
k__Bacteria;p__Bacteroidetes;c__Bacteroidia;o__Bacteroidales;f__Bacteroidaceae;g__Bacteroides;s__Bacteroides_salyersiae	-0.0353880018602	-0.0157283303526	-0.0546923359068	-0.040737274348	0.0343504818704	-0.0105576677147	-0.06893492578	-0.0340116214412	0.0199310246931	0.0247187427522	-0.0175191449807	-0.00913657926028	-0.0941546538174	0.0101465504984	-0.0373202837281	0.00833815946606	-0.0409412519901	-0.0111853651482	0.0267664158313	-0.0132237576354	1.0	-0.0361950746514	0.0193363250366	-0.0422356147516	-0.0284066942445	0.012488546714	0.0186310138328	0.0151060414976	-0.00441804345291	-0.0249770434548	-0.0331789029102	0.00465634612262	-0.0370986547371	-0.030510441836	-0.0541645017345	-0.024301059828	0.00958141598099	0.0392639019611	0.0376929069823	0.0210257786371	-0.0173709149398	0.0348618935857	0.0106396750741	-0.0177181359705	-0.00385454588615	0.0419595461581	-0.0282840379877	-0.041637513414	-0.00339807158898	-0.0398187550132	-0.0166339344856	0.0208316681008	-0.0606243962082	-0.00860968520795	0.00748674116428	-0.0512922027912	-0.0318005824876	0.0806881624319	-0.0158385688327
k__Bacteria;p__Firmicutes;c__Clostridia;o__Clostridiales;f__Ruminococcaceae;g__Ruminiclostridium;s__[Eubacterium]_siraeum	0.0721267672356	-0.00497178062395	-0.0210073393685	0.0523203988017	-0.0402809091349	0.0225139759171	-0.0229547187694	0.0437926184051	-0.0595259531688	0.011086327045	0.0614951194351	0.0198956144031	0.0590372637608	-0.0567841699931	-0.0661156295362	-0.00348447798869	-0.0365514324297	0.011088720426	0.0425688239849	0.0049579258286	-0.0361950746514	1.0	0.0378762417469	0.0447836584524	0.0436509951199	-0.0214040445593	-0.000420271368924	0.0207747230426	-0.0538435171081	0.0148188621545	-0.0257512607738	-0.020677753157	-0.0411936719336	-0.0427243063251	-0.0247132480148	-0.0025188307226	0.0220894324861	-0.0135119594734	0.00579089294503	-0.0550318442027	-0.00679299192487	-0.00229436819097	0.0482116681179	-0.0236941669809	-0.0154027789629	-0.0437569974393	0.0179361474122	0.00383887890986	-0.0556208595395	0.0449489398957	0.0129246890265	0.013838665374	-0.0342084079294	-0.0357890804411	0.0505357741532	-0.0597958109462	-0.0309467552247	-0.0279188555688	-0.0352429125034
k__Bacteria;p__Proteobacteria;c__Betaproteobacteria;o__Burkholderiales;f__Sutterellaceae;g__Parasutterella;s__Parasutterella_excrementihominis	0.0186494081608	0.0383766802333	-0.02650861145	-0.0387962850434	0.0038324606125	-0.0655238158986	-0.0104723353768	-0.0651422588328	-0.00762412337097	-0.0325968237802	0.0151737138742	-0.0158957447889	-0.00734706060971	0.0124353531341	-0.0617689989337	-0.0381512498124	-0.0631553996039	-0.0279901106864	0.0352129380932	0.0640131736971	0.0193363250366	0.0378762417469	1.0	0.0813266667832	0.0382627313585	0.0173975217651	-0.0510560847912	-0.0700484633107	0.0275907593266	-0.0214758491679	0.0230378126867	-0.0158021524762	0.00931908196529	0.0126015979489	-0.0397789548889	0.0148871981302	-0.080710669674	-0.0281450670476	0.0633013893618	-0.0573860936036	-0.0165577029048	-0.0162265160276	-0.00310627065608	-0.0527457611834	-0.0620138865579	-0.0517904456426	0.0141308200107	0.0425979976243	0.000186101550531	-0.0337996676906	-0.021123883947	-0.0865323902063	0.00695423489244	0.0184325354358	-0.127247344866	-0.011886619175	-0.00178312446676	-0.0141727906586	0.0230229186444
k__Bacteria;p__Actinobacteria;c__Actinobacteria;o__Bifidobacteriales;f__Bifidobacteriaceae;g__Bifidobacterium;s__Bifidobacterium_adolescentis	-0.0157627113871	0.00581562149267	0.00943525955106	-0.0379344075805	-0.0559492452591	0.0255725032021	-0.0441371412772	0.0304136987722	0.0524113109138	0.0520843001257	-0.0474531512366	-0.0180247244627	0.00457593056075	0.0140475552537	-0.0368930220406	-0.0189642614163	-0.0455009065153	-0.032636749814	-0.0561185663093	-0.00186418032938	-0.0422356147516	0.0447836584524	0.0813266667832	1.0	0.00195853373169	0.0601740364083	-0.00524033513866	-0.00232226584991	0.0255109801215	0.043264467842	0.00510041723937	0.0106546474295	-0.0415977493623	-0.0071137865428	0.019313491832	0.0200749873393	0.0305091848687	0.0231894492367	-0.00195246073201	0.00315988451633	-0.0442911458361	-0.0727124372559	-0.0757029588534	-0.0568449830813	-0.0253324417644	0.000538193524949	-0.0517076541225	-0.0279262287673	0.0142654679049	-0.0230907295074	-0.00859151999904	-0.0298780335205	-0.00316592679719	-0.0303634233394	-0.0194915731994	0.00689774669618	-0.0265477449756	0.0425765459834	-0.0169463596356
k__Bacteria;p__Firmicutes;c__Clostridia;o__Clostridiales;f__Oscillospiraceae;g__Oscillibacter;s__Oscillibacter_sp._KLE_1745	0.00159945082973	-0.0411021843878	-0.0300628522211	-0.000346905308969	0.0212587790697	0.0513296669068	-0.00453555716002	-0.0101561158117	0.0832943482021	-0.0175676790838	-0.0152329065681	-0.0282167507587	-0.0505202614507	-0.00468729449637	-0.0391453876203	0.0386115558817	-0.0805806588329	0.0499818993743	-0.0386057479671	0.0512113151109	-0.0284066942445	0.0436509951199	0.0382627313585	0.00195853373169	1.0	-0.0215958394812	-0.0175942751758	0.0153139721422	-0.0204266371787	-0.0477442325844	-0.0209886177993	0.00896737106696	-0.00373373966556	-0.00524250992659	0.0280512343228	0.0260659085449	0.0305296334756	-0.041281311884	-0.0247260582458	0.0523565843346	-0.00882189424065	-0.0330150836598	0.00947814781727	-0.01339462889	-0.0350520307686	0.0367305016312	-0.0414494180244	-0.0352226214956	-0.0144585108681	0.0475145966448	0.0323301033263	-0.0178391411586	-0.0106915191272	0.0174346118618	-0.0621606180516	-0.0764788619189	-0.0656060212927	-0.0503874780051	0.0147951624678
k__Bacteria;p__Bacteroidetes;c__Bacteroidia;o__Bacteroidales;f__Bacteroidaceae;g__Bacteroides;s__Bacteroides_coprophilus	0.0607606167372	-0.0192370597603	0.104006051701	-0.0244769229284	-0.026545867159	0.0332234018416	0.0282891552018	-0.0515088116866	-0.0433066850161	0.0184474245187	0.00615143770621	-0.0480616956961	0.0409375884808	0.0174742685141	0.0449742454494	0.0367648812036	0.00896439509663	-0.0155046990018	0.0131511291582	0.0146146092414	0.012488546714	-0.0214040445593	0.0173975217651	0.0601740364083	-0.0215958394812	1.0	-0.00686254743338	-0.0450390349356	-0.0267493908355	0.0143045032974	-0.033239732092	-0.0676246081884	-0.0155693659681	-0.0435513067396	0.00700456326966	-0.00668521081997	0.0315965013159	-0.0466171749603	-0.0193358909517	-0.00735013438876	-0.0257952672356	-0.00646855390344	-0.0509494580107	0.0129031443574	0.0159562345225	-0.0367378359754	-0.0415151705885	-0.0536708606241	0.0036447197581	-0.0279854732023	-0.0395560370326	0.0184732551262	0.0509597885344	0.034489017663	0.00848139152095	0.023223090196	0.0106360267985	-0.0112173296243	-0.0284600537431
k__Bacteria;p__Firmicutes;c__Clostridia;o__Clostridiales;f__Lachnospiraceae;g__Roseburia;s__Roseburia_intestinalis	-0.0437462574553	-0.0111315817891	0.0209143616331	0.01221774222	0.0712035360737	-0.0109531148346	-0.00359891895686	-0.0187088698698	-0.0238475418451	-0.0433491315955	0.0202836594975	-0.0414198624818	-0.00700662250196	-0.0341756908299	0.0374372921208	0.0372228289137	0.0236121223784	-0.00175754627627	0.0156140934493	-0.0362259865276	0.0186310138328	-0.000420271368924	-0.0510560847912	-0.00524033513866	-0.0175942751758	-0.00686254743338	1.0	-0.015107711841	-0.0326373557605	-0.0275902430651	0.0165952525523	0.00744102362421	-0.0111365031084	0.0241601716253	0.0153658756931	-0.0119250793946	0.03007617977	0.0166677096373	-0.0566867331309	-0.0849613973339	-0.00649611239437	0.00331620498038	0.00246229819818	0.0548789103511	-0.0569057365059	0.0345037038796	-0.0111965086985	0.0141488215672	-0.0445224278536	-0.0271109408614	0.0540754155786	-0.0558451199143	-0.0192267082422	-0.0686435671356	0.0579400501847	-0.0201303310822	0.0423321031871	-0.00588011067263	0.00216161322558
k__Bacteria;p__Firmicutes;c__Clostridia;o__Clostridiales;f__Lachnospiraceae;g__Roseburia;s__Roseburia_hominis	-0.0669079634104	-0.0388629560299	-0.0573761492041	-0.0268910840327	0.00549571172082	0.0468270042798	0.0189945228512	-0.040194654286	-0.0509381966272	0.012955857702	-0.00735201842656	0.00737048576513	0.0162175506832	0.0336990852348	0.0110474986679	-0.0282110571278	0.0412705872803	0.0059413842344	-0.0552503376257	-0.0764618569775	0.0151060414976	0.0207747230426	-0.0700484633107	-0.00232226584991	0.0153139721422	-0.0450390349356	-0.015107711841	1.0	0.0424978733041	-0.0165907922989	0.0127017045675	-0.0516190624228	0.0864564633557	0.0258708431316	0.00546364958554	-0.0534788216176	-0.014561751118	0.013758617328	-0.0170739153958	-0.0160515587587	0.00464248144522	0.0427721525169	-0.00888450536309	0.000303041672995	0.00959852271066	-0.0149140979684	0.0081226909421	0.0156525406806	0.0178444394301	-0.000969366147231	-0.0343447156417	-0.0276863566916	-0.0346036241062	0.00812568223819	-0.0174555732804	-0.030485440689	0.0193904089632	-0.0837707449672	-0.00496937258512
k__Bacteria;p__Bacteroidetes;c__Bacteroidia;o__Bacteroidales;f__Porphyromonadaceae;g__Parabacteroides;s__Parabacteroides_johnsonii	-0.0291093369127	-0.0215436217056	-0.0543434827038	-0.0115666522106	0.00457575027414	-0.0359803174311	-0.0251316068961	-0.0401731635654	-0.0128571459496	0.0162168363071	0.0335739906933	-0.0201700898392	0.00527980849083	0.0211148968602	0.01765653129	-0.0735914696343	0.00113674992376	0.0299545687905	-0.0345211801171	0.022129088742	-0.00441804345291	-0.0538435171081	0.0275907593266	0.0255109801215	-0.0204266371787	-0.0267493908355	-0.0326373557605	0.0424978733041	1.0	-0.079443489507	-0.0323323767323	-0.0467817097627	-0.0166018681724	0.0332919440653	-0.0322147990985	-0.030548177022	-0.0424698692583	-0.0532855449933	0.0249899770865	-0.00515722798755	-0.00267252806082	-0.0121545119995	0.0234197152113	0.0014453313859	-0.00217790290144	0.0619224725524	0.0393135564936	-0.0346532524086	-0.0303808994842	-0.018808099996	0.0314620850942	-0.0661990496805	-0.0106703154018	0.0436441348175	-0.0584914187651	-0.00485695939498	-0.0069999389006	0.0231870256038	-0.0460916550751
k__Bacteria;p__Actinobacteria;c__Actinobacteria;o__Bifidobacteriales;f__Bifidobacteriaceae;g__Bifidobacterium;s__Bifidobacterium_longum	-0.000493120030539	-0.0126688497959	-0.0451902558034	-0.0173193138163	-0.0128756862611	0.00538868143285	0.0054769200441	0.0110489730055	0.0409648923796	0.0126654314851	0.0082396351002	-0.00202396845342	-0.00906023012435	0.0563297635032	-0.00816846597537	-0.00667893946816	0.0100181054962	-0.0105122723716	-0.00798611775567	-0.0189200154748	-0.0249770434548	0.0148188621545	-0.0214758491679	0.043264467842	-0.0477442325844	0.0143045032974	-0.0275902430651	-0.0165907922989	-0.079443489507	1.0	0.0449542511603	-0.0363678586059	0.105236486109	-0.0390804929228	-0.0429203795723	0.0654485802435	-0.0190601314293	0.0347384067208	0.021092354093	0.0408723779425	-0.0510205944787	0.0058739710072	-0.0707229796077	-0.00747962108551	0.0336864524355	0.00365660361176	-0.0499436346281	-0.0334567538026	0.064171039425	-0.0222092456148	0.0554119615025	0.00272666631378	-0.0256667925898	-0.0456846575362	0.000650078521827	0.01526868196	0.0109567390339	0.010636892875	-0.0233695645932
