#taxonomy	k__Bacteria;p__Bacteroidetes;c__Bacteroidia;o__Bacteroidales;f__Bacteroidaceae;g__Bacteroides;s__Bacteroides_vulgatus	k__Bacteria;p__Bacteroidetes;c__Bacteroidia;o__Bacteroidales;f__Bacteroidaceae;g__Bacteroides;s__Bacteroides_uniformis	k__Bacteria;p__Bacteroidetes;c__Bacteroidia;o__Bacteroidales;f__Rikenellaceae;g__Alistipes;s__Alistipes_putredinis	k__Bacteria;p__Bacteroidetes;c__Bacteroidia;o__Bacteroidales;f__Prevotellaceae;g__Prevotella;s__Prevotella_copri	k__Bacteria;p__Bacteroidetes;c__Bacteroidia;o__Bacteroidales;f__Bacteroidaceae;g__Bacteroides;s__Bacteroides_stercoris	k__Bacteria;p__Bacteroidetes;c__Bacteroidia;o__Bacteroidales;f__Bacteroidaceae;g__Bacteroides;s__Bacteroides_ovatus	k__Bacteria;p__Bacteroidetes;c__Bacteroidia;o__Bacteroidales;f__Rikenellaceae;g__Alistipes;s__Alistipes_shahii	k__Bacteria;p__Firmicutes;c__Clostridia;o__Clostridiales;f__Ruminococcaceae;g__Faecalibacterium;s__Faecalibacterium_prausnitzii	k__Bacteria;p__Bacteroidetes;c__Bacteroidia;o__Bacteroidales;f__Rikenellaceae;g__Alistipes;s__Alistipes_finegoldii	k__Bacteria;p__Bacteroidetes;c__Bacteroidia;o__Bacteroidales;f__Porphyromonadaceae;g__Parabacteroides;s__Parabacteroides_distasonis	k__Bacteria;p__Bacteroidetes;c__Bacteroidia;o__Bacteroidales;f__Bacteroidaceae;g__Bacteroides;s__Bacteroides_thetaiotaomicron	k__Bacteria;p__Bacteroidetes;c__Bacteroidia;o__Bacteroidales;f__Bacteroidaceae;g__Bacteroides;s__Bacteroides_coprocola	k__Bacteria;p__Bacteroidetes;c__Bacteroidia;o__Bacteroidales;f__Bacteroidaceae;g__Bacteroides;s__Bacteroides_cellulosilyticus	k__Bacteria;p__Bacteroidetes;c__Bacteroidia;o__Bacteroidales;f__Rikenellaceae;g__Alistipes;s__Alistipes_obesi	k__Bacteria;p__Firmicutes;c__Clostridia;o__Clostridiales;f__Lachnospiraceae;g__;s__[Eubacterium]_rectale	k__Bacteria;p__Bacteroidetes;c__Bacteroidia;o__Bacteroidales;f__Bacteroidaceae;g__Bacteroides;s__Bacteroides_plebeius	k__Bacteria;p__Bacteroidetes;c__Bacteroidia;o__Bacteroidales;f__Bacteroidaceae;g__Bacteroides;s__Bacteroides_fragilis	k__Bacteria;p__Proteobacteria;c__Betaproteobacteria;o__Burkholderiales;f__Sutterellaceae;g__Sutterella;s__Sutterella_wadsworthensis	k__Bacteria;p__Bacteroidetes;c__Bacteroidia;o__Bacteroidales;f__Porphyromonadaceae;g__Barnesiella;s__Barnesiella_intestinihominis	k__Bacteria;p__Bacteroidetes;c__Bacteroidia;o__Bacteroidales;f__Odoribacteraceae;g__Odoribacter;s__Odoribacter_splanchnicus	k__Bacteria;p__Bacteroidetes;c__Bacteroidia;o__Bacteroidales;f__Bacteroidaceae;g__Bacteroides;s__Bacteroides_salyersiae	k__Bacteria;p__Firmicutes;c__Clostridia;o__Clostridiales;f__Ruminococcaceae;g__Ruminiclostridium;s__[Eubacterium]_siraeum	k__Bacteria;p__Proteobacteria;c__Betaproteobacteria;o__Burkholderiales;f__Sutterellaceae;g__Parasutterella;s__Parasutterella_excrementihominis	k__Bacteria;p__Actinobacteria;c__Actinobacteria;o__Bifidobacteriales;f__Bifidobacteriaceae;g__Bifidobacterium;s__Bifidobacterium_adolescentis	k__Bacteria;p__Firmicutes;c__Clostridia;o__Clostridiales;f__Oscillospiraceae;g__Oscillibacter;s__Oscillibacter_sp._KLE_1745	k__Bacteria;p__Bacteroidetes;c__Bacteroidia;o__Bacteroidales;f__Bacteroidaceae;g__Bacteroides;s__Bacteroides_coprophilus	k__Bacteria;p__Firmicutes;c__Clostridia;o__Clostridiales;f__Lachnospiraceae;g__Roseburia;s__Roseburia_intestinalis	k__Bacteria;p__Firmicutes;c__Clostridia;o__Clostridiales;f__Lachnospiraceae;g__Roseburia;s__Roseburia_hominis	k__Bacteria;p__Bacteroidetes;c__Bacteroidia;o__Bacteroidales;f__Porphyromonadaceae;g__Parabacteroides;s__Parabacteroides_johnsonii	k__Bacteria;p__Actinobacteria;c__Actinobacteria;o__Bifidobacteriales;f__Bifidobacteriaceae;g__Bifidobacterium;s__Bifidobacterium_longum	k__Bacteria;p__Firmicutes;c__Clostridia;o__Clostridiales;f__;g__Flavonifractor;s__Flavonifractor_plautii	k__Bacteria;p__Firmicutes;c__Clostridia;o__Clostridiales;f__Clostridiaceae;g__Clostridium;s__Clostridium_phoceensis	k__Bacteria;p__Verrucomicrobia;c__Verrucomicrobiae;o__Verrucomicrobiales;f__Akkermansiaceae;g__Akkermansia;s__Akkermansia_muciniphila	k__Bacteria;p__Bacteroidetes;c__Bacteroidia;o__Bacteroidales;f__Prevotellaceae;g__Paraprevotella;s__Paraprevotella_xylaniphila	k__Bacteria;p__Firmicutes;c__Clostridia;o__Clostridiales;f__Ruminococcaceae;g__Ruminococcus;s__Ruminococcus_callidus	k__Bacteria;p__Bacteroidetes;c__Bacteroidia;o__Bacteroidales;f__Rikenellaceae;g__Alistipes;s__Alistipes_senegalensis	k__Bacteria;p__Firmicutes;c__Clostridia;o__Clostridiales;f__Lachnospiraceae;g__Blautia;s__Blautia_sp._KLE_1732	k__Bacteria;p__Bacteroidetes;c__Bacteroidia;o__Bacteroidales;f__Bacteroidaceae;g__Bacteroides;s__Bacteroides_oleiciplenus	k__Bacteria;p__Firmicutes;c__Clostridia;o__Clostridiales;f__Ruminococcaceae;g__Ruminococcus;s__Ruminococcus_bicirculans	k__Bacteria;p__Bacteroidetes;c__Bacteroidia;o__Bacteroidales;f__Bacteroidaceae;g__Bacteroides;s__Bacteroides_fluxus	k__Bacteria;p__Bacteroidetes;c__Bacteroidia;o__Bacteroidales;f__Prevotellaceae;g__Prevotella;s__Prevotella_stercorea	k__Bacteria;p__Firmicutes;c__Clostridia;o__Clostridiales;f__Lachnospiraceae;g__Dorea;s__Dorea_longicatena	k__Bacteria;p__Firmicutes;c__Clostridia;o__Clostridiales;f__Eubacteriaceae;g__Eubacterium;s__[Eubacterium]_eligens	k__Bacteria;p__Firmicutes;c__Clostridia;o__Clostridiales;f__Ruminococcaceae;g__;s__Ruminococcaceae_bacterium_D16	k__Bacteria;p__Firmicutes;c__Clostridia;o__Clostridiales;f__Lachnospiraceae;g__Coprococcus;s__Coprococcus_comes	k__Bacteria;p__Proteobacteria;c__Gammaproteobacteria;o__Enterobacterales;f__Enterobacteriaceae;g__Escherichia;s__Escherichia_coli	k__Bacteria;p__Firmicutes;c__Clostridia;o__Clostridiales;f__Ruminococcaceae;g__Anaerotruncus;s__Anaerotruncus_colihominis	k__Bacteria;p__Firmicutes;c__Clostridia;o__Clostridiales;f__Lachnospiraceae;g__Blautia;s__Blautia_obeum	k__Bacteria;p__Bacteroidetes;c__Bacteroidia;o__Bacteroidales;f__Odoribacteraceae;g__Odoribacter;s__Odoribacter_laneus	k__Bacteria;p__Firmicutes;c__Clostridia;o__Clostridiales;f__Ruminococcaceae;g__Ruminiclostridium;s__[Clostridium]_leptum	k__Bacteria;p__Bacteroidetes;c__Bacteroidia;o__Bacteroidales;f__Porphyromonadaceae;g__Parabacteroides;s__Parabacteroides_goldsteinii	k__Bacteria;p__Firmicutes;c__Clostridia;o__Clostridiales;f__Lachnospiraceae;g__Anaerostipes;s__Anaerostipes_hadrus	k__Bacteria;p__Firmicutes;c__Clostridia;o__Clostridiales;f__Ruminococcaceae;g__Ruminococcus;s__Ruminococcus_lactaris	k__Bacteria;p__Firmicutes;c__Clostridia;o__Clostridiales;f__Clostridiaceae;g__Clostridium;s__Clostridium_sp._L2-50	k__Bacteria;p__Firmicutes;c__Clostridia;o__Clostridiales;f__Clostridiaceae;g__Clostridium;s__Clostridium_sp._M62/1	k__Bacteria;p__Firmicutes;c__Clostridia;o__Clostridiales;f__;g__Intestinimonas;s__Intestinimonas_butyriciproducens	k__Bacteria;p__Actinobacteria;c__Actinobacteria;o__Bifidobacteriales;f__Bifidobacteriaceae;g__Bifidobacterium;s__Bifidobacterium_bifidum	k__Bacteria;p__Firmicutes;c__Negativicutes;o__Veillonellales;f__Veillonellaceae;g__Dialister;s__Dialister_invisus	k__Bacteria;p__Bacteroidetes;c__Bacteroidia;o__Bacteroidales;f__Bacteroidaceae;g__Bacteroides;s__Bacteroides_salanitronis
k__Bacteria;p__Bacteroidetes;c__Bacteroidia;o__Bacteroidales;f__Bacteroidaceae;g__Bacteroides;s__Bacteroides_vulgatus	1.0	0.0399161142278	0.0305590024208	-0.0952529624217	0.0576924776405	-0.00626480720429	0.0237395808936	-0.0196968787091	-0.0186458305201	-0.0465261784371	-0.0106965944993	0.00749963564659	-0.0355181002051	0.00240328236447	-0.0738384690179	0.0580623527104	-0.0458153988157	0.0284839065086	-0.0564345433129	-0.00240891096276	-0.0713222726957	0.0297071104026	0.00410369941018	0.0246983925166	0.0349765421349	-0.0183724342539	0.0084989845079	-0.0188533635797	0.0383959689002	0.00549936314801	-0.00375494968998	0.0171915963144	-0.0207607320494	-0.048176616373	0.0543688993908	-0.0129345695776	-0.0273989364169	-0.0116546447184	0.015703882355	-0.00355828676365	-0.0264317862534	0.022466498888	-0.00696143975253	-0.00514125507741	-0.0383225517996	-0.00267796560426	0.00878414069558	0.0206443737707	-0.0424418013694	0.017841658577	0.0134354612442	-0.00917841382793	-0.0226310902288	-0.0365512489881	-0.0251976125486	0.0375716055731	0.0325328206324	0.0234804905138	0.0143382917028
k__Bacteria;p__Bacteroidetes;c__Bacteroidia;o__Bacteroidales;f__Bacteroidaceae;g__Bacteroides;s__Bacteroides_uniformis	0.0399161142278	1.0	-0.0644923200834	0.029684112567	0.0246341517822	-0.0486165093107	-0.0423217867087	-0.00121735543233	-0.00927323207255	0.0493192082134	-0.0361062122232	-0.0358536181364	-0.0258815266859	0.0244990366911	-0.0395001837367	-0.0147233218999	0.0394011651083	-0.0543946919586	-0.0177157117522	0.00568813595555	-0.0537609122193	-0.0608066723979	-0.00322044844662	0.00617553229968	-0.0488671713967	0.00209644765279	0.0169934854582	0.0357958454485	-0.0082153000947	-0.049743437045	-0.034740016978	-0.0180157264363	0.0516496483279	0.0239042440076	-0.0292895110941	0.0441676717898	-0.0158264089938	-0.0118080294442	0.00211420081721	0.0522126193649	0.0170347121404	0.00983356571309	0.0304044486631	-0.00817176264747	0.000703635040077	-0.0790572775888	-0.0109627673107	-0.00994629073906	-0.0271915059985	-0.0472325989657	-0.0504186129024	-0.010434098685	0.0306699685502	0.0275095073613	-0.035087851076	-0.0403450975751	0.0125499113497	0.0812014983271	-0.00973169589759
k__Bacteria;p__Bacteroidetes;c__Bacteroidia;o__Bacteroidales;f__Rikenellaceae;g__Alistipes;s__Alistipes_putredinis	0.0305590024208	-0.0644923200834	1.0	0.0255499543205	-6.62353913972e-05	0.0348764401816	-0.0518354470978	-0.055013029212	0.00985828872445	0.0142112085622	-0.0148261216206	0.0161196246109	0.0474318624004	0.0044816777677	0.0140169001017	-0.0532689620965	-0.0144138592891	-0.0804499355905	-0.022749964457	0.0161296069871	-0.00479246391372	-0.0285026948118	-0.0524048853055	0.0459181610908	-0.0241675545617	0.00241885660134	0.00630714517569	-0.0749048411083	0.0662468070901	-0.0195371176742	0.0562327388525	0.00190792966183	9.40430579735e-05	-0.0311345330148	-0.0411572934502	-0.00399414148569	-0.0070828947975	0.00298501102277	-0.0278063619957	0.0110986516764	-0.00813587034772	-0.0720251646918	0.0594230408408	-0.0218878018108	0.040501058051	0.00879349797319	0.0290881553923	-0.0168980451039	0.00360422994215	0.0588728693546	-0.0357967616841	0.0131993797697	0.00106729244079	-0.0196802867929	-0.00469205453466	-0.016957057404	-0.0629775826223	-0.0306989328017	0.00936304600476
k__Bacteria;p__Bacteroidetes;c__Bacteroidia;o__Bacteroidales;f__Prevotellaceae;g__Prevotella;s__Prevotella_copri	-0.0952529624217	0.029684112567	0.0255499543205	1.0	-0.0374212860522	-0.0284144973789	-0.0404290680641	-0.0194078675458	-0.00781485023173	0.0490860786947	0.071680018898	0.0254098754823	-0.060050672504	-0.0362803862389	0.0478717921691	0.00549104104374	-0.0188052002876	-0.00982412893478	-0.0252457346858	-0.0175032080283	-0.0349219311423	-0.0263154673948	0.0134914647025	-0.0220435214226	-0.0546734502662	-0.0144989776218	-0.0953034802765	0.0202125266361	0.0420158186654	-0.0251259194242	0.000373293267612	0.012639488749	0.0175560752996	-0.0242354316243	-0.0309495638952	-0.0392244910178	0.0691540001405	0.0196672623485	-0.0270408519496	0.0315446939493	-0.0110690611345	0.0172047593574	0.0431621713912	-0.00742996217208	-0.0291393221407	0.0150507830125	0.011437275691	0.0215328292586	0.01795954083	-0.0316546910126	-0.0480267897891	0.0212694355127	0.0821489547666	0.0065115345653	-0.0245310352892	-0.0543760452862	-0.0302170668874	0.0321336745491	-0.0644637442654
k__Bacteria;p__Bacteroidetes;c__Bacteroidia;o__Bacteroidales;f__Bacteroidaceae;g__Bacteroides;s__Bacteroides_stercoris	0.0576924776405	0.0246341517822	-6.62353913975e-05	-0.0374212860522	1.0	-0.0370449028081	-0.0171968323746	-0.0270498935226	-0.00504353402556	0.013396822382	-0.0192424456615	0.0408596164488	-0.0785149298035	-0.0280843158034	-0.0477426968205	-0.0017188423607	0.0334070392695	-0.025425334158	0.0247423028148	-0.0376140515565	-0.032881316207	-0.00622222083146	-0.0191710375545	-0.0557745009449	-0.0072654603804	-0.0395241573802	0.0282988273981	-0.0108138433917	-0.0474984636889	0.0221292808627	-0.0416738307466	0.0174507422375	0.0140898923973	-0.0014820294764	0.024697266183	0.0158513631762	0.04401235918	0.0250926785631	0.0230448208089	0.0112836895645	-0.000612729861465	-0.042099197543	-0.0456962931157	-0.034984392228	-0.0540045211501	-0.0300465627775	-0.00724015423833	-0.0221487130087	0.00396163613341	0.0115227243015	-0.0352749028923	0.000419381020549	0.026217622474	-0.00447223456568	-0.0117443339169	-0.0306277345928	-0.0269693103153	-0.0202745719375	0.0704580690254
k__Bacteria;p__Bacteroidetes;c__Bacteroidia;o__Bacteroidales;f__Bacteroidaceae;g__Bacteroides;s__Bacteroides_ovatus	-0.00626480720429	-0.0486165093107	0.0348764401816	-0.0284144973789	-0.0370449028081	1.0	-0.0345069359741	0.0239154001922	0.00967960378224	-0.0331792854674	-0.0292534773559	0.0233409344462	0.0426822561718	-0.0492224765577	-0.00839921837069	-0.0610065895109	0.00591694691801	-0.0151755469606	0.00538197122127	-0.0499547234819	-0.017674930108	-0.00556041464149	-0.0480654828071	-0.00646681087599	-0.0139516261019	0.0680645750127	0.00974860820863	0.00980445642006	-0.0502790857376	-0.0425761232376	0.0297308641802	0.052124399327	-0.100392595882	0.00841169663929	0.0169476500987	-0.0231090186698	-0.0108006111277	-0.0455779492376	-0.000504232101869	-0.00875613964339	-0.0448601379856	0.0329142764888	0.00767500894194	-0.0238478917474	-0.0171595740555	-0.00323335299425	0.0210630666794	0.0368519992839	0.0209892001322	0.0670831324386	0.0081753567352	0.0215630370423	-0.0177673928953	0.0273541452651	-0.0358966930128	-0.0235083155034	0.025641297185	0.0371676971677	0.0425982803396
k__Bacteria;p__Bacteroidetes;c__Bacteroidia;o__Bacteroidales;f__Rikenellaceae;g__Alistipes;s__Alistipes_shahii	0.0237395808936	-0.0423217867087	-0.0518354470978	-0.0404290680641	-0.0171968323746	-0.0345069359741	1.0	-0.00706228471211	0.0410386952699	-0.0492612845181	0.0310010058711	-0.00298035151698	0.0161555796234	-0.0234993370591	-0.0226004838179	0.0261372619426	0.00897994962472	-0.046006155613	-0.0208286334013	0.0143985773267	-0.0159958095438	0.0280131201963	0.0119305370176	-0.0194494883606	-0.0164994246293	0.0170385723091	-0.0350068731167	-0.0288646729947	0.000294149466132	-0.0118665200619	-0.0101089053582	0.00285578935783	0.00475763572446	0.0163780058145	0.0626254131003	-0.0151672927103	-0.0184073557566	0.0594681100757	0.0289478699475	-0.00919400552743	0.0201030529557	-0.0273327293648	0.0530069256343	-0.0040701346851	0.00281355710996	0.00015162945441	-0.0466044242141	0.0649440017527	-0.0136143972479	0.0022841841106	-0.0705983998861	-0.0220352944596	0.0132781142193	-0.0390901363851	0.0194443410306	0.0769834660528	-0.00122945190787	-0.0313498674022	-0.0591415188353
k__Bacteria;p__Firmicutes;c__Clostridia;o__Clostridiales;f__Ruminococcaceae;g__Faecalibacterium;s__Faecalibacterium_prausnitzii	-0.0196968787091	-0.00121735543233	-0.055013029212	-0.0194078675458	-0.0270498935226	0.0239154001922	-0.00706228471211	1.0	0.0710063306024	-0.0026702486329	0.00268386655302	0.00791996747281	0.0284732041962	-0.0289706406929	0.00936944136351	-0.0208296334721	0.0261644038337	0.0485946201407	-0.0154049258136	0.00547221628837	0.0059247283948	-0.0122187268993	-0.0360864856882	-0.00225445796708	0.0129556318662	-0.041674011749	-0.0370178172661	-0.00307073199761	0.0124141195787	-0.0710722212196	0.0633496624696	-0.0166497071277	-0.00554545464272	-0.055746771925	-0.0658983346144	0.088160227072	-0.000395268484544	-0.0421184623491	0.00620937290109	0.042219575194	-0.063360088643	-0.0500597536492	-0.0337482205917	0.051542562495	-0.00878554373736	-0.0466046059857	-0.0252614430947	-0.0580592951864	-0.0136460196746	-0.060181392672	0.0143345870666	-0.00551025178225	-0.0838708910545	-0.00258696378669	-0.0754466606396	-0.0016380420082	0.0347317248548	0.0424431019024	0.0105706792886
k__Bacteria;p__Bacteroidetes;c__Bacteroidia;o__Bacteroidales;f__Rikenellaceae;g__Alistipes;s__Alistipes_finegoldii	-0.0186458305201	-0.00927323207255	0.00985828872445	-0.00781485023173	-0.00504353402556	0.00967960378224	0.0410386952699	0.0710063306024	1.0	0.00135086946633	-0.0183422517489	-0.0740011113439	0.023414897781	0.0015365149326	-0.00470317734517	0.00175775721255	-0.0166098028286	0.00978596849731	0.0222617015885	0.0305522756845	-0.0145870272583	-0.0816189955373	-0.0100206004719	0.0232683835037	-0.0618388121609	-0.0418072036418	0.0566990057782	-0.00166261632655	-0.0794224019863	-0.0242755441568	-0.0432493213241	-0.0154287307493	-0.0186580731844	0.0610579241183	0.0120638029787	0.0020045791684	0.0391146958202	0.0237863653462	-0.0519448013088	0.0334147529581	0.060791196156	0.0403195971351	0.0187497702291	-0.0120832714754	-0.0185155478557	-0.0617728321039	0.0313039143161	-0.0426720426257	0.0317430631206	-0.0581594344541	-0.00214144101776	-0.0417916172208	0.0204072694617	0.0140898148568	-0.0418435502869	-0.0101739827946	-0.024353178032	0.0384908417419	0.0221407923517
k__Bacteria;p__Bacteroidetes;c__Bacteroidia;o__Bacteroidales;f__Porphyromonadaceae;g__Parabacteroides;s__Parabacteroides_distasonis	-0.0465261784371	0.0493192082134	0.0142112085622	0.0490860786947	0.013396822382	-0.0331792854674	-0.0492612845181	-0.0026702486329	0.00135086946633	1.0	0.00823653279353	0.0263468097823	-0.00140767551583	-0.0778171996835	-0.0200759367483	-0.0157021575376	-0.0846884741961	0.00201554748835	-0.037093507906	-0.046888996344	0.0196830770792	0.00448392284265	-0.0237379784537	-0.0013279051273	0.0241815953885	-0.0212254265515	0.0492163757177	-0.0209444780365	-0.015391835746	0.014500938447	0.0117189226535	-0.0482933318887	-0.0242786283474	0.0624843514003	-0.00629052179145	0.0253743858156	-0.0533574102271	0.0442784943486	-0.00268934373244	-0.0150463273481	-0.0342771034945	0.0276173361817	-0.00854593212015	-0.0510993607387	-0.054621931535	0.00397379277249	-0.00226294600953	-0.0195125875163	-0.0127046450894	0.0197677307477	-0.0311393489394	0.0329522178354	-0.0212128555737	0.022880998803	-0.000603901786572	0.041171709731	-0.00462289538615	0.0572521279302	0.0392709425378
k__Bacteria;p__Bacteroidetes;c__Bacteroidia;o__Bacteroidales;f__Bacteroidaceae;g__Bacteroides;s__Bacteroides_thetaiotaomicron	-0.0106965944993	-0.0361062122232	-0.0148261216206	0.071680018898	-0.0192424456615	-0.0292534773559	0.0310010058711	0.00268386655302	-0.0183422517489	0.00823653279353	1.0	-0.0422336167116	0.00636069138637	-0.0272896013366	0.0310147598361	-0.0316992997043	0.00348327594206	-0.0336103028592	-0.00581153848747	0.0229776017162	-0.0243892920784	-0.0268018351357	-0.0351502685369	0.0252966613326	-0.00557375214732	0.0321719256688	0.0164235066012	0.0288507520795	-0.00708635011425	-0.00151531151905	-0.0300896925866	0.00352117274902	0.0449874729677	0.0412854487592	-0.0298119761228	-0.0287069957027	0.0016503846414	-0.0534214169186	-0.0827928010989	0.0158462210531	-0.020501290077	0.0277227297963	-0.0163134861235	-0.0324433658037	0.0130494227773	-0.0481682445071	-0.0177938452634	0.0167278319989	-0.0415452264116	-0.0112234129082	-0.0498040863055	-0.00310830748384	-0.0057866698708	-0.0126343318142	0.00431393438153	-8.02375130522e-05	0.0133042120028	-0.0540727072334	0.0672087395515
k__Bacteria;p__Bacteroidetes;c__Bacteroidia;o__Bacteroidales;f__Bacteroidaceae;g__Bacteroides;s__Bacteroides_coprocola	0.00749963564659	-0.0358536181364	0.0161196246109	0.0254098754823	0.0408596164488	0.0233409344462	-0.00298035151698	0.00791996747281	-0.0740011113439	0.0263468097823	-0.0422336167116	1.0	0.0150259646664	-0.00587358550772	-0.0518943776434	-0.0147320817047	0.00650640694213	-0.0302742767482	-0.0668111923684	-0.051558148403	-0.0188495653443	-0.033225198843	0.0561739650118	0.0102417581308	0.0290447991642	-0.0550255096082	-0.0179542055147	-0.0391546634703	-0.0338069691713	-0.0242081991637	-0.0228733969992	0.0543213382443	-0.0122286835228	-0.0289129679721	-0.0301144465561	0.0329527880755	-0.0277829717763	-0.013762807631	0.0266566358503	0.000883073525537	-0.0187718030656	0.0825670750899	-0.0186997989113	-0.0746670505582	0.031169423183	-0.0126971670095	0.0192245516578	-0.0134557087199	-0.040990488237	-0.0177063261176	0.0393676653609	0.0555517988165	0.0307645264227	0.0189098943837	-0.0221091767692	-0.0870445687642	-0.0191408596057	-0.0283452939964	-0.0236119603631
k__Bacteria;p__Bacteroidetes;c__Bacteroidia;o__Bacteroidales;f__Bacteroidaceae;g__Bacteroides;s__Bacteroides_cellulosilyticus	-0.0355181002051	-0.0258815266859	0.0474318624004	-0.060050672504	-0.0785149298035	0.0426822561718	0.0161555796234	0.0284732041962	0.023414897781	-0.00140767551583	0.00636069138637	0.0150259646664	1.0	-0.00173691644876	-0.00265400274135	-0.0543100581724	-0.0435002817754	-0.00478652440421	-0.0236093431472	0.0318584758487	-0.0211608434474	-0.00819681702881	-0.058509234241	0.00125609061977	-0.024663902028	-0.039587430774	0.0471375606827	-0.0211235331684	0.00424811025375	-0.0257941659	-0.0286327650402	-0.0187459612246	0.00255170011996	0.0150065639789	-0.0217807457685	-0.0383109731648	0.0173815609463	-0.0682256273398	-0.0230900744525	-0.00566947487735	0.0175975961075	-0.0190119326112	-0.0168312786227	-0.0201004987044	-0.0239349827293	0.0326816873871	0.0575350821992	-0.0273831299882	-0.00886739041183	-0.0194900987383	-0.0108217904611	-0.0424545574091	0.0379680097823	-0.0221554459251	0.0574782586953	0.0532580406956	0.0131156137532	0.000306225662819	0.0428532001996
k__Bacteria;p__Bacteroidetes;c__Bacteroidia;o__Bacteroidales;f__Rikenellaceae;g__Alistipes;s__Alistipes_obesi	0.00240328236447	0.0244990366911	0.0044816777677	-0.0362803862389	-0.0280843158034	-0.0492224765577	-0.0234993370591	-0.0289706406929	0.0015365149326	-0.0778171996835	-0.0272896013366	-0.00587358550772	-0.00173691644876	1.0	-0.0234282952951	-0.0134430448601	-0.0215260771288	-0.0250100136867	-0.0166603445856	-0.0275604388838	-0.00696330697143	-0.0527415551955	-0.00924553131635	0.0208634695573	-0.039856710251	-0.0417186611009	0.0222886980819	0.0584090170577	0.00651457363035	-0.02455842417	0.0104086208218	0.0797933103006	0.0316824397707	-0.00245242290019	0.0268896962586	0.0057571006285	-0.0340111520837	0.0174982046502	-0.00790338177812	0.0195581240531	-0.0212069826129	0.0343377016913	-0.0327837351521	0.00155680211618	0.0235144657102	-0.000461281868293	0.0125419884338	0.00779206003185	-0.0115026460404	-0.0405440465334	-0.000828930481299	0.0576663139046	0.0270281559518	0.0493586071984	0.00268480953698	0.0227825353467	-0.0565836562713	-0.0440745630673	-0.043502597274
k__Bacteria;p__Firmicutes;c__Clostridia;o__Clostridiales;f__Lachnospiraceae;g__;s__[Eubacterium]_rectale	-0.0738384690179	-0.0395001837367	0.0140169001017	0.0478717921691	-0.0477426968205	-0.00839921837069	-0.0226004838179	0.00936944136351	-0.00470317734517	-0.0200759367483	0.0310147598361	-0.0518943776434	-0.00265400274135	-0.0234282952952	1.0	-0.00665034430323	-0.0154541900351	-0.0161396237347	0.0146427391491	0.0226834651543	-0.0114170422236	-0.000756186174215	0.0894557689749	0.0131592884662	-0.010857324539	-0.0154022441423	0.00100584082452	-5.96606917913e-05	0.0253488010126	0.0464792530502	0.0608586718847	-0.0143219391773	-0.0108577714005	0.012475577126	-0.00148233728034	-0.0700783258177	-0.0731286781679	-0.00260007267013	-0.0141920004192	-0.0631896271405	0.0658874702667	-0.0348001018106	-0.0580243292301	0.00903783908524	-0.0209417385544	0.0257692922881	-0.00174264706004	-0.0375069092382	-0.013316954026	-0.0111189282234	-0.0083983392595	-0.0290825291132	0.00209487867031	0.0372707316778	0.0240078911158	0.00547617526571	-0.0358155503971	-0.04698884826	0.0068877805393
k__Bacteria;p__Bacteroidetes;c__Bacteroidia;o__Bacteroidales;f__Bacteroidaceae;g__Bacteroides;s__Bacteroides_plebeius	0.0580623527104	-0.0147233218999	-0.0532689620965	0.00549104104374	-0.0017188423607	-0.0610065895109	0.0261372619426	-0.0208296334721	0.00175775721255	-0.0157021575376	-0.0316992997043	-0.0147320817047	-0.0543100581724	-0.0134430448601	-0.00665034430323	1.0	-0.0217244437082	-0.00363800058753	-0.0533840920983	-0.000952930632742	8.35912886224e-05	-0.0128702057108	-0.0257055887194	0.0305604303085	-0.0110742380274	0.022379573944	0.0215923806605	-0.0215172425247	-0.0555485121118	-0.0241437486002	-0.0411933933109	-0.0314884046241	-0.00251866432209	0.0282749488962	-0.0103218330681	-0.0239768637353	-0.00521579510063	0.00382604384203	0.0298051844461	0.041960254969	0.0310536593763	0.00619094786899	-0.0459539411411	-0.0323282467639	0.0248057594195	-0.0650840270494	0.00767290682159	-0.0257331779277	-0.00847729312585	-0.0172845844854	-0.0272273889064	0.00255321739725	-0.0441319645856	0.0153222978547	0.00572997237934	0.0365806428655	-0.0317396085412	-0.023391586904	0.0231081392906
k__Bacteria;p__Bacteroidetes;c__Bacteroidia;o__Bacteroidales;f__Bacteroidaceae;g__Bacteroides;s__Bacteroides_fragilis	-0.0458153988157	0.0394011651083	-0.0144138592891	-0.0188052002876	0.0334070392695	0.00591694691801	0.00897994962472	0.0261644038337	-0.0166098028286	-0.0846884741961	0.00348327594206	0.00650640694213	-0.0435002817754	-0.0215260771288	-0.0154541900351	-0.0217244437082	1.0	-0.0464078726574	-0.0408088092525	-0.00189004277377	0.0224611793602	0.0313334721426	-0.00234456863741	-0.014949041972	-0.0202683134757	0.0178231847268	-0.0111123824081	-0.00755687302836	0.0152713289617	-0.0292724420356	0.068865171514	-0.077040475463	-0.0189233766583	0.0104823091333	0.0203037330089	-0.0250282962913	-0.0566881056432	0.0376439661933	0.0503667979057	0.00313165252885	-0.00525183566357	-0.00382363590688	-0.00602390467603	0.0488007411363	0.0299605831431	0.03902309328	-0.0728714848567	0.0610026360318	-0.0250728878211	-0.00120220220346	0.0543602600121	-0.0046157556041	0.0236226084249	-0.0161721584485	-0.0351198356147	0.00665742396128	-0.00607929013887	0.0361992695174	-0.0016750916334
k__Bacteria;p__Proteobacteria;c__Betaproteobacteria;o__Burkholderiales;f__Sutterellaceae;g__Sutterella;s__Sutterella_wadsworthensis	0.0284839065086	-0.0543946919586	-0.0804499355905	-0.00982412893478	-0.025425334158	-0.0151755469606	-0.046006155613	0.0485946201407	0.00978596849731	0.00201554748835	-0.0336103028592	-0.0302742767482	-0.00478652440421	-0.0250100136867	-0.0161396237347	-0.00363800058753	-0.0464078726574	1.0	0.0445472392561	0.0233292178042	-0.0127824284753	-0.0395271898507	-0.0141965456323	-0.0806982623693	-0.010429664703	0.0141726999702	0.0127802407606	-0.019943147555	-0.0407431952	-0.00117034788451	-0.00357027701517	0.0190451501947	-0.0299357561015	0.0273186012013	0.0304093235384	-0.00774277556183	-0.00870870946176	-0.0327162115976	0.0081410222958	0.0241292175003	0.00858360037722	0.0124180601346	-0.0155838202328	0.0285892101786	-0.0239195238598	0.00498964282253	0.00625224584396	0.0188930720225	0.0325323983836	-0.021195244854	0.0232606713028	0.0501350434582	-0.0275354698676	0.0497927412751	0.0403987333385	0.00645337814747	0.0229639131776	0.023663296664	-0.0157859921862
k__Bacteria;p__Bacteroidetes;c__Bacteroidia;o__Bacteroidales;f__Porphyromonadaceae;g__Barnesiella;s__Barnesiella_intestinihominis	-0.0564345433129	-0.0177157117522	-0.022749964457	-0.0252457346858	0.0247423028148	0.00538197122127	-0.0208286334013	-0.0154049258136	0.0222617015885	-0.037093507906	-0.00581153848747	-0.0668111923684	-0.0236093431472	-0.0166603445856	0.0146427391491	-0.0533840920983	-0.0408088092525	0.0445472392561	1.0	-0.00328682443708	0.00342016231395	-0.0727905575277	-0.0254508802198	0.00726076793225	0.0383775795317	-0.0202370324505	0.00466248710605	-0.0569953860005	-0.0115121559296	0.00918089423167	-0.0361858303498	-0.00702678211635	0.0309882873748	0.0448242489319	-0.00936763242508	0.0362527796151	-0.0187985402523	-0.0499921715841	0.0141201409591	-0.0635760662067	0.000149430547326	0.0134637426727	0.00328762078201	0.0099239133719	-0.0248372762227	0.013283328577	-0.0679066656087	0.0203804071172	0.0585224703371	-0.0276654641715	-0.00355933369073	-0.0376971184893	-0.0219354430569	0.020537695526	0.0490445464766	-0.0290321180742	0.0336455996457	-0.0491151739536	-0.00563911571943
k__Bacteria;p__Bacteroidetes;c__Bacteroidia;o__Bacteroidales;f__Odoribacteraceae;g__Odoribacter;s__Odoribacter_splanchnicus	-0.00240891096276	0.00568813595555	0.0161296069871	-0.0175032080283	-0.0376140515565	-0.0499547234819	0.0143985773267	0.00547221628837	0.0305522756845	-0.046888996344	0.0229776017162	-0.051558148403	0.0318584758487	-0.0275604388838	0.0226834651543	-0.000952930632742	-0.00189004277377	0.0233292178042	-0.00328682443708	1.0	0.0103617315949	0.00440348927058	-0.0385618283132	0.0272312196499	-0.022444053474	-0.0638129641617	0.00102375786755	0.00582916065178	-0.0411985511215	-0.0342302769715	-0.0333039334008	0.0636188823634	-0.0235456964812	-0.0220911312619	-0.0373898293266	0.00207274843841	0.0201584915876	0.00427035158356	0.00941256578186	-0.0302595745203	0.0281687822052	0.00275538262563	-0.00248887548526	-0.0236673973365	-0.00220795280108	0.0130096841353	0.00428959741588	-0.0268156178046	0.0536882512823	-0.0577522766699	-0.0445431595507	-0.0265268735142	0.0506892938763	-0.0333901275239	-0.0328588454067	-0.0496692071437	-0.0128829124235	-0.0265614526684	-0.0278038184812
k__Bacteria;p__Bacteroidetes;c__Bacteroidia;o__Bacteroidales;f__Bacteroidaceae;g__Bacteroides;s__Bacteroides_salyersiae	-0.0713222726957	-0.0537609122193	-0.00479246391372	-0.0349219311423	-0.032881316207	-0.017674930108	-0.0159958095438	0.0059247283948	-0.0145870272583	0.0196830770792	-0.0243892920784	-0.0188495653443	-0.0211608434474	-0.00696330697143	-0.0114170422236	8.35912886225e-05	0.0224611793602	-0.0127824284753	0.00342016231395	0.0103617315949	1.0	0.0405409927459	-0.00350083738388	-0.011082780384	0.0797017115308	0.0308299279208	-0.0342018650755	-0.0506867696766	-0.00115748239089	0.0333854510852	0.000504550205134	-0.0206527470545	-0.0111712906614	0.00882960737493	-0.0417155567562	0.00870075879938	0.00983819336655	0.00376313129096	-0.0165237660327	0.0162430066774	-0.0205346588256	-0.0199687151581	0.0480373055781	0.0412113555891	0.0184327480045	-0.0613591686275	0.0115735943822	0.0104873805173	0.0249208963634	-0.0473429086798	0.0184765609103	0.0255482226625	0.00738483333944	-0.0314167459926	-0.00271156134377	-0.0438688113708	0.0134503711096	-0.0213304400128	-0.0451355561172
k__Bacteria;p__Firmicutes;c__Clostridia;o__Clostridiales;f__Ruminococcaceae;g__Ruminiclostridium;s__[Eubacterium]_siraeum	0.0297071104026	-0.0608066723979	-0.0285026948118	-0.0263154673948	-0.00622222083146	-0.00556041464149	0.0280131201963	-0.0122187268993	-0.0816189955373	0.00448392284265	-0.0268018351357	-0.033225198843	-0.00819681702881	-0.0527415551955	-0.000756186174215	-0.0128702057108	0.0313334721426	-0.0395271898507	-0.0727905575277	0.00440348927058	0.0405409927459	1.0	0.00771507697755	-0.00616068279067	0.0129574198589	-0.034983282201	0.00713642213052	0.0341674611803	0.088298571808	0.00928323207587	-0.0364314616324	0.0410712844123	0.040046848897	0.0341099652245	-0.0622377126803	0.03232519649	-0.00216620111771	-0.0295582033684	-0.00933268691461	0.0382760711937	-0.0106196407632	-0.0122601118687	0.0235330703345	-0.0463512805514	0.0793724348184	-0.0108248660767	-0.0239343068745	-0.0238740401877	-0.0171277086893	0.0179237302214	0.00685194568892	-0.0224558965444	0.0117911932993	0.0046335471426	-0.00393098385349	-0.00255316755695	-0.0502961757335	-0.0736585374024	0.00687713517855
k__Bacteria;p__Proteobacteria;c__Betaproteobacteria;o__Burkholderiales;f__Sutterellaceae;g__Parasutterella;s__Parasutterella_excrementihominis	0.00410369941018	-0.00322044844662	-0.0524048853055	0.0134914647025	-0.0191710375545	-0.0480654828071	0.0119305370176	-0.0360864856882	-0.0100206004719	-0.0237379784537	-0.0351502685369	0.0561739650118	-0.058509234241	-0.00924553131635	0.0894557689749	-0.0257055887194	-0.00234456863741	-0.0141965456323	-0.0254508802198	-0.0385618283132	-0.00350083738388	0.00771507697755	1.0	-0.0400951938881	0.0146158878328	0.00188710157129	-0.0472243389783	0.0229277553269	-0.00375426259716	0.053736863412	0.0258899404142	-0.0113967155287	-0.0368280166141	0.0551133241785	0.0158132873569	0.0179318426276	-0.0893145229117	-0.0113050145601	0.026470106587	-0.0160313629094	0.0365378920877	0.00630304940342	-0.00822784943333	-0.00933878411075	-0.0287955529546	-0.00798170603291	-0.0389315999003	0.00135406634601	0.0108390666103	-0.0233912843281	-0.0250212078285	0.0234528549675	-0.0491540529842	-0.0142227682887	0.0504331545156	0.0241660407313	-0.00168298898446	0.0470412537978	-0.0242295741389
k__Bacteria;p__Actinobacteria;c__Actinobacteria;o__Bifidobacteriales;f__Bifidobacteriaceae;g__Bifidobacterium;s__Bifidobacterium_adolescentis	0.0246983925166	0.00617553229968	0.0459181610908	-0.0220435214226	-0.0557745009449	-0.00646681087599	-0.0194494883606	-0.00225445796708	0.0232683835037	-0.0013279051273	0.0252966613326	0.0102417581308	0.00125609061977	0.0208634695573	0.0131592884662	0.0305604303085	-0.014949041972	-0.0806982623693	0.00726076793225	0.0272312196499	-0.011082780384	-0.00616068279067	-0.0400951938881	1.0	0.0041562839526	-0.012666213816	-0.0195676035886	-0.0307767735247	0.0477224698615	-0.00595128867357	-0.0238719665941	0.0226030840005	-0.0399228096765	0.0416848755907	-0.0229486597953	0.0229175502197	-0.0484135794484	-0.0434519250445	-0.000465297197483	0.0306148093979	-0.0202385523296	0.0179790988885	-0.0160694320721	0.0347686677205	0.0324786706495	-0.0397105603403	-0.0836926871283	-0.00692800117466	-0.0486927064819	0.0184003719956	0.00085128462782	0.0140556576924	-0.0794310675294	0.0140872201044	-0.112975636029	0.00381418536241	-0.0166272306136	0.0409052278231	0.0254597849892
k__Bacteria;p__Firmicutes;c__Clostridia;o__Clostridiales;f__Oscillospiraceae;g__Oscillibacter;s__Oscillibacter_sp._KLE_1745	0.0349765421349	-0.0488671713967	-0.0241675545617	-0.0546734502662	-0.0072654603804	-0.0139516261019	-0.0164994246293	0.0129556318662	-0.0618388121609	0.0241815953885	-0.00557375214732	0.0290447991642	-0.024663902028	-0.039856710251	-0.010857324539	-0.0110742380274	-0.0202683134757	-0.010429664703	0.0383775795317	-0.022444053474	0.0797017115308	0.0129574198589	0.0146158878328	0.0041562839526	1.0	-0.00283748417724	-0.0217542418448	-0.00512651888498	-0.000520161600204	-0.0502599017741	-0.0532839340975	0.0102769230164	-0.098095591506	-0.0167619791225	-0.0265346605014	-0.0258506293201	-0.0253977690779	0.0225428627415	-0.036842597524	-0.0244219341016	0.00146329588966	-0.0344002818066	-0.0212983078277	0.0351252038025	-0.014737106286	0.00759220072789	-0.0163335593651	-0.058188784368	0.0303683422621	0.0702752935979	0.0299020742856	0.043119265825	-0.0074423664901	-0.0420170011306	-0.00291375255298	0.00343515219588	-0.00382059366021	0.00902125431044	-0.00587909197625
k__Bacteria;p__Bacteroidetes;c__Bacteroidia;o__Bacteroidales;f__Bacteroidaceae;g__Bacteroides;s__Bacteroides_coprophilus	-0.0183724342539	0.00209644765279	0.00241885660134	-0.0144989776218	-0.0395241573802	0.0680645750127	0.0170385723091	-0.041674011749	-0.0418072036418	-0.0212254265515	0.0321719256688	-0.0550255096082	-0.039587430774	-0.0417186611009	-0.0154022441423	0.022379573944	0.0178231847268	0.0141726999702	-0.0202370324505	-0.0638129641617	0.0308299279208	-0.034983282201	0.00188710157129	-0.012666213816	-0.00283748417724	1.0	-0.0763086565584	0.0027978168612	-0.013108040482	0.00528997362235	0.0127313778116	-0.0126195489	0.0275653817099	-0.0689764664886	0.0344703833046	-0.00725835098565	-0.0156731918924	-0.0104115130032	-0.00809922473876	0.0438707086882	-0.00410827235619	-0.0349350092312	0.0389433022272	-0.0330191642642	0.0614887375025	-0.0148669596154	0.0052221153023	0.0565340897188	-0.0260637900075	-0.0121041148351	-0.0227606543654	-0.000219753376504	-0.0488409720778	0.0342498743289	-0.0360169591305	-0.0211350043473	-0.00748919241404	0.0595642963798	-0.06360275071
k__Bacteria;p__Firmicutes;c__Clostridia;o__Clostridiales;f__Lachnospiraceae;g__Roseburia;s__Roseburia_intestinalis	0.0084989845079	0.0169934854582	0.00630714517569	-0.0953034802765	0.0282988273981	0.00974860820863	-0.0350068731167	-0.0370178172661	0.0566990057782	0.0492163757177	0.0164235066012	-0.0179542055147	0.0471375606827	0.0222886980819	0.00100584082452	0.0215923806605	-0.0111123824081	0.0127802407606	0.00466248710605	0.00102375786755	-0.0342018650755	0.00713642213052	-0.0472243389783	-0.0195676035886	-0.0217542418448	-0.0763086565584	1.0	-0.012734434639	-0.0624388404424	-0.0114823028972	0.0219443344421	-0.0300578398752	0.0166201086366	-0.0421231972916	-0.000515972408973	0.067607304116	-0.0482992776714	-0.0412972306741	0.0150326475738	0.0647364219707	-0.00341660153775	-0.0477946133992	0.0184924572905	0.0614822306561	-0.0564229421934	0.0280380469509	0.0663323612497	0.0128048321759	0.00876725620905	-0.0123327691528	0.00406537306168	0.0486340552664	0.0181239162293	-0.0228842820335	-0.0358511222498	-0.0507017422058	-0.00859870668228	-0.0553343597768	-0.0150404393936
k__Bacteria;p__Firmicutes;c__Clostridia;o__Clostridiales;f__Lachnospiraceae;g__Roseburia;s__Roseburia_hominis	-0.0188533635797	0.0357958454485	-0.0749048411083	0.0202125266361	-0.0108138433917	0.00980445642006	-0.0288646729947	-0.00307073199761	-0.00166261632655	-0.0209444780365	0.0288507520795	-0.0391546634703	-0.0211235331684	0.0584090170577	-5.96606917913e-05	-0.0215172425247	-0.00755687302836	-0.019943147555	-0.0569953860005	0.00582916065178	-0.0506867696766	0.0341674611803	0.0229277553269	-0.0307767735247	-0.00512651888498	0.0027978168612	-0.012734434639	1.0	-0.000157833947558	-0.0355294565786	0.0824909697201	-0.0105899183677	-0.0013758171146	-0.0404159637504	-0.0369869828425	0.00539981865127	-0.0239399686377	-0.00366806873012	-0.0140193069363	0.00397165228013	-0.00622792856679	0.0122089890119	-0.022730256248	0.0229874659087	0.0473783976997	-0.0862266023505	-0.0179173106542	-0.00872979138172	-0.000697345208069	-0.0391898379669	-0.0433607776615	0.00129328446655	0.0420952823103	-0.0231062042924	-0.0100286937317	-0.0276745366489	-0.0180997989822	-0.0476259002875	0.00102727717802
k__Bacteria;p__Bacteroidetes;c__Bacteroidia;o__Bacteroidales;f__Porphyromonadaceae;g__Parabacteroides;s__Parabacteroides_johnsonii	0.0383959689002	-0.0082153000947	0.0662468070901	0.0420158186654	-0.0474984636889	-0.0502790857376	0.000294149466132	0.0124141195787	-0.0794224019863	-0.015391835746	-0.00708635011425	-0.0338069691713	0.00424811025375	0.00651457363035	0.0253488010126	-0.0555485121118	0.0152713289617	-0.0407431952	-0.0115121559296	-0.0411985511215	-0.00115748239089	0.088298571808	-0.00375426259716	0.0477224698615	-0.000520161600204	-0.013108040482	-0.0624388404424	-0.000157833947558	1.0	0.0279443561415	0.0313449267911	0.0243427790868	-0.0149064975577	-0.0343197969651	-0.00496039128803	0.0436861962723	0.0116339415898	-0.0242640022824	-0.0241262652944	0.00741933576321	0.0548271189765	-0.0250938492079	-0.0472185651402	0.0498920057407	0.0234967795149	0.0208943183159	-0.053037788742	0.0155772979649	-0.00291024801241	-0.0419518030961	0.000361694843297	0.00121287183941	0.0105878323345	-0.0690578748495	-0.0579518221043	-0.0109865190331	0.0155410269052	-0.00307523786297	-0.0318081291249
k__Bacteria;p__Actinobacteria;c__Actinobacteria;o__Bifidobacteriales;f__Bifidobacteriaceae;g__Bifidobacterium;s__Bifidobacterium_longum	0.00549936314801	-0.049743437045	-0.0195371176742	-0.0251259194242	0.0221292808627	-0.0425761232376	-0.0118665200619	-0.0710722212196	-0.0242755441568	0.014500938447	-0.00151531151905	-0.0242081991637	-0.0257941659	-0.02455842417	0.0464792530502	-0.0241437486002	-0.0292724420356	-0.00117034788451	0.00918089423167	-0.0342302769715	0.0333854510852	0.00928323207587	0.053736863412	-0.00595128867357	-0.0502599017741	0.00528997362235	-0.0114823028972	-0.0355294565786	0.0279443561415	1.0	0.0197853536612	-0.0366300694516	-0.0111998492664	0.0208812845155	0.0090231798501	-0.0148862152996	0.0094386064266	0.0375879761422	0.00381711661833	-0.0453784700317	-0.0155125819383	0.0318492732433	-0.0572229382609	-0.00403057744305	0.00375363167795	0.0525173020652	0.00684631713851	-0.0103343188201	0.0321497181986	0.00576207550799	-0.0187567624108	-0.00579281640445	-0.0671690433788	-0.0370075157644	0.00164758024555	0.0400653405683	0.00999295951026	0.0216920479585	-0.00517519820651
