#taxonomy	k__Bacteria;p__Bacteroidetes;c__Bacteroidia;o__Bacteroidales;f__Bacteroidaceae;g__Bacteroides;s__Bacteroides_vulgatus	k__Bacteria;p__Bacteroidetes;c__Bacteroidia;o__Bacteroidales;f__Bacteroidaceae;g__Bacteroides;s__Bacteroides_uniformis	k__Bacteria;p__Bacteroidetes;c__Bacteroidia;o__Bacteroidales;f__Rikenellaceae;g__Alistipes;s__Alistipes_putredinis	k__Bacteria;p__Bacteroidetes;c__Bacteroidia;o__Bacteroidales;f__Prevotellaceae;g__Prevotella;s__Prevotella_copri	k__Bacteria;p__Bacteroidetes;c__Bacteroidia;o__Bacteroidales;f__Bacteroidaceae;g__Bacteroides;s__Bacteroides_stercoris	k__Bacteria;p__Bacteroidetes;c__Bacteroidia;o__Bacteroidales;f__Bacteroidaceae;g__Bacteroides;s__Bacteroides_ovatus	k__Bacteria;p__Bacteroidetes;c__Bacteroidia;o__Bacteroidales;f__Rikenellaceae;g__Alistipes;s__Alistipes_shahii	k__Bacteria;p__Firmicutes;c__Clostridia;o__Clostridiales;f__Ruminococcaceae;g__Faecalibacterium;s__Faecalibacterium_prausnitzii	k__Bacteria;p__Bacteroidetes;c__Bacteroidia;o__Bacteroidales;f__Rikenellaceae;g__Alistipes;s__Alistipes_finegoldii	k__Bacteria;p__Bacteroidetes;c__Bacteroidia;o__Bacteroidales;f__Porphyromonadaceae;g__Parabacteroides;s__Parabacteroides_distasonis	k__Bacteria;p__Bacteroidetes;c__Bacteroidia;o__Bacteroidales;f__Bacteroidaceae;g__Bacteroides;s__Bacteroides_thetaiotaomicron	k__Bacteria;p__Bacteroidetes;c__Bacteroidia;o__Bacteroidales;f__Bacteroidaceae;g__Bacteroides;s__Bacteroides_coprocola	k__Bacteria;p__Bacteroidetes;c__Bacteroidia;o__Bacteroidales;f__Bacteroidaceae;g__Bacteroides;s__Bacteroides_cellulosilyticus	k__Bacteria;p__Bacteroidetes;c__Bacteroidia;o__Bacteroidales;f__Rikenellaceae;g__Alistipes;s__Alistipes_obesi	k__Bacteria;p__Firmicutes;c__Clostridia;o__Clostridiales;f__Lachnospiraceae;g__;s__[Eubacterium]_rectale	k__Bacteria;p__Bacteroidetes;c__Bacteroidia;o__Bacteroidales;f__Bacteroidaceae;g__Bacteroides;s__Bacteroides_plebeius	k__Bacteria;p__Bacteroidetes;c__Bacteroidia;o__Bacteroidales;f__Bacteroidaceae;g__Bacteroides;s__Bacteroides_fragilis	k__Bacteria;p__Proteobacteria;c__Betaproteobacteria;o__Burkholderiales;f__Sutterellaceae;g__Sutterella;s__Sutterella_wadsworthensis	k__Bacteria;p__Bacteroidetes;c__Bacteroidia;o__Bacteroidales;f__Porphyromonadaceae;g__Barnesiella;s__Barnesiella_intestinihominis	k__Bacteria;p__Bacteroidetes;c__Bacteroidia;o__Bacteroidales;f__Odoribacteraceae;g__Odoribacter;s__Odoribacter_splanchnicus	k__Bacteria;p__Bacteroidetes;c__Bacteroidia;o__Bacteroidales;f__Bacteroidaceae;g__Bacteroides;s__Bacteroides_salyersiae	k__Bacteria;p__Firmicutes;c__Clostridia;o__Clostridiales;f__Ruminococcaceae;g__Ruminiclostridium;s__[Eubacterium]_siraeum	k__Bacteria;p__Proteobacteria;c__Betaproteobacteria;o__Burkholderiales;f__Sutterellaceae;g__Parasutterella;s__Parasutterella_excrementihominis	k__Bacteria;p__Actinobacteria;c__Actinobacteria;o__Bifidobacteriales;f__Bifidobacteriaceae;g__Bifidobacterium;s__Bifidobacterium_adolescentis	k__Bacteria;p__Firmicutes;c__Clostridia;o__Clostridiales;f__Oscillospiraceae;g__Oscillibacter;s__Oscillibacter_sp._KLE_1745	k__Bacteria;p__Bacteroidetes;c__Bacteroidia;o__Bacteroidales;f__Bacteroidaceae;g__Bacteroides;s__Bacteroides_coprophilus	k__Bacteria;p__Firmicutes;c__Clostridia;o__Clostridiales;f__Lachnospiraceae;g__Roseburia;s__Roseburia_intestinalis	k__Bacteria;p__Firmicutes;c__Clostridia;o__Clostridiales;f__Lachnospiraceae;g__Roseburia;s__Roseburia_hominis	k__Bacteria;p__Bacteroidetes;c__Bacteroidia;o__Bacteroidales;f__Porphyromonadaceae;g__Parabacteroides;s__Parabacteroides_johnsonii	k__Bacteria;p__Actinobacteria;c__Actinobacteria;o__Bifidobacteriales;f__Bifidobacteriaceae;g__Bifidobacterium;s__Bifidobacterium_longum	k__Bacteria;p__Firmicutes;c__Clostridia;o__Clostridiales;f__;g__Flavonifractor;s__Flavonifractor_plautii	k__Bacteria;p__Firmicutes;c__Clostridia;o__Clostridiales;f__Clostridiaceae;g__Clostridium;s__Clostridium_phoceensis	k__Bacteria;p__Verrucomicrobia;c__Verrucomicrobiae;o__Verrucomicrobiales;f__Akkermansiaceae;g__Akkermansia;s__Akkermansia_muciniphila	k__Bacteria;p__Bacteroidetes;c__Bacteroidia;o__Bacteroidales;f__Prevotellaceae;g__Paraprevotella;s__Paraprevotella_xylaniphila	k__Bacteria;p__Firmicutes;c__Clostridia;o__Clostridiales;f__Ruminococcaceae;g__Ruminococcus;s__Ruminococcus_callidus	k__Bacteria;p__Bacteroidetes;c__Bacteroidia;o__Bacteroidales;f__Rikenellaceae;g__Alistipes;s__Alistipes_senegalensis	k__Bacteria;p__Firmicutes;c__Clostridia;o__Clostridiales;f__Lachnospiraceae;g__Blautia;s__Blautia_sp._KLE_1732	k__Bacteria;p__Bacteroidetes;c__Bacteroidia;o__Bacteroidales;f__Bacteroidaceae;g__Bacteroides;s__Bacteroides_oleiciplenus	k__Bacteria;p__Firmicutes;c__Clostridia;o__Clostridiales;f__Ruminococcaceae;g__Ruminococcus;s__Ruminococcus_bicirculans	k__Bacteria;p__Bacteroidetes;c__Bacteroidia;o__Bacteroidales;f__Bacteroidaceae;g__Bacteroides;s__Bacteroides_fluxus	k__Bacteria;p__Bacteroidetes;c__Bacteroidia;o__Bacteroidales;f__Prevotellaceae;g__Prevotella;s__Prevotella_stercorea	k__Bacteria;p__Firmicutes;c__Clostridia;o__Clostridiales;f__Lachnospiraceae;g__Dorea;s__Dorea_longicatena	k__Bacteria;p__Firmicutes;c__Clostridia;o__Clostridiales;f__Eubacteriaceae;g__Eubacterium;s__[Eubacterium]_eligens	k__Bacteria;p__Firmicutes;c__Clostridia;o__Clostridiales;f__Ruminococcaceae;g__;s__Ruminococcaceae_bacterium_D16	k__Bacteria;p__Firmicutes;c__Clostridia;o__Clostridiales;f__Lachnospiraceae;g__Coprococcus;s__Coprococcus_comes	k__Bacteria;p__Proteobacteria;c__Gammaproteobacteria;o__Enterobacterales;f__Enterobacteriaceae;g__Escherichia;s__Escherichia_coli	k__Bacteria;p__Firmicutes;c__Clostridia;o__Clostridiales;f__Ruminococcaceae;g__Anaerotruncus;s__Anaerotruncus_colihominis	k__Bacteria;p__Firmicutes;c__Clostridia;o__Clostridiales;f__Lachnospiraceae;g__Blautia;s__Blautia_obeum	k__Bacteria;p__Bacteroidetes;c__Bacteroidia;o__Bacteroidales;f__Odoribacteraceae;g__Odoribacter;s__Odoribacter_laneus	k__Bacteria;p__Firmicutes;c__Clostridia;o__Clostridiales;f__Ruminococcaceae;g__Ruminiclostridium;s__[Clostridium]_leptum	k__Bacteria;p__Bacteroidetes;c__Bacteroidia;o__Bacteroidales;f__Porphyromonadaceae;g__Parabacteroides;s__Parabacteroides_goldsteinii	k__Bacteria;p__Firmicutes;c__Clostridia;o__Clostridiales;f__Lachnospiraceae;g__Anaerostipes;s__Anaerostipes_hadrus	k__Bacteria;p__Firmicutes;c__Clostridia;o__Clostridiales;f__Ruminococcaceae;g__Ruminococcus;s__Ruminococcus_lactaris	k__Bacteria;p__Firmicutes;c__Clostridia;o__Clostridiales;f__Clostridiaceae;g__Clostridium;s__Clostridium_sp._L2-50	k__Bacteria;p__Firmicutes;c__Clostridia;o__Clostridiales;f__Clostridiaceae;g__Clostridium;s__Clostridium_sp._M62/1	k__Bacteria;p__Firmicutes;c__Clostridia;o__Clostridiales;f__;g__Intestinimonas;s__Intestinimonas_butyriciproducens	k__Bacteria;p__Actinobacteria;c__Actinobacteria;o__Bifidobacteriales;f__Bifidobacteriaceae;g__Bifidobacterium;s__Bifidobacterium_bifidum	k__Bacteria;p__Firmicutes;c__Negativicutes;o__Veillonellales;f__Veillonellaceae;g__Dialister;s__Dialister_invisus	k__Bacteria;p__Bacteroidetes;c__Bacteroidia;o__Bacteroidales;f__Bacteroidaceae;g__Bacteroides;s__Bacteroides_salanitronis
k__Bacteria;p__Bacteroidetes;c__Bacteroidia;o__Bacteroidales;f__Bacteroidaceae;g__Bacteroides;s__Bacteroides_vulgatus	1.0	-0.0148646471112	-0.000782737279005	-0.0334739427747	-0.0128325820382	0.022538545926	0.0427807832604	0.0149094014249	0.0466264581896	0.00159985591766	0.0303469654221	0.0223653834519	-0.0637310639761	-0.0408119810704	0.0373915877555	-0.00645650894902	0.0113622203918	-0.0117164917011	-0.0829970814721	-0.00928477447117	0.00594669426352	0.0239730294172	0.0105332835043	0.0526964402194	-0.00203497557748	-0.020474863305	-0.0540206415237	-0.00964442439377	-0.00903281867049	-0.00905641206673	-0.0341114890923	-0.0450761428172	0.0189068901137	0.059670590099	-0.0471682126332	0.0415481408844	-0.0577896846767	-0.0567648690292	-0.0147493611259	0.0307103191191	0.0213840383944	0.00811296753521	-0.0416807316122	0.0377125466288	-0.0124536772511	-0.0573983899679	0.0286522829293	0.0255968038246	-0.0168872654763	-0.0475539721097	0.0351589191366	0.00674243112805	-0.0532027145827	0.0078062360797	-0.0350353270449	0.00639673006898	-0.0513163949892	-0.0744211044139	-0.00980517509082
k__Bacteria;p__Bacteroidetes;c__Bacteroidia;o__Bacteroidales;f__Bacteroidaceae;g__Bacteroides;s__Bacteroides_uniformis	-0.0148646471112	1.0	0.0258545929468	0.041765377865	-0.00271096049308	0.0679917398579	0.0125062310004	-0.0537062531134	-0.0738408165151	-0.0257271887987	-0.0112049198875	0.0738242980604	-0.00129781519058	-0.0196637013362	0.0345884075349	0.00344287171727	-0.0423315045216	-0.041670239532	0.029424524795	0.00584344929812	-0.0044916672737	-0.00855189843671	0.00474016265662	-0.0426847621592	-0.0344644141555	-0.0471025145581	0.0261846442612	0.0392763861372	-0.0241932346981	0.0376218567453	-0.0145597106528	-0.0506994634641	-0.00764714611378	-0.000394004104315	-0.0301521211394	-0.0840845520544	-0.00846932668118	-0.0394026190851	-0.00167100219267	0.0381606578886	-0.00956814819918	-0.0696677101041	0.010239963542	-0.017627738595	0.0242387719064	-0.018473447639	0.0168141725576	-0.0226347619561	0.077951826978	-0.0919195014486	-0.00607424947467	0.0311113973888	-0.0268209585062	0.0537744623516	-0.0370441583711	-0.0109432731782	-0.0551150467767	-0.0121377687374	-0.0335513642549
k__Bacteria;p__Bacteroidetes;c__Bacteroidia;o__Bacteroidales;f__Rikenellaceae;g__Alistipes;s__Alistipes_putredinis	-0.000782737279005	0.0258545929468	1.0	-0.0255680806653	0.0377905583607	-0.00436475175311	0.0289647796288	-0.0264568802181	0.00773095559078	-0.00276848239866	-0.0147413169402	-0.0161154706082	0.0169058368279	0.0152121111916	-0.0245880433606	0.0330619443009	0.0541518917182	-0.0390522725245	-0.0452719201518	0.0461917076078	0.000473237734965	-0.0216804005356	0.0475603557408	0.0530112946901	-0.0200955488875	-0.0299947384525	-0.0553827261001	0.00619365044228	0.00665697139126	-0.0141573100985	-0.0146678104506	-0.0157591758088	-0.0303256761385	-0.060552322898	-0.0181148135158	-0.0404856574454	0.0330221733318	-0.0336075765613	0.027004399728	-0.0203416623375	-0.0386453369774	-0.00168382603287	0.0343298625304	-0.0162339670337	-0.0106222156573	-0.0256316123099	-0.0236522527974	0.0269182183296	-0.00806120528301	-0.0653361996775	-0.0059244512319	-0.0161710341662	-0.00258661373408	0.00353200937378	0.0166254617045	-0.0161300134764	-0.00880551011213	-0.00878454357695	0.0095177799064
k__Bacteria;p__Bacteroidetes;c__Bacteroidia;o__Bacteroidales;f__Prevotellaceae;g__Prevotella;s__Prevotella_copri	-0.0334739427747	0.041765377865	-0.0255680806653	1.0	-0.000760093533197	-0.0227483984511	-0.0478310927018	-0.028834761134	-0.00862419844237	-0.0260307189919	0.0277387217721	-0.0498659342582	-0.0142715682814	-0.00289382099742	-0.0106880351182	-0.00670311904118	-0.0180356420951	0.0392176020818	0.0327764325259	-0.00275688816612	-0.0293460219864	-0.0019336278007	0.00933745039319	-0.0106497545241	-0.0163746177034	-0.0046167730822	-0.0570385292088	-0.0269594347066	0.0545152361143	-0.0354897267163	0.00291377290079	-0.0244755546113	0.0104184659212	0.0342051432479	-0.0831255204444	-0.0220495845046	0.019123215602	0.00111568597408	0.0410357746671	0.0194993795121	0.0116501733311	-0.00223212485438	0.00444193744596	-0.00718189455759	0.00608087839258	0.0308287705172	0.0315389550625	6.89524194965e-05	0.0352782697006	-0.0103081629299	-0.011392353581	0.0141726767696	-0.00844719586882	-0.00112098834545	-0.0141015599673	-0.0409615890311	-0.0068695370641	-0.0540835601752	-0.031511766057
k__Bacteria;p__Bacteroidetes;c__Bacteroidia;o__Bacteroidales;f__Bacteroidaceae;g__Bacteroides;s__Bacteroides_stercoris	-0.0128325820382	-0.00271096049308	0.0377905583607	-0.000760093533197	1.0	0.00608432884503	0.0931419048346	-0.0487476176626	0.0452184912507	-0.0224776506314	-0.0204400044537	-0.0274097435124	0.00592920425865	-0.0189530164011	0.0465785865722	0.0120583544937	-0.0374480291556	-0.0460377327255	-0.00186210924967	0.0144629870236	0.0407280044525	0.0387808662891	-0.0243885867779	-0.0193258324303	-0.00278108908502	0.027070445237	-0.0277960249327	-0.0286461916396	-0.0385814081596	0.0227829538558	-0.0119899628212	-0.000112477205729	-0.0107331189616	0.0311608573128	0.0663268309416	0.051882408679	-0.0119100003142	-0.0683726097335	-0.00870424527314	-0.0261468377072	-0.0506504910675	0.0109439746244	-0.0379216349375	0.0231530279935	-0.00500844728086	-0.0140816770681	0.0186623387113	-0.0590566044429	0.0233701596838	-0.0504541621322	-0.0233304750342	0.0271806006605	0.0244749452149	-0.00121718920785	-0.0322332689473	0.00634830608855	-0.0152154686616	0.0200026512587	-0.0423834072639
k__Bacteria;p__Bacteroidetes;c__Bacteroidia;o__Bacteroidales;f__Bacteroidaceae;g__Bacteroides;s__Bacteroides_ovatus	0.022538545926	0.0679917398579	-0.00436475175311	-0.0227483984511	0.00608432884503	1.0	-0.0741494209086	-0.0386087138847	-0.00414410716827	-0.0335277742092	0.0450533598901	0.0258907728429	0.0288264464596	0.027692251254	-0.00704627782735	0.00409067658622	-0.00336794586377	0.0488234713145	-0.0189438815321	-0.104167342204	0.0262255609658	-0.0151969103241	-0.0575128565592	0.0261554549713	-0.0290340455351	0.0216972200572	0.0185774097192	-0.0230746171412	0.0306994809618	0.0646648065376	-0.0031760241787	-0.0149230706046	0.0403585048071	-0.0595236377945	0.0114291652022	-0.0270368051295	-0.036092990858	0.00268188754237	0.0145842709065	0.00532304830042	-0.0477689928766	-0.0229939497287	0.0122747231507	0.00971090298993	-0.00200107627034	0.0487907406844	-0.0271968248126	0.0493001742712	0.038306114571	-0.0581225766693	-0.0395364820645	-0.00353671732875	-0.0716817208621	-0.00148015539737	7.68021107703e-05	-0.0352552597983	-0.065366990654	-0.016428115396	-0.00358009748894
k__Bacteria;p__Bacteroidetes;c__Bacteroidia;o__Bacteroidales;f__Rikenellaceae;g__Alistipes;s__Alistipes_shahii	0.0427807832604	0.0125062310004	0.0289647796288	-0.0478310927018	0.0931419048346	-0.0741494209086	1.0	-0.00791341258867	0.00344303371053	-0.0316109879527	-0.0233177694231	-0.0252984694698	-0.0440594485825	-0.0239791313129	0.0216367786758	-0.0462722895159	-0.0343936171311	0.00654639279517	0.00576543905203	0.0220676627114	-0.016135780662	-0.0171321916976	-0.0456556094482	0.0478622624862	-0.0588399485198	-0.0630446174726	-0.0562421982979	-0.0186766227596	-0.0234580111894	0.0619659732058	0.0319906578369	-0.013719084693	0.0308801288782	-0.0145555916297	0.0452898628854	0.0404054592104	-0.0705956241574	0.0118776768891	0.00841790157534	-0.0296794737474	0.0577322379616	0.0744095857002	-0.0291597514037	-0.0171280307887	-0.0466652520726	-0.0120605696538	0.0436274536986	0.0228131382826	-0.0472136367742	-0.0337469471224	-0.0388716728732	0.0312491926153	-0.0191883847074	-0.0412729788854	-0.0262285126128	0.0251954232536	-0.0184552516304	-0.00715469667191	0.0176797721615
k__Bacteria;p__Firmicutes;c__Clostridia;o__Clostridiales;f__Ruminococcaceae;g__Faecalibacterium;s__Faecalibacterium_prausnitzii	0.0149094014249	-0.0537062531134	-0.0264568802181	-0.028834761134	-0.0487476176626	-0.0386087138847	-0.00791341258867	1.0	-0.0334520064611	-0.0495115633259	0.00633214508124	0.00360390389723	-0.00633511474723	0.00167290430018	0.00167920140525	-0.0406809802198	0.0394824340006	0.00740667550989	-0.0188695876533	0.0508683604909	0.0167738908873	-0.0241821102905	-0.0545300090845	0.0147078684194	0.0130970817108	-0.029663613057	0.0199147793472	0.0261263354338	-0.0139088408597	-0.0450955414493	0.0655362283977	-0.00915547858959	0.0407444726378	0.00933337743053	0.000805350965099	0.0261281093582	-0.0203382316259	-0.0159877379491	-0.0369009148582	0.0516538243175	0.00214380625797	-0.00586358008616	-0.00621271616727	0.0242697727522	0.038257157827	0.0304624225736	-0.0185414565161	-0.00574913644828	0.0135679113685	-0.029172647273	-0.0134479471154	-0.0536090491343	0.0132853719411	-0.0260813883558	-0.072654890764	0.00194176218692	0.00880642771168	0.00249543429912	-0.0143151367569
k__Bacteria;p__Bacteroidetes;c__Bacteroidia;o__Bacteroidales;f__Rikenellaceae;g__Alistipes;s__Alistipes_finegoldii	0.0466264581896	-0.0738408165151	0.00773095559078	-0.00862419844237	0.0452184912507	-0.00414410716827	0.00344303371053	-0.0334520064611	1.0	-0.00151334285741	0.0371158800424	-0.0492013406215	-0.0225434420245	0.000912280371599	-0.0209834349325	0.0347237462504	0.0552360930336	-0.0548302213698	-0.0234437199343	0.00246018568873	-0.0414023372678	0.00749905748632	0.0421360099075	0.035402360634	0.0563241715329	0.0352740421893	0.0282575265572	0.0340077630597	0.0216448599431	0.0106643513985	-0.00631569844259	-0.0598794889752	0.00860114685323	0.0130789862451	0.0050336685258	-0.0201921754865	0.0505092370242	0.0282695489151	-0.0464821641913	-0.0503374409886	-0.024590670063	-0.0165017525847	-0.0441581721786	-0.0449850440274	0.0451230695935	0.0200217172169	0.0265028100082	-0.0535347593614	-0.00925288467563	-0.0763181410983	0.0458903955201	-0.0537547763744	-0.0490108607416	-8.71923691299e-05	-0.00897528636517	-0.0111296684513	-0.0216964884164	-0.00676440844442	-0.035215108981
k__Bacteria;p__Bacteroidetes;c__Bacteroidia;o__Bacteroidales;f__Porphyromonadaceae;g__Parabacteroides;s__Parabacteroides_distasonis	0.00159985591766	-0.0257271887987	-0.00276848239866	-0.0260307189919	-0.0224776506314	-0.0335277742092	-0.0316109879527	-0.0495115633259	-0.00151334285741	1.0	-0.00654097139483	-0.00738560583354	0.0143680016169	0.0137999380127	-0.0239170372714	0.0094029848469	-0.0369470527066	-0.00573777936972	-0.0526847831484	0.0375593346465	0.0361959445353	-0.0262180667901	-0.0200261879161	-0.0581047611054	-0.0525130028674	-0.0127452252723	-0.0478977532615	-0.0220372321165	0.0231941905524	0.0141424207071	-0.0181506295694	-0.0450100401898	-0.0351673355759	-0.0270566937606	0.0242194168482	0.0146462081038	0.0235490776882	-0.100795855342	-0.0382744045518	0.0312066510724	0.0429963309095	0.0445083494545	-0.0549552981131	-0.0158531730803	0.0663138816821	-0.0235474354058	-0.00303201101104	0.0418186152488	-0.0617842928111	-0.0362672186984	0.0463066635966	-0.0141362968198	-0.0493875941175	-0.0103726628471	0.020323983988	-0.0238128417843	-0.0122588797713	0.0870863471623	-0.0155718615411
k__Bacteria;p__Bacteroidetes;c__Bacteroidia;o__Bacteroidales;f__Bacteroidaceae;g__Bacteroides;s__Bacteroides_thetaiotaomicron	0.0303469654221	-0.0112049198875	-0.0147413169402	0.0277387217721	-0.0204400044537	0.0450533598901	-0.0233177694231	0.00633214508124	0.0371158800424	-0.00654097139483	1.0	-0.0109082583847	0.0218322307982	-0.0350687950941	-0.00258524206154	-0.0119965578981	-0.0398164198293	-0.012955346396	-0.0195159223883	0.0545300501327	0.00425588717518	-0.033343012729	-0.00794351228286	0.0263980251094	0.0277207702802	0.0233053367162	0.00873648410922	-0.0263136680119	-0.000785578479092	4.88412351918e-05	-0.0330496759923	-0.0683620652094	-0.0635811534694	-0.0577215649758	-0.0427413660937	-0.00128943902008	-0.0870756079836	0.0241969032444	0.000185709613817	-0.0397376564193	-0.0147717450642	0.0106437774382	-0.0311893449376	-0.00524470533989	0.000483060423665	0.0675187531967	-0.0241988086771	-0.0157407314146	0.0129827467914	-0.0820363610401	-0.0256314045314	-0.0223398418863	-0.00168537962185	0.0435681291987	-0.0495206758732	-0.0217934296953	-0.0337797591448	-0.0169029379082	0.00498211638254
k__Bacteria;p__Bacteroidetes;c__Bacteroidia;o__Bacteroidales;f__Bacteroidaceae;g__Bacteroides;s__Bacteroides_coprocola	0.0223653834519	0.0738242980604	-0.0161154706082	-0.0498659342582	-0.0274097435124	0.0258907728429	-0.0252984694698	0.00360390389723	-0.0492013406215	-0.00738560583354	-0.0109082583847	1.0	-0.0250936091513	-0.0397181407922	0.035210176572	0.019055455324	0.030386134389	-0.00584742314789	-0.068538881297	-0.0209532211633	0.0501947146026	-0.0408634332896	0.0430739245312	-0.0167093520422	0.0243486749357	-0.0383767658889	-0.0205143282949	0.0459912822319	-0.0182809189689	0.0203952426475	-0.0723320263627	0.00947468918591	-0.0367848648764	-0.019709521842	0.0206802937394	0.0196186802476	-0.0553646155201	-0.0578627604866	-0.0144688037495	-0.0263949807034	-0.0219427985457	0.0193638008399	-0.0630955680576	-0.0230618771745	0.0119333639089	0.0419183785665	-0.0283227294087	-0.006867220303	0.00524887679544	0.0216593435515	0.00122327289449	-0.0342700941545	-0.0144987746848	-0.0180036551983	-0.0178889594161	-0.00505526674958	0.0179013111433	-0.0351381429735	0.0127874594112
k__Bacteria;p__Bacteroidetes;c__Bacteroidia;o__Bacteroidales;f__Bacteroidaceae;g__Bacteroides;s__Bacteroides_cellulosilyticus	-0.0637310639761	-0.00129781519058	0.0169058368279	-0.0142715682814	0.00592920425865	0.0288264464596	-0.0440594485825	-0.00633511474723	-0.0225434420245	0.0143680016169	0.0218322307982	-0.0250936091513	1.0	0.0158830641016	-0.00814644961969	0.010330123152	-0.0112922318848	-0.0240253115549	-0.0319476125344	-0.00844831900904	0.0133250092083	-0.0337182851743	-0.0122288199213	-0.0355057647787	-0.023046767401	0.0115859110873	0.0229413375769	-0.0122896134021	-0.0495871911222	0.036582220561	-0.0257884366083	0.00606376581741	0.0130374973091	0.0502540198609	-0.00199589056277	-0.0130237176287	0.0250362180492	-0.0363381578316	-0.00165488483269	0.0127864539462	-0.00271927615356	0.00572235882604	-0.0539246893616	-0.0144347843404	-0.00291854259429	-0.0426317774614	0.00250976127584	-0.00343613751792	0.00136183959655	0.00359417429322	0.0350941436047	0.0012157661898	0.00367546019231	0.00915246253177	0.0110954002029	-0.00590171848672	-0.0018611463265	0.00209159733838	-0.00303325786745
k__Bacteria;p__Bacteroidetes;c__Bacteroidia;o__Bacteroidales;f__Rikenellaceae;g__Alistipes;s__Alistipes_obesi	-0.0408119810704	-0.0196637013362	0.0152121111916	-0.00289382099742	-0.0189530164011	0.027692251254	-0.0239791313129	0.00167290430018	0.000912280371599	0.0137999380127	-0.0350687950941	-0.0397181407922	0.0158830641016	1.0	-0.0429884521416	-0.0387144871845	-0.0119268301805	-0.0119532317333	-0.0315946853187	0.0384531372168	0.0110918056489	0.00491623748758	-0.0131729348851	0.0127175327225	-0.0663965906105	-0.0135973305026	0.00636617175787	-0.0161735591301	-0.0177943608891	0.0353167786695	-0.0280418996755	0.056376770291	0.0597425380166	0.00784469644572	0.000147832395669	-0.0230322815578	0.0692768119344	-0.0588545626646	0.0150060526841	-0.0319982843963	-0.0245948722759	-0.0360697547674	0.00937403284541	0.00508042073623	-0.00646854840664	-0.0399763901766	0.000388321438484	0.0499252859703	0.0170596102794	-0.0173244137419	-0.0165842538216	0.0282279455403	-0.0265263917476	-0.035151735991	-0.0722843356299	0.032925938694	0.0187501742413	0.00309223538999	-0.00412070231715
k__Bacteria;p__Firmicutes;c__Clostridia;o__Clostridiales;f__Lachnospiraceae;g__;s__[Eubacterium]_rectale	0.0373915877555	0.0345884075349	-0.0245880433606	-0.0106880351182	0.0465785865722	-0.00704627782735	0.0216367786758	0.00167920140525	-0.0209834349325	-0.0239170372714	-0.00258524206154	0.035210176572	-0.00814644961969	-0.0429884521416	1.0	0.0231452674496	0.0309363648704	0.0177899725354	0.03820051633	0.00437211871879	-0.0334040274302	-0.0424445836771	0.0352161458994	-0.0681995131025	0.0799941453194	-0.0294326256935	-0.0349448012858	-0.00147312354603	-0.0148713579339	-0.0364644108716	-0.0366377029272	-0.0142045646171	0.0574576296593	-0.0424076223729	-0.0135332430625	-0.0350411600597	0.019963415172	0.0281197720897	-0.0216936234645	0.0137892433079	-0.0338635268817	-0.0394066552381	0.0142938149843	-0.00474846161359	0.0751415036897	0.030172819975	0.018074945577	-0.0393013215537	-0.00955706014496	0.0525933069975	-0.0173141545912	0.0331595629189	-0.0397349648594	-0.0252317461199	0.0132989238496	-0.0137639131603	-0.045498756268	-0.0328405042696	0.00525817816866
k__Bacteria;p__Bacteroidetes;c__Bacteroidia;o__Bacteroidales;f__Bacteroidaceae;g__Bacteroides;s__Bacteroides_plebeius	-0.00645650894902	0.00344287171727	0.0330619443009	-0.00670311904118	0.0120583544937	0.00409067658622	-0.0462722895159	-0.0406809802198	0.0347237462504	0.0094029848469	-0.0119965578981	0.019055455324	0.010330123152	-0.0387144871845	0.0231452674496	1.0	-0.0152194057106	-0.0375704957151	0.00756257386321	-0.0189811874391	-0.00785417388491	0.0216589692362	0.0538581106841	-0.0212530076372	0.00649019718939	-0.000703000986871	0.00833579121445	0.0175925457018	-0.0533722470995	0.00288795557915	-0.0066996434887	-0.0135332447678	-0.0250748495232	-0.0644873973677	-0.017785080416	-0.0110445668262	-0.0320394641008	0.00325082800725	0.00214069893605	-0.0178456909463	-0.0538659027856	-0.0206442934567	-0.0398455357885	-0.0161932384554	-0.00568199292423	0.0200894071283	0.0118422363052	-0.0154967832235	-0.0170100152601	0.0386146954417	0.0136510701476	-0.00521368147832	-0.00446666564987	0.0140429890644	-0.0451060835653	0.0361259276116	-0.0642251553976	-0.00537699878127	-0.00621009510737
k__Bacteria;p__Bacteroidetes;c__Bacteroidia;o__Bacteroidales;f__Bacteroidaceae;g__Bacteroides;s__Bacteroides_fragilis	0.0113622203918	-0.0423315045216	0.0541518917182	-0.0180356420951	-0.0374480291556	-0.00336794586377	-0.0343936171311	0.0394824340006	0.0552360930336	-0.0369470527066	-0.0398164198293	0.030386134389	-0.0112922318848	-0.0119268301805	0.0309363648704	-0.0152194057106	1.0	-0.0319476776161	-0.0299640260546	-0.0211152752901	0.025795010798	-0.0171074948456	-0.031749707669	0.0455386588026	0.000123964916041	-0.0463995565095	0.0301349449769	0.0272685788066	0.000760826757389	-0.00832453824696	0.106181773375	-0.0465378031042	-0.0223613396244	-0.0290117176116	-0.00695696066601	-0.023794561898	0.044137461573	-0.0148191631731	-0.00797403436942	-0.0340971866772	-0.0101275651204	-0.024478479889	0.0679536776749	-0.0639267726439	0.0185723517653	-0.0331379025995	-0.0217065440168	-0.0396763617382	0.0712088316364	0.000707695607981	-0.0427004913409	0.071912669008	0.0238308046022	-0.0373790913807	0.0364208652007	-0.045977272981	-0.00243518824195	0.000729204759999	-0.0129174825524
k__Bacteria;p__Proteobacteria;c__Betaproteobacteria;o__Burkholderiales;f__Sutterellaceae;g__Sutterella;s__Sutterella_wadsworthensis	-0.0117164917011	-0.041670239532	-0.0390522725245	0.0392176020818	-0.0460377327255	0.0488234713145	0.00654639279517	0.00740667550989	-0.0548302213698	-0.00573777936972	-0.012955346396	-0.00584742314789	-0.0240253115549	-0.0119532317333	0.0177899725354	-0.0375704957151	-0.0319476776161	1.0	-0.0191340767579	0.00411820620744	0.0120800949116	-0.0493835389523	-0.0279321653762	0.0168058294554	-0.0352467829226	-0.0289524093876	-0.0710019286215	-0.0161937681278	-0.00355214846353	-0.0515155406822	-0.00287685658348	-0.0260184062003	0.0552748875222	0.025566037632	-0.00148142648541	0.00247466343352	0.0235753191578	0.00129265759408	-0.0752622601615	-0.00827462129678	0.0621580955542	-0.00379956225722	-0.0181197489548	0.0336972929561	0.000916759598865	-0.00729504287946	-0.042592269345	-0.0178569865293	-0.0479260210817	0.0348744938234	0.0043747283142	-0.0222294975204	0.0406043697217	-0.00421732753611	0.00940782946528	-0.00402039179434	0.0235926374743	-0.0572704805074	-0.00369731692929
k__Bacteria;p__Bacteroidetes;c__Bacteroidia;o__Bacteroidales;f__Porphyromonadaceae;g__Barnesiella;s__Barnesiella_intestinihominis	-0.0829970814721	0.029424524795	-0.0452719201518	0.0327764325259	-0.00186210924967	-0.0189438815321	0.00576543905203	-0.0188695876533	-0.0234437199343	-0.0526847831484	-0.0195159223883	-0.068538881297	-0.0319476125344	-0.0315946853187	0.03820051633	0.00756257386321	-0.0299640260546	-0.0191340767579	1.0	-0.0665192222118	0.00255090842483	-0.00555838657802	0.00327403105722	0.0197848944858	0.00767964744591	-0.00855546363399	0.0189229437325	0.0261890702318	0.0393600369125	-0.0237335234353	-0.00693610029361	-0.00382263997461	0.0123283191704	-0.0337543669695	0.00311625996472	-0.0443993656855	-0.0382048936666	0.0215875448795	-0.0415116676762	0.0437452257626	-0.0170721611511	-0.0449866310374	-0.00726753940719	0.000862452063398	0.0104631745791	-0.0190681521079	-0.0201951637198	0.0138117597903	0.0296334662002	0.00412340801339	0.0389425005355	0.0569298188558	0.0011935297309	-0.074258616104	-0.00226723026424	-0.024049788748	-0.0494581453742	-0.00399143148173	-0.00527479949372
k__Bacteria;p__Bacteroidetes;c__Bacteroidia;o__Bacteroidales;f__Odoribacteraceae;g__Odoribacter;s__Odoribacter_splanchnicus	-0.00928477447117	0.00584344929812	0.0461917076078	-0.00275688816612	0.0144629870236	-0.104167342204	0.0220676627114	0.0508683604909	0.00246018568873	0.0375593346465	0.0545300501327	-0.0209532211633	-0.00844831900904	0.0384531372168	0.00437211871879	-0.0189811874391	-0.0211152752901	0.00411820620744	-0.0665192222118	1.0	-0.0380944334528	-0.0711415356054	0.0524378748479	-0.0385803204771	-0.0505168348507	-0.0379462775268	-0.0249437520272	-0.0385156654879	0.0377588967164	-0.0036702907886	0.0265148228584	0.062408424956	-0.0677881182642	0.0306295254917	-0.0329595805265	-0.0147876117849	-0.00207645040285	0.0303043636972	-0.0171588081642	-0.0533939512212	-0.0320062373448	0.0302177258916	-0.018338785058	-0.0249705510947	-0.0282166741977	-0.017827349697	0.06072958783	0.0161419770565	0.00536037989929	-0.0524460276937	0.0420307831576	-0.00735971344004	-0.0483382525263	-0.0261230393214	-0.0292065679911	-0.0104321689296	-0.0181841573972	0.0489590130594	-0.0137414521709
k__Bacteria;p__Bacteroidetes;c__Bacteroidia;o__Bacteroidales;f__Bacteroidaceae;g__Bacteroides;s__Bacteroides_salyersiae	0.00594669426352	-0.0044916672737	0.000473237734964	-0.0293460219864	0.0407280044525	0.0262255609658	-0.016135780662	0.0167738908873	-0.0414023372678	0.0361959445353	0.00425588717518	0.0501947146026	0.0133250092083	0.0110918056489	-0.0334040274302	-0.00785417388491	0.025795010798	0.0120800949116	0.00255090842483	-0.0380944334528	1.0	-0.0463759521545	-0.0726996350393	-0.0288906135955	0.00848283004327	-0.0204728230163	-0.0433852417496	-0.0389187386875	0.0101836936706	0.00559133555998	0.0592258890863	-0.0124729347115	-0.0105412515142	0.0042324744958	0.00199909113326	-0.000633592016684	0.0177323809415	-0.033188088558	-0.0331592708192	0.0175466889441	-0.0213908985445	-0.0204808226666	0.0124717669757	0.0312354402628	-0.0367214811974	-0.0372884488325	-0.0572205180089	-0.00811523209884	-0.0271758577663	0.011100193101	-0.0035240443379	-0.0308547496194	-0.0352996974922	-0.0260335262327	0.0358013971183	-0.0573378300678	-0.0286087970999	0.00641876725544	0.0383803215388
k__Bacteria;p__Firmicutes;c__Clostridia;o__Clostridiales;f__Ruminococcaceae;g__Ruminiclostridium;s__[Eubacterium]_siraeum	0.0239730294172	-0.00855189843671	-0.0216804005356	-0.0019336278007	0.0387808662891	-0.0151969103241	-0.0171321916976	-0.0241821102905	0.00749905748632	-0.0262180667901	-0.033343012729	-0.0408634332896	-0.0337182851743	0.00491623748758	-0.0424445836771	0.0216589692362	-0.0171074948456	-0.0493835389523	-0.00555838657802	-0.0711415356054	-0.0463759521545	1.0	0.0202153543475	-0.0352608709364	0.00333881167854	0.0159842581957	-0.0336452415878	-0.0196323617784	-0.00288221995959	-0.062573540863	0.0259490300936	0.0194470148687	0.0512229504672	0.0120307605454	0.0404738251571	0.0368150649581	0.00276172929855	-0.000879644999856	0.0329368590813	-0.0115919264307	-0.00525982834883	0.019229498814	0.0214461133855	-0.00973620714358	-0.0597589736315	-0.00409477874869	-0.0158541837264	-0.0643708446205	-0.0394824134156	0.0160489655562	-0.0242380144467	-0.021716061398	-0.00178050711071	0.0192722815478	-0.0249650613583	0.0066269847877	0.0166258449262	-0.029004553074	0.0328244157944
k__Bacteria;p__Proteobacteria;c__Betaproteobacteria;o__Burkholderiales;f__Sutterellaceae;g__Parasutterella;s__Parasutterella_excrementihominis	0.0105332835043	0.00474016265662	0.0475603557408	0.00933745039319	-0.0243885867779	-0.0575128565592	-0.0456556094482	-0.0545300090845	0.0421360099075	-0.0200261879161	-0.00794351228286	0.0430739245312	-0.0122288199213	-0.0131729348851	0.0352161458994	0.0538581106841	-0.031749707669	-0.0279321653762	0.00327403105722	0.0524378748479	-0.0726996350393	0.0202153543475	1.0	-0.0250934537375	0.0167550012195	-0.0201733046978	0.0103127430467	-0.0277715247702	0.0345686206085	-0.00177228829335	-0.0414972817819	0.0271107624969	-0.0117538103382	-0.0576562180348	-0.0217562418802	-0.0298648980669	0.0476217916072	0.0246580532246	-0.0451607438514	-0.0585418172587	0.00209582286585	-0.0315976441776	-0.0190822042825	-0.0017451072643	0.0179107585855	-0.0273885463526	-0.0194712592665	-0.00727580907236	-0.0735911462541	0.0194042923416	-0.0266596006794	-0.0375664692117	0.0278573582528	-0.0150650426808	0.0166915705418	-0.0274778714469	0.0384953742543	-0.009309623955	0.0508235082653
k__Bacteria;p__Actinobacteria;c__Actinobacteria;o__Bifidobacteriales;f__Bifidobacteriaceae;g__Bifidobacterium;s__Bifidobacterium_adolescentis	0.0526964402194	-0.0426847621592	0.0530112946901	-0.0106497545241	-0.0193258324303	0.0261554549713	0.0478622624862	0.0147078684194	0.035402360634	-0.0581047611054	0.0263980251094	-0.0167093520422	-0.0355057647787	0.0127175327225	-0.0681995131025	-0.0212530076372	0.0455386588026	0.0168058294554	0.0197848944858	-0.0385803204771	-0.0288906135955	-0.0352608709364	-0.0250934537375	1.0	-0.00393903064465	0.0198206297666	0.0279811218925	-0.0132950642864	0.0213770205985	-0.033639858324	-0.0391551194701	-0.00880988198458	-0.0217227548158	-0.0323464084094	-0.0659092604906	-0.0344030079023	-0.0111680563163	0.0266518379189	0.0235878413624	0.0535941265695	-0.0283245588001	-0.00415410120239	-0.00984854975881	-0.016939193191	0.0298949362021	-0.0193443085936	0.00744972457106	0.0425529676738	-0.0142326172455	0.0155529658579	0.0211148776307	-0.031566615435	0.0218234043049	0.0125605252689	0.0276794825685	-0.0368611212355	-0.0371544136983	-0.068929818133	0.0420391739257
k__Bacteria;p__Firmicutes;c__Clostridia;o__Clostridiales;f__Oscillospiraceae;g__Oscillibacter;s__Oscillibacter_sp._KLE_1745	-0.00203497557748	-0.0344644141555	-0.0200955488875	-0.0163746177034	-0.00278108908502	-0.0290340455351	-0.0588399485198	0.0130970817108	0.0563241715329	-0.0525130028674	0.0277207702802	0.0243486749357	-0.023046767401	-0.0663965906105	0.0799941453194	0.00649019718939	0.00012396491604	-0.0352467829226	0.00767964744591	-0.0505168348507	0.00848283004327	0.00333881167854	0.0167550012195	-0.00393903064465	1.0	0.0393747110374	-0.0187563843714	-0.0371774221164	0.0379240664331	0.0341768698729	0.00485007206469	-0.0104674395538	-0.00846811631913	-0.0522417517492	-0.0212883920266	-0.045591305478	0.00865829963187	0.0144112001573	-0.00279247363821	-0.00235912535873	-0.0551426160056	-0.0136366027532	-0.00321675356319	0.0522974450792	0.0399191502357	0.00149815250624	-0.0205493896831	-0.0474474780823	-0.0442725430492	-0.0255538835383	0.0370429318932	-0.0116316099635	0.0131231248927	-0.0564579663279	-0.0323633748858	-0.0125106656932	-0.044490824289	0.0331801731516	0.00886616363298
k__Bacteria;p__Bacteroidetes;c__Bacteroidia;o__Bacteroidales;f__Bacteroidaceae;g__Bacteroides;s__Bacteroides_coprophilus	-0.020474863305	-0.0471025145581	-0.0299947384525	-0.0046167730822	0.027070445237	0.0216972200572	-0.0630446174726	-0.029663613057	0.0352740421893	-0.0127452252723	0.0233053367162	-0.0383767658889	0.0115859110873	-0.0135973305026	-0.0294326256935	-0.000703000986871	-0.0463995565095	-0.0289524093876	-0.00855546363399	-0.0379462775268	-0.0204728230163	0.0159842581957	-0.0201733046978	0.0198206297666	0.0393747110374	1.0	-0.0294104355418	-0.0134246140447	0.066645478121	0.0458316576168	-0.0551184413583	-0.0016058306703	0.0111549738617	0.0616346566662	0.0157121548898	-0.0734605298123	0.0222278632866	0.00281395022783	0.0261631427553	0.029483724225	0.0540152722175	-0.0390999171374	-0.000718567512037	-0.0292339752482	-0.00700493770131	-0.0539354427635	-0.0717225326769	0.0180892384885	-0.0274318863876	-0.0228784671417	-0.0835911545485	0.0513834348725	-0.0378689920892	0.00968490553683	-0.00809478545115	0.00589481325954	-0.00973019537553	-0.00329371200572	-0.0829901248284
k__Bacteria;p__Firmicutes;c__Clostridia;o__Clostridiales;f__Lachnospiraceae;g__Roseburia;s__Roseburia_intestinalis	-0.0540206415237	0.0261846442612	-0.0553827261001	-0.0570385292088	-0.0277960249327	0.0185774097192	-0.0562421982979	0.0199147793472	0.0282575265572	-0.0478977532615	0.00873648410922	-0.0205143282949	0.0229413375769	0.00636617175787	-0.0349448012858	0.00833579121445	0.0301349449769	-0.0710019286215	0.0189229437325	-0.0249437520272	-0.0433852417496	-0.0336452415878	0.0103127430467	0.0279811218925	-0.0187563843714	-0.0294104355418	1.0	-0.0241362961503	-0.0315951844331	-0.0176984290754	0.0422376226069	0.0282681892287	-0.020814160922	0.0412517362061	-0.0277068135186	-0.06891083871	-0.0608518708959	0.0192251389702	0.0113592581648	0.0325553029574	-0.0128598362083	0.0166537605236	-0.0431883845306	-0.00655787319948	0.0205828692557	-0.0259299669637	-0.00604019013278	0.0158821164889	-0.022168075236	-0.0127421101546	-0.0384951474998	0.014490027556	-0.034445157319	-0.0311642640836	-0.00175708077697	-0.0393214613003	-0.0137656096222	0.00338729342098	-0.0433697170524
k__Bacteria;p__Firmicutes;c__Clostridia;o__Clostridiales;f__Lachnospiraceae;g__Roseburia;s__Roseburia_hominis	-0.00964442439377	0.0392763861372	0.00619365044228	-0.0269594347066	-0.0286461916396	-0.0230746171412	-0.0186766227596	0.0261263354338	0.0340077630597	-0.0220372321165	-0.0263136680119	0.0459912822319	-0.0122896134021	-0.0161735591301	-0.00147312354603	0.0175925457018	0.0272685788066	-0.0161937681278	0.0261890702318	-0.0385156654879	-0.0389187386875	-0.0196323617784	-0.0277715247702	-0.0132950642864	-0.0371774221164	-0.0134246140447	-0.0241362961503	1.0	-0.0202814695606	-0.0120486658097	-0.0132082012258	-0.0262383139496	0.0103921465207	-0.00715520337764	0.0075174475986	-0.000492134792339	-0.00641080956678	0.0355253294941	0.0122328374296	0.0364185490356	0.0130317024025	-0.0199709659911	0.0294764984312	-0.0256021575864	0.019092153709	-0.0326355500609	0.0579641810253	-0.0328697038545	-0.0259876415709	0.00526601466009	0.00317743101773	-0.0261852683354	-0.0139670160433	-0.0319988653004	-0.100000310199	0.0534010332534	0.0183954022665	0.00795916091507	0.000199684702849
k__Bacteria;p__Bacteroidetes;c__Bacteroidia;o__Bacteroidales;f__Porphyromonadaceae;g__Parabacteroides;s__Parabacteroides_johnsonii	-0.00903281867049	-0.0241932346981	0.00665697139126	0.0545152361143	-0.0385814081596	0.0306994809618	-0.0234580111894	-0.0139088408597	0.0216448599431	0.0231941905524	-0.000785578479092	-0.0182809189689	-0.0495871911222	-0.0177943608891	-0.0148713579339	-0.0533722470995	0.000760826757389	-0.00355214846353	0.0393600369125	0.0377588967164	0.0101836936706	-0.00288221995959	0.0345686206085	0.0213770205985	0.0379240664331	0.066645478121	-0.0315951844331	-0.0202814695606	1.0	-0.0284022698245	0.0199443609333	0.00306929278108	-0.006615934125	0.00386264405273	-0.0456946112525	0.0578756930057	0.0167979299475	0.00747379706234	-0.0485632156865	-0.0146551534247	-0.0480193921757	0.00602430974705	-0.00734794912166	0.0483939445452	0.000626645826642	0.0339715466213	-0.0152428800884	-0.0248820514888	0.0155211830513	-0.0361036698131	-0.0642954781105	-0.0102161272614	-0.0248430947736	-0.0464431719107	-0.0430928358375	-0.0801336747162	-0.0338683166179	0.0375091609903	-0.0413326764628
