#taxonomy	k__Bacteria;p__Bacteroidetes;c__Bacteroidia;o__Bacteroidales;f__Bacteroidaceae;g__Bacteroides;s__Bacteroides_vulgatus	k__Bacteria;p__Bacteroidetes;c__Bacteroidia;o__Bacteroidales;f__Bacteroidaceae;g__Bacteroides;s__Bacteroides_uniformis	k__Bacteria;p__Bacteroidetes;c__Bacteroidia;o__Bacteroidales;f__Rikenellaceae;g__Alistipes;s__Alistipes_putredinis	k__Bacteria;p__Bacteroidetes;c__Bacteroidia;o__Bacteroidales;f__Prevotellaceae;g__Prevotella;s__Prevotella_copri	k__Bacteria;p__Bacteroidetes;c__Bacteroidia;o__Bacteroidales;f__Bacteroidaceae;g__Bacteroides;s__Bacteroides_stercoris	k__Bacteria;p__Bacteroidetes;c__Bacteroidia;o__Bacteroidales;f__Bacteroidaceae;g__Bacteroides;s__Bacteroides_ovatus	k__Bacteria;p__Bacteroidetes;c__Bacteroidia;o__Bacteroidales;f__Rikenellaceae;g__Alistipes;s__Alistipes_shahii	k__Bacteria;p__Firmicutes;c__Clostridia;o__Clostridiales;f__Ruminococcaceae;g__Faecalibacterium;s__Faecalibacterium_prausnitzii	k__Bacteria;p__Bacteroidetes;c__Bacteroidia;o__Bacteroidales;f__Rikenellaceae;g__Alistipes;s__Alistipes_finegoldii	k__Bacteria;p__Bacteroidetes;c__Bacteroidia;o__Bacteroidales;f__Porphyromonadaceae;g__Parabacteroides;s__Parabacteroides_distasonis	k__Bacteria;p__Bacteroidetes;c__Bacteroidia;o__Bacteroidales;f__Bacteroidaceae;g__Bacteroides;s__Bacteroides_thetaiotaomicron	k__Bacteria;p__Bacteroidetes;c__Bacteroidia;o__Bacteroidales;f__Bacteroidaceae;g__Bacteroides;s__Bacteroides_coprocola	k__Bacteria;p__Bacteroidetes;c__Bacteroidia;o__Bacteroidales;f__Bacteroidaceae;g__Bacteroides;s__Bacteroides_cellulosilyticus	k__Bacteria;p__Bacteroidetes;c__Bacteroidia;o__Bacteroidales;f__Rikenellaceae;g__Alistipes;s__Alistipes_obesi	k__Bacteria;p__Firmicutes;c__Clostridia;o__Clostridiales;f__Lachnospiraceae;g__;s__[Eubacterium]_rectale	k__Bacteria;p__Bacteroidetes;c__Bacteroidia;o__Bacteroidales;f__Bacteroidaceae;g__Bacteroides;s__Bacteroides_plebeius	k__Bacteria;p__Bacteroidetes;c__Bacteroidia;o__Bacteroidales;f__Bacteroidaceae;g__Bacteroides;s__Bacteroides_fragilis	k__Bacteria;p__Proteobacteria;c__Betaproteobacteria;o__Burkholderiales;f__Sutterellaceae;g__Sutterella;s__Sutterella_wadsworthensis	k__Bacteria;p__Bacteroidetes;c__Bacteroidia;o__Bacteroidales;f__Porphyromonadaceae;g__Barnesiella;s__Barnesiella_intestinihominis	k__Bacteria;p__Bacteroidetes;c__Bacteroidia;o__Bacteroidales;f__Odoribacteraceae;g__Odoribacter;s__Odoribacter_splanchnicus	k__Bacteria;p__Bacteroidetes;c__Bacteroidia;o__Bacteroidales;f__Bacteroidaceae;g__Bacteroides;s__Bacteroides_salyersiae	k__Bacteria;p__Firmicutes;c__Clostridia;o__Clostridiales;f__Ruminococcaceae;g__Ruminiclostridium;s__[Eubacterium]_siraeum	k__Bacteria;p__Proteobacteria;c__Betaproteobacteria;o__Burkholderiales;f__Sutterellaceae;g__Parasutterella;s__Parasutterella_excrementihominis	k__Bacteria;p__Actinobacteria;c__Actinobacteria;o__Bifidobacteriales;f__Bifidobacteriaceae;g__Bifidobacterium;s__Bifidobacterium_adolescentis	k__Bacteria;p__Firmicutes;c__Clostridia;o__Clostridiales;f__Oscillospiraceae;g__Oscillibacter;s__Oscillibacter_sp._KLE_1745	k__Bacteria;p__Bacteroidetes;c__Bacteroidia;o__Bacteroidales;f__Bacteroidaceae;g__Bacteroides;s__Bacteroides_coprophilus	k__Bacteria;p__Firmicutes;c__Clostridia;o__Clostridiales;f__Lachnospiraceae;g__Roseburia;s__Roseburia_intestinalis	k__Bacteria;p__Firmicutes;c__Clostridia;o__Clostridiales;f__Lachnospiraceae;g__Roseburia;s__Roseburia_hominis	k__Bacteria;p__Bacteroidetes;c__Bacteroidia;o__Bacteroidales;f__Porphyromonadaceae;g__Parabacteroides;s__Parabacteroides_johnsonii	k__Bacteria;p__Actinobacteria;c__Actinobacteria;o__Bifidobacteriales;f__Bifidobacteriaceae;g__Bifidobacterium;s__Bifidobacterium_longum	k__Bacteria;p__Firmicutes;c__Clostridia;o__Clostridiales;f__;g__Flavonifractor;s__Flavonifractor_plautii	k__Bacteria;p__Firmicutes;c__Clostridia;o__Clostridiales;f__Clostridiaceae;g__Clostridium;s__Clostridium_phoceensis	k__Bacteria;p__Verrucomicrobia;c__Verrucomicrobiae;o__Verrucomicrobiales;f__Akkermansiaceae;g__Akkermansia;s__Akkermansia_muciniphila	k__Bacteria;p__Bacteroidetes;c__Bacteroidia;o__Bacteroidales;f__Prevotellaceae;g__Paraprevotella;s__Paraprevotella_xylaniphila	k__Bacteria;p__Firmicutes;c__Clostridia;o__Clostridiales;f__Ruminococcaceae;g__Ruminococcus;s__Ruminococcus_callidus	k__Bacteria;p__Bacteroidetes;c__Bacteroidia;o__Bacteroidales;f__Rikenellaceae;g__Alistipes;s__Alistipes_senegalensis	k__Bacteria;p__Firmicutes;c__Clostridia;o__Clostridiales;f__Lachnospiraceae;g__Blautia;s__Blautia_sp._KLE_1732	k__Bacteria;p__Bacteroidetes;c__Bacteroidia;o__Bacteroidales;f__Bacteroidaceae;g__Bacteroides;s__Bacteroides_oleiciplenus	k__Bacteria;p__Firmicutes;c__Clostridia;o__Clostridiales;f__Ruminococcaceae;g__Ruminococcus;s__Ruminococcus_bicirculans	k__Bacteria;p__Bacteroidetes;c__Bacteroidia;o__Bacteroidales;f__Bacteroidaceae;g__Bacteroides;s__Bacteroides_fluxus	k__Bacteria;p__Bacteroidetes;c__Bacteroidia;o__Bacteroidales;f__Prevotellaceae;g__Prevotella;s__Prevotella_stercorea	k__Bacteria;p__Firmicutes;c__Clostridia;o__Clostridiales;f__Lachnospiraceae;g__Dorea;s__Dorea_longicatena	k__Bacteria;p__Firmicutes;c__Clostridia;o__Clostridiales;f__Eubacteriaceae;g__Eubacterium;s__[Eubacterium]_eligens	k__Bacteria;p__Firmicutes;c__Clostridia;o__Clostridiales;f__Ruminococcaceae;g__;s__Ruminococcaceae_bacterium_D16	k__Bacteria;p__Firmicutes;c__Clostridia;o__Clostridiales;f__Lachnospiraceae;g__Coprococcus;s__Coprococcus_comes	k__Bacteria;p__Proteobacteria;c__Gammaproteobacteria;o__Enterobacterales;f__Enterobacteriaceae;g__Escherichia;s__Escherichia_coli	k__Bacteria;p__Firmicutes;c__Clostridia;o__Clostridiales;f__Ruminococcaceae;g__Anaerotruncus;s__Anaerotruncus_colihominis	k__Bacteria;p__Firmicutes;c__Clostridia;o__Clostridiales;f__Lachnospiraceae;g__Blautia;s__Blautia_obeum	k__Bacteria;p__Bacteroidetes;c__Bacteroidia;o__Bacteroidales;f__Odoribacteraceae;g__Odoribacter;s__Odoribacter_laneus	k__Bacteria;p__Firmicutes;c__Clostridia;o__Clostridiales;f__Ruminococcaceae;g__Ruminiclostridium;s__[Clostridium]_leptum	k__Bacteria;p__Bacteroidetes;c__Bacteroidia;o__Bacteroidales;f__Porphyromonadaceae;g__Parabacteroides;s__Parabacteroides_goldsteinii	k__Bacteria;p__Firmicutes;c__Clostridia;o__Clostridiales;f__Lachnospiraceae;g__Anaerostipes;s__Anaerostipes_hadrus	k__Bacteria;p__Firmicutes;c__Clostridia;o__Clostridiales;f__Ruminococcaceae;g__Ruminococcus;s__Ruminococcus_lactaris	k__Bacteria;p__Firmicutes;c__Clostridia;o__Clostridiales;f__Clostridiaceae;g__Clostridium;s__Clostridium_sp._L2-50	k__Bacteria;p__Firmicutes;c__Clostridia;o__Clostridiales;f__Clostridiaceae;g__Clostridium;s__Clostridium_sp._M62/1	k__Bacteria;p__Firmicutes;c__Clostridia;o__Clostridiales;f__;g__Intestinimonas;s__Intestinimonas_butyriciproducens	k__Bacteria;p__Actinobacteria;c__Actinobacteria;o__Bifidobacteriales;f__Bifidobacteriaceae;g__Bifidobacterium;s__Bifidobacterium_bifidum	k__Bacteria;p__Firmicutes;c__Negativicutes;o__Veillonellales;f__Veillonellaceae;g__Dialister;s__Dialister_invisus	k__Bacteria;p__Bacteroidetes;c__Bacteroidia;o__Bacteroidales;f__Bacteroidaceae;g__Bacteroides;s__Bacteroides_salanitronis
k__Bacteria;p__Bacteroidetes;c__Bacteroidia;o__Bacteroidales;f__Bacteroidaceae;g__Bacteroides;s__Bacteroides_vulgatus	1.0	-0.0329547755822	0.00501639868822	0.0244674352853	-0.0328941181601	-0.0279667018919	0.0299860478718	-0.0394417286927	-0.0113086997871	-0.0230953535277	-0.0147190645507	0.0175172034987	-0.0107329866802	-0.0539061437326	-0.0304178277824	-0.00449879578248	0.0222573416683	0.0187011291682	-0.00242517176923	-0.0477554421623	0.0492027329425	0.0333744690327	-0.0120821183388	0.0283371187193	-0.0203901080705	0.07189668171	0.00380261290041	-0.00528744280223	0.0268504222276	-0.0339097063286	-0.0756692715133	0.0223157016816	0.00425043391211	0.0274305219466	0.0509189365928	0.0292977777064	-0.00638054838862	0.0269444910532	0.0238616344292	-0.0111644590017	0.0376171764198	-0.0301391528693	0.0548029895692	-0.0565152502304	-0.104685097568	-0.0339788823115	-0.0533927195662	0.00311055905102	-0.0545225309369	0.0286199104017	-0.0216620374693	-0.0324071387117	0.0227269101428	0.015047142454	0.00363138198767	0.0124287738356	0.00736512553472	-0.0159952985749	-0.0133113945621
k__Bacteria;p__Bacteroidetes;c__Bacteroidia;o__Bacteroidales;f__Bacteroidaceae;g__Bacteroides;s__Bacteroides_uniformis	-0.0329547755822	1.0	-0.06334387033	0.0184712424572	0.0450874307069	0.0181694968471	0.0110246508638	0.00521251768741	-0.0276284616135	0.010123171137	0.0562675506009	0.049997551511	-0.106463413648	-0.0612694513253	-0.0304634320574	0.0106666929886	0.0142960806978	-0.00203038571531	-0.00272719595601	0.0409937268956	-0.039321979273	-0.00138723723209	-0.0175280745268	-0.0729305531165	-0.0744770180628	-0.0229333728681	-0.0543030276342	0.0334520103049	0.0660585540687	-0.00444577397833	0.0333200656519	0.0405492511684	0.0351945111064	-0.030366166763	0.0689266231596	-0.0188500104047	-0.0171126155596	-0.0121874927896	-0.0358130901814	-0.00701633759937	0.0638084436301	-0.0113067213687	-0.0144930134343	-0.0636382327976	-0.0202012127085	0.0105698271215	-0.0286658189099	-0.00143787587647	-0.0363305391523	0.0372466538556	-0.038535603384	0.0841914423685	0.00065697868624	-0.0216885982948	-0.00608839057258	0.0590300359224	0.0238574717448	0.0172556638653	-0.0310706447652
k__Bacteria;p__Bacteroidetes;c__Bacteroidia;o__Bacteroidales;f__Rikenellaceae;g__Alistipes;s__Alistipes_putredinis	0.00501639868822	-0.06334387033	1.0	0.00325060577309	0.0139844470449	-0.0396191617403	-0.0262044066931	-0.0163474200354	0.0174839483747	-0.00831048373131	-0.028384176185	-0.0438571338445	0.0126603862819	-0.0113027774627	0.014717678316	-0.006451705788	-0.0122663675484	0.0352165681473	-0.0136588932697	0.0300497490467	0.0257014598001	-0.011381035881	0.0342419300555	-0.0120844822656	-0.0199153293266	0.0223256376028	-0.047652222617	0.0567787180437	0.0650478689166	-0.0255991670814	-0.0792152183727	-0.0363635184633	-0.0451290822246	-0.0720065918953	0.0316167253133	0.0435903878681	-0.0194225570194	0.0420263046901	0.000416524200426	-0.00102591220252	-0.0525859257107	-0.0178984652734	0.00940529458382	-0.0142859131822	-0.0308150524239	-0.0154603340691	0.0201544858791	-0.0272852012598	-0.0279996245121	-0.00697328969753	0.0416261880496	-0.0168141382755	-0.0465809076688	-0.0351682651153	-0.0263119932975	0.0537283560814	-0.0684716260081	0.00671253523748	0.0137971307408
k__Bacteria;p__Bacteroidetes;c__Bacteroidia;o__Bacteroidales;f__Prevotellaceae;g__Prevotella;s__Prevotella_copri	0.0244674352853	0.0184712424572	0.00325060577309	1.0	-0.0454468158308	0.0410845142866	-0.0177764787149	0.0128789353931	-0.0128639612769	-0.00848960243064	-0.0150511434985	0.0308477271038	0.0101828704695	0.0184189235729	-0.0253951055847	-0.0269728565799	0.0305637345093	0.00627823858207	0.00898945610284	-0.0243382391154	0.00241571975908	-0.0233905024423	-0.0189973233472	0.0126642284883	-0.0591837027279	-0.0784386123696	0.00573358028528	-0.0103916305442	0.0296478245316	-0.0468403042174	-0.0424558472459	0.0123544243195	-0.0317522858998	-0.00257401627131	0.0429947639795	-0.0137468102107	-0.0404403715689	-0.0108444916477	-0.068721385779	0.0286488481814	0.0593345206849	-0.0058102181548	-0.062012029387	-0.0393377518203	0.05160757081	-0.0380123893305	-0.0768750053114	0.0167581984718	-0.00185939991773	-0.0525477092293	-0.0563440324901	0.0252115015263	0.00532578522453	0.0250322998387	-0.0299513777802	-0.0409392143031	-0.0462860934566	-0.00822691890223	-0.0036223931879
k__Bacteria;p__Bacteroidetes;c__Bacteroidia;o__Bacteroidales;f__Bacteroidaceae;g__Bacteroides;s__Bacteroides_stercoris	-0.0328941181601	0.0450874307069	0.0139844470449	-0.0454468158308	1.0	0.0505424704656	-0.0466548299711	-0.00679740111375	-0.0257389538874	-0.047465030622	-0.0628095192985	0.0217530667099	0.0131926927337	0.06050379942	0.0414008163047	0.0272619675622	-0.05070025824	0.0241308327483	0.0203408902028	0.0442828458084	-0.00269206445381	-0.00529164593161	-0.0698965257011	0.00218305998279	-0.00519976048206	-0.0125054172433	-0.0517053705415	-0.0231598469062	-0.00146742641644	-0.0725110623234	-0.0387819853104	-0.0192303987158	-0.0123489936425	0.00177496862032	-0.0118028206826	0.00617489104011	0.0108823446902	-0.0181086959304	-0.0586244922064	-0.00455057162101	0.00805368000224	-0.0330830109068	-0.00613994794947	-0.0164295233304	-0.0786302436575	-0.028753777539	-0.034315027962	0.0322791612454	0.00597893056535	0.0137760839527	0.0036711242051	-0.021972992957	0.0320073793081	-0.0503635596835	-0.00761103138187	-0.0425584003702	-0.0189648364333	-0.000309089882157	-0.0265990420536
k__Bacteria;p__Bacteroidetes;c__Bacteroidia;o__Bacteroidales;f__Bacteroidaceae;g__Bacteroides;s__Bacteroides_ovatus	-0.0279667018919	0.0181694968471	-0.0396191617403	0.0410845142866	0.0505424704656	1.0	0.00623268146934	-0.0719501851321	0.0388327787207	-0.0435281155647	-0.0118894987519	0.0173930522448	0.0398028201909	-0.05156005758	-0.0455965970054	-0.0125857857297	-0.0394421681774	-0.0577221832009	0.0183607638252	-0.0071059035251	-0.020346543665	0.0197575347826	0.00890079458021	0.0126792449267	0.0161886782335	-0.00531902223591	-0.0121601178328	0.00538941235693	-0.04680346276	0.00383817370786	0.00154610318413	-0.0141228926954	-0.0028104624311	0.051902824343	-0.0304314092171	-0.0023457181275	0.0206321210512	-0.0283419578493	-0.0447817624264	0.0235848941365	0.0870465889947	0.0136230855674	0.0136265236012	-0.00836514511245	-0.0109155412173	0.0181013679196	0.00819137548866	0.0267255479063	-0.0267309951707	-0.0153336605431	-0.0404130136125	-0.00534742682154	-0.0784917716663	-0.0276974134698	-0.0125397852619	-0.0152493588665	0.00944438047313	-0.0827528904479	0.00654317529788
k__Bacteria;p__Bacteroidetes;c__Bacteroidia;o__Bacteroidales;f__Rikenellaceae;g__Alistipes;s__Alistipes_shahii	0.0299860478718	0.0110246508638	-0.0262044066931	-0.0177764787149	-0.0466548299711	0.00623268146934	1.0	-0.0317678725196	-0.0769048755558	-0.0309509529011	0.00240796323275	-0.0231041027748	-0.0140779585722	-0.0455110555859	-0.0216583417515	-0.0223926704171	0.0153405467952	-0.0445205041012	0.00212632050194	-0.0414884283546	0.00210884557255	-0.00339462906493	0.053455741542	-0.0208986337461	0.0393047800912	0.0280221161743	-0.0130177484755	0.102966480861	-0.0243392032988	-0.00154521045633	0.0300928055637	0.0108468875693	-0.0228656223145	-0.0631320740961	-0.0254822921496	-0.0392623501329	0.00707781385536	0.0236889844613	-0.0284599175334	0.0192819896144	-0.0198304838591	-0.0505673062355	0.0148705454576	0.0357608735781	0.00461803202645	0.00813733613901	-0.0190736066005	-0.00466492423108	-0.0120407758188	0.0308641032036	0.0308657274567	-0.068181534649	-0.00325201703316	-0.0144179898322	-0.0868310044716	-0.0340345087424	0.0134258529781	0.0240721191434	0.00322691420949
k__Bacteria;p__Firmicutes;c__Clostridia;o__Clostridiales;f__Ruminococcaceae;g__Faecalibacterium;s__Faecalibacterium_prausnitzii	-0.0394417286927	0.00521251768741	-0.0163474200354	0.0128789353931	-0.00679740111375	-0.0719501851321	-0.0317678725196	1.0	0.0223628373638	-0.0116319419801	-0.0628632748534	0.00581244262688	0.0179836714622	-0.0246052874898	-0.0103111096003	-0.0300488882841	0.044489647275	-0.0109280102892	0.0180090393777	0.00604135459262	-0.0663072589895	-0.0325542646225	-0.00322329163783	0.0321773219198	0.0474474981782	-0.0105451912067	-0.0272151932845	0.00898848969339	-0.0405907478977	0.054143734788	-0.0118806520154	-0.0886578880081	0.059625709331	-0.0710804013837	-0.0386019230096	-0.0505169763953	-0.0302671332112	-0.0337917697196	-0.0566737091251	-0.00661147027738	-0.00629667958485	0.073790212787	-0.0319062944708	0.00431743407984	0.00486011926811	-0.00511790747567	-0.0824452669968	0.0273742600654	-0.00452424682051	-0.0116660569857	-0.0233135759827	-0.0129551695365	-0.0122424863105	0.0145922802337	-0.0311940426783	-0.0360206282084	-0.00659466600201	-0.030846293537	0.0458409031293
k__Bacteria;p__Bacteroidetes;c__Bacteroidia;o__Bacteroidales;f__Rikenellaceae;g__Alistipes;s__Alistipes_finegoldii	-0.0113086997871	-0.0276284616135	0.0174839483747	-0.0128639612769	-0.0257389538874	0.0388327787207	-0.0769048755558	0.0223628373638	1.0	-0.0482741926819	0.0312170877112	0.0102908933724	-0.0283462636969	-0.0208539008838	0.0626421941455	-0.0441011506636	-0.0231831994596	0.0206332408712	0.0172486895624	0.0239993372517	-0.0243278403963	0.0407277723827	-0.0254695029675	-0.00686540397628	-0.0484189294199	0.00708760650007	-0.0174276866774	-0.00699455743281	-0.0335394204474	0.00513755276604	-0.0712126150547	-0.0348193326058	-0.0295755224113	-0.00100953615672	-0.021197385806	-0.00668737566976	0.0137316598016	0.00542897127492	0.0381393994995	-0.0325742198626	0.0499619296111	0.0221640541395	-0.0487810980202	0.0509749915364	0.0249153973265	-0.0120553012479	-0.0105031320943	-0.0752157969657	0.0447369070956	-0.0406090481973	-0.00577128505015	0.0124597251251	0.00366991410762	0.00152919824767	-0.043796739934	-0.0441928975636	-0.0374450260663	-0.0760035862157	0.0222797867624
k__Bacteria;p__Bacteroidetes;c__Bacteroidia;o__Bacteroidales;f__Porphyromonadaceae;g__Parabacteroides;s__Parabacteroides_distasonis	-0.0230953535277	0.010123171137	-0.00831048373131	-0.00848960243064	-0.047465030622	-0.0435281155647	-0.0309509529011	-0.0116319419801	-0.0482741926819	1.0	-0.0191748389451	0.0251661804004	0.00489864600499	-0.0698136116319	-0.00447933630249	0.028708186799	-0.0107817205988	-0.0238126648939	0.0362370248693	-0.0363324095065	-0.0162739368854	-0.0233507146359	0.00794259382895	0.0137260150537	0.0159544091773	0.0243630505326	-0.00592011292568	-0.00893581970787	-0.0298694697874	-0.00237315814327	-0.0259274028095	-0.0759245415815	-0.0067526672367	-0.0327029359922	0.000311561600617	0.0520990246472	-0.0431481508218	-0.0202850784363	-0.0646057239798	0.0193467194047	-0.0167331601165	0.0403690630653	-0.00225705809179	0.0263467562474	-0.0688393891984	0.0273590591541	-0.041789308047	-0.0299074868043	0.01032965613	-0.0115600453569	0.00601984589412	-0.0539572920809	-0.00868899106054	-0.00407819325446	0.0172144438165	-0.0224825218402	0.0311962699485	0.00548724318682	0.00291660737121
k__Bacteria;p__Bacteroidetes;c__Bacteroidia;o__Bacteroidales;f__Bacteroidaceae;g__Bacteroides;s__Bacteroides_thetaiotaomicron	-0.0147190645507	0.0562675506009	-0.028384176185	-0.0150511434985	-0.0628095192985	-0.0118894987519	0.00240796323275	-0.0628632748534	0.0312170877112	-0.0191748389451	1.0	-0.00226049822751	-0.00669692767427	-0.00573875717062	-0.000440116930392	-0.00922871784651	-0.0469546043945	0.0546972072824	-0.0122648104135	0.00785048699399	-0.0158910677922	0.0387907822271	-0.0107962366212	-0.020118681087	0.00151523575174	-0.0118169644068	-0.0358966439214	-0.0282054539721	-0.0688889467073	-0.0178044214084	-0.0125193610775	0.0929970933197	0.0143457097133	0.0163844869874	-0.020052390646	-0.0249106264847	0.0462069304592	-0.00125608843429	-0.0149410288476	-0.0298292338777	-0.0356078781036	-0.000141309665147	-0.0238439833702	-0.0236907283565	-0.0917035587919	-0.00546615941569	-0.000595725943997	-0.0399708168443	-0.0227195241905	-0.0224331859769	0.0144875200528	-0.0395935913115	0.0323466284846	-0.00624772591947	-0.0344158137956	0.00581159573793	0.0544982203625	-0.0190138236614	0.01776765122
k__Bacteria;p__Bacteroidetes;c__Bacteroidia;o__Bacteroidales;f__Bacteroidaceae;g__Bacteroides;s__Bacteroides_coprocola	0.0175172034987	0.049997551511	-0.0438571338445	0.0308477271038	0.0217530667099	0.0173930522448	-0.0231041027748	0.00581244262688	0.0102908933724	0.0251661804004	-0.00226049822751	1.0	-0.00484369279743	-0.0242433047302	-0.0618936667979	0.0251802228166	-0.0306112820546	-0.0612957422223	-0.0109429705133	0.0132990005178	-0.0718232887211	0.00290168960648	-0.0112032889221	-0.0185308021935	-0.00667905170257	-0.0385616662211	-0.0993048756728	-0.0723117782026	0.0286420957416	-0.0555640410677	0.0242170053608	-0.000705674371817	0.000519550753082	-0.0318649730811	-0.0250649392795	0.0283504873771	-0.0138659416897	0.011119368334	0.0375281513941	-0.0256670739247	-0.0014381065486	0.0219139390302	0.0520498977879	-0.00674293389348	-0.0172860853046	-0.015577682135	-0.0416946045572	0.0229306536092	-0.0289652370049	0.0185566159496	-0.0200437473602	-0.0111344800018	-0.0398457654006	-0.0529277941684	0.0518397426424	0.0159875500199	-0.00323714659397	0.0136927949804	-0.016737914258
k__Bacteria;p__Bacteroidetes;c__Bacteroidia;o__Bacteroidales;f__Bacteroidaceae;g__Bacteroides;s__Bacteroides_cellulosilyticus	-0.0107329866802	-0.106463413648	0.0126603862819	0.0101828704695	0.0131926927337	0.0398028201909	-0.0140779585722	0.0179836714622	-0.0283462636969	0.00489864600499	-0.00669692767427	-0.00484369279743	1.0	0.0384818158951	0.00219719273153	0.00539956565702	-0.0457778278075	-0.0754391415246	0.0206955551699	0.0697808191743	0.0216427686521	-0.0158739845035	-0.0498419069979	0.00521516093522	0.0208323464439	-0.00123420892379	-0.00575502923503	0.0135537478043	-0.0343744328296	-0.0326565191987	-0.0273867948954	0.017430574846	-0.0270974293956	0.029074383052	-0.0418425678861	-0.0536423040718	-0.0213631132437	-0.0484573019304	-0.0337323719011	-0.0550095593017	0.00455330721548	0.00761767016589	-0.0400050891176	0.00815644750795	0.00373370400634	0.0211360854122	-0.0036986971704	-0.0369988938105	-0.0388217095058	-0.0250093970345	0.0265200135218	-0.000659439781029	-0.0182680533061	-0.033747566893	-0.0038585917109	-0.0306789454781	-0.0344449605668	0.0403915419472	-0.0638054411299
k__Bacteria;p__Bacteroidetes;c__Bacteroidia;o__Bacteroidales;f__Rikenellaceae;g__Alistipes;s__Alistipes_obesi	-0.0539061437326	-0.0612694513253	-0.0113027774627	0.0184189235729	0.06050379942	-0.05156005758	-0.0455110555859	-0.0246052874898	-0.0208539008838	-0.0698136116319	-0.00573875717062	-0.0242433047302	0.0384818158951	1.0	0.0329571143365	0.0478596904739	-0.0148863228884	-0.0571932697138	0.000703239023315	-0.0283603098335	0.00188433830364	-0.0136486277085	-0.0338732178727	0.00524941707848	0.019885802796	0.0615451551217	-0.0232951209402	-0.0505864202963	-0.0314863533284	-0.0695919257501	0.0204241513928	0.0362254948918	0.0134798890992	-0.0111759636959	0.00605085119417	0.00563693201587	0.0114622101092	-0.000994764919697	0.0311101652338	0.0175860749075	-0.0303315238779	0.00258801036984	0.00676093542922	0.00994332251434	0.0788238227479	-0.0117598634539	-0.0153734549779	-0.0202390705861	0.0166874891097	-0.0202640042784	0.0141840544756	7.98778110593e-05	0.0554135009653	-0.00938719461789	-0.0398194620034	-0.0141704337789	0.00460410289838	-0.0395500284214	-0.000888599382641
k__Bacteria;p__Firmicutes;c__Clostridia;o__Clostridiales;f__Lachnospiraceae;g__;s__[Eubacterium]_rectale	-0.0304178277824	-0.0304634320574	0.014717678316	-0.0253951055847	0.0414008163047	-0.0455965970054	-0.0216583417515	-0.0103111096003	0.0626421941455	-0.00447933630249	-0.000440116930392	-0.0618936667979	0.00219719273153	0.0329571143365	1.0	0.016283896632	0.0366270360932	-0.0382233105491	-0.0428961339104	0.0341705089986	0.00204396133861	0.058381066352	0.0454775781785	-5.14543933831e-05	-0.039017631859	0.041628306161	0.00510533070871	-0.000920541041687	0.0222513364734	0.00221044710373	-0.00732719827715	-0.0293395311307	0.0118637439338	0.0238095850551	0.0232971188769	0.000417495651451	-0.0251299328882	0.0153850595784	-0.0789229495394	-0.00140398388046	-0.00225360185777	0.0394959901402	0.00198303433755	0.0520493720205	-0.0441443633642	-0.0171134293611	-0.0363223364004	0.0383484723028	-0.0534452310795	-0.000197722452283	-0.00421730834164	-0.033793752636	-0.00264811329968	-0.0603580384676	-0.0269256269474	-0.0206919760858	-0.00495061016972	0.0120098650994	0.0182301721226
k__Bacteria;p__Bacteroidetes;c__Bacteroidia;o__Bacteroidales;f__Bacteroidaceae;g__Bacteroides;s__Bacteroides_plebeius	-0.00449879578248	0.0106666929886	-0.006451705788	-0.0269728565799	0.0272619675622	-0.0125857857297	-0.0223926704171	-0.0300488882841	-0.0441011506636	0.028708186799	-0.00922871784651	0.0251802228166	0.00539956565702	0.0478596904739	0.016283896632	1.0	-0.0523995380111	0.0176488935207	0.0278148641371	-0.0227862785634	-0.00706129123974	-0.0311689770636	0.00725197455766	0.0117461000493	-0.0027297978058	-0.0539072877398	-0.0395193579373	0.0164407361241	-0.0508586579882	-0.0355714980307	-0.0341226477456	0.00331598979322	-0.0163480318959	0.0130432584453	-0.0468297569598	-0.047382062298	0.00793472808691	-0.0629732767962	-0.0396310632219	-0.0446870291428	-0.0666698519839	0.00451115084842	-0.0373571066106	0.0115451390382	0.00140797782511	0.0344631541523	-0.0127738750393	-0.0513411689247	0.106331928414	0.018218090629	0.0210492212265	-0.0047916614173	0.0311972616779	-0.0063763222535	-0.0526813130768	0.0188906723582	0.0155922437899	-0.0134962387681	0.0189545937552
k__Bacteria;p__Bacteroidetes;c__Bacteroidia;o__Bacteroidales;f__Bacteroidaceae;g__Bacteroides;s__Bacteroides_fragilis	0.0222573416683	0.0142960806978	-0.0122663675484	0.0305637345093	-0.05070025824	-0.0394421681774	0.0153405467952	0.044489647275	-0.0231831994596	-0.0107817205988	-0.0469546043945	-0.0306112820546	-0.0457778278075	-0.0148863228884	0.0366270360932	-0.0523995380111	1.0	-0.032089015677	-0.0227972000638	-0.00943237704436	0.0504834949945	0.0150135795885	0.0134668567652	-0.0182744269829	-0.0190968791561	-0.0262828860686	-0.0479868306284	0.00360163376799	7.33750284085e-05	0.0156242894187	-0.0170498347276	-0.00926193236598	-0.0245667935965	-0.0391788626525	-0.0649362169744	-0.0450935887107	0.0175169375749	0.047466369684	-0.0528266290409	-0.0227331136524	0.0285787024664	-0.00192750124909	-0.0033383078032	-0.00586923130486	-0.0313823648437	0.0242380521733	0.00944700141344	0.00155967349737	-0.000909786873347	-0.0309179927366	0.0276803819211	-0.0231219193605	-0.0339950789162	-0.0346134422963	-0.036674870014	-0.0466766067156	0.0133184440537	0.020497882534	0.00260196431546
k__Bacteria;p__Proteobacteria;c__Betaproteobacteria;o__Burkholderiales;f__Sutterellaceae;g__Sutterella;s__Sutterella_wadsworthensis	0.0187011291682	-0.00203038571531	0.0352165681473	0.00627823858207	0.0241308327483	-0.0577221832009	-0.0445205041012	-0.0109280102892	0.0206332408712	-0.0238126648939	0.0546972072824	-0.0612957422223	-0.0754391415246	-0.0571932697138	-0.0382233105491	0.0176488935207	-0.032089015677	1.0	-0.012171820844	-0.0118432698372	-0.0424383749234	-0.00668543333619	-0.0135616170784	-0.00328812929088	-0.0523627025362	-0.0428095692858	-0.0154159212413	-0.0200643559584	0.0227465453423	-0.0342652286756	0.0120542742862	0.0367118761612	-0.0151253112343	-0.069375754735	-0.025500260705	-0.0269106311382	0.0243889082669	-0.00428135006922	0.0126514553162	0.0220088634152	-0.0220666361528	0.00513546339039	-0.040559603421	0.0516585758952	-0.0484361709301	-0.000228516527699	-0.0166792669945	-0.00271969067912	-0.0275420392241	-0.0110579404361	-0.0477117585285	0.00796214025133	-0.0381774487611	0.016658712821	0.0112931588509	-0.0267506715704	-0.0105321389054	-0.000357834981813	-0.0120168015367
k__Bacteria;p__Bacteroidetes;c__Bacteroidia;o__Bacteroidales;f__Porphyromonadaceae;g__Barnesiella;s__Barnesiella_intestinihominis	-0.00242517176922	-0.00272719595601	-0.0136588932697	0.00898945610284	0.0203408902028	0.0183607638252	0.00212632050194	0.0180090393777	0.0172486895624	0.0362370248693	-0.0122648104135	-0.0109429705133	0.0206955551699	0.000703239023315	-0.0428961339104	0.0278148641371	-0.0227972000638	-0.012171820844	1.0	0.0161604275529	-0.0285364039703	-0.0121097996643	-0.00863596846092	-0.0571539442557	-0.0155416051824	-0.0114774643783	0.0265134965268	-0.0199997563018	-0.000990494891139	-0.0296153046447	0.00505948757298	0.0150451824601	-0.0222355238124	-0.00530948944891	0.0272207291235	-0.00351621160859	0.00100277671238	0.0401834341888	-0.013147724713	0.0231620594877	-0.0248236866134	-0.0546607106705	-0.0332582962082	-0.0577637223823	-0.0165917718728	0.012513369207	0.0176737842019	-0.0108820844887	0.0147666978446	-0.0257253287535	-0.0153789917783	-0.0223327977291	0.015537037841	-0.0473908227291	0.0347478921227	-0.0165844732918	-0.0234357881353	-0.0591136830638	-0.0267398719609
k__Bacteria;p__Bacteroidetes;c__Bacteroidia;o__Bacteroidales;f__Odoribacteraceae;g__Odoribacter;s__Odoribacter_splanchnicus	-0.0477554421623	0.0409937268956	0.0300497490467	-0.0243382391154	0.0442828458084	-0.0071059035251	-0.0414884283546	0.00604135459262	0.0239993372517	-0.0363324095065	0.00785048699399	0.0132990005178	0.0697808191743	-0.0283603098335	0.0341705089986	-0.0227862785634	-0.00943237704436	-0.0118432698372	0.0161604275529	1.0	-0.0508875144049	0.0101235152424	-0.0300931675759	-0.0243132631166	-0.063954035984	-0.0840315772849	0.0360043030364	-0.0199586970428	-0.050505618291	0.0187555347025	0.022989914076	0.00142537946935	0.0406459793959	0.0307997319699	0.0458170437891	-0.0244618818917	-0.0352056739556	-0.00613571946726	-0.0610189902188	0.010665158885	0.0117088787682	0.0378822436565	-0.0228707919701	-0.018503106679	-0.00689324647618	0.0373236365614	0.0233175518354	0.0666499420219	0.0049241760814	-0.0273428771553	-0.00556657888436	0.00121121228746	-0.0313660432276	-0.0035019023797	0.0339218340625	0.00471345857869	-0.0380896227584	0.0569130673404	-0.0291359833368
k__Bacteria;p__Bacteroidetes;c__Bacteroidia;o__Bacteroidales;f__Bacteroidaceae;g__Bacteroides;s__Bacteroides_salyersiae	0.0492027329425	-0.039321979273	0.0257014598001	0.00241571975908	-0.00269206445381	-0.020346543665	0.00210884557255	-0.0663072589895	-0.0243278403963	-0.0162739368854	-0.0158910677922	-0.0718232887211	0.0216427686521	0.00188433830364	0.00204396133861	-0.00706129123974	0.0504834949945	-0.0424383749234	-0.0285364039703	-0.0508875144049	1.0	-0.0321796016685	-0.0315721761793	-0.0463729835372	0.0315835927084	-0.037360008737	-0.0298280102864	-0.0280129059891	0.0138640272778	-0.0158886496206	-0.0581061564454	-0.00894185617857	-0.0392393051182	0.0659744368029	-0.00307084252244	-0.0100086374812	0.0476470634295	-0.000250827626683	0.00891833853945	-0.017096904847	-0.0389105291814	0.0290687886646	0.0152828372967	-0.0163941751085	-0.00945696201217	0.0253949694939	0.0311318611726	0.00384916978057	0.00108324401985	0.0452494840789	0.00490318109074	-0.0188845542502	-0.0220899907691	0.0517736327271	-0.0283015536271	-0.0704043557487	-0.0942795648969	0.0346356603926	-0.0178011900251
k__Bacteria;p__Firmicutes;c__Clostridia;o__Clostridiales;f__Ruminococcaceae;g__Ruminiclostridium;s__[Eubacterium]_siraeum	0.0333744690327	-0.00138723723209	-0.011381035881	-0.0233905024423	-0.00529164593161	0.0197575347826	-0.00339462906493	-0.0325542646225	0.0407277723827	-0.0233507146359	0.0387907822271	0.00290168960648	-0.0158739845035	-0.0136486277085	0.058381066352	-0.0311689770636	0.0150135795885	-0.00668543333619	-0.0121097996643	0.0101235152424	-0.0321796016685	1.0	0.03447755699	-0.00376471139503	0.0355944424212	-0.00930012387646	0.0259533445559	-0.0636223629492	-0.0812201367703	-0.00335166743817	0.0330675538019	-0.033606503436	-0.0125763134166	0.0115765980287	-0.0186139249666	0.0152297556878	0.0161024877652	-0.0200633900556	0.0221116748331	-0.00987349475086	-0.0168136409683	-0.00449663028792	-0.0317024113984	-0.0402801087581	-0.047842759891	-0.0152540370331	0.0143028350911	-0.00444798751104	-0.000514289559077	0.0217029336283	0.0199902668117	-0.039210513429	-0.0551958405849	-0.0230980805841	-0.0156655637876	-0.0615300194906	-0.0260093205299	-0.00804093585749	0.0315400642234
k__Bacteria;p__Proteobacteria;c__Betaproteobacteria;o__Burkholderiales;f__Sutterellaceae;g__Parasutterella;s__Parasutterella_excrementihominis	-0.0120821183388	-0.0175280745268	0.0342419300555	-0.0189973233472	-0.0698965257011	0.00890079458021	0.053455741542	-0.00322329163783	-0.0254695029675	0.00794259382895	-0.0107962366212	-0.0112032889221	-0.0498419069979	-0.0338732178727	0.0454775781785	0.00725197455766	0.0134668567652	-0.0135616170784	-0.00863596846092	-0.0300931675759	-0.0315721761793	0.03447755699	1.0	-0.0750047276451	-0.0585833196319	-0.0246198663625	-0.0189541805326	-0.0191649991636	-0.0454636466787	0.0280573172222	0.00448093294875	-0.0354556055057	-0.0223446635959	0.0229874461326	-0.0161090511183	0.00351203703799	-0.0277007187263	-0.0350433510152	-0.0223815540845	0.00233113998501	-0.0468132749441	-0.00924485109639	-0.0153851650303	0.0113663932187	-0.0170154821611	-0.00800211286956	0.0152039031316	0.0114110986637	-0.00174204255037	-0.0134256899654	-0.0933394193977	-0.0251420812683	0.0490303614096	0.0265486153741	0.0166829449471	0.00842676097377	-0.0632279979425	-0.00653121497178	0.0413951075805
k__Bacteria;p__Actinobacteria;c__Actinobacteria;o__Bifidobacteriales;f__Bifidobacteriaceae;g__Bifidobacterium;s__Bifidobacterium_adolescentis	0.0283371187193	-0.0729305531165	-0.0120844822656	0.0126642284883	0.00218305998279	0.0126792449267	-0.0208986337461	0.0321773219198	-0.00686540397628	0.0137260150537	-0.020118681087	-0.0185308021935	0.00521516093522	0.00524941707848	-5.14543933831e-05	0.0117461000493	-0.0182744269829	-0.00328812929088	-0.0571539442557	-0.0243132631166	-0.0463729835372	-0.00376471139503	-0.0750047276451	1.0	0.0355430146688	-0.00278229278263	0.0278739171033	0.0215576365055	0.00306716102167	-0.0374375507336	-0.0335023230174	0.0384987093475	-0.0592806127675	-0.00376354276352	-0.0342852328969	-0.0356904685924	-0.00622344588995	-0.0133933769263	4.4282699045e-05	-0.0421123492266	0.0174484646596	0.0158538088535	0.0101486088911	0.0432361921548	0.0237312604155	-0.0254627377092	0.0195178854219	0.0371177845586	-0.0260883107058	-0.0259809594403	-0.00618832198898	0.0101271977274	-0.0206242774842	-0.0402770886422	-0.0243818688311	0.0114354819047	-0.0581729048794	-0.0287109393397	-0.0592444366769
k__Bacteria;p__Firmicutes;c__Clostridia;o__Clostridiales;f__Oscillospiraceae;g__Oscillibacter;s__Oscillibacter_sp._KLE_1745	-0.0203901080705	-0.0744770180628	-0.0199153293266	-0.0591837027279	-0.00519976048206	0.0161886782335	0.0393047800912	0.0474474981782	-0.0484189294199	0.0159544091773	0.00151523575174	-0.00667905170257	0.0208323464439	0.019885802796	-0.039017631859	-0.0027297978058	-0.0190968791561	-0.0523627025362	-0.0155416051824	-0.063954035984	0.0315835927084	0.0355944424212	-0.0585833196319	0.0355430146688	1.0	-0.025070345227	-0.0375777975672	-0.0593688990658	0.0461153084603	0.00135047424171	-0.0142490339314	-0.00211508245624	-0.00296376144823	0.0221168789901	-0.00231698447671	0.0284233171167	-0.00894087491735	-0.00265337599837	-0.0616140453381	-0.00163324202315	-0.0104320729188	0.0238618708931	-0.00767246469879	-0.0547501203008	-0.0231959197685	-0.00103232280664	-0.00111617812801	-0.0276011481015	-0.0367523749734	-0.0413146341314	-0.0090178243707	-0.0104504280919	0.0205669099046	-0.0269363666017	-0.0156111320064	-0.00724330541569	0.00158134954093	-0.0499573600162	-0.0142629177436
k__Bacteria;p__Bacteroidetes;c__Bacteroidia;o__Bacteroidales;f__Bacteroidaceae;g__Bacteroides;s__Bacteroides_coprophilus	0.07189668171	-0.0229333728681	0.0223256376028	-0.0784386123696	-0.0125054172433	-0.00531902223591	0.0280221161743	-0.0105451912067	0.00708760650007	0.0243630505326	-0.0118169644068	-0.0385616662211	-0.00123420892379	0.0615451551217	0.041628306161	-0.0539072877398	-0.0262828860686	-0.0428095692858	-0.0114774643783	-0.0840315772849	-0.037360008737	-0.00930012387646	-0.0246198663625	-0.00278229278263	-0.025070345227	1.0	-0.0160084968058	-0.0351528213684	0.034393853334	0.0687461982454	-0.0123679082728	0.000845207849051	-0.0348534949128	0.0138506885954	-0.0040334406638	0.0365261252221	0.0230901613624	-0.0166946431919	0.0631015294424	0.0434119783988	-0.0196764467034	0.0253780983189	0.0314292913723	-0.00789897557804	0.00784133733935	-0.00466481494802	0.00633246514341	-0.0050217078146	-0.0151863920537	-0.0405733774685	-0.0270440333649	-0.0498825398448	-0.0459139735611	-0.0922447654084	-0.000722020669512	0.00810035904646	-0.0332859357417	-0.0393462456078	0.0403071808323
k__Bacteria;p__Firmicutes;c__Clostridia;o__Clostridiales;f__Lachnospiraceae;g__Roseburia;s__Roseburia_intestinalis	0.00380261290041	-0.0543030276342	-0.047652222617	0.00573358028528	-0.0517053705415	-0.0121601178328	-0.0130177484755	-0.0272151932845	-0.0174276866774	-0.00592011292568	-0.0358966439214	-0.0993048756728	-0.00575502923503	-0.0232951209402	0.00510533070871	-0.0395193579373	-0.0479868306284	-0.0154159212413	0.0265134965268	0.0360043030364	-0.0298280102864	0.0259533445559	-0.0189541805326	0.0278739171033	-0.0375777975672	-0.0160084968058	1.0	0.0300369735137	-0.0122518616774	-0.000455197636892	0.0320476960456	0.0327980856325	0.00985249039125	-0.00894921586409	-0.0590589584859	0.00920426359739	0.0543623492944	0.020495194138	-0.0401473712272	-0.00575355902487	0.00800653528727	-0.039917841154	0.0501671047398	0.0256177334875	-0.00621815252091	-0.0151667581587	0.0217798879079	-0.0361883725193	-0.0174185464834	-0.0130193216247	-0.00933722059412	-0.0354831970388	-0.0195004404234	0.0372404582313	-0.000154388724674	-0.0421483907145	0.00397676073066	0.00964274589666	0.0065589399002
k__Bacteria;p__Firmicutes;c__Clostridia;o__Clostridiales;f__Lachnospiraceae;g__Roseburia;s__Roseburia_hominis	-0.00528744280223	0.0334520103049	0.0567787180437	-0.0103916305442	-0.0231598469062	0.00538941235693	0.102966480861	0.00898848969339	-0.00699455743281	-0.00893581970787	-0.0282054539721	-0.0723117782026	0.0135537478043	-0.0505864202963	-0.000920541041687	0.0164407361241	0.00360163376799	-0.0200643559584	-0.0199997563018	-0.0199586970428	-0.0280129059891	-0.0636223629492	-0.0191649991636	0.0215576365055	-0.0593688990658	-0.0351528213684	0.0300369735137	1.0	-0.00672327043785	0.00375373656363	-0.0234625536814	0.0307684992766	-0.0113732619697	-0.056854256293	0.0394558773562	-0.0471335476412	-0.00348540563802	-0.0322707837872	0.0124230181077	-0.0111592606316	-0.00391166830529	-0.0255032451945	-0.0179916642237	-0.0360964431478	-0.0360475937872	0.0564102225868	0.0281274240497	0.0113573466914	-0.0367099770525	-0.0216802358885	0.0160550116751	-0.0496698890006	0.068399024215	-0.0336026830537	-0.0341844285577	0.018404461485	0.00777124493869	-0.0197086426352	0.0623476123045
k__Bacteria;p__Bacteroidetes;c__Bacteroidia;o__Bacteroidales;f__Porphyromonadaceae;g__Parabacteroides;s__Parabacteroides_johnsonii	0.0268504222276	0.0660585540687	0.0650478689166	0.0296478245316	-0.00146742641644	-0.04680346276	-0.0243392032988	-0.0405907478977	-0.0335394204474	-0.0298694697874	-0.0688889467073	0.0286420957416	-0.0343744328296	-0.0314863533284	0.0222513364734	-0.0508586579882	7.33750284085e-05	0.0227465453423	-0.000990494891139	-0.050505618291	0.0138640272778	-0.0812201367703	-0.0454636466787	0.00306716102167	0.0461153084603	0.034393853334	-0.0122518616774	-0.00672327043785	1.0	0.00306201732144	-0.0213765519676	-0.0890407384491	-0.0654773630836	-0.00585658692305	-0.00683175817867	0.0210955749941	-0.0106462916552	-0.0222429467933	0.0416271277782	-0.0480209789301	0.0140261810124	-0.0212715266178	0.00775766715526	-0.0177015236881	0.0210863840661	-0.0155617665335	-0.000852591459465	-0.0381172943192	-0.0127851489919	-0.044784722843	-0.0640466242514	-0.0110465259148	0.0366688434598	-0.00541921336982	-0.0460206975409	0.0041494609434	0.00863500257358	-0.0343959888564	0.0595169557871
