#taxonomy	k__Bacteria;p__Bacteroidetes;c__Bacteroidia;o__Bacteroidales;f__Bacteroidaceae;g__Bacteroides;s__Bacteroides_vulgatus	k__Bacteria;p__Bacteroidetes;c__Bacteroidia;o__Bacteroidales;f__Bacteroidaceae;g__Bacteroides;s__Bacteroides_uniformis	k__Bacteria;p__Bacteroidetes;c__Bacteroidia;o__Bacteroidales;f__Rikenellaceae;g__Alistipes;s__Alistipes_putredinis	k__Bacteria;p__Bacteroidetes;c__Bacteroidia;o__Bacteroidales;f__Prevotellaceae;g__Prevotella;s__Prevotella_copri	k__Bacteria;p__Bacteroidetes;c__Bacteroidia;o__Bacteroidales;f__Bacteroidaceae;g__Bacteroides;s__Bacteroides_stercoris	k__Bacteria;p__Bacteroidetes;c__Bacteroidia;o__Bacteroidales;f__Bacteroidaceae;g__Bacteroides;s__Bacteroides_ovatus	k__Bacteria;p__Bacteroidetes;c__Bacteroidia;o__Bacteroidales;f__Rikenellaceae;g__Alistipes;s__Alistipes_shahii	k__Bacteria;p__Firmicutes;c__Clostridia;o__Clostridiales;f__Ruminococcaceae;g__Faecalibacterium;s__Faecalibacterium_prausnitzii	k__Bacteria;p__Bacteroidetes;c__Bacteroidia;o__Bacteroidales;f__Rikenellaceae;g__Alistipes;s__Alistipes_finegoldii	k__Bacteria;p__Bacteroidetes;c__Bacteroidia;o__Bacteroidales;f__Porphyromonadaceae;g__Parabacteroides;s__Parabacteroides_distasonis	k__Bacteria;p__Bacteroidetes;c__Bacteroidia;o__Bacteroidales;f__Bacteroidaceae;g__Bacteroides;s__Bacteroides_thetaiotaomicron	k__Bacteria;p__Bacteroidetes;c__Bacteroidia;o__Bacteroidales;f__Bacteroidaceae;g__Bacteroides;s__Bacteroides_coprocola	k__Bacteria;p__Bacteroidetes;c__Bacteroidia;o__Bacteroidales;f__Bacteroidaceae;g__Bacteroides;s__Bacteroides_cellulosilyticus	k__Bacteria;p__Bacteroidetes;c__Bacteroidia;o__Bacteroidales;f__Rikenellaceae;g__Alistipes;s__Alistipes_obesi	k__Bacteria;p__Firmicutes;c__Clostridia;o__Clostridiales;f__Lachnospiraceae;g__;s__[Eubacterium]_rectale	k__Bacteria;p__Bacteroidetes;c__Bacteroidia;o__Bacteroidales;f__Bacteroidaceae;g__Bacteroides;s__Bacteroides_plebeius	k__Bacteria;p__Bacteroidetes;c__Bacteroidia;o__Bacteroidales;f__Bacteroidaceae;g__Bacteroides;s__Bacteroides_fragilis	k__Bacteria;p__Proteobacteria;c__Betaproteobacteria;o__Burkholderiales;f__Sutterellaceae;g__Sutterella;s__Sutterella_wadsworthensis	k__Bacteria;p__Bacteroidetes;c__Bacteroidia;o__Bacteroidales;f__Porphyromonadaceae;g__Barnesiella;s__Barnesiella_intestinihominis	k__Bacteria;p__Bacteroidetes;c__Bacteroidia;o__Bacteroidales;f__Odoribacteraceae;g__Odoribacter;s__Odoribacter_splanchnicus	k__Bacteria;p__Bacteroidetes;c__Bacteroidia;o__Bacteroidales;f__Bacteroidaceae;g__Bacteroides;s__Bacteroides_salyersiae	k__Bacteria;p__Firmicutes;c__Clostridia;o__Clostridiales;f__Ruminococcaceae;g__Ruminiclostridium;s__[Eubacterium]_siraeum	k__Bacteria;p__Proteobacteria;c__Betaproteobacteria;o__Burkholderiales;f__Sutterellaceae;g__Parasutterella;s__Parasutterella_excrementihominis	k__Bacteria;p__Actinobacteria;c__Actinobacteria;o__Bifidobacteriales;f__Bifidobacteriaceae;g__Bifidobacterium;s__Bifidobacterium_adolescentis	k__Bacteria;p__Firmicutes;c__Clostridia;o__Clostridiales;f__Oscillospiraceae;g__Oscillibacter;s__Oscillibacter_sp._KLE_1745	k__Bacteria;p__Bacteroidetes;c__Bacteroidia;o__Bacteroidales;f__Bacteroidaceae;g__Bacteroides;s__Bacteroides_coprophilus	k__Bacteria;p__Firmicutes;c__Clostridia;o__Clostridiales;f__Lachnospiraceae;g__Roseburia;s__Roseburia_intestinalis	k__Bacteria;p__Firmicutes;c__Clostridia;o__Clostridiales;f__Lachnospiraceae;g__Roseburia;s__Roseburia_hominis	k__Bacteria;p__Bacteroidetes;c__Bacteroidia;o__Bacteroidales;f__Porphyromonadaceae;g__Parabacteroides;s__Parabacteroides_johnsonii	k__Bacteria;p__Actinobacteria;c__Actinobacteria;o__Bifidobacteriales;f__Bifidobacteriaceae;g__Bifidobacterium;s__Bifidobacterium_longum	k__Bacteria;p__Firmicutes;c__Clostridia;o__Clostridiales;f__;g__Flavonifractor;s__Flavonifractor_plautii	k__Bacteria;p__Firmicutes;c__Clostridia;o__Clostridiales;f__Clostridiaceae;g__Clostridium;s__Clostridium_phoceensis	k__Bacteria;p__Verrucomicrobia;c__Verrucomicrobiae;o__Verrucomicrobiales;f__Akkermansiaceae;g__Akkermansia;s__Akkermansia_muciniphila	k__Bacteria;p__Bacteroidetes;c__Bacteroidia;o__Bacteroidales;f__Prevotellaceae;g__Paraprevotella;s__Paraprevotella_xylaniphila	k__Bacteria;p__Firmicutes;c__Clostridia;o__Clostridiales;f__Ruminococcaceae;g__Ruminococcus;s__Ruminococcus_callidus	k__Bacteria;p__Bacteroidetes;c__Bacteroidia;o__Bacteroidales;f__Rikenellaceae;g__Alistipes;s__Alistipes_senegalensis	k__Bacteria;p__Firmicutes;c__Clostridia;o__Clostridiales;f__Lachnospiraceae;g__Blautia;s__Blautia_sp._KLE_1732	k__Bacteria;p__Bacteroidetes;c__Bacteroidia;o__Bacteroidales;f__Bacteroidaceae;g__Bacteroides;s__Bacteroides_oleiciplenus	k__Bacteria;p__Firmicutes;c__Clostridia;o__Clostridiales;f__Ruminococcaceae;g__Ruminococcus;s__Ruminococcus_bicirculans	k__Bacteria;p__Bacteroidetes;c__Bacteroidia;o__Bacteroidales;f__Bacteroidaceae;g__Bacteroides;s__Bacteroides_fluxus	k__Bacteria;p__Bacteroidetes;c__Bacteroidia;o__Bacteroidales;f__Prevotellaceae;g__Prevotella;s__Prevotella_stercorea	k__Bacteria;p__Firmicutes;c__Clostridia;o__Clostridiales;f__Lachnospiraceae;g__Dorea;s__Dorea_longicatena	k__Bacteria;p__Firmicutes;c__Clostridia;o__Clostridiales;f__Eubacteriaceae;g__Eubacterium;s__[Eubacterium]_eligens	k__Bacteria;p__Firmicutes;c__Clostridia;o__Clostridiales;f__Ruminococcaceae;g__;s__Ruminococcaceae_bacterium_D16	k__Bacteria;p__Firmicutes;c__Clostridia;o__Clostridiales;f__Lachnospiraceae;g__Coprococcus;s__Coprococcus_comes	k__Bacteria;p__Proteobacteria;c__Gammaproteobacteria;o__Enterobacterales;f__Enterobacteriaceae;g__Escherichia;s__Escherichia_coli	k__Bacteria;p__Firmicutes;c__Clostridia;o__Clostridiales;f__Ruminococcaceae;g__Anaerotruncus;s__Anaerotruncus_colihominis	k__Bacteria;p__Firmicutes;c__Clostridia;o__Clostridiales;f__Lachnospiraceae;g__Blautia;s__Blautia_obeum	k__Bacteria;p__Bacteroidetes;c__Bacteroidia;o__Bacteroidales;f__Odoribacteraceae;g__Odoribacter;s__Odoribacter_laneus	k__Bacteria;p__Firmicutes;c__Clostridia;o__Clostridiales;f__Ruminococcaceae;g__Ruminiclostridium;s__[Clostridium]_leptum	k__Bacteria;p__Bacteroidetes;c__Bacteroidia;o__Bacteroidales;f__Porphyromonadaceae;g__Parabacteroides;s__Parabacteroides_goldsteinii	k__Bacteria;p__Firmicutes;c__Clostridia;o__Clostridiales;f__Lachnospiraceae;g__Anaerostipes;s__Anaerostipes_hadrus	k__Bacteria;p__Firmicutes;c__Clostridia;o__Clostridiales;f__Ruminococcaceae;g__Ruminococcus;s__Ruminococcus_lactaris	k__Bacteria;p__Firmicutes;c__Clostridia;o__Clostridiales;f__Clostridiaceae;g__Clostridium;s__Clostridium_sp._L2-50	k__Bacteria;p__Firmicutes;c__Clostridia;o__Clostridiales;f__Clostridiaceae;g__Clostridium;s__Clostridium_sp._M62/1	k__Bacteria;p__Firmicutes;c__Clostridia;o__Clostridiales;f__;g__Intestinimonas;s__Intestinimonas_butyriciproducens	k__Bacteria;p__Actinobacteria;c__Actinobacteria;o__Bifidobacteriales;f__Bifidobacteriaceae;g__Bifidobacterium;s__Bifidobacterium_bifidum	k__Bacteria;p__Firmicutes;c__Negativicutes;o__Veillonellales;f__Veillonellaceae;g__Dialister;s__Dialister_invisus	k__Bacteria;p__Bacteroidetes;c__Bacteroidia;o__Bacteroidales;f__Bacteroidaceae;g__Bacteroides;s__Bacteroides_salanitronis
k__Bacteria;p__Bacteroidetes;c__Bacteroidia;o__Bacteroidales;f__Bacteroidaceae;g__Bacteroides;s__Bacteroides_vulgatus	1.0	-0.00865396603457	0.00253630707796	-0.0715761811157	-0.0293300982606	0.0449992961908	0.0579259750411	-0.0404769636582	0.0173218667495	-0.0191281589145	0.0324875623527	-0.0151335129194	-0.074588845093	-0.0283344711917	-0.0149219040487	0.0178761808053	0.0124511381519	-0.0340838518348	0.040280049469	0.0380833837762	0.00338348646985	-0.0193549010231	-0.0139538124839	0.00344640247817	-0.0167320417338	0.0170198140908	-0.0114864355436	-0.00167483953631	0.0050953428431	-0.0164009493064	-0.0580271274733	-0.0222530702499	-0.0186026982488	-0.0182473426752	-0.0194563539432	0.012165753833	-0.0120671813939	-0.0173417415831	-0.0114408411694	0.0445705802106	0.0199572452416	-0.00431644099029	-0.0506915780324	0.0264543098876	-0.050281895404	0.0016493036157	-0.0680488275387	-0.0183084567591	-0.0525960110274	-0.0403193554004	-0.0589589646741	0.00730492736349	0.061893434061	0.00208435115885	0.0147299252445	0.00896785987962	-0.0358584174528	0.0395420947681	-0.0105717259274
k__Bacteria;p__Bacteroidetes;c__Bacteroidia;o__Bacteroidales;f__Bacteroidaceae;g__Bacteroides;s__Bacteroides_uniformis	-0.00865396603457	1.0	-0.00055450728839	0.0196735049956	-0.0680816284137	0.0193794786228	-0.04177574533	0.047295814909	0.000463476276249	0.0127670490153	0.0233948434891	-0.032534395845	-0.0446132060839	-0.014500565369	-0.0440012271485	0.0755523122975	-0.0155456821274	-0.0152358832612	-0.0175007029758	-0.0257630748684	-0.0104907138497	-0.065548587018	-0.00251239575623	0.0644191219057	0.0125272862185	-0.0666228665586	-0.0119337206639	-0.0241274776861	-0.0141020480956	0.0248633934931	-0.0164536523089	0.0257491515672	-0.0150881903131	0.00803176426275	-0.0321839353006	-0.0104810941168	-0.0155286780533	0.0259328540192	0.0199495682915	0.0885559202126	0.00393147665702	-0.0189940634451	-0.0018287185747	0.00486622259742	-0.0146729365608	-0.0356930099815	-0.0528530867583	-0.0332729782024	0.00014618795681	-0.0284292044096	0.00640096509747	0.0488299186802	-0.0166791755373	0.00922857985573	-0.0159148446859	0.0189500220634	0.0104160651725	0.0154825125217	0.0184370957859
k__Bacteria;p__Bacteroidetes;c__Bacteroidia;o__Bacteroidales;f__Rikenellaceae;g__Alistipes;s__Alistipes_putredinis	0.00253630707796	-0.00055450728839	1.0	0.0406527692412	-0.0230600724725	-0.00646908348272	-0.0236567830801	-0.00659547888236	0.0043229585711	0.00461762293482	-0.0453269626414	-0.0130713509384	-0.00384661631201	-0.000337618553456	-0.0691713279513	0.0178541075364	-0.0188440654962	-0.00716677191603	-0.0128743786016	0.0369684543884	-0.0231516879602	-0.0400941890303	-0.0345366019203	-0.0513522393305	-0.0256591658325	-3.31283968696e-05	0.0707508078821	0.0069796371963	-0.00597403913266	-0.0544495154189	-0.00280377353066	0.0388559399784	-0.0185501479326	0.000517054065525	-0.0264746791991	0.059243732436	-0.0496356494431	0.0363820104607	-0.0208818860674	0.0263642043207	0.0155838169348	-0.0152454625194	0.0232092256325	-0.00916881826091	-0.0598713796173	-0.0381460010339	-0.0196007524423	0.0136828272348	0.00610371189111	-0.0134362788636	-0.0199734658137	0.0140079301319	0.0625204245098	-0.0569812992413	0.0181522915443	0.0362987837987	-0.0234062283491	-0.0194244208806	0.000728917726544
k__Bacteria;p__Bacteroidetes;c__Bacteroidia;o__Bacteroidales;f__Prevotellaceae;g__Prevotella;s__Prevotella_copri	-0.0715761811157	0.0196735049956	0.0406527692412	1.0	-0.0196666912755	0.0188606748523	-0.0339211765511	0.0230158969617	-0.0402354524159	-0.0196282106154	0.0139262845809	0.0249747994829	-0.0489935467572	-0.0624743335754	-0.0189520154137	0.00679472065351	-0.0194776619967	-0.00212520845705	-0.000630900741825	0.0204547046899	0.00273927959738	0.00423004144716	0.0201366419079	-0.0561426948071	-0.0252383810642	-0.061130052002	-0.00375573371418	0.0383943584654	-0.0260098783155	-0.030161220914	0.0147904853767	-0.0466100945371	-0.0675210566994	-0.0226318449239	-0.0611908121537	-0.0468280824094	-0.0699168900641	0.0712659742252	0.00192292868544	-0.00590356587424	-0.0375295549442	-0.0169633286105	-0.0739474867884	0.000562381625216	-0.0304885599427	0.0632825110058	0.016837032139	0.00974611196933	-0.0276827351311	-0.00990461727458	0.071240625446	-0.0368051670161	0.00811291685055	-0.0751632496793	0.0107446716148	-0.00169406241643	-0.0650366724521	0.0180474757714	-0.00258911827783
k__Bacteria;p__Bacteroidetes;c__Bacteroidia;o__Bacteroidales;f__Bacteroidaceae;g__Bacteroides;s__Bacteroides_stercoris	-0.0293300982606	-0.0680816284137	-0.0230600724725	-0.0196666912755	1.0	-0.0311314140958	0.0371148475356	-0.00413263096181	-0.0374417372526	-0.0431870588041	-0.0293983980872	0.0224738430103	-0.0367773443804	0.00976511216106	0.00391555657859	0.0311784225011	-0.0494172379602	-0.0087685862774	-0.0333364836904	-0.0611801652524	0.00531758164237	-0.0114660161765	-0.0364176909867	0.017746797299	-0.0141065257539	0.0640301843607	0.020300289043	-0.0597297399309	0.00230390934641	-0.00365725586832	0.0352224205182	-0.0517183831609	0.0119915510378	-0.00910439710625	0.000568884581917	-0.0293297495095	-0.0549732551768	-0.00664399753905	0.0188281287173	-0.0755515850753	0.0219665661311	-0.0215660151904	0.0151887643793	0.00257810933632	-0.020956179107	-0.0145288496721	0.0339115038597	0.0265096427843	0.0295725539584	-0.043422438152	-0.00894552683992	-0.00443519892249	0.0053120755045	0.0191072469262	-0.0192113588022	-0.0123587240343	0.0365664274483	-0.00970328492522	-0.0312881692439
k__Bacteria;p__Bacteroidetes;c__Bacteroidia;o__Bacteroidales;f__Bacteroidaceae;g__Bacteroides;s__Bacteroides_ovatus	0.0449992961908	0.0193794786228	-0.00646908348272	0.0188606748523	-0.0311314140958	1.0	0.0340613666677	0.0108528310389	0.0198813203499	0.00744375015052	-0.0266509402474	-0.00176632183601	-0.0432366605292	-0.0100563973183	0.0115948429668	0.00716856956146	-0.0261838056147	-0.00137999912184	-0.0195623180507	0.011485393941	-0.0427586545895	-0.00572551705607	-0.0551890596121	-0.0133847850109	-0.0577696797036	0.0043899418577	0.0136405300412	-0.0576724367211	-0.0200075973144	0.00868245532772	0.0266808625572	-0.0450886633623	-0.026908861433	0.0225855891873	-0.0462232063081	-0.0222229162714	0.00712535369903	0.0166074723561	0.00936385562467	0.00166840279325	0.0235577806875	0.0183106461914	-0.00472116261819	-0.0389479362528	0.026000177576	-0.0239029757765	-0.0494778737689	-0.00589947163276	-0.0253820526386	-0.0368660926566	-0.0237354396785	0.00867803617231	-0.0595279664992	0.0140617803824	-0.0213633227316	0.00214324743116	0.0377063237345	0.0327668676831	-0.00796108569766
k__Bacteria;p__Bacteroidetes;c__Bacteroidia;o__Bacteroidales;f__Rikenellaceae;g__Alistipes;s__Alistipes_shahii	0.0579259750411	-0.04177574533	-0.0236567830801	-0.0339211765511	0.0371148475356	0.0340613666677	1.0	-0.0415110580407	0.00369992831659	-0.00104285125402	-0.0641586496174	0.0066913333171	-0.0355593479032	-0.0156280097937	0.0552721727572	-0.0213858536021	-0.0104306540885	-0.0743713100103	0.0170153048455	-0.00897063413108	-0.0116706392847	-0.0333755930151	-0.0510277336091	-0.0188292363778	-0.025177693061	-0.0292248808632	-0.0298632123906	-0.0116069179949	-0.00715754826555	0.00834174212398	-0.0802667904071	-0.0216738463417	0.00548248568665	-0.00412732359042	-0.0141897242019	0.00931268504252	-0.0184601444139	0.00632778015205	-0.0483309728536	-0.0415751080748	-0.0421238758661	0.0361706041962	0.0307347353845	-0.0593645241842	-0.0384032008567	-0.0150352980868	-0.0539632707592	-0.0152834886477	0.0342494168759	-0.0174565008889	0.061687666941	0.0221345316551	-0.0154780426936	-0.0118511223942	0.0143832534875	0.0814080968163	0.0166091557845	0.0894175500725	0.00353934827576
k__Bacteria;p__Firmicutes;c__Clostridia;o__Clostridiales;f__Ruminococcaceae;g__Faecalibacterium;s__Faecalibacterium_prausnitzii	-0.0404769636582	0.047295814909	-0.00659547888236	0.0230158969617	-0.00413263096181	0.0108528310389	-0.0415110580407	1.0	-0.00468073216449	-0.021550041852	0.0440290799644	0.0289184402799	-0.0340063701703	-0.0113838236568	-0.00959680346122	0.0169158747166	-0.0240817085259	-0.0277118976992	0.011642093726	-0.0278127798109	-0.0392219758885	-0.00331735452954	-0.0294371085928	0.0210691022137	0.00967763199684	-0.0218900787662	0.014495600697	-0.0304193149374	0.0406000528776	0.0105320570231	0.0359938897755	-0.0147413848524	-0.0314553455464	-0.0247505361566	-0.0608464036149	-0.0270328541554	0.00731123549556	-0.0654508889046	-0.00663299620763	0.0132611382311	0.0125670974747	0.0503022228453	0.01110384656	-0.0425766521849	-0.0111043686271	0.0879323047932	-0.00231485068711	-0.0564711956843	0.027995783709	-0.0303627959514	0.0147830208072	-0.0311753570346	-0.0218156213041	0.0232357414047	-0.0608073000731	-0.00423594170558	0.0138283580306	0.00736741839656	0.002382349493
k__Bacteria;p__Bacteroidetes;c__Bacteroidia;o__Bacteroidales;f__Rikenellaceae;g__Alistipes;s__Alistipes_finegoldii	0.0173218667495	0.000463476276249	0.0043229585711	-0.0402354524159	-0.0374417372526	0.0198813203499	0.00369992831659	-0.00468073216449	1.0	-0.0334862024205	0.0166599437189	-0.00770361370658	0.0453862215589	-0.0133485558281	0.00496847444757	-0.000881205501851	-0.0245371471205	0.000708463687294	0.0186678076943	0.00214663335921	-0.0335847497192	0.00419189823692	-0.0417468902856	0.0455542324358	0.0178080125128	-0.0214662177944	0.00727055790083	0.0486988181872	-0.0436522030702	0.00947146669553	0.0650301241512	0.0052090165471	-0.0537395994582	-0.000101360506972	0.0152313223467	-0.00286162794615	-0.019266597843	0.0447021661023	-0.0364900133041	0.004765262991	-0.0137345376224	0.00154094383175	0.05126590041	-0.0270099284687	-0.0162026241908	-0.0260488354424	-0.0297811318728	0.0399760300539	-0.0355509381474	-0.0564688728268	0.0496917281693	-0.0294477841272	-0.0736796011368	-0.0195913020981	0.00433093119854	0.0138950704557	0.0223711244473	-0.00556626426032	-0.0228241087885
k__Bacteria;p__Bacteroidetes;c__Bacteroidia;o__Bacteroidales;f__Porphyromonadaceae;g__Parabacteroides;s__Parabacteroides_distasonis	-0.0191281589145	0.0127670490153	0.00461762293482	-0.0196282106154	-0.0431870588041	0.00744375015052	-0.00104285125402	-0.021550041852	-0.0334862024205	1.0	-0.0220712474226	0.00335002580242	0.00117853977043	-0.0173793176783	0.0230556385762	0.0323866784012	-0.0172397253835	0.00783202378624	0.000397725436973	0.0147341327299	0.0358924117744	-0.0328800839684	0.0120502888055	0.0437931614276	-0.0109479751531	-0.012920776543	-0.00217514845539	-0.00688023524728	0.0510831593172	-0.0293238945305	0.00539590816204	-0.048986848594	-0.030941232533	0.0412613305671	-0.00671150701193	-0.0172841153414	-0.0100940771225	0.0158062103307	0.0353885586855	-0.0328198229436	0.0397880995287	-0.0399838437414	0.0440308512512	0.0518455736505	0.00213390898278	-0.0307672842404	-0.0323118834194	-0.0609137523239	-0.0208455655329	0.0307942948908	-0.00935440118393	0.0092822956152	-0.0390588947011	-0.0434361756962	-0.0412884304414	0.0202108119389	0.0370949233637	-0.0397201417963	-0.031292332397
k__Bacteria;p__Bacteroidetes;c__Bacteroidia;o__Bacteroidales;f__Bacteroidaceae;g__Bacteroides;s__Bacteroides_thetaiotaomicron	0.0324875623527	0.0233948434891	-0.0453269626414	0.0139262845809	-0.0293983980872	-0.0266509402474	-0.0641586496174	0.0440290799644	0.0166599437189	-0.0220712474226	1.0	-0.00262754341985	-0.067178642371	0.0188247640232	-0.0561631260825	0.000548380770534	0.0123574458596	0.0184058816285	-0.018102100639	-0.0119603811392	-0.0594210557797	0.0124304837638	-0.0344827913175	-0.0572766076432	-0.0149763294062	0.0221615595705	-0.0154935470256	-0.0135574733172	-0.0234106535277	-0.00811373415058	0.0126551059334	-0.0057649569529	-0.034294325957	-0.00509159223396	0.0195114392621	0.026115302089	0.012269377226	0.0112721262863	-0.0536424658224	-0.046555111631	0.0556494393167	0.0335331073216	0.0310992907766	0.0251993848823	0.0118751894203	0.019431983101	-0.0674379568503	0.0429285951875	0.0316352464968	0.0645625870965	0.0103061730388	0.012565409445	0.00299369675972	-0.0310476275465	-0.0539597635313	-0.0302858654971	0.0371030340646	0.0224334277964	-0.0601915311726
k__Bacteria;p__Bacteroidetes;c__Bacteroidia;o__Bacteroidales;f__Bacteroidaceae;g__Bacteroides;s__Bacteroides_coprocola	-0.0151335129194	-0.032534395845	-0.0130713509384	0.024974799483	0.0224738430103	-0.00176632183601	0.0066913333171	0.0289184402799	-0.00770361370658	0.00335002580242	-0.00262754341985	1.0	-0.0304160198724	0.0458211037684	0.0188663231022	-0.0337025392175	-0.0368550978629	-0.0216529003951	-0.0229085894635	-0.0433308524505	0.0293837536166	-0.0514267073395	0.0365991986302	-0.0453702787008	-0.024903013166	-0.0802466072618	-0.0663793693683	-0.013414815354	0.0333454913289	-0.0109119982719	-0.0575312043695	0.0275800624599	-0.0266377464283	0.000972844978151	-0.0671213601573	-0.0176617025092	-0.0327463070958	0.036402966682	0.0594717173929	0.0186435870322	-0.0286256526576	-0.0327575391326	0.0351437578251	-0.00770731200939	-0.0132921612142	-0.0377582471505	0.0263579114738	0.0258878541478	0.00710400224863	-0.0274057401858	0.0193260816211	-0.0537812573937	-0.0298341410402	-0.0223139762657	-0.0305966906931	0.000868406078376	0.0111091204144	-0.000475685775789	-0.0918166484263
k__Bacteria;p__Bacteroidetes;c__Bacteroidia;o__Bacteroidales;f__Bacteroidaceae;g__Bacteroides;s__Bacteroides_cellulosilyticus	-0.074588845093	-0.0446132060839	-0.00384661631201	-0.0489935467572	-0.0367773443804	-0.0432366605292	-0.0355593479032	-0.0340063701703	0.0453862215589	0.00117853977043	-0.067178642371	-0.0304160198724	1.0	-0.0141725895592	-0.0550614410834	-0.00837971761398	-0.0170816671193	0.0846765338065	-0.0160303265764	-0.0338823513627	-0.0542031114471	-0.0340276086259	-0.00597792223506	0.075291534698	0.0184857189007	-0.0326890919679	0.0513584227931	0.0313961714964	0.0437332176914	-0.0439171420075	-0.014389841104	0.0090367481411	0.00687110709684	0.0215850557978	0.015631093699	0.013723553876	0.0262043043473	-0.081238071599	-0.026041684342	0.0486194409198	0.00316493727568	-0.0298442361808	-0.00367196645612	-0.0116181911614	-0.0137854417874	0.0509571575712	0.0362509491113	-0.0339022599572	-0.0193130820163	0.0168886603438	-0.00463880268198	-0.0255829417303	0.0272399265612	0.0307010347868	-0.00414777565101	-0.00525659782297	-0.0322072457362	-0.00882070422296	0.0336092090121
k__Bacteria;p__Bacteroidetes;c__Bacteroidia;o__Bacteroidales;f__Rikenellaceae;g__Alistipes;s__Alistipes_obesi	-0.0283344711917	-0.014500565369	-0.000337618553456	-0.0624743335754	0.00976511216106	-0.0100563973183	-0.0156280097937	-0.0113838236568	-0.0133485558281	-0.0173793176783	0.0188247640232	0.0458211037684	-0.0141725895592	1.0	-0.00222829453388	0.0161515961981	-0.022363811733	0.0199704997443	-0.000688680980394	-0.0165779905383	0.0154720151962	-0.0527253227341	-0.0473909798998	-0.0391301597787	-0.00758796054861	-0.00506452049647	0.0114495639691	0.000561002330479	0.0395471123956	0.0187209239658	0.0361852854579	0.0694898714548	0.0194623239655	-0.0195962514122	0.0192732298216	-0.00217501375459	-0.0296670485339	-0.0311135245375	-0.0184971909914	-0.0553840112448	-0.00268212036938	-0.0406154456228	-0.0295081219039	0.00234145459765	-0.0490161986517	0.07931258008	0.0418259396414	-0.0279125042046	0.00292134675752	-0.0320661734291	-0.0202081021515	0.00903079123649	0.0513403686454	-0.0889380060033	0.0607882434026	-0.0188358275858	0.0247163343188	0.0196948509687	0.0301274434098
k__Bacteria;p__Firmicutes;c__Clostridia;o__Clostridiales;f__Lachnospiraceae;g__;s__[Eubacterium]_rectale	-0.0149219040487	-0.0440012271485	-0.0691713279513	-0.0189520154137	0.00391555657859	0.0115948429668	0.0552721727572	-0.00959680346122	0.00496847444757	0.0230556385762	-0.0561631260825	0.0188663231022	-0.0550614410834	-0.00222829453388	1.0	-0.00367284177689	0.0457695635523	0.0528708451634	-0.0265895921771	0.00183755572263	-0.04836491604	0.00948915363786	0.00226124150346	-0.00171260923143	0.011899477274	-0.0423517504569	0.00561940205518	-0.00603510780276	0.00858019085763	-0.0103161221153	0.0665742009659	0.0278168965169	0.0484648001518	0.0173100261099	-0.0316121579702	-0.0777071164223	-0.0145422356416	0.0535854317232	0.0451616145649	-0.0363380683333	0.00282013559765	-0.0247910578371	-0.0153800001723	-0.0112241190726	0.0605651629397	0.0271368989986	-0.0523155502189	-0.0581844842994	-0.0743701355607	-0.0133054307253	-0.0260360919722	0.0491191106953	-0.0431888179064	-0.0481116650664	0.0163129108873	-0.00628043625391	-0.0179188670783	-0.00796111814321	0.0170307229105
k__Bacteria;p__Bacteroidetes;c__Bacteroidia;o__Bacteroidales;f__Bacteroidaceae;g__Bacteroides;s__Bacteroides_plebeius	0.0178761808053	0.0755523122975	0.0178541075364	0.00679472065351	0.0311784225011	0.00716856956146	-0.0213858536021	0.0169158747166	-0.000881205501851	0.0323866784012	0.000548380770534	-0.0337025392175	-0.00837971761398	0.0161515961981	-0.00367284177689	1.0	0.0203807257574	0.0342376712742	-0.0296529910505	0.00567882452322	-0.0223282369143	-0.0118957613351	-0.0108424245503	-0.00578327961187	0.00153159231329	1.17685237859e-05	0.026797298081	-0.0291579195887	0.0281248752654	-0.00346518538628	-0.0450088398092	0.002660218007	-0.0325471539453	0.0308028320315	-0.0381421827848	-0.0146630835745	0.0130054333408	0.0044847979882	0.0181724550056	-0.00317453965993	-0.00524976394031	0.00495945702007	-0.0309564031118	0.0159203537461	-0.0338442394942	0.00932766297932	-0.0117654372988	0.00966250075762	-0.0135643634303	-0.0167653183664	-0.0182002378698	0.00786470153919	-0.0235418235283	-0.0309020195301	-0.0132849345264	0.0359015966823	-0.00167735487586	0.0269535144106	-0.0132466766286
k__Bacteria;p__Bacteroidetes;c__Bacteroidia;o__Bacteroidales;f__Bacteroidaceae;g__Bacteroides;s__Bacteroides_fragilis	0.0124511381519	-0.0155456821274	-0.0188440654962	-0.0194776619967	-0.0494172379602	-0.0261838056147	-0.0104306540885	-0.0240817085259	-0.0245371471205	-0.0172397253835	0.0123574458596	-0.0368550978629	-0.0170816671193	-0.022363811733	0.0457695635523	0.0203807257574	1.0	0.00462556559802	0.0109663483605	-0.0107651684517	0.0394259307603	0.0358314684374	0.0268167953527	0.00961348843203	-0.0187255983677	-0.0771159717322	-0.00327885490627	-0.0032543131742	-0.0806405426229	0.00610953696249	-0.00441323837378	0.0656795973595	-0.0194832464358	-0.0186167877777	-0.0270581723594	0.0056561051666	0.0145289063041	-0.0341288601965	-0.0193991989308	-0.0226476984123	-0.0246212944222	-0.00177439593236	-0.0147242792876	0.00579862144339	-0.0243493062307	-0.0232896701808	0.00121343444484	0.00540354575579	-0.0448220728016	0.0553502190587	-0.10457995939	-0.0818255862796	0.0293661224584	0.0253725188851	0.0360005813185	0.0004145474813	-0.00948466170832	-0.00600399863236	0.015432328347
k__Bacteria;p__Proteobacteria;c__Betaproteobacteria;o__Burkholderiales;f__Sutterellaceae;g__Sutterella;s__Sutterella_wadsworthensis	-0.0340838518348	-0.0152358832612	-0.00716677191603	-0.00212520845705	-0.0087685862774	-0.00137999912184	-0.0743713100103	-0.0277118976992	0.000708463687294	0.00783202378624	0.0184058816285	-0.0216529003951	0.0846765338065	0.0199704997443	0.0528708451634	0.0342376712742	0.00462556559802	1.0	-0.0529270606046	-0.00696469129809	0.00766459626965	0.0426478722749	0.0181694551706	0.0724347281189	-0.00528963276466	-0.0128235916269	0.0540861363954	-0.0122066387119	-0.0419164664237	0.0153015723231	-0.0319889363096	0.0249784686307	-0.07840888236	-0.0156559918482	-0.000494056242803	-0.000185747730137	-0.0568281165554	0.0258487717037	-0.0124684938491	-0.015252233693	0.00337443328699	0.0248648286242	-0.0430292737372	-0.0419370593439	0.0421671338796	-0.0584923786329	-0.00793901457554	0.014353440258	0.0254399494829	-0.0107364132791	-0.0228148892643	0.00903677011885	0.0318532706142	-0.113610034736	-0.0530856421066	0.0203235244871	-0.0350908370541	0.0296788916162	-0.00761663460949
k__Bacteria;p__Bacteroidetes;c__Bacteroidia;o__Bacteroidales;f__Porphyromonadaceae;g__Barnesiella;s__Barnesiella_intestinihominis	0.040280049469	-0.0175007029758	-0.0128743786016	-0.000630900741825	-0.0333364836904	-0.0195623180507	0.0170153048455	0.011642093726	0.0186678076943	0.000397725436973	-0.018102100639	-0.0229085894635	-0.0160303265764	-0.000688680980394	-0.0265895921771	-0.0296529910505	0.0109663483605	-0.0529270606046	1.0	0.00214930023697	-0.020991974145	-0.00992248430733	-0.0239106165114	-0.0173638764171	0.0476983636483	0.0197184135553	-0.03336992475	0.0109839736517	-0.0172745494518	-0.05434391679	0.0444095345328	-4.03508086802e-05	-0.00544218122803	-0.00786013892894	0.0232343443661	0.000880423516689	-0.00517171030005	0.0455480766396	0.00603483024509	0.0473088754765	-0.0660047372871	-0.00626323877502	-0.0375202646724	0.0266173479824	0.02247299071	-0.0186107401186	0.0331925551642	0.00822954444427	-0.0476490258363	0.00624323283745	0.0267468917455	0.0167757341974	-0.00576667075609	-0.00127325616278	-0.0340120759292	0.0133494190029	-0.0193537055894	0.013330962535	-0.0631099253669
k__Bacteria;p__Bacteroidetes;c__Bacteroidia;o__Bacteroidales;f__Odoribacteraceae;g__Odoribacter;s__Odoribacter_splanchnicus	0.0380833837762	-0.0257630748684	0.0369684543884	0.0204547046899	-0.0611801652524	0.011485393941	-0.00897063413108	-0.0278127798109	0.00214663335921	0.0147341327299	-0.0119603811392	-0.0433308524505	-0.0338823513627	-0.0165779905383	0.00183755572263	0.00567882452322	-0.0107651684517	-0.00696469129809	0.00214930023697	1.0	0.00786952914307	-0.0109513730611	-0.0419782312378	-0.0537209230436	0.0242687497006	-0.0435503646628	-0.0173128484817	-0.0171242023527	0.0384731438791	0.0165582832207	-0.0583089626155	-0.0591374916528	-0.00675741521349	0.0375374053994	-0.0477599965407	-0.0137325880184	-0.00412225585015	0.0590926899373	-0.0452732995206	-0.00637539802667	0.0199195427941	0.0302904285424	0.0118207459929	0.00978310482425	0.00449549432653	0.0115171585966	0.010937604663	-0.0280123365363	0.000975419835459	-0.0249039512381	0.00748720361077	-0.0492458800268	0.00297644913803	0.0177718699687	0.000108805522312	0.0345045480458	-0.0139456487517	-0.00557938670317	-0.0321774808607
k__Bacteria;p__Bacteroidetes;c__Bacteroidia;o__Bacteroidales;f__Bacteroidaceae;g__Bacteroides;s__Bacteroides_salyersiae	0.00338348646985	-0.0104907138497	-0.0231516879602	0.00273927959738	0.00531758164237	-0.0427586545895	-0.0116706392847	-0.0392219758885	-0.0335847497192	0.0358924117744	-0.0594210557797	0.0293837536166	-0.0542031114471	0.0154720151962	-0.04836491604	-0.0223282369143	0.0394259307603	0.00766459626965	-0.020991974145	0.00786952914307	1.0	-0.0144044455491	0.0180352091781	0.0376910200705	-0.0581812761303	0.000587959784785	-0.035598111024	-0.0363692602793	0.0153532060586	-0.0210706015869	0.0131479876538	-0.0657029571143	-0.0320959333305	0.0135927765036	0.0232871162502	-0.00397890726081	0.0351858964092	-0.0492921726333	0.0243334338426	0.00597548339009	-0.0235206513186	-0.0134511206512	0.0230603074747	0.00851715327036	-0.0338629277952	0.0107047187927	0.0350583611723	-0.0250269219802	0.0153891867978	-0.010412511284	0.0151608752388	0.0424434089916	0.00360066412054	-0.0142673681233	0.0890246972964	0.0448879718091	-0.0554801991058	0.00767868619074	0.00682780769195
k__Bacteria;p__Firmicutes;c__Clostridia;o__Clostridiales;f__Ruminococcaceae;g__Ruminiclostridium;s__[Eubacterium]_siraeum	-0.0193549010231	-0.065548587018	-0.0400941890303	0.00423004144716	-0.0114660161765	-0.00572551705607	-0.0333755930151	-0.00331735452954	0.00419189823692	-0.0328800839684	0.0124304837638	-0.0514267073395	-0.0340276086259	-0.0527253227341	0.00948915363786	-0.0118957613351	0.0358314684374	0.0426478722749	-0.00992248430733	-0.0109513730611	-0.0144044455491	1.0	-0.00298441819011	-0.0222926310293	0.0304950041359	-0.0157982448234	-0.00944539707415	-0.0193338492614	0.000736417600481	-0.0196140859916	-0.00686252338174	-0.018437993969	0.0270822495122	-0.0076453556547	0.0387843872978	-0.0340685990269	-0.0553549450004	-0.0200969252323	0.0388579704884	-0.0109270446222	0.0110034288463	0.0399571729953	-0.0208593133897	-0.0136748789319	0.0051663493783	0.0774407799348	-0.0396407838077	-0.010697055586	0.0154549699752	-0.0571763755676	-0.0623530248315	-0.0157413917922	0.0173968647788	0.0197141597115	-0.00852174007705	0.0316271724953	0.00138204600967	-0.0267889082486	0.0303674908094
k__Bacteria;p__Proteobacteria;c__Betaproteobacteria;o__Burkholderiales;f__Sutterellaceae;g__Parasutterella;s__Parasutterella_excrementihominis	-0.0139538124839	-0.00251239575623	-0.0345366019203	0.0201366419079	-0.0364176909867	-0.0551890596121	-0.0510277336091	-0.0294371085928	-0.0417468902856	0.0120502888055	-0.0344827913175	0.0365991986302	-0.00597792223506	-0.0473909798998	0.00226124150346	-0.0108424245503	0.0268167953527	0.0181694551706	-0.0239106165114	-0.0419782312378	0.0180352091781	-0.00298441819011	1.0	-0.017123032217	0.00673541163235	0.0635138367895	-0.0318798863723	-0.0109838197833	0.0244615357832	0.0183672833057	0.0255110932012	0.035186027448	-0.0040135272391	0.0534979292143	0.0128866843134	0.0113113911046	0.00156512719776	0.0171850115817	-0.0387404297264	-0.0278591896274	-0.00984192455021	0.0304925999406	0.037203731386	-0.00771674501915	0.0249684258015	-0.0020305732005	0.00416492860485	-0.0185642048613	-0.0830073901643	0.00337253885592	0.0601908652518	0.0149461647515	-0.0145998207613	0.0624854555078	0.00915326432789	-0.0401400179165	-0.0118237284669	-0.0289540947255	-0.0509687614463
k__Bacteria;p__Actinobacteria;c__Actinobacteria;o__Bifidobacteriales;f__Bifidobacteriaceae;g__Bifidobacterium;s__Bifidobacterium_adolescentis	0.00344640247817	0.0644191219057	-0.0513522393305	-0.0561426948071	0.017746797299	-0.0133847850109	-0.0188292363778	0.0210691022137	0.0455542324358	0.0437931614276	-0.0572766076432	-0.0453702787008	0.075291534698	-0.0391301597787	-0.00171260923143	-0.00578327961187	0.00961348843203	0.0724347281189	-0.0173638764171	-0.0537209230436	0.0376910200705	-0.0222926310293	-0.017123032217	1.0	-0.00959595144541	-0.00526144701319	-0.0205605512823	0.0401905567689	-0.0212984071201	0.0170591127753	-0.0245218840858	-0.0135070345115	-0.0125676255504	-0.013628188867	0.0404841027888	-0.022270174036	-0.0577293884635	0.0392809211903	-0.00699545788043	0.00280171536893	-0.0416458898528	0.0435769406389	-0.0551582019536	0.0520908210548	0.070986428176	-0.0480585026921	-0.0270607872074	0.00277414587978	-0.0138123850093	-0.00916393983203	-0.007505020151	-0.00269620716879	-0.0122200441697	0.0277822164538	-0.00502929127856	-0.0374301194671	-0.0340026467321	-0.0400075282922	0.000352052490649
k__Bacteria;p__Firmicutes;c__Clostridia;o__Clostridiales;f__Oscillospiraceae;g__Oscillibacter;s__Oscillibacter_sp._KLE_1745	-0.0167320417338	0.0125272862185	-0.0256591658325	-0.0252383810642	-0.0141065257539	-0.0577696797036	-0.025177693061	0.00967763199684	0.0178080125128	-0.0109479751531	-0.0149763294062	-0.024903013166	0.0184857189007	-0.00758796054861	0.011899477274	0.00153159231329	-0.0187255983677	-0.00528963276466	0.0476983636483	0.0242687497006	-0.0581812761303	0.0304950041359	0.00673541163235	-0.00959595144541	1.0	0.0493158974899	0.0150287990823	0.00468133594718	-0.0146592550066	0.000909332475842	-0.0302008255729	-0.0173306177021	0.0268516737781	-0.0202707013549	0.021617817458	-0.00851801754085	-0.00480001572446	-0.019560684692	0.00863347874156	-0.0369897946689	-0.0207603890718	-0.0190423844223	-0.0177553913246	0.0941470062158	-0.0260399047174	-0.0543684702456	0.0130136316453	-0.0103697875252	0.000757524375896	0.0589260667741	-0.0201399248748	-0.0211434881898	-0.061120526033	-0.00376098045519	-0.000165327664449	-0.00384595606307	0.046153088781	0.00677284585211	0.0247026965304
k__Bacteria;p__Bacteroidetes;c__Bacteroidia;o__Bacteroidales;f__Bacteroidaceae;g__Bacteroides;s__Bacteroides_coprophilus	0.0170198140908	-0.0666228665586	-3.31283968697e-05	-0.061130052002	0.0640301843607	0.0043899418577	-0.0292248808632	-0.0218900787662	-0.0214662177944	-0.012920776543	0.0221615595705	-0.0802466072618	-0.0326890919679	-0.00506452049647	-0.0423517504569	1.17685237859e-05	-0.0771159717322	-0.0128235916269	0.0197184135553	-0.0435503646628	0.000587959784785	-0.0157982448234	0.0635138367895	-0.00526144701319	0.0493158974899	1.0	-0.0688619254964	0.000249833493292	-0.00757608126161	-0.00732302246732	0.027651116167	-0.0294210823821	-0.016073900369	0.0644101337407	-0.028287665352	-0.00942444762409	-0.00344937706426	-0.0350206879478	-0.0122938477761	-0.0026266623928	-0.0122160840672	0.0113158723328	0.0530002606992	0.00448711769914	-0.0226861892915	-0.0810239970346	-0.0687806756287	0.0458519445697	0.00469311008651	0.0074680209468	-0.0199418154555	-0.0273847705141	0.0129368818976	-0.0275042727021	-0.0427165776171	0.0133284520827	-0.0268557334028	-0.0353673298268	0.0122843251154
k__Bacteria;p__Firmicutes;c__Clostridia;o__Clostridiales;f__Lachnospiraceae;g__Roseburia;s__Roseburia_intestinalis	-0.0114864355436	-0.0119337206639	0.0707508078821	-0.00375573371418	0.020300289043	0.0136405300412	-0.0298632123906	0.014495600697	0.00727055790083	-0.00217514845539	-0.0154935470256	-0.0663793693683	0.0513584227931	0.0114495639691	0.00561940205518	0.026797298081	-0.00327885490627	0.0540861363954	-0.03336992475	-0.0173128484817	-0.035598111024	-0.00944539707415	-0.0318798863723	-0.0205605512823	0.0150287990823	-0.0688619254964	1.0	0.0226606753273	-0.0236270833606	-0.0251173698316	0.00444785488148	0.0164556876628	0.0246869158753	-0.01638845063	0.108926451101	-0.0714812472565	0.00520824681055	-0.0403525161223	-0.074157858186	-0.0263099231033	0.0393150693012	-0.0335984798521	-0.0359322019594	0.00644157990323	-0.00317214295895	-0.0116598080137	0.0209976715699	-0.00152349336832	0.0240646686576	-0.0198285656797	-0.0214973953493	-0.021015075567	-0.0247906700834	0.0123527358082	0.00767043247347	-0.0143479178451	0.0623457188132	-0.00497240039765	0.0322256905362
k__Bacteria;p__Firmicutes;c__Clostridia;o__Clostridiales;f__Lachnospiraceae;g__Roseburia;s__Roseburia_hominis	-0.00167483953631	-0.0241274776861	0.0069796371963	0.0383943584654	-0.0597297399309	-0.0576724367211	-0.0116069179949	-0.0304193149374	0.0486988181872	-0.00688023524728	-0.0135574733172	-0.013414815354	0.0313961714964	0.000561002330479	-0.00603510780276	-0.0291579195887	-0.0032543131742	-0.0122066387119	0.0109839736517	-0.0171242023527	-0.0363692602793	-0.0193338492614	-0.0109838197833	0.0401905567689	0.00468133594718	0.000249833493292	0.0226606753273	1.0	-0.0153154504294	0.00492249574744	0.0450871693291	-0.000895579787583	-0.000761793282683	-0.00672673146925	-0.0343618402972	-0.0471273552285	0.0412875310653	-0.0680823016939	-0.00696090588851	0.0168737491038	-0.0143998122778	0.00753712054626	-0.0487296230883	0.0216043859068	-0.0748964128754	0.00549858143985	0.0312563712536	0.00738116803022	0.0396299094366	-0.0477229074375	-0.0753943571567	-0.0730818361339	0.0217417749088	0.0383305085297	0.061700071224	-0.0498844821939	-0.0116384314205	-0.0346647441996	0.0421887436141
k__Bacteria;p__Bacteroidetes;c__Bacteroidia;o__Bacteroidales;f__Porphyromonadaceae;g__Parabacteroides;s__Parabacteroides_johnsonii	0.0050953428431	-0.0141020480956	-0.00597403913266	-0.0260098783155	0.00230390934641	-0.0200075973144	-0.00715754826555	0.0406000528776	-0.0436522030702	0.0510831593172	-0.0234106535277	0.0333454913289	0.0437332176914	0.0395471123956	0.00858019085763	0.0281248752654	-0.0806405426229	-0.0419164664237	-0.0172745494518	0.0384731438791	0.0153532060586	0.000736417600481	0.0244615357832	-0.0212984071201	-0.0146592550066	-0.00757608126161	-0.0236270833606	-0.0153154504294	1.0	-0.015646233581	0.0724697224529	-0.0687972088675	-0.0231721682763	0.0237791829305	0.0262665267474	-0.0365436307937	-0.00500277725353	-0.0135886277219	0.000181905202644	0.0482406543554	-0.0261094653499	0.0117355985559	0.00419600525735	-0.0161397629928	-0.0156790152209	-0.0557857738388	0.0132507702684	-0.0428786253594	-0.0216311483817	0.0291847565296	-0.00221968225968	-0.064734796161	0.0176486612503	-0.0200981810034	-0.0429276702204	-0.096097568849	0.0230706989322	-0.012193895132	0.0440168900685
k__Bacteria;p__Actinobacteria;c__Actinobacteria;o__Bifidobacteriales;f__Bifidobacteriaceae;g__Bifidobacterium;s__Bifidobacterium_longum	-0.0164009493064	0.0248633934931	-0.0544495154189	-0.030161220914	-0.00365725586832	0.00868245532772	0.00834174212398	0.0105320570231	0.00947146669553	-0.0293238945305	-0.00811373415058	-0.0109119982719	-0.0439171420075	0.0187209239658	-0.0103161221153	-0.00346518538628	0.00610953696249	0.0153015723231	-0.05434391679	0.0165582832207	-0.0210706015869	-0.0196140859916	0.0183672833057	0.0170591127753	0.000909332475842	-0.00732302246732	-0.0251173698316	0.00492249574744	-0.015646233581	1.0	0.0501463864566	-0.0596148314101	-0.0559399303023	-0.0764969771309	-0.0310797446971	0.0546479839175	-0.00645641188751	-0.0517141977473	0.0279470484698	0.0172857190387	-0.0374579080666	0.0545445644139	-0.0114342546768	-0.00594379025448	0.0245205913145	-0.0229757397376	-0.0534207697865	-0.00271140487169	-0.0514554314083	0.0299043394695	0.0136535587467	0.0159343018915	0.0296665732364	-0.0423114313387	-0.00126163933773	-0.0479758802566	-0.00386085034961	-0.0063670754201	-0.0101508110615
