#taxonomy	k__Bacteria;p__Bacteroidetes;c__Bacteroidia;o__Bacteroidales;f__Bacteroidaceae;g__Bacteroides;s__Bacteroides_vulgatus	k__Bacteria;p__Bacteroidetes;c__Bacteroidia;o__Bacteroidales;f__Bacteroidaceae;g__Bacteroides;s__Bacteroides_uniformis	k__Bacteria;p__Bacteroidetes;c__Bacteroidia;o__Bacteroidales;f__Rikenellaceae;g__Alistipes;s__Alistipes_putredinis	k__Bacteria;p__Bacteroidetes;c__Bacteroidia;o__Bacteroidales;f__Prevotellaceae;g__Prevotella;s__Prevotella_copri	k__Bacteria;p__Bacteroidetes;c__Bacteroidia;o__Bacteroidales;f__Bacteroidaceae;g__Bacteroides;s__Bacteroides_stercoris	k__Bacteria;p__Bacteroidetes;c__Bacteroidia;o__Bacteroidales;f__Bacteroidaceae;g__Bacteroides;s__Bacteroides_ovatus	k__Bacteria;p__Bacteroidetes;c__Bacteroidia;o__Bacteroidales;f__Rikenellaceae;g__Alistipes;s__Alistipes_shahii	k__Bacteria;p__Firmicutes;c__Clostridia;o__Clostridiales;f__Ruminococcaceae;g__Faecalibacterium;s__Faecalibacterium_prausnitzii	k__Bacteria;p__Bacteroidetes;c__Bacteroidia;o__Bacteroidales;f__Rikenellaceae;g__Alistipes;s__Alistipes_finegoldii	k__Bacteria;p__Bacteroidetes;c__Bacteroidia;o__Bacteroidales;f__Porphyromonadaceae;g__Parabacteroides;s__Parabacteroides_distasonis	k__Bacteria;p__Bacteroidetes;c__Bacteroidia;o__Bacteroidales;f__Bacteroidaceae;g__Bacteroides;s__Bacteroides_thetaiotaomicron	k__Bacteria;p__Bacteroidetes;c__Bacteroidia;o__Bacteroidales;f__Bacteroidaceae;g__Bacteroides;s__Bacteroides_coprocola	k__Bacteria;p__Bacteroidetes;c__Bacteroidia;o__Bacteroidales;f__Bacteroidaceae;g__Bacteroides;s__Bacteroides_cellulosilyticus	k__Bacteria;p__Bacteroidetes;c__Bacteroidia;o__Bacteroidales;f__Rikenellaceae;g__Alistipes;s__Alistipes_obesi	k__Bacteria;p__Firmicutes;c__Clostridia;o__Clostridiales;f__Lachnospiraceae;g__;s__[Eubacterium]_rectale	k__Bacteria;p__Bacteroidetes;c__Bacteroidia;o__Bacteroidales;f__Bacteroidaceae;g__Bacteroides;s__Bacteroides_plebeius	k__Bacteria;p__Bacteroidetes;c__Bacteroidia;o__Bacteroidales;f__Bacteroidaceae;g__Bacteroides;s__Bacteroides_fragilis	k__Bacteria;p__Proteobacteria;c__Betaproteobacteria;o__Burkholderiales;f__Sutterellaceae;g__Sutterella;s__Sutterella_wadsworthensis	k__Bacteria;p__Bacteroidetes;c__Bacteroidia;o__Bacteroidales;f__Porphyromonadaceae;g__Barnesiella;s__Barnesiella_intestinihominis	k__Bacteria;p__Bacteroidetes;c__Bacteroidia;o__Bacteroidales;f__Odoribacteraceae;g__Odoribacter;s__Odoribacter_splanchnicus	k__Bacteria;p__Bacteroidetes;c__Bacteroidia;o__Bacteroidales;f__Bacteroidaceae;g__Bacteroides;s__Bacteroides_salyersiae	k__Bacteria;p__Firmicutes;c__Clostridia;o__Clostridiales;f__Ruminococcaceae;g__Ruminiclostridium;s__[Eubacterium]_siraeum	k__Bacteria;p__Proteobacteria;c__Betaproteobacteria;o__Burkholderiales;f__Sutterellaceae;g__Parasutterella;s__Parasutterella_excrementihominis	k__Bacteria;p__Actinobacteria;c__Actinobacteria;o__Bifidobacteriales;f__Bifidobacteriaceae;g__Bifidobacterium;s__Bifidobacterium_adolescentis	k__Bacteria;p__Firmicutes;c__Clostridia;o__Clostridiales;f__Oscillospiraceae;g__Oscillibacter;s__Oscillibacter_sp._KLE_1745	k__Bacteria;p__Bacteroidetes;c__Bacteroidia;o__Bacteroidales;f__Bacteroidaceae;g__Bacteroides;s__Bacteroides_coprophilus	k__Bacteria;p__Firmicutes;c__Clostridia;o__Clostridiales;f__Lachnospiraceae;g__Roseburia;s__Roseburia_intestinalis	k__Bacteria;p__Firmicutes;c__Clostridia;o__Clostridiales;f__Lachnospiraceae;g__Roseburia;s__Roseburia_hominis	k__Bacteria;p__Bacteroidetes;c__Bacteroidia;o__Bacteroidales;f__Porphyromonadaceae;g__Parabacteroides;s__Parabacteroides_johnsonii	k__Bacteria;p__Actinobacteria;c__Actinobacteria;o__Bifidobacteriales;f__Bifidobacteriaceae;g__Bifidobacterium;s__Bifidobacterium_longum	k__Bacteria;p__Firmicutes;c__Clostridia;o__Clostridiales;f__;g__Flavonifractor;s__Flavonifractor_plautii	k__Bacteria;p__Firmicutes;c__Clostridia;o__Clostridiales;f__Clostridiaceae;g__Clostridium;s__Clostridium_phoceensis	k__Bacteria;p__Verrucomicrobia;c__Verrucomicrobiae;o__Verrucomicrobiales;f__Akkermansiaceae;g__Akkermansia;s__Akkermansia_muciniphila	k__Bacteria;p__Bacteroidetes;c__Bacteroidia;o__Bacteroidales;f__Prevotellaceae;g__Paraprevotella;s__Paraprevotella_xylaniphila	k__Bacteria;p__Firmicutes;c__Clostridia;o__Clostridiales;f__Ruminococcaceae;g__Ruminococcus;s__Ruminococcus_callidus	k__Bacteria;p__Bacteroidetes;c__Bacteroidia;o__Bacteroidales;f__Rikenellaceae;g__Alistipes;s__Alistipes_senegalensis	k__Bacteria;p__Firmicutes;c__Clostridia;o__Clostridiales;f__Lachnospiraceae;g__Blautia;s__Blautia_sp._KLE_1732	k__Bacteria;p__Bacteroidetes;c__Bacteroidia;o__Bacteroidales;f__Bacteroidaceae;g__Bacteroides;s__Bacteroides_oleiciplenus	k__Bacteria;p__Firmicutes;c__Clostridia;o__Clostridiales;f__Ruminococcaceae;g__Ruminococcus;s__Ruminococcus_bicirculans	k__Bacteria;p__Bacteroidetes;c__Bacteroidia;o__Bacteroidales;f__Bacteroidaceae;g__Bacteroides;s__Bacteroides_fluxus	k__Bacteria;p__Bacteroidetes;c__Bacteroidia;o__Bacteroidales;f__Prevotellaceae;g__Prevotella;s__Prevotella_stercorea	k__Bacteria;p__Firmicutes;c__Clostridia;o__Clostridiales;f__Lachnospiraceae;g__Dorea;s__Dorea_longicatena	k__Bacteria;p__Firmicutes;c__Clostridia;o__Clostridiales;f__Eubacteriaceae;g__Eubacterium;s__[Eubacterium]_eligens	k__Bacteria;p__Firmicutes;c__Clostridia;o__Clostridiales;f__Ruminococcaceae;g__;s__Ruminococcaceae_bacterium_D16	k__Bacteria;p__Firmicutes;c__Clostridia;o__Clostridiales;f__Lachnospiraceae;g__Coprococcus;s__Coprococcus_comes	k__Bacteria;p__Proteobacteria;c__Gammaproteobacteria;o__Enterobacterales;f__Enterobacteriaceae;g__Escherichia;s__Escherichia_coli	k__Bacteria;p__Firmicutes;c__Clostridia;o__Clostridiales;f__Ruminococcaceae;g__Anaerotruncus;s__Anaerotruncus_colihominis	k__Bacteria;p__Firmicutes;c__Clostridia;o__Clostridiales;f__Lachnospiraceae;g__Blautia;s__Blautia_obeum	k__Bacteria;p__Bacteroidetes;c__Bacteroidia;o__Bacteroidales;f__Odoribacteraceae;g__Odoribacter;s__Odoribacter_laneus	k__Bacteria;p__Firmicutes;c__Clostridia;o__Clostridiales;f__Ruminococcaceae;g__Ruminiclostridium;s__[Clostridium]_leptum	k__Bacteria;p__Bacteroidetes;c__Bacteroidia;o__Bacteroidales;f__Porphyromonadaceae;g__Parabacteroides;s__Parabacteroides_goldsteinii	k__Bacteria;p__Firmicutes;c__Clostridia;o__Clostridiales;f__Lachnospiraceae;g__Anaerostipes;s__Anaerostipes_hadrus	k__Bacteria;p__Firmicutes;c__Clostridia;o__Clostridiales;f__Ruminococcaceae;g__Ruminococcus;s__Ruminococcus_lactaris	k__Bacteria;p__Firmicutes;c__Clostridia;o__Clostridiales;f__Clostridiaceae;g__Clostridium;s__Clostridium_sp._L2-50	k__Bacteria;p__Firmicutes;c__Clostridia;o__Clostridiales;f__Clostridiaceae;g__Clostridium;s__Clostridium_sp._M62/1	k__Bacteria;p__Firmicutes;c__Clostridia;o__Clostridiales;f__;g__Intestinimonas;s__Intestinimonas_butyriciproducens	k__Bacteria;p__Actinobacteria;c__Actinobacteria;o__Bifidobacteriales;f__Bifidobacteriaceae;g__Bifidobacterium;s__Bifidobacterium_bifidum	k__Bacteria;p__Firmicutes;c__Negativicutes;o__Veillonellales;f__Veillonellaceae;g__Dialister;s__Dialister_invisus	k__Bacteria;p__Bacteroidetes;c__Bacteroidia;o__Bacteroidales;f__Bacteroidaceae;g__Bacteroides;s__Bacteroides_salanitronis
k__Bacteria;p__Bacteroidetes;c__Bacteroidia;o__Bacteroidales;f__Bacteroidaceae;g__Bacteroides;s__Bacteroides_vulgatus	1.0	0.0115426108463	-0.0687576953283	-0.0129027383003	-0.030540854837	-0.021131959606	0.0296109659186	0.00500060555533	0.0660040488618	-0.00791421437423	0.0286191103278	0.035413223123	-0.0997008107665	-0.0163869095721	-0.0872819758269	0.0330527699401	-0.0477608481928	0.00475974477116	-0.0364692650956	-0.00331983991113	0.00764322122242	0.00355933659247	0.0316444682034	-0.00953114764791	0.0125850956139	0.0322851932844	-0.0136123127708	0.0316717400143	0.0114342652294	-0.076522917226	0.0161990503702	-0.0533436007512	0.0454887590964	-0.0227325410177	0.057233696712	-0.02268611286	-0.017338100398	-0.0661483940777	-0.0667859567288	-0.039958746419	0.0264081196578	0.0406019158829	-0.0382737280963	-0.0145876859822	-0.0206838330261	-0.0121624414442	0.0224435651197	-0.00491314034765	0.0302174582785	-0.0332646412054	-0.0102700870821	0.0142883307684	-0.0101547705956	-0.015875946939	-0.0731667177491	-0.0434476605166	-0.00779847255701	0.0356248602316	0.00782684378674
k__Bacteria;p__Bacteroidetes;c__Bacteroidia;o__Bacteroidales;f__Bacteroidaceae;g__Bacteroides;s__Bacteroides_uniformis	0.0115426108463	1.0	-0.0401029721188	0.00316757826319	0.0290701181229	0.0127826321542	0.0138770379088	0.0286503574738	-0.0222757537941	-0.0525203012546	-0.0422168745194	-0.101141753639	-0.0301783113648	0.00719633417043	0.0106541292989	-0.0242997941604	0.00238608002932	0.0271135034677	-0.0369200817268	-0.0540842454063	0.0587482045031	0.0104707555701	-0.0265257825018	0.0550293569636	0.00536542512373	-0.0115223966505	-0.0575623998081	-0.00642744841217	-0.0438888189059	-0.0392883619912	0.00504705417477	-0.0157097197311	-0.00311138770945	0.0255699780658	0.0544091428107	-0.00374637819385	-0.00209309146695	-0.0148406657669	0.0593433713979	-0.020139046348	0.00114311999948	0.00131239975678	-0.0531043076396	-0.0226138705414	-0.0268233529168	0.00308791479732	-0.0243720328446	0.0215888582838	0.0154490045026	-0.00151640363388	-0.00125775028801	-0.0280127263481	-0.00484552997027	-0.00231810291275	-0.0264646929475	0.0313900700091	0.0191261963843	-0.0425576169907	-0.0011957682636
k__Bacteria;p__Bacteroidetes;c__Bacteroidia;o__Bacteroidales;f__Rikenellaceae;g__Alistipes;s__Alistipes_putredinis	-0.0687576953283	-0.0401029721188	1.0	0.0236094378843	-0.0322896497412	0.0826240394706	-0.0438082880023	-0.0217729711704	0.0236196335882	0.00590155403587	0.0443386821956	0.0271455842941	0.0627290202116	-0.0373788312057	0.0238243431649	0.0200902192869	0.0397467347459	0.0519765190323	-0.0415518043425	-0.0743998348188	-0.0491603512483	-0.0226999926667	-0.0269284021438	0.030654935762	-0.0557257028193	-0.0146245831188	-0.0199100054288	-0.0542177398413	0.0395517036204	-0.0146581626158	-0.00790703238905	0.0178358986545	0.0333550094144	-0.0185435401033	-0.0698118553834	-0.0189999779061	-0.0189079000307	-0.0163406167598	-0.0300058047583	-0.0292700516811	0.0589876774209	-0.0319210735137	-0.0157643755563	0.00350071944428	0.0159642645463	-0.0101717141352	0.0198172143887	0.0125829977353	-0.0143187843354	-0.00724763242365	0.0264615497537	-0.0545182938252	0.0457600425975	-0.0309330131581	-0.0395640546959	0.000908759283771	0.0278044718224	-0.0305229679278	0.0338367453001
k__Bacteria;p__Bacteroidetes;c__Bacteroidia;o__Bacteroidales;f__Prevotellaceae;g__Prevotella;s__Prevotella_copri	-0.0129027383003	0.00316757826319	0.0236094378843	1.0	0.0192707820632	0.0134608018648	0.0374082177031	-0.0169832031652	0.00300057932056	-0.00776015578747	-0.0416128677154	-0.00778211871731	0.0253236886891	-0.0184418269603	-0.0780977316283	-0.0515388810343	-0.0453489404734	0.0615750135496	-0.05784358689	-0.0491358757016	-0.0703908678787	-0.0090974196811	-0.0477852424791	-0.0127991278077	0.0422749794444	0.00678576028956	-0.0116115397164	-0.0414771606896	0.0751260264515	-0.0100619953591	-0.0191997074277	-0.0279664982598	0.0550631493516	0.0224728177841	0.0225953803649	0.0257092295649	-0.0367746201794	-0.0373508727972	-0.0508707641065	0.00184039751027	-0.0192650041291	0.0294041961761	-0.0110616098687	0.0183613719893	0.0494982840926	-0.0265936961056	-0.0555464755001	0.024849388316	0.0125560774023	-0.0113873156388	0.0390221364606	0.0287373653736	0.021786430117	-0.0178904678147	-0.0300452001162	-0.00972753726241	-0.0674695915483	-0.0140356744856	0.0133948521426
k__Bacteria;p__Bacteroidetes;c__Bacteroidia;o__Bacteroidales;f__Bacteroidaceae;g__Bacteroides;s__Bacteroides_stercoris	-0.030540854837	0.0290701181229	-0.0322896497412	0.0192707820632	1.0	-0.0461324601456	0.0435781307701	-0.0279957920471	-0.0531203049632	0.0299670947682	-0.0175805514843	-0.0447335090145	0.0316708073851	-0.0403276499792	0.0115442357172	0.0826806931852	-0.0373918202243	-0.0221533647837	0.0179980815071	0.0137142075212	-0.0709523931745	-0.0422910994427	-0.0199329082748	0.0314515035475	0.00161085711327	-0.0336978417205	-0.00436447976217	0.0234506907055	-0.00488205452731	-0.0188610497907	-0.0270063156493	0.0091612782179	0.0129959172957	-0.00927846279097	0.0290671055908	-0.0103864682134	-0.0266245759017	-0.0356096634392	0.00497894104499	0.0013987650791	-0.00666388947775	0.0437829842167	-0.00515136151058	-0.0216021218948	-0.0289501949734	-0.0484294315616	-5.13409250282e-05	-0.0225430685877	0.0217609231043	-0.0319160799898	-0.0232749979443	0.0401876100713	-0.0354092415108	-0.00049880438865	0.0475290162436	-0.0317260303487	0.0515733420049	-0.0179986526334	0.00628596860553
k__Bacteria;p__Bacteroidetes;c__Bacteroidia;o__Bacteroidales;f__Bacteroidaceae;g__Bacteroides;s__Bacteroides_ovatus	-0.021131959606	0.0127826321542	0.0826240394706	0.0134608018648	-0.0461324601456	1.0	0.0251306961868	-0.0108017295262	0.0129478697122	-0.00143376393843	-0.00749587958992	0.0354225448146	0.0283242310087	-0.0391896030234	0.0148383367789	-0.0305786099266	0.0213640148935	-0.0281547680162	0.0305795881323	0.002290111961	-0.0203745534647	-0.0086902222382	0.0147516284422	0.0155109637816	-0.0338419847222	-0.000273534568332	-0.0173511457107	0.00199913047438	-0.039462377149	0.00625555257727	-0.000351475237481	-0.0698119393748	0.0498494665946	-0.0234162684239	0.00408997045406	-0.0199664173909	-0.0181088367705	-0.00419788901909	0.0321173774502	0.0239277409022	0.0274638353515	0.0318695169686	0.00473860324519	0.0438577364375	-0.0701627332848	-0.0356346484684	-0.00803524830189	-0.0230662332954	-0.05422414532	0.0277033093785	-0.0137009592497	-0.0558187372886	-0.0319273130891	0.00956514212494	-0.0597409692051	-0.0470794558288	-0.0308005179319	-0.0255557752592	-0.0783451714243
k__Bacteria;p__Bacteroidetes;c__Bacteroidia;o__Bacteroidales;f__Rikenellaceae;g__Alistipes;s__Alistipes_shahii	0.0296109659186	0.0138770379088	-0.0438082880023	0.0374082177031	0.0435781307701	0.0251306961868	1.0	-0.0219710143334	0.0118940816851	-0.0637691686171	-0.00646626041052	0.00955768579868	-0.0211967574394	0.0419869482933	0.0495738879969	0.0302027251904	-0.0179222985504	-0.0237339856476	0.0894855986595	-0.0408642308975	-0.00882083544874	-0.0376651622638	-0.0573054056848	-0.0162365359518	-0.00574005507634	-0.0176530927719	-0.0323926979482	0.00463212433152	-0.0321283599956	0.01038695516	0.00378788986098	-0.0264465473665	-0.0647836860522	0.0246981663008	-0.00476157623154	0.0579654034288	-0.0278552960207	-0.0274204863736	-0.039212460107	0.0290791277992	0.0381158927432	0.0649778489745	-0.0263743615529	0.0120399606023	0.010229547276	0.0632766891307	-0.0728126221029	-0.0658276950009	-0.0374179990208	0.0433008518034	0.020784904612	0.00959370325485	0.0189394621949	-0.0599707651029	0.0630447214656	-0.0523643005546	-0.0123117097421	0.0544519947182	-0.0458411257453
k__Bacteria;p__Firmicutes;c__Clostridia;o__Clostridiales;f__Ruminococcaceae;g__Faecalibacterium;s__Faecalibacterium_prausnitzii	0.00500060555533	0.0286503574738	-0.0217729711704	-0.0169832031652	-0.0279957920471	-0.0108017295262	-0.0219710143334	1.0	-0.0097284317895	0.0239872483395	0.0337348627398	-0.00456141911619	0.0205866996378	-0.0339566758239	0.0557803801138	-0.0186999359377	0.00713203466552	-0.0362767621161	0.0509625016469	-0.0338054571511	0.0256060998849	-0.00092621875652	0.0379474825515	0.00381003949112	0.00741372908818	0.00333771045871	-0.0597471139631	-0.0127915932365	0.0224795190111	-0.0223397622283	0.0400034447284	-0.0495723384968	0.0494842757882	-0.0458466018392	-0.0385276561699	-0.0420442412384	-0.0172965862437	-0.0151581698033	0.00243593463947	0.0136806924421	-0.0588618997931	-0.0349782011251	-0.000104032334648	0.0408554709169	-0.0211787469562	-0.0271935023579	0.00179579790519	-0.0295372540078	0.0127063875696	0.0196857879339	-0.011663401573	-0.00215475429949	-0.0265333298534	0.00371271057805	-0.00239359749606	0.0443474604007	-0.0502554938448	-0.00251461061956	-0.027273489644
k__Bacteria;p__Bacteroidetes;c__Bacteroidia;o__Bacteroidales;f__Rikenellaceae;g__Alistipes;s__Alistipes_finegoldii	0.0660040488618	-0.0222757537941	0.0236196335882	0.00300057932056	-0.0531203049632	0.0129478697122	0.0118940816851	-0.0097284317895	1.0	-0.031849663657	-0.0247126675677	0.00218199298434	-0.0198303174896	-0.020667356855	-0.0466039944387	-0.0175794585537	0.0552527874608	0.00713430812551	-0.0346359654249	0.0553786416714	-0.0164328489861	0.0018229285618	0.0155007897939	-0.0474904982552	-0.00574416866807	0.0212971764446	-0.00776570015023	0.00803702571186	0.0152872222383	-0.0611380075354	-0.00183819937627	-0.0396128899194	-0.0601912312863	-0.011470125618	0.0746683962893	-0.0409242525559	-0.00726685214717	-0.00367457196052	-0.0193135141607	-0.00292226353008	-0.00247881932944	-0.00672025665982	0.0302203654542	-0.0526800629772	-0.0290852010698	-0.00662855730774	-0.00722281082889	-0.052939785481	-0.0538666414558	-0.0229360849125	0.000981213295162	-0.0381713432797	0.0087786749057	0.00882580706405	-0.0763450474109	-0.0100684521295	-0.0372049082532	-0.00220009494053	0.0402829219937
k__Bacteria;p__Bacteroidetes;c__Bacteroidia;o__Bacteroidales;f__Porphyromonadaceae;g__Parabacteroides;s__Parabacteroides_distasonis	-0.00791421437423	-0.0525203012546	0.00590155403587	-0.00776015578747	0.0299670947682	-0.00143376393843	-0.0637691686171	0.0239872483395	-0.031849663657	1.0	-0.0328498091196	0.0365651446471	-0.0258672154405	-0.015583769447	-0.0164732560191	0.00286371800674	0.0221485211877	-0.0393844882776	0.00596792775088	0.0442624625847	-0.033610744746	-0.00726169730566	0.0305474584127	0.0122593641171	0.0351665375677	-0.0188658961188	-0.0632650671754	-0.0032100602309	-0.00107018709942	-0.0180016448932	0.0176406876988	0.0197232997828	-0.0550946977162	-0.0412839575684	-0.017826158794	0.0395159463566	-0.0921314940985	0.0502457272142	-0.00811087077902	-0.0326626555586	-0.0275538484406	0.0233439719001	0.00200592450014	0.0385396198365	0.0591697198104	-0.0481522953451	0.0229961297644	-0.00228442328267	0.000953741531557	-0.023116048689	-0.0800793857856	-0.00955821727717	0.0343679836649	-0.0313126031521	0.0313732058026	-0.0418228617341	-0.00776463112657	0.0224260997694	-0.0985641119151
k__Bacteria;p__Bacteroidetes;c__Bacteroidia;o__Bacteroidales;f__Bacteroidaceae;g__Bacteroides;s__Bacteroides_thetaiotaomicron	0.0286191103278	-0.0422168745194	0.0443386821956	-0.0416128677154	-0.0175805514843	-0.00749587958992	-0.00646626041052	0.0337348627398	-0.0247126675677	-0.0328498091196	1.0	0.0410155621302	0.00690555376828	-0.000240505164631	0.0681900641238	0.0255064063439	-0.0334881576883	-0.00814430185341	-0.044925285835	-0.00487172436492	-0.0295359894577	0.0127446385754	0.0134185749274	-0.0639796784125	0.00539322926184	0.0033907735357	-0.0183913145705	-0.0286501241207	-0.0632370138734	-0.00460154495362	-0.0390671915265	-0.0439050428078	-0.0300635064189	-0.0312130599288	0.000581416892019	-0.0968469037823	-0.00467490878719	-0.0329061559339	0.0158789885667	0.0130451939813	-0.0462003523196	0.0194187164772	-0.0188965540582	0.00612771479797	0.00361194822941	-0.0196917218458	-0.0346574606742	0.0489901579123	-0.0371419154272	-0.0418714477556	0.0488453467051	-0.055219350649	0.0315901035293	0.00722990841234	-0.0158426086164	0.0357557909541	-0.0453848801243	0.026848029168	0.02258755173
k__Bacteria;p__Bacteroidetes;c__Bacteroidia;o__Bacteroidales;f__Bacteroidaceae;g__Bacteroides;s__Bacteroides_coprocola	0.035413223123	-0.101141753639	0.0271455842941	-0.00778211871731	-0.0447335090145	0.0354225448146	0.00955768579868	-0.00456141911619	0.00218199298434	0.0365651446471	0.0410155621302	1.0	0.0591238394994	0.000758172279891	0.0192133393999	-0.0604517876079	0.00750076975135	0.0219771485986	0.0656274016942	0.0475826185686	0.0504888023966	0.0142070038417	-0.0325825359458	-0.0420452866031	-0.00395997705555	-0.00982483787111	-0.0227830554056	-0.0124968341778	-0.0268387678961	-0.0091444939767	0.0488702713919	-0.0405673939459	-0.0329097298647	-0.0149290636814	0.00256835779581	-0.0266702690971	0.0100207425517	0.025542037748	-0.0368273550076	-0.00438408254111	-0.0456747285029	0.099092768055	0.00699281748658	-0.0135516986063	-0.0481315732317	0.0198539442916	0.00536548840422	0.0394143430878	-0.0233689343739	0.0384063078842	-0.00871935524757	0.0327259692921	-0.0310584019316	0.0130301948244	-0.0116747445838	-0.0168374439977	-0.0245555258611	0.00829410636728	-0.104890775921
k__Bacteria;p__Bacteroidetes;c__Bacteroidia;o__Bacteroidales;f__Bacteroidaceae;g__Bacteroides;s__Bacteroides_cellulosilyticus	-0.0997008107665	-0.0301783113648	0.0627290202116	0.0253236886891	0.0316708073851	0.0283242310087	-0.0211967574394	0.0205866996378	-0.0198303174896	-0.0258672154405	0.00690555376828	0.0591238394994	1.0	-0.000452304406403	-0.0393418382026	-0.0107186971135	-0.00213473156823	-0.0357691202377	-0.0583784464774	-0.00335766416747	-0.0332674749008	0.0192347437559	0.00499593774558	0.0275969504765	-0.022561642325	-0.0530358550307	-0.0344988488338	0.0366155974818	0.0261466406938	0.0290062245754	0.00931209766935	-0.0186817882351	-0.0201730916153	-0.0267571757392	-0.0157689861327	-0.0148281700098	-0.00106909530258	-0.00673440345873	0.00502482901511	0.0709700871986	-0.0158614549422	-0.00885827348998	-0.0425416592201	-0.0423337517394	0.0531596698282	-0.0214371113018	0.0127150497701	-0.0236546033727	-0.000589675936275	0.0236963644744	-0.00278074628345	-0.0628665137419	-0.0297728113145	-0.0365945520111	-0.0353577580671	-0.00168618509725	-0.0339380656565	0.0119035658446	-0.0110840807326
k__Bacteria;p__Bacteroidetes;c__Bacteroidia;o__Bacteroidales;f__Rikenellaceae;g__Alistipes;s__Alistipes_obesi	-0.0163869095721	0.00719633417043	-0.0373788312057	-0.0184418269603	-0.0403276499792	-0.0391896030234	0.0419869482933	-0.0339566758239	-0.020667356855	-0.015583769447	-0.000240505164631	0.000758172279891	-0.000452304406403	1.0	-0.0180127010798	0.0358196236539	0.0452206775746	-0.0266435269414	0.0134986495328	0.0552487634492	-0.0503746337825	-0.00424430238267	-0.0469519512755	0.0565016069354	0.00686759479002	0.061427379701	-0.0264105050425	-0.0294912819448	-0.0247661486166	0.0671720772895	-0.0337650619674	-0.0279499886858	0.0234337487104	-0.0491685634159	0.015447916974	-0.0461652971115	0.0316981610957	0.00510313875313	-0.0100156023486	-0.0206720647744	0.00719936749795	-0.00400992398194	-0.00945081679308	0.03743563261	-0.0530357118219	-0.0255604246653	0.0382540047538	-0.0494688629102	-0.0758151839269	-0.0165182046211	-0.0595563401631	-0.017852063709	-0.0383893181373	-0.0369477024178	-0.0466554691533	0.0167466296329	-0.000545828355281	0.0379098356572	0.0389214748462
k__Bacteria;p__Firmicutes;c__Clostridia;o__Clostridiales;f__Lachnospiraceae;g__;s__[Eubacterium]_rectale	-0.0872819758269	0.0106541292989	0.0238243431649	-0.0780977316283	0.0115442357172	0.0148383367789	0.0495738879969	0.0557803801138	-0.0466039944387	-0.0164732560191	0.0681900641238	0.0192133393999	-0.0393418382026	-0.0180127010798	1.0	-0.00895010607592	-0.0644307693325	-0.0440641044711	0.0388708330669	-0.0604582055259	-0.0518071556336	0.0293711741717	-0.0337831762736	-0.0523006587141	-0.0428576303643	-0.0175867585185	0.0381046614198	0.0509065409696	-0.0286387367572	-0.0231433357231	-0.0188183640806	0.0266064769611	-0.0111915094853	-0.00198249222379	-0.0300505417617	-0.0745347010924	-0.0664625727276	-0.0374222694894	0.033739804369	0.00258160553041	-0.00720066369184	-0.0018684753915	0.0765483736083	0.0142808469262	-0.0453416722031	0.0377958988698	-0.0252284147011	-0.000229591865912	0.00629411056427	0.0448545616992	-0.0109578862745	-0.0471616853716	-0.0602548246009	-0.0150045953389	0.0324764132353	-0.0437262181229	0.0653496160796	-0.00134162585119	-0.0179777977762
k__Bacteria;p__Bacteroidetes;c__Bacteroidia;o__Bacteroidales;f__Bacteroidaceae;g__Bacteroides;s__Bacteroides_plebeius	0.0330527699401	-0.0242997941604	0.0200902192869	-0.0515388810343	0.0826806931852	-0.0305786099266	0.0302027251904	-0.0186999359377	-0.0175794585537	0.00286371800674	0.0255064063439	-0.0604517876079	-0.0107186971135	0.0358196236539	-0.00895010607592	1.0	-0.0475191215176	-0.0238267007754	-0.0357239600838	0.0451828825058	0.0091534557045	-0.00319798173461	-0.000684914373862	-0.0189935676488	-0.0436163012631	0.0409970697699	-0.00453858908909	0.0425756657972	-0.000750967057505	-0.0592350795998	-0.0507717805181	0.00662327496645	-0.00189646125144	0.00997117572997	-0.0203365345928	-0.0076129985986	0.0263536718576	-0.0467573695359	0.00939990203192	0.0265172782688	-0.0283204811498	-0.0146390485834	-0.0116893999163	0.0383234842314	0.00553731972576	-0.106798529913	-0.011393607123	-0.0960002619224	0.024921180764	0.00635272421892	0.0286644668895	0.00681177502461	-0.0202869701358	0.0111036826109	0.0415879261692	0.00187612659179	-0.027260388606	0.021292537131	0.000440897818025
k__Bacteria;p__Bacteroidetes;c__Bacteroidia;o__Bacteroidales;f__Bacteroidaceae;g__Bacteroides;s__Bacteroides_fragilis	-0.0477608481928	0.00238608002932	0.0397467347459	-0.0453489404734	-0.0373918202243	0.0213640148935	-0.0179222985504	0.00713203466552	0.0552527874608	0.0221485211877	-0.0334881576883	0.00750076975135	-0.00213473156823	0.0452206775746	-0.0644307693325	-0.0475191215176	1.0	-0.0192255783933	0.0548468626774	0.0194340485137	-0.00141681451245	0.000845238884959	0.0111305988669	-0.061966591685	0.00741291611089	0.0117221465369	-0.0191746288085	-0.0264105247433	0.0287085533375	-0.0112611382967	-0.0367755379308	0.0559683990466	-0.0052020212882	0.00320945526727	-0.0253016812488	-0.0746732201229	0.0158688842531	0.0107679786777	-0.0132056546133	-0.0387254101911	-0.00396388656227	-0.0132684011158	-0.0451718809861	0.0452999527108	-0.0136702956003	0.0022227268334	0.0754367902762	0.0494034700424	0.00334937776718	-0.0325942482976	-0.0318301950861	-0.00282544142435	-0.0319444817242	0.0413426759723	-0.0284640753082	0.0339721266559	-0.0158298652409	-0.0233560391938	0.00648644418447
k__Bacteria;p__Proteobacteria;c__Betaproteobacteria;o__Burkholderiales;f__Sutterellaceae;g__Sutterella;s__Sutterella_wadsworthensis	0.00475974477116	0.0271135034677	0.0519765190323	0.0615750135496	-0.0221533647837	-0.0281547680162	-0.0237339856476	-0.0362767621161	0.00713430812551	-0.0393844882776	-0.00814430185341	0.0219771485986	-0.0357691202377	-0.0266435269414	-0.0440641044711	-0.0238267007754	-0.0192255783933	1.0	0.018056901431	0.0136943583444	0.0161462369601	0.00352601187394	-0.01350735181	-0.0506251191018	0.0418663355854	0.0221751741037	-1.09845873824e-06	-0.0651024208555	0.00235203239422	-0.0319411726714	-0.040790879356	-0.0142942807973	0.0182987392026	0.0370227092617	0.0232418531155	0.0383121671077	-0.0385841434694	-0.0361420706783	0.0239808614004	-0.0100912064705	0.0104742388683	-0.0685374716261	0.0197046988995	-0.00772049048459	-0.0120373076003	-0.036573562909	-0.0453419180106	-0.00727453888181	-0.0449525894275	0.0224412764992	0.0244025702934	0.0467724605865	0.0148712565141	-0.0135585075963	-0.0472345223965	-0.0142758284307	0.0541345022729	0.0209167619181	-0.022859270723
k__Bacteria;p__Bacteroidetes;c__Bacteroidia;o__Bacteroidales;f__Porphyromonadaceae;g__Barnesiella;s__Barnesiella_intestinihominis	-0.0364692650956	-0.0369200817268	-0.0415518043425	-0.05784358689	0.0179980815071	0.0305795881323	0.0894855986595	0.0509625016469	-0.0346359654249	0.00596792775088	-0.044925285835	0.0656274016942	-0.0583784464774	0.0134986495328	0.0388708330669	-0.0357239600838	0.0548468626774	0.018056901431	1.0	0.043073000186	0.00899243231241	0.0569283239576	0.0316359303375	0.0010846248491	0.00034575038554	-0.0406125498456	0.0348108049237	-0.0234615580888	-0.00745846489356	-0.012880534115	-0.0220250701476	0.0680979470773	-0.0525460349041	-0.057676662978	-0.0367060797695	-0.00827458643085	0.00149555949465	-0.0371634377436	-0.0438623192008	-0.0240338815184	0.055054289605	-0.0559825996118	0.00634201746153	-0.0282584099264	-0.0893182751911	-0.035270904314	-0.0396404573665	0.0186251769282	0.0594073965508	0.0175022980015	-0.0752234919532	-0.00865069528697	-0.00189674275386	0.024357948592	0.0793841546513	-0.081372416794	0.0458994631061	-0.0402715135974	-0.0123174571116
k__Bacteria;p__Bacteroidetes;c__Bacteroidia;o__Bacteroidales;f__Odoribacteraceae;g__Odoribacter;s__Odoribacter_splanchnicus	-0.00331983991113	-0.0540842454063	-0.0743998348188	-0.0491358757016	0.0137142075212	0.002290111961	-0.0408642308975	-0.0338054571511	0.0553786416714	0.0442624625847	-0.00487172436492	0.0475826185686	-0.00335766416747	0.0552487634492	-0.0604582055259	0.0451828825058	0.0194340485137	0.0136943583444	0.043073000186	1.0	0.00457708416154	-0.0280991260773	0.00251051878174	-0.0304840975862	0.0215840295098	-0.0411921627346	-0.0571794942638	-0.0512872386202	0.0383579394371	0.00324541750064	0.0515176795556	-0.000151422199099	-0.0106718317067	-0.020231127611	-0.0375647137831	0.00321928723165	0.00725728237913	0.0201813191917	-0.0594965026594	0.0105016336894	0.0134802192421	0.0294201416979	0.0445512970508	-0.0634776092159	-0.0161702931279	-0.0202690925773	-0.0376430023525	-0.0280220353452	0.0397995706493	0.0592741184688	0.00201464402915	0.0266352196933	-0.00913717931404	-0.0538208383824	-0.0713363124268	-0.0109034860523	0.0660868202788	-0.0245376506206	-0.0653815565022
k__Bacteria;p__Bacteroidetes;c__Bacteroidia;o__Bacteroidales;f__Bacteroidaceae;g__Bacteroides;s__Bacteroides_salyersiae	0.00764322122242	0.0587482045031	-0.0491603512483	-0.0703908678787	-0.0709523931745	-0.0203745534647	-0.00882083544874	0.0256060998849	-0.0164328489861	-0.033610744746	-0.0295359894577	0.0504888023966	-0.0332674749008	-0.0503746337825	-0.0518071556336	0.0091534557045	-0.00141681451245	0.0161462369601	0.00899243231241	0.00457708416154	1.0	-0.114457308414	-0.0397438837152	-0.0173895735701	-0.0570163484283	-0.0462088080562	0.0323726308435	0.0125895443293	0.0340736401181	-0.0388910711447	0.0341137291918	-0.0116901833887	-0.0125873898484	0.0331736066981	0.0175917122042	0.025222135799	-0.0396563202292	0.00549672960846	0.0459632396215	-0.0410585857603	-0.02071350519	-0.0425575320074	0.0479263029725	0.0196976058537	0.0164593553316	0.00547047506321	-0.0401497396633	0.0397997714133	0.0120432429677	-0.0290928673137	-0.0620375511452	-0.0492893988241	0.0201454304163	0.0422260628374	-0.0500867613129	0.0324630363514	-0.0142826461239	-0.0733233037606	0.0709521298867
k__Bacteria;p__Firmicutes;c__Clostridia;o__Clostridiales;f__Ruminococcaceae;g__Ruminiclostridium;s__[Eubacterium]_siraeum	0.00355933659247	0.0104707555701	-0.0226999926667	-0.0090974196811	-0.0422910994427	-0.0086902222382	-0.0376651622638	-0.00092621875652	0.0018229285618	-0.00726169730566	0.0127446385754	0.0142070038417	0.0192347437559	-0.00424430238267	0.0293711741717	-0.00319798173461	0.000845238884959	0.00352601187394	0.0569283239576	-0.0280991260773	-0.114457308414	1.0	-0.0060024008591	0.035699866055	-0.0130665950804	0.0312456624845	-0.0408393160728	0.015739478558	0.0401681597469	-0.0608545805661	0.0181220322821	-0.00317749878826	-0.0273658808711	0.0242743476937	-0.00374599617977	-0.0338077894944	0.00871902267713	0.0169637824349	0.0407384139629	-0.0207689194079	0.0558528885142	-0.0463978414083	0.0538442794813	-0.0335120112537	-0.00671591918342	0.0109469792186	0.00552575194094	-0.0149938719257	-0.0468558409482	-0.053208317033	-0.0745389730203	-0.0141939311411	0.0148539878837	0.00356412372013	0.0043229538461	0.0548774875573	-0.0271924090961	0.0101956656083	-0.00380254915981
k__Bacteria;p__Proteobacteria;c__Betaproteobacteria;o__Burkholderiales;f__Sutterellaceae;g__Parasutterella;s__Parasutterella_excrementihominis	0.0316444682034	-0.0265257825018	-0.0269284021438	-0.0477852424791	-0.0199329082748	0.0147516284422	-0.0573054056848	0.0379474825515	0.0155007897939	0.0305474584127	0.0134185749274	-0.0325825359458	0.00499593774558	-0.0469519512755	-0.0337831762736	-0.000684914373862	0.0111305988669	-0.01350735181	0.0316359303375	0.00251051878174	-0.0397438837152	-0.0060024008591	1.0	0.00655430954037	0.00185427646196	-0.0117195452705	-0.0476538031834	-0.0384682443147	0.00703121311673	0.0164992486873	0.0120111582271	0.000677222317481	-0.00901277279675	0.00176823209287	0.0304026236908	-0.0527537306215	0.0266085053062	-0.0184678973541	-0.0718372753524	-0.00620790386471	-0.00707005593704	-0.0563346665326	-0.00259056028295	-0.00469755811571	-0.0352354117511	-0.0274795929279	-0.0169837847052	-0.00785403722655	0.0358904525173	0.00384454383173	0.0640460292212	0.0263736744006	-0.0160032227785	0.0259084745961	0.0409411663254	-0.00469829592451	0.0199264420134	-0.00127510197255	0.0644296438438
k__Bacteria;p__Actinobacteria;c__Actinobacteria;o__Bifidobacteriales;f__Bifidobacteriaceae;g__Bifidobacterium;s__Bifidobacterium_adolescentis	-0.00953114764791	0.0550293569636	0.030654935762	-0.0127991278077	0.0314515035475	0.0155109637816	-0.0162365359518	0.00381003949112	-0.0474904982552	0.0122593641171	-0.0639796784125	-0.0420452866031	0.0275969504765	0.0565016069354	-0.0523006587141	-0.0189935676488	-0.061966591685	-0.0506251191018	0.0010846248491	-0.0304840975862	-0.0173895735701	0.035699866055	0.00655430954037	1.0	-0.0202721281482	0.0174144427275	0.0296170494338	-0.0571647846986	-0.0347658419114	-0.0142683958722	0.0429737661803	-0.0202477387275	-0.0217011737084	-0.00624772352075	0.0276519162702	0.0350849391537	-0.0383338246487	-0.0136372750057	0.0371360269804	0.0195845072	-0.0146619082431	-0.0613082380946	-0.0559737879386	-0.00734823979999	-0.0273906838134	0.0175087963806	0.00598898172611	0.059705124776	0.015732945508	-0.0813331640467	-0.0567340282683	-0.00494106183228	0.0393946887141	-0.00982999919098	0.0568467448241	-0.0311956447367	-0.0579984297156	0.0140749212978	-0.0189592995373
k__Bacteria;p__Firmicutes;c__Clostridia;o__Clostridiales;f__Oscillospiraceae;g__Oscillibacter;s__Oscillibacter_sp._KLE_1745	0.0125850956139	0.00536542512373	-0.0557257028193	0.0422749794444	0.00161085711327	-0.0338419847222	-0.00574005507634	0.00741372908818	-0.00574416866807	0.0351665375677	0.00539322926184	-0.00395997705555	-0.022561642325	0.00686759479002	-0.0428576303643	-0.0436163012631	0.00741291611089	0.0418663355854	0.00034575038554	0.0215840295098	-0.0570163484283	-0.0130665950804	0.00185427646196	-0.0202721281482	1.0	-0.00611036585927	0.0795442715939	0.00233785483814	0.00260515481817	-0.0663675085573	0.034271603782	-5.12192136181e-05	0.0166508067037	-0.0399125100897	0.00625433458471	0.00570174118858	-0.0155820444393	-0.0565740303302	-0.0204008047632	-0.0508773107165	0.025259109788	0.00249012220638	-0.00379802098597	-0.0659322733112	-0.0605954879408	0.0468515632002	0.0467712671784	-0.00484308935975	-0.0352654757926	-0.0324727330071	-0.0267191454333	0.000251381646429	0.0250689751958	-0.015584421243	-0.034161042946	-0.00781021639981	0.00620188221623	-0.0384499721071	-0.0295100543425
k__Bacteria;p__Bacteroidetes;c__Bacteroidia;o__Bacteroidales;f__Bacteroidaceae;g__Bacteroides;s__Bacteroides_coprophilus	0.0322851932844	-0.0115223966505	-0.0146245831188	0.00678576028956	-0.0336978417205	-0.000273534568332	-0.0176530927719	0.00333771045871	0.0212971764446	-0.0188658961188	0.0033907735357	-0.00982483787111	-0.0530358550307	0.061427379701	-0.0175867585185	0.0409970697699	0.0117221465369	0.0221751741037	-0.0406125498456	-0.0411921627346	-0.0462088080562	0.0312456624845	-0.0117195452705	0.0174144427275	-0.00611036585927	1.0	-0.0214408329836	0.0326782384728	-0.050479627386	0.0111468081056	-0.0326623060181	-0.0269046258887	-0.0127235446202	0.0187928935843	-0.0178051685004	-0.0056905910862	-0.0388495546913	-0.010943018719	0.0115489870679	0.0077070659139	0.0238891715828	-0.00296936163039	-0.0195461467933	-0.018043969789	-0.0093610765319	-0.0138454926652	-0.0606396804764	0.0251259907491	-0.0539289893543	-0.0560690429541	-0.0140294070214	0.0237555642187	-0.0395854469257	-0.00754899666465	0.0164312872463	-0.0198944371653	-0.0286818337792	-0.0434988833754	0.0280080512419
k__Bacteria;p__Firmicutes;c__Clostridia;o__Clostridiales;f__Lachnospiraceae;g__Roseburia;s__Roseburia_intestinalis	-0.0136123127708	-0.0575623998081	-0.0199100054288	-0.0116115397164	-0.00436447976217	-0.0173511457107	-0.0323926979482	-0.0597471139631	-0.00776570015023	-0.0632650671754	-0.0183913145705	-0.0227830554056	-0.0344988488338	-0.0264105050425	0.0381046614198	-0.00453858908909	-0.0191746288085	-1.09845873813e-06	0.0348108049237	-0.0571794942638	0.0323726308435	-0.0408393160728	-0.0476538031834	0.0296170494338	0.0795442715939	-0.0214408329836	1.0	0.0273828081172	-0.0700698511994	-0.0403206906296	-0.0320863466233	-0.00588999841239	-0.0400794945286	-0.00890704323204	-0.0163975271942	-0.016377818251	0.0139791911649	-0.0150960621546	-0.0137511988537	-0.0154048858295	-0.0135925728396	-0.00633697849569	-0.0166024543067	-0.0169814730585	0.000614249263951	-0.00724946950927	0.0467624414759	0.0111447907654	-0.0382388123599	-0.0156304586689	0.00175614769192	0.00186222461996	-0.049987963948	0.0491177868412	-0.0142378849307	-0.0312491601573	0.028770172357	0.00130107014542	0.0187111493504
k__Bacteria;p__Firmicutes;c__Clostridia;o__Clostridiales;f__Lachnospiraceae;g__Roseburia;s__Roseburia_hominis	0.0316717400143	-0.00642744841217	-0.0542177398413	-0.0414771606896	0.0234506907055	0.00199913047438	0.00463212433152	-0.0127915932365	0.00803702571186	-0.0032100602309	-0.0286501241207	-0.0124968341778	0.0366155974818	-0.0294912819448	0.0509065409696	0.0425756657972	-0.0264105247433	-0.0651024208555	-0.0234615580888	-0.0512872386202	0.0125895443293	0.015739478558	-0.0384682443147	-0.0571647846986	0.00233785483814	0.0326782384728	0.0273828081172	1.0	-0.0431534172322	0.0482416795851	-0.0901523746545	-0.0635128055164	-0.0165970642933	-0.0671366908528	0.0220368937438	0.0210145677863	0.0239284361041	-0.0218398579041	-0.0138550495275	0.0288022335558	-0.0555828115852	-0.038496362157	0.0362226915975	-0.00135440658055	-0.0273223465642	-0.00918001810727	0.0201321117114	-0.0120512507931	0.0178528965541	-0.00988414801159	-0.00706784919004	0.013908216515	0.0639815080882	0.0272152762497	0.0259452220088	-0.0139234727615	0.0166670608146	-0.0678899623539	0.0100869493404
k__Bacteria;p__Bacteroidetes;c__Bacteroidia;o__Bacteroidales;f__Porphyromonadaceae;g__Parabacteroides;s__Parabacteroides_johnsonii	0.0114342652294	-0.0438888189059	0.0395517036204	0.0751260264515	-0.00488205452731	-0.039462377149	-0.0321283599956	0.0224795190111	0.0152872222383	-0.00107018709942	-0.0632370138734	-0.0268387678961	0.0261466406938	-0.0247661486166	-0.0286387367572	-0.000750967057505	0.0287085533375	0.00235203239422	-0.00745846489356	0.0383579394371	0.0340736401181	0.0401681597469	0.00703121311673	-0.0347658419114	0.00260515481817	-0.050479627386	-0.0700698511994	-0.0431534172322	1.0	0.0271954906799	-0.0256090221102	-0.0333036552202	0.0693665902379	-0.0293193685404	0.00737805994185	-0.0298074634448	-0.0352928209028	-0.0041349652449	-0.00899847314036	0.00101968177473	-0.0508321454674	-0.00793329212812	0.00867782065202	-0.0483814154877	0.0115159102426	0.0195547988735	0.00498411399422	-0.0597532164305	0.0297110993035	-0.0122240174256	0.00911334726047	0.0204551764901	0.0455559012757	0.00731447029997	-0.0486491915595	-0.00683642712833	-0.0461207525181	-0.0128598034865	0.0302963258559
k__Bacteria;p__Actinobacteria;c__Actinobacteria;o__Bifidobacteriales;f__Bifidobacteriaceae;g__Bifidobacterium;s__Bifidobacterium_longum	-0.076522917226	-0.0392883619912	-0.0146581626158	-0.0100619953591	-0.0188610497907	0.00625555257727	0.01038695516	-0.0223397622283	-0.0611380075354	-0.0180016448932	-0.00460154495362	-0.0091444939767	0.0290062245754	0.0671720772895	-0.0231433357231	-0.0592350795998	-0.0112611382967	-0.0319411726714	-0.012880534115	0.00324541750064	-0.0388910711447	-0.0608545805661	0.0164992486873	-0.0142683958722	-0.0663675085573	0.0111468081056	-0.0403206906296	0.0482416795851	0.0271954906799	1.0	-0.0199105255929	0.00767198454392	-0.00429085185115	0.0980129513378	0.0330344388024	-0.0343872641702	-0.00485514269245	-0.00930309691906	-0.00745127445462	-0.0178142661187	0.0179270191816	-0.0272104670091	0.0455463750463	0.0541504903379	-0.0241953803995	0.062829322831	-0.0185711888363	0.0519140622665	-0.0349105216592	-0.0345486387561	0.0157845821345	0.0139092105048	0.0219613102217	0.00881131369669	-0.0393915447857	-0.0318510354518	0.076183586984	-0.0681940586513	-0.0662716661413
