#taxonomy	k__Bacteria;p__Bacteroidetes;c__Bacteroidia;o__Bacteroidales;f__Bacteroidaceae;g__Bacteroides;s__Bacteroides_vulgatus	k__Bacteria;p__Bacteroidetes;c__Bacteroidia;o__Bacteroidales;f__Bacteroidaceae;g__Bacteroides;s__Bacteroides_uniformis	k__Bacteria;p__Bacteroidetes;c__Bacteroidia;o__Bacteroidales;f__Rikenellaceae;g__Alistipes;s__Alistipes_putredinis	k__Bacteria;p__Bacteroidetes;c__Bacteroidia;o__Bacteroidales;f__Prevotellaceae;g__Prevotella;s__Prevotella_copri	k__Bacteria;p__Bacteroidetes;c__Bacteroidia;o__Bacteroidales;f__Bacteroidaceae;g__Bacteroides;s__Bacteroides_stercoris	k__Bacteria;p__Bacteroidetes;c__Bacteroidia;o__Bacteroidales;f__Bacteroidaceae;g__Bacteroides;s__Bacteroides_ovatus	k__Bacteria;p__Bacteroidetes;c__Bacteroidia;o__Bacteroidales;f__Rikenellaceae;g__Alistipes;s__Alistipes_shahii	k__Bacteria;p__Firmicutes;c__Clostridia;o__Clostridiales;f__Ruminococcaceae;g__Faecalibacterium;s__Faecalibacterium_prausnitzii	k__Bacteria;p__Bacteroidetes;c__Bacteroidia;o__Bacteroidales;f__Rikenellaceae;g__Alistipes;s__Alistipes_finegoldii	k__Bacteria;p__Bacteroidetes;c__Bacteroidia;o__Bacteroidales;f__Porphyromonadaceae;g__Parabacteroides;s__Parabacteroides_distasonis	k__Bacteria;p__Bacteroidetes;c__Bacteroidia;o__Bacteroidales;f__Bacteroidaceae;g__Bacteroides;s__Bacteroides_thetaiotaomicron	k__Bacteria;p__Bacteroidetes;c__Bacteroidia;o__Bacteroidales;f__Bacteroidaceae;g__Bacteroides;s__Bacteroides_coprocola	k__Bacteria;p__Bacteroidetes;c__Bacteroidia;o__Bacteroidales;f__Bacteroidaceae;g__Bacteroides;s__Bacteroides_cellulosilyticus	k__Bacteria;p__Bacteroidetes;c__Bacteroidia;o__Bacteroidales;f__Rikenellaceae;g__Alistipes;s__Alistipes_obesi	k__Bacteria;p__Firmicutes;c__Clostridia;o__Clostridiales;f__Lachnospiraceae;g__;s__[Eubacterium]_rectale	k__Bacteria;p__Bacteroidetes;c__Bacteroidia;o__Bacteroidales;f__Bacteroidaceae;g__Bacteroides;s__Bacteroides_plebeius	k__Bacteria;p__Bacteroidetes;c__Bacteroidia;o__Bacteroidales;f__Bacteroidaceae;g__Bacteroides;s__Bacteroides_fragilis	k__Bacteria;p__Proteobacteria;c__Betaproteobacteria;o__Burkholderiales;f__Sutterellaceae;g__Sutterella;s__Sutterella_wadsworthensis	k__Bacteria;p__Bacteroidetes;c__Bacteroidia;o__Bacteroidales;f__Porphyromonadaceae;g__Barnesiella;s__Barnesiella_intestinihominis	k__Bacteria;p__Bacteroidetes;c__Bacteroidia;o__Bacteroidales;f__Odoribacteraceae;g__Odoribacter;s__Odoribacter_splanchnicus	k__Bacteria;p__Bacteroidetes;c__Bacteroidia;o__Bacteroidales;f__Bacteroidaceae;g__Bacteroides;s__Bacteroides_salyersiae	k__Bacteria;p__Firmicutes;c__Clostridia;o__Clostridiales;f__Ruminococcaceae;g__Ruminiclostridium;s__[Eubacterium]_siraeum	k__Bacteria;p__Proteobacteria;c__Betaproteobacteria;o__Burkholderiales;f__Sutterellaceae;g__Parasutterella;s__Parasutterella_excrementihominis	k__Bacteria;p__Actinobacteria;c__Actinobacteria;o__Bifidobacteriales;f__Bifidobacteriaceae;g__Bifidobacterium;s__Bifidobacterium_adolescentis	k__Bacteria;p__Firmicutes;c__Clostridia;o__Clostridiales;f__Oscillospiraceae;g__Oscillibacter;s__Oscillibacter_sp._KLE_1745	k__Bacteria;p__Bacteroidetes;c__Bacteroidia;o__Bacteroidales;f__Bacteroidaceae;g__Bacteroides;s__Bacteroides_coprophilus	k__Bacteria;p__Firmicutes;c__Clostridia;o__Clostridiales;f__Lachnospiraceae;g__Roseburia;s__Roseburia_intestinalis	k__Bacteria;p__Firmicutes;c__Clostridia;o__Clostridiales;f__Lachnospiraceae;g__Roseburia;s__Roseburia_hominis	k__Bacteria;p__Bacteroidetes;c__Bacteroidia;o__Bacteroidales;f__Porphyromonadaceae;g__Parabacteroides;s__Parabacteroides_johnsonii	k__Bacteria;p__Actinobacteria;c__Actinobacteria;o__Bifidobacteriales;f__Bifidobacteriaceae;g__Bifidobacterium;s__Bifidobacterium_longum	k__Bacteria;p__Firmicutes;c__Clostridia;o__Clostridiales;f__;g__Flavonifractor;s__Flavonifractor_plautii	k__Bacteria;p__Firmicutes;c__Clostridia;o__Clostridiales;f__Clostridiaceae;g__Clostridium;s__Clostridium_phoceensis	k__Bacteria;p__Verrucomicrobia;c__Verrucomicrobiae;o__Verrucomicrobiales;f__Akkermansiaceae;g__Akkermansia;s__Akkermansia_muciniphila	k__Bacteria;p__Bacteroidetes;c__Bacteroidia;o__Bacteroidales;f__Prevotellaceae;g__Paraprevotella;s__Paraprevotella_xylaniphila	k__Bacteria;p__Firmicutes;c__Clostridia;o__Clostridiales;f__Ruminococcaceae;g__Ruminococcus;s__Ruminococcus_callidus	k__Bacteria;p__Bacteroidetes;c__Bacteroidia;o__Bacteroidales;f__Rikenellaceae;g__Alistipes;s__Alistipes_senegalensis	k__Bacteria;p__Firmicutes;c__Clostridia;o__Clostridiales;f__Lachnospiraceae;g__Blautia;s__Blautia_sp._KLE_1732	k__Bacteria;p__Bacteroidetes;c__Bacteroidia;o__Bacteroidales;f__Bacteroidaceae;g__Bacteroides;s__Bacteroides_oleiciplenus	k__Bacteria;p__Firmicutes;c__Clostridia;o__Clostridiales;f__Ruminococcaceae;g__Ruminococcus;s__Ruminococcus_bicirculans	k__Bacteria;p__Bacteroidetes;c__Bacteroidia;o__Bacteroidales;f__Bacteroidaceae;g__Bacteroides;s__Bacteroides_fluxus	k__Bacteria;p__Bacteroidetes;c__Bacteroidia;o__Bacteroidales;f__Prevotellaceae;g__Prevotella;s__Prevotella_stercorea	k__Bacteria;p__Firmicutes;c__Clostridia;o__Clostridiales;f__Lachnospiraceae;g__Dorea;s__Dorea_longicatena	k__Bacteria;p__Firmicutes;c__Clostridia;o__Clostridiales;f__Eubacteriaceae;g__Eubacterium;s__[Eubacterium]_eligens	k__Bacteria;p__Firmicutes;c__Clostridia;o__Clostridiales;f__Ruminococcaceae;g__;s__Ruminococcaceae_bacterium_D16	k__Bacteria;p__Firmicutes;c__Clostridia;o__Clostridiales;f__Lachnospiraceae;g__Coprococcus;s__Coprococcus_comes	k__Bacteria;p__Proteobacteria;c__Gammaproteobacteria;o__Enterobacterales;f__Enterobacteriaceae;g__Escherichia;s__Escherichia_coli	k__Bacteria;p__Firmicutes;c__Clostridia;o__Clostridiales;f__Ruminococcaceae;g__Anaerotruncus;s__Anaerotruncus_colihominis	k__Bacteria;p__Firmicutes;c__Clostridia;o__Clostridiales;f__Lachnospiraceae;g__Blautia;s__Blautia_obeum	k__Bacteria;p__Bacteroidetes;c__Bacteroidia;o__Bacteroidales;f__Odoribacteraceae;g__Odoribacter;s__Odoribacter_laneus	k__Bacteria;p__Firmicutes;c__Clostridia;o__Clostridiales;f__Ruminococcaceae;g__Ruminiclostridium;s__[Clostridium]_leptum	k__Bacteria;p__Bacteroidetes;c__Bacteroidia;o__Bacteroidales;f__Porphyromonadaceae;g__Parabacteroides;s__Parabacteroides_goldsteinii	k__Bacteria;p__Firmicutes;c__Clostridia;o__Clostridiales;f__Lachnospiraceae;g__Anaerostipes;s__Anaerostipes_hadrus	k__Bacteria;p__Firmicutes;c__Clostridia;o__Clostridiales;f__Ruminococcaceae;g__Ruminococcus;s__Ruminococcus_lactaris	k__Bacteria;p__Firmicutes;c__Clostridia;o__Clostridiales;f__Clostridiaceae;g__Clostridium;s__Clostridium_sp._L2-50	k__Bacteria;p__Firmicutes;c__Clostridia;o__Clostridiales;f__Clostridiaceae;g__Clostridium;s__Clostridium_sp._M62/1	k__Bacteria;p__Firmicutes;c__Clostridia;o__Clostridiales;f__;g__Intestinimonas;s__Intestinimonas_butyriciproducens	k__Bacteria;p__Actinobacteria;c__Actinobacteria;o__Bifidobacteriales;f__Bifidobacteriaceae;g__Bifidobacterium;s__Bifidobacterium_bifidum	k__Bacteria;p__Firmicutes;c__Negativicutes;o__Veillonellales;f__Veillonellaceae;g__Dialister;s__Dialister_invisus	k__Bacteria;p__Bacteroidetes;c__Bacteroidia;o__Bacteroidales;f__Bacteroidaceae;g__Bacteroides;s__Bacteroides_salanitronis
k__Bacteria;p__Bacteroidetes;c__Bacteroidia;o__Bacteroidales;f__Bacteroidaceae;g__Bacteroides;s__Bacteroides_vulgatus	1.0	0.0140266059346	-0.0494066062804	0.00258695558885	-0.00983394112936	-0.0601891497486	-0.0279645146175	-0.0276541195722	-0.0599922910894	0.0410849499253	-0.0498503195386	-0.0525545644771	-0.0211914966247	0.0593645802461	-0.0312520361333	0.00952917475763	-0.0117422545602	-0.0202986743064	0.0402184597968	-0.011305296943	-0.00404114602417	-0.0372595601788	-0.0487531987882	0.04134058811	0.0356654551224	-0.0563164700413	-0.0648472206004	-0.00987222975442	-0.0428754262961	0.00127071619411	-0.0326741886448	0.00289726662351	0.03964850665	0.0675068805799	-0.0141164382456	0.0171473713449	0.00344116987405	0.0203978578007	0.0355265395708	-0.0612453322901	0.0362848232204	0.017875881055	0.0055857724419	-0.0264930844408	0.0420767170644	6.62523619249e-05	-0.0315747110676	-0.0110876015997	0.00188924697474	-0.0119769028075	0.00985666743133	-0.0116963365621	0.0185588895662	-0.0275695828166	-0.0172400104419	-0.0157982620216	0.0109152860949	-0.00117281011782	-0.000939787491745
k__Bacteria;p__Bacteroidetes;c__Bacteroidia;o__Bacteroidales;f__Bacteroidaceae;g__Bacteroides;s__Bacteroides_uniformis	0.0140266059346	1.0	0.022578712073	0.066253002232	-0.00936161738392	0.044549884434	-0.054639897122	-0.0139514861279	0.0145477258056	0.0120446054148	0.0198502382566	-0.062266295372	-0.0554745059625	0.0302784256811	0.0360370502452	-0.0383484855057	0.0123648905643	-0.037352853536	-0.0183258811963	-0.0439802637074	0.00168797742105	-0.0409545430964	-0.0216852661253	-0.0399514806911	-0.00558312655456	-0.0139417058097	-0.0117455864429	0.0126194229655	-0.0449018234992	-0.0301576225151	-0.0248043506881	-0.0243734731861	-0.0126889776919	0.00370697477075	-0.0216981501438	-0.0095248233768	0.0246623235549	-0.0637771042802	-0.0229278989034	0.0165859986887	-0.0429327361739	-0.0249235942533	0.01993585018	0.0416142497467	0.0264308409245	-0.00410359481117	0.0234800661377	0.0161760578898	0.0391181979072	-0.0185609904019	0.0338015953234	0.0260294879974	-0.0148023246581	0.020624491707	0.0318228290907	-0.0654125683381	-0.00481309915324	-0.0436835145993	-0.00796060797557
k__Bacteria;p__Bacteroidetes;c__Bacteroidia;o__Bacteroidales;f__Rikenellaceae;g__Alistipes;s__Alistipes_putredinis	-0.0494066062804	0.022578712073	1.0	-0.0278035797977	0.00995505143795	-0.00842041992929	0.00867571621657	0.00133788077508	-0.026636175121	0.0060540598247	-0.00656567699302	0.0250676271521	-0.0171741815821	0.00584904567028	-0.0747436823529	-0.0735679404843	0.0192298942172	0.0105063395455	-0.0811568975727	-0.0601405016898	-0.0507314029425	0.0604858915639	-0.0138490315297	-0.0219323102773	0.013964313553	-0.0183118340203	0.0210055459745	-0.00815251822132	0.0224263210918	-0.0556637009406	0.012988586312	-0.00988336624968	-0.0246520746427	0.00763607410684	-0.0179612667596	-0.0713688316896	0.0412902148297	-0.048533494663	-0.0158964635058	0.0159959802212	0.0413686345402	0.0330152178484	-0.0243362252749	0.00515038797731	-0.0280337911225	0.00744296769458	0.0236817542073	0.0132663257509	-0.0460551573592	0.00944940768702	0.00505376429359	-0.00573453350946	-0.0133877332049	0.0096223088791	-0.0703780481865	0.0515075894683	-0.00299378453292	-0.000224710550905	-0.030931310451
k__Bacteria;p__Bacteroidetes;c__Bacteroidia;o__Bacteroidales;f__Prevotellaceae;g__Prevotella;s__Prevotella_copri	0.00258695558885	0.066253002232	-0.0278035797977	1.0	-0.0156441103948	-0.0202889516572	0.0136377688778	0.0214435497087	-0.0125564599087	-0.0197473249635	-0.0442875739519	-0.0354329785236	-0.00790141383779	0.0362959937579	0.0721772557593	0.0118813475289	-0.0314706636087	0.0380665244716	-0.0230817087457	0.0112521903354	0.000884175586615	-0.00361688360118	0.0413504549138	0.0127925849292	-0.0473447972628	0.00838192894824	-0.0806964051308	-0.0805069858605	-0.0108899856634	-0.021704459042	0.0157029335088	-0.0169833355226	-0.0442736998483	-0.0472881698124	-0.00156383889836	-0.0582030135712	0.0354807291294	-0.034760362001	0.00237067991793	0.0115389501592	-0.0305713742339	0.037164234367	0.0200338195907	0.038365172605	0.00394417344762	-0.0458080380595	-0.0500413887723	-0.0139320675793	-0.0215335775446	0.00133773394721	-0.0243687439716	-0.0230307566292	0.017143298754	0.000499431365329	-0.0503124585643	-0.000630944971608	0.0230491941221	0.0444150312083	0.031782086708
k__Bacteria;p__Bacteroidetes;c__Bacteroidia;o__Bacteroidales;f__Bacteroidaceae;g__Bacteroides;s__Bacteroides_stercoris	-0.00983394112936	-0.00936161738392	0.00995505143795	-0.0156441103948	1.0	-0.0163329886023	-0.0655188038259	-0.00952534053678	0.0639098836423	-0.0129536866618	0.0256249462515	-0.0602422744834	0.0258081936699	-0.00525586030435	0.0084279179341	0.04307794621	-0.0370195468524	-0.0528210856742	-0.0799106555203	-0.0420992975702	-0.0664828885437	-0.0448657797927	0.0110411471027	0.0581005525886	0.0461236359773	-0.0329116128767	-0.0290502545345	-0.0235874851948	-0.0300441429698	-0.0193540304154	0.0312770394294	0.00252935583659	-0.0283461740854	0.0308936782021	-0.0183377077474	0.00260019181324	0.0154324730731	-0.0453902808949	-0.0224576707525	0.0628084328054	0.0162833483722	-0.01583785964	-0.0487611306728	-0.011608379128	-0.03493283968	0.00670397626288	0.0122931566699	0.0106054271444	0.0236478991493	-0.0122759012567	0.0180643852127	-0.0216375702198	-0.0182721883206	0.0107987335468	0.00984827579831	0.0123796069017	0.0478467306317	0.026171688379	-0.024077895357
k__Bacteria;p__Bacteroidetes;c__Bacteroidia;o__Bacteroidales;f__Bacteroidaceae;g__Bacteroides;s__Bacteroides_ovatus	-0.0601891497486	0.044549884434	-0.00842041992929	-0.0202889516572	-0.0163329886023	1.0	-0.000227224472271	0.00908678732518	-0.013172952011	-0.0163328300338	0.0471158576091	0.0151386859435	0.0173752020507	0.0327974097853	0.0250428416567	-0.109287066011	-0.00657348489909	-0.0764074054434	0.00762584108989	-0.0746646882724	0.0628344212895	-0.0341682925651	0.0376595020728	0.0209774479615	0.0108296305105	-0.0569917027446	-0.0257209711471	0.0121914999648	-0.0404413383908	0.0121529295707	-0.0590028651985	-0.00709164303985	-0.00990593963848	0.00318714319476	0.0225614671636	-0.0573804693155	0.0136105881155	0.0754748963644	0.0498415177922	0.0315638328613	-0.0116972431239	0.0261076097692	-0.00373583049123	-0.00724956316154	-0.0023555695545	-0.0167198029877	-0.0266888274958	-0.0217777519259	0.00135155028527	-0.00471919092253	-0.0379515339651	-0.0223681844196	-0.0184782465044	-0.0196700513647	0.0122270602956	-0.0411963240184	0.00491584306266	-0.0463037212409	0.0114204935144
k__Bacteria;p__Bacteroidetes;c__Bacteroidia;o__Bacteroidales;f__Rikenellaceae;g__Alistipes;s__Alistipes_shahii	-0.0279645146175	-0.054639897122	0.00867571621657	0.0136377688778	-0.0655188038259	-0.000227224472271	1.0	-0.0209908293313	0.0374447237415	-0.0235195452725	-0.0208259030198	0.0160931976869	0.0393027670076	-0.0616209895039	-0.0171378817042	0.0177824410185	-0.0320613506461	0.0231424827679	0.0253002951641	-0.00446043160888	0.0123782491481	0.0296443452175	-0.0161716574333	-0.0540524676185	-0.0178528082242	0.023276046166	-0.0643970810414	0.0195206281305	-0.0280654083033	0.0125243464462	0.0151291509123	-0.009073449978	0.0238479879906	-0.0101653932332	0.00614316753595	-0.0274554355055	-0.0175429478606	0.0402783279635	-0.0593915711503	0.045546613937	0.0206696367606	-0.00679563220266	-0.014170488563	-0.0181237170325	-0.0332287338069	0.0166776329829	0.0063762697837	-0.0374307573604	0.0733579861694	0.0262748799332	0.00224230890328	-0.0228248412245	-0.0278608888504	-0.00841907155998	0.0739310146568	-0.0319017521982	0.00450895564432	-0.00300375961104	-0.0645554544028
k__Bacteria;p__Firmicutes;c__Clostridia;o__Clostridiales;f__Ruminococcaceae;g__Faecalibacterium;s__Faecalibacterium_prausnitzii	-0.0276541195722	-0.0139514861279	0.00133788077508	0.0214435497087	-0.00952534053678	0.00908678732518	-0.0209908293313	1.0	0.0111093678803	0.0287422171151	-0.025849282273	-0.0528264401993	0.013710343674	-0.062995423049	-0.0162389431079	-0.0305148618231	-0.0448613730627	0.0186462501461	-0.0320633722537	0.0121102845373	0.00352925364186	-0.0485786156278	0.0192712922897	-0.0139255172724	0.0401557036892	-0.0179329834313	-0.0344284485425	-0.0164153036047	-0.0202103733557	-0.0443778718702	0.0591973683497	-0.0361795801979	0.0130153301663	-0.0413095925445	0.00992215857132	0.030818294313	0.00858769928116	0.053702021176	-0.0069258778899	0.04790230529	-0.0318087631066	-0.0481245918718	-0.0268442032721	-0.0744689812547	-0.0194531885886	0.00911036999934	-0.0164852576899	-0.012118643134	-0.00304388026939	-0.0587277325493	0.0436001039201	0.0153855979959	-0.0173431298629	-0.0259433365018	0.0382439018503	0.0312032771	-0.0124845137297	-0.0362219676751	-0.0164918030574
k__Bacteria;p__Bacteroidetes;c__Bacteroidia;o__Bacteroidales;f__Rikenellaceae;g__Alistipes;s__Alistipes_finegoldii	-0.0599922910894	0.0145477258056	-0.026636175121	-0.0125564599087	0.0639098836423	-0.013172952011	0.0374447237415	0.0111093678803	1.0	-0.0117500938899	-0.0400957289679	0.0544290493057	0.00368496422805	0.0179209765304	0.0848779012537	0.0275693395031	-0.011295202561	-0.0590187233788	0.0178261377804	-0.028827271215	0.00334152107966	0.0191209453346	-0.00169722947735	-0.0296985241638	0.0318660545688	0.016134315458	0.0525841168751	-0.0899307411266	0.00241721783458	-0.00859174540524	-0.00550544126486	-0.0217204080443	0.0329588051762	-0.0161949403293	-0.00491216498881	-0.0353424880722	-0.039539578743	-0.0466963508964	-0.0199835463014	0.0669510543506	-0.0131926047858	-0.0558105789705	0.00661098971435	-0.0187965196564	0.00981008679709	-0.0157388477802	-0.0252800356633	-0.00865248063635	-0.0493169140468	-0.027212230667	-0.0121554725946	0.0231341253732	-0.0467362286508	0.0530212399394	0.0382260650663	0.00791469199399	0.00305555919012	-0.0429063803041	0.0249543238436
k__Bacteria;p__Bacteroidetes;c__Bacteroidia;o__Bacteroidales;f__Porphyromonadaceae;g__Parabacteroides;s__Parabacteroides_distasonis	0.0410849499253	0.0120446054148	0.0060540598247	-0.0197473249635	-0.0129536866618	-0.0163328300338	-0.0235195452725	0.0287422171151	-0.0117500938899	1.0	0.0487310646156	-0.0419487951104	-0.00656180864018	-0.0690385311102	-0.000899123389952	0.00572373668457	0.0249839220638	-0.0150354612139	-0.036223110087	0.0377983290725	0.0221444598888	-0.0341594326574	-0.0766950092756	0.0627000493644	-0.00465682451051	-0.0282970903097	0.0386217236707	-0.0262151643464	0.00262024517534	0.0102727152015	-0.0241382991758	-0.0462605063846	-0.00178917009178	-0.0310007167367	0.0610905932256	0.0144722569956	-0.0275779757867	-0.0231919765097	-0.0624768175603	-0.0186686618147	0.00417078197671	0.0506716475156	-0.029158485115	0.0456508947934	-0.0145807840568	-0.0579010518212	-0.0203788697403	-0.0284059275621	0.0336905494447	0.00522168442262	-0.0172902313938	0.0396723352241	0.00224197872438	-0.00561885480907	-0.00358644752445	-0.0449216190722	-0.00819155631786	0.0231032707068	0.0346300485484
k__Bacteria;p__Bacteroidetes;c__Bacteroidia;o__Bacteroidales;f__Bacteroidaceae;g__Bacteroides;s__Bacteroides_thetaiotaomicron	-0.0498503195386	0.0198502382566	-0.00656567699302	-0.0442875739519	0.0256249462515	0.0471158576091	-0.0208259030198	-0.025849282273	-0.0400957289679	0.0487310646156	1.0	0.0129112547929	-0.0552386657367	-0.037744623022	0.052048499563	-0.0488880101782	0.00766555596437	0.00604029305372	-0.0199250085436	0.0465397389062	-0.0304465184453	-0.0211665661489	0.00155932361641	0.0191229460457	-0.0172305276181	-0.0234725379598	0.0284552804681	-0.0588709517557	0.00518225333404	-0.0335918893688	0.0786108805995	-0.00640401136578	-0.00350123593656	-0.0308581096719	0.00236859933462	-0.00264790780377	-0.0274368453608	-0.0278555144851	0.0155064221712	-0.00423350546381	0.022610410887	-0.0105309642003	0.0062205857598	0.011572931098	-0.00880512884484	-0.00233055832795	-0.00225723785881	-0.0695759257228	-0.0159286928304	-0.0108763004868	0.0421225362296	0.0524334767996	-0.0453289496961	0.0365335522254	-0.0209767497686	-0.0562813323256	-0.0479594013456	0.0310831693774	0.0270638266573
k__Bacteria;p__Bacteroidetes;c__Bacteroidia;o__Bacteroidales;f__Bacteroidaceae;g__Bacteroides;s__Bacteroides_coprocola	-0.0525545644771	-0.062266295372	0.0250676271521	-0.0354329785236	-0.0602422744834	0.0151386859435	0.0160931976869	-0.0528264401993	0.0544290493057	-0.0419487951104	0.0129112547929	1.0	0.00819481687164	-0.0372603768421	0.0306099028825	0.037547805445	-0.0447174996963	-0.00775572572646	0.0554758119271	-0.0234465545725	0.0123085013985	-0.0199833365712	-0.0330949150018	-0.0212882377137	-0.00569101270942	-0.0472397663656	-0.00226112600533	0.0295554241973	-0.0335948785191	-0.0241718731149	-0.00396766176929	0.0111609797793	0.0448156916694	-0.00307155537742	0.0164490733801	-0.00195724152374	0.0045522724655	0.00985189176398	-0.0331388247424	0.0229460880905	-0.0881357608728	0.0237198804063	-0.00469268177058	-0.0796557285178	-0.0309323426304	0.002957092494	0.0160313038873	0.0141750516022	0.0399694376138	-0.0362464407249	0.010274263848	0.00496328588106	-0.0445322633176	0.0432312168694	-0.0487142212236	0.0163712699705	0.00349520603433	-0.0540879207625	-0.0266748220738
k__Bacteria;p__Bacteroidetes;c__Bacteroidia;o__Bacteroidales;f__Bacteroidaceae;g__Bacteroides;s__Bacteroides_cellulosilyticus	-0.0211914966247	-0.0554745059625	-0.0171741815821	-0.00790141383779	0.0258081936699	0.0173752020507	0.0393027670076	0.013710343674	0.00368496422805	-0.00656180864018	-0.0552386657367	0.00819481687164	1.0	0.0134558864039	0.00763461627263	0.0297969596653	-0.0412884608192	-0.0442637681802	-0.0178925367204	0.0150366288015	0.0359468457634	0.0239213632112	-0.0153208309447	-0.0192211328084	-0.0302415917706	-0.0193027340552	-0.0187769236422	-0.000478272030274	0.0181660973259	-0.0493749723529	-0.0108839547914	0.00638253950854	-0.0419931139137	-0.00555234367967	0.0137427788819	-0.00678938685307	-0.0566234188631	-0.0377678989018	0.0283440748241	-0.0582382614186	0.0210173883447	0.0621789966685	0.0719229776976	0.0827688245946	-0.0124282063238	-0.0331195178743	-0.0300245505998	-0.0125313075176	-0.0119469849125	0.0266013217472	0.0417985419834	-0.0461170864593	0.0579673196872	0.0203947260774	-0.0271972028834	0.013301786827	-0.0775622571094	0.00362905356845	0.0334306784223
k__Bacteria;p__Bacteroidetes;c__Bacteroidia;o__Bacteroidales;f__Rikenellaceae;g__Alistipes;s__Alistipes_obesi	0.0593645802461	0.0302784256811	0.00584904567028	0.0362959937579	-0.00525586030435	0.0327974097853	-0.0616209895039	-0.062995423049	0.0179209765304	-0.0690385311102	-0.037744623022	-0.0372603768421	0.0134558864039	1.0	0.0369105498647	-0.0211135900205	0.0119433060988	0.0218937400751	-0.0511721975409	-0.0644507703162	-0.0212865996779	0.0616532512555	0.04302899952	-0.0230049436695	0.00475942236186	0.0226129813338	-0.0953165159547	-0.0443673857405	0.0373441536563	0.000416584513451	0.0263227829187	0.0198125850445	-0.0169437263471	-0.103163748033	-0.0097246167205	0.0405952030353	0.0443401884605	-0.0290208198774	0.0171137229233	-0.00998349419651	0.0447959352946	-0.0161439803107	-0.0416766764638	-0.0460652486926	0.0107391400634	0.042982830692	-0.0371855845494	-0.00936483240669	0.0373005005929	0.0225272403166	-0.0257704931215	-0.0178263648217	0.00472673510583	0.00668823454949	0.00180118218186	0.0279582951906	-0.0121444079211	0.00140641534141	-0.0429943684331
k__Bacteria;p__Firmicutes;c__Clostridia;o__Clostridiales;f__Lachnospiraceae;g__;s__[Eubacterium]_rectale	-0.0312520361333	0.0360370502452	-0.0747436823529	0.0721772557593	0.0084279179341	0.0250428416567	-0.0171378817042	-0.0162389431079	0.0848779012537	-0.000899123389952	0.052048499563	0.0306099028825	0.00763461627263	0.0369105498647	1.0	0.0298944220455	0.0274772975493	0.0252447897736	-0.0374029023039	0.0191765885278	0.0291826330397	0.0318163726654	0.0380273237262	-0.0672427071043	-0.0585572971145	0.0467283143802	-0.0178418828357	-0.0322331405236	-0.0039206186986	0.0462565753329	0.01633233125	-0.0252231861944	-0.00157940860292	-0.00821306676816	0.0441436649805	-0.0582698051684	0.0255036551706	0.0508012571217	0.0218086521494	-0.00950348780532	-0.042765891572	-0.00337726849515	-0.0590029404279	-0.0930595963463	0.00682543426726	-0.000508908046244	-0.0253868261361	-0.0106083317136	-0.0342007902441	-0.0755786936589	-0.00407473000085	-0.0641532107227	-0.00531890182879	-0.0205498967059	0.0274812293944	0.0424646556284	-0.0382186720164	-0.0327441603632	0.0207051193043
k__Bacteria;p__Bacteroidetes;c__Bacteroidia;o__Bacteroidales;f__Bacteroidaceae;g__Bacteroides;s__Bacteroides_plebeius	0.00952917475763	-0.0383484855057	-0.0735679404843	0.0118813475289	0.04307794621	-0.109287066011	0.0177824410185	-0.0305148618231	0.0275693395031	0.00572373668457	-0.0488880101782	0.037547805445	0.0297969596653	-0.0211135900205	0.0298944220455	1.0	0.044902721297	-0.0138725611208	-0.0417070808889	-0.0197947070714	0.0199793041445	-0.00319746156143	-0.061189184251	-0.0297775189012	-0.00404220257423	-0.0066986174973	-0.0350014339134	-0.00539586652752	0.00439324790336	0.0595179027957	0.0259999124556	0.0769927454135	0.0138588654422	0.00562318589769	-0.0263797346128	-0.0301737700741	-0.0496699364377	0.000975632256962	-0.0590959950633	0.00438826197395	-0.0189267443553	-0.0424023528849	0.0176479872517	0.00943558453291	-0.0257350435048	0.0118319188688	0.0130388008337	0.0912409009236	0.0137423903305	-0.062764791033	-0.00408976630309	-0.000823125967465	0.0531209988041	-0.0517726123172	-0.0507275583807	-0.0453703270831	0.0183371607111	0.0380184327063	0.000546125538779
k__Bacteria;p__Bacteroidetes;c__Bacteroidia;o__Bacteroidales;f__Bacteroidaceae;g__Bacteroides;s__Bacteroides_fragilis	-0.0117422545602	0.0123648905643	0.0192298942172	-0.0314706636087	-0.0370195468524	-0.00657348489909	-0.0320613506461	-0.0448613730627	-0.011295202561	0.0249839220638	0.00766555596437	-0.0447174996963	-0.0412884608192	0.0119433060988	0.0274772975493	0.044902721297	1.0	-0.00273725051742	-0.046880909295	-0.0550141464409	-0.0270919170226	-0.00822684506606	-0.0128949838776	0.0315717861423	-0.0338176178045	0.00278967127261	0.0611161871161	0.00747034648439	-0.00190390893326	-0.00142774108292	-0.0500715373203	0.00166277699506	-0.021444516862	0.0133538994355	0.00998451712485	-0.0644585624795	0.0280046096155	0.0300284336906	-0.0472615636586	-0.0399086114808	-0.0341902497687	-0.0781153416634	-0.0205928353681	-0.016880447207	0.0188785392886	-0.00344106194718	0.0148027696067	0.046775359467	-0.00172008392135	-0.0575058404427	-0.0216214537676	-0.0129075773648	-0.059513294698	0.0123408510292	-0.01952107744	0.000163459392357	0.0259771182622	0.00960117052594	-0.0360202977082
k__Bacteria;p__Proteobacteria;c__Betaproteobacteria;o__Burkholderiales;f__Sutterellaceae;g__Sutterella;s__Sutterella_wadsworthensis	-0.0202986743064	-0.037352853536	0.0105063395455	0.0380665244716	-0.0528210856742	-0.0764074054434	0.0231424827679	0.0186462501461	-0.0590187233788	-0.0150354612139	0.00604029305372	-0.00775572572646	-0.0442637681802	0.0218937400751	0.0252447897736	-0.0138725611208	-0.00273725051742	1.0	-0.00775924058969	-0.0454212081101	0.0503306339137	-0.0287283277942	-0.0242711260457	-0.0336790335945	-0.082860588902	-0.018555668293	-0.0179584626194	-0.0382139102584	0.00765414699228	0.0445976790129	-0.0882282772549	0.00477627944374	-0.0101567274095	0.00449329003266	1.25570108704e-05	-0.00725154526748	-0.0216851166945	0.0883486694888	-0.017520572777	0.0285939642286	0.027362126874	0.0105218129204	-0.00111761759111	0.0546037705225	0.0145634628309	0.0714899528924	0.0464473456788	0.000639924984521	-0.0233231849802	-0.0648136276932	-0.0248549573717	-0.0140716843198	-0.00643522155795	-0.021205129752	-0.034276169581	0.05854318287	-0.00768125784798	-0.0207958019952	-0.0152353277561
k__Bacteria;p__Bacteroidetes;c__Bacteroidia;o__Bacteroidales;f__Porphyromonadaceae;g__Barnesiella;s__Barnesiella_intestinihominis	0.0402184597968	-0.0183258811963	-0.0811568975727	-0.0230817087457	-0.0799106555203	0.00762584108989	0.0253002951641	-0.0320633722537	0.0178261377804	-0.036223110087	-0.0199250085436	0.0554758119271	-0.0178925367204	-0.0511721975409	-0.0374029023039	-0.0417070808889	-0.046880909295	-0.00775924058969	1.0	0.00147385789343	0.0104379127305	-0.011680271472	-0.00144107289288	-0.0460294430234	-0.0171538459262	-0.0122741860554	0.0347798098144	0.0378597849295	-0.00844620201571	-0.00588710894452	-0.0090107557889	0.0215163340272	-0.0270365348837	0.0729604453083	0.0166101554484	0.025351971004	0.017316486824	-0.0458717983634	-0.024508764505	-0.0512148029962	-0.0102841038149	0.0174254813385	0.0289479146389	-0.0648284557472	-0.00400048347913	0.0263603621996	0.0319380444883	0.0386500426785	-0.0913992626334	-0.00909103281461	-0.0400915288445	-0.0199273517219	0.0543811946855	0.0142590365807	-0.00375316437249	0.00798270416551	0.0138744524048	0.0467351204172	0.0538073758152
k__Bacteria;p__Bacteroidetes;c__Bacteroidia;o__Bacteroidales;f__Odoribacteraceae;g__Odoribacter;s__Odoribacter_splanchnicus	-0.011305296943	-0.0439802637074	-0.0601405016898	0.0112521903354	-0.0420992975702	-0.0746646882724	-0.00446043160888	0.0121102845373	-0.028827271215	0.0377983290725	0.0465397389062	-0.0234465545725	0.0150366288015	-0.0644507703162	0.0191765885278	-0.0197947070714	-0.0550141464409	-0.0454212081101	0.00147385789343	1.0	-0.0108439004614	-0.00780127544891	-0.0148978105047	-0.0391443990156	0.0378254694004	-0.0179958410062	-0.0220135313841	0.00360025950029	-0.0306836040917	-0.0360504704497	0.00472282899201	0.0191418865344	-0.0285622509897	0.0778543619722	0.0119485849495	0.0202284646868	-0.0807923764095	0.0369575894019	0.0076906165786	0.0147333291801	-0.0130032074852	0.0259375983869	0.0132511118677	0.0490812644672	-0.00136931423667	-0.0040616047233	-0.00595790226886	-0.0142922995375	0.00642680813325	-0.0289894089613	0.0144228652639	-0.0222864260696	-0.0279296351266	-0.0182180392324	-0.00328426722193	0.0294816528996	0.00118826971837	-0.0599804811532	-0.0387211234771
k__Bacteria;p__Bacteroidetes;c__Bacteroidia;o__Bacteroidales;f__Bacteroidaceae;g__Bacteroides;s__Bacteroides_salyersiae	-0.00404114602417	0.00168797742105	-0.0507314029425	0.000884175586616	-0.0664828885437	0.0628344212895	0.0123782491481	0.00352925364186	0.00334152107966	0.0221444598888	-0.0304465184453	0.0123085013985	0.0359468457634	-0.0212865996779	0.0291826330397	0.0199793041445	-0.0270919170226	0.0503306339137	0.0104379127305	-0.0108439004614	1.0	0.00755945376547	0.0550893276423	0.00810949433588	0.0340504656251	-0.0177410782398	-0.0111974248591	0.0118681847303	0.0218331831812	-0.0591982949864	-0.0150833513789	0.0165501385025	-0.0156950832348	0.0355162770847	-0.0777748986248	-0.0392373662429	-0.00846485793646	-0.0119861843658	-0.015071461801	-0.0368120922049	-0.0456303446331	0.00391994067403	-0.0104348733668	0.00578016756199	0.00263161280747	0.054643764791	0.00172700858834	-0.041565059872	-0.0144541404423	-0.000286867447317	-0.0280933572591	0.0488381477622	-0.0286457083759	-0.0387866469514	0.0343209192351	-0.0355051669546	-0.0183754518199	-0.0265106000197	-0.0827800888284
k__Bacteria;p__Firmicutes;c__Clostridia;o__Clostridiales;f__Ruminococcaceae;g__Ruminiclostridium;s__[Eubacterium]_siraeum	-0.0372595601788	-0.0409545430964	0.0604858915639	-0.00361688360118	-0.0448657797927	-0.0341682925651	0.0296443452175	-0.0485786156278	0.0191209453346	-0.0341594326574	-0.0211665661489	-0.0199833365712	0.0239213632112	0.0616532512555	0.0318163726654	-0.00319746156143	-0.00822684506606	-0.0287283277942	-0.011680271472	-0.00780127544891	0.00755945376547	1.0	0.0192285453154	-0.0188699590133	-0.0104822162777	-0.00254648825947	-0.0229014453066	0.0316334206859	-0.051786065535	-0.00536122691512	-0.0298911861529	-0.0202752789623	-0.00830317018829	-0.0144353995124	0.0323154570158	-0.00336256201303	-0.00566168075392	-0.0652782025969	0.0398379338186	0.018733032946	-0.0498761715012	-0.0191644574326	0.017879892565	-0.00663029339983	-0.0451824353946	-0.0683134546265	-0.0495483741068	0.0198929244449	-0.0348311303333	0.0505555571919	-0.0663991398069	-0.0169819569982	-0.0121549954962	-0.0284389045389	-0.0312843871	-0.0179280361282	0.0436855917854	0.0285530994694	0.0480782131358
k__Bacteria;p__Proteobacteria;c__Betaproteobacteria;o__Burkholderiales;f__Sutterellaceae;g__Parasutterella;s__Parasutterella_excrementihominis	-0.0487531987882	-0.0216852661253	-0.0138490315297	0.0413504549138	0.0110411471027	0.0376595020728	-0.0161716574333	0.0192712922897	-0.00169722947735	-0.0766950092756	0.00155932361641	-0.0330949150018	-0.0153208309447	0.04302899952	0.0380273237262	-0.061189184251	-0.0128949838776	-0.0242711260457	-0.00144107289288	-0.0148978105047	0.0550893276423	0.0192285453154	1.0	0.010170846836	0.0272123860724	-0.0358310279022	0.000959441928509	0.0425482182631	0.00127335821962	-0.0241141403879	0.0465616027142	0.021421062267	-0.0449468283776	-0.0310475139769	-0.021833104087	-0.00884800402149	-0.018100176197	0.0357239879738	-0.00529688777019	-0.00217593902403	-0.0105870596772	-0.00454746595228	0.0304017554495	0.0228399184001	-0.0318807227736	-0.00446943152124	-0.0668396155803	-0.0491823166059	0.0111752775289	-0.000904767764976	-0.0502555687892	-0.0371958943559	0.00289583760749	0.00222799966513	-0.0188716828748	-0.0580340176533	0.00057250400335	0.0613707782885	-0.0858987605859
k__Bacteria;p__Actinobacteria;c__Actinobacteria;o__Bifidobacteriales;f__Bifidobacteriaceae;g__Bifidobacterium;s__Bifidobacterium_adolescentis	0.04134058811	-0.0399514806911	-0.0219323102773	0.0127925849292	0.0581005525886	0.0209774479615	-0.0540524676185	-0.0139255172724	-0.0296985241638	0.0627000493644	0.0191229460457	-0.0212882377137	-0.0192211328084	-0.0230049436695	-0.0672427071043	-0.0297775189012	0.0315717861423	-0.0336790335945	-0.0460294430234	-0.0391443990156	0.00810949433588	-0.0188699590133	0.010170846836	1.0	0.0310843217219	-0.0579219855457	0.00387116890608	-0.0226082948039	0.046857587992	-0.013561076683	-0.0429569194662	-0.0188887190575	0.0287060799954	0.0439422380561	-0.0293936161984	0.0116794663234	-0.0720163754041	-0.00894276900371	0.00353787610449	0.00801991992035	0.0160068357179	-0.0210755847792	-0.00728345605192	0.018592029792	-0.00279418766801	0.0024866002286	-0.0235960026912	-0.0237501634964	0.0110592956025	0.00399687702752	-0.040624501675	0.00833055179037	0.0452061451692	0.0366844099039	-0.0620360895451	0.0411199350531	-0.0281771420509	0.0210236243811	0.0105825797452
k__Bacteria;p__Firmicutes;c__Clostridia;o__Clostridiales;f__Oscillospiraceae;g__Oscillibacter;s__Oscillibacter_sp._KLE_1745	0.0356654551224	-0.00558312655456	0.013964313553	-0.0473447972628	0.0461236359773	0.0108296305105	-0.0178528082242	0.0401557036892	0.0318660545688	-0.00465682451051	-0.0172305276181	-0.00569101270942	-0.0302415917706	0.00475942236186	-0.0585572971145	-0.00404220257423	-0.0338176178045	-0.082860588902	-0.0171538459262	0.0378254694004	0.0340504656251	-0.0104822162777	0.0272123860724	0.0310843217219	1.0	-0.00751687741775	-0.0165792720588	-0.00987846924166	-0.0463282134269	-0.0185907019306	0.00461237950019	-0.030696573041	-0.0264726741922	0.0299206581773	0.0494013665941	0.00279236997957	0.0292168409486	-0.0286403015748	0.04471045031	-0.0345997433787	-0.0114670790502	-0.0344122866962	0.056582688311	-0.0403928361376	-0.0105664794823	-0.0200157037967	-0.0169510243475	-0.0398749256887	-0.00262569896343	-0.000791666706583	-0.0682713468598	0.0511371964973	0.0208885936713	-0.102180814783	0.0180284290045	0.01655330193	0.020046674111	0.0181292364517	0.0498432708904
k__Bacteria;p__Bacteroidetes;c__Bacteroidia;o__Bacteroidales;f__Bacteroidaceae;g__Bacteroides;s__Bacteroides_coprophilus	-0.0563164700413	-0.0139417058097	-0.0183118340203	0.00838192894824	-0.0329116128767	-0.0569917027446	0.023276046166	-0.0179329834313	0.016134315458	-0.0282970903097	-0.0234725379598	-0.0472397663656	-0.0193027340552	0.0226129813338	0.0467283143802	-0.0066986174973	0.00278967127261	-0.018555668293	-0.0122741860554	-0.0179958410062	-0.0177410782398	-0.00254648825947	-0.0358310279022	-0.0579219855457	-0.00751687741775	1.0	-0.000202871514036	0.014767207537	-0.0756586057465	0.0168492384948	-0.0139054735414	0.0455454001672	0.0581450278333	0.0225799745065	-0.0198421667717	-0.0130885726961	-0.0139263267232	-0.0035669097939	0.013972489808	-0.00927938989883	-0.0327024148298	-0.0250576760053	0.0026748231726	-0.02760695838	0.00322535029616	0.0121240987167	-0.0348015316353	-0.00903937378148	-0.0409087653747	-0.0136247267493	0.0192890766685	-0.0665078730845	0.00068145222677	0.0335173243542	0.0159316956708	0.0109862324684	0.027759559	-0.0778911891579	-0.0375575683374
k__Bacteria;p__Firmicutes;c__Clostridia;o__Clostridiales;f__Lachnospiraceae;g__Roseburia;s__Roseburia_intestinalis	-0.0648472206004	-0.0117455864429	0.0210055459745	-0.0806964051308	-0.0290502545345	-0.0257209711471	-0.0643970810414	-0.0344284485425	0.0525841168751	0.0386217236707	0.0284552804681	-0.00226112600533	-0.0187769236422	-0.0953165159547	-0.0178418828357	-0.0350014339134	0.0611161871161	-0.0179584626194	0.0347798098144	-0.0220135313841	-0.0111974248591	-0.0229014453066	0.000959441928509	0.00387116890608	-0.0165792720588	-0.000202871514035	1.0	0.00567482853544	-0.0259497905297	-0.0304278009142	0.00369455849773	-0.0108520125865	-0.0405341448705	0.00856558313974	0.0222893493464	-0.0321969466893	-0.0314571670767	0.0388604008286	0.0522681167704	-0.0133027976609	-0.00493894930508	-0.041983372455	-0.0314972645135	0.00631712889691	0.0369325168647	-0.0343373213031	0.00380070696665	-0.0432535938159	-0.0434828564915	-0.00845691589108	0.0371045193433	0.0380328606721	-0.00545563574764	-0.00885262498847	0.0198126717571	0.0011001173775	-0.0152754308839	-0.00459951671697	-0.0088105552613
k__Bacteria;p__Firmicutes;c__Clostridia;o__Clostridiales;f__Lachnospiraceae;g__Roseburia;s__Roseburia_hominis	-0.00987222975442	0.0126194229655	-0.00815251822132	-0.0805069858605	-0.0235874851948	0.0121914999648	0.0195206281305	-0.0164153036047	-0.0899307411266	-0.0262151643464	-0.0588709517557	0.0295554241973	-0.000478272030275	-0.0443673857405	-0.0322331405236	-0.00539586652752	0.00747034648439	-0.0382139102584	0.0378597849295	0.00360025950029	0.0118681847303	0.0316334206859	0.0425482182631	-0.0226082948039	-0.00987846924166	0.014767207537	0.00567482853544	1.0	-0.0220122767752	-0.0121569375873	0.01579096251	0.00514132607443	0.0174630545539	0.0181502592571	0.00925473837749	-0.011094262355	0.000430471583038	0.0441151712045	-0.017337410822	-0.0473104581519	-0.0174891708867	0.0191086951967	-0.014169809869	-0.0553515950976	0.016927712028	-0.0285248654081	0.056457623784	0.0119242735312	-0.0425310722111	0.000951251201189	-0.0730069085772	0.011370516579	-0.00957699171955	0.0396615530262	-0.0382544908765	0.00314389347777	0.0252029160799	0.0279019944632	-0.0373339082663
k__Bacteria;p__Bacteroidetes;c__Bacteroidia;o__Bacteroidales;f__Porphyromonadaceae;g__Parabacteroides;s__Parabacteroides_johnsonii	-0.0428754262961	-0.0449018234992	0.0224263210918	-0.0108899856634	-0.0300441429698	-0.0404413383908	-0.0280654083033	-0.0202103733557	0.00241721783458	0.00262024517534	0.00518225333404	-0.0335948785191	0.0181660973259	0.0373441536563	-0.0039206186986	0.00439324790336	-0.00190390893326	0.00765414699228	-0.00844620201571	-0.0306836040917	0.0218331831812	-0.051786065535	0.00127335821962	0.046857587992	-0.0463282134269	-0.0756586057465	-0.0259497905297	-0.0220122767752	1.0	0.028337678614	0.0567071214299	-0.0561807133871	0.045158171627	-0.0629676671101	0.00488466032901	-0.0123179579038	0.0313557782378	0.0124221911443	0.00405667994915	-0.0177283076845	0.0114594321474	0.0429606071529	-0.0121749267897	-0.0288167211945	-0.000240752550805	-0.0205715760142	0.0212052832689	-0.00689186756336	-0.0512739092937	-0.0474176087459	-4.26722676457e-05	0.0406056449156	0.00937571649985	0.0153525258374	0.00669206171956	-0.0236780415795	-0.0338448191249	-0.0333748578121	0.0113022688704
k__Bacteria;p__Actinobacteria;c__Actinobacteria;o__Bifidobacteriales;f__Bifidobacteriaceae;g__Bifidobacterium;s__Bifidobacterium_longum	0.00127071619411	-0.0301576225151	-0.0556637009406	-0.021704459042	-0.0193540304154	0.0121529295707	0.0125243464462	-0.0443778718702	-0.00859174540524	0.0102727152015	-0.0335918893688	-0.0241718731149	-0.0493749723529	0.000416584513451	0.0462565753329	0.0595179027957	-0.00142774108292	0.0445976790129	-0.00588710894452	-0.0360504704497	-0.0591982949864	-0.00536122691512	-0.0241141403879	-0.013561076683	-0.0185907019306	0.0168492384948	-0.0304278009142	-0.0121569375873	0.028337678614	1.0	0.00492547274611	-0.0109373399431	-0.0322895749992	0.0195883497023	0.0135386952895	-0.0534278298291	-0.0526035091737	-0.000530222493309	-0.0538977296447	-0.0154451183752	0.0166638646754	-0.0244368319942	-0.0125226352144	0.0199692234303	0.0259840931028	-0.0168283500169	0.0249880494835	-0.0134178355878	0.036399535704	-0.0147103520753	-0.0309074476834	-0.0700909843761	0.0692521138121	-0.0521786501765	-0.0156037390212	0.010876121638	0.0255039018576	0.00579369919553	-0.025938923078
