#taxonomy	k__Bacteria;p__Bacteroidetes;c__Bacteroidia;o__Bacteroidales;f__Bacteroidaceae;g__Bacteroides;s__Bacteroides_vulgatus	k__Bacteria;p__Bacteroidetes;c__Bacteroidia;o__Bacteroidales;f__Bacteroidaceae;g__Bacteroides;s__Bacteroides_uniformis	k__Bacteria;p__Bacteroidetes;c__Bacteroidia;o__Bacteroidales;f__Rikenellaceae;g__Alistipes;s__Alistipes_putredinis	k__Bacteria;p__Bacteroidetes;c__Bacteroidia;o__Bacteroidales;f__Prevotellaceae;g__Prevotella;s__Prevotella_copri	k__Bacteria;p__Bacteroidetes;c__Bacteroidia;o__Bacteroidales;f__Bacteroidaceae;g__Bacteroides;s__Bacteroides_stercoris	k__Bacteria;p__Bacteroidetes;c__Bacteroidia;o__Bacteroidales;f__Bacteroidaceae;g__Bacteroides;s__Bacteroides_ovatus	k__Bacteria;p__Bacteroidetes;c__Bacteroidia;o__Bacteroidales;f__Rikenellaceae;g__Alistipes;s__Alistipes_shahii	k__Bacteria;p__Firmicutes;c__Clostridia;o__Clostridiales;f__Ruminococcaceae;g__Faecalibacterium;s__Faecalibacterium_prausnitzii	k__Bacteria;p__Bacteroidetes;c__Bacteroidia;o__Bacteroidales;f__Rikenellaceae;g__Alistipes;s__Alistipes_finegoldii	k__Bacteria;p__Bacteroidetes;c__Bacteroidia;o__Bacteroidales;f__Porphyromonadaceae;g__Parabacteroides;s__Parabacteroides_distasonis	k__Bacteria;p__Bacteroidetes;c__Bacteroidia;o__Bacteroidales;f__Bacteroidaceae;g__Bacteroides;s__Bacteroides_thetaiotaomicron	k__Bacteria;p__Bacteroidetes;c__Bacteroidia;o__Bacteroidales;f__Bacteroidaceae;g__Bacteroides;s__Bacteroides_coprocola	k__Bacteria;p__Bacteroidetes;c__Bacteroidia;o__Bacteroidales;f__Bacteroidaceae;g__Bacteroides;s__Bacteroides_cellulosilyticus	k__Bacteria;p__Bacteroidetes;c__Bacteroidia;o__Bacteroidales;f__Rikenellaceae;g__Alistipes;s__Alistipes_obesi	k__Bacteria;p__Firmicutes;c__Clostridia;o__Clostridiales;f__Lachnospiraceae;g__;s__[Eubacterium]_rectale	k__Bacteria;p__Bacteroidetes;c__Bacteroidia;o__Bacteroidales;f__Bacteroidaceae;g__Bacteroides;s__Bacteroides_plebeius	k__Bacteria;p__Bacteroidetes;c__Bacteroidia;o__Bacteroidales;f__Bacteroidaceae;g__Bacteroides;s__Bacteroides_fragilis	k__Bacteria;p__Proteobacteria;c__Betaproteobacteria;o__Burkholderiales;f__Sutterellaceae;g__Sutterella;s__Sutterella_wadsworthensis	k__Bacteria;p__Bacteroidetes;c__Bacteroidia;o__Bacteroidales;f__Porphyromonadaceae;g__Barnesiella;s__Barnesiella_intestinihominis	k__Bacteria;p__Bacteroidetes;c__Bacteroidia;o__Bacteroidales;f__Odoribacteraceae;g__Odoribacter;s__Odoribacter_splanchnicus	k__Bacteria;p__Bacteroidetes;c__Bacteroidia;o__Bacteroidales;f__Bacteroidaceae;g__Bacteroides;s__Bacteroides_salyersiae	k__Bacteria;p__Firmicutes;c__Clostridia;o__Clostridiales;f__Ruminococcaceae;g__Ruminiclostridium;s__[Eubacterium]_siraeum	k__Bacteria;p__Proteobacteria;c__Betaproteobacteria;o__Burkholderiales;f__Sutterellaceae;g__Parasutterella;s__Parasutterella_excrementihominis	k__Bacteria;p__Actinobacteria;c__Actinobacteria;o__Bifidobacteriales;f__Bifidobacteriaceae;g__Bifidobacterium;s__Bifidobacterium_adolescentis	k__Bacteria;p__Firmicutes;c__Clostridia;o__Clostridiales;f__Oscillospiraceae;g__Oscillibacter;s__Oscillibacter_sp._KLE_1745	k__Bacteria;p__Bacteroidetes;c__Bacteroidia;o__Bacteroidales;f__Bacteroidaceae;g__Bacteroides;s__Bacteroides_coprophilus	k__Bacteria;p__Firmicutes;c__Clostridia;o__Clostridiales;f__Lachnospiraceae;g__Roseburia;s__Roseburia_intestinalis	k__Bacteria;p__Firmicutes;c__Clostridia;o__Clostridiales;f__Lachnospiraceae;g__Roseburia;s__Roseburia_hominis	k__Bacteria;p__Bacteroidetes;c__Bacteroidia;o__Bacteroidales;f__Porphyromonadaceae;g__Parabacteroides;s__Parabacteroides_johnsonii	k__Bacteria;p__Actinobacteria;c__Actinobacteria;o__Bifidobacteriales;f__Bifidobacteriaceae;g__Bifidobacterium;s__Bifidobacterium_longum	k__Bacteria;p__Firmicutes;c__Clostridia;o__Clostridiales;f__;g__Flavonifractor;s__Flavonifractor_plautii	k__Bacteria;p__Firmicutes;c__Clostridia;o__Clostridiales;f__Clostridiaceae;g__Clostridium;s__Clostridium_phoceensis	k__Bacteria;p__Verrucomicrobia;c__Verrucomicrobiae;o__Verrucomicrobiales;f__Akkermansiaceae;g__Akkermansia;s__Akkermansia_muciniphila	k__Bacteria;p__Bacteroidetes;c__Bacteroidia;o__Bacteroidales;f__Prevotellaceae;g__Paraprevotella;s__Paraprevotella_xylaniphila	k__Bacteria;p__Firmicutes;c__Clostridia;o__Clostridiales;f__Ruminococcaceae;g__Ruminococcus;s__Ruminococcus_callidus	k__Bacteria;p__Bacteroidetes;c__Bacteroidia;o__Bacteroidales;f__Rikenellaceae;g__Alistipes;s__Alistipes_senegalensis	k__Bacteria;p__Firmicutes;c__Clostridia;o__Clostridiales;f__Lachnospiraceae;g__Blautia;s__Blautia_sp._KLE_1732	k__Bacteria;p__Bacteroidetes;c__Bacteroidia;o__Bacteroidales;f__Bacteroidaceae;g__Bacteroides;s__Bacteroides_oleiciplenus	k__Bacteria;p__Firmicutes;c__Clostridia;o__Clostridiales;f__Ruminococcaceae;g__Ruminococcus;s__Ruminococcus_bicirculans	k__Bacteria;p__Bacteroidetes;c__Bacteroidia;o__Bacteroidales;f__Bacteroidaceae;g__Bacteroides;s__Bacteroides_fluxus	k__Bacteria;p__Bacteroidetes;c__Bacteroidia;o__Bacteroidales;f__Prevotellaceae;g__Prevotella;s__Prevotella_stercorea	k__Bacteria;p__Firmicutes;c__Clostridia;o__Clostridiales;f__Lachnospiraceae;g__Dorea;s__Dorea_longicatena	k__Bacteria;p__Firmicutes;c__Clostridia;o__Clostridiales;f__Eubacteriaceae;g__Eubacterium;s__[Eubacterium]_eligens	k__Bacteria;p__Firmicutes;c__Clostridia;o__Clostridiales;f__Ruminococcaceae;g__;s__Ruminococcaceae_bacterium_D16	k__Bacteria;p__Firmicutes;c__Clostridia;o__Clostridiales;f__Lachnospiraceae;g__Coprococcus;s__Coprococcus_comes	k__Bacteria;p__Proteobacteria;c__Gammaproteobacteria;o__Enterobacterales;f__Enterobacteriaceae;g__Escherichia;s__Escherichia_coli	k__Bacteria;p__Firmicutes;c__Clostridia;o__Clostridiales;f__Ruminococcaceae;g__Anaerotruncus;s__Anaerotruncus_colihominis	k__Bacteria;p__Firmicutes;c__Clostridia;o__Clostridiales;f__Lachnospiraceae;g__Blautia;s__Blautia_obeum	k__Bacteria;p__Bacteroidetes;c__Bacteroidia;o__Bacteroidales;f__Odoribacteraceae;g__Odoribacter;s__Odoribacter_laneus	k__Bacteria;p__Firmicutes;c__Clostridia;o__Clostridiales;f__Ruminococcaceae;g__Ruminiclostridium;s__[Clostridium]_leptum	k__Bacteria;p__Bacteroidetes;c__Bacteroidia;o__Bacteroidales;f__Porphyromonadaceae;g__Parabacteroides;s__Parabacteroides_goldsteinii	k__Bacteria;p__Firmicutes;c__Clostridia;o__Clostridiales;f__Lachnospiraceae;g__Anaerostipes;s__Anaerostipes_hadrus	k__Bacteria;p__Firmicutes;c__Clostridia;o__Clostridiales;f__Ruminococcaceae;g__Ruminococcus;s__Ruminococcus_lactaris	k__Bacteria;p__Firmicutes;c__Clostridia;o__Clostridiales;f__Clostridiaceae;g__Clostridium;s__Clostridium_sp._L2-50	k__Bacteria;p__Firmicutes;c__Clostridia;o__Clostridiales;f__Clostridiaceae;g__Clostridium;s__Clostridium_sp._M62/1	k__Bacteria;p__Firmicutes;c__Clostridia;o__Clostridiales;f__;g__Intestinimonas;s__Intestinimonas_butyriciproducens	k__Bacteria;p__Actinobacteria;c__Actinobacteria;o__Bifidobacteriales;f__Bifidobacteriaceae;g__Bifidobacterium;s__Bifidobacterium_bifidum	k__Bacteria;p__Firmicutes;c__Negativicutes;o__Veillonellales;f__Veillonellaceae;g__Dialister;s__Dialister_invisus	k__Bacteria;p__Bacteroidetes;c__Bacteroidia;o__Bacteroidales;f__Bacteroidaceae;g__Bacteroides;s__Bacteroides_salanitronis
k__Bacteria;p__Bacteroidetes;c__Bacteroidia;o__Bacteroidales;f__Bacteroidaceae;g__Bacteroides;s__Bacteroides_vulgatus	1.0	0.0151698981769	-0.0443068796456	-0.0401768688352	0.047720385521	-0.0178858538645	-0.00355915002228	-0.00401430928659	-0.0247589388541	-0.041862416786	0.0183440951322	0.00139461705642	0.0207937994059	-0.0177544001076	-0.017456532187	-0.0590172472595	-0.0532420447577	0.023524245855	0.0123555517547	0.015577396127	0.0163663653697	0.0240800969626	-0.0202505621387	-0.00964938612823	-0.0021930379911	-0.0122716563781	-0.0437417555221	-0.0224523901567	-0.0218590536758	-0.00731069173936	0.0734731054895	-0.0281202449843	0.0433184203774	0.0205027100031	-0.0311492554804	-0.00822386357165	-0.0563969259156	-0.0402069503894	-0.0402868452944	-0.0383975737144	0.00516891732312	-0.0340192135077	0.0254256213601	-0.0105603730256	-0.0194021074492	0.0790492312279	-0.0191497158549	0.0114848221001	-0.0167293582489	0.0173443400884	-0.00179651097879	-0.000637361015469	-0.014834636155	-0.0330070359941	0.0290961543325	-0.0367852246772	-0.0105254166934	-0.0460475849837	-0.0265186904523
k__Bacteria;p__Bacteroidetes;c__Bacteroidia;o__Bacteroidales;f__Bacteroidaceae;g__Bacteroides;s__Bacteroides_uniformis	0.0151698981769	1.0	-0.0160632152241	0.0675503610569	-0.0273570617878	-0.0129454786796	0.0212399438383	-0.0722167284655	-0.00135464304344	-0.0330617515332	-0.00984048794227	-0.0230838944196	-0.0781542889406	-0.0418426689187	0.0645116295407	-0.013231843585	-0.0358286572399	-0.0223999464664	0.0610897579551	0.00588565965329	-0.0179859356622	-0.0314633589699	-0.0431750155199	0.004375100018	-0.0114411754093	-0.0152407789162	0.0121421661938	0.0222772061617	-0.0365190590373	-0.0107801870729	0.0145253622947	0.0313794406345	-0.0118642123853	0.0130905005433	0.0435898063229	-0.039125605462	-0.0723434273006	-0.0165419198827	-0.0494789327754	0.011146364129	0.074660048543	-0.0136399130093	0.012435328472	-0.0178206597964	-0.0170833147511	-0.0325589245047	-0.0386275259741	-0.004510801642	-0.0700229539915	-0.077723945605	-0.0307963141483	0.0246102730442	-0.0706787317484	0.00611467408309	-0.0299668436689	0.0238488819906	-0.0192571664656	0.0395666806288	-0.0260254085672
k__Bacteria;p__Bacteroidetes;c__Bacteroidia;o__Bacteroidales;f__Rikenellaceae;g__Alistipes;s__Alistipes_putredinis	-0.0443068796456	-0.0160632152241	1.0	-0.0200164927151	-0.00928959497017	0.00938999515759	-0.0294427366016	-0.0172494839007	-0.0250333796483	0.0304350206255	-0.0379904327661	-0.0508142633469	-0.0622666622622	0.00486547118442	-0.0155205608064	-0.0287750933019	0.0353909222908	-0.00406894551307	-0.0174524272956	0.000880807137014	0.0258888904322	0.00731100192923	-0.0286639367094	-0.048168258706	0.0398395663123	-0.0344500884911	0.012435260395	-0.045225334284	-0.0363677762522	-0.0248808847296	0.0135492315664	-0.00367547149486	-0.0232084654855	-0.00532395784136	-0.00643593052524	0.0324009742517	0.0400212833367	-0.0271525879585	0.0122257117873	-0.0245048983837	-0.000411155502338	-0.0308071359497	-0.0139218190911	0.0850127460238	-0.0304416509765	0.0228819330305	0.0207939953422	-0.0733064745606	0.0267764439287	-0.0026880865052	0.0231683135783	0.00923136548355	0.017473904718	-0.0104310563678	0.0470592615301	-0.00628363115598	0.0106350617402	-0.0476875679893	-0.00518047941036
k__Bacteria;p__Bacteroidetes;c__Bacteroidia;o__Bacteroidales;f__Prevotellaceae;g__Prevotella;s__Prevotella_copri	-0.0401768688352	0.0675503610569	-0.0200164927151	1.0	0.00172121748931	0.0485527226145	0.000871259874278	-0.019281145791	-0.000883875125539	-0.041481818902	-0.0056632018523	-0.0263678831962	0.0111476007542	0.0180743784899	0.00718204832656	-0.00574748456533	0.0538288010896	-0.0023340099546	-0.00881575132222	0.0305184184723	0.000736217588736	0.00702732040774	-0.0164427500566	0.039128313893	-0.0148161818101	-0.0139372503491	0.000963220960275	0.0412759809523	0.0221979166579	0.0145545905744	0.0505556387525	0.0422311309007	-0.0520896003151	0.0384467596563	-0.0602123838725	-0.0319752698867	0.005611409806	-0.0479998180678	-0.0176253570587	0.0371691086897	-0.0503824207404	-0.0630915143539	-0.0138671049318	0.0219308208103	-0.026717968914	-0.00168187444217	-0.040167822742	-0.0122982627404	-0.0745026450056	-0.00559548624857	0.00457267540542	-0.00624420149967	-0.0640988859786	-0.00191354690938	-0.0105834362934	-0.0171111178273	-0.00326294167757	-0.0145469259944	0.0172588973331
k__Bacteria;p__Bacteroidetes;c__Bacteroidia;o__Bacteroidales;f__Bacteroidaceae;g__Bacteroides;s__Bacteroides_stercoris	0.047720385521	-0.0273570617878	-0.00928959497017	0.00172121748931	1.0	-0.00571588637757	-0.0466903124202	-0.00618771084641	-0.035976145698	0.0323847852625	-0.0296344478762	-0.0141868300547	-0.0348061513314	0.0244226832824	0.0457574842279	0.0431391825202	-0.0259154624907	-0.0556603171009	-0.00125459276227	-0.0954513433506	-0.0204281226934	0.0321567908728	0.0106223705374	-0.0617359625467	0.0828275275895	-0.0107850546695	-0.0436149016258	0.0511611546923	-0.0259665911396	-0.0513213660023	0.00181463008791	-0.0268921351167	0.0645947585161	-0.0303414489401	-0.0169461848865	0.0522425350818	0.0316073893997	-0.00118215724352	-0.0266357065791	-0.0168151644956	-0.071009478016	0.0375175590672	0.0218845440927	-0.00697869336815	-0.0238315814073	-0.066053850626	-0.00312431577995	0.00702556661868	0.0703243623942	0.0034066582687	-0.0121465675497	-0.0226783497148	0.0328951243989	-0.030034315369	0.0384445208493	-0.00434457269013	-0.0171872467415	0.0256428073064	0.0139983609719
k__Bacteria;p__Bacteroidetes;c__Bacteroidia;o__Bacteroidales;f__Bacteroidaceae;g__Bacteroides;s__Bacteroides_ovatus	-0.0178858538645	-0.0129454786796	0.00938999515759	0.0485527226145	-0.00571588637757	1.0	0.0285250445259	0.0189145976414	-0.0510763541619	-0.0351588344108	-0.044260609129	-0.0493235867765	0.0719902599136	0.0279452303285	-0.0419165194483	-0.0221342847409	-0.0575458425341	0.0101047350096	0.0380302805876	0.0313277554862	-0.0195030972089	-0.00381289648441	0.0452075479146	0.0109105351305	-0.0218631985577	0.0143645395771	0.00948302215045	0.0199814043624	0.0159678548989	0.00550143831663	0.011974598986	-0.0458896286816	-0.0429943779734	-0.0269396711204	-0.0510504530138	0.0818838285489	0.0402966057654	-0.0926823278023	-0.067817253852	0.0315814548606	-0.00416097185646	0.0153204492698	-0.00249166889848	-0.0330251367332	-0.0239616207366	0.0234408387769	0.0278163468051	0.0259005000859	-0.0426738956816	0.0156566881675	-0.0569257063356	0.0264670036084	-0.00046178079308	0.00970121646248	0.0386922724775	0.0334114365852	0.0428234694086	0.0212170987242	-0.0500797338908
k__Bacteria;p__Bacteroidetes;c__Bacteroidia;o__Bacteroidales;f__Rikenellaceae;g__Alistipes;s__Alistipes_shahii	-0.00355915002228	0.0212399438383	-0.0294427366016	0.000871259874278	-0.0466903124202	0.0285250445259	1.0	-0.0233886470469	-0.035510687362	0.0212643805193	-0.0623340897539	0.0116079043867	-0.0207209334757	0.0191934336384	0.0518785570942	0.0223295775832	-0.0464722221236	-0.0249743924198	-0.0409587115501	0.0317318025347	0.000649531325795	-0.0538782059096	-0.00526048559506	-0.0321099597076	0.0145664701119	0.00466537740331	-0.0201155397094	0.00167211032375	-0.00748956172715	-0.0529938713511	0.017204524544	-0.0314323072325	0.0170951610389	0.00265489580415	0.0304229217759	0.0220555517117	-0.035313584081	0.00923719231771	0.000301731375288	-0.0342418236348	-0.00683198280723	0.0326240181828	-0.00760778711504	0.0421217777976	-0.0217061794416	-0.0361120847803	-0.0275978157663	-0.0620781174962	-0.0577478663067	-0.00452441241691	-0.00661293965626	-0.0325795905129	-0.0401010670799	0.0407152402577	0.0349496359114	-0.0717419505819	-0.0245292240887	0.0339197866375	0.0388167828137
k__Bacteria;p__Firmicutes;c__Clostridia;o__Clostridiales;f__Ruminococcaceae;g__Faecalibacterium;s__Faecalibacterium_prausnitzii	-0.00401430928659	-0.0722167284655	-0.0172494839007	-0.019281145791	-0.00618771084641	0.0189145976414	-0.0233886470469	1.0	-0.0186333266479	-0.0662300368345	-0.0601970984819	0.00548639066852	-0.0289145527845	0.0334036182978	0.0214812591895	-0.0171877723435	0.00639563851836	0.026318781457	-0.0885797042357	0.0074170191071	-0.00513074080927	-0.0408360154015	-0.00909322613589	0.035750553827	-0.0515798720247	-0.0511278581247	-0.0810501152224	-0.0428976005994	0.00790944263832	-0.00752252117078	-0.0475536088432	-0.00788047692448	0.0129831992625	0.050032838366	-0.0542397060929	-0.0631851824668	0.037137894283	0.00789843588135	-0.00115148044376	-0.00366402484446	-0.0151642784009	0.0149646920625	0.0193418118618	-0.0605354321067	0.0225455693361	-0.0460729987136	0.0202498513779	0.0452295175286	-0.00658857416169	0.0650487638694	-0.0467792305557	-0.0272651425941	-0.033285453447	0.0174120325172	-0.0214356046805	-0.0215872438302	0.0164140294273	0.00905955847495	-0.056028978114
k__Bacteria;p__Bacteroidetes;c__Bacteroidia;o__Bacteroidales;f__Rikenellaceae;g__Alistipes;s__Alistipes_finegoldii	-0.0247589388541	-0.00135464304344	-0.0250333796483	-0.000883875125539	-0.035976145698	-0.0510763541619	-0.035510687362	-0.0186333266479	1.0	0.0250078929277	0.0355344794313	-0.000226026987453	0.0387130825707	-0.0101461927692	0.0106936795297	0.00843700049077	-0.0488056819829	0.00846387009947	0.00102423922801	-0.00712775529729	0.00578948282979	0.00699308585265	0.0615346718688	-0.0370636753905	0.05452461011	0.0365641783423	-0.0401032139431	0.00493726303077	0.0190510167711	0.0336542464253	-0.032269422074	0.0257374538244	0.034776830317	-0.0265177630367	-0.010173868577	0.0195698761306	0.00160571195269	0.0083326567561	0.0051633946576	0.00235027820942	-0.0137834325387	0.0146603021541	0.00884594767182	0.0233768073379	-0.0397258081133	-0.0193892777491	-0.0474105631225	-0.0504482897058	-0.00435012564745	0.023697616995	0.0157678057876	-0.00622808991883	-0.0191726874669	-0.00755904797412	0.0227947215352	-0.0390970139086	0.0172654802798	0.0232561696677	0.00783199120764
k__Bacteria;p__Bacteroidetes;c__Bacteroidia;o__Bacteroidales;f__Porphyromonadaceae;g__Parabacteroides;s__Parabacteroides_distasonis	-0.041862416786	-0.0330617515332	0.0304350206255	-0.041481818902	0.0323847852625	-0.0351588344108	0.0212643805193	-0.0662300368345	0.0250078929277	1.0	0.0273807538057	0.01058087476	0.0415144294047	-0.0706550992735	0.0060214615591	-0.0231954391514	-0.0301881858927	0.0333376963377	-0.000136213899218	-0.0356856551397	-0.0388369999866	-0.00653238765546	0.0253272957917	-0.0561345385141	-0.0191268073892	-0.0188990664746	0.048514633148	-0.0690647374346	-0.0511670919116	-0.0122009029897	0.0493290940659	0.00105397968055	-0.0500194440473	-0.0699759665288	-0.00163034061805	-0.0109945964622	-0.0025968130659	-0.0277030492532	-0.0479832945197	0.0164312738022	-0.0171231298948	0.0128078216121	0.023325050913	0.00485782261403	0.046761937432	0.00929087326459	-0.0422289450392	0.0517397000289	0.0251798054645	-0.0472215532947	-0.00110804508437	0.0398870174064	-0.0518115095084	-0.00426553881594	-0.0286269601814	0.0327250616831	-0.037540113444	-0.0173025510078	-0.00830645393177
k__Bacteria;p__Bacteroidetes;c__Bacteroidia;o__Bacteroidales;f__Bacteroidaceae;g__Bacteroides;s__Bacteroides_thetaiotaomicron	0.0183440951322	-0.00984048794227	-0.0379904327661	-0.0056632018523	-0.0296344478762	-0.044260609129	-0.0623340897539	-0.0601970984819	0.0355344794313	0.0273807538057	1.0	-0.0672206663637	0.0042792199579	-0.0150403572347	-0.00761602889831	-0.0348478842332	-0.00340728457257	-0.0135536962785	0.0120006926578	-0.00105938690483	-0.0613187865291	0.00224754434089	-0.0390919378672	-0.0227334199936	0.0205802302564	0.0387550440841	-0.0126354932612	-0.0171862990262	-0.0174138270682	-0.0381087495158	-0.00309605326937	-0.0209337153264	-0.00295543736553	-0.00349466683199	-0.0124957061037	0.0341555569744	-0.0935410799599	-0.0312601429311	0.0166159162641	0.0839024835514	0.00586956430887	-0.024043106223	0.0038150768077	0.0102066729072	-0.00269318701153	-0.018820417275	0.00602621436471	0.0255967270273	0.0168648954222	-0.0212182250033	-0.0234978712109	0.0250565439048	-0.00512397732704	-0.0259980864413	-0.0363175016182	0.0360428081925	0.0182719653567	0.0169756884804	-0.0263449750892
k__Bacteria;p__Bacteroidetes;c__Bacteroidia;o__Bacteroidales;f__Bacteroidaceae;g__Bacteroides;s__Bacteroides_coprocola	0.00139461705642	-0.0230838944196	-0.0508142633469	-0.0263678831962	-0.0141868300547	-0.0493235867765	0.0116079043867	0.00548639066852	-0.000226026987453	0.01058087476	-0.0672206663637	1.0	0.0159487507305	0.00466957811305	-0.00119456610093	-0.0270959443859	-0.0305718699181	-0.0457541107689	0.0403515287904	-0.0353907321489	-0.00670957457922	0.0104903815438	0.0376515994465	-0.0248540480812	-0.0434586547264	-0.0205795059953	-0.0785731536276	0.0651727619766	-0.0442933182647	-0.0367914964365	-0.0431635822624	-0.0186236857882	0.00780802156334	0.0208106229648	-0.00518734945876	0.00729659996475	0.00436268160022	-0.00305945126328	0.00860044824493	-0.0599466596473	0.01613269346	-0.0135212599695	-0.0342534420066	-0.0056224776456	-0.0036465871451	0.0291297462503	0.00529571177229	-0.011561385827	0.0172922718921	-0.0271585776242	0.0213628034142	0.0217673719814	-0.0233915571638	-0.0438723833152	-0.0414372216541	0.0480665075093	-0.016688696623	-0.0253359596569	0.0307777302156
k__Bacteria;p__Bacteroidetes;c__Bacteroidia;o__Bacteroidales;f__Bacteroidaceae;g__Bacteroides;s__Bacteroides_cellulosilyticus	0.0207937994059	-0.0781542889406	-0.0622666622622	0.0111476007542	-0.0348061513314	0.0719902599136	-0.0207209334757	-0.0289145527845	0.0387130825707	0.0415144294047	0.0042792199579	0.0159487507305	1.0	0.00984074552846	0.0954733213737	0.0257707347916	0.0434010631481	-0.0577576271039	-0.0269019227173	0.0533015470118	0.0256413181237	0.008874599542	0.0124556258187	-0.0430353907893	-0.00113189460489	0.0116425478403	-0.0306209032977	-0.0041413527963	0.0244966067529	-0.0364186077222	-0.00261910681621	-0.039216333226	0.00071885005494	-0.0278140917944	0.038907175817	-0.0318621977355	0.0362440265769	-0.0226813585463	-0.00127342167098	-0.0480501694881	0.00237736223025	0.0550898847692	0.0162666825698	-0.0113674876099	0.00539667642113	-0.0365949645693	-0.0147403019842	0.0103775138371	0.00761002132935	0.00765427198433	0.0238975016858	-0.0475950018481	0.0101714788642	0.0392526311843	-0.0502983556572	-0.00935674310941	0.000396944684266	-0.00303707181302	-0.0107473083597
k__Bacteria;p__Bacteroidetes;c__Bacteroidia;o__Bacteroidales;f__Rikenellaceae;g__Alistipes;s__Alistipes_obesi	-0.0177544001076	-0.0418426689187	0.00486547118442	0.0180743784899	0.0244226832824	0.0279452303285	0.0191934336384	0.0334036182978	-0.0101461927692	-0.0706550992735	-0.0150403572347	0.00466957811305	0.00984074552846	1.0	0.0618172460521	0.0171088415701	-0.0671895161661	-0.034653401756	0.0128026539721	-0.032336736745	0.000345991173396	0.0166161760228	-0.00169064489438	0.0225851723081	-0.00848876071167	0.0064617262723	-0.00350801009889	-0.0587223230102	-0.0535395433177	0.0335274795034	0.00572806005721	-0.0412594251038	-0.0317605650517	0.00133245698507	-0.0437715231784	0.00591199917958	0.0230899708866	-0.00480891610434	-0.0340258925963	-0.023845499564	-0.0564828691687	-0.0237428412302	0.0250556963291	-0.0429340291084	-0.0494817820961	0.0104709394433	-0.0212236887782	-0.0335094328301	-0.0444893765938	0.0485240335577	-0.0562434838616	0.000192009264784	-0.00672684513885	0.0348548937017	0.0110472174963	-0.0311554530748	0.00205631915181	-0.0156201164332	0.0202545550107
k__Bacteria;p__Firmicutes;c__Clostridia;o__Clostridiales;f__Lachnospiraceae;g__;s__[Eubacterium]_rectale	-0.017456532187	0.0645116295407	-0.0155205608064	0.00718204832656	0.0457574842279	-0.0419165194483	0.0518785570942	0.0214812591895	0.0106936795297	0.0060214615591	-0.00761602889831	-0.00119456610093	0.0954733213737	0.0618172460521	1.0	0.0716237206592	0.0412156134538	0.00996748069514	-0.0188279595196	-0.0227314768121	0.0401813421851	-0.04612421517	0.00910507785933	0.0587334137652	-0.0231193947022	-0.0185212492901	0.0305466296277	-0.0453195358581	0.0120786137491	0.0222375317412	-0.0671890317639	-0.00307540130603	0.0092070283095	-0.0346235199865	-0.0720747394222	-0.0276574564184	-0.0216050979419	-0.0350683792187	0.0100015001563	0.00425799729311	0.00406283828975	0.000879210783856	0.0283970578612	0.021166919393	-0.0518697103354	-0.0171138974378	-0.00513322572195	-0.00720015097628	-0.00349840083702	-0.0278880866947	0.0424574401894	0.0419494139167	-0.0517625093339	-0.0358644879466	-0.0596975456285	-0.0605805907809	-0.0462707905272	-0.115693352876	-0.0428513023112
k__Bacteria;p__Bacteroidetes;c__Bacteroidia;o__Bacteroidales;f__Bacteroidaceae;g__Bacteroides;s__Bacteroides_plebeius	-0.0590172472595	-0.013231843585	-0.0287750933019	-0.00574748456533	0.0431391825202	-0.0221342847409	0.0223295775832	-0.0171877723435	0.00843700049077	-0.0231954391514	-0.0348478842332	-0.0270959443859	0.0257707347916	0.0171088415701	0.0716237206592	1.0	0.051821667398	-0.0686353101375	-0.027555481664	0.0179831967892	0.0095007989464	-0.0725933049	-0.0548952163839	0.0372278607666	-0.0308598825692	-0.0169888312276	0.000790103731563	0.0223257316238	-0.0207893277608	-0.0261913403292	0.0017709093535	0.0556231190394	-0.01247836408	-0.0065758604527	0.062677308017	-0.0134088518511	0.0502886422623	-0.0170097017279	-0.00233824147314	-0.0718104345795	-0.00382463079899	0.0303193783365	-0.024438207482	0.0248944274119	-0.023568673905	-0.0487730192987	0.0134098539996	0.0198800003179	0.00613960814947	-0.0541951421991	0.00285736790736	-0.0648958758932	0.0359948809787	0.0262971330322	-0.0355043891174	-0.0233510588987	-0.00391194307594	0.00453326084759	0.0191967619522
k__Bacteria;p__Bacteroidetes;c__Bacteroidia;o__Bacteroidales;f__Bacteroidaceae;g__Bacteroides;s__Bacteroides_fragilis	-0.0532420447577	-0.0358286572399	0.0353909222908	0.0538288010896	-0.0259154624907	-0.0575458425341	-0.0464722221236	0.00639563851836	-0.0488056819829	-0.0301881858927	-0.00340728457257	-0.0305718699181	0.0434010631481	-0.0671895161661	0.0412156134538	0.051821667398	1.0	-0.00472449277258	-0.0335422920587	-0.0104251303289	-0.0332731766694	-0.0293111091687	-0.00727084246284	-0.0332181831717	-0.0112997798247	0.0330645865284	-0.000244822395933	0.0126477166962	0.0489526884289	-0.00153549469198	-0.0597561696398	0.00259499209304	0.0684558996298	-0.021393565587	0.0434717240525	-0.0165329281472	-0.0543769922941	-0.0105719653257	-0.00289453042192	0.0168592947028	-0.00272664315273	0.0280335291008	0.00102773174023	-0.0413508444966	-0.0288079328959	-0.0199384655199	-0.0187346034418	-0.0120228332156	-0.0145304596298	0.0232758424478	0.0237635101416	-0.00212636330865	0.0236864123205	-0.039053596205	0.0324892103919	0.0248550337436	-0.00225206283866	0.00204522454232	0.0631734900736
k__Bacteria;p__Proteobacteria;c__Betaproteobacteria;o__Burkholderiales;f__Sutterellaceae;g__Sutterella;s__Sutterella_wadsworthensis	0.023524245855	-0.0223999464664	-0.00406894551307	-0.0023340099546	-0.0556603171009	0.0101047350096	-0.0249743924198	0.026318781457	0.00846387009947	0.0333376963377	-0.0135536962785	-0.0457541107689	-0.0577576271039	-0.034653401756	0.00996748069514	-0.0686353101375	-0.00472449277258	1.0	-0.0159447486117	-0.0272551465517	0.0586781471864	-0.0582869236161	0.000951471044372	0.026750893718	0.00734702690574	-0.000246986997285	-0.00972407507516	0.0509769280548	0.0549528528277	-0.00701435083228	-0.00316674413862	-0.0171044980633	0.00024193924171	0.0852141736839	-0.056172819291	-0.00482675325592	0.00045833714973	0.0570568181606	0.0465844376172	0.0485094797461	-0.044707765442	-0.0212858829752	-0.0225809442562	-0.000401101618744	-0.0478299444919	0.0366843261437	-0.0123304640166	-0.0168646436892	-0.000729624446923	-0.00400779509753	-0.0171548326215	0.06014009451	0.0583394810957	0.0424460803337	0.0277448033422	-0.0521240819847	-0.0697163983751	-0.00959274898468	-0.0438974882744
k__Bacteria;p__Bacteroidetes;c__Bacteroidia;o__Bacteroidales;f__Porphyromonadaceae;g__Barnesiella;s__Barnesiella_intestinihominis	0.0123555517547	0.0610897579551	-0.0174524272956	-0.00881575132222	-0.00125459276227	0.0380302805876	-0.0409587115501	-0.0885797042357	0.00102423922801	-0.000136213899218	0.0120006926578	0.0403515287904	-0.0269019227173	0.0128026539721	-0.0188279595196	-0.027555481664	-0.0335422920587	-0.0159447486117	1.0	-0.00535240769474	-0.00210789109949	-0.0345048204466	-0.0397230087778	-0.0472742901349	0.000638128444695	-0.0384436208447	-0.0229224416485	0.0392205169546	0.0405905901704	-0.0143985709052	-0.0419682916295	-0.0531351354182	-0.0408409719044	-0.0111725790192	0.0309765724504	0.0515331180912	0.00706727295257	0.00973122314491	-0.00343817967464	0.0282306496877	0.0319231422129	-0.0751313524697	-0.0647484033988	-0.0101745205266	-0.0284435378598	-0.0159912046313	-0.0236048871688	-0.0577192743047	-0.0233824238158	-0.0139976147678	-0.0503658314518	-0.00708156910904	-0.0668035774566	-0.0122244929966	-0.00778050665612	0.00716346117904	-0.0325226906587	0.0472834741254	-0.0236155105906
k__Bacteria;p__Bacteroidetes;c__Bacteroidia;o__Bacteroidales;f__Odoribacteraceae;g__Odoribacter;s__Odoribacter_splanchnicus	0.015577396127	0.00588565965329	0.000880807137014	0.0305184184723	-0.0954513433506	0.0313277554862	0.0317318025347	0.0074170191071	-0.00712775529729	-0.0356856551397	-0.00105938690483	-0.0353907321489	0.0533015470118	-0.032336736745	-0.0227314768121	0.0179831967892	-0.0104251303289	-0.0272551465517	-0.00535240769474	1.0	-0.0563060872234	-0.0478223162806	-0.000804573565241	0.0438654331139	-0.00272838393911	-0.0126530821658	0.0178110955371	-0.0813366521653	-0.0352025013752	0.0116894410194	-0.021555352945	0.0271375641378	0.00597318439928	0.00932691317711	-0.00689955489273	-0.00386644754699	-0.0199323860751	-0.0205259864559	-0.0149756880427	-0.0557774049643	0.0149191586523	-0.00038326953279	-0.0264185400567	0.0305313057865	0.0102891463481	-0.0597018348656	-0.0389254794607	0.0348845539628	-0.0334965557579	0.018501348941	0.00481518987229	-0.0743258620709	-0.0712401057434	0.00663326697794	-0.0521783661867	0.0237469762091	0.0196688236248	0.0103021720762	0.00588605453518
k__Bacteria;p__Bacteroidetes;c__Bacteroidia;o__Bacteroidales;f__Bacteroidaceae;g__Bacteroides;s__Bacteroides_salyersiae	0.0163663653697	-0.0179859356622	0.0258888904322	0.000736217588736	-0.0204281226934	-0.0195030972089	0.000649531325795	-0.00513074080927	0.00578948282979	-0.0388369999866	-0.0613187865291	-0.00670957457922	0.0256413181237	0.000345991173396	0.0401813421851	0.0095007989464	-0.0332731766694	0.0586781471864	-0.00210789109949	-0.0563060872234	1.0	0.0337212900484	-0.00047145031333	0.00697184207785	-0.0797155201046	0.0274635352902	-0.0459322515306	-0.0284664996839	0.0150038905882	-0.0381556467735	0.0184847983126	-0.0185794530098	0.0279366404423	-0.0479622432104	-0.005340099767	0.025100828319	-0.0275828626956	-0.0214323470749	0.0540804746218	-0.0255681503566	-0.0213325728403	0.0323625899551	-0.0198955770303	-0.0260410832519	-0.0545504911637	-0.0522616689181	0.0035063717053	0.0268927314794	-0.0322569095005	0.00868868079209	-0.0150914875626	-0.0332384255339	-0.0267946648945	-0.000646712278984	0.0247834765902	-0.00848485615902	-0.0367158049399	0.0477304157751	-0.0768629198243
k__Bacteria;p__Firmicutes;c__Clostridia;o__Clostridiales;f__Ruminococcaceae;g__Ruminiclostridium;s__[Eubacterium]_siraeum	0.0240800969626	-0.0314633589699	0.00731100192923	0.00702732040774	0.0321567908728	-0.00381289648441	-0.0538782059096	-0.0408360154015	0.00699308585265	-0.00653238765546	0.00224754434089	0.0104903815438	0.008874599542	0.0166161760228	-0.04612421517	-0.0725933049	-0.0293111091687	-0.0582869236161	-0.0345048204466	-0.0478223162806	0.0337212900484	1.0	-0.0486492202752	-0.011800040004	-0.0138371884274	0.0152064710258	-0.0438559719579	-0.0191174262545	-0.036474964598	-0.0360992828436	-0.0241254562106	-0.0252130168801	-0.0787693134584	-0.00591227396934	0.0229223460517	0.0158972966202	0.0367144972598	-0.0146464010522	-0.00694418290282	0.0150803082233	-0.00138683355329	-0.0166482910213	-0.0581266817607	-0.053523301428	0.0470976373808	-0.0456577725345	-0.033732711913	0.029903271334	-0.034790854079	0.00626071905655	0.0178037502765	0.046646335737	-0.00919434619676	-0.0115343338806	0.044323275087	0.00134822255098	-0.0319339649577	-0.0208671179717	0.0191309156814
k__Bacteria;p__Proteobacteria;c__Betaproteobacteria;o__Burkholderiales;f__Sutterellaceae;g__Parasutterella;s__Parasutterella_excrementihominis	-0.0202505621387	-0.0431750155199	-0.0286639367094	-0.0164427500566	0.0106223705374	0.0452075479146	-0.00526048559506	-0.00909322613589	0.0615346718688	0.0253272957917	-0.0390919378672	0.0376515994465	0.0124556258187	-0.00169064489438	0.00910507785933	-0.0548952163839	-0.00727084246284	0.000951471044372	-0.0397230087778	-0.000804573565241	-0.00047145031333	-0.0486492202752	1.0	-0.0273467882853	0.0243497979771	-0.0449885171877	0.0241868830809	-0.0100637569702	0.0610427618677	-0.0302423910644	-0.0582404346773	-0.0371982236685	-0.0112813214135	0.00826680055924	0.0272810817052	-0.0227965864986	-0.0198587071967	0.0135338038084	-0.0560476993674	-0.0434531922254	0.0471816868187	-0.00740399351532	-0.0830825859399	-0.00739631796456	-0.00741891736188	0.0383601895036	0.0189508456017	-0.0298851155396	0.0221935460872	0.0249413342656	-0.0544135859246	-0.000865525920055	-0.0326171940536	-0.0465212069642	-0.00386037156187	-0.0393510419219	-0.00182594928884	0.0037649472378	-0.0029186356628
k__Bacteria;p__Actinobacteria;c__Actinobacteria;o__Bifidobacteriales;f__Bifidobacteriaceae;g__Bifidobacterium;s__Bifidobacterium_adolescentis	-0.00964938612823	0.004375100018	-0.048168258706	0.039128313893	-0.0617359625467	0.0109105351305	-0.0321099597076	0.035750553827	-0.0370636753905	-0.0561345385141	-0.0227334199936	-0.0248540480812	-0.0430353907893	0.0225851723081	0.0587334137652	0.0372278607666	-0.0332181831717	0.026750893718	-0.0472742901349	0.0438654331139	0.00697184207785	-0.011800040004	-0.0273467882853	1.0	-0.0104617231834	0.0608837921653	0.0158602802757	-0.00408045036472	-0.0596969130353	0.0569942147899	-0.0762252548976	-0.0301373978898	0.0595853839695	0.0303637757565	-0.0103563163975	0.0339743236341	-0.0192344334735	-0.0264662550714	-0.0298757073026	0.0378070657487	0.0138337848904	-0.00481165048184	0.00361958533163	-0.00161049791787	0.0158516413685	-0.0399293295945	-0.0301087457141	0.0170298498995	-0.0324420883292	0.0290354562309	-0.00704495617812	-0.0384450505199	0.0137107544506	0.0236776393524	-0.0247779299118	-0.0401844018274	0.0208123941258	-0.00280515080313	-0.0234189932355
k__Bacteria;p__Firmicutes;c__Clostridia;o__Clostridiales;f__Oscillospiraceae;g__Oscillibacter;s__Oscillibacter_sp._KLE_1745	-0.0021930379911	-0.0114411754093	0.0398395663123	-0.0148161818101	0.0828275275895	-0.0218631985577	0.0145664701119	-0.0515798720247	0.05452461011	-0.0191268073892	0.0205802302564	-0.0434586547264	-0.00113189460489	-0.00848876071167	-0.0231193947022	-0.0308598825692	-0.0112997798247	0.00734702690574	0.000638128444695	-0.00272838393911	-0.0797155201046	-0.0138371884274	0.0243497979771	-0.0104617231834	1.0	-0.0571249204956	-0.00527202319238	0.0144422776318	0.0167075690944	0.0199122154506	-0.0104466605776	-0.0237399122992	-0.0555708717801	-0.025227024071	-0.0122557038728	-0.0297006384641	0.0122262707237	0.0860323118513	0.0144850201602	-0.0445778823752	-0.0653347773683	-0.057577949791	-0.0234124598919	-0.00887065096606	0.0110912469222	0.0115826688129	0.0367838685881	0.0343347789453	-0.0144465852829	0.0321202148748	-0.0465783371032	-0.0250488424861	0.0243021868654	-0.0388112666779	0.0193827264415	-0.0309256187941	0.0257980965768	-0.0300108326293	-0.0529769535448
k__Bacteria;p__Bacteroidetes;c__Bacteroidia;o__Bacteroidales;f__Bacteroidaceae;g__Bacteroides;s__Bacteroides_coprophilus	-0.0122716563781	-0.0152407789162	-0.0344500884911	-0.0139372503491	-0.0107850546695	0.0143645395771	0.00466537740331	-0.0511278581247	0.0365641783423	-0.0188990664746	0.0387550440841	-0.0205795059953	0.0116425478403	0.0064617262723	-0.0185212492901	-0.0169888312276	0.0330645865284	-0.000246986997285	-0.0384436208447	-0.0126530821658	0.0274635352902	0.0152064710258	-0.0449885171877	0.0608837921653	-0.0571249204956	1.0	-0.0411438647569	-0.00490276808456	0.0145195107974	-0.0316597807863	-0.00151320877904	0.0302845818419	-0.0361272837765	0.0485823062329	-0.0756410214768	-0.0147945452869	-0.0181684781996	-0.00576966437672	-0.0771541185051	0.007151950466	-0.0120019905421	0.0056790266173	0.0283829377291	0.045241609611	0.0186481914508	0.0426840045744	0.00611003910969	0.0382099734287	-0.0113332976351	0.031625662178	-0.0195078777749	-0.00537027210284	-0.0172851629317	0.00933834675788	-0.0232521878367	0.0365954320986	-0.00706461181851	-0.0624436219008	0.0716558879291
k__Bacteria;p__Firmicutes;c__Clostridia;o__Clostridiales;f__Lachnospiraceae;g__Roseburia;s__Roseburia_intestinalis	-0.0437417555221	0.0121421661938	0.012435260395	0.000963220960276	-0.0436149016258	0.00948302215045	-0.0201155397094	-0.0810501152224	-0.0401032139431	0.048514633148	-0.0126354932612	-0.0785731536276	-0.0306209032977	-0.00350801009889	0.0305466296277	0.000790103731563	-0.000244822395933	-0.00972407507516	-0.0229224416485	0.0178110955371	-0.0459322515306	-0.0438559719579	0.0241868830809	0.0158602802757	-0.00527202319238	-0.0411438647569	1.0	-0.0107235841857	0.0338559602531	0.0389374720833	-0.00772646260222	0.0444326464145	-0.0161309742173	-0.0241495995154	0.00425259507457	-0.0587554704757	-0.0444542754185	0.0189049705412	-0.0387229521874	0.0297125727532	0.0111958843141	-0.0239693166025	-0.00984252006699	0.0361901141676	0.00702175155599	-0.0155020921077	0.0326287664802	-0.0533546727391	-0.00200182594189	-0.0629816246233	0.0127515627481	-0.0169950657262	-0.0132305227969	-0.0548463979028	-0.0101723495013	0.0242446559464	0.0640504986262	-0.00366959167231	0.026114955615
k__Bacteria;p__Firmicutes;c__Clostridia;o__Clostridiales;f__Lachnospiraceae;g__Roseburia;s__Roseburia_hominis	-0.0224523901567	0.0222772061617	-0.045225334284	0.0412759809523	0.0511611546923	0.0199814043624	0.00167211032375	-0.0428976005994	0.00493726303077	-0.0690647374346	-0.0171862990262	0.0651727619766	-0.00414135279631	-0.0587223230102	-0.0453195358581	0.0223257316238	0.0126477166962	0.0509769280548	0.0392205169546	-0.0813366521653	-0.0284664996839	-0.0191174262545	-0.0100637569702	-0.00408045036472	0.0144422776318	-0.00490276808456	-0.0107235841857	1.0	0.0305588262501	-0.0102409418503	-0.00376060767833	0.0136782415242	0.000123181121546	-0.0936398455176	-0.0104986489345	-0.0192805159473	0.0162747449994	0.00319366059413	0.0157178573522	0.0270889111072	-0.0424995172056	-0.0367496537155	-0.0182590224985	-0.0355805165591	-0.0589794463501	0.0452677131482	-0.0180711182851	-0.0266334637111	-0.00996824041316	-0.0119918701263	-0.0709069207396	-0.0536286333635	0.00629889625651	-0.0072586502266	-0.0346303792217	0.046142418674	0.0737770776941	0.0341118331559	0.0160507728901
k__Bacteria;p__Bacteroidetes;c__Bacteroidia;o__Bacteroidales;f__Porphyromonadaceae;g__Parabacteroides;s__Parabacteroides_johnsonii	-0.0218590536758	-0.0365190590373	-0.0363677762522	0.0221979166579	-0.0259665911396	0.0159678548989	-0.00748956172715	0.00790944263832	0.0190510167711	-0.0511670919116	-0.0174138270682	-0.0442933182647	0.0244966067529	-0.0535395433177	0.0120786137491	-0.0207893277608	0.0489526884289	0.0549528528277	0.0405905901704	-0.0352025013752	0.0150038905882	-0.036474964598	0.0610427618677	-0.0596969130353	0.0167075690944	0.0145195107974	0.0338559602531	0.0305588262501	1.0	-0.0462138264774	0.0689082363177	-0.00668286320198	-0.0254515808934	-0.0264259892072	0.0219750031249	0.0201129077782	0.0303802784237	-0.0113119458652	0.010824116187	0.029304554886	-0.0209131986945	-0.0329196681727	-0.00741694220707	-0.0394723891953	0.00790834985759	-0.0146663462297	0.0448520403535	-0.0416928902447	-0.0254778463525	-0.0624880137227	-0.0231851264646	-0.0423319492528	-0.0256865975519	-0.0373066071214	-0.0220501272974	-0.0117055079247	-0.0692202427724	-0.0205715038754	-0.00257410535963
k__Bacteria;p__Actinobacteria;c__Actinobacteria;o__Bifidobacteriales;f__Bifidobacteriaceae;g__Bifidobacterium;s__Bifidobacterium_longum	-0.00731069173936	-0.0107801870729	-0.0248808847296	0.0145545905744	-0.0513213660023	0.00550143831663	-0.0529938713511	-0.00752252117078	0.0336542464253	-0.0122009029897	-0.0381087495158	-0.0367914964365	-0.0364186077222	0.0335274795034	0.0222375317412	-0.0261913403292	-0.00153549469198	-0.00701435083228	-0.0143985709052	0.0116894410194	-0.0381556467735	-0.0360992828436	-0.0302423910644	0.0569942147899	0.0199122154506	-0.0316597807863	0.0389374720833	-0.0102409418503	-0.0462138264774	1.0	-0.0234903344236	0.0133490667273	-0.0363999638739	0.0584468220793	-0.00908645531556	-0.0106520564365	-0.0110036308461	0.00328952491737	0.0106388004101	0.0149583882142	0.0128368391277	-0.0229549171055	0.000712323405443	-0.0102734972217	-0.0279689285794	0.00733161816043	0.00977161372852	-0.00657192557669	0.0394127225605	0.0427228761265	0.0197791768178	0.00769593418814	-0.0191821044382	-0.0394643089432	0.0219296383443	0.00288892952034	-0.0500578370537	-0.0184926785164	-0.0260361412791
