#taxonomy	k__Bacteria;p__Bacteroidetes;c__Bacteroidia;o__Bacteroidales;f__Bacteroidaceae;g__Bacteroides;s__Bacteroides_vulgatus	k__Bacteria;p__Bacteroidetes;c__Bacteroidia;o__Bacteroidales;f__Bacteroidaceae;g__Bacteroides;s__Bacteroides_uniformis	k__Bacteria;p__Bacteroidetes;c__Bacteroidia;o__Bacteroidales;f__Rikenellaceae;g__Alistipes;s__Alistipes_putredinis	k__Bacteria;p__Bacteroidetes;c__Bacteroidia;o__Bacteroidales;f__Prevotellaceae;g__Prevotella;s__Prevotella_copri	k__Bacteria;p__Bacteroidetes;c__Bacteroidia;o__Bacteroidales;f__Bacteroidaceae;g__Bacteroides;s__Bacteroides_stercoris	k__Bacteria;p__Bacteroidetes;c__Bacteroidia;o__Bacteroidales;f__Bacteroidaceae;g__Bacteroides;s__Bacteroides_ovatus	k__Bacteria;p__Bacteroidetes;c__Bacteroidia;o__Bacteroidales;f__Rikenellaceae;g__Alistipes;s__Alistipes_shahii	k__Bacteria;p__Firmicutes;c__Clostridia;o__Clostridiales;f__Ruminococcaceae;g__Faecalibacterium;s__Faecalibacterium_prausnitzii	k__Bacteria;p__Bacteroidetes;c__Bacteroidia;o__Bacteroidales;f__Rikenellaceae;g__Alistipes;s__Alistipes_finegoldii	k__Bacteria;p__Bacteroidetes;c__Bacteroidia;o__Bacteroidales;f__Porphyromonadaceae;g__Parabacteroides;s__Parabacteroides_distasonis	k__Bacteria;p__Bacteroidetes;c__Bacteroidia;o__Bacteroidales;f__Bacteroidaceae;g__Bacteroides;s__Bacteroides_thetaiotaomicron	k__Bacteria;p__Bacteroidetes;c__Bacteroidia;o__Bacteroidales;f__Bacteroidaceae;g__Bacteroides;s__Bacteroides_coprocola	k__Bacteria;p__Bacteroidetes;c__Bacteroidia;o__Bacteroidales;f__Bacteroidaceae;g__Bacteroides;s__Bacteroides_cellulosilyticus	k__Bacteria;p__Bacteroidetes;c__Bacteroidia;o__Bacteroidales;f__Rikenellaceae;g__Alistipes;s__Alistipes_obesi	k__Bacteria;p__Firmicutes;c__Clostridia;o__Clostridiales;f__Lachnospiraceae;g__;s__[Eubacterium]_rectale	k__Bacteria;p__Bacteroidetes;c__Bacteroidia;o__Bacteroidales;f__Bacteroidaceae;g__Bacteroides;s__Bacteroides_plebeius	k__Bacteria;p__Bacteroidetes;c__Bacteroidia;o__Bacteroidales;f__Bacteroidaceae;g__Bacteroides;s__Bacteroides_fragilis	k__Bacteria;p__Proteobacteria;c__Betaproteobacteria;o__Burkholderiales;f__Sutterellaceae;g__Sutterella;s__Sutterella_wadsworthensis	k__Bacteria;p__Bacteroidetes;c__Bacteroidia;o__Bacteroidales;f__Porphyromonadaceae;g__Barnesiella;s__Barnesiella_intestinihominis	k__Bacteria;p__Bacteroidetes;c__Bacteroidia;o__Bacteroidales;f__Odoribacteraceae;g__Odoribacter;s__Odoribacter_splanchnicus	k__Bacteria;p__Bacteroidetes;c__Bacteroidia;o__Bacteroidales;f__Bacteroidaceae;g__Bacteroides;s__Bacteroides_salyersiae	k__Bacteria;p__Firmicutes;c__Clostridia;o__Clostridiales;f__Ruminococcaceae;g__Ruminiclostridium;s__[Eubacterium]_siraeum	k__Bacteria;p__Proteobacteria;c__Betaproteobacteria;o__Burkholderiales;f__Sutterellaceae;g__Parasutterella;s__Parasutterella_excrementihominis	k__Bacteria;p__Actinobacteria;c__Actinobacteria;o__Bifidobacteriales;f__Bifidobacteriaceae;g__Bifidobacterium;s__Bifidobacterium_adolescentis	k__Bacteria;p__Firmicutes;c__Clostridia;o__Clostridiales;f__Oscillospiraceae;g__Oscillibacter;s__Oscillibacter_sp._KLE_1745	k__Bacteria;p__Bacteroidetes;c__Bacteroidia;o__Bacteroidales;f__Bacteroidaceae;g__Bacteroides;s__Bacteroides_coprophilus	k__Bacteria;p__Firmicutes;c__Clostridia;o__Clostridiales;f__Lachnospiraceae;g__Roseburia;s__Roseburia_intestinalis	k__Bacteria;p__Firmicutes;c__Clostridia;o__Clostridiales;f__Lachnospiraceae;g__Roseburia;s__Roseburia_hominis	k__Bacteria;p__Bacteroidetes;c__Bacteroidia;o__Bacteroidales;f__Porphyromonadaceae;g__Parabacteroides;s__Parabacteroides_johnsonii	k__Bacteria;p__Actinobacteria;c__Actinobacteria;o__Bifidobacteriales;f__Bifidobacteriaceae;g__Bifidobacterium;s__Bifidobacterium_longum	k__Bacteria;p__Firmicutes;c__Clostridia;o__Clostridiales;f__;g__Flavonifractor;s__Flavonifractor_plautii	k__Bacteria;p__Firmicutes;c__Clostridia;o__Clostridiales;f__Clostridiaceae;g__Clostridium;s__Clostridium_phoceensis	k__Bacteria;p__Verrucomicrobia;c__Verrucomicrobiae;o__Verrucomicrobiales;f__Akkermansiaceae;g__Akkermansia;s__Akkermansia_muciniphila	k__Bacteria;p__Bacteroidetes;c__Bacteroidia;o__Bacteroidales;f__Prevotellaceae;g__Paraprevotella;s__Paraprevotella_xylaniphila	k__Bacteria;p__Firmicutes;c__Clostridia;o__Clostridiales;f__Ruminococcaceae;g__Ruminococcus;s__Ruminococcus_callidus	k__Bacteria;p__Bacteroidetes;c__Bacteroidia;o__Bacteroidales;f__Rikenellaceae;g__Alistipes;s__Alistipes_senegalensis	k__Bacteria;p__Firmicutes;c__Clostridia;o__Clostridiales;f__Lachnospiraceae;g__Blautia;s__Blautia_sp._KLE_1732	k__Bacteria;p__Bacteroidetes;c__Bacteroidia;o__Bacteroidales;f__Bacteroidaceae;g__Bacteroides;s__Bacteroides_oleiciplenus	k__Bacteria;p__Firmicutes;c__Clostridia;o__Clostridiales;f__Ruminococcaceae;g__Ruminococcus;s__Ruminococcus_bicirculans	k__Bacteria;p__Bacteroidetes;c__Bacteroidia;o__Bacteroidales;f__Bacteroidaceae;g__Bacteroides;s__Bacteroides_fluxus	k__Bacteria;p__Bacteroidetes;c__Bacteroidia;o__Bacteroidales;f__Prevotellaceae;g__Prevotella;s__Prevotella_stercorea	k__Bacteria;p__Firmicutes;c__Clostridia;o__Clostridiales;f__Lachnospiraceae;g__Dorea;s__Dorea_longicatena	k__Bacteria;p__Firmicutes;c__Clostridia;o__Clostridiales;f__Eubacteriaceae;g__Eubacterium;s__[Eubacterium]_eligens	k__Bacteria;p__Firmicutes;c__Clostridia;o__Clostridiales;f__Ruminococcaceae;g__;s__Ruminococcaceae_bacterium_D16	k__Bacteria;p__Firmicutes;c__Clostridia;o__Clostridiales;f__Lachnospiraceae;g__Coprococcus;s__Coprococcus_comes	k__Bacteria;p__Proteobacteria;c__Gammaproteobacteria;o__Enterobacterales;f__Enterobacteriaceae;g__Escherichia;s__Escherichia_coli	k__Bacteria;p__Firmicutes;c__Clostridia;o__Clostridiales;f__Ruminococcaceae;g__Anaerotruncus;s__Anaerotruncus_colihominis	k__Bacteria;p__Firmicutes;c__Clostridia;o__Clostridiales;f__Lachnospiraceae;g__Blautia;s__Blautia_obeum	k__Bacteria;p__Bacteroidetes;c__Bacteroidia;o__Bacteroidales;f__Odoribacteraceae;g__Odoribacter;s__Odoribacter_laneus	k__Bacteria;p__Firmicutes;c__Clostridia;o__Clostridiales;f__Ruminococcaceae;g__Ruminiclostridium;s__[Clostridium]_leptum	k__Bacteria;p__Bacteroidetes;c__Bacteroidia;o__Bacteroidales;f__Porphyromonadaceae;g__Parabacteroides;s__Parabacteroides_goldsteinii	k__Bacteria;p__Firmicutes;c__Clostridia;o__Clostridiales;f__Lachnospiraceae;g__Anaerostipes;s__Anaerostipes_hadrus	k__Bacteria;p__Firmicutes;c__Clostridia;o__Clostridiales;f__Ruminococcaceae;g__Ruminococcus;s__Ruminococcus_lactaris	k__Bacteria;p__Firmicutes;c__Clostridia;o__Clostridiales;f__Clostridiaceae;g__Clostridium;s__Clostridium_sp._L2-50	k__Bacteria;p__Firmicutes;c__Clostridia;o__Clostridiales;f__Clostridiaceae;g__Clostridium;s__Clostridium_sp._M62/1	k__Bacteria;p__Firmicutes;c__Clostridia;o__Clostridiales;f__;g__Intestinimonas;s__Intestinimonas_butyriciproducens	k__Bacteria;p__Actinobacteria;c__Actinobacteria;o__Bifidobacteriales;f__Bifidobacteriaceae;g__Bifidobacterium;s__Bifidobacterium_bifidum	k__Bacteria;p__Firmicutes;c__Negativicutes;o__Veillonellales;f__Veillonellaceae;g__Dialister;s__Dialister_invisus	k__Bacteria;p__Bacteroidetes;c__Bacteroidia;o__Bacteroidales;f__Bacteroidaceae;g__Bacteroides;s__Bacteroides_salanitronis
k__Bacteria;p__Bacteroidetes;c__Bacteroidia;o__Bacteroidales;f__Bacteroidaceae;g__Bacteroides;s__Bacteroides_vulgatus	1.0	0.0293065341583	0.00456387284966	-0.00268311150975	-0.0455210245209	0.0289212095831	-0.00529779315726	-0.014860773721	-0.0341494615133	-0.0326031575636	-0.000463448144941	0.00695381056735	0.00508692311053	0.0582790696912	-0.00605378690654	-0.0066957976024	0.0139913968816	-0.00148939242882	0.0269102045573	-0.00444236850493	-0.02602365214	0.0418914824356	-0.00818710384035	-0.0267961247699	-0.0173314562957	-0.0161824715689	-0.0152650779253	0.00195453974008	-0.0206915881918	0.0370784714785	-0.0682861289769	0.0235828147286	-0.0152826803242	-0.0330934285387	-0.0270028821726	-0.0175803298028	0.00222088933177	0.0407672192699	-0.0292021393425	-0.00824860262087	-0.0127739903183	-0.0287560466897	-0.0030980723527	0.0668086405556	0.0301674416579	0.0198980448405	-0.00690081685754	0.0527942363696	0.028802171281	0.0174383252261	0.00401342935679	-0.0110202059639	-0.0646976362499	-0.0153533791952	0.0390906828399	-0.0210338536474	0.0446732547653	-0.019200219787	-0.0201225448038
k__Bacteria;p__Bacteroidetes;c__Bacteroidia;o__Bacteroidales;f__Bacteroidaceae;g__Bacteroides;s__Bacteroides_uniformis	0.0293065341583	1.0	0.00726205495881	0.0187622586851	-0.00147969115902	0.0592388652864	-0.0528799997105	-0.0269780139256	0.0382214043122	0.0115525075118	0.00737880939712	-0.0265420811759	0.00439950819272	0.00528701487878	0.0483237081445	-0.0151172199165	-0.0257579393817	-0.015556267344	-0.025943362826	0.0432743119306	-0.0298047479077	0.00296874155698	-0.0110199058865	0.0420910390763	-0.0440380581453	0.0219211647122	-0.0161701449669	0.0381044735862	0.0454235791181	-0.0014945551387	-0.0650350446904	-0.0375683815779	-0.0176648221402	0.000491046014572	0.0453268309228	-0.0171677944046	-0.0203606439981	-0.0356181701206	0.0308634506413	-0.0631758798025	0.024581477995	0.00198391433375	0.0163607282652	-0.0700967735778	-0.0353733325028	-0.0308073824176	0.0201998514028	0.000194681317931	0.0147212924303	0.00768654294991	0.042480421356	-0.0135319950039	0.0191669887557	-0.0161028059054	-0.0446111065121	-0.020797130812	0.00014718952963	-0.0130017707563	0.0270374924662
k__Bacteria;p__Bacteroidetes;c__Bacteroidia;o__Bacteroidales;f__Rikenellaceae;g__Alistipes;s__Alistipes_putredinis	0.00456387284966	0.00726205495881	1.0	-0.0119962532278	-0.000909189981822	-0.0180936135772	-0.0183939297434	0.0256175374492	-0.00448152613338	-0.0166545795069	-0.0226540780559	-0.0174633579214	-0.0440445193787	0.0607240951155	0.0134596245242	0.019917157385	-0.0159502484676	-0.0223757363473	0.00737555809854	-0.040368653871	-0.0210811010069	-0.0295935584051	-0.0196988173758	0.0230409431023	-0.0209056376302	0.00076152887464	-0.03634105169	-0.0927147424252	-0.0767041261135	-0.000187640220027	0.0452323848407	0.0122219022756	0.0205889034356	-0.0649701984431	0.0243362759559	0.0140953667708	-0.00991957031478	-0.0167869330003	0.0354737751027	0.00204940862936	-0.00383330648923	0.0407765613315	0.0091242307621	-0.017573173555	0.00690670791604	-0.0507918119568	0.00961920761833	-0.0508948924401	-0.0176344856198	-0.0333426056243	-0.0277239007451	-0.0023576080669	0.0117267344613	0.00496773918666	-0.0050334368856	-0.0203613435361	0.00172693196875	-0.0159341887613	-0.0363058241839
k__Bacteria;p__Bacteroidetes;c__Bacteroidia;o__Bacteroidales;f__Prevotellaceae;g__Prevotella;s__Prevotella_copri	-0.00268311150975	0.0187622586851	-0.0119962532278	1.0	-0.0201164066926	0.0129650893121	-0.0274280071769	0.00402403574318	0.0629257515357	0.00205348737211	-0.00835168735534	0.0465353259328	-0.0394877812704	-0.0406706170912	0.0430517826374	0.00877131064593	-0.0091930785981	-0.0189855168925	0.0550431655625	-0.00118423748169	0.0126910200378	-0.0028821663806	-0.0295757364469	0.00488771868091	0.0151872439622	0.0146293040645	0.0255012576808	0.0299015704029	0.0368240802901	-0.0309800383903	-0.0675858962762	0.0506399470361	0.0346464707354	-0.013397383788	-0.00373597978235	-0.041084080008	0.00126456108167	-0.00806775216062	-0.0479458166497	-0.0250980988936	-0.0728455509371	-0.00946873089721	-0.00781688865659	-0.0403954688455	-0.00666027315575	0.0241755252219	-0.0478587922372	-0.0369729056448	0.0269831934405	-0.0374083051762	-0.0411979453994	-0.0078665767666	0.00237548560265	-0.00866938412905	-0.0467670781256	0.00408095222729	0.0483805195155	-0.0248886255507	0.0455691443172
k__Bacteria;p__Bacteroidetes;c__Bacteroidia;o__Bacteroidales;f__Bacteroidaceae;g__Bacteroides;s__Bacteroides_stercoris	-0.0455210245209	-0.00147969115902	-0.000909189981822	-0.0201164066926	1.0	0.00118134815374	-0.00934708586089	-0.0404215441082	-0.0302318901559	-0.0162147250893	0.00357733499337	0.0681108933269	0.0185001525044	-0.0108616135659	-0.0311275600142	0.0376211083999	0.00865858250543	0.00755358103651	-0.0080591298095	-0.0226824358244	0.00820198762727	-0.0566420755732	0.00388523367169	-0.0602902321921	-0.0220238066289	0.0702627377814	-0.0394000287775	-0.084433557232	-0.0474292234612	-0.0646955779454	0.00159855330441	-0.0759161436739	0.000535333341928	-0.0334497330559	-0.0242277607974	-0.0189294574978	0.00547967293605	0.00626603403234	-0.0182884790586	0.0878651149336	-0.00341869400575	0.0486015132314	0.0535493494138	-0.00994015621016	0.0318091751211	-0.025446807815	0.0298991945368	-0.000383178062889	-0.00100782396141	-0.0490369758214	-0.0510061243388	-0.0156063400595	-0.0363166039198	0.0383464169462	-0.0588585573035	-0.0266880837276	-0.04701593857	-0.0266714976946	-0.039677696805
k__Bacteria;p__Bacteroidetes;c__Bacteroidia;o__Bacteroidales;f__Bacteroidaceae;g__Bacteroides;s__Bacteroides_ovatus	0.0289212095831	0.0592388652864	-0.0180936135772	0.0129650893121	0.00118134815374	1.0	0.00668913171561	0.00679727165237	0.0161791509072	-0.0434349525992	0.000888896723335	0.0298406075028	-0.0151616833395	-0.004351880362	0.00357951090708	-0.0288356546707	-0.0188089726894	0.00740214992793	-0.0405530554621	0.0110587960581	-0.0474586562013	0.00249519075474	0.0378729657238	-0.0085420188113	-0.0407840177305	-0.0214760066253	-0.0417589797676	-0.0336316878985	0.060121257359	-0.0113336093646	0.00310193427604	0.0163357704541	-0.00337751869979	-0.073089218044	-0.0828246559581	-0.0545101376924	0.00652385759608	-0.036279976423	0.0362525555901	-0.0340600278669	-0.00936261644593	-0.0551045012871	0.00861219294372	-0.0130728865775	-0.0211596491282	-0.0465811719133	0.0280416971423	-0.0112084588045	-0.0275528690796	-0.0133547069215	0.0302152418954	-0.0154367381509	0.0173093550253	0.0239452798359	-0.016205160751	-0.0183965771149	0.00574356226425	-0.0357947320236	0.00564415744111
k__Bacteria;p__Bacteroidetes;c__Bacteroidia;o__Bacteroidales;f__Rikenellaceae;g__Alistipes;s__Alistipes_shahii	-0.00529779315726	-0.0528799997105	-0.0183939297434	-0.0274280071769	-0.00934708586089	0.00668913171561	1.0	-0.0726225797828	-0.0213343640916	-0.0105660465963	-0.0119025510716	-0.0481074962967	-0.0336679752597	-0.00711170554978	0.0192062395691	-0.0215222813252	-0.00473704337355	0.0556317977087	-0.0126339112681	-0.0382304693928	-0.0031121751653	0.0334865480516	0.00614393959797	-0.0126414114296	0.0255722144543	0.0158913229764	0.0441587503979	0.000878771029309	-0.019598857438	-0.0675229395898	-0.0202664348162	0.00549493657343	0.0287830602534	-0.0160945093527	0.0671734685873	-0.0269487950242	0.0302616791514	-0.00521357397464	0.00245341889759	0.00844578508666	0.0378956035995	-0.0705286407817	0.0184000286328	0.0175773571941	-0.0027781456218	0.000450971896006	-0.0257533148576	-0.0368204221168	-0.00554671853758	0.00353844067384	0.0141064175886	-0.025406606753	-0.0100081234782	-0.082218687574	-0.0229363713207	0.0281306914609	0.0345038264714	0.0140609593511	-0.0401537281956
k__Bacteria;p__Firmicutes;c__Clostridia;o__Clostridiales;f__Ruminococcaceae;g__Faecalibacterium;s__Faecalibacterium_prausnitzii	-0.014860773721	-0.0269780139256	0.0256175374492	0.00402403574318	-0.0404215441082	0.00679727165237	-0.0726225797828	1.0	-0.00729331996851	0.0454830766737	-0.00454827486496	-0.0250781010215	0.0092208091223	-0.0170890981736	0.0421427247038	-0.027995624243	-0.0876684295765	-0.00619979605708	-0.0282443047963	-0.0534348241749	0.00911354820653	0.0128271461037	0.0746502912469	0.00378559705093	0.00469914653555	-0.0571257914343	-0.0560388156762	0.00743788391883	-0.00470623498071	0.038077862745	0.0211121106998	0.0550500126448	-0.0570235048191	0.0570362100977	-0.0324827828415	0.0243688076226	0.0303754193837	-0.023503651919	0.0106721640452	0.0229368658846	0.0262943767117	0.0608734485213	-0.0107883139059	0.015663730399	-0.0550760238718	0.0595422904477	-0.0118144962293	-0.0226944679071	-0.039253113085	-0.0331378855598	0.0781141932359	-0.0332931286434	-0.0163451654354	-0.00439004357053	0.0438746322017	-0.0303350961903	0.00495574625539	-0.0153943046335	-0.0590210891855
k__Bacteria;p__Bacteroidetes;c__Bacteroidia;o__Bacteroidales;f__Rikenellaceae;g__Alistipes;s__Alistipes_finegoldii	-0.0341494615133	0.0382214043122	-0.00448152613338	0.0629257515357	-0.0302318901559	0.0161791509072	-0.0213343640916	-0.00729331996851	1.0	-0.0235972517398	-0.00142908702101	-0.0300046041399	-0.0106203684742	0.0308174654934	-0.0559199876864	0.0106227107269	0.0653327632327	-0.0217061025905	-0.0173339261237	0.0154057765306	-0.000871273010123	0.0236397406433	-0.0343400216027	-0.0552330692883	-0.0400942253632	0.0306862262612	0.0104968954274	-7.69331731049e-05	0.032847628136	0.0218842310702	-0.00296171838132	0.0591938008304	-0.0110048141343	-0.000842618405579	-0.0612771542205	-0.0165561593836	0.00946532350744	-0.00702738328019	-0.0453985273461	0.0923488836683	-0.0384408491968	-0.0134362201581	0.0395677970872	0.00992302869051	-0.0140427199418	-0.0300291116168	-0.0483590194794	0.0450069294596	-0.0227520177854	0.00758148922051	-0.0164819331182	-0.0221542051017	-0.0425841709048	0.0482487392987	0.00909194042862	-0.0137028502883	-0.0475672800121	-0.00670799145192	0.00953289083022
k__Bacteria;p__Bacteroidetes;c__Bacteroidia;o__Bacteroidales;f__Porphyromonadaceae;g__Parabacteroides;s__Parabacteroides_distasonis	-0.0326031575636	0.0115525075118	-0.0166545795069	0.00205348737211	-0.0162147250893	-0.0434349525992	-0.0105660465963	0.0454830766737	-0.0235972517398	1.0	0.00798289977565	-0.0509816308779	-0.042794596826	0.0437570874255	0.0113538712695	0.0175875737808	-0.0120480370143	-0.00267749538619	0.0626610860181	0.0142081822199	0.0239958846298	0.0324887103432	-0.0370064495304	0.00147410340171	-0.00661299274608	-0.0496957960479	0.00317099034627	0.00810067044592	0.0465886757746	0.000495616283269	-0.00793213980054	-0.00566090004073	0.0254771674207	0.0267015887743	-0.0169441666928	0.0205884264997	0.0266447630029	-0.0251177296477	-0.000920467579759	-0.0107547954129	-0.0386846437162	-0.0137514290083	0.0311406804489	-0.0356422626261	-0.0451023090829	0.0044997485925	-0.0638576513791	-0.0090133467936	0.0267831474752	-0.00110520679002	-0.0189845376215	-0.0509644591245	0.0135473232983	-0.0440652673399	-0.0210736502596	0.00989402519555	0.0134062416488	-0.00989344300734	-0.036422012418
k__Bacteria;p__Bacteroidetes;c__Bacteroidia;o__Bacteroidales;f__Bacteroidaceae;g__Bacteroides;s__Bacteroides_thetaiotaomicron	-0.000463448144941	0.00737880939712	-0.0226540780559	-0.00835168735534	0.00357733499337	0.000888896723335	-0.0119025510716	-0.00454827486496	-0.00142908702101	0.00798289977565	1.0	0.0107042786108	0.0180162639428	0.0359925831612	0.0399468187399	-0.00556602878792	0.0304237257599	0.00749686709585	0.0155343357579	0.00464708195814	-0.0465055851042	0.00977047029846	-0.0100953711181	0.0194834483402	0.0313993103038	-0.0519088500691	-0.0188361638363	0.0322725763217	-0.0210075754612	0.00802922622644	-0.0299360824961	-0.00628336775154	-0.0708584326439	-0.0643071346423	-0.0144238685119	-0.0336859886537	-0.0467564835044	-0.0146793829702	-0.0014688008762	-0.0236618756531	-0.018486042916	-0.0271410698198	-0.0471789516824	0.00191070968955	-0.00557715101078	0.0229524110179	-0.0528751431708	-0.0318124742161	-0.0286678501414	0.0311061279634	0.0336501225564	0.0275153137195	-0.018148021041	0.00501737723278	-0.00454913506346	0.0392730078811	0.0567303245831	-0.00149833343079	-0.00912911207188
k__Bacteria;p__Bacteroidetes;c__Bacteroidia;o__Bacteroidales;f__Bacteroidaceae;g__Bacteroides;s__Bacteroides_coprocola	0.00695381056735	-0.0265420811759	-0.0174633579214	0.0465353259328	0.0681108933269	0.0298406075028	-0.0481074962967	-0.0250781010215	-0.0300046041399	-0.0509816308779	0.0107042786108	1.0	0.0113862044947	0.028924178241	0.0193864954679	0.0101715568101	0.051099250723	-0.0301616175934	-0.0150249549809	0.0173935856736	0.0181046526363	0.0109275727859	0.00534972337048	-0.0134468311566	0.0257444552155	-0.0179811251212	-0.0261042951438	-0.027824967399	0.01635352135	0.0420883643637	-0.0273363626523	0.0115775360854	-0.016521797601	-0.0238149615665	-0.0476300378014	0.0202093313544	-0.00822648044046	-0.0408155622033	0.0360622327	-0.0211155581157	-0.00405734401414	-0.0263686121289	0.0505015860622	0.0335193189373	-0.0368964734843	0.0218468160151	-0.0154344018304	-0.0426602690105	0.0105358392871	0.00803634189461	3.34938622398e-05	0.00754284411696	-0.0400868695958	-0.0256896988603	-0.00928294739619	-0.0449430035154	-0.0586262841596	-0.039320955781	0.00166075309709
k__Bacteria;p__Bacteroidetes;c__Bacteroidia;o__Bacteroidales;f__Bacteroidaceae;g__Bacteroides;s__Bacteroides_cellulosilyticus	0.00508692311053	0.00439950819272	-0.0440445193787	-0.0394877812704	0.0185001525044	-0.0151616833395	-0.0336679752597	0.0092208091223	-0.0106203684742	-0.042794596826	0.0180162639428	0.0113862044947	1.0	-0.0045551551027	0.0173989480565	-0.0600455892388	-0.0156940562531	-0.0213408233739	-0.0152933454849	-0.0378217720814	0.00610442388449	-0.0147260677979	-0.0499110285313	-0.00918535043109	0.0106472139122	-0.000529449407227	-0.00614449239318	0.0165632884384	-0.00173231413987	-0.0287378726608	-0.0338447798453	-0.0458311925347	-0.0243437751747	0.0458046804034	-0.0636151352824	-0.0321261596126	0.00743353673792	0.0125398027522	0.0251069214629	-0.0277347328236	0.030012307263	0.00997716638288	-0.0136144412251	0.0385780784925	0.00755290961907	0.0114784038839	0.0320947788978	-0.000690923513906	0.0102019862531	0.0028632559734	0.0348029176286	-0.00841581775848	0.0168088451856	-0.0304666117216	-0.00266068179569	-0.0317615584553	-0.0518245458749	-0.0011952882193	0.0247539533495
k__Bacteria;p__Bacteroidetes;c__Bacteroidia;o__Bacteroidales;f__Rikenellaceae;g__Alistipes;s__Alistipes_obesi	0.0582790696912	0.00528701487878	0.0607240951155	-0.0406706170912	-0.0108616135659	-0.004351880362	-0.00711170554978	-0.0170890981736	0.0308174654934	0.0437570874255	0.0359925831612	0.028924178241	-0.0045551551027	1.0	-0.0109684964188	0.0052509866638	-0.0329752110055	0.0251185029253	-0.00711368481525	-0.000810219576596	-0.0211705325374	-0.072369268682	0.00867083078594	0.00159036058049	-0.0129551457487	-0.035375085854	0.00427026930667	-0.0125599914163	-0.00618886924912	-0.0151443982157	0.00859839627462	0.00734270876282	-0.00808753437428	0.0168477873948	0.00282142379653	-0.0135601647745	-0.0868003792486	-0.0193322742975	0.019748190705	-0.0373604767049	0.00239677209661	0.0311528668573	-0.0388526282602	-0.00746038950008	0.0461153127049	-0.0580862893472	-0.045824760732	0.017639473422	-0.0173580026431	0.0141323509811	0.0616460721476	-0.0181024136924	-0.030031381533	0.0247758854014	-0.0151136168139	0.0104755829298	0.0436426361161	0.0218517966471	-0.0538040285047
k__Bacteria;p__Firmicutes;c__Clostridia;o__Clostridiales;f__Lachnospiraceae;g__;s__[Eubacterium]_rectale	-0.00605378690654	0.0483237081445	0.0134596245242	0.0430517826374	-0.0311275600142	0.00357951090708	0.0192062395691	0.0421427247038	-0.0559199876864	0.0113538712695	0.0399468187399	0.0193864954679	0.0173989480565	-0.0109684964188	1.0	-0.0252756319669	0.00583961536624	0.0433569858124	-0.0729157260194	-0.0100087518298	-0.00171767699042	0.0246679029881	0.00291703926884	-0.045083457242	-0.00995121743916	-0.0488938722758	-0.0519344110176	0.0140828937084	0.0378373824963	-0.0495949948903	-0.0482382349093	-0.0553305039276	0.0209020483171	-0.0369712773234	-0.0427425149218	-0.0239796550447	-0.0197863378574	0.00466043790133	0.0028504256645	-0.0601836357996	-0.0188421889394	-0.00171240192628	-0.00956585884122	-0.0395534131304	0.0518572198179	0.0151955775489	-0.0217044872929	0.00325571262678	-0.0155847086871	-0.023920259694	-0.0350577907771	0.0227552058	0.00539783035981	-0.0386005641563	-0.0026943559947	-0.0207205846666	0.0410206873817	-0.0265816994524	-0.0489029456888
k__Bacteria;p__Bacteroidetes;c__Bacteroidia;o__Bacteroidales;f__Bacteroidaceae;g__Bacteroides;s__Bacteroides_plebeius	-0.0066957976024	-0.0151172199165	0.019917157385	0.00877131064593	0.0376211083999	-0.0288356546707	-0.0215222813252	-0.027995624243	0.0106227107269	0.0175875737808	-0.00556602878792	0.0101715568101	-0.0600455892388	0.0052509866638	-0.0252756319669	1.0	-0.0254374370565	0.00637757820693	-0.0213738358078	0.0323850418022	0.0248210296127	-0.0082992947712	-0.0239599615407	-0.0207351866327	-0.0588958508234	0.0159287314691	0.0363521563798	-0.028856633753	-0.00213575006391	-0.0318611625722	0.00831087420845	0.0260301846783	-0.0337238204977	-0.030576588521	-0.0146945416389	-0.0360647984868	-0.0239192702307	-0.0225210011958	-0.0233829644789	0.0257720822614	0.0292792861247	0.0227509077153	-0.0194757206728	0.00644000775562	-0.0673653084044	0.059978083924	0.0254463839716	-0.030723420797	-0.0390958514932	0.0615952610172	-0.00224039666313	-0.0155553805376	-0.0410911268	-0.0246516541565	-0.021406323741	-0.0256106738237	-0.0279556000468	-0.0478835968151	-0.0495769278687
k__Bacteria;p__Bacteroidetes;c__Bacteroidia;o__Bacteroidales;f__Bacteroidaceae;g__Bacteroides;s__Bacteroides_fragilis	0.0139913968816	-0.0257579393817	-0.0159502484676	-0.0091930785981	0.00865858250543	-0.0188089726894	-0.00473704337355	-0.0876684295765	0.0653327632327	-0.0120480370143	0.0304237257599	0.051099250723	-0.0156940562531	-0.0329752110055	0.00583961536624	-0.0254374370565	1.0	-0.0602824438875	-0.0141223306765	0.0362121509433	0.000111238238143	-0.0523723819542	0.0176942624987	0.0497928365018	-0.027275487841	-0.00810146751719	0.0747882239512	0.0159875529466	0.000855022270169	-0.0821694697881	0.000741089934269	-0.00419712510585	-0.0321356936459	-0.00276675267246	-0.0635931127571	-0.0165799901784	-0.0556682193038	-0.0126647462993	-0.0157691943404	-0.0276969053232	-0.0086177651365	0.0381055801129	0.0400881996229	-0.055673817015	-0.0166173028154	0.0123266600167	0.0266466104895	-0.0111388883142	-0.0218734743178	-0.0249565814342	0.0469839613259	-0.0152348016543	-0.0200152357131	-0.0303884434779	0.0146496201908	-0.0337884306825	0.0353713222347	0.0176032703843	-0.00631726300276
k__Bacteria;p__Proteobacteria;c__Betaproteobacteria;o__Burkholderiales;f__Sutterellaceae;g__Sutterella;s__Sutterella_wadsworthensis	-0.00148939242882	-0.015556267344	-0.0223757363473	-0.0189855168925	0.00755358103651	0.00740214992793	0.0556317977087	-0.00619979605708	-0.0217061025905	-0.00267749538619	0.00749686709585	-0.0301616175934	-0.0213408233739	0.0251185029253	0.0433569858124	0.00637757820693	-0.0602824438875	1.0	-0.0336229789594	0.0458811354635	-0.0636849252315	-0.0435698447217	0.0588157840471	-0.0325368333521	0.0304368500609	0.00385443294678	0.0457147947688	0.000851186388203	0.0289474260108	-0.0624642311719	-0.0346826739177	-0.029036352796	0.0651401824903	-0.00692559161969	0.00252800552904	-0.0127519552613	0.00726930619355	-0.0406674116549	-0.0381431491989	-6.11325138322e-05	-0.025554741739	0.056621921436	-0.0097786041552	-0.0136026838699	-0.0274526464079	-0.00899214873889	-0.0600751776246	-0.00915768539738	-0.0153895578327	0.000267551982344	-0.00626403092437	0.0452793179674	-0.00831004710569	0.0484770256151	-0.0465788514725	-0.0223758330176	-0.0087055569895	0.00803097566729	-0.0365944149268
k__Bacteria;p__Bacteroidetes;c__Bacteroidia;o__Bacteroidales;f__Porphyromonadaceae;g__Barnesiella;s__Barnesiella_intestinihominis	0.0269102045573	-0.025943362826	0.00737555809854	0.0550431655625	-0.0080591298095	-0.0405530554621	-0.0126339112681	-0.0282443047963	-0.0173339261237	0.0626610860181	0.0155343357579	-0.0150249549809	-0.0152933454849	-0.00711368481525	-0.0729157260194	-0.0213738358078	-0.0141223306765	-0.0336229789594	1.0	0.0258903864063	0.0218404153439	-0.00956799809686	-0.0130181984247	-0.0475737458116	-0.00470358250676	-0.0142738163752	0.0646237494039	-0.0222535944946	0.048360888171	-0.0639603592801	-0.00394969749228	0.0632863590449	-0.0386158404797	0.0445025835795	-0.0283151002595	-0.0073936504251	-0.0235531328415	0.0594847827522	-0.0546524545484	0.0187727982165	-0.066404423993	0.00848127973624	-0.00282979706677	-0.0181837796833	-0.0668453386748	0.07445468546	-0.0148486761696	0.0594890968425	-0.0344693272588	-0.0160666192162	-0.039202204973	-0.0263606515758	-0.0359044153643	-0.0456290808063	0.0185696994989	-0.0169891533065	0.0386254185194	-0.0101859242776	-0.0242387320953
k__Bacteria;p__Bacteroidetes;c__Bacteroidia;o__Bacteroidales;f__Odoribacteraceae;g__Odoribacter;s__Odoribacter_splanchnicus	-0.00444236850493	0.0432743119306	-0.040368653871	-0.00118423748169	-0.0226824358244	0.0110587960581	-0.0382304693928	-0.0534348241749	0.0154057765306	0.0142081822199	0.00464708195814	0.0173935856736	-0.0378217720814	-0.000810219576597	-0.0100087518298	0.0323850418022	0.0362121509433	0.0458811354635	0.0258903864063	1.0	0.0212962108252	-0.0409972352102	0.0207365195721	0.0271702779416	0.0079790812688	-0.0205319248043	-0.0369324401328	0.0180779336646	0.0154274964223	-0.0353105418215	-0.0505030997826	-0.0742829235145	-0.0111728575567	-0.0247372692237	-0.0274268416968	-0.0510932018293	-0.0271694131202	-0.052427990754	-0.053409271415	0.0201598340309	-0.0342109134092	0.0306899131275	-0.0366260753006	-0.00767390958451	-0.016586696604	-0.0113449487469	-0.065966638354	-0.0063398862382	-0.0268455268907	-0.0555172926424	0.0232228216877	0.0340884344093	0.0455723832168	0.00121509492875	0.0137890986609	-0.0165281071908	-0.0241917933289	0.0414128774751	0.0288880898593
k__Bacteria;p__Bacteroidetes;c__Bacteroidia;o__Bacteroidales;f__Bacteroidaceae;g__Bacteroides;s__Bacteroides_salyersiae	-0.02602365214	-0.0298047479077	-0.0210811010069	0.0126910200378	0.00820198762727	-0.0474586562013	-0.0031121751653	0.00911354820653	-0.000871273010123	0.0239958846298	-0.0465055851042	0.0181046526363	0.00610442388449	-0.0211705325374	-0.00171767699041	0.0248210296127	0.000111238238143	-0.0636849252315	0.0218404153439	0.0212962108252	1.0	-0.0252139466182	0.0411117440642	-0.0259033530664	-0.0377185169374	0.0317357511657	-0.0171704458984	-0.00237244303123	0.00289410489148	-0.0122764488223	0.0276854832511	0.0414440822019	-0.0466105695658	-0.032912722284	-0.0229529157057	0.0543135146304	-0.0112429275742	0.0754400556501	0.00765207272804	0.0394945163347	-0.0325640278314	-0.0288604191318	-0.00612540773321	0.00432466365596	-0.0863483981617	-0.035208986077	0.00968240291801	-0.0469460969048	-0.00449663420119	0.00748738661661	-0.0363054894305	-0.0251040949656	-0.0166958726708	-0.000185797147159	-0.023337932627	-0.0382911792622	-0.0467988873347	-0.0175949779488	-0.0134579651219
k__Bacteria;p__Firmicutes;c__Clostridia;o__Clostridiales;f__Ruminococcaceae;g__Ruminiclostridium;s__[Eubacterium]_siraeum	0.0418914824356	0.00296874155698	-0.0295935584051	-0.0028821663806	-0.0566420755732	0.00249519075474	0.0334865480516	0.0128271461037	0.0236397406433	0.0324887103432	0.00977047029846	0.0109275727859	-0.0147260677979	-0.072369268682	0.0246679029881	-0.0082992947712	-0.0523723819542	-0.0435698447217	-0.00956799809686	-0.0409972352102	-0.0252139466182	1.0	0.0265573834035	-0.0123077672609	0.0280065026405	-0.0383068928927	-0.0472342477838	-0.0186592989007	-0.00996356376986	-0.0146946387964	-0.00855171250205	-0.00777759501535	-0.035195926484	0.0272578832994	-0.0192397044398	0.0123251884863	-0.0264535555349	8.3533323979e-05	-0.00508993617316	-0.00341436829323	0.0232984516465	0.0156488130979	0.0464465354817	-0.0472003939305	0.0721433014888	-0.0151390756488	-0.040004011404	-0.013221625894	0.0162819585804	-0.0270887058873	-0.0749439197617	0.0452120637321	0.0204837590026	0.0266689288107	0.00196406480506	-0.0276428807694	0.0218652806321	-0.0389194821032	-0.00695256878778
k__Bacteria;p__Proteobacteria;c__Betaproteobacteria;o__Burkholderiales;f__Sutterellaceae;g__Parasutterella;s__Parasutterella_excrementihominis	-0.00818710384036	-0.0110199058865	-0.0196988173758	-0.0295757364469	0.00388523367169	0.0378729657238	0.00614393959797	0.0746502912469	-0.0343400216027	-0.0370064495304	-0.0100953711181	0.00534972337048	-0.0499110285313	0.00867083078594	0.00291703926884	-0.0239599615407	0.0176942624987	0.0588157840471	-0.0130181984247	0.0207365195721	0.0411117440642	0.0265573834035	1.0	-0.0268500007767	0.0379661388522	0.00477682817835	-0.0604727032973	-0.0622525659103	0.0167653047539	0.0285464131884	-0.0328954258922	-0.0377864201813	-0.038303838275	0.0435775581	0.0334873239765	0.00505193120407	-0.0139922120717	0.0280053411601	-0.00595517050446	0.0485057877608	0.0209932810811	0.0551700369582	0.0190199273757	0.00768897448506	-0.00586514390682	0.036493735945	0.0274426541744	0.000254450880257	-0.000949997543991	-0.0056869028075	0.0304911541299	0.00890540905406	0.013212187781	-0.0566460083691	0.0514315183851	-0.0876487562532	0.0113959371382	-0.0300738526255	0.0178014073418
k__Bacteria;p__Actinobacteria;c__Actinobacteria;o__Bifidobacteriales;f__Bifidobacteriaceae;g__Bifidobacterium;s__Bifidobacterium_adolescentis	-0.0267961247699	0.0420910390763	0.0230409431023	0.00488771868091	-0.0602902321921	-0.0085420188113	-0.0126414114296	0.00378559705093	-0.0552330692883	0.00147410340171	0.0194834483402	-0.0134468311566	-0.00918535043109	0.00159036058049	-0.045083457242	-0.0207351866327	0.0497928365018	-0.0325368333521	-0.0475737458116	0.0271702779416	-0.0259033530664	-0.0123077672609	-0.0268500007767	1.0	-0.0105130142218	-0.0285339503183	0.0240688930191	0.0225154019033	-0.0179231724758	0.0212522393359	-0.0246475483672	-0.0410081042606	-0.0243754965083	0.00529202238374	0.0180609436087	-0.00565638186537	-0.00819614803629	0.0438114734547	-0.00230226211912	-0.00145925797559	0.0148055856779	-0.00121124561484	-0.0259013876406	0.0346638299532	-0.0318267335703	-0.0794218377616	-0.0420489087818	0.0303171448415	0.000207160718824	-0.0120722982746	-0.00525655804573	0.00295635744106	-0.0281747914136	-0.0269244236432	0.00822540253042	0.0315741720413	0.00511712412378	0.0444188452946	-0.0152311471969
k__Bacteria;p__Firmicutes;c__Clostridia;o__Clostridiales;f__Oscillospiraceae;g__Oscillibacter;s__Oscillibacter_sp._KLE_1745	-0.0173314562957	-0.0440380581453	-0.0209056376302	0.0151872439622	-0.0220238066289	-0.0407840177305	0.0255722144543	0.00469914653555	-0.0400942253632	-0.00661299274608	0.0313993103038	0.0257444552155	0.0106472139122	-0.0129551457487	-0.00995121743916	-0.0588958508234	-0.027275487841	0.0304368500609	-0.00470358250676	0.0079790812688	-0.0377185169374	0.0280065026405	0.0379661388522	-0.0105130142218	1.0	-0.0561779249618	-0.00406446971821	0.0218070086395	-0.0619847784726	-0.00235450516769	-0.0165853788267	0.0657189910538	0.00893534409221	0.0379672917541	0.0213284380304	0.0402162337705	0.0871990716203	-0.000857202684322	0.0112071105857	0.0332557691118	0.00406834971518	-0.0332902196809	-0.00708275335958	-0.0264524092049	0.0430838873145	-0.0301746314201	0.0620291448242	-0.0411303366336	0.0197897592354	-0.0212216809399	0.00321334618779	-0.0134256212632	0.00172572977859	-0.00572559949781	0.000880821172226	-0.00399426562108	-0.0624047503513	-0.0336916149456	-0.0604790464088
k__Bacteria;p__Bacteroidetes;c__Bacteroidia;o__Bacteroidales;f__Bacteroidaceae;g__Bacteroides;s__Bacteroides_coprophilus	-0.0161824715689	0.0219211647122	0.00076152887464	0.0146293040645	0.0702627377814	-0.0214760066253	0.0158913229764	-0.0571257914343	0.0306862262612	-0.0496957960479	-0.0519088500691	-0.0179811251212	-0.000529449407227	-0.035375085854	-0.0488938722758	0.0159287314691	-0.00810146751719	0.00385443294678	-0.0142738163752	-0.0205319248043	0.0317357511657	-0.0383068928927	0.00477682817835	-0.0285339503183	-0.0561779249618	1.0	0.00720259060025	-0.0113309843754	-0.00280184942469	0.0088827610235	0.0345417102509	-0.0452366474342	-0.00301819670067	-0.0145850656502	0.0318954103941	-0.0356494233197	0.00011034606417	-0.0440970143356	-0.0354908582741	-0.0414302844291	0.00720793022789	-0.0280623687429	-0.0421107151082	0.00141299080298	0.0687980045462	0.0706618403305	0.000678342836629	0.0133914087107	-0.00455764127583	0.0653447772044	-0.0424790675744	-0.0608370075973	0.019593578952	0.0193971963086	0.018064166533	0.0373709578057	0.00118355817601	0.0286017057475	-0.0604825381256
k__Bacteria;p__Firmicutes;c__Clostridia;o__Clostridiales;f__Lachnospiraceae;g__Roseburia;s__Roseburia_intestinalis	-0.0152650779253	-0.0161701449669	-0.03634105169	0.0255012576808	-0.0394000287775	-0.0417589797676	0.0441587503979	-0.0560388156762	0.0104968954274	0.00317099034627	-0.0188361638363	-0.0261042951438	-0.00614449239318	0.00427026930667	-0.0519344110176	0.0363521563798	0.0747882239512	0.0457147947688	0.0646237494039	-0.0369324401328	-0.0171704458984	-0.0472342477838	-0.0604727032973	0.0240688930191	-0.00406446971821	0.00720259060025	1.0	-0.0453560867855	0.0152808006997	-0.0187835707167	-0.019678810892	-0.0189380248501	0.0252342809321	-0.0461425290235	0.013687556171	0.00715399323866	-0.0984391461163	-0.0292882085868	0.00759861198235	0.0392924397868	0.0372657873416	-0.0584801146059	0.00188451922592	-0.0024459686661	0.00815147202876	0.0308746001205	-0.00786908440419	-0.0276535095333	0.0023776553375	-0.0570817480769	-0.0549345643899	-0.0331881676471	-0.00410983868187	-0.0510830662442	0.0254469680177	-0.0853610361273	-0.0217592351585	0.00266158483061	0.0722945718854
k__Bacteria;p__Firmicutes;c__Clostridia;o__Clostridiales;f__Lachnospiraceae;g__Roseburia;s__Roseburia_hominis	0.00195453974008	0.0381044735862	-0.0927147424252	0.0299015704029	-0.084433557232	-0.0336316878985	0.000878771029309	0.00743788391883	-7.69331731049e-05	0.00810067044592	0.0322725763217	-0.027824967399	0.0165632884384	-0.0125599914163	0.0140828937084	-0.028856633753	0.0159875529466	0.000851186388203	-0.0222535944946	0.0180779336646	-0.00237244303123	-0.0186592989007	-0.0622525659103	0.0225154019033	0.0218070086395	-0.0113309843754	-0.0453560867855	1.0	0.0312088266436	-0.0317801196238	-0.0132037204606	-0.0383428685483	-0.013660394649	0.0773611124502	0.0147379018953	-0.0255354054049	-0.0313526137582	-0.0100833567029	-0.0594436469158	-0.0703176153193	0.00169301278696	-0.0184039957215	-0.0334909564448	-0.086457306298	-0.0449823736694	0.0308669364475	0.0017336693165	-0.00119601282165	0.0492848194851	-0.0478805198888	0.0221660267934	-0.00611072222377	0.033134196971	0.00566694544939	0.0329358332138	-0.0141431773469	0.0164105776125	-0.00820463205846	-0.0348161480025
k__Bacteria;p__Bacteroidetes;c__Bacteroidia;o__Bacteroidales;f__Porphyromonadaceae;g__Parabacteroides;s__Parabacteroides_johnsonii	-0.0206915881918	0.0454235791181	-0.0767041261135	0.0368240802901	-0.0474292234612	0.060121257359	-0.019598857438	-0.00470623498071	0.032847628136	0.0465886757746	-0.0210075754612	0.01635352135	-0.00173231413987	-0.00618886924912	0.0378373824963	-0.00213575006391	0.000855022270169	0.0289474260108	0.048360888171	0.0154274964223	0.00289410489148	-0.00996356376986	0.0167653047539	-0.0179231724758	-0.0619847784726	-0.00280184942469	0.0152808006997	0.0312088266436	1.0	0.0298585466711	-0.0574752071273	-0.0167035462636	-0.0246420095163	-0.014236113208	0.0011191943473	-0.0742150687363	-0.0266712513817	-0.00114405168659	-0.0117996327882	-0.0208261965293	-0.000623537043027	0.00134185225196	-0.0483340089809	-0.00519460730275	-0.0205533568158	0.054217245047	-0.0678241325346	-0.00459489099516	0.0644086176545	-0.0438512987977	0.0737643006701	-0.0386473071107	0.0429979403754	-0.0537284737174	-0.0223015177936	0.0492976329906	-0.040375202451	-0.0332764153134	0.0371747024898
