#taxonomy	k__Bacteria;p__Bacteroidetes;c__Bacteroidia;o__Bacteroidales;f__Bacteroidaceae;g__Bacteroides;s__Bacteroides_vulgatus	k__Bacteria;p__Bacteroidetes;c__Bacteroidia;o__Bacteroidales;f__Bacteroidaceae;g__Bacteroides;s__Bacteroides_uniformis	k__Bacteria;p__Bacteroidetes;c__Bacteroidia;o__Bacteroidales;f__Rikenellaceae;g__Alistipes;s__Alistipes_putredinis	k__Bacteria;p__Bacteroidetes;c__Bacteroidia;o__Bacteroidales;f__Prevotellaceae;g__Prevotella;s__Prevotella_copri	k__Bacteria;p__Bacteroidetes;c__Bacteroidia;o__Bacteroidales;f__Bacteroidaceae;g__Bacteroides;s__Bacteroides_stercoris	k__Bacteria;p__Bacteroidetes;c__Bacteroidia;o__Bacteroidales;f__Bacteroidaceae;g__Bacteroides;s__Bacteroides_ovatus	k__Bacteria;p__Bacteroidetes;c__Bacteroidia;o__Bacteroidales;f__Rikenellaceae;g__Alistipes;s__Alistipes_shahii	k__Bacteria;p__Firmicutes;c__Clostridia;o__Clostridiales;f__Ruminococcaceae;g__Faecalibacterium;s__Faecalibacterium_prausnitzii	k__Bacteria;p__Bacteroidetes;c__Bacteroidia;o__Bacteroidales;f__Rikenellaceae;g__Alistipes;s__Alistipes_finegoldii	k__Bacteria;p__Bacteroidetes;c__Bacteroidia;o__Bacteroidales;f__Porphyromonadaceae;g__Parabacteroides;s__Parabacteroides_distasonis	k__Bacteria;p__Bacteroidetes;c__Bacteroidia;o__Bacteroidales;f__Bacteroidaceae;g__Bacteroides;s__Bacteroides_thetaiotaomicron	k__Bacteria;p__Bacteroidetes;c__Bacteroidia;o__Bacteroidales;f__Bacteroidaceae;g__Bacteroides;s__Bacteroides_coprocola	k__Bacteria;p__Bacteroidetes;c__Bacteroidia;o__Bacteroidales;f__Bacteroidaceae;g__Bacteroides;s__Bacteroides_cellulosilyticus	k__Bacteria;p__Bacteroidetes;c__Bacteroidia;o__Bacteroidales;f__Rikenellaceae;g__Alistipes;s__Alistipes_obesi	k__Bacteria;p__Firmicutes;c__Clostridia;o__Clostridiales;f__Lachnospiraceae;g__;s__[Eubacterium]_rectale	k__Bacteria;p__Bacteroidetes;c__Bacteroidia;o__Bacteroidales;f__Bacteroidaceae;g__Bacteroides;s__Bacteroides_plebeius	k__Bacteria;p__Bacteroidetes;c__Bacteroidia;o__Bacteroidales;f__Bacteroidaceae;g__Bacteroides;s__Bacteroides_fragilis	k__Bacteria;p__Proteobacteria;c__Betaproteobacteria;o__Burkholderiales;f__Sutterellaceae;g__Sutterella;s__Sutterella_wadsworthensis	k__Bacteria;p__Bacteroidetes;c__Bacteroidia;o__Bacteroidales;f__Porphyromonadaceae;g__Barnesiella;s__Barnesiella_intestinihominis	k__Bacteria;p__Bacteroidetes;c__Bacteroidia;o__Bacteroidales;f__Odoribacteraceae;g__Odoribacter;s__Odoribacter_splanchnicus	k__Bacteria;p__Bacteroidetes;c__Bacteroidia;o__Bacteroidales;f__Bacteroidaceae;g__Bacteroides;s__Bacteroides_salyersiae	k__Bacteria;p__Firmicutes;c__Clostridia;o__Clostridiales;f__Ruminococcaceae;g__Ruminiclostridium;s__[Eubacterium]_siraeum	k__Bacteria;p__Proteobacteria;c__Betaproteobacteria;o__Burkholderiales;f__Sutterellaceae;g__Parasutterella;s__Parasutterella_excrementihominis	k__Bacteria;p__Actinobacteria;c__Actinobacteria;o__Bifidobacteriales;f__Bifidobacteriaceae;g__Bifidobacterium;s__Bifidobacterium_adolescentis	k__Bacteria;p__Firmicutes;c__Clostridia;o__Clostridiales;f__Oscillospiraceae;g__Oscillibacter;s__Oscillibacter_sp._KLE_1745	k__Bacteria;p__Bacteroidetes;c__Bacteroidia;o__Bacteroidales;f__Bacteroidaceae;g__Bacteroides;s__Bacteroides_coprophilus	k__Bacteria;p__Firmicutes;c__Clostridia;o__Clostridiales;f__Lachnospiraceae;g__Roseburia;s__Roseburia_intestinalis	k__Bacteria;p__Firmicutes;c__Clostridia;o__Clostridiales;f__Lachnospiraceae;g__Roseburia;s__Roseburia_hominis	k__Bacteria;p__Bacteroidetes;c__Bacteroidia;o__Bacteroidales;f__Porphyromonadaceae;g__Parabacteroides;s__Parabacteroides_johnsonii	k__Bacteria;p__Actinobacteria;c__Actinobacteria;o__Bifidobacteriales;f__Bifidobacteriaceae;g__Bifidobacterium;s__Bifidobacterium_longum	k__Bacteria;p__Firmicutes;c__Clostridia;o__Clostridiales;f__;g__Flavonifractor;s__Flavonifractor_plautii	k__Bacteria;p__Firmicutes;c__Clostridia;o__Clostridiales;f__Clostridiaceae;g__Clostridium;s__Clostridium_phoceensis	k__Bacteria;p__Verrucomicrobia;c__Verrucomicrobiae;o__Verrucomicrobiales;f__Akkermansiaceae;g__Akkermansia;s__Akkermansia_muciniphila	k__Bacteria;p__Bacteroidetes;c__Bacteroidia;o__Bacteroidales;f__Prevotellaceae;g__Paraprevotella;s__Paraprevotella_xylaniphila	k__Bacteria;p__Firmicutes;c__Clostridia;o__Clostridiales;f__Ruminococcaceae;g__Ruminococcus;s__Ruminococcus_callidus	k__Bacteria;p__Bacteroidetes;c__Bacteroidia;o__Bacteroidales;f__Rikenellaceae;g__Alistipes;s__Alistipes_senegalensis	k__Bacteria;p__Firmicutes;c__Clostridia;o__Clostridiales;f__Lachnospiraceae;g__Blautia;s__Blautia_sp._KLE_1732	k__Bacteria;p__Bacteroidetes;c__Bacteroidia;o__Bacteroidales;f__Bacteroidaceae;g__Bacteroides;s__Bacteroides_oleiciplenus	k__Bacteria;p__Firmicutes;c__Clostridia;o__Clostridiales;f__Ruminococcaceae;g__Ruminococcus;s__Ruminococcus_bicirculans	k__Bacteria;p__Bacteroidetes;c__Bacteroidia;o__Bacteroidales;f__Bacteroidaceae;g__Bacteroides;s__Bacteroides_fluxus	k__Bacteria;p__Bacteroidetes;c__Bacteroidia;o__Bacteroidales;f__Prevotellaceae;g__Prevotella;s__Prevotella_stercorea	k__Bacteria;p__Firmicutes;c__Clostridia;o__Clostridiales;f__Lachnospiraceae;g__Dorea;s__Dorea_longicatena	k__Bacteria;p__Firmicutes;c__Clostridia;o__Clostridiales;f__Eubacteriaceae;g__Eubacterium;s__[Eubacterium]_eligens	k__Bacteria;p__Firmicutes;c__Clostridia;o__Clostridiales;f__Ruminococcaceae;g__;s__Ruminococcaceae_bacterium_D16	k__Bacteria;p__Firmicutes;c__Clostridia;o__Clostridiales;f__Lachnospiraceae;g__Coprococcus;s__Coprococcus_comes	k__Bacteria;p__Proteobacteria;c__Gammaproteobacteria;o__Enterobacterales;f__Enterobacteriaceae;g__Escherichia;s__Escherichia_coli	k__Bacteria;p__Firmicutes;c__Clostridia;o__Clostridiales;f__Ruminococcaceae;g__Anaerotruncus;s__Anaerotruncus_colihominis	k__Bacteria;p__Firmicutes;c__Clostridia;o__Clostridiales;f__Lachnospiraceae;g__Blautia;s__Blautia_obeum	k__Bacteria;p__Bacteroidetes;c__Bacteroidia;o__Bacteroidales;f__Odoribacteraceae;g__Odoribacter;s__Odoribacter_laneus	k__Bacteria;p__Firmicutes;c__Clostridia;o__Clostridiales;f__Ruminococcaceae;g__Ruminiclostridium;s__[Clostridium]_leptum	k__Bacteria;p__Bacteroidetes;c__Bacteroidia;o__Bacteroidales;f__Porphyromonadaceae;g__Parabacteroides;s__Parabacteroides_goldsteinii	k__Bacteria;p__Firmicutes;c__Clostridia;o__Clostridiales;f__Lachnospiraceae;g__Anaerostipes;s__Anaerostipes_hadrus	k__Bacteria;p__Firmicutes;c__Clostridia;o__Clostridiales;f__Ruminococcaceae;g__Ruminococcus;s__Ruminococcus_lactaris	k__Bacteria;p__Firmicutes;c__Clostridia;o__Clostridiales;f__Clostridiaceae;g__Clostridium;s__Clostridium_sp._L2-50	k__Bacteria;p__Firmicutes;c__Clostridia;o__Clostridiales;f__Clostridiaceae;g__Clostridium;s__Clostridium_sp._M62/1	k__Bacteria;p__Firmicutes;c__Clostridia;o__Clostridiales;f__;g__Intestinimonas;s__Intestinimonas_butyriciproducens	k__Bacteria;p__Actinobacteria;c__Actinobacteria;o__Bifidobacteriales;f__Bifidobacteriaceae;g__Bifidobacterium;s__Bifidobacterium_bifidum	k__Bacteria;p__Firmicutes;c__Negativicutes;o__Veillonellales;f__Veillonellaceae;g__Dialister;s__Dialister_invisus	k__Bacteria;p__Bacteroidetes;c__Bacteroidia;o__Bacteroidales;f__Bacteroidaceae;g__Bacteroides;s__Bacteroides_salanitronis
k__Bacteria;p__Bacteroidetes;c__Bacteroidia;o__Bacteroidales;f__Bacteroidaceae;g__Bacteroides;s__Bacteroides_vulgatus	1.0	-0.0338555046607	-0.00760662674149	-0.0326684472526	0.0361394132763	0.0572141212283	-0.0483580172205	-0.0200876972898	-0.0122036109562	0.00184940518065	-0.0382362937616	0.00492320227805	0.0235821188147	0.0213138095766	0.0140921543665	-0.0256243522415	-0.00446487419778	0.0570162994885	-0.0590218893595	0.0259181891321	0.0551899006462	-0.0464033889459	-0.0159407723565	0.00404281531699	-0.0217767468754	0.0190372782972	0.018399435678	-0.0468765016265	-0.0916378117753	-0.00524965300639	0.0293616045049	-0.0432622636336	0.0340283561266	-0.0969402798772	-0.0762825911671	-0.0154818453178	-0.0392188615851	-0.00130393505473	-0.0214429057336	-0.0191858511962	0.043327495075	-0.00518429557735	-0.00329905254411	-0.0355116023836	-0.0520027277467	0.0365879519457	-0.0227755942117	0.0539643897767	-0.0183105688443	-0.0400072783237	0.0283539896546	-0.0187841781322	0.00992752039752	-0.00970314872726	0.0264891242272	-0.026290360449	0.016346097384	-0.024592713682	0.0216928560139
k__Bacteria;p__Bacteroidetes;c__Bacteroidia;o__Bacteroidales;f__Bacteroidaceae;g__Bacteroides;s__Bacteroides_uniformis	-0.0338555046607	1.0	-0.0174080057519	-0.00489698908563	-0.0417637105873	-0.000157044639758	-0.0110987130801	0.0262729413695	-0.0292836875572	0.0607219001994	0.0100261468146	-0.0143248219304	-0.0143300219796	0.013393511028	0.0211896473651	-0.0332574674531	0.0183244661506	-0.0337927321588	-0.0746589766147	-0.0213835086602	-0.0117867721712	0.00990123524024	-0.0314474932571	-0.0387310855198	0.0201789626012	0.0351231344638	-0.0182617587614	0.0120168255762	-0.0166587251064	-0.045586844039	0.0445778471113	0.00656715753911	-0.0162006867468	-0.053383736908	-0.0290945563693	0.0233851826137	-0.0322348411151	0.00654006054716	0.0224008318003	-0.0789665107638	-0.0497641677263	0.0115498804011	-0.0359403254627	-0.00455091106365	-0.0504111078839	0.0134524188199	-0.0145865274351	0.0541075526058	-0.0389656225323	0.0416593739455	0.0238037905853	-0.0307224415332	0.0266136652261	-0.00409747768512	-0.0201599359104	0.00675044228401	0.0025808406657	-0.0524115627784	0.0118829893324
k__Bacteria;p__Bacteroidetes;c__Bacteroidia;o__Bacteroidales;f__Rikenellaceae;g__Alistipes;s__Alistipes_putredinis	-0.00760662674149	-0.0174080057519	1.0	0.0153742830092	0.0145183292015	0.0405318413383	0.0132977209002	-0.0481963042091	-0.0142753630741	-0.0750968846379	0.0533255762549	-0.0560422586283	0.0329947639233	0.0251799660006	0.0472238638177	-0.0791689684629	0.0180250967777	0.0694980788511	0.00273952928412	0.0412260263759	0.0280857299685	0.0207389894045	-0.0653744848942	0.0797870961506	0.0256814817232	-0.047116461014	0.00225921804897	0.0359757005676	-0.0392560795919	0.0324066385378	0.00665693930515	-0.00241102269456	-0.0701669862415	-0.06820416231	0.00302568620162	0.0158183783597	-0.00943980239903	-0.0405026916292	0.0454356520699	-0.0183135400196	-0.00638987806493	-0.0419125942608	0.0402706464819	-0.0120985807018	0.0186592539742	0.012776703333	-0.0225566002087	-0.0117447828569	-0.0270689222823	0.00722433084985	-0.00524221604492	0.0134061412528	-0.0220559737352	0.0593904126513	0.0132179025986	-0.0216541818596	-0.0431279648262	0.022346577612	-0.0116604089898
k__Bacteria;p__Bacteroidetes;c__Bacteroidia;o__Bacteroidales;f__Prevotellaceae;g__Prevotella;s__Prevotella_copri	-0.0326684472526	-0.00489698908563	0.0153742830092	1.0	-0.0184559824128	0.0287243012312	-0.0406213450453	-0.0205383552038	0.0158345504111	0.0186496341596	-0.00341367139985	-0.00792881374558	-0.0130302537118	-0.0399979009813	0.00184785454338	-0.0578919970588	0.0218174759979	0.0460770761421	-0.0358367283163	0.073438548439	-0.0568437797448	-0.0184902736673	-0.0461217295771	-0.0352126030919	-0.0608100275436	0.0398155289575	-0.0435209954227	-0.0138609601766	0.0157893595922	-0.0395337006556	-0.0211333499895	0.0270496897454	0.0100266295606	-0.0199590263597	-0.00863473750252	-0.0509293723595	-0.000299139020617	-0.00671211897171	-0.017525765929	0.0404778323073	0.0222405621459	-0.0356193081122	0.0262879342156	-0.0384471323901	-0.0254285502055	0.00764038400075	-0.0292107218932	-0.0230911240478	0.0334906182736	0.00847906481017	0.00929845630207	0.0235500409677	0.0252102799433	0.0249847155103	-0.00291219298411	-0.0216131975414	0.0304175524784	0.0239657004705	-0.0592857047808
k__Bacteria;p__Bacteroidetes;c__Bacteroidia;o__Bacteroidales;f__Bacteroidaceae;g__Bacteroides;s__Bacteroides_stercoris	0.0361394132763	-0.0417637105873	0.0145183292015	-0.0184559824128	1.0	0.00752738879271	0.0273903978853	0.0060018348264	0.0535617044633	0.0455071602619	0.0104132884782	0.0401030532057	-0.00110293842865	-0.0224291201982	0.00158249508805	0.00221450835066	0.0172585574006	-0.0271761207407	0.0136404477759	-0.0105629000349	-0.0252561567378	-0.016850303886	-0.0252605149283	-0.0322671259912	-0.0308237733485	-0.0495753172579	-0.0233050067252	-0.039967418767	0.0177867535875	-0.0122229019649	-0.051950488672	-0.0336114645706	0.0167308762551	-0.00943941041502	-0.0219731326552	-0.0156091499894	-0.0123645457117	-0.0434405165249	0.0117319085999	0.0105831280621	-0.0521890278242	0.00216502813591	0.0209336809152	0.0451715222557	0.0407585034805	-0.0350176851694	0.0240203317022	-0.0405923439649	-0.0240082005228	-0.0507391013266	-0.0425592648732	-0.0132734587113	0.000825512018546	0.0259784589257	-0.00407669626709	0.0783262227943	-0.031530575845	0.00894056087194	-0.0317444917255
k__Bacteria;p__Bacteroidetes;c__Bacteroidia;o__Bacteroidales;f__Bacteroidaceae;g__Bacteroides;s__Bacteroides_ovatus	0.0572141212283	-0.000157044639758	0.0405318413383	0.0287243012312	0.00752738879271	1.0	-0.0447321347695	0.0506420652097	0.00936593377088	0.0354039624843	0.0645466948581	0.0342111263029	-0.0575220094914	0.00247387718048	-0.0211745720709	-0.0231552060778	-0.0647618210078	-0.0176999991108	-0.00412424824557	-0.0625054654398	-0.0145357368001	0.0467378230887	-0.0880485324984	0.0106012595238	-0.0293901993543	-0.0452563724011	0.0488761828174	-0.00241101413601	-0.0422188807883	0.0351034690221	-0.0362567839905	0.0396639034216	-0.0499212497035	0.0294171297703	0.0177058945412	-0.0284671120079	-0.00704726555942	0.0506000432903	-0.0517038258243	-0.0148119449915	-0.0181035618692	-0.0645744970481	0.0526018455942	0.0308976389753	-0.0369049038943	-0.053547627133	-0.0180551606912	0.0227118243892	-0.0283995349762	-0.0573438258249	-0.0212242544291	-0.0328845180368	0.0157918127353	0.000865784468731	-0.0378919442859	0.0130318950145	-0.0181767783259	-0.0454128139449	0.00542489148562
k__Bacteria;p__Bacteroidetes;c__Bacteroidia;o__Bacteroidales;f__Rikenellaceae;g__Alistipes;s__Alistipes_shahii	-0.0483580172205	-0.0110987130801	0.0132977209002	-0.0406213450453	0.0273903978853	-0.0447321347695	1.0	0.0113503547394	-0.0532954063512	-0.0190099276161	-0.0658629542903	-0.00915594918854	0.00226117942976	-0.0167595234315	-0.0391417215627	-0.00560516943961	-0.0404021123391	-0.0711485926882	-0.0123773274231	0.00539650984197	-0.0130599001084	0.0466743939736	0.01609638917	-0.00119883745717	-0.0794913278473	0.0292812327131	-0.0167102777953	-0.00628432160745	0.0414039194575	-0.00507569215684	-0.0932683269399	-0.0172675515737	-0.0191217400333	0.0327528354467	-0.0168890042875	0.0119316112766	-0.034204245547	0.00440916340945	0.00015215524719	-0.00329488445822	-0.0137811995456	0.015826045684	0.00100914053375	-0.0826235397033	-0.0399245446578	-0.00560466455975	0.00329292375491	0.0217118202292	0.0347427268169	0.00394919939827	0.0460257415394	0.0247567498757	0.047959556196	-0.00434192740024	-0.019667191565	-0.00866393238719	-0.0715902072135	0.00327950697017	-0.0134123125358
k__Bacteria;p__Firmicutes;c__Clostridia;o__Clostridiales;f__Ruminococcaceae;g__Faecalibacterium;s__Faecalibacterium_prausnitzii	-0.0200876972898	0.0262729413695	-0.0481963042091	-0.0205383552038	0.0060018348264	0.0506420652097	0.0113503547394	1.0	0.0159840013449	-0.0557307073753	0.0196628503846	-0.0225966266281	0.0460849774601	0.00475753786011	-0.0201010029854	-0.0209560739958	0.033110255594	-0.00355501762633	0.0315814765745	0.0116967812258	0.0173186853635	-0.0190745886989	0.0107044432521	0.0415859786747	0.0116556757947	-0.00532541999007	-0.0118873150827	-0.0190018007708	-0.00118187268947	-0.06840799095	0.0287382316166	-0.0403357400477	-0.0359086357931	0.0565272473644	-0.0473023286809	0.0107774540524	-0.052487113863	-0.02555991768	0.0146512301885	0.0148435466316	-0.0273199060136	-0.0252472020321	-0.0311983043524	-0.0143440724969	-0.0210521790706	-0.0666214339326	0.0123865783165	0.00176041501338	-0.0388087595314	-0.00810803966843	-0.0389038395736	0.0376796004593	-0.0324828119669	-0.00601037662429	-0.000958698796892	-0.0306649324184	-0.00762864126963	0.00922571756174	0.0124567981615
k__Bacteria;p__Bacteroidetes;c__Bacteroidia;o__Bacteroidales;f__Rikenellaceae;g__Alistipes;s__Alistipes_finegoldii	-0.0122036109562	-0.0292836875572	-0.0142753630741	0.0158345504111	0.0535617044633	0.00936593377088	-0.0532954063512	0.0159840013449	1.0	-0.0663020692372	-0.0265508264708	0.00128670398407	-0.0213405162035	-0.040625009302	-0.00800515464005	0.0180353403435	0.00841110390556	0.00860600532478	0.0277876593748	0.0152753802872	0.016972321997	0.00604431924448	0.0050128824099	0.0424529178142	-0.00683629925352	-0.00029644913916	-0.0310032920861	-0.0302633074944	0.00131911919974	-0.069373528413	-0.0103222696873	-0.0371651416698	0.0532236244728	-0.0513555121667	-0.00370514216864	-0.00855534076796	-0.000537425840935	0.00978257867823	-0.0150081991906	0.0338521855293	-0.0530826848155	0.00219407820548	0.0293315279691	-0.029948435727	-0.0745776690169	0.0191186961833	0.0336332640848	0.0114223709358	-0.0215239383437	-0.00852248350009	-0.0100262810078	-0.0845573243512	0.0173678891603	0.0032231526748	-0.0250380538357	-0.0414477377323	-0.0077176848143	-0.00614504767349	0.0118667937524
k__Bacteria;p__Bacteroidetes;c__Bacteroidia;o__Bacteroidales;f__Porphyromonadaceae;g__Parabacteroides;s__Parabacteroides_distasonis	0.00184940518065	0.0607219001994	-0.0750968846379	0.0186496341596	0.0455071602619	0.0354039624843	-0.0190099276161	-0.0557307073753	-0.0663020692372	1.0	-0.0311925895789	-0.0101160267792	-0.00506131413741	-0.0308994671191	-0.0105083503865	-0.0130920119451	-0.00769955814283	-0.0066612346808	-0.0621344205883	-0.0104988118955	-0.0552946100532	0.0102539695528	-0.0160223977033	-0.00255599436577	0.0427695995345	-0.0187316991286	0.0438559362273	0.0134679130208	-0.0284725399717	-0.0183919057486	0.0220320878643	-0.0246015077525	-0.0756426883407	0.00175150507106	-0.019566888444	-0.0297278673651	-0.0242703374942	0.0196587301032	-0.0388717293203	0.0168907501486	0.0280844077435	-0.0174594743832	0.0029306631861	0.0350967483247	-0.039969306177	-0.0167673454164	-0.0103643620399	-0.0454773860377	-0.022406911241	-0.0260875616118	0.00187964748092	0.0247002987008	-0.0095128340536	0.0261756327146	0.0286925281407	-0.00504321262608	-0.00406298525892	-0.0236647876257	0.0239558861757
k__Bacteria;p__Bacteroidetes;c__Bacteroidia;o__Bacteroidales;f__Bacteroidaceae;g__Bacteroides;s__Bacteroides_thetaiotaomicron	-0.0382362937616	0.0100261468146	0.0533255762549	-0.00341367139985	0.0104132884782	0.0645466948581	-0.0658629542903	0.0196628503846	-0.0265508264708	-0.0311925895789	1.0	-0.00720792769797	0.051994109817	0.00607730063878	-0.0207307213873	0.025727477842	0.0222200138913	0.0444664282499	0.0721060495708	-0.0526527911306	-0.0191845281052	0.029712008788	-0.0223824153872	0.0715720773444	-0.0218568702901	-0.0540027870771	-0.0614948852944	-0.0455938551077	-0.0101185128893	0.0136350988816	-0.0395261619686	0.0199943170576	0.00835009145779	-0.000785255825519	-0.0298932357649	-0.0386971779122	0.0212868743672	0.000228129876726	-0.0792909723869	-0.0347555694313	0.0111658131792	-0.00437935613211	-0.0303143777524	-0.0258073415362	0.039956556434	0.0310972764374	0.0220656283754	0.00227567206517	-0.0356706211104	-0.0822241438044	-0.0391763659505	0.0177569366489	-0.00951072977913	-0.0270921126396	0.00961548837497	-0.0140726448008	0.00890643096407	0.0284923960471	0.0148890568004
k__Bacteria;p__Bacteroidetes;c__Bacteroidia;o__Bacteroidales;f__Bacteroidaceae;g__Bacteroides;s__Bacteroides_coprocola	0.00492320227805	-0.0143248219304	-0.0560422586283	-0.00792881374558	0.0401030532057	0.0342111263029	-0.00915594918854	-0.0225966266281	0.00128670398407	-0.0101160267792	-0.00720792769797	1.0	-0.000250221705794	0.0316234016881	-0.0131506992264	0.0338390734792	0.00688616176871	-0.0520399817727	-0.0361843144457	0.00386344131266	0.0257651765128	0.0173458632921	0.0038954416443	-0.00593952222342	-0.00214499981436	-0.00228852866211	-0.00835369885472	0.0717820546333	0.00383652402424	-0.0140199923209	-0.0351048275356	-0.0130298263953	0.0060528212266	0.0220046477641	-0.0143875793784	-0.0478669833506	-0.0151164521974	0.0218421286144	-0.0070851563584	-0.0409692240617	-0.0698948739706	-0.0165375102064	0.017157015441	-0.0536357628889	-0.00202013469876	-0.0269115123409	-0.0677285312705	0.0313949860789	-0.0116961011771	9.09743992661e-05	0.00660723961927	-0.0261734176138	-0.0239734762269	-0.0241025264996	-0.0260107304677	0.0279033323364	0.0254666243207	0.0385934971089	0.0571182652593
k__Bacteria;p__Bacteroidetes;c__Bacteroidia;o__Bacteroidales;f__Bacteroidaceae;g__Bacteroides;s__Bacteroides_cellulosilyticus	0.0235821188147	-0.0143300219796	0.0329947639233	-0.0130302537118	-0.00110293842865	-0.0575220094914	0.00226117942976	0.0460849774601	-0.0213405162035	-0.00506131413741	0.051994109817	-0.000250221705794	1.0	-0.0567559631623	-0.0539823360357	0.059266580748	0.00845589726288	-0.0310116629459	0.0171162509901	0.00324687432208	-0.028212491038	-0.0122157146918	0.0393640554235	0.0126223631118	0.0133943361668	-0.0331796636533	0.0409163658433	-0.0499481810817	-0.0277065460243	-0.0173026129357	0.0216589262391	0.0355983712053	0.00643368346732	-0.0214808034985	0.0359424710432	-0.0260436766787	0.00611037283189	-0.00711402676302	-0.0131331409815	-0.00414340338853	-0.0608158567953	-0.0276671016925	-0.0483852991022	-0.018178694724	0.0100803444589	0.00278734876463	-0.0292115811294	0.00326969008338	0.081503161635	-0.0316375758886	-0.0262707193783	0.041120771257	-0.0200431499224	0.0189912248875	-0.0473567076607	-0.00599731632081	0.0143318997263	-0.00210895633659	0.00807118995424
k__Bacteria;p__Bacteroidetes;c__Bacteroidia;o__Bacteroidales;f__Rikenellaceae;g__Alistipes;s__Alistipes_obesi	0.0213138095766	0.013393511028	0.0251799660006	-0.0399979009813	-0.0224291201982	0.00247387718048	-0.0167595234315	0.00475753786011	-0.040625009302	-0.0308994671191	0.00607730063878	0.0316234016881	-0.0567559631623	1.0	0.0193353421361	-0.0334793049197	-0.0104659966736	-0.0333338251488	-0.012898392715	0.000990329498164	-0.00342707340915	-0.032990160065	-0.0693636754345	0.0070040663681	-0.00453167583119	0.0229522245305	-0.0140731941755	-0.000826574523838	-0.0726106880889	-0.0458634551224	0.0212443175425	-0.0239748961057	-0.0213068611234	-0.0303657707723	-0.0545701657077	-0.00349370886662	-0.0102741494755	-0.00358650231779	0.0367893172094	-0.0572236231646	-0.0175550300964	-0.00297901299702	0.0246782905993	0.00118977874176	0.0142408021668	0.0472286015104	0.0231132308113	0.0028150836625	-0.0019128389973	-0.0138013973353	-0.0160230012431	-0.0192718251798	-0.0273964836182	-0.0253853266272	-0.0249523990341	-0.0342893436764	0.0551165273708	0.000137184043418	0.000161049771078
k__Bacteria;p__Firmicutes;c__Clostridia;o__Clostridiales;f__Lachnospiraceae;g__;s__[Eubacterium]_rectale	0.0140921543665	0.0211896473651	0.0472238638177	0.00184785454338	0.00158249508805	-0.0211745720709	-0.0391417215627	-0.0201010029854	-0.00800515464005	-0.0105083503865	-0.0207307213873	-0.0131506992264	-0.0539823360357	0.0193353421361	1.0	-0.0208143209212	0.0474530793898	-0.0313069144044	0.0615784728276	-0.0341193189631	0.00537831525194	-0.0499933799882	-0.0157611291696	0.0156968807212	0.0316877251508	-0.0261497220383	0.0237266883492	-0.0668496791974	-0.00870514055336	-0.0404853766418	-0.0187071329665	-0.0321422700099	-0.00619535354956	0.000379492781846	0.0079334573091	0.0156050306149	0.0555091701819	-0.0578508932576	0.0160291963466	-0.0144605757219	0.0112696990476	0.0605631010256	-0.0290253276196	0.000806601041382	-0.0382505180036	0.0264035419756	-0.0209385450425	0.00398735453577	-0.0587085326529	0.0129118362407	-0.0307227187734	-0.0167226471667	-0.000785340757837	0.0155811516122	0.0279313879675	-0.0459108608579	-0.0222066777531	-0.012908852144	-0.0279550811394
k__Bacteria;p__Bacteroidetes;c__Bacteroidia;o__Bacteroidales;f__Bacteroidaceae;g__Bacteroides;s__Bacteroides_plebeius	-0.0256243522415	-0.0332574674531	-0.0791689684629	-0.0578919970588	0.00221450835066	-0.0231552060778	-0.00560516943961	-0.0209560739958	0.0180353403435	-0.0130920119451	0.025727477842	0.0338390734792	0.059266580748	-0.0334793049197	-0.0208143209212	1.0	0.00764448033797	-0.0316039105137	0.0425599421048	-0.0534653752359	-0.0369623374895	-0.08084634264	0.0634902150816	0.0174432669101	0.0132430301999	-0.0456530385068	-0.0373979136357	-0.00852185557462	0.0196787935016	-0.0127171116959	-0.0980155873007	0.0334211768887	0.0458659492696	-0.0426750656878	0.0981415703483	0.0184460337341	-0.0164015769128	-0.00953051661529	-0.04889024197	-0.0105576999899	0.000541349420348	0.0193755803865	0.0181277555823	0.040108877466	-0.0266316180903	-0.0514218773891	0.0013060931192	-0.0837814365019	0.0202716292145	-0.042304524002	-0.0128448867603	0.0627852677494	-0.00575588986414	0.0350230033152	0.0171992012958	-0.000899692806572	0.0258644630181	-0.038102901929	0.0727956064131
k__Bacteria;p__Bacteroidetes;c__Bacteroidia;o__Bacteroidales;f__Bacteroidaceae;g__Bacteroides;s__Bacteroides_fragilis	-0.00446487419778	0.0183244661506	0.0180250967777	0.0218174759979	0.0172585574006	-0.0647618210078	-0.0404021123391	0.033110255594	0.00841110390556	-0.00769955814283	0.0222200138913	0.00688616176871	0.00845589726288	-0.0104659966736	0.0474530793898	0.00764448033797	1.0	-0.0559737118598	0.0329347166335	0.0320565049547	0.0254787868962	0.0745024898723	0.0325620458749	0.0206226424375	-0.018695931301	-0.0606634194532	-0.0287059660078	-0.0204975495655	0.0252336147701	-0.00852921777915	0.0195115076499	-0.0497331762559	-0.0224551470091	0.0273136438087	0.0116538879139	-0.0257417903409	-0.0275990179734	-0.0129090558426	0.0108500292065	-0.0686689409811	0.0225314567424	-0.011538625262	0.00643118893071	-0.021230674141	0.0157983970144	-0.0134176735326	-0.0295108924611	0.0229358269234	-0.0234873165963	-0.0137636110514	0.00854175160983	-0.0360175685619	-0.0715746855505	0.00998724117216	-0.0416307205954	-0.0548375080388	-0.0416384443022	0.00797658166948	0.0336893327205
k__Bacteria;p__Proteobacteria;c__Betaproteobacteria;o__Burkholderiales;f__Sutterellaceae;g__Sutterella;s__Sutterella_wadsworthensis	0.0570162994885	-0.0337927321588	0.0694980788511	0.0460770761421	-0.0271761207407	-0.0176999991108	-0.0711485926882	-0.00355501762633	0.00860600532478	-0.0066612346808	0.0444664282499	-0.0520399817727	-0.0310116629459	-0.0333338251488	-0.0313069144044	-0.0316039105137	-0.0559737118598	1.0	-0.0730820194155	0.0077485868917	-0.0111047496708	0.0167715988045	0.0709383775274	-0.0452867929047	-0.0129842249672	0.0230056173149	-0.0408785239038	-0.00383833682633	-0.0256992012962	-0.0123154772388	-0.0324161739585	0.0173721466642	-0.0232580610227	0.015661311639	-0.0159639905393	-0.0159815749612	0.0293723483518	-0.00144575546323	-0.000540728381856	-0.063508681985	0.0594665125583	0.00918563381317	-0.0435377489377	0.00647091280631	-0.0131179435586	-0.0412383462983	-0.0052916044138	-0.0235834278281	-0.0167413315449	0.000961332770594	-0.0493516833521	-0.00717313803287	-0.03731372461	-0.0558487691308	-0.0148228807144	0.0173161124274	0.0165896382708	0.0261826673098	-0.069570135856
k__Bacteria;p__Bacteroidetes;c__Bacteroidia;o__Bacteroidales;f__Porphyromonadaceae;g__Barnesiella;s__Barnesiella_intestinihominis	-0.0590218893595	-0.0746589766147	0.00273952928412	-0.0358367283163	0.0136404477759	-0.00412424824557	-0.0123773274231	0.0315814765745	0.0277876593748	-0.0621344205883	0.0721060495708	-0.0361843144457	0.0171162509901	-0.012898392715	0.0615784728276	0.0425599421048	0.0329347166335	-0.0730820194155	1.0	0.0188996205019	0.0182545106537	0.0131961901766	-0.0217932107981	-0.0257347516728	-0.0455400783061	0.00129004552125	0.00824483499214	-0.0766284076501	-0.0169703594421	0.0142451339521	-0.0374732221657	0.0255381558195	0.0031685103301	-0.00357867037708	-0.0300227879548	0.0237113853705	-0.00493521601964	0.000425722429922	-0.0358182435931	-0.0602839335137	-0.0173387261309	0.0483165522729	-0.0276028744419	-0.039152460789	-0.000402074402449	-0.0353130979775	0.0149060676002	-0.0365153222374	-0.0419435239386	-0.0052959965884	0.020394483208	0.01526300786	-0.0313025002705	-0.00468111637308	-0.00260932144597	-0.00743641384836	0.0437803099963	0.0190015664836	-0.0891117253815
k__Bacteria;p__Bacteroidetes;c__Bacteroidia;o__Bacteroidales;f__Odoribacteraceae;g__Odoribacter;s__Odoribacter_splanchnicus	0.0259181891321	-0.0213835086602	0.0412260263759	0.073438548439	-0.0105629000349	-0.0625054654398	0.00539650984197	0.0116967812258	0.0152753802872	-0.0104988118955	-0.0526527911306	0.00386344131266	0.00324687432208	0.000990329498164	-0.0341193189631	-0.0534653752359	0.0320565049547	0.0077485868917	0.0188996205019	1.0	-0.0127110216978	0.00565674269898	-0.0542738219915	-0.0141041021462	-0.0218577952297	-0.0826081336747	-0.0375140402797	0.0509813078443	-0.0334976210448	0.0223532381703	-0.0587116113968	-0.0518660102942	0.0110700835541	0.0588601855012	0.0339911325129	0.000424481358358	-0.0351179011546	-0.0228243423056	-0.0496444693179	-0.0409752577886	0.00370415885605	0.0263539205357	-0.00337318585541	-0.0280298974772	0.0164522437913	-0.0219035378183	-0.037350920399	0.0139865445354	-0.00445984012877	0.00229786824887	-0.0476552551113	-0.0146806538651	-0.00236333692105	0.0103059112723	0.0360372608866	-0.0340756766464	-0.0254812380707	-0.0225112971067	0.0375086885436
k__Bacteria;p__Bacteroidetes;c__Bacteroidia;o__Bacteroidales;f__Bacteroidaceae;g__Bacteroides;s__Bacteroides_salyersiae	0.0551899006462	-0.0117867721712	0.0280857299685	-0.0568437797448	-0.0252561567378	-0.0145357368001	-0.0130599001084	0.0173186853635	0.016972321997	-0.0552946100532	-0.0191845281052	0.0257651765128	-0.028212491038	-0.00342707340915	0.00537831525194	-0.0369623374895	0.0254787868962	-0.0111047496708	0.0182545106537	-0.0127110216978	1.0	-0.0568379335922	-0.00490592343916	-0.0532190261554	-0.0277026982232	-0.0127047837687	0.0337338234069	-0.00572906385719	-0.0259178430358	0.0158369255288	-0.0216230220994	-0.0286234819447	-0.0229422734026	-0.0423597855837	0.0283422635058	0.014007158895	0.00598350820226	-0.0484180729356	-0.0842221217187	-0.0121009995502	0.00395525527587	0.0104651989531	0.0529758425866	-0.0496166545751	-0.0162586420886	-0.016503689845	-0.0671811090704	-0.0237231523273	-0.00687489599038	-0.0287183325148	-0.00768497991923	-0.00357737245986	-0.0240671927298	-0.0388228605065	0.0263005448569	-0.051729989065	-0.0327712919573	0.0228914743022	-0.0639612118688
k__Bacteria;p__Firmicutes;c__Clostridia;o__Clostridiales;f__Ruminococcaceae;g__Ruminiclostridium;s__[Eubacterium]_siraeum	-0.0464033889459	0.00990123524024	0.0207389894045	-0.0184902736673	-0.016850303886	0.0467378230887	0.0466743939736	-0.0190745886989	0.00604431924448	0.0102539695528	0.029712008788	0.0173458632921	-0.0122157146918	-0.032990160065	-0.0499933799882	-0.08084634264	0.0745024898723	0.0167715988045	0.0131961901766	0.00565674269898	-0.0568379335922	1.0	0.00768612962725	0.0182304596293	0.0127849158353	0.0057685930647	-0.0352446229109	-0.0122025041231	-0.0194653378467	0.0722823927266	-0.0366779250051	-0.0285595102886	-0.00242340212927	-0.0721302284929	-0.0142255565168	0.0338937907576	-0.0101781018205	-0.0240858404874	0.053611645379	0.0398404034603	0.0159664511516	0.026882354522	-0.0198789588504	-0.020053865383	0.0281988085377	-0.066588262673	-0.014568577958	0.0350152627134	0.000654687525388	0.00933106754831	-0.021307002793	0.0198255964569	-0.0154872384712	-0.0339405332466	-0.0228719447365	0.0492437932373	0.0160619027245	-0.0245186128457	0.010931735932
k__Bacteria;p__Proteobacteria;c__Betaproteobacteria;o__Burkholderiales;f__Sutterellaceae;g__Parasutterella;s__Parasutterella_excrementihominis	-0.0159407723565	-0.0314474932571	-0.0653744848942	-0.0461217295771	-0.0252605149283	-0.0880485324984	0.01609638917	0.0107044432521	0.0050128824099	-0.0160223977033	-0.0223824153872	0.0038954416443	0.0393640554235	-0.0693636754345	-0.0157611291696	0.0634902150816	0.0325620458749	0.0709383775274	-0.0217932107981	-0.0542738219915	-0.00490592343916	0.00768612962725	1.0	0.0335639320942	-0.052087588787	0.00857908004009	0.0152114626544	-0.0649476184359	0.0459017486088	-0.00491964929297	-0.0146818687924	-0.0252391856108	-0.00524629057664	0.0135885682928	-0.00449377737787	0.0418901272058	-0.0142269057386	0.000879938761398	0.000131343735273	0.0366961385856	0.0561804448733	0.0342293723715	-0.0124774808382	-0.0281051436721	-0.0257255629151	0.00629264507183	0.0142656497838	2.36805924526e-05	0.0161370967809	0.0681442271948	0.0294779255405	0.00802243377047	0.0303549555463	0.020711750786	4.99580603506e-05	-0.0137036796504	0.0312473442015	0.0209337634244	0.0238116999872
k__Bacteria;p__Actinobacteria;c__Actinobacteria;o__Bifidobacteriales;f__Bifidobacteriaceae;g__Bifidobacterium;s__Bifidobacterium_adolescentis	0.00404281531699	-0.0387310855198	0.0797870961506	-0.0352126030919	-0.0322671259912	0.0106012595238	-0.00119883745717	0.0415859786747	0.0424529178142	-0.00255599436577	0.0715720773444	-0.00593952222342	0.0126223631118	0.0070040663681	0.0156968807212	0.0174432669101	0.0206226424375	-0.0452867929047	-0.0257347516728	-0.0141041021462	-0.0532190261554	0.0182304596293	0.0335639320942	1.0	-0.0172737107404	-0.0214036434018	-0.0849824979152	-0.0100198737721	0.0709012631551	0.00324378428949	-0.0297131527941	0.0143893457922	-0.0610812604725	-0.00502830904258	0.0167664583111	-0.0283081035104	-0.0192604543771	0.105418404574	-0.0132247443831	-0.0285967446796	0.0115280147964	-0.0741669682763	-0.0181733281897	-0.00701990162746	0.00542463185895	-0.00612873697605	0.00376290225163	-0.00315483611539	0.0194469173886	-0.00795459179088	-0.023858436492	0.00738732258454	0.0438630476628	-0.034801291732	-0.0353679464738	-0.0294012148353	-0.0266546332312	0.0579735469917	0.0127698751182
k__Bacteria;p__Firmicutes;c__Clostridia;o__Clostridiales;f__Oscillospiraceae;g__Oscillibacter;s__Oscillibacter_sp._KLE_1745	-0.0217767468754	0.0201789626012	0.0256814817232	-0.0608100275436	-0.0308237733485	-0.0293901993543	-0.0794913278473	0.0116556757947	-0.00683629925352	0.0427695995345	-0.0218568702901	-0.00214499981436	0.0133943361668	-0.00453167583119	0.0316877251508	0.0132430301999	-0.018695931301	-0.0129842249672	-0.0455400783061	-0.0218577952297	-0.0277026982232	0.0127849158353	-0.052087588787	-0.0172737107404	1.0	-0.04833982248	0.00771876943026	-0.0127144935513	0.00435737429909	0.00603573413405	0.000678948238894	-0.0139674591345	-0.001790003817	0.0234611696566	0.0197815431417	0.00174296163989	0.0450286460023	0.000136783979234	0.00480414526156	0.0386601660675	-0.0385259456666	0.0247390427882	-0.0323777683985	-0.00295771363343	0.0698824231	-0.00140130117706	0.00995077860637	-0.00336843073345	-0.0346241215627	-0.0126104961666	0.0199571878439	0.0315509753448	-0.0210946659543	0.00618791334376	0.00315698591039	0.0451207665602	0.00604582496369	-0.0742395172028	-0.0174152277917
k__Bacteria;p__Bacteroidetes;c__Bacteroidia;o__Bacteroidales;f__Bacteroidaceae;g__Bacteroides;s__Bacteroides_coprophilus	0.0190372782972	0.0351231344638	-0.047116461014	0.0398155289575	-0.0495753172579	-0.0452563724011	0.0292812327131	-0.00532541999007	-0.00029644913916	-0.0187316991286	-0.0540027870771	-0.00228852866211	-0.0331796636533	0.0229522245305	-0.0261497220383	-0.0456530385068	-0.0606634194532	0.0230056173149	0.00129004552125	-0.0826081336747	-0.0127047837687	0.0057685930647	0.00857908004009	-0.0214036434018	-0.04833982248	1.0	0.0301920274121	-0.0185138796941	-0.00503478544034	0.0468216754564	-0.023959365026	0.00503992688961	0.010004528411	-0.0632610381302	-0.0576546420513	-0.050712756897	-0.0220818180717	-0.0533726799568	0.0210110835936	0.0152371365702	-0.0209706115277	0.0107302725853	0.0505728770957	0.045619976243	-0.00714735624257	-0.0375162237883	0.00457939166355	-0.0207117019904	-0.00310436779212	0.0372121360562	0.0156403180764	0.00459280617232	0.056632697498	-0.0454440310272	-0.044261217081	0.00842676435376	-0.0347957328254	2.47627524767e-05	0.0369965304125
k__Bacteria;p__Firmicutes;c__Clostridia;o__Clostridiales;f__Lachnospiraceae;g__Roseburia;s__Roseburia_intestinalis	0.018399435678	-0.0182617587614	0.00225921804897	-0.0435209954227	-0.0233050067252	0.0488761828174	-0.0167102777953	-0.0118873150827	-0.0310032920861	0.0438559362273	-0.0614948852944	-0.00835369885472	0.0409163658433	-0.0140731941755	0.0237266883492	-0.0373979136357	-0.0287059660078	-0.0408785239038	0.00824483499214	-0.0375140402797	0.0337338234069	-0.0352446229109	0.0152114626544	-0.0849824979152	0.00771876943026	0.0301920274121	1.0	-0.0456028460521	0.0397761215691	-0.0416402354393	-0.0137640898583	0.0223929858688	0.0192489354712	-0.0150620800119	-0.010262344509	0.0118613145075	-0.0328928044552	0.0147590679952	-0.00634490920255	-0.0118087234625	-0.0420702021679	-0.0548892393604	0.00815421732817	0.0373253564157	-0.0857188347878	-0.0283526312215	0.052299354697	-0.0812994099705	0.0251200997586	-0.0296537847555	-0.0344374898583	0.0343563446674	-0.017082254107	0.0348127738875	0.0405866915337	-0.00812652127619	0.0235385043074	0.0675850818445	-0.0146972241468
k__Bacteria;p__Firmicutes;c__Clostridia;o__Clostridiales;f__Lachnospiraceae;g__Roseburia;s__Roseburia_hominis	-0.0468765016265	0.0120168255762	0.0359757005676	-0.0138609601766	-0.039967418767	-0.00241101413601	-0.00628432160745	-0.0190018007708	-0.0302633074944	0.0134679130208	-0.0455938551077	0.0717820546333	-0.0499481810817	-0.000826574523838	-0.0668496791974	-0.00852185557462	-0.0204975495655	-0.00383833682633	-0.0766284076501	0.0509813078443	-0.00572906385719	-0.0122025041231	-0.0649476184359	-0.0100198737721	-0.0127144935513	-0.0185138796941	-0.0456028460521	1.0	-0.0318660118274	-0.0294610381608	0.0448560455869	-0.0385134177089	0.0524606747498	0.0352851955551	0.0506650271548	-0.0492940398371	0.0556575902425	0.0424936660244	0.0215980144215	-0.00115021577687	0.0306198942455	-0.0380084174725	-0.0167801807369	-0.0343630633	-0.0432200769763	-0.0107394460687	-0.0820684935479	0.0227438890113	-0.0333228369805	0.0501413237243	0.0190666938482	0.0481822512075	0.00934730942767	0.029928145022	-0.0224185843709	-0.0417207390971	-0.00575872796642	-0.00352221241191	0.00755196390526
k__Bacteria;p__Bacteroidetes;c__Bacteroidia;o__Bacteroidales;f__Porphyromonadaceae;g__Parabacteroides;s__Parabacteroides_johnsonii	-0.0916378117753	-0.0166587251064	-0.0392560795919	0.0157893595922	0.0177867535875	-0.0422188807883	0.0414039194575	-0.00118187268947	0.00131911919974	-0.0284725399717	-0.0101185128893	0.00383652402424	-0.0277065460243	-0.0726106880889	-0.00870514055336	0.0196787935016	0.0252336147701	-0.0256992012962	-0.0169703594421	-0.0334976210448	-0.0259178430358	-0.0194653378467	0.0459017486088	0.0709012631551	0.00435737429909	-0.00503478544034	0.0397761215691	-0.0318660118274	1.0	0.0455515153393	-0.0557892261995	-0.0281090262356	0.0157559020983	-0.0140425655576	0.0265808956625	0.0144821837688	-0.0247059413584	0.00328680568193	-0.0268111852043	-0.00349513595354	-0.00448819425359	-0.0124207074071	-0.0149494220688	-0.0102683164558	-0.0142648145673	0.0229548085795	0.0102252948374	-0.016462990011	0.0266865411132	-0.0201708390679	-0.00751220753098	-0.0208751303289	0.0125724782661	-0.0564694404257	-0.0181193244722	0.0384365442358	-0.0267297723534	0.0720624773954	0.0268124230332
k__Bacteria;p__Actinobacteria;c__Actinobacteria;o__Bifidobacteriales;f__Bifidobacteriaceae;g__Bifidobacterium;s__Bifidobacterium_longum	-0.00524965300639	-0.045586844039	0.0324066385378	-0.0395337006556	-0.0122229019649	0.0351034690221	-0.00507569215684	-0.06840799095	-0.069373528413	-0.0183919057486	0.0136350988816	-0.0140199923209	-0.0173026129357	-0.0458634551224	-0.0404853766418	-0.0127171116959	-0.00852921777915	-0.0123154772388	0.0142451339521	0.0223532381703	0.0158369255288	0.0722823927266	-0.00491964929297	0.00324378428949	0.00603573413405	0.0468216754564	-0.0416402354393	-0.0294610381608	0.0455515153393	1.0	0.0700311711159	-0.033608004614	-0.0389030926194	0.00213683888302	0.0242005521866	0.00707222068159	-0.0241566650143	-0.0337293625557	0.0195490668769	0.00670038935532	0.00185292757699	-0.0185490912991	-0.0311351070968	0.00408140550036	-0.0116879636626	-0.0295834284468	-0.00825755096883	0.00112385165532	0.0465173814538	0.0270266442272	0.00943695887526	-0.0223980654732	-0.0155741656889	-0.0400828395826	-0.00212001945757	-0.0313853159894	-0.0458429151564	-0.0227872013233	0.0828686928972
