#taxonomy	k__Bacteria;p__Bacteroidetes;c__Bacteroidia;o__Bacteroidales;f__Bacteroidaceae;g__Bacteroides;s__Bacteroides_vulgatus	k__Bacteria;p__Bacteroidetes;c__Bacteroidia;o__Bacteroidales;f__Bacteroidaceae;g__Bacteroides;s__Bacteroides_uniformis	k__Bacteria;p__Bacteroidetes;c__Bacteroidia;o__Bacteroidales;f__Rikenellaceae;g__Alistipes;s__Alistipes_putredinis	k__Bacteria;p__Bacteroidetes;c__Bacteroidia;o__Bacteroidales;f__Prevotellaceae;g__Prevotella;s__Prevotella_copri	k__Bacteria;p__Bacteroidetes;c__Bacteroidia;o__Bacteroidales;f__Bacteroidaceae;g__Bacteroides;s__Bacteroides_stercoris	k__Bacteria;p__Bacteroidetes;c__Bacteroidia;o__Bacteroidales;f__Bacteroidaceae;g__Bacteroides;s__Bacteroides_ovatus	k__Bacteria;p__Bacteroidetes;c__Bacteroidia;o__Bacteroidales;f__Rikenellaceae;g__Alistipes;s__Alistipes_shahii	k__Bacteria;p__Firmicutes;c__Clostridia;o__Clostridiales;f__Ruminococcaceae;g__Faecalibacterium;s__Faecalibacterium_prausnitzii	k__Bacteria;p__Bacteroidetes;c__Bacteroidia;o__Bacteroidales;f__Rikenellaceae;g__Alistipes;s__Alistipes_finegoldii	k__Bacteria;p__Bacteroidetes;c__Bacteroidia;o__Bacteroidales;f__Porphyromonadaceae;g__Parabacteroides;s__Parabacteroides_distasonis	k__Bacteria;p__Bacteroidetes;c__Bacteroidia;o__Bacteroidales;f__Bacteroidaceae;g__Bacteroides;s__Bacteroides_thetaiotaomicron	k__Bacteria;p__Bacteroidetes;c__Bacteroidia;o__Bacteroidales;f__Bacteroidaceae;g__Bacteroides;s__Bacteroides_coprocola	k__Bacteria;p__Bacteroidetes;c__Bacteroidia;o__Bacteroidales;f__Bacteroidaceae;g__Bacteroides;s__Bacteroides_cellulosilyticus	k__Bacteria;p__Bacteroidetes;c__Bacteroidia;o__Bacteroidales;f__Rikenellaceae;g__Alistipes;s__Alistipes_obesi	k__Bacteria;p__Firmicutes;c__Clostridia;o__Clostridiales;f__Lachnospiraceae;g__;s__[Eubacterium]_rectale	k__Bacteria;p__Bacteroidetes;c__Bacteroidia;o__Bacteroidales;f__Bacteroidaceae;g__Bacteroides;s__Bacteroides_plebeius	k__Bacteria;p__Bacteroidetes;c__Bacteroidia;o__Bacteroidales;f__Bacteroidaceae;g__Bacteroides;s__Bacteroides_fragilis	k__Bacteria;p__Proteobacteria;c__Betaproteobacteria;o__Burkholderiales;f__Sutterellaceae;g__Sutterella;s__Sutterella_wadsworthensis	k__Bacteria;p__Bacteroidetes;c__Bacteroidia;o__Bacteroidales;f__Porphyromonadaceae;g__Barnesiella;s__Barnesiella_intestinihominis	k__Bacteria;p__Bacteroidetes;c__Bacteroidia;o__Bacteroidales;f__Odoribacteraceae;g__Odoribacter;s__Odoribacter_splanchnicus	k__Bacteria;p__Bacteroidetes;c__Bacteroidia;o__Bacteroidales;f__Bacteroidaceae;g__Bacteroides;s__Bacteroides_salyersiae	k__Bacteria;p__Firmicutes;c__Clostridia;o__Clostridiales;f__Ruminococcaceae;g__Ruminiclostridium;s__[Eubacterium]_siraeum	k__Bacteria;p__Proteobacteria;c__Betaproteobacteria;o__Burkholderiales;f__Sutterellaceae;g__Parasutterella;s__Parasutterella_excrementihominis	k__Bacteria;p__Actinobacteria;c__Actinobacteria;o__Bifidobacteriales;f__Bifidobacteriaceae;g__Bifidobacterium;s__Bifidobacterium_adolescentis	k__Bacteria;p__Firmicutes;c__Clostridia;o__Clostridiales;f__Oscillospiraceae;g__Oscillibacter;s__Oscillibacter_sp._KLE_1745	k__Bacteria;p__Bacteroidetes;c__Bacteroidia;o__Bacteroidales;f__Bacteroidaceae;g__Bacteroides;s__Bacteroides_coprophilus	k__Bacteria;p__Firmicutes;c__Clostridia;o__Clostridiales;f__Lachnospiraceae;g__Roseburia;s__Roseburia_intestinalis	k__Bacteria;p__Firmicutes;c__Clostridia;o__Clostridiales;f__Lachnospiraceae;g__Roseburia;s__Roseburia_hominis	k__Bacteria;p__Bacteroidetes;c__Bacteroidia;o__Bacteroidales;f__Porphyromonadaceae;g__Parabacteroides;s__Parabacteroides_johnsonii	k__Bacteria;p__Actinobacteria;c__Actinobacteria;o__Bifidobacteriales;f__Bifidobacteriaceae;g__Bifidobacterium;s__Bifidobacterium_longum	k__Bacteria;p__Firmicutes;c__Clostridia;o__Clostridiales;f__;g__Flavonifractor;s__Flavonifractor_plautii	k__Bacteria;p__Firmicutes;c__Clostridia;o__Clostridiales;f__Clostridiaceae;g__Clostridium;s__Clostridium_phoceensis	k__Bacteria;p__Verrucomicrobia;c__Verrucomicrobiae;o__Verrucomicrobiales;f__Akkermansiaceae;g__Akkermansia;s__Akkermansia_muciniphila	k__Bacteria;p__Bacteroidetes;c__Bacteroidia;o__Bacteroidales;f__Prevotellaceae;g__Paraprevotella;s__Paraprevotella_xylaniphila	k__Bacteria;p__Firmicutes;c__Clostridia;o__Clostridiales;f__Ruminococcaceae;g__Ruminococcus;s__Ruminococcus_callidus	k__Bacteria;p__Bacteroidetes;c__Bacteroidia;o__Bacteroidales;f__Rikenellaceae;g__Alistipes;s__Alistipes_senegalensis	k__Bacteria;p__Firmicutes;c__Clostridia;o__Clostridiales;f__Lachnospiraceae;g__Blautia;s__Blautia_sp._KLE_1732	k__Bacteria;p__Bacteroidetes;c__Bacteroidia;o__Bacteroidales;f__Bacteroidaceae;g__Bacteroides;s__Bacteroides_oleiciplenus	k__Bacteria;p__Firmicutes;c__Clostridia;o__Clostridiales;f__Ruminococcaceae;g__Ruminococcus;s__Ruminococcus_bicirculans	k__Bacteria;p__Bacteroidetes;c__Bacteroidia;o__Bacteroidales;f__Bacteroidaceae;g__Bacteroides;s__Bacteroides_fluxus	k__Bacteria;p__Bacteroidetes;c__Bacteroidia;o__Bacteroidales;f__Prevotellaceae;g__Prevotella;s__Prevotella_stercorea	k__Bacteria;p__Firmicutes;c__Clostridia;o__Clostridiales;f__Lachnospiraceae;g__Dorea;s__Dorea_longicatena	k__Bacteria;p__Firmicutes;c__Clostridia;o__Clostridiales;f__Eubacteriaceae;g__Eubacterium;s__[Eubacterium]_eligens	k__Bacteria;p__Firmicutes;c__Clostridia;o__Clostridiales;f__Ruminococcaceae;g__;s__Ruminococcaceae_bacterium_D16	k__Bacteria;p__Firmicutes;c__Clostridia;o__Clostridiales;f__Lachnospiraceae;g__Coprococcus;s__Coprococcus_comes	k__Bacteria;p__Proteobacteria;c__Gammaproteobacteria;o__Enterobacterales;f__Enterobacteriaceae;g__Escherichia;s__Escherichia_coli	k__Bacteria;p__Firmicutes;c__Clostridia;o__Clostridiales;f__Ruminococcaceae;g__Anaerotruncus;s__Anaerotruncus_colihominis	k__Bacteria;p__Firmicutes;c__Clostridia;o__Clostridiales;f__Lachnospiraceae;g__Blautia;s__Blautia_obeum	k__Bacteria;p__Bacteroidetes;c__Bacteroidia;o__Bacteroidales;f__Odoribacteraceae;g__Odoribacter;s__Odoribacter_laneus	k__Bacteria;p__Firmicutes;c__Clostridia;o__Clostridiales;f__Ruminococcaceae;g__Ruminiclostridium;s__[Clostridium]_leptum	k__Bacteria;p__Bacteroidetes;c__Bacteroidia;o__Bacteroidales;f__Porphyromonadaceae;g__Parabacteroides;s__Parabacteroides_goldsteinii	k__Bacteria;p__Firmicutes;c__Clostridia;o__Clostridiales;f__Lachnospiraceae;g__Anaerostipes;s__Anaerostipes_hadrus	k__Bacteria;p__Firmicutes;c__Clostridia;o__Clostridiales;f__Ruminococcaceae;g__Ruminococcus;s__Ruminococcus_lactaris	k__Bacteria;p__Firmicutes;c__Clostridia;o__Clostridiales;f__Clostridiaceae;g__Clostridium;s__Clostridium_sp._L2-50	k__Bacteria;p__Firmicutes;c__Clostridia;o__Clostridiales;f__Clostridiaceae;g__Clostridium;s__Clostridium_sp._M62/1	k__Bacteria;p__Firmicutes;c__Clostridia;o__Clostridiales;f__;g__Intestinimonas;s__Intestinimonas_butyriciproducens	k__Bacteria;p__Actinobacteria;c__Actinobacteria;o__Bifidobacteriales;f__Bifidobacteriaceae;g__Bifidobacterium;s__Bifidobacterium_bifidum	k__Bacteria;p__Firmicutes;c__Negativicutes;o__Veillonellales;f__Veillonellaceae;g__Dialister;s__Dialister_invisus	k__Bacteria;p__Bacteroidetes;c__Bacteroidia;o__Bacteroidales;f__Bacteroidaceae;g__Bacteroides;s__Bacteroides_salanitronis
k__Bacteria;p__Bacteroidetes;c__Bacteroidia;o__Bacteroidales;f__Bacteroidaceae;g__Bacteroides;s__Bacteroides_vulgatus	1.0	-0.00576086505691	0.0147192502717	-0.0147141127743	-0.0147771534423	-0.0934208982451	-0.0123118631466	-0.00362365525316	0.0151926742081	0.0209151843884	-0.0142359740537	0.00140911228158	-0.0077867978482	-0.0125434086826	0.00308183321232	-0.0582012457764	-0.0270477420722	0.01219300126	0.00707808573616	-0.0119041137182	0.0767977166605	0.00111139505085	0.0250876467027	-0.0514773867468	0.0308728628706	0.032114365313	0.0260037986528	-0.0195444026658	-0.0351463038842	-0.0362949653063	0.0202985157054	-0.0410700922227	-0.02270146694	-0.0141287437723	0.000307701660362	-0.0152198139883	-0.0146670878848	0.00969469695561	-0.00741884212697	-0.0575633014063	-0.0135879880688	0.022865544975	-0.0181171192052	0.0374421091346	0.0505033870728	-0.0643822671749	-0.0213027982321	-0.00889898714917	0.0105845898795	-0.0618917855858	-0.00995308471052	0.0411507914535	-0.00824630259731	-0.0256198805534	-0.000851873222924	-0.0147039787666	-0.041999281352	0.00679373911864	0.00858869661796
k__Bacteria;p__Bacteroidetes;c__Bacteroidia;o__Bacteroidales;f__Bacteroidaceae;g__Bacteroides;s__Bacteroides_uniformis	-0.00576086505691	1.0	0.00519035290868	-0.0216561973118	0.0362861282943	0.0707903523066	-0.0840609776402	0.00728041663702	0.0203119881699	-0.0373138021998	-0.0502027758971	-0.0476901623378	0.0461892135267	-0.0632316439557	-0.0462405006587	-0.0208423000895	0.0466238695109	-0.0226416053511	-0.041814008584	-0.00249259544147	-0.0654776417618	-0.0165035365783	-0.015198037546	0.0140985625984	-0.0202214259702	-0.00569447223103	0.00327127606951	-0.0217788162328	0.0074182429138	0.0045227777635	0.00236321671919	0.0190647240465	-0.0119558671248	-0.00907582809841	-0.0665522674633	-0.0263847896021	-0.0380352348724	-0.0177483647115	-0.00663765934861	0.0170233729608	0.0357296836266	-0.00027699838635	-0.00505867984047	-0.0703132040853	-0.0106945213114	-0.0135489228887	0.049288940293	-0.00989035281862	-0.00916939737762	-0.0555495355505	-0.00263483954724	0.00123121408683	-0.019068223902	0.00433474066931	-0.063856057748	-0.00979500931027	0.0239565924393	0.00910941877511	-0.00876499098253
k__Bacteria;p__Bacteroidetes;c__Bacteroidia;o__Bacteroidales;f__Rikenellaceae;g__Alistipes;s__Alistipes_putredinis	0.0147192502717	0.00519035290868	1.0	7.95412412925e-05	-0.0311173576599	0.014609879082	-0.00886518986631	-0.0314985301266	0.00751482539355	-0.0219064676966	0.000758098645453	0.0485776534353	0.000144597669608	-0.0161014672627	-0.00127052101045	0.0189808898575	-0.0212900987961	-0.000394877551698	0.0187260111426	-0.0211308541536	-0.0242407445103	-0.0378703471446	-0.0386924342536	-0.0461789949858	-0.00148188995199	0.0224815361251	0.0332791476539	-0.0255597369222	0.00211407060534	0.0423861192062	-0.0591885686301	-0.0378404159012	0.0142844216172	-0.0402628595688	-0.0683344657839	0.00215109542419	0.0269346578627	-0.0176967602185	-0.0239943614114	-0.0107000910097	-0.0206313629616	-0.0136367959553	-0.0193282999493	0.0408064067547	0.0096803711109	-0.0139869406877	0.0182976800548	-0.00538225704306	-0.0122583380397	-0.038311208345	-0.0868796714769	-0.0343279320724	-0.000553912825399	-0.0957608525746	-0.014198658371	-0.0625638985454	0.0235344274529	0.00374694431245	-0.0380814483001
k__Bacteria;p__Bacteroidetes;c__Bacteroidia;o__Bacteroidales;f__Prevotellaceae;g__Prevotella;s__Prevotella_copri	-0.0147141127743	-0.0216561973118	7.95412412925e-05	1.0	-0.000772852604888	0.016847986897	-0.0504344010131	0.0064964507895	0.0412454041985	0.00621641157783	-0.0301257300697	0.0217250944452	0.0235094468662	-0.0276030094379	-0.0184681107912	0.00243404910179	-0.000334621698353	0.0297607045697	-0.00205089515196	-0.0158598760657	-0.0210582987712	-0.024867084609	0.000480589345223	-0.0183489851782	0.00875480465405	0.0245915737783	0.0216006103596	-0.00159265475512	-0.0414264851259	-0.021725048851	0.0292195789625	0.0570899691055	-0.00172346198776	-0.0284854304647	0.0103912192183	-0.0128548135152	-0.0261017008217	-0.02330511119	0.0280983909389	0.0438505720119	-0.00306320042283	-0.02370183797	-0.0898641259902	0.0201185309751	0.040090260186	0.0217182100107	0.0254225355721	0.0214765433449	0.0316672904603	-0.0689065180607	0.00395438581695	-0.0225742446893	-0.0441528893156	0.0153295442611	-0.000393409236011	0.03719442038	-0.0171168876715	-0.0503073593225	0.0335522121378
k__Bacteria;p__Bacteroidetes;c__Bacteroidia;o__Bacteroidales;f__Bacteroidaceae;g__Bacteroides;s__Bacteroides_stercoris	-0.0147771534423	0.0362861282943	-0.0311173576599	-0.000772852604888	1.0	0.0021570639721	0.0321714983015	-0.0130778027408	-0.0274617171713	0.0229052794745	0.0213287472958	0.0228899975998	-0.0295071539581	0.0203189738655	-0.00727042713764	-0.0449858148431	0.0158718951684	-0.0169507323375	-0.0229522795466	0.00481815629788	-0.0349101606248	-0.00199420695444	-0.0439221064074	0.0248669233519	-0.0309839286121	0.0249135949593	0.0624250854397	0.00830537397888	0.0164303121777	0.0258602458309	0.0401733493183	-0.00978745369679	-0.0421083780679	0.0100023536246	-0.0298769463854	0.0193021280546	-0.0128303035918	-0.0447970904095	-0.0762521186903	0.0115176486819	-0.0925322185344	0.0292005536488	-0.0324768833396	0.0239220231025	-0.0114546860072	-0.0075758377275	-0.0590988727762	-0.0281301016462	-0.00961977287534	0.0156392483428	-0.0136609770564	-0.0265994117183	0.0254749059421	0.0242637647658	-0.0470785093394	0.0118058298411	0.0665046472134	0.00470443403241	0.0337094429144
k__Bacteria;p__Bacteroidetes;c__Bacteroidia;o__Bacteroidales;f__Bacteroidaceae;g__Bacteroides;s__Bacteroides_ovatus	-0.0934208982451	0.0707903523066	0.014609879082	0.016847986897	0.0021570639721	1.0	0.00735997298315	-0.013566951325	-0.0108752905365	-0.00151366598231	-0.0445397163956	0.012218044661	-0.0187481886518	0.00592295037179	-0.0384439965166	0.0212736583134	-0.0319575735882	-0.00618732194968	-0.0561059950487	0.0270525768806	-0.0343491356162	-0.0421426803931	-0.0574121581064	0.0400592743197	-0.0478378309099	0.0290505588165	-0.0344577489849	0.00946557561248	0.060034469019	0.0279790184576	0.028184958713	-0.0297255379943	-0.000429121917427	-0.0336569957057	0.00547476218965	0.00973876897805	-0.0241508804153	0.0359013355266	-0.0158455964955	-0.0575147111406	0.0222826151705	-0.0208551121711	-0.00491482345627	0.0130016139294	-0.0180237156674	0.0356264491362	-0.0736688233998	-0.0279624786166	0.0536747190586	-0.0356881799148	0.0673217638095	0.0344164645566	0.0232496925348	-0.0165165821825	0.0281848766633	0.00582287398965	-0.0344666554067	-0.0399178147432	0.0132443370366
k__Bacteria;p__Bacteroidetes;c__Bacteroidia;o__Bacteroidales;f__Rikenellaceae;g__Alistipes;s__Alistipes_shahii	-0.0123118631466	-0.0840609776402	-0.00886518986631	-0.0504344010131	0.0321714983015	0.00735997298315	1.0	-0.00794122302423	-0.046415122007	-0.0888872245862	0.0325743859266	0.0116324600912	-0.0496570697245	0.0201748048642	-0.00795503045451	0.00926489024939	0.00419081203879	-0.0463360298971	0.0365141133361	-0.013936883672	-0.0350060630026	-0.00117798786206	0.0193008892436	-0.0555758153718	0.0209767365854	-0.0399945847864	0.0178685950738	0.0254912581752	-0.00544943697053	-0.0196087573021	-0.0219017477438	-0.0359999432329	-0.0336214179346	0.0311489503089	-0.0266701312127	-0.0342197796379	0.0306539396876	0.020664245259	-0.0453010234888	-0.00524830290462	-0.00572696320834	-0.00799438237186	0.0268544492924	0.0344284191391	0.00104083586445	-0.01639455792	-0.0381634876439	0.00466489797398	0.0296829056878	-0.0320390576937	0.0513962027127	-0.0121212196256	0.00515331059005	0.0621733960335	-0.0273512670467	-0.0412585937857	-0.00946283481131	-0.00250700935155	0.0414625900886
k__Bacteria;p__Firmicutes;c__Clostridia;o__Clostridiales;f__Ruminococcaceae;g__Faecalibacterium;s__Faecalibacterium_prausnitzii	-0.00362365525316	0.00728041663702	-0.0314985301266	0.0064964507895	-0.0130778027408	-0.013566951325	-0.00794122302423	1.0	0.0473423043224	-0.0101545469491	-0.0188956668853	0.0500782913585	-0.0671978209362	0.0572554029578	-0.00825736422643	0.00485979619905	0.00403802266484	-0.0387528580464	0.019636786639	0.0383217404044	0.0055646625294	0.0513862697795	0.0481501396757	-0.026711370177	-0.0291762142078	-0.0251267353351	-0.033773600295	0.0337849149977	-0.079138273167	-0.0525900225147	-0.0616485207349	-0.0673878829478	0.0314665952273	0.0153120782348	0.0671498472658	0.00570739415563	-0.00883643859147	0.01866931275	-0.0126115813457	-0.0558532568908	0.00170659663246	-0.0301471874141	-0.0807443683867	0.0328098153308	-0.0163464429539	0.0163052739835	0.0232500309187	0.0327557456303	0.0454674103454	-0.0134817033636	-0.0462873975433	0.0333866846483	-0.0511948421169	-0.0154653337623	-0.0354529556351	-0.0585467972761	0.00248249258522	-0.0382855317285	0.0374588066006
k__Bacteria;p__Bacteroidetes;c__Bacteroidia;o__Bacteroidales;f__Rikenellaceae;g__Alistipes;s__Alistipes_finegoldii	0.0151926742081	0.0203119881699	0.00751482539355	0.0412454041985	-0.0274617171713	-0.0108752905365	-0.046415122007	0.0473423043224	1.0	-0.0325589796092	-0.0328085480714	-0.0559190816032	-0.0295471436566	-0.081101255148	-0.0817819228637	-0.0146656146352	-0.0127176844291	-0.0267498564912	-0.00404032901185	0.0167131934276	0.0139773333188	-0.0127594693164	0.00201273106485	0.0378627621395	0.0138635684814	-0.0128886632647	-0.00590033060198	-0.0181585516135	-0.0384963592546	-0.0155825563262	0.00120731403183	-0.044060129867	0.0325259617084	-0.0249111555699	0.00277451759371	0.00321156171349	-0.0045764765089	0.00834628546974	0.00977849649123	0.0328096037026	0.00485334011214	-0.0231064279002	0.0264858523629	0.0186479613984	-0.0875867607732	-0.0269054365732	-1.68901337444e-05	0.0137987828129	0.0291989232561	-0.0489906443976	-0.0181547810982	-0.0216169461389	-0.0143309578487	-0.00345300906023	-0.0249060316713	0.0127001273126	-0.00532278060678	-0.0181165120141	0.0248302233704
k__Bacteria;p__Bacteroidetes;c__Bacteroidia;o__Bacteroidales;f__Porphyromonadaceae;g__Parabacteroides;s__Parabacteroides_distasonis	0.0209151843884	-0.0373138021998	-0.0219064676966	0.00621641157783	0.0229052794745	-0.00151366598231	-0.0888872245862	-0.0101545469491	-0.0325589796092	1.0	-0.0634748321926	-0.00771378822677	-0.0146400743991	-0.00987608625696	0.00731103955145	-0.0186367796941	-0.0660218670729	-0.0366558209672	-0.00698683652054	0.015356570134	0.0627817640039	0.0083454928543	-0.0982927651525	0.0462643431923	-0.0081915900871	0.00659792981058	-0.100909920631	-0.0479075539258	-0.0736657427596	-0.00404950346028	-0.000777796262207	0.00654019672557	0.0364960939418	-0.0377609425379	-0.0112670334772	-0.0105590692168	-0.021113411352	0.00477152971198	0.0447986092471	0.0131146583952	-0.00682225084352	0.0231181640083	-0.0515648839717	0.00413797304425	0.059814249983	-0.0244970399325	-0.000168594217458	0.0389562537689	0.0322668536786	0.00664534803252	-0.0187830764462	0.002646425605	0.0335977182992	0.0207479715961	0.0225752729616	-0.0166537204417	0.0625563819627	-0.0225378774016	-0.00496113860805
k__Bacteria;p__Bacteroidetes;c__Bacteroidia;o__Bacteroidales;f__Bacteroidaceae;g__Bacteroides;s__Bacteroides_thetaiotaomicron	-0.0142359740537	-0.0502027758971	0.000758098645453	-0.0301257300697	0.0213287472958	-0.0445397163956	0.0325743859266	-0.0188956668853	-0.0328085480714	-0.0634748321926	1.0	0.0448202010534	0.0648808456522	0.0190680664603	-0.00118233965108	-0.00916921014837	-0.00483758240023	0.00103074476377	-0.0138739183078	-0.0253359829997	-0.0529216883438	-0.00220236107759	0.0101776687132	0.0607641042631	0.0550456091507	0.00360612067735	0.00788421917769	-0.00466685864569	-0.031833551883	-0.00374407535661	-0.053517741806	0.0203610370417	-0.00471781688253	0.0137564938666	-0.021940314087	-0.0184697976765	0.0104876498905	-0.0343292366816	0.0242551389348	0.0458955574727	-0.0536220775999	0.032207868222	0.0369564473079	0.0178426605385	-0.0492814075836	0.0520124967041	0.0133876328815	0.0110651703556	-0.0201175015296	0.0552967361761	-0.0280049847931	-0.0331015473063	-0.031111263323	-0.0409420457857	-0.0250868902465	-0.0443821300743	0.0232204190936	-0.0208956347882	-0.0205971125928
k__Bacteria;p__Bacteroidetes;c__Bacteroidia;o__Bacteroidales;f__Bacteroidaceae;g__Bacteroides;s__Bacteroides_coprocola	0.00140911228158	-0.0476901623378	0.0485776534353	0.0217250944452	0.0228899975998	0.012218044661	0.0116324600912	0.0500782913585	-0.0559190816032	-0.00771378822677	0.0448202010534	1.0	0.0194430789847	0.00888053970233	-0.000471936964167	0.0116956578776	0.0220478966431	-0.0691479089239	0.0316540077959	-0.0212335624237	0.00692669544852	-0.0294310660616	-0.0106166180389	0.000546328228181	0.0203244926779	0.000883770706024	0.0270587598687	0.0197777046204	-0.0728079679654	0.0150997521553	0.0392694698633	0.0342478331201	-0.0389912348376	0.0667412432955	0.0246895083318	0.00551669128801	-0.105724971056	-0.0495236741518	0.0133632711199	-0.0139408464047	-0.0160139381712	0.0105089565646	-0.0114197744302	-0.0705492770459	-0.0084377577055	-0.0517039372532	-0.0648470698364	-0.0169364898275	-0.00819008691445	-0.0270099498411	0.00746583419564	-0.0309457452213	0.00758793562024	-0.0452461406556	-0.0482702919382	0.0357957428903	-0.0377150379711	-0.0109901055687	0.0371455355909
k__Bacteria;p__Bacteroidetes;c__Bacteroidia;o__Bacteroidales;f__Bacteroidaceae;g__Bacteroides;s__Bacteroides_cellulosilyticus	-0.0077867978482	0.0461892135267	0.000144597669608	0.0235094468662	-0.0295071539581	-0.0187481886518	-0.0496570697245	-0.0671978209362	-0.0295471436566	-0.0146400743991	0.0648808456522	0.0194430789847	1.0	-0.0180559272001	0.0115404320011	-0.0378594167277	-0.00674316339578	-0.042625619131	-0.0360392678807	-0.0389477140752	-0.0553114049286	-0.0416137542143	-0.0165713348139	-0.0045627799577	-0.0256121531347	0.0130036150473	0.0479573531382	-0.0513950190956	0.027515111191	-0.0220870053205	0.00479211936356	0.00803169322082	-0.0344810365188	-0.0199402244725	0.0476079781008	-0.0269694321583	-0.0188836584544	0.013717856797	0.00643792365202	-0.0524736323172	-0.00984815602702	-0.0240182976291	0.00446379891799	-0.0533714224658	0.0082625788091	-0.0175478355872	-0.00338111379153	0.0105301709633	-0.0544270615664	0.0494504283694	0.0870593694345	-0.0246344270658	-0.00180589179596	-0.0243113617564	0.0658201859637	0.0604238584457	-0.0412975561749	-0.0554618859922	-0.05655202071
k__Bacteria;p__Bacteroidetes;c__Bacteroidia;o__Bacteroidales;f__Rikenellaceae;g__Alistipes;s__Alistipes_obesi	-0.0125434086826	-0.0632316439557	-0.0161014672627	-0.0276030094379	0.0203189738655	0.00592295037179	0.0201748048642	0.0572554029578	-0.081101255148	-0.00987608625696	0.0190680664603	0.00888053970233	-0.0180559272001	1.0	0.0321687645104	0.00329077027483	0.0430346433048	-0.0106770859237	-0.0106978249463	0.0440130195073	0.0301233286128	0.0544610307273	-0.0093846744019	0.00133578546385	-0.0800739273177	-0.0211831465978	0.00674416483485	0.0384091481499	-0.0084737963437	-0.00933055652076	-0.0480644285961	-0.00478676558684	-0.0216537700801	-0.0325807265206	0.0293808057192	0.0348549534242	-0.0466324908008	-0.00374552013591	0.00845029982039	0.0563094513683	-0.0135441668288	-0.0360082354514	0.023851058336	-0.0210114123771	-0.0113450202011	-0.061851918204	-0.0270183869019	-0.00646388252878	-0.00957586721672	-0.0125988564636	-0.0156615896264	-0.0648245121605	-0.0161762242274	0.00992730836709	-0.0734430712972	-0.00633508344893	0.0334519916955	-0.0118467654765	-0.0471819454546
k__Bacteria;p__Firmicutes;c__Clostridia;o__Clostridiales;f__Lachnospiraceae;g__;s__[Eubacterium]_rectale	0.00308183321232	-0.0462405006587	-0.00127052101045	-0.0184681107912	-0.00727042713764	-0.0384439965166	-0.00795503045451	-0.00825736422643	-0.0817819228637	0.00731103955145	-0.00118233965108	-0.000471936964167	0.0115404320011	0.0321687645104	1.0	0.00763565371736	0.0268437587248	0.0130958182038	-0.0140392568415	0.00665574911113	-0.0699446400691	0.0300770604539	-0.0214717353223	0.00787439357165	-0.0178574181203	0.00470001686112	-0.0577250211155	0.014301275596	-0.000765438206045	0.0179209991889	-0.0206976667151	-0.00721334577511	0.036492937429	0.0208093665014	-0.0178890345197	0.0618547093494	-0.0106892474548	-0.0565132231697	0.00977780262796	-0.0178355873538	0.00371331087226	-0.00848690352087	-0.00732343027038	0.0208156666175	0.0363601267602	-0.0305622323471	0.0162700500515	-0.0685233914651	0.0211622075934	-0.0433422494782	-0.0277626804136	-0.036122792349	0.0798310715978	0.0198188517233	-0.0288927397654	0.0537086107298	0.0269148834837	-0.0558522957799	-0.0327415107777
k__Bacteria;p__Bacteroidetes;c__Bacteroidia;o__Bacteroidales;f__Bacteroidaceae;g__Bacteroides;s__Bacteroides_plebeius	-0.0582012457764	-0.0208423000895	0.0189808898575	0.00243404910179	-0.0449858148431	0.0212736583134	0.00926489024939	0.00485979619905	-0.0146656146352	-0.0186367796941	-0.00916921014837	0.0116956578776	-0.0378594167277	0.00329077027483	0.00763565371736	1.0	0.0445701311264	0.0071977802482	0.0397011661132	0.010905402504	-0.023122909862	0.0168699341343	0.0326103142389	-0.0418770135515	-0.0470571803018	-0.04247883376	-0.026124889755	0.00664554154394	0.00543702736908	-0.0039949097569	-0.0608799789316	0.0308620063845	0.0334875392966	-0.00982034598697	0.00309332057747	-0.00382046913885	-0.00938309579258	0.00905799705164	0.00843170014044	0.0497797002498	0.0102186782964	0.014018541854	0.0424516764491	-0.0146554868078	0.0352070971598	-0.0277319411455	-0.0861936854435	-0.0163627344055	0.0455421675844	-0.0256605730719	-0.0204469360506	-0.0400069456658	-0.0397589777536	-0.038698679459	-0.0202152759929	-0.0446901249971	0.0191450894874	-0.029682157978	-0.0377244864461
k__Bacteria;p__Bacteroidetes;c__Bacteroidia;o__Bacteroidales;f__Bacteroidaceae;g__Bacteroides;s__Bacteroides_fragilis	-0.0270477420722	0.0466238695109	-0.0212900987961	-0.000334621698353	0.0158718951684	-0.0319575735882	0.00419081203879	0.00403802266484	-0.0127176844291	-0.0660218670729	-0.00483758240023	0.0220478966431	-0.00674316339578	0.0430346433048	0.0268437587248	0.0445701311264	1.0	-0.0539152992939	0.0145841147948	-0.0643257299659	0.0178992699666	0.0159990609766	-0.021897119745	-0.0211384907147	-0.0927961910667	-0.0507405855866	-0.0294532374973	-0.0132493117792	-0.050630981933	0.0220238368754	-0.0138035518221	0.0141910937156	0.00614503499224	-0.0157730299356	0.0115116831529	0.0190666960527	0.0116540776106	0.0197244853734	0.0462381893815	-0.0119802379395	-0.0229711803599	-0.045076720207	-0.0244138610563	0.0405665390997	-0.0227879239216	-0.0230032818501	-0.0162984435431	-0.0556919155797	0.0439048523815	-0.0089620750275	0.00894518999715	-0.0653052006264	0.0269301819449	0.00999933736169	-0.00591963860221	0.0915657494859	0.00650569415163	0.0407540956584	0.0277294636872
k__Bacteria;p__Proteobacteria;c__Betaproteobacteria;o__Burkholderiales;f__Sutterellaceae;g__Sutterella;s__Sutterella_wadsworthensis	0.01219300126	-0.0226416053511	-0.000394877551698	0.0297607045697	-0.0169507323375	-0.00618732194968	-0.0463360298971	-0.0387528580464	-0.0267498564912	-0.0366558209672	0.00103074476377	-0.0691479089239	-0.042625619131	-0.0106770859237	0.0130958182038	0.0071977802482	-0.0539152992939	1.0	-0.00890915598321	-0.00328421234617	-0.00117288863376	0.00400311066868	-0.0458502649238	-0.0859511067005	0.0573373498307	0.00478682640643	0.00972946025179	0.0173905314937	-0.00169326112382	-0.0385996201355	0.0181181960749	-0.00680165958249	0.0188718648522	-0.00298224865521	-0.0670698280614	-0.047349820213	-0.038352198169	-0.0139995288293	-0.0717929767245	-0.0328989350394	-0.00349133877701	0.0556848662595	-0.0053501575316	0.0155676991663	0.0176703660259	-0.0456821300947	0.0209972297531	0.0760325410822	-0.019572273551	0.0229322748361	0.0316729788307	0.0433812056122	-0.0684926013678	-0.0338485442075	-0.0642080567651	0.0104307512978	0.000989984452086	-0.0327180978397	0.042454244892
k__Bacteria;p__Bacteroidetes;c__Bacteroidia;o__Bacteroidales;f__Porphyromonadaceae;g__Barnesiella;s__Barnesiella_intestinihominis	0.00707808573616	-0.041814008584	0.0187260111426	-0.00205089515196	-0.0229522795466	-0.0561059950487	0.0365141133361	0.019636786639	-0.00404032901185	-0.00698683652054	-0.0138739183078	0.0316540077959	-0.0360392678807	-0.0106978249463	-0.0140392568415	0.0397011661132	0.0145841147948	-0.00890915598321	1.0	-0.0325995578885	0.022591974442	-0.0469177477584	-0.00816201881543	0.0631922547995	0.0156075725219	-0.0387250448047	0.030004118445	0.01545771032	0.003375249407	-0.095700215075	-0.0251625756694	-0.0141939488131	-0.0438302612168	-0.032688127398	0.0262397934612	-0.0460818814555	-0.0212063088239	0.00307477513998	-0.00390032705635	-0.0341086760254	-0.0346972525831	0.00638372474855	0.0171636273626	-0.0136364290759	0.0195795114399	-0.0148584816466	-0.0378200837566	-0.0365605412139	0.0174385076873	0.003074393388	-0.00627517152936	0.042415808323	0.0151936348319	0.019449585117	-0.0266862196717	-0.00386840356778	-0.00627860862297	0.0216310057264	-0.0131319588887
k__Bacteria;p__Bacteroidetes;c__Bacteroidia;o__Bacteroidales;f__Odoribacteraceae;g__Odoribacter;s__Odoribacter_splanchnicus	-0.0119041137182	-0.00249259544147	-0.0211308541536	-0.0158598760657	0.00481815629788	0.0270525768806	-0.013936883672	0.0383217404044	0.0167131934276	0.015356570134	-0.0253359829997	-0.0212335624237	-0.0389477140752	0.0440130195073	0.00665574911113	0.010905402504	-0.0643257299659	-0.00328421234617	-0.0325995578885	1.0	0.0142492154066	0.0482381127626	-0.0295858269128	0.0435204241033	-0.0262903809948	-0.0464384257547	-0.0567963392997	0.0244680243795	-0.0107073941145	-0.00504243141675	-0.0135578687373	0.010944514619	-0.0575725278635	0.000466544373557	0.0100674454661	-0.00429470041342	-0.0368918505269	0.00254243380915	-0.016893939137	0.00491967826033	0.00768396072969	-0.0181201912004	-0.0421972482969	0.0528653910038	0.0432241084011	0.0179046589048	-0.000170937327945	-0.0214989884419	-0.00303810154461	-0.0639585680031	-0.0404853443695	0.019964451722	0.00761163016941	0.00680693587211	-0.0196583883931	-0.0169586253725	-0.0106064787815	0.0299913301555	0.0466653500858
k__Bacteria;p__Bacteroidetes;c__Bacteroidia;o__Bacteroidales;f__Bacteroidaceae;g__Bacteroides;s__Bacteroides_salyersiae	0.0767977166605	-0.0654776417618	-0.0242407445103	-0.0210582987712	-0.0349101606248	-0.0343491356162	-0.0350060630026	0.0055646625294	0.0139773333188	0.0627817640039	-0.0529216883438	0.00692669544852	-0.0553114049286	0.0301233286128	-0.0699446400691	-0.023122909862	0.0178992699666	-0.00117288863376	0.022591974442	0.0142492154066	1.0	0.00927980074836	0.0117170164927	-0.00845870486176	-0.0264887992867	0.0135898432932	-0.036375226758	0.0147141896764	-0.00812289459326	-0.00138893351228	0.0167286960638	-0.0354634638421	0.0311249495135	-0.020792981549	0.0410119507809	-0.0144858246827	-0.0197407818916	0.0322120635599	0.0223906333729	-0.0296952640501	0.00378842850266	0.0270452179762	-0.0314651409135	-0.0012305548895	-0.0711649782183	-0.00808778916565	0.00537599319593	0.0200478162161	0.0324619531494	-0.0154284327226	-0.0655146410764	-0.0437243590138	0.021444811181	-0.0551028445481	-0.0109669904726	-0.00133739445831	-0.0373806900823	0.0303475825862	0.0419291999896
k__Bacteria;p__Firmicutes;c__Clostridia;o__Clostridiales;f__Ruminococcaceae;g__Ruminiclostridium;s__[Eubacterium]_siraeum	0.00111139505085	-0.0165035365783	-0.0378703471446	-0.024867084609	-0.00199420695444	-0.0421426803931	-0.00117798786206	0.0513862697795	-0.0127594693164	0.0083454928543	-0.00220236107759	-0.0294310660616	-0.0416137542143	0.0544610307273	0.0300770604539	0.0168699341343	0.0159990609766	0.00400311066868	-0.0469177477584	0.0482381127626	0.00927980074836	1.0	-0.0320206240369	-0.0592853568769	-0.028131026627	0.0106260658543	0.0147910148949	-0.028924148238	0.0109072780497	-0.0259154640658	-0.0229188654441	-0.010444895956	-0.00397320183747	-0.0216320876437	-0.0440826919872	-0.0118811916183	-0.0246128236709	0.0651012835971	-0.031265235216	0.0737563004282	0.00442725556345	-0.00253745426248	-0.00332928690663	-0.0745876989414	0.000219393386624	0.00925070555895	-0.0066852136511	-0.0483253939232	0.00692393727332	-0.0171141524665	-0.0657775289731	0.0307331965614	-0.0606929389473	-0.057491111452	0.0209901907482	-0.00877378990085	-0.013677732923	0.0445753257722	0.0376360806695
k__Bacteria;p__Proteobacteria;c__Betaproteobacteria;o__Burkholderiales;f__Sutterellaceae;g__Parasutterella;s__Parasutterella_excrementihominis	0.0250876467027	-0.015198037546	-0.0386924342536	0.000480589345223	-0.0439221064074	-0.0574121581064	0.0193008892436	0.0481501396757	0.00201273106485	-0.0982927651525	0.0101776687132	-0.0106166180389	-0.0165713348139	-0.0093846744019	-0.0214717353223	0.0326103142389	-0.021897119745	-0.0458502649238	-0.00816201881543	-0.0295858269128	0.0117170164927	-0.0320206240369	1.0	-0.00717321843044	-0.00541400153148	-0.00558553178065	-0.00762646377785	-0.0133999715653	0.0608004651715	0.000973007050717	0.0282641492348	-0.0111438039583	-0.0103282983122	0.0163482565115	-0.0169459877256	-0.0334871966436	-0.0115993317732	-0.0308911881674	0.0229661912182	-0.00423193990217	0.00078599538106	0.0125702967175	-0.00935744798794	-0.00979897027354	-0.0304914286326	-0.0116595852238	0.0302967809526	0.0244713395137	-0.0426138565324	0.0245000958573	0.0215591079151	-0.0267329171561	-0.0347008891465	0.0289973035456	0.00182555406917	0.00201546277567	-0.0570794192031	0.0242271288627	-0.0316525509046
k__Bacteria;p__Actinobacteria;c__Actinobacteria;o__Bifidobacteriales;f__Bifidobacteriaceae;g__Bifidobacterium;s__Bifidobacterium_adolescentis	-0.0514773867468	0.0140985625984	-0.0461789949858	-0.0183489851782	0.0248669233519	0.0400592743197	-0.0555758153718	-0.026711370177	0.0378627621395	0.0462643431923	0.0607641042631	0.000546328228181	-0.0045627799577	0.00133578546385	0.00787439357165	-0.0418770135515	-0.0211384907147	-0.0859511067005	0.0631922547995	0.0435204241033	-0.00845870486176	-0.0592853568769	-0.00717321843044	1.0	-0.0564119807792	-0.0124237647132	0.00792765457162	-0.0570986464072	-0.021940529673	-0.00137966156635	-0.100552544817	-0.0474138138014	0.0225467257438	-0.0287517062584	-0.00364347700761	-0.00630615842711	0.0327144875624	-0.0289017076696	0.00495589717891	-0.0148852294748	0.011763377188	0.0278558934066	0.0287463145632	-0.0232498594441	-0.00194991306773	0.0652030407022	-0.067085391376	-0.0318284759931	0.00161033109379	0.0175960959068	-0.0443904533542	-0.0686988812735	0.0139379979512	0.000690904892879	0.0282448556239	-0.0393167578698	0.0161680560728	0.0229280801175	-0.0455068658419
k__Bacteria;p__Firmicutes;c__Clostridia;o__Clostridiales;f__Oscillospiraceae;g__Oscillibacter;s__Oscillibacter_sp._KLE_1745	0.0308728628706	-0.0202214259702	-0.00148188995199	0.00875480465405	-0.0309839286121	-0.0478378309099	0.0209767365854	-0.0291762142078	0.0138635684814	-0.0081915900871	0.0550456091507	0.0203244926779	-0.0256121531347	-0.0800739273177	-0.0178574181203	-0.0470571803018	-0.0927961910667	0.0573373498307	0.0156075725219	-0.0262903809948	-0.0264887992867	-0.028131026627	-0.00541400153148	-0.0564119807792	1.0	-0.00750374710299	-0.0512965457922	-0.0514470524698	-0.0516696915614	-0.013922759059	0.0371304762189	-0.00336333916762	-0.0193183042728	0.0203215279124	0.000188680457621	-0.0591786148004	-0.0116624957871	0.00201421660071	-0.00636349779525	0.0364679628636	0.00357067820242	0.0141588651604	0.094090423157	0.0348765683009	0.0254362557321	0.0261335041096	0.0145462202088	-0.00921366389578	-0.0130098364481	-0.0475251400763	-0.0116188509139	0.0298218371189	-0.00819592602402	-0.0570878172509	0.0151169868737	0.0149002088151	-0.0196479031027	0.0505171279694	-0.053873267871
k__Bacteria;p__Bacteroidetes;c__Bacteroidia;o__Bacteroidales;f__Bacteroidaceae;g__Bacteroides;s__Bacteroides_coprophilus	0.032114365313	-0.00569447223103	0.0224815361251	0.0245915737783	0.0249135949593	0.0290505588165	-0.0399945847864	-0.0251267353351	-0.0128886632647	0.00659792981058	0.00360612067735	0.000883770706023	0.0130036150473	-0.0211831465978	0.00470001686112	-0.04247883376	-0.0507405855866	0.00478682640643	-0.0387250448047	-0.0464384257547	0.0135898432932	0.0106260658543	-0.00558553178065	-0.0124237647132	-0.00750374710299	1.0	-0.00925649410217	-0.0558144284438	-0.0480570954518	0.0486722491463	0.0243244786994	0.0404246260821	-0.0385264299753	0.0258738413873	-0.0523494165698	-0.00775846948962	-0.0360591154826	0.0156882662483	-0.00953094803856	0.00634010748022	-0.0247074590231	-0.0124230226591	0.000565389301779	-0.0326204575308	-0.0237933165523	-0.00739293114871	-0.0341056949904	-0.0379550091381	-0.0382032808246	-0.00149987540304	-0.0253294381742	-0.0324743790668	0.0612517251216	-0.0380076926863	-0.00759224664136	-0.0198182544854	-0.038182562662	0.0287050988812	0.0172001040289
k__Bacteria;p__Firmicutes;c__Clostridia;o__Clostridiales;f__Lachnospiraceae;g__Roseburia;s__Roseburia_intestinalis	0.0260037986528	0.00327127606951	0.0332791476539	0.0216006103596	0.0624250854397	-0.0344577489849	0.0178685950738	-0.033773600295	-0.00590033060198	-0.100909920631	0.00788421917769	0.0270587598687	0.0479573531382	0.00674416483485	-0.0577250211155	-0.026124889755	-0.0294532374973	0.00972946025179	0.030004118445	-0.0567963392997	-0.036375226758	0.0147910148949	-0.00762646377785	0.00792765457162	-0.0512965457922	-0.00925649410217	1.0	0.0134244237902	0.0212414868425	-0.0425867962881	-0.0077441073266	-0.0556333237419	0.0452249254687	0.0473686956604	-0.00109610865093	0.00514740119928	-0.0758066057209	-0.0228326975117	0.0278296889599	0.0432416159267	0.0210938963028	-0.0129095931342	0.0314032881684	0.0109003788253	-0.0460817308967	-0.0106164697375	-0.0258365396025	-0.0969129186759	-0.0425223938805	-0.00708239773058	-0.00924964546078	-0.00141066010051	-0.0140905224322	0.00713784491991	-0.0554364813606	-0.0449922689646	-0.00441048548484	-0.0283244475594	-0.0297487769718
k__Bacteria;p__Firmicutes;c__Clostridia;o__Clostridiales;f__Lachnospiraceae;g__Roseburia;s__Roseburia_hominis	-0.0195444026658	-0.0217788162328	-0.0255597369222	-0.00159265475512	0.00830537397888	0.00946557561248	0.0254912581752	0.0337849149977	-0.0181585516135	-0.0479075539258	-0.00466685864569	0.0197777046204	-0.0513950190956	0.0384091481499	0.014301275596	0.00664554154394	-0.0132493117792	0.0173905314937	0.01545771032	0.0244680243795	0.0147141896764	-0.028924148238	-0.0133999715653	-0.0570986464072	-0.0514470524698	-0.0558144284438	0.0134244237902	1.0	-0.00134650795611	-0.00731127270967	-0.00473765155267	-0.020188614417	-0.00230494846853	-0.000745685292875	-0.04512555358	0.00648191276469	0.0658589060359	0.0102126647679	0.00458845534543	-0.0601668836221	0.0263949255828	-0.031393562423	0.01792437606	0.0242703016673	-0.0139362675261	-0.0160601406418	0.0381909150878	-0.00214540246218	-0.0252011231096	0.0265831377792	-0.00778817221239	0.000295907483597	0.0248333156062	0.032994218785	-0.0476803152339	0.0249503151121	-0.0175437549117	0.0182335333303	-0.0177621612201
k__Bacteria;p__Bacteroidetes;c__Bacteroidia;o__Bacteroidales;f__Porphyromonadaceae;g__Parabacteroides;s__Parabacteroides_johnsonii	-0.0351463038842	0.0074182429138	0.00211407060534	-0.0414264851259	0.0164303121777	0.060034469019	-0.00544943697053	-0.079138273167	-0.0384963592546	-0.0736657427596	-0.031833551883	-0.0728079679654	0.027515111191	-0.0084737963437	-0.000765438206045	0.00543702736908	-0.050630981933	-0.00169326112382	0.003375249407	-0.0107073941145	-0.00812289459326	0.0109072780497	0.0608004651715	-0.021940529673	-0.0516696915614	-0.0480570954518	0.0212414868425	-0.00134650795611	1.0	-0.0238500838055	-0.0447390778916	0.0373639993052	-0.0119514082201	-0.0323738498013	-0.0490030688734	-0.0290747885572	0.0181489405778	0.0134172164148	-0.0298764695752	0.0489704191423	-0.0217551009144	0.000213618288167	0.0216554580879	-0.0450674300665	-0.0376833367801	0.00803357547225	0.0411209506565	-0.00634010076584	-0.0252440715147	0.0259466108398	0.09506638244	0.0465014799381	-0.0157157452045	-0.0119634448472	0.045950909461	0.00184122452127	-0.0268815906788	-0.012767465248	0.0818919858668
k__Bacteria;p__Actinobacteria;c__Actinobacteria;o__Bifidobacteriales;f__Bifidobacteriaceae;g__Bifidobacterium;s__Bifidobacterium_longum	-0.0362949653063	0.0045227777635	0.0423861192062	-0.021725048851	0.0258602458309	0.0279790184576	-0.0196087573021	-0.0525900225147	-0.0155825563262	-0.00404950346028	-0.00374407535661	0.0150997521553	-0.0220870053205	-0.00933055652076	0.0179209991889	-0.0039949097569	0.0220238368754	-0.0385996201355	-0.0957002150751	-0.00504243141675	-0.00138893351228	-0.0259154640658	0.000973007050717	-0.00137966156635	-0.013922759059	0.0486722491463	-0.0425867962881	-0.00731127270967	-0.0238500838055	1.0	0.00599161636282	0.000950815422136	0.0434740144849	0.0241786647983	-0.0770076549844	0.0271533356412	0.00725748300217	-0.0179740024373	0.0292416822614	-0.0338396674941	-0.0293366944113	-0.059028679063	-0.0169317717319	-0.0580209903713	0.0210890868531	-0.028592865714	-0.0382035936411	0.00779633804825	0.0515121740887	-0.0592581927334	-0.0373231430858	-0.0333713026516	0.0872063700914	-0.00709275782973	0.00281180015085	-0.0317132469755	0.0266227226357	-0.0253442897006	-0.013070721005
