#taxonomy	k__Bacteria;p__Bacteroidetes;c__Bacteroidia;o__Bacteroidales;f__Bacteroidaceae;g__Bacteroides;s__Bacteroides_vulgatus	k__Bacteria;p__Bacteroidetes;c__Bacteroidia;o__Bacteroidales;f__Bacteroidaceae;g__Bacteroides;s__Bacteroides_uniformis	k__Bacteria;p__Bacteroidetes;c__Bacteroidia;o__Bacteroidales;f__Rikenellaceae;g__Alistipes;s__Alistipes_putredinis	k__Bacteria;p__Bacteroidetes;c__Bacteroidia;o__Bacteroidales;f__Prevotellaceae;g__Prevotella;s__Prevotella_copri	k__Bacteria;p__Bacteroidetes;c__Bacteroidia;o__Bacteroidales;f__Bacteroidaceae;g__Bacteroides;s__Bacteroides_stercoris	k__Bacteria;p__Bacteroidetes;c__Bacteroidia;o__Bacteroidales;f__Bacteroidaceae;g__Bacteroides;s__Bacteroides_ovatus	k__Bacteria;p__Bacteroidetes;c__Bacteroidia;o__Bacteroidales;f__Rikenellaceae;g__Alistipes;s__Alistipes_shahii	k__Bacteria;p__Firmicutes;c__Clostridia;o__Clostridiales;f__Ruminococcaceae;g__Faecalibacterium;s__Faecalibacterium_prausnitzii	k__Bacteria;p__Bacteroidetes;c__Bacteroidia;o__Bacteroidales;f__Rikenellaceae;g__Alistipes;s__Alistipes_finegoldii	k__Bacteria;p__Bacteroidetes;c__Bacteroidia;o__Bacteroidales;f__Porphyromonadaceae;g__Parabacteroides;s__Parabacteroides_distasonis	k__Bacteria;p__Bacteroidetes;c__Bacteroidia;o__Bacteroidales;f__Bacteroidaceae;g__Bacteroides;s__Bacteroides_thetaiotaomicron	k__Bacteria;p__Bacteroidetes;c__Bacteroidia;o__Bacteroidales;f__Bacteroidaceae;g__Bacteroides;s__Bacteroides_coprocola	k__Bacteria;p__Bacteroidetes;c__Bacteroidia;o__Bacteroidales;f__Bacteroidaceae;g__Bacteroides;s__Bacteroides_cellulosilyticus	k__Bacteria;p__Bacteroidetes;c__Bacteroidia;o__Bacteroidales;f__Rikenellaceae;g__Alistipes;s__Alistipes_obesi	k__Bacteria;p__Firmicutes;c__Clostridia;o__Clostridiales;f__Lachnospiraceae;g__;s__[Eubacterium]_rectale	k__Bacteria;p__Bacteroidetes;c__Bacteroidia;o__Bacteroidales;f__Bacteroidaceae;g__Bacteroides;s__Bacteroides_plebeius	k__Bacteria;p__Bacteroidetes;c__Bacteroidia;o__Bacteroidales;f__Bacteroidaceae;g__Bacteroides;s__Bacteroides_fragilis	k__Bacteria;p__Proteobacteria;c__Betaproteobacteria;o__Burkholderiales;f__Sutterellaceae;g__Sutterella;s__Sutterella_wadsworthensis	k__Bacteria;p__Bacteroidetes;c__Bacteroidia;o__Bacteroidales;f__Porphyromonadaceae;g__Barnesiella;s__Barnesiella_intestinihominis	k__Bacteria;p__Bacteroidetes;c__Bacteroidia;o__Bacteroidales;f__Odoribacteraceae;g__Odoribacter;s__Odoribacter_splanchnicus	k__Bacteria;p__Bacteroidetes;c__Bacteroidia;o__Bacteroidales;f__Bacteroidaceae;g__Bacteroides;s__Bacteroides_salyersiae	k__Bacteria;p__Firmicutes;c__Clostridia;o__Clostridiales;f__Ruminococcaceae;g__Ruminiclostridium;s__[Eubacterium]_siraeum	k__Bacteria;p__Proteobacteria;c__Betaproteobacteria;o__Burkholderiales;f__Sutterellaceae;g__Parasutterella;s__Parasutterella_excrementihominis	k__Bacteria;p__Actinobacteria;c__Actinobacteria;o__Bifidobacteriales;f__Bifidobacteriaceae;g__Bifidobacterium;s__Bifidobacterium_adolescentis	k__Bacteria;p__Firmicutes;c__Clostridia;o__Clostridiales;f__Oscillospiraceae;g__Oscillibacter;s__Oscillibacter_sp._KLE_1745	k__Bacteria;p__Bacteroidetes;c__Bacteroidia;o__Bacteroidales;f__Bacteroidaceae;g__Bacteroides;s__Bacteroides_coprophilus	k__Bacteria;p__Firmicutes;c__Clostridia;o__Clostridiales;f__Lachnospiraceae;g__Roseburia;s__Roseburia_intestinalis	k__Bacteria;p__Firmicutes;c__Clostridia;o__Clostridiales;f__Lachnospiraceae;g__Roseburia;s__Roseburia_hominis	k__Bacteria;p__Bacteroidetes;c__Bacteroidia;o__Bacteroidales;f__Porphyromonadaceae;g__Parabacteroides;s__Parabacteroides_johnsonii	k__Bacteria;p__Actinobacteria;c__Actinobacteria;o__Bifidobacteriales;f__Bifidobacteriaceae;g__Bifidobacterium;s__Bifidobacterium_longum	k__Bacteria;p__Firmicutes;c__Clostridia;o__Clostridiales;f__;g__Flavonifractor;s__Flavonifractor_plautii	k__Bacteria;p__Firmicutes;c__Clostridia;o__Clostridiales;f__Clostridiaceae;g__Clostridium;s__Clostridium_phoceensis	k__Bacteria;p__Verrucomicrobia;c__Verrucomicrobiae;o__Verrucomicrobiales;f__Akkermansiaceae;g__Akkermansia;s__Akkermansia_muciniphila	k__Bacteria;p__Bacteroidetes;c__Bacteroidia;o__Bacteroidales;f__Prevotellaceae;g__Paraprevotella;s__Paraprevotella_xylaniphila	k__Bacteria;p__Firmicutes;c__Clostridia;o__Clostridiales;f__Ruminococcaceae;g__Ruminococcus;s__Ruminococcus_callidus	k__Bacteria;p__Bacteroidetes;c__Bacteroidia;o__Bacteroidales;f__Rikenellaceae;g__Alistipes;s__Alistipes_senegalensis	k__Bacteria;p__Firmicutes;c__Clostridia;o__Clostridiales;f__Lachnospiraceae;g__Blautia;s__Blautia_sp._KLE_1732	k__Bacteria;p__Bacteroidetes;c__Bacteroidia;o__Bacteroidales;f__Bacteroidaceae;g__Bacteroides;s__Bacteroides_oleiciplenus	k__Bacteria;p__Firmicutes;c__Clostridia;o__Clostridiales;f__Ruminococcaceae;g__Ruminococcus;s__Ruminococcus_bicirculans	k__Bacteria;p__Bacteroidetes;c__Bacteroidia;o__Bacteroidales;f__Bacteroidaceae;g__Bacteroides;s__Bacteroides_fluxus	k__Bacteria;p__Bacteroidetes;c__Bacteroidia;o__Bacteroidales;f__Prevotellaceae;g__Prevotella;s__Prevotella_stercorea	k__Bacteria;p__Firmicutes;c__Clostridia;o__Clostridiales;f__Lachnospiraceae;g__Dorea;s__Dorea_longicatena	k__Bacteria;p__Firmicutes;c__Clostridia;o__Clostridiales;f__Eubacteriaceae;g__Eubacterium;s__[Eubacterium]_eligens	k__Bacteria;p__Firmicutes;c__Clostridia;o__Clostridiales;f__Ruminococcaceae;g__;s__Ruminococcaceae_bacterium_D16	k__Bacteria;p__Firmicutes;c__Clostridia;o__Clostridiales;f__Lachnospiraceae;g__Coprococcus;s__Coprococcus_comes	k__Bacteria;p__Proteobacteria;c__Gammaproteobacteria;o__Enterobacterales;f__Enterobacteriaceae;g__Escherichia;s__Escherichia_coli	k__Bacteria;p__Firmicutes;c__Clostridia;o__Clostridiales;f__Ruminococcaceae;g__Anaerotruncus;s__Anaerotruncus_colihominis	k__Bacteria;p__Firmicutes;c__Clostridia;o__Clostridiales;f__Lachnospiraceae;g__Blautia;s__Blautia_obeum	k__Bacteria;p__Bacteroidetes;c__Bacteroidia;o__Bacteroidales;f__Odoribacteraceae;g__Odoribacter;s__Odoribacter_laneus	k__Bacteria;p__Firmicutes;c__Clostridia;o__Clostridiales;f__Ruminococcaceae;g__Ruminiclostridium;s__[Clostridium]_leptum	k__Bacteria;p__Bacteroidetes;c__Bacteroidia;o__Bacteroidales;f__Porphyromonadaceae;g__Parabacteroides;s__Parabacteroides_goldsteinii	k__Bacteria;p__Firmicutes;c__Clostridia;o__Clostridiales;f__Lachnospiraceae;g__Anaerostipes;s__Anaerostipes_hadrus	k__Bacteria;p__Firmicutes;c__Clostridia;o__Clostridiales;f__Ruminococcaceae;g__Ruminococcus;s__Ruminococcus_lactaris	k__Bacteria;p__Firmicutes;c__Clostridia;o__Clostridiales;f__Clostridiaceae;g__Clostridium;s__Clostridium_sp._L2-50	k__Bacteria;p__Firmicutes;c__Clostridia;o__Clostridiales;f__Clostridiaceae;g__Clostridium;s__Clostridium_sp._M62/1	k__Bacteria;p__Firmicutes;c__Clostridia;o__Clostridiales;f__;g__Intestinimonas;s__Intestinimonas_butyriciproducens	k__Bacteria;p__Actinobacteria;c__Actinobacteria;o__Bifidobacteriales;f__Bifidobacteriaceae;g__Bifidobacterium;s__Bifidobacterium_bifidum	k__Bacteria;p__Firmicutes;c__Negativicutes;o__Veillonellales;f__Veillonellaceae;g__Dialister;s__Dialister_invisus	k__Bacteria;p__Bacteroidetes;c__Bacteroidia;o__Bacteroidales;f__Bacteroidaceae;g__Bacteroides;s__Bacteroides_salanitronis
k__Bacteria;p__Bacteroidetes;c__Bacteroidia;o__Bacteroidales;f__Bacteroidaceae;g__Bacteroides;s__Bacteroides_vulgatus	1.0	-0.0471906590007	0.0187511258146	0.0289383354018	0.021383890023	-0.0274736862604	-0.0736793655135	-0.00825369203686	0.0140379780118	-0.0176108753905	-0.0394112793818	0.0227699469857	0.0475738388483	-0.00660277954317	0.00779244368895	-0.007617525386	0.0381774252263	-0.0196475313997	-0.0500266596221	-0.0527492275641	-0.000367234594939	-0.0438924957233	-0.0270657243145	-0.0017560044458	-0.0144405881345	0.0236169350741	-0.0369021442781	-0.0148597098819	-0.00688003746419	0.00716962407858	0.0413819737611	-0.0721625228294	0.0280759801717	-0.0189190494852	-0.0373376928057	-0.0197235347333	0.0158163414571	-0.0392007912518	0.0202940774707	0.0535462007462	0.0101102616106	0.0449492119155	0.0115523071325	-0.0171306253128	-0.0448427965911	0.00298475905138	-0.024203580887	0.000510318589405	0.0710964383039	0.00796937203114	-0.0239576222166	-0.0423639952165	-0.00557869973346	0.00224476449953	-0.044173178551	-0.0123336727425	0.0335579594841	0.00982212241984	-0.00219596156436
k__Bacteria;p__Bacteroidetes;c__Bacteroidia;o__Bacteroidales;f__Bacteroidaceae;g__Bacteroides;s__Bacteroides_uniformis	-0.0471906590007	1.0	0.00420417150313	0.0257934710846	-0.0127722106347	0.0112003595384	-0.0104962870524	-0.0422344119516	-0.0228075980066	0.00733813045015	0.0261730433137	-0.00995930673755	0.0133753320815	-0.0402692186206	0.0233666956782	0.0132390448662	0.0132374923495	0.0397584963424	0.0121914498493	0.0179168197697	0.00384700124828	-0.0235046304433	0.00771624563543	0.0350120955435	-0.0253997523809	-0.0125368163973	-0.0174856015479	0.0313873087662	0.0103825425934	-0.023475715319	-0.0163759562306	-0.0631742720629	-0.00936462803941	0.00789469970778	-0.0485374780268	-0.00233756055199	0.00890055018745	0.0139463547274	-0.0194269567077	0.00503458767204	0.018559323769	-0.0369205278213	0.0215442593	0.0101703874954	-0.0199197090008	0.0275203310358	0.02731446539	0.0126663415098	0.00851360073777	-0.0086522216769	0.0506773546808	0.0344145420052	-0.0714905307286	0.0291972650115	-0.0389017079295	0.00193782748862	0.00973137516614	0.0317746577616	-0.0216013295659
k__Bacteria;p__Bacteroidetes;c__Bacteroidia;o__Bacteroidales;f__Rikenellaceae;g__Alistipes;s__Alistipes_putredinis	0.0187511258146	0.00420417150313	1.0	0.0132770517155	0.0213419055345	0.0191028057298	0.0353850317753	-0.0219299630011	0.0299631915697	-0.0154492828511	-0.00817085719405	0.052658005485	-0.0215128233848	0.0330043963448	-0.0535625784116	0.0428505925169	0.0276007354453	0.0298134496335	-0.0411659409443	0.0337642434323	-0.0456276443045	0.0212003791382	-0.044775068691	-0.0363062051866	-0.0266280178983	0.000243911738316	-0.0132135899636	0.0073784350978	0.0212536985023	0.0600936095308	0.0552180921618	0.0109009354707	-0.0296329451548	0.0104821052405	-0.0169872539433	0.000238381429797	0.0156897341776	0.0051098656841	-0.0227135058938	0.00474542528975	-0.0757546526385	-0.0297558729331	0.0086728881618	-0.0580403711497	-0.0163524310367	-0.00236354131771	-0.0366118935596	0.00141020954746	-0.00882111238272	-0.0118373543072	-0.0187120060155	-0.0194085935145	0.102823948861	-0.0353107160413	0.0104597855968	0.000455649681166	0.0242343064805	-0.0298260806472	0.0842073762563
k__Bacteria;p__Bacteroidetes;c__Bacteroidia;o__Bacteroidales;f__Prevotellaceae;g__Prevotella;s__Prevotella_copri	0.0289383354018	0.0257934710846	0.0132770517155	1.0	-0.0300578211276	-0.00150362097509	-0.0435438063338	-0.00139098063396	-0.0082342237024	0.019368495247	-0.0520049978437	0.00100745871979	-0.00785925670972	0.0127275861087	0.0115573254123	-0.00145472382919	-0.0114424165427	-0.0392675910412	0.0468622318235	-0.0138684335615	-0.0268116945601	-0.0101841112133	0.00633366355257	0.0752260677689	-0.0051070876492	-0.0829888229082	-0.0230919576199	0.0359877494609	0.0767928436871	0.0291272441643	-0.0126555903974	-0.0664652799671	-0.0599200350658	-0.045498531232	-0.0228834457508	0.0655712946841	0.000529215815805	0.0190402078456	0.0217827503651	-0.0812195171153	-0.0613594784949	-0.025211193421	0.0344481032841	0.0356737912294	0.0213372956931	0.0122835836752	0.000552500665139	-0.0364180734912	-0.0137428881582	0.00484741637741	-0.0515338603505	0.0125040731419	0.0169411739962	-0.0531132200519	0.0337723755435	0.00841950432249	0.0192608138209	-0.0285342653394	0.0491003492509
k__Bacteria;p__Bacteroidetes;c__Bacteroidia;o__Bacteroidales;f__Bacteroidaceae;g__Bacteroides;s__Bacteroides_stercoris	0.021383890023	-0.0127722106347	0.0213419055345	-0.0300578211276	1.0	-0.0197705352194	0.00664133186955	-0.024516757778	-0.018091556095	0.0273206819669	0.00803208645685	-0.0150678030187	-0.00602233914489	-0.0566851662944	-0.0179621486558	9.17246943155e-05	0.0137717155867	0.013770264322	-0.0299643900998	-0.0306392163295	0.0333735991221	-0.00948742247642	0.0522969008912	0.0171441895139	-0.00685320799207	-0.0511830832528	-0.0293840770394	0.0408025540435	0.0622274400895	-0.0262467280333	-0.032067580793	0.0232380698492	-0.069551513586	-0.010156365529	0.0760089086217	-0.0297360677832	-0.0880823687952	0.00900256324565	-0.0495124324169	0.0483008035537	-0.0497839438701	0.039526130653	-0.00269723252983	0.0547234627327	-0.0145849908164	-0.0327314117684	0.0462117497904	-0.0438816983472	-0.0508319617159	-0.0505053029682	-0.0294390629986	0.0222628562294	-0.0998946002336	-0.0501924293584	0.00217161784685	-0.0449520023046	-0.0294476440535	-0.0379549354259	-0.0106692630825
k__Bacteria;p__Bacteroidetes;c__Bacteroidia;o__Bacteroidales;f__Bacteroidaceae;g__Bacteroides;s__Bacteroides_ovatus	-0.0274736862604	0.0112003595384	0.0191028057298	-0.00150362097509	-0.0197705352194	1.0	0.00966976427883	-0.000828385999903	-0.0102640967602	-0.0116921311499	0.00924340615363	-0.0196286550995	-0.000871242496974	-0.0173905000974	-0.000492364434816	-0.0547646673635	-0.0407562961269	-0.0232843510478	-0.0539714602045	-0.00443613729958	0.0590263244694	-0.0393748242394	-0.0056474620947	0.0567759911149	0.0416803296541	-0.00502917142984	-0.0571424559311	-0.0266988123288	-0.0482390900555	-0.0102237872281	0.0133312145842	-0.0134122921593	-0.027458278204	0.00705956267145	0.0449751891594	-0.00523714642372	-0.03564122513	-0.0088899543451	0.00243591363422	0.00449525571523	0.0181956283207	-0.0444946762839	-0.0109966069011	0.0739489989699	-0.050352085062	-0.0298671516501	-0.0329084043033	0.000677168985882	-0.000149485851679	0.0162422576382	-0.0640880698905	-0.0723666059694	-0.0146606287235	-0.0325260076868	0.0366336952381	-0.00907403814983	0.0195275665209	-0.0667996401436	-0.0325612721216
k__Bacteria;p__Bacteroidetes;c__Bacteroidia;o__Bacteroidales;f__Rikenellaceae;g__Alistipes;s__Alistipes_shahii	-0.0736793655135	-0.0104962870524	0.0353850317753	-0.0435438063338	0.00664133186955	0.00966976427883	1.0	0.0200249730913	-0.0311006941502	-0.0644799611868	-0.00437704925823	0.0567732499273	-0.0191625134527	-0.0319348527715	-0.0590956904848	-0.0616487781952	-0.00668735161286	-0.023546511761	-0.0489071605608	0.00872188017386	0.083339315656	0.0166233710863	-0.0296817156715	-0.0721179277009	0.0129046731756	0.00271752432018	-0.0590912693233	0.00402288096731	0.0270500141099	-0.0572854993207	0.0271352282308	0.0352126845957	0.0339862044623	0.0494667031747	-0.0211193181831	-0.0190738093462	-0.0321925221486	-0.0113651031034	-0.0466914431753	-0.0242581770204	-0.00014858937626	-0.0446590495791	0.0475975014862	0.0350355778051	0.000279656888176	-0.0114911143725	0.0338585112457	-0.043205562214	-0.0395579944178	0.0575591881164	0.0485897265493	-0.0373691716403	-0.0839826869621	-0.00727702829189	-0.0407014457364	0.00694712020972	-0.0287612811069	-0.053706665914	-0.0497284078331
k__Bacteria;p__Firmicutes;c__Clostridia;o__Clostridiales;f__Ruminococcaceae;g__Faecalibacterium;s__Faecalibacterium_prausnitzii	-0.00825369203686	-0.0422344119516	-0.0219299630011	-0.00139098063396	-0.024516757778	-0.000828385999903	0.0200249730913	1.0	-0.0202393990659	-0.00594213256375	-0.0383065737699	-0.00697345126848	0.00832016194164	0.0102322578962	0.00728176928993	-0.0630125733809	0.0517994042176	-0.04199097561	-0.0491318230243	-0.00811355728148	-0.0376384677456	0.0173996353601	-0.0108571622807	0.00181699870993	-0.0581644549946	0.0129474002762	0.0264023022688	-0.0233003838071	0.0268498926022	0.000993308610669	0.0169066856624	0.0146036121381	0.0440926738566	-0.0320640892007	0.0164127238814	0.0175944991849	0.0556600286172	0.0233724912371	-0.0202137827382	0.0498141602325	-0.0480109922625	-0.0173936961703	-0.0137928574196	0.027557538892	-0.0408896706098	-0.0103812441514	0.0103377724972	-0.0149024955101	0.0202382096255	-0.0258613910053	0.00222390724478	0.0328411766175	-0.0198420539139	-0.00336706382014	-0.0567285509901	0.0452002105985	0.0340701666138	-0.0130802439253	-0.0322274718258
k__Bacteria;p__Bacteroidetes;c__Bacteroidia;o__Bacteroidales;f__Rikenellaceae;g__Alistipes;s__Alistipes_finegoldii	0.0140379780118	-0.0228075980066	0.0299631915697	-0.0082342237024	-0.018091556095	-0.0102640967602	-0.0311006941502	-0.0202393990659	1.0	-0.00376264888811	0.0139763129022	0.00450166671418	0.0297457451054	-0.037343449076	0.0145573257718	-0.0177404349986	-0.0246478570346	0.042670082878	0.0873685632048	-0.0759027721529	-0.0133801296071	-0.0344412977389	-0.0413870191436	0.018709711772	0.0571386689067	-0.0302285865413	0.00816080979612	-0.048332956737	-0.0638819110356	-0.0211183704677	0.0212744478097	-0.0168960385308	-0.0300423747686	-0.0196647669344	-0.0049820304927	0.00293798205539	0.0171678243517	-0.0183385606663	0.0379096695867	0.0134442623148	-0.00518477569079	-0.0220829888915	-0.0312881561111	-0.0217351610923	-0.0453129198871	0.0262345500434	-0.0202162357976	0.0199159619811	-0.0168372704414	-0.0143200273992	-0.0390468957165	0.037540211388	0.0303003983636	0.0109154917052	-0.035978172182	-0.0116433454042	0.00478383315324	-0.0138958029708	-0.0548484532104
k__Bacteria;p__Bacteroidetes;c__Bacteroidia;o__Bacteroidales;f__Porphyromonadaceae;g__Parabacteroides;s__Parabacteroides_distasonis	-0.0176108753905	0.00733813045015	-0.0154492828511	0.019368495247	0.0273206819669	-0.0116921311499	-0.0644799611868	-0.00594213256375	-0.00376264888811	1.0	0.0388785552887	-0.0292745012398	0.0126273345714	-0.0481230261149	0.0048562392934	0.0233956667978	-0.0328770434003	0.0435796282892	-0.0153298796878	-0.0775960982412	0.0408128461998	-0.00344245369488	-0.0390181042493	0.0392095141605	-0.0773773934702	-0.0363683929111	0.00639191685787	0.0398324567237	-0.0261334370998	-0.0135895571686	-0.0398723166969	-0.0847323373195	-0.000673133664984	0.0377851423298	0.0438474336466	-0.0406771927291	-0.0506204764619	-0.000499982271605	0.0212646387481	0.0142085826722	-0.0361322596272	0.0117417355731	0.0300122043139	-0.00788835190255	0.00891553051958	0.0238514893244	0.0125608334644	-0.00267471497731	-0.0110669133662	0.00110983478393	-0.0256344362403	0.0136560258317	0.0108495969679	0.0397736282524	0.0147098594121	-0.0585290773953	0.0122476496808	-0.0718791568526	-0.015872749887
k__Bacteria;p__Bacteroidetes;c__Bacteroidia;o__Bacteroidales;f__Bacteroidaceae;g__Bacteroides;s__Bacteroides_thetaiotaomicron	-0.0394112793818	0.0261730433137	-0.00817085719405	-0.0520049978437	0.00803208645685	0.00924340615363	-0.00437704925823	-0.0383065737699	0.0139763129022	0.0388785552887	1.0	-0.0377292368016	-0.0200262239755	0.0131784563815	-0.0160923044358	0.00575640736755	-0.0213774593094	-0.00341760764648	0.0677243392675	-0.0435300666029	-0.00259485443657	0.00205296623302	0.0703297453807	-0.0309027006072	-0.057318371134	0.0181559056487	-0.0267754910595	0.0238894504329	-0.0112951803266	-0.0702709474286	-0.0479649826044	0.0476208103304	-0.0188127770714	0.0291206502358	-0.0108939802742	0.0461460412972	-0.0555578617485	0.00332200939017	-0.0199846075066	0.0235714954354	0.0300585919321	-0.0540103338528	-0.0108661018395	-0.032700686213	-0.0436477078063	0.0227795671484	0.00913481860015	-0.0331311860615	0.00272506969545	0.0299870615857	-0.00402990129592	-0.0442949998782	-0.0135545674267	-0.0250918032553	0.0143442958899	0.0245861972803	-0.0296325255767	-0.06386555347	0.0152471528468
k__Bacteria;p__Bacteroidetes;c__Bacteroidia;o__Bacteroidales;f__Bacteroidaceae;g__Bacteroides;s__Bacteroides_coprocola	0.0227699469857	-0.00995930673755	0.052658005485	0.00100745871979	-0.0150678030187	-0.0196286550995	0.0567732499273	-0.00697345126848	0.00450166671419	-0.0292745012398	-0.0377292368016	1.0	0.0058072440881	-0.0543978608525	-0.018520965733	-0.00105360211136	0.0254317916926	-0.108496474233	0.00404931147835	0.0483978434892	-0.0646488484862	0.0250779691164	0.0237041191338	-0.0205044782737	-0.00395002156956	-0.0301740662816	-0.0139643450673	-0.0305044378956	-0.0792572400544	0.000157655453492	-0.00897405938321	0.0269515413775	-0.0290849723405	0.0317109664322	0.0510593240597	0.0317440546373	-0.0209255723417	-0.0520523917135	-0.0280557339895	0.019440486932	-0.0164026228695	-0.0199378888138	0.0273413028772	0.00690553512813	-0.00821240255921	0.0146705720574	-0.0445761870826	0.0288630058622	0.0191898661253	0.0125620653728	0.0438897144393	0.0105215361114	0.057496536006	-0.0046533618834	-0.0117643727293	-0.0423186768921	0.0549272506929	-0.0555718468579	0.000924200190428
k__Bacteria;p__Bacteroidetes;c__Bacteroidia;o__Bacteroidales;f__Bacteroidaceae;g__Bacteroides;s__Bacteroides_cellulosilyticus	0.0475738388483	0.0133753320815	-0.0215128233848	-0.00785925670972	-0.00602233914489	-0.000871242496974	-0.0191625134527	0.00832016194164	0.0297457451054	0.0126273345714	-0.0200262239755	0.0058072440881	1.0	-0.00323391417871	0.0380962198259	0.00453868732534	-0.00109024797039	0.0576236359759	-0.0187100609796	-0.0434949375648	-0.0344885627391	0.00954579456763	-0.012412918088	-0.000976886536501	-0.0291036258428	-0.00948533166163	0.0245106143309	-0.0441653208306	0.0131260285247	-0.0164471042679	-0.0281158628151	0.0263231561734	-0.0153317027843	-0.019880932325	-0.0148609075429	0.0478711562767	-0.00947292574258	-0.0425210171138	0.0220727087153	-0.0210906687693	0.0268064966876	-0.0061021025657	-0.0298228539138	0.038922437116	-0.0424365994903	-0.0175068713433	0.0425420846219	-0.0152462165626	0.0279541124208	0.0171270184948	-0.0643365882357	-0.0360002656607	-0.0481850711109	-0.0163892499186	0.0381680853043	-0.0168043649393	0.00778565325503	0.0320392130883	-0.0236334878522
k__Bacteria;p__Bacteroidetes;c__Bacteroidia;o__Bacteroidales;f__Rikenellaceae;g__Alistipes;s__Alistipes_obesi	-0.00660277954317	-0.0402692186206	0.0330043963448	0.0127275861087	-0.0566851662944	-0.0173905000974	-0.0319348527715	0.0102322578962	-0.037343449076	-0.0481230261149	0.0131784563815	-0.0543978608525	-0.00323391417871	1.0	0.0378467607644	-0.0166540433719	0.0269289355734	-0.0173870573137	-0.00297566548703	-0.00616867219647	-0.0396038491862	-0.00268707131132	0.00822911907745	-0.0246017703756	-0.057218575599	-0.00629443395671	0.0316547833232	-0.0596815094227	-0.0378483624677	0.0115738237635	0.00569105468591	0.0626593280544	0.0493059138352	-0.0337097942614	0.0184733197793	-0.0158846528185	0.0230176248537	0.00596027708635	-0.0332029512098	-0.022672828752	-0.0131897733932	0.0409456694499	-0.0217336854072	-0.0468426822031	0.00831275060909	-0.0319673300958	-0.0396738833083	-0.070427182189	0.022751118907	-0.0125244933943	-0.0110053549943	-0.00502934697487	0.0584754123182	-0.0269359968858	0.0234914366932	-0.0116656558032	-0.0298177703093	0.0446617353885	0.0379664198376
k__Bacteria;p__Firmicutes;c__Clostridia;o__Clostridiales;f__Lachnospiraceae;g__;s__[Eubacterium]_rectale	0.00779244368895	0.0233666956782	-0.0535625784116	0.0115573254123	-0.0179621486558	-0.000492364434816	-0.0590956904848	0.00728176928993	0.0145573257718	0.0048562392934	-0.0160923044358	-0.018520965733	0.0380962198259	0.0378467607644	1.0	-0.06487377663	-0.053697610535	0.0108616335777	-0.000223279879399	0.0622409523621	-0.0229804130747	-0.0302031599494	-0.0231234433795	0.0581322674046	0.0303030406072	-0.0271968053321	-0.0123440316624	-0.0559632257083	-0.0537591597624	-0.00162023265129	0.0164123154928	0.0120251001903	-0.0270553020129	-0.015000299607	-0.02529878309	-0.0370300369933	0.0477938653624	-0.0141548327941	0.0276267930512	-0.0629175668351	0.0114416740495	0.0149442818788	-0.00215738422819	0.0405762580296	0.0168476978448	-0.00836976163871	0.056488000699	0.00944167803118	-0.0284929709048	-0.0471241186139	0.00612913984994	-0.0835279543085	-0.0419143682428	-0.0128386593786	0.0397133732345	0.0118949101688	0.0420774296498	-0.0411393993235	-0.0592851818432
k__Bacteria;p__Bacteroidetes;c__Bacteroidia;o__Bacteroidales;f__Bacteroidaceae;g__Bacteroides;s__Bacteroides_plebeius	-0.007617525386	0.0132390448662	0.0428505925169	-0.00145472382919	9.17246943155e-05	-0.0547646673635	-0.0616487781952	-0.0630125733809	-0.0177404349986	0.0233956667978	0.00575640736755	-0.00105360211136	0.00453868732534	-0.0166540433719	-0.06487377663	1.0	-0.0197942746017	-0.0168545348623	0.0259657047204	-0.0315668352419	-0.0390829108701	0.0250111524347	0.0128916885876	-0.0150989570539	0.0139750863028	-0.00222481251569	-0.0168514648074	0.00260501921817	-0.0200624202923	-0.0401478804843	-0.0391946850234	-0.0272724883414	-0.019270776105	0.0537007506058	0.00468010915327	-0.00136382877329	-0.0677079031028	-0.0153556710129	0.00332681299707	-0.0128403558525	-0.0740442215208	-0.0502119249107	0.0109315433427	-0.0600381821959	-0.00910978985605	-0.0374892894339	0.0647381395323	-0.00269942594722	0.032432898939	-0.050868173539	0.0326748500902	0.00559230044058	0.0324873502077	0.00490850531173	-0.00164495612801	0.0276300124186	0.000596356938337	-0.0051190605284	0.0382859996996
k__Bacteria;p__Bacteroidetes;c__Bacteroidia;o__Bacteroidales;f__Bacteroidaceae;g__Bacteroides;s__Bacteroides_fragilis	0.0381774252263	0.0132374923495	0.0276007354453	-0.0114424165427	0.0137717155867	-0.0407562961269	-0.00668735161286	0.0517994042176	-0.0246478570346	-0.0328770434003	-0.0213774593094	0.0254317916926	-0.00109024797039	0.0269289355734	-0.053697610535	-0.0197942746017	1.0	-0.0113647870264	-0.00492066033657	-0.00961918571557	-0.0117315933486	0.0154722712646	0.063619378302	-0.00528087130926	-0.0138012955353	-0.0371882312534	-0.00302202044555	-0.0142887183501	0.0471318537526	0.0195690707301	0.0148742199364	-0.0178612176238	0.0200932513603	0.0290484337508	0.0153930806404	0.029409235214	0.0292547344705	0.0688213325686	-0.00894589274327	-0.0685100049579	-0.0408806767025	-0.0164826113953	0.0110870183775	-0.00816521119547	0.0398841228024	0.02493077186	-0.0228918816862	-0.0579848531032	-0.00952131964221	0.00274223500484	0.00805448248136	0.0399648797261	-0.0502217602244	0.0363672853313	-0.00114177435854	-0.00396659103622	-0.0217947957194	-0.0432655041121	-0.0215564420371
k__Bacteria;p__Proteobacteria;c__Betaproteobacteria;o__Burkholderiales;f__Sutterellaceae;g__Sutterella;s__Sutterella_wadsworthensis	-0.0196475313997	0.0397584963424	0.0298134496335	-0.0392675910412	0.013770264322	-0.0232843510478	-0.023546511761	-0.04199097561	0.042670082878	0.0435796282892	-0.00341760764648	-0.108496474233	0.0576236359759	-0.0173870573137	0.0108616335777	-0.0168545348623	-0.0113647870264	1.0	-0.0230760701589	0.0129597467227	0.0272015398661	0.00924768970114	0.0526783064659	-0.00494963921267	-0.0813415222323	0.0199340956387	0.0396244490364	0.00915679359712	-0.0909114995014	0.0168481291809	0.035783612271	0.0275801208074	-0.035246789358	0.00423376754281	0.0199327960103	-0.0401989128788	0.0496216586022	0.0261446227641	0.025444777113	-0.0729673224669	-0.00580186166224	-0.0728321185813	-0.0143436182992	-0.0171040842912	-0.0180681423235	-0.075067553378	0.0529951683449	-0.003037666212	0.0143748574686	0.00362685360315	-0.0270777396753	0.0339284862795	-0.0506712356992	0.00794426249718	-0.0189746937853	-0.0358985724668	-0.0450664528676	-0.000436127946572	0.0181332319226
k__Bacteria;p__Bacteroidetes;c__Bacteroidia;o__Bacteroidales;f__Porphyromonadaceae;g__Barnesiella;s__Barnesiella_intestinihominis	-0.0500266596221	0.0121914498493	-0.0411659409443	0.0468622318235	-0.0299643900998	-0.0539714602045	-0.0489071605608	-0.0491318230243	0.0873685632048	-0.0153298796878	0.0677243392675	0.00404931147835	-0.0187100609796	-0.00297566548703	-0.000223279879399	0.0259657047204	-0.00492066033657	-0.0230760701589	1.0	-0.0374138205764	-0.0646666356429	0.0244113729444	0.0466870546233	-0.0531642216849	0.0290607788366	-0.0471537578757	0.0295189394699	0.0276028995264	-0.068016996479	-0.0118418879602	0.0138757424932	0.0708569956124	0.0520263229195	-0.0663976489887	0.0457419088451	0.0299833287638	0.00936367434525	-0.00218866650069	0.01816396111	-0.0583206962486	-0.0586126611088	-0.0516353601797	0.00299816603767	0.00984733493131	0.0295518692757	0.00859896355864	-0.028313590683	0.0232419923908	0.0353463197606	-4.54542534891e-06	0.0372385036109	-0.0599169889996	0.0425705111667	-0.0062534038297	-0.0331150294999	-0.00104981911722	0.00766806393117	0.0462338713285	-0.0326670771047
k__Bacteria;p__Bacteroidetes;c__Bacteroidia;o__Bacteroidales;f__Odoribacteraceae;g__Odoribacter;s__Odoribacter_splanchnicus	-0.0527492275641	0.0179168197697	0.0337642434323	-0.0138684335615	-0.0306392163295	-0.00443613729958	0.00872188017386	-0.00811355728148	-0.0759027721529	-0.0775960982412	-0.0435300666029	0.0483978434892	-0.0434949375648	-0.00616867219647	0.0622409523621	-0.0315668352419	-0.00961918571557	0.0129597467227	-0.0374138205764	1.0	-0.00446983516353	-0.0269385732117	0.0515090785551	0.0237505640478	0.0184509511084	-0.0581845581323	-0.010236403141	-0.00983653837934	-0.00179066133429	0.0311450214778	0.0228774567647	0.0185231724751	-0.0155136272619	0.00467070779309	-0.0156006322481	-0.00897683126058	-0.0369091046615	-0.0201471236166	0.0648774747054	0.0251714004339	-0.0122929698548	0.00626773090297	-0.00774198884708	0.00611630041445	0.0161135602685	-0.00767588720527	-0.0663530718642	-0.0369967641235	-0.0232960805813	-0.027018348735	-0.101240608456	-0.0027258856429	0.049395544478	0.0236049334764	-0.0332754105526	0.0263654220236	-0.0766099119566	-0.0259345892992	0.00579469925067
k__Bacteria;p__Bacteroidetes;c__Bacteroidia;o__Bacteroidales;f__Bacteroidaceae;g__Bacteroides;s__Bacteroides_salyersiae	-0.000367234594939	0.00384700124828	-0.0456276443045	-0.0268116945601	0.0333735991221	0.0590263244694	0.083339315656	-0.0376384677456	-0.0133801296071	0.0408128461998	-0.00259485443657	-0.0646488484862	-0.0344885627391	-0.0396038491862	-0.0229804130747	-0.0390829108701	-0.0117315933486	0.0272015398661	-0.0646666356429	-0.00446983516353	1.0	-0.0356372837717	0.0212443279471	0.0358615546789	-0.0294634557243	-0.0358377215264	0.0406970659522	0.00742401820488	-0.0311034083031	0.00496380289481	-0.00181318258469	0.0225353854935	-0.0347415415323	-0.0276619994576	-0.0480892120373	0.0131531676989	-0.0154258454164	-0.0101071510364	0.031189096121	-0.0293742974017	0.0227264937869	0.0631398069542	-0.00181135516168	0.00751878541486	-0.0146051120366	-0.023171360069	0.024704115941	0.0456509144149	-0.014778593543	0.00292383066278	0.00343561996989	0.0202442348489	-0.0838389892405	0.00658382222512	-0.0421772411666	-0.0315087392858	0.0265160930348	0.0317179958696	-0.0254319465345
k__Bacteria;p__Firmicutes;c__Clostridia;o__Clostridiales;f__Ruminococcaceae;g__Ruminiclostridium;s__[Eubacterium]_siraeum	-0.0438924957233	-0.0235046304433	0.0212003791382	-0.0101841112133	-0.00948742247642	-0.0393748242394	0.0166233710863	0.0173996353601	-0.0344412977389	-0.00344245369488	0.00205296623302	0.0250779691164	0.00954579456763	-0.00268707131132	-0.0302031599494	0.0250111524347	0.0154722712646	0.00924768970114	0.0244113729444	-0.0269385732117	-0.0356372837717	1.0	-0.0110182444174	-0.037057752205	-0.0152621614614	-0.0443119135791	-0.0187985678361	0.0221429655331	-0.0105745639537	0.00546773745349	-0.024840686606	-0.0158921784057	-0.029625739286	-0.0109770681076	-0.00353307480163	0.00684865838981	0.0284116571575	0.0377368215611	0.0133957007418	-0.00469355047843	0.010724998465	-0.0466307072183	0.00124874821142	0.0213429461951	0.0533924812005	-0.0287524777975	-0.0179069916129	-0.10740460209	0.0288818866039	-0.0169365945434	-0.0505426350376	-0.0904640884031	-0.0126024795205	0.00734246803746	0.0423763990213	0.0385624628588	-0.0183952604767	-0.00100599987142	-0.0199842325751
k__Bacteria;p__Proteobacteria;c__Betaproteobacteria;o__Burkholderiales;f__Sutterellaceae;g__Parasutterella;s__Parasutterella_excrementihominis	-0.0270657243145	0.00771624563543	-0.044775068691	0.00633366355257	0.0522969008912	-0.0056474620947	-0.0296817156715	-0.0108571622807	-0.0413870191436	-0.0390181042493	0.0703297453807	0.0237041191338	-0.012412918088	0.00822911907745	-0.0231234433795	0.0128916885876	0.063619378302	0.0526783064659	0.0466870546233	0.0515090785551	0.0212443279471	-0.0110182444174	1.0	-0.0600327519187	-0.0468639404978	-0.032563951704	0.0219262873156	0.00859658693379	-0.02077344188	0.00423589227493	0.0232027314236	-0.0266708332416	-0.0167380841941	0.0416813168255	0.0172873559451	-0.0123642052535	0.00631379532666	-0.02117370157	-0.0365120469603	-0.00685661343466	0.047656943923	-6.68722710112e-05	-0.0173916157296	-0.0518008479556	-0.0459720826723	0.0591391941147	-0.00266872012525	-0.039966217624	-0.0198239508312	-0.0341938366144	0.0157053691768	-0.0637762632138	0.00495232512164	-0.0274365690103	-0.0626222173636	0.0265148497728	0.0283361336702	0.00795671734951	0.0128080684701
k__Bacteria;p__Actinobacteria;c__Actinobacteria;o__Bifidobacteriales;f__Bifidobacteriaceae;g__Bifidobacterium;s__Bifidobacterium_adolescentis	-0.0017560044458	0.0350120955435	-0.0363062051866	0.0752260677689	0.0171441895139	0.0567759911149	-0.0721179277009	0.00181699870993	0.0187097117721	0.0392095141605	-0.0309027006072	-0.0205044782737	-0.000976886536502	-0.0246017703756	0.0581322674046	-0.0150989570539	-0.00528087130926	-0.00494963921267	-0.0531642216849	0.0237505640478	0.0358615546789	-0.037057752205	-0.0600327519187	1.0	-8.42573742579e-05	0.0373634961216	-0.0717591852895	-0.0372364912769	-0.0386248527006	-0.0252937903603	-0.0376176909749	-0.00807603978091	-0.0566316286542	-0.00653429271949	0.00375684346825	0.0837038751602	0.00894600785636	-0.00600458808155	-0.0261827147494	-0.0149414852336	0.00523724456725	-0.00410027368734	0.0492997683389	-0.0131246587033	0.0173109635748	-0.00356757627094	0.00647954605107	0.0140344804934	0.0434811487924	-0.0573229112546	0.0207167187073	-0.0777614339691	0.00757699961313	-0.000915040668815	-0.00429897812993	0.00164601018169	-0.00372472352721	-0.00921160706062	0.0224829121739
k__Bacteria;p__Firmicutes;c__Clostridia;o__Clostridiales;f__Oscillospiraceae;g__Oscillibacter;s__Oscillibacter_sp._KLE_1745	-0.0144405881345	-0.0253997523809	-0.0266280178983	-0.0051070876492	-0.00685320799207	0.0416803296541	0.0129046731756	-0.0581644549946	0.0571386689067	-0.0773773934702	-0.057318371134	-0.00395002156956	-0.0291036258428	-0.057218575599	0.0303030406072	0.0139750863028	-0.0138012955353	-0.0813415222323	0.0290607788366	0.0184509511084	-0.0294634557243	-0.0152621614614	-0.0468639404978	-8.42573742579e-05	1.0	0.0620921468869	0.0326921221302	-0.00302577839854	0.00170204341988	0.0627145952076	0.0282420802867	0.0616407493873	-0.0168816213149	-0.0319412288942	0.0211409278661	-0.0228682175521	0.0223644661389	0.00014959734889	0.0173840633883	-0.00349914639175	-0.0652532070904	-0.0260819780569	-0.0130544948805	0.018262917097	0.0222537200948	0.0111742182979	-0.0167475482726	0.0178691823907	0.0253303905722	-0.0405648545494	-0.00676426841584	-0.00860140483687	-0.0122118812696	0.0139567102787	0.0322639673383	-0.0620889651102	-0.0516916170502	-0.025958607056	0.00568283658933
k__Bacteria;p__Bacteroidetes;c__Bacteroidia;o__Bacteroidales;f__Bacteroidaceae;g__Bacteroides;s__Bacteroides_coprophilus	0.0236169350741	-0.0125368163973	0.000243911738316	-0.0829888229082	-0.0511830832528	-0.00502917142984	0.00271752432018	0.0129474002762	-0.0302285865413	-0.0363683929111	0.0181559056487	-0.0301740662816	-0.00948533166163	-0.00629443395671	-0.0271968053321	-0.00222481251569	-0.0371882312534	0.0199340956387	-0.0471537578757	-0.0581845581323	-0.0358377215264	-0.0443119135791	-0.032563951704	0.0373634961216	0.0620921468869	1.0	-0.00147525069428	-0.043933934266	-0.0252714009331	0.0138362638871	0.00735042648405	-0.0265808026473	-0.0421905052141	0.0298116407583	0.053766037247	-0.0210743429938	-0.04096299618	0.0259773765533	0.0192748246858	-0.0304682094015	0.0129008193042	0.014142958421	0.0206724962279	-0.0166729386419	-0.0560903330553	0.016198646017	-0.0521914737404	-0.0233196270386	-0.00306555631432	-0.0414714408979	0.0312673195492	0.00140806358129	-0.0280199971788	-0.00897883606195	-0.0547901912526	-0.0606891163474	0.010730381515	0.0155942776308	0.00706189500493
k__Bacteria;p__Firmicutes;c__Clostridia;o__Clostridiales;f__Lachnospiraceae;g__Roseburia;s__Roseburia_intestinalis	-0.0369021442781	-0.0174856015479	-0.0132135899636	-0.0230919576199	-0.0293840770394	-0.0571424559311	-0.0590912693233	0.0264023022688	0.00816080979612	0.00639191685787	-0.0267754910595	-0.0139643450673	0.0245106143309	0.0316547833232	-0.0123440316624	-0.0168514648074	-0.00302202044555	0.0396244490364	0.0295189394699	-0.010236403141	0.0406970659522	-0.0187985678361	0.0219262873156	-0.0717591852895	0.0326921221302	-0.00147525069428	1.0	-0.0226650683518	0.00198505681975	0.00811230934497	0.00286574643248	0.0381163744993	0.0586217157115	-0.0861302026009	-0.00129470080654	-0.0220275568708	0.0751760024323	0.0561453727144	-0.0118738588331	-0.0171984403396	0.0591500033047	0.010999574226	-0.0238984603612	0.0260619395771	-0.0331921019195	0.00902286962687	-0.0153242359802	-0.0152845744038	-0.0253795620801	-0.00223785321285	0.0196763779481	0.0160996666377	0.0430936023374	0.0187745163436	-0.0073898734943	0.023065083272	-0.016319887031	-0.00886241443539	-0.0130730780192
k__Bacteria;p__Firmicutes;c__Clostridia;o__Clostridiales;f__Lachnospiraceae;g__Roseburia;s__Roseburia_hominis	-0.0148597098819	0.0313873087662	0.0073784350978	0.0359877494609	0.0408025540435	-0.0266988123288	0.00402288096731	-0.0233003838071	-0.048332956737	0.0398324567237	0.0238894504329	-0.0305044378956	-0.0441653208306	-0.0596815094227	-0.0559632257083	0.00260501921817	-0.0142887183501	0.00915679359712	0.0276028995264	-0.00983653837934	0.00742401820488	0.0221429655331	0.00859658693379	-0.0372364912769	-0.00302577839854	-0.043933934266	-0.0226650683518	1.0	0.00465222910125	-0.036704264011	-0.0323188395291	-0.0323540783545	-0.0262579362213	0.0387247361564	-0.0462964710952	0.00693026828683	-0.0162088287764	0.0521624054598	-0.0165748261773	0.0466799511019	-0.0137376819788	0.044088437505	0.00702001305576	0.02340041583	-0.0698367887982	0.0368701610953	-0.0285191508102	-0.0196833274489	0.00510534093656	0.00374039612348	-0.0299566388149	-0.00687251897016	0.00683893759624	-0.0186489203542	-0.0279993248459	0.0132792688731	-0.0372042899305	-0.0117567585975	-0.0179940996666
k__Bacteria;p__Bacteroidetes;c__Bacteroidia;o__Bacteroidales;f__Porphyromonadaceae;g__Parabacteroides;s__Parabacteroides_johnsonii	-0.00688003746419	0.0103825425934	0.0212536985023	0.0767928436871	0.0622274400895	-0.0482390900555	0.0270500141099	0.0268498926022	-0.0638819110356	-0.0261334370998	-0.0112951803266	-0.0792572400544	0.0131260285247	-0.0378483624677	-0.0537591597624	-0.0200624202923	0.0471318537526	-0.0909114995014	-0.068016996479	-0.00179066133429	-0.0311034083031	-0.0105745639537	-0.02077344188	-0.0386248527006	0.00170204341988	-0.0252714009331	0.00198505681975	0.00465222910125	1.0	-0.0353146819344	0.0069496752615	-0.025005352183	0.0355252400173	-0.0501834128383	-0.0149301242683	0.0227907614951	0.0398209316758	-0.00410607507587	-0.0460388178518	-0.0313853969794	0.0482220613671	-0.0143523804299	-0.0604373778183	-0.00431745217488	0.00581402890469	-0.0279070302921	0.0100025628611	-0.0250533026474	-0.00359404347617	-0.0399548385998	0.094066506086	-0.00918220972867	-0.0403627589358	-0.0118672214398	0.00832138935707	-0.0611975686867	0.00947380344329	0.0421720538782	-0.0193008767259
k__Bacteria;p__Actinobacteria;c__Actinobacteria;o__Bifidobacteriales;f__Bifidobacteriaceae;g__Bifidobacterium;s__Bifidobacterium_longum	0.00716962407858	-0.023475715319	0.0600936095308	0.0291272441643	-0.0262467280333	-0.0102237872281	-0.0572854993207	0.000993308610669	-0.0211183704677	-0.0135895571686	-0.0702709474286	0.000157655453492	-0.0164471042679	0.0115738237635	-0.00162023265129	-0.0401478804843	0.0195690707301	0.0168481291809	-0.0118418879602	0.0311450214778	0.00496380289481	0.00546773745349	0.00423589227493	-0.0252937903603	0.0627145952076	0.0138362638871	0.00811230934497	-0.036704264011	-0.0353146819344	1.0	-0.0431456530504	0.0201034852644	-0.0911716273256	0.034630371188	0.0341168238996	0.011246030718	0.0306973640859	0.00517660639116	-0.059731343455	-0.0176418955012	-0.0297945432975	-0.0556818879954	0.0526950035322	-0.0636032361301	0.00481431421314	0.0321801388137	-0.0354592865756	-0.027685539966	0.00761907613613	-0.00156445109962	0.0172819212734	-0.0699584631381	-0.0084997583518	-0.0372419600708	0.0545224925215	0.00796156317401	0.0537222870507	-0.0404875552545	-0.00299273756151
