#taxonomy	k__Bacteria;p__Bacteroidetes;c__Bacteroidia;o__Bacteroidales;f__Bacteroidaceae;g__Bacteroides;s__Bacteroides_vulgatus	k__Bacteria;p__Bacteroidetes;c__Bacteroidia;o__Bacteroidales;f__Bacteroidaceae;g__Bacteroides;s__Bacteroides_uniformis	k__Bacteria;p__Bacteroidetes;c__Bacteroidia;o__Bacteroidales;f__Rikenellaceae;g__Alistipes;s__Alistipes_putredinis	k__Bacteria;p__Bacteroidetes;c__Bacteroidia;o__Bacteroidales;f__Prevotellaceae;g__Prevotella;s__Prevotella_copri	k__Bacteria;p__Bacteroidetes;c__Bacteroidia;o__Bacteroidales;f__Bacteroidaceae;g__Bacteroides;s__Bacteroides_stercoris	k__Bacteria;p__Bacteroidetes;c__Bacteroidia;o__Bacteroidales;f__Bacteroidaceae;g__Bacteroides;s__Bacteroides_ovatus	k__Bacteria;p__Bacteroidetes;c__Bacteroidia;o__Bacteroidales;f__Rikenellaceae;g__Alistipes;s__Alistipes_shahii	k__Bacteria;p__Firmicutes;c__Clostridia;o__Clostridiales;f__Ruminococcaceae;g__Faecalibacterium;s__Faecalibacterium_prausnitzii	k__Bacteria;p__Bacteroidetes;c__Bacteroidia;o__Bacteroidales;f__Rikenellaceae;g__Alistipes;s__Alistipes_finegoldii	k__Bacteria;p__Bacteroidetes;c__Bacteroidia;o__Bacteroidales;f__Porphyromonadaceae;g__Parabacteroides;s__Parabacteroides_distasonis	k__Bacteria;p__Bacteroidetes;c__Bacteroidia;o__Bacteroidales;f__Bacteroidaceae;g__Bacteroides;s__Bacteroides_thetaiotaomicron	k__Bacteria;p__Bacteroidetes;c__Bacteroidia;o__Bacteroidales;f__Bacteroidaceae;g__Bacteroides;s__Bacteroides_coprocola	k__Bacteria;p__Bacteroidetes;c__Bacteroidia;o__Bacteroidales;f__Bacteroidaceae;g__Bacteroides;s__Bacteroides_cellulosilyticus	k__Bacteria;p__Bacteroidetes;c__Bacteroidia;o__Bacteroidales;f__Rikenellaceae;g__Alistipes;s__Alistipes_obesi	k__Bacteria;p__Firmicutes;c__Clostridia;o__Clostridiales;f__Lachnospiraceae;g__;s__[Eubacterium]_rectale	k__Bacteria;p__Bacteroidetes;c__Bacteroidia;o__Bacteroidales;f__Bacteroidaceae;g__Bacteroides;s__Bacteroides_plebeius	k__Bacteria;p__Bacteroidetes;c__Bacteroidia;o__Bacteroidales;f__Bacteroidaceae;g__Bacteroides;s__Bacteroides_fragilis	k__Bacteria;p__Proteobacteria;c__Betaproteobacteria;o__Burkholderiales;f__Sutterellaceae;g__Sutterella;s__Sutterella_wadsworthensis	k__Bacteria;p__Bacteroidetes;c__Bacteroidia;o__Bacteroidales;f__Porphyromonadaceae;g__Barnesiella;s__Barnesiella_intestinihominis	k__Bacteria;p__Bacteroidetes;c__Bacteroidia;o__Bacteroidales;f__Odoribacteraceae;g__Odoribacter;s__Odoribacter_splanchnicus	k__Bacteria;p__Bacteroidetes;c__Bacteroidia;o__Bacteroidales;f__Bacteroidaceae;g__Bacteroides;s__Bacteroides_salyersiae	k__Bacteria;p__Firmicutes;c__Clostridia;o__Clostridiales;f__Ruminococcaceae;g__Ruminiclostridium;s__[Eubacterium]_siraeum	k__Bacteria;p__Proteobacteria;c__Betaproteobacteria;o__Burkholderiales;f__Sutterellaceae;g__Parasutterella;s__Parasutterella_excrementihominis	k__Bacteria;p__Actinobacteria;c__Actinobacteria;o__Bifidobacteriales;f__Bifidobacteriaceae;g__Bifidobacterium;s__Bifidobacterium_adolescentis	k__Bacteria;p__Firmicutes;c__Clostridia;o__Clostridiales;f__Oscillospiraceae;g__Oscillibacter;s__Oscillibacter_sp._KLE_1745	k__Bacteria;p__Bacteroidetes;c__Bacteroidia;o__Bacteroidales;f__Bacteroidaceae;g__Bacteroides;s__Bacteroides_coprophilus	k__Bacteria;p__Firmicutes;c__Clostridia;o__Clostridiales;f__Lachnospiraceae;g__Roseburia;s__Roseburia_intestinalis	k__Bacteria;p__Firmicutes;c__Clostridia;o__Clostridiales;f__Lachnospiraceae;g__Roseburia;s__Roseburia_hominis	k__Bacteria;p__Bacteroidetes;c__Bacteroidia;o__Bacteroidales;f__Porphyromonadaceae;g__Parabacteroides;s__Parabacteroides_johnsonii	k__Bacteria;p__Actinobacteria;c__Actinobacteria;o__Bifidobacteriales;f__Bifidobacteriaceae;g__Bifidobacterium;s__Bifidobacterium_longum	k__Bacteria;p__Firmicutes;c__Clostridia;o__Clostridiales;f__;g__Flavonifractor;s__Flavonifractor_plautii	k__Bacteria;p__Firmicutes;c__Clostridia;o__Clostridiales;f__Clostridiaceae;g__Clostridium;s__Clostridium_phoceensis	k__Bacteria;p__Verrucomicrobia;c__Verrucomicrobiae;o__Verrucomicrobiales;f__Akkermansiaceae;g__Akkermansia;s__Akkermansia_muciniphila	k__Bacteria;p__Bacteroidetes;c__Bacteroidia;o__Bacteroidales;f__Prevotellaceae;g__Paraprevotella;s__Paraprevotella_xylaniphila	k__Bacteria;p__Firmicutes;c__Clostridia;o__Clostridiales;f__Ruminococcaceae;g__Ruminococcus;s__Ruminococcus_callidus	k__Bacteria;p__Bacteroidetes;c__Bacteroidia;o__Bacteroidales;f__Rikenellaceae;g__Alistipes;s__Alistipes_senegalensis	k__Bacteria;p__Firmicutes;c__Clostridia;o__Clostridiales;f__Lachnospiraceae;g__Blautia;s__Blautia_sp._KLE_1732	k__Bacteria;p__Bacteroidetes;c__Bacteroidia;o__Bacteroidales;f__Bacteroidaceae;g__Bacteroides;s__Bacteroides_oleiciplenus	k__Bacteria;p__Firmicutes;c__Clostridia;o__Clostridiales;f__Ruminococcaceae;g__Ruminococcus;s__Ruminococcus_bicirculans	k__Bacteria;p__Bacteroidetes;c__Bacteroidia;o__Bacteroidales;f__Bacteroidaceae;g__Bacteroides;s__Bacteroides_fluxus	k__Bacteria;p__Bacteroidetes;c__Bacteroidia;o__Bacteroidales;f__Prevotellaceae;g__Prevotella;s__Prevotella_stercorea	k__Bacteria;p__Firmicutes;c__Clostridia;o__Clostridiales;f__Lachnospiraceae;g__Dorea;s__Dorea_longicatena	k__Bacteria;p__Firmicutes;c__Clostridia;o__Clostridiales;f__Eubacteriaceae;g__Eubacterium;s__[Eubacterium]_eligens	k__Bacteria;p__Firmicutes;c__Clostridia;o__Clostridiales;f__Ruminococcaceae;g__;s__Ruminococcaceae_bacterium_D16	k__Bacteria;p__Firmicutes;c__Clostridia;o__Clostridiales;f__Lachnospiraceae;g__Coprococcus;s__Coprococcus_comes	k__Bacteria;p__Proteobacteria;c__Gammaproteobacteria;o__Enterobacterales;f__Enterobacteriaceae;g__Escherichia;s__Escherichia_coli	k__Bacteria;p__Firmicutes;c__Clostridia;o__Clostridiales;f__Ruminococcaceae;g__Anaerotruncus;s__Anaerotruncus_colihominis	k__Bacteria;p__Firmicutes;c__Clostridia;o__Clostridiales;f__Lachnospiraceae;g__Blautia;s__Blautia_obeum	k__Bacteria;p__Bacteroidetes;c__Bacteroidia;o__Bacteroidales;f__Odoribacteraceae;g__Odoribacter;s__Odoribacter_laneus	k__Bacteria;p__Firmicutes;c__Clostridia;o__Clostridiales;f__Ruminococcaceae;g__Ruminiclostridium;s__[Clostridium]_leptum	k__Bacteria;p__Bacteroidetes;c__Bacteroidia;o__Bacteroidales;f__Porphyromonadaceae;g__Parabacteroides;s__Parabacteroides_goldsteinii	k__Bacteria;p__Firmicutes;c__Clostridia;o__Clostridiales;f__Lachnospiraceae;g__Anaerostipes;s__Anaerostipes_hadrus	k__Bacteria;p__Firmicutes;c__Clostridia;o__Clostridiales;f__Ruminococcaceae;g__Ruminococcus;s__Ruminococcus_lactaris	k__Bacteria;p__Firmicutes;c__Clostridia;o__Clostridiales;f__Clostridiaceae;g__Clostridium;s__Clostridium_sp._L2-50	k__Bacteria;p__Firmicutes;c__Clostridia;o__Clostridiales;f__Clostridiaceae;g__Clostridium;s__Clostridium_sp._M62/1	k__Bacteria;p__Firmicutes;c__Clostridia;o__Clostridiales;f__;g__Intestinimonas;s__Intestinimonas_butyriciproducens	k__Bacteria;p__Actinobacteria;c__Actinobacteria;o__Bifidobacteriales;f__Bifidobacteriaceae;g__Bifidobacterium;s__Bifidobacterium_bifidum	k__Bacteria;p__Firmicutes;c__Negativicutes;o__Veillonellales;f__Veillonellaceae;g__Dialister;s__Dialister_invisus	k__Bacteria;p__Bacteroidetes;c__Bacteroidia;o__Bacteroidales;f__Bacteroidaceae;g__Bacteroides;s__Bacteroides_salanitronis
k__Bacteria;p__Bacteroidetes;c__Bacteroidia;o__Bacteroidales;f__Bacteroidaceae;g__Bacteroides;s__Bacteroides_vulgatus	1.0	-0.0514727352055	0.0551249125856	0.0443781262886	-0.0618538248408	-0.0131261648329	0.00766358246167	0.0250848749211	0.00994619437199	0.00682969598585	0.0265698440697	-0.0500081396202	-0.0458227432343	-0.0232361106138	-0.0553187562031	-0.00879072683049	0.0172048015957	-0.027117184407	-0.0950528594631	-0.0648753593525	0.0361302224837	-0.0431935852943	-0.0274605533315	-0.0103882427202	-0.0664668626659	-0.0153836097414	-9.07044729832e-05	-0.0139111047861	-0.0454005507657	-0.0199099796344	-0.0168741410229	-0.0367241875446	-0.0149286535194	-0.0295372502952	0.032242828828	0.00381434292294	0.00683545568417	0.00212184581266	0.0146080783722	-0.0208171893549	-0.0314117019128	-0.0705025649077	0.0290551783059	-0.0352937610915	0.0284763399404	0.00140361655713	0.00297374524664	-0.006005006113	0.000288049730561	-0.01493715914	0.0323629308211	0.0148234518074	-0.0356997303658	-0.0367542541687	-0.0481296802816	-0.000528000387219	0.0254672296239	-0.046041462597	-0.0122514777976
k__Bacteria;p__Bacteroidetes;c__Bacteroidia;o__Bacteroidales;f__Bacteroidaceae;g__Bacteroides;s__Bacteroides_uniformis	-0.0514727352055	1.0	-0.02991579576	-0.0169031229144	0.00786410790036	-0.0235136173698	-0.04075815636	-0.0568698663451	-0.039723965298	-0.0318481914524	0.00393799419825	0.0219105593797	-0.0140814509764	-0.0121209834861	0.0105105939842	-0.0158674843958	0.058974440281	0.000600215287286	-0.0237108979385	0.0471785560789	0.0450516821344	0.0424992570631	0.0427839202599	0.0272773461387	-0.0297414037047	-0.0744617497054	-0.0588268007018	-0.0287045328308	0.0332812061274	-0.0297844903674	0.00856526809194	-0.0476903078623	-0.0318933399379	-0.000736445234347	0.00741274938252	0.0131494613433	-0.0317257793586	0.00280594516491	-0.0330145878244	-0.0104328542672	-0.0128580647966	-0.00305484027623	0.0057063176375	-0.033328472257	0.00272992028498	0.0186890346824	-0.00971567616855	0.0476044938076	-0.0327401711587	-0.03940969563	0.0386482292041	-0.00534783278883	-0.0496140114185	-0.00860419915058	0.013464609263	-0.0464440751322	0.0246139929557	-0.0379730764071	-0.00690163719932
k__Bacteria;p__Bacteroidetes;c__Bacteroidia;o__Bacteroidales;f__Rikenellaceae;g__Alistipes;s__Alistipes_putredinis	0.0551249125856	-0.02991579576	1.0	0.0121829198631	0.0349284038026	0.00390045961472	0.0199020941959	0.0330976780204	-0.0621333826344	-0.030881802042	0.00233978325602	0.000731912778239	0.0188599850973	-0.0358358761377	-0.0102256409506	0.033116513129	-0.0250615393425	-0.00962034671035	0.00426889585685	0.00564047019186	-0.0129266753024	-0.0201050884792	-0.0505053446395	-0.0507086166435	0.0279191954085	0.0340933871157	-0.0594001849973	0.0231322160197	-0.010781653442	0.00873536510694	-0.012277089087	-0.011449248282	-0.0272346710475	-0.0632930358028	-0.000297161668532	0.0472664399629	0.0609896066914	-0.0527120966996	-0.0228437419455	-0.00984089410355	-0.0318156292895	-0.0370787205129	0.000709574325181	0.0563682302111	-0.0023145651867	-0.0669557109286	0.0399827976608	0.0226870770088	-0.0362350908132	0.0550304766367	-0.0112871485828	-0.0531120487761	0.0317026666357	-0.0745876526889	-0.0727914749928	-0.0208233414768	-0.00149750731803	-0.0721020645116	-0.0553778488392
k__Bacteria;p__Bacteroidetes;c__Bacteroidia;o__Bacteroidales;f__Prevotellaceae;g__Prevotella;s__Prevotella_copri	0.0443781262886	-0.0169031229144	0.0121829198631	1.0	-0.0445670765706	0.0659324516736	0.0276669573746	-0.0432956090221	0.0194224757191	-0.011801796611	0.0124847714643	-0.00578836482627	0.02339198519	0.00492830776069	0.000722201518614	0.0292450326748	-0.0226802742661	-0.0414539779254	0.0144370279109	-0.0070088298633	0.036797381058	0.0393902999992	-0.0208147899542	0.0439283398281	-0.0347164304467	0.00398453460062	-0.00633383522023	0.0349361157727	0.045042069562	0.0332338050214	-0.00261853044486	0.0233802951609	-0.00619691306216	-0.0271222161706	-0.000307080476988	-0.0122479349405	-0.00390295869996	-0.0113815470412	-0.0148375528579	0.0104015331145	0.0503507617823	0.0157981430328	0.0117243531798	-0.0552305446752	-0.00426911465979	-0.0682134980067	-0.00270439617844	-0.0449925809428	0.0324935288146	-0.00335929759997	-0.0862760246858	-0.0805934659165	-0.0178700889858	0.0118465550828	-0.000976543547587	-0.0412989549547	-0.0260417402119	-0.0300954871629	-0.0385314280778
k__Bacteria;p__Bacteroidetes;c__Bacteroidia;o__Bacteroidales;f__Bacteroidaceae;g__Bacteroides;s__Bacteroides_stercoris	-0.0618538248408	0.00786410790036	0.0349284038026	-0.0445670765706	1.0	0.00505093386801	0.0443277142257	0.0358466569889	0.0641094484437	-0.0590689886582	0.016039729814	-0.0010465203113	-0.00929845533761	-0.0130491211198	-0.0242712710368	0.00899008559099	0.0249298746375	0.0333738269576	-0.0249111800255	-0.0131914171487	-0.0355388362459	0.00645292722289	-0.0406712573711	0.0122058062366	0.0161687398253	-0.0360401576921	0.0114701653241	0.0455546341856	0.0450413966542	-0.000460351385857	-0.00364546173031	-0.035723900501	-0.0410998473107	-0.0153759997762	-0.0572769423354	-0.0182992806651	-0.0184081629568	-0.0262078722364	0.0376344074032	0.0615067913651	-0.0258379327327	0.00227467147885	-0.0751674287647	-0.00485009136723	-0.0365549404816	-0.0105614146718	-0.0196176505366	-0.0110294836627	0.0471790936177	-7.77582723371e-05	-0.0253610208515	-0.00589996799292	0.00139020645007	-0.0156196263628	-0.0171691067811	0.020362120156	-0.00626738567632	-0.0434132068983	0.0015279184391
k__Bacteria;p__Bacteroidetes;c__Bacteroidia;o__Bacteroidales;f__Bacteroidaceae;g__Bacteroides;s__Bacteroides_ovatus	-0.0131261648329	-0.0235136173698	0.00390045961472	0.0659324516736	0.00505093386801	1.0	-0.0102849700408	-0.00572601583792	-0.023344220096	-0.0125778589585	-0.0353885769141	-0.012312555803	-0.0412942568454	0.042416959367	0.00275853388635	-0.0188829879006	0.0257962132856	-0.00245571258772	-0.0091916303472	-0.0429101805936	-0.0288710855081	-0.0186272459524	0.0748265308992	-0.0368197849668	0.0148893007653	0.0326311907781	0.000194299430179	0.0495129942467	-0.0306615702876	-0.0363225010302	-0.00501744944288	0.0152724320426	0.00818454182464	0.00719546158225	-0.0202358164235	-0.0624182145575	-0.0691916963638	-0.0335579926203	-0.0352458810454	0.0204522644628	-0.0233247408633	0.0677416177131	0.0123688971575	0.00730870162381	-0.0388571574125	-0.00104290830557	-0.00259882003707	0.000674660177093	-0.00657223728324	0.00333634668752	-0.0199789094746	0.00225994098139	-0.0306323582613	0.0744379123354	-0.0389700471494	0.00231512991737	-0.00630211768904	-0.044328517631	-0.021205301531
k__Bacteria;p__Bacteroidetes;c__Bacteroidia;o__Bacteroidales;f__Rikenellaceae;g__Alistipes;s__Alistipes_shahii	0.00766358246167	-0.04075815636	0.0199020941959	0.0276669573746	0.0443277142257	-0.0102849700408	1.0	-0.027010075332	-0.0160526232332	-0.0614510955247	0.00890711110113	-0.0713815476665	-0.000839072020868	-0.0221053578544	0.00154890104009	0.00516994975249	0.0145057466078	-0.0169512094449	0.0263293546605	-0.0534598539305	-0.0428776870641	0.040197502926	0.0310801151708	0.00585565228312	0.00860901956319	0.0201197525245	0.0248462863523	-0.0113333068779	-0.0274384608641	-0.0334992693832	-0.0193375493838	-0.0242225057191	-0.0355529361499	-0.00289564912443	0.00523678455558	0.016020659088	0.00335222463241	0.0110269403169	-0.0102005945536	-0.0564884763274	-0.00212469545056	-0.0598897452313	0.0140729949495	-0.037309866022	-0.0366746024676	0.0161628014954	0.0445424223913	-0.00450930473752	0.0121077522142	-0.0367796070824	-0.0194611600218	-0.0384687470613	0.00791893516532	-0.0240204541295	0.00450727716866	-0.0379310703517	-0.00439454548532	-0.00196291047352	0.0308682985661
k__Bacteria;p__Firmicutes;c__Clostridia;o__Clostridiales;f__Ruminococcaceae;g__Faecalibacterium;s__Faecalibacterium_prausnitzii	0.0250848749211	-0.0568698663451	0.0330976780204	-0.0432956090221	0.0358466569889	-0.00572601583792	-0.027010075332	1.0	-0.0875020782717	-0.0477823368078	0.0207350674113	0.0187041047083	-0.0153350940288	-0.0245873868523	0.00717948266873	-0.0481246485334	0.00742508973434	-0.0304212235987	0.0688357947891	0.00379809405972	0.0703884910437	-0.0298454975107	-0.0297938798997	-0.0581753010812	-0.00135721525525	0.0439997055076	0.0181922980906	-0.0265460937011	-0.0269284338194	0.0134276311736	0.00599370336702	-0.0621199162123	-0.00246415313567	-0.0312569233973	-0.049530219397	-0.0115238370056	-0.0285420030113	-0.00335608312929	-0.012547632222	-0.011291726732	-0.0740314014426	0.0121311217471	0.0776826372975	0.0155154437972	0.000562150124278	-0.0361774570993	-0.0443323943393	-0.0179747599327	0.0198983557215	0.053233686201	0.0838504927398	-0.0503858778562	-0.040198728444	-0.00926125141486	-0.0271610981646	0.024231299907	-0.0226940579399	-0.0272282830197	0.0196138522149
k__Bacteria;p__Bacteroidetes;c__Bacteroidia;o__Bacteroidales;f__Rikenellaceae;g__Alistipes;s__Alistipes_finegoldii	0.00994619437199	-0.039723965298	-0.0621333826344	0.0194224757191	0.0641094484437	-0.023344220096	-0.0160526232332	-0.0875020782717	1.0	0.00539472813152	0.0481032918895	0.0374860807335	0.0524364360137	-0.043439399459	-0.0231375486162	-0.0079516859304	-0.0489553762281	0.00781980394647	-0.0081494265573	0.0626466296814	0.066473798042	-0.0533558981545	-0.0389910827129	0.0105681940145	0.0367409866854	-0.0383835922223	0.0153091477633	-0.0262755320548	-0.0118360012221	-0.0158641258777	-0.0695704298289	-0.021653530421	-0.00114253680184	0.0370450899291	0.0328188832859	-0.0347202927113	-0.0498924477238	0.0154620051944	0.00883642747472	-0.00501749361607	0.0356141460161	-0.051016530298	0.0127681447455	-0.0241341299128	-0.0738603800601	0.0680909150336	-0.0254588043184	0.0093719353408	0.0494121513499	-0.0183960555563	-0.00692351492892	-0.0170356085575	0.0119042982208	-0.0322015386026	0.00970640602254	-0.0192301180635	-0.0898760637367	-0.0216720524323	-0.0310752510288
k__Bacteria;p__Bacteroidetes;c__Bacteroidia;o__Bacteroidales;f__Porphyromonadaceae;g__Parabacteroides;s__Parabacteroides_distasonis	0.00682969598585	-0.0318481914524	-0.030881802042	-0.011801796611	-0.0590689886582	-0.0125778589585	-0.0614510955247	-0.0477823368078	0.00539472813152	1.0	0.00316721242823	0.0410621421366	-0.0394011898494	0.0115573859691	0.0581779383736	-0.00237804438977	0.0109692143445	-0.0308328975105	-0.0116218039651	0.00172828735223	-0.0171204059494	0.0100354728629	-0.0320710549077	0.0442264553238	-0.00387143860592	-0.0193420758959	-0.0458718391857	-0.00890020646262	-0.0106299002058	-0.045029210919	-0.0248949595463	-0.0170506573402	-0.0299973291239	-0.0187718983787	-0.00879913391593	0.0383254190568	-0.0480982637453	0.00425652418857	-0.035681845191	0.00403693464375	-0.00234731313759	0.0216373226698	-0.00309666764887	0.0503959878335	0.00944731035954	-0.000963103756592	0.0217734344789	-0.0210233275525	-0.0100990753767	-0.016551268334	-0.0273131050791	-0.0323279103498	-0.00292853563789	0.0015958576929	0.0360279078876	-0.0294797566679	0.0126370029153	-0.0379269734735	-0.0145866716433
k__Bacteria;p__Bacteroidetes;c__Bacteroidia;o__Bacteroidales;f__Bacteroidaceae;g__Bacteroides;s__Bacteroides_thetaiotaomicron	0.0265698440697	0.00393799419825	0.00233978325602	0.0124847714643	0.016039729814	-0.0353885769141	0.00890711110113	0.0207350674113	0.0481032918895	0.00316721242823	1.0	-0.00359479198047	-0.022835894063	0.0147664956473	0.0190310404261	-0.0410694031937	-0.0575571529619	-0.0329695321581	0.0101314791337	0.00939270205045	0.039177365101	-0.00193540060077	-0.0282483830137	-0.0167024342837	-0.051948996498	-0.0613036941804	-0.00577175402905	-0.0187774124742	-0.0632568784221	0.0365938354754	0.0556990642465	-0.0275502100543	0.0627264591254	0.07703433674	0.0439479929014	-0.0692449225586	-0.0838846210202	-0.0253883179642	-0.00220748373227	0.0029383863947	0.0138039188308	-0.000626834884571	0.0191084161691	-0.0240471211063	-0.00520896533731	0.00848539830921	-0.000712086691415	-0.0368103302665	-0.0558274602009	0.0493147931438	-0.0210650081531	-0.0645720248624	0.0307249998519	0.00942993706186	-0.00839282160284	-2.56395534318e-05	-0.0445932187717	-0.0318090516482	-0.0625703611793
k__Bacteria;p__Bacteroidetes;c__Bacteroidia;o__Bacteroidales;f__Bacteroidaceae;g__Bacteroides;s__Bacteroides_coprocola	-0.0500081396202	0.0219105593797	0.000731912778239	-0.00578836482627	-0.0010465203113	-0.012312555803	-0.0713815476665	0.0187041047083	0.0374860807335	0.0410621421366	-0.00359479198047	1.0	-0.0247787447145	-0.0441990234603	0.00292695887344	0.0152063994409	0.0137072403609	-0.0349593631802	-0.0288257794877	-0.00318937190813	-0.0301339797655	0.00209736153376	-0.00778056172162	-0.00427766856125	-0.0670508436232	0.0283551852279	-0.0201535375925	-0.0154513230943	-0.0339876341403	-0.0182344957038	0.0186781158483	0.0259489348519	0.0286746265847	-0.00503665716258	-0.0197228306917	-0.0263305616033	-0.0650202079706	0.0800298802405	-0.038276663415	0.0475502088667	0.00494035234966	0.000638452446906	0.0624212656272	-0.0333757218143	-0.0221343231861	-0.0696928657263	-0.000289144060935	-0.0109152064002	0.0561024899138	-0.0188384832657	0.0142951426292	0.0219664402573	-0.0100737634247	-0.0476605635295	-0.0115496555975	-0.0489848550799	-0.0201669695116	0.00954785205539	0.0366491213936
k__Bacteria;p__Bacteroidetes;c__Bacteroidia;o__Bacteroidales;f__Bacteroidaceae;g__Bacteroides;s__Bacteroides_cellulosilyticus	-0.0458227432343	-0.0140814509764	0.0188599850973	0.02339198519	-0.00929845533761	-0.0412942568454	-0.000839072020867	-0.0153350940288	0.0524364360137	-0.0394011898494	-0.022835894063	-0.0247787447145	1.0	0.00919547538335	0.0881676258646	-0.0610327585667	0.034326211115	-0.0404173292735	0.000988981288746	0.0609286989926	-0.0661599176232	-0.0108611332607	-0.00267528267191	0.0550284785889	0.00207637871177	-0.0028289397147	-0.0374687062705	-0.00193337016614	-0.0548952836439	0.0133071982218	-0.0622490628407	0.0112000038928	-0.00331362946654	0.00742902268879	-0.000916001971935	-0.00900609428859	0.101881638484	-0.0327722902403	0.00804244264733	0.00434357734503	0.0276359441236	-0.0360247619662	-0.0218085694819	0.0214095741137	-0.00331475043118	0.00353669017102	0.0293730420319	-0.0360473049499	-0.0193270622958	-0.0435562526487	-0.0772759600358	0.0197156751583	-0.0183847805457	-0.0341976090218	-0.00933017756098	-0.0141173149497	0.0400301361753	-0.0768571558512	-0.0424069463514
k__Bacteria;p__Bacteroidetes;c__Bacteroidia;o__Bacteroidales;f__Rikenellaceae;g__Alistipes;s__Alistipes_obesi	-0.0232361106138	-0.0121209834861	-0.0358358761377	0.00492830776069	-0.0130491211198	0.042416959367	-0.0221053578544	-0.0245873868523	-0.043439399459	0.0115573859691	0.0147664956473	-0.0441990234603	0.00919547538335	1.0	-0.00462826183417	-0.0437043581793	-0.0281485666851	0.00722876900264	-0.00467178803126	-0.00391720923107	-0.0175390824072	0.0149444638828	-0.021966454453	0.00722379436951	-0.0176394002617	-0.00130477220864	-0.000147103680426	-0.0214935760361	-0.0426670835677	-0.0259520946061	-0.065625794034	0.00453094451337	0.021223487496	0.00389082059507	-0.00456068964465	-0.0475835140366	0.00556561895527	-0.0878283373185	-0.0833252367058	0.0200146024397	-0.0169459351966	0.00215758605231	-0.0246063486894	-0.00466140396077	-0.0175004463444	-0.0129106345391	-0.0284326319085	-0.0516885828473	-0.0163013687332	-0.056858179604	0.00274213626998	-0.0337511592053	0.0186447677696	0.0185038960475	0.000824144456499	0.00213166776271	-0.0512403571302	0.0290385877848	0.00170869906814
k__Bacteria;p__Firmicutes;c__Clostridia;o__Clostridiales;f__Lachnospiraceae;g__;s__[Eubacterium]_rectale	-0.0553187562031	0.0105105939842	-0.0102256409506	0.000722201518614	-0.0242712710368	0.00275853388635	0.00154890104009	0.00717948266873	-0.0231375486162	0.0581779383736	0.0190310404261	0.00292695887344	0.0881676258646	-0.00462826183417	1.0	-0.0398161126155	-0.00473721248165	0.0092499817414	-0.0541035696376	-0.0233873758766	-0.0453208752956	-0.0208809284632	-0.0188760365415	0.0136786594382	-0.0471864378764	-0.0558358600989	-0.0326972852602	0.0654313650557	-0.0284223288283	0.0143621567214	0.0784944614149	-0.0163692335312	0.00123152710628	-0.0109485816114	-0.0214754509622	0.0498520691737	0.0385494912942	0.046477876287	-0.00792248338275	-0.0423905719758	-0.0343075668058	-0.0600436072555	-0.0532909899301	-0.00493579046551	-0.0456536690831	0.0618524274125	0.0221834519427	0.00644539566313	0.021631111814	0.0222146345822	0.0145759102687	0.00195264554259	0.0176996809745	0.0376461172549	-0.0187865740959	0.0101608238098	0.0228797590811	-0.0855346117312	-0.0182742607469
k__Bacteria;p__Bacteroidetes;c__Bacteroidia;o__Bacteroidales;f__Bacteroidaceae;g__Bacteroides;s__Bacteroides_plebeius	-0.00879072683049	-0.0158674843958	0.033116513129	0.0292450326748	0.00899008559099	-0.0188829879006	0.00516994975249	-0.0481246485334	-0.0079516859304	-0.00237804438977	-0.0410694031937	0.0152063994409	-0.0610327585667	-0.0437043581793	-0.0398161126155	1.0	0.0489521956821	0.033166942251	0.0215672402458	-0.0259954681354	-0.00238217071642	-0.0152096443742	0.0160247684615	-0.046800052676	-0.0227744033148	-0.0241075109189	-0.0252393017656	0.0717567619681	0.00900744173639	0.000682177544627	-0.0198799251304	0.0608018960751	-0.0423843423172	-0.0458456015718	0.0119666894692	-0.0221450202944	-0.0366429026893	0.0338119151647	0.0761764039778	-0.0120121365223	0.0342365840085	0.00104677591847	-0.0910113306655	-0.0583514958951	-0.03013394801	-0.0165371863992	0.0286619298299	0.0408990014717	-0.0383548733067	0.0346799374564	-0.0244878524636	-0.0464251874585	0.0473658402539	0.0124961509442	-0.0501621265378	0.00181802910915	0.0103189283205	0.00559010258987	-0.0437112099205
k__Bacteria;p__Bacteroidetes;c__Bacteroidia;o__Bacteroidales;f__Bacteroidaceae;g__Bacteroides;s__Bacteroides_fragilis	0.0172048015957	0.058974440281	-0.0250615393425	-0.0226802742661	0.0249298746375	0.0257962132856	0.0145057466078	0.00742508973434	-0.0489553762281	0.0109692143445	-0.0575571529619	0.0137072403609	0.034326211115	-0.0281485666851	-0.00473721248165	0.0489521956821	1.0	0.0300613840275	-0.0380531280776	-0.00408130901762	-0.00155801833477	0.00702473766383	-0.0170862683063	-0.0271104107758	0.0198822648671	0.0232000383808	0.0567307185356	0.0383781753628	-0.0199171214034	-0.0122308936215	0.00397205286762	-0.033777591295	-0.0184783437879	-0.00957256477336	-0.00248777527269	-0.0248530510821	0.0132164066618	0.0182741198365	0.003983389285	0.0176611521651	0.00426037343648	-0.0217376925363	-0.0697586458169	-0.0319038784719	-0.0142652057507	0.00681172327171	-0.0541321929626	-0.0236547523534	-0.0325089699541	-0.0267709312492	0.0442389075708	0.00422146958783	-0.037609011122	-0.0102657758346	-0.0531450952025	-0.0074231269635	0.0480320936863	-0.0192244089189	0.017628674414
k__Bacteria;p__Proteobacteria;c__Betaproteobacteria;o__Burkholderiales;f__Sutterellaceae;g__Sutterella;s__Sutterella_wadsworthensis	-0.027117184407	0.000600215287286	-0.00962034671035	-0.0414539779254	0.0333738269576	-0.00245571258772	-0.0169512094449	-0.0304212235987	0.00781980394647	-0.0308328975105	-0.0329695321581	-0.0349593631802	-0.0404173292735	0.00722876900264	0.0092499817414	0.033166942251	0.0300613840275	1.0	-0.0533254898446	-0.0164357616588	-0.00465736927485	0.0450332208893	-0.0472153034901	-0.00116651068687	0.0199597114383	0.0622155668049	-0.0340625663038	-0.00187264409313	-0.0309051544222	0.0173688297672	0.0252184385046	0.0338741362242	-0.0266881506416	-0.015288477464	0.0193787141411	-0.0160543644868	-0.00538843159335	-0.0435010748717	-0.0107710395512	-0.000678244806896	0.0179183649275	-0.000672615949609	-0.0117522789485	0.0805642513864	0.0470730206015	0.0301020975256	0.0386211022449	-0.00594636096332	-0.0338947166459	-0.0636895795978	-0.0622949958725	-0.0153935984456	-0.0663335421335	-0.031064336914	0.0176440118976	-0.0795908352429	-0.0771558642839	-0.0169689784773	0.0869336514752
k__Bacteria;p__Bacteroidetes;c__Bacteroidia;o__Bacteroidales;f__Porphyromonadaceae;g__Barnesiella;s__Barnesiella_intestinihominis	-0.0950528594631	-0.0237108979385	0.00426889585685	0.0144370279109	-0.0249111800255	-0.0091916303472	0.0263293546605	0.0688357947891	-0.0081494265573	-0.0116218039651	0.0101314791337	-0.0288257794877	0.000988981288746	-0.00467178803126	-0.0541035696376	0.0215672402458	-0.0380531280776	-0.0533254898446	1.0	0.0586382955895	0.00548799464156	-0.044676522189	-0.0200973693697	-0.00943743634334	0.0044947874091	-0.0281910144402	0.00332176277618	0.0207039971319	0.055870289631	-0.00670852907326	0.0219109614949	-0.0295148462319	-0.0351471846229	-0.0514748125388	-0.0663162098706	-0.0505555826668	-0.0252987283637	0.023741691367	-0.00987302540161	0.0230514040488	-0.023746023096	-9.9802685284e-05	0.0237877717739	0.0115675265943	0.00684764822628	0.0295489923633	0.025685494707	-0.0264903319795	-0.0202305917888	-0.0634391066691	0.0482796134187	-0.0422020899956	-0.0228483808136	0.0194843258234	-0.0366123551294	-0.0364466114642	-0.0117144849312	0.0176621405981	-0.0114775743414
k__Bacteria;p__Bacteroidetes;c__Bacteroidia;o__Bacteroidales;f__Odoribacteraceae;g__Odoribacter;s__Odoribacter_splanchnicus	-0.0648753593525	0.0471785560789	0.00564047019186	-0.0070088298633	-0.0131914171487	-0.0429101805936	-0.0534598539305	0.00379809405972	0.0626466296814	0.00172828735223	0.00939270205045	-0.00318937190813	0.0609286989926	-0.00391720923107	-0.0233873758766	-0.0259954681354	-0.00408130901762	-0.0164357616588	0.0586382955895	1.0	-0.0267888742489	0.0497782873222	0.00928918680672	-0.0119418247872	-0.0142261719977	-0.0478538579438	-0.0165491860187	0.0832136842036	0.0228822960589	-0.00350205746802	-0.0116563728845	0.0340827369059	0.00721340364165	0.0139329649837	-0.00525358337614	-0.00403339614372	-0.0179758049688	0.00548210512092	-0.0144048570286	-0.00897195330803	-0.0126952392514	-0.0146006010657	-0.0557802956119	0.0161454145398	0.0227133392296	-0.0353446662311	-0.023190061672	-0.00980010355255	-0.00335523718291	0.0712898157859	-0.0212766837614	-0.0313496959892	-0.0217424569567	-0.0754255489709	-0.00714925958776	0.0151903310619	0.0196386912748	0.0145250614272	-0.048118997539
k__Bacteria;p__Bacteroidetes;c__Bacteroidia;o__Bacteroidales;f__Bacteroidaceae;g__Bacteroides;s__Bacteroides_salyersiae	0.0361302224837	0.0450516821344	-0.0129266753024	0.036797381058	-0.0355388362459	-0.0288710855081	-0.0428776870641	0.0703884910437	0.066473798042	-0.0171204059494	0.039177365101	-0.0301339797655	-0.0661599176232	-0.0175390824072	-0.0453208752956	-0.00238217071642	-0.00155801833477	-0.00465736927485	0.00548799464156	-0.0267888742489	1.0	-0.0077767917228	-0.0194351043385	0.00659696104337	-0.0331619638229	0.0176984295506	-0.0219759311727	-0.00642744408029	-0.00807863048123	0.0279854073323	-0.0448242363207	0.000320988320339	-0.0804365420381	-0.0187221430537	-0.0216316778899	0.0627981393333	-0.0602835152609	0.0477423906164	0.010463548591	0.0262742737598	-0.038937204459	-0.0396657931095	-0.0249757031014	-0.0258744048015	0.0330857689118	-0.0139952071332	-0.00439984908772	0.0490838307592	0.0651024299202	-0.0425218797445	-0.000550111164043	-0.00209304920654	-0.00663876318285	-0.0261693099192	-0.0758786062454	-0.0353259829793	-0.0260465437753	0.038715715626	-0.00821737498134
k__Bacteria;p__Firmicutes;c__Clostridia;o__Clostridiales;f__Ruminococcaceae;g__Ruminiclostridium;s__[Eubacterium]_siraeum	-0.0431935852943	0.0424992570631	-0.0201050884792	0.0393902999992	0.00645292722289	-0.0186272459524	0.040197502926	-0.0298454975107	-0.0533558981545	0.0100354728629	-0.00193540060077	0.00209736153376	-0.0108611332607	0.0149444638828	-0.0208809284632	-0.0152096443742	0.00702473766383	0.0450332208893	-0.044676522189	0.0497782873222	-0.0077767917228	1.0	0.0198583472833	0.0559906001343	0.00352140768644	-0.00403989289534	-0.0632783996283	-0.0350339293957	-0.00509176968291	-0.0512008645636	-0.0240799388329	-0.0575132666274	0.0421043714157	-0.0127468433374	-0.0125959992523	0.0352530134169	-0.0161038475173	0.0292859763242	-0.084146982422	0.0335653000827	0.0130832453222	0.045790543265	-0.0161149912607	-0.0103618892758	0.0338290875625	0.0230957492957	-0.034738584503	-0.067105842646	-0.020825685438	-0.0457517873634	-0.0181834817154	-0.000651389399625	0.0178758114134	-0.011036615616	0.0176892045551	-0.00125086989767	-0.0212568781665	-0.0339084568489	-0.0300555822858
k__Bacteria;p__Proteobacteria;c__Betaproteobacteria;o__Burkholderiales;f__Sutterellaceae;g__Parasutterella;s__Parasutterella_excrementihominis	-0.0274605533315	0.0427839202599	-0.0505053446395	-0.0208147899542	-0.0406712573711	0.0748265308992	0.0310801151708	-0.0297938798997	-0.0389910827129	-0.0320710549077	-0.0282483830137	-0.00778056172162	-0.00267528267191	-0.021966454453	-0.0188760365415	0.0160247684615	-0.0170862683063	-0.0472153034901	-0.0200973693697	0.00928918680672	-0.0194351043385	0.0198583472833	1.0	-0.0519334297525	-0.0362394047698	-0.0110104083386	0.047191517297	0.0385349527873	0.0226430246141	-0.0247650598208	0.0182703570189	-0.00929445717616	-0.0471519478399	-0.00192930703724	0.00551787425078	-0.0300576138332	-0.00330315575188	0.00442495956876	-0.0142552933832	-0.0706349849152	0.0202327880904	0.0365888347097	0.0179848992653	-0.108822892135	-0.0808395341089	-0.0150750664729	-0.0485919227933	0.0106566657258	0.00691248927087	0.00785735829793	-0.00822989028153	-0.02829267466	0.0220395539574	0.000172437146222	0.0369664235783	0.0602629661792	0.0348417599919	0.0281177273867	-0.00631949427344
k__Bacteria;p__Actinobacteria;c__Actinobacteria;o__Bifidobacteriales;f__Bifidobacteriaceae;g__Bifidobacterium;s__Bifidobacterium_adolescentis	-0.0103882427202	0.0272773461387	-0.0507086166435	0.0439283398281	0.0122058062366	-0.0368197849668	0.00585565228312	-0.0581753010812	0.0105681940145	0.0442264553238	-0.0167024342837	-0.00427766856125	0.0550284785889	0.00722379436951	0.0136786594382	-0.046800052676	-0.0271104107758	-0.00116651068687	-0.00943743634334	-0.0119418247872	0.00659696104337	0.0559906001343	-0.0519334297525	1.0	-0.00953466521242	0.0127255980985	-0.0182032755971	3.46126395794e-05	-0.0818379388521	-0.0657802613053	0.0890977210149	-0.0154490409082	0.000382648964051	0.0200033751449	-0.0532963564381	0.0337138365197	-0.045797078718	0.0337408833795	-0.0133533162522	0.0651835602758	0.0165305719088	-0.00712457219081	0.0340505172407	0.0431257691343	-0.013309782787	0.0269846269185	0.00752056920511	-0.0335295922299	-0.0131032017634	-0.0033245972346	-0.0324496918799	0.0182372541672	-0.00975400892718	-0.0437553012336	-0.0240409944232	0.0322155308647	-0.00651000675932	-0.0359448479192	-0.0391578439746
k__Bacteria;p__Firmicutes;c__Clostridia;o__Clostridiales;f__Oscillospiraceae;g__Oscillibacter;s__Oscillibacter_sp._KLE_1745	-0.0664668626659	-0.0297414037047	0.0279191954085	-0.0347164304467	0.0161687398253	0.0148893007653	0.00860901956319	-0.00135721525525	0.0367409866854	-0.00387143860592	-0.051948996498	-0.0670508436232	0.00207637871177	-0.0176394002617	-0.0471864378764	-0.0227744033148	0.0198822648671	0.0199597114383	0.0044947874091	-0.0142261719977	-0.0331619638229	0.00352140768644	-0.0362394047698	-0.00953466521242	1.0	0.0227625590281	-0.0145948098263	0.0240351036684	0.0231258967852	-0.0259250199856	-0.0424445488956	0.0241754395215	0.0649427860272	-0.0150729798204	0.0211718855899	0.0199832292351	0.0156376706933	-0.0399153449994	0.00837795529063	-0.0646098842996	0.0141394765085	0.0226043130411	0.0096971461982	0.0252446294226	-0.0440445164977	-0.0241548167931	-0.00339289923372	-0.0282864480404	0.0447051417316	-0.074549213294	0.0452268815893	-0.000471214173888	-0.0184275007925	0.00831217789466	0.0321542726456	0.0122150097813	0.00141419793564	0.0420511029134	0.0889767035758
k__Bacteria;p__Bacteroidetes;c__Bacteroidia;o__Bacteroidales;f__Bacteroidaceae;g__Bacteroides;s__Bacteroides_coprophilus	-0.0153836097414	-0.0744617497054	0.0340933871157	0.00398453460062	-0.0360401576921	0.0326311907781	0.0201197525245	0.0439997055076	-0.0383835922223	-0.0193420758959	-0.0613036941804	0.0283551852279	-0.0028289397147	-0.00130477220864	-0.0558358600989	-0.0241075109189	0.0232000383808	0.0622155668049	-0.0281910144402	-0.0478538579438	0.0176984295506	-0.00403989289534	-0.0110104083386	0.0127255980985	0.0227625590281	1.0	0.00360274584827	0.012383040984	-0.0211655340122	-0.0213487307959	-0.049390502646	-0.0135550070294	0.0133834577394	0.0529474066125	0.0403408062276	-0.00680336651002	0.0764480898449	-0.0753713434739	-0.0444400274531	0.0359554452565	-0.0456150642839	-0.0103405484848	-0.0243615193486	0.0102720833875	-0.0389925480263	0.0155903374646	0.00751610463633	-0.0219465934132	-0.0702808396638	-0.0212080647155	-0.0562698994754	-0.0436590488554	-0.00358506521837	-0.0585182580451	-0.0205179585631	0.0288590209549	0.014137342033	-0.00367968411906	-0.00326066182268
k__Bacteria;p__Firmicutes;c__Clostridia;o__Clostridiales;f__Lachnospiraceae;g__Roseburia;s__Roseburia_intestinalis	-9.07044729832e-05	-0.0588268007018	-0.0594001849973	-0.00633383522023	0.0114701653241	0.00019429943018	0.0248462863523	0.0181922980906	0.0153091477633	-0.0458718391857	-0.00577175402905	-0.0201535375925	-0.0374687062705	-0.000147103680426	-0.0326972852602	-0.0252393017656	0.0567307185356	-0.0340625663038	0.00332176277618	-0.0165491860187	-0.0219759311727	-0.0632783996283	0.047191517297	-0.0182032755971	-0.0145948098263	0.00360274584827	1.0	-0.0320760904234	0.054938158807	0.0288538539932	0.0177572367395	0.0227966552749	-0.0350394265168	0.00431812735968	0.0138014073426	-0.0390417445474	0.00693536783921	0.00588202648627	-0.0381963015985	0.0430024683679	-0.0146983731795	0.0195252072967	0.0277915316263	-0.0326940647495	-0.000560782183749	-0.00903758551479	-0.00483209579673	0.00843242552227	0.0441943116583	-0.0656133755905	0.0368350503618	0.0171537285192	0.0245363314037	0.0119414471418	-0.0356749671222	0.0178818594375	-0.0278535992828	-0.0241645999456	0.0138555280746
k__Bacteria;p__Firmicutes;c__Clostridia;o__Clostridiales;f__Lachnospiraceae;g__Roseburia;s__Roseburia_hominis	-0.0139111047861	-0.0287045328308	0.0231322160197	0.0349361157727	0.0455546341856	0.0495129942467	-0.0113333068779	-0.0265460937011	-0.0262755320548	-0.00890020646262	-0.0187774124742	-0.0154513230943	-0.00193337016614	-0.0214935760361	0.0654313650557	0.0717567619681	0.0383781753628	-0.00187264409313	0.0207039971319	0.0832136842036	-0.00642744408029	-0.0350339293957	0.0385349527873	3.46126395794e-05	0.0240351036684	0.012383040984	-0.0320760904234	1.0	-0.0528465215673	-0.0252506296164	-0.00820355829711	0.0728085831396	0.00165326692941	0.000412716103337	-0.0116297955411	0.0243643649842	-0.0631105136704	-0.0488432823957	-0.0365505562742	-0.0781790005438	-0.0425670377124	-0.0137789146344	-0.0527455637909	-0.0261525391015	-0.00225388653995	0.00561037462447	0.000850460757111	-0.0194390180454	-0.0167383109336	0.0196592735886	0.0731448554228	-0.0741926848684	-0.0382759355349	-0.0721904151803	-0.0235808260543	-0.0339339584207	-0.0196784648777	-0.0101859458139	0.0173202337539
k__Bacteria;p__Bacteroidetes;c__Bacteroidia;o__Bacteroidales;f__Porphyromonadaceae;g__Parabacteroides;s__Parabacteroides_johnsonii	-0.0454005507657	0.0332812061274	-0.010781653442	0.045042069562	0.0450413966542	-0.0306615702876	-0.0274384608641	-0.0269284338194	-0.0118360012221	-0.0106299002058	-0.0632568784221	-0.0339876341403	-0.0548952836439	-0.0426670835677	-0.0284223288283	0.00900744173639	-0.0199171214034	-0.0309051544222	0.055870289631	0.0228822960589	-0.00807863048123	-0.00509176968291	0.0226430246141	-0.0818379388521	0.0231258967852	-0.0211655340122	0.054938158807	-0.0528465215673	1.0	-0.00180753925031	0.00961219752544	0.0304835141406	0.0822491376014	-0.0158436421242	0.0339799377045	-0.0282718978122	0.00993769352795	0.0840835288903	0.0522723508888	-0.0115219954241	0.00195073703219	0.0382605179095	-0.0952133516341	0.0180588099161	0.0129053213131	0.0305467914423	-0.0891929160932	0.0392684872718	-0.0568732708568	-0.0146894160564	0.0784033072229	0.0210395254519	0.0216688941462	-0.00230266792554	-0.0300558289042	-0.0128582440258	-0.00638232034521	0.0192647069844	-0.031484556523
