#taxonomy	k__Bacteria;p__Bacteroidetes;c__Bacteroidia;o__Bacteroidales;f__Bacteroidaceae;g__Bacteroides;s__Bacteroides_vulgatus	k__Bacteria;p__Bacteroidetes;c__Bacteroidia;o__Bacteroidales;f__Bacteroidaceae;g__Bacteroides;s__Bacteroides_uniformis	k__Bacteria;p__Bacteroidetes;c__Bacteroidia;o__Bacteroidales;f__Rikenellaceae;g__Alistipes;s__Alistipes_putredinis	k__Bacteria;p__Bacteroidetes;c__Bacteroidia;o__Bacteroidales;f__Prevotellaceae;g__Prevotella;s__Prevotella_copri	k__Bacteria;p__Bacteroidetes;c__Bacteroidia;o__Bacteroidales;f__Bacteroidaceae;g__Bacteroides;s__Bacteroides_stercoris	k__Bacteria;p__Bacteroidetes;c__Bacteroidia;o__Bacteroidales;f__Bacteroidaceae;g__Bacteroides;s__Bacteroides_ovatus	k__Bacteria;p__Bacteroidetes;c__Bacteroidia;o__Bacteroidales;f__Rikenellaceae;g__Alistipes;s__Alistipes_shahii	k__Bacteria;p__Firmicutes;c__Clostridia;o__Clostridiales;f__Ruminococcaceae;g__Faecalibacterium;s__Faecalibacterium_prausnitzii	k__Bacteria;p__Bacteroidetes;c__Bacteroidia;o__Bacteroidales;f__Rikenellaceae;g__Alistipes;s__Alistipes_finegoldii	k__Bacteria;p__Bacteroidetes;c__Bacteroidia;o__Bacteroidales;f__Porphyromonadaceae;g__Parabacteroides;s__Parabacteroides_distasonis	k__Bacteria;p__Bacteroidetes;c__Bacteroidia;o__Bacteroidales;f__Bacteroidaceae;g__Bacteroides;s__Bacteroides_thetaiotaomicron	k__Bacteria;p__Bacteroidetes;c__Bacteroidia;o__Bacteroidales;f__Bacteroidaceae;g__Bacteroides;s__Bacteroides_coprocola	k__Bacteria;p__Bacteroidetes;c__Bacteroidia;o__Bacteroidales;f__Bacteroidaceae;g__Bacteroides;s__Bacteroides_cellulosilyticus	k__Bacteria;p__Bacteroidetes;c__Bacteroidia;o__Bacteroidales;f__Rikenellaceae;g__Alistipes;s__Alistipes_obesi	k__Bacteria;p__Firmicutes;c__Clostridia;o__Clostridiales;f__Lachnospiraceae;g__;s__[Eubacterium]_rectale	k__Bacteria;p__Bacteroidetes;c__Bacteroidia;o__Bacteroidales;f__Bacteroidaceae;g__Bacteroides;s__Bacteroides_plebeius	k__Bacteria;p__Bacteroidetes;c__Bacteroidia;o__Bacteroidales;f__Bacteroidaceae;g__Bacteroides;s__Bacteroides_fragilis	k__Bacteria;p__Proteobacteria;c__Betaproteobacteria;o__Burkholderiales;f__Sutterellaceae;g__Sutterella;s__Sutterella_wadsworthensis	k__Bacteria;p__Bacteroidetes;c__Bacteroidia;o__Bacteroidales;f__Porphyromonadaceae;g__Barnesiella;s__Barnesiella_intestinihominis	k__Bacteria;p__Bacteroidetes;c__Bacteroidia;o__Bacteroidales;f__Odoribacteraceae;g__Odoribacter;s__Odoribacter_splanchnicus	k__Bacteria;p__Bacteroidetes;c__Bacteroidia;o__Bacteroidales;f__Bacteroidaceae;g__Bacteroides;s__Bacteroides_salyersiae	k__Bacteria;p__Firmicutes;c__Clostridia;o__Clostridiales;f__Ruminococcaceae;g__Ruminiclostridium;s__[Eubacterium]_siraeum	k__Bacteria;p__Proteobacteria;c__Betaproteobacteria;o__Burkholderiales;f__Sutterellaceae;g__Parasutterella;s__Parasutterella_excrementihominis	k__Bacteria;p__Actinobacteria;c__Actinobacteria;o__Bifidobacteriales;f__Bifidobacteriaceae;g__Bifidobacterium;s__Bifidobacterium_adolescentis	k__Bacteria;p__Firmicutes;c__Clostridia;o__Clostridiales;f__Oscillospiraceae;g__Oscillibacter;s__Oscillibacter_sp._KLE_1745	k__Bacteria;p__Bacteroidetes;c__Bacteroidia;o__Bacteroidales;f__Bacteroidaceae;g__Bacteroides;s__Bacteroides_coprophilus	k__Bacteria;p__Firmicutes;c__Clostridia;o__Clostridiales;f__Lachnospiraceae;g__Roseburia;s__Roseburia_intestinalis	k__Bacteria;p__Firmicutes;c__Clostridia;o__Clostridiales;f__Lachnospiraceae;g__Roseburia;s__Roseburia_hominis	k__Bacteria;p__Bacteroidetes;c__Bacteroidia;o__Bacteroidales;f__Porphyromonadaceae;g__Parabacteroides;s__Parabacteroides_johnsonii	k__Bacteria;p__Actinobacteria;c__Actinobacteria;o__Bifidobacteriales;f__Bifidobacteriaceae;g__Bifidobacterium;s__Bifidobacterium_longum	k__Bacteria;p__Firmicutes;c__Clostridia;o__Clostridiales;f__;g__Flavonifractor;s__Flavonifractor_plautii	k__Bacteria;p__Firmicutes;c__Clostridia;o__Clostridiales;f__Clostridiaceae;g__Clostridium;s__Clostridium_phoceensis	k__Bacteria;p__Verrucomicrobia;c__Verrucomicrobiae;o__Verrucomicrobiales;f__Akkermansiaceae;g__Akkermansia;s__Akkermansia_muciniphila	k__Bacteria;p__Bacteroidetes;c__Bacteroidia;o__Bacteroidales;f__Prevotellaceae;g__Paraprevotella;s__Paraprevotella_xylaniphila	k__Bacteria;p__Firmicutes;c__Clostridia;o__Clostridiales;f__Ruminococcaceae;g__Ruminococcus;s__Ruminococcus_callidus	k__Bacteria;p__Bacteroidetes;c__Bacteroidia;o__Bacteroidales;f__Rikenellaceae;g__Alistipes;s__Alistipes_senegalensis	k__Bacteria;p__Firmicutes;c__Clostridia;o__Clostridiales;f__Lachnospiraceae;g__Blautia;s__Blautia_sp._KLE_1732	k__Bacteria;p__Bacteroidetes;c__Bacteroidia;o__Bacteroidales;f__Bacteroidaceae;g__Bacteroides;s__Bacteroides_oleiciplenus	k__Bacteria;p__Firmicutes;c__Clostridia;o__Clostridiales;f__Ruminococcaceae;g__Ruminococcus;s__Ruminococcus_bicirculans	k__Bacteria;p__Bacteroidetes;c__Bacteroidia;o__Bacteroidales;f__Bacteroidaceae;g__Bacteroides;s__Bacteroides_fluxus	k__Bacteria;p__Bacteroidetes;c__Bacteroidia;o__Bacteroidales;f__Prevotellaceae;g__Prevotella;s__Prevotella_stercorea	k__Bacteria;p__Firmicutes;c__Clostridia;o__Clostridiales;f__Lachnospiraceae;g__Dorea;s__Dorea_longicatena	k__Bacteria;p__Firmicutes;c__Clostridia;o__Clostridiales;f__Eubacteriaceae;g__Eubacterium;s__[Eubacterium]_eligens	k__Bacteria;p__Firmicutes;c__Clostridia;o__Clostridiales;f__Ruminococcaceae;g__;s__Ruminococcaceae_bacterium_D16	k__Bacteria;p__Firmicutes;c__Clostridia;o__Clostridiales;f__Lachnospiraceae;g__Coprococcus;s__Coprococcus_comes	k__Bacteria;p__Proteobacteria;c__Gammaproteobacteria;o__Enterobacterales;f__Enterobacteriaceae;g__Escherichia;s__Escherichia_coli	k__Bacteria;p__Firmicutes;c__Clostridia;o__Clostridiales;f__Ruminococcaceae;g__Anaerotruncus;s__Anaerotruncus_colihominis	k__Bacteria;p__Firmicutes;c__Clostridia;o__Clostridiales;f__Lachnospiraceae;g__Blautia;s__Blautia_obeum	k__Bacteria;p__Bacteroidetes;c__Bacteroidia;o__Bacteroidales;f__Odoribacteraceae;g__Odoribacter;s__Odoribacter_laneus	k__Bacteria;p__Firmicutes;c__Clostridia;o__Clostridiales;f__Ruminococcaceae;g__Ruminiclostridium;s__[Clostridium]_leptum	k__Bacteria;p__Bacteroidetes;c__Bacteroidia;o__Bacteroidales;f__Porphyromonadaceae;g__Parabacteroides;s__Parabacteroides_goldsteinii	k__Bacteria;p__Firmicutes;c__Clostridia;o__Clostridiales;f__Lachnospiraceae;g__Anaerostipes;s__Anaerostipes_hadrus	k__Bacteria;p__Firmicutes;c__Clostridia;o__Clostridiales;f__Ruminococcaceae;g__Ruminococcus;s__Ruminococcus_lactaris	k__Bacteria;p__Firmicutes;c__Clostridia;o__Clostridiales;f__Clostridiaceae;g__Clostridium;s__Clostridium_sp._L2-50	k__Bacteria;p__Firmicutes;c__Clostridia;o__Clostridiales;f__Clostridiaceae;g__Clostridium;s__Clostridium_sp._M62/1	k__Bacteria;p__Firmicutes;c__Clostridia;o__Clostridiales;f__;g__Intestinimonas;s__Intestinimonas_butyriciproducens	k__Bacteria;p__Actinobacteria;c__Actinobacteria;o__Bifidobacteriales;f__Bifidobacteriaceae;g__Bifidobacterium;s__Bifidobacterium_bifidum	k__Bacteria;p__Firmicutes;c__Negativicutes;o__Veillonellales;f__Veillonellaceae;g__Dialister;s__Dialister_invisus	k__Bacteria;p__Bacteroidetes;c__Bacteroidia;o__Bacteroidales;f__Bacteroidaceae;g__Bacteroides;s__Bacteroides_salanitronis
k__Bacteria;p__Bacteroidetes;c__Bacteroidia;o__Bacteroidales;f__Bacteroidaceae;g__Bacteroides;s__Bacteroides_vulgatus	1.0	0.0242342652207	-0.0173763982484	0.0123903281978	-0.00511488596083	-0.0362506002502	0.0162791485151	-0.0248808505908	0.000130366183768	-0.0418855614723	0.00130055102779	-0.000267962014826	0.00844458594549	0.0119763210164	-0.0450541030317	-0.0430549253488	0.00748856625804	-0.037323428184	-0.0478367541961	0.0617501314365	-0.0336461696277	-0.0639610649782	0.0299506004799	-0.0274118926186	-0.0120979060561	-0.0422072925841	0.0365618529389	-0.0413888094659	0.0403221310086	0.0139370976641	0.00876622506595	0.0633796270738	-0.0255806032219	-0.0443472756467	-0.00453554565225	0.014112750586	0.00184607988173	0.00276550696419	-0.0147474993276	0.037134819704	0.0253082729702	-0.0435570297794	-0.0201054379009	-0.0293354032834	0.0134478023146	0.03676610346	0.0584741075888	-0.0207884420385	-0.0602346232154	0.00375877966944	0.0468409255662	-0.040385278082	-0.0171787163898	0.0245481450675	-0.0566477085543	-0.0535914660124	0.0410795622298	0.0659322691559	0.000142750425508
k__Bacteria;p__Bacteroidetes;c__Bacteroidia;o__Bacteroidales;f__Bacteroidaceae;g__Bacteroides;s__Bacteroides_uniformis	0.0242342652207	1.0	0.0381055017306	-0.0116458564975	-0.0339658364789	0.037656455566	0.0210094937834	-0.0151443964261	0.0202863538811	-0.0290606917417	-0.0169315320012	-0.00236806934003	-0.00027585047115	-0.00649902015028	-0.0473652148442	-0.0424189134165	-0.0330979508501	-0.0141660183473	-0.022436576704	-0.0298608007146	0.00194147638945	-0.0141895554783	0.0405532657831	-0.00520514146283	0.0433129710957	-0.0586609306942	0.0254343179462	0.0217548454868	-0.0123619055809	-0.0325241523392	0.0164562204473	-0.0318224321003	-0.0112572699856	-0.038289737525	-0.0464522208597	-0.0325396730644	0.00813907946875	-0.0198218825855	0.0136424484742	-0.0456776545598	-0.0382726622577	0.001261364328	0.0146087314172	-0.00905436390157	-0.00571590711402	0.0424389780324	-0.0107337354228	-0.0271507965117	-0.0565911600182	-0.0114629792361	0.0203687832988	0.0535948503189	-0.00040075092839	-0.0210053453525	-0.030500661932	0.0272748031969	-0.0386480742022	0.0147869743661	-0.000832627557574
k__Bacteria;p__Bacteroidetes;c__Bacteroidia;o__Bacteroidales;f__Rikenellaceae;g__Alistipes;s__Alistipes_putredinis	-0.0173763982484	0.0381055017306	1.0	-0.0545396166999	0.0179664020404	0.0619380444357	-0.00489404886121	-0.0230489974769	-0.0191917631499	-0.0213995440597	0.00824632332017	0.0188314836975	0.0268455090801	-0.0310805400872	-0.0304364217123	-0.0160794750671	-0.0480604284271	0.0571123898326	-0.00884257043532	-0.0232522479514	0.026714981508	0.0210617980361	-0.0282046018533	-0.0522205411501	-0.075685152706	-0.030334695168	-0.00941309727559	0.00688587785726	0.0346713882922	-0.0401062578046	-0.0133217920317	0.00410679616589	-0.022426167247	0.0191207930972	0.0272605951443	-0.0143211091108	-0.0132063717048	-0.0345302840419	-0.0533680871588	-0.0298386733373	-0.011041382237	0.00626294930031	-0.0572584765786	-0.0460527085883	-0.0409420402527	-0.0188622013761	0.0168727464834	-0.0066736810961	-0.0305724947341	-0.0155592066755	0.0471861556988	0.0576312026904	0.0462384584707	0.0423179290145	0.0496215935689	0.000321663781088	-0.0131768411231	-0.0626767328481	-0.0606430415782
k__Bacteria;p__Bacteroidetes;c__Bacteroidia;o__Bacteroidales;f__Prevotellaceae;g__Prevotella;s__Prevotella_copri	0.0123903281978	-0.0116458564975	-0.0545396166999	1.0	-0.0122713609608	-0.0440758800376	0.00887361800755	0.0670878797363	-0.000622011736348	0.0155270682704	-0.0609547564509	-0.058546802326	0.00105999353615	-0.0046712725642	-0.019739877494	0.0242594680959	-0.0543795968925	-0.0806172489513	-0.0147707177357	-0.0610398553067	0.0210850191249	0.0361685168487	-0.05484188233	0.0474674734422	-0.00986214258093	-0.0361869871639	0.00469809700063	-0.0141635396639	-0.00174946933566	-0.028824045182	-0.0048957227096	0.00534922895077	0.0185680228209	0.00237268800654	0.0242705984664	0.0197877001714	0.0508675688701	-0.00899059614857	0.0127973369053	0.0287160842197	0.0140285800799	0.0495470648391	-0.0279108253321	-0.0232086732123	0.00526474751363	0.00422285297582	0.00413847045952	0.0335019547492	0.0306708747269	-0.0104372095394	0.0018950291681	-0.00202414516998	0.001212113138	-0.0113485377295	-0.00328273803371	-0.0236526710215	-0.032595248155	0.00108703690257	-0.0721192542846
k__Bacteria;p__Bacteroidetes;c__Bacteroidia;o__Bacteroidales;f__Bacteroidaceae;g__Bacteroides;s__Bacteroides_stercoris	-0.00511488596083	-0.0339658364789	0.0179664020404	-0.0122713609608	1.0	-0.000734607059549	0.00467583209441	-0.062945367866	-0.0302418199961	0.0343083662505	-0.0158378428064	0.0295495764259	-0.0196145054323	-0.0377953584125	-0.0112024155653	-0.0409592613223	-0.0988458844117	0.0367528657747	-0.0341185480878	0.05692703037	-0.0191623136415	0.00172333182952	-0.00593306226099	-0.0413922046736	-0.0676547289694	0.0795824019817	0.0399060544354	-0.030845489412	-0.0383300680701	0.0465820946311	-0.0289636414523	-0.0882290796281	0.0325588283401	0.011561403913	0.0558593393929	0.00666628823711	0.0311996557794	0.000605946426874	0.0309202639212	-0.0236200711346	-0.00346242179079	-0.0225193692773	-0.0320113035278	-0.0477620801154	0.0337079459829	0.0219879302196	-0.021280877775	-0.020215651385	0.0120081275226	-0.0147520033981	0.00551163158373	0.054154324117	0.00958644943442	-0.047600438353	-0.000390815093413	-0.0243063908626	-0.0442951257012	0.0212764353717	0.0105994163007
k__Bacteria;p__Bacteroidetes;c__Bacteroidia;o__Bacteroidales;f__Bacteroidaceae;g__Bacteroides;s__Bacteroides_ovatus	-0.0362506002502	0.037656455566	0.0619380444357	-0.0440758800376	-0.000734607059549	1.0	-0.0188911419576	-0.0252444752186	-0.0135469724535	-0.0615899483565	-0.0848727373354	-0.0238014728018	0.0685326881716	-0.000562799852528	-0.0270957781794	0.00789379916951	-0.00168513419955	-0.0290266251898	-0.0587547412208	-0.00142131428225	0.00399115539934	-0.00911458437289	0.0308391496822	0.0147694702831	0.00435978214509	0.064870562662	-0.0288504579131	0.000512328126332	0.0019977081392	0.00871012400082	0.0233742311691	-0.0309276739995	-0.0512286092986	0.0428758753977	-0.018673940333	-0.0236075545804	0.00289926968638	0.00786104938437	-0.0354792586957	-0.00939611770612	0.0291767732616	-0.0370554982658	-0.0112301100238	-0.0682215623121	0.0588957060264	-0.0396087025667	-0.00915987984987	0.0181308901478	0.0562068359331	0.0344829336328	-0.00589998201364	-0.0177656573637	-0.0461601861536	-0.0356533663803	-0.0138670413964	-0.00861878030272	0.00890330038449	-0.0248313192246	-0.0353232981001
k__Bacteria;p__Bacteroidetes;c__Bacteroidia;o__Bacteroidales;f__Rikenellaceae;g__Alistipes;s__Alistipes_shahii	0.0162791485151	0.0210094937834	-0.00489404886121	0.00887361800755	0.00467583209441	-0.0188911419576	1.0	0.0286251931204	0.0386698157858	-0.00556645395619	-0.0423455048082	0.039579674319	0.00870498830647	-0.043575786017	-0.00612400797579	0.0338023084551	-0.0105493385734	-0.0919209492093	-0.00728262354621	0.0129868013334	-0.0271786425	0.0132908309914	-0.0381468444479	-0.0434713868632	-0.00114749254252	0.0332369683978	-0.0296587717993	0.000272778946733	0.0401620483979	0.00532147741797	0.0393907512162	-0.0270093501073	-0.00883696763804	-0.0248984558581	0.0480234877661	-0.0113342885518	-0.0543833092738	-0.0201289980931	-0.0210583422919	-0.0217968577183	-0.000596657249307	0.0261178119216	0.0195734956887	-0.0396964603083	0.0386815639576	0.0435979144889	0.0142557151599	-0.0262387269101	0.0162692120418	-0.0547994759844	0.0338355493873	0.0448200775436	-0.0277097074755	-0.0524630037658	0.0215168111456	0.0421040513836	-0.0184747785227	0.00370695601195	-0.00586272322996
k__Bacteria;p__Firmicutes;c__Clostridia;o__Clostridiales;f__Ruminococcaceae;g__Faecalibacterium;s__Faecalibacterium_prausnitzii	-0.0248808505908	-0.0151443964261	-0.0230489974769	0.0670878797363	-0.062945367866	-0.0252444752186	0.0286251931204	1.0	-0.0345645634748	-0.0147461036802	-0.0159855579294	-0.0535058542653	0.0343116693603	0.00272409073594	0.0183696673283	-0.0152038074017	-0.0392659778529	-0.016103714971	-0.0381897122076	0.016717668036	-0.00358762843807	0.0364811101448	0.020040682049	0.061637388069	-0.0336305364238	0.0415666226033	0.0144209694901	0.0270667883306	-0.014613267206	-0.0138250298309	0.00323895716342	-0.0341721338189	-0.0182877279686	-0.0610214187257	0.0385824761685	0.00879980100182	0.0303466498383	-0.0571462027803	0.0222181455573	-0.0296809337998	-0.0372102446386	-0.0219552147826	-0.00348719892795	0.0614605706172	0.067719000676	-0.0204391065528	0.0166595760333	-0.037856563851	0.0120346930211	-0.0075598429263	0.0364670368294	-0.00989427604686	-0.0438600210152	-0.0172190632879	-0.0526916608082	0.0227547849111	-0.0461940881784	0.016797824917	0.00248314826624
k__Bacteria;p__Bacteroidetes;c__Bacteroidia;o__Bacteroidales;f__Rikenellaceae;g__Alistipes;s__Alistipes_finegoldii	0.000130366183768	0.0202863538811	-0.0191917631499	-0.000622011736348	-0.0302418199961	-0.0135469724535	0.0386698157858	-0.0345645634748	1.0	0.00526687946428	0.0546806172927	-0.00854786971917	-0.0112286914963	0.0679469517273	0.0106562813253	-0.0290894589262	-0.0119933902004	-0.0803605386274	0.0134452843767	-0.00426002486772	0.0058569361673	0.0101902825894	0.0202492002734	-0.0605307197882	-0.0302899749759	-0.0122729974381	-0.0381886302762	-0.0313192186142	-0.0337762233126	-0.0232616694697	-0.0677253969944	-0.0292376313758	-0.0567420146835	-0.0088868744819	0.0393974391676	0.0326291321269	0.052209707195	-0.0111510756724	0.0366349228969	-0.0244805932473	0.0310749702649	-0.00796383194403	-0.00826018786955	-0.00953734796623	-0.00406656719541	0.0253628761275	-0.0565412722344	-0.0412363247117	-0.0281492711044	0.0168141723212	-0.0537266634396	0.0240311075133	0.0154904942311	0.0571342412703	-0.0507088637409	-0.0725795985217	0.0400774909849	0.0448661180595	0.00607931885234
k__Bacteria;p__Bacteroidetes;c__Bacteroidia;o__Bacteroidales;f__Porphyromonadaceae;g__Parabacteroides;s__Parabacteroides_distasonis	-0.0418855614723	-0.0290606917417	-0.0213995440597	0.0155270682704	0.0343083662505	-0.0615899483565	-0.00556645395619	-0.0147461036802	0.00526687946428	1.0	-0.0475729130707	-0.0110706288708	0.000167739589769	0.0313376154908	0.0231745575315	-0.00699295001103	-0.00844718427825	-0.00114231680979	-0.0126496577238	0.00950203530773	-0.0681683571805	-0.0261421236442	0.00861088275564	0.0641792719951	-0.0241703819549	-0.0716015744535	-0.0144029318055	-0.019262104666	-0.0517271343788	0.0254437210779	-0.00342382409595	-0.0188335520431	0.0242387359798	-0.0133033137142	-0.0298890965769	0.00287544186805	-0.0685751191436	0.0210741071221	0.0519057739106	-0.0119686815612	-0.0610728166138	0.0532843669874	-0.0283125724383	-0.0141918076404	-0.00254071771355	-0.000633116755048	-0.031175582225	0.0140380449865	-0.0530081344162	0.0278673323075	-0.023147645873	-0.0526892640781	0.00359285350387	-0.000277678334732	-0.065359582127	0.0415960250279	0.0201354938901	0.0203426863741	0.0335516462324
k__Bacteria;p__Bacteroidetes;c__Bacteroidia;o__Bacteroidales;f__Bacteroidaceae;g__Bacteroides;s__Bacteroides_thetaiotaomicron	0.00130055102779	-0.0169315320012	0.00824632332017	-0.0609547564509	-0.0158378428064	-0.0848727373354	-0.0423455048082	-0.0159855579294	0.0546806172927	-0.0475729130707	1.0	-0.000511901161224	-0.0387250274183	-0.0180247145981	-0.0272404555874	-0.0607973355913	-0.0321977089691	-0.0386853870072	-0.000572953301818	-0.0194522909816	-0.034785683054	-0.015043256412	-0.0209682469084	-0.0410728537944	-0.00416368463142	0.0113679564678	0.00630168958617	-0.00227983161234	0.021210632898	-0.0148292058893	0.0269713667747	0.0145968165626	0.0116735333439	-0.0162339011855	-0.00867636236614	0.0631173259485	0.0385610985136	-0.0442029029995	-0.0298868843792	0.0473439656096	0.044483105615	0.028244885135	-0.00970165182147	-0.0706527710524	0.052450963369	0.00392604179417	-0.0775011959348	0.00459705491288	-0.0129107444797	0.0145527922638	-0.00487786904978	-0.00762956796863	0.00348706597337	0.0453737384596	-0.0244725424504	0.00695536771404	0.0441615846245	0.0399036079355	0.0215095680172
k__Bacteria;p__Bacteroidetes;c__Bacteroidia;o__Bacteroidales;f__Bacteroidaceae;g__Bacteroides;s__Bacteroides_coprocola	-0.000267962014826	-0.00236806934003	0.0188314836975	-0.058546802326	0.0295495764259	-0.0238014728018	0.039579674319	-0.0535058542653	-0.00854786971917	-0.0110706288708	-0.000511901161224	1.0	-0.0388379827475	-0.0336296081843	0.0117628933393	-0.0384232824019	0.00248701894826	0.0560704688081	0.0219860506036	0.00917699792195	-0.0286237524331	0.0164928977831	0.0108744365307	-0.0224429515247	0.0338681351319	0.0397440373326	-0.0249967345116	-0.0166777213957	0.0135124077676	0.0540560176801	0.0114172401484	0.0516782722464	-0.0497934436829	-0.0483560346099	-0.00725001195413	0.0034420567746	0.00040684309335	0.0489161019715	-0.0447794724684	-0.0201244610212	-0.0165463459356	-0.0054053417729	-0.0310782474909	0.0156367385847	-0.0342292743271	-0.00895316272217	-0.0294210368423	-0.0533418141881	-0.0305166758308	-0.0141206376337	-0.0158045483856	0.0240857030095	0.00698977702517	-0.0405070058079	0.0428756181766	0.000455935411149	0.0130368834759	-0.0763147283843	-0.0275862342744
k__Bacteria;p__Bacteroidetes;c__Bacteroidia;o__Bacteroidales;f__Bacteroidaceae;g__Bacteroides;s__Bacteroides_cellulosilyticus	0.00844458594549	-0.00027585047115	0.0268455090801	0.00105999353615	-0.0196145054323	0.0685326881716	0.00870498830647	0.0343116693603	-0.0112286914963	0.000167739589769	-0.0387250274183	-0.0388379827475	1.0	-0.0432158532052	0.0168603613349	0.0330849093842	0.0411542104807	-0.0632922872582	-0.0444391733292	-0.00362803594062	0.0452745042616	0.0671396663808	-0.0177973535692	-0.00512102764776	-0.0164506437025	-0.00097342933613	-0.0227322115303	-0.00902623889791	0.0327106414692	-0.0100851349019	-0.0517621123338	0.00277220381683	0.00771141348958	-0.00372500892874	-0.00155761163096	-0.0128246768897	-0.0335350417834	-0.0230475746267	0.0297758838763	0.0457153890132	-0.0343481028595	-0.0224786732815	-0.0112188655262	0.00258030043222	-0.102921727678	0.00651416854411	-0.0180829924232	0.00748182473921	-0.042723088803	0.010092251338	0.0379647338267	-0.0106106000567	0.0434245622046	-0.00696930613749	0.00935755758694	-0.0102668609366	0.00730207600924	-0.0133963668913	0.00224911675842
k__Bacteria;p__Bacteroidetes;c__Bacteroidia;o__Bacteroidales;f__Rikenellaceae;g__Alistipes;s__Alistipes_obesi	0.0119763210164	-0.00649902015028	-0.0310805400872	-0.0046712725642	-0.0377953584125	-0.000562799852528	-0.043575786017	0.00272409073594	0.0679469517273	0.0313376154908	-0.0180247145981	-0.0336296081843	-0.0432158532052	1.0	0.0106683053224	-0.0803225345832	-0.065731808145	-0.0459326123977	0.00902006289999	-0.0524303845723	-0.0188467398324	-0.0680697648741	-0.0209348451434	-0.0150529054691	-0.0274158636205	-0.00634507245026	0.0411379512056	-0.0494782547535	-0.0279106187775	0.00585016435371	-0.0586870502282	-0.00523660080125	-0.0248559812926	0.00305322104772	-0.084888749932	-0.00652661609278	-0.00549472128632	0.00199973492202	0.0103927224015	-0.00797818285358	-0.0283702668809	-0.0243010404632	0.0523874566451	-0.0602683100021	-0.0206312819326	-0.040957784323	0.069409543852	0.0388744774461	-0.0115499350325	0.0342951343891	-0.0149519821558	-0.0020236228349	0.0739472379857	0.0180615918591	-0.00354295465844	-0.0281773779865	-0.0314741813833	0.00981917593952	0.00950597267927
k__Bacteria;p__Firmicutes;c__Clostridia;o__Clostridiales;f__Lachnospiraceae;g__;s__[Eubacterium]_rectale	-0.0450541030317	-0.0473652148442	-0.0304364217123	-0.019739877494	-0.0112024155653	-0.0270957781794	-0.00612400797579	0.0183696673283	0.0106562813253	0.0231745575315	-0.0272404555874	0.0117628933393	0.0168603613349	0.0106683053224	1.0	-0.0147438435985	-0.0332897707277	0.00818186289727	-0.0425375242733	0.0172064345795	0.00683641897461	0.0227801291308	0.0343579266855	0.0499908819735	0.0324313822223	-0.0625180135145	0.0125091426264	-0.00938936201656	0.0190325993766	-0.035439117757	0.0230266849548	0.0658704007457	-0.00454377040035	-0.0318566457072	-0.0307884473583	-0.0469111180271	0.0590401589774	-0.0264667955483	-0.00902668395993	0.0251781514595	-0.0170967985248	-0.0271914196141	-0.0572032292694	0.0474912927915	-0.0286747562226	-0.0232851147213	0.00275444492247	0.0265942137831	-0.0113333570087	-0.0191197280325	0.00650468300839	0.0306274814129	-0.0328287077233	-0.0030486996622	0.0234123103357	0.0545640815525	-0.0187098897042	0.023204627803	-0.0260963176647
k__Bacteria;p__Bacteroidetes;c__Bacteroidia;o__Bacteroidales;f__Bacteroidaceae;g__Bacteroides;s__Bacteroides_plebeius	-0.0430549253488	-0.0424189134165	-0.0160794750671	0.0242594680959	-0.0409592613223	0.00789379916951	0.0338023084551	-0.0152038074017	-0.0290894589262	-0.00699295001103	-0.0607973355913	-0.0384232824019	0.0330849093842	-0.0803225345832	-0.0147438435985	1.0	-0.0169967296568	-0.0212294559455	-0.0238091903917	0.0467210440476	0.00380446136626	-0.0120414244003	-0.00795391970375	0.0381811395236	-0.0173390802488	0.0282593907969	0.0157543167328	0.0447055644081	0.0295586605332	-0.031931089531	-0.0129454585999	0.0053114908145	-0.0012903334934	-0.0107853749374	-0.0350380733145	0.0646496479561	-0.024192656076	-0.0743184879303	0.0636143637187	0.00618971190305	0.0151399095508	-0.000220516784524	-0.0418876691165	0.0491817723177	0.0315469374652	-0.0345881135797	0.0240693024372	-0.00248144415767	0.0271703071337	-0.00236807986806	0.00633078901063	-0.0212235192511	-0.0206632774184	-0.0101348100296	-0.0223518951719	-0.0251420197122	0.0420605755223	0.0445847168492	-0.00360282888868
k__Bacteria;p__Bacteroidetes;c__Bacteroidia;o__Bacteroidales;f__Bacteroidaceae;g__Bacteroides;s__Bacteroides_fragilis	0.00748856625804	-0.0330979508501	-0.0480604284271	-0.0543795968925	-0.0988458844117	-0.00168513419955	-0.0105493385734	-0.0392659778529	-0.0119933902004	-0.00844718427825	-0.0321977089691	0.00248701894826	0.0411542104807	-0.065731808145	-0.0332897707277	-0.0169967296568	1.0	-0.0285229801965	0.045706658727	0.0229638506524	0.0524546108588	0.0147837179145	-0.0364901847976	-0.0106749635149	-0.0133507021411	-0.0454713537862	0.0220580102709	-0.0449907407492	0.0700659917763	-0.0253106264836	-0.0204684270117	-0.0232358660039	-0.00622584396203	0.0370840579521	0.0629355089835	-0.0870613289421	0.00851786150683	-0.0409856029352	-0.0199268291782	-0.00921979025056	0.0272856688831	0.0302456113024	-0.0299895405556	-0.0206681190294	0.0554654133356	-0.0568187849555	-0.0216510540852	-0.0134748621893	-0.0584567759166	0.0236543493841	0.0117448752844	-0.0466047497504	0.0146428447541	-0.0413261006932	0.0121132059728	0.0330392188016	-0.0236964660571	-0.0143849940049	0.0273723739411
k__Bacteria;p__Proteobacteria;c__Betaproteobacteria;o__Burkholderiales;f__Sutterellaceae;g__Sutterella;s__Sutterella_wadsworthensis	-0.037323428184	-0.0141660183473	0.0571123898326	-0.0806172489513	0.0367528657747	-0.0290266251898	-0.0919209492093	-0.016103714971	-0.0803605386274	-0.00114231680979	-0.0386853870072	0.0560704688081	-0.0632922872582	-0.0459326123977	0.00818186289727	-0.0212294559455	-0.0285229801965	1.0	-0.00622303898378	0.060323396436	-0.00651552127987	0.0216455539644	-0.0508784827448	-0.0429881449575	-0.0266882027048	0.00120268070069	0.0418805647392	-0.0120220343434	-0.0792998736817	0.0148445588229	0.0259033964182	0.046131791405	0.00605246623149	-0.0192240136657	-0.0161661607783	0.0247255513863	-0.0693677869423	-0.0124627071155	0.0681063493919	-0.0124605400152	-0.017246705209	0.0119367931595	0.0513965583051	-0.0031057899739	-0.0172414358035	0.0501650719858	-0.00595365641413	-0.0861131032044	0.00287508668769	-0.00244660954069	0.0467049775	0.0311867398686	0.00704239738367	-0.0351625047077	-1.50220727853e-05	-0.0167149598504	0.00981577212718	0.0508933178966	0.00693830502419
k__Bacteria;p__Bacteroidetes;c__Bacteroidia;o__Bacteroidales;f__Porphyromonadaceae;g__Barnesiella;s__Barnesiella_intestinihominis	-0.0478367541961	-0.022436576704	-0.00884257043532	-0.0147707177357	-0.0341185480878	-0.0587547412208	-0.00728262354621	-0.0381897122076	0.0134452843767	-0.0126496577238	-0.000572953301818	0.0219860506036	-0.0444391733292	0.00902006289999	-0.0425375242733	-0.0238091903917	0.045706658727	-0.00622303898378	1.0	0.0189803547075	0.0251494380345	-0.000514033648735	-0.0254692279722	0.00621635177843	0.00927278601004	-0.0501005125386	0.0176060249939	-0.0357681388361	0.0299924441404	-0.0382745547	-0.0603938183532	-0.00780970743491	-0.00398424847682	0.0123026471637	-0.047413543825	0.0328704348567	-0.0399590423062	-0.0412497042325	-0.0236073076669	0.0818639701056	-0.0240642763032	-0.0560459317666	-0.0364891303432	-0.0353636245851	-0.0265975520476	-0.00813329544431	0.0395923365615	0.0234469150887	0.0574870519277	-0.0424584791029	-0.0157382214572	0.0180512002273	0.0267904560863	0.0503689232627	0.00910947652671	0.0378686985593	-0.00913324030677	-0.0729856977773	-0.00193875282009
k__Bacteria;p__Bacteroidetes;c__Bacteroidia;o__Bacteroidales;f__Odoribacteraceae;g__Odoribacter;s__Odoribacter_splanchnicus	0.0617501314365	-0.0298608007146	-0.0232522479514	-0.0610398553067	0.05692703037	-0.00142131428225	0.0129868013334	0.016717668036	-0.00426002486772	0.00950203530773	-0.0194522909816	0.00917699792195	-0.00362803594062	-0.0524303845723	0.0172064345795	0.0467210440476	0.0229638506524	0.060323396436	0.0189803547075	1.0	0.0286004259108	-0.073963410416	0.0157464597784	-0.0270765549701	-0.0270042370682	-0.0125561627535	-0.0493287888632	-0.0511554604688	-0.0432181247057	0.00618142644109	-0.0198659141239	0.0014144908697	0.00813883023731	0.0111227820716	0.063408484488	-0.0419611245839	-0.0567361932046	0.0491767802983	-0.0144021278848	-0.030917161484	-0.0194924721646	0.0041221168323	0.0448976844435	-0.0386156010786	0.0223388691955	-0.0316255278694	0.028517314438	-0.0564834247575	0.0115397492177	-0.0414355575426	-0.0268015259728	-0.068617784798	-0.0047480455393	0.0101387278083	-0.0274180665509	0.0267917874007	-0.0144320373613	0.0187534160597	0.00434698833779
k__Bacteria;p__Bacteroidetes;c__Bacteroidia;o__Bacteroidales;f__Bacteroidaceae;g__Bacteroides;s__Bacteroides_salyersiae	-0.0336461696277	0.00194147638945	0.026714981508	0.0210850191249	-0.0191623136415	0.00399115539934	-0.0271786425	-0.00358762843807	0.0058569361673	-0.0681683571805	-0.034785683054	-0.0286237524331	0.0452745042616	-0.0188467398324	0.00683641897461	0.00380446136626	0.0524546108588	-0.00651552127987	0.0251494380345	0.0286004259108	1.0	-0.0411723002955	-0.0370368593	0.00895302583218	0.00669555257625	-0.0253540211876	0.0461557311207	-0.0167899016405	0.0387203145554	-0.0288512877241	0.0188481528203	0.0142623913419	-0.0338576923324	-0.0201114132631	-0.0317936301992	0.0168723084378	-0.0310322678286	-0.0581122341211	0.0177419304066	-0.00875490148295	0.00954470964465	-0.0497739929714	0.00804454660797	-0.0233541794623	0.0328582574006	-0.0440032939535	-0.0013760199947	-0.015517996566	0.0387392448957	-0.000836486919332	0.00392994777412	-0.056474203791	-0.0401200783187	-0.0147819361465	-0.0738877401208	-0.00355585348138	-0.0194287532173	-0.0426533444399	-0.0539004329877
k__Bacteria;p__Firmicutes;c__Clostridia;o__Clostridiales;f__Ruminococcaceae;g__Ruminiclostridium;s__[Eubacterium]_siraeum	-0.0639610649782	-0.0141895554783	0.0210617980361	0.0361685168487	0.00172333182952	-0.00911458437289	0.0132908309914	0.0364811101448	0.0101902825894	-0.0261421236442	-0.015043256412	0.0164928977831	0.0671396663808	-0.0680697648741	0.0227801291308	-0.0120414244003	0.0147837179145	0.0216455539644	-0.000514033648735	-0.073963410416	-0.0411723002955	1.0	-0.0179536392182	-0.0171256183305	0.0155270103432	-0.0653599878329	-0.0354636996646	-0.0595111320985	-0.0134218330619	-0.0868749525292	0.0656597084059	-0.0151941177074	-0.00890310871031	0.0213278682676	0.0506876171477	-0.0201864855246	0.0172843103596	-0.0416257182754	-0.0606376638186	0.0148023676441	0.0196200896892	0.0240753319649	-0.0245991393588	-0.00790345464892	-0.0745798064473	-0.0739424980972	-0.0466669233764	0.023184810748	0.0368306352293	-0.0632063606953	0.0378115024756	0.00628429715922	-0.0209270181587	-0.0747906665704	-0.0231458154202	0.0204697947544	-0.0472875591262	0.0049097319971	0.0378738581516
k__Bacteria;p__Proteobacteria;c__Betaproteobacteria;o__Burkholderiales;f__Sutterellaceae;g__Parasutterella;s__Parasutterella_excrementihominis	0.0299506004799	0.0405532657831	-0.0282046018533	-0.05484188233	-0.00593306226099	0.0308391496822	-0.0381468444479	0.020040682049	0.0202492002734	0.00861088275564	-0.0209682469084	0.0108744365307	-0.0177973535692	-0.0209348451434	0.0343579266855	-0.00795391970375	-0.0364901847976	-0.0508784827448	-0.0254692279722	0.0157464597784	-0.0370368593	-0.0179536392182	1.0	-0.0414572241839	0.0410943995413	0.0180241732808	0.0157300198793	-0.0566635094588	-0.0159439539292	0.00732419642254	-0.0286880525697	-0.00976320696009	0.0141113792423	-0.0259921919864	-0.0285351832873	0.0676502729183	-0.0167421990807	0.000271811844461	0.0555797108649	-0.0142788766504	-0.0429554934312	0.00986326322577	-0.0235446090163	8.75870137589e-05	0.0144074846537	-0.042014495843	-0.0480784057415	-0.0528816905215	-0.0565079717844	-0.0169180939311	-0.00988828394258	0.0150717171871	-0.0274472198681	-0.00525005743573	-0.0191521450246	0.0751095559583	0.0115177993983	0.00731697369832	-0.0677847887949
k__Bacteria;p__Actinobacteria;c__Actinobacteria;o__Bifidobacteriales;f__Bifidobacteriaceae;g__Bifidobacterium;s__Bifidobacterium_adolescentis	-0.0274118926186	-0.00520514146283	-0.0522205411501	0.0474674734422	-0.0413922046736	0.0147694702831	-0.0434713868632	0.061637388069	-0.0605307197882	0.0641792719951	-0.0410728537944	-0.0224429515247	-0.00512102764776	-0.0150529054691	0.0499908819735	0.0381811395236	-0.0106749635149	-0.0429881449575	0.00621635177843	-0.0270765549701	0.00895302583218	-0.0171256183305	-0.0414572241839	1.0	-0.0180173130906	0.044833583895	-0.0495633524415	0.00277906472515	-0.0488225569233	-0.0319133045311	-0.0922354858572	-0.0228473125456	-0.000105421464089	-0.0099104343246	-0.00811883641411	0.028810328808	-0.0474357414748	-0.0132427754024	0.0300163669839	0.0214121532685	0.00309046138592	0.00894828640253	0.0265150025956	0.0349729714724	0.0566399212319	-0.0335824366	0.0326201273515	0.0305205674218	0.0301342180592	-0.0695109731756	-0.036440596683	-0.0636934691295	-0.00192730345327	0.031081976354	0.0086441790134	-0.0761390737757	-0.00855047997301	-0.00833175443906	0.00811501238042
k__Bacteria;p__Firmicutes;c__Clostridia;o__Clostridiales;f__Oscillospiraceae;g__Oscillibacter;s__Oscillibacter_sp._KLE_1745	-0.0120979060561	0.0433129710957	-0.075685152706	-0.00986214258093	-0.0676547289694	0.00435978214509	-0.00114749254252	-0.0336305364238	-0.0302899749759	-0.0241703819549	-0.00416368463142	0.0338681351319	-0.0164506437025	-0.0274158636205	0.0324313822223	-0.0173390802488	-0.0133507021411	-0.0266882027048	0.00927278601004	-0.0270042370682	0.00669555257625	0.0155270103432	0.0410943995413	-0.0180173130906	1.0	-0.00732237991466	-0.0309055669396	-0.00435999100095	-0.0299049782341	0.020247163975	0.0283944054584	0.014887058126	-0.0276008339605	-0.0293435966815	-0.0405060493728	0.0216766948339	-0.0133549163314	-0.00423229110129	-0.0282662191078	-0.0106321343557	-0.0108643710241	0.00743245253313	0.000926534574592	-0.0257223863144	-0.0259454753093	0.00446028835516	-0.0437017575405	0.00349047786461	0.0285911735794	0.0231065053998	0.0386772154076	-0.0305230577815	-0.0141740523237	0.0655909494196	-0.0905638581979	-0.0252183881459	-0.00224189935491	-0.000353696837925	0.00176062330821
k__Bacteria;p__Bacteroidetes;c__Bacteroidia;o__Bacteroidales;f__Bacteroidaceae;g__Bacteroides;s__Bacteroides_coprophilus	-0.0422072925841	-0.0586609306942	-0.030334695168	-0.0361869871639	0.0795824019817	0.064870562662	0.0332369683978	0.0415666226033	-0.0122729974381	-0.0716015744535	0.0113679564678	0.0397440373326	-0.00097342933613	-0.00634507245026	-0.0625180135145	0.0282593907969	-0.0454713537862	0.00120268070069	-0.0501005125386	-0.0125561627535	-0.0253540211876	-0.0653599878329	0.0180241732808	0.044833583895	-0.00732237991466	1.0	0.0180144714824	-0.00353329390243	0.0592126001687	-0.0135058059986	-0.0330752415297	-0.0136886522078	-0.00678822329535	-0.0576387292631	-0.0334764108299	-0.0209595402079	-0.0178931398413	0.00851755670558	-0.00365561471955	0.00879170655245	-0.0352937922359	-0.0228787224065	-0.00286646648452	0.0177268602014	0.0178477225011	-0.0358953835131	-0.00540202663748	0.0161436304269	-0.0357598761986	-0.0042921876468	-0.0180927914591	-0.0265027463367	-0.0143085624238	-0.01917021658	-0.0118651264511	-0.0155700027955	-0.0288001176802	-0.0360544171821	0.0367757375777
k__Bacteria;p__Firmicutes;c__Clostridia;o__Clostridiales;f__Lachnospiraceae;g__Roseburia;s__Roseburia_intestinalis	0.0365618529389	0.0254343179462	-0.00941309727559	0.00469809700063	0.0399060544354	-0.0288504579131	-0.0296587717993	0.0144209694901	-0.0381886302762	-0.0144029318055	0.00630168958617	-0.0249967345116	-0.0227322115303	0.0411379512056	0.0125091426264	0.0157543167328	0.0220580102709	0.0418805647392	0.0176060249939	-0.0493287888632	0.0461557311207	-0.0354636996646	0.0157300198793	-0.0495633524415	-0.0309055669396	0.0180144714824	1.0	0.0282807654183	-0.00941947218714	0.0281561501574	0.0456045290558	0.0694360980657	0.0539209789034	-0.0405238427156	0.001820527461	-0.00304024460037	-0.0178824802693	-0.0295537220237	-0.0434861717286	0.011528027518	-0.0041956204836	-0.0252355979221	-0.0632804219325	0.0140564212725	0.0150888997743	-0.00840146862187	0.0422925700558	-0.00363366995926	-0.00705239396345	-0.0396291544621	-0.0159972137956	-0.022256094801	-0.0341650499982	-0.0464861171288	-0.00518914668138	0.0156801525077	-0.0105608939101	-0.00491723770854	-0.019461001644
k__Bacteria;p__Firmicutes;c__Clostridia;o__Clostridiales;f__Lachnospiraceae;g__Roseburia;s__Roseburia_hominis	-0.0413888094659	0.0217548454868	0.00688587785726	-0.0141635396639	-0.030845489412	0.000512328126332	0.000272778946733	0.0270667883306	-0.0313192186142	-0.019262104666	-0.00227983161234	-0.0166777213957	-0.00902623889791	-0.0494782547535	-0.00938936201656	0.0447055644081	-0.0449907407493	-0.0120220343434	-0.0357681388361	-0.0511554604688	-0.0167899016405	-0.0595111320985	-0.0566635094588	0.00277906472515	-0.00435999100095	-0.00353329390243	0.0282807654183	1.0	-0.0167503258709	0.012699379992	-0.0487755436983	-0.0234738844422	0.0536583847421	0.0248922223735	0.0107323057365	-0.0296365305943	-0.0252048130941	0.0350503380561	0.0557445760241	-0.0240410526763	0.0230482165247	-0.0105621426361	-0.0118792369068	0.0223972715486	0.0300314712094	0.0545773085689	-0.0799190116573	-0.00645683139828	-0.0596881722348	-0.0233581708245	0.0190132607362	-0.0642049957559	-0.0167171143162	-0.00671071003173	0.0579449980049	0.0279043475184	0.00175901376315	-0.0133345546144	0.0242276107901
k__Bacteria;p__Bacteroidetes;c__Bacteroidia;o__Bacteroidales;f__Porphyromonadaceae;g__Parabacteroides;s__Parabacteroides_johnsonii	0.0403221310086	-0.0123619055809	0.0346713882922	-0.00174946933566	-0.0383300680701	0.0019977081392	0.0401620483979	-0.014613267206	-0.0337762233126	-0.0517271343788	0.021210632898	0.0135124077676	0.0327106414692	-0.0279106187775	0.0190325993766	0.0295586605332	0.0700659917763	-0.0792998736817	0.0299924441404	-0.0432181247057	0.0387203145554	-0.0134218330619	-0.0159439539292	-0.0488225569233	-0.0299049782341	0.0592126001687	-0.00941947218714	-0.0167503258709	1.0	0.0573798255653	-0.0331977690711	-0.00790788284314	-0.0774104317555	-0.0564418085455	-0.0319027319221	-0.0199271242013	-0.0037681845781	-0.018742795039	-0.0209202663512	0.0191452001681	0.00388202943722	-0.0611356861222	-0.0144055392238	0.0280641194541	-0.0577122759442	0.0446087538899	0.00212742241319	-0.0664336359092	-0.0101560475086	-0.00921873357633	-0.000512813182027	-0.0458023066111	0.000374815943569	-0.00855966346108	0.0163942475439	-0.0821283150999	0.0334263492374	-0.012737002212	-0.0235286333305
k__Bacteria;p__Actinobacteria;c__Actinobacteria;o__Bifidobacteriales;f__Bifidobacteriaceae;g__Bifidobacterium;s__Bifidobacterium_longum	0.0139370976641	-0.0325241523392	-0.0401062578046	-0.028824045182	0.0465820946311	0.00871012400082	0.00532147741797	-0.0138250298309	-0.0232616694697	0.0254437210779	-0.0148292058893	0.0540560176801	-0.0100851349019	0.00585016435371	-0.035439117757	-0.031931089531	-0.0253106264836	0.0148445588229	-0.0382745547	0.00618142644109	-0.0288512877241	-0.0868749525292	0.00732419642254	-0.0319133045311	0.020247163975	-0.0135058059986	0.0281561501574	0.012699379992	0.0573798255653	1.0	-0.036904277762	-0.0159541320458	0.0361278491107	-0.00539422067367	-0.0130168498754	0.0293048910315	-0.00568648650866	0.0161662611516	-0.071383711205	-0.0282347456909	0.0242141745797	-0.0308645178372	-0.0588867165074	-0.00213411286754	0.0248528893696	0.0130600792285	0.0456090474561	0.0656734837735	0.038180689908	-0.00617390599815	-0.00168013631904	0.0171715386252	-0.00757443456569	-0.0567683641262	-0.0811778289502	0.00985681516452	-0.016660972737	-0.00528272283899	0.0294828933366
