#taxonomy	k__Bacteria;p__Bacteroidetes;c__Bacteroidia;o__Bacteroidales;f__Bacteroidaceae;g__Bacteroides;s__Bacteroides_vulgatus	k__Bacteria;p__Bacteroidetes;c__Bacteroidia;o__Bacteroidales;f__Bacteroidaceae;g__Bacteroides;s__Bacteroides_uniformis	k__Bacteria;p__Bacteroidetes;c__Bacteroidia;o__Bacteroidales;f__Rikenellaceae;g__Alistipes;s__Alistipes_putredinis	k__Bacteria;p__Bacteroidetes;c__Bacteroidia;o__Bacteroidales;f__Prevotellaceae;g__Prevotella;s__Prevotella_copri	k__Bacteria;p__Bacteroidetes;c__Bacteroidia;o__Bacteroidales;f__Bacteroidaceae;g__Bacteroides;s__Bacteroides_stercoris	k__Bacteria;p__Bacteroidetes;c__Bacteroidia;o__Bacteroidales;f__Bacteroidaceae;g__Bacteroides;s__Bacteroides_ovatus	k__Bacteria;p__Bacteroidetes;c__Bacteroidia;o__Bacteroidales;f__Rikenellaceae;g__Alistipes;s__Alistipes_shahii	k__Bacteria;p__Firmicutes;c__Clostridia;o__Clostridiales;f__Ruminococcaceae;g__Faecalibacterium;s__Faecalibacterium_prausnitzii	k__Bacteria;p__Bacteroidetes;c__Bacteroidia;o__Bacteroidales;f__Rikenellaceae;g__Alistipes;s__Alistipes_finegoldii	k__Bacteria;p__Bacteroidetes;c__Bacteroidia;o__Bacteroidales;f__Porphyromonadaceae;g__Parabacteroides;s__Parabacteroides_distasonis	k__Bacteria;p__Bacteroidetes;c__Bacteroidia;o__Bacteroidales;f__Bacteroidaceae;g__Bacteroides;s__Bacteroides_thetaiotaomicron	k__Bacteria;p__Bacteroidetes;c__Bacteroidia;o__Bacteroidales;f__Bacteroidaceae;g__Bacteroides;s__Bacteroides_coprocola	k__Bacteria;p__Bacteroidetes;c__Bacteroidia;o__Bacteroidales;f__Bacteroidaceae;g__Bacteroides;s__Bacteroides_cellulosilyticus	k__Bacteria;p__Bacteroidetes;c__Bacteroidia;o__Bacteroidales;f__Rikenellaceae;g__Alistipes;s__Alistipes_obesi	k__Bacteria;p__Firmicutes;c__Clostridia;o__Clostridiales;f__Lachnospiraceae;g__;s__[Eubacterium]_rectale	k__Bacteria;p__Bacteroidetes;c__Bacteroidia;o__Bacteroidales;f__Bacteroidaceae;g__Bacteroides;s__Bacteroides_plebeius	k__Bacteria;p__Bacteroidetes;c__Bacteroidia;o__Bacteroidales;f__Bacteroidaceae;g__Bacteroides;s__Bacteroides_fragilis	k__Bacteria;p__Proteobacteria;c__Betaproteobacteria;o__Burkholderiales;f__Sutterellaceae;g__Sutterella;s__Sutterella_wadsworthensis	k__Bacteria;p__Bacteroidetes;c__Bacteroidia;o__Bacteroidales;f__Porphyromonadaceae;g__Barnesiella;s__Barnesiella_intestinihominis	k__Bacteria;p__Bacteroidetes;c__Bacteroidia;o__Bacteroidales;f__Odoribacteraceae;g__Odoribacter;s__Odoribacter_splanchnicus	k__Bacteria;p__Bacteroidetes;c__Bacteroidia;o__Bacteroidales;f__Bacteroidaceae;g__Bacteroides;s__Bacteroides_salyersiae	k__Bacteria;p__Firmicutes;c__Clostridia;o__Clostridiales;f__Ruminococcaceae;g__Ruminiclostridium;s__[Eubacterium]_siraeum	k__Bacteria;p__Proteobacteria;c__Betaproteobacteria;o__Burkholderiales;f__Sutterellaceae;g__Parasutterella;s__Parasutterella_excrementihominis	k__Bacteria;p__Actinobacteria;c__Actinobacteria;o__Bifidobacteriales;f__Bifidobacteriaceae;g__Bifidobacterium;s__Bifidobacterium_adolescentis	k__Bacteria;p__Firmicutes;c__Clostridia;o__Clostridiales;f__Oscillospiraceae;g__Oscillibacter;s__Oscillibacter_sp._KLE_1745	k__Bacteria;p__Bacteroidetes;c__Bacteroidia;o__Bacteroidales;f__Bacteroidaceae;g__Bacteroides;s__Bacteroides_coprophilus	k__Bacteria;p__Firmicutes;c__Clostridia;o__Clostridiales;f__Lachnospiraceae;g__Roseburia;s__Roseburia_intestinalis	k__Bacteria;p__Firmicutes;c__Clostridia;o__Clostridiales;f__Lachnospiraceae;g__Roseburia;s__Roseburia_hominis	k__Bacteria;p__Bacteroidetes;c__Bacteroidia;o__Bacteroidales;f__Porphyromonadaceae;g__Parabacteroides;s__Parabacteroides_johnsonii	k__Bacteria;p__Actinobacteria;c__Actinobacteria;o__Bifidobacteriales;f__Bifidobacteriaceae;g__Bifidobacterium;s__Bifidobacterium_longum	k__Bacteria;p__Firmicutes;c__Clostridia;o__Clostridiales;f__;g__Flavonifractor;s__Flavonifractor_plautii	k__Bacteria;p__Firmicutes;c__Clostridia;o__Clostridiales;f__Clostridiaceae;g__Clostridium;s__Clostridium_phoceensis	k__Bacteria;p__Verrucomicrobia;c__Verrucomicrobiae;o__Verrucomicrobiales;f__Akkermansiaceae;g__Akkermansia;s__Akkermansia_muciniphila	k__Bacteria;p__Bacteroidetes;c__Bacteroidia;o__Bacteroidales;f__Prevotellaceae;g__Paraprevotella;s__Paraprevotella_xylaniphila	k__Bacteria;p__Firmicutes;c__Clostridia;o__Clostridiales;f__Ruminococcaceae;g__Ruminococcus;s__Ruminococcus_callidus	k__Bacteria;p__Bacteroidetes;c__Bacteroidia;o__Bacteroidales;f__Rikenellaceae;g__Alistipes;s__Alistipes_senegalensis	k__Bacteria;p__Firmicutes;c__Clostridia;o__Clostridiales;f__Lachnospiraceae;g__Blautia;s__Blautia_sp._KLE_1732	k__Bacteria;p__Bacteroidetes;c__Bacteroidia;o__Bacteroidales;f__Bacteroidaceae;g__Bacteroides;s__Bacteroides_oleiciplenus	k__Bacteria;p__Firmicutes;c__Clostridia;o__Clostridiales;f__Ruminococcaceae;g__Ruminococcus;s__Ruminococcus_bicirculans	k__Bacteria;p__Bacteroidetes;c__Bacteroidia;o__Bacteroidales;f__Bacteroidaceae;g__Bacteroides;s__Bacteroides_fluxus	k__Bacteria;p__Bacteroidetes;c__Bacteroidia;o__Bacteroidales;f__Prevotellaceae;g__Prevotella;s__Prevotella_stercorea	k__Bacteria;p__Firmicutes;c__Clostridia;o__Clostridiales;f__Lachnospiraceae;g__Dorea;s__Dorea_longicatena	k__Bacteria;p__Firmicutes;c__Clostridia;o__Clostridiales;f__Eubacteriaceae;g__Eubacterium;s__[Eubacterium]_eligens	k__Bacteria;p__Firmicutes;c__Clostridia;o__Clostridiales;f__Ruminococcaceae;g__;s__Ruminococcaceae_bacterium_D16	k__Bacteria;p__Firmicutes;c__Clostridia;o__Clostridiales;f__Lachnospiraceae;g__Coprococcus;s__Coprococcus_comes	k__Bacteria;p__Proteobacteria;c__Gammaproteobacteria;o__Enterobacterales;f__Enterobacteriaceae;g__Escherichia;s__Escherichia_coli	k__Bacteria;p__Firmicutes;c__Clostridia;o__Clostridiales;f__Ruminococcaceae;g__Anaerotruncus;s__Anaerotruncus_colihominis	k__Bacteria;p__Firmicutes;c__Clostridia;o__Clostridiales;f__Lachnospiraceae;g__Blautia;s__Blautia_obeum	k__Bacteria;p__Bacteroidetes;c__Bacteroidia;o__Bacteroidales;f__Odoribacteraceae;g__Odoribacter;s__Odoribacter_laneus	k__Bacteria;p__Firmicutes;c__Clostridia;o__Clostridiales;f__Ruminococcaceae;g__Ruminiclostridium;s__[Clostridium]_leptum	k__Bacteria;p__Bacteroidetes;c__Bacteroidia;o__Bacteroidales;f__Porphyromonadaceae;g__Parabacteroides;s__Parabacteroides_goldsteinii	k__Bacteria;p__Firmicutes;c__Clostridia;o__Clostridiales;f__Lachnospiraceae;g__Anaerostipes;s__Anaerostipes_hadrus	k__Bacteria;p__Firmicutes;c__Clostridia;o__Clostridiales;f__Ruminococcaceae;g__Ruminococcus;s__Ruminococcus_lactaris	k__Bacteria;p__Firmicutes;c__Clostridia;o__Clostridiales;f__Clostridiaceae;g__Clostridium;s__Clostridium_sp._L2-50	k__Bacteria;p__Firmicutes;c__Clostridia;o__Clostridiales;f__Clostridiaceae;g__Clostridium;s__Clostridium_sp._M62/1	k__Bacteria;p__Firmicutes;c__Clostridia;o__Clostridiales;f__;g__Intestinimonas;s__Intestinimonas_butyriciproducens	k__Bacteria;p__Actinobacteria;c__Actinobacteria;o__Bifidobacteriales;f__Bifidobacteriaceae;g__Bifidobacterium;s__Bifidobacterium_bifidum	k__Bacteria;p__Firmicutes;c__Negativicutes;o__Veillonellales;f__Veillonellaceae;g__Dialister;s__Dialister_invisus	k__Bacteria;p__Bacteroidetes;c__Bacteroidia;o__Bacteroidales;f__Bacteroidaceae;g__Bacteroides;s__Bacteroides_salanitronis
k__Bacteria;p__Bacteroidetes;c__Bacteroidia;o__Bacteroidales;f__Bacteroidaceae;g__Bacteroides;s__Bacteroides_vulgatus	1.0	0.0245970679129	0.01699052958	-0.0205021274066	-0.000801171052805	0.00458691715272	0.0303183293912	0.00805557660779	-0.00391310382628	0.0428119994384	-0.00358992276623	0.0262258723971	-0.0298890284413	0.0307377606536	0.0266326815092	-0.024382556905	0.0142864551854	-0.015348361542	-0.0375697502064	-0.0437997506353	0.00358810439245	-0.0367517698789	-0.0012541145375	0.0184271851161	0.0287127471901	-0.061881441036	0.0357848381751	-0.0385714548884	0.0174620428292	-0.0537883410025	-0.0229070704802	0.0327134728354	-0.0775121048084	-0.0460710043776	0.0271699280771	-0.0140726444424	-0.0238858534631	0.0446402197585	-0.0522734705625	0.00101612608539	-0.0324513115778	0.00455632157687	-0.0303771802655	0.0431681555207	0.00831618375768	-0.0154743868146	0.0063709457289	-0.0204132258988	0.00314816056049	0.0388119587862	-0.0231505777554	-0.00317716280876	-0.0785306838211	-0.00642591778708	-0.0536767850983	0.0249118613581	-0.0227373761677	-0.0762607474153	-0.0118797702091
k__Bacteria;p__Bacteroidetes;c__Bacteroidia;o__Bacteroidales;f__Bacteroidaceae;g__Bacteroides;s__Bacteroides_uniformis	0.0245970679129	1.0	-0.0248376222042	-0.0170902146369	0.0126052254896	-0.0360106829682	-0.038293685077	0.020546604624	-0.0914620881659	0.0286413439402	-0.0298240573589	0.0348545420086	0.00104850235134	-0.0327924912989	-0.0211195315521	-0.0161580398661	-0.00647362752628	0.0227466770741	0.00236136619203	0.00694799540267	-0.00398426077488	0.0770491901106	0.0459729522493	0.00310553447209	0.00090040232624	0.0113535187596	-0.0280869966717	-0.0202672019602	-0.014503461807	0.00968487594228	-0.0422525008324	-0.0120013178402	0.0623573745857	-0.0294089287892	-0.0250195476609	0.0107504558151	0.00216024675993	-0.04619253791	-0.0278376191809	0.0276958449486	0.00398051249784	-0.00325936085547	0.0116630341376	-0.00460946841484	-0.0146248981752	-0.000817796974221	-0.0694048958783	-0.0047850700369	-0.0039479049318	-0.0038526719659	0.0411344091426	-0.0647055154167	-0.017616894959	0.0327243892663	-0.0119164732774	-0.0207060697669	0.00701890325124	-3.6538729226e-05	0.0341750183887
k__Bacteria;p__Bacteroidetes;c__Bacteroidia;o__Bacteroidales;f__Rikenellaceae;g__Alistipes;s__Alistipes_putredinis	0.01699052958	-0.0248376222042	1.0	-0.0387690389221	0.00919220581487	-0.00337290479733	-0.0569876696688	-0.0229657459488	-0.0461702195993	-0.018132241572	-0.00642786071323	-0.0358650245168	-0.0155952743803	0.0211005721058	0.0285840579247	-0.0152717001695	-0.0724371042922	0.0580402514946	0.012131707026	0.0115868168387	-0.0562656175956	0.00421038601819	-0.0888563882209	0.0070268803597	0.0114843153085	0.0521343672793	-0.0126752403168	0.0108913302485	0.0275982383868	-0.00508219485962	0.0269040920792	-0.0417342251182	0.0219007514491	-0.0295899266413	0.0112154489016	-0.00987457115077	-0.0431364034893	-0.0383019277299	-0.00152061685533	0.00993283615729	0.0535420971951	0.0567185840091	-0.00577570691716	0.00207218114232	-0.0249353484937	0.0335226594366	-0.0396178371573	-0.0226435245343	-0.0241532591862	-0.0767598720371	0.0166886954549	0.0101069729895	0.00871460914755	-0.00225635795424	-0.0259095236755	-0.0452661674832	-0.0212862087864	0.0189475635041	-0.0399988843784
k__Bacteria;p__Bacteroidetes;c__Bacteroidia;o__Bacteroidales;f__Prevotellaceae;g__Prevotella;s__Prevotella_copri	-0.0205021274066	-0.0170902146369	-0.0387690389221	1.0	-0.0465577037432	0.0277069076781	-0.00216346555934	-0.00177464130244	-0.00207468669917	0.0145455082143	-0.00302389647088	-0.0282608621086	-0.0230136010228	-0.0473839367393	-0.000701498920547	-0.0174758355496	-0.000829706654194	0.015046672789	-0.0482000658075	0.0410267126437	-0.0388516164231	0.0184681348659	0.0237238929159	0.0336763162907	0.0114002376227	-0.0815848781906	0.0111158700473	-0.00038744119073	-0.0158520310784	-0.0542855789591	0.0196210328468	0.0267759017351	-0.0323342767739	-0.0370763947258	0.0242644961543	-0.0400459754	-0.00202423657525	-0.0146652087061	-0.00352204036063	0.0358013128891	-0.0557468202936	0.0429774257388	0.00828593757314	-0.00334885754131	-0.00959712361014	-0.0376133469002	0.0175365799523	-0.00119514908291	0.0628116823609	-0.0681545110119	0.00694741376023	-0.02267358209	-0.0260268503987	0.00682540507113	0.00883223343911	0.00943799042359	0.0382108395832	-0.0228915817381	-0.0219542699335
k__Bacteria;p__Bacteroidetes;c__Bacteroidia;o__Bacteroidales;f__Bacteroidaceae;g__Bacteroides;s__Bacteroides_stercoris	-0.000801171052805	0.0126052254896	0.00919220581487	-0.0465577037432	1.0	0.0362392149148	-0.00968044738232	-0.0515080250501	0.0309313966619	-0.0234460704421	-0.103655816914	0.0316426004951	-0.0505644471066	0.0337313432751	0.00945741009028	-0.0403136809734	-0.047779409637	-0.00197872700589	-0.0270182943005	-0.0221246751819	0.016981021676	-0.0076741698099	-0.00731565544792	-0.0250774106341	0.0161334144138	-0.00104419550272	-0.0366695476108	0.00356866279557	-0.0487081438301	0.0496154751454	0.00359462919929	0.0178830519144	0.0537996490286	0.00890496639621	-0.0228144452385	-0.0414589361741	-0.0602458582286	0.0377874690792	-0.00842115395184	-0.0263103935219	-0.0202554601045	-0.0189331484193	-0.0198894335382	-0.0778145010958	0.00570335465792	0.0183971015993	0.00400237196261	-0.0102872958498	0.0516658767538	0.00188166286117	-0.0278061672979	-0.0078614969528	-0.00380333265586	-0.0263076185093	0.0426981528572	-0.0136437766645	-0.0343980740041	0.000218985187687	-0.0379509998164
k__Bacteria;p__Bacteroidetes;c__Bacteroidia;o__Bacteroidales;f__Bacteroidaceae;g__Bacteroides;s__Bacteroides_ovatus	0.00458691715272	-0.0360106829682	-0.00337290479733	0.0277069076781	0.0362392149148	1.0	-0.0552460557506	0.00275169044517	0.0347691257012	-0.0288612311244	0.0400592405282	-0.0335860599895	0.0143364962973	0.00808076306232	0.00794728691599	0.00170863015419	0.00606121200423	-0.0496524418742	-0.0292171989045	0.00432761588898	0.0135685322696	-0.0452993472118	0.00510191823617	0.0331563825396	0.0160483755336	-0.0464033742113	-0.00422230259761	0.0182309679368	-0.0677462113045	-0.0297736980012	0.0340309862477	0.020581485494	-0.0029128169903	-0.0142366127527	0.0134151236693	-0.070178158539	0.0136179390677	0.0096181663246	-0.0157598545304	-0.0149755171446	-0.00766897322626	0.0266892566946	0.00022348594842	-0.0389003173502	-0.0570587537103	0.0513606662656	-0.0180869879237	-0.00603986279041	0.0147083074732	-0.0276453274617	0.0296576568838	-0.0704388054739	0.00786392193158	0.00273087512114	0.0244053232691	-0.0143226115563	0.0194025917338	-0.0242323029107	0.0447258799692
k__Bacteria;p__Bacteroidetes;c__Bacteroidia;o__Bacteroidales;f__Rikenellaceae;g__Alistipes;s__Alistipes_shahii	0.0303183293912	-0.038293685077	-0.0569876696688	-0.00216346555934	-0.00968044738232	-0.0552460557506	1.0	-0.0516924565022	0.0421023106542	0.0155390155476	-0.0389084606213	-0.0594132569819	-0.0464422942881	-0.040769750139	0.0294541768977	-0.0519070559151	-0.0203369500381	-0.0428759681587	-0.0330701446606	0.0143145728963	0.00272573406472	-0.000400594882214	0.00927578142321	-0.0156803153739	-0.00502340427834	-0.0119488398997	-0.0642039748427	-0.0299496450281	0.017567213095	0.000706614463845	-0.0202030740539	0.0031921976844	0.0581612607666	0.00555887867856	-0.0199248486315	-0.0319092427515	-0.0133231432446	-0.0491337046323	-0.0765672148593	-0.0161758115144	-0.00143064959323	0.00537694326696	0.0913309145378	0.0327899963343	0.018958048175	0.0414532390094	0.00176596463642	0.0171807523858	0.00416738668176	-0.0419910474337	0.0362078545013	0.0483656805007	-0.0255227737516	-0.0288041132413	0.0156311399006	-0.0102553739842	0.0382273288125	-0.0302473742422	-0.0265652660756
k__Bacteria;p__Firmicutes;c__Clostridia;o__Clostridiales;f__Ruminococcaceae;g__Faecalibacterium;s__Faecalibacterium_prausnitzii	0.00805557660779	0.020546604624	-0.0229657459488	-0.00177464130244	-0.0515080250501	0.00275169044517	-0.0516924565022	1.0	0.0100004264373	-0.0758069352333	0.046021517332	-0.0649001214473	-0.0150910605402	0.000883296449085	0.0193561379887	0.0263653263938	-0.0363486856857	0.0605183328695	-0.0262674394321	-0.017554305373	-0.00493196804796	-0.051258231231	0.0218671010008	0.025516050024	-0.00143657280028	0.0234680677451	-0.0157592856273	-0.0150405436607	0.00986372488473	-0.0578304229777	-0.00488122087304	0.014767369473	0.0265384109183	0.0325272023297	-0.0443196631884	-0.00436905635352	0.0636946764047	-0.0481134008984	0.0162850876889	-0.0217376430192	-0.0206331280462	0.0229761531023	0.0373295695892	-0.0107373107222	-0.00794479098518	0.005747713189	-0.0755530650882	-0.0161554910662	-0.0659733851793	-0.0315745679855	0.00855644347336	-0.0783426707962	-0.0169306860398	0.0308846935574	-0.0264194847692	0.00716091606955	0.0519561690229	-0.0873275306005	-0.0229061902528
k__Bacteria;p__Bacteroidetes;c__Bacteroidia;o__Bacteroidales;f__Rikenellaceae;g__Alistipes;s__Alistipes_finegoldii	-0.00391310382628	-0.0914620881659	-0.0461702195993	-0.00207468669917	0.0309313966619	0.0347691257012	0.0421023106542	0.0100004264373	1.0	-0.0232610370497	-0.0253073680488	0.0239433916553	-0.0222725003581	-0.00140215028881	-0.0238273275284	-0.0228868444212	0.043926578965	-0.0201047376856	-0.0615627120516	-0.0178300055085	-0.0839684064248	-0.0630512454368	-0.0398907571767	-0.0391727247652	0.00535652263563	0.0385658060495	0.00252784447526	-0.0257314680799	-0.00892125758207	-0.0536823421586	0.0332032249387	0.0572363206143	0.00244963952539	0.0357599992883	0.00654987171924	-0.0443314426654	0.0467551524465	-0.0130083914268	0.0315575705487	-0.0259697998778	-0.0280701377962	-0.0117247943346	0.0269965561059	0.0323721577516	0.00924939517543	0.0200296191286	-0.0193719468097	-0.0106825979465	0.0307003256215	-0.0216513443854	0.0328048104229	0.0290304795383	-0.00671144323666	-0.0655026946845	-0.0289351610139	-0.0672604921046	0.0133305506269	-0.00868444646188	-0.0165535757855
k__Bacteria;p__Bacteroidetes;c__Bacteroidia;o__Bacteroidales;f__Porphyromonadaceae;g__Parabacteroides;s__Parabacteroides_distasonis	0.0428119994384	0.0286413439402	-0.018132241572	0.0145455082143	-0.0234460704421	-0.0288612311244	0.0155390155476	-0.0758069352333	-0.0232610370497	1.0	-0.0259528942659	-0.0258314996028	-0.0464876421648	-0.015780158101	0.00754546017006	-0.0853447228043	-0.0311651731897	-0.00616036723746	-0.0785879960606	-0.013281431383	-0.0456594428588	0.0299772191106	0.00108651032981	-0.00866246459908	0.0411664669921	0.0288800522885	-0.00176742744649	-0.0365251394349	-0.01576103847	-0.053953420955	0.000312813059218	-0.0308195332639	-0.0425998188576	0.0259652724971	0.031990841468	-0.0239768175666	-0.035758120375	0.00304166548886	-0.0133057402076	0.0382469147704	-0.0129896350373	0.033531931871	-0.0739602506363	0.000583531262586	0.000684797472259	-0.0327001999576	-0.014558497415	-0.0338621297278	-0.0223575349874	0.00308782384729	0.00574014508302	0.0180013614644	-0.0341291750327	-0.0535502475729	-0.0481801549632	-0.00542381715099	-0.0490773702464	-0.0540231157035	-0.00688391079419
k__Bacteria;p__Bacteroidetes;c__Bacteroidia;o__Bacteroidales;f__Bacteroidaceae;g__Bacteroides;s__Bacteroides_thetaiotaomicron	-0.00358992276623	-0.0298240573589	-0.00642786071323	-0.00302389647088	-0.103655816914	0.0400592405282	-0.0389084606213	0.046021517332	-0.0253073680488	-0.0259528942659	1.0	-0.123559868969	0.0113463636687	-0.0369297616905	0.025157387935	0.0176114328923	0.0201513930624	-0.0383249258199	0.034659567116	-0.0183409447969	-0.0281994611208	0.0412288640931	-0.0808345558693	0.0158704198673	-0.0355949935795	-0.0423503262295	-0.00630648554015	-0.00727664819993	0.0189656101788	-0.0240023203428	0.00665926396955	-0.0297914822332	-0.00148969053322	-0.0503385484107	-0.0410982097108	-0.0632453585708	-0.0525712144632	-0.0735509824064	0.0459788103648	0.0463806833767	-0.0640289804005	-0.0140942646076	0.102471577458	0.041970268335	0.0488235046266	-0.00740059086959	0.0601679340421	0.00661425074864	-0.014939207391	-0.0247829996273	0.00684481591747	0.0396525388	-0.020682038414	-0.00301573334771	0.00752330722523	-0.0490466550513	0.00704347027405	-0.0311823490296	0.0376089524357
k__Bacteria;p__Bacteroidetes;c__Bacteroidia;o__Bacteroidales;f__Bacteroidaceae;g__Bacteroides;s__Bacteroides_coprocola	0.0262258723971	0.0348545420086	-0.0358650245168	-0.0282608621086	0.0316426004951	-0.0335860599895	-0.0594132569819	-0.0649001214473	0.0239433916553	-0.0258314996028	-0.123559868969	1.0	-0.00221383502047	0.0113868130337	0.0365465745745	0.0373839617388	-0.0034393723595	-0.0212105972269	-0.00971917618663	0.00750290768387	0.0319824766119	-0.00310012731854	0.023013432537	0.0187082384371	-0.0216243029371	-0.0223537201975	-0.00350892063665	0.0259844427865	-0.0316265584007	0.00748727560101	-0.0209293193992	0.034621998541	-0.0375079978824	-0.0843290251098	-0.0244128241988	0.0435423999987	0.0446642062887	-0.0168556224399	-0.0297693313377	-0.0110313461894	3.8311371256e-05	0.0370864748398	-0.0586335728126	-0.0335056138722	-0.0218439847833	0.0169693040115	-0.00412003298177	-0.0375242166015	0.0180193465444	-0.0613225114842	-0.00169974344143	-0.0969120196718	0.0344639264093	0.0306086150319	-0.0160723949008	0.0159883009428	-0.040123905672	0.00314869374596	-0.0298775051423
k__Bacteria;p__Bacteroidetes;c__Bacteroidia;o__Bacteroidales;f__Bacteroidaceae;g__Bacteroides;s__Bacteroides_cellulosilyticus	-0.0298890284413	0.00104850235134	-0.0155952743803	-0.0230136010228	-0.0505644471066	0.0143364962973	-0.0464422942881	-0.0150910605402	-0.0222725003581	-0.0464876421648	0.0113463636687	-0.00221383502047	1.0	0.0158217990112	0.000447566909236	0.027034625135	-0.0133737135022	0.0132511390568	-0.0352911215424	-0.0804186832148	0.0253234682493	0.0424031720442	0.0141772728151	-0.0385301344655	0.0267753723973	0.0718243198955	-0.0205064708176	0.00531140368785	-0.0174187429131	0.00571743986456	0.0177383537204	-3.30724891742e-05	-0.0412128531757	0.00270810377018	0.0411102299295	0.0320116015929	-0.0207799705884	-0.0283479118714	0.02986234871	0.0318073786974	-0.0507259051466	-0.00850434084844	-0.0369470006173	0.047897480591	-0.0224431001866	0.0257105595701	0.0248211231671	-0.0190671152833	-0.0512852035563	-0.0434657714741	0.0162904663168	0.00568334200005	-0.0325402804146	-0.0194453349103	0.015925823288	-0.0535932932562	0.0370657973885	-0.0854413995879	0.00228520419915
k__Bacteria;p__Bacteroidetes;c__Bacteroidia;o__Bacteroidales;f__Rikenellaceae;g__Alistipes;s__Alistipes_obesi	0.0307377606536	-0.0327924912989	0.0211005721058	-0.0473839367393	0.0337313432751	0.00808076306232	-0.040769750139	0.000883296449085	-0.00140215028881	-0.015780158101	-0.0369297616905	0.0113868130337	0.0158217990112	1.0	0.0137513442468	0.0451785709645	-0.0157910714363	-0.0821801194312	0.0250751982782	-0.0127919915859	-0.0424256205532	-0.0106250583035	0.0703370167006	-0.0378397301491	-0.00311008777567	0.0313062296484	-0.0295545093288	-0.0279855698852	0.00325299588524	0.00985270709115	0.0497736874275	0.0318465052956	-0.0626067153423	-0.0778645620605	0.0118307883874	0.0161017950615	0.0233582100427	-0.0061982808867	-0.00751632596338	-0.032588894294	-0.0129110056425	0.0418702154233	0.0106988447582	-0.00282233017521	0.0367394523039	-0.0501392453324	-0.0194133425319	0.0357576181696	-0.0353375952976	0.0459167857246	0.0116642625584	-0.0466878808902	0.0187155366047	0.000442251286728	-0.0731240537269	-0.0491931106317	-0.00487912482553	-0.0627389096696	0.0145383582592
k__Bacteria;p__Firmicutes;c__Clostridia;o__Clostridiales;f__Lachnospiraceae;g__;s__[Eubacterium]_rectale	0.0266326815092	-0.0211195315521	0.0285840579247	-0.000701498920547	0.00945741009028	0.00794728691599	0.0294541768977	0.0193561379887	-0.0238273275284	0.00754546017006	0.025157387935	0.0365465745745	0.000447566909236	0.0137513442468	1.0	-0.00379595699853	-0.0457929292671	-0.0332317913308	-0.0615587002489	-0.034626513309	0.00129803719394	-0.0319802216303	-0.0155108079504	-0.0664234285249	0.0401099990615	-0.0335354128132	0.0606094988826	0.00404012260122	0.0546946980712	0.00751357967368	0.0424063561535	0.00853490533277	0.0428896430652	-0.0634655893858	-0.00514804017829	0.0150502953366	-0.0153976663908	-0.0505047560791	-0.0556533631727	0.012326987626	0.00936765990491	0.0110982048613	-0.0598212762301	-0.0557310174777	-0.0402789726444	-0.0672063617272	0.00674604073387	0.0235525560977	-0.0419155184031	-0.015048500087	-0.0186571710671	0.0519665094352	-0.011834729481	-0.00389615858532	0.0186714132101	0.0224822350816	-0.0109282159255	-0.103814041769	0.0185858524552
k__Bacteria;p__Bacteroidetes;c__Bacteroidia;o__Bacteroidales;f__Bacteroidaceae;g__Bacteroides;s__Bacteroides_plebeius	-0.024382556905	-0.0161580398661	-0.0152717001695	-0.0174758355496	-0.0403136809734	0.00170863015419	-0.0519070559151	0.0263653263938	-0.0228868444212	-0.0853447228043	0.0176114328923	0.0373839617388	0.027034625135	0.0451785709645	-0.00379595699853	1.0	0.0347938588972	-0.0477506411807	0.00739066197097	0.0078028787571	0.0343353071348	0.0102358400399	0.0148166891431	0.0152478370201	-0.0265482603287	0.0213805100573	-0.0472963991886	0.0527219047909	-0.00704286825336	0.0209983640363	-0.0724412136151	-0.0200113626102	-0.06812804952	0.00966429863259	-0.0642967003466	-0.018153105547	0.000583215796696	-0.00535796818868	-0.00100426277782	0.00573253503206	0.0160576487224	0.0331292582563	0.0372850301805	0.0319301933973	0.00664314127452	-0.0260992322479	0.0167599870844	-0.0215777187549	-0.0557017347646	-0.0596746351553	-0.018751380758	0.0124556415297	0.0173685264924	-0.026299718766	-0.0166409172789	0.0857236486539	-0.0939100964348	-0.0317449425409	-0.025255249792
k__Bacteria;p__Bacteroidetes;c__Bacteroidia;o__Bacteroidales;f__Bacteroidaceae;g__Bacteroides;s__Bacteroides_fragilis	0.0142864551854	-0.00647362752628	-0.0724371042922	-0.000829706654194	-0.047779409637	0.00606121200423	-0.0203369500381	-0.0363486856857	0.043926578965	-0.0311651731897	0.0201513930624	-0.0034393723595	-0.0133737135022	-0.0157910714363	-0.0457929292671	0.0347938588972	1.0	0.0403832037521	-0.0174210872697	-0.00426630765775	-0.0114248833231	-0.0227267082425	0.00726771465301	0.00259119633057	-0.0555195593023	-0.000372918630165	0.0230179871038	0.00650241544907	-0.0201535512547	0.000850350666494	-0.00985537052675	-0.0382512454914	0.0535476621745	0.00996392791061	-0.0149289989852	-0.0191093548137	0.0347800015226	-0.0337050166144	-0.0363204822673	-0.0424271601325	-0.0158832412258	-0.0176136237633	-0.0880725058796	-0.00405470480484	0.0261922446774	0.00367247849584	-0.0351701210993	-0.0234757883443	-0.0363325121739	-0.02997986316	-0.0112932436889	0.0391993190403	0.00092662786592	-0.00943519270639	0.00704274819828	-0.0299772415891	-0.0470941243944	0.0157671104748	-0.0625013373497
k__Bacteria;p__Proteobacteria;c__Betaproteobacteria;o__Burkholderiales;f__Sutterellaceae;g__Sutterella;s__Sutterella_wadsworthensis	-0.015348361542	0.0227466770741	0.0580402514946	0.015046672789	-0.00197872700589	-0.0496524418742	-0.0428759681587	0.0605183328695	-0.0201047376856	-0.00616036723746	-0.0383249258199	-0.0212105972269	0.0132511390568	-0.0821801194312	-0.0332317913308	-0.0477506411807	0.0403832037521	1.0	-0.0761505316912	-0.0644980558779	0.0287465655648	-0.0509309575757	-0.00955022612797	-0.030289874827	-0.00486778335723	-0.0705240169039	0.00192415509094	-0.0280931297816	0.0305402389696	0.0203552199797	-0.0303526761852	-0.0170245674273	-0.028938088306	0.0474181925694	0.0114044864227	-0.0309437718598	0.0283333164571	-0.00849479168066	0.00899706474438	0.0288646127638	0.00370380864948	-0.0520519565796	-0.0168031935638	-0.00989907432049	0.0170563273691	0.0397773896134	0.0572262795189	-0.00208483707792	-0.0242834470523	-0.0203307185216	0.0458033919908	-0.0271336940972	-0.0304776250654	-0.0163011202546	-0.0323379036279	0.0243943406575	-0.0463009582393	0.0102731871524	0.00363679951227
k__Bacteria;p__Bacteroidetes;c__Bacteroidia;o__Bacteroidales;f__Porphyromonadaceae;g__Barnesiella;s__Barnesiella_intestinihominis	-0.0375697502064	0.00236136619203	0.012131707026	-0.0482000658075	-0.0270182943005	-0.0292171989045	-0.0330701446606	-0.0262674394321	-0.0615627120516	-0.0785879960606	0.034659567116	-0.00971917618663	-0.0352911215424	0.0250751982782	-0.0615587002489	0.00739066197097	-0.0174210872697	-0.0761505316912	1.0	-0.0132390093566	-0.0164953986316	-0.0345154302799	0.11263321598	-0.0285354308971	-0.0175480874152	-0.0312696178283	-0.00983994421938	-0.0344870388128	-0.0604566627021	-0.0280644530603	0.013282021853	-0.0286455128769	-0.0495041510057	-0.0525977996196	-0.0191610926836	0.0298405565247	-0.0459370025578	-0.0299102460049	0.0262950378891	0.021461469808	0.0210257608848	0.0602921793819	-0.00845415415357	0.0374872164167	0.0176875036347	0.0212130540947	-0.0438227092371	0.000516696591565	-0.028265443714	-0.023852227613	0.000200071370507	-0.0119741739079	0.0379091838828	0.00995418495931	0.00305876587401	0.0324294296162	0.0413352548968	0.0340914060062	0.05873868165
k__Bacteria;p__Bacteroidetes;c__Bacteroidia;o__Bacteroidales;f__Odoribacteraceae;g__Odoribacter;s__Odoribacter_splanchnicus	-0.0437997506353	0.00694799540267	0.0115868168387	0.0410267126437	-0.0221246751819	0.00432761588898	0.0143145728963	-0.017554305373	-0.0178300055085	-0.013281431383	-0.0183409447969	0.00750290768387	-0.0804186832148	-0.0127919915859	-0.034626513309	0.0078028787571	-0.00426630765775	-0.0644980558779	-0.0132390093566	1.0	-0.0599857159288	0.0298145341482	-0.0153635710496	-0.00280124570461	-0.0229913542758	0.00242694314527	-0.0138679480895	0.00328895581235	-0.0598451803272	-0.0300443358783	0.0122273859828	0.0036370324408	-0.0529651492342	-0.0207141819985	-0.0224018367877	0.0170061630069	-0.00817275993644	-0.0112825076051	0.0643928642959	-0.0659904796845	0.00391293283919	-0.00151784321292	-0.0143520559637	0.0366565708827	-0.0633033650221	-0.00441562675146	-0.00689247850714	-0.058196859574	0.0173267737582	0.00309519054691	-0.0285567751123	0.0181679744932	0.0399058575361	-0.0607269350614	0.0326170858058	-0.0163483137213	-0.00364331603113	0.0460527342674	-0.0523945382143
k__Bacteria;p__Bacteroidetes;c__Bacteroidia;o__Bacteroidales;f__Bacteroidaceae;g__Bacteroides;s__Bacteroides_salyersiae	0.00358810439245	-0.00398426077488	-0.0562656175956	-0.0388516164231	0.016981021676	0.0135685322696	0.00272573406472	-0.00493196804796	-0.0839684064248	-0.0456594428588	-0.0281994611208	0.0319824766119	0.0253234682493	-0.0424256205532	0.00129803719394	0.0343353071348	-0.0114248833231	0.0287465655648	-0.0164953986316	-0.0599857159288	1.0	-0.00828119995835	0.0276462240054	-0.0462244702899	0.0232899615797	0.00673807212619	-0.015356963679	-0.0487588675693	-0.00514749269042	-0.000640089788408	0.0400826052817	-0.0116567125564	-0.0682209272453	-0.0172231407027	0.0129300995129	-0.00486903664878	-0.000442291192722	0.0012603709417	-0.000296352068666	-0.0208143298976	0.0148318201532	-0.0228708593486	0.0128603868395	-0.0149933173691	-0.0288479328175	-0.0324573537002	0.0188225377123	-0.00364484005384	-0.0199670072971	-0.0280897449534	0.0180200542374	0.0171443743459	-0.029336916387	0.0256216121859	0.0797513717451	0.00856594479674	-0.0464326867177	0.0166984180765	0.0311864336695
k__Bacteria;p__Firmicutes;c__Clostridia;o__Clostridiales;f__Ruminococcaceae;g__Ruminiclostridium;s__[Eubacterium]_siraeum	-0.0367517698789	0.0770491901106	0.00421038601819	0.0184681348659	-0.0076741698099	-0.0452993472118	-0.000400594882214	-0.051258231231	-0.0630512454368	0.0299772191106	0.0412288640931	-0.00310012731854	0.0424031720442	-0.0106250583035	-0.0319802216303	0.0102358400399	-0.0227267082425	-0.0509309575757	-0.0345154302799	0.0298145341482	-0.00828119995835	1.0	0.0352852793146	0.0219427539201	0.0137496299231	0.0224151693232	0.00493959124349	0.0428156000544	0.0113117535403	-0.051329189245	-0.0629484068513	0.0297477451032	0.0183421449309	0.0436624336016	-0.0207860777001	0.0249414619782	-0.00620028756407	0.00288289317012	0.0273830069706	-0.0170962739958	0.00947879411966	-0.0530530816824	-0.0626903394531	-0.0622362080294	-0.00390182059778	0.0338394301794	-0.0483655781516	0.0240641177672	-0.0341471725358	-0.019118136131	0.0167677859749	-0.033552994111	-0.00212649090883	-0.0191848313617	-0.0251869564629	-0.0412563606887	-0.0201057999605	-0.101995612066	-0.011648800658
k__Bacteria;p__Proteobacteria;c__Betaproteobacteria;o__Burkholderiales;f__Sutterellaceae;g__Parasutterella;s__Parasutterella_excrementihominis	-0.0012541145375	0.0459729522493	-0.0888563882209	0.0237238929159	-0.00731565544792	0.00510191823617	0.00927578142321	0.0218671010008	-0.0398907571767	0.00108651032981	-0.0808345558693	0.023013432537	0.0141772728151	0.0703370167006	-0.0155108079504	0.0148166891431	0.00726771465301	-0.00955022612797	0.11263321598	-0.0153635710496	0.0276462240054	0.0352852793146	1.0	0.00572430521336	0.00446608177281	0.00734653996762	-0.074014028927	-0.0168669201602	-0.00238304559615	0.0143966262678	-0.0296297916991	-0.0421251541086	-0.0167566070566	-0.0381517519881	-0.01383721917	0.0351146384462	-0.0439324055222	-0.00429119620094	-0.0447212608008	-0.0025067834431	-0.0534463629419	-0.0231067228442	-0.0314776815439	0.0447327718375	-0.0600431129706	-0.0178151589302	0.00975300717218	0.0493176000478	-0.0801758329887	0.00709550043296	0.00431110765301	0.0248375293329	-0.0386765029238	-0.0132351202748	0.0152166627331	0.0142641758465	-0.00983471450592	0.046390727591	0.0215858657521
k__Bacteria;p__Actinobacteria;c__Actinobacteria;o__Bifidobacteriales;f__Bifidobacteriaceae;g__Bifidobacterium;s__Bifidobacterium_adolescentis	0.0184271851161	0.00310553447209	0.0070268803597	0.0336763162907	-0.0250774106341	0.0331563825396	-0.0156803153739	0.025516050024	-0.0391727247652	-0.00866246459908	0.0158704198673	0.0187082384371	-0.0385301344655	-0.0378397301491	-0.0664234285249	0.0152478370201	0.00259119633057	-0.030289874827	-0.0285354308971	-0.00280124570461	-0.0462244702899	0.0219427539201	0.00572430521336	1.0	-0.00500238680397	0.0452412986632	0.0045355798576	0.0137359256183	-0.0155147024405	0.0493908924971	-0.0452255332216	-0.0494865650672	-0.0178967737587	-0.0338732969877	-0.0243372161623	0.0554040874986	-0.00146095653618	-0.0245200118022	0.0162090229362	-0.0534591962673	-0.0139085663511	-0.076079186359	-0.0233296302645	-0.0553476193165	0.0504812820451	0.0441338922209	0.0147215628435	-0.056902695707	0.0786130031896	0.0283070274037	-0.0213408333583	-0.0307684849328	-0.0643753352157	0.0412142520434	-0.0534230973513	0.010812697893	-0.0646500115135	-0.0129227921801	-0.0541032453865
k__Bacteria;p__Firmicutes;c__Clostridia;o__Clostridiales;f__Oscillospiraceae;g__Oscillibacter;s__Oscillibacter_sp._KLE_1745	0.0287127471901	0.000900402326239	0.0114843153085	0.0114002376227	0.0161334144138	0.0160483755336	-0.00502340427834	-0.00143657280028	0.00535652263563	0.0411664669921	-0.0355949935795	-0.0216243029371	0.0267753723973	-0.00311008777567	0.0401099990615	-0.0265482603287	-0.0555195593023	-0.00486778335723	-0.0175480874152	-0.0229913542758	0.0232899615797	0.0137496299231	0.00446608177281	-0.00500238680397	1.0	-0.00538330209211	0.019065054594	-0.0210613430723	-0.0540345049304	-0.0094858966129	-0.0635726571913	-0.0154293993395	-0.0199269773516	0.0634471242232	-0.0148935237662	-0.00235351546905	-0.00116009392403	0.0166219240321	-0.00910187491468	-0.000398420149899	0.00180903283218	-0.000531168957444	0.0336273495567	0.0143595750517	0.0477623068039	-0.0478386806563	0.0217004288441	-0.0469577799717	-0.00793505331336	0.0508694707918	-0.0301793473601	-0.0493838560832	0.00874677358888	-0.0635861066311	-0.0384079552361	-0.00248748391035	-0.0488122823575	-0.00432221206814	-0.0236623649719
k__Bacteria;p__Bacteroidetes;c__Bacteroidia;o__Bacteroidales;f__Bacteroidaceae;g__Bacteroides;s__Bacteroides_coprophilus	-0.061881441036	0.0113535187596	0.0521343672793	-0.0815848781906	-0.00104419550272	-0.0464033742113	-0.0119488398997	0.0234680677451	0.0385658060495	0.0288800522885	-0.0423503262295	-0.0223537201975	0.0718243198955	0.0313062296484	-0.0335354128132	0.0213805100573	-0.000372918630165	-0.0705240169039	-0.0312696178283	0.00242694314527	0.00673807212619	0.0224151693232	0.00734653996762	0.0452412986632	-0.00538330209211	1.0	0.0190416617427	-0.0349433401073	-0.00974940197406	0.0238107124885	-0.0684715892467	-0.0185068460059	-0.00641221945153	0.0417817777917	0.0280321332479	-0.0464891790543	0.0718611565303	-0.0590535790875	-0.0671800328395	-0.0493839682422	0.0443390219281	-0.0306383869415	-0.0146047265122	-0.00513442121915	-0.0300604769177	0.102491717859	-0.00254850906052	-0.00110057996479	-0.0414367666113	-0.00896267036679	-0.0395494428547	0.0318412459813	0.00806642849687	-0.0125636388259	-0.0498854185685	0.00985523441141	-0.0159892677377	-0.0206386734918	-0.0464882867739
k__Bacteria;p__Firmicutes;c__Clostridia;o__Clostridiales;f__Lachnospiraceae;g__Roseburia;s__Roseburia_intestinalis	0.0357848381751	-0.0280869966717	-0.0126752403168	0.0111158700473	-0.0366695476108	-0.00422230259761	-0.0642039748427	-0.0157592856273	0.00252784447526	-0.00176742744649	-0.00630648554015	-0.00350892063665	-0.0205064708176	-0.0295545093288	0.0606094988826	-0.0472963991886	0.0230179871038	0.00192415509094	-0.00983994421938	-0.0138679480895	-0.015356963679	0.00493959124349	-0.074014028927	0.0045355798576	0.019065054594	0.0190416617427	1.0	0.0266681426337	-0.0221243932273	-0.0424806772775	-0.00920775025205	-0.0340738549589	0.00746981437476	-0.0172412437981	-0.0299253252995	-0.0150695391384	-0.0401342095672	0.0154657742795	-0.014212727943	0.0485060761034	-0.0995181996445	-0.0020519686965	-0.0476081436752	-0.00956980105211	-0.0251213011876	0.0142429884728	-0.0287912505722	0.0354289099593	-0.0324635069911	0.0177697191294	-0.0569512877389	-0.00280495307801	-0.0347437615332	-0.00212168785523	0.0392455327131	0.0326844074693	-0.00198957408608	-0.0202386949762	0.02181520721
k__Bacteria;p__Firmicutes;c__Clostridia;o__Clostridiales;f__Lachnospiraceae;g__Roseburia;s__Roseburia_hominis	-0.0385714548884	-0.0202672019602	0.0108913302485	-0.00038744119073	0.00356866279557	0.0182309679368	-0.0299496450281	-0.0150405436607	-0.0257314680799	-0.0365251394349	-0.00727664819993	0.0259844427865	0.00531140368785	-0.0279855698852	0.00404012260122	0.0527219047909	0.00650241544907	-0.0280931297816	-0.0344870388128	0.00328895581235	-0.0487588675693	0.0428156000544	-0.0168669201602	0.0137359256183	-0.0210613430723	-0.0349433401073	0.0266681426337	1.0	-0.0131187832128	-0.0585985417356	-0.0198558061415	-0.0406680597301	0.0390287229687	-0.00444627561182	-0.0427164871898	-0.0328861188156	-0.0124992598155	-0.0312690455222	0.0263450367786	-0.0447665039035	0.0733611895435	-0.0235244685789	0.00672546240944	0.0343423481209	-0.00245409475835	-0.0419411360942	-0.0589956555885	-0.0418232411588	-0.0525549064305	-0.0465285092463	0.0210200128614	0.00149010264931	-0.0191070853279	-0.0265321007101	0.00802752787969	-0.0341273523913	-0.00085600637621	-0.0416827337047	0.00145984255342
k__Bacteria;p__Bacteroidetes;c__Bacteroidia;o__Bacteroidales;f__Porphyromonadaceae;g__Parabacteroides;s__Parabacteroides_johnsonii	0.0174620428292	-0.014503461807	0.0275982383868	-0.0158520310784	-0.0487081438301	-0.0677462113045	0.017567213095	0.00986372488473	-0.00892125758207	-0.01576103847	0.0189656101788	-0.0316265584007	-0.0174187429131	0.00325299588524	0.0546946980712	-0.00704286825336	-0.0201535512547	0.0305402389696	-0.0604566627021	-0.0598451803272	-0.00514749269042	0.0113117535403	-0.00238304559615	-0.0155147024405	-0.0540345049304	-0.00974940197406	-0.0221243932273	-0.0131187832128	1.0	0.0446872192562	0.0217849743236	-0.0549364595735	-0.00861381592474	0.0597244221247	0.0279280105885	-0.00545920883327	0.0234142555839	-0.00910217286546	0.0457551703944	0.033970766896	-0.00266796365668	0.0180240534118	-0.0492389182358	-0.0165949224649	-0.0254006209773	-0.0590353415774	-0.0159126086133	-0.0340159993993	-0.0504429604255	-0.0168463090022	0.00795022825215	0.0472155639339	-0.00109543538394	-0.00943012759585	-0.0186269147874	-0.0775078152656	-0.0004284361978	0.0180331008882	0.0164467170356
k__Bacteria;p__Actinobacteria;c__Actinobacteria;o__Bifidobacteriales;f__Bifidobacteriaceae;g__Bifidobacterium;s__Bifidobacterium_longum	-0.0537883410025	0.00968487594228	-0.00508219485962	-0.0542855789591	0.0496154751454	-0.0297736980012	0.000706614463845	-0.0578304229777	-0.0536823421586	-0.053953420955	-0.0240023203428	0.00748727560101	0.00571743986456	0.00985270709115	0.00751357967368	0.0209983640363	0.000850350666494	0.0203552199797	-0.0280644530603	-0.0300443358783	-0.000640089788408	-0.051329189245	0.0143966262678	0.0493908924971	-0.0094858966129	0.0238107124885	-0.0424806772775	-0.0585985417356	0.0446872192562	1.0	-0.0145727332118	0.063794609488	0.012581502881	-0.0243076473428	-0.0215245183319	0.00276606797694	0.0186484038876	0.0101833969839	0.0119512254472	0.00933956144513	-0.0253679584419	0.0584385374606	-0.00958349404131	-0.0207887154917	-0.0178958506001	0.000314817890368	0.0121191313997	-0.000906466619326	-0.0560163621981	-0.0435786633217	-0.0636968309174	0.00441404403517	-0.0347244390517	-0.0350928015861	0.0121567884995	0.00480909358757	-0.0756197711124	0.0282033304753	-0.00179504093935
