#taxonomy	k__Bacteria;p__Bacteroidetes;c__Bacteroidia;o__Bacteroidales;f__Bacteroidaceae;g__Bacteroides;s__Bacteroides_vulgatus	k__Bacteria;p__Bacteroidetes;c__Bacteroidia;o__Bacteroidales;f__Bacteroidaceae;g__Bacteroides;s__Bacteroides_uniformis	k__Bacteria;p__Bacteroidetes;c__Bacteroidia;o__Bacteroidales;f__Rikenellaceae;g__Alistipes;s__Alistipes_putredinis	k__Bacteria;p__Bacteroidetes;c__Bacteroidia;o__Bacteroidales;f__Prevotellaceae;g__Prevotella;s__Prevotella_copri	k__Bacteria;p__Bacteroidetes;c__Bacteroidia;o__Bacteroidales;f__Bacteroidaceae;g__Bacteroides;s__Bacteroides_stercoris	k__Bacteria;p__Bacteroidetes;c__Bacteroidia;o__Bacteroidales;f__Bacteroidaceae;g__Bacteroides;s__Bacteroides_ovatus	k__Bacteria;p__Bacteroidetes;c__Bacteroidia;o__Bacteroidales;f__Rikenellaceae;g__Alistipes;s__Alistipes_shahii	k__Bacteria;p__Firmicutes;c__Clostridia;o__Clostridiales;f__Ruminococcaceae;g__Faecalibacterium;s__Faecalibacterium_prausnitzii	k__Bacteria;p__Bacteroidetes;c__Bacteroidia;o__Bacteroidales;f__Rikenellaceae;g__Alistipes;s__Alistipes_finegoldii	k__Bacteria;p__Bacteroidetes;c__Bacteroidia;o__Bacteroidales;f__Porphyromonadaceae;g__Parabacteroides;s__Parabacteroides_distasonis	k__Bacteria;p__Bacteroidetes;c__Bacteroidia;o__Bacteroidales;f__Bacteroidaceae;g__Bacteroides;s__Bacteroides_thetaiotaomicron	k__Bacteria;p__Bacteroidetes;c__Bacteroidia;o__Bacteroidales;f__Bacteroidaceae;g__Bacteroides;s__Bacteroides_coprocola	k__Bacteria;p__Bacteroidetes;c__Bacteroidia;o__Bacteroidales;f__Bacteroidaceae;g__Bacteroides;s__Bacteroides_cellulosilyticus	k__Bacteria;p__Bacteroidetes;c__Bacteroidia;o__Bacteroidales;f__Rikenellaceae;g__Alistipes;s__Alistipes_obesi	k__Bacteria;p__Firmicutes;c__Clostridia;o__Clostridiales;f__Lachnospiraceae;g__;s__[Eubacterium]_rectale	k__Bacteria;p__Bacteroidetes;c__Bacteroidia;o__Bacteroidales;f__Bacteroidaceae;g__Bacteroides;s__Bacteroides_plebeius	k__Bacteria;p__Bacteroidetes;c__Bacteroidia;o__Bacteroidales;f__Bacteroidaceae;g__Bacteroides;s__Bacteroides_fragilis	k__Bacteria;p__Proteobacteria;c__Betaproteobacteria;o__Burkholderiales;f__Sutterellaceae;g__Sutterella;s__Sutterella_wadsworthensis	k__Bacteria;p__Bacteroidetes;c__Bacteroidia;o__Bacteroidales;f__Porphyromonadaceae;g__Barnesiella;s__Barnesiella_intestinihominis	k__Bacteria;p__Bacteroidetes;c__Bacteroidia;o__Bacteroidales;f__Odoribacteraceae;g__Odoribacter;s__Odoribacter_splanchnicus	k__Bacteria;p__Bacteroidetes;c__Bacteroidia;o__Bacteroidales;f__Bacteroidaceae;g__Bacteroides;s__Bacteroides_salyersiae	k__Bacteria;p__Firmicutes;c__Clostridia;o__Clostridiales;f__Ruminococcaceae;g__Ruminiclostridium;s__[Eubacterium]_siraeum	k__Bacteria;p__Proteobacteria;c__Betaproteobacteria;o__Burkholderiales;f__Sutterellaceae;g__Parasutterella;s__Parasutterella_excrementihominis	k__Bacteria;p__Actinobacteria;c__Actinobacteria;o__Bifidobacteriales;f__Bifidobacteriaceae;g__Bifidobacterium;s__Bifidobacterium_adolescentis	k__Bacteria;p__Firmicutes;c__Clostridia;o__Clostridiales;f__Oscillospiraceae;g__Oscillibacter;s__Oscillibacter_sp._KLE_1745	k__Bacteria;p__Bacteroidetes;c__Bacteroidia;o__Bacteroidales;f__Bacteroidaceae;g__Bacteroides;s__Bacteroides_coprophilus	k__Bacteria;p__Firmicutes;c__Clostridia;o__Clostridiales;f__Lachnospiraceae;g__Roseburia;s__Roseburia_intestinalis	k__Bacteria;p__Firmicutes;c__Clostridia;o__Clostridiales;f__Lachnospiraceae;g__Roseburia;s__Roseburia_hominis	k__Bacteria;p__Bacteroidetes;c__Bacteroidia;o__Bacteroidales;f__Porphyromonadaceae;g__Parabacteroides;s__Parabacteroides_johnsonii	k__Bacteria;p__Actinobacteria;c__Actinobacteria;o__Bifidobacteriales;f__Bifidobacteriaceae;g__Bifidobacterium;s__Bifidobacterium_longum	k__Bacteria;p__Firmicutes;c__Clostridia;o__Clostridiales;f__;g__Flavonifractor;s__Flavonifractor_plautii	k__Bacteria;p__Firmicutes;c__Clostridia;o__Clostridiales;f__Clostridiaceae;g__Clostridium;s__Clostridium_phoceensis	k__Bacteria;p__Verrucomicrobia;c__Verrucomicrobiae;o__Verrucomicrobiales;f__Akkermansiaceae;g__Akkermansia;s__Akkermansia_muciniphila	k__Bacteria;p__Bacteroidetes;c__Bacteroidia;o__Bacteroidales;f__Prevotellaceae;g__Paraprevotella;s__Paraprevotella_xylaniphila	k__Bacteria;p__Firmicutes;c__Clostridia;o__Clostridiales;f__Ruminococcaceae;g__Ruminococcus;s__Ruminococcus_callidus	k__Bacteria;p__Bacteroidetes;c__Bacteroidia;o__Bacteroidales;f__Rikenellaceae;g__Alistipes;s__Alistipes_senegalensis	k__Bacteria;p__Firmicutes;c__Clostridia;o__Clostridiales;f__Lachnospiraceae;g__Blautia;s__Blautia_sp._KLE_1732	k__Bacteria;p__Bacteroidetes;c__Bacteroidia;o__Bacteroidales;f__Bacteroidaceae;g__Bacteroides;s__Bacteroides_oleiciplenus	k__Bacteria;p__Firmicutes;c__Clostridia;o__Clostridiales;f__Ruminococcaceae;g__Ruminococcus;s__Ruminococcus_bicirculans	k__Bacteria;p__Bacteroidetes;c__Bacteroidia;o__Bacteroidales;f__Bacteroidaceae;g__Bacteroides;s__Bacteroides_fluxus	k__Bacteria;p__Bacteroidetes;c__Bacteroidia;o__Bacteroidales;f__Prevotellaceae;g__Prevotella;s__Prevotella_stercorea	k__Bacteria;p__Firmicutes;c__Clostridia;o__Clostridiales;f__Lachnospiraceae;g__Dorea;s__Dorea_longicatena	k__Bacteria;p__Firmicutes;c__Clostridia;o__Clostridiales;f__Eubacteriaceae;g__Eubacterium;s__[Eubacterium]_eligens	k__Bacteria;p__Firmicutes;c__Clostridia;o__Clostridiales;f__Ruminococcaceae;g__;s__Ruminococcaceae_bacterium_D16	k__Bacteria;p__Firmicutes;c__Clostridia;o__Clostridiales;f__Lachnospiraceae;g__Coprococcus;s__Coprococcus_comes	k__Bacteria;p__Proteobacteria;c__Gammaproteobacteria;o__Enterobacterales;f__Enterobacteriaceae;g__Escherichia;s__Escherichia_coli	k__Bacteria;p__Firmicutes;c__Clostridia;o__Clostridiales;f__Ruminococcaceae;g__Anaerotruncus;s__Anaerotruncus_colihominis	k__Bacteria;p__Firmicutes;c__Clostridia;o__Clostridiales;f__Lachnospiraceae;g__Blautia;s__Blautia_obeum	k__Bacteria;p__Bacteroidetes;c__Bacteroidia;o__Bacteroidales;f__Odoribacteraceae;g__Odoribacter;s__Odoribacter_laneus	k__Bacteria;p__Firmicutes;c__Clostridia;o__Clostridiales;f__Ruminococcaceae;g__Ruminiclostridium;s__[Clostridium]_leptum	k__Bacteria;p__Bacteroidetes;c__Bacteroidia;o__Bacteroidales;f__Porphyromonadaceae;g__Parabacteroides;s__Parabacteroides_goldsteinii	k__Bacteria;p__Firmicutes;c__Clostridia;o__Clostridiales;f__Lachnospiraceae;g__Anaerostipes;s__Anaerostipes_hadrus	k__Bacteria;p__Firmicutes;c__Clostridia;o__Clostridiales;f__Ruminococcaceae;g__Ruminococcus;s__Ruminococcus_lactaris	k__Bacteria;p__Firmicutes;c__Clostridia;o__Clostridiales;f__Clostridiaceae;g__Clostridium;s__Clostridium_sp._L2-50	k__Bacteria;p__Firmicutes;c__Clostridia;o__Clostridiales;f__Clostridiaceae;g__Clostridium;s__Clostridium_sp._M62/1	k__Bacteria;p__Firmicutes;c__Clostridia;o__Clostridiales;f__;g__Intestinimonas;s__Intestinimonas_butyriciproducens	k__Bacteria;p__Actinobacteria;c__Actinobacteria;o__Bifidobacteriales;f__Bifidobacteriaceae;g__Bifidobacterium;s__Bifidobacterium_bifidum	k__Bacteria;p__Firmicutes;c__Negativicutes;o__Veillonellales;f__Veillonellaceae;g__Dialister;s__Dialister_invisus	k__Bacteria;p__Bacteroidetes;c__Bacteroidia;o__Bacteroidales;f__Bacteroidaceae;g__Bacteroides;s__Bacteroides_salanitronis
k__Bacteria;p__Bacteroidetes;c__Bacteroidia;o__Bacteroidales;f__Bacteroidaceae;g__Bacteroides;s__Bacteroides_vulgatus	1.0	0.0134986319101	-0.0344702844312	-0.0152360971755	-0.0108044018278	0.0133495813666	0.0198401462975	0.00839202706325	0.0210822958112	0.014667133316	-0.0395585767831	0.0346099226874	-0.0063196868261	0.0125092300359	0.028127627485	-0.0205698613899	0.00640615839981	-0.0521742726012	-0.0146915955934	-0.0210593702848	-0.0404093529281	-0.0603309038451	0.0161927331239	0.0721379803695	0.0221863918405	-0.039377246317	0.00390239039799	0.00957712672418	-0.0354881472785	0.0228906231814	0.00953718081665	-0.055224227421	0.00545579927993	-0.0980147898552	0.00109637290441	0.0405278062647	-0.0572672329909	-0.0190057951693	-0.0263720538899	-0.015545031702	-0.0564466323508	-0.0321484189643	-0.0232743328766	-0.0113705092691	-0.0175144041542	-0.0246186184362	-0.0154041249121	-0.0543551238318	0.025165453423	0.0260316051463	0.043424407339	-0.0360138341592	-0.0359991913178	0.0529072761117	-0.00226728531645	-0.0252967111169	-0.0235628758661	0.0228970772428	-0.00347615673365
k__Bacteria;p__Bacteroidetes;c__Bacteroidia;o__Bacteroidales;f__Bacteroidaceae;g__Bacteroides;s__Bacteroides_uniformis	0.0134986319101	1.0	0.0111983563102	-0.0297606031256	0.00576504719167	0.0347567457936	0.0146491618825	0.0237416147224	0.0299180096426	-0.0140220979172	-0.0586614565589	-0.0293627507183	-0.0130717198078	0.0100208658165	0.0221479064875	0.0329070778201	0.0140908388034	0.0538014242612	-0.0184367572211	0.00216102899905	0.0321258398493	0.0192660167527	0.0457631893694	-0.0146010251662	-0.0219283607672	0.0162239843103	-0.00860587904878	-0.0431115235912	-0.0733644340396	-0.0482357313732	-0.0173013490879	-0.0498700406916	-0.0140998721319	-0.0291879049272	-0.0280279014294	-0.076357870584	0.0172206567322	0.0452869407345	-0.0704512049023	-0.0170614127934	-0.00795178953012	-0.0253317010089	-0.0704473415649	-0.0312140958931	0.0369900716517	0.0109190474515	-0.0175477231428	0.0338820947123	0.0192213841821	-0.0287103824637	0.0199538376735	-0.0396897697911	0.0201108106439	0.0174565523727	-0.0571065421546	-0.00688062333165	-0.0103227286777	-0.104882329509	0.0125157442065
k__Bacteria;p__Bacteroidetes;c__Bacteroidia;o__Bacteroidales;f__Rikenellaceae;g__Alistipes;s__Alistipes_putredinis	-0.0344702844312	0.0111983563102	1.0	0.0418282875235	-0.005353222468	0.0154108496298	-0.0200859611416	-0.00494262802813	0.00198268051571	0.00251809442595	-0.0534924230005	0.0328332769391	4.94325282779e-05	0.00873716454317	-0.0218721151385	-0.016509452229	-0.0234087909089	-0.075480933358	-0.0268679569072	0.0122800990389	-0.0277187625332	-0.0436265253911	-0.0184259811374	-0.0422250428218	-0.0274172643888	-0.00311391539454	0.00070711519356	-0.0357055432891	-0.0122025479712	0.0110458199301	-0.00406132716295	-0.00907826740435	0.00131444807413	0.0186864652075	-0.020670463673	0.00474491527756	-0.00804575843149	0.00828107053766	-0.0126045254195	0.0173053899651	-0.0540627094191	-0.0309049736883	-0.0265220725717	0.0268415224945	-0.016553594571	0.0326163338483	-0.0276093373146	-0.0326001585119	0.00669627344557	0.0317777567339	-0.00287378259042	-0.0526244651283	-0.00867772905346	0.0147817092622	-0.00590906268165	0.0170955707016	0.0370023959173	-0.00726858355116	-0.0354031110414
k__Bacteria;p__Bacteroidetes;c__Bacteroidia;o__Bacteroidales;f__Prevotellaceae;g__Prevotella;s__Prevotella_copri	-0.0152360971755	-0.0297606031256	0.0418282875235	1.0	0.0366140729395	0.0107174129893	-0.00349957754266	-0.0376853391538	0.0247490819587	0.0334773542703	-0.0437008692843	0.0511572956696	-0.0360326405993	-0.033624234193	-0.00338806012781	0.0176652552198	-0.0461266996374	-0.03075922673	0.0425591897817	0.0121098565987	-0.00434545904283	-0.0262247056821	-0.0373839960508	0.0247321735504	-0.0312257070178	-0.0456700446085	-0.0264931503448	0.00552792660707	-0.0360071311819	-0.011852531771	0.0310350611359	-0.0413175858118	-0.0020208185258	-0.0776801639145	0.0255378226735	-0.0552283512949	0.021256442952	-0.0531937934897	0.0250360524968	0.0250064782454	0.0221159411098	-0.0247124479487	-0.0216113116652	0.0256028149051	0.00133747382976	-0.01704250583	0.0139899831857	-0.0529854615779	-0.0287313264809	0.00956844784753	0.0371812392455	0.0394476819558	-0.02850657532	0.0323278921752	-0.030067459204	0.0689987504119	0.0138789255309	-0.0396621129776	0.00363863814542
k__Bacteria;p__Bacteroidetes;c__Bacteroidia;o__Bacteroidales;f__Bacteroidaceae;g__Bacteroides;s__Bacteroides_stercoris	-0.0108044018278	0.00576504719167	-0.005353222468	0.0366140729395	1.0	-0.0339867305672	0.0139687031409	0.0408887358166	-0.0390614921973	-0.0201406895295	0.0338384269068	-0.0508628429675	-0.0341103923924	-0.0284314604693	-0.0563598269273	-0.0298142708608	0.0296216114403	0.007847495455	0.012364473444	0.0568922748617	0.08921583645	-0.0264284302244	-0.0272167816346	-0.0125634222093	-0.0397142259212	-0.010940191404	-0.0259588262545	0.00090951057518	0.00837161067833	-0.00247126518413	-0.0438246853735	0.0154072604106	0.00189428568145	-0.0160090884342	0.0163999297484	0.0315600803912	0.0151760197933	-0.00338432537444	0.0469486354498	-0.0597232482161	-0.0124417198885	0.00567135264251	-0.027380900078	-0.0350014615079	0.0597176597352	0.00898684777779	0.0182441230077	-0.0171069744153	-0.0156560158801	-0.0134212143018	-0.00539383123735	-0.0202475701804	0.0292791759892	0.0198061973569	-0.0486243195823	-0.0304455693616	-0.0412583770015	0.0326547385623	-0.0246025614802
k__Bacteria;p__Bacteroidetes;c__Bacteroidia;o__Bacteroidales;f__Bacteroidaceae;g__Bacteroides;s__Bacteroides_ovatus	0.0133495813666	0.0347567457936	0.0154108496298	0.0107174129893	-0.0339867305672	1.0	0.00421249649798	-0.0251135995295	-0.0255810246839	-0.0272763907257	-0.0133756328929	0.0277736666349	0.0395964584402	-0.0193089116709	-0.00642039297981	-0.00492996712556	-0.00251568691354	-0.0223097086455	-0.00907030362349	-0.0344038032516	-0.0375985017066	-0.0374760075606	0.00779084672254	0.101255333112	-0.0150906728024	-0.0297671868781	-0.025056323792	0.00373048860041	-0.0213287141446	0.0713032443705	-0.0138345165924	0.000925540107963	0.0319073720744	-0.0506450373192	-0.0449557101114	0.0596820385677	-0.0266394754277	-0.0390001804989	-0.0396713059786	-0.0420605680694	-0.012362226838	-0.0366590789304	-0.0672879949247	-0.0564466377905	0.00374822032885	0.0161014832217	-0.0417302480364	-0.0178264124968	-0.0520423771477	-0.0146240553199	-0.0570013577584	0.0337208118443	0.0500227887511	-0.0420421366406	-0.0321184595898	0.0205653423444	0.0506404135868	0.0296234661634	-0.0165316285982
k__Bacteria;p__Bacteroidetes;c__Bacteroidia;o__Bacteroidales;f__Rikenellaceae;g__Alistipes;s__Alistipes_shahii	0.0198401462975	0.0146491618825	-0.0200859611416	-0.00349957754266	0.0139687031409	0.00421249649798	1.0	-0.00560099815456	0.0235579110884	0.037587295794	0.0456730855619	0.0013831026225	0.001530618014	-0.00208068380104	0.024782766579	-0.00138440660552	0.00401290776564	-0.0328648376845	0.0480038175537	0.0199434576462	-0.0570685602331	-0.0164390541177	-0.0412956993247	-0.0172762818337	-0.0560227499572	0.00786896189348	-0.0250016947536	0.00807597105271	-0.00208863748262	0.0282613720814	0.0170287034647	0.0700586403211	0.0388528775905	-0.0470403617571	0.0202267850556	-0.00267336622318	-0.0058991979242	-9.65031215571e-05	-0.00366809214901	-0.040273570964	-0.0138481645105	-0.0140590724082	-0.0344832672377	0.0516555229415	-0.0162309417564	-0.0470008870009	0.00798961356996	0.0224790896093	0.0163047961716	0.0202060589045	-0.038349722193	0.0171636208808	-0.0632326560853	-0.0326024692494	0.0186790017028	-0.0119074216436	0.00141324016254	-0.0039908698913	0.00363506963483
k__Bacteria;p__Firmicutes;c__Clostridia;o__Clostridiales;f__Ruminococcaceae;g__Faecalibacterium;s__Faecalibacterium_prausnitzii	0.00839202706325	0.0237416147224	-0.00494262802813	-0.0376853391538	0.0408887358166	-0.0251135995295	-0.00560099815456	1.0	-0.0216616295686	0.0255352115946	-0.00629769480326	-0.0132438239223	-0.0261920704585	-0.0387795951498	-0.0181705708385	-0.00211683485494	0.0227584728828	0.0139089438663	0.0244701595696	-0.0346623568393	0.0167006024692	-0.0091829458048	-0.00148102443764	0.0319322550956	0.0174706271554	0.00544742045103	-0.0660961389887	-0.000371081360173	-0.00766131376084	-0.0335140885797	0.042349097885	-0.0752472754819	0.0186756128534	-0.0800594046013	-0.00188140255668	-0.0282815848166	-0.00804630267045	-0.0224791174346	0.041730388376	0.0198378218664	-0.038139106597	-0.0559176354672	-0.0250170282198	0.00916231548718	0.0252831996841	0.0341325282164	-0.00896883361695	-0.00773211937795	-0.0376833110182	-0.0215327842127	-0.00488823038787	0.00361231018571	-0.0455658420886	-0.000763849541651	-0.0105133346248	-0.033740207483	-0.0106460761764	-0.00693980190754	0.00504288803953
k__Bacteria;p__Bacteroidetes;c__Bacteroidia;o__Bacteroidales;f__Rikenellaceae;g__Alistipes;s__Alistipes_finegoldii	0.0210822958112	0.0299180096426	0.00198268051571	0.0247490819587	-0.0390614921973	-0.0255810246839	0.0235579110884	-0.0216616295686	1.0	-0.0106570887325	-0.0149450377441	0.00540187808264	-0.0665866129341	-0.0218980290126	0.0378995955821	-0.0140597103872	-0.0114487833597	0.12038352606	-0.0452028924049	-0.00725118094819	0.0509348669806	0.0345045080242	-0.0175854451415	0.00908822493482	-0.00329887478415	-0.052882835233	0.0135164109867	-0.0426091409852	-0.00556536014201	-0.00835858210149	-0.0276975671541	0.0302395957856	-0.0248896065816	-0.00716194149881	-0.0297167857497	-6.30624501843e-05	-0.0211049249261	0.0159661570872	-0.0376883137923	-0.0238523286512	-0.0524988149183	-0.0276300024615	0.00582206097406	-0.0323771626662	-0.00415391397709	0.000229468179843	-0.0345985287993	-0.0131343135555	0.033868457014	-0.0768928514648	-0.0457530394423	-0.0261231537852	0.00424605514939	-0.0472678881228	0.0337528510129	-0.0095379143346	-0.0370757786112	0.0170197906048	-0.0351998313676
k__Bacteria;p__Bacteroidetes;c__Bacteroidia;o__Bacteroidales;f__Porphyromonadaceae;g__Parabacteroides;s__Parabacteroides_distasonis	0.014667133316	-0.0140220979172	0.00251809442595	0.0334773542703	-0.0201406895295	-0.0272763907257	0.037587295794	0.0255352115946	-0.0106570887325	1.0	-0.0530322765154	-0.0557318119051	0.0064486053602	0.00349527281109	0.0151443535008	0.0123502926267	0.0110044698897	0.0212409242879	0.0389718267257	0.0265974420428	-0.000606956333589	-0.0645242944843	-0.0229251215266	-0.0111898842938	-0.0380842290005	-0.0316391310339	-0.039273848538	-0.0347528905931	-0.0539427444609	-0.0496638705834	-0.0196842910797	0.0187807762499	-0.0189833042816	-0.0159096097276	-0.0797457419967	-0.0379127745137	-0.00133967625049	0.00840672053866	0.00878571516613	0.0256745375314	-0.0168119244162	-0.0371659830781	-0.0212169396818	-0.00574913951175	0.00745931322603	-0.00593400634495	0.042651606959	0.0034980783871	-0.020867338992	0.00489498898755	0.0402073495776	0.00373887500617	-0.0595243764623	0.0131056405182	-0.0473114259872	-0.0362283885042	-0.00487472885765	-0.0479126068298	-0.0637681938958
k__Bacteria;p__Bacteroidetes;c__Bacteroidia;o__Bacteroidales;f__Bacteroidaceae;g__Bacteroides;s__Bacteroides_thetaiotaomicron	-0.0395585767831	-0.0586614565589	-0.0534924230005	-0.0437008692843	0.0338384269068	-0.0133756328929	0.0456730855619	-0.00629769480326	-0.0149450377441	-0.0530322765154	1.0	-0.0332142800503	0.031548422676	-0.0328751299036	0.0013835410423	0.0217544874681	-0.0192632125093	0.000916953356065	-0.0397641250741	-0.0186742638485	-0.0194434021161	-0.0320359298508	-0.0489286615387	-0.0386019350005	-0.0516137006126	-0.0105699430571	0.0446711735865	-0.013211626482	-0.000320999919807	-0.0226455370165	0.0273156734549	-0.038733166364	-0.00379539824629	-0.0592002417949	0.0529288036098	-0.0291490596323	0.0470504618593	-0.0486747182054	0.0744584253269	-0.0190172079408	-0.0475242233935	-0.0117322498924	-0.0147710173789	0.0178791084602	0.0125652662555	-0.0178772652665	-0.0329265020576	0.0938020116436	0.0246694827675	-0.0813754492069	0.0317964774753	-0.0308569413804	-0.00437064674141	0.0608431767191	-0.0172400756308	-0.0142597218712	0.0318083358917	0.0170894570268	-0.029008559013
k__Bacteria;p__Bacteroidetes;c__Bacteroidia;o__Bacteroidales;f__Bacteroidaceae;g__Bacteroides;s__Bacteroides_coprocola	0.0346099226874	-0.0293627507183	0.0328332769391	0.0511572956696	-0.0508628429675	0.0277736666349	0.0013831026225	-0.0132438239223	0.00540187808264	-0.0557318119051	-0.0332142800503	1.0	0.0189385750756	-0.0175631982375	0.00788305875762	0.00944190851536	-0.0140635335487	-0.00514648269193	0.0146638694038	-0.0217068367872	-0.0366090094547	-0.0733176111458	0.024951444635	0.0151425572615	0.0202066845967	-0.0306062230139	0.0781813401676	-0.0137188790328	-0.0305899122714	-0.00305117217543	0.0172513096086	0.0527760476593	-0.0525558818311	-0.0302038360545	-0.00923045498826	-0.00995992554943	-0.0017296090929	-0.0564401016371	-0.0419388805579	-0.0137331345674	-0.0211066601568	0.0549503901394	-0.0356925811844	0.0376668020929	0.0469445141665	0.0263741744269	-0.0353954141481	0.00747261811765	0.0258385512583	0.0239836803627	0.000106400897625	0.0164531827544	-0.0104726045631	-0.00482167081924	0.0123022221462	-0.00906312339262	0.0256060644032	0.0149017784436	-0.0984426389166
k__Bacteria;p__Bacteroidetes;c__Bacteroidia;o__Bacteroidales;f__Bacteroidaceae;g__Bacteroides;s__Bacteroides_cellulosilyticus	-0.0063196868261	-0.0130717198078	4.94325282778e-05	-0.0360326405993	-0.0341103923924	0.0395964584402	0.001530618014	-0.0261920704585	-0.0665866129341	0.0064486053602	0.031548422676	0.0189385750756	1.0	0.0558539839466	-0.042444991606	-0.0221351532421	-0.0308982409796	-0.0319582749502	-0.00104892681942	-0.0163589541032	0.0324096037798	0.0104079017388	-0.0224854789073	0.00439258835224	0.0359179380286	0.0032597948992	0.0195126698607	0.0240632479076	-0.0480274533541	-0.0202539811468	0.0206336080497	0.00281958946641	-0.0210174093962	-0.0363787790896	0.00444862487354	0.0524636867094	-0.00822651960647	0.00457943839541	0.0117850070187	0.073393156888	-0.0529786115346	-0.0734283017991	-0.0307760772954	-0.0511369971615	0.0598171295685	0.0255381734182	-0.0162536833875	-0.0311474064014	-0.0463213824894	-0.0290049559652	0.00587310198071	-0.0259464772332	0.0292712147888	0.0274761331198	0.0100030888317	-0.0573381690134	-0.0238270514395	0.02273353084	-0.02146630183
k__Bacteria;p__Bacteroidetes;c__Bacteroidia;o__Bacteroidales;f__Rikenellaceae;g__Alistipes;s__Alistipes_obesi	0.0125092300359	0.0100208658165	0.00873716454317	-0.033624234193	-0.0284314604693	-0.0193089116709	-0.00208068380104	-0.0387795951498	-0.0218980290126	0.00349527281109	-0.0328751299036	-0.0175631982375	0.0558539839466	1.0	-0.0540617629619	0.0117567145727	-0.0876235900632	0.0295996880474	0.0226784282414	0.030947291704	-0.037957680479	-0.00772709155484	0.038314931793	0.0643707866739	0.0220207110996	0.0263733462829	0.022967340026	-0.0686300653022	0.0277402994761	0.00185197464202	0.0232359382968	-0.091345812212	0.00242189760064	-0.0158788406308	-0.000913357071876	-0.00782489690547	0.0249437824223	0.00341655423274	0.0162356273617	-0.00433781449934	0.0123627343767	-0.0190132466047	-0.0514795178253	0.0189062108415	-0.0466040129287	0.0281136252593	0.031257616124	0.025876797095	-0.00453109363481	-0.0270416665672	0.0115606911376	0.0472424558337	-0.0168167578992	0.0263334523736	-0.0185484695505	0.027276315084	-0.0102335024062	-0.0456628047089	-0.0255339417001
k__Bacteria;p__Firmicutes;c__Clostridia;o__Clostridiales;f__Lachnospiraceae;g__;s__[Eubacterium]_rectale	0.028127627485	0.0221479064875	-0.0218721151385	-0.00338806012781	-0.0563598269273	-0.00642039297981	0.024782766579	-0.0181705708385	0.0378995955821	0.0151443535008	0.0013835410423	0.00788305875762	-0.042444991606	-0.0540617629619	1.0	-0.00225458263265	-0.0257692383567	0.0157545034057	0.00540703927066	-0.0297065592327	0.000344072378008	-0.00247880616511	0.00462886884683	0.0128043309456	-0.00860633624913	0.0190957114035	0.0120682775454	0.0367608254433	-0.0336944699884	-0.0218400275536	-0.0627107110033	0.0896570789671	0.0245287403943	0.0336338997774	0.0142410010702	-0.0324325354693	-0.0956764431185	-0.0225845320965	0.00203148386987	0.0231013925505	0.0256122663835	-0.00272526166115	-0.000683054984031	-0.0368866641267	0.0200606656163	-0.0282079837736	-0.00526792997913	0.0220309790191	-0.0390317850474	0.0619891088015	0.032554987445	-0.0550697965952	0.024525043068	-0.0205441356487	-0.0349026191003	-0.0865409246214	-0.0775558008262	0.00765090791876	0.0227553589402
k__Bacteria;p__Bacteroidetes;c__Bacteroidia;o__Bacteroidales;f__Bacteroidaceae;g__Bacteroides;s__Bacteroides_plebeius	-0.0205698613899	0.0329070778201	-0.016509452229	0.0176652552198	-0.0298142708608	-0.00492996712556	-0.00138440660552	-0.00211683485494	-0.0140597103872	0.0123502926267	0.0217544874681	0.00944190851536	-0.0221351532421	0.0117567145727	-0.00225458263265	1.0	-0.037252716954	-0.0632709280778	-0.0483181081246	-0.0284448936046	-0.0172072223961	-0.0176392435262	-0.00258818526572	-0.0241238020071	-0.00736200446862	0.00318096929258	0.0139207930665	0.0158640948107	0.0362377424066	-0.00478855953823	-0.0442108777491	-0.0219002237875	-0.0299456451983	0.0122181143576	0.00297222355625	-0.0577488336285	0.024023577911	0.0309625593536	-0.00862916731712	0.00710228619564	-0.0184603102015	-0.0212519921959	0.0108378702407	-0.0328132224418	-0.00538410874869	0.0536804768689	-0.0520081792638	-0.0322074465425	-0.0219499559255	0.0420862874638	-0.00803514985412	-0.0137496326693	-0.022767668314	-0.0327367927888	0.0327746498944	-0.0199989662183	-0.0604183968997	0.0215042966465	0.0338727712173
k__Bacteria;p__Bacteroidetes;c__Bacteroidia;o__Bacteroidales;f__Bacteroidaceae;g__Bacteroides;s__Bacteroides_fragilis	0.00640615839981	0.0140908388034	-0.0234087909089	-0.0461266996374	0.0296216114403	-0.00251568691354	0.00401290776564	0.0227584728828	-0.0114487833597	0.0110044698897	-0.0192632125093	-0.0140635335487	-0.0308982409796	-0.0876235900632	-0.0257692383567	-0.037252716954	1.0	-0.0399518925046	0.00109751284572	-0.0595422698684	0.0073469799	0.036642812981	-0.00281144873117	0.0357700512677	0.0584833006436	0.0452233062338	-0.0451372800012	-0.00101680172272	-0.00150358099711	-0.0447775961025	-0.0609407784762	0.0310720122978	-0.0178798091247	0.031878616332	-0.0216801947119	-0.00861468365331	-0.0362334426978	0.0300562990036	-0.0180580544235	-0.0206251855376	-0.0240041095607	-0.0424939594429	-0.024357688047	0.0156589544772	-0.0293550466555	0.0316282544747	-0.0577531563101	0.0693238299858	-0.0177452368226	0.00547317919671	0.00380828171406	0.007590475875	0.0136792315396	-0.0565813522307	0.0619290993365	0.0116857251959	0.00735625294448	-0.00785489867688	-0.0636134163227
k__Bacteria;p__Proteobacteria;c__Betaproteobacteria;o__Burkholderiales;f__Sutterellaceae;g__Sutterella;s__Sutterella_wadsworthensis	-0.0521742726012	0.0538014242612	-0.075480933358	-0.03075922673	0.007847495455	-0.0223097086455	-0.0328648376845	0.0139089438663	0.12038352606	0.0212409242879	0.000916953356065	-0.00514648269193	-0.0319582749502	0.0295996880474	0.0157545034057	-0.0632709280778	-0.0399518925046	1.0	0.0659498284852	0.032659601842	-0.0485579382097	0.0451072571073	-0.00328616056578	-0.0338948040109	-0.00484283286061	0.0164448851054	0.0066632050638	-0.0194792168662	-0.0456162121533	-0.0337567670367	0.00851812713465	0.0541976402637	0.0452209489145	0.0211512225472	-0.0756067497619	-0.0023625046096	-0.00242440137614	0.0367125012459	-0.0105233641723	-0.00575251171382	0.00444217961064	0.0167191790519	-0.00876423610101	0.0156119493782	-0.023466884829	-0.0201783768448	-0.0251477726356	0.0203043358493	-0.0311924137001	-0.0271143382297	0.0241583278205	-0.00653588831477	-0.104489338906	-0.0428589243535	-0.0361551213772	-0.00959442835402	-0.0695535877632	0.00387025628872	0.000302844957835
k__Bacteria;p__Bacteroidetes;c__Bacteroidia;o__Bacteroidales;f__Porphyromonadaceae;g__Barnesiella;s__Barnesiella_intestinihominis	-0.0146915955934	-0.0184367572211	-0.0268679569072	0.0425591897817	0.012364473444	-0.00907030362349	0.0480038175537	0.0244701595696	-0.0452028924049	0.0389718267257	-0.0397641250741	0.0146638694038	-0.00104892681942	0.0226784282414	0.00540703927066	-0.0483181081246	0.00109751284572	0.0659498284852	1.0	0.0258319740731	0.00565381979527	0.0469330840204	-0.0544595816262	-0.0089290317218	-0.0279827626955	-0.0543362162459	-0.0209367147751	-0.0119272282405	0.02043133442	-0.00300717429874	-0.0016364787718	-0.0106186290987	-0.0101484472795	-0.0446880844697	-0.00869787429737	0.0263377522113	0.0246015992939	-0.00435439000816	-0.0292044076843	0.030424220222	-0.0125132320852	-0.0174878055539	0.010537344646	0.000584983636362	0.0421161161347	-0.00349101672698	-0.00137533713265	0.0157346133056	-0.011096292819	-0.0170769662046	-0.0154479724351	0.0204441343107	-0.0181541476677	-0.00774293988305	-0.0230874806398	-0.0529724609334	0.0221091005812	-0.108268006747	0.021160346112
k__Bacteria;p__Bacteroidetes;c__Bacteroidia;o__Bacteroidales;f__Odoribacteraceae;g__Odoribacter;s__Odoribacter_splanchnicus	-0.0210593702848	0.00216102899905	0.0122800990389	0.0121098565987	0.0568922748617	-0.0344038032516	0.0199434576462	-0.0346623568393	-0.00725118094819	0.0265974420428	-0.0186742638485	-0.0217068367872	-0.0163589541032	0.030947291704	-0.0297065592327	-0.0284448936046	-0.0595422698684	0.032659601842	0.0258319740731	1.0	-0.0207600746322	0.0174051889511	0.0100277406912	-0.0455944242079	0.0186036412601	0.0292104605422	-0.0185750798612	-0.0621255852505	0.0772240686201	-0.00594262987279	0.000720806739612	-0.0288533756764	-0.0180402847689	0.0119551095151	0.0150821094129	-0.0256171640295	-0.0478843730646	0.0026770630209	-0.0107709737206	-0.014671474584	0.0116447461138	-0.0119648631032	0.0227800076871	-0.0192828977508	-0.078260129705	-0.0072670945027	-0.0502329652243	0.0478639135055	-0.00982863965828	0.0392468524879	0.00820457437375	0.041796870091	0.0183391222666	-0.0665404125648	-0.0319691619161	0.0329128303038	0.035734427377	-0.0275783155141	-0.027720130956
k__Bacteria;p__Bacteroidetes;c__Bacteroidia;o__Bacteroidales;f__Bacteroidaceae;g__Bacteroides;s__Bacteroides_salyersiae	-0.0404093529281	0.0321258398493	-0.0277187625332	-0.00434545904283	0.08921583645	-0.0375985017066	-0.0570685602331	0.0167006024692	0.0509348669806	-0.000606956333589	-0.0194434021161	-0.0366090094547	0.0324096037798	-0.037957680479	0.000344072378008	-0.0172072223961	0.0073469799	-0.0485579382097	0.00565381979527	-0.0207600746322	1.0	0.00717010873945	-0.00242411030396	-0.00239651992274	-0.0213324056723	0.0300445674314	-0.0706277797791	-0.00345996485393	0.0200158922726	0.0113928095399	-0.0656481248115	0.0142606085602	0.00384885344352	0.0455352774296	0.000874414012958	-0.0315398601174	0.0153404082098	-0.0754152637607	0.0115150472407	0.0113912797545	-0.017537793316	-0.0158328149395	0.00200241520051	0.0343802453967	0.029533978387	-0.0377959403525	0.0210973724169	-0.0468656617017	0.0636838475906	-0.0592704165781	-0.0144850866926	-0.0389164729267	0.00145013242126	-0.0760404816454	-0.0722518738361	0.0109666201055	-0.0592603360607	-0.0283228716493	0.0202741762096
k__Bacteria;p__Firmicutes;c__Clostridia;o__Clostridiales;f__Ruminococcaceae;g__Ruminiclostridium;s__[Eubacterium]_siraeum	-0.0603309038451	0.0192660167527	-0.0436265253911	-0.0262247056821	-0.0264284302244	-0.0374760075606	-0.0164390541177	-0.0091829458048	0.0345045080242	-0.0645242944843	-0.0320359298508	-0.0733176111458	0.0104079017388	-0.00772709155484	-0.00247880616511	-0.0176392435262	0.036642812981	0.0451072571073	0.0469330840204	0.0174051889511	0.00717010873945	1.0	-0.040495301213	0.0039322598806	0.035286279119	-0.00122637054607	0.0295467308815	0.0738067307741	-0.0109977824243	-0.0315253419762	-0.00654010458222	0.0694807348008	-0.0451341963234	-0.00422538412245	-0.0239661254401	0.0281328873118	-0.0113229438709	-0.0208949914779	-0.00467341099863	0.00835343820097	-0.0858542814113	0.0122798170898	0.00503110740413	-0.0126169360494	-0.0308184083892	0.0217619278544	-0.00251466853691	-0.0228958801883	-0.0724049279414	0.0321436177501	0.00811866952203	0.0284933474036	-0.0491524292948	-0.0043386028409	-0.0321544983648	-0.0156451537832	-0.00593521192517	0.00602185584189	-0.0300475972036
k__Bacteria;p__Proteobacteria;c__Betaproteobacteria;o__Burkholderiales;f__Sutterellaceae;g__Parasutterella;s__Parasutterella_excrementihominis	0.0161927331239	0.0457631893694	-0.0184259811374	-0.0373839960508	-0.0272167816346	0.00779084672254	-0.0412956993247	-0.00148102443764	-0.0175854451415	-0.0229251215266	-0.0489286615387	0.024951444635	-0.0224854789073	0.038314931793	0.00462886884683	-0.00258818526572	-0.00281144873117	-0.00328616056578	-0.0544595816262	0.0100277406912	-0.00242411030396	-0.040495301213	1.0	0.0365090909432	-0.00880147312776	0.00340425978559	-0.0255612361593	-0.00932089780413	0.0254068252374	0.0265386289084	0.0388098239537	-0.0123751070018	-0.0492541566587	-0.00833820688907	0.00808190039887	-0.0452804139998	-0.0193816676817	-0.0292842016899	0.00332473999694	0.00139178835877	0.000518832766759	-0.0447322516108	-0.0263106705158	-0.0323194178323	-0.0155870550676	0.00861858288668	0.0180880885433	0.0094273560327	0.0288458159943	-0.0199603195694	0.0295377608592	-0.036753645086	0.0411037599569	-0.0573096128872	0.0330446220769	-0.0130963630397	-0.0652959366414	0.0442990079488	0.0171335510531
k__Bacteria;p__Actinobacteria;c__Actinobacteria;o__Bifidobacteriales;f__Bifidobacteriaceae;g__Bifidobacterium;s__Bifidobacterium_adolescentis	0.0721379803695	-0.0146010251662	-0.0422250428218	0.0247321735504	-0.0125634222093	0.101255333112	-0.0172762818337	0.0319322550956	0.00908822493482	-0.0111898842938	-0.0386019350005	0.0151425572615	0.00439258835224	0.0643707866739	0.0128043309456	-0.0241238020071	0.0357700512677	-0.0338948040109	-0.0089290317218	-0.0455944242079	-0.00239651992274	0.0039322598806	0.0365090909432	1.0	0.00838993425932	-0.0362066773018	-0.0572360678313	-0.0297256901491	-0.0200383230389	-0.0597819832268	0.0272352180417	-0.0163042069883	-0.0135659930058	-0.0626406229915	0.0296378656888	0.034543057589	0.00723761178585	0.00542985911543	-0.0272922707992	-0.0580501046135	-0.00012607586401	-0.0406550463883	0.00687143637948	-0.0167705178197	-0.0224148212277	-0.00357461008885	-0.0187868878471	-0.0113841386373	-0.00324732964826	-0.0475309998026	-0.041379329634	0.0038776858174	-0.0261719745374	0.0321412614624	-0.0586662540637	-0.00173067962425	-0.00124679242162	-0.0178592819144	-0.0196765276464
k__Bacteria;p__Firmicutes;c__Clostridia;o__Clostridiales;f__Oscillospiraceae;g__Oscillibacter;s__Oscillibacter_sp._KLE_1745	0.0221863918405	-0.0219283607672	-0.0274172643888	-0.0312257070178	-0.0397142259212	-0.0150906728024	-0.0560227499572	0.0174706271554	-0.00329887478415	-0.0380842290005	-0.0516137006126	0.0202066845967	0.0359179380286	0.0220207110996	-0.00860633624913	-0.00736200446862	0.0584833006436	-0.00484283286061	-0.0279827626955	0.0186036412601	-0.0213324056723	0.035286279119	-0.00880147312776	0.00838993425932	1.0	0.0156102508353	-0.00686100089713	-0.0681817458624	0.00914116936443	-0.0253923664676	0.0148159385367	-0.0246070918848	-0.00523862711445	0.0415744057034	-0.0125604496058	0.020175608167	0.0316697134305	-0.043242354031	-0.04529119558	0.0386168270226	-0.00806130802821	0.00745429664296	-0.021539242497	-0.001809781136	0.00053270196352	0.0238663246546	-0.0238517924337	-0.0101313656168	-0.01765377575	-0.00986826999356	0.0168529849125	-0.0345082978956	0.0366689005177	-0.015481745285	-0.0228204546295	-0.0239547279967	-0.0297012316463	0.0353725086201	0.00475632427432
k__Bacteria;p__Bacteroidetes;c__Bacteroidia;o__Bacteroidales;f__Bacteroidaceae;g__Bacteroides;s__Bacteroides_coprophilus	-0.039377246317	0.0162239843103	-0.00311391539454	-0.0456700446085	-0.010940191404	-0.0297671868781	0.00786896189348	0.00544742045103	-0.052882835233	-0.0316391310339	-0.0105699430571	-0.0306062230139	0.0032597948992	0.0263733462829	0.0190957114035	0.00318096929258	0.0452233062338	0.0164448851054	-0.0543362162459	0.0292104605422	0.0300445674314	-0.00122637054607	0.00340425978559	-0.0362066773018	0.0156102508353	1.0	0.0151474702505	0.0324639641202	0.0645512459656	0.0262369859354	-0.0673666159752	-0.0503973538558	0.0351528957533	-0.0265865537577	-0.000825590498565	0.000199204178691	-0.0108524410121	-0.0170863962651	0.0762838360552	-0.0951724604545	-0.0154845335033	0.0376623606775	-0.0375211846393	-0.00491910527998	-0.0208908549832	0.00870740370013	0.0123808744667	0.0690036287713	-0.0316178003198	-0.0142591460801	0.0506103704653	-0.0652996251892	-0.0748104241228	0.0167287350469	-0.0180549663855	0.00974784986585	-0.0202587032035	0.0275975030442	-0.0347344975391
k__Bacteria;p__Firmicutes;c__Clostridia;o__Clostridiales;f__Lachnospiraceae;g__Roseburia;s__Roseburia_intestinalis	0.00390239039799	-0.00860587904878	0.00070711519356	-0.0264931503448	-0.0259588262545	-0.025056323792	-0.0250016947536	-0.0660961389887	0.0135164109867	-0.039273848538	0.0446711735865	0.0781813401676	0.0195126698607	0.022967340026	0.0120682775454	0.0139207930665	-0.0451372800012	0.0066632050638	-0.0209367147751	-0.0185750798612	-0.0706277797791	0.0295467308815	-0.0255612361593	-0.0572360678313	-0.00686100089713	0.0151474702505	1.0	-0.0253246617222	0.0488375385595	-0.0139825352265	-0.0403918663499	0.0432068317615	-0.00960691376559	-0.0295333205979	-0.0113526378644	-0.0555572353233	0.0182438359355	-0.0273904623507	-0.0207710956578	-0.00608335557462	0.0211356625884	0.0367842592306	-0.0106434312511	-0.107063403213	-0.00803983510264	0.0558667591728	0.00110244943206	-0.0321441499119	-0.0139387914646	0.0266264839914	-0.00311924896884	-0.0248232985062	-0.00400801734	0.00188478907119	0.0376061886505	-0.00951085703507	-0.00824839806815	0.032661662184	-0.00845021975233
k__Bacteria;p__Firmicutes;c__Clostridia;o__Clostridiales;f__Lachnospiraceae;g__Roseburia;s__Roseburia_hominis	0.00957712672418	-0.0431115235912	-0.0357055432891	0.00552792660707	0.00090951057518	0.00373048860041	0.00807597105271	-0.000371081360172	-0.0426091409852	-0.0347528905931	-0.013211626482	-0.0137188790328	0.0240632479076	-0.0686300653022	0.0367608254433	0.0158640948107	-0.00101680172272	-0.0194792168662	-0.0119272282405	-0.0621255852505	-0.00345996485393	0.0738067307741	-0.00932089780413	-0.0297256901491	-0.0681817458624	0.0324639641202	-0.0253246617222	1.0	-0.0298018915677	0.00680742985258	-0.0340632730461	0.0291449600695	0.0441959355124	0.0303832934628	-0.0816774411915	0.00107484020901	0.0327286654917	-0.0538330646272	-0.0701671334114	-0.0347111421157	-0.0133244101996	-0.0523413931568	0.000427052652176	0.0361296158178	0.00278545952877	0.014247432797	0.0799556704891	-0.0384744066132	0.0187892197085	0.0651787934695	0.0482284569934	-0.015711129235	0.016700323867	-0.0659725752233	0.00129977672142	-0.026366746808	-0.0159025052858	0.0277401535669	0.00570353528926
k__Bacteria;p__Bacteroidetes;c__Bacteroidia;o__Bacteroidales;f__Porphyromonadaceae;g__Parabacteroides;s__Parabacteroides_johnsonii	-0.0354881472785	-0.0733644340396	-0.0122025479712	-0.0360071311819	0.00837161067833	-0.0213287141446	-0.00208863748262	-0.00766131376084	-0.00556536014201	-0.0539427444609	-0.000320999919807	-0.0305899122714	-0.0480274533541	0.0277402994761	-0.0336944699884	0.0362377424066	-0.00150358099711	-0.0456162121533	0.02043133442	0.0772240686201	0.0200158922726	-0.0109977824243	0.0254068252374	-0.0200383230389	0.00914116936443	0.0645512459656	0.0488375385595	-0.0298018915677	1.0	-0.0226408831189	0.0233528227753	0.0483095524203	0.027055611571	-0.0173522548161	-0.00807145673474	0.0327492109321	-0.0106077550921	-0.0407882834496	-0.0294968679507	-0.0586193525259	0.0120506360658	-0.00941563701508	0.0899130775626	0.0252712340841	-0.0532647373713	0.0524876540422	0.0199336990423	-0.0106688492616	-0.0408101452878	-0.00629511853318	-0.0695065210364	-0.00994149453038	0.00286599669747	-0.0320922308394	-0.0680923802612	0.0056544214477	-0.038830114014	0.00679020041079	-0.0221656172254
k__Bacteria;p__Actinobacteria;c__Actinobacteria;o__Bifidobacteriales;f__Bifidobacteriaceae;g__Bifidobacterium;s__Bifidobacterium_longum	0.0228906231814	-0.0482357313732	0.0110458199301	-0.011852531771	-0.00247126518413	0.0713032443705	0.0282613720814	-0.0335140885797	-0.00835858210149	-0.0496638705834	-0.0226455370165	-0.00305117217543	-0.0202539811468	0.00185197464202	-0.0218400275536	-0.00478855953823	-0.0447775961025	-0.0337567670367	-0.00300717429874	-0.00594262987279	0.0113928095399	-0.0315253419762	0.0265386289084	-0.0597819832268	-0.0253923664676	0.0262369859354	-0.0139825352265	0.00680742985258	-0.0226408831189	1.0	-0.0039626872132	0.0483122940186	-0.0636993602758	0.0294142066037	-0.0242044099134	-0.0305688674269	-0.0341037816665	0.00330202725781	-0.0316733859346	-0.0671956556921	0.0367655342565	-0.0134122396198	0.00509563040215	0.0667798065228	0.070958124399	-0.05428399485	-0.00900768071807	-0.000249366799403	0.0414964451972	-0.0143826656262	0.00195267101558	-0.0403378999699	-0.0183063923767	-0.0064687058999	0.0206263823247	0.0247891208327	-0.0255168084218	-0.00385283087349	0.035729748661
