#taxonomy	k__Bacteria;p__Bacteroidetes;c__Bacteroidia;o__Bacteroidales;f__Bacteroidaceae;g__Bacteroides;s__Bacteroides_vulgatus	k__Bacteria;p__Bacteroidetes;c__Bacteroidia;o__Bacteroidales;f__Bacteroidaceae;g__Bacteroides;s__Bacteroides_uniformis	k__Bacteria;p__Bacteroidetes;c__Bacteroidia;o__Bacteroidales;f__Rikenellaceae;g__Alistipes;s__Alistipes_putredinis	k__Bacteria;p__Bacteroidetes;c__Bacteroidia;o__Bacteroidales;f__Prevotellaceae;g__Prevotella;s__Prevotella_copri	k__Bacteria;p__Bacteroidetes;c__Bacteroidia;o__Bacteroidales;f__Bacteroidaceae;g__Bacteroides;s__Bacteroides_stercoris	k__Bacteria;p__Bacteroidetes;c__Bacteroidia;o__Bacteroidales;f__Bacteroidaceae;g__Bacteroides;s__Bacteroides_ovatus	k__Bacteria;p__Bacteroidetes;c__Bacteroidia;o__Bacteroidales;f__Rikenellaceae;g__Alistipes;s__Alistipes_shahii	k__Bacteria;p__Firmicutes;c__Clostridia;o__Clostridiales;f__Ruminococcaceae;g__Faecalibacterium;s__Faecalibacterium_prausnitzii	k__Bacteria;p__Bacteroidetes;c__Bacteroidia;o__Bacteroidales;f__Rikenellaceae;g__Alistipes;s__Alistipes_finegoldii	k__Bacteria;p__Bacteroidetes;c__Bacteroidia;o__Bacteroidales;f__Porphyromonadaceae;g__Parabacteroides;s__Parabacteroides_distasonis	k__Bacteria;p__Bacteroidetes;c__Bacteroidia;o__Bacteroidales;f__Bacteroidaceae;g__Bacteroides;s__Bacteroides_thetaiotaomicron	k__Bacteria;p__Bacteroidetes;c__Bacteroidia;o__Bacteroidales;f__Bacteroidaceae;g__Bacteroides;s__Bacteroides_coprocola	k__Bacteria;p__Bacteroidetes;c__Bacteroidia;o__Bacteroidales;f__Bacteroidaceae;g__Bacteroides;s__Bacteroides_cellulosilyticus	k__Bacteria;p__Bacteroidetes;c__Bacteroidia;o__Bacteroidales;f__Rikenellaceae;g__Alistipes;s__Alistipes_obesi	k__Bacteria;p__Firmicutes;c__Clostridia;o__Clostridiales;f__Lachnospiraceae;g__;s__[Eubacterium]_rectale	k__Bacteria;p__Bacteroidetes;c__Bacteroidia;o__Bacteroidales;f__Bacteroidaceae;g__Bacteroides;s__Bacteroides_plebeius	k__Bacteria;p__Bacteroidetes;c__Bacteroidia;o__Bacteroidales;f__Bacteroidaceae;g__Bacteroides;s__Bacteroides_fragilis	k__Bacteria;p__Proteobacteria;c__Betaproteobacteria;o__Burkholderiales;f__Sutterellaceae;g__Sutterella;s__Sutterella_wadsworthensis	k__Bacteria;p__Bacteroidetes;c__Bacteroidia;o__Bacteroidales;f__Porphyromonadaceae;g__Barnesiella;s__Barnesiella_intestinihominis	k__Bacteria;p__Bacteroidetes;c__Bacteroidia;o__Bacteroidales;f__Odoribacteraceae;g__Odoribacter;s__Odoribacter_splanchnicus	k__Bacteria;p__Bacteroidetes;c__Bacteroidia;o__Bacteroidales;f__Bacteroidaceae;g__Bacteroides;s__Bacteroides_salyersiae	k__Bacteria;p__Firmicutes;c__Clostridia;o__Clostridiales;f__Ruminococcaceae;g__Ruminiclostridium;s__[Eubacterium]_siraeum	k__Bacteria;p__Proteobacteria;c__Betaproteobacteria;o__Burkholderiales;f__Sutterellaceae;g__Parasutterella;s__Parasutterella_excrementihominis	k__Bacteria;p__Actinobacteria;c__Actinobacteria;o__Bifidobacteriales;f__Bifidobacteriaceae;g__Bifidobacterium;s__Bifidobacterium_adolescentis	k__Bacteria;p__Firmicutes;c__Clostridia;o__Clostridiales;f__Oscillospiraceae;g__Oscillibacter;s__Oscillibacter_sp._KLE_1745	k__Bacteria;p__Bacteroidetes;c__Bacteroidia;o__Bacteroidales;f__Bacteroidaceae;g__Bacteroides;s__Bacteroides_coprophilus	k__Bacteria;p__Firmicutes;c__Clostridia;o__Clostridiales;f__Lachnospiraceae;g__Roseburia;s__Roseburia_intestinalis	k__Bacteria;p__Firmicutes;c__Clostridia;o__Clostridiales;f__Lachnospiraceae;g__Roseburia;s__Roseburia_hominis	k__Bacteria;p__Bacteroidetes;c__Bacteroidia;o__Bacteroidales;f__Porphyromonadaceae;g__Parabacteroides;s__Parabacteroides_johnsonii	k__Bacteria;p__Actinobacteria;c__Actinobacteria;o__Bifidobacteriales;f__Bifidobacteriaceae;g__Bifidobacterium;s__Bifidobacterium_longum	k__Bacteria;p__Firmicutes;c__Clostridia;o__Clostridiales;f__;g__Flavonifractor;s__Flavonifractor_plautii	k__Bacteria;p__Firmicutes;c__Clostridia;o__Clostridiales;f__Clostridiaceae;g__Clostridium;s__Clostridium_phoceensis	k__Bacteria;p__Verrucomicrobia;c__Verrucomicrobiae;o__Verrucomicrobiales;f__Akkermansiaceae;g__Akkermansia;s__Akkermansia_muciniphila	k__Bacteria;p__Bacteroidetes;c__Bacteroidia;o__Bacteroidales;f__Prevotellaceae;g__Paraprevotella;s__Paraprevotella_xylaniphila	k__Bacteria;p__Firmicutes;c__Clostridia;o__Clostridiales;f__Ruminococcaceae;g__Ruminococcus;s__Ruminococcus_callidus	k__Bacteria;p__Bacteroidetes;c__Bacteroidia;o__Bacteroidales;f__Rikenellaceae;g__Alistipes;s__Alistipes_senegalensis	k__Bacteria;p__Firmicutes;c__Clostridia;o__Clostridiales;f__Lachnospiraceae;g__Blautia;s__Blautia_sp._KLE_1732	k__Bacteria;p__Bacteroidetes;c__Bacteroidia;o__Bacteroidales;f__Bacteroidaceae;g__Bacteroides;s__Bacteroides_oleiciplenus	k__Bacteria;p__Firmicutes;c__Clostridia;o__Clostridiales;f__Ruminococcaceae;g__Ruminococcus;s__Ruminococcus_bicirculans	k__Bacteria;p__Bacteroidetes;c__Bacteroidia;o__Bacteroidales;f__Bacteroidaceae;g__Bacteroides;s__Bacteroides_fluxus	k__Bacteria;p__Bacteroidetes;c__Bacteroidia;o__Bacteroidales;f__Prevotellaceae;g__Prevotella;s__Prevotella_stercorea	k__Bacteria;p__Firmicutes;c__Clostridia;o__Clostridiales;f__Lachnospiraceae;g__Dorea;s__Dorea_longicatena	k__Bacteria;p__Firmicutes;c__Clostridia;o__Clostridiales;f__Eubacteriaceae;g__Eubacterium;s__[Eubacterium]_eligens	k__Bacteria;p__Firmicutes;c__Clostridia;o__Clostridiales;f__Ruminococcaceae;g__;s__Ruminococcaceae_bacterium_D16	k__Bacteria;p__Firmicutes;c__Clostridia;o__Clostridiales;f__Lachnospiraceae;g__Coprococcus;s__Coprococcus_comes	k__Bacteria;p__Proteobacteria;c__Gammaproteobacteria;o__Enterobacterales;f__Enterobacteriaceae;g__Escherichia;s__Escherichia_coli	k__Bacteria;p__Firmicutes;c__Clostridia;o__Clostridiales;f__Ruminococcaceae;g__Anaerotruncus;s__Anaerotruncus_colihominis	k__Bacteria;p__Firmicutes;c__Clostridia;o__Clostridiales;f__Lachnospiraceae;g__Blautia;s__Blautia_obeum	k__Bacteria;p__Bacteroidetes;c__Bacteroidia;o__Bacteroidales;f__Odoribacteraceae;g__Odoribacter;s__Odoribacter_laneus	k__Bacteria;p__Firmicutes;c__Clostridia;o__Clostridiales;f__Ruminococcaceae;g__Ruminiclostridium;s__[Clostridium]_leptum	k__Bacteria;p__Bacteroidetes;c__Bacteroidia;o__Bacteroidales;f__Porphyromonadaceae;g__Parabacteroides;s__Parabacteroides_goldsteinii	k__Bacteria;p__Firmicutes;c__Clostridia;o__Clostridiales;f__Lachnospiraceae;g__Anaerostipes;s__Anaerostipes_hadrus	k__Bacteria;p__Firmicutes;c__Clostridia;o__Clostridiales;f__Ruminococcaceae;g__Ruminococcus;s__Ruminococcus_lactaris	k__Bacteria;p__Firmicutes;c__Clostridia;o__Clostridiales;f__Clostridiaceae;g__Clostridium;s__Clostridium_sp._L2-50	k__Bacteria;p__Firmicutes;c__Clostridia;o__Clostridiales;f__Clostridiaceae;g__Clostridium;s__Clostridium_sp._M62/1	k__Bacteria;p__Firmicutes;c__Clostridia;o__Clostridiales;f__;g__Intestinimonas;s__Intestinimonas_butyriciproducens	k__Bacteria;p__Actinobacteria;c__Actinobacteria;o__Bifidobacteriales;f__Bifidobacteriaceae;g__Bifidobacterium;s__Bifidobacterium_bifidum	k__Bacteria;p__Firmicutes;c__Negativicutes;o__Veillonellales;f__Veillonellaceae;g__Dialister;s__Dialister_invisus	k__Bacteria;p__Bacteroidetes;c__Bacteroidia;o__Bacteroidales;f__Bacteroidaceae;g__Bacteroides;s__Bacteroides_salanitronis
k__Bacteria;p__Bacteroidetes;c__Bacteroidia;o__Bacteroidales;f__Bacteroidaceae;g__Bacteroides;s__Bacteroides_vulgatus	1.0	0.0212714059782	-0.00214675856189	-0.0231605400553	0.036980623799	-0.00981812171254	-0.0140993196714	-0.0327751076258	-0.0296569643179	0.0543064147401	0.00390159338512	0.00287914506536	0.00242213871117	0.0186956122758	-0.0166887692365	-0.0148432732261	-0.00238048021456	-0.0120649061685	-0.00884322822105	-0.0378855849507	-0.0429297105916	-0.0289127815415	0.0187434122968	-0.0610105342918	-0.0462001301111	-0.0261136744038	-0.0140479688958	-0.0422742725198	0.00791583092112	0.0536946943168	-0.00271733897187	-0.0231858743654	0.019249112612	-0.0341851432384	-0.0586908393366	-0.0371511866077	0.0146822918051	0.0216411484451	-0.0217147920705	-0.0470663009457	-0.0485587470588	-0.0253275016119	0.00673136545706	-0.0218396623629	0.0156722392921	-0.0454716894724	0.074377864251	-0.0199563876128	-0.0416682326437	0.0285154815724	0.00409763968718	0.0165390581083	0.0625089528078	0.00572508318287	0.00289192866159	0.0207202734907	0.0197326944836	-0.00135144981435	0.0123142070248
k__Bacteria;p__Bacteroidetes;c__Bacteroidia;o__Bacteroidales;f__Bacteroidaceae;g__Bacteroides;s__Bacteroides_uniformis	0.0212714059782	1.0	-0.0547319664978	0.00370604766651	-0.0458465170153	-0.00961794490222	0.00452960084981	0.0211259880106	-0.027841547911	-0.0377237859786	-0.0278332817955	-0.0366823827788	0.0589517944759	-0.0302924138251	-0.0025492712753	-0.0269663207465	-0.0195991676225	-0.0166218648173	0.0427242926031	-0.0241371847108	0.017793092062	0.0375481645321	-0.000367493745805	-0.0302862818366	0.0615158326993	-0.000679877996361	-0.00131658032979	0.00325883213286	-0.00754236172264	0.0736012393711	0.0365775079277	-0.0431340433981	-0.0347511714685	0.029514430832	-0.0315300021093	-0.0352581711927	-0.00235316236755	0.0343745123218	0.0441048371454	0.0234401326378	-0.0658996168662	0.0396907570764	0.0666771050709	0.0123783984853	0.0476364954604	0.012178610587	0.00558474769643	0.0287055421007	-0.0623918284395	-0.0429040796611	-0.00809760069284	-0.0104577746407	0.00609049426555	-0.00195914012862	-0.0545359020756	-0.0753514740855	0.00873011316911	-0.02841181257	-0.0218953161571
k__Bacteria;p__Bacteroidetes;c__Bacteroidia;o__Bacteroidales;f__Rikenellaceae;g__Alistipes;s__Alistipes_putredinis	-0.00214675856189	-0.0547319664978	1.0	-0.0163149205599	-0.0866510544395	0.00443097198684	-0.029824715924	0.0273590086503	0.0558718628653	-0.0477383322594	-0.0469576358576	0.0130949154872	0.0287359989783	-0.055757398892	-0.0674510993897	0.0390694672481	0.0354750411504	-0.0683840589956	0.0339212743857	0.0662910897402	0.0458531585267	0.0150207610237	-0.0254465045849	0.0152443116977	-0.0519124658396	0.00751978794434	0.0491865039793	0.0174655018528	-0.0209139989548	-0.0088325316439	-0.0481430235147	-0.0483744807371	-0.00992567533268	-0.0672535855556	0.0391521096064	-0.0462905823404	-0.0691330196376	0.0244285181602	-0.0484831180771	-0.0315248433157	-0.0503457400159	0.00639284570399	-0.000391968884184	-0.0300009994328	0.0298948243054	0.0251259157366	-0.0629148070393	-0.00251622771613	-0.0159648632612	-0.0824516322152	-0.0420334532834	0.0397055656626	0.00477093772383	0.05464309773	-0.0451497354545	0.0672306340211	0.0417339600911	0.0283839242133	0.013408494692
k__Bacteria;p__Bacteroidetes;c__Bacteroidia;o__Bacteroidales;f__Prevotellaceae;g__Prevotella;s__Prevotella_copri	-0.0231605400553	0.00370604766651	-0.0163149205599	1.0	-0.0477649716373	-0.0327196875653	-0.0018417975484	-0.0448711476155	0.0367406791686	0.0522823012437	0.0302740753739	-0.0135335544441	0.0108622692077	-0.037515136323	-0.0667448249883	0.000457628235817	0.0114026131668	-0.0425045995197	-0.0587311130068	-0.00111684248596	-0.0257083004424	-0.0164154571344	-0.0502983615687	-0.00410978706144	0.0112200936835	0.0786231032111	0.0556984338633	0.0689555862196	0.00444058399586	0.0594265726126	-0.100421754298	0.0217202728748	-0.038090178007	-0.0159644737613	-0.0327564548282	0.0601412543209	-0.00556663480496	0.0113225529355	-0.0313808202015	-0.0284308396916	0.0072803498112	0.0165151274049	-0.0388001247717	0.0167155805266	0.00152012487288	-0.00294296593296	0.0234817036748	0.0302405215806	0.0284588425958	0.0165164808267	-0.0340441760872	-0.0275689401237	-0.0328580653852	-0.0276412419835	-0.0599215723879	-0.0146041937824	0.0362989417986	0.0100052348613	-0.0193963968582
k__Bacteria;p__Bacteroidetes;c__Bacteroidia;o__Bacteroidales;f__Bacteroidaceae;g__Bacteroides;s__Bacteroides_stercoris	0.036980623799	-0.0458465170153	-0.0866510544395	-0.0477649716373	1.0	-0.0204727032532	-0.015470522455	-0.0307296362392	-0.00446566178517	-0.000499000923404	0.0449888702903	-0.0933324895407	-0.016111691304	-0.0661630506143	0.00732955503357	-0.00759640358874	-0.0281214145063	0.00843849673696	-0.0452106344102	0.0152834364069	0.0467943997629	-0.0637530954107	-0.0221648899858	0.0932423353249	-0.00933390743007	-0.0509026530994	-0.000492196833085	0.0395049614911	-0.0570025904257	-0.0402155953311	0.0476104666529	0.0132538638209	0.0184373141502	0.00488653760216	-0.0414322375937	-0.0947437440865	-0.0305917161126	-0.0100574444201	0.062166642474	-0.0290994584392	-0.0156513689012	-0.0259064658582	-0.0152245707241	-0.0439964801241	-0.0630723569784	0.00741513301432	-0.0021714287196	0.0424780072071	0.0221894992181	-0.0209602827388	0.0428759289442	0.0538024788315	-0.011198756323	-0.00700441836318	-0.00834656699591	-0.0686495121692	-0.0522727274686	0.0296666242543	0.0432699159263
k__Bacteria;p__Bacteroidetes;c__Bacteroidia;o__Bacteroidales;f__Bacteroidaceae;g__Bacteroides;s__Bacteroides_ovatus	-0.00981812171254	-0.00961794490222	0.00443097198684	-0.0327196875653	-0.0204727032532	1.0	0.0251313317172	-0.0340669869148	0.0549441247765	0.0296111501398	0.021564473937	-0.0189491397641	-0.0575714557512	-0.0241847432135	-0.0166808257785	0.00136896028374	-0.00667046882809	-0.0440633161664	0.0467019270384	0.0195032270135	0.0212182318952	-0.0263373127679	-0.0230910912227	-0.0342731129437	-0.00297876619215	0.0500127306868	-0.0517695268604	0.0180924522217	-0.0249159676503	0.00973744711707	-0.00798827259906	-0.0250535349099	-0.0360862097588	0.00995988139601	-0.00758941703252	-0.010770497469	0.0179721827814	0.0482863285695	-0.0212661186518	0.0123196738002	-0.0519013326317	0.000997770482615	0.0058672257223	-0.0468756187049	-0.0214437778049	-0.0278976952909	-0.00955363262154	0.0107745944961	0.0141537590793	-0.00475331020821	0.0105668092321	0.0355273987783	-0.0803965894326	-0.00472237267922	-0.0227193120836	0.0252386480893	0.071028628588	0.035724455581	0.0396969582309
k__Bacteria;p__Bacteroidetes;c__Bacteroidia;o__Bacteroidales;f__Rikenellaceae;g__Alistipes;s__Alistipes_shahii	-0.0140993196714	0.00452960084981	-0.029824715924	-0.0018417975484	-0.015470522455	0.0251313317172	1.0	-0.00897256293878	-0.057736898679	-0.0538794533066	-0.0313730405571	-0.0194319533201	0.0280962671355	-0.0306504246576	0.0285052940622	0.0357368083359	0.0285075133502	0.0150371306905	0.0588798742347	-0.0374506515041	-0.0345182650575	-0.0199794781693	0.0356026840443	-0.0220425858383	0.00143076187512	-0.0153099442146	-0.0334260694562	-0.0162660642249	0.00431582932943	-0.0132181183221	0.0292670089026	-0.0180199517	0.0348328406264	0.0270059917246	-0.0420230647442	-0.0344284269383	0.0472037090028	0.00990256692381	0.0530880472521	-0.0244376471705	0.00015193317792	0.00735186442154	-0.0569891242717	0.0139838220006	-0.0240670710685	-0.0174524474154	0.00399082268179	0.00410844023174	-0.0367926303759	-0.0155087246018	-0.0190867222133	-0.00269962406613	0.0378194577408	0.0392280854934	0.0582672503684	0.0153161184584	0.000496805817196	-0.0828013506732	0.00795749729966
k__Bacteria;p__Firmicutes;c__Clostridia;o__Clostridiales;f__Ruminococcaceae;g__Faecalibacterium;s__Faecalibacterium_prausnitzii	-0.0327751076258	0.0211259880106	0.0273590086503	-0.0448711476155	-0.0307296362392	-0.0340669869148	-0.00897256293878	1.0	-0.00159467794977	-0.0108621873717	-0.00650576375624	0.00379172935867	0.00166623907393	-0.0277029832835	-0.0705101876561	-0.0227092582956	0.0279200346391	0.00503493753955	-0.056197231053	-0.0549827020534	-0.0206692665469	-0.0139751680637	0.0427336622108	0.000200092024377	0.098413889756	-0.0913053348402	-0.00617675127004	-0.00496804770713	0.0193265572263	-0.0516348810867	-0.0404791991474	-0.0739391209951	-0.0536593384144	0.00167818013775	0.0564591472325	-0.0562335313597	-0.0496448924311	-0.0358465908938	0.0453283644002	0.00841546800196	0.0832729597576	-0.0247850463066	0.0260812927042	-0.0444612787036	-0.0339508970231	-0.0240655749957	0.00640024654956	-0.0100658998095	0.0524987026323	0.0247525241346	-0.00920561818555	0.0294196232767	0.0205473722443	0.0263220105998	-0.0239088722594	0.0343661481738	-0.0193649651003	-0.0304257585848	-0.013500836797
k__Bacteria;p__Bacteroidetes;c__Bacteroidia;o__Bacteroidales;f__Rikenellaceae;g__Alistipes;s__Alistipes_finegoldii	-0.0296569643179	-0.027841547911	0.0558718628653	0.0367406791686	-0.00446566178517	0.0549441247765	-0.057736898679	-0.00159467794977	1.0	-0.0176935913792	-0.00460004979865	0.022956277038	-0.0353247628915	0.0230508133868	0.0328957941479	-0.0258923545211	0.0283909873067	-0.00377696548679	0.00830660799511	0.0080429695005	0.00946815530243	0.00369844361676	-0.0318970948824	-0.0456804834217	-0.0517052915247	-0.0624974519049	-0.0667063933373	-0.0225120835789	0.00234371912154	-0.0388158622216	0.0025842064828	-0.0444849859381	0.0373675280507	-0.0140875083295	0.0299311709365	-0.0253898833424	0.00317472370474	0.0327821152794	-0.0157082684914	0.0163779956016	-0.0560354368111	-0.0177068117726	-0.0338394175908	-0.00351300544577	-0.0103908351258	0.0208055020058	-0.0384313883566	-0.0273817875416	-0.00603052967932	0.0819900102912	-0.0122769487268	0.0656828486339	0.0221071828534	0.0400878669124	0.0358153200729	-0.0422350535412	0.0178191612077	-0.00949262433796	0.0214439781519
k__Bacteria;p__Bacteroidetes;c__Bacteroidia;o__Bacteroidales;f__Porphyromonadaceae;g__Parabacteroides;s__Parabacteroides_distasonis	0.0543064147401	-0.0377237859786	-0.0477383322594	0.0522823012437	-0.000499000923403	0.0296111501398	-0.0538794533066	-0.0108621873717	-0.0176935913792	1.0	-0.00292657124645	0.0180238653076	-0.0142577509308	-0.0216177816347	0.0177607374315	-0.0329759372577	-0.0413748389975	-0.0255707420526	-0.00216155129071	-0.101998237372	0.00765293078741	-0.0442893559381	-0.0079019547564	0.00756490985342	0.0079427856303	-0.0290025200755	0.00485633970149	-0.0236845774936	-0.0245605073285	-0.0080521350747	0.0218580462114	0.00662376292128	0.0480228785164	0.0258875274269	-0.0265926347578	0.0293240364302	0.0139728232275	-0.0463440025397	0.0222003217756	0.0861458132558	-0.00480508750213	-0.0566689287463	0.0177842735504	-0.0365091761537	-0.0150287918418	-0.103926530047	0.0564228232409	-0.0443229308663	-0.0715168196816	-0.00648546464515	0.0186743485947	0.0161834753195	-0.0516414745669	-0.0212545679244	0.00923877279604	0.0448098350746	-0.0488490491948	-0.0057812956107	-0.0138776617513
k__Bacteria;p__Bacteroidetes;c__Bacteroidia;o__Bacteroidales;f__Bacteroidaceae;g__Bacteroides;s__Bacteroides_thetaiotaomicron	0.00390159338512	-0.0278332817955	-0.0469576358576	0.0302740753739	0.0449888702903	0.021564473937	-0.0313730405571	-0.00650576375624	-0.00460004979865	-0.00292657124645	1.0	-0.0112681630551	0.0370417180237	-0.0740616215342	0.0213635830545	-0.00325498766402	0.000683214318395	-0.070405537475	0.00469013882191	0.0405438275816	-0.0119278492235	-0.0191086437995	0.0399798329191	-0.00648281277207	-0.0853844893869	-0.0192111879393	0.0733240122923	-0.00247277511931	-0.0130990383086	0.0369687488908	0.00967101737373	-0.0253655490497	-0.0405906851803	0.00216699368594	-0.0159737438548	-0.0354039497981	0.0390443182106	-0.00608828279377	0.0147714444152	-0.0270092212735	0.000306462890672	-0.00709538913523	0.0173166043988	-0.0298238503274	0.0388749252289	0.0159906643126	-0.0100989156288	0.0139262770427	0.023358593725	-0.0272424672664	-0.0739515305371	-0.010570325297	0.0250235051796	-0.00948754185789	0.0415840989993	0.0112065729445	0.0206505596565	-0.0453716956478	-0.0226407403934
k__Bacteria;p__Bacteroidetes;c__Bacteroidia;o__Bacteroidales;f__Bacteroidaceae;g__Bacteroides;s__Bacteroides_coprocola	0.00287914506536	-0.0366823827788	0.0130949154872	-0.0135335544441	-0.0933324895407	-0.0189491397641	-0.0194319533201	0.00379172935867	0.022956277038	0.0180238653076	-0.0112681630551	1.0	-0.0200041023305	0.0432417169802	-0.0257496590407	0.00225473320148	0.00790766099526	-0.00681332984073	0.00849781580644	-0.0499408954934	0.0712773126791	-0.0126117898542	0.000163992627248	-0.0438856941563	-0.000999348835021	-0.0516058758935	0.00267331234882	-0.00998806958467	-0.00690774633939	-0.0287575167093	-0.0337436647614	-0.00868346782817	-0.0116578832657	-0.0172130341633	0.0370070814689	0.0180169830122	-0.0280697789306	-0.0604791186013	-0.0200532990146	-0.0244145398306	-0.0242368124146	-0.0224275850448	0.0210132798227	0.00741581813228	0.00148272078479	0.00661508138551	-0.0371729248784	-0.0114916385446	-0.0498555098541	-0.0575141745593	0.0556301350397	-0.00853506176991	-0.0165764703298	0.0347273487741	0.00316653049067	0.048424270009	-0.0299389251546	-0.00137843216941	-0.0332175239084
k__Bacteria;p__Bacteroidetes;c__Bacteroidia;o__Bacteroidales;f__Bacteroidaceae;g__Bacteroides;s__Bacteroides_cellulosilyticus	0.00242213871117	0.0589517944759	0.0287359989783	0.0108622692077	-0.016111691304	-0.0575714557512	0.0280962671355	0.00166623907393	-0.0353247628915	-0.0142577509308	0.0370417180237	-0.0200041023305	1.0	0.00686894844602	0.0138748559363	-0.0352754781065	0.0333695208745	-0.0231046610386	0.0334154235275	-0.0251511096818	0.0216155294087	0.00667110810039	-0.02524419867	0.024118861484	0.017042446926	-0.0172290428055	-0.00427092393305	-0.00186622846093	-0.0351616316362	-0.0543562335153	-0.0257948269725	0.0111653996045	7.96508519388e-05	0.0303419941638	0.0311522145943	-0.0193391305768	0.0102716846028	0.0188213402967	0.0273585370137	0.0084102234411	-0.0714709111428	-0.00635484133515	0.00966163358134	-0.0323733823173	-0.0722620009827	0.0105638573496	-0.0292073530266	-0.013355246089	0.0170016694495	-0.00911054658472	-0.0282188902509	0.00130321472147	-0.0363916175232	0.0264888888213	0.0192400000411	-0.0120606262594	-0.0442491378443	-0.0277959621278	0.00386141254277
k__Bacteria;p__Bacteroidetes;c__Bacteroidia;o__Bacteroidales;f__Rikenellaceae;g__Alistipes;s__Alistipes_obesi	0.0186956122758	-0.0302924138251	-0.055757398892	-0.037515136323	-0.0661630506143	-0.0241847432135	-0.0306504246576	-0.0277029832835	0.0230508133868	-0.0216177816347	-0.0740616215342	0.0432417169802	0.00686894844602	1.0	0.0166665412143	0.03317825196	0.0236971884516	-0.00378737752433	-0.0273736529155	-0.00362201293088	0.00542144449429	-0.0241360357389	-0.0760482121849	0.0114381780543	-0.0222643928038	0.0466468909275	0.0304176353697	-0.0159237024515	0.0316663061257	-0.0261471267907	-0.0188376133606	-0.0573851451893	-0.00516570281612	0.050525652183	0.0410894423667	-0.00684221259118	-0.0427251787065	-0.0765920964995	-0.0538611187028	0.00296934515614	0.0194438620221	0.0234410754596	0.0281322743065	-0.031326637443	-0.000246499536853	-0.0330253889689	-0.0370078498126	-0.0131279970661	0.0108188195824	-0.00632239604808	-0.0965551527319	0.0338150302264	0.000990692730384	-0.0341680027489	-0.000455567182242	-0.0239691350821	-0.00707824738617	-0.00321620500709	-0.0127341263082
k__Bacteria;p__Firmicutes;c__Clostridia;o__Clostridiales;f__Lachnospiraceae;g__;s__[Eubacterium]_rectale	-0.0166887692365	-0.0025492712753	-0.0674510993897	-0.0667448249883	0.00732955503357	-0.0166808257785	0.0285052940622	-0.0705101876561	0.0328957941479	0.0177607374315	0.0213635830545	-0.0257496590407	0.0138748559363	0.0166665412143	1.0	-0.0207319933209	-0.0348348872607	0.0343250280582	0.0258035849456	-0.00133918307866	-0.0229038674038	-0.0322906632452	-0.0347672863157	-0.0338889753108	-0.017106066222	0.0457004236035	-0.053272856637	-0.0305350330672	-0.0241442660172	-0.0228783956211	-0.0161279217065	-0.00772431531343	0.00962532913128	0.027132327037	-0.00251245858004	-0.0431772415239	-0.00949046377482	-0.000732507625124	-0.0245593858499	0.0330556853034	0.0333372130788	0.00101828380962	-0.0297304773287	0.0547652978015	-0.0159464618235	0.0563585613311	0.0422801566632	-0.00995279068853	-0.0197326861804	0.00712363092476	-0.0119624154128	-0.0480854331214	0.00963416834735	-0.0291832041855	0.0556559239793	-0.0303606907946	-0.0226119282452	-0.0500918408147	-0.052203529595
k__Bacteria;p__Bacteroidetes;c__Bacteroidia;o__Bacteroidales;f__Bacteroidaceae;g__Bacteroides;s__Bacteroides_plebeius	-0.0148432732261	-0.0269663207465	0.0390694672481	0.000457628235817	-0.00759640358874	0.00136896028374	0.0357368083359	-0.0227092582956	-0.0258923545211	-0.0329759372577	-0.00325498766402	0.00225473320148	-0.0352754781065	0.03317825196	-0.0207319933209	1.0	-0.0194556934982	-0.0297824969032	0.0231884970208	0.0234123325508	-0.0117419684875	-0.00105491257263	-0.0137327538501	-0.0500778921551	-0.0329848910672	-0.0196577304226	-0.0428806496531	-0.00639655743711	-0.0241576845011	0.0642957848007	-0.0207171832711	0.0534995925873	-0.0874102804516	0.0397654331519	0.0329551235944	-0.0206166859258	0.0326407361469	0.0173688158798	0.0192545893904	0.0123789873787	-0.00659936986654	0.0472767777763	0.0210980152159	-0.0152062216366	0.00874360576709	-0.0117949829944	-0.0116018674802	-0.00680842522665	-0.0244991849302	0.0158560636306	0.023842792357	0.0158942850937	-0.0474051849187	0.0024331055261	-0.0454706535049	-0.0233806147393	0.0193320236396	0.0135365815557	0.00955515423901
k__Bacteria;p__Bacteroidetes;c__Bacteroidia;o__Bacteroidales;f__Bacteroidaceae;g__Bacteroides;s__Bacteroides_fragilis	-0.00238048021456	-0.0195991676225	0.0354750411504	0.0114026131668	-0.0281214145063	-0.00667046882809	0.0285075133502	0.0279200346391	0.0283909873067	-0.0413748389975	0.000683214318396	0.00790766099526	0.0333695208745	0.0236971884516	-0.0348348872607	-0.0194556934982	1.0	-0.0775857270351	-0.0687043818161	-0.0174326280014	-0.0762271046481	0.0215022168652	0.0948326034127	-0.0174121672685	0.0173948637466	-0.0291499659337	-0.00134646101282	-0.0222504530217	-0.0213251398505	-0.0030334547548	0.0209328884978	-0.0392514363176	-0.0236410975187	0.0170950537234	-0.0465584768688	-0.0257489873766	0.000250103425103	-0.0135959925528	0.00861036809273	-0.0153742437999	0.0157228170115	-0.0383297539321	0.00605628924169	0.0446846311469	0.00304945206551	-0.0115337595021	-0.0455754462138	-0.0144578588361	-0.00927013873439	0.0327090656672	0.0447556330991	-0.000322292702956	0.0165498920982	-0.0250010383458	0.00397542825616	0.00840904539119	-0.0315853842808	-0.0622462965269	-0.00044520956488
k__Bacteria;p__Proteobacteria;c__Betaproteobacteria;o__Burkholderiales;f__Sutterellaceae;g__Sutterella;s__Sutterella_wadsworthensis	-0.0120649061685	-0.0166218648173	-0.0683840589956	-0.0425045995197	0.00843849673697	-0.0440633161664	0.0150371306905	0.00503493753955	-0.00377696548679	-0.0255707420526	-0.070405537475	-0.00681332984073	-0.0231046610386	-0.00378737752433	0.0343250280582	-0.0297824969032	-0.0775857270351	1.0	-0.0205567469471	0.0864238292422	0.000560681797604	0.0160343298789	-0.0275239565767	0.00680156887953	0.0274129672218	0.00769003971456	-0.0306588974758	0.0241978003384	-0.0228426325555	-0.0267361385882	0.0471030705411	0.0119700052442	-0.0101558984994	0.00687869923102	0.0499188687204	0.00060938117434	-0.0599292346249	0.0258669890022	0.0177948895697	-0.0253768168789	0.00155477219708	-0.0366833014894	0.0415989012862	-0.0378620498572	-0.0094658364553	0.00706244326842	0.0150820859631	0.0129938265414	0.0458523968567	-0.0704517636542	-0.00139650621968	0.0171949160705	0.0236321121119	0.0048648207731	0.0128507130267	-0.0947559083557	-0.0482338638182	-0.00980735583999	-0.0321059677441
k__Bacteria;p__Bacteroidetes;c__Bacteroidia;o__Bacteroidales;f__Porphyromonadaceae;g__Barnesiella;s__Barnesiella_intestinihominis	-0.00884322822105	0.0427242926031	0.0339212743857	-0.0587311130068	-0.0452106344102	0.0467019270384	0.0588798742347	-0.056197231053	0.00830660799511	-0.00216155129071	0.00469013882191	0.00849781580644	0.0334154235275	-0.0273736529155	0.0258035849456	0.0231884970208	-0.0687043818161	-0.0205567469471	1.0	-0.0455995923069	0.0327466900727	-0.0130330797663	-0.00108148168651	-0.0336952694181	-0.0305352047667	-0.0127245025746	0.0325581294775	0.0233493054802	0.0049829192008	-0.0148627128163	0.0142681893465	0.023878892171	-0.043651237895	0.0448330815216	-0.0349531238852	-9.06060364379e-05	-0.029642764018	0.00610865623674	-0.0173736418705	-0.0174356356866	-0.0306722709391	-0.0187662947337	-0.0209488063338	0.00732248645489	0.00780728138038	0.0154780222576	-0.0300734024082	-0.0114239851178	-0.0475680426335	-0.0305149878445	0.0068676650509	-0.0202937239992	-0.0390337431477	-0.0426951266397	-0.0196370020065	-0.0503623285822	-0.00866470412036	0.0135846917077	0.0337961244574
k__Bacteria;p__Bacteroidetes;c__Bacteroidia;o__Bacteroidales;f__Odoribacteraceae;g__Odoribacter;s__Odoribacter_splanchnicus	-0.0378855849507	-0.0241371847108	0.0662910897402	-0.00111684248597	0.0152834364069	0.0195032270135	-0.0374506515041	-0.0549827020534	0.0080429695005	-0.101998237372	0.0405438275816	-0.0499408954934	-0.0251511096818	-0.00362201293088	-0.00133918307866	0.0234123325508	-0.0174326280014	0.0864238292422	-0.0455995923069	1.0	-0.00149042848267	-0.0223777092826	-0.0379300676456	0.0220892078949	-0.0116751308631	-0.000976101914593	-0.0629707214802	-0.0239686339447	-0.0355389512864	0.0390197272044	-0.0437827541404	0.0217162048854	0.0175643225515	-0.00609732282934	0.0254022898393	-0.0142760986689	-0.00105694589718	0.0117048914791	-0.087480759674	0.0322237756836	0.0110124380303	0.0404569816981	0.0334509202164	-0.00446977272663	0.0111466612014	0.0433332474999	-0.0507831290494	-0.0463649934647	0.0343477106666	0.0602554025009	-0.00938668305755	-0.102650439778	0.00224229180799	-0.0371426489698	0.0249201668756	-0.0504750042625	0.0295645415064	0.00243710652676	-0.0352940977309
k__Bacteria;p__Bacteroidetes;c__Bacteroidia;o__Bacteroidales;f__Bacteroidaceae;g__Bacteroides;s__Bacteroides_salyersiae	-0.0429297105916	0.017793092062	0.0458531585267	-0.0257083004424	0.0467943997629	0.0212182318952	-0.0345182650575	-0.0206692665469	0.00946815530243	0.00765293078741	-0.0119278492235	0.0712773126791	0.0216155294087	0.00542144449429	-0.0229038674038	-0.0117419684875	-0.0762271046481	0.000560681797604	0.0327466900727	-0.00149042848267	1.0	0.00971674901234	0.00244136553206	0.0308947988431	-0.0268897068818	0.000311217634324	-0.0392305664277	-0.0718680430368	-0.0135398487271	-0.0646778609107	-0.0362452307141	0.0425214997669	0.0466435597095	-0.0264079799028	-0.0247426071582	-0.0623460510346	-0.00262378427741	0.0629022932802	-0.00369128548835	-0.0127018137955	-0.0305774903744	0.00369539192909	-0.00621364083566	-0.0350402736172	0.0193783623575	0.00760837252435	-0.00802090441977	-0.000353543759391	-0.0742505681474	-0.0268203271355	-0.00419680058676	0.0855078561789	-0.01373875121	0.0168637874081	0.050740230004	-0.0023743066943	-0.0698463023092	0.0197566890391	0.00777191899021
k__Bacteria;p__Firmicutes;c__Clostridia;o__Clostridiales;f__Ruminococcaceae;g__Ruminiclostridium;s__[Eubacterium]_siraeum	-0.0289127815415	0.0375481645321	0.0150207610237	-0.0164154571344	-0.0637530954107	-0.0263373127679	-0.0199794781693	-0.0139751680637	0.00369844361676	-0.0442893559381	-0.0191086437995	-0.0126117898542	0.00667110810039	-0.0241360357389	-0.0322906632452	-0.00105491257263	0.0215022168652	0.0160343298789	-0.0130330797663	-0.0223777092826	0.00971674901234	1.0	-0.0467401762628	-0.00936945632337	-0.0444721259384	0.00911158237749	0.0275427967654	-0.024409609783	0.0654842052033	-0.0178126594215	0.0329172236032	0.00865122042307	-0.000389297244827	-0.0019561330317	-0.0119222563855	-0.0630526862026	0.0305577033648	-0.0343981012842	-0.0367062851172	0.00788871699196	-0.0616548667335	-0.0131768207412	0.00265972434761	0.0460267860962	0.0440293779166	0.0187052961804	-0.0129459476959	-0.010549735861	-0.0200521660673	-0.00378503350714	-0.035443163814	0.0122307912962	0.0473887632887	-0.014309677075	-0.0453274039806	0.0031644755608	-0.0199976302295	0.0281655872896	0.0138359879985
k__Bacteria;p__Proteobacteria;c__Betaproteobacteria;o__Burkholderiales;f__Sutterellaceae;g__Parasutterella;s__Parasutterella_excrementihominis	0.0187434122968	-0.000367493745805	-0.0254465045849	-0.0502983615687	-0.0221648899858	-0.0230910912227	0.0356026840443	0.0427336622108	-0.0318970948824	-0.0079019547564	0.0399798329191	0.000163992627248	-0.02524419867	-0.0760482121849	-0.0347672863157	-0.0137327538501	0.0948326034127	-0.0275239565767	-0.00108148168651	-0.0379300676456	0.00244136553206	-0.0467401762628	1.0	-0.00807771424905	0.0201660285542	-0.0232273360225	0.0531545901271	-0.0187012892871	0.0223651347669	-0.0382398016509	0.0315061207801	0.0422385081765	-0.00383693069323	0.00119427488165	0.0172886937257	0.0367857325122	0.0642104340887	-0.088105132522	-0.0780665914721	0.0459524359128	0.0612007407039	-9.39806163391e-07	0.0121661321092	0.00668572220291	-0.0428404110569	-0.0193856390003	-0.0363828137007	0.00277081095829	0.00986447797472	-0.0336845345683	0.00609949193885	0.0173052665128	-0.00344804447257	-0.0239723524531	0.00653930633926	-0.00433597548537	-0.0049804257228	-0.0478448821673	0.0309888006602
k__Bacteria;p__Actinobacteria;c__Actinobacteria;o__Bifidobacteriales;f__Bifidobacteriaceae;g__Bifidobacterium;s__Bifidobacterium_adolescentis	-0.0610105342918	-0.0302862818366	0.0152443116977	-0.00410978706144	0.0932423353249	-0.0342731129437	-0.0220425858383	0.000200092024377	-0.0456804834217	0.00756490985342	-0.00648281277207	-0.0438856941563	0.024118861484	0.0114381780543	-0.0338889753108	-0.0500778921551	-0.0174121672685	0.00680156887953	-0.0336952694181	0.0220892078949	0.0308947988431	-0.00936945632337	-0.00807771424905	1.0	-0.0536012277003	-0.05189238931	-0.000226261226131	0.040628883673	0.0250362483215	-0.0103841940647	0.029476637097	-0.0662976752435	0.0436683052122	-0.0657862925886	0.0206495001445	-0.0366316461606	-0.028441030879	-0.0361110167392	0.0330300691874	-0.0202766412398	-0.0282041898542	0.00577746173854	-0.0465107637686	-0.001226072486	-0.0283241247863	0.0455545012054	-0.026650172916	-0.00873619751438	-0.0193222981721	-0.0426558094164	-0.0218023897038	-0.018193341141	0.0160858129107	0.0770775804146	-0.0509522094707	-0.0437003618592	-0.0102183736325	-0.0380443956782	0.0320116694999
k__Bacteria;p__Firmicutes;c__Clostridia;o__Clostridiales;f__Oscillospiraceae;g__Oscillibacter;s__Oscillibacter_sp._KLE_1745	-0.0462001301111	0.0615158326993	-0.0519124658396	0.0112200936835	-0.00933390743007	-0.00297876619215	0.00143076187512	0.098413889756	-0.0517052915247	0.0079427856303	-0.0853844893869	-0.000999348835021	0.017042446926	-0.0222643928038	-0.017106066222	-0.0329848910672	0.0173948637466	0.0274129672218	-0.0305352047667	-0.0116751308631	-0.0268897068818	-0.0444721259384	0.0201660285542	-0.0536012277003	1.0	-0.0218612168862	-0.048487753959	-0.0233704778617	0.085392928238	0.0566075046593	0.00497016416121	0.0530080945946	-0.0228496820052	0.0317096667329	-0.0791213650747	0.0242535957442	-0.0295169100828	0.0340128294579	-0.00461731004417	-0.0195750063727	0.00465544708827	-0.0447705691524	-0.00332508382046	-0.0227980055663	0.0153516615419	-0.021391207536	0.0198491276992	0.030477250579	-0.024760212721	-0.0353914337865	0.0351264785593	-0.021380888175	0.00372950451801	-0.0151723291002	-0.0353343537227	0.00519092006043	-0.0409228857448	0.00188327021088	-0.0194238998973
k__Bacteria;p__Bacteroidetes;c__Bacteroidia;o__Bacteroidales;f__Bacteroidaceae;g__Bacteroides;s__Bacteroides_coprophilus	-0.0261136744038	-0.000679877996361	0.00751978794434	0.0786231032111	-0.0509026530994	0.0500127306868	-0.0153099442146	-0.0913053348402	-0.0624974519049	-0.0290025200755	-0.0192111879393	-0.0516058758935	-0.0172290428055	0.0466468909275	0.0457004236035	-0.0196577304226	-0.0291499659337	0.00769003971456	-0.0127245025746	-0.000976101914593	0.000311217634324	0.00911158237749	-0.0232273360225	-0.05189238931	-0.0218612168862	1.0	0.0133317154223	0.0204032292281	-0.0113782059085	-0.0277997923078	-0.0114198933952	0.0193473786327	-0.0179147316884	-0.0555901103672	0.0167203145561	-0.0188440962454	-0.0378704987944	-0.0431841384547	-0.0204085355874	0.0016230568262	-0.0517140901096	0.0193455983754	-0.00439721143041	-0.0487637790626	0.0760742436936	0.00876449230909	0.0497445737043	-0.0203740351634	0.00803845454879	0.00708673148771	-0.0411510723264	-0.0484032729549	0.0326873467984	-0.0336757353197	-0.00928680799238	-0.0338041731219	-0.0306717238286	0.0117545659139	0.0301229959998
k__Bacteria;p__Firmicutes;c__Clostridia;o__Clostridiales;f__Lachnospiraceae;g__Roseburia;s__Roseburia_intestinalis	-0.0140479688958	-0.00131658032979	0.0491865039793	0.0556984338633	-0.000492196833085	-0.0517695268604	-0.0334260694562	-0.00617675127004	-0.0667063933373	0.00485633970149	0.0733240122923	0.00267331234882	-0.00427092393305	0.0304176353697	-0.053272856637	-0.0428806496531	-0.00134646101282	-0.0306588974758	0.0325581294775	-0.0629707214802	-0.0392305664277	0.0275427967654	0.0531545901271	-0.000226261226131	-0.048487753959	0.0133317154223	1.0	0.0532424360757	0.0108277628708	-0.0671863880664	-0.0179880012897	0.0204438227312	-0.00813071564761	0.00276734069527	-0.0251839558743	-0.0131593456226	-0.0111259558516	-0.0675775104903	-0.0444935594792	0.00640323832231	-0.0103640276313	-0.0140779608391	-0.012005217461	-0.0132282491807	-0.0168226320969	0.03763960248	-0.00747949518457	0.0114016815889	-0.00755667456418	0.00469816427973	0.00239889330492	-0.049437087981	0.00470901033186	0.0213301322998	0.0157931624695	0.0162168502401	-0.0122557049617	0.0307291867439	-0.0407013592584
k__Bacteria;p__Firmicutes;c__Clostridia;o__Clostridiales;f__Lachnospiraceae;g__Roseburia;s__Roseburia_hominis	-0.0422742725198	0.00325883213286	0.0174655018528	0.0689555862196	0.0395049614911	0.0180924522217	-0.0162660642249	-0.00496804770713	-0.0225120835789	-0.0236845774936	-0.00247277511931	-0.00998806958467	-0.00186622846093	-0.0159237024515	-0.0305350330672	-0.00639655743711	-0.0222504530217	0.0241978003384	0.0233493054802	-0.0239686339447	-0.0718680430368	-0.024409609783	-0.0187012892871	0.040628883673	-0.0233704778617	0.0204032292281	0.0532424360757	1.0	0.00115850488422	-0.0147960659883	-0.0663839980046	0.0890538607884	0.0258876007496	-0.0242461482531	-0.0585187844042	-0.0126988805083	-0.0226351419693	-0.00545203558336	0.0355534413011	-0.0552798634192	-6.63879165901e-05	-0.0140494095379	-0.0365836738317	-0.00334047813757	0.0272413653467	-0.0351341642658	0.045958369985	-0.0285069813952	0.0036607438636	0.0162531809553	0.00157107772288	-0.0105191358981	-0.0106113263718	0.0236910514428	-0.0423959857321	-0.0292432838132	-0.0244070178188	-0.0273692156812	-0.0321534843952
k__Bacteria;p__Bacteroidetes;c__Bacteroidia;o__Bacteroidales;f__Porphyromonadaceae;g__Parabacteroides;s__Parabacteroides_johnsonii	0.00791583092112	-0.00754236172264	-0.0209139989548	0.00444058399586	-0.0570025904257	-0.0249159676503	0.00431582932943	0.0193265572263	0.00234371912154	-0.0245605073285	-0.0130990383086	-0.00690774633939	-0.0351616316362	0.0316663061257	-0.0241442660172	-0.0241576845011	-0.0213251398505	-0.0228426325555	0.0049829192008	-0.0355389512864	-0.0135398487271	0.0654842052033	0.0223651347669	0.0250362483215	0.085392928238	-0.0113782059085	0.0108277628708	0.00115850488422	1.0	-0.0220182757458	0.0472563599738	-0.048317191158	-0.0248178826893	-0.0169865403136	-0.0182454955988	0.00397643879496	0.00081881562424	0.0108399149337	-0.00674660877879	0.00387122448368	-0.0284067128568	0.0272398832551	0.0432080653366	0.0502204295146	-0.0130481171799	-0.0324529485485	-0.0330779261208	0.0197239665582	-0.0205419349033	-0.0043228873492	0.00337418525336	-0.0344674098868	-0.0121151451642	-0.034243676151	-0.0379641118254	0.00152294063081	-0.0199376124697	-0.0380133127128	-0.0539064123046
