#taxonomy	k__Bacteria;p__Bacteroidetes;c__Bacteroidia;o__Bacteroidales;f__Bacteroidaceae;g__Bacteroides;s__Bacteroides_vulgatus	k__Bacteria;p__Bacteroidetes;c__Bacteroidia;o__Bacteroidales;f__Bacteroidaceae;g__Bacteroides;s__Bacteroides_uniformis	k__Bacteria;p__Bacteroidetes;c__Bacteroidia;o__Bacteroidales;f__Rikenellaceae;g__Alistipes;s__Alistipes_putredinis	k__Bacteria;p__Bacteroidetes;c__Bacteroidia;o__Bacteroidales;f__Prevotellaceae;g__Prevotella;s__Prevotella_copri	k__Bacteria;p__Bacteroidetes;c__Bacteroidia;o__Bacteroidales;f__Bacteroidaceae;g__Bacteroides;s__Bacteroides_stercoris	k__Bacteria;p__Bacteroidetes;c__Bacteroidia;o__Bacteroidales;f__Bacteroidaceae;g__Bacteroides;s__Bacteroides_ovatus	k__Bacteria;p__Bacteroidetes;c__Bacteroidia;o__Bacteroidales;f__Rikenellaceae;g__Alistipes;s__Alistipes_shahii	k__Bacteria;p__Firmicutes;c__Clostridia;o__Clostridiales;f__Ruminococcaceae;g__Faecalibacterium;s__Faecalibacterium_prausnitzii	k__Bacteria;p__Bacteroidetes;c__Bacteroidia;o__Bacteroidales;f__Rikenellaceae;g__Alistipes;s__Alistipes_finegoldii	k__Bacteria;p__Bacteroidetes;c__Bacteroidia;o__Bacteroidales;f__Porphyromonadaceae;g__Parabacteroides;s__Parabacteroides_distasonis	k__Bacteria;p__Bacteroidetes;c__Bacteroidia;o__Bacteroidales;f__Bacteroidaceae;g__Bacteroides;s__Bacteroides_thetaiotaomicron	k__Bacteria;p__Bacteroidetes;c__Bacteroidia;o__Bacteroidales;f__Bacteroidaceae;g__Bacteroides;s__Bacteroides_coprocola	k__Bacteria;p__Bacteroidetes;c__Bacteroidia;o__Bacteroidales;f__Bacteroidaceae;g__Bacteroides;s__Bacteroides_cellulosilyticus	k__Bacteria;p__Bacteroidetes;c__Bacteroidia;o__Bacteroidales;f__Rikenellaceae;g__Alistipes;s__Alistipes_obesi	k__Bacteria;p__Firmicutes;c__Clostridia;o__Clostridiales;f__Lachnospiraceae;g__;s__[Eubacterium]_rectale	k__Bacteria;p__Bacteroidetes;c__Bacteroidia;o__Bacteroidales;f__Bacteroidaceae;g__Bacteroides;s__Bacteroides_plebeius	k__Bacteria;p__Bacteroidetes;c__Bacteroidia;o__Bacteroidales;f__Bacteroidaceae;g__Bacteroides;s__Bacteroides_fragilis	k__Bacteria;p__Proteobacteria;c__Betaproteobacteria;o__Burkholderiales;f__Sutterellaceae;g__Sutterella;s__Sutterella_wadsworthensis	k__Bacteria;p__Bacteroidetes;c__Bacteroidia;o__Bacteroidales;f__Porphyromonadaceae;g__Barnesiella;s__Barnesiella_intestinihominis	k__Bacteria;p__Bacteroidetes;c__Bacteroidia;o__Bacteroidales;f__Odoribacteraceae;g__Odoribacter;s__Odoribacter_splanchnicus	k__Bacteria;p__Bacteroidetes;c__Bacteroidia;o__Bacteroidales;f__Bacteroidaceae;g__Bacteroides;s__Bacteroides_salyersiae	k__Bacteria;p__Firmicutes;c__Clostridia;o__Clostridiales;f__Ruminococcaceae;g__Ruminiclostridium;s__[Eubacterium]_siraeum	k__Bacteria;p__Proteobacteria;c__Betaproteobacteria;o__Burkholderiales;f__Sutterellaceae;g__Parasutterella;s__Parasutterella_excrementihominis	k__Bacteria;p__Actinobacteria;c__Actinobacteria;o__Bifidobacteriales;f__Bifidobacteriaceae;g__Bifidobacterium;s__Bifidobacterium_adolescentis	k__Bacteria;p__Firmicutes;c__Clostridia;o__Clostridiales;f__Oscillospiraceae;g__Oscillibacter;s__Oscillibacter_sp._KLE_1745	k__Bacteria;p__Bacteroidetes;c__Bacteroidia;o__Bacteroidales;f__Bacteroidaceae;g__Bacteroides;s__Bacteroides_coprophilus	k__Bacteria;p__Firmicutes;c__Clostridia;o__Clostridiales;f__Lachnospiraceae;g__Roseburia;s__Roseburia_intestinalis	k__Bacteria;p__Firmicutes;c__Clostridia;o__Clostridiales;f__Lachnospiraceae;g__Roseburia;s__Roseburia_hominis	k__Bacteria;p__Bacteroidetes;c__Bacteroidia;o__Bacteroidales;f__Porphyromonadaceae;g__Parabacteroides;s__Parabacteroides_johnsonii	k__Bacteria;p__Actinobacteria;c__Actinobacteria;o__Bifidobacteriales;f__Bifidobacteriaceae;g__Bifidobacterium;s__Bifidobacterium_longum	k__Bacteria;p__Firmicutes;c__Clostridia;o__Clostridiales;f__;g__Flavonifractor;s__Flavonifractor_plautii	k__Bacteria;p__Firmicutes;c__Clostridia;o__Clostridiales;f__Clostridiaceae;g__Clostridium;s__Clostridium_phoceensis	k__Bacteria;p__Verrucomicrobia;c__Verrucomicrobiae;o__Verrucomicrobiales;f__Akkermansiaceae;g__Akkermansia;s__Akkermansia_muciniphila	k__Bacteria;p__Bacteroidetes;c__Bacteroidia;o__Bacteroidales;f__Prevotellaceae;g__Paraprevotella;s__Paraprevotella_xylaniphila	k__Bacteria;p__Firmicutes;c__Clostridia;o__Clostridiales;f__Ruminococcaceae;g__Ruminococcus;s__Ruminococcus_callidus	k__Bacteria;p__Bacteroidetes;c__Bacteroidia;o__Bacteroidales;f__Rikenellaceae;g__Alistipes;s__Alistipes_senegalensis	k__Bacteria;p__Firmicutes;c__Clostridia;o__Clostridiales;f__Lachnospiraceae;g__Blautia;s__Blautia_sp._KLE_1732	k__Bacteria;p__Bacteroidetes;c__Bacteroidia;o__Bacteroidales;f__Bacteroidaceae;g__Bacteroides;s__Bacteroides_oleiciplenus	k__Bacteria;p__Firmicutes;c__Clostridia;o__Clostridiales;f__Ruminococcaceae;g__Ruminococcus;s__Ruminococcus_bicirculans	k__Bacteria;p__Bacteroidetes;c__Bacteroidia;o__Bacteroidales;f__Bacteroidaceae;g__Bacteroides;s__Bacteroides_fluxus	k__Bacteria;p__Bacteroidetes;c__Bacteroidia;o__Bacteroidales;f__Prevotellaceae;g__Prevotella;s__Prevotella_stercorea	k__Bacteria;p__Firmicutes;c__Clostridia;o__Clostridiales;f__Lachnospiraceae;g__Dorea;s__Dorea_longicatena	k__Bacteria;p__Firmicutes;c__Clostridia;o__Clostridiales;f__Eubacteriaceae;g__Eubacterium;s__[Eubacterium]_eligens	k__Bacteria;p__Firmicutes;c__Clostridia;o__Clostridiales;f__Ruminococcaceae;g__;s__Ruminococcaceae_bacterium_D16	k__Bacteria;p__Firmicutes;c__Clostridia;o__Clostridiales;f__Lachnospiraceae;g__Coprococcus;s__Coprococcus_comes	k__Bacteria;p__Proteobacteria;c__Gammaproteobacteria;o__Enterobacterales;f__Enterobacteriaceae;g__Escherichia;s__Escherichia_coli	k__Bacteria;p__Firmicutes;c__Clostridia;o__Clostridiales;f__Ruminococcaceae;g__Anaerotruncus;s__Anaerotruncus_colihominis	k__Bacteria;p__Firmicutes;c__Clostridia;o__Clostridiales;f__Lachnospiraceae;g__Blautia;s__Blautia_obeum	k__Bacteria;p__Bacteroidetes;c__Bacteroidia;o__Bacteroidales;f__Odoribacteraceae;g__Odoribacter;s__Odoribacter_laneus	k__Bacteria;p__Firmicutes;c__Clostridia;o__Clostridiales;f__Ruminococcaceae;g__Ruminiclostridium;s__[Clostridium]_leptum	k__Bacteria;p__Bacteroidetes;c__Bacteroidia;o__Bacteroidales;f__Porphyromonadaceae;g__Parabacteroides;s__Parabacteroides_goldsteinii	k__Bacteria;p__Firmicutes;c__Clostridia;o__Clostridiales;f__Lachnospiraceae;g__Anaerostipes;s__Anaerostipes_hadrus	k__Bacteria;p__Firmicutes;c__Clostridia;o__Clostridiales;f__Ruminococcaceae;g__Ruminococcus;s__Ruminococcus_lactaris	k__Bacteria;p__Firmicutes;c__Clostridia;o__Clostridiales;f__Clostridiaceae;g__Clostridium;s__Clostridium_sp._L2-50	k__Bacteria;p__Firmicutes;c__Clostridia;o__Clostridiales;f__Clostridiaceae;g__Clostridium;s__Clostridium_sp._M62/1	k__Bacteria;p__Firmicutes;c__Clostridia;o__Clostridiales;f__;g__Intestinimonas;s__Intestinimonas_butyriciproducens	k__Bacteria;p__Actinobacteria;c__Actinobacteria;o__Bifidobacteriales;f__Bifidobacteriaceae;g__Bifidobacterium;s__Bifidobacterium_bifidum	k__Bacteria;p__Firmicutes;c__Negativicutes;o__Veillonellales;f__Veillonellaceae;g__Dialister;s__Dialister_invisus	k__Bacteria;p__Bacteroidetes;c__Bacteroidia;o__Bacteroidales;f__Bacteroidaceae;g__Bacteroides;s__Bacteroides_salanitronis
k__Bacteria;p__Bacteroidetes;c__Bacteroidia;o__Bacteroidales;f__Bacteroidaceae;g__Bacteroides;s__Bacteroides_vulgatus	1.0	-0.00700800671593	-0.0369289018214	0.0317011185658	-0.0244083882028	-0.00340817381182	-0.00353935265978	0.017073317303	0.0242663632265	0.000725884416856	0.0250914657813	-0.0809016328242	0.000176815980748	-0.00567910921066	-0.010228146895	-0.0248100289815	0.064231970597	-0.000761341654611	0.021160151913	0.0382484709351	0.0516368110795	-0.0371789151678	-0.0336713401729	-0.0342846455893	-0.0199453515012	-0.0944795982924	0.0253288416874	0.0435664281341	-0.0291690197374	-0.0154488031202	0.0462483537235	-0.0535448401851	-0.0345249462514	-0.000847132506677	-0.00760827616959	-0.00251704746466	-0.0441327091655	-0.0133492818745	-0.00217868380781	-0.0573071258138	-0.0256303583574	-0.0274555794991	-0.0318427763293	-0.0564577135933	0.0273842261147	0.0218947849919	-0.030943733425	-0.00282995490454	0.00199291054745	-0.0135233997856	0.021069726734	0.0109293885451	-0.0686282455744	0.0458560359255	-0.00519320125013	-0.00480314157719	-0.0293061299838	0.035877790507	0.00823090282353
k__Bacteria;p__Bacteroidetes;c__Bacteroidia;o__Bacteroidales;f__Bacteroidaceae;g__Bacteroides;s__Bacteroides_uniformis	-0.00700800671593	1.0	0.00482321420775	-0.0105051737561	-0.0660747894974	-0.0595080880125	-0.00902166284958	0.0314316723727	0.0249177232033	-0.00757355965095	-0.0360880059553	-0.00628578144088	0.0262131813295	-0.0093160870423	0.00422730651977	0.00909194832025	0.00154221150213	-0.0158986040816	0.0107649050452	-0.00652301325419	-0.00120051988993	0.014451838759	0.0696256857216	0.0197085260094	-0.053925113174	0.00356557142991	0.0312992870084	0.0119313410628	-0.0397087710136	0.0371519565066	0.0125434794065	-0.0577340140662	-0.0574312166812	-0.00532086332117	-0.0420530872429	0.03238593136	0.0728544494795	-0.0561719134437	-0.00906314007461	0.0214675365966	0.0011050223227	-0.033846878446	0.0472058362616	0.01182540736	-0.0507466814801	0.00761471448685	-0.0206888097373	0.00428691903555	0.0323481099227	0.0997650231202	0.021157004863	0.0107161144855	0.0120821371666	-0.0308158708496	0.00659098670691	0.00016449048964	0.0080455426629	0.0108205129428	-0.0330847695075
k__Bacteria;p__Bacteroidetes;c__Bacteroidia;o__Bacteroidales;f__Rikenellaceae;g__Alistipes;s__Alistipes_putredinis	-0.0369289018214	0.00482321420775	1.0	0.00165634779942	0.0344988955187	0.00730964117361	0.0448239616646	0.0352409359872	-0.0824532271689	0.018080539578	-0.0232395530964	-0.0204341938774	0.0112227183638	-0.0248810341264	0.00703350612969	-0.040681154899	-0.0629932111908	0.0171467032281	-0.00175094934223	0.0468694339083	0.0019561618065	-0.0169890318384	-0.0122508684356	0.00626233383761	0.00357910983292	-0.00783058908891	0.0139552064907	-0.0304234190041	-0.0331212158782	0.0487218985104	0.0230715444461	-0.0631448545335	0.000352952842735	-0.067627456691	0.0224576089761	0.0442566767506	-0.0276486990489	0.0297054271492	0.0196811982744	-0.0898257011929	-0.0112839658944	0.00172241966708	-0.0279894290038	-0.106070177145	0.0138185983453	-0.0167311992699	-0.0227014502788	-0.017476615634	-0.010235460039	-0.0028196083786	-0.0293854178565	-0.0135032175089	-0.02417604729	0.0536557561631	0.00708321387524	-0.00371411132678	0.0111880236081	0.0200361311871	-0.0225796358602
k__Bacteria;p__Bacteroidetes;c__Bacteroidia;o__Bacteroidales;f__Prevotellaceae;g__Prevotella;s__Prevotella_copri	0.0317011185658	-0.0105051737561	0.00165634779942	1.0	0.00108882353427	0.0189889133962	0.0203378717063	0.00609524124511	-0.0344286606468	0.0464357823144	-0.0507475309392	0.0396724265539	0.0632103362977	0.0281202198197	-0.0437912180509	-0.0177786824694	-0.00136441857239	-0.00248634483672	-0.0135879135373	0.000402446339872	-0.0865952461846	0.00672541358085	-0.0107776581904	-0.0525989535003	-0.0126330825194	-0.0522316926354	-0.0182536747265	0.0020521611128	0.00494308117499	0.0569704678647	0.0382684390495	-0.0263528199651	-0.064891553381	0.0245393795953	-0.0124016414371	-0.0064346540923	0.0393952935841	-0.0290706899727	-0.0301524657318	-0.0445032186469	-0.00446940127764	-0.0216235898366	-0.00490434629035	-0.0521896703786	-0.00824079175902	-0.0141131663843	0.038462978497	-0.0359363344825	-0.0473677763949	-0.0126381544788	0.00136450056154	-0.0252902820575	0.0187621186212	0.00053394650117	0.0410956181908	-0.0475630481357	-0.0512659838388	0.0304729707192	0.00815285460159
k__Bacteria;p__Bacteroidetes;c__Bacteroidia;o__Bacteroidales;f__Bacteroidaceae;g__Bacteroides;s__Bacteroides_stercoris	-0.0244083882028	-0.0660747894974	0.0344988955187	0.00108882353427	1.0	-0.0159135078394	-0.02086014722	-0.01737040047	0.0192973231283	0.0077516754531	0.0666032614941	-0.00249025239273	-0.00552557453197	-0.0544107262777	-0.0187038176861	-0.0157731856063	0.00933072522454	0.0335721793122	0.0118074745202	-0.025704353707	-0.0431566295998	-0.0141848823571	0.0156041897127	0.0288958668175	-0.0337240462252	0.0228525258588	0.0211893804273	0.032320976174	-0.078891320756	-0.0263954057741	-0.0314540485786	-0.00506114095857	-0.0131679215123	-0.080935701509	-0.0232011370256	-0.00079729230949	-0.0485815414153	-0.0022679980585	-0.00138358888916	-0.0303498761942	-0.048259502293	-0.042855964114	0.0565283716595	-0.00746883136274	0.00383159914807	-0.0419561540459	-0.0135248463242	-0.00941482157183	0.0121984281171	0.0564771159323	0.020181078838	-0.0578928952954	0.00382808655329	-0.0230601660079	-0.0123313175965	-0.0211022940018	-0.0308631013718	-0.000150640727973	-0.0179483742632
k__Bacteria;p__Bacteroidetes;c__Bacteroidia;o__Bacteroidales;f__Bacteroidaceae;g__Bacteroides;s__Bacteroides_ovatus	-0.00340817381182	-0.0595080880125	0.00730964117361	0.0189889133962	-0.0159135078394	1.0	-0.0173232120971	-0.0603146070507	0.0208126194757	0.0247224095177	-0.0245130696646	-0.0182182953737	0.000404226117812	0.0369490155794	-0.0465219562732	0.0591525152629	0.0160782949561	-0.0640386633379	0.0303372685074	0.00733405181031	0.0482801822743	0.00514083440148	-0.00778197033469	-0.0334413364352	-0.00723398121493	-0.0437394091902	-0.0371227353656	-0.0178063330311	-0.00039212701311	-0.0791019982923	-0.0302517088323	-0.0128503727483	0.00145403258162	0.0231891589953	0.00611337317208	0.0125584026056	-0.0826381982366	0.0221506464998	0.012085468967	-0.0497668970202	0.0679208534229	-0.0311999776332	0.0407204842669	0.0126649774737	0.00443267550058	0.0200737385546	0.0653145300497	0.0281648483796	-0.0483437163882	-0.0561365672004	-0.00543816648567	-0.0392804736195	-0.10229372458	0.0781552300219	0.0417865020704	0.0471917893974	-0.0448193849293	-0.0293733735515	0.0356816174209
k__Bacteria;p__Bacteroidetes;c__Bacteroidia;o__Bacteroidales;f__Rikenellaceae;g__Alistipes;s__Alistipes_shahii	-0.00353935265978	-0.00902166284958	0.0448239616646	0.0203378717063	-0.02086014722	-0.0173232120971	1.0	-0.0619410002313	0.0240626540994	0.0553179777061	-0.0477761493622	-0.0381094188251	-0.0339594252001	-0.0106567910016	0.00981924790874	-0.0152552789177	0.015497339874	0.0218099773927	0.043896631696	-0.000519523410577	0.00107750481025	-0.0658977588017	-0.00852989518457	0.0353361409922	0.05310493747	-0.0393725946023	-0.00941944924757	-0.00583950995298	-0.0219710385093	0.0721003781913	-0.0321513100582	0.0019614859967	-0.0432148842098	0.00321587551023	0.027943788935	-0.0101199263187	-0.027106301454	0.03268840751	-0.00037687414148	0.0163562132905	-0.0398122376051	-0.00283224202723	-0.0131735114409	0.0291422231686	0.0261073358398	0.00156576165946	0.0567688542451	-0.0175352115678	-0.0297752493235	-0.0153854193245	-0.0304199600454	-0.0227056865079	-0.0563666016347	-0.0345832809635	0.00433228268096	0.0214379020437	-0.0572891836374	-0.0251805677584	-0.0368285461083
k__Bacteria;p__Firmicutes;c__Clostridia;o__Clostridiales;f__Ruminococcaceae;g__Faecalibacterium;s__Faecalibacterium_prausnitzii	0.017073317303	0.0314316723727	0.0352409359872	0.00609524124511	-0.01737040047	-0.0603146070507	-0.0619410002313	1.0	-0.0172952509996	-0.0111240044609	-0.0516365825796	-0.0192522726901	-0.036408108989	-0.00980676929418	-0.0114700328423	-0.0699190867062	0.0160391100895	-0.0363108869609	-0.00981256170964	0.00229122502121	-0.0378478439707	0.0484339214325	-0.0517556186861	-0.0504775812233	-0.0448806435524	0.0198357497971	0.023776806551	-0.0654693857017	-0.00331895675312	-0.0238649315138	0.0736896784621	0.0169948824361	-0.00422371215515	-0.0715012205699	-0.0284729842629	-0.0746099826124	0.0213911178222	-0.010740064344	0.0143836958544	0.0174971334548	-0.0141121027861	0.020623227172	0.0414224961569	-0.00236121734707	-0.0243298904005	-0.00937602841475	0.0223981698987	0.0365121267944	-0.0641142841625	0.0187307153205	-0.0582474421743	-5.74108696454e-05	0.0486504849514	-0.0330334613556	-0.0128855794125	0.0177924440159	-0.0436995971047	0.00707327453516	-0.0346754051623
k__Bacteria;p__Bacteroidetes;c__Bacteroidia;o__Bacteroidales;f__Rikenellaceae;g__Alistipes;s__Alistipes_finegoldii	0.0242663632265	0.0249177232033	-0.0824532271689	-0.0344286606468	0.0192973231283	0.0208126194757	0.0240626540994	-0.0172952509996	1.0	-0.0143397593857	-0.0293325566704	-0.0143017990198	-0.0510091337646	-0.0186238153477	0.0148528693313	0.00714603962098	0.0166780434437	-0.0371543928881	-0.0196157366494	-0.0465460506049	-0.0204575662002	-0.0213741541989	0.014845277797	-0.0376591992387	0.0455368811579	-0.0229788288887	0.00277672088731	0.0555457324718	-0.0319644703473	-0.0425042633596	0.0050032848012	0.0596486450934	0.000218628081467	-0.0332586496921	0.00687991963769	-0.0494891936102	-0.0535750954149	-0.00684104935499	0.0224146689884	0.00783508906456	-0.0140143734403	0.0370039789882	-0.0347608232095	-0.0368320876601	0.0788638736722	-0.0467230309022	-0.0022075093375	-0.0165505543495	-0.0181382082773	-0.0108835235435	0.00967408577566	-0.00100567519327	-0.0647383123075	-0.0348316487638	0.029390168991	-0.0440166858862	-0.0307808580776	0.00228207300713	0.00303367214846
k__Bacteria;p__Bacteroidetes;c__Bacteroidia;o__Bacteroidales;f__Porphyromonadaceae;g__Parabacteroides;s__Parabacteroides_distasonis	0.000725884416856	-0.00757355965095	0.018080539578	0.0464357823144	0.0077516754531	0.0247224095177	0.0553179777061	-0.0111240044609	-0.0143397593857	1.0	-0.0587269246843	-0.00192734879388	0.00912234805302	-0.0090940691429	0.0113930451877	-0.0207366493665	-0.0577434921913	-0.0287587491154	-0.0410972067687	-0.0288577109316	0.0254995588931	-0.0428076697275	0.0173305286858	0.040869002798	-0.0213657687055	-0.0509722448328	0.0209530136106	0.0296445881157	0.023331693084	0.035340203228	0.00128141428252	0.0533233091761	-0.051562485361	-0.0377895515101	0.017591996536	0.0045053064947	0.0532984183693	-0.0101297246453	-0.0233357423473	-0.0638579933508	0.0175985817331	-0.0279339179914	-0.0143014404264	0.0443185894957	-0.00645777059121	-0.037583760092	-0.0424951264414	-0.0349845821268	0.0247210727886	-0.0139931898442	0.0307150301391	-0.0319388404986	-0.0213115846699	-0.031977699826	0.0507252208299	0.0274674600733	-0.0254174724739	0.0557319258026	-0.00691463636563
k__Bacteria;p__Bacteroidetes;c__Bacteroidia;o__Bacteroidales;f__Bacteroidaceae;g__Bacteroides;s__Bacteroides_thetaiotaomicron	0.0250914657813	-0.0360880059553	-0.0232395530964	-0.0507475309392	0.0666032614941	-0.0245130696646	-0.0477761493622	-0.0516365825796	-0.0293325566704	-0.0587269246843	1.0	-0.000519593639409	-0.0154978183891	0.0139303853751	-0.0126227197599	0.015963195275	-0.00566731932786	-0.0457847594367	0.0075497927604	0.0122785192749	-0.0116864550906	0.00379244205321	0.0554776474036	0.0223314342516	-0.0521443078117	0.0570439443583	-0.054870406417	-0.0385321720821	-0.0683943525306	-0.013477522948	-0.0434497689163	-0.0294312256683	-0.00218401719674	-0.0233012906023	-0.00387177486032	-0.00667369367051	0.014700080871	-0.0307744924093	0.0282498767099	-0.0127163092246	-0.0261731793304	-0.0381299548491	0.0117517977324	0.0515471151935	-0.0122705140392	0.0023977725754	-0.0321723916615	-0.0461087316567	0.00512032732782	0.00389188392193	0.0346117742555	-0.0170975426297	0.044220762174	-0.0104159991835	0.0027515641989	0.00885478300258	-0.0118346508811	0.00249488577434	-0.00452399135604
k__Bacteria;p__Bacteroidetes;c__Bacteroidia;o__Bacteroidales;f__Bacteroidaceae;g__Bacteroides;s__Bacteroides_coprocola	-0.0809016328242	-0.00628578144088	-0.0204341938774	0.0396724265539	-0.00249025239273	-0.0182182953737	-0.0381094188251	-0.0192522726901	-0.0143017990198	-0.00192734879388	-0.000519593639409	1.0	-0.0850520025138	0.0663782414277	-0.0252912438622	-0.0106875141455	-0.0187790248216	-0.0185081113307	0.0235348074121	-0.0767259211494	0.035881157359	-0.0216416479468	0.00012965514777	-0.0372835380376	-0.0219900390221	0.0120668654745	-0.0821156467098	0.0047407665707	0.01777178101	-0.0148462678604	0.0285701986538	-0.00448833704089	0.00613479349604	0.00805215162529	-0.0212686603681	-0.000374930402516	-0.00282224596502	-0.0179292599086	0.02771975262	-0.0558539998132	-0.00352187344157	0.00182207527408	-0.0246339249602	0.017000575104	0.0281754653815	0.0189528425188	0.0493025883183	0.00489908114286	0.0415272935155	-0.0182554276815	-0.0142529125932	-0.052369779818	-0.0104343065345	0.0127009731577	0.0659149531468	-0.0316135137515	0.0104181311294	0.044137266378	-0.0112997955832
k__Bacteria;p__Bacteroidetes;c__Bacteroidia;o__Bacteroidales;f__Bacteroidaceae;g__Bacteroides;s__Bacteroides_cellulosilyticus	0.000176815980748	0.0262131813295	0.0112227183638	0.0632103362977	-0.00552557453197	0.000404226117812	-0.0339594252001	-0.036408108989	-0.0510091337646	0.00912234805302	-0.0154978183891	-0.0850520025138	1.0	-0.0414915809457	0.000981674402611	-0.027144179184	-0.000260962618507	-0.00564953730824	0.0194014726314	-0.0436409211463	0.0149634482229	-0.0376192234788	-0.00453411889218	-0.0257928971027	0.00862813747951	-0.0370679588144	-0.00109843130102	-0.0144583283529	-0.00783726916696	0.0282499418968	0.00327632745228	0.0169195968279	0.000375525804215	0.0122067881352	-0.00976487454216	-0.0268817316416	-0.016316069953	0.0269730226143	-0.0525930491176	0.0194448787793	-0.00291958324681	0.022414174735	0.0542049554431	0.0544777614852	-0.0206210681525	-0.0250586034313	-0.0111759025594	-0.0112302807373	-0.0164364784656	-0.0499035233924	-0.00089753701429	0.0204919103711	-0.00454141594209	0.0654580631337	0.0133256328842	0.0142814509641	0.00929136019603	-0.0264569588219	0.0504919739678
k__Bacteria;p__Bacteroidetes;c__Bacteroidia;o__Bacteroidales;f__Rikenellaceae;g__Alistipes;s__Alistipes_obesi	-0.00567910921066	-0.0093160870423	-0.0248810341264	0.0281202198197	-0.0544107262777	0.0369490155794	-0.0106567910016	-0.00980676929418	-0.0186238153477	-0.0090940691429	0.0139303853751	0.0663782414277	-0.0414915809457	1.0	0.0102227750648	0.00150907649299	-0.0128027120145	0.05029467423	-0.0597314666988	-0.00464449830229	-0.0173461685579	0.0299293274309	-0.0392875380757	-0.0109343822175	-0.0531691560852	0.0324775114736	0.00173480501117	0.0216470700065	-0.0177777090742	0.0400951277877	-0.0429454571865	-0.0174186841667	-0.0817864836311	0.0188590404489	0.0101660436141	-0.00139946510316	-0.054059434386	0.0476128315572	0.00567726320871	0.00139698173348	-0.010737846198	0.0043485362449	-0.0472976787588	0.0604179371304	-0.0103160367906	-0.0227869461427	-0.0112646003004	0.00290646111325	0.0237006977857	-0.0235889071551	-0.0343426153336	0.00538525727576	0.0171819457708	-0.0598772355909	-0.0794765057437	-0.00762232854904	-0.0144398421144	-0.00946865470465	-0.0217252485579
k__Bacteria;p__Firmicutes;c__Clostridia;o__Clostridiales;f__Lachnospiraceae;g__;s__[Eubacterium]_rectale	-0.010228146895	0.00422730651977	0.00703350612969	-0.0437912180509	-0.0187038176861	-0.0465219562732	0.00981924790874	-0.0114700328423	0.0148528693313	0.0113930451877	-0.0126227197599	-0.0252912438622	0.000981674402611	0.0102227750648	1.0	0.0139927045912	-0.00862294721249	-0.0340263886617	0.014685336765	-0.00102471514578	-0.0465543460443	0.0147480497122	0.00346977671598	-0.0284110517841	0.0191792938447	0.0384290379074	-0.0323585006819	-0.0302692833925	-0.0402677680372	-0.0073409722533	-0.0109718063935	-0.0180837450449	0.0238139342576	0.0384167704793	-0.00480876240154	-0.0344291319437	-0.0393944605305	-0.025331589978	0.0111860892284	0.0509053333125	0.0104163187023	-0.00171208837076	0.051846558371	0.0495763920294	-0.0050314838716	0.0250353036236	-0.0418972775801	-0.0386767324836	-0.00338098276307	-0.0877592820125	0.0305783461985	0.0343918234106	0.0207882151502	0.00488448379708	-0.00977479794669	-0.00768220123964	-0.0263524139662	-0.0309787117034	0.00723186813252
k__Bacteria;p__Bacteroidetes;c__Bacteroidia;o__Bacteroidales;f__Bacteroidaceae;g__Bacteroides;s__Bacteroides_plebeius	-0.0248100289815	0.00909194832025	-0.040681154899	-0.0177786824694	-0.0157731856063	0.0591525152629	-0.0152552789177	-0.0699190867062	0.00714603962098	-0.0207366493665	0.015963195275	-0.0106875141455	-0.027144179184	0.00150907649299	0.0139927045912	1.0	-0.0313390739335	0.013980024773	0.0202892145982	-0.0237972498453	-0.0139873828066	-0.0174595135983	-0.0517528583452	0.0129732121606	-0.028447862166	-0.0235900909656	0.0240487873105	0.00700773107817	0.00719914545466	0.00226186556773	-0.0545564574104	-0.0183275167892	-0.0157376505972	0.0424182477057	0.0778925836749	0.0254551835849	0.0233776013136	0.00725477787445	-0.0494155896812	-0.0257410311173	-0.0660553410401	-0.00054023387592	-0.00211645360376	0.00235997272227	0.0394787635372	-0.0796041131715	-0.088245164747	0.00650797284724	0.0205920221204	-0.0218501736844	0.0217747477079	0.00723903719522	0.0156914183763	-0.0380495193843	-0.0353935700961	0.048515166283	-0.0248508207144	-0.0116835654721	0.0141037777995
k__Bacteria;p__Bacteroidetes;c__Bacteroidia;o__Bacteroidales;f__Bacteroidaceae;g__Bacteroides;s__Bacteroides_fragilis	0.064231970597	0.00154221150213	-0.0629932111908	-0.00136441857239	0.00933072522454	0.0160782949561	0.015497339874	0.0160391100895	0.0166780434437	-0.0577434921913	-0.00566731932786	-0.0187790248216	-0.000260962618507	-0.0128027120145	-0.00862294721249	-0.0313390739335	1.0	-0.0257543154209	0.0179410336902	-0.00527076426141	-0.0426934826896	-0.00268736401314	0.0581257354219	0.0231275505389	-0.0215418913322	-0.0671635584748	-0.0124264898253	-0.0104801458004	0.0559099098166	-0.0312110088953	-0.00276632735303	-0.0212789260009	0.0415681221597	-0.0347140876249	-0.0491495772963	-0.0147851133501	0.0412315985807	-0.00306592270598	0.00389000070872	-0.0193224446856	0.00202199306855	-0.00972507668215	-0.00347057796022	-0.0422245309003	0.0139036950803	-0.0231360923432	-0.0397553878919	-0.0429606035124	0.0491065241231	-0.00173771430487	-0.016586920702	0.0315208425578	-0.0510953935332	-0.0549205781852	-0.0403420486734	-0.00332409358744	0.00999732913361	-0.0237411243562	-0.0390952962324
k__Bacteria;p__Proteobacteria;c__Betaproteobacteria;o__Burkholderiales;f__Sutterellaceae;g__Sutterella;s__Sutterella_wadsworthensis	-0.000761341654611	-0.0158986040816	0.0171467032281	-0.00248634483672	0.0335721793122	-0.0640386633379	0.0218099773927	-0.0363108869609	-0.0371543928881	-0.0287587491154	-0.0457847594367	-0.0185081113307	-0.00564953730824	0.05029467423	-0.0340263886617	0.013980024773	-0.0257543154209	1.0	-0.00873219022797	-0.0332388515874	-0.0333363027959	0.0573775848838	0.0476695631482	-0.0333440307892	-0.0919981287037	-0.0155906587781	-0.0113467531566	-0.0197902378119	-0.0525776817527	-0.0344861238918	0.0106674674534	0.0233029792816	-0.0488649844713	-0.0370663252104	0.0122911657692	-0.036820820199	-0.0140906264111	0.0071127832625	-0.0244788690026	0.024323547189	-0.0560072544288	-0.0239461791269	-0.0150778221746	0.0106311136664	0.014585151239	-0.0409860395473	0.023192215634	-0.0438998740858	0.0706344446986	0.000388405055102	-0.0513805504344	-0.00394742214106	-0.00799936127383	0.00629547039419	0.0301186701591	0.00350160675465	-0.0121978477467	-0.00487801881243	-0.00637582749275
k__Bacteria;p__Bacteroidetes;c__Bacteroidia;o__Bacteroidales;f__Porphyromonadaceae;g__Barnesiella;s__Barnesiella_intestinihominis	0.021160151913	0.0107649050452	-0.00175094934223	-0.0135879135373	0.0118074745202	0.0303372685074	0.043896631696	-0.00981256170964	-0.0196157366494	-0.0410972067687	0.0075497927604	0.0235348074121	0.0194014726314	-0.0597314666988	0.014685336765	0.0202892145982	0.0179410336902	-0.00873219022797	1.0	-0.0416899188938	-0.0405319488059	0.0334640819676	-0.0126452586808	-0.0383568217701	0.0109758016127	-0.000598498723614	0.042500798438	-0.014059843553	-0.0610153066152	0.0278075929354	-0.0520620922024	0.021486778956	0.0508280209722	-0.0149953335376	-0.00220423104453	-0.0425608112436	0.0349822476191	-0.00127312887262	-0.00155154914554	-0.0375065520157	-0.0482919497799	-0.0119135838918	-0.00938575746441	0.029252526395	0.0465915768944	-0.0776677924168	0.010000697091	-0.0372043279667	-0.0563162837929	-0.0283571674529	-0.00149679809097	-0.0134379936622	0.00890271892735	0.0546701478111	-0.0188201615576	-0.0366046291897	0.0211366412877	-0.0232053090533	-0.0112848593605
k__Bacteria;p__Bacteroidetes;c__Bacteroidia;o__Bacteroidales;f__Odoribacteraceae;g__Odoribacter;s__Odoribacter_splanchnicus	0.0382484709351	-0.00652301325419	0.0468694339083	0.000402446339872	-0.025704353707	0.00733405181031	-0.000519523410577	0.00229122502121	-0.0465460506049	-0.0288577109316	0.0122785192749	-0.0767259211494	-0.0436409211463	-0.00464449830229	-0.00102471514578	-0.0237972498453	-0.00527076426141	-0.0332388515874	-0.0416899188938	1.0	-0.0781041690524	0.0436062224374	-0.022555986614	-0.0313377776733	-0.0159291131956	-0.0648014187517	-0.0130974375989	-0.00106863590053	-0.0204503623169	-0.0306106389556	-0.0398147130611	0.0214412186979	-0.0364566844065	-0.0209403086041	0.0423056234992	0.0327872184303	-0.0157830910268	0.0870276314548	0.00592654596675	0.056966068442	-0.0381213622968	-0.0328326967391	0.0103952551434	-0.0106904728971	-0.0177598439656	-0.00686905355928	0.0557939536377	-0.0585115988164	-0.0156669835909	0.044650535706	0.0267349582524	0.0256982366804	-0.0868863156379	0.0275904362854	0.00556705313344	0.0075024419679	-0.0125306645204	0.00479028050363	-0.0410535194451
k__Bacteria;p__Bacteroidetes;c__Bacteroidia;o__Bacteroidales;f__Bacteroidaceae;g__Bacteroides;s__Bacteroides_salyersiae	0.0516368110795	-0.00120051988993	0.0019561618065	-0.0865952461846	-0.0431566295998	0.0482801822743	0.00107750481025	-0.0378478439707	-0.0204575662002	0.0254995588931	-0.0116864550906	0.035881157359	0.0149634482229	-0.0173461685579	-0.0465543460443	-0.0139873828066	-0.0426934826896	-0.0333363027959	-0.0405319488059	-0.0781041690524	1.0	0.000280652802475	-0.0282410933866	0.00882267269528	0.0350089374623	-0.02949797211	0.026277772113	0.00357658348756	-0.00732143615776	0.0133455929051	-0.0304321870205	-0.0566209480957	0.0053760256763	-0.0194349641302	-0.0467615797913	-0.0511927762103	-0.0144246108798	-0.030891707503	0.0124262073611	-0.0583157073059	0.0127882238778	0.0101183812278	0.0188410214734	0.00845965001207	-0.00310696814687	-0.00822747534759	-0.00297463223694	-0.0218579232579	0.0291376564997	-0.0107111768043	-0.00770627671001	0.0184592736481	-0.0134657151766	0.0260579418032	0.0159432066022	-0.0118688890557	-0.0184396111733	0.0166828680727	-0.0115822708261
k__Bacteria;p__Firmicutes;c__Clostridia;o__Clostridiales;f__Ruminococcaceae;g__Ruminiclostridium;s__[Eubacterium]_siraeum	-0.0371789151678	0.014451838759	-0.0169890318384	0.00672541358085	-0.0141848823571	0.00514083440148	-0.0658977588017	0.0484339214325	-0.0213741541989	-0.0428076697275	0.00379244205321	-0.0216416479468	-0.0376192234788	0.0299293274309	0.0147480497122	-0.0174595135983	-0.00268736401314	0.0573775848838	0.0334640819676	0.0436062224374	0.000280652802475	1.0	-0.00761784017335	-0.0094787785697	0.00582050297839	0.000325504983257	-0.0626969671358	-0.00383460063627	0.0102947514801	-0.00860723235819	0.0480234463821	-0.0271010164478	-0.0156642803233	-0.000214968314437	0.0185545036322	0.00150412802308	0.0290323196212	0.00640174825823	0.0281959895544	-0.0579361855377	-0.0207523292241	0.0117768940815	-0.010283287618	-0.0532805406748	-0.0125230483067	0.0589666380317	0.0472131311636	0.00293198648478	-0.0923653053446	0.0379098293557	-0.0272479067903	0.0161386485941	-0.0386256572664	-0.0331836276935	-0.0360837042553	-0.0512467710268	0.0109954332573	0.0439283564765	-0.0127235298189
k__Bacteria;p__Proteobacteria;c__Betaproteobacteria;o__Burkholderiales;f__Sutterellaceae;g__Parasutterella;s__Parasutterella_excrementihominis	-0.0336713401729	0.0696256857216	-0.0122508684356	-0.0107776581904	0.0156041897127	-0.00778197033469	-0.00852989518457	-0.0517556186861	0.014845277797	0.0173305286858	0.0554776474036	0.00012965514777	-0.00453411889218	-0.0392875380757	0.00346977671598	-0.0517528583452	0.0581257354219	0.0476695631482	-0.0126452586808	-0.022555986614	-0.0282410933866	-0.00761784017335	1.0	0.0443936533947	-0.0949859612565	6.44347020036e-05	0.00996417693133	-0.0226273836535	-0.0296849564712	0.00148470929748	-0.0349458446839	-0.0199741962178	-0.0390787184396	-0.046533134388	-0.023568714201	0.0196759521349	0.00683274305867	-0.0165915802181	-0.0357956034812	0.0183340186425	-0.0730992439412	0.037076979111	-0.0153624569355	0.0463560889497	-0.00083500371287	-0.0283127620538	0.0438100070369	-0.0425017611319	-0.00516869863048	-0.00342135068666	-0.0310953738614	0.00377233565232	0.0274420208628	-0.0680438290547	0.0308849289112	-0.008088190858	0.00687637447585	0.0152983322279	0.0375908695579
k__Bacteria;p__Actinobacteria;c__Actinobacteria;o__Bifidobacteriales;f__Bifidobacteriaceae;g__Bifidobacterium;s__Bifidobacterium_adolescentis	-0.0342846455893	0.0197085260094	0.00626233383761	-0.0525989535003	0.0288958668175	-0.0334413364352	0.0353361409922	-0.0504775812233	-0.0376591992387	0.040869002798	0.0223314342516	-0.0372835380376	-0.0257928971027	-0.0109343822175	-0.0284110517841	0.0129732121606	0.0231275505389	-0.0333440307892	-0.0383568217701	-0.0313377776733	0.00882267269528	-0.0094787785697	0.0443936533947	1.0	-0.021222262771	-0.0355778805246	0.0316476850278	-0.0382772713498	-0.0413593803117	0.00965841077727	-0.0121905707563	-0.0707493977112	-0.0560271618934	0.032571446445	0.00747337535301	-0.0137320360919	-0.00372473443376	-0.044047792239	0.0329150863297	0.00917016462852	-0.0154020692959	0.0387004988433	-0.0346070547687	-0.00824773404885	0.00121427389236	-0.00900829679427	-0.0136783601763	-0.0312769040831	-0.0213757223648	0.0494453576063	-0.0064091719982	0.0284148826533	-0.0393858296291	-0.0318853777169	-0.0745816145402	0.0302160823125	-0.00905639711441	0.0245450633595	-0.0504868499186
k__Bacteria;p__Firmicutes;c__Clostridia;o__Clostridiales;f__Oscillospiraceae;g__Oscillibacter;s__Oscillibacter_sp._KLE_1745	-0.0199453515012	-0.053925113174	0.00357910983292	-0.0126330825194	-0.0337240462252	-0.00723398121493	0.05310493747	-0.0448806435524	0.0455368811579	-0.0213657687055	-0.0521443078117	-0.0219900390221	0.00862813747951	-0.0531691560852	0.0191792938447	-0.028447862166	-0.0215418913322	-0.0919981287037	0.0109758016127	-0.0159291131956	0.0350089374623	0.00582050297839	-0.0949859612565	-0.021222262771	1.0	-0.0558298430633	-0.0407436539034	-0.0350038213322	0.00108920527797	-0.0509524589864	0.0231269806623	-0.00665358423041	-0.0275478327329	0.00263436143303	0.0385223130706	0.00065644820522	0.0343734467182	0.0614450224548	0.00210356932762	0.0450322296636	-0.0100229142251	-0.0308820457711	-0.0918615334352	0.0016302135988	0.0178251628213	-0.00817962040661	-0.045735219199	-0.00500109556766	-0.00155576481885	0.0130083556252	0.0722910534865	0.0126398848782	-0.00798078292182	0.0146686093908	-0.0380112221693	-0.0125377326837	0.0182635781511	-0.0465967928728	0.00793288615606
k__Bacteria;p__Bacteroidetes;c__Bacteroidia;o__Bacteroidales;f__Bacteroidaceae;g__Bacteroides;s__Bacteroides_coprophilus	-0.0944795982924	0.00356557142991	-0.00783058908891	-0.0522316926354	0.0228525258588	-0.0437394091902	-0.0393725946023	0.0198357497971	-0.0229788288887	-0.0509722448328	0.0570439443583	0.0120668654745	-0.0370679588144	0.0324775114736	0.0384290379074	-0.0235900909656	-0.0671635584748	-0.0155906587781	-0.000598498723614	-0.0648014187517	-0.02949797211	0.000325504983258	6.44347020034e-05	-0.0355778805246	-0.0558298430633	1.0	-0.015302328807	-0.00969096708171	0.00961108723366	-0.0470905140539	0.0319143580884	0.00573340451566	0.0124987706166	0.010837935182	-0.0553108756288	0.0105339981895	0.0122248158479	-0.0190676065107	-0.0127813075794	-0.022171289376	0.0695357090558	-0.0194859560319	-0.0072994490836	-0.0126212600496	0.0140546541549	-0.00146238386733	-0.0119463315925	0.00133620837876	-0.0395657902761	-0.0402410071316	-0.0213537980256	0.0256461165192	0.0253570260265	0.00420081665689	-0.00132193337799	-0.00337250899399	-0.0237780250117	-0.0444031509625	0.036869002141
k__Bacteria;p__Firmicutes;c__Clostridia;o__Clostridiales;f__Lachnospiraceae;g__Roseburia;s__Roseburia_intestinalis	0.0253288416874	0.0312992870084	0.0139552064907	-0.0182536747265	0.0211893804273	-0.0371227353656	-0.00941944924757	0.023776806551	0.00277672088731	0.0209530136106	-0.054870406417	-0.0821156467098	-0.00109843130102	0.00173480501117	-0.0323585006819	0.0240487873105	-0.0124264898253	-0.0113467531566	0.042500798438	-0.0130974375989	0.026277772113	-0.0626969671358	0.00996417693133	0.0316476850278	-0.0407436539034	-0.015302328807	1.0	-0.0497522952035	-0.031823242741	-0.00971660284802	0.0150200672407	-0.0475076020887	-0.0221053319792	-0.0165789046732	-0.0354365370248	-0.039937584584	0.0148949702178	-0.0665741810071	-0.012637918147	0.0321280469199	-0.0314770220741	-0.0236198612122	-0.0400241769775	0.0708358926928	-0.0207902240252	-0.0580279118079	-0.0142473367501	0.0110092372433	0.0139854095843	-0.00335314001897	0.0176318188197	0.00640022969003	-0.0219965811591	-0.0109835936765	-0.0230012360905	0.0472838142572	-0.0129914473975	0.0205299831582	0.0711278165487
k__Bacteria;p__Firmicutes;c__Clostridia;o__Clostridiales;f__Lachnospiraceae;g__Roseburia;s__Roseburia_hominis	0.0435664281341	0.0119313410628	-0.0304234190041	0.0020521611128	0.032320976174	-0.0178063330311	-0.00583950995298	-0.0654693857017	0.0555457324718	0.0296445881157	-0.0385321720821	0.0047407665707	-0.0144583283529	0.0216470700065	-0.0302692833925	0.00700773107817	-0.0104801458004	-0.0197902378119	-0.014059843553	-0.00106863590053	0.00357658348756	-0.00383460063627	-0.0226273836535	-0.0382772713498	-0.0350038213322	-0.00969096708171	-0.0497522952035	1.0	-0.0162863770242	-0.0670638437276	-0.0128062273248	0.0679278202803	0.00227158999493	-0.0162159943615	-0.0222342057078	-4.11237223018e-05	0.0623019533792	0.0181666158384	0.0103312464913	-0.0597857768865	-0.0104946087023	0.0162722126006	0.023787462868	-0.0491060139703	-0.0012179325802	0.00385855774409	-0.0104861805213	0.0123604286046	-0.0193793989481	0.0441567114981	-0.00430527440951	-0.0380006288602	-0.0313411411999	-0.0190884934619	0.0142433628865	-0.0418862964556	0.0257987419821	0.00393424784845	0.0543453475833
k__Bacteria;p__Bacteroidetes;c__Bacteroidia;o__Bacteroidales;f__Porphyromonadaceae;g__Parabacteroides;s__Parabacteroides_johnsonii	-0.0291690197374	-0.0397087710136	-0.0331212158782	0.00494308117499	-0.078891320756	-0.00039212701311	-0.0219710385093	-0.00331895675312	-0.0319644703473	0.023331693084	-0.0683943525306	0.01777178101	-0.00783726916696	-0.0177777090742	-0.0402677680372	0.00719914545466	0.0559099098166	-0.0525776817527	-0.0610153066152	-0.0204503623169	-0.00732143615776	0.0102947514801	-0.0296849564712	-0.0413593803117	0.00108920527797	0.00961108723366	-0.031823242741	-0.0162863770242	1.0	0.017798652184	-0.0282997433607	-0.0609402359708	0.0364054605954	-4.45682647365e-05	-0.0253695230751	-0.0749141064804	-0.0184330121948	0.00102801889093	-0.01218317787	0.00229032811921	0.0403115835155	-0.00946781298873	-0.0172359974745	0.0140937672045	-0.0316396048337	-0.0127316958229	0.0480772295188	-0.0317946016582	-0.0230654637716	-0.0104720290237	0.0388240545937	-0.0206437798749	0.0151554799543	-0.00650213164133	0.0570485871656	0.0237653805759	0.0111194841581	0.0152777335011	-0.0220744854307
k__Bacteria;p__Actinobacteria;c__Actinobacteria;o__Bifidobacteriales;f__Bifidobacteriaceae;g__Bifidobacterium;s__Bifidobacterium_longum	-0.0154488031202	0.0371519565066	0.0487218985104	0.0569704678647	-0.0263954057741	-0.0791019982923	0.0721003781913	-0.0238649315138	-0.0425042633596	0.035340203228	-0.013477522948	-0.0148462678604	0.0282499418968	0.0400951277877	-0.0073409722533	0.00226186556773	-0.0312110088953	-0.0344861238918	0.0278075929354	-0.0306106389556	0.0133455929051	-0.00860723235819	0.00148470929748	0.00965841077727	-0.0509524589864	-0.0470905140539	-0.00971660284802	-0.0670638437276	0.017798652184	1.0	-0.0187251502123	0.0374579561858	-0.017653625956	-0.0539082095817	0.0066058259641	0.00252911548581	-0.0753321435094	0.00446039129451	-0.00973177241866	0.0753287149246	-0.0442703337788	0.0266027244718	0.0155412951712	-0.0218897328415	-0.0982093799826	-0.0118298199502	-0.033227807298	0.00169954552569	-0.00423589434488	-0.0267378156448	-0.0214869716644	-0.0143798445653	-0.00312531267998	0.0148684755046	-0.0302071314185	-0.0454953576298	-0.0346369703838	-0.00868164097232	-0.0777250142012
