#taxonomy	k__Bacteria;p__Bacteroidetes;c__Bacteroidia;o__Bacteroidales;f__Bacteroidaceae;g__Bacteroides;s__Bacteroides_vulgatus	k__Bacteria;p__Bacteroidetes;c__Bacteroidia;o__Bacteroidales;f__Bacteroidaceae;g__Bacteroides;s__Bacteroides_uniformis	k__Bacteria;p__Bacteroidetes;c__Bacteroidia;o__Bacteroidales;f__Rikenellaceae;g__Alistipes;s__Alistipes_putredinis	k__Bacteria;p__Bacteroidetes;c__Bacteroidia;o__Bacteroidales;f__Prevotellaceae;g__Prevotella;s__Prevotella_copri	k__Bacteria;p__Bacteroidetes;c__Bacteroidia;o__Bacteroidales;f__Bacteroidaceae;g__Bacteroides;s__Bacteroides_stercoris	k__Bacteria;p__Bacteroidetes;c__Bacteroidia;o__Bacteroidales;f__Bacteroidaceae;g__Bacteroides;s__Bacteroides_ovatus	k__Bacteria;p__Bacteroidetes;c__Bacteroidia;o__Bacteroidales;f__Rikenellaceae;g__Alistipes;s__Alistipes_shahii	k__Bacteria;p__Firmicutes;c__Clostridia;o__Clostridiales;f__Ruminococcaceae;g__Faecalibacterium;s__Faecalibacterium_prausnitzii	k__Bacteria;p__Bacteroidetes;c__Bacteroidia;o__Bacteroidales;f__Rikenellaceae;g__Alistipes;s__Alistipes_finegoldii	k__Bacteria;p__Bacteroidetes;c__Bacteroidia;o__Bacteroidales;f__Porphyromonadaceae;g__Parabacteroides;s__Parabacteroides_distasonis	k__Bacteria;p__Bacteroidetes;c__Bacteroidia;o__Bacteroidales;f__Bacteroidaceae;g__Bacteroides;s__Bacteroides_thetaiotaomicron	k__Bacteria;p__Bacteroidetes;c__Bacteroidia;o__Bacteroidales;f__Bacteroidaceae;g__Bacteroides;s__Bacteroides_coprocola	k__Bacteria;p__Bacteroidetes;c__Bacteroidia;o__Bacteroidales;f__Bacteroidaceae;g__Bacteroides;s__Bacteroides_cellulosilyticus	k__Bacteria;p__Bacteroidetes;c__Bacteroidia;o__Bacteroidales;f__Rikenellaceae;g__Alistipes;s__Alistipes_obesi	k__Bacteria;p__Firmicutes;c__Clostridia;o__Clostridiales;f__Lachnospiraceae;g__;s__[Eubacterium]_rectale	k__Bacteria;p__Bacteroidetes;c__Bacteroidia;o__Bacteroidales;f__Bacteroidaceae;g__Bacteroides;s__Bacteroides_plebeius	k__Bacteria;p__Bacteroidetes;c__Bacteroidia;o__Bacteroidales;f__Bacteroidaceae;g__Bacteroides;s__Bacteroides_fragilis	k__Bacteria;p__Proteobacteria;c__Betaproteobacteria;o__Burkholderiales;f__Sutterellaceae;g__Sutterella;s__Sutterella_wadsworthensis	k__Bacteria;p__Bacteroidetes;c__Bacteroidia;o__Bacteroidales;f__Porphyromonadaceae;g__Barnesiella;s__Barnesiella_intestinihominis	k__Bacteria;p__Bacteroidetes;c__Bacteroidia;o__Bacteroidales;f__Odoribacteraceae;g__Odoribacter;s__Odoribacter_splanchnicus	k__Bacteria;p__Bacteroidetes;c__Bacteroidia;o__Bacteroidales;f__Bacteroidaceae;g__Bacteroides;s__Bacteroides_salyersiae	k__Bacteria;p__Firmicutes;c__Clostridia;o__Clostridiales;f__Ruminococcaceae;g__Ruminiclostridium;s__[Eubacterium]_siraeum	k__Bacteria;p__Proteobacteria;c__Betaproteobacteria;o__Burkholderiales;f__Sutterellaceae;g__Parasutterella;s__Parasutterella_excrementihominis	k__Bacteria;p__Actinobacteria;c__Actinobacteria;o__Bifidobacteriales;f__Bifidobacteriaceae;g__Bifidobacterium;s__Bifidobacterium_adolescentis	k__Bacteria;p__Firmicutes;c__Clostridia;o__Clostridiales;f__Oscillospiraceae;g__Oscillibacter;s__Oscillibacter_sp._KLE_1745	k__Bacteria;p__Bacteroidetes;c__Bacteroidia;o__Bacteroidales;f__Bacteroidaceae;g__Bacteroides;s__Bacteroides_coprophilus	k__Bacteria;p__Firmicutes;c__Clostridia;o__Clostridiales;f__Lachnospiraceae;g__Roseburia;s__Roseburia_intestinalis	k__Bacteria;p__Firmicutes;c__Clostridia;o__Clostridiales;f__Lachnospiraceae;g__Roseburia;s__Roseburia_hominis	k__Bacteria;p__Bacteroidetes;c__Bacteroidia;o__Bacteroidales;f__Porphyromonadaceae;g__Parabacteroides;s__Parabacteroides_johnsonii	k__Bacteria;p__Actinobacteria;c__Actinobacteria;o__Bifidobacteriales;f__Bifidobacteriaceae;g__Bifidobacterium;s__Bifidobacterium_longum	k__Bacteria;p__Firmicutes;c__Clostridia;o__Clostridiales;f__;g__Flavonifractor;s__Flavonifractor_plautii	k__Bacteria;p__Firmicutes;c__Clostridia;o__Clostridiales;f__Clostridiaceae;g__Clostridium;s__Clostridium_phoceensis	k__Bacteria;p__Verrucomicrobia;c__Verrucomicrobiae;o__Verrucomicrobiales;f__Akkermansiaceae;g__Akkermansia;s__Akkermansia_muciniphila	k__Bacteria;p__Bacteroidetes;c__Bacteroidia;o__Bacteroidales;f__Prevotellaceae;g__Paraprevotella;s__Paraprevotella_xylaniphila	k__Bacteria;p__Firmicutes;c__Clostridia;o__Clostridiales;f__Ruminococcaceae;g__Ruminococcus;s__Ruminococcus_callidus	k__Bacteria;p__Bacteroidetes;c__Bacteroidia;o__Bacteroidales;f__Rikenellaceae;g__Alistipes;s__Alistipes_senegalensis	k__Bacteria;p__Firmicutes;c__Clostridia;o__Clostridiales;f__Lachnospiraceae;g__Blautia;s__Blautia_sp._KLE_1732	k__Bacteria;p__Bacteroidetes;c__Bacteroidia;o__Bacteroidales;f__Bacteroidaceae;g__Bacteroides;s__Bacteroides_oleiciplenus	k__Bacteria;p__Firmicutes;c__Clostridia;o__Clostridiales;f__Ruminococcaceae;g__Ruminococcus;s__Ruminococcus_bicirculans	k__Bacteria;p__Bacteroidetes;c__Bacteroidia;o__Bacteroidales;f__Bacteroidaceae;g__Bacteroides;s__Bacteroides_fluxus	k__Bacteria;p__Bacteroidetes;c__Bacteroidia;o__Bacteroidales;f__Prevotellaceae;g__Prevotella;s__Prevotella_stercorea	k__Bacteria;p__Firmicutes;c__Clostridia;o__Clostridiales;f__Lachnospiraceae;g__Dorea;s__Dorea_longicatena	k__Bacteria;p__Firmicutes;c__Clostridia;o__Clostridiales;f__Eubacteriaceae;g__Eubacterium;s__[Eubacterium]_eligens	k__Bacteria;p__Firmicutes;c__Clostridia;o__Clostridiales;f__Ruminococcaceae;g__;s__Ruminococcaceae_bacterium_D16	k__Bacteria;p__Firmicutes;c__Clostridia;o__Clostridiales;f__Lachnospiraceae;g__Coprococcus;s__Coprococcus_comes	k__Bacteria;p__Proteobacteria;c__Gammaproteobacteria;o__Enterobacterales;f__Enterobacteriaceae;g__Escherichia;s__Escherichia_coli	k__Bacteria;p__Firmicutes;c__Clostridia;o__Clostridiales;f__Ruminococcaceae;g__Anaerotruncus;s__Anaerotruncus_colihominis	k__Bacteria;p__Firmicutes;c__Clostridia;o__Clostridiales;f__Lachnospiraceae;g__Blautia;s__Blautia_obeum	k__Bacteria;p__Bacteroidetes;c__Bacteroidia;o__Bacteroidales;f__Odoribacteraceae;g__Odoribacter;s__Odoribacter_laneus	k__Bacteria;p__Firmicutes;c__Clostridia;o__Clostridiales;f__Ruminococcaceae;g__Ruminiclostridium;s__[Clostridium]_leptum	k__Bacteria;p__Bacteroidetes;c__Bacteroidia;o__Bacteroidales;f__Porphyromonadaceae;g__Parabacteroides;s__Parabacteroides_goldsteinii	k__Bacteria;p__Firmicutes;c__Clostridia;o__Clostridiales;f__Lachnospiraceae;g__Anaerostipes;s__Anaerostipes_hadrus	k__Bacteria;p__Firmicutes;c__Clostridia;o__Clostridiales;f__Ruminococcaceae;g__Ruminococcus;s__Ruminococcus_lactaris	k__Bacteria;p__Firmicutes;c__Clostridia;o__Clostridiales;f__Clostridiaceae;g__Clostridium;s__Clostridium_sp._L2-50	k__Bacteria;p__Firmicutes;c__Clostridia;o__Clostridiales;f__Clostridiaceae;g__Clostridium;s__Clostridium_sp._M62/1	k__Bacteria;p__Firmicutes;c__Clostridia;o__Clostridiales;f__;g__Intestinimonas;s__Intestinimonas_butyriciproducens	k__Bacteria;p__Actinobacteria;c__Actinobacteria;o__Bifidobacteriales;f__Bifidobacteriaceae;g__Bifidobacterium;s__Bifidobacterium_bifidum	k__Bacteria;p__Firmicutes;c__Negativicutes;o__Veillonellales;f__Veillonellaceae;g__Dialister;s__Dialister_invisus	k__Bacteria;p__Bacteroidetes;c__Bacteroidia;o__Bacteroidales;f__Bacteroidaceae;g__Bacteroides;s__Bacteroides_salanitronis
k__Bacteria;p__Bacteroidetes;c__Bacteroidia;o__Bacteroidales;f__Bacteroidaceae;g__Bacteroides;s__Bacteroides_vulgatus	1.0	-0.0451184231918	-0.0494464532886	-0.0144845644444	-0.0206017279402	-0.0509337704039	-0.0230153412608	-0.00180864757706	0.0363328617006	0.0532918235114	-0.0146059542519	-0.0233513747331	-0.0110546789706	-0.0510171300225	-0.004666263885	-0.0275511728066	0.00710129776096	0.0364287062941	-0.00429097362339	-0.0355765253065	-0.0211242033338	0.012839621085	-0.030281615698	0.0297078616959	-0.0476285258209	0.0340533732278	-0.0229943694677	-0.0315399208942	-0.00782597275396	-0.0239364432532	-0.00732779206201	-0.0688605632598	-0.00400725320708	-0.0223333815495	0.0317370959687	0.0240687589789	0.0675121816931	-0.00280508631438	0.0371349897825	-0.0701416416164	-0.0319039109051	-0.0184078858925	0.0361418282615	0.0161115855337	0.0210443078603	0.0101691488197	-0.00551346421678	0.00597317404885	0.0123631557602	0.028044672836	-0.0103643112642	-0.0238547316464	0.00769825483398	-0.0102156688841	0.0417879846537	0.0391834832139	0.0219013747157	0.00223482713107	0.0110932759404
k__Bacteria;p__Bacteroidetes;c__Bacteroidia;o__Bacteroidales;f__Bacteroidaceae;g__Bacteroides;s__Bacteroides_uniformis	-0.0451184231918	1.0	-0.0713309469136	0.00552863516818	-0.0122269603239	-0.0162421520503	0.00561612250679	-0.0405980358244	0.0292862081399	-0.047895607763	0.0113293427322	0.0546839787567	0.0190753311236	0.0186684967575	0.022419583001	-0.0190026290202	-0.044871866981	-0.0150272664875	0.0241099477663	0.0159936673304	-0.0431422375685	-0.0520517290642	-0.0366714462177	-0.00181547366031	-0.022405072949	-0.0104594497956	-0.027965276145	0.012583547776	-0.0252899357983	-0.0124104623656	-0.0419924719805	0.0231138184412	-0.0246053927544	0.0235794805474	-0.0364788770814	0.0219136660513	-0.0337936384167	0.0171190512301	-0.0525185456159	0.0183110086598	0.0188188176238	-0.050348846649	0.0541604823875	0.0425268152495	0.0552983207106	0.0216512419586	0.00218746443749	0.0423102286185	-0.00774658863382	0.0243772882898	-0.0155181773665	-0.0423340181485	0.0106520479909	0.0296365602119	0.0320688620079	-0.0095900130081	-0.0785416370186	0.0161118957434	-0.0493206597661
k__Bacteria;p__Bacteroidetes;c__Bacteroidia;o__Bacteroidales;f__Rikenellaceae;g__Alistipes;s__Alistipes_putredinis	-0.0494464532886	-0.0713309469136	1.0	-0.00777513245104	-0.00463412064372	-0.00832751893385	-0.0319505920531	-0.0445731839836	-0.0297037168037	0.0763195771967	-0.0574617738737	0.00737285745645	-0.0407783137372	-0.009489979552	0.036984693006	-0.00675320374663	-0.0622831293341	0.070069144463	0.00833821749009	0.0109482952107	0.00280387908388	-0.010592146472	-0.0328811752417	-0.00286130072547	-0.0234312872264	-0.0502302861343	-0.0317741736562	-0.0419594367019	0.00879050038517	-0.0396595049836	-0.0190283636351	-0.0729649039132	-0.00571293252321	-0.019350688913	0.00502987667212	0.0246103302686	0.0138875289109	0.0470247429358	0.0498594322213	-0.0288880151763	0.0257408833487	0.0460326312416	0.0230839761407	0.037094715809	-0.0253205098172	-0.0539856490728	-0.012952925171	0.0184718106627	-0.00906138026444	-0.0174869937184	0.0106252120343	-0.0483985673628	0.00994454326676	0.0504118328029	-0.0388669934607	0.0191997765862	0.0289169184121	0.0234104390896	0.0131973252729
k__Bacteria;p__Bacteroidetes;c__Bacteroidia;o__Bacteroidales;f__Prevotellaceae;g__Prevotella;s__Prevotella_copri	-0.0144845644444	0.00552863516818	-0.00777513245104	1.0	0.0343862649522	0.0395399834397	0.0269546523712	0.00331101948532	-0.015950694957	-0.0569726887024	0.0380014248392	-0.0443747326229	0.00466829908121	-0.057457309978	0.0157153517858	-0.0244012256463	0.0112552821147	-0.0240593636517	0.0403045087937	0.00625355430545	0.0240985776054	-0.00743523726026	-0.0130067129613	-0.0233905896941	-0.00417442571458	-0.014005272506	-0.0595902271479	0.00247388164604	-0.0205759928075	0.0317998175143	-0.0247446252642	0.0611192227237	0.0216891137312	-0.000145071238677	-0.0422000620552	-0.0378578871849	0.0617604013795	0.0209029648113	0.00477423033533	0.00858267657368	0.0314539944473	-0.0794197452411	-0.0443791349915	-0.0251105383048	-0.0349305036343	-0.017223284763	-0.0461916842001	-0.00376893339146	-0.0241991835199	-1.96177684509e-05	0.00627994657031	0.0525943716399	0.0272967004312	0.0443928720688	0.00389523044592	-0.0671502760759	-0.0304450402001	-0.0502701391576	-0.0231463538026
k__Bacteria;p__Bacteroidetes;c__Bacteroidia;o__Bacteroidales;f__Bacteroidaceae;g__Bacteroides;s__Bacteroides_stercoris	-0.0206017279402	-0.0122269603239	-0.00463412064372	0.0343862649522	1.0	0.0452974341554	0.0053564032071	-0.0670772089215	-0.0473799727444	-0.0149657256611	0.0150401544072	-0.0366590666132	-0.100986650954	-0.00698726086779	0.0365143834197	-0.0415286863198	0.02211996277	-0.0168788169013	-0.0789775472794	0.0328437462884	-0.00407493015306	-0.000585579782085	-0.0561200980156	0.00149267991896	-0.0784602904389	0.0178458456622	-0.0513575082963	-0.061261986967	-0.012300801196	0.0109792883356	0.0186796080214	0.0298005510047	-0.0185636607228	0.0152710316883	0.0377389321147	0.0295865570925	0.0319761591723	0.0219917075775	0.0155867419065	-0.0152299437689	0.0145643732149	-0.0037485020056	0.0220784539613	0.00124871375647	0.0586615884292	0.0219324357517	0.0323053618423	-0.0456961106312	-0.00476891925412	0.00204512063248	0.00227007099222	0.00822450350116	0.008844945202	-0.0117034118001	-0.0366658373736	0.00280834153501	0.00460605134299	-0.0194593047471	-0.0529585810002
k__Bacteria;p__Bacteroidetes;c__Bacteroidia;o__Bacteroidales;f__Bacteroidaceae;g__Bacteroides;s__Bacteroides_ovatus	-0.0509337704039	-0.0162421520503	-0.00832751893385	0.0395399834397	0.0452974341554	1.0	0.0112680724095	0.0281558837327	-0.0039877682358	0.00215020053981	-0.0152821934538	-0.0186901960684	0.0426943638926	-0.00522565484281	-0.0397035624151	-0.0542584280371	0.00569572970625	-0.0508699977945	-0.0212642852032	0.0105454067152	-0.0150866712043	-0.0150170673403	0.0174766571494	-0.0340917057605	-0.00959647859001	0.0360311498469	0.0466568705929	-0.0072582775238	-0.0298644560276	-0.0561710938207	-0.0411583194718	0.00151234817074	-0.0470140171793	-0.00719907416826	0.00341680218121	-0.0336797792226	0.0446673297113	-0.0245018643478	-0.0437472747159	0.0313200853192	0.0618584580811	-0.0461867616752	-0.0190151650928	-0.0653523438041	0.0150490452553	-0.025076890671	0.0113956700122	-0.00829963744601	0.000496765748124	-0.0450376118536	0.0171184118597	0.0485236982249	-0.0551660791835	0.0166485020769	0.0116009037279	-0.0403946700277	0.00729753587733	-0.0118094249996	-0.00551797964978
k__Bacteria;p__Bacteroidetes;c__Bacteroidia;o__Bacteroidales;f__Rikenellaceae;g__Alistipes;s__Alistipes_shahii	-0.0230153412608	0.00561612250679	-0.0319505920531	0.0269546523712	0.0053564032071	0.0112680724095	1.0	-0.0106673089205	-0.00130403847803	-0.052225701797	-0.0106314292841	-0.0282818423666	5.73067430066e-05	4.13708947585e-05	-0.0330352061982	-0.0241823290669	-0.0140050129578	0.0106285858292	-0.0332284428951	-0.0140799947362	-0.00363149840346	-0.0549572913195	0.0564544932951	-0.0171226184097	-0.0356692288054	0.0416817160382	0.0193971016055	0.000532133394305	0.0169691503531	-0.0678959971243	0.036382288035	-0.0185397958858	0.00891189388553	-0.00174028906054	-0.0130763196847	-0.0383742829046	-0.0176705047141	0.0303553559033	-0.00924967168983	0.00298772232136	-0.0099052382786	-0.0414845947162	0.0457736349352	-0.000534485460344	-0.0575360141127	-0.0435469085308	0.032841664969	0.00626608121311	-0.0445173039323	-0.0339196458619	0.0269869836883	0.0150178691526	0.00465656325409	-0.0110497505395	0.0263322209398	0.0324193457989	-0.00512716086275	-0.0276411452589	0.0398656030067
k__Bacteria;p__Firmicutes;c__Clostridia;o__Clostridiales;f__Ruminococcaceae;g__Faecalibacterium;s__Faecalibacterium_prausnitzii	-0.00180864757706	-0.0405980358244	-0.0445731839836	0.00331101948532	-0.0670772089215	0.0281558837327	-0.0106673089205	1.0	-0.00549338756163	-0.0494993379699	0.00752580888112	-0.005186971821	0.0195484954557	0.0134530335905	-0.0233565826873	0.0415996929349	-0.0265063717079	-0.0905213713081	0.00190916785685	0.0308344186984	-0.0159334729162	-0.0314881173895	0.0217206192032	-0.0769432933112	0.00506012218601	-0.0386797598595	-0.0326759245892	0.0452851029464	0.00248082187864	-0.0717991077029	-0.00316627746755	0.0026982697171	0.00756787471	0.0637812104631	-0.0102442441095	0.051054764892	-0.0404270572972	0.0232791061897	-0.0238946245276	0.0176388641219	-0.00393867425001	0.090465705266	0.0344017922181	-0.0165396476222	0.0405359673251	-0.0261053325188	-0.0340404746468	-0.0155561451552	-0.0465280744442	-0.057434207367	-0.000987500866103	0.0310143052203	0.0156593344932	-0.0329670341346	0.0196254952632	-0.0222900257884	0.0409013453899	-0.00991616268677	-0.0183771548373
k__Bacteria;p__Bacteroidetes;c__Bacteroidia;o__Bacteroidales;f__Rikenellaceae;g__Alistipes;s__Alistipes_finegoldii	0.0363328617006	0.0292862081399	-0.0297037168037	-0.015950694957	-0.0473799727444	-0.0039877682358	-0.00130403847803	-0.00549338756163	1.0	-0.0317914779538	-0.00673997809461	0.035417073334	-0.0138889519448	0.0275705998275	0.0319896765741	-0.00225850815891	-0.0348258243356	-0.00839963767697	-0.00362028299425	0.0439074155497	-0.00757235528015	-0.022865686373	0.0183802665173	-0.0335383183805	0.0264788473092	-0.0140030638896	-0.0217104684288	-0.0224525855181	-0.0175191778264	-0.0212012107972	-0.0380923696759	-0.0278381043619	-0.0015781333487	-0.00853177003321	0.00294375916441	-0.0165266739721	0.0230423009612	-0.0561919396123	-0.0502079701406	-0.00802820686362	0.0253987774922	-0.067686536447	-0.00195042638771	-0.0462524983206	0.016132164204	-0.00428248920044	-0.0176616547223	-0.0366762732001	-0.0149382098329	0.00244332526973	-0.00444329626041	0.0367858448641	0.00974709760945	-0.0706742032499	-0.0160607170553	0.00181696778958	0.000951407242306	-0.0599925289805	0.0231571475423
k__Bacteria;p__Bacteroidetes;c__Bacteroidia;o__Bacteroidales;f__Porphyromonadaceae;g__Parabacteroides;s__Parabacteroides_distasonis	0.0532918235114	-0.047895607763	0.0763195771967	-0.0569726887024	-0.0149657256611	0.00215020053981	-0.052225701797	-0.0494993379699	-0.0317914779538	1.0	0.000269287800323	0.0191788160702	0.0120871571094	0.0426697802454	0.0165013472868	0.0118791872621	0.0347708887336	0.00538053347618	-0.0448717988167	0.0285444640755	-0.00786014304891	-0.0374105016742	0.00366550021061	-0.02826787541	-0.0043413365398	0.0280489649436	-0.0863113292205	0.00235580152296	-0.0452396542512	0.039431162366	0.00617658895645	-0.0131875635954	-0.00219933598724	-0.000333237365069	-0.0307830565453	0.000603243628058	-0.0359527138561	-0.0173226180841	0.0406107189924	-0.0337703332768	0.0412870322289	-0.0188636796854	0.0347791702526	0.0176509724863	-0.000859762160999	-0.0344425472696	0.0168277661917	-0.0479740165211	-0.0243054920744	-0.0284691995187	0.0363725709437	0.0451935780334	0.0397857033078	0.0746927563391	-0.0570560975328	-0.0274933699163	-0.0245589797028	-0.003926021249	-0.0514053725117
k__Bacteria;p__Bacteroidetes;c__Bacteroidia;o__Bacteroidales;f__Bacteroidaceae;g__Bacteroides;s__Bacteroides_thetaiotaomicron	-0.0146059542519	0.0113293427322	-0.0574617738737	0.0380014248392	0.0150401544072	-0.0152821934538	-0.0106314292841	0.00752580888112	-0.00673997809461	0.000269287800323	1.0	-0.0311159530724	-0.0235254723095	-0.00712636989789	0.00133890962084	0.0452677531919	-0.0129254317919	-0.0125810871665	-0.00568846146053	0.00452508927267	0.0299496851851	0.00620403768725	-0.0115896161495	-0.0342520447769	-0.00826484544761	0.0132865756623	-0.0357998303128	0.0280777900354	0.0388593788855	0.0442410138142	-0.0260084038196	0.0835418744251	-0.0246641395931	0.00362905979713	-0.0108401524067	-0.0396009753027	0.00807835360562	0.0148014505925	0.00731115353655	-0.00528263044326	-0.0948837292746	0.00693992836051	0.0207672111843	-0.0340823128642	-0.0529089390655	0.016582575454	-0.0140768113004	0.0249925969996	-0.00779734442873	0.0121659510085	-0.0171730538668	0.05225955166	-0.0164325058899	-0.0962886075364	-0.00633298886664	-0.0922271650919	0.0358216608486	-0.0505680500558	0.0233964783886
k__Bacteria;p__Bacteroidetes;c__Bacteroidia;o__Bacteroidales;f__Bacteroidaceae;g__Bacteroides;s__Bacteroides_coprocola	-0.0233513747331	0.0546839787567	0.00737285745645	-0.0443747326229	-0.0366590666132	-0.0186901960684	-0.0282818423666	-0.005186971821	0.035417073334	0.0191788160702	-0.0311159530724	1.0	-0.0487585620108	-0.0382990307898	-0.0256415639701	-0.0177822089436	0.021939698551	0.0114593333933	0.0427143884525	0.0609297306377	0.0314415499174	-0.0152710001579	0.000911332478709	0.0311069032551	-0.0251445848804	-0.00969326282403	0.0290166765622	-0.0382174358552	-0.0387253486073	0.019816264071	0.00987363336714	-0.0589709312503	0.0266863464025	0.00673576567475	-0.00548480165397	0.0521269368533	-0.0703265653395	-0.0286856501818	0.0744047094813	-0.0091657663229	0.00808604216063	-0.024169749146	-0.0292334868365	-0.0399224612703	0.0242342914367	0.0184349193846	-0.0313079713036	0.0173118018242	0.0325939755696	-0.0449118789284	0.0103280542107	-0.00466635043966	0.0181352226267	-0.0343437197082	4.72977439661e-05	0.0400100132948	-0.0561950995362	-0.00710017467527	0.0247653634158
k__Bacteria;p__Bacteroidetes;c__Bacteroidia;o__Bacteroidales;f__Bacteroidaceae;g__Bacteroides;s__Bacteroides_cellulosilyticus	-0.0110546789706	0.0190753311236	-0.0407783137372	0.00466829908121	-0.100986650954	0.0426943638926	5.73067430067e-05	0.0195484954557	-0.0138889519448	0.0120871571094	-0.0235254723095	-0.0487585620108	1.0	0.0272355727604	0.00459649576365	0.0205861865071	0.00351916681803	0.00467214546655	0.0340660086376	0.0067117430014	0.00568729760705	0.0454448803199	0.0210305432466	-0.0344103510391	-0.048180086394	0.015020368179	0.000606502804854	0.00544647407993	-2.19041334087e-06	0.00130764793215	-0.000900394029706	0.00179851329405	0.00804024533877	-0.0508706590966	-0.0319975496425	0.0160227991138	0.00450051225986	-0.00402006339092	-0.0107876917416	-0.0242099868002	-0.0441478014613	-0.0209204298043	-0.00842915757702	0.0216002996057	-0.0569855286368	0.0198029145162	-0.0168234633253	-0.0425289163181	-0.0100049482095	0.00218802041345	0.0154945492485	0.0363424190133	-0.0396276738696	-0.0131803915016	-0.0370381693277	-0.057225418746	-0.033518922319	0.0522834603452	0.00859129676668
k__Bacteria;p__Bacteroidetes;c__Bacteroidia;o__Bacteroidales;f__Rikenellaceae;g__Alistipes;s__Alistipes_obesi	-0.0510171300225	0.0186684967575	-0.009489979552	-0.057457309978	-0.00698726086779	-0.00522565484281	4.13708947585e-05	0.0134530335905	0.0275705998275	0.0426697802454	-0.00712636989789	-0.0382990307898	0.0272355727604	1.0	-0.0238790495137	-0.0317187525704	0.0255836693292	-0.0157318028914	-0.0435566089256	0.0413480623832	-0.0538616887435	0.00601091657464	0.0322441596619	-0.068720443457	0.00187067953484	-0.0195957105604	-0.051789528868	0.00887517728527	-0.00198105828838	-0.00557697796522	-0.036885161923	-0.0169519895933	-0.0320256509184	-0.00703679942249	-0.00377934181885	0.0468103121703	-0.0478275398492	-0.034029644933	-0.046905289674	-0.00632178522451	-0.0157449869294	0.00125467498365	0.0155259046052	0.0222064764161	0.00763589969793	-0.00601864510178	0.0482575956406	-0.0172958154633	0.00123866738237	0.0189256657356	-0.0347919760351	-0.0116061196607	0.00418030376886	-8.18263389034e-05	-0.0215843609573	0.0459646059696	0.0226349728827	-0.0215537393057	-0.07019911817
k__Bacteria;p__Firmicutes;c__Clostridia;o__Clostridiales;f__Lachnospiraceae;g__;s__[Eubacterium]_rectale	-0.004666263885	0.022419583001	0.036984693006	0.0157153517858	0.0365143834197	-0.0397035624151	-0.0330352061982	-0.0233565826873	0.0319896765741	0.0165013472868	0.00133890962084	-0.0256415639701	0.00459649576365	-0.0238790495137	1.0	-0.000771412499114	0.00905159193896	-0.0341043396014	-0.0192604190664	0.00437492376478	0.0242938339927	-0.0320507353438	0.000998212657611	-0.0183807905446	-0.0042414576481	-0.0126865688016	-0.0354903748268	0.015501765879	0.0237528814985	0.029772570646	0.014822985408	0.0548992729164	0.00733398161441	-0.0640240105242	-0.000397901339936	0.0300969964458	0.000928060660717	0.044096537132	-0.0187556104415	-0.00593433270686	-0.0175533057328	0.00695863478559	-0.0408566048559	0.00197744807188	-0.0933395400171	-0.0178733542071	-0.0475231553721	0.0100314080701	-0.0390737179476	-0.0146503123919	0.0289209588972	-0.0192355616288	0.0407259538221	0.00513690673184	-0.0585970939297	-0.0220117254704	-0.0368902877175	0.000949563244514	-0.0293448274164
k__Bacteria;p__Bacteroidetes;c__Bacteroidia;o__Bacteroidales;f__Bacteroidaceae;g__Bacteroides;s__Bacteroides_plebeius	-0.0275511728066	-0.0190026290202	-0.00675320374663	-0.0244012256463	-0.0415286863198	-0.0542584280371	-0.0241823290669	0.0415996929349	-0.00225850815891	0.0118791872621	0.0452677531919	-0.0177822089436	0.0205861865071	-0.0317187525704	-0.000771412499114	1.0	0.047480101606	-0.00132347747191	0.000477990153614	-0.022452296699	-0.0316783271264	-0.0282233888191	-0.00683330374932	-0.00876543472635	-0.0277152178855	0.0247569627737	-0.000722535544784	0.0124925540079	-0.0202427746147	-0.0219514014271	-0.0324909108349	-0.0267603277562	-0.00634322420793	0.00136964005599	-0.0657780169878	-0.000209823925488	-0.0166492770251	-0.0150111297728	0.00265449411578	-0.0356589825949	0.009619243761	0.0489401170371	0.0255751808388	0.0141383384642	-0.0473022744166	0.0620957727154	-0.0105685282857	0.0249450204045	-0.0432894533482	0.033160312432	-0.00710867080855	-0.0130034855848	0.00549695124153	-0.0297377156279	-0.0174870325026	-0.00639081883734	0.0609682872648	0.0441110845108	-0.01491082382
k__Bacteria;p__Bacteroidetes;c__Bacteroidia;o__Bacteroidales;f__Bacteroidaceae;g__Bacteroides;s__Bacteroides_fragilis	0.00710129776096	-0.044871866981	-0.0622831293341	0.0112552821147	0.02211996277	0.00569572970625	-0.0140050129578	-0.0265063717079	-0.0348258243356	0.0347708887336	-0.0129254317919	0.021939698551	0.00351916681803	0.0255836693292	0.00905159193896	0.047480101606	1.0	-0.0216989774531	0.0178373114474	-0.00707796002648	0.0489017985516	-0.059291217396	-0.0532531812448	-0.0426153140854	-0.0489880003685	0.0104061267791	0.031383161225	-0.0122714652821	-0.0123716432158	0.0587288569721	0.0396561527599	-0.035999482102	0.0189755628003	0.0412022799608	0.00419474628807	-0.0423130983616	0.00140682372138	0.000751062888555	0.0203278486387	-0.0374465912149	0.0224095404963	0.0186720877107	-0.000867989545209	0.0380995914438	-0.0195921031892	-0.0354031652763	-0.0497610002558	-0.0411610435848	-0.0242038268935	-0.00549431546005	0.000899800723536	-0.0760512284523	-0.0529738895542	0.0805580908509	-0.0251798179954	-0.0599552238685	-0.00647103235909	0.0255092932369	-0.0487294602493
k__Bacteria;p__Proteobacteria;c__Betaproteobacteria;o__Burkholderiales;f__Sutterellaceae;g__Sutterella;s__Sutterella_wadsworthensis	0.0364287062941	-0.0150272664875	0.070069144463	-0.0240593636517	-0.0168788169013	-0.0508699977945	0.0106285858292	-0.0905213713081	-0.00839963767697	0.00538053347618	-0.0125810871665	0.0114593333933	0.00467214546655	-0.0157318028914	-0.0341043396014	-0.00132347747191	-0.0216989774531	1.0	-0.00802380363891	0.0129749161689	-0.0292763819519	0.00747093304229	0.0646526894195	-0.0172511773	-4.86939142045e-05	0.0179005242493	-0.0577549957875	0.0151152590893	0.0103939622831	-0.0141694049801	-0.0252013241731	0.0182004764265	-0.0244757902161	0.00399527273164	0.00101080177928	-0.0317706359673	-0.00956818921154	0.0335560871341	-0.010916716055	0.0446331329631	-0.00102465225497	0.0193130277368	-0.0227963998447	0.0239404655768	-0.0128480950746	-0.00594387278484	0.0494353469593	-0.0155462667987	0.0183633482763	-0.00805877625945	0.0720177167824	0.0101612755998	-0.0758691402231	-0.0151099816327	0.013607363866	-0.00030980215472	0.0163804733456	-0.0331096292518	-0.0046131173892
k__Bacteria;p__Bacteroidetes;c__Bacteroidia;o__Bacteroidales;f__Porphyromonadaceae;g__Barnesiella;s__Barnesiella_intestinihominis	-0.00429097362339	0.0241099477663	0.00833821749009	0.0403045087937	-0.0789775472794	-0.0212642852032	-0.0332284428951	0.00190916785685	-0.00362028299425	-0.0448717988167	-0.00568846146053	0.0427143884525	0.0340660086376	-0.0435566089256	-0.0192604190664	0.000477990153614	0.0178373114474	-0.00802380363891	1.0	-0.0211398738539	-0.00691190881066	-0.0072775891316	-0.0328179488088	0.0092804655901	0.0264931431668	-0.0217723607816	-0.063852003989	-0.0261591299943	-0.0198010125303	0.0233751266172	-0.0269124592808	0.0218399126468	-0.00481255580669	-0.0131489654877	-0.00376538285917	-9.76255573781e-05	0.0828261547142	0.0319690482584	0.0425987779011	-0.0253023969043	-0.00992037560079	-0.024776031141	-0.00107741394552	0.00264832405308	0.0406682656561	-0.0675020538357	-0.0277406258977	0.0347917692353	0.0161084978812	-0.00262058284008	0.0541294574855	-0.03314215305	0.000228046204112	-0.0111904743505	-0.029522821891	-0.0331765186758	-0.0500519197915	0.0341844122653	0.00781113023862
k__Bacteria;p__Bacteroidetes;c__Bacteroidia;o__Bacteroidales;f__Odoribacteraceae;g__Odoribacter;s__Odoribacter_splanchnicus	-0.0355765253065	0.0159936673304	0.0109482952107	0.00625355430545	0.0328437462884	0.0105454067152	-0.0140799947362	0.0308344186984	0.0439074155497	0.0285444640755	0.00452508927267	0.0609297306377	0.0067117430014	0.0413480623832	0.00437492376478	-0.022452296699	-0.00707796002648	0.0129749161689	-0.0211398738539	1.0	-0.027649067811	-0.0277622285722	0.0577608424495	0.0122168989648	0.100837662452	-0.0062284813418	-0.0316155825291	-0.0682544728095	-0.0473106437464	0.011353022521	-0.0138981617023	0.0203829199099	-0.0182213506291	-0.0663198026135	0.0413652429467	-0.022246222036	-0.0705889794613	-0.0344153362705	-0.0665087658747	-0.0977596927146	0.00469259748835	0.0248752620469	-0.0351088437572	0.0206036547679	-0.0714647190488	-0.0339548480302	0.00524952941426	0.0176488041038	0.0179873274644	-0.0286485823912	-0.0169745098977	0.0214362923278	0.00974402712817	0.00807927698212	-0.0224167088235	-0.0166437792343	-0.0272388733763	0.00291881856961	0.0185971533892
k__Bacteria;p__Bacteroidetes;c__Bacteroidia;o__Bacteroidales;f__Bacteroidaceae;g__Bacteroides;s__Bacteroides_salyersiae	-0.0211242033338	-0.0431422375685	0.00280387908388	0.0240985776054	-0.00407493015306	-0.0150866712043	-0.00363149840346	-0.0159334729162	-0.00757235528015	-0.00786014304891	0.0299496851851	0.0314415499174	0.00568729760705	-0.0538616887435	0.0242938339927	-0.0316783271264	0.0489017985516	-0.0292763819519	-0.00691190881066	-0.027649067811	1.0	-0.058900456819	-0.00358895510975	-0.0818303549152	-0.00848196451448	-0.00537845188458	0.013459659745	-0.0139985048371	0.0333202338939	-0.0128022393928	0.0177331518133	-0.0494673348457	-0.0298475285695	0.0231707285092	0.0455758728517	-0.0574141756661	-0.0201727104407	-0.0852305127277	0.0124328134813	0.0213153460491	0.0161758602021	-0.00909576302218	0.00218710705047	-0.00357969237524	-0.0190423434414	0.0813671882782	0.0190029852831	-0.0248113083541	0.013782831001	0.0317725068457	0.0124335308305	-0.00270749239039	0.00680384029309	0.0121059330868	-0.00359440962271	-0.0476319535218	-0.107349956913	-0.056860874707	0.00313450645935
k__Bacteria;p__Firmicutes;c__Clostridia;o__Clostridiales;f__Ruminococcaceae;g__Ruminiclostridium;s__[Eubacterium]_siraeum	0.012839621085	-0.0520517290642	-0.010592146472	-0.00743523726026	-0.000585579782085	-0.0150170673403	-0.0549572913195	-0.0314881173895	-0.022865686373	-0.0374105016742	0.00620403768725	-0.0152710001579	0.0454448803199	0.00601091657464	-0.0320507353438	-0.0282233888191	-0.059291217396	0.00747093304229	-0.0072775891316	-0.0277622285722	-0.058900456819	1.0	0.107348858049	0.0203757750218	-0.0816832411607	0.0276686954666	0.0338114921165	0.0319933073833	0.0621550961329	0.0125642344484	0.00379059927271	0.0172896308175	0.00391706769912	0.00780023467126	0.00925075061045	-0.0181718923853	0.0160544404534	0.00860319880601	-0.0413890952725	0.036549617388	-0.0246778440748	-0.0348059350744	-0.0183576998749	-0.00541575334539	-0.000996491946387	0.0320364789503	0.00651446301485	-0.0214968754515	-0.0247204087796	-0.0205398680761	-0.0294508930259	-0.0135220002476	0.0483342369362	-0.000963133056506	-0.0295104198085	0.0100301876648	0.0196915422085	-0.0170085224511	0.0151835580557
k__Bacteria;p__Proteobacteria;c__Betaproteobacteria;o__Burkholderiales;f__Sutterellaceae;g__Parasutterella;s__Parasutterella_excrementihominis	-0.030281615698	-0.0366714462177	-0.0328811752417	-0.0130067129613	-0.0561200980156	0.0174766571494	0.0564544932951	0.0217206192032	0.0183802665173	0.00366550021061	-0.0115896161495	0.000911332478709	0.0210305432466	0.0322441596619	0.000998212657611	-0.00683330374932	-0.0532531812448	0.0646526894195	-0.0328179488088	0.0577608424495	-0.00358895510975	0.107348858049	1.0	-0.0497898529846	-0.015042813061	-0.0546592315541	-0.0408060008686	-0.0391519919429	0.0382195942514	0.0140126724065	-0.0526369046966	-0.0165498228504	-0.0421559251139	0.0236870522318	-0.028207690934	-0.0180845089522	0.0255857681509	0.0350107646678	0.0155604352907	-0.0369260379668	0.0506859249651	-0.0414629889764	-0.0369938840045	0.00371243788709	-0.0297305621783	-0.0133596019178	-0.00807740786035	0.014101747465	-0.0480729822493	-0.00731014049838	-0.0541056334812	-0.0263503470969	0.0311633498674	-0.0266558859945	0.0588926510257	-0.0223348384598	-0.0202769841114	-0.029156137235	0.00173260223559
k__Bacteria;p__Actinobacteria;c__Actinobacteria;o__Bifidobacteriales;f__Bifidobacteriaceae;g__Bifidobacterium;s__Bifidobacterium_adolescentis	0.0297078616959	-0.00181547366031	-0.00286130072547	-0.0233905896941	0.00149267991896	-0.0340917057605	-0.0171226184097	-0.0769432933112	-0.0335383183805	-0.02826787541	-0.0342520447769	0.0311069032551	-0.0344103510391	-0.068720443457	-0.0183807905446	-0.00876543472635	-0.0426153140854	-0.0172511773	0.0092804655901	0.0122168989648	-0.0818303549152	0.0203757750218	-0.0497898529846	1.0	0.0657946784111	-0.0123308844677	-0.00482466867252	0.0137415466325	-0.0289201593642	-0.000410850214867	-0.0391906360328	-0.0527285184571	0.0107839684118	0.00945094850985	-0.0105106405468	-0.0673622552783	0.0001469738161	-0.0735054809717	0.01780178354	0.0350594081898	0.00367572047322	0.0725093464336	-0.00850561347097	-0.0159190191027	0.00193146337726	-0.0306961349131	0.028677914654	0.035721223066	-0.0281485593733	-0.0350663043558	0.0232695179051	0.0391204807017	-0.0355844805251	-0.0407132634417	-0.0243467345958	-0.0529808493428	-0.0137606255315	0.0404661402474	0.0697716281474
k__Bacteria;p__Firmicutes;c__Clostridia;o__Clostridiales;f__Oscillospiraceae;g__Oscillibacter;s__Oscillibacter_sp._KLE_1745	-0.0476285258209	-0.022405072949	-0.0234312872264	-0.00417442571458	-0.0784602904389	-0.00959647859001	-0.0356692288054	0.00506012218601	0.0264788473092	-0.0043413365398	-0.00826484544761	-0.0251445848804	-0.048180086394	0.00187067953484	-0.0042414576481	-0.0277152178855	-0.0489880003685	-4.86939142046e-05	0.0264931431668	0.100837662452	-0.00848196451448	-0.0816832411607	-0.015042813061	0.0657946784111	1.0	-0.003384809097	-0.00245316592329	0.0297497678989	0.0660070989569	0.0104375341345	-0.0770815407012	-0.0431960416335	0.0062286519814	-0.0119014862077	0.0796740868593	-0.105907509157	-0.0772143478694	-0.0142485156332	0.0285456923742	0.00577335072684	-0.0294226593602	0.0384834769428	0.0359681383605	0.00969064076095	0.0607122794685	0.00843300654163	-0.0204951462296	0.0249835441304	0.0130052972545	-0.0178648483997	-0.0275944057473	-0.030934795749	-0.00628232089572	0.00534124845994	-0.0136178573092	-0.0365474814536	-0.0377745811112	-0.0363492246374	0.0433011869825
k__Bacteria;p__Bacteroidetes;c__Bacteroidia;o__Bacteroidales;f__Bacteroidaceae;g__Bacteroides;s__Bacteroides_coprophilus	0.0340533732278	-0.0104594497956	-0.0502302861343	-0.014005272506	0.0178458456622	0.0360311498469	0.0416817160382	-0.0386797598595	-0.0140030638896	0.0280489649436	0.0132865756623	-0.00969326282403	0.015020368179	-0.0195957105604	-0.0126865688016	0.0247569627737	0.0104061267791	0.0179005242493	-0.0217723607816	-0.0062284813418	-0.00537845188458	0.0276686954666	-0.0546592315541	-0.0123308844677	-0.003384809097	1.0	-0.0245782724347	-0.0243604738721	-0.0426024769895	-0.0387527883997	0.0561177678511	-0.0343353703249	-0.0254226159612	-0.0118280559104	-0.012897052379	-0.0384230804816	-0.0281473920898	0.0217637937375	-0.0110455307771	0.0180409193775	0.0537662994225	-0.0119133597489	0.0315117484288	0.0270716798756	0.0376477225429	0.0237086368723	-0.0243114604559	-0.0156902623004	0.0155525320545	0.0553028280775	-0.0237317926366	0.0370610093827	-0.0222853694385	-0.0286589399661	0.0466748042208	0.0262730858222	0.0270468470918	0.0359344050144	-0.0223370140772
k__Bacteria;p__Firmicutes;c__Clostridia;o__Clostridiales;f__Lachnospiraceae;g__Roseburia;s__Roseburia_intestinalis	-0.0229943694677	-0.027965276145	-0.0317741736562	-0.0595902271479	-0.0513575082963	0.0466568705929	0.0193971016055	-0.0326759245892	-0.0217104684288	-0.0863113292205	-0.0357998303128	0.0290166765622	0.000606502804854	-0.051789528868	-0.0354903748268	-0.000722535544784	0.031383161225	-0.0577549957875	-0.063852003989	-0.0316155825291	0.013459659745	0.0338114921165	-0.0408060008686	-0.00482466867252	-0.00245316592329	-0.0245782724347	1.0	-0.00874905353592	-0.0506095065317	0.0517798341976	-0.0679887349966	0.00455571044555	0.00386802617641	0.00723458233949	0.00867717983256	-0.012551635173	-0.0645418007427	-0.036822603512	0.0195638118045	0.034024954103	-0.0667972499735	-0.00402863561293	0.0342899428858	-0.0392237916373	-0.0348288609696	-0.0248517130276	0.0214484676364	-0.00590256806395	0.0233475086857	0.0263797303094	0.0381358121472	-0.0509801287141	-0.0257230853752	-0.00427450806978	-0.0190820764446	-0.0387254008298	0.0272546516647	0.00837157439382	-0.04383405492
k__Bacteria;p__Firmicutes;c__Clostridia;o__Clostridiales;f__Lachnospiraceae;g__Roseburia;s__Roseburia_hominis	-0.0315399208942	0.012583547776	-0.0419594367019	0.00247388164604	-0.061261986967	-0.0072582775238	0.000532133394305	0.0452851029464	-0.0224525855181	0.00235580152296	0.0280777900354	-0.0382174358552	0.00544647407993	0.00887517728527	0.015501765879	0.0124925540079	-0.0122714652821	0.0151152590893	-0.0261591299943	-0.0682544728095	-0.0139985048371	0.0319933073833	-0.0391519919429	0.0137415466325	0.0297497678989	-0.0243604738721	-0.00874905353592	1.0	0.00441623476252	0.0313256596479	0.0152164217017	-0.0153795056739	-0.0166349955554	0.00650391245766	-0.0240040462534	0.00585315049698	-0.0128469268364	0.00448026455779	0.0774445335543	0.0235935853973	0.0235174442086	-0.00612319661443	0.0246393198297	-0.033389257483	0.016718881448	-0.0235446466469	-0.0195478855345	-0.0285170968198	-0.0111532586897	-0.00362244838558	-0.0255033266638	-0.0255433157344	-0.00656682304714	0.0240184307274	0.0336116768068	-0.0211614476811	0.0139791586877	-0.00204672729346	0.0421612440067
k__Bacteria;p__Bacteroidetes;c__Bacteroidia;o__Bacteroidales;f__Porphyromonadaceae;g__Parabacteroides;s__Parabacteroides_johnsonii	-0.00782597275396	-0.0252899357983	0.00879050038517	-0.0205759928075	-0.012300801196	-0.0298644560276	0.0169691503531	0.00248082187864	-0.0175191778264	-0.0452396542512	0.0388593788855	-0.0387253486073	-2.190413341e-06	-0.00198105828838	0.0237528814985	-0.0202427746147	-0.0123716432158	0.0103939622831	-0.0198010125303	-0.0473106437464	0.0333202338939	0.0621550961329	0.0382195942514	-0.0289201593642	0.0660070989569	-0.0426024769895	-0.0506095065317	0.00441623476252	1.0	-0.0474993877554	-0.00446877445723	0.0163318572972	0.022931954749	-0.0500876118917	0.0295612360133	-0.0211939057465	0.0109244710159	0.0777093755063	-0.0155635137924	0.0305357791194	-0.0847891813278	0.0270772712716	-0.0137068636284	0.0240444303562	-0.0408465710723	0.00579309921315	-0.0206043043053	-0.0872376582863	-0.0330286560438	0.00925190989927	-0.0173009102241	0.025081165224	-0.0225273032782	-0.0204613378488	-0.0639339403786	0.023679821876	-0.0905266377497	-0.0464650823321	0.0219614830645
k__Bacteria;p__Actinobacteria;c__Actinobacteria;o__Bifidobacteriales;f__Bifidobacteriaceae;g__Bifidobacterium;s__Bifidobacterium_longum	-0.0239364432532	-0.0124104623656	-0.0396595049836	0.0317998175143	0.0109792883356	-0.0561710938207	-0.0678959971243	-0.0717991077029	-0.0212012107972	0.039431162366	0.0442410138142	0.019816264071	0.00130764793215	-0.00557697796522	0.029772570646	-0.0219514014271	0.0587288569721	-0.0141694049801	0.0233751266172	0.011353022521	-0.0128022393928	0.0125642344484	0.0140126724065	-0.000410850214867	0.0104375341345	-0.0387527883997	0.0517798341976	0.0313256596479	-0.0474993877554	1.0	-0.00554061011588	-0.0249459194531	-0.0209749403112	0.00189569035012	-0.0575029231858	-0.0426809087658	0.0133643290848	-0.0264298956787	-0.0474199436081	-0.0177497061019	-0.0329607748768	-0.0326319529879	-0.00535102195204	0.00548165112572	-0.017353081228	-0.0335226277337	0.0189341141934	-0.0316620513964	0.026208559767	0.0300277523331	-0.0301159630122	-0.0430181771917	-0.0282233719028	-0.0156587065335	0.00662778895137	-0.0129191783773	0.0128443035254	-0.0173050708247	-0.0133952807944
