#taxonomy	k__Bacteria;p__Bacteroidetes;c__Bacteroidia;o__Bacteroidales;f__Bacteroidaceae;g__Bacteroides;s__Bacteroides_vulgatus	k__Bacteria;p__Bacteroidetes;c__Bacteroidia;o__Bacteroidales;f__Bacteroidaceae;g__Bacteroides;s__Bacteroides_uniformis	k__Bacteria;p__Bacteroidetes;c__Bacteroidia;o__Bacteroidales;f__Rikenellaceae;g__Alistipes;s__Alistipes_putredinis	k__Bacteria;p__Bacteroidetes;c__Bacteroidia;o__Bacteroidales;f__Prevotellaceae;g__Prevotella;s__Prevotella_copri	k__Bacteria;p__Bacteroidetes;c__Bacteroidia;o__Bacteroidales;f__Bacteroidaceae;g__Bacteroides;s__Bacteroides_stercoris	k__Bacteria;p__Bacteroidetes;c__Bacteroidia;o__Bacteroidales;f__Bacteroidaceae;g__Bacteroides;s__Bacteroides_ovatus	k__Bacteria;p__Bacteroidetes;c__Bacteroidia;o__Bacteroidales;f__Rikenellaceae;g__Alistipes;s__Alistipes_shahii	k__Bacteria;p__Firmicutes;c__Clostridia;o__Clostridiales;f__Ruminococcaceae;g__Faecalibacterium;s__Faecalibacterium_prausnitzii	k__Bacteria;p__Bacteroidetes;c__Bacteroidia;o__Bacteroidales;f__Rikenellaceae;g__Alistipes;s__Alistipes_finegoldii	k__Bacteria;p__Bacteroidetes;c__Bacteroidia;o__Bacteroidales;f__Porphyromonadaceae;g__Parabacteroides;s__Parabacteroides_distasonis	k__Bacteria;p__Bacteroidetes;c__Bacteroidia;o__Bacteroidales;f__Bacteroidaceae;g__Bacteroides;s__Bacteroides_thetaiotaomicron	k__Bacteria;p__Bacteroidetes;c__Bacteroidia;o__Bacteroidales;f__Bacteroidaceae;g__Bacteroides;s__Bacteroides_coprocola	k__Bacteria;p__Bacteroidetes;c__Bacteroidia;o__Bacteroidales;f__Bacteroidaceae;g__Bacteroides;s__Bacteroides_cellulosilyticus	k__Bacteria;p__Bacteroidetes;c__Bacteroidia;o__Bacteroidales;f__Rikenellaceae;g__Alistipes;s__Alistipes_obesi	k__Bacteria;p__Firmicutes;c__Clostridia;o__Clostridiales;f__Lachnospiraceae;g__;s__[Eubacterium]_rectale	k__Bacteria;p__Bacteroidetes;c__Bacteroidia;o__Bacteroidales;f__Bacteroidaceae;g__Bacteroides;s__Bacteroides_plebeius	k__Bacteria;p__Bacteroidetes;c__Bacteroidia;o__Bacteroidales;f__Bacteroidaceae;g__Bacteroides;s__Bacteroides_fragilis	k__Bacteria;p__Proteobacteria;c__Betaproteobacteria;o__Burkholderiales;f__Sutterellaceae;g__Sutterella;s__Sutterella_wadsworthensis	k__Bacteria;p__Bacteroidetes;c__Bacteroidia;o__Bacteroidales;f__Porphyromonadaceae;g__Barnesiella;s__Barnesiella_intestinihominis	k__Bacteria;p__Bacteroidetes;c__Bacteroidia;o__Bacteroidales;f__Odoribacteraceae;g__Odoribacter;s__Odoribacter_splanchnicus	k__Bacteria;p__Bacteroidetes;c__Bacteroidia;o__Bacteroidales;f__Bacteroidaceae;g__Bacteroides;s__Bacteroides_salyersiae	k__Bacteria;p__Firmicutes;c__Clostridia;o__Clostridiales;f__Ruminococcaceae;g__Ruminiclostridium;s__[Eubacterium]_siraeum	k__Bacteria;p__Proteobacteria;c__Betaproteobacteria;o__Burkholderiales;f__Sutterellaceae;g__Parasutterella;s__Parasutterella_excrementihominis	k__Bacteria;p__Actinobacteria;c__Actinobacteria;o__Bifidobacteriales;f__Bifidobacteriaceae;g__Bifidobacterium;s__Bifidobacterium_adolescentis	k__Bacteria;p__Firmicutes;c__Clostridia;o__Clostridiales;f__Oscillospiraceae;g__Oscillibacter;s__Oscillibacter_sp._KLE_1745	k__Bacteria;p__Bacteroidetes;c__Bacteroidia;o__Bacteroidales;f__Bacteroidaceae;g__Bacteroides;s__Bacteroides_coprophilus	k__Bacteria;p__Firmicutes;c__Clostridia;o__Clostridiales;f__Lachnospiraceae;g__Roseburia;s__Roseburia_intestinalis	k__Bacteria;p__Firmicutes;c__Clostridia;o__Clostridiales;f__Lachnospiraceae;g__Roseburia;s__Roseburia_hominis	k__Bacteria;p__Bacteroidetes;c__Bacteroidia;o__Bacteroidales;f__Porphyromonadaceae;g__Parabacteroides;s__Parabacteroides_johnsonii	k__Bacteria;p__Actinobacteria;c__Actinobacteria;o__Bifidobacteriales;f__Bifidobacteriaceae;g__Bifidobacterium;s__Bifidobacterium_longum	k__Bacteria;p__Firmicutes;c__Clostridia;o__Clostridiales;f__;g__Flavonifractor;s__Flavonifractor_plautii	k__Bacteria;p__Firmicutes;c__Clostridia;o__Clostridiales;f__Clostridiaceae;g__Clostridium;s__Clostridium_phoceensis	k__Bacteria;p__Verrucomicrobia;c__Verrucomicrobiae;o__Verrucomicrobiales;f__Akkermansiaceae;g__Akkermansia;s__Akkermansia_muciniphila	k__Bacteria;p__Bacteroidetes;c__Bacteroidia;o__Bacteroidales;f__Prevotellaceae;g__Paraprevotella;s__Paraprevotella_xylaniphila	k__Bacteria;p__Firmicutes;c__Clostridia;o__Clostridiales;f__Ruminococcaceae;g__Ruminococcus;s__Ruminococcus_callidus	k__Bacteria;p__Bacteroidetes;c__Bacteroidia;o__Bacteroidales;f__Rikenellaceae;g__Alistipes;s__Alistipes_senegalensis	k__Bacteria;p__Firmicutes;c__Clostridia;o__Clostridiales;f__Lachnospiraceae;g__Blautia;s__Blautia_sp._KLE_1732	k__Bacteria;p__Bacteroidetes;c__Bacteroidia;o__Bacteroidales;f__Bacteroidaceae;g__Bacteroides;s__Bacteroides_oleiciplenus	k__Bacteria;p__Firmicutes;c__Clostridia;o__Clostridiales;f__Ruminococcaceae;g__Ruminococcus;s__Ruminococcus_bicirculans	k__Bacteria;p__Bacteroidetes;c__Bacteroidia;o__Bacteroidales;f__Bacteroidaceae;g__Bacteroides;s__Bacteroides_fluxus	k__Bacteria;p__Bacteroidetes;c__Bacteroidia;o__Bacteroidales;f__Prevotellaceae;g__Prevotella;s__Prevotella_stercorea	k__Bacteria;p__Firmicutes;c__Clostridia;o__Clostridiales;f__Lachnospiraceae;g__Dorea;s__Dorea_longicatena	k__Bacteria;p__Firmicutes;c__Clostridia;o__Clostridiales;f__Eubacteriaceae;g__Eubacterium;s__[Eubacterium]_eligens	k__Bacteria;p__Firmicutes;c__Clostridia;o__Clostridiales;f__Ruminococcaceae;g__;s__Ruminococcaceae_bacterium_D16	k__Bacteria;p__Firmicutes;c__Clostridia;o__Clostridiales;f__Lachnospiraceae;g__Coprococcus;s__Coprococcus_comes	k__Bacteria;p__Proteobacteria;c__Gammaproteobacteria;o__Enterobacterales;f__Enterobacteriaceae;g__Escherichia;s__Escherichia_coli	k__Bacteria;p__Firmicutes;c__Clostridia;o__Clostridiales;f__Ruminococcaceae;g__Anaerotruncus;s__Anaerotruncus_colihominis	k__Bacteria;p__Firmicutes;c__Clostridia;o__Clostridiales;f__Lachnospiraceae;g__Blautia;s__Blautia_obeum	k__Bacteria;p__Bacteroidetes;c__Bacteroidia;o__Bacteroidales;f__Odoribacteraceae;g__Odoribacter;s__Odoribacter_laneus	k__Bacteria;p__Firmicutes;c__Clostridia;o__Clostridiales;f__Ruminococcaceae;g__Ruminiclostridium;s__[Clostridium]_leptum	k__Bacteria;p__Bacteroidetes;c__Bacteroidia;o__Bacteroidales;f__Porphyromonadaceae;g__Parabacteroides;s__Parabacteroides_goldsteinii	k__Bacteria;p__Firmicutes;c__Clostridia;o__Clostridiales;f__Lachnospiraceae;g__Anaerostipes;s__Anaerostipes_hadrus	k__Bacteria;p__Firmicutes;c__Clostridia;o__Clostridiales;f__Ruminococcaceae;g__Ruminococcus;s__Ruminococcus_lactaris	k__Bacteria;p__Firmicutes;c__Clostridia;o__Clostridiales;f__Clostridiaceae;g__Clostridium;s__Clostridium_sp._L2-50	k__Bacteria;p__Firmicutes;c__Clostridia;o__Clostridiales;f__Clostridiaceae;g__Clostridium;s__Clostridium_sp._M62/1	k__Bacteria;p__Firmicutes;c__Clostridia;o__Clostridiales;f__;g__Intestinimonas;s__Intestinimonas_butyriciproducens	k__Bacteria;p__Actinobacteria;c__Actinobacteria;o__Bifidobacteriales;f__Bifidobacteriaceae;g__Bifidobacterium;s__Bifidobacterium_bifidum	k__Bacteria;p__Firmicutes;c__Negativicutes;o__Veillonellales;f__Veillonellaceae;g__Dialister;s__Dialister_invisus	k__Bacteria;p__Bacteroidetes;c__Bacteroidia;o__Bacteroidales;f__Bacteroidaceae;g__Bacteroides;s__Bacteroides_salanitronis
k__Bacteria;p__Bacteroidetes;c__Bacteroidia;o__Bacteroidales;f__Bacteroidaceae;g__Bacteroides;s__Bacteroides_vulgatus	1.0	0.00250389549355	-0.0179195798971	0.0205622561959	-0.022728670363	0.034134455163	-0.114528460041	-0.0283638403355	-0.00968123262134	0.0503937780694	0.0508054158098	0.0377832535545	-0.0421650931211	-0.00416003865121	0.00456698192525	-0.0148743496966	0.0230047862576	0.000784209123125	0.0356940362692	0.0130824732575	-0.0284264977485	0.0412902445078	-0.0422566691582	-0.0323977620476	0.00662502299427	-0.0585926165172	-0.00887670980338	-0.0428765551233	-0.0302732567974	0.0257849003029	-0.0371145527657	0.0239546979783	-0.0290510385941	0.0225819529147	-0.0356766961793	0.00524523010978	0.0275038289804	-0.015700934127	-0.0201833111853	-0.027396522439	-0.0524316410625	-0.0361509283272	0.00992728108436	-0.0647112117039	-0.0135326664914	0.063069259077	-0.0139098704937	-0.0114610107417	0.0222998392596	0.00409863812339	0.00360198733136	-0.0329651041598	-0.0198289341739	-0.0219593574788	0.0570683173314	-0.00473268698083	-0.0191120996794	0.0230617664322	0.0151555263615
k__Bacteria;p__Bacteroidetes;c__Bacteroidia;o__Bacteroidales;f__Bacteroidaceae;g__Bacteroides;s__Bacteroides_uniformis	0.00250389549355	1.0	-0.00994293830821	-0.0150168958405	-0.0092873915105	0.022944175953	0.00835272724745	0.0715736361449	-0.0373870344926	0.0218789449122	0.00465406944301	0.00101113637524	-0.0664610718888	-0.0518535862865	-0.0136491226625	-0.0183823800002	0.0748065615759	0.022820863846	0.0363017254965	-0.0161823851155	0.000122919811526	-0.0132515917942	-0.0398367318958	-0.0692752224496	-0.0486131357459	-0.00452599692055	-0.00812602107723	-0.0450017109777	0.0340891565856	0.0118427136395	-0.0185843813584	-0.0611460542265	-0.0553202900986	-0.0296304473195	0.0341818584027	0.00569835978698	0.0447703969604	0.0388672559092	0.00161146843667	0.0180593945791	-0.00387040435066	0.0419592622714	-0.0138065881041	0.0270386795112	0.00655492207202	0.0251954715925	-0.0250570492754	0.0202741289443	-0.0494202118393	0.0180817586242	0.0168646118648	-0.0142909943651	0.00208530055514	0.0562235351235	-0.0295314750898	-0.0227029285145	-0.0405643984633	0.00459612558523	-0.0562427791151
k__Bacteria;p__Bacteroidetes;c__Bacteroidia;o__Bacteroidales;f__Rikenellaceae;g__Alistipes;s__Alistipes_putredinis	-0.0179195798971	-0.00994293830821	1.0	0.0269285376778	-0.00908959005037	-0.0395932557116	-0.0166621248079	-0.00316971784547	0.0153834056117	0.00974879674277	-0.0661691882106	0.0139594040426	-0.0156325029814	0.0249396345809	-0.0625699297955	0.0258826688079	0.0359276388382	0.02234894246	-0.0371996975079	0.0794373434099	-0.0499204920009	-0.0246024131259	0.0153187462715	-0.0212420566909	0.00207845612618	-0.0303238222561	-0.00478344487235	0.0720930685513	0.0128875971034	0.0472753808154	0.0472572858234	0.02192898655	-0.000657274257571	0.030871503023	-0.00844342920009	-0.0167323046333	0.0321997661491	-0.0018534273399	-0.0384697141958	-0.0157523675799	0.00688278775839	-0.0184486358814	-0.0301384462849	-0.0217995373853	0.0481649162513	-0.00892032535174	-0.00284010485347	-0.0250527471771	-0.0701344525602	-0.00595775130081	0.0171468455832	0.0563623195763	-0.008320335023	-0.0022418787394	-0.0115381974387	-0.0632584368755	0.00885338779093	-0.0719701030418	-0.0676765992974
k__Bacteria;p__Bacteroidetes;c__Bacteroidia;o__Bacteroidales;f__Prevotellaceae;g__Prevotella;s__Prevotella_copri	0.0205622561959	-0.0150168958405	0.0269285376778	1.0	0.00661498583808	-0.0137268076399	-0.0252961134357	0.0281977587799	0.0629007166618	-0.00627729030092	-0.022140640175	0.00377418623599	0.0161932182226	-0.00827414299597	-0.0326352431731	-0.0127508520554	-0.0324309738871	-0.043896627211	0.0269426975131	-0.0160014974403	0.017757638772	-0.0347171313824	-0.0315015628036	0.0587576980379	-0.0356688727468	-0.00878432157619	-0.0471861818844	0.0381500245683	0.0281749483207	-0.0194056552355	0.0667974515434	-0.0113917224006	-0.0220073797436	-0.00853738302131	-0.0226000274843	-0.0258297881235	-0.0243407015641	0.0203734808363	0.00589991625654	-0.0161346437536	0.0503430929619	-0.00973962073747	0.00666658499006	-0.0194114228495	0.0297674664749	0.0226392100382	-0.0393808327285	0.0282892922423	-0.016462141816	-0.0483603736647	-0.00590895771678	-0.0647627013021	-0.0697663084392	0.00979555149447	-0.00578210399219	-0.0956377866304	0.0176587462952	-0.0182571061051	0.0104436002381
k__Bacteria;p__Bacteroidetes;c__Bacteroidia;o__Bacteroidales;f__Bacteroidaceae;g__Bacteroides;s__Bacteroides_stercoris	-0.022728670363	-0.0092873915105	-0.00908959005037	0.00661498583808	1.0	0.0116761161102	0.00220281701197	-0.00968403566093	0.045848065386	-0.0409475463418	-0.0453399109342	-0.00598122853502	-0.0296459877601	0.0324233803807	0.0294493545082	-0.0463136164893	-0.0287476981505	-0.00362493251715	0.00428023597468	-0.0459778027753	-0.0389928497852	0.024932671634	0.00388926360457	0.0368957149416	0.0597518331007	-0.00628637606029	-0.0351997677606	-0.0185414395347	-0.00800300490571	0.0214022429215	0.0155266124929	-0.0404551301772	0.0295667927146	0.0172856090425	-0.0249092229994	0.0653261548704	-0.0606484060053	-0.0100754139957	0.0288766930871	-0.0391958986273	0.0270152044501	-0.0255900143865	0.0161911357978	0.0153464070046	-0.000194102765367	-0.0221013747204	0.0211341580115	-0.0747237426424	0.0214562970284	0.000663667680963	-0.0485046043372	0.00403513355863	0.032163178303	-0.0620007849493	0.0226145982096	-0.00219698379586	-0.00556184113607	-0.0348809550298	6.56852127653e-05
k__Bacteria;p__Bacteroidetes;c__Bacteroidia;o__Bacteroidales;f__Bacteroidaceae;g__Bacteroides;s__Bacteroides_ovatus	0.034134455163	0.022944175953	-0.0395932557116	-0.0137268076399	0.0116761161102	1.0	0.0282599366163	0.0286496363585	-0.00681416748802	-0.0525474889461	-0.0161664972435	0.0050540055979	0.0176746496501	0.0144266226048	0.0246886895053	-0.0399514488112	-0.0245247291424	-0.0592033889595	0.0240032942208	-0.0100340114287	0.0261716595562	-0.0229866795269	0.00576579238379	0.0105471946452	-0.0311133830111	-0.0517170495696	-0.0040781562868	-0.0182535695069	0.0427660062854	-0.0379366622119	0.0156354145002	0.00881314233518	-0.0428877268716	-0.0129127323062	0.00830865653537	0.0194652637985	-0.0110906708806	-0.0191240686349	0.00538270482993	-0.00607372372168	0.0475246337258	-0.0160237159335	-0.0541122704707	-0.0318143928805	0.0445829559837	-0.0242013175713	0.0249019177958	-0.0358939383548	-0.0436606462887	0.00109477652608	0.0532748219644	0.0141407787284	-0.00419362540236	0.00368302118105	-0.0547767755473	-0.0133599300657	-0.00495937953997	-0.0677522680958	0.00398325896276
k__Bacteria;p__Bacteroidetes;c__Bacteroidia;o__Bacteroidales;f__Rikenellaceae;g__Alistipes;s__Alistipes_shahii	-0.114528460041	0.00835272724745	-0.0166621248079	-0.0252961134357	0.00220281701197	0.0282599366163	1.0	-0.0173142927273	-0.0581289267426	0.042494102923	-0.0257119618545	-0.0381833099613	-0.0335562488045	7.33117620673e-05	-0.0258230114725	0.00847979522774	0.0619238588727	-0.0192651702128	0.0248712568558	0.019556110012	-0.0139107838976	0.00345575471374	0.0106740809231	-0.0182869379455	0.0214132389618	-0.0478109119517	-0.0326405163304	-0.0708236659507	0.014336664416	-0.011562114028	0.00700721831271	-0.0479434551381	-0.025066962408	-0.0303106258292	0.0247525397115	0.00627576765091	-0.0507598657994	0.0207740344859	0.00737988818296	0.0516239637894	-0.0237665463921	0.00285505005478	-0.0909229094296	-0.0294233736578	-0.00118507794663	0.0201309453736	-0.0446294598021	0.0409456953164	0.00119241270217	-0.0149010528138	-0.0171935016596	0.0493657654109	0.0172679481268	0.00794035415541	0.0223820745728	-0.0293715728187	-0.0291146681501	0.00524405718486	0.00864376198078
k__Bacteria;p__Firmicutes;c__Clostridia;o__Clostridiales;f__Ruminococcaceae;g__Faecalibacterium;s__Faecalibacterium_prausnitzii	-0.0283638403355	0.0715736361449	-0.00316971784547	0.0281977587799	-0.00968403566093	0.0286496363585	-0.0173142927273	1.0	-0.0203752376513	0.00904245654878	-0.0438693525809	0.00112733715262	0.0377298160267	0.0122122952282	-0.0290960538525	-0.0260244380617	-0.0194145619592	0.0204319146107	0.0311682251663	-0.0526211517879	-0.00268545577759	-0.0684712025324	0.022722713979	-0.00395340997194	-0.039883316899	-0.00616531434246	-0.0307285337507	-0.035617271958	0.0527702684284	-0.0316736466597	0.0384612029512	-0.00364156467059	-0.00460832479059	0.0298247602328	-0.0250466862261	-0.00778593373818	-0.0227052143808	0.00346672272734	-0.0122901467321	0.0254584336728	-0.0229406263322	-0.00287010445074	-0.031474766034	0.00976684590531	-0.047142832403	0.000574488984191	0.0019036408334	0.00924904274245	0.021242209517	-0.00509780724374	-0.00891206053486	0.026395904139	-0.0526294002202	0.00425258770542	0.0185670715448	0.0514039312309	-0.0739778213663	0.0506503591792	-0.0110366589918
k__Bacteria;p__Bacteroidetes;c__Bacteroidia;o__Bacteroidales;f__Rikenellaceae;g__Alistipes;s__Alistipes_finegoldii	-0.00968123262134	-0.0373870344926	0.0153834056117	0.0629007166618	0.045848065386	-0.00681416748802	-0.0581289267426	-0.0203752376513	1.0	0.0188822716117	-0.0234242309934	-0.0271738752565	-0.00220770080451	-0.0372579193813	-0.00725155087023	-0.0911890215811	-0.0448903973336	-0.0441209994184	-0.0449022392981	0.0216722625177	0.00624295599912	0.0185634523551	-0.0533488712609	0.0175790822872	-0.0127419573454	-0.00476001049422	0.0419520509579	0.058924253636	0.0714725358647	-0.0301629805475	-0.0175484816744	-0.0485349427217	-0.0457038098148	0.00258980739593	0.0231791896688	-0.0218223912421	-0.000506181731374	-0.0323305195198	-0.00411189535326	0.0191494873906	0.00830740462179	-0.0259443056364	0.0407762359276	0.0320352515623	-0.0245189520468	-0.0319359222551	0.0282450072139	-0.0130136682397	-0.0117156807514	-0.0243482426345	0.00802394363462	0.0349030159856	-0.0343449398044	-0.0106532375799	-0.06923846805	0.0133123261329	0.0994103123833	-0.0424565681547	-0.0435858546327
k__Bacteria;p__Bacteroidetes;c__Bacteroidia;o__Bacteroidales;f__Porphyromonadaceae;g__Parabacteroides;s__Parabacteroides_distasonis	0.0503937780694	0.0218789449122	0.00974879674277	-0.00627729030092	-0.0409475463418	-0.0525474889461	0.042494102923	0.00904245654878	0.0188822716117	1.0	0.00826125210549	-0.10804695499	0.00172920283245	-0.0461911333091	0.014623143582	0.00936836953308	-0.0123685809184	0.033751929434	0.00654950731004	-0.0199221432556	-0.0249095811476	-0.00791944376537	-0.0216225556038	-0.0538669117085	0.000727012533522	-0.0489230724645	-0.000421549359218	0.0116319633076	-0.0200662336165	-0.0136947601416	0.0328364406065	0.0377775678812	0.0305301002135	-0.0119983310748	-0.0341441330956	-0.0369109696955	0.00821138688593	-0.0307439235718	-0.0263077036213	0.0267265242593	0.0160958550021	0.0312300265442	0.0383842011698	0.0275973006375	-0.054373221552	-0.0416665023325	-0.000431114168821	-0.0225527441557	0.029522780075	0.0452275084905	0.0308369399092	0.0394045586855	-0.0713581311431	-0.0532737197205	-0.0316477637662	-0.0465549439062	0.0147857216124	-0.00550108995795	0.0230516968975
k__Bacteria;p__Bacteroidetes;c__Bacteroidia;o__Bacteroidales;f__Bacteroidaceae;g__Bacteroides;s__Bacteroides_thetaiotaomicron	0.0508054158098	0.00465406944301	-0.0661691882106	-0.022140640175	-0.0453399109342	-0.0161664972435	-0.0257119618545	-0.0438693525809	-0.0234242309934	0.00826125210549	1.0	-0.0472103686889	-0.0209861480437	-0.0184920332923	-0.0182944950242	0.0217036155481	-0.0201366690478	-0.0538712065462	0.0470340422872	0.00785597221985	-0.000946523154686	0.0280049037642	0.0285466724516	-0.0427258808638	-0.0253001225332	-0.0521681253537	-0.0284554637581	-0.0161231394023	0.101256296399	-0.0523465735533	0.0638024620708	-0.0130182067245	0.0176084064946	-0.0385452978378	-0.039346175967	0.0453686602529	0.0136079585918	-0.0126673636966	-0.00446363292091	-0.00297311007079	-0.0096973790873	-0.0729452140391	0.00473782077364	-0.00859971564074	0.00742816496394	-0.0013652533887	-0.0223156533508	-0.0866931917146	0.0311222311805	0.0325338611429	0.0213341219672	-0.0193548955047	0.0694878412474	-0.0300932781203	-0.0442967659699	0.0240965500224	0.0156224291103	-0.0199970592022	-0.0272723803866
k__Bacteria;p__Bacteroidetes;c__Bacteroidia;o__Bacteroidales;f__Bacteroidaceae;g__Bacteroides;s__Bacteroides_coprocola	0.0377832535545	0.00101113637524	0.0139594040426	0.00377418623599	-0.00598122853502	0.0050540055979	-0.0381833099613	0.00112733715262	-0.0271738752565	-0.10804695499	-0.0472103686889	1.0	-0.0236039529656	-0.0314619631378	0.00117291239585	0.0449507282981	-0.0114278566589	-0.0260742120636	0.00489500094001	-0.0650211959513	0.0087908427406	0.00340809484906	0.0330384450933	0.00276291832795	0.00635721370899	-0.0382070934885	0.00143667484545	-0.10256870641	0.0379545697537	-0.0111938086725	0.0246677748889	0.00192504807931	-0.0196553486938	0.0148816965154	0.00259365981933	0.0104461962333	-0.0472154627677	0.0264224713233	-0.0168483926412	0.0108116457433	-0.0144001965073	0.0122235714832	-0.0155520427042	-0.0172902527876	-0.0216102610387	0.0130127710557	0.0106398480905	-0.0258822975859	-0.0294961334354	-0.0192798279342	-0.0402995767971	0.0133983277275	-0.0134305631166	0.0154228649765	0.0255290184889	0.00961162547833	-0.0331252889708	0.017001563942	-0.0103262712479
k__Bacteria;p__Bacteroidetes;c__Bacteroidia;o__Bacteroidales;f__Bacteroidaceae;g__Bacteroides;s__Bacteroides_cellulosilyticus	-0.0421650931211	-0.0664610718888	-0.0156325029814	0.0161932182226	-0.0296459877601	0.0176746496501	-0.0335562488045	0.0377298160267	-0.00220770080451	0.00172920283245	-0.0209861480437	-0.0236039529656	1.0	-0.0364398443345	-0.0666379303218	-0.0220036285481	0.0121665293438	-0.0272865163399	-0.0624813622374	-0.0246903908554	0.0146742005537	-0.0324420713025	0.00120927281174	-0.0143870225602	0.0202801308499	-0.00375421407701	0.0454441766209	0.0163619146015	-0.0468275491153	0.00610320307579	0.0142441476845	0.0418798518816	0.00321005327833	0.0118504053007	0.00987747160797	0.0202075011193	0.0326307484688	0.0095466191585	0.0345267061814	0.0478045673675	0.00569660298064	0.0287616670315	0.00459045560929	0.0195778075693	-0.0460195128913	-0.00115166820637	0.0148909325455	-0.0175081703326	0.00856047190094	0.0262903227536	-0.00792994145576	-0.0117666440236	-0.00992064201657	0.0306058679295	-0.0142934608619	0.0310193771445	-0.046275638972	-0.0108625160437	-0.0342566883183
k__Bacteria;p__Bacteroidetes;c__Bacteroidia;o__Bacteroidales;f__Rikenellaceae;g__Alistipes;s__Alistipes_obesi	-0.00416003865121	-0.0518535862865	0.0249396345809	-0.00827414299597	0.0324233803807	0.0144266226048	7.33117620673e-05	0.0122122952282	-0.0372579193813	-0.0461911333091	-0.0184920332923	-0.0314619631378	-0.0364398443345	1.0	-0.0428855978553	-0.0180511448698	-0.0347984312276	0.0135244691698	-0.047455553363	0.0279121432723	-0.00298025597365	0.00655730894398	-0.00976126438341	0.0527410628675	-0.00954412757018	0.0253646226905	-0.0151947846961	0.0212833935393	-0.00556190801341	0.0200769427028	-0.0376841678202	0.0196794608245	0.069269550126	-0.0173245404325	-0.0231735465131	-0.0410345052934	0.0185306534686	0.0205475838931	-0.0398427162126	-0.0229982673101	0.0419340776745	-0.018482168442	-0.0106466028273	-0.0210763326115	0.0296534838007	0.0234617415563	0.0267571669883	0.0144081691677	-0.00276815488512	-0.0450684410895	0.0308249949081	-0.0121672800923	-0.0254068375015	-0.0652736223498	0.00825201243027	0.0359567661995	-0.00686746171677	-0.0183496902184	0.0313331227976
k__Bacteria;p__Firmicutes;c__Clostridia;o__Clostridiales;f__Lachnospiraceae;g__;s__[Eubacterium]_rectale	0.00456698192525	-0.0136491226625	-0.0625699297955	-0.0326352431731	0.0294493545082	0.0246886895053	-0.0258230114725	-0.0290960538525	-0.00725155087023	0.014623143582	-0.0182944950242	0.00117291239585	-0.0666379303218	-0.0428855978553	1.0	-0.032009176034	0.0101168499142	0.0449449884899	-0.0304092414489	-0.0688717200851	0.0190973557592	-0.0566508184477	0.0601287958294	0.0192894846956	0.0345640549804	0.000721004067067	0.0412121333131	0.0194830142807	-0.00542916975874	-0.0113623258662	0.0311574603433	-0.0230694558971	0.0281517996356	-0.0349878974676	0.000118987430644	0.0155963222318	-0.00647195206442	-0.0347327376077	0.0242548049746	-0.0115303999218	-0.0793682830702	-0.028433785803	0.0111311323875	-0.0659322507893	0.0344475133504	-0.0832467496216	0.0149856337994	-0.0100358020342	-0.0205622697294	0.016864256762	0.0224293198999	-0.0246282692946	0.00402716574862	-0.0197955969263	-0.0219064778674	0.0248316303884	0.0199121127375	-0.0300756576092	-0.049939201975
k__Bacteria;p__Bacteroidetes;c__Bacteroidia;o__Bacteroidales;f__Bacteroidaceae;g__Bacteroides;s__Bacteroides_plebeius	-0.0148743496966	-0.0183823800002	0.0258826688079	-0.0127508520554	-0.0463136164893	-0.0399514488112	0.00847979522774	-0.0260244380617	-0.0911890215811	0.00936836953308	0.0217036155481	0.0449507282981	-0.0220036285481	-0.0180511448698	-0.032009176034	1.0	-0.0508559105476	0.0307294004929	0.00272269222289	0.0291798705612	-0.0441661746462	-0.0750978001906	-0.0314478661464	0.0541352136398	-0.0338110074763	0.0157973207618	-0.01495569872	0.00416909525266	0.0025206564121	0.0464137797552	-0.00339340718237	0.00991733089208	0.0106642213437	0.0298395399758	-0.0418602677313	-0.0354508121471	-0.00865598738533	0.0129612082667	0.00951535974309	0.0056126545815	-0.00596472152624	-0.00412434509716	-0.0227914191574	-0.0103759913734	-0.0535241407701	0.0110700390549	-0.00158700376997	-0.0332366925489	0.0330144939986	0.0283842268422	-0.0115494079332	-0.0196181529022	0.0183062811514	0.00272586967427	-0.0199905007084	-0.0034850077851	-0.0114280592575	-0.0412616481177	-0.024264414641
k__Bacteria;p__Bacteroidetes;c__Bacteroidia;o__Bacteroidales;f__Bacteroidaceae;g__Bacteroides;s__Bacteroides_fragilis	0.0230047862576	0.0748065615759	0.0359276388382	-0.0324309738871	-0.0287476981505	-0.0245247291424	0.0619238588727	-0.0194145619592	-0.0448903973336	-0.0123685809184	-0.0201366690478	-0.0114278566589	0.0121665293438	-0.0347984312276	0.0101168499142	-0.0508559105476	1.0	-0.0285777976387	0.0117936567656	0.0182225500071	-0.0348714633202	-0.0532465856459	0.0597563913792	-0.033548406738	0.00758140648248	0.0329897250823	0.0448555012342	0.00397072739007	-0.015052127741	0.000163321605382	-0.0777135139692	0.0157970656842	-0.0498211023779	0.0266766048701	-0.0240339645317	0.0296210501577	0.000283149862791	-0.0877350147202	0.0170044049418	-0.0167158634913	-0.00208081561794	0.0343774199187	-0.00470128676074	0.0369037523691	-0.0942777601415	-0.0151222348352	-0.00475992992592	-0.0205881602363	-0.0474629732895	-0.0205350480546	-0.0615530947058	0.00889526215371	0.0278257675903	0.0342663753827	-0.00749748675512	0.0104896128327	0.0150449930394	-0.0476631808501	0.036901986776
k__Bacteria;p__Proteobacteria;c__Betaproteobacteria;o__Burkholderiales;f__Sutterellaceae;g__Sutterella;s__Sutterella_wadsworthensis	0.000784209123125	0.022820863846	0.02234894246	-0.043896627211	-0.00362493251715	-0.0592033889595	-0.0192651702128	0.0204319146107	-0.0441209994184	0.033751929434	-0.0538712065462	-0.0260742120636	-0.0272865163399	0.0135244691698	0.0449449884899	0.0307294004929	-0.0285777976387	1.0	-0.00805714934634	-0.0243069916904	0.000258710406278	0.0244781624336	-0.0470739801542	-0.0275066019241	0.00136468380754	0.0276340692991	-0.0404800282598	0.000188068719446	-0.061172617497	-0.040353866434	-0.00361644708597	0.0502755041087	0.0360443858635	0.025708944124	-0.000770881245717	0.0150062715164	-0.0315510099234	0.0605026933581	0.0162386146253	0.0118806948645	-0.0244613972136	-0.00991590591787	0.056936115826	-0.0566553924423	-0.0252041606871	0.02415549403	-0.0694773583196	-0.00975608602916	-0.010420457187	0.0354506300103	0.0426085926155	0.00923357661649	0.00723551299116	-0.00319326037047	0.00711374750097	-0.0144319855104	0.00932461634198	-0.0530089781764	0.0104722168367
k__Bacteria;p__Bacteroidetes;c__Bacteroidia;o__Bacteroidales;f__Porphyromonadaceae;g__Barnesiella;s__Barnesiella_intestinihominis	0.0356940362692	0.0363017254965	-0.0371996975079	0.0269426975131	0.00428023597468	0.0240032942208	0.0248712568558	0.0311682251663	-0.0449022392981	0.00654950731004	0.0470340422872	0.00489500094001	-0.0624813622374	-0.047455553363	-0.0304092414489	0.00272269222289	0.0117936567656	-0.00805714934634	1.0	-0.0107673992461	-0.0189704502521	-0.0318714371694	0.00108337755917	0.034162986116	-0.021741137951	-0.049030845014	-0.0459975625234	-0.0159678095496	-0.0627223824045	0.0241528321719	-0.0400903403208	0.0709787756676	0.025163992744	0.000765375588471	0.0376738081764	-0.00910371200462	-9.97712715216e-05	-0.0066392721455	0.00759804672571	0.00529950051904	0.00625126696295	-0.0283435635969	-0.0129111997944	-0.0576467228069	0.00578352164489	0.0282239135738	-0.023029679734	-0.0123639763	0.0143916590013	-0.0369506277914	-0.097498192492	-0.00258264213997	-0.00933060314251	0.01422004337	0.0147966413542	0.0181734296404	-0.0167436617865	-0.00795644014702	0.0582456331245
k__Bacteria;p__Bacteroidetes;c__Bacteroidia;o__Bacteroidales;f__Odoribacteraceae;g__Odoribacter;s__Odoribacter_splanchnicus	0.0130824732575	-0.0161823851155	0.0794373434099	-0.0160014974403	-0.0459778027753	-0.0100340114287	0.019556110012	-0.0526211517879	0.0216722625177	-0.0199221432556	0.00785597221985	-0.0650211959513	-0.0246903908554	0.0279121432723	-0.0688717200851	0.0291798705612	0.0182225500071	-0.0243069916904	-0.0107673992461	1.0	-0.0856023878361	-0.0407704193209	0.0245876715206	-0.00705297393781	0.00992421054621	0.00522585469279	0.00794983204237	0.010250643556	-0.00637522983576	0.0127786564363	0.00515288774018	0.00671348739957	-0.070237392832	-0.0931770253881	-0.0312111190399	0.0600862290289	-0.0255108694447	0.0429271630061	-0.00874348379922	-0.0149870386041	0.00287195224408	0.0349518261128	-0.00452203766938	-0.0814398836801	0.026997052661	0.0377028552427	-0.000458120402483	0.0585610196538	-0.0279486451331	-0.00836793808569	-0.0339069624354	-0.00269314670991	0.0338660162779	-0.0456447582556	-0.0266107035318	0.0522609630366	0.060666735214	-0.0675867662314	0.0420230387644
k__Bacteria;p__Bacteroidetes;c__Bacteroidia;o__Bacteroidales;f__Bacteroidaceae;g__Bacteroides;s__Bacteroides_salyersiae	-0.0284264977485	0.000122919811526	-0.0499204920009	0.017757638772	-0.0389928497852	0.0261716595562	-0.0139107838976	-0.00268545577759	0.00624295599912	-0.0249095811476	-0.000946523154686	0.0087908427406	0.0146742005537	-0.00298025597365	0.0190973557592	-0.0441661746462	-0.0348714633202	0.000258710406278	-0.0189704502521	-0.0856023878361	1.0	-0.0156113701445	-0.00992810281256	0.014750736042	-0.0505421952022	-0.0149170145763	-0.0128480931342	-0.0495639815714	0.0310574149649	-0.0457516112447	0.0390131289235	0.00643448253111	-0.0199912495597	0.0251587829487	0.0262109644653	-0.0233405113645	-0.0111408023374	-0.0218377851273	-0.0326508100388	0.0281787842931	-0.0430512686026	-0.00575210997683	-0.00435057049047	0.00569139114791	-0.0274260788873	0.0126788096628	0.0511368186848	-0.00803356121136	0.0188316330413	-0.0139486337996	-0.0464255231667	0.000208463514918	0.0458249436238	-0.0408362085646	-0.0182938529169	0.0281383723736	-0.0412199603636	0.0463566515747	-0.0100095326883
k__Bacteria;p__Firmicutes;c__Clostridia;o__Clostridiales;f__Ruminococcaceae;g__Ruminiclostridium;s__[Eubacterium]_siraeum	0.0412902445078	-0.0132515917942	-0.0246024131259	-0.0347171313824	0.024932671634	-0.0229866795269	0.00345575471374	-0.0684712025324	0.0185634523551	-0.00791944376537	0.0280049037642	0.00340809484906	-0.0324420713025	0.00655730894398	-0.0566508184477	-0.0750978001906	-0.0532465856459	0.0244781624336	-0.0318714371694	-0.0407704193209	-0.0156113701445	1.0	-0.00695248047603	0.0123804198877	0.0651264397498	-0.00414025901135	0.0551145087746	-0.0357066955774	-0.0241819287216	0.00177664680314	0.0117664998018	0.0024390234477	0.0236269586478	-0.0224656003167	0.019631902063	-0.0317813571973	-0.0563265902621	0.0144706797797	0.00929161188308	-0.0116601064306	0.055602677547	-0.0245654965711	-0.0251414939442	-0.0174537367742	-0.0178735529878	0.0426225539275	-0.0247831960653	0.00647227655745	0.0428546714971	0.0201837368472	0.0166802934811	-0.022037818479	0.0086398511488	-0.0551867325875	0.00219745297159	0.0225180435169	-0.0156073607094	0.0263873127624	0.032657709435
k__Bacteria;p__Proteobacteria;c__Betaproteobacteria;o__Burkholderiales;f__Sutterellaceae;g__Parasutterella;s__Parasutterella_excrementihominis	-0.0422566691582	-0.0398367318958	0.0153187462715	-0.0315015628036	0.00388926360457	0.00576579238379	0.0106740809231	0.022722713979	-0.0533488712609	-0.0216225556038	0.0285466724516	0.0330384450933	0.00120927281174	-0.00976126438341	0.0601287958294	-0.0314478661464	0.0597563913792	-0.0470739801542	0.00108337755917	0.0245876715206	-0.00992810281256	-0.00695248047603	1.0	-0.0279634775823	0.00916981380079	-0.0405577372001	-0.0017999537822	-0.0128280028182	0.00460635516505	-0.0411432418844	-0.00108844597534	0.00641290380955	0.00315079690337	-0.0159639563902	0.0347052235649	-0.00447177184703	-0.0303628605192	-0.026506286244	-0.0137999743973	-0.0384896289846	0.0173907123637	-0.0154617299964	-0.0340577751852	-0.0195182442692	-0.0160825610653	-0.0317465825983	-0.00874817981282	0.0272641922375	0.0193886481494	-0.0745352662917	0.0358333211533	0.00365409987442	0.0607254026958	0.023122986654	-0.0586869975817	0.031184615623	0.0102961428814	-0.0708987255675	-0.026301163079
k__Bacteria;p__Actinobacteria;c__Actinobacteria;o__Bifidobacteriales;f__Bifidobacteriaceae;g__Bifidobacterium;s__Bifidobacterium_adolescentis	-0.0323977620476	-0.0692752224496	-0.0212420566909	0.0587576980379	0.0368957149416	0.0105471946452	-0.0182869379455	-0.00395340997194	0.0175790822872	-0.0538669117085	-0.0427258808638	0.00276291832795	-0.0143870225602	0.0527410628675	0.0192894846956	0.0541352136398	-0.033548406738	-0.0275066019241	0.034162986116	-0.00705297393781	0.014750736042	0.0123804198877	-0.0279634775823	1.0	0.0220335056621	0.0710147603954	-0.0869404700018	0.0596431857293	0.0585247115368	0.0132163248757	0.00223134375407	-0.0774589446044	-0.00658524998257	-0.00742931395671	-0.0609803753997	-0.04025050701	-0.0148652669619	-0.0537700467691	0.0131159897476	-0.021631248358	0.0188022036157	0.00977994629185	-0.00687350014807	-0.0447160806487	-0.0355941419638	-0.0097653763619	-0.0212609746834	-0.0111179687082	-0.0120523533701	-0.00541694813846	-0.0506419129559	-0.014977409989	0.0133407379105	-0.0251143378785	0.0189104817903	-0.0195740899908	-0.0249986928912	-0.0383125332285	-0.0308895997969
k__Bacteria;p__Firmicutes;c__Clostridia;o__Clostridiales;f__Oscillospiraceae;g__Oscillibacter;s__Oscillibacter_sp._KLE_1745	0.00662502299427	-0.0486131357459	0.00207845612618	-0.0356688727468	0.0597518331007	-0.0311133830111	0.0214132389618	-0.039883316899	-0.0127419573454	0.000727012533522	-0.0253001225332	0.00635721370899	0.0202801308499	-0.00954412757018	0.0345640549804	-0.0338110074763	0.00758140648248	0.00136468380754	-0.021741137951	0.00992421054621	-0.0505421952022	0.0651264397498	0.00916981380079	0.0220335056621	1.0	-0.0393667626555	-0.0554710452902	-0.0132290153408	0.0697113329532	0.0588237669313	0.0177380758228	-0.00667695228086	-0.03493808659	-0.00111451772093	0.00373743751496	0.00208984139135	-0.0158676764774	-0.0667367380139	-0.0358689111923	-0.000341333018639	-0.0252446978074	-0.0514415718039	-0.0155756371669	0.0290134240349	0.0387635947586	-0.0875136768487	-0.0076775997131	0.0121437044961	0.00856255268449	0.012546310811	0.0301422789407	-0.0392637827341	-0.00673448800991	0.00702802722492	0.0124302968039	0.0181381688786	0.0129546464145	0.0171993160823	-0.0287899615873
k__Bacteria;p__Bacteroidetes;c__Bacteroidia;o__Bacteroidales;f__Bacteroidaceae;g__Bacteroides;s__Bacteroides_coprophilus	-0.0585926165172	-0.00452599692055	-0.0303238222561	-0.00878432157619	-0.00628637606029	-0.0517170495696	-0.0478109119517	-0.00616531434246	-0.00476001049422	-0.0489230724645	-0.0521681253537	-0.0382070934885	-0.00375421407701	0.0253646226905	0.000721004067067	0.0157973207618	0.0329897250823	0.0276340692991	-0.049030845014	0.00522585469279	-0.0149170145763	-0.00414025901135	-0.0405577372001	0.0710147603954	-0.0393667626555	1.0	0.024461861356	-0.00598931002122	-0.0314946618004	-0.0276582930308	0.0146331654184	-0.0350364920843	0.000358030288007	0.0130883040563	-0.0430818257996	-0.0147520671514	-0.00692397930506	-0.0236177838238	-0.000228427247724	-0.0200154019219	0.0211946691163	-0.0117724257744	-0.0235398058973	-0.0266855879633	0.00400503104709	-0.0453188676761	0.0217447030076	-0.0043322866915	0.0448685249419	-0.0154843680989	0.0251766510915	0.0290823523636	0.00197187806858	-0.0284777400117	-0.025897828394	-0.013970380933	0.0350278777781	0.0118656964275	0.0514975227271
k__Bacteria;p__Firmicutes;c__Clostridia;o__Clostridiales;f__Lachnospiraceae;g__Roseburia;s__Roseburia_intestinalis	-0.00887670980338	-0.00812602107723	-0.00478344487235	-0.0471861818844	-0.0351997677606	-0.0040781562868	-0.0326405163304	-0.0307285337507	0.0419520509579	-0.000421549359218	-0.0284554637581	0.00143667484545	0.0454441766209	-0.0151947846961	0.0412121333131	-0.01495569872	0.0448555012342	-0.0404800282598	-0.0459975625234	0.00794983204237	-0.0128480931342	0.0551145087746	-0.0017999537822	-0.0869404700018	-0.0554710452902	0.024461861356	1.0	0.00452530679844	0.00492791510739	-0.0425257275997	-0.00893837935224	0.0326506272834	-0.0179228943934	0.000581184558127	0.0200711135528	-0.0320352597504	-0.0350843395236	-0.0105869958549	0.00900502276804	0.0187169517766	0.0159641264289	-0.00473430966309	-0.0096810448644	-0.00884165797315	-0.0296930214584	-0.0514495324496	-0.0185336368423	-0.0406489248875	-0.0122406789305	-0.0834406158001	0.00247049374718	0.0440380270779	0.0506907226896	0.0236310637615	-0.0123804438517	0.0176533364563	-0.0227556663384	0.0365371917098	-0.0152632328498
k__Bacteria;p__Firmicutes;c__Clostridia;o__Clostridiales;f__Lachnospiraceae;g__Roseburia;s__Roseburia_hominis	-0.0428765551233	-0.0450017109777	0.0720930685513	0.0381500245683	-0.0185414395347	-0.0182535695069	-0.0708236659507	-0.035617271958	0.058924253636	0.0116319633076	-0.0161231394023	-0.10256870641	0.0163619146015	0.0212833935393	0.0194830142807	0.00416909525266	0.00397072739007	0.000188068719446	-0.0159678095496	0.010250643556	-0.0495639815714	-0.0357066955774	-0.0128280028182	0.0596431857293	-0.0132290153408	-0.00598931002122	0.00452530679844	1.0	-0.00471403965486	-0.0613096133277	-0.0372661031283	0.0491021797749	-0.0332910330803	0.00990934920272	0.0209672186577	-0.0583783699445	-0.0176485335519	-0.0138314073184	-0.00799542123855	-0.0188564904577	0.00957842953433	0.0856044456158	-0.0437422729007	-0.0205411107087	0.00132233278341	-0.0284702297889	0.00866373451901	-0.033256472903	0.0297228991801	0.0268200833914	0.0399936519993	-0.0411348197867	-0.0265243313992	-0.0272399649676	0.0184167534832	-0.0316679729691	-0.0190206121206	0.0200926606127	-0.0396619666271
k__Bacteria;p__Bacteroidetes;c__Bacteroidia;o__Bacteroidales;f__Porphyromonadaceae;g__Parabacteroides;s__Parabacteroides_johnsonii	-0.0302732567974	0.0340891565856	0.0128875971034	0.0281749483207	-0.00800300490571	0.0427660062854	0.014336664416	0.0527702684284	0.0714725358647	-0.0200662336165	0.101256296399	0.0379545697537	-0.0468275491153	-0.00556190801341	-0.00542916975874	0.0025206564121	-0.015052127741	-0.061172617497	-0.0627223824045	-0.00637522983576	0.0310574149649	-0.0241819287216	0.00460635516505	0.0585247115368	0.0697113329532	-0.0314946618004	0.00492791510739	-0.00471403965486	1.0	-0.0586925073204	0.00396076151663	-0.0133495071235	-0.0148710755606	-0.0426916972103	-0.0457708508669	-0.0392322150183	0.00394771385671	0.0290445801387	-0.0178663582603	-0.0255481804428	-0.0151831211741	-0.097229141147	-0.0354648187178	0.00723487603954	-0.0554354177546	0.0456458979385	0.00631272315227	-0.0362750427097	-0.0016234393964	-0.0146561733367	-0.012919625683	0.0248632678781	-0.00658052409632	0.0223841471867	-0.00483507700133	0.0310919686989	-0.0245404684592	0.0537671639814	-0.0499773008521
k__Bacteria;p__Actinobacteria;c__Actinobacteria;o__Bifidobacteriales;f__Bifidobacteriaceae;g__Bifidobacterium;s__Bifidobacterium_longum	0.0257849003029	0.0118427136395	0.0472753808154	-0.0194056552355	0.0214022429215	-0.0379366622119	-0.011562114028	-0.0316736466597	-0.0301629805475	-0.0136947601416	-0.0523465735533	-0.0111938086725	0.00610320307579	0.0200769427028	-0.0113623258662	0.0464137797552	0.000163321605382	-0.040353866434	0.0241528321719	0.0127786564363	-0.0457516112447	0.00177664680314	-0.0411432418844	0.0132163248757	0.0588237669313	-0.0276582930308	-0.0425257275997	-0.0613096133277	-0.0586925073204	1.0	-0.0351381970976	-0.039764401986	-0.0153508006755	0.020025532726	0.0699878546069	-0.0213769153011	0.0326811657683	-0.0405069959467	0.0183357376021	-0.0394351067281	0.00553962721123	-0.0147640394471	-0.0126146968567	0.00289075193506	0.00303965576573	-0.0510806525973	0.0119950117819	0.0143941712887	0.0231910325368	0.000604518990666	0.0264295487629	-0.0260883531961	0.0565597252728	-0.0268516785906	0.00169316826299	0.0236426072205	0.0194953098813	0.00999413453513	0.0449704251524
