#taxonomy	k__Bacteria;p__Bacteroidetes;c__Bacteroidia;o__Bacteroidales;f__Bacteroidaceae;g__Bacteroides;s__Bacteroides_vulgatus	k__Bacteria;p__Bacteroidetes;c__Bacteroidia;o__Bacteroidales;f__Bacteroidaceae;g__Bacteroides;s__Bacteroides_uniformis	k__Bacteria;p__Bacteroidetes;c__Bacteroidia;o__Bacteroidales;f__Rikenellaceae;g__Alistipes;s__Alistipes_putredinis	k__Bacteria;p__Bacteroidetes;c__Bacteroidia;o__Bacteroidales;f__Prevotellaceae;g__Prevotella;s__Prevotella_copri	k__Bacteria;p__Bacteroidetes;c__Bacteroidia;o__Bacteroidales;f__Bacteroidaceae;g__Bacteroides;s__Bacteroides_stercoris	k__Bacteria;p__Bacteroidetes;c__Bacteroidia;o__Bacteroidales;f__Bacteroidaceae;g__Bacteroides;s__Bacteroides_ovatus	k__Bacteria;p__Bacteroidetes;c__Bacteroidia;o__Bacteroidales;f__Rikenellaceae;g__Alistipes;s__Alistipes_shahii	k__Bacteria;p__Firmicutes;c__Clostridia;o__Clostridiales;f__Ruminococcaceae;g__Faecalibacterium;s__Faecalibacterium_prausnitzii	k__Bacteria;p__Bacteroidetes;c__Bacteroidia;o__Bacteroidales;f__Rikenellaceae;g__Alistipes;s__Alistipes_finegoldii	k__Bacteria;p__Bacteroidetes;c__Bacteroidia;o__Bacteroidales;f__Porphyromonadaceae;g__Parabacteroides;s__Parabacteroides_distasonis	k__Bacteria;p__Bacteroidetes;c__Bacteroidia;o__Bacteroidales;f__Bacteroidaceae;g__Bacteroides;s__Bacteroides_thetaiotaomicron	k__Bacteria;p__Bacteroidetes;c__Bacteroidia;o__Bacteroidales;f__Bacteroidaceae;g__Bacteroides;s__Bacteroides_coprocola	k__Bacteria;p__Bacteroidetes;c__Bacteroidia;o__Bacteroidales;f__Bacteroidaceae;g__Bacteroides;s__Bacteroides_cellulosilyticus	k__Bacteria;p__Bacteroidetes;c__Bacteroidia;o__Bacteroidales;f__Rikenellaceae;g__Alistipes;s__Alistipes_obesi	k__Bacteria;p__Firmicutes;c__Clostridia;o__Clostridiales;f__Lachnospiraceae;g__;s__[Eubacterium]_rectale	k__Bacteria;p__Bacteroidetes;c__Bacteroidia;o__Bacteroidales;f__Bacteroidaceae;g__Bacteroides;s__Bacteroides_plebeius	k__Bacteria;p__Bacteroidetes;c__Bacteroidia;o__Bacteroidales;f__Bacteroidaceae;g__Bacteroides;s__Bacteroides_fragilis	k__Bacteria;p__Proteobacteria;c__Betaproteobacteria;o__Burkholderiales;f__Sutterellaceae;g__Sutterella;s__Sutterella_wadsworthensis	k__Bacteria;p__Bacteroidetes;c__Bacteroidia;o__Bacteroidales;f__Porphyromonadaceae;g__Barnesiella;s__Barnesiella_intestinihominis	k__Bacteria;p__Bacteroidetes;c__Bacteroidia;o__Bacteroidales;f__Odoribacteraceae;g__Odoribacter;s__Odoribacter_splanchnicus	k__Bacteria;p__Bacteroidetes;c__Bacteroidia;o__Bacteroidales;f__Bacteroidaceae;g__Bacteroides;s__Bacteroides_salyersiae	k__Bacteria;p__Firmicutes;c__Clostridia;o__Clostridiales;f__Ruminococcaceae;g__Ruminiclostridium;s__[Eubacterium]_siraeum	k__Bacteria;p__Proteobacteria;c__Betaproteobacteria;o__Burkholderiales;f__Sutterellaceae;g__Parasutterella;s__Parasutterella_excrementihominis	k__Bacteria;p__Actinobacteria;c__Actinobacteria;o__Bifidobacteriales;f__Bifidobacteriaceae;g__Bifidobacterium;s__Bifidobacterium_adolescentis	k__Bacteria;p__Firmicutes;c__Clostridia;o__Clostridiales;f__Oscillospiraceae;g__Oscillibacter;s__Oscillibacter_sp._KLE_1745	k__Bacteria;p__Bacteroidetes;c__Bacteroidia;o__Bacteroidales;f__Bacteroidaceae;g__Bacteroides;s__Bacteroides_coprophilus	k__Bacteria;p__Firmicutes;c__Clostridia;o__Clostridiales;f__Lachnospiraceae;g__Roseburia;s__Roseburia_intestinalis	k__Bacteria;p__Firmicutes;c__Clostridia;o__Clostridiales;f__Lachnospiraceae;g__Roseburia;s__Roseburia_hominis	k__Bacteria;p__Bacteroidetes;c__Bacteroidia;o__Bacteroidales;f__Porphyromonadaceae;g__Parabacteroides;s__Parabacteroides_johnsonii	k__Bacteria;p__Actinobacteria;c__Actinobacteria;o__Bifidobacteriales;f__Bifidobacteriaceae;g__Bifidobacterium;s__Bifidobacterium_longum	k__Bacteria;p__Firmicutes;c__Clostridia;o__Clostridiales;f__;g__Flavonifractor;s__Flavonifractor_plautii	k__Bacteria;p__Firmicutes;c__Clostridia;o__Clostridiales;f__Clostridiaceae;g__Clostridium;s__Clostridium_phoceensis	k__Bacteria;p__Verrucomicrobia;c__Verrucomicrobiae;o__Verrucomicrobiales;f__Akkermansiaceae;g__Akkermansia;s__Akkermansia_muciniphila	k__Bacteria;p__Bacteroidetes;c__Bacteroidia;o__Bacteroidales;f__Prevotellaceae;g__Paraprevotella;s__Paraprevotella_xylaniphila	k__Bacteria;p__Firmicutes;c__Clostridia;o__Clostridiales;f__Ruminococcaceae;g__Ruminococcus;s__Ruminococcus_callidus	k__Bacteria;p__Bacteroidetes;c__Bacteroidia;o__Bacteroidales;f__Rikenellaceae;g__Alistipes;s__Alistipes_senegalensis	k__Bacteria;p__Firmicutes;c__Clostridia;o__Clostridiales;f__Lachnospiraceae;g__Blautia;s__Blautia_sp._KLE_1732	k__Bacteria;p__Bacteroidetes;c__Bacteroidia;o__Bacteroidales;f__Bacteroidaceae;g__Bacteroides;s__Bacteroides_oleiciplenus	k__Bacteria;p__Firmicutes;c__Clostridia;o__Clostridiales;f__Ruminococcaceae;g__Ruminococcus;s__Ruminococcus_bicirculans	k__Bacteria;p__Bacteroidetes;c__Bacteroidia;o__Bacteroidales;f__Bacteroidaceae;g__Bacteroides;s__Bacteroides_fluxus	k__Bacteria;p__Bacteroidetes;c__Bacteroidia;o__Bacteroidales;f__Prevotellaceae;g__Prevotella;s__Prevotella_stercorea	k__Bacteria;p__Firmicutes;c__Clostridia;o__Clostridiales;f__Lachnospiraceae;g__Dorea;s__Dorea_longicatena	k__Bacteria;p__Firmicutes;c__Clostridia;o__Clostridiales;f__Eubacteriaceae;g__Eubacterium;s__[Eubacterium]_eligens	k__Bacteria;p__Firmicutes;c__Clostridia;o__Clostridiales;f__Ruminococcaceae;g__;s__Ruminococcaceae_bacterium_D16	k__Bacteria;p__Firmicutes;c__Clostridia;o__Clostridiales;f__Lachnospiraceae;g__Coprococcus;s__Coprococcus_comes	k__Bacteria;p__Proteobacteria;c__Gammaproteobacteria;o__Enterobacterales;f__Enterobacteriaceae;g__Escherichia;s__Escherichia_coli	k__Bacteria;p__Firmicutes;c__Clostridia;o__Clostridiales;f__Ruminococcaceae;g__Anaerotruncus;s__Anaerotruncus_colihominis	k__Bacteria;p__Firmicutes;c__Clostridia;o__Clostridiales;f__Lachnospiraceae;g__Blautia;s__Blautia_obeum	k__Bacteria;p__Bacteroidetes;c__Bacteroidia;o__Bacteroidales;f__Odoribacteraceae;g__Odoribacter;s__Odoribacter_laneus	k__Bacteria;p__Firmicutes;c__Clostridia;o__Clostridiales;f__Ruminococcaceae;g__Ruminiclostridium;s__[Clostridium]_leptum	k__Bacteria;p__Bacteroidetes;c__Bacteroidia;o__Bacteroidales;f__Porphyromonadaceae;g__Parabacteroides;s__Parabacteroides_goldsteinii	k__Bacteria;p__Firmicutes;c__Clostridia;o__Clostridiales;f__Lachnospiraceae;g__Anaerostipes;s__Anaerostipes_hadrus	k__Bacteria;p__Firmicutes;c__Clostridia;o__Clostridiales;f__Ruminococcaceae;g__Ruminococcus;s__Ruminococcus_lactaris	k__Bacteria;p__Firmicutes;c__Clostridia;o__Clostridiales;f__Clostridiaceae;g__Clostridium;s__Clostridium_sp._L2-50	k__Bacteria;p__Firmicutes;c__Clostridia;o__Clostridiales;f__Clostridiaceae;g__Clostridium;s__Clostridium_sp._M62/1	k__Bacteria;p__Firmicutes;c__Clostridia;o__Clostridiales;f__;g__Intestinimonas;s__Intestinimonas_butyriciproducens	k__Bacteria;p__Actinobacteria;c__Actinobacteria;o__Bifidobacteriales;f__Bifidobacteriaceae;g__Bifidobacterium;s__Bifidobacterium_bifidum	k__Bacteria;p__Firmicutes;c__Negativicutes;o__Veillonellales;f__Veillonellaceae;g__Dialister;s__Dialister_invisus	k__Bacteria;p__Bacteroidetes;c__Bacteroidia;o__Bacteroidales;f__Bacteroidaceae;g__Bacteroides;s__Bacteroides_salanitronis
k__Bacteria;p__Bacteroidetes;c__Bacteroidia;o__Bacteroidales;f__Bacteroidaceae;g__Bacteroides;s__Bacteroides_vulgatus	1.0	-0.0628592849585	-0.0228097210311	0.0378174283253	0.0419983705714	-0.00148347369147	0.0106665735176	0.00929148617448	0.0164812226856	-0.0083621609895	0.0424640037963	0.0424892171323	0.0107169517837	0.0109050851579	0.0064216803363	0.0512041071819	0.0281852082046	0.00516413215882	-0.00201152439886	-0.00828280420011	-0.0528823354051	-0.0564067727886	0.0318634130723	0.0323160246057	-0.0262710203458	0.0238039592095	0.030204638546	-0.0278194478112	-0.0223232185807	0.0290900615199	-0.00411759598236	-0.00965587520241	0.0162752870579	0.00303813442445	0.0354440206437	-0.0426264034505	0.00312282137517	-0.00177852259297	-0.069026070029	-0.0170507715955	-0.0128355943627	0.00627280218681	-0.0219514347725	0.0206309080921	-0.0122579003712	0.0135997200144	-0.0515162612713	0.00517410070248	-0.0321612513638	-0.0520968272604	0.0113000356121	-0.0311340198173	-0.0820494876282	-0.0425086795375	-0.0322512216238	0.0197574412122	-0.0381250428814	-0.0463220669473	-0.0123817700744
k__Bacteria;p__Bacteroidetes;c__Bacteroidia;o__Bacteroidales;f__Bacteroidaceae;g__Bacteroides;s__Bacteroides_uniformis	-0.0628592849585	1.0	-0.0693533983803	-0.0439255250439	-0.0275272795136	0.0599866810519	0.0117938388245	-0.0403991579531	0.0267310505441	-0.0648653563774	0.0141386674992	-0.0394449500902	0.0149919394893	0.00986174167789	-0.0282075355685	0.0189300017881	0.016235692674	-0.0214448073423	-0.0084018711293	0.00644952527555	0.0215727016395	0.0475725248453	-0.0351085088545	0.0112401439065	0.071364970617	-0.0565819068174	-0.0128932606361	-0.0515463708681	0.00335662146466	0.00709747010442	-0.0413451935715	0.00481991850748	-0.0466751137327	-0.0103546269917	-0.0153988406084	0.000463840704316	-0.0325807682642	0.0151306746863	0.000445503517926	0.00233718055934	0.0215526319706	-0.00333238982653	-0.00172420336371	0.021616262501	0.0409675077082	-0.0145780736748	0.0703705937911	-0.013210542976	-0.0247460640963	0.0302224387718	0.0103502293455	-0.0377837453418	-0.0290587798858	-0.0159816309664	-0.02200066823	0.00753227527388	-0.00127138972096	-0.0183987537627	0.00801399104984
k__Bacteria;p__Bacteroidetes;c__Bacteroidia;o__Bacteroidales;f__Rikenellaceae;g__Alistipes;s__Alistipes_putredinis	-0.0228097210311	-0.0693533983803	1.0	-0.0259247809055	-0.0125753995234	-0.0507766847128	0.0471679885666	0.0923454986391	-0.00222888602548	0.0457868159326	-0.0146241150406	0.0178376034504	0.0097955983934	-0.0125278286411	0.0347132747443	-0.0795822453126	-0.0267989568173	-0.0504406666334	-0.0316032853766	-0.00644483550698	0.0366093364289	-0.0338661939857	-0.0318749758232	-0.0140379341933	-0.0254248491192	-0.0181890033961	0.0188296027953	-0.0224700735043	0.000505216989123	-0.0475967892386	0.00210290198982	0.00334179911695	0.0168316631053	0.0040330814598	0.024624172672	-0.0111074272577	-0.0274472928907	0.0505758083545	0.0567489842683	0.0432397493257	0.015907236667	0.00813576783796	-0.00530781301191	0.0492298923264	-0.0449540208242	0.043069799587	0.0457166331484	-0.0364747466705	0.0201245820659	0.00459813060553	0.0338210193375	0.0362695183547	-0.01426346046	-0.0262110144395	0.00253582692812	-0.0648560375957	-0.000269431786302	0.0398513379214	0.010297303188
k__Bacteria;p__Bacteroidetes;c__Bacteroidia;o__Bacteroidales;f__Prevotellaceae;g__Prevotella;s__Prevotella_copri	0.0378174283253	-0.0439255250439	-0.0259247809055	1.0	-0.036497918597	-0.0180604512126	-0.0069931143556	0.0163787205282	-0.0304190285977	-0.00667268281247	0.0344703157548	0.0357017092552	0.0357843023178	-0.0587679577207	-0.0067690464696	-0.0359711411333	0.00690568844397	-0.00323404909724	-0.00258192202099	0.0472123851088	0.0143406072578	0.0443326212618	0.0194388526938	-0.012966189797	0.0205381969179	-0.0124637197973	0.0131726815509	-0.0310096060046	-0.042273711867	-0.0493692172788	-0.00841529043784	-0.027883283653	-0.0448806189884	-0.0240930157764	0.0242628322461	0.0379994440296	0.00646872072332	-0.0129908465433	-0.0159041732616	0.00299766277832	-0.0214664412924	-0.0374312969422	-0.019436828347	-0.0444699024739	0.0393269947411	-0.0326409050901	-0.0279341377568	0.0238230584473	-0.0301613912261	-0.0441324820632	0.0153575720052	0.0730254178085	-0.000686923525959	0.00951541506857	-0.0209262662197	-0.0631605241239	0.00187584312568	-0.027620174096	-0.00288572071382
k__Bacteria;p__Bacteroidetes;c__Bacteroidia;o__Bacteroidales;f__Bacteroidaceae;g__Bacteroides;s__Bacteroides_stercoris	0.0419983705714	-0.0275272795136	-0.0125753995234	-0.036497918597	1.0	-0.0459447857165	-0.0563686874037	0.0159030667162	0.00777699117082	-0.0082844090454	0.031399318904	0.0443341397059	-0.0212424261386	-0.040743487617	-0.00796039644479	-0.0451816844546	-0.0249534935891	-0.0234196805659	-0.0325986395942	-0.0425225065726	-0.0517951944191	-0.0164240225387	0.00252023090832	-0.0429978771647	-0.0665744251456	0.0205988466317	-0.00578546986772	-0.0101216978214	0.0267047993747	0.0642224587653	0.00790691873792	0.0236970682336	-0.0678455343292	-0.0150799396286	-0.0181985413049	0.0732125095041	0.0140080841745	-0.0359785195453	-0.026216618225	-0.0363870507418	-0.0135200615811	-0.0201126667692	0.0238410666359	0.0629404979576	0.0540285687088	0.0515493814804	-0.00908223338861	-0.0104401099613	0.0119799247435	0.0381272334581	-0.043462684244	-0.0560845111446	-0.0314807697608	-0.0135778131744	0.00824048949898	-0.00656768008661	0.00585137185528	0.0527037604758	-0.0390615426285
k__Bacteria;p__Bacteroidetes;c__Bacteroidia;o__Bacteroidales;f__Bacteroidaceae;g__Bacteroides;s__Bacteroides_ovatus	-0.00148347369147	0.0599866810519	-0.0507766847128	-0.0180604512126	-0.0459447857165	1.0	0.0511408637612	0.0097761875839	-0.00448478780187	-0.0573904577939	-0.046092729124	-0.0141209070463	0.0439569144095	0.00292486093826	0.082089781386	-0.0751552244396	0.00486693375008	-0.0809469297172	-0.00589640354142	-0.0133182735422	0.0436972777757	-0.0315053257452	-0.00296569874422	-0.0495096533573	0.0279677154854	-0.000651263753252	-0.04809359693	-0.0273540773271	0.0215093907864	0.0667668061898	0.0362872810357	-0.0149518563975	0.0331376341109	-0.0247542743389	-0.0116074365424	-0.00945248614734	-0.0274331246687	0.032968011496	-0.0283206824787	0.0370884593112	-0.00652149325176	0.0532471972294	0.000564400907847	-0.00649233465362	-0.0112613566545	0.00595779208041	0.0248449901395	0.0492037327086	-0.077708045954	-0.021754338342	0.00867037849897	0.0053378886181	-0.00194129291104	-0.0297533552017	-0.00024045872044	-0.0756354975383	-0.0476803642468	0.0138680612196	0.0137574622172
k__Bacteria;p__Bacteroidetes;c__Bacteroidia;o__Bacteroidales;f__Rikenellaceae;g__Alistipes;s__Alistipes_shahii	0.0106665735176	0.0117938388245	0.0471679885666	-0.0069931143556	-0.0563686874037	0.0511408637612	1.0	0.00171548739986	-0.0589657783437	0.000526397158131	-0.0337234144274	0.0045276777652	-0.000340081929748	0.022566860601	0.0483904195202	-0.0167552607074	0.025083837283	-0.0225451877901	0.00143154091427	-0.00400169282246	0.0174737708573	0.0153016491591	0.0320995480228	-0.0771657167036	0.00441973407824	-0.00234729489788	0.00142192664967	-0.0378307327367	-0.0617359200535	0.000902998150736	-0.043636810729	-0.0440556847968	0.0285969331613	0.000999941117344	0.0190949600363	0.00853973128668	-0.00917217387155	-0.0202426063943	-0.0265558805572	0.022030318456	0.00255131685395	0.0154485158249	-0.0306430036436	-0.00904150910893	-0.0325900804385	0.00884162385128	-0.0376387416389	-0.0393131248695	0.0562463856348	-0.0357227927264	-0.0458438041468	-0.000278423749583	0.00252135585219	-0.0570453998672	-0.0118503794314	0.0747462078184	0.0886613702374	0.0577695797133	0.0871342092234
k__Bacteria;p__Firmicutes;c__Clostridia;o__Clostridiales;f__Ruminococcaceae;g__Faecalibacterium;s__Faecalibacterium_prausnitzii	0.00929148617448	-0.0403991579531	0.0923454986391	0.0163787205282	0.0159030667162	0.0097761875839	0.00171548739986	1.0	-0.00935713372748	-0.0474782868859	-0.00589657542923	-0.00167561216051	0.0704078439208	0.0417153054766	-0.0772388796939	0.00463945961816	-0.0301449538433	-0.00350629635533	-0.0479062242935	-0.0418766409499	-0.052795636519	-0.027650403238	-0.00252943995734	-0.0109508610543	-0.0218924264526	-0.00693505831192	0.0145681485798	0.004512715938	-0.0501868733992	-0.00482931575018	0.0381548168663	-0.0255199477605	0.0149547672876	-0.00850131482478	0.0684937585172	-0.0100248956126	-0.0716053535731	0.0711890099218	-0.0507725705911	-0.00252496142853	-0.00658189195029	0.0427523797103	-0.0190056494561	-0.00768475561288	0.0111927337849	-0.00538629223797	-0.0226801826803	0.018961535586	0.024681342274	0.00318784784805	-0.00750841543144	0.0142960653358	-0.0285221164631	-0.00145284434627	-0.00346031539657	-0.0223306265005	0.046369574098	0.0125096468604	-0.0148411653538
k__Bacteria;p__Bacteroidetes;c__Bacteroidia;o__Bacteroidales;f__Rikenellaceae;g__Alistipes;s__Alistipes_finegoldii	0.0164812226856	0.0267310505441	-0.00222888602548	-0.0304190285977	0.00777699117082	-0.00448478780187	-0.0589657783437	-0.00935713372748	1.0	-0.0305031657754	-0.0409711280398	-0.0219055658115	-0.0187787767298	-0.0453154848512	0.0477083897355	-0.0322442378113	0.019886713965	-0.0518766924009	0.0247669798081	0.00738646386982	0.0339320459778	-0.0238810380364	0.0142440323495	0.000721767506695	0.0208194115961	0.0157211173364	0.0272030633655	-0.0251822180047	-0.0121921062595	-0.04118673484	-0.0258034548682	-0.0140084677585	0.0063018609568	0.0132671195922	0.00249806541761	-0.0297340171662	-0.0133011353435	-0.0497177455715	-0.0285038030098	0.0287811625855	0.0361668308574	-0.029641467802	-0.0366174057092	0.0439070264035	0.00310454031781	0.000981142092313	-0.0561587655736	-0.0140747517465	-0.0301332979782	0.0169129729927	-0.0175549858384	0.0213630514852	0.00401691552305	0.0334428830927	0.013965330844	-0.0393297686309	0.0111347351264	-0.0508309013249	0.0105903099214
k__Bacteria;p__Bacteroidetes;c__Bacteroidia;o__Bacteroidales;f__Porphyromonadaceae;g__Parabacteroides;s__Parabacteroides_distasonis	-0.0083621609895	-0.0648653563774	0.0457868159326	-0.00667268281247	-0.0082844090454	-0.0573904577939	0.000526397158131	-0.0474782868859	-0.0305031657754	1.0	-0.0289369565493	-0.0406831250225	-0.0186004842661	-0.0288691577517	-0.0290711576252	0.0422894122886	-0.0139517340972	-0.0187242284686	0.00959952967307	-0.00571972121601	0.00807582402238	-0.00603637918554	-0.0190940258082	-0.0424165409075	-0.0369458624057	-0.000863644989537	-0.0309926234166	0.0138496366524	0.0012812805428	0.0158642364176	0.0414829601507	-0.0171992001012	-0.013572615586	-0.0277216760125	0.00299175086735	0.0311726676851	0.0544038078532	0.0192319424575	-0.0624357531434	-0.00643102159808	-0.000474331123126	-0.0151183120615	-0.0190754848755	-0.0106285156888	0.0448283339513	-0.0424138632842	-0.00469830614944	-0.0409388045489	0.0304048922213	-0.00547273580022	0.0764704413481	-0.00108948377775	0.00575082883646	0.0135856232928	-0.0013113158843	0.0219327207723	-0.0120455725862	0.0200673428946	0.0120099652088
k__Bacteria;p__Bacteroidetes;c__Bacteroidia;o__Bacteroidales;f__Bacteroidaceae;g__Bacteroides;s__Bacteroides_thetaiotaomicron	0.0424640037963	0.0141386674992	-0.0146241150406	0.0344703157548	0.031399318904	-0.046092729124	-0.0337234144274	-0.00589657542923	-0.0409711280398	-0.0289369565493	1.0	0.0309149243557	-0.00196814186418	0.0141130116372	0.00196516171638	0.0318892068727	-0.031349787942	-0.0198473846169	0.00470524084203	0.0441406632181	-0.0585118991004	-0.0235562991171	0.0591894070382	-0.0180530063196	0.0429037485091	0.000443053716548	-0.00755754467306	-0.0506793577071	-0.084562686572	0.0314792871694	-0.00990103281088	-0.0178404837984	-0.00527144072581	-0.00616428601744	-0.003810322081	0.0168935968472	-0.0316023802263	-0.0183404720645	-0.0494942780932	0.00189112001598	-0.106136052511	-0.0588663063893	-0.0158410984441	-0.0943784696737	0.00351986463891	-0.0074614809459	0.00819797716641	0.0368749504198	0.0267053846258	-0.011556647019	0.0110371336881	-0.0258543260816	-0.00539536570098	0.0188541629332	-0.0284312526575	-0.0159468594009	0.0280333693523	-0.0308221551488	-0.0167305417545
k__Bacteria;p__Bacteroidetes;c__Bacteroidia;o__Bacteroidales;f__Bacteroidaceae;g__Bacteroides;s__Bacteroides_coprocola	0.0424892171323	-0.0394449500902	0.0178376034504	0.0357017092552	0.0443341397059	-0.0141209070463	0.0045276777652	-0.00167561216051	-0.0219055658115	-0.0406831250225	0.0309149243557	1.0	0.0141594438822	-0.0327737403205	0.0253850681795	0.0588574920626	-0.00436074373164	-0.0040000675298	-0.024289029704	-0.0020364731727	-0.0270072171065	-0.0113948084049	0.032748979881	-0.0692414293023	-0.0354659258103	0.0325142623541	-0.0668537857516	0.0199739459815	-0.0113585922185	0.0168411934661	0.0122154891119	-0.0138844317296	0.0487238919694	-0.0172343181316	-0.0164213332259	0.0237001488338	-0.0159839926526	-0.0146336813243	-0.0382771173497	-0.0361753243422	-0.0179852586367	-0.0164455897305	-0.0168307114616	-0.00380213530494	-0.0688513261982	0.0231643440579	0.0126189815898	0.0069203384685	-0.0140302549022	-0.0364145111352	-0.00211878689289	-0.00662981704619	-0.00531537512703	-0.0131524236384	-0.0175048389625	0.00453872630095	-0.00026682290037	0.0173515949099	0.0282258195496
k__Bacteria;p__Bacteroidetes;c__Bacteroidia;o__Bacteroidales;f__Bacteroidaceae;g__Bacteroides;s__Bacteroides_cellulosilyticus	0.0107169517837	0.0149919394893	0.0097955983934	0.0357843023178	-0.0212424261386	0.0439569144095	-0.000340081929748	0.0704078439208	-0.0187787767298	-0.0186004842661	-0.00196814186418	0.0141594438822	1.0	-0.0564145633262	0.0107655739097	0.00730922767048	-0.0968796987471	0.0141616096909	0.0641097480342	-0.00405591034994	-0.0291294316466	-0.00935734644474	-0.0176831397912	-0.0233353720166	-0.0390590871238	-0.0154953686712	-0.0323722492076	0.011499871626	-0.041171960434	-0.0397129322518	0.0121371016904	-0.0742029421998	-0.00120095225692	-0.0162804867471	0.0288047381342	0.0547848696967	-0.0300704941278	0.00864872252756	0.0179224835874	-0.0300609564436	-0.00172797698988	-0.0098782144132	-0.036965234216	0.0109079877434	-0.0123364303754	-0.0155788856827	0.0133228619308	0.0335815371746	-0.0137140678146	0.0245631913598	-0.037584941948	-0.00261377048261	-0.0622780569632	-0.00168889728553	-0.0156705183923	0.0137263679244	-0.0411780619748	0.0106601538684	-0.0190008378942
k__Bacteria;p__Bacteroidetes;c__Bacteroidia;o__Bacteroidales;f__Rikenellaceae;g__Alistipes;s__Alistipes_obesi	0.0109050851579	0.00986174167789	-0.0125278286411	-0.0587679577207	-0.040743487617	0.00292486093826	0.022566860601	0.0417153054766	-0.0453154848512	-0.0288691577517	0.0141130116372	-0.0327737403205	-0.0564145633262	1.0	0.0490638038409	-0.0386199875948	0.00460387317441	0.00468426503312	-0.0598520805174	-0.0346178353673	-0.0103630506261	0.0392439938097	0.0166427439291	-0.0252732099952	-0.0250522550175	-0.0752377869598	-0.00437817724648	0.0260216336124	-0.00673943013801	-0.0118048180541	-0.0452691804405	0.019174152184	0.00410524175174	-0.0226313644721	-0.0406442797619	-0.0597596983051	-0.0107308439857	0.0244022648415	-0.00781608563793	-0.0218207470277	0.0277439718486	-0.029981663665	0.0526836565499	0.00589283633699	0.0136393946426	0.0897929566375	0.0194743799909	-0.0469836162157	-0.0511058322181	-0.0477728931619	-0.0409284060894	0.0136530760434	0.0376092698991	0.0014056806772	-0.00122429925188	-0.0243411689951	-0.00964026070753	-0.0498699997502	0.0879981609648
k__Bacteria;p__Firmicutes;c__Clostridia;o__Clostridiales;f__Lachnospiraceae;g__;s__[Eubacterium]_rectale	0.0064216803363	-0.0282075355685	0.0347132747443	-0.0067690464696	-0.00796039644479	0.082089781386	0.0483904195202	-0.0772388796939	0.0477083897355	-0.0290711576252	0.00196516171638	0.0253850681795	0.0107655739097	0.0490638038409	1.0	0.0111509706685	0.04405807381	-0.0742347956914	-0.0117343204744	-0.065451283663	-0.0117542395581	-0.0180500788644	-0.00862158210128	0.0372325920606	0.0319590210199	0.0140176751807	0.0269691332718	-0.032709184946	0.0031312736173	-0.0271301544093	0.064376819042	-0.024774031127	0.00155320821778	0.0122263384357	0.0192564163295	-0.0138145647176	-0.0181035016205	-0.0493067195925	0.0572530266923	0.052160305297	-0.00775080478715	-0.0132706310704	-0.0146762016371	-0.0445931120977	0.00332577694063	-0.0391297911946	0.0406629519707	-0.0671498696365	-0.0298678205794	-0.0305786842752	-0.0049340118323	-0.0179526498948	-0.00304565187382	-0.021062981475	-0.0111328622204	-0.0856203789281	-0.0187939924027	0.0193290675944	0.0157166143322
k__Bacteria;p__Bacteroidetes;c__Bacteroidia;o__Bacteroidales;f__Bacteroidaceae;g__Bacteroides;s__Bacteroides_plebeius	0.0512041071819	0.0189300017881	-0.0795822453126	-0.0359711411333	-0.0451816844546	-0.0751552244396	-0.0167552607074	0.00463945961816	-0.0322442378113	0.0422894122886	0.0318892068727	0.0588574920626	0.00730922767048	-0.0386199875948	0.0111509706685	1.0	-0.0402441006029	-0.00111271921464	-0.0609519906014	0.0144460549345	-0.00488712915044	0.00918542170772	0.0053551339598	0.0157478420185	0.0673756963952	0.0639743097855	0.0164697887645	-0.0140569327987	-0.00831948794082	0.0137924393916	-0.0351419720668	-0.0926151529703	0.0251693238746	0.0119636236574	0.0238278517558	0.0510565993721	0.0128659231995	0.0015543452187	-0.0343598650372	-0.0350861995929	-0.0141904522006	-0.0221144566856	-0.0399163248184	-0.0564855200981	0.0375954101247	-0.0817481045436	0.0276225394133	-0.0434784980006	0.00537281390489	-0.0129471160116	0.0424338458208	-0.00841389567992	-0.0130363479225	-0.0040466843723	-0.00706526994991	0.0252600658355	0.0517335494246	-0.0244988935678	-0.0366941993908
k__Bacteria;p__Bacteroidetes;c__Bacteroidia;o__Bacteroidales;f__Bacteroidaceae;g__Bacteroides;s__Bacteroides_fragilis	0.0281852082046	0.016235692674	-0.0267989568173	0.00690568844397	-0.0249534935891	0.00486693375008	0.025083837283	-0.0301449538433	0.019886713965	-0.0139517340972	-0.031349787942	-0.00436074373164	-0.0968796987471	0.00460387317441	0.04405807381	-0.0402441006029	1.0	-0.0187393146429	0.00981805830189	0.0250721234294	0.0496928427086	0.0182752290284	0.0530943739534	0.0208138953822	-0.00541851658856	0.0279464968365	0.00906184231976	-0.0182756518632	0.0116806836635	-0.0231320151625	0.03055213709	0.0934817201084	0.0154903665767	0.0342629232418	0.0185840048303	0.0223288587961	-0.044973659642	0.00405491744952	-0.011708501893	-0.0823057112787	-0.0670671823278	-0.0078850588045	0.0399106750263	-0.0447467614041	-0.0247184996301	-0.0437612478577	0.00444392323541	-0.0113924858031	-0.027672611564	-0.043107383349	0.0151416472396	-0.0188975614221	0.0213453803999	-0.0363006530758	0.0463694218913	0.00365853045032	0.0140566794657	-0.00257993399106	-0.0186764853754
k__Bacteria;p__Proteobacteria;c__Betaproteobacteria;o__Burkholderiales;f__Sutterellaceae;g__Sutterella;s__Sutterella_wadsworthensis	0.00516413215882	-0.0214448073423	-0.0504406666334	-0.00323404909723	-0.0234196805659	-0.0809469297172	-0.0225451877901	-0.00350629635533	-0.0518766924009	-0.0187242284686	-0.0198473846169	-0.0040000675298	0.0141616096909	0.00468426503312	-0.0742347956914	-0.00111271921464	-0.0187393146429	1.0	0.050197629738	-0.00801468625976	-0.0310618965435	0.0502991026832	0.00208721162011	-0.0169069585803	-0.0259854167836	-0.0371499537749	-0.00135632542307	-0.0424933374718	-0.0782974572643	0.00319617203667	0.0102361781151	-0.0102425433509	0.00907742948454	0.0070003747202	-0.0330851565467	-0.0114901256696	0.0244320009659	0.089390275006	0.00945184386539	-0.0508312308137	-0.089065134893	-0.0154500640907	0.0357196967239	-0.0371327172308	-0.0486980834128	0.00938770553862	0.0136741014745	0.03454511363	0.0413645760361	-0.0318402710989	-0.0495291090689	0.0279867616978	0.00899415016183	-0.00502620247671	0.031916985658	-0.00367524342833	-0.0575739760735	-0.032471277619	-0.0403794345652
k__Bacteria;p__Bacteroidetes;c__Bacteroidia;o__Bacteroidales;f__Porphyromonadaceae;g__Barnesiella;s__Barnesiella_intestinihominis	-0.00201152439886	-0.0084018711293	-0.0316032853766	-0.00258192202099	-0.0325986395942	-0.00589640354142	0.00143154091427	-0.0479062242935	0.0247669798081	0.00959952967307	0.00470524084203	-0.024289029704	0.0641097480342	-0.0598520805174	-0.0117343204744	-0.0609519906014	0.00981805830189	0.050197629738	1.0	0.0168294418224	-0.0246335735973	-0.00764986276152	-0.0280489028852	-0.00422272072533	-0.0243525343713	0.0225674818769	-0.0077831965529	-0.0528619220746	-0.0233576918019	-0.0390011685053	0.0210296104224	-0.0121525554239	0.00457459366694	0.00733756924101	0.0176400222552	-0.0185081191228	0.0403759066837	0.0265457692504	0.0238388269947	-0.0257270445798	-0.00290166719498	-0.0336443319648	0.0186908941099	0.0446544824826	0.022519799165	-0.0298860158143	-0.0334893640292	-0.022060772961	-0.0213470692913	-0.034599012376	-0.019943442649	-0.0134191521352	-0.0127996272415	-0.0144908596594	0.015137323449	-0.0191580839216	0.0212783302592	0.0164788857374	-0.0231511601921
k__Bacteria;p__Bacteroidetes;c__Bacteroidia;o__Bacteroidales;f__Odoribacteraceae;g__Odoribacter;s__Odoribacter_splanchnicus	-0.00828280420011	0.00644952527555	-0.00644483550698	0.0472123851088	-0.0425225065726	-0.0133182735422	-0.00400169282246	-0.0418766409499	0.00738646386982	-0.00571972121601	0.0441406632181	-0.0020364731727	-0.00405591034994	-0.0346178353673	-0.065451283663	0.0144460549345	0.0250721234294	-0.00801468625976	0.0168294418224	1.0	-0.0286552300428	-0.0653243062065	-0.0173379104663	-0.00790913386236	-0.00760131004153	-0.00624720876794	0.0230612781947	0.0274206265934	0.0327259524149	-0.0266522352225	0.0255790241181	-0.0182996307734	0.019326750736	0.000825294455942	-0.0212299661713	-0.00349637764597	-0.0381944262637	0.0225501686584	-0.0586402228602	-0.0398187534643	0.0204231849472	0.00870082019059	-0.0304703282653	-0.0422445925523	-0.0422831872596	-0.0230596610308	-0.00321946632888	-0.00345279357747	-0.0188707019172	0.0482233447174	0.0149412037973	-0.0267963287278	0.0748846741539	-0.00923611899665	-0.00144281782722	-0.0707414593869	-0.0416474909193	0.00928041471317	-0.0766662044002
k__Bacteria;p__Bacteroidetes;c__Bacteroidia;o__Bacteroidales;f__Bacteroidaceae;g__Bacteroides;s__Bacteroides_salyersiae	-0.0528823354051	0.0215727016395	0.0366093364289	0.0143406072578	-0.0517951944191	0.0436972777757	0.0174737708573	-0.052795636519	0.0339320459778	0.00807582402238	-0.0585118991004	-0.0270072171065	-0.0291294316466	-0.0103630506261	-0.0117542395581	-0.00488712915044	0.0496928427086	-0.0310618965435	-0.0246335735973	-0.0286552300428	1.0	-0.013075628279	-0.083922010711	-0.0649449072206	0.0190060836235	-0.0425311763301	0.0528101697961	-0.0516011058575	-0.0346767999777	-0.0119787675881	0.031508374134	0.0317454636693	-0.0213160487625	0.000555561627638	-0.000604564106869	-0.0174727676052	-0.0239791180617	0.0279460158464	-0.00557990886034	-0.0424414290407	0.0232461853285	-0.0263362943621	-0.0420607127145	-0.000294190907328	0.0472307211292	-0.0536467042526	0.00896029551378	-0.00498758735999	0.0334073341855	0.0423454612605	0.0746892173148	0.0040885969607	0.0171319077918	-0.0411193325638	0.0246918547638	-0.0187479341352	-0.0563698160953	-0.0597890002585	0.0040589570391
k__Bacteria;p__Firmicutes;c__Clostridia;o__Clostridiales;f__Ruminococcaceae;g__Ruminiclostridium;s__[Eubacterium]_siraeum	-0.0564067727886	0.0475725248453	-0.0338661939857	0.0443326212618	-0.0164240225387	-0.0315053257452	0.0153016491591	-0.027650403238	-0.0238810380364	-0.00603637918554	-0.0235562991171	-0.0113948084049	-0.00935734644474	0.0392439938097	-0.0180500788644	0.00918542170772	0.0182752290284	0.0502991026832	-0.00764986276152	-0.0653243062065	-0.013075628279	1.0	0.020325077607	-0.00540884210973	-0.0595672039208	-0.0153499089122	-0.0166339121173	0.0979158645488	0.00190458123282	0.0056236475603	-0.03814889496	-0.00672598345985	0.00897069809939	-0.0541928234182	-0.000558699485908	-0.0440902717104	0.0755424393925	-0.00284286894543	-0.0176017566447	-0.0320296322025	0.00219055581496	-0.0174628690725	0.0845102883959	-0.029374473369	-0.0680072139392	-0.0387741963561	-0.00392712538015	-0.0270090464949	-0.0153896835544	-0.00768183704265	-0.000366332823103	-0.0304490854203	-0.0477679518031	-0.0667992309429	0.0332441120301	-0.0316801203326	-0.0102276026271	0.00424542730867	0.00678168481719
k__Bacteria;p__Proteobacteria;c__Betaproteobacteria;o__Burkholderiales;f__Sutterellaceae;g__Parasutterella;s__Parasutterella_excrementihominis	0.0318634130723	-0.0351085088545	-0.0318749758232	0.0194388526938	0.00252023090832	-0.00296569874422	0.0320995480228	-0.00252943995734	0.0142440323495	-0.0190940258082	0.0591894070382	0.032748979881	-0.0176831397912	0.0166427439291	-0.00862158210128	0.0053551339598	0.0530943739534	0.00208721162011	-0.0280489028852	-0.0173379104663	-0.083922010711	0.020325077607	1.0	-0.00441326058216	-0.0116222314567	-0.00250966395652	-0.00216143352733	-0.00366766483943	0.0537876826867	0.0868057223938	-0.00269974786534	-0.00180864654594	-0.00530707324068	-0.0109069026718	-0.033029090257	-0.0270506151029	-0.0115333218554	0.00802603530734	-0.0136653468539	-0.0573023053604	-0.0421793213727	0.0142696207744	-0.0252104025667	-0.0343966532135	-0.00438818071115	0.0248829888322	0.0286374390438	0.0128148557223	0.0576569789344	0.0228235130787	0.00505032462399	-0.0661153743035	-0.0308798147059	0.0175151040749	-0.0206775864974	0.00193646047419	-0.00485500383708	-0.0382337412138	0.00441691096099
k__Bacteria;p__Actinobacteria;c__Actinobacteria;o__Bifidobacteriales;f__Bifidobacteriaceae;g__Bifidobacterium;s__Bifidobacterium_adolescentis	0.0323160246057	0.0112401439065	-0.0140379341933	-0.012966189797	-0.0429978771647	-0.0495096533573	-0.0771657167036	-0.0109508610543	0.000721767506695	-0.0424165409075	-0.0180530063196	-0.0692414293023	-0.0233353720166	-0.0252732099952	0.0372325920606	0.0157478420185	0.0208138953822	-0.0169069585803	-0.00422272072533	-0.00790913386236	-0.0649449072206	-0.00540884210973	-0.00441326058216	1.0	-0.0129454117943	0.00915574728927	-0.0168056846833	0.0852495875378	0.0100326459572	0.0767271328439	-0.0109369077549	0.0201432343196	-0.0174853184057	0.00193926233801	-0.0292867777032	0.00910967943126	-0.0123752356788	-0.0114632216022	0.019736267069	-0.0656962903815	-0.0189290075095	0.0213830481247	-0.0284709632163	0.0589148976498	-0.0187841555661	-0.0286222301311	-0.000244713842236	0.00947034275345	-0.0470880814257	0.0201497879683	-0.0280910384823	0.00480410247375	-0.0227064227417	-0.0259170345859	-0.0138039778123	-0.0258489882429	0.00785561672558	-0.0363043362703	-0.0461888775265
k__Bacteria;p__Firmicutes;c__Clostridia;o__Clostridiales;f__Oscillospiraceae;g__Oscillibacter;s__Oscillibacter_sp._KLE_1745	-0.0262710203458	0.071364970617	-0.0254248491192	0.0205381969179	-0.0665744251456	0.0279677154854	0.00441973407824	-0.0218924264526	0.0208194115961	-0.0369458624057	0.0429037485091	-0.0354659258103	-0.0390590871238	-0.0250522550175	0.0319590210199	0.0673756963952	-0.00541851658856	-0.0259854167836	-0.0243525343713	-0.00760131004153	0.0190060836235	-0.0595672039208	-0.0116222314567	-0.0129454117943	1.0	-0.00846136227322	0.000610014423607	0.00755125721763	0.0573535895625	-0.000178023091912	-0.0132996377309	0.0255815734439	0.014799176062	0.0570490975405	0.011634624688	0.00133017931188	-0.0351400937436	-0.0284898198178	0.000222240866225	-0.0153790743374	-0.0392237358261	-0.00323574937907	-0.072318806535	0.0403379317568	0.0473184517817	0.0244641329841	-0.00405873739741	0.0301932280535	-0.000686885686985	0.0191531117903	-0.0146575919706	-0.024870165373	0.0181974793722	0.0143851146765	-0.0481145681353	-0.0100455037179	-0.0804825731446	-0.0204328772286	-0.0793390104953
k__Bacteria;p__Bacteroidetes;c__Bacteroidia;o__Bacteroidales;f__Bacteroidaceae;g__Bacteroides;s__Bacteroides_coprophilus	0.0238039592095	-0.0565819068174	-0.0181890033961	-0.0124637197973	0.0205988466317	-0.000651263753252	-0.00234729489788	-0.00693505831192	0.0157211173364	-0.000863644989537	0.000443053716548	0.0325142623541	-0.0154953686712	-0.0752377869598	0.0140176751807	0.0639743097855	0.0279464968365	-0.0371499537749	0.0225674818769	-0.00624720876794	-0.0425311763301	-0.0153499089122	-0.00250966395652	0.00915574728927	-0.00846136227322	1.0	0.0214987749734	0.0181788872738	-0.0024304869594	0.0480922383958	0.0620818544158	0.0141187460543	-0.00331021339111	-0.0462787898706	-0.0110318636102	-0.0173128475682	-0.0117824484274	0.0029232976927	-0.00432715845142	0.0370499487112	0.0172505157774	-0.0881309620757	0.039046037411	-0.0803859784099	-0.0355952361545	-0.0354381901474	-0.0246858278468	-0.0217015534809	0.018541723458	-0.0376196747322	-0.000813891498254	0.00465070481274	0.0488166340162	-0.0141469108194	0.00148552662027	2.25692655697e-05	-0.0124518859505	-0.0249743125535	0.00981804713251
k__Bacteria;p__Firmicutes;c__Clostridia;o__Clostridiales;f__Lachnospiraceae;g__Roseburia;s__Roseburia_intestinalis	0.030204638546	-0.0128932606361	0.0188296027953	0.0131726815509	-0.00578546986772	-0.04809359693	0.00142192664967	0.0145681485798	0.0272030633655	-0.0309926234166	-0.00755754467306	-0.0668537857516	-0.0323722492076	-0.00437817724648	0.0269691332718	0.0164697887645	0.00906184231976	-0.00135632542307	-0.0077831965529	0.0230612781947	0.0528101697961	-0.0166339121173	-0.00216143352733	-0.0168056846833	0.000610014423607	0.0214987749734	1.0	-0.0154444340993	-0.0200681278385	-0.0442652409087	0.0102753406183	0.0126318081744	0.0293014179395	0.0537074653711	-0.00384032135228	0.0275712139645	-0.0456940406311	-0.0575251979134	0.0127393079776	-0.0394224407331	-0.0182797578046	-0.0169337911102	0.00573457167209	-0.010821178573	0.0048916907144	-0.0232326813264	-0.00326986259331	-0.00688418761409	0.00911103806048	-0.00694837887066	-0.015484425904	-0.0217476878758	0.0302869954478	-0.0612336795248	-0.0476184224284	-0.0407013688681	-0.00667400174761	-0.0236261992401	0.00200262980009
k__Bacteria;p__Firmicutes;c__Clostridia;o__Clostridiales;f__Lachnospiraceae;g__Roseburia;s__Roseburia_hominis	-0.0278194478112	-0.0515463708681	-0.0224700735043	-0.0310096060045	-0.0101216978214	-0.0273540773271	-0.0378307327367	0.004512715938	-0.0251822180047	0.0138496366524	-0.0506793577071	0.0199739459815	0.011499871626	0.0260216336124	-0.032709184946	-0.0140569327987	-0.0182756518632	-0.0424933374718	-0.0528619220746	0.0274206265934	-0.0516011058575	0.0979158645488	-0.00366766483943	0.0852495875378	0.00755125721763	0.0181788872738	-0.0154444340993	1.0	0.0331115319107	-0.0324125360209	0.0504728302077	0.00486516692048	0.0227542343948	-0.0673152340002	0.0167192569815	-0.0703147559373	0.00249799226766	-0.0400163605321	-0.0888110568645	-0.0187504130763	0.0554906286765	0.0516720178968	0.0449469013735	-0.0173599492504	-0.00928593183859	-0.0255990778623	-0.00594395229556	-0.0505984297925	0.0556148344482	-0.0172788507198	0.0169404704378	-0.0524101769532	-0.0290501837009	0.032047529135	0.0184023206958	-0.00043798637996	-0.0362282498305	-0.0239987366531	-0.0176900890111
k__Bacteria;p__Bacteroidetes;c__Bacteroidia;o__Bacteroidales;f__Porphyromonadaceae;g__Parabacteroides;s__Parabacteroides_johnsonii	-0.0223232185807	0.00335662146466	0.000505216989123	-0.042273711867	0.0267047993747	0.0215093907864	-0.0617359200535	-0.0501868733992	-0.0121921062595	0.0012812805428	-0.084562686572	-0.0113585922185	-0.041171960434	-0.00673943013801	0.0031312736173	-0.00831948794082	0.0116806836635	-0.0782974572643	-0.0233576918019	0.0327259524149	-0.0346767999777	0.00190458123282	0.0537876826867	0.0100326459572	0.0573535895625	-0.0024304869594	-0.0200681278385	0.0331115319107	1.0	-0.0268294045133	0.0199598129171	-0.0203215853189	-0.0671215510907	-0.0234768186912	0.0346351751497	-0.0309413502765	-0.00588520767146	-0.0102233759207	-0.0230189062567	-0.0276524275351	0.00581530143891	-0.0362780222628	-0.0112738993326	0.0093784569859	0.00249510260619	-0.036611821868	0.0344824478297	-0.022472271248	-0.0218157280823	0.00413774796394	-0.0344480618972	-0.0066880306547	-0.0238848404844	0.0545076618644	0.0399290018949	-0.0234921910486	0.0125871889456	0.0469964002931	-0.0509916154548
k__Bacteria;p__Actinobacteria;c__Actinobacteria;o__Bifidobacteriales;f__Bifidobacteriaceae;g__Bifidobacterium;s__Bifidobacterium_longum	0.0290900615199	0.00709747010442	-0.0475967892386	-0.0493692172788	0.0642224587653	0.0667668061898	0.000902998150736	-0.00482931575018	-0.04118673484	0.0158642364176	0.0314792871694	0.0168411934661	-0.0397129322518	-0.0118048180541	-0.0271301544093	0.0137924393916	-0.0231320151625	0.00319617203667	-0.0390011685053	-0.0266522352225	-0.0119787675881	0.0056236475603	0.0868057223938	0.0767271328439	-0.000178023091912	0.0480922383958	-0.0442652409087	-0.0324125360209	-0.0268294045133	1.0	-0.0115568240595	-0.0213653514843	-0.051331156453	0.0412610664492	0.0128797208677	-0.0354580400045	0.0105846729259	-0.00878670382681	-0.00220274246677	-0.0036164496779	0.00967288776407	0.014327469279	-0.0276857755445	-0.0500534053201	-0.0151644297351	-0.0220208388609	-0.030019002138	0.0389825066139	0.0246910576826	-0.063205043892	-0.013684668497	-0.0154792671494	-0.0271273784282	-0.0943679550121	0.0115444531634	-0.0231978428676	0.0558923397719	-0.00257692642961	0.0121616147395
