#taxonomy	k__Bacteria;p__Bacteroidetes;c__Bacteroidia;o__Bacteroidales;f__Bacteroidaceae;g__Bacteroides;s__Bacteroides_vulgatus	k__Bacteria;p__Bacteroidetes;c__Bacteroidia;o__Bacteroidales;f__Bacteroidaceae;g__Bacteroides;s__Bacteroides_uniformis	k__Bacteria;p__Bacteroidetes;c__Bacteroidia;o__Bacteroidales;f__Rikenellaceae;g__Alistipes;s__Alistipes_putredinis	k__Bacteria;p__Bacteroidetes;c__Bacteroidia;o__Bacteroidales;f__Prevotellaceae;g__Prevotella;s__Prevotella_copri	k__Bacteria;p__Bacteroidetes;c__Bacteroidia;o__Bacteroidales;f__Bacteroidaceae;g__Bacteroides;s__Bacteroides_stercoris	k__Bacteria;p__Bacteroidetes;c__Bacteroidia;o__Bacteroidales;f__Bacteroidaceae;g__Bacteroides;s__Bacteroides_ovatus	k__Bacteria;p__Bacteroidetes;c__Bacteroidia;o__Bacteroidales;f__Rikenellaceae;g__Alistipes;s__Alistipes_shahii	k__Bacteria;p__Firmicutes;c__Clostridia;o__Clostridiales;f__Ruminococcaceae;g__Faecalibacterium;s__Faecalibacterium_prausnitzii	k__Bacteria;p__Bacteroidetes;c__Bacteroidia;o__Bacteroidales;f__Rikenellaceae;g__Alistipes;s__Alistipes_finegoldii	k__Bacteria;p__Bacteroidetes;c__Bacteroidia;o__Bacteroidales;f__Porphyromonadaceae;g__Parabacteroides;s__Parabacteroides_distasonis	k__Bacteria;p__Bacteroidetes;c__Bacteroidia;o__Bacteroidales;f__Bacteroidaceae;g__Bacteroides;s__Bacteroides_thetaiotaomicron	k__Bacteria;p__Bacteroidetes;c__Bacteroidia;o__Bacteroidales;f__Bacteroidaceae;g__Bacteroides;s__Bacteroides_coprocola	k__Bacteria;p__Bacteroidetes;c__Bacteroidia;o__Bacteroidales;f__Bacteroidaceae;g__Bacteroides;s__Bacteroides_cellulosilyticus	k__Bacteria;p__Bacteroidetes;c__Bacteroidia;o__Bacteroidales;f__Rikenellaceae;g__Alistipes;s__Alistipes_obesi	k__Bacteria;p__Firmicutes;c__Clostridia;o__Clostridiales;f__Lachnospiraceae;g__;s__[Eubacterium]_rectale	k__Bacteria;p__Bacteroidetes;c__Bacteroidia;o__Bacteroidales;f__Bacteroidaceae;g__Bacteroides;s__Bacteroides_plebeius	k__Bacteria;p__Bacteroidetes;c__Bacteroidia;o__Bacteroidales;f__Bacteroidaceae;g__Bacteroides;s__Bacteroides_fragilis	k__Bacteria;p__Proteobacteria;c__Betaproteobacteria;o__Burkholderiales;f__Sutterellaceae;g__Sutterella;s__Sutterella_wadsworthensis	k__Bacteria;p__Bacteroidetes;c__Bacteroidia;o__Bacteroidales;f__Porphyromonadaceae;g__Barnesiella;s__Barnesiella_intestinihominis	k__Bacteria;p__Bacteroidetes;c__Bacteroidia;o__Bacteroidales;f__Odoribacteraceae;g__Odoribacter;s__Odoribacter_splanchnicus	k__Bacteria;p__Bacteroidetes;c__Bacteroidia;o__Bacteroidales;f__Bacteroidaceae;g__Bacteroides;s__Bacteroides_salyersiae	k__Bacteria;p__Firmicutes;c__Clostridia;o__Clostridiales;f__Ruminococcaceae;g__Ruminiclostridium;s__[Eubacterium]_siraeum	k__Bacteria;p__Proteobacteria;c__Betaproteobacteria;o__Burkholderiales;f__Sutterellaceae;g__Parasutterella;s__Parasutterella_excrementihominis	k__Bacteria;p__Actinobacteria;c__Actinobacteria;o__Bifidobacteriales;f__Bifidobacteriaceae;g__Bifidobacterium;s__Bifidobacterium_adolescentis	k__Bacteria;p__Firmicutes;c__Clostridia;o__Clostridiales;f__Oscillospiraceae;g__Oscillibacter;s__Oscillibacter_sp._KLE_1745	k__Bacteria;p__Bacteroidetes;c__Bacteroidia;o__Bacteroidales;f__Bacteroidaceae;g__Bacteroides;s__Bacteroides_coprophilus	k__Bacteria;p__Firmicutes;c__Clostridia;o__Clostridiales;f__Lachnospiraceae;g__Roseburia;s__Roseburia_intestinalis	k__Bacteria;p__Firmicutes;c__Clostridia;o__Clostridiales;f__Lachnospiraceae;g__Roseburia;s__Roseburia_hominis	k__Bacteria;p__Bacteroidetes;c__Bacteroidia;o__Bacteroidales;f__Porphyromonadaceae;g__Parabacteroides;s__Parabacteroides_johnsonii	k__Bacteria;p__Actinobacteria;c__Actinobacteria;o__Bifidobacteriales;f__Bifidobacteriaceae;g__Bifidobacterium;s__Bifidobacterium_longum	k__Bacteria;p__Firmicutes;c__Clostridia;o__Clostridiales;f__;g__Flavonifractor;s__Flavonifractor_plautii	k__Bacteria;p__Firmicutes;c__Clostridia;o__Clostridiales;f__Clostridiaceae;g__Clostridium;s__Clostridium_phoceensis	k__Bacteria;p__Verrucomicrobia;c__Verrucomicrobiae;o__Verrucomicrobiales;f__Akkermansiaceae;g__Akkermansia;s__Akkermansia_muciniphila	k__Bacteria;p__Bacteroidetes;c__Bacteroidia;o__Bacteroidales;f__Prevotellaceae;g__Paraprevotella;s__Paraprevotella_xylaniphila	k__Bacteria;p__Firmicutes;c__Clostridia;o__Clostridiales;f__Ruminococcaceae;g__Ruminococcus;s__Ruminococcus_callidus	k__Bacteria;p__Bacteroidetes;c__Bacteroidia;o__Bacteroidales;f__Rikenellaceae;g__Alistipes;s__Alistipes_senegalensis	k__Bacteria;p__Firmicutes;c__Clostridia;o__Clostridiales;f__Lachnospiraceae;g__Blautia;s__Blautia_sp._KLE_1732	k__Bacteria;p__Bacteroidetes;c__Bacteroidia;o__Bacteroidales;f__Bacteroidaceae;g__Bacteroides;s__Bacteroides_oleiciplenus	k__Bacteria;p__Firmicutes;c__Clostridia;o__Clostridiales;f__Ruminococcaceae;g__Ruminococcus;s__Ruminococcus_bicirculans	k__Bacteria;p__Bacteroidetes;c__Bacteroidia;o__Bacteroidales;f__Bacteroidaceae;g__Bacteroides;s__Bacteroides_fluxus	k__Bacteria;p__Bacteroidetes;c__Bacteroidia;o__Bacteroidales;f__Prevotellaceae;g__Prevotella;s__Prevotella_stercorea	k__Bacteria;p__Firmicutes;c__Clostridia;o__Clostridiales;f__Lachnospiraceae;g__Dorea;s__Dorea_longicatena	k__Bacteria;p__Firmicutes;c__Clostridia;o__Clostridiales;f__Eubacteriaceae;g__Eubacterium;s__[Eubacterium]_eligens	k__Bacteria;p__Firmicutes;c__Clostridia;o__Clostridiales;f__Ruminococcaceae;g__;s__Ruminococcaceae_bacterium_D16	k__Bacteria;p__Firmicutes;c__Clostridia;o__Clostridiales;f__Lachnospiraceae;g__Coprococcus;s__Coprococcus_comes	k__Bacteria;p__Proteobacteria;c__Gammaproteobacteria;o__Enterobacterales;f__Enterobacteriaceae;g__Escherichia;s__Escherichia_coli	k__Bacteria;p__Firmicutes;c__Clostridia;o__Clostridiales;f__Ruminococcaceae;g__Anaerotruncus;s__Anaerotruncus_colihominis	k__Bacteria;p__Firmicutes;c__Clostridia;o__Clostridiales;f__Lachnospiraceae;g__Blautia;s__Blautia_obeum	k__Bacteria;p__Bacteroidetes;c__Bacteroidia;o__Bacteroidales;f__Odoribacteraceae;g__Odoribacter;s__Odoribacter_laneus	k__Bacteria;p__Firmicutes;c__Clostridia;o__Clostridiales;f__Ruminococcaceae;g__Ruminiclostridium;s__[Clostridium]_leptum	k__Bacteria;p__Bacteroidetes;c__Bacteroidia;o__Bacteroidales;f__Porphyromonadaceae;g__Parabacteroides;s__Parabacteroides_goldsteinii	k__Bacteria;p__Firmicutes;c__Clostridia;o__Clostridiales;f__Lachnospiraceae;g__Anaerostipes;s__Anaerostipes_hadrus	k__Bacteria;p__Firmicutes;c__Clostridia;o__Clostridiales;f__Ruminococcaceae;g__Ruminococcus;s__Ruminococcus_lactaris	k__Bacteria;p__Firmicutes;c__Clostridia;o__Clostridiales;f__Clostridiaceae;g__Clostridium;s__Clostridium_sp._L2-50	k__Bacteria;p__Firmicutes;c__Clostridia;o__Clostridiales;f__Clostridiaceae;g__Clostridium;s__Clostridium_sp._M62/1	k__Bacteria;p__Firmicutes;c__Clostridia;o__Clostridiales;f__;g__Intestinimonas;s__Intestinimonas_butyriciproducens	k__Bacteria;p__Actinobacteria;c__Actinobacteria;o__Bifidobacteriales;f__Bifidobacteriaceae;g__Bifidobacterium;s__Bifidobacterium_bifidum	k__Bacteria;p__Firmicutes;c__Negativicutes;o__Veillonellales;f__Veillonellaceae;g__Dialister;s__Dialister_invisus	k__Bacteria;p__Bacteroidetes;c__Bacteroidia;o__Bacteroidales;f__Bacteroidaceae;g__Bacteroides;s__Bacteroides_salanitronis
k__Bacteria;p__Bacteroidetes;c__Bacteroidia;o__Bacteroidales;f__Bacteroidaceae;g__Bacteroides;s__Bacteroides_vulgatus	1.0	0.00704057597873	-0.00123635682607	0.0475622885049	-0.0493037808912	-0.0114762114588	-0.0249467527823	0.00577056001333	-0.0307594148568	-0.00750071787312	-0.023394272719	0.0385098698032	-0.0184045396772	-0.0121882513281	0.0219623071107	-0.00787441158621	0.00579279438642	-0.0282064802754	0.00227218326479	0.0461740801566	-0.0385648634662	-0.0125483910523	0.0456126924094	-0.0672818979939	0.0262171154061	-0.0353709049684	-0.00301737555775	-0.00396059524457	0.00915138383476	-0.00150887946586	0.003530493593	0.00911157801034	0.0310910195174	0.00143033692256	-0.0123417096319	0.00860779377183	-0.0295556697526	-0.041395031931	0.0421618101744	-0.084858082716	0.0186891174735	-0.00586625492026	0.0312142457737	-0.0032566507827	-0.0604794437311	0.0168009068409	0.0202104925252	-0.0384764755434	-0.0265115203927	0.0214218191977	0.00156828149517	-0.0480012476565	0.0302649055465	-0.0469035048483	0.0162222468401	-0.0883981824359	0.001840979099	-0.0199485252758	-0.0282701111917
k__Bacteria;p__Bacteroidetes;c__Bacteroidia;o__Bacteroidales;f__Bacteroidaceae;g__Bacteroides;s__Bacteroides_uniformis	0.00704057597873	1.0	0.0799674482643	0.0361206930242	-0.0332366707186	-0.0355052885039	0.0341706830727	0.05660902505	-0.0645797605895	0.00261520219736	0.037439095995	0.0922081740559	-0.0592279582602	-0.0317324576277	0.0306733738795	-0.0398562443922	0.0130062672994	-0.0536249339811	0.0208534578446	-0.0100041756594	-0.0400644428551	0.034468809329	-0.0301515350489	-0.0416663452999	0.00811303746459	0.0380521837645	-0.0537562184403	-0.00938151549638	0.0102787537759	0.0345569344793	-0.0178759057655	0.0181078894037	0.00764768052359	-0.0558879680766	-0.059238582448	-0.0472651357417	-0.0373575884286	0.0332690533787	-0.014596052737	0.00779170078886	-0.0612477354407	0.0109273064071	0.0117189642283	-0.0389017445189	-0.053533348188	0.0535162335801	-0.0122029106382	-0.0084916157589	0.00105878104188	0.0259500542183	-0.0176890833457	-0.0278830783907	0.014914251917	0.0115066288624	0.0449145883911	-0.021888567019	-0.0397549987843	0.00791568591263	-0.0391198002911
k__Bacteria;p__Bacteroidetes;c__Bacteroidia;o__Bacteroidales;f__Rikenellaceae;g__Alistipes;s__Alistipes_putredinis	-0.00123635682607	0.0799674482643	1.0	-0.0887368670305	-0.0679686298539	0.039290739019	-0.0129028904266	0.0306136339989	-0.00640189524937	-0.00208727955209	0.0400086005977	0.0727499894546	-0.0267332437874	0.00964830621087	0.0658528701791	-0.00607788056685	-0.0233689728791	0.0323489985547	-0.00345038652229	-0.0220349813902	0.0322183966629	-0.0319253923392	-0.0492507965119	0.0752465241731	-0.0651980860285	-0.0511323806172	0.0376454880719	-0.0345434003994	-0.00176798945474	0.0089536762243	-0.0105373655008	-0.0110485576903	-0.00733542184764	0.0503234233821	-0.0745537547835	-0.01181187141	-0.0574649574781	-0.0604994833777	0.00984615754716	0.0101122058052	-0.0591570350122	0.0243275968172	-0.0014467008376	-0.0173336216114	0.0866221272565	0.0294801727917	0.0099097711126	0.0218242983944	-0.0314030067861	-0.0338221716688	0.0545689309795	-0.0515030500341	-0.00671920102549	0.0401355437947	0.00366571291349	-0.00977051990425	0.0305279231307	0.00291471232466	-0.0149110275275
k__Bacteria;p__Bacteroidetes;c__Bacteroidia;o__Bacteroidales;f__Prevotellaceae;g__Prevotella;s__Prevotella_copri	0.0475622885049	0.0361206930242	-0.0887368670305	1.0	0.0598931878661	0.00609487654079	-0.00237325013862	0.0231370864697	-0.0214286282797	-0.0258122612037	0.00833255657298	0.0302712717196	0.0661832723828	0.0236328024589	-0.0338516984628	-0.0142019447912	-0.0331651832828	-0.0205015939278	0.00203728821039	0.0265148800114	-0.0246721064611	0.0183960691656	-0.0298421108077	0.00944238538563	-0.03081423538	-0.0393968379719	-0.021329049832	0.0136016906391	-0.0266875087691	0.0395570406479	0.030973845887	-0.0117460695	0.0408815145379	-0.0336897422405	0.0374568696066	-0.00457675489765	0.0125417281379	0.0331001693129	-0.00691763463921	-0.0892640623797	-0.0238250105125	-0.0260390605967	-0.0213389639488	-0.0697782049692	0.024364740759	0.0436077599497	0.0183975843305	-0.0366288225138	-0.0179853218107	-0.00476024873032	0.0112660886493	-0.0425142143708	0.00868965138825	-0.0684921305636	0.0148062276769	-0.0725127109858	-0.0755318319056	-0.0394904498568	-0.0316622387447
k__Bacteria;p__Bacteroidetes;c__Bacteroidia;o__Bacteroidales;f__Bacteroidaceae;g__Bacteroides;s__Bacteroides_stercoris	-0.0493037808912	-0.0332366707186	-0.0679686298539	0.0598931878661	1.0	0.0216102487043	-0.019413667034	0.00411198801023	-0.018480783711	-0.0422787887139	0.0450078141603	-0.0225922567453	-0.00242109257718	0.110888112858	-0.003405578814	-0.0335472036219	0.0347103957403	-0.0459180438742	0.0181602006377	-0.0612962319596	-0.023408326776	-0.052830368211	-0.0491325666436	-0.0257574285078	-0.0131025605182	-0.0123128990015	-0.00648645595117	-0.00605838384311	-0.0270214664591	-0.043947922074	-0.0113804726054	-0.055412351815	-0.0848581253545	0.0184691523696	0.0332293950356	-0.0557234196873	0.0245362784413	0.0190952997941	-0.0605174254863	0.00706661947361	-0.0119112842369	-0.0473340405497	-0.0488595131975	-0.0490834009143	-0.030468420681	-0.0553030524621	0.0281447836274	0.0125133418771	0.00751243962129	-0.00955346651077	-0.0228227774175	0.016669340082	0.0318220056704	-0.0138393502344	-0.0297908963903	-0.0512919194101	0.0414508658627	0.0369542414652	0.029895865395
k__Bacteria;p__Bacteroidetes;c__Bacteroidia;o__Bacteroidales;f__Bacteroidaceae;g__Bacteroides;s__Bacteroides_ovatus	-0.0114762114588	-0.0355052885039	0.039290739019	0.00609487654079	0.0216102487043	1.0	0.000668105456156	0.00855690921311	-0.0255700789069	-0.00686801713927	0.00016193120376	-0.0761135189152	-0.0103677823432	0.00201924881163	-0.0650272304723	0.0186918014679	-0.0158893775907	0.0070714514457	0.0521764409443	-0.0164544633668	-0.010788696867	-0.00583694906296	0.0346143024991	0.00700607494823	0.0236611360374	-0.0353700537301	-0.0490367597504	0.0446526527818	0.00254973026961	0.000765426674752	-0.0395764316995	0.041926530462	0.0227372243865	-0.0127060794125	-0.00542814382841	-0.00591585116759	-0.00816850869566	0.0314984245595	-0.0181269848763	0.00847327313143	-0.014819004888	-0.0342006483073	0.00942598111826	-0.028386855626	-0.0491940830873	0.0128496900689	-0.0622008749997	-0.0281983945682	0.0408354862619	0.00776695493967	0.0173812948502	0.00632947545644	-0.0140440835541	-0.00490748286062	-0.00552053805155	-0.0190322965805	0.037769214471	0.0229684569174	-0.0481224265056
k__Bacteria;p__Bacteroidetes;c__Bacteroidia;o__Bacteroidales;f__Rikenellaceae;g__Alistipes;s__Alistipes_shahii	-0.0249467527823	0.0341706830727	-0.0129028904266	-0.00237325013862	-0.019413667034	0.000668105456156	1.0	-0.0326605298732	0.031628087284	-0.0405786954603	0.0549728802001	-0.0345584559258	0.0114827245091	-0.076802519297	0.00652200657694	0.0090646686665	-0.0218382763738	-0.00772513958592	-0.032487904278	0.0047605524193	-0.0113579688089	-0.0223485916066	-0.0358432316769	-0.00180916113415	-0.0467058327504	0.0392266109875	0.0464743034561	0.020235754774	0.00255017276822	-0.018668028544	-0.0574465557797	-0.0197166556212	-0.0296751471416	-0.0414088677821	0.00404263537248	-0.0232145024671	-0.0266903798042	-0.00974570261489	0.0103443833084	0.0229151901199	0.0133759688571	0.00571676153445	0.0180183606631	0.00736797506188	0.00759015146411	-0.0310697065105	-0.00430298165152	-0.0583193292994	-0.0828650596079	0.00365197559206	0.0610661608895	0.0387053675021	-0.02028677571	0.011509456423	-0.0338436860691	0.0187042533749	-0.0249261826114	0.0469571995409	-0.0019294119207
k__Bacteria;p__Firmicutes;c__Clostridia;o__Clostridiales;f__Ruminococcaceae;g__Faecalibacterium;s__Faecalibacterium_prausnitzii	0.00577056001333	0.05660902505	0.0306136339989	0.0231370864697	0.00411198801023	0.00855690921311	-0.0326605298732	1.0	0.00977138716811	-0.0227796589399	0.0402553362563	0.0175886940715	-0.0570115130476	-0.00636507594818	-0.00357902744327	0.0402966575139	0.0188644185123	0.0243040699273	-0.0390538238492	0.0043743711481	0.00264019228204	-0.00954595099518	-0.033860538976	-0.0302604916553	0.00607159635375	-0.0150155101935	-0.0219173675092	-0.0386521864886	0.0522503056108	-0.0700317694443	-0.0274230705248	0.021835105472	0.0155144912092	0.0430499670707	-0.0162643971438	-0.0409445437864	-0.0139946497568	0.0115828123103	-0.0667866350168	-0.00723886253154	-0.0292342325881	0.0163838153928	0.0273502062057	-0.000137029866201	-0.0235456717723	-0.00614225030775	0.00367279068368	-0.0501930662318	0.0127724357931	-0.0706239943961	0.082819905253	-0.047615185463	-0.0471444969138	-0.0318054586018	-0.0650254907639	0.0435143073742	0.0192384616122	-0.0545310389854	0.0150284296846
k__Bacteria;p__Bacteroidetes;c__Bacteroidia;o__Bacteroidales;f__Rikenellaceae;g__Alistipes;s__Alistipes_finegoldii	-0.0307594148568	-0.0645797605895	-0.00640189524937	-0.0214286282797	-0.018480783711	-0.0255700789069	0.031628087284	0.00977138716811	1.0	-0.0489550785769	-0.0295049767091	0.00976262047234	-0.0100945170868	-0.0453789139724	0.00132696707338	-0.0327396133876	0.00402046060541	-0.0528428496715	-0.0569310738371	-0.0112704102683	0.0187525468749	-0.0210795991451	0.0154509845504	-0.0215938082846	-0.0381513155599	0.0156848154385	-0.0262607617226	0.00271036721827	0.0532736207955	-0.0283880091199	0.0614996099639	-0.0179059982735	0.00499896071784	0.0561730313743	-0.00252301698597	-0.00703622235485	-0.00757537568137	-0.0222912490045	0.00923325415754	-0.0130875266691	0.00256430935451	-0.0337418053223	0.0565109738832	-0.0403013838446	0.00545172905754	-0.0176704412359	0.0547055978152	0.0552716780183	0.00663087845153	-0.0312789714623	0.0544143780543	-0.0110109843276	-0.00152393809642	-0.0336930405861	-0.0658686223431	-0.0376922316077	-0.0480042688358	-0.031987383184	-0.0492856096359
k__Bacteria;p__Bacteroidetes;c__Bacteroidia;o__Bacteroidales;f__Porphyromonadaceae;g__Parabacteroides;s__Parabacteroides_distasonis	-0.00750071787312	0.00261520219736	-0.00208727955209	-0.0258122612037	-0.0422787887139	-0.00686801713927	-0.0405786954603	-0.0227796589399	-0.0489550785769	1.0	-0.0394786420257	0.0495564632885	0.017886864404	-0.0389709480672	-0.021918762569	0.0316065166229	-0.00190395838809	-0.0057234896404	0.0238369725107	-0.043124350708	0.0543499381063	0.0206197198323	0.0691017829771	0.0760711365133	0.00096980881015	-0.00863072921372	-0.00332237305276	-0.0149567906297	0.0458104963433	-0.0202369144465	0.0177218146745	-0.0294201564773	-0.00809537232458	-0.0173444002374	0.000436114411723	-0.0299460900511	-0.0269025286516	0.0274415003496	-0.016943000371	-0.0234527896278	0.000499277356674	0.0146811204643	-0.0167238756777	-0.0256458384568	-0.0390655501399	0.00456946154759	-0.00899170369985	0.0204554417493	0.019119884521	0.0182437277298	-0.0230775665206	-0.0147821972047	-0.0716587763746	0.00995988157256	0.0236257120244	-0.031016406811	-0.0096529974607	-0.0341085108657	0.0324559856813
k__Bacteria;p__Bacteroidetes;c__Bacteroidia;o__Bacteroidales;f__Bacteroidaceae;g__Bacteroides;s__Bacteroides_thetaiotaomicron	-0.023394272719	0.037439095995	0.0400086005977	0.00833255657298	0.0450078141603	0.00016193120376	0.0549728802001	0.0402553362563	-0.0295049767091	-0.0394786420257	1.0	-0.0060810959074	0.0782120110894	-0.00764630719365	-0.0846492251785	-0.00766309452397	-0.0664880699852	0.0592762838659	-0.00646185806111	-0.0344789790524	-0.0196832579599	0.0362368787443	-0.0635826606341	-0.000252217918851	-0.0247347313996	0.00102762983182	-0.0452749448612	-0.0167445272652	-0.00559796724692	-0.0322895241763	-0.0448427777811	-0.0141835875594	-0.00150071189581	-0.0508422695904	-0.0152266651731	0.0342550937147	0.0185905800123	-0.042946936565	-0.0175161343163	-0.00704725804184	-0.0286879161079	-0.0349465151821	0.0229685864384	0.0408930829581	0.0123970394516	0.0348781188332	-0.023391640364	-0.0201939046333	0.0281952791841	0.0147774948972	0.0539356235967	0.0248830380504	-0.0204792329841	0.0253535394004	0.0390234581613	-0.0260300980648	0.00532011050997	-0.019214421325	-0.0255003063923
k__Bacteria;p__Bacteroidetes;c__Bacteroidia;o__Bacteroidales;f__Bacteroidaceae;g__Bacteroides;s__Bacteroides_coprocola	0.0385098698032	0.0922081740559	0.0727499894546	0.0302712717196	-0.0225922567453	-0.0761135189152	-0.0345584559258	0.0175886940715	0.00976262047234	0.0495564632885	-0.0060810959074	1.0	-0.0577862139385	-0.0604656997427	-0.073352161814	-0.0454231353664	0.000745303304863	-0.0106484113121	-0.0367279975679	0.00835213510545	-0.0331961864416	0.0524045519576	-0.0133010421834	0.0577761504796	-0.011625404866	-0.0399093983259	0.0313563472032	0.0104466333494	0.00983161570531	-0.0182240918808	0.0130352949478	-0.0306030968007	-0.0289625111324	0.0434229812361	0.0270892781398	0.0181228071862	-0.0388381930338	-0.0158464425513	-0.0104106043989	0.0255523611241	-0.0406122572614	0.0376032268552	-0.0316933853136	0.0136734581453	0.0326908203463	-0.00673806483327	0.0247547965531	-0.0765344302106	0.0193696522781	-0.0131361665724	-0.0312624468043	-0.0391876401147	-0.00519476972926	0.0096149165028	-0.0295356541512	0.0153457712477	0.00679989645659	-0.0267570430923	0.0321836395827
k__Bacteria;p__Bacteroidetes;c__Bacteroidia;o__Bacteroidales;f__Bacteroidaceae;g__Bacteroides;s__Bacteroides_cellulosilyticus	-0.0184045396772	-0.0592279582602	-0.0267332437874	0.0661832723828	-0.00242109257718	-0.0103677823432	0.0114827245091	-0.0570115130476	-0.0100945170868	0.017886864404	0.0782120110894	-0.0577862139385	1.0	-0.0410383272459	-0.00825908554189	-0.0260073585747	-0.0335048497775	0.0205979673859	-0.0158548622174	-0.00381810911985	0.00884748210394	0.0481836583743	-0.00717670741636	0.0273295548915	0.00858867365918	-0.0436088599874	0.0237228072814	0.000410030629414	0.0436215092161	-0.0393633900443	-0.041400473968	-0.015636487566	-0.0835056348078	-0.0623670588965	-0.0406666717472	-0.00276777898828	0.0699635949078	0.0628431157484	0.0176646972064	-0.000498707457795	0.040180916626	-0.0250447106498	0.0045689388523	-0.0255561992749	0.0459503714299	-0.0285505951715	-2.45523092197e-05	-4.13461219334e-05	-0.00645889559636	-0.00887874647865	-0.0135279844358	-0.0598307974218	-0.019318453097	-0.0388708811624	-0.0582285448826	0.00616526757207	-0.00147811202747	0.00801593860372	0.0170659125435
k__Bacteria;p__Bacteroidetes;c__Bacteroidia;o__Bacteroidales;f__Rikenellaceae;g__Alistipes;s__Alistipes_obesi	-0.0121882513281	-0.0317324576277	0.00964830621087	0.0236328024589	0.110888112858	0.00201924881163	-0.076802519297	-0.00636507594818	-0.0453789139724	-0.0389709480672	-0.00764630719365	-0.0604656997427	-0.0410383272459	1.0	-0.0360448075805	-0.0438060226122	-0.0395046150103	-0.0562607841847	-0.0276647798073	0.0224152316496	-0.0181966468672	-0.00364742209366	0.0209512985735	-0.023861421731	-0.0086143166771	-0.0195121951903	-0.0045181087288	0.0417448688302	0.0224833671308	-0.0324876805382	0.000744270186908	-0.0167481629739	0.0294776775636	-0.00982949405887	0.0392497268784	0.0568169694487	-0.0523245182131	0.00226128467861	-0.0154735707631	0.0369502728766	-0.0317222880209	0.0268104064085	-0.0391959492488	0.0297397561583	-0.0390384970418	-0.016341921162	-0.0390891224898	0.0222600836887	0.0588925764831	-0.0590464692189	0.0585806911026	0.0062815049814	-0.0349765555004	-0.00707345885197	0.0154108003854	0.0250627464383	-0.0287155298705	-0.00850322546307	0.00391580457155
k__Bacteria;p__Firmicutes;c__Clostridia;o__Clostridiales;f__Lachnospiraceae;g__;s__[Eubacterium]_rectale	0.0219623071107	0.0306733738795	0.0658528701791	-0.0338516984628	-0.003405578814	-0.0650272304723	0.00652200657694	-0.00357902744327	0.00132696707338	-0.021918762569	-0.0846492251785	-0.073352161814	-0.00825908554189	-0.0360448075805	1.0	0.0557671070492	0.0042795745746	-0.0416482976907	0.0226367566698	0.0179928086336	-0.0396578268448	0.00915494283739	0.0089923336497	-0.0667366490944	-0.018200070464	0.0409595226446	-0.0187918048416	0.0136540961284	-0.0453409076966	0.0113204453293	-0.0413603982932	-0.0107079360924	-0.0277686885464	-0.0285152757992	0.0142853134625	0.0325060920537	-0.0565757502811	0.00998141356198	-0.0888830732499	-0.0322212729666	0.0273763044789	0.0582022555743	0.00546272945514	-0.0484813917468	0.0392777946601	0.00354467151856	0.056599592598	0.0342515480377	-0.0327906609021	-0.00812988246649	-0.00884967723785	0.0507539307214	-0.00610381124914	-0.0113501608533	0.0100242962343	0.00819336233406	-0.0519032158536	-0.00544790037067	-0.0735416276049
k__Bacteria;p__Bacteroidetes;c__Bacteroidia;o__Bacteroidales;f__Bacteroidaceae;g__Bacteroides;s__Bacteroides_plebeius	-0.00787441158621	-0.0398562443922	-0.00607788056685	-0.0142019447912	-0.0335472036219	0.0186918014679	0.0090646686665	0.0402966575139	-0.0327396133876	0.0316065166229	-0.00766309452397	-0.0454231353664	-0.0260073585747	-0.0438060226122	0.0557671070492	1.0	0.013324228415	-0.00706176378762	0.0207293283322	0.0309081147097	-0.0351804792354	-0.0670146368955	0.00695908929881	0.0165963451565	0.0140119744527	-0.0613810313549	0.0546441977664	-0.00808277664192	0.0349494639664	0.00681752164807	0.0136501882903	-0.0018271221989	0.0443966469125	-0.0645981892383	-0.0312992033648	-0.0703686254193	0.00946819952603	-0.0257162056575	0.0680963408625	-0.00908577748429	0.059379335508	0.025657902181	-0.0406445840705	-0.0376254013472	-0.017116856722	-0.0496170042405	0.0237832662507	-0.0110326869183	0.0160921676152	-0.000158291167192	0.0248196521522	0.0335206822716	0.0131895118082	-0.00601813981951	0.00957693728867	0.0173220946756	-0.0314301518792	-0.108089231815	-0.0246819323173
k__Bacteria;p__Bacteroidetes;c__Bacteroidia;o__Bacteroidales;f__Bacteroidaceae;g__Bacteroides;s__Bacteroides_fragilis	0.00579279438642	0.0130062672994	-0.0233689728791	-0.0331651832828	0.0347103957403	-0.0158893775907	-0.0218382763738	0.0188644185123	0.00402046060541	-0.00190395838809	-0.0664880699852	0.000745303304863	-0.0335048497775	-0.0395046150103	0.0042795745746	0.013324228415	1.0	0.0129942429145	0.0399678471991	0.0410597497527	0.029579988021	-0.00396702643131	0.0621594971712	0.0227209057798	-0.0534174505616	-0.0295781266082	-0.0551380352053	-0.000839930037149	-0.00966264967191	-0.0609875139516	0.0343189652342	-0.0107393290248	-0.0134698307281	0.000538404223363	-0.0403013025829	-0.00352552736611	0.013448873627	-0.0399724679405	-0.0365918335352	-0.0126796940402	-0.0425842391662	-0.0120096469218	-0.0587385373087	0.00412881668096	0.0274408594296	0.0384517977242	-0.0122484672865	-0.00917374687743	-0.0660199296444	-0.0402580476518	0.0460816651462	0.0313639859777	0.0278265722983	-0.0355110280208	0.053434532142	0.0464157987467	-0.0225049829459	-0.0324462175605	-0.0492065414778
k__Bacteria;p__Proteobacteria;c__Betaproteobacteria;o__Burkholderiales;f__Sutterellaceae;g__Sutterella;s__Sutterella_wadsworthensis	-0.0282064802754	-0.0536249339811	0.0323489985547	-0.0205015939278	-0.0459180438742	0.0070714514457	-0.00772513958592	0.0243040699273	-0.0528428496715	-0.0057234896404	0.0592762838659	-0.0106484113121	0.0205979673859	-0.0562607841847	-0.0416482976907	-0.00706176378762	0.0129942429145	1.0	-0.0496389959416	-0.0471517441648	0.00177761835358	0.00285824948365	-0.00749467099839	-0.0316375755686	-0.0189662208613	-0.0012396649249	0.0120383443839	0.0177721265904	-0.0142201655653	0.00609448910248	0.0119808423605	0.0222460713884	0.0211614781931	-0.0120018698764	-0.058776869409	0.0286049995301	0.014656615635	-0.0252716973596	0.00985712809152	0.0285124275637	-0.0455818599414	0.00428340096343	-0.00351636203107	0.0686612417616	0.0287181188407	0.047046263232	0.00787635486402	-0.00820158877047	-0.0311331079173	-0.0209961148503	0.0330552303411	-0.0357356816363	-0.0470161942042	0.029962560429	-0.0218374370998	0.0415219520019	0.0270581649704	-0.0211923019347	-0.037980947955
k__Bacteria;p__Bacteroidetes;c__Bacteroidia;o__Bacteroidales;f__Porphyromonadaceae;g__Barnesiella;s__Barnesiella_intestinihominis	0.00227218326479	0.0208534578446	-0.00345038652229	0.00203728821039	0.0181602006377	0.0521764409443	-0.032487904278	-0.0390538238492	-0.0569310738371	0.0238369725107	-0.00646185806111	-0.0367279975679	-0.0158548622174	-0.0276647798073	0.0226367566698	0.0207293283322	0.0399678471991	-0.0496389959416	1.0	-0.0144522459423	-0.018849888091	-0.0236147948124	-0.0485791452105	0.0459096681119	0.0672495156895	-0.0178577864429	-0.0516653662097	0.0356374564835	-0.0725574151029	-0.0117088496348	0.00518912341393	-0.0313368147857	-0.0639173138353	-0.0798384627962	-0.00684410899072	0.0268942086607	0.00750007991603	-0.0450010821279	-0.0644408488873	-0.011029081225	-0.0244240864885	0.0360152744539	-0.0358721692633	0.00451356648372	0.00321532579061	0.016062868538	-0.0380398846796	0.0231039288463	0.00943837614138	-0.0249617469825	0.0172488418055	0.046196209002	0.0265162810968	-0.0144972780876	-0.0368966115538	-0.027037227303	-0.0284056975462	-0.0318701060086	0.014051000529
k__Bacteria;p__Bacteroidetes;c__Bacteroidia;o__Bacteroidales;f__Odoribacteraceae;g__Odoribacter;s__Odoribacter_splanchnicus	0.0461740801566	-0.0100041756594	-0.0220349813902	0.0265148800114	-0.0612962319596	-0.0164544633668	0.0047605524193	0.0043743711481	-0.0112704102683	-0.043124350708	-0.0344789790524	0.00835213510545	-0.00381810911985	0.0224152316496	0.0179928086336	0.0309081147097	0.0410597497527	-0.0471517441648	-0.0144522459423	1.0	-0.016590916766	0.0169874266592	0.0248965661009	0.0101182602523	0.0414096516839	-0.014030238749	-0.000819912532702	-0.0436818790914	0.0365940022951	-0.00466595922135	-0.00615589440397	0.03417045435	-0.02464521844	-0.0231978669662	0.0260883115811	-0.0681852265687	0.054299381582	-0.055335148022	-0.0035764295043	-0.0286490117851	0.0378298838158	-0.0199011662374	-0.0320679666791	-0.0150899712443	0.0114308634946	-0.0170726142883	-0.016092843082	-0.0874481180557	-0.0106857886633	-0.016669575496	0.0308638131347	0.0105397623663	-0.0180368857295	0.0388393466713	-0.00732979275691	-0.0268708687843	0.0179190631001	0.0718166976188	-0.00782815562914
k__Bacteria;p__Bacteroidetes;c__Bacteroidia;o__Bacteroidales;f__Bacteroidaceae;g__Bacteroides;s__Bacteroides_salyersiae	-0.0385648634662	-0.0400644428551	0.0322183966629	-0.0246721064611	-0.023408326776	-0.010788696867	-0.0113579688089	0.00264019228204	0.0187525468749	0.0543499381063	-0.0196832579599	-0.0331961864416	0.00884748210394	-0.0181966468672	-0.0396578268448	-0.0351804792354	0.029579988021	0.00177761835358	-0.018849888091	-0.016590916766	1.0	-0.0281602480702	-0.0295939052559	-0.033664108772	-0.0630557588853	0.0105956737002	-0.0352211903445	0.0238509030243	-0.00337809722156	-0.0474254649724	0.033934055952	-0.050587853861	-0.0526927561377	-0.0113128106702	0.0371546664789	-0.0734480738522	0.0211818272451	0.0302291057454	-0.0303149545092	-0.0161038471512	-0.004047108884	-0.0145393076678	0.0337078036	-0.0570642486163	0.0561403218305	-0.0402455725428	-0.0237208768409	-0.0019531082967	-0.000177642912032	-0.0243385665318	-0.0303728561033	0.0358243222623	-0.0732610923854	0.00071669474416	0.00251941076694	-0.0638926262887	-0.00476215606203	-0.017677939334	0.0580940220718
k__Bacteria;p__Firmicutes;c__Clostridia;o__Clostridiales;f__Ruminococcaceae;g__Ruminiclostridium;s__[Eubacterium]_siraeum	-0.0125483910523	0.034468809329	-0.0319253923392	0.0183960691656	-0.052830368211	-0.00583694906296	-0.0223485916066	-0.00954595099518	-0.0210795991451	0.0206197198323	0.0362368787443	0.0524045519576	0.0481836583743	-0.00364742209366	0.00915494283739	-0.0670146368955	-0.00396702643131	0.00285824948365	-0.0236147948124	0.0169874266592	-0.0281602480702	1.0	-0.0333127914062	0.000526093819927	0.0165577798	-0.0484684658082	-0.0636838585485	0.0726301170759	-0.0333886282147	0.00769654049149	-0.0270346716538	-0.0138669212291	-0.0487148256761	-0.0215029054559	0.0178435165597	0.038738869024	0.00767326051515	0.00473411108494	-0.0506108997546	-0.0106240201812	-0.0133545125977	0.001617723809	0.00373741651316	-0.0201067071245	0.00340827180615	0.00957033346694	-0.0708616595431	-0.00918993543826	0.00441417660321	-0.0434879868504	0.014454557646	0.00016361791116	0.0319647197741	-0.0137740463911	0.010839284726	0.0484050624227	-0.00961103443375	-0.00609705584655	-0.0162441252333
k__Bacteria;p__Proteobacteria;c__Betaproteobacteria;o__Burkholderiales;f__Sutterellaceae;g__Parasutterella;s__Parasutterella_excrementihominis	0.0456126924094	-0.0301515350489	-0.0492507965119	-0.0298421108077	-0.0491325666436	0.0346143024991	-0.0358432316769	-0.033860538976	0.0154509845504	0.0691017829771	-0.0635826606341	-0.0133010421834	-0.00717670741636	0.0209512985735	0.0089923336497	0.00695908929881	0.0621594971712	-0.00749467099839	-0.0485791452105	0.0248965661009	-0.0295939052559	-0.0333127914062	1.0	-0.0487798577777	0.0245268932734	-0.00748532070387	-0.0263422339709	-0.0686970661113	-0.0437430089927	0.0414248817188	-0.0182855366536	0.00478913262271	0.00908944033699	-0.0360785472027	-0.000909512267105	0.0758813736672	-0.0242535759895	0.0154321066658	0.0295622259716	-0.0236143249846	0.0497487201965	0.0147304009278	-0.033479745567	-0.0286280426954	-0.0305918472751	-0.0723002336533	0.0116598356087	0.0842445181871	0.00012520259691	-0.0290306609121	0.0169716974201	0.0100688532664	-0.0173192129967	-0.0235506822706	0.0519637702498	-0.0888150217594	0.0309053258995	-0.0750646266213	-0.0389230231469
k__Bacteria;p__Actinobacteria;c__Actinobacteria;o__Bifidobacteriales;f__Bifidobacteriaceae;g__Bifidobacterium;s__Bifidobacterium_adolescentis	-0.0672818979939	-0.0416663452999	0.0752465241731	0.00944238538563	-0.0257574285078	0.00700607494823	-0.00180916113415	-0.0302604916553	-0.0215938082846	0.0760711365133	-0.000252217918851	0.0577761504796	0.0273295548915	-0.023861421731	-0.0667366490944	0.0165963451565	0.0227209057798	-0.0316375755686	0.0459096681119	0.0101182602523	-0.033664108772	0.000526093819927	-0.0487798577777	1.0	0.0190322019759	0.0100942912812	0.0920674966483	-0.0635024752669	0.00109583123528	0.0218666244895	-0.0482435006705	-0.02330709718	-0.0227859461217	-0.0362498284971	-0.0430378240536	-0.0187331144055	-0.00261640543623	-0.027014052735	-0.00591716625284	-0.0271579328548	0.0108047822831	-0.0084727568479	-0.0190896255227	0.0238782178528	0.0424013245219	0.044486189901	-0.0355533243991	0.0382778743564	-0.0451061127903	-0.080599360406	0.0479173910307	-0.0093330338232	-0.00603368605819	0.071642984822	0.00476143939801	0.0255425871654	-0.0257521661317	-0.0754653716261	-0.0288842152985
k__Bacteria;p__Firmicutes;c__Clostridia;o__Clostridiales;f__Oscillospiraceae;g__Oscillibacter;s__Oscillibacter_sp._KLE_1745	0.0262171154061	0.00811303746459	-0.0651980860285	-0.03081423538	-0.0131025605182	0.0236611360374	-0.0467058327504	0.00607159635375	-0.0381513155599	0.00096980881015	-0.0247347313996	-0.011625404866	0.00858867365918	-0.0086143166771	-0.018200070464	0.0140119744527	-0.0534174505616	-0.0189662208613	0.0672495156895	0.0414096516839	-0.0630557588853	0.0165577798	0.0245268932734	0.0190322019759	1.0	-0.0385642325211	0.0288577160312	-0.0051472308049	0.0104942448073	-0.00175935311503	0.0161807892248	0.000732597214484	-0.0914275589952	-0.0115432543099	0.0174247017755	-0.0300221329176	-0.00203271799797	-0.0359684596444	0.0344866535853	-0.0089009749764	-0.00863588569972	-0.0013155981083	-0.0433840267919	-0.0162507874609	0.00953414755335	-0.0287444843722	0.00441767717237	0.0265954558367	-0.0412045801855	-0.0124214954529	-0.0616296548258	0.0269609215714	0.0135092887904	0.0339463440647	-0.0221462957329	0.0239592158552	-0.0508975967229	0.0248069286107	-0.0328122508787
k__Bacteria;p__Bacteroidetes;c__Bacteroidia;o__Bacteroidales;f__Bacteroidaceae;g__Bacteroides;s__Bacteroides_coprophilus	-0.0353709049684	0.0380521837645	-0.0511323806172	-0.0393968379719	-0.0123128990015	-0.0353700537301	0.0392266109875	-0.0150155101935	0.0156848154385	-0.00863072921372	0.00102762983182	-0.0399093983259	-0.0436088599874	-0.0195121951903	0.0409595226446	-0.0613810313549	-0.0295781266082	-0.0012396649249	-0.0178577864429	-0.014030238749	0.0105956737002	-0.0484684658082	-0.00748532070387	0.0100942912812	-0.0385642325211	1.0	0.0702051113862	0.0061165047498	-0.0591609110033	0.0337114824513	0.0175212645177	-0.01863914224	-0.0525223827424	-0.0604499761246	-0.0201259884563	-0.0144364547056	0.0143090034803	-0.0487626610216	-0.00612257742777	-0.0428450593533	0.00198826869158	0.061259429699	0.0153561994004	0.00581119421389	-0.0294742756356	0.0107526830402	0.0286023815852	0.0194132843123	-0.0343985427706	-0.0212419598311	-0.0700359395389	0.00411559873832	0.0245142669728	-0.026169022704	-0.0463888534062	-0.00403672303316	0.0212029261963	0.0568129815723	0.0198616865335
k__Bacteria;p__Firmicutes;c__Clostridia;o__Clostridiales;f__Lachnospiraceae;g__Roseburia;s__Roseburia_intestinalis	-0.00301737555775	-0.0537562184403	0.0376454880719	-0.021329049832	-0.00648645595117	-0.0490367597504	0.0464743034561	-0.0219173675092	-0.0262607617226	-0.00332237305276	-0.0452749448612	0.0313563472032	0.0237228072814	-0.0045181087288	-0.0187918048416	0.0546441977664	-0.0551380352053	0.0120383443839	-0.0516653662097	-0.000819912532701	-0.0352211903445	-0.0636838585485	-0.0263422339709	0.0920674966483	0.0288577160312	0.0702051113862	1.0	-0.0175287630439	0.0233027924703	0.000707881944714	-0.0372546925093	0.00509582013744	-0.0291906746072	0.0268101836285	0.00487558045601	-0.00298528927961	-0.0240502929313	0.0209696451622	-0.0111988432638	0.0286824940304	0.00730508950836	-0.0473159342205	-0.00254028593201	-0.0361564071495	0.0500569512537	-0.0111198491176	0.0263156048012	-0.00281531657969	-0.0324055070137	-0.0410250190364	-0.040405431587	0.0192607021003	-0.00548646056606	0.0183824764428	-0.00191109874751	0.00555761853568	-0.0756355618241	0.0328014219737	-0.0139845173449
k__Bacteria;p__Firmicutes;c__Clostridia;o__Clostridiales;f__Lachnospiraceae;g__Roseburia;s__Roseburia_hominis	-0.00396059524457	-0.00938151549638	-0.0345434003994	0.0136016906391	-0.00605838384311	0.0446526527818	0.020235754774	-0.0386521864886	0.00271036721827	-0.0149567906297	-0.0167445272652	0.0104466333494	0.000410030629414	0.0417448688302	0.0136540961284	-0.00808277664192	-0.000839930037149	0.0177721265904	0.0356374564835	-0.0436818790914	0.0238509030243	0.0726301170759	-0.0686970661113	-0.0635024752669	-0.0051472308049	0.0061165047498	-0.0175287630439	1.0	-0.0518836237902	-0.0478189749234	-0.0521904686274	-0.0298484585729	0.0112446367601	-0.0494481920177	-0.0231061445591	-0.0140356607168	0.0365468504593	0.0277608563746	-0.01559105026	0.0100283866988	-0.00263787773705	-0.013965369267	-0.00171284024423	-0.0691524541827	-0.0684189755237	-0.0362352607276	0.0108300656462	-0.0275391142003	-0.0216620597581	0.024416421049	-0.0271005203439	-0.00977408436282	-0.0077874610031	0.0147579937125	0.024683308732	-0.0522746998365	-0.0255703156827	-0.0167953131415	-0.0362379546684
k__Bacteria;p__Bacteroidetes;c__Bacteroidia;o__Bacteroidales;f__Porphyromonadaceae;g__Parabacteroides;s__Parabacteroides_johnsonii	0.00915138383476	0.0102787537759	-0.00176798945474	-0.0266875087691	-0.0270214664591	0.00254973026961	0.00255017276822	0.0522503056108	0.0532736207955	0.0458104963433	-0.00559796724692	0.00983161570531	0.0436215092161	0.0224833671308	-0.0453409076966	0.0349494639664	-0.00966264967191	-0.0142201655653	-0.0725574151029	0.0365940022951	-0.00337809722156	-0.0333886282147	-0.0437430089927	0.00109583123528	0.0104942448073	-0.0591609110033	0.0233027924703	-0.0518836237902	1.0	-0.024580965321	-0.0116884337669	-0.00477407596259	0.0108294930707	-0.0168350025718	-0.0179688450688	-0.00151236802995	-0.00914087072507	-0.0379419388073	0.0417555309945	0.135205791328	0.00215232015466	-0.0309253480606	0.0390039791876	-0.0404066900025	-0.0338921854348	0.00802942681076	0.0271463306236	-0.0386872415788	-0.0253044054311	-0.0235027902323	0.00569629546962	-0.00456381612204	-0.0220856270548	-0.0505920662889	0.0196110528756	-8.71623877103e-05	-0.00372624227144	-0.0213216323402	0.0339208090116
k__Bacteria;p__Actinobacteria;c__Actinobacteria;o__Bifidobacteriales;f__Bifidobacteriaceae;g__Bifidobacterium;s__Bifidobacterium_longum	-0.00150887946586	0.0345569344793	0.0089536762243	0.0395570406479	-0.043947922074	0.000765426674752	-0.018668028544	-0.0700317694443	-0.0283880091199	-0.0202369144465	-0.0322895241763	-0.0182240918808	-0.0393633900443	-0.0324876805382	0.0113204453293	0.00681752164807	-0.0609875139516	0.00609448910248	-0.0117088496348	-0.00466595922136	-0.0474254649724	0.00769654049149	0.0414248817188	0.0218666244895	-0.00175935311503	0.0337114824513	0.000707881944714	-0.0478189749234	-0.024580965321	1.0	-0.0132266995206	-0.0363940201142	-0.0233078432714	0.0264963832058	0.0383214217706	0.0291595472257	-0.016764957591	0.0163926363217	-0.00455129483063	0.0421991159872	-0.0116009769127	-0.0235122033449	-0.000587271522254	-0.0676967440397	-0.0365588579726	-0.0154976417505	-0.014437779742	0.0268593413541	0.00662776598505	-0.0296580266813	0.0365786046933	0.00440665949947	-0.0322666577605	0.0449500114357	0.0298778955849	0.0253717827456	0.0126915337804	-0.00118513375389	-0.0448085864943
