#taxonomy	k__Bacteria;p__Bacteroidetes;c__Bacteroidia;o__Bacteroidales;f__Bacteroidaceae;g__Bacteroides;s__Bacteroides_vulgatus	k__Bacteria;p__Bacteroidetes;c__Bacteroidia;o__Bacteroidales;f__Bacteroidaceae;g__Bacteroides;s__Bacteroides_uniformis	k__Bacteria;p__Bacteroidetes;c__Bacteroidia;o__Bacteroidales;f__Rikenellaceae;g__Alistipes;s__Alistipes_putredinis	k__Bacteria;p__Bacteroidetes;c__Bacteroidia;o__Bacteroidales;f__Prevotellaceae;g__Prevotella;s__Prevotella_copri	k__Bacteria;p__Bacteroidetes;c__Bacteroidia;o__Bacteroidales;f__Bacteroidaceae;g__Bacteroides;s__Bacteroides_stercoris	k__Bacteria;p__Bacteroidetes;c__Bacteroidia;o__Bacteroidales;f__Bacteroidaceae;g__Bacteroides;s__Bacteroides_ovatus	k__Bacteria;p__Bacteroidetes;c__Bacteroidia;o__Bacteroidales;f__Rikenellaceae;g__Alistipes;s__Alistipes_shahii	k__Bacteria;p__Firmicutes;c__Clostridia;o__Clostridiales;f__Ruminococcaceae;g__Faecalibacterium;s__Faecalibacterium_prausnitzii	k__Bacteria;p__Bacteroidetes;c__Bacteroidia;o__Bacteroidales;f__Rikenellaceae;g__Alistipes;s__Alistipes_finegoldii	k__Bacteria;p__Bacteroidetes;c__Bacteroidia;o__Bacteroidales;f__Porphyromonadaceae;g__Parabacteroides;s__Parabacteroides_distasonis	k__Bacteria;p__Bacteroidetes;c__Bacteroidia;o__Bacteroidales;f__Bacteroidaceae;g__Bacteroides;s__Bacteroides_thetaiotaomicron	k__Bacteria;p__Bacteroidetes;c__Bacteroidia;o__Bacteroidales;f__Bacteroidaceae;g__Bacteroides;s__Bacteroides_coprocola	k__Bacteria;p__Bacteroidetes;c__Bacteroidia;o__Bacteroidales;f__Bacteroidaceae;g__Bacteroides;s__Bacteroides_cellulosilyticus	k__Bacteria;p__Bacteroidetes;c__Bacteroidia;o__Bacteroidales;f__Rikenellaceae;g__Alistipes;s__Alistipes_obesi	k__Bacteria;p__Firmicutes;c__Clostridia;o__Clostridiales;f__Lachnospiraceae;g__;s__[Eubacterium]_rectale	k__Bacteria;p__Bacteroidetes;c__Bacteroidia;o__Bacteroidales;f__Bacteroidaceae;g__Bacteroides;s__Bacteroides_plebeius	k__Bacteria;p__Bacteroidetes;c__Bacteroidia;o__Bacteroidales;f__Bacteroidaceae;g__Bacteroides;s__Bacteroides_fragilis	k__Bacteria;p__Proteobacteria;c__Betaproteobacteria;o__Burkholderiales;f__Sutterellaceae;g__Sutterella;s__Sutterella_wadsworthensis	k__Bacteria;p__Bacteroidetes;c__Bacteroidia;o__Bacteroidales;f__Porphyromonadaceae;g__Barnesiella;s__Barnesiella_intestinihominis	k__Bacteria;p__Bacteroidetes;c__Bacteroidia;o__Bacteroidales;f__Odoribacteraceae;g__Odoribacter;s__Odoribacter_splanchnicus	k__Bacteria;p__Bacteroidetes;c__Bacteroidia;o__Bacteroidales;f__Bacteroidaceae;g__Bacteroides;s__Bacteroides_salyersiae	k__Bacteria;p__Firmicutes;c__Clostridia;o__Clostridiales;f__Ruminococcaceae;g__Ruminiclostridium;s__[Eubacterium]_siraeum	k__Bacteria;p__Proteobacteria;c__Betaproteobacteria;o__Burkholderiales;f__Sutterellaceae;g__Parasutterella;s__Parasutterella_excrementihominis	k__Bacteria;p__Actinobacteria;c__Actinobacteria;o__Bifidobacteriales;f__Bifidobacteriaceae;g__Bifidobacterium;s__Bifidobacterium_adolescentis	k__Bacteria;p__Firmicutes;c__Clostridia;o__Clostridiales;f__Oscillospiraceae;g__Oscillibacter;s__Oscillibacter_sp._KLE_1745	k__Bacteria;p__Bacteroidetes;c__Bacteroidia;o__Bacteroidales;f__Bacteroidaceae;g__Bacteroides;s__Bacteroides_coprophilus	k__Bacteria;p__Firmicutes;c__Clostridia;o__Clostridiales;f__Lachnospiraceae;g__Roseburia;s__Roseburia_intestinalis	k__Bacteria;p__Firmicutes;c__Clostridia;o__Clostridiales;f__Lachnospiraceae;g__Roseburia;s__Roseburia_hominis	k__Bacteria;p__Bacteroidetes;c__Bacteroidia;o__Bacteroidales;f__Porphyromonadaceae;g__Parabacteroides;s__Parabacteroides_johnsonii	k__Bacteria;p__Actinobacteria;c__Actinobacteria;o__Bifidobacteriales;f__Bifidobacteriaceae;g__Bifidobacterium;s__Bifidobacterium_longum	k__Bacteria;p__Firmicutes;c__Clostridia;o__Clostridiales;f__;g__Flavonifractor;s__Flavonifractor_plautii	k__Bacteria;p__Firmicutes;c__Clostridia;o__Clostridiales;f__Clostridiaceae;g__Clostridium;s__Clostridium_phoceensis	k__Bacteria;p__Verrucomicrobia;c__Verrucomicrobiae;o__Verrucomicrobiales;f__Akkermansiaceae;g__Akkermansia;s__Akkermansia_muciniphila	k__Bacteria;p__Bacteroidetes;c__Bacteroidia;o__Bacteroidales;f__Prevotellaceae;g__Paraprevotella;s__Paraprevotella_xylaniphila	k__Bacteria;p__Firmicutes;c__Clostridia;o__Clostridiales;f__Ruminococcaceae;g__Ruminococcus;s__Ruminococcus_callidus	k__Bacteria;p__Bacteroidetes;c__Bacteroidia;o__Bacteroidales;f__Rikenellaceae;g__Alistipes;s__Alistipes_senegalensis	k__Bacteria;p__Firmicutes;c__Clostridia;o__Clostridiales;f__Lachnospiraceae;g__Blautia;s__Blautia_sp._KLE_1732	k__Bacteria;p__Bacteroidetes;c__Bacteroidia;o__Bacteroidales;f__Bacteroidaceae;g__Bacteroides;s__Bacteroides_oleiciplenus	k__Bacteria;p__Firmicutes;c__Clostridia;o__Clostridiales;f__Ruminococcaceae;g__Ruminococcus;s__Ruminococcus_bicirculans	k__Bacteria;p__Bacteroidetes;c__Bacteroidia;o__Bacteroidales;f__Bacteroidaceae;g__Bacteroides;s__Bacteroides_fluxus	k__Bacteria;p__Bacteroidetes;c__Bacteroidia;o__Bacteroidales;f__Prevotellaceae;g__Prevotella;s__Prevotella_stercorea	k__Bacteria;p__Firmicutes;c__Clostridia;o__Clostridiales;f__Lachnospiraceae;g__Dorea;s__Dorea_longicatena	k__Bacteria;p__Firmicutes;c__Clostridia;o__Clostridiales;f__Eubacteriaceae;g__Eubacterium;s__[Eubacterium]_eligens	k__Bacteria;p__Firmicutes;c__Clostridia;o__Clostridiales;f__Ruminococcaceae;g__;s__Ruminococcaceae_bacterium_D16	k__Bacteria;p__Firmicutes;c__Clostridia;o__Clostridiales;f__Lachnospiraceae;g__Coprococcus;s__Coprococcus_comes	k__Bacteria;p__Proteobacteria;c__Gammaproteobacteria;o__Enterobacterales;f__Enterobacteriaceae;g__Escherichia;s__Escherichia_coli	k__Bacteria;p__Firmicutes;c__Clostridia;o__Clostridiales;f__Ruminococcaceae;g__Anaerotruncus;s__Anaerotruncus_colihominis	k__Bacteria;p__Firmicutes;c__Clostridia;o__Clostridiales;f__Lachnospiraceae;g__Blautia;s__Blautia_obeum	k__Bacteria;p__Bacteroidetes;c__Bacteroidia;o__Bacteroidales;f__Odoribacteraceae;g__Odoribacter;s__Odoribacter_laneus	k__Bacteria;p__Firmicutes;c__Clostridia;o__Clostridiales;f__Ruminococcaceae;g__Ruminiclostridium;s__[Clostridium]_leptum	k__Bacteria;p__Bacteroidetes;c__Bacteroidia;o__Bacteroidales;f__Porphyromonadaceae;g__Parabacteroides;s__Parabacteroides_goldsteinii	k__Bacteria;p__Firmicutes;c__Clostridia;o__Clostridiales;f__Lachnospiraceae;g__Anaerostipes;s__Anaerostipes_hadrus	k__Bacteria;p__Firmicutes;c__Clostridia;o__Clostridiales;f__Ruminococcaceae;g__Ruminococcus;s__Ruminococcus_lactaris	k__Bacteria;p__Firmicutes;c__Clostridia;o__Clostridiales;f__Clostridiaceae;g__Clostridium;s__Clostridium_sp._L2-50	k__Bacteria;p__Firmicutes;c__Clostridia;o__Clostridiales;f__Clostridiaceae;g__Clostridium;s__Clostridium_sp._M62/1	k__Bacteria;p__Firmicutes;c__Clostridia;o__Clostridiales;f__;g__Intestinimonas;s__Intestinimonas_butyriciproducens	k__Bacteria;p__Actinobacteria;c__Actinobacteria;o__Bifidobacteriales;f__Bifidobacteriaceae;g__Bifidobacterium;s__Bifidobacterium_bifidum	k__Bacteria;p__Firmicutes;c__Negativicutes;o__Veillonellales;f__Veillonellaceae;g__Dialister;s__Dialister_invisus	k__Bacteria;p__Bacteroidetes;c__Bacteroidia;o__Bacteroidales;f__Bacteroidaceae;g__Bacteroides;s__Bacteroides_salanitronis
k__Bacteria;p__Bacteroidetes;c__Bacteroidia;o__Bacteroidales;f__Bacteroidaceae;g__Bacteroides;s__Bacteroides_vulgatus	1.0	0.0787085779555	0.00124068117383	0.0296591631468	0.0695751622093	0.0034906786541	0.0473350399367	-0.000855202327073	0.0331388787608	-0.000244211890561	-0.0539762209236	-0.0361446651042	0.0113971378512	-0.0365370259102	-0.0272541916263	-0.05665694972	-0.00924771565953	0.049289651918	-0.00573043073295	-0.017699049061	-0.070428518959	-0.0164011336799	-0.0222010716805	-0.0143508898907	-0.014346544128	0.000696930442691	0.0163308369488	0.0153969360582	-0.00534859798575	0.0434323438924	-0.00498596930224	-0.0939415926098	0.0110913157269	0.000193952593954	-0.00249285542895	-0.0104023846742	-0.0565738963798	0.0211042198131	-0.0215206970796	-0.0248604657348	-0.0715622684169	-0.0451367244989	0.0204836780925	-0.0454673338655	0.0224203085171	-0.0519692276035	0.000578917651357	-0.0369863924102	0.0109638663973	-0.0339080567772	0.0124119763464	0.0359518037795	-0.0832216554813	0.0212034021252	0.0127013014972	0.00687080913901	-0.0387677774619	-0.0621321485255	0.00436147407143
k__Bacteria;p__Bacteroidetes;c__Bacteroidia;o__Bacteroidales;f__Bacteroidaceae;g__Bacteroides;s__Bacteroides_uniformis	0.0787085779555	1.0	0.021973169324	-0.0448484717888	-0.0279081031191	0.00947846863664	-0.0574282466057	-0.00719722110325	0.0315610866092	-0.0344731175553	0.01002162909	0.039628757525	-0.0220752845602	-0.0209786997392	-0.0629954273085	-0.0187980307546	0.0142707724757	-0.0296750942101	-0.0357667848796	0.0312803228779	-0.00362148873378	-0.0639494330491	-0.0320456089867	-0.0680412784231	0.0383298192199	-0.0282195519425	0.023809237987	-0.0247632386607	0.00303338917508	0.0286866935462	-0.0186877588204	-0.0109266772213	-0.0060470299479	-0.00256425331565	-0.00223961035883	0.0663499611583	-0.0583136123261	0.0383090610576	-0.0215539619775	-0.0526609321227	-0.0337658974752	-0.0173979464809	0.0219926132358	-0.0383037584852	-0.0374234741842	-0.0409115202182	-0.0130829001236	0.0302068112092	0.0392395289854	0.00329122409737	0.00656314076842	-0.0124461561507	-0.000732178718778	-0.00767754152657	-0.0451414961387	0.00754932315138	-0.0232814048714	0.0117786517554	-0.013465887583
k__Bacteria;p__Bacteroidetes;c__Bacteroidia;o__Bacteroidales;f__Rikenellaceae;g__Alistipes;s__Alistipes_putredinis	0.00124068117383	0.021973169324	1.0	0.0591569874014	-0.0140256814285	-0.0149375448124	0.0121418138256	-0.0666610320095	-0.00165098166996	-0.042648432216	0.0479039984544	-0.0293267386746	-0.00267088772256	0.00669277535488	0.00765956886209	-0.00779256765787	-0.0618282449545	-0.00944182631682	-0.0342203428512	0.00142536413466	-0.0226606244655	-0.0125070818058	-0.0151679047365	-0.0044181597318	0.0400590913567	-0.0420016176453	-0.00751415712153	0.0129537431851	-0.000395590714624	0.00161327984914	-0.0629429705921	0.00992413688617	-0.00973272102078	0.0652014208967	-0.0117197741957	-0.039514990293	-0.00954468465078	-0.0107863077396	-0.0503080857377	0.00087356928256	0.0580933996744	-0.0261784824202	0.00358355072104	-0.0654916641706	0.0326155699324	-0.0271950209069	-0.0316576280162	0.0262076031642	-0.0475586268566	-0.0251053137209	-0.0337321928492	0.00376923615187	0.0628998333784	0.0195826440428	-0.0587540373247	-0.0243132710217	-0.0828965863194	-0.019921351133	0.0300250373684
k__Bacteria;p__Bacteroidetes;c__Bacteroidia;o__Bacteroidales;f__Prevotellaceae;g__Prevotella;s__Prevotella_copri	0.0296591631468	-0.0448484717888	0.0591569874014	1.0	0.0559319679782	0.00724866146759	-0.0271173512587	0.0532741872952	-0.0182959454191	-0.00290956533235	0.00850443484983	0.00150507382169	0.00945378098509	0.00308227435991	-0.00602054824585	0.0542925410549	-0.0101432169874	-0.0290684984449	-0.0572528313138	5.1886932774e-05	-0.0104793670613	0.0437927333388	-0.0199945380474	0.00442039528853	0.0717629855286	-0.0565127199	-0.0627110399464	-0.00331215306813	0.0168214347731	0.0290684348882	-0.0399484470243	-0.0160011765449	0.00495118654823	0.00402194108515	-0.0570725579319	-0.00851073989823	0.00393883555869	-0.0176002724936	-0.043860712542	0.0159793102237	-0.0170711996235	-0.00793437409771	-0.00508821007208	-0.0533697077733	-0.0680881632162	-0.0310220091924	0.0154465171679	-0.00220254691139	0.0334474308526	-0.0889286191378	0.0297755424553	-0.0387485063973	0.0253273548877	0.0469548190946	-0.0185695944783	0.0305641707667	-0.0649739002411	-0.0952254940995	0.0393823496072
k__Bacteria;p__Bacteroidetes;c__Bacteroidia;o__Bacteroidales;f__Bacteroidaceae;g__Bacteroides;s__Bacteroides_stercoris	0.0695751622093	-0.0279081031191	-0.0140256814285	0.0559319679782	1.0	-0.00934386554331	0.00283072831376	-0.0229101457364	0.0177467840814	-0.0152221688516	-0.0067548745717	-0.0337969289156	-0.0436373336526	0.00465817597513	0.00819326995077	0.0214090041204	-0.016738946505	-0.0371343888609	-0.0150246704199	0.0124478004152	0.00296705732312	0.0270608375941	-0.00297831990058	0.0350928486602	0.00390541014884	0.00376003280251	0.00402315616478	-0.0453562166616	-0.042964353311	-0.0284735958499	0.0344139360962	0.0258753376176	0.0416938380296	0.0701818895251	-0.0370039515239	-0.0165252894822	-0.0236239906883	0.0415965283965	0.0187339178494	0.035898559637	-0.00301061152823	0.00217112289233	-0.0302294445447	0.0149443738634	0.00360184491697	-0.0811207538797	0.0572598795342	-0.00824949111155	-0.0207814945489	-0.0527048176054	0.0776086876495	0.00517213144486	-0.0387941086986	-0.0717386567751	-0.00333279894358	-0.00647933783515	-0.0523333624891	0.00303089738273	-0.0149803189062
k__Bacteria;p__Bacteroidetes;c__Bacteroidia;o__Bacteroidales;f__Bacteroidaceae;g__Bacteroides;s__Bacteroides_ovatus	0.0034906786541	0.00947846863664	-0.0149375448124	0.00724866146759	-0.00934386554331	1.0	0.0270760119792	0.0232599964558	0.0193787762716	-0.062234305992	-0.0293179074367	0.0314083769026	-0.00736294060686	-0.0124953076334	0.0265358949046	0.0338418655114	-0.0104639575313	-0.00607034709506	-0.0664246852554	-0.00727168673592	0.0230743705786	-0.0221785552573	0.0142921084956	0.0145273112905	-0.00866397163626	0.0182019333327	-0.0378097735817	0.0201497783568	0.0397952043461	0.0493141477975	0.0234415604458	-0.0140714790205	0.0274558379959	0.0572609152896	-0.0155029733881	-0.0359213307483	-0.0569028521297	0.0225073765137	-2.81535608421e-05	0.0632877979817	-0.02671448779	-0.0240354877348	-0.0278540323906	-0.00888012692995	-0.0359610009974	-0.00581725209771	-0.00457115606337	-0.0379563866942	-0.0405898879757	-0.0235438270406	-0.0496517561667	-0.035683558483	-0.0946780412937	-0.0600049839755	0.0254289137766	0.010418400526	0.028843723944	-0.0214578076054	-0.0232059680344
k__Bacteria;p__Bacteroidetes;c__Bacteroidia;o__Bacteroidales;f__Rikenellaceae;g__Alistipes;s__Alistipes_shahii	0.0473350399367	-0.0574282466057	0.0121418138256	-0.0271173512587	0.00283072831376	0.0270760119792	1.0	-0.0424850821029	-0.0147077409508	0.0264493617709	-0.0208159505958	-0.0470775188277	0.0147397253368	0.0201294765206	0.031832680051	0.00652940332268	0.0179292596126	-0.0129448877571	-0.0265800989694	0.0116049280943	0.00563567986942	-0.038654331169	-0.00978624128933	-0.00469804043614	-0.0281424531383	-0.0713499019584	-0.0367100061241	-0.0354049298663	-0.0143894219603	-0.0202781919127	0.0153193172413	-0.0249464162409	0.0335383188418	0.0177789396524	-0.0417167273667	0.0358708892535	-0.0294394541258	-0.00214919842367	-0.0110091219006	-0.0790824432314	0.0128219917606	-0.0219138326883	-0.0612799879272	0.0371383877586	0.0329375458461	-0.0356047386535	-0.00768301287271	-0.00745605763662	0.00244559567857	0.0303833825277	-0.0205719384534	0.0300437604058	-0.0635060985329	0.00216087198695	0.0346990115599	0.0395019805671	-0.049511086789	-0.00328307938104	-0.0133406584775
k__Bacteria;p__Firmicutes;c__Clostridia;o__Clostridiales;f__Ruminococcaceae;g__Faecalibacterium;s__Faecalibacterium_prausnitzii	-0.000855202327073	-0.00719722110325	-0.0666610320095	0.0532741872952	-0.0229101457364	0.0232599964558	-0.0424850821029	1.0	-0.0410691711199	-0.0414066243404	-0.059028273622	-0.0148917216607	-0.00848333644174	0.00162342442294	-0.00378891620097	0.0270620367331	0.031042686837	0.0529854579228	-0.00849057750525	-0.0162143711874	-0.00680175238905	-0.00321116064492	-0.082729624686	0.0171113693226	-0.0399173017139	0.0467996967305	-0.0290690748879	-0.0364436213827	-0.0738053631338	-0.0407629360057	0.0387021721714	-0.0402260797701	-0.0768073999752	0.0829312070307	-0.0124163667226	-0.00265907314948	-0.0259235567783	-0.0111663751965	-0.0429508613217	0.0199578728016	0.00983176763375	0.0136025036435	0.00272451698777	0.0238515900599	-0.063251288354	-0.00102411199265	0.0227218578258	-0.0104129191687	-0.0336778784152	-0.00496513931662	-0.0273225801237	-0.0238380330058	0.0355838435008	0.0218409737651	-0.00986827478228	0.0291062151358	-0.0179116123703	-0.00561340687704	-0.00895281571518
k__Bacteria;p__Bacteroidetes;c__Bacteroidia;o__Bacteroidales;f__Rikenellaceae;g__Alistipes;s__Alistipes_finegoldii	0.0331388787608	0.0315610866092	-0.00165098166996	-0.0182959454191	0.0177467840814	0.0193787762716	-0.0147077409508	-0.0410691711199	1.0	-0.0148318889309	-0.0311196102857	-0.00671909930784	-0.0133879184937	-0.0340745876305	0.0223767367472	0.0107475834331	0.0482894777852	-0.0149622326227	-0.0357410460783	-0.0373982470669	0.00909175286204	-0.0150435708015	0.0582130418902	0.0175980969716	-0.0537453108111	0.0426502136494	0.0148323754065	-0.0265275143477	-0.0279528004466	-0.0235369107255	-0.0126911328799	-0.0497726160214	-0.0432946434189	-0.0305138622244	-0.011662594255	0.022785998552	0.0297364266204	0.0263115716481	-0.00350040231702	0.0032760614745	-0.0236922135865	0.0462530661523	-0.00861184415099	-0.0389535524713	0.0147466017969	-0.0138028078401	0.0285177197088	-0.0307978108747	0.00772385476558	-0.00158394779112	-0.00686087940216	-0.0191413562943	-0.0256693261477	-0.0527818730737	-0.0276818019859	0.00526616173737	0.00411150439722	-0.00313219439944	0.013718497718
k__Bacteria;p__Bacteroidetes;c__Bacteroidia;o__Bacteroidales;f__Porphyromonadaceae;g__Parabacteroides;s__Parabacteroides_distasonis	-0.000244211890561	-0.0344731175553	-0.042648432216	-0.00290956533235	-0.0152221688516	-0.062234305992	0.0264493617709	-0.0414066243404	-0.0148318889309	1.0	0.0101706923574	0.00677711899382	-0.0230896663593	-0.011907303007	-0.0116859147131	-0.0368189474065	0.0230533352161	-0.0160157741156	0.0192989200651	-0.0219750232322	-0.0306304769527	0.000398002207389	-0.0362763329709	-0.0112767214713	0.034155893461	-0.0356906785471	-0.00152954081024	-0.046247315731	-0.0333849056653	0.0230345993848	-0.00888982255133	0.00992048185849	-0.0212144210391	0.00308072980413	-0.0421536931818	0.0446920650693	-0.0233747582985	0.00807505755638	0.0612252090678	-0.0256766299753	-0.00818011998682	0.0370669122141	-0.0238378850677	-0.0165743234266	0.0268136187061	-0.0469260975254	0.0019645346114	-0.0503616916316	-0.0175365013179	-0.0155388456257	-0.003130297714	-0.0114255567726	0.024923928864	-0.0031409673156	-0.0434849140453	-0.0233888889055	-0.092689761733	0.0348001656483	0.00112166186619
k__Bacteria;p__Bacteroidetes;c__Bacteroidia;o__Bacteroidales;f__Bacteroidaceae;g__Bacteroides;s__Bacteroides_thetaiotaomicron	-0.0539762209236	0.01002162909	0.0479039984544	0.00850443484983	-0.0067548745717	-0.0293179074367	-0.0208159505958	-0.059028273622	-0.0311196102857	0.0101706923574	1.0	-0.050680163818	0.0217579488341	0.00460531340862	1.66570750746e-06	0.0434451055818	-0.000836525101595	-0.0125994607188	-0.0709210290436	-0.0025427734521	-0.0702701576127	-0.0385636014836	-0.0524376296345	-0.0336797817518	0.0154780605688	0.0522681095318	-0.015499115127	0.0019037308838	-0.0260628848901	-0.0799906646939	-0.0154511299583	-0.017794468475	-0.027446382633	-0.0331358733219	-0.0251004300457	0.0273168642621	-0.0125368869686	-0.0290576914971	-0.0317367447553	-0.030257202688	0.0256922044821	0.0373254079897	0.0297306986594	0.00888012609964	0.000163927313572	-0.00450954977135	0.0151494933215	-0.0588786875707	0.0188101991779	-0.0458540902072	-0.0166781782123	-0.00476165269865	-0.00599766610176	0.0270319030787	0.0457933093674	0.000515658148746	-0.0213157882268	-0.0393752664746	0.0231816685966
k__Bacteria;p__Bacteroidetes;c__Bacteroidia;o__Bacteroidales;f__Bacteroidaceae;g__Bacteroides;s__Bacteroides_coprocola	-0.0361446651042	0.039628757525	-0.0293267386746	0.00150507382169	-0.0337969289156	0.0314083769026	-0.0470775188277	-0.0148917216607	-0.00671909930784	0.00677711899382	-0.050680163818	1.0	-0.0480818074943	0.0486932803434	0.00107493916362	-0.0442605112923	0.00728977826522	0.0283659818945	0.0103197405282	-0.00140595795389	0.038633069047	0.0105891097045	0.0471916773591	0.0526643372319	-0.0130411555548	0.0160923520766	-0.0305987163358	-0.0152528133366	-0.0416383690717	-0.00777541629541	0.0171285063916	0.0165343860371	0.0504975874446	-0.0204996269703	-0.0241782409074	-0.0100719532049	-0.0355012298106	-0.0689901828814	0.0543572152061	-0.0618195538523	-0.0508158747933	-0.0706133509713	-0.0602842759634	0.0112092157617	-0.0334267588555	0.0162591978627	-0.0255968970112	0.0347622256872	0.00449115561837	0.00720547590967	-0.011147321545	-0.00117013562518	-0.0231612582542	0.0338435068793	-0.0674451018289	-0.0128197466038	0.0403897677296	-0.00975147749491	-0.0200725902724
k__Bacteria;p__Bacteroidetes;c__Bacteroidia;o__Bacteroidales;f__Bacteroidaceae;g__Bacteroides;s__Bacteroides_cellulosilyticus	0.0113971378512	-0.0220752845602	-0.00267088772256	0.00945378098509	-0.0436373336526	-0.00736294060686	0.0147397253368	-0.00848333644174	-0.0133879184937	-0.0230896663593	0.0217579488341	-0.0480818074943	1.0	0.0135985831703	0.0120045267225	-0.0380316119008	0.00885042996366	0.00632633979209	0.0212961762609	0.075456393236	-0.000262988972493	0.000627250517126	0.0355058791915	-0.042252537229	-0.00246761503354	-0.0104146760816	0.0104565822485	-0.0171724675258	0.0102414672642	0.00254056624793	0.00177562838493	0.0232779951166	-0.0300956643041	-0.0130992307034	-0.0249231782091	0.00133502066436	0.00143533489345	-0.0285580764818	-0.0149563865134	-0.0530297076081	-0.0278371299128	-0.0422480133429	0.00180438017041	0.00974892469164	0.00633715468197	-0.0149677494872	-0.0593194878542	0.00972667098229	-0.00506333442658	-0.00539259573587	-0.0866112646225	0.0476856564689	-0.0498846208293	0.0387317624561	0.0241974106611	-0.0167440796173	-0.045382930838	0.0357634556361	0.0236888922687
k__Bacteria;p__Bacteroidetes;c__Bacteroidia;o__Bacteroidales;f__Rikenellaceae;g__Alistipes;s__Alistipes_obesi	-0.0365370259102	-0.0209786997392	0.00669277535488	0.00308227435991	0.00465817597513	-0.0124953076334	0.0201294765206	0.00162342442294	-0.0340745876305	-0.011907303007	0.00460531340862	0.0486932803434	0.0135985831703	1.0	-0.018178242892	-0.0529447510429	-0.0476738956533	-0.0242981013382	-0.0387293833849	-0.0521663684669	-0.0235624613144	0.0319317160709	0.0131129985711	-0.00320992425609	0.0306788932213	-0.0172827541596	-0.0745831772702	0.0435227286181	-0.0122720887757	-0.0052751022573	-0.00121421743772	0.0256431600885	0.00518827774799	0.0294212457803	-0.00400261992906	0.0179549850469	-0.00573374005849	0.0200158915011	0.018373295506	0.0354882979207	0.0450605308402	-0.0530749089435	-0.026722691249	0.0852355674352	-0.0114150107643	-0.0425680368552	-0.0490118361348	0.0208305443553	-0.0455763594539	0.0156635683271	-0.0716339832813	-0.00268883325446	-0.0368781828528	-0.00290512196027	-0.0147919223943	0.0126744951608	-0.00563885276158	-0.0403365936616	0.00980331940607
k__Bacteria;p__Firmicutes;c__Clostridia;o__Clostridiales;f__Lachnospiraceae;g__;s__[Eubacterium]_rectale	-0.0272541916263	-0.0629954273085	0.00765956886209	-0.00602054824585	0.00819326995077	0.0265358949046	0.031832680051	-0.00378891620097	0.0223767367472	-0.0116859147131	1.66570750746e-06	0.00107493916362	0.0120045267225	-0.018178242892	1.0	-0.0222218631505	-0.00813217066582	-0.0146587312657	-0.0437700228102	-0.026802936188	0.012155053303	0.0426568146215	-0.0172133942384	-0.013410178334	-0.0335146554446	0.0141882207081	-0.0217504729535	0.0288011788219	-0.0173194852129	-0.017830506305	-0.00157099715121	0.0152136061088	0.018991161362	-0.0417413935294	0.00740217302438	0.0316144263739	-0.00511119287675	-0.0306583348478	-0.0500887647632	0.00691549568861	0.00127264340183	-0.0240870640194	-0.0270330582662	-0.04278478678	-0.0261469148302	0.0846578298075	0.0283166597471	-0.0178618022369	0.0631807010012	0.0634275188262	-0.058074241949	0.0154397493322	-0.0584702604222	-0.0222554816443	-0.037218875802	-0.0221385569093	-0.0172898703271	-0.0194545874271	-0.0157966514041
k__Bacteria;p__Bacteroidetes;c__Bacteroidia;o__Bacteroidales;f__Bacteroidaceae;g__Bacteroides;s__Bacteroides_plebeius	-0.05665694972	-0.0187980307546	-0.00779256765787	0.0542925410549	0.0214090041204	0.0338418655114	0.00652940332268	0.0270620367331	0.0107475834331	-0.0368189474065	0.0434451055818	-0.0442605112923	-0.0380316119008	-0.0529447510429	-0.0222218631505	1.0	0.0319536891065	0.0334657030627	-0.0151691729838	-0.0146317173745	-0.0793636604691	-0.0780631557128	-0.00598825279461	-0.0312067677162	0.0506267502102	-0.0137757665782	-0.00191331701636	0.0644693646055	-0.0103491922703	-0.0160085823571	-0.00897374638945	0.00532724307143	-0.00115474702576	0.0339932772464	-0.00139532855593	-0.113019629061	-0.0750956975098	0.0534458289184	-0.0214833092437	0.0421449714662	0.0359178138231	0.000353242245445	0.00151643801918	-0.0161893903943	0.0548488489543	-0.00437374642184	0.00259130948592	-0.0418105043227	-0.0110890014794	-0.0588198905149	-0.027971654481	-0.0209235664956	-0.051645660188	-0.0174155304129	-0.0017681874359	0.000682513342015	-0.00360621139094	-0.0155393353832	0.00267244571894
k__Bacteria;p__Bacteroidetes;c__Bacteroidia;o__Bacteroidales;f__Bacteroidaceae;g__Bacteroides;s__Bacteroides_fragilis	-0.00924771565953	0.0142707724757	-0.0618282449545	-0.0101432169874	-0.016738946505	-0.0104639575313	0.0179292596126	0.031042686837	0.0482894777852	0.0230533352161	-0.000836525101595	0.00728977826522	0.00885042996366	-0.0476738956533	-0.00813217066582	0.0319536891065	1.0	-0.0235762558387	0.015717651111	-0.0177698713744	-0.102902933512	0.0058799148693	-0.0109452525176	0.0413846197812	0.00933083910841	-0.0336378003714	-0.0428099193743	0.0173616503644	-0.0167869785866	-0.0507451373888	0.0433574932059	-0.00652314429626	-0.00851760024776	0.0951948592182	-0.00749128025921	-0.0629816204507	0.0611464474949	-0.0390209435504	-0.0669081593094	0.0053628503396	0.0474309547376	-0.023761393647	-0.00469813761962	-0.0411711818617	-0.00303685732133	0.0200728744434	0.00908566099597	0.0696880577849	0.000249376414747	-0.0186635840271	-0.0500604334359	-0.0117141878592	0.0380947448887	-0.0188725462769	0.0107418358411	0.0192962005938	-0.0300664037895	0.0178714061314	-0.044389560082
k__Bacteria;p__Proteobacteria;c__Betaproteobacteria;o__Burkholderiales;f__Sutterellaceae;g__Sutterella;s__Sutterella_wadsworthensis	0.049289651918	-0.0296750942101	-0.00944182631682	-0.0290684984449	-0.0371343888609	-0.00607034709506	-0.0129448877571	0.0529854579228	-0.0149622326227	-0.0160157741156	-0.0125994607188	0.0283659818945	0.00632633979209	-0.0242981013382	-0.0146587312657	0.0334657030627	-0.0235762558387	1.0	0.0619478936922	-0.0104863833399	0.0167585308408	-0.0128098281853	-0.0431902506528	-0.0409098712698	0.0412309310809	0.013842979442	0.0499432731095	0.0098599007058	-0.0200507355883	-0.0359878412155	0.00376805356627	-0.0267361395384	-0.0438061987499	0.0143227761657	-0.0105137617509	-0.0238618162979	0.0370324020554	-0.00518936886551	-0.0194408174075	0.0107396669643	-0.047459827484	-0.0293636610222	-0.0243452935825	-0.0138901391707	-0.0272860344657	-0.0227284429085	-0.0705150609288	0.0208845062817	0.0261140372515	0.0442819158026	-0.0190070533402	-0.0281710461329	0.00648211990426	-0.0502342266271	-0.0371253622543	-0.013166968132	-0.0422130506729	-0.0384624848344	0.0330911524254
k__Bacteria;p__Bacteroidetes;c__Bacteroidia;o__Bacteroidales;f__Porphyromonadaceae;g__Barnesiella;s__Barnesiella_intestinihominis	-0.00573043073295	-0.0357667848796	-0.0342203428512	-0.0572528313138	-0.0150246704199	-0.0664246852554	-0.0265800989694	-0.00849057750525	-0.0357410460783	0.0192989200651	-0.0709210290436	0.0103197405282	0.0212961762609	-0.0387293833849	-0.0437700228102	-0.0151691729838	0.015717651111	0.0619478936922	1.0	-0.0563392458842	0.0184818592097	-0.00734703368295	-0.0158023300713	0.0181532018888	0.0618157181285	-0.0700037351436	-0.0159856052374	0.000121336628644	-0.00414878057649	0.030091633093	-0.0158565939067	0.0451656497007	0.0309290434501	0.000769928680482	-0.0057762130654	0.00991766521914	0.0204427657391	-0.0268676729568	0.0416498682963	0.030603984757	-0.0115946332237	-0.0225663047824	0.00128228917037	-0.0196958280036	-0.0108387747103	-0.0154867900362	0.0141631808197	-0.0485765249264	-0.0276185121008	-0.0213555251027	0.00247992574958	0.00850106485226	0.00885564085851	0.00466544871254	-0.0178166063182	-0.000868165413601	-0.0171401576763	-0.0299977948468	0.0710769105375
k__Bacteria;p__Bacteroidetes;c__Bacteroidia;o__Bacteroidales;f__Odoribacteraceae;g__Odoribacter;s__Odoribacter_splanchnicus	-0.017699049061	0.0312803228779	0.00142536413466	5.1886932774e-05	0.0124478004152	-0.00727168673592	0.0116049280943	-0.0162143711874	-0.0373982470669	-0.0219750232322	-0.0025427734521	-0.00140595795389	0.075456393236	-0.0521663684669	-0.026802936188	-0.0146317173745	-0.0177698713744	-0.0104863833399	-0.0563392458842	1.0	-0.023745363924	-0.0364989220156	-0.0287520059583	-0.0317668195015	-0.00606219515355	-0.0364866220297	0.016662004271	0.00113759164849	0.0359746565835	-0.00116723604408	0.0015053189114	-0.00468512902036	-0.0363407885587	0.0035941528712	-0.0392197700049	-0.0406478587099	-0.0512721595532	-0.0226717691744	-0.0195013995027	-0.0402830815026	-0.0371538459292	-0.0168604276281	0.00208924775779	0.0378232796211	0.00701361477302	0.0633494449333	0.022849536216	0.0212145760669	0.018872898795	0.0550503882939	-0.0113375281236	0.00270478458308	0.0281856515069	-0.00825362781847	-0.0306769045389	-0.000252814317576	-0.0466400296602	-0.0416267539453	-0.0299045985315
k__Bacteria;p__Bacteroidetes;c__Bacteroidia;o__Bacteroidales;f__Bacteroidaceae;g__Bacteroides;s__Bacteroides_salyersiae	-0.070428518959	-0.00362148873378	-0.0226606244655	-0.0104793670613	0.00296705732312	0.0230743705786	0.00563567986942	-0.00680175238905	0.00909175286204	-0.0306304769527	-0.0702701576127	0.038633069047	-0.000262988972493	-0.0235624613144	0.012155053303	-0.0793636604691	-0.102902933512	0.0167585308408	0.0184818592097	-0.023745363924	1.0	-0.0323216964719	-0.0662367116858	-0.0445740480557	0.0558787323218	-0.0241628808187	0.0393890007282	0.000254679086486	-0.0616377849659	0.0288526195117	-0.0331948830069	-0.0322204818834	0.0104248921315	-0.0275820620209	-0.0882622568437	0.0490147039445	0.0299145055731	-0.022977428325	0.0429101142853	-0.00644930192116	0.0202436496245	0.0129213211199	-0.0748352793946	0.0055310654466	0.0555984184464	-0.0132881408458	-0.026250758835	-0.0578108753888	-0.0538009252482	-0.0509814207434	0.0177465764527	-0.0418785600106	0.033897573445	0.0583367974627	0.0834292028851	0.0511044479225	0.0195359427984	-0.00696096118646	0.0365597027035
k__Bacteria;p__Firmicutes;c__Clostridia;o__Clostridiales;f__Ruminococcaceae;g__Ruminiclostridium;s__[Eubacterium]_siraeum	-0.0164011336799	-0.0639494330491	-0.0125070818058	0.0437927333388	0.0270608375941	-0.0221785552573	-0.038654331169	-0.00321116064492	-0.0150435708015	0.00039800220739	-0.0385636014836	0.0105891097045	0.000627250517126	0.0319317160709	0.0426568146215	-0.0780631557128	0.0058799148693	-0.0128098281853	-0.00734703368295	-0.0364989220156	-0.0323216964719	1.0	0.0179432077565	0.0119556740402	0.0075228497521	-0.0466560274833	-0.0663245296366	-0.0196743735833	0.0318259856787	-0.00628777233531	-0.0622589918106	0.0346949367741	-0.0947636906531	-0.00510462787056	-0.0122827984062	-0.0357861019385	-0.0212936080356	-0.00593193716894	-0.00997293763107	0.0166437101896	-0.0130683830853	0.0269040036213	-0.0101744458718	0.048355662013	0.0285282561897	-0.0662065540726	0.015380332768	0.0774520164577	-0.0324076059609	-0.00611826255909	0.033634304531	0.0148118183085	-0.0219059153681	0.0377500764255	-0.0211885337557	-0.0204840321025	0.0780980870461	-0.0487437545844	-0.0747073481064
k__Bacteria;p__Proteobacteria;c__Betaproteobacteria;o__Burkholderiales;f__Sutterellaceae;g__Parasutterella;s__Parasutterella_excrementihominis	-0.0222010716805	-0.0320456089867	-0.0151679047365	-0.0199945380474	-0.00297831990058	0.0142921084956	-0.00978624128933	-0.082729624686	0.0582130418902	-0.0362763329709	-0.0524376296345	0.0471916773591	0.0355058791915	0.0131129985711	-0.0172133942384	-0.00598825279462	-0.0109452525176	-0.0431902506528	-0.0158023300713	-0.0287520059583	-0.0662367116858	0.0179432077565	1.0	-0.0351534003921	-0.036655846678	-0.019429561158	0.024935173278	0.0742840946559	-0.038941093669	0.0123679159069	0.0474822995177	-0.0125059294996	0.0156170597378	-0.0283013690251	0.0374325740815	0.0131953674626	0.0811652960491	0.012927658593	0.00599639061763	0.00227052888302	-0.073711435151	-0.0244027686601	-0.00239365044234	-0.0569721779203	-0.000148511565989	0.00579827225873	-0.0189147347561	0.0342859897614	-0.045372640828	-0.0189338602708	-0.0295602158371	0.0324555851578	-0.0350970784779	-0.031208305558	-0.00593416083632	0.0339039148147	-0.00275436034913	-0.0698765006793	0.0186573823576
k__Bacteria;p__Actinobacteria;c__Actinobacteria;o__Bifidobacteriales;f__Bifidobacteriaceae;g__Bifidobacterium;s__Bifidobacterium_adolescentis	-0.0143508898907	-0.0680412784231	-0.0044181597318	0.00442039528853	0.0350928486602	0.0145273112905	-0.00469804043614	0.0171113693226	0.0175980969716	-0.0112767214713	-0.0336797817518	0.0526643372319	-0.042252537229	-0.00320992425609	-0.013410178334	-0.0312067677162	0.0413846197812	-0.0409098712698	0.0181532018888	-0.0317668195015	-0.0445740480557	0.0119556740402	-0.0351534003921	1.0	0.0240074129179	-0.00773689472566	0.0161163850136	0.01048930771	-0.0282120646805	-0.0398698757684	0.0543505240235	-0.0102175589745	0.0130507636685	0.0255493681757	-0.0148540120573	0.060914828094	-0.0534562641954	-0.0503163666325	-0.00792890969032	-0.0337890152385	-0.0287424014203	-0.00256911151614	-0.0209777858282	0.0328774864418	-0.0301222414241	0.0235162216422	-0.00159610132394	-0.0279810461955	0.0448836824026	-0.0491277190769	-0.000626585460845	-0.00715596587538	0.00377713228703	-0.0400083038303	-0.00286058321437	0.00826002964357	-0.0285996507965	-0.0275805460412	0.0255435640672
k__Bacteria;p__Firmicutes;c__Clostridia;o__Clostridiales;f__Oscillospiraceae;g__Oscillibacter;s__Oscillibacter_sp._KLE_1745	-0.014346544128	0.0383298192199	0.0400590913567	0.0717629855286	0.00390541014884	-0.00866397163626	-0.0281424531382	-0.0399173017139	-0.0537453108111	0.034155893461	0.0154780605688	-0.0130411555548	-0.00246761503354	0.0306788932213	-0.0335146554446	0.0506267502102	0.00933083910841	0.0412309310809	0.0618157181285	-0.00606219515355	0.0558787323218	0.0075228497521	-0.036655846678	0.0240074129179	1.0	-0.0416656210915	-0.0266248269384	-0.0206727700252	-0.00751715754343	-0.0459741285232	-0.0140350486479	-0.0513441219108	0.0115796198195	0.0310386115983	-0.0536007652993	0.0296009799332	-0.0102249720829	-0.0101181419264	0.00151096167506	-0.00568183344185	0.0093987025676	-0.011025384192	0.0228584328444	-0.0176269730853	-0.0166094367201	-0.0260877073073	-0.0355737488718	-0.0756746167763	0.0323478887895	-0.0416767906802	-0.0424033432673	0.0130415913982	0.000245250123867	-0.0142242393795	0.0291920517992	-0.0393857602821	-0.049800429711	0.0442548357268	-0.0240290060918
k__Bacteria;p__Bacteroidetes;c__Bacteroidia;o__Bacteroidales;f__Bacteroidaceae;g__Bacteroides;s__Bacteroides_coprophilus	0.000696930442691	-0.0282195519425	-0.0420016176453	-0.0565127199	0.00376003280251	0.0182019333327	-0.0713499019584	0.0467996967305	0.0426502136494	-0.0356906785471	0.0522681095318	0.0160923520766	-0.0104146760816	-0.0172827541596	0.0141882207081	-0.0137757665782	-0.0336378003714	0.013842979442	-0.0700037351436	-0.0364866220297	-0.0241628808187	-0.0466560274833	-0.019429561158	-0.00773689472566	-0.0416656210915	1.0	-0.0766452039392	0.00912759983851	-0.00930464382586	0.00242273115878	0.0426763852095	0.0177098819591	0.0156293091265	-0.0655088290693	0.0489451523215	0.0521597797974	-0.0292650315952	0.0352386428402	-0.0203550366361	-0.0408515188304	-0.0250733181799	-0.0147474595726	-0.0397510777645	-0.0280971095825	0.0438291463489	0.0293772260492	0.0156404653714	0.0215577341204	0.0688342539949	0.028231923544	0.00586473105884	-0.00996532210074	0.0216117064948	-0.0429886015455	0.000432385479122	-0.0201742900622	-0.0251526526016	-0.0252988556392	-0.00566567424124
k__Bacteria;p__Firmicutes;c__Clostridia;o__Clostridiales;f__Lachnospiraceae;g__Roseburia;s__Roseburia_intestinalis	0.0163308369488	0.023809237987	-0.00751415712153	-0.0627110399464	0.00402315616479	-0.0378097735817	-0.0367100061241	-0.0290690748879	0.0148323754065	-0.00152954081024	-0.015499115127	-0.0305987163358	0.0104565822485	-0.0745831772702	-0.0217504729535	-0.00191331701636	-0.0428099193743	0.0499432731095	-0.0159856052374	0.016662004271	0.0393890007282	-0.0663245296366	0.024935173278	0.0161163850136	-0.0266248269384	-0.0766452039392	1.0	0.0162230588536	0.0340596331612	-0.0237499305029	-0.0398551226987	-0.0554319984523	-0.031096392625	0.00324549566705	0.0675991833477	-0.05193515603	0.0119491136182	0.0121943259699	0.070832078317	-0.0530165388459	0.0246621289244	0.0639213222127	-0.0444066381759	0.0236226021494	0.0154280954499	-0.0498127008795	-0.011504416942	0.0126579405353	-0.0448330935854	-0.0216099272733	0.0144915865823	-0.0380751597376	0.0517877619315	-0.0494496261142	-0.0385825911644	0.0231729916817	-0.00640165524554	-0.0324175958606	0.00778205668366
k__Bacteria;p__Firmicutes;c__Clostridia;o__Clostridiales;f__Lachnospiraceae;g__Roseburia;s__Roseburia_hominis	0.0153969360582	-0.0247632386607	0.0129537431851	-0.00331215306813	-0.0453562166616	0.0201497783568	-0.0354049298663	-0.0364436213827	-0.0265275143477	-0.046247315731	0.0019037308838	-0.0152528133366	-0.0171724675258	0.0435227286181	0.0288011788219	0.0644693646055	0.0173616503644	0.0098599007058	0.000121336628644	0.00113759164849	0.000254679086486	-0.0196743735833	0.0742840946559	0.01048930771	-0.0206727700252	0.00912759983851	0.0162230588536	1.0	-0.0408819526248	0.0280208996991	-0.0502759829654	0.0116020932408	0.000477109815666	-0.0172996862919	-0.0308020285261	-0.00833601107531	-0.0217116937414	0.0200062005153	-0.0354541010419	0.0632154277117	0.0115175041772	-0.0339733833359	0.0271826790475	0.0200501432961	0.00293579484873	-0.00356916527655	-0.038527105392	0.0100674485168	0.0235178628198	-0.050253533444	-0.0203084774843	0.0447910556353	-0.00898509412807	-0.00262134959188	0.0228136151895	-0.0169937616331	0.027535391459	-0.014413228117	-0.0069108478106
k__Bacteria;p__Bacteroidetes;c__Bacteroidia;o__Bacteroidales;f__Porphyromonadaceae;g__Parabacteroides;s__Parabacteroides_johnsonii	-0.00534859798575	0.00303338917508	-0.000395590714624	0.0168214347731	-0.042964353311	0.0397952043461	-0.0143894219603	-0.0738053631338	-0.0279528004466	-0.0333849056653	-0.0260628848901	-0.0416383690717	0.0102414672642	-0.0122720887757	-0.0173194852129	-0.0103491922703	-0.0167869785866	-0.0200507355883	-0.00414878057649	0.0359746565835	-0.0616377849659	0.0318259856787	-0.038941093669	-0.0282120646805	-0.00751715754343	-0.00930464382586	0.0340596331612	-0.0408819526248	1.0	-0.073453897177	-0.0179196879198	-0.0538809119015	0.0136008465631	-0.0233621042021	0.0653359195952	0.00108989871164	-0.0035534134096	-0.0262311354957	-0.0120157802349	-0.0551985929055	0.0190964882658	-0.0140732968402	0.00841819304071	-0.0236501345045	-0.0125912075255	-0.0156692503354	0.0198933329992	0.0136758932907	0.0117031397272	-0.0312584487951	-0.0932068210555	-0.00982204122031	-0.0119399746172	-0.0395168851776	-0.0504680511516	0.00680045734667	0.000781309971331	0.00104098252544	-0.0241903876904
k__Bacteria;p__Actinobacteria;c__Actinobacteria;o__Bifidobacteriales;f__Bifidobacteriaceae;g__Bifidobacterium;s__Bifidobacterium_longum	0.0434323438924	0.0286866935462	0.00161327984914	0.0290684348882	-0.0284735958499	0.0493141477975	-0.0202781919127	-0.0407629360057	-0.0235369107255	0.0230345993848	-0.0799906646939	-0.00777541629541	0.00254056624793	-0.0052751022573	-0.017830506305	-0.0160085823571	-0.0507451373888	-0.0359878412155	0.030091633093	-0.00116723604408	0.0288526195117	-0.00628777233531	0.0123679159069	-0.0398698757684	-0.0459741285232	0.00242273115878	-0.0237499305029	0.0280208996991	-0.073453897177	1.0	-0.0167473527652	0.00121893661821	-0.00380428864334	-0.0118948567928	0.0200163404651	-0.0203630132326	0.0118479389743	0.0377582478647	-0.00473417716866	0.0348340826356	-0.0117346877936	-0.0183822859841	-0.0411455729064	0.00503246574739	-0.0203598646455	0.0116924631778	0.00698400409304	0.0339794081348	-0.0172739916936	-0.087685516768	-0.000423326705793	-0.0158777075778	-0.0347605090487	-0.0689775545826	-0.0272704372463	0.00430449173104	-0.0136658837786	0.0170148173982	0.0883973219186
