#taxonomy	k__Bacteria;p__Bacteroidetes;c__Bacteroidia;o__Bacteroidales;f__Bacteroidaceae;g__Bacteroides;s__Bacteroides_vulgatus	k__Bacteria;p__Bacteroidetes;c__Bacteroidia;o__Bacteroidales;f__Bacteroidaceae;g__Bacteroides;s__Bacteroides_uniformis	k__Bacteria;p__Bacteroidetes;c__Bacteroidia;o__Bacteroidales;f__Rikenellaceae;g__Alistipes;s__Alistipes_putredinis	k__Bacteria;p__Bacteroidetes;c__Bacteroidia;o__Bacteroidales;f__Prevotellaceae;g__Prevotella;s__Prevotella_copri	k__Bacteria;p__Bacteroidetes;c__Bacteroidia;o__Bacteroidales;f__Bacteroidaceae;g__Bacteroides;s__Bacteroides_stercoris	k__Bacteria;p__Bacteroidetes;c__Bacteroidia;o__Bacteroidales;f__Bacteroidaceae;g__Bacteroides;s__Bacteroides_ovatus	k__Bacteria;p__Bacteroidetes;c__Bacteroidia;o__Bacteroidales;f__Rikenellaceae;g__Alistipes;s__Alistipes_shahii	k__Bacteria;p__Firmicutes;c__Clostridia;o__Clostridiales;f__Ruminococcaceae;g__Faecalibacterium;s__Faecalibacterium_prausnitzii	k__Bacteria;p__Bacteroidetes;c__Bacteroidia;o__Bacteroidales;f__Rikenellaceae;g__Alistipes;s__Alistipes_finegoldii	k__Bacteria;p__Bacteroidetes;c__Bacteroidia;o__Bacteroidales;f__Porphyromonadaceae;g__Parabacteroides;s__Parabacteroides_distasonis	k__Bacteria;p__Bacteroidetes;c__Bacteroidia;o__Bacteroidales;f__Bacteroidaceae;g__Bacteroides;s__Bacteroides_thetaiotaomicron	k__Bacteria;p__Bacteroidetes;c__Bacteroidia;o__Bacteroidales;f__Bacteroidaceae;g__Bacteroides;s__Bacteroides_coprocola	k__Bacteria;p__Bacteroidetes;c__Bacteroidia;o__Bacteroidales;f__Bacteroidaceae;g__Bacteroides;s__Bacteroides_cellulosilyticus	k__Bacteria;p__Bacteroidetes;c__Bacteroidia;o__Bacteroidales;f__Rikenellaceae;g__Alistipes;s__Alistipes_obesi	k__Bacteria;p__Firmicutes;c__Clostridia;o__Clostridiales;f__Lachnospiraceae;g__;s__[Eubacterium]_rectale	k__Bacteria;p__Bacteroidetes;c__Bacteroidia;o__Bacteroidales;f__Bacteroidaceae;g__Bacteroides;s__Bacteroides_plebeius	k__Bacteria;p__Bacteroidetes;c__Bacteroidia;o__Bacteroidales;f__Bacteroidaceae;g__Bacteroides;s__Bacteroides_fragilis	k__Bacteria;p__Proteobacteria;c__Betaproteobacteria;o__Burkholderiales;f__Sutterellaceae;g__Sutterella;s__Sutterella_wadsworthensis	k__Bacteria;p__Bacteroidetes;c__Bacteroidia;o__Bacteroidales;f__Porphyromonadaceae;g__Barnesiella;s__Barnesiella_intestinihominis	k__Bacteria;p__Bacteroidetes;c__Bacteroidia;o__Bacteroidales;f__Odoribacteraceae;g__Odoribacter;s__Odoribacter_splanchnicus	k__Bacteria;p__Bacteroidetes;c__Bacteroidia;o__Bacteroidales;f__Bacteroidaceae;g__Bacteroides;s__Bacteroides_salyersiae	k__Bacteria;p__Firmicutes;c__Clostridia;o__Clostridiales;f__Ruminococcaceae;g__Ruminiclostridium;s__[Eubacterium]_siraeum	k__Bacteria;p__Proteobacteria;c__Betaproteobacteria;o__Burkholderiales;f__Sutterellaceae;g__Parasutterella;s__Parasutterella_excrementihominis	k__Bacteria;p__Actinobacteria;c__Actinobacteria;o__Bifidobacteriales;f__Bifidobacteriaceae;g__Bifidobacterium;s__Bifidobacterium_adolescentis	k__Bacteria;p__Firmicutes;c__Clostridia;o__Clostridiales;f__Oscillospiraceae;g__Oscillibacter;s__Oscillibacter_sp._KLE_1745	k__Bacteria;p__Bacteroidetes;c__Bacteroidia;o__Bacteroidales;f__Bacteroidaceae;g__Bacteroides;s__Bacteroides_coprophilus	k__Bacteria;p__Firmicutes;c__Clostridia;o__Clostridiales;f__Lachnospiraceae;g__Roseburia;s__Roseburia_intestinalis	k__Bacteria;p__Firmicutes;c__Clostridia;o__Clostridiales;f__Lachnospiraceae;g__Roseburia;s__Roseburia_hominis	k__Bacteria;p__Bacteroidetes;c__Bacteroidia;o__Bacteroidales;f__Porphyromonadaceae;g__Parabacteroides;s__Parabacteroides_johnsonii	k__Bacteria;p__Actinobacteria;c__Actinobacteria;o__Bifidobacteriales;f__Bifidobacteriaceae;g__Bifidobacterium;s__Bifidobacterium_longum	k__Bacteria;p__Firmicutes;c__Clostridia;o__Clostridiales;f__;g__Flavonifractor;s__Flavonifractor_plautii	k__Bacteria;p__Firmicutes;c__Clostridia;o__Clostridiales;f__Clostridiaceae;g__Clostridium;s__Clostridium_phoceensis	k__Bacteria;p__Verrucomicrobia;c__Verrucomicrobiae;o__Verrucomicrobiales;f__Akkermansiaceae;g__Akkermansia;s__Akkermansia_muciniphila	k__Bacteria;p__Bacteroidetes;c__Bacteroidia;o__Bacteroidales;f__Prevotellaceae;g__Paraprevotella;s__Paraprevotella_xylaniphila	k__Bacteria;p__Firmicutes;c__Clostridia;o__Clostridiales;f__Ruminococcaceae;g__Ruminococcus;s__Ruminococcus_callidus	k__Bacteria;p__Bacteroidetes;c__Bacteroidia;o__Bacteroidales;f__Rikenellaceae;g__Alistipes;s__Alistipes_senegalensis	k__Bacteria;p__Firmicutes;c__Clostridia;o__Clostridiales;f__Lachnospiraceae;g__Blautia;s__Blautia_sp._KLE_1732	k__Bacteria;p__Bacteroidetes;c__Bacteroidia;o__Bacteroidales;f__Bacteroidaceae;g__Bacteroides;s__Bacteroides_oleiciplenus	k__Bacteria;p__Firmicutes;c__Clostridia;o__Clostridiales;f__Ruminococcaceae;g__Ruminococcus;s__Ruminococcus_bicirculans	k__Bacteria;p__Bacteroidetes;c__Bacteroidia;o__Bacteroidales;f__Bacteroidaceae;g__Bacteroides;s__Bacteroides_fluxus	k__Bacteria;p__Bacteroidetes;c__Bacteroidia;o__Bacteroidales;f__Prevotellaceae;g__Prevotella;s__Prevotella_stercorea	k__Bacteria;p__Firmicutes;c__Clostridia;o__Clostridiales;f__Lachnospiraceae;g__Dorea;s__Dorea_longicatena	k__Bacteria;p__Firmicutes;c__Clostridia;o__Clostridiales;f__Eubacteriaceae;g__Eubacterium;s__[Eubacterium]_eligens	k__Bacteria;p__Firmicutes;c__Clostridia;o__Clostridiales;f__Ruminococcaceae;g__;s__Ruminococcaceae_bacterium_D16	k__Bacteria;p__Firmicutes;c__Clostridia;o__Clostridiales;f__Lachnospiraceae;g__Coprococcus;s__Coprococcus_comes	k__Bacteria;p__Proteobacteria;c__Gammaproteobacteria;o__Enterobacterales;f__Enterobacteriaceae;g__Escherichia;s__Escherichia_coli	k__Bacteria;p__Firmicutes;c__Clostridia;o__Clostridiales;f__Ruminococcaceae;g__Anaerotruncus;s__Anaerotruncus_colihominis	k__Bacteria;p__Firmicutes;c__Clostridia;o__Clostridiales;f__Lachnospiraceae;g__Blautia;s__Blautia_obeum	k__Bacteria;p__Bacteroidetes;c__Bacteroidia;o__Bacteroidales;f__Odoribacteraceae;g__Odoribacter;s__Odoribacter_laneus	k__Bacteria;p__Firmicutes;c__Clostridia;o__Clostridiales;f__Ruminococcaceae;g__Ruminiclostridium;s__[Clostridium]_leptum	k__Bacteria;p__Bacteroidetes;c__Bacteroidia;o__Bacteroidales;f__Porphyromonadaceae;g__Parabacteroides;s__Parabacteroides_goldsteinii	k__Bacteria;p__Firmicutes;c__Clostridia;o__Clostridiales;f__Lachnospiraceae;g__Anaerostipes;s__Anaerostipes_hadrus	k__Bacteria;p__Firmicutes;c__Clostridia;o__Clostridiales;f__Ruminococcaceae;g__Ruminococcus;s__Ruminococcus_lactaris	k__Bacteria;p__Firmicutes;c__Clostridia;o__Clostridiales;f__Clostridiaceae;g__Clostridium;s__Clostridium_sp._L2-50	k__Bacteria;p__Firmicutes;c__Clostridia;o__Clostridiales;f__Clostridiaceae;g__Clostridium;s__Clostridium_sp._M62/1	k__Bacteria;p__Firmicutes;c__Clostridia;o__Clostridiales;f__;g__Intestinimonas;s__Intestinimonas_butyriciproducens	k__Bacteria;p__Actinobacteria;c__Actinobacteria;o__Bifidobacteriales;f__Bifidobacteriaceae;g__Bifidobacterium;s__Bifidobacterium_bifidum	k__Bacteria;p__Firmicutes;c__Negativicutes;o__Veillonellales;f__Veillonellaceae;g__Dialister;s__Dialister_invisus	k__Bacteria;p__Bacteroidetes;c__Bacteroidia;o__Bacteroidales;f__Bacteroidaceae;g__Bacteroides;s__Bacteroides_salanitronis
k__Bacteria;p__Bacteroidetes;c__Bacteroidia;o__Bacteroidales;f__Bacteroidaceae;g__Bacteroides;s__Bacteroides_vulgatus	1.0	0.0359661881155	0.0198267747269	0.0173141574147	0.0185025172672	0.0278301628898	-0.037162456537	0.00543872158658	-0.00803323755978	0.00866547059127	-0.0194303279163	-0.0089310762379	-0.0204965577145	-0.0350030432541	-0.0399494614129	-0.0140145801955	-0.0192239336839	0.0139539520758	-0.0295522856793	0.0151288890291	-0.051563354659	0.0407340764452	-0.0143137755393	0.0273653685692	-0.074342275062	0.00389142957197	-0.034311359683	-0.0246698105203	-0.00658077828989	-0.0101667680779	-0.0324883735918	-0.0652447270362	0.0330281620681	0.0414345362763	-0.0321890109771	0.0586572896735	-0.00550895416213	-0.00265502170692	0.0010248130651	0.0133015516806	-0.0540972654247	0.0780179863587	0.000195458160384	-0.0037561674191	0.00911739779198	-0.0325482001058	0.0141815788307	0.0289088685944	-0.0489717217032	-0.0183004784115	-0.0298025157516	-0.0202705863304	-0.0424010271251	-0.0228819564872	-0.00418393673797	0.0146137993313	-0.00764635125679	-0.00779104418438	-0.0534619977187
k__Bacteria;p__Bacteroidetes;c__Bacteroidia;o__Bacteroidales;f__Bacteroidaceae;g__Bacteroides;s__Bacteroides_uniformis	0.0359661881155	1.0	-0.0213405568568	7.10637374909e-06	-0.00588045645462	0.0261059803831	-0.0315384270739	-0.102536746991	-0.0326938309367	0.0129319906768	0.0443510769724	0.0116873271896	-0.01810930906	-0.0115132491558	-0.0338704939295	0.0173484163339	-0.024215364257	-0.0159310602738	-0.004404719307	0.0338358295411	0.00564505775279	0.0164118334459	0.00801306922237	0.0239424609936	-0.0114053114464	0.0169846043628	0.0391166530279	-0.00165346337852	0.0134130250474	-0.0185316064818	-0.0503742172947	-0.0263826148678	-0.0239608795081	0.0292784882555	0.0747169429748	-0.00819149217112	0.0894495559263	-0.00388531868759	0.031017193895	0.0308003481368	-0.028297834204	-0.0589362927965	-0.0149958129905	-0.0139135524817	0.0453974437753	-0.012365296614	0.0153753244906	-0.0304425190492	-0.0170617260587	0.0155062170614	-0.00457594543356	-0.0635498794132	-0.0126152828106	0.0382522482342	-0.0243606808618	-0.00857378541512	0.0444357498066	-0.0443272728578	-0.0264998699346
k__Bacteria;p__Bacteroidetes;c__Bacteroidia;o__Bacteroidales;f__Rikenellaceae;g__Alistipes;s__Alistipes_putredinis	0.0198267747269	-0.0213405568568	1.0	-0.0277921671615	-0.00635861022271	0.0335969777331	-0.00703541305006	0.0217425291166	-0.0271252382696	-0.0248726764624	-0.0113315191299	0.00079475230331	-0.037799479233	-0.010806734563	-0.0506896360349	-0.0231313259953	-0.0139948691389	0.0171087234923	-0.0154212128727	-0.0557206960012	0.0284993135925	0.00857720186182	-0.0899754748797	-0.00584102163347	-0.00245910759292	0.0304671520846	-0.056960819733	-0.0128889171168	-0.0143387520422	0.00748784506325	0.0348661981966	0.00222976234004	-0.000834295702225	-0.0446506813941	0.00965667138267	-0.062013269174	-0.0211666486381	-0.0290548537989	-0.0044740942186	-0.0105330311761	-0.0582323154094	0.00974947609306	-0.0249579710412	-0.0559964271289	-0.0355534943098	0.0224219454867	0.0102535756471	0.0509318724439	0.0435931325372	-0.013275643363	0.00231611052308	-0.0394534972467	-0.0483633316015	-0.048486285623	-0.0539140113123	0.0293259122698	-0.000780316710437	-0.0616274035247	0.00681936693393
k__Bacteria;p__Bacteroidetes;c__Bacteroidia;o__Bacteroidales;f__Prevotellaceae;g__Prevotella;s__Prevotella_copri	0.0173141574147	7.10637374909e-06	-0.0277921671615	1.0	0.0208020747781	0.0891404375917	0.0119351760232	-0.00877553751773	-0.0112895838238	-0.0392860937808	-0.00897016256052	-0.01056233457	0.0369557968563	0.0180584051833	-0.0308450527752	-0.0453616965757	-0.0971692700971	-0.0220547149119	-0.0192181194447	-0.0129347684612	-0.0162238285893	-0.0516226220325	-0.0213978888793	-0.00547933258534	-0.0162909402084	0.0273762005711	-0.049758471168	-0.0287857263128	-0.0100460050451	-0.0455983491286	-0.01304098611	-0.0156852804291	-0.0150631307902	-0.0190232867787	-0.033994376373	-0.00246504313158	0.00799908558678	0.0185217676672	-0.00113386763357	-0.0144116645593	0.0145352857924	0.0363471333351	-0.023241641399	-0.0327962391924	-0.0388663644035	0.0116124134246	-0.00747681875061	-0.0050042706041	0.0259340647519	-0.00938521004667	0.000207211603593	-0.0137182210221	0.0132022321938	-0.00920765836036	-0.0284044551168	0.000659672545221	0.0414292005856	0.0145627399723	-0.000637856943232
k__Bacteria;p__Bacteroidetes;c__Bacteroidia;o__Bacteroidales;f__Bacteroidaceae;g__Bacteroides;s__Bacteroides_stercoris	0.0185025172672	-0.00588045645462	-0.00635861022271	0.0208020747781	1.0	-0.0433425171425	-0.0385441809424	-0.0158751423551	-0.034007171908	-0.0469281577166	-0.0572792639294	-0.0261726099276	0.000109492139599	-0.0256925216723	-0.00075779664355	0.00991766849837	-0.0126978346236	-0.00932777476751	-0.0189066894526	0.0344998481256	0.0508871215074	-0.00274547087188	0.00216093444157	-0.0158725715737	-0.022393515899	0.0212467934384	0.0245573566016	0.0201399008505	0.025362966209	-0.0228686056025	-0.00832772183327	-0.0218447784497	-0.0151603446003	0.0692951679458	0.0255776958169	0.0432890935117	-0.00373768773577	0.0170960591197	-0.0159071620556	0.0265446841704	-0.0674884386541	-0.00617496674182	0.0133278368894	-0.00904454325592	-0.0422265166182	0.00884780839823	-0.0411509044111	-0.0376212169192	0.0388337999451	0.0162141823803	-0.0786644572501	-0.0376647712553	0.0440011396808	-0.00229591806072	-0.0158897397727	0.0221140465181	0.0339737882228	0.00117747076743	-0.00786361237129
k__Bacteria;p__Bacteroidetes;c__Bacteroidia;o__Bacteroidales;f__Bacteroidaceae;g__Bacteroides;s__Bacteroides_ovatus	0.0278301628898	0.0261059803831	0.0335969777331	0.0891404375917	-0.0433425171425	1.0	-0.0249650419389	0.00196270964348	-0.0223641485335	0.0590990779426	-0.0124417666197	-0.018233314433	-0.00613557909039	-0.0113641132633	0.0289337685734	0.0551199842994	-0.0246739751058	-0.0470771984523	-0.0211854752205	0.0245372036077	-0.0382223023723	-0.0274613490755	-0.0700324664761	-0.0227823179978	0.00120379131051	0.0414939714507	-0.0300850882544	-0.0583111799668	-0.0342798883456	0.018632730754	-0.0258695409038	-0.0396200070678	-0.0291720889134	-0.0519402366896	0.045459907441	-0.00564299611934	-0.0462658305424	-0.0792792206111	-0.0112155956914	-0.027186866245	0.0382829454487	-0.0107813226173	-0.0126550249092	0.00769074006618	0.0636986844404	-0.025858598547	-0.0317806689617	0.0513393295002	-0.00858369731077	-0.0162329192996	-0.0474464501435	-0.0116784061958	-0.00592067454401	-0.00585424236981	-0.0164281063618	0.0391236865927	0.0159284891251	-0.00745518889261	-0.0542464554625
k__Bacteria;p__Bacteroidetes;c__Bacteroidia;o__Bacteroidales;f__Rikenellaceae;g__Alistipes;s__Alistipes_shahii	-0.037162456537	-0.0315384270739	-0.00703541305006	0.0119351760232	-0.0385441809424	-0.0249650419389	1.0	0.0208002946642	-0.0165530361319	-0.0399869671541	-0.00428002639618	0.00913679072856	-0.020570824923	-0.0423463955112	0.0147056194257	-0.0837712162346	0.0247752206758	0.00372639936974	0.0336315532188	0.014959018171	-0.01071451786	0.0310139210895	-0.0685635315322	0.00431723353891	0.0497546180478	0.0169772639369	-0.0600834378292	-0.0383580362655	-0.0273488524135	-0.0282176394709	-0.00971475741591	-0.00489217662907	-0.0152150311347	-0.0540073568416	0.00908867341597	0.0135237193758	-0.0681268038542	0.0113342929174	0.0398157697335	0.0586623290082	0.00381118012592	-0.0445323955936	0.0062434423015	-0.0584481734812	0.0447607152303	-0.00648858463644	-0.0126011198686	-0.00939888420558	0.0301987556191	-0.016125060501	0.0100516057508	-0.0298231450891	0.0127805796009	0.00804443404014	0.0108370976632	0.0440887379051	-0.0159471159507	0.0256003882413	-0.0334097378119
k__Bacteria;p__Firmicutes;c__Clostridia;o__Clostridiales;f__Ruminococcaceae;g__Faecalibacterium;s__Faecalibacterium_prausnitzii	0.00543872158658	-0.102536746991	0.0217425291166	-0.00877553751773	-0.0158751423551	0.00196270964348	0.0208002946642	1.0	-0.0204986637633	-0.0485642249607	-0.0824799857734	-0.0474716996438	-0.030467997604	-0.0127729890952	0.00942389692758	-0.0506922626265	-0.0148993478199	0.0361724349474	-0.0309538983687	0.0585007970907	-0.0750811309941	-0.0179132453461	0.002002129587	0.078500839697	0.0284524487765	-0.0192793923309	-0.0602435016072	0.0185661778482	-0.0184578053869	0.0753328953314	-0.0391355118187	-0.00567221048847	0.0225487438654	-0.0221073938266	-0.0261734554037	-0.0167003880116	-0.0700631343431	0.077800034777	-0.00903749660918	0.0269432577594	-0.023697456801	-0.00589853608923	0.0162889117878	0.00870540910311	0.00461504403282	0.0143898462012	-0.0127051644858	0.0724579864268	-0.0419077630113	0.0490369417561	0.0184820656411	0.0448788409267	0.0242075903866	-0.0326262011125	-0.00644657720426	-0.0266885766531	0.00668992867039	-0.0438700009395	-0.0865208790131
k__Bacteria;p__Bacteroidetes;c__Bacteroidia;o__Bacteroidales;f__Rikenellaceae;g__Alistipes;s__Alistipes_finegoldii	-0.00803323755979	-0.0326938309367	-0.0271252382696	-0.0112895838238	-0.034007171908	-0.0223641485335	-0.0165530361319	-0.0204986637633	1.0	0.0212375621675	0.031214669442	0.00809389446326	-0.0571799009313	0.0177837815657	0.0738565796192	0.0168173336691	-0.00206059071308	0.00861951432435	-0.00726327093365	-0.0013358116649	-0.0250261798575	0.0301512517022	-0.0173166341224	0.0738843767835	-0.00590114472074	0.0594675242304	0.0261869204464	-0.0351625370653	-0.0169324012608	-0.0422300309675	-0.0664136820403	0.0262467544013	0.0300448398475	0.0361943661698	0.00817384761894	-0.0067157437983	0.0413642034217	-0.0611659867596	-0.0733384784294	0.00801714755066	0.0742747409821	0.000292386740726	-0.0365822073896	-0.013132494662	0.0337393929354	0.0117042104204	-0.0379686722666	-0.0244644728512	-0.0477681634229	0.0474155664451	-0.0267133667272	-0.0309407403147	0.0498670921622	-0.0567300894602	-0.0975518892601	-0.0291541095707	-0.020104719599	-0.0624726728461	-0.0339066061076
k__Bacteria;p__Bacteroidetes;c__Bacteroidia;o__Bacteroidales;f__Porphyromonadaceae;g__Parabacteroides;s__Parabacteroides_distasonis	0.00866547059127	0.0129319906768	-0.0248726764624	-0.0392860937808	-0.0469281577166	0.0590990779426	-0.0399869671541	-0.0485642249607	0.0212375621675	1.0	0.00157786706219	-0.000154572080263	-0.0303555391594	0.0142788510264	-0.0240557163624	0.0580270840219	-0.0441910882776	-0.00461842934235	-0.0335414403388	-0.0570966583655	-0.00302057159926	0.00769448746195	0.00650228778073	-0.00656655985172	-0.0155235110965	0.0477429676814	-0.0253283314353	-0.00547807048233	0.00760646176209	-0.0199218590849	-0.0342240736295	-0.0306559448803	-0.0422131871758	-0.0339378911217	0.0179507234788	-0.0270529902843	0.0235880718196	-0.0417222776032	0.0142760521542	-0.0246200753159	0.0178769431646	-0.0177698799142	-0.0334634863293	-0.0156621037266	-0.00400369713072	-0.0347817494274	-0.0128133680943	0.0432727240877	0.05508232382	-0.0151488512199	0.00835399926328	-0.000168303968829	-0.0122237977531	-0.0356005121564	-0.0241967556958	-0.00360214116804	0.0834483111419	-0.0144635873398	0.0637658645957
k__Bacteria;p__Bacteroidetes;c__Bacteroidia;o__Bacteroidales;f__Bacteroidaceae;g__Bacteroides;s__Bacteroides_thetaiotaomicron	-0.0194303279163	0.0443510769724	-0.0113315191299	-0.00897016256052	-0.0572792639294	-0.0124417666197	-0.00428002639618	-0.0824799857734	0.031214669442	0.00157786706219	1.0	0.00669844344532	-0.0271952080283	-0.0546670470985	-0.00190939442512	-0.0219841316543	-0.0154286164501	-0.00494762647587	0.0218321663115	-0.0362347786564	0.000915200890198	-0.0453954389209	0.035558171787	0.0631477663601	-0.00251522285726	-0.0242865456378	-0.00042778990919	0.022113983299	0.0295868716673	-0.0235021951136	0.00505873583139	-0.0466697258202	-0.00414188976022	0.011486641129	-0.0406933911435	-0.00649512574839	0.0118865039668	-0.0454528439702	0.0346465045561	0.00147630307309	0.00012423420144	-0.0376755112985	5.82699650127e-05	0.0503906557562	0.0107172510817	0.0105923801741	0.0532297433031	-0.00185199025945	0.00630429406896	0.00333577250824	0.0110120193092	0.00907649355356	-0.000873098369399	0.0225234169602	0.00043980874998	0.0113768212313	0.0450077685123	-0.00332232390826	0.0409600089151
k__Bacteria;p__Bacteroidetes;c__Bacteroidia;o__Bacteroidales;f__Bacteroidaceae;g__Bacteroides;s__Bacteroides_coprocola	-0.0089310762379	0.0116873271896	0.00079475230331	-0.01056233457	-0.0261726099276	-0.018233314433	0.00913679072856	-0.0474716996438	0.00809389446326	-0.000154572080263	0.00669844344532	1.0	-0.00802043455413	0.0137252560836	-0.000901646412484	-0.0296466639531	-0.048452713711	-0.0117062701466	0.0167841768165	-0.0118922649448	-0.0292962052901	0.00544014557012	-0.0301491480944	-0.009462947538	-0.0509543738618	-0.0284032917212	0.0304961546037	-0.0343753391128	-0.0120204031062	-0.0354263829446	0.00963991522762	-0.0110649110984	-0.0205948847178	0.00697115886572	-0.0381513096418	0.00308011957218	-0.00247120058026	0.0871257795455	0.0149556210064	-0.0218758978659	-0.0384809241346	0.0523940032279	-0.0216399764983	-0.0322243310181	0.0188834345424	-0.0139976681687	-0.0502570553346	-0.0341952422298	0.021277291143	0.00598857857883	-0.023132390338	-0.0199388011907	-0.0486342547672	-0.0628184694148	0.0150574353936	-0.000618901883739	-0.0213754140619	-0.0483620165787	-0.0548491975002
k__Bacteria;p__Bacteroidetes;c__Bacteroidia;o__Bacteroidales;f__Bacteroidaceae;g__Bacteroides;s__Bacteroides_cellulosilyticus	-0.0204965577145	-0.01810930906	-0.037799479233	0.0369557968563	0.000109492139599	-0.00613557909038	-0.020570824923	-0.030467997604	-0.0571799009313	-0.0303555391594	-0.0271952080283	-0.00802043455413	1.0	-0.0206667289776	0.00814914476234	-0.0159541316089	0.0604113853498	0.0356606836534	0.0304411255941	-0.0108153372773	-0.0118272052268	-0.0586850402769	-0.0195315226065	-0.0138097324232	-0.0115067661402	-0.0164027082675	-0.0603202555142	0.0256499004297	-0.014530869471	-0.0155630288534	0.0518913162533	0.0488394465361	0.0488049476228	-0.0309025607101	-0.0831565920082	-0.0221142987624	-0.0148311827881	-0.0449012956909	-0.0494277666972	-0.00507156507099	-0.0237927482809	0.0226448374345	-0.00631622365127	-0.017906877632	0.0330794041153	0.0529028004644	-0.0500742409541	-0.0283198709824	0.0029759530012	-0.000786815904429	-0.030399638864	0.0235241883964	0.0132060250908	0.0263409643972	0.0159975666676	0.0333282685105	0.0436024538009	0.00985305870102	0.0636156523362
k__Bacteria;p__Bacteroidetes;c__Bacteroidia;o__Bacteroidales;f__Rikenellaceae;g__Alistipes;s__Alistipes_obesi	-0.0350030432541	-0.0115132491558	-0.010806734563	0.0180584051833	-0.0256925216723	-0.0113641132633	-0.0423463955112	-0.0127729890952	0.0177837815657	0.0142788510264	-0.0546670470985	0.0137252560836	-0.0206667289776	1.0	-0.0230132751171	-0.0206212957337	0.00764074030702	-0.0555789986045	0.0471621614837	-0.0551595208135	-0.0298210329487	0.0401060169471	-0.042067313698	-0.010577441246	0.013488077864	0.0960146190925	-0.00415756940662	-0.0201005802784	0.00369708884477	-0.0682430685976	0.0169504856365	-0.0096955660359	-0.00478566884067	-0.0158816672436	-0.00982413856327	-0.0323182871492	0.0373557608653	0.0313694719683	-0.0242550471719	0.0227611342755	-0.0603782416112	-0.0546625457738	-0.0431565281811	0.0263632377418	-0.0242912170063	-0.0344032511514	-0.0230634361147	0.0310333109266	0.016953338202	-0.040211781782	-0.00796859572096	0.0136688111773	0.00232089296061	0.00664925901839	-0.0261972248739	-0.0467027100366	0.00215258482675	-0.00550580147983	0.0177288298969
k__Bacteria;p__Firmicutes;c__Clostridia;o__Clostridiales;f__Lachnospiraceae;g__;s__[Eubacterium]_rectale	-0.0399494614129	-0.0338704939295	-0.0506896360349	-0.0308450527752	-0.00075779664355	0.0289337685734	0.0147056194257	0.00942389692758	0.0738565796192	-0.0240557163624	-0.00190939442512	-0.000901646412484	0.00814914476234	-0.0230132751171	1.0	-0.0687174216745	0.0527394496699	0.0264722584863	-0.0589770178263	0.00723316386209	-0.0324149044707	-0.0425489620678	-0.00243240705248	0.0106064663522	0.0851977273638	-0.0276997277859	0.0244270347527	0.030708979923	-0.00487296803553	0.0110174173239	-0.0295335629415	-0.0583092517069	0.00377286680009	0.00392213930532	0.0402191514028	0.0112068810524	0.0392916207802	0.00188328764055	-0.0290299595921	-0.0567265728753	-0.0172418019018	-0.0266469796979	0.0440169003576	-0.0305005864463	0.0111294463001	-0.0252724554637	0.00141805224681	-0.0191088990801	-0.0122141482032	-0.0338965203314	-0.0370125857304	-0.0199614211247	0.00108115204114	-0.00132984559606	0.0261755762313	-0.0872357171908	-0.0380217821316	-0.0251736096372	0.00853426762772
k__Bacteria;p__Bacteroidetes;c__Bacteroidia;o__Bacteroidales;f__Bacteroidaceae;g__Bacteroides;s__Bacteroides_plebeius	-0.0140145801955	0.0173484163339	-0.0231313259953	-0.0453616965757	0.00991766849837	0.0551199842994	-0.0837712162346	-0.0506922626265	0.0168173336691	0.0580270840219	-0.0219841316543	-0.0296466639531	-0.0159541316089	-0.0206212957337	-0.0687174216745	1.0	-0.0186788584016	0.0446310756079	-0.0771147599808	-0.0670827245768	-0.0898795708562	0.0297899441535	0.04991121253	0.00389877878424	0.00517746385018	-0.0451137512738	-0.0333813865374	-0.00739518969817	-0.00366971744623	0.00182142558565	0.00350607006176	-0.00026283227917	0.0161578902483	-0.0180503697278	0.00766918022617	-0.00847784500529	-0.00318484175822	0.0300730864331	0.0277303617338	0.0213990885671	-0.0197095461097	-0.0196067755237	0.0205908653378	0.00155342902683	-0.0362212908717	-0.00968103688389	0.0268020425722	-0.0429588734258	-0.00640954236481	-0.0199261637079	-0.0251779462664	-0.0149871796592	-0.00712178242241	-0.0447958761607	-0.0299172394592	-0.0361658419954	-0.00968984089924	-0.0428895865269	0.0191473264659
k__Bacteria;p__Bacteroidetes;c__Bacteroidia;o__Bacteroidales;f__Bacteroidaceae;g__Bacteroides;s__Bacteroides_fragilis	-0.0192239336839	-0.024215364257	-0.0139948691389	-0.0971692700971	-0.0126978346236	-0.0246739751058	0.0247752206758	-0.0148993478199	-0.00206059071308	-0.0441910882776	-0.0154286164501	-0.048452713711	0.0604113853498	0.00764074030702	0.0527394496699	-0.0186788584016	1.0	-0.0242120887644	-0.0570034629039	0.00611509679751	-0.00175675189108	-0.0766644811729	0.0142273143055	-0.0367410290334	0.0498197084933	-0.0854739137765	-0.0279154173568	0.00784156405161	0.031375779793	0.0136531887516	0.027173728967	0.00949845072144	0.0218986749851	0.0344157728769	-0.015532301567	0.0283133912978	-0.0392951500556	-0.0621160956284	0.0100415228741	0.044474626098	0.0467693409585	0.00519585335857	0.0201014454907	-0.00425761528535	-0.0565060833923	-0.0248065081112	0.0378169298801	0.0400663098515	0.00648206810097	0.0613176231187	-0.0130988671428	-0.00690899712311	-0.0573264278878	-0.069705519623	-0.0224365193943	-0.0122401175659	-0.0884363952287	-0.00940241249336	-0.0228745590623
k__Bacteria;p__Proteobacteria;c__Betaproteobacteria;o__Burkholderiales;f__Sutterellaceae;g__Sutterella;s__Sutterella_wadsworthensis	0.0139539520758	-0.0159310602738	0.0171087234923	-0.0220547149119	-0.00932777476751	-0.0470771984523	0.00372639936974	0.0361724349474	0.00861951432435	-0.00461842934235	-0.00494762647587	-0.0117062701466	0.0356606836534	-0.0555789986045	0.0264722584863	0.0446310756079	-0.0242120887644	1.0	0.0485687947358	-0.00291904828958	-0.055108516359	0.044228636303	0.0240824863674	0.0319803238114	-0.0429836618253	0.00424146405104	-0.013089958809	0.00949676817512	-0.030012985947	-0.00800787064988	-0.0355817170798	-0.00923580142708	-0.0527657636584	0.0188577740727	-0.00714413511192	0.00453947430662	0.0222696026506	0.0128869752827	-0.0392636297807	-0.045204250383	-0.0166255351288	-0.0323374967339	0.0101835667464	0.044348284286	0.0635737825123	-0.0639995103268	-0.0492337723637	0.00701258669777	-0.0645599810818	-0.0223274066062	0.0609910148429	-0.0258691740518	-0.0438739713459	-0.0178631510796	-0.0302388512477	0.0499375871899	-0.0242773403724	-0.0266512486971	0.00363096844449
k__Bacteria;p__Bacteroidetes;c__Bacteroidia;o__Bacteroidales;f__Porphyromonadaceae;g__Barnesiella;s__Barnesiella_intestinihominis	-0.0295522856793	-0.004404719307	-0.0154212128727	-0.0192181194447	-0.0189066894526	-0.0211854752205	0.0336315532188	-0.0309538983687	-0.00726327093365	-0.0335414403388	0.0218321663115	0.0167841768165	0.0304411255941	0.0471621614837	-0.0589770178263	-0.0771147599808	-0.0570034629039	0.0485687947358	1.0	-0.0408125789332	-0.010457274895	-0.0198104225189	0.0366546009329	0.0110386548065	0.000846032424792	-0.0208849842058	0.0234915013733	0.0023443673138	0.00224593140125	-0.0462425000083	0.0193548520398	-0.0103913120031	-0.0148076060462	-0.0432768354537	-0.0185709556154	-0.0491602134197	0.0143946272234	0.039435759939	0.0173375006035	0.0128580233322	-0.000704034590804	0.024914032115	0.0183413082173	0.0299770777057	-0.0691931910651	0.0176930663445	-0.0294729811191	-0.026741788991	-0.046048941516	0.0375665496754	-0.00680490964387	0.045850028034	0.0213100020599	0.032690435434	0.0630714795894	-0.0442144952875	0.0483165969471	0.0337345036365	-0.0340381373154
k__Bacteria;p__Bacteroidetes;c__Bacteroidia;o__Bacteroidales;f__Odoribacteraceae;g__Odoribacter;s__Odoribacter_splanchnicus	0.0151288890291	0.0338358295411	-0.0557206960012	-0.0129347684612	0.0344998481256	0.0245372036077	0.014959018171	0.0585007970907	-0.0013358116649	-0.0570966583655	-0.0362347786564	-0.0118922649448	-0.0108153372773	-0.0551595208135	0.00723316386209	-0.0670827245768	0.00611509679751	-0.00291904828958	-0.0408125789332	1.0	0.0084738891796	-0.0303555410737	-0.022717689601	-0.0111938580684	-0.00786146049026	-0.0305448499438	0.00607992466098	-0.0203491217896	-0.022682240717	0.0062767367642	-0.0197993324452	-0.00445921482068	-0.0209299797743	-0.0185617808176	0.0430867577992	0.00559930096259	-0.00322342655089	-0.0435374397824	0.0370416736667	0.014502531626	-0.00630356033127	-0.009913262623	0.00153163659578	-0.00760748385807	-0.00224156033202	-0.0202933825721	0.0039231807316	-0.00360253808014	-0.00430737714462	0.0348676694112	0.0744466964699	-0.0314874342778	-0.037008716638	0.000387718447949	0.0475868072536	-0.0178959547617	-0.0215535723307	-0.00988086262798	-0.0323554728852
k__Bacteria;p__Bacteroidetes;c__Bacteroidia;o__Bacteroidales;f__Bacteroidaceae;g__Bacteroides;s__Bacteroides_salyersiae	-0.051563354659	0.00564505775279	0.0284993135925	-0.0162238285893	0.0508871215074	-0.0382223023723	-0.01071451786	-0.0750811309941	-0.0250261798575	-0.00302057159926	0.000915200890198	-0.0292962052901	-0.0118272052268	-0.0298210329487	-0.0324149044707	-0.0898795708562	-0.00175675189108	-0.055108516359	-0.010457274895	0.0084738891796	1.0	-0.0119006849809	-0.00375998136032	-0.00298167544261	0.0190152741378	0.00202668134614	0.0503977837916	-0.00772751090618	-0.0114762999303	-0.0292451155552	-0.00673443573701	-0.0891115240231	-0.0297886883894	0.06009619526	-0.0224770174767	0.0234638945115	0.00792229244343	-0.00578214672607	0.0380872438311	-0.00817145876989	0.0318239479651	0.0242957226719	-0.0113992136224	0.00568355549169	-0.0191562475652	0.0165030252854	-0.0547916928397	-0.0663265907526	0.0203842376043	-0.000638110187943	0.047738290466	-0.049507261792	0.0165046717514	-0.0203127123998	0.0213850080918	0.0378370932567	-0.0127689068898	0.00514579762991	0.0589356014103
k__Bacteria;p__Firmicutes;c__Clostridia;o__Clostridiales;f__Ruminococcaceae;g__Ruminiclostridium;s__[Eubacterium]_siraeum	0.0407340764452	0.0164118334459	0.00857720186182	-0.0516226220325	-0.00274547087188	-0.0274613490755	0.0310139210895	-0.0179132453461	0.0301512517022	0.00769448746195	-0.0453954389209	0.00544014557012	-0.0586850402769	0.0401060169471	-0.0425489620678	0.0297899441535	-0.0766644811729	0.044228636303	-0.0198104225189	-0.0303555410737	-0.0119006849809	1.0	0.00869443935473	-0.0154283422266	-0.0150534675963	0.0970988414968	-0.0267625141497	-0.0412476843374	-0.0512799702226	0.0187100604193	0.0257748598898	-0.000870851556242	0.0108310597187	-0.0410641407496	0.00970089979218	-0.0212272406108	-0.0608553411768	-0.0205192457809	0.0209451505049	-0.0428673207663	-0.014925060479	0.0018975297756	0.0071620654761	-0.0720270167793	0.0322936372289	-0.0194416639326	-0.0185030832621	-0.00726546221038	0.0376521699474	-0.0321074205453	0.0172196994096	0.0497225749918	0.0199031050141	0.00529809549427	-0.0532211022238	0.0153428918243	-0.0305013209259	-0.00801243305166	-0.0344714404106
k__Bacteria;p__Proteobacteria;c__Betaproteobacteria;o__Burkholderiales;f__Sutterellaceae;g__Parasutterella;s__Parasutterella_excrementihominis	-0.0143137755393	0.00801306922237	-0.0899754748797	-0.0213978888793	0.00216093444157	-0.0700324664761	-0.0685635315322	0.002002129587	-0.0173166341224	0.00650228778073	0.035558171787	-0.0301491480944	-0.0195315226065	-0.042067313698	-0.00243240705248	0.04991121253	0.0142273143055	0.0240824863674	0.0366546009329	-0.022717689601	-0.00375998136032	0.00869443935473	1.0	0.0450705492788	-0.00116383304697	0.0239514795297	-0.0180239716293	0.0252738526419	-0.0283131796178	-0.040863892496	0.0303234749621	0.0200807574552	-0.00679798029745	0.0966802018705	0.019612705475	-0.0374216875495	-0.0671759948383	0.0178335363026	0.0165017104257	-0.0249612198485	-0.0313570973296	-0.08117758272	0.00733707710279	0.0187813685457	-0.0137459379869	-0.0569931622523	0.0106542684482	-0.0493930946032	-0.0161343635084	-0.0163079061833	0.0174041737347	0.0273114025968	-0.0334594523986	-0.0153196495116	0.0109081546583	-0.0174103200807	-0.0189125395076	0.0190382312625	-0.00885212029335
k__Bacteria;p__Actinobacteria;c__Actinobacteria;o__Bifidobacteriales;f__Bifidobacteriaceae;g__Bifidobacterium;s__Bifidobacterium_adolescentis	0.0273653685692	0.0239424609936	-0.00584102163347	-0.00547933258534	-0.0158725715737	-0.0227823179978	0.00431723353891	0.078500839697	0.0738843767835	-0.00656655985172	0.0631477663601	-0.009462947538	-0.0138097324232	-0.010577441246	0.0106064663522	0.00389877878424	-0.0367410290334	0.0319803238114	0.0110386548065	-0.0111938580684	-0.00298167544261	-0.0154283422266	0.0450705492788	1.0	0.0180378353446	0.0116142856336	0.0362383174178	-0.0316279909775	0.0133875564361	-0.0440657416511	0.0102834564148	-0.0109698840202	-0.0385488496527	-0.00419654243404	0.0604422984759	-0.0313286018557	-0.030243689733	-0.000495231664923	0.0070105025788	-0.111833897086	-0.0212395587887	-0.0264040229201	-0.0154289088228	0.0343587009397	-0.0307330145119	-0.0226361189367	-0.0386949599576	0.0242480993551	0.0238032790442	-0.0150349022298	0.0356110034626	-0.0411633131851	0.0168857894296	-0.0270342383865	0.0469068848558	-0.0488613503855	-0.00682841407563	0.0105676092834	-0.049290650408
k__Bacteria;p__Firmicutes;c__Clostridia;o__Clostridiales;f__Oscillospiraceae;g__Oscillibacter;s__Oscillibacter_sp._KLE_1745	-0.074342275062	-0.0114053114464	-0.00245910759292	-0.0162909402084	-0.022393515899	0.00120379131051	0.0497546180478	0.0284524487765	-0.00590114472074	-0.0155235110965	-0.00251522285726	-0.0509543738618	-0.0115067661402	0.013488077864	0.0851977273638	0.00517746385017	0.0498197084933	-0.0429836618253	0.000846032424792	-0.00786146049026	0.0190152741378	-0.0150534675963	-0.00116383304697	0.0180378353446	1.0	0.0432069264186	0.0580765363978	-0.0448244773934	-0.0456355126057	0.0382005585006	-0.0688514644845	-0.000548864953342	-0.0219320929423	-0.00121657337828	-0.0499711315621	-0.0236758349133	-0.00887092349486	-0.0621995491641	-0.022236389266	-0.013600906022	0.0219618884785	-0.0543392565088	0.00328558655448	-0.071668520837	-0.04364591836	-0.00927089751288	0.049635829283	0.00355252082954	-0.00459662961037	-0.0134402415716	-0.0222872712287	-0.0173993186098	-0.0371846037607	0.00152251020324	-0.0242763438187	-0.0389273625387	-0.024751335128	-0.0186652415551	-0.00977505193591
k__Bacteria;p__Bacteroidetes;c__Bacteroidia;o__Bacteroidales;f__Bacteroidaceae;g__Bacteroides;s__Bacteroides_coprophilus	0.00389142957197	0.0169846043628	0.0304671520846	0.0273762005711	0.0212467934384	0.0414939714507	0.0169772639369	-0.0192793923309	0.0594675242304	0.0477429676814	-0.0242865456378	-0.0284032917212	-0.0164027082675	0.0960146190925	-0.0276997277859	-0.0451137512738	-0.0854739137765	0.00424146405104	-0.0208849842058	-0.0305448499438	0.00202668134614	0.0970988414968	0.0239514795297	0.0116142856336	0.0432069264186	1.0	0.0173794854669	-0.0484241511991	-0.00516419820458	-0.00600526029897	-0.0145943532638	-0.00288963704454	-0.0351893057974	-0.0334989342036	-0.0484903508324	-0.0101986104908	-0.0630294353358	0.0132632843809	-0.0247251872275	0.0383386392453	-0.035565056703	-0.0324694054538	-0.0110510031102	-0.0478784427924	-0.00615205646814	-0.0192751594921	-0.0105310954442	-0.0457460615202	-0.0324808879394	-0.0589509892695	-0.00551436725345	-0.0767665200565	-0.023771966815	0.0167571391986	-0.0391139943147	-0.0189636583338	-0.0693677188471	0.0171587343995	-0.0237144532818
k__Bacteria;p__Firmicutes;c__Clostridia;o__Clostridiales;f__Lachnospiraceae;g__Roseburia;s__Roseburia_intestinalis	-0.034311359683	0.0391166530279	-0.056960819733	-0.049758471168	0.0245573566016	-0.0300850882544	-0.0600834378292	-0.0602435016072	0.0261869204464	-0.0253283314353	-0.00042778990919	0.0304961546037	-0.0603202555142	-0.00415756940662	0.0244270347527	-0.0333813865374	-0.0279154173568	-0.013089958809	0.0234915013733	0.00607992466098	0.0503977837916	-0.0267625141497	-0.0180239716293	0.0362383174178	0.0580765363978	0.0173794854669	1.0	-0.0750720378866	0.0167268506769	-0.0271914518328	-0.043962664805	-0.0289609463287	0.00195162231239	-0.0236848815307	-0.0127952489686	0.0196050303981	-0.0428177618683	-0.00409237313313	0.00912213220232	-0.0552794676815	-0.0361363234668	0.00496415360782	0.0453424090538	0.0256121904463	0.0127516858379	-0.0100931988784	-0.00906025191373	0.00703996499654	0.00309971455959	0.0416668156582	-0.00769024133063	0.00672342344771	0.00575360201362	-0.0248549157131	0.018643805193	-0.00301601532961	0.0220508447533	-0.0529907095567	-0.0375333033212
k__Bacteria;p__Firmicutes;c__Clostridia;o__Clostridiales;f__Lachnospiraceae;g__Roseburia;s__Roseburia_hominis	-0.0246698105203	-0.00165346337852	-0.0128889171168	-0.0287857263128	0.0201399008505	-0.0583111799668	-0.0383580362655	0.0185661778482	-0.0351625370653	-0.00547807048233	0.022113983299	-0.0343753391128	0.0256499004297	-0.0201005802784	0.030708979923	-0.00739518969817	0.00784156405161	0.00949676817512	0.0023443673138	-0.0203491217896	-0.00772751090618	-0.0412476843374	0.0252738526419	-0.0316279909775	-0.0448244773934	-0.0484241511991	-0.0750720378866	1.0	0.0132967891955	-0.0175157183024	0.0199898883775	-0.0112637118846	-0.0207075048511	0.0397479212468	0.00305715560742	0.017760314512	0.0342515399135	-0.000946491484219	-0.0560939925347	0.0324179857026	-0.0428652908354	0.0227187021417	0.0454319356881	-0.00442827827211	-0.026009750722	-0.0734835356967	-0.0217498600004	0.00755820793579	-0.0546534066096	0.0702529481913	0.0463435173149	-0.0261627298894	0.0196695607046	-0.0863887785919	0.0227908908806	-0.00414628376758	0.036214032984	-0.0361701461882	-0.0236821420617
k__Bacteria;p__Bacteroidetes;c__Bacteroidia;o__Bacteroidales;f__Porphyromonadaceae;g__Parabacteroides;s__Parabacteroides_johnsonii	-0.00658077828989	0.0134130250474	-0.0143387520422	-0.0100460050451	0.025362966209	-0.0342798883456	-0.0273488524135	-0.0184578053869	-0.0169324012608	0.00760646176209	0.0295868716673	-0.0120204031062	-0.014530869471	0.00369708884477	-0.00487296803553	-0.00366971744623	0.031375779793	-0.030012985947	0.00224593140125	-0.022682240717	-0.0114762999303	-0.0512799702226	-0.0283131796178	0.0133875564361	-0.0456355126057	-0.00516419820458	0.0167268506769	0.0132967891955	1.0	-0.0525421014977	0.0262166082134	0.0233809544434	-0.00167044752602	0.0617660168809	-0.0077232900953	0.0509666521694	-0.00349325840459	-0.0648235485211	0.0474502952689	0.0276405721468	0.05422646664	0.0192418162284	-0.0318170475382	-0.0107308532018	-0.01521613682	-0.0357927438971	0.00434308532699	-0.0173586449092	-0.0323591199416	0.0335509709943	-0.0164383661225	-0.0290570296843	0.0186507989817	-0.0100812177975	0.0385069905313	-0.0279967530765	-0.0256232440546	-0.0427978203728	0.00730106695391
k__Bacteria;p__Actinobacteria;c__Actinobacteria;o__Bifidobacteriales;f__Bifidobacteriaceae;g__Bifidobacterium;s__Bifidobacterium_longum	-0.0101667680779	-0.0185316064818	0.00748784506325	-0.0455983491286	-0.0228686056025	0.018632730754	-0.0282176394709	0.0753328953314	-0.0422300309675	-0.0199218590849	-0.0235021951136	-0.0354263829446	-0.0155630288534	-0.0682430685976	0.0110174173239	0.00182142558565	0.0136531887516	-0.00800787064988	-0.0462425000083	0.0062767367642	-0.0292451155552	0.0187100604193	-0.040863892496	-0.0440657416511	0.0382005585006	-0.00600526029897	-0.0271914518328	-0.0175157183024	-0.0525421014977	1.0	-0.0134933303911	-0.0291537334932	0.0133511401748	0.0250524171243	-0.017693976169	0.0238081636234	0.0115248414378	0.00298245755294	0.00644999376063	0.0207751131973	-0.00657674428808	-0.0268597390737	-0.0112490139949	-0.0635619922036	0.00388221204625	-0.0484030147401	0.0190290031524	0.0150208019099	-0.0347162081119	-0.0537845485839	0.0307591105818	0.0280651319712	0.00103725230091	-0.0308520036289	-0.00224469300727	-0.020253525928	-0.0590288624757	-0.0326058131295	-0.0287748847487
