#taxonomy	k__Bacteria;p__Bacteroidetes;c__Bacteroidia;o__Bacteroidales;f__Bacteroidaceae;g__Bacteroides;s__Bacteroides_vulgatus	k__Bacteria;p__Bacteroidetes;c__Bacteroidia;o__Bacteroidales;f__Bacteroidaceae;g__Bacteroides;s__Bacteroides_uniformis	k__Bacteria;p__Bacteroidetes;c__Bacteroidia;o__Bacteroidales;f__Rikenellaceae;g__Alistipes;s__Alistipes_putredinis	k__Bacteria;p__Bacteroidetes;c__Bacteroidia;o__Bacteroidales;f__Prevotellaceae;g__Prevotella;s__Prevotella_copri	k__Bacteria;p__Bacteroidetes;c__Bacteroidia;o__Bacteroidales;f__Bacteroidaceae;g__Bacteroides;s__Bacteroides_stercoris	k__Bacteria;p__Bacteroidetes;c__Bacteroidia;o__Bacteroidales;f__Bacteroidaceae;g__Bacteroides;s__Bacteroides_ovatus	k__Bacteria;p__Bacteroidetes;c__Bacteroidia;o__Bacteroidales;f__Rikenellaceae;g__Alistipes;s__Alistipes_shahii	k__Bacteria;p__Firmicutes;c__Clostridia;o__Clostridiales;f__Ruminococcaceae;g__Faecalibacterium;s__Faecalibacterium_prausnitzii	k__Bacteria;p__Bacteroidetes;c__Bacteroidia;o__Bacteroidales;f__Rikenellaceae;g__Alistipes;s__Alistipes_finegoldii	k__Bacteria;p__Bacteroidetes;c__Bacteroidia;o__Bacteroidales;f__Porphyromonadaceae;g__Parabacteroides;s__Parabacteroides_distasonis	k__Bacteria;p__Bacteroidetes;c__Bacteroidia;o__Bacteroidales;f__Bacteroidaceae;g__Bacteroides;s__Bacteroides_thetaiotaomicron	k__Bacteria;p__Bacteroidetes;c__Bacteroidia;o__Bacteroidales;f__Bacteroidaceae;g__Bacteroides;s__Bacteroides_coprocola	k__Bacteria;p__Bacteroidetes;c__Bacteroidia;o__Bacteroidales;f__Bacteroidaceae;g__Bacteroides;s__Bacteroides_cellulosilyticus	k__Bacteria;p__Bacteroidetes;c__Bacteroidia;o__Bacteroidales;f__Rikenellaceae;g__Alistipes;s__Alistipes_obesi	k__Bacteria;p__Firmicutes;c__Clostridia;o__Clostridiales;f__Lachnospiraceae;g__;s__[Eubacterium]_rectale	k__Bacteria;p__Bacteroidetes;c__Bacteroidia;o__Bacteroidales;f__Bacteroidaceae;g__Bacteroides;s__Bacteroides_plebeius	k__Bacteria;p__Bacteroidetes;c__Bacteroidia;o__Bacteroidales;f__Bacteroidaceae;g__Bacteroides;s__Bacteroides_fragilis	k__Bacteria;p__Proteobacteria;c__Betaproteobacteria;o__Burkholderiales;f__Sutterellaceae;g__Sutterella;s__Sutterella_wadsworthensis	k__Bacteria;p__Bacteroidetes;c__Bacteroidia;o__Bacteroidales;f__Porphyromonadaceae;g__Barnesiella;s__Barnesiella_intestinihominis	k__Bacteria;p__Bacteroidetes;c__Bacteroidia;o__Bacteroidales;f__Odoribacteraceae;g__Odoribacter;s__Odoribacter_splanchnicus	k__Bacteria;p__Bacteroidetes;c__Bacteroidia;o__Bacteroidales;f__Bacteroidaceae;g__Bacteroides;s__Bacteroides_salyersiae	k__Bacteria;p__Firmicutes;c__Clostridia;o__Clostridiales;f__Ruminococcaceae;g__Ruminiclostridium;s__[Eubacterium]_siraeum	k__Bacteria;p__Proteobacteria;c__Betaproteobacteria;o__Burkholderiales;f__Sutterellaceae;g__Parasutterella;s__Parasutterella_excrementihominis	k__Bacteria;p__Actinobacteria;c__Actinobacteria;o__Bifidobacteriales;f__Bifidobacteriaceae;g__Bifidobacterium;s__Bifidobacterium_adolescentis	k__Bacteria;p__Firmicutes;c__Clostridia;o__Clostridiales;f__Oscillospiraceae;g__Oscillibacter;s__Oscillibacter_sp._KLE_1745	k__Bacteria;p__Bacteroidetes;c__Bacteroidia;o__Bacteroidales;f__Bacteroidaceae;g__Bacteroides;s__Bacteroides_coprophilus	k__Bacteria;p__Firmicutes;c__Clostridia;o__Clostridiales;f__Lachnospiraceae;g__Roseburia;s__Roseburia_intestinalis	k__Bacteria;p__Firmicutes;c__Clostridia;o__Clostridiales;f__Lachnospiraceae;g__Roseburia;s__Roseburia_hominis	k__Bacteria;p__Bacteroidetes;c__Bacteroidia;o__Bacteroidales;f__Porphyromonadaceae;g__Parabacteroides;s__Parabacteroides_johnsonii	k__Bacteria;p__Actinobacteria;c__Actinobacteria;o__Bifidobacteriales;f__Bifidobacteriaceae;g__Bifidobacterium;s__Bifidobacterium_longum	k__Bacteria;p__Firmicutes;c__Clostridia;o__Clostridiales;f__;g__Flavonifractor;s__Flavonifractor_plautii	k__Bacteria;p__Firmicutes;c__Clostridia;o__Clostridiales;f__Clostridiaceae;g__Clostridium;s__Clostridium_phoceensis	k__Bacteria;p__Verrucomicrobia;c__Verrucomicrobiae;o__Verrucomicrobiales;f__Akkermansiaceae;g__Akkermansia;s__Akkermansia_muciniphila	k__Bacteria;p__Bacteroidetes;c__Bacteroidia;o__Bacteroidales;f__Prevotellaceae;g__Paraprevotella;s__Paraprevotella_xylaniphila	k__Bacteria;p__Firmicutes;c__Clostridia;o__Clostridiales;f__Ruminococcaceae;g__Ruminococcus;s__Ruminococcus_callidus	k__Bacteria;p__Bacteroidetes;c__Bacteroidia;o__Bacteroidales;f__Rikenellaceae;g__Alistipes;s__Alistipes_senegalensis	k__Bacteria;p__Firmicutes;c__Clostridia;o__Clostridiales;f__Lachnospiraceae;g__Blautia;s__Blautia_sp._KLE_1732	k__Bacteria;p__Bacteroidetes;c__Bacteroidia;o__Bacteroidales;f__Bacteroidaceae;g__Bacteroides;s__Bacteroides_oleiciplenus	k__Bacteria;p__Firmicutes;c__Clostridia;o__Clostridiales;f__Ruminococcaceae;g__Ruminococcus;s__Ruminococcus_bicirculans	k__Bacteria;p__Bacteroidetes;c__Bacteroidia;o__Bacteroidales;f__Bacteroidaceae;g__Bacteroides;s__Bacteroides_fluxus	k__Bacteria;p__Bacteroidetes;c__Bacteroidia;o__Bacteroidales;f__Prevotellaceae;g__Prevotella;s__Prevotella_stercorea	k__Bacteria;p__Firmicutes;c__Clostridia;o__Clostridiales;f__Lachnospiraceae;g__Dorea;s__Dorea_longicatena	k__Bacteria;p__Firmicutes;c__Clostridia;o__Clostridiales;f__Eubacteriaceae;g__Eubacterium;s__[Eubacterium]_eligens	k__Bacteria;p__Firmicutes;c__Clostridia;o__Clostridiales;f__Ruminococcaceae;g__;s__Ruminococcaceae_bacterium_D16	k__Bacteria;p__Firmicutes;c__Clostridia;o__Clostridiales;f__Lachnospiraceae;g__Coprococcus;s__Coprococcus_comes	k__Bacteria;p__Proteobacteria;c__Gammaproteobacteria;o__Enterobacterales;f__Enterobacteriaceae;g__Escherichia;s__Escherichia_coli	k__Bacteria;p__Firmicutes;c__Clostridia;o__Clostridiales;f__Ruminococcaceae;g__Anaerotruncus;s__Anaerotruncus_colihominis	k__Bacteria;p__Firmicutes;c__Clostridia;o__Clostridiales;f__Lachnospiraceae;g__Blautia;s__Blautia_obeum	k__Bacteria;p__Bacteroidetes;c__Bacteroidia;o__Bacteroidales;f__Odoribacteraceae;g__Odoribacter;s__Odoribacter_laneus	k__Bacteria;p__Firmicutes;c__Clostridia;o__Clostridiales;f__Ruminococcaceae;g__Ruminiclostridium;s__[Clostridium]_leptum	k__Bacteria;p__Bacteroidetes;c__Bacteroidia;o__Bacteroidales;f__Porphyromonadaceae;g__Parabacteroides;s__Parabacteroides_goldsteinii	k__Bacteria;p__Firmicutes;c__Clostridia;o__Clostridiales;f__Lachnospiraceae;g__Anaerostipes;s__Anaerostipes_hadrus	k__Bacteria;p__Firmicutes;c__Clostridia;o__Clostridiales;f__Ruminococcaceae;g__Ruminococcus;s__Ruminococcus_lactaris	k__Bacteria;p__Firmicutes;c__Clostridia;o__Clostridiales;f__Clostridiaceae;g__Clostridium;s__Clostridium_sp._L2-50	k__Bacteria;p__Firmicutes;c__Clostridia;o__Clostridiales;f__Clostridiaceae;g__Clostridium;s__Clostridium_sp._M62/1	k__Bacteria;p__Firmicutes;c__Clostridia;o__Clostridiales;f__;g__Intestinimonas;s__Intestinimonas_butyriciproducens	k__Bacteria;p__Actinobacteria;c__Actinobacteria;o__Bifidobacteriales;f__Bifidobacteriaceae;g__Bifidobacterium;s__Bifidobacterium_bifidum	k__Bacteria;p__Firmicutes;c__Negativicutes;o__Veillonellales;f__Veillonellaceae;g__Dialister;s__Dialister_invisus	k__Bacteria;p__Bacteroidetes;c__Bacteroidia;o__Bacteroidales;f__Bacteroidaceae;g__Bacteroides;s__Bacteroides_salanitronis
k__Bacteria;p__Bacteroidetes;c__Bacteroidia;o__Bacteroidales;f__Bacteroidaceae;g__Bacteroides;s__Bacteroides_vulgatus	1.0	-0.0269730548106	-0.0152022166057	0.0159844326287	-0.000928876703819	0.0207214533228	0.0410334260762	-0.0391704234221	-0.0164052130531	-0.0403683832822	-0.0321256581813	0.0261106345521	-0.0128583970308	-0.0162890317835	-0.0327097060265	-0.0637107111151	0.0018528944554	0.0700687126638	-0.00651774801839	-0.0065610615108	0.0841339922626	-0.0117838958578	-0.0038713754673	-0.0243815728185	-0.000701217525576	-0.0167349731377	0.00602265156217	-0.034899309831	-0.0329501514462	0.000196556294259	-0.040188174736	0.0154837427523	-0.0299790991018	-0.00927961040241	-0.0212987927555	0.0267533306109	0.085863005423	-0.00697449140205	-0.0172242943048	0.0165832853849	-0.0525118398126	0.0195420173915	-0.0369520795595	-0.0368201690255	0.0212224248766	0.0210253737695	-0.0126999586509	-0.010144706191	0.00383796667854	-0.0173012043976	0.00948432718659	-0.0332903487097	0.0334199677864	-0.0206854514212	0.0625216370366	-0.0507775593831	-0.0292360457032	0.0181198024423	-0.0192594632983
k__Bacteria;p__Bacteroidetes;c__Bacteroidia;o__Bacteroidales;f__Bacteroidaceae;g__Bacteroides;s__Bacteroides_uniformis	-0.0269730548106	1.0	-0.0223375969217	0.0100084041878	0.0195094037743	-0.0191156067776	-0.0155921195309	0.0960350955679	0.0571272335462	-0.0201876826428	-0.0121001946517	-0.0266705931617	-0.00534743807282	0.0500580489051	-0.00191579942305	0.0331058600132	0.00899718573344	-0.0397320430507	-0.0392422584649	0.000877658378891	0.0253138891845	-0.0321442771093	0.0603095878695	-0.021027146431	-0.00376829895684	-0.0425937344197	-0.0504944439916	0.00288792135937	-0.0261764688727	0.00310605260753	-0.00448511087823	-0.0398205987586	-0.0574690919575	-0.0346336283123	0.000840347191762	0.00656407998617	-0.0259003658509	-0.0720008532765	-0.0177854943539	-0.0191666901919	-0.00032815326849	0.0533430397565	-0.0305505390201	0.0114794244113	-0.00187741975513	-0.0265247717893	-0.0239784797738	0.0422419773184	-0.0144372866106	-0.0186114354186	-0.000824751340457	0.00305456548065	-0.0541220095073	-0.0070359903943	-0.0295656326737	-0.0011817064706	-0.0274082726679	0.0260299657013	-0.0229819409621
k__Bacteria;p__Bacteroidetes;c__Bacteroidia;o__Bacteroidales;f__Rikenellaceae;g__Alistipes;s__Alistipes_putredinis	-0.0152022166057	-0.0223375969217	1.0	-0.0174262039408	-0.0165724640667	0.00830005194855	-0.0216579797448	0.0768549431864	-0.0592410411565	0.0252258793816	-0.00711133989288	0.0317643484733	0.0214305436797	0.0297610439147	0.0511968212951	0.0484156123132	0.025098957467	-0.0604648621639	0.0159040933723	-0.0083679598686	-0.00947043973077	-0.0353131990933	-0.0246787182101	0.0138034611032	-0.0100083983239	-0.0114061804931	-0.0660303804336	0.0409120543131	-0.0401924502657	-0.0101280298867	-0.0490641162527	0.0163479302914	-0.0157475353965	-0.00623139331594	0.0253946552989	0.0177550930936	-0.0182367164922	-0.0421143407334	-0.0142842499081	0.0150061627598	0.0276609224131	-0.0259180290737	-0.022529513069	-0.0720871938732	-0.030913458899	-0.0286773861305	-0.0403726041214	-0.0422568876231	-0.0307148109191	0.043554000149	-0.0331181588748	0.0361714696294	0.0258231935841	0.0249760131648	0.0613267613519	-0.0862514121283	0.00286253496559	-0.0267411919841	0.0509375421079
k__Bacteria;p__Bacteroidetes;c__Bacteroidia;o__Bacteroidales;f__Prevotellaceae;g__Prevotella;s__Prevotella_copri	0.0159844326287	0.0100084041878	-0.0174262039408	1.0	0.00630524330088	-0.022726523707	0.0318242898668	0.0122845024288	-0.0771992281616	-0.0317478152258	0.0262947850721	0.0415676807353	0.0148512139284	-0.030710600457	-0.0159964838951	-0.0514056724821	0.0219770370396	0.0306897196626	0.0158860661474	-0.0496224029226	-0.0113949777196	0.0528185768349	-0.0250880561129	0.00827837421268	-0.0233040648012	-0.0921298125212	-0.0427337210965	-0.0735645900639	0.00960170334923	0.00755366749881	-0.0273123126192	-0.00364165430371	0.0310933735873	0.0072850951281	-0.0128161231886	-0.0642441256709	-0.042909809316	-0.0726364947223	0.050190322048	-0.0269684982892	0.0125106370591	0.0149792786112	-0.0277102948213	-0.0145118956583	-0.01512363333	-0.0253314180922	0.0166012144665	0.0424201414575	-0.0210452537135	-0.00475299985941	0.0208915709494	0.0303168423566	-0.0457656995819	-0.00955375745782	-0.00771015871129	-0.0293596937383	0.0238426866798	0.002870388233	-0.0275987245082
k__Bacteria;p__Bacteroidetes;c__Bacteroidia;o__Bacteroidales;f__Bacteroidaceae;g__Bacteroides;s__Bacteroides_stercoris	-0.000928876703819	0.0195094037743	-0.0165724640667	0.00630524330088	1.0	-0.020873828858	-0.0329657033847	-0.0214000688501	0.0136703458198	0.0391165767997	-0.0108240150131	-0.00472367684979	0.0703228849149	0.0661328329941	0.0075500852861	0.0176898824586	-0.0208285400864	-0.00114029165943	0.02262137134	0.00621259892705	-0.0161084073816	-0.0531668372065	0.0104245473884	-0.00675953666276	-0.00189251011713	-0.00503799942418	-0.0221966225525	0.074148252898	-0.00410801439256	-0.0152392524599	-0.000934746882046	0.0495196226169	0.000724532954872	-0.0150182558733	-0.0263850539461	-0.0823027270255	-0.0365985060936	-0.0568133796599	-0.00911457449763	-0.00641630897677	0.0193757056736	0.0800905327138	-0.0288845625944	-0.0587462559148	-0.0032812533502	-0.00305480424444	0.0232749037287	-0.0563979900654	-0.0675962524117	-0.0250930703273	0.0487160862777	-0.0319082708269	-0.0239141637468	0.0183140354792	-0.00331162968808	0.00211637660058	-0.0400165074903	-0.0376118319316	-0.0125520724644
k__Bacteria;p__Bacteroidetes;c__Bacteroidia;o__Bacteroidales;f__Bacteroidaceae;g__Bacteroides;s__Bacteroides_ovatus	0.0207214533228	-0.0191156067776	0.00830005194855	-0.022726523707	-0.020873828858	1.0	-0.0458469267868	0.00271697446698	0.0195123579601	0.0237883941106	-0.00213455264725	-0.00226887207749	0.0093019020165	-4.10439998936e-05	-0.0338502478101	-0.047338645883	0.00709374206833	-0.0426507219479	0.0478101786303	-0.0559775357765	0.0117171407985	-0.00341864403147	-0.00389077688652	0.0034824058769	-0.0731296171796	-0.00791354520319	-0.0360160719434	0.00353300352583	-0.038405694132	-0.0360862252715	-0.0188066779122	0.00447174428519	0.0362136885765	-0.0113117731166	0.0226227249724	-0.0180207567407	-0.0290915378269	0.0140435434241	-0.0550931479568	-0.0057067954462	-0.00956064975019	0.0329837126426	-0.0261766625428	0.00364803790697	-0.0708362631205	-0.00631249083761	-0.0197276430779	0.0135897016736	0.0554899009806	0.0208490441844	0.0476041895682	-0.014846264566	-0.0128238498688	-0.0160852107191	0.0772395655202	-0.0390642235557	-0.0191268916699	-0.0070771846878	0.00585237716989
k__Bacteria;p__Bacteroidetes;c__Bacteroidia;o__Bacteroidales;f__Rikenellaceae;g__Alistipes;s__Alistipes_shahii	0.0410334260762	-0.0155921195309	-0.0216579797448	0.0318242898668	-0.0329657033847	-0.0458469267868	1.0	0.0482652643197	0.00320650694802	0.0170720115573	-0.0208359141988	-0.0259477260031	-0.0140686044083	-0.0380275202163	-0.0419503657953	-0.0385566060932	0.0958367118466	0.0115423543312	0.0468481158194	-0.0250457246434	0.0192406014228	-0.0270678698434	-0.0156576133104	0.00869298668301	-0.0349560300752	-0.00836108735059	-0.0499733668593	-0.0291540945576	-0.0527096734793	0.0390869234847	0.0212648144386	-0.00153219287127	0.0276065574945	0.00422535872737	-0.0359754801435	-0.00835975178599	-0.0242911401449	-2.96229460632e-05	-0.0140563702562	-0.00735602216403	-0.028664871826	-0.0581668248997	-0.0129285312322	0.0158898651626	0.0134066452248	0.0344928664111	-0.0381423697729	-0.0151906980024	-0.0499188095586	0.0264001073053	-0.00788059867688	0.00863685594067	0.0146171754128	0.044104892262	-0.00623142104286	-0.00363233927214	0.0323322369608	-0.0239932088492	0.00877332290527
k__Bacteria;p__Firmicutes;c__Clostridia;o__Clostridiales;f__Ruminococcaceae;g__Faecalibacterium;s__Faecalibacterium_prausnitzii	-0.0391704234221	0.0960350955679	0.0768549431864	0.0122845024288	-0.0214000688501	0.00271697446698	0.0482652643197	1.0	-0.0240091834162	-0.0026575963749	0.00420793549903	-0.0468983745029	0.0690465051615	0.0361632488364	-0.0203359259148	0.025718191846	0.0424285159957	0.0123176916176	-0.052182450537	-0.0531328249701	-0.0479121240999	0.012820007172	0.0117489386607	-0.00301318971295	0.00572882636851	-0.0199468911108	-0.0798745773533	0.0176358483585	-0.040784493642	-0.0325538696092	0.0185729362075	0.0027405080109	-0.00954393669882	0.00828690839725	-0.0221740655134	-0.0766883618352	0.0514973313023	-0.038176964915	-0.0214506570141	-0.00500727855087	-0.0428991083051	-0.0327632238269	-0.0422112135745	-0.0292836744667	-0.0366704190805	-0.00884102791145	0.021432599008	-0.0259103482713	0.00226219661668	-0.0290822660741	-0.0704352511844	0.0349119801146	0.040294876943	-0.000877405850986	-0.020625556177	-0.0712084817716	-0.0194752859375	-0.000759455989362	0.041770882031
k__Bacteria;p__Bacteroidetes;c__Bacteroidia;o__Bacteroidales;f__Rikenellaceae;g__Alistipes;s__Alistipes_finegoldii	-0.0164052130531	0.0571272335462	-0.0592410411565	-0.0771992281616	0.0136703458198	0.0195123579601	0.00320650694802	-0.0240091834162	1.0	0.0538433267887	0.00333690683113	-0.0204471253303	-0.0326142266258	-0.0380667531795	0.0219211843678	0.0225020619263	-0.0343421359606	-0.0849410197135	-0.0189225986472	-0.0866715875711	0.0034252152313	-0.00117276740031	-0.0258199652763	-0.0367459874837	-0.0512845360033	-0.0238150426222	-0.009022197972	-0.0199851786533	-0.00954831130909	0.0264002283475	-0.00385018014008	-0.024099461602	0.0651833815044	0.0548208420569	0.0346275740151	-0.0614025185258	-0.00721005431837	-0.020153235545	-0.0796277511419	0.00537248693085	0.0539013078108	-0.0336416937671	-0.0293618000332	-0.0169153555162	0.00348180547075	-0.0370278236393	-0.0238271177176	0.0127639386301	0.072612709663	0.00807424664078	-0.0181806570143	-0.0206598043339	0.00144748330559	0.0134826631461	0.00444960193483	-0.0410932553963	-0.0389693224227	-0.0274082874565	-0.0109039877336
k__Bacteria;p__Bacteroidetes;c__Bacteroidia;o__Bacteroidales;f__Porphyromonadaceae;g__Parabacteroides;s__Parabacteroides_distasonis	-0.0403683832822	-0.0201876826428	0.0252258793816	-0.0317478152258	0.0391165767997	0.0237883941106	0.0170720115573	-0.0026575963749	0.0538433267887	1.0	0.0117221778146	0.00307310135499	0.00147434822117	-0.00753011353973	0.0032691770946	-0.0181349634738	-0.0479910095115	-0.0325334480785	-0.0192781760068	0.00985737164437	-0.061831206873	0.0192804339412	-0.00824539014796	0.00348947783657	0.016095090359	-0.051786753252	0.0256611884168	0.00307282509357	0.00393874064248	0.0209471123035	0.00948567471872	-0.0525532735858	0.0668921930633	-0.01246404304	-0.0455780149986	-0.0295931008327	-0.0347469856086	-0.0192828546748	0.0112318985124	0.0643365949459	0.0309046385719	0.0105545430373	0.000124058965682	0.0117611202238	0.00223257469546	0.0383124622773	0.0432634972398	-0.0167403139109	-0.0100501428527	-0.0305620351723	0.0398820050376	-0.0234514117123	0.0279465300473	-0.0196505955208	-0.0411323830927	0.027466735198	-0.0493018637133	-0.00456977613599	0.0964516796781
k__Bacteria;p__Bacteroidetes;c__Bacteroidia;o__Bacteroidales;f__Bacteroidaceae;g__Bacteroides;s__Bacteroides_thetaiotaomicron	-0.0321256581813	-0.0121001946517	-0.00711133989288	0.0262947850721	-0.0108240150131	-0.00213455264725	-0.0208359141988	0.00420793549903	0.00333690683113	0.0117221778146	1.0	0.0122706446917	-0.00226725338725	0.00147230048881	-0.0148356188845	-0.0314901134531	-0.00518332698198	0.00143023621008	-0.0341574734936	-0.0684252254867	0.0296727886611	-0.00951609782144	0.0375984674824	0.0199798082437	0.00550021425718	-0.000829338780664	0.00111953146498	0.0255176431373	0.0689305743662	0.00614575761409	-0.0188388349836	-0.00864230761933	0.000273889843622	0.00123592913548	0.0378697726698	-0.00875369846922	-0.0597700590937	0.00156654742394	-0.00409116484272	-0.0696647998676	0.0589745750044	0.00328406702184	0.0238409403446	-0.017797330868	-0.0467791040377	-0.0280663849908	-0.00789090838106	0.00574543910927	-0.000242993433418	0.0259836217324	-0.00575340650135	-0.00621346014852	-0.0288144190063	-0.0426259010163	-0.0502070358778	-0.0377793699173	-0.0100436971085	0.0177155604193	-0.00590892121703
k__Bacteria;p__Bacteroidetes;c__Bacteroidia;o__Bacteroidales;f__Bacteroidaceae;g__Bacteroides;s__Bacteroides_coprocola	0.0261106345521	-0.0266705931617	0.0317643484733	0.0415676807353	-0.00472367684979	-0.00226887207749	-0.0259477260031	-0.0468983745029	-0.0204471253303	0.00307310135499	0.0122706446917	1.0	0.0211554602469	-0.0246900682586	-0.00926715976394	0.00355596272047	-0.0408255346723	0.0375242560842	-0.0402030010601	0.0221189667614	0.00386970642269	-0.0351811765849	0.0130528786678	-0.00119264721525	0.00639876218206	-0.0585940431365	-0.0696915417455	-0.0392172859723	-0.0688883963254	0.0429677675042	0.0190122785746	-0.00907942075687	0.0261314437982	0.00320365900669	-0.00176197047393	-0.00423946549556	0.0103383801991	-0.0613440888698	-0.00299997549126	-0.0287832758122	0.00974025241458	-0.00714823544016	-0.0498416182437	0.00766181765855	0.0309563348233	0.0154099952529	0.00725542577129	0.0543467080653	-0.0260969040945	-0.025100214086	-0.0058632446635	-0.000114226394595	-0.0825561815577	0.0197505880698	-0.106248714038	-0.0446214348013	-0.025049742447	0.0156670274315	0.018248429995
k__Bacteria;p__Bacteroidetes;c__Bacteroidia;o__Bacteroidales;f__Bacteroidaceae;g__Bacteroides;s__Bacteroides_cellulosilyticus	-0.0128583970308	-0.00534743807282	0.0214305436797	0.0148512139284	0.0703228849149	0.0093019020165	-0.0140686044083	0.0690465051615	-0.0326142266258	0.00147434822117	-0.00226725338725	0.0211554602469	1.0	0.0330835806962	-0.000686713711062	0.0201835244786	-0.0171844632839	0.064394325331	-0.032678105791	0.0136090368263	-0.0274894855789	-0.00942305074865	-0.0203684098245	0.0131404486626	-0.0140312804272	0.0193179643702	-0.01706401009	-0.0128841944455	0.0041442534795	-0.022955127535	0.0323857770729	-0.0458385143386	-0.016119207173	0.0473321931159	-0.0321315224172	0.0177280716809	0.00833596170829	-0.00737452650666	-0.0531083419148	-0.0280124913347	-0.00615595531343	-0.00359023369696	-0.035327438749	0.0147262928348	-0.0401924730425	-0.00428066667578	0.0300354202988	0.00988719409035	0.00221818536978	-0.045655404146	-0.0738623776287	-0.0345282319873	-0.0181817361413	-0.051875562303	-0.012589148535	-0.0227226908656	-0.0293231782763	-0.039508634393	-0.0424583490123
k__Bacteria;p__Bacteroidetes;c__Bacteroidia;o__Bacteroidales;f__Rikenellaceae;g__Alistipes;s__Alistipes_obesi	-0.0162890317835	0.0500580489051	0.0297610439147	-0.030710600457	0.0661328329941	-4.10439998937e-05	-0.0380275202163	0.0361632488364	-0.0380667531795	-0.00753011353973	0.00147230048881	-0.0246900682586	0.0330835806962	1.0	-0.0128052831044	-0.0156119908141	0.0303724704186	-0.0123343604201	0.000374010576566	-0.0333145387105	-0.0218644734721	-0.0361669446177	-0.0135637165501	0.00762342211143	0.0372252760183	-0.0323498495887	-0.0138750991225	-0.0152368082194	0.00405329055042	-0.00159452529175	-0.0270416254782	-0.0416993499002	-0.0139116785133	0.0100194061523	0.0390548855033	-0.000235235331554	0.00491527355596	0.0446604576831	0.0192427480406	0.0536599234108	0.0282203974566	-0.00610709766419	-0.0327088892729	-0.0288833280788	0.0273659612928	-0.0264122203171	-0.0834471483044	0.0329567837272	-0.0320078985787	-0.0498441559661	-0.0496604902582	-0.0206244977003	0.00381249185609	-0.0128910329915	-0.0586122599116	-0.0527574013846	-0.0470134316633	-0.000355817514922	-0.0615139418004
k__Bacteria;p__Firmicutes;c__Clostridia;o__Clostridiales;f__Lachnospiraceae;g__;s__[Eubacterium]_rectale	-0.0327097060265	-0.00191579942305	0.0511968212951	-0.0159964838951	0.0075500852861	-0.0338502478101	-0.0419503657953	-0.0203359259148	0.0219211843678	0.0032691770946	-0.0148356188845	-0.00926715976394	-0.000686713711062	-0.0128052831044	1.0	0.0481441157634	-0.00389781959	-0.023902315996	-0.0616040505589	0.0155252005979	-0.0403040153042	-0.00751030064095	0.0311980180118	-0.021623830086	-0.0373588177874	-0.0222949555042	0.025557510109	-0.028127686421	-0.00934863492029	-0.0453101930378	-0.0425487717768	-0.0213951940337	-0.00771106174173	0.0257293523487	-0.0380747196781	0.0687551654925	0.013848695646	-0.0658272645773	-0.0474589024858	-0.0486525568199	0.0273166490458	-0.02588297817	0.0468158273988	0.0183859436005	-0.0368937839646	-0.0463918044068	0.0149573860499	-0.0418714211538	0.054638533143	0.0377073559441	-0.0255512100247	0.00751319624147	0.0272912985592	0.00381736763096	0.0194628260128	0.000760959613102	-0.0673108095585	-0.000961364693138	0.00207749247813
k__Bacteria;p__Bacteroidetes;c__Bacteroidia;o__Bacteroidales;f__Bacteroidaceae;g__Bacteroides;s__Bacteroides_plebeius	-0.0637107111151	0.0331058600132	0.0484156123132	-0.0514056724821	0.0176898824586	-0.047338645883	-0.0385566060932	0.025718191846	0.0225020619263	-0.0181349634738	-0.0314901134531	0.00355596272047	0.0201835244786	-0.0156119908141	0.0481441157634	1.0	0.0150417644718	-0.0216451187928	-0.020541085245	0.0010778771564	-0.015489839291	-0.0279596746684	0.0221588226703	-0.0210709965419	0.0567392644611	-0.00928850528502	-0.0252970901861	-0.00739636399963	0.0517259244788	-0.0112074050589	0.0161639623123	-0.0320119625498	0.0185019412404	-0.0278693952059	-0.0522900877133	-0.0659812391919	-0.0179434606899	-0.0395742855285	0.0036756569434	-0.033586526774	-0.0148824472943	0.00367179293757	0.0147756865065	-0.0900685926485	-0.0252444113251	0.0524364826588	-0.014872798808	0.00455843426206	-0.00154650171755	0.0337914641223	-0.0445782055878	-0.0651444404755	-0.0230470485257	-0.0196358729553	-0.0435217794361	0.0401065262434	-0.0427924088309	-0.00187185811047	0.0550182514104
k__Bacteria;p__Bacteroidetes;c__Bacteroidia;o__Bacteroidales;f__Bacteroidaceae;g__Bacteroides;s__Bacteroides_fragilis	0.0018528944554	0.00899718573344	0.025098957467	0.0219770370396	-0.0208285400864	0.00709374206833	0.0958367118466	0.0424285159957	-0.0343421359606	-0.0479910095115	-0.00518332698198	-0.0408255346723	-0.0171844632839	0.0303724704186	-0.00389781959	0.0150417644718	1.0	-0.0258219187241	0.00729509517118	-0.0401238632606	0.0320978897785	0.0101795370148	-0.0285403497214	-0.0391236912675	-0.0109735388358	-0.0181479747376	-0.0232538839878	0.0401252686958	0.00725162833142	-0.0040438251708	0.0121344326471	0.026022166073	-0.0545625122681	-0.00548202269949	-0.0222172406953	-0.0315170977638	0.00286223192936	-0.0330626441527	-0.00821424970078	-0.000983242404271	0.0212149151736	-0.00885332121253	0.00320968360005	0.00638522241692	0.0144618475988	0.0194767513062	0.0103981770014	-0.00257022336962	-0.0186705086356	-0.00831660235894	-0.0180324915411	-0.00619907395814	0.0262188735841	0.0163585436422	-0.00954402931364	0.0274414430881	0.0407203129095	0.023707275545	0.0552496626943
k__Bacteria;p__Proteobacteria;c__Betaproteobacteria;o__Burkholderiales;f__Sutterellaceae;g__Sutterella;s__Sutterella_wadsworthensis	0.0700687126638	-0.0397320430507	-0.0604648621639	0.0306897196626	-0.00114029165943	-0.0426507219479	0.0115423543312	0.0123176916176	-0.0849410197135	-0.0325334480785	0.00143023621008	0.0375242560842	0.064394325331	-0.0123343604201	-0.023902315996	-0.0216451187928	-0.0258219187241	1.0	-0.00214990861582	-0.0251191033643	-0.005916480751	-0.00746267907386	-0.0263187066763	0.0114899401207	0.0176208884073	-0.101878777174	0.0013147225174	0.0189855308994	-0.018229120022	0.00330653567952	0.0604582038915	-0.0487105008089	-0.0509595670661	0.0203806924471	0.00515533414919	0.0113639048296	-0.0273023770873	-0.010248128326	-0.0156056533494	0.00718826980668	-0.0425032693223	0.0199886411552	-0.0445736145088	0.0833103769753	-0.0465121325443	0.0245148657603	-0.0424165961601	0.059053254155	-0.0223407891548	-0.0509697489839	-0.0426973051831	0.0104909053281	-0.0269281908936	-0.00918342301762	-0.0233148044777	0.0639180074955	0.0215303676237	0.010400713795	0.0122927423385
k__Bacteria;p__Bacteroidetes;c__Bacteroidia;o__Bacteroidales;f__Porphyromonadaceae;g__Barnesiella;s__Barnesiella_intestinihominis	-0.00651774801839	-0.0392422584649	0.0159040933723	0.0158860661474	0.02262137134	0.0478101786303	0.0468481158194	-0.052182450537	-0.0189225986472	-0.0192781760068	-0.0341574734936	-0.0402030010601	-0.032678105791	0.000374010576566	-0.0616040505589	-0.020541085245	0.00729509517118	-0.00214990861582	1.0	-0.0323898142083	-0.011458852635	0.00510592705369	0.0110675410126	-0.0337203215115	-0.029516713007	0.0133306059035	-0.0269675899807	9.71180105913e-05	-0.0215063931964	-0.0586835968015	-0.0499844547671	-0.0461011473597	-0.0429856772946	0.000568794159155	-0.0101092773407	0.0257514964899	0.00534090974473	-0.0191144086825	0.018820991591	0.0240147442722	-0.00111450551715	-0.0146377378066	0.00845704689259	0.0422750604697	-0.000915285081317	0.009897358512	0.00176967109057	-0.028697353078	-0.0383697813439	0.00100906917287	-0.0500326945441	0.0578915167503	0.0071842480621	0.00562794483851	0.0243704308294	-0.059355288449	-0.00706507863134	0.00625051040527	-0.0216277668698
k__Bacteria;p__Bacteroidetes;c__Bacteroidia;o__Bacteroidales;f__Odoribacteraceae;g__Odoribacter;s__Odoribacter_splanchnicus	-0.0065610615108	0.000877658378891	-0.0083679598686	-0.0496224029226	0.00621259892705	-0.0559775357765	-0.0250457246434	-0.0531328249701	-0.0866715875711	0.00985737164437	-0.0684252254867	0.0221189667614	0.0136090368263	-0.0333145387105	0.0155252005979	0.0010778771564	-0.0401238632606	-0.0251191033643	-0.0323898142083	1.0	-0.0268658994242	-0.0195386501246	0.00422481749343	-0.0363283294868	-0.00988133304809	0.00227152038515	0.0263137622372	0.0157321067048	-0.0448946993299	0.0143216753692	-0.00940767636403	-0.0267746050574	-0.00450178769884	0.0143013415883	0.0458425623048	-0.02597990922	0.0423404979105	-0.0114550455709	-0.0335355210559	-0.0240852377618	-0.0529815560493	-0.0639803237777	0.0465464063187	-0.011564916366	-0.0534365031636	0.0762497534703	-0.0255738542008	0.0039709503179	-0.00826689017302	0.0169843377493	0.064195135835	0.0313890142464	-0.0115054486841	0.0475840483012	0.00992947324899	0.0103224181016	0.015381593334	-0.00878649556059	-0.00606973950299
k__Bacteria;p__Bacteroidetes;c__Bacteroidia;o__Bacteroidales;f__Bacteroidaceae;g__Bacteroides;s__Bacteroides_salyersiae	0.0841339922626	0.0253138891845	-0.00947043973077	-0.0113949777196	-0.0161084073816	0.0117171407985	0.0192406014228	-0.0479121240999	0.0034252152313	-0.061831206873	0.0296727886611	0.00386970642269	-0.0274894855789	-0.0218644734721	-0.0403040153042	-0.015489839291	0.0320978897785	-0.005916480751	-0.011458852635	-0.0268658994242	1.0	0.0740398850686	-0.0546421385401	0.00145832442988	-0.0291374376497	-0.0620303437173	0.0146078946509	0.0192448668841	-0.0299111936306	-0.00731581601805	-0.0119262534814	-0.023450108309	-0.00931493275735	-0.0163457331027	0.0333707189766	-0.00398157207505	0.0491456428401	-0.033377933648	-0.0477541344876	0.00245404094098	0.00567688281711	0.00119893075448	-0.0598223178596	0.00405525732953	0.0538719206737	-0.0127776268934	-0.0615983395504	0.0767180966947	0.0277864213097	-0.0129107577221	0.011100574316	-0.100043855987	-0.0106532356388	-0.0139149534916	-0.0784971185152	-0.0267145525478	0.00822444630235	0.0049934721874	-0.00383879777529
k__Bacteria;p__Firmicutes;c__Clostridia;o__Clostridiales;f__Ruminococcaceae;g__Ruminiclostridium;s__[Eubacterium]_siraeum	-0.0117838958578	-0.0321442771093	-0.0353131990933	0.0528185768349	-0.0531668372065	-0.00341864403147	-0.0270678698434	0.012820007172	-0.00117276740031	0.0192804339412	-0.00951609782144	-0.0351811765849	-0.00942305074865	-0.0361669446177	-0.00751030064095	-0.0279596746684	0.0101795370148	-0.00746267907386	0.00510592705369	-0.0195386501246	0.0740398850686	1.0	-0.0454846097584	-0.0151832257164	0.0173826928399	0.0396243546055	0.00857290393665	-0.0262059091406	-0.00189802221356	-0.00966841062826	-0.021391959883	0.022039112194	-0.00700492797126	-0.00583852088455	-0.0270065610052	-0.0301701196797	0.0289747205706	-0.0296150775734	-0.00210129115199	0.00444736088159	-0.0481978171434	-0.0690389789727	-0.0632471179994	0.0871700919703	0.00651330626048	-0.00223112984486	0.00824232971541	-0.0759668795963	-0.0491527835403	0.00322542213364	-0.0140133510375	0.0002039616619	-0.00242922005874	0.00619869235731	0.0125720358129	-0.0183015239364	0.0137895892641	-0.0151224788372	-0.0583662146978
k__Bacteria;p__Proteobacteria;c__Betaproteobacteria;o__Burkholderiales;f__Sutterellaceae;g__Parasutterella;s__Parasutterella_excrementihominis	-0.0038713754673	0.0603095878695	-0.0246787182101	-0.0250880561129	0.0104245473884	-0.00389077688652	-0.0156576133104	0.0117489386607	-0.0258199652763	-0.00824539014796	0.0375984674824	0.0130528786678	-0.0203684098245	-0.0135637165501	0.0311980180118	0.0221588226703	-0.0285403497214	-0.0263187066763	0.0110675410126	0.00422481749343	-0.0546421385401	-0.0454846097584	1.0	0.00279066137096	-0.0179244785081	0.00440618983338	0.0488211667469	-0.0232735738744	-0.0118339622719	0.00233276275538	-0.009251967535	-0.00869494659783	0.0414015069643	-0.00863621343091	-0.0464877002957	-0.0970972359007	0.0358539742376	-0.0393788709842	-0.0273716385176	-0.0531113646429	-0.0440003967502	-0.0109478782647	0.0449813122858	-0.0447176313255	-0.0180163437392	0.0191482722379	-0.0581193844819	0.0102751895962	0.031806761149	-0.0303284329762	-0.00740019363499	0.0250962431325	0.0225337456005	0.0259249235964	0.0223355407646	-0.0302523442602	-0.003051199012	0.0403889647094	-0.0215513899289
k__Bacteria;p__Actinobacteria;c__Actinobacteria;o__Bifidobacteriales;f__Bifidobacteriaceae;g__Bifidobacterium;s__Bifidobacterium_adolescentis	-0.0243815728185	-0.021027146431	0.0138034611032	0.00827837421268	-0.00675953666276	0.0034824058769	0.00869298668301	-0.00301318971295	-0.0367459874837	0.00348947783657	0.0199798082437	-0.00119264721525	0.0131404486626	0.00762342211143	-0.021623830086	-0.0210709965419	-0.0391236912675	0.0114899401207	-0.0337203215115	-0.0363283294868	0.00145832442988	-0.0151832257164	0.00279066137096	1.0	0.0339269381634	0.039523688805	-0.0599217423963	-0.000373558371693	0.0640303189185	0.0138298135477	-0.010825095759	0.0103076768232	-0.0142920221141	0.0217705247123	-0.0331227671733	0.0202140899331	-0.0151687083723	-0.0457172554555	-0.0198008685544	-0.0130095636505	-0.0285438782492	-0.0266791603193	-0.0275647094245	0.0130560816848	0.0264452059567	-0.0706196009329	-0.0103372872508	0.0209822048367	0.0329239447319	-0.0375880649912	-0.0606832713106	-0.0133046428486	0.0385555235724	0.00953972781181	-0.0789930551236	-0.0135355324532	0.0145316809975	-0.0539864088544	0.042298074041
k__Bacteria;p__Firmicutes;c__Clostridia;o__Clostridiales;f__Oscillospiraceae;g__Oscillibacter;s__Oscillibacter_sp._KLE_1745	-0.000701217525576	-0.00376829895684	-0.0100083983239	-0.0233040648012	-0.00189251011713	-0.0731296171796	-0.0349560300752	0.00572882636851	-0.0512845360033	0.016095090359	0.00550021425718	0.00639876218206	-0.0140312804272	0.0372252760183	-0.0373588177874	0.0567392644611	-0.0109735388358	0.0176208884073	-0.029516713007	-0.00988133304809	-0.0291374376497	0.0173826928399	-0.0179244785081	0.0339269381634	1.0	0.029381055583	-0.0375716790318	-0.00786976237113	-0.0163958885335	-0.0275951334344	-0.0255293716035	-0.000662657041376	-0.0319759282014	0.0330476548897	0.0423181840146	0.00768331081396	0.000471576725094	-0.0493169387967	-0.00750176098098	0.0210013898605	0.00981088950988	-0.00784991199807	-0.0188019219125	-0.0194069835164	-0.0130516482901	0.0292333102208	-0.0317606599078	-0.0281528905328	-0.0123148951254	0.0125944194337	0.00944034721681	0.0385767550497	0.022676722635	-0.0432907313069	0.0428115727235	0.0266019677653	-0.0254566767064	0.00440906636734	0.00169575508191
k__Bacteria;p__Bacteroidetes;c__Bacteroidia;o__Bacteroidales;f__Bacteroidaceae;g__Bacteroides;s__Bacteroides_coprophilus	-0.0167349731377	-0.0425937344197	-0.0114061804931	-0.0921298125212	-0.00503799942418	-0.00791354520319	-0.00836108735059	-0.0199468911108	-0.0238150426222	-0.051786753252	-0.000829338780664	-0.0585940431365	0.0193179643702	-0.0323498495887	-0.0222949555042	-0.00928850528502	-0.0181479747376	-0.101878777174	0.0133306059035	0.00227152038515	-0.0620303437173	0.0396243546055	0.00440618983338	0.039523688805	0.029381055583	1.0	0.00304633111945	0.0044549636417	0.0423262221239	0.00830907285019	-0.0639663058707	0.0250712497945	-0.0303335773824	-0.0145433622778	0.00474316689421	-0.0611554883958	0.0407791959948	-0.00957193618711	0.0811220153528	0.00170469099794	-0.00274428583131	-0.0235254347926	0.063194394275	0.00347652374784	-0.00653519457302	0.040937767924	-0.0141987016602	0.0329991132936	-0.00583103847673	-0.0575278533391	-0.0263797345987	-0.00775701009034	-0.00817908662358	-0.0182508479078	0.0103761876459	-0.0436583136125	0.0108620437858	0.00934238059769	0.0252609733883
k__Bacteria;p__Firmicutes;c__Clostridia;o__Clostridiales;f__Lachnospiraceae;g__Roseburia;s__Roseburia_intestinalis	0.00602265156217	-0.0504944439916	-0.0660303804336	-0.0427337210965	-0.0221966225525	-0.0360160719434	-0.0499733668593	-0.0798745773533	-0.009022197972	0.0256611884168	0.00111953146498	-0.0696915417455	-0.01706401009	-0.0138750991225	0.025557510109	-0.0252970901861	-0.0232538839878	0.0013147225174	-0.0269675899807	0.0263137622372	0.0146078946509	0.00857290393665	0.0488211667469	-0.0599217423963	-0.0375716790318	0.00304633111945	1.0	0.001011969313	-0.024805578787	0.0318247967625	0.0136853223157	0.00338856889816	-0.0513130926289	0.0227645698846	0.0503461168417	-0.0136082801517	0.0222807261576	0.0230472416635	-0.00627033850914	-0.055407217839	0.0139373521367	-0.0159859123447	0.0129578075073	0.00456643879727	-0.00129960227341	-0.0506173032031	0.0812467699729	0.0333586244179	0.00572243679592	-0.0263852206562	-0.0301909796702	-0.0402774920542	0.0707790867708	0.0141016450007	0.0105024925956	0.0246842126838	0.0657849294383	-0.041177391894	-0.0742763223963
k__Bacteria;p__Firmicutes;c__Clostridia;o__Clostridiales;f__Lachnospiraceae;g__Roseburia;s__Roseburia_hominis	-0.034899309831	0.00288792135937	0.0409120543131	-0.0735645900639	0.074148252898	0.00353300352583	-0.0291540945576	0.0176358483585	-0.0199851786533	0.00307282509357	0.0255176431373	-0.0392172859723	-0.0128841944455	-0.0152368082194	-0.028127686421	-0.00739636399963	0.0401252686958	0.0189855308994	9.71180105911e-05	0.0157321067048	0.0192448668841	-0.0262059091406	-0.0232735738744	-0.000373558371694	-0.00786976237113	0.0044549636417	0.001011969313	1.0	-0.0513050925972	0.0272122358138	0.04175014445	0.0520605867548	-0.0636096367223	-0.0162217534971	-0.0224728476896	0.0340614150345	0.00380391098918	0.0466721982541	0.0117033790175	0.0184303082095	-0.00121291808776	-0.00937685018051	0.0137944515142	-0.0261352951176	0.00608143101153	0.0236222912433	-0.0756848987784	-0.0195428128546	-0.0202484922411	0.0030620973114	0.0285610607534	-0.0495520154587	-0.034652101805	-0.016923970946	-0.0116478107182	0.0445741903422	0.0158804923502	-0.0169997776938	-0.00447225170351
k__Bacteria;p__Bacteroidetes;c__Bacteroidia;o__Bacteroidales;f__Porphyromonadaceae;g__Parabacteroides;s__Parabacteroides_johnsonii	-0.0329501514462	-0.0261764688727	-0.0401924502657	0.00960170334923	-0.00410801439256	-0.038405694132	-0.0527096734793	-0.040784493642	-0.00954831130909	0.00393874064248	0.0689305743662	-0.0688883963254	0.0041442534795	0.00405329055042	-0.00934863492029	0.0517259244788	0.00725162833142	-0.018229120022	-0.0215063931964	-0.0448946993299	-0.0299111936306	-0.00189802221356	-0.0118339622719	0.0640303189185	-0.0163958885335	0.0423262221239	-0.024805578787	-0.0513050925972	1.0	0.0201526828561	0.0419605449617	-0.0761939429821	0.0146114399502	-0.0260469998839	0.0233429777306	-0.0140613443021	-0.0221285698768	0.0200739830658	-0.00274689131422	-0.0381471517019	0.0271184389256	0.0220047886586	0.0193853413691	0.0312738600988	0.0765947915888	-0.0282964005212	-0.0127320745715	-0.0135173040265	-0.0228445578093	0.0268397251528	-0.0559469313242	-0.0189995103729	-0.0113623830559	-0.0152279875077	-0.0148810119525	0.0361524048964	-0.0151303986716	0.0046522418579	0.0168620827852
k__Bacteria;p__Actinobacteria;c__Actinobacteria;o__Bifidobacteriales;f__Bifidobacteriaceae;g__Bifidobacterium;s__Bifidobacterium_longum	0.00019655629426	0.00310605260753	-0.0101280298867	0.00755366749881	-0.0152392524599	-0.0360862252715	0.0390869234847	-0.0325538696092	0.0264002283475	0.0209471123035	0.00614575761409	0.0429677675042	-0.022955127535	-0.00159452529175	-0.0453101930378	-0.0112074050589	-0.0040438251708	0.00330653567952	-0.0586835968015	0.0143216753692	-0.00731581601805	-0.00966841062826	0.00233276275538	0.0138298135477	-0.0275951334344	0.00830907285019	0.0318247967625	0.0272122358138	0.0201526828561	1.0	-0.0131688978012	0.0300451266948	0.043331580128	-0.0515156869252	-0.0495067798358	-0.0325379885433	-0.0493063194611	-0.0235864292078	-0.0342947741023	-0.0238983212678	0.00161428071254	0.0417106059172	-0.0480144234245	-0.00630943270712	0.030888652226	-0.0303199032265	-0.000560499857266	0.0143275885619	-0.0277255491662	0.00177203202606	0.00344193011799	-0.00945977521398	0.0186082571353	0.0202240013323	0.0148066794068	0.0742488036757	-0.0333674504549	-0.0130385701952	-0.026156344569
