#taxonomy	k__Bacteria;p__Bacteroidetes;c__Bacteroidia;o__Bacteroidales;f__Bacteroidaceae;g__Bacteroides;s__Bacteroides_vulgatus	k__Bacteria;p__Bacteroidetes;c__Bacteroidia;o__Bacteroidales;f__Bacteroidaceae;g__Bacteroides;s__Bacteroides_uniformis	k__Bacteria;p__Bacteroidetes;c__Bacteroidia;o__Bacteroidales;f__Rikenellaceae;g__Alistipes;s__Alistipes_putredinis	k__Bacteria;p__Bacteroidetes;c__Bacteroidia;o__Bacteroidales;f__Prevotellaceae;g__Prevotella;s__Prevotella_copri	k__Bacteria;p__Bacteroidetes;c__Bacteroidia;o__Bacteroidales;f__Bacteroidaceae;g__Bacteroides;s__Bacteroides_stercoris	k__Bacteria;p__Bacteroidetes;c__Bacteroidia;o__Bacteroidales;f__Bacteroidaceae;g__Bacteroides;s__Bacteroides_ovatus	k__Bacteria;p__Bacteroidetes;c__Bacteroidia;o__Bacteroidales;f__Rikenellaceae;g__Alistipes;s__Alistipes_shahii	k__Bacteria;p__Firmicutes;c__Clostridia;o__Clostridiales;f__Ruminococcaceae;g__Faecalibacterium;s__Faecalibacterium_prausnitzii	k__Bacteria;p__Bacteroidetes;c__Bacteroidia;o__Bacteroidales;f__Rikenellaceae;g__Alistipes;s__Alistipes_finegoldii	k__Bacteria;p__Bacteroidetes;c__Bacteroidia;o__Bacteroidales;f__Porphyromonadaceae;g__Parabacteroides;s__Parabacteroides_distasonis	k__Bacteria;p__Bacteroidetes;c__Bacteroidia;o__Bacteroidales;f__Bacteroidaceae;g__Bacteroides;s__Bacteroides_thetaiotaomicron	k__Bacteria;p__Bacteroidetes;c__Bacteroidia;o__Bacteroidales;f__Bacteroidaceae;g__Bacteroides;s__Bacteroides_coprocola	k__Bacteria;p__Bacteroidetes;c__Bacteroidia;o__Bacteroidales;f__Bacteroidaceae;g__Bacteroides;s__Bacteroides_cellulosilyticus	k__Bacteria;p__Bacteroidetes;c__Bacteroidia;o__Bacteroidales;f__Rikenellaceae;g__Alistipes;s__Alistipes_obesi	k__Bacteria;p__Firmicutes;c__Clostridia;o__Clostridiales;f__Lachnospiraceae;g__;s__[Eubacterium]_rectale	k__Bacteria;p__Bacteroidetes;c__Bacteroidia;o__Bacteroidales;f__Bacteroidaceae;g__Bacteroides;s__Bacteroides_plebeius	k__Bacteria;p__Bacteroidetes;c__Bacteroidia;o__Bacteroidales;f__Bacteroidaceae;g__Bacteroides;s__Bacteroides_fragilis	k__Bacteria;p__Proteobacteria;c__Betaproteobacteria;o__Burkholderiales;f__Sutterellaceae;g__Sutterella;s__Sutterella_wadsworthensis	k__Bacteria;p__Bacteroidetes;c__Bacteroidia;o__Bacteroidales;f__Porphyromonadaceae;g__Barnesiella;s__Barnesiella_intestinihominis	k__Bacteria;p__Bacteroidetes;c__Bacteroidia;o__Bacteroidales;f__Odoribacteraceae;g__Odoribacter;s__Odoribacter_splanchnicus	k__Bacteria;p__Bacteroidetes;c__Bacteroidia;o__Bacteroidales;f__Bacteroidaceae;g__Bacteroides;s__Bacteroides_salyersiae	k__Bacteria;p__Firmicutes;c__Clostridia;o__Clostridiales;f__Ruminococcaceae;g__Ruminiclostridium;s__[Eubacterium]_siraeum	k__Bacteria;p__Proteobacteria;c__Betaproteobacteria;o__Burkholderiales;f__Sutterellaceae;g__Parasutterella;s__Parasutterella_excrementihominis	k__Bacteria;p__Actinobacteria;c__Actinobacteria;o__Bifidobacteriales;f__Bifidobacteriaceae;g__Bifidobacterium;s__Bifidobacterium_adolescentis	k__Bacteria;p__Firmicutes;c__Clostridia;o__Clostridiales;f__Oscillospiraceae;g__Oscillibacter;s__Oscillibacter_sp._KLE_1745	k__Bacteria;p__Bacteroidetes;c__Bacteroidia;o__Bacteroidales;f__Bacteroidaceae;g__Bacteroides;s__Bacteroides_coprophilus	k__Bacteria;p__Firmicutes;c__Clostridia;o__Clostridiales;f__Lachnospiraceae;g__Roseburia;s__Roseburia_intestinalis	k__Bacteria;p__Firmicutes;c__Clostridia;o__Clostridiales;f__Lachnospiraceae;g__Roseburia;s__Roseburia_hominis	k__Bacteria;p__Bacteroidetes;c__Bacteroidia;o__Bacteroidales;f__Porphyromonadaceae;g__Parabacteroides;s__Parabacteroides_johnsonii	k__Bacteria;p__Actinobacteria;c__Actinobacteria;o__Bifidobacteriales;f__Bifidobacteriaceae;g__Bifidobacterium;s__Bifidobacterium_longum	k__Bacteria;p__Firmicutes;c__Clostridia;o__Clostridiales;f__;g__Flavonifractor;s__Flavonifractor_plautii	k__Bacteria;p__Firmicutes;c__Clostridia;o__Clostridiales;f__Clostridiaceae;g__Clostridium;s__Clostridium_phoceensis	k__Bacteria;p__Verrucomicrobia;c__Verrucomicrobiae;o__Verrucomicrobiales;f__Akkermansiaceae;g__Akkermansia;s__Akkermansia_muciniphila	k__Bacteria;p__Bacteroidetes;c__Bacteroidia;o__Bacteroidales;f__Prevotellaceae;g__Paraprevotella;s__Paraprevotella_xylaniphila	k__Bacteria;p__Firmicutes;c__Clostridia;o__Clostridiales;f__Ruminococcaceae;g__Ruminococcus;s__Ruminococcus_callidus	k__Bacteria;p__Bacteroidetes;c__Bacteroidia;o__Bacteroidales;f__Rikenellaceae;g__Alistipes;s__Alistipes_senegalensis	k__Bacteria;p__Firmicutes;c__Clostridia;o__Clostridiales;f__Lachnospiraceae;g__Blautia;s__Blautia_sp._KLE_1732	k__Bacteria;p__Bacteroidetes;c__Bacteroidia;o__Bacteroidales;f__Bacteroidaceae;g__Bacteroides;s__Bacteroides_oleiciplenus	k__Bacteria;p__Firmicutes;c__Clostridia;o__Clostridiales;f__Ruminococcaceae;g__Ruminococcus;s__Ruminococcus_bicirculans	k__Bacteria;p__Bacteroidetes;c__Bacteroidia;o__Bacteroidales;f__Bacteroidaceae;g__Bacteroides;s__Bacteroides_fluxus	k__Bacteria;p__Bacteroidetes;c__Bacteroidia;o__Bacteroidales;f__Prevotellaceae;g__Prevotella;s__Prevotella_stercorea	k__Bacteria;p__Firmicutes;c__Clostridia;o__Clostridiales;f__Lachnospiraceae;g__Dorea;s__Dorea_longicatena	k__Bacteria;p__Firmicutes;c__Clostridia;o__Clostridiales;f__Eubacteriaceae;g__Eubacterium;s__[Eubacterium]_eligens	k__Bacteria;p__Firmicutes;c__Clostridia;o__Clostridiales;f__Ruminococcaceae;g__;s__Ruminococcaceae_bacterium_D16	k__Bacteria;p__Firmicutes;c__Clostridia;o__Clostridiales;f__Lachnospiraceae;g__Coprococcus;s__Coprococcus_comes	k__Bacteria;p__Proteobacteria;c__Gammaproteobacteria;o__Enterobacterales;f__Enterobacteriaceae;g__Escherichia;s__Escherichia_coli	k__Bacteria;p__Firmicutes;c__Clostridia;o__Clostridiales;f__Ruminococcaceae;g__Anaerotruncus;s__Anaerotruncus_colihominis	k__Bacteria;p__Firmicutes;c__Clostridia;o__Clostridiales;f__Lachnospiraceae;g__Blautia;s__Blautia_obeum	k__Bacteria;p__Bacteroidetes;c__Bacteroidia;o__Bacteroidales;f__Odoribacteraceae;g__Odoribacter;s__Odoribacter_laneus	k__Bacteria;p__Firmicutes;c__Clostridia;o__Clostridiales;f__Ruminococcaceae;g__Ruminiclostridium;s__[Clostridium]_leptum	k__Bacteria;p__Bacteroidetes;c__Bacteroidia;o__Bacteroidales;f__Porphyromonadaceae;g__Parabacteroides;s__Parabacteroides_goldsteinii	k__Bacteria;p__Firmicutes;c__Clostridia;o__Clostridiales;f__Lachnospiraceae;g__Anaerostipes;s__Anaerostipes_hadrus	k__Bacteria;p__Firmicutes;c__Clostridia;o__Clostridiales;f__Ruminococcaceae;g__Ruminococcus;s__Ruminococcus_lactaris	k__Bacteria;p__Firmicutes;c__Clostridia;o__Clostridiales;f__Clostridiaceae;g__Clostridium;s__Clostridium_sp._L2-50	k__Bacteria;p__Firmicutes;c__Clostridia;o__Clostridiales;f__Clostridiaceae;g__Clostridium;s__Clostridium_sp._M62/1	k__Bacteria;p__Firmicutes;c__Clostridia;o__Clostridiales;f__;g__Intestinimonas;s__Intestinimonas_butyriciproducens	k__Bacteria;p__Actinobacteria;c__Actinobacteria;o__Bifidobacteriales;f__Bifidobacteriaceae;g__Bifidobacterium;s__Bifidobacterium_bifidum	k__Bacteria;p__Firmicutes;c__Negativicutes;o__Veillonellales;f__Veillonellaceae;g__Dialister;s__Dialister_invisus	k__Bacteria;p__Bacteroidetes;c__Bacteroidia;o__Bacteroidales;f__Bacteroidaceae;g__Bacteroides;s__Bacteroides_salanitronis
k__Bacteria;p__Bacteroidetes;c__Bacteroidia;o__Bacteroidales;f__Bacteroidaceae;g__Bacteroides;s__Bacteroides_vulgatus	1.0	-0.0230223307685	-0.0298871242809	-0.0682283191566	-0.0155753019221	-0.0485167105627	-0.0408602328074	-0.0525923458852	-0.00206315670087	0.0193601642608	-0.0571782093418	0.0248901113526	-0.0496892248782	0.0424654608797	-0.0217271689858	0.0372231010993	-0.00527630328224	-0.030213757495	-0.0170431794673	-0.00524571590912	0.00500305342008	0.00620590228729	-0.0962785757141	0.00146258934608	0.0120269659398	0.016592826498	0.0195890925391	-0.0220022857506	0.00791807553978	0.0418220884856	0.0168409182039	-0.0596378658614	-0.00790406460283	-0.0144294290365	-0.0518932175503	0.0464363860307	-0.0145371748722	-0.0808352589833	-0.0286145184636	0.023281097633	0.0364130201474	0.0156333056467	0.0373567284101	0.0290996354033	-0.0347548260923	-0.00466777078504	0.00775381867646	0.0385865537162	0.00943269465848	-0.00861180828735	-0.0406747947702	-0.0111415828049	-0.0473416948546	-0.0122041290987	0.0274462429335	0.0165947220031	0.0247980527901	-0.0184822142471	-0.0518374412674
k__Bacteria;p__Bacteroidetes;c__Bacteroidia;o__Bacteroidales;f__Bacteroidaceae;g__Bacteroides;s__Bacteroides_uniformis	-0.0230223307685	1.0	-0.0317547145445	-0.00349247813886	-0.0198317977206	-0.00666738279365	-0.0145744327054	-0.00878509369687	-0.00435263259349	-0.0618983052377	-0.0454132726393	-0.0351471174601	-0.0129857980313	-0.0425535057594	-0.00597409698242	-0.000647423474077	0.0205803853888	0.000625907240387	-0.0121569332832	-0.00453122225698	0.00586141859461	-0.0363676524511	-0.0387985879987	-0.00494261024218	-0.0142066498017	-0.029285648351	-0.0337507388661	-0.0227684945494	-0.00345715388732	-0.0245621250285	0.0385002197755	0.0760930612065	-0.00709027612553	0.0189105012731	0.0289698822352	-0.0197206642493	0.0218720407554	0.0477773929661	-0.0166868537096	-5.71527611705e-05	0.0132979292275	0.0287069909334	0.044629688012	-0.0551968244255	-0.00709128860873	-0.0607623305446	0.0433761279942	-0.0144179772778	0.0136501043503	0.035574478725	0.0063620222771	-0.0338097585452	0.00133900645429	-0.0201072453602	-0.0433517075896	0.0282911221043	-0.0231640061239	-0.0277163702541	-0.006040667947
k__Bacteria;p__Bacteroidetes;c__Bacteroidia;o__Bacteroidales;f__Rikenellaceae;g__Alistipes;s__Alistipes_putredinis	-0.0298871242809	-0.0317547145445	1.0	0.0158875853186	-0.0162360394509	-0.0562340831562	-0.0021089631912	-0.0448043050238	-0.0358118762657	0.0400704912952	-0.0514116240645	-0.0463758556586	-0.00746562176764	-0.0593890215225	0.0132316132905	-0.00968527599852	0.0398890868277	-0.00734089882645	0.00770209523758	0.0201084572172	-0.00624783398216	0.0132281767446	-0.0508808700089	0.016123969648	-0.00378534160048	0.0176366317691	-0.0265281997763	0.0411586010773	0.101053056532	-0.0897226945176	0.0777170320748	-0.00305639714644	-0.0580823221276	0.00793519018314	-0.0340777345289	-0.0325425842267	-0.0443939644359	0.013782075486	0.0246369872476	-0.065940448828	0.015662547553	-0.00489593536396	-0.0255285699992	0.00620558293523	-0.000122127299017	-0.0654780299669	-0.0790358258098	0.0299913453828	0.0543461458685	0.039881284306	0.0745258505022	-0.0712695911524	-0.00333771061706	0.0308273597833	0.00773515560649	-0.0168482542775	-0.0066011776041	0.0626721715656	-0.0398596837059
k__Bacteria;p__Bacteroidetes;c__Bacteroidia;o__Bacteroidales;f__Prevotellaceae;g__Prevotella;s__Prevotella_copri	-0.0682283191566	-0.00349247813886	0.0158875853186	1.0	-0.0383594763905	-0.0494076661375	-0.0319732739447	-0.00917637730547	-0.00721694989088	-0.00213504341855	0.0230915082232	-0.0435888796878	-0.0268574398854	-0.0245669075736	0.0419287973499	-0.0816199600981	0.0150203187939	-0.00057087226325	0.0192123458541	0.0447645944344	0.0365594725622	0.0024565426885	-0.0218278246223	-0.0498942828052	0.0288520771696	0.00952762182999	-0.0223349806203	-0.0272662181071	0.0226615309035	0.0247071050068	-0.00898251532357	-0.000661157786687	0.000581511522081	-0.00213962072056	0.0015761231717	-0.0740726810402	0.019827019881	0.0535740033691	0.0627920839412	-0.0200295262652	0.0233080966831	0.00567794391453	-0.0455550459938	-0.0346576014469	-0.0378173482042	-0.0290422237524	0.00422327897127	-0.06606390321	0.0108575018649	-0.0705700297158	0.0233463580326	-0.00154682920234	0.00731315923567	0.0168529160866	-0.0935748731869	0.0131672479544	-0.0289531698048	0.0529869875556	0.013523602742
k__Bacteria;p__Bacteroidetes;c__Bacteroidia;o__Bacteroidales;f__Bacteroidaceae;g__Bacteroides;s__Bacteroides_stercoris	-0.0155753019221	-0.0198317977206	-0.0162360394509	-0.0383594763905	1.0	0.0271656943953	-0.0390759516645	-0.0420343906072	-0.0303347128388	0.093999790352	-0.0380227291535	0.0196270451347	0.0182868037631	-0.040968979467	-0.0570645081869	0.0181731785766	0.0654337229619	0.0209527355094	-0.000897702413422	0.0239071533566	0.0348956605424	-0.0311378997142	-0.0609913313833	0.0340517379788	0.00611929466657	-0.0689807504741	0.00315650973705	-0.0340106434097	-0.0433430152458	0.0135814267763	0.0147934061396	0.0657408699299	0.00469847392856	-0.02490955694	-0.0531536343431	-0.0322789997618	-0.00589889315352	-0.0279802978589	-0.0265470761693	-0.0331132928972	-0.0167250398233	0.00921790930759	0.0413266691708	-0.00432054915286	0.0177692201963	-0.0294505735895	0.0535028738002	-0.0589487601972	0.0625029100095	-0.0171414829802	-0.047706218315	0.0188657943482	0.00413802567665	3.34874085529e-05	-0.00253606342383	-0.014130448883	0.0377417699335	0.0200476746932	0.0145180464342
k__Bacteria;p__Bacteroidetes;c__Bacteroidia;o__Bacteroidales;f__Bacteroidaceae;g__Bacteroides;s__Bacteroides_ovatus	-0.0485167105627	-0.00666738279365	-0.0562340831562	-0.0494076661375	0.0271656943953	1.0	0.0175487189575	-0.00045504932247	0.0119852139937	-0.011385575824	0.0358313159719	-0.00959186165169	0.0217274312794	0.0253426432973	-0.064849997401	-0.0186622026912	-0.0151293434642	0.0354604998755	0.0293853931545	0.0770966733214	0.0500285563423	-0.0130363272628	-0.0390373064531	-0.0200783944963	-0.0232016212158	-0.0277285269107	0.0197595217895	-0.0416141793433	-0.0498911374169	0.0150795093272	-0.0319180692239	-0.0327726301144	-0.0732992300587	-0.0354574640362	-0.051571533343	0.01383612843	-0.0298012710784	-0.0226207169129	0.0182946359072	-0.0277173659962	-0.0177794014269	-0.0395460757005	-0.0380808360281	0.00150198959149	-0.0127288300343	0.00876961948005	-0.00444220484029	0.0524872657393	0.0334278541129	-0.00944824378701	0.0261965776867	0.0103434459415	-0.0316275431288	0.0652742117893	-0.00813406079599	0.0322131756993	0.0139330021952	-0.0561721041328	-0.0282602631347
k__Bacteria;p__Bacteroidetes;c__Bacteroidia;o__Bacteroidales;f__Rikenellaceae;g__Alistipes;s__Alistipes_shahii	-0.0408602328074	-0.0145744327054	-0.0021089631912	-0.0319732739447	-0.0390759516645	0.0175487189575	1.0	-0.0300156079903	0.0169302618456	-0.012335674159	-0.00298360187928	-0.0220876599547	-0.00477300766802	-0.0167524766289	0.000917236794988	-0.00357463794053	-0.02688435034	-0.0416717848087	-0.00770381075282	-0.00315181071955	0.0592325199832	-0.0185489500053	-0.0490805500097	0.0236530758222	0.0231935050229	0.0463190239255	0.00858266442528	-0.0149043991054	-0.012433763494	0.0238973744845	-0.00151467944718	0.06562508515	0.0130135530913	-0.0155655065068	0.0218213082548	-0.043520097249	-0.0357720469692	0.0850818562868	-0.0691559236097	-0.0789230666771	0.0263389348862	0.00951915402128	-0.0137067459386	0.0394585643179	-0.0375466158615	-0.0145874508644	-0.053507185324	0.0522632014799	0.0221909232679	0.0126633570287	-0.0144744291615	0.00474725159862	-0.00898073627223	-0.0129937782481	-0.0182988161823	-0.0126567778578	-0.000476993963649	0.00133427760712	-0.0438403299932
k__Bacteria;p__Firmicutes;c__Clostridia;o__Clostridiales;f__Ruminococcaceae;g__Faecalibacterium;s__Faecalibacterium_prausnitzii	-0.0525923458852	-0.00878509369687	-0.0448043050238	-0.00917637730547	-0.0420343906072	-0.000455049322469	-0.0300156079903	1.0	0.0495234677672	0.0369957610048	0.00884909736837	-0.0191855665022	-0.0188792537753	0.00243535794661	-0.0453868668531	0.0614526798181	0.0187217892106	0.0161640447369	-0.0113939664128	0.0296600560189	-0.0123195961195	-0.0056018872546	-0.0155923302685	0.0166806699965	-0.0240887109627	-0.0279592435114	-0.0498058698685	-0.00772418579981	-0.10886696421	-0.0179401536544	0.0340732835301	0.0308090552531	-0.021296261726	0.0550033757473	-0.0381343734974	0.00870893224838	-0.0635708283675	0.00791437576434	0.0231788988154	0.0200728906886	-0.0531877120232	0.0263531387037	0.0159929006373	0.00617576216734	-0.0337269123782	0.0224092412136	0.0233213332068	-0.0542666094694	0.00576397585867	0.0459593800624	0.0417633748655	0.0112111714297	-0.0287152428067	-0.0152546305032	-0.0329664226643	0.00379321446933	0.0314450481413	0.0403205467577	0.0407440691136
k__Bacteria;p__Bacteroidetes;c__Bacteroidia;o__Bacteroidales;f__Rikenellaceae;g__Alistipes;s__Alistipes_finegoldii	-0.00206315670087	-0.00435263259349	-0.0358118762657	-0.00721694989088	-0.0303347128388	0.0119852139937	0.0169302618456	0.0495234677672	1.0	-0.00407670843234	-0.0326245309197	-0.0494033599999	-0.0379350675557	-0.0339914898115	0.0162111541443	-0.0420591240666	-0.0175757725566	-0.00173851482753	-0.00493625381305	-0.0213722385912	-0.00890501566754	0.0517970177496	0.00037838664973	0.0578586632552	-0.0225966084355	0.0230090258465	-0.0425076317421	-0.0417295743751	0.0320033869568	0.00427585874526	0.0178673935529	-0.00164300836136	-0.000295255765675	0.0415599538609	-1.87831154118e-05	0.0170542716242	0.102567291812	-0.0360410778058	0.00553818628569	0.0530710309697	-0.00784214249034	-0.070440388892	0.0437671364811	-0.028644500752	0.0428787648046	0.00744517747809	0.0114616925738	-0.0374468100545	0.0318906301434	-0.088892778705	-0.0692826793243	-0.0355563879661	-0.0647166376448	-0.022036602201	-0.0353879385901	-0.0253600500188	-0.0129175579741	-0.0193457908023	0.0245297296751
k__Bacteria;p__Bacteroidetes;c__Bacteroidia;o__Bacteroidales;f__Porphyromonadaceae;g__Parabacteroides;s__Parabacteroides_distasonis	0.0193601642608	-0.0618983052377	0.0400704912952	-0.00213504341855	0.093999790352	-0.011385575824	-0.012335674159	0.0369957610048	-0.00407670843234	1.0	0.046965883622	-0.0574186927003	0.0192875538279	0.0144059278354	-0.00920127342752	0.0416901990871	-0.085536730506	-0.0153855869205	-0.0854155142484	-0.0305063404331	-0.0247608063266	-0.0117235189471	-0.0502414990557	-0.0416730585931	-0.00460264255637	0.000994672345781	0.00239160875425	0.036299306285	0.0164428961866	0.0500285584968	0.00827907445667	0.0166543287396	-0.00182565888585	-0.0142176681329	-0.0189943476446	-0.0210831283411	-0.0140000876408	0.00241488563255	0.0281046746289	0.00891302250477	-0.054822411972	-0.0719653288543	-0.00866074158898	-0.0120618410632	0.0144259746965	-0.00465959035301	0.00798101181569	-0.000860006002223	0.0127246611896	-0.0525471037279	-0.0485848716204	0.0349120216183	0.00951972998727	0.00887945782923	-0.0178446807071	-0.036886669746	-0.0679894634445	0.017926135011	0.013961653874
k__Bacteria;p__Bacteroidetes;c__Bacteroidia;o__Bacteroidales;f__Bacteroidaceae;g__Bacteroides;s__Bacteroides_thetaiotaomicron	-0.0571782093418	-0.0454132726393	-0.0514116240645	0.0230915082232	-0.0380227291535	0.0358313159719	-0.00298360187928	0.00884909736837	-0.0326245309197	0.046965883622	1.0	0.0447944975353	0.0566294323042	0.00986829761214	0.058684662453	-0.032347697206	0.0518460520345	-0.0478920167193	0.0207131065121	-0.0251686789029	-0.0466196137627	0.0488704390907	-0.0291513127018	-0.053697971023	0.0057741844759	-0.00235375734573	0.0145720658789	-0.00907914587445	-0.00424702254275	-0.0236627834402	-0.0204851026159	0.0446436941838	-0.0339659120729	-0.00810767854809	0.00606629921883	-0.0107704493027	-0.0139458805756	-0.0326827118478	-0.0272882988628	-0.0195612072778	-0.0468872373999	0.00924973730644	0.0311356006977	0.045944985397	0.0306020893365	-0.037205651694	0.0161931485598	-0.0444525560177	0.0354740572624	-0.00722258330936	-0.00825041786504	0.000554667931188	0.0153276479741	-0.019295644905	-0.0340972342359	-0.0166983403049	-0.032094960893	-0.0313031198114	-0.0783502337204
k__Bacteria;p__Bacteroidetes;c__Bacteroidia;o__Bacteroidales;f__Bacteroidaceae;g__Bacteroides;s__Bacteroides_coprocola	0.0248901113526	-0.0351471174601	-0.0463758556586	-0.0435888796878	0.0196270451347	-0.00959186165169	-0.0220876599547	-0.0191855665022	-0.0494033599999	-0.0574186927003	0.0447944975353	1.0	-0.0396324896791	-0.0165736521012	-0.022171136722	-0.0236534600376	-0.00420243116872	0.0302186614703	0.0258956297623	0.0438606719144	0.00885887232495	0.0293172565497	-0.0196400103452	0.0186361828119	-0.0181398802278	0.00881268666678	0.0334635013868	-0.0287754822946	0.0689052903486	0.00417143266687	-0.001034908774	-0.0241304629354	0.0292682533863	0.0503069625125	-0.0282036202743	-0.0449927679175	0.0165312301754	-0.0188265817693	-0.0272851085199	0.00153362866001	-0.0185569116625	-0.00114628171141	0.0305445033919	-0.00660704809848	-0.0717560205611	0.0340181347599	0.0026543364459	-0.0741613605244	0.0195259979256	-0.0422763349495	0.00697729969799	-0.046818032803	-0.000769026096401	-0.00612433974156	-0.0591054181624	-0.0284640104144	-0.0673361183471	0.0198936918513	-0.0186281507963
k__Bacteria;p__Bacteroidetes;c__Bacteroidia;o__Bacteroidales;f__Bacteroidaceae;g__Bacteroides;s__Bacteroides_cellulosilyticus	-0.0496892248782	-0.0129857980313	-0.00746562176764	-0.0268574398854	0.0182868037631	0.0217274312794	-0.00477300766802	-0.0188792537753	-0.0379350675557	0.0192875538279	0.0566294323042	-0.0396324896791	1.0	-0.0111971172657	0.00768665813157	0.00224975283508	0.0634287783092	-0.0709901194971	-0.0566448429254	-0.0114969269386	0.00371095849122	-0.0118928906316	0.02524672761	0.0819012016293	0.0366182737189	-0.0496365412454	-0.0416332478023	0.0416645911794	0.00888108353342	-0.0567284209398	-0.0321152243641	0.0193477708067	-0.00465561458433	-0.0659421324902	-0.0275503825734	0.0112793971883	-0.0398935154772	0.0425991032152	-0.0227550047535	0.00768289388777	0.0609425016161	0.0374249639076	-0.00797454354058	-0.0120639984264	-0.0035733187132	-0.0058394776324	0.0202135382082	-0.0627213944665	0.0159624601914	-0.0350489566443	0.00394888961914	-0.0871851569182	-0.0347152859667	0.00602516161854	0.0248841403389	0.0428320708514	-0.0795949131529	-0.0173020776113	0.00700208703348
k__Bacteria;p__Bacteroidetes;c__Bacteroidia;o__Bacteroidales;f__Rikenellaceae;g__Alistipes;s__Alistipes_obesi	0.0424654608797	-0.0425535057594	-0.0593890215225	-0.0245669075736	-0.040968979467	0.0253426432973	-0.0167524766289	0.00243535794661	-0.0339914898115	0.0144059278354	0.00986829761214	-0.0165736521012	-0.0111971172657	1.0	0.0218310076371	0.0049912991876	-0.0259767238246	-0.0186894165996	0.057003290138	-0.0426493720146	0.0265323622641	0.0265190820499	0.00800437342663	0.0249138068282	0.0293512708161	0.0363052085519	-0.0144620551798	-0.00764258912762	-0.0184218766936	-0.0394371445047	-0.079513839257	-0.0167277900735	-0.0404494316184	-0.0282832456536	-0.043904578483	0.0198148290876	-0.0142086933044	-0.075708490191	-0.0123536730247	0.0238298059794	-0.0340214881749	0.0305955943641	0.0241553503292	-0.0104255879404	0.016889185758	0.0170293943239	0.0466470842585	0.031873662071	0.0234233970827	0.0239897323144	-0.0634404957598	-0.0417473558838	-0.0215050732995	-0.0179170957588	0.00929485431938	0.0204668277508	-0.0530189205411	0.0249992432341	-0.0553416242941
k__Bacteria;p__Firmicutes;c__Clostridia;o__Clostridiales;f__Lachnospiraceae;g__;s__[Eubacterium]_rectale	-0.0217271689858	-0.00597409698242	0.0132316132905	0.0419287973499	-0.0570645081869	-0.064849997401	0.000917236794988	-0.0453868668531	0.0162111541443	-0.00920127342752	0.058684662453	-0.022171136722	0.00768665813157	0.0218310076371	1.0	-0.00334692100906	-0.0443332416113	-0.0478246040343	-0.00255901770068	0.0123121756746	0.0327805171361	0.0725821873554	-0.0219448496292	-0.00338896851623	0.0398712251617	-0.0315147671846	-0.0638958918858	-0.00389542879138	-0.00341696924587	0.0300455718572	-0.0225499439408	0.0206634539852	-0.0176589181886	-0.0154453548355	0.00561538378707	-0.0134304731694	-0.0182694804244	-0.0260336769974	-0.0324547637447	-0.0434981254639	-0.0449752116288	-0.0408295470164	-0.0374871796143	0.0442769692854	-0.00265788057438	-0.027648556099	-0.00606572974868	-0.0213716785589	-0.0209172072562	0.0526595208027	0.00748413463742	-0.0336055049086	0.0126800153449	0.0149753929585	0.0374153167146	-0.0091457987852	-0.00296375513141	-0.045481127769	0.0966418526475
k__Bacteria;p__Bacteroidetes;c__Bacteroidia;o__Bacteroidales;f__Bacteroidaceae;g__Bacteroides;s__Bacteroides_plebeius	0.0372231010993	-0.000647423474077	-0.00968527599852	-0.0816199600981	0.0181731785766	-0.0186622026912	-0.00357463794053	0.0614526798181	-0.0420591240666	0.0416901990871	-0.032347697206	-0.0236534600376	0.00224975283508	0.0049912991876	-0.00334692100906	1.0	-0.0262611387579	0.0145382665375	-0.0161620547326	-0.0236500516058	0.0310296747436	-0.0770614740868	-0.0142790565509	-0.0273390973135	-0.0709202340264	-0.024064374975	-0.00813038298411	-0.0105906551597	-0.0124839573421	0.0423919157102	0.0234909051898	-0.0831425003313	0.0277558522814	0.00350685043045	0.0372470983724	0.0435525982667	-0.0399895797652	-0.0283099846508	0.0232532135009	0.0108557189606	-0.0488558566179	-0.00099359658848	-0.0161490331827	-0.0432786649958	-0.041102727687	0.0231507186294	0.0463908285946	-0.0140633130047	-0.0265781690558	0.0158178859191	0.0182692028742	0.078366111343	-0.00257171765242	-0.01366643353	0.0210780204538	-0.0478948126149	0.0410953596975	-0.0159093087529	0.0303408859632
k__Bacteria;p__Bacteroidetes;c__Bacteroidia;o__Bacteroidales;f__Bacteroidaceae;g__Bacteroides;s__Bacteroides_fragilis	-0.00527630328224	0.0205803853888	0.0398890868277	0.0150203187939	0.0654337229619	-0.0151293434642	-0.02688435034	0.0187217892106	-0.0175757725566	-0.085536730506	0.0518460520345	-0.00420243116872	0.0634287783092	-0.0259767238246	-0.0443332416113	-0.0262611387579	1.0	0.0143509856197	-0.0390666846485	-0.0757265481195	-0.000140248575794	-0.0104261469701	0.00322336550352	-0.0347247896912	0.023783131802	0.0513533575659	0.023160213054	0.089994208906	0.000506389671276	-0.0298115386279	0.00690940501352	-0.0237929072933	0.0111576435064	-0.0426352621019	0.014361797837	-0.0753222695748	0.0140732984873	-0.00583701216568	0.000772870475966	0.00479948748877	0.0112363637147	0.0315080286127	-0.0558294516212	-0.00376249189374	-0.00543218727277	0.0147841904353	-0.0131545771729	0.0286323094263	-0.0121730144858	0.0221965469188	-0.0617536145621	0.0288488011659	-0.0322902838953	-0.0770318451083	0.0126500515531	0.0176733742358	0.00923371315969	-0.0861784866736	0.00538420692933
k__Bacteria;p__Proteobacteria;c__Betaproteobacteria;o__Burkholderiales;f__Sutterellaceae;g__Sutterella;s__Sutterella_wadsworthensis	-0.030213757495	0.000625907240387	-0.00734089882645	-0.00057087226325	0.0209527355094	0.0354604998755	-0.0416717848087	0.0161640447369	-0.00173851482753	-0.0153855869205	-0.0478920167193	0.0302186614703	-0.0709901194971	-0.0186894165996	-0.0478246040343	0.0145382665375	0.0143509856197	1.0	-0.0131354871029	-0.0300453655841	-0.0346928447179	-0.0599086371566	0.0385839780604	0.0084223239614	-0.00295764482306	-0.0479280390462	0.0648165776438	0.00434689553805	0.00836863381355	-0.024935014111	0.00785738217631	-0.0102598613714	0.0319463461812	0.0574065552988	0.0212215347176	0.0468523193725	-0.02812231863	-0.0329012256083	0.050022429217	0.045982351294	-0.0433935657195	-0.0645114496577	0.0104811308799	0.00688122901609	-0.116390133539	0.00323743283424	-0.0514413695448	-0.0424494786681	-0.0542042560513	-0.00110297239629	0.0087086934759	-0.0386853843082	-0.00242707796349	-0.0306352697629	0.052062383863	-0.00841549372616	-0.0153891422301	-0.0290277490486	0.0221456400553
k__Bacteria;p__Bacteroidetes;c__Bacteroidia;o__Bacteroidales;f__Porphyromonadaceae;g__Barnesiella;s__Barnesiella_intestinihominis	-0.0170431794673	-0.0121569332832	0.00770209523758	0.0192123458541	-0.000897702413422	0.0293853931545	-0.00770381075282	-0.0113939664128	-0.00493625381305	-0.0854155142484	0.0207131065121	0.0258956297623	-0.0566448429254	0.057003290138	-0.00255901770068	-0.0161620547326	-0.0390666846485	-0.0131354871029	1.0	0.0640062812963	-0.0449243285633	-0.00528155679943	-0.00704259318895	-0.0453571725628	0.0245688959289	0.0407574090512	-0.0295899068551	0.000691820299766	0.0169642533333	-0.0416333330364	-0.0610598016274	-0.0231057030617	0.00451651224901	0.0258946976334	0.0618051711442	-0.00915468355633	0.0522393347582	-0.0172262941673	0.0216283656137	0.0766068406223	0.035181399799	-0.0145288532795	-0.0277672067597	-0.00292589686165	-0.0263665519097	0.00420608342697	0.0277630693583	-0.0346611252703	0.0357551257202	-0.00659515442439	-0.0444197634945	0.00700402990472	0.012545090067	-0.0928001949573	0.0408512055707	0.0431613075339	-0.0481465892019	-0.0498310308763	-0.0129051157475
k__Bacteria;p__Bacteroidetes;c__Bacteroidia;o__Bacteroidales;f__Odoribacteraceae;g__Odoribacter;s__Odoribacter_splanchnicus	-0.00524571590912	-0.00453122225698	0.0201084572172	0.0447645944344	0.0239071533566	0.0770966733214	-0.00315181071955	0.0296600560189	-0.0213722385912	-0.0305063404331	-0.0251686789029	0.0438606719144	-0.0114969269386	-0.0426493720146	0.0123121756746	-0.0236500516058	-0.0757265481195	-0.0300453655841	0.0640062812963	1.0	0.0217261701017	0.00056471348707	-0.0279551901761	-0.0631458275919	-0.00129258776602	0.0369295552292	0.0485853900279	-0.0258113654209	-0.0167064713512	0.0186991588032	-0.0115124585403	-0.09625190205	0.0186901357383	-0.0895101388483	-0.0204072324382	-0.0245634508069	0.0393348068913	-0.00925630276346	0.0121633083032	-0.083182834186	0.0824966146148	-0.0414698213751	-0.0360609429099	-0.0117118877108	0.0312596161875	-0.00066238251166	-0.0403420277049	-0.0225967422634	0.00240465073872	-0.0156966823039	-0.0540254801096	0.0063611590658	-0.0376863606936	0.0351613671137	0.0490435481456	0.036743157568	-0.0723024737002	0.012156143438	-0.0156920865627
k__Bacteria;p__Bacteroidetes;c__Bacteroidia;o__Bacteroidales;f__Bacteroidaceae;g__Bacteroides;s__Bacteroides_salyersiae	0.00500305342008	0.00586141859461	-0.00624783398216	0.0365594725622	0.0348956605424	0.0500285563423	0.0592325199832	-0.0123195961195	-0.00890501566754	-0.0247608063266	-0.0466196137627	0.00885887232495	0.00371095849122	0.0265323622641	0.0327805171361	0.0310296747436	-0.000140248575794	-0.0346928447179	-0.0449243285633	0.0217261701017	1.0	-0.0510867086059	0.0822155156132	-0.00544811745673	-0.0390967436166	0.00518997572261	0.0394379034971	-0.0106072730967	-0.0701299380234	-0.0418259309315	-0.018975031037	-0.0572409337083	0.0614934908338	-0.0549833442925	-0.0606630794846	0.0224801508411	0.0138142981388	0.0234046590819	-0.00840181055929	0.00502588898339	-0.0222413134098	0.0637373644701	-0.0254708033374	-0.0409261755216	0.00602762994107	-0.016108389526	0.00657165873196	0.00561011561402	-0.00200122413415	-0.00941462567355	-0.0458213910792	0.0203685178537	0.030125545284	-0.0100704261753	-0.0054473524887	-0.00843655146578	-0.0310773075888	-0.0644003337207	-0.0619877379218
k__Bacteria;p__Firmicutes;c__Clostridia;o__Clostridiales;f__Ruminococcaceae;g__Ruminiclostridium;s__[Eubacterium]_siraeum	0.00620590228729	-0.0363676524511	0.0132281767446	0.0024565426885	-0.0311378997142	-0.0130363272628	-0.0185489500053	-0.0056018872546	0.0517970177496	-0.0117235189471	0.0488704390907	0.0293172565497	-0.0118928906316	0.0265190820499	0.0725821873554	-0.0770614740868	-0.0104261469701	-0.0599086371566	-0.00528155679943	0.000564713487069	-0.0510867086059	1.0	-0.0497036714903	-0.0253151421532	0.0330015856887	0.0415823009153	0.00893067121472	-0.000391266498122	0.00764468205407	0.0211710128643	0.028043048624	-0.00230639045439	-0.0458251236912	-0.0306947113322	-0.0110316861978	-0.0448121609921	0.010271179574	-0.0396118873057	-0.0127273317064	-0.00636290509538	0.0779107116617	0.0121260678928	0.0333097151489	0.0182791848548	0.00192630633556	0.00614946730033	-0.0119062020575	0.0100226003442	-0.0489971887446	0.0490893281013	0.0185512214303	-0.0383727017958	-0.0104372272898	-0.0252583914557	-0.0109966984654	0.0419956110238	-0.0258759147507	0.00938912726692	0.0518103709801
k__Bacteria;p__Proteobacteria;c__Betaproteobacteria;o__Burkholderiales;f__Sutterellaceae;g__Parasutterella;s__Parasutterella_excrementihominis	-0.0962785757141	-0.0387985879987	-0.0508808700089	-0.0218278246223	-0.0609913313833	-0.0390373064531	-0.0490805500097	-0.0155923302685	0.00037838664973	-0.0502414990557	-0.0291513127018	-0.0196400103452	0.02524672761	0.00800437342663	-0.0219448496292	-0.0142790565509	0.00322336550352	0.0385839780604	-0.00704259318895	-0.0279551901761	0.0822155156132	-0.0497036714903	1.0	0.0250877912575	0.0082989389066	0.0295089802945	0.0284289075084	0.00413823284543	-0.0509734693984	-0.0394291008407	-0.0102651947507	-0.0426558421246	0.0155568649708	-0.0443226143281	0.00393381250847	0.0718138323288	-0.0517748627716	0.0159114952521	0.0540557904318	0.0161415718162	-0.0285629329382	-0.0908835624722	-0.0242268515721	-0.0175194286773	0.0874457722512	0.00243219302593	0.0341672997949	0.0338517455952	-0.0323323401088	-0.0372671610927	-0.0240171497287	-0.0129408829898	0.00845125978361	0.0128985938013	-0.0167557409404	-0.0648510074887	0.0271232174505	0.0875669978244	-0.0738430056263
k__Bacteria;p__Actinobacteria;c__Actinobacteria;o__Bifidobacteriales;f__Bifidobacteriaceae;g__Bifidobacterium;s__Bifidobacterium_adolescentis	0.00146258934608	-0.00494261024218	0.016123969648	-0.0498942828052	0.0340517379788	-0.0200783944963	0.0236530758222	0.0166806699965	0.0578586632552	-0.0416730585931	-0.053697971023	0.0186361828119	0.0819012016293	0.0249138068282	-0.00338896851623	-0.0273390973135	-0.0347247896912	0.0084223239614	-0.0453571725628	-0.0631458275919	-0.00544811745673	-0.0253151421532	0.0250877912575	1.0	-0.0342502972411	0.0183407189859	0.0219603112131	-0.00461133669633	0.0172169372694	0.0350539889617	0.0383252706219	-0.00300864387236	-0.0198423336912	0.0300395541217	0.0244457767983	-0.042028178077	0.00630871668857	-0.0505373317318	-0.10921917168	-0.0452463860183	0.00352550856098	-0.0280433401921	-0.017647357157	0.00178575948035	-0.0177656131484	-0.0193130329371	-0.012820359252	0.0136539839561	0.00763498346486	-0.051932965548	0.0529815949809	-0.0369186265248	-0.0291640808581	0.00231337532368	-0.042540152296	-0.0163791760772	0.00211600002162	0.00655150763556	-0.0616409228068
k__Bacteria;p__Firmicutes;c__Clostridia;o__Clostridiales;f__Oscillospiraceae;g__Oscillibacter;s__Oscillibacter_sp._KLE_1745	0.0120269659398	-0.0142066498017	-0.00378534160048	0.0288520771696	0.00611929466657	-0.0232016212158	0.0231935050229	-0.0240887109627	-0.0225966084355	-0.00460264255637	0.0057741844759	-0.0181398802278	0.0366182737189	0.0293512708161	0.0398712251617	-0.0709202340264	0.023783131802	-0.00295764482306	0.0245688959289	-0.00129258776602	-0.0390967436166	0.0330015856887	0.0082989389066	-0.0342502972411	1.0	-0.00948988924382	-0.026557003325	-0.00809043831265	0.0069556874562	-0.0449657038654	0.0294234138931	0.00400930259508	-0.00610270708128	0.0190742088486	-0.0698123015769	0.0700012810657	-0.0368657612065	0.00237807109533	-0.0867436374302	-0.00506498802873	0.0556944516211	-0.0068528463313	0.0407745401811	0.0123507241955	0.0389085749142	0.0236975452391	-0.00560222102778	0.0249743830438	-0.00931647447453	-0.034084695505	-0.0476466314652	-0.0639970722001	-0.0522160354878	0.0163004332531	0.00509330958635	0.0025961661136	-0.00195260339371	-0.0586772887407	-0.036909430108
k__Bacteria;p__Bacteroidetes;c__Bacteroidia;o__Bacteroidales;f__Bacteroidaceae;g__Bacteroides;s__Bacteroides_coprophilus	0.016592826498	-0.029285648351	0.0176366317691	0.00952762182999	-0.0689807504741	-0.0277285269107	0.0463190239255	-0.0279592435114	0.0230090258465	0.000994672345781	-0.00235375734573	0.00881268666678	-0.0496365412454	0.0363052085519	-0.0315147671846	-0.024064374975	0.0513533575659	-0.0479280390462	0.0407574090512	0.0369295552292	0.00518997572261	0.0415823009153	0.0295089802945	0.0183407189859	-0.00948988924382	1.0	0.0193703501482	0.0154966363516	-0.0506789101992	-0.0639372511077	-0.0134969792046	-0.0264052114271	-0.0931216150098	-0.0274468242282	0.0160750625849	-0.0167829733107	0.00311676938064	0.00410759941858	0.0440221556939	-0.0082113407555	-0.00448208856562	-0.0534454266035	0.0241936450316	-0.0233545619317	-0.0567968694878	-0.0265601798181	-0.0625817951579	0.00844632604772	0.0240816810263	-0.0325334803758	-0.0455883005485	-0.00287588093061	0.0112979443202	-0.0371921721054	-0.0182936606768	0.0196231164881	-0.00740426177927	-0.0425807980335	-0.0152280643956
k__Bacteria;p__Firmicutes;c__Clostridia;o__Clostridiales;f__Lachnospiraceae;g__Roseburia;s__Roseburia_intestinalis	0.0195890925391	-0.0337507388661	-0.0265281997763	-0.0223349806203	0.00315650973705	0.0197595217895	0.00858266442528	-0.0498058698685	-0.0425076317421	0.00239160875425	0.0145720658789	0.0334635013868	-0.0416332478023	-0.0144620551798	-0.0638958918858	-0.00813038298411	0.023160213054	0.0648165776438	-0.0295899068551	0.0485853900279	0.0394379034971	0.00893067121472	0.0284289075084	0.0219603112131	-0.026557003325	0.0193703501482	1.0	0.0200439871955	0.0155473759827	0.0733719154452	0.0388292555206	-0.0248332175202	0.0211225297414	0.0416775358578	-0.0407800569855	0.0271409141009	0.00609374753779	-0.0269246450655	0.00425480992795	-0.00868225326888	-0.0108764123638	0.00376901382444	-0.0197689201433	0.0242166509905	-0.0210166224812	0.00931053327545	0.0418943218818	0.0085375125905	-0.077293136342	-0.000503489222931	-0.0311613310826	-0.0276691721072	-0.0155552641463	0.00904422098756	0.0389729968999	0.0154823669982	-0.00257491231399	-0.0946955297314	-0.0830329005963
k__Bacteria;p__Firmicutes;c__Clostridia;o__Clostridiales;f__Lachnospiraceae;g__Roseburia;s__Roseburia_hominis	-0.0220022857506	-0.0227684945494	0.0411586010773	-0.0272662181071	-0.0340106434097	-0.0416141793433	-0.0149043991054	-0.00772418579981	-0.0417295743751	0.036299306285	-0.00907914587445	-0.0287754822946	0.0416645911794	-0.00764258912762	-0.00389542879138	-0.0105906551597	0.089994208906	0.00434689553805	0.000691820299766	-0.0258113654209	-0.0106072730967	-0.000391266498122	0.00413823284543	-0.00461133669633	-0.00809043831265	0.0154966363516	0.0200439871955	1.0	-0.0142037013713	-0.0343728239273	-0.0262711668962	-0.000575361061304	-0.057421143001	0.045406758547	0.0397156116171	0.00236570375705	-0.0250669260771	-0.0590421371262	-0.0239484018082	0.0410688832339	-0.0171568687681	0.0103050916757	-0.00174476312079	-0.020416318189	-0.00675513818149	-0.0390754032317	-0.0158997464765	0.0116873998658	-0.00841838151482	0.00302873411815	0.0355932587146	0.0417659618362	-0.0110452185608	-0.00840617890459	-0.0013968905968	0.0555124025099	0.0202887276595	0.03016140338	-0.0761480767187
k__Bacteria;p__Bacteroidetes;c__Bacteroidia;o__Bacteroidales;f__Porphyromonadaceae;g__Parabacteroides;s__Parabacteroides_johnsonii	0.00791807553978	-0.00345715388732	0.101053056532	0.0226615309035	-0.0433430152458	-0.0498911374169	-0.012433763494	-0.10886696421	0.0320033869568	0.0164428961866	-0.00424702254275	0.0689052903486	0.00888108353342	-0.0184218766936	-0.00341696924587	-0.0124839573421	0.000506389671276	0.00836863381355	0.0169642533333	-0.0167064713512	-0.0701299380234	0.00764468205407	-0.0509734693984	0.0172169372694	0.0069556874562	-0.0506789101992	0.0155473759827	-0.0142037013713	1.0	0.0121810174963	0.00560709515327	-0.0592862874179	-0.00490223334676	0.0060559279151	-0.0225412293697	0.0124826584613	-0.0526563889526	0.0102592326484	-0.0340554671807	-0.0369228682105	-0.0491372446176	0.0369009837443	-0.00157250652099	0.0584132797714	-0.01922396559	-0.0304556238192	0.0195379564754	0.0624152310877	-0.0424593423833	0.0596440518746	-0.0462951826213	-0.0462079230227	-0.00557744878209	-0.0131066679423	-0.0283689389978	-0.041268512091	0.0179644046536	0.00359900537963	0.0462969487912
k__Bacteria;p__Actinobacteria;c__Actinobacteria;o__Bifidobacteriales;f__Bifidobacteriaceae;g__Bifidobacterium;s__Bifidobacterium_longum	0.0418220884856	-0.0245621250285	-0.0897226945176	0.0247071050068	0.0135814267763	0.0150795093272	0.0238973744845	-0.0179401536544	0.00427585874526	0.0500285584968	-0.0236627834402	0.00417143266687	-0.0567284209398	-0.0394371445047	0.0300455718572	0.0423919157102	-0.0298115386279	-0.024935014111	-0.0416333330364	0.0186991588032	-0.0418259309315	0.0211710128643	-0.0394291008407	0.0350539889617	-0.0449657038654	-0.0639372511077	0.0733719154452	-0.0343728239273	0.0121810174963	1.0	-0.070430746103	-0.0366082856221	0.00214585296605	-0.0319857295784	-0.000740105196394	0.0234939878705	0.0351604903642	-0.054866856056	-0.0702831184156	0.0955799298706	0.0168128000965	-0.0218540649215	-0.0366537800453	-0.0263824683805	0.0450671317017	-0.0575258438801	0.0224438581863	-0.0094447250077	-0.0453279831412	0.00237904665398	-0.0348956738054	0.0242304484928	-0.0136479426076	-0.00890511486169	-0.0255094142097	-0.0167797117059	0.0191257635306	-0.00552572900237	-0.0150763913204
