#taxonomy	k__Bacteria;p__Bacteroidetes;c__Bacteroidia;o__Bacteroidales;f__Bacteroidaceae;g__Bacteroides;s__Bacteroides_vulgatus	k__Bacteria;p__Bacteroidetes;c__Bacteroidia;o__Bacteroidales;f__Bacteroidaceae;g__Bacteroides;s__Bacteroides_uniformis	k__Bacteria;p__Bacteroidetes;c__Bacteroidia;o__Bacteroidales;f__Rikenellaceae;g__Alistipes;s__Alistipes_putredinis	k__Bacteria;p__Bacteroidetes;c__Bacteroidia;o__Bacteroidales;f__Prevotellaceae;g__Prevotella;s__Prevotella_copri	k__Bacteria;p__Bacteroidetes;c__Bacteroidia;o__Bacteroidales;f__Bacteroidaceae;g__Bacteroides;s__Bacteroides_stercoris	k__Bacteria;p__Bacteroidetes;c__Bacteroidia;o__Bacteroidales;f__Bacteroidaceae;g__Bacteroides;s__Bacteroides_ovatus	k__Bacteria;p__Bacteroidetes;c__Bacteroidia;o__Bacteroidales;f__Rikenellaceae;g__Alistipes;s__Alistipes_shahii	k__Bacteria;p__Firmicutes;c__Clostridia;o__Clostridiales;f__Ruminococcaceae;g__Faecalibacterium;s__Faecalibacterium_prausnitzii	k__Bacteria;p__Bacteroidetes;c__Bacteroidia;o__Bacteroidales;f__Rikenellaceae;g__Alistipes;s__Alistipes_finegoldii	k__Bacteria;p__Bacteroidetes;c__Bacteroidia;o__Bacteroidales;f__Porphyromonadaceae;g__Parabacteroides;s__Parabacteroides_distasonis	k__Bacteria;p__Bacteroidetes;c__Bacteroidia;o__Bacteroidales;f__Bacteroidaceae;g__Bacteroides;s__Bacteroides_thetaiotaomicron	k__Bacteria;p__Bacteroidetes;c__Bacteroidia;o__Bacteroidales;f__Bacteroidaceae;g__Bacteroides;s__Bacteroides_coprocola	k__Bacteria;p__Bacteroidetes;c__Bacteroidia;o__Bacteroidales;f__Bacteroidaceae;g__Bacteroides;s__Bacteroides_cellulosilyticus	k__Bacteria;p__Bacteroidetes;c__Bacteroidia;o__Bacteroidales;f__Rikenellaceae;g__Alistipes;s__Alistipes_obesi	k__Bacteria;p__Firmicutes;c__Clostridia;o__Clostridiales;f__Lachnospiraceae;g__;s__[Eubacterium]_rectale	k__Bacteria;p__Bacteroidetes;c__Bacteroidia;o__Bacteroidales;f__Bacteroidaceae;g__Bacteroides;s__Bacteroides_plebeius	k__Bacteria;p__Bacteroidetes;c__Bacteroidia;o__Bacteroidales;f__Bacteroidaceae;g__Bacteroides;s__Bacteroides_fragilis	k__Bacteria;p__Proteobacteria;c__Betaproteobacteria;o__Burkholderiales;f__Sutterellaceae;g__Sutterella;s__Sutterella_wadsworthensis	k__Bacteria;p__Bacteroidetes;c__Bacteroidia;o__Bacteroidales;f__Porphyromonadaceae;g__Barnesiella;s__Barnesiella_intestinihominis	k__Bacteria;p__Bacteroidetes;c__Bacteroidia;o__Bacteroidales;f__Odoribacteraceae;g__Odoribacter;s__Odoribacter_splanchnicus	k__Bacteria;p__Bacteroidetes;c__Bacteroidia;o__Bacteroidales;f__Bacteroidaceae;g__Bacteroides;s__Bacteroides_salyersiae	k__Bacteria;p__Firmicutes;c__Clostridia;o__Clostridiales;f__Ruminococcaceae;g__Ruminiclostridium;s__[Eubacterium]_siraeum	k__Bacteria;p__Proteobacteria;c__Betaproteobacteria;o__Burkholderiales;f__Sutterellaceae;g__Parasutterella;s__Parasutterella_excrementihominis	k__Bacteria;p__Actinobacteria;c__Actinobacteria;o__Bifidobacteriales;f__Bifidobacteriaceae;g__Bifidobacterium;s__Bifidobacterium_adolescentis	k__Bacteria;p__Firmicutes;c__Clostridia;o__Clostridiales;f__Oscillospiraceae;g__Oscillibacter;s__Oscillibacter_sp._KLE_1745	k__Bacteria;p__Bacteroidetes;c__Bacteroidia;o__Bacteroidales;f__Bacteroidaceae;g__Bacteroides;s__Bacteroides_coprophilus	k__Bacteria;p__Firmicutes;c__Clostridia;o__Clostridiales;f__Lachnospiraceae;g__Roseburia;s__Roseburia_intestinalis	k__Bacteria;p__Firmicutes;c__Clostridia;o__Clostridiales;f__Lachnospiraceae;g__Roseburia;s__Roseburia_hominis	k__Bacteria;p__Bacteroidetes;c__Bacteroidia;o__Bacteroidales;f__Porphyromonadaceae;g__Parabacteroides;s__Parabacteroides_johnsonii	k__Bacteria;p__Actinobacteria;c__Actinobacteria;o__Bifidobacteriales;f__Bifidobacteriaceae;g__Bifidobacterium;s__Bifidobacterium_longum	k__Bacteria;p__Firmicutes;c__Clostridia;o__Clostridiales;f__;g__Flavonifractor;s__Flavonifractor_plautii	k__Bacteria;p__Firmicutes;c__Clostridia;o__Clostridiales;f__Clostridiaceae;g__Clostridium;s__Clostridium_phoceensis	k__Bacteria;p__Verrucomicrobia;c__Verrucomicrobiae;o__Verrucomicrobiales;f__Akkermansiaceae;g__Akkermansia;s__Akkermansia_muciniphila	k__Bacteria;p__Bacteroidetes;c__Bacteroidia;o__Bacteroidales;f__Prevotellaceae;g__Paraprevotella;s__Paraprevotella_xylaniphila	k__Bacteria;p__Firmicutes;c__Clostridia;o__Clostridiales;f__Ruminococcaceae;g__Ruminococcus;s__Ruminococcus_callidus	k__Bacteria;p__Bacteroidetes;c__Bacteroidia;o__Bacteroidales;f__Rikenellaceae;g__Alistipes;s__Alistipes_senegalensis	k__Bacteria;p__Firmicutes;c__Clostridia;o__Clostridiales;f__Lachnospiraceae;g__Blautia;s__Blautia_sp._KLE_1732	k__Bacteria;p__Bacteroidetes;c__Bacteroidia;o__Bacteroidales;f__Bacteroidaceae;g__Bacteroides;s__Bacteroides_oleiciplenus	k__Bacteria;p__Firmicutes;c__Clostridia;o__Clostridiales;f__Ruminococcaceae;g__Ruminococcus;s__Ruminococcus_bicirculans	k__Bacteria;p__Bacteroidetes;c__Bacteroidia;o__Bacteroidales;f__Bacteroidaceae;g__Bacteroides;s__Bacteroides_fluxus	k__Bacteria;p__Bacteroidetes;c__Bacteroidia;o__Bacteroidales;f__Prevotellaceae;g__Prevotella;s__Prevotella_stercorea	k__Bacteria;p__Firmicutes;c__Clostridia;o__Clostridiales;f__Lachnospiraceae;g__Dorea;s__Dorea_longicatena	k__Bacteria;p__Firmicutes;c__Clostridia;o__Clostridiales;f__Eubacteriaceae;g__Eubacterium;s__[Eubacterium]_eligens	k__Bacteria;p__Firmicutes;c__Clostridia;o__Clostridiales;f__Ruminococcaceae;g__;s__Ruminococcaceae_bacterium_D16	k__Bacteria;p__Firmicutes;c__Clostridia;o__Clostridiales;f__Lachnospiraceae;g__Coprococcus;s__Coprococcus_comes	k__Bacteria;p__Proteobacteria;c__Gammaproteobacteria;o__Enterobacterales;f__Enterobacteriaceae;g__Escherichia;s__Escherichia_coli	k__Bacteria;p__Firmicutes;c__Clostridia;o__Clostridiales;f__Ruminococcaceae;g__Anaerotruncus;s__Anaerotruncus_colihominis	k__Bacteria;p__Firmicutes;c__Clostridia;o__Clostridiales;f__Lachnospiraceae;g__Blautia;s__Blautia_obeum	k__Bacteria;p__Bacteroidetes;c__Bacteroidia;o__Bacteroidales;f__Odoribacteraceae;g__Odoribacter;s__Odoribacter_laneus	k__Bacteria;p__Firmicutes;c__Clostridia;o__Clostridiales;f__Ruminococcaceae;g__Ruminiclostridium;s__[Clostridium]_leptum	k__Bacteria;p__Bacteroidetes;c__Bacteroidia;o__Bacteroidales;f__Porphyromonadaceae;g__Parabacteroides;s__Parabacteroides_goldsteinii	k__Bacteria;p__Firmicutes;c__Clostridia;o__Clostridiales;f__Lachnospiraceae;g__Anaerostipes;s__Anaerostipes_hadrus	k__Bacteria;p__Firmicutes;c__Clostridia;o__Clostridiales;f__Ruminococcaceae;g__Ruminococcus;s__Ruminococcus_lactaris	k__Bacteria;p__Firmicutes;c__Clostridia;o__Clostridiales;f__Clostridiaceae;g__Clostridium;s__Clostridium_sp._L2-50	k__Bacteria;p__Firmicutes;c__Clostridia;o__Clostridiales;f__Clostridiaceae;g__Clostridium;s__Clostridium_sp._M62/1	k__Bacteria;p__Firmicutes;c__Clostridia;o__Clostridiales;f__;g__Intestinimonas;s__Intestinimonas_butyriciproducens	k__Bacteria;p__Actinobacteria;c__Actinobacteria;o__Bifidobacteriales;f__Bifidobacteriaceae;g__Bifidobacterium;s__Bifidobacterium_bifidum	k__Bacteria;p__Firmicutes;c__Negativicutes;o__Veillonellales;f__Veillonellaceae;g__Dialister;s__Dialister_invisus	k__Bacteria;p__Bacteroidetes;c__Bacteroidia;o__Bacteroidales;f__Bacteroidaceae;g__Bacteroides;s__Bacteroides_salanitronis
k__Bacteria;p__Bacteroidetes;c__Bacteroidia;o__Bacteroidales;f__Bacteroidaceae;g__Bacteroides;s__Bacteroides_vulgatus	1.0	0.0389367608162	0.0357381399264	0.0118466403945	-0.0102266618367	-0.041024514259	0.0434896709165	0.0559125514374	-0.0859788890997	-0.0104123624935	0.00190292902931	-0.0530651376275	0.022053648531	0.0290157313024	-0.040818452258	-0.00581401613803	0.0111880023709	-0.0223747472177	-0.0180664746884	0.0130092866835	-0.023808118571	0.0142121558722	-0.0372584747172	-0.024887171466	-0.0587998234149	-0.00383859495686	0.026810289287	0.016165660775	-0.0451351653793	0.0118732899443	-0.0563977084981	0.0344874457894	0.000776161903799	-0.00107603049805	0.0337646779671	0.00696566574219	0.0883060629142	-0.0603673014896	0.0182341580322	-0.0273086800527	-0.0331497884021	-0.0424213825577	-0.0166193678102	0.0236668891147	-0.00441447100183	-0.0370159334633	-0.058901426836	-0.0371215264222	0.021545423627	-0.012163844999	-0.0301324319403	0.0380325142064	-0.0374261628231	-0.0127314169554	0.036232000446	0.0016755874494	0.00994473006925	0.044218374481	-0.0680179227331
k__Bacteria;p__Bacteroidetes;c__Bacteroidia;o__Bacteroidales;f__Bacteroidaceae;g__Bacteroides;s__Bacteroides_uniformis	0.0389367608162	1.0	-0.00448064489329	0.000147770996541	0.0296101139326	-0.043232877175	-0.0641189766408	-0.044390606904	0.0231589736255	-0.000425225717287	-0.0066831089389	0.0388087265433	-0.0324841642767	-0.0123138521953	0.0190770986269	-0.0192570150494	0.0532803491674	-0.0192653685005	0.0472577988667	-0.0342588392448	-0.0249224258951	-0.0295423170066	0.011684813237	-0.037176811885	0.00243894506679	0.0239463702652	0.0279330724365	-0.0146887268988	0.0739501351811	0.00720009393775	-0.0127087877277	-0.0117681171592	-0.00757681983016	-0.0323115305541	-0.0459081262882	-0.00167503267865	0.0593717123121	-0.0284092848889	0.0196463461774	-0.011625498243	-0.048784812588	0.0143447073312	0.00919102355567	-0.0518356493401	-0.00395473294913	-0.032585081275	-0.000609652328865	-0.0330510029495	0.00560056187133	0.00920746095784	-0.00123505317829	0.0456580257946	-0.00966580368778	0.0132463278712	0.0240807351849	-0.0087998181622	0.0309958326102	-0.0534736498233	-0.0808231035442
k__Bacteria;p__Bacteroidetes;c__Bacteroidia;o__Bacteroidales;f__Rikenellaceae;g__Alistipes;s__Alistipes_putredinis	0.0357381399264	-0.00448064489329	1.0	-0.0935748980461	0.0237194321079	0.0188344408386	-0.00757329945673	-0.0558662507899	0.00121102507972	0.017251412983	0.0252461902706	-0.0572227430949	-0.010523462351	-0.0441624456232	-0.0834215272968	-0.0380578847044	0.0185972412464	0.0240468668741	-0.0457334785201	0.0501885725025	-0.0322207564311	-0.0360193247645	0.032323013937	-0.05665345495	0.0133997646102	-0.0159308981424	0.0103871295191	0.00138965576312	0.00766649749155	-0.0190840295986	0.0172873234282	0.0234409217557	-0.018379105073	-0.0117931090528	0.0248959704204	-0.0268009813946	0.0146404356207	-0.0181488214267	-0.0374548285238	-0.00387333351155	0.00743639158314	0.0732079877371	-0.0091934705566	0.00338928045865	0.0530550301111	0.00305974511804	-0.021913963724	0.00585466938291	0.0595648336275	-0.034079252262	-0.00532750400049	-0.0034974339832	-0.0471522829952	-0.030342159985	0.00384662501284	-0.00654575885171	0.0492687209616	-0.0172324121074	-0.00196020509752
k__Bacteria;p__Bacteroidetes;c__Bacteroidia;o__Bacteroidales;f__Prevotellaceae;g__Prevotella;s__Prevotella_copri	0.0118466403945	0.000147770996541	-0.0935748980461	1.0	-0.0167154874257	0.00860219625602	0.0349834487256	-0.0093187504321	0.0263794239695	-0.0712618077453	0.0217404692364	-0.0110919847522	-0.0749443258413	-0.00870319338889	-0.0161305464884	-0.00505765953365	0.0211226546985	-0.0482238674847	-0.00150444923843	-0.0215495198514	-0.00346154202956	0.0157051422773	-0.0452008071218	-0.000334494554746	0.0166892818712	0.00145773588609	-0.0711118732981	0.0425477100576	0.0102319237284	0.0288088636643	-0.0265087423123	0.0491693660336	0.00120540265748	-0.0258436341749	-0.0384451121258	-0.0493247806803	-0.0190312194704	-0.019613116914	0.0150040378257	0.051650191378	0.0477515919943	-0.0614191622908	-0.00437640140446	-0.0358180636477	-0.0378869174169	-0.0140066798336	0.041303669958	0.0158026765404	-0.00945099767583	0.0422024050015	-0.0424873821006	0.01495920704	-0.0576177796666	-0.0402185114878	0.0692378176584	0.000522794200168	0.0229638263498	-0.00565771748177	0.0517106456605
k__Bacteria;p__Bacteroidetes;c__Bacteroidia;o__Bacteroidales;f__Bacteroidaceae;g__Bacteroides;s__Bacteroides_stercoris	-0.0102266618367	0.0296101139326	0.0237194321079	-0.0167154874257	1.0	-0.005743248826	-0.00794800773015	-0.0130056556988	0.0259088561643	-0.00127753746239	-0.0417062153483	-0.0507257726218	-0.0624512785153	-0.0639239522619	0.00967782594966	-0.000111421759146	0.0324701980822	-0.012249711008	0.00109147674383	-0.0351652320329	0.0431001269632	-0.0159449033483	0.000993432013589	-0.0125986863571	0.0284223037368	-0.00383227519158	-0.00140171649224	-0.0390810340028	0.0915657473172	-0.0725397943157	0.0188259679684	0.00833454186805	-0.0374427642429	0.00854870717423	0.0223152217819	-0.0417212923868	-0.0457131251897	-0.0295810421943	0.0191084747656	-0.0447805683611	-0.0069984644029	-0.000182631540704	-0.0742253375225	-0.00974787417625	-0.0503184275189	-0.0368522298187	-0.00768361055915	-0.0481375930631	0.0585627736992	-0.0188977083022	0.0340566764774	-0.0349528421563	-0.0408405484091	-0.0493144800715	0.0195075393831	-0.04481595794	-0.065954331523	-0.0457558881052	-0.0130542492037
k__Bacteria;p__Bacteroidetes;c__Bacteroidia;o__Bacteroidales;f__Bacteroidaceae;g__Bacteroides;s__Bacteroides_ovatus	-0.041024514259	-0.043232877175	0.0188344408386	0.00860219625602	-0.005743248826	1.0	0.0250724836184	-0.0230039485079	-0.0452543440047	-0.00340730924478	0.002420926965	-0.0364821483617	-0.028149665834	0.0153331951742	-0.0131690769915	0.00459806467073	0.0288331269299	-0.00566468787368	-0.00799985381221	-0.00213751063728	-0.00950804710096	0.00349778081101	0.0392356662432	0.0367118633521	-0.0245745208072	-0.0512887816061	-0.0158163063469	0.0164634438319	-0.0130258756133	-0.0526524749337	0.0365285357535	0.010601087411	0.00302287212076	-0.0250642868856	-0.0450522237875	0.0245877306264	-0.0191835921324	0.0288039146215	-0.00963899101527	0.0429795660462	-0.0243949736649	-0.0317221725834	-0.0532525774574	-0.0466709196253	-0.0127148265875	-0.0421178121037	-0.0388557197129	0.048725577241	0.0266832418621	0.0874565677725	0.0429694630966	-0.0942421240115	-3.68483772737e-05	0.0324960061204	0.0029772264024	-0.0504010298761	-0.00165352139867	0.00118068320781	0.0682923142539
k__Bacteria;p__Bacteroidetes;c__Bacteroidia;o__Bacteroidales;f__Rikenellaceae;g__Alistipes;s__Alistipes_shahii	0.0434896709165	-0.0641189766408	-0.00757329945673	0.0349834487256	-0.00794800773015	0.0250724836184	1.0	0.0544580646553	-0.0557116596325	0.0318303886827	0.00796263722118	0.0182057407128	0.0166808118153	0.0206734302164	-0.00261814347572	-0.0354479336116	-0.0237093625548	0.0326173762251	-0.00282791301352	0.0733846823272	0.0215633041216	0.0186479224076	0.0402126518879	0.0165501815526	-0.0200930953107	-0.0197754325985	0.00966591844069	-0.0269659548672	-0.0236432300459	0.0367904997027	-0.0523213112222	-0.0485748899983	0.0156276456614	-0.00218883704168	-0.0541849990965	-0.0582869456023	-0.0551980686448	0.00921499747717	0.0332918244785	0.00129342157223	0.00897168392075	-0.0163877467664	0.0383107822559	-0.0282463374546	0.0255601696715	-0.0369402114634	0.058367584535	0.00192438906453	-0.0362737345838	0.0455845695521	-0.0114499648369	0.0370981050541	0.0301252737803	0.0206988915538	0.00273382586947	0.00267655724352	0.0302064645561	-0.0192857431754	0.0599548629859
k__Bacteria;p__Firmicutes;c__Clostridia;o__Clostridiales;f__Ruminococcaceae;g__Faecalibacterium;s__Faecalibacterium_prausnitzii	0.0559125514374	-0.044390606904	-0.0558662507899	-0.0093187504321	-0.0130056556988	-0.0230039485079	0.0544580646553	1.0	-0.0170120728314	-0.0130921502754	0.0197969263598	-0.0296046588372	-0.0142217999605	0.0468031736022	-0.0190756069732	0.0386347760615	0.0268545270938	0.0254360763828	0.067996864326	-0.0108108852882	0.0059761160761	0.0114688893686	-0.0329585781827	-0.0535159147873	0.0113338682785	-0.0349164678002	-0.0785704397185	0.00510807483266	0.000286187608222	0.00629123255911	-0.0492815602806	-0.06138553451	-0.0593450490118	-0.0263397832748	0.0295048427918	-0.0324985514209	-0.0258882769317	-0.0283298903031	-0.0485877184613	-0.0246805833628	0.0276148832264	-0.0536996538844	0.0342907894473	0.0416998470008	-0.0242472294612	-0.00664357993012	0.0432153525915	-0.0332688495275	0.00924514392721	0.0365434979791	0.0176737783556	-0.00644186591669	0.0350366346071	0.00529782324685	0.00220575538959	-0.0195736637079	0.00599273380186	-0.0089881475426	-0.00727241899332
k__Bacteria;p__Bacteroidetes;c__Bacteroidia;o__Bacteroidales;f__Rikenellaceae;g__Alistipes;s__Alistipes_finegoldii	-0.0859788890997	0.0231589736255	0.00121102507972	0.0263794239695	0.0259088561643	-0.0452543440047	-0.0557116596325	-0.0170120728314	1.0	0.00275995561353	-0.0673339654712	-0.00541802786027	-0.0435125836618	-0.045134897349	-0.0206894228265	-0.0217614538339	-0.0253999817927	-0.0288372088627	-0.0357239855792	-0.0101069551997	0.00862312473892	0.0267114609874	0.00238110494404	0.0318657964821	0.0103156923417	0.00873072013626	-0.06129571746	0.0138972719593	0.0462292016093	0.0157566190675	-0.0219734242786	0.0390835630401	-0.00608407949234	-0.0225028614846	0.00951489204925	-0.00864526375319	0.047040321497	0.0406244159844	0.0276507624235	0.00345561555111	-0.011886893183	-0.0224145143687	-0.0182849024283	-0.00486549258231	-0.0354900385128	0.000917968140508	0.0117996396145	0.0270097342711	0.0298154211467	0.00184910312405	0.00726828507348	0.0241044987319	0.0127466873727	-0.0248365103949	0.0111236773344	-0.0192517223535	-0.024190379913	-0.0119748864021	-0.00741569547696
k__Bacteria;p__Bacteroidetes;c__Bacteroidia;o__Bacteroidales;f__Porphyromonadaceae;g__Parabacteroides;s__Parabacteroides_distasonis	-0.0104123624935	-0.000425225717287	0.017251412983	-0.0712618077453	-0.00127753746239	-0.00340730924478	0.0318303886827	-0.0130921502754	0.00275995561353	1.0	-0.000708326352296	0.0119638710484	0.0327996640737	0.0382450435416	-0.032056359748	0.00168098086989	-0.0655925868585	0.00426535802089	-0.0309392261099	-0.0121908070149	-0.0385426617104	0.0199106764123	-0.0375595810633	-0.043208538025	0.0488867043309	0.0259215340148	0.0341128785541	-0.0265028124597	0.0142175863289	-0.0206662019974	0.0482141615624	-0.0811226234794	0.0559858578065	-0.0123517479306	7.83778217402e-05	-0.0466016694886	-0.00632002354919	-0.00527925209763	-0.00720278547703	-0.0602344530333	-0.0249351312427	-0.0285404317697	-0.00651196345248	0.000653466501388	-0.00328656298979	0.0166462793699	-0.0358290181461	-0.0405791083513	-0.0304210127071	0.00424730082287	-0.00953238805302	-0.0100276525667	-0.0159228433225	-0.00314010409017	0.0261564290853	0.0319079590855	-0.0411885977148	-0.086142367481	-0.00536051523103
k__Bacteria;p__Bacteroidetes;c__Bacteroidia;o__Bacteroidales;f__Bacteroidaceae;g__Bacteroides;s__Bacteroides_thetaiotaomicron	0.00190292902931	-0.0066831089389	0.0252461902706	0.0217404692364	-0.0417062153483	0.002420926965	0.00796263722118	0.0197969263598	-0.0673339654712	-0.000708326352296	1.0	0.0423559216494	-0.021060713533	0.0456756936156	-0.0180206870216	-0.0187511740056	-0.0186833350361	0.00136120698321	0.0050153429448	0.00636195761035	-0.0250603084646	0.00447647747099	-0.0534543836091	-0.0224154421086	0.0295109412488	-0.00880172105351	0.0448577420317	-0.0344411979172	-0.0444895766729	0.0576793217266	-0.00920517518193	-0.00982524285144	-0.0190819184852	-0.0179566775317	0.00144152805154	0.0467865658956	-0.0565898041637	-0.0544023900908	-0.0167620090662	-0.0356574078176	0.0210712832741	0.0121303510222	-0.00816825315233	-0.0195364321785	-0.0209205543579	-0.0009308589022	0.0312542982932	-0.012437413148	-0.0167927800356	-0.0216293652066	0.00803307696829	0.0133660928081	-0.0333958476611	-0.00118607894024	-0.00431205360512	0.0240053366596	-0.00722107561621	-0.0267136487449	-0.0537684272964
k__Bacteria;p__Bacteroidetes;c__Bacteroidia;o__Bacteroidales;f__Bacteroidaceae;g__Bacteroides;s__Bacteroides_coprocola	-0.0530651376275	0.0388087265433	-0.0572227430949	-0.0110919847522	-0.0507257726218	-0.0364821483617	0.0182057407128	-0.0296046588372	-0.00541802786027	0.0119638710484	0.0423559216494	1.0	-0.0539733778751	0.0419100931422	0.0543149508606	-0.05672301881	0.0126899052708	-0.0250480998945	-0.0112431194399	-0.0261387038944	-0.0634131687836	-0.0152373023627	0.0494516401454	0.0747173370211	0.00107191328429	-0.0490887328673	0.00638689060869	0.0107797165292	-0.0322957494393	-0.0483424636024	0.0428253951983	0.0141851512808	-0.0419799097562	-0.017626112948	-0.0436818219026	-0.00647851010118	-0.0191605096691	0.0298961499866	-0.0173421938684	0.00952929753824	0.0285721910194	0.0500131097756	-0.0145872524842	0.00264872443908	-0.058853237735	-0.0390508879097	0.0723833586278	0.028734921841	-0.0527223383432	-0.072351575807	0.034136969399	-0.0513095109914	-0.0363017852571	0.044369992734	-0.00738721893203	0.0634810784709	0.0303107743582	-0.0429666120162	0.018279176432
k__Bacteria;p__Bacteroidetes;c__Bacteroidia;o__Bacteroidales;f__Bacteroidaceae;g__Bacteroides;s__Bacteroides_cellulosilyticus	0.022053648531	-0.0324841642767	-0.010523462351	-0.0749443258413	-0.0624512785153	-0.028149665834	0.0166808118153	-0.0142217999605	-0.0435125836618	0.0327996640737	-0.021060713533	-0.0539733778751	1.0	-0.00904546571182	-0.00696658745145	-0.0253266226264	-0.0308709204699	-0.0150792863303	-0.0192944841791	-0.0171626083651	-0.00802227722402	0.0181230660696	-0.0252814203769	0.0248980036225	-0.0459562768352	0.00495658038773	0.0210411983063	0.0116187155505	-0.0379000686008	0.0160812459018	-0.0358795022009	-0.0528630005119	0.0326075091666	0.017035204578	0.0539892836674	-0.018863941033	0.0311789755757	-0.0897904201198	0.0196361764258	0.0113978545947	-0.0837533473519	0.037629486847	0.00170461137226	0.0115613409102	0.0272649237968	0.0134681181162	0.0376413060682	-0.0118956372848	0.0418121974995	0.0084753640478	-0.0356144632684	0.018337440454	-0.00627003159536	-0.0560949281025	-0.0104596684932	0.0610831850798	0.0342423201249	-0.00534449797951	0.00643184834714
k__Bacteria;p__Bacteroidetes;c__Bacteroidia;o__Bacteroidales;f__Rikenellaceae;g__Alistipes;s__Alistipes_obesi	0.0290157313024	-0.0123138521953	-0.0441624456232	-0.00870319338889	-0.0639239522619	0.0153331951742	0.0206734302164	0.0468031736022	-0.045134897349	0.0382450435416	0.0456756936156	0.0419100931422	-0.00904546571182	1.0	0.0123667592295	-0.016984815455	-0.0226019728895	0.0302802820936	-0.0602073996658	0.0467021927403	0.101255602746	0.00887180045861	-0.0286351005	0.0305271446	-0.0307403655346	0.0224596861096	0.0127960055198	-0.0808092320308	-0.0267762728671	-0.0710490495845	-0.0304025281443	0.0570065126026	-0.0151701729172	-0.0272638394178	-0.00644094377871	0.00481439321562	-0.0259289241759	0.0306701086554	0.0454691943019	-0.0291087443947	-0.00738487122706	-0.0205003087836	-0.0233341011805	-0.00523990429484	0.0184132844964	-0.0495610179514	-0.0916979253065	-0.0269659337009	-0.000518441443222	-0.0345945087728	-0.00654856271976	-0.0270775079116	-0.0146549966833	0.0306196277517	0.0244274773442	0.0105011108841	0.00470025524424	-0.0200030679473	-0.073262552752
k__Bacteria;p__Firmicutes;c__Clostridia;o__Clostridiales;f__Lachnospiraceae;g__;s__[Eubacterium]_rectale	-0.040818452258	0.0190770986269	-0.0834215272968	-0.0161305464884	0.00967782594966	-0.0131690769915	-0.00261814347572	-0.0190756069732	-0.0206894228265	-0.032056359748	-0.0180206870216	0.0543149508606	-0.00696658745145	0.0123667592295	1.0	0.0112296294143	0.024522886097	-0.00509376252356	0.0314560251498	-0.0235166499745	-0.0208250043968	-0.0297691049335	-0.000557785353873	0.00222556805516	0.0289949791538	0.0188836242797	0.0154202973898	-0.0114874130464	-0.0483219122844	-0.055783628701	0.0571427344592	-0.0579409795622	0.0055537762447	0.0342437148793	-0.0549562030255	0.0187566320828	-0.0407416617886	0.0353563588109	-0.00617012907411	0.0103115943321	-0.0290842856718	0.0270920344357	-0.0303557254434	0.0436610005765	0.0309082842523	-0.0383719608617	0.0879461744385	-0.0408816767333	0.0092199948662	-0.0284120544498	0.0176879590724	-0.0335583018302	-0.0113162882747	-0.0255907372581	0.00531740070997	-0.0612265953306	0.0282464059514	0.00299787702936	-0.0340854344756
k__Bacteria;p__Bacteroidetes;c__Bacteroidia;o__Bacteroidales;f__Bacteroidaceae;g__Bacteroides;s__Bacteroides_plebeius	-0.00581401613803	-0.0192570150494	-0.0380578847044	-0.00505765953365	-0.000111421759146	0.00459806467073	-0.0354479336116	0.0386347760615	-0.0217614538339	0.00168098086989	-0.0187511740056	-0.05672301881	-0.0253266226264	-0.016984815455	0.0112296294143	1.0	0.0246235233328	-0.0861329537901	-0.0227644199039	-0.0446579111122	0.0339875005709	0.00692115035691	-0.0040674155867	-0.0171231621646	-0.0247119778342	-0.0298198184386	-0.014171642074	0.0413932700072	0.0272278668526	-0.0231872562513	-0.0324544810831	-0.0346101390016	-0.0154268202112	-0.0506361555851	-0.00939075397826	0.0951575816004	0.0355110301564	-0.0290507938756	0.0487295468552	-0.0412340611504	0.0311321545823	-0.0379978168283	-0.0240931732225	0.0412181549338	-0.0122869930813	-0.00614864374609	0.00380420823523	0.0345925581031	0.00150091430647	0.0367163374746	-0.00445740999454	-0.00925818467226	-0.0790010492697	0.00404306660151	-0.0108420662269	-0.0508605927081	0.0168319902074	0.00128485819006	0.0261540847607
k__Bacteria;p__Bacteroidetes;c__Bacteroidia;o__Bacteroidales;f__Bacteroidaceae;g__Bacteroides;s__Bacteroides_fragilis	0.0111880023709	0.0532803491674	0.0185972412464	0.0211226546985	0.0324701980822	0.0288331269299	-0.0237093625548	0.0268545270938	-0.0253999817927	-0.0655925868585	-0.0186833350361	0.0126899052708	-0.0308709204699	-0.0226019728895	0.024522886097	0.0246235233327	1.0	0.00838130233674	-0.01571041018	-0.00733859841073	-0.0585325579559	0.0131881487923	-0.0183478888998	-0.0533299074603	-0.0490455000583	-0.0221508606767	-0.00198551187557	-0.0582730483326	0.0495049064609	0.0210532060064	0.0229495934715	-0.0131626363398	-0.00888130811207	-0.0218710978471	-0.0240223211079	-0.0432416523266	-0.0281148362199	-0.0054605189734	-0.0321548081972	0.0553157267617	0.0348970275826	-0.0173880592575	-0.00896698526578	-0.0470852927157	0.010755256	0.000563330863398	-0.00364609220627	-0.00306327395206	0.00206215750497	-0.0308798740626	-0.0235802423442	-0.0148503067115	0.00555609761402	0.00420885655874	-0.0875268961318	0.0570527804576	-0.0222602906667	-0.0208855790222	-0.0144162294512
k__Bacteria;p__Proteobacteria;c__Betaproteobacteria;o__Burkholderiales;f__Sutterellaceae;g__Sutterella;s__Sutterella_wadsworthensis	-0.0223747472177	-0.0192653685005	0.0240468668741	-0.0482238674847	-0.012249711008	-0.00566468787368	0.0326173762251	0.0254360763828	-0.0288372088627	0.00426535802089	0.00136120698321	-0.0250480998945	-0.0150792863303	0.0302802820936	-0.00509376252356	-0.0861329537901	0.00838130233674	1.0	0.0175151070311	0.013226829652	0.0189525381345	-0.0315447846866	-0.0173491541264	0.00743645542025	0.0423198226913	0.0724638423978	0.102401411926	0.0232292852118	0.0306866601891	-0.0471369365349	0.00899253910984	-0.0126554331573	-0.0153666579326	0.0303367705339	-0.00442379357264	-0.0702070469447	-0.044846570636	0.00892817683918	0.00134979089293	-0.0478745759531	-0.0265025533269	0.00788566077208	0.048467431267	-0.0429173528428	0.0139805109266	0.00661824059146	-0.00944177045004	-0.00267913289696	-0.0354963899529	-0.0193615424092	-0.018732600112	0.00933542031093	-0.019971386805	-0.0138735001596	-0.00513724492392	-0.0284850712862	-0.0261653458124	0.0163884957128	0.0125618003951
k__Bacteria;p__Bacteroidetes;c__Bacteroidia;o__Bacteroidales;f__Porphyromonadaceae;g__Barnesiella;s__Barnesiella_intestinihominis	-0.0180664746884	0.0472577988667	-0.0457334785201	-0.00150444923843	0.00109147674383	-0.00799985381221	-0.00282791301352	0.067996864326	-0.0357239855792	-0.0309392261099	0.0050153429448	-0.0112431194399	-0.0192944841791	-0.0602073996658	0.0314560251498	-0.0227644199039	-0.01571041018	0.0175151070311	1.0	-0.0027998195105	-0.00730024158105	-0.046638201091	-0.0641022413935	0.0816543354126	0.00246907708562	-0.079849607614	0.0224509154898	-0.0365507387302	-0.00247568307497	-0.03016665531	-0.0191474788896	0.0588341527382	-0.0366664260707	-0.0246452037657	0.000755553046432	-0.0321905836898	-0.0145710074019	0.031059038865	0.0193043221824	0.0458528451497	-0.0176456458758	0.033655910135	-0.0568106236741	-0.01726896132	-0.0326254983825	0.0561816035528	-0.0655553167161	-0.0144648989451	-0.0455553667472	-0.0119078116625	-0.0271288600927	-0.0241488406724	0.0259047238378	-0.00197723805199	0.0119429076892	0.0545855935641	0.00857680017622	0.0230980377867	-0.000717891251973
k__Bacteria;p__Bacteroidetes;c__Bacteroidia;o__Bacteroidales;f__Odoribacteraceae;g__Odoribacter;s__Odoribacter_splanchnicus	0.0130092866835	-0.0342588392448	0.0501885725025	-0.0215495198514	-0.0351652320329	-0.00213751063728	0.0733846823272	-0.0108108852882	-0.0101069551997	-0.0121908070149	0.00636195761035	-0.0261387038944	-0.0171626083651	0.0467021927403	-0.0235166499745	-0.0446579111122	-0.00733859841073	0.013226829652	-0.0027998195105	1.0	-0.0130344323086	0.00907140282612	-0.0376210897851	-0.0146689453514	0.000307604230964	-0.0358936712483	-0.0230702764865	0.0313386241526	-0.00361524298767	-0.0271086897347	0.00356463374782	-0.0103856467315	-0.0186726912789	0.00847277049677	0.0206758463416	-0.0389901204482	-0.0254232311772	-0.00794946493403	0.0118032639804	0.00606803605266	0.0303929647688	-0.0301465207184	0.0060853905324	0.0097057701089	0.0186506912291	0.0256945420523	-0.0476520871207	-0.00629677589899	0.0085920796047	-0.0278851963455	-0.0828783056247	-0.0445476073002	-0.0490836837184	-0.0446237109507	-0.018612544651	-0.00630998363835	-0.01225377326	-0.0115672814046	0.0415713871079
k__Bacteria;p__Bacteroidetes;c__Bacteroidia;o__Bacteroidales;f__Bacteroidaceae;g__Bacteroides;s__Bacteroides_salyersiae	-0.023808118571	-0.0249224258951	-0.0322207564311	-0.00346154202956	0.0431001269632	-0.00950804710096	0.0215633041216	0.0059761160761	0.00862312473892	-0.0385426617104	-0.0250603084646	-0.0634131687836	-0.00802227722402	0.101255602746	-0.0208250043968	0.0339875005709	-0.0585325579559	0.0189525381345	-0.00730024158105	-0.0130344323086	1.0	0.0019665560791	0.024858312704	-0.101466074025	0.0557611863981	0.0523379352849	-0.0536673627936	-0.0355490194388	-0.0391089053332	0.0300852708785	-0.0141642916202	-0.0182457357523	0.00734877463576	-0.0504324203162	-0.0250400645852	0.00915249046006	0.0116967623086	-0.0307076426102	-0.0230967674668	0.00786507155471	0.0557187304848	-0.0188632628808	-0.0256346745659	0.00192982751117	-0.00226409745483	-0.0360550425014	-0.0455811168617	0.0269143385882	-0.00621942394928	-0.0600325243564	-0.0324302221914	-0.0028455024652	0.0379398597156	-0.0269871018613	-0.0153428609873	-0.0707760666062	-0.00103810336261	-0.0389155317074	-0.0621627836178
k__Bacteria;p__Firmicutes;c__Clostridia;o__Clostridiales;f__Ruminococcaceae;g__Ruminiclostridium;s__[Eubacterium]_siraeum	0.0142121558722	-0.0295423170066	-0.0360193247645	0.0157051422773	-0.0159449033483	0.00349778081101	0.0186479224076	0.0114688893686	0.0267114609874	0.0199106764123	0.00447647747099	-0.0152373023627	0.0181230660696	0.00887180045861	-0.0297691049335	0.00692115035691	0.0131881487923	-0.0315447846866	-0.046638201091	0.00907140282612	0.0019665560791	1.0	-0.0250329148528	-0.0043604517337	-0.0261576304208	-0.00253107837629	0.000631410568055	0.0269552443812	-0.0379414804081	0.0410268534001	0.0364740765729	0.00164121966243	0.0505347107126	-0.0258829644244	0.0330818543662	0.0167311263736	0.0308078721806	-0.0546203930512	-0.0192896493929	0.0165373839314	-0.0314417397489	-0.0305969278181	-0.0139529268393	-0.0681457720268	-0.0537668422297	0.025401052125	0.00197508047654	-0.0338115177083	-0.0198128376617	0.0311312970756	-0.00711129786431	0.00870453373356	0.0236787623639	-0.0241328400031	-0.021338355776	0.0117018822583	0.0691961268325	-0.0216427864029	0.0166692842652
k__Bacteria;p__Proteobacteria;c__Betaproteobacteria;o__Burkholderiales;f__Sutterellaceae;g__Parasutterella;s__Parasutterella_excrementihominis	-0.0372584747172	0.011684813237	0.032323013937	-0.0452008071218	0.000993432013589	0.0392356662432	0.0402126518879	-0.0329585781827	0.00238110494404	-0.0375595810633	-0.0534543836091	0.0494516401454	-0.0252814203769	-0.0286351005	-0.000557785353873	-0.0040674155867	-0.0183478888998	-0.0173491541264	-0.0641022413935	-0.0376210897851	0.024858312704	-0.0250329148528	1.0	-0.0127830936549	0.0170795046314	-0.0112967400942	0.0436691038314	0.0196031529596	-0.00528175777555	0.0197643848684	0.0217672119609	-0.027500542892	-0.00585848828759	0.0554560647604	0.0222168044164	-0.0181519847819	0.00867900096674	-0.0454424284852	-0.0143648963648	0.0188162069154	0.00624356980453	0.0259273589569	-2.9895174414e-05	0.0141605378848	0.0158111210292	-0.0973052188754	0.0119164594128	0.037994794077	-0.00357571756369	0.0426194650953	-0.0331001075848	0.0197257489225	-0.0376805986496	-0.00156047875556	-0.0250153978384	-0.0144273489161	-0.022759239522	-0.0193270382656	0.0251643640189
k__Bacteria;p__Actinobacteria;c__Actinobacteria;o__Bifidobacteriales;f__Bifidobacteriaceae;g__Bifidobacterium;s__Bifidobacterium_adolescentis	-0.024887171466	-0.037176811885	-0.05665345495	-0.000334494554746	-0.0125986863571	0.0367118633521	0.0165501815526	-0.0535159147873	0.0318657964821	-0.043208538025	-0.0224154421086	0.0747173370211	0.0248980036225	0.0305271446	0.00222556805516	-0.0171231621646	-0.0533299074603	0.00743645542025	0.0816543354126	-0.0146689453514	-0.101466074025	-0.0043604517337	-0.0127830936549	1.0	-0.0129964125216	0.0100318860987	0.0504387872264	-0.033078537725	-0.00822376259312	-0.00750409467019	0.0255392055138	-0.0339151435279	-0.0150127459142	-0.0017859896876	0.00457737077777	-0.0295147857268	-0.0400903942266	0.00116574403502	-0.0754967911429	0.00216208306387	-0.0282861962318	-0.0315811391517	0.0229640085806	-0.00965880817482	-0.0552297521483	-0.0187735800656	0.0732032168712	-0.0119406190979	0.00847335873644	-0.0640638985716	-0.0397905474629	-0.0244540714798	0.00568518140912	-0.0291437187032	-0.0387615112555	-0.0459998570922	-0.00977672527489	-0.0163620231571	-0.00953543522891
k__Bacteria;p__Firmicutes;c__Clostridia;o__Clostridiales;f__Oscillospiraceae;g__Oscillibacter;s__Oscillibacter_sp._KLE_1745	-0.0587998234149	0.00243894506679	0.0133997646102	0.0166892818712	0.0284223037368	-0.0245745208072	-0.0200930953107	0.0113338682785	0.0103156923417	0.0488867043309	0.0295109412488	0.00107191328429	-0.0459562768352	-0.0307403655346	0.0289949791538	-0.0247119778342	-0.0490455000583	0.0423198226913	0.00246907708562	0.000307604230964	0.0557611863981	-0.0261576304208	0.0170795046314	-0.0129964125216	1.0	-0.0528940928064	0.0492679038429	-0.0527510315841	0.0555729391975	-0.0384721871705	0.0257808785127	-0.00645237430156	0.0536390712922	-0.0116946557276	-0.00338212886902	0.000473840856139	-0.00893334218941	0.0394162065821	0.0293408633812	0.0223008977728	0.0193268070023	0.00204184999082	0.0351560553543	-0.0202652697295	-0.0276528370985	-0.0272095358304	-0.000863215013974	-0.0422393253617	-0.0210623852652	-0.07182156265	-0.00737177342692	-0.0611783699687	0.0367218722539	0.0140725704749	-0.0474505357576	0.00178600918413	0.0131685802749	-0.0100988460418	0.0146739054433
k__Bacteria;p__Bacteroidetes;c__Bacteroidia;o__Bacteroidales;f__Bacteroidaceae;g__Bacteroides;s__Bacteroides_coprophilus	-0.00383859495686	0.0239463702652	-0.0159308981424	0.0014577358861	-0.00383227519158	-0.0512887816061	-0.0197754325985	-0.0349164678002	0.00873072013626	0.0259215340148	-0.00880172105351	-0.0490887328673	0.00495658038773	0.0224596861096	0.0188836242797	-0.0298198184386	-0.0221508606767	0.0724638423978	-0.079849607614	-0.0358936712483	0.0523379352849	-0.00253107837629	-0.0112967400942	0.0100318860987	-0.0528940928064	1.0	-0.0221315900574	0.00776931020314	0.0209847166284	-0.0113545838148	-0.064493886851	-0.0198949132135	0.0414359074814	0.02943103815	-0.0612388182857	0.00176305976808	-0.0247050130225	-0.022140307981	0.0384885607309	0.00616224389284	-0.0324834776306	-0.0301537850794	0.00622573899323	0.02194099355	-0.0297587660309	-0.0442634832211	-0.0305362632613	0.0706137676257	-0.0472413997279	-0.0414316946358	-0.0280750957658	0.0517807634694	-0.0010214763384	-0.0195762742422	-0.00310521697763	-0.00312337605059	-0.0106323767357	0.0170489650607	0.0243530263455
k__Bacteria;p__Firmicutes;c__Clostridia;o__Clostridiales;f__Lachnospiraceae;g__Roseburia;s__Roseburia_intestinalis	0.026810289287	0.0279330724365	0.0103871295191	-0.0711118732981	-0.00140171649224	-0.0158163063469	0.00966591844069	-0.0785704397185	-0.06129571746	0.0341128785541	0.0448577420317	0.00638689060869	0.0210411983063	0.0127960055198	0.0154202973898	-0.014171642074	-0.00198551187557	0.102401411926	0.0224509154898	-0.0230702764865	-0.0536673627936	0.000631410568055	0.0436691038314	0.0504387872264	0.0492679038429	-0.0221315900574	1.0	-0.0105854056356	-0.0420542609639	-0.0027746189455	-0.0422689852017	0.0275381790248	0.0022818587113	-0.0368531129278	-0.0477824637134	-0.0359721728605	-0.00318723658703	0.0017537648987	-0.039385261401	0.0156117545137	0.00791683854151	-0.0437441374795	-0.0171337336217	0.0607065524413	-0.0410637458013	0.00184418220324	0.0161050369597	0.00709195729887	-0.0440780812082	-0.0401687442537	-0.0182829469626	-0.0142864154443	0.00399388919001	0.000667881727713	-0.0144176376633	-0.00550920999623	0.038084837255	-0.00553509739228	0.0110657592284
k__Bacteria;p__Firmicutes;c__Clostridia;o__Clostridiales;f__Lachnospiraceae;g__Roseburia;s__Roseburia_hominis	0.016165660775	-0.0146887268988	0.00138965576312	0.0425477100576	-0.0390810340028	0.0164634438319	-0.0269659548672	0.00510807483266	0.0138972719593	-0.0265028124597	-0.0344411979172	0.0107797165292	0.0116187155505	-0.0808092320308	-0.0114874130464	0.0413932700072	-0.0582730483326	0.0232292852118	-0.0365507387302	0.0313386241526	-0.0355490194388	0.0269552443812	0.0196031529596	-0.033078537725	-0.0527510315841	0.00776931020314	-0.0105854056356	1.0	-0.00357445061806	-0.0429509294175	-0.00204657078294	0.0363394537444	-0.00741589393949	0.00596172573436	-0.0103961973358	-0.0380468382688	-0.00142408668199	-0.00727807944968	-0.00327025591613	-0.0450403937791	0.00912333397353	-0.00464047302428	0.0638067007808	0.0592309052578	-0.0673675453873	0.0170833360847	-0.00983530605761	-0.0468209018565	0.00271802743658	0.0175982918742	-0.0257604287084	0.00542154065648	0.080107642215	0.0469614278825	-0.00366577461934	-0.0508103757301	0.00726372123024	-0.00950590054591	-0.0290689277142
k__Bacteria;p__Bacteroidetes;c__Bacteroidia;o__Bacteroidales;f__Porphyromonadaceae;g__Parabacteroides;s__Parabacteroides_johnsonii	-0.0451351653793	0.0739501351811	0.00766649749155	0.0102319237284	0.0915657473172	-0.0130258756133	-0.0236432300459	0.000286187608222	0.0462292016093	0.0142175863289	-0.0444895766729	-0.0322957494393	-0.0379000686008	-0.0267762728671	-0.0483219122844	0.0272278668526	0.0495049064609	0.0306866601891	-0.00247568307497	-0.00361524298767	-0.0391089053332	-0.0379414804081	-0.00528175777555	-0.00822376259312	0.0555729391975	0.0209847166284	-0.0420542609639	-0.00357445061806	1.0	-0.00895492866248	-0.0280886833039	-0.00275844417679	-0.0242670694937	-0.0259548107872	-0.0766221766938	0.0120323793908	0.0057814402805	-0.00524278856462	0.00553286393602	-0.0233750635811	0.00476152166802	0.00135779540252	0.0122794838172	0.0145482122489	0.0206558996842	0.0426208586074	-0.0726874643519	0.0149386468015	-0.0118857278292	-0.0112844539208	-0.0343389917652	0.0175737055345	0.0445066242579	-0.0474340532829	-0.0195837356272	-0.00528775004728	0.000308901960795	0.00126010856074	-0.0177364191072
k__Bacteria;p__Actinobacteria;c__Actinobacteria;o__Bifidobacteriales;f__Bifidobacteriaceae;g__Bifidobacterium;s__Bifidobacterium_longum	0.0118732899443	0.00720009393775	-0.0190840295986	0.0288088636643	-0.0725397943157	-0.0526524749337	0.0367904997027	0.00629123255911	0.0157566190675	-0.0206662019974	0.0576793217266	-0.0483424636024	0.0160812459018	-0.0710490495845	-0.055783628701	-0.0231872562513	0.0210532060064	-0.0471369365349	-0.03016665531	-0.0271086897347	0.0300852708785	0.0410268534001	0.0197643848684	-0.00750409467019	-0.0384721871705	-0.0113545838148	-0.0027746189455	-0.0429509294175	-0.00895492866248	1.0	-0.0617248929083	0.00706148976855	-0.051595017619	0.0138220936311	-0.0292957694891	-0.0526881985375	0.0158848527181	0.0311395092743	0.00100322042239	-0.0431240093851	-0.0141466917125	0.0201350975125	0.027160667681	-0.0229877216065	-0.0234222258256	-0.0138932642675	0.011246092673	-0.0266391687328	0.0216451366021	0.0336481452918	0.00800427494801	-0.0187499411077	-0.0353764259745	-0.00189608212214	-0.00609877361045	0.0150742223141	-0.0173817823036	-0.0144384686916	-0.00483585549116
