#taxonomy	k__Bacteria;p__Bacteroidetes;c__Bacteroidia;o__Bacteroidales;f__Bacteroidaceae;g__Bacteroides;s__Bacteroides_vulgatus	k__Bacteria;p__Bacteroidetes;c__Bacteroidia;o__Bacteroidales;f__Bacteroidaceae;g__Bacteroides;s__Bacteroides_uniformis	k__Bacteria;p__Bacteroidetes;c__Bacteroidia;o__Bacteroidales;f__Rikenellaceae;g__Alistipes;s__Alistipes_putredinis	k__Bacteria;p__Bacteroidetes;c__Bacteroidia;o__Bacteroidales;f__Prevotellaceae;g__Prevotella;s__Prevotella_copri	k__Bacteria;p__Bacteroidetes;c__Bacteroidia;o__Bacteroidales;f__Bacteroidaceae;g__Bacteroides;s__Bacteroides_stercoris	k__Bacteria;p__Bacteroidetes;c__Bacteroidia;o__Bacteroidales;f__Bacteroidaceae;g__Bacteroides;s__Bacteroides_ovatus	k__Bacteria;p__Bacteroidetes;c__Bacteroidia;o__Bacteroidales;f__Rikenellaceae;g__Alistipes;s__Alistipes_shahii	k__Bacteria;p__Firmicutes;c__Clostridia;o__Clostridiales;f__Ruminococcaceae;g__Faecalibacterium;s__Faecalibacterium_prausnitzii	k__Bacteria;p__Bacteroidetes;c__Bacteroidia;o__Bacteroidales;f__Rikenellaceae;g__Alistipes;s__Alistipes_finegoldii	k__Bacteria;p__Bacteroidetes;c__Bacteroidia;o__Bacteroidales;f__Porphyromonadaceae;g__Parabacteroides;s__Parabacteroides_distasonis	k__Bacteria;p__Bacteroidetes;c__Bacteroidia;o__Bacteroidales;f__Bacteroidaceae;g__Bacteroides;s__Bacteroides_thetaiotaomicron	k__Bacteria;p__Bacteroidetes;c__Bacteroidia;o__Bacteroidales;f__Bacteroidaceae;g__Bacteroides;s__Bacteroides_coprocola	k__Bacteria;p__Bacteroidetes;c__Bacteroidia;o__Bacteroidales;f__Bacteroidaceae;g__Bacteroides;s__Bacteroides_cellulosilyticus	k__Bacteria;p__Bacteroidetes;c__Bacteroidia;o__Bacteroidales;f__Rikenellaceae;g__Alistipes;s__Alistipes_obesi	k__Bacteria;p__Firmicutes;c__Clostridia;o__Clostridiales;f__Lachnospiraceae;g__;s__[Eubacterium]_rectale	k__Bacteria;p__Bacteroidetes;c__Bacteroidia;o__Bacteroidales;f__Bacteroidaceae;g__Bacteroides;s__Bacteroides_plebeius	k__Bacteria;p__Bacteroidetes;c__Bacteroidia;o__Bacteroidales;f__Bacteroidaceae;g__Bacteroides;s__Bacteroides_fragilis	k__Bacteria;p__Proteobacteria;c__Betaproteobacteria;o__Burkholderiales;f__Sutterellaceae;g__Sutterella;s__Sutterella_wadsworthensis	k__Bacteria;p__Bacteroidetes;c__Bacteroidia;o__Bacteroidales;f__Porphyromonadaceae;g__Barnesiella;s__Barnesiella_intestinihominis	k__Bacteria;p__Bacteroidetes;c__Bacteroidia;o__Bacteroidales;f__Odoribacteraceae;g__Odoribacter;s__Odoribacter_splanchnicus	k__Bacteria;p__Bacteroidetes;c__Bacteroidia;o__Bacteroidales;f__Bacteroidaceae;g__Bacteroides;s__Bacteroides_salyersiae	k__Bacteria;p__Firmicutes;c__Clostridia;o__Clostridiales;f__Ruminococcaceae;g__Ruminiclostridium;s__[Eubacterium]_siraeum	k__Bacteria;p__Proteobacteria;c__Betaproteobacteria;o__Burkholderiales;f__Sutterellaceae;g__Parasutterella;s__Parasutterella_excrementihominis	k__Bacteria;p__Actinobacteria;c__Actinobacteria;o__Bifidobacteriales;f__Bifidobacteriaceae;g__Bifidobacterium;s__Bifidobacterium_adolescentis	k__Bacteria;p__Firmicutes;c__Clostridia;o__Clostridiales;f__Oscillospiraceae;g__Oscillibacter;s__Oscillibacter_sp._KLE_1745	k__Bacteria;p__Bacteroidetes;c__Bacteroidia;o__Bacteroidales;f__Bacteroidaceae;g__Bacteroides;s__Bacteroides_coprophilus	k__Bacteria;p__Firmicutes;c__Clostridia;o__Clostridiales;f__Lachnospiraceae;g__Roseburia;s__Roseburia_intestinalis	k__Bacteria;p__Firmicutes;c__Clostridia;o__Clostridiales;f__Lachnospiraceae;g__Roseburia;s__Roseburia_hominis	k__Bacteria;p__Bacteroidetes;c__Bacteroidia;o__Bacteroidales;f__Porphyromonadaceae;g__Parabacteroides;s__Parabacteroides_johnsonii	k__Bacteria;p__Actinobacteria;c__Actinobacteria;o__Bifidobacteriales;f__Bifidobacteriaceae;g__Bifidobacterium;s__Bifidobacterium_longum	k__Bacteria;p__Firmicutes;c__Clostridia;o__Clostridiales;f__;g__Flavonifractor;s__Flavonifractor_plautii	k__Bacteria;p__Firmicutes;c__Clostridia;o__Clostridiales;f__Clostridiaceae;g__Clostridium;s__Clostridium_phoceensis	k__Bacteria;p__Verrucomicrobia;c__Verrucomicrobiae;o__Verrucomicrobiales;f__Akkermansiaceae;g__Akkermansia;s__Akkermansia_muciniphila	k__Bacteria;p__Bacteroidetes;c__Bacteroidia;o__Bacteroidales;f__Prevotellaceae;g__Paraprevotella;s__Paraprevotella_xylaniphila	k__Bacteria;p__Firmicutes;c__Clostridia;o__Clostridiales;f__Ruminococcaceae;g__Ruminococcus;s__Ruminococcus_callidus	k__Bacteria;p__Bacteroidetes;c__Bacteroidia;o__Bacteroidales;f__Rikenellaceae;g__Alistipes;s__Alistipes_senegalensis	k__Bacteria;p__Firmicutes;c__Clostridia;o__Clostridiales;f__Lachnospiraceae;g__Blautia;s__Blautia_sp._KLE_1732	k__Bacteria;p__Bacteroidetes;c__Bacteroidia;o__Bacteroidales;f__Bacteroidaceae;g__Bacteroides;s__Bacteroides_oleiciplenus	k__Bacteria;p__Firmicutes;c__Clostridia;o__Clostridiales;f__Ruminococcaceae;g__Ruminococcus;s__Ruminococcus_bicirculans	k__Bacteria;p__Bacteroidetes;c__Bacteroidia;o__Bacteroidales;f__Bacteroidaceae;g__Bacteroides;s__Bacteroides_fluxus	k__Bacteria;p__Bacteroidetes;c__Bacteroidia;o__Bacteroidales;f__Prevotellaceae;g__Prevotella;s__Prevotella_stercorea	k__Bacteria;p__Firmicutes;c__Clostridia;o__Clostridiales;f__Lachnospiraceae;g__Dorea;s__Dorea_longicatena	k__Bacteria;p__Firmicutes;c__Clostridia;o__Clostridiales;f__Eubacteriaceae;g__Eubacterium;s__[Eubacterium]_eligens	k__Bacteria;p__Firmicutes;c__Clostridia;o__Clostridiales;f__Ruminococcaceae;g__;s__Ruminococcaceae_bacterium_D16	k__Bacteria;p__Firmicutes;c__Clostridia;o__Clostridiales;f__Lachnospiraceae;g__Coprococcus;s__Coprococcus_comes	k__Bacteria;p__Proteobacteria;c__Gammaproteobacteria;o__Enterobacterales;f__Enterobacteriaceae;g__Escherichia;s__Escherichia_coli	k__Bacteria;p__Firmicutes;c__Clostridia;o__Clostridiales;f__Ruminococcaceae;g__Anaerotruncus;s__Anaerotruncus_colihominis	k__Bacteria;p__Firmicutes;c__Clostridia;o__Clostridiales;f__Lachnospiraceae;g__Blautia;s__Blautia_obeum	k__Bacteria;p__Bacteroidetes;c__Bacteroidia;o__Bacteroidales;f__Odoribacteraceae;g__Odoribacter;s__Odoribacter_laneus	k__Bacteria;p__Firmicutes;c__Clostridia;o__Clostridiales;f__Ruminococcaceae;g__Ruminiclostridium;s__[Clostridium]_leptum	k__Bacteria;p__Bacteroidetes;c__Bacteroidia;o__Bacteroidales;f__Porphyromonadaceae;g__Parabacteroides;s__Parabacteroides_goldsteinii	k__Bacteria;p__Firmicutes;c__Clostridia;o__Clostridiales;f__Lachnospiraceae;g__Anaerostipes;s__Anaerostipes_hadrus	k__Bacteria;p__Firmicutes;c__Clostridia;o__Clostridiales;f__Ruminococcaceae;g__Ruminococcus;s__Ruminococcus_lactaris	k__Bacteria;p__Firmicutes;c__Clostridia;o__Clostridiales;f__Clostridiaceae;g__Clostridium;s__Clostridium_sp._L2-50	k__Bacteria;p__Firmicutes;c__Clostridia;o__Clostridiales;f__Clostridiaceae;g__Clostridium;s__Clostridium_sp._M62/1	k__Bacteria;p__Firmicutes;c__Clostridia;o__Clostridiales;f__;g__Intestinimonas;s__Intestinimonas_butyriciproducens	k__Bacteria;p__Actinobacteria;c__Actinobacteria;o__Bifidobacteriales;f__Bifidobacteriaceae;g__Bifidobacterium;s__Bifidobacterium_bifidum	k__Bacteria;p__Firmicutes;c__Negativicutes;o__Veillonellales;f__Veillonellaceae;g__Dialister;s__Dialister_invisus	k__Bacteria;p__Bacteroidetes;c__Bacteroidia;o__Bacteroidales;f__Bacteroidaceae;g__Bacteroides;s__Bacteroides_salanitronis
k__Bacteria;p__Bacteroidetes;c__Bacteroidia;o__Bacteroidales;f__Bacteroidaceae;g__Bacteroides;s__Bacteroides_vulgatus	1.0	-0.0764481534967	0.0431458024027	-0.0271017559058	-0.0490187927404	-0.0322125115169	-0.00376237128486	0.00829375427701	0.00706781175129	-0.0548311215168	0.00361602208571	-0.00450270438521	0.0644189233764	-0.0318726136812	0.0377902809319	-0.010214007277	0.0155738515039	-0.0126612143377	0.0664640024186	0.0213641118247	-0.0278367861794	0.0102120061806	0.0273773173535	0.108905572513	-0.0620893521751	-0.0370037207592	0.0480590305621	-0.0236240301281	-0.0171313544323	-0.039345820917	-0.025097035483	0.0587133244875	-0.0459824076778	0.0140727616099	0.0445415804677	-0.0304545590571	-0.0301628822533	-0.00908394513955	-0.0219595770099	-0.0127171401434	-0.0595220827853	-0.010211240946	-0.0800524735487	0.0406682424942	-0.0262413303124	-0.0910296157885	0.0054698398339	0.0106874739545	0.0225239472833	-0.0234926700562	-0.0172227765537	0.00159338102388	-0.0251285186505	-0.0053465259925	0.0270644998478	-0.0471921249926	0.0468200793715	-0.0201084413255	0.0070320927809
k__Bacteria;p__Bacteroidetes;c__Bacteroidia;o__Bacteroidales;f__Bacteroidaceae;g__Bacteroides;s__Bacteroides_uniformis	-0.0764481534967	1.0	0.0390035121897	0.0571204275635	-0.0190199872944	0.0230169679584	-0.0475227977476	-0.0300906455263	-0.0138224499982	0.0164614302085	-0.0165651049303	-0.0281829434239	-0.017024167161	-0.0288992933786	-0.0186616388095	-0.0162256318415	-0.0186676859748	-0.047397532993	-0.0528360406306	-0.0879430326349	-0.0486591318841	0.0146239891371	-0.0306474777062	-0.0115959251702	0.0217349378605	-0.0913698973676	-0.02480279631	-0.0185022997325	0.0245314063444	-0.0163217945115	-0.0529466801989	0.000335850598367	0.00340844130689	0.0479274290227	0.00507836941051	0.00313194711357	-0.0336256865135	0.0578669028792	-0.0220497827823	-0.0141703894542	-0.0315005833602	-0.012570017264	-0.0156886777298	-0.0160168546922	-0.00642714973534	-0.000644743601696	-0.0204134323414	-0.00119039511617	-0.00960115682716	-0.0201218551826	0.0170339783496	0.0237668861845	-0.00291262529542	0.0219017011565	0.0184073907261	0.0366985507168	-0.0374839707839	-0.0298132503004	-0.0155678355103
k__Bacteria;p__Bacteroidetes;c__Bacteroidia;o__Bacteroidales;f__Rikenellaceae;g__Alistipes;s__Alistipes_putredinis	0.0431458024027	0.0390035121897	1.0	0.0761319895955	0.0349381629679	0.0012731198416	-0.0226351898759	0.00133998358257	0.0308556935725	-0.0205725641305	0.0202690499545	0.0160451672563	-0.029116402931	0.0300483952743	-0.00990816763104	0.0130859157883	0.0236320826034	-0.0516651081281	-0.085102693286	-0.0419220769864	0.00397269193148	-0.0338146113873	-0.0165751202799	0.0120108768384	0.00641738291228	-0.0109752615217	0.0272388745007	0.000234586363588	-0.0161935289812	0.0682008217399	-0.0299102592302	0.0207095460042	0.0130373193054	0.0126712933464	-0.0234458691796	-0.0499628190729	-0.030867629648	-0.0492569358557	-0.00307587291488	-0.062202197343	-0.0195395970107	-0.0358364398595	0.0244386718816	0.0156538192998	-0.00227300407545	-0.0288597628629	-0.0303046198834	-0.000698621847169	-0.0458021083042	0.0473298215551	-0.026832251684	0.0027459784277	-0.00406753672235	-0.0236273627077	0.019004980341	0.0343283215069	-0.0120905441393	0.0510612173845	0.00332075113489
k__Bacteria;p__Bacteroidetes;c__Bacteroidia;o__Bacteroidales;f__Prevotellaceae;g__Prevotella;s__Prevotella_copri	-0.0271017559058	0.0571204275635	0.0761319895955	1.0	-0.00856867282198	-0.0106612373555	0.00254284965626	0.00735183764089	-0.0513699206553	0.0197741754206	0.00450149935514	-0.0389670294463	0.00970798133662	-0.0437599210858	0.058950746178	-0.0353158035865	0.00115533315234	0.00508256891052	-0.0136031795353	0.0193096164223	-0.009404961315	-0.0434541755802	-0.0239417689409	-0.0723680825269	-0.0442400235054	0.0249349431923	0.0354540689664	0.0414501631344	0.0558575045072	-0.0274293955176	-0.00675587403207	-0.0316581329061	-0.0241303268769	-0.00537305296457	-0.00622583866876	-0.0505259402378	-0.00328698868494	-0.0201536520587	-0.0605624273102	0.00607807646571	-0.0339102736767	-0.0760534312566	0.0203789980266	0.00468108791614	-0.0628789728491	0.00340021222382	-0.0785352127315	0.0278888046273	0.00305636937287	0.0300598538773	0.051806561967	-0.0224644633782	-0.0425749250307	-0.00585230135283	-0.0163251456364	0.0132749798048	0.0182564520238	-0.00193148561005	0.0444795388642
k__Bacteria;p__Bacteroidetes;c__Bacteroidia;o__Bacteroidales;f__Bacteroidaceae;g__Bacteroides;s__Bacteroides_stercoris	-0.0490187927404	-0.0190199872944	0.0349381629679	-0.00856867282198	1.0	-0.0427779050381	-0.000674904377501	0.0336793560749	-0.0450220283215	-0.0369330605811	-0.025746886195	-0.0343941964483	-0.0196691415636	-0.00238156641558	-0.0159409359525	-0.0145212051135	-0.0220206284355	-0.0045943285344	0.000735152243285	-0.0442364902797	-0.0472291268272	-0.0113355778778	-0.00922625920383	-0.00762442413891	0.0526429500955	0.0103895091204	-0.0168499202653	-0.0314662966665	0.047179783074	-0.0458873661487	-0.0158774472939	0.0048346523296	-0.0299319795217	0.0414322072317	-0.00992010813884	0.0245183395353	-0.0993211843507	0.021727471659	0.0595183778124	-0.0200410425869	0.00281832164606	-0.0219870417172	-0.0227464187206	-0.00602087930196	0.0274016000156	-0.0287184595767	-0.000506585152772	-0.0139920128681	-0.0653878504387	0.0280439291371	-0.0217903774274	0.00392573995831	0.0348916896091	0.0186218487455	-0.0576527799571	0.0442827475255	0.0458084146935	-0.0041903467424	-0.0143349361316
k__Bacteria;p__Bacteroidetes;c__Bacteroidia;o__Bacteroidales;f__Bacteroidaceae;g__Bacteroides;s__Bacteroides_ovatus	-0.0322125115169	0.0230169679584	0.0012731198416	-0.0106612373555	-0.0427779050381	1.0	-0.0678724861009	0.0344048358616	-0.0315222907829	-0.0134289289282	0.0424310343355	-0.0327704952662	-0.0438154597447	0.0767888171793	-0.0249919563084	-0.0389693059126	0.034895959277	-0.0277785691977	-0.0506315372962	-0.0162040317174	-0.0387653693909	0.0196495626169	-0.0181368616693	0.012921902271	-0.00699817677307	-0.0112758531843	0.00888400041844	-0.0314401219905	-0.0276093092429	-0.0260775736086	-0.0415432448051	-0.0563552048619	0.0201119553086	-0.0646805965991	0.0266842059973	0.00711870772684	0.0478699962963	-0.062632631805	-0.0468308567507	-0.00384340696893	0.0875401979616	-0.0268371399962	0.00485722367602	-0.0246742016197	0.0427802717258	0.0314405932874	-0.00664614777678	-0.00671010638438	0.0124141000361	-0.0120702435411	0.0427368407198	-0.00289320652694	-0.00259013551611	0.00591699486729	-0.0253554307986	0.0712837157834	-0.0627640625437	-0.00954621936148	-0.0411646520478
k__Bacteria;p__Bacteroidetes;c__Bacteroidia;o__Bacteroidales;f__Rikenellaceae;g__Alistipes;s__Alistipes_shahii	-0.00376237128486	-0.0475227977476	-0.0226351898759	0.00254284965626	-0.000674904377501	-0.0678724861009	1.0	-0.0484135562278	0.0517135585196	-0.023389635514	0.0198778104607	-0.027276421393	0.00677517243838	-0.0363274421864	-0.0202202189661	-0.0142450586968	-0.061872984708	-0.0275679674522	0.0440963165277	-0.0260485753406	0.00985644579817	-0.0615705761807	0.0593226211121	-0.0155461668888	-0.0401519261354	-0.0328192626404	-0.057238191226	0.0234787043163	-0.0440531474847	-0.0427327008762	0.0115131323382	0.0516352854179	0.0229324856728	-0.0106400391461	-0.0241170354807	-0.0363643881135	-0.0692021003983	0.0198493698931	-0.0112078281791	-0.034044838067	0.0218791057696	0.00920155348539	-0.00264910974248	-0.0217076525089	0.0469585432041	0.0692168383364	0.0577972776628	0.0276056124372	0.0620365464574	-0.00362213871323	0.0404063211092	-0.00517077834431	-0.0285641270014	-0.0114009260191	0.0410364559152	0.0149428173202	0.0126562136127	0.0255852901869	-0.00806105675281
k__Bacteria;p__Firmicutes;c__Clostridia;o__Clostridiales;f__Ruminococcaceae;g__Faecalibacterium;s__Faecalibacterium_prausnitzii	0.00829375427701	-0.0300906455263	0.00133998358257	0.00735183764089	0.0336793560749	0.0344048358616	-0.0484135562278	1.0	-0.00285123604111	-0.0292316169756	0.00213203855341	0.0187227040312	0.0441561300717	-0.024035056687	-0.0109924254181	-0.0487941512188	0.0153277360108	0.0140205246656	-0.0225216687794	-0.0411280149365	0.00768997377593	0.0195149369642	-0.00108594559016	0.00620639243606	-0.0148391987553	-0.0205286713026	-0.0486440345667	-0.00433037114059	-0.105347042636	0.00215363959054	-0.0640805320533	-0.0566897134396	0.0242445652777	0.0128563887801	0.00678298371588	0.0106102680732	-0.0355454861275	-0.0528312123124	0.00583790526736	-0.0141753847145	-0.00709759724837	-0.043629737526	0.00927335555094	0.0229645766232	-0.0237655398351	0.0142150565086	0.00351461399598	0.006173528214	-0.0441259887739	0.0127418145146	0.00337977970072	-0.0472934030074	-0.058592193345	0.0363482932692	-0.0300591294228	0.0181908605055	-0.0463557323431	0.0321037717285	0.00139706888005
k__Bacteria;p__Bacteroidetes;c__Bacteroidia;o__Bacteroidales;f__Rikenellaceae;g__Alistipes;s__Alistipes_finegoldii	0.00706781175129	-0.0138224499982	0.0308556935725	-0.0513699206553	-0.0450220283215	-0.0315222907829	0.0517135585196	-0.00285123604111	1.0	0.00763681910826	-0.0495236106138	0.0363059745253	-0.0592404641381	-0.0191928952901	0.00871886310853	-0.0300617888162	-0.00397494863349	-0.0828343830352	0.0724608293341	0.0357843234299	-0.00164417990549	-0.0244291553046	-0.024349755785	0.0163319115497	0.0940647903324	0.0165485175466	-0.00310647350319	-0.0665969644028	-0.0181659788304	0.0426939717737	0.000849689473343	-0.0465817049983	0.0326811703656	-0.0404682268529	-0.0457448548075	-0.0294249099266	0.0316109959089	0.0311543681168	0.0338215279204	-0.0124733545317	0.0622926579747	0.0110477860257	-0.0527084383307	-0.0501245106106	-0.0119206400549	0.0189186904042	-0.0251422600879	0.00157936071019	0.0494449978598	0.0164976863835	-0.0175766887456	0.00345887664387	0.0354075089543	0.00720941608311	0.0205060729587	-0.0794909310022	-0.0612276253675	0.0289296789904	-0.00287966416618
k__Bacteria;p__Bacteroidetes;c__Bacteroidia;o__Bacteroidales;f__Porphyromonadaceae;g__Parabacteroides;s__Parabacteroides_distasonis	-0.0548311215168	0.0164614302085	-0.0205725641305	0.0197741754206	-0.0369330605811	-0.0134289289282	-0.023389635514	-0.0292316169756	0.00763681910826	1.0	0.0141537129984	-0.0124847374252	-0.0339588762118	-0.00392329612461	-0.0187521781995	-0.0175854566298	-0.0117747971862	-0.0553359858295	0.00458524559701	0.00685165835138	-0.0158181206471	-0.00658155650677	0.0339852781874	-0.0116032504035	0.0111424815532	-0.0625127612378	-0.0442300674901	-0.0238323163047	-0.0245120396992	0.0108410656321	0.0365194023513	-0.0364167506675	0.00683775435771	0.0285003355405	0.0626131934154	-0.0187199970024	0.0148472801699	0.0434041457911	0.0315490998078	0.00897911157603	-0.0256949898961	-0.0219425683091	-0.0122045333209	-0.0199315522768	-0.0156231148886	-0.0233582750052	0.0462599911761	-0.00595238814298	-0.0321630677293	0.0116672249593	-0.00480627670764	0.0245340897371	-0.0110978273803	0.00834688323527	0.00086829219569	-0.0134263588522	-0.0434295595733	0.0088854885408	0.0324162936807
k__Bacteria;p__Bacteroidetes;c__Bacteroidia;o__Bacteroidales;f__Bacteroidaceae;g__Bacteroides;s__Bacteroides_thetaiotaomicron	0.00361602208571	-0.0165651049303	0.0202690499545	0.00450149935514	-0.025746886195	0.0424310343355	0.0198778104607	0.00213203855341	-0.0495236106138	0.0141537129984	1.0	-0.00868079764235	0.0287344445395	-0.0135377724081	-0.0121679704636	0.0406683719296	-0.00401450524917	0.0259317591056	-0.0232287418676	-0.0184043839657	-0.0085255702373	-0.0205423000853	-0.0201121131532	0.0159668713564	-0.053014523794	0.0350455690178	-0.00613938473022	-0.0274097739741	-0.0616859486638	0.0155073601992	-0.00909031306175	0.0664157127282	0.0223382811784	-0.0526865023118	-0.00191063426175	0.0442684817573	-0.0270842391432	0.00730580033292	-0.0318874939832	0.00199379665222	-0.0607612843389	-0.010167600691	0.0390541572924	0.000153803049185	-0.00989017463638	0.0147234351779	0.00522412476293	0.0299616011841	0.0223126624892	-0.0394082080279	-0.00463063920172	0.0084573407655	-0.0291813851236	0.0105130696243	-0.0272464691724	-0.0232766234024	0.044154065381	-0.0256930875503	-0.0362498896187
k__Bacteria;p__Bacteroidetes;c__Bacteroidia;o__Bacteroidales;f__Bacteroidaceae;g__Bacteroides;s__Bacteroides_coprocola	-0.00450270438521	-0.0281829434239	0.0160451672563	-0.0389670294463	-0.0343941964483	-0.0327704952662	-0.027276421393	0.0187227040312	0.0363059745253	-0.0124847374252	-0.00868079764235	1.0	-0.0026536271876	-0.0478530568991	0.0279644306096	-0.0255267054254	-0.0366403951109	0.00256976526024	-0.0911377295256	0.0502943763658	0.00774759694378	-0.0537907011228	0.0322133048467	0.0327158540593	-0.0836667495125	-0.0326953610042	0.00205598102059	0.0233465916453	0.0267155638076	0.00628764301213	0.0452658552157	0.0739245336699	0.00137782306671	0.0138066924376	-0.0194046530378	0.0232805253181	0.0440618095453	-0.0518082531849	-0.00580145321573	-0.00141078989164	0.0279391456899	-0.0236752698898	0.0180187626767	-0.0305060538899	-0.000641691679175	-0.0272582011662	-0.0217818214298	-0.0749547755234	-0.0613843419044	-0.0299136637814	-0.0155081665557	-0.0838350847937	-0.0101950956433	-0.0638850974078	0.0213067026684	0.0213378053563	0.0066904400073	0.072684129334	0.01983481891
k__Bacteria;p__Bacteroidetes;c__Bacteroidia;o__Bacteroidales;f__Bacteroidaceae;g__Bacteroides;s__Bacteroides_cellulosilyticus	0.0644189233764	-0.017024167161	-0.029116402931	0.00970798133662	-0.0196691415636	-0.0438154597447	0.00677517243838	0.0441561300717	-0.0592404641381	-0.0339588762118	0.0287344445395	-0.0026536271876	1.0	-0.00677849460685	-0.0181832361354	0.0134896823523	-0.0179179427051	-0.000484309377426	-0.0278501086449	-0.0224617465375	-0.0152684863004	-0.000504929850549	-0.0446825207203	-0.0293081599859	-0.0344668681953	-0.0222184862913	0.0329958174874	-0.0118352262223	0.0694599014514	0.0271327571801	-0.0462923610979	-0.0250053709839	0.0279142098566	0.0128239093516	0.00991655165303	-0.00204422510467	-0.0321796629425	-0.0533759405382	0.0236185900991	-0.00769080580592	0.0535896447174	0.0247538112798	-0.0409207815486	0.0161352768307	-0.0155080512029	0.0316437956922	-0.0172971054178	-0.0811220304771	-0.0145118149321	0.00537228394521	0.0772795072085	-0.0232262351678	0.0107074189387	-0.00357589718843	-0.0294508380861	-0.00451410175454	-0.0408526267831	-0.0169341734354	0.0197082353516
k__Bacteria;p__Bacteroidetes;c__Bacteroidia;o__Bacteroidales;f__Rikenellaceae;g__Alistipes;s__Alistipes_obesi	-0.0318726136812	-0.0288992933786	0.0300483952743	-0.0437599210858	-0.00238156641558	0.0767888171793	-0.0363274421864	-0.024035056687	-0.0191928952901	-0.00392329612461	-0.0135377724081	-0.0478530568991	-0.00677849460685	1.0	0.00192443721006	0.0381319153724	0.0162855727711	-0.0351741704535	-0.0526762452247	-0.00243004903775	0.0154044516685	-0.0259619951516	0.00603230765371	0.0534117246747	-0.00755670582678	0.00328905832407	-0.0343888998627	-0.00230677132524	-0.00128644713698	-0.00193471940283	0.037852033421	-0.0222615181552	-0.00762655797817	0.00212735081146	-0.0420551000362	0.00601939300682	0.0384011566813	0.00418056627124	0.0298863241734	-0.00855661847321	0.00465884299793	0.0268633244514	0.0294304111939	0.019898482719	0.0667560144848	0.0170231848101	0.0826071535616	-0.0489003842759	0.00111036314136	-0.0416529582531	-0.0762101694607	-0.0105168709779	0.000194718738732	-0.0711819909029	-0.0707957223155	-0.0149983205694	-0.0591044172524	-0.0106255779414	0.0171055435501
k__Bacteria;p__Firmicutes;c__Clostridia;o__Clostridiales;f__Lachnospiraceae;g__;s__[Eubacterium]_rectale	0.0377902809319	-0.0186616388095	-0.00990816763104	0.058950746178	-0.0159409359525	-0.0249919563084	-0.0202202189661	-0.0109924254181	0.00871886310853	-0.0187521781995	-0.0121679704636	0.0279644306096	-0.0181832361354	0.00192443721006	1.0	-0.0388600363282	-0.0341386832969	-0.0526243843913	-0.012005427837	-0.0223229732569	0.0200187068317	0.0152964531027	0.0165422759139	0.00185352098463	0.0313850861238	-0.0253373090692	-0.0144117979447	0.000646094155249	0.0228295729565	-0.0428326839101	0.00754473100999	0.0426981481852	-0.0486774159981	0.018193800544	0.0409286056452	-0.0520552570479	-0.00290467576538	-0.00104498862271	-0.0129281412887	-0.0666448152743	-0.0196471696369	-0.111618804894	-0.0343376070607	0.053224551974	-0.0141783546659	0.0126409375423	-0.0483413906253	-0.0323285836719	-0.0667347849452	-0.0306419554768	0.0342672169404	-0.0576199600862	0.0104591669103	-0.00191881577946	-0.0238158166976	-0.00665163063293	0.0238642588977	-0.0200420794079	0.00640218722902
k__Bacteria;p__Bacteroidetes;c__Bacteroidia;o__Bacteroidales;f__Bacteroidaceae;g__Bacteroides;s__Bacteroides_plebeius	-0.010214007277	-0.0162256318415	0.0130859157883	-0.0353158035865	-0.0145212051135	-0.0389693059126	-0.0142450586968	-0.0487941512188	-0.0300617888162	-0.0175854566298	0.0406683719296	-0.0255267054254	0.0134896823523	0.0381319153724	-0.0388600363282	1.0	0.0348720812791	-0.0129762098019	0.00547723442581	-0.0746296522371	-0.0575581504828	0.0380345844966	-0.0596170474352	-0.012246765092	-0.0114370657211	-0.0775340952786	-0.0390908657987	0.061110060706	-0.042371917506	-0.0202130065135	-0.00740887343057	0.024908142214	0.0192865866676	-0.00365692610322	0.00637973300395	0.00491661227098	0.0117683548034	0.0324573464993	-0.011442894938	0.000410294351708	-0.0371114949823	0.0136997695082	0.0302981864371	0.0341330299623	0.0177129219836	-0.014724613765	-0.0242064519081	-0.0194433049489	0.0349871941468	-0.029709962161	-0.0310635546624	-0.0481074542384	-0.0233364214109	-0.00934889727969	0.0353712123597	0.0469900375059	0.0017739895758	-0.00506805576572	0.0633452225354
k__Bacteria;p__Bacteroidetes;c__Bacteroidia;o__Bacteroidales;f__Bacteroidaceae;g__Bacteroides;s__Bacteroides_fragilis	0.0155738515039	-0.0186676859748	0.0236320826034	0.00115533315234	-0.0220206284355	0.034895959277	-0.061872984708	0.0153277360108	-0.00397494863349	-0.0117747971862	-0.00401450524917	-0.0366403951109	-0.0179179427051	0.0162855727711	-0.0341386832969	0.0348720812791	1.0	-0.0824652127087	-0.0448229028131	-0.0550703115762	-0.00745387598617	-0.0435226555649	-0.0817491028362	-0.0124590324083	-0.0207794559915	0.0549056930252	0.0304077366161	0.00937654357992	0.0425749256314	0.0389389439457	-0.0602129889014	-0.0529466154842	0.0118138934486	-0.0231882080484	-0.0563985892444	-0.00869446519851	-0.0108065948736	0.0466230297629	0.0415089659438	-0.068262977664	-0.0725377633471	-0.0116127544001	0.0139256594046	-0.00955462539722	-0.00639394711767	0.0281787787187	0.0269907980151	-0.057725696622	0.00605925586159	0.0452261842475	-0.0383331280032	-0.0210610766283	-0.0481470348121	-0.00909738345843	0.0113694236	0.0276965676334	-0.0519536019049	-0.00843246247366	-0.0287282339589
k__Bacteria;p__Proteobacteria;c__Betaproteobacteria;o__Burkholderiales;f__Sutterellaceae;g__Sutterella;s__Sutterella_wadsworthensis	-0.0126612143377	-0.047397532993	-0.0516651081281	0.00508256891052	-0.0045943285344	-0.0277785691977	-0.0275679674522	0.0140205246656	-0.0828343830352	-0.0553359858295	0.0259317591056	0.00256976526024	-0.000484309377426	-0.0351741704535	-0.0526243843913	-0.0129762098019	-0.0824652127087	1.0	0.04023544843	0.0587265994141	-0.00740009846877	0.0123417283205	0.0288152329506	-0.0793428232766	0.021603692532	0.0243532135558	-0.00846080959497	0.00241156270002	-0.0143979380634	-0.0357273146954	-0.0328842957541	0.0291553063856	0.0292454646595	-0.00328355968744	-0.0322436082036	-0.0457127957316	-0.027631705231	-0.0256554307615	0.0121444028749	0.0224137169043	0.00579935679211	-0.00969296340704	0.0205891360745	0.0242198867044	-0.00421101596771	-0.0528932710199	-0.0448908516797	0.0397608708267	-0.00605190004776	-0.0266725327199	-0.0598546281186	0.0164671423423	0.0117861780954	-0.0557078824361	-0.0105909664405	-0.00784459543337	0.0170226833423	-0.0355330077485	-0.0282109546175
k__Bacteria;p__Bacteroidetes;c__Bacteroidia;o__Bacteroidales;f__Porphyromonadaceae;g__Barnesiella;s__Barnesiella_intestinihominis	0.0664640024186	-0.0528360406306	-0.085102693286	-0.0136031795353	0.000735152243285	-0.0506315372962	0.0440963165277	-0.0225216687794	0.0724608293341	0.00458524559701	-0.0232287418676	-0.0911377295256	-0.0278501086449	-0.0526762452247	-0.012005427837	0.00547723442581	-0.0448229028131	0.04023544843	1.0	-0.0328799971028	0.0382756635782	-0.0787626409293	0.026704123347	-0.00175275523397	0.0384139375637	-0.0400187057335	0.00739267814779	-0.0397987849524	-0.0365146725845	-0.0110864022289	-0.0480256538738	0.0287900096293	-0.0316417563342	-0.0568563045032	0.00562675685927	0.0433846088323	0.0284397856569	0.0725964716035	-0.00997552811229	0.0705562671588	-0.0322325353755	0.0354662827814	0.00934590279328	0.0252709168535	0.0187902081267	0.0684019015371	-0.0309134377069	0.0071899412201	-0.0311607768694	-0.0462045246962	-0.0311830164287	-0.0535100400875	-0.0140523547958	-0.0320491401812	-0.056815276161	-0.0357823696908	0.0108651282214	0.0308999411871	-0.0449620629194
k__Bacteria;p__Bacteroidetes;c__Bacteroidia;o__Bacteroidales;f__Odoribacteraceae;g__Odoribacter;s__Odoribacter_splanchnicus	0.0213641118247	-0.0879430326349	-0.0419220769864	0.0193096164223	-0.0442364902797	-0.0162040317174	-0.0260485753406	-0.0411280149365	0.0357843234299	0.00685165835138	-0.0184043839657	0.0502943763658	-0.0224617465375	-0.00243004903775	-0.0223229732569	-0.0746296522371	-0.0550703115762	0.0587265994141	-0.0328799971028	1.0	-0.0283384259437	-0.00233401441639	0.00959272929692	0.0448492911819	0.010361204776	-0.000690633324335	-0.0391122743944	-0.0026807635142	-0.0565548431287	0.00141327268726	0.0409699930099	0.130162809168	-0.0266859677611	0.00270513162881	-0.0394210953129	-0.0453565128854	0.0299990785213	-0.0121329089531	-0.039242036343	-0.027497377236	0.0164159168692	-0.00370207929888	-0.00237883599254	-0.00966819567438	0.021125027543	-0.0828638982531	0.00669415675592	0.00680561708752	0.0100149157343	0.00951510010009	0.00985004181954	-0.0550094827719	0.0150108183194	0.00413147465392	0.0166583322127	0.00632500911225	-0.0044951932383	-0.0378626118349	-0.0151445987861
k__Bacteria;p__Bacteroidetes;c__Bacteroidia;o__Bacteroidales;f__Bacteroidaceae;g__Bacteroides;s__Bacteroides_salyersiae	-0.0278367861794	-0.0486591318841	0.00397269193148	-0.009404961315	-0.0472291268272	-0.0387653693909	0.00985644579817	0.00768997377593	-0.00164417990549	-0.0158181206471	-0.0085255702373	0.00774759694378	-0.0152684863004	0.0154044516685	0.0200187068317	-0.0575581504828	-0.00745387598617	-0.00740009846877	0.0382756635782	-0.0283384259437	1.0	0.0236059239021	0.0248216211978	0.0171921770758	0.0103873381333	-0.00668938818792	-0.00642827430485	0.00425062763392	0.0519575241009	0.00788663262898	-0.0141689246255	0.0263175746732	0.00647561831978	-0.0577305174719	0.0179116752903	0.00420526041932	-0.0160952913358	0.0166330983544	-0.0457429595782	0.0440597475439	-0.0403492036722	0.0116317517278	0.0327774096843	-0.00451306760558	0.00957627986078	0.00471759175089	-0.0212838294403	0.0423418216688	0.0108651615942	0.057169395691	0.0584299644489	0.0481132311247	-0.0158156789922	-0.0498493651797	0.0207793045312	-0.0238401728584	-0.0160011931243	0.00128218802748	-0.0345141250268
k__Bacteria;p__Firmicutes;c__Clostridia;o__Clostridiales;f__Ruminococcaceae;g__Ruminiclostridium;s__[Eubacterium]_siraeum	0.0102120061806	0.0146239891371	-0.0338146113873	-0.0434541755802	-0.0113355778778	0.0196495626169	-0.0615705761807	0.0195149369642	-0.0244291553046	-0.00658155650677	-0.0205423000853	-0.0537907011228	-0.000504929850549	-0.0259619951516	0.0152964531027	0.0380345844966	-0.0435226555649	0.0123417283205	-0.0787626409293	-0.00233401441639	0.0236059239021	1.0	-0.0220199900684	0.0434094426227	0.00375081802841	-0.0285585599548	-0.0130965648752	-0.0515578116721	-0.0502837886019	0.011402865107	-0.0185599467649	0.0306682755578	-0.018033347133	-0.0127343635231	-0.0473696458976	-0.004617274354	-0.067604078092	0.0165319449385	-0.0702144396689	-0.0435172777765	-0.0321446744427	0.00223143374714	0.0138792738315	-0.0208723164101	0.0184947538296	-0.0136982996875	0.0207678678497	-0.0186308545864	0.0108852057684	-0.00729093778987	-0.0221243515372	-0.00823978477628	0.0501323539072	0.0723439914663	-0.0209107225824	-0.0152283368493	0.0242158020492	-0.0243286822155	0.0331096671208
k__Bacteria;p__Proteobacteria;c__Betaproteobacteria;o__Burkholderiales;f__Sutterellaceae;g__Parasutterella;s__Parasutterella_excrementihominis	0.0273773173535	-0.0306474777062	-0.0165751202799	-0.0239417689409	-0.00922625920383	-0.0181368616693	0.0593226211121	-0.00108594559016	-0.024349755785	0.0339852781874	-0.0201121131532	0.0322133048467	-0.0446825207203	0.00603230765371	0.0165422759139	-0.0596170474352	-0.0817491028362	0.0288152329506	0.026704123347	0.00959272929692	0.0248216211978	-0.0220199900684	1.0	-0.0496894257926	0.018130788207	-0.026782378616	-0.00671103262653	0.0114384765809	-0.0333195798677	-0.0423301942126	0.0208798527311	-0.0346898311353	0.0247947663726	0.0279272061306	-0.0330351322986	0.0294527151021	-0.0115407272754	-0.0364966696618	-0.0480609103914	-0.000561213317	0.000507328212901	0.0305419029148	-0.0258976650116	-0.0202858168944	-0.00602436230649	0.0399430154546	-0.0377631595284	-0.0245886649112	-0.019101890337	0.00202206068495	-0.0108048951946	0.0410932075212	-0.00805332604937	-0.05889079562	0.0266567255474	-0.0302495999277	0.0111828413684	0.030944108881	-0.0294573630213
k__Bacteria;p__Actinobacteria;c__Actinobacteria;o__Bifidobacteriales;f__Bifidobacteriaceae;g__Bifidobacterium;s__Bifidobacterium_adolescentis	0.108905572513	-0.0115959251702	0.0120108768384	-0.0723680825269	-0.00762442413891	0.012921902271	-0.0155461668888	0.00620639243606	0.0163319115497	-0.0116032504035	0.0159668713564	0.0327158540593	-0.0293081599859	0.0534117246747	0.00185352098463	-0.012246765092	-0.0124590324083	-0.0793428232766	-0.00175275523397	0.0448492911819	0.0171921770758	0.0434094426227	-0.0496894257926	1.0	0.028141873488	-0.0230244374399	-0.001626485222	0.00279317981748	-0.0276663047031	-0.0876386131982	0.0398918055626	2.0377200459e-06	0.0321456299766	-0.0489166474716	0.0411475940834	-0.0145278218618	-0.0107458369638	-0.00239782209037	-0.0515565349666	0.0155050461038	-0.0104556298851	-0.0208988877688	-0.01199172298	-0.0110823773723	-0.0315210417502	-0.0202216685237	-0.0573579099373	-0.0082958216557	-0.0254765838824	-0.0269374577242	-0.0210120298071	-0.0334264656199	-0.0199138090955	0.0106426997174	0.00819666768533	0.0112935167889	-0.0629606328471	-0.0130286072035	0.00083779028604
k__Bacteria;p__Firmicutes;c__Clostridia;o__Clostridiales;f__Oscillospiraceae;g__Oscillibacter;s__Oscillibacter_sp._KLE_1745	-0.0620893521751	0.0217349378605	0.00641738291228	-0.0442400235054	0.0526429500955	-0.00699817677307	-0.0401519261354	-0.0148391987553	0.0940647903324	0.0111424815532	-0.053014523794	-0.0836667495125	-0.0344668681953	-0.00755670582678	0.0313850861238	-0.0114370657211	-0.0207794559915	0.021603692532	0.0384139375637	0.010361204776	0.0103873381333	0.00375081802841	0.018130788207	0.028141873488	1.0	-0.00885591576856	0.0559120231821	-0.0294708303983	0.010160022541	0.00822432477641	-0.0291500016745	0.0497744619299	-0.0424018945435	0.0193881990125	0.0171597975313	-0.00182113073836	-0.0325627780318	-0.0152346265832	0.0357431807174	0.0724300417776	-0.0293645576498	-0.00546666819701	0.0113415779666	-0.0203955539621	-0.0164417378971	0.0453146209867	0.0143740530986	0.0119325401356	-0.0509889774992	0.0199380361004	-0.0240532596771	0.0033688509033	-0.0308980071985	-0.00698135914032	0.0386001072987	-0.0235503208257	-0.0790517939215	0.0289282091132	0.0165051651858
k__Bacteria;p__Bacteroidetes;c__Bacteroidia;o__Bacteroidales;f__Bacteroidaceae;g__Bacteroides;s__Bacteroides_coprophilus	-0.0370037207592	-0.0913698973676	-0.0109752615217	0.0249349431923	0.0103895091204	-0.0112758531843	-0.0328192626404	-0.0205286713026	0.0165485175466	-0.0625127612378	0.0350455690178	-0.0326953610042	-0.0222184862913	0.00328905832407	-0.0253373090692	-0.0775340952786	0.0549056930252	0.0243532135558	-0.0400187057335	-0.000690633324335	-0.00668938818792	-0.0285585599548	-0.026782378616	-0.0230244374399	-0.00885591576856	1.0	0.0249840340468	0.0077241305466	0.0194321433836	-0.0264784695508	-0.0202744235108	0.0435912201108	0.0135419118564	0.0154518631295	-0.0634611642365	-0.0172283294506	-0.0102570196159	-0.0203463688039	0.0109422755066	-0.0598559221202	-0.0444294220328	0.00374086962602	-0.044013823201	-0.0218888531657	0.0127065545951	0.00352541408883	-0.00853689953934	0.0700023459834	0.000113574879689	0.0167132325796	0.0196925353657	0.0374986132997	0.0531833059714	-0.074452441298	0.0196005629578	0.0159903937266	-0.00586532514281	-0.000703933336563	-0.0157383067054
k__Bacteria;p__Firmicutes;c__Clostridia;o__Clostridiales;f__Lachnospiraceae;g__Roseburia;s__Roseburia_intestinalis	0.0480590305621	-0.02480279631	0.0272388745007	0.0354540689664	-0.0168499202653	0.00888400041844	-0.057238191226	-0.0486440345667	-0.00310647350319	-0.0442300674901	-0.00613938473022	0.00205598102059	0.0329958174874	-0.0343888998627	-0.0144117979447	-0.0390908657987	0.0304077366161	-0.00846080959497	0.00739267814779	-0.0391122743944	-0.00642827430485	-0.0130965648752	-0.00671103262653	-0.001626485222	0.0559120231821	0.0249840340468	1.0	0.0182970444388	-0.000438605896522	-0.0189752861625	-0.015965015839	0.022848627712	0.0228566405111	0.0206521506291	-0.06148583298	-0.0603354381043	0.00528070283189	0.00121119067339	-0.0050055508987	-0.0315427898441	-0.00276627505022	-0.0149289226871	-0.0611201771519	-0.0338506914319	-0.0457626533407	0.00435330164187	-0.0304096922596	-0.020524075149	0.00899342726805	-0.0137955966907	-0.0291136312583	-0.0641677725565	0.00649456971064	-0.0102038143718	0.0149985121902	0.00562583502978	0.00396671449256	0.0104682352945	-0.0180592922403
k__Bacteria;p__Firmicutes;c__Clostridia;o__Clostridiales;f__Lachnospiraceae;g__Roseburia;s__Roseburia_hominis	-0.0236240301281	-0.0185022997325	0.000234586363588	0.0414501631344	-0.0314662966665	-0.0314401219905	0.0234787043163	-0.00433037114059	-0.0665969644028	-0.0238323163047	-0.0274097739741	0.0233465916453	-0.0118352262223	-0.00230677132524	0.000646094155249	0.061110060706	0.00937654357992	0.00241156270002	-0.0397987849524	-0.0026807635142	0.00425062763392	-0.0515578116721	0.0114384765809	0.00279317981748	-0.0294708303983	0.0077241305466	0.0182970444388	1.0	-0.0170427371739	0.0340789716658	-0.0217993108387	0.00863749878006	-0.0559590529217	-0.0111809359212	-0.0348939200305	-0.0352535597677	0.011124813337	-0.00915673993917	0.0360862689309	0.0381272886929	-0.00536979719691	-0.0225647265857	-0.0677513822116	0.00374391412028	-0.0239514196471	0.0400333088945	0.0326097560499	0.0328024252796	0.0185251916462	-0.00540266426205	0.0306290144155	0.00941772311797	-0.0403532965928	-0.0326090978551	-0.019869416694	0.04429257025	-0.0187548442763	0.0415851381884	-0.0273105155824
k__Bacteria;p__Bacteroidetes;c__Bacteroidia;o__Bacteroidales;f__Porphyromonadaceae;g__Parabacteroides;s__Parabacteroides_johnsonii	-0.0171313544323	0.0245314063444	-0.0161935289812	0.0558575045072	0.047179783074	-0.0276093092429	-0.0440531474847	-0.105347042636	-0.0181659788304	-0.0245120396992	-0.0616859486638	0.0267155638076	0.0694599014514	-0.00128644713698	0.0228295729565	-0.042371917506	0.0425749256314	-0.0143979380634	-0.0365146725845	-0.0565548431287	0.0519575241009	-0.0502837886019	-0.0333195798677	-0.0276663047031	0.010160022541	0.0194321433836	-0.000438605896522	-0.0170427371739	1.0	0.044357351061	-0.0530888840317	0.0044605194956	-0.0493451691371	0.0281129050564	0.0191409510588	0.0263243096635	-0.0462449021181	0.0629337544508	-0.034530828339	-0.00583628876186	-0.0666841841936	0.0126010814457	-0.0160695946773	-0.00441301142526	0.0220875927759	-0.0180048273872	-0.039702389913	-0.0187692263005	0.0635518774297	-0.00156013045129	0.0241734383649	-0.0185068825504	0.0215329152289	-0.02093063033	0.000311151673912	0.0213838757609	-0.0443444121607	-0.0736736892914	-0.0258870965464
k__Bacteria;p__Actinobacteria;c__Actinobacteria;o__Bifidobacteriales;f__Bifidobacteriaceae;g__Bifidobacterium;s__Bifidobacterium_longum	-0.039345820917	-0.0163217945115	0.0682008217399	-0.0274293955176	-0.0458873661487	-0.0260775736086	-0.0427327008762	0.00215363959054	0.0426939717737	0.0108410656321	0.0155073601992	0.00628764301213	0.0271327571801	-0.00193471940283	-0.0428326839101	-0.0202130065135	0.0389389439457	-0.0357273146954	-0.0110864022289	0.00141327268726	0.00788663262898	0.011402865107	-0.0423301942126	-0.0876386131982	0.00822432477641	-0.0264784695508	-0.0189752861625	0.0340789716658	0.044357351061	1.0	-0.0429529628486	-0.0105447920434	-0.0203753034306	-0.043313975872	-0.0234265989629	-0.0268120010299	0.00756980075184	-0.0426984579616	-0.0669439347727	-0.034473877841	0.0134825410394	-0.0165641222015	-0.0070581056734	-0.00863396915877	0.0204259327051	0.0287452993169	0.0245179032024	-0.0042554464153	-0.0119624092594	0.032304235009	-0.0138806380214	0.0430673414371	-0.0690143706623	-0.0126960420462	-0.054416659953	-0.0281000889658	0.0448325011504	0.00582344564264	0.0144656930698
