#taxonomy	k__Bacteria;p__Bacteroidetes;c__Bacteroidia;o__Bacteroidales;f__Bacteroidaceae;g__Bacteroides;s__Bacteroides_vulgatus	k__Bacteria;p__Bacteroidetes;c__Bacteroidia;o__Bacteroidales;f__Bacteroidaceae;g__Bacteroides;s__Bacteroides_uniformis	k__Bacteria;p__Bacteroidetes;c__Bacteroidia;o__Bacteroidales;f__Rikenellaceae;g__Alistipes;s__Alistipes_putredinis	k__Bacteria;p__Bacteroidetes;c__Bacteroidia;o__Bacteroidales;f__Prevotellaceae;g__Prevotella;s__Prevotella_copri	k__Bacteria;p__Bacteroidetes;c__Bacteroidia;o__Bacteroidales;f__Bacteroidaceae;g__Bacteroides;s__Bacteroides_stercoris	k__Bacteria;p__Bacteroidetes;c__Bacteroidia;o__Bacteroidales;f__Bacteroidaceae;g__Bacteroides;s__Bacteroides_ovatus	k__Bacteria;p__Bacteroidetes;c__Bacteroidia;o__Bacteroidales;f__Rikenellaceae;g__Alistipes;s__Alistipes_shahii	k__Bacteria;p__Firmicutes;c__Clostridia;o__Clostridiales;f__Ruminococcaceae;g__Faecalibacterium;s__Faecalibacterium_prausnitzii	k__Bacteria;p__Bacteroidetes;c__Bacteroidia;o__Bacteroidales;f__Rikenellaceae;g__Alistipes;s__Alistipes_finegoldii	k__Bacteria;p__Bacteroidetes;c__Bacteroidia;o__Bacteroidales;f__Porphyromonadaceae;g__Parabacteroides;s__Parabacteroides_distasonis	k__Bacteria;p__Bacteroidetes;c__Bacteroidia;o__Bacteroidales;f__Bacteroidaceae;g__Bacteroides;s__Bacteroides_thetaiotaomicron	k__Bacteria;p__Bacteroidetes;c__Bacteroidia;o__Bacteroidales;f__Bacteroidaceae;g__Bacteroides;s__Bacteroides_coprocola	k__Bacteria;p__Bacteroidetes;c__Bacteroidia;o__Bacteroidales;f__Bacteroidaceae;g__Bacteroides;s__Bacteroides_cellulosilyticus	k__Bacteria;p__Bacteroidetes;c__Bacteroidia;o__Bacteroidales;f__Rikenellaceae;g__Alistipes;s__Alistipes_obesi	k__Bacteria;p__Firmicutes;c__Clostridia;o__Clostridiales;f__Lachnospiraceae;g__;s__[Eubacterium]_rectale	k__Bacteria;p__Bacteroidetes;c__Bacteroidia;o__Bacteroidales;f__Bacteroidaceae;g__Bacteroides;s__Bacteroides_plebeius	k__Bacteria;p__Bacteroidetes;c__Bacteroidia;o__Bacteroidales;f__Bacteroidaceae;g__Bacteroides;s__Bacteroides_fragilis	k__Bacteria;p__Proteobacteria;c__Betaproteobacteria;o__Burkholderiales;f__Sutterellaceae;g__Sutterella;s__Sutterella_wadsworthensis	k__Bacteria;p__Bacteroidetes;c__Bacteroidia;o__Bacteroidales;f__Porphyromonadaceae;g__Barnesiella;s__Barnesiella_intestinihominis	k__Bacteria;p__Bacteroidetes;c__Bacteroidia;o__Bacteroidales;f__Odoribacteraceae;g__Odoribacter;s__Odoribacter_splanchnicus	k__Bacteria;p__Bacteroidetes;c__Bacteroidia;o__Bacteroidales;f__Bacteroidaceae;g__Bacteroides;s__Bacteroides_salyersiae	k__Bacteria;p__Firmicutes;c__Clostridia;o__Clostridiales;f__Ruminococcaceae;g__Ruminiclostridium;s__[Eubacterium]_siraeum	k__Bacteria;p__Proteobacteria;c__Betaproteobacteria;o__Burkholderiales;f__Sutterellaceae;g__Parasutterella;s__Parasutterella_excrementihominis	k__Bacteria;p__Actinobacteria;c__Actinobacteria;o__Bifidobacteriales;f__Bifidobacteriaceae;g__Bifidobacterium;s__Bifidobacterium_adolescentis	k__Bacteria;p__Firmicutes;c__Clostridia;o__Clostridiales;f__Oscillospiraceae;g__Oscillibacter;s__Oscillibacter_sp._KLE_1745	k__Bacteria;p__Bacteroidetes;c__Bacteroidia;o__Bacteroidales;f__Bacteroidaceae;g__Bacteroides;s__Bacteroides_coprophilus	k__Bacteria;p__Firmicutes;c__Clostridia;o__Clostridiales;f__Lachnospiraceae;g__Roseburia;s__Roseburia_intestinalis	k__Bacteria;p__Firmicutes;c__Clostridia;o__Clostridiales;f__Lachnospiraceae;g__Roseburia;s__Roseburia_hominis	k__Bacteria;p__Bacteroidetes;c__Bacteroidia;o__Bacteroidales;f__Porphyromonadaceae;g__Parabacteroides;s__Parabacteroides_johnsonii	k__Bacteria;p__Actinobacteria;c__Actinobacteria;o__Bifidobacteriales;f__Bifidobacteriaceae;g__Bifidobacterium;s__Bifidobacterium_longum	k__Bacteria;p__Firmicutes;c__Clostridia;o__Clostridiales;f__;g__Flavonifractor;s__Flavonifractor_plautii	k__Bacteria;p__Firmicutes;c__Clostridia;o__Clostridiales;f__Clostridiaceae;g__Clostridium;s__Clostridium_phoceensis	k__Bacteria;p__Verrucomicrobia;c__Verrucomicrobiae;o__Verrucomicrobiales;f__Akkermansiaceae;g__Akkermansia;s__Akkermansia_muciniphila	k__Bacteria;p__Bacteroidetes;c__Bacteroidia;o__Bacteroidales;f__Prevotellaceae;g__Paraprevotella;s__Paraprevotella_xylaniphila	k__Bacteria;p__Firmicutes;c__Clostridia;o__Clostridiales;f__Ruminococcaceae;g__Ruminococcus;s__Ruminococcus_callidus	k__Bacteria;p__Bacteroidetes;c__Bacteroidia;o__Bacteroidales;f__Rikenellaceae;g__Alistipes;s__Alistipes_senegalensis	k__Bacteria;p__Firmicutes;c__Clostridia;o__Clostridiales;f__Lachnospiraceae;g__Blautia;s__Blautia_sp._KLE_1732	k__Bacteria;p__Bacteroidetes;c__Bacteroidia;o__Bacteroidales;f__Bacteroidaceae;g__Bacteroides;s__Bacteroides_oleiciplenus	k__Bacteria;p__Firmicutes;c__Clostridia;o__Clostridiales;f__Ruminococcaceae;g__Ruminococcus;s__Ruminococcus_bicirculans	k__Bacteria;p__Bacteroidetes;c__Bacteroidia;o__Bacteroidales;f__Bacteroidaceae;g__Bacteroides;s__Bacteroides_fluxus	k__Bacteria;p__Bacteroidetes;c__Bacteroidia;o__Bacteroidales;f__Prevotellaceae;g__Prevotella;s__Prevotella_stercorea	k__Bacteria;p__Firmicutes;c__Clostridia;o__Clostridiales;f__Lachnospiraceae;g__Dorea;s__Dorea_longicatena	k__Bacteria;p__Firmicutes;c__Clostridia;o__Clostridiales;f__Eubacteriaceae;g__Eubacterium;s__[Eubacterium]_eligens	k__Bacteria;p__Firmicutes;c__Clostridia;o__Clostridiales;f__Ruminococcaceae;g__;s__Ruminococcaceae_bacterium_D16	k__Bacteria;p__Firmicutes;c__Clostridia;o__Clostridiales;f__Lachnospiraceae;g__Coprococcus;s__Coprococcus_comes	k__Bacteria;p__Proteobacteria;c__Gammaproteobacteria;o__Enterobacterales;f__Enterobacteriaceae;g__Escherichia;s__Escherichia_coli	k__Bacteria;p__Firmicutes;c__Clostridia;o__Clostridiales;f__Ruminococcaceae;g__Anaerotruncus;s__Anaerotruncus_colihominis	k__Bacteria;p__Firmicutes;c__Clostridia;o__Clostridiales;f__Lachnospiraceae;g__Blautia;s__Blautia_obeum	k__Bacteria;p__Bacteroidetes;c__Bacteroidia;o__Bacteroidales;f__Odoribacteraceae;g__Odoribacter;s__Odoribacter_laneus	k__Bacteria;p__Firmicutes;c__Clostridia;o__Clostridiales;f__Ruminococcaceae;g__Ruminiclostridium;s__[Clostridium]_leptum	k__Bacteria;p__Bacteroidetes;c__Bacteroidia;o__Bacteroidales;f__Porphyromonadaceae;g__Parabacteroides;s__Parabacteroides_goldsteinii	k__Bacteria;p__Firmicutes;c__Clostridia;o__Clostridiales;f__Lachnospiraceae;g__Anaerostipes;s__Anaerostipes_hadrus	k__Bacteria;p__Firmicutes;c__Clostridia;o__Clostridiales;f__Ruminococcaceae;g__Ruminococcus;s__Ruminococcus_lactaris	k__Bacteria;p__Firmicutes;c__Clostridia;o__Clostridiales;f__Clostridiaceae;g__Clostridium;s__Clostridium_sp._L2-50	k__Bacteria;p__Firmicutes;c__Clostridia;o__Clostridiales;f__Clostridiaceae;g__Clostridium;s__Clostridium_sp._M62/1	k__Bacteria;p__Firmicutes;c__Clostridia;o__Clostridiales;f__;g__Intestinimonas;s__Intestinimonas_butyriciproducens	k__Bacteria;p__Actinobacteria;c__Actinobacteria;o__Bifidobacteriales;f__Bifidobacteriaceae;g__Bifidobacterium;s__Bifidobacterium_bifidum	k__Bacteria;p__Firmicutes;c__Negativicutes;o__Veillonellales;f__Veillonellaceae;g__Dialister;s__Dialister_invisus	k__Bacteria;p__Bacteroidetes;c__Bacteroidia;o__Bacteroidales;f__Bacteroidaceae;g__Bacteroides;s__Bacteroides_salanitronis
k__Bacteria;p__Bacteroidetes;c__Bacteroidia;o__Bacteroidales;f__Bacteroidaceae;g__Bacteroides;s__Bacteroides_vulgatus	1.0	-0.0380773283577	-0.0478117902074	0.0164563372065	0.0176682830333	-0.0212675623312	0.00524435739665	-0.0747698896389	0.00507578231869	0.0113948442145	0.04412979898	-0.0974759225434	-0.0159352600354	-0.0661498694668	0.0300439841364	0.0266851064532	-0.0484007229275	-0.00456069808586	-0.0344592446194	0.0389232630014	-0.0242782349837	0.0398313109304	-0.0103534811799	0.0493334211901	0.0505244263376	-0.0241593904427	-0.0189588428564	0.00292432635496	0.019250963727	-0.06093407482	-0.0350480081643	-0.00249345243842	0.0724135611287	0.0400150300263	-0.0170673858002	-0.00807255844664	-0.0416195828284	0.00664206852481	-0.0218969563895	0.00158522808528	0.00321846211366	0.0306558943565	-0.0128022887226	0.0253867556085	-0.0609149632943	0.00435751367765	0.0114808487966	-0.0363935392767	0.0047479062082	0.0017469289167	0.00855384204874	-0.0326668407538	-0.018738416052	-0.0111744338303	-0.00950728167537	0.0157864283327	0.0134352265252	-0.0292809667268	0.0412661578171
k__Bacteria;p__Bacteroidetes;c__Bacteroidia;o__Bacteroidales;f__Bacteroidaceae;g__Bacteroides;s__Bacteroides_uniformis	-0.0380773283577	1.0	0.0206844397684	-0.0654244867328	0.000490176922075	-0.037844723217	-0.0371287315329	-0.00150865818584	-0.0258457109117	0.0325767062767	-0.0293992537199	0.0224343840956	-0.0712638566898	-0.0632171860702	0.0397675963076	-0.0399652938043	-0.00370367521594	0.0406500077216	-0.00714426408744	-0.044924509007	-0.0603320071577	0.0072211472906	-0.0119426868578	0.0131069221539	0.00236056657979	-0.0659358961402	-0.00801467544308	-0.0373232865597	0.00775742635013	0.0088289018421	-0.0618424408161	-0.0252962172728	0.0500314299276	-0.0283773076013	-0.00394398240997	0.0329480452423	0.00295004681538	0.0369981009657	0.00921846841727	-0.0321770941546	-0.0119175339745	-0.0361587852893	-0.047566977694	0.0648009550972	-0.00214954078551	-0.0545931207367	0.00205911539413	0.0188425720339	0.0238180499952	0.0134013219153	-0.0613732154764	-0.0347485780669	-0.00330381631665	-0.00828009777953	0.0232904830664	-0.0335502136216	-0.0103856740697	0.0394155336781	0.0357522029579
k__Bacteria;p__Bacteroidetes;c__Bacteroidia;o__Bacteroidales;f__Rikenellaceae;g__Alistipes;s__Alistipes_putredinis	-0.0478117902074	0.0206844397684	1.0	0.0405366332997	-0.011509286532	-0.00206043510099	-0.0277115165467	-0.028163628627	0.0364586940049	-0.009662982546	0.00114668738489	0.0178861900109	-0.00275826079257	0.00539610923385	-0.0687106763187	-0.0121237783972	-0.0423804253536	-0.0211995551649	0.0709738448952	0.00895012547779	0.0571715440483	0.0221195513099	-0.0167471206387	-0.00174849596047	0.000308676477831	0.00690860759975	0.035425466764	0.0130184963742	-0.0229847857337	-0.0129774550133	-0.090155418024	-0.0590954187694	0.00146286086277	-0.0135697989688	-0.0003310129376	-0.0508793295598	-0.0481663214862	-0.0673400920146	-0.0219090348998	0.0279907949119	-0.0974301155613	0.00296163158701	0.0567076307863	0.0475922624808	0.0266654650776	-0.0255116404425	-0.0157142315862	-0.0152727755351	0.014406452993	-0.0426137409071	-0.0345435659919	-0.051600637235	-0.00872984674463	0.0293269351728	0.0360338423279	0.00765588833454	-0.0270121172866	-0.0374489734871	-0.0299661210788
k__Bacteria;p__Bacteroidetes;c__Bacteroidia;o__Bacteroidales;f__Prevotellaceae;g__Prevotella;s__Prevotella_copri	0.0164563372065	-0.0654244867328	0.0405366332997	1.0	-0.0261105537258	0.0241812056937	0.0164857640192	-0.0148968086332	0.00418677416737	-0.0250570042737	-0.0249533292373	0.0218204419311	-0.0462452951311	0.0303997188858	-0.035863854676	0.000939406578099	-0.0469848009189	-0.0301101211257	0.0250583834157	0.0148680605475	0.0220266956248	0.00793587717838	0.0688377189545	-0.0398569929587	-0.000453792237913	-0.039004894145	-0.00950823746076	-0.0257029017419	0.0277399680482	0.0141873196839	-0.00687868573883	0.00932810632497	0.0783556142821	-0.0386339493014	0.00318002565586	-0.0124808824917	-0.00965710821109	-0.0260965380401	-0.0308709473246	-0.0378798203534	-0.015914013771	-0.0332759357678	0.000956198179652	0.0427674190949	-0.0536164389285	-0.0107610023832	-0.0059755142589	0.00622489852583	-0.0377214769599	-0.0311205804786	-0.0183842749959	-0.00120094549461	0.0261312395838	0.00332440032692	0.00452263313094	-0.0304877467522	-0.0354884548089	-0.0120232891586	-0.0303977315024
k__Bacteria;p__Bacteroidetes;c__Bacteroidia;o__Bacteroidales;f__Bacteroidaceae;g__Bacteroides;s__Bacteroides_stercoris	0.0176682830333	0.000490176922075	-0.011509286532	-0.0261105537258	1.0	-0.00514775799223	-0.0269957156144	-0.0446071706769	0.0125702156051	0.0201052201151	0.0320285891224	-0.0202333884536	-0.0281708708369	0.0328392012998	-0.0151503132818	-0.00993134721925	0.0145433628864	-0.0590885014018	0.0316872288408	0.012892080766	0.0561966174087	0.0302482055287	0.0298099249728	-0.0319542263284	-0.0129870985171	0.09038187081	0.054914945296	-0.0650023584344	-0.061352859306	0.00338119384015	-0.0177205627853	-0.051407151282	0.031109170934	-0.0289851905792	-0.023851818084	-0.0223581546933	-0.0109822443027	-0.038041932538	-0.0251822639317	0.00466303112139	-0.0178523017366	-0.000908803406358	-0.0253648158162	-0.0406517116003	-0.031879935498	0.0650003868047	-0.0183402920247	0.00446250898221	-0.0138656218493	-0.0585298732235	-0.00803441490009	-0.044151720925	-0.0215399810283	-0.0250198215586	-0.00947727553379	0.000282720762176	-0.0331745558979	0.0232613906212	-0.0409798294851
k__Bacteria;p__Bacteroidetes;c__Bacteroidia;o__Bacteroidales;f__Bacteroidaceae;g__Bacteroides;s__Bacteroides_ovatus	-0.0212675623312	-0.037844723217	-0.002060435101	0.0241812056937	-0.00514775799223	1.0	0.00561660117794	-0.074650254897	-0.055065127038	0.0288890522731	-0.0427183538577	0.00629230605396	0.055225824723	-0.0298693105787	-0.0286696165869	-0.0516845027846	0.0171350524238	0.0250523018968	-0.00537158355631	-0.00442418298204	0.058333994163	-0.0235658701976	0.0123436805863	-0.0262995621816	-0.00738044415379	-0.0497847499531	0.00662971567638	-0.0142695680072	-0.025580780536	-0.0368861902571	-0.0536404132378	0.0173465071096	-0.000567794772918	-0.0690544225699	-0.0178078935974	-0.0212816951779	0.0457623710861	-0.0839578401594	-0.0299529217227	-0.0173626548145	0.0847971579222	0.0341680927603	0.0674705133202	-0.0310481212739	-0.0229093163044	-0.0214335580224	-0.00479951179556	-0.00955109878835	-0.0367287285482	0.0228531317481	0.00946355252306	0.0368520555528	-0.085504393212	0.0526005635665	-0.00171016914158	0.00983376758688	-0.0167737813968	-0.0169069419498	0.000302551722373
k__Bacteria;p__Bacteroidetes;c__Bacteroidia;o__Bacteroidales;f__Rikenellaceae;g__Alistipes;s__Alistipes_shahii	0.00524435739665	-0.0371287315329	-0.0277115165467	0.0164857640192	-0.0269957156144	0.00561660117794	1.0	0.0287944689737	0.00842277171796	-0.0299368546366	-0.0544038970209	-0.0332911137702	0.0301105611382	-0.0600840464996	0.007734117732	0.0542424154902	-0.00260198029113	0.0528204802864	0.0182281477968	-0.0309495013838	0.0426180452382	0.0309940697211	-0.0615976901185	-0.00646956045558	0.0378009075753	0.0171773816421	-0.0586666431196	-0.0256520040777	0.00990734864043	-0.0422333175807	0.024493417461	-0.0466988313276	0.0109611532005	0.0247976750557	0.0254815491219	-0.0456370583338	-0.0230419683954	-0.0429202766709	0.0214291634374	0.0219606510908	0.0251928727509	-0.00403708451896	0.00326427310419	-0.0134314132644	-0.0114665234997	0.050895686773	-0.00568707963269	0.0447854113049	0.016070410979	-0.010400646434	-0.0737007949984	-0.0285360722939	-0.0691624956022	-0.0192546096061	-0.0145256430351	0.00860006014047	-0.0170016601308	0.0163856370964	-0.0397614032048
k__Bacteria;p__Firmicutes;c__Clostridia;o__Clostridiales;f__Ruminococcaceae;g__Faecalibacterium;s__Faecalibacterium_prausnitzii	-0.0747698896389	-0.00150865818584	-0.028163628627	-0.0148968086332	-0.0446071706769	-0.074650254897	0.0287944689737	1.0	0.000705217626769	-0.0509215513751	-0.0192816404822	0.000120085403016	-0.0082119934014	-0.0195566516333	-0.0286151645857	0.0263054107274	-0.0556911603154	-0.0126452273427	0.0298331244607	-0.0333716699169	-0.0908994811737	-0.0413484805627	-0.0129252493617	0.003772944261	-0.0126516150381	0.0641229489935	0.0454740746966	-0.0436327921025	-0.0199324330288	0.00792359161083	0.00560515716648	0.0558398687194	-0.00445029479769	0.00660095432883	-0.000246133093497	-0.0605816330741	0.0158009520164	0.0435005923609	-0.132954836806	-0.0119579008725	-0.0158742324311	0.0195862267986	-0.0337462289764	0.0264547358217	0.0379242904619	-0.020000330999	0.0343489102526	-0.0277601214026	0.00897431952188	-0.0146275737741	-0.0447509347903	0.00301579830573	0.00127192068194	-0.0113327555302	-0.0346372263228	-0.0181738277554	0.0311064297764	0.00602628035597	-0.0239997252626
k__Bacteria;p__Bacteroidetes;c__Bacteroidia;o__Bacteroidales;f__Rikenellaceae;g__Alistipes;s__Alistipes_finegoldii	0.00507578231869	-0.0258457109117	0.0364586940049	0.00418677416737	0.0125702156051	-0.055065127038	0.00842277171796	0.000705217626769	1.0	0.0106554090833	0.0135816158103	-0.042696079366	-0.0121899331335	-0.0134665440089	-0.0454062673924	0.0129459382908	-0.0312743828307	0.100516057225	-0.00317770259476	0.0427295333611	-0.0581643155531	0.0223461307717	0.0663536148116	-0.0154365221383	0.00187699223856	-0.0187120840706	-0.0563254994948	0.0511226866337	-0.0280579797671	-0.00815279361344	-0.00633105382615	-0.0205270724983	0.0111548184832	-0.0436199323815	-0.0146241278786	0.0228232359897	-0.00584318313552	-0.000336930965105	-0.0383587124999	-0.0068197369332	-0.0788563718376	0.0290774728773	0.0292860882896	0.00252361394147	-0.0292953288623	0.0157797150914	0.0315593250297	-0.0149054154418	0.0446235576993	-0.00247246975011	-0.00400684144051	0.0622701797248	0.0156404036158	0.0190785680356	-0.0195725094119	-0.0410968144552	-0.0766763328699	-0.0324666447003	-0.0215566436417
k__Bacteria;p__Bacteroidetes;c__Bacteroidia;o__Bacteroidales;f__Porphyromonadaceae;g__Parabacteroides;s__Parabacteroides_distasonis	0.0113948442145	0.0325767062767	-0.009662982546	-0.0250570042737	0.0201052201151	0.0288890522731	-0.0299368546366	-0.0509215513751	0.0106554090833	1.0	-0.0312514677163	-0.0331403853722	-0.0282461839799	-0.0400518728353	0.0112071958406	-0.0470597531089	0.0265700463933	-0.0348001805819	-0.0105349172461	-0.0104470075335	0.036708790679	0.0344827789578	-0.00927300847891	-0.00342728119809	0.0646069903422	-0.0367332074447	0.041538151376	0.00273572883516	0.0263368780798	-0.0277411307189	-0.0247538463792	-0.0740057628593	0.0173410550114	-0.0380846432573	-0.0231333203015	-0.0491094299442	-0.0140133442988	0.00966871973721	0.0333319821428	0.0163783455688	-0.0415911244962	0.0220717567808	-0.0417467765775	0.013809352614	-0.0331990829942	-0.031313718513	-0.0326139448649	0.0210266178578	-0.0563665794729	0.031688154125	0.0605970548454	0.0268255134108	0.0151701726129	-0.0113844625213	-0.0186391016922	0.0132918380474	0.000133695435312	0.0146931038777	0.0112955497312
k__Bacteria;p__Bacteroidetes;c__Bacteroidia;o__Bacteroidales;f__Bacteroidaceae;g__Bacteroides;s__Bacteroides_thetaiotaomicron	0.04412979898	-0.0293992537199	0.00114668738489	-0.0249533292373	0.0320285891224	-0.0427183538577	-0.0544038970209	-0.0192816404822	0.0135816158103	-0.0312514677163	1.0	0.0186841581736	0.0519455133113	0.0423532277581	-0.0654245103553	-0.0459723976103	-0.0717826936219	0.0227804361588	0.01400510096	0.0229061333825	-0.00167312039322	-0.00990904758856	0.00248068066663	0.0152346986746	-0.0359048419481	0.0229215849367	0.00653256600388	-0.0144509430618	0.0217507219532	0.0391280291587	-0.00624058488416	-0.0375672077751	-0.0117470704535	-0.0269523276367	0.0309836034164	0.0311970481514	-0.0201867390416	0.0104644295411	-0.0588265598157	-0.06641750762	-0.0448555672908	-0.0246941875165	0.0322544812622	-0.018598555118	-0.00799687252687	-0.0291983755801	0.0153894688358	-0.0530155984211	-0.0725884583622	0.00117823137892	0.0757396439309	-0.0080017518961	0.0314033096714	-0.00852451991399	-0.0197260800219	0.0154095458357	-0.0259931204176	-0.0268759205861	0.00601789227505
k__Bacteria;p__Bacteroidetes;c__Bacteroidia;o__Bacteroidales;f__Bacteroidaceae;g__Bacteroides;s__Bacteroides_coprocola	-0.0974759225434	0.0224343840956	0.0178861900109	0.0218204419311	-0.0202333884536	0.00629230605396	-0.0332911137702	0.000120085403016	-0.042696079366	-0.0331403853722	0.0186841581736	1.0	0.0349204502673	0.0450943630053	-0.000588783533006	0.0262896150657	-0.00155815542384	0.0221740196993	-0.0364927807426	-0.00684883053939	-0.0284429753355	-0.025616284719	-0.00862588233989	-0.0659521727588	-0.0464518576758	0.00030034284448	0.00814843667332	-0.0179902859769	-0.00642261394516	0.0356359887938	-0.028271444441	-0.01123800971	-0.0449770254603	-0.009524921195	-0.00843321960528	-0.0384582934681	-0.0048846945832	-0.0330701755116	0.00113262577083	-0.0117561347049	0.0584108174609	0.0348628283851	0.00450966340191	0.000822248326443	0.00452433501306	-0.0141428359563	-0.0270492374109	-0.0136141315	0.0255426952292	0.0297828692384	-0.0571106331373	-0.076519092651	0.0355357979979	-0.00453886306702	-0.0565800406536	-0.0148214438766	-0.0392110946157	0.0654381305621	0.00759916076994
k__Bacteria;p__Bacteroidetes;c__Bacteroidia;o__Bacteroidales;f__Bacteroidaceae;g__Bacteroides;s__Bacteroides_cellulosilyticus	-0.0159352600354	-0.0712638566898	-0.00275826079257	-0.0462452951311	-0.0281708708369	0.055225824723	0.0301105611382	-0.0082119934014	-0.0121899331335	-0.0282461839799	0.0519455133113	0.0349204502673	1.0	-0.0489194509327	0.0541329611243	0.0152537382903	-0.042362629473	-0.0027669150444	0.0113561459695	-0.0117448946809	-0.054931208423	-0.0105446298587	-0.0385820391804	-0.0412698625699	-0.105319612028	0.0470640841317	-0.0522416187108	0.00286063816313	0.0254339368654	0.0315729314523	-0.0435937209942	0.0381540905854	0.029947313827	-0.0355715638236	0.004949249835	0.0121628261347	0.00437586289795	0.0405663942724	-0.0105540939913	-0.0360798827648	-0.0217435731185	-0.0112432000165	-0.0486251660639	-0.013005938005	0.0596339625685	-5.13285949519e-05	-0.0264125501497	-0.00215239827797	-0.0219430740845	-0.00245882555345	-0.0370760995322	0.0768534660713	-0.0190979626194	-0.0230387882414	-0.0485594209523	0.0306778922748	0.05209956181	-0.0113496394777	0.0256947705992
k__Bacteria;p__Bacteroidetes;c__Bacteroidia;o__Bacteroidales;f__Rikenellaceae;g__Alistipes;s__Alistipes_obesi	-0.0661498694668	-0.0632171860702	0.00539610923385	0.0303997188858	0.0328392012998	-0.0298693105787	-0.0600840464996	-0.0195566516333	-0.0134665440089	-0.0400518728353	0.0423532277581	0.0450943630053	-0.0489194509327	1.0	-0.0227981552929	0.0220827987959	0.042465897529	0.00674402633918	0.00022471283239	0.00722569605287	0.0139228335417	0.0162029938391	-0.0200825057191	-0.00902821524968	-0.0155367165124	0.0373598029379	-0.0144170583229	-0.0337506836367	-0.0293947820854	0.019837050555	-0.0718277881731	-0.0356809278497	-0.00276128901313	0.023859080547	-0.0212724211463	-0.04150620017	0.0306643560438	-0.0229740586404	-0.0332230239922	-0.0136912298254	-0.0124620001178	0.0126784287552	-0.027054619117	-0.0619560516248	0.00935517949844	-0.0437974318592	-0.0523966425082	0.0574652908658	-0.0368060805335	0.0307895045024	0.0239837084925	-0.00330776445642	0.019082681013	0.000238989101279	0.00311822918254	-0.0402006786746	-0.00550730922892	-0.0172618806977	0.0163743328676
k__Bacteria;p__Firmicutes;c__Clostridia;o__Clostridiales;f__Lachnospiraceae;g__;s__[Eubacterium]_rectale	0.0300439841364	0.0397675963076	-0.0687106763187	-0.035863854676	-0.0151503132818	-0.0286696165869	0.007734117732	-0.0286151645857	-0.0454062673924	0.0112071958406	-0.0654245103553	-0.000588783533006	0.0541329611243	-0.0227981552929	1.0	-0.0108847783572	0.0377455096261	0.0166056696611	0.0119185035211	-0.0148668537873	-0.0341984172579	-0.00869283814318	-0.0589945953151	0.0218216486861	-0.0043245598451	0.0575452071532	-0.0500995029196	-0.0354959174888	0.0119495833728	-0.064396364064	0.00484695886779	-0.00197138333201	0.00374784008365	0.0089500954018	-0.0514717889654	0.0352735004406	0.0409638452232	-0.0383020564379	-0.00898580861129	-0.0363827534521	-0.00789764862133	0.0204394529262	-0.0527935110761	-0.0139986881462	-0.0202456845079	-0.042551704836	-0.0386838445858	-0.0316890271966	-0.0871120478414	0.0186457371257	-0.0621827040522	-0.0346556846675	-0.00284730485614	0.0195517635129	-0.00797419503848	0.0216875202145	-0.00255844649048	-0.00824313427673	0.049259394732
k__Bacteria;p__Bacteroidetes;c__Bacteroidia;o__Bacteroidales;f__Bacteroidaceae;g__Bacteroides;s__Bacteroides_plebeius	0.0266851064532	-0.0399652938043	-0.0121237783972	0.000939406578099	-0.00993134721925	-0.0516845027846	0.0542424154902	0.0263054107274	0.0129459382908	-0.0470597531089	-0.0459723976103	0.0262896150657	0.0152537382903	0.0220827987959	-0.0108847783572	1.0	0.0429953416009	-0.0578340350484	0.0103083825038	0.0106354494935	0.0195266137583	0.0254550354158	-0.0337828474119	-0.0740881981483	-0.0183662166642	-0.0344744805077	-0.0192594204526	-0.0619543831713	-0.00966450550802	-0.0242574916102	0.0284524433418	0.0312402811807	-0.0320430428623	-0.0313659272353	0.00192884669099	0.00280324677004	-0.039553907263	0.0112478558441	0.0488558434337	-0.0160212226911	-0.00922410131016	-0.0367152089834	0.0109665652975	0.0443924319101	-0.051168955033	0.017739571551	-0.0184961627582	-0.0287822513698	0.0380132476135	0.0205817687444	-0.0584244952623	-0.0355663310741	-0.0493761894763	0.017381608284	-0.00935662811547	-0.0224501617633	-0.00566881854819	0.0326844403247	-0.0216578573637
k__Bacteria;p__Bacteroidetes;c__Bacteroidia;o__Bacteroidales;f__Bacteroidaceae;g__Bacteroides;s__Bacteroides_fragilis	-0.0484007229275	-0.00370367521594	-0.0423804253536	-0.0469848009189	0.0145433628864	0.0171350524238	-0.00260198029113	-0.0556911603154	-0.0312743828307	0.0265700463933	-0.0717826936219	-0.00155815542384	-0.042362629473	0.042465897529	0.0377455096261	0.0429953416009	1.0	0.00544579432561	0.000894853402865	-0.0287386681423	-0.0114019759276	0.031169514074	0.0427385432297	-0.0642621751791	-0.0157545380636	0.0256125190813	0.000547411277769	-0.0435536829405	0.0151530659365	-0.00638314234035	-0.0380731407788	-0.0367231657195	0.0559285124869	-0.0101507198141	-0.0354168859726	-0.00360752492636	0.00383908200855	-0.0496989953504	0.0527369818427	-0.0504937593382	0.0577754383298	-0.0531789744918	-0.0136795380505	0.0612095372899	-0.0300262995701	-0.0379062069149	-0.0342079297525	0.00561133138128	-0.0180184914627	-0.0383196983421	-0.0140206977235	0.0165061496756	-0.0057799650245	-0.00314926835844	0.02680506208	0.0135478720839	-0.000355173246938	0.00813670120145	0.0265708487238
k__Bacteria;p__Proteobacteria;c__Betaproteobacteria;o__Burkholderiales;f__Sutterellaceae;g__Sutterella;s__Sutterella_wadsworthensis	-0.00456069808586	0.0406500077216	-0.0211995551649	-0.0301101211257	-0.0590885014018	0.0250523018968	0.0528204802864	-0.0126452273427	0.100516057225	-0.0348001805819	0.0227804361588	0.0221740196993	-0.0027669150444	0.00674402633918	0.0166056696611	-0.0578340350484	0.00544579432561	1.0	0.00365124910715	-0.0150137917342	-0.00148157106315	0.0172464060001	-0.0466989752456	0.00636002886216	-0.000627269583412	-0.000620383436381	-0.0227307847986	-0.051113943866	-0.0288929941678	0.025022619045	-0.0066007005837	-0.0013752182262	-0.0462000536053	0.0488964797927	-0.0259901252352	0.0693168046351	0.00889832172563	-0.00322659710501	-0.0136809645698	-0.1223621478	-0.0321156606145	0.045875522643	0.00581277149571	0.031390160099	0.0223057252882	-0.0196554283821	0.0437407562514	0.0215038241647	-0.0157325033437	0.0128780715576	0.010148707191	-0.0577898751583	-0.023510680189	-0.0172841137675	-0.0119204315441	-0.0274375293785	-0.0735768722663	-0.0463395667073	0.00228801171606
k__Bacteria;p__Bacteroidetes;c__Bacteroidia;o__Bacteroidales;f__Porphyromonadaceae;g__Barnesiella;s__Barnesiella_intestinihominis	-0.0344592446194	-0.00714426408744	0.0709738448952	0.0250583834157	0.0316872288408	-0.00537158355631	0.0182281477968	0.0298331244607	-0.00317770259476	-0.0105349172461	0.01400510096	-0.0364927807426	0.0113561459695	0.00022471283239	0.0119185035211	0.0103083825038	0.000894853402865	0.00365124910715	1.0	-0.0691766567775	-0.0413652334532	-0.0391197629012	-0.0525987800072	-0.0200836327916	0.0318949028364	-0.0475243400335	0.00223570024954	0.0128528374208	0.00340293957139	-0.0153545115641	-0.100315062896	-0.0123272397097	-0.0246875093761	-0.0224985548859	0.0155965214712	0.0265689827224	-0.0373442603617	0.0448745703798	-0.00846392961824	0.0378954484528	0.00140413980042	-0.0251063138233	0.0530335780585	0.0265633341119	-0.0444047342275	-0.0412694771145	-0.0265806066103	0.0539027883817	-0.0376569361402	-0.0201015127173	0.000390739151164	0.0319522004809	0.0357269966451	-0.0177702845263	-0.0186383680873	-0.0158854646483	-0.0394732722536	-0.0775214628813	-0.071784324471
k__Bacteria;p__Bacteroidetes;c__Bacteroidia;o__Bacteroidales;f__Odoribacteraceae;g__Odoribacter;s__Odoribacter_splanchnicus	0.0389232630014	-0.044924509007	0.00895012547779	0.0148680605475	0.012892080766	-0.00442418298204	-0.0309495013838	-0.0333716699169	0.0427295333611	-0.0104470075335	0.0229061333825	-0.00684883053939	-0.0117448946809	0.00722569605287	-0.0148668537873	0.0106354494935	-0.0287386681423	-0.0150137917342	-0.0691766567775	1.0	-0.0347473461243	0.00937963201424	-0.0192302066944	-0.0141166367386	-0.0748003601399	0.0251757984929	-0.0576824640398	-0.0154866714453	-0.0219599259478	-0.0199965569271	0.0440222408851	-0.0635447167028	0.0513102982167	-0.00615266110315	-0.0184576625602	-0.0187854256742	-0.0169852206692	-0.020149197145	0.0115944694641	0.0086691632643	0.00838493268815	0.00806741474098	0.0286766224397	-0.00454352339916	-0.027345489921	0.0166841271438	0.0128389812965	-0.0407050762802	-0.0581131250075	0.0164270985448	-0.0647368626006	-0.0270501358417	-0.0284365863197	-0.0337008069469	-0.0479370975206	0.00947480239937	0.0251998655983	-0.0331064365157	0.0207290463826
k__Bacteria;p__Bacteroidetes;c__Bacteroidia;o__Bacteroidales;f__Bacteroidaceae;g__Bacteroides;s__Bacteroides_salyersiae	-0.0242782349837	-0.0603320071577	0.0571715440483	0.0220266956248	0.0561966174087	0.058333994163	0.0426180452382	-0.0908994811737	-0.0581643155531	0.036708790679	-0.00167312039322	-0.0284429753355	-0.054931208423	0.0139228335417	-0.0341984172579	0.0195266137583	-0.0114019759276	-0.00148157106315	-0.0413652334532	-0.0347473461243	1.0	-0.0262776325608	-0.0243218678571	0.00367850445979	0.0135234692338	-0.049175153536	0.0167028977988	0.00301699619656	-0.00693143229832	-0.0575828761498	0.0321048179064	-0.0544637990603	0.0777158018829	-0.0682726317983	-0.0142557803818	0.0316932964473	-8.62605394277e-05	0.0502551134851	-0.0213243599905	-0.0450866602508	0.0420054701591	-0.018181063104	-0.0313916340149	0.00876468966653	-0.0616825095769	0.0237543299934	-0.02294887102	-0.0361986595708	0.0074027111027	-0.028037736916	-0.0662800478012	-0.0105218738342	-0.0245300367009	0.0110658031521	-0.0193823713214	0.0257299725356	0.0373712947196	0.0373810974782	0.0122989437285
k__Bacteria;p__Firmicutes;c__Clostridia;o__Clostridiales;f__Ruminococcaceae;g__Ruminiclostridium;s__[Eubacterium]_siraeum	0.0398313109304	0.0072211472906	0.0221195513099	0.00793587717838	0.0302482055287	-0.0235658701976	0.0309940697211	-0.0413484805627	0.0223461307717	0.0344827789578	-0.00990904758856	-0.025616284719	-0.0105446298587	0.0162029938391	-0.00869283814318	0.0254550354158	0.031169514074	0.0172464060001	-0.0391197629012	0.00937963201424	-0.0262776325608	1.0	-0.0100378284329	-0.0307863517983	0.00625652035698	-0.0646987134698	-0.0617705966258	-0.0260135737149	-0.0244953460738	-0.00883183835172	-0.0439619759719	0.0417236815329	-0.0296281465955	0.0203529507236	0.040443917802	-0.0687828230396	-0.013995360282	0.00709961013049	-0.0414941685111	0.0438710334062	-0.0845435548356	-0.0586897773408	-0.0310549749806	-0.0316337448889	0.0420662375774	0.0342081201228	0.0238738303124	-0.00315334521552	0.0409306197671	0.0310787351404	-0.0459814210371	-0.0362892117259	0.00783852683174	-0.0190902492785	-0.0246298336892	0.0374035803654	0.00730308963962	-0.00804795351627	-0.00418916079999
k__Bacteria;p__Proteobacteria;c__Betaproteobacteria;o__Burkholderiales;f__Sutterellaceae;g__Parasutterella;s__Parasutterella_excrementihominis	-0.0103534811799	-0.0119426868578	-0.0167471206387	0.0688377189545	0.0298099249728	0.0123436805863	-0.0615976901185	-0.0129252493617	0.0663536148116	-0.00927300847891	0.00248068066663	-0.00862588233989	-0.0385820391804	-0.0200825057191	-0.0589945953151	-0.0337828474119	0.0427385432297	-0.0466989752456	-0.0525987800072	-0.0192302066944	-0.0243218678571	-0.0100378284329	1.0	0.00633648717859	0.0153249212848	0.00349197350721	0.0145852839613	-0.0211971208376	-0.0196920836493	0.0107892112536	0.0173673149421	-0.0667567915154	-0.0134429602006	-0.0166399286106	-0.0041662717483	0.00774823600425	-0.0280297759554	0.0481952264056	-0.00967729286714	0.00190202385376	0.00388814548903	0.00378476195904	0.00383924939459	-0.0127544557216	-0.0306192951568	0.0140646564068	-0.0674933807637	0.00752234166874	0.0238562626022	-0.0525320115848	0.0466274587093	0.0317019482757	0.0572877731074	-0.0409008709296	0.0359131622861	0.0112838932393	0.0211488984279	-0.0745606457337	0.0187276663847
k__Bacteria;p__Actinobacteria;c__Actinobacteria;o__Bifidobacteriales;f__Bifidobacteriaceae;g__Bifidobacterium;s__Bifidobacterium_adolescentis	0.0493334211901	0.0131069221539	-0.00174849596047	-0.0398569929587	-0.0319542263284	-0.0262995621816	-0.00646956045558	0.003772944261	-0.0154365221383	-0.00342728119809	0.0152346986746	-0.0659521727588	-0.0412698625699	-0.00902821524968	0.0218216486861	-0.0740881981483	-0.0642621751791	0.00636002886216	-0.0200836327916	-0.0141166367386	0.00367850445979	-0.0307863517983	0.00633648717859	1.0	-0.0670176184103	-0.00176701365138	0.0388102514169	0.0480180664158	0.0245320645185	0.00255670511216	-0.0304912111095	0.0102653513886	-0.00812277849443	0.0416268630465	-0.0641299109634	-0.0592722151536	-0.00596854473236	-0.0161845146433	-0.00229648563483	-0.0349019063586	0.00135729300781	0.00798046288118	0.00483769157582	0.0512067745511	0.0315092573013	-0.0197560197473	-0.00560787353336	-0.00011682408505	-0.0365977192043	-0.0712865899529	0.0269137186824	0.0136166797068	-0.00522475434775	-0.0127990523887	-0.0139953124517	-0.0159355494262	0.0368209046074	-0.00776592466304	0.0271757588148
k__Bacteria;p__Firmicutes;c__Clostridia;o__Clostridiales;f__Oscillospiraceae;g__Oscillibacter;s__Oscillibacter_sp._KLE_1745	0.0505244263376	0.00236056657979	0.000308676477831	-0.000453792237913	-0.0129870985171	-0.00738044415379	0.0378009075753	-0.0126516150381	0.00187699223856	0.0646069903422	-0.0359048419481	-0.0464518576758	-0.105319612028	-0.0155367165124	-0.0043245598451	-0.0183662166642	-0.0157545380636	-0.000627269583412	0.0318949028364	-0.0748003601399	0.0135234692338	0.00625652035698	0.0153249212848	-0.0670176184103	1.0	0.0184574335601	0.0224224453254	0.0514916319507	-0.0347491776784	0.0213897688721	-0.00695277611321	-0.0494289782263	0.0577341801657	-0.0196273398135	-0.00499942666204	-0.0257685279851	0.00463149244435	0.0112157883185	0.000395638590431	0.0118517872372	0.00455866810367	0.0330991147174	-0.0613582723844	-0.0391875722548	-0.0504229607864	0.0104213349048	-0.00289935879494	0.00524777449204	-0.0136595806912	-0.0111767957289	0.0116281622129	-0.0210749112886	0.0283393269655	0.0198499847333	-0.00476591665342	-0.030857514483	0.0018144176371	-0.00470217116907	-0.0090466681468
k__Bacteria;p__Bacteroidetes;c__Bacteroidia;o__Bacteroidales;f__Bacteroidaceae;g__Bacteroides;s__Bacteroides_coprophilus	-0.0241593904427	-0.0659358961402	0.00690860759975	-0.039004894145	0.09038187081	-0.0497847499531	0.0171773816421	0.0641229489935	-0.0187120840706	-0.0367332074447	0.0229215849367	0.00030034284448	0.0470640841317	0.0373598029379	0.0575452071532	-0.0344744805077	0.0256125190813	-0.000620383436381	-0.0475243400335	0.0251757984929	-0.049175153536	-0.0646987134698	0.00349197350721	-0.00176701365138	0.0184574335601	1.0	-0.0169750130578	-0.0388606972596	0.0610017484438	0.0350089569187	0.0302778200919	-0.00340094013387	-0.0792460031336	0.0102708014337	-0.0609962927913	-0.00442356518283	-0.0204839955676	-0.0178356521281	-0.0331643605916	-0.0301374980569	-0.021597825533	-0.00986186803111	-0.00491507085653	-0.0404647044278	-0.0374526121076	-0.0136273749885	-0.0243588455057	0.0127141641123	0.00470917695224	-0.0136532667733	0.0245023311707	-0.0516610270043	-0.0238030099937	-0.0345100645834	-0.00693445843157	0.00907024701395	0.014319627375	0.0146831657577	0.0231041284572
k__Bacteria;p__Firmicutes;c__Clostridia;o__Clostridiales;f__Lachnospiraceae;g__Roseburia;s__Roseburia_intestinalis	-0.0189588428564	-0.00801467544308	0.035425466764	-0.00950823746076	0.054914945296	0.00662971567638	-0.0586666431196	0.0454740746966	-0.0563254994948	0.041538151376	0.00653256600388	0.00814843667332	-0.0522416187108	-0.0144170583229	-0.0500995029196	-0.0192594204526	0.000547411277769	-0.0227307847986	0.00223570024954	-0.0576824640398	0.0167028977988	-0.0617705966258	0.0145852839613	0.0388102514169	0.0224224453254	-0.0169750130578	1.0	0.0287816961806	-0.0179698425129	-0.0395722461818	0.0131065464449	-0.0140535044245	-0.00719413887627	0.0256504350947	-0.0385200139951	-0.00914411580049	0.0681634367431	-0.0274334676252	0.0236157968961	0.0149031025426	-0.0333643580271	-0.0322143314977	-0.00584676548384	-0.0154286732151	-0.0107187896152	-0.0134761120465	-0.0743394291641	-0.0477017988785	-0.0312529336394	-0.0237008959285	0.0114186298902	-0.0274818555702	-0.0121058551374	-0.028890592359	-0.0210935954758	-0.03281631181	-0.012893865431	-0.00192362322485	-0.0173248564597
k__Bacteria;p__Firmicutes;c__Clostridia;o__Clostridiales;f__Lachnospiraceae;g__Roseburia;s__Roseburia_hominis	0.00292432635496	-0.0373232865597	0.0130184963742	-0.0257029017419	-0.0650023584344	-0.0142695680072	-0.0256520040777	-0.0436327921025	0.0511226866337	0.00273572883516	-0.0144509430618	-0.0179902859769	0.00286063816313	-0.0337506836367	-0.0354959174888	-0.0619543831713	-0.0435536829405	-0.051113943866	0.0128528374208	-0.0154866714453	0.00301699619656	-0.0260135737149	-0.0211971208376	0.0480180664158	0.0514916319507	-0.0388606972596	0.0287816961806	1.0	-0.0221922304317	-0.00517496678606	-0.0260228020583	-0.0147356214445	0.0331903494368	-0.0302240266762	-0.0228030474351	-0.0111851465791	0.0127073400529	0.00349791333552	0.00212669827965	0.0271874765823	-0.0180620656614	0.0620191491889	0.0447611010509	0.0152580115525	-0.0554711476215	0.00639302346756	-0.0186994257497	0.0306745156461	-0.0396949765056	-0.0237840725999	-0.0541133296069	0.035954532046	0.00307642020181	-0.0323179125269	-0.00764875181091	-0.0361316866391	-0.00832058274867	-0.020232327008	0.035622278912
k__Bacteria;p__Bacteroidetes;c__Bacteroidia;o__Bacteroidales;f__Porphyromonadaceae;g__Parabacteroides;s__Parabacteroides_johnsonii	0.019250963727	0.00775742635013	-0.0229847857337	0.0277399680482	-0.061352859306	-0.025580780536	0.00990734864043	-0.0199324330288	-0.0280579797671	0.0263368780798	0.0217507219532	-0.00642261394516	0.0254339368654	-0.0293947820854	0.0119495833728	-0.00966450550802	0.0151530659365	-0.0288929941678	0.00340293957139	-0.0219599259478	-0.00693143229833	-0.0244953460738	-0.0196920836493	0.0245320645185	-0.0347491776784	0.0610017484438	-0.0179698425129	-0.0221922304317	1.0	0.0480145021772	-0.0314406931234	0.0436690355532	-0.051599482412	0.00641115315695	-0.0604218662091	0.0420524691421	0.00851871782149	-0.0576254659359	-0.0106681148458	-0.0198356156064	0.0284735343203	0.0148493508584	-0.0299674050595	-0.0533917301324	-0.0448782706969	-0.0615629916635	-0.00539860227966	0.0123792139682	-0.024476028817	0.00533147311067	0.0128886719603	0.0987312197536	0.00377310639219	-0.0449077462612	0.0133620168315	-0.00507575297618	0.0132514278755	0.0193483322048	0.0408899718865
k__Bacteria;p__Actinobacteria;c__Actinobacteria;o__Bifidobacteriales;f__Bifidobacteriaceae;g__Bifidobacterium;s__Bifidobacterium_longum	-0.06093407482	0.0088289018421	-0.0129774550133	0.0141873196839	0.00338119384015	-0.0368861902571	-0.0422333175807	0.00792359161083	-0.00815279361344	-0.0277411307189	0.0391280291587	0.0356359887938	0.0315729314523	0.019837050555	-0.064396364064	-0.0242574916102	-0.00638314234035	0.025022619045	-0.0153545115641	-0.0199965569271	-0.0575828761498	-0.00883183835172	0.0107892112536	0.00255670511216	0.0213897688721	0.0350089569187	-0.0395722461818	-0.00517496678606	0.0480145021772	1.0	-0.0416254857577	0.035417809399	0.0147081564656	0.0194788937489	0.0358434665836	-0.0111766020239	-0.0425438997097	-0.0612701165531	0.0121035003947	-0.0123359545496	0.0100385622422	-0.0677294181449	-0.0157728423488	-0.0458120228649	0.0120930813926	-0.021716892626	0.0494311429585	-0.0575066887756	-0.0680616266417	-0.025154861236	0.063698013044	0.0197901742295	-0.0113822148881	-0.0462630328674	0.00597296158715	-0.0583273325495	-0.0415189835722	0.0167366818334	0.00306475010568
