#taxonomy	k__Bacteria;p__Bacteroidetes;c__Bacteroidia;o__Bacteroidales;f__Bacteroidaceae;g__Bacteroides;s__Bacteroides_vulgatus	k__Bacteria;p__Bacteroidetes;c__Bacteroidia;o__Bacteroidales;f__Bacteroidaceae;g__Bacteroides;s__Bacteroides_uniformis	k__Bacteria;p__Bacteroidetes;c__Bacteroidia;o__Bacteroidales;f__Rikenellaceae;g__Alistipes;s__Alistipes_putredinis	k__Bacteria;p__Bacteroidetes;c__Bacteroidia;o__Bacteroidales;f__Prevotellaceae;g__Prevotella;s__Prevotella_copri	k__Bacteria;p__Bacteroidetes;c__Bacteroidia;o__Bacteroidales;f__Bacteroidaceae;g__Bacteroides;s__Bacteroides_stercoris	k__Bacteria;p__Bacteroidetes;c__Bacteroidia;o__Bacteroidales;f__Bacteroidaceae;g__Bacteroides;s__Bacteroides_ovatus	k__Bacteria;p__Bacteroidetes;c__Bacteroidia;o__Bacteroidales;f__Rikenellaceae;g__Alistipes;s__Alistipes_shahii	k__Bacteria;p__Firmicutes;c__Clostridia;o__Clostridiales;f__Ruminococcaceae;g__Faecalibacterium;s__Faecalibacterium_prausnitzii	k__Bacteria;p__Bacteroidetes;c__Bacteroidia;o__Bacteroidales;f__Rikenellaceae;g__Alistipes;s__Alistipes_finegoldii	k__Bacteria;p__Bacteroidetes;c__Bacteroidia;o__Bacteroidales;f__Porphyromonadaceae;g__Parabacteroides;s__Parabacteroides_distasonis	k__Bacteria;p__Bacteroidetes;c__Bacteroidia;o__Bacteroidales;f__Bacteroidaceae;g__Bacteroides;s__Bacteroides_thetaiotaomicron	k__Bacteria;p__Bacteroidetes;c__Bacteroidia;o__Bacteroidales;f__Bacteroidaceae;g__Bacteroides;s__Bacteroides_coprocola	k__Bacteria;p__Bacteroidetes;c__Bacteroidia;o__Bacteroidales;f__Bacteroidaceae;g__Bacteroides;s__Bacteroides_cellulosilyticus	k__Bacteria;p__Bacteroidetes;c__Bacteroidia;o__Bacteroidales;f__Rikenellaceae;g__Alistipes;s__Alistipes_obesi	k__Bacteria;p__Firmicutes;c__Clostridia;o__Clostridiales;f__Lachnospiraceae;g__;s__[Eubacterium]_rectale	k__Bacteria;p__Bacteroidetes;c__Bacteroidia;o__Bacteroidales;f__Bacteroidaceae;g__Bacteroides;s__Bacteroides_plebeius	k__Bacteria;p__Bacteroidetes;c__Bacteroidia;o__Bacteroidales;f__Bacteroidaceae;g__Bacteroides;s__Bacteroides_fragilis	k__Bacteria;p__Proteobacteria;c__Betaproteobacteria;o__Burkholderiales;f__Sutterellaceae;g__Sutterella;s__Sutterella_wadsworthensis	k__Bacteria;p__Bacteroidetes;c__Bacteroidia;o__Bacteroidales;f__Porphyromonadaceae;g__Barnesiella;s__Barnesiella_intestinihominis	k__Bacteria;p__Bacteroidetes;c__Bacteroidia;o__Bacteroidales;f__Odoribacteraceae;g__Odoribacter;s__Odoribacter_splanchnicus	k__Bacteria;p__Bacteroidetes;c__Bacteroidia;o__Bacteroidales;f__Bacteroidaceae;g__Bacteroides;s__Bacteroides_salyersiae	k__Bacteria;p__Firmicutes;c__Clostridia;o__Clostridiales;f__Ruminococcaceae;g__Ruminiclostridium;s__[Eubacterium]_siraeum	k__Bacteria;p__Proteobacteria;c__Betaproteobacteria;o__Burkholderiales;f__Sutterellaceae;g__Parasutterella;s__Parasutterella_excrementihominis	k__Bacteria;p__Actinobacteria;c__Actinobacteria;o__Bifidobacteriales;f__Bifidobacteriaceae;g__Bifidobacterium;s__Bifidobacterium_adolescentis	k__Bacteria;p__Firmicutes;c__Clostridia;o__Clostridiales;f__Oscillospiraceae;g__Oscillibacter;s__Oscillibacter_sp._KLE_1745	k__Bacteria;p__Bacteroidetes;c__Bacteroidia;o__Bacteroidales;f__Bacteroidaceae;g__Bacteroides;s__Bacteroides_coprophilus	k__Bacteria;p__Firmicutes;c__Clostridia;o__Clostridiales;f__Lachnospiraceae;g__Roseburia;s__Roseburia_intestinalis	k__Bacteria;p__Firmicutes;c__Clostridia;o__Clostridiales;f__Lachnospiraceae;g__Roseburia;s__Roseburia_hominis	k__Bacteria;p__Bacteroidetes;c__Bacteroidia;o__Bacteroidales;f__Porphyromonadaceae;g__Parabacteroides;s__Parabacteroides_johnsonii	k__Bacteria;p__Actinobacteria;c__Actinobacteria;o__Bifidobacteriales;f__Bifidobacteriaceae;g__Bifidobacterium;s__Bifidobacterium_longum	k__Bacteria;p__Firmicutes;c__Clostridia;o__Clostridiales;f__;g__Flavonifractor;s__Flavonifractor_plautii	k__Bacteria;p__Firmicutes;c__Clostridia;o__Clostridiales;f__Clostridiaceae;g__Clostridium;s__Clostridium_phoceensis	k__Bacteria;p__Verrucomicrobia;c__Verrucomicrobiae;o__Verrucomicrobiales;f__Akkermansiaceae;g__Akkermansia;s__Akkermansia_muciniphila	k__Bacteria;p__Bacteroidetes;c__Bacteroidia;o__Bacteroidales;f__Prevotellaceae;g__Paraprevotella;s__Paraprevotella_xylaniphila	k__Bacteria;p__Firmicutes;c__Clostridia;o__Clostridiales;f__Ruminococcaceae;g__Ruminococcus;s__Ruminococcus_callidus	k__Bacteria;p__Bacteroidetes;c__Bacteroidia;o__Bacteroidales;f__Rikenellaceae;g__Alistipes;s__Alistipes_senegalensis	k__Bacteria;p__Firmicutes;c__Clostridia;o__Clostridiales;f__Lachnospiraceae;g__Blautia;s__Blautia_sp._KLE_1732	k__Bacteria;p__Bacteroidetes;c__Bacteroidia;o__Bacteroidales;f__Bacteroidaceae;g__Bacteroides;s__Bacteroides_oleiciplenus	k__Bacteria;p__Firmicutes;c__Clostridia;o__Clostridiales;f__Ruminococcaceae;g__Ruminococcus;s__Ruminococcus_bicirculans	k__Bacteria;p__Bacteroidetes;c__Bacteroidia;o__Bacteroidales;f__Bacteroidaceae;g__Bacteroides;s__Bacteroides_fluxus	k__Bacteria;p__Bacteroidetes;c__Bacteroidia;o__Bacteroidales;f__Prevotellaceae;g__Prevotella;s__Prevotella_stercorea	k__Bacteria;p__Firmicutes;c__Clostridia;o__Clostridiales;f__Lachnospiraceae;g__Dorea;s__Dorea_longicatena	k__Bacteria;p__Firmicutes;c__Clostridia;o__Clostridiales;f__Eubacteriaceae;g__Eubacterium;s__[Eubacterium]_eligens	k__Bacteria;p__Firmicutes;c__Clostridia;o__Clostridiales;f__Ruminococcaceae;g__;s__Ruminococcaceae_bacterium_D16	k__Bacteria;p__Firmicutes;c__Clostridia;o__Clostridiales;f__Lachnospiraceae;g__Coprococcus;s__Coprococcus_comes	k__Bacteria;p__Proteobacteria;c__Gammaproteobacteria;o__Enterobacterales;f__Enterobacteriaceae;g__Escherichia;s__Escherichia_coli	k__Bacteria;p__Firmicutes;c__Clostridia;o__Clostridiales;f__Ruminococcaceae;g__Anaerotruncus;s__Anaerotruncus_colihominis	k__Bacteria;p__Firmicutes;c__Clostridia;o__Clostridiales;f__Lachnospiraceae;g__Blautia;s__Blautia_obeum	k__Bacteria;p__Bacteroidetes;c__Bacteroidia;o__Bacteroidales;f__Odoribacteraceae;g__Odoribacter;s__Odoribacter_laneus	k__Bacteria;p__Firmicutes;c__Clostridia;o__Clostridiales;f__Ruminococcaceae;g__Ruminiclostridium;s__[Clostridium]_leptum	k__Bacteria;p__Bacteroidetes;c__Bacteroidia;o__Bacteroidales;f__Porphyromonadaceae;g__Parabacteroides;s__Parabacteroides_goldsteinii	k__Bacteria;p__Firmicutes;c__Clostridia;o__Clostridiales;f__Lachnospiraceae;g__Anaerostipes;s__Anaerostipes_hadrus	k__Bacteria;p__Firmicutes;c__Clostridia;o__Clostridiales;f__Ruminococcaceae;g__Ruminococcus;s__Ruminococcus_lactaris	k__Bacteria;p__Firmicutes;c__Clostridia;o__Clostridiales;f__Clostridiaceae;g__Clostridium;s__Clostridium_sp._L2-50	k__Bacteria;p__Firmicutes;c__Clostridia;o__Clostridiales;f__Clostridiaceae;g__Clostridium;s__Clostridium_sp._M62/1	k__Bacteria;p__Firmicutes;c__Clostridia;o__Clostridiales;f__;g__Intestinimonas;s__Intestinimonas_butyriciproducens	k__Bacteria;p__Actinobacteria;c__Actinobacteria;o__Bifidobacteriales;f__Bifidobacteriaceae;g__Bifidobacterium;s__Bifidobacterium_bifidum	k__Bacteria;p__Firmicutes;c__Negativicutes;o__Veillonellales;f__Veillonellaceae;g__Dialister;s__Dialister_invisus	k__Bacteria;p__Bacteroidetes;c__Bacteroidia;o__Bacteroidales;f__Bacteroidaceae;g__Bacteroides;s__Bacteroides_salanitronis
k__Bacteria;p__Bacteroidetes;c__Bacteroidia;o__Bacteroidales;f__Bacteroidaceae;g__Bacteroides;s__Bacteroides_vulgatus	1.0	-0.0452567743345	-0.0260032935261	0.023312536738	-0.047081760527	-0.0304367954219	0.00447871472851	-0.00325885181494	-0.00450382515067	0.00984255807831	-0.00986650868962	-0.00341397386924	-0.0296678958894	-0.0188151296183	-0.0131844330775	-0.0417624739238	-0.0282877279627	-0.00279550973238	0.00336903023027	-0.0575668656493	-0.0209363461943	0.0243227186825	0.000769986476018	-0.0358500561605	0.00399378013639	0.0132380375004	-0.0622511003908	0.0217627819973	0.0133474630612	-0.00682643916709	0.0317234336792	-0.0603628895635	0.00827525026334	-0.0357651803807	0.0295108838109	0.00362225919141	0.0148111172086	-0.0556093292095	0.00283984041972	-0.0214241136591	-0.0554578054802	-0.0247114593068	0.0184683584046	0.0517415219406	0.00297907120354	0.0375704879707	0.0403059143724	-0.0318814149913	-0.0370698771171	-0.0203804094339	0.00489749726262	0.000570055335244	-0.0167874887785	0.0270488282073	-0.0221392542231	0.0299831155728	0.00271212158582	0.0211086144842	0.011086513827
k__Bacteria;p__Bacteroidetes;c__Bacteroidia;o__Bacteroidales;f__Bacteroidaceae;g__Bacteroides;s__Bacteroides_uniformis	-0.0452567743345	1.0	-0.0159498917445	0.0150800487568	-0.000330111521398	0.0270033476881	0.0157797494575	0.00427219170414	-0.0484407717842	-0.0240928883588	-0.0530089019012	-0.0504111617911	-0.0207153857644	0.036131240464	0.0156083240829	-0.0577704148424	-0.0240498192596	-0.023038872574	0.0830579821089	-0.0353319190863	0.0107269063334	0.0261991498494	0.00795028190848	0.0542722206273	-0.0274525054005	-0.0117214584689	-0.00180877995114	0.0523460550871	-0.0465295903834	-0.0201132789163	-0.00709942096919	-0.0153907226821	0.0256224991008	0.0199343890651	-0.0201982575348	0.0394238409374	-0.0337808045328	0.0136626540453	-0.0300509710252	-0.0374295762991	-0.0133027240994	-0.0313959654542	-0.0189027277668	0.0964963947788	0.0332080121039	0.0460824292032	-0.0230809895278	0.0459511605841	-0.0162145309182	0.00422879311342	-0.0192452535734	0.062626337354	-0.0479474403279	-0.00991150664128	0.0200548322049	-0.00936935845555	0.0134898431668	-0.0319120441492	-0.0385928963252
k__Bacteria;p__Bacteroidetes;c__Bacteroidia;o__Bacteroidales;f__Rikenellaceae;g__Alistipes;s__Alistipes_putredinis	-0.0260032935261	-0.0159498917445	1.0	0.0387650831813	-0.00746697661398	-0.00790005789827	-0.0173928934504	-0.0386650682332	0.0192947696596	0.0153046121914	-0.0149804113456	0.05250061031	0.0171102142345	0.0244114434602	-0.0691712208432	0.0246792004351	0.0196993907131	-0.000898554006398	-0.0157737095759	0.0366654511202	-0.0337802184058	0.0356063129758	-0.0357030914907	-0.0132599063724	-0.051371902077	-0.0105723211908	-0.00517064695288	0.0172553032507	0.0214621854187	-0.0168665794953	-0.0174724066198	0.00603830726888	0.00740004651425	-0.0122759723639	0.0382420496439	-0.0352170525285	-0.0542371730328	0.0333597213268	-0.0374851651376	-0.00227217560548	-0.0486728679609	-0.0339005155089	0.0185811166965	0.026273843996	-0.00755067679588	-0.0116259272524	0.00165358714022	0.0367844123328	0.0411889927894	0.0219603145167	0.0121630178994	-0.0788583667338	-0.0169391423944	0.0123938123149	-0.0179204986838	0.021981582621	-0.0238226404625	-0.00646358305867	-0.020435526592
k__Bacteria;p__Bacteroidetes;c__Bacteroidia;o__Bacteroidales;f__Prevotellaceae;g__Prevotella;s__Prevotella_copri	0.023312536738	0.0150800487568	0.0387650831813	1.0	-0.0251100925737	-0.0486494875939	-0.0069833381888	-0.0508299466299	-0.0561112452945	-0.0165701838301	0.0226704026869	-0.0453558019851	-0.00242207759845	-0.0223773379139	0.00698675230372	-0.0165894257584	0.0417578457712	0.0288803210789	-0.0353633496798	0.0232843352894	0.00733312133537	0.0269861253854	-0.0183411039138	0.0250332217471	0.000944519985889	-0.015863482044	-0.000168745406159	-0.0166935083979	-0.0265383736019	0.00560170738112	-0.0627380510212	-0.0558449553893	-0.0143693283658	0.0095795137207	0.00693954801305	0.0378390964094	0.0282232443453	0.0493795482925	-0.0194711652631	0.0309531898352	-0.0147436604349	-0.0355538178735	0.0713195333982	-0.0288777225266	-0.0375891678268	-0.00723173242664	-0.0165657829274	0.00335173407148	-0.025671489385	0.019359987645	-0.0151268313619	0.00152305669846	-0.0112943232149	-0.0103420868454	-0.00576616678102	-0.0376118717628	0.0340054745093	-0.034110643266	0.00162664650056
k__Bacteria;p__Bacteroidetes;c__Bacteroidia;o__Bacteroidales;f__Bacteroidaceae;g__Bacteroides;s__Bacteroides_stercoris	-0.047081760527	-0.000330111521398	-0.00746697661398	-0.0251100925737	1.0	0.0019704872671	0.000322466181448	-0.0504214856796	0.0399852503308	-0.0111903099978	0.0215578007515	-0.0015539866927	0.0427581247539	0.00720871728754	0.00382114920657	0.0149880766742	-0.0350698939668	0.0304366231987	0.0202686937868	0.0219031568782	-0.0463224134229	0.0158979887097	-0.0166369171428	0.0387138754235	-0.000879882035199	-0.0301766023304	-0.00459973847324	-0.0310494106205	-0.0459925173913	-0.0230102165718	-0.00268644110766	-0.0147515175908	-0.0473466232385	0.0381678253708	-0.0179165095011	-0.0115492531638	-0.00707860703063	0.0188332366513	-0.0315149063294	0.0529159077824	-0.0127293680451	0.0534741480354	-0.0298526002782	-0.0408860218463	-0.0208177716959	0.0157633672787	-0.0408778826896	-0.0506752619382	-0.00207636888104	-0.0156831905152	-0.0404155810853	-0.0214742764659	0.0350830075658	0.0102652246511	-0.0125495567129	0.0110397783506	0.028157961679	-0.0537139810124	0.0418705039557
k__Bacteria;p__Bacteroidetes;c__Bacteroidia;o__Bacteroidales;f__Bacteroidaceae;g__Bacteroides;s__Bacteroides_ovatus	-0.0304367954219	0.0270033476881	-0.00790005789827	-0.0486494875939	0.0019704872671	1.0	0.0279885545057	-0.00651772524776	0.0344371407772	-0.0234956636805	-0.013651711413	0.0165387461959	0.0057459465544	-0.0305982453543	0.0103839631362	-0.0221594890194	0.00932744582768	-0.01259484658	-0.00311098577039	-0.0109173461907	-0.0183904714672	0.044894717701	-0.0500668169951	-0.00994569960685	-0.0632413476813	0.00981275952597	-0.00606592917954	-0.00780523606111	0.0365886887191	-0.050577038226	0.0326882521312	-0.0263975460326	-0.0572339091864	-0.00873558884314	0.002054584289	-0.014268480129	0.010152646786	-0.0612450482651	0.0285194832137	0.0357427126453	0.0456115487179	0.00318567806855	0.0344932396818	-0.00653845257111	0.0160170265038	-0.0183166172918	0.0200507838993	-0.0432180249853	0.0103757263883	-0.0187140148834	0.0152768314613	-0.0342470589222	-0.0242735796067	0.0430019370042	-0.0742595430863	-0.0266804196062	-0.0223185189178	0.0422641739038	-0.014293380494
k__Bacteria;p__Bacteroidetes;c__Bacteroidia;o__Bacteroidales;f__Rikenellaceae;g__Alistipes;s__Alistipes_shahii	0.00447871472851	0.0157797494575	-0.0173928934504	-0.0069833381888	0.000322466181448	0.0279885545057	1.0	-0.0271241250174	0.0375700123748	-0.0125058467155	0.0389153064257	-0.0499716000565	-0.0347161681677	-0.0463096839814	-0.00757653983105	0.0125027601284	0.00696154612538	-0.0826218457385	-0.0562769689831	-0.0457085145165	0.000889569193396	0.00619298769882	-0.00161723475811	-0.0443774166264	-0.0313024267905	-0.010443855774	0.0182548620812	0.0330377233067	0.015855452456	0.0102551852586	0.00128661431271	0.0296235952116	0.0129575673637	0.00619194798717	-0.0465057348873	-0.0228228887149	-0.0538855897799	-0.0557038279807	0.019395303597	-0.0392594663704	-0.0521759460188	-0.0250579371146	-0.0468505983148	-0.0262979979286	0.0738891145356	0.0191376043339	-0.0814446724608	-0.00791798509441	-0.0324732320605	0.006921342098	0.0108266405693	-0.0228237647189	0.0280804163221	-0.0086001345161	-0.0140190158744	0.0187298784165	-0.0244796930598	0.0966587974171	-0.0828465154348
k__Bacteria;p__Firmicutes;c__Clostridia;o__Clostridiales;f__Ruminococcaceae;g__Faecalibacterium;s__Faecalibacterium_prausnitzii	-0.00325885181494	0.00427219170414	-0.0386650682332	-0.0508299466299	-0.0504214856796	-0.00651772524776	-0.0271241250174	1.0	-0.0256877097342	-0.0576175526406	-0.0264541001123	0.015268083202	-0.0363412726998	-0.00542983578858	-0.010562749849	0.00870458538565	-0.0126485847694	0.0363993422075	0.0709045276543	-0.027515975801	-0.00234380784647	0.0248030894886	0.0282890636676	-0.00339664643466	-0.0461851862961	0.0198379185593	-0.0163269102056	0.0189905778702	0.00424123914127	-0.00407369706036	-0.0499191588388	-0.0264803741603	0.0380258490627	-0.061925048118	-0.0221540452794	-0.0487478252966	-0.0117299709055	0.0367758873121	-0.0286348136285	-0.0710291778312	0.00607954626079	-0.00576575408765	-0.0605000966134	-0.00987522890754	0.0460230850394	-0.048897045101	-0.0252391984226	-0.0242992884185	-0.031031404806	-0.0529207287453	0.0459487310407	-0.0222006838725	0.0373429668529	-0.0386871320915	-0.0530675437589	0.0428010865755	-0.0117295737815	-0.0150444917877	0.0265626812036
k__Bacteria;p__Bacteroidetes;c__Bacteroidia;o__Bacteroidales;f__Rikenellaceae;g__Alistipes;s__Alistipes_finegoldii	-0.00450382515067	-0.0484407717842	0.0192947696596	-0.0561112452945	0.0399852503308	0.0344371407772	0.0375700123748	-0.0256877097342	1.0	-0.0200103066481	-0.027472227065	0.0615416896039	0.0124429056706	0.0195139986103	0.0208694059005	0.0298862770222	-0.0148743293765	-0.0568568528885	-0.00515558344837	-0.0297598982974	-0.0638027354103	0.00112894018212	-0.00382400250061	-0.0438387943385	-0.0138671678738	0.0211354509143	-0.0202673529066	-0.0721709208771	0.00202298950001	-0.0122462726636	0.0913041460906	-0.0304083300401	0.021231989566	0.0239630472759	0.0377350791511	0.012936690585	-0.0605439503285	-0.014207275723	0.067787786236	0.0411389755601	-0.0837854959351	-0.0291262653941	-0.0828764383545	0.00441320630982	0.0101199348291	0.0232526622066	0.0164585043111	-0.0228062274004	0.0289992395124	0.0100484266851	-0.0479395600246	0.0162356624927	-0.0217374756533	-0.031916786048	0.0302715256351	0.0314334934272	0.00681013124509	-0.0253930140766	0.027225898534
k__Bacteria;p__Bacteroidetes;c__Bacteroidia;o__Bacteroidales;f__Porphyromonadaceae;g__Parabacteroides;s__Parabacteroides_distasonis	0.00984255807831	-0.0240928883588	0.0153046121914	-0.0165701838301	-0.0111903099978	-0.0234956636805	-0.0125058467155	-0.0576175526406	-0.0200103066481	1.0	-0.00741802662355	0.0129287681135	0.0258860682306	-0.00876950321721	-0.0697787593338	-0.0471933675337	-0.106676623696	0.00453301309998	-0.00706508783018	-0.0482630012333	0.00997145664714	-0.0309893422187	-0.0296078069654	0.0137111880247	0.0320401215455	0.0436322340998	0.0505543652037	0.0068118130353	0.0209574031406	-0.00963289584088	-0.0298839079886	0.0766980363154	-0.0235554390868	-0.0261284810772	-0.0599983712118	-0.00413719766897	-0.00909648330769	-0.0204081490547	0.0752858409994	-0.02292892993	-0.0574128112731	-0.0247848019178	-0.0578521926258	-0.0499474381227	0.0142137487563	0.0499991832034	-0.000726674461571	-0.00471181107872	0.000670379198923	-0.0514861547926	0.0384726985284	0.00589967042891	-0.0165627512583	-0.0089624828795	0.0394800866545	-0.052910958534	0.0251750484725	0.015514725408	-0.0315646097079
k__Bacteria;p__Bacteroidetes;c__Bacteroidia;o__Bacteroidales;f__Bacteroidaceae;g__Bacteroides;s__Bacteroides_thetaiotaomicron	-0.00986650868962	-0.0530089019012	-0.0149804113456	0.0226704026869	0.0215578007515	-0.013651711413	0.0389153064257	-0.0264541001123	-0.027472227065	-0.00741802662355	1.0	-0.0164329676663	-0.0168714642942	0.00167370949051	-0.0419890093524	0.0132605628885	0.0200978417217	0.0462647866603	-0.0391226004791	-0.0256869601976	0.0312667854212	0.0341458643524	-0.0523966912285	-0.0195884813873	-0.0241607240937	0.0328775277645	0.00389119717327	0.0288602941145	-0.00753991651494	0.0111603221809	0.0200544968538	-0.0243581342076	0.0141508687933	-0.0146699678647	-0.0161171203046	-0.00614853621622	-0.0154894364451	0.0099337542013	-0.00372059585782	0.0426477934095	-0.0410145147781	-0.0669417021062	0.0360199990829	0.031165934795	-0.0190933571189	0.0129628722144	0.0359347018287	-0.0125874147673	0.00569662992015	-0.0132204405756	-0.0469112643271	0.0150704452821	-0.0167281354529	-0.0147111764166	0.0560031914887	0.00552449488219	-0.0367951470087	-0.0560744283673	-0.0889310868793
k__Bacteria;p__Bacteroidetes;c__Bacteroidia;o__Bacteroidales;f__Bacteroidaceae;g__Bacteroides;s__Bacteroides_coprocola	-0.00341397386924	-0.0504111617911	0.05250061031	-0.0453558019851	-0.0015539866927	0.0165387461959	-0.0499716000565	0.015268083202	0.0615416896039	0.0129287681135	-0.0164329676663	1.0	0.0181264264422	-0.0398964765399	0.00520875644315	-0.0522955262987	-0.0172303968198	0.00160316241519	0.0373040120692	0.00470478125781	-0.0376946118745	0.021878433783	-0.0126547999173	-0.00498386630076	-0.0168197724531	-0.0677211788492	-0.00791304749071	-0.0573901498007	0.0140037413821	0.0126829035744	-0.0236956679594	-0.0148138067704	0.0111430461439	0.0299176666904	-0.0571088132193	-0.000474855089227	-0.0202069916016	-0.0213075774981	-0.0326076450439	-0.0524802356301	0.00321766342432	-0.0572750843028	0.0635298836222	-0.0192200657993	-0.013299613125	0.0387542599558	0.0275630853633	0.0210220946195	0.0667542746172	-0.0440193104306	0.0134041556661	-0.0271461652788	-0.0262072061361	-0.0120628662336	0.0870660689343	0.00402608965513	-0.0136978168262	0.028771331825	0.0109514648548
k__Bacteria;p__Bacteroidetes;c__Bacteroidia;o__Bacteroidales;f__Bacteroidaceae;g__Bacteroides;s__Bacteroides_cellulosilyticus	-0.0296678958894	-0.0207153857644	0.0171102142345	-0.00242207759845	0.0427581247539	0.0057459465544	-0.0347161681677	-0.0363412726998	0.0124429056706	0.0258860682306	-0.0168714642942	0.0181264264422	1.0	-0.0368583849471	0.0219506708769	-0.0488249499763	-0.040731253613	0.0507952782335	-0.0253747218565	0.0415045341547	-0.042447071051	0.0384463555099	-0.0409856647076	-0.00197000961449	-0.000233149636028	0.0215624557733	0.0441350665088	-0.0110114429403	0.0301515396328	-0.0372042851103	-0.0488772406666	0.00259845708912	-0.0653814894974	0.0094868508593	-0.0453031106908	0.00260209472939	-0.0123577054737	0.0163894809034	-0.0596115068701	-0.028202047586	0.00954371716166	-0.0533121527284	0.000283824314534	-0.00730697748844	0.0117522803721	-0.0171835621529	-0.0859653413555	-0.0481373735045	0.0242084328785	-0.00893182434953	-0.0139776399455	0.0202443218264	0.0187840695734	-0.0128763575859	0.0177606826028	0.0126247011245	-0.0259092076333	-0.0251304444633	0.010036847241
k__Bacteria;p__Bacteroidetes;c__Bacteroidia;o__Bacteroidales;f__Rikenellaceae;g__Alistipes;s__Alistipes_obesi	-0.0188151296183	0.036131240464	0.0244114434602	-0.0223773379139	0.00720871728754	-0.0305982453543	-0.0463096839814	-0.00542983578858	0.0195139986103	-0.00876950321721	0.00167370949051	-0.0398964765399	-0.0368583849471	1.0	-0.0395761204819	-0.0297209871913	0.0198506886856	-0.026769671143	-0.00582489765641	0.0124451605767	0.0464818167119	-0.000827379449282	-0.0723399811361	-0.0165769981876	0.0632285379978	0.0228800898913	-0.028096267375	-0.00221957875876	0.0250806973194	0.00978569874934	-0.0829731126741	0.0441774086829	-0.0405468248319	0.0152858019298	-0.0549891202781	0.0564522649122	0.0111527933125	-0.0295862401669	-0.0744287789491	-0.0111560036654	0.0338836162035	0.0170973390158	-0.0268694328686	0.0426612606252	-0.020933862137	0.0695158876432	-0.0284607322122	0.00653680312234	-0.0306373836033	-0.00427085817827	-0.00111430623624	-0.024887177287	-0.015266763237	-0.0173118051932	-0.0162098372086	-0.00388200794729	-0.00988569993584	-0.0399757740358	0.014315517135
k__Bacteria;p__Firmicutes;c__Clostridia;o__Clostridiales;f__Lachnospiraceae;g__;s__[Eubacterium]_rectale	-0.0131844330775	0.0156083240829	-0.0691712208432	0.00698675230372	0.00382114920657	0.0103839631362	-0.00757653983105	-0.010562749849	0.0208694059005	-0.0697787593338	-0.0419890093524	0.00520875644315	0.0219506708769	-0.0395761204819	1.0	-0.0493827168008	-0.00389705326268	-0.0222317192204	0.0257319474143	-0.00304259687043	0.000159427091997	-0.065232434767	0.0116203830665	3.27569126628e-05	-0.013403556604	0.00813125115462	-0.0446579001363	-0.0657916268869	0.00623241347446	0.00119018470676	0.0172790423042	0.0259837990985	-0.00155098843685	-0.0192079454502	0.0427879190923	-0.0592169953937	0.0124573686972	0.0650171254151	-0.00507205419207	6.1693545744e-05	0.0145214516223	0.0244097638344	0.0428002723043	-0.0863976360289	0.0193205765417	-0.0317056794005	-0.0240725237097	-0.026209245182	-0.0223912353782	-0.00574104605561	-0.00663518705159	0.0152267042219	0.0398165474999	-0.0227967496762	-0.0535002595631	-0.033144827071	0.0344110971803	0.0190932916723	0.0325803517168
k__Bacteria;p__Bacteroidetes;c__Bacteroidia;o__Bacteroidales;f__Bacteroidaceae;g__Bacteroides;s__Bacteroides_plebeius	-0.0417624739238	-0.0577704148424	0.0246792004351	-0.0165894257584	0.0149880766742	-0.0221594890194	0.0125027601284	0.00870458538565	0.0298862770222	-0.0471933675337	0.0132605628885	-0.0522955262987	-0.0488249499763	-0.0297209871913	-0.0493827168008	1.0	-0.0312209028524	-0.00651818230758	-0.0280984058064	0.0438849771622	0.00222167592955	-0.0407032295512	-0.0144632518918	0.0267031564538	-0.0311582968197	0.0156501534821	-0.0129024224324	-0.00536898626244	-0.0227114307902	0.0694215098251	0.0274828567379	-0.00300480530066	-0.0469717894183	0.0041567850741	-0.00754345133452	-0.0500310712291	0.00790948503145	0.029152286538	0.0460809674956	-0.00251000640459	-0.0119288455414	0.0246264432559	-0.0237792563541	0.0097486364174	-0.0064608172458	-0.0219540531245	-0.0397815488269	-0.0140075732602	-0.0101038161429	-0.0191216118716	0.0360864982658	0.014661476077	0.02474905547	0.0119528913203	-0.0042694522016	0.0465791169269	-0.00878643547468	-0.00166640030228	-0.0176847632827
k__Bacteria;p__Bacteroidetes;c__Bacteroidia;o__Bacteroidales;f__Bacteroidaceae;g__Bacteroides;s__Bacteroides_fragilis	-0.0282877279627	-0.0240498192596	0.0196993907131	0.0417578457712	-0.0350698939668	0.00932744582768	0.00696154612538	-0.0126485847694	-0.0148743293765	-0.106676623696	0.0200978417217	-0.0172303968198	-0.040731253613	0.0198506886856	-0.00389705326268	-0.0312209028524	1.0	-0.0645169048207	0.0606330475336	-0.00319209662018	-0.00594342080214	-0.0211766633068	0.0241134565553	0.00519244376222	0.00597341420277	-0.0233917092862	-0.0745754189793	0.00638104291786	-0.0251347089781	0.0280338562604	-0.00779424412614	-0.0100229068863	-0.0163229114177	0.0225535367025	-0.00890552820765	0.0434363003415	-0.043763087901	0.0725243021306	-0.0870403818075	-0.0229115281647	-0.0415744671081	0.019341327295	-0.0110890309286	-0.0174849373241	0.00220980437844	-0.0454068874969	-0.000604613583672	-0.0434813456826	0.0201123648378	-0.0252140806305	-0.028477333256	0.02492973069	0.0677516246932	0.0157144543707	0.0124414903184	-0.0510984462453	0.0417638294512	-0.0371282419008	0.00739961550358
k__Bacteria;p__Proteobacteria;c__Betaproteobacteria;o__Burkholderiales;f__Sutterellaceae;g__Sutterella;s__Sutterella_wadsworthensis	-0.00279550973238	-0.023038872574	-0.000898554006398	0.0288803210789	0.0304366231987	-0.01259484658	-0.0826218457385	0.0363993422075	-0.0568568528885	0.00453301309998	0.0462647866603	0.00160316241519	0.0507952782335	-0.026769671143	-0.0222317192204	-0.00651818230758	-0.0645169048207	1.0	-0.00585277307975	0.0179422276616	-0.0428668900752	-0.0187771401968	-0.0540256773828	0.000119995795143	0.0105432098178	-0.0847187324518	0.00542035984713	-0.0286021085566	-0.0499052482944	-0.0218991768714	0.00164242146388	0.0769030715355	0.0235219900399	-0.0386062853527	-0.0193239139557	-0.0252948132377	-0.00971459030152	-0.0425479641117	-0.0192229518705	-0.00629324858934	0.0149805652715	-0.0385177009031	-0.00640484959891	-0.0476585884621	-0.027962804995	0.0150493913542	-0.00694521324457	-0.00821343340603	0.000188704843582	-0.00432858066842	0.00784343520229	-0.0509966986387	0.0136950021744	-0.0329167553309	0.00562721601517	-0.013461866656	0.0202746900806	-0.0205833132932	-0.0299985503188
k__Bacteria;p__Bacteroidetes;c__Bacteroidia;o__Bacteroidales;f__Porphyromonadaceae;g__Barnesiella;s__Barnesiella_intestinihominis	0.00336903023027	0.0830579821089	-0.0157737095759	-0.0353633496798	0.0202686937868	-0.00311098577039	-0.0562769689831	0.0709045276543	-0.00515558344837	-0.00706508783018	-0.0391226004791	0.0373040120692	-0.0253747218565	-0.00582489765641	0.0257319474143	-0.0280984058064	0.0606330475336	-0.00585277307975	1.0	-0.0688633863377	-0.0460960244457	-0.0222844419713	-0.0413953650012	-0.0182389026202	-0.0425746625846	-0.0321779746972	0.00260498585422	-0.0104749686616	-0.0516755881908	0.0446734263005	0.00852609175657	-0.00719079926173	0.0177384533726	-0.0119659408239	0.00814499971283	-0.0388461254033	-0.0326327947948	-0.0351484957935	0.0109559095667	0.0159525107869	-0.0143862283095	0.0491167339325	-0.0353055171676	0.0141555630584	0.00891609184644	-0.00157039548821	-0.0231909181199	0.0310706563496	-0.00439751848887	0.0113382186488	-0.0468556479551	-0.0578427186711	0.0117411958565	-0.0578929298651	-0.00871892458302	-0.00406196464051	0.019342511172	-0.0527719127354	0.00677957806741
k__Bacteria;p__Bacteroidetes;c__Bacteroidia;o__Bacteroidales;f__Odoribacteraceae;g__Odoribacter;s__Odoribacter_splanchnicus	-0.0575668656493	-0.0353319190863	0.0366654511202	0.0232843352894	0.0219031568782	-0.0109173461907	-0.0457085145165	-0.027515975801	-0.0297598982974	-0.0482630012333	-0.0256869601976	0.00470478125781	0.0415045341547	0.0124451605767	-0.00304259687043	0.0438849771622	-0.00319209662018	0.0179422276616	-0.0688633863377	1.0	-0.0225022854155	0.0854979716389	-0.0272588651759	0.0257523939142	-0.0213216799391	-0.0656338140653	0.0305141746655	-0.0252814612237	0.0231943411401	-0.000575668480953	0.0466365789964	-0.0308396275287	-0.0340798060706	-0.00284720663883	-0.0350713120417	-0.0320287884046	0.0676353794496	0.0490838128899	-0.00818877478245	-0.01808906385	-0.0115391641565	-0.0377878287683	0.00621068511304	-0.0546292544803	-0.0204084803527	0.00148750094465	0.00705717857942	-0.0205416109089	0.00254182922941	-0.0122263639818	-0.0341159737249	0.00827107820543	-0.0170994584919	0.0046821012459	0.0511138199546	-0.0488023084362	-0.00841462159309	0.0373304104956	0.00950970496521
k__Bacteria;p__Bacteroidetes;c__Bacteroidia;o__Bacteroidales;f__Bacteroidaceae;g__Bacteroides;s__Bacteroides_salyersiae	-0.0209363461943	0.0107269063334	-0.0337802184058	0.00733312133537	-0.0463224134229	-0.0183904714672	0.000889569193396	-0.00234380784647	-0.0638027354103	0.00997145664714	0.0312667854212	-0.0376946118745	-0.042447071051	0.0464818167119	0.000159427091997	0.00222167592955	-0.00594342080214	-0.0428668900752	-0.0460960244457	-0.0225022854155	1.0	-0.00619372318143	0.0102465418743	0.0016348470069	0.00258503847698	-0.0309165700922	-0.0353411844729	-0.0186590789837	-0.0266763630868	-0.0237777183797	0.0313311974402	0.019717594527	-0.00946536806454	0.0657820429534	0.0228265678089	-0.00166354566984	-0.0303284847532	-0.0513909960941	0.0252984282638	0.0402388101625	-0.0227380837823	0.0859842242539	-0.00989811999028	-0.00330395436883	-0.0221043038879	-0.030797711786	-0.00783358968294	-0.000660926357657	-0.046263010533	-0.0289087234871	0.00357476807769	0.077326331096	-0.0134165204422	-0.0490453009334	0.00927651266771	0.0506536264506	0.013490499934	0.00530518261408	-0.0452348754135
k__Bacteria;p__Firmicutes;c__Clostridia;o__Clostridiales;f__Ruminococcaceae;g__Ruminiclostridium;s__[Eubacterium]_siraeum	0.0243227186825	0.0261991498494	0.0356063129758	0.0269861253854	0.0158979887097	0.044894717701	0.00619298769882	0.0248030894886	0.00112894018212	-0.0309893422187	0.0341458643524	0.021878433783	0.0384463555099	-0.000827379449282	-0.065232434767	-0.0407032295512	-0.0211766633068	-0.0187771401968	-0.0222844419713	0.0854979716389	-0.00619372318143	1.0	-0.0110043401908	-0.0573983747151	0.00132142145534	-0.0136988400109	-0.0409245208678	-0.0314892071803	-0.0938144721378	-0.036533511292	0.0121754638901	0.0209005240102	-0.0278643135363	-0.00750288209245	-0.0384837208992	0.0235404768376	-0.027010063992	0.0211703799314	-0.0611966528818	0.0633565778163	0.0036019243711	0.0383645594735	-0.0203217171999	-0.0502280048809	-0.0157497687348	-0.00113909572209	-0.0467236226412	-0.00161058817961	0.0247333459354	-0.0178206136761	-0.00646894760577	0.0257747187127	-0.0162567853944	-0.0415285037143	-0.0479654494142	-0.00791175565285	0.0692014958393	0.031416364802	-0.0676723424683
k__Bacteria;p__Proteobacteria;c__Betaproteobacteria;o__Burkholderiales;f__Sutterellaceae;g__Parasutterella;s__Parasutterella_excrementihominis	0.000769986476018	0.00795028190848	-0.0357030914907	-0.0183411039138	-0.0166369171428	-0.0500668169951	-0.00161723475811	0.0282890636676	-0.00382400250061	-0.0296078069654	-0.0523966912285	-0.0126547999173	-0.0409856647076	-0.0723399811361	0.0116203830665	-0.0144632518918	0.0241134565553	-0.0540256773828	-0.0413953650012	-0.0272588651759	0.0102465418743	-0.0110043401908	1.0	-0.0702067739705	-0.0421138978402	-0.0043780040144	-0.0284115487979	0.0433131424259	0.0216821836595	0.000286145114725	0.052409613097	-0.0145249239163	0.0316923694579	0.0515662631065	0.0793778662955	-0.030428559043	0.0322595030796	0.0343751937847	-0.0312201501188	0.0272769604223	-0.00336178459761	-0.0250638714254	-0.0615855025504	0.00813009077949	-0.0352262231784	-0.0511015611462	-0.0284766816235	0.0699128775591	-0.0545315333384	-0.00509656543317	0.0327862903927	-0.0400859334129	0.0114311957233	0.0490882414818	0.00717957218975	-0.000999995277781	0.0570873550459	-0.00252076278105	-0.00987125959692
k__Bacteria;p__Actinobacteria;c__Actinobacteria;o__Bifidobacteriales;f__Bifidobacteriaceae;g__Bifidobacterium;s__Bifidobacterium_adolescentis	-0.0358500561605	0.0542722206273	-0.0132599063724	0.0250332217471	0.0387138754235	-0.00994569960685	-0.0443774166264	-0.00339664643466	-0.0438387943385	0.0137111880247	-0.0195884813873	-0.00498386630076	-0.00197000961449	-0.0165769981876	3.27569126628e-05	0.0267031564538	0.00519244376222	0.000119995795143	-0.0182389026202	0.0257523939142	0.0016348470069	-0.0573983747151	-0.0702067739705	1.0	0.0499531600807	0.0437261974497	0.0434723630203	-0.0178151335724	0.0500063020679	-0.00137426406589	0.00785613392605	0.0598513573582	0.0156529781798	-0.0698802897407	0.0326397191586	0.00827155101994	-0.0360603283212	-0.0356887713031	-0.027599772432	0.00930417826405	0.0673816231359	0.0135883500825	-0.0485729753043	-0.0511978740265	-0.0592698621435	-0.031270249488	-0.00553662676633	-0.00996951434059	0.0141459409808	0.0411398234535	0.012560403066	-0.0194613207331	-0.0618269109347	-0.00161192478183	-0.00770367051945	-0.0133419298584	-0.0297949111674	-0.0355135572252	0.0122306718073
k__Bacteria;p__Firmicutes;c__Clostridia;o__Clostridiales;f__Oscillospiraceae;g__Oscillibacter;s__Oscillibacter_sp._KLE_1745	0.00399378013639	-0.0274525054005	-0.051371902077	0.000944519985889	-0.000879882035199	-0.0632413476813	-0.0313024267905	-0.0461851862961	-0.0138671678738	0.0320401215455	-0.0241607240937	-0.0168197724531	-0.000233149636028	0.0632285379978	-0.013403556604	-0.0311582968197	0.00597341420277	0.0105432098178	-0.0425746625846	-0.0213216799391	0.00258503847698	0.00132142145534	-0.0421138978402	0.0499531600807	1.0	-0.0423007190082	-0.0282139145902	-0.00902282954874	0.00803953585133	-0.0210344922657	-0.0551960428466	-0.0339096392512	0.0125981225509	0.00438545725632	0.0247531580257	0.0311888743994	-0.00287024894105	-0.0458213273018	-0.0505426503991	0.0478250865996	-0.0143672776995	-0.0241901889495	0.0108062840615	0.0170334054131	0.0302793703477	0.0927366503716	0.00922116015339	-0.0102167683842	-0.00999801594458	-0.0345145867311	-0.0415509018251	-0.0558186625178	-0.0298617203743	-0.0091783699679	-0.0635397204104	-0.00923340579428	-0.0600186579715	-0.0265692486168	0.0382329655235
k__Bacteria;p__Bacteroidetes;c__Bacteroidia;o__Bacteroidales;f__Bacteroidaceae;g__Bacteroides;s__Bacteroides_coprophilus	0.0132380375004	-0.0117214584689	-0.0105723211908	-0.015863482044	-0.0301766023304	0.00981275952597	-0.010443855774	0.0198379185593	0.0211354509143	0.0436322340998	0.0328775277645	-0.0677211788492	0.0215624557733	0.0228800898913	0.00813125115462	0.0156501534821	-0.0233917092862	-0.0847187324518	-0.0321779746972	-0.0656338140653	-0.0309165700922	-0.0136988400109	-0.0043780040144	0.0437261974497	-0.0423007190082	1.0	0.00365185279973	0.0136202584848	0.0393286010748	-0.0568560145007	-0.0231884270385	0.00471258846663	-0.0228931615604	0.0072993660583	-0.0252563525985	-0.0100898659991	-0.000147150420314	-0.0127359966944	-0.0340672628062	0.0141893697452	0.0132598049983	-0.000380271137864	-0.103908851984	-0.0404749367367	-0.0168306345747	-0.0341432680542	-0.00410044534618	-0.00103102065502	-0.0358859034429	-0.0107650130601	0.0472586980514	-0.00947410206297	-0.00648113724346	-0.00133391092819	-0.00385942472751	0.041036684779	-0.00481677311875	0.0256266888577	0.0242938107669
k__Bacteria;p__Firmicutes;c__Clostridia;o__Clostridiales;f__Lachnospiraceae;g__Roseburia;s__Roseburia_intestinalis	-0.0622511003908	-0.00180877995114	-0.00517064695288	-0.000168745406159	-0.00459973847324	-0.00606592917954	0.0182548620812	-0.0163269102056	-0.0202673529066	0.0505543652037	0.00389119717327	-0.00791304749071	0.0441350665088	-0.028096267375	-0.0446579001363	-0.0129024224324	-0.0745754189793	0.00542035984713	0.00260498585422	0.0305141746655	-0.0353411844729	-0.0409245208678	-0.0284115487979	0.0434723630203	-0.0282139145902	0.00365185279973	1.0	-0.0061830057499	-0.0194979782391	-0.0026929881984	0.0369606639844	-0.0496865483071	0.0400075428012	0.00948362181084	0.0231714887888	-0.016439351733	-0.0440516488235	-0.00687806067375	-0.00674778361686	0.0329430982926	-0.018772174294	0.0745653991109	-0.00243961965549	0.00611020982132	-0.0270709025804	0.0168876859051	-0.0261186532888	9.38780731257e-05	-0.0679964214911	0.0892812540131	0.0579402741706	-0.00252446234217	-0.00528553693606	0.0539067785803	-0.00484240851735	-0.0578513071194	0.0205763269529	-0.0119607003974	0.0276080424522
k__Bacteria;p__Firmicutes;c__Clostridia;o__Clostridiales;f__Lachnospiraceae;g__Roseburia;s__Roseburia_hominis	0.0217627819973	0.0523460550871	0.0172553032507	-0.0166935083979	-0.0310494106205	-0.00780523606111	0.0330377233067	0.0189905778702	-0.0721709208771	0.0068118130353	0.0288602941145	-0.0573901498007	-0.0110114429403	-0.00221957875876	-0.0657916268869	-0.00536898626244	0.00638104291786	-0.0286021085566	-0.0104749686616	-0.0252814612237	-0.0186590789837	-0.0314892071803	0.0433131424259	-0.0178151335724	-0.00902282954874	0.0136202584848	-0.0061830057499	1.0	-0.021373594592	-0.00839011200064	0.0377535229224	-0.00213261509885	-0.00528005141063	0.0289049083742	0.0365961846661	-0.0202328140851	0.0413348771968	0.0208933312877	0.0226058994545	-0.00207775687965	0.0121412621549	-0.00494017791172	-0.0533643279871	-0.0159867481379	0.0212991349637	0.000890257202738	-0.016768045923	0.0195342380797	-0.0764920161289	-0.0163304143636	0.00401121398152	-0.0378978476643	-0.00574858442158	-0.0218656622054	0.058135273915	-0.0412465104334	0.00928855963822	-0.0574919982912	-0.0168236028251
k__Bacteria;p__Bacteroidetes;c__Bacteroidia;o__Bacteroidales;f__Porphyromonadaceae;g__Parabacteroides;s__Parabacteroides_johnsonii	0.0133474630612	-0.0465295903834	0.0214621854187	-0.0265383736019	-0.0459925173913	0.0365886887191	0.015855452456	0.00424123914127	0.00202298950002	0.0209574031406	-0.00753991651494	0.0140037413821	0.0301515396328	0.0250806973194	0.00623241347446	-0.0227114307902	-0.0251347089781	-0.0499052482944	-0.0516755881908	0.0231943411401	-0.0266763630868	-0.0938144721378	0.0216821836595	0.0500063020679	0.00803953585133	0.0393286010748	-0.0194979782391	-0.021373594592	1.0	0.015061692138	-0.00624595664489	-0.0664038587021	-0.0526112512969	-0.012206201199	-0.00555261903159	0.0244959417166	0.0361418845931	-0.0677700007737	-0.0475167882632	0.0036665379267	0.01656848517	-0.00913163507062	0.0163313180403	-0.0640939441606	-0.0276740643526	-0.0391032858997	0.055743922234	-0.0215562675108	0.0278704273541	0.00542157745281	0.0171617406337	0.00277490807656	-0.0274293950943	-0.00899763532219	-0.0203384314307	-0.0250928561652	-0.0607296940464	0.00506608070372	0.0475715668279
