#taxonomy	k__Bacteria;p__Bacteroidetes;c__Bacteroidia;o__Bacteroidales;f__Bacteroidaceae;g__Bacteroides;s__Bacteroides_vulgatus	k__Bacteria;p__Bacteroidetes;c__Bacteroidia;o__Bacteroidales;f__Bacteroidaceae;g__Bacteroides;s__Bacteroides_uniformis	k__Bacteria;p__Bacteroidetes;c__Bacteroidia;o__Bacteroidales;f__Rikenellaceae;g__Alistipes;s__Alistipes_putredinis	k__Bacteria;p__Bacteroidetes;c__Bacteroidia;o__Bacteroidales;f__Prevotellaceae;g__Prevotella;s__Prevotella_copri	k__Bacteria;p__Bacteroidetes;c__Bacteroidia;o__Bacteroidales;f__Bacteroidaceae;g__Bacteroides;s__Bacteroides_stercoris	k__Bacteria;p__Bacteroidetes;c__Bacteroidia;o__Bacteroidales;f__Bacteroidaceae;g__Bacteroides;s__Bacteroides_ovatus	k__Bacteria;p__Bacteroidetes;c__Bacteroidia;o__Bacteroidales;f__Rikenellaceae;g__Alistipes;s__Alistipes_shahii	k__Bacteria;p__Firmicutes;c__Clostridia;o__Clostridiales;f__Ruminococcaceae;g__Faecalibacterium;s__Faecalibacterium_prausnitzii	k__Bacteria;p__Bacteroidetes;c__Bacteroidia;o__Bacteroidales;f__Rikenellaceae;g__Alistipes;s__Alistipes_finegoldii	k__Bacteria;p__Bacteroidetes;c__Bacteroidia;o__Bacteroidales;f__Porphyromonadaceae;g__Parabacteroides;s__Parabacteroides_distasonis	k__Bacteria;p__Bacteroidetes;c__Bacteroidia;o__Bacteroidales;f__Bacteroidaceae;g__Bacteroides;s__Bacteroides_thetaiotaomicron	k__Bacteria;p__Bacteroidetes;c__Bacteroidia;o__Bacteroidales;f__Bacteroidaceae;g__Bacteroides;s__Bacteroides_coprocola	k__Bacteria;p__Bacteroidetes;c__Bacteroidia;o__Bacteroidales;f__Bacteroidaceae;g__Bacteroides;s__Bacteroides_cellulosilyticus	k__Bacteria;p__Bacteroidetes;c__Bacteroidia;o__Bacteroidales;f__Rikenellaceae;g__Alistipes;s__Alistipes_obesi	k__Bacteria;p__Firmicutes;c__Clostridia;o__Clostridiales;f__Lachnospiraceae;g__;s__[Eubacterium]_rectale	k__Bacteria;p__Bacteroidetes;c__Bacteroidia;o__Bacteroidales;f__Bacteroidaceae;g__Bacteroides;s__Bacteroides_plebeius	k__Bacteria;p__Bacteroidetes;c__Bacteroidia;o__Bacteroidales;f__Bacteroidaceae;g__Bacteroides;s__Bacteroides_fragilis	k__Bacteria;p__Proteobacteria;c__Betaproteobacteria;o__Burkholderiales;f__Sutterellaceae;g__Sutterella;s__Sutterella_wadsworthensis	k__Bacteria;p__Bacteroidetes;c__Bacteroidia;o__Bacteroidales;f__Porphyromonadaceae;g__Barnesiella;s__Barnesiella_intestinihominis	k__Bacteria;p__Bacteroidetes;c__Bacteroidia;o__Bacteroidales;f__Odoribacteraceae;g__Odoribacter;s__Odoribacter_splanchnicus	k__Bacteria;p__Bacteroidetes;c__Bacteroidia;o__Bacteroidales;f__Bacteroidaceae;g__Bacteroides;s__Bacteroides_salyersiae	k__Bacteria;p__Firmicutes;c__Clostridia;o__Clostridiales;f__Ruminococcaceae;g__Ruminiclostridium;s__[Eubacterium]_siraeum	k__Bacteria;p__Proteobacteria;c__Betaproteobacteria;o__Burkholderiales;f__Sutterellaceae;g__Parasutterella;s__Parasutterella_excrementihominis	k__Bacteria;p__Actinobacteria;c__Actinobacteria;o__Bifidobacteriales;f__Bifidobacteriaceae;g__Bifidobacterium;s__Bifidobacterium_adolescentis	k__Bacteria;p__Firmicutes;c__Clostridia;o__Clostridiales;f__Oscillospiraceae;g__Oscillibacter;s__Oscillibacter_sp._KLE_1745	k__Bacteria;p__Bacteroidetes;c__Bacteroidia;o__Bacteroidales;f__Bacteroidaceae;g__Bacteroides;s__Bacteroides_coprophilus	k__Bacteria;p__Firmicutes;c__Clostridia;o__Clostridiales;f__Lachnospiraceae;g__Roseburia;s__Roseburia_intestinalis	k__Bacteria;p__Firmicutes;c__Clostridia;o__Clostridiales;f__Lachnospiraceae;g__Roseburia;s__Roseburia_hominis	k__Bacteria;p__Bacteroidetes;c__Bacteroidia;o__Bacteroidales;f__Porphyromonadaceae;g__Parabacteroides;s__Parabacteroides_johnsonii	k__Bacteria;p__Actinobacteria;c__Actinobacteria;o__Bifidobacteriales;f__Bifidobacteriaceae;g__Bifidobacterium;s__Bifidobacterium_longum	k__Bacteria;p__Firmicutes;c__Clostridia;o__Clostridiales;f__;g__Flavonifractor;s__Flavonifractor_plautii	k__Bacteria;p__Firmicutes;c__Clostridia;o__Clostridiales;f__Clostridiaceae;g__Clostridium;s__Clostridium_phoceensis	k__Bacteria;p__Verrucomicrobia;c__Verrucomicrobiae;o__Verrucomicrobiales;f__Akkermansiaceae;g__Akkermansia;s__Akkermansia_muciniphila	k__Bacteria;p__Bacteroidetes;c__Bacteroidia;o__Bacteroidales;f__Prevotellaceae;g__Paraprevotella;s__Paraprevotella_xylaniphila	k__Bacteria;p__Firmicutes;c__Clostridia;o__Clostridiales;f__Ruminococcaceae;g__Ruminococcus;s__Ruminococcus_callidus	k__Bacteria;p__Bacteroidetes;c__Bacteroidia;o__Bacteroidales;f__Rikenellaceae;g__Alistipes;s__Alistipes_senegalensis	k__Bacteria;p__Firmicutes;c__Clostridia;o__Clostridiales;f__Lachnospiraceae;g__Blautia;s__Blautia_sp._KLE_1732	k__Bacteria;p__Bacteroidetes;c__Bacteroidia;o__Bacteroidales;f__Bacteroidaceae;g__Bacteroides;s__Bacteroides_oleiciplenus	k__Bacteria;p__Firmicutes;c__Clostridia;o__Clostridiales;f__Ruminococcaceae;g__Ruminococcus;s__Ruminococcus_bicirculans	k__Bacteria;p__Bacteroidetes;c__Bacteroidia;o__Bacteroidales;f__Bacteroidaceae;g__Bacteroides;s__Bacteroides_fluxus	k__Bacteria;p__Bacteroidetes;c__Bacteroidia;o__Bacteroidales;f__Prevotellaceae;g__Prevotella;s__Prevotella_stercorea	k__Bacteria;p__Firmicutes;c__Clostridia;o__Clostridiales;f__Lachnospiraceae;g__Dorea;s__Dorea_longicatena	k__Bacteria;p__Firmicutes;c__Clostridia;o__Clostridiales;f__Eubacteriaceae;g__Eubacterium;s__[Eubacterium]_eligens	k__Bacteria;p__Firmicutes;c__Clostridia;o__Clostridiales;f__Ruminococcaceae;g__;s__Ruminococcaceae_bacterium_D16	k__Bacteria;p__Firmicutes;c__Clostridia;o__Clostridiales;f__Lachnospiraceae;g__Coprococcus;s__Coprococcus_comes	k__Bacteria;p__Proteobacteria;c__Gammaproteobacteria;o__Enterobacterales;f__Enterobacteriaceae;g__Escherichia;s__Escherichia_coli	k__Bacteria;p__Firmicutes;c__Clostridia;o__Clostridiales;f__Ruminococcaceae;g__Anaerotruncus;s__Anaerotruncus_colihominis	k__Bacteria;p__Firmicutes;c__Clostridia;o__Clostridiales;f__Lachnospiraceae;g__Blautia;s__Blautia_obeum	k__Bacteria;p__Bacteroidetes;c__Bacteroidia;o__Bacteroidales;f__Odoribacteraceae;g__Odoribacter;s__Odoribacter_laneus	k__Bacteria;p__Firmicutes;c__Clostridia;o__Clostridiales;f__Ruminococcaceae;g__Ruminiclostridium;s__[Clostridium]_leptum	k__Bacteria;p__Bacteroidetes;c__Bacteroidia;o__Bacteroidales;f__Porphyromonadaceae;g__Parabacteroides;s__Parabacteroides_goldsteinii	k__Bacteria;p__Firmicutes;c__Clostridia;o__Clostridiales;f__Lachnospiraceae;g__Anaerostipes;s__Anaerostipes_hadrus	k__Bacteria;p__Firmicutes;c__Clostridia;o__Clostridiales;f__Ruminococcaceae;g__Ruminococcus;s__Ruminococcus_lactaris	k__Bacteria;p__Firmicutes;c__Clostridia;o__Clostridiales;f__Clostridiaceae;g__Clostridium;s__Clostridium_sp._L2-50	k__Bacteria;p__Firmicutes;c__Clostridia;o__Clostridiales;f__Clostridiaceae;g__Clostridium;s__Clostridium_sp._M62/1	k__Bacteria;p__Firmicutes;c__Clostridia;o__Clostridiales;f__;g__Intestinimonas;s__Intestinimonas_butyriciproducens	k__Bacteria;p__Actinobacteria;c__Actinobacteria;o__Bifidobacteriales;f__Bifidobacteriaceae;g__Bifidobacterium;s__Bifidobacterium_bifidum	k__Bacteria;p__Firmicutes;c__Negativicutes;o__Veillonellales;f__Veillonellaceae;g__Dialister;s__Dialister_invisus	k__Bacteria;p__Bacteroidetes;c__Bacteroidia;o__Bacteroidales;f__Bacteroidaceae;g__Bacteroides;s__Bacteroides_salanitronis
k__Bacteria;p__Bacteroidetes;c__Bacteroidia;o__Bacteroidales;f__Bacteroidaceae;g__Bacteroides;s__Bacteroides_vulgatus	1.0	0.0609620253318	0.109183963516	-0.0965766834403	0.0346083105095	-0.069949277249	0.000141529229026	0.0346204414979	-0.0514799901994	-0.0196110172403	0.0110353184472	-0.0273060807398	0.0120660083798	-0.0218454059033	0.017697339341	0.00655009745016	-0.0427004741752	-0.0418204293166	-0.010630053528	0.0577642492327	0.0352265867138	0.0544066078443	0.0100264701522	-0.0345179385494	-0.0112330865562	-0.0261576861933	-0.00186981542527	-0.0110665981276	-0.00240740624608	-0.0132945242469	-0.0659510982146	-0.0225765372907	-0.0320873371206	-0.00300614970768	-0.0263123543975	0.0256023191676	-0.00747542551224	0.0538038731287	-0.000143797616122	-0.00599310076247	-0.0615307423603	0.0334588238284	0.0433863164647	0.00241727287483	-0.0097584289651	-0.0264715844134	0.0154309782444	-0.0469845506425	-0.029278290937	0.00693010561227	-0.0608679894466	-0.0666559271691	-0.0094094816608	0.0248508869976	-0.0757043845024	-0.0339525857797	0.0365650619295	0.0200716521405	-0.029105306269
k__Bacteria;p__Bacteroidetes;c__Bacteroidia;o__Bacteroidales;f__Bacteroidaceae;g__Bacteroides;s__Bacteroides_uniformis	0.0609620253318	1.0	0.0243543248784	-0.00160531444326	-0.0385446648202	0.00305667089799	0.00439416972278	0.00339145113056	0.0146276011764	-0.0186567239959	-0.020600225536	-0.0328082421353	-0.00561090953205	-0.012579132246	-0.0488688578003	0.0101827589392	-0.0514555979102	0.02304918447	0.0205561275659	-0.029119570273	0.0300179790744	0.00185733529701	0.027956568308	0.00299559757956	-0.0318838225944	-0.0232896153602	-0.00685390803452	-0.0427424263213	-0.0128587916015	-0.0164921499123	-0.0539201677986	-0.0343255314599	-0.00313703907646	-0.026780851123	-0.0652919790663	-0.0330259560194	0.0347716422588	0.0145493164507	0.00759190783482	0.0471639763554	0.0807790382654	-0.00790156175666	0.000937268441392	0.0403088523946	-0.00532095087162	-0.00671489754695	0.036549965281	0.0220803341667	-0.01422054747	0.00448487719555	0.00176161569034	0.00895633158162	-0.0247105920961	-0.0534293447829	0.0253251760823	0.016709508349	0.038438003229	0.000955444202724	0.00812154554885
k__Bacteria;p__Bacteroidetes;c__Bacteroidia;o__Bacteroidales;f__Rikenellaceae;g__Alistipes;s__Alistipes_putredinis	0.109183963516	0.0243543248784	1.0	-0.0126167016837	0.0394283935479	-0.0269371884436	-0.0695662497653	-0.0158972790253	-0.00902378645336	-0.00665908918605	-0.101967896321	-0.0163427428566	-0.0584858031891	-0.00455984267097	0.0158239889838	-0.021245743134	-0.0378324862551	-0.0301129308187	-0.0327045867058	-0.0478714098833	0.0289501080529	-0.0132167041406	-0.0262311785152	0.0581118679586	0.00286847209385	0.0428350838554	-0.0104826545778	-0.0367622959634	0.00997813442827	-0.0315587690366	-0.0853229240563	0.0063901858364	-0.0640634914229	0.00525974429945	-0.0384706198409	0.0268212136181	0.0315078694993	-0.0755293312717	0.0314828430941	0.00701867584862	0.0331513370986	-0.0514311589032	0.00853808614997	-0.0411686053945	-0.0208751846127	0.00894040360557	0.0426370123305	0.0111667722788	-0.0174359588384	-0.0433450308427	0.000341034317523	0.0138419729867	0.0609130281592	-0.0612649238633	0.00802472128074	0.0161456007442	-0.0359441986884	0.0240055756118	-0.00772887245199
k__Bacteria;p__Bacteroidetes;c__Bacteroidia;o__Bacteroidales;f__Prevotellaceae;g__Prevotella;s__Prevotella_copri	-0.0965766834403	-0.00160531444326	-0.0126167016837	1.0	0.0713663849474	0.022002865959	0.0181020969944	-0.0341514285263	0.00627168190303	0.0310235287915	-0.0406830361299	-0.00380114084551	0.000382332846436	0.027055184491	-0.0114227506819	-0.0417003051119	-0.0617659633141	-0.0352392798347	-0.0595813356373	-0.00594015128031	-0.00817046341432	0.000760720105524	0.0285818771557	-0.0187045177252	0.0385937086427	-0.0229265023742	-0.00560042589796	-0.00940599137381	-0.0492139813016	-0.0468600017695	-0.0494112822249	0.0255177362302	-0.0296958763598	0.00764089581561	-0.000307412792174	0.0391527851217	-0.0456350650891	0.00325727019554	-0.0232242065827	-0.010330437192	-0.0240493605835	0.050463908472	-0.0142923996226	0.0106253055217	-0.0378628565434	-0.0298125207567	0.0207192331481	-0.00988959453485	-0.00268267860208	-0.0135025319399	-0.0169775362311	-0.0279157439115	-0.0317409811289	0.0223504913202	0.0258973832429	0.0268701162229	0.0154744528183	0.00254890642811	-0.00154127678202
k__Bacteria;p__Bacteroidetes;c__Bacteroidia;o__Bacteroidales;f__Bacteroidaceae;g__Bacteroides;s__Bacteroides_stercoris	0.0346083105095	-0.0385446648202	0.0394283935479	0.0713663849474	1.0	0.0182199269282	0.00888809480143	-0.0433694674702	0.00821679776949	0.00634627692848	0.0126353092458	0.00530702380674	-0.0774087637143	-0.0377908458022	-0.0585261485361	-0.0235887946302	-0.00722109996472	0.0225598285495	0.0179302056084	0.00432785789532	-0.0443313938596	-0.0146792311234	0.012181477121	-0.0148932905282	0.0572890103234	0.0651017195479	-0.0305509040352	-0.00899846669251	-0.0447403211228	0.0221370473898	-0.0193933690771	-0.0102347835007	-0.029594291673	0.0468194179881	0.0131169198024	0.00998682849201	-0.0102466452647	-0.0654375651959	-0.0335936294777	0.000790974021783	-0.0138382729883	-0.0461927480205	0.0301931676042	-0.0365056149487	-0.0148588533735	0.00455429848496	0.0454596122592	-0.0223420631024	0.0229789565303	-0.0718202871402	-0.0508912609462	-0.0424382338285	-0.0175230099332	-0.00402660832106	0.0811293846757	0.00821289929403	-0.00351211425483	-0.0244881934857	-0.0249608955928
k__Bacteria;p__Bacteroidetes;c__Bacteroidia;o__Bacteroidales;f__Bacteroidaceae;g__Bacteroides;s__Bacteroides_ovatus	-0.069949277249	0.00305667089799	-0.0269371884436	0.022002865959	0.0182199269282	1.0	0.0186631206706	-0.0148724841564	-0.0436132822242	-0.00494882212702	-0.0221242201659	-0.0277395975574	-0.0387681320826	-0.00998365245291	-0.046698294963	-0.0464391890873	0.0251963764529	-0.0426747466343	0.0326941320952	-0.0624175759473	-0.0177794797418	0.0211249231297	0.0199540275383	-0.0184033489064	-0.00731660012561	-0.0142656136126	0.0200239935903	0.0711457699197	0.0392218320424	0.0165543496876	0.00922655249197	0.0490911713246	0.0153980501652	-0.0110971767269	-0.0234351601424	0.00627585358698	-0.0220996227947	0.0147261783717	-0.0333365224436	0.0325863512058	-0.010515316151	-0.0156193621099	0.0298732099466	0.0456832131307	-0.013724224071	0.00103691807489	-0.0287662473286	-0.00264018513851	-0.0483729991117	-0.0503621132781	-0.0110014352791	-0.0277466950069	0.0314629870428	0.0368825592568	-0.00733230119511	-0.0171228440389	0.00914395505734	-0.0045523045697	-0.0215288729717
k__Bacteria;p__Bacteroidetes;c__Bacteroidia;o__Bacteroidales;f__Rikenellaceae;g__Alistipes;s__Alistipes_shahii	0.000141529229026	0.00439416972278	-0.0695662497653	0.0181020969944	0.00888809480143	0.0186631206706	1.0	-0.0270347720286	-0.0381258195645	-0.00739085077699	-0.0314773785515	-0.00329442814162	-0.0354001169776	0.0560323693874	-0.0203480521811	-0.00886053240875	-0.0435075118159	0.0150655248139	-0.0297126395165	0.00789078983659	0.00626313834454	0.0151005191437	-0.0318584759146	0.0426588200896	0.0101230875763	0.019654416596	-0.0219261990434	0.044418994142	-0.0275933359767	-0.00938926829507	-0.0398438766599	-0.000125062438215	0.0219289899487	-0.0503843931644	0.0310081926803	0.00692106018631	-0.000566371344584	0.0100034600882	-0.0649724310178	-0.000544300858767	0.0377420262041	0.0114432456083	-0.0396364656837	-0.0192808492766	-0.0964447884802	0.0146602911964	0.0292469227843	0.00126545610251	0.0486248762813	-0.00987971373648	-0.0618934245361	-0.0205932010498	-0.0459009605787	0.0321174916844	0.0117128778702	-0.0275008322169	-0.0191693377044	0.0274947117632	-0.00751305469556
k__Bacteria;p__Firmicutes;c__Clostridia;o__Clostridiales;f__Ruminococcaceae;g__Faecalibacterium;s__Faecalibacterium_prausnitzii	0.0346204414979	0.00339145113056	-0.0158972790253	-0.0341514285263	-0.0433694674702	-0.0148724841564	-0.0270347720286	1.0	-0.00170004894731	0.00891097107757	0.00562827062314	0.0184374490879	-0.00116597608686	-0.00309207777477	0.00787101985995	0.0787033772437	-0.0281509377149	0.00597232078559	-0.0158802261689	-0.0216082825922	0.0420211817016	-0.034504768751	-0.0148919271608	-0.0290860394414	0.0256378795237	-0.00392714312132	0.00886698282808	0.0224542866332	-0.014681084582	-0.0752956009111	0.0199755298569	0.030481711282	0.0117481379663	-0.0490688491465	0.000435528932679	-0.0447693920724	0.0425137911877	-0.00908014468377	-0.0255235188086	-0.0141287373129	-0.0758547553213	-0.0100819539165	0.0184087832091	-0.0237165619943	0.0248798325743	0.00625244834106	-0.019306122273	-0.0897328873571	0.0105630971274	-0.0218552896638	-0.0291673247412	-0.0346203338321	-0.0522072916916	-0.0422769415649	-0.042380959406	-0.0298288851143	-0.00467541017474	-0.00345488640844	-0.0150354151848
k__Bacteria;p__Bacteroidetes;c__Bacteroidia;o__Bacteroidales;f__Rikenellaceae;g__Alistipes;s__Alistipes_finegoldii	-0.0514799901994	0.0146276011764	-0.00902378645336	0.00627168190303	0.00821679776949	-0.0436132822242	-0.0381258195645	-0.00170004894731	1.0	0.00734698021519	-0.00984634682756	-0.0303329496835	-0.0185437555076	0.0326794561672	0.00383835089747	-0.0535903056285	0.0700054247195	0.0606534946001	-0.0268702394786	-0.000131934852216	-0.0223938064933	-0.0335544701112	-0.00421445026285	0.090334756848	0.00795137188828	-0.0386337799965	-0.0216637645662	-0.00910038925822	-0.0714872239883	-0.00932806022975	0.00165881714692	-0.0559869476373	0.00518746193165	-0.00462034853055	0.00126804267503	0.0320364862405	0.0373774319191	-0.0377034921918	0.00720885787812	0.00686563607616	0.00510864808776	-0.0539785150879	-0.0195595110319	0.0474232373803	0.0270313225878	-0.0267222672598	-0.0212485938196	-0.0135871761845	0.0235215565967	0.0555641618846	0.00457284817154	-0.0472808048596	-0.0182352142901	-0.0373090338832	-0.0615619725875	-0.0275388161744	0.0108375935771	0.00626452176824	0.0437625706749
k__Bacteria;p__Bacteroidetes;c__Bacteroidia;o__Bacteroidales;f__Porphyromonadaceae;g__Parabacteroides;s__Parabacteroides_distasonis	-0.0196110172403	-0.0186567239959	-0.00665908918605	0.0310235287915	0.00634627692848	-0.00494882212702	-0.00739085077699	0.00891097107757	0.00734698021519	1.0	0.0193889246676	-0.091295812217	-0.0429573990013	-0.0141496387695	-0.00252670991511	-0.0298137444783	0.0208135359696	-0.0230600037296	0.000866740679172	-0.0519840899091	-0.0222757197401	0.0256395004068	0.0283013256892	-0.0119436522307	-0.00960359222441	0.0359559094775	0.0283731953892	-0.0982630047537	-0.0553184452362	-0.0154459908403	-0.0622233762951	-0.0385621458458	-0.0147573912238	-0.0441056076084	-0.0395145198335	0.0219316193547	-0.0101228383769	0.0166158161152	0.0120645928953	0.00462210838677	0.0385905712017	0.0262248178075	-0.00132325979609	-0.0156817832719	0.0082853066557	0.00382812855123	0.00864982155408	0.00197243618389	-0.0126475692002	-0.0259672305831	-0.0815353361438	-0.0690547090975	-0.00445572700116	0.00832499838527	-0.0487955408354	-0.0332502828315	-0.0380287664089	-0.000967837638803	0.00178141324825
k__Bacteria;p__Bacteroidetes;c__Bacteroidia;o__Bacteroidales;f__Bacteroidaceae;g__Bacteroides;s__Bacteroides_thetaiotaomicron	0.0110353184472	-0.020600225536	-0.101967896321	-0.0406830361299	0.0126353092458	-0.0221242201659	-0.0314773785515	0.00562827062314	-0.00984634682756	0.0193889246676	1.0	0.0654446865115	-0.0152640465717	-0.00210571050093	0.0523256193781	0.0703986336033	0.00755126281815	0.0289089181907	0.0263544204748	0.00631706324212	-0.00421395576479	-0.00810857790879	0.0314959889022	0.00900369824989	-0.00309232244326	-0.0144034742437	0.019750667815	0.0455216978428	0.023544864774	0.0615092457707	0.0192580054767	-0.0240505571403	-0.0472265717765	0.00050807274358	0.0533749133868	-0.00735021542315	-0.0160237922607	0.00977320076796	-0.0072427223614	-0.0248119055716	0.00591146356285	-0.00515702406154	0.0143248035119	-0.0251186968571	-0.0322506647369	-0.0253374215923	-0.0533078830343	-0.0431695118657	-0.0191205510488	0.0512315097902	0.0119246611104	-0.0794094583845	-0.00519778486134	-0.0152056563288	0.00759202836671	-0.0711064297356	0.00631063105776	0.133421152474	-0.00377097989302
k__Bacteria;p__Bacteroidetes;c__Bacteroidia;o__Bacteroidales;f__Bacteroidaceae;g__Bacteroides;s__Bacteroides_coprocola	-0.0273060807398	-0.0328082421353	-0.0163427428566	-0.00380114084551	0.00530702380674	-0.0277395975574	-0.00329442814162	0.0184374490879	-0.0303329496835	-0.091295812217	0.0654446865115	1.0	0.0534998917991	-0.0145632701486	0.0013529579145	0.0166200417379	-0.00783717241212	0.00936559948956	-0.0132831840331	-0.0317184807903	0.00203685832074	-0.00633173501069	-0.0324113683508	-0.114100616445	0.00353742902431	-0.042631366924	2.38019426057e-05	0.0049443776461	-0.00258131612576	-0.0314757641614	0.00375016907894	-0.018163493885	-0.00443848813221	-0.035022956695	0.0421827222207	-0.0352358284864	-0.0184053211218	0.0069381142348	-0.0190534751129	0.0140886723674	0.00447634233772	0.00435507397684	0.0482987659961	-0.0148618425394	0.0900007388509	0.0279162096232	-0.00299799326324	-0.048507670944	0.0130761203899	0.0197876970112	0.0463892990721	0.0297576225002	-0.0591764953151	0.00102048148109	-0.00246539089063	-0.0233910804486	-0.0353402353646	-0.00803790637159	-0.0400351439293
k__Bacteria;p__Bacteroidetes;c__Bacteroidia;o__Bacteroidales;f__Bacteroidaceae;g__Bacteroides;s__Bacteroides_cellulosilyticus	0.0120660083798	-0.00561090953205	-0.0584858031891	0.000382332846436	-0.0774087637143	-0.0387681320826	-0.0354001169776	-0.00116597608686	-0.0185437555076	-0.0429573990013	-0.0152640465717	0.0534998917991	1.0	-0.0418485022794	0.000494355202001	-0.0172292135505	0.00321667782373	-0.0687524506541	-0.0123642183346	-0.0106344152162	0.00382165083911	-0.00895481657047	-0.0257122924056	0.0096951427076	-0.0195542209427	0.066769723354	-0.00283565343777	0.00835111953208	-0.0424323799639	-0.0133776815282	-0.0265013419471	-0.0311471695136	0.0529673685735	0.0259783098348	-0.0274039346587	0.0242098580754	0.0299937726175	0.0375294176844	-0.0314915466966	-0.0417289210623	-0.00797755260782	-0.0227713458815	0.010227805863	-0.00374435173317	0.00224189450291	0.0159019065963	-0.0125886049324	0.016731141444	0.0195776121847	-0.0515265593986	0.0155050507964	-0.0374663863601	-0.00986771682844	-0.0267728360483	0.0459514824197	0.0229970566455	0.0188979351855	0.0155890891542	-0.0719981038837
k__Bacteria;p__Bacteroidetes;c__Bacteroidia;o__Bacteroidales;f__Rikenellaceae;g__Alistipes;s__Alistipes_obesi	-0.0218454059033	-0.012579132246	-0.00455984267097	0.027055184491	-0.0377908458022	-0.00998365245291	0.0560323693874	-0.00309207777477	0.0326794561672	-0.0141496387695	-0.00210571050093	-0.0145632701486	-0.0418485022794	1.0	-0.0385153875625	-0.024475946521	0.012171071516	0.0141810674087	-0.0462763680576	-0.00212837725414	0.00178750933645	0.000786304628517	0.0383912123085	0.0243008928611	0.00207698975146	-0.0142305188996	0.0169057150719	-0.031612166943	-0.0332465651906	-0.0241931392587	-0.0539816264087	-0.00577566799094	-0.00264088616611	-0.00122989278194	-0.0584301199503	0.0186198763124	-0.00994887866623	-0.0286694647702	0.0334311134157	-0.0217617121808	-0.0328449133764	-0.0152724028245	0.00777824579891	0.0247661543503	0.0182257619552	0.0349915364144	0.0414895515031	-0.0568127187168	-0.0180383050421	-0.0721479067939	0.0140191039677	-0.0273358157368	-0.00570533137424	-0.0184899473358	0.029324784911	-0.0575604743157	0.0584853776954	0.028128786101	-0.0582636022399
k__Bacteria;p__Firmicutes;c__Clostridia;o__Clostridiales;f__Lachnospiraceae;g__;s__[Eubacterium]_rectale	0.017697339341	-0.0488688578003	0.0158239889838	-0.0114227506819	-0.0585261485361	-0.046698294963	-0.0203480521811	0.00787101985995	0.00383835089747	-0.00252670991511	0.0523256193781	0.0013529579145	0.000494355202001	-0.0385153875625	1.0	-0.0167309765644	-0.0082312126381	0.0763747764931	0.00646597150271	-0.0389777648841	-0.00448611353589	0.0359379238297	-0.0506556065894	0.0108620850602	-0.0439337511779	0.0233419676053	-0.0302951926225	-0.0581864333711	-0.00559203390542	0.00747659394355	-0.00687331723425	-0.0218462370326	0.0350813399541	0.0218570695989	0.0340009040265	-0.0116101999563	0.0299539834637	-0.00356088734318	0.0060410646854	-0.0123170091144	0.00108221010772	0.038188375959	-0.0175074220933	-0.00365750407199	-0.0279171862641	-0.0696053939736	-0.0307294023841	-0.0285746458075	0.010269525264	-0.0233142821343	-0.0188072211759	0.00680946897287	0.0414941270953	0.0599792911666	-0.0867687478227	0.0310698362943	-0.0141984925894	0.00945468834464	0.00812728336375
k__Bacteria;p__Bacteroidetes;c__Bacteroidia;o__Bacteroidales;f__Bacteroidaceae;g__Bacteroides;s__Bacteroides_plebeius	0.00655009745016	0.0101827589392	-0.021245743134	-0.0417003051119	-0.0235887946302	-0.0464391890873	-0.00886053240875	0.0787033772437	-0.0535903056285	-0.0298137444783	0.0703986336033	0.0166200417379	-0.0172292135505	-0.024475946521	-0.0167309765644	1.0	0.0163573056576	0.0437429542972	-0.039383079904	0.0125423668415	-0.0325864828468	0.0571331096072	0.0421848170538	-0.0474505683306	-0.0220155965608	-0.00103399856183	-0.044557740462	0.0158802495034	-0.0244076901247	-0.0338327779185	-0.0790739485055	0.00762875932516	-0.0531920685467	-0.0472170284904	-0.0245233740854	0.0373412276247	-0.0189146773609	-0.00426317323403	-0.0133591751545	-0.00509560525432	0.0524600394011	0.00147822936446	0.0175079521158	-5.24965495272e-05	-0.0131353766907	0.0267965914574	-0.0175275973407	-0.0189722102375	0.00245852906094	-0.0543505484233	-0.0197806047445	0.00645320341808	0.0146292718179	-0.0752850839099	-0.0511307436987	0.0148992065936	0.00101894659608	-0.00901038789644	-0.0116493105944
k__Bacteria;p__Bacteroidetes;c__Bacteroidia;o__Bacteroidales;f__Bacteroidaceae;g__Bacteroides;s__Bacteroides_fragilis	-0.0427004741752	-0.0514555979102	-0.0378324862551	-0.0617659633141	-0.00722109996472	0.0251963764529	-0.0435075118159	-0.0281509377149	0.0700054247195	0.0208135359696	0.00755126281815	-0.00783717241212	0.00321667782373	0.012171071516	-0.0082312126381	0.0163573056576	1.0	0.000701715288109	-0.00814717829992	-0.0244343132899	-0.0205842965643	0.0447162244625	-0.00027490517218	0.00313837646212	-0.0298063706761	-0.0242980157309	0.0501504507056	-0.0625572728608	-0.0516106608514	-0.0243975448594	0.0562398922982	-0.0372734362748	-0.00490342193599	0.0211311929181	-0.0348257706396	0.0326168585706	-0.0132932054637	-0.0102366412843	0.00247430267607	-0.0252598214814	-0.0257597038797	-0.0110801700038	-0.00814962200862	0.020537824651	-0.0378644328781	0.0309342987329	0.0164244692319	-0.017836365632	-0.017921714636	0.0165010487916	-0.0356553346797	0.0359235596643	0.000701930592506	0.0358455348238	-0.0726272906038	0.0447588714589	0.00931054712906	-0.0706170063617	0.0150642505885
k__Bacteria;p__Proteobacteria;c__Betaproteobacteria;o__Burkholderiales;f__Sutterellaceae;g__Sutterella;s__Sutterella_wadsworthensis	-0.0418204293166	0.02304918447	-0.0301129308187	-0.0352392798347	0.0225598285495	-0.0426747466343	0.0150655248139	0.00597232078559	0.0606534946001	-0.0230600037296	0.0289089181907	0.00936559948956	-0.0687524506541	0.0141810674087	0.0763747764931	0.0437429542972	0.000701715288109	1.0	0.0495172494507	-0.034156028229	-0.0192473063011	-0.0390780209032	-0.00700530720186	-0.00876440016683	0.00516388120967	-0.0378033842074	-0.0468749841662	0.0419530312439	0.00793235499079	-0.0232319278272	-0.00139365129108	-0.0104443721945	-0.00807191982628	-0.0159266166346	0.00949261124615	-0.0254075985884	0.046033104013	-0.0512176254391	-0.00640463378801	0.0446285409127	0.0299036720891	-0.0678906206909	-0.00460708089638	-0.0745873899234	-0.0203444715912	-0.038110763936	-0.00732899564623	0.0170987386072	-0.0407071120689	-0.0376532274294	-0.0385835923746	-0.0273741029375	0.00915844076625	-0.00396344513655	-0.00259456177911	-0.00116723577403	0.000739569211733	-0.0540422764815	0.0191194891933
k__Bacteria;p__Bacteroidetes;c__Bacteroidia;o__Bacteroidales;f__Porphyromonadaceae;g__Barnesiella;s__Barnesiella_intestinihominis	-0.010630053528	0.0205561275659	-0.0327045867058	-0.0595813356373	0.0179302056084	0.0326941320952	-0.0297126395165	-0.0158802261689	-0.0268702394786	0.000866740679172	0.0263544204748	-0.0132831840331	-0.0123642183346	-0.0462763680576	0.00646597150271	-0.039383079904	-0.00814717829992	0.0495172494507	1.0	0.00829922799998	-0.0152998130202	-0.012009314323	0.00331799362024	-0.020232747134	-0.00015457329906	0.0124181395442	-0.0543270321275	-0.0561312793991	-0.00221108933346	0.0362807649644	0.0420696477545	0.0181529427154	-0.00698467129213	-0.00552213824233	-0.0308939354039	-0.0347776189159	-0.0136572929261	0.00293131100999	-0.0571514859188	0.0224025690585	0.00698147348682	-0.0101101998945	0.000969776634179	-0.0442980804932	-0.00661503333759	0.000929748465151	-0.0303517967804	0.0127539574972	-0.00913910137107	0.00407220088049	0.000413664874324	0.00203130626978	0.0173810255502	0.00607482206653	-0.0299311319314	-0.0538919418113	-0.0372783245794	-0.0949282278372	0.0607026760981
k__Bacteria;p__Bacteroidetes;c__Bacteroidia;o__Bacteroidales;f__Odoribacteraceae;g__Odoribacter;s__Odoribacter_splanchnicus	0.0577642492327	-0.029119570273	-0.0478714098833	-0.00594015128031	0.00432785789532	-0.0624175759473	0.00789078983659	-0.0216082825922	-0.000131934852216	-0.0519840899091	0.00631706324212	-0.0317184807903	-0.0106344152162	-0.00212837725414	-0.0389777648841	0.0125423668415	-0.0244343132899	-0.034156028229	0.00829922799998	1.0	-0.0559855623841	-0.0494827888007	-0.00496934066777	0.0374076006262	-0.0177954948204	-0.0485372794462	0.03028478144	-0.0207191997958	-0.0418138464983	-0.0248152755849	-0.00111147568658	-0.0468523629308	-0.0113102490531	0.0393575011515	-0.027773601466	0.0205041879673	0.0333259808269	-0.000220049885385	0.0321557992066	0.0549233484541	0.00284413803234	0.0124615933011	-0.000985769647255	-0.0174517905145	0.0419189592583	-0.0167296036136	-0.0360547736671	0.00154030885375	0.00622201969165	0.010476262128	0.0911374528027	-0.00278195329492	0.0215042145124	0.0265776486438	0.066486470942	0.0297819420424	0.027764139248	-0.0239995547475	0.0416566971805
k__Bacteria;p__Bacteroidetes;c__Bacteroidia;o__Bacteroidales;f__Bacteroidaceae;g__Bacteroides;s__Bacteroides_salyersiae	0.0352265867138	0.0300179790744	0.0289501080529	-0.00817046341432	-0.0443313938596	-0.0177794797418	0.00626313834454	0.0420211817016	-0.0223938064933	-0.0222757197401	-0.00421395576479	0.00203685832074	0.00382165083911	0.00178750933645	-0.00448611353589	-0.0325864828468	-0.0205842965643	-0.0192473063011	-0.0152998130202	-0.0559855623841	1.0	-0.0122576067504	0.0252710124625	-0.0376745678478	0.0353107114058	-0.0292742002491	0.0265414013847	-0.0191518092739	-0.0799398312986	-0.0747358653749	-0.0590177008486	0.0139181938807	-0.037946247753	0.0155815535374	0.019930431678	0.0187406891229	-0.0394359162086	0.00408239170987	0.0360888427443	0.00226193359919	-0.0289789826993	0.0159042737482	-0.0215603456117	-0.00387315530205	-0.0134179711553	0.0211778244258	0.0148780900753	0.0255471158957	0.0187500335044	-0.0421485956353	0.0467380342986	0.0432475924346	-0.039804403428	-0.0005533610085	0.0405636881065	-0.00232155528524	-0.034027683097	-0.0318970493325	0.0482418781506
k__Bacteria;p__Firmicutes;c__Clostridia;o__Clostridiales;f__Ruminococcaceae;g__Ruminiclostridium;s__[Eubacterium]_siraeum	0.0544066078443	0.00185733529701	-0.0132167041406	0.000760720105524	-0.0146792311234	0.0211249231297	0.0151005191437	-0.034504768751	-0.0335544701112	0.0256395004068	-0.00810857790879	-0.00633173501069	-0.00895481657047	0.000786304628517	0.0359379238297	0.0571331096072	0.0447162244625	-0.0390780209032	-0.012009314323	-0.0494827888007	-0.0122576067504	1.0	0.0121708828442	0.00536596441669	-0.0532994511117	-0.0638640740116	0.0111443672927	0.00935320780083	-0.0168501700975	-0.0984146319859	0.0207692152665	0.000398956102642	-0.0296920245	-0.0186485404257	-0.0294877100116	-0.0536195174879	-0.0236390358798	0.0225037169631	-0.0248119001254	-0.0430483850517	-0.0401044364506	0.00835118099475	-0.0454852676581	-0.000729629332101	-0.00647739380923	-0.00305734402495	0.0497132737574	-0.0221503417299	-0.0469585103663	0.0100051779139	-0.0133576315046	0.0479212953727	-0.0244640943032	-0.0154578451737	-0.0357191883457	-0.00514228734692	0.0476896519542	-0.0436582220674	0.0661912695706
k__Bacteria;p__Proteobacteria;c__Betaproteobacteria;o__Burkholderiales;f__Sutterellaceae;g__Parasutterella;s__Parasutterella_excrementihominis	0.0100264701522	0.027956568308	-0.0262311785152	0.0285818771557	0.012181477121	0.0199540275383	-0.0318584759146	-0.0148919271608	-0.00421445026285	0.0283013256892	0.0314959889022	-0.0324113683508	-0.0257122924056	0.0383912123085	-0.0506556065894	0.0421848170538	-0.00027490517218	-0.00700530720186	0.00331799362024	-0.00496934066777	0.0252710124625	0.0121708828442	1.0	-0.010767188408	-0.0079080602167	-0.0562899847509	-0.0283935347672	0.0157313637357	0.0159291824843	-0.0245337608538	-0.0365110196949	-0.0108490117255	0.0396704244401	0.0218130086424	0.0307286790193	-0.0147271073722	0.0503623015595	-0.00186329047385	-0.049512484441	-0.0362529291041	0.0137433606122	0.0362879751541	0.0249793482363	0.0122460595741	-0.0262268307557	-0.0312805576745	-0.0247588825517	-0.0556402381319	0.0439368547086	-0.0285408983142	-0.0100144798845	-0.0658267740478	-0.0110356081445	-0.0239707864721	-0.0700805098916	0.00949964402022	0.0267676320875	-0.0116635565956	0.0007213355439
k__Bacteria;p__Actinobacteria;c__Actinobacteria;o__Bifidobacteriales;f__Bifidobacteriaceae;g__Bifidobacterium;s__Bifidobacterium_adolescentis	-0.0345179385494	0.00299559757956	0.0581118679586	-0.0187045177252	-0.0148932905282	-0.0184033489064	0.0426588200896	-0.0290860394414	0.090334756848	-0.0119436522307	0.00900369824989	-0.114100616445	0.0096951427076	0.0243008928611	0.0108620850602	-0.0474505683306	0.00313837646212	-0.00876440016683	-0.020232747134	0.0374076006262	-0.0376745678478	0.00536596441669	-0.010767188408	1.0	0.0420130789908	0.0128874406836	0.019287804659	0.00566110760522	-0.00618881792226	0.0287354257934	-0.0199483605381	0.0821596007599	-0.038651350064	-0.00886516525581	0.0476301136777	-0.0216739845306	-0.0143530999129	0.00986076796733	0.0176381551397	-0.00243470653061	-0.00318592903924	-0.0581356003144	-0.00993335627429	0.00430679730632	-0.0497180999942	0.00207163351828	-0.0038398166622	-0.0409054567453	-0.024773097499	0.0421392501355	0.00830254166762	0.0340714414353	0.00685698598411	-0.0147741137542	-0.0357531868992	-0.0309539539466	-0.071108080938	-0.0166090182769	-0.0186543727726
k__Bacteria;p__Firmicutes;c__Clostridia;o__Clostridiales;f__Oscillospiraceae;g__Oscillibacter;s__Oscillibacter_sp._KLE_1745	-0.0112330865562	-0.0318838225944	0.00286847209385	0.0385937086427	0.0572890103234	-0.00731660012561	0.0101230875763	0.0256378795237	0.00795137188828	-0.00960359222441	-0.00309232244326	0.00353742902431	-0.0195542209427	0.00207698975146	-0.0439337511779	-0.0220155965608	-0.0298063706761	0.00516388120967	-0.00015457329906	-0.0177954948204	0.0353107114058	-0.0532994511117	-0.0079080602167	0.0420130789908	1.0	-0.0409073446117	-0.0485984437227	-0.0235218664173	0.0132635003291	0.068422683028	-0.0106786020477	0.00205798160972	0.0335284574755	-0.00128427126624	-0.0286875994938	-0.0813978164194	0.0293565079967	-0.012578436147	-0.0302585439378	-0.0450615305018	0.0549120716438	0.0222683017225	-0.0116359083439	0.0125555619098	-0.0323843673595	-0.0213738736098	-0.0504952553451	-0.040241441111	-0.0351747377467	-0.0373518325245	-0.0264584022542	-0.046183198768	-0.0872909104514	-0.00346271918985	-0.0122683855877	0.0033211383491	-0.017122745565	0.0370899047494	0.0269798347973
k__Bacteria;p__Bacteroidetes;c__Bacteroidia;o__Bacteroidales;f__Bacteroidaceae;g__Bacteroides;s__Bacteroides_coprophilus	-0.0261576861933	-0.0232896153602	0.0428350838554	-0.0229265023742	0.0651017195479	-0.0142656136126	0.019654416596	-0.00392714312132	-0.0386337799965	0.0359559094775	-0.0144034742437	-0.042631366924	0.066769723354	-0.0142305188996	0.0233419676053	-0.00103399856183	-0.0242980157309	-0.0378033842074	0.0124181395442	-0.0485372794462	-0.0292742002491	-0.0638640740116	-0.0562899847509	0.0128874406836	-0.0409073446117	1.0	0.0285098914546	-0.0220657422513	-0.0034400097711	0.03513546358	0.0534331410482	-0.019819813069	-0.0233260769657	-0.0562162583241	0.049809643284	0.000415445789317	0.0223324330365	-0.0337019928052	-0.0540970642003	-0.029179827508	-0.014690138648	-0.0320892473074	-0.0267650453403	0.00296893987244	-0.00724494567586	0.0548172062025	0.00685417380221	0.0566105992909	0.0219316535143	-0.0327585854039	0.00024271383432	-0.0160141020282	0.00771629888331	0.0102181623937	0.0756155109617	-0.000599663170041	-0.0135270552328	0.0103905818305	-0.0116734035797
k__Bacteria;p__Firmicutes;c__Clostridia;o__Clostridiales;f__Lachnospiraceae;g__Roseburia;s__Roseburia_intestinalis	-0.00186981542527	-0.00685390803452	-0.0104826545778	-0.00560042589796	-0.0305509040352	0.0200239935903	-0.0219261990434	0.00886698282808	-0.0216637645662	0.0283731953892	0.019750667815	2.38019426056e-05	-0.00283565343777	0.0169057150719	-0.0302951926225	-0.044557740462	0.0501504507056	-0.0468749841662	-0.0543270321275	0.03028478144	0.0265414013847	0.0111443672927	-0.0283935347672	0.019287804659	-0.0485984437227	0.0285098914546	1.0	-0.0243318373794	-0.0549520736178	-0.0401262668736	0.015503699824	0.00795576261369	-0.016394582638	-0.0334612128229	0.0182269860636	-0.0411147151676	0.00317542698909	-0.00750821722999	-0.032658377005	-0.0204927265056	0.0798663112637	0.0269102466058	0.00260986308529	-0.0278076810074	-0.0880819553724	0.0148975508938	-0.0466058126201	-0.0178834330731	-0.0150647150655	-0.0443313092096	0.014752743802	-0.000307453057391	-0.0247551575642	0.00510661024516	-0.00181483798466	0.0131463806197	0.0196261099827	0.00511138872735	-0.0472175834081
k__Bacteria;p__Firmicutes;c__Clostridia;o__Clostridiales;f__Lachnospiraceae;g__Roseburia;s__Roseburia_hominis	-0.0110665981276	-0.0427424263213	-0.0367622959634	-0.00940599137381	-0.00899846669251	0.0711457699197	0.044418994142	0.0224542866332	-0.00910038925822	-0.0982630047537	0.0455216978428	0.0049443776461	0.00835111953208	-0.031612166943	-0.0581864333711	0.0158802495034	-0.0625572728608	0.0419530312439	-0.0561312793991	-0.0207191997958	-0.0191518092739	0.00935320780083	0.0157313637357	0.00566110760522	-0.0235218664173	-0.0220657422513	-0.0243318373794	1.0	0.0311191394365	0.0547884544843	0.0614065246073	0.00338737528274	-0.0371491331818	-0.0545288340628	-0.0196933714692	0.0107975524314	0.024217443024	0.00713330922076	0.045989813619	-0.0254938974993	-0.0159990728878	0.0109210991335	0.0307347171563	-0.0193831608116	-0.0428550946262	-0.0435865691767	0.0202658400059	-0.0262996070687	-0.00721495128482	0.0833174683304	-0.022954247113	0.0686274734748	0.0276532410431	0.018367570336	0.0347227548708	-0.0970548993675	-0.0295999440055	0.0031742058377	-0.000717736450288
k__Bacteria;p__Bacteroidetes;c__Bacteroidia;o__Bacteroidales;f__Porphyromonadaceae;g__Parabacteroides;s__Parabacteroides_johnsonii	-0.00240740624608	-0.0128587916015	0.00997813442827	-0.0492139813016	-0.0447403211228	0.0392218320424	-0.0275933359767	-0.014681084582	-0.0714872239883	-0.0553184452362	0.023544864774	-0.00258131612576	-0.0424323799639	-0.0332465651906	-0.00559203390542	-0.0244076901247	-0.0516106608514	0.00793235499079	-0.00221108933346	-0.0418138464983	-0.0799398312986	-0.0168501700975	0.0159291824843	-0.00618881792226	0.0132635003291	-0.0034400097711	-0.0549520736178	0.0311191394365	1.0	-0.00633192345293	0.0556281572479	0.00642868140037	0.0311430740613	-0.0186932551725	-0.0554918075159	-0.00662375706847	-0.00125193547335	-0.0241233409865	0.0696403135045	-0.0358529084233	0.018803262836	0.00529396848373	-0.00916280052298	0.052846164377	0.00834536991437	-0.0144093822758	-0.00614879817644	-0.0294567272589	0.0247391517084	-0.0333872045038	-0.00454355530032	0.00488648882348	0.00397800356162	0.0252057758854	0.0466287881779	-0.0523777342684	0.0125186009396	0.0424424222551	-1.05045040397e-05
