#taxonomy	k__Bacteria;p__Bacteroidetes;c__Bacteroidia;o__Bacteroidales;f__Bacteroidaceae;g__Bacteroides;s__Bacteroides_vulgatus	k__Bacteria;p__Bacteroidetes;c__Bacteroidia;o__Bacteroidales;f__Bacteroidaceae;g__Bacteroides;s__Bacteroides_uniformis	k__Bacteria;p__Bacteroidetes;c__Bacteroidia;o__Bacteroidales;f__Rikenellaceae;g__Alistipes;s__Alistipes_putredinis	k__Bacteria;p__Bacteroidetes;c__Bacteroidia;o__Bacteroidales;f__Prevotellaceae;g__Prevotella;s__Prevotella_copri	k__Bacteria;p__Bacteroidetes;c__Bacteroidia;o__Bacteroidales;f__Bacteroidaceae;g__Bacteroides;s__Bacteroides_stercoris	k__Bacteria;p__Bacteroidetes;c__Bacteroidia;o__Bacteroidales;f__Bacteroidaceae;g__Bacteroides;s__Bacteroides_ovatus	k__Bacteria;p__Bacteroidetes;c__Bacteroidia;o__Bacteroidales;f__Rikenellaceae;g__Alistipes;s__Alistipes_shahii	k__Bacteria;p__Firmicutes;c__Clostridia;o__Clostridiales;f__Ruminococcaceae;g__Faecalibacterium;s__Faecalibacterium_prausnitzii	k__Bacteria;p__Bacteroidetes;c__Bacteroidia;o__Bacteroidales;f__Rikenellaceae;g__Alistipes;s__Alistipes_finegoldii	k__Bacteria;p__Bacteroidetes;c__Bacteroidia;o__Bacteroidales;f__Porphyromonadaceae;g__Parabacteroides;s__Parabacteroides_distasonis	k__Bacteria;p__Bacteroidetes;c__Bacteroidia;o__Bacteroidales;f__Bacteroidaceae;g__Bacteroides;s__Bacteroides_thetaiotaomicron	k__Bacteria;p__Bacteroidetes;c__Bacteroidia;o__Bacteroidales;f__Bacteroidaceae;g__Bacteroides;s__Bacteroides_coprocola	k__Bacteria;p__Bacteroidetes;c__Bacteroidia;o__Bacteroidales;f__Bacteroidaceae;g__Bacteroides;s__Bacteroides_cellulosilyticus	k__Bacteria;p__Bacteroidetes;c__Bacteroidia;o__Bacteroidales;f__Rikenellaceae;g__Alistipes;s__Alistipes_obesi	k__Bacteria;p__Firmicutes;c__Clostridia;o__Clostridiales;f__Lachnospiraceae;g__;s__[Eubacterium]_rectale	k__Bacteria;p__Bacteroidetes;c__Bacteroidia;o__Bacteroidales;f__Bacteroidaceae;g__Bacteroides;s__Bacteroides_plebeius	k__Bacteria;p__Bacteroidetes;c__Bacteroidia;o__Bacteroidales;f__Bacteroidaceae;g__Bacteroides;s__Bacteroides_fragilis	k__Bacteria;p__Proteobacteria;c__Betaproteobacteria;o__Burkholderiales;f__Sutterellaceae;g__Sutterella;s__Sutterella_wadsworthensis	k__Bacteria;p__Bacteroidetes;c__Bacteroidia;o__Bacteroidales;f__Porphyromonadaceae;g__Barnesiella;s__Barnesiella_intestinihominis	k__Bacteria;p__Bacteroidetes;c__Bacteroidia;o__Bacteroidales;f__Odoribacteraceae;g__Odoribacter;s__Odoribacter_splanchnicus	k__Bacteria;p__Bacteroidetes;c__Bacteroidia;o__Bacteroidales;f__Bacteroidaceae;g__Bacteroides;s__Bacteroides_salyersiae	k__Bacteria;p__Firmicutes;c__Clostridia;o__Clostridiales;f__Ruminococcaceae;g__Ruminiclostridium;s__[Eubacterium]_siraeum	k__Bacteria;p__Proteobacteria;c__Betaproteobacteria;o__Burkholderiales;f__Sutterellaceae;g__Parasutterella;s__Parasutterella_excrementihominis	k__Bacteria;p__Actinobacteria;c__Actinobacteria;o__Bifidobacteriales;f__Bifidobacteriaceae;g__Bifidobacterium;s__Bifidobacterium_adolescentis	k__Bacteria;p__Firmicutes;c__Clostridia;o__Clostridiales;f__Oscillospiraceae;g__Oscillibacter;s__Oscillibacter_sp._KLE_1745	k__Bacteria;p__Bacteroidetes;c__Bacteroidia;o__Bacteroidales;f__Bacteroidaceae;g__Bacteroides;s__Bacteroides_coprophilus	k__Bacteria;p__Firmicutes;c__Clostridia;o__Clostridiales;f__Lachnospiraceae;g__Roseburia;s__Roseburia_intestinalis	k__Bacteria;p__Firmicutes;c__Clostridia;o__Clostridiales;f__Lachnospiraceae;g__Roseburia;s__Roseburia_hominis	k__Bacteria;p__Bacteroidetes;c__Bacteroidia;o__Bacteroidales;f__Porphyromonadaceae;g__Parabacteroides;s__Parabacteroides_johnsonii	k__Bacteria;p__Actinobacteria;c__Actinobacteria;o__Bifidobacteriales;f__Bifidobacteriaceae;g__Bifidobacterium;s__Bifidobacterium_longum	k__Bacteria;p__Firmicutes;c__Clostridia;o__Clostridiales;f__;g__Flavonifractor;s__Flavonifractor_plautii	k__Bacteria;p__Firmicutes;c__Clostridia;o__Clostridiales;f__Clostridiaceae;g__Clostridium;s__Clostridium_phoceensis	k__Bacteria;p__Verrucomicrobia;c__Verrucomicrobiae;o__Verrucomicrobiales;f__Akkermansiaceae;g__Akkermansia;s__Akkermansia_muciniphila	k__Bacteria;p__Bacteroidetes;c__Bacteroidia;o__Bacteroidales;f__Prevotellaceae;g__Paraprevotella;s__Paraprevotella_xylaniphila	k__Bacteria;p__Firmicutes;c__Clostridia;o__Clostridiales;f__Ruminococcaceae;g__Ruminococcus;s__Ruminococcus_callidus	k__Bacteria;p__Bacteroidetes;c__Bacteroidia;o__Bacteroidales;f__Rikenellaceae;g__Alistipes;s__Alistipes_senegalensis	k__Bacteria;p__Firmicutes;c__Clostridia;o__Clostridiales;f__Lachnospiraceae;g__Blautia;s__Blautia_sp._KLE_1732	k__Bacteria;p__Bacteroidetes;c__Bacteroidia;o__Bacteroidales;f__Bacteroidaceae;g__Bacteroides;s__Bacteroides_oleiciplenus	k__Bacteria;p__Firmicutes;c__Clostridia;o__Clostridiales;f__Ruminococcaceae;g__Ruminococcus;s__Ruminococcus_bicirculans	k__Bacteria;p__Bacteroidetes;c__Bacteroidia;o__Bacteroidales;f__Bacteroidaceae;g__Bacteroides;s__Bacteroides_fluxus	k__Bacteria;p__Bacteroidetes;c__Bacteroidia;o__Bacteroidales;f__Prevotellaceae;g__Prevotella;s__Prevotella_stercorea	k__Bacteria;p__Firmicutes;c__Clostridia;o__Clostridiales;f__Lachnospiraceae;g__Dorea;s__Dorea_longicatena	k__Bacteria;p__Firmicutes;c__Clostridia;o__Clostridiales;f__Eubacteriaceae;g__Eubacterium;s__[Eubacterium]_eligens	k__Bacteria;p__Firmicutes;c__Clostridia;o__Clostridiales;f__Ruminococcaceae;g__;s__Ruminococcaceae_bacterium_D16	k__Bacteria;p__Firmicutes;c__Clostridia;o__Clostridiales;f__Lachnospiraceae;g__Coprococcus;s__Coprococcus_comes	k__Bacteria;p__Proteobacteria;c__Gammaproteobacteria;o__Enterobacterales;f__Enterobacteriaceae;g__Escherichia;s__Escherichia_coli	k__Bacteria;p__Firmicutes;c__Clostridia;o__Clostridiales;f__Ruminococcaceae;g__Anaerotruncus;s__Anaerotruncus_colihominis	k__Bacteria;p__Firmicutes;c__Clostridia;o__Clostridiales;f__Lachnospiraceae;g__Blautia;s__Blautia_obeum	k__Bacteria;p__Bacteroidetes;c__Bacteroidia;o__Bacteroidales;f__Odoribacteraceae;g__Odoribacter;s__Odoribacter_laneus	k__Bacteria;p__Firmicutes;c__Clostridia;o__Clostridiales;f__Ruminococcaceae;g__Ruminiclostridium;s__[Clostridium]_leptum	k__Bacteria;p__Bacteroidetes;c__Bacteroidia;o__Bacteroidales;f__Porphyromonadaceae;g__Parabacteroides;s__Parabacteroides_goldsteinii	k__Bacteria;p__Firmicutes;c__Clostridia;o__Clostridiales;f__Lachnospiraceae;g__Anaerostipes;s__Anaerostipes_hadrus	k__Bacteria;p__Firmicutes;c__Clostridia;o__Clostridiales;f__Ruminococcaceae;g__Ruminococcus;s__Ruminococcus_lactaris	k__Bacteria;p__Firmicutes;c__Clostridia;o__Clostridiales;f__Clostridiaceae;g__Clostridium;s__Clostridium_sp._L2-50	k__Bacteria;p__Firmicutes;c__Clostridia;o__Clostridiales;f__Clostridiaceae;g__Clostridium;s__Clostridium_sp._M62/1	k__Bacteria;p__Firmicutes;c__Clostridia;o__Clostridiales;f__;g__Intestinimonas;s__Intestinimonas_butyriciproducens	k__Bacteria;p__Actinobacteria;c__Actinobacteria;o__Bifidobacteriales;f__Bifidobacteriaceae;g__Bifidobacterium;s__Bifidobacterium_bifidum	k__Bacteria;p__Firmicutes;c__Negativicutes;o__Veillonellales;f__Veillonellaceae;g__Dialister;s__Dialister_invisus	k__Bacteria;p__Bacteroidetes;c__Bacteroidia;o__Bacteroidales;f__Bacteroidaceae;g__Bacteroides;s__Bacteroides_salanitronis
k__Bacteria;p__Bacteroidetes;c__Bacteroidia;o__Bacteroidales;f__Bacteroidaceae;g__Bacteroides;s__Bacteroides_vulgatus	1.0	0.0569059464889	-0.00107032629138	-0.0274824958746	-0.01101313405	0.00213022073741	-0.0704184277258	-0.0039789314179	-0.0402159756543	-0.0222493500709	0.0155507326263	-0.00112221092264	-0.0320508322868	-0.0311975749708	-0.00972647300484	0.0737807345041	0.0374750904193	-0.00559083478694	-0.0772905075531	-0.0396499145616	0.0105432007676	-0.0438755893195	-0.076494927329	-0.0454134572584	0.0470444817833	0.0162190698362	0.0574134295454	-0.102710454992	-0.0338256552524	0.0160825059548	0.000455897534362	0.0235887756175	0.0567780735045	-0.0397757460347	0.0178486784539	-0.0495025341236	-0.0633769095244	0.042800846423	-0.057242380742	-0.0246024624335	-0.0547029384485	0.00194826803631	0.0645441214743	-0.047213323339	-0.087569294209	0.0190220475763	-0.0131111543816	0.0173372546533	-0.01861101995	0.045683773528	-0.0662095540662	0.0160784057887	-0.00578536424328	-0.0278793276864	-0.0165725995749	0.0391890230333	-0.046660657309	0.0195981521294	0.0454497472617
k__Bacteria;p__Bacteroidetes;c__Bacteroidia;o__Bacteroidales;f__Bacteroidaceae;g__Bacteroides;s__Bacteroides_uniformis	0.0569059464889	1.0	0.0591549602318	0.00754934237379	0.0437027173796	0.00575376335493	-0.0849228151553	0.0194959877817	0.0386823514192	0.0115024708549	0.0208705421654	-0.0264568372136	-0.00999917324811	0.0405929016621	-0.0601507573065	0.0198291682038	-0.0301064415324	-0.00557708250885	-0.0339997821479	-0.0346216162614	0.0332536962155	0.00901212917265	-0.0551764418666	-0.0742200532158	-0.03840827317	-0.0306871321805	0.0100843952034	-0.0993257282282	0.0136729917483	-0.0359698068251	-0.0199191174574	-0.0512187670592	0.0046060312451	-0.0488640698842	0.00386696177263	0.00072229448011	-0.0529952439645	-0.0385900679832	-0.0202732521934	0.036371027693	-0.0542389807257	0.0702433935492	-0.0652225085812	-0.0516097711446	-0.063420642991	-0.0393745239306	-0.0389418915755	-0.026025252132	-0.0560315268442	-0.0570143171077	0.0291231221912	-0.00383074494408	-0.0232346088127	-0.0627099202946	-0.0923002290995	-0.0250817110961	-0.00269855105006	-0.0228656863022	-0.0388279029051
k__Bacteria;p__Bacteroidetes;c__Bacteroidia;o__Bacteroidales;f__Rikenellaceae;g__Alistipes;s__Alistipes_putredinis	-0.00107032629138	0.0591549602318	1.0	-0.0568751840307	0.0499598363079	-0.0422975316118	0.050495042006	0.0331386078166	-0.0134999927572	0.00343394812845	0.0166886759359	-0.00922994971441	-0.00709628149236	-0.0274453808746	0.0318938487762	-0.0398655470511	-0.023807140319	-0.0574018725676	-0.027878993743	0.0397772086454	-0.023700679568	-0.115665332658	0.0370030140212	-0.0804307598186	-0.00420167031555	0.0219117666372	-0.0582650974169	0.0443776739618	-0.0129867083161	0.0305247369714	-0.0377744299	-0.104663386781	-0.0129641852892	0.00257641434841	0.00866572205802	0.00254125259075	0.00699796322363	-0.00121571668515	-0.0822539880467	-0.00632744137872	0.00632980707046	0.0406963330176	0.00103290675316	-0.0134275700102	-0.0406554949758	0.0526802446224	-0.0117094085621	-0.022594578478	0.0979251593469	0.0241462343789	-0.0225610921728	-0.0364745468144	-0.0597562144111	0.0726932646167	0.0328487024046	-0.049144413705	0.0388883063933	0.0774684921186	-0.0462975422707
k__Bacteria;p__Bacteroidetes;c__Bacteroidia;o__Bacteroidales;f__Prevotellaceae;g__Prevotella;s__Prevotella_copri	-0.0274824958746	0.00754934237379	-0.0568751840307	1.0	0.0118372049493	0.0483549257118	0.0370938315782	-0.0812137514828	-0.0288863897488	-0.0410402246903	-0.0590533456991	-0.0809215847378	0.0198864734389	0.0295909319261	-0.0704904464509	0.0209650808308	-0.00641536320688	-0.0119203260962	-0.0732594674598	0.00345119681065	0.0962139620113	0.0150310913165	0.0235053300533	0.00621558557645	0.00132414393125	0.00369686050963	-0.0617254998607	-0.0346978573431	-0.021933525033	-0.040801855528	0.0152425265113	-0.0106519054365	-0.0398288311424	-0.00780373629007	-0.0414724345576	0.0605248246791	-0.0200083325705	-0.0213171498322	0.00685005297931	0.0671242098066	-0.0320261829203	0.0228113830999	-0.0174570737703	-0.0498710739648	-0.0322448873923	0.0102307072407	0.0784803596753	-0.0222276586974	0.0462954463134	-0.0419838480964	0.00270769148998	-0.0150573061691	-0.0396343909229	-0.0522054705799	-0.0726292241772	-0.00230046710617	-0.0167533402666	-0.0571035067151	-0.0837845388956
k__Bacteria;p__Bacteroidetes;c__Bacteroidia;o__Bacteroidales;f__Bacteroidaceae;g__Bacteroides;s__Bacteroides_stercoris	-0.01101313405	0.0437027173796	0.0499598363079	0.0118372049493	1.0	-0.0232091135965	-0.135444492036	-0.0482729380403	-0.00568384146528	0.0666127654831	-0.0010033784287	-0.0325594987699	-0.0363088082671	-0.0158984407839	0.0254563857184	-0.00806608799663	-0.0215183637398	-0.0747703683063	0.00172547995644	0.0654824504638	-0.00406701625566	0.0647107669824	0.0469034258906	-0.0348959036217	-0.0241698717406	-0.0399698250665	-0.0322829273179	-0.0235134847016	0.0511861442624	-0.0165072006408	-0.00606937188802	-0.0218714081814	-0.0203335982587	-0.0711468431104	-0.0602604987005	0.041143370165	-0.0441950001813	-0.0216767480635	0.126074711338	-0.0204663118682	0.05373894872	-0.0562481566955	0.015360307601	0.00316224808466	-0.070925735067	-0.0934603434387	0.00299892222239	0.0122545113222	0.00435718366051	-0.0293077551848	0.00641804817931	-0.00672981373169	-0.0380061954637	0.0119762596327	0.0274326948113	0.0792949817061	0.0466603720792	-0.0483128938611	-0.0834287417784
k__Bacteria;p__Bacteroidetes;c__Bacteroidia;o__Bacteroidales;f__Bacteroidaceae;g__Bacteroides;s__Bacteroides_ovatus	0.00213022073741	0.00575376335493	-0.0422975316118	0.0483549257118	-0.0232091135965	1.0	0.0304792366602	0.00336729988311	0.0065352008598	-0.0334643819368	-0.0310195578704	-0.0592905605166	-0.0634811039139	-0.0885423980905	0.0519556482812	0.0380185454882	0.0188250320067	0.00882929887895	-0.0623692055534	-0.0731147343942	0.0273497088828	-0.0884341871445	0.0748730348452	-0.00769611207896	-0.051294755061	-0.0898153859871	-0.0599953353296	-0.0384173391944	-0.0396703369058	-0.0309617009326	0.0634431419501	0.0145499644842	0.00450288206023	0.0292406995289	-0.015293123204	0.00194724259607	0.0196134527054	-0.0618166694205	0.0804787215759	0.0290044495482	-0.0385281025198	-0.0254981437478	-0.00179575512863	0.0316366238261	-0.00964601643634	0.0386550202464	-0.0660634392332	-0.0111503320152	-0.0952318768589	-0.0397336273678	-0.0216787637154	-0.0144572000158	-0.0509881735791	-0.0241591285966	-0.0447478660501	-0.01099176639	0.0221617052518	-0.0123628737236	0.00587702975798
k__Bacteria;p__Bacteroidetes;c__Bacteroidia;o__Bacteroidales;f__Rikenellaceae;g__Alistipes;s__Alistipes_shahii	-0.0704184277258	-0.0849228151553	0.050495042006	0.0370938315782	-0.135444492036	0.0304792366602	1.0	-0.0327633521211	0.0362311657637	0.00748078416973	0.017682823246	-0.0701033125248	-0.0481765617118	0.0727971517836	-0.0276152891935	-0.0334570145136	-0.0166931106037	-0.0050427647074	-0.0184162974799	0.0211346516175	-0.053337981277	-0.0113807843355	-0.082711177544	-0.0139881936008	0.00711487856748	-0.0491657469856	0.00806530344035	0.0124305778026	-0.037793896083	0.00601518666189	-0.00411232789462	0.0430856484626	-0.0576823904886	0.0323989311189	-0.05832738582	0.0189020726185	-0.0482659297642	-0.05849473677	-0.0432067471352	0.0135169139173	0.0134734334081	-0.0148472580688	-0.0686608607563	0.00604916133531	0.0493574599591	-0.0337164235738	0.0231055296087	0.010948531538	0.0372355968811	-0.00480855263893	0.0629806196718	0.0325438077887	0.0207148608557	-0.0220678762649	0.010237759723	-0.0273108796748	-0.0118818495952	-0.0305287199389	0.0167954137394
k__Bacteria;p__Firmicutes;c__Clostridia;o__Clostridiales;f__Ruminococcaceae;g__Faecalibacterium;s__Faecalibacterium_prausnitzii	-0.0039789314179	0.0194959877817	0.0331386078166	-0.0812137514828	-0.0482729380403	0.00336729988311	-0.0327633521211	1.0	-0.00392552213669	-0.0632661746294	0.0682806075476	0.0227909018444	-0.0232150135084	-0.0561074159753	0.00714794094283	0.0397667313164	-0.00715213860492	-0.0718680712122	0.0265212081092	0.0339945890929	0.0422001415527	-0.00601994474987	-0.0435848765503	0.0265241053088	0.0466932580111	0.0352370612901	0.00466408725431	-0.0663171337863	0.0505203686278	-0.0766656518947	0.0192549916773	0.108720567508	0.0171309672589	-0.052628059171	-0.052291007644	-0.031631066134	0.0183834929065	0.0399263706294	0.0497289989738	0.0315229176598	0.00355378868991	-0.0484247742886	-0.0312040589589	0.0331484432427	-0.0524194675685	0.0420930933422	-0.0256317851631	-0.0642572642369	-0.00635702535207	-0.00981396229667	-0.0443251876371	0.00130935243267	0.0158281238215	0.0658124929099	-0.0365950641604	-0.0169174778931	-0.0579287952478	-0.0483778496568	-0.0438706712983
k__Bacteria;p__Bacteroidetes;c__Bacteroidia;o__Bacteroidales;f__Rikenellaceae;g__Alistipes;s__Alistipes_finegoldii	-0.0402159756543	0.0386823514192	-0.0134999927572	-0.0288863897488	-0.00568384146528	0.0065352008598	0.0362311657637	-0.00392552213669	1.0	-0.0671595100302	-0.0342474866574	0.0290227156727	-0.105477300421	0.0440942738231	-0.063485327876	-0.122795248645	-0.0522611097076	-0.0255257467572	0.0118953264431	-0.0214170486261	0.0153538396389	-0.0329381120301	-0.0325053625972	0.00209085079836	0.0589679496534	-0.0752757950085	0.00177234962426	-0.10865576601	-0.062065748966	0.00960913649348	0.00256782227078	-0.00967316046139	-0.0420191252379	0.0670155955029	-0.023050611948	0.0885583401881	0.0447420733941	0.0731073259717	-0.0415212811333	0.0433240500261	0.0204798187724	-0.0525415665765	-0.0399185301493	-0.0389684636672	-0.0627721222597	0.0092288557301	-0.0108780540998	-0.0886704816936	-0.0624921369696	-0.0439086004475	0.0116158435222	0.0586183954526	-0.00294290488622	-0.077406686196	0.0318793097458	-0.032928991353	-0.0443875293747	0.00588318769337	0.0530966151768
k__Bacteria;p__Bacteroidetes;c__Bacteroidia;o__Bacteroidales;f__Porphyromonadaceae;g__Parabacteroides;s__Parabacteroides_distasonis	-0.0222493500709	0.0115024708549	0.00343394812845	-0.0410402246903	0.0666127654831	-0.0334643819368	0.00748078416973	-0.0632661746294	-0.0671595100302	1.0	-0.0240667680985	0.00516984303203	-0.0469835627885	0.0316447300328	-0.00329830152083	0.0554467803961	-0.00605198152075	-0.0350538825542	-0.0198321101439	0.0118756367735	-0.0445733705034	-0.0302067057112	-0.0580166751167	-0.0406496382651	0.0179078781126	-0.0522896010835	-0.00969685224306	0.0313433344196	0.0323275781542	0.0523677508487	-0.0069210413453	0.0326383135838	-0.0289373007421	0.00800462187602	0.110374152829	0.0354230735566	-0.0382844292379	-0.004725849822	-0.0354813838376	0.00883404324238	-0.000442178334857	-0.0406224669808	0.0220624353894	0.00636364010778	-0.0258559662032	-0.0175251010297	0.0606250849173	-0.0706838191749	-0.111600590911	0.0406027975818	-0.0456388121372	-0.0228746364433	0.0398333848378	-0.0411974974003	0.042071603903	-0.109225831906	-0.0168544617586	-0.0102011017577	-0.0720515381301
k__Bacteria;p__Bacteroidetes;c__Bacteroidia;o__Bacteroidales;f__Bacteroidaceae;g__Bacteroides;s__Bacteroides_thetaiotaomicron	0.0155507326263	0.0208705421654	0.0166886759359	-0.0590533456991	-0.0010033784287	-0.0310195578704	0.017682823246	0.0682806075476	-0.0342474866574	-0.0240667680985	1.0	-0.000401294884804	0.0198031775508	-0.0241755414874	-0.0116676182876	-0.0803748310745	0.0237906230799	0.0437916940042	-0.0581348234334	-0.000985053340044	0.0187501473329	0.0266784204399	-0.00947406162255	-0.00637499142188	0.0226405024838	0.0643014349747	-0.0570269256332	0.0139372216247	0.0337482339358	0.0173978733105	-0.0122933929153	-0.0373540141034	-0.00380130715396	-0.00987926501002	0.0503622315571	-0.0480920568895	0.0356244576	-0.0383672859922	0.0221586442092	-0.00775317934225	-0.046326085766	0.0725154002393	-0.0435523349742	0.0138022954357	-0.0360020396415	-0.00411169322939	-0.0226245250217	-0.00837851013108	-0.0158157819278	-0.0555796151588	-0.0633267245636	-0.0519172096068	0.0190334056549	0.00705828532008	-0.0237213875685	0.0244106102551	-0.0796709465103	0.0162000173095	-0.0765069876818
k__Bacteria;p__Bacteroidetes;c__Bacteroidia;o__Bacteroidales;f__Bacteroidaceae;g__Bacteroides;s__Bacteroides_coprocola	-0.00112221092264	-0.0264568372136	-0.00922994971441	-0.0809215847378	-0.0325594987699	-0.0592905605166	-0.0701033125248	0.0227909018444	0.0290227156727	0.00516984303203	-0.000401294884804	1.0	-0.0428870973634	-0.0443960976454	-0.0474630936657	-0.00589531405008	-0.0112634653932	0.0371714272586	-0.0335743081823	-0.0233798372082	-0.0902290486768	-0.0240356180261	-0.131844994644	0.0104420006774	-0.0437290305339	0.0310687632906	-0.0139978241751	-0.055631158116	-0.0442620942934	0.021928990174	-0.0341667030818	0.102042163376	-0.0252092682581	0.0243371205693	-0.0786709662288	0.019899275151	-0.0231597551642	-0.0107757832887	0.00210653080722	-0.00635208865183	0.038090527226	-0.0258045983809	0.0743655994091	0.0121912378828	0.0149370436444	-0.0200784659152	-0.0433562957837	-0.0687916407149	-0.0767165732941	0.0181674568397	-0.015900599974	-0.0104835024911	0.0706412885951	0.0194880081114	-0.0315935559416	-0.0772267587413	-0.0187188754727	-0.00367992803441	0.0118105886982
k__Bacteria;p__Bacteroidetes;c__Bacteroidia;o__Bacteroidales;f__Bacteroidaceae;g__Bacteroides;s__Bacteroides_cellulosilyticus	-0.0320508322868	-0.00999917324811	-0.00709628149236	0.0198864734389	-0.0363088082671	-0.0634811039139	-0.0481765617118	-0.0232150135084	-0.105477300421	-0.0469835627885	0.0198031775508	-0.0428870973634	1.0	-0.0189942335558	-0.0624115228362	0.0469622797832	-0.0235549071438	0.0578533059102	0.0202001753683	0.0217361866551	0.0206017877122	0.0974603905908	-0.0237447737598	0.0111393438282	-0.0240235585036	0.055341301947	0.0302351121076	-0.0387619198601	0.011072367084	0.0651278443827	-0.0515937035454	-0.0343292807384	-0.0426390083046	-0.00271303301018	0.0316261454709	-0.0386561464635	0.0308121276142	0.0264286151146	0.0561855392056	0.00955954035336	-0.00805667076813	-0.00672191742593	0.0303478286983	-0.0489315430115	-0.0686528793291	0.0577019941462	-0.0287937357329	0.0016231829424	-0.0378235336408	0.0298704824102	0.00807081734904	-0.00579776437092	-0.0328200748032	0.0236773292634	-0.0714916786272	0.00896804228212	0.000349409344963	-0.0686801531932	-0.0315513149588
k__Bacteria;p__Bacteroidetes;c__Bacteroidia;o__Bacteroidales;f__Rikenellaceae;g__Alistipes;s__Alistipes_obesi	-0.0311975749708	0.0405929016621	-0.0274453808746	0.0295909319261	-0.0158984407839	-0.0885423980905	0.0727971517836	-0.0561074159753	0.0440942738231	0.0316447300328	-0.0241755414874	-0.0443960976454	-0.0189942335558	1.0	-0.0396666976354	-0.0488847020188	0.0706141982895	-0.060614545557	-0.0631569458381	-0.025203770856	-0.0538367311723	-0.0946272891536	0.00717493181012	0.0351036323551	0.00413484483916	-0.00269071309656	-0.0242301078942	-0.00497934311507	0.000949399211877	0.0417644457218	-0.0410369854008	0.0243066816255	-0.0209329829277	0.0402437412935	0.0294249677031	0.0264201179018	0.0279277141797	-0.0124040268731	-0.0406670944063	0.0256808398189	-0.0245594760347	0.00769641080569	0.0397217307412	-0.0579270125634	0.0583816576212	0.0880455596133	-0.030308549521	0.0269026928087	0.0292049954447	-0.0396863571376	0.042023075697	-0.0521966451011	-0.0598529590373	-0.0294563423498	-0.0261693482447	-0.10946714151	-0.0440342653859	-0.0425666868145	0.0749754328134
k__Bacteria;p__Firmicutes;c__Clostridia;o__Clostridiales;f__Lachnospiraceae;g__;s__[Eubacterium]_rectale	-0.00972647300484	-0.0601507573065	0.0318938487762	-0.0704904464509	0.0254563857184	0.0519556482812	-0.0276152891935	0.00714794094283	-0.063485327876	-0.00329830152083	-0.0116676182876	-0.0474630936657	-0.0624115228362	-0.0396666976354	1.0	0.0151771475763	-0.0496712918881	-0.0117115024465	0.0250181123158	0.0836505833816	0.0293664574361	-0.00340357599137	-0.0380429429829	-0.0400014239714	-0.0440280662697	-0.0150502379145	-0.00691438191671	0.00753115747254	0.00955414133564	0.00611158925117	0.0308205582775	0.00180750771873	-0.0276953287075	0.035586743522	-0.0578734495845	-0.0399212619012	-0.00702795178964	0.039327895218	-0.0263768758643	-0.0317949650829	0.0273988953592	-0.0377444690881	-0.0461348638917	-0.01893070648	-0.0781088304032	-0.077431825992	0.0122178209649	-0.0323579829436	-0.0260982185468	-0.064174792061	-0.0429757291097	-0.00901439836234	0.0341436717036	0.0512837429716	0.0146629463107	-0.05486616587	-0.00224878102003	-0.0422094900349	0.0128359952647
k__Bacteria;p__Bacteroidetes;c__Bacteroidia;o__Bacteroidales;f__Bacteroidaceae;g__Bacteroides;s__Bacteroides_plebeius	0.0737807345041	0.0198291682038	-0.0398655470511	0.0209650808308	-0.00806608799663	0.0380185454882	-0.0334570145136	0.0397667313164	-0.122795248645	0.0554467803961	-0.0803748310745	-0.00589531405008	0.0469622797832	-0.0488847020188	0.0151771475763	1.0	0.0385386926879	0.0283371326636	0.051249120027	0.0134019817505	0.0156450993341	-0.0157278375755	-0.0388112006042	-0.00211588281965	-0.0283549392719	0.00549870721899	-0.0458920488558	0.0117336908313	0.0184263292378	-0.0224244504881	0.0262980181955	-0.0222107438188	-0.0621341396187	0.0470261135195	0.00575152540113	-0.0254775846071	-0.0569025648942	0.0403097642213	-0.0421773560215	0.000994894939232	-0.0309075763727	-0.0068382778239	-0.0490413457213	-0.0461480312943	-0.0528129193379	-0.00506967697875	-0.00729479801893	0.0680719471177	0.0203963416784	5.00891791703e-06	0.0390620129497	-0.0757378902711	-0.00526022105169	0.0272993314007	-0.0392248087082	0.00656969378166	0.0124825152794	0.051804421936	-0.0207172504528
k__Bacteria;p__Bacteroidetes;c__Bacteroidia;o__Bacteroidales;f__Bacteroidaceae;g__Bacteroides;s__Bacteroides_fragilis	0.0374750904193	-0.0301064415324	-0.023807140319	-0.00641536320688	-0.0215183637398	0.0188250320067	-0.0166931106037	-0.00715213860492	-0.0522611097076	-0.00605198152075	0.0237906230799	-0.0112634653932	-0.0235549071438	0.0706141982895	-0.0496712918881	0.0385386926879	1.0	-0.0879438725736	-0.00199557451229	-0.048380167083	-0.0734029599243	-0.004426070395	-0.0306287187918	0.0338261396434	-0.0410940869659	-0.00560037618261	-0.0653506463417	-0.02225666502	0.0185786852851	0.00116338813939	-0.0348370739402	-0.0856601906088	0.0848311031124	0.0238647845381	0.0337597388429	-0.076448324367	-0.0428920230555	-0.033313795049	-0.0490903526511	0.0132823890653	-0.0258220034376	-0.0271005092128	0.0164429824015	0.0651296509438	0.0490990856829	-0.0212069026455	0.0129433428263	-0.00409732457723	-0.00218919007637	0.0715709385174	-0.0262155713472	-0.0502910293416	-0.0375614370202	0.0127018847753	0.0219890755749	-0.0079944852223	0.014701584388	-0.0262838761046	0.0215971433193
k__Bacteria;p__Proteobacteria;c__Betaproteobacteria;o__Burkholderiales;f__Sutterellaceae;g__Sutterella;s__Sutterella_wadsworthensis	-0.00559083478694	-0.00557708250885	-0.0574018725676	-0.0119203260962	-0.0747703683063	0.00882929887895	-0.0050427647074	-0.0718680712122	-0.0255257467572	-0.0350538825542	0.0437916940042	0.0371714272586	0.0578533059102	-0.060614545557	-0.0117115024465	0.0283371326636	-0.0879438725736	1.0	-0.00279549488196	0.0238502851094	-0.0422781026265	0.0189454904298	0.0161594007169	-0.0342564666316	-0.0424120134114	-0.0241441642283	0.0419782020832	-0.00819221980143	-0.00270493319935	0.00614163231054	0.0466515763023	-0.0337300838253	-0.0693986931253	0.0143361864451	0.0394694402715	-0.0181719115131	-0.0134080244362	-0.0459456782556	0.0083038070846	0.0137583604212	0.0118358571048	-0.0197776243091	0.00454333311868	0.0373108480265	-0.0277663335296	-0.0682400665189	0.0244547121519	-0.00642830893436	-0.00144558721589	-0.0471112416686	0.0393587408818	-0.0674910076108	-0.0410960865233	-0.00603462329977	0.0026050987449	-0.0472147288404	0.0669803792619	-0.0507700026823	0.0299695428552
k__Bacteria;p__Bacteroidetes;c__Bacteroidia;o__Bacteroidales;f__Porphyromonadaceae;g__Barnesiella;s__Barnesiella_intestinihominis	-0.0772905075531	-0.0339997821479	-0.027878993743	-0.0732594674598	0.00172547995644	-0.0623692055534	-0.0184162974799	0.0265212081092	0.0118953264431	-0.0198321101439	-0.0581348234334	-0.0335743081823	0.0202001753683	-0.0631569458381	0.0250181123158	0.051249120027	-0.00199557451229	-0.00279549488196	1.0	-0.0203528306675	-0.0499259787424	0.00366571982448	0.00648277901751	-0.00444704533165	0.00813099363248	-0.072764838993	-0.0141502400134	0.0383604011909	-0.0111513490545	-0.0168656668163	0.0130975949805	-0.00514016057914	-0.0655407235899	-0.0499949113213	0.0640780847205	-0.0461174133802	0.0304355999824	0.0294157261516	0.0448354856182	-0.08772365527	-0.068843006957	-0.00149168637665	-0.0812904383413	-0.0166284982255	0.00279743364534	-0.0514673737293	0.00387882844365	-0.0296667355899	-0.0314546073436	0.00133806947675	-0.0199057853494	0.027222095612	0.0586698936962	0.0348334478562	-0.0667489737735	0.023536194867	0.0577090069305	-0.0563738921622	-0.0153276831732
k__Bacteria;p__Bacteroidetes;c__Bacteroidia;o__Bacteroidales;f__Odoribacteraceae;g__Odoribacter;s__Odoribacter_splanchnicus	-0.0396499145616	-0.0346216162614	0.0397772086454	0.00345119681065	0.0654824504638	-0.0731147343942	0.0211346516175	0.0339945890929	-0.0214170486261	0.0118756367735	-0.000985053340044	-0.0233798372082	0.0217361866551	-0.025203770856	0.0836505833816	0.0134019817505	-0.048380167083	0.0238502851094	-0.0203528306675	1.0	0.028342857778	0.0402127662046	0.00358530562582	-0.058095353208	0.0140787483639	-0.00668677293109	0.0562273779282	-0.0145802357875	-0.0194077337126	0.0219969372285	0.0119018703805	0.0215046625106	-0.0368344811171	-0.0308825511727	-0.000393525161699	-0.00357367944716	0.00513710548076	-0.0244929819986	0.0342057023931	0.047458468697	-0.0710145940374	-0.10554455763	-0.0320094346456	-0.0168167691284	-0.0130343502531	-0.0273432515356	0.028860904805	0.00318622195943	-0.0223912121638	0.021673728685	0.0208510614987	-0.0249338791033	-0.0427795770102	-0.0251890984064	-0.0046551470152	-0.0744638792378	-0.0226007649604	0.0377644282184	-0.00950474311951
k__Bacteria;p__Bacteroidetes;c__Bacteroidia;o__Bacteroidales;f__Bacteroidaceae;g__Bacteroides;s__Bacteroides_salyersiae	0.0105432007676	0.0332536962155	-0.023700679568	0.0962139620113	-0.00406701625566	0.0273497088828	-0.053337981277	0.0422001415527	0.0153538396389	-0.0445733705034	0.0187501473329	-0.0902290486768	0.0206017877122	-0.0538367311723	0.0293664574361	0.0156450993341	-0.0734029599243	-0.0422781026265	-0.0499259787424	0.028342857778	1.0	-0.0338052854288	-0.0431858744579	-0.000481987892226	-0.0355325714684	-0.0165688137268	-0.0156519783225	0.017541926988	-0.0465493979189	-0.109055855921	0.00198295069096	0.0515587767842	0.0223540927446	-0.0740073767318	-0.0129998749496	-0.115012027364	0.000303079886143	0.0554388574564	0.0343328591717	-0.0027624202948	-0.0395398085306	0.0268293510238	-0.00223055176241	-0.0121508297262	0.0263102004527	-0.0123337416456	0.00873979365263	-0.0180362796143	0.0310020709102	-0.0550240720244	0.0170484068075	0.0319532381286	0.00241372424809	-0.0190748560486	0.0844717098047	-0.0586529059723	0.00526975048225	-0.0121752715183	-0.0632229654235
k__Bacteria;p__Firmicutes;c__Clostridia;o__Clostridiales;f__Ruminococcaceae;g__Ruminiclostridium;s__[Eubacterium]_siraeum	-0.0438755893195	0.00901212917265	-0.115665332658	0.0150310913165	0.0647107669824	-0.0884341871445	-0.0113807843355	-0.00601994474987	-0.0329381120301	-0.0302067057112	0.0266784204399	-0.0240356180261	0.0974603905908	-0.0946272891536	-0.00340357599137	-0.0157278375755	-0.004426070395	0.0189454904298	0.00366571982448	0.0402127662046	-0.0338052854288	1.0	-0.0316110934283	0.0635858471975	-0.00552571217369	0.0171630598149	0.0660421310105	-0.017280653507	0.0367996146819	-0.0732154934934	0.0263275504844	-0.0968403483352	-0.0043995970129	-0.0823061343918	0.0105427237011	-0.0166287902014	-0.0583446863475	-0.0273261561408	-0.0771252506388	0.0263580370835	-0.0678129056929	-0.0400417933858	0.0347830447133	0.00524439307211	-0.0717322034525	0.0403339197118	0.00726240057797	0.0343960155735	0.0536768844118	-0.0542152349122	-0.0153121451216	0.0595134746815	-0.0391001984283	-0.014854562501	0.00442435327928	0.0311114710098	0.0561955061561	-0.0379649246228	-0.0437600374794
k__Bacteria;p__Proteobacteria;c__Betaproteobacteria;o__Burkholderiales;f__Sutterellaceae;g__Parasutterella;s__Parasutterella_excrementihominis	-0.076494927329	-0.0551764418666	0.0370030140212	0.0235053300533	0.0469034258906	0.0748730348452	-0.082711177544	-0.0435848765503	-0.0325053625972	-0.0580166751167	-0.00947406162255	-0.131844994644	-0.0237447737598	0.00717493181012	-0.0380429429829	-0.0388112006042	-0.0306287187918	0.0161594007169	0.00648277901751	0.00358530562582	-0.0431858744579	-0.0316110934283	1.0	-0.0391280945942	0.0145105652326	-0.0172686408199	-0.0053823365147	0.0187383598861	-0.0142575501089	-0.010801918573	0.0217512998077	0.00562665360008	-0.0700986065445	-0.0292290652697	-0.0036606394119	0.0188206110198	0.0511399913955	0.0332344697473	-0.0145613354555	-0.0696087812996	0.0322347096145	0.0599252059985	-0.0327469884874	-0.000666320483402	-0.00785773404771	-0.028893815823	0.00118665766772	-0.0584294605258	0.00719593531397	-0.0352230937106	0.057759666899	0.0674840704334	-0.0354241311908	0.024753980368	-0.0627580148852	-0.00891520227854	-0.0493347058157	-0.0181415096553	-0.0576205209711
k__Bacteria;p__Actinobacteria;c__Actinobacteria;o__Bifidobacteriales;f__Bifidobacteriaceae;g__Bifidobacterium;s__Bifidobacterium_adolescentis	-0.0454134572584	-0.0742200532158	-0.0804307598186	0.00621558557645	-0.0348959036217	-0.00769611207896	-0.0139881936008	0.0265241053088	0.00209085079836	-0.0406496382651	-0.00637499142188	0.0104420006774	0.0111393438282	0.0351036323551	-0.0400014239714	-0.00211588281965	0.0338261396434	-0.0342564666316	-0.00444704533165	-0.058095353208	-0.000481987892226	0.0635858471975	-0.0391280945942	1.0	-0.0451044258248	-0.0161774655287	0.0635198678508	-0.026436132938	0.0557638724979	-0.0584182311156	0.0513774475676	-0.0766257030737	-0.0340367533449	-0.00598153141206	0.024793635507	0.0209271607987	0.045696938568	0.0149740281489	0.00113157013353	0.017854577089	-0.0739161325968	0.0729840559186	0.0288900336256	0.0127698563343	-0.00580933711296	-0.0135123745434	0.0381139577044	-0.0692905851221	-0.0461817251468	-0.0246692312641	-0.0857819211487	-0.0196621919433	-0.00403871089715	0.0423558730476	-0.0999201656293	-0.0745440905469	-0.0227345453678	-0.0480670088195	-0.022373058645
k__Bacteria;p__Firmicutes;c__Clostridia;o__Clostridiales;f__Oscillospiraceae;g__Oscillibacter;s__Oscillibacter_sp._KLE_1745	0.0470444817833	-0.03840827317	-0.00420167031555	0.00132414393125	-0.0241698717406	-0.051294755061	0.00711487856748	0.0466932580111	0.0589679496534	0.0179078781126	0.0226405024838	-0.0437290305339	-0.0240235585036	0.00413484483916	-0.0440280662697	-0.0283549392719	-0.0410940869659	-0.0424120134114	0.00813099363248	0.0140787483639	-0.0355325714684	-0.00552571217369	0.0145105652326	-0.0451044258248	1.0	0.00664678383707	-0.0733368903573	0.00661258888273	0.0256710408771	-0.0536361512419	0.038530655687	0.0297877774522	-0.00093984469866	-0.0928981790609	0.0129267257973	0.00696864167743	-0.0353166647511	0.0176400818949	-0.103075868983	-0.0241537864342	-0.00752661888178	-0.00801198963587	-0.0462107051069	0.0103220381775	-0.0847967345759	-0.0120747695999	0.0539509149042	-0.047234511281	0.0485646477409	0.0194349176032	-0.0218299446131	0.02454198428	-0.0100164763169	-0.126083356066	-0.0458795497616	-0.0385272079426	-0.025747536946	-0.0175857431748	-0.0219608085799
k__Bacteria;p__Bacteroidetes;c__Bacteroidia;o__Bacteroidales;f__Bacteroidaceae;g__Bacteroides;s__Bacteroides_coprophilus	0.0162190698362	-0.0306871321805	0.0219117666372	0.00369686050963	-0.0399698250665	-0.0898153859871	-0.0491657469856	0.0352370612901	-0.0752757950085	-0.0522896010835	0.0643014349747	0.0310687632906	0.055341301947	-0.00269071309656	-0.0150502379145	0.00549870721899	-0.00560037618261	-0.0241441642283	-0.072764838993	-0.00668677293109	-0.0165688137268	0.0171630598149	-0.0172686408199	-0.0161774655287	0.00664678383707	1.0	0.0314958697729	-0.00428263840683	0.0344108154316	0.0283956168211	-0.0959175623874	0.0143453430303	-0.0074024382995	0.027002119157	-0.0681188200801	-0.0129343395324	-0.0419932598018	-0.0434257213752	0.00449241476634	-0.0373993311524	0.0058645792455	0.00113638809484	0.00354075147463	0.0105915532831	0.0589176205631	-0.0105875253574	-0.00259423841262	-0.079890816881	0.00370838414072	0.0298822047662	0.0431174252095	-0.0114704169198	0.0326753710113	-0.00475555240034	-0.022462201966	-0.0195023324227	-0.0468324630086	-0.036791333683	0.0032265130819
k__Bacteria;p__Firmicutes;c__Clostridia;o__Clostridiales;f__Lachnospiraceae;g__Roseburia;s__Roseburia_intestinalis	0.0574134295454	0.0100843952034	-0.0582650974169	-0.0617254998607	-0.0322829273179	-0.0599953353296	0.00806530344035	0.00466408725431	0.00177234962426	-0.00969685224307	-0.0570269256332	-0.0139978241751	0.0302351121076	-0.0242301078942	-0.00691438191671	-0.0458920488558	-0.0653506463417	0.0419782020832	-0.0141502400134	0.0562273779282	-0.0156519783225	0.0660421310105	-0.0053823365147	0.0635198678508	-0.0733368903573	0.0314958697729	1.0	-0.0812248926904	-0.0488594119159	-0.0236057819509	-0.00122193569672	0.0687675848421	-0.0709931272289	-0.0846167273802	-0.0231746606299	-0.0339713545228	0.00829169803397	0.0223719462231	0.0448035279998	-0.0491998915023	-0.0829442817374	0.115348413041	-0.00436413515114	-0.00657319943909	0.0890784900493	-0.0577736507955	-0.0207270990563	0.0240649322355	-0.0342482183411	0.0370918196634	0.000516584285819	-0.0698547045093	-0.0542583704768	-0.0139972321469	-0.048711341462	0.00627036348914	0.00359367814685	0.0363360936878	-0.0741779308658
k__Bacteria;p__Firmicutes;c__Clostridia;o__Clostridiales;f__Lachnospiraceae;g__Roseburia;s__Roseburia_hominis	-0.102710454992	-0.0993257282282	0.0443776739618	-0.0346978573431	-0.0235134847016	-0.0384173391944	0.0124305778026	-0.0663171337863	-0.10865576601	0.0313433344196	0.0139372216247	-0.055631158116	-0.0387619198601	-0.00497934311507	0.00753115747254	0.0117336908313	-0.02225666502	-0.00819221980143	0.0383604011909	-0.0145802357875	0.017541926988	-0.017280653507	0.0187383598861	-0.026436132938	0.00661258888273	-0.00428263840683	-0.0812248926904	1.0	-0.060949557157	-0.00716072559838	-0.000443209906161	0.040918802921	0.0295868504565	0.0173061082825	-0.00499492006098	-0.0428465454173	0.0246353306972	-0.0405369491303	0.026290943737	-0.0131753630775	0.0241217687489	0.0366565910165	0.0251380504854	-0.0634073463267	0.00692278551375	0.0348041614385	-0.0670904826663	0.0116748730308	-0.0146118773088	-0.0586763709579	-0.03316315035	0.011664194286	0.0596400183716	0.00212271582562	0.0353460515286	0.0188652467758	0.0144884808893	-0.051528575102	-0.00380624487569
k__Bacteria;p__Bacteroidetes;c__Bacteroidia;o__Bacteroidales;f__Porphyromonadaceae;g__Parabacteroides;s__Parabacteroides_johnsonii	-0.0338256552524	0.0136729917483	-0.0129867083161	-0.021933525033	0.0511861442624	-0.0396703369058	-0.037793896083	0.0505203686278	-0.062065748966	0.0323275781542	0.0337482339358	-0.0442620942934	0.011072367084	0.000949399211877	0.00955414133564	0.0184263292378	0.0185786852851	-0.00270493319935	-0.0111513490545	-0.0194077337126	-0.0465493979189	0.0367996146819	-0.0142575501089	0.0557638724979	0.0256710408771	0.0344108154316	-0.0488594119159	-0.060949557157	1.0	0.01982088202	0.00299869870705	-0.00574830516872	-0.0444990921273	-0.00142918762139	0.0058857076617	-0.0417004956673	-0.0312767416649	-0.0482868238389	-0.0501804400845	0.0203607313848	-0.0351277204314	-0.0716107530696	0.0285152278176	-0.0592531641809	0.0474725959595	-0.0522570308052	0.0154025721344	0.0169745381814	0.0222993069509	-0.0175497051592	0.0322298576252	0.0171609424522	-0.0313184573699	-0.0278422765605	0.0727612270714	0.0492171838969	-0.0399153063504	0.011950843947	-0.00494752645172
k__Bacteria;p__Actinobacteria;c__Actinobacteria;o__Bifidobacteriales;f__Bifidobacteriaceae;g__Bifidobacterium;s__Bifidobacterium_longum	0.0160825059548	-0.0359698068251	0.0305247369714	-0.040801855528	-0.0165072006408	-0.0309617009326	0.00601518666189	-0.0766656518947	0.00960913649348	0.0523677508487	0.0173978733105	0.021928990174	0.0651278443827	0.0417644457218	0.00611158925117	-0.0224244504881	0.00116338813939	0.00614163231054	-0.0168656668163	0.0219969372285	-0.109055855921	-0.0732154934934	-0.010801918573	-0.0584182311156	-0.0536361512419	0.0283956168211	-0.0236057819509	-0.00716072559838	0.01982088202	1.0	-0.0121989555289	0.0179046617834	-0.0160691884953	0.0171126616537	-0.00290757672917	-0.00680533486508	-0.0233900700424	0.0386409707829	-0.041784873649	-0.0357467957562	0.0245387220253	0.0146156611498	0.0078488459764	-0.00759661956045	0.0155468007877	0.0296941937116	0.0224903414973	-0.00917654090896	0.0246127595807	0.00198260270776	-0.0760774511102	-0.00622968700154	-0.00620352534249	-0.0536162811258	-0.0653051911375	0.0400955018629	-0.0395730482141	0.0194158798193	-0.0110671711362
