#taxonomy	k__Bacteria;p__Bacteroidetes;c__Bacteroidia;o__Bacteroidales;f__Bacteroidaceae;g__Bacteroides;s__Bacteroides_vulgatus	k__Bacteria;p__Bacteroidetes;c__Bacteroidia;o__Bacteroidales;f__Bacteroidaceae;g__Bacteroides;s__Bacteroides_uniformis	k__Bacteria;p__Bacteroidetes;c__Bacteroidia;o__Bacteroidales;f__Rikenellaceae;g__Alistipes;s__Alistipes_putredinis	k__Bacteria;p__Bacteroidetes;c__Bacteroidia;o__Bacteroidales;f__Prevotellaceae;g__Prevotella;s__Prevotella_copri	k__Bacteria;p__Bacteroidetes;c__Bacteroidia;o__Bacteroidales;f__Bacteroidaceae;g__Bacteroides;s__Bacteroides_stercoris	k__Bacteria;p__Bacteroidetes;c__Bacteroidia;o__Bacteroidales;f__Bacteroidaceae;g__Bacteroides;s__Bacteroides_ovatus	k__Bacteria;p__Bacteroidetes;c__Bacteroidia;o__Bacteroidales;f__Rikenellaceae;g__Alistipes;s__Alistipes_shahii	k__Bacteria;p__Firmicutes;c__Clostridia;o__Clostridiales;f__Ruminococcaceae;g__Faecalibacterium;s__Faecalibacterium_prausnitzii	k__Bacteria;p__Bacteroidetes;c__Bacteroidia;o__Bacteroidales;f__Rikenellaceae;g__Alistipes;s__Alistipes_finegoldii	k__Bacteria;p__Bacteroidetes;c__Bacteroidia;o__Bacteroidales;f__Porphyromonadaceae;g__Parabacteroides;s__Parabacteroides_distasonis	k__Bacteria;p__Bacteroidetes;c__Bacteroidia;o__Bacteroidales;f__Bacteroidaceae;g__Bacteroides;s__Bacteroides_thetaiotaomicron	k__Bacteria;p__Bacteroidetes;c__Bacteroidia;o__Bacteroidales;f__Bacteroidaceae;g__Bacteroides;s__Bacteroides_coprocola	k__Bacteria;p__Bacteroidetes;c__Bacteroidia;o__Bacteroidales;f__Bacteroidaceae;g__Bacteroides;s__Bacteroides_cellulosilyticus	k__Bacteria;p__Bacteroidetes;c__Bacteroidia;o__Bacteroidales;f__Rikenellaceae;g__Alistipes;s__Alistipes_obesi	k__Bacteria;p__Firmicutes;c__Clostridia;o__Clostridiales;f__Lachnospiraceae;g__;s__[Eubacterium]_rectale	k__Bacteria;p__Bacteroidetes;c__Bacteroidia;o__Bacteroidales;f__Bacteroidaceae;g__Bacteroides;s__Bacteroides_plebeius	k__Bacteria;p__Bacteroidetes;c__Bacteroidia;o__Bacteroidales;f__Bacteroidaceae;g__Bacteroides;s__Bacteroides_fragilis	k__Bacteria;p__Proteobacteria;c__Betaproteobacteria;o__Burkholderiales;f__Sutterellaceae;g__Sutterella;s__Sutterella_wadsworthensis	k__Bacteria;p__Bacteroidetes;c__Bacteroidia;o__Bacteroidales;f__Porphyromonadaceae;g__Barnesiella;s__Barnesiella_intestinihominis	k__Bacteria;p__Bacteroidetes;c__Bacteroidia;o__Bacteroidales;f__Odoribacteraceae;g__Odoribacter;s__Odoribacter_splanchnicus	k__Bacteria;p__Bacteroidetes;c__Bacteroidia;o__Bacteroidales;f__Bacteroidaceae;g__Bacteroides;s__Bacteroides_salyersiae	k__Bacteria;p__Firmicutes;c__Clostridia;o__Clostridiales;f__Ruminococcaceae;g__Ruminiclostridium;s__[Eubacterium]_siraeum	k__Bacteria;p__Proteobacteria;c__Betaproteobacteria;o__Burkholderiales;f__Sutterellaceae;g__Parasutterella;s__Parasutterella_excrementihominis	k__Bacteria;p__Actinobacteria;c__Actinobacteria;o__Bifidobacteriales;f__Bifidobacteriaceae;g__Bifidobacterium;s__Bifidobacterium_adolescentis	k__Bacteria;p__Firmicutes;c__Clostridia;o__Clostridiales;f__Oscillospiraceae;g__Oscillibacter;s__Oscillibacter_sp._KLE_1745	k__Bacteria;p__Bacteroidetes;c__Bacteroidia;o__Bacteroidales;f__Bacteroidaceae;g__Bacteroides;s__Bacteroides_coprophilus	k__Bacteria;p__Firmicutes;c__Clostridia;o__Clostridiales;f__Lachnospiraceae;g__Roseburia;s__Roseburia_intestinalis	k__Bacteria;p__Firmicutes;c__Clostridia;o__Clostridiales;f__Lachnospiraceae;g__Roseburia;s__Roseburia_hominis	k__Bacteria;p__Bacteroidetes;c__Bacteroidia;o__Bacteroidales;f__Porphyromonadaceae;g__Parabacteroides;s__Parabacteroides_johnsonii	k__Bacteria;p__Actinobacteria;c__Actinobacteria;o__Bifidobacteriales;f__Bifidobacteriaceae;g__Bifidobacterium;s__Bifidobacterium_longum	k__Bacteria;p__Firmicutes;c__Clostridia;o__Clostridiales;f__;g__Flavonifractor;s__Flavonifractor_plautii	k__Bacteria;p__Firmicutes;c__Clostridia;o__Clostridiales;f__Clostridiaceae;g__Clostridium;s__Clostridium_phoceensis	k__Bacteria;p__Verrucomicrobia;c__Verrucomicrobiae;o__Verrucomicrobiales;f__Akkermansiaceae;g__Akkermansia;s__Akkermansia_muciniphila	k__Bacteria;p__Bacteroidetes;c__Bacteroidia;o__Bacteroidales;f__Prevotellaceae;g__Paraprevotella;s__Paraprevotella_xylaniphila	k__Bacteria;p__Firmicutes;c__Clostridia;o__Clostridiales;f__Ruminococcaceae;g__Ruminococcus;s__Ruminococcus_callidus	k__Bacteria;p__Bacteroidetes;c__Bacteroidia;o__Bacteroidales;f__Rikenellaceae;g__Alistipes;s__Alistipes_senegalensis	k__Bacteria;p__Firmicutes;c__Clostridia;o__Clostridiales;f__Lachnospiraceae;g__Blautia;s__Blautia_sp._KLE_1732	k__Bacteria;p__Bacteroidetes;c__Bacteroidia;o__Bacteroidales;f__Bacteroidaceae;g__Bacteroides;s__Bacteroides_oleiciplenus	k__Bacteria;p__Firmicutes;c__Clostridia;o__Clostridiales;f__Ruminococcaceae;g__Ruminococcus;s__Ruminococcus_bicirculans	k__Bacteria;p__Bacteroidetes;c__Bacteroidia;o__Bacteroidales;f__Bacteroidaceae;g__Bacteroides;s__Bacteroides_fluxus	k__Bacteria;p__Bacteroidetes;c__Bacteroidia;o__Bacteroidales;f__Prevotellaceae;g__Prevotella;s__Prevotella_stercorea	k__Bacteria;p__Firmicutes;c__Clostridia;o__Clostridiales;f__Lachnospiraceae;g__Dorea;s__Dorea_longicatena	k__Bacteria;p__Firmicutes;c__Clostridia;o__Clostridiales;f__Eubacteriaceae;g__Eubacterium;s__[Eubacterium]_eligens	k__Bacteria;p__Firmicutes;c__Clostridia;o__Clostridiales;f__Ruminococcaceae;g__;s__Ruminococcaceae_bacterium_D16	k__Bacteria;p__Firmicutes;c__Clostridia;o__Clostridiales;f__Lachnospiraceae;g__Coprococcus;s__Coprococcus_comes	k__Bacteria;p__Proteobacteria;c__Gammaproteobacteria;o__Enterobacterales;f__Enterobacteriaceae;g__Escherichia;s__Escherichia_coli	k__Bacteria;p__Firmicutes;c__Clostridia;o__Clostridiales;f__Ruminococcaceae;g__Anaerotruncus;s__Anaerotruncus_colihominis	k__Bacteria;p__Firmicutes;c__Clostridia;o__Clostridiales;f__Lachnospiraceae;g__Blautia;s__Blautia_obeum	k__Bacteria;p__Bacteroidetes;c__Bacteroidia;o__Bacteroidales;f__Odoribacteraceae;g__Odoribacter;s__Odoribacter_laneus	k__Bacteria;p__Firmicutes;c__Clostridia;o__Clostridiales;f__Ruminococcaceae;g__Ruminiclostridium;s__[Clostridium]_leptum	k__Bacteria;p__Bacteroidetes;c__Bacteroidia;o__Bacteroidales;f__Porphyromonadaceae;g__Parabacteroides;s__Parabacteroides_goldsteinii	k__Bacteria;p__Firmicutes;c__Clostridia;o__Clostridiales;f__Lachnospiraceae;g__Anaerostipes;s__Anaerostipes_hadrus	k__Bacteria;p__Firmicutes;c__Clostridia;o__Clostridiales;f__Ruminococcaceae;g__Ruminococcus;s__Ruminococcus_lactaris	k__Bacteria;p__Firmicutes;c__Clostridia;o__Clostridiales;f__Clostridiaceae;g__Clostridium;s__Clostridium_sp._L2-50	k__Bacteria;p__Firmicutes;c__Clostridia;o__Clostridiales;f__Clostridiaceae;g__Clostridium;s__Clostridium_sp._M62/1	k__Bacteria;p__Firmicutes;c__Clostridia;o__Clostridiales;f__;g__Intestinimonas;s__Intestinimonas_butyriciproducens	k__Bacteria;p__Actinobacteria;c__Actinobacteria;o__Bifidobacteriales;f__Bifidobacteriaceae;g__Bifidobacterium;s__Bifidobacterium_bifidum	k__Bacteria;p__Firmicutes;c__Negativicutes;o__Veillonellales;f__Veillonellaceae;g__Dialister;s__Dialister_invisus	k__Bacteria;p__Bacteroidetes;c__Bacteroidia;o__Bacteroidales;f__Bacteroidaceae;g__Bacteroides;s__Bacteroides_salanitronis
k__Bacteria;p__Bacteroidetes;c__Bacteroidia;o__Bacteroidales;f__Bacteroidaceae;g__Bacteroides;s__Bacteroides_vulgatus	1.0	-0.00669990547514	-0.015109326719	0.0167567504491	0.0112184878301	-0.0158108852009	-0.0922690873433	-0.0272682860534	-0.0633489128933	0.106210926818	-0.0456113904955	-0.00761289669007	-0.00237343986236	-0.0533964045669	-0.0319254077575	0.0821815894539	-0.0414124840747	-0.0325349595087	0.0115442853098	0.0538754223936	0.0276193319054	0.00171947031529	-0.0843179399435	0.00695361157403	-0.0202175416787	-0.0147068905092	0.00569104651106	-0.0428522476079	0.0252399310978	-0.0617812771272	-0.000124547508674	0.0751094095444	-0.0331143875507	0.0198767296183	0.0190880192095	-0.0654839530269	0.0436284148896	0.000337831399924	-0.0449560652895	0.0398076196949	0.0448359839985	0.00970886642861	-0.0591756898008	0.0102956339009	-0.0150311837954	0.0301798811076	0.0219865461144	0.00232703888489	-0.0323845571312	-0.00550127407642	0.0870925942182	-0.0132797496857	0.0138695539835	0.0198069089861	0.0554137920479	-0.0611472622253	-0.0115935124448	0.0274775019399	-0.0175642031486
k__Bacteria;p__Bacteroidetes;c__Bacteroidia;o__Bacteroidales;f__Bacteroidaceae;g__Bacteroides;s__Bacteroides_uniformis	-0.00669990547514	1.0	-0.055536989188	0.0489620810306	-0.0271945803355	-0.0393180226608	-0.0350674697044	-0.0374084052964	-0.0173924290005	-0.0856310174454	0.000347258916844	-0.00688659993158	-0.0723646952965	0.024785161272	0.0139433303979	0.0202454121854	-0.0105562347017	-0.01657990677	-0.0156093974257	-0.00487054371909	-0.00963937286155	-0.0810676111618	-0.0071696576517	-0.00304459883409	-0.0139040043857	-0.0388662402131	0.0310119931101	-0.0150897441069	0.0255684914163	0.0562495985954	-0.0306156237178	0.0292071027796	0.0425720676361	-0.0137900945277	-0.100699767202	0.0418403296096	-0.0173556648177	0.0316705928211	-0.0439882011978	0.00842249083016	0.0324490861275	0.0163618737174	0.00194644811627	-0.0384111650197	-0.00738832530721	-0.0405285812689	0.0147674086324	-0.0190320312321	-0.0298486208456	-0.0569387377575	0.0221744805278	-0.0258067784525	-0.00886762709915	0.00205222737502	-0.0374206575036	-0.0111025373109	4.7039628218e-05	-0.0291532690806	-0.0354801036522
k__Bacteria;p__Bacteroidetes;c__Bacteroidia;o__Bacteroidales;f__Rikenellaceae;g__Alistipes;s__Alistipes_putredinis	-0.015109326719	-0.055536989188	1.0	-0.0155201125876	-0.00395396620456	0.0166660345335	0.0560988266882	-0.00578524894825	-0.0941841937616	-0.00101804594743	0.0115717703114	0.0537429827802	0.0891636536313	0.00250518034059	0.0165436542016	-0.00165468886675	0.0563347463816	-0.0309658526923	0.0221057711389	-0.0196810829306	-0.0969302191416	0.0614664571422	0.00302637832786	0.0106861022251	-0.0842973914199	0.0039608672006	-0.00420431487847	-0.010976606593	0.0308813281025	-0.0122484688524	-0.039519341834	-0.0247993619601	-0.0211774675708	0.0124224466403	-0.000161265322277	-0.0160106904408	-0.0160823534889	0.0316504163099	-0.0361502493224	-0.0295129094473	0.063393512635	-0.00363378067478	-0.0168629936491	0.027658439151	-0.0274445800142	-0.0651754866047	-0.0564420047589	-0.0751682531993	0.0381368894102	-0.0324996872837	0.0814430512176	-0.0505790708549	-0.0589305243957	-0.00872368762675	-0.027264323028	-0.0358539282995	-0.0296948646257	-0.00224020101139	0.0185850617259
k__Bacteria;p__Bacteroidetes;c__Bacteroidia;o__Bacteroidales;f__Prevotellaceae;g__Prevotella;s__Prevotella_copri	0.0167567504491	0.0489620810306	-0.0155201125876	1.0	-0.0910497855691	0.0041555933619	-0.0102843045927	0.00562003714756	0.0334684207959	-0.0280348786248	-0.120413656087	0.0377044272785	-0.0385175275809	-0.0409936922795	0.00526952879954	-0.040746166789	-0.0196896341115	0.017156660287	-0.0255842910449	0.0109798766961	0.0211915726036	0.0478833360206	0.0230027744694	-0.0113444958799	-0.0604480796887	0.0636448742205	0.0173674113378	0.00735230273381	-0.029964887893	-0.0116805285391	-0.043007878081	-0.0256979631232	0.005060376967	0.00375304619551	-0.0142566137257	-0.0228563893222	-0.0369401837686	-0.0431038836796	-0.0490399913646	-0.0319154852862	0.0125827259338	-0.0714948611441	-0.00165794965335	0.00717856633347	-0.0510653909612	-0.0322383508668	-0.0843168868744	-0.0492082083282	-4.14501251205e-06	0.0126846643804	0.0187916492882	0.0314295873026	0.0130489454073	0.0019176906299	-0.0515406080277	0.0143623683448	0.00363785252882	0.0270936876429	-0.0145609457105
k__Bacteria;p__Bacteroidetes;c__Bacteroidia;o__Bacteroidales;f__Bacteroidaceae;g__Bacteroides;s__Bacteroides_stercoris	0.0112184878301	-0.0271945803355	-0.00395396620456	-0.0910497855691	1.0	-0.0208150669717	0.000711328816522	0.00396100970427	-0.00700235070161	0.0100222910973	0.0116953599172	-0.0955191455422	0.00720320332055	0.036942422689	0.0121284852874	0.0130621698282	-0.043821442401	0.00808864297722	-0.0535143146263	-0.067311743597	0.0156441477225	0.0117496894756	0.0592765787376	-0.0232804685145	0.0353500473555	0.00945350927765	0.0205649450326	0.0412693944279	0.00202520210591	-0.123368528312	-0.0213685399097	-0.0473932969584	-0.0603335335965	-0.0205766449657	-0.0221912812633	0.0149607836654	-0.00872318280223	-0.0461295491862	0.0283823520852	0.0627644519867	0.00948617799024	-0.0124676474317	0.0637461953747	-0.0923738325986	-0.0022341577062	-0.0863420785579	0.00516887728066	-0.0487333206416	-0.0157985928163	0.000945962853793	-0.0430474462565	0.0239560682451	0.00274913595036	0.00463899413999	-0.013009193719	-0.0719349532043	-0.034828866787	-0.0926138851496	0.0131180820486
k__Bacteria;p__Bacteroidetes;c__Bacteroidia;o__Bacteroidales;f__Bacteroidaceae;g__Bacteroides;s__Bacteroides_ovatus	-0.0158108852009	-0.0393180226608	0.0166660345335	0.0041555933619	-0.0208150669717	1.0	-0.0654097800421	-0.0352560226735	0.0100240779826	0.0127136497838	-0.0443460273217	0.0183024311265	0.0480582203393	-0.0857764433417	-0.025127995668	0.0205831959319	0.0194975997642	0.11375931665	-0.086966883306	0.0267750377003	0.0459546590932	0.0266387926757	0.0401620216489	-0.0540748723447	-0.0316745632021	-0.0152551848149	-0.0310668871298	-0.00999516180873	0.0104250140387	0.0632911832172	-0.0445378992844	0.00980398766128	-0.000186801961685	-0.054390914218	-0.0659765081519	-0.0173507991295	0.0104346543289	-0.0421918439197	-0.00862262971943	0.0256683047669	0.00823768950135	-0.0130739702417	-0.0145229283331	-0.0106567621572	0.0256100725634	-0.0832648947754	-0.0419740812501	-0.0238435922806	0.0100377577364	0.0361985481119	-0.025528051064	-0.0163845375631	-0.0673496315605	-0.0375804036654	0.122395066701	-0.0444642893125	-0.0252773138421	-0.0534346940419	-0.0282647530879
k__Bacteria;p__Bacteroidetes;c__Bacteroidia;o__Bacteroidales;f__Rikenellaceae;g__Alistipes;s__Alistipes_shahii	-0.0922690873433	-0.0350674697044	0.0560988266882	-0.0102843045927	0.000711328816522	-0.0654097800421	1.0	-0.105774679944	0.00108228455404	-0.0406098201985	0.0204990769626	0.013497378778	-0.0348598653367	0.0416795654229	-0.0536941248291	0.0277509536406	-0.027097546417	-0.0302175885706	-0.0134951167839	-0.00929233045566	0.0515368807311	0.0693142673195	-0.0304774638021	-0.0224817438192	-0.0149424770887	0.0366974168331	0.0322166488228	-0.0125971209482	-0.0812580855817	-0.0244868296544	0.00691342886972	-0.0337472212797	0.00240994296695	0.0169638527075	-0.031195393559	0.0261401937231	-0.0392368898607	0.121655897247	0.00660093847075	-0.0337592884535	-0.0318882383155	-0.0396287551548	-0.0314585901198	0.0148233703714	-0.00123419192453	-0.032345330946	-0.0789505835173	0.0246606383438	-0.0845647826238	-0.0513306566594	-0.0357205890414	0.0130928351523	-0.0119379471462	-0.00497158446772	0.0311481282958	0.0135463477437	-0.01609895807	-0.089773056448	-0.00300296363768
k__Bacteria;p__Firmicutes;c__Clostridia;o__Clostridiales;f__Ruminococcaceae;g__Faecalibacterium;s__Faecalibacterium_prausnitzii	-0.0272682860534	-0.0374084052964	-0.00578524894825	0.00562003714756	0.00396100970427	-0.0352560226735	-0.105774679944	1.0	-0.00281895892633	-0.0899755475055	-0.000942158361951	0.00489333313356	-0.00880068455005	-0.0488791811109	-0.0117891907379	-0.0579584058873	-0.0573383236642	0.0164172175324	-0.0305235262916	-0.0867888385443	-0.0336256343155	-0.0401401782783	0.0540094812562	-0.00791150880986	0.0567251680928	0.00939134384871	0.0120615088786	2.56677645582e-05	-0.00311473871244	0.0378504857439	-0.0192329510606	0.0498369113758	-0.0388644468808	-0.0167833850951	-0.024325305001	-0.0323276119125	-0.0387311839402	-0.0416538039709	-0.0372245358489	-0.0368459991798	-0.0621401478723	-0.0738305393599	-0.0373138762119	0.0125694964879	-0.015762826571	0.0674855393358	0.017536088163	0.0214969135744	0.0237640997632	0.0752408547002	-0.0640032513768	0.0433263102175	0.00723421820919	0.00969673542963	-0.0552502792173	-0.0459723338989	-0.044044854715	-0.0331523298718	0.0280074994118
k__Bacteria;p__Bacteroidetes;c__Bacteroidia;o__Bacteroidales;f__Rikenellaceae;g__Alistipes;s__Alistipes_finegoldii	-0.0633489128933	-0.0173924290005	-0.0941841937616	0.0334684207959	-0.00700235070161	0.0100240779826	0.00108228455404	-0.00281895892633	1.0	0.0193600583119	-0.0356303770084	-0.0436945019656	-0.0272756885222	-0.016418811203	0.034274827392	-0.00617577135386	0.00718934269927	-0.0198928833486	-0.00922827986618	0.0254029031749	-0.0425075636854	-0.0428697208305	-0.00645777684092	0.0254712047543	-0.032181270402	-0.0488700642457	-0.0170454786275	-0.0548554462245	-0.0577178562274	-0.00307873372913	0.0265880183154	-0.00338463380705	0.0392766818246	0.000309872170229	-0.0282851670621	-0.0453884954775	0.0399417513217	-0.00306412768712	0.010313155656	-0.0228530956936	0.0777309214491	-0.0421628308411	0.0373879273305	0.00355451002098	-0.0819169390672	0.0150473528113	-0.0131702676072	-0.066714490018	-0.0534066774163	0.0225915415346	-0.0345516515774	-0.0572769457621	-0.00274465349177	-0.00130659625591	0.0252019731654	0.00856091589519	-0.0100483801894	0.0171513380917	0.0526603296049
k__Bacteria;p__Bacteroidetes;c__Bacteroidia;o__Bacteroidales;f__Porphyromonadaceae;g__Parabacteroides;s__Parabacteroides_distasonis	0.106210926818	-0.0856310174454	-0.00101804594743	-0.0280348786248	0.0100222910973	0.0127136497838	-0.0406098201985	-0.0899755475055	0.0193600583119	1.0	-0.0282218470196	-0.0390239161618	-0.0433643160822	-0.00137475347055	-0.0255069551961	-0.0511728424263	-0.0207550991792	-0.020309192527	-0.00556339974949	-0.055783559693	-0.00969347155496	-0.0288241441171	-0.0412417618137	0.0383303418711	0.00450952598239	0.0107864857557	0.0191501101187	0.000424445059903	-0.0305669930044	0.00951776403563	-0.0263224972275	0.0294885742825	-0.00385809413379	-0.0258437719613	0.0421166063028	-0.00793943813203	-0.0188188699034	0.0655193691078	-0.00141178379888	0.0113005891312	0.0348008898286	-0.0293305920983	0.0143100295074	0.00467759035892	0.0333244701372	-0.0692298836526	-0.0349431837678	-0.0566314420624	-0.0297950248221	-0.0842902106807	-0.0200886123368	-0.0375702645672	0.0343176480717	-0.00389760620186	0.0152465666046	0.06278201145	0.00276013552847	-0.0102963877856	0.075159946536
k__Bacteria;p__Bacteroidetes;c__Bacteroidia;o__Bacteroidales;f__Bacteroidaceae;g__Bacteroides;s__Bacteroides_thetaiotaomicron	-0.0456113904955	0.000347258916844	0.0115717703114	-0.120413656087	0.0116953599172	-0.0443460273217	0.0204990769626	-0.000942158361951	-0.0356303770084	-0.0282218470196	1.0	0.0222479294757	0.0293859215704	-0.0828846475767	0.0438035406508	0.0508457289869	0.0753611371289	0.0570685465829	0.033969290489	0.000684041972314	-0.0705712127038	-0.0157886595589	-0.0583646173267	0.047250230375	-0.0306523097031	0.0480497402599	0.0785154881923	-0.0472331395941	0.00813513541035	-0.0165620606352	-0.00225151892166	-0.0275506661216	0.00176488279614	0.000760022168298	-0.0330765849153	-0.00507675305192	0.0274880557266	-0.0492437588817	-0.00904183391202	0.0324524988516	0.0141199283196	-0.00613534499508	-0.021427009161	0.0795961251632	-0.00935013578061	0.0117000405534	-0.0573432803591	-0.0844924152249	-0.0333799395135	-0.00384003238728	-0.0567276699934	-0.0987811639895	-0.00500323310034	0.000534995708359	0.021522107614	-0.0526096200811	-0.0348644560219	-0.052261950823	-0.0232691028009
k__Bacteria;p__Bacteroidetes;c__Bacteroidia;o__Bacteroidales;f__Bacteroidaceae;g__Bacteroides;s__Bacteroides_coprocola	-0.00761289669007	-0.00688659993158	0.0537429827802	0.0377044272785	-0.0955191455422	0.0183024311265	0.013497378778	0.00489333313356	-0.0436945019656	-0.0390239161618	0.0222479294757	1.0	0.0238475961184	-0.0777375075701	-0.0371773962697	-0.0596763495781	-0.0211544193474	-0.0110275237383	0.0107463069246	-0.0136468254507	-0.070998731541	-0.0176001734064	-0.0321228093479	-0.0173702560075	0.0501865950087	-0.0142241978297	0.00184293846166	-0.0394140447603	0.0316882241357	0.00408975710596	0.00326992184411	0.0372829835933	-0.0409425183593	-0.0497979921077	-0.00466790133184	-0.00935089335421	-0.0415989742579	0.0140295754226	-0.00945411084982	-0.0289994483672	0.039965639119	-0.00261251338166	-0.061453365869	-0.00783978897662	0.00687308170733	0.00189315583795	0.0218879712248	0.00186825110346	-0.00568055479097	0.0545806648929	-0.0178006540526	0.0158666711592	-0.0138407959089	0.0701198720212	0.0424818349632	-0.00114590173576	0.0614912520412	0.0201379434519	0.0212013088678
k__Bacteria;p__Bacteroidetes;c__Bacteroidia;o__Bacteroidales;f__Bacteroidaceae;g__Bacteroides;s__Bacteroides_cellulosilyticus	-0.00237343986236	-0.0723646952965	0.0891636536313	-0.0385175275809	0.00720320332055	0.0480582203393	-0.0348598653367	-0.00880068455005	-0.0272756885222	-0.0433643160822	0.0293859215704	0.0238475961184	1.0	-0.0295365973958	-0.0106359722864	-0.0270123376026	-0.0499441189078	0.0123430976754	0.0447831568249	0.0699945606947	-0.0226498665379	0.012884000001	0.0182731409868	0.0227087250859	0.0122697282073	0.0723595697411	0.0118459173335	-0.0227928136811	0.001187728482	0.00334532905004	-0.0274192665781	-0.0557815349553	-0.00130088642574	0.0373656245485	0.0609130318407	-0.00746733670593	0.00868229970094	-0.0757097923681	0.00111504510158	-0.0720323103696	0.0100156947714	-0.0189764092906	-0.0746296672809	0.0577953819461	-0.0102101233735	-0.0161339245147	0.0083717357265	-0.0262340691399	0.0779450634876	-0.0291175753472	-0.0289783875767	-0.039563899089	-0.00612745150138	0.0325341247149	-0.0596845273458	0.0129082240942	-0.0419838277291	-0.0231952743106	-0.0457398831332
k__Bacteria;p__Bacteroidetes;c__Bacteroidia;o__Bacteroidales;f__Rikenellaceae;g__Alistipes;s__Alistipes_obesi	-0.0533964045669	0.024785161272	0.00250518034059	-0.0409936922795	0.036942422689	-0.0857764433417	0.0416795654229	-0.0488791811109	-0.016418811203	-0.00137475347055	-0.0828846475767	-0.0777375075701	-0.0295365973958	1.0	-0.0515763903927	-0.00777199591118	0.0282485653639	-0.0120696138205	-0.0188697885926	-0.0102226817033	-0.112891324436	-0.0147527593203	-0.0211268109335	-0.0220988264293	-0.0372283850604	-0.0548934988245	-0.0165397672992	-0.0891513525505	-0.013968530801	0.0323089797915	0.0278095611376	0.0307899512542	0.00296086381002	-0.0433467291122	-0.00903049437845	0.0330401721318	0.00185034774667	0.0399937736113	-0.0204549992639	-0.028805185027	-0.0507981076471	0.00618898901484	0.0175715087039	-0.0555292662485	0.00225582179935	-0.0339075639629	-0.0187946861049	0.039955532326	-0.0358171994645	-0.0302700655959	0.0654125402605	-0.0202892147165	-0.0247601467306	-0.00159564619688	-0.0470748144574	0.00989041019606	-0.0434822209209	0.0244363914108	0.00207632955433
k__Bacteria;p__Firmicutes;c__Clostridia;o__Clostridiales;f__Lachnospiraceae;g__;s__[Eubacterium]_rectale	-0.0319254077575	0.0139433303979	0.0165436542016	0.00526952879954	0.0121284852874	-0.025127995668	-0.0536941248291	-0.0117891907379	0.034274827392	-0.0255069551961	0.0438035406508	-0.0371773962697	-0.0106359722864	-0.0515763903927	1.0	0.0756528508875	-0.00356233689542	-0.00967171422268	-0.00177779427266	0.0202361447534	-0.0477179864015	0.0150298090621	-0.011633690686	-0.0112696706107	-0.0497539165224	0.0109108700577	0.0132980689567	0.00394037514784	0.00848440115877	0.0396347597566	-0.0087259085408	-0.0223203861023	-0.0234326214325	-0.0365754120272	0.022482486214	0.0073016536402	-0.0122272987565	-0.0712153506649	0.0389354531802	0.00161673653614	0.0376792236229	-0.00674933806177	-0.0233075164313	-0.067667025104	0.0251372240108	-0.0207395755227	-0.0214309968338	0.0472285135169	-0.027144560921	-0.00188261279912	0.0723863969616	-0.037552089252	-0.0536791376608	-0.0157722262838	0.0369471716159	-0.018089384298	-0.0346237995965	0.00467729510609	-0.0991375587609
k__Bacteria;p__Bacteroidetes;c__Bacteroidia;o__Bacteroidales;f__Bacteroidaceae;g__Bacteroides;s__Bacteroides_plebeius	0.0821815894539	0.0202454121854	-0.00165468886675	-0.040746166789	0.0130621698282	0.0205831959319	0.0277509536406	-0.0579584058873	-0.00617577135386	-0.0511728424263	0.0508457289869	-0.0596763495781	-0.0270123376026	-0.00777199591118	0.0756528508875	1.0	-0.0335292660003	0.0139798495655	-0.0083146239678	0.052234537722	0.0718646933698	-0.0332865869419	-0.0134168965849	0.0464156114153	0.0311400844445	-0.0180895165633	-0.0136197908139	-0.0272746995813	-0.0649060548188	0.00322018412678	0.0542584512292	-0.0399916502557	-0.0614595566859	0.0207845415202	0.0539274262135	-0.00127826928383	-0.0527107796152	-0.0321716411256	-0.0131781237483	-0.0448719024865	0.00923170128951	-0.0306565847092	0.0274325060922	-0.0320709792805	0.0308413764152	0.0240459004503	0.0293919535676	-0.0281225353284	-0.0161366800846	0.00177795587798	-0.0277182260607	0.0532318969668	-0.0443471792671	0.0232874533778	0.00107432110233	-0.0219015529412	0.0494089858691	-0.0550034715037	0.0074196296722
k__Bacteria;p__Bacteroidetes;c__Bacteroidia;o__Bacteroidales;f__Bacteroidaceae;g__Bacteroides;s__Bacteroides_fragilis	-0.0414124840747	-0.0105562347017	0.0563347463816	-0.0196896341115	-0.043821442401	0.0194975997642	-0.027097546417	-0.0573383236642	0.00718934269927	-0.0207550991792	0.0753611371289	-0.0211544193474	-0.0499441189078	0.0282485653639	-0.00356233689542	-0.0335292660003	1.0	0.0413103878565	-0.0498753242229	-0.0444773892877	-0.140998768183	0.0127423011742	-0.00588000040008	-0.0305680167513	0.00868002881149	-0.069638371257	-0.00196535923258	-0.0358859456331	-0.0569252270634	0.0314062159877	0.018309146531	-0.0206914722156	0.0816824182006	-0.0739126576746	-0.00332220933919	-0.00982385157778	-0.0546034050511	-0.0475141077765	-0.0368573377419	-0.0405221646688	-0.0286145341702	0.0280639214935	0.000833288480923	0.0287080621151	-0.0202273202075	-0.00532346777966	0.0100018083173	0.039274880751	0.0421863448087	-0.0846368611605	0.0147815258628	0.00384511418315	-0.0461287926302	0.0403627387851	-0.00281747079606	-0.0015682070988	-0.02655700798	0.0325867659812	-0.0234064910741
k__Bacteria;p__Proteobacteria;c__Betaproteobacteria;o__Burkholderiales;f__Sutterellaceae;g__Sutterella;s__Sutterella_wadsworthensis	-0.0325349595087	-0.01657990677	-0.0309658526923	0.017156660287	0.00808864297722	0.11375931665	-0.0302175885706	0.0164172175324	-0.0198928833486	-0.020309192527	0.0570685465829	-0.0110275237383	0.0123430976754	-0.0120696138205	-0.00967171422268	0.0139798495655	0.0413103878565	1.0	-0.0149119401032	-0.0167039997746	-0.00925998716842	-0.06640707649	-0.0372271863364	-0.0146942854456	0.0403781987291	-0.0586151762977	-0.0118203358383	0.0331917892291	0.000239425893499	0.0315862757676	-0.0877920231982	-0.00947724859934	0.0512119473332	0.0312812921328	0.00337489550493	-0.0269281061865	-0.0299825600112	-0.00714239522145	0.0014413525258	0.0144316418325	-0.040045680453	-0.0388860097016	-0.0110273881792	-0.0618451932592	-0.0128811051988	0.0533185139408	-0.00380744844259	-0.0309169839294	0.0464359333397	-0.0333413181404	-0.00860911657682	-0.041692062174	-0.0144052779541	-0.0125333007695	-0.0163619174318	-0.0638932225218	-0.0289971144911	-0.00797782497039	0.000207881885934
k__Bacteria;p__Bacteroidetes;c__Bacteroidia;o__Bacteroidales;f__Porphyromonadaceae;g__Barnesiella;s__Barnesiella_intestinihominis	0.0115442853098	-0.0156093974257	0.0221057711389	-0.0255842910449	-0.0535143146263	-0.086966883306	-0.0134951167839	-0.0305235262916	-0.00922827986618	-0.00556339974949	0.033969290489	0.0107463069246	0.0447831568249	-0.0188697885926	-0.00177779427266	-0.0083146239678	-0.0498753242229	-0.0149119401032	1.0	0.0514325134822	0.00861860002635	0.0027476492953	-0.02756194938	-0.00465989763189	-0.0198876349592	0.055412769924	-0.0725380685322	-0.00365549220379	-0.0517475977825	-0.0162975752536	-0.00435157020903	0.0383155106461	0.0358638371665	0.027064091586	-0.0373154452385	0.025370113614	-0.024088529952	-0.038141461431	-0.0482572030527	-0.0516815012359	-0.000564455461241	-0.073450045974	-0.0560970351406	-0.0328972173643	0.00847317366973	0.120913420748	0.0246461513687	-0.0690286146615	0.00189225679803	0.0148087624575	-0.013879538869	-0.0461128169362	0.012685094854	-0.0279936413265	-0.00827404884496	-0.0328342733495	0.00356858691766	0.067014441814	-0.07912018817
k__Bacteria;p__Bacteroidetes;c__Bacteroidia;o__Bacteroidales;f__Odoribacteraceae;g__Odoribacter;s__Odoribacter_splanchnicus	0.0538754223936	-0.00487054371909	-0.0196810829306	0.0109798766961	-0.067311743597	0.0267750377003	-0.00929233045566	-0.0867888385443	0.0254029031749	-0.055783559693	0.000684041972314	-0.0136468254507	0.0699945606947	-0.0102226817033	0.0202361447534	0.052234537722	-0.0444773892877	-0.0167039997746	0.0514325134822	1.0	-0.0134029008249	-0.073513541814	-0.0615180354649	-0.0343628437424	0.0197090814098	0.00503353516359	-0.00299421245721	-0.0273825078945	-0.0785499819382	0.0731492307378	0.0445805969221	-0.0315998402688	-0.0720903053534	-0.0184576290393	-0.0543629763386	-0.0321030318968	-0.0932267250037	0.00143138106924	0.0033098689385	0.0532962347601	0.0048249280605	-0.00333822153665	-0.0591103535519	-0.000631156548409	-0.0331692402689	0.00149230714872	0.0284933251245	-0.0306927488971	0.0754584431198	-0.0577724108661	-0.0223765348969	-0.0104153221724	0.014729866484	-0.050356772126	0.00494108363196	-0.0492389029512	0.0751319928688	0.0657895566419	-0.00635026326144
k__Bacteria;p__Bacteroidetes;c__Bacteroidia;o__Bacteroidales;f__Bacteroidaceae;g__Bacteroides;s__Bacteroides_salyersiae	0.0276193319054	-0.00963937286155	-0.0969302191416	0.0211915726036	0.0156441477225	0.0459546590932	0.0515368807311	-0.0336256343155	-0.0425075636854	-0.00969347155496	-0.0705712127038	-0.070998731541	-0.0226498665379	-0.112891324436	-0.0477179864015	0.0718646933698	-0.140998768183	-0.00925998716842	0.00861860002635	-0.0134029008249	1.0	0.0260911590041	0.085494182386	-0.0683593130132	-0.0369673053109	-0.0120690862291	-0.0470903371528	-0.0501162648193	-0.0367079065841	0.0649425237191	-0.0442882041944	0.0522696806881	-0.0127828992808	0.0423947233063	0.0160766626777	0.00508720924044	0.0364680449202	-0.0534967730388	0.020814639209	0.0244740576097	-0.0739548886723	-0.0696957714982	0.0281381724167	0.0654354398322	-0.0258542254394	0.0176544827059	-0.044180974322	0.00432797854345	-0.0188504668119	-0.0241258171612	-0.0136861737448	-0.0286798250503	-0.0901699471397	0.06200139685	0.00637878287745	0.0311911804649	0.0097255905186	0.0294169581282	-0.0325606524354
k__Bacteria;p__Firmicutes;c__Clostridia;o__Clostridiales;f__Ruminococcaceae;g__Ruminiclostridium;s__[Eubacterium]_siraeum	0.00171947031529	-0.0810676111618	0.0614664571422	0.0478833360206	0.0117496894756	0.0266387926757	0.0693142673195	-0.0401401782783	-0.0428697208305	-0.0288241441171	-0.0157886595589	-0.0176001734064	0.012884000001	-0.0147527593203	0.0150298090621	-0.0332865869419	0.0127423011742	-0.06640707649	0.0027476492953	-0.073513541814	0.0260911590041	1.0	-0.0266687342679	-0.0431355996737	0.013599337494	-0.0398637540183	-0.0467066358592	-0.0566717883482	-0.00122315781418	-0.00186564857093	0.0662595042027	-0.0408559967574	-0.00763439154687	0.00628711817375	0.0729209523878	-0.0613445614583	0.011649567927	-0.0608175603953	0.0126333214311	0.0189777685538	-0.0321834880575	0.114366668722	0.0840827348589	0.0663638604419	0.0113560015254	0.0280751401107	-0.0323888973194	-0.0369743905876	-0.103031129312	-0.000594948207689	0.00936478877879	-0.0258602670378	-0.048701583887	0.0335687108396	-0.0365832493239	-0.0686780543801	-0.00461742664762	-0.0302319783069	-0.0341574491134
k__Bacteria;p__Proteobacteria;c__Betaproteobacteria;o__Burkholderiales;f__Sutterellaceae;g__Parasutterella;s__Parasutterella_excrementihominis	-0.0843179399435	-0.0071696576517	0.00302637832786	0.0230027744694	0.0592765787376	0.0401620216489	-0.0304774638021	0.0540094812562	-0.00645777684092	-0.0412417618137	-0.0583646173267	-0.0321228093479	0.0182731409868	-0.0211268109335	-0.011633690686	-0.0134168965849	-0.00588000040008	-0.0372271863364	-0.02756194938	-0.0615180354649	0.085494182386	-0.0266687342679	1.0	0.0263093987498	0.0462552532801	0.023916771703	-0.0713477676612	0.0491909889359	0.0044711401495	0.0398186944113	0.0265423244911	0.0286518495454	-0.00572179511372	-0.107730869522	0.0939939859021	0.0424283442224	-0.0593646856411	-0.0289938117946	-0.0458084597035	-0.00102378262374	-0.01826193572	0.0190563423974	-0.0113076760438	0.0438049454583	-0.0522585961497	0.0315991043087	0.00686770935127	-0.00159701216919	-0.0760459507779	-0.0678893890187	0.0130629871076	0.000223650221106	0.056576544046	-0.0830737777681	-0.00694667017377	-0.0171584958882	0.00114692515616	0.029120450209	0.0347645973478
k__Bacteria;p__Actinobacteria;c__Actinobacteria;o__Bifidobacteriales;f__Bifidobacteriaceae;g__Bifidobacterium;s__Bifidobacterium_adolescentis	0.00695361157403	-0.00304459883409	0.0106861022251	-0.0113444958799	-0.0232804685145	-0.0540748723447	-0.0224817438192	-0.00791150880986	0.0254712047543	0.0383303418711	0.047250230375	-0.0173702560075	0.0227087250859	-0.0220988264293	-0.0112696706107	0.0464156114153	-0.0305680167513	-0.0146942854456	-0.00465989763189	-0.0343628437424	-0.0683593130132	-0.0431355996737	0.0263093987498	1.0	0.0349034990006	0.00423907339309	-0.0282322372158	0.022243987336	0.0527625225347	-0.0262181255942	0.0649201396762	-0.00801019985136	0.0319526665481	0.0395040147244	-0.0212566451857	0.00378323663319	-0.00399426434476	0.0502575223648	-0.0920496364032	-0.0486288860442	0.027854074279	-0.0215570010174	-0.0644214159602	-0.0179123066543	-0.0282465374875	-0.072149292082	-0.000772470522646	0.0178613136409	-0.0554789076627	0.0430741750213	-0.0318111976354	-0.053669367777	-0.0648939761114	-0.0266767290503	-0.0537859573084	0.0439968396498	-0.0414060960932	-0.0291117569505	-0.0472974162633
k__Bacteria;p__Firmicutes;c__Clostridia;o__Clostridiales;f__Oscillospiraceae;g__Oscillibacter;s__Oscillibacter_sp._KLE_1745	-0.0202175416787	-0.0139040043857	-0.0842973914199	-0.0604480796887	0.0353500473555	-0.0316745632021	-0.0149424770887	0.0567251680928	-0.032181270402	0.00450952598239	-0.0306523097031	0.0501865950087	0.0122697282073	-0.0372283850604	-0.0497539165224	0.0311400844445	0.00868002881149	0.0403781987291	-0.0198876349592	0.0197090814098	-0.0369673053109	0.013599337494	0.0462552532801	0.0349034990006	1.0	-0.0821923399799	-0.0583681719766	0.00298222744304	-0.0278189552914	0.0392180465772	0.0199809951725	-0.0343407794654	-0.040419966529	-0.0746920008941	-0.0351499046834	-0.0186956250669	0.0130403867765	-0.0516420380213	0.010115909589	0.0149554323389	-0.00505454345939	0.00416665342795	-0.0281667640422	-0.0137765135514	-0.00950004906786	-0.0142539869994	-0.0198411399139	-0.0126121592491	-0.0709875549224	0.0540883626677	-0.0203203917399	0.0473671924103	-0.030085235603	-0.0232338778645	-0.0289416195723	-0.0165592992116	-0.0682898593508	0.00994946979218	-0.0483898232651
k__Bacteria;p__Bacteroidetes;c__Bacteroidia;o__Bacteroidales;f__Bacteroidaceae;g__Bacteroides;s__Bacteroides_coprophilus	-0.0147068905092	-0.0388662402131	0.0039608672006	0.0636448742205	0.00945350927765	-0.0152551848149	0.0366974168331	0.00939134384871	-0.0488700642457	0.0107864857557	0.0480497402599	-0.0142241978297	0.0723595697411	-0.0548934988245	0.0109108700577	-0.0180895165633	-0.069638371257	-0.0586151762977	0.055412769924	0.00503353516359	-0.0120690862291	-0.0398637540183	0.023916771703	0.00423907339309	-0.0821923399799	1.0	-0.0321040835784	0.0311522269345	-0.0680945578206	-0.014788978619	-0.0785694969034	0.0550156545327	-0.0137142383699	0.0383134969405	0.0671507276828	0.0193705458761	0.0144279160441	0.0167095782184	-0.0725000796637	-0.0225828071851	0.0499113560403	-0.0364979678274	-0.0312678588464	-0.0164263359869	-0.00601988383903	-0.0226311304853	-0.0489010248321	0.0467790644666	0.0274325482992	0.0175250195356	-0.0173696231716	-0.040529559792	-0.0790355582323	-0.025808619027	0.0273381003632	-0.015134225667	-0.0107848098274	-0.0175849433772	-0.0243481073889
k__Bacteria;p__Firmicutes;c__Clostridia;o__Clostridiales;f__Lachnospiraceae;g__Roseburia;s__Roseburia_intestinalis	0.00569104651106	0.0310119931101	-0.00420431487847	0.0173674113378	0.0205649450326	-0.0310668871298	0.0322166488228	0.0120615088786	-0.0170454786275	0.0191501101187	0.0785154881923	0.00184293846166	0.0118459173335	-0.0165397672992	0.0132980689567	-0.0136197908139	-0.00196535923258	-0.0118203358383	-0.0725380685322	-0.00299421245721	-0.0470903371528	-0.0467066358592	-0.0713477676612	-0.0282322372158	-0.0583681719766	-0.0321040835784	1.0	-0.0261243162584	-0.0536846613744	-0.0249719528332	0.00281247621851	-0.0147849718888	0.0312095521414	0.0109147300065	-0.0830856755513	0.051749126946	-0.0917602246759	0.0607354641688	-0.0787458827912	0.0191286376821	-0.0183923647008	0.0041140003979	0.0380967712728	-0.0346342216949	0.0580391847765	-0.0437948026422	-0.0627000758666	-0.0795529221745	0.0637569458686	0.00802094024769	-0.0251046358849	0.0371724087291	0.013950846326	-0.0170150900194	0.0212315978058	0.0452012823223	-0.0487187646796	0.0534531818421	-0.00429804396108
k__Bacteria;p__Firmicutes;c__Clostridia;o__Clostridiales;f__Lachnospiraceae;g__Roseburia;s__Roseburia_hominis	-0.0428522476079	-0.0150897441069	-0.010976606593	0.00735230273381	0.041269394428	-0.00999516180873	-0.0125971209482	2.56677645582e-05	-0.0548554462245	0.000424445059903	-0.0472331395941	-0.0394140447603	-0.0227928136811	-0.0891513525505	0.00394037514784	-0.0272746995813	-0.0358859456331	0.0331917892291	-0.00365549220379	-0.0273825078945	-0.0501162648193	-0.0566717883482	0.0491909889359	0.022243987336	0.00298222744304	0.0311522269345	-0.0261243162584	1.0	0.0274360117792	-0.0778646300543	-0.12446191995	0.00789632986615	-0.00395841222189	-0.0172482033275	0.0107425823685	-0.0152346270112	-0.0125212721205	0.0418505285446	-0.041170005615	-0.0153435112909	0.0471458822172	-0.0174502885171	0.0120615934848	0.0053297663695	-0.0618140120209	0.0132737589145	0.0253681074652	0.00563831512445	0.00493101983923	0.0437324206856	0.0340185828787	0.023577685263	-0.0174642836189	0.0163220103014	-0.0216700547991	-0.0307474451666	0.0106485227984	0.0258474662473	-0.0284715938422
k__Bacteria;p__Bacteroidetes;c__Bacteroidia;o__Bacteroidales;f__Porphyromonadaceae;g__Parabacteroides;s__Parabacteroides_johnsonii	0.0252399310978	0.0255684914163	0.0308813281025	-0.029964887893	0.00202520210591	0.0104250140387	-0.0812580855817	-0.00311473871244	-0.0577178562274	-0.0305669930044	0.00813513541035	0.0316882241357	0.001187728482	-0.013968530801	0.00848440115877	-0.0649060548188	-0.0569252270634	0.000239425893498	-0.0517475977825	-0.0785499819382	-0.0367079065841	-0.00122315781418	0.0044711401495	0.0527625225347	-0.0278189552914	-0.0680945578206	-0.0536846613744	0.0274360117792	1.0	0.037635659479	-0.0317864779215	0.0398299424722	-0.0265723652606	-0.0176944727691	-0.132490415859	-0.0158377823581	0.00740425408741	0.0641157312004	0.0343729930583	0.0177366776005	0.0615648530784	0.0298347605092	0.0262797098304	-0.0289979852752	-0.046350757355	-0.0146056496294	-0.0345589649832	0.058254770612	-0.0477895158402	-0.0619225125463	-0.0247225765827	-2.33072312698e-05	0.00266200422094	0.0543957039844	-0.00459770797062	-0.043431741718	0.0145080744359	-0.05346596633	0.00451351171957
k__Bacteria;p__Actinobacteria;c__Actinobacteria;o__Bifidobacteriales;f__Bifidobacteriaceae;g__Bifidobacterium;s__Bifidobacterium_longum	-0.0617812771272	0.0562495985954	-0.0122484688524	-0.0116805285391	-0.123368528312	0.0632911832172	-0.0244868296544	0.0378504857439	-0.00307873372913	0.00951776403563	-0.0165620606352	0.00408975710596	0.00334532905004	0.0323089797915	0.0396347597566	0.00322018412678	0.0314062159877	0.0315862757676	-0.0162975752536	0.0731492307378	0.0649425237191	-0.00186564857093	0.0398186944113	-0.0262181255942	0.0392180465772	-0.014788978619	-0.0249719528332	-0.0778646300543	0.037635659479	1.0	-0.0218449447013	-0.02303596485	-0.0320555709031	-0.110152618986	-0.0464359433531	-0.0494442514445	-0.00606259904008	0.027061907044	-0.101161044444	-0.0145810123442	-0.0537612096064	0.0168202142062	-0.0237584082754	-0.0320527468708	0.0164763647643	0.0521567069294	0.00922358212489	-0.00988402672522	-0.0465031965882	0.038266417067	0.0588139706206	-0.0419961508773	-0.057386404153	0.00616236281181	0.00410835383555	0.0263507138209	0.0141998930753	0.0585436696763	0.0123217907148
