#taxonomy	k__Bacteria;p__Bacteroidetes;c__Bacteroidia;o__Bacteroidales;f__Bacteroidaceae;g__Bacteroides;s__Bacteroides_vulgatus	k__Bacteria;p__Bacteroidetes;c__Bacteroidia;o__Bacteroidales;f__Bacteroidaceae;g__Bacteroides;s__Bacteroides_uniformis	k__Bacteria;p__Bacteroidetes;c__Bacteroidia;o__Bacteroidales;f__Rikenellaceae;g__Alistipes;s__Alistipes_putredinis	k__Bacteria;p__Bacteroidetes;c__Bacteroidia;o__Bacteroidales;f__Prevotellaceae;g__Prevotella;s__Prevotella_copri	k__Bacteria;p__Bacteroidetes;c__Bacteroidia;o__Bacteroidales;f__Bacteroidaceae;g__Bacteroides;s__Bacteroides_stercoris	k__Bacteria;p__Bacteroidetes;c__Bacteroidia;o__Bacteroidales;f__Bacteroidaceae;g__Bacteroides;s__Bacteroides_ovatus	k__Bacteria;p__Bacteroidetes;c__Bacteroidia;o__Bacteroidales;f__Rikenellaceae;g__Alistipes;s__Alistipes_shahii	k__Bacteria;p__Firmicutes;c__Clostridia;o__Clostridiales;f__Ruminococcaceae;g__Faecalibacterium;s__Faecalibacterium_prausnitzii	k__Bacteria;p__Bacteroidetes;c__Bacteroidia;o__Bacteroidales;f__Rikenellaceae;g__Alistipes;s__Alistipes_finegoldii	k__Bacteria;p__Bacteroidetes;c__Bacteroidia;o__Bacteroidales;f__Porphyromonadaceae;g__Parabacteroides;s__Parabacteroides_distasonis	k__Bacteria;p__Bacteroidetes;c__Bacteroidia;o__Bacteroidales;f__Bacteroidaceae;g__Bacteroides;s__Bacteroides_thetaiotaomicron	k__Bacteria;p__Bacteroidetes;c__Bacteroidia;o__Bacteroidales;f__Bacteroidaceae;g__Bacteroides;s__Bacteroides_coprocola	k__Bacteria;p__Bacteroidetes;c__Bacteroidia;o__Bacteroidales;f__Bacteroidaceae;g__Bacteroides;s__Bacteroides_cellulosilyticus	k__Bacteria;p__Bacteroidetes;c__Bacteroidia;o__Bacteroidales;f__Rikenellaceae;g__Alistipes;s__Alistipes_obesi	k__Bacteria;p__Firmicutes;c__Clostridia;o__Clostridiales;f__Lachnospiraceae;g__;s__[Eubacterium]_rectale	k__Bacteria;p__Bacteroidetes;c__Bacteroidia;o__Bacteroidales;f__Bacteroidaceae;g__Bacteroides;s__Bacteroides_plebeius	k__Bacteria;p__Bacteroidetes;c__Bacteroidia;o__Bacteroidales;f__Bacteroidaceae;g__Bacteroides;s__Bacteroides_fragilis	k__Bacteria;p__Proteobacteria;c__Betaproteobacteria;o__Burkholderiales;f__Sutterellaceae;g__Sutterella;s__Sutterella_wadsworthensis	k__Bacteria;p__Bacteroidetes;c__Bacteroidia;o__Bacteroidales;f__Porphyromonadaceae;g__Barnesiella;s__Barnesiella_intestinihominis	k__Bacteria;p__Bacteroidetes;c__Bacteroidia;o__Bacteroidales;f__Odoribacteraceae;g__Odoribacter;s__Odoribacter_splanchnicus	k__Bacteria;p__Bacteroidetes;c__Bacteroidia;o__Bacteroidales;f__Bacteroidaceae;g__Bacteroides;s__Bacteroides_salyersiae	k__Bacteria;p__Firmicutes;c__Clostridia;o__Clostridiales;f__Ruminococcaceae;g__Ruminiclostridium;s__[Eubacterium]_siraeum	k__Bacteria;p__Proteobacteria;c__Betaproteobacteria;o__Burkholderiales;f__Sutterellaceae;g__Parasutterella;s__Parasutterella_excrementihominis	k__Bacteria;p__Actinobacteria;c__Actinobacteria;o__Bifidobacteriales;f__Bifidobacteriaceae;g__Bifidobacterium;s__Bifidobacterium_adolescentis	k__Bacteria;p__Firmicutes;c__Clostridia;o__Clostridiales;f__Oscillospiraceae;g__Oscillibacter;s__Oscillibacter_sp._KLE_1745	k__Bacteria;p__Bacteroidetes;c__Bacteroidia;o__Bacteroidales;f__Bacteroidaceae;g__Bacteroides;s__Bacteroides_coprophilus	k__Bacteria;p__Firmicutes;c__Clostridia;o__Clostridiales;f__Lachnospiraceae;g__Roseburia;s__Roseburia_intestinalis	k__Bacteria;p__Firmicutes;c__Clostridia;o__Clostridiales;f__Lachnospiraceae;g__Roseburia;s__Roseburia_hominis	k__Bacteria;p__Bacteroidetes;c__Bacteroidia;o__Bacteroidales;f__Porphyromonadaceae;g__Parabacteroides;s__Parabacteroides_johnsonii	k__Bacteria;p__Actinobacteria;c__Actinobacteria;o__Bifidobacteriales;f__Bifidobacteriaceae;g__Bifidobacterium;s__Bifidobacterium_longum	k__Bacteria;p__Firmicutes;c__Clostridia;o__Clostridiales;f__;g__Flavonifractor;s__Flavonifractor_plautii	k__Bacteria;p__Firmicutes;c__Clostridia;o__Clostridiales;f__Clostridiaceae;g__Clostridium;s__Clostridium_phoceensis	k__Bacteria;p__Verrucomicrobia;c__Verrucomicrobiae;o__Verrucomicrobiales;f__Akkermansiaceae;g__Akkermansia;s__Akkermansia_muciniphila	k__Bacteria;p__Bacteroidetes;c__Bacteroidia;o__Bacteroidales;f__Prevotellaceae;g__Paraprevotella;s__Paraprevotella_xylaniphila	k__Bacteria;p__Firmicutes;c__Clostridia;o__Clostridiales;f__Ruminococcaceae;g__Ruminococcus;s__Ruminococcus_callidus	k__Bacteria;p__Bacteroidetes;c__Bacteroidia;o__Bacteroidales;f__Rikenellaceae;g__Alistipes;s__Alistipes_senegalensis	k__Bacteria;p__Firmicutes;c__Clostridia;o__Clostridiales;f__Lachnospiraceae;g__Blautia;s__Blautia_sp._KLE_1732	k__Bacteria;p__Bacteroidetes;c__Bacteroidia;o__Bacteroidales;f__Bacteroidaceae;g__Bacteroides;s__Bacteroides_oleiciplenus	k__Bacteria;p__Firmicutes;c__Clostridia;o__Clostridiales;f__Ruminococcaceae;g__Ruminococcus;s__Ruminococcus_bicirculans	k__Bacteria;p__Bacteroidetes;c__Bacteroidia;o__Bacteroidales;f__Bacteroidaceae;g__Bacteroides;s__Bacteroides_fluxus	k__Bacteria;p__Bacteroidetes;c__Bacteroidia;o__Bacteroidales;f__Prevotellaceae;g__Prevotella;s__Prevotella_stercorea	k__Bacteria;p__Firmicutes;c__Clostridia;o__Clostridiales;f__Lachnospiraceae;g__Dorea;s__Dorea_longicatena	k__Bacteria;p__Firmicutes;c__Clostridia;o__Clostridiales;f__Eubacteriaceae;g__Eubacterium;s__[Eubacterium]_eligens	k__Bacteria;p__Firmicutes;c__Clostridia;o__Clostridiales;f__Ruminococcaceae;g__;s__Ruminococcaceae_bacterium_D16	k__Bacteria;p__Firmicutes;c__Clostridia;o__Clostridiales;f__Lachnospiraceae;g__Coprococcus;s__Coprococcus_comes	k__Bacteria;p__Proteobacteria;c__Gammaproteobacteria;o__Enterobacterales;f__Enterobacteriaceae;g__Escherichia;s__Escherichia_coli	k__Bacteria;p__Firmicutes;c__Clostridia;o__Clostridiales;f__Ruminococcaceae;g__Anaerotruncus;s__Anaerotruncus_colihominis	k__Bacteria;p__Firmicutes;c__Clostridia;o__Clostridiales;f__Lachnospiraceae;g__Blautia;s__Blautia_obeum	k__Bacteria;p__Bacteroidetes;c__Bacteroidia;o__Bacteroidales;f__Odoribacteraceae;g__Odoribacter;s__Odoribacter_laneus	k__Bacteria;p__Firmicutes;c__Clostridia;o__Clostridiales;f__Ruminococcaceae;g__Ruminiclostridium;s__[Clostridium]_leptum	k__Bacteria;p__Bacteroidetes;c__Bacteroidia;o__Bacteroidales;f__Porphyromonadaceae;g__Parabacteroides;s__Parabacteroides_goldsteinii	k__Bacteria;p__Firmicutes;c__Clostridia;o__Clostridiales;f__Lachnospiraceae;g__Anaerostipes;s__Anaerostipes_hadrus	k__Bacteria;p__Firmicutes;c__Clostridia;o__Clostridiales;f__Ruminococcaceae;g__Ruminococcus;s__Ruminococcus_lactaris	k__Bacteria;p__Firmicutes;c__Clostridia;o__Clostridiales;f__Clostridiaceae;g__Clostridium;s__Clostridium_sp._L2-50	k__Bacteria;p__Firmicutes;c__Clostridia;o__Clostridiales;f__Clostridiaceae;g__Clostridium;s__Clostridium_sp._M62/1	k__Bacteria;p__Firmicutes;c__Clostridia;o__Clostridiales;f__;g__Intestinimonas;s__Intestinimonas_butyriciproducens	k__Bacteria;p__Actinobacteria;c__Actinobacteria;o__Bifidobacteriales;f__Bifidobacteriaceae;g__Bifidobacterium;s__Bifidobacterium_bifidum	k__Bacteria;p__Firmicutes;c__Negativicutes;o__Veillonellales;f__Veillonellaceae;g__Dialister;s__Dialister_invisus	k__Bacteria;p__Bacteroidetes;c__Bacteroidia;o__Bacteroidales;f__Bacteroidaceae;g__Bacteroides;s__Bacteroides_salanitronis
k__Bacteria;p__Bacteroidetes;c__Bacteroidia;o__Bacteroidales;f__Bacteroidaceae;g__Bacteroides;s__Bacteroides_vulgatus	1.0	-0.077987592314	-0.0440751920005	0.0292368429579	0.0167029095143	-0.0350445388087	0.0205572016066	-0.0352301795697	-0.0557354768937	0.0212045569761	-0.0158734100317	0.00934906994759	-0.0559773641925	-0.0131908555665	0.0529805647812	0.010766652856	-0.0510771005792	-0.0139861841783	-0.0570230382191	-0.057001024538	-0.0463189896746	-0.0413982837419	0.0355993561717	-0.0341458038026	0.00600713553989	-0.0395352114068	0.0320461605557	-0.0535613924759	-0.0446688841341	0.0161049757706	0.0180464890294	0.0257249675188	0.0308553660081	-0.0280127979391	0.00287627084015	-0.0186548403854	-0.0515126397584	-0.0306819809414	-0.0412593131187	-0.086456958398	-0.0370188472348	-0.00250859743134	0.0253771076002	9.12203651896e-05	0.0321483761731	-0.0913393159149	0.0415472838305	-0.0634144953086	-0.00613402164141	-0.03936039812	0.0526900428115	0.0103342940039	0.0232745713773	-0.012611796492	-0.0370999141475	-0.0839195933359	0.0144486490917	0.0403544786984	0.0384323039203
k__Bacteria;p__Bacteroidetes;c__Bacteroidia;o__Bacteroidales;f__Bacteroidaceae;g__Bacteroides;s__Bacteroides_uniformis	-0.077987592314	1.0	0.0243606183073	-0.0197552651326	-0.0286742857828	0.0031796544934	-0.00792790020245	-0.0128128277187	0.0126736607173	-0.0255502357922	0.0263581873951	-0.00263238071582	0.014784137383	-0.0437012474827	-0.00478988686371	0.0127343923787	0.0565214516342	0.0426434963661	-0.0212960148695	-0.0362277326096	-0.0770609599648	0.0267900768118	0.0223344787825	-0.0327039715964	0.0893631241285	0.0384095469435	-0.0361151400258	-0.0246087824969	-0.0307189156216	-0.0262546129955	-0.0300579600203	0.00484061543281	-0.106297501199	-0.0149636279972	0.00154955430221	-0.0722163995939	0.0728525860847	0.0110716771199	-0.0638594633135	0.0256227314513	-0.0276034054127	0.0326104972034	-0.115079847752	0.0430572722364	-0.0131958505115	-0.019281692102	-0.0508012690655	-0.0708280995082	-0.0322348586238	-0.0463563628072	-0.0134873001994	-0.00797079358662	0.0166710794272	0.00842973638807	-0.0710680262352	-0.0205458807212	-0.0527645776806	-0.00967081811934	0.0034672847326
k__Bacteria;p__Bacteroidetes;c__Bacteroidia;o__Bacteroidales;f__Rikenellaceae;g__Alistipes;s__Alistipes_putredinis	-0.0440751920005	0.0243606183073	1.0	0.044048921162	0.00636198389032	-0.0197824078438	-0.011302626722	-0.0461794560515	0.0292755943981	0.000851640975465	0.0146212898379	0.057218520359	0.0170572538797	0.0425141825973	0.0272069731814	0.0294629038699	-0.0136111367082	-0.017163841172	-0.00168155305764	0.0291000900628	0.00520327318742	-0.06416523494	0.00093208625606	0.0103142567904	0.0039456782032	0.00492021087854	-0.0172012887668	-0.0368594827537	-0.0201307816183	-0.0150839391531	0.0206752568474	-0.0181699902465	-0.0515788554543	0.03146490706	-0.00396464141965	-0.045847948798	-0.0619121639167	-0.0254258918618	0.0120040766069	-0.00580270493286	0.0309018325812	-0.0127267344847	-0.0648928313883	-0.0235804068388	-0.0399260421444	0.030477840718	0.0142671298293	0.0156795493874	-0.0306541827833	0.000581998835437	-0.0119064115428	-0.00130962036065	0.0490678496098	-0.000223162344189	-0.0779683307526	-0.0668121562142	-0.0526660416708	0.00286007674784	-0.0130398860496
k__Bacteria;p__Bacteroidetes;c__Bacteroidia;o__Bacteroidales;f__Prevotellaceae;g__Prevotella;s__Prevotella_copri	0.0292368429579	-0.0197552651326	0.044048921162	1.0	-0.0356182871024	0.0494902873899	0.0231852000955	-0.0134535786769	-0.0128534404414	-0.0905328890492	-0.0131026479144	-0.0273238407694	-0.0132871115007	-0.0538025163087	-0.0198852166231	-0.00449454610848	-0.0541324584737	-0.0107382188383	0.017723674964	-0.00944942354439	-0.0965606583332	-0.0530874956052	-0.00658808807459	-0.0239454749221	-0.0334102633997	-0.0201695380684	0.0792482386713	-0.0107257622555	-0.0522417410908	-0.0828149675099	0.0156774023352	-0.050907886765	-0.0231617123926	-0.0143802716394	-0.0933574483759	-0.0614700736717	0.0609577647182	-0.0768045409358	0.0643649400327	-0.00536309940361	-0.0127808413203	-0.0548929149756	0.0570988742852	-0.0459661892613	-0.00180712488553	0.0437116242856	0.0494889098341	-0.00599815515697	-0.0379365359372	-0.0195330528566	-0.0293745939285	-0.0433058039174	-0.00417251001978	-0.00464369501302	0.00399547205818	-0.0452341232791	-0.0203876357595	0.0136332053741	0.0169191957554
k__Bacteria;p__Bacteroidetes;c__Bacteroidia;o__Bacteroidales;f__Bacteroidaceae;g__Bacteroides;s__Bacteroides_stercoris	0.0167029095143	-0.0286742857828	0.00636198389032	-0.0356182871024	1.0	-0.00896545591702	0.0467772660218	-0.0259627698332	-0.0610855356989	0.0866061315594	-0.0342823574238	0.0123812278387	-0.0779960863584	-0.0936588247589	-0.0032316991785	0.0345690512689	-0.0587048215595	0.0237232527408	0.0410347261553	0.0110378581123	-0.0269965070477	0.0102835251747	0.0371051780358	-0.0553442773058	0.0311274655774	-0.00432331253041	-0.0241704704368	-0.0616017301496	0.00204878100514	0.00644517700207	-0.012402232577	0.0214066249143	-0.0261856039969	-0.0495721157703	-0.0140550117921	-0.0503147871832	-0.0594831572728	0.044316554765	0.0446179970678	-0.120151180884	0.114672454301	-0.0826000254386	0.0136141600611	-0.0282641537942	-0.00558121762462	-0.015092522644	-0.0667430496755	-0.00250782139236	-0.0402167407065	-0.0674658279909	-0.105968214837	0.021791553171	0.0704238565545	-0.0483495919807	-0.106261655831	0.00190465253716	-0.0407228202276	-0.00840829141286	0.0238237827618
k__Bacteria;p__Bacteroidetes;c__Bacteroidia;o__Bacteroidales;f__Bacteroidaceae;g__Bacteroides;s__Bacteroides_ovatus	-0.0350445388087	0.0031796544934	-0.0197824078438	0.0494902873899	-0.00896545591702	1.0	-0.0403531817528	0.0414209074034	-0.0288852938195	-0.0858358591624	0.0124434005181	0.00916778826336	0.0207541995006	0.0129815772772	-0.0447587447989	0.00120688487084	-0.0486063005276	0.0234443804213	0.0379294557474	0.0121129744697	0.0600610587695	-0.0227501127356	0.00841416485407	-0.0110194094197	-0.0269571416382	0.0112878046098	-0.00182397108814	-0.00785567960075	-0.0493502510867	0.00852753554425	0.0357794363045	0.00395133500199	-0.0146182323197	-0.00583777523145	-0.0617107548194	0.0121697107048	0.0232091329766	-0.0212197745295	-0.0229089277772	-0.0298577707252	-0.014882566247	0.0205607867387	-0.0260533278809	-0.0281327945664	-0.0405922998824	0.0106365872429	0.000575323776934	-0.0190057128478	-0.0288524330559	-0.0255144347239	-0.00430395032478	0.0597479135988	0.0224028421944	-0.0127334731187	0.00893337190276	0.0289631097193	-0.0534006363976	0.00688812037811	-0.0114904371429
k__Bacteria;p__Bacteroidetes;c__Bacteroidia;o__Bacteroidales;f__Rikenellaceae;g__Alistipes;s__Alistipes_shahii	0.0205572016066	-0.00792790020245	-0.011302626722	0.0231852000955	0.0467772660218	-0.0403531817528	1.0	-0.0350238931356	-0.0897086231579	-0.00669042876039	-0.053494947168	-0.00757232987901	-0.00286955708902	-0.0700939567921	0.0109470510032	-0.0232943861719	-0.0692450364094	-0.0329293604251	-0.0378405964424	0.0788697675907	0.0239152028423	0.0442315546357	0.039567955922	-0.0494453165366	-0.0661907566104	-0.0508935817515	-0.0518596418474	-0.00401717993961	-0.0122699867429	-0.0419793461439	0.0181835571624	-0.0140896984488	-0.00319575495856	-0.0686071777132	0.00178800911098	0.00874660672205	0.00777590276397	-0.0288524500219	-0.00173447339363	-0.0643911059315	0.00483670157287	0.0640310169039	-0.00235407359159	0.00344757166945	0.0461369693267	-0.0103777266051	-0.0696512473001	-0.000537461324958	0.0109273588161	0.0344048897577	-0.0324000322686	0.0447210237683	-0.0317868060124	-0.0522216117387	0.0280580809492	0.023443299109	-0.0686009176773	-0.0414217679271	0.000714302180081
k__Bacteria;p__Firmicutes;c__Clostridia;o__Clostridiales;f__Ruminococcaceae;g__Faecalibacterium;s__Faecalibacterium_prausnitzii	-0.0352301795697	-0.0128128277187	-0.0461794560515	-0.0134535786769	-0.0259627698332	0.0414209074034	-0.0350238931356	1.0	0.0221679890135	0.0194025982	-0.0266718142168	-0.0229155021198	-0.050867671053	-0.00153546108574	-0.00773023411222	0.0181579332071	-0.0575716209041	-0.0378789682976	-0.0573385126557	0.00142591605541	-0.0360612926502	-0.019052762182	0.00332515132897	0.000179676795619	0.0212117361308	0.0172932124409	-0.0235239260554	-0.0442475055926	0.0200927264225	0.0653287275298	0.0277568051521	-0.0862587981005	-0.000201586569448	-0.0472978986122	-0.0769591388533	0.00158430875383	-0.0776589579764	0.0174526732061	-0.0273673023676	0.0344527485195	0.0283054740298	-0.00543079630745	0.0653940818394	0.0100766836706	-0.0523049102242	-0.0540966898108	-0.00116421325655	-0.0598622908802	-0.0532564684258	-0.0712179733231	-0.00789602217625	-0.00206553609414	-0.0103859027462	0.0139864707751	0.00904443708844	-0.0249730484448	-0.00139858977553	0.023859603439	-0.0325524313565
k__Bacteria;p__Bacteroidetes;c__Bacteroidia;o__Bacteroidales;f__Rikenellaceae;g__Alistipes;s__Alistipes_finegoldii	-0.0557354768937	0.0126736607173	0.0292755943981	-0.0128534404414	-0.0610855356989	-0.0288852938195	-0.0897086231579	0.0221679890135	1.0	0.00248199673251	-0.0411152300723	0.0174429192018	0.0230339615682	0.0260584259074	0.00771226575764	0.0455249285323	0.0243036919359	-0.0352029071611	-0.0467979126245	-0.00631173839366	0.0157216384434	0.0272556518291	-0.0162440185868	0.0823290844506	-0.087309039667	0.0270063712484	0.000551174084746	0.0172022465868	-0.0382105617808	-0.0658579326446	-0.0275454493909	-0.00703215979525	-0.0340421487035	-0.0765688160204	-0.0251040572179	0.0314042877448	0.0304527268525	0.0163992894636	-0.0921665304526	0.0707984238633	-0.00909161604502	0.0223119926466	-0.053952190509	0.0228777159445	0.0257579986518	0.00213922080369	0.00437962432706	0.0147135157451	0.0462212097483	-0.0432504433441	-0.0156274192582	-0.00275781507562	0.032960164247	-0.0190042800489	-0.0572930329377	-0.0171040743387	-0.0556909290747	0.0295123116696	0.000695000428507
k__Bacteria;p__Bacteroidetes;c__Bacteroidia;o__Bacteroidales;f__Porphyromonadaceae;g__Parabacteroides;s__Parabacteroides_distasonis	0.0212045569761	-0.0255502357922	0.000851640975465	-0.0905328890492	0.0866061315594	-0.0858358591624	-0.00669042876039	0.0194025982	0.00248199673251	1.0	0.019535425255	-0.0120313318801	-0.0149356047227	-0.0982875308751	0.0297291870735	-0.0487304151201	-0.0501862418802	0.00862244036421	-0.0553714727245	0.00826814614901	-0.0037726300184	0.0299825726004	0.0119078497727	-0.035093736655	0.00536381257852	0.000417148806769	0.00401724053347	-0.039976945343	-0.0319082502792	-0.0354220351279	0.00145540325203	0.0120800804539	0.0205636149307	0.000756578778466	0.0216253484035	0.0658955068707	-0.0524625842669	-0.0116440674251	0.00297811944757	-0.0483706218838	-0.0238008443679	-0.0391631367403	-0.0176105995021	-0.0198136782669	0.0130383564918	0.0317717281446	-0.0466928398617	-0.00422348225213	-0.0541111247091	-0.0548080434585	0.0196224625303	0.0218955615123	-0.0754549355788	-0.0416255300242	0.0484127469097	-0.037759263173	0.0716008306066	0.113701792098	-0.0357300950087
k__Bacteria;p__Bacteroidetes;c__Bacteroidia;o__Bacteroidales;f__Bacteroidaceae;g__Bacteroides;s__Bacteroides_thetaiotaomicron	-0.0158734100317	0.0263581873951	0.0146212898379	-0.0131026479144	-0.0342823574238	0.0124434005181	-0.053494947168	-0.0266718142168	-0.0411152300723	0.019535425255	1.0	0.049484914642	0.010141470851	0.0328677261907	0.0699504636947	-0.00408986922949	0.0245142623141	0.0451390684259	0.0146819570959	-0.086042292022	-0.0742149914559	0.0107214383423	0.0224306708473	-0.019918511594	0.0666840207242	0.0179439372773	-0.00147320718139	-0.0447322046706	-0.0393874705874	-0.0249589826328	0.00344516134974	-0.0165690899607	-0.0356498389882	0.00156319783209	-0.0380085174505	0.016550924836	-0.0736512906679	-0.00999511921478	-0.055378266701	-0.000472824114396	0.0820492084375	0.0280771902493	0.0180654783617	0.0578889862049	-0.0449392391433	0.0118237168919	-0.136805930734	0.0118139746244	-0.0226221261143	0.0167235028227	-0.132909151005	0.0441773053686	-0.0291409544601	-0.0414316825578	-0.0223162705889	-0.0541419789626	0.0349735544021	0.00520600433993	0.000605608711854
k__Bacteria;p__Bacteroidetes;c__Bacteroidia;o__Bacteroidales;f__Bacteroidaceae;g__Bacteroides;s__Bacteroides_coprocola	0.00934906994759	-0.00263238071582	0.057218520359	-0.0273238407694	0.0123812278387	0.00916778826336	-0.00757232987901	-0.0229155021198	0.0174429192018	-0.0120313318801	0.049484914642	1.0	0.0176032490608	0.0074315088197	-0.0509943795917	-0.00631308736683	-0.0186701410214	0.0226085076314	-0.0414955646647	-0.0149432710852	-0.0620131555162	-0.0358500296809	-0.0244221594837	-0.0195892796415	-0.0546374380694	0.0190125628607	-0.0196745101731	0.0205259916239	-0.0654967907253	0.0226860094784	-0.0292014085464	-0.0373017808992	-0.0466738658878	-0.0821974913691	-0.00386971793913	0.0266167666747	-0.0790661683707	-0.00414607021495	-0.0132781746488	0.00111809182097	-0.0364246963736	0.00927870040672	-0.0610211055094	-0.0413236969006	0.0218282055027	-0.0294132752006	0.0138607636227	-0.00923023992045	-0.0532013395174	-0.0174678569491	-0.0210793959802	0.0254256611675	-0.00335110905087	-0.0621143526776	-0.0095001331286	-0.00557737856527	-0.11510236021	0.0238351478069	0.0224052258848
k__Bacteria;p__Bacteroidetes;c__Bacteroidia;o__Bacteroidales;f__Bacteroidaceae;g__Bacteroides;s__Bacteroides_cellulosilyticus	-0.0559773641925	0.014784137383	0.0170572538797	-0.0132871115007	-0.0779960863584	0.0207541995006	-0.00286955708902	-0.050867671053	0.0230339615682	-0.0149356047227	0.010141470851	0.0176032490608	1.0	0.00637460244031	0.0279349632843	0.0493854166139	-0.0793520892364	-0.0254610633774	0.0302928432836	-0.0267650479361	-0.000524884302611	0.0241059913568	0.0253070797994	-0.0616156529751	-0.0543340134989	-0.0197098345505	-0.0320863322457	-0.0329230913405	-0.0479685582537	-0.0544103808051	-0.0323693251176	0.0924636184331	-0.0439302575073	-0.0787846697571	0.0355044440783	-0.0559998834047	-0.0174855427333	-0.0871822711306	0.0260232200881	0.0392009950854	0.0283181986413	0.063861558501	-0.0232833121398	0.0868724605907	-0.0267063444119	-0.0649192872265	-0.0432610655931	-0.0292060173955	-0.00386177621212	0.0378837805043	-0.062123548363	0.0226794290839	0.0103719852368	-0.0263865961749	-0.0218521533787	-0.0304975218243	0.0479449410034	-0.0163162837172	0.058754890099
k__Bacteria;p__Bacteroidetes;c__Bacteroidia;o__Bacteroidales;f__Rikenellaceae;g__Alistipes;s__Alistipes_obesi	-0.0131908555665	-0.0437012474827	0.0425141825973	-0.0538025163087	-0.0936588247589	0.0129815772772	-0.0700939567921	-0.00153546108574	0.0260584259074	-0.0982875308751	0.0328677261907	0.0074315088197	0.00637460244031	1.0	-0.0755034428288	-0.0183430289617	-0.0368843504715	0.0654673574856	-0.00634485966322	-0.0493258890852	-0.0104769672016	0.00789250978706	-0.0365038711402	0.0158444219415	-0.00437358200651	-0.0567554307208	0.0673231615721	-0.0142427711678	0.000136526223177	0.0175362249256	-0.0202349370605	-0.00454988566432	0.00769360053226	-0.00613335596953	-0.0557651346827	-0.0173758146149	-0.0197468318824	0.0130542242481	0.0589402144465	0.0331564538935	-0.0322703414001	0.0163876937901	-0.0239203374177	0.0420451936414	-0.00418205627391	0.00262724813602	-0.0728291552519	-0.112102569023	-0.0624601334985	-0.0330982917623	-0.0423967687263	-0.02985273841	-0.00676969210816	-0.102554691664	-0.048585492557	0.0457168130483	0.0232236269945	-0.050381690614	-0.0227518485563
k__Bacteria;p__Firmicutes;c__Clostridia;o__Clostridiales;f__Lachnospiraceae;g__;s__[Eubacterium]_rectale	0.0529805647812	-0.00478988686371	0.0272069731814	-0.0198852166231	-0.0032316991785	-0.0447587447989	0.0109470510032	-0.00773023411222	0.00771226575764	0.0297291870735	0.0699504636947	-0.0509943795917	0.0279349632843	-0.0755034428288	1.0	-0.0674131560556	0.0351310649208	0.0451836501689	-0.0152809234677	-0.045765209339	0.00951980172713	0.00533705099199	-0.0224506024333	-0.0361106182618	-0.033341839689	0.00903603526691	-0.0273036645728	0.0324092831535	-0.0171302745188	-0.00535787034653	-0.0613480996017	0.00547881507636	0.0202071436732	-0.0327483872205	0.00467511561645	0.0378583235649	0.0200744200421	-0.000788906330094	-0.0132017245779	-0.0257147450041	-0.0225665321362	-0.070492580711	-0.0824286148852	-0.0217393775273	0.0258763613992	-0.11013352011	-0.053041615289	-0.0338083956604	0.0242850458096	-0.104789582153	0.00842079659245	0.0156319897602	-0.0499947884642	-0.00863022493774	-0.033963971652	0.00641035755626	-0.0374558328296	-0.0162864939127	-0.0131215108263
k__Bacteria;p__Bacteroidetes;c__Bacteroidia;o__Bacteroidales;f__Bacteroidaceae;g__Bacteroides;s__Bacteroides_plebeius	0.010766652856	0.0127343923787	0.0294629038699	-0.00449454610848	0.0345690512689	0.00120688487084	-0.0232943861719	0.0181579332071	0.0455249285323	-0.0487304151201	-0.00408986922949	-0.00631308736683	0.0493854166139	-0.0183430289617	-0.0674131560556	1.0	4.06804234289e-05	-0.0294382006154	0.0036016587648	-0.0708550469769	-0.00436301689389	0.0389521683522	0.0291013495871	-0.054528119519	-0.0163359704987	0.00643716880412	0.0722125924542	0.0310225114653	-0.0282042048594	0.000920255604782	0.0537345260395	0.0161740369824	-0.0847740411476	0.0180763293318	-0.106529445781	-0.00881736060349	0.04967987562	-0.0174689602853	0.00144592213608	-0.0292381368033	0.011229508086	-0.0732860760721	0.0462954066996	-0.0298282410059	0.00249115806119	-0.028385135395	-0.0609494037419	-0.0112302088248	0.0427378549108	0.0551838217887	0.0138122826758	-0.011907117936	-0.0255286244022	-0.0216554215186	-0.043149888449	0.013853064734	-0.0125041283523	0.00345408341509	-0.0262051572128
k__Bacteria;p__Bacteroidetes;c__Bacteroidia;o__Bacteroidales;f__Bacteroidaceae;g__Bacteroides;s__Bacteroides_fragilis	-0.0510771005792	0.0565214516342	-0.0136111367082	-0.0541324584737	-0.0587048215595	-0.0486063005276	-0.0692450364094	-0.0575716209041	0.0243036919359	-0.0501862418802	0.0245142623141	-0.0186701410214	-0.0793520892364	-0.0368843504715	0.0351310649208	4.0680423429e-05	1.0	0.0610585492642	-0.0218865089327	0.0331609517482	0.00970514558356	0.0228992792369	-0.0383089802507	-0.0436988096545	-0.0358257152289	0.00508583979223	-0.0768634236139	-0.0577082665035	0.0722990598278	0.0179422925122	0.0356751432717	-0.0319607969427	-0.0540582091731	-0.0330472947885	-0.00537213768018	-0.049288126827	-0.0390672541526	0.010246513783	-0.00977674081127	0.018355518487	-0.0136282806332	-0.00419156899405	-0.11099284528	0.0181624671843	-0.0249110521198	-0.0190558398018	-0.0485173284028	0.0655743583754	-0.0255562084404	0.0296322292449	-0.00767569781972	0.0525545958043	-0.00771932902341	-0.00815323358254	-0.0822388609382	0.0686017475374	0.0468604112805	0.0713367512776	-0.00539481199223
k__Bacteria;p__Proteobacteria;c__Betaproteobacteria;o__Burkholderiales;f__Sutterellaceae;g__Sutterella;s__Sutterella_wadsworthensis	-0.0139861841783	0.0426434963661	-0.017163841172	-0.0107382188383	0.0237232527408	0.0234443804213	-0.0329293604251	-0.0378789682976	-0.0352029071611	0.00862244036421	0.0451390684259	0.0226085076314	-0.0254610633774	0.0654673574856	0.0451836501689	-0.0294382006154	0.0610585492642	1.0	-0.0758682955327	0.0585979607776	0.00210502168867	-0.00233517057082	-0.00797850738355	-0.0230208602825	0.0545277568316	-0.086237677167	-0.00171596455264	0.00703042298228	-0.0105777511026	0.0922027640461	0.0529576149941	-0.0155436888528	0.0356303309519	-0.0295852723859	-0.012665551908	0.027497014149	-0.039305029501	-0.050635354953	-0.00376673218764	-0.101037178028	0.0371500479313	0.0172595006967	-0.0226385124335	-0.0259905377266	-0.0457686493633	-0.00726850925139	0.0126394979801	0.0292209842812	0.0426867346792	-0.0326731474666	0.0377858663623	-0.0434450015751	-0.00943960070447	-0.0412817659924	-0.0040007984288	-0.00557207981317	0.0278579249223	-0.0621980773052	-0.0328941729084
k__Bacteria;p__Bacteroidetes;c__Bacteroidia;o__Bacteroidales;f__Porphyromonadaceae;g__Barnesiella;s__Barnesiella_intestinihominis	-0.0570230382191	-0.0212960148695	-0.00168155305764	0.017723674964	0.0410347261553	0.0379294557474	-0.0378405964424	-0.0573385126557	-0.0467979126245	-0.0553714727245	0.0146819570959	-0.0414955646647	0.0302928432836	-0.00634485966322	-0.0152809234677	0.0036016587648	-0.0218865089327	-0.0758682955327	1.0	0.027768979876	0.0378094112798	-0.0336425619956	-0.0170927141238	-0.0238937418816	0.00429787491313	0.0408130761575	-0.00114940180827	-0.0128768800975	-0.000583055818012	-0.0018682980005	-0.0368182099654	0.0455370880072	0.013673665114	0.00211285976493	0.0137203528436	-0.0170097483491	-0.0345463841101	0.0613363714411	0.0490231052121	0.0479299443905	-0.036451065894	-0.0191978646185	-0.00476167145934	-0.0289737424911	-0.0176424213982	-0.0201558382977	-0.00187019981202	-0.0666553112323	0.0404688096242	-0.0222629900212	-0.0557829902924	0.0167771834758	-0.0179548430139	-0.0545510766766	0.0708918887854	0.00428499425966	0.0358411436756	-0.00400665334822	0.0509209112395
k__Bacteria;p__Bacteroidetes;c__Bacteroidia;o__Bacteroidales;f__Odoribacteraceae;g__Odoribacter;s__Odoribacter_splanchnicus	-0.057001024538	-0.0362277326096	0.0291000900628	-0.00944942354439	0.0110378581123	0.0121129744697	0.0788697675907	0.00142591605541	-0.00631173839366	0.00826814614901	-0.086042292022	-0.0149432710852	-0.0267650479361	-0.0493258890852	-0.045765209339	-0.0708550469769	0.0331609517482	0.0585979607776	0.027768979876	1.0	0.0251154560594	-0.0372575107365	-0.0188073189686	0.0104855596305	-0.0221196246978	0.0429638290748	-0.0245444847638	0.00935152042186	0.0911739584897	-0.0633675927802	-0.00205767774597	-0.0399390801624	-0.0180459834532	-0.0318659070665	0.0804238848096	-0.0227617138635	-0.0430669934815	0.0124768931208	0.0712949479266	-0.0108112775543	-0.0785291422391	0.125713907934	-0.0113588446878	-0.00082109886051	-0.0410104980779	-0.0573879027081	-0.0170289684686	0.000176353181	-0.0250675057276	-0.0227920518551	0.0150403263633	-0.0502345002435	-0.0417199554224	0.0142495796548	-0.0504512624014	0.000137307130466	-0.0121413394191	0.0692353839264	-0.0325630526034
k__Bacteria;p__Bacteroidetes;c__Bacteroidia;o__Bacteroidales;f__Bacteroidaceae;g__Bacteroides;s__Bacteroides_salyersiae	-0.0463189896746	-0.0770609599648	0.00520327318742	-0.0965606583332	-0.0269965070477	0.0600610587695	0.0239152028423	-0.0360612926502	0.0157216384434	-0.0037726300184	-0.0742149914559	-0.0620131555162	-0.000524884302611	-0.0104769672016	0.00951980172713	-0.00436301689389	0.00970514558356	0.00210502168867	0.0378094112798	0.0251154560594	1.0	-0.00259992782218	0.024197562529	0.0115081215619	-0.0320976410109	0.0507608649799	-0.0741121391695	0.0044438914129	0.0419830097199	0.037273147071	-0.0383711125022	0.0571087572915	-0.0394184431565	-0.0720877678005	0.000641040211119	-0.0197869338799	0.0441967982346	0.0351410690453	-0.0372048424993	-0.0377561776641	0.00100544201077	0.0251383379723	0.0313387695604	0.058672636389	-0.022669465204	-0.0131625278678	0.0186495542872	0.00392572630013	-0.0176741034169	-0.0456661949799	0.0241886151782	-0.0216924139041	0.00216106098243	-0.0497229390332	-0.0390742574936	-0.029912987529	0.00504326841886	-0.00241085519962	-0.00862667827364
k__Bacteria;p__Firmicutes;c__Clostridia;o__Clostridiales;f__Ruminococcaceae;g__Ruminiclostridium;s__[Eubacterium]_siraeum	-0.0413982837419	0.0267900768118	-0.06416523494	-0.0530874956052	0.0102835251747	-0.0227501127356	0.0442315546357	-0.019052762182	0.0272556518291	0.0299825726004	0.0107214383423	-0.0358500296809	0.0241059913568	0.00789250978706	0.00533705099199	0.0389521683522	0.0228992792369	-0.00233517057082	-0.0336425619956	-0.0372575107365	-0.00259992782218	1.0	0.039142409434	-0.0335737042591	-0.0171790657525	-0.0180912662571	0.0295157808667	-0.0565261716244	-0.0302805103253	-0.00921550913269	0.0221317147704	0.0125847787547	-0.0321259439784	-0.053408007577	0.0424274613942	0.0403909348158	0.0236318295314	-0.0712821363257	0.00824925606216	-0.0176975971049	0.00950407461333	-0.00392658082228	-0.0285127246556	0.0142986234614	0.0326801299081	-0.00575179535303	-0.0544809043792	-0.0321929590499	-0.0237883162632	0.0859276344943	-0.0125391880312	-0.0725092117344	-0.0413492354706	-0.000205320340064	-0.0146264923077	0.0117847176831	0.00523772984008	0.0661558646412	0.0590484378891
k__Bacteria;p__Proteobacteria;c__Betaproteobacteria;o__Burkholderiales;f__Sutterellaceae;g__Parasutterella;s__Parasutterella_excrementihominis	0.0355993561717	0.0223344787825	0.00093208625606	-0.00658808807459	0.0371051780358	0.00841416485407	0.039567955922	0.00332515132897	-0.0162440185868	0.0119078497727	0.0224306708473	-0.0244221594837	0.0253070797994	-0.0365038711402	-0.0224506024333	0.0291013495871	-0.0383089802507	-0.00797850738355	-0.0170927141238	-0.0188073189686	0.024197562529	0.039142409434	1.0	-0.0651256674663	-0.0134757334642	-0.00320753650441	0.0306640584914	-0.0200906779176	0.0270136792062	3.19158243511e-05	-0.00529866520194	-0.0467504758567	0.00951655895426	-0.0234581102485	-0.0273181397254	-0.0258436368285	0.0270782679063	-0.0475803421817	-0.0428164774821	0.0446053558392	0.0104772416491	-0.0100781773202	0.0150117674106	0.0490918834618	-0.0123326624568	-0.0603447845198	-0.0456435557081	-0.0425182918909	0.0337185213908	0.0181983546015	-0.0415862726107	-0.00701395623194	0.0368395239845	-0.0409594245777	-0.0172202389282	-0.00554509446204	0.0356092399844	-0.0784254418991	-0.0704649032596
k__Bacteria;p__Actinobacteria;c__Actinobacteria;o__Bifidobacteriales;f__Bifidobacteriaceae;g__Bifidobacterium;s__Bifidobacterium_adolescentis	-0.0341458038026	-0.0327039715964	0.0103142567904	-0.0239454749221	-0.0553442773058	-0.0110194094197	-0.0494453165366	0.000179676795619	0.0823290844506	-0.035093736655	-0.019918511594	-0.0195892796415	-0.0616156529751	0.0158444219415	-0.0361106182618	-0.054528119519	-0.0436988096546	-0.0230208602825	-0.0238937418816	0.0104855596305	0.0115081215619	-0.0335737042591	-0.0651256674663	1.0	0.0338323365131	0.0185455843892	0.0199746133926	-0.0297910932	0.018912400977	0.0150405142154	0.0400896985612	-0.00488238285965	0.0381025608994	-0.0527792634401	-0.0188894063997	-0.0157620348275	-0.0323694006045	0.0334624621252	-0.0308829099274	-0.0301816553535	-0.0436658445949	0.0579519049425	0.032744861973	0.0469725241163	-0.0358896638523	-0.0118399064917	0.0594430930866	-0.00709966787646	-0.0430756249534	0.0313455940206	-0.00462876761408	-0.0773484490095	0.0574096826391	-0.0258157614906	-0.057093157962	0.0360914024586	0.0279537092171	-0.101890366896	0.0271964131371
k__Bacteria;p__Firmicutes;c__Clostridia;o__Clostridiales;f__Oscillospiraceae;g__Oscillibacter;s__Oscillibacter_sp._KLE_1745	0.00600713553989	0.0893631241285	0.0039456782032	-0.0334102633997	0.0311274655774	-0.0269571416382	-0.0661907566104	0.0212117361308	-0.087309039667	0.00536381257852	0.0666840207242	-0.0546374380694	-0.0543340134989	-0.00437358200651	-0.033341839689	-0.0163359704987	-0.0358257152289	0.0545277568316	0.00429787491313	-0.0221196246978	-0.0320976410109	-0.0171790657525	-0.0134757334642	0.0338323365131	1.0	-0.0374104097569	-0.0574071512131	0.0522322060015	-0.0198457135753	0.0292265796037	0.00706618380388	-0.0632526770415	-0.034158604902	0.072771839357	0.00233780169921	0.0130289493512	0.00163020413041	-0.0186235110305	-0.0036872716017	0.0818865097274	0.038869910361	-0.0257901103551	-0.0960559508666	-0.00332631787439	-0.0350503921456	-0.0364274195687	0.0425585153728	0.0494438518276	-0.0160532955093	-0.0292081662196	-0.026387254324	0.0495423220225	-0.0206449147965	-0.0265668537285	-0.0377035591596	0.00506334981832	0.0331343770008	-0.000523153108293	-0.0235018551772
k__Bacteria;p__Bacteroidetes;c__Bacteroidia;o__Bacteroidales;f__Bacteroidaceae;g__Bacteroides;s__Bacteroides_coprophilus	-0.0395352114068	0.0384095469435	0.00492021087854	-0.0201695380684	-0.00432331253041	0.0112878046098	-0.0508935817515	0.0172932124409	0.0270063712484	0.000417148806769	0.0179439372773	0.0190125628607	-0.0197098345505	-0.0567554307208	0.00903603526691	0.00643716880412	0.00508583979223	-0.086237677167	0.0408130761575	0.0429638290748	0.0507608649799	-0.0180912662571	-0.00320753650441	0.0185455843892	-0.0374104097569	1.0	-0.0412926961389	0.0771923379501	-0.00227285561777	-0.0150930457831	-0.0233478241795	-0.0113003500432	-0.0539594871428	0.0132739843192	0.0511638482791	0.0314818854946	0.0232755588761	0.00793485808322	-0.0639361605524	-0.0580406076726	-0.0364093034785	-0.0343891194541	-0.0476068615545	0.0375012866723	0.00037200848273	0.0962002097082	0.0230599577678	-0.0531914821159	0.0604469225733	-0.103950796278	-0.0420827109028	-0.00624399565617	0.00415389938627	-0.0650831813601	-0.0512250919468	0.0402536380983	-0.073483278941	-0.00616333517014	0.000243392765056
k__Bacteria;p__Firmicutes;c__Clostridia;o__Clostridiales;f__Lachnospiraceae;g__Roseburia;s__Roseburia_intestinalis	0.0320461605557	-0.0361151400258	-0.0172012887668	0.0792482386713	-0.0241704704368	-0.00182397108814	-0.0518596418474	-0.0235239260554	0.000551174084746	0.00401724053347	-0.00147320718139	-0.0196745101731	-0.0320863322457	0.0673231615721	-0.0273036645728	0.0722125924542	-0.0768634236139	-0.00171596455264	-0.00114940180827	-0.0245444847638	-0.0741121391695	0.0295157808667	0.0306640584914	0.0199746133926	-0.0574071512131	-0.0412926961389	1.0	0.0557104034602	0.040489836788	0.00517900299921	-0.0323938145358	-0.0140996121139	0.00243881623135	-0.0353917425325	-0.0453017519761	-0.0530816237794	0.0361891330541	-0.0433915397033	-0.0231320579733	-0.00124784963593	-0.00835990937587	-0.0500446872022	-0.0068141979062	-0.0700851579029	-0.0385712031711	0.0148570081213	-0.00366513793331	-0.00392913705566	0.0161806031366	-0.0078474253348	0.00455275000508	-0.0538303693762	-0.00190562795495	-0.0070072219993	-0.0482601593107	0.00549838760791	-0.0246976345555	-0.0303352697839	0.12558469044
k__Bacteria;p__Firmicutes;c__Clostridia;o__Clostridiales;f__Lachnospiraceae;g__Roseburia;s__Roseburia_hominis	-0.0535613924759	-0.0246087824969	-0.0368594827537	-0.0107257622555	-0.0616017301496	-0.00785567960075	-0.00401717993961	-0.0442475055926	0.0172022465868	-0.039976945343	-0.0447322046706	0.0205259916239	-0.0329230913405	-0.0142427711678	0.0324092831535	0.0310225114653	-0.0577082665035	0.00703042298228	-0.0128768800975	0.00935152042186	0.0044438914129	-0.0565261716244	-0.0200906779176	-0.0297910932	0.0522322060015	0.0771923379501	0.0557104034602	1.0	-0.0295878641153	-0.00310907297812	-0.00656608093126	-0.0146174806264	0.0211626335854	0.0295523972747	-0.0547480012249	-0.00929538075924	-0.0226223792525	-0.0367482168205	-0.0395330516567	0.00175377936154	-0.0268694321132	0.0293170743238	0.00572640143755	-0.0510653496881	-0.000636202261952	-0.0252741983013	-0.00778186460278	0.0166215621205	-0.00697327098244	0.0925077451291	-0.078620977123	0.0204970281739	-0.00388100605411	-0.0597891902617	0.00430832373814	0.0470801659745	0.0375930990297	0.000288035556067	-0.00282129315945
k__Bacteria;p__Bacteroidetes;c__Bacteroidia;o__Bacteroidales;f__Porphyromonadaceae;g__Parabacteroides;s__Parabacteroides_johnsonii	-0.0446688841341	-0.0307189156216	-0.0201307816183	-0.0522417410908	0.00204878100514	-0.0493502510867	-0.0122699867429	0.0200927264225	-0.0382105617808	-0.0319082502792	-0.0393874705874	-0.0654967907253	-0.0479685582537	0.000136526223177	-0.0171302745188	-0.0282042048594	0.0722990598278	-0.0105777511026	-0.000583055818012	0.0911739584897	0.0419830097199	-0.0302805103253	0.0270136792062	0.018912400977	-0.0198457135753	-0.00227285561777	0.040489836788	-0.0295878641153	1.0	-0.029580741419	-0.00801710362753	-0.0508053761164	0.0290240324495	-0.047889278273	-0.00383590508335	-0.00202490416596	-0.00744030226152	0.0252122651521	-0.0326436223602	-0.0582335342716	0.0198996490268	0.000193511251096	-0.0236705383636	-0.0585655293562	-0.106696066735	-0.0465581598791	-0.000412645413929	-0.057972977201	0.0277876664868	0.0186688296799	0.0354355629741	-0.035289226894	-0.0973666679906	-0.0214185932557	0.0297428742724	-0.0160813659219	-0.0967306558299	0.0149706345609	-0.0462006530628
k__Bacteria;p__Actinobacteria;c__Actinobacteria;o__Bifidobacteriales;f__Bifidobacteriaceae;g__Bifidobacterium;s__Bifidobacterium_longum	0.0161049757706	-0.0262546129955	-0.0150839391531	-0.0828149675099	0.00644517700207	0.00852753554425	-0.0419793461439	0.0653287275298	-0.0658579326446	-0.0354220351279	-0.0249589826328	0.0226860094784	-0.0544103808051	0.0175362249256	-0.00535787034653	0.000920255604782	0.0179422925122	0.0922027640461	-0.0018682980005	-0.0633675927802	0.037273147071	-0.00921550913269	3.19158243511e-05	0.0150405142154	0.0292265796037	-0.0150930457831	0.00517900299921	-0.00310907297812	-0.029580741419	1.0	-0.056256697577	0.00173213898319	-0.00565642527328	0.0188180899683	-0.0104233698176	0.015391770944	0.0290565909954	0.0421461689395	-0.000409093176883	0.00900211813099	0.00968446242993	-0.00241458306761	0.0304633883857	-0.0624554420953	-0.0553384741246	0.0219735360212	-0.0493995037761	0.00455372686745	0.058551805108	0.000990119469344	-0.0194180291703	-0.0542681152361	-0.015389082644	-0.0343621266145	0.00873756476372	-0.0961156566109	0.00730965698292	-0.0750772625922	-0.0170261314435
