#taxonomy	k__Bacteria;p__Bacteroidetes;c__Bacteroidia;o__Bacteroidales;f__Bacteroidaceae;g__Bacteroides;s__Bacteroides_vulgatus	k__Bacteria;p__Bacteroidetes;c__Bacteroidia;o__Bacteroidales;f__Bacteroidaceae;g__Bacteroides;s__Bacteroides_uniformis	k__Bacteria;p__Bacteroidetes;c__Bacteroidia;o__Bacteroidales;f__Rikenellaceae;g__Alistipes;s__Alistipes_putredinis	k__Bacteria;p__Bacteroidetes;c__Bacteroidia;o__Bacteroidales;f__Prevotellaceae;g__Prevotella;s__Prevotella_copri	k__Bacteria;p__Bacteroidetes;c__Bacteroidia;o__Bacteroidales;f__Bacteroidaceae;g__Bacteroides;s__Bacteroides_stercoris	k__Bacteria;p__Bacteroidetes;c__Bacteroidia;o__Bacteroidales;f__Bacteroidaceae;g__Bacteroides;s__Bacteroides_ovatus	k__Bacteria;p__Bacteroidetes;c__Bacteroidia;o__Bacteroidales;f__Rikenellaceae;g__Alistipes;s__Alistipes_shahii	k__Bacteria;p__Firmicutes;c__Clostridia;o__Clostridiales;f__Ruminococcaceae;g__Faecalibacterium;s__Faecalibacterium_prausnitzii	k__Bacteria;p__Bacteroidetes;c__Bacteroidia;o__Bacteroidales;f__Rikenellaceae;g__Alistipes;s__Alistipes_finegoldii	k__Bacteria;p__Bacteroidetes;c__Bacteroidia;o__Bacteroidales;f__Porphyromonadaceae;g__Parabacteroides;s__Parabacteroides_distasonis	k__Bacteria;p__Bacteroidetes;c__Bacteroidia;o__Bacteroidales;f__Bacteroidaceae;g__Bacteroides;s__Bacteroides_thetaiotaomicron	k__Bacteria;p__Bacteroidetes;c__Bacteroidia;o__Bacteroidales;f__Bacteroidaceae;g__Bacteroides;s__Bacteroides_coprocola	k__Bacteria;p__Bacteroidetes;c__Bacteroidia;o__Bacteroidales;f__Bacteroidaceae;g__Bacteroides;s__Bacteroides_cellulosilyticus	k__Bacteria;p__Bacteroidetes;c__Bacteroidia;o__Bacteroidales;f__Rikenellaceae;g__Alistipes;s__Alistipes_obesi	k__Bacteria;p__Firmicutes;c__Clostridia;o__Clostridiales;f__Lachnospiraceae;g__;s__[Eubacterium]_rectale	k__Bacteria;p__Bacteroidetes;c__Bacteroidia;o__Bacteroidales;f__Bacteroidaceae;g__Bacteroides;s__Bacteroides_plebeius	k__Bacteria;p__Bacteroidetes;c__Bacteroidia;o__Bacteroidales;f__Bacteroidaceae;g__Bacteroides;s__Bacteroides_fragilis	k__Bacteria;p__Proteobacteria;c__Betaproteobacteria;o__Burkholderiales;f__Sutterellaceae;g__Sutterella;s__Sutterella_wadsworthensis	k__Bacteria;p__Bacteroidetes;c__Bacteroidia;o__Bacteroidales;f__Porphyromonadaceae;g__Barnesiella;s__Barnesiella_intestinihominis	k__Bacteria;p__Bacteroidetes;c__Bacteroidia;o__Bacteroidales;f__Odoribacteraceae;g__Odoribacter;s__Odoribacter_splanchnicus	k__Bacteria;p__Bacteroidetes;c__Bacteroidia;o__Bacteroidales;f__Bacteroidaceae;g__Bacteroides;s__Bacteroides_salyersiae	k__Bacteria;p__Firmicutes;c__Clostridia;o__Clostridiales;f__Ruminococcaceae;g__Ruminiclostridium;s__[Eubacterium]_siraeum	k__Bacteria;p__Proteobacteria;c__Betaproteobacteria;o__Burkholderiales;f__Sutterellaceae;g__Parasutterella;s__Parasutterella_excrementihominis	k__Bacteria;p__Actinobacteria;c__Actinobacteria;o__Bifidobacteriales;f__Bifidobacteriaceae;g__Bifidobacterium;s__Bifidobacterium_adolescentis	k__Bacteria;p__Firmicutes;c__Clostridia;o__Clostridiales;f__Oscillospiraceae;g__Oscillibacter;s__Oscillibacter_sp._KLE_1745	k__Bacteria;p__Bacteroidetes;c__Bacteroidia;o__Bacteroidales;f__Bacteroidaceae;g__Bacteroides;s__Bacteroides_coprophilus	k__Bacteria;p__Firmicutes;c__Clostridia;o__Clostridiales;f__Lachnospiraceae;g__Roseburia;s__Roseburia_intestinalis	k__Bacteria;p__Firmicutes;c__Clostridia;o__Clostridiales;f__Lachnospiraceae;g__Roseburia;s__Roseburia_hominis	k__Bacteria;p__Bacteroidetes;c__Bacteroidia;o__Bacteroidales;f__Porphyromonadaceae;g__Parabacteroides;s__Parabacteroides_johnsonii	k__Bacteria;p__Actinobacteria;c__Actinobacteria;o__Bifidobacteriales;f__Bifidobacteriaceae;g__Bifidobacterium;s__Bifidobacterium_longum	k__Bacteria;p__Firmicutes;c__Clostridia;o__Clostridiales;f__;g__Flavonifractor;s__Flavonifractor_plautii	k__Bacteria;p__Firmicutes;c__Clostridia;o__Clostridiales;f__Clostridiaceae;g__Clostridium;s__Clostridium_phoceensis	k__Bacteria;p__Verrucomicrobia;c__Verrucomicrobiae;o__Verrucomicrobiales;f__Akkermansiaceae;g__Akkermansia;s__Akkermansia_muciniphila	k__Bacteria;p__Bacteroidetes;c__Bacteroidia;o__Bacteroidales;f__Prevotellaceae;g__Paraprevotella;s__Paraprevotella_xylaniphila	k__Bacteria;p__Firmicutes;c__Clostridia;o__Clostridiales;f__Ruminococcaceae;g__Ruminococcus;s__Ruminococcus_callidus	k__Bacteria;p__Bacteroidetes;c__Bacteroidia;o__Bacteroidales;f__Rikenellaceae;g__Alistipes;s__Alistipes_senegalensis	k__Bacteria;p__Firmicutes;c__Clostridia;o__Clostridiales;f__Lachnospiraceae;g__Blautia;s__Blautia_sp._KLE_1732	k__Bacteria;p__Bacteroidetes;c__Bacteroidia;o__Bacteroidales;f__Bacteroidaceae;g__Bacteroides;s__Bacteroides_oleiciplenus	k__Bacteria;p__Firmicutes;c__Clostridia;o__Clostridiales;f__Ruminococcaceae;g__Ruminococcus;s__Ruminococcus_bicirculans	k__Bacteria;p__Bacteroidetes;c__Bacteroidia;o__Bacteroidales;f__Bacteroidaceae;g__Bacteroides;s__Bacteroides_fluxus	k__Bacteria;p__Bacteroidetes;c__Bacteroidia;o__Bacteroidales;f__Prevotellaceae;g__Prevotella;s__Prevotella_stercorea	k__Bacteria;p__Firmicutes;c__Clostridia;o__Clostridiales;f__Lachnospiraceae;g__Dorea;s__Dorea_longicatena	k__Bacteria;p__Firmicutes;c__Clostridia;o__Clostridiales;f__Eubacteriaceae;g__Eubacterium;s__[Eubacterium]_eligens	k__Bacteria;p__Firmicutes;c__Clostridia;o__Clostridiales;f__Ruminococcaceae;g__;s__Ruminococcaceae_bacterium_D16	k__Bacteria;p__Firmicutes;c__Clostridia;o__Clostridiales;f__Lachnospiraceae;g__Coprococcus;s__Coprococcus_comes	k__Bacteria;p__Proteobacteria;c__Gammaproteobacteria;o__Enterobacterales;f__Enterobacteriaceae;g__Escherichia;s__Escherichia_coli	k__Bacteria;p__Firmicutes;c__Clostridia;o__Clostridiales;f__Ruminococcaceae;g__Anaerotruncus;s__Anaerotruncus_colihominis	k__Bacteria;p__Firmicutes;c__Clostridia;o__Clostridiales;f__Lachnospiraceae;g__Blautia;s__Blautia_obeum	k__Bacteria;p__Bacteroidetes;c__Bacteroidia;o__Bacteroidales;f__Odoribacteraceae;g__Odoribacter;s__Odoribacter_laneus	k__Bacteria;p__Firmicutes;c__Clostridia;o__Clostridiales;f__Ruminococcaceae;g__Ruminiclostridium;s__[Clostridium]_leptum	k__Bacteria;p__Bacteroidetes;c__Bacteroidia;o__Bacteroidales;f__Porphyromonadaceae;g__Parabacteroides;s__Parabacteroides_goldsteinii	k__Bacteria;p__Firmicutes;c__Clostridia;o__Clostridiales;f__Lachnospiraceae;g__Anaerostipes;s__Anaerostipes_hadrus	k__Bacteria;p__Firmicutes;c__Clostridia;o__Clostridiales;f__Ruminococcaceae;g__Ruminococcus;s__Ruminococcus_lactaris	k__Bacteria;p__Firmicutes;c__Clostridia;o__Clostridiales;f__Clostridiaceae;g__Clostridium;s__Clostridium_sp._L2-50	k__Bacteria;p__Firmicutes;c__Clostridia;o__Clostridiales;f__Clostridiaceae;g__Clostridium;s__Clostridium_sp._M62/1	k__Bacteria;p__Firmicutes;c__Clostridia;o__Clostridiales;f__;g__Intestinimonas;s__Intestinimonas_butyriciproducens	k__Bacteria;p__Actinobacteria;c__Actinobacteria;o__Bifidobacteriales;f__Bifidobacteriaceae;g__Bifidobacterium;s__Bifidobacterium_bifidum	k__Bacteria;p__Firmicutes;c__Negativicutes;o__Veillonellales;f__Veillonellaceae;g__Dialister;s__Dialister_invisus	k__Bacteria;p__Bacteroidetes;c__Bacteroidia;o__Bacteroidales;f__Bacteroidaceae;g__Bacteroides;s__Bacteroides_salanitronis
k__Bacteria;p__Bacteroidetes;c__Bacteroidia;o__Bacteroidales;f__Bacteroidaceae;g__Bacteroides;s__Bacteroides_vulgatus	1.0	-0.0143426167621	-0.0213102181731	-0.00444560299954	0.00799440021288	-0.0269771580496	-0.00981397905605	-0.0390061704708	-0.026359930809	0.0241930016271	-0.0380744061877	-0.0124008044051	-0.0532785765497	0.0231023122947	0.0318967478257	0.0549917289563	-0.0440833067186	-0.0147784566198	-0.0450745842723	-0.0266196934935	0.0564689673634	0.0225378177551	-0.0488240570618	-0.0232147046645	0.0123672636978	0.0282649025064	0.0114179872489	-0.0519441357406	-0.0409606714431	0.031915651083	-0.0462767593813	0.00199129728041	-0.0717907648818	0.0357124325358	0.0108555935653	0.00398385481178	0.0262818425849	0.00407616599831	0.0270495565468	0.00942232853941	-0.0421581695594	-0.0186188404392	-0.00706419692279	0.0106378662878	-0.0655581660904	-0.0243409076962	-0.0314418273161	-0.0915425526041	-0.0354542950906	0.00470105396015	-0.0316183273175	-0.105815970665	0.0166275025604	-0.0412658177361	-0.00423182925934	-0.00418985507472	-0.0707022792782	-0.00550420296989	0.0405593109319
k__Bacteria;p__Bacteroidetes;c__Bacteroidia;o__Bacteroidales;f__Bacteroidaceae;g__Bacteroides;s__Bacteroides_uniformis	-0.0143426167621	1.0	-0.025015920661	0.030870801326	0.0239861214349	0.103644645124	-0.0504253432546	-0.0488756927363	0.0428823033274	-0.0252687011955	-0.0128998215241	-0.0219686035904	-0.0952442334033	-0.032888713746	0.0902502745462	0.0200941405099	0.0206896572249	-0.0196694498765	0.0375729210142	-0.02136021228	-0.079632168937	0.019581059306	0.0482693413261	-0.000467507443217	0.0179063484876	-0.00659800478156	-0.101436235072	-0.0270996446718	-0.0552437551583	-0.0925145824108	0.0276361229056	-0.0682316812882	0.0106307100187	0.0536090951435	0.00456019652339	-0.0544163872817	-0.0604455180236	0.0112835590335	-0.00188883138247	0.0424085101421	-0.0216735662964	-0.00490810497562	0.0233612610237	0.000451247985214	-0.0510438362696	-0.0184989742621	-0.0465309737208	-0.10935049829	0.0148482743944	0.00925823680664	-0.0624427973379	-0.0113343775619	0.00263940706631	0.0484942838727	0.0419003920595	-0.0220876036892	0.0359299047698	0.0307515490735	0.0385866222973
k__Bacteria;p__Bacteroidetes;c__Bacteroidia;o__Bacteroidales;f__Rikenellaceae;g__Alistipes;s__Alistipes_putredinis	-0.0213102181731	-0.025015920661	1.0	-0.027608623792	0.0799315083177	0.0484526208586	-0.0081743110218	-0.012604826012	0.0320166647392	-0.00941014195699	0.011901120872	0.0169050227192	0.0261216150278	0.00912918649945	0.0660113268413	-0.107050428287	-0.0883075154335	0.0630472252153	-0.016685719556	-0.0639860477599	0.0141859415368	-0.0238782106078	-0.00597916868222	0.0336170450592	0.0040540662207	-0.00407383864429	-0.0431144612217	-0.0360296823571	-0.0629303867338	0.0514484074595	0.0517176381904	-0.0740084880854	0.000452597140909	-0.0354917345587	-0.0122142112613	0.0139649448231	0.016034074769	-0.063138097665	-0.0243029350734	-0.034865835528	0.105899554911	0.00719861705802	0.00895056200596	-0.0364108173306	0.0162059881945	-0.0129224114072	-0.0229542036772	-0.0185223803945	-0.0233895642967	0.0889413620484	-0.104917010642	0.0175563013937	0.0491302989409	-0.0224631078226	-0.0351214599382	0.0742058082591	-0.0618650475023	-0.0403577979591	0.030956499957
k__Bacteria;p__Bacteroidetes;c__Bacteroidia;o__Bacteroidales;f__Prevotellaceae;g__Prevotella;s__Prevotella_copri	-0.00444560299954	0.030870801326	-0.027608623792	1.0	-0.0301717006557	-0.0380087843582	-0.00661534206995	0.0153492901153	-0.000208337444093	-0.0234732366156	0.00194511561926	-0.0253674676439	0.0245688007873	0.075532993122	0.0356558094198	-0.0369460905322	0.018789327232	-0.0142445105493	-0.0264447123225	-0.00547396779667	0.00402931168879	0.00222712390422	-0.0433791119804	0.0149564803352	-0.00331641379928	0.00854694674886	-0.099323739625	0.0197868489536	-0.0350687150774	-0.0588092753837	-0.00806755969585	-0.0973248728997	0.00381942012072	-0.0572423133864	-0.0120963856854	0.0232192157356	0.0498326065888	-0.0220539550148	-0.0243059259973	-0.0479537278039	-0.0116812530399	0.00191579273322	0.0423010520103	-0.0107506425527	0.0173382434759	-0.0414290901251	0.0369120414043	0.0510148534029	0.0121596423407	-0.0297501922721	-0.0536179757622	-0.0110006790257	0.0549759787419	0.00826973229696	0.0381676579428	-0.0242673018509	-0.023045655684	-0.0113307720361	-0.0370250955999
k__Bacteria;p__Bacteroidetes;c__Bacteroidia;o__Bacteroidales;f__Bacteroidaceae;g__Bacteroides;s__Bacteroides_stercoris	0.00799440021288	0.0239861214349	0.0799315083177	-0.0301717006557	1.0	-0.0475150159491	-0.0375069075763	-0.0477843935551	0.0211775138379	-0.0568846114721	0.0847572571714	0.00794532164211	-0.0496690326199	0.0424228460163	0.0388989964499	-0.0314771211376	-0.0219806560044	-0.0669254513783	0.0125760714517	0.0567961705086	0.0150427540169	0.00872762042783	0.092396114648	-0.00866474929884	-0.0523034140612	0.0481559510305	-0.0363888235886	-0.0424866832466	-0.0162181390351	-0.0199967094348	-0.00764254629533	-0.0660272355006	-0.0640122925461	0.0443420670126	-0.0154234049542	-0.0523353094709	-0.0347974832893	0.0376994936894	-0.0131772117194	-0.00800200497179	-0.0241923072429	0.0347985934441	0.0307227722233	-0.0274460010633	-0.0104579561023	-0.074307301332	-0.0335454882127	-0.0298415018571	0.0161023680189	0.0119152114761	0.0328284532661	-0.0758176459959	-0.0189536543272	-0.00571204330663	0.00320103400235	0.0129058177882	-0.0440162900627	0.0667639118974	0.0123495952418
k__Bacteria;p__Bacteroidetes;c__Bacteroidia;o__Bacteroidales;f__Bacteroidaceae;g__Bacteroides;s__Bacteroides_ovatus	-0.0269771580496	0.103644645124	0.0484526208586	-0.0380087843582	-0.0475150159491	1.0	-0.0367691407053	0.0172016232017	-0.046695570304	0.04693415355	0.0115277846202	0.00120219683659	0.0155060818956	-0.0773238862014	-0.0130352266497	0.039634762862	0.000172608081428	-0.0783889468632	0.0701452388744	-0.0211438639404	-0.0342603269629	-0.0328587829844	-0.0281251109358	0.0396948920411	-0.0829470364829	0.0477079743546	-0.00196025920552	-0.0197099791606	0.00383656533989	0.00813053562705	-0.0126400013278	-0.0583868981412	0.0214194441389	-0.0146428214605	-0.0247779208051	-0.0226785401593	-0.0322665419877	-0.0303149321855	-0.0422448437122	-0.0156774750309	0.00612470541542	0.0573941991077	0.0132050961428	-0.0372206576226	0.0383281904376	-0.0120190250901	-0.0610786049665	0.0529761544681	-0.00463038542354	0.018765467867	0.060720885275	-0.0170096797732	-0.0146092854543	-0.00832983839897	-0.0482029013267	0.0514317985355	0.0385310853125	-0.0403173332901	-0.0205755358643
k__Bacteria;p__Bacteroidetes;c__Bacteroidia;o__Bacteroidales;f__Rikenellaceae;g__Alistipes;s__Alistipes_shahii	-0.00981397905605	-0.0504253432546	-0.0081743110218	-0.00661534206995	-0.0375069075763	-0.0367691407053	1.0	0.0835895694407	-0.0680977168187	0.0148234940665	0.0447952811809	0.0142429455685	-0.0561688117132	0.0519922592049	-0.0389475750798	-0.00447594799665	0.0218752114088	-0.0533420765876	-0.00338582934131	-0.0123897702346	-0.00617260049134	-0.0216448229642	0.022862806107	0.0188090942279	-0.0323928699159	-0.0816893416627	0.00905996736684	0.0329046933474	-0.0282083793162	-0.0032239784673	0.0135044829395	0.0445970595426	-0.0212635525448	0.100136946351	-0.0225723158915	0.0119462906013	-0.0203787446352	-0.0165188415257	0.0300346970774	-0.0124681006929	-0.0185925549615	-0.0825209333707	-0.0095443368479	-0.052585281597	0.0265285647053	0.027816614462	-0.050405185191	0.0129399388672	-0.0291498225224	-0.0208817930537	-0.0152890975197	0.0223872381314	0.0328080925503	-0.0212904565961	-0.0361924960803	-0.0108046696717	-0.0474030214448	-0.0373761225565	0.0368061197814
k__Bacteria;p__Firmicutes;c__Clostridia;o__Clostridiales;f__Ruminococcaceae;g__Faecalibacterium;s__Faecalibacterium_prausnitzii	-0.0390061704708	-0.0488756927363	-0.012604826012	0.0153492901153	-0.0477843935551	0.0172016232017	0.0835895694407	1.0	0.0331766505542	-0.0290535172539	-0.0182816250558	-0.0125177197902	-0.0250917493797	0.0735654537361	-0.0195876436365	0.0556987870765	0.0160707012827	0.00415388446669	-0.0239953262057	-0.0355279719732	-0.0112051821615	0.0289428196512	-0.018275165181	-0.0967932349551	-0.0397289199413	0.0363087558438	-0.032151256643	-0.0278933149661	0.0137263058723	0.00503040038962	0.0444362818124	-0.033967902402	0.0428178179811	-0.0734718271122	-0.100398213891	-0.0714534796211	0.0759783321314	0.0628087647129	-0.0381737136792	-0.0269821510847	-0.0672911766894	-0.0340839114077	-0.0281855153444	-0.0595876605368	-0.019249770637	-0.0335239778096	0.00664207265729	-0.0279337836154	-0.0280087967872	-0.0418614817362	-0.0105540575456	-0.121053532409	-0.0128641675642	0.0244493373667	-0.060630255006	0.0663840130347	-0.0476498741445	-0.0705664088543	-0.00712237758263
k__Bacteria;p__Bacteroidetes;c__Bacteroidia;o__Bacteroidales;f__Rikenellaceae;g__Alistipes;s__Alistipes_finegoldii	-0.026359930809	0.0428823033274	0.0320166647392	-0.000208337444093	0.0211775138379	-0.046695570304	-0.0680977168187	0.0331766505542	1.0	0.00817214758519	-0.0170485810073	-0.0335861305243	-0.0657425873486	-0.0400363437855	-0.0167332375677	-0.0105580511038	-0.0325478820838	0.0257177372538	-0.0190533467025	0.00712389055459	-0.0745166832008	-0.0229109528643	0.00556365721331	0.0267336426967	-0.0484959193676	-0.0811652678961	0.000688752338115	0.114697679829	-0.0666744070974	-0.0160252007394	0.00475595914366	-0.00767160848788	0.045912950192	0.00619897276513	-0.0438547961053	0.00805401035612	-0.023468293452	0.00403166238861	0.0554596831752	0.0273623584492	-0.0729123486065	-0.0239003893408	-0.0341477818265	0.00465936774883	0.0169191242192	-0.0265654678664	-0.0132863535495	0.0610365830252	-0.0439952041711	0.00734425955522	0.0103905637907	-0.00646100201697	0.000992778536976	0.00786236960313	-0.0154355677058	-0.00531786089537	-0.0439094886718	0.0164111956988	-0.0885679854932
k__Bacteria;p__Bacteroidetes;c__Bacteroidia;o__Bacteroidales;f__Porphyromonadaceae;g__Parabacteroides;s__Parabacteroides_distasonis	0.0241930016271	-0.0252687011955	-0.00941014195699	-0.0234732366156	-0.0568846114721	0.04693415355	0.0148234940665	-0.0290535172539	0.00817214758519	1.0	-0.0244232402517	0.0402643899554	-0.0742996984849	-0.0611724059012	-0.0538561008595	0.0402731441583	-0.0207699364498	-0.0295367185097	-0.0645808590817	-0.00215361562107	0.0107335473486	0.0670137384849	0.0189743921176	0.0611702968583	0.0189155819584	-0.0833838743956	-0.00573563985303	-0.0636709389341	0.0151240046806	-0.0473624588166	0.00104292543345	-0.0430246127371	-0.0521380124389	-0.0194144667061	-0.0127542857541	0.0265440097908	-0.0204082153544	0.0453830961475	0.0439231262811	-0.0341538501898	-0.00927444979211	0.0136079916342	-0.0529981253803	0.0319467854463	0.00554905168519	-0.0120983150028	0.0409610759647	0.00168627834141	-0.00373984114219	-0.00862509184058	-0.0191008889486	-0.0349899967358	-0.0410658410546	0.0385573277388	-0.0239906070356	0.0786782772125	-0.0493454066074	0.00922920155677	-0.0625500470536
k__Bacteria;p__Bacteroidetes;c__Bacteroidia;o__Bacteroidales;f__Bacteroidaceae;g__Bacteroides;s__Bacteroides_thetaiotaomicron	-0.0380744061877	-0.0128998215241	0.011901120872	0.00194511561926	0.0847572571714	0.0115277846202	0.0447952811809	-0.0182816250558	-0.0170485810073	-0.0244232402517	1.0	-0.00290610749691	-0.00832662434324	0.0167578038348	-0.0333014706013	0.0250671228915	-0.0658488220331	0.0281877916471	0.0108280480411	0.0258296617116	0.00430453975178	-0.0486643516334	0.0243544091671	0.0136774411132	-0.0205951044208	-0.0144307089567	0.0402506331748	0.0189164313116	-0.0322400194025	0.00999221012391	-0.0695821274698	0.0483748244673	-0.0705164419937	0.00113162389399	-0.0396080756391	0.00791600136421	-0.0181460081477	0.0314969141714	0.00964573961071	0.0313072518067	0.00948789172069	0.0582071132599	-0.056135257069	0.0171045070528	-0.0459221226626	0.0182171939016	-0.0350848923668	-0.0351965079381	-0.00853265532659	-0.0547080410735	-0.00876726208689	0.0386730264582	-0.0523262147986	0.0744959085845	-0.00408266894458	-0.0235504176275	-0.00709789928634	0.00386267340975	-0.00240549031925
k__Bacteria;p__Bacteroidetes;c__Bacteroidia;o__Bacteroidales;f__Bacteroidaceae;g__Bacteroides;s__Bacteroides_coprocola	-0.0124008044051	-0.0219686035904	0.0169050227192	-0.0253674676439	0.00794532164211	0.00120219683659	0.0142429455685	-0.0125177197902	-0.0335861305243	0.0402643899554	-0.00290610749691	1.0	0.0690598203643	-0.031106318522	0.00429780809755	-0.0157580612372	-0.0620510915545	-0.0200831380241	0.0468628564159	0.00964649106429	-0.00191909649949	0.0114092923754	0.0361904072156	-0.00902435268243	-0.0431101364483	0.0295377212418	-0.0305789282784	-0.0196096080009	-0.0263634914133	0.0167909201806	0.0264491344698	-0.0152407361269	-0.0246830459225	-0.0917464080061	-0.0634386778878	-0.0624695887364	-0.0253306385141	0.0575153220731	0.0139691164069	-0.010667950569	0.00459221614602	-0.0441627810176	-0.0317072876768	-0.0735283594399	0.00332454216217	0.0503092171619	-0.0513690316851	0.00690216580664	-0.00161876713076	0.0231209097366	-0.0618240036404	-0.0181088202939	-0.0921591705256	-0.0099054473917	0.00714041034415	-0.0271912017986	-0.0261123349418	-0.0178630195242	-0.022845630622
k__Bacteria;p__Bacteroidetes;c__Bacteroidia;o__Bacteroidales;f__Bacteroidaceae;g__Bacteroides;s__Bacteroides_cellulosilyticus	-0.0532785765497	-0.0952442334033	0.0261216150278	0.0245688007873	-0.0496690326199	0.0155060818956	-0.0561688117132	-0.0250917493797	-0.0657425873486	-0.0742996984849	-0.00832662434324	0.0690598203643	1.0	0.00420336156051	-0.0457118262455	-0.05749114116	-0.074769468427	0.00130952429518	0.0699488910656	0.00597221577024	0.0285055281814	0.0476629872039	-0.073991459869	-0.015964081828	-0.0727715131767	0.107611058596	0.00234429034406	0.0335252617877	0.0352696674352	0.0791817438271	-0.0209928463498	-0.0307181363975	0.00682965442314	-0.0329576912655	0.0192975191659	0.0520354431695	-0.0564865039845	0.00316953572757	-0.0660949129193	-0.0471283292772	-0.006983664582	-0.061669836089	0.0736287461381	-0.0782141816045	0.00250256135743	-0.00748119213334	-0.0319461621781	-0.019258271707	-0.0507293678736	-0.0242913685882	-0.100916119947	0.0340804331712	0.0157715733483	-0.0390241393404	-0.0426493131943	-0.0554671752675	0.00800184629282	0.0560390363446	0.0202853193135
k__Bacteria;p__Bacteroidetes;c__Bacteroidia;o__Bacteroidales;f__Rikenellaceae;g__Alistipes;s__Alistipes_obesi	0.0231023122947	-0.032888713746	0.00912918649945	0.075532993122	0.0424228460163	-0.0773238862014	0.0519922592049	0.0735654537361	-0.0400363437855	-0.0611724059012	0.0167578038348	-0.031106318522	0.00420336156051	1.0	-0.0438107497456	-0.0903601004195	0.0689320963189	-0.0258569745999	0.0519949045081	-0.00261581016619	-0.0212552006905	-0.073489435674	0.00132978522801	-0.0387092576671	-0.0232154608552	0.0104054389848	-0.0317347700475	0.00315229972281	-0.0539423293157	0.0606073607112	0.00236776729048	-0.0210848560427	-0.0219697201449	-0.0107127041647	0.0129251620381	-0.05192292201	-0.0466948946561	-0.0272134383132	-0.0278888391635	0.00194639743676	0.0193945522121	-0.01408164208	-0.0434651652883	-0.0440236495687	-0.106300067444	0.0133694373698	0.0477204087772	-0.0576640558238	0.00724966637086	0.0257719797659	0.00533924546607	-0.0544269242118	0.0140671903901	0.0119217473209	-0.0857930357045	-0.0431885080462	0.0609334815506	-0.0403695909953	0.00396680850383
k__Bacteria;p__Firmicutes;c__Clostridia;o__Clostridiales;f__Lachnospiraceae;g__;s__[Eubacterium]_rectale	0.0318967478257	0.0902502745462	0.0660113268413	0.0356558094198	0.0388989964499	-0.0130352266497	-0.0389475750798	-0.0195876436365	-0.0167332375677	-0.0538561008595	-0.0333014706013	0.00429780809755	-0.0457118262455	-0.0438107497456	1.0	0.0160008008047	-0.0169291508363	-0.0130031481316	-0.024722497714	0.033964504182	-0.0637345398589	-0.029629551823	0.000631503459889	-0.044437657736	-0.0172635617389	0.0286994654642	-0.0474828935135	-0.0522099085916	0.00674716785877	0.00957291866519	-0.0507965656392	0.00879687272242	-0.0266464539675	-0.0374235293905	0.0154981122764	-0.100510108097	0.0802512721007	0.0397751510409	-0.0430555791963	0.0115670660835	-0.00270018376939	-0.00505079573356	-0.0490797850339	-0.0662526041653	0.0178992211099	-0.0523720811041	0.00373629544421	-0.0400902208227	0.0569921042268	-0.0268316920092	0.0120555716906	-0.0744321225872	0.0041617335171	-0.00584086215008	-0.0162216940895	0.00388766909608	0.0474466815257	-0.0788960175985	-0.0108250110294
k__Bacteria;p__Bacteroidetes;c__Bacteroidia;o__Bacteroidales;f__Bacteroidaceae;g__Bacteroides;s__Bacteroides_plebeius	0.0549917289563	0.0200941405099	-0.107050428287	-0.0369460905322	-0.0314771211376	0.039634762862	-0.00447594799665	0.0556987870765	-0.0105580511038	0.0402731441583	0.0250671228915	-0.0157580612372	-0.05749114116	-0.0903601004195	0.0160008008047	1.0	-0.00782068442987	-0.0600635108829	-0.0222499668287	0.0286701824895	-0.00521622526205	0.0101633785666	-0.0445227920356	-0.0390789224177	-0.0141570549955	-0.030334216734	-0.0483657938901	-0.141657004693	0.0581871545151	-0.0245720717795	-0.026795808517	0.0316088781391	-0.0675008937098	-0.0102236071042	-0.0499880439555	0.0312900791051	-0.0189088950715	-0.0240405852165	-0.0362468922995	0.0208869339286	-0.0110815055264	-0.00830254785082	-0.0156159270231	-0.0500729183582	-0.00714887863744	0.0367224511587	-0.0450678495639	0.0226784618348	0.033904216389	-0.026247167678	0.00613277623364	-0.0127378657524	0.016299908261	-0.0292242493899	-0.046729643015	0.0395062709659	0.0257797688198	0.123164507413	0.00561773377649
k__Bacteria;p__Bacteroidetes;c__Bacteroidia;o__Bacteroidales;f__Bacteroidaceae;g__Bacteroides;s__Bacteroides_fragilis	-0.0440833067186	0.0206896572249	-0.0883075154335	0.018789327232	-0.0219806560044	0.000172608081428	0.0218752114088	0.0160707012827	-0.0325478820838	-0.0207699364498	-0.0658488220331	-0.0620510915545	-0.074769468427	0.0689320963189	-0.0169291508363	-0.00782068442987	1.0	0.0238394908921	0.0452265222263	-0.0709694234481	0.00874003919949	0.00319377721616	1.50019282671e-05	0.0123161978111	0.00842439470326	-0.0278299965081	0.0639774775923	0.0326693220785	0.0155254091924	0.0447606111393	-0.0341836962041	0.0175646437458	-0.0616746213259	-0.0348029526566	0.0714439414703	-0.0534266527641	-0.0954481936815	-0.0470978206199	-0.0899547966191	0.00223477849072	-0.0401288116936	-0.0764380686263	0.0303356888374	-0.0374494673978	0.0070551408753	0.0251735883047	0.0548196928446	0.0943086433439	-0.0101190388774	-0.00528417441746	0.113218260214	-0.000881264173109	-0.0268308963232	0.0606422851925	0.0209720218711	-0.0288779667381	0.0361732364992	0.0309078032009	-0.017307168613
k__Bacteria;p__Proteobacteria;c__Betaproteobacteria;o__Burkholderiales;f__Sutterellaceae;g__Sutterella;s__Sutterella_wadsworthensis	-0.0147784566198	-0.0196694498765	0.0630472252153	-0.0142445105493	-0.0669254513783	-0.0783889468632	-0.0533420765876	0.00415388446669	0.0257177372538	-0.0295367185097	0.0281877916471	-0.0200831380241	0.00130952429518	-0.0258569745999	-0.0130031481316	-0.0600635108829	0.0238394908921	1.0	-0.0186661187984	0.053084114546	-0.0149599147415	-0.0594812480558	-0.0266541555981	-0.0136760568678	0.0119656183136	0.00945765511355	0.00588917380982	-0.0153727980432	0.034682940235	-0.03739542262	0.026662823451	-0.0248558779408	-0.0213061445958	-0.0179122724418	-0.00441207739225	0.0793470039483	-0.060881045036	-0.0134282720522	-0.0370649393021	-0.0695921528445	0.144173949134	0.0270516974739	-0.0724608843341	-0.0545499502887	0.0137261790646	-0.048599571371	-0.0252694181876	-0.0228188781586	-0.0330958018013	-0.0133580369895	-0.0592171917749	0.0552368636404	-0.0750946207983	-0.025423960766	-0.0657434767717	0.075502615595	-0.0674072245744	-0.00442177467067	-0.0235422249538
k__Bacteria;p__Bacteroidetes;c__Bacteroidia;o__Bacteroidales;f__Porphyromonadaceae;g__Barnesiella;s__Barnesiella_intestinihominis	-0.0450745842723	0.0375729210142	-0.016685719556	-0.0264447123225	0.0125760714517	0.0701452388744	-0.00338582934131	-0.0239953262057	-0.0190533467025	-0.0645808590817	0.0108280480411	0.0468628564159	0.0699488910656	0.0519949045081	-0.024722497714	-0.0222499668287	0.0452265222263	-0.0186661187984	1.0	-0.0119809963244	-0.0322849219499	0.0501694564354	-0.0164241621862	-0.0297203658517	-0.0571123080676	0.0174924440149	-0.037624297492	-0.0875045214975	-0.0543923818736	-0.0719782148115	-0.0059551213127	0.0160706626311	0.046581955575	-0.0340856424075	0.0147438346087	-0.0654160052185	-0.040511390964	0.0435923543229	-0.00807660043091	-0.013656092597	0.0397309610653	-0.0142286783432	-0.0607370886291	-0.0277628619063	-3.79396606723e-05	-0.0217105094307	0.0125230206933	-0.0733742146607	0.00256109696535	0.00241000740399	-0.0426130747568	-0.000795606497896	-0.0538036993252	0.0389789800697	-0.0134413167845	-0.0186325346842	-0.0393602460816	-0.0376776883918	0.00690117210752
k__Bacteria;p__Bacteroidetes;c__Bacteroidia;o__Bacteroidales;f__Odoribacteraceae;g__Odoribacter;s__Odoribacter_splanchnicus	-0.0266196934935	-0.02136021228	-0.0639860477599	-0.00547396779667	0.0567961705086	-0.0211438639404	-0.0123897702346	-0.0355279719732	0.00712389055459	-0.00215361562107	0.0258296617116	0.00964649106429	0.00597221577024	-0.00261581016619	0.033964504182	0.0286701824895	-0.0709694234481	0.053084114546	-0.0119809963244	1.0	-0.0710885175276	-0.0245565303427	0.0156414427034	-0.011810703335	0.065230199426	0.00541256890485	-0.0148635702683	0.00172663944496	0.0133415545886	-0.0517909803149	-0.0279647388655	-0.0116861821494	-0.0205409823901	0.0150183414131	-0.0494362576454	-0.0189123634706	-7.06193909471e-05	-0.0249385541432	-0.0408098142098	0.0056987905506	-0.0575513859331	-0.0715328257854	-0.0246173833122	-0.0678528643217	0.0215617946026	-0.00964579930431	0.00770852298153	-0.0473150248178	-0.00539649554601	-0.00615500386438	0.0137576263178	-0.00748633571445	-0.0527990177809	0.0390404119646	-0.053322526242	0.0663948083071	0.0544348266167	0.000328314842832	-0.0266767821207
k__Bacteria;p__Bacteroidetes;c__Bacteroidia;o__Bacteroidales;f__Bacteroidaceae;g__Bacteroides;s__Bacteroides_salyersiae	0.0564689673634	-0.079632168937	0.0141859415368	0.00402931168879	0.0150427540169	-0.0342603269629	-0.00617260049134	-0.0112051821615	-0.0745166832008	0.0107335473486	0.00430453975178	-0.00191909649949	0.0285055281814	-0.0212552006905	-0.0637345398589	-0.00521622526205	0.00874003919949	-0.0149599147415	-0.0322849219499	-0.0710885175276	1.0	-0.0308802237348	0.0582419281091	0.0721202001655	0.0060075236832	-0.0318228492458	0.00943919285622	-0.0153516617754	0.0271163465621	-0.0598202788387	-0.0162310538625	-0.028643566551	0.0378649512859	-0.00653114690685	-0.0101439871182	0.0303938964928	-0.058079171455	0.0606438647928	0.018402925678	0.0196066150587	-0.029634745551	-0.0755230148333	-0.081264467098	0.0334271537055	-0.0445548054673	-0.0039159695482	-0.0400641348954	-0.0761499585338	-0.0329925956981	0.0425555591092	0.0320647928882	0.0298725695365	-0.0841769600821	-0.0587932032363	-0.0494978850572	-0.0317809060897	-0.0141360949436	-0.0661740403946	0.0662518335664
k__Bacteria;p__Firmicutes;c__Clostridia;o__Clostridiales;f__Ruminococcaceae;g__Ruminiclostridium;s__[Eubacterium]_siraeum	0.0225378177551	0.019581059306	-0.0238782106078	0.00222712390422	0.00872762042783	-0.0328587829844	-0.0216448229642	0.0289428196512	-0.0229109528643	0.0670137384849	-0.0486643516334	0.0114092923754	0.0476629872039	-0.073489435674	-0.029629551823	0.0101633785666	0.00319377721616	-0.0594812480558	0.0501694564354	-0.0245565303427	-0.0308802237348	1.0	0.0191904908515	-0.0027767496715	0.00296287023608	-0.0273345583333	0.0469590766006	0.0142433814909	-0.0026951084152	0.00162507897283	0.0333776285099	-0.0877549606124	-0.155774631399	-0.0379700995466	0.00625196023203	0.0228515271674	0.0978736402148	0.0222369245149	-0.0810065749047	0.0397494241218	-0.0369294909558	-0.0203064184588	0.00535870960045	0.0355055491406	0.0147180449266	-0.0874046698424	-0.0805459042696	-0.0472339397839	-0.0602580668877	0.00338468203225	0.0335651228143	0.0357804976103	-0.110726446673	0.0297934786219	0.0410876720597	-0.0607405665103	0.0207307253006	0.0195928209826	0.0355780970009
k__Bacteria;p__Proteobacteria;c__Betaproteobacteria;o__Burkholderiales;f__Sutterellaceae;g__Parasutterella;s__Parasutterella_excrementihominis	-0.0488240570618	0.0482693413261	-0.00597916868222	-0.0433791119804	0.092396114648	-0.0281251109358	0.022862806107	-0.018275165181	0.00556365721331	0.0189743921176	0.0243544091671	0.0361904072156	-0.073991459869	0.00132978522801	0.000631503459889	-0.0445227920356	1.50019282671e-05	-0.0266541555981	-0.0164241621862	0.0156414427034	0.0582419281091	0.0191904908515	1.0	-0.108056323263	-0.0218970997685	-0.0443886698052	-0.0573959259559	0.0120658949913	0.0339158765177	0.0313162194597	0.0366487902125	-0.06795821125	0.0592516316406	-0.0179344175368	0.0321055292791	-0.00144044570601	-0.0534789129438	-0.0903678006494	-0.0278533049911	-0.02545614326	-0.00217799766927	-0.0411908787521	-0.00762960598869	-0.00145435266555	0.106872333755	0.0193476600221	0.00281743405022	-0.0201497898088	0.0273914403035	-0.0296378311884	0.0519902361795	-0.0475358331445	0.0207844658682	-0.026389287907	-0.097019552925	-0.0301239260845	0.0523512900263	-0.0584426917909	-0.0098889410079
k__Bacteria;p__Actinobacteria;c__Actinobacteria;o__Bifidobacteriales;f__Bifidobacteriaceae;g__Bifidobacterium;s__Bifidobacterium_adolescentis	-0.0232147046645	-0.000467507443217	0.0336170450592	0.0149564803352	-0.00866474929884	0.0396948920411	0.0188090942279	-0.0967932349551	0.0267336426967	0.0611702968583	0.0136774411132	-0.00902435268243	-0.015964081828	-0.0387092576671	-0.044437657736	-0.0390789224177	0.0123161978111	-0.0136760568678	-0.0297203658517	-0.011810703335	0.0721202001655	-0.0027767496715	-0.108056323263	1.0	-0.00695175744224	0.0292156493902	0.0166022725069	-7.81148710193e-05	-0.0354285108167	-0.0569721388478	-0.0732338833099	-0.0354527909309	-0.00954920274985	0.00911537807033	0.0176741894097	0.0279908534757	-0.0160883966942	-0.0145477158367	-0.0151741863858	-0.0400645126962	-0.0170358399744	0.00683379233167	0.02437816335	-0.0189289718925	-0.062351336839	-0.0145308762951	-0.0265564797725	0.0251953656065	-0.0549941020486	0.0379004048046	0.0324931747911	-0.00133138551791	-0.00191260811106	-0.0356087263408	0.0202281926914	-0.0345461303937	-0.023572338799	0.0483795750668	0.00474254724794
k__Bacteria;p__Firmicutes;c__Clostridia;o__Clostridiales;f__Oscillospiraceae;g__Oscillibacter;s__Oscillibacter_sp._KLE_1745	0.0123672636978	0.0179063484876	0.0040540662207	-0.00331641379928	-0.0523034140612	-0.0829470364829	-0.0323928699159	-0.0397289199413	-0.0484959193676	0.0189155819584	-0.0205951044208	-0.0431101364483	-0.0727715131767	-0.0232154608552	-0.0172635617389	-0.0141570549955	0.00842439470326	0.0119656183136	-0.0571123080676	0.065230199426	0.0060075236832	0.00296287023608	-0.0218970997685	-0.00695175744224	1.0	-0.0386878687589	0.00231014035441	0.051706959985	-0.0467228301475	-0.025299037882	0.0209977723296	-0.0204319570217	-0.0309882990313	0.0428873213927	-0.0228953414503	-0.0133289815547	-0.00445271846226	0.0457943366292	-0.0227562313737	0.0316349935422	-0.0354959205817	0.0256462029809	0.020365182655	-0.0886110630111	-0.0289545051603	0.0622669373176	-0.0458339234666	-0.00225774316158	-0.0764213689584	-0.0137314576655	0.0522067502462	-0.0562338636486	-0.085524425551	-0.0211517897839	-0.00460986492486	0.00965672859902	0.0270278086488	0.0185709425022	0.0420744451028
k__Bacteria;p__Bacteroidetes;c__Bacteroidia;o__Bacteroidales;f__Bacteroidaceae;g__Bacteroides;s__Bacteroides_coprophilus	0.0282649025064	-0.00659800478156	-0.00407383864429	0.00854694674886	0.0481559510305	0.0477079743546	-0.0816893416627	0.0363087558438	-0.0811652678961	-0.0833838743956	-0.0144307089567	0.0295377212418	0.107611058596	0.0104054389848	0.0286994654642	-0.030334216734	-0.0278299965081	0.00945765511355	0.0174924440149	0.00541256890485	-0.0318228492458	-0.0273345583333	-0.0443886698052	0.0292156493902	-0.0386878687589	1.0	-0.0430428981962	-0.00110536794411	0.013213380224	0.0366253707323	0.00998644766108	0.0250767124346	-0.0679701659202	0.0340508669049	-0.0125544909411	-0.0355890387466	-0.0102402437524	-0.0105444694976	0.0282226412504	-0.006726941903	-0.0415681553496	0.0651589289581	-0.0099603365093	-0.0490034806301	-0.0462535493699	-0.0171404798075	-0.0310952214448	0.0395746737268	-0.0263202927265	-0.0125864907434	-0.0505862117583	0.0113306337196	-0.016636895035	-0.0332511346317	-0.00267110541357	-0.0141180597009	0.0285542009998	-0.0221038738599	0.05853722467
k__Bacteria;p__Firmicutes;c__Clostridia;o__Clostridiales;f__Lachnospiraceae;g__Roseburia;s__Roseburia_intestinalis	0.0114179872489	-0.101436235072	-0.0431144612217	-0.099323739625	-0.0363888235886	-0.00196025920552	0.00905996736684	-0.032151256643	0.000688752338115	-0.00573563985303	0.0402506331748	-0.0305789282784	0.00234429034406	-0.0317347700475	-0.0474828935135	-0.0483657938901	0.0639774775923	0.00588917380981	-0.037624297492	-0.0148635702683	0.00943919285622	0.0469590766006	-0.0573959259559	0.0166022725069	0.00231014035441	-0.0430428981962	1.0	0.0418398857822	0.0120873992667	0.0267841297299	-0.0180540463413	0.00418545670953	-0.00389743089846	0.00728238506291	0.0706567690033	0.0311992772604	-0.0151257696641	0.0210069106521	-0.0590384089336	0.0277048818067	0.0700005765962	0.0375090214655	0.0276768630605	-0.0252022673124	0.0014436691216	-0.0479169538413	0.0299629289977	-0.0205006168091	-0.0956403502568	-0.0400674686517	-0.0540287352385	0.0140406456641	-0.0116890889789	-0.00951224370515	0.0362602299536	-0.0485635134157	0.017407900731	-0.000860577457378	0.0559287810075
k__Bacteria;p__Firmicutes;c__Clostridia;o__Clostridiales;f__Lachnospiraceae;g__Roseburia;s__Roseburia_hominis	-0.0519441357406	-0.0270996446718	-0.0360296823571	0.0197868489536	-0.0424866832466	-0.0197099791606	0.0329046933474	-0.0278933149661	0.114697679829	-0.0636709389341	0.0189164313116	-0.0196096080009	0.0335252617877	0.00315229972281	-0.0522099085916	-0.141657004693	0.0326693220785	-0.0153727980432	-0.0875045214975	0.00172663944496	-0.0153516617754	0.0142433814909	0.0120658949913	-7.81148710193e-05	0.051706959985	-0.00110536794411	0.0418398857822	1.0	0.0543210503489	-0.0332445343179	0.00514377409038	0.0108120246473	-0.0747413615369	-0.00480564017898	-0.0630941511845	-0.0331062464044	0.043101200371	0.0810641729503	0.0384699956109	-0.0267460220695	-0.0203268303557	-0.0169463044898	-0.0678650475753	-0.062273609837	0.0348420155012	-0.131455520883	0.0309747464725	0.0558265983907	-0.0732254957626	-0.0224327175786	0.0406520889476	0.00142160868345	-0.0549721971019	0.098646187693	-0.00643516100092	0.0293822486784	-0.0592177694294	-0.0253791568208	-0.106501526787
k__Bacteria;p__Bacteroidetes;c__Bacteroidia;o__Bacteroidales;f__Porphyromonadaceae;g__Parabacteroides;s__Parabacteroides_johnsonii	-0.0409606714431	-0.0552437551583	-0.0629303867338	-0.0350687150774	-0.0162181390351	0.00383656533989	-0.0282083793162	0.0137263058723	-0.0666744070974	0.0151240046806	-0.0322400194025	-0.0263634914133	0.0352696674352	-0.0539423293157	0.00674716785877	0.0581871545151	0.0155254091924	0.034682940235	-0.0543923818736	0.0133415545886	0.0271163465621	-0.0026951084152	0.0339158765177	-0.0354285108167	-0.0467228301475	0.013213380224	0.0120873992667	0.0543210503489	1.0	-0.00272138516429	-0.0625764007808	0.0340437943135	0.00558323956144	-0.0697208735794	0.00251233939233	0.0185648280188	-0.00425446308776	-0.0127261337598	-0.0376111275975	-0.0587361746416	0.0218955023949	-0.00113939041743	-0.00216303879235	0.0104585012392	0.0329356492766	-0.00498500938576	-0.0829841839232	-0.0256479513192	-0.0574980871564	-0.0203059284854	0.0561256952092	-0.0128386403089	-0.0280751100736	-0.00763252237881	-0.0130492035269	-0.0073802203977	-0.0252346757882	-0.00492682647513	-0.00201876417701
k__Bacteria;p__Actinobacteria;c__Actinobacteria;o__Bifidobacteriales;f__Bifidobacteriaceae;g__Bifidobacterium;s__Bifidobacterium_longum	0.031915651083	-0.0925145824108	0.0514484074595	-0.0588092753837	-0.0199967094348	0.00813053562705	-0.0032239784673	0.00503040038962	-0.0160252007394	-0.0473624588166	0.00999221012391	0.0167909201806	0.0791817438271	0.0606073607112	0.00957291866519	-0.0245720717795	0.0447606111393	-0.03739542262	-0.0719782148115	-0.0517909803149	-0.0598202788387	0.00162507897283	0.0313162194597	-0.0569721388478	-0.025299037882	0.0366253707323	0.0267841297299	-0.0332445343179	-0.00272138516429	1.0	0.0209732808425	-0.00762406259796	-0.0108144333052	0.0361731695046	-0.0325491999023	0.0172538938432	-0.0730876815405	-0.104129462403	0.0819949695759	0.0385742813905	-0.0288315582909	0.0478296458863	-0.04065474223	-0.0868025906909	-0.0049754590454	0.031518684673	0.0294485249589	-0.0442772411971	-0.0217710792889	0.00639544918253	-0.0098117752316	-0.0071174227119	-0.0222444919126	-0.0511753848511	-0.0400296433025	0.031966236386	0.0179112540761	0.0191489149023	-0.0465805005292
