#taxonomy	k__Bacteria;p__Bacteroidetes;c__Bacteroidia;o__Bacteroidales;f__Bacteroidaceae;g__Bacteroides;s__Bacteroides_vulgatus	k__Bacteria;p__Bacteroidetes;c__Bacteroidia;o__Bacteroidales;f__Bacteroidaceae;g__Bacteroides;s__Bacteroides_uniformis	k__Bacteria;p__Bacteroidetes;c__Bacteroidia;o__Bacteroidales;f__Rikenellaceae;g__Alistipes;s__Alistipes_putredinis	k__Bacteria;p__Bacteroidetes;c__Bacteroidia;o__Bacteroidales;f__Prevotellaceae;g__Prevotella;s__Prevotella_copri	k__Bacteria;p__Bacteroidetes;c__Bacteroidia;o__Bacteroidales;f__Bacteroidaceae;g__Bacteroides;s__Bacteroides_stercoris	k__Bacteria;p__Bacteroidetes;c__Bacteroidia;o__Bacteroidales;f__Bacteroidaceae;g__Bacteroides;s__Bacteroides_ovatus	k__Bacteria;p__Bacteroidetes;c__Bacteroidia;o__Bacteroidales;f__Rikenellaceae;g__Alistipes;s__Alistipes_shahii	k__Bacteria;p__Firmicutes;c__Clostridia;o__Clostridiales;f__Ruminococcaceae;g__Faecalibacterium;s__Faecalibacterium_prausnitzii	k__Bacteria;p__Bacteroidetes;c__Bacteroidia;o__Bacteroidales;f__Rikenellaceae;g__Alistipes;s__Alistipes_finegoldii	k__Bacteria;p__Bacteroidetes;c__Bacteroidia;o__Bacteroidales;f__Porphyromonadaceae;g__Parabacteroides;s__Parabacteroides_distasonis	k__Bacteria;p__Bacteroidetes;c__Bacteroidia;o__Bacteroidales;f__Bacteroidaceae;g__Bacteroides;s__Bacteroides_thetaiotaomicron	k__Bacteria;p__Bacteroidetes;c__Bacteroidia;o__Bacteroidales;f__Bacteroidaceae;g__Bacteroides;s__Bacteroides_coprocola	k__Bacteria;p__Bacteroidetes;c__Bacteroidia;o__Bacteroidales;f__Bacteroidaceae;g__Bacteroides;s__Bacteroides_cellulosilyticus	k__Bacteria;p__Bacteroidetes;c__Bacteroidia;o__Bacteroidales;f__Rikenellaceae;g__Alistipes;s__Alistipes_obesi	k__Bacteria;p__Firmicutes;c__Clostridia;o__Clostridiales;f__Lachnospiraceae;g__;s__[Eubacterium]_rectale	k__Bacteria;p__Bacteroidetes;c__Bacteroidia;o__Bacteroidales;f__Bacteroidaceae;g__Bacteroides;s__Bacteroides_plebeius	k__Bacteria;p__Bacteroidetes;c__Bacteroidia;o__Bacteroidales;f__Bacteroidaceae;g__Bacteroides;s__Bacteroides_fragilis	k__Bacteria;p__Proteobacteria;c__Betaproteobacteria;o__Burkholderiales;f__Sutterellaceae;g__Sutterella;s__Sutterella_wadsworthensis	k__Bacteria;p__Bacteroidetes;c__Bacteroidia;o__Bacteroidales;f__Porphyromonadaceae;g__Barnesiella;s__Barnesiella_intestinihominis	k__Bacteria;p__Bacteroidetes;c__Bacteroidia;o__Bacteroidales;f__Odoribacteraceae;g__Odoribacter;s__Odoribacter_splanchnicus	k__Bacteria;p__Bacteroidetes;c__Bacteroidia;o__Bacteroidales;f__Bacteroidaceae;g__Bacteroides;s__Bacteroides_salyersiae	k__Bacteria;p__Firmicutes;c__Clostridia;o__Clostridiales;f__Ruminococcaceae;g__Ruminiclostridium;s__[Eubacterium]_siraeum	k__Bacteria;p__Proteobacteria;c__Betaproteobacteria;o__Burkholderiales;f__Sutterellaceae;g__Parasutterella;s__Parasutterella_excrementihominis	k__Bacteria;p__Actinobacteria;c__Actinobacteria;o__Bifidobacteriales;f__Bifidobacteriaceae;g__Bifidobacterium;s__Bifidobacterium_adolescentis	k__Bacteria;p__Firmicutes;c__Clostridia;o__Clostridiales;f__Oscillospiraceae;g__Oscillibacter;s__Oscillibacter_sp._KLE_1745	k__Bacteria;p__Bacteroidetes;c__Bacteroidia;o__Bacteroidales;f__Bacteroidaceae;g__Bacteroides;s__Bacteroides_coprophilus	k__Bacteria;p__Firmicutes;c__Clostridia;o__Clostridiales;f__Lachnospiraceae;g__Roseburia;s__Roseburia_intestinalis	k__Bacteria;p__Firmicutes;c__Clostridia;o__Clostridiales;f__Lachnospiraceae;g__Roseburia;s__Roseburia_hominis	k__Bacteria;p__Bacteroidetes;c__Bacteroidia;o__Bacteroidales;f__Porphyromonadaceae;g__Parabacteroides;s__Parabacteroides_johnsonii	k__Bacteria;p__Actinobacteria;c__Actinobacteria;o__Bifidobacteriales;f__Bifidobacteriaceae;g__Bifidobacterium;s__Bifidobacterium_longum	k__Bacteria;p__Firmicutes;c__Clostridia;o__Clostridiales;f__;g__Flavonifractor;s__Flavonifractor_plautii	k__Bacteria;p__Firmicutes;c__Clostridia;o__Clostridiales;f__Clostridiaceae;g__Clostridium;s__Clostridium_phoceensis	k__Bacteria;p__Verrucomicrobia;c__Verrucomicrobiae;o__Verrucomicrobiales;f__Akkermansiaceae;g__Akkermansia;s__Akkermansia_muciniphila	k__Bacteria;p__Bacteroidetes;c__Bacteroidia;o__Bacteroidales;f__Prevotellaceae;g__Paraprevotella;s__Paraprevotella_xylaniphila	k__Bacteria;p__Firmicutes;c__Clostridia;o__Clostridiales;f__Ruminococcaceae;g__Ruminococcus;s__Ruminococcus_callidus	k__Bacteria;p__Bacteroidetes;c__Bacteroidia;o__Bacteroidales;f__Rikenellaceae;g__Alistipes;s__Alistipes_senegalensis	k__Bacteria;p__Firmicutes;c__Clostridia;o__Clostridiales;f__Lachnospiraceae;g__Blautia;s__Blautia_sp._KLE_1732	k__Bacteria;p__Bacteroidetes;c__Bacteroidia;o__Bacteroidales;f__Bacteroidaceae;g__Bacteroides;s__Bacteroides_oleiciplenus	k__Bacteria;p__Firmicutes;c__Clostridia;o__Clostridiales;f__Ruminococcaceae;g__Ruminococcus;s__Ruminococcus_bicirculans	k__Bacteria;p__Bacteroidetes;c__Bacteroidia;o__Bacteroidales;f__Bacteroidaceae;g__Bacteroides;s__Bacteroides_fluxus	k__Bacteria;p__Bacteroidetes;c__Bacteroidia;o__Bacteroidales;f__Prevotellaceae;g__Prevotella;s__Prevotella_stercorea	k__Bacteria;p__Firmicutes;c__Clostridia;o__Clostridiales;f__Lachnospiraceae;g__Dorea;s__Dorea_longicatena	k__Bacteria;p__Firmicutes;c__Clostridia;o__Clostridiales;f__Eubacteriaceae;g__Eubacterium;s__[Eubacterium]_eligens	k__Bacteria;p__Firmicutes;c__Clostridia;o__Clostridiales;f__Ruminococcaceae;g__;s__Ruminococcaceae_bacterium_D16	k__Bacteria;p__Firmicutes;c__Clostridia;o__Clostridiales;f__Lachnospiraceae;g__Coprococcus;s__Coprococcus_comes	k__Bacteria;p__Proteobacteria;c__Gammaproteobacteria;o__Enterobacterales;f__Enterobacteriaceae;g__Escherichia;s__Escherichia_coli	k__Bacteria;p__Firmicutes;c__Clostridia;o__Clostridiales;f__Ruminococcaceae;g__Anaerotruncus;s__Anaerotruncus_colihominis	k__Bacteria;p__Firmicutes;c__Clostridia;o__Clostridiales;f__Lachnospiraceae;g__Blautia;s__Blautia_obeum	k__Bacteria;p__Bacteroidetes;c__Bacteroidia;o__Bacteroidales;f__Odoribacteraceae;g__Odoribacter;s__Odoribacter_laneus	k__Bacteria;p__Firmicutes;c__Clostridia;o__Clostridiales;f__Ruminococcaceae;g__Ruminiclostridium;s__[Clostridium]_leptum	k__Bacteria;p__Bacteroidetes;c__Bacteroidia;o__Bacteroidales;f__Porphyromonadaceae;g__Parabacteroides;s__Parabacteroides_goldsteinii	k__Bacteria;p__Firmicutes;c__Clostridia;o__Clostridiales;f__Lachnospiraceae;g__Anaerostipes;s__Anaerostipes_hadrus	k__Bacteria;p__Firmicutes;c__Clostridia;o__Clostridiales;f__Ruminococcaceae;g__Ruminococcus;s__Ruminococcus_lactaris	k__Bacteria;p__Firmicutes;c__Clostridia;o__Clostridiales;f__Clostridiaceae;g__Clostridium;s__Clostridium_sp._L2-50	k__Bacteria;p__Firmicutes;c__Clostridia;o__Clostridiales;f__Clostridiaceae;g__Clostridium;s__Clostridium_sp._M62/1	k__Bacteria;p__Firmicutes;c__Clostridia;o__Clostridiales;f__;g__Intestinimonas;s__Intestinimonas_butyriciproducens	k__Bacteria;p__Actinobacteria;c__Actinobacteria;o__Bifidobacteriales;f__Bifidobacteriaceae;g__Bifidobacterium;s__Bifidobacterium_bifidum	k__Bacteria;p__Firmicutes;c__Negativicutes;o__Veillonellales;f__Veillonellaceae;g__Dialister;s__Dialister_invisus	k__Bacteria;p__Bacteroidetes;c__Bacteroidia;o__Bacteroidales;f__Bacteroidaceae;g__Bacteroides;s__Bacteroides_salanitronis
k__Bacteria;p__Bacteroidetes;c__Bacteroidia;o__Bacteroidales;f__Bacteroidaceae;g__Bacteroides;s__Bacteroides_vulgatus	1.0	-0.00410592432289	0.0522320693732	0.0241471912481	0.0111955393483	0.0183937907527	-0.0263997870163	-0.0065590327536	-0.041801857168	0.0515353079288	-0.0148942072504	-0.0329886362534	0.011633312029	-0.0100610881586	0.000912955794647	-0.0597781351906	-0.0228404042728	-0.0160444948335	-0.0352298672617	-0.0371056623187	0.000669871657313	0.006949110805	0.0116396223893	0.00126651311474	0.0329602747529	-0.043022269018	-0.0394795875359	-0.00759142571545	0.0495522131707	-0.0363459955247	0.0355423399849	0.0653184011305	-0.0325744283116	-0.00735593389579	-0.0286945402659	0.0351538717727	-0.0381592692669	-0.115685577297	0.00347583715584	-0.0261325307023	-0.015325593777	-0.00566864331996	-0.0110744258541	-0.0307370354865	-0.0498324300458	-0.068602582807	-0.063258112227	0.00146491699173	0.044138553122	0.00318547433431	0.0295820311464	0.022754399877	-0.0404439565713	-0.0342874800339	0.00652675495229	-0.00288387201053	0.00732075891565	-0.00208282193196	-0.0326055985503
k__Bacteria;p__Bacteroidetes;c__Bacteroidia;o__Bacteroidales;f__Bacteroidaceae;g__Bacteroides;s__Bacteroides_uniformis	-0.00410592432289	1.0	-0.0106742506694	0.0176371557753	0.0226110543344	-0.0349337929596	-0.0106598354741	0.0140982166026	-0.0538342888355	-0.0309327185494	-0.0708528356015	0.0336821876475	-0.0156763391323	0.00641058195934	-0.0383085629229	0.0353077939051	-0.0662730199387	-0.0703151531631	0.0216182507973	-0.0704166673418	-0.011275103104	-0.0287702841548	-0.00922764646045	-0.0188843813368	-0.0317161909021	-0.0603284488546	0.0484936454937	0.0196350516136	-0.0262044244943	-0.0211768693344	-0.00539660096647	0.0202882303495	-0.0161630379019	-0.0254303992322	0.00365651108487	0.0704200439901	-0.0403997892419	-0.0198114615726	-0.0107459147825	0.0195484225187	-0.00313021310281	-0.00316547559074	0.0542151361043	-0.0154208078414	-0.0103425499891	-0.0132350532628	-0.012873629822	0.0237532837468	0.037516573866	-0.0400465057742	-0.040831843007	0.0270470822749	-0.0142842981878	0.0641815625791	0.0767296516714	0.0207943186905	-0.0493129985994	-0.0276397156202	-0.0924493944455
k__Bacteria;p__Bacteroidetes;c__Bacteroidia;o__Bacteroidales;f__Rikenellaceae;g__Alistipes;s__Alistipes_putredinis	0.0522320693732	-0.0106742506694	1.0	-0.0281120892423	-0.0563951277547	-0.0111168996194	-0.0217555476675	0.0349366136841	0.0745270528783	0.0117231475325	-0.0902196847488	-0.0132216012265	-0.0419816523463	-0.0263930039314	0.0636320615792	0.0237694087498	-0.000969530281434	-0.018672031146	-0.0765514077781	-0.043577238522	-0.0207445655471	-0.0613503081556	0.0256416053559	0.0217099472912	-0.0748743964196	0.00744915864007	0.00714322126639	-0.0179740340428	-0.0263531934713	0.0530456845381	0.00204725550964	0.0272910159679	-0.0497487224307	0.0306843919284	0.0228693989353	-0.045270913729	0.0120321776995	-0.0693922013526	0.0238996911059	0.0411485726152	0.0405952757	-0.00455322374118	-0.0234995750283	0.0213769170381	-0.0252976830649	0.0124272866159	-0.00725439993271	0.0189575278257	-0.0541356925132	-0.0648070373057	-0.0250832894897	-0.0263502037653	-0.0397756523172	-0.0658180761272	-0.0175070085794	0.061609322838	-0.0448634464501	-0.00055285807257	-0.0621932250993
k__Bacteria;p__Bacteroidetes;c__Bacteroidia;o__Bacteroidales;f__Prevotellaceae;g__Prevotella;s__Prevotella_copri	0.0241471912481	0.0176371557753	-0.0281120892423	1.0	-0.103206064403	0.00994196311245	-0.0194880224475	-0.0460785097046	-0.0319526887738	-0.03909099981	0.0230716288187	-0.00635420151564	0.0276974077752	-0.00865564638564	0.0148217504233	0.0160285907066	-0.0255337316274	-0.0298827767353	0.00844749518833	-0.0106098356233	0.0452534141895	-0.0373923080623	-0.0142228837285	0.0764368943406	-0.019725742813	-0.039420050355	0.0162287946333	-0.127190880022	0.0792087115635	-0.00433962427645	0.0180848525832	0.0601162107932	0.00891701143125	-0.051625355999	-0.0253645716321	-0.0611129337592	0.0173193054879	-0.0520536637993	-0.0245108909636	-0.0335361002994	-0.0748765071649	-0.0318628965666	-0.0945738105232	0.00775539478281	-0.0619307234093	-0.0424765655393	-0.0265183231451	-0.0989205138763	-0.0477956420771	-0.00830645642686	-0.0319947482488	-0.034516148802	-0.000851374983096	-0.0603837477901	-0.0428648944707	-0.0789834811565	-0.0204874190428	0.0579235716101	-0.0394746631521
k__Bacteria;p__Bacteroidetes;c__Bacteroidia;o__Bacteroidales;f__Bacteroidaceae;g__Bacteroides;s__Bacteroides_stercoris	0.0111955393483	0.0226110543344	-0.0563951277547	-0.103206064403	1.0	-0.0427609839782	-0.0338540461352	-0.000667791715566	0.0197619960943	-0.0382759447845	-0.0396366013249	-0.0320153543552	0.00928022129628	-0.0251911177331	-0.0243373476217	-0.0405797855479	0.0441502429143	-0.0274800056778	-0.00374240087505	-0.0262215833578	-0.0393143024854	0.0552212536997	-0.0480080937786	-0.063839547821	0.011670234986	-0.0318756869655	-0.00579996073261	0.00988937806576	-0.0531485108569	0.0101150409917	0.0181097401505	0.020890354541	0.0180442769651	-0.0124026156034	-0.0193136693918	0.0574827487943	0.0136208974233	0.0274374100709	-0.0355085046252	0.00336133130992	0.0156052873276	-0.0389900202909	0.0066942542015	-0.0286884502327	-0.026942849957	-0.00342641239176	-0.046111245128	-0.0410722347972	-0.043184235242	-0.0503753961113	0.0782543342409	0.00362807919898	0.00304692215336	-0.0435225145617	0.0276999958573	0.0499525304772	0.0225421688115	-0.0538734387179	0.0161257021422
k__Bacteria;p__Bacteroidetes;c__Bacteroidia;o__Bacteroidales;f__Bacteroidaceae;g__Bacteroides;s__Bacteroides_ovatus	0.0183937907527	-0.0349337929596	-0.0111168996194	0.00994196311245	-0.0427609839782	1.0	0.0587905218411	0.00792866927278	-0.000596858119273	-0.0246415896167	-0.0481583885204	-0.0520291804176	0.0758954531916	0.0518949775874	-0.0401094907793	-0.0431141680158	-0.0466267868724	-0.0373266697396	-0.0141913601269	-0.020179392617	-0.0440650871625	-0.0428088858017	-0.04060098076	0.0157062095761	-0.025816726332	0.0176704469003	0.0235751554742	-0.0307323610968	-0.0266962130723	0.0355276433892	0.0301300644237	0.00833829641992	-0.105209580255	-0.0490316099715	-0.028106148744	-0.0299867987673	0.024864017787	0.0557768911166	-0.00721904482621	0.014231404144	-0.0467671298775	0.00605958010516	-0.0316230452898	0.00917897972966	0.0308820132158	-0.0280573480716	0.0272128150514	0.02916521	0.0389980085691	-0.011713341506	-0.0207827318417	0.044262485598	-0.0496871585094	0.00881162938318	0.00809370054763	-0.0313505019095	-0.0197117800263	-0.0435015314006	0.0125216317135
k__Bacteria;p__Bacteroidetes;c__Bacteroidia;o__Bacteroidales;f__Rikenellaceae;g__Alistipes;s__Alistipes_shahii	-0.0263997870163	-0.0106598354741	-0.0217555476675	-0.0194880224475	-0.0338540461352	0.0587905218411	1.0	-0.0975980843699	-0.0446621255775	-0.0966658872354	-0.00945056679093	-0.00267138481512	-0.0561850744071	0.0097822180922	0.0384127935698	0.00508913792059	0.0202759700697	0.0460794353449	0.03133175909	0.0178233458187	-0.0383743712832	-0.042978075395	-0.0454450717245	-0.00474219186397	0.00130720793926	-0.00713369952059	0.0525403448533	-0.0194361550677	-0.0190512921307	-0.0141208766008	0.0245598059256	-0.0257009232016	0.00422170416222	0.0687860080663	-0.0247118051255	0.0462489233928	0.00584683469791	-0.0449308499581	-0.00596081782023	-0.00831637632666	-0.00360069907791	0.000605617272534	0.0790840474549	-0.0450890156454	0.00469472181584	-0.0447819915053	0.0194280364417	-0.00674111778862	0.0302729790107	-0.0371737011998	-0.00189554445222	0.0160322127094	0.0486595692964	-0.0292643206959	0.0586549968819	0.0511984783002	-0.0996914722848	-0.0697079401642	0.0541685494602
k__Bacteria;p__Firmicutes;c__Clostridia;o__Clostridiales;f__Ruminococcaceae;g__Faecalibacterium;s__Faecalibacterium_prausnitzii	-0.0065590327536	0.0140982166026	0.0349366136841	-0.0460785097046	-0.000667791715566	0.00792866927278	-0.0975980843699	1.0	0.0182047192304	0.0212328057353	-0.0497494242841	0.0635812244852	-0.013277497122	-0.0343237780141	-0.00648107195495	0.0108703778409	0.0473537461981	0.0148300749617	0.017843494386	-0.104682880796	0.0205179385001	-0.0132685607436	-0.0116108507701	0.0524937831971	-0.0039978099628	0.0171468535985	-0.0363458083623	0.0016198550598	-0.0520124418833	-0.0583723169842	-0.0102708667461	-0.0173256893365	0.00765935678917	0.00379357171801	0.00277533005181	0.0341961954747	-0.00488417752374	-0.0723261603561	-0.0333652124241	-0.0661890325543	0.0358074386216	0.103944582097	0.0187230107394	-0.00623230670326	0.0294380006524	0.0316670678599	-0.0208816457475	-0.0176346244998	-0.065644079266	0.0493684431965	-0.0100600771012	0.000816513978122	-0.0789760884556	-0.0171395259066	-0.0241705250004	0.0425498970705	0.0205648960756	-0.0324952328092	-0.0606887935592
k__Bacteria;p__Bacteroidetes;c__Bacteroidia;o__Bacteroidales;f__Rikenellaceae;g__Alistipes;s__Alistipes_finegoldii	-0.041801857168	-0.0538342888355	0.0745270528783	-0.0319526887738	0.0197619960943	-0.000596858119272	-0.0446621255775	0.0182047192304	1.0	-0.0254954505032	0.0227218574178	0.011425775098	0.0468561048199	0.00334761482323	-0.0114858931411	0.0294932301086	0.137097863433	-0.0025711727992	0.0601846037616	-0.0605225898913	-0.0527891090647	0.0682174570068	-0.0197917209447	-0.0607722372639	-0.0297190506172	0.0791486109209	0.004501555911	0.0215166614546	-0.0212765604081	-0.0425270982295	-0.0814744722108	-0.0128755139516	-0.061636361333	-0.0809458565215	-0.0141278129701	-0.0382235367131	-0.0370869295067	-0.026637711001	-0.0359663845154	-0.0192772868487	-0.0205644289883	-0.019276915426	0.0323710209405	-0.0648369294945	0.0394932557784	0.0106097547382	0.0414368902317	-0.00869515114627	-0.0949733157756	0.0274854283484	-0.026871335574	-0.0530958709979	0.0120933521021	-0.024854421417	0.0618024787206	-0.0147930146278	0.0212314268729	-0.0185716873798	-0.0823399150974
k__Bacteria;p__Bacteroidetes;c__Bacteroidia;o__Bacteroidales;f__Porphyromonadaceae;g__Parabacteroides;s__Parabacteroides_distasonis	0.0515353079288	-0.0309327185494	0.0117231475325	-0.03909099981	-0.0382759447845	-0.0246415896167	-0.0966658872354	0.0212328057353	-0.0254954505032	1.0	-0.0791746772936	-0.0245519251049	-0.0171692101026	-0.0456051344564	-0.0156373441439	-0.0413120507959	-0.0680102831448	-0.0573597490689	0.0042090754076	0.0257480415145	-0.0372566111031	-0.00693257727682	-0.0285667396045	0.00489745768307	-0.0519478463363	0.0414482174924	-0.0136746907201	-0.0584731407778	-0.029384170905	-0.0260823040299	-0.0159531764645	0.0284869158551	0.0151927262315	-0.0200202321723	-0.0631411319922	-0.0679759840098	-0.0263991256437	-0.0520749681353	0.0170299741318	-0.0297958234532	-0.0556724504114	-0.0977819535503	-0.0303027505958	-0.0459067520852	-0.042100762286	0.056250560895	0.0199011601346	0.048071933175	0.0251189687676	-0.0353027149491	-0.0473656381702	-0.0244403197295	-0.070040083325	0.024571509401	-0.017529814093	-0.0161376039955	0.0364891913365	-0.0216911985676	-0.0476883999384
k__Bacteria;p__Bacteroidetes;c__Bacteroidia;o__Bacteroidales;f__Bacteroidaceae;g__Bacteroides;s__Bacteroides_thetaiotaomicron	-0.0148942072504	-0.0708528356015	-0.0902196847488	0.0230716288187	-0.0396366013249	-0.0481583885204	-0.00945056679093	-0.0497494242841	0.0227218574178	-0.0791746772936	1.0	0.00239656213895	0.0341403581259	-0.0354283277558	0.0348102752933	0.0599061463245	-0.0921572430085	0.0251759307971	-0.0428684744993	-0.0448614928085	-0.0510904048405	0.0306115032276	0.052800043253	-0.00381622887671	0.0686203496115	-0.0682843051265	-0.00353880813813	0.0763478769458	0.00964892188437	-0.0199437283952	0.0324520003817	-0.0345457442374	0.0766683293008	-0.0104372875645	0.0353755526277	-0.0266826710804	-0.0660982265976	0.0370951246766	-0.0156416264589	0.00719337848176	-0.0387603590503	0.00472647795269	-0.018321220087	-0.038270494166	0.0234162488313	-0.0471008976854	-0.00423781767472	-0.0972896376075	0.0516727188976	-0.00060736216335	0.0149248204455	0.0236101298624	-0.0341885461341	-0.00251036671116	0.0769593210228	-0.0876855394601	-0.0443019774233	0.0309002944836	-0.0566137559552
k__Bacteria;p__Bacteroidetes;c__Bacteroidia;o__Bacteroidales;f__Bacteroidaceae;g__Bacteroides;s__Bacteroides_coprocola	-0.0329886362534	0.0336821876475	-0.0132216012265	-0.00635420151564	-0.0320153543552	-0.0520291804176	-0.00267138481512	0.0635812244852	0.011425775098	-0.0245519251049	0.00239656213895	1.0	-0.039669203361	0.00402758118585	0.0611105497242	0.054111811698	-0.0593454927906	-0.000151261872628	-0.0390309670093	0.0669492985391	-0.00353988112211	-0.0458563776367	-0.00477582018863	-0.0579672877498	0.0778271495568	-0.0513822086914	0.0261489888443	0.0163379194141	0.0475608406642	-0.0105078106171	-0.0918340016378	-0.0362020618867	-0.0817043690727	-0.0257933381363	-0.0241462197627	0.0123809400005	-0.0285985022875	-0.00643307254108	0.00396717591276	0.0144817074572	-0.0104457561379	0.0124848249759	0.00881646647819	-0.0896511482805	0.0475056272944	-0.0706226767685	-0.11093374794	0.00779781026494	0.0399180102021	-0.00720317434881	-0.0619837406978	-0.00220696892796	-0.0344285212146	-0.0158544007059	-0.0221031296545	0.0575020808812	0.000747324602627	-0.0234839320028	0.0031233263657
k__Bacteria;p__Bacteroidetes;c__Bacteroidia;o__Bacteroidales;f__Bacteroidaceae;g__Bacteroides;s__Bacteroides_cellulosilyticus	0.011633312029	-0.0156763391323	-0.0419816523463	0.0276974077752	0.00928022129628	0.0758954531916	-0.0561850744071	-0.013277497122	0.0468561048199	-0.0171692101026	0.0341403581259	-0.039669203361	1.0	0.0187621069774	0.0250596713051	-0.0941068136107	0.037485283159	-0.00353476357336	0.00247306680219	-0.0675050661525	0.00895355648984	-0.0120229991863	-0.0491196616563	-0.0273794337212	-0.0516624127986	-0.0622817670222	0.0142425472331	-0.0199994795355	-0.00941381893984	0.00280784499986	0.0275057048219	-0.00201590899468	0.0234618157072	-0.0109413273077	-0.000509536806962	-0.0308764130445	-0.0204414500945	-0.0569067946788	-0.0637166249334	-0.0413913742473	-0.0322203485136	-0.0253669582464	-0.0355250051723	-0.00460687569286	0.0144378130185	-0.0212492235241	-0.0386750849132	-0.0348699445244	0.0109714285743	-0.00220813181825	-0.0333842996309	-0.0217435488209	0.0175494544901	-0.00534167445301	-0.0428186434323	-0.0219659754324	0.103896759395	0.00329610517896	-0.0936553100268
k__Bacteria;p__Bacteroidetes;c__Bacteroidia;o__Bacteroidales;f__Rikenellaceae;g__Alistipes;s__Alistipes_obesi	-0.0100610881586	0.00641058195934	-0.0263930039314	-0.00865564638564	-0.0251911177331	0.0518949775874	0.0097822180922	-0.0343237780141	0.00334761482323	-0.0456051344564	-0.0354283277558	0.00402758118585	0.0187621069774	1.0	-0.0282431539106	-0.00745010318188	0.0593266238512	-0.0343737228922	-0.0608096081202	-0.0660046364091	0.00654320595849	-0.0284215644482	-0.0438939143423	-0.0808313478044	0.0490077402483	0.021492555572	-0.00527079808994	-0.0976412521316	0.0430455763984	-0.00210970191982	0.0537751459468	-0.00788144264872	-0.0440371854511	0.0276401086615	0.073012653943	-0.00838141359204	-0.0293277620406	0.0696289219836	-0.0216114296931	-0.043638873305	-0.00629776032799	-0.0078177566299	-0.0544682450772	-0.0599626743662	-0.00142419655993	-0.0438628424193	0.0119154816975	0.015345499343	-0.040314506011	0.0442283828538	-0.00368022261064	-0.00905150855122	-0.044179289542	-0.0978069237456	0.0320294951022	-0.0243639541615	-0.0735123258515	0.00709259152979	-0.0347703876614
k__Bacteria;p__Firmicutes;c__Clostridia;o__Clostridiales;f__Lachnospiraceae;g__;s__[Eubacterium]_rectale	0.000912955794647	-0.0383085629229	0.0636320615792	0.0148217504233	-0.0243373476217	-0.0401094907793	0.0384127935698	-0.00648107195495	-0.0114858931411	-0.0156373441439	0.0348102752933	0.0611105497242	0.0250596713051	-0.0282431539106	1.0	0.0217863958867	-0.00843176358797	0.0871188773901	-0.0101742144765	0.00855663567783	-0.0706201729436	-0.039551516462	0.00959707592124	-0.00381833522139	0.0473306627399	-0.0547293102377	0.0102487440461	0.0121608911662	0.0417526924881	-0.0351203694498	-0.0259788956816	-0.00824228788122	0.0255595484778	0.0297566418338	0.00456239000248	0.0355061019524	0.0167258836523	-0.0274839563028	0.00200831413491	-0.0665013927946	0.0371309915008	-0.04208404124	0.0259023943812	0.0316460028105	-0.0107389785694	0.0242242537356	0.0126411051475	-0.0493107296446	-0.0392079482407	-0.0668494730475	-0.0218351441771	-0.0658936963983	-0.00450107802172	0.00648846615023	-0.0177711120936	0.0436836940609	-0.08530049295	-0.00418505077849	-0.0155635667768
k__Bacteria;p__Bacteroidetes;c__Bacteroidia;o__Bacteroidales;f__Bacteroidaceae;g__Bacteroides;s__Bacteroides_plebeius	-0.0597781351906	0.0353077939051	0.0237694087498	0.0160285907066	-0.0405797855479	-0.0431141680158	0.00508913792059	0.0108703778409	0.0294932301086	-0.0413120507959	0.0599061463245	0.054111811698	-0.0941068136107	-0.00745010318188	0.0217863958867	1.0	-0.0553126218468	0.016923459401	-0.0364121403781	0.0181863639743	-0.0717940130148	-0.0202323992115	-0.0116364610733	-0.0162562542251	-0.0449084005688	0.0456673829537	-0.0271656868288	-0.0319133955349	-0.0597541620697	0.0558081812188	-0.0672927365465	-0.0344089077833	0.0274527440569	-0.0119236953304	-0.0177291371786	-0.0283241068024	0.0306054328445	0.0233141179137	0.0172271887925	0.0055973888243	0.0225658264933	-0.0175959599581	-0.0723810312722	0.0116777480531	0.0137963145672	0.0294382012243	0.0129642455573	0.0178907095675	0.00944993046399	-0.000401764082882	0.0148119179161	0.000788626226105	0.0245057644244	-0.0237188324208	-0.0984009828882	0.00352486081684	-0.117344774116	0.0225199635181	0.0524991336022
k__Bacteria;p__Bacteroidetes;c__Bacteroidia;o__Bacteroidales;f__Bacteroidaceae;g__Bacteroides;s__Bacteroides_fragilis	-0.0228404042728	-0.0662730199387	-0.000969530281434	-0.0255337316274	0.0441502429143	-0.0466267868724	0.0202759700697	0.0473537461981	0.137097863433	-0.0680102831448	-0.0921572430085	-0.0593454927906	0.037485283159	0.0593266238512	-0.00843176358797	-0.0553126218468	1.0	0.0311865882569	-0.0283525062571	-0.0551962883388	0.00022010839317	0.0813743468298	0.0312542796442	-0.0326887372361	-0.0904195997579	0.00126859826084	-0.0217457954629	-0.024557189945	-0.0777984725029	0.0338576261931	-0.0568691168643	0.0740803018776	-0.000594410210142	-0.0548669433633	-0.00179305447276	-0.028633532087	0.00596208428948	0.00518093947121	-0.0973534478418	-0.02498391236	0.0569672452455	-0.00104478521253	-0.00309653488197	-0.0154397722414	0.0212378532148	-0.040633357356	0.0479015036357	0.0281604706741	0.0155973139031	0.0241782343631	0.0189820576054	-0.0489647229426	-0.0141104120285	-0.0182735116551	0.0603612445539	-0.00215209282892	-0.0194165185498	0.0159434402274	0.0591380945351
k__Bacteria;p__Proteobacteria;c__Betaproteobacteria;o__Burkholderiales;f__Sutterellaceae;g__Sutterella;s__Sutterella_wadsworthensis	-0.0160444948335	-0.0703151531631	-0.018672031146	-0.0298827767353	-0.0274800056778	-0.0373266697396	0.0460794353449	0.0148300749617	-0.0025711727992	-0.0573597490689	0.0251759307971	-0.000151261872627	-0.00353476357336	-0.0343737228922	0.0871188773901	0.016923459401	0.0311865882569	1.0	-0.0195111712526	-0.0145200550851	-0.0613658502695	-0.0257050553273	0.0127452435861	-0.0145385021612	0.00910693385077	-0.0442214471597	0.0960826488652	0.0271373003499	0.0295856885264	-0.0134929819894	-0.0376284975866	0.00440182980532	0.000835385026051	-0.0559288738058	0.0213955071548	-0.0764937857413	0.0165965759409	0.0205950677049	-0.00568834417033	-0.0705254572894	-0.0946955427382	0.0150351277069	-0.00613793798097	0.0209569912701	0.00417457686734	-0.0512848385634	-0.0129786801854	0.0163170417904	0.0110976390788	0.0122450336757	0.000742810392958	-0.0505463804162	-0.0304400318767	0.043458035466	-0.0401316032617	-0.0453446998714	0.0218137785625	-0.00751660536442	0.0247073851984
k__Bacteria;p__Bacteroidetes;c__Bacteroidia;o__Bacteroidales;f__Porphyromonadaceae;g__Barnesiella;s__Barnesiella_intestinihominis	-0.0352298672617	0.0216182507973	-0.0765514077781	0.00844749518833	-0.00374240087505	-0.0141913601269	0.03133175909	0.017843494386	0.0601846037616	0.0042090754076	-0.0428684744993	-0.0390309670093	0.00247306680219	-0.0608096081202	-0.0101742144765	-0.0364121403781	-0.0283525062571	-0.0195111712526	1.0	-0.0157477872563	-0.116129980997	0.0791889730826	-0.0486790508571	-0.0481376040348	-0.006427567721	0.0161908719593	-0.0248967451719	0.0416709016373	-0.0394570722878	-0.0100273272345	0.00540414755621	0.00507473440862	-0.0532507402209	-0.0882908237879	0.0258130472919	-0.0158525096211	-0.0259192407796	0.0417036039603	0.00131776036961	-0.0479975167291	0.0113852224249	0.00315152584195	-0.0725065226309	-0.00973144651127	0.0116488540459	-0.0530964875981	-0.00238469230336	-0.0344105960607	-0.0313136175901	0.074485194895	-0.00399268504033	0.0223292755831	-0.0255855248083	-0.0103808129406	-9.62618126039e-05	0.0934217312037	-0.0575783291075	-0.0200536502184	0.0055889385801
k__Bacteria;p__Bacteroidetes;c__Bacteroidia;o__Bacteroidales;f__Odoribacteraceae;g__Odoribacter;s__Odoribacter_splanchnicus	-0.0371056623187	-0.0704166673418	-0.043577238522	-0.0106098356233	-0.0262215833578	-0.020179392617	0.0178233458187	-0.104682880796	-0.0605225898913	0.0257480415145	-0.0448614928085	0.0669492985391	-0.0675050661525	-0.0660046364091	0.00855663567783	0.0181863639743	-0.0551962883388	-0.0145200550851	-0.0157477872563	1.0	-0.00675184532175	0.00364527994534	0.0369808163051	-0.0251853005469	0.00525904896591	0.0337859822192	0.0339444654648	-0.082022799469	-0.00764657693508	0.01126838735	0.0835394011285	-0.0660789129915	0.0274665399554	-0.0570953084432	-0.0140590030457	0.0862938825383	-0.0435018296302	-0.010267819822	0.00859479133822	0.00520782818954	-0.0360051703446	-0.0352538557731	-0.111201059426	-0.0542009728981	-0.0785606134877	0.042301241644	-0.0316540194985	0.012308929071	0.0249207121711	-0.0705129439431	0.000359034043968	-0.0312094013186	0.0279743179855	0.0438744942541	-0.0844464930675	-0.011297532392	0.00757243045507	0.0488888745132	0.0320176612193
k__Bacteria;p__Bacteroidetes;c__Bacteroidia;o__Bacteroidales;f__Bacteroidaceae;g__Bacteroides;s__Bacteroides_salyersiae	0.000669871657313	-0.011275103104	-0.0207445655471	0.0452534141895	-0.0393143024854	-0.0440650871625	-0.0383743712832	0.0205179385001	-0.0527891090647	-0.0372566111031	-0.0510904048405	-0.00353988112211	0.00895355648984	0.00654320595849	-0.0706201729436	-0.0717940130148	0.00022010839317	-0.0613658502695	-0.116129980997	-0.00675184532175	1.0	-0.00350705657443	0.0207189832684	0.021170298945	0.024524361062	-0.0289667312922	-0.0292704200649	0.0288308929822	-0.0303156272766	-0.0501769772721	-0.0406203676647	-0.0260138991223	0.0318872154805	0.0409917422729	0.0202015729952	0.0206813292406	-0.0428587002041	-0.0206671697371	-0.0653493118987	0.00666642886638	-0.0237745649172	0.00297075415364	-0.049998781994	-0.111710245289	0.000992183139638	0.0326366944821	0.0364604094147	-0.0143429260614	-0.0609453173887	-0.0354895747945	-0.00914702890545	-0.0105751613825	0.00790148270511	-0.0209312500058	0.0189915187723	-0.0439182292841	0.0500443464716	-0.00210373653105	-0.0288815367723
k__Bacteria;p__Firmicutes;c__Clostridia;o__Clostridiales;f__Ruminococcaceae;g__Ruminiclostridium;s__[Eubacterium]_siraeum	0.006949110805	-0.0287702841548	-0.0613503081556	-0.0373923080623	0.0552212536997	-0.0428088858017	-0.042978075395	-0.0132685607436	0.0682174570068	-0.00693257727682	0.0306115032276	-0.0458563776367	-0.0120229991863	-0.0284215644482	-0.039551516462	-0.0202323992115	0.0813743468298	-0.0257050553273	0.0791889730826	0.00364527994534	-0.00350705657443	1.0	0.0507945830613	-0.0324307930066	0.0109211083282	-0.0087668677662	-0.0931834094426	0.0168818445568	0.0560299761391	0.00915236496363	0.0198131909606	-0.039110621474	0.0290642185557	-0.0807833351128	-0.0168306221314	-0.0963572408986	-0.00215177797244	-0.0470510595382	-0.0120890348509	-0.0076089754074	0.0280835465605	0.0106786614498	0.0217806782786	-0.0963553919625	-0.0120438160457	0.00281576067678	-0.0245464961616	-0.0260829191718	-0.0246116831814	0.0174189056631	0.0367847177251	0.0263033484248	-0.027246503622	0.0502292874539	0.00539488972858	-0.00159054295077	0.0739510707936	0.00998941786708	-0.0242347417368
k__Bacteria;p__Proteobacteria;c__Betaproteobacteria;o__Burkholderiales;f__Sutterellaceae;g__Parasutterella;s__Parasutterella_excrementihominis	0.0116396223893	-0.00922764646045	0.0256416053559	-0.0142228837285	-0.0480080937786	-0.04060098076	-0.0454450717245	-0.0116108507701	-0.0197917209447	-0.0285667396045	0.052800043253	-0.00477582018863	-0.0491196616563	-0.0438939143423	0.00959707592124	-0.0116364610733	0.0312542796442	0.0127452435861	-0.0486790508571	0.0369808163051	0.0207189832684	0.0507945830613	1.0	-0.0525842815937	0.0107667959874	0.00912028675942	0.121146774259	0.0105912464898	-0.0371876842692	0.0100530022199	-0.0641012002997	-0.0317968532808	0.0297752434992	-0.00585132635099	0.027192769912	-0.0487845688671	-0.0236591989213	-0.0335424392684	-0.00261581025791	0.0588440431139	-0.0512790214457	-0.0945734455104	-0.0241517623823	0.0563768586926	-0.00652313160302	-0.0519111942734	-0.0152740242992	0.0408503398336	-0.045859384958	0.013476771782	0.0199972914323	-0.0560578239558	0.0582697658357	-0.0170235055857	-0.00540469820167	0.00742469988624	-0.0400479029695	0.00149659338977	-0.0277313603195
k__Bacteria;p__Actinobacteria;c__Actinobacteria;o__Bifidobacteriales;f__Bifidobacteriaceae;g__Bifidobacterium;s__Bifidobacterium_adolescentis	0.00126651311474	-0.0188843813368	0.0217099472912	0.0764368943406	-0.063839547821	0.0157062095761	-0.00474219186397	0.0524937831971	-0.0607722372639	0.00489745768307	-0.00381622887671	-0.0579672877498	-0.0273794337212	-0.0808313478044	-0.00381833522139	-0.0162562542251	-0.0326887372361	-0.0145385021612	-0.0481376040348	-0.0251853005469	0.021170298945	-0.0324307930066	-0.0525842815937	1.0	-0.00948384691763	-0.0322253108098	0.0414544873006	-0.00371538146628	-0.135689159648	-0.0283525079889	-0.000855507350241	0.0111561391874	0.0171115719098	-0.00363459274981	-0.0145465400143	-0.0375267841909	-0.0168992118757	-0.0531612060326	-0.00846063433265	0.0326638734865	-0.055405883538	0.0207228711864	-0.0315825868292	-0.00440681693049	0.0452969580531	-0.0251679204879	0.00963418367602	-0.0309662640015	0.0502733244066	-0.045029396325	-0.0725349970966	0.00596149054136	0.00136981031893	-0.0206418860772	0.00993071155122	-0.0299314428536	-0.0244157420079	0.0235062651638	0.0245954957691
k__Bacteria;p__Firmicutes;c__Clostridia;o__Clostridiales;f__Oscillospiraceae;g__Oscillibacter;s__Oscillibacter_sp._KLE_1745	0.0329602747529	-0.0317161909021	-0.0748743964196	-0.019725742813	0.011670234986	-0.025816726332	0.00130720793926	-0.0039978099628	-0.0297190506172	-0.0519478463363	0.0686203496115	0.0778271495568	-0.0516624127986	0.0490077402483	0.0473306627399	-0.0449084005688	-0.0904195997579	0.00910693385077	-0.006427567721	0.00525904896591	0.024524361062	0.0109211083282	0.0107667959874	-0.00948384691763	1.0	-0.0675439289689	-0.0159943001	0.0325375622916	-0.0630905891868	-0.0277710193661	0.0284538737664	0.015328247376	-0.0616274869174	-0.056433907648	-0.0019507605238	-0.0167316569746	0.00520228432359	0.00589195386227	-0.0267439593945	0.0593104978006	-0.0165816672656	-0.0296934361043	-0.00449593659586	-0.0513837759097	0.0243034305208	0.0555594530807	-0.076202119251	-0.00740957925247	-0.0054369074945	-0.000229823219355	-0.0118819792736	-0.00276004069743	0.0387319888619	-0.0100948751827	-0.00368457489777	0.00612672736947	-0.0258480376811	0.0508153576489	0.0240109170652
k__Bacteria;p__Bacteroidetes;c__Bacteroidia;o__Bacteroidales;f__Bacteroidaceae;g__Bacteroides;s__Bacteroides_coprophilus	-0.043022269018	-0.0603284488546	0.00744915864007	-0.039420050355	-0.0318756869655	0.0176704469003	-0.00713369952059	0.0171468535985	0.0791486109209	0.0414482174924	-0.0682843051265	-0.0513822086914	-0.0622817670222	0.021492555572	-0.0547293102377	0.0456673829537	0.00126859826084	-0.0442214471597	0.0161908719593	0.0337859822192	-0.0289667312922	-0.0087668677662	0.00912028675942	-0.0322253108098	-0.0675439289689	1.0	0.0161881991376	0.0279934700106	0.0201356593155	0.0455276420994	-0.0581496552759	-0.0968353746138	-0.0171339447426	0.0634785163287	-0.024726559825	-0.0257136429442	0.105827316551	-0.00569883803067	0.00856710382234	0.0465385340205	0.0361522046495	-0.0617175399093	-0.0312227696167	0.0442734767447	-0.0262063569719	0.0731693927278	0.0402924888562	0.0124169621565	-0.0211583336088	0.00906950073448	-0.00965418672166	0.0130354297839	-0.0184154725679	-0.0666387540629	0.0218375455175	-0.0617116175697	0.0185934626371	-0.0335465082547	-0.0404286977343
k__Bacteria;p__Firmicutes;c__Clostridia;o__Clostridiales;f__Lachnospiraceae;g__Roseburia;s__Roseburia_intestinalis	-0.0394795875359	0.0484936454937	0.00714322126639	0.0162287946333	-0.00579996073261	0.0235751554742	0.0525403448533	-0.0363458083623	0.004501555911	-0.0136746907201	-0.00353880813813	0.0261489888443	0.0142425472331	-0.00527079808994	0.0102487440461	-0.0271656868288	-0.0217457954629	0.0960826488652	-0.0248967451719	0.0339444654648	-0.0292704200649	-0.0931834094426	0.121146774259	0.0414544873006	-0.0159943001	0.0161881991376	1.0	-0.0112751000005	-0.0549220501266	0.00287628653327	-0.00774140536501	-0.0136963068978	-0.0514123421353	-0.0895381024665	-0.0342275249595	0.00569548424186	-0.0574098004696	-0.0488387587651	-0.114675842461	0.0369213911575	0.0121068201658	0.032172473087	-0.0153199311458	0.0592387617443	-0.012872215447	-0.00561983055784	0.0255848992435	-0.0700692459722	-0.0350577840474	-0.0577896909091	-0.0273473675907	-0.0374819194059	-0.0452224570662	0.0333461521674	-0.011719115204	-0.0388328985473	-0.0129742381713	-0.0390624053442	0.0288087405586
k__Bacteria;p__Firmicutes;c__Clostridia;o__Clostridiales;f__Lachnospiraceae;g__Roseburia;s__Roseburia_hominis	-0.00759142571545	0.0196350516136	-0.0179740340428	-0.127190880022	0.00988937806576	-0.0307323610968	-0.0194361550677	0.0016198550598	0.0215166614546	-0.0584731407778	0.0763478769458	0.0163379194141	-0.0199994795355	-0.0976412521316	0.0121608911662	-0.0319133955349	-0.024557189945	0.0271373003499	0.0416709016373	-0.082022799469	0.0288308929822	0.0168818445568	0.0105912464898	-0.00371538146628	0.0325375622916	0.0279934700106	-0.0112751000005	1.0	0.0286194780121	-0.0168141006139	-0.0104554783515	0.0828486793274	-0.0303850554887	-0.0275439475217	-0.035300252551	0.0115807136039	-0.0885907433052	0.0562002088825	0.0657899899825	-0.00292879176452	0.0802557551291	-0.021221054854	-0.0643576174058	-0.0604145094327	-0.048307892816	-0.0461576604817	0.00479296624467	-0.0251685866925	-0.0793815558866	-0.0035400933393	-0.0196558596008	-0.00728364897532	0.0103451721327	0.0293976026879	-0.00539800352096	0.00391206707445	0.0452096758454	-0.038161711928	0.00654832201735
k__Bacteria;p__Bacteroidetes;c__Bacteroidia;o__Bacteroidales;f__Porphyromonadaceae;g__Parabacteroides;s__Parabacteroides_johnsonii	0.0495522131707	-0.0262044244943	-0.0263531934713	0.0792087115635	-0.0531485108569	-0.0266962130723	-0.0190512921307	-0.0520124418833	-0.0212765604081	-0.029384170905	0.00964892188438	0.0475608406642	-0.00941381893984	0.0430455763984	0.0417526924881	-0.0597541620697	-0.0777984725029	0.0295856885264	-0.0394570722878	-0.00764657693508	-0.0303156272766	0.0560299761391	-0.0371876842692	-0.135689159648	-0.0630905891868	0.0201356593155	-0.0549220501266	0.0286194780121	1.0	0.00328267307924	-0.045309715687	-0.0704033984887	0.0174541713839	-0.0189088062983	-0.0633268640673	0.0580205339776	0.0115534298212	-0.049931110418	-0.02810059981	0.0320263428682	-0.0504134618713	-0.0383496165387	0.0201115876858	-0.0195140488631	-0.0338196797749	0.00495531891692	-0.0323950297271	-0.0234438280587	-0.0291726823713	0.0205112506384	-0.0267812400733	-0.0352006211647	-0.0458607347952	-0.0448697202292	0.0366454192253	-0.0138635258996	-0.034924871405	-0.0097945715835	-0.0564931300038
k__Bacteria;p__Actinobacteria;c__Actinobacteria;o__Bifidobacteriales;f__Bifidobacteriaceae;g__Bifidobacterium;s__Bifidobacterium_longum	-0.0363459955247	-0.0211768693344	0.0530456845381	-0.00433962427645	0.0101150409917	0.0355276433892	-0.0141208766008	-0.0583723169842	-0.0425270982295	-0.0260823040299	-0.0199437283952	-0.0105078106171	0.00280784499986	-0.00210970191982	-0.0351203694498	0.0558081812188	0.0338576261931	-0.0134929819894	-0.0100273272345	0.01126838735	-0.0501769772721	0.00915236496363	0.0100530022199	-0.0283525079889	-0.0277710193661	0.0455276420994	0.00287628653327	-0.0168141006139	0.00328267307924	1.0	-0.00540479777628	-0.0185192705884	-0.0319144593871	-0.0702921546697	0.0322787991151	-0.0313514202114	-0.0410310373513	-0.0157009714983	0.0621728470952	-0.00320921639858	-0.0351578062455	-0.0298123029556	0.0153642576083	-0.00869319603377	-0.0516904318035	-0.00407660118034	0.0095270093691	0.0412843816119	0.0440348363092	-0.0262020594505	-0.0308835275402	-0.0984931757231	-0.0518400614816	0.0536280236917	-0.0387259617004	-0.0839997713763	0.0386319713096	0.0243491538628	-0.003116614849
