#taxonomy	k__Bacteria;p__Bacteroidetes;c__Bacteroidia;o__Bacteroidales;f__Bacteroidaceae;g__Bacteroides;s__Bacteroides_vulgatus	k__Bacteria;p__Bacteroidetes;c__Bacteroidia;o__Bacteroidales;f__Bacteroidaceae;g__Bacteroides;s__Bacteroides_uniformis	k__Bacteria;p__Bacteroidetes;c__Bacteroidia;o__Bacteroidales;f__Rikenellaceae;g__Alistipes;s__Alistipes_putredinis	k__Bacteria;p__Bacteroidetes;c__Bacteroidia;o__Bacteroidales;f__Prevotellaceae;g__Prevotella;s__Prevotella_copri	k__Bacteria;p__Bacteroidetes;c__Bacteroidia;o__Bacteroidales;f__Bacteroidaceae;g__Bacteroides;s__Bacteroides_stercoris	k__Bacteria;p__Bacteroidetes;c__Bacteroidia;o__Bacteroidales;f__Bacteroidaceae;g__Bacteroides;s__Bacteroides_ovatus	k__Bacteria;p__Bacteroidetes;c__Bacteroidia;o__Bacteroidales;f__Rikenellaceae;g__Alistipes;s__Alistipes_shahii	k__Bacteria;p__Firmicutes;c__Clostridia;o__Clostridiales;f__Ruminococcaceae;g__Faecalibacterium;s__Faecalibacterium_prausnitzii	k__Bacteria;p__Bacteroidetes;c__Bacteroidia;o__Bacteroidales;f__Rikenellaceae;g__Alistipes;s__Alistipes_finegoldii	k__Bacteria;p__Bacteroidetes;c__Bacteroidia;o__Bacteroidales;f__Porphyromonadaceae;g__Parabacteroides;s__Parabacteroides_distasonis	k__Bacteria;p__Bacteroidetes;c__Bacteroidia;o__Bacteroidales;f__Bacteroidaceae;g__Bacteroides;s__Bacteroides_thetaiotaomicron	k__Bacteria;p__Bacteroidetes;c__Bacteroidia;o__Bacteroidales;f__Bacteroidaceae;g__Bacteroides;s__Bacteroides_coprocola	k__Bacteria;p__Bacteroidetes;c__Bacteroidia;o__Bacteroidales;f__Bacteroidaceae;g__Bacteroides;s__Bacteroides_cellulosilyticus	k__Bacteria;p__Bacteroidetes;c__Bacteroidia;o__Bacteroidales;f__Rikenellaceae;g__Alistipes;s__Alistipes_obesi	k__Bacteria;p__Firmicutes;c__Clostridia;o__Clostridiales;f__Lachnospiraceae;g__;s__[Eubacterium]_rectale	k__Bacteria;p__Bacteroidetes;c__Bacteroidia;o__Bacteroidales;f__Bacteroidaceae;g__Bacteroides;s__Bacteroides_plebeius	k__Bacteria;p__Bacteroidetes;c__Bacteroidia;o__Bacteroidales;f__Bacteroidaceae;g__Bacteroides;s__Bacteroides_fragilis	k__Bacteria;p__Proteobacteria;c__Betaproteobacteria;o__Burkholderiales;f__Sutterellaceae;g__Sutterella;s__Sutterella_wadsworthensis	k__Bacteria;p__Bacteroidetes;c__Bacteroidia;o__Bacteroidales;f__Porphyromonadaceae;g__Barnesiella;s__Barnesiella_intestinihominis	k__Bacteria;p__Bacteroidetes;c__Bacteroidia;o__Bacteroidales;f__Odoribacteraceae;g__Odoribacter;s__Odoribacter_splanchnicus	k__Bacteria;p__Bacteroidetes;c__Bacteroidia;o__Bacteroidales;f__Bacteroidaceae;g__Bacteroides;s__Bacteroides_salyersiae	k__Bacteria;p__Firmicutes;c__Clostridia;o__Clostridiales;f__Ruminococcaceae;g__Ruminiclostridium;s__[Eubacterium]_siraeum	k__Bacteria;p__Proteobacteria;c__Betaproteobacteria;o__Burkholderiales;f__Sutterellaceae;g__Parasutterella;s__Parasutterella_excrementihominis	k__Bacteria;p__Actinobacteria;c__Actinobacteria;o__Bifidobacteriales;f__Bifidobacteriaceae;g__Bifidobacterium;s__Bifidobacterium_adolescentis	k__Bacteria;p__Firmicutes;c__Clostridia;o__Clostridiales;f__Oscillospiraceae;g__Oscillibacter;s__Oscillibacter_sp._KLE_1745	k__Bacteria;p__Bacteroidetes;c__Bacteroidia;o__Bacteroidales;f__Bacteroidaceae;g__Bacteroides;s__Bacteroides_coprophilus	k__Bacteria;p__Firmicutes;c__Clostridia;o__Clostridiales;f__Lachnospiraceae;g__Roseburia;s__Roseburia_intestinalis	k__Bacteria;p__Firmicutes;c__Clostridia;o__Clostridiales;f__Lachnospiraceae;g__Roseburia;s__Roseburia_hominis	k__Bacteria;p__Bacteroidetes;c__Bacteroidia;o__Bacteroidales;f__Porphyromonadaceae;g__Parabacteroides;s__Parabacteroides_johnsonii	k__Bacteria;p__Actinobacteria;c__Actinobacteria;o__Bifidobacteriales;f__Bifidobacteriaceae;g__Bifidobacterium;s__Bifidobacterium_longum	k__Bacteria;p__Firmicutes;c__Clostridia;o__Clostridiales;f__;g__Flavonifractor;s__Flavonifractor_plautii	k__Bacteria;p__Firmicutes;c__Clostridia;o__Clostridiales;f__Clostridiaceae;g__Clostridium;s__Clostridium_phoceensis	k__Bacteria;p__Verrucomicrobia;c__Verrucomicrobiae;o__Verrucomicrobiales;f__Akkermansiaceae;g__Akkermansia;s__Akkermansia_muciniphila	k__Bacteria;p__Bacteroidetes;c__Bacteroidia;o__Bacteroidales;f__Prevotellaceae;g__Paraprevotella;s__Paraprevotella_xylaniphila	k__Bacteria;p__Firmicutes;c__Clostridia;o__Clostridiales;f__Ruminococcaceae;g__Ruminococcus;s__Ruminococcus_callidus	k__Bacteria;p__Bacteroidetes;c__Bacteroidia;o__Bacteroidales;f__Rikenellaceae;g__Alistipes;s__Alistipes_senegalensis	k__Bacteria;p__Firmicutes;c__Clostridia;o__Clostridiales;f__Lachnospiraceae;g__Blautia;s__Blautia_sp._KLE_1732	k__Bacteria;p__Bacteroidetes;c__Bacteroidia;o__Bacteroidales;f__Bacteroidaceae;g__Bacteroides;s__Bacteroides_oleiciplenus	k__Bacteria;p__Firmicutes;c__Clostridia;o__Clostridiales;f__Ruminococcaceae;g__Ruminococcus;s__Ruminococcus_bicirculans	k__Bacteria;p__Bacteroidetes;c__Bacteroidia;o__Bacteroidales;f__Bacteroidaceae;g__Bacteroides;s__Bacteroides_fluxus	k__Bacteria;p__Bacteroidetes;c__Bacteroidia;o__Bacteroidales;f__Prevotellaceae;g__Prevotella;s__Prevotella_stercorea	k__Bacteria;p__Firmicutes;c__Clostridia;o__Clostridiales;f__Lachnospiraceae;g__Dorea;s__Dorea_longicatena	k__Bacteria;p__Firmicutes;c__Clostridia;o__Clostridiales;f__Eubacteriaceae;g__Eubacterium;s__[Eubacterium]_eligens	k__Bacteria;p__Firmicutes;c__Clostridia;o__Clostridiales;f__Ruminococcaceae;g__;s__Ruminococcaceae_bacterium_D16	k__Bacteria;p__Firmicutes;c__Clostridia;o__Clostridiales;f__Lachnospiraceae;g__Coprococcus;s__Coprococcus_comes	k__Bacteria;p__Proteobacteria;c__Gammaproteobacteria;o__Enterobacterales;f__Enterobacteriaceae;g__Escherichia;s__Escherichia_coli	k__Bacteria;p__Firmicutes;c__Clostridia;o__Clostridiales;f__Ruminococcaceae;g__Anaerotruncus;s__Anaerotruncus_colihominis	k__Bacteria;p__Firmicutes;c__Clostridia;o__Clostridiales;f__Lachnospiraceae;g__Blautia;s__Blautia_obeum	k__Bacteria;p__Bacteroidetes;c__Bacteroidia;o__Bacteroidales;f__Odoribacteraceae;g__Odoribacter;s__Odoribacter_laneus	k__Bacteria;p__Firmicutes;c__Clostridia;o__Clostridiales;f__Ruminococcaceae;g__Ruminiclostridium;s__[Clostridium]_leptum	k__Bacteria;p__Bacteroidetes;c__Bacteroidia;o__Bacteroidales;f__Porphyromonadaceae;g__Parabacteroides;s__Parabacteroides_goldsteinii	k__Bacteria;p__Firmicutes;c__Clostridia;o__Clostridiales;f__Lachnospiraceae;g__Anaerostipes;s__Anaerostipes_hadrus	k__Bacteria;p__Firmicutes;c__Clostridia;o__Clostridiales;f__Ruminococcaceae;g__Ruminococcus;s__Ruminococcus_lactaris	k__Bacteria;p__Firmicutes;c__Clostridia;o__Clostridiales;f__Clostridiaceae;g__Clostridium;s__Clostridium_sp._L2-50	k__Bacteria;p__Firmicutes;c__Clostridia;o__Clostridiales;f__Clostridiaceae;g__Clostridium;s__Clostridium_sp._M62/1	k__Bacteria;p__Firmicutes;c__Clostridia;o__Clostridiales;f__;g__Intestinimonas;s__Intestinimonas_butyriciproducens	k__Bacteria;p__Actinobacteria;c__Actinobacteria;o__Bifidobacteriales;f__Bifidobacteriaceae;g__Bifidobacterium;s__Bifidobacterium_bifidum	k__Bacteria;p__Firmicutes;c__Negativicutes;o__Veillonellales;f__Veillonellaceae;g__Dialister;s__Dialister_invisus	k__Bacteria;p__Bacteroidetes;c__Bacteroidia;o__Bacteroidales;f__Bacteroidaceae;g__Bacteroides;s__Bacteroides_salanitronis
k__Bacteria;p__Bacteroidetes;c__Bacteroidia;o__Bacteroidales;f__Bacteroidaceae;g__Bacteroides;s__Bacteroides_vulgatus	1.0	0.0237357541878	-0.0780491781163	-0.0253027793492	-0.041213909607	-0.00742916485183	0.0366787187835	0.00636864502269	0.00356119305007	-0.0338026354427	0.00979652249733	0.0328289951637	-0.0390935623565	-0.0632630206892	-0.00137272966479	0.0153664917393	0.0371194443888	0.0059430565038	-0.00369229108477	0.0323922156779	-0.00971777197659	-0.00355735658354	0.052178379941	-0.0602565703494	0.0818060313172	-0.000298703263248	0.0126239021989	-0.0596988301439	0.00701782002112	-0.0762112344807	0.0268450828958	-0.0648820582657	-0.118866055952	-0.0911341695863	0.0570856863023	0.0312391847755	-0.0526166856247	-0.0321277200046	-0.0100700232274	0.051311831806	-0.007664055999	0.0331810378916	0.0370599956547	-0.041916222805	-0.0339363555881	0.00515123674486	0.0369467869885	0.0241752028987	0.0265627455016	0.0125474190762	-0.0239524141846	-0.000664310931765	-0.0250091125447	0.00128694281284	0.00158907360621	0.0701104542122	0.00381294465969	0.0240144458138	-0.0495027247729
k__Bacteria;p__Bacteroidetes;c__Bacteroidia;o__Bacteroidales;f__Bacteroidaceae;g__Bacteroides;s__Bacteroides_uniformis	0.0237357541878	1.0	-0.0167563556824	0.00127298056949	-0.0758274871678	-0.0132537221251	-0.0783953800717	0.0083303900348	-0.0689429701616	-0.0230200458557	-0.0215405047246	0.0453853330263	0.0268243042212	-0.0175571091356	-0.00976475066448	0.0197032853862	0.0107590459581	-0.0120054832416	-0.0352963320732	-0.039732608952	-0.0520927474678	0.0159419763564	-0.0358028420856	-0.0317091094319	-0.0234095055005	0.0151290452002	0.00670094735304	0.0164007112227	0.0036261361095	-0.0139453718771	0.00241825753043	0.00694177987873	-4.86785660464e-05	-0.0958117668127	-0.0598093225277	-0.0403796421603	-0.0252579090535	-0.0553464024504	-0.0552973534659	-0.015540519154	-0.0340155480875	0.0189232925653	-0.0143933056317	-0.0312887814815	-0.035435216954	-0.0188934826156	0.0427496686695	-0.000420308175019	-0.015387513717	-0.0226579520469	-0.00144702207151	0.00828250904731	-0.00773182610646	-0.0615022610162	-0.0531334449406	0.0338691583858	-0.0211284066253	-0.0272978669265	-0.0401189340729
k__Bacteria;p__Bacteroidetes;c__Bacteroidia;o__Bacteroidales;f__Rikenellaceae;g__Alistipes;s__Alistipes_putredinis	-0.0780491781163	-0.0167563556824	1.0	0.0297823086091	0.0227480443054	-0.0232943659785	-0.0507448669017	-0.0126401684049	-0.0517388073431	0.0429146475855	-0.0714924815714	-0.035949231442	0.034668985043	0.0652094250025	-0.0584449653446	-0.0301914645039	0.0390323774592	0.0621301608326	0.0285793917237	-0.00331259021595	-0.0386437085642	-0.07129294927	-0.00928864508869	-0.00305326752088	-0.0210020154321	-0.0335435659154	0.0290928700156	0.00904604597109	-0.0270357910228	0.051183183755	-0.0341862059334	0.00163117876411	0.0188151550376	0.0307729028211	-0.0179928926901	-0.0346544460911	-0.0385238640878	0.0276154793113	0.00307314587689	0.00349810818349	0.00123249917265	0.0444990245289	-0.0396911165541	-0.0190556067631	0.0358890056594	-0.00742854759711	-0.0303763448817	-0.028528826618	-0.0764025477207	-0.0340384543683	0.0185161042187	0.00832438184082	0.0152326603591	0.0120743985085	0.00747155418412	0.00424934574896	0.00755299077406	-0.0117103416872	-0.0335968456563
k__Bacteria;p__Bacteroidetes;c__Bacteroidia;o__Bacteroidales;f__Prevotellaceae;g__Prevotella;s__Prevotella_copri	-0.0253027793492	0.00127298056949	0.0297823086091	1.0	-0.0707247551829	-0.0470637859592	-0.0446868052813	-0.00652402097387	0.000969056069643	0.0214984225499	0.00258103506586	0.0076184494197	0.0363127698466	0.00198881994027	-0.0445344782107	0.0240650489629	-0.0266654346929	0.0210404228546	-0.0128382945635	0.0301336618549	0.0473373682182	0.00509136124411	-0.0587909296403	-0.00509499943605	-0.0505595268813	-0.0365975237791	0.04393339083	-0.0232953972812	0.0126274989621	-0.0523844070756	-0.0508939848637	0.0569779097119	-0.0215938060159	0.0457916908902	-0.0251628072723	-0.0615483169799	-0.0629147061005	0.071012936402	0.0162587949311	0.0615694123442	0.0124972491702	0.0515068023996	-0.00182086071958	0.00162299000531	0.0432219719908	-0.0554854419384	-0.0963481522709	-0.0288594876722	-0.0160170299548	-0.010153903656	-0.0241914750736	-0.0773752425628	-0.0367699242065	0.0299552689699	-0.0509726161061	0.0833834978212	-0.0191065553134	-0.103722555313	0.0203208202781
k__Bacteria;p__Bacteroidetes;c__Bacteroidia;o__Bacteroidales;f__Bacteroidaceae;g__Bacteroides;s__Bacteroides_stercoris	-0.041213909607	-0.0758274871678	0.0227480443054	-0.0707247551829	1.0	-0.0109159010283	0.00935880679206	-0.0156472833256	0.00312605902188	-0.0401769504369	0.0577733904619	-0.0455212138997	0.039530615752	0.00323408502483	0.0278832647647	0.005589744208	0.0453186215577	-0.053700549769	0.0484059406223	-0.05317200455	0.0908262841066	-0.094251277781	0.00540972916138	-0.0503434462157	-0.0206591960177	0.0174149974324	-0.0711605703168	0.0398046174846	0.0135363516035	-0.0583655268495	-0.0297655040392	0.0167941893082	0.100409354858	0.00760529175148	-0.0598145960867	-0.0237045952863	-0.0112773108413	0.016585212576	0.00714416642665	-0.0474328839043	0.0927728111039	-0.0305756288325	0.00640234753861	0.0410741355984	-0.0189804810323	0.00145286337211	-0.00329715168012	-0.0343355402072	-0.0117208013716	-0.0233438380874	-0.0266151767977	-0.0502067431423	-0.0425154270999	0.0179518880172	-0.00675385922453	-0.0390417503972	-0.0156562930325	-0.0377329875788	0.0105481924279
k__Bacteria;p__Bacteroidetes;c__Bacteroidia;o__Bacteroidales;f__Bacteroidaceae;g__Bacteroides;s__Bacteroides_ovatus	-0.00742916485183	-0.0132537221251	-0.0232943659785	-0.0470637859592	-0.0109159010283	1.0	0.0412679695068	-0.0174766877653	0.0413454017996	-0.0591829088111	0.012068993093	0.0240986914843	-0.0210442036289	-0.0612138293558	-0.0337902824191	-0.0462441627202	0.0228906361982	0.0238660889173	-0.0207783320555	-0.0765255385318	-0.0837454978432	-0.0293872424608	0.0378605777206	0.0339726873279	0.0179239006249	0.0216332185213	-0.0799017668703	-0.020007959571	-0.0434060940944	0.0408441616985	-0.0414095312142	-0.0157872098949	0.0315789802321	0.00272987261224	-0.00358161250277	-0.00131968812318	0.0509022034677	-0.0429195831135	-0.0806690141747	0.0356759918968	-0.0341029095049	-0.0608622355876	-0.00437986446723	-0.0820210455215	0.0363881703031	-0.0601478389606	-0.0514258972737	-0.0256876470951	-0.000389169983963	-0.0458590008893	0.00699470586401	0.0442086102856	0.00574097632068	0.00223977737621	-0.0707077887267	0.0216982565026	0.0607431817156	-0.013749919809	0.0280671367549
k__Bacteria;p__Bacteroidetes;c__Bacteroidia;o__Bacteroidales;f__Rikenellaceae;g__Alistipes;s__Alistipes_shahii	0.0366787187835	-0.0783953800717	-0.0507448669017	-0.0446868052813	0.00935880679206	0.0412679695068	1.0	-0.0302508527269	-0.00873064857103	-0.116165088947	-0.0314421681562	-0.0136026365521	-0.0866348305948	-0.0365021958432	-0.0201688328082	-0.0100591043302	0.000393642742236	0.0240247257958	-0.0429095723383	0.0225512891845	-0.00221504249643	0.0473733320941	-0.0573684289071	-0.00826823163696	0.0213965750102	-0.012840640826	0.0950970583704	0.0648770905649	0.00490685180852	-0.00452844050762	0.0358973661516	-0.0502527725406	-0.0185563013358	-0.0510375706318	-0.0274067800926	-0.00637465904309	0.046676909457	0.0133238836052	0.0532403703544	0.0230903728704	0.0450943568491	0.0473740230535	0.00763059610394	0.0260660849085	-0.00384408010451	0.0579885994074	-0.00862202073002	-0.0256756888685	-0.0178099098215	-0.0135344046885	0.0689337094523	-0.0617311966149	-0.0648912162746	-0.0390111250503	-0.00150577454871	-0.0683324796964	0.0752797038968	0.0565623254115	-0.0816952200794
k__Bacteria;p__Firmicutes;c__Clostridia;o__Clostridiales;f__Ruminococcaceae;g__Faecalibacterium;s__Faecalibacterium_prausnitzii	0.0063686450227	0.0083303900348	-0.0126401684049	-0.00652402097386	-0.0156472833256	-0.0174766877653	-0.0302508527269	1.0	0.0407547826397	0.0197626805484	-0.0231837044335	0.0529782745013	0.0231436358243	0.0108409464931	0.0235427680231	-0.00211340888645	-0.0010433100209	-0.0389466431184	0.0187431579815	0.0220177728774	-0.021106532892	0.0322531601561	0.00897804183984	0.000931094412564	-0.0199697241625	-0.0303261455701	-0.00431813479685	0.014657022781	-0.0382829835492	-0.0380251787842	0.0282824279318	-0.00100853911929	-0.00375890202824	-0.0287832787469	-0.0202907736644	0.0912020111173	0.058739666081	-0.0660581769069	-0.0295421065125	0.0151012780907	-0.0714697121922	-0.0175198097538	0.117546094795	0.0137302432883	-0.0748366543137	-0.0770229920014	-0.0187327166112	-0.0994813767084	0.0887384719814	0.0371437747839	0.0121463747706	-0.0430741117621	-0.0993592410607	-0.044808242735	-0.0346267437394	0.0173037857902	-0.0656939195909	0.0317961418288	-0.0634109131527
k__Bacteria;p__Bacteroidetes;c__Bacteroidia;o__Bacteroidales;f__Rikenellaceae;g__Alistipes;s__Alistipes_finegoldii	0.00356119305007	-0.0689429701616	-0.0517388073431	0.000969056069643	0.00312605902188	0.0413454017996	-0.00873064857103	0.0407547826397	1.0	0.0171499739475	-0.00179260503793	0.0505421576038	0.0111978081794	-0.0232283911563	0.032395836526	0.00802911538669	-0.0450464178826	0.0138123322774	0.0287580014173	0.0303059509769	-0.0237051665629	0.00821592005414	-0.00649110333666	0.00863853669272	-0.0648617899932	-0.0538259588609	-0.0464237490567	0.0350922644521	-0.0289032598854	-0.0308681552944	-0.0636228041208	-0.034055679957	0.0579960321319	-0.045012018872	-0.0076625439189	-0.0268761183587	-0.0235791808299	0.0279729645657	-0.0257546633178	0.0144239686674	0.00450247652255	0.0316252342513	-0.119016116423	0.0648154161432	0.0115329639404	-0.0248136785274	0.0243723691578	0.0066670141147	0.0649578657414	0.0111719036611	0.0597402123697	-0.113408609634	-0.0141355232719	0.00227770659554	-0.0226040264739	-0.0704143509953	-0.0615643756248	-0.0452182663283	-0.0918085528429
k__Bacteria;p__Bacteroidetes;c__Bacteroidia;o__Bacteroidales;f__Porphyromonadaceae;g__Parabacteroides;s__Parabacteroides_distasonis	-0.0338026354427	-0.0230200458557	0.0429146475855	0.0214984225499	-0.0401769504369	-0.0591829088111	-0.116165088947	0.0197626805484	0.0171499739475	1.0	-0.0152792231797	0.00324805459378	0.0215219266502	-0.0429606640362	-0.0582028548911	-0.00779612374109	0.0971158996759	-0.019283859918	-0.00584186410769	0.0228286672755	-0.00721103353428	-0.0134759928101	-0.0224023399397	0.021023012022	-0.0247050797498	-0.0343377870385	0.00538899451248	-0.0515641785878	-0.0150285238361	0.0429791158651	-0.0227302276043	-0.0283722565833	-0.0405863572745	-0.0413874428536	-0.0343518361437	-0.04182884361	0.00927184099749	-0.00499242460216	0.0345749368515	0.0302009434334	-0.0504244683493	-0.028812907288	-0.0282094130207	0.0106002340867	-0.0124084704939	0.00506345904809	-0.0439279092096	-0.0268491205248	0.0115362608874	0.018025697779	-0.0361494170097	0.0389725529309	-0.0478790663783	-0.0513411648479	-0.0145417368688	-0.0115238915417	-0.0463107146783	0.0804594845078	0.00810861338821
k__Bacteria;p__Bacteroidetes;c__Bacteroidia;o__Bacteroidales;f__Bacteroidaceae;g__Bacteroides;s__Bacteroides_thetaiotaomicron	0.00979652249733	-0.0215405047246	-0.0714924815714	0.00258103506586	0.0577733904619	0.012068993093	-0.0314421681562	-0.0231837044335	-0.00179260503793	-0.0152792231797	1.0	-0.0260340590916	0.048116038229	-0.00461032341727	0.0148218727015	0.0223783746324	-0.0212012938906	0.0389562456369	0.00150390351197	0.000567114958115	0.0769511828427	0.0170592140085	0.024452199185	0.0299077763035	-0.0255340814221	-0.0476545936094	0.010262358748	-0.029978602312	-0.0106631871944	-0.0360101449557	-0.0241338113505	-0.0438402619148	-0.0442383838942	-0.0402118954128	0.0139145587355	-0.00339646146009	-0.0431908473002	-0.0648047150332	0.0127304608256	0.017298247854	-0.0207944520666	0.0140270488559	-0.0356841329958	0.0904387846959	-0.00223540317713	-0.0344872390798	-0.028045900005	0.0125172617142	0.000983593397073	-0.00612949098224	-0.0306657144065	0.00679237396866	-0.0684641890084	-0.0584148676522	0.0148270365921	-0.0150320535897	0.000895802480306	0.0026662775158	-0.000730306674951
k__Bacteria;p__Bacteroidetes;c__Bacteroidia;o__Bacteroidales;f__Bacteroidaceae;g__Bacteroides;s__Bacteroides_coprocola	0.0328289951637	0.0453853330263	-0.035949231442	0.0076184494197	-0.0455212138997	0.0240986914843	-0.0136026365521	0.0529782745013	0.0505421576038	0.00324805459378	-0.0260340590916	1.0	0.0358078636562	-0.0606112986694	-0.0298420455674	0.00666993765761	-0.0192736354446	-0.027907852092	-0.0176000888308	0.0365706548129	-0.0568473046304	0.00198204668738	-0.0340612807977	0.017900289775	0.0184824389952	0.032537508135	0.00630663050044	0.0017635477071	-0.0366990505167	-0.0476914130888	-0.0755007448613	0.00792871264656	-0.0429645255565	-0.0291675333434	0.0399651166728	-0.0728992066488	-0.00948247477076	-0.01664562363	0.0277048001611	0.0333519223423	-0.0704472035116	0.0319161550226	-0.0934497176585	-0.0269969361376	0.0108644093498	0.00976045243029	-0.00633877981204	0.0306790261366	-0.0444829964445	0.0184305576759	0.013269774167	-0.0314659757064	-0.00875905992853	-0.0331678346448	-0.000557931983446	0.0422614643367	-0.027065673117	0.0421240127809	-0.0117767178878
k__Bacteria;p__Bacteroidetes;c__Bacteroidia;o__Bacteroidales;f__Bacteroidaceae;g__Bacteroides;s__Bacteroides_cellulosilyticus	-0.0390935623565	0.0268243042212	0.034668985043	0.0363127698466	0.039530615752	-0.0210442036289	-0.0866348305948	0.0231436358243	0.0111978081794	0.0215219266502	0.048116038229	0.0358078636562	1.0	-0.0400980888333	-0.00445876390944	0.00750142827634	-0.0176533982826	0.00131216937498	0.129224851511	-0.0183639429045	-0.0631785994062	0.0414011024283	-0.0310906692987	-0.0140463898542	0.0245191913896	0.048191143764	-0.0287016965685	-0.0659367546125	0.0236042582657	-0.0410826481048	-0.0258243685176	0.0711830570459	0.0173435329118	-0.0192840461674	-0.0600076745	-0.0406515075678	-0.0900105502667	-0.00415550213976	-0.0342028187718	-0.0397527733989	-0.0579520209509	-0.0161872583272	-0.0515984377744	-0.047682082599	0.00501477786426	-0.0457611407591	-0.00337712982759	-0.00584682438907	0.0588606288146	-0.0454443175427	-0.0300089615847	0.0218070326456	-0.00982360361361	-0.0225206825701	0.0113873542575	-0.0655979301334	-0.0202665852461	-0.0206652521311	-0.0163578156346
k__Bacteria;p__Bacteroidetes;c__Bacteroidia;o__Bacteroidales;f__Rikenellaceae;g__Alistipes;s__Alistipes_obesi	-0.0632630206892	-0.0175571091356	0.0652094250025	0.00198881994027	0.00323408502483	-0.0612138293558	-0.0365021958432	0.0108409464931	-0.0232283911563	-0.0429606640362	-0.00461032341727	-0.0606112986694	-0.0400980888333	1.0	0.023423241155	0.00256375646423	-0.00664944009246	-0.0398704531123	0.0195360054863	0.0406694498004	-0.0105915705454	-0.0175235447376	-0.0162760972035	-0.00341020507189	-0.0182717019409	0.00611385708738	-0.0751448994888	-0.0409475359499	0.00363748072803	-0.0301119187396	-0.0727162082374	0.0300821760371	-0.0175134324905	0.018960171017	-0.00830769604069	-0.0416745044137	-0.00539101228669	0.058226937075	-0.0645635881425	0.0120202492964	0.0591182986173	-0.0158434773086	-0.0138781020562	-0.029339043649	-0.0339621330598	0.033469389785	-0.0348712185881	0.0364035518164	-0.0424882269238	0.0410680061134	0.0140204260851	-0.0274919901273	-0.0145319639166	0.00863379799999	0.00632612778319	-0.0149467251396	-0.0725744529854	-0.0935959853704	-0.0321311948727
k__Bacteria;p__Firmicutes;c__Clostridia;o__Clostridiales;f__Lachnospiraceae;g__;s__[Eubacterium]_rectale	-0.00137272966479	-0.00976475066448	-0.0584449653446	-0.0445344782107	0.0278832647647	-0.0337902824191	-0.0201688328082	0.0235427680231	0.032395836526	-0.0582028548911	0.0148218727015	-0.0298420455674	-0.00445876390944	0.023423241155	1.0	-0.0285180543237	0.0290792185631	-0.0470065267342	-0.0337332941529	0.0377475697354	-0.0107752081118	0.11367624812	-0.0727960278411	7.89331019757e-05	-0.125808632471	-0.00175861376911	0.0120557040388	-0.0180574000224	-0.0548806431954	-0.0750014198223	-0.0864074399204	-0.0107685597228	0.00611648623013	0.0134560730432	-0.00645247027494	0.0537191592092	0.0171777169036	-0.0262168211394	-0.0495657220168	0.0242377901386	-0.102186086737	-0.0771034467354	-0.0490798333368	0.0440971123268	0.019861034687	-0.0327667386341	-0.0315217438457	-0.0540269497544	-0.0685192251114	-0.0131480905144	-0.0549363250878	-0.0754638539001	0.0613693464823	-0.0839342768891	-0.0249432349151	-0.0209920076523	0.0223686419867	0.0322071760969	0.00693739022205
k__Bacteria;p__Bacteroidetes;c__Bacteroidia;o__Bacteroidales;f__Bacteroidaceae;g__Bacteroides;s__Bacteroides_plebeius	0.0153664917393	0.0197032853862	-0.0301914645039	0.0240650489629	0.005589744208	-0.0462441627202	-0.0100591043302	-0.00211340888645	0.00802911538669	-0.00779612374109	0.0223783746324	0.00666993765761	0.00750142827634	0.00256375646423	-0.0285180543237	1.0	-0.0516194795127	0.0174798277669	-0.011853969672	-0.0424885092327	0.0268133862542	-0.0806494352057	0.0111662060413	-0.0173068803185	0.077102359694	-0.0259473514527	-0.0144885049175	0.0622129131889	-0.0493855763246	0.00589313788599	0.0611304004725	0.0108988742895	-0.0594700102586	-0.0280117560091	-0.0251320126587	0.0722727838841	0.00898403603001	-0.0185243402746	0.0137109657955	0.0389673933646	-0.0205135523212	-0.0870320181926	0.00755387387595	-0.000691263903199	-0.0523682409504	-0.0199562064409	0.00854598978622	-0.01078643559	-0.000222614673942	-0.0456669406275	-0.0277420009433	0.00797175490818	0.0230564699622	-0.01405405395	-0.00151828384689	-0.0133040923131	-0.0303398253993	-0.0240501504923	-0.0207128943493
k__Bacteria;p__Bacteroidetes;c__Bacteroidia;o__Bacteroidales;f__Bacteroidaceae;g__Bacteroides;s__Bacteroides_fragilis	0.0371194443888	0.0107590459581	0.0390323774592	-0.0266654346929	0.0453186215577	0.0228906361982	0.000393642742236	-0.0010433100209	-0.0450464178826	0.0971158996759	-0.0212012938906	-0.0192736354446	-0.0176533982826	-0.00664944009246	0.0290792185631	-0.0516194795127	1.0	-0.0498250426992	0.0133171974659	0.0152466347944	0.0272429174534	-0.0365478131844	-0.0338013277466	-0.0348506120153	0.00790555172288	-0.0445798480978	-0.0490884273771	0.0229796350728	0.0370748239356	0.0600171476184	-0.044978111367	-0.0149388399961	-0.0384149985874	-0.0275824624743	0.0136621434161	-0.0944124891585	-0.0659007811719	-0.0473161820415	-0.0420055717214	0.00340770445568	0.00783878543754	0.0419930658272	0.0172409218129	-0.0668783473929	-0.00731690174129	0.0131187497661	0.0580090276824	0.003243397852	-0.0342921666965	-0.0861474615888	0.0029746927293	-0.0480000281619	0.0489186701965	0.000646687466806	0.00661839972141	-0.0588837903464	-0.0197525479952	-0.0366816154725	0.000275008322611
k__Bacteria;p__Proteobacteria;c__Betaproteobacteria;o__Burkholderiales;f__Sutterellaceae;g__Sutterella;s__Sutterella_wadsworthensis	0.0059430565038	-0.0120054832416	0.0621301608326	0.0210404228546	-0.053700549769	0.0238660889173	0.0240247257958	-0.0389466431184	0.0138123322774	-0.019283859918	0.0389562456369	-0.027907852092	0.00131216937498	-0.0398704531123	-0.0470065267342	0.0174798277669	-0.0498250426992	1.0	-0.0530299729793	0.0517293730829	0.0134825559052	0.00311560506663	0.0116910824507	-0.0769952667756	-0.0261535521066	-0.0226840494757	-0.0190865432668	-0.0477077660634	0.00081863767671	0.0284796211503	0.0797485927387	-0.0529486021061	-0.0400251558304	-0.0175535492764	0.00807961285117	-0.0219987498611	-0.0670403646415	-0.0460581547965	-0.0487484028903	0.00533325284765	-0.0240754781311	0.0235950690306	0.00246475669072	-0.0463883560453	0.0480913556212	-0.0356218257521	0.066958938719	0.0368600412722	0.0257612256623	-0.0755115689294	-0.0480412589802	-0.0531190886179	-0.0307085704781	-0.0669533391784	-0.016115607994	0.00597869530699	-0.0305448660645	0.0369754723133	0.0385301372152
k__Bacteria;p__Bacteroidetes;c__Bacteroidia;o__Bacteroidales;f__Porphyromonadaceae;g__Barnesiella;s__Barnesiella_intestinihominis	-0.00369229108477	-0.0352963320732	0.0285793917237	-0.0128382945635	0.0484059406223	-0.0207783320555	-0.0429095723383	0.0187431579815	0.0287580014173	-0.00584186410769	0.00150390351197	-0.0176000888308	0.129224851511	0.0195360054863	-0.0337332941529	-0.011853969672	0.0133171974659	-0.0530299729793	1.0	0.0223842001475	0.0257158037191	0.0472888101023	-0.0359197648772	0.0014887484363	-0.0239355041525	-0.0295237906546	-0.0625166218957	0.0411074737006	-0.00784822491022	-0.0165865464269	-0.0415831062286	-0.0612348079048	0.0220285275211	-0.0160947949888	-0.00131035433186	-0.0033864169504	0.00293938234779	-0.0414703809052	-0.0641887123776	-0.0612506935733	0.00189659853128	0.047796053926	-0.0321716951349	-0.002629365049	-0.0759334701927	0.00736470432204	-0.0680793845086	0.0452019132317	-0.0247428086495	-0.0455141406177	0.010106986048	-0.0778931575206	0.0442930807776	0.0160778465967	0.00598985018684	0.00642127319969	-0.0554757087737	-0.0658475409961	0.00784796340424
k__Bacteria;p__Bacteroidetes;c__Bacteroidia;o__Bacteroidales;f__Odoribacteraceae;g__Odoribacter;s__Odoribacter_splanchnicus	0.0323922156779	-0.039732608952	-0.00331259021595	0.0301336618549	-0.05317200455	-0.0765255385318	0.0225512891845	0.0220177728774	0.0303059509769	0.0228286672755	0.000567114958115	0.0365706548129	-0.0183639429045	0.0406694498004	0.0377475697354	-0.0424885092327	0.0152466347944	0.0517293730829	0.0223842001475	1.0	0.0292594237595	-0.0559371331917	-0.0611408174101	0.0624414713466	0.0342692637361	-0.0548023835577	0.011152327847	-0.0444360010067	-0.0507971166457	-0.0497988425277	-0.0217594967981	0.0287553012792	-0.00946217175297	-0.0586507331103	-0.0465756462012	0.0433568295389	-0.0186597214077	0.0143273465932	-0.0705213943044	-0.00855489942902	-0.0210352335686	-0.0425061069817	-0.0208546685325	0.0185103680884	-0.0469697104883	-0.0442054704612	-0.0349010960928	-0.0259603825736	-0.0671736324595	0.0321855140047	0.0539992426954	-0.0594980219761	0.00626138124962	-0.0122363897555	-0.0392615451327	0.0118576221254	-0.0122818509528	-0.0510722810272	-0.0585817388709
k__Bacteria;p__Bacteroidetes;c__Bacteroidia;o__Bacteroidales;f__Bacteroidaceae;g__Bacteroides;s__Bacteroides_salyersiae	-0.00971777197659	-0.0520927474678	-0.0386437085642	0.0473373682182	0.0908262841066	-0.0837454978432	-0.00221504249643	-0.021106532892	-0.0237051665629	-0.00721103353428	0.0769511828427	-0.0568473046304	-0.0631785994062	-0.0105915705454	-0.0107752081118	0.0268133862542	0.0272429174534	0.0134825559052	0.0257158037191	0.0292594237595	1.0	-0.0170081633823	0.0249253118729	-0.00678826358901	-0.0113540721664	-0.0191229990365	0.00903288611556	-0.0617743605267	-0.00348973897552	-0.0368834890511	-0.0185272940513	-0.0769367053176	-0.00214732125389	0.0139702202466	-0.00128139771011	-0.107132652888	0.00840859058282	0.0382828087748	-0.0258680142302	0.0346524812126	0.0152291205387	0.0173782765369	0.0651328834732	-0.0283522745904	-0.00941120115801	-0.00542114172935	-0.0400516417703	-0.0747906669965	0.0408443248471	-0.00979034668837	-0.0467711733862	-0.0273282147508	0.0418124043079	-0.0250498555734	-0.0568503558395	0.0107714991388	0.042334515053	-0.0387039034136	-0.0453991338535
k__Bacteria;p__Firmicutes;c__Clostridia;o__Clostridiales;f__Ruminococcaceae;g__Ruminiclostridium;s__[Eubacterium]_siraeum	-0.00355735658354	0.0159419763564	-0.07129294927	0.00509136124411	-0.094251277781	-0.0293872424608	0.0473733320941	0.0322531601561	0.00821592005414	-0.0134759928101	0.0170592140085	0.00198204668738	0.0414011024283	-0.0175235447376	0.11367624812	-0.0806494352057	-0.0365478131844	0.00311560506663	0.0472888101023	-0.0559371331917	-0.0170081633823	1.0	0.0585810904341	0.0212475314073	0.000995651907358	-0.0448044019097	-0.0369635762025	-0.00452343796898	-0.026389295419	-0.0232283863874	-0.0661778250236	-0.0277613989002	-0.0110932029868	-0.0635520413411	-0.0608375260104	-0.0544688948562	-0.0224517841725	-0.0337167392831	-0.0370618212146	0.0168651078177	0.00737922450882	0.00403189160707	-0.0176312721221	-0.0148502735087	0.0232563591724	-0.0281098980342	-0.0167712729439	0.0649605086878	-0.0346790457316	0.0111009098788	-0.0411709633277	0.0300489472366	0.00604133655016	-0.0156796142695	-0.0145947102898	0.0205120818464	-0.0168389813392	0.0386977217551	-0.0419469878072
k__Bacteria;p__Proteobacteria;c__Betaproteobacteria;o__Burkholderiales;f__Sutterellaceae;g__Parasutterella;s__Parasutterella_excrementihominis	0.052178379941	-0.0358028420856	-0.00928864508869	-0.0587909296403	0.00540972916138	0.0378605777206	-0.0573684289071	0.00897804183984	-0.00649110333666	-0.0224023399397	0.024452199185	-0.0340612807977	-0.0310906692987	-0.0162760972035	-0.0727960278411	0.0111662060413	-0.0338013277466	0.0116910824507	-0.0359197648772	-0.0611408174101	0.0249253118729	0.0585810904341	1.0	-0.0670024385077	0.0110219539591	-0.0325923863764	-0.0293770586482	-0.0178497305152	0.0456753489853	-0.00505836811831	-0.0308164992204	-0.0298632186672	-0.00796636314833	-0.00916950229324	0.0461198327768	0.0489102224018	0.0279456390326	-0.04480506344	-0.00329082687229	-0.065414835238	-0.0777509077911	-0.0941627722837	-0.0141422235128	-0.0715527876001	0.0255677056642	-0.0249327211974	0.0620074024554	0.000129346837877	-0.0488290742923	0.0997892775691	0.0372683847813	0.00518994993621	-0.0501994290604	0.0431582748235	-0.0766187318157	0.0403105873166	-0.0580822881934	-0.0232328094924	0.0668164648329
k__Bacteria;p__Actinobacteria;c__Actinobacteria;o__Bifidobacteriales;f__Bifidobacteriaceae;g__Bifidobacterium;s__Bifidobacterium_adolescentis	-0.0602565703494	-0.0317091094319	-0.00305326752088	-0.00509499943605	-0.0503434462157	0.0339726873279	-0.00826823163696	0.000931094412564	0.00863853669272	0.021023012022	0.0299077763035	0.017900289775	-0.0140463898542	-0.00341020507189	7.89331019759e-05	-0.0173068803185	-0.0348506120153	-0.0769952667756	0.0014887484363	0.0624414713466	-0.00678826358901	0.0212475314073	-0.0670024385077	1.0	-0.0533497654519	-0.0354056934489	0.0606263111974	-0.00877001239476	-0.0526680750463	-0.0215598155334	0.0274727196097	0.146659122293	0.0679436326247	0.0113250463256	0.0200555682627	0.011408016715	-0.0258397257321	0.00871929453805	0.0247265267777	-0.0171943411426	0.0430054579995	-0.0601519706346	0.0182765378253	-0.0467690476261	-0.0245219705734	-0.0282919703968	0.0123174787805	-0.0548564413238	0.0402415447319	-0.000504824320945	-0.0428123131583	-0.0400701863805	-0.0158114309409	-0.0182694367196	0.0160673952649	-0.00660000759003	-0.0560093819528	0.00167815027851	0.0228285178323
k__Bacteria;p__Firmicutes;c__Clostridia;o__Clostridiales;f__Oscillospiraceae;g__Oscillibacter;s__Oscillibacter_sp._KLE_1745	0.0818060313172	-0.0234095055005	-0.0210020154321	-0.0505595268813	-0.0206591960177	0.0179239006249	0.0213965750102	-0.0199697241625	-0.0648617899932	-0.0247050797498	-0.0255340814221	0.0184824389952	0.0245191913896	-0.0182717019409	-0.125808632471	0.077102359694	0.00790555172288	-0.0261535521066	-0.0239355041525	0.0342692637361	-0.0113540721664	0.000995651907358	0.0110219539591	-0.0533497654519	1.0	0.0503648822631	-0.0275813552163	-0.00719872072124	0.00323989248512	-0.0586569457002	0.0293123905424	0.0253277632415	0.0408224519719	-0.0699869899811	-0.0365431386294	-0.00716739876317	-0.0279247331766	-0.0157657545478	-0.0239103167016	0.0254026768798	0.0222169254678	0.0241660417047	0.027807934889	0.0455607934324	-0.0413305461709	0.0487699247947	-0.0496393777889	-0.0273523794849	-0.000661656462747	0.0667709804396	0.00470457343334	0.0358468795448	-0.0390326450522	0.0120894763938	0.00769958695034	-0.0370414877805	0.0296769445548	-0.0156219264107	-0.082959462444
k__Bacteria;p__Bacteroidetes;c__Bacteroidia;o__Bacteroidales;f__Bacteroidaceae;g__Bacteroides;s__Bacteroides_coprophilus	-0.000298703263248	0.0151290452002	-0.0335435659154	-0.0365975237791	0.0174149974324	0.0216332185213	-0.012840640826	-0.0303261455701	-0.0538259588609	-0.0343377870385	-0.0476545936094	0.032537508135	0.048191143764	0.00611385708738	-0.00175861376911	-0.0259473514527	-0.0445798480978	-0.0226840494757	-0.0295237906546	-0.0548023835577	-0.0191229990365	-0.0448044019097	-0.0325923863764	-0.0354056934489	0.0503648822631	1.0	0.00957488295331	0.0152989789147	0.0194064823313	-0.0992119771628	0.0482022569434	-0.00984212350579	0.0385068512079	-0.00400274307191	-0.0330647149318	-0.0035992278646	0.0776215975324	0.0649798262454	0.00166638035399	-0.114066657041	0.0224683022917	0.0389706235345	0.0796253507479	-0.0828595120338	-0.0209398720107	0.0329550116064	-0.00168473745991	0.0578601206275	0.000975679931794	-0.105521653193	-0.101717506387	-0.00873595016375	0.0214830031673	0.0308484367393	0.0509351120989	0.0439633973355	-0.0183492695367	-0.058816094898	0.000925095085999
k__Bacteria;p__Firmicutes;c__Clostridia;o__Clostridiales;f__Lachnospiraceae;g__Roseburia;s__Roseburia_intestinalis	0.0126239021989	0.00670094735304	0.0290928700156	0.04393339083	-0.0711605703168	-0.0799017668703	0.0950970583704	-0.00431813479685	-0.0464237490567	0.00538899451248	0.010262358748	0.00630663050044	-0.0287016965685	-0.0751448994888	0.0120557040388	-0.0144885049175	-0.0490884273771	-0.0190865432668	-0.0625166218957	0.011152327847	0.00903288611556	-0.0369635762025	-0.0293770586482	0.0606263111974	-0.0275813552163	0.00957488295331	1.0	0.026636179093	-0.0344264806929	0.0622873141237	-0.0413003072735	-0.0547076536504	0.00962890680956	-0.00991598642347	0.0180452663404	0.0395748234877	0.000904722527935	0.0149444355072	-4.36741036583e-05	-0.051011501541	0.027594196357	-0.0135974618965	0.0528140867011	0.00712314561334	-0.0457028832325	-0.0095839766929	0.0148374019998	-0.033410510271	-0.0225272793333	0.0498038804893	0.00520464392332	-0.00620831886421	0.00835155712295	0.0146423462826	0.081861602372	0.0215045618305	-0.0611408986647	-0.00974202992497	-0.0612051124628
k__Bacteria;p__Firmicutes;c__Clostridia;o__Clostridiales;f__Lachnospiraceae;g__Roseburia;s__Roseburia_hominis	-0.0596988301439	0.0164007112227	0.00904604597109	-0.0232953972812	0.0398046174846	-0.020007959571	0.0648770905649	0.014657022781	0.0350922644521	-0.0515641785878	-0.029978602312	0.0017635477071	-0.0659367546125	-0.0409475359499	-0.0180574000224	0.0622129131889	0.0229796350728	-0.0477077660634	0.0411074737006	-0.0444360010067	-0.0617743605267	-0.00452343796898	-0.0178497305152	-0.00877001239476	-0.00719872072124	0.0152989789147	0.026636179093	1.0	-0.0742535767231	0.0680753889294	0.0275937760826	-0.0291873736085	0.00395395686619	0.0345502453761	-0.000659417671232	0.0874705423487	0.0848908248881	0.0425832608091	-0.013231913867	-0.0133566773976	-0.0202935570177	0.0236927457235	-0.0143155910089	-0.0607458628438	0.001719400422	-0.0214745427235	0.00456640979804	-0.00013067804369	0.000542530599582	-0.0349051910726	0.00325180093373	0.0663778516202	-0.0518535089846	-0.0480705971277	0.0440113002213	-0.0386584416529	0.00547132845071	-0.036400456259	-0.0102451910915
k__Bacteria;p__Bacteroidetes;c__Bacteroidia;o__Bacteroidales;f__Porphyromonadaceae;g__Parabacteroides;s__Parabacteroides_johnsonii	0.00701782002112	0.0036261361095	-0.0270357910228	0.0126274989621	0.0135363516035	-0.0434060940944	0.00490685180852	-0.0382829835492	-0.0289032598854	-0.0150285238361	-0.0106631871944	-0.0366990505167	0.0236042582657	0.00363748072803	-0.0548806431954	-0.0493855763246	0.0370748239356	0.00081863767671	-0.00784822491022	-0.0507971166457	-0.00348973897552	-0.026389295419	0.0456753489853	-0.0526680750463	0.00323989248512	0.0194064823313	-0.0344264806929	-0.0742535767231	1.0	0.00799949405912	-0.0343463523029	-0.00574445269986	0.0262145653058	0.0178730303662	-0.0432959429313	-0.0219431442072	0.0317243691986	-0.0192434268855	0.00600281420823	0.0287444125419	0.0387799336329	0.00379806509937	-0.0177811806904	0.00329866797098	0.0675307828504	0.024449412309	-0.0572964787711	-0.0844484256796	-0.00599698196555	-0.0182862752565	-0.0181460387106	-0.00876076839196	-0.00838466709112	0.00951909964158	0.0552071238634	-0.0308916357549	-0.0542601317241	0.00936814832204	0.0299015910273
k__Bacteria;p__Actinobacteria;c__Actinobacteria;o__Bifidobacteriales;f__Bifidobacteriaceae;g__Bifidobacterium;s__Bifidobacterium_longum	-0.0762112344807	-0.0139453718771	0.051183183755	-0.0523844070756	-0.0583655268495	0.0408441616985	-0.00452844050761	-0.0380251787842	-0.0308681552944	0.0429791158651	-0.0360101449557	-0.0476914130888	-0.0410826481048	-0.0301119187396	-0.0750014198223	0.00589313788599	0.0600171476184	0.0284796211503	-0.0165865464269	-0.0497988425277	-0.0368834890511	-0.0232283863874	-0.00505836811831	-0.0215598155334	-0.0586569457002	-0.0992119771628	0.0622873141237	0.0680753889294	0.00799949405912	1.0	0.0715754111548	-0.0116278826675	-0.027826019843	0.00398134382575	-0.0349055094363	-0.0429046296956	-0.0337520374452	0.0137669650341	-0.0273345713743	-0.0433414952199	-0.00863861766245	0.0737562596185	0.00717931431912	0.0160213198084	-0.00249497250502	-0.0435457108149	-0.0527465144792	-0.0139113846862	0.0366805412199	-0.0073599469684	0.0245058748793	-0.0392447757091	0.00995619194943	-0.051817821029	0.00577153471476	0.0181662462147	0.0247924198158	0.0381154015049	0.0127425450992
