#taxonomy	k__Bacteria;p__Bacteroidetes;c__Bacteroidia;o__Bacteroidales;f__Bacteroidaceae;g__Bacteroides;s__Bacteroides_vulgatus	k__Bacteria;p__Bacteroidetes;c__Bacteroidia;o__Bacteroidales;f__Bacteroidaceae;g__Bacteroides;s__Bacteroides_uniformis	k__Bacteria;p__Bacteroidetes;c__Bacteroidia;o__Bacteroidales;f__Rikenellaceae;g__Alistipes;s__Alistipes_putredinis	k__Bacteria;p__Bacteroidetes;c__Bacteroidia;o__Bacteroidales;f__Prevotellaceae;g__Prevotella;s__Prevotella_copri	k__Bacteria;p__Bacteroidetes;c__Bacteroidia;o__Bacteroidales;f__Bacteroidaceae;g__Bacteroides;s__Bacteroides_stercoris	k__Bacteria;p__Bacteroidetes;c__Bacteroidia;o__Bacteroidales;f__Bacteroidaceae;g__Bacteroides;s__Bacteroides_ovatus	k__Bacteria;p__Bacteroidetes;c__Bacteroidia;o__Bacteroidales;f__Rikenellaceae;g__Alistipes;s__Alistipes_shahii	k__Bacteria;p__Firmicutes;c__Clostridia;o__Clostridiales;f__Ruminococcaceae;g__Faecalibacterium;s__Faecalibacterium_prausnitzii	k__Bacteria;p__Bacteroidetes;c__Bacteroidia;o__Bacteroidales;f__Rikenellaceae;g__Alistipes;s__Alistipes_finegoldii	k__Bacteria;p__Bacteroidetes;c__Bacteroidia;o__Bacteroidales;f__Porphyromonadaceae;g__Parabacteroides;s__Parabacteroides_distasonis	k__Bacteria;p__Bacteroidetes;c__Bacteroidia;o__Bacteroidales;f__Bacteroidaceae;g__Bacteroides;s__Bacteroides_thetaiotaomicron	k__Bacteria;p__Bacteroidetes;c__Bacteroidia;o__Bacteroidales;f__Bacteroidaceae;g__Bacteroides;s__Bacteroides_coprocola	k__Bacteria;p__Bacteroidetes;c__Bacteroidia;o__Bacteroidales;f__Bacteroidaceae;g__Bacteroides;s__Bacteroides_cellulosilyticus	k__Bacteria;p__Bacteroidetes;c__Bacteroidia;o__Bacteroidales;f__Rikenellaceae;g__Alistipes;s__Alistipes_obesi	k__Bacteria;p__Firmicutes;c__Clostridia;o__Clostridiales;f__Lachnospiraceae;g__;s__[Eubacterium]_rectale	k__Bacteria;p__Bacteroidetes;c__Bacteroidia;o__Bacteroidales;f__Bacteroidaceae;g__Bacteroides;s__Bacteroides_plebeius	k__Bacteria;p__Bacteroidetes;c__Bacteroidia;o__Bacteroidales;f__Bacteroidaceae;g__Bacteroides;s__Bacteroides_fragilis	k__Bacteria;p__Proteobacteria;c__Betaproteobacteria;o__Burkholderiales;f__Sutterellaceae;g__Sutterella;s__Sutterella_wadsworthensis	k__Bacteria;p__Bacteroidetes;c__Bacteroidia;o__Bacteroidales;f__Porphyromonadaceae;g__Barnesiella;s__Barnesiella_intestinihominis	k__Bacteria;p__Bacteroidetes;c__Bacteroidia;o__Bacteroidales;f__Odoribacteraceae;g__Odoribacter;s__Odoribacter_splanchnicus	k__Bacteria;p__Bacteroidetes;c__Bacteroidia;o__Bacteroidales;f__Bacteroidaceae;g__Bacteroides;s__Bacteroides_salyersiae	k__Bacteria;p__Firmicutes;c__Clostridia;o__Clostridiales;f__Ruminococcaceae;g__Ruminiclostridium;s__[Eubacterium]_siraeum	k__Bacteria;p__Proteobacteria;c__Betaproteobacteria;o__Burkholderiales;f__Sutterellaceae;g__Parasutterella;s__Parasutterella_excrementihominis	k__Bacteria;p__Actinobacteria;c__Actinobacteria;o__Bifidobacteriales;f__Bifidobacteriaceae;g__Bifidobacterium;s__Bifidobacterium_adolescentis	k__Bacteria;p__Firmicutes;c__Clostridia;o__Clostridiales;f__Oscillospiraceae;g__Oscillibacter;s__Oscillibacter_sp._KLE_1745	k__Bacteria;p__Bacteroidetes;c__Bacteroidia;o__Bacteroidales;f__Bacteroidaceae;g__Bacteroides;s__Bacteroides_coprophilus	k__Bacteria;p__Firmicutes;c__Clostridia;o__Clostridiales;f__Lachnospiraceae;g__Roseburia;s__Roseburia_intestinalis	k__Bacteria;p__Firmicutes;c__Clostridia;o__Clostridiales;f__Lachnospiraceae;g__Roseburia;s__Roseburia_hominis	k__Bacteria;p__Bacteroidetes;c__Bacteroidia;o__Bacteroidales;f__Porphyromonadaceae;g__Parabacteroides;s__Parabacteroides_johnsonii	k__Bacteria;p__Actinobacteria;c__Actinobacteria;o__Bifidobacteriales;f__Bifidobacteriaceae;g__Bifidobacterium;s__Bifidobacterium_longum	k__Bacteria;p__Firmicutes;c__Clostridia;o__Clostridiales;f__;g__Flavonifractor;s__Flavonifractor_plautii	k__Bacteria;p__Firmicutes;c__Clostridia;o__Clostridiales;f__Clostridiaceae;g__Clostridium;s__Clostridium_phoceensis	k__Bacteria;p__Verrucomicrobia;c__Verrucomicrobiae;o__Verrucomicrobiales;f__Akkermansiaceae;g__Akkermansia;s__Akkermansia_muciniphila	k__Bacteria;p__Bacteroidetes;c__Bacteroidia;o__Bacteroidales;f__Prevotellaceae;g__Paraprevotella;s__Paraprevotella_xylaniphila	k__Bacteria;p__Firmicutes;c__Clostridia;o__Clostridiales;f__Ruminococcaceae;g__Ruminococcus;s__Ruminococcus_callidus	k__Bacteria;p__Bacteroidetes;c__Bacteroidia;o__Bacteroidales;f__Rikenellaceae;g__Alistipes;s__Alistipes_senegalensis	k__Bacteria;p__Firmicutes;c__Clostridia;o__Clostridiales;f__Lachnospiraceae;g__Blautia;s__Blautia_sp._KLE_1732	k__Bacteria;p__Bacteroidetes;c__Bacteroidia;o__Bacteroidales;f__Bacteroidaceae;g__Bacteroides;s__Bacteroides_oleiciplenus	k__Bacteria;p__Firmicutes;c__Clostridia;o__Clostridiales;f__Ruminococcaceae;g__Ruminococcus;s__Ruminococcus_bicirculans	k__Bacteria;p__Bacteroidetes;c__Bacteroidia;o__Bacteroidales;f__Bacteroidaceae;g__Bacteroides;s__Bacteroides_fluxus	k__Bacteria;p__Bacteroidetes;c__Bacteroidia;o__Bacteroidales;f__Prevotellaceae;g__Prevotella;s__Prevotella_stercorea	k__Bacteria;p__Firmicutes;c__Clostridia;o__Clostridiales;f__Lachnospiraceae;g__Dorea;s__Dorea_longicatena	k__Bacteria;p__Firmicutes;c__Clostridia;o__Clostridiales;f__Eubacteriaceae;g__Eubacterium;s__[Eubacterium]_eligens	k__Bacteria;p__Firmicutes;c__Clostridia;o__Clostridiales;f__Ruminococcaceae;g__;s__Ruminococcaceae_bacterium_D16	k__Bacteria;p__Firmicutes;c__Clostridia;o__Clostridiales;f__Lachnospiraceae;g__Coprococcus;s__Coprococcus_comes	k__Bacteria;p__Proteobacteria;c__Gammaproteobacteria;o__Enterobacterales;f__Enterobacteriaceae;g__Escherichia;s__Escherichia_coli	k__Bacteria;p__Firmicutes;c__Clostridia;o__Clostridiales;f__Ruminococcaceae;g__Anaerotruncus;s__Anaerotruncus_colihominis	k__Bacteria;p__Firmicutes;c__Clostridia;o__Clostridiales;f__Lachnospiraceae;g__Blautia;s__Blautia_obeum	k__Bacteria;p__Bacteroidetes;c__Bacteroidia;o__Bacteroidales;f__Odoribacteraceae;g__Odoribacter;s__Odoribacter_laneus	k__Bacteria;p__Firmicutes;c__Clostridia;o__Clostridiales;f__Ruminococcaceae;g__Ruminiclostridium;s__[Clostridium]_leptum	k__Bacteria;p__Bacteroidetes;c__Bacteroidia;o__Bacteroidales;f__Porphyromonadaceae;g__Parabacteroides;s__Parabacteroides_goldsteinii	k__Bacteria;p__Firmicutes;c__Clostridia;o__Clostridiales;f__Lachnospiraceae;g__Anaerostipes;s__Anaerostipes_hadrus	k__Bacteria;p__Firmicutes;c__Clostridia;o__Clostridiales;f__Ruminococcaceae;g__Ruminococcus;s__Ruminococcus_lactaris	k__Bacteria;p__Firmicutes;c__Clostridia;o__Clostridiales;f__Clostridiaceae;g__Clostridium;s__Clostridium_sp._L2-50	k__Bacteria;p__Firmicutes;c__Clostridia;o__Clostridiales;f__Clostridiaceae;g__Clostridium;s__Clostridium_sp._M62/1	k__Bacteria;p__Firmicutes;c__Clostridia;o__Clostridiales;f__;g__Intestinimonas;s__Intestinimonas_butyriciproducens	k__Bacteria;p__Actinobacteria;c__Actinobacteria;o__Bifidobacteriales;f__Bifidobacteriaceae;g__Bifidobacterium;s__Bifidobacterium_bifidum	k__Bacteria;p__Firmicutes;c__Negativicutes;o__Veillonellales;f__Veillonellaceae;g__Dialister;s__Dialister_invisus	k__Bacteria;p__Bacteroidetes;c__Bacteroidia;o__Bacteroidales;f__Bacteroidaceae;g__Bacteroides;s__Bacteroides_salanitronis
k__Bacteria;p__Bacteroidetes;c__Bacteroidia;o__Bacteroidales;f__Bacteroidaceae;g__Bacteroides;s__Bacteroides_vulgatus	1.0	0.0116262704466	-0.0203633292352	-0.00796890639356	-0.0167405542063	-0.107066832994	-0.00908721892923	0.0357753772537	0.0126661859492	0.0142793323617	-0.0233567221577	-0.00566716059153	-0.0381612960058	-0.015130556232	-0.0188614937866	-0.00721909210344	0.0027223543011	0.0243315761226	-0.0220596873284	-0.00866933454516	-0.00158421400762	-0.0214521079328	0.0731845905994	0.0132698565103	0.0248936120535	0.0677167170388	0.0093355394427	-0.0155837117947	-0.00209346634333	-2.98186282088e-05	-0.00779814520812	0.0136885754756	0.0287246613198	-0.0421988061179	0.00870926564263	0.0286683913232	-0.0185503659354	-0.0329014282602	-0.047679833685	0.0335052239019	-0.00142922858962	0.000282104795069	-0.0304899221303	-0.0311390680713	0.0252337926188	-0.0323136310837	-0.0133524865608	-0.0368467905887	0.0383394013286	-0.0194612559882	-0.03960821775	-0.0386524089953	-0.0346268730401	-0.0252950312683	-0.00882413069617	-0.0470747009144	-0.0211092040271	0.0529489384355	0.00488491245193
k__Bacteria;p__Bacteroidetes;c__Bacteroidia;o__Bacteroidales;f__Bacteroidaceae;g__Bacteroides;s__Bacteroides_uniformis	0.0116262704466	1.0	-0.0180417411386	-0.0152890971488	-0.0432514565163	-0.000755526538723	-0.0111614270212	-0.0598883464248	0.00388525975189	0.0644308324758	-0.0469675498534	0.0403311116768	0.0128469092026	0.033407391285	-0.0252300926748	0.00515735511815	0.00130335963724	-0.0210661395115	0.0226418973791	0.0317106367371	0.0563333592909	-0.00451265150115	-0.0338043095419	0.0878584255782	-0.0333796651314	0.0448918004707	0.0312240299575	-0.0274176233849	-0.0243552777562	-0.000926837567377	-0.00892049211363	0.0245563813033	0.050845180676	0.0330805022408	-0.0217423721841	0.0680990054464	0.0298056582113	-0.0274133108907	0.0123412385734	-0.0341726516286	-0.0390033814033	0.022752811233	0.0480585431536	0.00908168382367	0.0162259681803	-0.0288958131597	0.0222894037633	-0.0445688758478	0.0204770490141	-0.0184630869232	-0.0435321012048	-0.0405995874971	0.0129536242166	0.0351994403666	-0.0139694897972	-0.0509151673226	-0.0277141871867	0.0144436737775	0.0441449408978
k__Bacteria;p__Bacteroidetes;c__Bacteroidia;o__Bacteroidales;f__Rikenellaceae;g__Alistipes;s__Alistipes_putredinis	-0.0203633292352	-0.0180417411386	1.0	-0.00609487688657	-0.00883009595924	-0.0331658671138	0.0564213099731	0.0446427523613	-0.0344556032905	0.00709624678086	-0.00565630804249	0.00913686151045	0.00165986886398	-0.0198258643661	0.0510778318242	0.0113694967907	0.0102606900087	-0.0744210601873	0.00609206162392	0.0687119225754	-0.00807370898353	0.112345516662	-0.0536764788572	0.00838057364586	0.000616973600097	-0.0406086207264	0.00220349890495	-0.0493838665487	0.00671713927052	0.00653120734729	-0.0607513948497	-0.00877570725186	0.0114668136354	-0.0124733502372	-0.0165854915772	-0.0165053118512	-0.0733952955995	-0.0140634821287	-0.00428035085305	-0.0313730414528	0.0392999424339	-0.00313939198021	-0.0448820040259	-0.0714314992102	0.0320789693604	-0.00891655646455	-0.037971014367	-0.0105812817994	0.0445812029274	-0.0641245450178	0.0755633396239	-0.0431497951753	0.0180231466676	-0.0865587853127	-0.0539296397837	0.0217394442989	0.0766538941397	0.0141647122357	-0.0732533964623
k__Bacteria;p__Bacteroidetes;c__Bacteroidia;o__Bacteroidales;f__Prevotellaceae;g__Prevotella;s__Prevotella_copri	-0.00796890639356	-0.0152890971488	-0.00609487688657	1.0	-0.012504088782	0.0693033128094	0.0134797794023	-0.0759596568298	0.0122735172438	-0.0325718939744	-0.02666607537	-0.00350362880059	-0.0426946214779	-0.0279414433666	-0.00511434439734	0.0392311776657	-0.00903644506635	-0.0105892334958	0.027177043907	-0.0277385231834	-0.024330301109	-0.0024192585475	-0.0215020645567	-0.0348295048228	0.046124585854	-0.0274402070917	0.0219479397145	0.0335960256069	0.0524510579425	-0.0116809551988	0.039799084805	-0.0783136909008	-0.0389622775107	-0.0371253184861	-0.00181486375688	0.0435794265472	-0.0133047940451	-0.0876109223737	0.0514991924896	-0.0384020204113	-0.0153698981794	-0.0299853332432	-0.00283666249915	-0.0715625200893	-0.0558406050003	0.00655238415694	-0.0333196669412	0.0119968804706	0.0714339685863	-0.0306939938046	-0.0561813177779	-0.0163839669761	0.0247461075079	-0.0857173020227	-0.0604132999983	-0.0466103536512	0.05094549753	0.0442455103013	-0.0374103406872
k__Bacteria;p__Bacteroidetes;c__Bacteroidia;o__Bacteroidales;f__Bacteroidaceae;g__Bacteroides;s__Bacteroides_stercoris	-0.0167405542063	-0.0432514565163	-0.00883009595924	-0.012504088782	1.0	-0.0113495658331	0.0306666647052	-0.0683611522527	0.0157897660634	0.00104304390947	-0.0101026061377	-0.0158145828125	-0.0222038705704	0.00819630255391	0.00933904061795	-0.0241859343204	0.00204865368636	-0.0135507786645	-0.062578783317	0.0171636381238	-0.005340519322	-0.0283428416419	-0.0241418130911	0.0239497044509	-0.0334826298669	0.0503612870104	-0.00788478251623	0.0114125864943	0.0327614582729	0.000849998632791	0.0224054232639	0.0332486602865	-0.00977571004649	0.0534902217621	0.0033049165498	-0.0477058593835	-0.00726409776189	-0.0520247982469	-0.0349973035663	0.0296363739147	-0.0887317418219	-0.0512278966493	0.00313208929952	0.0268297397566	0.0379674258652	-0.0413952363218	0.0119535532951	-0.0167399949951	0.0309774303081	0.0741320048297	-0.113336008829	0.0486038675929	0.00737990869354	-0.0786323098232	-0.0422931805233	-0.0177725236561	-0.0625565972259	0.00347163873357	-0.0132088378012
k__Bacteria;p__Bacteroidetes;c__Bacteroidia;o__Bacteroidales;f__Bacteroidaceae;g__Bacteroides;s__Bacteroides_ovatus	-0.107066832994	-0.000755526538723	-0.0331658671138	0.0693033128094	-0.0113495658331	1.0	-0.00629453665321	-0.0117643930149	-0.0427347462742	0.0538266263783	-0.00885641094256	0.00576850088718	-0.0106272985347	0.0128408637271	0.0434131647058	0.00207089079304	0.0119606464993	-0.0442595547948	0.0557445633254	0.00663412115078	-0.0214852788538	0.0128272025727	0.0486300252754	-0.0706197315031	-0.0332015256877	-0.0265134737241	-0.0594931490825	0.0326008930591	-0.0567643318286	0.00177131656377	0.00415434418955	-0.0591933040297	0.0400559822597	0.0131644771719	0.0383156335245	-0.0438309464788	0.0261919108999	-0.0187408628492	-0.0258873944472	-0.0312691182529	0.0288422817474	-0.000824226380835	-0.0278305752915	0.0739170266294	-0.0181567602375	0.0438373941944	0.0277345577337	-0.00725171652268	-0.000912080490452	0.00925382161753	-0.0130603362782	-0.0135251937954	0.00373104914208	-0.027785649646	-0.0305355458862	-0.0297825188895	0.00999813489863	-0.0523747753671	0.0100337613172
k__Bacteria;p__Bacteroidetes;c__Bacteroidia;o__Bacteroidales;f__Rikenellaceae;g__Alistipes;s__Alistipes_shahii	-0.00908721892923	-0.0111614270212	0.0564213099731	0.0134797794023	0.0306666647052	-0.00629453665321	1.0	-0.0165094149909	-0.02009549947	-0.0419276750705	0.0290398751006	0.035445972527	0.00799139144277	-0.0233540092155	0.00646175789204	0.0227594244438	0.09272564649	-0.0797786128703	-0.00924037899153	0.00311970178746	-0.0036313447757	0.0084304834011	-0.0175050486286	0.013335592473	0.0199093672298	-0.0204089276128	-0.0245560973861	-0.0166098817476	-0.00609921910874	-0.0359557660312	-0.0299869227777	-0.00959803772803	0.00954695189014	-0.0407635913238	0.0485719133187	-0.00408804715257	-0.0147335817144	0.0046257105083	-0.00102953673335	-0.0123009633256	0.0352083331988	-0.0529853214541	-0.0550722144579	-0.0717204961111	0.0539037811214	0.00666032710202	-0.0118703973548	0.013892833166	0.0380266748858	-0.0118554748864	-0.0110025586683	-0.0224591378203	0.00151921313775	-0.0297867981388	0.0276626386437	-0.00319902504641	-0.102074812644	0.0375973902186	0.0690434352383
k__Bacteria;p__Firmicutes;c__Clostridia;o__Clostridiales;f__Ruminococcaceae;g__Faecalibacterium;s__Faecalibacterium_prausnitzii	0.0357753772537	-0.0598883464248	0.0446427523613	-0.0759596568298	-0.0683611522527	-0.0117643930149	-0.0165094149909	1.0	0.0153860431038	0.0119939804576	-0.0322448121604	0.0438381790758	-0.0278352134997	-0.0128684352667	0.0105750085511	0.0125149662927	-0.0981056532678	-0.0622679418979	-0.00986989903657	0.0542124713469	0.00883633768548	-0.00528378705338	0.0454718933905	-0.0615379028933	-0.00762121534746	-0.0304438615328	0.0151876005989	0.0165755893089	-0.0191920503872	0.0131315656343	-0.00611647860199	-0.0049974800405	0.0267303238222	-0.0144973656262	0.0293127241475	0.0238952265248	0.0392858253653	0.0147251128253	0.0307394406752	-0.0542582348223	-0.0557459009502	-0.0427061147112	-0.00128097433609	-0.0550632007118	-0.0486187050605	-0.0474955705641	-0.0541666169311	-0.0499749582405	-0.023448519112	-0.00760199142249	-0.0202469189136	0.0788763032446	0.000427592915029	0.0533233002675	-0.0186360011265	0.00762480986854	0.0166231594417	-0.0984468536765	-0.0821515256037
k__Bacteria;p__Bacteroidetes;c__Bacteroidia;o__Bacteroidales;f__Rikenellaceae;g__Alistipes;s__Alistipes_finegoldii	0.0126661859492	0.00388525975189	-0.0344556032905	0.0122735172438	0.0157897660634	-0.0427347462742	-0.02009549947	0.0153860431038	1.0	-0.0325694100183	-0.0174263087677	-0.000469896802246	-0.0314053315889	0.032893688627	-0.0497560146153	-0.0149119004974	0.0303760637691	0.0434852013359	-0.0278187858924	0.00628216716264	-0.0109463736958	-0.0418906369544	0.0281338792715	-0.058576137426	-0.0105613516323	0.0183249463983	-0.0415198317452	0.0262439858497	0.0217808750595	0.0097095263567	0.014338960936	-0.0334989916679	-0.0754541117004	-0.0294468366845	-0.0591693233091	-0.0184767139159	0.0147358778202	-0.0776048224475	-0.0308584065781	-0.00841971955978	0.0330861646641	-0.00539388693602	-0.0480741733703	0.0242264563098	-0.0488095757763	0.00875294782457	-0.00161061446218	-0.0242985475921	-0.0981971020076	0.0100616853984	0.000655677576293	-0.0325995633392	0.0286179711403	0.035010110637	0.0330634101675	-0.0552342087595	0.0177691907573	-0.0138522164683	-0.0719194134762
k__Bacteria;p__Bacteroidetes;c__Bacteroidia;o__Bacteroidales;f__Porphyromonadaceae;g__Parabacteroides;s__Parabacteroides_distasonis	0.0142793323617	0.0644308324758	0.00709624678086	-0.0325718939744	0.00104304390947	0.0538266263783	-0.0419276750705	0.0119939804576	-0.0325694100183	1.0	-0.0053663006602	-0.0647711118173	0.0580104685117	-0.0375709154254	-0.0186449826581	-0.0526231736974	-0.015475901918	-0.0396817102151	-0.0558864832152	-0.0536579340241	0.069428926102	0.030208253337	-0.0162352529516	-0.0131528187956	-0.0671364892998	0.0268813367326	-0.0160607340524	-0.0684441263907	-0.0521533475939	-0.0206898588848	-0.000395260416653	-0.0102838411436	-0.0289169701533	0.00636809206319	-0.0243823697251	-0.0528877647556	-0.0330126319723	-0.0529692827947	-0.0500409588431	0.0107165802856	0.028356811266	0.00612423808573	-0.00840131173351	-0.0302362050718	0.0150674046224	0.00938439927722	-0.0242849985114	-0.0386385124687	-0.088301410739	0.00531476252065	-0.0256177016328	-0.0338040584281	-0.0227986185019	0.063754621784	-0.0637476068246	-0.0153327980858	0.0435651069131	0.0109399949101	0.0215254564129
k__Bacteria;p__Bacteroidetes;c__Bacteroidia;o__Bacteroidales;f__Bacteroidaceae;g__Bacteroides;s__Bacteroides_thetaiotaomicron	-0.0233567221577	-0.0469675498534	-0.00565630804249	-0.02666607537	-0.0101026061377	-0.00885641094256	0.0290398751006	-0.0322448121604	-0.0174263087677	-0.0053663006602	1.0	0.0145972438801	0.0319261152313	-0.0249831586212	-0.019056647877	-0.0634311717885	0.0545569042265	-0.0129687018542	0.000510083314401	-0.0361092678725	-0.00629706173889	0.0288707353082	0.0271369673077	-0.0525876961168	-0.0289503764796	-0.0442057310932	0.00284861372093	-0.0428911425239	0.0217032773268	0.0401900445578	-0.0925608752283	0.0760039332335	0.0493560320601	0.0278313276234	-0.0875407037119	-0.0278955665943	0.0289989839402	-0.0434218384348	0.0267648516714	-0.102762295169	-0.0257878272637	0.0328207657154	0.0330280618073	0.0487393165853	-0.0090885396656	0.00478051521479	0.0295964116499	0.0213505206746	0.0582043583044	0.0256405086799	-0.0760393102918	0.0319923523858	0.00358865069193	0.0141018031632	-0.041272434398	-0.0331170397511	-0.0635193230008	0.0464478189279	-0.0794827741471
k__Bacteria;p__Bacteroidetes;c__Bacteroidia;o__Bacteroidales;f__Bacteroidaceae;g__Bacteroides;s__Bacteroides_coprocola	-0.00566716059153	0.0403311116768	0.00913686151045	-0.00350362880059	-0.0158145828125	0.00576850088718	0.035445972527	0.0438381790758	-0.000469896802246	-0.0647711118173	0.0145972438801	1.0	-0.010764184724	0.00925805166622	-0.0406339307904	0.0087815566235	0.0640887648569	0.005739334228	0.0121395003382	-0.0323750333414	-0.0620545894368	-0.0411411193304	0.0255910603309	0.0198848600211	-0.0431849114545	-0.0708120405749	0.0736034322009	-0.00887424826427	0.0201032385814	-0.00102829682691	-0.0469734311287	-0.0395204494563	-0.00731519934284	0.0239373745374	0.00826544965171	0.0695836434111	-0.0274616079889	0.0162460063381	-0.016966644174	0.0973120146642	0.0224140036237	-0.0158417171137	-0.0151820719955	-0.0190038286904	-0.108518981856	0.0143860291196	-0.0116975984694	-0.0555722904336	0.0135839510576	-0.0181778614269	0.0119553117306	0.0369668819656	-0.0626323258229	0.0551815955983	-0.0411824107397	0.0172190731299	-0.0267986711106	-0.0250964068549	-0.0350984284517
k__Bacteria;p__Bacteroidetes;c__Bacteroidia;o__Bacteroidales;f__Bacteroidaceae;g__Bacteroides;s__Bacteroides_cellulosilyticus	-0.0381612960058	0.0128469092026	0.00165986886398	-0.0426946214779	-0.0222038705704	-0.0106272985347	0.00799139144277	-0.0278352134997	-0.0314053315889	0.0580104685117	0.0319261152313	-0.010764184724	1.0	-0.0301181346021	0.00728487297997	-0.00109773672276	-0.0708917840126	-0.00599763208929	-0.0103032197559	0.058058471431	0.0115353314043	0.0961997327432	-0.0480846304302	-0.0595929651185	-0.0105489094754	-0.0913155874253	-0.0236128702709	-0.0791562450245	-0.0160326542852	-0.0485966158093	0.0119552513056	-0.00552239535631	-0.0415047142254	0.051357130831	-0.0515111536743	-0.0134238705026	-0.0303021858323	0.039043181389	-0.0530712127314	-0.0601515483083	-0.0239289693317	-0.0354140662201	-0.0637576379341	0.0250385594759	-0.00435431560799	0.0162751680558	0.00917717431151	0.0588703726055	0.015047458139	0.0825185638579	-0.0142595986452	0.0100350302142	-0.0514530882459	-0.0381266200638	-0.035636595544	0.00987127171154	0.0640381598112	0.0397960555597	0.0562896257331
k__Bacteria;p__Bacteroidetes;c__Bacteroidia;o__Bacteroidales;f__Rikenellaceae;g__Alistipes;s__Alistipes_obesi	-0.015130556232	0.033407391285	-0.0198258643661	-0.0279414433666	0.00819630255391	0.0128408637271	-0.0233540092155	-0.0128684352667	0.032893688627	-0.0375709154254	-0.0249831586212	0.00925805166622	-0.0301181346021	1.0	-0.0593181272472	-0.000354824151261	-0.0863564315539	-0.0735870531068	-0.00674888013198	-0.0296335393713	-0.00544457137047	-0.0173839020301	-0.033193262052	0.0565833643842	-0.0428782476575	0.046500408538	0.00430201842873	-0.00938703126469	-0.0144451195963	0.0039773358699	0.032776263116	0.0166724150365	0.0330603699054	-0.012619579246	0.0396193336316	0.0491867439902	-0.0263912552965	0.0179607456769	-0.129678133352	0.0173496611152	-0.0289244221285	-0.0689271376679	-0.010962427285	-0.0175564259989	-0.0734141618728	0.0092404093187	-0.0120457352369	-0.0427076435259	0.0383735289999	-0.0125751898519	-0.0409125772049	-0.0191885833319	0.0211685640591	-0.00952718891551	0.026552711557	-0.0193089852873	0.00268621737162	0.0471546404184	-0.000514661798657
k__Bacteria;p__Firmicutes;c__Clostridia;o__Clostridiales;f__Lachnospiraceae;g__;s__[Eubacterium]_rectale	-0.0188614937866	-0.0252300926748	0.0510778318242	-0.00511434439734	0.00933904061795	0.0434131647058	0.00646175789204	0.0105750085511	-0.0497560146153	-0.0186449826581	-0.019056647877	-0.0406339307904	0.00728487297997	-0.0593181272472	1.0	0.0349680207305	0.056431878261	0.0334509886908	-0.0543418322909	-0.0766822222622	-0.0279921791797	-0.0329843061567	-0.000501958094921	0.00244941534992	0.0252184724174	-0.00899192128441	0.023143736297	-0.0368505352928	-0.100574826312	-0.0551089046326	0.0191047196277	0.0877990658607	-0.0290665273061	0.0377048026679	-0.0146496314506	-0.05963104407	-0.00502004708624	0.0849038632755	-0.0570235568779	0.0101510125156	0.0205873744619	0.0195641359052	-0.0531519154458	-0.0361737611119	-0.0440607591154	0.0120572155975	-0.080034531355	0.0505972380228	0.02208654807	0.0459595093822	-0.12701709465	-0.0233477427027	-0.0651708530706	0.0156699283619	-0.018052361342	-0.0243605838711	0.0483388214326	-0.0474227566036	-0.0552563834688
k__Bacteria;p__Bacteroidetes;c__Bacteroidia;o__Bacteroidales;f__Bacteroidaceae;g__Bacteroides;s__Bacteroides_plebeius	-0.00721909210344	0.00515735511815	0.0113694967907	0.0392311776657	-0.0241859343204	0.00207089079304	0.0227594244438	0.0125149662927	-0.0149119004974	-0.0526231736974	-0.0634311717885	0.0087815566235	-0.00109773672276	-0.000354824151261	0.0349680207305	1.0	-0.0656902778206	-0.0237027876887	0.0101072002035	0.00477383451892	-0.0092579687658	-0.00822128405308	-0.00163963185091	-0.0410073942241	0.0183788474477	0.0573943952742	-0.0110523725301	-0.0619765267558	-0.0192347369399	0.074126379727	0.0359892523746	-0.0241573189678	-0.0351350141912	-0.0371293844137	0.00279491461835	-0.0892176078334	-0.0023397914616	0.0157765085448	0.0285375869818	0.0390485561633	-0.0397501236261	0.00526693818978	-0.00391442111236	-0.0374682546157	0.0455939442506	-0.0534089106945	-0.136568584641	0.0508131325884	-0.00198937735584	0.00833322516015	-0.0676112135236	0.00853408864824	-0.0200818983597	-0.017253427072	0.0930019313067	-0.102671094763	-0.0435022808001	0.0305559197925	0.00390053795017
k__Bacteria;p__Bacteroidetes;c__Bacteroidia;o__Bacteroidales;f__Bacteroidaceae;g__Bacteroides;s__Bacteroides_fragilis	0.0027223543011	0.00130335963724	0.0102606900087	-0.00903644506635	0.00204865368636	0.0119606464993	0.09272564649	-0.0981056532678	0.0303760637691	-0.015475901918	0.0545569042265	0.0640887648569	-0.0708917840126	-0.0863564315539	0.056431878261	-0.0656902778206	1.0	0.0428694516712	-0.0677798774996	0.00135414638423	-0.00577488095885	-0.0428001066961	-0.0409028651328	0.0191963367119	0.0134660350341	-0.013667485786	0.0574057496647	0.018741097691	0.0905315458125	-0.0874747822922	-0.0303550381144	0.0133618569725	-0.0178397019947	0.0473257281233	0.00303344924728	-0.0488007380915	0.0404796698488	-0.0337687379096	0.00298472887879	0.0746461011005	0.00624279669541	-0.0207750123988	0.00392297794989	-0.00813294200641	-0.053717289844	-0.00474532176049	-0.000624002730019	-0.053329839249	-0.00757635425318	0.00910463797774	-0.0585665220057	0.013916356628	-0.010554675514	0.00520018523521	-0.0266946985006	0.0570901096111	-0.0130512746558	0.0408568677648	-0.0623710719648
k__Bacteria;p__Proteobacteria;c__Betaproteobacteria;o__Burkholderiales;f__Sutterellaceae;g__Sutterella;s__Sutterella_wadsworthensis	0.0243315761226	-0.0210661395115	-0.0744210601873	-0.0105892334958	-0.0135507786645	-0.0442595547948	-0.0797786128703	-0.0622679418979	0.0434852013359	-0.0396817102151	-0.0129687018542	0.005739334228	-0.00599763208929	-0.0735870531068	0.0334509886908	-0.0237027876887	0.0428694516712	1.0	-0.010898510052	0.00333468829616	-0.0677887983673	-0.0696775932981	-0.00602777230061	-0.0748177764475	0.00396307764689	-0.0102777864965	-0.0410670946502	0.0273360756334	0.00446255165588	-0.0654467239021	0.0199563896896	-0.0477210624563	0.0535723064019	-0.0226795043384	-0.0106043306266	0.0114761202666	0.0227083941396	-0.0148854316454	-0.00479742277284	0.0186534042761	0.0498584842186	0.0502901257007	-0.0144140185548	0.0319605391428	-0.0296129317867	-0.0159121937989	-0.0416165656739	0.0129342372145	-0.0667968791067	0.0344359420516	0.0322994705851	-0.0221362213164	-0.0434466403709	0.00713232391431	-0.0286339861118	0.0341689127619	-0.122839294851	-0.0325951128544	-0.0223188618968
k__Bacteria;p__Bacteroidetes;c__Bacteroidia;o__Bacteroidales;f__Porphyromonadaceae;g__Barnesiella;s__Barnesiella_intestinihominis	-0.0220596873284	0.0226418973791	0.00609206162392	0.027177043907	-0.062578783317	0.0557445633254	-0.00924037899153	-0.00986989903657	-0.0278187858924	-0.0558864832152	0.000510083314401	0.0121395003382	-0.0103032197559	-0.00674888013198	-0.0543418322909	0.0101072002035	-0.0677798774996	-0.010898510052	1.0	-0.0262703737813	-0.0244173487271	-0.00623262125837	0.0211088180162	0.0112159117826	0.0105754947002	0.0417920460204	0.0891905671655	0.00916423816988	0.0125994047412	-0.0255937954807	-0.0156674994597	0.00501754467999	-0.0384960070291	-0.0629018252342	0.0659779281029	-0.0526268925702	-0.00633904849047	-0.00284102644983	0.0130812659212	-0.0160695005151	-0.0556392677662	-0.0334177630322	0.0204122780488	-0.0147480280997	-0.0286125015599	0.0601103243927	0.000490300181759	0.0108510046882	-0.0297225788576	-0.0673211470156	-0.0201889076279	-0.0286457786698	0.00275739881634	0.0185450886401	-0.0566097907331	-0.0313583847204	0.0177805669451	-0.137303018169	-0.00705697153715
k__Bacteria;p__Bacteroidetes;c__Bacteroidia;o__Bacteroidales;f__Odoribacteraceae;g__Odoribacter;s__Odoribacter_splanchnicus	-0.00866933454516	0.0317106367371	0.0687119225754	-0.0277385231834	0.0171636381238	0.00663412115078	0.00311970178746	0.054212471347	0.00628216716265	-0.0536579340241	-0.0361092678725	-0.0323750333414	0.058058471431	-0.0296335393713	-0.0766822222622	0.00477383451892	0.00135414638423	0.00333468829616	-0.0262703737813	1.0	0.0291374994418	0.0031050899993	-0.0320209611673	-0.0794806143211	-0.02039569016	-0.0305021465954	0.0200737161763	-0.00192641249601	-0.0442221007892	0.0162674933218	0.0358686627541	-0.0086669275463	-0.0114538395243	-0.0757901967343	0.0449377401056	0.0379015044294	0.00673510965917	-0.0197969640563	0.0184855984652	0.00988603608949	-0.011814631519	-0.0124980087844	-0.0334778611365	0.0155086452265	0.00373590814728	0.00576044026259	0.0156632882457	-0.0295705314033	0.0121802254162	-0.0100449260798	-0.0844726627121	0.0358692998022	0.0594812030655	0.00113738430486	-0.0262475017649	0.000955500172921	0.00815466730271	-0.0331862579706	-0.012958634518
k__Bacteria;p__Bacteroidetes;c__Bacteroidia;o__Bacteroidales;f__Bacteroidaceae;g__Bacteroides;s__Bacteroides_salyersiae	-0.00158421400762	0.0563333592909	-0.00807370898353	-0.024330301109	-0.005340519322	-0.0214852788538	-0.0036313447757	0.00883633768548	-0.0109463736958	0.069428926102	-0.00629706173889	-0.0620545894368	0.0115353314043	-0.00544457137047	-0.0279921791797	-0.0092579687658	-0.00577488095885	-0.0677887983673	-0.0244173487271	0.0291374994418	1.0	-0.0125440928931	-0.0467017087361	0.0384775103496	-0.0736897224984	0.106272299068	-0.0545534925014	0.0211481301533	-0.0211686431536	0.0190513430862	-0.024060607281	0.0512786010712	-0.00694118761958	0.0137241088986	0.00587621773285	-0.0458763326629	0.0326830403195	0.0508386294038	-0.0050171577928	-0.0332830277192	0.0394313028918	-0.0821032012568	0.00852406452879	0.0276224627999	-0.0111387053293	-0.0892790962275	0.0157385445351	-0.0173894766066	-0.0118392740146	0.0444753268251	-0.0332388539514	-0.0467927592897	0.0197350208577	0.0610061717377	-0.0645077634936	-0.0507859196487	-0.0340360198557	-0.00654827985142	0.012043186935
k__Bacteria;p__Firmicutes;c__Clostridia;o__Clostridiales;f__Ruminococcaceae;g__Ruminiclostridium;s__[Eubacterium]_siraeum	-0.0214521079328	-0.00451265150115	0.112345516662	-0.0024192585475	-0.0283428416419	0.0128272025727	0.0084304834011	-0.00528378705338	-0.0418906369544	0.030208253337	0.0288707353082	-0.0411411193304	0.0961997327432	-0.0173839020301	-0.0329843061567	-0.00822128405308	-0.0428001066961	-0.0696775932981	-0.00623262125837	0.0031050899993	-0.0125440928931	1.0	-0.0586858810629	-0.0269681715217	0.078721700901	-0.0692294202749	0.0198103897747	0.0305152563221	-0.00775176621875	-0.0672400740589	-0.0873456255923	-0.0721613725072	0.000539088936616	0.0660507776903	-0.0591180542052	-0.00235996598624	-0.0121036963495	-0.0124283577226	0.00462447106732	-0.00635359864674	-0.0702050823188	-0.0366132840148	-0.0422095690836	-0.0477992739151	-0.0609421725081	0.0766258554806	-0.00386509203969	-0.0251485831707	-0.0167620656715	0.0162122430981	0.0125461616802	-0.0255482823351	-0.0264839111034	-0.0595953661769	0.046711671483	0.00207366428858	-0.056081976808	-0.0712222158902	-0.00639088756243
k__Bacteria;p__Proteobacteria;c__Betaproteobacteria;o__Burkholderiales;f__Sutterellaceae;g__Parasutterella;s__Parasutterella_excrementihominis	0.0731845905994	-0.0338043095419	-0.0536764788572	-0.0215020645567	-0.0241418130911	0.0486300252754	-0.0175050486286	0.0454718933905	0.0281338792715	-0.0162352529516	0.0271369673077	0.0255910603309	-0.0480846304302	-0.033193262052	-0.000501958094921	-0.00163963185091	-0.0409028651328	-0.00602777230061	0.0211088180162	-0.0320209611673	-0.0467017087361	-0.0586858810629	1.0	-0.0594132805806	-0.0085871262205	-0.0576518574933	-0.0440309459246	-0.020449299966	-0.0126028258504	0.0167975081026	-0.0355054051127	-0.00748842083714	0.000336116731263	-0.0449381180511	-0.0248101522552	-0.0464767988627	0.014351559395	0.0523342686318	-0.0197612016402	0.0554630936491	0.0262729905539	-0.0732033489482	0.0247570450998	-0.0311189588237	-0.00618589564245	-0.0140754661007	-0.0373065798053	-0.0512781347162	0.00869565355954	0.0187425143748	0.00453371681506	-0.0193201945768	0.0408499927213	-0.00926629677773	-0.0090037935321	0.0224870657234	-0.0366228579253	-0.0657251659563	-0.0566930811569
k__Bacteria;p__Actinobacteria;c__Actinobacteria;o__Bifidobacteriales;f__Bifidobacteriaceae;g__Bifidobacterium;s__Bifidobacterium_adolescentis	0.0132698565103	0.0878584255782	0.00838057364586	-0.0348295048228	0.0239497044509	-0.0706197315031	0.013335592473	-0.0615379028933	-0.058576137426	-0.0131528187956	-0.0525876961168	0.0198848600211	-0.0595929651185	0.0565833643842	0.00244941534992	-0.0410073942241	0.0191963367119	-0.0748177764475	0.0112159117826	-0.0794806143211	0.0384775103496	-0.0269681715217	-0.0594132805806	1.0	-0.027020886915	0.0280847877316	-0.033328450252	-0.0326195911261	0.0393124976484	-0.0277007951355	-0.0376755602747	0.00481676237278	-0.0256363379295	0.0151771041826	0.0258870559924	-0.0678432632014	-0.0360225803784	0.0115761905503	-0.00334958869378	-0.0259521664924	0.0535335661888	0.0273158431089	-0.0625584975537	-0.0393392236385	0.00870414996886	-0.0217129473181	0.0139439693956	0.111414061567	-0.0302903566287	-0.0412571966072	0.090024486937	-0.0148649611934	-0.107795723091	-0.117931660194	0.019422218202	-0.0399824315655	-0.0820254735573	0.00605634874571	0.0534005014549
k__Bacteria;p__Firmicutes;c__Clostridia;o__Clostridiales;f__Oscillospiraceae;g__Oscillibacter;s__Oscillibacter_sp._KLE_1745	0.0248936120535	-0.0333796651314	0.000616973600097	0.046124585854	-0.0334826298669	-0.0332015256877	0.0199093672298	-0.00762121534746	-0.0105613516323	-0.0671364892998	-0.0289503764796	-0.0431849114545	-0.0105489094754	-0.0428782476575	0.0252184724174	0.0183788474477	0.0134660350341	0.00396307764689	0.0105754947002	-0.02039569016	-0.0736897224984	0.078721700901	-0.0085871262205	-0.027020886915	1.0	-0.0237648465159	-0.0776046846189	-0.0635253566508	0.00106786199504	-0.0353085365583	-0.0274549324238	-0.0556357607019	0.0371107685555	-0.0154152377327	-0.0324102119787	0.0134631107828	0.0240500039576	-0.0203744938986	0.0405409796953	-0.0588933696217	-0.0786721227756	-0.00169331260447	0.00375468691841	-0.0108240921391	-0.0540100804594	-0.0358943883008	0.0113818240662	-0.0324464194832	0.008533778059	0.0543313286008	-0.0350183862938	-0.0704517824773	-0.0245977079413	-0.0650413975044	-0.00313775367575	-0.0189159472883	0.00456226995393	-0.00155536827068	-0.043971785944
k__Bacteria;p__Bacteroidetes;c__Bacteroidia;o__Bacteroidales;f__Bacteroidaceae;g__Bacteroides;s__Bacteroides_coprophilus	0.0677167170388	0.0448918004707	-0.0406086207264	-0.0274402070917	0.0503612870104	-0.0265134737241	-0.0204089276128	-0.0304438615328	0.0183249463983	0.0268813367326	-0.0442057310932	-0.0708120405749	-0.0913155874253	0.046500408538	-0.00899192128441	0.0573943952742	-0.013667485786	-0.0102777864965	0.0417920460204	-0.0305021465954	0.106272299068	-0.0692294202749	-0.0576518574933	0.0280847877316	-0.0237648465159	1.0	0.00551434822843	0.0291826111127	-0.0303255060739	0.0232867417464	-0.0107719237649	-0.087463857961	-0.0668201074714	-0.07958925831	-0.0198447972314	0.0504794611842	0.0434392645449	-0.0415955118872	-0.0142273672197	0.0331474634116	0.0276388398512	-0.023283567958	-0.0216118506844	-0.0515957211873	0.0211642970196	-0.0338972587207	-0.0319601087199	-0.0435444214075	-0.0582014318857	-0.044980826772	0.0384037176167	-0.0117914331738	0.0149310542058	-0.0396794021479	-0.00521307784486	-0.0259064265889	0.0170083561564	-0.0371075051283	0.00206370978967
k__Bacteria;p__Firmicutes;c__Clostridia;o__Clostridiales;f__Lachnospiraceae;g__Roseburia;s__Roseburia_intestinalis	0.0093355394427	0.0312240299575	0.00220349890495	0.0219479397145	-0.00788478251623	-0.0594931490825	-0.0245560973861	0.0151876005989	-0.0415198317452	-0.0160607340524	0.00284861372093	0.0736034322009	-0.0236128702709	0.00430201842873	0.023143736297	-0.0110523725301	0.0574057496647	-0.0410670946502	0.0891905671655	0.0200737161763	-0.0545534925014	0.0198103897747	-0.0440309459246	-0.033328450252	-0.0776046846189	0.00551434822843	1.0	0.0114917493286	0.0834487667843	0.0605733149338	-0.0453589173123	-0.0579908775663	0.0390895677913	0.000547790157849	-0.00147710173628	0.0282886822444	-0.0445849882808	-0.0183085712152	-0.0849516013495	-0.0392295195949	-0.0800764162079	-0.0777948118104	-0.0635172376448	-0.0730407537606	-0.00109916008309	-0.0142558161534	-0.0121494205916	-0.0294975659121	-0.0285233333619	-0.0539239562319	0.0506094343145	0.0612811749398	-0.0387700497737	-0.0413280092323	-0.00559372500496	0.00911317268799	-0.0276323466457	0.0789448350917	0.0178971559532
k__Bacteria;p__Firmicutes;c__Clostridia;o__Clostridiales;f__Lachnospiraceae;g__Roseburia;s__Roseburia_hominis	-0.0155837117947	-0.0274176233849	-0.0493838665487	0.0335960256069	0.0114125864943	0.0326008930591	-0.0166098817476	0.0165755893089	0.0262439858497	-0.0684441263907	-0.0428911425239	-0.00887424826427	-0.0791562450245	-0.00938703126469	-0.0368505352928	-0.0619765267558	0.018741097691	0.0273360756334	0.00916423816988	-0.00192641249601	0.0211481301533	0.0305152563221	-0.020449299966	-0.0326195911261	-0.0635253566508	0.0291826111127	0.0114917493286	1.0	-0.0161650008396	-0.0417799151426	0.0110382123188	-0.00919711921314	-0.0737973352115	0.0480921635454	-0.0531720073921	-0.00349256533537	0.0521987160884	-0.0183112075224	-0.0118944600812	0.0267824334911	0.0138601588653	-0.044710657606	0.00509117974935	0.0173149624012	0.0116688169106	-0.0845725475709	-0.0498449604689	-0.0115450168955	0.0606892317963	-0.0360452459382	-0.0482715987696	0.0167932566916	-0.0133599987314	0.0270700459804	-0.0663057732667	0.0284367838145	0.0357458084228	-0.0468933127677	-0.0309118560608
k__Bacteria;p__Bacteroidetes;c__Bacteroidia;o__Bacteroidales;f__Porphyromonadaceae;g__Parabacteroides;s__Parabacteroides_johnsonii	-0.00209346634333	-0.0243552777562	0.00671713927052	0.0524510579425	0.0327614582729	-0.0567643318286	-0.00609921910874	-0.0191920503872	0.0217808750595	-0.0521533475939	0.0217032773268	0.0201032385814	-0.0160326542852	-0.0144451195963	-0.100574826312	-0.0192347369399	0.0905315458125	0.00446255165588	0.0125994047412	-0.0442221007892	-0.0211686431536	-0.00775176621875	-0.0126028258504	0.0393124976484	0.00106786199504	-0.0303255060739	0.0834487667843	-0.0161650008396	1.0	-0.0414380128002	-0.0315918215185	0.0503056103457	-0.00675699540646	-0.0485089590602	-0.0848907345727	0.0129331693115	-0.019438344498	-0.0257383496458	-0.0486452045664	-0.0419527768952	-0.0738991164662	-0.00999531245886	-0.0182539968532	-0.0037676813149	0.0363125344111	-0.0636186469863	0.00802961502212	0.0396922647052	-0.00423744646144	-0.0165418078272	0.0736879087022	-0.0707119695907	-0.0273991202359	0.00324094585102	-0.0480268923243	-0.102044768414	0.021745959259	-0.0668871445038	0.0427121445242
k__Bacteria;p__Actinobacteria;c__Actinobacteria;o__Bifidobacteriales;f__Bifidobacteriaceae;g__Bifidobacterium;s__Bifidobacterium_longum	-2.98186282089e-05	-0.000926837567376	0.00653120734729	-0.0116809551988	0.000849998632791	0.00177131656377	-0.0359557660312	0.0131315656343	0.0097095263567	-0.0206898588848	0.0401900445578	-0.00102829682691	-0.0485966158093	0.0039773358699	-0.0551089046326	0.074126379727	-0.0874747822922	-0.0654467239021	-0.0255937954807	0.0162674933218	0.0190513430862	-0.0672400740589	0.0167975081026	-0.0277007951355	-0.0353085365583	0.0232867417464	0.0605733149338	-0.0417799151426	-0.0414380128002	1.0	0.0719718573805	-0.0795992552275	-0.000486760742959	0.020108421423	0.0362547648669	-0.00644710276914	-0.0167700299529	0.0919785137394	0.00750193934076	0.0471077333841	0.0554492948162	0.00464623402639	-0.0680712580221	0.0700236886672	0.0241329700356	-0.0326730173287	-0.0705068832615	-0.0579016607526	-0.0135085302329	-0.0782132295761	0.052002360294	-0.0540489738379	-0.00516852345655	0.000118101397714	-0.0704410864617	0.109500592847	0.0148662922153	-0.060013152957	-0.0313980698789
