#taxonomy	k__Bacteria;p__Bacteroidetes;c__Bacteroidia;o__Bacteroidales;f__Bacteroidaceae;g__Bacteroides;s__Bacteroides_vulgatus	k__Bacteria;p__Bacteroidetes;c__Bacteroidia;o__Bacteroidales;f__Bacteroidaceae;g__Bacteroides;s__Bacteroides_uniformis	k__Bacteria;p__Bacteroidetes;c__Bacteroidia;o__Bacteroidales;f__Rikenellaceae;g__Alistipes;s__Alistipes_putredinis	k__Bacteria;p__Bacteroidetes;c__Bacteroidia;o__Bacteroidales;f__Prevotellaceae;g__Prevotella;s__Prevotella_copri	k__Bacteria;p__Bacteroidetes;c__Bacteroidia;o__Bacteroidales;f__Bacteroidaceae;g__Bacteroides;s__Bacteroides_stercoris	k__Bacteria;p__Bacteroidetes;c__Bacteroidia;o__Bacteroidales;f__Bacteroidaceae;g__Bacteroides;s__Bacteroides_ovatus	k__Bacteria;p__Bacteroidetes;c__Bacteroidia;o__Bacteroidales;f__Rikenellaceae;g__Alistipes;s__Alistipes_shahii	k__Bacteria;p__Firmicutes;c__Clostridia;o__Clostridiales;f__Ruminococcaceae;g__Faecalibacterium;s__Faecalibacterium_prausnitzii	k__Bacteria;p__Bacteroidetes;c__Bacteroidia;o__Bacteroidales;f__Rikenellaceae;g__Alistipes;s__Alistipes_finegoldii	k__Bacteria;p__Bacteroidetes;c__Bacteroidia;o__Bacteroidales;f__Porphyromonadaceae;g__Parabacteroides;s__Parabacteroides_distasonis	k__Bacteria;p__Bacteroidetes;c__Bacteroidia;o__Bacteroidales;f__Bacteroidaceae;g__Bacteroides;s__Bacteroides_thetaiotaomicron	k__Bacteria;p__Bacteroidetes;c__Bacteroidia;o__Bacteroidales;f__Bacteroidaceae;g__Bacteroides;s__Bacteroides_coprocola	k__Bacteria;p__Bacteroidetes;c__Bacteroidia;o__Bacteroidales;f__Bacteroidaceae;g__Bacteroides;s__Bacteroides_cellulosilyticus	k__Bacteria;p__Bacteroidetes;c__Bacteroidia;o__Bacteroidales;f__Rikenellaceae;g__Alistipes;s__Alistipes_obesi	k__Bacteria;p__Firmicutes;c__Clostridia;o__Clostridiales;f__Lachnospiraceae;g__;s__[Eubacterium]_rectale	k__Bacteria;p__Bacteroidetes;c__Bacteroidia;o__Bacteroidales;f__Bacteroidaceae;g__Bacteroides;s__Bacteroides_plebeius	k__Bacteria;p__Bacteroidetes;c__Bacteroidia;o__Bacteroidales;f__Bacteroidaceae;g__Bacteroides;s__Bacteroides_fragilis	k__Bacteria;p__Proteobacteria;c__Betaproteobacteria;o__Burkholderiales;f__Sutterellaceae;g__Sutterella;s__Sutterella_wadsworthensis	k__Bacteria;p__Bacteroidetes;c__Bacteroidia;o__Bacteroidales;f__Porphyromonadaceae;g__Barnesiella;s__Barnesiella_intestinihominis	k__Bacteria;p__Bacteroidetes;c__Bacteroidia;o__Bacteroidales;f__Odoribacteraceae;g__Odoribacter;s__Odoribacter_splanchnicus	k__Bacteria;p__Bacteroidetes;c__Bacteroidia;o__Bacteroidales;f__Bacteroidaceae;g__Bacteroides;s__Bacteroides_salyersiae	k__Bacteria;p__Firmicutes;c__Clostridia;o__Clostridiales;f__Ruminococcaceae;g__Ruminiclostridium;s__[Eubacterium]_siraeum	k__Bacteria;p__Proteobacteria;c__Betaproteobacteria;o__Burkholderiales;f__Sutterellaceae;g__Parasutterella;s__Parasutterella_excrementihominis	k__Bacteria;p__Actinobacteria;c__Actinobacteria;o__Bifidobacteriales;f__Bifidobacteriaceae;g__Bifidobacterium;s__Bifidobacterium_adolescentis	k__Bacteria;p__Firmicutes;c__Clostridia;o__Clostridiales;f__Oscillospiraceae;g__Oscillibacter;s__Oscillibacter_sp._KLE_1745	k__Bacteria;p__Bacteroidetes;c__Bacteroidia;o__Bacteroidales;f__Bacteroidaceae;g__Bacteroides;s__Bacteroides_coprophilus	k__Bacteria;p__Firmicutes;c__Clostridia;o__Clostridiales;f__Lachnospiraceae;g__Roseburia;s__Roseburia_intestinalis	k__Bacteria;p__Firmicutes;c__Clostridia;o__Clostridiales;f__Lachnospiraceae;g__Roseburia;s__Roseburia_hominis	k__Bacteria;p__Bacteroidetes;c__Bacteroidia;o__Bacteroidales;f__Porphyromonadaceae;g__Parabacteroides;s__Parabacteroides_johnsonii	k__Bacteria;p__Actinobacteria;c__Actinobacteria;o__Bifidobacteriales;f__Bifidobacteriaceae;g__Bifidobacterium;s__Bifidobacterium_longum	k__Bacteria;p__Firmicutes;c__Clostridia;o__Clostridiales;f__;g__Flavonifractor;s__Flavonifractor_plautii	k__Bacteria;p__Firmicutes;c__Clostridia;o__Clostridiales;f__Clostridiaceae;g__Clostridium;s__Clostridium_phoceensis	k__Bacteria;p__Verrucomicrobia;c__Verrucomicrobiae;o__Verrucomicrobiales;f__Akkermansiaceae;g__Akkermansia;s__Akkermansia_muciniphila	k__Bacteria;p__Bacteroidetes;c__Bacteroidia;o__Bacteroidales;f__Prevotellaceae;g__Paraprevotella;s__Paraprevotella_xylaniphila	k__Bacteria;p__Firmicutes;c__Clostridia;o__Clostridiales;f__Ruminococcaceae;g__Ruminococcus;s__Ruminococcus_callidus	k__Bacteria;p__Bacteroidetes;c__Bacteroidia;o__Bacteroidales;f__Rikenellaceae;g__Alistipes;s__Alistipes_senegalensis	k__Bacteria;p__Firmicutes;c__Clostridia;o__Clostridiales;f__Lachnospiraceae;g__Blautia;s__Blautia_sp._KLE_1732	k__Bacteria;p__Bacteroidetes;c__Bacteroidia;o__Bacteroidales;f__Bacteroidaceae;g__Bacteroides;s__Bacteroides_oleiciplenus	k__Bacteria;p__Firmicutes;c__Clostridia;o__Clostridiales;f__Ruminococcaceae;g__Ruminococcus;s__Ruminococcus_bicirculans	k__Bacteria;p__Bacteroidetes;c__Bacteroidia;o__Bacteroidales;f__Bacteroidaceae;g__Bacteroides;s__Bacteroides_fluxus	k__Bacteria;p__Bacteroidetes;c__Bacteroidia;o__Bacteroidales;f__Prevotellaceae;g__Prevotella;s__Prevotella_stercorea	k__Bacteria;p__Firmicutes;c__Clostridia;o__Clostridiales;f__Lachnospiraceae;g__Dorea;s__Dorea_longicatena	k__Bacteria;p__Firmicutes;c__Clostridia;o__Clostridiales;f__Eubacteriaceae;g__Eubacterium;s__[Eubacterium]_eligens	k__Bacteria;p__Firmicutes;c__Clostridia;o__Clostridiales;f__Ruminococcaceae;g__;s__Ruminococcaceae_bacterium_D16	k__Bacteria;p__Firmicutes;c__Clostridia;o__Clostridiales;f__Lachnospiraceae;g__Coprococcus;s__Coprococcus_comes	k__Bacteria;p__Proteobacteria;c__Gammaproteobacteria;o__Enterobacterales;f__Enterobacteriaceae;g__Escherichia;s__Escherichia_coli	k__Bacteria;p__Firmicutes;c__Clostridia;o__Clostridiales;f__Ruminococcaceae;g__Anaerotruncus;s__Anaerotruncus_colihominis	k__Bacteria;p__Firmicutes;c__Clostridia;o__Clostridiales;f__Lachnospiraceae;g__Blautia;s__Blautia_obeum	k__Bacteria;p__Bacteroidetes;c__Bacteroidia;o__Bacteroidales;f__Odoribacteraceae;g__Odoribacter;s__Odoribacter_laneus	k__Bacteria;p__Firmicutes;c__Clostridia;o__Clostridiales;f__Ruminococcaceae;g__Ruminiclostridium;s__[Clostridium]_leptum	k__Bacteria;p__Bacteroidetes;c__Bacteroidia;o__Bacteroidales;f__Porphyromonadaceae;g__Parabacteroides;s__Parabacteroides_goldsteinii	k__Bacteria;p__Firmicutes;c__Clostridia;o__Clostridiales;f__Lachnospiraceae;g__Anaerostipes;s__Anaerostipes_hadrus	k__Bacteria;p__Firmicutes;c__Clostridia;o__Clostridiales;f__Ruminococcaceae;g__Ruminococcus;s__Ruminococcus_lactaris	k__Bacteria;p__Firmicutes;c__Clostridia;o__Clostridiales;f__Clostridiaceae;g__Clostridium;s__Clostridium_sp._L2-50	k__Bacteria;p__Firmicutes;c__Clostridia;o__Clostridiales;f__Clostridiaceae;g__Clostridium;s__Clostridium_sp._M62/1	k__Bacteria;p__Firmicutes;c__Clostridia;o__Clostridiales;f__;g__Intestinimonas;s__Intestinimonas_butyriciproducens	k__Bacteria;p__Actinobacteria;c__Actinobacteria;o__Bifidobacteriales;f__Bifidobacteriaceae;g__Bifidobacterium;s__Bifidobacterium_bifidum	k__Bacteria;p__Firmicutes;c__Negativicutes;o__Veillonellales;f__Veillonellaceae;g__Dialister;s__Dialister_invisus	k__Bacteria;p__Bacteroidetes;c__Bacteroidia;o__Bacteroidales;f__Bacteroidaceae;g__Bacteroides;s__Bacteroides_salanitronis
k__Bacteria;p__Bacteroidetes;c__Bacteroidia;o__Bacteroidales;f__Bacteroidaceae;g__Bacteroides;s__Bacteroides_vulgatus	1.0	-0.0317228672474	-0.0362185963957	-0.0236604902684	0.0351046060979	0.0340074502335	-0.0749653576292	0.00285173839968	0.0875544163203	0.00333766901527	0.0173089639746	-0.0196643016273	0.0573195410239	-0.0247828535116	-0.0267548752279	0.0131326996559	0.0125451162074	0.0259715924624	0.0362674983173	-0.0818016464257	-0.0335037167105	-0.0261365093032	0.0045352800499	-0.0105547745621	0.0262402347887	-0.0347639212756	0.0158538774514	0.0205854111983	0.00787953792399	0.0200189210641	0.0369439801158	0.0151677815941	0.0110119180553	-0.0787172708016	-0.0448907846841	-0.0310737604092	-0.0366061857755	-0.000466382915191	0.00864120237366	0.0439369361	0.0256176280219	-0.0377374323488	0.0186172115789	0.0133698321978	-0.0201775423918	0.00481853613556	-0.0810955963401	0.0262593384753	-0.0575959784458	-0.0552001224914	0.0280375258862	-0.0839428340943	-0.0216552155051	-0.00263998371879	0.0101022818696	-0.0121404294041	-0.01984575361	0.0168027837645	-0.00973258679152
k__Bacteria;p__Bacteroidetes;c__Bacteroidia;o__Bacteroidales;f__Bacteroidaceae;g__Bacteroides;s__Bacteroides_uniformis	-0.0317228672474	1.0	0.025196604857	-0.0250434375108	-0.033639803079	0.00173458329904	0.0229543040322	-0.0212633040303	0.0657375689936	0.0511398047541	0.0451549799981	-0.00604779468267	0.0307686817323	-0.0160557693218	0.014724707484	0.00325830504734	0.00279106602598	-0.0365455137291	0.0465651152107	-0.00719394934143	-0.035951519986	-0.0263952421044	0.0506539893272	0.0344971792865	0.000622019625139	-0.0302573462047	-0.0571194834654	0.0107783230309	-0.0550475620342	-0.0335344626882	-0.0564966960145	-0.0315085444098	-0.00649774275019	0.0101524206038	-0.0204535477777	0.00330727773978	0.0234656712371	0.00934054122086	0.0339996588643	-0.0189623417171	-0.0293103416437	-0.0274701898459	-0.0318593194781	-0.0200220481174	0.0194776899293	0.00846547199241	-0.0258938955541	-0.0383956551325	-0.010735882817	-0.0341521786888	-0.022222081597	-0.0265353867542	-0.0296844422954	-0.0529936226093	-0.0179166148542	-0.00319284449679	0.048419267653	-0.0137711979998	-0.0376334211862
k__Bacteria;p__Bacteroidetes;c__Bacteroidia;o__Bacteroidales;f__Rikenellaceae;g__Alistipes;s__Alistipes_putredinis	-0.0362185963957	0.025196604857	1.0	0.013392661557	0.0570950921381	-0.0129521189511	-0.00505146720126	0.0544327096584	-0.0262226697631	0.0494772573127	-0.0475307284614	0.0612979649217	0.0701295861215	-0.0261222268309	0.00479033543922	-0.0525816839747	0.00204206411381	-0.0392618959266	-0.00818303851828	0.0696288221682	-0.00111902605331	-0.00375742789038	0.0358152778003	-0.0227287241046	-0.0294177831396	-0.0808680017945	-0.0197667707335	-0.0145564156688	-0.00671040658495	-0.0671647018804	-0.0578420430436	0.00938171248156	-0.048104379637	-0.034397227972	0.00819411832867	-0.0643038325891	0.00217906888949	-0.0226637329079	-0.0776110358119	0.0170989790869	0.0134059002124	-0.0228067416431	-0.0273998194338	-0.0271365927847	0.0436503922125	-0.0282403932033	-0.0194049157262	0.00609405074451	0.0234132470241	-0.0187909251568	-0.00485265839633	0.00504311810773	-0.0681260530053	0.0235906255295	0.0106243975569	-0.112340184661	0.00472154380885	-0.00290231172795	-0.0440928409121
k__Bacteria;p__Bacteroidetes;c__Bacteroidia;o__Bacteroidales;f__Prevotellaceae;g__Prevotella;s__Prevotella_copri	-0.0236604902684	-0.0250434375108	0.013392661557	1.0	-0.0609576907771	0.0108403964725	-0.0476996449689	-0.0141256222244	0.0289899527523	0.018742661204	0.0679289106596	-0.01645769134	0.0146414209204	-0.0206804867711	0.03694462205	-0.0364555097991	0.00320415361919	-0.0883411358793	-0.0543526110112	0.00832551337703	-0.0655215800615	-0.0181024003098	-0.0509462671976	-0.0273180958978	-0.0154006913791	-0.0400464436633	0.0192844846891	-0.0269734483059	-0.0212990957486	0.047990200833	-0.0059806773496	0.0230365817491	0.0362905330724	-0.0627510480377	-0.0202982720666	0.00937593278131	-0.0535590474724	-0.0454812416111	0.0587530330103	-0.0397137898122	0.0359085672199	0.00414899608414	-0.0371775998862	0.0420934423998	0.0379713232005	0.0168192051473	-0.0083886095111	-0.0030538014097	0.0430811261289	-0.0194710722013	-0.0540648655142	0.0504791459985	-0.0495743564713	-0.0148069167426	0.0220502950208	-0.0490473917099	0.00813727694053	-0.0834900862081	-0.0216103478518
k__Bacteria;p__Bacteroidetes;c__Bacteroidia;o__Bacteroidales;f__Bacteroidaceae;g__Bacteroides;s__Bacteroides_stercoris	0.0351046060979	-0.033639803079	0.0570950921381	-0.0609576907771	1.0	-0.0838393572145	-0.0385274389679	0.0183612454499	-0.0278742068146	-0.0175545860032	0.0540001317915	-0.0301230572386	0.0100527923953	-0.0262566840822	0.011478443455	0.0311633741103	-0.0006436559146	0.110932285947	0.0477246092046	-0.0235559451196	-0.00232793542761	0.0395691782205	-0.0391232422715	-0.0114465740139	-0.0126387669337	-0.0143544804308	-0.000157741662454	0.0245457819242	-0.00183774886357	-0.0500227850726	0.0395527447302	-0.0369551059508	0.0243751852494	0.0401112781244	-0.0180371234802	0.000402955398601	0.0540534233524	-0.0790260025932	-0.0332397497034	-0.0490304070686	0.0214245676808	-0.123737225698	0.0434334681249	-0.0698790997256	-0.0678297669964	-0.07215878339	0.0629554695529	0.0371781917717	0.0114003527919	-0.0523166938619	-0.0257771639846	-0.00500934670177	-0.021312881058	-0.0449883342912	-0.0576921366849	8.06185472837e-05	-0.000524496595602	-0.00320171711413	-0.0106413665968
k__Bacteria;p__Bacteroidetes;c__Bacteroidia;o__Bacteroidales;f__Bacteroidaceae;g__Bacteroides;s__Bacteroides_ovatus	0.0340074502335	0.00173458329904	-0.0129521189511	0.0108403964725	-0.0838393572145	1.0	-0.0328376678734	0.060548538555	0.077777461953	-0.0100833095129	-0.057902058122	-0.0675839476816	-0.00273486539312	-0.0812020159184	-0.0846972229648	-0.0611238675252	-0.0372561479735	-0.0337718758064	0.0258524266278	-0.0643961730026	-0.0415206170128	0.0197785635475	0.00709587497213	-0.0353260483711	-0.0331488695532	-0.0372082772453	0.0405491510655	-0.0659958077842	-0.0268225120022	0.0167295780553	-0.0461147975293	0.0117717586007	-0.0274112837794	-0.037875687981	-0.021510243386	-0.0453105762133	-0.0209817701212	-0.0476890329173	-0.0133373114992	-0.00623554349509	-0.0200936624102	0.0208133584433	0.061316740705	-0.0344329270095	0.0463199821382	-0.0203167545894	-0.023616681689	0.0712826212537	-0.0134265647121	-0.0368268245946	0.0081617170411	0.0133761500755	0.0538552191661	-0.0434616729889	0.0357168226928	0.00628149178879	0.0215903825322	0.032818573379	-0.0244620473044
k__Bacteria;p__Bacteroidetes;c__Bacteroidia;o__Bacteroidales;f__Rikenellaceae;g__Alistipes;s__Alistipes_shahii	-0.0749653576292	0.0229543040322	-0.00505146720126	-0.0476996449689	-0.0385274389679	-0.0328376678734	1.0	0.0303436652129	0.053089890036	0.00843903551743	0.0365426557459	0.0427713264769	0.0382085341616	0.0439669724603	0.0378928478925	0.0113359845045	-0.021511930515	-0.118223582252	-0.0253385073061	-0.00690747031357	0.0701095261509	-0.0374580978411	-0.0251173689108	-0.0300332144114	-0.0353671298614	-0.100248516744	-0.0658043683539	0.0301756970842	-0.0144811827288	0.00651246956547	-0.0112543110192	0.0131825544611	-0.0173577037815	-0.0439358366163	-0.0313372072652	0.0354662209765	0.0644865403215	0.0198358846165	-0.00238681390748	0.012544043501	0.0529101348076	-0.00469588884497	-0.022917657542	0.014411686081	-0.00545899796168	0.0362180747277	0.0159278268155	-0.0978547892017	-0.00978370918555	0.00956583023732	0.0259597850716	-0.0569062300185	-0.0555572724807	-0.113475208689	0.0196748910874	0.0250546599876	-0.00793983130767	0.00248273636955	0.00105734770124
k__Bacteria;p__Firmicutes;c__Clostridia;o__Clostridiales;f__Ruminococcaceae;g__Faecalibacterium;s__Faecalibacterium_prausnitzii	0.00285173839968	-0.0212633040303	0.0544327096584	-0.0141256222244	0.0183612454499	0.060548538555	0.0303436652129	1.0	-0.0775860450125	-0.00617356876983	-0.0160194611016	0.00750737591519	0.0128898887368	0.00815361090839	-0.0505819263546	-0.0184210344766	0.0371120622253	0.0640391381379	-0.0179117365675	0.023721268395	-0.0677028829323	0.0229572824568	0.00568296832486	-0.00294933676242	-0.0798070308262	-0.0305118050115	-0.0360083818893	-0.0520025360846	0.0380865911637	-0.0176040926727	-0.0180740868359	-0.0107629584083	-0.00609204674992	0.0096345400391	-0.0394243921361	-0.0716477001863	0.00584522137343	0.022144574053	0.0731159974761	0.0470257126794	-0.0661064887844	0.0123680491774	-0.0147118830271	-0.00335797789353	0.00697684202695	-0.0516538572887	-0.0719055777848	-0.085940442392	0.0904270915106	-0.0378091322628	-0.0349957528159	0.0321691570892	-0.0714388444437	0.0286780646302	0.0239732040981	-0.017487051034	0.0360347301916	-0.017259645603	0.0301246788379
k__Bacteria;p__Bacteroidetes;c__Bacteroidia;o__Bacteroidales;f__Rikenellaceae;g__Alistipes;s__Alistipes_finegoldii	0.0875544163203	0.0657375689936	-0.0262226697631	0.0289899527523	-0.0278742068146	0.077777461953	0.053089890036	-0.0775860450125	1.0	-0.0346053812326	0.0282836023815	-0.0210777008674	-0.0119825128464	0.0622160691482	0.0249913082269	-0.0174704901868	-0.00541221045154	-0.10507419892	0.0364833890898	-0.0520078790282	0.0215446133572	-0.0172917953749	-0.00410532644307	-0.0510488314981	0.00533413701687	-0.057669164945	0.00717341150084	0.0589269323039	-0.021335225851	-0.068677828333	-0.0351584107708	-0.0586955640603	0.0117549570165	-0.0193881502428	0.0107013540337	-0.0012250866473	-0.0386584108822	0.00963459168211	-0.0118747014643	-0.0471974499176	0.040885446227	-0.00814181463207	-0.0360661567658	-0.070842585785	-0.0269472162544	0.0205323137883	0.013853640213	0.00146401008761	-0.0485718805089	-0.0212061021452	0.0374503364808	0.0143304779288	-0.00479176981388	-0.0320519922052	-0.0287699676137	0.0145657670586	0.0878997226527	0.0435453940777	0.0235387790237
k__Bacteria;p__Bacteroidetes;c__Bacteroidia;o__Bacteroidales;f__Porphyromonadaceae;g__Parabacteroides;s__Parabacteroides_distasonis	0.00333766901527	0.0511398047541	0.0494772573127	0.018742661204	-0.0175545860032	-0.0100833095129	0.00843903551743	-0.00617356876983	-0.0346053812326	1.0	-0.0346238734518	0.0190510293937	-0.0270440222539	0.024122050227	-0.0615639664676	0.0277328251063	-0.0816410221594	-0.0426473354494	-0.0227492033523	-0.0372517640676	-0.062529422606	-0.041571563905	-0.0227207778106	0.0367496438323	0.0244691725504	0.0223892348791	-0.0723151499806	0.0522331071917	0.0149073221266	-0.0248086369321	-0.014365521466	-0.0582393156476	-0.0554670359431	0.0053257497346	0.0465957105784	0.0177786889212	-0.0392667876469	-0.01651338882	-0.0181095846898	0.00740898515071	-0.00162808356104	0.0315457963045	0.0355577273684	-0.0261607050364	0.030867535465	0.0617659417559	0.0700526630546	-0.0452644849966	-0.0106641964666	-0.0606672813972	0.0394110209737	-0.0206560824294	-0.0303374288751	-0.00813846674949	0.0118429215874	-0.0417036547272	-0.0420576782555	-0.0506040898771	-0.052351874003
k__Bacteria;p__Bacteroidetes;c__Bacteroidia;o__Bacteroidales;f__Bacteroidaceae;g__Bacteroides;s__Bacteroides_thetaiotaomicron	0.0173089639746	0.0451549799981	-0.0475307284614	0.0679289106596	0.0540001317915	-0.057902058122	0.0365426557459	-0.0160194611016	0.0282836023815	-0.0346238734518	1.0	0.0387346955461	0.00595230886743	-0.0342635628116	-0.0704764257916	0.0098711081413	-0.0239756931058	-0.0352992834302	0.00999777955824	0.0653061068184	-0.0270120243565	0.0052331124517	-0.0253675749193	-0.0710739990678	0.00717370675683	0.0415385105725	-0.0558493625468	-0.118967561884	-0.0704590852561	0.0190903853883	0.0548718628777	-0.0195758378076	0.0226857448917	-0.00765679800112	-0.0124598476825	0.000377821925253	-0.0470899655483	0.0355313734842	-0.00889755137496	0.0714755503091	-0.0409100301974	-0.0174162668703	-0.0437546398691	-0.0615175571155	0.00959365159225	-0.0141261850823	0.0590030165451	0.0195209865144	-0.00290106581798	0.0071261082115	0.0265805927283	0.0246311438603	-0.0132365883178	0.0122180794354	-0.0807990002639	0.0529392584468	0.0133024569693	-0.0434618458529	-0.0648473080714
k__Bacteria;p__Bacteroidetes;c__Bacteroidia;o__Bacteroidales;f__Bacteroidaceae;g__Bacteroides;s__Bacteroides_coprocola	-0.0196643016273	-0.00604779468267	0.0612979649217	-0.01645769134	-0.0301230572386	-0.0675839476816	0.0427713264769	0.00750737591519	-0.0210777008674	0.0190510293937	0.0387346955461	1.0	-0.0207183025595	0.0381424496401	-0.0395401965768	0.069638336642	0.0543903382829	-0.0172273722544	0.0734765807292	0.0331579053261	-0.00991268492994	-0.0643556624289	-0.044362619931	0.0666255005562	-0.0713957796422	-0.0193484881418	-0.00113690647506	0.00551098540904	-0.0113609403936	0.0508848946525	0.00691664844127	0.0267544289845	0.0392405814699	-0.0238585113976	-0.0256669572316	0.0054701474476	-0.0302589583921	0.0252045547909	-0.0811798131085	0.00261569636612	-0.0417082238806	0.0680545484206	-0.0274977894585	-0.0671755610634	0.01120848421	0.0219259217823	-0.098500754033	0.0336510779265	0.0152424551591	-0.0257475731576	0.0126959437689	-0.0152265108732	-0.0241488394456	-0.0200664227967	-0.0262239580488	-0.0272448318551	-0.00934234956612	-0.0209052524378	-0.0233440863259
k__Bacteria;p__Bacteroidetes;c__Bacteroidia;o__Bacteroidales;f__Bacteroidaceae;g__Bacteroides;s__Bacteroides_cellulosilyticus	0.0573195410239	0.0307686817323	0.0701295861215	0.0146414209204	0.0100527923953	-0.00273486539312	0.0382085341616	0.0128898887368	-0.0119825128464	-0.0270440222539	0.00595230886743	-0.0207183025595	1.0	0.0104009591852	0.0377779238791	-0.0428417856781	0.0431306728079	-0.0753636107109	-0.0527413707882	0.0291233964378	-0.0767084986423	-0.0801689441013	0.0177785988791	-0.0204926833337	-0.0897662912591	-0.0391875752255	-0.0239142649531	0.0465255390215	-0.0512061270458	0.0262896094124	0.0493731793051	-0.0587366954635	0.00771645956981	-0.0280761266818	-0.0124295276923	-0.0335758370199	-0.0537182274851	0.0385479852431	0.0172914689773	-0.0269860031167	-0.0180599730847	-0.0278980503912	-0.0233798365147	0.0336310933098	-0.00424409169693	-0.00905938547697	-0.00724329704044	-0.0460153583775	-0.00892149207921	-0.00236356512888	-0.0656402817083	-0.0544526367852	-0.00108680286505	-0.037192706195	-0.0180707466154	0.0044339711536	-0.0132492775063	-0.0100959716952	0.0683927432346
k__Bacteria;p__Bacteroidetes;c__Bacteroidia;o__Bacteroidales;f__Rikenellaceae;g__Alistipes;s__Alistipes_obesi	-0.0247828535116	-0.0160557693218	-0.0261222268309	-0.0206804867711	-0.0262566840822	-0.0812020159184	0.0439669724603	0.00815361090839	0.0622160691482	0.024122050227	-0.0342635628116	0.0381424496401	0.0104009591852	1.0	-0.0500867492129	-0.0607523346074	-0.0176949649372	-0.0603483299163	0.0269544933992	0.071701808188	-0.0189276432324	0.0362962481199	-0.0109365135933	-0.0210366804648	0.0531226459749	0.0579541932544	0.00535759222596	-0.0372493382583	0.0881791343577	-0.0189804496422	0.0301197277913	-0.0147794034089	-0.01837121304	-0.0297744068835	-0.00557683362586	-0.0796660652611	-0.0397785937609	-0.0377618019319	-0.014955757674	0.098786338877	0.0457816860727	0.0170776664198	-0.0630194635271	-0.0424672134081	0.000323997083232	-0.0543644850731	-0.0733984477696	0.012450959484	-0.0745344163247	-0.0488640263037	0.010528965486	-0.0363565805517	-0.0388662266365	-0.0964928716731	-0.0194839883379	-0.0449909986141	-0.0311568380908	0.0550519673576	0.0458052118543
k__Bacteria;p__Firmicutes;c__Clostridia;o__Clostridiales;f__Lachnospiraceae;g__;s__[Eubacterium]_rectale	-0.0267548752279	0.014724707484	0.00479033543922	0.03694462205	0.011478443455	-0.0846972229648	0.0378928478925	-0.0505819263546	0.0249913082269	-0.0615639664676	-0.0704764257916	-0.0395401965768	0.0377779238791	-0.0500867492129	1.0	0.0239810513813	0.0233174863815	-0.0680331719465	0.00320758554857	0.0601635806082	0.0750464013669	-0.0095050589933	-0.0382875932351	-0.00308694803389	0.0434875906793	-0.0657560936534	-0.0607299619541	0.0647117784606	0.0297377629437	-0.0513500174206	-0.0254395092332	-0.0372210533218	-0.0804911481547	-0.0165041440231	-0.0502715481243	0.0088893613501	0.0452034040519	-0.0888079236574	-0.0150278181004	-0.0188156886618	-0.0337689434158	0.0283196710534	-0.0383641627133	-0.0898772991905	-0.0503190514201	0.0261412393094	-0.0247154615812	-0.0225228251653	0.00177992890402	-0.0169682448945	-0.00192681347466	-0.0343962372568	0.101563745643	0.0246016577034	-0.0370957086333	-0.0313651028892	0.0197738111341	-0.0702571748117	-0.0623652355908
k__Bacteria;p__Bacteroidetes;c__Bacteroidia;o__Bacteroidales;f__Bacteroidaceae;g__Bacteroides;s__Bacteroides_plebeius	0.0131326996559	0.00325830504734	-0.0525816839747	-0.0364555097991	0.0311633741103	-0.0611238675252	0.0113359845045	-0.0184210344766	-0.0174704901868	0.0277328251063	0.0098711081413	0.069638336642	-0.0428417856781	-0.0607523346074	0.0239810513813	1.0	-0.0705851005067	-0.0171176944514	0.0647228355923	-0.0148180846883	-0.0199363634593	-0.0201536425374	-0.0657577347286	-0.0737297357092	0.011136263089	0.00557769813899	0.00930340767393	-0.0105532783854	-0.0209033419108	0.0420159472435	0.0377780564359	0.0234602692012	-0.102876169249	-0.0114683664029	-0.0102706016525	-0.057652004471	-0.00350316290291	0.000834496110931	0.048863075957	0.04493854905	-0.0563621590139	0.0058470176469	-0.0117480521453	0.0349441081264	0.0216524705499	0.0326754493728	-0.0579902960697	-0.0176093511282	-0.0878344962182	-0.062805390086	-0.0349695244115	0.000589982214257	-0.0273444133207	-0.0545613847874	0.0201265855737	0.0248390588655	-0.0536743248514	-0.0263613092752	0.0208152318801
k__Bacteria;p__Bacteroidetes;c__Bacteroidia;o__Bacteroidales;f__Bacteroidaceae;g__Bacteroides;s__Bacteroides_fragilis	0.0125451162074	0.00279106602598	0.00204206411381	0.00320415361919	-0.0006436559146	-0.0372561479735	-0.021511930515	0.0371120622253	-0.00541221045154	-0.0816410221594	-0.0239756931058	0.0543903382829	0.0431306728079	-0.0176949649372	0.0233174863815	-0.0705851005067	1.0	-0.0204331045397	0.016491778717	0.00120470228219	0.0199405876119	0.0446424025262	-0.0442367109345	-0.0332316800643	0.014123642069	-0.0835379283449	-0.0525041124017	-0.066656514857	-0.00405269772848	0.00170953289893	-0.0650098106096	-0.0237124941084	-0.00334040774149	0.0027464169027	-0.0305371480609	0.0824652171725	0.0556507736003	0.0216576755007	0.058984268399	-0.035692723581	0.0476295480181	0.0431819223886	-0.0825437046253	-0.00549813782716	0.00803138071746	-0.0732934437232	-0.0899504437513	-0.00328324952868	-0.000335715986117	0.00605836029261	0.0253763559774	0.0407576610976	0.0196635346164	0.0111929271392	0.0150916214201	0.0146683639818	-0.0409685624129	-0.0456334898465	-0.0357783194085
k__Bacteria;p__Proteobacteria;c__Betaproteobacteria;o__Burkholderiales;f__Sutterellaceae;g__Sutterella;s__Sutterella_wadsworthensis	0.0259715924624	-0.0365455137291	-0.0392618959266	-0.0883411358793	0.110932285947	-0.0337718758064	-0.118223582252	0.0640391381379	-0.10507419892	-0.0426473354494	-0.0352992834302	-0.0172273722544	-0.0753636107109	-0.0603483299163	-0.0680331719465	-0.0171176944514	-0.0204331045397	1.0	0.0207684777403	0.0636713801219	0.0563592701609	-0.0110608163603	0.0245526954484	-0.0468392593105	-0.0468676916483	-0.0276293649399	0.0105371549968	-0.0216168839464	-0.0263193970681	0.0247140714802	0.0288821017579	0.0416288934106	-0.052086349738	-0.00389094646294	0.01409102289	-0.0489451475423	-0.00249343940731	-0.0204650646618	0.0700621089193	0.0144470225835	-0.0336588543364	-0.0571417805374	-0.088470943501	-0.143529431341	-0.0786687253286	-0.076660773318	0.0119506280583	-0.0266204670788	0.0149516596122	0.0134301192172	-0.000985351174146	-0.0704397652778	-0.00238228384578	0.00642237291345	-0.000313699386987	0.00034121274717	0.0507568115853	0.0540621583927	-0.0430606088426
k__Bacteria;p__Bacteroidetes;c__Bacteroidia;o__Bacteroidales;f__Porphyromonadaceae;g__Barnesiella;s__Barnesiella_intestinihominis	0.0362674983173	0.0465651152107	-0.00818303851828	-0.0543526110112	0.0477246092046	0.0258524266278	-0.0253385073061	-0.0179117365675	0.0364833890898	-0.0227492033523	0.00999777955824	0.0734765807292	-0.0527413707882	0.0269544933992	0.00320758554857	0.0647228355923	0.016491778717	0.0207684777403	1.0	-0.0334341173108	0.0103916433402	0.00285626362518	-0.0738112947811	0.0358132785376	0.00925977714861	-0.0162805867366	-0.00237844123147	-0.0247753777408	0.0151382565819	-0.0165361885929	-0.00390163914097	0.0692510117802	0.0346548028989	-0.0534460273548	-0.00532254468035	0.00446961346802	0.0564232410263	0.0256927341306	0.0326056810038	-0.0226224903941	-0.0254042497849	-0.0356895760163	-0.0264716926598	-0.0726503866318	-0.0741854997942	0.0380169380172	-0.0179853491842	0.0112475676879	-0.0350110755066	-0.0710908607803	-0.0798443256918	-0.0057369671951	-0.0242814428655	-0.00813807532732	-0.0370245504713	-0.006250364241	0.0417228678515	-0.00247214034464	-0.0631784285782
k__Bacteria;p__Bacteroidetes;c__Bacteroidia;o__Bacteroidales;f__Odoribacteraceae;g__Odoribacter;s__Odoribacter_splanchnicus	-0.0818016464257	-0.00719394934143	0.0696288221682	0.00832551337703	-0.0235559451196	-0.0643961730026	-0.00690747031357	0.023721268395	-0.0520078790282	-0.0372517640676	0.0653061068184	0.0331579053261	0.0291233964378	0.071701808188	0.0601635806082	-0.0148180846883	0.00120470228219	0.0636713801219	-0.0334341173108	1.0	0.0544813610573	0.113138372332	0.0857538310973	-0.018598149855	-0.0628923252784	-0.0093345726999	-0.00616152404746	-0.0505717209042	0.0130906559469	0.0331502930808	-0.0475381079595	-0.0352161713476	-0.0576659258674	-0.0471960637645	0.0654297580762	-0.0305287435317	0.0901267860257	-0.00142233289732	-0.0325315462174	-0.0343876283458	-0.0293994435041	-0.00188545486418	0.0187624319478	-0.0590160779109	-0.0635223316302	-0.0349099646465	0.0123552333348	0.00201427946354	-0.0127982908423	-0.0458078720594	0.0690405737891	0.0149629936928	0.024637175076	0.0228583496908	-0.103487588167	-0.0847648250882	0.0390938224352	-0.0173449057971	-0.0543271942456
k__Bacteria;p__Bacteroidetes;c__Bacteroidia;o__Bacteroidales;f__Bacteroidaceae;g__Bacteroides;s__Bacteroides_salyersiae	-0.0335037167105	-0.035951519986	-0.00111902605331	-0.0655215800615	-0.00232793542761	-0.0415206170128	0.0701095261509	-0.0677028829323	0.0215446133572	-0.062529422606	-0.0270120243565	-0.00991268492994	-0.0767084986423	-0.0189276432324	0.0750464013669	-0.0199363634593	0.0199405876119	0.0563592701609	0.0103916433402	0.0544813610573	1.0	-0.0296323178498	-0.0416142714893	-0.0241295823967	-0.0791826006962	-0.0252150957515	-0.00194514559513	0.0123698319147	0.00657417276223	-0.00462804785194	-0.0292171581342	-0.0293409129541	-0.0365005312382	-0.00919526481513	0.0369655402893	-0.0398881358948	0.0157447991587	-0.00456943895449	0.00225001664274	-0.018262644784	0.042874844061	-0.0376276277086	0.011691087494	-0.0170728639157	-0.0153375078951	-0.042190035904	0.0246282316521	0.00124754240564	-0.0306360331709	0.00392096263126	0.0183322052334	-0.00278889385306	0.0183696033271	0.059842080662	0.013051535384	-0.00496376728441	-0.0367967001684	-0.0349159181854	-0.00928034515008
k__Bacteria;p__Firmicutes;c__Clostridia;o__Clostridiales;f__Ruminococcaceae;g__Ruminiclostridium;s__[Eubacterium]_siraeum	-0.0261365093032	-0.0263952421044	-0.00375742789038	-0.0181024003098	0.0395691782205	0.0197785635475	-0.0374580978411	0.0229572824568	-0.0172917953749	-0.041571563905	0.0052331124517	-0.0643556624289	-0.0801689441013	0.0362962481199	-0.0095050589933	-0.0201536425374	0.0446424025262	-0.0110608163603	0.00285626362518	0.113138372332	-0.0296323178498	1.0	-0.0247262541586	-0.029297476426	0.0247522016978	0.0313222825945	-0.0606601998078	-0.0929273362042	-0.0360865435914	-0.0108952216774	-0.0449986516833	-0.00352794368366	-0.0167646017245	0.0129705014025	0.0347382406035	0.0157145123618	0.0241618550421	0.00610333950621	-0.0374553547926	0.038444708094	-0.0575458099141	-0.0864410284871	0.043870862293	0.0285107649233	-0.0360912557563	0.00615614478346	0.00432019929124	-0.0348389214888	-0.0333566339647	0.0975847963883	-0.0623080768025	-0.0232979535977	-0.0407226880515	-0.0384025006242	0.00786708427911	0.0157869322352	-0.00172892184062	-0.043715357986	0.0115169223092
k__Bacteria;p__Proteobacteria;c__Betaproteobacteria;o__Burkholderiales;f__Sutterellaceae;g__Parasutterella;s__Parasutterella_excrementihominis	0.0045352800499	0.0506539893272	0.0358152778003	-0.0509462671976	-0.0391232422715	0.00709587497213	-0.0251173689108	0.00568296832486	-0.00410532644307	-0.0227207778106	-0.0253675749193	-0.044362619931	0.0177785988791	-0.0109365135933	-0.0382875932351	-0.0657577347286	-0.0442367109345	0.0245526954484	-0.0738112947811	0.0857538310973	-0.0416142714893	-0.0247262541586	1.0	0.0130698128355	0.0398383629546	-0.0256994050105	-0.0115071393843	0.0179727603252	-0.000591032450091	-0.0244588359161	-0.000700860104563	-0.0140151204279	-0.0248591263156	-0.0152966903719	0.0145839147451	-0.0480807981424	0.037716967711	-0.0404851210515	-0.0078073071848	-0.0574902331375	-0.0343286101043	-0.0421298737119	-0.00538009185994	0.0101335778396	-0.0205885192056	-0.0135150218313	-0.0172129955633	0.054362966966	0.0345844276358	0.00666800082689	-0.0848903357272	-0.0274789934834	-0.0235148438757	-0.0261540568975	-0.0206477362089	0.0045533291147	0.0302568087865	-0.0260916745511	-0.0114963828028
k__Bacteria;p__Actinobacteria;c__Actinobacteria;o__Bifidobacteriales;f__Bifidobacteriaceae;g__Bifidobacterium;s__Bifidobacterium_adolescentis	-0.0105547745621	0.0344971792865	-0.0227287241046	-0.0273180958978	-0.0114465740139	-0.0353260483711	-0.0300332144114	-0.00294933676242	-0.0510488314981	0.0367496438323	-0.0710739990678	0.0666255005562	-0.0204926833337	-0.0210366804648	-0.00308694803389	-0.0737297357092	-0.0332316800643	-0.0468392593105	0.0358132785376	-0.018598149855	-0.0241295823967	-0.029297476426	0.0130698128355	1.0	0.00951875138146	0.0191234200325	-0.0163428650349	-0.0251401810628	-0.0113050228153	0.0169939904693	0.00626774517466	0.00643632214558	-0.0443388590623	-0.0203890816869	0.0687750202747	-0.0573684561608	-0.00611850951666	-0.00907057883842	-0.0483738104882	0.0559878930246	-0.0150796695266	0.0501064482339	0.0241513212904	-0.0573598933663	-0.0280033339	-0.025528583754	-0.010659753195	-0.0957625549398	0.00830176317298	-0.0185376028279	-0.0448832163036	0.00408690999397	0.007187567725	0.0248150459158	-0.02769919363	0.0206658584578	-0.0279336866838	-0.0229820394652	-0.013705040746
k__Bacteria;p__Firmicutes;c__Clostridia;o__Clostridiales;f__Oscillospiraceae;g__Oscillibacter;s__Oscillibacter_sp._KLE_1745	0.0262402347887	0.000622019625139	-0.0294177831396	-0.0154006913791	-0.0126387669337	-0.0331488695532	-0.0353671298614	-0.0798070308262	0.00533413701687	0.0244691725504	0.00717370675683	-0.0713957796422	-0.0897662912591	0.0531226459749	0.0434875906793	0.011136263089	0.014123642069	-0.0468676916483	0.00925977714861	-0.0628923252784	-0.0791826006962	0.0247522016978	0.0398383629546	0.00951875138146	1.0	0.00674363337667	-0.00610284683368	0.00275695509775	-0.0857318181197	0.0457188029228	0.0318794277323	0.0103644368321	-0.0296154563425	0.052872794054	0.00323030904554	0.0483116744999	-0.00600280385163	-0.0323970989819	0.0383279249989	0.0230312543711	0.0876481947278	0.0278839708704	-0.0270836979863	-0.0516210004841	-0.00559785469868	-0.032750201036	-0.080072487522	-0.0407039238547	0.0224026210218	-0.0537783629915	-0.0831930233247	0.0458888536043	-0.0636208266958	0.0459220432896	0.0137344995287	-0.0846074965345	-0.0223490636635	-0.00155554668288	-0.113497221323
k__Bacteria;p__Bacteroidetes;c__Bacteroidia;o__Bacteroidales;f__Bacteroidaceae;g__Bacteroides;s__Bacteroides_coprophilus	-0.0347639212756	-0.0302573462047	-0.0808680017945	-0.0400464436633	-0.0143544804308	-0.0372082772453	-0.100248516744	-0.0305118050115	-0.057669164945	0.0223892348791	0.0415385105725	-0.0193484881418	-0.0391875752255	0.0579541932544	-0.0657560936534	0.00557769813899	-0.0835379283449	-0.0276293649399	-0.0162805867366	-0.0093345726999	-0.0252150957515	0.0313222825945	-0.0256994050105	0.0191234200325	0.00674363337667	1.0	0.035808786865	-0.0015166561587	0.00845316854851	0.0168372654074	0.00588097401434	-0.0303955912832	-0.0781740013011	-0.023505850898	0.019155205011	-0.0142938434882	-0.0508579458727	0.0225835436545	-0.0166130923592	-0.0100842038319	-0.0144051188431	0.027576812025	0.048511168476	0.043918715886	-0.05227569873	0.0326721857686	-0.0256499059386	-0.0320869840715	-0.0239154194811	0.0502261534545	-0.0358599739817	0.0395391076359	-0.0748226533543	-0.0681022914043	0.00628937059315	-0.0630961422158	0.0109335560943	-0.0198679509493	-0.0840009563925
k__Bacteria;p__Firmicutes;c__Clostridia;o__Clostridiales;f__Lachnospiraceae;g__Roseburia;s__Roseburia_intestinalis	0.0158538774514	-0.0571194834654	-0.0197667707335	0.0192844846891	-0.000157741662454	0.0405491510655	-0.0658043683539	-0.0360083818893	0.00717341150084	-0.0723151499806	-0.0558493625468	-0.00113690647506	-0.0239142649531	0.00535759222596	-0.0607299619541	0.00930340767393	-0.0525041124017	0.0105371549968	-0.00237844123147	-0.00616152404746	-0.00194514559513	-0.0606601998078	-0.0115071393843	-0.0163428650349	-0.00610284683368	0.035808786865	1.0	-0.000493737481028	0.0824002026185	-0.0713538289115	-0.0275712869921	-0.0478272479329	-0.0123112575224	-0.0453964361056	0.0039819911064	0.01297701333	0.0247475492871	-0.0160809855176	0.000272807929638	-0.0117617323658	-0.0649929510544	0.0377049932883	0.048845805232	-0.100919100173	0.00668676709655	-0.00720432751175	-0.0523940718476	0.0531395561201	-0.00134396469234	0.0361616407586	-0.0172622793349	0.0318587769774	0.0537541967462	0.0244392036379	-0.0636680480148	-0.0403664744322	-0.0304372444302	-0.039206572439	-0.0341621829072
k__Bacteria;p__Firmicutes;c__Clostridia;o__Clostridiales;f__Lachnospiraceae;g__Roseburia;s__Roseburia_hominis	0.0205854111983	0.0107783230309	-0.0145564156688	-0.0269734483059	0.0245457819242	-0.0659958077842	0.0301756970842	-0.0520025360846	0.0589269323039	0.0522331071917	-0.118967561884	0.00551098540904	0.0465255390215	-0.0372493382583	0.0647117784606	-0.0105532783854	-0.066656514857	-0.0216168839464	-0.0247753777408	-0.0505717209042	0.0123698319147	-0.0929273362042	0.0179727603252	-0.0251401810628	0.00275695509775	-0.0015166561587	-0.000493737481028	1.0	-0.0296786826784	0.0265882909624	-0.0586944217337	0.054349819885	-0.0689370502421	-0.0098662946352	-0.00369580706381	-0.0282350255169	-0.0222237633093	0.036868632596	0.0184586220963	-0.10372731255	0.0403011255139	-0.00542211845688	0.0157350801363	0.0039199494022	0.0821280646367	-0.00737647884377	-0.0396652660337	-0.0201354140735	-0.0919272806786	-0.00160085576638	0.0114540589719	0.018848393675	0.0439970977194	-0.0558206978351	0.00537508021884	-0.114482437899	-0.0585858288584	-0.0723471639724	0.0369827866362
k__Bacteria;p__Bacteroidetes;c__Bacteroidia;o__Bacteroidales;f__Porphyromonadaceae;g__Parabacteroides;s__Parabacteroides_johnsonii	0.00787953792399	-0.0550475620342	-0.00671040658495	-0.0212990957486	-0.00183774886357	-0.0268225120022	-0.0144811827288	0.0380865911637	-0.021335225851	0.0149073221266	-0.0704590852561	-0.0113609403936	-0.0512061270458	0.0881791343577	0.0297377629437	-0.0209033419108	-0.00405269772848	-0.0263193970681	0.0151382565819	0.0130906559469	0.00657417276223	-0.0360865435914	-0.000591032450091	-0.0113050228153	-0.0857318181197	0.00845316854851	0.0824002026185	-0.0296786826784	1.0	0.046411125963	-0.043662872074	-0.0918654134173	0.0689318432111	-0.0178298506488	0.0338955472464	0.0536792522047	-0.0391783860204	-0.0490799861818	0.0224581156409	-0.0895799499923	0.0183489939736	-0.0490371929349	-0.0454342976943	0.00573995868024	0.0183654074315	-0.0614009379592	-0.0208108944306	0.0332707316703	0.0397320113474	0.0149690681884	-0.00804247574339	-0.0147781633926	0.0251140039237	0.035449854294	-0.0530667819102	-0.0378778856846	0.0355008953758	0.0605587087723	-0.0144227904068
k__Bacteria;p__Actinobacteria;c__Actinobacteria;o__Bifidobacteriales;f__Bifidobacteriaceae;g__Bifidobacterium;s__Bifidobacterium_longum	0.0200189210641	-0.0335344626882	-0.0671647018804	0.047990200833	-0.0500227850726	0.0167295780553	0.00651246956547	-0.0176040926727	-0.068677828333	-0.0248086369321	0.0190903853883	0.0508848946525	0.0262896094124	-0.0189804496422	-0.0513500174206	0.0420159472435	0.00170953289893	0.0247140714802	-0.0165361885929	0.0331502930808	-0.00462804785194	-0.0108952216774	-0.0244588359161	0.0169939904693	0.0457188029228	0.0168372654074	-0.0713538289115	0.0265882909624	0.046411125963	1.0	-0.00556192731448	-0.00343420011716	-0.00794339020692	-0.0348901178041	-0.0358919474469	0.00399486076069	-0.0216803781948	0.0234993671831	0.0279742297447	0.0171958512481	-0.0502982969666	-0.0448628822697	-0.00538178631256	-0.0118104532132	-0.0247576937997	0.00727433914725	0.011325156983	0.05638765161	0.0773717898112	-0.0218506822323	-0.0215458032581	-0.0568028451527	-0.0746163322398	0.0399550845843	-0.00342403194289	-0.0845804333082	0.0189562032357	-0.0304478091952	-0.0847335569417
