#taxonomy	k__Bacteria;p__Bacteroidetes;c__Bacteroidia;o__Bacteroidales;f__Bacteroidaceae;g__Bacteroides;s__Bacteroides_vulgatus	k__Bacteria;p__Bacteroidetes;c__Bacteroidia;o__Bacteroidales;f__Bacteroidaceae;g__Bacteroides;s__Bacteroides_uniformis	k__Bacteria;p__Bacteroidetes;c__Bacteroidia;o__Bacteroidales;f__Rikenellaceae;g__Alistipes;s__Alistipes_putredinis	k__Bacteria;p__Bacteroidetes;c__Bacteroidia;o__Bacteroidales;f__Prevotellaceae;g__Prevotella;s__Prevotella_copri	k__Bacteria;p__Bacteroidetes;c__Bacteroidia;o__Bacteroidales;f__Bacteroidaceae;g__Bacteroides;s__Bacteroides_stercoris	k__Bacteria;p__Bacteroidetes;c__Bacteroidia;o__Bacteroidales;f__Bacteroidaceae;g__Bacteroides;s__Bacteroides_ovatus	k__Bacteria;p__Bacteroidetes;c__Bacteroidia;o__Bacteroidales;f__Rikenellaceae;g__Alistipes;s__Alistipes_shahii	k__Bacteria;p__Firmicutes;c__Clostridia;o__Clostridiales;f__Ruminococcaceae;g__Faecalibacterium;s__Faecalibacterium_prausnitzii	k__Bacteria;p__Bacteroidetes;c__Bacteroidia;o__Bacteroidales;f__Rikenellaceae;g__Alistipes;s__Alistipes_finegoldii	k__Bacteria;p__Bacteroidetes;c__Bacteroidia;o__Bacteroidales;f__Porphyromonadaceae;g__Parabacteroides;s__Parabacteroides_distasonis	k__Bacteria;p__Bacteroidetes;c__Bacteroidia;o__Bacteroidales;f__Bacteroidaceae;g__Bacteroides;s__Bacteroides_thetaiotaomicron	k__Bacteria;p__Bacteroidetes;c__Bacteroidia;o__Bacteroidales;f__Bacteroidaceae;g__Bacteroides;s__Bacteroides_coprocola	k__Bacteria;p__Bacteroidetes;c__Bacteroidia;o__Bacteroidales;f__Bacteroidaceae;g__Bacteroides;s__Bacteroides_cellulosilyticus	k__Bacteria;p__Bacteroidetes;c__Bacteroidia;o__Bacteroidales;f__Rikenellaceae;g__Alistipes;s__Alistipes_obesi	k__Bacteria;p__Firmicutes;c__Clostridia;o__Clostridiales;f__Lachnospiraceae;g__;s__[Eubacterium]_rectale	k__Bacteria;p__Bacteroidetes;c__Bacteroidia;o__Bacteroidales;f__Bacteroidaceae;g__Bacteroides;s__Bacteroides_plebeius	k__Bacteria;p__Bacteroidetes;c__Bacteroidia;o__Bacteroidales;f__Bacteroidaceae;g__Bacteroides;s__Bacteroides_fragilis	k__Bacteria;p__Proteobacteria;c__Betaproteobacteria;o__Burkholderiales;f__Sutterellaceae;g__Sutterella;s__Sutterella_wadsworthensis	k__Bacteria;p__Bacteroidetes;c__Bacteroidia;o__Bacteroidales;f__Porphyromonadaceae;g__Barnesiella;s__Barnesiella_intestinihominis	k__Bacteria;p__Bacteroidetes;c__Bacteroidia;o__Bacteroidales;f__Odoribacteraceae;g__Odoribacter;s__Odoribacter_splanchnicus	k__Bacteria;p__Bacteroidetes;c__Bacteroidia;o__Bacteroidales;f__Bacteroidaceae;g__Bacteroides;s__Bacteroides_salyersiae	k__Bacteria;p__Firmicutes;c__Clostridia;o__Clostridiales;f__Ruminococcaceae;g__Ruminiclostridium;s__[Eubacterium]_siraeum	k__Bacteria;p__Proteobacteria;c__Betaproteobacteria;o__Burkholderiales;f__Sutterellaceae;g__Parasutterella;s__Parasutterella_excrementihominis	k__Bacteria;p__Actinobacteria;c__Actinobacteria;o__Bifidobacteriales;f__Bifidobacteriaceae;g__Bifidobacterium;s__Bifidobacterium_adolescentis	k__Bacteria;p__Firmicutes;c__Clostridia;o__Clostridiales;f__Oscillospiraceae;g__Oscillibacter;s__Oscillibacter_sp._KLE_1745	k__Bacteria;p__Bacteroidetes;c__Bacteroidia;o__Bacteroidales;f__Bacteroidaceae;g__Bacteroides;s__Bacteroides_coprophilus	k__Bacteria;p__Firmicutes;c__Clostridia;o__Clostridiales;f__Lachnospiraceae;g__Roseburia;s__Roseburia_intestinalis	k__Bacteria;p__Firmicutes;c__Clostridia;o__Clostridiales;f__Lachnospiraceae;g__Roseburia;s__Roseburia_hominis	k__Bacteria;p__Bacteroidetes;c__Bacteroidia;o__Bacteroidales;f__Porphyromonadaceae;g__Parabacteroides;s__Parabacteroides_johnsonii	k__Bacteria;p__Actinobacteria;c__Actinobacteria;o__Bifidobacteriales;f__Bifidobacteriaceae;g__Bifidobacterium;s__Bifidobacterium_longum	k__Bacteria;p__Firmicutes;c__Clostridia;o__Clostridiales;f__;g__Flavonifractor;s__Flavonifractor_plautii	k__Bacteria;p__Firmicutes;c__Clostridia;o__Clostridiales;f__Clostridiaceae;g__Clostridium;s__Clostridium_phoceensis	k__Bacteria;p__Verrucomicrobia;c__Verrucomicrobiae;o__Verrucomicrobiales;f__Akkermansiaceae;g__Akkermansia;s__Akkermansia_muciniphila	k__Bacteria;p__Bacteroidetes;c__Bacteroidia;o__Bacteroidales;f__Prevotellaceae;g__Paraprevotella;s__Paraprevotella_xylaniphila	k__Bacteria;p__Firmicutes;c__Clostridia;o__Clostridiales;f__Ruminococcaceae;g__Ruminococcus;s__Ruminococcus_callidus	k__Bacteria;p__Bacteroidetes;c__Bacteroidia;o__Bacteroidales;f__Rikenellaceae;g__Alistipes;s__Alistipes_senegalensis	k__Bacteria;p__Firmicutes;c__Clostridia;o__Clostridiales;f__Lachnospiraceae;g__Blautia;s__Blautia_sp._KLE_1732	k__Bacteria;p__Bacteroidetes;c__Bacteroidia;o__Bacteroidales;f__Bacteroidaceae;g__Bacteroides;s__Bacteroides_oleiciplenus	k__Bacteria;p__Firmicutes;c__Clostridia;o__Clostridiales;f__Ruminococcaceae;g__Ruminococcus;s__Ruminococcus_bicirculans	k__Bacteria;p__Bacteroidetes;c__Bacteroidia;o__Bacteroidales;f__Bacteroidaceae;g__Bacteroides;s__Bacteroides_fluxus	k__Bacteria;p__Bacteroidetes;c__Bacteroidia;o__Bacteroidales;f__Prevotellaceae;g__Prevotella;s__Prevotella_stercorea	k__Bacteria;p__Firmicutes;c__Clostridia;o__Clostridiales;f__Lachnospiraceae;g__Dorea;s__Dorea_longicatena	k__Bacteria;p__Firmicutes;c__Clostridia;o__Clostridiales;f__Eubacteriaceae;g__Eubacterium;s__[Eubacterium]_eligens	k__Bacteria;p__Firmicutes;c__Clostridia;o__Clostridiales;f__Ruminococcaceae;g__;s__Ruminococcaceae_bacterium_D16	k__Bacteria;p__Firmicutes;c__Clostridia;o__Clostridiales;f__Lachnospiraceae;g__Coprococcus;s__Coprococcus_comes	k__Bacteria;p__Proteobacteria;c__Gammaproteobacteria;o__Enterobacterales;f__Enterobacteriaceae;g__Escherichia;s__Escherichia_coli	k__Bacteria;p__Firmicutes;c__Clostridia;o__Clostridiales;f__Ruminococcaceae;g__Anaerotruncus;s__Anaerotruncus_colihominis	k__Bacteria;p__Firmicutes;c__Clostridia;o__Clostridiales;f__Lachnospiraceae;g__Blautia;s__Blautia_obeum	k__Bacteria;p__Bacteroidetes;c__Bacteroidia;o__Bacteroidales;f__Odoribacteraceae;g__Odoribacter;s__Odoribacter_laneus	k__Bacteria;p__Firmicutes;c__Clostridia;o__Clostridiales;f__Ruminococcaceae;g__Ruminiclostridium;s__[Clostridium]_leptum	k__Bacteria;p__Bacteroidetes;c__Bacteroidia;o__Bacteroidales;f__Porphyromonadaceae;g__Parabacteroides;s__Parabacteroides_goldsteinii	k__Bacteria;p__Firmicutes;c__Clostridia;o__Clostridiales;f__Lachnospiraceae;g__Anaerostipes;s__Anaerostipes_hadrus	k__Bacteria;p__Firmicutes;c__Clostridia;o__Clostridiales;f__Ruminococcaceae;g__Ruminococcus;s__Ruminococcus_lactaris	k__Bacteria;p__Firmicutes;c__Clostridia;o__Clostridiales;f__Clostridiaceae;g__Clostridium;s__Clostridium_sp._L2-50	k__Bacteria;p__Firmicutes;c__Clostridia;o__Clostridiales;f__Clostridiaceae;g__Clostridium;s__Clostridium_sp._M62/1	k__Bacteria;p__Firmicutes;c__Clostridia;o__Clostridiales;f__;g__Intestinimonas;s__Intestinimonas_butyriciproducens	k__Bacteria;p__Actinobacteria;c__Actinobacteria;o__Bifidobacteriales;f__Bifidobacteriaceae;g__Bifidobacterium;s__Bifidobacterium_bifidum	k__Bacteria;p__Firmicutes;c__Negativicutes;o__Veillonellales;f__Veillonellaceae;g__Dialister;s__Dialister_invisus	k__Bacteria;p__Bacteroidetes;c__Bacteroidia;o__Bacteroidales;f__Bacteroidaceae;g__Bacteroides;s__Bacteroides_salanitronis
k__Bacteria;p__Bacteroidetes;c__Bacteroidia;o__Bacteroidales;f__Bacteroidaceae;g__Bacteroides;s__Bacteroides_vulgatus	1.0	0.000999421702405	-0.0254291690262	0.00740051680667	-0.0148289919367	-0.0569349187277	-0.0662492491572	0.0493978112351	-0.0652663717902	0.0153864471065	-0.0072740899697	-0.05873179977	-0.0469133002897	-0.031881725439	-0.0299055531734	0.00382738672991	0.00220259817384	-0.0254505858548	-0.0123355286007	0.0474049100756	-0.0213675446283	0.0213182197553	-0.0538751472285	-0.0995191106749	-0.0528757086247	0.00455906997872	-0.0168070049024	-0.0571711182122	-0.0235617167114	-0.0452517745125	-0.0538663248929	-0.0752633691742	-0.0451570760784	0.0106879119392	0.00339688613763	-0.0466978752757	0.0112651647163	0.0789056703394	-0.0105935358725	-0.012859846741	0.000357991823165	-0.0129294944813	0.00323207451347	-0.00661336273529	0.0289037772292	0.0529939914022	-0.0350569550275	-0.0447656323672	-0.0400003336994	-0.00927792591148	0.0118570966589	0.0256303418055	0.0104626673821	0.0821386351819	-0.00358673895354	-0.0204465220564	0.114521251344	-0.0210522459598	-0.042834430014
k__Bacteria;p__Bacteroidetes;c__Bacteroidia;o__Bacteroidales;f__Bacteroidaceae;g__Bacteroides;s__Bacteroides_uniformis	0.000999421702405	1.0	-0.00292754938955	0.0664019104225	-0.0567491529216	-0.0164498453111	-0.00947289478282	-0.0247999987402	0.0208614790682	-0.00616905022308	0.001601712177	-0.00105406021995	-0.0166565727392	0.0140860987511	-0.0260982410411	0.051072621041	0.000723126407095	-0.0363634776004	-0.0200511144339	-0.00937923429365	-0.0134163047968	-0.0600648520532	-0.00794324096254	0.0641585570903	-0.0149305892142	-0.0060691824105	-0.0503607249051	-0.000636538638027	0.0603624155385	-0.0781397110251	-0.0765351223765	0.0358635846102	-0.0154327925452	0.00340658612331	0.0412625408028	-0.0398686060757	0.00786702138593	-0.0492124313721	0.00913348951814	0.00061514745139	-0.0147451596969	0.0410038414868	0.017181215118	-0.0206365481181	-0.0048932754674	-0.0781019948427	-0.0138337575356	0.0449544048367	-0.0280770087401	-0.014189314157	-0.0413552486621	-0.0127982074845	-0.0325480214537	0.0218465919734	0.00776443759866	-0.00114236607646	0.0292133640546	-0.0108226849196	-0.0587518932623
k__Bacteria;p__Bacteroidetes;c__Bacteroidia;o__Bacteroidales;f__Rikenellaceae;g__Alistipes;s__Alistipes_putredinis	-0.0254291690262	-0.00292754938955	1.0	-0.0118375616912	0.0307524166997	-0.0335947384803	-0.0160943322869	0.0270974043809	-0.0943521208145	-0.0172964992463	-0.00171054152526	0.0250539022928	-0.00122024232668	-0.0222682264126	-0.0230508764218	0.0112639584001	-0.0185237976397	0.0301198796328	-0.0338122019409	-0.00405238497072	-0.015194019345	-0.0543480095592	-0.0280130824603	-0.0252675726862	-0.0500414044382	-0.0254771887041	-0.00858834052996	0.0213098507185	0.0167462241726	-0.0302527390021	-0.0446221371896	-0.023376133129	-0.00929492197454	-0.00575144204298	-0.0954591333777	0.0459253394651	-0.0066243110791	-0.0824183788809	-0.016608367023	-0.00299894480149	-0.0130186559765	-0.015668108647	-0.0236218911069	0.0845218577889	-0.0135549743083	0.0217889041204	-0.0367979862351	-0.0296452744548	-0.0637202048094	-0.0483377602269	-0.0722037022221	-0.0653571130884	0.059546098221	-0.0296690860837	0.0423646909919	-0.0436640656288	-0.0165834813525	-0.0747305407696	0.00469721546941
k__Bacteria;p__Bacteroidetes;c__Bacteroidia;o__Bacteroidales;f__Prevotellaceae;g__Prevotella;s__Prevotella_copri	0.00740051680667	0.0664019104225	-0.0118375616912	1.0	-0.0221568130208	-0.0156125468194	-0.0164200721047	0.0114002282303	-0.0483477066554	-0.0567846846668	-0.00807251431152	-0.0376736546368	-0.0182764950569	-0.000315109821084	-0.0207423776203	-0.0165790868573	-0.0385544548495	-0.0447886770971	-0.00597634877643	-0.0323943696112	0.0461976838539	-0.0275210077407	-0.0442357685774	-0.014464063612	-0.0724569433474	-0.030120358291	0.014294765258	0.0261664476359	-0.0508922443205	0.0421401135108	-0.00990010350027	-0.0446735928815	4.6480527228e-05	-0.00410938525288	-0.00647256384081	-0.0111271266671	-0.0504081585511	-0.0314804870002	0.0223723168147	-0.064889313679	0.0130653597853	0.0182161601297	-0.00424380059772	-0.0683728152424	-0.0391992612647	0.0122540999789	-0.00256308476677	0.03429990673	0.0293210377462	0.019385345197	0.0507977458387	0.0356593532311	-0.0611025276206	0.0477811680938	-0.0240012676834	-0.0120638504593	0.0464265628405	-0.00768068422841	-0.0196868847374
k__Bacteria;p__Bacteroidetes;c__Bacteroidia;o__Bacteroidales;f__Bacteroidaceae;g__Bacteroides;s__Bacteroides_stercoris	-0.0148289919367	-0.0567491529216	0.0307524166997	-0.0221568130208	1.0	0.0115917638063	-0.00937900601343	0.0167617770805	-0.026862597018	-0.016382935694	-0.00715968240445	0.0542884073455	-0.00753503065124	0.044472367628	-0.0399718736353	-0.0289279462078	0.0505166571258	-0.00851303055179	-0.065346464095	-0.0164093619424	-0.0360401865927	0.0172852562972	-0.0895336297615	0.0590570982546	-0.0138608961792	-0.0534160835419	0.00630488637986	-0.0433931734641	-0.0539690382083	-0.0134263631433	-0.0150424916152	0.103689885736	0.00338812526754	-0.065372991594	-0.0334698069152	-0.0873115767484	0.0135434231011	-0.0374245373959	0.0170034081497	0.0393087465775	-0.0145757286163	0.0277959880548	0.00338360406073	0.0137871097902	-0.0315522858893	-0.0415687249333	0.00970897129572	-0.0242901436722	0.0530796562037	0.0161636473368	-0.00674201805376	-0.019631755105	-0.0571948875105	0.0455589664708	0.0444611489506	-0.00989166804839	-0.0404805095708	-0.0918696893225	-0.0124932358882
k__Bacteria;p__Bacteroidetes;c__Bacteroidia;o__Bacteroidales;f__Bacteroidaceae;g__Bacteroides;s__Bacteroides_ovatus	-0.0569349187277	-0.0164498453111	-0.0335947384803	-0.0156125468194	0.0115917638063	1.0	-0.0290822663102	-0.0290091681778	0.0452846745156	-0.00698330613566	0.0121942041058	-0.0594765098407	0.0529216902619	0.0278594847986	0.00560493598402	-0.0726996526201	-0.0151880811976	0.00148875185382	0.0643738459093	0.06223802398	-0.0541998409294	0.0294440639088	-0.060041000309	-0.0101494098456	-0.00865002197826	-0.0986345254333	-0.00195213340385	0.0156193517656	-0.00801108902965	-0.0410777679477	-0.00717718078468	0.0192427475764	0.0383370472917	0.0146587473814	-0.00168985486075	0.0288232210554	0.0351816844263	0.0376112467592	-0.0162024767048	-0.0545361765938	-0.00748492693684	-0.00902213979367	-0.0352123702921	-0.0440412522674	-0.0166319253471	-0.036958719316	-0.00688993608794	-0.0144994319604	-0.0366583864881	0.0546022812927	-0.0284363294351	0.000393457452034	-0.0498865266786	-0.0188193421894	0.0726468602526	-0.0302852148561	0.0167769368233	-0.0382258519935	0.0327850966803
k__Bacteria;p__Bacteroidetes;c__Bacteroidia;o__Bacteroidales;f__Rikenellaceae;g__Alistipes;s__Alistipes_shahii	-0.0662492491572	-0.00947289478282	-0.0160943322869	-0.0164200721047	-0.00937900601343	-0.0290822663102	1.0	-0.0430551897338	-0.0164677913419	-0.0637225100927	-0.0343716661897	0.0325633059295	0.0011689925952	-0.0181899283553	0.0160083314338	0.0125901962167	-0.0226489563184	-0.0401461125938	0.0410089246339	-0.0257891921873	-0.00422370068554	-0.0541863167095	0.0712511478907	-0.0471308494726	0.000602393443148	-0.0206681863853	0.0188251625642	-0.0077960506722	-0.0325259017688	-0.00505001802259	0.0338119347642	0.00309741943419	0.0606428795656	-0.0355935651497	0.0269288994606	-0.0495592349967	-0.0296825422804	-0.0533094056788	0.0188344191898	-0.0744459540713	-0.0463519544509	-0.0455493490869	0.0129568355634	-0.0583228241243	0.0787375397965	-0.00816318527263	-0.0259144490779	-0.0298121391852	-0.0603852017022	-0.0239953887827	-0.0703663756485	-0.0606488324679	-0.0536119185095	-0.018695062736	0.0074341857559	-0.0480934106104	-0.0389342456235	0.0319870386957	-0.0102221368921
k__Bacteria;p__Firmicutes;c__Clostridia;o__Clostridiales;f__Ruminococcaceae;g__Faecalibacterium;s__Faecalibacterium_prausnitzii	0.0493978112351	-0.0247999987402	0.0270974043809	0.0114002282303	0.0167617770805	-0.0290091681778	-0.0430551897338	1.0	0.00221240502202	-0.0334285271868	-0.0213707495131	-0.0177752413758	-0.0555519263147	0.0144137338839	0.0494262251714	0.00885523416691	0.0313468913731	0.0582458483435	0.0072072841442	-0.0157019020182	-0.010385568513	0.00461902312411	0.0214743265242	-0.027573751997	-0.0230511359868	0.0128196905061	-0.0396384661778	0.0456979127745	0.0201981263071	-0.00543537580726	0.0317494690952	0.00218866044128	-0.00287126571685	0.00514470415867	-0.0198082951039	-0.0512967291196	0.0270748996393	-0.0294491972839	-0.0289979496217	0.0104095937049	-0.0594633659887	0.00260300399631	-0.0699337429066	0.00154739819909	-0.00271651045673	0.00596690947292	0.0270072644101	0.00897187319	0.011163546321	-0.0189834784907	0.0600276568247	-0.0593745663047	0.00184688214134	-0.0515514749839	-0.0712476602754	-0.0678821885291	-0.0100744991093	-0.0279036529343	-0.091316958186
k__Bacteria;p__Bacteroidetes;c__Bacteroidia;o__Bacteroidales;f__Rikenellaceae;g__Alistipes;s__Alistipes_finegoldii	-0.0652663717902	0.0208614790682	-0.0943521208145	-0.0483477066554	-0.026862597018	0.0452846745156	-0.0164677913419	0.00221240502202	1.0	-0.0775974522985	0.0126374553681	0.032190062883	0.0248073853834	-0.0390867595765	0.049063819771	-0.0588976478497	-0.0293791049134	0.0407915418479	0.0353067476157	-0.0262483512063	0.00187721552792	-0.00201469668846	-0.00249996499785	-0.0248376152632	0.0547778240372	0.0491328266675	0.0232576138484	-0.00025632875365	-0.0409760466647	-0.0211779975557	-0.0820723448467	0.0304753901236	-0.00973524401406	-0.0111324538449	-0.0635900914856	0.0188557810733	-0.0540781710941	-0.0267972158522	-0.0128734109328	0.0418753908015	-0.0398799985315	-0.00491901245471	0.0139499969962	0.0301694272083	0.00452538201907	-0.0172641719163	0.0235546314316	-0.022493602046	0.0133190289393	0.0157265483168	-0.0696290393659	-0.0191159043733	0.00545118807212	-0.0968993736124	0.074152987732	-0.0387083670624	-0.0930991400995	0.0207853928224	0.00829287917664
k__Bacteria;p__Bacteroidetes;c__Bacteroidia;o__Bacteroidales;f__Porphyromonadaceae;g__Parabacteroides;s__Parabacteroides_distasonis	0.0153864471065	-0.00616905022308	-0.0172964992463	-0.0567846846668	-0.016382935694	-0.00698330613566	-0.0637225100927	-0.0334285271868	-0.0775974522985	1.0	-0.0349414026306	-0.0535355339487	0.0667153910486	-0.0105863330657	0.0115569602442	-0.0434369815948	0.0479718327552	0.044646677885	0.0299378276349	-0.0116473921891	0.0168872151711	0.0124273544689	-0.0141919580263	-0.0152447871434	0.0157788437813	0.0130463549506	-0.118039432914	-0.0323860278495	-0.0108670894614	-0.0501368458812	0.0121885881599	-0.0451943230509	-0.0153591384106	0.000808788925538	-0.00792419671702	-0.0268465031557	-0.0210279349413	-0.000209224078463	-0.0423405981348	0.0276646411483	-0.0182657139701	-0.0490311801449	-0.0780356604594	-0.0336221750927	-0.0466967456334	-0.0246722232798	-0.0277194791674	-0.0549522260841	-0.0857701753491	-0.00416197754397	-0.0255961236735	-0.0498073058178	0.0503497694041	-0.0231370838034	-0.00705213442149	-0.027817484322	0.0530276333164	0.010349348259	-0.0544356503919
k__Bacteria;p__Bacteroidetes;c__Bacteroidia;o__Bacteroidales;f__Bacteroidaceae;g__Bacteroides;s__Bacteroides_thetaiotaomicron	-0.0072740899697	0.001601712177	-0.00171054152526	-0.00807251431152	-0.00715968240445	0.0121942041058	-0.0343716661897	-0.0213707495131	0.0126374553681	-0.0349414026306	1.0	0.0145240611236	0.00442910212474	0.0280108475675	-0.0537210070956	-0.0182853864158	-0.0276233581129	-0.0152615580661	-0.02235714765	-0.00315210286548	-0.0224119941421	-0.0249773673326	-0.0106202516363	-0.0287066410117	0.00567719103561	-0.0284946920688	-0.0609438027238	-0.0148747148905	0.0256658723752	0.00537076144689	-0.00580653407207	-0.0385364586371	-0.0114607076144	-0.0456173733544	-0.0413396099292	0.0422447920994	0.0942093772645	-0.0387418137483	-0.0448999004556	-0.039831064904	0.0989013197157	-0.00017727121737	-0.0267361013587	-0.0329159077542	-0.0123998533104	0.0270854125815	-0.00714927192176	-0.0212730127467	0.00333972398457	-0.0128039125056	-0.0311208043514	-0.046305791258	0.0291277165735	0.0175106312549	-0.0590969766605	0.0175875436683	-0.00565599799634	0.0852743074882	-0.0398627894294
k__Bacteria;p__Bacteroidetes;c__Bacteroidia;o__Bacteroidales;f__Bacteroidaceae;g__Bacteroides;s__Bacteroides_coprocola	-0.05873179977	-0.00105406021995	0.0250539022928	-0.0376736546368	0.0542884073455	-0.0594765098407	0.0325633059295	-0.0177752413758	0.032190062883	-0.0535355339487	0.0145240611236	1.0	-0.00143541714675	-0.0611583180806	-0.0451555237639	-0.00912823792097	-0.0278028122884	0.0471685710324	-0.0668445868532	0.0219475936701	0.0781658053536	-0.00953278000917	-0.017999165619	-0.0173636900324	-0.00566104438009	0.00800036602981	0.0127875445536	-0.0169086838927	-0.0471068658122	-0.0223796454249	-0.0135654149818	-0.0429473977312	-0.0197563904127	-0.0765693154073	-0.0152834896085	0.0256289424048	0.00294356068164	-0.0680106432299	-0.0651426279663	-0.0727365926614	-0.0343358954646	-0.0532137289882	-0.0295114083463	0.0190093296751	-0.0262954503762	-0.0286210910274	0.00616353967327	-0.000267035381206	-0.0109048927278	0.0100345281789	-0.0725328339452	0.0435471822928	0.0194316680806	-0.00111623737241	0.0123837424919	-0.0120330589902	-0.0119607903397	0.0453689027375	-0.0549686462389
k__Bacteria;p__Bacteroidetes;c__Bacteroidia;o__Bacteroidales;f__Bacteroidaceae;g__Bacteroides;s__Bacteroides_cellulosilyticus	-0.0469133002897	-0.0166565727392	-0.00122024232668	-0.0182764950569	-0.00753503065124	0.0529216902619	0.0011689925952	-0.0555519263147	0.0248073853834	0.0667153910486	0.00442910212474	-0.00143541714675	1.0	0.0472069681912	-0.0360612550329	-0.0237753318949	-0.0651471100084	0.0445086057411	-0.010326714016	-0.0539625469177	-0.00310358719656	-0.0637016032428	-0.0332199455218	0.00715494027413	-0.0181806499843	0.0238806607291	-0.0138801050141	-0.0241069890751	0.0156681527566	-0.0280507065549	-0.016848807692	0.0242819178383	0.00520138999379	0.00944641855815	-0.0329691222767	0.0158665242219	-0.00370467253406	0.00626591178052	0.0139152358059	-0.0250418823828	-0.0870680956144	-0.103092408795	-0.0532160077247	0.00700464886228	-0.0169570458449	0.0341313394302	-0.0010762692161	0.0145987154127	-0.0753350469753	-0.034151793766	-0.0649533551144	0.0543710935687	-0.0919602296574	-0.00314734263828	0.0516518086649	-0.0144941620935	-0.0449508745301	-0.0268008061799	0.0175865353498
k__Bacteria;p__Bacteroidetes;c__Bacteroidia;o__Bacteroidales;f__Rikenellaceae;g__Alistipes;s__Alistipes_obesi	-0.031881725439	0.0140860987511	-0.0222682264126	-0.000315109821085	0.044472367628	0.0278594847986	-0.0181899283553	0.0144137338839	-0.0390867595765	-0.0105863330657	0.0280108475675	-0.0611583180806	0.0472069681912	1.0	0.00534370100204	-0.0354588771286	0.0346542499813	-0.0756262419164	-0.0107405081278	-0.0734675499589	-0.0132923579307	0.0228451397999	-0.0192910196453	-0.0424865832718	-0.0947877428156	-0.0178999978827	-0.0674160813623	-0.0283503754499	-0.0320779351088	0.0246448191741	0.0343827729346	0.0354241200478	0.0153433239616	-0.00114939100769	-0.0106947128413	-0.0918485242066	0.0405774403748	-0.0180241017581	-0.0132927139294	0.0723957497845	-0.0244817306499	-0.0205850625935	-0.000166895104763	0.02990529572	0.03422623911	-0.0117627921942	-0.0396241247378	0.00431370897303	-0.067616063503	0.019177178778	-0.0703141227456	0.010369093269	-0.0409740553519	-0.0588520882979	-0.00611136843921	0.00158128133399	0.0157207601619	-0.0733624169192	0.00644981205204
k__Bacteria;p__Firmicutes;c__Clostridia;o__Clostridiales;f__Lachnospiraceae;g__;s__[Eubacterium]_rectale	-0.0299055531734	-0.0260982410411	-0.0230508764218	-0.0207423776203	-0.0399718736353	0.00560493598402	0.0160083314338	0.0494262251714	0.049063819771	0.0115569602442	-0.0537210070956	-0.0451555237639	-0.0360612550329	0.00534370100204	1.0	0.0263265439115	-0.0695729890249	-0.0781487177996	0.0461263976967	0.0174554952573	-0.0161908594926	0.0181971281027	0.00755879775578	0.00667409732466	-0.00971770270944	0.0267509066796	-0.0574375706342	-0.0843028448474	-0.0397526062184	-0.000237703860016	-0.0836568916683	-0.0135010845023	-0.09487430875	0.0216396596096	-0.0117255786162	-0.0127935927073	-0.0453802792386	0.0561385293171	-0.0274340157161	-0.0626535394769	-0.004439882554	-0.0197666107783	0.0610677530881	0.0525514321497	-0.0686278011397	-0.0208460267756	0.0492146334767	-0.0945825620833	0.0222449402348	-0.0107317122037	-0.0384373804238	-0.0959366499364	-0.00961502043618	0.00334404965334	-0.0210447456169	-0.0573313715037	-0.0327774853746	0.00912988527762	-0.0567592158281
k__Bacteria;p__Bacteroidetes;c__Bacteroidia;o__Bacteroidales;f__Bacteroidaceae;g__Bacteroides;s__Bacteroides_plebeius	0.00382738672991	0.051072621041	0.0112639584001	-0.0165790868573	-0.0289279462078	-0.0726996526201	0.0125901962167	0.00885523416691	-0.0588976478497	-0.0434369815948	-0.0182853864158	-0.00912823792097	-0.0237753318949	-0.0354588771286	0.0263265439115	1.0	-0.00111934805465	0.0171505088248	-0.108628462911	-0.0755241863684	-0.0460457701808	0.0125909742252	-0.0137138467356	0.00531446988329	-0.0308076393907	-0.0350413662155	0.0166386550966	0.0388173913976	0.0141060733143	-0.110171717683	-0.022766560621	-0.0167622547937	0.0260006194767	0.0551997550192	-0.00952717769051	0.000156132015242	-0.0372278170118	0.0356437285763	-0.110296947588	-0.000251166924935	0.0551763372444	0.0163877657273	-0.00155847309524	0.0521930994587	-0.00512565192566	-0.0148640301594	-0.027023451104	-0.00226843075757	0.00379239012727	0.0324507557306	0.022986913145	-0.0358914065539	-0.0162990593072	0.0155525590644	-0.043586869552	-0.0419438769987	-0.0435305556538	0.0544225206229	0.0180440652737
k__Bacteria;p__Bacteroidetes;c__Bacteroidia;o__Bacteroidales;f__Bacteroidaceae;g__Bacteroides;s__Bacteroides_fragilis	0.00220259817384	0.000723126407095	-0.0185237976397	-0.0385544548495	0.0505166571258	-0.0151880811976	-0.0226489563184	0.0313468913731	-0.0293791049134	0.0479718327552	-0.0276233581129	-0.0278028122884	-0.0651471100084	0.0346542499813	-0.0695729890249	-0.00111934805465	1.0	-0.0450758815387	-0.0337769580053	-0.0683616199747	0.0419924191398	0.0585381656731	0.0362655901436	-0.0171029989407	0.0521814472169	-0.0413359487966	0.0113067965631	-0.0413881897155	-0.0395094180391	-0.0554317141203	-0.00928451689249	-0.000812493123174	0.0245466104061	0.00927258700358	-0.0143634729265	-0.0136577991745	0.044280988045	0.0110985698236	-0.0447052300833	0.00290066596132	-0.0525855406354	-0.0020174746634	0.0487011873315	-0.0526845307304	-0.0032227645479	-0.00293984619407	0.00376600660268	-0.0625545581266	0.0397634187689	0.0188491662373	-0.00479237822571	0.00278932966547	0.0595041381482	-0.0202371426354	0.014964079478	0.00515463245266	-0.0118107686895	-0.0194828148527	-0.0270851704476
k__Bacteria;p__Proteobacteria;c__Betaproteobacteria;o__Burkholderiales;f__Sutterellaceae;g__Sutterella;s__Sutterella_wadsworthensis	-0.0254505858548	-0.0363634776004	0.0301198796328	-0.0447886770971	-0.00851303055179	0.00148875185382	-0.0401461125938	0.0582458483435	0.0407915418479	0.044646677885	-0.0152615580661	0.0471685710324	0.0445086057411	-0.0756262419164	-0.0781487177996	0.0171505088248	-0.0450758815387	1.0	-0.0173867712759	-0.0430810583257	0.0561528197246	-0.0434332049516	0.0235696342532	-0.092382091332	0.0549684307463	-0.0147847467945	0.0512440611488	0.0357678705891	0.0117449663794	-0.0111870039804	0.036747360622	-0.0226987629485	-0.001885223936	-0.0685570999485	0.0159109984862	0.0683296962749	0.01665985435	-0.0634332514973	0.0179658018303	0.080884719281	-0.083983390967	-0.0787685638116	-0.00455631232948	-0.0647199522728	-0.0587737842404	-0.0544103713663	-0.0981608203296	0.0538125735378	-0.0340134853838	-0.0241339171441	0.00972373979062	-0.00937030038385	0.0326072866283	-0.0878051986649	-0.0709481086359	-0.0379307479055	-0.0329089293546	-0.0295808205172	-0.0442831991828
k__Bacteria;p__Bacteroidetes;c__Bacteroidia;o__Bacteroidales;f__Porphyromonadaceae;g__Barnesiella;s__Barnesiella_intestinihominis	-0.0123355286007	-0.0200511144339	-0.0338122019409	-0.00597634877643	-0.065346464095	0.0643738459093	0.0410089246339	0.0072072841442	0.0353067476157	0.0299378276349	-0.02235714765	-0.0668445868532	-0.010326714016	-0.0107405081278	0.0461263976967	-0.108628462911	-0.0337769580053	-0.0173867712759	1.0	0.0292038423886	-0.0257128673463	0.0507682698207	-0.0202972197369	-0.0255541490357	-0.023045490484	0.0554733937691	-0.0232809054566	-0.0627583289486	-0.0108755388622	0.0115293525865	0.019289462602	0.00560339170713	-0.0149277776696	-0.0762137116024	-0.0263923274723	-0.0747378055099	-0.050719706435	0.0483623079752	0.0390987407532	-0.0450698340096	0.0544550813405	0.0329988251324	-0.0368937703053	-0.0458008875466	0.0137069396945	-0.0351328200096	0.0262905538391	-0.00665517882022	0.0278411566828	0.0179845036293	0.0166127535679	-0.0628248820164	0.00769387558097	0.0178741734807	-0.0118298454517	-0.0460158560909	-0.0257724038716	0.00422536488755	0.0248784716956
k__Bacteria;p__Bacteroidetes;c__Bacteroidia;o__Bacteroidales;f__Odoribacteraceae;g__Odoribacter;s__Odoribacter_splanchnicus	0.0474049100756	-0.00937923429365	-0.00405238497072	-0.0323943696112	-0.0164093619424	0.06223802398	-0.0257891921873	-0.0157019020182	-0.0262483512063	-0.0116473921891	-0.00315210286548	0.0219475936701	-0.0539625469177	-0.0734675499589	0.0174554952573	-0.0755241863684	-0.0683616199747	-0.0430810583257	0.0292038423886	1.0	0.0162292268378	-0.0215368307231	-0.0973395789518	-0.0482952323825	0.0138448211909	0.0354105889178	0.104775482575	-0.0350230293592	-0.0106996556287	0.000857157640944	-0.0214416978206	0.00455581331517	-0.0328272525569	-0.0342952255597	0.00861218781904	-0.0228293834159	-0.0116136046307	0.000960885137515	0.0254320724442	-0.0924919083566	0.00432403669006	-0.0448023964014	-0.0189256635899	0.0153072964908	-0.0760392854795	-0.0248647975409	0.0246016336706	-0.0450253676267	0.0582836123516	-0.0787271610195	-0.00809817842779	0.0204169083301	0.0471757658125	-0.0269315478378	0.0330132009415	-0.0419215485905	-0.0494090601401	-0.0655590845653	-0.00241685001363
k__Bacteria;p__Bacteroidetes;c__Bacteroidia;o__Bacteroidales;f__Bacteroidaceae;g__Bacteroides;s__Bacteroides_salyersiae	-0.0213675446283	-0.0134163047968	-0.015194019345	0.0461976838539	-0.0360401865927	-0.0541998409294	-0.00422370068554	-0.010385568513	0.00187721552792	0.0168872151711	-0.0224119941421	0.0781658053536	-0.00310358719656	-0.0132923579307	-0.0161908594926	-0.0460457701808	0.0419924191398	0.0561528197246	-0.0257128673463	0.0162292268378	1.0	0.0673891062293	-0.068302767306	0.0226987302826	0.0657354082565	-0.0375874794142	0.0142041084387	-0.0526109323881	-0.0537646289575	-0.00718490248782	-0.0401662540704	-0.0315985170559	0.0457054781272	-0.0211254564229	-0.0889730236216	0.0227032415561	-0.0187071796533	-0.0409848625256	-0.044956754246	-0.0349997317237	0.0392679717555	-0.039456159391	-0.0432151363704	-0.00479857076356	0.0311857942756	-0.0984975976799	0.0333098090199	-0.0331189280508	-0.0758381651747	0.0114469297859	-0.0763100279606	0.0495274079955	-0.0138845004485	-0.00262461259964	-0.076662174904	-0.0810606515547	-0.0162748486786	-0.00729367609279	-0.0324323572575
k__Bacteria;p__Firmicutes;c__Clostridia;o__Clostridiales;f__Ruminococcaceae;g__Ruminiclostridium;s__[Eubacterium]_siraeum	0.0213182197553	-0.0600648520532	-0.0543480095592	-0.0275210077407	0.0172852562972	0.0294440639088	-0.0541863167095	0.00461902312411	-0.00201469668846	0.0124273544689	-0.0249773673326	-0.00953278000917	-0.0637016032428	0.0228451397999	0.0181971281027	0.0125909742252	0.0585381656731	-0.0434332049516	0.0507682698207	-0.0215368307231	0.0673891062293	1.0	0.0434788114646	0.00725500447656	-0.0597827133076	-0.0260995975254	-0.0053225393699	-0.0612979269687	-0.0605338226299	0.035147804123	0.00354501389511	0.0216160236482	-0.0994449319786	0.00281724386662	0.0374776828572	0.0276010554289	-0.00837063540689	0.0333456939573	-0.0607656621546	0.0316601875172	-0.0366694578492	-0.0461824572768	0.000176387012604	-0.0108926045574	0.0519896672134	0.0433243968501	-0.0204840780478	-0.0167259045409	-0.0176169127564	-0.0410085266034	-0.0254809729767	-0.0296091665728	-0.0142994531467	-0.0327679778635	-0.0123721581976	0.0642852695722	-0.0734811805709	-0.0161422460612	-0.0515891708466
k__Bacteria;p__Proteobacteria;c__Betaproteobacteria;o__Burkholderiales;f__Sutterellaceae;g__Parasutterella;s__Parasutterella_excrementihominis	-0.0538751472285	-0.00794324096254	-0.0280130824603	-0.0442357685774	-0.0895336297615	-0.060041000309	0.0712511478907	0.0214743265242	-0.00249996499785	-0.0141919580263	-0.0106202516363	-0.017999165619	-0.0332199455218	-0.0192910196453	0.00755879775578	-0.0137138467356	0.0362655901436	0.0235696342532	-0.0202972197369	-0.0973395789518	-0.068302767306	0.0434788114646	1.0	-0.00772422357586	0.0521194435517	-0.00313354969515	-0.0841454874079	-0.0241467473862	-0.00327252047133	0.0760497308763	-0.0115178734774	-0.0416924611036	-0.0210920421173	-0.0168754947687	0.0405730548182	0.0498966391272	-0.0552300613639	-0.00175297845733	0.0363515685877	0.00456300963816	-0.0264125177411	-0.0355655669698	0.0230390297179	-0.0254590722469	-0.00291510855681	0.0432782464617	-0.0579761883962	-0.00363957264737	-0.023612250165	0.0280142891161	-0.085396028797	-0.0532466708332	-0.0177427099435	0.0027559414188	-0.0549670917117	-0.0213852005645	0.0472413731354	0.0417364068784	-0.0140748085269
k__Bacteria;p__Actinobacteria;c__Actinobacteria;o__Bifidobacteriales;f__Bifidobacteriaceae;g__Bifidobacterium;s__Bifidobacterium_adolescentis	-0.0995191106749	0.0641585570903	-0.0252675726862	-0.014464063612	0.0590570982546	-0.0101494098456	-0.0471308494726	-0.027573751997	-0.0248376152632	-0.0152447871434	-0.0287066410117	-0.0173636900324	0.00715494027413	-0.0424865832718	0.00667409732466	0.00531446988329	-0.0171029989407	-0.092382091332	-0.0255541490357	-0.0482952323825	0.0226987302826	0.00725500447656	-0.00772422357585	1.0	-0.00379617525065	0.0172980870288	0.0123344016943	0.0620441462636	-0.00953315887321	-0.0198200495904	-0.0651953863444	-0.0112657500982	0.0260882359937	-0.0225614816029	-0.0465983500351	-0.0626851993355	-0.0206481793358	-0.0674234087697	-0.0101733183318	0.0359281573357	-0.00661403693484	-0.0735861242503	-0.0107938611463	0.0405667630453	-0.0387370082267	0.0328096447292	-0.0192046909036	-0.0443215133328	-0.0173275289446	0.0150036926037	0.0160763451996	-0.0524249246664	-0.0774830676994	-0.024617365488	0.0437675719684	0.0484526260836	0.0402083335016	0.00441782708671	-0.00154844084749
k__Bacteria;p__Firmicutes;c__Clostridia;o__Clostridiales;f__Oscillospiraceae;g__Oscillibacter;s__Oscillibacter_sp._KLE_1745	-0.0528757086247	-0.0149305892142	-0.0500414044382	-0.0724569433474	-0.0138608961792	-0.00865002197826	0.000602393443148	-0.0230511359868	0.0547778240372	0.0157788437813	0.00567719103561	-0.00566104438009	-0.0181806499843	-0.0947877428156	-0.00971770270944	-0.0308076393907	0.0521814472169	0.0549684307463	-0.023045490484	0.0138448211909	0.0657354082565	-0.0597827133076	0.0521194435517	-0.00379617525065	1.0	-0.0195331715923	-0.00789672678931	0.0440135306529	-0.0512488502092	-0.0356549732712	0.043127963979	-0.0452396887055	0.0166037816723	-0.0242764409837	-0.0113617913989	-0.102772806147	0.00342738690266	0.00714517111697	0.0122108143247	0.0349517200344	0.0150948543772	0.00902248325976	0.0244605120375	0.00681044268115	0.00674531213414	-0.0160945484187	-0.0204422139454	-0.0521519719382	-0.00706225676528	-0.0452620011641	-0.022166434977	-0.0537110074269	-0.001173398326	0.00932711679908	0.0568391998986	-0.104964413395	-0.0250908849522	0.0509980169248	-0.0534989604766
k__Bacteria;p__Bacteroidetes;c__Bacteroidia;o__Bacteroidales;f__Bacteroidaceae;g__Bacteroides;s__Bacteroides_coprophilus	0.00455906997872	-0.0060691824105	-0.0254771887041	-0.030120358291	-0.0534160835419	-0.0986345254333	-0.0206681863853	0.0128196905061	0.0491328266675	0.0130463549506	-0.0284946920688	0.00800036602981	0.0238806607291	-0.0178999978827	0.0267509066796	-0.0350413662155	-0.0413359487966	-0.0147847467945	0.0554733937691	0.0354105889178	-0.0375874794142	-0.0260995975254	-0.00313354969515	0.0172980870288	-0.0195331715923	1.0	0.010207469029	-0.0446034956938	-0.00821280787263	-0.0360301738876	0.0297175279839	-0.00968038548264	-0.0478209766975	-0.0698132048817	-0.00945443277321	-0.0349256225968	-0.0669094215717	-0.0619921097206	0.0104043491074	0.0188169639413	0.0198426590369	-0.0259437814251	0.0181314611693	-0.0344742823724	0.045011175596	-0.0154321355755	-0.0735793061613	-0.0409284785368	0.00369117951079	-0.0621333915394	0.0433275566585	0.0133403883267	-0.0369730060678	0.0440589587111	-0.0224675929041	0.0673186387786	0.0369303429754	-0.0319742992447	-0.086021214133
k__Bacteria;p__Firmicutes;c__Clostridia;o__Clostridiales;f__Lachnospiraceae;g__Roseburia;s__Roseburia_intestinalis	-0.0168070049024	-0.0503607249051	-0.00858834052996	0.014294765258	0.00630488637986	-0.00195213340385	0.0188251625642	-0.0396384661778	0.0232576138484	-0.118039432914	-0.0609438027238	0.0127875445536	-0.0138801050141	-0.0674160813623	-0.0574375706342	0.0166386550966	0.0113067965631	0.0512440611488	-0.0232809054566	0.104775482575	0.0142041084387	-0.0053225393699	-0.0841454874079	0.0123344016943	-0.00789672678931	0.010207469029	1.0	0.00662333250342	0.00718615510963	-0.0488444188209	0.0141225445458	-0.067731219596	0.00349670580568	0.00669399638118	0.0927895376526	0.0082856037199	-0.021349644921	0.025060304354	0.0299070162775	-0.075612242657	-0.0457810168499	-0.0377087493256	0.0222446021117	-0.0943711719624	-0.00653285062872	0.034997535657	-0.0288959923283	0.0172913089047	0.0192154115606	-0.00768262956044	0.0137351680825	-0.0179675771385	-0.0309554893604	-0.0382768622669	0.0390640502644	-0.0379044821567	-0.0174939857792	-0.0538632089577	0.012096127283
k__Bacteria;p__Firmicutes;c__Clostridia;o__Clostridiales;f__Lachnospiraceae;g__Roseburia;s__Roseburia_hominis	-0.0571711182122	-0.000636538638027	0.0213098507185	0.0261664476359	-0.0433931734641	0.0156193517656	-0.0077960506722	0.0456979127745	-0.00025632875365	-0.0323860278495	-0.0148747148905	-0.0169086838927	-0.0241069890751	-0.0283503754499	-0.0843028448474	0.0388173913976	-0.0413881897155	0.0357678705891	-0.0627583289486	-0.0350230293592	-0.0526109323881	-0.0612979269687	-0.0241467473862	0.0620441462636	0.0440135306529	-0.0446034956938	0.00662333250342	1.0	-0.0181605341329	0.0309998951353	0.0157696929541	-0.0743306041302	-0.0397581448616	-0.00931708229129	-0.00885220246471	0.00345617623997	-0.0219736454207	0.0610772630756	0.0386534331098	-0.00894655427215	-0.0575398266469	0.0197417042754	-0.0469406244663	-0.0359462167996	-0.0457529918101	0.0431877117358	-0.066374394142	0.0179827724893	-0.0663661366843	-0.0312859050723	0.0090899167491	0.0331375230453	-0.0323995426533	0.0825745644884	-0.0367242632534	0.0184567807738	-0.00618665174602	-0.0383791668999	-0.0622855190419
k__Bacteria;p__Bacteroidetes;c__Bacteroidia;o__Bacteroidales;f__Porphyromonadaceae;g__Parabacteroides;s__Parabacteroides_johnsonii	-0.0235617167114	0.0603624155385	0.0167462241726	-0.0508922443205	-0.0539690382083	-0.00801108902965	-0.0325259017688	0.0201981263071	-0.0409760466647	-0.0108670894614	0.0256658723752	-0.0471068658122	0.0156681527566	-0.0320779351088	-0.0397526062184	0.0141060733143	-0.0395094180391	0.0117449663794	-0.0108755388622	-0.0106996556287	-0.0537646289575	-0.0605338226299	-0.00327252047133	-0.00953315887321	-0.0512488502092	-0.00821280787263	0.00718615510963	-0.0181605341329	1.0	0.0443342902635	-0.0314584421102	-0.00950707008252	-0.0718263617577	-0.000392617134518	-0.0611645871617	0.0206992189141	0.0311741962435	0.0550586721366	-0.033104369063	-0.113446120714	-0.0143477087	0.0132978901749	0.0294743044274	0.0307000239794	-0.033130840143	-0.0136591922397	0.0350459132343	0.0178267288332	-0.0280091519921	-0.0467054171453	-0.0140344262565	-0.0156571026522	0.0336152745661	-0.0142012189009	-0.00999846020042	-0.0136939489768	0.0129519049826	-0.0657005407491	-0.0052941915248
k__Bacteria;p__Actinobacteria;c__Actinobacteria;o__Bifidobacteriales;f__Bifidobacteriaceae;g__Bifidobacterium;s__Bifidobacterium_longum	-0.0452517745125	-0.0781397110251	-0.0302527390021	0.0421401135108	-0.0134263631433	-0.0410777679477	-0.00505001802259	-0.00543537580726	-0.0211779975557	-0.0501368458812	0.00537076144689	-0.0223796454249	-0.0280507065549	0.0246448191741	-0.000237703860016	-0.110171717683	-0.0554317141203	-0.0111870039804	0.0115293525865	0.000857157640944	-0.00718490248782	0.035147804123	0.0760497308763	-0.0198200495904	-0.0356549732712	-0.0360301738876	-0.0488444188209	0.0309998951353	0.0443342902635	1.0	-0.0298964634916	0.017256771794	-0.00904661306783	0.0541689318783	-0.0679191215449	-0.0408612990943	-0.0372855473928	-0.0281100599481	0.00698911349965	-0.00391617426372	-0.0373882778985	0.0172721518135	-0.0823413545066	0.00413604219268	0.0403296322772	0.00407753337733	0.0538650995471	0.00345883224192	0.0248226733015	-0.0341697849695	-0.00124475279576	-0.0287271623659	-0.029015808559	0.0406704222745	-0.046309235848	-0.0120525994782	0.0022313393937	0.0639643786369	-0.0163260031466
