#taxonomy	k__Bacteria;p__Bacteroidetes;c__Bacteroidia;o__Bacteroidales;f__Bacteroidaceae;g__Bacteroides;s__Bacteroides_vulgatus	k__Bacteria;p__Bacteroidetes;c__Bacteroidia;o__Bacteroidales;f__Bacteroidaceae;g__Bacteroides;s__Bacteroides_uniformis	k__Bacteria;p__Bacteroidetes;c__Bacteroidia;o__Bacteroidales;f__Rikenellaceae;g__Alistipes;s__Alistipes_putredinis	k__Bacteria;p__Bacteroidetes;c__Bacteroidia;o__Bacteroidales;f__Prevotellaceae;g__Prevotella;s__Prevotella_copri	k__Bacteria;p__Bacteroidetes;c__Bacteroidia;o__Bacteroidales;f__Bacteroidaceae;g__Bacteroides;s__Bacteroides_stercoris	k__Bacteria;p__Bacteroidetes;c__Bacteroidia;o__Bacteroidales;f__Bacteroidaceae;g__Bacteroides;s__Bacteroides_ovatus	k__Bacteria;p__Bacteroidetes;c__Bacteroidia;o__Bacteroidales;f__Rikenellaceae;g__Alistipes;s__Alistipes_shahii	k__Bacteria;p__Firmicutes;c__Clostridia;o__Clostridiales;f__Ruminococcaceae;g__Faecalibacterium;s__Faecalibacterium_prausnitzii	k__Bacteria;p__Bacteroidetes;c__Bacteroidia;o__Bacteroidales;f__Rikenellaceae;g__Alistipes;s__Alistipes_finegoldii	k__Bacteria;p__Bacteroidetes;c__Bacteroidia;o__Bacteroidales;f__Porphyromonadaceae;g__Parabacteroides;s__Parabacteroides_distasonis	k__Bacteria;p__Bacteroidetes;c__Bacteroidia;o__Bacteroidales;f__Bacteroidaceae;g__Bacteroides;s__Bacteroides_thetaiotaomicron	k__Bacteria;p__Bacteroidetes;c__Bacteroidia;o__Bacteroidales;f__Bacteroidaceae;g__Bacteroides;s__Bacteroides_coprocola	k__Bacteria;p__Bacteroidetes;c__Bacteroidia;o__Bacteroidales;f__Bacteroidaceae;g__Bacteroides;s__Bacteroides_cellulosilyticus	k__Bacteria;p__Bacteroidetes;c__Bacteroidia;o__Bacteroidales;f__Rikenellaceae;g__Alistipes;s__Alistipes_obesi	k__Bacteria;p__Firmicutes;c__Clostridia;o__Clostridiales;f__Lachnospiraceae;g__;s__[Eubacterium]_rectale	k__Bacteria;p__Bacteroidetes;c__Bacteroidia;o__Bacteroidales;f__Bacteroidaceae;g__Bacteroides;s__Bacteroides_plebeius	k__Bacteria;p__Bacteroidetes;c__Bacteroidia;o__Bacteroidales;f__Bacteroidaceae;g__Bacteroides;s__Bacteroides_fragilis	k__Bacteria;p__Proteobacteria;c__Betaproteobacteria;o__Burkholderiales;f__Sutterellaceae;g__Sutterella;s__Sutterella_wadsworthensis	k__Bacteria;p__Bacteroidetes;c__Bacteroidia;o__Bacteroidales;f__Porphyromonadaceae;g__Barnesiella;s__Barnesiella_intestinihominis	k__Bacteria;p__Bacteroidetes;c__Bacteroidia;o__Bacteroidales;f__Odoribacteraceae;g__Odoribacter;s__Odoribacter_splanchnicus	k__Bacteria;p__Bacteroidetes;c__Bacteroidia;o__Bacteroidales;f__Bacteroidaceae;g__Bacteroides;s__Bacteroides_salyersiae	k__Bacteria;p__Firmicutes;c__Clostridia;o__Clostridiales;f__Ruminococcaceae;g__Ruminiclostridium;s__[Eubacterium]_siraeum	k__Bacteria;p__Proteobacteria;c__Betaproteobacteria;o__Burkholderiales;f__Sutterellaceae;g__Parasutterella;s__Parasutterella_excrementihominis	k__Bacteria;p__Actinobacteria;c__Actinobacteria;o__Bifidobacteriales;f__Bifidobacteriaceae;g__Bifidobacterium;s__Bifidobacterium_adolescentis	k__Bacteria;p__Firmicutes;c__Clostridia;o__Clostridiales;f__Oscillospiraceae;g__Oscillibacter;s__Oscillibacter_sp._KLE_1745	k__Bacteria;p__Bacteroidetes;c__Bacteroidia;o__Bacteroidales;f__Bacteroidaceae;g__Bacteroides;s__Bacteroides_coprophilus	k__Bacteria;p__Firmicutes;c__Clostridia;o__Clostridiales;f__Lachnospiraceae;g__Roseburia;s__Roseburia_intestinalis	k__Bacteria;p__Firmicutes;c__Clostridia;o__Clostridiales;f__Lachnospiraceae;g__Roseburia;s__Roseburia_hominis	k__Bacteria;p__Bacteroidetes;c__Bacteroidia;o__Bacteroidales;f__Porphyromonadaceae;g__Parabacteroides;s__Parabacteroides_johnsonii	k__Bacteria;p__Actinobacteria;c__Actinobacteria;o__Bifidobacteriales;f__Bifidobacteriaceae;g__Bifidobacterium;s__Bifidobacterium_longum	k__Bacteria;p__Firmicutes;c__Clostridia;o__Clostridiales;f__;g__Flavonifractor;s__Flavonifractor_plautii	k__Bacteria;p__Firmicutes;c__Clostridia;o__Clostridiales;f__Clostridiaceae;g__Clostridium;s__Clostridium_phoceensis	k__Bacteria;p__Verrucomicrobia;c__Verrucomicrobiae;o__Verrucomicrobiales;f__Akkermansiaceae;g__Akkermansia;s__Akkermansia_muciniphila	k__Bacteria;p__Bacteroidetes;c__Bacteroidia;o__Bacteroidales;f__Prevotellaceae;g__Paraprevotella;s__Paraprevotella_xylaniphila	k__Bacteria;p__Firmicutes;c__Clostridia;o__Clostridiales;f__Ruminococcaceae;g__Ruminococcus;s__Ruminococcus_callidus	k__Bacteria;p__Bacteroidetes;c__Bacteroidia;o__Bacteroidales;f__Rikenellaceae;g__Alistipes;s__Alistipes_senegalensis	k__Bacteria;p__Firmicutes;c__Clostridia;o__Clostridiales;f__Lachnospiraceae;g__Blautia;s__Blautia_sp._KLE_1732	k__Bacteria;p__Bacteroidetes;c__Bacteroidia;o__Bacteroidales;f__Bacteroidaceae;g__Bacteroides;s__Bacteroides_oleiciplenus	k__Bacteria;p__Firmicutes;c__Clostridia;o__Clostridiales;f__Ruminococcaceae;g__Ruminococcus;s__Ruminococcus_bicirculans	k__Bacteria;p__Bacteroidetes;c__Bacteroidia;o__Bacteroidales;f__Bacteroidaceae;g__Bacteroides;s__Bacteroides_fluxus	k__Bacteria;p__Bacteroidetes;c__Bacteroidia;o__Bacteroidales;f__Prevotellaceae;g__Prevotella;s__Prevotella_stercorea	k__Bacteria;p__Firmicutes;c__Clostridia;o__Clostridiales;f__Lachnospiraceae;g__Dorea;s__Dorea_longicatena	k__Bacteria;p__Firmicutes;c__Clostridia;o__Clostridiales;f__Eubacteriaceae;g__Eubacterium;s__[Eubacterium]_eligens	k__Bacteria;p__Firmicutes;c__Clostridia;o__Clostridiales;f__Ruminococcaceae;g__;s__Ruminococcaceae_bacterium_D16	k__Bacteria;p__Firmicutes;c__Clostridia;o__Clostridiales;f__Lachnospiraceae;g__Coprococcus;s__Coprococcus_comes	k__Bacteria;p__Proteobacteria;c__Gammaproteobacteria;o__Enterobacterales;f__Enterobacteriaceae;g__Escherichia;s__Escherichia_coli	k__Bacteria;p__Firmicutes;c__Clostridia;o__Clostridiales;f__Ruminococcaceae;g__Anaerotruncus;s__Anaerotruncus_colihominis	k__Bacteria;p__Firmicutes;c__Clostridia;o__Clostridiales;f__Lachnospiraceae;g__Blautia;s__Blautia_obeum	k__Bacteria;p__Bacteroidetes;c__Bacteroidia;o__Bacteroidales;f__Odoribacteraceae;g__Odoribacter;s__Odoribacter_laneus	k__Bacteria;p__Firmicutes;c__Clostridia;o__Clostridiales;f__Ruminococcaceae;g__Ruminiclostridium;s__[Clostridium]_leptum	k__Bacteria;p__Bacteroidetes;c__Bacteroidia;o__Bacteroidales;f__Porphyromonadaceae;g__Parabacteroides;s__Parabacteroides_goldsteinii	k__Bacteria;p__Firmicutes;c__Clostridia;o__Clostridiales;f__Lachnospiraceae;g__Anaerostipes;s__Anaerostipes_hadrus	k__Bacteria;p__Firmicutes;c__Clostridia;o__Clostridiales;f__Ruminococcaceae;g__Ruminococcus;s__Ruminococcus_lactaris	k__Bacteria;p__Firmicutes;c__Clostridia;o__Clostridiales;f__Clostridiaceae;g__Clostridium;s__Clostridium_sp._L2-50	k__Bacteria;p__Firmicutes;c__Clostridia;o__Clostridiales;f__Clostridiaceae;g__Clostridium;s__Clostridium_sp._M62/1	k__Bacteria;p__Firmicutes;c__Clostridia;o__Clostridiales;f__;g__Intestinimonas;s__Intestinimonas_butyriciproducens	k__Bacteria;p__Actinobacteria;c__Actinobacteria;o__Bifidobacteriales;f__Bifidobacteriaceae;g__Bifidobacterium;s__Bifidobacterium_bifidum	k__Bacteria;p__Firmicutes;c__Negativicutes;o__Veillonellales;f__Veillonellaceae;g__Dialister;s__Dialister_invisus	k__Bacteria;p__Bacteroidetes;c__Bacteroidia;o__Bacteroidales;f__Bacteroidaceae;g__Bacteroides;s__Bacteroides_salanitronis
k__Bacteria;p__Bacteroidetes;c__Bacteroidia;o__Bacteroidales;f__Bacteroidaceae;g__Bacteroides;s__Bacteroides_vulgatus	1.0	-0.0548294079286	-0.0711435068947	-0.0194182933373	0.00358533842069	0.00361893744631	-0.0155108927947	-0.0151864673126	0.0659668740134	-0.021321425977	-0.00730800207183	-0.0463780174576	-0.0243151861908	-0.0217400226405	-0.0411398399584	0.0042706137428	0.0234438452499	0.0120773964291	-0.0270461991431	0.0290898126756	-0.0990581820814	-0.00964663264371	-0.0262035054732	-0.00573410815753	0.00309318101673	-0.0501344940013	-0.0853366785974	0.00784378295011	-0.0675322780405	-0.0532612448302	-0.00379573948323	-0.0329805461181	-0.0213380147597	0.0110962213227	-0.0561973131437	-0.00631084364466	0.0900624147451	0.0474517178296	-0.0277631893805	-0.023392355022	0.00439411993949	0.0122302537741	0.0175815464607	0.0178584738929	-0.0128424703173	-0.0186697695702	-0.0388255588964	-0.0272918617436	0.0140116839057	0.0127365067733	0.00262940298783	0.0680016192897	0.00053180358566	0.00680823228839	0.0692599042257	-0.0401252359543	-0.0219516073375	-0.0264022376365	-0.0987953668719
k__Bacteria;p__Bacteroidetes;c__Bacteroidia;o__Bacteroidales;f__Bacteroidaceae;g__Bacteroides;s__Bacteroides_uniformis	-0.0548294079286	1.0	0.113022702477	-0.0442456861646	-0.00929242181983	0.00211200185193	0.0208663170882	-0.0718472500324	0.0173731351029	-0.0314612855481	0.0203014566643	-0.0371577176259	-0.00473339142789	-0.0453297784989	-0.00802521082876	0.0428991656064	-0.0888679804641	0.0918388475586	-0.0286142096336	0.0418888119622	-0.026663106554	-0.0226950956148	-0.0561305180351	0.04478840416	0.0222447369025	-0.000401446092575	0.0393728897564	0.0231010172889	0.0686198512842	-0.0247690716987	-0.085426913951	0.0230699301768	-0.00288861381246	-0.10632725738	-0.0210057406169	-0.0413980998817	0.0113366932411	-0.000557422463481	0.0225444847471	0.0188874186828	-0.0101816182454	-0.0127105995888	-0.0348366372256	0.0621256865835	-0.0596744801476	-0.0516798461969	0.030233899858	-0.0734969059307	0.017718224051	-0.106602912261	0.0300280462735	-0.0475880752859	0.0634649994301	0.025909642775	0.033319385371	-0.0143761196178	-0.0277383108005	0.020556717141	-0.00931133773332
k__Bacteria;p__Bacteroidetes;c__Bacteroidia;o__Bacteroidales;f__Rikenellaceae;g__Alistipes;s__Alistipes_putredinis	-0.0711435068947	0.113022702477	1.0	0.0541878468646	0.0258356454995	0.027448257017	0.0145745455537	0.0539284660162	0.0396788165701	0.00412282808852	0.0313713161756	0.0427773534421	0.0311496459317	0.041924425234	0.0230303981668	-0.075893798234	-0.0537788660999	-0.0429742016121	-0.0471304986751	-0.0485566570212	0.02887306328	-0.0435075099637	0.01303558524	0.0558845359108	-0.0322962842556	0.0738430653379	-0.0897407272355	-0.0661523721375	-0.0167630463718	-0.0715571903281	0.0281773328393	0.053143519294	-0.00284316306184	0.0287388616827	-0.029173788168	0.0130063612024	0.0334255422232	-0.0487940369467	-0.0262211378739	0.00160768328133	-0.0404947020452	-0.06399034948	-0.0418878481492	-0.0274410873224	0.00862144592172	0.0056272598516	-0.00491014370371	-0.00478744866408	-0.0240788916426	-0.0272323165635	-0.0102469954955	-0.0349910150069	-0.0286023008842	-0.0327605772973	-0.0466655923128	0.00764258391126	-0.0144128586936	-0.0355675433681	0.00999923442207
k__Bacteria;p__Bacteroidetes;c__Bacteroidia;o__Bacteroidales;f__Prevotellaceae;g__Prevotella;s__Prevotella_copri	-0.0194182933373	-0.0442456861646	0.0541878468646	1.0	0.0579755342819	0.0117031339193	-0.0221593114936	0.0092392425636	-0.0386030354467	-0.0394129064673	0.0148519546588	-0.0940397983776	-0.102994093737	0.0447593178248	-0.00605662571643	-0.029345695372	0.00231830022836	0.0497685602863	0.0440500255357	0.0435623921774	0.00511806322641	0.0428722401805	-0.0809445593871	-0.00741819778958	0.0736763079004	0.0151154709724	-0.0337004185838	-0.0210165180671	-0.0334976668852	0.0151692917373	0.0233476376078	-0.00049486887207	-0.0789447978935	0.0425523669956	-0.00822109690762	0.0355244124846	-0.0104910296171	-0.0122926752427	-0.0471598248445	0.0395742608001	0.0322491884692	-0.0469354349166	-0.0361639228469	0.0203333593814	-0.026377673508	-0.0880605283885	-0.00671514972911	-0.0674026334711	0.0573296746302	0.022153525299	-0.0522118004207	0.0503749615963	-0.0296546752884	-0.00261762378964	-0.044381045707	0.00290685024671	-0.0523735595775	-0.0409046974637	-0.033051595581
k__Bacteria;p__Bacteroidetes;c__Bacteroidia;o__Bacteroidales;f__Bacteroidaceae;g__Bacteroides;s__Bacteroides_stercoris	0.00358533842069	-0.00929242181983	0.0258356454995	0.0579755342819	1.0	-0.022318882573	-0.0236785250931	0.0229072897179	0.0343614332854	-0.0792218869494	-0.0371347543367	-0.0211665523932	-0.00215819059302	-0.000652638076679	-0.0141423874338	-0.0417486678165	-0.0706605768691	-0.0130971185586	-0.0384110806421	0.0235302771243	-0.0437139615229	-0.0164808968309	-0.00646225449519	-0.0427181299228	0.0301143118683	-0.0083456902841	0.0221012232331	-0.0182925303333	-0.0493576979674	-0.0204669488822	0.016008883839	-0.0341960474474	-0.057749174448	-0.0498915402256	0.0585858953898	0.0203343341743	-0.0675405595925	0.0314877023321	-0.0340817537959	-0.0785563817133	0.0103106303899	0.0455603695115	-0.0470305202637	0.0416378076475	0.0188284495524	-0.0497085995774	-0.0481210036927	-0.00881771269666	0.035778875643	-0.0770312602793	0.0341829504216	0.0189578012557	0.0017287704895	0.0324780750109	0.00478918056902	0.000531804779947	-0.00616413503211	0.00351992063986	-0.00267023254563
k__Bacteria;p__Bacteroidetes;c__Bacteroidia;o__Bacteroidales;f__Bacteroidaceae;g__Bacteroides;s__Bacteroides_ovatus	0.00361893744631	0.00211200185193	0.027448257017	0.0117031339193	-0.022318882573	1.0	0.0339246202361	-0.0412882013962	-0.0362462462014	0.0502870799951	0.127463411755	-0.015032046745	-0.0099103203946	0.00956697336272	0.000480676864004	-0.00684001254318	-0.0312740268035	0.019380906468	-0.031365568582	0.00254530868796	-0.0248364551216	-0.0533391088902	-4.6392329505e-05	-0.0264198537654	-0.0224453513333	-0.0112134209297	-0.0905480264441	-0.00814279779823	0.0264754669213	0.0480763209611	-0.0423978945955	-0.0801871450804	-0.0720255805271	0.0232133412125	-0.0193698134123	-0.00682974297666	-0.0274813934047	-0.0544285876317	-0.00907693888337	-0.0822890708075	-0.0506848654451	0.0198475542415	-0.00832551334901	-0.0716678051566	-0.0318159527453	0.00827006218615	-0.0140161086956	0.0402282687304	-0.0470120425237	-0.0185590074541	0.000705125851976	0.0468319655155	-0.0825710643232	-0.0232351891417	0.0430377929628	-0.0110057447052	-0.00867419414601	-0.0140805295244	-0.0156455384074
k__Bacteria;p__Bacteroidetes;c__Bacteroidia;o__Bacteroidales;f__Rikenellaceae;g__Alistipes;s__Alistipes_shahii	-0.0155108927947	0.0208663170882	0.0145745455537	-0.0221593114936	-0.0236785250931	0.0339246202361	1.0	0.0904822476164	-0.016900822223	0.00343022083377	-0.0239259621352	-0.0227701456042	-0.026514865524	-0.0152835587475	0.0128453541826	-0.023093172476	0.0246762827655	-0.0169915250615	-0.0288976370172	-0.0274628259523	-0.00441035376533	0.00354353029951	0.0382255279932	-0.0325000847954	0.016744647391	-0.000485676452077	-0.0585576925026	-0.0925203527874	-0.0134588445851	-0.00983873661465	-0.0383403448263	-0.0189732399756	0.00399308297534	-0.0693864788524	-0.0224366352801	-0.00585537983211	-0.0140022162812	-0.0025539713392	0.0151423754757	-0.0127341575744	-0.014381345739	-0.0503585342133	-0.00530803820698	0.0019807906456	-0.0713908324387	-0.0163435471957	0.100573335882	0.0226578157989	0.0329510572569	-0.012254877457	0.0130734036133	0.00809692239588	-0.0320022037495	-0.0468894558862	-0.0608659554553	0.0108066858954	0.0529297624557	-0.00404950284734	0.0675985035404
k__Bacteria;p__Firmicutes;c__Clostridia;o__Clostridiales;f__Ruminococcaceae;g__Faecalibacterium;s__Faecalibacterium_prausnitzii	-0.0151864673126	-0.0718472500324	0.0539284660162	0.0092392425636	0.0229072897179	-0.0412882013962	0.0904822476164	1.0	-0.0809739243787	-0.0306185391513	0.0248661372319	-0.0809748722522	-0.0727891710091	-0.0660736378427	0.0205461485377	-0.0227267082692	0.0447945287868	-0.00886674258967	0.0438303365252	-0.0562429844978	0.0166858465475	0.0102887169759	-0.0121400905576	-0.0355675988926	0.0787452779454	0.00953567234264	-0.0620756928763	-0.0719119213971	-0.00406602128699	0.0129252353362	0.0493011437195	0.0487823592043	-0.0219814685507	0.0141958705883	-0.0120701334594	-0.0405353146744	-0.049289348431	0.00898411535816	-0.0335244590904	0.0245852198336	-0.0568896386523	-0.0145803053988	-0.00953981577003	-0.0162355450605	-0.0467148142098	-0.0248961045771	0.0257211620843	0.002460588497	-0.00252906069573	0.0209324596675	-0.0465305532996	0.022276132491	-0.0352087069521	-0.0471221930156	-0.0424699061128	-0.0169278305239	-0.0515901961937	0.0526565329146	-0.0572892064296
k__Bacteria;p__Bacteroidetes;c__Bacteroidia;o__Bacteroidales;f__Rikenellaceae;g__Alistipes;s__Alistipes_finegoldii	0.0659668740134	0.0173731351029	0.0396788165701	-0.0386030354467	0.0343614332854	-0.0362462462014	-0.016900822223	-0.0809739243787	1.0	0.0232797181031	-0.0336033243654	0.0271617878756	0.0537117665272	0.0264672876793	-0.0375855359173	0.00625977026355	0.0020748636997	-0.000915543158552	0.0234040457779	-0.0597323098584	-0.0591685064813	-0.0230740787332	0.00304749305366	-0.00433583824363	-0.0170413015879	-0.0367096805826	-0.00418493795471	-0.0715771893361	-0.0123582127628	-0.0415747126394	0.0240240099228	0.0131744705622	0.0215791698527	-0.0506464069297	-0.00318263492906	0.036493596863	-0.0305009129286	-0.00490904288601	0.0630880862833	0.0103549689512	-0.0655088042608	-0.0184124160637	-0.0530276287278	-0.0179963484747	0.017841813535	-0.0430146181796	-0.00434175208848	0.0503126567586	-0.0334549899001	-0.0212171983544	0.0207174701293	0.0714623971316	0.0317076033035	-0.0729925033426	-0.021972042149	0.0516930630371	-0.00351187136227	0.0485781502917	-0.0365384687095
k__Bacteria;p__Bacteroidetes;c__Bacteroidia;o__Bacteroidales;f__Porphyromonadaceae;g__Parabacteroides;s__Parabacteroides_distasonis	-0.021321425977	-0.0314612855481	0.00412282808852	-0.0394129064673	-0.0792218869494	0.0502870799951	0.00343022083377	-0.0306185391513	0.0232797181031	1.0	-0.0577505052329	0.00966713150992	-0.0168939972252	0.00393650737337	0.00690819018409	-0.0405492201505	-0.017889608049	-0.0668761730352	-0.0251277886025	0.0353774553292	-0.00457733897933	0.0117463386134	-0.0173329545201	0.0537188403477	-0.000250873598713	-0.0389608616177	-0.0329048875179	-0.0157115138184	-0.0462738573852	-0.0347749164968	0.0348434069189	-0.0630721260043	-0.0197602628739	-0.0417664331158	0.0168897583761	-0.0153991507352	0.0135868687027	-0.0448743801107	-0.0192786686685	0.0301702869913	-0.0513734341	-0.0649851224602	-0.030508161818	-0.00373793946875	-0.0161531226038	0.0305874558897	-0.0643282808848	-0.0123108495878	0.0424676473019	-0.0536607802486	0.0155521630805	0.0800552270049	-0.112572433173	0.0222874002759	-0.0461673006757	-0.0137223361994	0.0194818236816	-0.056731410647	-0.00321240865263
k__Bacteria;p__Bacteroidetes;c__Bacteroidia;o__Bacteroidales;f__Bacteroidaceae;g__Bacteroides;s__Bacteroides_thetaiotaomicron	-0.00730800207183	0.0203014566643	0.0313713161756	0.0148519546588	-0.0371347543367	0.127463411755	-0.0239259621352	0.0248661372319	-0.0336033243654	-0.0577505052329	1.0	-0.0407041281862	0.0408236219135	0.0432629285478	-0.036326316658	0.027723110521	0.0447528113352	0.0121220045077	-0.0721691321596	-0.00621501330099	0.000673685892501	0.00914347517936	0.04011843626	-0.0469861370808	-0.0224347411312	-0.0356599486516	-0.000973235029917	-0.101205491309	0.0395874778234	-0.019894921468	-0.123917581774	0.000377271289417	-0.0299167929361	0.00899592144833	-0.0791408990742	-0.0122441989992	-0.0352315438918	-0.0386102412363	-0.0158392481035	0.0524966402499	0.0176007821005	0.0621200260958	-0.0498494970798	-0.0256118338759	0.00494107513561	-0.0427650887215	0.0189749926136	0.0333350882436	-0.0650237016648	-0.0141905359749	0.00904034001822	0.00590326959443	-0.0274700068385	0.00880574404273	0.0215171517282	-0.0243164965732	-0.0333649215169	0.0128466134967	0.00573793353936
k__Bacteria;p__Bacteroidetes;c__Bacteroidia;o__Bacteroidales;f__Bacteroidaceae;g__Bacteroides;s__Bacteroides_coprocola	-0.0463780174576	-0.0371577176259	0.0427773534421	-0.0940397983776	-0.0211665523932	-0.015032046745	-0.0227701456042	-0.0809748722522	0.0271617878756	0.00966713150992	-0.0407041281862	1.0	-0.0678204269922	-0.0352266887175	-0.0230944362984	-0.0127446638254	0.0404025427744	-0.055649911157	-0.0126493339488	0.033976387948	0.00146014502531	0.0557048263463	-0.109912064845	-0.00399329532812	-0.0149598198369	-0.0113925801698	0.00677531098603	-0.0112218520803	0.00293482354648	-0.0100304238863	-0.0567565807905	-0.0314298806182	-0.0529456099881	0.0326334194218	-0.0113096351482	-0.0257408937175	0.00094682109707	-0.0636494942243	0.00354760607063	0.0495003364207	-0.0248547301503	0.00688205669751	-0.0243295581274	-0.00741134134985	-0.0178732871108	-0.0390810153509	0.00575415309025	0.0668209487443	0.0326375100949	-0.0187503640268	0.0482174582933	-0.00738334500741	0.0111905586465	-0.00281084896801	-0.00923005396842	0.0427608733644	0.0635968374127	0.0537310835304	0.00487860869017
k__Bacteria;p__Bacteroidetes;c__Bacteroidia;o__Bacteroidales;f__Bacteroidaceae;g__Bacteroides;s__Bacteroides_cellulosilyticus	-0.0243151861908	-0.00473339142789	0.0311496459317	-0.102994093737	-0.00215819059302	-0.0099103203946	-0.026514865524	-0.0727891710091	0.0537117665272	-0.0168939972252	0.0408236219135	-0.0678204269922	1.0	0.0600546272491	0.0179510458658	-0.0397895383939	-0.0235778594232	0.0323285098635	0.0561079693791	0.00123406305203	0.0474250113744	0.000582211066924	0.062024736095	-0.00416239280098	-0.00265688170884	0.036858280391	0.0365045449356	-0.0107598094724	-0.0947787412953	-0.0802670096004	-0.00551850060485	-0.0643681870744	-0.0220584208817	-0.0428466284566	0.00369186074876	0.00877439365254	0.00849397362102	0.0486579752121	0.00898539840899	-0.0182629693806	-0.0789083013169	-0.02790965326	-0.0736421760882	-0.0105212969369	0.0359536556851	0.0369144124354	0.0326852552933	-0.0414594836058	-0.00783026540418	-0.00734195681546	-0.0590264289347	-0.0219306679075	0.000844849468454	-0.0401430249719	-0.0397988034481	-0.00403684326076	-0.0510546224904	-0.0937618287419	0.0549304304382
k__Bacteria;p__Bacteroidetes;c__Bacteroidia;o__Bacteroidales;f__Rikenellaceae;g__Alistipes;s__Alistipes_obesi	-0.0217400226405	-0.0453297784989	0.041924425234	0.0447593178248	-0.000652638076679	0.00956697336272	-0.0152835587475	-0.0660736378427	0.0264672876793	0.00393650737337	0.0432629285478	-0.0352266887175	0.0600546272491	1.0	-0.0405583456775	0.0123594633233	0.0419013327261	-0.0883759790305	0.0161033658257	-0.0301725340553	0.00533753165119	0.0209526338996	-0.0139099123605	-0.047896894305	-0.0214805528764	0.0246730805932	-0.00468431827747	-0.00462186904079	-0.0334814193035	-0.0638953133295	-0.00833330265631	-0.0551762569699	0.0144485295286	-0.00932575056726	-0.0304785302089	0.0288579393518	-0.0190537576387	-0.0264447469667	-0.0302797359888	0.0131587791851	-0.101877290523	-0.0638799518452	0.0484291925596	0.0616486475508	-0.0190576931562	-0.00532248839287	-0.00758553233696	-0.0312864897703	0.0253347940955	-0.0211704852519	-0.040995667571	0.0252833779633	0.0776048273579	0.00937883541729	0.00344745082016	-0.0391432937824	-0.0194426313174	-0.0660933531988	-0.00215328719333
k__Bacteria;p__Firmicutes;c__Clostridia;o__Clostridiales;f__Lachnospiraceae;g__;s__[Eubacterium]_rectale	-0.0411398399584	-0.00802521082876	0.0230303981668	-0.00605662571643	-0.0141423874338	0.000480676864005	0.0128453541826	0.0205461485377	-0.0375855359173	0.00690819018409	-0.036326316658	-0.0230944362984	0.0179510458658	-0.0405583456775	1.0	-0.118611966258	0.0159719414968	-0.0182585110118	-0.0298451957827	-0.00864823110297	-0.0346656763459	-0.0523247998466	0.0991957090081	0.0174011313973	0.0823398699891	0.00178472723114	-0.0392754840405	0.00092271544672	-0.0387559801386	-0.0108714010675	0.00666891020174	-0.0115110171751	-0.0707144773359	-0.0599551783359	0.0245613628798	0.0107384896259	0.0352505880721	-0.0624507267473	-0.0290202653695	0.00367025426976	-0.0452882566612	-0.020614929726	-0.065482758632	0.00725535499641	0.0203738295179	-0.0091716961781	-0.0168859538474	-0.0360846095508	-0.00802172521546	-0.0793901707128	0.0759818172261	-0.025713526312	0.0222176392975	-0.0324152239079	0.0331667983116	-0.0130767735465	0.0246332594868	-0.0338571804408	-0.024265680406
k__Bacteria;p__Bacteroidetes;c__Bacteroidia;o__Bacteroidales;f__Bacteroidaceae;g__Bacteroides;s__Bacteroides_plebeius	0.0042706137428	0.0428991656064	-0.075893798234	-0.029345695372	-0.0417486678165	-0.00684001254318	-0.023093172476	-0.0227267082692	0.00625977026355	-0.0405492201505	0.027723110521	-0.0127446638254	-0.0397895383939	0.0123594633233	-0.118611966258	1.0	-0.0533425725414	0.0117890279727	-0.0307614803039	0.0112617523848	0.0394681946376	-0.0139631170211	-0.0594699333388	-0.0373172603587	0.0147613572374	0.0351859467408	0.0337812614666	-0.081288178151	-0.0155428673576	0.0339443963588	-0.080512979609	-0.044778168096	0.0420639447994	0.000801363273516	-0.00552126507638	0.0464294512548	-0.0291351781676	-0.0188334116925	-0.0157089409648	-0.015410034838	-0.014029205373	-0.00869398463346	-0.071625326144	0.0524027703534	-0.0138879706374	0.0551112439194	0.00395122094433	0.0215337295615	-0.00140904261686	-0.0462872413605	0.0152960761231	-0.00416258826732	0.0195191017327	0.0199486218301	0.0401195615973	0.0863491176956	-0.0427221013521	0.0710461398617	-0.131964746393
k__Bacteria;p__Bacteroidetes;c__Bacteroidia;o__Bacteroidales;f__Bacteroidaceae;g__Bacteroides;s__Bacteroides_fragilis	0.0234438452499	-0.0888679804641	-0.0537788660999	0.00231830022836	-0.0706605768691	-0.0312740268035	0.0246762827655	0.0447945287868	0.0020748636997	-0.017889608049	0.0447528113352	0.0404025427744	-0.0235778594232	0.0419013327261	0.0159719414968	-0.0533425725414	1.0	0.0138835519309	-0.0125055783032	-0.0560817832284	-0.092849868492	0.0627040540708	-0.0376088431909	-0.0326967004603	0.0234054588543	-0.0115179946308	0.0645185713143	0.00177158373321	-0.0489725840032	-0.0849916251269	-0.0130703780167	0.00402241720252	0.0200558795367	-0.0125811685162	0.00277225000621	0.0160704239921	-0.0336230428321	-0.0567013516382	-0.013445248251	-0.0562236020902	0.00757220642048	0.0314138525647	-0.0674830757867	-0.00901626108839	0.00116574111512	-0.126260596745	-0.0374949188009	-0.0174743321295	-0.0358775913932	-0.0198181149802	-0.055448362241	-0.0235049396451	0.0258880022493	-0.026697137298	0.011611343269	0.0203520355361	0.0998693330275	-0.0403993935263	0.0558641148743
k__Bacteria;p__Proteobacteria;c__Betaproteobacteria;o__Burkholderiales;f__Sutterellaceae;g__Sutterella;s__Sutterella_wadsworthensis	0.0120773964291	0.0918388475586	-0.0429742016121	0.0497685602863	-0.0130971185586	0.019380906468	-0.0169915250615	-0.00886674258967	-0.000915543158552	-0.0668761730352	0.0121220045077	-0.055649911157	0.0323285098635	-0.0883759790305	-0.0182585110118	0.0117890279727	0.0138835519309	1.0	-0.0997764300938	-0.0113537530429	-0.0543067942455	0.00512260335445	-0.0542544010697	-0.0428275235343	0.0762286002754	0.0159325909697	0.0155537672581	-0.0159406698882	0.0256753932737	-0.0355779245868	-0.0620982874352	-0.0214815789763	-0.011186866053	-0.0437878968971	-0.055545643387	0.0741537619979	-0.0324751246802	-0.0339914960803	0.0568503565442	0.0122125979148	0.00648535860775	0.0768524523459	-0.00525366843017	0.0108632317621	-0.0617434524139	-0.0354300096159	0.0326158417899	-0.00328040575315	-0.0710914228621	0.0448585907594	-0.0481968958533	-0.0287983276423	-0.00264434630597	0.0059812026072	0.0017634140387	-0.056625940318	-0.0290934255988	-0.0099891170466	0.0120792925637
k__Bacteria;p__Bacteroidetes;c__Bacteroidia;o__Bacteroidales;f__Porphyromonadaceae;g__Barnesiella;s__Barnesiella_intestinihominis	-0.0270461991431	-0.0286142096336	-0.0471304986751	0.0440500255357	-0.0384110806421	-0.031365568582	-0.0288976370172	0.0438303365252	0.0234040457779	-0.0251277886025	-0.0721691321596	-0.0126493339488	0.0561079693791	0.0161033658257	-0.0298451957827	-0.0307614803039	-0.0125055783032	-0.0997764300938	1.0	0.0570912985162	-0.0449449662652	-0.0808039486743	0.0235086063553	0.000631376397895	0.00911695685308	0.0240841729988	0.0441987063031	0.0681216896174	0.00278220625653	-0.0510507490682	-0.0406461587086	0.0366836303434	0.0478251347722	0.00234095895326	-0.0196602524897	-0.0375327825499	-0.0109719389632	0.00986472046902	0.0122308565126	0.0424649607628	0.0203830148783	-0.0199374942431	-0.0249177895177	-0.0326411530236	-0.00221920246109	-0.0313632552693	-0.0509267192955	-0.0415148129742	-0.0218757070782	0.0176530226705	-0.0307430197414	0.02515460746	0.104879123681	-0.0595801345453	-0.00821102784361	-0.0500810913715	0.00701369712175	-0.0754616541501	0.0629169258873
k__Bacteria;p__Bacteroidetes;c__Bacteroidia;o__Bacteroidales;f__Odoribacteraceae;g__Odoribacter;s__Odoribacter_splanchnicus	0.0290898126756	0.0418888119622	-0.0485566570212	0.0435623921774	0.0235302771243	0.00254530868796	-0.0274628259523	-0.0562429844978	-0.0597323098584	0.0353774553292	-0.00621501330099	0.033976387948	0.00123406305203	-0.0301725340553	-0.00864823110297	0.0112617523848	-0.0560817832284	-0.0113537530429	0.0570912985162	1.0	-0.0548282424113	-0.0323112137642	0.0156853585054	-0.0618933761723	-0.0560626519153	0.052325695263	-0.0188278728065	0.0287023315874	-0.0352032588264	-0.0266219561646	-0.0696656851896	-0.0376585792083	-0.020933571828	-0.0438991347359	-0.0149459714233	-0.0288766693408	-0.0149274962716	0.00432453063609	0.0256330378024	-0.0435201091904	0.0773922244247	0.0833542999354	-0.0265994652879	0.023034249822	-0.00924216431853	-0.0576044804076	-0.0301597728328	-0.00577027065047	-0.0514706252655	0.0113204764667	0.0272656262616	0.00817482922342	-0.0747232731686	-0.0148122633672	-0.0369747622911	-0.0310321918042	-0.0449295059391	0.0272509745251	-0.0284062789007
k__Bacteria;p__Bacteroidetes;c__Bacteroidia;o__Bacteroidales;f__Bacteroidaceae;g__Bacteroides;s__Bacteroides_salyersiae	-0.0990581820814	-0.026663106554	0.02887306328	0.00511806322641	-0.0437139615229	-0.0248364551216	-0.00441035376533	0.0166858465475	-0.0591685064813	-0.00457733897933	0.000673685892501	0.00146014502531	0.0474250113744	0.00533753165119	-0.0346656763459	0.0394681946376	-0.092849868492	-0.0543067942455	-0.0449449662652	-0.0548282424113	1.0	0.0548946386271	0.0400916772112	-0.0298422618558	-0.0407709576513	-0.0266530610279	0.0333862132132	-0.0347001452985	0.0171720856011	0.0269865463045	-0.0581124660368	-0.0376599359324	-0.0261350076611	0.0969561439567	0.00782974329171	-0.00335342763742	-0.0337368035794	-0.0432386290756	-0.0649370316325	0.00760915088102	-0.00461919062973	-0.044942794066	-0.0942325760913	-0.000344308393355	-0.0456491230825	0.0111005262317	-0.00588369399687	0.0466960212491	-0.0773699168231	0.0227792252304	0.0913162391148	-0.0138575788015	0.032418709173	-0.0596046132523	-0.0247728348222	0.0527583393562	-0.0201267585067	0.0275976131813	0.0466215184422
k__Bacteria;p__Firmicutes;c__Clostridia;o__Clostridiales;f__Ruminococcaceae;g__Ruminiclostridium;s__[Eubacterium]_siraeum	-0.00964663264371	-0.0226950956148	-0.0435075099637	0.0428722401805	-0.0164808968309	-0.0533391088902	0.00354353029951	0.0102887169759	-0.0230740787332	0.0117463386134	0.00914347517936	0.0557048263463	0.000582211066924	0.0209526338996	-0.0523247998466	-0.0139631170211	0.0627040540708	0.00512260335445	-0.0808039486743	-0.0323112137642	0.0548946386271	1.0	-0.0306218108143	0.0348714480036	0.00525291245893	-0.0529220071779	-0.0238452871692	5.65883709027e-05	-0.00961753148175	0.0115897114182	-0.0471866648986	-0.0144653285611	0.0123798171568	0.00681803742388	0.0143805294661	-0.031842523086	0.0731191184022	-0.0271369423818	-0.0501303213993	0.0128512724629	-0.0549115789335	0.0818713066372	-0.0435201101733	-0.0106945949245	0.0082059518568	0.00790585434732	0.0223671972068	-0.0335563713893	-0.0487641120294	-0.029448098894	-0.0796368415561	-0.0623297820052	0.00240363031455	0.0465758117371	0.0587811831024	-0.0978550119516	-0.00150323512849	-0.0443066542915	-0.00522062932049
k__Bacteria;p__Proteobacteria;c__Betaproteobacteria;o__Burkholderiales;f__Sutterellaceae;g__Parasutterella;s__Parasutterella_excrementihominis	-0.0262035054732	-0.0561305180351	0.01303558524	-0.0809445593871	-0.00646225449519	-4.6392329505e-05	0.0382255279932	-0.0121400905576	0.00304749305366	-0.0173329545201	0.04011843626	-0.109912064845	0.062024736095	-0.0139099123605	0.0991957090081	-0.0594699333388	-0.0376088431909	-0.0542544010697	0.0235086063553	0.0156853585054	0.0400916772112	-0.0306218108143	1.0	0.0141984052754	-0.058349411203	0.0425637767222	-0.0354830608523	-0.0109315768061	-0.0204893711698	-0.00897609000581	-0.0871832062158	-0.0112228920786	-0.0644573017208	-0.0358075317725	-0.00564608310693	-0.0442998594776	0.0337417688422	0.00663450671917	0.0620026805065	0.0173796364529	-0.0147271297471	-0.00322357052276	-0.00170666039825	-0.0693391583371	-0.00197869891161	-0.0816737006211	0.023031873118	-0.0614279852472	-0.0337508736697	0.0493824383833	0.0182036392533	-0.0553308275317	-0.0118663042522	-0.0647898223914	-0.0395721558944	-0.000511124247561	-0.0393504049104	-0.0589052247915	0.107874458438
k__Bacteria;p__Actinobacteria;c__Actinobacteria;o__Bifidobacteriales;f__Bifidobacteriaceae;g__Bifidobacterium;s__Bifidobacterium_adolescentis	-0.00573410815753	0.04478840416	0.0558845359108	-0.00741819778958	-0.0427181299228	-0.0264198537654	-0.0325000847954	-0.0355675988926	-0.00433583824363	0.0537188403477	-0.0469861370808	-0.00399329532812	-0.00416239280098	-0.047896894305	0.0174011313973	-0.0373172603587	-0.0326967004603	-0.0428275235343	0.000631376397895	-0.0618933761723	-0.0298422618558	0.0348714480036	0.0141984052754	1.0	0.0185659155375	0.0458973650181	-0.058329138555	0.0178965761048	0.0337587459051	-0.00201660276155	-0.0051729870439	-0.00402040734496	0.0101875220066	-0.0331730149674	0.0603594766406	0.0240990990409	0.0168960694434	-0.136822603246	-0.0301199195777	-0.0472820971562	0.0189407544786	-0.108623406374	-0.0257638295549	-0.0171432370229	-0.0102567953444	0.00183584063109	0.0534222729445	-0.0149505085498	0.0332204297576	-0.0604860952435	0.0300806404588	0.00240370835477	-0.0708648392807	0.0035360824416	-0.016883819448	0.0536892838452	-0.116080069425	-0.00482088115502	0.057692116438
k__Bacteria;p__Firmicutes;c__Clostridia;o__Clostridiales;f__Oscillospiraceae;g__Oscillibacter;s__Oscillibacter_sp._KLE_1745	0.00309318101673	0.0222447369025	-0.0322962842556	0.0736763079004	0.0301143118683	-0.0224453513333	0.016744647391	0.0787452779454	-0.0170413015879	-0.000250873598713	-0.0224347411312	-0.0149598198369	-0.00265688170884	-0.0214805528764	0.0823398699891	0.0147613572374	0.0234054588543	0.0762286002754	0.00911695685308	-0.0560626519153	-0.0407709576513	0.00525291245893	-0.058349411203	0.0185659155375	1.0	-0.079093495169	0.00911008626806	-0.0219730992819	-0.0729477708603	0.0248797358077	0.0294078025133	0.0563553723512	-0.0624336412945	-0.0222772116382	0.00112349593395	-0.00112076140023	0.0226020085665	0.0108139679862	-0.0441528819521	-0.088360613505	-0.00774850904999	0.0697429363819	-0.0217086454734	0.0440221696169	0.0100468969055	-0.0384707279647	-0.077928532032	-0.12852939644	0.0235121739493	0.0240534104207	0.046202320632	0.0193282614108	-0.0513748497588	-0.00718089475988	-0.113405602266	0.0177885632191	0.0584540794644	0.0116145644231	-0.0312537402913
k__Bacteria;p__Bacteroidetes;c__Bacteroidia;o__Bacteroidales;f__Bacteroidaceae;g__Bacteroides;s__Bacteroides_coprophilus	-0.0501344940013	-0.000401446092575	0.0738430653379	0.0151154709724	-0.0083456902841	-0.0112134209297	-0.000485676452077	0.00953567234264	-0.0367096805826	-0.0389608616177	-0.0356599486516	-0.0113925801698	0.036858280391	0.0246730805932	0.00178472723114	0.0351859467408	-0.0115179946308	0.0159325909697	0.0240841729988	0.052325695263	-0.0266530610279	-0.0529220071779	0.0425637767222	0.0458973650181	-0.079093495169	1.0	0.000312882716855	-0.0485889949246	-0.0692719602264	0.0274762853856	0.00013795153941	-0.0864212737147	-0.00428327338398	0.0614832392624	-0.0851175430834	0.00315989424315	-0.0429399825281	-0.0180500647421	-0.0398634222141	-0.000451621049437	0.00701755885792	-0.059017915555	-0.0230469724288	-0.0401820456937	-0.0208495260757	-0.0261780296346	0.0345836400383	-0.0112760271962	0.0271393850507	-0.00160910468167	-0.0108825661009	-0.0227034757378	-0.0464209249427	-0.061741118496	-0.0152002849982	0.00694309382706	-0.0368247738393	0.00931744236167	-0.0427694302371
k__Bacteria;p__Firmicutes;c__Clostridia;o__Clostridiales;f__Lachnospiraceae;g__Roseburia;s__Roseburia_intestinalis	-0.0853366785974	0.0393728897564	-0.0897407272355	-0.0337004185838	0.0221012232331	-0.0905480264441	-0.0585576925026	-0.0620756928763	-0.00418493795471	-0.0329048875179	-0.000973235029917	0.00677531098603	0.0365045449356	-0.00468431827747	-0.0392754840405	0.0337812614666	0.0645185713143	0.0155537672581	0.0441987063031	-0.0188278728065	0.0333862132132	-0.0238452871692	-0.0354830608523	-0.058329138555	0.00911008626806	0.000312882716855	1.0	-0.015305660014	-0.0140357129821	-0.0825850816581	-0.0371313183199	0.0253984245805	0.00446427369153	0.0460604174548	-0.0186586316995	-0.01615380824	-0.0882183002554	-0.0341000299341	-0.0108815316669	-0.00387899858234	0.00235251393756	-0.0284468686143	0.0232611542701	0.0315294166994	-0.0207193436889	-0.0588389141987	-0.0715712694753	0.0170996505823	0.0241182521423	0.00198368577866	-0.0361597429198	-0.000614508070052	0.00881283027604	0.00887385116815	0.00392534499011	0.0561943009245	0.00714083377822	0.00463361005057	0.0111254656759
k__Bacteria;p__Firmicutes;c__Clostridia;o__Clostridiales;f__Lachnospiraceae;g__Roseburia;s__Roseburia_hominis	0.00784378295011	0.0231010172889	-0.0661523721375	-0.0210165180671	-0.0182925303333	-0.00814279779823	-0.0925203527874	-0.0719119213971	-0.0715771893361	-0.0157115138184	-0.101205491309	-0.0112218520803	-0.0107598094724	-0.00462186904079	0.00092271544672	-0.081288178151	0.00177158373321	-0.0159406698882	0.0681216896174	0.0287023315874	-0.0347001452985	5.65883709027e-05	-0.0109315768061	0.0178965761048	-0.0219730992819	-0.0485889949246	-0.015305660014	1.0	0.0222479451354	0.0497509756128	0.0437391564421	-0.0316168310472	-0.0345678288347	-0.0328745495302	-0.0794348689468	0.0283747588568	0.0260802205476	0.0750627561198	-0.0541239939506	0.0336943414951	-0.0512870616053	-0.0297452557471	-0.0325121927071	-0.0637769777583	-0.0120089649885	-0.0539253619475	-0.0166202105015	0.00692351109762	0.0444494456748	-0.0778987267578	0.016232387441	-0.0192629415407	-0.000233933482092	0.0288778935481	0.0522861131296	0.0568754067346	-0.0289374812426	-0.0653834590022	0.0819104358109
k__Bacteria;p__Bacteroidetes;c__Bacteroidia;o__Bacteroidales;f__Porphyromonadaceae;g__Parabacteroides;s__Parabacteroides_johnsonii	-0.0675322780405	0.0686198512842	-0.0167630463718	-0.0334976668852	-0.0493576979674	0.0264754669213	-0.0134588445851	-0.00406602128699	-0.0123582127628	-0.0462738573852	0.0395874778234	0.00293482354648	-0.0947787412953	-0.0334814193035	-0.0387559801386	-0.0155428673576	-0.0489725840032	0.0256753932737	0.00278220625653	-0.0352032588264	0.0171720856011	-0.00961753148175	-0.0204893711698	0.0337587459051	-0.0729477708603	-0.0692719602264	-0.0140357129821	0.0222479451354	1.0	-0.0761879340365	0.0644294695689	-0.0260529222812	0.0536120026112	-0.0297514713168	-0.0039570327059	-0.101644203727	-0.0443414780891	-0.032359970352	0.0167081137635	0.0226442303847	0.039464383289	0.00779470331891	-0.070930918555	0.0595123744308	0.0433727512086	-0.093757020451	0.0291658456593	0.0420957428566	0.0711280813246	0.0127479802799	0.0293518156021	0.0426183322267	0.00512792375921	0.0176606758649	0.0142618861913	-0.0242856009839	0.0087432525097	-0.0188515536827	0.0379554964641
k__Bacteria;p__Actinobacteria;c__Actinobacteria;o__Bifidobacteriales;f__Bifidobacteriaceae;g__Bifidobacterium;s__Bifidobacterium_longum	-0.0532612448302	-0.0247690716987	-0.0715571903281	0.0151692917373	-0.0204669488822	0.0480763209611	-0.00983873661465	0.0129252353362	-0.0415747126394	-0.0347749164968	-0.019894921468	-0.0100304238863	-0.0802670096004	-0.0638953133295	-0.0108714010675	0.0339443963588	-0.0849916251269	-0.0355779245868	-0.0510507490682	-0.0266219561646	0.0269865463045	0.0115897114182	-0.00897609000581	-0.00201660276155	0.0248797358077	0.0274762853856	-0.0825850816581	0.0497509756128	-0.0761879340365	1.0	-0.0165844052936	0.0153776258482	-0.067778378769	0.0102356246159	0.050713913515	-0.0238559622109	0.0315055557293	0.0224992911776	-0.0642303869627	-0.022566554767	0.0127358597084	-0.08170283891	0.0147756280297	-0.0361377408722	-0.0566567176687	0.117367137012	-0.0216523466827	-0.0263058996214	0.0444074032527	0.0275706789004	-0.0530498798118	0.0955160721516	0.0463283736606	0.00788839152607	0.066521740809	-0.0243237896812	-0.0506941449493	0.0164215504717	-0.0373266819807
