#taxonomy	k__Bacteria;p__Bacteroidetes;c__Bacteroidia;o__Bacteroidales;f__Bacteroidaceae;g__Bacteroides;s__Bacteroides_vulgatus	k__Bacteria;p__Bacteroidetes;c__Bacteroidia;o__Bacteroidales;f__Bacteroidaceae;g__Bacteroides;s__Bacteroides_uniformis	k__Bacteria;p__Bacteroidetes;c__Bacteroidia;o__Bacteroidales;f__Rikenellaceae;g__Alistipes;s__Alistipes_putredinis	k__Bacteria;p__Bacteroidetes;c__Bacteroidia;o__Bacteroidales;f__Prevotellaceae;g__Prevotella;s__Prevotella_copri	k__Bacteria;p__Bacteroidetes;c__Bacteroidia;o__Bacteroidales;f__Bacteroidaceae;g__Bacteroides;s__Bacteroides_stercoris	k__Bacteria;p__Bacteroidetes;c__Bacteroidia;o__Bacteroidales;f__Bacteroidaceae;g__Bacteroides;s__Bacteroides_ovatus	k__Bacteria;p__Bacteroidetes;c__Bacteroidia;o__Bacteroidales;f__Rikenellaceae;g__Alistipes;s__Alistipes_shahii	k__Bacteria;p__Firmicutes;c__Clostridia;o__Clostridiales;f__Ruminococcaceae;g__Faecalibacterium;s__Faecalibacterium_prausnitzii	k__Bacteria;p__Bacteroidetes;c__Bacteroidia;o__Bacteroidales;f__Rikenellaceae;g__Alistipes;s__Alistipes_finegoldii	k__Bacteria;p__Bacteroidetes;c__Bacteroidia;o__Bacteroidales;f__Porphyromonadaceae;g__Parabacteroides;s__Parabacteroides_distasonis	k__Bacteria;p__Bacteroidetes;c__Bacteroidia;o__Bacteroidales;f__Bacteroidaceae;g__Bacteroides;s__Bacteroides_thetaiotaomicron	k__Bacteria;p__Bacteroidetes;c__Bacteroidia;o__Bacteroidales;f__Bacteroidaceae;g__Bacteroides;s__Bacteroides_coprocola	k__Bacteria;p__Bacteroidetes;c__Bacteroidia;o__Bacteroidales;f__Bacteroidaceae;g__Bacteroides;s__Bacteroides_cellulosilyticus	k__Bacteria;p__Bacteroidetes;c__Bacteroidia;o__Bacteroidales;f__Rikenellaceae;g__Alistipes;s__Alistipes_obesi	k__Bacteria;p__Firmicutes;c__Clostridia;o__Clostridiales;f__Lachnospiraceae;g__;s__[Eubacterium]_rectale	k__Bacteria;p__Bacteroidetes;c__Bacteroidia;o__Bacteroidales;f__Bacteroidaceae;g__Bacteroides;s__Bacteroides_plebeius	k__Bacteria;p__Bacteroidetes;c__Bacteroidia;o__Bacteroidales;f__Bacteroidaceae;g__Bacteroides;s__Bacteroides_fragilis	k__Bacteria;p__Proteobacteria;c__Betaproteobacteria;o__Burkholderiales;f__Sutterellaceae;g__Sutterella;s__Sutterella_wadsworthensis	k__Bacteria;p__Bacteroidetes;c__Bacteroidia;o__Bacteroidales;f__Porphyromonadaceae;g__Barnesiella;s__Barnesiella_intestinihominis	k__Bacteria;p__Bacteroidetes;c__Bacteroidia;o__Bacteroidales;f__Odoribacteraceae;g__Odoribacter;s__Odoribacter_splanchnicus	k__Bacteria;p__Bacteroidetes;c__Bacteroidia;o__Bacteroidales;f__Bacteroidaceae;g__Bacteroides;s__Bacteroides_salyersiae	k__Bacteria;p__Firmicutes;c__Clostridia;o__Clostridiales;f__Ruminococcaceae;g__Ruminiclostridium;s__[Eubacterium]_siraeum	k__Bacteria;p__Proteobacteria;c__Betaproteobacteria;o__Burkholderiales;f__Sutterellaceae;g__Parasutterella;s__Parasutterella_excrementihominis	k__Bacteria;p__Actinobacteria;c__Actinobacteria;o__Bifidobacteriales;f__Bifidobacteriaceae;g__Bifidobacterium;s__Bifidobacterium_adolescentis	k__Bacteria;p__Firmicutes;c__Clostridia;o__Clostridiales;f__Oscillospiraceae;g__Oscillibacter;s__Oscillibacter_sp._KLE_1745	k__Bacteria;p__Bacteroidetes;c__Bacteroidia;o__Bacteroidales;f__Bacteroidaceae;g__Bacteroides;s__Bacteroides_coprophilus	k__Bacteria;p__Firmicutes;c__Clostridia;o__Clostridiales;f__Lachnospiraceae;g__Roseburia;s__Roseburia_intestinalis	k__Bacteria;p__Firmicutes;c__Clostridia;o__Clostridiales;f__Lachnospiraceae;g__Roseburia;s__Roseburia_hominis	k__Bacteria;p__Bacteroidetes;c__Bacteroidia;o__Bacteroidales;f__Porphyromonadaceae;g__Parabacteroides;s__Parabacteroides_johnsonii	k__Bacteria;p__Actinobacteria;c__Actinobacteria;o__Bifidobacteriales;f__Bifidobacteriaceae;g__Bifidobacterium;s__Bifidobacterium_longum	k__Bacteria;p__Firmicutes;c__Clostridia;o__Clostridiales;f__;g__Flavonifractor;s__Flavonifractor_plautii	k__Bacteria;p__Firmicutes;c__Clostridia;o__Clostridiales;f__Clostridiaceae;g__Clostridium;s__Clostridium_phoceensis	k__Bacteria;p__Verrucomicrobia;c__Verrucomicrobiae;o__Verrucomicrobiales;f__Akkermansiaceae;g__Akkermansia;s__Akkermansia_muciniphila	k__Bacteria;p__Bacteroidetes;c__Bacteroidia;o__Bacteroidales;f__Prevotellaceae;g__Paraprevotella;s__Paraprevotella_xylaniphila	k__Bacteria;p__Firmicutes;c__Clostridia;o__Clostridiales;f__Ruminococcaceae;g__Ruminococcus;s__Ruminococcus_callidus	k__Bacteria;p__Bacteroidetes;c__Bacteroidia;o__Bacteroidales;f__Rikenellaceae;g__Alistipes;s__Alistipes_senegalensis	k__Bacteria;p__Firmicutes;c__Clostridia;o__Clostridiales;f__Lachnospiraceae;g__Blautia;s__Blautia_sp._KLE_1732	k__Bacteria;p__Bacteroidetes;c__Bacteroidia;o__Bacteroidales;f__Bacteroidaceae;g__Bacteroides;s__Bacteroides_oleiciplenus	k__Bacteria;p__Firmicutes;c__Clostridia;o__Clostridiales;f__Ruminococcaceae;g__Ruminococcus;s__Ruminococcus_bicirculans	k__Bacteria;p__Bacteroidetes;c__Bacteroidia;o__Bacteroidales;f__Bacteroidaceae;g__Bacteroides;s__Bacteroides_fluxus	k__Bacteria;p__Bacteroidetes;c__Bacteroidia;o__Bacteroidales;f__Prevotellaceae;g__Prevotella;s__Prevotella_stercorea	k__Bacteria;p__Firmicutes;c__Clostridia;o__Clostridiales;f__Lachnospiraceae;g__Dorea;s__Dorea_longicatena	k__Bacteria;p__Firmicutes;c__Clostridia;o__Clostridiales;f__Eubacteriaceae;g__Eubacterium;s__[Eubacterium]_eligens	k__Bacteria;p__Firmicutes;c__Clostridia;o__Clostridiales;f__Ruminococcaceae;g__;s__Ruminococcaceae_bacterium_D16	k__Bacteria;p__Firmicutes;c__Clostridia;o__Clostridiales;f__Lachnospiraceae;g__Coprococcus;s__Coprococcus_comes	k__Bacteria;p__Proteobacteria;c__Gammaproteobacteria;o__Enterobacterales;f__Enterobacteriaceae;g__Escherichia;s__Escherichia_coli	k__Bacteria;p__Firmicutes;c__Clostridia;o__Clostridiales;f__Ruminococcaceae;g__Anaerotruncus;s__Anaerotruncus_colihominis	k__Bacteria;p__Firmicutes;c__Clostridia;o__Clostridiales;f__Lachnospiraceae;g__Blautia;s__Blautia_obeum	k__Bacteria;p__Bacteroidetes;c__Bacteroidia;o__Bacteroidales;f__Odoribacteraceae;g__Odoribacter;s__Odoribacter_laneus	k__Bacteria;p__Firmicutes;c__Clostridia;o__Clostridiales;f__Ruminococcaceae;g__Ruminiclostridium;s__[Clostridium]_leptum	k__Bacteria;p__Bacteroidetes;c__Bacteroidia;o__Bacteroidales;f__Porphyromonadaceae;g__Parabacteroides;s__Parabacteroides_goldsteinii	k__Bacteria;p__Firmicutes;c__Clostridia;o__Clostridiales;f__Lachnospiraceae;g__Anaerostipes;s__Anaerostipes_hadrus	k__Bacteria;p__Firmicutes;c__Clostridia;o__Clostridiales;f__Ruminococcaceae;g__Ruminococcus;s__Ruminococcus_lactaris	k__Bacteria;p__Firmicutes;c__Clostridia;o__Clostridiales;f__Clostridiaceae;g__Clostridium;s__Clostridium_sp._L2-50	k__Bacteria;p__Firmicutes;c__Clostridia;o__Clostridiales;f__Clostridiaceae;g__Clostridium;s__Clostridium_sp._M62/1	k__Bacteria;p__Firmicutes;c__Clostridia;o__Clostridiales;f__;g__Intestinimonas;s__Intestinimonas_butyriciproducens	k__Bacteria;p__Actinobacteria;c__Actinobacteria;o__Bifidobacteriales;f__Bifidobacteriaceae;g__Bifidobacterium;s__Bifidobacterium_bifidum	k__Bacteria;p__Firmicutes;c__Negativicutes;o__Veillonellales;f__Veillonellaceae;g__Dialister;s__Dialister_invisus	k__Bacteria;p__Bacteroidetes;c__Bacteroidia;o__Bacteroidales;f__Bacteroidaceae;g__Bacteroides;s__Bacteroides_salanitronis
k__Bacteria;p__Bacteroidetes;c__Bacteroidia;o__Bacteroidales;f__Bacteroidaceae;g__Bacteroides;s__Bacteroides_vulgatus	1.0	-0.000627380153846	0.0189556983606	-0.0812215636129	-0.0100522616082	0.0938256466393	0.0423145981688	-0.0266622896803	-0.0585258843177	0.0215015949452	0.0390182612096	-0.09104848819	-0.0363292952452	0.0380387612909	0.032370427138	-0.0416982757469	-0.0262953176282	-0.0490849029096	0.0652613726627	-0.0191860734275	-0.0492285217097	-0.0477978405748	0.0181600372987	0.00439908801498	-0.00893219822213	-0.0105685321733	0.014964104094	0.0026968680007	0.0367583149299	-0.0382278958473	0.0564273865058	-0.0458085001149	-0.0175872277525	-0.041690490273	-0.0942521020884	-0.0712449580242	-0.000611540523218	-0.0373521709629	-0.00840097633737	-0.0173243240482	-0.0066440821249	-0.0170058921682	-0.079605935483	-0.0574185319967	0.0140629208281	-0.0625559801574	0.020029100713	-0.0118405264006	0.0109633179769	0.103586986208	0.00698469969212	-0.03378292042	-0.035917568742	0.0306362056491	0.0695138754082	-0.0520979726111	-0.0284056005054	0.0290150841731	0.00471759853319
k__Bacteria;p__Bacteroidetes;c__Bacteroidia;o__Bacteroidales;f__Bacteroidaceae;g__Bacteroides;s__Bacteroides_uniformis	-0.000627380153846	1.0	-0.00533811854765	0.0309537200054	0.0305286438475	-0.019839607668	-0.0579751663836	0.00498064618805	-0.0300037505256	-0.00603289035659	-0.0133212297196	-0.00113721239154	-0.0182065046139	-0.0642549178186	-0.0116687855151	0.0611472962091	0.00280026494482	0.0313054700927	-0.0266110730156	0.025672669032	0.00812324373754	-0.0121359939544	0.0192211427116	-0.0351161458772	0.0169510617337	-0.0139468118266	0.0326956671538	0.0142116277586	-0.0686452209394	-0.101304716081	-0.0399157116407	-0.00211318238957	0.00108891779867	0.0136544871295	-0.022719525284	-0.0401988451996	0.0131892029242	0.0353359349788	-0.00322614770744	-0.00510952484198	-0.0213027224201	0.0850664574017	0.0168219113985	-0.0229134412552	-0.0335641574957	-0.020577078248	-0.0246618696053	-0.0333603942804	0.0233321338483	-0.028063518788	-0.0121551818801	0.00661415054727	-0.0158108037514	0.0459764765019	-0.0571678248494	-0.00428166910062	0.0564506154207	-0.0123855525105	-0.04088117856
k__Bacteria;p__Bacteroidetes;c__Bacteroidia;o__Bacteroidales;f__Rikenellaceae;g__Alistipes;s__Alistipes_putredinis	0.0189556983606	-0.00533811854765	1.0	-0.0050331023214	-0.00726302846481	-0.0236042476098	-0.0269388823532	-0.0500872082591	-0.00302287181472	0.036019588406	0.0226095728919	-0.00433277169987	0.00241580750335	-0.0114346847543	-0.0183819678816	-0.0975298548889	-0.0570404720085	-0.0342910811609	0.0150105606665	0.0245785718755	-0.0209698783746	0.0186588126234	0.0444516730549	-0.0168312964461	-0.0593772533955	-0.0313995712918	0.043792555896	-0.0110875259116	0.0306112580943	0.0213192994556	-0.033865531673	0.0566345316508	0.00166873028492	0.00467829832663	-0.0728703082772	-0.0259858608783	0.0282014356362	-0.0438271399522	0.00471534655067	0.00345544315034	-0.060788545796	-0.0506918721559	0.000471371287483	-0.0361273572271	-0.0418920140925	-0.0245628934565	0.045312283511	0.00574998778651	-0.0075189900264	0.0551772849552	-0.00631338769858	-0.0830350715092	-0.000502960248087	0.0116626352777	0.0266042663979	0.0256197139835	-2.28357565695e-05	-0.0213684638882	0.0329348924089
k__Bacteria;p__Bacteroidetes;c__Bacteroidia;o__Bacteroidales;f__Prevotellaceae;g__Prevotella;s__Prevotella_copri	-0.0812215636129	0.0309537200054	-0.0050331023214	1.0	0.0259598310629	-0.0420333325148	0.0161057814751	-0.00139765198311	-0.0197917300451	0.0138966878556	0.00324012279467	-0.0143945582357	-0.0420743313175	-0.0612918217949	-0.00226573959699	-0.0675940971658	-0.0256912668306	0.042664016226	-0.0169067869557	0.0247722685198	-0.0508506457896	0.0235354962028	-0.0460542151671	-0.0105071017857	-0.0246696227923	-0.0430861902636	-0.0834400931954	-0.0260883773178	-0.0239635685522	0.01711839635	0.0543296527825	0.0245850631638	-0.00699872557459	0.00677224300779	0.0247814462594	0.0529573083863	-0.00852975965359	-0.0331834330363	-0.0324635596364	0.0452221917865	0.0353534657014	-0.0404685273534	-0.0490971059103	0.0205173712888	-0.0102724162815	-0.00808173409358	-0.00384416945271	-0.034019248103	-0.00706867215935	0.0206845484967	-0.0143341105583	0.0201533751703	0.0448473083424	0.00742523339738	-0.0108799270118	0.0608545903885	0.0365459257957	-0.0268228737063	0.023494153406
k__Bacteria;p__Bacteroidetes;c__Bacteroidia;o__Bacteroidales;f__Bacteroidaceae;g__Bacteroides;s__Bacteroides_stercoris	-0.0100522616082	0.0305286438475	-0.00726302846481	0.0259598310629	1.0	-0.0470629459063	0.034158155324	0.0231942967426	0.0503160627377	-0.0334369336941	-0.0422547921839	0.02324940887	0.0343670547322	0.0213131654397	-0.0181920065832	0.0592051109328	0.0300155650578	-0.0670306796883	0.0402497048513	-0.041696754514	-0.00367040488306	0.0130511550934	0.0295230173033	-0.00862969237126	0.0268712697205	0.0712053159066	-0.0426906335429	-0.0314689151409	-0.0701243260937	-0.011523375329	-0.0512896011732	-0.0141481539602	-0.0105400904299	-0.00215692901719	0.00539514004182	-0.0378263870651	0.0180107412999	0.0516033942353	-0.0217449211951	-0.0420018203332	0.031432672777	-0.0343601486472	0.0564140587028	-0.0462045794777	-0.0143013057398	0.0192518475796	-0.0320618744209	-0.092165066558	-0.0520269786929	-0.081404173815	0.0312835750934	-0.0893026345707	-0.0213365898605	0.00828650243021	0.0261310931213	-0.062479683238	-0.0551932495767	-0.0351272901053	0.0317788517748
k__Bacteria;p__Bacteroidetes;c__Bacteroidia;o__Bacteroidales;f__Bacteroidaceae;g__Bacteroides;s__Bacteroides_ovatus	0.0938256466393	-0.019839607668	-0.0236042476098	-0.0420333325148	-0.0470629459063	1.0	-0.0724353859708	-0.0428530880696	-0.0521998249822	-0.0608992087837	-0.0319608928192	-0.0483521330904	-0.0117655963769	-0.0292488062593	0.117886787785	-0.0030276688632	-0.0812001375065	-0.0248612064332	0.000991978513107	-0.0386428276572	0.04249357326	-0.0938225248269	0.0140964936302	-0.038416890621	0.0117482126465	0.0050772590201	-0.00788861219684	0.0440690116213	-0.00706837684645	0.0203434779448	-0.062139933643	-0.0197547220988	0.0511776961139	0.0156428686103	0.0126345801746	-0.00814397349618	-0.0154663109432	-0.0149105396567	-0.0720694950488	0.0711845937065	0.0208633687773	0.0608187281054	-0.00288669751072	-0.0235280767669	-0.0205812277799	-0.048825044367	-0.012356777265	0.021582406399	-0.0641003372339	0.0185069218232	-0.027499146739	0.0192241591254	0.0131083345706	-0.089475914594	0.0500920042556	-0.0361124424273	-0.0543209331762	0.034922151546	0.041012007133
k__Bacteria;p__Bacteroidetes;c__Bacteroidia;o__Bacteroidales;f__Rikenellaceae;g__Alistipes;s__Alistipes_shahii	0.0423145981688	-0.0579751663836	-0.0269388823532	0.0161057814751	0.034158155324	-0.0724353859708	1.0	0.0212585369186	-0.0292312547649	0.0265531341666	6.77801580332e-05	0.0292296884337	0.00101942277572	-0.0192413923736	-0.0514165051027	0.0315859908756	0.0391255371766	-0.0176424342558	-0.00608483574453	-0.0106821997412	-0.0661793459443	-0.00620250185756	0.00386201236831	-0.047562856543	0.0121614981038	-0.00857813108209	0.0547780126909	0.0338805246708	0.0140832818833	-0.0175057294745	-0.00361071211291	-0.0434561321769	-0.0252597908974	-0.0601335394278	-0.0211789508561	-0.0738861427719	0.0532424800931	-0.050414915706	0.000180107833194	0.00129118866657	-0.045344437635	-0.0106283942137	-0.016887242125	0.0111066236467	-0.0195750483409	0.0341540749872	0.00757128028276	-0.0266625681695	-0.0289428266575	-0.0258897534181	0.00354061690963	9.43559380995e-05	0.00287766464742	-0.0066020533346	-0.029586905175	0.0260356243258	0.0193675462543	0.00562057739418	-0.0247815268534
k__Bacteria;p__Firmicutes;c__Clostridia;o__Clostridiales;f__Ruminococcaceae;g__Faecalibacterium;s__Faecalibacterium_prausnitzii	-0.0266622896803	0.00498064618805	-0.0500872082591	-0.00139765198311	0.0231942967426	-0.0428530880696	0.0212585369186	1.0	-0.000176644225485	0.0431660941029	-0.0423927865082	-0.0234901339989	0.120043414528	0.06735657672	-0.0678876317739	-0.0790221239226	0.0516670506706	-0.0321007924872	0.0482752707355	0.0079637266891	0.0513822326542	0.0725051475087	-0.00680005620967	-0.088775536585	0.00152400548441	-0.0206129922347	-0.0055573164292	0.0143443083452	-0.0363583832588	0.014162105344	0.0109657250782	-0.0692451682447	0.00896414489818	-0.052894841431	0.0342943467654	0.0182256910957	0.0185042106988	0.0272590827012	0.00964194271529	-0.0798317822402	-0.0344052784411	-0.0305506840161	-0.00568388185403	0.0330789657684	-0.0444334126246	0.00824365628683	0.0305191685443	0.0182509753279	-0.0349042186307	0.0166866706672	-0.0353164907518	0.012358522915	-0.00443876468342	-0.0415497201075	-0.0295138319682	0.00537381274568	-0.0495819551863	0.00297229150146	-0.0457186904788
k__Bacteria;p__Bacteroidetes;c__Bacteroidia;o__Bacteroidales;f__Rikenellaceae;g__Alistipes;s__Alistipes_finegoldii	-0.0585258843177	-0.0300037505256	-0.00302287181472	-0.0197917300451	0.0503160627377	-0.0521998249822	-0.0292312547649	-0.000176644225485	1.0	-0.0205784218174	0.0233382453649	0.0544425943707	0.0127873918003	-0.0485893648351	-0.0183585903699	-0.0545922961091	0.0481991408022	-0.0421841430164	-0.0616918654829	-0.0184339216966	-0.000203595754819	0.0520807152783	0.0407911010981	-0.0196054485371	0.0465692420365	-0.0621603094478	0.00810766464867	0.00260807280987	0.0228631539144	-0.0279465210652	-0.0612641434228	0.040511437903	0.0512875872643	0.0249687486117	-0.0285109588114	0.0382478525899	-0.0211757951778	-0.011067614092	-0.0129350464938	0.0668406013902	-0.0323874393729	0.00460213707073	0.0642661866514	-0.112949529992	0.0347850701473	-0.00423006242787	-0.0109538507337	-0.0383517656058	0.0384892489883	-0.0378018324458	-0.0377330982703	-0.0261947126523	-0.00870813180171	-0.0767820878118	0.0412679346204	0.00281686737131	0.00838513559188	-0.0294584999896	-0.0215913132844
k__Bacteria;p__Bacteroidetes;c__Bacteroidia;o__Bacteroidales;f__Porphyromonadaceae;g__Parabacteroides;s__Parabacteroides_distasonis	0.0215015949452	-0.00603289035659	0.036019588406	0.0138966878556	-0.0334369336941	-0.0608992087837	0.0265531341666	0.0431660941029	-0.0205784218174	1.0	0.018674073683	0.000695972968006	-0.0230381845378	0.0422790731239	0.053255746041	-0.0438741339026	-0.0648873478239	-0.0449126525482	0.00714673353149	0.0749170328444	0.0295156741297	0.0325826175557	0.0399667333567	-0.000248127251221	0.020348507283	-0.0027161985545	0.0221195380996	-0.017393218988	-0.044439797871	0.0372785198974	0.017005985308	-0.0632328102398	0.0211669660169	-0.0231169804035	-0.0319375767791	-0.0486152190402	-0.132013709327	0.0304905722631	0.0273207622888	0.0411213726892	-0.0417475363019	0.040114443541	0.0321681467207	-0.052923051284	0.0300418371744	-0.0407459868833	-0.0109970800417	-0.0178751705605	-0.0912143660944	0.053415865212	-0.0595400682755	0.0210958858005	-0.0907761180256	-0.0140870688984	-0.032039277392	0.00911593542767	-0.057587793815	-0.0420124965342	0.0237171233134
k__Bacteria;p__Bacteroidetes;c__Bacteroidia;o__Bacteroidales;f__Bacteroidaceae;g__Bacteroides;s__Bacteroides_thetaiotaomicron	0.0390182612096	-0.0133212297196	0.0226095728919	0.00324012279467	-0.0422547921839	-0.0319608928192	6.77801580332e-05	-0.0423927865082	0.0233382453649	0.018674073683	1.0	0.0110165127628	-0.0124469792725	-0.0236187367691	0.0649295708794	-0.00501400086466	-0.0317272913601	0.0585316350584	-0.0566125651408	0.0204626065289	0.0413770807879	-0.000802611984637	-0.0428919733729	-0.0523924063066	0.0112084392896	0.0169166976408	0.0147800871228	0.0392405931913	-0.0677756806655	-0.00303137583408	-0.0641342966301	0.0605369812033	-0.0559583697148	0.0220927050099	-0.0755328539595	-0.021102935387	0.087138192153	-0.0126993196626	-0.0945832252932	-0.0264667359086	-0.0154215565897	-0.06459629322	-0.0453694937906	0.0248383361554	-0.00308159210582	-0.119243210762	-0.0854860718375	-0.0791438006528	-0.0539052150985	-0.0170912642982	-0.0434170971204	-0.0027026134916	0.0409532589031	-0.00260658145698	0.0581632929593	-0.0782172379809	-0.0344719185836	-0.0455044448231	0.0256791048437
k__Bacteria;p__Bacteroidetes;c__Bacteroidia;o__Bacteroidales;f__Bacteroidaceae;g__Bacteroides;s__Bacteroides_coprocola	-0.09104848819	-0.00113721239154	-0.00433277169987	-0.0143945582357	0.02324940887	-0.0483521330904	0.0292296884337	-0.0234901339989	0.0544425943707	0.000695972968006	0.0110165127628	1.0	0.0010416504381	0.0151858307163	-0.00902957890405	0.0496733150025	0.0152319522463	-0.00661679707592	-0.00314046336732	-0.0314298318455	-0.0389742323318	0.027920312488	-0.0467781304925	-0.0307228293345	0.00411546414519	-0.0246873014252	-0.0726623994855	-0.018021962195	0.00624948252727	-0.0493400350538	-0.0506222522152	-0.0471920898512	0.0670087876779	-0.0483925993154	0.0200772275627	-0.0652514336689	-0.0403432872261	0.00955578224917	-0.0214304799737	-0.0477656223409	-0.0160386436906	-0.0595444579456	-0.00771259778158	0.0641413682397	-0.0931636843815	0.00533758039091	-0.0324575169211	0.026539546384	-0.0787645273293	-0.0600552737215	0.0396265062993	-0.0101784150325	0.0745655280361	-0.00288856793082	-0.0138890794819	-0.0754189059176	-0.041997470262	-0.0175552114082	0.00443335164284
k__Bacteria;p__Bacteroidetes;c__Bacteroidia;o__Bacteroidales;f__Bacteroidaceae;g__Bacteroides;s__Bacteroides_cellulosilyticus	-0.0363292952452	-0.0182065046139	0.00241580750335	-0.0420743313175	0.0343670547322	-0.0117655963769	0.00101942277572	0.120043414528	0.0127873918003	-0.0230381845378	-0.0124469792725	0.0010416504381	1.0	-0.0156533732708	0.00588750591891	0.00168964026738	0.0360031600303	-0.112501964953	0.0174203983738	0.0417379450613	-0.0420644303956	-0.00524395194449	-0.0202210041885	-0.00621431824208	-0.0619836533213	0.0701760947318	-0.0255763885959	-0.0606583518088	-0.00213683258262	-0.0318480218675	0.0292619860458	-0.0567291957712	0.00442247808041	-0.0446864473618	-0.0288021184804	0.0448132233054	-0.00244127815767	0.033403295776	0.0415400068995	0.0285277867356	0.0329170412096	-0.00657871804102	-0.0183836324779	0.0491165092437	0.0176126265111	-0.060294067295	-0.0419004290111	-0.0420186988723	-0.0249407359902	-0.042454514774	-0.0422567570349	-0.00524078469114	-0.0210857334458	-0.0439886217969	-0.114006533468	0.061715646692	0.0160629299179	-0.0612284069537	-0.0316500176015
k__Bacteria;p__Bacteroidetes;c__Bacteroidia;o__Bacteroidales;f__Rikenellaceae;g__Alistipes;s__Alistipes_obesi	0.0380387612909	-0.0642549178186	-0.0114346847543	-0.0612918217949	0.0213131654397	-0.0292488062593	-0.0192413923736	0.06735657672	-0.0485893648351	0.0422790731239	-0.0236187367691	0.0151858307163	-0.0156533732708	1.0	0.0717656895081	-0.0186532879008	0.00875054115999	0.0159737429162	0.00838956514756	-0.0238783330712	-0.0467517002197	-0.00715568090248	-0.0699947608386	-0.041464190867	0.0179861665236	-0.0161648890436	0.0209357765827	0.0516191894444	-0.0177174917635	-0.00527123251147	-0.0348868572693	-0.0196799289617	-0.0648221881983	0.0109886122755	-0.00818379619356	-0.0141995087374	0.0436624433248	-0.0227676338236	0.0237570946673	0.0147578627892	-0.0505400015776	0.0191175594192	0.00125003536252	-0.0447726582174	0.0249405679139	0.00733954835187	-0.0177889682454	-0.0301372126384	0.00754667332148	-0.0521371641629	0.0373908923932	-0.0187584066693	-0.0527376969084	0.0264047756815	-0.0334399207508	0.0382900954946	-0.00297814378852	0.0417460864861	-0.0372560437944
k__Bacteria;p__Firmicutes;c__Clostridia;o__Clostridiales;f__Lachnospiraceae;g__;s__[Eubacterium]_rectale	0.032370427138	-0.0116687855151	-0.0183819678816	-0.00226573959699	-0.0181920065832	0.117886787785	-0.0514165051027	-0.0678876317739	-0.0183585903699	0.053255746041	0.0649295708794	-0.00902957890405	0.00588750591891	0.0717656895081	1.0	-0.0867429836798	-0.000466247296785	-0.0158143339423	0.016049172076	-0.0777822187812	0.0157096850178	-0.0707644165933	-0.0408884606098	-0.0144172371761	0.057932775535	-0.00581615501591	-0.0771182173736	-0.0484099625242	0.0465578062725	-0.00134325880854	-0.0204248957365	0.05442289453	0.000516289184702	-0.117931491627	-0.12351594415	0.00391478318637	-0.0111014921278	-0.037382590786	0.0349194472174	0.103929271328	-0.0665992762741	0.0279873069675	-0.0209728654858	-0.0246032555771	-0.0210102138778	-0.0792660555882	0.0607296246729	0.0435995317785	-0.0243888488073	0.0031236998047	-0.010351071618	0.0336442754443	-0.0112831621543	-0.0111902028427	-0.0771922641911	-0.0748979768601	-0.00298233657189	0.0495900591654	-0.0735053134028
k__Bacteria;p__Bacteroidetes;c__Bacteroidia;o__Bacteroidales;f__Bacteroidaceae;g__Bacteroides;s__Bacteroides_plebeius	-0.0416982757469	0.0611472962091	-0.0975298548889	-0.0675940971658	0.0592051109328	-0.0030276688632	0.0315859908756	-0.0790221239226	-0.0545922961091	-0.0438741339026	-0.00501400086466	0.0496733150025	0.00168964026738	-0.0186532879008	-0.0867429836798	1.0	-0.0522803814868	0.0335580864747	-0.0530815489405	-0.00442674304972	-0.0717644102204	-0.0162339085061	0.0423846504794	-0.0104874714541	0.0488960006598	0.0142078175792	0.0287386250925	-0.0553400215409	-0.0266913798809	-0.0448297298643	-0.0138084043224	-0.0324586233858	0.0226513669055	-0.0399401031327	-0.0337683304815	0.0359461961522	-0.0052293531827	0.037992310417	-0.0300873690486	0.00384359347225	0.0175498280683	0.0395785597199	-0.0104715305959	-0.00730134383062	0.0172165121323	0.00946704052837	-0.0121695773324	0.0102146812554	0.0642425234248	-0.0217360642507	-0.00464806561567	0.00529009289119	-0.0693195167917	-0.0239398645289	-0.0660633579889	0.0320634227988	-0.0430063731432	0.0743714567261	-0.0200013422894
k__Bacteria;p__Bacteroidetes;c__Bacteroidia;o__Bacteroidales;f__Bacteroidaceae;g__Bacteroides;s__Bacteroides_fragilis	-0.0262953176282	0.00280026494482	-0.0570404720085	-0.0256912668306	0.0300155650578	-0.0812001375065	0.0391255371766	0.0516670506706	0.0481991408022	-0.0648873478239	-0.0317272913601	0.0152319522463	0.0360031600303	0.00875054115999	-0.000466247296785	-0.0522803814868	1.0	-0.0261692225406	-0.0274485179518	0.0729039502808	-0.00811202783876	0.00949922393502	0.0457062809443	-0.00870912047699	-0.0859201673563	-0.0181391921034	-0.0157440238501	-0.0790267174181	0.0119608757107	-0.0833547633482	-0.0461452528151	-0.0571816049544	-0.00388053120155	-0.0407258651119	-0.0224612853557	0.0243678777562	-0.0350777334383	-0.0393332932258	-0.00217552326988	-0.00540716470984	0.0161753448744	0.00168620102819	-0.0122041888838	-0.0846703285529	0.0169321317102	-0.0205584528167	-0.0642664973706	0.00217729158383	-0.000309073995098	-0.0244086350689	0.062461538652	0.0247123872486	-0.0284289700248	0.0487935759437	0.016346167696	0.0323213751403	0.0361710891976	-0.0290331627186	-0.0200128630728
k__Bacteria;p__Proteobacteria;c__Betaproteobacteria;o__Burkholderiales;f__Sutterellaceae;g__Sutterella;s__Sutterella_wadsworthensis	-0.0490849029096	0.0313054700927	-0.0342910811609	0.042664016226	-0.0670306796883	-0.0248612064332	-0.0176424342558	-0.0321007924872	-0.0421841430164	-0.0449126525482	0.0585316350584	-0.00661679707592	-0.112501964953	0.0159737429162	-0.0158143339423	0.0335580864747	-0.0261692225406	1.0	0.0242897949164	-0.0331475253081	0.0109675700199	-0.0645457912731	0.0577846318393	0.00293592530647	0.0145133490519	0.0620522662273	-0.0530421101547	-0.0257980537825	-0.0278790237418	0.00631712198958	-0.00953366905961	0.0034875403132	0.0378388440711	0.0548389575937	-0.0488310124107	0.0511560641534	-0.0741447012918	-0.063892733225	-0.0289078778732	-0.0162213315852	0.0353265578041	0.028719265091	0.00300435941368	0.011751265021	-0.0616547081573	0.013024212844	-0.0106996460192	0.00164261099881	0.041450915978	0.0212647674176	0.0763043920787	0.0340912465872	-0.105736821468	-0.0401015994911	-0.0431155712501	0.03362929306	0.048058105	-0.00121079043553	0.00625484049995
k__Bacteria;p__Bacteroidetes;c__Bacteroidia;o__Bacteroidales;f__Porphyromonadaceae;g__Barnesiella;s__Barnesiella_intestinihominis	0.0652613726627	-0.0266110730156	0.0150105606665	-0.0169067869557	0.0402497048513	0.000991978513106	-0.00608483574453	0.0482752707355	-0.0616918654829	0.00714673353149	-0.0566125651408	-0.00314046336732	0.0174203983738	0.00838956514756	0.016049172076	-0.0530815489405	-0.0274485179518	0.0242897949164	1.0	0.0163311924981	0.0249357102458	0.0467714917668	-0.0353798188559	-0.0601176653549	0.0308975718063	-0.0771842086813	0.0520592879097	-0.048774135446	0.0496252178997	-0.138025508397	-0.000190948558266	-0.0512183499262	0.0633756722139	0.0264268609546	0.0150972779407	0.00397227339416	0.036081937349	-0.0707207530299	-0.0505354114538	0.0181197745783	0.0514639020091	0.0121460821714	0.0306771458692	0.021071501611	0.00618491536308	-0.00690270205494	-0.0069025440151	-0.0312267665063	-0.0749910096337	-0.0496717228437	-0.00330278086144	0.0134609454461	-0.0151973279604	0.0219554578096	0.0301261120896	-0.088384262622	-0.0451694215153	-0.00770011134748	-0.0175267903433
k__Bacteria;p__Bacteroidetes;c__Bacteroidia;o__Bacteroidales;f__Odoribacteraceae;g__Odoribacter;s__Odoribacter_splanchnicus	-0.0191860734275	0.025672669032	0.0245785718755	0.0247722685198	-0.041696754514	-0.0386428276572	-0.0106821997412	0.0079637266891	-0.0184339216966	0.0749170328444	0.0204626065289	-0.0314298318455	0.0417379450613	-0.0238783330712	-0.0777822187812	-0.00442674304972	0.0729039502808	-0.0331475253081	0.0163311924981	1.0	-0.0498334449961	0.0465271666441	-0.0227687587567	-0.0589193846141	-0.0295841713495	0.0163688820693	-0.0528444489129	-0.0540923108428	-0.0307128640423	-0.0877543572248	0.0464612971291	0.0216341943714	0.064185388308	0.0155445502701	0.0283477573237	-0.0224904894002	-0.00925449446455	0.0607466956312	-0.0367748595031	0.0038821385044	-0.0184707568834	-0.0708195990993	0.00664009339277	-0.0715686886584	-0.0540223014462	0.0141159413786	-0.00757572770357	-0.107469517575	0.0125139668748	-0.00679936444562	0.045105168636	0.0387858355605	-0.0202641429649	-0.0188678499937	-0.0128227002233	-0.0123078709901	0.0459104150112	0.00171231948245	-0.0461893985853
k__Bacteria;p__Bacteroidetes;c__Bacteroidia;o__Bacteroidales;f__Bacteroidaceae;g__Bacteroides;s__Bacteroides_salyersiae	-0.0492285217097	0.00812324373754	-0.0209698783746	-0.0508506457896	-0.00367040488306	0.04249357326	-0.0661793459443	0.0513822326542	-0.000203595754819	0.0295156741297	0.0413770807879	-0.0389742323318	-0.0420644303956	-0.0467517002197	0.0157096850178	-0.0717644102204	-0.00811202783876	0.0109675700199	0.0249357102458	-0.0498334449961	1.0	0.0209920175248	0.0555710407143	-0.0523926526032	0.000514350245686	-0.0540756934715	0.0281947952982	-0.00588103985903	0.0310330662445	-0.045867675234	0.081419245279	-0.0710860808578	0.00563967348806	0.0327732790858	-0.00608164572399	0.0676706648211	-0.0495969705632	-0.0779987785746	-0.040600210112	-0.0630339085937	0.0118801346678	0.0115922694116	-0.0111331272544	0.0121572075322	-0.049263703144	-0.00215303028123	-0.0755613495491	0.0360861953979	0.0127747848355	-0.0196078222407	-0.034512363585	0.00484579619502	-0.0463566147896	-0.0255644535813	-0.0283900373022	-0.0381337471138	0.0107287560937	-0.00135461680001	-0.0226907479247
k__Bacteria;p__Firmicutes;c__Clostridia;o__Clostridiales;f__Ruminococcaceae;g__Ruminiclostridium;s__[Eubacterium]_siraeum	-0.0477978405748	-0.0121359939544	0.0186588126234	0.0235354962028	0.0130511550934	-0.0938225248269	-0.00620250185756	0.0725051475087	0.0520807152783	0.0325826175557	-0.000802611984638	0.027920312488	-0.00524395194449	-0.00715568090248	-0.0707644165933	-0.0162339085061	0.00949922393502	-0.0645457912731	0.0467714917668	0.0465271666441	0.0209920175248	1.0	-0.0489585703259	-0.0597898564318	0.00927070853092	-0.0393878874226	-0.014838818838	-0.0457411668748	-0.00934817531678	0.0397813693075	-0.0291642043319	-0.00284014551123	0.0276887446467	-0.00568859450599	-0.0516392771013	-0.0274046697106	0.012903581979	-0.00407212736635	-0.0199024210702	0.0173034750026	0.00274546374912	-0.0247782745743	0.0440337386127	-0.00165671106058	-0.0270790620656	-0.00733192536681	-0.0892222542064	-0.0577500237481	-0.0396357971398	-0.0463183292342	-0.00178153248899	0.0245217461727	-0.0044906564361	0.00863221781885	0.0282779962925	-0.0641732338178	0.00493675517166	0.029864264087	0.012088691608
k__Bacteria;p__Proteobacteria;c__Betaproteobacteria;o__Burkholderiales;f__Sutterellaceae;g__Parasutterella;s__Parasutterella_excrementihominis	0.0181600372987	0.0192211427116	0.0444516730549	-0.0460542151671	0.0295230173033	0.0140964936302	0.00386201236831	-0.00680005620967	0.0407911010981	0.0399667333567	-0.0428919733729	-0.0467781304925	-0.0202210041885	-0.0699947608386	-0.0408884606098	0.0423846504794	0.0457062809443	0.0577846318393	-0.0353798188559	-0.0227687587567	0.0555710407143	-0.0489585703259	1.0	0.0045265157556	-0.0982024196279	0.0693731132687	-0.0364489547465	-0.0462801596702	0.00586974433749	0.022817978473	0.0255812635122	0.0233328503673	-0.040199547453	-0.0449181013157	-0.00375017151411	0.0120058449052	0.0536262948408	0.0645431239443	-0.0446263686904	-0.0242374766844	-0.0552941744307	-0.00347861788854	0.0225231408606	-0.0348691272752	-0.0590069407447	0.00725547692799	-0.00740784300505	-0.0125787793076	-0.0521440581009	0.00313316669163	-0.0462310009554	-0.0155060168351	-0.0243954808763	0.0163467720041	-0.0352014844893	-0.0267399097596	0.0102730536952	0.0121207240417	-0.00416056287112
k__Bacteria;p__Actinobacteria;c__Actinobacteria;o__Bifidobacteriales;f__Bifidobacteriaceae;g__Bifidobacterium;s__Bifidobacterium_adolescentis	0.00439908801498	-0.0351161458772	-0.0168312964461	-0.0105071017857	-0.00862969237126	-0.038416890621	-0.047562856543	-0.088775536585	-0.0196054485371	-0.000248127251221	-0.0523924063066	-0.0307228293345	-0.00621431824208	-0.041464190867	-0.0144172371761	-0.0104874714541	-0.00870912047699	0.00293592530647	-0.0601176653549	-0.0589193846141	-0.0523926526032	-0.0597898564318	0.0045265157556	1.0	-0.0269398127531	0.0784589020353	-0.0377345303334	0.064189709268	-0.0293432336575	0.0618552042038	0.0144421196069	-0.0472910778234	-0.011214289473	-0.00461214285294	-0.0576778522818	-0.0464048965521	-0.0407536673567	0.0295830357667	0.0664827085124	-0.0803611604433	-0.0388608213493	0.0201140593195	-0.0132324360596	-0.00474444012017	-0.0461731978131	0.0370456177117	0.020568259167	-0.0385655112995	-0.0516066563064	0.0903513172348	0.0273057269789	-0.0349661992614	-0.0224569585477	0.00027552305079	-0.00570061448006	0.0332111847754	0.0754582017555	-0.034302598809	0.00613955285504
k__Bacteria;p__Firmicutes;c__Clostridia;o__Clostridiales;f__Oscillospiraceae;g__Oscillibacter;s__Oscillibacter_sp._KLE_1745	-0.00893219822213	0.0169510617337	-0.0593772533955	-0.0246696227923	0.0268712697205	0.0117482126465	0.0121614981038	0.00152400548441	0.0465692420365	0.020348507283	0.0112084392896	0.00411546414519	-0.0619836533213	0.0179861665236	0.057932775535	0.0488960006598	-0.0859201673563	0.0145133490519	0.0308975718063	-0.0295841713495	0.000514350245686	0.00927070853092	-0.0982024196279	-0.0269398127531	1.0	0.0341976938117	-0.0529844550153	-0.0559020589252	0.0120458074849	-0.0888487014437	0.078990146464	-0.0478718055705	0.0149742458996	-0.00835279145435	0.0266299767656	0.00459578162696	-0.0282183164434	-0.0154791160304	0.0254771790618	-0.0576046160484	0.0803950420255	-0.0355910665979	-0.0175159095416	-0.0997572094625	-0.016357008241	0.00172038454272	-0.0404859451418	-0.0122414977475	0.00369169369226	0.00487633031257	0.0205248980249	0.0398582740342	0.0298606084112	-0.0235186505136	-0.00393410276556	-0.0889018013475	-0.0184756233279	-0.00653724893664	-0.0478392371507
k__Bacteria;p__Bacteroidetes;c__Bacteroidia;o__Bacteroidales;f__Bacteroidaceae;g__Bacteroides;s__Bacteroides_coprophilus	-0.0105685321733	-0.0139468118266	-0.0313995712918	-0.0430861902636	0.0712053159066	0.0050772590201	-0.00857813108209	-0.0206129922347	-0.0621603094478	-0.0027161985545	0.0169166976408	-0.0246873014252	0.0701760947318	-0.0161648890436	-0.00581615501591	0.0142078175792	-0.0181391921034	0.0620522662273	-0.0771842086813	0.0163688820693	-0.0540756934715	-0.0393878874226	0.0693731132687	0.0784589020353	0.0341976938117	1.0	-0.0124281440503	0.0170844708178	-0.0324370346299	0.0138666422724	-0.0763625337228	0.0719857628033	0.0042833498242	-0.0610232325671	-0.0596404948211	0.0274089672941	-0.0512555992158	0.00552001734219	-0.078668651998	-0.0825487654185	0.0320898673585	-0.059083352026	0.064646875361	-0.0335268192466	-0.0132698730064	-0.0573704514851	-0.0543591251641	-0.0235382869857	-0.0346154906667	0.0285463430658	-0.00152286040785	-0.00732854022872	-0.0529072898269	-0.0406845683495	-0.00942293186451	-0.059628694837	0.0337574929539	0.0144627432928	0.0225410586305
k__Bacteria;p__Firmicutes;c__Clostridia;o__Clostridiales;f__Lachnospiraceae;g__Roseburia;s__Roseburia_intestinalis	0.014964104094	0.0326956671538	0.043792555896	-0.0834400931954	-0.0426906335429	-0.00788861219684	0.0547780126909	-0.0055573164292	0.00810766464867	0.0221195380996	0.0147800871228	-0.0726623994855	-0.0255763885959	0.0209357765827	-0.0771182173736	0.0287386250925	-0.0157440238501	-0.0530421101547	0.0520592879097	-0.0528444489129	0.0281947952982	-0.014838818838	-0.0364489547465	-0.0377345303334	-0.0529844550153	-0.0124281440503	1.0	0.0292951034331	0.000710665470042	-0.0125406936928	-0.0513522031042	-0.014038029527	-0.0368760301291	0.00624065029224	-0.0756200697949	-0.0583212158804	-0.0244319425234	-0.0259350152563	0.0116175325871	0.019342254981	-0.0483698758113	0.0297704324346	-0.0386233068538	0.0453380902	-0.0620822655232	0.0135353135534	0.00592172591986	0.0937645452231	0.0138029034707	-0.0822110455988	-0.0764141108187	-0.0612187590275	-0.0171382054454	0.0560426547115	-0.106329533462	-0.00964259688852	-0.0591032847937	0.0494040716354	0.00829458706034
k__Bacteria;p__Firmicutes;c__Clostridia;o__Clostridiales;f__Lachnospiraceae;g__Roseburia;s__Roseburia_hominis	0.0026968680007	0.0142116277586	-0.0110875259116	-0.0260883773178	-0.0314689151409	0.0440690116213	0.0338805246708	0.0143443083452	0.00260807280987	-0.017393218988	0.0392405931913	-0.018021962195	-0.0606583518088	0.0516191894444	-0.0484099625242	-0.0553400215409	-0.0790267174181	-0.0257980537825	-0.048774135446	-0.0540923108428	-0.00588103985903	-0.0457411668748	-0.0462801596702	0.064189709268	-0.0559020589252	0.0170844708178	0.0292951034331	1.0	-0.0099906263303	-0.0230817040261	-0.00477466914234	-0.0282430924339	-0.071125690549	-0.0213146823828	-0.0291597746372	-0.0541955985906	0.018475316083	0.0146278307772	-0.00434581633505	-0.0276440372194	0.00381839558672	-0.0434513663847	0.0346985218465	0.0131271358231	-0.0600384705503	0.0343039610689	0.0684321357572	0.00841472796869	-0.0301065372251	0.0225661041913	-0.00319300422719	0.00291672604222	-0.0146488713738	0.000715357514129	-0.113968795836	-0.00351256232268	-0.0122530306232	0.0231997283763	-0.0132595070853
k__Bacteria;p__Bacteroidetes;c__Bacteroidia;o__Bacteroidales;f__Porphyromonadaceae;g__Parabacteroides;s__Parabacteroides_johnsonii	0.0367583149299	-0.0686452209394	0.0306112580943	-0.0239635685522	-0.0701243260937	-0.00706837684645	0.0140832818833	-0.0363583832588	0.0228631539144	-0.044439797871	-0.0677756806655	0.00624948252727	-0.00213683258262	-0.0177174917635	0.0465578062725	-0.0266913798809	0.0119608757107	-0.0278790237418	0.0496252178997	-0.0307128640423	0.0310330662445	-0.00934817531678	0.00586974433749	-0.0293432336575	0.0120458074849	-0.0324370346299	0.000710665470042	-0.0099906263303	1.0	-0.00755042957561	0.0243869033125	-0.0581724645603	-0.0529291872134	-0.0236761180146	-0.0672354057818	-0.10548083421	-0.016881156553	-0.0043297465768	0.0135428393953	0.018202849903	-0.0343618065503	-0.000981694039558	-0.0181061280756	0.0081203019874	0.0214342871581	0.0346660894451	-0.0324149915553	0.00790966808754	0.036134637108	-0.0378587788443	0.0364341650542	-0.00346922634186	0.0633148654462	0.0468026775471	-0.00833990724733	-0.0455446788054	0.00878487734705	-0.0631954320475	0.0180522719758
k__Bacteria;p__Actinobacteria;c__Actinobacteria;o__Bifidobacteriales;f__Bifidobacteriaceae;g__Bifidobacterium;s__Bifidobacterium_longum	-0.0382278958473	-0.101304716081	0.0213192994556	0.01711839635	-0.011523375329	0.0203434779448	-0.0175057294745	0.014162105344	-0.0279465210652	0.0372785198974	-0.00303137583408	-0.0493400350538	-0.0318480218675	-0.00527123251147	-0.00134325880854	-0.0448297298643	-0.0833547633482	0.00631712198958	-0.138025508397	-0.0877543572248	-0.045867675234	0.0397813693075	0.022817978473	0.0618552042038	-0.0888487014437	0.0138666422724	-0.0125406936928	-0.0230817040261	-0.00755042957561	1.0	0.0522881444523	0.0125750590392	-0.000769426028045	-0.0450633998919	-0.017657720051	-0.0179805458965	-0.0487602303064	-0.0289224356166	0.0647683247906	-0.065883402084	0.0179158866359	-0.0288322838707	-0.0145429948997	-0.0437431196926	-0.00944641732283	0.0647141966143	-0.0301847233727	-0.0217578332814	-0.053703772087	-0.0182787055894	-0.0103519427824	-0.033871145351	0.0455875540975	0.00860827164563	0.0379689318218	-0.000996281109105	-0.0123860170305	-0.0227060115315	0.00094302053712
