#taxonomy	k__Bacteria;p__Bacteroidetes;c__Bacteroidia;o__Bacteroidales;f__Bacteroidaceae;g__Bacteroides;s__Bacteroides_vulgatus	k__Bacteria;p__Bacteroidetes;c__Bacteroidia;o__Bacteroidales;f__Bacteroidaceae;g__Bacteroides;s__Bacteroides_uniformis	k__Bacteria;p__Bacteroidetes;c__Bacteroidia;o__Bacteroidales;f__Rikenellaceae;g__Alistipes;s__Alistipes_putredinis	k__Bacteria;p__Bacteroidetes;c__Bacteroidia;o__Bacteroidales;f__Prevotellaceae;g__Prevotella;s__Prevotella_copri	k__Bacteria;p__Bacteroidetes;c__Bacteroidia;o__Bacteroidales;f__Bacteroidaceae;g__Bacteroides;s__Bacteroides_stercoris	k__Bacteria;p__Bacteroidetes;c__Bacteroidia;o__Bacteroidales;f__Bacteroidaceae;g__Bacteroides;s__Bacteroides_ovatus	k__Bacteria;p__Bacteroidetes;c__Bacteroidia;o__Bacteroidales;f__Rikenellaceae;g__Alistipes;s__Alistipes_shahii	k__Bacteria;p__Firmicutes;c__Clostridia;o__Clostridiales;f__Ruminococcaceae;g__Faecalibacterium;s__Faecalibacterium_prausnitzii	k__Bacteria;p__Bacteroidetes;c__Bacteroidia;o__Bacteroidales;f__Rikenellaceae;g__Alistipes;s__Alistipes_finegoldii	k__Bacteria;p__Bacteroidetes;c__Bacteroidia;o__Bacteroidales;f__Porphyromonadaceae;g__Parabacteroides;s__Parabacteroides_distasonis	k__Bacteria;p__Bacteroidetes;c__Bacteroidia;o__Bacteroidales;f__Bacteroidaceae;g__Bacteroides;s__Bacteroides_thetaiotaomicron	k__Bacteria;p__Bacteroidetes;c__Bacteroidia;o__Bacteroidales;f__Bacteroidaceae;g__Bacteroides;s__Bacteroides_coprocola	k__Bacteria;p__Bacteroidetes;c__Bacteroidia;o__Bacteroidales;f__Bacteroidaceae;g__Bacteroides;s__Bacteroides_cellulosilyticus	k__Bacteria;p__Bacteroidetes;c__Bacteroidia;o__Bacteroidales;f__Rikenellaceae;g__Alistipes;s__Alistipes_obesi	k__Bacteria;p__Firmicutes;c__Clostridia;o__Clostridiales;f__Lachnospiraceae;g__;s__[Eubacterium]_rectale	k__Bacteria;p__Bacteroidetes;c__Bacteroidia;o__Bacteroidales;f__Bacteroidaceae;g__Bacteroides;s__Bacteroides_plebeius	k__Bacteria;p__Bacteroidetes;c__Bacteroidia;o__Bacteroidales;f__Bacteroidaceae;g__Bacteroides;s__Bacteroides_fragilis	k__Bacteria;p__Proteobacteria;c__Betaproteobacteria;o__Burkholderiales;f__Sutterellaceae;g__Sutterella;s__Sutterella_wadsworthensis	k__Bacteria;p__Bacteroidetes;c__Bacteroidia;o__Bacteroidales;f__Porphyromonadaceae;g__Barnesiella;s__Barnesiella_intestinihominis	k__Bacteria;p__Bacteroidetes;c__Bacteroidia;o__Bacteroidales;f__Odoribacteraceae;g__Odoribacter;s__Odoribacter_splanchnicus	k__Bacteria;p__Bacteroidetes;c__Bacteroidia;o__Bacteroidales;f__Bacteroidaceae;g__Bacteroides;s__Bacteroides_salyersiae	k__Bacteria;p__Firmicutes;c__Clostridia;o__Clostridiales;f__Ruminococcaceae;g__Ruminiclostridium;s__[Eubacterium]_siraeum	k__Bacteria;p__Proteobacteria;c__Betaproteobacteria;o__Burkholderiales;f__Sutterellaceae;g__Parasutterella;s__Parasutterella_excrementihominis	k__Bacteria;p__Actinobacteria;c__Actinobacteria;o__Bifidobacteriales;f__Bifidobacteriaceae;g__Bifidobacterium;s__Bifidobacterium_adolescentis	k__Bacteria;p__Firmicutes;c__Clostridia;o__Clostridiales;f__Oscillospiraceae;g__Oscillibacter;s__Oscillibacter_sp._KLE_1745	k__Bacteria;p__Bacteroidetes;c__Bacteroidia;o__Bacteroidales;f__Bacteroidaceae;g__Bacteroides;s__Bacteroides_coprophilus	k__Bacteria;p__Firmicutes;c__Clostridia;o__Clostridiales;f__Lachnospiraceae;g__Roseburia;s__Roseburia_intestinalis	k__Bacteria;p__Firmicutes;c__Clostridia;o__Clostridiales;f__Lachnospiraceae;g__Roseburia;s__Roseburia_hominis	k__Bacteria;p__Bacteroidetes;c__Bacteroidia;o__Bacteroidales;f__Porphyromonadaceae;g__Parabacteroides;s__Parabacteroides_johnsonii	k__Bacteria;p__Actinobacteria;c__Actinobacteria;o__Bifidobacteriales;f__Bifidobacteriaceae;g__Bifidobacterium;s__Bifidobacterium_longum	k__Bacteria;p__Firmicutes;c__Clostridia;o__Clostridiales;f__;g__Flavonifractor;s__Flavonifractor_plautii	k__Bacteria;p__Firmicutes;c__Clostridia;o__Clostridiales;f__Clostridiaceae;g__Clostridium;s__Clostridium_phoceensis	k__Bacteria;p__Verrucomicrobia;c__Verrucomicrobiae;o__Verrucomicrobiales;f__Akkermansiaceae;g__Akkermansia;s__Akkermansia_muciniphila	k__Bacteria;p__Bacteroidetes;c__Bacteroidia;o__Bacteroidales;f__Prevotellaceae;g__Paraprevotella;s__Paraprevotella_xylaniphila	k__Bacteria;p__Firmicutes;c__Clostridia;o__Clostridiales;f__Ruminococcaceae;g__Ruminococcus;s__Ruminococcus_callidus	k__Bacteria;p__Bacteroidetes;c__Bacteroidia;o__Bacteroidales;f__Rikenellaceae;g__Alistipes;s__Alistipes_senegalensis	k__Bacteria;p__Firmicutes;c__Clostridia;o__Clostridiales;f__Lachnospiraceae;g__Blautia;s__Blautia_sp._KLE_1732	k__Bacteria;p__Bacteroidetes;c__Bacteroidia;o__Bacteroidales;f__Bacteroidaceae;g__Bacteroides;s__Bacteroides_oleiciplenus	k__Bacteria;p__Firmicutes;c__Clostridia;o__Clostridiales;f__Ruminococcaceae;g__Ruminococcus;s__Ruminococcus_bicirculans	k__Bacteria;p__Bacteroidetes;c__Bacteroidia;o__Bacteroidales;f__Bacteroidaceae;g__Bacteroides;s__Bacteroides_fluxus	k__Bacteria;p__Bacteroidetes;c__Bacteroidia;o__Bacteroidales;f__Prevotellaceae;g__Prevotella;s__Prevotella_stercorea	k__Bacteria;p__Firmicutes;c__Clostridia;o__Clostridiales;f__Lachnospiraceae;g__Dorea;s__Dorea_longicatena	k__Bacteria;p__Firmicutes;c__Clostridia;o__Clostridiales;f__Eubacteriaceae;g__Eubacterium;s__[Eubacterium]_eligens	k__Bacteria;p__Firmicutes;c__Clostridia;o__Clostridiales;f__Ruminococcaceae;g__;s__Ruminococcaceae_bacterium_D16	k__Bacteria;p__Firmicutes;c__Clostridia;o__Clostridiales;f__Lachnospiraceae;g__Coprococcus;s__Coprococcus_comes	k__Bacteria;p__Proteobacteria;c__Gammaproteobacteria;o__Enterobacterales;f__Enterobacteriaceae;g__Escherichia;s__Escherichia_coli	k__Bacteria;p__Firmicutes;c__Clostridia;o__Clostridiales;f__Ruminococcaceae;g__Anaerotruncus;s__Anaerotruncus_colihominis	k__Bacteria;p__Firmicutes;c__Clostridia;o__Clostridiales;f__Lachnospiraceae;g__Blautia;s__Blautia_obeum	k__Bacteria;p__Bacteroidetes;c__Bacteroidia;o__Bacteroidales;f__Odoribacteraceae;g__Odoribacter;s__Odoribacter_laneus	k__Bacteria;p__Firmicutes;c__Clostridia;o__Clostridiales;f__Ruminococcaceae;g__Ruminiclostridium;s__[Clostridium]_leptum	k__Bacteria;p__Bacteroidetes;c__Bacteroidia;o__Bacteroidales;f__Porphyromonadaceae;g__Parabacteroides;s__Parabacteroides_goldsteinii	k__Bacteria;p__Firmicutes;c__Clostridia;o__Clostridiales;f__Lachnospiraceae;g__Anaerostipes;s__Anaerostipes_hadrus	k__Bacteria;p__Firmicutes;c__Clostridia;o__Clostridiales;f__Ruminococcaceae;g__Ruminococcus;s__Ruminococcus_lactaris	k__Bacteria;p__Firmicutes;c__Clostridia;o__Clostridiales;f__Clostridiaceae;g__Clostridium;s__Clostridium_sp._L2-50	k__Bacteria;p__Firmicutes;c__Clostridia;o__Clostridiales;f__Clostridiaceae;g__Clostridium;s__Clostridium_sp._M62/1	k__Bacteria;p__Firmicutes;c__Clostridia;o__Clostridiales;f__;g__Intestinimonas;s__Intestinimonas_butyriciproducens	k__Bacteria;p__Actinobacteria;c__Actinobacteria;o__Bifidobacteriales;f__Bifidobacteriaceae;g__Bifidobacterium;s__Bifidobacterium_bifidum	k__Bacteria;p__Firmicutes;c__Negativicutes;o__Veillonellales;f__Veillonellaceae;g__Dialister;s__Dialister_invisus	k__Bacteria;p__Bacteroidetes;c__Bacteroidia;o__Bacteroidales;f__Bacteroidaceae;g__Bacteroides;s__Bacteroides_salanitronis
k__Bacteria;p__Bacteroidetes;c__Bacteroidia;o__Bacteroidales;f__Bacteroidaceae;g__Bacteroides;s__Bacteroides_vulgatus	1.0	-0.0282612346163	0.049375450431	-0.0409190222776	-0.0395966578733	-0.0735045942685	-0.0327366667473	-0.0217074512629	-0.015160888078	-0.0103982541941	-0.0480830330989	0.0182654260554	-0.0189662557392	-0.0279337272653	0.0671910880259	0.0359100122341	0.0271501920662	-0.0229749691966	-0.0183034184732	0.00247137384107	-0.048850591636	-0.0302670868951	-0.00948695618957	0.0337109950648	-0.0359635629459	-0.0275251566439	-0.05255211238	-0.0102872920921	0.0522244529352	-0.0800850525364	0.049507676379	-0.0356233549254	-0.0651160486835	-1.9473785141e-05	0.0327451307518	0.0105573763807	0.00837821125682	-0.0303170066386	-0.039011653955	0.0350411996829	-0.0457213623224	-0.00823711803496	-0.00195961828806	0.0354360408853	-0.0199683635812	-0.0265972150395	-0.0249706384127	0.0236998523058	0.01417323427	-0.0420573199716	-0.026274164776	-0.0856468376162	0.0333133202526	-0.00723145066158	0.0502458614289	-0.0725749083032	-0.0187895115113	-0.0288966521793	0.0321255560419
k__Bacteria;p__Bacteroidetes;c__Bacteroidia;o__Bacteroidales;f__Bacteroidaceae;g__Bacteroides;s__Bacteroides_uniformis	-0.0282612346163	1.0	-0.0177459844394	-0.0610503072348	-0.0462627808445	0.0197082334867	-0.0261281791527	-0.0852007019671	-0.0268876910487	0.0279237289149	-0.0145475180786	0.0410672529954	0.0921398849332	-0.0271289362072	0.0213242226738	-0.0214804736112	-0.0404492191508	-0.022934945195	0.0107931870253	-0.0228922580126	-0.0558765569587	0.0170372071138	0.000914850200687	-0.0326254348461	-0.00872858314474	0.0707437572158	0.0485486090595	-0.00691598838083	-0.0160180132595	-0.00146069487841	-0.00475146075718	-0.0254453427474	0.0319999153909	0.0241699429312	0.0184234269627	-0.0428486478006	-0.0268069053161	0.0150882110318	-0.0648286765054	-0.0369992968423	-0.0281751100996	0.0327609554334	-0.0257021336123	-0.0596337383789	-0.050394258224	0.00398390973246	0.00372709140823	-0.0589606997968	0.00795585733328	-0.0255766604692	0.0289335086211	0.0191594157208	-0.0247079391142	0.0240391504126	0.00699769669326	0.02045960803	0.00114686298132	-0.0391945138044	-0.00591508282948
k__Bacteria;p__Bacteroidetes;c__Bacteroidia;o__Bacteroidales;f__Rikenellaceae;g__Alistipes;s__Alistipes_putredinis	0.049375450431	-0.0177459844394	1.0	-0.0465541895105	0.00957222597874	0.0183547542429	0.0194296799094	0.0183193526412	0.0404801190315	-0.0390428227049	0.0236547355567	-0.0261229977079	-0.0617209833221	-0.00920903620499	-0.0371514063831	-0.0115463266467	-0.0623447919103	0.00094472171705	-0.0640774264726	-0.0242672111042	0.00906754254176	0.0275890945443	-0.0535973872033	0.0500672454773	-0.00021117213371	-0.0145445589453	0.0120821438437	0.0111933594061	-0.0609206517926	0.0221943122903	-0.0125111311122	-0.0255634644645	0.019939861067	0.00338400684846	-0.0757485363297	0.0581272767705	0.015321774558	-0.0839720699997	0.0383882169032	-0.0577284917734	-0.0260131596547	0.0504168165665	-0.038731226513	0.0125503930173	0.0387857376312	0.0190177049062	-0.00901448246593	0.0172452900506	0.0751258294297	-0.0262030400051	-0.0299553423072	-0.0323767292997	-0.0444719400946	0.0193803635674	-0.0392689914855	-0.0209035764189	-0.0734560020172	0.0186982261645	0.0139481843515
k__Bacteria;p__Bacteroidetes;c__Bacteroidia;o__Bacteroidales;f__Prevotellaceae;g__Prevotella;s__Prevotella_copri	-0.0409190222776	-0.0610503072348	-0.0465541895105	1.0	-0.0148130245469	-0.0306791975518	-0.00647306604262	-0.0590471075607	-0.00646034084279	-0.0540721160423	0.000212718065486	0.0337872642844	-0.0208730188621	-0.0447717633556	-0.0570032324109	-0.0309369946034	-0.0390660628638	-0.0165223385454	0.00488330359387	-0.0650882657926	-0.0138922304373	-0.010907883012	-0.0286083178057	-0.0672238677507	-0.0276743200393	0.0584044301529	-0.0367887321618	0.00106455735781	0.0134872490556	0.0193157724662	0.0142427504713	0.0381632976266	-0.0143841398625	-0.0168533140985	-0.024503295593	0.0440594416793	-0.062541892118	0.0361224319711	0.0644746957197	-0.00783679693911	-0.0287875536045	-0.0317998522051	-0.0010766236995	0.00760394344964	-0.0593733255053	0.0515272095268	0.0604355212003	0.0385115925141	-0.0280565713019	0.00752618787828	-0.0240619934898	0.0420241044423	0.0273593950656	-0.014299530458	-0.0489588251346	-0.0626694886318	0.0276986779714	0.0082866470833	-0.00412274443158
k__Bacteria;p__Bacteroidetes;c__Bacteroidia;o__Bacteroidales;f__Bacteroidaceae;g__Bacteroides;s__Bacteroides_stercoris	-0.0395966578733	-0.0462627808445	0.00957222597874	-0.0148130245469	1.0	0.00924054001416	-0.0178151266911	0.0646603613695	-0.0223294387865	-0.0393402318872	-0.0048257206895	-0.00434196105042	0.0168877613406	-0.0216270227151	0.0074162591714	0.00528928027281	0.0104316410461	0.0545482033571	-0.0135143444226	0.0253885711518	0.00919971342735	-0.0514887938146	-0.0471087177455	0.0282131995032	-0.037837149624	-0.00326005469621	0.018483439526	-0.0509097997154	-0.0189201053475	-0.0199577470867	0.00638909805942	-0.0216783059806	-0.02200444256	0.0710878666135	0.0614031136733	-0.0100735549025	0.0107224435271	-0.0238679376468	-0.0274230671036	-0.0144644697944	0.0103975967684	0.0113586372677	-0.0398027105343	0.0187326254189	-0.0718840482152	0.0369558250373	-0.0248166434912	0.0347684464074	-0.0453474964257	0.0229894282008	-0.0180849579349	-0.0409307075391	-0.0846827508073	-0.0419285461176	0.0056843762822	-0.0861927771922	-0.00711781436922	0.072190836218	-0.0791046099639
k__Bacteria;p__Bacteroidetes;c__Bacteroidia;o__Bacteroidales;f__Bacteroidaceae;g__Bacteroides;s__Bacteroides_ovatus	-0.0735045942685	0.0197082334867	0.0183547542429	-0.0306791975518	0.00924054001416	1.0	0.0195546287185	-0.0392876168608	0.0341345616316	-0.0415498413956	-0.00987045271165	0.00584433866454	-0.0255169636489	-0.0097100767077	-0.0604190822273	-0.016941531262	-0.0504363079865	-0.0362273936268	-0.0367884013382	-0.0136722855284	0.0343432815829	0.0170461536748	0.00541191161226	-0.0388960460316	0.00195191729336	-0.00643876635258	-0.0669714111938	-0.000242045256508	0.00950909277175	-0.0294392655744	0.00754803867476	-0.0658210017652	0.0264266811977	-0.0448771212178	-0.0341265696272	-0.0262367425217	0.0760751576055	-0.02070558033	-0.035898630076	0.0161692120524	0.0542861839833	-0.040966339332	0.0419141907162	-0.0580045119325	0.0450639880545	-0.00163726754187	-0.00803928562669	-0.010748153094	0.0234444444498	-0.00193137632937	0.0703676338311	0.00135429254185	0.0186964730166	0.0105217922571	-0.0138274709403	0.0429815771968	-0.033902724275	-0.00427701745715	-0.082963508437
k__Bacteria;p__Bacteroidetes;c__Bacteroidia;o__Bacteroidales;f__Rikenellaceae;g__Alistipes;s__Alistipes_shahii	-0.0327366667473	-0.0261281791527	0.0194296799094	-0.00647306604262	-0.0178151266911	0.0195546287185	1.0	0.0176024550843	-0.0717400111071	0.0304081947529	0.0001764355845	-0.0628488285095	0.0422173401232	-0.00639359656648	-0.0547826701796	-0.00113407684356	-0.0329765687152	-0.00827612793783	0.00469983991911	0.0221925055929	0.107424477743	-0.0558031642186	0.051215301825	-0.113425691287	-0.016035534252	-0.0307089371312	0.00147679378304	-0.0842255604962	0.00258239158264	-0.0578379636687	-0.00663301907584	-0.094031545847	0.0133534924734	0.0248382233029	-0.00343985820811	-0.0651619589796	-0.0516584334699	-0.00358563683374	0.0719967653751	-0.00774807861702	-0.036949568513	0.0414820357814	-0.0930193002323	0.0116484061811	-0.0982180033201	0.0677169293415	0.102638220721	0.00653336795087	-0.0586504307365	0.0330836634384	-0.0397469315723	-0.00815138490674	-0.0180827083296	-0.0437755574297	0.0453487973048	5.08722038627e-06	-0.0915300645157	-0.010563430085	0.0170447661287
k__Bacteria;p__Firmicutes;c__Clostridia;o__Clostridiales;f__Ruminococcaceae;g__Faecalibacterium;s__Faecalibacterium_prausnitzii	-0.0217074512629	-0.0852007019671	0.0183193526412	-0.0590471075607	0.0646603613695	-0.0392876168608	0.0176024550843	1.0	0.00335817685906	-0.0295901305952	0.0406288452392	-0.0430458116732	-0.00234240566269	-0.032001275563	-0.0156518542196	0.0189839244904	-0.0408859271664	-0.100312007645	-0.0304598216879	-0.0383699090978	-0.0186296176395	0.0296627376871	0.036322958205	-0.0331817868701	0.0230999159841	-0.000230930844738	-0.0190033977856	0.022990930981	-0.0466582041722	-0.015195645945	-0.0429312718709	0.024430421188	0.0449098950406	0.000598958041686	0.0140707694038	-0.0165792874802	0.0125046712606	0.0320906952512	0.00198375048096	0.00721903868882	-0.00184221335979	0.0796682886396	0.0623138166871	-0.0363457146477	-0.0856060048409	-0.00632820253749	0.0709240186072	-0.0111456302682	0.0750447920582	0.141013886779	-0.0478879798843	-0.042363373991	-0.0450537116927	0.0287161702889	-0.0853863368987	-0.0264459710109	0.00767702250845	-0.00233641584709	0.016786847101
k__Bacteria;p__Bacteroidetes;c__Bacteroidia;o__Bacteroidales;f__Rikenellaceae;g__Alistipes;s__Alistipes_finegoldii	-0.015160888078	-0.0268876910487	0.0404801190315	-0.00646034084279	-0.0223294387865	0.0341345616316	-0.0717400111071	0.00335817685906	1.0	-0.0194780511013	-0.0118327798469	-0.0351915272339	0.00151939670045	-0.00851521920533	-0.0783060651613	-0.00560582470666	-0.0676547913568	-0.0263888563441	0.0032023275517	-0.0352153926774	0.00280030617019	-0.0390645294965	-0.0247346466659	0.0172640435527	-0.0131625293237	0.0262545382301	-0.00169013157922	-0.0669499073059	0.0325603717159	0.0328538624039	0.0295710513747	0.0140319997895	-0.00116310583859	0.00441951890138	0.00534870938922	-0.0555099125371	-0.050726352867	-0.0326765598542	-0.0337895083493	-0.026501057235	-0.016547861945	0.00104268428496	-0.0609438241857	-0.0412465457007	0.0184168427227	0.0355028777306	-0.0104909340723	0.0259403983308	-0.00259687479621	0.0375305408885	-0.0244393278773	-0.0123513008118	-0.0139444349889	-0.0311723316445	-0.0377933178426	0.0477368503201	0.046648270828	-0.016800252101	-0.0962671491523
k__Bacteria;p__Bacteroidetes;c__Bacteroidia;o__Bacteroidales;f__Porphyromonadaceae;g__Parabacteroides;s__Parabacteroides_distasonis	-0.0103982541941	0.0279237289149	-0.0390428227049	-0.0540721160423	-0.0393402318872	-0.0415498413956	0.0304081947529	-0.0295901305952	-0.0194780511013	1.0	0.0776174344097	0.0469730888285	0.0183067105067	-0.0422743363076	-0.0773166016043	0.0260332576629	0.0284349460773	-0.044256322786	0.0535118342578	-0.0660936998653	0.00641850245701	0.0239058786327	-0.0404760886714	-0.0169961605618	-0.000745685610959	-0.0596369935125	0.0784868317267	-0.0476273271736	-0.0174064839865	0.0253023292427	-0.0630593477612	-0.0588718552272	0.005542648353	0.0211079152987	0.000586069581011	-0.0228912626011	0.0572634237949	0.0333273810972	0.0193067436194	0.03166902698	0.0560869233457	-0.0226141241985	0.0158971430701	-0.0495126813697	0.0262933729249	-0.0760890782468	0.0204254975655	0.0182599945331	-0.012511189742	0.0238835359658	0.0330864406668	0.00340200129799	0.037747496318	-0.0573633881197	0.0378918601584	0.00678850421722	0.0373433932958	-0.0967641386669	-0.00576278848446
k__Bacteria;p__Bacteroidetes;c__Bacteroidia;o__Bacteroidales;f__Bacteroidaceae;g__Bacteroides;s__Bacteroides_thetaiotaomicron	-0.0480830330989	-0.0145475180786	0.0236547355567	0.000212718065487	-0.0048257206895	-0.00987045271165	0.0001764355845	0.0406288452392	-0.0118327798469	0.0776174344097	1.0	-0.048149872096	-0.0305355507654	0.0184126014964	-0.0105199606661	-0.0608495010216	-0.00190534135123	-0.0773749438523	0.0401118726001	-0.00451891456894	-0.0461858309327	0.0565309264546	0.00681210948574	0.0603491014317	-0.037118339971	-0.0292231903609	-0.0419381026231	-0.0560324712242	0.0103275559764	-0.031990146658	-0.033675076748	0.0371521981132	-0.00456233783029	-0.0227103451468	-0.0214622900913	-0.0555387011048	-0.00621454754243	-0.0739700590233	-0.00944168185763	0.0405681283306	-0.0554648707275	-0.0573727191347	0.0666126945816	0.0612644735977	0.0183689698784	-0.0342635512119	-0.0047988061302	0.0104209596497	0.0682152760938	-0.00583058410512	-0.0037326809188	-0.00420774990221	-0.0824394069521	0.0259181622741	0.00742998174244	0.0584646239896	-0.0162361228422	0.0246377453033	0.0168830405195
k__Bacteria;p__Bacteroidetes;c__Bacteroidia;o__Bacteroidales;f__Bacteroidaceae;g__Bacteroides;s__Bacteroides_coprocola	0.0182654260554	0.0410672529954	-0.0261229977079	0.0337872642844	-0.00434196105042	0.00584433866454	-0.0628488285095	-0.0430458116732	-0.0351915272339	0.0469730888285	-0.048149872096	1.0	0.07194054934	-0.0603222051909	0.00816375324622	-0.0187556812945	0.0438217814695	0.0594682018782	-0.0143590987458	-0.0116869153775	0.0421252273624	-0.0367238537448	0.0283136092726	-0.141302655794	-0.00108816677746	-0.0358775778399	-0.0288087020791	0.0581976764038	-0.0289171376423	-0.0109007360084	0.0330971654842	-0.0255236139129	-0.0106606749076	-0.00709647224435	-0.0329474018038	-0.00980005502099	-0.0173321170069	0.0518072417171	-0.0404156772066	-0.0573805363774	-0.046283257392	-0.00351752109741	-0.0432736155243	0.0134905391783	0.00362299401572	-0.0724732730939	-0.0289172260654	-0.00996555629043	-0.0194791408534	0.0607315215431	-0.00935333353533	0.0219486227929	-0.0075568488019	-0.0290611469656	-0.0102537744703	-0.00671992044877	-0.055094428037	0.0547692100275	-0.0920847613168
k__Bacteria;p__Bacteroidetes;c__Bacteroidia;o__Bacteroidales;f__Bacteroidaceae;g__Bacteroides;s__Bacteroides_cellulosilyticus	-0.0189662557392	0.0921398849332	-0.0617209833221	-0.0208730188621	0.0168877613406	-0.0255169636489	0.0422173401232	-0.00234240566269	0.00151939670045	0.0183067105067	-0.0305355507654	0.07194054934	1.0	-0.0256080913571	-0.0522646416909	-0.0413173085435	-0.0785325812172	-0.00143166666917	0.0314140601515	-0.000795055212267	-0.0357088145511	-0.00523660657342	-0.0420982254019	-0.0606372999703	-0.0333704844134	0.0191304199429	0.00692789284058	0.0390418409138	-0.00886254039555	-0.0446042862854	-0.0477419867341	-0.0557297441166	0.0495191455316	0.00209369190897	-0.123252157046	-0.0423224361741	0.0274605948403	0.00453699953989	-0.0101316543795	0.00073229744206	0.0624701480764	0.0164131121541	0.0145980670608	-0.00989781680981	-0.0041895632564	-0.041632560052	-0.0360065993542	0.0899793744977	-0.0949057487938	-0.0830776192775	0.0290973001176	0.0267967029694	-0.00762171573187	0.020717506509	0.0129982361765	-0.0207643315543	-0.0328967462142	-0.0183261924311	0.0173605227494
k__Bacteria;p__Bacteroidetes;c__Bacteroidia;o__Bacteroidales;f__Rikenellaceae;g__Alistipes;s__Alistipes_obesi	-0.0279337272653	-0.0271289362072	-0.00920903620499	-0.0447717633556	-0.0216270227151	-0.0097100767077	-0.00639359656648	-0.032001275563	-0.00851521920533	-0.0422743363076	0.0184126014964	-0.0603222051909	-0.0256080913571	1.0	0.0734850575737	0.0241937299105	-0.00578587271171	-0.0229870164136	0.0223854640164	-0.0596229260536	0.0503161997908	-0.0145792055854	-0.02330440963	0.0689507320253	-0.00716845282562	0.0296826331105	-0.0474794348563	-0.0728591847883	0.0284924219914	-0.0447157127138	0.00812423100591	-0.0618756626538	0.0141922309697	0.0113065492674	-0.00891176367524	0.0269052681661	-0.0719214252112	0.0116415894048	-0.00776213812776	-0.0074574391499	0.00576982954148	0.00329786591863	-0.0552702254672	-0.00578274681621	-0.0428355766864	0.00959533909832	0.0177102501239	-0.0447250410095	-0.0724136846484	-0.0122161115935	-0.0193657358987	-0.0238671417014	-0.0368743898255	-0.0472199110521	-0.0112167126426	0.0052328129251	0.0800252908063	-0.00180298317599	0.012802904852
k__Bacteria;p__Firmicutes;c__Clostridia;o__Clostridiales;f__Lachnospiraceae;g__;s__[Eubacterium]_rectale	0.0671910880259	0.0213242226738	-0.0371514063831	-0.0570032324109	0.0074162591714	-0.0604190822273	-0.0547826701796	-0.0156518542196	-0.0783060651613	-0.0773166016043	-0.0105199606661	0.00816375324622	-0.0522646416909	0.0734850575737	1.0	0.000620623756422	0.018334588111	0.0140826565227	0.0537760838336	0.0531025264368	-0.0341750701624	0.00898489699005	0.00393502048831	0.0100373199944	-0.0398818478251	0.00201645396843	-0.0451798501315	-0.0203647455842	-0.0394737983052	-0.0429889105008	0.0287270007176	0.0159220646568	-0.0621627922252	-0.0124518251122	-0.0065914329423	0.0035491305739	-0.0272027334453	-0.0354733027385	0.0416127356154	-0.0468042035688	0.0178247251865	-0.0121214999903	-0.0270408908726	0.0311611829956	-0.0443285016058	-0.0163373130512	-0.0282367073282	-0.0218943825123	0.0676301289966	-0.0594626878575	-0.0298289900305	-0.0141172859848	0.00199922432236	-0.0113658242605	0.0370755601	0.00594890358375	-0.0173391969674	-0.0414380060797	0.00845416334491
k__Bacteria;p__Bacteroidetes;c__Bacteroidia;o__Bacteroidales;f__Bacteroidaceae;g__Bacteroides;s__Bacteroides_plebeius	0.0359100122341	-0.0214804736112	-0.0115463266467	-0.0309369946034	0.00528928027281	-0.016941531262	-0.00113407684356	0.0189839244904	-0.00560582470666	0.0260332576629	-0.0608495010216	-0.0187556812945	-0.0413173085435	0.0241937299105	0.000620623756422	1.0	-0.0205873676401	0.0116834524901	-0.0273511567687	-0.00888462507662	0.0103208738487	0.0468981684882	-0.0222006214751	-0.00485743547025	0.0335315887512	-0.0976561605244	0.007927979394	-0.0390468532515	-0.0352088424293	-0.0204554239092	-0.021492908339	-0.0192185677714	0.0239908583653	0.0291464255609	-0.0272291413062	-0.034900780178	-0.00576457487102	-0.0188479478457	-0.0143200746074	0.0558456662569	-0.0496612729188	-0.0232414710818	0.0456094423586	-0.024483153794	-0.0135623575586	0.00202015844503	0.0275775740317	0.0690780101663	-0.0162263571414	0.00425962671431	0.0170481341466	0.00551577414458	-0.0276623277862	0.0171743828241	-0.0253307407789	-0.00512386888874	-0.0421256942052	-0.00717075881555	-0.0483079328536
k__Bacteria;p__Bacteroidetes;c__Bacteroidia;o__Bacteroidales;f__Bacteroidaceae;g__Bacteroides;s__Bacteroides_fragilis	0.0271501920662	-0.0404492191508	-0.0623447919103	-0.0390660628638	0.0104316410461	-0.0504363079865	-0.0329765687152	-0.0408859271664	-0.0676547913568	0.0284349460773	-0.00190534135123	0.0438217814695	-0.0785325812172	-0.00578587271171	0.018334588111	-0.0205873676401	1.0	0.0295672390063	0.0343701999417	-0.0087637692503	-0.0624688873356	0.0462159508558	-0.0068159223967	-0.00310398640562	0.0406474178852	-0.021708198434	-0.000433204099072	-0.0106336313655	0.0040320392574	-0.0440431255221	0.00627412621722	-0.0331714103457	0.0502565251769	-0.0796899422756	-0.0697820794687	-0.0549754923408	-0.00805841727666	0.0642316673667	0.0234567016715	0.00492732136328	-0.0621024795747	-0.0171267085052	-0.054524699917	-0.0567007246079	0.00865852723031	-0.0426648056301	0.00261439343825	0.0227351047905	0.0494626154578	-0.0210531276873	0.000889439675919	-0.021567261897	0.00030024711766	-0.0184721666796	0.0591275512621	-0.0505055161947	0.0241240536183	-0.0326554711126	0.0331859278827
k__Bacteria;p__Proteobacteria;c__Betaproteobacteria;o__Burkholderiales;f__Sutterellaceae;g__Sutterella;s__Sutterella_wadsworthensis	-0.0229749691966	-0.022934945195	0.00094472171705	-0.0165223385454	0.0545482033571	-0.0362273936268	-0.00827612793783	-0.100312007645	-0.0263888563441	-0.044256322786	-0.0773749438523	0.0594682018782	-0.00143166666917	-0.0229870164136	0.0140826565227	0.0116834524901	0.0295672390063	1.0	-0.00973907615501	0.0287374804516	0.0114228003247	-0.010630748115	0.0422610445616	0.0919939257129	-0.0318972625222	-0.046375938767	0.00729981691738	0.000867487411457	-0.00920020847271	-0.0502379670553	0.0308416387153	-0.0244647371799	-0.011501049975	-0.0678183448437	-0.0238600806666	0.0197166375202	-0.000457997906689	0.00617554932054	-0.0291814310993	0.00366074870401	-0.026472182812	0.0459027597485	0.0595878631424	0.00727381403453	-0.041383010678	0.0161686272712	0.0371497728458	-0.0475458520005	0.0479114853761	-0.0146820263283	-0.0193509836677	-0.0122669323808	0.0540247258198	-0.0701560554064	-0.078037687229	0.0200307502448	-0.0535877041646	0.0274979872622	0.0202525912618
k__Bacteria;p__Bacteroidetes;c__Bacteroidia;o__Bacteroidales;f__Porphyromonadaceae;g__Barnesiella;s__Barnesiella_intestinihominis	-0.0183034184732	0.0107931870253	-0.0640774264726	0.00488330359387	-0.0135143444226	-0.0367884013382	0.00469983991911	-0.0304598216879	0.0032023275517	0.0535118342578	0.0401118726001	-0.0143590987458	0.0314140601515	0.0223854640164	0.0537760838336	-0.0273511567687	0.0343701999417	-0.00973907615501	1.0	0.00310381787171	-0.0673597067853	-0.0181029865704	0.0429629694388	-0.0288282861703	-0.00772923322317	0.0159800014098	0.046736688072	-0.00309349725996	0.0718508527608	-0.0317604329233	0.0140179865864	-0.05671858489	-0.0736872148701	0.0494131429738	-0.0144163549466	-0.0198288327883	0.00869062319109	-0.00774849613604	-0.0321063375968	0.00940992020606	-0.00588271575243	-0.00788012561895	-0.0368681711747	0.0202850007027	-0.0161577048455	-0.0318488067337	-0.0454520288757	0.0220409193933	-0.00915603184864	-0.000662789636983	0.0399832097101	-0.0198012085797	0.0036969896383	0.0575289142066	-0.146787147814	-0.101420592263	-0.00560283815547	-0.0180030259052	0.00799813270312
k__Bacteria;p__Bacteroidetes;c__Bacteroidia;o__Bacteroidales;f__Odoribacteraceae;g__Odoribacter;s__Odoribacter_splanchnicus	0.00247137384107	-0.0228922580126	-0.0242672111042	-0.0650882657926	0.0253885711518	-0.0136722855284	0.0221925055929	-0.0383699090978	-0.0352153926774	-0.0660936998653	-0.00451891456894	-0.0116869153775	-0.000795055212267	-0.0596229260536	0.0531025264368	-0.00888462507662	-0.0087637692503	0.0287374804516	0.00310381787171	1.0	-0.0182865451422	0.0157043007686	-0.0377671124898	0.00315808871479	0.0384380844335	0.102084852322	-0.00763677453507	0.0704814362862	-0.0275619069592	0.010697405861	-0.0880602227	0.0829347819146	0.054918650738	-0.0413130344401	-0.0422946137238	0.00608353958795	-0.0250010940114	0.0175161980099	-0.0283379179227	-0.0339897008387	-0.00667312361764	0.005156169012	-0.0183833679757	-0.0246057096466	0.0602408167992	-0.00100090297711	-0.0521514530121	-0.0573455548371	-0.028600496351	-0.0349963520832	0.0495607817795	0.0374020401417	0.0189286864009	0.0100379336221	-0.022052775599	-0.01173568019	0.00206113713414	-0.08393607297	-0.0322480695419
k__Bacteria;p__Bacteroidetes;c__Bacteroidia;o__Bacteroidales;f__Bacteroidaceae;g__Bacteroides;s__Bacteroides_salyersiae	-0.048850591636	-0.0558765569587	0.00906754254176	-0.0138922304373	0.00919971342735	0.0343432815829	0.107424477743	-0.0186296176395	0.00280030617019	0.00641850245701	-0.0461858309327	0.0421252273624	-0.0357088145511	0.0503161997908	-0.0341750701624	0.0103208738487	-0.0624688873356	0.0114228003247	-0.0673597067853	-0.0182865451422	1.0	-0.0194977834497	-0.0226376709818	0.00179468849131	-0.0629582691575	0.0152665648373	-0.0914940839754	-0.0414517472272	0.0497332093133	-0.0336660042671	-0.0560137700863	-0.0118720458457	-0.00290337807473	0.0211494965308	0.00599051155384	-0.0903501169396	-0.0372811018364	-0.0600916761254	0.000879198399358	0.0215884476122	-0.0277950769432	-0.0206511768406	0.0464326218094	-0.00106245516826	0.00502227516988	0.0345599121798	-0.0358387388158	-0.00157549482177	-0.0415798986694	-0.0252074829879	-0.0236173606879	0.0134927520521	0.0482025228506	0.00678669955832	-0.0306752593449	-0.0126365677642	0.0364173323323	0.0107051605771	-0.0178121623749
k__Bacteria;p__Firmicutes;c__Clostridia;o__Clostridiales;f__Ruminococcaceae;g__Ruminiclostridium;s__[Eubacterium]_siraeum	-0.0302670868951	0.0170372071138	0.0275890945443	-0.010907883012	-0.0514887938146	0.0170461536748	-0.0558031642186	0.0296627376871	-0.0390645294965	0.0239058786327	0.0565309264546	-0.0367238537448	-0.00523660657342	-0.0145792055854	0.00898489699005	0.0468981684882	0.0462159508558	-0.010630748115	-0.0181029865704	0.0157043007686	-0.0194977834497	1.0	0.00123083852075	-0.0520834498501	0.0313837637226	-0.0405426572567	-0.0920782427226	0.0063593221047	-0.0550150794331	0.0243496902776	-0.00723811909508	-0.0483408983513	-0.0124190807042	0.0419617936962	-0.0408101471833	0.0480615469751	-0.0218155039531	0.0155603111141	0.0636741474869	-0.0242105531202	0.0448511078503	-0.0560585203358	0.00337735700133	-0.053971022701	-0.0556602275178	-0.0445399088915	-0.0227598067122	-0.00500055048151	-0.0215995371614	-0.0270954111798	-0.0197612111558	0.00899569602798	-0.0504758135341	-0.0037559515759	-0.0418124416239	0.0619971125227	-0.0852495157649	-0.0422225316812	-0.0481432247327
k__Bacteria;p__Proteobacteria;c__Betaproteobacteria;o__Burkholderiales;f__Sutterellaceae;g__Parasutterella;s__Parasutterella_excrementihominis	-0.00948695618957	0.000914850200686	-0.0535973872033	-0.0286083178057	-0.0471087177455	0.00541191161226	0.051215301825	0.036322958205	-0.0247346466659	-0.0404760886714	0.00681210948574	0.0283136092726	-0.0420982254019	-0.02330440963	0.00393502048831	-0.0222006214751	-0.0068159223967	0.0422610445616	0.0429629694388	-0.0377671124898	-0.0226376709818	0.00123083852075	1.0	-0.0127157211085	-0.0246957582543	-0.0720237098632	-0.0498088935333	-0.0151809203826	-0.0891874110124	-0.0389600364589	0.00855584056104	0.000742036049167	0.0194169572242	0.0109417705076	-0.0248605000268	0.0473707185562	0.031298694899	-0.00460911825103	-0.041543507445	0.00476749013104	0.101677059811	-0.00237346354888	0.065226200761	-0.0268191759886	-0.0005469610832	0.090473503672	-0.0368964752845	-0.01292630433	-0.115404060665	0.0098587068608	-0.000500860714019	0.0252527844766	-0.033418765386	-0.00393862748059	-0.0395696902696	0.0176997556146	0.0111479372915	0.0154590916507	-0.00346773442367
k__Bacteria;p__Actinobacteria;c__Actinobacteria;o__Bifidobacteriales;f__Bifidobacteriaceae;g__Bifidobacterium;s__Bifidobacterium_adolescentis	0.0337109950648	-0.0326254348461	0.0500672454773	-0.0672238677507	0.0282131995032	-0.0388960460316	-0.113425691287	-0.0331817868701	0.0172640435527	-0.0169961605618	0.0603491014317	-0.141302655794	-0.0606372999703	0.0689507320253	0.0100373199944	-0.00485743547025	-0.00310398640562	0.0919939257129	-0.0288282861703	0.00315808871479	0.00179468849131	-0.0520834498501	-0.0127157211085	1.0	-0.0525798666966	0.00226784947676	-0.0106760262893	-0.0117808456667	0.00174663876716	0.0299188226811	0.000410378264377	-0.0440062326673	-0.0373776799561	-0.00207061392516	0.0226293359209	-0.0255025652571	0.0216544477495	-0.0199044243735	-0.0524119874374	-0.0170192856698	0.0110311076816	0.0247973103193	0.00868630805407	-0.0590316581966	0.0154235625306	0.0399633494277	-0.0398744164723	0.000440954964692	-0.0625771877978	0.00239296262992	0.00190752737451	0.0208321674816	-0.164416981789	-0.0234287695933	0.0288538386726	0.0439916206798	-0.0407419663484	0.0347034627412	-0.0216607940913
k__Bacteria;p__Firmicutes;c__Clostridia;o__Clostridiales;f__Oscillospiraceae;g__Oscillibacter;s__Oscillibacter_sp._KLE_1745	-0.0359635629459	-0.00872858314474	-0.00021117213371	-0.0276743200393	-0.037837149624	0.00195191729336	-0.016035534252	0.0230999159841	-0.0131625293237	-0.000745685610959	-0.037118339971	-0.00108816677746	-0.0333704844134	-0.00716845282562	-0.0398818478251	0.0335315887512	0.0406474178852	-0.0318972625222	-0.00772923322317	0.0384380844335	-0.0629582691575	0.0313837637226	-0.0246957582543	-0.0525798666966	1.0	0.00870170963381	0.0353507074227	-0.0156377514457	-0.0362157156338	-0.000177290277155	0.0415036976119	-0.0251656816299	-0.0729892492327	-0.0664402156045	-0.0366436389261	-0.0524074232259	-0.0712598820789	0.0545552418807	-0.00529405186005	-0.023109650991	-0.0349119842794	-0.0410684824602	0.00589547538447	-0.0278440857724	0.0345889419574	-0.0162314395256	-0.0313606710215	0.0411633596311	-0.0249291915505	-0.000775545949562	0.025156261319	-0.00055082154136	-0.0320613350075	0.0349754378316	-0.0415461607454	-0.00288632244189	0.00704346164232	0.0192500491078	0.0372815612071
k__Bacteria;p__Bacteroidetes;c__Bacteroidia;o__Bacteroidales;f__Bacteroidaceae;g__Bacteroides;s__Bacteroides_coprophilus	-0.0275251566439	0.0707437572158	-0.0145445589453	0.0584044301529	-0.00326005469621	-0.00643876635258	-0.0307089371312	-0.000230930844738	0.0262545382301	-0.0596369935125	-0.0292231903609	-0.0358775778399	0.0191304199429	0.0296826331105	0.00201645396843	-0.0976561605244	-0.021708198434	-0.046375938767	0.0159800014098	0.102084852322	0.0152665648373	-0.0405426572567	-0.0720237098632	0.00226784947676	0.00870170963381	1.0	0.012982826103	-0.0468060943039	-0.0271280071501	-0.0104051227455	-0.0526503737496	-0.0474680952382	-0.0417067218226	0.0100132346964	0.0126624325597	0.0168601999183	-0.0233077386378	0.0256243606398	0.00783496835762	-0.05534532368	-0.00477019709516	-0.00205832225352	-0.0284695339097	-0.00010107545158	-0.00608136423802	-0.0155745347283	0.0326282958999	0.0297345951503	0.0355734796099	-0.0759195529499	-0.00857232047752	0.058157872703	-0.0509082379715	-0.019493072463	0.006042784321	-0.0383896825991	-0.0681813126549	-0.0162433014652	-0.0524986830765
k__Bacteria;p__Firmicutes;c__Clostridia;o__Clostridiales;f__Lachnospiraceae;g__Roseburia;s__Roseburia_intestinalis	-0.05255211238	0.0485486090595	0.0120821438437	-0.0367887321618	0.018483439526	-0.0669714111938	0.00147679378304	-0.0190033977856	-0.00169013157922	0.0784868317267	-0.0419381026231	-0.0288087020791	0.00692789284058	-0.0474794348563	-0.0451798501315	0.007927979394	-0.000433204099073	0.00729981691738	0.046736688072	-0.00763677453507	-0.0914940839754	-0.0920782427226	-0.0498088935333	-0.0106760262893	0.0353507074227	0.012982826103	1.0	0.00105261921299	0.0370937001637	0.0118600115918	-0.0334716851398	-0.00471060638192	-0.0522648593106	-0.00973189330125	0.00184009370767	0.0287794328768	0.0477052337945	0.0113445467631	-0.0459200850923	-0.00478679840504	-0.00111416152097	0.000514069819714	0.00904591914013	-0.011359170366	0.0763694445408	-0.0532939280807	0.00282753766979	-0.0647786337365	-0.0578105564594	-0.0165192712093	-0.0248854518155	0.0214292143039	-0.0656557341659	-0.0846390039731	-0.0128581933854	-0.02376355689	0.00825460387195	-0.0239270685569	-0.00459440798606
k__Bacteria;p__Firmicutes;c__Clostridia;o__Clostridiales;f__Lachnospiraceae;g__Roseburia;s__Roseburia_hominis	-0.0102872920921	-0.00691598838083	0.0111933594061	0.00106455735781	-0.0509097997154	-0.000242045256508	-0.0842255604962	0.022990930981	-0.0669499073059	-0.0476273271736	-0.0560324712242	0.0581976764038	0.0390418409138	-0.0728591847883	-0.0203647455842	-0.0390468532515	-0.0106336313655	0.000867487411457	-0.00309349725996	0.0704814362862	-0.0414517472272	0.0063593221047	-0.0151809203826	-0.0117808456667	-0.0156377514457	-0.0468060943039	0.00105261921299	1.0	0.0123150696232	0.0123732951315	-0.0101223632237	0.0406300392347	-0.128050559382	-0.00945533399731	0.0183327345957	-0.0351340824497	0.0198137991765	-0.0461879127913	0.0446242555758	0.0362041707365	-0.0682045992412	-0.0274419479632	-0.0021546421595	-0.022815715641	-0.0690304268782	0.0494781716637	0.0087978971923	0.00899191707638	-0.0142805475817	-0.123153752337	0.0116764614252	0.00914107825416	0.014511838593	-0.0179877111878	0.0324421025147	-0.0249503000319	-0.0285929235854	0.00644939913149	-0.0509216972967
k__Bacteria;p__Bacteroidetes;c__Bacteroidia;o__Bacteroidales;f__Porphyromonadaceae;g__Parabacteroides;s__Parabacteroides_johnsonii	0.0522244529352	-0.0160180132595	-0.0609206517926	0.0134872490556	-0.0189201053475	0.00950909277175	0.00258239158264	-0.0466582041722	0.0325603717159	-0.0174064839865	0.0103275559764	-0.0289171376423	-0.00886254039555	0.0284924219914	-0.0394737983052	-0.0352088424293	0.0040320392574	-0.00920020847271	0.0718508527608	-0.0275619069592	0.0497332093133	-0.0550150794331	-0.0891874110124	0.00174663876716	-0.0362157156338	-0.0271280071501	0.0370937001637	0.0123150696232	1.0	-0.0248723043646	-0.0211091077229	-0.0293937079909	0.0197239519283	-0.0361205032805	-0.056574976689	-0.00218248453136	-0.0414197335528	0.0013903269148	-0.0177103535576	-0.0839731135656	-0.0733724638966	-0.0437217247943	-0.00185733664075	0.0118314735959	0.0399135724744	0.012775978541	-0.0752421283898	-0.0614092357135	-0.0398749034972	-0.0824430654765	-0.018348266628	-0.0635534907156	-0.0142099709908	-0.0496775902093	0.0518553496067	-0.0454527932776	-0.010918933552	-0.0070089062081	-0.0240031567668
k__Bacteria;p__Actinobacteria;c__Actinobacteria;o__Bifidobacteriales;f__Bifidobacteriaceae;g__Bifidobacterium;s__Bifidobacterium_longum	-0.0800850525364	-0.00146069487841	0.0221943122903	0.0193157724662	-0.0199577470867	-0.0294392655744	-0.0578379636687	-0.015195645945	0.0328538624039	0.0253023292427	-0.031990146658	-0.0109007360084	-0.0446042862854	-0.0447157127138	-0.0429889105008	-0.0204554239092	-0.0440431255221	-0.0502379670553	-0.0317604329233	0.010697405861	-0.0336660042671	0.0243496902776	-0.0389600364589	0.0299188226811	-0.000177290277155	-0.0104051227455	0.0118600115918	0.0123732951315	-0.0248723043646	1.0	0.0205934783812	0.0770765012749	-0.0263239894655	-0.0370058074342	-0.0847929762128	0.00572698351881	-0.0208800878184	-0.0451951251989	0.00356057407855	-0.0181403772967	-0.019251650554	0.0145909462591	0.00235720787863	-0.0609919305047	0.0412337740363	-0.035422770648	0.0267475408797	0.0352562179255	0.0380043128659	0.0183674291065	0.0183239801264	-0.0528970112705	0.0616294264156	-0.0341976323298	0.0395050029986	-0.0364253213693	-0.0319682951157	0.0241568145625	0.0213054443582
