#taxonomy	k__Bacteria;p__Bacteroidetes;c__Bacteroidia;o__Bacteroidales;f__Bacteroidaceae;g__Bacteroides;s__Bacteroides_vulgatus	k__Bacteria;p__Bacteroidetes;c__Bacteroidia;o__Bacteroidales;f__Bacteroidaceae;g__Bacteroides;s__Bacteroides_uniformis	k__Bacteria;p__Bacteroidetes;c__Bacteroidia;o__Bacteroidales;f__Rikenellaceae;g__Alistipes;s__Alistipes_putredinis	k__Bacteria;p__Bacteroidetes;c__Bacteroidia;o__Bacteroidales;f__Prevotellaceae;g__Prevotella;s__Prevotella_copri	k__Bacteria;p__Bacteroidetes;c__Bacteroidia;o__Bacteroidales;f__Bacteroidaceae;g__Bacteroides;s__Bacteroides_stercoris	k__Bacteria;p__Bacteroidetes;c__Bacteroidia;o__Bacteroidales;f__Bacteroidaceae;g__Bacteroides;s__Bacteroides_ovatus	k__Bacteria;p__Bacteroidetes;c__Bacteroidia;o__Bacteroidales;f__Rikenellaceae;g__Alistipes;s__Alistipes_shahii	k__Bacteria;p__Firmicutes;c__Clostridia;o__Clostridiales;f__Ruminococcaceae;g__Faecalibacterium;s__Faecalibacterium_prausnitzii	k__Bacteria;p__Bacteroidetes;c__Bacteroidia;o__Bacteroidales;f__Rikenellaceae;g__Alistipes;s__Alistipes_finegoldii	k__Bacteria;p__Bacteroidetes;c__Bacteroidia;o__Bacteroidales;f__Porphyromonadaceae;g__Parabacteroides;s__Parabacteroides_distasonis	k__Bacteria;p__Bacteroidetes;c__Bacteroidia;o__Bacteroidales;f__Bacteroidaceae;g__Bacteroides;s__Bacteroides_thetaiotaomicron	k__Bacteria;p__Bacteroidetes;c__Bacteroidia;o__Bacteroidales;f__Bacteroidaceae;g__Bacteroides;s__Bacteroides_coprocola	k__Bacteria;p__Bacteroidetes;c__Bacteroidia;o__Bacteroidales;f__Bacteroidaceae;g__Bacteroides;s__Bacteroides_cellulosilyticus	k__Bacteria;p__Bacteroidetes;c__Bacteroidia;o__Bacteroidales;f__Rikenellaceae;g__Alistipes;s__Alistipes_obesi	k__Bacteria;p__Firmicutes;c__Clostridia;o__Clostridiales;f__Lachnospiraceae;g__;s__[Eubacterium]_rectale	k__Bacteria;p__Bacteroidetes;c__Bacteroidia;o__Bacteroidales;f__Bacteroidaceae;g__Bacteroides;s__Bacteroides_plebeius	k__Bacteria;p__Bacteroidetes;c__Bacteroidia;o__Bacteroidales;f__Bacteroidaceae;g__Bacteroides;s__Bacteroides_fragilis	k__Bacteria;p__Proteobacteria;c__Betaproteobacteria;o__Burkholderiales;f__Sutterellaceae;g__Sutterella;s__Sutterella_wadsworthensis	k__Bacteria;p__Bacteroidetes;c__Bacteroidia;o__Bacteroidales;f__Porphyromonadaceae;g__Barnesiella;s__Barnesiella_intestinihominis	k__Bacteria;p__Bacteroidetes;c__Bacteroidia;o__Bacteroidales;f__Odoribacteraceae;g__Odoribacter;s__Odoribacter_splanchnicus	k__Bacteria;p__Bacteroidetes;c__Bacteroidia;o__Bacteroidales;f__Bacteroidaceae;g__Bacteroides;s__Bacteroides_salyersiae	k__Bacteria;p__Firmicutes;c__Clostridia;o__Clostridiales;f__Ruminococcaceae;g__Ruminiclostridium;s__[Eubacterium]_siraeum	k__Bacteria;p__Proteobacteria;c__Betaproteobacteria;o__Burkholderiales;f__Sutterellaceae;g__Parasutterella;s__Parasutterella_excrementihominis	k__Bacteria;p__Actinobacteria;c__Actinobacteria;o__Bifidobacteriales;f__Bifidobacteriaceae;g__Bifidobacterium;s__Bifidobacterium_adolescentis	k__Bacteria;p__Firmicutes;c__Clostridia;o__Clostridiales;f__Oscillospiraceae;g__Oscillibacter;s__Oscillibacter_sp._KLE_1745	k__Bacteria;p__Bacteroidetes;c__Bacteroidia;o__Bacteroidales;f__Bacteroidaceae;g__Bacteroides;s__Bacteroides_coprophilus	k__Bacteria;p__Firmicutes;c__Clostridia;o__Clostridiales;f__Lachnospiraceae;g__Roseburia;s__Roseburia_intestinalis	k__Bacteria;p__Firmicutes;c__Clostridia;o__Clostridiales;f__Lachnospiraceae;g__Roseburia;s__Roseburia_hominis	k__Bacteria;p__Bacteroidetes;c__Bacteroidia;o__Bacteroidales;f__Porphyromonadaceae;g__Parabacteroides;s__Parabacteroides_johnsonii	k__Bacteria;p__Actinobacteria;c__Actinobacteria;o__Bifidobacteriales;f__Bifidobacteriaceae;g__Bifidobacterium;s__Bifidobacterium_longum	k__Bacteria;p__Firmicutes;c__Clostridia;o__Clostridiales;f__;g__Flavonifractor;s__Flavonifractor_plautii	k__Bacteria;p__Firmicutes;c__Clostridia;o__Clostridiales;f__Clostridiaceae;g__Clostridium;s__Clostridium_phoceensis	k__Bacteria;p__Verrucomicrobia;c__Verrucomicrobiae;o__Verrucomicrobiales;f__Akkermansiaceae;g__Akkermansia;s__Akkermansia_muciniphila	k__Bacteria;p__Bacteroidetes;c__Bacteroidia;o__Bacteroidales;f__Prevotellaceae;g__Paraprevotella;s__Paraprevotella_xylaniphila	k__Bacteria;p__Firmicutes;c__Clostridia;o__Clostridiales;f__Ruminococcaceae;g__Ruminococcus;s__Ruminococcus_callidus	k__Bacteria;p__Bacteroidetes;c__Bacteroidia;o__Bacteroidales;f__Rikenellaceae;g__Alistipes;s__Alistipes_senegalensis	k__Bacteria;p__Firmicutes;c__Clostridia;o__Clostridiales;f__Lachnospiraceae;g__Blautia;s__Blautia_sp._KLE_1732	k__Bacteria;p__Bacteroidetes;c__Bacteroidia;o__Bacteroidales;f__Bacteroidaceae;g__Bacteroides;s__Bacteroides_oleiciplenus	k__Bacteria;p__Firmicutes;c__Clostridia;o__Clostridiales;f__Ruminococcaceae;g__Ruminococcus;s__Ruminococcus_bicirculans	k__Bacteria;p__Bacteroidetes;c__Bacteroidia;o__Bacteroidales;f__Bacteroidaceae;g__Bacteroides;s__Bacteroides_fluxus	k__Bacteria;p__Bacteroidetes;c__Bacteroidia;o__Bacteroidales;f__Prevotellaceae;g__Prevotella;s__Prevotella_stercorea	k__Bacteria;p__Firmicutes;c__Clostridia;o__Clostridiales;f__Lachnospiraceae;g__Dorea;s__Dorea_longicatena	k__Bacteria;p__Firmicutes;c__Clostridia;o__Clostridiales;f__Eubacteriaceae;g__Eubacterium;s__[Eubacterium]_eligens	k__Bacteria;p__Firmicutes;c__Clostridia;o__Clostridiales;f__Ruminococcaceae;g__;s__Ruminococcaceae_bacterium_D16	k__Bacteria;p__Firmicutes;c__Clostridia;o__Clostridiales;f__Lachnospiraceae;g__Coprococcus;s__Coprococcus_comes	k__Bacteria;p__Proteobacteria;c__Gammaproteobacteria;o__Enterobacterales;f__Enterobacteriaceae;g__Escherichia;s__Escherichia_coli	k__Bacteria;p__Firmicutes;c__Clostridia;o__Clostridiales;f__Ruminococcaceae;g__Anaerotruncus;s__Anaerotruncus_colihominis	k__Bacteria;p__Firmicutes;c__Clostridia;o__Clostridiales;f__Lachnospiraceae;g__Blautia;s__Blautia_obeum	k__Bacteria;p__Bacteroidetes;c__Bacteroidia;o__Bacteroidales;f__Odoribacteraceae;g__Odoribacter;s__Odoribacter_laneus	k__Bacteria;p__Firmicutes;c__Clostridia;o__Clostridiales;f__Ruminococcaceae;g__Ruminiclostridium;s__[Clostridium]_leptum	k__Bacteria;p__Bacteroidetes;c__Bacteroidia;o__Bacteroidales;f__Porphyromonadaceae;g__Parabacteroides;s__Parabacteroides_goldsteinii	k__Bacteria;p__Firmicutes;c__Clostridia;o__Clostridiales;f__Lachnospiraceae;g__Anaerostipes;s__Anaerostipes_hadrus	k__Bacteria;p__Firmicutes;c__Clostridia;o__Clostridiales;f__Ruminococcaceae;g__Ruminococcus;s__Ruminococcus_lactaris	k__Bacteria;p__Firmicutes;c__Clostridia;o__Clostridiales;f__Clostridiaceae;g__Clostridium;s__Clostridium_sp._L2-50	k__Bacteria;p__Firmicutes;c__Clostridia;o__Clostridiales;f__Clostridiaceae;g__Clostridium;s__Clostridium_sp._M62/1	k__Bacteria;p__Firmicutes;c__Clostridia;o__Clostridiales;f__;g__Intestinimonas;s__Intestinimonas_butyriciproducens	k__Bacteria;p__Actinobacteria;c__Actinobacteria;o__Bifidobacteriales;f__Bifidobacteriaceae;g__Bifidobacterium;s__Bifidobacterium_bifidum	k__Bacteria;p__Firmicutes;c__Negativicutes;o__Veillonellales;f__Veillonellaceae;g__Dialister;s__Dialister_invisus	k__Bacteria;p__Bacteroidetes;c__Bacteroidia;o__Bacteroidales;f__Bacteroidaceae;g__Bacteroides;s__Bacteroides_salanitronis
k__Bacteria;p__Bacteroidetes;c__Bacteroidia;o__Bacteroidales;f__Bacteroidaceae;g__Bacteroides;s__Bacteroides_vulgatus	1.0	0.0364598360412	0.0441807693078	-0.012604769554	0.0891576282361	-0.0258980054818	0.0697421722695	0.018470063435	-0.0190860732414	-0.00941529103185	0.025195278817	-0.0208918904956	-0.0272850690826	-0.112013237984	-0.0711203183456	0.0845038510239	0.090822221977	-0.110870800975	-0.0198508322557	0.0256997998481	-0.0372573445871	-0.0233687017892	-0.00473055363394	-0.00397241420382	-0.0582207629253	0.0442015942606	-0.0220090348002	0.0370183787506	-0.0205763740062	-0.0731844793909	-0.0137657052524	0.0416604383361	-0.0539763467464	-0.00124045702925	0.0172132799093	0.0117912042976	0.00875503239571	-0.0659779111356	0.0404419805372	-0.0908412814871	-0.0307385621873	-0.00937068518435	0.0086225347549	-0.0707149533483	-0.0184931338489	-0.0836992847355	-0.0861043056196	-0.0998859898615	0.0348364111804	0.0307928226646	0.00504593692178	0.0238568849296	0.0462349313605	0.0341276456131	0.0092029553206	-0.103072932208	-0.0284087345027	-0.0178611986623	-0.0482797111894
k__Bacteria;p__Bacteroidetes;c__Bacteroidia;o__Bacteroidales;f__Bacteroidaceae;g__Bacteroides;s__Bacteroides_uniformis	0.0364598360412	1.0	0.0139810780401	-0.00544366430693	-0.02152211042	0.0452204480434	-0.00941502815902	0.0201692206705	-0.0577868706844	0.0192271309967	-0.0709439321958	-0.0282185219472	-0.0106836290766	-0.0109511597168	-0.046596383249	-0.0183767007008	0.00535426200859	0.0400825630749	0.00100078058633	-0.0100956183732	0.0305827680928	-0.0677996668451	-0.0214437496648	-0.0241594314914	0.0453974751018	-0.0294979087603	-0.0154719787327	0.0208195932425	-0.000652393418086	0.00105198797371	-0.0380244328424	-0.00310976139269	0.0146264429721	-0.0227617016408	0.00410578896737	0.0493949578825	-0.0139918771577	-0.0354200328848	0.00556715916541	-0.0827941737835	0.0155021913834	-0.00181489837814	-0.0382668318713	0.0562036683019	-0.0534511881273	0.0528139248764	-0.0592929119702	-0.0499074946235	-0.0705613387702	0.0226085720554	-0.0154695182163	-0.0192388645435	-0.0313846288898	0.0138793962349	0.0150275682884	-0.00589882306874	0.0350312766216	-0.0524319678036	-0.0321644366881
k__Bacteria;p__Bacteroidetes;c__Bacteroidia;o__Bacteroidales;f__Rikenellaceae;g__Alistipes;s__Alistipes_putredinis	0.0441807693078	0.0139810780401	1.0	0.0481348136229	0.0584538707268	-0.0564641279207	-0.0601517217747	-0.0317056623645	0.00838353697762	-0.0375671672454	-0.0301783708211	0.0609190454157	-0.02912406134	-0.00460169073209	-0.0526216143715	-0.0833891439801	0.060193361434	0.0402025592984	0.00201904349577	0.0726380755022	0.000523382596253	-0.0376505193671	-0.0244675965087	-0.0591289019365	0.0176431528776	-0.00937752245847	-0.0401288141913	0.00706500570994	0.0395330857286	0.0143303143087	-0.0286070407601	-0.0322869308124	-0.0338307688524	-0.0261690812403	0.0217628191113	0.0322540073124	-0.0333832288575	0.0660834910354	0.0810196058227	-0.00926356239722	-0.0238739617497	-0.00279105729025	-0.0272354125802	0.0425460997517	-0.0700909089612	-0.0348500789649	-0.0506839408131	-0.000499766456387	-0.0466962583961	-0.0642979061215	-0.0348339785534	-0.0115193777909	-0.0188814763488	0.00466328605437	-0.0335926797784	-0.0346707346945	0.0422860591329	-0.0443238889199	0.0213317600821
k__Bacteria;p__Bacteroidetes;c__Bacteroidia;o__Bacteroidales;f__Prevotellaceae;g__Prevotella;s__Prevotella_copri	-0.012604769554	-0.00544366430693	0.0481348136229	1.0	0.0489482137768	0.0460708440108	-0.0133453311664	-0.000411329097074	-0.0608265113962	-0.0498862336515	-0.0420760135036	-0.0704554403048	-0.0345272545277	0.0369102088977	-0.0640024745616	0.0594596097075	-0.0520175981775	-0.00203912026948	0.0247982976198	0.018873864013	0.040298057263	-0.0139023111689	-0.01997133266	0.0208149189014	-0.0598974420187	-0.0463671521995	0.0220165185685	-0.0486048930909	-0.0201030559571	0.00201721431168	-0.0906251651814	0.0605807022775	0.0204138601821	-0.0323421659816	-0.00794009867238	-0.023302985598	-0.0175530649713	-0.077360057801	0.0138892992301	-0.0202957571108	-0.00138479084909	-0.0499110006106	-0.0591563395293	0.00572313598278	0.0334163652773	0.0888514696352	0.0498442009369	-0.0453398458009	-0.0481276610087	-0.0448894351174	0.0210345965069	-0.0184200041121	-0.0948421274693	0.0964384987567	0.00693243866108	-0.00652764770242	0.0240617539172	-0.0197596692346	-0.0618556957097
k__Bacteria;p__Bacteroidetes;c__Bacteroidia;o__Bacteroidales;f__Bacteroidaceae;g__Bacteroides;s__Bacteroides_stercoris	0.0891576282361	-0.02152211042	0.0584538707268	0.0489482137768	1.0	-0.110528958524	0.0275053664866	0.0296569052961	0.00120986180629	-0.00129656073549	0.0427246325481	0.027347604014	-0.0152596937926	-0.00136001215028	0.0200069400003	-0.0584464118001	-0.00098402889419	-0.089015599324	0.00663541590505	-0.0480686826535	-0.0191796023886	0.0233068188179	0.0183837304335	-0.0232211993793	-0.0921633395946	-0.0845187469525	0.0202423723105	-0.0122268961947	0.0283514400169	-0.055026979907	-0.0230409895865	0.0468229124855	-0.0331715217451	-0.0548443957823	-0.025328131399	0.00044392585469	-0.0587283453759	0.00875417873737	0.0105162467358	-0.03106414796	-0.059649112316	-0.0165960550666	0.0049432472167	-0.0154013849484	-0.0286393904604	-0.0517626587128	0.062338266955	-0.0433538208212	-0.0476233684013	-0.00665357224271	-0.00537578708979	-0.0969924463694	-0.0644346528252	-0.0358399129551	0.0316490738802	0.0169811940696	0.0847144232554	0.0372759883781	-0.0246459628984
k__Bacteria;p__Bacteroidetes;c__Bacteroidia;o__Bacteroidales;f__Bacteroidaceae;g__Bacteroides;s__Bacteroides_ovatus	-0.0258980054818	0.0452204480434	-0.0564641279207	0.0460708440108	-0.110528958524	1.0	0.0222127965842	-0.0127821034114	-0.017995703698	-0.0318566238849	0.0258337533981	-0.0439240653525	-0.0847141737557	0.0275567460467	-0.0788307024365	-0.0148572402049	-0.0605403757034	0.00457670567496	-0.0312216616208	-0.033529914808	-0.0119407455419	-0.0237827000926	0.0182479238742	0.0216095186448	-0.0276794122391	0.0335685318098	-0.00373234149345	-0.0745915112714	0.0260365577539	0.00147221423088	0.00907676845079	-0.0129966471385	-0.0307629086296	0.0131845878083	-0.0402905034865	-0.00343037241499	-0.0230793264807	0.0306520030818	-0.0216984413275	0.038546662498	-0.024305527561	-0.0233624073722	-0.0503930469198	-0.10266160034	-0.0534487060902	-0.0831795599656	0.0430156192973	-0.0435715075727	0.00872759450984	-0.0112749225199	0.0468385141508	0.0290201446799	0.0509848633599	0.0251447443436	0.0417150128095	0.0760228083755	0.0293238418733	-0.0283734740582	-0.058214223878
k__Bacteria;p__Bacteroidetes;c__Bacteroidia;o__Bacteroidales;f__Rikenellaceae;g__Alistipes;s__Alistipes_shahii	0.0697421722695	-0.00941502815902	-0.0601517217747	-0.0133453311664	0.0275053664866	0.0222127965842	1.0	-0.0256991303613	0.00554687532835	-0.00522936344512	0.00965454326724	-0.0310438099202	0.00904208588155	-0.0429558985331	-0.0412381150956	-0.00166865586211	-0.0219891951819	0.101300528494	-0.0662827084178	0.00313955211845	0.0486427094774	-0.0349920630048	0.000583705220456	-0.00239082617076	-0.00390851082177	0.0264559445872	0.0421572860003	-0.033287782619	0.0100163128576	-0.00989653001741	-0.00337086728588	-0.01686913959	0.0168690804221	-0.0314684388047	0.0608809786478	-0.081591966752	-0.0404395298513	-0.0287376555365	-0.00978804131596	-0.0394508813163	-0.0672099838193	-0.0267558150397	-0.026018484942	-0.0494211220588	-0.0401218063578	-0.00222007077189	-0.0079158148986	0.0150986167351	-0.00750444986435	-0.0411713376886	-0.0799652488095	-0.0535358256055	-0.056204736489	0.0279345046891	-0.00263892777159	-0.0206427284491	-0.00278802784467	-0.0190565518884	-0.0703691905934
k__Bacteria;p__Firmicutes;c__Clostridia;o__Clostridiales;f__Ruminococcaceae;g__Faecalibacterium;s__Faecalibacterium_prausnitzii	0.018470063435	0.0201692206705	-0.0317056623645	-0.000411329097073	0.0296569052961	-0.0127821034114	-0.0256991303613	1.0	0.0442599484609	0.0803770927505	-0.0186301073546	-0.0362059410138	-0.0537804840769	-0.02395223292	0.00669198564647	0.0443094371029	-0.0465950978044	-0.0343971709876	0.00684353860917	-0.0579881304835	-0.0223471760251	-0.0204313838077	-0.0496488731744	0.00566196805072	-0.0835007902017	-0.0951816945819	-0.0266252352434	-0.0547779457342	-0.0438148120617	0.0683966376231	-0.0136169337903	-0.034212544805	-0.0194736155079	-0.0530871380428	0.0320642020652	-0.00429320740857	0.0113872168719	0.0377219106414	0.00602041322168	-0.0591290292683	-0.0300119118054	0.0165943977057	0.0192676178458	-0.0170899356099	0.0122185592624	0.0154619164826	-0.045230258559	-0.0057926570445	0.0208755801935	0.0118782216526	-0.0229632101607	-0.0792816470317	-0.0445932440482	0.0214939785971	0.0138944927932	0.0592858722042	0.0127755066233	0.0900435565792	-0.0433989542489
k__Bacteria;p__Bacteroidetes;c__Bacteroidia;o__Bacteroidales;f__Rikenellaceae;g__Alistipes;s__Alistipes_finegoldii	-0.0190860732414	-0.0577868706844	0.00838353697762	-0.0608265113962	0.00120986180629	-0.017995703698	0.00554687532835	0.0442599484609	1.0	0.0262359107585	0.0335113940877	-0.0814694464406	0.0239941040708	-0.068915573226	0.00784783250505	-0.0786632584834	0.0133277687737	0.0538419624481	-0.0490676772359	-0.041280800907	0.0531256511911	-0.0102043741499	-0.0303565886133	-0.0228090404182	-0.029924328372	0.0015942050655	-0.0249448478234	-0.0221840144666	0.0458310765589	0.00469172476657	-0.0300098085035	-0.0172733360569	-0.0130126662622	0.0607399928116	0.0050999272671	-0.100259361746	0.0446469438388	0.0852380289036	-0.0332753712143	-0.0454229268335	-0.0611583865242	-0.0434212469579	0.0157113085612	-0.00736623483675	-0.0565418816533	0.0134886412946	-0.0265517987366	0.0484636977353	-0.0223440194624	0.0175875550724	0.0293620385826	-0.0351851562419	0.00913863688215	-0.0568544950606	0.00791195873112	0.00946590910582	-0.0195138822525	-0.0201540114716	0.0339875553662
k__Bacteria;p__Bacteroidetes;c__Bacteroidia;o__Bacteroidales;f__Porphyromonadaceae;g__Parabacteroides;s__Parabacteroides_distasonis	-0.00941529103185	0.0192271309967	-0.0375671672454	-0.0498862336515	-0.00129656073549	-0.0318566238849	-0.00522936344512	0.0803770927505	0.0262359107585	1.0	-0.0112103714315	-0.0471631381685	0.0587911702047	0.00240590705981	-0.0135443873827	-0.0127791542944	0.035428942106	-0.0204661608612	-0.010972037145	0.0109814300996	0.0221673988973	0.0166780710559	0.00710282497807	0.0311242698117	-0.0196791023273	-0.0240950341735	-0.0358015320781	-0.0158193746378	-0.0406077058506	0.0316071923757	-0.0455815708448	-0.0486329717503	-0.00156432918079	0.0196094459151	-0.0109037268199	0.0179830082091	0.0487237789253	0.00313222915981	0.0177185876287	-0.0107107135605	-0.0285300181242	0.0278418300287	0.00970577804308	-0.00914260056859	-0.0215412843688	-0.0130139201962	-0.0376358527588	-0.0152080935804	-0.0196663826991	-0.0686057075027	-0.024698611586	-0.0415224767305	0.0652188414834	-0.0184065746523	-0.0178626175654	0.0304847827848	-0.0396541580221	0.000175629253982	0.00226448951497
k__Bacteria;p__Bacteroidetes;c__Bacteroidia;o__Bacteroidales;f__Bacteroidaceae;g__Bacteroides;s__Bacteroides_thetaiotaomicron	0.025195278817	-0.0709439321958	-0.0301783708211	-0.0420760135036	0.0427246325481	0.0258337533981	0.00965454326724	-0.0186301073546	0.0335113940877	-0.0112103714315	1.0	0.00322072230133	-0.0160177151959	-0.0628593997665	0.000963037853624	-0.0167963414427	-0.00606418987718	0.0150733466435	-0.0347477530258	0.000273186351748	-0.0166913217697	-0.0120869127163	-0.0389418055702	0.04574950427	0.027379634768	-0.0181441406788	0.0683522959918	-0.00754286727783	0.0289427124672	-0.0645341316078	-0.0622020574212	-0.0107471988187	-0.0442694241545	-0.0421102822656	-0.0326831671867	0.00682802127309	-0.00356245848305	-0.00357424413332	0.0376651048544	-0.0150378611476	0.0113399842835	0.0351563833374	0.0330184726563	-0.0103609999685	-0.0540215837484	0.00518166477411	-0.0308015376447	0.0550757958281	0.0296688881817	0.0180790268432	-0.0200331979888	-0.0438871443477	0.00846494824841	-0.0235933600548	0.0324200059098	-0.0218937613705	-0.00200028997259	0.0718428954585	-0.00210810663825
k__Bacteria;p__Bacteroidetes;c__Bacteroidia;o__Bacteroidales;f__Bacteroidaceae;g__Bacteroides;s__Bacteroides_coprocola	-0.0208918904956	-0.0282185219472	0.0609190454157	-0.0704554403048	0.027347604014	-0.0439240653525	-0.0310438099202	-0.0362059410138	-0.0814694464406	-0.0471631381685	0.00322072230133	1.0	-0.0508489022582	0.0753216621457	-0.0219881237855	0.00431286956862	0.0105155941951	-0.0728324979845	-0.0156248016107	0.0400556609794	0.00385607328014	-0.0242275436369	-0.0608825416766	-0.0505322488482	0.0784970266126	-0.0748742374528	-0.0519209201354	0.0603884764583	0.0280288633359	-0.013642846793	0.0507132814708	-0.0537117394184	-0.0167881524261	-0.000855580776125	0.0710237248882	-0.0334389739901	0.000318857064003	-0.0583026188074	-0.0699477643722	-0.0281138332047	-0.0412325677362	0.0273046840848	0.0083757159962	-0.0376393038799	-0.0119885459467	-0.025545553434	0.0390992996587	-0.0587924492447	0.0117083814179	-0.0462403499861	-0.0411677503749	-0.00578255096561	0.0148632692974	-0.0147358223028	-0.0365275436973	-0.030680311697	-0.0682055263997	0.0165750220212	0.0692399980792
k__Bacteria;p__Bacteroidetes;c__Bacteroidia;o__Bacteroidales;f__Bacteroidaceae;g__Bacteroides;s__Bacteroides_cellulosilyticus	-0.0272850690826	-0.0106836290766	-0.02912406134	-0.0345272545277	-0.0152596937926	-0.0847141737557	0.00904208588155	-0.0537804840769	0.0239941040708	0.0587911702047	-0.0160177151959	-0.0508489022582	1.0	-0.0027557113242	-0.0837866454011	0.0142023779843	-0.0238020393664	0.0185905098546	0.0242855712565	-0.0332539633409	-0.0728897131572	0.0259226353205	-0.0166377299801	-0.00272156942694	0.0150352505819	0.00755492797188	0.136436182655	0.0576542862066	0.000312587403707	0.105058741051	0.00547146028306	-0.0174823485334	-0.0561840016184	-0.065976402076	-0.0407379257308	-0.0511029670199	-0.0365808815584	0.015454479037	-0.0379460927631	-0.0555067877261	0.0721681999486	0.0211534585007	-0.0167326987434	0.013752173233	0.0286075004311	-0.00162453522724	0.0414809762539	0.0670262215669	0.000208895301622	-0.0371503120044	-0.0527066654252	-0.0724141336893	-0.0347437228221	-0.00992020329905	-0.102108441884	-0.00433496281687	0.0387511025804	-0.0623066184958	-0.0612185758494
k__Bacteria;p__Bacteroidetes;c__Bacteroidia;o__Bacteroidales;f__Rikenellaceae;g__Alistipes;s__Alistipes_obesi	-0.112013237984	-0.0109511597168	-0.00460169073209	0.0369102088977	-0.00136001215028	0.0275567460467	-0.0429558985331	-0.02395223292	-0.068915573226	0.00240590705981	-0.0628593997665	0.0753216621457	-0.0027557113242	1.0	0.00638922761702	-0.0261496272022	-0.0543880664	-0.0743787865822	-0.0133077974534	-0.064153914481	-0.0631412494025	0.00015800740615	-0.0318391381814	0.0157517320114	-0.0533677738425	-0.0158572938842	-0.0434053921882	0.0319717934112	0.0327529706373	0.0148417420095	0.0255416507887	-0.0315028035146	-0.112262427149	-0.00177358408223	0.0197514325777	0.0230082391615	0.0749920103095	-0.082899327524	0.00321130648645	-0.0263747957164	-0.0219043594829	-0.0413291723272	-0.0652545371002	-0.00867790051391	-0.0341434865965	-0.0953615593128	-0.0406117117427	0.00394071407915	0.0388219044486	0.00485681280414	0.0275231008889	-0.0163544677584	-0.014049819188	0.0627000961302	0.0044437892692	0.0439235232183	0.0509528607575	0.0272681537887	0.0255796433715
k__Bacteria;p__Firmicutes;c__Clostridia;o__Clostridiales;f__Lachnospiraceae;g__;s__[Eubacterium]_rectale	-0.0711203183456	-0.046596383249	-0.0526216143715	-0.0640024745616	0.0200069400003	-0.0788307024365	-0.0412381150956	0.00669198564647	0.00784783250505	-0.0135443873827	0.000963037853624	-0.0219881237855	-0.0837866454011	0.00638922761702	1.0	0.026914638839	-0.0564492434776	-0.0131368229265	-0.0307963546455	0.0244405140917	0.040300981168	-0.0163162234092	0.009941769712	-0.00562355267346	0.00604315668525	0.0354755093936	-0.0475008850376	0.035539959024	0.0728391953118	-0.0598251935928	0.0461281197316	-0.022466997716	-0.0142345431455	-0.0276371965056	-0.0495937135348	-0.0160095775104	-0.0758860385833	-0.0304796904673	0.044074181328	-0.00461758986274	-0.0297531716314	0.0416393633724	0.0349726059813	-0.109655179321	-0.00898119887387	-0.00200626259261	-0.0490963588782	0.0495894778623	-0.0108415269224	0.0740049526072	-0.0128194095194	-0.0309150167529	0.0107347806621	-0.0515795636715	0.0540819799136	0.0545271013665	0.0432431598531	0.0201773059035	-0.0433629001583
k__Bacteria;p__Bacteroidetes;c__Bacteroidia;o__Bacteroidales;f__Bacteroidaceae;g__Bacteroides;s__Bacteroides_plebeius	0.0845038510239	-0.0183767007008	-0.0833891439801	0.0594596097075	-0.0584464118001	-0.0148572402049	-0.00166865586211	0.0443094371029	-0.0786632584834	-0.0127791542944	-0.0167963414427	0.00431286956862	0.0142023779843	-0.0261496272022	0.026914638839	1.0	-0.0430889917364	-0.0551350576057	0.0671274880029	0.0197993998914	-0.0102498787937	-0.115806600287	-0.0134434475672	-0.0464371952751	-0.00908056673313	0.0301821944727	-0.0171517908633	0.0343142230094	-0.0223017474202	-0.00887754383934	-0.0139511736969	0.0949538993407	-0.0206486871415	0.0144109812393	0.0181247979335	-0.00884283473565	0.0313648067792	-0.0501944727784	-0.0347378730053	0.0499704046573	-0.00125017062552	-0.00269115420733	0.016527339255	-0.0319941929118	-0.0214701244968	0.0333451881336	-0.0689257264565	-0.0194846322602	0.00822116172682	-0.0523971176829	-0.0365806981335	0.0367168120263	-0.0619467041549	0.0201858359718	-0.0188713948569	-0.0301835202732	-0.00889074777793	0.0374608619021	-0.00921898557042
k__Bacteria;p__Bacteroidetes;c__Bacteroidia;o__Bacteroidales;f__Bacteroidaceae;g__Bacteroides;s__Bacteroides_fragilis	0.090822221977	0.00535426200859	0.060193361434	-0.0520175981775	-0.00098402889419	-0.0605403757034	-0.0219891951819	-0.0465950978044	0.0133277687737	0.035428942106	-0.00606418987718	0.0105155941951	-0.0238020393664	-0.0543880664	-0.0564492434776	-0.0430889917364	1.0	-0.0902114340023	0.0182243857742	0.0660944086837	-0.0592403179477	-1.32196688569e-05	-0.0589436880646	-0.0150816212617	-0.0117959156038	0.0208707755848	-0.0748306606871	-0.0513895717191	0.00115315073209	-0.0284196808732	0.000163956192555	0.00537884619263	0.0167861154139	-0.0186472907535	-0.0859330444031	-0.0498294150545	0.0500811825239	-0.00780261919148	0.0645809656518	-0.00807934389173	-0.0227197253152	-0.0480363796446	-0.00731934518073	0.0941403724782	-0.040523196296	0.0280609120189	0.0241551420577	-0.0183537908659	0.00335632445355	0.000912334762629	-0.00363490790107	-0.0251816893534	-0.0118827651403	0.0351492881615	-0.0222156607103	-0.0258427938825	-0.0402574684015	0.000404995521815	-0.00998325940678
k__Bacteria;p__Proteobacteria;c__Betaproteobacteria;o__Burkholderiales;f__Sutterellaceae;g__Sutterella;s__Sutterella_wadsworthensis	-0.110870800975	0.0400825630749	0.0402025592984	-0.00203912026948	-0.089015599324	0.00457670567496	0.101300528494	-0.0343971709876	0.0538419624481	-0.0204661608612	0.0150733466435	-0.0728324979845	0.0185905098546	-0.0743787865822	-0.0131368229265	-0.0551350576057	-0.0902114340023	1.0	-0.043938293452	-0.0272339743644	-0.0546576760434	-0.0637836114505	0.0481722708066	-0.00846486258793	-0.00159610914766	0.0674462745174	-0.0864840419444	-0.00477723413904	-0.0188986234054	-0.00298302701953	-0.0165606970573	-0.0197210809999	-0.0295270319943	0.0171753435742	-0.0137207093232	-0.0205485266858	0.0331007049673	0.057738302877	-0.013799140938	0.057209099948	-0.000805067306646	-0.036440251237	0.0277193582564	-0.0134162816738	-0.0250234546476	-0.0350547969601	-0.00999149545158	-0.00379329961832	0.0179685396586	-0.0191182925762	0.00719149037264	0.0456289822411	-0.0649101104572	-0.0834499448375	-0.0493125564334	0.0352280848302	-0.00850124647278	-0.00300510535511	-0.0584678349744
k__Bacteria;p__Bacteroidetes;c__Bacteroidia;o__Bacteroidales;f__Porphyromonadaceae;g__Barnesiella;s__Barnesiella_intestinihominis	-0.0198508322557	0.00100078058633	0.00201904349577	0.0247982976198	0.00663541590505	-0.0312216616208	-0.0662827084178	0.00684353860917	-0.0490676772359	-0.010972037145	-0.0347477530258	-0.0156248016107	0.0242855712565	-0.0133077974534	-0.0307963546455	0.0671274880029	0.0182243857742	-0.043938293452	1.0	-0.00748308762153	-0.00396896722767	-0.0264787007257	0.0165004340935	-0.0407533553766	-0.0385969018005	-0.0604058432764	-0.0383245420323	0.0563375718771	-0.0364112117373	-0.0132884588567	-0.00698758528507	0.0297986807032	0.000482461009866	-0.039593341492	-0.0574690027446	0.033256263873	-0.0425670972407	0.0158601143935	-0.0291038227196	0.125528741087	-0.036903880619	-0.0235817714553	0.0657916868551	-0.0363973137323	-0.0544402965404	0.0471302898289	-0.0694650889496	-0.0469181090632	-0.0334104547387	0.0533235381711	-0.0256693138164	-0.00915624251704	-0.0655912638503	0.015326822036	-0.00706767732517	-0.00444030758899	-0.0101481231133	-0.0113387667892	-0.0908419117354
k__Bacteria;p__Bacteroidetes;c__Bacteroidia;o__Bacteroidales;f__Odoribacteraceae;g__Odoribacter;s__Odoribacter_splanchnicus	0.0256997998481	-0.0100956183732	0.0726380755022	0.018873864013	-0.0480686826535	-0.033529914808	0.00313955211845	-0.0579881304835	-0.041280800907	0.0109814300996	0.000273186351748	0.0400556609794	-0.0332539633409	-0.064153914481	0.0244405140917	0.0197993998914	0.0660944086837	-0.0272339743644	-0.00748308762153	1.0	0.00142370228027	0.00274350558871	-0.00123632915023	-0.0831464715545	0.034909218116	-0.00417383581369	0.0259298245065	-0.0227325991897	-0.123525387076	-0.0301694870412	-0.0117762977786	-0.00320710605811	-0.0174863558155	0.0230952696475	0.0197942816575	-0.0260232556223	-0.0261665513651	-0.0391171483396	-0.00841047680897	-0.0630831608799	0.0212722534414	-0.0243047240086	0.0151432110354	-0.00507091070887	-0.0467536763931	0.0261406754818	0.0286807146722	-0.0594186609065	-0.0200954587973	0.0462367757313	-0.0510322756792	0.0217363994606	-0.0508478668837	-0.02811448929	-0.0389094339826	-0.0396523291801	-0.0149606566912	-0.0199183552934	0.00888887920394
k__Bacteria;p__Bacteroidetes;c__Bacteroidia;o__Bacteroidales;f__Bacteroidaceae;g__Bacteroides;s__Bacteroides_salyersiae	-0.0372573445871	0.0305827680928	0.000523382596253	0.040298057263	-0.0191796023886	-0.0119407455419	0.0486427094774	-0.0223471760251	0.0531256511911	0.0221673988973	-0.0166913217697	0.00385607328014	-0.0728897131572	-0.0631412494025	0.040300981168	-0.0102498787937	-0.0592403179477	-0.0546576760434	-0.00396896722767	0.00142370228027	1.0	0.000154237494018	-0.00935393830206	0.0132447729971	0.0332459671202	-0.0577761329017	-0.0222328112387	0.0242643424463	-0.026341319078	0.0070275324981	0.0201087395242	0.00630819196801	-0.0140553403167	0.0248456637519	-0.045060982125	-0.0360415655083	0.060992019757	-0.0105276750449	0.00171417488907	0.0271306000981	-0.0043683507013	-0.0697823775722	0.0611729725094	0.0127388285581	0.0486218463216	-0.0146049987099	-0.0786714803786	0.0354723200402	0.00614824874173	-0.0309185073377	-0.0493209753427	0.00148894541285	-0.0117625496497	-0.0362716803924	-0.0181327022031	-0.0302472938908	0.0268157254363	-0.00755864363807	-0.0565669462298
k__Bacteria;p__Firmicutes;c__Clostridia;o__Clostridiales;f__Ruminococcaceae;g__Ruminiclostridium;s__[Eubacterium]_siraeum	-0.0233687017892	-0.0677996668451	-0.0376505193671	-0.0139023111689	0.0233068188179	-0.0237827000926	-0.0349920630048	-0.0204313838077	-0.0102043741499	0.0166780710559	-0.0120869127163	-0.0242275436369	0.0259226353205	0.00015800740615	-0.0163162234092	-0.115806600287	-1.3219668857e-05	-0.0637836114505	-0.0264787007257	0.00274350558871	0.000154237494018	1.0	0.0269510919059	0.0441536640354	-0.0656242143677	-0.0324370015216	-0.0435810458362	0.0627869069061	-0.000189894205959	-0.050139853701	0.0173277644159	-0.00730037924108	-0.0336113840978	0.00235343355576	0.00246401993868	-0.024642425825	0.00309326914849	0.0012541903227	-0.0360181397201	0.0660615091106	0.0428827773574	-0.0467258337097	-0.0283403498439	0.0480171975344	0.00320242738063	-0.0494380437627	-0.0331254387403	-0.016981367741	0.0315321395979	-0.016895690434	-0.0622615760929	-0.0913923056748	0.0431710777454	-0.0516580205872	-0.018833580294	0.0130244682367	0.00479567700157	-0.0369466940873	-0.0206283771562
k__Bacteria;p__Proteobacteria;c__Betaproteobacteria;o__Burkholderiales;f__Sutterellaceae;g__Parasutterella;s__Parasutterella_excrementihominis	-0.00473055363394	-0.0214437496648	-0.0244675965087	-0.01997133266	0.0183837304335	0.0182479238742	0.000583705220456	-0.0496488731744	-0.0303565886133	0.00710282497807	-0.0389418055702	-0.0608825416766	-0.0166377299801	-0.0318391381814	0.009941769712	-0.0134434475672	-0.0589436880646	0.0481722708066	0.0165004340935	-0.00123632915023	-0.00935393830206	0.0269510919059	1.0	0.0156469002018	-0.00620562090405	0.0122063200516	-0.0249745254741	0.0108110319772	-0.0112451574822	-0.0203360801549	0.00259922131169	-0.0624529771224	-0.0688322714799	0.0206416808917	-0.0493984578632	-0.0679158957488	0.0119500733667	0.023793293843	-0.039155745559	0.0270589844959	-0.0468885306048	-0.0391262064483	0.0336173302392	-0.0105023832668	0.0380540409044	0.0229172555867	0.011561096287	0.0338618359329	0.00408393431477	-0.0322338223488	0.00929350432464	-0.0170745889776	-0.00762781648795	0.0644755474814	-0.00704953227469	0.0346111504262	-0.0247525089939	-0.0563281681465	-0.0118846701562
k__Bacteria;p__Actinobacteria;c__Actinobacteria;o__Bifidobacteriales;f__Bifidobacteriaceae;g__Bifidobacterium;s__Bifidobacterium_adolescentis	-0.00397241420382	-0.0241594314914	-0.0591289019365	0.0208149189014	-0.0232211993793	0.0216095186448	-0.00239082617076	0.00566196805072	-0.0228090404182	0.0311242698117	0.04574950427	-0.0505322488482	-0.00272156942694	0.0157517320114	-0.00562355267346	-0.0464371952751	-0.0150816212617	-0.00846486258793	-0.0407533553766	-0.0831464715545	0.0132447729971	0.0441536640354	0.0156469002018	1.0	0.00702365883258	-0.0277214433956	-0.0102926610404	-0.0168559596028	-0.118549836643	0.0143747298512	0.0137984487406	0.0150991534525	-0.00772406906539	0.0175510892264	-0.0398490550961	0.0281749266509	-0.0272168394666	0.0459099926204	-0.0492498139514	-0.0433920936019	-0.00533573757557	0.0287889353044	0.0131169565616	-0.0293033236116	-0.0161160083789	-0.0230663514206	-0.0320870493986	0.00799559766918	-0.0228512580711	0.00971437758554	0.0234094741395	-0.0377433559316	-0.0153522388867	0.0367082497647	0.0313764912849	0.001812096863	0.0258628226949	0.0280006113113	-0.0309732288365
k__Bacteria;p__Firmicutes;c__Clostridia;o__Clostridiales;f__Oscillospiraceae;g__Oscillibacter;s__Oscillibacter_sp._KLE_1745	-0.0582207629253	0.0453974751018	0.0176431528776	-0.0598974420187	-0.0921633395946	-0.0276794122391	-0.00390851082177	-0.0835007902017	-0.029924328372	-0.0196791023273	0.027379634768	0.0784970266126	0.0150352505819	-0.0533677738425	0.00604315668525	-0.00908056673313	-0.0117959156038	-0.00159610914766	-0.0385969018005	0.034909218116	0.0332459671202	-0.0656242143677	-0.00620562090405	0.00702365883258	1.0	0.0148601414755	0.0102259820832	0.0686621321638	0.021851656102	-0.0466423681034	-0.0145935734616	-0.0256670408924	-0.0255926993959	0.0346668529512	-0.0340189183391	-0.00807152386654	-0.0342041477465	-0.0156373854815	0.00874258307897	0.0448450164325	-0.0228147052235	0.00970897756854	-0.0600274130794	-0.00274740509924	-0.0402122679318	-0.0700072795363	-0.01872363282	-0.0069151441389	-0.022850008283	-0.0753345343615	-0.0289709463221	-0.00797253881827	-0.005641283001	-0.0395520201313	0.0504586896936	-0.00264148513806	-0.0196453125318	0.0430473005173	0.0107858509268
k__Bacteria;p__Bacteroidetes;c__Bacteroidia;o__Bacteroidales;f__Bacteroidaceae;g__Bacteroides;s__Bacteroides_coprophilus	0.0442015942606	-0.0294979087603	-0.00937752245847	-0.0463671521995	-0.0845187469525	0.0335685318098	0.0264559445872	-0.0951816945819	0.0015942050655	-0.0240950341735	-0.0181441406788	-0.0748742374528	0.00755492797188	-0.0158572938842	0.0354755093936	0.0301821944727	0.0208707755848	0.0674462745174	-0.0604058432764	-0.00417383581369	-0.0577761329017	-0.0324370015216	0.0122063200516	-0.0277214433956	0.0148601414755	1.0	0.0013161440694	-0.0475497216655	0.0172411453859	0.0279610978004	0.0536613799321	0.0179737893006	0.00503711822211	-0.00393881561078	-0.0776661949112	0.0357254606127	-0.0389270823502	0.0326079499993	-0.0556707125352	-0.0528066959333	-0.0104225149286	-0.00624603583508	0.0574848206055	0.00834422314471	0.0104918437088	0.0117344100846	-0.0326269289929	0.0392095434191	0.0192828197925	-0.0130289860815	0.0318355219324	-0.0303645788183	-0.0606424955467	0.0193468596677	-0.0223455053148	0.0463540047154	-0.034241864734	-0.0430058763526	-0.00231023229805
k__Bacteria;p__Firmicutes;c__Clostridia;o__Clostridiales;f__Lachnospiraceae;g__Roseburia;s__Roseburia_intestinalis	-0.0220090348002	-0.0154719787327	-0.0401288141913	0.0220165185685	0.0202423723105	-0.00373234149345	0.0421572860003	-0.0266252352434	-0.0249448478234	-0.0358015320781	0.0683522959918	-0.0519209201354	0.136436182655	-0.0434053921882	-0.0475008850376	-0.0171517908633	-0.0748306606871	-0.0864840419444	-0.0383245420323	0.0259298245065	-0.0222328112387	-0.0435810458362	-0.0249745254741	-0.0102926610404	0.0102259820832	0.0013161440694	1.0	-0.0182745755582	0.0144131457728	0.00747602903617	-0.041342477282	0.0259040645118	0.000138539546924	0.0197285941204	-0.0471038517147	-0.0193248371323	-0.0475784481152	-0.00466969508616	-0.0654512465088	-0.0116920791315	0.0848370036747	0.034971547265	-0.0736753091777	-0.011873982743	0.0508082356306	-0.0282262778792	-0.0253386528296	0.0621934778209	0.0132813965225	-0.0378565282944	0.0562445036972	0.0270216387426	0.062926477223	-0.0139646208399	-0.0554562801738	-0.0261715940241	-0.00484119062459	-0.0359669403417	0.0393391202968
k__Bacteria;p__Firmicutes;c__Clostridia;o__Clostridiales;f__Lachnospiraceae;g__Roseburia;s__Roseburia_hominis	0.0370183787506	0.0208195932425	0.00706500570994	-0.048604893091	-0.0122268961947	-0.0745915112714	-0.033287782619	-0.0547779457342	-0.0221840144666	-0.0158193746378	-0.00754286727783	0.0603884764583	0.0576542862066	0.0319717934112	0.035539959024	0.0343142230094	-0.0513895717191	-0.00477723413904	0.0563375718771	-0.0227325991897	0.0242643424463	0.0627869069061	0.0108110319772	-0.0168559596028	0.0686621321638	-0.0475497216655	-0.0182745755582	1.0	-0.0107716229845	0.013715926001	0.0830957226059	0.0516672499573	-0.0481276762351	-0.0170467031348	-0.0560566599705	-0.0232002313564	-0.0544927784405	0.0111028289005	-0.0656387725655	-0.0911158556283	-0.0108477452821	0.0196743400764	-0.100675105499	0.00318570687959	-0.0605436219111	-0.00932626163628	-0.0449260236917	-0.022080931964	-0.016521923529	-0.0550849729595	-0.0331861068971	-0.0433745353238	-0.0500529748161	0.0289880141345	-0.0361059370169	-0.0411086101914	-0.125187510837	-0.00659097865372	0.0353992629549
k__Bacteria;p__Bacteroidetes;c__Bacteroidia;o__Bacteroidales;f__Porphyromonadaceae;g__Parabacteroides;s__Parabacteroides_johnsonii	-0.0205763740062	-0.000652393418086	0.0395330857286	-0.0201030559571	0.0283514400169	0.0260365577539	0.0100163128576	-0.0438148120617	0.0458310765589	-0.0406077058506	0.0289427124672	0.0280288633359	0.000312587403707	0.0327529706373	0.0728391953118	-0.0223017474202	0.00115315073209	-0.0188986234054	-0.0364112117373	-0.123525387076	-0.026341319078	-0.000189894205959	-0.0112451574822	-0.118549836643	0.021851656102	0.0172411453859	0.0144131457728	-0.0107716229845	1.0	0.00744055461336	-0.0276168003333	-0.0581944518513	-0.0121738905893	-0.0924011688246	-0.0630986125195	0.0284912997918	-0.0359165101146	0.0104253299252	0.0155451897432	-0.0355988433532	0.0809659296678	-0.0191977228838	-0.0127503514058	0.0200860946691	-0.0545280841583	0.00585908166883	-0.0439788293205	0.022971837476	-0.00452182429278	0.0078094514059	0.0102731304222	-0.0214723930553	0.0268803646982	-0.0624237086748	-0.0120634099869	-0.0210131233719	0.0196476741203	-0.0428428089226	-0.0176097366677
k__Bacteria;p__Actinobacteria;c__Actinobacteria;o__Bifidobacteriales;f__Bifidobacteriaceae;g__Bifidobacterium;s__Bifidobacterium_longum	-0.0731844793909	0.00105198797371	0.0143303143087	0.00201721431168	-0.055026979907	0.00147221423088	-0.00989653001741	0.0683966376231	0.00469172476657	0.0316071923757	-0.0645341316078	-0.013642846793	0.105058741051	0.0148417420095	-0.0598251935928	-0.00887754383934	-0.0284196808732	-0.00298302701953	-0.0132884588567	-0.0301694870412	0.0070275324981	-0.050139853701	-0.0203360801549	0.0143747298512	-0.0466423681034	0.0279610978004	0.00747602903617	0.013715926001	0.00744055461336	1.0	-0.0720431873954	-0.0074123117589	0.02538643886	-0.0122792448736	0.0365831980521	-0.00538558391105	0.0182778573372	0.00392391862764	-0.0341684101115	-0.0308089683585	0.0900926092277	-0.0510723669316	0.00593330620054	-0.000825016817301	-0.00922319862863	-0.0438065650022	-0.000896592265177	-0.032012302465	-0.0306224169294	-0.00729828122846	-0.0624999093329	0.0326904605853	-0.00224607121797	0.0709460153476	-0.0636689970403	0.00367935496419	-0.0537816017011	-0.00126564610596	-0.0194853178558
