#taxonomy	k__Bacteria;p__Bacteroidetes;c__Bacteroidia;o__Bacteroidales;f__Bacteroidaceae;g__Bacteroides;s__Bacteroides_vulgatus	k__Bacteria;p__Bacteroidetes;c__Bacteroidia;o__Bacteroidales;f__Bacteroidaceae;g__Bacteroides;s__Bacteroides_uniformis	k__Bacteria;p__Bacteroidetes;c__Bacteroidia;o__Bacteroidales;f__Rikenellaceae;g__Alistipes;s__Alistipes_putredinis	k__Bacteria;p__Bacteroidetes;c__Bacteroidia;o__Bacteroidales;f__Prevotellaceae;g__Prevotella;s__Prevotella_copri	k__Bacteria;p__Bacteroidetes;c__Bacteroidia;o__Bacteroidales;f__Bacteroidaceae;g__Bacteroides;s__Bacteroides_stercoris	k__Bacteria;p__Bacteroidetes;c__Bacteroidia;o__Bacteroidales;f__Bacteroidaceae;g__Bacteroides;s__Bacteroides_ovatus	k__Bacteria;p__Bacteroidetes;c__Bacteroidia;o__Bacteroidales;f__Rikenellaceae;g__Alistipes;s__Alistipes_shahii	k__Bacteria;p__Firmicutes;c__Clostridia;o__Clostridiales;f__Ruminococcaceae;g__Faecalibacterium;s__Faecalibacterium_prausnitzii	k__Bacteria;p__Bacteroidetes;c__Bacteroidia;o__Bacteroidales;f__Rikenellaceae;g__Alistipes;s__Alistipes_finegoldii	k__Bacteria;p__Bacteroidetes;c__Bacteroidia;o__Bacteroidales;f__Porphyromonadaceae;g__Parabacteroides;s__Parabacteroides_distasonis	k__Bacteria;p__Bacteroidetes;c__Bacteroidia;o__Bacteroidales;f__Bacteroidaceae;g__Bacteroides;s__Bacteroides_thetaiotaomicron	k__Bacteria;p__Bacteroidetes;c__Bacteroidia;o__Bacteroidales;f__Bacteroidaceae;g__Bacteroides;s__Bacteroides_coprocola	k__Bacteria;p__Bacteroidetes;c__Bacteroidia;o__Bacteroidales;f__Bacteroidaceae;g__Bacteroides;s__Bacteroides_cellulosilyticus	k__Bacteria;p__Bacteroidetes;c__Bacteroidia;o__Bacteroidales;f__Rikenellaceae;g__Alistipes;s__Alistipes_obesi	k__Bacteria;p__Firmicutes;c__Clostridia;o__Clostridiales;f__Lachnospiraceae;g__;s__[Eubacterium]_rectale	k__Bacteria;p__Bacteroidetes;c__Bacteroidia;o__Bacteroidales;f__Bacteroidaceae;g__Bacteroides;s__Bacteroides_plebeius	k__Bacteria;p__Bacteroidetes;c__Bacteroidia;o__Bacteroidales;f__Bacteroidaceae;g__Bacteroides;s__Bacteroides_fragilis	k__Bacteria;p__Proteobacteria;c__Betaproteobacteria;o__Burkholderiales;f__Sutterellaceae;g__Sutterella;s__Sutterella_wadsworthensis	k__Bacteria;p__Bacteroidetes;c__Bacteroidia;o__Bacteroidales;f__Porphyromonadaceae;g__Barnesiella;s__Barnesiella_intestinihominis	k__Bacteria;p__Bacteroidetes;c__Bacteroidia;o__Bacteroidales;f__Odoribacteraceae;g__Odoribacter;s__Odoribacter_splanchnicus	k__Bacteria;p__Bacteroidetes;c__Bacteroidia;o__Bacteroidales;f__Bacteroidaceae;g__Bacteroides;s__Bacteroides_salyersiae	k__Bacteria;p__Firmicutes;c__Clostridia;o__Clostridiales;f__Ruminococcaceae;g__Ruminiclostridium;s__[Eubacterium]_siraeum	k__Bacteria;p__Proteobacteria;c__Betaproteobacteria;o__Burkholderiales;f__Sutterellaceae;g__Parasutterella;s__Parasutterella_excrementihominis	k__Bacteria;p__Actinobacteria;c__Actinobacteria;o__Bifidobacteriales;f__Bifidobacteriaceae;g__Bifidobacterium;s__Bifidobacterium_adolescentis	k__Bacteria;p__Firmicutes;c__Clostridia;o__Clostridiales;f__Oscillospiraceae;g__Oscillibacter;s__Oscillibacter_sp._KLE_1745	k__Bacteria;p__Bacteroidetes;c__Bacteroidia;o__Bacteroidales;f__Bacteroidaceae;g__Bacteroides;s__Bacteroides_coprophilus	k__Bacteria;p__Firmicutes;c__Clostridia;o__Clostridiales;f__Lachnospiraceae;g__Roseburia;s__Roseburia_intestinalis	k__Bacteria;p__Firmicutes;c__Clostridia;o__Clostridiales;f__Lachnospiraceae;g__Roseburia;s__Roseburia_hominis	k__Bacteria;p__Bacteroidetes;c__Bacteroidia;o__Bacteroidales;f__Porphyromonadaceae;g__Parabacteroides;s__Parabacteroides_johnsonii	k__Bacteria;p__Actinobacteria;c__Actinobacteria;o__Bifidobacteriales;f__Bifidobacteriaceae;g__Bifidobacterium;s__Bifidobacterium_longum	k__Bacteria;p__Firmicutes;c__Clostridia;o__Clostridiales;f__;g__Flavonifractor;s__Flavonifractor_plautii	k__Bacteria;p__Firmicutes;c__Clostridia;o__Clostridiales;f__Clostridiaceae;g__Clostridium;s__Clostridium_phoceensis	k__Bacteria;p__Verrucomicrobia;c__Verrucomicrobiae;o__Verrucomicrobiales;f__Akkermansiaceae;g__Akkermansia;s__Akkermansia_muciniphila	k__Bacteria;p__Bacteroidetes;c__Bacteroidia;o__Bacteroidales;f__Prevotellaceae;g__Paraprevotella;s__Paraprevotella_xylaniphila	k__Bacteria;p__Firmicutes;c__Clostridia;o__Clostridiales;f__Ruminococcaceae;g__Ruminococcus;s__Ruminococcus_callidus	k__Bacteria;p__Bacteroidetes;c__Bacteroidia;o__Bacteroidales;f__Rikenellaceae;g__Alistipes;s__Alistipes_senegalensis	k__Bacteria;p__Firmicutes;c__Clostridia;o__Clostridiales;f__Lachnospiraceae;g__Blautia;s__Blautia_sp._KLE_1732	k__Bacteria;p__Bacteroidetes;c__Bacteroidia;o__Bacteroidales;f__Bacteroidaceae;g__Bacteroides;s__Bacteroides_oleiciplenus	k__Bacteria;p__Firmicutes;c__Clostridia;o__Clostridiales;f__Ruminococcaceae;g__Ruminococcus;s__Ruminococcus_bicirculans	k__Bacteria;p__Bacteroidetes;c__Bacteroidia;o__Bacteroidales;f__Bacteroidaceae;g__Bacteroides;s__Bacteroides_fluxus	k__Bacteria;p__Bacteroidetes;c__Bacteroidia;o__Bacteroidales;f__Prevotellaceae;g__Prevotella;s__Prevotella_stercorea	k__Bacteria;p__Firmicutes;c__Clostridia;o__Clostridiales;f__Lachnospiraceae;g__Dorea;s__Dorea_longicatena	k__Bacteria;p__Firmicutes;c__Clostridia;o__Clostridiales;f__Eubacteriaceae;g__Eubacterium;s__[Eubacterium]_eligens	k__Bacteria;p__Firmicutes;c__Clostridia;o__Clostridiales;f__Ruminococcaceae;g__;s__Ruminococcaceae_bacterium_D16	k__Bacteria;p__Firmicutes;c__Clostridia;o__Clostridiales;f__Lachnospiraceae;g__Coprococcus;s__Coprococcus_comes	k__Bacteria;p__Proteobacteria;c__Gammaproteobacteria;o__Enterobacterales;f__Enterobacteriaceae;g__Escherichia;s__Escherichia_coli	k__Bacteria;p__Firmicutes;c__Clostridia;o__Clostridiales;f__Ruminococcaceae;g__Anaerotruncus;s__Anaerotruncus_colihominis	k__Bacteria;p__Firmicutes;c__Clostridia;o__Clostridiales;f__Lachnospiraceae;g__Blautia;s__Blautia_obeum	k__Bacteria;p__Bacteroidetes;c__Bacteroidia;o__Bacteroidales;f__Odoribacteraceae;g__Odoribacter;s__Odoribacter_laneus	k__Bacteria;p__Firmicutes;c__Clostridia;o__Clostridiales;f__Ruminococcaceae;g__Ruminiclostridium;s__[Clostridium]_leptum	k__Bacteria;p__Bacteroidetes;c__Bacteroidia;o__Bacteroidales;f__Porphyromonadaceae;g__Parabacteroides;s__Parabacteroides_goldsteinii	k__Bacteria;p__Firmicutes;c__Clostridia;o__Clostridiales;f__Lachnospiraceae;g__Anaerostipes;s__Anaerostipes_hadrus	k__Bacteria;p__Firmicutes;c__Clostridia;o__Clostridiales;f__Ruminococcaceae;g__Ruminococcus;s__Ruminococcus_lactaris	k__Bacteria;p__Firmicutes;c__Clostridia;o__Clostridiales;f__Clostridiaceae;g__Clostridium;s__Clostridium_sp._L2-50	k__Bacteria;p__Firmicutes;c__Clostridia;o__Clostridiales;f__Clostridiaceae;g__Clostridium;s__Clostridium_sp._M62/1	k__Bacteria;p__Firmicutes;c__Clostridia;o__Clostridiales;f__;g__Intestinimonas;s__Intestinimonas_butyriciproducens	k__Bacteria;p__Actinobacteria;c__Actinobacteria;o__Bifidobacteriales;f__Bifidobacteriaceae;g__Bifidobacterium;s__Bifidobacterium_bifidum	k__Bacteria;p__Firmicutes;c__Negativicutes;o__Veillonellales;f__Veillonellaceae;g__Dialister;s__Dialister_invisus	k__Bacteria;p__Bacteroidetes;c__Bacteroidia;o__Bacteroidales;f__Bacteroidaceae;g__Bacteroides;s__Bacteroides_salanitronis
k__Bacteria;p__Bacteroidetes;c__Bacteroidia;o__Bacteroidales;f__Bacteroidaceae;g__Bacteroides;s__Bacteroides_vulgatus	1.0	0.0628637253756	-0.027481014439	-0.00610259890293	0.0475115058534	-0.0376166517387	0.0367433732954	0.0458449368763	-0.0191744514486	-0.0560574784435	-0.054540175975	0.0200068448321	-0.00100699528878	-0.0339427489523	-0.0214791492996	-0.0245423842121	0.000385438983569	-0.0607494675875	-0.0109692239908	-0.0252377064391	0.0260296337396	0.00955953063025	-0.0487807059194	0.00421142727436	0.0245905767816	0.0450887948914	-0.039243517427	0.0129490629783	-0.00596537392062	0.00998609597197	-0.0372472355727	0.0615113717711	-0.0200319507992	-0.000711703186553	-0.0151494242376	0.073421606962	-0.0427265273888	-0.0205201287915	-0.00948381063058	0.0358754402788	0.0368791366907	-0.047548560556	-0.0338293594728	-0.0239808007686	-0.0812190464114	0.00495770658785	-0.028696450454	-0.0428347442421	0.0212649949606	-0.0256027068282	0.00311363035626	0.0427111769851	-0.00172968458091	0.0855301780001	-0.0343763082507	-0.0522943544073	-0.0770059098502	-0.0230796621205	-0.0266887626635
k__Bacteria;p__Bacteroidetes;c__Bacteroidia;o__Bacteroidales;f__Bacteroidaceae;g__Bacteroides;s__Bacteroides_uniformis	0.0628637253756	1.0	0.00862365384156	0.00288790420179	-0.00665369741399	0.0321440404834	-0.0727960535591	0.0496632846201	0.0279374190662	-0.0262457391359	-0.0693284735008	0.0315450750638	-0.0920029176479	-0.0411268242907	-0.078921426431	0.00904203669136	-0.0202387831101	0.0157740950794	0.0484270648941	0.00901118245542	0.00795656051941	0.0293548367712	0.0555382330188	0.0448017410167	-0.103644515365	-0.0123598072238	0.0453772334395	0.0295836749097	-0.0576630943378	-0.0655249814519	0.00154156986832	-0.0591199517564	-0.0124177412392	-0.0796651117596	-0.0209220405735	0.0118592859746	0.0450289152915	-0.00870011813727	-0.0631121109259	-0.0341275523971	-0.00802640006825	-0.0240781483251	0.0466086682635	-0.0172283721085	-0.056946609177	0.0238285634302	0.00566605428982	0.0908726818392	0.00745110857459	0.0311177824926	-0.0712085677101	0.00149136451945	-0.0229903158292	0.0822265070557	0.0396515966451	0.0215696966362	0.0274019310354	0.0429255570018	0.00869531163943
k__Bacteria;p__Bacteroidetes;c__Bacteroidia;o__Bacteroidales;f__Rikenellaceae;g__Alistipes;s__Alistipes_putredinis	-0.027481014439	0.00862365384156	1.0	-0.0130689080559	-0.0468275168926	0.0363179318621	-0.00703463880004	-0.0458602558191	-0.116230593583	0.0178610031781	0.00104935838046	-0.0751412703254	-0.0350974153675	0.01341282005	-0.0354700508671	-0.0195800516476	0.0284568582388	-0.0324629705411	0.0307523440063	0.0222822562575	-0.0665154486365	0.0178713698449	0.00823503410208	-0.0137705985042	0.00826638404083	0.0263586746364	0.0131796430327	-0.0314208848664	0.000180959300662	-0.056640461339	-0.0213649212096	-0.0137027522513	0.0401277451449	0.0329660129034	0.0273063602055	-0.0424944716077	0.029566919005	0.0363620578779	-0.0579361641154	-0.016704688551	-0.0213046605877	0.0247108013499	-0.0415871224979	-0.0172372935916	-0.0249939400073	0.0359402138044	-0.05992403859	-0.0523672313681	-0.00512434698578	0.0377433581652	-0.06947430554	-0.0571115928961	-0.0111866041236	-0.0884841524184	-0.0325830761628	-0.05127265645	-0.000839788127559	0.0702112734445	-0.017134027279
k__Bacteria;p__Bacteroidetes;c__Bacteroidia;o__Bacteroidales;f__Prevotellaceae;g__Prevotella;s__Prevotella_copri	-0.00610259890293	0.00288790420179	-0.0130689080559	1.0	-0.0421372792655	-0.0568295064454	-0.0394290251061	-0.0262200543186	0.0392103789851	0.00319360713577	-0.0327222689948	-0.0316176403118	-0.0677833626969	0.0219004582195	0.00896648974822	0.0143749596785	-0.0507210271788	-0.0868437580158	-0.00969165005975	-0.0167466980703	0.0203058426974	-0.046296900203	-0.0410098353597	-0.0159012777391	0.00772093156758	-0.0707228172986	0.0222571354321	-0.00338066860296	-0.00275843819154	0.0860984487539	0.0559688622161	-0.0364379107155	0.0297089776747	-0.0476638277991	-0.000650878587093	-0.0221106156781	0.00453974654853	-0.00103731799502	0.0102905167466	0.0349821209424	0.029992774314	-0.0103456646074	0.0142947521826	0.0109558884958	-0.0525657924873	0.0187232867661	-0.0805580581721	-0.0495959741774	-0.0608904923503	-0.00378695000145	0.0759578478816	0.016224126947	-0.0195920793227	-0.0469041670852	-0.0363383438099	0.00960986365792	-0.0303292946381	-0.0217921118431	-0.0208832357335
k__Bacteria;p__Bacteroidetes;c__Bacteroidia;o__Bacteroidales;f__Bacteroidaceae;g__Bacteroides;s__Bacteroides_stercoris	0.0475115058534	-0.00665369741399	-0.0468275168926	-0.0421372792655	1.0	-0.0226294416796	-0.0374605981695	-0.0576942982942	0.00468860196875	-0.0665514560498	-0.0576105523361	-0.036731643317	0.0414862748813	-0.0209493309822	-0.0168919479145	0.0359451950582	-0.0289126635744	0.0219091806704	-0.0270423574622	0.00796975187108	-0.0335282438969	-0.0793348060241	0.0126430605041	0.0487248557382	-0.000793816080537	0.0287114892794	0.0615843759458	-0.0486926695098	-0.0494090403212	0.0416614924488	-0.00399151363291	-0.0324553479147	-0.0309847730152	0.0218786691497	-0.0186669588614	0.0100394832462	-0.0103468088689	-0.0201011523856	0.00319786803927	-0.00324213161056	-0.0249923616467	0.0155017897409	-0.0392713882069	-0.0468934298716	-0.0588829411181	0.0759789870579	-0.0243455280951	-0.015631174595	-0.0626377445597	0.00989873325803	-0.0528431982113	0.0267445348308	-0.0106209347165	-0.0237647211059	0.0157583623538	-0.0178079247464	-0.0279478787829	0.00151389789985	0.0139668410784
k__Bacteria;p__Bacteroidetes;c__Bacteroidia;o__Bacteroidales;f__Bacteroidaceae;g__Bacteroides;s__Bacteroides_ovatus	-0.0376166517387	0.0321440404834	0.0363179318621	-0.0568295064454	-0.0226294416796	1.0	0.00501336849773	-0.0360083591889	0.0158179133123	0.0134853705854	0.0101012237047	-0.0103596759332	-0.06051302491	-0.0189103219032	-0.064859902425	-0.066418902525	-0.0569565454197	-0.0454115881937	0.0200714689013	0.0100883546254	-0.0179842356487	0.0048394457365	-0.0316454942206	0.0684476629179	0.0290808374484	0.0150080424186	-0.0176020057887	-0.0685109858031	-0.0102805902051	-0.00297161730931	-0.0303567188442	-0.027744881912	-0.0628070525724	-0.00992530187552	-0.032047808648	-0.0611198310465	0.0272545623679	0.0298070354337	0.0333570488603	0.0081188930851	0.0638849132273	-0.0481765207849	0.0100880575052	-0.0322004864788	0.0302190552674	-0.0608961393273	-0.00385337791725	0.0325528322947	-0.0482928677892	0.00793253741063	0.00644627199995	0.00952122907086	-0.0561391634105	0.00658508099009	0.00416271561197	-0.00321555303607	-0.00621162107151	0.0234525551188	0.0166550746073
k__Bacteria;p__Bacteroidetes;c__Bacteroidia;o__Bacteroidales;f__Rikenellaceae;g__Alistipes;s__Alistipes_shahii	0.0367433732954	-0.0727960535591	-0.00703463880004	-0.0394290251061	-0.0374605981695	0.00501336849773	1.0	-0.00764053239836	-0.0610521103164	-0.041370216958	0.00915381758285	-0.00909431071822	-0.013880353931	-0.0489563180345	0.000433940882722	-0.0239839561665	-0.0415375489949	0.0176326049202	-0.0663928827171	-0.0605695941216	0.0548052118497	-0.104346416768	-0.0571659019966	0.0176439116699	-0.0374844910063	0.0403274055569	-0.00258111966973	0.0272292593152	0.0427146428144	0.00319789128543	-0.0568475083967	0.109948559671	-0.0693007545929	0.0219546130722	-0.0787330667048	0.00408073396353	0.0267922961458	0.0304013196356	-0.00374869430498	-0.0186670777821	0.00370968996876	-0.0122453212627	0.0421800970366	0.0367739669975	-0.00156312116661	-0.0453528910317	-0.0729931657377	0.015473644268	0.0299711216107	-0.0287538797671	-0.0556460493465	0.00650291704656	-0.0394833846175	0.00861776408371	-0.0331485162634	-0.00650956840427	0.0488990157245	-0.0365468968208	-0.0309444767157
k__Bacteria;p__Firmicutes;c__Clostridia;o__Clostridiales;f__Ruminococcaceae;g__Faecalibacterium;s__Faecalibacterium_prausnitzii	0.0458449368763	0.0496632846201	-0.0458602558191	-0.0262200543186	-0.0576942982942	-0.0360083591889	-0.00764053239836	1.0	-0.043747785202	0.0417372349502	0.00468911484783	-0.0278202338186	-0.0556785341554	0.00747164560762	0.0546325200702	-0.0238776248319	-0.05368124622	-0.0238465100871	0.0154597518912	-0.0310876643124	-0.0224880989965	0.0238330868729	-0.0352200264136	0.00250919627548	-0.0459629298883	-0.0436655140533	-0.0109283461988	0.0721661005332	0.072297867764	-0.0441890584288	-0.0600511611688	-0.0585207308102	0.0196224645173	-0.105873198875	-0.122787723545	-0.00675145340857	-0.0286610763298	-0.00597575958091	0.0477909088821	-0.0628603673416	0.0279450530988	0.071892558083	0.0373117079635	-0.0356127262858	0.0186088556617	0.00438625569522	0.0209934165193	-0.0248820737048	0.0181820059461	-0.0224563354822	-0.000603658642173	0.00668517571249	0.0102304326733	0.0769745832498	-0.0531298280754	-0.0042041984728	0.0667380195256	0.0389189898978	-0.018267606895
k__Bacteria;p__Bacteroidetes;c__Bacteroidia;o__Bacteroidales;f__Rikenellaceae;g__Alistipes;s__Alistipes_finegoldii	-0.0191744514486	0.0279374190662	-0.116230593583	0.0392103789851	0.00468860196875	0.0158179133123	-0.0610521103164	-0.043747785202	1.0	-0.00225068679337	-0.0366238346503	0.0212009430532	0.0254613416697	-0.00632076874557	0.0654519757027	0.0295171400714	-0.0876995580038	0.00823843284682	-0.0368559581642	0.0270809635437	-0.0604981099316	-0.0224586519923	-0.0926734848876	0.0145714660622	-0.0197699208429	-0.00444463942507	0.0353910562012	-0.0350009903568	0.0535352702149	-0.0192520598199	-0.062062870914	-0.0394167740016	-0.00143479598709	-0.0192662326764	-0.0697925450655	0.00639252969659	0.000906299207126	-0.024608895781	-0.0225125656149	-0.0501055768883	-0.0205072780983	0.0195666836181	0.0752472549035	-0.0418342379807	-0.0214214328963	0.0373271548335	0.0196479845172	0.0252599067165	-0.0429705706452	0.00420181549419	-0.00318001380656	-0.0397401742992	-0.0159198141179	-0.0384497086301	0.0280532499107	-0.00876760087126	-0.0268521016498	-0.0415471027868	-0.0351243322965
k__Bacteria;p__Bacteroidetes;c__Bacteroidia;o__Bacteroidales;f__Porphyromonadaceae;g__Parabacteroides;s__Parabacteroides_distasonis	-0.0560574784435	-0.0262457391359	0.0178610031781	0.00319360713577	-0.0665514560498	0.0134853705854	-0.041370216958	0.0417372349502	-0.00225068679337	1.0	-0.0410945891911	-0.0648620546749	0.00359849165522	-0.0523617108566	-0.0548168371543	-0.0534528643607	-0.0161925574061	-0.0439745464102	-0.0715369114952	-0.00790837902338	0.0182486405813	-0.0438815967734	0.0210506095416	-0.0248960645491	-0.0144680365961	-0.0600304087105	-0.0245251240754	0.0839375013714	-0.0217703965443	-0.00671535338034	-0.0170737624834	0.0475229300782	0.0609967152346	0.00881621457403	-0.00260366863638	0.0299061603953	-0.0386237731179	-0.0312255273373	-0.068491610338	-0.0601619856102	-0.00373045023092	-0.0202620683528	0.0253731928867	-0.0620422559304	0.0204169099766	-0.00186584425229	0.0316182213479	0.0616412552257	0.0165771409964	0.0329951630769	0.0642484943503	-0.000301009617172	0.0415452804031	-0.0172068838163	-0.0273382871778	-0.04571508693	-0.00657594723155	-0.0346375041999	0.0615946796568
k__Bacteria;p__Bacteroidetes;c__Bacteroidia;o__Bacteroidales;f__Bacteroidaceae;g__Bacteroides;s__Bacteroides_thetaiotaomicron	-0.054540175975	-0.0693284735008	0.00104935838046	-0.0327222689948	-0.0576105523361	0.0101012237047	0.00915381758285	0.00468911484783	-0.0366238346503	-0.0410945891911	1.0	-0.0926031913288	-0.0163378428159	-0.00361440594485	0.0187613114625	-0.0323403796732	0.0426233074807	-0.036907945705	0.0202531718284	0.014882495497	0.0285457699648	-0.0440956183095	-0.0452622431812	0.0298890292979	-0.042069580023	-0.0445198199742	-0.052143119947	-0.0378823057778	-0.0264066681916	-0.0501045919317	-0.0155341610269	0.060138209792	0.0217387851437	-0.0114826939813	0.0130055668183	0.012348020017	-0.0218774244362	0.0685389278196	0.0616206730242	-0.0189771961922	0.0287070289302	-0.0166147425832	0.042948605163	0.0129194869633	-0.0199651828333	0.0226451302326	-0.0055877707999	-0.0587699840341	0.0102822070628	0.000488846195839	0.0257574800918	-0.0274846316121	-0.0214744104326	0.00314498282449	-0.0270502293859	0.0347741410979	0.0210707601049	0.0323368045384	-0.0260532296598
k__Bacteria;p__Bacteroidetes;c__Bacteroidia;o__Bacteroidales;f__Bacteroidaceae;g__Bacteroides;s__Bacteroides_coprocola	0.0200068448321	0.0315450750638	-0.0751412703254	-0.0316176403118	-0.036731643317	-0.0103596759332	-0.00909431071822	-0.0278202338186	0.0212009430532	-0.0648620546749	-0.0926031913288	1.0	-0.090715748785	0.0414043888424	-0.0189039830087	-0.0617282309675	0.0209433958145	0.0148368430212	0.0305072250578	-0.00241239640997	0.0192970505324	-0.0275949229341	-0.0496493483447	0.0359127368026	0.0308188380241	0.0655276759454	-0.0481518712407	-0.0410745441055	-0.00807099951715	-0.0912480598318	0.0113325376138	-0.0773401713422	-0.0294401317198	-0.061459017524	-0.025344421964	0.0297322948108	-0.0042831002778	-0.0304693774294	0.00290516714018	0.0611470777355	-0.0432435296182	-0.0230783775271	-0.00168874632956	0.0689199581284	0.00057862417644	0.0149969551177	0.0399371932113	-0.0263775143433	-0.0501578762253	0.0274593945392	0.0313498126871	-0.0188641838748	-0.0138599511889	-0.0141657902661	-0.0539961504718	-0.0319839654916	-0.0276433134619	-0.0651237074683	-0.013913255216
k__Bacteria;p__Bacteroidetes;c__Bacteroidia;o__Bacteroidales;f__Bacteroidaceae;g__Bacteroides;s__Bacteroides_cellulosilyticus	-0.00100699528878	-0.0920029176479	-0.0350974153675	-0.0677833626969	0.0414862748813	-0.06051302491	-0.013880353931	-0.0556785341554	0.0254613416697	0.00359849165522	-0.0163378428159	-0.090715748785	1.0	-0.0492198212115	0.0414409259394	0.0270832844507	0.0148041558582	-0.027224608567	-0.0559444234228	-0.0384033304109	0.0882965399778	0.0275597326526	0.00519117133867	-0.0154733945148	0.0217248960113	0.00312530108479	-0.0503733051722	-0.00766548150812	0.0100212469259	0.0284967400505	0.0180159768165	0.0157590623054	0.02812465938	0.0213952415454	-0.0129714930461	0.0137096773184	-0.000628385770132	-0.0500520818301	-0.00413267501866	0.0109035800658	-0.0527490461554	0.0158547325094	0.0533048968028	-0.0125097236773	0.0348435057106	-0.0444077194365	0.00941141099933	-0.0446897303073	0.0137081286261	-0.026442522286	0.01574259012	-0.0842431150439	-0.025076295451	-0.00188535254417	0.0378586237082	-0.0267343074025	-0.066777712839	0.033880580504	0.0117658987509
k__Bacteria;p__Bacteroidetes;c__Bacteroidia;o__Bacteroidales;f__Rikenellaceae;g__Alistipes;s__Alistipes_obesi	-0.0339427489523	-0.0411268242907	0.01341282005	0.0219004582195	-0.0209493309822	-0.0189103219032	-0.0489563180345	0.00747164560762	-0.00632076874557	-0.0523617108566	-0.00361440594485	0.0414043888424	-0.0492198212115	1.0	-0.0282168538475	-0.0399928034945	0.0388144907537	-0.0109810507758	0.0455706932064	0.0663927707113	-0.0268754296229	-0.0159680229088	0.0102288031154	-0.0400225271545	-0.0111417730534	-0.058310263633	-0.0954121571149	-0.0023221700531	-0.0775623104103	-0.0388112625019	-0.00887951931589	-0.0178431314499	-0.0405465485579	0.00105812404696	0.0703751449721	-0.0831474131602	-0.0894742486719	-0.00703139631983	0.0657642002894	0.00214852760326	0.0625749188983	0.000585261974209	0.00572235729923	0.0116284770045	0.012427578481	-0.0353947943669	-0.053358949824	-0.0697055496065	-0.017785577376	-0.00694236307506	0.026028461845	0.0331403074545	0.0116791416701	-0.0298538927434	0.0506253143716	-0.0270047997836	-0.0154274806941	0.0596961809188	-0.0021710420913
k__Bacteria;p__Firmicutes;c__Clostridia;o__Clostridiales;f__Lachnospiraceae;g__;s__[Eubacterium]_rectale	-0.0214791492996	-0.078921426431	-0.0354700508671	0.00896648974822	-0.0168919479145	-0.064859902425	0.000433940882722	0.0546325200702	0.0654519757027	-0.0548168371543	0.0187613114625	-0.0189039830087	0.0414409259394	-0.0282168538475	1.0	-0.0114930952267	0.0278374250246	-0.0234282045315	-0.00154716409365	-0.062815121011	0.0236839764277	0.0224802239716	0.0179443736144	-0.0566809168379	0.00125747045883	0.0700775602076	-0.0479165144915	-0.0234978693434	0.0265426048678	-0.016138783855	-0.0335547255758	-0.0182662108473	0.0348654749111	0.0752306593848	-0.00789928878996	-0.00568972759808	0.0268228390932	-0.0443693916911	0.0569963026245	0.0192432998833	-0.0389736712656	0.0157967676747	0.00735119960822	0.0282711988064	-0.0361367721469	0.0261510724522	-0.0164675549859	-0.0971602906059	-0.035011315195	0.00273604620131	-0.0460256686849	-0.106640030653	0.0235827882981	-0.000637016934444	-0.05822369201	-0.085148515382	-0.105879544784	-0.0186334491506	-0.0978580557005
k__Bacteria;p__Bacteroidetes;c__Bacteroidia;o__Bacteroidales;f__Bacteroidaceae;g__Bacteroides;s__Bacteroides_plebeius	-0.0245423842121	0.00904203669136	-0.0195800516476	0.0143749596785	0.0359451950582	-0.066418902525	-0.0239839561665	-0.0238776248319	0.0295171400714	-0.0534528643607	-0.0323403796732	-0.0617282309675	0.0270832844507	-0.0399928034945	-0.0114930952267	1.0	-0.0126509751912	0.0216483710591	-0.0105635857681	0.023995144612	0.003501540252	-0.0389157466619	0.0110116671744	-0.00526509682302	-0.0583189245865	0.0676817946422	-0.0513067751743	-0.0739439092837	-0.0464556671939	-0.0275733509983	0.00572252940481	-0.0363284386621	-0.00987241980852	-0.0602404143109	-0.015099931974	0.0355131204174	0.0211120026022	-0.0314817416564	-0.0309759516724	-0.0889656735542	-0.00650565142556	0.00194501327874	0.0284376719693	0.000495496360611	-0.056129342329	-0.02803865688	-0.0118520985676	0.0230253532505	0.0288076629549	0.0231001079474	-0.0314180059313	0.0212840176846	-0.0262291461446	-0.0140575530983	-0.0479194517424	-0.013143078362	-0.0246060514827	0.020488752573	0.0173606164377
k__Bacteria;p__Bacteroidetes;c__Bacteroidia;o__Bacteroidales;f__Bacteroidaceae;g__Bacteroides;s__Bacteroides_fragilis	0.000385438983569	-0.0202387831101	0.0284568582388	-0.0507210271788	-0.0289126635744	-0.0569565454197	-0.0415375489949	-0.05368124622	-0.0876995580038	-0.0161925574061	0.0426233074807	0.0209433958145	0.0148041558582	0.0388144907537	0.0278374250246	-0.0126509751912	1.0	-0.025395778788	-0.0274634155312	-0.0045261392492	0.0119065248772	-0.0264340610143	0.00168046672016	0.0430531583005	-0.0324872932655	-0.0117755489133	0.00836222324271	-0.0151162960852	-0.041535562553	-0.00149861794406	-0.0280633266436	-0.0599917646444	-0.0562988818714	0.0683076081726	-0.065188501497	0.041085884937	-0.0214098878029	-0.0421102428163	0.00696596537362	0.0208347411683	0.0216236856109	0.0120711308283	-0.0395166714452	-0.0356756448245	0.0465583614464	0.0171463344566	-0.0677575814214	-0.102006227743	-0.0119820655155	-0.0218549445116	0.0650260814316	0.0165535769955	-0.0423168958812	-0.00672738254294	0.000276237357757	0.00487884116051	-0.00931755631497	-0.00355945893132	0.06655360422
k__Bacteria;p__Proteobacteria;c__Betaproteobacteria;o__Burkholderiales;f__Sutterellaceae;g__Sutterella;s__Sutterella_wadsworthensis	-0.0607494675875	0.0157740950794	-0.0324629705411	-0.0868437580158	0.0219091806704	-0.0454115881937	0.0176326049202	-0.0238465100871	0.00823843284682	-0.0439745464102	-0.036907945705	0.0148368430212	-0.027224608567	-0.0109810507758	-0.0234282045315	0.0216483710591	-0.025395778788	1.0	0.0127195495431	0.0122420473825	-0.012170158814	0.0183684368248	-0.043670254538	-0.0671087798247	-0.0284471852228	0.00974241371067	0.0434850563393	0.084663565293	-0.0250167024601	-0.0794016898198	0.0478611840286	-0.0266257049345	-0.0710856683448	-0.011579643454	0.022208568613	-0.0673689363487	-0.00836825618709	0.0330881317555	-0.0283233115397	0.0876220525666	-0.00365851345495	0.035560268921	0.0216893041014	0.00991366504267	0.0608526108852	-0.0313132961412	-0.0100227744124	0.00823701479862	-0.0402522912512	0.0142769326282	-0.0686625711422	0.00193776744536	-0.00140130152391	0.0305087659908	-0.0232391168094	0.0366940347516	-0.0290112848788	-0.0351012600032	-0.0534888247685
k__Bacteria;p__Bacteroidetes;c__Bacteroidia;o__Bacteroidales;f__Porphyromonadaceae;g__Barnesiella;s__Barnesiella_intestinihominis	-0.0109692239908	0.0484270648941	0.0307523440063	-0.00969165005975	-0.0270423574622	0.0200714689013	-0.0663928827171	0.0154597518912	-0.0368559581642	-0.0715369114952	0.0202531718284	0.0305072250578	-0.0559444234228	0.0455706932064	-0.00154716409365	-0.0105635857681	-0.0274634155312	0.0127195495431	1.0	0.0403151644568	0.0210359592001	-0.0143477979338	0.0105966689443	-0.0597473651465	-0.0261360763866	-0.0272700783287	-0.0521510673128	-0.041487598519	-0.0703533048365	0.0162954001751	0.0334106943533	0.0362196278679	-0.0130635625364	-0.0222405179159	-0.0613333610637	-0.0342293727036	-0.018024875148	0.0275419616833	0.0273410928326	0.00509322391508	-0.0233938402698	-0.00337820924301	-0.0338510578227	-0.00101005559003	0.0588053504971	-0.0219337639484	0.0405133255707	-0.0177020680118	0.000560825804007	0.0744477212703	-0.0432488639784	0.0308239548476	-0.0562508969306	0.00734966601775	-0.0369720627776	-0.0133129016745	-0.0567259928246	-0.0249334855468	-0.0325769390011
k__Bacteria;p__Bacteroidetes;c__Bacteroidia;o__Bacteroidales;f__Odoribacteraceae;g__Odoribacter;s__Odoribacter_splanchnicus	-0.0252377064391	0.00901118245542	0.0222822562575	-0.0167466980703	0.00796975187108	0.0100883546254	-0.0605695941216	-0.0310876643124	0.0270809635437	-0.00790837902338	0.014882495497	-0.00241239640997	-0.0384033304109	0.0663927707113	-0.062815121011	0.023995144612	-0.0045261392492	0.0122420473825	0.0403151644568	1.0	0.00423240415222	0.0250408326316	0.000642348576927	-0.0534667904346	-0.0199447648119	0.0228163175048	-0.0759663570077	-0.0430027773848	-0.0716829628813	-0.0156487339758	0.0569386532022	-0.0649233901814	-0.00981001679666	-0.0197538433513	-0.0420391324645	-0.0115445998172	0.00294881789288	-0.0582912575259	-0.0248070976252	-0.0453210807225	-0.0395306954923	-0.0232981060369	0.0472660250864	0.0199142321978	0.00227211888971	-0.0146095310911	-0.00933187633706	0.00961627831812	0.0429365668716	0.0221852400822	-0.0604319287313	-0.0802862487127	0.0514423904624	-0.0292403192739	-0.0799210410474	-0.0793686232489	-0.0581858010625	-0.0259558527557	-0.0165153935881
k__Bacteria;p__Bacteroidetes;c__Bacteroidia;o__Bacteroidales;f__Bacteroidaceae;g__Bacteroides;s__Bacteroides_salyersiae	0.0260296337396	0.00795656051941	-0.0665154486365	0.0203058426974	-0.0335282438969	-0.0179842356487	0.0548052118497	-0.0224880989965	-0.0604981099316	0.0182486405813	0.0285457699648	0.0192970505324	0.0882965399778	-0.0268754296229	0.0236839764277	0.003501540252	0.0119065248772	-0.012170158814	0.0210359592001	0.00423240415222	1.0	-0.0417682266591	-0.0766392242445	0.0335847828971	-0.0287102138956	-0.0517527511327	0.0266698066729	0.0115034176144	0.0689701925755	-0.0166326701125	0.0159833252415	0.0176247846035	-0.0214250616025	-0.0211919315899	-0.014231955034	-0.0636783827344	-0.0175341587478	0.0506166451611	0.0452385962928	-0.0155154406455	-0.033731417166	-0.0309409223203	-0.0435035117407	-0.000527892504972	0.0453913959263	-0.0393081144768	0.0172787587927	-0.0246766742994	-0.045828392154	-0.0418783820594	0.0460546697389	-0.0726562183015	-0.0572807657909	0.0274090116325	0.0249228230668	-0.0277820016869	0.0052207751465	-0.0728812282014	0.00119831693525
k__Bacteria;p__Firmicutes;c__Clostridia;o__Clostridiales;f__Ruminococcaceae;g__Ruminiclostridium;s__[Eubacterium]_siraeum	0.00955953063025	0.0293548367712	0.0178713698449	-0.046296900203	-0.0793348060241	0.0048394457365	-0.104346416768	0.0238330868729	-0.0224586519923	-0.0438815967734	-0.0440956183095	-0.0275949229341	0.0275597326526	-0.0159680229088	0.0224802239716	-0.0389157466619	-0.0264340610143	0.0183684368248	-0.0143477979338	0.0250408326316	-0.0417682266591	1.0	-0.0383589967225	0.0439969123292	-0.0141584030655	-0.0609335395386	-0.0409405850221	-0.00755375012253	-0.0642262632015	-0.00838384366079	-0.00969835336155	0.0224158589715	-0.0731423338836	0.0571732056754	-0.0187310903693	0.0450972697176	-0.068651556325	-0.0484904213347	0.016539212589	-0.0338136371276	-0.0721756964895	-0.00316579305995	-0.0295869059103	0.0225081469348	0.00488853476838	-0.0176976599835	-0.0358531772114	0.00985556500083	0.00180064970541	-0.0170200665645	-0.0187733169253	0.0587254620349	-0.0343490358228	-0.00909896133921	-0.00270946257006	-0.0186969257036	-0.0101525392939	-0.0180680775761	0.0949759751391
k__Bacteria;p__Proteobacteria;c__Betaproteobacteria;o__Burkholderiales;f__Sutterellaceae;g__Parasutterella;s__Parasutterella_excrementihominis	-0.0487807059194	0.0555382330188	0.00823503410208	-0.0410098353597	0.0126430605041	-0.0316454942206	-0.0571659019966	-0.0352200264136	-0.0926734848876	0.0210506095416	-0.0452622431812	-0.0496493483447	0.00519117133867	0.0102288031154	0.0179443736144	0.0110116671744	0.00168046672016	-0.043670254538	0.0105966689443	0.000642348576927	-0.0766392242445	-0.0383589967225	1.0	-0.0364005307379	0.00651508614118	0.0579120057269	-0.00935192356257	-0.0213379747899	0.0362246519297	-0.025769489571	0.030704685194	0.00127581198679	0.0152637606451	0.0303200421304	-0.0353227116833	-0.0473717377717	-0.0942807759376	0.0100289668111	0.0429698775677	-0.0758192820153	0.00550674418589	-0.0423894494337	-0.0446630215991	-0.00694189365276	-0.00781296613317	0.078356282651	0.0213905078549	-0.0394299090112	0.00234253831306	-0.0335149311597	-0.0487428190047	-0.0138658763859	0.0131024413979	-0.0164258130946	-0.0115495105314	-0.0417474450319	0.0289469551077	0.00839115533272	0.0576448611135
k__Bacteria;p__Actinobacteria;c__Actinobacteria;o__Bifidobacteriales;f__Bifidobacteriaceae;g__Bifidobacterium;s__Bifidobacterium_adolescentis	0.00421142727436	0.0448017410167	-0.0137705985042	-0.0159012777391	0.0487248557382	0.0684476629179	0.0176439116699	0.00250919627548	0.0145714660622	-0.0248960645491	0.0298890292979	0.0359127368026	-0.0154733945148	-0.0400225271545	-0.0566809168379	-0.00526509682302	0.0430531583005	-0.0671087798247	-0.0597473651465	-0.0534667904346	0.0335847828971	0.0439969123292	-0.0364005307379	1.0	0.0113914409642	-0.0199503622923	0.0449145846294	-0.0800640080664	-0.00703401073401	-0.0304446078929	0.00412335144667	0.000653302876854	0.0148371746331	-0.0401109770577	-0.00332796620182	-0.0470044464786	0.0244663351572	-0.00578984582184	-0.072491042498	-0.047928486424	-0.00435295980857	-0.0478845664638	-0.0740199386542	0.0481200250539	-0.07405254464	0.0747040332833	0.0489241968848	-0.00667094910419	-0.00385858470835	0.0517992697746	-0.00427700842553	-0.0827016036319	0.00542094075343	-0.00339575344772	0.0426175072115	0.00421302625963	-0.0930575642599	-0.056658215885	0.0572171277821
k__Bacteria;p__Firmicutes;c__Clostridia;o__Clostridiales;f__Oscillospiraceae;g__Oscillibacter;s__Oscillibacter_sp._KLE_1745	0.0245905767816	-0.103644515365	0.00826638404083	0.00772093156758	-0.000793816080537	0.0290808374484	-0.0374844910063	-0.0459629298883	-0.0197699208429	-0.0144680365961	-0.042069580023	0.0308188380241	0.0217248960113	-0.0111417730534	0.00125747045883	-0.0583189245865	-0.0324872932655	-0.0284471852228	-0.0261360763866	-0.0199447648119	-0.0287102138956	-0.0141584030655	0.00651508614118	0.0113914409642	1.0	-0.0329668473845	-0.103630318872	-0.00296878596274	-0.0221568431521	0.0177029307024	-0.00786382286602	-0.00665346208068	0.0259795485078	-0.0178333213121	0.000128745117408	0.017878091825	-0.00857711078138	0.0168248350006	0.0255509858457	0.00172236115203	0.00615721605226	-0.017151421231	0.0133954130646	-0.0287117246161	0.0535302935257	0.0455069264894	-0.00226315133748	0.00462428277786	-0.00748368097045	-0.0374569568016	0.00978844924283	0.000925039038773	0.0605338690388	-0.0705646111601	-0.0378673831088	-0.0427622923363	-0.0774175341569	-0.0237440697444	-0.0412393991618
k__Bacteria;p__Bacteroidetes;c__Bacteroidia;o__Bacteroidales;f__Bacteroidaceae;g__Bacteroides;s__Bacteroides_coprophilus	0.0450887948914	-0.0123598072238	0.0263586746364	-0.0707228172986	0.0287114892794	0.0150080424186	0.0403274055569	-0.0436655140533	-0.00444463942507	-0.0600304087105	-0.0445198199742	0.0655276759454	0.00312530108479	-0.058310263633	0.0700775602076	0.0676817946422	-0.0117755489133	0.00974241371067	-0.0272700783287	0.0228163175048	-0.0517527511327	-0.0609335395386	0.0579120057269	-0.0199503622923	-0.0329668473845	1.0	-0.0287962688424	0.0206254035172	0.00455642727243	0.00954605348238	-0.0652738098344	-0.0522781206421	-0.0600787059987	-0.0205374247945	0.0429911375288	-0.000830609789518	-0.0752005210588	0.0129630559911	0.0830310407039	-0.0704786991179	-0.0805760091539	-0.0835318553816	-0.0345684984828	0.0428370318088	-0.0372898049428	-0.0143033125647	-0.0487554695089	-0.0074670323519	0.0389019628737	-0.0267718481203	0.0421741797911	-0.0461649377299	0.0591319759177	-0.0423700595916	-0.0492166524743	-0.0325677686678	-0.0465269549932	-0.00466146898816	0.00040182554892
k__Bacteria;p__Firmicutes;c__Clostridia;o__Clostridiales;f__Lachnospiraceae;g__Roseburia;s__Roseburia_intestinalis	-0.039243517427	0.0453772334395	0.0131796430327	0.0222571354321	0.0615843759458	-0.0176020057887	-0.00258111966973	-0.0109283461988	0.0353910562012	-0.0245251240754	-0.052143119947	-0.0481518712407	-0.0503733051722	-0.0954121571149	-0.0479165144915	-0.0513067751743	0.00836222324271	0.0434850563393	-0.0521510673128	-0.0759663570077	0.0266698066729	-0.0409405850221	-0.00935192356257	0.0449145846294	-0.103630318872	-0.0287962688424	1.0	0.0361756569732	0.033008230519	0.0105719982732	0.0058581926445	0.00532977125052	0.0177729487655	-0.0189617042296	-0.0569099568776	0.0589170117276	0.017821429877	-0.0332436781988	-0.0199721658217	0.0315617850529	0.0499827993149	0.0502319066821	-0.0770499919549	0.0347301556615	-0.00729274563222	0.00633880194958	-0.0990803088311	0.00551788084119	0.000465601515015	-0.0469061911455	-0.002008978332	-0.01829748036	-0.0354226332573	-0.00860634985763	-0.0229370007385	-0.00723780591858	0.0274464526902	-0.0400587874879	-0.0614079054375
k__Bacteria;p__Firmicutes;c__Clostridia;o__Clostridiales;f__Lachnospiraceae;g__Roseburia;s__Roseburia_hominis	0.0129490629783	0.0295836749097	-0.0314208848664	-0.00338066860296	-0.0486926695098	-0.0685109858031	0.0272292593152	0.0721661005332	-0.0350009903568	0.0839375013714	-0.0378823057778	-0.0410745441055	-0.00766548150812	-0.0023221700531	-0.0234978693434	-0.0739439092837	-0.0151162960852	0.084663565293	-0.041487598519	-0.0430027773848	0.0115034176144	-0.00755375012253	-0.0213379747899	-0.0800640080664	-0.00296878596274	0.0206254035172	0.0361756569732	1.0	-0.00679751273655	0.00957276673003	-0.0459279516612	0.0585917080314	-0.02835855615	-0.0522769043186	0.0723422774283	0.00996420981543	0.00119323529546	-0.119958676997	0.0268939676784	-0.06042846774	-0.0428548804605	-0.00138043835811	-0.0336648070885	-0.00472891093668	-0.00671382563991	-0.0338904430237	-0.0286273736674	0.0196150572268	-0.0450595470635	0.0495240410181	0.00753078220452	0.068293720333	-0.026275219584	-0.0312537871363	0.0499707233835	-0.0189689152435	-0.0519708092072	-0.00813877600783	-0.0173415075275
k__Bacteria;p__Bacteroidetes;c__Bacteroidia;o__Bacteroidales;f__Porphyromonadaceae;g__Parabacteroides;s__Parabacteroides_johnsonii	-0.00596537392062	-0.0576630943378	0.000180959300662	-0.00275843819154	-0.0494090403212	-0.0102805902051	0.0427146428144	0.072297867764	0.0535352702149	-0.0217703965443	-0.0264066681916	-0.00807099951715	0.0100212469259	-0.0775623104103	0.0265426048678	-0.0464556671939	-0.041535562553	-0.0250167024601	-0.0703533048365	-0.0716829628813	0.0689701925755	-0.0642262632015	0.0362246519297	-0.00703401073401	-0.0221568431521	0.00455642727243	0.033008230519	-0.00679751273655	1.0	-0.0069074178773	-0.0881358297366	-0.0661375494106	0.0902463604022	-0.0398739113402	-0.0202487893866	-0.0187963596534	-0.0485102495039	-0.0366228299625	-0.0292870968139	0.0165684490257	-0.0588727577653	-0.012703632718	-0.0543687294506	-0.0980810129725	-0.044664628665	0.0108704769528	0.0198253240101	-0.0487510689636	0.0222756812832	-0.00174290733672	-0.0133276939785	0.00838864580291	-0.00113437096068	0.00262866260492	0.0336437089951	0.0168691758934	-0.00734179528539	-0.022213213055	0.00611296057761
k__Bacteria;p__Actinobacteria;c__Actinobacteria;o__Bifidobacteriales;f__Bifidobacteriaceae;g__Bifidobacterium;s__Bifidobacterium_longum	0.00998609597197	-0.0655249814519	-0.056640461339	0.0860984487539	0.0416614924488	-0.00297161730931	0.00319789128543	-0.0441890584288	-0.0192520598199	-0.00671535338034	-0.0501045919317	-0.0912480598318	0.0284967400505	-0.0388112625019	-0.016138783855	-0.0275733509983	-0.00149861794406	-0.0794016898198	0.0162954001751	-0.0156487339758	-0.0166326701125	-0.00838384366079	-0.025769489571	-0.0304446078929	0.0177029307024	0.00954605348238	0.0105719982732	0.00957276673003	-0.0069074178773	1.0	-0.108837545156	-0.0178300430863	-0.0358715331602	0.0320854824337	0.0636472197609	-0.0137913336961	-0.00257417358436	0.0244299389198	-0.066383348559	-0.00982685799225	0.0627909139961	-0.0270316669042	-0.0447363681145	-0.00802054741457	0.0128808990793	0.0186266828506	0.00431780613429	-0.00990601991484	-0.0288012673601	0.00512704043249	0.0174907778817	-0.038076631586	0.0160525309502	0.0106034258102	0.0166713847935	-0.0635934602287	0.00917965490554	-0.0778961325595	0.0210979004391
