#taxonomy	k__Bacteria;p__Bacteroidetes;c__Bacteroidia;o__Bacteroidales;f__Bacteroidaceae;g__Bacteroides;s__Bacteroides_vulgatus	k__Bacteria;p__Bacteroidetes;c__Bacteroidia;o__Bacteroidales;f__Bacteroidaceae;g__Bacteroides;s__Bacteroides_uniformis	k__Bacteria;p__Bacteroidetes;c__Bacteroidia;o__Bacteroidales;f__Rikenellaceae;g__Alistipes;s__Alistipes_putredinis	k__Bacteria;p__Bacteroidetes;c__Bacteroidia;o__Bacteroidales;f__Prevotellaceae;g__Prevotella;s__Prevotella_copri	k__Bacteria;p__Bacteroidetes;c__Bacteroidia;o__Bacteroidales;f__Bacteroidaceae;g__Bacteroides;s__Bacteroides_stercoris	k__Bacteria;p__Bacteroidetes;c__Bacteroidia;o__Bacteroidales;f__Bacteroidaceae;g__Bacteroides;s__Bacteroides_ovatus	k__Bacteria;p__Bacteroidetes;c__Bacteroidia;o__Bacteroidales;f__Rikenellaceae;g__Alistipes;s__Alistipes_shahii	k__Bacteria;p__Firmicutes;c__Clostridia;o__Clostridiales;f__Ruminococcaceae;g__Faecalibacterium;s__Faecalibacterium_prausnitzii	k__Bacteria;p__Bacteroidetes;c__Bacteroidia;o__Bacteroidales;f__Rikenellaceae;g__Alistipes;s__Alistipes_finegoldii	k__Bacteria;p__Bacteroidetes;c__Bacteroidia;o__Bacteroidales;f__Porphyromonadaceae;g__Parabacteroides;s__Parabacteroides_distasonis	k__Bacteria;p__Bacteroidetes;c__Bacteroidia;o__Bacteroidales;f__Bacteroidaceae;g__Bacteroides;s__Bacteroides_thetaiotaomicron	k__Bacteria;p__Bacteroidetes;c__Bacteroidia;o__Bacteroidales;f__Bacteroidaceae;g__Bacteroides;s__Bacteroides_coprocola	k__Bacteria;p__Bacteroidetes;c__Bacteroidia;o__Bacteroidales;f__Bacteroidaceae;g__Bacteroides;s__Bacteroides_cellulosilyticus	k__Bacteria;p__Bacteroidetes;c__Bacteroidia;o__Bacteroidales;f__Rikenellaceae;g__Alistipes;s__Alistipes_obesi	k__Bacteria;p__Firmicutes;c__Clostridia;o__Clostridiales;f__Lachnospiraceae;g__;s__[Eubacterium]_rectale	k__Bacteria;p__Bacteroidetes;c__Bacteroidia;o__Bacteroidales;f__Bacteroidaceae;g__Bacteroides;s__Bacteroides_plebeius	k__Bacteria;p__Bacteroidetes;c__Bacteroidia;o__Bacteroidales;f__Bacteroidaceae;g__Bacteroides;s__Bacteroides_fragilis	k__Bacteria;p__Proteobacteria;c__Betaproteobacteria;o__Burkholderiales;f__Sutterellaceae;g__Sutterella;s__Sutterella_wadsworthensis	k__Bacteria;p__Bacteroidetes;c__Bacteroidia;o__Bacteroidales;f__Porphyromonadaceae;g__Barnesiella;s__Barnesiella_intestinihominis	k__Bacteria;p__Bacteroidetes;c__Bacteroidia;o__Bacteroidales;f__Odoribacteraceae;g__Odoribacter;s__Odoribacter_splanchnicus	k__Bacteria;p__Bacteroidetes;c__Bacteroidia;o__Bacteroidales;f__Bacteroidaceae;g__Bacteroides;s__Bacteroides_salyersiae	k__Bacteria;p__Firmicutes;c__Clostridia;o__Clostridiales;f__Ruminococcaceae;g__Ruminiclostridium;s__[Eubacterium]_siraeum	k__Bacteria;p__Proteobacteria;c__Betaproteobacteria;o__Burkholderiales;f__Sutterellaceae;g__Parasutterella;s__Parasutterella_excrementihominis	k__Bacteria;p__Actinobacteria;c__Actinobacteria;o__Bifidobacteriales;f__Bifidobacteriaceae;g__Bifidobacterium;s__Bifidobacterium_adolescentis	k__Bacteria;p__Firmicutes;c__Clostridia;o__Clostridiales;f__Oscillospiraceae;g__Oscillibacter;s__Oscillibacter_sp._KLE_1745	k__Bacteria;p__Bacteroidetes;c__Bacteroidia;o__Bacteroidales;f__Bacteroidaceae;g__Bacteroides;s__Bacteroides_coprophilus	k__Bacteria;p__Firmicutes;c__Clostridia;o__Clostridiales;f__Lachnospiraceae;g__Roseburia;s__Roseburia_intestinalis	k__Bacteria;p__Firmicutes;c__Clostridia;o__Clostridiales;f__Lachnospiraceae;g__Roseburia;s__Roseburia_hominis	k__Bacteria;p__Bacteroidetes;c__Bacteroidia;o__Bacteroidales;f__Porphyromonadaceae;g__Parabacteroides;s__Parabacteroides_johnsonii	k__Bacteria;p__Actinobacteria;c__Actinobacteria;o__Bifidobacteriales;f__Bifidobacteriaceae;g__Bifidobacterium;s__Bifidobacterium_longum	k__Bacteria;p__Firmicutes;c__Clostridia;o__Clostridiales;f__;g__Flavonifractor;s__Flavonifractor_plautii	k__Bacteria;p__Firmicutes;c__Clostridia;o__Clostridiales;f__Clostridiaceae;g__Clostridium;s__Clostridium_phoceensis	k__Bacteria;p__Verrucomicrobia;c__Verrucomicrobiae;o__Verrucomicrobiales;f__Akkermansiaceae;g__Akkermansia;s__Akkermansia_muciniphila	k__Bacteria;p__Bacteroidetes;c__Bacteroidia;o__Bacteroidales;f__Prevotellaceae;g__Paraprevotella;s__Paraprevotella_xylaniphila	k__Bacteria;p__Firmicutes;c__Clostridia;o__Clostridiales;f__Ruminococcaceae;g__Ruminococcus;s__Ruminococcus_callidus	k__Bacteria;p__Bacteroidetes;c__Bacteroidia;o__Bacteroidales;f__Rikenellaceae;g__Alistipes;s__Alistipes_senegalensis	k__Bacteria;p__Firmicutes;c__Clostridia;o__Clostridiales;f__Lachnospiraceae;g__Blautia;s__Blautia_sp._KLE_1732	k__Bacteria;p__Bacteroidetes;c__Bacteroidia;o__Bacteroidales;f__Bacteroidaceae;g__Bacteroides;s__Bacteroides_oleiciplenus	k__Bacteria;p__Firmicutes;c__Clostridia;o__Clostridiales;f__Ruminococcaceae;g__Ruminococcus;s__Ruminococcus_bicirculans	k__Bacteria;p__Bacteroidetes;c__Bacteroidia;o__Bacteroidales;f__Bacteroidaceae;g__Bacteroides;s__Bacteroides_fluxus	k__Bacteria;p__Bacteroidetes;c__Bacteroidia;o__Bacteroidales;f__Prevotellaceae;g__Prevotella;s__Prevotella_stercorea	k__Bacteria;p__Firmicutes;c__Clostridia;o__Clostridiales;f__Lachnospiraceae;g__Dorea;s__Dorea_longicatena	k__Bacteria;p__Firmicutes;c__Clostridia;o__Clostridiales;f__Eubacteriaceae;g__Eubacterium;s__[Eubacterium]_eligens	k__Bacteria;p__Firmicutes;c__Clostridia;o__Clostridiales;f__Ruminococcaceae;g__;s__Ruminococcaceae_bacterium_D16	k__Bacteria;p__Firmicutes;c__Clostridia;o__Clostridiales;f__Lachnospiraceae;g__Coprococcus;s__Coprococcus_comes	k__Bacteria;p__Proteobacteria;c__Gammaproteobacteria;o__Enterobacterales;f__Enterobacteriaceae;g__Escherichia;s__Escherichia_coli	k__Bacteria;p__Firmicutes;c__Clostridia;o__Clostridiales;f__Ruminococcaceae;g__Anaerotruncus;s__Anaerotruncus_colihominis	k__Bacteria;p__Firmicutes;c__Clostridia;o__Clostridiales;f__Lachnospiraceae;g__Blautia;s__Blautia_obeum	k__Bacteria;p__Bacteroidetes;c__Bacteroidia;o__Bacteroidales;f__Odoribacteraceae;g__Odoribacter;s__Odoribacter_laneus	k__Bacteria;p__Firmicutes;c__Clostridia;o__Clostridiales;f__Ruminococcaceae;g__Ruminiclostridium;s__[Clostridium]_leptum	k__Bacteria;p__Bacteroidetes;c__Bacteroidia;o__Bacteroidales;f__Porphyromonadaceae;g__Parabacteroides;s__Parabacteroides_goldsteinii	k__Bacteria;p__Firmicutes;c__Clostridia;o__Clostridiales;f__Lachnospiraceae;g__Anaerostipes;s__Anaerostipes_hadrus	k__Bacteria;p__Firmicutes;c__Clostridia;o__Clostridiales;f__Ruminococcaceae;g__Ruminococcus;s__Ruminococcus_lactaris	k__Bacteria;p__Firmicutes;c__Clostridia;o__Clostridiales;f__Clostridiaceae;g__Clostridium;s__Clostridium_sp._L2-50	k__Bacteria;p__Firmicutes;c__Clostridia;o__Clostridiales;f__Clostridiaceae;g__Clostridium;s__Clostridium_sp._M62/1	k__Bacteria;p__Firmicutes;c__Clostridia;o__Clostridiales;f__;g__Intestinimonas;s__Intestinimonas_butyriciproducens	k__Bacteria;p__Actinobacteria;c__Actinobacteria;o__Bifidobacteriales;f__Bifidobacteriaceae;g__Bifidobacterium;s__Bifidobacterium_bifidum	k__Bacteria;p__Firmicutes;c__Negativicutes;o__Veillonellales;f__Veillonellaceae;g__Dialister;s__Dialister_invisus	k__Bacteria;p__Bacteroidetes;c__Bacteroidia;o__Bacteroidales;f__Bacteroidaceae;g__Bacteroides;s__Bacteroides_salanitronis
k__Bacteria;p__Bacteroidetes;c__Bacteroidia;o__Bacteroidales;f__Bacteroidaceae;g__Bacteroides;s__Bacteroides_vulgatus	1.0	0.0298880469898	0.0277015953706	-0.0257753388388	-0.0351895484708	0.0328361620576	-0.00188764304093	0.0342698198122	-0.00303724501182	-0.0419665639868	-0.0569152428924	-0.0199315147247	0.00138521492886	-0.0299489878075	-0.0468516832397	-0.0104073032963	0.000420419678351	0.0325944589221	-0.0281566333624	0.0159618785988	0.034255837107	0.0196075973696	-0.0177086259163	-0.0138340437868	0.0137327783755	0.00325804960662	-0.0315635337311	0.0363913550116	-0.067283367093	0.0950592128478	-0.022246594959	-0.022084202697	-0.051691348574	-0.0207925318612	-0.0168992549752	0.0295988885785	0.087636871176	0.0203416347929	-0.00993226987685	-0.00292058470934	-0.00294672855371	0.0108485833296	0.0159241598382	-0.0255738235058	-0.0499548173212	0.0307578254394	-0.0154654698622	0.0313723733437	0.0193242122981	-0.0290630398382	-0.0168553527479	-0.0848305009579	-0.0372636067855	-0.0245156366784	-0.00594366104779	-0.0207317092351	-0.0839146223441	-0.0381135228047	0.00415043237984
k__Bacteria;p__Bacteroidetes;c__Bacteroidia;o__Bacteroidales;f__Bacteroidaceae;g__Bacteroides;s__Bacteroides_uniformis	0.0298880469898	1.0	-0.0233935860119	-0.0602917864548	0.0485445172048	-0.0244375591686	-0.0028626715317	-0.0157983569258	-0.00271284178952	0.00846156072898	0.0347823404475	0.00907636990352	-0.0234393782809	0.0442070704689	-0.0310046851063	-0.0462659023385	0.00856407707209	-0.00437440918055	0.0289644301252	-0.0710041080489	-0.0212682389598	-0.00668045868617	-0.035473872229	-0.0137066709709	-0.0434785683701	-0.0115652160232	0.0349150370002	-0.0487196955665	-0.0150206854334	-0.0481794889831	0.0132139840555	0.0257397284138	-0.0195981781776	-0.0295152639058	0.0271100714567	0.0217517254961	-0.0996235223161	0.0271710606304	0.00376575370651	-0.0438609922099	-0.0263324374293	-0.0728586242471	0.00757542681489	0.0140749055929	-0.00611842374157	-0.0397110817203	-0.0519149620186	-0.0476356296829	0.0155290349358	-0.0325432720295	-0.0255013884742	0.0742968502506	0.0518500911279	-0.0207950277974	-0.0052907806039	-0.0104693117458	-0.0123032331465	0.0951325335041	-0.000289751928682
k__Bacteria;p__Bacteroidetes;c__Bacteroidia;o__Bacteroidales;f__Rikenellaceae;g__Alistipes;s__Alistipes_putredinis	0.0277015953706	-0.0233935860119	1.0	0.0455992594851	-0.0344918921535	-0.0188097327658	0.0481123981029	0.0134875197792	-0.0153546208338	0.00560199900154	-0.0507461981482	-0.0379400638165	-0.0735091203219	-0.0234686102418	0.0324444900217	-0.008897791526	0.00575559204351	-0.00108202836888	-0.0259099772997	-0.12137096513	0.0120894154229	-0.00899041474114	-0.0461652232683	-0.0656975233977	-0.0533948149994	0.00914242577905	0.0562377042612	-0.0109392550082	-0.0444283084658	-0.074950510263	0.00687363895881	-0.0342218458837	0.0765106791729	-0.0191302280118	0.0147699051639	0.00742267524432	0.0107887466723	0.0190307841685	-0.0049722893701	0.0219027978948	0.0333529352109	-0.0509926480461	-0.057901953478	-0.0220623314475	0.0268670418126	0.0150746319417	0.00972849140765	-0.0228926182662	0.0347540226637	-0.0259678782361	0.0529529003742	-0.0614164760441	-0.0956119015994	-0.0465684361227	-0.0160188485478	-0.0194693652422	-0.0541914933925	-0.058801027092	-0.052024563293
k__Bacteria;p__Bacteroidetes;c__Bacteroidia;o__Bacteroidales;f__Prevotellaceae;g__Prevotella;s__Prevotella_copri	-0.0257753388388	-0.0602917864548	0.0455992594851	1.0	-0.0727862019318	-0.026163142173	-0.0356004677802	-0.0678499238232	-0.0634284144855	-0.0739691026118	-0.0194667589869	0.0537552762239	0.0318988804316	0.0906768379585	0.0208976176028	-0.0184625481517	0.023805805062	0.0418852461738	0.0199879582356	-0.0658852620508	0.0072240829712	0.0120378619252	0.0322161168729	-0.0213059261555	0.0146106221235	-0.018474828498	-0.0529957350733	0.0580432302477	-0.0308690715461	0.035008217617	-0.0243793300852	-0.00778712394882	-0.00389576987468	0.0578877486228	0.013698762075	-0.0527314657467	-0.0816885566634	-0.00876128147218	-0.0524942289347	-0.0113271587484	0.0120918834124	0.00935638832122	-0.0637847086281	0.0417629811093	0.013898098501	0.00869181170218	-0.016402827284	-0.0426381723271	-0.0508495840455	-0.0148504862052	0.0536768052112	0.0475431182679	-0.0560222954365	0.00182482410154	-0.115650332904	0.0120060599413	0.0417930265225	0.00822263621842	0.00455889674456
k__Bacteria;p__Bacteroidetes;c__Bacteroidia;o__Bacteroidales;f__Bacteroidaceae;g__Bacteroides;s__Bacteroides_stercoris	-0.0351895484708	0.0485445172048	-0.0344918921535	-0.0727862019318	1.0	-0.00120524625331	-0.0640037128383	-0.0227432192668	0.0416269517205	0.00190927603917	-0.041526326772	0.0112303654668	-0.000367618684392	-0.0175947013481	0.0257359082536	0.0267178981819	-0.0157349203002	0.0478938239001	-0.00825573927868	0.0692308693312	0.027166497817	-0.0154914360287	0.0258151235569	-0.00250886170106	-0.0276758090008	-0.0587048763382	-0.0212931194952	-0.0297281936819	-0.0307463244926	-0.00189362977864	0.0346777714582	0.0304405417157	-0.0884205229928	0.0437404242436	0.0157482869089	-0.0045324748891	-0.00555064638144	-0.00194258371977	0.0461835827563	0.0354176380318	-0.0324098612812	-0.047528846089	-0.0340183502144	0.0085462501436	-0.0410893763612	0.0353560927146	-0.0328751796187	-0.0334691304965	-0.0292989275098	0.0802765802404	-0.00519969784626	-0.11056428246	-0.0330191507384	0.0294689056523	0.0262866599455	0.0262995577825	0.00232378164388	0.000850920369114	-0.0094065211588
k__Bacteria;p__Bacteroidetes;c__Bacteroidia;o__Bacteroidales;f__Bacteroidaceae;g__Bacteroides;s__Bacteroides_ovatus	0.0328361620576	-0.0244375591686	-0.0188097327658	-0.026163142173	-0.00120524625331	1.0	-0.0316730367361	-0.0347077628164	-0.0109192503917	0.00419068462105	-0.0465212725975	0.0642678866458	0.0338117957524	0.00726951143614	-0.0320846534621	0.019355572408	0.0273122881499	0.0248680314383	-0.0100574434815	0.0321167395305	0.00143989656046	-0.108579407217	-0.00293592593619	-0.00837800876889	-0.046592811403	-0.00300020135631	0.0345924294348	-0.0153187890861	-0.044672058686	-0.028970543339	-0.00478783430505	-0.0213992680956	0.0116130266166	0.0224972316943	0.0322764136143	-0.0303012531793	0.00265921276651	-0.0383480393826	-0.0846924571284	-0.0149067315652	-0.0268614738737	0.0220294859426	-0.00497185850176	-0.030501019267	-0.0572753219601	-0.0377218907924	-0.0249836614515	0.0482526506102	-0.00872093460658	-0.0138608743716	0.0221232135611	0.00261380707639	-0.0123989497831	-0.0638213619778	-0.0231450012963	0.0202301205262	0.0101441116962	0.021609477634	0.010962556381
k__Bacteria;p__Bacteroidetes;c__Bacteroidia;o__Bacteroidales;f__Rikenellaceae;g__Alistipes;s__Alistipes_shahii	-0.00188764304093	-0.0028626715317	0.0481123981029	-0.0356004677802	-0.0640037128383	-0.0316730367361	1.0	0.0345884375443	-0.0706231939652	-0.0819432392253	0.0282279008323	0.0208604484726	0.0171843391912	0.0344729125875	0.0288280502089	0.0166864407403	0.0229182934713	0.0365961825066	-0.0255573412171	-0.0309891821501	-0.0525157277146	-0.0606162272655	-0.018286104697	0.0359597170196	0.00587592209794	-0.00937280903857	-0.0567047393656	0.0235488657659	0.0653662904632	0.0399298547795	-0.0406201639323	-0.0478468115698	-0.0323418036639	0.0221117981899	-0.0113394541413	0.102380464846	0.0042854139291	-0.0142372287392	-0.0257217717321	0.0216952429999	-0.0474742443326	-0.0412294440903	-0.022339798542	-0.0288763309602	0.0134162196452	0.0103336986413	-0.0479465252545	0.0311327402227	-0.00785859387161	-0.0189809149748	-0.0131982740773	0.00093082921192	-0.0571355737574	0.0687172372247	0.00197215884853	-0.0324376372295	-0.0765422153061	-0.0304589963193	-0.0144606494355
k__Bacteria;p__Firmicutes;c__Clostridia;o__Clostridiales;f__Ruminococcaceae;g__Faecalibacterium;s__Faecalibacterium_prausnitzii	0.0342698198122	-0.0157983569258	0.0134875197792	-0.0678499238232	-0.0227432192668	-0.0347077628164	0.0345884375443	1.0	0.043646300862	0.00176751185358	0.0264634686333	-0.0850320551938	-0.0330571489179	-0.0579785814572	-0.0732455143571	-0.0666607808819	0.0382908428922	-0.0101662385376	-0.0141561404778	0.0612367039523	-0.0454914352964	-0.0424307532545	-0.0122190307902	-0.0220801423819	-0.0266441525821	0.00553692574941	0.0773521747581	0.00345118694924	-0.0366717029253	-0.00558928852068	0.0122598858398	-0.0767088010163	-0.00176607329588	-0.0545418904066	-0.0645660132085	0.0110443332194	0.00075852267085	-0.0413453349826	-0.0447602603829	-0.0362374888402	-0.0489965677939	-0.00513263071426	-0.0154825910222	0.0278541161645	-0.0243794050563	-0.0253445209132	-0.026152607576	0.0702246336484	0.0668712456186	-0.0236150696998	-0.0413633402947	0.00273972699937	-0.0130052400271	-0.0777745955656	-0.0319908479215	0.00851338723601	0.000786651078362	-0.0243135267567	-0.0356461862618
k__Bacteria;p__Bacteroidetes;c__Bacteroidia;o__Bacteroidales;f__Rikenellaceae;g__Alistipes;s__Alistipes_finegoldii	-0.00303724501182	-0.00271284178952	-0.0153546208338	-0.0634284144855	0.0416269517205	-0.0109192503917	-0.0706231939652	0.043646300862	1.0	-0.0751108964121	-0.0354580396757	-0.0707488831726	-0.0369256844292	-0.0371191662624	-0.0751448778089	-0.0237722066403	-0.0139699990839	-0.0317323652539	-0.0417676457504	0.0231886649159	-0.0751289937166	-0.00848366040787	0.0486881948109	0.0303150568821	-0.0549788023213	0.0462244305084	0.0458019920183	0.0159578679195	0.00923439270635	0.00192750607432	0.0179746758406	0.028963443113	-0.0723635057426	-0.00121323085171	-0.00312558904035	-0.068510619553	0.0304586495745	-0.0200365318771	0.0514708600818	-0.0606565830537	0.00596311315539	0.0243363585266	0.0241992904231	-0.0257624416174	0.00646404896051	0.0478651318785	-0.0415362667955	0.073703712512	-0.037427763511	-0.005904768426	-0.010928945847	-0.0378071108125	-0.0149860772354	-0.0234367360263	0.0294825513846	0.0230767758948	0.0242441084317	0.000114945942808	-0.0209357004056
k__Bacteria;p__Bacteroidetes;c__Bacteroidia;o__Bacteroidales;f__Porphyromonadaceae;g__Parabacteroides;s__Parabacteroides_distasonis	-0.0419665639868	0.00846156072898	0.00560199900154	-0.0739691026118	0.00190927603917	0.00419068462105	-0.0819432392253	0.00176751185358	-0.0751108964121	1.0	0.0298211431437	0.0512489301684	0.0421761350124	-0.108175277532	-0.00979863578442	0.00426863072118	-0.0218677132126	-0.0495840130308	0.0817221855384	-0.0509656710164	-0.0100671395715	-0.0322191411415	-0.103979337776	-0.0390741082456	-0.0152892910794	-0.0642397749361	-0.0152795189293	0.0325579818118	-0.010706002349	-0.0400719443196	0.009966241154	-0.0271673054085	0.026357288165	-0.0352021930588	-0.000843042789013	-0.0441304878089	-0.00450248984517	-0.0306377939036	-0.0188385142671	0.0662613852299	-0.0298301372923	0.0264674485735	0.00727260697989	0.0122736833683	-0.0238309652186	0.0215933981064	0.0813308624806	-0.00669258071318	-0.0139204663531	-0.0447212940555	0.0159447409616	0.0243291266963	0.00283975691738	-0.0460502380293	-0.0383974320981	0.0331700083224	-0.0120535293934	0.0152340984011	0.00831091399354
k__Bacteria;p__Bacteroidetes;c__Bacteroidia;o__Bacteroidales;f__Bacteroidaceae;g__Bacteroides;s__Bacteroides_thetaiotaomicron	-0.0569152428924	0.0347823404475	-0.0507461981482	-0.0194667589869	-0.041526326772	-0.0465212725975	0.0282279008323	0.0264634686333	-0.0354580396757	0.0298211431437	1.0	-0.00852161821097	-0.028508703837	-0.0457238962969	-0.0141364271139	0.00459267799384	-0.00810232353311	0.0171538613471	-0.0107023447035	0.0393845410291	0.00361008759933	0.0331481722707	-0.0251438485724	-0.00947861579762	0.0883327468962	0.0588875838415	-0.0501195505837	0.00921222144123	-0.0329655951284	-0.0297243265776	-0.0849668526259	-0.0109781176763	-0.0150820096964	-0.0434385560121	-0.0304737969474	-0.051537733279	-0.0148327024248	-0.0512629424347	-0.0651755630504	-0.0186586253422	0.00635553144282	0.00832829988718	-0.0238870272198	0.0264595345833	0.0398878397682	0.0426614723018	-0.0127058681323	-0.0265480440467	-0.0697942126558	0.0165158531676	-0.051351607786	0.0686047275455	0.031915744535	-0.0481866174395	0.0216829942347	0.0056881134551	-0.00903167197085	0.0155707449428	-0.0186096551229
k__Bacteria;p__Bacteroidetes;c__Bacteroidia;o__Bacteroidales;f__Bacteroidaceae;g__Bacteroides;s__Bacteroides_coprocola	-0.0199315147247	0.00907636990352	-0.0379400638165	0.0537552762239	0.0112303654668	0.0642678866458	0.0208604484726	-0.0850320551938	-0.0707488831726	0.0512489301684	-0.00852161821097	1.0	-1.43794449672e-05	-0.00199916387346	-0.00839474104339	0.0151610881149	-0.0252563009438	0.00545374782479	-0.0657411514574	-0.0114940363838	0.0499996544779	0.0150505905587	-0.0169024504594	0.0649317699229	-0.0243402559486	-0.0320428180611	-0.0134648059069	-0.0500811487402	-0.0728961442784	-0.00201891160437	0.00641612334198	-0.0224001261369	-0.0209207759603	0.0383769151279	0.0727352819615	0.0282893663694	-0.0123417614138	-0.00566733552737	-0.0296235740886	-0.0787743428411	-0.0250991837519	-0.067286236191	0.0218544450445	0.0161476153828	0.000501554301966	0.058873215607	-0.0805822363745	0.0244243910198	-0.149290505589	-0.0499681861721	-0.0272588288375	0.034771900957	0.00213952001304	0.0125784414789	-0.0496184808894	0.00498104106654	0.00144188866801	0.00206286662992	-0.0183968869648
k__Bacteria;p__Bacteroidetes;c__Bacteroidia;o__Bacteroidales;f__Bacteroidaceae;g__Bacteroides;s__Bacteroides_cellulosilyticus	0.00138521492886	-0.0234393782809	-0.0735091203219	0.0318988804316	-0.000367618684392	0.0338117957524	0.0171843391912	-0.0330571489179	-0.0369256844292	0.0421761350124	-0.028508703837	-1.43794449673e-05	1.0	-0.0470922507442	-0.0274487274606	0.00107522888147	0.0306329864457	-0.0508924788231	-0.00840153378941	0.0143892465763	-0.0350378365645	0.00935843185084	0.00303803438167	-0.019577058881	-0.0567356316993	-0.0584542915129	-0.0390604642243	0.0159784946723	0.0357578923718	-0.00217288533636	-0.00403264217459	-0.0603814946658	0.00179155066218	0.0622615437282	-0.0162516769603	0.00246850993739	-0.0854235049214	-0.00364311124292	0.067675157633	-0.0341430210664	-0.0517287772498	0.048456720173	0.0649502230024	-0.022573398435	-0.0441565508853	-0.0186789545781	0.0232510011061	-0.0350130162855	-0.12851310379	0.0308138201603	-0.0634766762218	-0.00554714047183	0.0009497727405	-0.0636300785938	0.0187788600475	0.0404257823039	0.0552224739317	-0.0027618594528	-0.0153129281718
k__Bacteria;p__Bacteroidetes;c__Bacteroidia;o__Bacteroidales;f__Rikenellaceae;g__Alistipes;s__Alistipes_obesi	-0.0299489878075	0.0442070704689	-0.0234686102418	0.0906768379585	-0.0175947013481	0.00726951143614	0.0344729125875	-0.0579785814572	-0.0371191662624	-0.108175277532	-0.0457238962969	-0.00199916387346	-0.0470922507442	1.0	-0.0459472159708	-0.0190537827267	-0.0241356655324	-0.0279519463365	0.0354571681724	0.0403830628729	0.0425270115867	-0.0259544859282	-0.0472950020869	-0.0227954763564	-0.00675085894048	-0.0373410785735	-0.0839638660135	0.0263045632748	0.0159721255868	0.00257607822698	0.0388804505689	-0.0417216205164	-0.00312446813493	0.0137593926274	-0.0203145609578	-0.0107857223784	-0.0165918139717	0.0604944803382	0.0119885329096	0.105128398752	-0.0352957514956	0.0578329876777	-0.0336351720794	0.0742208653174	-0.00787402008581	-0.105701606969	0.0268213484169	0.0295835621108	0.00685092651221	-0.0122227239261	0.0512449375612	-0.0726791083546	-0.0143830250656	0.0271760177126	-0.0232989442333	-0.000651373013825	-0.00641840919441	-0.0287792246606	-0.0203263231232
k__Bacteria;p__Firmicutes;c__Clostridia;o__Clostridiales;f__Lachnospiraceae;g__;s__[Eubacterium]_rectale	-0.0468516832397	-0.0310046851063	0.0324444900217	0.0208976176028	0.0257359082536	-0.0320846534621	0.0288280502089	-0.0732455143571	-0.0751448778089	-0.00979863578442	-0.0141364271139	-0.00839474104339	-0.0274487274606	-0.0459472159708	1.0	-0.029110654525	-0.0423971796302	0.0387175252552	0.0533181095018	-0.00379066546971	-0.0849311750733	0.00227788332457	0.0474373788599	0.01946886976	0.0330001266617	0.0617803627126	-0.0382373140073	0.0261849941442	0.0635782410797	0.0294693842341	-0.0497779733515	-0.0305977320832	-0.0249629195119	0.0440079967916	-0.0570765117209	-0.0279698799112	0.0150487032767	-0.00276316670862	-0.0479792790837	-0.000858822721711	0.0535013626607	0.0247387032419	-0.0584621520551	-0.00348271798186	-0.0478648010522	-0.0584991631241	-0.109889906813	0.0352240802641	-0.03679553936	-0.0263750347917	-0.0249600607754	-0.0145834586714	0.0258830845927	-0.0399498212068	-0.0157898158726	-0.0814576981829	-0.0781725524023	-0.0013699629442	-0.00256528023991
k__Bacteria;p__Bacteroidetes;c__Bacteroidia;o__Bacteroidales;f__Bacteroidaceae;g__Bacteroides;s__Bacteroides_plebeius	-0.0104073032963	-0.0462659023385	-0.008897791526	-0.0184625481517	0.0267178981819	0.019355572408	0.0166864407403	-0.0666607808819	-0.0237722066403	0.00426863072118	0.00459267799384	0.0151610881149	0.00107522888147	-0.0190537827267	-0.029110654525	1.0	0.0140425383433	-0.0436652403137	0.00283289086101	-0.0225266831661	0.0457414924735	-0.0154972555139	-0.0357567001934	0.0352655893869	0.0425213887341	-0.0131883142502	-0.0543433371091	-0.0321897613607	-0.0205878687805	-0.0202082732051	0.0320505481913	-0.0384179802203	0.032872096938	-0.0748019420428	0.0236649808227	0.00412295633341	-0.0529082795189	0.0127509736769	0.000203161741826	-0.00212935961792	-0.0159480796319	-0.0226280152802	-0.0128090602207	-0.00822455904981	0.00426356976902	-0.00461135527284	0.0104825086616	-0.0627623031065	-0.0391913150493	-0.0210038814931	0.00496734883315	0.0311798316865	0.0667268521452	-0.00633277364527	-0.0137728575118	0.0558819813509	-0.00154410084661	0.0578126513539	-0.0315877072173
k__Bacteria;p__Bacteroidetes;c__Bacteroidia;o__Bacteroidales;f__Bacteroidaceae;g__Bacteroides;s__Bacteroides_fragilis	0.000420419678351	0.00856407707209	0.00575559204351	0.023805805062	-0.0157349203002	0.0273122881499	0.0229182934713	0.0382908428922	-0.0139699990839	-0.0218677132126	-0.00810232353311	-0.0252563009438	0.0306329864457	-0.0241356655324	-0.0423971796302	0.0140425383433	1.0	0.0575323655638	-0.0519039021447	-0.00521569514961	0.0408470660333	-0.0736149825632	0.0837195663565	0.0171540882392	-0.0424634939434	-0.000976667622388	-0.061575885596	-0.0726493322217	-0.0548678255253	-0.0235688534504	0.014987864486	0.0901017730311	-0.0619155308039	0.0321423784088	0.0657604863345	0.0285075355633	-0.00263099105068	0.0330667637097	-0.0570526833849	0.0128910831674	-0.0880399565162	-0.0206231664858	0.0615160319335	-0.0484389594459	-0.0324912880429	-0.0635304767333	0.0520426605836	-0.0258605263035	-0.0312916487703	0.00315517425599	0.0207145556525	-0.0118703577234	-0.0112291644396	-0.021449537872	-0.0535986694336	-0.0306290672662	-0.0297324381705	-0.0296982026358	0.0191096192182
k__Bacteria;p__Proteobacteria;c__Betaproteobacteria;o__Burkholderiales;f__Sutterellaceae;g__Sutterella;s__Sutterella_wadsworthensis	0.0325944589221	-0.00437440918055	-0.00108202836888	0.0418852461738	0.0478938239001	0.0248680314383	0.0365961825066	-0.0101662385376	-0.0317323652539	-0.0495840130308	0.0171538613471	0.00545374782479	-0.0508924788231	-0.0279519463365	0.0387175252552	-0.0436652403137	0.0575323655638	1.0	-0.0262522486692	-0.0739219844397	-0.00245454480821	-0.0144191922219	-0.00911640446617	-0.0151994584201	-0.0239123395628	-0.0178844505681	0.0364095720558	0.0199445629776	-0.0102427682839	-0.00467619421787	-0.00550784092994	-0.00984210467758	-0.0375605615378	-0.0452187485885	-0.0261407097433	-0.0727478503252	-0.0328899085827	-0.0206494570498	-0.0386792697861	-0.0500747406075	0.00984919322111	0.0436542267781	0.0173384126889	-0.0171908591977	-0.0377931976992	0.0156487039443	0.028180509662	-0.00111577393271	0.0453556489676	-0.0495254722027	0.019108611024	-0.0356437000238	-0.00135079514291	-0.0249617218895	-0.00137851668633	-0.0554766462663	-0.0342821531752	0.00457620787034	0.00778544845878
k__Bacteria;p__Bacteroidetes;c__Bacteroidia;o__Bacteroidales;f__Porphyromonadaceae;g__Barnesiella;s__Barnesiella_intestinihominis	-0.0281566333624	0.0289644301252	-0.0259099772997	0.0199879582356	-0.00825573927868	-0.0100574434815	-0.0255573412171	-0.0141561404778	-0.0417676457504	0.0817221855384	-0.0107023447035	-0.0657411514574	-0.00840153378941	0.0354571681724	0.0533181095018	0.00283289086101	-0.0519039021447	-0.0262522486692	1.0	-0.0639058074574	0.0523903211451	-0.0238789423869	0.0244312263982	-0.00144760259849	-0.0180783296761	-0.0689833988868	-0.073398748124	0.0408386711549	0.0414254375468	-0.0123891513295	-0.0544434260473	-0.0187406667168	0.0166536796189	0.0187459300659	-0.003413380564	-0.0039673703632	-0.0561812715707	0.00653726423468	0.0509788122123	-0.0310545470195	-0.060833050509	0.00626954251648	0.0055054206232	0.00956541588394	-0.0346156898787	-0.0850765875179	-0.0534310887749	0.00634569043444	-0.0322513526098	0.0547842771479	-0.00840582117182	-0.00453556878399	-0.0398812202582	-0.0554376786527	0.0424242446788	-0.0618521905046	-0.0593775837329	0.0180856748096	0.0214317251135
k__Bacteria;p__Bacteroidetes;c__Bacteroidia;o__Bacteroidales;f__Odoribacteraceae;g__Odoribacter;s__Odoribacter_splanchnicus	0.0159618785988	-0.0710041080489	-0.12137096513	-0.0658852620508	0.0692308693312	0.0321167395305	-0.0309891821501	0.0612367039523	0.0231886649159	-0.0509656710164	0.0393845410291	-0.0114940363838	0.0143892465763	0.0403830628729	-0.00379066546971	-0.0225266831661	-0.00521569514961	-0.0739219844397	-0.0639058074574	1.0	-0.0590139084243	-0.0223923196951	0.00207629572931	-0.0588719725064	-0.0463414754599	-0.0435730051312	-0.00461741753499	-0.0252429678886	0.0204517737043	-0.0422264534347	-0.0241859335228	0.00322568323885	-0.00159886478687	0.0771157344083	-0.0674295350306	-0.0597329473614	0.0186227898478	-0.0366904070846	0.000590579673389	-0.0246206798342	-0.0556517434281	-0.00467082842192	0.0369719211319	0.0289720946682	-0.0157514824036	-0.0207629076426	-0.0417221229733	0.0730643520851	-0.023088727412	0.0014476218424	0.0639976441193	0.0185277013963	0.0372742114932	-0.0105440677516	0.0603068069995	0.0117060752212	0.0261324327426	0.0194283208518	0.00212675036563
k__Bacteria;p__Bacteroidetes;c__Bacteroidia;o__Bacteroidales;f__Bacteroidaceae;g__Bacteroides;s__Bacteroides_salyersiae	0.034255837107	-0.0212682389598	0.0120894154229	0.0072240829712	0.027166497817	0.00143989656046	-0.0525157277146	-0.0454914352964	-0.0751289937166	-0.0100671395715	0.00361008759933	0.0499996544779	-0.0350378365645	0.0425270115867	-0.0849311750733	0.0457414924735	0.0408470660333	-0.00245454480821	0.0523903211451	-0.0590139084243	1.0	0.00175817399286	-0.0526283238111	-0.010773471792	-0.0274626257576	0.101550917646	-0.0133227639625	0.00885664662924	-0.048272074871	0.0752897674402	-0.0132377600514	0.00401933097857	-0.0247625111973	-0.0224295004412	0.0453012465039	-0.0187449951815	-0.00891083077587	0.0221866830099	0.0626199012407	0.0269621717828	-0.0430973019939	0.0247696393643	0.0528767694192	-0.00454450890882	-0.012233942315	-0.0300051157805	-0.0202147258864	-0.00530765984133	-0.0501286320517	-0.0534755800111	-0.0286083864038	0.0691909198074	-0.0268725855039	0.0310592076628	0.00479816152751	-0.0713368727593	-0.13213960734	-0.0440454415266	-0.0518805300497
k__Bacteria;p__Firmicutes;c__Clostridia;o__Clostridiales;f__Ruminococcaceae;g__Ruminiclostridium;s__[Eubacterium]_siraeum	0.0196075973696	-0.00668045868617	-0.00899041474114	0.0120378619252	-0.0154914360287	-0.108579407217	-0.0606162272655	-0.0424307532545	-0.00848366040787	-0.0322191411415	0.0331481722707	0.0150505905587	0.00935843185084	-0.0259544859282	0.00227788332457	-0.0154972555139	-0.0736149825632	-0.0144191922219	-0.0238789423869	-0.0223923196951	0.00175817399286	1.0	-0.030484039254	-0.00299259769651	0.00596914425072	-0.000397854008613	-0.044053501897	-0.0175924053271	-0.0141024598814	-0.0244739394133	-0.0233188797923	-0.0680979414432	-0.0312151878814	-0.0446034417313	0.0109945162552	-0.0384912995946	-0.0662232880957	-0.0036807826918	0.0158639741924	0.00796536184247	-0.0265472858496	-0.071426180336	0.0196382549261	0.0213476116457	0.0127664180811	-0.00490666304708	0.072932018167	0.0144201351198	0.0798933098835	-0.0394101485718	0.000429654813732	0.0361595789894	-0.0237770091417	0.00276108904206	-0.00420878507299	-0.0428148764444	-0.0216223459086	0.0144458552522	0.0465699545937
k__Bacteria;p__Proteobacteria;c__Betaproteobacteria;o__Burkholderiales;f__Sutterellaceae;g__Parasutterella;s__Parasutterella_excrementihominis	-0.0177086259163	-0.035473872229	-0.0461652232683	0.0322161168729	0.0258151235569	-0.00293592593619	-0.018286104697	-0.0122190307902	0.0486881948109	-0.103979337776	-0.0251438485724	-0.0169024504594	0.00303803438167	-0.0472950020869	0.0474373788599	-0.0357567001934	0.0837195663565	-0.00911640446617	0.0244312263982	0.00207629572931	-0.0526283238111	-0.030484039254	1.0	-0.029565774536	0.0291422258486	-0.000622692545166	0.0133288205371	-0.0304340835988	-0.0206457232784	0.0427331204368	0.0454378092021	0.0437651262975	-0.0213249375803	0.00495153209629	-0.0246608810286	-0.0048526199905	-0.0772083876797	-0.0109622052204	0.0520175022304	-0.0452493143672	-0.1062760762	-0.0236987758523	-0.0474963723913	-0.0121338854177	-0.0189333452485	-0.0266678168974	-0.0804786218827	-0.0330835870033	-0.0260649784401	0.0307388139973	-0.0477387210513	-0.00500997624943	0.070546697129	0.0147212875956	-0.0106346592213	-0.0108195523375	0.0324636655488	-0.105992882157	0.0100982932937
k__Bacteria;p__Actinobacteria;c__Actinobacteria;o__Bifidobacteriales;f__Bifidobacteriaceae;g__Bifidobacterium;s__Bifidobacterium_adolescentis	-0.0138340437868	-0.0137066709709	-0.0656975233977	-0.0213059261555	-0.00250886170106	-0.00837800876889	0.0359597170196	-0.0220801423819	0.0303150568821	-0.0390741082456	-0.00947861579762	0.0649317699229	-0.019577058881	-0.0227954763564	0.01946886976	0.0352655893869	0.0171540882392	-0.0151994584201	-0.00144760259849	-0.0588719725064	-0.010773471792	-0.00299259769651	-0.029565774536	1.0	-0.0405081503848	-0.00585719728762	-0.013516986629	-0.0624268282878	-0.0302869113519	-0.0372772396948	-0.0121899643627	0.0709609702928	0.00837050821869	-0.0210778626566	-0.0578196823142	-0.0843210810931	0.0229451551463	-0.00965496821792	-0.00656621522043	-0.0729448295019	-0.0762606089231	-0.00765065395745	-0.0370122369285	-0.0775615241204	-0.018207900426	-0.0322709003435	-0.011859048813	0.0327748589778	-0.0403698061093	0.0329901325406	0.000800825956808	-0.0667292126496	0.0209838347421	0.079392185791	-0.0774788436913	0.0543528911664	0.00296261804389	-0.000548017266272	0.0134096739922
k__Bacteria;p__Firmicutes;c__Clostridia;o__Clostridiales;f__Oscillospiraceae;g__Oscillibacter;s__Oscillibacter_sp._KLE_1745	0.0137327783755	-0.0434785683701	-0.0533948149994	0.0146106221235	-0.0276758090008	-0.046592811403	0.00587592209794	-0.0266441525821	-0.0549788023213	-0.0152892910794	0.0883327468962	-0.0243402559486	-0.0567356316993	-0.00675085894048	0.0330001266617	0.0425213887341	-0.0424634939434	-0.0239123395628	-0.0180783296761	-0.0463414754599	-0.0274626257576	0.00596914425072	0.0291422258486	-0.0405081503848	1.0	-0.0207781204785	-0.0779375578789	0.00342600207172	0.0323341696294	6.60255032994e-05	-0.0437310789819	-0.0161132347937	-0.0397423130301	0.0563195406538	-0.0651357040904	-0.0648460131974	-0.0735846747113	-0.0265764369074	-0.0959800422711	-0.0448430952403	0.0049956993292	-0.0537954019173	-0.0122638569858	-0.038406994384	-0.0273899025203	0.00792192764263	0.0613260244716	-0.0239388671959	-0.0677239189887	0.0555180584309	-0.0124039471519	-0.0137837955172	-0.02631819062	0.0467361557034	-0.0152394555139	-0.038225202278	0.0436688292768	-0.0174686921785	-0.0188778400751
k__Bacteria;p__Bacteroidetes;c__Bacteroidia;o__Bacteroidales;f__Bacteroidaceae;g__Bacteroides;s__Bacteroides_coprophilus	0.00325804960662	-0.0115652160232	0.00914242577905	-0.018474828498	-0.0587048763382	-0.00300020135631	-0.00937280903857	0.00553692574941	0.0462244305084	-0.0642397749361	0.0588875838415	-0.0320428180611	-0.0584542915129	-0.0373410785735	0.0617803627126	-0.0131883142502	-0.000976667622388	-0.0178844505681	-0.0689833988868	-0.0435730051312	0.101550917646	-0.000397854008613	-0.000622692545166	-0.00585719728762	-0.0207781204785	1.0	-0.000478765127025	-0.00647448844974	0.0467660222242	0.00685990784771	-0.0699334050553	-0.0210661023668	-0.0309826132825	-0.0592829315407	0.0365861625249	-0.0415296526283	-0.000800619647315	0.0140769661339	0.0411133801386	0.067923149018	-0.0610584337671	0.0650360065806	-0.00870173511765	-0.00878976101085	4.62215944883e-05	0.0134693277058	-0.0253174348516	-0.0229379750912	0.0381265072574	0.0285854693878	-0.0822554943505	-0.0240430233123	0.0832432733037	-0.0639075844591	0.00445763423144	-0.0238230168934	-0.0522962902371	-0.0375200836985	-0.000252374196921
k__Bacteria;p__Firmicutes;c__Clostridia;o__Clostridiales;f__Lachnospiraceae;g__Roseburia;s__Roseburia_intestinalis	-0.0315635337311	0.0349150370002	0.0562377042612	-0.0529957350733	-0.0212931194952	0.0345924294348	-0.0567047393656	0.0773521747581	0.0458019920183	-0.0152795189293	-0.0501195505837	-0.0134648059069	-0.0390604642243	-0.0839638660135	-0.0382373140073	-0.0543433371091	-0.061575885596	0.0364095720558	-0.073398748124	-0.00461741753499	-0.0133227639625	-0.044053501897	0.0133288205371	-0.013516986629	-0.0779375578789	-0.000478765127025	1.0	-0.0795594566545	0.00719771097252	-0.0714741743681	-0.0104127783192	0.0477398784408	0.0177155230634	-0.0792523259553	-0.0103958148413	-0.0343674951747	-0.0133329842489	-0.0420165976215	0.0111923907507	0.00100035931029	-0.00248521742439	-0.0219879103352	-0.0321829915569	0.0561302189091	0.0406345691564	-0.014095963982	-0.00217221270354	-0.0892544434396	0.0211891096273	0.115122971384	-0.0228906022981	0.0249693305467	-0.0122091129468	-0.00904961208688	-0.0107557243404	-0.00260077056762	0.00575574972947	0.0296227032794	-0.0385522222644
k__Bacteria;p__Firmicutes;c__Clostridia;o__Clostridiales;f__Lachnospiraceae;g__Roseburia;s__Roseburia_hominis	0.0363913550116	-0.0487196955665	-0.0109392550082	0.0580432302477	-0.0297281936819	-0.0153187890861	0.0235488657659	0.00345118694924	0.0159578679195	0.0325579818118	0.00921222144123	-0.0500811487402	0.0159784946723	0.0263045632748	0.0261849941442	-0.0321897613607	-0.0726493322217	0.0199445629776	0.0408386711549	-0.0252429678886	0.00885664662924	-0.0175924053271	-0.0304340835988	-0.0624268282878	0.00342600207172	-0.00647448844974	-0.0795594566545	1.0	-0.0195069342005	0.0139048646348	-0.0796595698926	-0.00670521885006	-0.000833564054382	-0.0338746157309	-0.0334058730735	-0.0139058299337	-0.0197895011946	-0.0174180341095	-0.0961445354695	-0.0238353477337	0.0299491633508	-0.0955636216603	-0.0468964338872	-0.0455125929781	0.025207008982	0.0218617742971	-0.0159466893604	-0.0316430816873	-0.0610643232901	-0.0999256918713	0.0245121379386	-0.0252241070142	0.052132482301	-0.0209048226466	-0.0282408716702	-0.0491583701841	-0.0675907863328	-0.00229973386645	-0.0294603032579
k__Bacteria;p__Bacteroidetes;c__Bacteroidia;o__Bacteroidales;f__Porphyromonadaceae;g__Parabacteroides;s__Parabacteroides_johnsonii	-0.067283367093	-0.0150206854334	-0.0444283084658	-0.0308690715461	-0.0307463244926	-0.044672058686	0.0653662904632	-0.0366717029253	0.00923439270635	-0.010706002349	-0.0329655951284	-0.0728961442784	0.0357578923718	0.0159721255868	0.0635782410797	-0.0205878687805	-0.0548678255253	-0.0102427682839	0.0414254375468	0.0204517737043	-0.048272074871	-0.0141024598814	-0.0206457232784	-0.0302869113519	0.0323341696294	0.0467660222242	0.00719771097252	-0.0195069342005	1.0	-0.0607519215541	-0.0266837445512	0.00151210516002	-0.0815642853332	0.009566042284	-0.0599059268501	0.0625047688304	-0.0106936011995	-0.0225603620032	0.0230941581469	-0.0345628917634	-0.033188935159	-0.00667893520782	0.0219797080007	0.00392028891247	0.0364321456491	-0.0224605215796	0.115042075303	-0.074468959547	-0.073479372393	-0.0631457120009	-0.00933885012804	-0.062358343162	0.0533451546509	-0.00323070453225	-0.0567477395514	-0.0130137058801	0.000663064790116	0.0529178399078	-0.040088532354
k__Bacteria;p__Actinobacteria;c__Actinobacteria;o__Bifidobacteriales;f__Bifidobacteriaceae;g__Bifidobacterium;s__Bifidobacterium_longum	0.0950592128478	-0.0481794889831	-0.074950510263	0.035008217617	-0.00189362977864	-0.028970543339	0.0399298547795	-0.00558928852068	0.00192750607432	-0.0400719443196	-0.0297243265776	-0.00201891160437	-0.00217288533636	0.00257607822698	0.0294693842341	-0.0202082732051	-0.0235688534504	-0.00467619421787	-0.0123891513295	-0.0422264534347	0.0752897674402	-0.0244739394133	0.0427331204368	-0.0372772396948	6.60255032994e-05	0.00685990784771	-0.0714741743681	0.0139048646348	-0.0607519215541	1.0	8.62851599078e-05	-0.0212267837452	-0.0570643394261	-0.0257038486224	-0.0635597193651	-0.0348640145994	-0.00126942414093	0.0102559200137	0.0205050757693	-0.0561027696216	0.00172926424788	0.0562426500123	-0.0873759375214	0.011723195135	-0.0132860791014	-0.0806655754792	0.0134692206964	0.0142253715675	0.0292928953295	0.0246596636646	0.037692496136	0.0117945871373	0.00522247975553	0.03245272633	0.0642394200803	-0.0512617602276	-0.00766839249112	-0.0310419925796	-0.00820234311939
