#taxonomy	k__Bacteria;p__Bacteroidetes;c__Bacteroidia;o__Bacteroidales;f__Bacteroidaceae;g__Bacteroides;s__Bacteroides_vulgatus	k__Bacteria;p__Bacteroidetes;c__Bacteroidia;o__Bacteroidales;f__Bacteroidaceae;g__Bacteroides;s__Bacteroides_uniformis	k__Bacteria;p__Bacteroidetes;c__Bacteroidia;o__Bacteroidales;f__Rikenellaceae;g__Alistipes;s__Alistipes_putredinis	k__Bacteria;p__Bacteroidetes;c__Bacteroidia;o__Bacteroidales;f__Prevotellaceae;g__Prevotella;s__Prevotella_copri	k__Bacteria;p__Bacteroidetes;c__Bacteroidia;o__Bacteroidales;f__Bacteroidaceae;g__Bacteroides;s__Bacteroides_stercoris	k__Bacteria;p__Bacteroidetes;c__Bacteroidia;o__Bacteroidales;f__Bacteroidaceae;g__Bacteroides;s__Bacteroides_ovatus	k__Bacteria;p__Bacteroidetes;c__Bacteroidia;o__Bacteroidales;f__Rikenellaceae;g__Alistipes;s__Alistipes_shahii	k__Bacteria;p__Firmicutes;c__Clostridia;o__Clostridiales;f__Ruminococcaceae;g__Faecalibacterium;s__Faecalibacterium_prausnitzii	k__Bacteria;p__Bacteroidetes;c__Bacteroidia;o__Bacteroidales;f__Rikenellaceae;g__Alistipes;s__Alistipes_finegoldii	k__Bacteria;p__Bacteroidetes;c__Bacteroidia;o__Bacteroidales;f__Porphyromonadaceae;g__Parabacteroides;s__Parabacteroides_distasonis	k__Bacteria;p__Bacteroidetes;c__Bacteroidia;o__Bacteroidales;f__Bacteroidaceae;g__Bacteroides;s__Bacteroides_thetaiotaomicron	k__Bacteria;p__Bacteroidetes;c__Bacteroidia;o__Bacteroidales;f__Bacteroidaceae;g__Bacteroides;s__Bacteroides_coprocola	k__Bacteria;p__Bacteroidetes;c__Bacteroidia;o__Bacteroidales;f__Bacteroidaceae;g__Bacteroides;s__Bacteroides_cellulosilyticus	k__Bacteria;p__Bacteroidetes;c__Bacteroidia;o__Bacteroidales;f__Rikenellaceae;g__Alistipes;s__Alistipes_obesi	k__Bacteria;p__Firmicutes;c__Clostridia;o__Clostridiales;f__Lachnospiraceae;g__;s__[Eubacterium]_rectale	k__Bacteria;p__Bacteroidetes;c__Bacteroidia;o__Bacteroidales;f__Bacteroidaceae;g__Bacteroides;s__Bacteroides_plebeius	k__Bacteria;p__Bacteroidetes;c__Bacteroidia;o__Bacteroidales;f__Bacteroidaceae;g__Bacteroides;s__Bacteroides_fragilis	k__Bacteria;p__Proteobacteria;c__Betaproteobacteria;o__Burkholderiales;f__Sutterellaceae;g__Sutterella;s__Sutterella_wadsworthensis	k__Bacteria;p__Bacteroidetes;c__Bacteroidia;o__Bacteroidales;f__Porphyromonadaceae;g__Barnesiella;s__Barnesiella_intestinihominis	k__Bacteria;p__Bacteroidetes;c__Bacteroidia;o__Bacteroidales;f__Odoribacteraceae;g__Odoribacter;s__Odoribacter_splanchnicus	k__Bacteria;p__Bacteroidetes;c__Bacteroidia;o__Bacteroidales;f__Bacteroidaceae;g__Bacteroides;s__Bacteroides_salyersiae	k__Bacteria;p__Firmicutes;c__Clostridia;o__Clostridiales;f__Ruminococcaceae;g__Ruminiclostridium;s__[Eubacterium]_siraeum	k__Bacteria;p__Proteobacteria;c__Betaproteobacteria;o__Burkholderiales;f__Sutterellaceae;g__Parasutterella;s__Parasutterella_excrementihominis	k__Bacteria;p__Actinobacteria;c__Actinobacteria;o__Bifidobacteriales;f__Bifidobacteriaceae;g__Bifidobacterium;s__Bifidobacterium_adolescentis	k__Bacteria;p__Firmicutes;c__Clostridia;o__Clostridiales;f__Oscillospiraceae;g__Oscillibacter;s__Oscillibacter_sp._KLE_1745	k__Bacteria;p__Bacteroidetes;c__Bacteroidia;o__Bacteroidales;f__Bacteroidaceae;g__Bacteroides;s__Bacteroides_coprophilus	k__Bacteria;p__Firmicutes;c__Clostridia;o__Clostridiales;f__Lachnospiraceae;g__Roseburia;s__Roseburia_intestinalis	k__Bacteria;p__Firmicutes;c__Clostridia;o__Clostridiales;f__Lachnospiraceae;g__Roseburia;s__Roseburia_hominis	k__Bacteria;p__Bacteroidetes;c__Bacteroidia;o__Bacteroidales;f__Porphyromonadaceae;g__Parabacteroides;s__Parabacteroides_johnsonii	k__Bacteria;p__Actinobacteria;c__Actinobacteria;o__Bifidobacteriales;f__Bifidobacteriaceae;g__Bifidobacterium;s__Bifidobacterium_longum	k__Bacteria;p__Firmicutes;c__Clostridia;o__Clostridiales;f__;g__Flavonifractor;s__Flavonifractor_plautii	k__Bacteria;p__Firmicutes;c__Clostridia;o__Clostridiales;f__Clostridiaceae;g__Clostridium;s__Clostridium_phoceensis	k__Bacteria;p__Verrucomicrobia;c__Verrucomicrobiae;o__Verrucomicrobiales;f__Akkermansiaceae;g__Akkermansia;s__Akkermansia_muciniphila	k__Bacteria;p__Bacteroidetes;c__Bacteroidia;o__Bacteroidales;f__Prevotellaceae;g__Paraprevotella;s__Paraprevotella_xylaniphila	k__Bacteria;p__Firmicutes;c__Clostridia;o__Clostridiales;f__Ruminococcaceae;g__Ruminococcus;s__Ruminococcus_callidus	k__Bacteria;p__Bacteroidetes;c__Bacteroidia;o__Bacteroidales;f__Rikenellaceae;g__Alistipes;s__Alistipes_senegalensis	k__Bacteria;p__Firmicutes;c__Clostridia;o__Clostridiales;f__Lachnospiraceae;g__Blautia;s__Blautia_sp._KLE_1732	k__Bacteria;p__Bacteroidetes;c__Bacteroidia;o__Bacteroidales;f__Bacteroidaceae;g__Bacteroides;s__Bacteroides_oleiciplenus	k__Bacteria;p__Firmicutes;c__Clostridia;o__Clostridiales;f__Ruminococcaceae;g__Ruminococcus;s__Ruminococcus_bicirculans	k__Bacteria;p__Bacteroidetes;c__Bacteroidia;o__Bacteroidales;f__Bacteroidaceae;g__Bacteroides;s__Bacteroides_fluxus	k__Bacteria;p__Bacteroidetes;c__Bacteroidia;o__Bacteroidales;f__Prevotellaceae;g__Prevotella;s__Prevotella_stercorea	k__Bacteria;p__Firmicutes;c__Clostridia;o__Clostridiales;f__Lachnospiraceae;g__Dorea;s__Dorea_longicatena	k__Bacteria;p__Firmicutes;c__Clostridia;o__Clostridiales;f__Eubacteriaceae;g__Eubacterium;s__[Eubacterium]_eligens	k__Bacteria;p__Firmicutes;c__Clostridia;o__Clostridiales;f__Ruminococcaceae;g__;s__Ruminococcaceae_bacterium_D16	k__Bacteria;p__Firmicutes;c__Clostridia;o__Clostridiales;f__Lachnospiraceae;g__Coprococcus;s__Coprococcus_comes	k__Bacteria;p__Proteobacteria;c__Gammaproteobacteria;o__Enterobacterales;f__Enterobacteriaceae;g__Escherichia;s__Escherichia_coli	k__Bacteria;p__Firmicutes;c__Clostridia;o__Clostridiales;f__Ruminococcaceae;g__Anaerotruncus;s__Anaerotruncus_colihominis	k__Bacteria;p__Firmicutes;c__Clostridia;o__Clostridiales;f__Lachnospiraceae;g__Blautia;s__Blautia_obeum	k__Bacteria;p__Bacteroidetes;c__Bacteroidia;o__Bacteroidales;f__Odoribacteraceae;g__Odoribacter;s__Odoribacter_laneus	k__Bacteria;p__Firmicutes;c__Clostridia;o__Clostridiales;f__Ruminococcaceae;g__Ruminiclostridium;s__[Clostridium]_leptum	k__Bacteria;p__Bacteroidetes;c__Bacteroidia;o__Bacteroidales;f__Porphyromonadaceae;g__Parabacteroides;s__Parabacteroides_goldsteinii	k__Bacteria;p__Firmicutes;c__Clostridia;o__Clostridiales;f__Lachnospiraceae;g__Anaerostipes;s__Anaerostipes_hadrus	k__Bacteria;p__Firmicutes;c__Clostridia;o__Clostridiales;f__Ruminococcaceae;g__Ruminococcus;s__Ruminococcus_lactaris	k__Bacteria;p__Firmicutes;c__Clostridia;o__Clostridiales;f__Clostridiaceae;g__Clostridium;s__Clostridium_sp._L2-50	k__Bacteria;p__Firmicutes;c__Clostridia;o__Clostridiales;f__Clostridiaceae;g__Clostridium;s__Clostridium_sp._M62/1	k__Bacteria;p__Firmicutes;c__Clostridia;o__Clostridiales;f__;g__Intestinimonas;s__Intestinimonas_butyriciproducens	k__Bacteria;p__Actinobacteria;c__Actinobacteria;o__Bifidobacteriales;f__Bifidobacteriaceae;g__Bifidobacterium;s__Bifidobacterium_bifidum	k__Bacteria;p__Firmicutes;c__Negativicutes;o__Veillonellales;f__Veillonellaceae;g__Dialister;s__Dialister_invisus	k__Bacteria;p__Bacteroidetes;c__Bacteroidia;o__Bacteroidales;f__Bacteroidaceae;g__Bacteroides;s__Bacteroides_salanitronis
k__Bacteria;p__Bacteroidetes;c__Bacteroidia;o__Bacteroidales;f__Bacteroidaceae;g__Bacteroides;s__Bacteroides_vulgatus	1.0	-0.06942963822	0.00180356767544	0.00733276422069	-0.01004972661	0.00906243403836	0.00726235357865	-0.0181137197974	0.0230192937612	-0.0151128461721	0.0180399380059	-0.0309300587401	0.0585943417449	0.0272678834037	0.0046937687981	-0.0598011091607	-0.0187802653768	-0.0485386232378	-0.0317462672017	0.0508239739385	0.00865805796208	-0.0491376310957	0.0589733181843	-0.0128266805145	-0.0153222342871	0.0411062532453	0.0255873183512	-0.0185471652466	0.00284578356344	-0.0643011698167	-0.0471089680837	0.00310912704223	0.0321570624341	-0.0410999249287	-0.0225429598625	0.0245570985275	-0.0401710945288	0.000813012922442	-0.0321971686069	-0.0440370763079	0.0548887612754	-0.0678305299171	0.06140328623	0.0115963435324	-0.0020555533198	0.0118884075413	-0.088507937712	0.0248531740476	-0.0415139988769	-0.0798857207488	-0.040935623533	-0.0199457984848	-0.0343768337313	0.0348883522151	-0.020479653517	0.0209134022815	-0.00152882893315	-0.0401486465259	-0.0682626777632
k__Bacteria;p__Bacteroidetes;c__Bacteroidia;o__Bacteroidales;f__Bacteroidaceae;g__Bacteroides;s__Bacteroides_uniformis	-0.06942963822	1.0	-0.0123765232142	-0.0297925859677	-0.0257584125338	-0.0181708126943	-0.0342677256834	-0.0623624532054	0.0798406057585	0.0580700600381	-0.00442723205227	-0.00778673252546	-0.050287787041	-0.0153646149394	-0.000702425314557	0.0323607959331	-0.067006935871	0.00362568653022	0.0260685318243	0.0232793092658	0.0150616122285	0.0240245350167	0.00696402143893	0.0703729472936	0.0161352541075	-0.0685530593761	-0.0351437499666	-0.048462205413	0.0593573369204	-0.0227631190242	0.0632622765358	-0.0257699607459	0.0096141448423	-0.0415589830395	0.0469553637748	-0.0373568986844	-0.00254469825475	0.0305750964427	0.00224633490214	0.0154255176762	-0.0838629310389	0.00859137552013	-0.107811252152	0.00938000908609	-0.0813608040881	0.00216110255685	-0.0134097386532	-0.0379695168568	0.0300405351239	-0.0341278090558	-0.0579628096445	0.0728827709031	0.00947244250498	-0.0496215465198	-0.0438603307014	0.0178341767871	-0.0163849999203	-0.00900120951759	-0.0221995902503
k__Bacteria;p__Bacteroidetes;c__Bacteroidia;o__Bacteroidales;f__Rikenellaceae;g__Alistipes;s__Alistipes_putredinis	0.00180356767544	-0.0123765232142	1.0	0.00184476781878	-0.00582898175439	0.0128353455583	0.0288768239482	0.00208547265766	0.0409938174212	-0.0103504936697	-0.0596956650952	-0.0257403106667	0.0653197599895	-0.0461883136719	-0.0373830183329	0.081749429315	-0.100702627826	-0.0108601342729	0.00879916956181	0.0257558758153	-0.025652237333	-0.0726213572659	-0.00883770423454	-0.000911487982086	-0.00338369200885	-0.0257204425181	0.00837587779501	-0.0241153653457	-0.0354694991643	-0.0691587236709	0.0918906612384	-0.0660816407448	0.0741503011159	0.0109188825682	0.0254760288108	-0.029318779575	-0.0212691599137	-0.0358630415813	0.0323828695732	-0.0133003487738	0.0199326847743	-0.0534731018463	-0.0195618712541	-0.0476432384644	-0.0279851577081	0.0399884557423	-0.000569267635267	0.0268469302197	-0.0403665840293	0.0378172829251	-0.0619673331452	-0.0103608774921	-0.0906550049907	0.0149311907968	-0.0547112154551	-0.0485943367737	0.005599926519	-0.0143481057528	0.035293905975
k__Bacteria;p__Bacteroidetes;c__Bacteroidia;o__Bacteroidales;f__Prevotellaceae;g__Prevotella;s__Prevotella_copri	0.00733276422069	-0.0297925859677	0.00184476781878	1.0	0.0524830596514	0.00411851874492	0.0504853564018	0.0278023300631	0.0505055084628	-0.0122432124973	-0.0761297151543	-0.0181996926967	-0.12098741572	-0.00719202868153	-0.00742683640905	0.0525481290696	0.00761828397175	-0.0128030022082	-0.0320580012263	0.00663348588819	-0.000356600266548	0.0263740700448	0.00643820385244	-0.0488654163421	-0.0913583360233	0.023693966634	0.0150071519963	-0.00979551666169	-0.0363520509098	-0.0635044069319	-0.00321418330182	-0.0528555718496	-0.00992540467433	-0.000217436756995	0.0175954105521	-0.0379857128482	-0.0626982695675	-0.00657947985601	-0.0398472924731	-0.0446514329184	0.00308653062817	-0.0351968298656	0.0284699559805	0.0983231334608	-0.0298413027659	-0.063373182718	0.012953511992	-0.0339629703178	0.0797658691943	0.0134298419628	-0.0054311625696	-0.0218925043447	-0.0111116848939	-0.0491015841576	-0.0212217111743	0.0792053419854	-0.0437439098805	-0.0169986212967	0.0522011452862
k__Bacteria;p__Bacteroidetes;c__Bacteroidia;o__Bacteroidales;f__Bacteroidaceae;g__Bacteroides;s__Bacteroides_stercoris	-0.01004972661	-0.0257584125338	-0.00582898175439	0.0524830596514	1.0	-0.0186166434033	-0.00343016585264	-0.0829241810275	0.025260581108	0.0282153086365	0.0439608238317	-0.0193236479942	-0.0250917658905	-0.0241659470089	0.04458091173	0.0627023058428	-0.0299715364606	0.00768647561852	-0.00200612722406	0.00829523797559	-0.0257120374488	0.0631992284529	-0.00383452219955	0.0587056607149	0.0104520998508	-0.0373316399104	0.0482536220636	-0.0218230477617	-0.0303875755582	-0.0161652129135	0.0510018966044	-0.0512370750067	0.0307561694509	-0.00802775815807	0.0149221310959	-0.0509773073104	0.05986457545	-0.0649145202998	0.0250997771815	0.0463110978293	0.0641003362178	-0.0214260914176	-0.163082248653	-0.0402567767939	0.00433403925421	0.0116814885934	-0.0159509888656	-0.0706461620194	-0.0221970562088	0.0164705405457	-0.023348130217	-0.00716872784095	-0.0332273651806	-0.0478296892474	-0.0334900936601	0.0203243581562	-0.0232125956589	-0.00317021698889	-0.0216888754473
k__Bacteria;p__Bacteroidetes;c__Bacteroidia;o__Bacteroidales;f__Bacteroidaceae;g__Bacteroides;s__Bacteroides_ovatus	0.00906243403836	-0.0181708126943	0.0128353455583	0.00411851874492	-0.0186166434033	1.0	-0.0629062250305	-0.0238918168427	-0.0261866693495	-0.0126477588224	0.075941731022	0.0253796367253	-0.0717735791458	-0.0255750390628	0.020772279126	0.0480336573014	-0.0222354567652	-0.0592294806814	0.037169986169	-0.0362059538428	-0.0315568911745	-0.0577171807477	0.0122797461954	-0.0179461270167	0.0131850326336	0.0213274235149	-0.0558928787474	0.0530885966637	-0.0401631725368	-0.0654607339701	-0.000237351040995	-0.0193949357881	0.0104146421361	0.0434393846384	0.0346982697114	0.00160923300783	-0.0245126375096	0.0225714865097	0.00201717863328	-0.0163388619934	-0.0320871926706	-0.0376448779831	-0.043631882388	-0.0683483977392	0.0158638671792	0.01927846183	-0.0353723808498	0.064724329436	-0.0409020415224	0.0176764152117	-0.0258618520939	0.0120629093955	-0.040419586415	-0.0910378550281	0.0112322693438	0.00637871048075	-0.0204446539716	-0.0273635538334	-0.00388612898849
k__Bacteria;p__Bacteroidetes;c__Bacteroidia;o__Bacteroidales;f__Rikenellaceae;g__Alistipes;s__Alistipes_shahii	0.00726235357865	-0.0342677256834	0.0288768239482	0.0504853564018	-0.00343016585264	-0.0629062250305	1.0	-0.0597527503344	-0.0100541683753	0.00620927921528	-0.0809162438856	-0.0793435154451	0.0110164166687	-0.0198061143909	-0.0245196451983	-0.00741173901633	0.0370989291141	-0.0226252108521	-0.0380578460991	-0.0270795677833	0.011093842279	-0.0359576495199	0.0834817005235	-0.0498833533265	-0.0234975769794	0.052814178945	0.00888427303038	0.0109236214705	0.0397909778906	0.0391802738978	0.0113740609367	0.0613570506111	0.0347152931121	-0.0116036012559	-0.0219407551206	-0.0687477654167	-0.0332346438782	-0.0424655067339	-0.0947793368208	0.0213740628024	0.00771674212639	-0.0379033381493	-0.0270105978829	-0.00468307923327	-0.0526822848275	0.0221704425472	-0.012649810732	-0.0645711253426	0.0192714204044	-0.0335446197334	-0.0184259327247	-0.0121713699102	-0.00153004783086	0.0668061191917	0.0663901327126	-0.0608618908105	-0.0702992620571	-0.0557363815803	-0.029629012703
k__Bacteria;p__Firmicutes;c__Clostridia;o__Clostridiales;f__Ruminococcaceae;g__Faecalibacterium;s__Faecalibacterium_prausnitzii	-0.0181137197974	-0.0623624532054	0.00208547265766	0.0278023300631	-0.0829241810275	-0.0238918168427	-0.0597527503344	1.0	0.0150617025418	-0.0281742660075	0.00815584807278	0.0282838474349	0.0181038906415	0.00497813810828	0.0348901063826	0.0454074006005	0.0416659800434	-0.0218499112299	0.00536773701788	-0.0173587451945	-0.0858700606197	-0.000885129273746	0.00945950786416	-0.0152519809612	-0.0294911538407	0.0385816260174	-0.00309121241665	0.0512743343387	-0.0203728738574	-0.0344500213746	-0.00593219001172	-0.0405121764845	-0.015874640416	-0.0881868765976	-0.0148521573953	-0.0396136713002	-0.0327469232385	-0.0174300295446	-0.0255546636284	-0.0508423550525	-0.00436370059929	-0.0776455727433	0.0486493681775	0.0126555749729	-0.085852584359	0.0290850610472	-0.0770075177895	-0.0696755820058	-0.00454517709318	0.015390950437	0.0319897215102	0.0207578988772	-0.0779476104256	0.00956418759705	0.0236243150867	0.0312989788106	-0.0217832377523	-0.00274561989639	-0.0230214675036
k__Bacteria;p__Bacteroidetes;c__Bacteroidia;o__Bacteroidales;f__Rikenellaceae;g__Alistipes;s__Alistipes_finegoldii	0.0230192937612	0.0798406057585	0.0409938174212	0.0505055084628	0.025260581108	-0.0261866693495	-0.0100541683753	0.0150617025418	1.0	0.0587558266582	0.0111258653242	-0.0203260076983	-0.0175140688354	-0.0253141617876	0.015419850696	0.0439883131042	0.0151865615835	-0.00468172418144	-0.0533849100793	0.0261035100834	0.0188874145211	-0.0404910405686	0.0601263470627	-0.0529976396952	-0.0278123642113	-0.0931426287265	0.0134328656755	0.00301812175239	0.00847313106084	0.0198122366468	0.0852449405644	-0.0509379695156	-0.0198279512573	0.0252260805085	0.00527936624676	-0.0161592047304	-0.0364901944847	0.00360703910076	-0.0323189228548	-0.0439786870558	0.020159978064	-0.0131378315401	-0.0547759695476	-0.0296050318341	-0.0291780433021	-0.081491220675	-0.0120984889442	-0.0395493528834	-0.0147788758052	-0.0391947774403	-0.0821961480544	-0.0575918945558	0.00783853893745	-0.0659726746047	0.0118385184372	0.0912222710935	-0.05850210755	-0.029051433374	0.00622024845624
k__Bacteria;p__Bacteroidetes;c__Bacteroidia;o__Bacteroidales;f__Porphyromonadaceae;g__Parabacteroides;s__Parabacteroides_distasonis	-0.0151128461721	0.0580700600381	-0.0103504936697	-0.0122432124973	0.0282153086365	-0.0126477588224	0.00620927921528	-0.0281742660075	0.0587558266582	1.0	-0.0508503886714	-0.082618237551	-0.0478851111407	0.0126328400835	0.000562892809657	0.00545347460919	0.0359069694417	0.00898093917432	0.0127969844977	-0.0202344880798	0.0226428788595	-0.0371479408432	-0.0515186641195	0.0190079691974	-0.0457449978797	-0.0046722232966	-0.035312885955	-0.0631507813978	0.00330054707366	-0.0269440319803	0.0306434467169	-0.0388335244942	0.0168678714582	-0.00961824140107	0.0601447422367	0.0163533267028	-0.00709878874477	-0.04388422103	-0.024045740873	-0.0454727342284	-0.0013697982112	0.00441452446455	-0.0625584002499	-0.068886294154	-0.0749938974377	0.0157100414238	0.0782235290636	0.019492591849	0.0219408533157	-0.0297225238872	-0.00534667755689	-0.0129440687667	-0.0552096186237	-0.0349744804241	0.0458400047302	0.0142765522483	0.0171749000534	-0.0726860806154	-0.0746825099645
k__Bacteria;p__Bacteroidetes;c__Bacteroidia;o__Bacteroidales;f__Bacteroidaceae;g__Bacteroides;s__Bacteroides_thetaiotaomicron	0.0180399380059	-0.00442723205227	-0.0596956650952	-0.0761297151543	0.0439608238317	0.075941731022	-0.0809162438856	0.00815584807278	0.0111258653242	-0.0508503886714	1.0	0.0188574610144	-0.0173111317003	0.000566469721241	-0.0437105419953	-0.0349775632802	0.0111314543864	0.0284533250912	0.00189962438422	0.0233074240155	-0.013880431029	-0.0231692622757	-0.0610823638381	-0.0634132819302	0.0422198478317	-0.0460909446057	-0.0319151027829	0.0307794933592	0.010798494314	0.00716866185591	-0.047863725554	-0.00893039447396	-0.0630839894627	0.0214564421873	-0.00450875689033	0.0160148488361	0.035014744981	0.0214125700365	0.0092145681371	-0.0462344411579	-0.0543552340337	-0.0733519430908	-0.0419819514383	0.00117187583983	0.0343745368609	-0.0243078762713	-0.00797020172809	-0.0135914982757	-0.0343279489822	-0.034902668341	-0.0181562077244	-0.00766408661704	-0.0113439521864	-0.0418215510448	-0.0296282916604	-0.0106925369948	0.0284923066879	0.0435937445763	-0.039422381452
k__Bacteria;p__Bacteroidetes;c__Bacteroidia;o__Bacteroidales;f__Bacteroidaceae;g__Bacteroides;s__Bacteroides_coprocola	-0.0309300587401	-0.00778673252546	-0.0257403106667	-0.0181996926967	-0.0193236479942	0.0253796367253	-0.0793435154451	0.0282838474349	-0.0203260076983	-0.082618237551	0.0188574610144	1.0	-0.0435225419899	-0.0371954988847	-0.0776406886624	0.0573922761109	-0.0365745516116	-0.0209661711036	0.0900187071793	-0.00177614505325	0.0407200359872	0.0265945117038	-0.0501140559887	-0.0754532820065	0.0180095927771	-0.0627450957028	0.021224048145	-0.0337648517124	0.0351767183155	-0.035495946974	-0.045028454726	0.0265032959708	0.00104297937869	0.0474083224875	0.0326724260328	-0.0195592811217	0.00391798238551	0.00681262012494	-0.046761471419	-0.00745841458288	-0.0293042142912	-0.0530480823508	-0.0210918496537	-0.0134305332802	0.0544269541074	0.00795103211338	-0.0286129314991	-0.0285719648838	-0.0597884873448	0.0710263229024	0.0171955019399	-0.0203481600616	-0.0192708332804	0.0141733787109	-0.0380070352393	-0.0346454444639	0.0424103626211	0.0561700993564	-0.0621226349043
k__Bacteria;p__Bacteroidetes;c__Bacteroidia;o__Bacteroidales;f__Bacteroidaceae;g__Bacteroides;s__Bacteroides_cellulosilyticus	0.0585943417449	-0.050287787041	0.0653197599895	-0.12098741572	-0.0250917658905	-0.0717735791458	0.0110164166687	0.0181038906415	-0.0175140688354	-0.0478851111407	-0.0173111317003	-0.0435225419899	1.0	-0.0532543548662	-0.0458315831707	0.00828703661757	0.00260422039771	-0.0108112504788	-0.00298674237555	0.0358950459787	0.0318972567971	-0.123021700498	0.00507733442895	-0.0109306989073	0.00152688933194	0.0157825057439	0.0104258780046	0.0248610649936	-0.0534685467883	0.0511724169019	-0.0295826569927	0.00387045894974	0.00430832386265	0.00173557852722	-0.117141349969	-0.000121555677893	-0.0243875120326	0.0089100312308	0.0527732544884	0.0465174534864	0.0507242236878	-0.000981005489579	-0.0246955076172	-0.0381732053105	-0.0167633658296	-0.0766728604867	0.0472071127756	0.0179444061973	-0.0963088573797	0.00747382896221	-0.019612651352	-0.0769559017829	-0.0558043338449	0.0338091884406	0.0157463518613	-0.016287079361	0.0346143510718	0.00774158623672	-0.0121092370991
k__Bacteria;p__Bacteroidetes;c__Bacteroidia;o__Bacteroidales;f__Rikenellaceae;g__Alistipes;s__Alistipes_obesi	0.0272678834037	-0.0153646149394	-0.0461883136719	-0.00719202868153	-0.0241659470089	-0.0255750390628	-0.0198061143909	0.00497813810828	-0.0253141617876	0.0126328400835	0.000566469721241	-0.0371954988847	-0.0532543548662	1.0	0.00132416312359	0.0495669058785	0.0173668224242	-0.0506260049674	-0.040780244084	0.003963167904	0.0459769352357	-0.0429580187019	-0.0644179098142	-0.011501184414	-0.0502863057203	-0.00343984071549	-0.137625522264	0.00414133837794	0.0056161509984	0.0231889868422	-0.0420765341226	0.0267569298562	-0.00200635997268	0.0154623289794	0.00413560380068	-0.0492405935328	0.0394278540877	-0.0156625021729	-0.0402040418581	0.0195826017466	-0.035319482869	0.0191347809249	0.0159228082747	0.0163611203511	0.0112326409542	0.0102218904555	-0.0813496850971	0.0163603891417	-0.014656562609	0.0488147545017	0.0538969934013	-0.0633130041482	-0.0271480180268	0.00204114198285	0.0518510956437	-0.0744250310164	0.0730826454597	-0.037392477543	0.0244285241809
k__Bacteria;p__Firmicutes;c__Clostridia;o__Clostridiales;f__Lachnospiraceae;g__;s__[Eubacterium]_rectale	0.0046937687981	-0.000702425314557	-0.0373830183329	-0.00742683640905	0.04458091173	0.020772279126	-0.0245196451983	0.0348901063826	0.015419850696	0.000562892809657	-0.0437105419953	-0.0776406886624	-0.0458315831707	0.00132416312359	1.0	0.0563760936856	-0.0586829166932	0.0818020502856	-0.0433857281223	-0.0418561237307	-0.0180321629674	0.0266599162758	0.011839500575	0.0198866969602	-0.0610951358574	-0.0379389263756	-0.0298415927906	0.0560766929844	-0.078963620869	-0.00548170326589	0.0170718735751	-0.0333690788957	-0.0668727133825	-0.0406298415914	-0.0171381453942	0.022434584923	-0.0257488738752	-0.0449648889574	-0.00733743572648	-0.013035149162	-0.0280907783436	-0.0298864471676	0.000308008539852	-0.0531877008536	0.0220419709719	-0.00686925351729	-0.0980827263334	-0.000587244093647	-0.0216836555002	0.0307060357055	0.0707390330155	-0.00804672182993	0.014160823364	0.0305925666523	-0.0881734691787	0.00874952509555	-0.108580698335	-0.0417949300238	0.0556305207488
k__Bacteria;p__Bacteroidetes;c__Bacteroidia;o__Bacteroidales;f__Bacteroidaceae;g__Bacteroides;s__Bacteroides_plebeius	-0.0598011091607	0.0323607959331	0.081749429315	0.0525481290696	0.0627023058428	0.0480336573014	-0.00741173901633	0.0454074006005	0.0439883131042	0.00545347460919	-0.0349775632802	0.0573922761109	0.00828703661757	0.0495669058785	0.0563760936856	1.0	-0.0608697041195	-0.0152983449463	-0.0254037181239	0.0316154611436	0.066084367574	-0.0329616909795	-0.0426899888352	0.0131832772703	0.00335381045332	0.0155983501531	-0.0362144645982	-0.0103175654938	-0.0432181396344	0.0177484288531	0.00635755314866	-0.0370343480146	0.0554585524324	-0.0590892398975	-0.00586351528461	0.00507608865365	0.0235700069624	-0.0744576906645	0.00129171434034	-0.0288314071084	0.0106103565615	-0.00159062120106	-0.0617728532406	0.0287769090556	-0.0221270791672	0.0193562148325	0.0777762676889	-0.0126077045738	-0.00159581462619	0.0251297228784	-0.0692993625698	-0.0752667663519	0.030651481506	-0.0584314681022	-0.00479340535738	0.0261055609275	-0.0236380048149	-0.0400454637842	-0.0704693499005
k__Bacteria;p__Bacteroidetes;c__Bacteroidia;o__Bacteroidales;f__Bacteroidaceae;g__Bacteroides;s__Bacteroides_fragilis	-0.0187802653768	-0.067006935871	-0.100702627826	0.00761828397175	-0.0299715364606	-0.0222354567652	0.0370989291141	0.0416659800434	0.0151865615835	0.0359069694417	0.0111314543864	-0.0365745516116	0.00260422039771	0.0173668224242	-0.0586829166932	-0.0608697041195	1.0	0.0410669810843	-0.0127584515276	0.0516950607204	-0.0494902912271	0.0606365637652	-0.00847897692514	-0.0320182162217	-0.0196316878289	-0.0765152061904	0.0278028524221	-0.0344338084086	0.0119687309365	-0.0238706225886	-0.0865860577592	-0.0639890796611	0.0674390516458	-0.0917527104302	-0.00638677729025	-0.0398917212652	0.014616126691	-0.0462734985157	-0.0280087517318	-0.0791857275187	0.0123791391005	0.0383129005659	0.0394258691073	0.000437892588948	0.0365822549154	0.0486502739663	-0.0198717154198	-0.0916347156954	-0.0491598120792	-0.0721372121925	0.00702308079156	0.0369084705174	0.0601473257604	0.00465527733786	-0.0173813892096	0.0435101838577	0.0346140918455	0.0279512354414	-0.038610007793
k__Bacteria;p__Proteobacteria;c__Betaproteobacteria;o__Burkholderiales;f__Sutterellaceae;g__Sutterella;s__Sutterella_wadsworthensis	-0.0485386232378	0.00362568653022	-0.0108601342729	-0.0128030022082	0.00768647561852	-0.0592294806814	-0.0226252108521	-0.0218499112299	-0.00468172418144	0.00898093917432	0.0284533250912	-0.0209661711036	-0.0108112504788	-0.0506260049674	0.0818020502856	-0.0152983449463	0.0410669810843	1.0	-0.0709309843292	0.0145433503577	-0.0258879116765	-0.071381127207	-0.0147909242485	0.0386365829025	-0.0207322806286	0.0168769434032	-0.0686416829476	0.080768104724	-0.0685909079557	-0.0220727634233	0.0296955504852	0.0229577698481	-0.0494475990629	0.00618495619241	-0.021908152624	-0.0662774167321	0.0899214403073	0.0295558468519	-0.0905585963696	-0.0552169468777	-0.00322111223072	0.00191970350126	0.0311765090282	0.0530008009468	0.0304403446082	0.0111455706801	-0.0418662356772	0.0478586793569	-0.0263552886022	-0.0466799709588	0.0742085582394	-0.0351342523925	-0.0830386038007	-0.0366937361705	0.0160774501981	-0.054121803572	-0.0129108232862	-0.00547733662823	0.00432087005953
k__Bacteria;p__Bacteroidetes;c__Bacteroidia;o__Bacteroidales;f__Porphyromonadaceae;g__Barnesiella;s__Barnesiella_intestinihominis	-0.0317462672017	0.0260685318243	0.00879916956181	-0.0320580012263	-0.00200612722406	0.037169986169	-0.0380578460991	0.00536773701788	-0.0533849100793	0.0127969844977	0.00189962438422	0.0900187071793	-0.00298674237555	-0.040780244084	-0.0433857281223	-0.0254037181239	-0.0127584515276	-0.0709309843292	1.0	-0.0837632343171	0.0320878954663	-0.0263261665554	-0.0501616422115	0.0560297357167	-0.0469156937749	0.0315532938891	-0.00802901646087	0.042861163169	-0.00244358268385	0.0289563177188	0.0140343870554	0.085583353371	0.0316837539069	-0.0307667745682	-0.0122498292311	-0.00859891863034	-0.0113980384534	0.0473662231146	-0.00433806561438	-0.0589424515867	-0.0220334798405	0.0728245186774	0.0198125047734	0.0354609700586	-0.0145708014804	-0.0307372947272	-0.116143510007	-0.0306805463251	0.0116842840593	0.00790594160296	-0.0622832209673	-0.0667671459504	-0.0475367441933	0.0149812548856	0.0634767493781	-0.0105094228772	-0.0204969053708	0.0328297956468	-0.0434408213149
k__Bacteria;p__Bacteroidetes;c__Bacteroidia;o__Bacteroidales;f__Odoribacteraceae;g__Odoribacter;s__Odoribacter_splanchnicus	0.0508239739385	0.0232793092658	0.0257558758153	0.00663348588819	0.00829523797559	-0.0362059538428	-0.0270795677833	-0.0173587451945	0.0261035100834	-0.0202344880798	0.0233074240155	-0.00177614505325	0.0358950459787	0.003963167904	-0.0418561237307	0.0316154611436	0.0516950607204	0.0145433503577	-0.0837632343171	1.0	-0.0780253007734	0.0571942021874	-0.00879492302718	0.0495677498601	-0.0345359076402	-0.0525756573156	0.00606674196964	0.0150094339346	-0.0378994436815	-0.0559456582003	0.0143141880898	-0.0167672233894	-0.0607574050227	0.00823597141385	-0.0295476331077	0.00932399977525	-0.00760759417657	0.012581242863	0.0198464063746	-0.0250538526505	-0.012624275426	0.0303943225845	-0.0462850311279	-0.0566536793972	0.00632128594533	0.0172342521302	0.015804533414	-0.0567345968655	-0.0453175963986	-0.042165986095	-0.0502434184738	0.0219636404365	-0.026282687202	0.0490609441447	-0.000314817997262	0.0511613205984	-0.0444672494361	0.0132895381896	-0.0217035645417
k__Bacteria;p__Bacteroidetes;c__Bacteroidia;o__Bacteroidales;f__Bacteroidaceae;g__Bacteroides;s__Bacteroides_salyersiae	0.00865805796208	0.0150616122285	-0.025652237333	-0.000356600266548	-0.0257120374488	-0.0315568911745	0.011093842279	-0.0858700606197	0.0188874145211	0.0226428788595	-0.013880431029	0.0407200359872	0.0318972567971	0.0459769352357	-0.0180321629674	0.066084367574	-0.0494902912271	-0.0258879116765	0.0320878954663	-0.0780253007734	1.0	0.0410258046208	-0.0268843299729	0.00581751745357	-0.0393753434103	-0.0364097399286	-0.020499943003	0.017565224702	0.048757712947	0.011363200173	-0.0483271578748	-0.0352499473919	0.0495961580438	-0.00746103668842	-0.0441579414191	0.0110463598449	0.0250696193354	-0.0356134633942	-0.0644692861441	0.0869755515885	-0.078787949419	0.0415957917037	0.0621608863601	-0.00277359246524	0.0438867567171	0.0489571511663	0.017923927286	-0.0120683308195	0.0100895329545	0.0056555315705	-0.085993146675	-0.0133460009268	0.0683466757486	0.0236508778975	0.0109228574391	0.0115356084652	-0.0713001656531	0.0656022683161	-0.0715047614128
k__Bacteria;p__Firmicutes;c__Clostridia;o__Clostridiales;f__Ruminococcaceae;g__Ruminiclostridium;s__[Eubacterium]_siraeum	-0.0491376310957	0.0240245350167	-0.0726213572659	0.0263740700448	0.0631992284529	-0.0577171807477	-0.0359576495199	-0.000885129273746	-0.0404910405686	-0.0371479408432	-0.0231692622757	0.0265945117038	-0.123021700498	-0.0429580187019	0.0266599162758	-0.0329616909795	0.0606365637652	-0.071381127207	-0.0263261665554	0.0571942021874	0.0410258046208	1.0	-0.0528195537427	0.0181582385201	9.67670159766e-05	0.0511666872712	-0.0212910449977	-0.00809266349306	0.0490915495664	-0.0678793845037	-0.0435488169607	-0.064686591031	-0.0255059684341	-0.0402206068029	0.0301873732087	0.00854899964475	0.00563841215898	-0.0207603535322	0.0670809948616	-0.00934486421485	-0.0666936084343	-0.00914102291415	-0.0199524887685	0.015082387079	0.0100072084758	0.0325523130459	-0.0357643582502	-0.000639570801079	-0.0553169959213	-0.015488551064	0.0141403390398	-0.0282504236431	0.00930463512887	0.118231600894	0.0147976632955	-0.0129769030655	-0.0547616197303	0.0245882320097	-0.0394758580795
k__Bacteria;p__Proteobacteria;c__Betaproteobacteria;o__Burkholderiales;f__Sutterellaceae;g__Parasutterella;s__Parasutterella_excrementihominis	0.0589733181843	0.00696402143893	-0.00883770423454	0.00643820385244	-0.00383452219955	0.0122797461954	0.0834817005235	0.00945950786416	0.0601263470627	-0.0515186641195	-0.0610823638381	-0.0501140559887	0.00507733442895	-0.0644179098142	0.011839500575	-0.0426899888352	-0.00847897692514	-0.0147909242485	-0.0501616422115	-0.00879492302718	-0.0268843299729	-0.0528195537427	1.0	0.0212574156481	0.0479450352409	0.0329936030073	0.0241626766216	0.0148827526599	-0.000141457505088	-0.020668127579	-0.0149891201805	-0.0332331650537	-0.0453475085571	0.0277685985847	0.0373094910146	0.0168002053523	-0.012918291178	-0.00657932600364	-0.0188894531498	-0.000599369719027	0.0345327421642	0.00630146656715	0.0201557683061	-0.0303562470863	-0.0456828522545	-0.0525491209043	-0.0503438069962	0.00382467082016	0.0356464170955	-0.03239140487	-0.0309636172857	0.0255222456927	-0.0710023898683	0.0342353749615	-0.0119797956413	-0.0232037042533	-0.0818086014621	-0.0507943118155	0.0406489142534
k__Bacteria;p__Actinobacteria;c__Actinobacteria;o__Bifidobacteriales;f__Bifidobacteriaceae;g__Bifidobacterium;s__Bifidobacterium_adolescentis	-0.0128266805145	0.0703729472936	-0.000911487982086	-0.0488654163421	0.0587056607149	-0.0179461270167	-0.0498833533265	-0.0152519809612	-0.0529976396952	0.0190079691974	-0.0634132819302	-0.0754532820065	-0.0109306989073	-0.011501184414	0.0198866969602	0.0131832772703	-0.0320182162217	0.0386365829025	0.0560297357167	0.0495677498601	0.00581751745357	0.0181582385201	0.0212574156481	1.0	0.0613509902497	0.0151789139167	-0.0602167448477	-0.0158502710654	0.091759120883	-0.0146298846933	-0.0445942181912	-0.0539873557147	-0.00720993958174	-0.0402801512327	-0.050628345502	0.0585246358908	-0.0447490383532	0.019148836098	-0.0370815817083	0.00310295055506	0.0735830131037	-0.0568222679502	-0.0174894194096	0.0184569054675	-0.0159455446902	-0.00967378167586	0.0077994758505	0.01010858594	0.0253710749857	-0.0655099651685	-0.0419099161059	0.0180642079157	0.0344797215188	0.00950209367045	-0.0373816248144	-0.0424787903634	-0.04183935085	-0.0597732551398	-0.00845472146663
k__Bacteria;p__Firmicutes;c__Clostridia;o__Clostridiales;f__Oscillospiraceae;g__Oscillibacter;s__Oscillibacter_sp._KLE_1745	-0.0153222342871	0.0161352541075	-0.00338369200885	-0.0913583360233	0.0104520998508	0.0131850326336	-0.0234975769794	-0.0294911538407	-0.0278123642113	-0.0457449978797	0.0422198478317	0.0180095927771	0.00152688933194	-0.0502863057203	-0.0610951358574	0.00335381045332	-0.0196316878289	-0.0207322806286	-0.0469156937749	-0.0345359076402	-0.0393753434103	9.67670159766e-05	0.0479450352409	0.0613509902497	1.0	0.00215552323035	-0.00108109361967	-0.0757232658704	-0.00678901548339	0.0133498067712	0.0227070428451	0.010661841813	0.00762164506659	0.0295426961289	-0.0197219652475	0.026349732365	-0.0446386043606	0.0124336485486	0.0580045099423	0.0772709190357	-0.0493721506738	0.0315035256768	-0.00484891011789	-0.0740492948311	-0.0477479570349	-0.06315273912	0.0469813685568	-0.0134655743119	0.0221970259768	0.00144622571075	-0.00217507548022	0.0357854405127	-0.0302903485081	-0.0421936212067	-0.0519018872365	-0.0430818361941	-0.000419315926746	-0.000624517559759	0.0537130706452
k__Bacteria;p__Bacteroidetes;c__Bacteroidia;o__Bacteroidales;f__Bacteroidaceae;g__Bacteroides;s__Bacteroides_coprophilus	0.0411062532453	-0.0685530593761	-0.0257204425181	0.023693966634	-0.0373316399104	0.0213274235149	0.052814178945	0.0385816260174	-0.0931426287265	-0.0046722232966	-0.0460909446057	-0.0627450957028	0.0157825057439	-0.00343984071549	-0.0379389263756	0.0155983501531	-0.0765152061904	0.0168769434032	0.0315532938891	-0.0525756573156	-0.0364097399286	0.0511666872712	0.0329936030073	0.0151789139167	0.00215552323035	1.0	0.0116793553758	0.00104903515619	0.00508123716116	0.00594393497949	-0.0466677999738	0.0154417357053	-0.0474459011774	0.0357823113815	0.0542853183663	0.00714023628443	-0.0184227574637	-0.0235711229078	-0.0176146939098	-0.0134390000459	-0.0378177157055	-0.0398003249686	0.0461866927262	0.0216854373194	0.00372515334996	0.0329534032306	-0.0740971113455	0.0509462101912	-0.000342326131738	0.0219804671234	0.0264618123815	-0.0566250699181	0.024350619721	-0.0538791075318	-0.0552610974628	-0.0282873034082	-0.00675602278321	0.0446675879938	-0.0348071209687
k__Bacteria;p__Firmicutes;c__Clostridia;o__Clostridiales;f__Lachnospiraceae;g__Roseburia;s__Roseburia_intestinalis	0.0255873183512	-0.0351437499666	0.00837587779501	0.0150071519963	0.0482536220636	-0.0558928787474	0.00888427303038	-0.00309121241665	0.0134328656755	-0.035312885955	-0.0319151027829	0.021224048145	0.0104258780046	-0.137625522264	-0.0298415927906	-0.0362144645982	0.0278028524221	-0.0686416829476	-0.00802901646087	0.00606674196964	-0.020499943003	-0.0212910449977	0.0241626766216	-0.0602167448477	-0.00108109361967	0.0116793553758	1.0	-0.040419258849	-0.0337691105595	-0.00728729085073	0.0348921219613	0.022959146212	-0.0587348743135	-0.00179488072898	-0.0333948394533	-0.0606680429845	0.00035318825528	-0.0533810147988	0.0271362690364	0.0279863290312	-0.00549513884787	0.034288577046	0.0486983798556	-0.115297365534	-0.0148134785314	-0.0597732464054	0.0192061739952	-0.0172736449499	0.00789735933639	-0.0757581164498	-0.0340995219461	0.0290087753532	0.0314347264168	-0.000793379854566	-0.0121535051406	0.0661152430839	-0.0201536849106	-0.0661995571196	0.0595536764015
k__Bacteria;p__Firmicutes;c__Clostridia;o__Clostridiales;f__Lachnospiraceae;g__Roseburia;s__Roseburia_hominis	-0.0185471652466	-0.048462205413	-0.0241153653457	-0.00979551666169	-0.0218230477617	0.0530885966637	0.0109236214705	0.0512743343387	0.00301812175239	-0.0631507813978	0.0307794933592	-0.0337648517124	0.0248610649936	0.00414133837794	0.0560766929844	-0.0103175654938	-0.0344338084086	0.080768104724	0.042861163169	0.0150094339346	0.017565224702	-0.00809266349306	0.0148827526599	-0.0158502710654	-0.0757232658704	0.00104903515619	-0.040419258849	1.0	0.0148240127976	-0.0224863086019	-0.0956234597041	-0.00485449461962	-0.0783872035511	0.0340827875177	-0.115915150049	0.0106809666132	-0.0963570400427	-0.00636295726874	0.0576345692575	0.0274653094597	0.00166208025636	-0.0385868351729	-0.0356111536479	-0.00133329535848	-0.0303660698548	-0.051513805402	0.0186164239154	0.0135181903915	0.0477092812899	-0.0723646818948	-0.0699903028047	-0.0575171202002	-0.00751680527135	0.0601335336656	-0.0443843466839	-0.00489233069568	-0.007656427705	-0.0379892039848	0.0613715845633
k__Bacteria;p__Bacteroidetes;c__Bacteroidia;o__Bacteroidales;f__Porphyromonadaceae;g__Parabacteroides;s__Parabacteroides_johnsonii	0.00284578356344	0.0593573369204	-0.0354694991643	-0.0363520509098	-0.0303875755582	-0.0401631725368	0.0397909778906	-0.0203728738574	0.00847313106084	0.00330054707366	0.010798494314	0.0351767183155	-0.0534685467883	0.0056161509984	-0.078963620869	-0.0432181396344	0.0119687309365	-0.0685909079557	-0.00244358268385	-0.0378994436815	0.048757712947	0.0490915495664	-0.000141457505088	0.091759120883	-0.00678901548339	0.00508123716116	-0.0337691105595	0.0148240127976	1.0	0.0199568836064	-0.0804855075069	-0.0620814028178	0.00541069948382	-0.0167903520669	-0.0429057842209	-0.0525389819457	0.0151049701143	-0.0344744994055	-0.0122920392459	0.0334147048056	-0.0425746826032	-0.0535882305593	-0.039238921348	0.0411369652835	-0.0502856640162	-0.0633642745094	-0.028913394964	0.0416796843368	-0.0351972618552	0.0113376087448	0.0380603971772	-0.0340816256579	-0.029993250922	-0.0176013856731	-0.00870709679373	0.0356662601187	0.0239681890433	0.00537733396445	-0.0206780570732
k__Bacteria;p__Actinobacteria;c__Actinobacteria;o__Bifidobacteriales;f__Bifidobacteriaceae;g__Bifidobacterium;s__Bifidobacterium_longum	-0.0643011698167	-0.0227631190242	-0.0691587236709	-0.0635044069319	-0.0161652129135	-0.0654607339701	0.0391802738978	-0.0344500213746	0.0198122366468	-0.0269440319803	0.00716866185591	-0.035495946974	0.0511724169019	0.0231889868422	-0.00548170326589	0.0177484288531	-0.0238706225886	-0.0220727634233	0.0289563177188	-0.0559456582003	0.011363200173	-0.0678793845037	-0.020668127579	-0.0146298846933	0.0133498067712	0.00594393497949	-0.00728729085073	-0.0224863086019	0.0199568836064	1.0	-0.0262679114192	-0.00197950711594	-0.061981794199	-0.045806886965	0.0235401202732	0.0252971230979	0.0821019781142	-0.0600766761257	-0.0117070691739	-0.0191068741743	-0.0466218582122	-0.0258859180122	-0.0517930235138	-0.0579446670289	0.0487566633532	0.0064212053981	0.0135380196051	-0.00518811083283	0.0739443610504	0.0213185323172	-0.0431270420912	-0.0254772795569	0.0105064282302	-0.0587115017166	-0.00484604139258	-0.0295031099499	0.0244791806733	-0.035830526069	-0.0110433506168
