#taxonomy	k__Bacteria;p__Bacteroidetes;c__Bacteroidia;o__Bacteroidales;f__Bacteroidaceae;g__Bacteroides;s__Bacteroides_vulgatus	k__Bacteria;p__Bacteroidetes;c__Bacteroidia;o__Bacteroidales;f__Bacteroidaceae;g__Bacteroides;s__Bacteroides_uniformis	k__Bacteria;p__Bacteroidetes;c__Bacteroidia;o__Bacteroidales;f__Rikenellaceae;g__Alistipes;s__Alistipes_putredinis	k__Bacteria;p__Bacteroidetes;c__Bacteroidia;o__Bacteroidales;f__Prevotellaceae;g__Prevotella;s__Prevotella_copri	k__Bacteria;p__Bacteroidetes;c__Bacteroidia;o__Bacteroidales;f__Bacteroidaceae;g__Bacteroides;s__Bacteroides_stercoris	k__Bacteria;p__Bacteroidetes;c__Bacteroidia;o__Bacteroidales;f__Bacteroidaceae;g__Bacteroides;s__Bacteroides_ovatus	k__Bacteria;p__Bacteroidetes;c__Bacteroidia;o__Bacteroidales;f__Rikenellaceae;g__Alistipes;s__Alistipes_shahii	k__Bacteria;p__Firmicutes;c__Clostridia;o__Clostridiales;f__Ruminococcaceae;g__Faecalibacterium;s__Faecalibacterium_prausnitzii	k__Bacteria;p__Bacteroidetes;c__Bacteroidia;o__Bacteroidales;f__Rikenellaceae;g__Alistipes;s__Alistipes_finegoldii	k__Bacteria;p__Bacteroidetes;c__Bacteroidia;o__Bacteroidales;f__Porphyromonadaceae;g__Parabacteroides;s__Parabacteroides_distasonis	k__Bacteria;p__Bacteroidetes;c__Bacteroidia;o__Bacteroidales;f__Bacteroidaceae;g__Bacteroides;s__Bacteroides_thetaiotaomicron	k__Bacteria;p__Bacteroidetes;c__Bacteroidia;o__Bacteroidales;f__Bacteroidaceae;g__Bacteroides;s__Bacteroides_coprocola	k__Bacteria;p__Bacteroidetes;c__Bacteroidia;o__Bacteroidales;f__Bacteroidaceae;g__Bacteroides;s__Bacteroides_cellulosilyticus	k__Bacteria;p__Bacteroidetes;c__Bacteroidia;o__Bacteroidales;f__Rikenellaceae;g__Alistipes;s__Alistipes_obesi	k__Bacteria;p__Firmicutes;c__Clostridia;o__Clostridiales;f__Lachnospiraceae;g__;s__[Eubacterium]_rectale	k__Bacteria;p__Bacteroidetes;c__Bacteroidia;o__Bacteroidales;f__Bacteroidaceae;g__Bacteroides;s__Bacteroides_plebeius	k__Bacteria;p__Bacteroidetes;c__Bacteroidia;o__Bacteroidales;f__Bacteroidaceae;g__Bacteroides;s__Bacteroides_fragilis	k__Bacteria;p__Proteobacteria;c__Betaproteobacteria;o__Burkholderiales;f__Sutterellaceae;g__Sutterella;s__Sutterella_wadsworthensis	k__Bacteria;p__Bacteroidetes;c__Bacteroidia;o__Bacteroidales;f__Porphyromonadaceae;g__Barnesiella;s__Barnesiella_intestinihominis	k__Bacteria;p__Bacteroidetes;c__Bacteroidia;o__Bacteroidales;f__Odoribacteraceae;g__Odoribacter;s__Odoribacter_splanchnicus	k__Bacteria;p__Bacteroidetes;c__Bacteroidia;o__Bacteroidales;f__Bacteroidaceae;g__Bacteroides;s__Bacteroides_salyersiae	k__Bacteria;p__Firmicutes;c__Clostridia;o__Clostridiales;f__Ruminococcaceae;g__Ruminiclostridium;s__[Eubacterium]_siraeum	k__Bacteria;p__Proteobacteria;c__Betaproteobacteria;o__Burkholderiales;f__Sutterellaceae;g__Parasutterella;s__Parasutterella_excrementihominis	k__Bacteria;p__Actinobacteria;c__Actinobacteria;o__Bifidobacteriales;f__Bifidobacteriaceae;g__Bifidobacterium;s__Bifidobacterium_adolescentis	k__Bacteria;p__Firmicutes;c__Clostridia;o__Clostridiales;f__Oscillospiraceae;g__Oscillibacter;s__Oscillibacter_sp._KLE_1745	k__Bacteria;p__Bacteroidetes;c__Bacteroidia;o__Bacteroidales;f__Bacteroidaceae;g__Bacteroides;s__Bacteroides_coprophilus	k__Bacteria;p__Firmicutes;c__Clostridia;o__Clostridiales;f__Lachnospiraceae;g__Roseburia;s__Roseburia_intestinalis	k__Bacteria;p__Firmicutes;c__Clostridia;o__Clostridiales;f__Lachnospiraceae;g__Roseburia;s__Roseburia_hominis	k__Bacteria;p__Bacteroidetes;c__Bacteroidia;o__Bacteroidales;f__Porphyromonadaceae;g__Parabacteroides;s__Parabacteroides_johnsonii	k__Bacteria;p__Actinobacteria;c__Actinobacteria;o__Bifidobacteriales;f__Bifidobacteriaceae;g__Bifidobacterium;s__Bifidobacterium_longum	k__Bacteria;p__Firmicutes;c__Clostridia;o__Clostridiales;f__;g__Flavonifractor;s__Flavonifractor_plautii	k__Bacteria;p__Firmicutes;c__Clostridia;o__Clostridiales;f__Clostridiaceae;g__Clostridium;s__Clostridium_phoceensis	k__Bacteria;p__Verrucomicrobia;c__Verrucomicrobiae;o__Verrucomicrobiales;f__Akkermansiaceae;g__Akkermansia;s__Akkermansia_muciniphila	k__Bacteria;p__Bacteroidetes;c__Bacteroidia;o__Bacteroidales;f__Prevotellaceae;g__Paraprevotella;s__Paraprevotella_xylaniphila	k__Bacteria;p__Firmicutes;c__Clostridia;o__Clostridiales;f__Ruminococcaceae;g__Ruminococcus;s__Ruminococcus_callidus	k__Bacteria;p__Bacteroidetes;c__Bacteroidia;o__Bacteroidales;f__Rikenellaceae;g__Alistipes;s__Alistipes_senegalensis	k__Bacteria;p__Firmicutes;c__Clostridia;o__Clostridiales;f__Lachnospiraceae;g__Blautia;s__Blautia_sp._KLE_1732	k__Bacteria;p__Bacteroidetes;c__Bacteroidia;o__Bacteroidales;f__Bacteroidaceae;g__Bacteroides;s__Bacteroides_oleiciplenus	k__Bacteria;p__Firmicutes;c__Clostridia;o__Clostridiales;f__Ruminococcaceae;g__Ruminococcus;s__Ruminococcus_bicirculans	k__Bacteria;p__Bacteroidetes;c__Bacteroidia;o__Bacteroidales;f__Bacteroidaceae;g__Bacteroides;s__Bacteroides_fluxus	k__Bacteria;p__Bacteroidetes;c__Bacteroidia;o__Bacteroidales;f__Prevotellaceae;g__Prevotella;s__Prevotella_stercorea	k__Bacteria;p__Firmicutes;c__Clostridia;o__Clostridiales;f__Lachnospiraceae;g__Dorea;s__Dorea_longicatena	k__Bacteria;p__Firmicutes;c__Clostridia;o__Clostridiales;f__Eubacteriaceae;g__Eubacterium;s__[Eubacterium]_eligens	k__Bacteria;p__Firmicutes;c__Clostridia;o__Clostridiales;f__Ruminococcaceae;g__;s__Ruminococcaceae_bacterium_D16	k__Bacteria;p__Firmicutes;c__Clostridia;o__Clostridiales;f__Lachnospiraceae;g__Coprococcus;s__Coprococcus_comes	k__Bacteria;p__Proteobacteria;c__Gammaproteobacteria;o__Enterobacterales;f__Enterobacteriaceae;g__Escherichia;s__Escherichia_coli	k__Bacteria;p__Firmicutes;c__Clostridia;o__Clostridiales;f__Ruminococcaceae;g__Anaerotruncus;s__Anaerotruncus_colihominis	k__Bacteria;p__Firmicutes;c__Clostridia;o__Clostridiales;f__Lachnospiraceae;g__Blautia;s__Blautia_obeum	k__Bacteria;p__Bacteroidetes;c__Bacteroidia;o__Bacteroidales;f__Odoribacteraceae;g__Odoribacter;s__Odoribacter_laneus	k__Bacteria;p__Firmicutes;c__Clostridia;o__Clostridiales;f__Ruminococcaceae;g__Ruminiclostridium;s__[Clostridium]_leptum	k__Bacteria;p__Bacteroidetes;c__Bacteroidia;o__Bacteroidales;f__Porphyromonadaceae;g__Parabacteroides;s__Parabacteroides_goldsteinii	k__Bacteria;p__Firmicutes;c__Clostridia;o__Clostridiales;f__Lachnospiraceae;g__Anaerostipes;s__Anaerostipes_hadrus	k__Bacteria;p__Firmicutes;c__Clostridia;o__Clostridiales;f__Ruminococcaceae;g__Ruminococcus;s__Ruminococcus_lactaris	k__Bacteria;p__Firmicutes;c__Clostridia;o__Clostridiales;f__Clostridiaceae;g__Clostridium;s__Clostridium_sp._L2-50	k__Bacteria;p__Firmicutes;c__Clostridia;o__Clostridiales;f__Clostridiaceae;g__Clostridium;s__Clostridium_sp._M62/1	k__Bacteria;p__Firmicutes;c__Clostridia;o__Clostridiales;f__;g__Intestinimonas;s__Intestinimonas_butyriciproducens	k__Bacteria;p__Actinobacteria;c__Actinobacteria;o__Bifidobacteriales;f__Bifidobacteriaceae;g__Bifidobacterium;s__Bifidobacterium_bifidum	k__Bacteria;p__Firmicutes;c__Negativicutes;o__Veillonellales;f__Veillonellaceae;g__Dialister;s__Dialister_invisus	k__Bacteria;p__Bacteroidetes;c__Bacteroidia;o__Bacteroidales;f__Bacteroidaceae;g__Bacteroides;s__Bacteroides_salanitronis
k__Bacteria;p__Bacteroidetes;c__Bacteroidia;o__Bacteroidales;f__Bacteroidaceae;g__Bacteroides;s__Bacteroides_vulgatus	1.0	0.00281856368125	0.048727470034	0.00579402881682	-0.000686166891705	-0.0487601215719	-0.031951572378	0.0749260707293	-0.0297219190127	-0.0228564698385	-0.0338597063182	-0.0731342883223	-0.0275412434185	-0.0329591779725	-0.0489442870118	0.0151938107212	-0.0428809882784	-0.118620157491	0.00188117372434	-0.0186161783262	0.00435179135532	0.0159257735985	-0.030575534309	-0.079834959826	-0.0195251232167	-0.0420287393984	-0.0281653040336	-0.0710118816689	-0.0177362167003	-0.0585961919196	-0.0609432969646	0.00599308973565	-0.0266401189743	0.0157194709733	0.0151407238863	0.0238885202366	-0.0580222196561	-0.00573972288376	0.0263780143746	0.0110456383401	-0.0464735442851	0.0135765062898	0.0541133451404	-0.00770749447181	-0.0377024297369	0.0499676952101	-0.00507454196846	0.0545685595677	-0.0317792172827	-0.0455720422951	-0.0463317119876	-0.0224167423787	0.0120757462905	0.0131371247248	0.0519403198442	-0.0366867022609	0.0622461593289	0.00372541234887	0.0317134089236
k__Bacteria;p__Bacteroidetes;c__Bacteroidia;o__Bacteroidales;f__Bacteroidaceae;g__Bacteroides;s__Bacteroides_uniformis	0.00281856368125	1.0	-0.0605085167866	-0.00363421258073	0.00818978773715	0.048712392604	-0.0563504425471	0.0108193128747	-0.00443738518257	-0.0316511066733	0.0355307092018	-0.0183807087747	0.0222370183508	0.0513124722553	-0.0142360111123	-0.0175144250998	-0.0278204174215	-0.00518043752586	-0.0819330684643	-0.0146509888105	0.0785916223632	0.0371579151979	-0.0969094644592	-0.0731481899202	-0.0641528326432	-0.0425455835951	-0.00143370500383	0.0295018562882	-0.0131706200424	0.0021357383154	-0.083139464799	-0.0805265783344	-0.0154172434335	0.0641981152708	0.0326089175699	-0.0621693812288	0.00131087580272	-0.0253049794036	0.0417396907949	0.00689703897677	-0.0253786042792	0.0103612462628	-0.0561015119208	0.00859763784028	-0.059798934391	0.0138626032471	-0.00906279712263	0.000117549489511	0.00756965909361	-0.0156757139693	0.0113387734901	-0.026767745672	0.0367352222898	-0.00559863111379	0.0120181741587	0.0194642621058	0.0396314420406	-0.00576508019919	-0.0378061648503
k__Bacteria;p__Bacteroidetes;c__Bacteroidia;o__Bacteroidales;f__Rikenellaceae;g__Alistipes;s__Alistipes_putredinis	0.048727470034	-0.0605085167866	1.0	0.0469219081168	0.00231214013054	-0.0107607423684	0.00181574187583	0.0140517254974	-0.0630074008336	0.00057587591224	0.040065707939	0.0128016465103	-0.0350478890653	-0.0495105441396	-0.0504828372667	0.0324780713894	0.0244678151396	-0.0464429873273	0.0880436063604	-0.0673426466665	0.0503481603698	-0.0132545640599	0.0595289130601	0.0263583172488	-0.0403624929783	-0.0137778725523	0.026600703199	-0.0317379100308	-0.00136231287344	-0.0716074962471	0.024604598508	0.00056882232457	0.00322588119558	0.0455923513504	-0.0749031478288	0.0367647838986	0.0166321675587	-0.04276157214	0.0452934082768	-0.0301893066861	-0.100774930157	-0.0210012248047	0.0116125111465	-0.0290351886306	-0.0776708368566	0.00597984996782	0.00953262849481	0.00909296544583	-0.00648523557043	-0.0469305417164	-0.105880176429	-0.0230851650517	0.0525171469184	-0.0488460922782	-0.0123779434544	0.0185098365412	-0.0295958867668	-0.0324507220613	0.0212469209036
k__Bacteria;p__Bacteroidetes;c__Bacteroidia;o__Bacteroidales;f__Prevotellaceae;g__Prevotella;s__Prevotella_copri	0.00579402881682	-0.00363421258073	0.0469219081168	1.0	0.00547456964315	-0.0613601179484	-0.0456267546801	0.0232204653138	0.00127037950901	0.0511009788593	0.0100001762132	0.047394259763	-0.0667855666582	0.0281754687003	-0.0569240771195	-0.0180638364356	0.0229069200752	-0.0335509421952	0.0314380455936	-0.00469501863682	-0.0217710790376	-0.0668247490583	-0.0218361289234	-0.0254573776993	-0.0135699417669	0.00119027898581	-0.0806511334292	0.00686266004199	-0.0396125923909	-0.120968181969	-0.0238480740935	-0.0803866327108	-0.00878412785528	-0.0683390671983	0.0110744717052	-0.0865581689127	-0.0441207068247	-0.0331715116992	0.0102199766292	0.000818986652209	-0.0367638262036	-0.0133846317437	0.0130593810659	-0.00813896833798	0.0298323892789	0.00415171395625	0.0390216260638	0.0208834052263	-0.0129092457643	-0.0622458367026	0.0194609873794	0.0475383197497	0.00227409415508	0.0209218888083	-0.0612570071919	0.0112462667191	-0.0482389752344	0.0228516261061	-0.00939935040833
k__Bacteria;p__Bacteroidetes;c__Bacteroidia;o__Bacteroidales;f__Bacteroidaceae;g__Bacteroides;s__Bacteroides_stercoris	-0.000686166891705	0.00818978773715	0.00231214013054	0.00547456964315	1.0	-0.0382433806546	-0.00860031859341	-0.00082480323874	0.0590807643783	-0.0126344265351	-0.00498974667427	-0.0400662787792	-0.0334404012101	-0.0314585400232	-0.0301101380981	-0.0054426880659	-0.0425354769293	-0.0138830743471	0.00840285260056	-0.0868310984152	0.0483104052094	-0.0409371219862	-0.0453972746054	-0.0285652249314	-0.0241208526076	0.0811918655524	-0.0445170320984	-0.0110356433158	0.00311797361599	-0.0373832420011	-0.0413517992712	-0.0106355061973	0.0102502420648	0.0200428032328	-0.0291903997895	-0.102394879444	0.0535209381984	0.00930494569029	0.0841361679633	-0.0272635814344	-0.0539490955737	-0.00902141891005	-0.0243569907473	0.0122346660458	-0.147273192825	0.0603622039629	0.00874798021493	0.0631678523997	-0.0282472666589	-0.0411586841127	-0.0346581199944	-0.0161097605668	0.0609352307374	-0.0471601811164	0.00174504005927	0.042405390121	-0.0090635524657	-0.0373723350733	-0.0556105905143
k__Bacteria;p__Bacteroidetes;c__Bacteroidia;o__Bacteroidales;f__Bacteroidaceae;g__Bacteroides;s__Bacteroides_ovatus	-0.0487601215719	0.048712392604	-0.0107607423684	-0.0613601179484	-0.0382433806546	1.0	0.022639893317	0.0124005756863	-0.0238863221844	-0.0475492465704	0.0801413178197	0.0479677989908	0.00393725376795	-0.00373263853692	0.0158988924886	-0.0424284802728	-0.0396644216958	0.00292497597449	-0.0604122421462	0.0264305560057	0.00615961271215	0.0767293056571	-0.0395980748008	-0.000459771496398	-0.0544312731895	0.0679338371607	-0.0389003019137	0.0553082693659	0.027430893684	0.0155552984798	-0.0633566602493	-0.039920836932	-0.0172900170242	0.0461849764086	-0.0195709117463	0.0582092266376	-0.0703246633007	0.000989511939953	-0.0133968860619	0.0126744721481	0.00543182463056	-0.10341832295	-0.0136762108174	0.0499216151718	-0.0564967311067	0.036301429304	-0.0469224983388	-0.0897705447177	-0.0153738851287	0.0784436564815	-0.0269343830461	0.0259787415749	-0.0100364432819	0.0792787687571	0.00164821076237	-0.0465204416132	0.0415102489347	-0.034649848757	0.0208174362755
k__Bacteria;p__Bacteroidetes;c__Bacteroidia;o__Bacteroidales;f__Rikenellaceae;g__Alistipes;s__Alistipes_shahii	-0.031951572378	-0.0563504425471	0.00181574187583	-0.0456267546801	-0.00860031859341	0.022639893317	1.0	-0.0411808886914	-0.0409521340096	-0.00264348397681	-0.012933618927	-0.0461843671825	0.0214804289711	2.07893905277e-07	0.00323005193373	-0.0976559974009	-0.00112370670619	-0.018330454234	-0.00154608431203	0.0686823023948	-0.0945186862751	-0.0454981752977	-0.0471834136989	0.00463484250612	0.0108813169865	0.0350716565171	0.0124738131462	-0.0777174762754	-0.00470727342249	-0.00594753193704	0.0398599123187	-0.00645868282742	0.0355822207438	0.0103242482955	-0.0238309255537	-0.0201125706181	-0.0124081722172	-0.00650478644351	0.0249054775653	0.0354003186081	0.0160334886125	0.0314663921309	-0.0414630226884	0.0133054261791	-0.0908128198149	0.0276322377849	0.0280322842718	-0.0348115036389	-0.00149270140477	0.0267519228326	-0.0153410433888	-0.00103710559513	0.0266043778971	-0.113943772246	0.0117400487972	-0.0270668655514	-0.0555439080508	0.0133235550134	-0.0347762492637
k__Bacteria;p__Firmicutes;c__Clostridia;o__Clostridiales;f__Ruminococcaceae;g__Faecalibacterium;s__Faecalibacterium_prausnitzii	0.0749260707293	0.0108193128747	0.0140517254974	0.0232204653138	-0.00082480323874	0.0124005756863	-0.0411808886914	1.0	0.0148086793104	0.00307875067273	-0.0218159613073	-0.0612657382585	-0.0139264932413	0.0555985524188	0.0285759044021	-0.0686402567414	-0.069167331034	-0.0290538464128	0.032308305552	-0.0228839388503	0.0107820190468	0.00753853094787	0.038414667262	-0.0606343256166	-0.0291084661197	-0.0696170712329	-0.0337053903071	-0.0077445650524	0.112758810485	-0.0134971678006	0.0111913985663	-0.0557079831541	-0.0859744524608	-0.00490543815016	0.0117365404968	-0.00254708479946	-0.0159029715524	-0.046940280599	-0.0580598393593	0.0267534383058	-0.0494848878918	0.0194784636739	-0.0216249078253	0.0281649097794	0.00175210424838	-0.0249412138981	0.0422754899205	-0.0356113102239	0.0260751045063	0.0740639851838	0.066151509687	0.00283420147134	0.039199761021	-0.0324621303514	0.129180322121	-0.0104852454764	-0.0442914260934	0.0199649266951	0.00145770933346
k__Bacteria;p__Bacteroidetes;c__Bacteroidia;o__Bacteroidales;f__Rikenellaceae;g__Alistipes;s__Alistipes_finegoldii	-0.0297219190127	-0.00443738518257	-0.0630074008336	0.00127037950901	0.0590807643783	-0.0238863221844	-0.0409521340096	0.0148086793104	1.0	-0.0220159614432	0.0049121266405	0.00842434643039	0.0400366729069	-0.0786979153198	0.0202600921209	0.0118980958455	0.0147628253277	-0.0672359113313	0.0526913045888	0.0180121585343	-0.0544550360175	-0.00200869632387	-0.0277794449277	-0.0623504240137	-0.044830875911	0.00998620275211	0.0189955277553	-0.0263974120948	-0.0278204637831	0.0246545630834	0.00314477723593	-0.0263659310713	0.00628816784055	-0.0438642220872	0.0164853062628	-0.00571418148141	-0.021150168163	-0.108863165494	0.0242057716156	-0.0263745402654	-0.0517049987282	-0.0634504464706	0.00680587704197	0.0305163238783	-0.0017591809997	-0.00255332293421	-0.0520460767697	-0.00819040843516	-0.0309589140107	-0.0168090093984	-0.0364421151914	-0.0565556994665	0.0196500241467	0.0146753879146	0.0032408152151	0.00562291493305	-0.0104098880143	0.0393773074837	0.06463335928
k__Bacteria;p__Bacteroidetes;c__Bacteroidia;o__Bacteroidales;f__Porphyromonadaceae;g__Parabacteroides;s__Parabacteroides_distasonis	-0.0228564698385	-0.0316511066733	0.00057587591224	0.0511009788593	-0.0126344265351	-0.0475492465704	-0.00264348397681	0.00307875067273	-0.0220159614432	1.0	0.00857065122215	0.000341367523063	-0.066434380467	-0.00687649464279	0.0172161037174	0.0148102706024	-0.0576182037066	0.00832412304817	-0.0061137783349	0.0101695170225	-0.0168148643628	0.0395342671692	-0.0296760720653	-0.028652387256	0.0230022056041	0.0329678135829	-0.0211245604738	0.0850304495465	0.032918151513	-0.0521564368844	-0.021837936253	-0.0676184335397	0.0195325228622	-0.0245638920501	0.00734182077582	-0.0396912043861	-0.0963750539166	-0.00080487695566	-0.0622388522374	0.0359967145356	-0.00703156190498	0.00376502054906	0.0013995106021	0.00722716901444	0.0104995088502	-0.0703965610526	0.00345329805786	-0.00645116324626	0.00364184014415	-0.0956178534274	-0.00547168091282	0.0563554840591	-0.0147199549212	-0.0348578967296	-0.00849264219903	0.00153774449562	-0.00671993707883	-0.0558327219109	0.0368035947452
k__Bacteria;p__Bacteroidetes;c__Bacteroidia;o__Bacteroidales;f__Bacteroidaceae;g__Bacteroides;s__Bacteroides_thetaiotaomicron	-0.0338597063182	0.0355307092018	0.040065707939	0.0100001762132	-0.00498974667427	0.0801413178197	-0.012933618927	-0.0218159613073	0.0049121266405	0.00857065122215	1.0	-0.0168134470826	0.0200886564134	0.0615968249878	-0.0850847472295	-0.0137388812241	0.0140114252226	0.0463012063889	-0.04251503312	-0.0359160360099	-0.00396844073445	-0.00756629746587	0.00531247589119	0.000820199072202	-0.0533025574589	0.0445867751753	0.0148662018545	0.0252771391249	-0.0796465061181	-0.0255871410437	-0.0626478485403	-0.065940270854	0.0438996145685	0.0404326682419	-0.0746104191916	0.0654409302561	-0.0609219302519	0.0508397051882	0.0053371359484	0.000233731848279	-0.0687482379262	-0.070356700663	-0.0731702637494	-0.0543827061038	0.00961058711313	0.0100500289519	-0.0193509243548	0.0194272973038	0.0434064967536	-0.00633973482944	-0.0555582713617	-0.0215971085742	-0.0441714482258	0.00640971296263	0.052191413635	-0.000467159712388	-0.0454745988163	-0.00532434718843	0.011382004967
k__Bacteria;p__Bacteroidetes;c__Bacteroidia;o__Bacteroidales;f__Bacteroidaceae;g__Bacteroides;s__Bacteroides_coprocola	-0.0731342883223	-0.0183807087747	0.0128016465103	0.047394259763	-0.0400662787792	0.0479677989908	-0.0461843671825	-0.0612657382585	0.00842434643039	0.000341367523063	-0.0168134470826	1.0	-0.0376093797918	0.0326386756038	-0.00196312980882	0.0931847591358	-0.01372718776	-0.0135586112128	-0.0576523589685	-0.0277910019953	0.0238220387502	-0.0124903934476	0.0563628602215	-0.0244412300993	0.00753724459144	0.0591490189882	0.0262109379795	-0.0670315214157	-0.00677209345339	-0.0283847048729	-0.0628834901222	0.0556422486063	0.0838052386527	-0.0415755720165	0.025670733323	-0.0339790299451	-0.018971751069	-0.0390202044496	-0.0388889690905	-0.00856576498888	-0.00539486297594	-0.0695180313019	0.0232900504473	0.0234974184841	-0.0725209824486	-0.0162629527967	0.0460983162572	0.0395554318382	-0.0188739554756	0.0268380610577	-0.0378651796697	-0.000740675480862	-0.0845537480708	-0.030765319149	0.0206556264911	0.00220908173142	0.0365798722255	0.0548430220321	-0.039423081985
k__Bacteria;p__Bacteroidetes;c__Bacteroidia;o__Bacteroidales;f__Bacteroidaceae;g__Bacteroides;s__Bacteroides_cellulosilyticus	-0.0275412434185	0.0222370183508	-0.0350478890653	-0.0667855666582	-0.0334404012101	0.00393725376795	0.0214804289711	-0.0139264932413	0.0400366729069	-0.066434380467	0.0200886564134	-0.0376093797918	1.0	-0.0256805339236	0.0462536071959	-0.101375541492	-0.000707692519004	-0.0481982058951	-0.0288588963952	-0.0366212563532	-0.0235294496157	0.0367701947332	0.0171250627851	-0.0242489663299	0.00410143785829	-0.00826678713909	-0.0122938309312	0.00179741379555	-0.0449712998157	0.00985199662846	0.0053624758987	0.0262420252486	-0.000700745850406	-0.0143424962845	-0.0197159982404	-0.0288811839876	-0.00425285710638	-0.0326050929824	0.00661463805645	-0.0149163489485	0.0135849544077	0.0235549686795	0.0611660668829	-0.0714468403061	0.00554998135887	-0.0359554700287	-0.0451482047187	-0.0312904086226	-0.0794869329858	0.0216211251909	-0.00320098252452	-0.0357870313676	-0.0314890777885	-0.00100345727645	-0.00511668926608	-0.0139431405302	-0.123440862434	-0.0140088498722	-0.0233097985461
k__Bacteria;p__Bacteroidetes;c__Bacteroidia;o__Bacteroidales;f__Rikenellaceae;g__Alistipes;s__Alistipes_obesi	-0.0329591779725	0.0513124722553	-0.0495105441396	0.0281754687003	-0.0314585400232	-0.00373263853692	2.07893905277e-07	0.0555985524188	-0.0786979153198	-0.00687649464279	0.0615968249878	0.0326386756038	-0.0256805339236	1.0	-0.0487751340196	-0.0343365889405	-0.014713912949	-0.0213466875185	-0.0339481642332	-0.00548476674023	0.0112801719917	0.0331952634407	-0.0128140400287	0.0191861434623	0.0268330439043	-0.0307963770479	-0.0429757966538	0.00131957427482	0.0436379326191	-0.0810663483167	0.00600007357234	0.0191451552842	0.060792391287	-0.00825556773177	0.0202614889908	-0.0668678051168	-0.0244484054289	0.0246315796947	-0.0959465376919	-0.0578660617438	0.0146405837944	-0.0062327450185	-0.0232508209829	-0.0149784452647	0.00207629618024	-0.121117414838	-0.0415284941757	-0.0525663548504	0.0390960639168	0.0308365716523	-0.0631489217121	0.0112317892491	-0.0362155871401	0.0156838903512	0.00348035068128	-0.0625467338953	-0.0188096647104	0.0468699159907	0.0261166417268
k__Bacteria;p__Firmicutes;c__Clostridia;o__Clostridiales;f__Lachnospiraceae;g__;s__[Eubacterium]_rectale	-0.0489442870118	-0.0142360111123	-0.0504828372667	-0.0569240771195	-0.0301101380981	0.0158988924886	0.00323005193373	0.0285759044021	0.0202600921209	0.0172161037174	-0.0850847472295	-0.00196312980882	0.0462536071959	-0.0487751340196	1.0	0.031778711915	-0.0628144634354	0.0292236532682	-0.0247787163961	-0.0549567080049	-0.0101021197591	-0.0198318653959	-0.0410465951695	-0.00912724592509	0.0105877279541	0.00159972576043	0.000300249889404	-0.00611103480585	0.0312851805137	0.0310463550148	-0.0206644377261	-0.0027158372919	-0.020285030023	-0.0338056283506	-0.0177353019694	-0.0137583574989	-0.0432221853085	-0.0642436917696	0.0380366373264	0.00560099729057	0.00222086664781	0.0162828842487	-0.0696487285998	-0.0362998178878	-0.0896222466868	0.00546738715053	0.0291803719188	0.0409127156602	-0.00359438913529	0.0291759602502	-0.0254564573078	-0.00490261557276	-0.000916500575603	0.00844077133608	0.0336784194223	-0.00411185825994	-0.0485632649518	-0.0218886854432	-0.0523904096044
k__Bacteria;p__Bacteroidetes;c__Bacteroidia;o__Bacteroidales;f__Bacteroidaceae;g__Bacteroides;s__Bacteroides_plebeius	0.0151938107212	-0.0175144250998	0.0324780713894	-0.0180638364356	-0.0054426880659	-0.0424284802728	-0.0976559974009	-0.0686402567414	0.0118980958455	0.0148102706024	-0.0137388812241	0.0931847591358	-0.101375541492	-0.0343365889405	0.031778711915	1.0	0.0223635130468	0.0426380476335	-0.0468653151243	0.0236854653775	0.0209177090663	-0.0162501859855	0.0574942331981	-0.0378329592932	0.0618687477127	-0.00172094124328	-0.0192228638031	0.0077640038916	-0.04326993012	-0.0369317523087	0.00435211816024	0.00551450823146	0.0628598652723	0.059320764468	0.0437129883018	-0.00491841334269	0.022825076991	-0.0546983796512	-0.0350708180365	-0.00809908104991	-0.0134599871744	-0.00242740413044	-0.00500839182877	-0.0230075781361	-0.0185553595202	-0.0393146036145	0.0608169371151	0.0310819735846	-0.0591252537873	-0.00659510434431	-0.0456399395854	0.00526456805981	-0.0748313755873	-0.0702748081317	-0.0820844479226	0.000927305582852	0.0279888619756	0.033237738375	-0.0237545414514
k__Bacteria;p__Bacteroidetes;c__Bacteroidia;o__Bacteroidales;f__Bacteroidaceae;g__Bacteroides;s__Bacteroides_fragilis	-0.0428809882784	-0.0278204174215	0.0244678151396	0.0229069200752	-0.0425354769293	-0.0396644216958	-0.00112370670619	-0.069167331034	0.0147628253277	-0.0576182037066	0.0140114252226	-0.01372718776	-0.000707692519004	-0.014713912949	-0.0628144634354	0.0223635130468	1.0	-0.0294067049518	-0.0097725592435	-0.00989095560975	0.0244934029033	-0.0348397829137	0.0623692269869	-0.0386833635698	0.111593145118	0.0551745998665	-0.0311087089945	-0.0142026366917	0.0336947863556	0.0378665728108	-0.00837606914158	-0.0434363335433	-0.0167739860624	0.0197600364038	-0.0750765078782	0.00708327418557	-0.0107253094626	0.00674239181345	-0.0378991005667	0.0135690701704	0.0227335874293	0.0209652046125	-0.00765584527939	0.0136340259459	-0.0500663743998	-2.95002828487e-05	-0.0802278150147	-0.0215822443641	0.0402227352752	-0.0250468062728	-0.020178784786	-0.0965338561908	-0.0412662730932	0.0215922648684	-0.0175492604782	-0.0568160393895	-0.0668928004525	0.0368772984148	-0.0139870801558
k__Bacteria;p__Proteobacteria;c__Betaproteobacteria;o__Burkholderiales;f__Sutterellaceae;g__Sutterella;s__Sutterella_wadsworthensis	-0.118620157491	-0.00518043752586	-0.0464429873273	-0.0335509421952	-0.0138830743471	0.00292497597449	-0.018330454234	-0.0290538464128	-0.0672359113313	0.00832412304817	0.0463012063889	-0.0135586112128	-0.0481982058951	-0.0213466875185	0.0292236532682	0.0426380476335	-0.0294067049518	1.0	0.0125445579742	-0.0820183716641	0.00892836029008	-0.0209442944058	-0.0294746486742	-0.0222987655589	-0.0273125860087	0.0606598812235	-0.0639095514372	-0.0202031160963	0.0369334875459	-0.0431328252109	-0.0250904432046	0.0855505142411	-0.130315680723	-0.00328576302848	0.0290134629088	-0.0462894587426	-0.0131828061578	0.0476804822629	-0.011628776633	-0.0275887795939	-0.000317629116635	0.00536139545563	-0.0463669795301	0.0142619350154	-0.014064211887	0.00121956224207	0.0597266772226	-0.00182015234404	-0.0133036650293	0.00798082740356	0.0631010996572	-0.01250058417	-0.040398917326	-0.00751889058889	-0.0489497270944	0.0230385750496	3.36940627443e-05	0.0376495115299	-0.0506652158293
k__Bacteria;p__Bacteroidetes;c__Bacteroidia;o__Bacteroidales;f__Porphyromonadaceae;g__Barnesiella;s__Barnesiella_intestinihominis	0.00188117372434	-0.0819330684643	0.0880436063604	0.0314380455936	0.00840285260056	-0.0604122421462	-0.00154608431203	0.032308305552	0.0526913045888	-0.0061137783349	-0.04251503312	-0.0576523589685	-0.0288588963952	-0.0339481642332	-0.0247787163961	-0.0468653151243	-0.0097725592435	0.0125445579742	1.0	-0.0338330686249	-0.0468053814442	-0.00176827272156	0.00376835802134	-0.0145513402401	-0.0458512039334	-0.029823737572	-0.0303457250729	-0.0509183136785	-0.0761036801333	0.0236342085856	-0.0130884137458	0.0196593715017	-0.0502904158573	-0.041179404462	0.0617501904489	0.00212907869254	-0.0126677714839	-0.0188709824303	0.0819169277789	-0.00439854377046	-0.0559510517534	0.00931870916521	0.00995997000543	-0.0204085658285	-0.000446387577782	-0.0609729413498	0.0189811025354	-0.000803068122747	-0.0211713950651	0.0155058144658	0.0904804687739	0.0170165724795	0.0330024599455	0.00413277970558	0.0531525865863	0.00572839740669	-0.08115149197	0.00752887034991	-0.0335703545328
k__Bacteria;p__Bacteroidetes;c__Bacteroidia;o__Bacteroidales;f__Odoribacteraceae;g__Odoribacter;s__Odoribacter_splanchnicus	-0.0186161783262	-0.0146509888105	-0.0673426466665	-0.00469501863682	-0.0868310984152	0.0264305560057	0.0686823023948	-0.0228839388503	0.0180121585343	0.0101695170225	-0.0359160360099	-0.0277910019953	-0.0366212563532	-0.00548476674023	-0.0549567080049	0.0236854653775	-0.00989095560975	-0.0820183716641	-0.0338330686249	1.0	-0.040566374707	-0.0798424837898	0.0109613016274	0.0447538920305	0.0198209363648	-0.0886402580331	-0.0879250024991	0.0393758224465	-0.0703563400303	0.034569701381	-0.0278086798215	-0.0325246742069	-0.000603042813351	-0.0316555352654	0.00376085440864	-0.0603563359922	0.0131526420135	0.00623771689214	0.0408450602476	-0.0726499963674	-0.0223559685056	-0.0435897520558	0.0532750608656	0.0158610337451	0.00643981650091	0.00616134076868	-0.0224638788322	-0.0185005769603	0.0515170838997	-0.0329810681728	-0.00876054565001	0.0475569752741	-0.0246420068052	0.0309363976544	-0.0224405752525	-0.0159708401503	-0.0312351187299	-0.0604083405531	-0.0233183507773
k__Bacteria;p__Bacteroidetes;c__Bacteroidia;o__Bacteroidales;f__Bacteroidaceae;g__Bacteroides;s__Bacteroides_salyersiae	0.00435179135532	0.0785916223632	0.0503481603698	-0.0217710790376	0.0483104052094	0.00615961271215	-0.0945186862751	0.0107820190468	-0.0544550360175	-0.0168148643628	-0.00396844073445	0.0238220387502	-0.0235294496157	0.0112801719917	-0.0101021197591	0.0209177090663	0.0244934029033	0.00892836029008	-0.0468053814442	-0.040566374707	1.0	-0.0476868106463	-0.0252599695044	0.0165234627822	0.00235422393001	-0.0321158165295	0.0563976876548	0.0689641427123	-0.047678171512	0.0736280625243	0.0239334234905	0.00519994990015	0.0209129473674	0.00157147566412	-0.118963495291	0.0299918488875	0.00583813508383	0.0136719582306	-0.0150709817892	0.00111057780909	-0.0688381312464	0.00105495617581	-0.0433709771727	-0.0413348109174	0.0417716909328	-0.0143451736884	-0.0526241214785	-0.0505318423924	-0.013456726659	-0.0857309855119	-0.0708591249146	0.0696276299578	-0.0598824928764	-0.00160475778657	-0.0479071819726	0.0219423144963	-0.00179294570974	-0.00851291742835	-0.0158221164665
k__Bacteria;p__Firmicutes;c__Clostridia;o__Clostridiales;f__Ruminococcaceae;g__Ruminiclostridium;s__[Eubacterium]_siraeum	0.0159257735985	0.0371579151979	-0.0132545640599	-0.0668247490583	-0.0409371219862	0.0767293056571	-0.0454981752977	0.00753853094787	-0.00200869632387	0.0395342671692	-0.00756629746587	-0.0124903934476	0.0367701947332	0.0331952634407	-0.0198318653959	-0.0162501859855	-0.0348397829137	-0.0209442944058	-0.00176827272156	-0.0798424837898	-0.0476868106463	1.0	0.0257957684639	0.0592450074034	-0.017909055253	-0.0356545431575	0.00624790477785	-0.0177159162693	0.0295697991489	-0.0579449345114	-0.0256224292194	-0.068306498387	-0.0294983549425	0.0391432651626	0.00692999978332	-0.0168098693913	-0.0275332059986	-0.0592084678024	-0.0335873410938	-0.00963458386648	0.00181931339853	-0.0115567949944	0.0172825505089	-0.0651104476848	-0.0130374336479	-0.022977669313	0.0106312681519	-0.0176155628988	0.00030703020865	-0.0180337738593	-0.00172132770068	0.0898102040066	0.0299401080539	-0.116344817218	-0.00769972730061	0.000775240923422	0.00695772063547	-0.0996499432542	-0.0160835406464
k__Bacteria;p__Proteobacteria;c__Betaproteobacteria;o__Burkholderiales;f__Sutterellaceae;g__Parasutterella;s__Parasutterella_excrementihominis	-0.030575534309	-0.0969094644592	0.0595289130601	-0.0218361289234	-0.0453972746054	-0.0395980748008	-0.0471834136989	0.038414667262	-0.0277794449277	-0.0296760720653	0.00531247589119	0.0563628602215	0.0171250627851	-0.0128140400287	-0.0410465951695	0.0574942331981	0.0623692269869	-0.0294746486742	0.00376835802134	0.0109613016274	-0.0252599695044	0.0257957684639	1.0	-0.0678929756239	-0.0383933340396	-0.0932926290546	0.0351360705156	0.0327730640868	0.00647130428902	-0.00741741577114	0.0154994579706	0.0435658517647	-0.0159591736953	-0.00666942029857	-0.0856220011387	0.0432976347165	-0.0338879932388	0.00234932922608	-0.00732007324939	-0.0165497671098	0.0587726881096	-0.116544679558	-0.0476463265349	0.0175290035315	0.0558763911689	-0.0246073218038	-0.0728566698292	-0.0216472051231	0.000375596450734	0.0302063838012	-0.0368726641998	-0.0650621587929	0.0123799019237	-0.0300092547131	0.0222469899465	0.00431525195608	-0.0633321751042	0.0628702047174	0.0242213978512
k__Bacteria;p__Actinobacteria;c__Actinobacteria;o__Bifidobacteriales;f__Bifidobacteriaceae;g__Bifidobacterium;s__Bifidobacterium_adolescentis	-0.079834959826	-0.0731481899202	0.0263583172488	-0.0254573776993	-0.0285652249314	-0.000459771496398	0.00463484250612	-0.0606343256166	-0.0623504240137	-0.028652387256	0.000820199072202	-0.0244412300993	-0.0242489663299	0.0191861434623	-0.00912724592509	-0.0378329592932	-0.0386833635698	-0.0222987655589	-0.0145513402401	0.0447538920305	0.0165234627822	0.0592450074034	-0.0678929756239	1.0	0.0416554147957	-0.0218581620067	-0.0360459960304	0.034246606345	-0.0243700960795	0.00786190724363	0.0321733880991	0.0315928504641	-0.021108986116	-0.00948277125127	0.0346935213161	-0.0549358677921	-0.0359556481691	-0.0642378491178	-0.0256607448549	-0.0807327245384	-0.0530041695501	0.0317284996076	0.0270291986919	-0.000732341704673	-0.0115308116317	0.0329277548971	-0.0198251874258	0.0141465426812	0.021958709145	-0.0406148503688	-0.01551031899	0.0113098973891	0.0145144153326	-0.00242093098211	-0.0524725048568	0.00708001489687	0.00393882036318	-0.0539828666732	-0.00577067387716
k__Bacteria;p__Firmicutes;c__Clostridia;o__Clostridiales;f__Oscillospiraceae;g__Oscillibacter;s__Oscillibacter_sp._KLE_1745	-0.0195251232167	-0.0641528326432	-0.0403624929783	-0.0135699417669	-0.0241208526076	-0.0544312731896	0.0108813169865	-0.0291084661197	-0.044830875911	0.0230022056041	-0.0533025574589	0.00753724459144	0.00410143785829	0.0268330439043	0.0105877279541	0.0618687477127	0.111593145118	-0.0273125860087	-0.0458512039334	0.0198209363648	0.00235422393001	-0.017909055253	-0.0383933340396	0.0416554147957	1.0	0.0186044973402	0.0395918293644	0.0332935702563	0.0195538303281	0.0274101076526	0.00993727992312	0.0405198893772	-0.0917010711806	-0.013291636617	-0.0834968094578	-0.017028274351	0.0214559301841	-0.0111857910722	-0.00236588964302	-0.0486559194691	-0.0161769880889	0.0118185587034	-0.0350161663558	0.00559924829642	0.0136119563488	-0.0366583943231	0.0471316116646	0.0347233092422	-0.0123249662059	-0.0103695853393	-0.0539692315679	0.0411377623376	0.0259472712025	-0.0721547013421	-0.0565120604585	-0.00514180141901	0.0275496397095	0.0213149544458	-0.0193127525622
k__Bacteria;p__Bacteroidetes;c__Bacteroidia;o__Bacteroidales;f__Bacteroidaceae;g__Bacteroides;s__Bacteroides_coprophilus	-0.0420287393984	-0.0425455835951	-0.0137778725523	0.00119027898581	0.0811918655524	0.0679338371607	0.0350716565171	-0.0696170712329	0.00998620275211	0.0329678135829	0.0445867751753	0.0591490189882	-0.00826678713909	-0.0307963770479	0.00159972576043	-0.00172094124328	0.0551745998665	0.0606598812235	-0.029823737572	-0.0886402580331	-0.0321158165295	-0.0356545431575	-0.0932926290546	-0.0218581620067	0.0186044973402	1.0	0.0349210957158	-0.012009361942	-0.0219166056638	0.0171924990262	0.0102995348746	-0.0234897089955	-0.0317342157554	-0.0659135693902	-0.00872835798787	-0.042323385597	0.0138883489919	-0.0579922329284	-0.0463986567889	0.0380076673952	-0.00176575089039	-0.0542364380004	-0.0858040913937	-0.0107647282072	-0.0102690147608	0.0373315269316	-0.0253961338854	-0.00466550290997	-0.00784131867481	-0.0595088892127	0.0253528111457	-0.119678680928	0.0550666872139	0.016849642144	0.00877523315051	-0.0184379353987	0.0160366625962	0.014361322712	-0.0324272790456
k__Bacteria;p__Firmicutes;c__Clostridia;o__Clostridiales;f__Lachnospiraceae;g__Roseburia;s__Roseburia_intestinalis	-0.0281653040336	-0.00143370500383	0.026600703199	-0.0806511334292	-0.0445170320984	-0.0389003019137	0.0124738131462	-0.0337053903071	0.0189955277553	-0.0211245604738	0.0148662018545	0.0262109379795	-0.0122938309312	-0.0429757966538	0.000300249889404	-0.0192228638031	-0.0311087089945	-0.0639095514372	-0.0303457250729	-0.0879250024991	0.0563976876548	0.00624790477785	0.0351360705156	-0.0360459960304	0.0395918293644	0.0349210957158	1.0	-0.084254764696	2.88793262058e-05	0.0215605000562	-0.0080503106524	0.0104403873031	-0.0121202879013	-0.00916093775978	0.0044951409696	-0.0660684589699	-0.0219772866694	-0.0116936811185	0.0128242345896	-3.2880529752e-05	-0.00736024268469	0.0168003010499	-0.0269926197742	0.0473245324937	0.0146528878113	0.0361527501905	0.013277846958	-0.0745502840613	-0.0117816066016	0.0224811607944	0.0402530486919	-0.0554978382595	-0.00556374411458	-0.0171216518155	0.0386827837717	-0.0715350891696	0.0462100732334	0.0479116213272	0.0133999179347
k__Bacteria;p__Firmicutes;c__Clostridia;o__Clostridiales;f__Lachnospiraceae;g__Roseburia;s__Roseburia_hominis	-0.0710118816689	0.0295018562882	-0.0317379100308	0.00686266004199	-0.0110356433158	0.0553082693659	-0.0777174762754	-0.0077445650524	-0.0263974120948	0.0850304495465	0.0252771391249	-0.0670315214157	0.00179741379555	0.00131957427482	-0.00611103480585	0.0077640038916	-0.0142026366917	-0.0202031160963	-0.0509183136785	0.0393758224465	0.0689641427123	-0.0177159162693	0.0327730640868	0.034246606345	0.0332935702563	-0.012009361942	-0.084254764696	1.0	0.0551763610599	0.0170354151175	-0.0277200955803	-0.0342518933472	-0.0128129180158	-0.0397541938337	-0.004657341721	-0.00803397553362	-0.0327777058262	-0.0207870883516	0.00592033127193	-0.0213564709434	0.0461842698492	0.0335178800282	-0.0417657613253	-0.0469993598431	0.00463278231995	0.0171933007721	-0.0307690173386	0.00460247243203	-0.081301623738	0.0721759607747	-0.027347746582	-0.00126080187789	-0.0218290569389	0.076244786787	-0.0251037768111	0.0412167869758	0.0252538275391	0.0140196814921	0.00347289547072
k__Bacteria;p__Bacteroidetes;c__Bacteroidia;o__Bacteroidales;f__Porphyromonadaceae;g__Parabacteroides;s__Parabacteroides_johnsonii	-0.0177362167003	-0.0131706200424	-0.00136231287344	-0.0396125923909	0.00311797361599	0.027430893684	-0.00470727342249	0.112758810485	-0.0278204637831	0.032918151513	-0.0796465061181	-0.00677209345339	-0.0449712998157	0.0436379326191	0.0312851805137	-0.04326993012	0.0336947863556	0.0369334875459	-0.0761036801333	-0.0703563400303	-0.047678171512	0.0295697991489	0.00647130428902	-0.0243700960795	0.0195538303281	-0.0219166056638	2.88793262058e-05	0.0551763610599	1.0	-0.072994475115	0.00304848464661	-0.113506222403	-0.000857909947627	0.02232479973	-0.0176664550207	0.00626769380711	0.00897640010442	0.0123438150429	-0.0208362642832	-0.00771611639745	-0.00938682255694	-0.00434727791026	-0.0372661533495	0.0369573587423	-0.123761524475	0.00943146450624	0.00197729858474	-0.0181542646016	-0.0172075599796	-0.0508887278008	-0.0287325370567	-0.0220866420972	-0.0376408973678	-0.00285335116995	-0.0136258581163	-0.022366663155	0.0184600911081	-0.0505316282719	-0.00531661804573
k__Bacteria;p__Actinobacteria;c__Actinobacteria;o__Bifidobacteriales;f__Bifidobacteriaceae;g__Bifidobacterium;s__Bifidobacterium_longum	-0.0585961919196	0.0021357383154	-0.0716074962471	-0.120968181969	-0.0373832420011	0.0155552984798	-0.00594753193704	-0.0134971678006	0.0246545630834	-0.0521564368844	-0.0255871410437	-0.0283847048729	0.00985199662845	-0.0810663483167	0.0310463550148	-0.0369317523087	0.0378665728108	-0.0431328252109	0.0236342085856	0.034569701381	0.0736280625243	-0.0579449345114	-0.00741741577114	0.00786190724363	0.0274101076526	0.0171924990262	0.0215605000562	0.0170354151175	-0.072994475115	1.0	-0.0329864465891	0.00959287736834	-0.0247997147605	-0.0188285118844	-0.0104203858875	-0.011938822053	-0.00600477939455	-0.0115786695987	-0.0333502940512	-0.0112614420861	0.0199691299531	0.0316951120738	-0.0526549360839	-0.00364114327744	-0.0151149810617	0.0697239646137	-0.0133807079845	0.0632652985066	-0.0692865825209	0.0583246303581	-0.0174475333973	0.00154516573324	-0.0202350368105	-0.0237638360406	0.02996403158	0.0214347958057	-0.028002628732	-0.0632135462774	-0.0430232581581
