#taxonomy	k__Bacteria;p__Bacteroidetes;c__Bacteroidia;o__Bacteroidales;f__Bacteroidaceae;g__Bacteroides;s__Bacteroides_vulgatus	k__Bacteria;p__Bacteroidetes;c__Bacteroidia;o__Bacteroidales;f__Bacteroidaceae;g__Bacteroides;s__Bacteroides_uniformis	k__Bacteria;p__Bacteroidetes;c__Bacteroidia;o__Bacteroidales;f__Rikenellaceae;g__Alistipes;s__Alistipes_putredinis	k__Bacteria;p__Bacteroidetes;c__Bacteroidia;o__Bacteroidales;f__Prevotellaceae;g__Prevotella;s__Prevotella_copri	k__Bacteria;p__Bacteroidetes;c__Bacteroidia;o__Bacteroidales;f__Bacteroidaceae;g__Bacteroides;s__Bacteroides_stercoris	k__Bacteria;p__Bacteroidetes;c__Bacteroidia;o__Bacteroidales;f__Bacteroidaceae;g__Bacteroides;s__Bacteroides_ovatus	k__Bacteria;p__Bacteroidetes;c__Bacteroidia;o__Bacteroidales;f__Rikenellaceae;g__Alistipes;s__Alistipes_shahii	k__Bacteria;p__Firmicutes;c__Clostridia;o__Clostridiales;f__Ruminococcaceae;g__Faecalibacterium;s__Faecalibacterium_prausnitzii	k__Bacteria;p__Bacteroidetes;c__Bacteroidia;o__Bacteroidales;f__Rikenellaceae;g__Alistipes;s__Alistipes_finegoldii	k__Bacteria;p__Bacteroidetes;c__Bacteroidia;o__Bacteroidales;f__Porphyromonadaceae;g__Parabacteroides;s__Parabacteroides_distasonis	k__Bacteria;p__Bacteroidetes;c__Bacteroidia;o__Bacteroidales;f__Bacteroidaceae;g__Bacteroides;s__Bacteroides_thetaiotaomicron	k__Bacteria;p__Bacteroidetes;c__Bacteroidia;o__Bacteroidales;f__Bacteroidaceae;g__Bacteroides;s__Bacteroides_coprocola	k__Bacteria;p__Bacteroidetes;c__Bacteroidia;o__Bacteroidales;f__Bacteroidaceae;g__Bacteroides;s__Bacteroides_cellulosilyticus	k__Bacteria;p__Bacteroidetes;c__Bacteroidia;o__Bacteroidales;f__Rikenellaceae;g__Alistipes;s__Alistipes_obesi	k__Bacteria;p__Firmicutes;c__Clostridia;o__Clostridiales;f__Lachnospiraceae;g__;s__[Eubacterium]_rectale	k__Bacteria;p__Bacteroidetes;c__Bacteroidia;o__Bacteroidales;f__Bacteroidaceae;g__Bacteroides;s__Bacteroides_plebeius	k__Bacteria;p__Bacteroidetes;c__Bacteroidia;o__Bacteroidales;f__Bacteroidaceae;g__Bacteroides;s__Bacteroides_fragilis	k__Bacteria;p__Proteobacteria;c__Betaproteobacteria;o__Burkholderiales;f__Sutterellaceae;g__Sutterella;s__Sutterella_wadsworthensis	k__Bacteria;p__Bacteroidetes;c__Bacteroidia;o__Bacteroidales;f__Porphyromonadaceae;g__Barnesiella;s__Barnesiella_intestinihominis	k__Bacteria;p__Bacteroidetes;c__Bacteroidia;o__Bacteroidales;f__Odoribacteraceae;g__Odoribacter;s__Odoribacter_splanchnicus	k__Bacteria;p__Bacteroidetes;c__Bacteroidia;o__Bacteroidales;f__Bacteroidaceae;g__Bacteroides;s__Bacteroides_salyersiae	k__Bacteria;p__Firmicutes;c__Clostridia;o__Clostridiales;f__Ruminococcaceae;g__Ruminiclostridium;s__[Eubacterium]_siraeum	k__Bacteria;p__Proteobacteria;c__Betaproteobacteria;o__Burkholderiales;f__Sutterellaceae;g__Parasutterella;s__Parasutterella_excrementihominis	k__Bacteria;p__Actinobacteria;c__Actinobacteria;o__Bifidobacteriales;f__Bifidobacteriaceae;g__Bifidobacterium;s__Bifidobacterium_adolescentis	k__Bacteria;p__Firmicutes;c__Clostridia;o__Clostridiales;f__Oscillospiraceae;g__Oscillibacter;s__Oscillibacter_sp._KLE_1745	k__Bacteria;p__Bacteroidetes;c__Bacteroidia;o__Bacteroidales;f__Bacteroidaceae;g__Bacteroides;s__Bacteroides_coprophilus	k__Bacteria;p__Firmicutes;c__Clostridia;o__Clostridiales;f__Lachnospiraceae;g__Roseburia;s__Roseburia_intestinalis	k__Bacteria;p__Firmicutes;c__Clostridia;o__Clostridiales;f__Lachnospiraceae;g__Roseburia;s__Roseburia_hominis	k__Bacteria;p__Bacteroidetes;c__Bacteroidia;o__Bacteroidales;f__Porphyromonadaceae;g__Parabacteroides;s__Parabacteroides_johnsonii	k__Bacteria;p__Actinobacteria;c__Actinobacteria;o__Bifidobacteriales;f__Bifidobacteriaceae;g__Bifidobacterium;s__Bifidobacterium_longum	k__Bacteria;p__Firmicutes;c__Clostridia;o__Clostridiales;f__;g__Flavonifractor;s__Flavonifractor_plautii	k__Bacteria;p__Firmicutes;c__Clostridia;o__Clostridiales;f__Clostridiaceae;g__Clostridium;s__Clostridium_phoceensis	k__Bacteria;p__Verrucomicrobia;c__Verrucomicrobiae;o__Verrucomicrobiales;f__Akkermansiaceae;g__Akkermansia;s__Akkermansia_muciniphila	k__Bacteria;p__Bacteroidetes;c__Bacteroidia;o__Bacteroidales;f__Prevotellaceae;g__Paraprevotella;s__Paraprevotella_xylaniphila	k__Bacteria;p__Firmicutes;c__Clostridia;o__Clostridiales;f__Ruminococcaceae;g__Ruminococcus;s__Ruminococcus_callidus	k__Bacteria;p__Bacteroidetes;c__Bacteroidia;o__Bacteroidales;f__Rikenellaceae;g__Alistipes;s__Alistipes_senegalensis	k__Bacteria;p__Firmicutes;c__Clostridia;o__Clostridiales;f__Lachnospiraceae;g__Blautia;s__Blautia_sp._KLE_1732	k__Bacteria;p__Bacteroidetes;c__Bacteroidia;o__Bacteroidales;f__Bacteroidaceae;g__Bacteroides;s__Bacteroides_oleiciplenus	k__Bacteria;p__Firmicutes;c__Clostridia;o__Clostridiales;f__Ruminococcaceae;g__Ruminococcus;s__Ruminococcus_bicirculans	k__Bacteria;p__Bacteroidetes;c__Bacteroidia;o__Bacteroidales;f__Bacteroidaceae;g__Bacteroides;s__Bacteroides_fluxus	k__Bacteria;p__Bacteroidetes;c__Bacteroidia;o__Bacteroidales;f__Prevotellaceae;g__Prevotella;s__Prevotella_stercorea	k__Bacteria;p__Firmicutes;c__Clostridia;o__Clostridiales;f__Lachnospiraceae;g__Dorea;s__Dorea_longicatena	k__Bacteria;p__Firmicutes;c__Clostridia;o__Clostridiales;f__Eubacteriaceae;g__Eubacterium;s__[Eubacterium]_eligens	k__Bacteria;p__Firmicutes;c__Clostridia;o__Clostridiales;f__Ruminococcaceae;g__;s__Ruminococcaceae_bacterium_D16	k__Bacteria;p__Firmicutes;c__Clostridia;o__Clostridiales;f__Lachnospiraceae;g__Coprococcus;s__Coprococcus_comes	k__Bacteria;p__Proteobacteria;c__Gammaproteobacteria;o__Enterobacterales;f__Enterobacteriaceae;g__Escherichia;s__Escherichia_coli	k__Bacteria;p__Firmicutes;c__Clostridia;o__Clostridiales;f__Ruminococcaceae;g__Anaerotruncus;s__Anaerotruncus_colihominis	k__Bacteria;p__Firmicutes;c__Clostridia;o__Clostridiales;f__Lachnospiraceae;g__Blautia;s__Blautia_obeum	k__Bacteria;p__Bacteroidetes;c__Bacteroidia;o__Bacteroidales;f__Odoribacteraceae;g__Odoribacter;s__Odoribacter_laneus	k__Bacteria;p__Firmicutes;c__Clostridia;o__Clostridiales;f__Ruminococcaceae;g__Ruminiclostridium;s__[Clostridium]_leptum	k__Bacteria;p__Bacteroidetes;c__Bacteroidia;o__Bacteroidales;f__Porphyromonadaceae;g__Parabacteroides;s__Parabacteroides_goldsteinii	k__Bacteria;p__Firmicutes;c__Clostridia;o__Clostridiales;f__Lachnospiraceae;g__Anaerostipes;s__Anaerostipes_hadrus	k__Bacteria;p__Firmicutes;c__Clostridia;o__Clostridiales;f__Ruminococcaceae;g__Ruminococcus;s__Ruminococcus_lactaris	k__Bacteria;p__Firmicutes;c__Clostridia;o__Clostridiales;f__Clostridiaceae;g__Clostridium;s__Clostridium_sp._L2-50	k__Bacteria;p__Firmicutes;c__Clostridia;o__Clostridiales;f__Clostridiaceae;g__Clostridium;s__Clostridium_sp._M62/1	k__Bacteria;p__Firmicutes;c__Clostridia;o__Clostridiales;f__;g__Intestinimonas;s__Intestinimonas_butyriciproducens	k__Bacteria;p__Actinobacteria;c__Actinobacteria;o__Bifidobacteriales;f__Bifidobacteriaceae;g__Bifidobacterium;s__Bifidobacterium_bifidum	k__Bacteria;p__Firmicutes;c__Negativicutes;o__Veillonellales;f__Veillonellaceae;g__Dialister;s__Dialister_invisus	k__Bacteria;p__Bacteroidetes;c__Bacteroidia;o__Bacteroidales;f__Bacteroidaceae;g__Bacteroides;s__Bacteroides_salanitronis
k__Bacteria;p__Bacteroidetes;c__Bacteroidia;o__Bacteroidales;f__Bacteroidaceae;g__Bacteroides;s__Bacteroides_vulgatus	1.0	-0.00472462685097	-0.010673134969	-0.0579177965347	0.00602709426973	-0.0182051331775	-0.0429855656752	0.00369180166911	-0.0562393078668	0.0121411620514	-0.0566876388185	-0.00908088570616	-0.00327437763374	0.0118809551763	-0.0174552787181	0.0110357303144	-0.0275433381944	-0.0381161294236	-0.0378619128909	-0.0010365162138	0.0160851565499	-0.0410184035188	0.0387634834481	0.0197043014288	0.0152081781185	-0.0239417869454	-0.066353281627	0.00451834406316	0.0840941852024	-0.011496708005	-0.0484731887237	-0.00293431008079	-0.00301133136924	0.0216949580138	-0.0765034286505	0.00745116547055	-0.00211060558914	0.0128385312711	-0.0335909031302	-0.0252284791471	0.00683408850567	0.0183300985855	-0.036638898181	0.0600031907478	0.00569074874273	-0.0625342422069	0.015259702972	0.035439272466	-0.0733697679525	-0.0277067077092	0.0756121243247	0.023519735693	-0.0513815371377	0.0247841256364	0.0415067614177	-0.00768776836319	0.00411015794758	-0.0494283487628	-0.016008918983
k__Bacteria;p__Bacteroidetes;c__Bacteroidia;o__Bacteroidales;f__Bacteroidaceae;g__Bacteroides;s__Bacteroides_uniformis	-0.00472462685097	1.0	-0.00569283146527	-0.0636004088332	-0.0541134374542	-0.0145240057811	-0.0225251061793	-0.0146122475413	0.0308915743061	0.0048172077672	-0.0392449567752	0.0240438244748	-0.0448802148936	0.0251621523952	0.0259874157283	0.0380348561223	0.0454318894258	-0.00821946459973	-0.0442432715188	-0.0206286867294	-0.0555470803162	-0.0363017151597	0.0104826164767	-0.0376639155736	-0.0651293085148	-0.0361537291028	0.0333007121875	-0.0242627726434	-0.042091329992	0.0103965900871	0.0237379344088	0.0292788960881	0.0341221524032	0.00858108904649	-0.0407896505428	0.00922949933733	-0.0448816660204	-0.0114879694561	0.00890431119473	0.0180651829154	0.0361625115725	-0.00657564996968	0.0142656699145	-0.00497842437541	0.0474013151504	-0.0716568545755	0.0283833734079	-0.018951273982	-0.0236862112598	0.0201938693194	0.0740767780749	-0.0349156786706	-0.029468074798	-0.0137260691819	-0.0326255603779	-0.0387601360016	-0.0482359258241	-0.0460781473032	-0.0648610573957
k__Bacteria;p__Bacteroidetes;c__Bacteroidia;o__Bacteroidales;f__Rikenellaceae;g__Alistipes;s__Alistipes_putredinis	-0.010673134969	-0.00569283146527	1.0	-0.0597565725222	0.00628503039199	0.00914183454847	-0.0240393552975	-0.0133542828323	-0.00793400899239	0.00522757347228	-0.034714510321	0.0735492255911	0.0132371050976	-0.00879764078699	-0.0689586957368	-0.0318151032641	0.0336995471581	-0.057450693162	-0.0561513522603	-0.0808166337037	-0.0444741661489	0.0552499538271	-0.0193966012196	0.025923599718	-0.00351989468904	-0.0263406248558	0.00463946003281	-0.0341108613382	-0.00718061557768	-0.032039629863	-0.0083218423601	-0.0217174799847	0.0165488728026	0.0251615460199	-0.0308019838613	-0.00217982798637	-0.0560511628582	-0.0541443997896	0.015871434929	0.00117037814169	-0.0210867495184	0.0288496906769	0.0241573162175	0.0213749607839	0.00221732417519	-0.0026796076724	0.0213389440275	0.00106158315558	-0.0678728544436	-0.0383323056998	-0.0382166757097	-0.0278392834449	0.00273722925825	0.0269958024473	0.0607592438192	-0.0119224091689	0.00312683375473	-0.0709105794501	-0.014411947873
k__Bacteria;p__Bacteroidetes;c__Bacteroidia;o__Bacteroidales;f__Prevotellaceae;g__Prevotella;s__Prevotella_copri	-0.0579177965347	-0.0636004088332	-0.0597565725222	1.0	-0.0253925451043	0.0354031986338	0.0282801229534	-0.0604902587657	-0.049076513138	-0.008044064324	0.0590248426612	0.012380220255	-0.0566600975314	0.0121629356995	0.025502942032	-0.0364764130446	-0.0688585444869	-0.0206553345859	-0.0131014388837	-0.0520506354418	-0.0963292756899	-0.0193855418737	-0.0376490800276	0.0218563111134	-0.0975141875172	0.00906486255459	-0.00352692636828	-0.0187007862563	0.0205225773174	-0.0173042067622	0.0351472632933	-0.0372904134811	-0.0112527944219	-0.00319357131102	-0.0263252064157	0.0232338629923	0.0275819361991	0.0168120498361	-0.0215099137107	0.00308795806368	0.022997449722	0.0892433698729	0.0177744031904	-0.0110576925816	-0.0335091621823	-0.0363396356726	-0.0346480735185	0.0361390319795	-0.0366106768057	-0.0194563039116	-0.00953448906793	-0.0621434076877	-0.0298869988821	-0.0264612973549	0.0375828304124	-0.0229585132977	0.0127953189201	0.0216980874569	0.0174065565088
k__Bacteria;p__Bacteroidetes;c__Bacteroidia;o__Bacteroidales;f__Bacteroidaceae;g__Bacteroides;s__Bacteroides_stercoris	0.00602709426973	-0.0541134374542	0.00628503039199	-0.0253925451043	1.0	-0.0213160114101	-0.00709785490169	0.029370854864	-0.00841919986393	-0.0334150288945	0.0663913991357	0.044845974678	-0.00369726420054	0.0284359215738	-0.0185708015006	-0.0114103555763	-0.0285479963633	-0.0655008522994	-0.0512258431273	-0.0601388289887	0.00251087005536	0.0339814018521	0.00208087064618	-0.0214794768238	0.0364232728646	-0.0357850078904	-0.0804224806835	0.0133778692943	-0.04639694506	-0.0362614973019	0.00686147283458	-0.0477780461539	-0.0711073665271	0.0426492898641	0.0207925573205	-0.0470512218836	-0.00331661155182	-0.0271770760339	-0.105534236456	0.0270150590132	-0.00178084308327	0.0536323103733	-0.00459527106356	0.00485318281506	-0.0342759224706	-0.0300200721339	0.047458398914	-0.000969547476674	-0.00168833731368	-0.00136349503507	-0.0485012774419	-0.0262230387689	-0.00136252350334	0.0085611618363	-0.0356707040139	-0.0337274654676	-0.00822520809701	0.111426075971	0.0664038737198
k__Bacteria;p__Bacteroidetes;c__Bacteroidia;o__Bacteroidales;f__Bacteroidaceae;g__Bacteroides;s__Bacteroides_ovatus	-0.0182051331775	-0.0145240057811	0.00914183454847	0.0354031986338	-0.0213160114101	1.0	-0.0358762297138	-0.0649056319172	-0.0128967856778	-0.051751578679	-0.073777680741	0.0737918151691	-0.0134354548513	-0.0907363253034	-0.054957976448	-0.0649186678325	-0.0408727922426	-0.0444292614226	0.0273067392527	0.025422836647	-0.0262233300073	-0.0652944105773	0.00370755702191	-0.0249375960606	0.029960720022	0.00573172420379	-0.00596686474228	0.0308644027971	-0.0845123897936	-0.0900146775778	-0.0268128187077	0.0118562739915	0.0114751806421	-0.0636806144629	-0.0148360633147	-0.0217926485213	-0.0408377296742	0.031621213505	-0.0853060670154	0.105171605383	0.0219011483049	-0.000206782916007	0.00822148695416	-0.0206221535875	0.0307894826429	-0.000294175858354	-0.0609553547017	-0.0201482524865	-0.0171517284818	0.0310874882052	-0.0241714295724	-0.0649915988158	-0.0168513989233	0.0159812182866	0.0321295413363	-0.0208118266679	0.0462781289583	0.0152225698963	-0.0284460688581
k__Bacteria;p__Bacteroidetes;c__Bacteroidia;o__Bacteroidales;f__Rikenellaceae;g__Alistipes;s__Alistipes_shahii	-0.0429855656752	-0.0225251061793	-0.0240393552975	0.0282801229534	-0.00709785490169	-0.0358762297138	1.0	-0.0467159474518	-0.00805724706284	0.0187873367525	0.0446494519368	-0.0595295037502	-0.00472038019393	0.0290814201691	-0.00126091031485	-0.000743489468202	0.0336028513076	-0.0417223623465	0.00881914023917	-0.00435075250723	0.0117328926943	-0.0198459364734	-0.0195995061732	-0.0634120701897	0.088724520515	-0.0620142200634	-0.0343610536332	-0.0400354260302	0.0104308179668	-0.0120485962893	0.005081874803	-0.0899093683259	0.00812923570132	0.0265368666336	-0.0218028555443	0.00148627044789	0.0617230852179	-0.00941100401936	-0.0183135538578	-0.00680430902972	0.0689632541651	-0.012633483078	-0.0509172903191	0.0123263707214	-0.00660083390146	-0.0748058151331	0.051984196003	-0.0096981587323	-0.0174926204747	-0.0360013902611	-0.0823432148678	-0.0449819981307	-0.0206128772895	-0.0541742154232	-0.0184564775736	-0.0295106268571	-0.0430018135429	-0.0520886273152	0.0570984571403
k__Bacteria;p__Firmicutes;c__Clostridia;o__Clostridiales;f__Ruminococcaceae;g__Faecalibacterium;s__Faecalibacterium_prausnitzii	0.00369180166911	-0.0146122475413	-0.0133542828323	-0.0604902587657	0.029370854864	-0.0649056319172	-0.0467159474518	1.0	-0.0448328054215	0.00442495365211	-0.064152965835	-0.0685190835859	-0.0316447269918	-0.00982249761683	0.0123907662066	0.0171451281194	0.0049790853304	-0.0151047832998	-0.0254723546216	0.0352408292551	0.0508445879052	-0.0526756272637	0.0160654714195	-0.00194041753274	0.0463364663013	-0.0254009548832	-0.0214947188739	-0.0144277330281	0.00524910890673	-0.0698157854233	-0.0734093627084	-0.0375347611204	-0.0191819052905	0.0217314524173	-0.0499167297267	-0.0620561859672	-0.0199530173757	-0.0199851972259	0.00266431824607	0.0355540330077	-0.0716240661025	-0.0806616955784	-0.086031425499	0.0494066069308	-0.0028858791879	-0.0127257677092	0.0159015907795	-0.00909483766241	-0.0372706727284	0.00821378632682	-0.0203513547258	-0.0340710231386	-0.0783742234813	-0.0292950886338	-0.0469052900976	-0.0189105348315	0.00391162221335	0.0961365479559	0.0498865233511
k__Bacteria;p__Bacteroidetes;c__Bacteroidia;o__Bacteroidales;f__Rikenellaceae;g__Alistipes;s__Alistipes_finegoldii	-0.0562393078668	0.0308915743061	-0.00793400899239	-0.049076513138	-0.00841919986393	-0.0128967856778	-0.00805724706284	-0.0448328054215	1.0	0.0386404560427	-0.00980396474466	0.0168253040117	-0.00293526870505	-0.029917475306	-0.0501843249349	-0.00488171023536	-0.0124058483382	-0.048208381341	-0.0691744150897	0.0389029444949	-0.0250723650813	0.104518437759	-0.0429059991826	-0.0619834284011	0.0217104259733	0.0130969830912	-0.0124931912309	-0.0300623322095	-0.103930083757	-0.0278809519401	-0.0633440366539	-0.013334010751	-0.0533886436843	0.0562900643027	0.0255910525304	0.0027560387978	-0.0428399733534	-0.0277566781047	0.0403681542294	-0.0594819023132	0.0294301085142	-0.0823133773169	0.0160603004838	-0.0505372094478	-0.022322855223	-0.0402567053605	-0.0767529121226	0.0308775539133	0.0158453180957	0.043423678614	0.108782269024	-0.00275899050572	-0.0261718810237	-0.0848287333274	0.00838491838938	-0.016372206753	-0.0499545162766	-0.0472297271018	0.0213569558579
k__Bacteria;p__Bacteroidetes;c__Bacteroidia;o__Bacteroidales;f__Porphyromonadaceae;g__Parabacteroides;s__Parabacteroides_distasonis	0.0121411620514	0.0048172077672	0.00522757347228	-0.008044064324	-0.0334150288945	-0.051751578679	0.0187873367525	0.00442495365211	0.0386404560427	1.0	-0.0178219812703	-0.0453039033697	-0.024822372632	-0.0811562852865	-0.0160182859039	-0.0241807562096	0.0374934031507	0.0483489012116	-0.0283890598291	-0.026605967155	-0.0702441322158	-0.0284208390982	0.0203122803302	0.0195557804292	-0.010280126631	0.0455419993228	-0.0368567955358	-0.0249662082354	0.00757383742004	0.0760768783422	-0.0124576284628	-0.0292511074924	0.00741970772909	0.0420742615657	-0.00104236268094	-0.0270567128665	-0.0185975494817	-0.0257320306381	-0.0511944937152	0.00680581034439	-0.00666230431589	0.0132712085774	0.0467205198752	-0.0307053672998	0.0161459341031	0.0178869660013	0.0668073073368	-0.000420873668532	-0.0856570762158	0.0271347056386	0.0700357923639	0.0876371966586	-0.00753413658202	0.00304535226035	-0.0670063957332	-0.0472144614643	-0.0328991420892	-0.0701525235013	0.00818390748879
k__Bacteria;p__Bacteroidetes;c__Bacteroidia;o__Bacteroidales;f__Bacteroidaceae;g__Bacteroides;s__Bacteroides_thetaiotaomicron	-0.0566876388185	-0.0392449567752	-0.034714510321	0.0590248426612	0.0663913991357	-0.073777680741	0.0446494519368	-0.064152965835	-0.00980396474466	-0.0178219812703	1.0	0.0820282777906	-0.0500556360815	-0.0900241773104	-0.0211547856556	-0.0486643009847	0.0192775170626	-0.0557967273535	0.00595339864459	-0.0684215306295	-0.0349877429016	0.0455468980937	-0.0230913332151	-0.00231578165938	-0.0242656002607	-0.0455555373182	-0.0842646938106	-0.122181678285	-0.00800004723291	-0.0880341416279	0.0239680458765	0.0784087779522	-0.0410527590443	-0.0364326901215	0.0546450281832	0.0351981501774	0.0137759424728	0.00933818747964	0.00150330531228	-0.0880327720856	0.0256459175153	0.0292578639654	0.0024185881862	-0.0446160000044	-0.0119033718231	0.0104208741121	0.0147255418956	-0.012738731807	0.0727635386516	0.0465238786762	0.00494734009516	0.00904816388514	-0.0423728563074	0.0111610486914	0.00958535417848	0.0714233109931	0.0065296981145	-0.0623621479188	0.0235411665328
k__Bacteria;p__Bacteroidetes;c__Bacteroidia;o__Bacteroidales;f__Bacteroidaceae;g__Bacteroides;s__Bacteroides_coprocola	-0.00908088570616	0.0240438244748	0.0735492255911	0.012380220255	0.044845974678	0.0737918151691	-0.0595295037502	-0.0685190835859	0.0168253040117	-0.0453039033697	0.0820282777906	1.0	0.0428638556956	-0.09943877385	-0.0258794130009	-0.0293236917979	-0.0477123764842	-0.00623120071655	-0.0264914265916	0.0232938668564	-0.0843054390442	-0.0277964494616	0.0266685301366	-0.0353671990779	0.00018644709546	-0.110133367087	-0.0566923867635	-0.0199790406292	0.0248552483085	-0.0370558544623	-0.00337905847198	0.0589547786315	-0.0214451113459	0.0380495720176	-0.0946071057253	0.0307824325032	-0.0692535784496	-0.0129900846871	-0.0250685665201	0.0404835246099	-0.0444868589299	0.0178447951125	0.0212277129166	-0.060046010789	0.00986853146737	-0.0479240424141	-0.0201727904909	-0.0712138872759	-0.0048768975233	-0.051782923629	-0.00628310338883	-0.0489450063206	0.007211980081	0.0386474064876	0.0195628998095	-0.0248964933645	-0.0196369875038	-0.0412300769452	0.0104697252429
k__Bacteria;p__Bacteroidetes;c__Bacteroidia;o__Bacteroidales;f__Bacteroidaceae;g__Bacteroides;s__Bacteroides_cellulosilyticus	-0.00327437763374	-0.0448802148936	0.0132371050976	-0.0566600975314	-0.00369726420054	-0.0134354548513	-0.00472038019393	-0.0316447269918	-0.00293526870505	-0.024822372632	-0.0500556360815	0.0428638556956	1.0	0.0140871486188	0.0946123647403	-0.01301278004	-0.0186673743297	-0.0162605474799	-0.000904380815463	-0.00841394930742	0.00538617489617	0.0128254667447	0.0138392555791	-0.0193405686446	-0.0103658407963	0.00768433707079	0.0639592986296	-0.0520480455429	0.0222958932823	0.0481972388705	-0.0100365967595	-0.00388585787197	0.0372995354989	0.0257818662681	0.0282159386612	0.0416290269763	-0.0518196256863	-0.0895086102587	-0.0792595723995	-0.0491605131952	-0.0585432623662	0.014462776141	0.0296536793835	-0.0248832477034	0.0393854694107	0.0178704103605	-0.0457095087595	-0.0235838133608	0.058387626988	-0.0236355262116	0.0299701013793	-0.0676111217803	0.0236845582345	0.0355393550228	-0.0139652275519	-0.00369822709225	0.0202368131913	-0.0517291162604	-0.00157971886631
k__Bacteria;p__Bacteroidetes;c__Bacteroidia;o__Bacteroidales;f__Rikenellaceae;g__Alistipes;s__Alistipes_obesi	0.0118809551763	0.0251621523952	-0.00879764078699	0.0121629356995	0.0284359215738	-0.0907363253034	0.0290814201691	-0.00982249761683	-0.029917475306	-0.0811562852865	-0.0900241773104	-0.09943877385	0.0140871486188	1.0	-0.0400296390983	-0.00234555973077	-0.0197601264874	0.0260346811639	0.0320655417377	-0.0109456116564	-0.00758412980205	-0.022380054659	-0.0550987072529	-0.0950008427566	0.0181676314826	0.0104032117799	0.0281163915728	0.0474377692638	-0.0401910580256	-0.00278823768674	0.00733635620074	-0.0249261423969	0.0706200226525	-0.0122518794524	0.0397778728212	-0.0856604057185	0.0220660669919	-0.0551361749788	-0.0210778453769	-0.0231892467386	0.00791861641598	-0.00631164800242	-0.0084719019672	-0.0332776730208	-0.0144280270902	0.0303984401437	-0.00586350757586	0.017045035825	-0.0704464206836	0.00483663188898	-0.0258978392219	-0.0223151464913	0.00386833937898	-0.0718141915034	-0.0473118494022	0.0250529922583	-0.0502731461991	0.0142038029901	-0.0521833034279
k__Bacteria;p__Firmicutes;c__Clostridia;o__Clostridiales;f__Lachnospiraceae;g__;s__[Eubacterium]_rectale	-0.0174552787181	0.0259874157283	-0.0689586957368	0.025502942032	-0.0185708015006	-0.054957976448	-0.00126091031485	0.0123907662066	-0.0501843249349	-0.0160182859039	-0.0211547856556	-0.0258794130009	0.0946123647403	-0.0400296390983	1.0	-0.0391988177336	-0.0400038540922	-0.046230555351	-0.00667319379618	0.0670870187081	0.0201846456	0.0669103495262	0.00581517228926	0.00189019777468	0.0216591698885	-0.0975438295157	-0.089623944105	0.00422273505744	-0.0198350525212	0.0498130274379	-0.013040092241	-0.0258814180172	-0.0396035072378	0.0140748848725	-0.0467337464358	-0.0480453977195	0.0448578140903	-0.066103980108	0.00381871220956	-0.0120298496454	0.0518873888437	-0.00517844146353	-0.0571539485158	-0.0412133090586	0.0433259089062	-0.0317235521118	-0.0490209071142	0.026672770072	-0.0126149537194	0.0111681070999	-0.0369069676163	-0.0231517850055	-0.0359417531177	0.00604033569855	-0.0489655699916	0.0841932603203	0.0030534387945	-0.00703221593051	-0.0709974056177
k__Bacteria;p__Bacteroidetes;c__Bacteroidia;o__Bacteroidales;f__Bacteroidaceae;g__Bacteroides;s__Bacteroides_plebeius	0.0110357303144	0.0380348561223	-0.0318151032641	-0.0364764130446	-0.0114103555763	-0.0649186678325	-0.000743489468202	0.0171451281194	-0.00488171023536	-0.0241807562096	-0.0486643009847	-0.0293236917979	-0.01301278004	-0.00234555973077	-0.0391988177336	1.0	0.00996802969594	-0.0187235098853	-0.0487582216753	0.00288012852438	0.0216367416347	-0.0590026251898	0.0145292780049	-0.0144410636607	-0.0316453490111	-0.00567525760042	-0.00872014550167	-0.0808340659734	0.00177171843183	-0.0388163394266	0.00824254739554	0.0191989745419	-0.0519641140235	-0.00675051433002	-0.033938958421	0.0359392776294	-0.00257950882566	0.0327974069882	-0.0227319842902	0.0189726770629	-0.0480781386843	0.0422810899656	0.019100984773	0.0289034929043	0.00178899000541	-0.0144425527552	0.0219209331638	0.0126944272114	0.0409582536262	-0.0281102050678	-0.0289696848578	-0.0414028954114	0.034627713599	-0.103861056151	-0.00419640121148	-0.008455153769	-0.0264347655119	0.0123638353037	-0.00577380632065
k__Bacteria;p__Bacteroidetes;c__Bacteroidia;o__Bacteroidales;f__Bacteroidaceae;g__Bacteroides;s__Bacteroides_fragilis	-0.0275433381944	0.0454318894258	0.0336995471581	-0.0688585444869	-0.0285479963633	-0.0408727922426	0.0336028513076	0.0049790853304	-0.0124058483382	0.0374934031507	0.0192775170626	-0.0477123764842	-0.0186673743297	-0.0197601264874	-0.0400038540922	0.00996802969594	1.0	-0.010637476789	-0.0110657331419	-0.00266926399821	-0.0425596546037	-0.00637108395753	-0.0114392601684	-0.0255505510813	-0.0229573667552	-0.0411096853132	-0.0136685894513	-0.0177704897589	0.00016592025055	-0.0768975641375	-0.0330198120712	0.0275780749288	0.0308372965148	-0.0848459793863	-0.00455917430781	-0.0952349451263	-0.0401013653553	-0.0144650491254	0.00488608793384	0.0532496352208	0.0186948732723	-0.0350995840928	-0.0133009602865	-0.0681287295809	-0.0914987293504	-0.0224573502584	-0.0118304045707	0.00781808796949	0.0474397639816	-0.0112304529516	0.00352149515473	-0.000663064797503	-0.028829253933	-0.0314237623021	-0.0178968945027	-0.0272286498327	-0.00229710603238	0.0370832133685	0.0359499008159
k__Bacteria;p__Proteobacteria;c__Betaproteobacteria;o__Burkholderiales;f__Sutterellaceae;g__Sutterella;s__Sutterella_wadsworthensis	-0.0381161294236	-0.00821946459973	-0.057450693162	-0.0206553345859	-0.0655008522994	-0.0444292614226	-0.0417223623465	-0.0151047832998	-0.048208381341	0.0483489012116	-0.0557967273535	-0.00623120071655	-0.0162605474799	0.0260346811639	-0.046230555351	-0.0187235098853	-0.010637476789	1.0	-0.0103303049221	-0.0601952121862	0.015842540067	0.0325801936886	0.0587692230342	0.0150524284967	0.0379518882794	0.0382344783779	0.0111319636721	-0.0111870202076	0.0203161122295	-0.075379735836	-0.0349990091692	0.00045292347011	-0.0172195011715	-0.062629532012	0.00370866484144	0.000162845711051	-0.0243351039827	-0.0187727204649	0.031583186382	-0.0387190079789	0.0556407699679	-0.0350551835255	0.0241169593128	-0.0914979857018	0.0665019644011	-0.0617232785831	-0.0266508967485	0.00804956375532	0.00287228205042	-0.0237423323506	0.0173693901285	0.0479905159284	0.0361860489992	0.0339964073005	-0.0677615899172	-0.0258893587985	-0.0505470482658	0.0310192667553	0.0459228920624
k__Bacteria;p__Bacteroidetes;c__Bacteroidia;o__Bacteroidales;f__Porphyromonadaceae;g__Barnesiella;s__Barnesiella_intestinihominis	-0.0378619128909	-0.0442432715188	-0.0561513522603	-0.0131014388837	-0.0512258431273	0.0273067392527	0.00881914023917	-0.0254723546216	-0.0691744150897	-0.0283890598291	0.00595339864459	-0.0264914265916	-0.000904380815463	0.0320655417377	-0.00667319379618	-0.0487582216753	-0.0110657331419	-0.0103303049221	1.0	0.0687989801244	-0.00554764380703	-0.0178266612418	-0.0332046479724	-0.0195113176265	-0.00573409290101	-0.0635541242187	-0.00154236267453	0.0267195243948	-0.0410340026685	0.00642588882594	-0.0336399897215	-0.0241349479913	-0.0196794367702	0.000298276120327	0.0172711937459	-0.0509455958219	-0.069250473339	0.0328415829633	-0.0161343420263	-0.0243770658889	-0.0208730025166	0.0345446179537	-0.00607206037888	0.0015004829326	-0.0450436960191	0.0633658478835	0.00929905543993	-0.011239898012	-0.066455940999	0.0341876561969	-0.0328375140467	0.0388522644485	-0.00176474250565	-0.0405467132553	0.0287439899963	0.0100370201	-0.0126225793997	-0.0372875294397	-0.0045197755551
k__Bacteria;p__Bacteroidetes;c__Bacteroidia;o__Bacteroidales;f__Odoribacteraceae;g__Odoribacter;s__Odoribacter_splanchnicus	-0.0010365162138	-0.0206286867294	-0.0808166337037	-0.0520506354418	-0.0601388289887	0.025422836647	-0.00435075250723	0.0352408292551	0.0389029444949	-0.026605967155	-0.0684215306295	0.0232938668564	-0.00841394930742	-0.0109456116564	0.0670870187081	0.00288012852438	-0.00266926399821	-0.0601952121862	0.0687989801244	1.0	0.065684310379	-0.0116471486492	-0.0245910370033	-0.0375172219345	-0.0124863680315	-0.0145045628922	0.00332465638328	0.00750560922889	-0.0398153397479	-0.0378632573228	0.00674303469589	-0.0678821810283	-0.0578980836258	0.0435924027773	-0.0695240919428	-0.0124151125832	0.0632011182065	0.0730750152372	-0.0765235657548	-0.0358675243695	0.0420984231681	-0.0952648034462	0.0157825268359	-0.01993035215	0.00359451260239	-0.0228435903406	0.00544663035446	0.0451482704511	-0.00929429452085	0.0834517625581	-0.00168014068409	0.0137266259439	-0.00884723671272	-0.0190341201957	-0.0496745943626	0.0316885453841	-0.00455125246718	0.0496510896957	0.0205173702612
k__Bacteria;p__Bacteroidetes;c__Bacteroidia;o__Bacteroidales;f__Bacteroidaceae;g__Bacteroides;s__Bacteroides_salyersiae	0.0160851565499	-0.0555470803162	-0.0444741661489	-0.0963292756899	0.00251087005536	-0.0262233300073	0.0117328926943	0.0508445879052	-0.0250723650813	-0.0702441322158	-0.0349877429016	-0.0843054390442	0.00538617489617	-0.00758412980205	0.0201846456	0.0216367416347	-0.0425596546037	0.015842540067	-0.00554764380703	0.065684310379	1.0	-0.0789594590065	-0.00163509015989	-0.00190007425249	0.0280267872451	0.00601739578699	-0.0162520968433	-0.0120533336124	0.0110807882633	-0.0605624094947	0.0348184821918	0.0758180842213	0.0613624017435	0.0309940349395	0.0751102997953	-0.00287871595095	-0.00272720718053	-0.0599104762946	0.0174952396064	-0.031321396749	-0.0140294011586	-0.0501498593841	0.0676416330366	0.0161591751981	-0.020755658191	-0.000669404217055	-0.031324287988	-0.0218746195956	0.0270118797038	-0.03833823998	-0.0344050938945	0.0272482493019	-0.034351136081	-0.0922215293118	-0.00886448181824	-0.0546363475587	-0.0653962413816	-0.00790651074953	0.0292458126308
k__Bacteria;p__Firmicutes;c__Clostridia;o__Clostridiales;f__Ruminococcaceae;g__Ruminiclostridium;s__[Eubacterium]_siraeum	-0.0410184035188	-0.0363017151597	0.0552499538271	-0.0193855418737	0.0339814018521	-0.0652944105773	-0.0198459364734	-0.0526756272637	0.104518437759	-0.0284208390982	0.0455468980937	-0.0277964494616	0.0128254667447	-0.022380054659	0.0669103495262	-0.0590026251898	-0.00637108395753	0.0325801936886	-0.0178266612418	-0.0116471486492	-0.0789594590065	1.0	-0.0163621825408	-0.0217732380595	-0.0129170296841	0.0121920708067	0.0196363234541	0.0169067711589	0.00428601431687	0.00514366313223	0.0375871517849	-0.033104929378	-0.00271711553517	0.0103189283745	-0.0277112169136	-0.0634433496726	-0.0390823810108	-0.050126464346	-0.0441935759506	-0.066126890171	0.00267547782675	-0.0801891065546	0.011454409183	0.019671427856	0.0182240254366	-0.00668227806951	-0.0526903979209	-0.0162872512618	0.0463210030028	0.000523602455624	-0.0194478514454	-0.0340924146823	-0.0665227931948	0.0164234455081	-0.0742789504926	-0.0355317377561	0.0396824520665	0.0149263741012	0.0235430067193
k__Bacteria;p__Proteobacteria;c__Betaproteobacteria;o__Burkholderiales;f__Sutterellaceae;g__Parasutterella;s__Parasutterella_excrementihominis	0.0387634834481	0.0104826164767	-0.0193966012196	-0.0376490800276	0.00208087064618	0.00370755702191	-0.0195995061732	0.0160654714195	-0.0429059991826	0.0203122803302	-0.0230913332151	0.0266685301366	0.0138392555791	-0.0550987072529	0.00581517228926	0.0145292780049	-0.0114392601684	0.0587692230342	-0.0332046479724	-0.0245910370033	-0.00163509015989	-0.0163621825408	1.0	-0.0139804732731	-0.0702080090222	-0.0413477281123	-0.0432443500652	0.00140293963123	-0.0339189609347	-0.0422919533939	-0.0341393282257	0.00160439823204	0.0223297145235	-0.0150375299173	0.0241102278452	-0.0495643754621	-0.0565590138305	0.0247472971231	0.0678839004877	-0.100716197313	-0.00626021414033	-0.0385316363428	0.0608271681146	0.0367827198572	-0.015512879131	0.0259799703443	-0.0138581840416	-0.0391247959366	-0.0255655266416	-0.0257323731667	0.0266190758854	-0.0525874321476	0.0382551692382	0.0953589893934	-0.0470299830835	0.0691393238259	-0.0172132619287	0.0277757415396	0.0175837762588
k__Bacteria;p__Actinobacteria;c__Actinobacteria;o__Bifidobacteriales;f__Bifidobacteriaceae;g__Bifidobacterium;s__Bifidobacterium_adolescentis	0.0197043014288	-0.0376639155736	0.025923599718	0.0218563111134	-0.0214794768238	-0.0249375960606	-0.0634120701897	-0.00194041753273	-0.0619834284011	0.0195557804292	-0.00231578165938	-0.0353671990779	-0.0193405686446	-0.0950008427566	0.00189019777468	-0.0144410636607	-0.0255505510813	0.0150524284967	-0.0195113176265	-0.0375172219345	-0.00190007425249	-0.0217732380595	-0.0139804732731	1.0	-0.017644189656	-0.0630330160296	0.0606717292072	-0.0131597325184	-0.0351307480403	0.0604022368054	0.0355391055265	-0.0701706290768	0.018758757272	-0.0342558441971	-0.0185381825342	-0.0130342605019	0.00185183163127	0.0461359003748	0.00786140532156	-0.0314126398938	0.0147784463092	0.00727371170075	-0.00435064429141	-0.0243688480922	0.0154343919412	-0.00803811514544	-0.0341182246639	-0.0168394439021	0.027756130694	-0.0397348854909	-0.0494703755972	-0.0663779189779	0.0206729203321	-0.0255871248499	-0.0316326858032	-0.00887162013995	0.0298389970078	-0.0122245216095	0.00479936187473
k__Bacteria;p__Firmicutes;c__Clostridia;o__Clostridiales;f__Oscillospiraceae;g__Oscillibacter;s__Oscillibacter_sp._KLE_1745	0.0152081781185	-0.0651293085148	-0.00351989468904	-0.0975141875172	0.0364232728646	0.029960720022	0.088724520515	0.0463364663013	0.0217104259733	-0.010280126631	-0.0242656002607	0.00018644709546	-0.0103658407963	0.0181676314826	0.0216591698885	-0.0316453490111	-0.0229573667552	0.0379518882794	-0.00573409290101	-0.0124863680315	0.0280267872451	-0.0129170296841	-0.0702080090222	-0.017644189656	1.0	0.0199850246746	0.0408267259421	-0.0201739715196	0.0236504571986	-0.0731594020238	-0.0202408001911	-0.0185413739041	-0.0330800518463	-0.0398360006904	-0.112509737791	0.072312680077	-0.0380951974409	-0.00815775871961	0.0975692623389	0.00231388969656	0.0162557557057	-0.00951296707642	0.0337330379372	-0.0154224418853	0.0433201650376	-0.0413770185469	0.0462709083733	-0.00729543933028	-0.0397486071905	-0.0158222309185	-0.044519506547	0.0261297966332	-0.0352887640234	-0.0206618336923	0.0212244799579	-0.0388942177037	-0.0506530877138	0.000102484484183	-0.0071176301229
k__Bacteria;p__Bacteroidetes;c__Bacteroidia;o__Bacteroidales;f__Bacteroidaceae;g__Bacteroides;s__Bacteroides_coprophilus	-0.0239417869454	-0.0361537291028	-0.0263406248558	0.00906486255459	-0.0357850078904	0.00573172420379	-0.0620142200634	-0.0254009548832	0.0130969830912	0.0455419993228	-0.0455555373182	-0.110133367087	0.00768433707079	0.0104032117799	-0.0975438295157	-0.00567525760042	-0.0411096853132	0.0382344783779	-0.0635541242187	-0.0145045628922	0.00601739578699	0.0121920708067	-0.0413477281123	-0.0630330160296	0.0199850246746	1.0	-0.00457871590369	0.00515351981184	-0.0537594712957	0.00211957866596	-0.0111644632533	-0.0320881938401	-0.021974344203	-0.0256791026261	-0.105429792852	-0.0722195085087	0.0662682468025	0.0514754212098	-0.0532424427497	0.0711006331392	0.0264013818809	-0.0242820850895	-0.0283451367517	0.0587290129634	0.00620600881022	-0.00180700702865	-0.0245816915888	0.0269923928233	-0.0818321915159	0.0282062573216	-0.03240215559	0.0108932742734	-0.0475148914137	-0.0712518732541	-0.0357813204436	-0.0415575015974	-0.0594280122302	-0.0350127459932	0.0920935431534
k__Bacteria;p__Firmicutes;c__Clostridia;o__Clostridiales;f__Lachnospiraceae;g__Roseburia;s__Roseburia_intestinalis	-0.066353281627	0.0333007121875	0.00463946003281	-0.00352692636828	-0.0804224806835	-0.00596686474228	-0.0343610536332	-0.0214947188739	-0.0124931912309	-0.0368567955358	-0.0842646938106	-0.0566923867635	0.0639592986296	0.0281163915728	-0.089623944105	-0.00872014550167	-0.0136685894513	0.0111319636721	-0.00154236267453	0.00332465638328	-0.0162520968433	0.0196363234541	-0.0432443500652	0.0606717292072	0.0408267259421	-0.00457871590369	1.0	0.0136370064657	0.0298556512188	-0.0978683781934	-0.0127876910363	0.0249950941148	0.0174141118068	-0.0346682120609	-0.0446525520895	-0.0517733192219	0.0133845970246	0.00228714867162	-0.000789279556688	-0.0128060082039	-0.0883850521786	-0.0190322803217	-0.0466958452867	-0.0505938160172	0.0241489563586	-0.0846845539888	-0.0706097641984	-0.0572466846141	-0.0339569414832	0.0255866489765	-0.0412034551889	-0.00344004513534	0.000460083905624	-0.00754934886026	0.0638561973714	-0.0296772378762	-0.00242189418522	-0.0228315184792	-0.0250282469736
k__Bacteria;p__Firmicutes;c__Clostridia;o__Clostridiales;f__Lachnospiraceae;g__Roseburia;s__Roseburia_hominis	0.00451834406316	-0.0242627726434	-0.0341108613382	-0.0187007862563	0.0133778692943	0.0308644027971	-0.0400354260302	-0.0144277330281	-0.0300623322095	-0.0249662082354	-0.122181678285	-0.0199790406292	-0.0520480455429	0.0474377692638	0.00422273505744	-0.0808340659734	-0.0177704897589	-0.0111870202076	0.0267195243948	0.00750560922889	-0.0120533336124	0.0169067711589	0.00140293963123	-0.0131597325184	-0.0201739715196	0.00515351981184	0.0136370064657	1.0	0.00132892916113	-0.0310683143716	-0.0464475064362	-0.00652927250473	-0.0262704915853	-0.0336189035826	-0.0149819179978	-0.0696998583897	0.103919847006	0.0103327298867	-0.011213342749	0.0262701503608	0.0564706105458	0.0148628797781	-0.0130662875468	-0.0217193206521	-0.0306014828674	-0.0147166383776	0.0200234915825	0.0372085512347	0.0119038331335	-0.0167646463489	0.00213009150528	-0.015249768661	-0.00962532110778	-0.0226219939584	-0.0235241134826	-0.0403166359335	0.00355241497885	0.000408887513243	-0.0923938872035
k__Bacteria;p__Bacteroidetes;c__Bacteroidia;o__Bacteroidales;f__Porphyromonadaceae;g__Parabacteroides;s__Parabacteroides_johnsonii	0.0840941852024	-0.042091329992	-0.00718061557768	0.0205225773174	-0.04639694506	-0.0845123897936	0.0104308179668	0.00524910890673	-0.103930083757	0.00757383742004	-0.00800004723291	0.0248552483085	0.0222958932823	-0.0401910580256	-0.0198350525212	0.00177171843183	0.00016592025055	0.0203161122295	-0.0410340026685	-0.0398153397479	0.0110807882633	0.00428601431687	-0.0339189609347	-0.0351307480403	0.0236504571986	-0.0537594712957	0.0298556512188	0.00132892916113	1.0	0.0354995954203	-0.0401915383058	0.019153765743	0.0965116593947	0.0152877011831	-0.0411661265035	-0.0286958601475	0.000928742481916	-0.0303317843425	0.0356214676288	-0.0719596735487	0.0078825109622	-0.0688201122683	-0.00579989844539	0.0539609472678	-0.00821798495225	0.00391360689114	0.0657146001454	0.0359005499404	0.0482416689236	-0.000850855501097	-0.0553739017524	0.0175354185241	-0.0585749622697	-0.0632588408119	0.00526746853221	0.0777564763389	0.0430386302988	-0.0736262485939	-0.115986371356
k__Bacteria;p__Actinobacteria;c__Actinobacteria;o__Bifidobacteriales;f__Bifidobacteriaceae;g__Bifidobacterium;s__Bifidobacterium_longum	-0.011496708005	0.0103965900871	-0.032039629863	-0.0173042067622	-0.0362614973019	-0.0900146775778	-0.0120485962893	-0.0698157854233	-0.0278809519401	0.0760768783422	-0.0880341416279	-0.0370558544623	0.0481972388705	-0.00278823768674	0.0498130274379	-0.0388163394266	-0.0768975641375	-0.075379735836	0.00642588882594	-0.0378632573228	-0.0605624094947	0.00514366313223	-0.0422919533939	0.0604022368054	-0.0731594020238	0.00211957866596	-0.0978683781934	-0.0310683143716	0.0354995954203	1.0	-0.0748682674971	-0.108294582048	-0.00359517445734	-0.00128213457763	0.0570927438963	0.0285762643142	0.00564212070582	-0.0286777478626	-0.0274745375357	0.0471682503864	0.00419364463071	-0.0228222817008	0.0561091642796	-0.0289219778121	-0.0371981888729	-0.016312654619	-0.00673615210044	-0.0417257335835	0.0444014479445	0.0053977859968	-0.050057286697	-0.0278845356898	-0.0466497784023	0.00468649195683	-0.00340962968948	-0.028927376281	-0.0209932548886	0.0230694487732	0.0131183026002
