#taxonomy	k__Bacteria;p__Bacteroidetes;c__Bacteroidia;o__Bacteroidales;f__Bacteroidaceae;g__Bacteroides;s__Bacteroides_vulgatus	k__Bacteria;p__Bacteroidetes;c__Bacteroidia;o__Bacteroidales;f__Bacteroidaceae;g__Bacteroides;s__Bacteroides_uniformis	k__Bacteria;p__Bacteroidetes;c__Bacteroidia;o__Bacteroidales;f__Rikenellaceae;g__Alistipes;s__Alistipes_putredinis	k__Bacteria;p__Bacteroidetes;c__Bacteroidia;o__Bacteroidales;f__Prevotellaceae;g__Prevotella;s__Prevotella_copri	k__Bacteria;p__Bacteroidetes;c__Bacteroidia;o__Bacteroidales;f__Bacteroidaceae;g__Bacteroides;s__Bacteroides_stercoris	k__Bacteria;p__Bacteroidetes;c__Bacteroidia;o__Bacteroidales;f__Bacteroidaceae;g__Bacteroides;s__Bacteroides_ovatus	k__Bacteria;p__Bacteroidetes;c__Bacteroidia;o__Bacteroidales;f__Rikenellaceae;g__Alistipes;s__Alistipes_shahii	k__Bacteria;p__Firmicutes;c__Clostridia;o__Clostridiales;f__Ruminococcaceae;g__Faecalibacterium;s__Faecalibacterium_prausnitzii	k__Bacteria;p__Bacteroidetes;c__Bacteroidia;o__Bacteroidales;f__Rikenellaceae;g__Alistipes;s__Alistipes_finegoldii	k__Bacteria;p__Bacteroidetes;c__Bacteroidia;o__Bacteroidales;f__Porphyromonadaceae;g__Parabacteroides;s__Parabacteroides_distasonis	k__Bacteria;p__Bacteroidetes;c__Bacteroidia;o__Bacteroidales;f__Bacteroidaceae;g__Bacteroides;s__Bacteroides_thetaiotaomicron	k__Bacteria;p__Bacteroidetes;c__Bacteroidia;o__Bacteroidales;f__Bacteroidaceae;g__Bacteroides;s__Bacteroides_coprocola	k__Bacteria;p__Bacteroidetes;c__Bacteroidia;o__Bacteroidales;f__Bacteroidaceae;g__Bacteroides;s__Bacteroides_cellulosilyticus	k__Bacteria;p__Bacteroidetes;c__Bacteroidia;o__Bacteroidales;f__Rikenellaceae;g__Alistipes;s__Alistipes_obesi	k__Bacteria;p__Firmicutes;c__Clostridia;o__Clostridiales;f__Lachnospiraceae;g__;s__[Eubacterium]_rectale	k__Bacteria;p__Bacteroidetes;c__Bacteroidia;o__Bacteroidales;f__Bacteroidaceae;g__Bacteroides;s__Bacteroides_plebeius	k__Bacteria;p__Bacteroidetes;c__Bacteroidia;o__Bacteroidales;f__Bacteroidaceae;g__Bacteroides;s__Bacteroides_fragilis	k__Bacteria;p__Proteobacteria;c__Betaproteobacteria;o__Burkholderiales;f__Sutterellaceae;g__Sutterella;s__Sutterella_wadsworthensis	k__Bacteria;p__Bacteroidetes;c__Bacteroidia;o__Bacteroidales;f__Porphyromonadaceae;g__Barnesiella;s__Barnesiella_intestinihominis	k__Bacteria;p__Bacteroidetes;c__Bacteroidia;o__Bacteroidales;f__Odoribacteraceae;g__Odoribacter;s__Odoribacter_splanchnicus	k__Bacteria;p__Bacteroidetes;c__Bacteroidia;o__Bacteroidales;f__Bacteroidaceae;g__Bacteroides;s__Bacteroides_salyersiae	k__Bacteria;p__Firmicutes;c__Clostridia;o__Clostridiales;f__Ruminococcaceae;g__Ruminiclostridium;s__[Eubacterium]_siraeum	k__Bacteria;p__Proteobacteria;c__Betaproteobacteria;o__Burkholderiales;f__Sutterellaceae;g__Parasutterella;s__Parasutterella_excrementihominis	k__Bacteria;p__Actinobacteria;c__Actinobacteria;o__Bifidobacteriales;f__Bifidobacteriaceae;g__Bifidobacterium;s__Bifidobacterium_adolescentis	k__Bacteria;p__Firmicutes;c__Clostridia;o__Clostridiales;f__Oscillospiraceae;g__Oscillibacter;s__Oscillibacter_sp._KLE_1745	k__Bacteria;p__Bacteroidetes;c__Bacteroidia;o__Bacteroidales;f__Bacteroidaceae;g__Bacteroides;s__Bacteroides_coprophilus	k__Bacteria;p__Firmicutes;c__Clostridia;o__Clostridiales;f__Lachnospiraceae;g__Roseburia;s__Roseburia_intestinalis	k__Bacteria;p__Firmicutes;c__Clostridia;o__Clostridiales;f__Lachnospiraceae;g__Roseburia;s__Roseburia_hominis	k__Bacteria;p__Bacteroidetes;c__Bacteroidia;o__Bacteroidales;f__Porphyromonadaceae;g__Parabacteroides;s__Parabacteroides_johnsonii	k__Bacteria;p__Actinobacteria;c__Actinobacteria;o__Bifidobacteriales;f__Bifidobacteriaceae;g__Bifidobacterium;s__Bifidobacterium_longum	k__Bacteria;p__Firmicutes;c__Clostridia;o__Clostridiales;f__;g__Flavonifractor;s__Flavonifractor_plautii	k__Bacteria;p__Firmicutes;c__Clostridia;o__Clostridiales;f__Clostridiaceae;g__Clostridium;s__Clostridium_phoceensis	k__Bacteria;p__Verrucomicrobia;c__Verrucomicrobiae;o__Verrucomicrobiales;f__Akkermansiaceae;g__Akkermansia;s__Akkermansia_muciniphila	k__Bacteria;p__Bacteroidetes;c__Bacteroidia;o__Bacteroidales;f__Prevotellaceae;g__Paraprevotella;s__Paraprevotella_xylaniphila	k__Bacteria;p__Firmicutes;c__Clostridia;o__Clostridiales;f__Ruminococcaceae;g__Ruminococcus;s__Ruminococcus_callidus	k__Bacteria;p__Bacteroidetes;c__Bacteroidia;o__Bacteroidales;f__Rikenellaceae;g__Alistipes;s__Alistipes_senegalensis	k__Bacteria;p__Firmicutes;c__Clostridia;o__Clostridiales;f__Lachnospiraceae;g__Blautia;s__Blautia_sp._KLE_1732	k__Bacteria;p__Bacteroidetes;c__Bacteroidia;o__Bacteroidales;f__Bacteroidaceae;g__Bacteroides;s__Bacteroides_oleiciplenus	k__Bacteria;p__Firmicutes;c__Clostridia;o__Clostridiales;f__Ruminococcaceae;g__Ruminococcus;s__Ruminococcus_bicirculans	k__Bacteria;p__Bacteroidetes;c__Bacteroidia;o__Bacteroidales;f__Bacteroidaceae;g__Bacteroides;s__Bacteroides_fluxus	k__Bacteria;p__Bacteroidetes;c__Bacteroidia;o__Bacteroidales;f__Prevotellaceae;g__Prevotella;s__Prevotella_stercorea	k__Bacteria;p__Firmicutes;c__Clostridia;o__Clostridiales;f__Lachnospiraceae;g__Dorea;s__Dorea_longicatena	k__Bacteria;p__Firmicutes;c__Clostridia;o__Clostridiales;f__Eubacteriaceae;g__Eubacterium;s__[Eubacterium]_eligens	k__Bacteria;p__Firmicutes;c__Clostridia;o__Clostridiales;f__Ruminococcaceae;g__;s__Ruminococcaceae_bacterium_D16	k__Bacteria;p__Firmicutes;c__Clostridia;o__Clostridiales;f__Lachnospiraceae;g__Coprococcus;s__Coprococcus_comes	k__Bacteria;p__Proteobacteria;c__Gammaproteobacteria;o__Enterobacterales;f__Enterobacteriaceae;g__Escherichia;s__Escherichia_coli	k__Bacteria;p__Firmicutes;c__Clostridia;o__Clostridiales;f__Ruminococcaceae;g__Anaerotruncus;s__Anaerotruncus_colihominis	k__Bacteria;p__Firmicutes;c__Clostridia;o__Clostridiales;f__Lachnospiraceae;g__Blautia;s__Blautia_obeum	k__Bacteria;p__Bacteroidetes;c__Bacteroidia;o__Bacteroidales;f__Odoribacteraceae;g__Odoribacter;s__Odoribacter_laneus	k__Bacteria;p__Firmicutes;c__Clostridia;o__Clostridiales;f__Ruminococcaceae;g__Ruminiclostridium;s__[Clostridium]_leptum	k__Bacteria;p__Bacteroidetes;c__Bacteroidia;o__Bacteroidales;f__Porphyromonadaceae;g__Parabacteroides;s__Parabacteroides_goldsteinii	k__Bacteria;p__Firmicutes;c__Clostridia;o__Clostridiales;f__Lachnospiraceae;g__Anaerostipes;s__Anaerostipes_hadrus	k__Bacteria;p__Firmicutes;c__Clostridia;o__Clostridiales;f__Ruminococcaceae;g__Ruminococcus;s__Ruminococcus_lactaris	k__Bacteria;p__Firmicutes;c__Clostridia;o__Clostridiales;f__Clostridiaceae;g__Clostridium;s__Clostridium_sp._L2-50	k__Bacteria;p__Firmicutes;c__Clostridia;o__Clostridiales;f__Clostridiaceae;g__Clostridium;s__Clostridium_sp._M62/1	k__Bacteria;p__Firmicutes;c__Clostridia;o__Clostridiales;f__;g__Intestinimonas;s__Intestinimonas_butyriciproducens	k__Bacteria;p__Actinobacteria;c__Actinobacteria;o__Bifidobacteriales;f__Bifidobacteriaceae;g__Bifidobacterium;s__Bifidobacterium_bifidum	k__Bacteria;p__Firmicutes;c__Negativicutes;o__Veillonellales;f__Veillonellaceae;g__Dialister;s__Dialister_invisus	k__Bacteria;p__Bacteroidetes;c__Bacteroidia;o__Bacteroidales;f__Bacteroidaceae;g__Bacteroides;s__Bacteroides_salanitronis
k__Bacteria;p__Bacteroidetes;c__Bacteroidia;o__Bacteroidales;f__Bacteroidaceae;g__Bacteroides;s__Bacteroides_vulgatus	1.0	-0.0109808131523	0.00816343720637	-0.0162858923516	-0.00872057848404	0.045490810923	-0.0316270286468	0.009756286375	-0.0783045149566	-0.0320779226078	0.0346493668692	0.0406724612153	0.0100320132726	0.0348231445569	0.0555207010483	0.00361793727009	-0.0285600795035	0.00502127334525	-0.0100838252772	-0.0167600589418	0.029826630984	-0.0420526527822	-0.0574444476052	-0.0454590491444	0.013100782931	-0.0127260429449	-0.0992000405364	-0.0108106709724	0.01995227785	-0.00196495479984	-0.00420589153235	-0.0418245430965	-0.00780227026666	0.0108088008906	-0.0301063215001	0.0413697468718	-0.0324063601486	0.0200056586338	-0.0766597789958	-0.027262869482	-0.033685019028	0.0208740618032	0.0523588707168	0.0210809131056	-0.00174013575027	0.0414687026823	-0.00905915869127	0.0176624494041	-0.0554694692541	0.0918066047446	-0.0244187277962	-0.048174058388	0.0722523952781	-0.0949175715082	-0.000157611474286	-0.0240295801529	0.0717389844981	-0.0158505469405	0.00662825801709
k__Bacteria;p__Bacteroidetes;c__Bacteroidia;o__Bacteroidales;f__Bacteroidaceae;g__Bacteroides;s__Bacteroides_uniformis	-0.0109808131523	1.0	-0.112838068908	-0.0684051667779	-0.0927059698182	0.0290712450374	0.0396080644435	-0.0020904560962	-0.0415363528331	0.0766179115948	0.0383468396816	-0.0473584389249	0.0109572781852	-0.0353818455692	-0.0150544580977	0.0181506769578	0.0118496241245	-0.0242585977003	-0.00463502020657	0.0118109930179	-0.00171591079469	-0.0338770743227	-0.047536207586	-0.0274979158189	0.0343353295757	0.0520081099397	0.0551866913078	0.0109845144456	-0.0722406792197	0.0123918389315	0.00988453701048	0.0430929922194	0.0400676339741	0.0610685491994	0.00737600933834	-0.00772780846573	-0.0493040264737	0.00475073436729	0.0212719017852	0.0374337420233	-0.0104511015677	0.0174296902221	-0.158568249785	0.0206251779553	-0.0337293100597	0.00761135099688	0.0711043440529	-0.0626883304279	-0.0623101607794	-0.0432827449632	-0.0217949360504	0.000885132036446	-0.0505133254846	0.0100852786392	0.0506410858003	0.00412239812975	-0.0358293181795	-0.0402158173914	-0.0139954282831
k__Bacteria;p__Bacteroidetes;c__Bacteroidia;o__Bacteroidales;f__Rikenellaceae;g__Alistipes;s__Alistipes_putredinis	0.00816343720637	-0.112838068908	1.0	0.040367950037	-0.00635938089418	-0.0196129786375	-0.00349017782718	-0.0377927734553	0.0487726684429	0.0084657877717	0.0578402722847	-0.0612354276047	-0.0390227255863	-0.05294547066	-0.0240546076814	0.0529700882524	0.0682033291404	-0.000904198278902	0.0930527721793	0.0185636306594	0.0659086793926	0.000436325154861	0.0767013300202	0.0370815376105	0.0431110191851	-0.00732903546732	-0.0266861104069	-0.046369208655	0.0409514626328	-0.011172897372	0.0399366004927	-0.03817787933	-0.00513803806444	-0.05254385536	0.00598504720744	0.00672121034888	-0.0779355281513	0.0102747330577	-0.00831080011617	0.00609974626607	-0.0461548212621	0.0203885702586	-0.0368647414638	-0.0350982025065	0.0311039119207	-0.0141494047543	0.0404399392786	0.0119710196275	-0.0502554438875	-0.0326425665633	-0.00226003044752	-0.0475536787996	0.00196380490165	-0.0325909180252	-0.00780237752854	0.00885796643623	0.0401128241529	-0.0486671246432	-0.0450074602286
k__Bacteria;p__Bacteroidetes;c__Bacteroidia;o__Bacteroidales;f__Prevotellaceae;g__Prevotella;s__Prevotella_copri	-0.0162858923516	-0.0684051667779	0.040367950037	1.0	0.0119393083253	0.0642392743714	-0.00922768409743	-0.0396721885133	0.00331787487072	-0.0785063005484	-0.0124379068692	-0.0483132432109	0.0399654725027	0.00592998193887	-0.018931915352	0.0067166230632	-0.0237459850816	-0.0391454055787	0.0660607085806	-0.0673004984961	-0.0473376385976	-0.0408194847268	0.0182691663932	0.0323711522672	0.0464838956722	-0.00968044085368	0.0102410938308	0.00879570551123	0.0388473599709	0.0111912313013	0.00841475584898	0.0290352387793	0.0158741865163	-0.042944801533	-0.0319636986161	-0.00377925765631	0.0131613338795	-0.0404807400168	-0.00557108378184	0.00854982659773	0.0383189960152	-0.0667630449376	-0.0233034114253	-0.0417194555983	0.0107537725155	-0.0300849583729	-0.0677210317566	-0.0618293155757	-0.0424341368635	0.054766824734	-0.0129494265419	-0.0133152208544	0.0198411233405	-0.109198970531	-0.130110564989	-0.0259867959455	-0.0284362115923	-0.0425386166515	0.0502111293218
k__Bacteria;p__Bacteroidetes;c__Bacteroidia;o__Bacteroidales;f__Bacteroidaceae;g__Bacteroides;s__Bacteroides_stercoris	-0.00872057848404	-0.0927059698182	-0.00635938089418	0.0119393083253	1.0	-0.120684205029	-0.0245678297298	-0.0970126201317	-0.0182678540191	-0.0563146932022	-0.0306691662293	0.00782570095001	0.0534016964442	0.0212107293071	-0.0394804615098	0.0207084343381	-0.0211864321537	-0.0124296828729	-0.0555776756679	0.0459367566351	0.0118867080313	0.0231615074207	0.0119234249052	-0.026231588733	-0.00825636986589	0.0126115463326	0.0081856314796	0.10379091428	-0.0178001240778	-0.0355860057229	0.0169966399925	-0.0344397242338	-0.0261735402643	0.0307038882915	0.020781971869	-0.0320160026524	0.018500221004	-0.0279462467332	-0.0264657696447	-0.0610626190025	0.000675761440936	0.000626974170688	-0.0638699173174	0.00918350788599	0.0133245927757	0.022360905282	0.00895276921178	-0.0195424956051	-0.0189226406694	-0.0487584055557	0.0176429473561	-0.0759454560448	-0.0588658884045	0.0184850285542	-0.0231071523516	0.0723937593524	0.0734564562889	-0.021119632806	0.0652386852583
k__Bacteria;p__Bacteroidetes;c__Bacteroidia;o__Bacteroidales;f__Bacteroidaceae;g__Bacteroides;s__Bacteroides_ovatus	0.045490810923	0.0290712450374	-0.0196129786375	0.0642392743714	-0.120684205029	1.0	-0.0122789401741	0.000961218151548	-0.0198965639877	-0.0263392410344	0.018941935624	-0.018471647534	-0.0960351849038	0.0523834639011	0.00696666537859	0.0602057306405	-0.0238497409941	0.0444335274813	-0.0314389222944	-0.0534804999875	-0.00625199102903	0.100081522446	-0.0595380110458	0.0614385835163	-0.0160545539198	-0.0427310080804	0.0521530498709	0.0154640231441	-0.0260816893969	-0.055965146153	0.0553497553955	-0.0381578426201	-0.0291746248054	-0.0241074616099	0.00228581891079	0.0102940216568	-0.00660028519431	-0.0394327456412	-0.020923978521	-0.0301175883312	-0.0440762740035	0.0319891383202	0.00317954262678	-0.0315522188307	-0.00202509281351	-0.0266433063938	0.027667563223	0.0107988110664	0.0347081987818	0.00850107106017	0.00459923854435	0.0331143642422	0.0600833801366	-0.011642504981	0.0923377105162	-0.0506547188338	-0.0501291351771	0.0281192678105	0.0386035475539
k__Bacteria;p__Bacteroidetes;c__Bacteroidia;o__Bacteroidales;f__Rikenellaceae;g__Alistipes;s__Alistipes_shahii	-0.0316270286468	0.0396080644435	-0.00349017782718	-0.00922768409743	-0.0245678297298	-0.0122789401741	1.0	-0.0100730298081	-0.000475301370735	0.0533394498892	-0.0620225679051	-0.0279056029929	-0.0242020469323	-0.0309264012639	-0.0185040522181	-0.0711217549987	0.0238066026356	0.0455333878071	-0.0346885508069	-0.042738187664	-0.107605693622	-0.0435314483115	0.0314804823066	0.0270238668023	0.107592540504	0.00838387985511	-0.00765489360091	-0.0074894200745	-0.0422450935078	-0.0207087868505	0.0541109306342	-0.00865689681881	-0.112133122464	0.0192932236236	0.00744709013266	0.0449129128715	0.0324368785383	0.0676320465395	-0.0557507666099	0.00518084789198	-0.0423841967929	0.0128345600076	0.0306017859806	0.00698888716271	-0.0473998578234	-0.0908379191217	0.0117229719388	-0.0193971601716	-0.00512271384868	-0.00247781516064	-0.00349647059616	0.00529448699808	0.0169065603146	0.0348735387096	0.026727060324	-0.015984305127	-0.00501713979258	0.0476373449017	-0.0257430653931
k__Bacteria;p__Firmicutes;c__Clostridia;o__Clostridiales;f__Ruminococcaceae;g__Faecalibacterium;s__Faecalibacterium_prausnitzii	0.009756286375	-0.0020904560962	-0.0377927734553	-0.0396721885133	-0.0970126201317	0.000961218151548	-0.0100730298081	1.0	0.00122312279292	-0.0519633691857	-0.0303806290351	-0.0518793635193	0.0442008492868	-0.0240375968014	0.042730449289	-0.0182755377264	-0.0256488089732	0.0600970413999	0.0484309400684	0.0074298149604	-0.0204320943492	0.0379738354107	-0.00273460447472	-0.0289439290899	-0.00912423122878	0.077511642301	-0.0378734167708	0.0114176732527	-0.0490540575305	-0.0284552469646	-0.0138048774968	0.0258870122722	-0.0261021228343	-0.0204672269873	0.0213117470245	-0.010998061308	-0.0172039840467	0.0297869316332	-0.0280074649355	-0.098232862914	-0.00484400175305	-0.0537352899469	-0.00576648855144	0.00732486260642	-0.00169208376576	0.0405485402718	0.0189808378521	0.0400586108224	-0.0370115790467	0.0331560221703	-0.0496541827581	0.054125812206	-0.0711172142571	0.11429027161	0.00227799005994	0.0335975013909	-0.00561476326478	0.00405199841872	0.0232190907892
k__Bacteria;p__Bacteroidetes;c__Bacteroidia;o__Bacteroidales;f__Rikenellaceae;g__Alistipes;s__Alistipes_finegoldii	-0.0783045149566	-0.0415363528331	0.0487726684429	0.00331787487072	-0.0182678540191	-0.0198965639877	-0.000475301370735	0.00122312279292	1.0	-0.0705881653779	-0.00763995780791	0.0388706953467	0.0122196633312	0.0157853074767	0.0119678510947	-0.0393269269762	0.0760712555177	0.0158336277177	-0.0270927880806	-0.0273651597466	-0.0222635734336	-0.0102175172801	0.00529523324455	0.0188231938929	-0.00135321399347	0.0384853976914	-0.0184533468479	-0.039176258773	-0.0137945114104	0.0397547978316	-0.041108332965	0.0732826907053	0.0664960396043	0.00421805981614	0.0199444930422	0.00434901361105	-0.0282858589787	0.00385964919874	-0.0736378108643	0.000971699517779	-0.0485839756499	-0.0016299469514	-0.0285029696834	-0.103009388583	0.0106219053915	-0.00881304654346	-0.0223283046734	0.019193781646	-0.0394327716473	0.00339475414759	-0.0337514922491	-0.0580366291648	-0.074823991872	0.050922678894	0.0128767570544	-0.078265771725	-0.0113619635065	-0.0722073743173	-0.0181405032868
k__Bacteria;p__Bacteroidetes;c__Bacteroidia;o__Bacteroidales;f__Porphyromonadaceae;g__Parabacteroides;s__Parabacteroides_distasonis	-0.0320779226078	0.0766179115948	0.0084657877717	-0.0785063005484	-0.0563146932022	-0.0263392410344	0.0533394498892	-0.0519633691857	-0.0705881653779	1.0	0.0331194654909	0.0151018103655	-0.0370155600346	0.0154338304364	-0.0046604241889	-0.0361797578426	-0.0244715388592	-0.0277891839352	-0.069596581147	-0.0133931272801	0.00702269240892	-0.0969109013778	0.0274606803621	0.0360166855038	-0.0290283594717	-0.0372145807822	-0.0569017979355	0.0453489226019	0.0648743480193	-0.0380438047216	-0.0612928985498	0.0564724156625	0.0243051423087	9.8463104804e-05	-0.0185419827148	0.0904271416307	0.0328570113181	-0.0809107173429	0.0104922981278	0.0403895995929	-0.0390552676018	-0.00310328309484	-0.0111961259998	0.014944423044	0.0306435350014	-0.0257463224221	-0.0766073174774	-0.0127686754495	-0.00496566335451	-0.0159658194936	0.00290699831595	0.0343555049643	0.0406184026618	0.0146856081177	-0.0146967472945	-0.0218980107584	-0.0315805896517	0.061820917673	-0.0901715638047
k__Bacteria;p__Bacteroidetes;c__Bacteroidia;o__Bacteroidales;f__Bacteroidaceae;g__Bacteroides;s__Bacteroides_thetaiotaomicron	0.0346493668692	0.0383468396816	0.0578402722847	-0.0124379068692	-0.0306691662293	0.018941935624	-0.0620225679051	-0.0303806290351	-0.00763995780791	0.0331194654909	1.0	-0.0935578505677	0.0121700311889	-0.0240788065878	-0.0678860222137	0.00415224022664	-0.0529658113887	-0.0226091997261	-0.0481339577623	-0.0235015397216	-0.0507737871433	-0.0557927019196	-0.00678826017391	0.0253956477439	-0.00960343941814	0.0132719637148	0.000566372298286	-0.00866714379021	0.0484753463581	-0.0110716631465	-0.020310535479	0.0033652514632	-0.0808490887978	-0.0511020337894	0.0301815139779	0.0640023464996	-0.0186823530835	0.025798894538	-0.000205648939083	0.000918376059007	0.0142317355528	0.0130240544815	-0.0503217853763	-0.0354989786309	0.00901260237806	-0.086423668366	-0.0839128413178	-0.023019710014	0.0488620837435	-0.0620035211328	0.0275616844125	-0.045206684525	0.0156107732155	-0.0299245679006	0.0144308310437	0.0335528385022	0.0257413351819	0.0212845603703	-0.0334334471223
k__Bacteria;p__Bacteroidetes;c__Bacteroidia;o__Bacteroidales;f__Bacteroidaceae;g__Bacteroides;s__Bacteroides_coprocola	0.0406724612153	-0.0473584389249	-0.0612354276047	-0.0483132432109	0.00782570095001	-0.018471647534	-0.0279056029929	-0.0518793635193	0.0388706953467	0.0151018103655	-0.0935578505677	1.0	-0.0915311627183	-0.018246782764	0.0115594880756	0.0550018919236	-0.0267252421214	0.00107749273712	0.00196595615901	0.0291717961694	-0.0442579519351	-0.0496739677408	-0.0328694927902	0.0546637913061	-0.0359859943433	-0.0248516794599	-0.00300196102035	0.0103214054186	-0.0431721753057	0.0255994920211	-0.00908727867424	-0.0380745782008	0.0330139384271	-0.00805696287369	-0.0225954307619	-0.0376852272307	0.015147034839	-0.0378428882933	0.0416616474859	0.0205656733365	-0.00188505869184	0.0333623855577	-0.00766417672695	-0.00110612555124	-0.0392650642981	-0.0481295464231	0.0615756880337	-0.0100208342277	-0.0194115857764	0.0692446607683	-0.0397519180082	-0.0517216141091	-0.0998521005534	-0.0458798197395	-0.0239758054105	-0.0242940315918	0.0192990602131	0.117121046207	0.0224774807485
k__Bacteria;p__Bacteroidetes;c__Bacteroidia;o__Bacteroidales;f__Bacteroidaceae;g__Bacteroides;s__Bacteroides_cellulosilyticus	0.0100320132726	0.0109572781852	-0.0390227255863	0.0399654725027	0.0534016964442	-0.0960351849038	-0.0242020469323	0.0442008492868	0.0122196633312	-0.0370155600346	0.0121700311889	-0.0915311627183	1.0	0.00510709346468	0.029233475915	0.03553589161	-0.0042371413508	0.0196516351436	0.0862766954856	0.0116849459887	-0.0267158152044	0.00162557695356	0.00109319844591	-0.0539774269619	-0.00298084697521	0.00690812689942	-0.118123193945	-0.070214805604	-0.035748501654	-0.137231235851	0.109964463874	-0.0189415160053	0.0396710941777	-0.0306532319422	-0.0250544037845	-0.0135951994183	0.0181562025682	-0.00512110769114	-0.0685077726678	-0.0366560570927	-0.0094054510588	-0.0106462326377	-0.0298846759266	0.058220479233	0.0502123952521	0.042416375279	0.0365940938579	-0.0713173799278	0.00518278908545	0.0129225650554	-0.0100855507702	0.00508733637806	0.0236913256375	-0.1023472364	-0.0242990696226	0.0961264869925	0.0167346644114	0.0524101486963	-0.0312551110949
k__Bacteria;p__Bacteroidetes;c__Bacteroidia;o__Bacteroidales;f__Rikenellaceae;g__Alistipes;s__Alistipes_obesi	0.0348231445569	-0.0353818455692	-0.05294547066	0.00592998193887	0.0212107293071	0.0523834639011	-0.0309264012639	-0.0240375968014	0.0157853074767	0.0154338304364	-0.0240788065878	-0.018246782764	0.00510709346468	1.0	-0.0906452844236	-0.0407546731033	-0.0449285095997	-0.0209764098992	0.00971817193739	-0.00492427469236	-0.0604574376548	-0.0602162310575	-0.0355127788414	-0.0172857155477	-0.00618403467466	0.0296443149681	-0.070801145205	-0.139503282575	-0.0178549918496	-0.00509839691915	-0.108380477297	-0.032520998686	-0.0552159692039	-0.00703728921721	0.0389090622028	-0.138405008608	0.0641459539316	0.0510471054926	-0.0251887837336	-0.0530212542356	0.00229360099861	-0.0237918118252	0.0335501954379	0.0104542786605	-0.0330880794693	0.0137819587015	-0.0127990443795	-0.0921479633364	0.115139767155	-0.0140477872024	0.036565245388	0.00182624367177	0.0589657085051	-0.0412946598374	0.0258010583277	0.058052466117	-0.0218932806935	0.0127552974276	-0.0725937362113
k__Bacteria;p__Firmicutes;c__Clostridia;o__Clostridiales;f__Lachnospiraceae;g__;s__[Eubacterium]_rectale	0.0555207010483	-0.0150544580977	-0.0240546076814	-0.018931915352	-0.0394804615098	0.00696666537859	-0.0185040522181	0.042730449289	0.0119678510947	-0.0046604241889	-0.0678860222137	0.0115594880756	0.029233475915	-0.0906452844236	1.0	-0.0240886560471	-0.0936494452318	-0.0315186733468	0.0557872524679	-0.0362779100366	0.00421184142874	0.00166651371212	-0.0219254490477	-0.0628492014775	0.0498851672836	-0.00691232031474	-0.0452985508629	-0.011070717949	0.0240812407462	-0.0144094486275	-0.025028257754	0.015350278294	-0.0292643286654	-0.00596868119024	-0.0224659839194	0.0147831430787	-0.0109064893357	-0.0300010610684	0.0413053775688	0.0514025671662	0.0148672678399	0.0484843115122	0.00932201082323	0.0264242419583	-0.0597692122297	0.000812381538155	-0.0926048976793	-0.0830469543358	0.0460225214313	0.00405111184742	0.0558980059819	0.0311696928764	-0.0118255688143	-0.0483735449755	-0.0351714228851	-0.0477852745545	-0.0470767824293	0.0442870000414	-0.0637235764599
k__Bacteria;p__Bacteroidetes;c__Bacteroidia;o__Bacteroidales;f__Bacteroidaceae;g__Bacteroides;s__Bacteroides_plebeius	0.00361793727009	0.0181506769578	0.0529700882524	0.0067166230632	0.0207084343381	0.0602057306405	-0.0711217549987	-0.0182755377264	-0.0393269269762	-0.0361797578426	0.00415224022664	0.0550018919236	0.03553589161	-0.0407546731033	-0.0240886560471	1.0	0.0104117702079	0.0289667428897	-0.100845164782	-0.00293920706088	0.0905920063397	-0.0188658798366	-0.0456351234576	0.0344791947761	-0.0671141943267	0.0125035098069	-0.00954732600374	-0.0919870345099	-0.0498375627834	-0.000588492364339	-0.106609460726	-0.0134499154446	0.00919241836039	-0.0561513848462	-0.0578909530089	-0.0225735773764	0.00868081797249	-0.0213377774457	-0.0313984733993	0.00345656194369	-0.0323543581655	-0.043321809527	-0.032608632419	0.00805665208105	0.0220924135401	0.0107322882784	0.0303914278332	-0.00889798964279	0.0856161226454	0.0580525218967	-0.00477166876165	0.0142421757562	0.000346450172586	-0.0126495946652	-0.022104405793	-0.000985965353237	0.00144355374011	0.0359112460429	-0.035201599651
k__Bacteria;p__Bacteroidetes;c__Bacteroidia;o__Bacteroidales;f__Bacteroidaceae;g__Bacteroides;s__Bacteroides_fragilis	-0.0285600795035	0.0118496241245	0.0682033291404	-0.0237459850816	-0.0211864321537	-0.0238497409941	0.0238066026356	-0.0256488089732	0.0760712555177	-0.0244715388592	-0.0529658113887	-0.0267252421214	-0.0042371413508	-0.0449285095997	-0.0936494452318	0.0104117702079	1.0	-0.0861004613121	-0.0443577240911	-0.0600901740039	-0.0476788509499	0.0190533018554	-0.0084337112942	-0.0335026016836	0.00169677715694	-0.0649069570298	-0.00911189119728	0.00895981737045	0.014460106216	-0.0503265595231	0.00253877946007	-0.00886530894052	0.0182571387823	0.0296013491942	0.0151720654569	0.0235781876714	-0.0153113442411	0.044096155249	-0.0809081989991	0.0246676968325	0.00553231354906	-0.0438956782233	-0.0448378503784	-0.0180437212693	0.0464690852679	-0.00728047768379	0.0423692652802	0.0158405451363	-0.0188672947379	0.0152391310681	-0.022374992725	0.0403266623373	-0.0725064590672	-0.0208340477251	-0.00233033612411	-0.0787831666189	-0.0622376679896	-0.0292437139299	-0.021191914459
k__Bacteria;p__Proteobacteria;c__Betaproteobacteria;o__Burkholderiales;f__Sutterellaceae;g__Sutterella;s__Sutterella_wadsworthensis	0.00502127334525	-0.0242585977003	-0.000904198278902	-0.0391454055787	-0.0124296828729	0.0444335274813	0.0455333878071	0.0600970413999	0.0158336277177	-0.0277891839352	-0.0226091997261	0.00107749273712	0.0196516351436	-0.0209764098992	-0.0315186733468	0.0289667428897	-0.0861004613121	1.0	-0.00650272198766	-0.0705906560446	-0.0319849905869	-0.0031718769205	-0.0203934472777	0.0335435681325	-0.0484717548034	-0.0416231993741	-0.0477945208609	-0.0544411931963	-0.0234075238495	0.0417769783952	-0.0234734226121	0.0261477258656	-0.00142041173047	-0.0113581012672	-0.043132231383	0.000697386197525	0.011434718656	-0.00221254214108	-0.0307258190129	0.0421765623348	0.00418599172945	0.0246460346609	0.0481302818724	-0.0314771577297	-0.0202757976277	-0.0134592545662	0.0174525662414	0.0106481236237	-0.0194981139914	0.0841613466091	-0.0558814752343	0.00425639309551	-0.0421006069448	0.0199097695682	-0.00305085746616	-0.0596364477142	-0.048116281074	-0.065313170114	0.0279697665451
k__Bacteria;p__Bacteroidetes;c__Bacteroidia;o__Bacteroidales;f__Porphyromonadaceae;g__Barnesiella;s__Barnesiella_intestinihominis	-0.0100838252772	-0.00463502020657	0.0930527721793	0.0660607085806	-0.0555776756679	-0.0314389222944	-0.0346885508069	0.0484309400684	-0.0270927880806	-0.069596581147	-0.0481339577623	0.00196595615901	0.0862766954856	0.00971817193739	0.0557872524679	-0.100845164782	-0.0443577240911	-0.00650272198766	1.0	0.0130538217287	-0.0070048218802	-0.0654660500302	0.00203638846696	-0.00754242157077	-0.0418505333175	0.0075814989525	0.047194952523	0.0303425982298	-0.0413191747075	0.00429395873316	-0.032787477462	0.0111546133189	-0.0307217334951	0.0297273019558	-0.0165420136459	0.0115989134335	-0.0175413796871	0.0392432637674	0.0824359763028	-0.0447776905605	0.0745165679995	0.0407021714389	-0.0457098522668	-0.0699692472801	-0.00954616313822	-0.0107207230971	-0.01411783835	0.00389298473993	-0.0157395154341	0.0503680468602	0.00388767998903	0.0317079052443	-0.0310500457338	0.0183444136032	-0.0245707153676	0.0616558654451	0.091401393701	-0.0484686825939	-0.00199838355033
k__Bacteria;p__Bacteroidetes;c__Bacteroidia;o__Bacteroidales;f__Odoribacteraceae;g__Odoribacter;s__Odoribacter_splanchnicus	-0.0167600589418	0.0118109930179	0.0185636306594	-0.0673004984961	0.0459367566351	-0.0534804999875	-0.042738187664	0.0074298149604	-0.0273651597466	-0.0133931272801	-0.0235015397216	0.0291717961694	0.0116849459887	-0.00492427469236	-0.0362779100366	-0.00293920706088	-0.0600901740039	-0.0705906560446	0.0130538217287	1.0	-0.038841684495	-0.0292040747114	-0.0469894729301	0.0707592039772	-0.042567469213	-0.0301757215314	0.0234684687636	0.0211881479186	-0.00627590182798	-0.0629336386936	0.0184506771603	-0.0496824426939	-0.0222895632349	-0.00763157464622	0.018239686236	-0.0748736864796	0.00177048994842	-0.0258668477045	0.0472422045462	-0.00752493889477	-0.0506856626825	0.0338052851535	0.0227989147419	0.0279608004706	-0.0154016384088	-0.0318762104709	-0.0116569810267	-0.0607637047229	0.0218715000908	-0.00896522382378	-0.092876244951	-0.000114096618837	-0.00499721290085	-0.0196216470902	-0.00881094112155	0.0623279414803	0.00117168660194	0.0359073148996	0.10153637252
k__Bacteria;p__Bacteroidetes;c__Bacteroidia;o__Bacteroidales;f__Bacteroidaceae;g__Bacteroides;s__Bacteroides_salyersiae	0.029826630984	-0.00171591079469	0.0659086793926	-0.0473376385976	0.0118867080313	-0.00625199102903	-0.107605693622	-0.0204320943492	-0.0222635734336	0.00702269240892	-0.0507737871433	-0.0442579519351	-0.0267158152044	-0.0604574376548	0.00421184142874	0.0905920063397	-0.0476788509499	-0.0319849905869	-0.0070048218802	-0.038841684495	1.0	-0.0962516570042	0.00971100538946	-0.0682655929948	0.0115348255747	0.0594263946056	-0.0221081058376	-0.0152522964	-0.0243212040019	0.0563546089848	-0.0256229570717	-0.00223349869939	-0.0334941176026	-0.07041363354	-0.0106486768287	-0.0566490312257	-0.0346245513231	-0.00581956485459	-0.0306282107742	-0.00855004972022	0.0293756354834	0.0178195477205	-0.0151309193778	0.0124122320525	-0.0406706766453	0.0700002210291	0.0246365185306	-0.0606790705127	0.0135568476729	0.0236233375908	0.0681151327556	-0.0378376482879	0.0100065700837	0.0145431519748	-0.0566028879796	-0.0335589911097	-0.033463559377	-0.00623454911982	-0.020291352553
k__Bacteria;p__Firmicutes;c__Clostridia;o__Clostridiales;f__Ruminococcaceae;g__Ruminiclostridium;s__[Eubacterium]_siraeum	-0.0420526527822	-0.0338770743227	0.000436325154861	-0.0408194847268	0.0231615074207	0.100081522446	-0.0435314483115	0.0379738354107	-0.0102175172801	-0.0969109013778	-0.0557927019196	-0.0496739677408	0.00162557695356	-0.0602162310575	0.00166651371212	-0.0188658798366	0.0190533018554	-0.0031718769205	-0.0654660500302	-0.0292040747114	-0.0962516570042	1.0	0.0211406135737	-0.0512226888829	-0.0345460193453	0.0657280945163	-0.0671731713748	-0.021767396248	-0.00989204338141	-0.0392781069085	0.0074315443186	-0.0294233466047	0.00440351446414	0.0365700089046	0.0160406991027	0.0172035887279	-0.00789803841198	0.0411556604263	0.0336939236513	-0.0245087042516	-0.00907524250704	-0.0262894665297	0.00235889289151	-0.00393849658225	0.00397217339182	-0.0255433720047	-0.0135366112073	-0.0264700675728	-0.000144285136111	0.0716047613047	-0.0106761388432	0.0113897344437	-0.0164584539586	0.0340906159892	0.00965418625071	-0.0412883660738	-0.013612405889	-0.0527674144205	-0.0330284188065
k__Bacteria;p__Proteobacteria;c__Betaproteobacteria;o__Burkholderiales;f__Sutterellaceae;g__Parasutterella;s__Parasutterella_excrementihominis	-0.0574444476052	-0.047536207586	0.0767013300202	0.0182691663932	0.0119234249052	-0.0595380110458	0.0314804823066	-0.00273460447472	0.00529523324455	0.0274606803621	-0.00678826017391	-0.0328694927902	0.00109319844591	-0.0355127788414	-0.0219254490477	-0.0456351234576	-0.0084337112942	-0.0203934472777	0.00203638846696	-0.0469894729301	0.00971100538946	0.0211406135737	1.0	-0.0372629598099	0.060927496434	-0.0274919823752	0.0191665539025	-0.0364867378189	-0.0235167988599	0.0332456972041	-0.0284840508235	-0.000747992134041	0.0170379186499	0.00317773556955	-0.0563624834883	0.0135286653948	-0.068458094026	-0.0322947406367	0.0455538171114	-0.096959204914	-0.034620700107	-0.0174700348407	-0.00888517760841	-0.0561224541496	0.0292455134076	0.00371656704845	0.0732543466268	-0.0200678108697	0.0478491727087	-0.0275214309634	-0.0549247940141	0.0593686418343	-0.0139474652688	-0.0149142909638	0.0269879426291	0.048276898078	-0.0178487357768	-0.0124775603754	-0.0617133829519
k__Bacteria;p__Actinobacteria;c__Actinobacteria;o__Bifidobacteriales;f__Bifidobacteriaceae;g__Bifidobacterium;s__Bifidobacterium_adolescentis	-0.0454590491444	-0.0274979158189	0.0370815376105	0.0323711522672	-0.026231588733	0.0614385835163	0.0270238668023	-0.0289439290899	0.0188231938929	0.0360166855038	0.0253956477439	0.0546637913061	-0.0539774269619	-0.0172857155477	-0.0628492014775	0.0344791947761	-0.0335026016836	0.0335435681325	-0.00754242157077	0.0707592039772	-0.0682655929948	-0.0512226888829	-0.0372629598099	1.0	-0.0458849542868	-0.00356907077611	-0.0213499061491	0.00569810064721	-0.0574625262612	0.0493944723145	-0.0571505328564	-0.0011073912543	-0.00878762121038	0.016341093681	0.016825679813	0.0645494570099	-0.0267077438628	0.0340119290188	-0.0140508262398	0.0424092419731	-0.104232315198	-0.0470669608584	-0.0257368347858	-0.0292777366313	0.0308891970429	-0.00730019997925	0.0535274081322	0.00348600992065	0.00327500078933	0.0561497049086	0.00344043870373	0.0210048568408	0.0306289224316	-0.041683991951	-0.0566886126038	-0.0438936429082	-0.0234374732017	-0.0155608572969	-0.0120664037845
k__Bacteria;p__Firmicutes;c__Clostridia;o__Clostridiales;f__Oscillospiraceae;g__Oscillibacter;s__Oscillibacter_sp._KLE_1745	0.013100782931	0.0343353295757	0.0431110191851	0.0464838956722	-0.00825636986589	-0.0160545539198	0.107592540504	-0.00912423122878	-0.00135321399347	-0.0290283594717	-0.00960343941814	-0.0359859943433	-0.00298084697521	-0.00618403467466	0.0498851672836	-0.0671141943267	0.00169677715694	-0.0484717548034	-0.0418505333175	-0.042567469213	0.0115348255747	-0.0345460193453	0.060927496434	-0.0458849542868	1.0	0.0238391045472	0.0532939091698	0.0107653755361	-0.0424137197971	0.0322162106068	0.0449960960774	-0.0660791790163	-0.0404650727001	-0.0542051465411	-0.0140494279987	-0.0299598903763	-0.0400450730462	-0.000981197415453	0.0144727263556	-0.0162255124234	0.0123751840385	-0.000354079342042	-0.0177712315662	0.0120060751624	-0.0564770969889	0.000992675581486	-0.0524954382306	0.00256474016172	-0.0760854671888	-0.0705495889868	-0.000651309308877	-0.00868727105472	0.0263440043634	0.000436980313978	-0.0628012181901	0.0371812153817	0.0119650443543	-0.00597506123577	-0.00393155248961
k__Bacteria;p__Bacteroidetes;c__Bacteroidia;o__Bacteroidales;f__Bacteroidaceae;g__Bacteroides;s__Bacteroides_coprophilus	-0.0127260429449	0.0520081099397	-0.00732903546732	-0.00968044085368	0.0126115463326	-0.0427310080804	0.00838387985511	0.077511642301	0.0384853976914	-0.0372145807822	0.0132719637148	-0.0248516794599	0.00690812689942	0.0296443149681	-0.00691232031474	0.0125035098069	-0.0649069570298	-0.0416231993741	0.0075814989525	-0.0301757215314	0.0594263946056	0.0657280945163	-0.0274919823752	-0.00356907077611	0.0238391045472	1.0	-0.000922485311603	-0.0152494554982	-0.0339445928554	-0.0148479163078	0.0805486910354	-0.0731033938466	-0.0122431635931	0.00428493941633	0.0114115500489	0.00101009510281	0.0161465913414	0.0126224437458	-0.122220516483	-0.102971351455	-0.0528960034711	0.0114885401188	0.00943179886682	-0.0297593893877	0.0469150680644	-0.00066585262792	-0.0914111974052	-0.0406472032775	-0.0664071965439	-0.0584912257137	0.0286428791902	-0.0413838878069	0.0744504124848	0.0250971743248	-0.0431811905429	0.0790912352516	0.0117163472852	0.0421168862436	0.0164308705845
k__Bacteria;p__Firmicutes;c__Clostridia;o__Clostridiales;f__Lachnospiraceae;g__Roseburia;s__Roseburia_intestinalis	-0.0992000405364	0.0551866913078	-0.0266861104069	0.0102410938308	0.0081856314796	0.0521530498709	-0.00765489360091	-0.0378734167708	-0.0184533468479	-0.0569017979355	0.000566372298286	-0.00300196102035	-0.118123193945	-0.070801145205	-0.0452985508629	-0.00954732600374	-0.00911189119728	-0.0477945208609	0.047194952523	0.0234684687636	-0.0221081058376	-0.0671731713748	0.0191665539025	-0.0213499061491	0.0532939091698	-0.000922485311603	1.0	-0.051857172811	-0.00374028974155	-0.00988079796978	-0.0543167805894	0.0722194247319	-0.00854131737302	0.00345459958128	0.0477256368899	-0.0308892686064	0.0680612512831	-0.110545672757	0.000841545268069	0.0213876058943	-0.000594444624503	-0.0420437465272	0.00555653949639	-0.00475241144093	0.0210912488874	-0.0189356685454	-0.0601477942801	-0.00553203324672	0.0279556562658	-0.0240845382304	-0.0290312764211	-0.031918389533	0.0106311556078	0.0338568370108	-0.0114620340225	-0.00221256637877	0.0278790970691	-0.0604734867355	-0.0551965031578
k__Bacteria;p__Firmicutes;c__Clostridia;o__Clostridiales;f__Lachnospiraceae;g__Roseburia;s__Roseburia_hominis	-0.0108106709724	0.0109845144456	-0.046369208655	0.00879570551123	0.10379091428	0.0154640231441	-0.0074894200745	0.0114176732527	-0.039176258773	0.0453489226019	-0.00866714379021	0.0103214054186	-0.070214805604	-0.139503282575	-0.011070717949	-0.0919870345099	0.00895981737045	-0.0544411931963	0.0303425982298	0.0211881479186	-0.0152522964	-0.021767396248	-0.0364867378189	0.00569810064721	0.0107653755361	-0.0152494554982	-0.051857172811	1.0	0.0266302324979	-0.0506632152978	0.0218768278557	0.032575074404	-0.0190882079517	-0.0411633787024	-0.0596221008909	0.0421051428033	-0.0502678585381	0.0458550239111	0.0253980683817	-0.0519723039444	0.0373866504699	-0.0362691650833	-0.0446554373111	-0.0619084473076	-0.0371621628532	-0.0225908543733	-0.0438135509538	0.0186033385519	-0.0226947715745	0.0294148085062	-0.0420774981646	-0.0246197188448	-0.0120509270794	0.0323866101466	-0.0176320055564	-0.0565577026336	0.0244437060058	0.0210970148333	0.0270282376469
k__Bacteria;p__Bacteroidetes;c__Bacteroidia;o__Bacteroidales;f__Porphyromonadaceae;g__Parabacteroides;s__Parabacteroides_johnsonii	0.01995227785	-0.0722406792197	0.0409514626328	0.0388473599709	-0.0178001240778	-0.0260816893969	-0.0422450935078	-0.0490540575305	-0.0137945114104	0.0648743480193	0.0484753463581	-0.0431721753057	-0.035748501654	-0.0178549918496	0.0240812407462	-0.0498375627834	0.014460106216	-0.0234075238495	-0.0413191747075	-0.00627590182798	-0.0243212040019	-0.00989204338141	-0.0235167988599	-0.0574625262612	-0.0424137197971	-0.0339445928554	-0.00374028974155	0.0266302324979	1.0	-0.107397713084	-0.0247196815916	-0.0252731339541	0.0089589664099	-0.0205481230122	-0.0245810771938	0.0402816824119	0.0149899288297	0.0615546831357	-0.0284449325831	-0.0449566209206	0.0184724572267	-0.0264399835028	-0.0199829697182	0.0242512369949	-0.0144062702018	-0.000512093503779	-0.00483701238983	0.00190946904026	-0.00419505034027	0.0695447785552	-0.0214567845537	-0.0271430009406	0.0224718501519	-0.0133931006871	-0.0615271055043	-0.00315086884381	-0.037381215954	0.0384419044563	-0.046328212859
k__Bacteria;p__Actinobacteria;c__Actinobacteria;o__Bifidobacteriales;f__Bifidobacteriaceae;g__Bifidobacterium;s__Bifidobacterium_longum	-0.00196495479984	0.0123918389315	-0.011172897372	0.0111912313013	-0.0355860057229	-0.055965146153	-0.0207087868505	-0.0284552469646	0.0397547978316	-0.0380438047217	-0.0110716631465	0.0255994920211	-0.137231235851	-0.00509839691915	-0.0144094486275	-0.000588492364339	-0.0503265595231	0.0417769783952	0.00429395873316	-0.0629336386936	0.0563546089848	-0.0392781069085	0.0332456972041	0.0493944723145	0.0322162106068	-0.0148479163078	-0.00988079796978	-0.0506632152978	-0.107397713084	1.0	-0.0416967625066	-0.0419962166124	-0.0527831681316	-0.0301188738207	-0.0150321878524	0.0524767918352	-0.0509572673203	0.0633513796747	-0.0189709959957	0.0147098602877	-0.0319786841404	-0.0857134119566	0.0243587489013	-0.0951866901382	-0.0215054128256	-0.0537451718386	0.0120353717974	0.0009926764938	-0.0105733866617	0.0182413374291	0.0120518785258	0.0189025214199	-0.044095383699	-0.016250964545	-0.0160489225462	0.0335809916987	-0.0396579188567	-0.0340216007537	0.0251972457197
