#taxonomy	k__Bacteria;p__Bacteroidetes;c__Bacteroidia;o__Bacteroidales;f__Bacteroidaceae;g__Bacteroides;s__Bacteroides_vulgatus	k__Bacteria;p__Bacteroidetes;c__Bacteroidia;o__Bacteroidales;f__Bacteroidaceae;g__Bacteroides;s__Bacteroides_uniformis	k__Bacteria;p__Bacteroidetes;c__Bacteroidia;o__Bacteroidales;f__Rikenellaceae;g__Alistipes;s__Alistipes_putredinis	k__Bacteria;p__Bacteroidetes;c__Bacteroidia;o__Bacteroidales;f__Prevotellaceae;g__Prevotella;s__Prevotella_copri	k__Bacteria;p__Bacteroidetes;c__Bacteroidia;o__Bacteroidales;f__Bacteroidaceae;g__Bacteroides;s__Bacteroides_stercoris	k__Bacteria;p__Bacteroidetes;c__Bacteroidia;o__Bacteroidales;f__Bacteroidaceae;g__Bacteroides;s__Bacteroides_ovatus	k__Bacteria;p__Bacteroidetes;c__Bacteroidia;o__Bacteroidales;f__Rikenellaceae;g__Alistipes;s__Alistipes_shahii	k__Bacteria;p__Firmicutes;c__Clostridia;o__Clostridiales;f__Ruminococcaceae;g__Faecalibacterium;s__Faecalibacterium_prausnitzii	k__Bacteria;p__Bacteroidetes;c__Bacteroidia;o__Bacteroidales;f__Rikenellaceae;g__Alistipes;s__Alistipes_finegoldii	k__Bacteria;p__Bacteroidetes;c__Bacteroidia;o__Bacteroidales;f__Porphyromonadaceae;g__Parabacteroides;s__Parabacteroides_distasonis	k__Bacteria;p__Bacteroidetes;c__Bacteroidia;o__Bacteroidales;f__Bacteroidaceae;g__Bacteroides;s__Bacteroides_thetaiotaomicron	k__Bacteria;p__Bacteroidetes;c__Bacteroidia;o__Bacteroidales;f__Bacteroidaceae;g__Bacteroides;s__Bacteroides_coprocola	k__Bacteria;p__Bacteroidetes;c__Bacteroidia;o__Bacteroidales;f__Bacteroidaceae;g__Bacteroides;s__Bacteroides_cellulosilyticus	k__Bacteria;p__Bacteroidetes;c__Bacteroidia;o__Bacteroidales;f__Rikenellaceae;g__Alistipes;s__Alistipes_obesi	k__Bacteria;p__Firmicutes;c__Clostridia;o__Clostridiales;f__Lachnospiraceae;g__;s__[Eubacterium]_rectale	k__Bacteria;p__Bacteroidetes;c__Bacteroidia;o__Bacteroidales;f__Bacteroidaceae;g__Bacteroides;s__Bacteroides_plebeius	k__Bacteria;p__Bacteroidetes;c__Bacteroidia;o__Bacteroidales;f__Bacteroidaceae;g__Bacteroides;s__Bacteroides_fragilis	k__Bacteria;p__Proteobacteria;c__Betaproteobacteria;o__Burkholderiales;f__Sutterellaceae;g__Sutterella;s__Sutterella_wadsworthensis	k__Bacteria;p__Bacteroidetes;c__Bacteroidia;o__Bacteroidales;f__Porphyromonadaceae;g__Barnesiella;s__Barnesiella_intestinihominis	k__Bacteria;p__Bacteroidetes;c__Bacteroidia;o__Bacteroidales;f__Odoribacteraceae;g__Odoribacter;s__Odoribacter_splanchnicus	k__Bacteria;p__Bacteroidetes;c__Bacteroidia;o__Bacteroidales;f__Bacteroidaceae;g__Bacteroides;s__Bacteroides_salyersiae	k__Bacteria;p__Firmicutes;c__Clostridia;o__Clostridiales;f__Ruminococcaceae;g__Ruminiclostridium;s__[Eubacterium]_siraeum	k__Bacteria;p__Proteobacteria;c__Betaproteobacteria;o__Burkholderiales;f__Sutterellaceae;g__Parasutterella;s__Parasutterella_excrementihominis	k__Bacteria;p__Actinobacteria;c__Actinobacteria;o__Bifidobacteriales;f__Bifidobacteriaceae;g__Bifidobacterium;s__Bifidobacterium_adolescentis	k__Bacteria;p__Firmicutes;c__Clostridia;o__Clostridiales;f__Oscillospiraceae;g__Oscillibacter;s__Oscillibacter_sp._KLE_1745	k__Bacteria;p__Bacteroidetes;c__Bacteroidia;o__Bacteroidales;f__Bacteroidaceae;g__Bacteroides;s__Bacteroides_coprophilus	k__Bacteria;p__Firmicutes;c__Clostridia;o__Clostridiales;f__Lachnospiraceae;g__Roseburia;s__Roseburia_intestinalis	k__Bacteria;p__Firmicutes;c__Clostridia;o__Clostridiales;f__Lachnospiraceae;g__Roseburia;s__Roseburia_hominis	k__Bacteria;p__Bacteroidetes;c__Bacteroidia;o__Bacteroidales;f__Porphyromonadaceae;g__Parabacteroides;s__Parabacteroides_johnsonii	k__Bacteria;p__Actinobacteria;c__Actinobacteria;o__Bifidobacteriales;f__Bifidobacteriaceae;g__Bifidobacterium;s__Bifidobacterium_longum	k__Bacteria;p__Firmicutes;c__Clostridia;o__Clostridiales;f__;g__Flavonifractor;s__Flavonifractor_plautii	k__Bacteria;p__Firmicutes;c__Clostridia;o__Clostridiales;f__Clostridiaceae;g__Clostridium;s__Clostridium_phoceensis	k__Bacteria;p__Verrucomicrobia;c__Verrucomicrobiae;o__Verrucomicrobiales;f__Akkermansiaceae;g__Akkermansia;s__Akkermansia_muciniphila	k__Bacteria;p__Bacteroidetes;c__Bacteroidia;o__Bacteroidales;f__Prevotellaceae;g__Paraprevotella;s__Paraprevotella_xylaniphila	k__Bacteria;p__Firmicutes;c__Clostridia;o__Clostridiales;f__Ruminococcaceae;g__Ruminococcus;s__Ruminococcus_callidus	k__Bacteria;p__Bacteroidetes;c__Bacteroidia;o__Bacteroidales;f__Rikenellaceae;g__Alistipes;s__Alistipes_senegalensis	k__Bacteria;p__Firmicutes;c__Clostridia;o__Clostridiales;f__Lachnospiraceae;g__Blautia;s__Blautia_sp._KLE_1732	k__Bacteria;p__Bacteroidetes;c__Bacteroidia;o__Bacteroidales;f__Bacteroidaceae;g__Bacteroides;s__Bacteroides_oleiciplenus	k__Bacteria;p__Firmicutes;c__Clostridia;o__Clostridiales;f__Ruminococcaceae;g__Ruminococcus;s__Ruminococcus_bicirculans	k__Bacteria;p__Bacteroidetes;c__Bacteroidia;o__Bacteroidales;f__Bacteroidaceae;g__Bacteroides;s__Bacteroides_fluxus	k__Bacteria;p__Bacteroidetes;c__Bacteroidia;o__Bacteroidales;f__Prevotellaceae;g__Prevotella;s__Prevotella_stercorea	k__Bacteria;p__Firmicutes;c__Clostridia;o__Clostridiales;f__Lachnospiraceae;g__Dorea;s__Dorea_longicatena	k__Bacteria;p__Firmicutes;c__Clostridia;o__Clostridiales;f__Eubacteriaceae;g__Eubacterium;s__[Eubacterium]_eligens	k__Bacteria;p__Firmicutes;c__Clostridia;o__Clostridiales;f__Ruminococcaceae;g__;s__Ruminococcaceae_bacterium_D16	k__Bacteria;p__Firmicutes;c__Clostridia;o__Clostridiales;f__Lachnospiraceae;g__Coprococcus;s__Coprococcus_comes	k__Bacteria;p__Proteobacteria;c__Gammaproteobacteria;o__Enterobacterales;f__Enterobacteriaceae;g__Escherichia;s__Escherichia_coli	k__Bacteria;p__Firmicutes;c__Clostridia;o__Clostridiales;f__Ruminococcaceae;g__Anaerotruncus;s__Anaerotruncus_colihominis	k__Bacteria;p__Firmicutes;c__Clostridia;o__Clostridiales;f__Lachnospiraceae;g__Blautia;s__Blautia_obeum	k__Bacteria;p__Bacteroidetes;c__Bacteroidia;o__Bacteroidales;f__Odoribacteraceae;g__Odoribacter;s__Odoribacter_laneus	k__Bacteria;p__Firmicutes;c__Clostridia;o__Clostridiales;f__Ruminococcaceae;g__Ruminiclostridium;s__[Clostridium]_leptum	k__Bacteria;p__Bacteroidetes;c__Bacteroidia;o__Bacteroidales;f__Porphyromonadaceae;g__Parabacteroides;s__Parabacteroides_goldsteinii	k__Bacteria;p__Firmicutes;c__Clostridia;o__Clostridiales;f__Lachnospiraceae;g__Anaerostipes;s__Anaerostipes_hadrus	k__Bacteria;p__Firmicutes;c__Clostridia;o__Clostridiales;f__Ruminococcaceae;g__Ruminococcus;s__Ruminococcus_lactaris	k__Bacteria;p__Firmicutes;c__Clostridia;o__Clostridiales;f__Clostridiaceae;g__Clostridium;s__Clostridium_sp._L2-50	k__Bacteria;p__Firmicutes;c__Clostridia;o__Clostridiales;f__Clostridiaceae;g__Clostridium;s__Clostridium_sp._M62/1	k__Bacteria;p__Firmicutes;c__Clostridia;o__Clostridiales;f__;g__Intestinimonas;s__Intestinimonas_butyriciproducens	k__Bacteria;p__Actinobacteria;c__Actinobacteria;o__Bifidobacteriales;f__Bifidobacteriaceae;g__Bifidobacterium;s__Bifidobacterium_bifidum	k__Bacteria;p__Firmicutes;c__Negativicutes;o__Veillonellales;f__Veillonellaceae;g__Dialister;s__Dialister_invisus	k__Bacteria;p__Bacteroidetes;c__Bacteroidia;o__Bacteroidales;f__Bacteroidaceae;g__Bacteroides;s__Bacteroides_salanitronis
k__Bacteria;p__Bacteroidetes;c__Bacteroidia;o__Bacteroidales;f__Bacteroidaceae;g__Bacteroides;s__Bacteroides_vulgatus	1.0	0.0644588593262	0.0156618315079	-0.0595483593505	-0.0719560197028	-0.0454928948539	0.063219611773	-0.0116566976552	0.0186758812455	-0.00621838649642	-0.0407208637684	-0.0658225844684	-0.0371219245504	0.0340775384147	-0.0537103059464	-0.00527554331938	0.0215683673053	0.028993829186	-0.0422514071217	-0.0270140955684	0.0613493324188	-0.0163066940513	-0.0434289737609	-0.0211189727691	0.00574909808267	-0.0442659075541	-0.075961157766	0.0308622465916	0.0242594276939	-0.0923916330846	-0.0182613499616	0.00669345337467	-0.015748304611	0.0367107924484	0.0255086012387	-0.0848923206933	0.0660602392367	0.0109881092778	-0.0521860102219	-0.00703428035993	0.037388804881	0.0532844982168	0.00640577816282	-0.0328393003134	-0.0244641611311	-0.0152153019806	0.0320059017112	0.0150405732902	0.00142308393346	0.0107338382891	0.00941539745982	-0.0474614226903	-0.0368506961689	-0.0167957982886	-0.0127622403606	0.0412682857292	-0.0854216535206	-0.0289697403604	-0.0117144571776
k__Bacteria;p__Bacteroidetes;c__Bacteroidia;o__Bacteroidales;f__Bacteroidaceae;g__Bacteroides;s__Bacteroides_uniformis	0.0644588593262	1.0	-0.0425022520954	-0.0443670877133	0.0178723570188	0.054759794776	0.0365362418156	0.00717467653622	0.00373380227044	-0.0670462245568	-0.00771623177598	0.0476979331834	0.0587155421038	0.0275866190536	-0.0110901979424	-0.00632006481649	-0.025998813778	-0.0307526843125	-0.0268205947332	-0.0296928556972	0.0116023384166	-0.0316347574374	-0.0280157072308	-0.0856436133464	-0.0163400557649	-0.0109625955052	-0.01431556819	-0.0382150709984	-0.00343506414003	0.0542768736642	0.0178738672937	0.0655550090243	0.0075936485356	-0.0040363114742	0.0231133588614	0.0374557463619	-0.043808479243	-0.0124486249556	-0.036277651755	0.0453139657625	0.0319775178551	-0.142538251164	-0.0613526677841	-0.0335383827514	-0.0294508244466	-0.0588375058328	0.0229886183797	0.0149798037532	0.0363267081623	0.0526161501396	0.0486819466138	0.00940215582417	0.00866586532082	-0.0256133499627	-0.0326598907051	-0.0272976229569	-0.0777464891413	0.00603600765443	0.000125925258486
k__Bacteria;p__Bacteroidetes;c__Bacteroidia;o__Bacteroidales;f__Rikenellaceae;g__Alistipes;s__Alistipes_putredinis	0.0156618315079	-0.0425022520954	1.0	-0.00270247176945	-0.0376963070083	-0.0209798786477	-0.0604411686742	-0.0590668816864	0.00754086120338	0.000954687784854	-0.0701731975028	0.0204400777192	0.0163536898986	-0.00794625687697	-0.00889418000462	0.0287492414736	0.0173660912204	0.015611740498	-0.0601336362782	-0.00485373204848	0.00888090885438	-0.131592641057	0.0396254935292	-0.0482502288011	0.0116694222127	0.0487680057302	0.0355981739478	-0.0204348148221	0.046242989901	-0.0331915389259	-0.0573072412949	0.0464896104043	0.048639650239	0.026161024038	-0.0077839938834	-0.0322155847874	-0.0399290593667	-0.0112230827051	-0.0566436072162	0.0206911441099	-0.11538181121	0.0879353465982	-0.0340933845961	0.0144804785914	-0.036499293627	0.00125413872627	0.00928512559942	-0.0871172533175	-0.0251047478326	0.00923140379777	-0.0437444541992	-0.00937531042723	-0.0823382529421	-0.0154570680822	-0.0683285099337	0.00298368688907	0.0376246944167	0.00104602456812	0.00127659288695
k__Bacteria;p__Bacteroidetes;c__Bacteroidia;o__Bacteroidales;f__Prevotellaceae;g__Prevotella;s__Prevotella_copri	-0.0595483593505	-0.0443670877133	-0.00270247176945	1.0	0.011203040615	0.0632726642439	-0.0420275028911	0.00863254667778	0.0108092387188	-0.0207299663273	0.0419351237927	-0.00998255205959	0.0453590767496	0.00739381280534	-0.0146086218039	-0.011971201527	0.00596381704549	-0.0529229500474	0.0520763806857	0.0225689745892	0.0138923504123	-0.047018833774	-0.0376146944533	-0.0170643314916	0.0511034531115	-0.0631349971315	-0.0278787553305	-0.0469266105777	-0.0147257186967	0.00609030058576	-0.0170720549879	0.0389233678786	-0.000555354097352	-0.0506126528071	-0.0189468355392	-0.078115201242	-0.03745479228	-0.0538204131198	0.119644782866	-0.0385365743506	-0.062159822172	-0.0681123521946	0.033920373338	0.102366457421	0.0309964724256	-0.0440140331965	0.000587451937862	-0.0184185116093	-0.0298922871846	-0.0178220185729	0.0365016893636	-0.00362688127996	-0.0111912935388	-0.00537715165981	0.066251043605	-0.0160597924439	0.0192979121786	-0.0161994054872	0.0318815141802
k__Bacteria;p__Bacteroidetes;c__Bacteroidia;o__Bacteroidales;f__Bacteroidaceae;g__Bacteroides;s__Bacteroides_stercoris	-0.0719560197028	0.0178723570188	-0.0376963070083	0.011203040615	1.0	-0.0759306304146	0.0786806287815	0.0251719658236	0.0192241886716	-0.0149311476412	0.0255179899382	-0.000974059604424	0.0375480712221	-0.0380742925861	0.0123374548849	0.00261469357072	0.0415124856899	-0.0633987237631	-0.00179723590521	-0.0195900021314	-0.0426270548002	0.0414758249952	0.00748813129353	-0.0115617521875	0.0118827722329	-0.0711559192734	0.0858884038652	0.0292834070022	0.0294635261469	-0.0306905853724	-0.0493366321714	0.0377605103114	0.0554794991901	-0.0667644014273	-0.0543546492974	-0.020050475083	-0.0359608521837	-0.00638614466762	0.0687857426234	-0.0312756214501	-0.0210921270007	-0.0784390064504	-0.0235630000028	0.0489600198904	0.0808408829867	-0.0191891223776	0.0619057439933	0.0132067722086	0.032070443606	0.00210565376043	-0.0271044603074	0.0717960592071	0.0662707465057	-0.0517725331938	-0.065536199941	0.0144213076143	0.0104168708842	0.0124309804733	0.0458503587463
k__Bacteria;p__Bacteroidetes;c__Bacteroidia;o__Bacteroidales;f__Bacteroidaceae;g__Bacteroides;s__Bacteroides_ovatus	-0.0454928948539	0.054759794776	-0.0209798786477	0.0632726642439	-0.0759306304146	1.0	-0.00741997433248	-0.0286839685903	-0.0124690734699	0.110813210839	-0.0643005340751	0.0209571051387	0.00640544353046	-0.0159649212217	-0.00519064854515	0.0234148450635	-0.0593605656407	0.0353287038403	-0.0355266829724	0.0131902398023	-0.0596496572134	-0.0165546525914	-0.0052781601228	-0.0386295884167	0.0103055071069	-0.0437383314941	-0.0499883464551	-0.0742803739851	-0.0541940976209	0.0936156070131	0.0411057609302	-0.0134865375142	0.00569997487473	-0.0740243036388	0.0131183297939	0.0780493769879	-0.0335053559143	0.0486079269325	-0.0130272193001	0.00222489859603	-0.00190627533266	-0.0371082878857	-0.0119818094043	0.0227356705625	-0.0197210193474	0.0668202116398	0.0175434413289	-0.0132038994235	-0.051477360474	0.00434907940053	0.0155443207588	-0.0493515198866	-0.027257290999	-0.0793843802545	0.0115194596449	-0.054393837525	-0.0300595471356	0.0993627961047	-0.0158275891531
k__Bacteria;p__Bacteroidetes;c__Bacteroidia;o__Bacteroidales;f__Rikenellaceae;g__Alistipes;s__Alistipes_shahii	0.063219611773	0.0365362418156	-0.0604411686742	-0.0420275028911	0.0786806287815	-0.00741997433248	1.0	0.0287644264707	0.0381510171264	-0.0363084128916	-0.0678787940655	-0.00399134775948	-0.0276596791836	0.0103515769856	-0.0134474182645	-0.0029931238586	-0.0191836191408	-0.00308132188715	-0.0354641181784	0.00813937557261	-0.044782348172	0.013770916487	-0.0967013446758	0.055734842727	-0.0359647071183	-0.00497255052552	0.00632857829363	0.0367516187394	-0.00687562108188	0.022212250444	-0.033990000126	0.0176381239355	0.03119206624	0.0321398697641	-0.106239767995	0.0442080438296	-0.0108606882387	-0.0634962063821	-0.0301813539221	0.000784047097102	0.0166234406659	-0.0621222862737	-0.0144232960015	-0.0173607427346	0.0255875624795	0.0396632399535	-0.0778125305901	-0.0418302119766	-0.0171456558505	-0.0176052210687	0.0464000385957	-0.00947320379657	0.0494650562285	0.0210389200614	0.00878717144211	-0.0570978416549	-0.0611196337364	0.0578555394205	-0.0325929908385
k__Bacteria;p__Firmicutes;c__Clostridia;o__Clostridiales;f__Ruminococcaceae;g__Faecalibacterium;s__Faecalibacterium_prausnitzii	-0.0116566976552	0.00717467653622	-0.0590668816864	0.00863254667778	0.0251719658236	-0.0286839685903	0.0287644264707	1.0	0.0518371951331	0.0337274532969	-0.0107914941163	-0.0550605946106	-0.0144642100687	-0.016343280022	0.0150822846113	0.000363623662149	0.0156774264978	-0.0455973325974	-0.00986243434788	0.0111989204492	0.0211938122558	-0.0282780106748	-0.00247143132663	-0.0238566430072	-0.0271542993926	-0.0367074672441	0.00661918352442	0.0514269251078	0.0402276354338	0.0109067903463	-0.0279484549808	-0.0286054195537	-0.00394553339944	-0.0641804447343	-0.0487532914565	-0.0205956860312	-0.0342242951968	-0.00949811888651	-0.0365291685879	0.0260208039979	-0.0794615730372	0.0249577710456	-0.053523136201	-0.0315220461971	-0.0123967068425	-0.0195415340962	-0.111160802027	-0.0624048766881	0.00236643866703	0.00730595107979	-0.0271421857991	-0.0127233344789	0.0427705720649	0.0164661320678	-0.00464117724084	-0.0277662556766	0.0463919541246	-0.0406097330703	-0.125309321998
k__Bacteria;p__Bacteroidetes;c__Bacteroidia;o__Bacteroidales;f__Rikenellaceae;g__Alistipes;s__Alistipes_finegoldii	0.0186758812455	0.00373380227044	0.00754086120338	0.0108092387188	0.0192241886716	-0.0124690734699	0.0381510171264	0.0518371951331	1.0	-0.0310665783864	-0.0604636607382	-0.0451513642876	-0.0437982849957	0.00778245098958	-0.0378644619732	-0.0271371691389	-0.0544516717858	-0.00478108524463	-0.0777034268736	6.62351332285e-05	-0.00161502449774	0.0107038701167	0.0405709799731	0.00963545521668	-0.0331562389606	0.0155197515528	-0.00513925386889	0.0262945639819	-0.0086338671595	-0.0448949603405	0.0355275984856	-0.063143787589	-0.0719187858118	-0.0559286181862	-0.0517077720096	-0.0190274178772	-0.0105901781682	0.0366993506719	0.0458557366025	-0.00712398821258	-0.0231353481322	-0.0851952949655	0.0450400339826	0.00432221838389	0.0486716389127	-0.0111284033104	-0.0136292280209	-0.0552158413281	0.038310168808	-0.0523131985448	0.0430178415896	-0.0564871006637	-0.0546320338673	-0.0639417568209	-0.0323628216694	0.00235105196008	-0.0209479235613	0.000995002528731	0.0133335812501
k__Bacteria;p__Bacteroidetes;c__Bacteroidia;o__Bacteroidales;f__Porphyromonadaceae;g__Parabacteroides;s__Parabacteroides_distasonis	-0.00621838649642	-0.0670462245568	0.000954687784854	-0.0207299663273	-0.0149311476412	0.110813210839	-0.0363084128916	0.0337274532969	-0.0310665783864	1.0	-0.0464824885138	0.0361243704627	0.0100954258818	0.0087856077648	0.00779151727689	0.0748840700946	-0.00990822105341	-0.00802732654239	-0.0172097752164	-0.0307295847073	-0.0302962112012	0.0118497645292	-0.0525040401321	-0.0320639283374	0.0215971840681	-0.00782093161094	-0.00667467278153	-0.0127026989272	-0.071221422617	-0.118577295742	-0.0143309881484	0.0700292268202	-0.0392536395791	-0.0671943898472	-0.0408875953868	-0.00727793761454	-0.0657938939247	-0.0102162046971	-0.00438897026534	-0.0779242779375	0.0191034392068	0.0312465632472	0.0286232868298	0.0289347763682	-0.0290583885456	-0.0622026284234	0.00672103967922	-0.0281005487282	0.00662708156663	-0.0228587397117	0.0316031690839	0.0528576661682	-0.0137751791026	-0.00677394148198	0.00269724292146	-0.0141041607254	-0.00496954352073	0.0521371975723	-0.0316842538428
k__Bacteria;p__Bacteroidetes;c__Bacteroidia;o__Bacteroidales;f__Bacteroidaceae;g__Bacteroides;s__Bacteroides_thetaiotaomicron	-0.0407208637684	-0.00771623177598	-0.0701731975028	0.0419351237927	0.0255179899382	-0.0643005340751	-0.0678787940655	-0.0107914941163	-0.0604636607382	-0.0464824885138	1.0	-0.0337032017252	0.0481112178988	-0.0226713596844	-0.0114459408051	0.0086511671879	0.0076441778467	-0.0509203158138	-0.0455947829583	-0.0368873018913	-0.0193645182004	0.0530358180549	-0.0290379265529	0.00128293262578	-0.00932680974025	0.0308568578737	-0.0204206140686	0.0128075138096	0.0427874043675	0.0199955356383	0.0118920507949	0.0245729417147	-0.0562692364578	0.0248297268441	-0.0349684104493	-0.00204433958445	0.0852913781416	-0.00642196777313	-0.0367069356034	-0.0112421585014	-0.00995856872226	0.000750587682979	0.0620537704157	0.0258260659654	-0.0182563905178	-0.0389840865106	-0.0251671049074	0.0388704430863	-0.0342204627255	-0.0131274911209	-0.0247212057438	-0.0438974148258	-0.0573686172175	-0.00400557489376	0.0310793762317	0.00570823294607	-0.00607570467254	-0.0421946551079	0.0321282455077
k__Bacteria;p__Bacteroidetes;c__Bacteroidia;o__Bacteroidales;f__Bacteroidaceae;g__Bacteroides;s__Bacteroides_coprocola	-0.0658225844684	0.0476979331834	0.0204400777192	-0.00998255205959	-0.000974059604424	0.0209571051387	-0.00399134775948	-0.0550605946106	-0.0451513642876	0.0361243704627	-0.0337032017252	1.0	0.00849613493689	-0.0354835883736	0.0421430354663	0.00437626665074	0.013145739633	0.0434383205627	-0.0364531658612	0.0206753768057	0.0224367945767	0.0254704850062	0.0159552210192	-0.0169491111987	0.0249983648103	0.09017928189	-0.0594436439643	-0.0309838508683	-0.0588130920132	-0.0536054580376	-0.0801862765838	-0.0798038661245	-0.100658126748	0.00964072053375	-0.052884240749	0.0283359321131	0.0544868455279	0.02359038888	0.0265758647853	-0.0107458984021	-0.0632640872681	0.0620579717194	0.00680948722006	0.00116739128259	0.0390765712557	-0.0240183742444	-0.0201086747544	-0.0181638472907	-0.0550547600492	0.0136654259645	0.0298745738629	-0.0111308112924	-0.0321414877724	-0.0148016308821	-0.0365662335965	-0.0739092448934	-0.0659860888189	-0.0192485013221	0.0220263796764
k__Bacteria;p__Bacteroidetes;c__Bacteroidia;o__Bacteroidales;f__Bacteroidaceae;g__Bacteroides;s__Bacteroides_cellulosilyticus	-0.0371219245504	0.0587155421038	0.0163536898986	0.0453590767496	0.0375480712221	0.00640544353046	-0.0276596791836	-0.0144642100687	-0.0437982849957	0.0100954258818	0.0481112178988	0.00849613493689	1.0	0.0105469252724	-0.00616405038855	-0.0229548537953	-0.0378674412993	-0.019548701975	-0.0361196690886	-0.0200582896241	-0.0242811955673	0.0569309324007	-0.0335896827993	-0.031503057412	-0.00638924563546	0.00818500576485	-0.0313103269664	-0.0444112699369	0.0182696338454	-0.0314431352397	0.0665814591909	-0.00582244073037	0.0406901758071	0.0612163885006	0.00928702229803	0.0323722827993	-0.0254113221465	-0.00367102864849	-0.0583103920743	0.0295858170925	-0.0409782976836	-0.00283746596292	-0.00386326803733	-0.0612455645323	-0.00057844690714	-0.0337449485138	-0.0199882667296	-0.00834116491161	-0.0175023609039	-0.0133089844052	0.0095729304859	-0.00451429529908	0.0236247891095	-0.00314360847802	-0.0480836794529	-0.0270936594974	-0.0626455234443	0.0192545389713	-0.0410023290056
k__Bacteria;p__Bacteroidetes;c__Bacteroidia;o__Bacteroidales;f__Rikenellaceae;g__Alistipes;s__Alistipes_obesi	0.0340775384147	0.0275866190536	-0.00794625687697	0.00739381280534	-0.0380742925861	-0.0159649212217	0.0103515769856	-0.016343280022	0.00778245098958	0.0087856077648	-0.0226713596844	-0.0354835883736	0.0105469252724	1.0	0.0132237503082	-0.0641008148773	-0.0621817704807	-0.0323822082278	0.0445257594974	-0.0420327393747	-0.0252888647794	0.0142752319978	-0.0236354608921	0.0400107824833	0.035623254919	-0.0107250596143	-0.0589255579018	0.0677597947952	0.0510260771053	-0.0136055297985	-0.0453226400591	-0.0602861114086	-0.0359530981921	0.0453229774571	-0.000331201594326	-0.0419359991916	-0.0793426265657	-0.0156897422542	-0.117387609533	-0.0224094860301	-0.0219543866492	-0.00953646721911	-0.0256461815582	-0.0211840209654	-0.0650418751934	-0.051300298904	-0.0223961880476	-0.0337881521933	0.00912443710476	0.00505708316096	-0.0708789565946	-0.000363897525275	-0.0338473287558	-0.0143170527229	0.0264530876709	0.0192595169693	0.00371871387363	0.0104066539206	0.0206645004422
k__Bacteria;p__Firmicutes;c__Clostridia;o__Clostridiales;f__Lachnospiraceae;g__;s__[Eubacterium]_rectale	-0.0537103059464	-0.0110901979424	-0.00889418000462	-0.0146086218039	0.0123374548849	-0.00519064854515	-0.0134474182645	0.0150822846113	-0.0378644619732	0.00779151727689	-0.0114459408051	0.0421430354663	-0.00616405038855	0.0132237503082	1.0	-0.0513116100118	-0.0428691016612	0.00870046387541	-0.0110054258444	-0.0463076747032	0.00885159037412	0.0403551235863	-0.0384144686054	0.0167689987086	0.0623256174892	0.0137630627038	0.000553421705247	-0.0480971090527	-0.0150236129162	-0.0362026982571	-0.0931684492013	-0.0751580600386	0.0245703272276	-0.0651529611878	-0.0178195908339	-0.0272796288327	-0.0632888224241	-0.0245096079754	0.0114800150968	0.0109251383975	0.0199472742736	0.0486503464959	-0.049270159843	0.000872123218465	-0.0216506958293	-0.028280163041	-0.0248515122741	-0.0296808515109	0.042757406327	-0.0267815260955	0.0422671385929	0.052088071158	0.00580067516513	0.00467578388511	-0.0245272571029	-0.0402461585899	-0.11964155792	0.0375671301064	0.0650938705168
k__Bacteria;p__Bacteroidetes;c__Bacteroidia;o__Bacteroidales;f__Bacteroidaceae;g__Bacteroides;s__Bacteroides_plebeius	-0.00527554331938	-0.00632006481649	0.0287492414736	-0.011971201527	0.00261469357072	0.0234148450635	-0.0029931238586	0.000363623662149	-0.0271371691389	0.0748840700946	0.0086511671879	0.00437626665074	-0.0229548537953	-0.0641008148773	-0.0513116100118	1.0	-0.0232739682883	-0.00801166747875	-0.0523943608877	-0.080682721646	0.0238141120528	0.0379310706045	-0.0137694351723	0.00368627586705	-0.0409245512834	-0.0166542042347	-0.043895695277	-0.0472143121235	-0.0049468839645	0.0125230322418	-0.0996405037668	-0.0106417635574	0.0104700019267	-0.0378751755083	-0.0268130320993	-0.0354262508938	0.000986053937317	-0.0115404529761	-0.0709137110037	-0.0229743917879	-0.0457670400985	-0.0601914226965	0.0105464491653	0.0482244052332	0.0680870235764	0.0174525148519	0.0106610180078	-0.0137230516323	0.0175185948282	0.025846256874	0.036694951231	0.0725445538856	-0.000518779351274	-0.0105446654343	0.0338562074178	-0.0723541296428	-0.0443440796595	-0.0433421263384	0.00519804621759
k__Bacteria;p__Bacteroidetes;c__Bacteroidia;o__Bacteroidales;f__Bacteroidaceae;g__Bacteroides;s__Bacteroides_fragilis	0.0215683673053	-0.025998813778	0.0173660912204	0.00596381704549	0.0415124856899	-0.0593605656407	-0.0191836191408	0.0156774264978	-0.0544516717858	-0.00990822105341	0.0076441778467	0.013145739633	-0.0378674412993	-0.0621817704807	-0.0428691016612	-0.0232739682883	1.0	-0.108858672379	0.0137867659084	-0.0223158452025	0.109990021583	0.00351103776879	-0.055181826663	0.0248271290909	-0.0385034235198	-0.0838231543235	-0.0681422510409	0.00540646434046	-0.0632297652022	-0.0275994082946	0.0220359156281	-0.0528523097555	0.0425800603676	-0.0586383959854	0.0172579882755	-0.0221172255119	0.0055467882503	0.0197110575719	0.0401931332691	-0.0144773904128	0.0156122630695	-0.00659192181369	0.0117517762274	-0.0291292855163	0.0159615407678	0.0120047118957	0.0203412980373	-0.0562224115433	-0.0367190994201	-0.0188829504622	0.0145343055467	-0.00351798373136	-0.0169606300168	-0.0203866742455	-0.0262190255524	-0.0258460851587	-0.0230786548266	-0.0454395297749	0.0268806282848
k__Bacteria;p__Proteobacteria;c__Betaproteobacteria;o__Burkholderiales;f__Sutterellaceae;g__Sutterella;s__Sutterella_wadsworthensis	0.028993829186	-0.0307526843125	0.015611740498	-0.0529229500474	-0.0633987237631	0.0353287038403	-0.00308132188715	-0.0455973325974	-0.00478108524463	-0.00802732654239	-0.0509203158138	0.0434383205627	-0.019548701975	-0.0323822082278	0.00870046387541	-0.00801166747875	-0.108858672379	1.0	0.00266282629456	-0.0155205538495	-0.0630304183162	0.0368716733345	-0.051333861928	0.0753161453512	-0.0269432261305	-0.0336774341978	-0.0457875026253	-0.0386345329278	-0.0422769341886	-0.0368843550057	0.0149960740963	-0.0843019039805	0.0794716249635	0.100900003896	0.0152732971734	-0.0464190622594	-0.0574792110455	0.0728955538431	0.0275558695749	0.0198654789258	-0.00143244001226	0.0595492419458	0.00140759116748	-0.0500376567892	-0.00492526835647	-0.00142093001782	-0.0506879169188	-0.0128048870637	-0.0654765776604	0.00837854281325	-0.0379858090863	-0.00368625304342	0.0236084670294	0.0385997723956	-0.0245277007478	-0.0302605051756	-0.063953421953	-0.0703677408439	-0.00758455750895
k__Bacteria;p__Bacteroidetes;c__Bacteroidia;o__Bacteroidales;f__Porphyromonadaceae;g__Barnesiella;s__Barnesiella_intestinihominis	-0.0422514071217	-0.0268205947332	-0.0601336362782	0.0520763806857	-0.00179723590521	-0.0355266829724	-0.0354641181784	-0.00986243434788	-0.0777034268736	-0.0172097752164	-0.0455947829583	-0.0364531658612	-0.0361196690886	0.0445257594974	-0.0110054258444	-0.0523943608877	0.0137867659084	0.00266282629456	1.0	0.0331847764903	-0.0546513284793	-0.0243663806709	-0.00604115844762	-0.0621747276207	-0.0201216297341	-0.0214774037781	0.000262842932196	-0.0975763581662	-0.0426822011657	-0.0472792587375	0.0146169684028	0.0687023878133	-0.0382287292724	-0.0348514109891	0.0254040774942	-0.0368692678665	-0.0138450304908	-0.0689863564748	0.0561250823327	0.0609778626095	-0.0214898072517	0.028731393034	0.00942713591874	-0.00345498060496	-0.0751309097894	0.0393782642926	0.00505324074622	0.024007005954	0.020415199605	-0.0247344597552	-0.054028817806	0.0530700756482	-0.0329909319912	-0.0326444329077	-0.0311589204829	-0.0160917511463	0.0556893592586	0.0154422699849	0.0301380104678
k__Bacteria;p__Bacteroidetes;c__Bacteroidia;o__Bacteroidales;f__Odoribacteraceae;g__Odoribacter;s__Odoribacter_splanchnicus	-0.0270140955684	-0.0296928556972	-0.00485373204848	0.0225689745892	-0.0195900021314	0.0131902398023	0.00813937557261	0.0111989204492	6.62351332285e-05	-0.0307295847073	-0.0368873018913	0.0206753768057	-0.0200582896241	-0.0420327393747	-0.0463076747032	-0.080682721646	-0.0223158452025	-0.0155205538495	0.0331847764903	1.0	-0.0443011692377	-0.0542487190452	0.0271577563581	-0.0316556691039	0.023879847301	0.0451838695984	-0.0330011849763	-0.0161114924011	-0.036676493466	0.0216613727041	0.0338895047946	-0.00647391357434	0.0428095955687	-0.0969586623341	0.0325820531041	0.00927889295649	-0.00314916618302	-0.0725505480429	-0.0422745447158	0.0316449078177	0.0211281697299	-0.0735936964686	-0.00146515253622	0.046847280321	-0.018755983289	0.0056669966987	-0.0439928219024	-0.0633962154266	0.0627872972424	-0.079154766548	-0.00540753053865	-0.00463708545432	-0.0766595890971	0.0230087079298	-0.00464555407461	-0.0303369712914	0.0242125418664	-0.0329077939753	0.00919004542788
k__Bacteria;p__Bacteroidetes;c__Bacteroidia;o__Bacteroidales;f__Bacteroidaceae;g__Bacteroides;s__Bacteroides_salyersiae	0.0613493324188	0.0116023384166	0.00888090885438	0.0138923504123	-0.0426270548002	-0.0596496572134	-0.044782348172	0.0211938122558	-0.00161502449774	-0.0302962112012	-0.0193645182004	0.0224367945767	-0.0242811955673	-0.0252888647794	0.00885159037412	0.0238141120528	0.109990021583	-0.0630304183162	-0.0546513284793	-0.0443011692377	1.0	0.0400523010358	-0.00135600557095	-0.0708550888598	-0.0563435256068	0.0674607882636	-0.0207108090484	-0.00900377130432	-0.0605236777844	-0.0425846826364	0.0167836959102	0.000448713064177	0.025410892434	-0.0504201150555	-0.0951566401399	0.0223211465112	0.0463855856505	-0.0363025186666	0.0242646251241	0.0193602358221	0.0281041562302	-0.0572743608109	0.00593844989948	-0.0505912757394	-0.0293188579007	-0.0469472191727	-0.0300580359466	0.00799151874627	-0.063019718056	0.0350202251599	0.00256875256845	-0.155060939485	-0.0436992968752	0.0702679750633	-0.0599154342341	-0.0272144759631	0.0490286023879	-0.0368022001171	0.0039032217452
k__Bacteria;p__Firmicutes;c__Clostridia;o__Clostridiales;f__Ruminococcaceae;g__Ruminiclostridium;s__[Eubacterium]_siraeum	-0.0163066940513	-0.0316347574374	-0.131592641057	-0.047018833774	0.0414758249952	-0.0165546525914	0.013770916487	-0.0282780106748	0.0107038701167	0.0118497645292	0.0530358180549	0.0254704850062	0.0569309324007	0.0142752319978	0.0403551235863	0.0379310706045	0.00351103776879	0.0368716733345	-0.0243663806709	-0.0542487190452	0.0400523010358	1.0	-0.0474329413175	-0.0439398459455	-0.037750532928	-0.086950246453	0.00444951265153	-0.00915171477662	0.0483012870673	0.0854957549035	0.0241508760057	0.0326038669759	0.0340039831951	-0.0817413513705	-0.0565928671636	-0.0353374416665	0.0245859263911	-0.00349422685227	0.0333450096957	-0.0848245990151	0.0397873452848	0.0214064108084	-0.0343874088341	-0.11425256051	0.00594758943384	-0.0226958301032	0.00231828672136	0.0390826301687	-0.0310645784801	0.0465437160306	0.0185155200006	-0.0217787958328	0.0313976964084	0.0111152897925	-0.0320893302713	0.0765717463547	0.00371991527395	0.0263649289277	-0.0702696417675
k__Bacteria;p__Proteobacteria;c__Betaproteobacteria;o__Burkholderiales;f__Sutterellaceae;g__Parasutterella;s__Parasutterella_excrementihominis	-0.0434289737609	-0.0280157072308	0.0396254935292	-0.0376146944533	0.00748813129353	-0.0052781601228	-0.0967013446758	-0.00247143132663	0.0405709799731	-0.0525040401321	-0.0290379265529	0.0159552210192	-0.0335896827993	-0.0236354608921	-0.0384144686054	-0.0137694351723	-0.055181826663	-0.051333861928	-0.00604115844762	0.0271577563581	-0.00135600557095	-0.0474329413175	1.0	0.010308435869	0.105377791092	-0.0407912844397	-0.0108206444613	0.0455037624211	-0.0165688655819	-0.016175765606	0.00367173046678	0.0198030905926	0.00985943104791	-0.00313707103096	0.0475949355519	0.0912938293509	-0.0454690506209	-0.0349272285651	-0.0206225377113	-0.0750203964452	-0.0177675292017	0.0594369711292	-0.00367574426982	0.000186076264878	-0.0807078242098	0.0804147754117	-0.0141447425364	0.0691018632147	-0.0213766534868	-0.0153733988061	-0.0686116353001	0.0230806624729	-0.0185703841935	0.000711488178646	-0.00779825604278	0.0110393495634	-0.0620971033867	-0.00114302282394	0.0639094346054
k__Bacteria;p__Actinobacteria;c__Actinobacteria;o__Bifidobacteriales;f__Bifidobacteriaceae;g__Bifidobacterium;s__Bifidobacterium_adolescentis	-0.0211189727691	-0.0856436133464	-0.0482502288011	-0.0170643314916	-0.0115617521875	-0.0386295884167	0.055734842727	-0.0238566430072	0.00963545521668	-0.0320639283374	0.00128293262578	-0.0169491111987	-0.031503057412	0.0400107824833	0.0167689987086	0.00368627586705	0.0248271290909	0.0753161453512	-0.0621747276207	-0.0316556691039	-0.0708550888598	-0.0439398459455	0.010308435869	1.0	-0.00518063349868	-0.0184102979678	-0.0585354148285	-0.00101536510376	0.0282362162281	-0.056808673467	-0.0297270405617	0.0322248497873	-0.0690688062147	-0.0437493027188	-0.0348121995746	-0.0111576213483	0.0484263472886	0.0197427932712	0.00428228793909	0.0124633771193	-0.0172684169146	-0.0204752043187	0.023038112802	-0.070824972599	0.0355348628485	-0.0628003200875	-0.0789769988128	0.0181652816314	0.0154150267826	-0.00854128540409	-0.00230658872055	-0.0428288244696	0.00332235690954	-0.010179500223	-0.00931215914888	0.0388534663925	-0.0510559493795	0.0859240383841	-0.00888379310272
k__Bacteria;p__Firmicutes;c__Clostridia;o__Clostridiales;f__Oscillospiraceae;g__Oscillibacter;s__Oscillibacter_sp._KLE_1745	0.00574909808267	-0.0163400557649	0.0116694222127	0.0511034531115	0.0118827722329	0.0103055071069	-0.0359647071183	-0.0271542993926	-0.0331562389606	0.0215971840681	-0.00932680974025	0.0249983648103	-0.00638924563546	0.035623254919	0.0623256174892	-0.0409245512834	-0.0385034235198	-0.0269432261305	-0.0201216297341	0.023879847301	-0.0563435256068	-0.037750532928	0.105377791092	-0.00518063349868	1.0	0.0211020254681	0.0922099374427	-0.103513075642	-0.0273455802769	0.0212396821114	-0.0397461661449	-0.0457568672286	0.00309949427199	0.0278545356591	0.0170870691667	0.0350277063785	-0.0744225406915	-0.0424273756077	0.0425263150924	-0.0243117818698	0.0132752755404	0.040138116883	0.0490452040297	0.01210323252	-0.0559661207332	-0.0257571046518	-0.0109142112195	-0.043119968341	-0.0375704517333	-0.0117539591271	-0.0234067227827	0.0258879550912	-0.0310152489604	-0.0257593672053	-0.0632866164694	-0.0353009579434	-0.00906865142614	0.00191739305929	-0.0256840263316
k__Bacteria;p__Bacteroidetes;c__Bacteroidia;o__Bacteroidales;f__Bacteroidaceae;g__Bacteroides;s__Bacteroides_coprophilus	-0.0442659075541	-0.0109625955052	0.0487680057302	-0.0631349971315	-0.0711559192734	-0.0437383314941	-0.00497255052552	-0.0367074672441	0.0155197515528	-0.00782093161094	0.0308568578737	0.09017928189	0.00818500576485	-0.0107250596143	0.0137630627038	-0.0166542042347	-0.0838231543235	-0.0336774341978	-0.0214774037781	0.0451838695984	0.0674607882636	-0.086950246453	-0.0407912844397	-0.0184102979678	0.0211020254681	1.0	0.00161044679422	-0.018796156664	0.0249533976075	-0.0280296572331	-0.0459865893503	-0.0151824105888	-0.00966623285568	0.00287644310622	-0.0384047841462	-0.00509694934314	0.0312141143234	0.014188057222	-0.0589712535977	0.00984388523805	0.0186201585986	-0.0734112134183	0.0424165294491	0.0315383704535	0.00204086536428	-0.0381363173351	0.0366299209879	0.0285035852427	0.0213588719311	-0.0190379636261	-0.0150479468271	-0.0815661978914	0.00377704573964	-0.0413283356169	-0.0179072982181	-0.0322326978841	-0.03800077071	-0.0454389749155	-0.042994032488
k__Bacteria;p__Firmicutes;c__Clostridia;o__Clostridiales;f__Lachnospiraceae;g__Roseburia;s__Roseburia_intestinalis	-0.075961157766	-0.01431556819	0.0355981739478	-0.0278787553305	0.0858884038652	-0.0499883464551	0.00632857829363	0.00661918352442	-0.00513925386889	-0.00667467278153	-0.0204206140686	-0.0594436439643	-0.0313103269664	-0.0589255579018	0.000553421705247	-0.043895695277	-0.0681422510409	-0.0457875026253	0.000262842932196	-0.0330011849763	-0.0207108090484	0.00444951265153	-0.0108206444613	-0.0585354148285	0.0922099374427	0.00161044679422	1.0	-0.0117592250246	-0.0936333920569	0.072374985948	-0.00197870402663	0.0407863404973	-0.0474088611574	-0.0132504558465	-0.0372804888509	0.0537730791352	0.0933611097587	-0.0627385305025	-0.0359135373125	-0.0687759360919	0.00534574796507	0.0410577160858	-0.00922493658874	0.016865783013	0.025130178186	-0.0426406973943	-0.0419439503732	-0.021996747866	0.0647077730537	-0.0498885288691	0.0118076359738	-0.031762179122	-0.0276320755963	-0.00531309074298	-0.037053200082	0.0137508456105	0.00503424728	0.0463052353137	0.0516840313364
k__Bacteria;p__Firmicutes;c__Clostridia;o__Clostridiales;f__Lachnospiraceae;g__Roseburia;s__Roseburia_hominis	0.0308622465916	-0.0382150709984	-0.0204348148221	-0.0469266105777	0.0292834070022	-0.0742803739851	0.0367516187394	0.0514269251078	0.0262945639819	-0.0127026989272	0.0128075138096	-0.0309838508683	-0.0444112699369	0.0677597947952	-0.0480971090527	-0.0472143121235	0.00540646434046	-0.0386345329278	-0.0975763581662	-0.0161114924011	-0.00900377130432	-0.00915171477662	0.0455037624211	-0.00101536510376	-0.103513075642	-0.018796156664	-0.0117592250246	1.0	0.0276881112045	-0.0301592909351	0.0520984001019	-0.070208087579	-0.0491475807441	-0.0486421724365	0.00697572518766	-0.0102793936778	0.0765955396119	0.00750298145786	-0.0410827246712	-0.0386212503248	0.0391120392045	-0.0141703748756	-0.0283109854275	0.00125982536548	-0.0144498772758	0.042980285734	-0.0157654839035	-0.0118746321997	-0.031800162309	-0.0207948573651	0.0627220190981	-0.00541695392293	0.0643185029545	0.0447083823355	-0.0218399934087	-0.020572517649	0.0523878855841	0.000860566433778	-0.00435789855722
k__Bacteria;p__Bacteroidetes;c__Bacteroidia;o__Bacteroidales;f__Porphyromonadaceae;g__Parabacteroides;s__Parabacteroides_johnsonii	0.0242594276939	-0.00343506414003	0.046242989901	-0.0147257186967	0.0294635261469	-0.0541940976209	-0.00687562108188	0.0402276354338	-0.0086338671595	-0.071221422617	0.0427874043675	-0.0588130920132	0.0182696338454	0.0510260771053	-0.0150236129162	-0.0049468839645	-0.0632297652022	-0.0422769341886	-0.0426822011657	-0.036676493466	-0.0605236777844	0.0483012870673	-0.0165688655819	0.0282362162281	-0.0273455802769	0.0249533976075	-0.0936333920569	0.0276881112045	1.0	-0.0354691904443	-0.0142021695823	0.0155871143327	-0.0745700666879	-0.00920937649904	0.00192756175074	0.00237955546992	0.0768965263617	-0.0663982128366	-0.0024412147113	0.0185259091407	0.0424911055537	-0.0181660478898	-0.00455529292968	-0.0679993425045	-0.0058578598806	-0.0466886354152	-0.0373275703383	-0.0726875757132	-0.00885194078492	-0.0490593057025	-0.0108493772981	0.0772711415268	0.0772940058809	-0.0282189060027	-0.0201931044432	0.00201166168533	-0.0593386970438	0.0559482963618	0.00378326544435
k__Bacteria;p__Actinobacteria;c__Actinobacteria;o__Bifidobacteriales;f__Bifidobacteriaceae;g__Bifidobacterium;s__Bifidobacterium_longum	-0.0923916330846	0.0542768736642	-0.0331915389259	0.00609030058576	-0.0306905853724	0.0936156070131	0.022212250444	0.0109067903463	-0.0448949603405	-0.118577295742	0.0199955356383	-0.0536054580376	-0.0314431352397	-0.0136055297985	-0.0362026982571	0.0125230322418	-0.0275994082946	-0.0368843550057	-0.0472792587375	0.0216613727041	-0.0425846826364	0.0854957549035	-0.016175765606	-0.056808673467	0.0212396821114	-0.0280296572331	0.072374985948	-0.0301592909351	-0.0354691904443	1.0	-0.0103384748678	-0.0271406049637	-0.0286887343261	0.0144648143056	0.0474900942069	-0.0510464847767	-0.0174590591242	0.0155113672303	-0.0451548092718	-0.0858025194198	-0.0169676252225	-0.044040928187	0.00641036769335	-0.0221551926335	-0.0334551221635	-0.0401272360897	-0.0279362752874	0.0210401391352	-0.0186298070249	-0.0320264395654	-0.0513400028337	0.0043924776768	0.0385006037808	0.0345368028338	0.0448512759831	-0.017172328618	0.00484794508784	-0.0844312876979	0.00106170407567
