#taxonomy	k__Bacteria;p__Bacteroidetes;c__Bacteroidia;o__Bacteroidales;f__Bacteroidaceae;g__Bacteroides;s__Bacteroides_vulgatus	k__Bacteria;p__Bacteroidetes;c__Bacteroidia;o__Bacteroidales;f__Bacteroidaceae;g__Bacteroides;s__Bacteroides_uniformis	k__Bacteria;p__Bacteroidetes;c__Bacteroidia;o__Bacteroidales;f__Rikenellaceae;g__Alistipes;s__Alistipes_putredinis	k__Bacteria;p__Bacteroidetes;c__Bacteroidia;o__Bacteroidales;f__Prevotellaceae;g__Prevotella;s__Prevotella_copri	k__Bacteria;p__Bacteroidetes;c__Bacteroidia;o__Bacteroidales;f__Bacteroidaceae;g__Bacteroides;s__Bacteroides_stercoris	k__Bacteria;p__Bacteroidetes;c__Bacteroidia;o__Bacteroidales;f__Bacteroidaceae;g__Bacteroides;s__Bacteroides_ovatus	k__Bacteria;p__Bacteroidetes;c__Bacteroidia;o__Bacteroidales;f__Rikenellaceae;g__Alistipes;s__Alistipes_shahii	k__Bacteria;p__Firmicutes;c__Clostridia;o__Clostridiales;f__Ruminococcaceae;g__Faecalibacterium;s__Faecalibacterium_prausnitzii	k__Bacteria;p__Bacteroidetes;c__Bacteroidia;o__Bacteroidales;f__Rikenellaceae;g__Alistipes;s__Alistipes_finegoldii	k__Bacteria;p__Bacteroidetes;c__Bacteroidia;o__Bacteroidales;f__Porphyromonadaceae;g__Parabacteroides;s__Parabacteroides_distasonis	k__Bacteria;p__Bacteroidetes;c__Bacteroidia;o__Bacteroidales;f__Bacteroidaceae;g__Bacteroides;s__Bacteroides_thetaiotaomicron	k__Bacteria;p__Bacteroidetes;c__Bacteroidia;o__Bacteroidales;f__Bacteroidaceae;g__Bacteroides;s__Bacteroides_coprocola	k__Bacteria;p__Bacteroidetes;c__Bacteroidia;o__Bacteroidales;f__Bacteroidaceae;g__Bacteroides;s__Bacteroides_cellulosilyticus	k__Bacteria;p__Bacteroidetes;c__Bacteroidia;o__Bacteroidales;f__Rikenellaceae;g__Alistipes;s__Alistipes_obesi	k__Bacteria;p__Firmicutes;c__Clostridia;o__Clostridiales;f__Lachnospiraceae;g__;s__[Eubacterium]_rectale	k__Bacteria;p__Bacteroidetes;c__Bacteroidia;o__Bacteroidales;f__Bacteroidaceae;g__Bacteroides;s__Bacteroides_plebeius	k__Bacteria;p__Bacteroidetes;c__Bacteroidia;o__Bacteroidales;f__Bacteroidaceae;g__Bacteroides;s__Bacteroides_fragilis	k__Bacteria;p__Proteobacteria;c__Betaproteobacteria;o__Burkholderiales;f__Sutterellaceae;g__Sutterella;s__Sutterella_wadsworthensis	k__Bacteria;p__Bacteroidetes;c__Bacteroidia;o__Bacteroidales;f__Porphyromonadaceae;g__Barnesiella;s__Barnesiella_intestinihominis	k__Bacteria;p__Bacteroidetes;c__Bacteroidia;o__Bacteroidales;f__Odoribacteraceae;g__Odoribacter;s__Odoribacter_splanchnicus	k__Bacteria;p__Bacteroidetes;c__Bacteroidia;o__Bacteroidales;f__Bacteroidaceae;g__Bacteroides;s__Bacteroides_salyersiae	k__Bacteria;p__Firmicutes;c__Clostridia;o__Clostridiales;f__Ruminococcaceae;g__Ruminiclostridium;s__[Eubacterium]_siraeum	k__Bacteria;p__Proteobacteria;c__Betaproteobacteria;o__Burkholderiales;f__Sutterellaceae;g__Parasutterella;s__Parasutterella_excrementihominis	k__Bacteria;p__Actinobacteria;c__Actinobacteria;o__Bifidobacteriales;f__Bifidobacteriaceae;g__Bifidobacterium;s__Bifidobacterium_adolescentis	k__Bacteria;p__Firmicutes;c__Clostridia;o__Clostridiales;f__Oscillospiraceae;g__Oscillibacter;s__Oscillibacter_sp._KLE_1745	k__Bacteria;p__Bacteroidetes;c__Bacteroidia;o__Bacteroidales;f__Bacteroidaceae;g__Bacteroides;s__Bacteroides_coprophilus	k__Bacteria;p__Firmicutes;c__Clostridia;o__Clostridiales;f__Lachnospiraceae;g__Roseburia;s__Roseburia_intestinalis	k__Bacteria;p__Firmicutes;c__Clostridia;o__Clostridiales;f__Lachnospiraceae;g__Roseburia;s__Roseburia_hominis	k__Bacteria;p__Bacteroidetes;c__Bacteroidia;o__Bacteroidales;f__Porphyromonadaceae;g__Parabacteroides;s__Parabacteroides_johnsonii	k__Bacteria;p__Actinobacteria;c__Actinobacteria;o__Bifidobacteriales;f__Bifidobacteriaceae;g__Bifidobacterium;s__Bifidobacterium_longum	k__Bacteria;p__Firmicutes;c__Clostridia;o__Clostridiales;f__;g__Flavonifractor;s__Flavonifractor_plautii	k__Bacteria;p__Firmicutes;c__Clostridia;o__Clostridiales;f__Clostridiaceae;g__Clostridium;s__Clostridium_phoceensis	k__Bacteria;p__Verrucomicrobia;c__Verrucomicrobiae;o__Verrucomicrobiales;f__Akkermansiaceae;g__Akkermansia;s__Akkermansia_muciniphila	k__Bacteria;p__Bacteroidetes;c__Bacteroidia;o__Bacteroidales;f__Prevotellaceae;g__Paraprevotella;s__Paraprevotella_xylaniphila	k__Bacteria;p__Firmicutes;c__Clostridia;o__Clostridiales;f__Ruminococcaceae;g__Ruminococcus;s__Ruminococcus_callidus	k__Bacteria;p__Bacteroidetes;c__Bacteroidia;o__Bacteroidales;f__Rikenellaceae;g__Alistipes;s__Alistipes_senegalensis	k__Bacteria;p__Firmicutes;c__Clostridia;o__Clostridiales;f__Lachnospiraceae;g__Blautia;s__Blautia_sp._KLE_1732	k__Bacteria;p__Bacteroidetes;c__Bacteroidia;o__Bacteroidales;f__Bacteroidaceae;g__Bacteroides;s__Bacteroides_oleiciplenus	k__Bacteria;p__Firmicutes;c__Clostridia;o__Clostridiales;f__Ruminococcaceae;g__Ruminococcus;s__Ruminococcus_bicirculans	k__Bacteria;p__Bacteroidetes;c__Bacteroidia;o__Bacteroidales;f__Bacteroidaceae;g__Bacteroides;s__Bacteroides_fluxus	k__Bacteria;p__Bacteroidetes;c__Bacteroidia;o__Bacteroidales;f__Prevotellaceae;g__Prevotella;s__Prevotella_stercorea	k__Bacteria;p__Firmicutes;c__Clostridia;o__Clostridiales;f__Lachnospiraceae;g__Dorea;s__Dorea_longicatena	k__Bacteria;p__Firmicutes;c__Clostridia;o__Clostridiales;f__Eubacteriaceae;g__Eubacterium;s__[Eubacterium]_eligens	k__Bacteria;p__Firmicutes;c__Clostridia;o__Clostridiales;f__Ruminococcaceae;g__;s__Ruminococcaceae_bacterium_D16	k__Bacteria;p__Firmicutes;c__Clostridia;o__Clostridiales;f__Lachnospiraceae;g__Coprococcus;s__Coprococcus_comes	k__Bacteria;p__Proteobacteria;c__Gammaproteobacteria;o__Enterobacterales;f__Enterobacteriaceae;g__Escherichia;s__Escherichia_coli	k__Bacteria;p__Firmicutes;c__Clostridia;o__Clostridiales;f__Ruminococcaceae;g__Anaerotruncus;s__Anaerotruncus_colihominis	k__Bacteria;p__Firmicutes;c__Clostridia;o__Clostridiales;f__Lachnospiraceae;g__Blautia;s__Blautia_obeum	k__Bacteria;p__Bacteroidetes;c__Bacteroidia;o__Bacteroidales;f__Odoribacteraceae;g__Odoribacter;s__Odoribacter_laneus	k__Bacteria;p__Firmicutes;c__Clostridia;o__Clostridiales;f__Ruminococcaceae;g__Ruminiclostridium;s__[Clostridium]_leptum	k__Bacteria;p__Bacteroidetes;c__Bacteroidia;o__Bacteroidales;f__Porphyromonadaceae;g__Parabacteroides;s__Parabacteroides_goldsteinii	k__Bacteria;p__Firmicutes;c__Clostridia;o__Clostridiales;f__Lachnospiraceae;g__Anaerostipes;s__Anaerostipes_hadrus	k__Bacteria;p__Firmicutes;c__Clostridia;o__Clostridiales;f__Ruminococcaceae;g__Ruminococcus;s__Ruminococcus_lactaris	k__Bacteria;p__Firmicutes;c__Clostridia;o__Clostridiales;f__Clostridiaceae;g__Clostridium;s__Clostridium_sp._L2-50	k__Bacteria;p__Firmicutes;c__Clostridia;o__Clostridiales;f__Clostridiaceae;g__Clostridium;s__Clostridium_sp._M62/1	k__Bacteria;p__Firmicutes;c__Clostridia;o__Clostridiales;f__;g__Intestinimonas;s__Intestinimonas_butyriciproducens	k__Bacteria;p__Actinobacteria;c__Actinobacteria;o__Bifidobacteriales;f__Bifidobacteriaceae;g__Bifidobacterium;s__Bifidobacterium_bifidum	k__Bacteria;p__Firmicutes;c__Negativicutes;o__Veillonellales;f__Veillonellaceae;g__Dialister;s__Dialister_invisus	k__Bacteria;p__Bacteroidetes;c__Bacteroidia;o__Bacteroidales;f__Bacteroidaceae;g__Bacteroides;s__Bacteroides_salanitronis
k__Bacteria;p__Bacteroidetes;c__Bacteroidia;o__Bacteroidales;f__Bacteroidaceae;g__Bacteroides;s__Bacteroides_vulgatus	1.0	-0.0306478586721	0.0111799158522	-0.0326463460995	0.0574049320596	0.0252691808174	0.0145184983137	-0.0239155101456	0.0180775346401	-0.0136619361593	-0.0771426891707	-0.0423108877471	0.0360537044945	0.044623892705	-0.051807664901	0.0557190323002	0.064254277841	0.0574221350118	-0.0967378705569	0.0470905979457	0.0135001743247	0.0611422380223	0.000665247491431	0.000698926734077	-0.00461277865822	-0.0265584740005	-0.0303699426706	0.0668391699103	0.0428079446742	-0.0686378995607	0.00672701630004	-0.0120293589929	0.0143765131362	0.0260284400828	-0.0995344612912	-0.0149570772186	-0.0262610942797	-0.0442102857902	0.0287742660715	0.0335359997262	-0.0541537643318	0.00134417528774	-0.0342954366243	-0.0806463704555	0.00244680522493	0.0161034616577	-0.0303731467037	0.0727958048349	0.0879619172992	0.0473119939636	-0.0408090328807	0.0399554933975	-0.0048285748086	-0.072476862974	0.0579024359761	0.00241801470052	-0.0199587653608	0.0162296515451	0.0280125264808
k__Bacteria;p__Bacteroidetes;c__Bacteroidia;o__Bacteroidales;f__Bacteroidaceae;g__Bacteroides;s__Bacteroides_uniformis	-0.0306478586721	1.0	0.0404551484572	0.0527886174345	-0.0349034281775	-0.0125248679892	0.0376576051153	-0.0550668228986	-0.00942915519113	0.0376208546947	-0.0884153344533	0.00631901977272	0.0614693519052	-0.073079056002	-0.037477239718	-0.00447413144464	0.0107442950784	-0.0230492047229	-0.0583765210924	0.0367701012705	-0.0525538764011	0.0324285120265	0.0270775805037	-0.0311820443918	0.0464748920543	-0.0280171820373	0.00410201718311	-0.0342276506966	0.0174521113619	-0.0674168776995	0.0326095866177	0.0175887183135	0.0276888803927	0.0323307969575	-0.0111197266428	-0.00231818091808	-0.0155962712414	-0.0795662043239	-0.0615491017431	0.00623121700956	0.0602800904857	0.0805217259488	-0.106597415217	-0.0379389906724	-0.0412039366301	-0.0279615094078	-0.000747368792139	-0.0512446343616	-0.0404364021612	-0.0157607301239	-0.0564212217138	-0.0131883487218	-0.0554155404959	-0.0482741766336	0.0258382579363	-0.0320071787778	0.00203296967548	-0.0334586507666	-0.0568521210176
k__Bacteria;p__Bacteroidetes;c__Bacteroidia;o__Bacteroidales;f__Rikenellaceae;g__Alistipes;s__Alistipes_putredinis	0.0111799158522	0.0404551484572	1.0	-0.0348051679779	-0.0261909831533	0.00888719599444	0.00654604268177	-0.0236359547173	0.00349778713879	0.0156169430701	-0.0488785925989	-0.00870715112512	0.00166639686599	-0.0242093169001	0.0169636285766	0.038114624616	-0.0100420549086	0.00555779471226	0.0281456647985	0.0059649624278	0.0368575056195	-0.00994868533192	0.00279559556275	-0.10770367375	-0.0069589751149	0.0305749937396	-0.0443683343911	-0.0542241325494	0.0210405039524	0.0117211734658	0.0820471841845	-0.0321739760483	-0.0136079142415	0.00321678481694	0.02945507917	-0.00721447770068	-0.0318200224656	-0.0140032704177	-0.00952674579158	-0.0289408693757	0.0193087031427	0.0345450451334	-0.0113994090587	-0.0239159410926	0.0452833551824	0.0186799558339	-0.0114030647665	-0.02192319654	-0.0276864727778	-0.0577895947144	0.00860995269389	-0.00589095510872	-0.016023041958	-0.0453083914116	0.0526525140208	0.0694207691567	-0.0428116231293	0.0306609133586	-0.0423128377848
k__Bacteria;p__Bacteroidetes;c__Bacteroidia;o__Bacteroidales;f__Prevotellaceae;g__Prevotella;s__Prevotella_copri	-0.0326463460995	0.0527886174345	-0.0348051679779	1.0	-0.0696815457425	0.111207630794	0.000263025021989	-0.0309663157867	0.0364057526134	-0.0417135847404	-0.0011853245688	-0.00207069950541	-0.0695885670503	-0.00470191924274	0.0108188769559	-0.0412199070833	0.0197428273421	-0.0877971928206	-0.0419541515519	-0.0446015576433	-0.0280401273951	0.0165812137609	0.0664308518605	-0.0234688346909	-0.00280963236049	-0.0269053024249	-0.0642604922543	0.0278525221638	0.048152047854	0.00818808151195	0.0101912953172	-0.00338666840553	0.00173491556449	-0.00828507113556	-0.0249890970368	-0.0900766929615	-0.0502595256695	0.0150756648995	0.0408121888627	-0.113453328324	-0.0114162574854	-0.0457987974005	-0.0156914028004	0.00551464495011	0.0044400010442	0.0320263175773	0.0107099640934	-0.0316813289022	0.0550489869152	-0.0650509684786	-0.00852615076515	-0.0355530181354	-0.0428238316579	-0.0266061016199	-0.0377138507656	-0.0136806626294	0.0100308365067	-0.0200325968299	-0.0446468100396
k__Bacteria;p__Bacteroidetes;c__Bacteroidia;o__Bacteroidales;f__Bacteroidaceae;g__Bacteroides;s__Bacteroides_stercoris	0.0574049320596	-0.0349034281775	-0.0261909831533	-0.0696815457425	1.0	0.0133008758969	-0.043685711315	-0.00350335202041	-0.0411181651048	0.00979023911826	-0.0148754234299	0.0470240692577	-0.0376888717661	0.0171343561055	0.00996602555561	-0.0203046837383	0.00613228262501	0.0263249958561	0.0602417987912	0.0476783717562	-0.0499819849105	-0.00882983947391	0.0330868968919	0.0158398497549	-0.0129484627714	0.0354422115476	-0.000347395097413	0.0275953082963	-0.086644097722	0.00358773574917	-0.0210315613059	-0.0600196239782	-0.0965509807044	-0.0100644441729	0.023745128816	-0.0391315191189	-0.0393627849089	-0.0555887909974	-0.0654361502746	0.0141967032814	-0.000453424389352	-0.0356344454106	-0.0104897528161	-0.0120196796358	-0.0414671445754	0.0179697564651	0.00195393418383	0.0131532724082	-0.0234121593734	0.000563856491862	0.00352152151205	-0.0221680920882	-0.0563437721989	0.0319143025886	-0.143868240779	-0.00828139648029	-0.0353209600383	-0.000264838068968	0.0667073218698
k__Bacteria;p__Bacteroidetes;c__Bacteroidia;o__Bacteroidales;f__Bacteroidaceae;g__Bacteroides;s__Bacteroides_ovatus	0.0252691808174	-0.0125248679892	0.00888719599444	0.111207630794	0.0133008758969	1.0	-0.0261396583484	0.00973386108288	-0.0732027641483	-0.0938121804415	-0.0306682681901	-0.0311566865317	-0.0088436232535	-0.056232710302	0.00212523888463	0.0984509956875	-0.0232924502949	-0.0067201180597	-0.102175824073	-0.0627937352561	0.00494095841174	0.0177655694992	-0.0438839838318	-0.00554835016603	0.0178975329945	0.0127362201494	-0.0238668571897	-0.00378452180546	-0.0192485661339	-0.0152060648453	-0.0210520052262	0.0481026383899	-0.0487959490637	-0.00192606253979	-0.0393077468241	0.0189252038914	-0.0221388436715	0.0273922160908	0.0434092194055	0.0257614515399	-0.067335100678	0.0386802405349	0.019699759817	-0.0263081288419	0.0299176548808	0.0156068393861	0.0330039260138	-0.0566752278905	-0.0548635194755	-0.00230854182483	0.0253666636717	-0.00499178479798	0.0178728368756	-0.0452221978254	-0.0160439324263	-0.00670111226771	-0.0802987802064	0.0289945845019	0.026259459432
k__Bacteria;p__Bacteroidetes;c__Bacteroidia;o__Bacteroidales;f__Rikenellaceae;g__Alistipes;s__Alistipes_shahii	0.0145184983137	0.0376576051153	0.00654604268177	0.000263025021989	-0.043685711315	-0.0261396583484	1.0	0.0202410750181	0.0288358980907	-0.0591052815677	-0.00287645045565	0.00120587909655	0.00580564461313	-0.0366388993254	0.00477290703831	0.0135537960361	-0.0422031530813	0.0597723579267	-0.0250569894007	-0.0178682071279	0.0235954211101	0.0493347538303	-0.0559400354026	-0.031470861321	-0.0412686822769	-0.0741175253919	0.00759546044312	-0.0075477797113	0.0323217229117	-0.00675395280693	0.0410285897706	-0.0635981713095	-0.00588299162487	-0.0369868581847	-0.013198006808	0.0315543751693	-0.00625785123675	-0.0783452848018	-0.0452448932872	-0.0820343209443	0.0468498711335	-0.00759473078668	0.0784869014737	0.0449819048575	-0.0915885407188	-0.0841739571861	0.0106306721961	-0.0577128069352	0.0297161616214	-0.0285346282917	0.0585211408374	-0.0342077634759	0.0155937569926	0.040761588274	-0.0386089719144	-0.0187572914122	0.0109195298515	0.0128817288945	-0.0620120142637
k__Bacteria;p__Firmicutes;c__Clostridia;o__Clostridiales;f__Ruminococcaceae;g__Faecalibacterium;s__Faecalibacterium_prausnitzii	-0.0239155101456	-0.0550668228986	-0.0236359547173	-0.0309663157867	-0.00350335202041	0.00973386108288	0.0202410750181	1.0	-0.0354142500647	-0.0979726312954	0.0451850490921	-0.0452922278045	0.00969471578381	-0.0220269328025	-0.0424270875738	0.0163235266385	-0.0570084970945	0.0538131169287	0.0198201651872	-0.0253347710848	0.0254997438599	-0.0411220882828	-0.0360984146006	0.00274198356145	-0.0360891943786	-0.0616475868389	0.029518544006	-0.0490982378876	0.0292076983795	0.0409308524982	0.0129216474203	-0.0292795051706	-0.0487539748903	0.0221436458913	0.0223337098133	0.0560330004536	-0.0443197954225	-0.04315707316	-0.044086419624	-0.0235678102112	0.0202518294298	-0.0131374471204	-0.0181859033427	-0.0284005567033	-0.0427389857382	-0.0229198098634	-0.0271599904354	0.0453430712788	-0.0140809873027	-0.0180099723044	-0.0283662206652	0.0408014136049	0.0288477208889	0.0621831948535	-0.0837160672074	-0.0528661874351	-0.0368714031895	-0.0600993770101	0.00130859955944
k__Bacteria;p__Bacteroidetes;c__Bacteroidia;o__Bacteroidales;f__Rikenellaceae;g__Alistipes;s__Alistipes_finegoldii	0.0180775346401	-0.00942915519113	0.00349778713879	0.0364057526134	-0.0411181651048	-0.0732027641483	0.0288358980907	-0.0354142500647	1.0	0.00820420491175	-0.025974427336	0.0268610104854	0.0333868014427	0.0252350645236	0.0267755633756	0.020652682478	0.0100891456759	-0.0564440321371	-0.0187304530094	0.0389624004187	0.0576287810408	-0.000211411784916	-0.0290850680752	-0.0939519514318	-0.00332798343602	-0.0135957056672	-0.0450299216114	-0.051114631976	0.0156044066492	0.0453247231981	0.0263528534295	-0.0844392858332	-0.00620161193045	0.00359068894231	-0.00756704274115	0.0548647430445	-0.0505727215122	-0.0248063200442	0.0170980792603	-0.0144018120151	0.0472294264005	-0.0427756030371	-0.0601560212237	-0.0659683810158	0.0640899384538	-0.0420687865232	-0.0568328623833	0.00931431223542	0.0138560419137	-0.0102523549777	-0.0339584866578	-0.00836841280152	-0.00779719219405	-0.0329605128594	-0.00369784616744	0.0278889688802	0.043053105749	0.0142268923594	-0.00198163278972
k__Bacteria;p__Bacteroidetes;c__Bacteroidia;o__Bacteroidales;f__Porphyromonadaceae;g__Parabacteroides;s__Parabacteroides_distasonis	-0.0136619361593	0.0376208546947	0.0156169430701	-0.0417135847404	0.00979023911826	-0.0938121804415	-0.0591052815677	-0.0979726312954	0.00820420491175	1.0	0.00929946722599	0.0102480510805	0.0283201154232	-0.048653952345	0.0292700472643	-0.0572400062973	-0.0302656314051	-0.0933180983915	-0.0561161711659	0.0130613098119	-0.0662120934387	0.0345368016549	-0.000484188724084	-0.0274390407822	-0.0231412350771	0.00783520253784	-0.0709860424522	-0.0414115898618	0.0202550943727	0.0215627812441	-0.0193748629509	0.0497615796303	0.0526244197535	-0.03955948176	-0.0271980156769	0.0192082091244	-0.0383949311641	-0.00959793313982	0.0354224747991	0.0497142586381	0.0555137428643	0.0119134223274	0.0572735878292	-0.0278864454882	-0.0239921879479	-0.0430133561106	-0.0104359739586	-0.0713052282196	-0.0161604501865	-0.0101780732614	0.00514023927119	0.0330763386245	-0.0969387073153	0.0361238696268	-0.0116000461325	-0.0109219808032	-0.0598548847535	-0.0147204745567	-0.0377413830275
k__Bacteria;p__Bacteroidetes;c__Bacteroidia;o__Bacteroidales;f__Bacteroidaceae;g__Bacteroides;s__Bacteroides_thetaiotaomicron	-0.0771426891707	-0.0884153344533	-0.0488785925989	-0.0011853245688	-0.0148754234299	-0.0306682681901	-0.00287645045565	0.0451850490921	-0.025974427336	0.00929946722599	1.0	0.0613430853289	-0.0794635567034	-0.0612014449239	0.000141538231287	0.000812721667363	-0.0110885244891	-0.0293718551219	-0.00814014133813	0.0114456878646	0.0695223648594	-0.0318065751395	-0.0421000493473	-0.0142422539183	-0.0485682421156	0.00527022088273	0.0045036516918	-0.0484050920559	0.00180906439139	-0.0290819028012	-0.0449113141151	-0.0284892996284	-0.0332587818056	0.00791675611278	0.00655283093124	0.0186273330613	0.0298953760455	-0.0555445869351	0.0463642873537	0.0048286891641	-0.0662392535228	-0.0245234086132	-0.0561293147948	0.0518921725517	-0.0208803897149	-0.0736338557968	-0.00364350902155	-0.0600981924696	0.00961451566867	0.00655191440695	-0.0479111522109	0.00778062411114	-0.00165015435057	-0.00988567074325	-0.0756490897253	0.0649672251834	0.00529976771712	-0.0582044503802	0.0484884041771
k__Bacteria;p__Bacteroidetes;c__Bacteroidia;o__Bacteroidales;f__Bacteroidaceae;g__Bacteroides;s__Bacteroides_coprocola	-0.0423108877471	0.00631901977272	-0.00870715112512	-0.00207069950541	0.0470240692577	-0.0311566865317	0.00120587909655	-0.0452922278045	0.0268610104854	0.0102480510805	0.0613430853289	1.0	-0.0394627187355	0.0558198152719	0.0498430512328	0.00496108323095	-0.0847847187629	0.00129279714115	0.0191965241519	-0.00777681813025	-0.0543005918647	-0.0156649902219	-0.0241697968565	-0.046379481708	0.0388695754666	-0.053198301331	-0.0326721759934	-0.0296387427292	-0.0287594088807	0.0429110067682	-0.0549510286585	-0.0639359390667	0.0398552659294	0.00731521934346	0.00790386649473	-0.00991499162322	-0.0347935974473	0.0433145785457	0.00163473302287	-0.0541562318587	-0.0380173905287	-0.0847366832288	0.000724879977751	0.0475374611734	-0.0185016076629	-0.0219197707397	0.0515802058637	-0.0210651075504	0.0050065955933	0.0204957546198	0.0209934814639	0.0234353241742	0.0146386785353	-0.00812814132718	-0.0572876584233	-0.0156553360213	-0.0728938789945	-0.0179148537786	0.00617890080418
k__Bacteria;p__Bacteroidetes;c__Bacteroidia;o__Bacteroidales;f__Bacteroidaceae;g__Bacteroides;s__Bacteroides_cellulosilyticus	0.0360537044945	0.0614693519052	0.00166639686599	-0.0695885670503	-0.0376888717661	-0.0088436232535	0.00580564461313	0.00969471578381	0.0333868014427	0.0283201154232	-0.0794635567034	-0.0394627187355	1.0	-0.0177188037443	0.0142844540604	0.0645224837514	-0.00509756760136	-0.0323570432046	-0.0216045802771	-0.0114544963845	-0.0689030887787	0.031703263439	0.00944464670939	-0.0576192739359	0.0381223473096	0.062627456749	0.0259362808924	-0.0243503367481	0.0154597974821	-0.0319283783469	0.00288405278794	0.0169896606125	-0.0080371149864	0.0543147698897	-0.0449289497783	-0.0571284258329	0.0445318048986	-0.0236181516515	0.0396085092742	-0.0331993627865	-0.0193259081584	0.045772312185	-0.0273403160502	-0.009073351054	0.00805422133727	-0.0104506327332	0.0379438161444	0.0232427486945	0.041812932577	-0.0150027344167	0.0150789869398	-0.0168441796382	0.0103948389723	-0.108566198083	0.055766684494	-0.029666777406	-0.002711555823	0.00699791522275	-0.0245337236588
k__Bacteria;p__Bacteroidetes;c__Bacteroidia;o__Bacteroidales;f__Rikenellaceae;g__Alistipes;s__Alistipes_obesi	0.044623892705	-0.073079056002	-0.0242093169001	-0.00470191924274	0.0171343561055	-0.056232710302	-0.0366388993254	-0.0220269328025	0.0252350645236	-0.048653952345	-0.0612014449239	0.0558198152719	-0.0177188037443	1.0	0.0449668208813	-0.00712110166634	-0.00518003347312	-0.0936845704969	0.0460194175988	-0.0580713265527	0.0650409380386	-0.00789668515429	-0.0499615972254	-0.0334120241609	-0.0201938687283	-0.0801374994604	-0.102606094273	-0.0355247683719	-0.038073805509	-0.028238431035	-0.0709415218578	0.0545872499922	0.00721298396123	0.024592369439	0.0737131378911	-0.0313726226234	-0.0118057230999	0.0462779649	-0.0163940039756	0.0100510026523	-0.0656411220797	0.0194217141455	0.0324658183217	0.0138006697424	0.01931006229	0.0362549749915	-0.00561051264452	-0.0246812252054	-0.0108512384313	-0.0437800193322	-0.0202059062496	0.00143529461712	-0.003789076658	0.0527394267891	-0.0167597475039	0.00811192145893	0.0292026515657	-0.00461923071203	-0.0500652746719
k__Bacteria;p__Firmicutes;c__Clostridia;o__Clostridiales;f__Lachnospiraceae;g__;s__[Eubacterium]_rectale	-0.051807664901	-0.037477239718	0.0169636285766	0.0108188769559	0.00996602555561	0.00212523888463	0.00477290703831	-0.0424270875738	0.0267755633756	0.0292700472643	0.000141538231287	0.0498430512328	0.0142844540604	0.0449668208813	1.0	-0.0368076977107	0.0407074153528	-0.0317671422633	0.0366201319029	-0.0410396011988	-0.0604147607398	-0.040586081226	-0.0423733954061	0.00568738533796	-0.0114228004603	0.0109116875238	-0.0785220658046	-0.00342006018869	-0.109616716723	0.0917184096109	0.0294793453568	-0.00481195478255	-0.037417261129	0.000395583287899	-0.00888602286869	-0.0346208102212	-0.021188893219	0.0103775868789	-0.0599226327069	-0.0226678962262	-0.0617133109451	-0.015955266901	0.0526393293748	-0.0336262572563	-0.0523958604078	0.0268528709425	0.0338967355859	-0.0871862749607	0.0210058608927	-0.0931415613077	-0.0133963456733	-0.0383511491489	-0.0893060821195	-0.0435523904042	0.0117411550949	-0.0120428919233	-0.0136834269396	-0.0503501349352	-0.0278829712844
k__Bacteria;p__Bacteroidetes;c__Bacteroidia;o__Bacteroidales;f__Bacteroidaceae;g__Bacteroides;s__Bacteroides_plebeius	0.0557190323002	-0.00447413144464	0.038114624616	-0.0412199070833	-0.0203046837383	0.0984509956875	0.0135537960361	0.0163235266385	0.020652682478	-0.0572400062973	0.000812721667363	0.00496108323095	0.0645224837514	-0.00712110166634	-0.0368076977107	1.0	-0.0201350621957	0.00400941415109	-0.00494855802415	0.11245533663	-0.0290159047446	-0.0318539443471	0.0334499056888	0.0116393141868	-0.0072147186987	-0.0506767146849	-0.0288631660761	-0.00125243748453	-0.0107433661565	0.00142185487602	-0.0205712391642	-0.0290344063335	-0.00914858257019	-0.00599840459468	0.00471868518623	-0.0542622002385	0.0216111591277	-0.00820159666931	-0.0389782574441	-0.0117449506874	-0.0170924136676	-0.0277927420072	-0.0379197037523	-0.0363925064289	0.0167220908758	-0.0582118071316	-0.0570176947783	0.0890357291937	-0.0123173182172	-0.0131984734888	-0.0316727126269	0.0049764480281	-0.0155334776946	-0.0724235833809	-0.0246666295614	0.059331212154	-0.0208184253055	0.073967955445	-0.00256813303674
k__Bacteria;p__Bacteroidetes;c__Bacteroidia;o__Bacteroidales;f__Bacteroidaceae;g__Bacteroides;s__Bacteroides_fragilis	0.064254277841	0.0107442950784	-0.0100420549086	0.0197428273421	0.00613228262501	-0.0232924502949	-0.0422031530813	-0.0570084970945	0.0100891456759	-0.0302656314051	-0.0110885244891	-0.0847847187629	-0.00509756760136	-0.00518003347312	0.0407074153528	-0.0201350621957	1.0	-0.0222943716474	-0.0238692172366	0.0125163369787	-0.0640128974635	0.0308024514856	-0.00612540686622	0.0409009327069	0.0229922825181	0.0140371872475	-0.0112946608326	0.0790551755754	0.0387730269887	0.0367503424713	-0.00742513883583	-0.0070040774083	-0.0400686658531	-0.00767174563583	-0.0587247374124	-0.0479329243577	-0.0225680182371	-0.0711334204666	-0.0267225818049	-0.00836738154304	0.00827420461117	0.0466405540072	-0.0271217333936	0.0213005134989	0.0608250555416	-0.00524006826215	0.025439212992	-0.0587447695551	-0.065366804186	0.000842895360639	-0.0285228369194	0.0138644236384	-0.0309710041671	0.00531095097766	-0.0135557330281	0.00513648247662	-0.0164099988825	0.00764371250581	-0.0147476302298
k__Bacteria;p__Proteobacteria;c__Betaproteobacteria;o__Burkholderiales;f__Sutterellaceae;g__Sutterella;s__Sutterella_wadsworthensis	0.0574221350118	-0.0230492047229	0.00555779471226	-0.0877971928206	0.0263249958561	-0.0067201180597	0.0597723579267	0.0538131169287	-0.0564440321371	-0.0933180983915	-0.0293718551219	0.00129279714115	-0.0323570432046	-0.0936845704969	-0.0317671422633	0.00400941415109	-0.0222943716474	1.0	0.0605239867286	-0.0016779732392	-0.0255483922581	0.0128795294288	-0.0908588754021	-0.0470329490277	-0.0516537277039	0.0178062417146	0.00832749220869	0.00426228380262	-0.0144952224854	0.0202349320887	7.86466173963e-05	-0.0128971902711	0.00328811564097	-0.0528543443366	0.0199538910139	-0.00223598504982	0.0120444379884	0.0504535085386	-0.0334626157437	-0.096705379192	0.0114215367097	-0.0695770580538	0.0500337919368	0.0511369563101	0.0140313250667	-0.0585653639903	0.0230793494061	-0.00443574391457	0.0646759075963	-0.0419358009885	-0.0279027950412	-0.0850240889265	-0.0443299221679	0.0196446579676	0.0331152859616	0.0458497272696	-0.0342595395326	0.0174447317925	0.021507544477
k__Bacteria;p__Bacteroidetes;c__Bacteroidia;o__Bacteroidales;f__Porphyromonadaceae;g__Barnesiella;s__Barnesiella_intestinihominis	-0.0967378705569	-0.0583765210924	0.0281456647985	-0.0419541515519	0.0602417987912	-0.102175824073	-0.0250569894007	0.0198201651872	-0.0187304530094	-0.0561161711659	-0.00814014133813	0.0191965241519	-0.0216045802771	0.0460194175988	0.0366201319029	-0.00494855802415	-0.0238692172366	0.0605239867286	1.0	-0.0438865458882	-0.0274531504145	-0.0311342901755	-0.0412309292296	-0.0229274569319	-0.0102175238443	0.00192074644238	-0.0529411839541	0.110833489514	0.0238688796759	0.0194882718595	0.0171787629078	0.0388955355083	-0.0895488439247	0.0089982722127	-0.0565161428404	-0.0459999534788	0.104501892405	0.0384284606608	-0.00848433398908	0.0544765886273	-0.0589400666647	-0.0131973770389	-0.0337707481756	-0.0510516805798	0.0031030451652	-0.0999004280005	-0.0171277667473	0.0629832337138	0.0429419734666	-0.0205518284303	-0.0583503717306	-0.0385323731498	-0.0206825034844	-0.0623971927881	0.0553911118628	0.00357540491105	-0.042998423061	-0.0516469506072	-0.0165028998235
k__Bacteria;p__Bacteroidetes;c__Bacteroidia;o__Bacteroidales;f__Odoribacteraceae;g__Odoribacter;s__Odoribacter_splanchnicus	0.0470905979457	0.0367701012705	0.0059649624278	-0.0446015576433	0.0476783717562	-0.0627937352561	-0.0178682071279	-0.0253347710848	0.0389624004187	0.0130613098119	0.0114456878646	-0.00777681813025	-0.0114544963845	-0.0580713265527	-0.0410396011988	0.11245533663	0.0125163369787	-0.0016779732392	-0.0438865458882	1.0	0.049195923743	-0.00254339946365	0.0627494337465	-0.0108840901789	-0.0418164533084	-0.0265858305262	-0.00971008481503	-0.0322982227265	0.0576716654995	0.0368652485397	-0.0035877330123	0.0430321953395	0.00721321810744	0.0444176458626	0.065969118411	-0.0197828996926	-0.0337340233597	-0.0203176665611	-0.0683039886228	-0.0282709603697	-0.0203048104273	-0.00411787235672	0.0142357919156	-0.0288556568417	0.0533069473724	-0.0904556916477	-0.0979179788866	0.0950200762631	-0.0436815033243	-0.00454264821333	-0.0159056853845	-0.132631045482	-0.0459762775629	-0.0409628004836	0.0116941316253	0.0472035423646	-0.0525005824692	-0.0353177114914	0.0263235538352
k__Bacteria;p__Bacteroidetes;c__Bacteroidia;o__Bacteroidales;f__Bacteroidaceae;g__Bacteroides;s__Bacteroides_salyersiae	0.0135001743247	-0.0525538764011	0.0368575056195	-0.0280401273951	-0.0499819849105	0.00494095841174	0.0235954211101	0.0254997438599	0.0576287810408	-0.0662120934387	0.0695223648594	-0.0543005918647	-0.0689030887787	0.0650409380386	-0.0604147607398	-0.0290159047446	-0.0640128974635	-0.0255483922581	-0.0274531504145	0.049195923743	1.0	-0.0469050890034	0.0544850930896	-0.0650648686386	-0.0745301198459	-0.0226138975489	-0.029010980245	0.0147955524312	-0.0616411711233	-0.0235205792912	-0.0338210827547	0.0171344404135	-0.00862095130719	0.0295393813078	0.0209238603973	-0.00782230556451	-0.0180421758899	0.023409910399	-0.0506722504862	-0.0562148315131	-0.0307419256545	-0.0170515943274	0.0210739879605	-0.0223195770919	0.0309871803298	-0.0638423475688	0.0244290450983	-0.0184804619998	0.00148536415363	-0.047972388007	-0.0109058044267	-2.3710526148e-05	0.000397360342737	0.0131736979088	-0.0302693514508	0.0162534329151	0.0135238464447	-0.0298750458492	0.0772668884759
k__Bacteria;p__Firmicutes;c__Clostridia;o__Clostridiales;f__Ruminococcaceae;g__Ruminiclostridium;s__[Eubacterium]_siraeum	0.0611422380223	0.0324285120265	-0.00994868533192	0.0165812137609	-0.00882983947391	0.0177655694992	0.0493347538303	-0.0411220882828	-0.000211411784917	0.0345368016549	-0.0318065751395	-0.0156649902219	0.031703263439	-0.00789668515429	-0.040586081226	-0.0318539443471	0.0308024514856	0.0128795294288	-0.0311342901755	-0.00254339946365	-0.0469050890034	1.0	-0.0231946627306	0.0436113994232	-0.0223120715513	-0.0400329675277	-0.0824598765672	-0.00848148146758	0.00028069257568	-0.0108017039932	0.000855328617922	0.0624658321629	-0.0304723529439	-0.0287596207977	-0.0536007538303	-0.0880503477065	-0.0920302211963	-0.0501014397536	-0.000675213846518	-0.0263402567696	0.0137421994577	0.0733613245905	0.0322673809596	0.0332799394044	-0.0474954711063	0.046381639657	-0.0191250318263	-0.03708801986	-0.04797260404	-0.0135986865191	-0.031375001068	-0.0110454324612	-0.0109935603576	-0.0174895394639	0.00744392438356	-0.018884800901	0.0481959374129	-0.0478132849193	0.0877533001339
k__Bacteria;p__Proteobacteria;c__Betaproteobacteria;o__Burkholderiales;f__Sutterellaceae;g__Parasutterella;s__Parasutterella_excrementihominis	0.000665247491431	0.0270775805037	0.00279559556275	0.0664308518605	0.0330868968919	-0.0438839838318	-0.0559400354026	-0.0360984146006	-0.0290850680752	-0.000484188724084	-0.0421000493473	-0.0241697968565	0.00944464670939	-0.0499615972254	-0.0423733954061	0.0334499056888	-0.00612540686622	-0.0908588754021	-0.0412309292296	0.0627494337465	0.0544850930896	-0.0231946627306	1.0	0.036645216607	0.0380119966853	-0.0312872931045	-0.00240216653885	0.00844189286285	0.0533054416952	-0.0418361357041	0.01983076293	-0.0473488813592	0.00983471922743	-0.0217529679925	0.0162670353259	0.0119891788739	-0.0116940926347	0.0147817269394	0.00892518506528	-0.0112965650511	0.0432330509142	-0.0535233492613	0.0277290820039	-0.0157951311593	-0.00865354318221	-0.0133799969362	0.0416686009885	-0.0291123361532	0.0392712924116	0.0379716975758	-0.0014568937935	0.00309016981774	-0.00132232810371	-0.0519386695943	-0.0275661940024	0.0181855395559	0.0262669944932	-0.0426706945476	0.0015836800535
k__Bacteria;p__Actinobacteria;c__Actinobacteria;o__Bifidobacteriales;f__Bifidobacteriaceae;g__Bifidobacterium;s__Bifidobacterium_adolescentis	0.000698926734077	-0.0311820443918	-0.10770367375	-0.0234688346909	0.0158398497549	-0.00554835016603	-0.031470861321	0.00274198356145	-0.0939519514318	-0.0274390407822	-0.0142422539183	-0.046379481708	-0.0576192739359	-0.0334120241609	0.00568738533796	0.0116393141868	0.0409009327069	-0.0470329490277	-0.0229274569319	-0.0108840901789	-0.0650648686386	0.0436113994232	0.036645216607	1.0	-0.0145360894895	0.0379687996314	0.0377858438897	-0.0731221007895	-0.0409405632631	-0.0283541102931	-0.0116336353858	-0.0439292633666	0.0277298563684	0.00129022032327	-0.0142030259826	0.0086400394393	-0.00143754407173	0.0797055626291	-0.0127441937392	0.0258658325521	0.00294502194979	-0.00374001894562	0.00919808199516	0.0712373936271	0.0156116566278	-0.0564062298427	-0.0839118796009	0.0226096737979	-0.0230388225995	0.0514083314342	-0.0256046462569	0.0344182455858	-0.0163419228317	-0.0606879517486	-0.013823894197	-0.0928139779276	0.00835459356588	-0.00959937464239	-0.0175565253576
k__Bacteria;p__Firmicutes;c__Clostridia;o__Clostridiales;f__Oscillospiraceae;g__Oscillibacter;s__Oscillibacter_sp._KLE_1745	-0.00461277865822	0.0464748920543	-0.0069589751149	-0.00280963236049	-0.0129484627714	0.0178975329945	-0.0412686822769	-0.0360891943786	-0.00332798343602	-0.0231412350771	-0.0485682421156	0.0388695754666	0.0381223473096	-0.0201938687283	-0.0114228004603	-0.0072147186987	0.0229922825181	-0.0516537277039	-0.0102175238443	-0.0418164533084	-0.0745301198459	-0.0223120715513	0.0380119966853	-0.0145360894895	1.0	-0.0125080578311	0.000671586996824	0.0302767113157	0.0393226963795	-0.0442546431357	-0.0803437578012	-0.0557228116575	0.0173354564401	-0.000874653254984	-0.025727538861	0.0232788048112	0.030010490724	0.0206056045856	0.0259725383609	-0.0405804558433	0.0125851001103	-0.0322326628055	-0.0655372315798	0.0378998891106	0.00638179675533	-0.0363534295313	-0.0241062256627	0.0242441186058	0.0237089397256	-0.00785620400301	-0.0567850939528	-0.0571409436765	-0.0184080048938	-0.00320275784664	0.0116410952823	0.0174907505518	-0.0310761557092	-0.0490781977071	0.0189227187561
k__Bacteria;p__Bacteroidetes;c__Bacteroidia;o__Bacteroidales;f__Bacteroidaceae;g__Bacteroides;s__Bacteroides_coprophilus	-0.0265584740005	-0.0280171820373	0.0305749937396	-0.0269053024249	0.0354422115476	0.0127362201494	-0.0741175253919	-0.0616475868389	-0.0135957056672	0.00783520253784	0.00527022088273	-0.053198301331	0.062627456749	-0.0801374994604	0.0109116875238	-0.0506767146849	0.0140371872475	0.0178062417146	0.00192074644238	-0.0265858305262	-0.0226138975489	-0.0400329675277	-0.0312872931045	0.0379687996314	-0.0125080578311	1.0	0.0561753148658	-0.0167375151401	-0.0327970249413	-0.0430936395644	-0.0321192875119	0.0383969208252	-0.0247410850089	-0.101276477685	0.0407333905779	-0.0177464684118	0.0135577368958	0.0416622043792	0.09259999296	-0.0109405168874	0.0176149969065	-0.0247136487316	-0.0205921974784	0.00667518885722	0.00346029702501	-0.0465395681994	-0.0497127634266	0.0125704242083	0.00713200818772	0.0126305136189	-0.0539235181785	0.0548696441064	-0.0261808085295	-0.0975075848385	-0.0386818471805	-0.0228214206102	0.0271132564937	0.0476255798847	-0.00826009434508
k__Bacteria;p__Firmicutes;c__Clostridia;o__Clostridiales;f__Lachnospiraceae;g__Roseburia;s__Roseburia_intestinalis	-0.0303699426706	0.00410201718311	-0.0443683343911	-0.0642604922543	-0.000347395097413	-0.0238668571897	0.00759546044312	0.029518544006	-0.0450299216114	-0.0709860424522	0.0045036516918	-0.0326721759934	0.0259362808924	-0.102606094273	-0.0785220658046	-0.0288631660761	-0.0112946608326	0.00832749220869	-0.0529411839541	-0.00971008481503	-0.029010980245	-0.0824598765672	-0.00240216653885	0.0377858438897	0.000671586996823	0.0561753148658	1.0	-0.0556712373481	-0.0165633640761	-0.0294027978528	0.0311956141822	0.0103422513141	0.0296774868975	-0.0206063978099	-0.0257346687494	0.0148932857193	-0.022981547653	0.0877352124325	0.0651287506996	-0.0291495112581	-0.0143831172052	-0.0103922322005	0.0108376808359	0.0766780127149	-0.0555418336224	-0.0344507681953	-0.0246016494966	0.0364598338031	-0.0609656245207	0.0342212158031	0.0185902160868	0.00291309535843	0.0218823964777	-0.0080619505428	-0.0160732036402	-0.0748911414782	0.0133418821375	-0.0479646342144	0.0178488146565
k__Bacteria;p__Firmicutes;c__Clostridia;o__Clostridiales;f__Lachnospiraceae;g__Roseburia;s__Roseburia_hominis	0.0668391699103	-0.0342276506966	-0.0542241325494	0.0278525221638	0.0275953082963	-0.00378452180546	-0.0075477797113	-0.0490982378876	-0.051114631976	-0.0414115898618	-0.0484050920559	-0.0296387427292	-0.0243503367481	-0.0355247683719	-0.00342006018869	-0.00125243748453	0.0790551755754	0.00426228380262	0.110833489514	-0.0322982227265	0.0147955524312	-0.00848148146758	0.00844189286285	-0.0731221007895	0.0302767113157	-0.0167375151401	-0.0556712373481	1.0	0.0521897077646	-0.0683249754357	-0.0156405300299	0.0281875001716	-0.0853387255121	-0.0582929458679	-0.0456028818661	0.0121496531082	-0.0101320300492	0.0273740346549	-0.0237242209224	-0.0202554149724	0.0213015752298	-0.0361073757348	-0.0015029125657	0.00943028048952	0.0327431161975	-0.0356772459521	-0.0221716730675	-0.00792897612678	0.0419005101519	-0.0515776987561	-0.0317064681744	-0.0252094376177	0.000682951366815	-0.0307577014356	-0.00775568767822	-0.0192193048271	-0.0616134462059	-0.0218908694464	0.0953380084574
k__Bacteria;p__Bacteroidetes;c__Bacteroidia;o__Bacteroidales;f__Porphyromonadaceae;g__Parabacteroides;s__Parabacteroides_johnsonii	0.0428079446742	0.0174521113619	0.0210405039524	0.048152047854	-0.086644097722	-0.0192485661339	0.0323217229117	0.0292076983795	0.0156044066492	0.0202550943727	0.00180906439139	-0.0287594088807	0.0154597974821	-0.038073805509	-0.109616716723	-0.0107433661565	0.0387730269887	-0.0144952224854	0.0238688796759	0.0576716654995	-0.0616411711233	0.00028069257568	0.0533054416952	-0.0409405632631	0.0393226963795	-0.0327970249413	-0.0165633640761	0.0521897077646	1.0	0.000248631855674	-0.0738077106058	-0.0694886397537	-0.0645749518219	-0.0376969768995	-0.0023331275074	0.0215299352997	-0.041047436015	-0.0485643327803	-0.0374626133523	0.0111277039492	0.0495690995653	0.00425060485879	-0.0346426869453	-0.00191271333924	-0.0259567298711	0.0401324588792	-0.0855755754691	0.0109863953615	0.0109578321654	0.0240561551953	0.036612651771	-0.0563415991293	0.018914087722	0.00319054066432	-0.00198430145383	-0.0147928096063	-0.0172541135804	-0.0186390302116	0.00781253126497
k__Bacteria;p__Actinobacteria;c__Actinobacteria;o__Bifidobacteriales;f__Bifidobacteriaceae;g__Bifidobacterium;s__Bifidobacterium_longum	-0.0686378995607	-0.0674168776995	0.0117211734658	0.00818808151195	0.00358773574917	-0.0152060648453	-0.00675395280693	0.0409308524982	0.0453247231981	0.0215627812441	-0.0290819028012	0.0429110067682	-0.0319283783469	-0.028238431035	0.0917184096109	0.00142185487602	0.0367503424713	0.0202349320887	0.0194882718595	0.0368652485397	-0.0235205792912	-0.0108017039932	-0.0418361357041	-0.0283541102931	-0.0442546431357	-0.0430936395644	-0.0294027978528	-0.0683249754357	0.000248631855674	1.0	-0.0329873597855	-0.00266898063941	-0.0137036147178	-0.0261287296649	-0.0110120020412	-0.0267049752351	-0.0239807641164	-0.033098848999	0.035877345621	-0.0514419093226	0.0769247723752	-0.0351209516035	-0.00430177413869	-0.0116161759748	-0.0611312977414	-0.0191844073133	-0.00778566389176	0.0209431296798	0.0818256707892	-0.0210371873892	0.0253558234609	-0.0367204044995	-0.0279989897595	0.025876665033	-0.0692341283162	0.0758943190539	-0.0309707298164	0.0318857245014	-0.0309920562954
