#taxonomy	k__Bacteria;p__Bacteroidetes;c__Bacteroidia;o__Bacteroidales;f__Bacteroidaceae;g__Bacteroides;s__Bacteroides_vulgatus	k__Bacteria;p__Bacteroidetes;c__Bacteroidia;o__Bacteroidales;f__Bacteroidaceae;g__Bacteroides;s__Bacteroides_uniformis	k__Bacteria;p__Bacteroidetes;c__Bacteroidia;o__Bacteroidales;f__Rikenellaceae;g__Alistipes;s__Alistipes_putredinis	k__Bacteria;p__Bacteroidetes;c__Bacteroidia;o__Bacteroidales;f__Prevotellaceae;g__Prevotella;s__Prevotella_copri	k__Bacteria;p__Bacteroidetes;c__Bacteroidia;o__Bacteroidales;f__Bacteroidaceae;g__Bacteroides;s__Bacteroides_stercoris	k__Bacteria;p__Bacteroidetes;c__Bacteroidia;o__Bacteroidales;f__Bacteroidaceae;g__Bacteroides;s__Bacteroides_ovatus	k__Bacteria;p__Bacteroidetes;c__Bacteroidia;o__Bacteroidales;f__Rikenellaceae;g__Alistipes;s__Alistipes_shahii	k__Bacteria;p__Firmicutes;c__Clostridia;o__Clostridiales;f__Ruminococcaceae;g__Faecalibacterium;s__Faecalibacterium_prausnitzii	k__Bacteria;p__Bacteroidetes;c__Bacteroidia;o__Bacteroidales;f__Rikenellaceae;g__Alistipes;s__Alistipes_finegoldii	k__Bacteria;p__Bacteroidetes;c__Bacteroidia;o__Bacteroidales;f__Porphyromonadaceae;g__Parabacteroides;s__Parabacteroides_distasonis	k__Bacteria;p__Bacteroidetes;c__Bacteroidia;o__Bacteroidales;f__Bacteroidaceae;g__Bacteroides;s__Bacteroides_thetaiotaomicron	k__Bacteria;p__Bacteroidetes;c__Bacteroidia;o__Bacteroidales;f__Bacteroidaceae;g__Bacteroides;s__Bacteroides_coprocola	k__Bacteria;p__Bacteroidetes;c__Bacteroidia;o__Bacteroidales;f__Bacteroidaceae;g__Bacteroides;s__Bacteroides_cellulosilyticus	k__Bacteria;p__Bacteroidetes;c__Bacteroidia;o__Bacteroidales;f__Rikenellaceae;g__Alistipes;s__Alistipes_obesi	k__Bacteria;p__Firmicutes;c__Clostridia;o__Clostridiales;f__Lachnospiraceae;g__;s__[Eubacterium]_rectale	k__Bacteria;p__Bacteroidetes;c__Bacteroidia;o__Bacteroidales;f__Bacteroidaceae;g__Bacteroides;s__Bacteroides_plebeius	k__Bacteria;p__Bacteroidetes;c__Bacteroidia;o__Bacteroidales;f__Bacteroidaceae;g__Bacteroides;s__Bacteroides_fragilis	k__Bacteria;p__Proteobacteria;c__Betaproteobacteria;o__Burkholderiales;f__Sutterellaceae;g__Sutterella;s__Sutterella_wadsworthensis	k__Bacteria;p__Bacteroidetes;c__Bacteroidia;o__Bacteroidales;f__Porphyromonadaceae;g__Barnesiella;s__Barnesiella_intestinihominis	k__Bacteria;p__Bacteroidetes;c__Bacteroidia;o__Bacteroidales;f__Odoribacteraceae;g__Odoribacter;s__Odoribacter_splanchnicus	k__Bacteria;p__Bacteroidetes;c__Bacteroidia;o__Bacteroidales;f__Bacteroidaceae;g__Bacteroides;s__Bacteroides_salyersiae	k__Bacteria;p__Firmicutes;c__Clostridia;o__Clostridiales;f__Ruminococcaceae;g__Ruminiclostridium;s__[Eubacterium]_siraeum	k__Bacteria;p__Proteobacteria;c__Betaproteobacteria;o__Burkholderiales;f__Sutterellaceae;g__Parasutterella;s__Parasutterella_excrementihominis	k__Bacteria;p__Actinobacteria;c__Actinobacteria;o__Bifidobacteriales;f__Bifidobacteriaceae;g__Bifidobacterium;s__Bifidobacterium_adolescentis	k__Bacteria;p__Firmicutes;c__Clostridia;o__Clostridiales;f__Oscillospiraceae;g__Oscillibacter;s__Oscillibacter_sp._KLE_1745	k__Bacteria;p__Bacteroidetes;c__Bacteroidia;o__Bacteroidales;f__Bacteroidaceae;g__Bacteroides;s__Bacteroides_coprophilus	k__Bacteria;p__Firmicutes;c__Clostridia;o__Clostridiales;f__Lachnospiraceae;g__Roseburia;s__Roseburia_intestinalis	k__Bacteria;p__Firmicutes;c__Clostridia;o__Clostridiales;f__Lachnospiraceae;g__Roseburia;s__Roseburia_hominis	k__Bacteria;p__Bacteroidetes;c__Bacteroidia;o__Bacteroidales;f__Porphyromonadaceae;g__Parabacteroides;s__Parabacteroides_johnsonii	k__Bacteria;p__Actinobacteria;c__Actinobacteria;o__Bifidobacteriales;f__Bifidobacteriaceae;g__Bifidobacterium;s__Bifidobacterium_longum	k__Bacteria;p__Firmicutes;c__Clostridia;o__Clostridiales;f__;g__Flavonifractor;s__Flavonifractor_plautii	k__Bacteria;p__Firmicutes;c__Clostridia;o__Clostridiales;f__Clostridiaceae;g__Clostridium;s__Clostridium_phoceensis	k__Bacteria;p__Verrucomicrobia;c__Verrucomicrobiae;o__Verrucomicrobiales;f__Akkermansiaceae;g__Akkermansia;s__Akkermansia_muciniphila	k__Bacteria;p__Bacteroidetes;c__Bacteroidia;o__Bacteroidales;f__Prevotellaceae;g__Paraprevotella;s__Paraprevotella_xylaniphila	k__Bacteria;p__Firmicutes;c__Clostridia;o__Clostridiales;f__Ruminococcaceae;g__Ruminococcus;s__Ruminococcus_callidus	k__Bacteria;p__Bacteroidetes;c__Bacteroidia;o__Bacteroidales;f__Rikenellaceae;g__Alistipes;s__Alistipes_senegalensis	k__Bacteria;p__Firmicutes;c__Clostridia;o__Clostridiales;f__Lachnospiraceae;g__Blautia;s__Blautia_sp._KLE_1732	k__Bacteria;p__Bacteroidetes;c__Bacteroidia;o__Bacteroidales;f__Bacteroidaceae;g__Bacteroides;s__Bacteroides_oleiciplenus	k__Bacteria;p__Firmicutes;c__Clostridia;o__Clostridiales;f__Ruminococcaceae;g__Ruminococcus;s__Ruminococcus_bicirculans	k__Bacteria;p__Bacteroidetes;c__Bacteroidia;o__Bacteroidales;f__Bacteroidaceae;g__Bacteroides;s__Bacteroides_fluxus	k__Bacteria;p__Bacteroidetes;c__Bacteroidia;o__Bacteroidales;f__Prevotellaceae;g__Prevotella;s__Prevotella_stercorea	k__Bacteria;p__Firmicutes;c__Clostridia;o__Clostridiales;f__Lachnospiraceae;g__Dorea;s__Dorea_longicatena	k__Bacteria;p__Firmicutes;c__Clostridia;o__Clostridiales;f__Eubacteriaceae;g__Eubacterium;s__[Eubacterium]_eligens	k__Bacteria;p__Firmicutes;c__Clostridia;o__Clostridiales;f__Ruminococcaceae;g__;s__Ruminococcaceae_bacterium_D16	k__Bacteria;p__Firmicutes;c__Clostridia;o__Clostridiales;f__Lachnospiraceae;g__Coprococcus;s__Coprococcus_comes	k__Bacteria;p__Proteobacteria;c__Gammaproteobacteria;o__Enterobacterales;f__Enterobacteriaceae;g__Escherichia;s__Escherichia_coli	k__Bacteria;p__Firmicutes;c__Clostridia;o__Clostridiales;f__Ruminococcaceae;g__Anaerotruncus;s__Anaerotruncus_colihominis	k__Bacteria;p__Firmicutes;c__Clostridia;o__Clostridiales;f__Lachnospiraceae;g__Blautia;s__Blautia_obeum	k__Bacteria;p__Bacteroidetes;c__Bacteroidia;o__Bacteroidales;f__Odoribacteraceae;g__Odoribacter;s__Odoribacter_laneus	k__Bacteria;p__Firmicutes;c__Clostridia;o__Clostridiales;f__Ruminococcaceae;g__Ruminiclostridium;s__[Clostridium]_leptum	k__Bacteria;p__Bacteroidetes;c__Bacteroidia;o__Bacteroidales;f__Porphyromonadaceae;g__Parabacteroides;s__Parabacteroides_goldsteinii	k__Bacteria;p__Firmicutes;c__Clostridia;o__Clostridiales;f__Lachnospiraceae;g__Anaerostipes;s__Anaerostipes_hadrus	k__Bacteria;p__Firmicutes;c__Clostridia;o__Clostridiales;f__Ruminococcaceae;g__Ruminococcus;s__Ruminococcus_lactaris	k__Bacteria;p__Firmicutes;c__Clostridia;o__Clostridiales;f__Clostridiaceae;g__Clostridium;s__Clostridium_sp._L2-50	k__Bacteria;p__Firmicutes;c__Clostridia;o__Clostridiales;f__Clostridiaceae;g__Clostridium;s__Clostridium_sp._M62/1	k__Bacteria;p__Firmicutes;c__Clostridia;o__Clostridiales;f__;g__Intestinimonas;s__Intestinimonas_butyriciproducens	k__Bacteria;p__Actinobacteria;c__Actinobacteria;o__Bifidobacteriales;f__Bifidobacteriaceae;g__Bifidobacterium;s__Bifidobacterium_bifidum	k__Bacteria;p__Firmicutes;c__Negativicutes;o__Veillonellales;f__Veillonellaceae;g__Dialister;s__Dialister_invisus	k__Bacteria;p__Bacteroidetes;c__Bacteroidia;o__Bacteroidales;f__Bacteroidaceae;g__Bacteroides;s__Bacteroides_salanitronis
k__Bacteria;p__Bacteroidetes;c__Bacteroidia;o__Bacteroidales;f__Bacteroidaceae;g__Bacteroides;s__Bacteroides_vulgatus	1.0	-0.0416773290444	0.0568440262706	-0.00108370138649	-0.0106189524567	-0.021320539207	0.0334655493578	0.0188072195931	-0.0549666535477	0.0175677696958	0.082724802285	-0.0316751538378	0.0190652244453	-0.0165811763002	0.0195470888246	-0.0329792410335	-0.0498090635725	-0.0324023632802	-0.0927954418606	-0.0559489017549	-0.0816017933016	0.0718786907916	0.0805189397537	0.00213623430109	-0.0232172278521	-0.0157429387718	-0.0262655282162	0.0538096088702	-0.0155763805973	-0.0345519631282	-0.0480100713292	0.0251061740143	0.0901578921805	-0.069996172297	0.00665544282684	-0.0476024770166	-0.0216470338585	-0.00814555153675	-0.037110063003	-0.00515932576739	-0.0838701540826	-0.0405497539017	-0.0138693492086	-0.0160416163241	-0.0702431858142	0.0104703793002	-0.0227099917806	0.0387845366778	-0.0629264865683	-0.0513366124672	-0.0802871471856	-0.00856538282934	-0.0245208135587	-0.028684821323	0.00813735089265	0.0351578052431	0.0206342538573	0.00376082408764	-0.000226637655883
k__Bacteria;p__Bacteroidetes;c__Bacteroidia;o__Bacteroidales;f__Bacteroidaceae;g__Bacteroides;s__Bacteroides_uniformis	-0.0416773290444	1.0	-0.00725443909874	0.0426332177462	-0.048870667594	0.00605943217828	0.060355300037	0.0592562002674	-0.0315230322231	-0.0212973708607	0.042315568005	-0.057998465416	-0.0862876190494	0.0172625462623	0.0094061335769	0.0234894055898	0.00507867355272	-0.0647607026155	-0.0203691766478	-0.00292961769107	0.0233031342849	-0.00508135678846	-0.02249196415	0.0307949263327	-0.0580853825903	-2.44039374335e-06	-0.034742244263	0.0262899384857	0.0316341794076	-0.0212441864709	0.00207132661943	0.00674413672814	-0.00806549960167	0.00545269888258	0.0134344360242	0.0479728610766	-0.0470533733773	-0.0623584400627	-0.0140021486333	-0.0031398982817	0.0420656331635	-0.0086145525248	0.0447198427867	0.0385455544943	0.00195873712341	6.92186822931e-05	-0.0244329947016	-0.0406740262264	0.0346055413854	-0.00653640272452	-0.0740166864813	0.00112636239037	-0.043316337954	-0.0488417142721	-0.00149800944919	0.0395577889938	0.000407995799041	0.0181231502585	-0.0181083737633
k__Bacteria;p__Bacteroidetes;c__Bacteroidia;o__Bacteroidales;f__Rikenellaceae;g__Alistipes;s__Alistipes_putredinis	0.0568440262706	-0.00725443909874	1.0	0.0706067268874	-0.0728699235472	-0.00859348941184	0.0653703063025	-0.0177759821482	-0.00404740329028	-0.0433875185964	-0.0120469762214	0.0235275663848	-0.0422275873313	-0.0337341611091	-0.0780277000598	-0.0408709320964	-0.0071517367586	-0.0438468663216	-0.0130537199394	0.0149268540277	-0.0911550218293	0.0197473258343	-0.0327128634091	-0.0132554535668	0.0408915896511	-0.0252455437669	-0.037301981486	-0.026092514105	0.018142614608	-0.00998916946569	-0.0448591320191	-0.00919005648489	-0.0527776271254	-0.0392121465399	0.027062904613	0.0528938178628	0.106252998329	0.0150009031894	-0.0479842784249	-0.0348909833637	-0.0189424640214	-0.024801143291	-0.0458240301814	0.00959478620633	0.00757840171014	-0.0643683282607	-0.0208436729873	0.0172030325529	-0.0301941009114	-0.0530236295959	0.0051635518877	-0.0079256443124	-0.0779570619825	0.02100283852	0.016442196782	0.00349226696953	-0.0427152818028	0.0261027006417	-0.0575991352369
k__Bacteria;p__Bacteroidetes;c__Bacteroidia;o__Bacteroidales;f__Prevotellaceae;g__Prevotella;s__Prevotella_copri	-0.00108370138649	0.0426332177462	0.0706067268874	1.0	0.00575689015776	-0.0560978967145	-0.0182592344727	0.0282466634137	-0.031692727667	0.0339438483477	-0.0165322377357	-0.026004819092	-0.0545882769199	0.0111793887044	0.0826043382642	-0.057109197171	0.0476294401997	-0.00350240624402	0.0517841246464	-0.0768496893487	0.00883963234047	0.00108063419982	-0.0481430794302	0.00311269108834	-0.0426057718537	-0.0676731287188	0.0157366895422	-0.0251889909532	-0.000552494478402	-0.098786249945	0.0482629387739	-0.052507059723	-0.0258470714591	-0.0226534863648	-0.0546971228811	0.0057167469911	0.0302265204336	0.00747693409419	-0.0450676059314	-0.00762457159963	0.0647198214164	0.0135494001307	-0.102013148385	-0.0559275091021	0.0324040984014	-0.0486157000055	0.0193286722341	-0.027370049374	0.0421983220915	0.00249189572018	-0.0294386293191	-0.0576783750743	0.0334962921614	-0.00823236476131	-0.000256448896378	0.0140227817739	-0.0206053544099	0.00680632733268	-0.0214705084757
k__Bacteria;p__Bacteroidetes;c__Bacteroidia;o__Bacteroidales;f__Bacteroidaceae;g__Bacteroides;s__Bacteroides_stercoris	-0.0106189524567	-0.048870667594	-0.0728699235472	0.00575689015776	1.0	0.018540605184	0.00312718706977	-0.0716996237315	0.0230002799785	-0.0479074051421	-0.0459564216709	0.0131780108684	-0.0393308213825	0.0293948690977	0.0308598562699	-0.0497055233859	0.0382009813746	-0.00811793664102	0.0266043913756	-0.0875591198269	0.0203954158946	-0.00312538058193	0.00615684681059	-0.016124061327	0.0225857223025	-0.102378859628	0.0119469245898	-0.069780448936	0.0363306392939	-0.0265611744545	0.04779730224	-0.0600039838161	-0.0592729570574	-0.0203421519462	0.00134473744303	0.00420816976919	-0.00873896429117	-0.0305160666874	-0.0783114336113	0.032352347128	-0.00547360444329	-0.0888919341347	0.00959857159117	0.0159318212389	-0.00873903685405	0.0187915130569	0.0477020946331	-0.00082268454592	0.00989700624073	-0.00879315654103	-0.0256243931036	0.0139772636367	-0.0800510256596	-0.0312618203391	0.0589116880423	0.0712110964434	-0.0100617062815	-0.013244997639	-0.0139334862839
k__Bacteria;p__Bacteroidetes;c__Bacteroidia;o__Bacteroidales;f__Bacteroidaceae;g__Bacteroides;s__Bacteroides_ovatus	-0.021320539207	0.00605943217828	-0.00859348941184	-0.0560978967145	0.018540605184	1.0	-0.0464862172986	-0.0934410275717	0.0287994900414	-0.0159714643381	-0.0109468844252	0.00890132571973	0.00529108798356	0.0546441634214	-0.0213922344905	-0.0297790224	0.0391063104272	0.0674935552504	-0.0667221376564	0.0287926700718	0.0224652839857	-0.0126787023972	0.0355855417738	0.0482232352211	-0.105439352504	-0.00928655553193	0.01012901849	0.0952826547481	0.00677260841688	-0.0332265852	0.00335190461641	-0.0941636271592	0.00145117394136	0.0252894260489	-0.0157611348863	-0.0126727055458	0.0782392894731	-0.00348837810293	-0.0197306902677	-0.0690528841557	-0.00309478249625	-0.0633964686342	-0.0355647817345	-0.0411554085218	-0.0821327413583	0.0239547299446	-0.0621170424182	0.020448027075	-0.0107222372427	-0.00529441255812	-0.0613452503645	-0.00522913901066	0.00123628509266	-0.038353853858	-0.0505433390418	-0.0388330687333	-0.0664374065122	0.0166358632703	-0.0135950435908
k__Bacteria;p__Bacteroidetes;c__Bacteroidia;o__Bacteroidales;f__Rikenellaceae;g__Alistipes;s__Alistipes_shahii	0.0334655493578	0.060355300037	0.0653703063025	-0.0182592344727	0.00312718706977	-0.0464862172986	1.0	0.0562867170181	-0.0050302464185	-0.0290757119712	0.011971315811	-0.0635882412667	0.0316451828707	-0.0374380717322	-0.0742596287659	-0.045714250167	-0.00460313004882	-0.0763052273918	-0.025869337936	0.0455022879966	0.0323043940039	-0.058946027536	-0.0611869877882	0.0343887606085	-0.0200114820259	-0.00613050666636	0.00842076600813	-0.0779548160278	0.0517043130984	0.00463853320513	-0.0424698130796	-0.0283241973082	-0.0401845745555	-0.0257240988127	-0.0331932464514	-0.0838097259118	-0.0414423628751	-0.0174748135652	-0.114606783569	-0.0138441187545	0.0142169538821	-0.00660712507291	-0.0301774116333	0.0508375226008	0.0587249082217	-0.0299921046189	0.0385534571812	-0.00156652945815	-0.00271986795899	-0.0518396765838	-0.0720279208093	0.0403492697303	-0.0100631475514	-0.0356066856161	-0.0211047861611	-0.0109204836757	0.00790044173321	-0.0367725574815	-0.00387466229595
k__Bacteria;p__Firmicutes;c__Clostridia;o__Clostridiales;f__Ruminococcaceae;g__Faecalibacterium;s__Faecalibacterium_prausnitzii	0.0188072195931	0.0592562002674	-0.0177759821482	0.0282466634137	-0.0716996237315	-0.0934410275717	0.0562867170181	1.0	0.0196012642754	-0.122397214543	-0.0380755429231	-0.0366149571276	-0.0302789020869	0.0114729143229	-0.00548696192369	-0.0518884399735	-0.0465460159608	-0.0194997258859	-0.0606086495461	-0.0295036474655	0.025755727129	0.0515619961099	-0.00924017008057	-0.0790488367459	0.0876922745168	-0.0264172646663	-0.00783985084266	-0.0271068871212	-0.0723796093084	0.0391408520837	0.000862177818555	0.0133270703853	0.0327989213272	-0.00439563837759	-0.05402814276	-0.0580938429617	-0.0491107213557	0.0219579125838	-0.0215417477333	-0.0135433995159	-0.0122857447697	0.00280642419813	-0.0186120746483	0.0609170757926	-0.0253345490259	-0.0330582998943	-0.0334932320904	-0.060856452576	-0.0029138365945	0.0226356764475	0.00447143259787	-0.0315975679583	-0.0281947376573	-0.00212305553666	0.0121961028874	-0.0450862390137	0.049763319272	-0.0061275110641	0.00780053087488
k__Bacteria;p__Bacteroidetes;c__Bacteroidia;o__Bacteroidales;f__Rikenellaceae;g__Alistipes;s__Alistipes_finegoldii	-0.0549666535477	-0.0315230322231	-0.00404740329028	-0.031692727667	0.0230002799785	0.0287994900414	-0.0050302464185	0.0196012642754	1.0	0.0334506538237	-0.0151608595596	0.00428294791738	-0.0295438471716	-0.0170850672617	0.00174106180493	0.00574633973886	0.0121589200308	-0.0123738930834	-0.00405158473648	0.0276587599962	-0.0151282416535	-0.0530505972373	-0.026719531798	-0.0277656414116	0.0479353615989	-0.0692463989128	0.0430526625689	-0.0259667987592	-0.0742334057952	-0.00533114675453	-0.0421953637825	0.0198734116061	-0.0460008614129	0.0300480433295	0.0288127966057	-0.0454578805608	-0.040567825157	0.0436062858339	0.00195945978403	-0.0680415254362	0.00443939208056	0.023719229528	-0.0579288199853	-0.0227628112698	0.0494889705894	-0.0458077939824	-0.0306934860499	0.0549384262428	-0.0178025443589	0.0106274250872	-0.031461083291	0.0258898621555	-0.0537545593202	0.0333570246077	0.0271084111296	0.0265922841765	-0.0378099347088	0.000555774694053	-0.0106245795213
k__Bacteria;p__Bacteroidetes;c__Bacteroidia;o__Bacteroidales;f__Porphyromonadaceae;g__Parabacteroides;s__Parabacteroides_distasonis	0.0175677696958	-0.0212973708607	-0.0433875185964	0.0339438483477	-0.0479074051421	-0.0159714643381	-0.0290757119712	-0.122397214543	0.0334506538237	1.0	-0.041041447306	0.00518010779417	-0.0146037421371	0.0263791349829	0.0226646858345	0.0625503773683	-0.0489769226446	0.020862611843	0.0189716740416	-0.0307022629692	0.0761959861246	0.00524714153468	0.0139557298612	-0.0399556657341	0.00844178056186	-0.0111403528424	-0.0364976055242	-0.0775645526873	-0.0483590493075	-0.0926759004673	-0.0218639683724	0.057118769899	0.0225622380124	0.0457742816373	0.0138408076176	-0.10271826204	-0.0430657053974	0.0107719991992	0.0219805886503	-0.0656079573941	-0.02485997561	0.0153953112671	-0.0231147799487	-0.0100632266183	-0.047801964776	0.0131583334425	0.0206761596704	0.0182622390847	0.000966850824408	-0.0175160751255	-0.0203768769637	-0.00664884580404	-0.0741603782487	-0.0594996262867	-0.0108176356115	-0.0585041757595	-0.0324104020128	0.00453799490166	0.00770963269407
k__Bacteria;p__Bacteroidetes;c__Bacteroidia;o__Bacteroidales;f__Bacteroidaceae;g__Bacteroides;s__Bacteroides_thetaiotaomicron	0.082724802285	0.042315568005	-0.0120469762214	-0.0165322377357	-0.0459564216709	-0.0109468844252	0.011971315811	-0.0380755429231	-0.0151608595596	-0.041041447306	1.0	-0.0643044019553	-0.0196001522113	-0.0314496378114	-0.0535443807465	0.0675224013928	-0.00604344740409	-0.0218580783703	0.0507873007652	-0.0177202417205	0.0337677356849	0.0355645363414	-0.0175472435662	0.000555136672486	-0.00176752063547	-0.0191679280272	0.0682786741836	0.0159164929324	-0.0126766612477	-0.0665080959871	-0.0330697389537	-0.0488729072756	0.00731520292971	-0.0591393475084	-0.00515564066226	-0.00996510216103	0.0345812290692	0.016812746684	-0.0510291838909	0.0735158366995	0.0408672407999	0.00246647898352	0.0396555145034	0.00802448429915	-0.00898072546289	-0.0104490910299	-0.0525117323609	0.0103750381841	-0.00290520546794	-0.0215419314186	0.0234782708964	0.0280189924306	0.0114550131793	0.0248447699237	-0.0456593590432	-0.0156969481521	-0.0291416947416	-0.0514932320618	-0.0158591695816
k__Bacteria;p__Bacteroidetes;c__Bacteroidia;o__Bacteroidales;f__Bacteroidaceae;g__Bacteroides;s__Bacteroides_coprocola	-0.0316751538378	-0.057998465416	0.0235275663848	-0.026004819092	0.0131780108684	0.00890132571973	-0.0635882412667	-0.0366149571276	0.00428294791738	0.00518010779417	-0.0643044019553	1.0	-0.0129862702387	-0.0574958244356	-0.00905194114553	-0.0148426458461	-0.00174174096044	-0.00243928195382	-0.0680780161089	-0.0618302823133	-0.00616328776613	-0.037936461414	0.0560905862079	-0.0600983840144	0.0440715506595	-0.0347880804691	0.0411828555539	-0.0191774915134	0.0187824060915	-0.0453023921541	-0.0394787878601	-0.039158302307	0.0333176696913	0.00793004408771	0.092926325537	-0.0294419183517	0.037800157609	-0.00375945415403	0.0553091213277	0.00640023664318	-0.0243399230649	-0.00926136816319	0.0139026190629	-0.0466186090062	-0.0177244956478	-0.0259667068926	-0.00928493124542	0.0359641050607	-0.0514909977957	-0.0199008420846	-0.031932980503	-0.0605530104336	0.0216704135925	-0.00394781210962	-0.0250627773239	-0.00361807652757	0.00264405673777	-0.0502950407513	0.00193350253871
k__Bacteria;p__Bacteroidetes;c__Bacteroidia;o__Bacteroidales;f__Bacteroidaceae;g__Bacteroides;s__Bacteroides_cellulosilyticus	0.0190652244453	-0.0862876190494	-0.0422275873313	-0.0545882769199	-0.0393308213825	0.00529108798356	0.0316451828707	-0.0302789020869	-0.0295438471716	-0.0146037421371	-0.0196001522113	-0.0129862702387	1.0	-0.0380420733648	0.0165855760898	-0.00176325186949	-0.0521212969512	0.0777835489673	-0.0305878896762	-0.0716322048213	0.00160084661016	-0.0385160533713	0.0884779999245	-0.0407671651959	0.0300668303855	0.0668354628178	0.0708140426452	0.0696721743684	-0.00522468109031	0.0498343893685	-0.0411685642124	0.00444963153751	0.0328103592663	-0.0407994669229	-0.0493670217683	-0.0865755859026	-0.00921171112859	-0.0314038690708	0.0227711608256	-0.0980831044753	-0.0451947262591	0.020763326682	-0.0264193849531	-0.0525204765264	-0.0752674058831	0.0293066520992	-0.0181556939225	-0.0284002139773	-0.00156406933579	-0.040937654008	-0.0283366596814	0.0242659691455	-0.0793592853841	-0.0358489955872	0.096599975733	0.023939932347	-0.0559216792136	-0.0327907124821	0.00699396218198
k__Bacteria;p__Bacteroidetes;c__Bacteroidia;o__Bacteroidales;f__Rikenellaceae;g__Alistipes;s__Alistipes_obesi	-0.0165811763002	0.0172625462623	-0.0337341611091	0.0111793887044	0.0293948690977	0.0546441634214	-0.0374380717322	0.0114729143229	-0.0170850672617	0.0263791349829	-0.0314496378114	-0.0574958244356	-0.0380420733648	1.0	0.0227857141857	0.0319586174643	-0.00586217884314	-0.0310115544982	-0.113532800492	0.00315859806124	-0.0190450820722	-0.0465375256653	0.00976319778154	-0.0485268542353	-0.0277043052224	-0.0237598258692	-0.0348408801411	-0.0475165307408	-0.039722650493	0.0538011560563	-0.0235845796125	-0.04175531604	-0.0549377967517	-0.0940427641997	0.0048347790668	0.0215066661258	0.0504045529596	0.044995618757	0.0220110046889	0.0600788941366	-0.00287654688931	0.00184436140162	-0.0308196725454	-0.00780117968823	-0.0259102475236	-0.0148250592269	0.0379376292566	-0.0111080757963	-0.0186422518243	-0.0110864810815	0.0117363489541	-0.0973165806933	-0.0499337541623	-0.0261329310039	0.0165773594894	-0.00860395803754	0.0160088607243	-0.00065846935031	0.013626611364
k__Bacteria;p__Firmicutes;c__Clostridia;o__Clostridiales;f__Lachnospiraceae;g__;s__[Eubacterium]_rectale	0.0195470888246	0.0094061335769	-0.0780277000598	0.0826043382642	0.0308598562699	-0.0213922344905	-0.0742596287659	-0.00548696192369	0.00174106180493	0.0226646858345	-0.0535443807465	-0.00905194114553	0.0165855760898	0.0227857141857	1.0	-0.0776818267656	-0.0227800207726	0.00486121666463	-0.00578208647735	-0.0889496346753	0.00402878030412	-0.0453873860252	-0.0190250554653	0.117074002865	-0.0375305735145	0.019857531621	-0.0536689178457	-0.0593090329812	-0.023680106994	0.0511910075826	0.0610840361281	0.00290568287407	-0.0481839883691	-0.0443745557368	-0.0454922914689	-0.0180972058525	-0.0169144607843	-0.033396415243	0.0236787413076	-0.019622510053	-0.0186210900055	0.0425438237435	0.0330559754541	-0.0253596730845	-0.0352310078956	-0.0246885947346	-0.00667257586962	-0.00889666993253	0.0171721992096	-0.0425290234606	0.0771840974574	0.0446706894027	0.087962397551	-0.0766549441203	-0.00961370365294	-0.00905264161939	-0.0741975523741	-0.0941690173196	-0.0379660382917
k__Bacteria;p__Bacteroidetes;c__Bacteroidia;o__Bacteroidales;f__Bacteroidaceae;g__Bacteroides;s__Bacteroides_plebeius	-0.0329792410335	0.0234894055898	-0.0408709320964	-0.057109197171	-0.0497055233859	-0.0297790224	-0.045714250167	-0.0518884399735	0.00574633973886	0.0625503773683	0.0675224013928	-0.0148426458461	-0.00176325186949	0.0319586174643	-0.0776818267656	1.0	0.042770763613	-0.026228217759	-0.0464258842803	-0.024450847384	0.0244608366234	-0.0557116753051	-0.0181771585715	0.0312696333843	0.000912302282911	-0.0171681745999	-0.0221114878579	-0.00978252480674	0.0199238168594	-0.086439820918	0.0014007613985	0.0162393435066	0.00808405752051	-0.0298528709446	-0.0251003790152	0.00461227061223	0.00327632863351	0.0276230327779	0.000913547914058	-0.00848673489408	-0.0681375860294	0.0659347767535	-0.0660984970425	-0.0114044346199	-0.0479589637563	0.0252129642007	-0.030766597504	0.0374326391806	0.047950760713	0.00724970495502	-0.0203328320961	-0.0641227448073	0.0304772734218	0.00861332890642	-0.0171614820159	-0.0150758987499	-0.00125216701362	0.0408441329276	0.0236847482889
k__Bacteria;p__Bacteroidetes;c__Bacteroidia;o__Bacteroidales;f__Bacteroidaceae;g__Bacteroides;s__Bacteroides_fragilis	-0.0498090635725	0.00507867355272	-0.0071517367586	0.0476294401997	0.0382009813746	0.0391063104272	-0.00460313004882	-0.0465460159608	0.0121589200308	-0.0489769226446	-0.00604344740409	-0.00174174096044	-0.0521212969512	-0.00586217884314	-0.0227800207726	0.042770763613	1.0	-0.0338687187865	0.0178334070623	-0.00449661646537	-0.0170222556916	-0.0970745321848	0.0032332006291	-0.00941725393094	0.0370911192813	-0.0857269819548	-0.0433957648739	-0.0046384966117	-0.0193215208247	-0.0312789793358	-0.0609657594507	-0.0188299638843	0.00166885209017	-0.0321813456914	0.00559677270458	0.0452106229086	0.0222446132941	-0.0681698830153	0.0551696405522	-0.00820134323017	0.0252913905429	0.0326683776601	-0.0570604550024	0.0137592351793	0.0203108527686	0.0581985977884	0.00514215927983	0.00222408910929	-0.0187986568694	0.100139732837	-0.00731636156015	0.0231268037055	-0.0319569957035	0.0513599068674	0.0254490474524	-0.0680413324708	-0.0857553804481	-0.0176374864431	-0.00700858447548
k__Bacteria;p__Proteobacteria;c__Betaproteobacteria;o__Burkholderiales;f__Sutterellaceae;g__Sutterella;s__Sutterella_wadsworthensis	-0.0324023632802	-0.0647607026155	-0.0438468663216	-0.00350240624402	-0.00811793664102	0.0674935552504	-0.0763052273918	-0.0194997258859	-0.0123738930834	0.020862611843	-0.0218580783703	-0.00243928195382	0.0777835489673	-0.0310115544982	0.00486121666463	-0.026228217759	-0.0338687187865	1.0	0.0115740826508	-0.04521529718	-0.00959122259131	0.0498150037707	-0.0171869266782	0.0227891004079	-0.0854499652947	0.081594213002	0.0134974903032	0.055019972928	0.00669158979996	-0.0132078583143	0.0068882486473	-0.003733778159	-0.0344380126013	0.0199202120104	-0.0350736512366	-0.00149422227311	0.00862462907809	-0.073921975398	-0.000164823204998	0.0326691858461	-0.00999796384819	-0.0826715091721	-0.0322227596629	-0.000417765436863	0.0423972477398	0.0271595156441	-0.0155517914825	-0.0176748728321	0.0298915395177	-0.0875916614366	-0.00340599461135	-0.000247655765654	0.0138591240724	-0.0913126042015	0.0177530094355	-0.0570899976442	-0.0256660694555	-0.059730137282	-0.00971875741365
k__Bacteria;p__Bacteroidetes;c__Bacteroidia;o__Bacteroidales;f__Porphyromonadaceae;g__Barnesiella;s__Barnesiella_intestinihominis	-0.0927954418606	-0.0203691766478	-0.0130537199394	0.0517841246464	0.0266043913756	-0.0667221376564	-0.025869337936	-0.0606086495461	-0.00405158473648	0.0189716740416	0.0507873007652	-0.0680780161089	-0.0305878896762	-0.113532800492	-0.00578208647735	-0.0464258842803	0.0178334070623	0.0115740826508	1.0	0.0115604553622	0.0505656727923	-0.0473608247046	-0.134884665088	-0.00915048406436	-0.0100227669617	0.0537028673698	-0.0107348545037	0.0310634468205	-0.0042552159977	-0.0162446573789	-0.0144785780723	-0.0443630401331	-0.0563246444305	0.0593549213944	0.0476369509708	-0.0737677633756	-0.0429647096259	0.0184977716973	0.011462343899	-0.048753152422	0.0477290663927	0.0111231052815	0.0518927856801	-0.00427749776242	-0.0428302286733	0.0497836315794	0.0108596815634	-0.0204613398825	0.0223404859314	0.0488058405236	0.00473381357274	-0.0365491025588	-0.0089836544982	-0.0783472232399	-0.0705933318455	-0.016882839945	0.0334492354733	-0.000155863911524	0.031701658028
k__Bacteria;p__Bacteroidetes;c__Bacteroidia;o__Bacteroidales;f__Odoribacteraceae;g__Odoribacter;s__Odoribacter_splanchnicus	-0.0559489017549	-0.00292961769107	0.0149268540277	-0.0768496893487	-0.0875591198269	0.0287926700718	0.0455022879966	-0.0295036474655	0.0276587599962	-0.0307022629692	-0.0177202417205	-0.0618302823133	-0.0716322048213	0.00315859806124	-0.0889496346753	-0.024450847384	-0.00449661646537	-0.04521529718	0.0115604553622	1.0	-0.0594492089032	-0.0011771199915	-0.134363672977	-0.0331160896776	0.0154007613233	-0.0721288852034	0.00262076814776	-0.0415565042197	0.0340915925719	-0.0222314394764	-0.0635010009279	-0.115059633019	0.068803951337	0.0424521921141	0.00483024991702	0.132285345899	0.022806988094	0.033072047329	0.0153254667013	-0.0420304079365	-0.0193411260577	0.0197008409793	-0.00420925538808	0.0246511831646	-0.0277233631443	-0.100536413692	0.00581040091455	-0.0112705285399	-0.0478726069863	0.00341870706317	0.0429013366894	0.00560035050374	-0.0296853302463	0.0681680208487	-0.0484966641802	-0.00654011223003	0.0333433586647	0.00656771976936	-0.00448259806323
k__Bacteria;p__Bacteroidetes;c__Bacteroidia;o__Bacteroidales;f__Bacteroidaceae;g__Bacteroides;s__Bacteroides_salyersiae	-0.0816017933016	0.0233031342849	-0.0911550218293	0.00883963234047	0.0203954158946	0.0224652839857	0.0323043940039	0.025755727129	-0.0151282416535	0.0761959861246	0.0337677356849	-0.00616328776613	0.00160084661016	-0.0190450820722	0.00402878030412	0.0244608366234	-0.0170222556916	-0.00959122259131	0.0505656727923	-0.0594492089032	1.0	0.038676529405	0.0566705399399	-0.000509256467494	0.0182097015549	0.0130325630217	-0.0827487845566	-0.0863917875099	-0.0031693236024	-0.0317864024112	-0.0750692535207	0.0128824049008	0.0159181156129	0.00130687059072	0.0279303461467	0.00883480841101	-0.0628818492799	0.0544358946213	-0.0207173174772	0.0579078304234	-0.00433082497309	-0.027458601821	-0.0429391991291	-0.0537921799467	0.0233843766165	-0.0130455640729	-0.0403578953196	0.0498510353434	0.044429861193	0.0437843085805	-0.0582519650682	0.0185305386391	-0.0453005213652	-0.0284732572257	0.0144110628551	-0.018883526855	0.0819641708703	-0.0193359466421	-0.0410805010284
k__Bacteria;p__Firmicutes;c__Clostridia;o__Clostridiales;f__Ruminococcaceae;g__Ruminiclostridium;s__[Eubacterium]_siraeum	0.0718786907916	-0.00508135678846	0.0197473258343	0.00108063419982	-0.00312538058193	-0.0126787023972	-0.058946027536	0.0515619961099	-0.0530505972373	0.00524714153468	0.0355645363414	-0.037936461414	-0.0385160533713	-0.0465375256653	-0.0453873860252	-0.0557116753051	-0.0970745321848	0.0498150037707	-0.0473608247046	-0.0011771199915	0.038676529405	1.0	0.101936167702	-0.00805095261743	-0.00579233771389	-0.0390626662233	-0.0328060846918	0.00993994191646	-0.000969549627981	-0.0319212768501	-0.0390856349945	0.0739315370896	-0.0254816930744	-0.0453111931982	-0.0773494753279	-0.0181183475494	-0.0137349400569	-0.0194944330183	-0.0132435205872	0.0573948672995	-0.0292437081709	-0.0288816981715	-0.01461971527	-0.0231466125753	-0.0249858448836	0.0188213068256	-0.0287199731647	-0.0423458941033	0.011925286679	-0.0295696778594	0.0202378716742	0.0350460918426	0.0277524102182	-0.0410002127898	0.00167326993567	-0.0115143317924	-0.0199833675553	-0.0395641153352	-0.0460082377086
k__Bacteria;p__Proteobacteria;c__Betaproteobacteria;o__Burkholderiales;f__Sutterellaceae;g__Parasutterella;s__Parasutterella_excrementihominis	0.0805189397537	-0.02249196415	-0.0327128634091	-0.0481430794302	0.00615684681059	0.0355855417738	-0.0611869877882	-0.00924017008057	-0.026719531798	0.0139557298612	-0.0175472435662	0.0560905862079	0.0884779999245	0.00976319778154	-0.0190250554653	-0.0181771585715	0.0032332006291	-0.0171869266782	-0.134884665088	-0.134363672977	0.0566705399399	0.101936167702	1.0	0.0120284233542	0.00546445391937	-0.0569730188977	-0.0626632327959	0.0624596886368	0.0123565560994	-0.0015080579291	0.0550731915683	-0.0338624714926	-0.00594858647384	-0.0242142749027	-0.0142704482761	0.00278988783258	0.060126402952	0.0105041107526	-0.0549539539236	0.0129204399445	-0.0155313670781	0.00155052078444	-0.0432506286679	-0.0581671658669	-0.0773797946905	-0.0204498033689	-0.0821357864109	-0.00856714060728	-0.0557806349899	0.0225684296253	-0.0326177377863	0.0741160044088	-0.0549962930941	-0.0457404417432	0.0358494408874	-0.00961151963967	0.003113120612	-0.0209948751712	0.0457295086405
k__Bacteria;p__Actinobacteria;c__Actinobacteria;o__Bifidobacteriales;f__Bifidobacteriaceae;g__Bifidobacterium;s__Bifidobacterium_adolescentis	0.00213623430109	0.0307949263327	-0.0132554535668	0.00311269108834	-0.016124061327	0.0482232352211	0.0343887606085	-0.0790488367459	-0.0277656414116	-0.0399556657341	0.000555136672485	-0.0600983840144	-0.0407671651959	-0.0485268542353	0.117074002865	0.0312696333843	-0.00941725393094	0.0227891004079	-0.00915048406436	-0.0331160896776	-0.000509256467494	-0.00805095261743	0.0120284233542	1.0	-0.00916023417548	-0.0149507318994	0.00242394172502	-0.00526274890919	0.0829601501809	0.0961584772842	-0.00213953268359	-0.0400446424856	-0.0228930672863	-0.0551493834159	0.0151391593278	-0.0411223233411	-0.0278405927207	-0.0336538292347	-0.0245724148375	-0.00839707698804	-0.0987230788991	-0.0701574302478	0.0279046135844	-0.0637396087839	-0.0442946920489	-0.00178259919657	-0.00687711419221	-0.0952961552029	-0.0332861002621	0.0400739445262	0.0525042741258	-0.0968381393282	0.0171624223743	0.0456263235788	-0.00857509116785	-0.0153223460053	-0.0219897240621	-0.0136592292397	-0.0299124526015
k__Bacteria;p__Firmicutes;c__Clostridia;o__Clostridiales;f__Oscillospiraceae;g__Oscillibacter;s__Oscillibacter_sp._KLE_1745	-0.0232172278521	-0.0580853825903	0.0408915896511	-0.0426057718537	0.0225857223025	-0.105439352504	-0.0200114820259	0.0876922745168	0.0479353615989	0.00844178056186	-0.00176752063547	0.0440715506595	0.0300668303855	-0.0277043052224	-0.0375305735145	0.000912302282911	0.0370911192813	-0.0854499652947	-0.0100227669617	0.0154007613233	0.0182097015549	-0.00579233771389	0.00546445391937	-0.00916023417548	1.0	-0.0301949007152	0.0392497361177	-0.0481193735281	0.108369965382	0.00846275808174	0.0321546105171	-0.0627960237817	-0.0792058510829	-0.0225857049594	-0.0343077626946	0.0131365657596	0.000347737985671	0.0492704573319	-0.076084919058	0.0541357215553	-0.0214739839715	-0.0150194252048	-0.0504764347297	0.0736891028462	0.00702094733909	-0.062726655889	-0.000647837642181	-0.00734198284859	-0.116023600112	0.00836823539929	0.0262544102437	-0.0563963953451	-0.0219217530999	-0.0128159047008	-0.0255984300346	0.0617637896671	-0.0047549425835	-0.0605315741539	0.0589295750786
k__Bacteria;p__Bacteroidetes;c__Bacteroidia;o__Bacteroidales;f__Bacteroidaceae;g__Bacteroides;s__Bacteroides_coprophilus	-0.0157429387718	-2.4403937433e-06	-0.0252455437669	-0.0676731287188	-0.102378859628	-0.00928655553193	-0.00613050666636	-0.0264172646663	-0.0692463989128	-0.0111403528424	-0.0191679280272	-0.0347880804691	0.0668354628178	-0.0237598258692	0.019857531621	-0.0171681745999	-0.0857269819548	0.081594213002	0.0537028673698	-0.0721288852034	0.0130325630217	-0.0390626662233	-0.0569730188977	-0.0149507318994	-0.0301949007152	1.0	-0.014754491254	0.00256516976896	0.0269518499174	0.0848740769336	-0.0515727934077	0.00962741428714	0.0345379025336	-0.0714028054648	-0.0125034347467	-0.0125481849236	0.0308563191635	0.0377472082604	0.0293088402449	0.00146240775916	-0.0753442973959	0.0271448216355	-0.0167464037535	0.0282056695003	0.00794173055954	-0.0157379172722	-0.00952300005524	0.0188324644507	0.0207626671945	-0.0361355082675	0.0571071556204	-0.081518984739	0.0628703815014	0.00899294929292	0.015794749989	-0.0320673622798	0.0641240530662	-0.023194150029	0.0204751877123
k__Bacteria;p__Firmicutes;c__Clostridia;o__Clostridiales;f__Lachnospiraceae;g__Roseburia;s__Roseburia_intestinalis	-0.0262655282162	-0.034742244263	-0.037301981486	0.0157366895422	0.0119469245898	0.01012901849	0.00842076600813	-0.00783985084266	0.0430526625689	-0.0364976055242	0.0682786741836	0.0411828555539	0.0708140426452	-0.0348408801411	-0.0536689178457	-0.0221114878579	-0.0433957648739	0.0134974903032	-0.0107348545037	0.00262076814776	-0.0827487845566	-0.0328060846918	-0.0626632327959	0.00242394172502	0.0392497361177	-0.014754491254	1.0	-0.0213228427893	0.0281318248919	0.0920413110507	0.022960280607	-0.0157379632551	-0.0485552599262	-0.0137831384802	-0.0357534551278	-0.0603159010032	0.00546779680174	-0.0312362173117	-0.0252483250983	-0.00763265030216	-0.0303303802504	-0.0733398167643	0.0205895960963	0.0159313245659	0.0617587364283	-0.00469097381831	-0.0370661935432	0.0206900371683	0.0446045719747	-0.0321341166319	0.0120260243405	-0.076367094595	0.0386740939265	0.0581746912026	-0.0221306077132	-0.0436060684409	-0.0627036830772	0.0429314614875	-0.0150691716936
k__Bacteria;p__Firmicutes;c__Clostridia;o__Clostridiales;f__Lachnospiraceae;g__Roseburia;s__Roseburia_hominis	0.0538096088702	0.0262899384857	-0.026092514105	-0.0251889909532	-0.069780448936	0.0952826547481	-0.0779548160278	-0.0271068871212	-0.0259667987592	-0.0775645526873	0.0159164929324	-0.0191774915134	0.0696721743684	-0.0475165307408	-0.0593090329812	-0.00978252480674	-0.0046384966117	0.055019972928	0.0310634468205	-0.0415565042197	-0.0863917875099	0.00993994191646	0.0624596886368	-0.00526274890919	-0.0481193735281	0.00256516976896	-0.0213228427893	1.0	-0.0146601091425	-0.071215143747	-0.0290856317997	-0.110789116248	0.012034295682	-0.0534515923253	0.00772489332087	-0.0513164727737	-0.0464221511709	-0.027674958357	-0.0384565995113	-0.0288482915692	0.047525347797	-0.0327649270231	-0.0396908202494	0.00177792061239	-0.0273432415171	0.0376052600254	0.0385081694795	0.00826686909242	0.0222807508066	-0.0318677908354	-0.00413163171365	0.0921984996672	-0.0298241470593	-0.00982294265879	-0.0521614878586	-0.0496429288481	-0.0057346647762	0.0177302258685	0.00375672860153
k__Bacteria;p__Bacteroidetes;c__Bacteroidia;o__Bacteroidales;f__Porphyromonadaceae;g__Parabacteroides;s__Parabacteroides_johnsonii	-0.0155763805973	0.0316341794076	0.018142614608	-0.000552494478403	0.0363306392939	0.00677260841688	0.0517043130984	-0.0723796093084	-0.0742334057952	-0.0483590493075	-0.0126766612477	0.0187824060915	-0.00522468109031	-0.039722650493	-0.023680106994	0.0199238168594	-0.0193215208247	0.00669158979996	-0.0042552159977	0.0340915925719	-0.0031693236024	-0.000969549627981	0.0123565560994	0.0829601501809	0.108369965382	0.0269518499174	0.0281318248919	-0.0146601091425	1.0	-0.0286207633222	-0.00111266166649	-0.0609997650651	-0.0459873976394	0.0171133692921	-0.0493975446935	-0.0128790601403	-0.0737736108965	-0.0857071434444	-0.0717053493804	0.0320351666545	-0.0549608587388	-0.0148951711022	-0.0241104160731	-0.031494664983	-0.0419284473046	-0.0511172145479	-0.0207015830051	0.00146022750885	-0.0517721684189	0.0183936641693	0.00763677180504	-0.00434605410859	-0.00684458481725	0.0558525151493	-0.028559426531	-0.00829929274547	0.0243852079574	-0.0306443934903	-0.0595814923294
k__Bacteria;p__Actinobacteria;c__Actinobacteria;o__Bifidobacteriales;f__Bifidobacteriaceae;g__Bifidobacterium;s__Bifidobacterium_longum	-0.0345519631282	-0.0212441864709	-0.00998916946569	-0.098786249945	-0.0265611744545	-0.0332265852	0.00463853320513	0.0391408520837	-0.00533114675453	-0.0926759004673	-0.0665080959871	-0.0453023921541	0.0498343893685	0.0538011560563	0.0511910075826	-0.086439820918	-0.0312789793358	-0.0132078583143	-0.0162446573789	-0.0222314394764	-0.0317864024112	-0.0319212768501	-0.0015080579291	0.0961584772842	0.00846275808174	0.0848740769336	0.0920413110507	-0.071215143747	-0.0286207633222	1.0	0.0157155934393	7.81085533608e-06	-0.0405700242879	-0.0406528905677	-0.0450474569494	-0.0572834288991	0.0198027231451	0.0165349201496	-0.023424072862	0.0114067581851	-0.073613371915	-0.031130172597	-0.0239362989197	-0.00775193959699	0.00604995246674	0.0440183868741	-0.0498243858745	-0.029276532388	-0.0234216357388	-0.00165925767001	0.00672787538341	0.0508879930878	-0.0102491388627	-0.00472446795166	0.0292909341481	-0.0543242680475	0.00266297507338	-0.0669476094401	0.000866820486199
