#taxonomy	k__Bacteria;p__Bacteroidetes;c__Bacteroidia;o__Bacteroidales;f__Bacteroidaceae;g__Bacteroides;s__Bacteroides_vulgatus	k__Bacteria;p__Bacteroidetes;c__Bacteroidia;o__Bacteroidales;f__Bacteroidaceae;g__Bacteroides;s__Bacteroides_uniformis	k__Bacteria;p__Bacteroidetes;c__Bacteroidia;o__Bacteroidales;f__Rikenellaceae;g__Alistipes;s__Alistipes_putredinis	k__Bacteria;p__Bacteroidetes;c__Bacteroidia;o__Bacteroidales;f__Prevotellaceae;g__Prevotella;s__Prevotella_copri	k__Bacteria;p__Bacteroidetes;c__Bacteroidia;o__Bacteroidales;f__Bacteroidaceae;g__Bacteroides;s__Bacteroides_stercoris	k__Bacteria;p__Bacteroidetes;c__Bacteroidia;o__Bacteroidales;f__Bacteroidaceae;g__Bacteroides;s__Bacteroides_ovatus	k__Bacteria;p__Bacteroidetes;c__Bacteroidia;o__Bacteroidales;f__Rikenellaceae;g__Alistipes;s__Alistipes_shahii	k__Bacteria;p__Firmicutes;c__Clostridia;o__Clostridiales;f__Ruminococcaceae;g__Faecalibacterium;s__Faecalibacterium_prausnitzii	k__Bacteria;p__Bacteroidetes;c__Bacteroidia;o__Bacteroidales;f__Rikenellaceae;g__Alistipes;s__Alistipes_finegoldii	k__Bacteria;p__Bacteroidetes;c__Bacteroidia;o__Bacteroidales;f__Porphyromonadaceae;g__Parabacteroides;s__Parabacteroides_distasonis	k__Bacteria;p__Bacteroidetes;c__Bacteroidia;o__Bacteroidales;f__Bacteroidaceae;g__Bacteroides;s__Bacteroides_thetaiotaomicron	k__Bacteria;p__Bacteroidetes;c__Bacteroidia;o__Bacteroidales;f__Bacteroidaceae;g__Bacteroides;s__Bacteroides_coprocola	k__Bacteria;p__Bacteroidetes;c__Bacteroidia;o__Bacteroidales;f__Bacteroidaceae;g__Bacteroides;s__Bacteroides_cellulosilyticus	k__Bacteria;p__Bacteroidetes;c__Bacteroidia;o__Bacteroidales;f__Rikenellaceae;g__Alistipes;s__Alistipes_obesi	k__Bacteria;p__Firmicutes;c__Clostridia;o__Clostridiales;f__Lachnospiraceae;g__;s__[Eubacterium]_rectale	k__Bacteria;p__Bacteroidetes;c__Bacteroidia;o__Bacteroidales;f__Bacteroidaceae;g__Bacteroides;s__Bacteroides_plebeius	k__Bacteria;p__Bacteroidetes;c__Bacteroidia;o__Bacteroidales;f__Bacteroidaceae;g__Bacteroides;s__Bacteroides_fragilis	k__Bacteria;p__Proteobacteria;c__Betaproteobacteria;o__Burkholderiales;f__Sutterellaceae;g__Sutterella;s__Sutterella_wadsworthensis	k__Bacteria;p__Bacteroidetes;c__Bacteroidia;o__Bacteroidales;f__Porphyromonadaceae;g__Barnesiella;s__Barnesiella_intestinihominis	k__Bacteria;p__Bacteroidetes;c__Bacteroidia;o__Bacteroidales;f__Odoribacteraceae;g__Odoribacter;s__Odoribacter_splanchnicus	k__Bacteria;p__Bacteroidetes;c__Bacteroidia;o__Bacteroidales;f__Bacteroidaceae;g__Bacteroides;s__Bacteroides_salyersiae	k__Bacteria;p__Firmicutes;c__Clostridia;o__Clostridiales;f__Ruminococcaceae;g__Ruminiclostridium;s__[Eubacterium]_siraeum	k__Bacteria;p__Proteobacteria;c__Betaproteobacteria;o__Burkholderiales;f__Sutterellaceae;g__Parasutterella;s__Parasutterella_excrementihominis	k__Bacteria;p__Actinobacteria;c__Actinobacteria;o__Bifidobacteriales;f__Bifidobacteriaceae;g__Bifidobacterium;s__Bifidobacterium_adolescentis	k__Bacteria;p__Firmicutes;c__Clostridia;o__Clostridiales;f__Oscillospiraceae;g__Oscillibacter;s__Oscillibacter_sp._KLE_1745	k__Bacteria;p__Bacteroidetes;c__Bacteroidia;o__Bacteroidales;f__Bacteroidaceae;g__Bacteroides;s__Bacteroides_coprophilus	k__Bacteria;p__Firmicutes;c__Clostridia;o__Clostridiales;f__Lachnospiraceae;g__Roseburia;s__Roseburia_intestinalis	k__Bacteria;p__Firmicutes;c__Clostridia;o__Clostridiales;f__Lachnospiraceae;g__Roseburia;s__Roseburia_hominis	k__Bacteria;p__Bacteroidetes;c__Bacteroidia;o__Bacteroidales;f__Porphyromonadaceae;g__Parabacteroides;s__Parabacteroides_johnsonii	k__Bacteria;p__Actinobacteria;c__Actinobacteria;o__Bifidobacteriales;f__Bifidobacteriaceae;g__Bifidobacterium;s__Bifidobacterium_longum	k__Bacteria;p__Firmicutes;c__Clostridia;o__Clostridiales;f__;g__Flavonifractor;s__Flavonifractor_plautii	k__Bacteria;p__Firmicutes;c__Clostridia;o__Clostridiales;f__Clostridiaceae;g__Clostridium;s__Clostridium_phoceensis	k__Bacteria;p__Verrucomicrobia;c__Verrucomicrobiae;o__Verrucomicrobiales;f__Akkermansiaceae;g__Akkermansia;s__Akkermansia_muciniphila	k__Bacteria;p__Bacteroidetes;c__Bacteroidia;o__Bacteroidales;f__Prevotellaceae;g__Paraprevotella;s__Paraprevotella_xylaniphila	k__Bacteria;p__Firmicutes;c__Clostridia;o__Clostridiales;f__Ruminococcaceae;g__Ruminococcus;s__Ruminococcus_callidus	k__Bacteria;p__Bacteroidetes;c__Bacteroidia;o__Bacteroidales;f__Rikenellaceae;g__Alistipes;s__Alistipes_senegalensis	k__Bacteria;p__Firmicutes;c__Clostridia;o__Clostridiales;f__Lachnospiraceae;g__Blautia;s__Blautia_sp._KLE_1732	k__Bacteria;p__Bacteroidetes;c__Bacteroidia;o__Bacteroidales;f__Bacteroidaceae;g__Bacteroides;s__Bacteroides_oleiciplenus	k__Bacteria;p__Firmicutes;c__Clostridia;o__Clostridiales;f__Ruminococcaceae;g__Ruminococcus;s__Ruminococcus_bicirculans	k__Bacteria;p__Bacteroidetes;c__Bacteroidia;o__Bacteroidales;f__Bacteroidaceae;g__Bacteroides;s__Bacteroides_fluxus	k__Bacteria;p__Bacteroidetes;c__Bacteroidia;o__Bacteroidales;f__Prevotellaceae;g__Prevotella;s__Prevotella_stercorea	k__Bacteria;p__Firmicutes;c__Clostridia;o__Clostridiales;f__Lachnospiraceae;g__Dorea;s__Dorea_longicatena	k__Bacteria;p__Firmicutes;c__Clostridia;o__Clostridiales;f__Eubacteriaceae;g__Eubacterium;s__[Eubacterium]_eligens	k__Bacteria;p__Firmicutes;c__Clostridia;o__Clostridiales;f__Ruminococcaceae;g__;s__Ruminococcaceae_bacterium_D16	k__Bacteria;p__Firmicutes;c__Clostridia;o__Clostridiales;f__Lachnospiraceae;g__Coprococcus;s__Coprococcus_comes	k__Bacteria;p__Proteobacteria;c__Gammaproteobacteria;o__Enterobacterales;f__Enterobacteriaceae;g__Escherichia;s__Escherichia_coli	k__Bacteria;p__Firmicutes;c__Clostridia;o__Clostridiales;f__Ruminococcaceae;g__Anaerotruncus;s__Anaerotruncus_colihominis	k__Bacteria;p__Firmicutes;c__Clostridia;o__Clostridiales;f__Lachnospiraceae;g__Blautia;s__Blautia_obeum	k__Bacteria;p__Bacteroidetes;c__Bacteroidia;o__Bacteroidales;f__Odoribacteraceae;g__Odoribacter;s__Odoribacter_laneus	k__Bacteria;p__Firmicutes;c__Clostridia;o__Clostridiales;f__Ruminococcaceae;g__Ruminiclostridium;s__[Clostridium]_leptum	k__Bacteria;p__Bacteroidetes;c__Bacteroidia;o__Bacteroidales;f__Porphyromonadaceae;g__Parabacteroides;s__Parabacteroides_goldsteinii	k__Bacteria;p__Firmicutes;c__Clostridia;o__Clostridiales;f__Lachnospiraceae;g__Anaerostipes;s__Anaerostipes_hadrus	k__Bacteria;p__Firmicutes;c__Clostridia;o__Clostridiales;f__Ruminococcaceae;g__Ruminococcus;s__Ruminococcus_lactaris	k__Bacteria;p__Firmicutes;c__Clostridia;o__Clostridiales;f__Clostridiaceae;g__Clostridium;s__Clostridium_sp._L2-50	k__Bacteria;p__Firmicutes;c__Clostridia;o__Clostridiales;f__Clostridiaceae;g__Clostridium;s__Clostridium_sp._M62/1	k__Bacteria;p__Firmicutes;c__Clostridia;o__Clostridiales;f__;g__Intestinimonas;s__Intestinimonas_butyriciproducens	k__Bacteria;p__Actinobacteria;c__Actinobacteria;o__Bifidobacteriales;f__Bifidobacteriaceae;g__Bifidobacterium;s__Bifidobacterium_bifidum	k__Bacteria;p__Firmicutes;c__Negativicutes;o__Veillonellales;f__Veillonellaceae;g__Dialister;s__Dialister_invisus	k__Bacteria;p__Bacteroidetes;c__Bacteroidia;o__Bacteroidales;f__Bacteroidaceae;g__Bacteroides;s__Bacteroides_salanitronis
k__Bacteria;p__Bacteroidetes;c__Bacteroidia;o__Bacteroidales;f__Bacteroidaceae;g__Bacteroides;s__Bacteroides_vulgatus	1.0	0.0578916028606	-0.0281090393254	-0.0373460471409	0.0865112146984	0.0239621562518	0.01047650417	0.0385046453184	-0.0532058447577	0.00658261386928	-0.0250126948915	0.0273772226206	-0.021238213658	0.0509521614919	0.00548229381271	0.0529605976322	-0.0248713982988	-0.0357469523363	-0.0826078423087	-0.0004526500936	-0.0282268365598	-0.0496813406986	-0.0506437937598	-0.0225790037415	0.0380316529876	-0.00978875647531	0.0444057339221	-0.0717009415107	0.0615854230225	-0.071894351515	0.0129625634278	0.00571961851612	-0.0250221749972	-0.05157298663	0.0268181163305	-0.0575957903548	0.0609937073982	0.0417416612254	0.0162884933864	-0.0379795750579	0.000978561436295	0.00254236458025	-0.0291223630749	-0.019585788957	-0.0290019358383	-0.00586742265849	0.00513426194784	-0.064170138735	-0.0841315702582	-0.00672043921761	-0.0115164124822	-0.0663265010369	-0.00288957675188	-0.020510146723	0.0116121324762	0.00938468744012	0.0280518068297	-0.0197612734728	0.00316755789124
k__Bacteria;p__Bacteroidetes;c__Bacteroidia;o__Bacteroidales;f__Bacteroidaceae;g__Bacteroides;s__Bacteroides_uniformis	0.0578916028606	1.0	0.011593629904	-0.0408803866417	0.031941844508	0.0337671412871	0.0122163335571	0.0792576662943	-0.0332967784015	-0.0274300619771	0.00391201342071	-0.0531321028583	0.0350846195118	0.053588213918	-0.088186757747	0.0562482638754	0.00316386882209	-0.0120829821921	0.047636934246	-0.0241657276607	-0.0181676086084	0.0239384246244	-0.0263368791481	-0.00829051971086	-0.0246879399358	-0.018073211077	-0.0334455239207	0.0467032681081	-0.0574915381519	-0.0354279653672	-0.0306568713562	0.04115921348	0.0588899414361	-0.0550188559986	-0.0187341396146	0.0026050227304	-0.0106561520874	-0.0229728326303	0.00165056446818	-0.0253095628654	-0.0574731363826	-0.0429336920304	-0.0583498253361	0.00177055330924	0.0858984070897	-0.0584297645843	-0.0349125780015	0.00844293676284	-0.0315339628396	0.0502156568876	-0.0406401517429	0.000604448218253	-0.090204367523	-0.0883848635032	-0.0284587785075	-0.0809362668828	0.0127456196565	0.0175012130772	0.0117370338566
k__Bacteria;p__Bacteroidetes;c__Bacteroidia;o__Bacteroidales;f__Rikenellaceae;g__Alistipes;s__Alistipes_putredinis	-0.0281090393254	0.011593629904	1.0	-0.0796541259361	0.0230765765135	0.0410586891718	0.033658920371	-0.00895622845719	0.00105629596223	-0.0386819809831	-0.0542835403806	-0.00928282063648	-0.0262668988703	-0.0231419977874	0.0043789525637	-0.0429910845281	-0.0184304165071	-0.053455055703	-0.0854730057461	-0.0292782399518	0.0509664055143	-0.0067152496089	-0.00544204440585	0.0287795289779	-0.0443240278423	0.0159947833709	-0.0352077221475	-0.0156804447478	0.0264062938284	-0.0219430919124	0.0103869580373	0.0189314417545	0.0818666723917	0.0190764285344	0.0413420616318	0.00640744000558	-0.0354930967254	-0.0376622418189	0.00202391208487	0.0304833910296	0.00583436781307	0.0395168237555	-0.0149525354651	-0.0464185787035	-0.0245856693538	-0.0139379552939	0.00798833828276	0.00991247996009	-0.0317305393475	0.0369605247995	0.00541870432173	0.0232644297547	-0.0187945492428	0.000315371650408	-0.00989421079145	0.0164502305392	-0.0667988224805	-0.0133511276083	-0.0410680043192
k__Bacteria;p__Bacteroidetes;c__Bacteroidia;o__Bacteroidales;f__Prevotellaceae;g__Prevotella;s__Prevotella_copri	-0.0373460471409	-0.0408803866417	-0.0796541259361	1.0	-0.0581171627684	-0.0634383660982	-0.0323983357006	0.0264630661409	0.00994086331357	0.00854044040469	0.0152211396171	0.0436117805662	-0.0952281670925	0.0511654645348	-0.076445377472	0.011571777367	-0.0297128035673	-0.0143634519636	-0.00866342711139	-0.0323376853736	-0.0121074643935	-0.0386762797029	-0.0753086006528	-0.0499002259249	0.0532748435943	-0.0813353860606	0.01756586448	0.00929401864204	-0.00403846713969	0.00801951546897	-0.00338058657087	-0.00245269343264	-0.0539474332616	0.00263407311126	-0.0177247745532	0.0196147492396	0.0139012168716	0.0513591661972	0.0102079324706	0.0135669282187	0.0279990816296	0.0190476944604	0.0088687815325	-0.0222003244144	-0.0552876141124	0.0872661363077	-0.0665410939382	-0.0342249465601	-0.0515328703309	0.00664581845695	0.00749895677731	0.0722197902216	0.0156435194901	-0.0595767088671	-0.0451718744274	-0.037969365398	-0.0285534950091	0.0601060159816	0.0292926611822
k__Bacteria;p__Bacteroidetes;c__Bacteroidia;o__Bacteroidales;f__Bacteroidaceae;g__Bacteroides;s__Bacteroides_stercoris	0.0865112146984	0.031941844508	0.0230765765135	-0.0581171627684	1.0	0.033384612179	-0.0265589631289	-0.0254096120831	-0.0409657068296	-0.0295378190605	-0.048861061017	-0.0400437297503	-0.055432418032	0.0170259352489	0.011026717538	-0.0460063664226	-0.0306085384631	-0.0244976594851	0.0415863478461	0.00717693910567	0.00464846902041	-0.0110063804941	-0.019525995419	-0.00853084465272	0.0247693960449	-0.0498623323519	-0.00990165101131	0.0218952960981	-0.0288533670717	-0.0266475085234	0.0880805003563	0.0750231795277	-0.0039223798733	0.00909807415971	-0.0372372550044	-0.0593623305473	-0.0159025344748	0.0378072609205	0.0900000114028	0.0160540120935	-0.0233239476193	-0.00386188450646	-0.0624187536767	-0.0244773717521	-0.0632106880713	-1.82439663374e-05	0.0135584827309	-0.062605857214	0.0660459247748	0.0909315364658	-0.0428189228887	-0.0242296940963	-0.000548083214561	-0.0633092929222	0.0164093556212	0.0109968559085	0.00239024293934	0.0672157699463	-0.0285207781662
k__Bacteria;p__Bacteroidetes;c__Bacteroidia;o__Bacteroidales;f__Bacteroidaceae;g__Bacteroides;s__Bacteroides_ovatus	0.0239621562518	0.0337671412871	0.0410586891718	-0.0634383660982	0.033384612179	1.0	0.0310385532416	-0.111943619444	-0.0188360125328	0.00661068982585	-0.0338098355032	-0.0577337702923	-0.0934874263103	0.0133566404843	-0.0483871674226	0.0865348482476	-0.00472581028671	0.0227764160041	-0.06578353498	0.0110898676273	0.036173821622	-0.00153489658492	-0.0390566731904	-0.028488364148	-0.0183398091442	-0.0534121418884	0.0578106285803	0.0314155117313	-0.0195297097297	-0.070788310538	-0.0305145832414	0.046523666039	-0.011824765191	-0.0163505114315	0.0268998932624	0.0373181785686	-0.0265170104591	-0.0488801083354	-0.0828291015535	-0.0290074305204	0.00704223563687	0.0243789213538	0.0314309737358	-0.0976311132505	-0.0296419708622	-0.0105603656477	0.0530530225896	-0.0238064426621	-0.02385123162	-0.0406749104437	0.00550651196962	-0.0619739502676	0.0336428707754	0.0376913918879	-0.0190415331355	-0.00460495758207	-0.0412110973841	-0.00655586798692	-0.0567584722264
k__Bacteria;p__Bacteroidetes;c__Bacteroidia;o__Bacteroidales;f__Rikenellaceae;g__Alistipes;s__Alistipes_shahii	0.01047650417	0.0122163335571	0.033658920371	-0.0323983357006	-0.0265589631289	0.0310385532416	1.0	-0.0695460197322	0.0150715612185	-0.0266614728317	-0.0443049340121	-0.0614313249225	0.0373209578451	0.018110343408	-0.0384398541426	0.0354533663725	-0.0127965280291	-0.0417364158748	0.0414311735621	0.0269646053222	-0.0037539717577	0.0200954648325	-0.0130848309499	-0.0255822610641	0.00667710066672	0.0429743959589	-0.0518944190085	-0.0203553212227	0.0885085994067	-0.00896731447943	0.00101632827936	-0.0619786916667	-0.0459867093479	0.00858491755321	0.0198413172295	-0.03022886616	-0.101443040223	-0.0416658270185	-0.0170102312376	-0.0505528015559	0.0276700389129	-0.0646423025519	-0.0535499033617	0.0171155047729	0.0529070100895	0.0360247947468	0.0389320956454	-0.0279844436715	0.0479004992042	-0.0579392810197	-0.0516424986178	-0.0143849015634	-0.0204847275375	0.0459892095657	-0.0244125891936	-0.0299743830156	-0.0465712993877	0.000744575394059	-0.0491716720864
k__Bacteria;p__Firmicutes;c__Clostridia;o__Clostridiales;f__Ruminococcaceae;g__Faecalibacterium;s__Faecalibacterium_prausnitzii	0.0385046453184	0.0792576662943	-0.00895622845719	0.0264630661409	-0.0254096120831	-0.111943619444	-0.0695460197322	1.0	0.0265744861464	0.0220255462279	-0.0440031756011	0.0020402401924	-0.0294738270439	-0.0249713253728	0.0741504004841	0.0651419021782	-0.0115204208842	0.00804935800192	0.00870013610829	-0.0210837318746	-0.0113863987789	-0.0234979779079	0.0299855221071	-0.00297582857615	-0.0450112650432	-0.023407603535	-0.012865295907	0.0308994649315	-0.0651695056976	-0.00632098914607	0.0456174869491	-0.0496822252201	-0.0628668789473	-0.0206430213084	0.0174642698253	-0.00466448007783	0.0162539709086	-0.0526092743036	-0.0780189209104	0.00852949543838	-0.0123443358613	0.0339793849706	-0.0385714336501	0.0313683221496	0.0406382320285	-0.0145926456835	-0.0175729206619	-0.000233075738736	-0.041309654304	0.000129711980263	-0.0694492294619	-0.0791156736167	-0.0586862000955	-0.0341441135154	0.0322153299256	0.0668021044545	-0.0362152069765	0.00675010015633	0.0394471633348
k__Bacteria;p__Bacteroidetes;c__Bacteroidia;o__Bacteroidales;f__Rikenellaceae;g__Alistipes;s__Alistipes_finegoldii	-0.0532058447577	-0.0332967784015	0.00105629596223	0.00994086331357	-0.0409657068296	-0.0188360125328	0.0150715612185	0.0265744861464	1.0	-0.0398670315647	-0.0241554647678	0.0379668624894	-0.0896854432166	-0.0252959213287	0.0113243499429	0.0396564470599	-0.00269990750232	-0.0376867525075	-0.0196751992758	0.0453075936122	0.0263004581977	-0.000659333569494	-0.0297846303398	0.00859550601683	-0.0972812579245	0.00808859308484	-0.101762348239	-0.0209024608665	-1.76942555931e-05	0.0136012194858	0.0200251517527	-0.0252973493017	-0.0354763118226	-0.0441596926425	0.0175737704087	-0.0244252587488	0.0128433545782	-0.0033781429057	0.0286954485515	-0.0454702592381	-0.0331060457019	0.0184264648724	-0.0365659274118	0.0388952443955	-0.0121166794914	-0.0374744343822	0.00023350876696	0.0195438314344	-0.0401857441029	0.00627122990487	-0.0192000864865	0.0592007182765	0.0479157308893	-0.015678099749	-0.0416896100659	-0.0345143549405	0.0732414264029	0.0389082328279	-0.00739732858309
k__Bacteria;p__Bacteroidetes;c__Bacteroidia;o__Bacteroidales;f__Porphyromonadaceae;g__Parabacteroides;s__Parabacteroides_distasonis	0.00658261386928	-0.0274300619771	-0.0386819809831	0.00854044040469	-0.0295378190605	0.00661068982585	-0.0266614728317	0.0220255462279	-0.0398670315647	1.0	-0.0665946406861	-0.0680821177099	0.0103266045447	0.00701537278975	0.00620197067573	-0.0191612747518	0.0656711599762	-0.0157011710444	-0.0305801319044	-0.0235852784905	-0.0399976338353	0.00620253588212	0.0263249742457	0.0413147613054	-0.0999994961557	-0.0216711071221	-0.0285115540568	0.0423281521434	-0.0233117471329	-0.0225829247657	-0.0175023980193	0.0448553628271	-0.0577702877265	-0.0129183440118	-0.0129843248143	-0.0219926953992	0.0645158546367	-0.0190566120839	-0.0139218139051	-0.0627314847657	-0.031283430992	0.00236427003261	-0.00141331312243	-0.00277896702256	0.00319876451436	0.0137524384594	0.0128237093618	-0.030508539772	-0.0281082881831	0.00306463828644	-0.051367964208	-0.0376915908291	0.0641967352111	0.0326019528952	-0.0277874358045	0.00190733274686	0.0131536702207	0.0130255213293	-0.00419321059236
k__Bacteria;p__Bacteroidetes;c__Bacteroidia;o__Bacteroidales;f__Bacteroidaceae;g__Bacteroides;s__Bacteroides_thetaiotaomicron	-0.0250126948915	0.00391201342071	-0.0542835403806	0.0152211396171	-0.048861061017	-0.0338098355032	-0.0443049340121	-0.0440031756011	-0.0241554647678	-0.0665946406861	1.0	-0.0143182847928	-0.00860124499541	-0.0421578778752	-0.0816592003397	-0.0064743299652	0.00616158715892	0.0355414452312	-0.0227459318043	0.0231290978326	-0.0347831995578	0.051366983546	0.0303147483809	-0.021034722807	-0.0053351491727	0.0121533779258	0.0222201535323	-0.00811941375844	-0.00386868392582	-0.0343967268469	-0.0257003393646	0.0244372211126	0.0529754864084	0.0472250298377	0.0725359456313	-0.0239362467466	-0.110968620486	-0.00909187134604	-0.0637330761943	0.0346295948341	-0.0475540109124	0.0549480238131	0.0543477876379	0.0199903263938	0.0246416612394	0.0493403134498	-0.018094936145	-0.0406186125988	0.0310896381103	0.0244230194665	-0.054852212215	-0.0130069563272	-0.0218601207432	-0.00537913435876	-0.0442627369162	0.0756928590516	0.125526608102	0.0224522731104	-0.0137930615606
k__Bacteria;p__Bacteroidetes;c__Bacteroidia;o__Bacteroidales;f__Bacteroidaceae;g__Bacteroides;s__Bacteroides_coprocola	0.0273772226206	-0.0531321028583	-0.00928282063648	0.0436117805662	-0.0400437297503	-0.0577337702923	-0.0614313249225	0.0020402401924	0.0379668624894	-0.0680821177099	-0.0143182847928	1.0	0.0737620099618	-0.0353150818959	-0.0452861828528	-0.0627924348009	0.0199047180473	0.0314262400256	0.0250550867676	-0.00951314490519	0.0494341638599	-0.0447761227187	-0.0323255263383	0.0536454056337	-0.0350734400947	-0.0234020393275	0.00499254355002	0.00289937777177	-0.0247921987969	0.0442273259707	-0.0242368289551	-0.0304880307522	-0.0284919864261	-0.0254755681041	0.00827880607338	-0.0743709474106	0.0549305823922	0.122112659354	-0.0580291527346	-0.0298669532774	-0.0385655754496	-0.00052530997643	-0.00574135410806	0.0392178276869	-0.00873889497189	-0.0174299734363	0.0585878541936	0.0141622810617	0.00147636900543	-0.0380124638095	-0.00909325715806	0.0505064322061	0.00553507939744	-0.0595576247802	-0.016558025069	-0.000452439848538	-0.00905373447485	-0.0354113712703	-0.0432642557186
k__Bacteria;p__Bacteroidetes;c__Bacteroidia;o__Bacteroidales;f__Bacteroidaceae;g__Bacteroides;s__Bacteroides_cellulosilyticus	-0.021238213658	0.0350846195118	-0.0262668988703	-0.0952281670925	-0.055432418032	-0.0934874263103	0.0373209578451	-0.0294738270439	-0.0896854432166	0.0103266045447	-0.00860124499541	0.0737620099618	1.0	-0.0374213837383	0.0214640996308	-0.00682379643326	-0.0462250253601	-0.0172069133249	0.00116908437036	-0.00842352181179	0.0112737905391	-0.00949902112461	-0.0295393703013	-0.000166328595098	-0.0201407622264	-0.00341120497394	0.0209008031432	-0.0724035047517	0.0126142705083	-0.00186895786596	-0.0330140414743	-0.051488663238	0.0747897093231	-0.0285093295758	-0.0127553736055	0.0283529194858	0.0171984112075	0.0684965977355	-0.0791644885831	0.0069535138099	0.0358602650075	-0.0866347802441	0.0154779954242	0.0476275777645	0.0148963541624	0.0131371690713	-0.0317266563391	0.0194814930631	0.0233388380764	-0.0607781108475	0.00700323992918	-0.0365840395336	-0.0825526714419	0.0118510108491	0.0141025235683	-0.0374395165226	-0.0445655308564	-0.000420186728081	-0.0337940104809
k__Bacteria;p__Bacteroidetes;c__Bacteroidia;o__Bacteroidales;f__Rikenellaceae;g__Alistipes;s__Alistipes_obesi	0.0509521614919	0.053588213918	-0.0231419977874	0.0511654645348	0.0170259352489	0.0133566404843	0.018110343408	-0.0249713253728	-0.0252959213287	0.00701537278975	-0.0421578778752	-0.0353150818959	-0.0374213837383	1.0	0.0161944388164	0.0157536954902	-0.0369261200134	-0.0346147638495	-0.0226840154549	-0.0336887037255	-0.0339211019424	-0.0105708116975	-0.0443258230367	-0.0155705861515	-0.0349210674529	-0.0376681781609	-0.0479593675146	0.00362463736206	0.055001724343	0.0554324470186	0.038506706691	0.0464931463885	-0.018691615807	-0.0868895294079	0.0433494820966	0.0272492128987	0.0355090644474	-0.00761784837857	0.0431509612852	0.0192408669842	-0.0419592521119	0.0123376262888	-0.0126823762817	0.0367475070189	-0.0305411832402	-0.0159829053872	0.00760555853631	-0.0544109740603	0.0197281500174	-0.0302168926048	-0.0437177659047	0.0618889572654	-0.0435348595022	-0.0203200884979	0.0276902190425	0.00259565744328	-0.088116542863	0.0254876299074	-0.0452540722847
k__Bacteria;p__Firmicutes;c__Clostridia;o__Clostridiales;f__Lachnospiraceae;g__;s__[Eubacterium]_rectale	0.00548229381271	-0.088186757747	0.0043789525637	-0.076445377472	0.011026717538	-0.0483871674226	-0.0384398541426	0.0741504004841	0.0113243499429	0.00620197067573	-0.0816592003397	-0.0452861828528	0.0214640996308	0.0161944388164	1.0	0.0200673571046	-0.0264006254501	0.0154892111323	0.00189138334293	-0.0334163139647	0.0183284745495	-0.083787189736	0.0254730933077	-0.0996621092476	-0.0141978192332	0.00442651483033	-0.0150735688473	0.032721893266	0.0394573538552	-0.0315508433256	-0.0728469871929	0.0307786155852	0.00481886419738	-0.0652691290443	-0.0123973515255	0.0130107646974	-0.0647973514846	-0.0643496227272	-0.0277478521535	0.0262699397968	0.00914373762663	-0.0289545743311	-0.0604868206587	-0.00188918894949	0.0214918058224	-0.024320651623	-0.0426276678551	0.0132946839874	-0.0586108791551	-0.0609774601895	0.032146985012	-0.0138448151789	0.0368042671469	-0.00801889697626	-0.0375091277601	0.0747813940072	-0.00455256085538	-0.0266956724754	-0.013373220237
k__Bacteria;p__Bacteroidetes;c__Bacteroidia;o__Bacteroidales;f__Bacteroidaceae;g__Bacteroides;s__Bacteroides_plebeius	0.0529605976322	0.0562482638754	-0.0429910845281	0.011571777367	-0.0460063664226	0.0865348482476	0.0354533663725	0.0651419021782	0.0396564470599	-0.0191612747518	-0.0064743299652	-0.0627924348009	-0.00682379643326	0.0157536954902	0.0200673571046	1.0	0.00409271359945	0.00874942054146	0.00965537934448	0.052931836338	-0.0151357216616	-0.0101163562756	0.000601585837449	-0.0867215982336	0.0250872524947	-0.0698620652517	-0.0170904573705	-0.040687419583	-0.0296181788008	-0.0130647499724	0.0594908425636	0.0241986832398	0.0283334843436	-0.0259555123852	0.00268518418889	0.0242863933083	-0.0112993950694	-0.0922406694234	0.00288146594542	-0.039418163386	-0.00789038616279	-0.000463722546358	0.0334378376723	0.035868548376	-0.0259567377277	0.00314638997236	-0.0055203592024	0.0232933687081	0.0198861421992	-0.0510025746285	-0.00324295644689	-0.0119819141776	-0.00548255175413	-0.0238123914473	-0.0479278716202	-0.0579748759996	-0.0277572136448	-0.0288757285257	-0.0360968184495
k__Bacteria;p__Bacteroidetes;c__Bacteroidia;o__Bacteroidales;f__Bacteroidaceae;g__Bacteroides;s__Bacteroides_fragilis	-0.0248713982988	0.00316386882209	-0.0184304165071	-0.0297128035673	-0.0306085384631	-0.00472581028671	-0.0127965280291	-0.0115204208842	-0.00269990750232	0.0656711599762	0.00616158715892	0.0199047180473	-0.0462250253601	-0.0369261200134	-0.0264006254501	0.00409271359945	1.0	0.0124885488254	0.0168926621359	0.0261055924635	-0.00534879785956	-0.0670584807271	0.0278951001565	-0.0105347909911	-0.00310540613432	-0.0140728060439	0.0226661921442	0.0324740814682	-0.0428413896776	0.0112731764941	0.0176506060659	0.011166329136	0.0231491293594	-0.0800536997318	-0.00666686411883	-0.0613837628152	-0.0516951717745	0.0509981350985	-0.0403475366404	-0.07433722056	0.00611591552416	0.00959719942063	-0.00848582957725	0.0716892202276	0.00497764659707	-0.061946108873	-0.0828252401972	0.00873640622128	0.0423825942648	-0.0189899023594	-0.0415119890586	-0.0161363208005	-0.0651070451062	-0.00264266640475	0.0157442186943	-0.0276890637308	0.0062283663568	-0.101475149971	-0.0270473717875
k__Bacteria;p__Proteobacteria;c__Betaproteobacteria;o__Burkholderiales;f__Sutterellaceae;g__Sutterella;s__Sutterella_wadsworthensis	-0.0357469523363	-0.0120829821921	-0.053455055703	-0.0143634519636	-0.0244976594851	0.0227764160041	-0.0417364158748	0.00804935800192	-0.0376867525075	-0.0157011710444	0.0355414452312	0.0314262400256	-0.0172069133249	-0.0346147638495	0.0154892111323	0.00874942054146	0.0124885488254	1.0	0.0235818656439	-0.0244272437694	-0.0121695028028	-0.00436738538203	0.0296557767205	-0.00750530554303	-0.0294083857394	-0.0461047481298	-0.0255764601564	0.0197836741518	-0.0493533039145	0.0157674898232	-0.0279677626556	-0.0256896368996	-0.119601068547	-0.00587818777496	-0.024629637938	-0.0819319068158	0.0546387822906	0.0190275638873	-0.0231723874616	-0.0181003043628	0.0663726250955	0.0412268725214	-0.0119555633062	-0.0179651881896	0.0391420491466	-0.0364436987358	0.0203449781757	-0.0710746397698	-0.00769308968169	-0.0224545322762	0.039979981667	0.0108981794428	-0.00752335151864	0.0117333444402	-0.0403880530048	0.00963975977273	-0.035469825824	-0.0205637203239	0.0445258368052
k__Bacteria;p__Bacteroidetes;c__Bacteroidia;o__Bacteroidales;f__Porphyromonadaceae;g__Barnesiella;s__Barnesiella_intestinihominis	-0.0826078423087	0.047636934246	-0.0854730057461	-0.00866342711139	0.0415863478461	-0.06578353498	0.0414311735621	0.00870013610829	-0.0196751992758	-0.0305801319044	-0.0227459318043	0.0250550867676	0.00116908437036	-0.0226840154549	0.00189138334293	0.00965537934448	0.0168926621359	0.0235818656439	1.0	0.0692921222783	-0.0134631548703	0.113622347023	-0.0789715056826	0.00961652655875	-0.00439383582231	-0.0250768585429	-0.008138258346	-0.0311507582487	-0.141061892869	-0.0086655184766	0.0304632060873	-0.0502531568063	-7.08064586928e-05	-0.0359615276475	-0.0489377836191	-0.0295337935197	-0.0633931613991	0.0312868900005	-0.0329861868392	0.0693923365092	-0.00409929263011	-0.0600908016052	-0.00338239390004	-0.00125869757737	-0.0581579456556	-0.0417449016422	0.0152102974542	-0.0328649701126	-0.0342158151956	0.0104603275148	-0.0111722918734	0.0244038886908	0.00715101733238	-0.0330003691061	0.0179643628306	0.000491574596299	0.010591896807	-0.0271518493996	0.00583348106566
k__Bacteria;p__Bacteroidetes;c__Bacteroidia;o__Bacteroidales;f__Odoribacteraceae;g__Odoribacter;s__Odoribacter_splanchnicus	-0.0004526500936	-0.0241657276607	-0.0292782399518	-0.0323376853736	0.00717693910567	0.0110898676273	0.0269646053222	-0.0210837318746	0.0453075936122	-0.0235852784905	0.0231290978326	-0.00951314490519	-0.00842352181179	-0.0336887037255	-0.0334163139647	0.052931836338	0.0261055924635	-0.0244272437694	0.0692921222783	1.0	0.0117482393374	-0.0564293041633	-0.00526392396311	0.0315659549196	-0.00262125689673	-0.0115835948193	-0.0584923235091	-0.0516241692148	-0.024436561466	-0.0532741263021	-0.0266801885034	-0.045672230952	-0.00657569569838	-0.0084629520395	-0.0279968306235	-0.00616482276028	-0.0902446867195	0.0269161047731	-0.0313409825632	-0.00138915869573	0.0313262720099	-0.0449617702207	-0.0698893030409	0.0164233719863	-0.0376301736632	0.00271956679535	-0.0631207941292	-0.052870723305	0.0326837470594	0.0162669281171	0.0273329681137	0.00337508342519	-0.0445967900898	-0.00437464793902	0.00194624032977	-0.0496785045804	-0.0502432493643	0.00425626609122	-0.0518371103992
k__Bacteria;p__Bacteroidetes;c__Bacteroidia;o__Bacteroidales;f__Bacteroidaceae;g__Bacteroides;s__Bacteroides_salyersiae	-0.0282268365598	-0.0181676086084	0.0509664055143	-0.0121074643935	0.00464846902041	0.036173821622	-0.0037539717577	-0.0113863987789	0.0263004581977	-0.0399976338353	-0.0347831995578	0.0494341638599	0.0112737905391	-0.0339211019424	0.0183284745495	-0.0151357216616	-0.00534879785956	-0.0121695028028	-0.0134631548703	0.0117482393374	1.0	-0.0537740758198	0.067562825774	0.0654994365837	0.0450863458041	0.0309135464132	0.0324999660387	-0.0239896230662	0.0158920343337	-0.0533192692416	0.0459144873801	-0.0780810582405	-0.00910942022148	-0.0766077857934	0.0609732829824	-0.0245659113931	-0.0141979723867	0.036291699416	-0.0587627457938	-0.108019082558	0.0117895416874	-0.0121387064307	-0.0438617697167	-0.0172687848694	-0.0578543043719	0.0245202426546	0.0373207538634	-0.039440324611	-0.000437619890552	-0.0366455689935	-0.000396318156031	0.0167138518785	0.0145362594912	-0.0486883048563	-0.0448317565117	-0.0412883506661	0.0305926461118	0.0439583172674	-0.0909612839427
k__Bacteria;p__Firmicutes;c__Clostridia;o__Clostridiales;f__Ruminococcaceae;g__Ruminiclostridium;s__[Eubacterium]_siraeum	-0.0496813406986	0.0239384246244	-0.0067152496089	-0.0386762797029	-0.0110063804941	-0.00153489658492	0.0200954648325	-0.0234979779079	-0.000659333569494	0.00620253588212	0.051366983546	-0.0447761227187	-0.00949902112461	-0.0105708116975	-0.083787189736	-0.0101163562756	-0.0670584807271	-0.00436738538203	0.113622347023	-0.0564293041633	-0.0537740758198	1.0	-0.0443420087612	-0.0840308419618	0.00923432778698	-0.0375593363535	-0.0462967585317	0.0356461761009	-0.0671515031604	0.0136806567334	-0.0595796044039	-0.0121831086718	-0.0169344436744	0.0683327553551	-0.0514063278901	0.0350190977795	0.0304155245094	-0.0190359378269	0.0258015849189	0.0122142770144	0.0437121885962	0.0560405656461	0.030815550626	-0.0332745490862	-0.0384991101171	-0.0224788590864	0.0708597648783	-0.0473368137034	-0.000263500010226	-0.033749789103	0.0256843281099	0.0141112154592	-0.00690773950849	-0.0564588926153	0.0378998419095	-0.0659122279433	-0.0147665284629	-0.0659345912559	0.0194545658108
k__Bacteria;p__Proteobacteria;c__Betaproteobacteria;o__Burkholderiales;f__Sutterellaceae;g__Parasutterella;s__Parasutterella_excrementihominis	-0.0506437937598	-0.0263368791481	-0.00544204440585	-0.0753086006528	-0.019525995419	-0.0390566731904	-0.0130848309499	0.0299855221071	-0.0297846303398	0.0263249742457	0.0303147483809	-0.0323255263383	-0.0295393703013	-0.0443258230367	0.0254730933077	0.000601585837449	0.0278951001565	0.0296557767205	-0.0789715056826	-0.00526392396311	0.067562825774	-0.0443420087612	1.0	-0.0201325097932	-0.0112744652526	-0.00463566225926	0.0159523297148	-0.0581307637664	-0.0449202060618	-0.0836956505685	-0.056607693521	-0.0469545249148	-0.00854583882052	0.0366875534941	-0.0393604939827	0.0453000424831	-0.0330569323205	0.053354735502	0.0308914236977	0.046782555837	-0.00673732658263	-0.0715177563435	0.0021870543237	-0.0319537579242	-0.0313476436003	0.016364132949	0.0551344439722	-0.0290214312871	-0.0379224165616	-0.0260493842004	-0.00106836096316	0.010493388462	0.0348067483029	0.00901367378832	0.0165492486855	0.00429160083197	0.00520818851297	0.0492888786449	0.027478437979
k__Bacteria;p__Actinobacteria;c__Actinobacteria;o__Bifidobacteriales;f__Bifidobacteriaceae;g__Bifidobacterium;s__Bifidobacterium_adolescentis	-0.0225790037415	-0.00829051971086	0.0287795289779	-0.0499002259249	-0.00853084465272	-0.028488364148	-0.0255822610641	-0.00297582857615	0.00859550601683	0.0413147613054	-0.021034722807	0.0536454056337	-0.000166328595098	-0.0155705861515	-0.0996621092476	-0.0867215982336	-0.0105347909911	-0.00750530554303	0.00961652655875	0.0315659549196	0.0654994365837	-0.0840308419618	-0.0201325097932	1.0	0.0439999638823	0.0128219676779	-0.0727711738564	-0.0276421703433	0.0747868614449	0.0753464272963	-0.046765667614	-0.00341369444039	0.00832919272285	-0.0504499792579	-0.0203038068623	-0.00634061457266	0.0352484168802	-0.0557037526256	-0.0637536654408	-0.0203788314581	-0.0514207240098	-0.0974258045246	0.00542161273986	0.0185134064632	0.0222881334527	0.0469557988762	-0.013807886876	-0.0128095349355	-0.0274596040746	-0.0103467705265	-0.0177715959979	0.0546262362205	-0.0352416390894	-0.0184593852701	-0.0197001683811	0.0348279914202	0.0263840393287	0.0109359083761	-0.050673323418
k__Bacteria;p__Firmicutes;c__Clostridia;o__Clostridiales;f__Oscillospiraceae;g__Oscillibacter;s__Oscillibacter_sp._KLE_1745	0.0380316529876	-0.0246879399358	-0.0443240278423	0.0532748435943	0.0247693960449	-0.0183398091442	0.00667710066672	-0.0450112650432	-0.0972812579245	-0.0999994961557	-0.0053351491727	-0.0350734400947	-0.0201407622264	-0.0349210674529	-0.0141978192332	0.0250872524947	-0.00310540613432	-0.0294083857394	-0.00439383582231	-0.00262125689673	0.0450863458041	0.00923432778698	-0.0112744652526	0.0439999638823	1.0	0.00838084299011	0.0758979678093	0.0123851477265	-0.0534269249308	0.0504856722832	-0.0777101499966	0.0114884402017	-0.0170443525055	0.0317646473713	-0.0494346977907	-0.0702934706056	-0.045206740318	0.0206504301311	0.0355712038863	-0.0106205398381	-0.0167965385758	0.000627607203468	-0.00712808607033	-0.0636224077298	0.0271880652619	-0.0830291871795	-0.042767567963	0.0241969254518	-0.0527392177026	-0.0340472917325	-0.00236675864119	0.0263644258749	-0.0101975027649	-0.0483933521765	0.000535460214892	0.0240325728854	-0.0216546316608	-0.0720635474488	-0.0371437772362
k__Bacteria;p__Bacteroidetes;c__Bacteroidia;o__Bacteroidales;f__Bacteroidaceae;g__Bacteroides;s__Bacteroides_coprophilus	-0.00978875647531	-0.018073211077	0.0159947833709	-0.0813353860606	-0.0498623323519	-0.0534121418884	0.0429743959589	-0.023407603535	0.00808859308484	-0.0216711071221	0.0121533779258	-0.0234020393275	-0.00341120497394	-0.0376681781609	0.00442651483033	-0.0698620652517	-0.0140728060439	-0.0461047481298	-0.0250768585429	-0.0115835948193	0.0309135464132	-0.0375593363535	-0.00463566225926	0.0128219676779	0.00838084299011	1.0	-0.0108016821306	-0.00217864839371	-0.0156455944434	0.00876364362525	-0.00739137383101	0.0598339122887	0.052937869316	0.0103232821817	-0.0116409898585	-0.030875562925	-0.0595997032484	0.0186367593817	0.0279830365011	0.0449859354647	0.012196458157	-0.0527071371304	-0.0105060229855	0.0727189836387	-0.0475564477207	-0.0219875269923	-0.0527553202963	-0.00812644036266	-0.0181171530349	-0.00624587240031	-0.0154417461064	0.00757349390927	0.00166648075819	-0.0327886052901	0.0212244477935	-0.0175026190536	0.0218933976485	-0.00418068982074	-0.0476043041568
k__Bacteria;p__Firmicutes;c__Clostridia;o__Clostridiales;f__Lachnospiraceae;g__Roseburia;s__Roseburia_intestinalis	0.0444057339221	-0.0334455239207	-0.0352077221475	0.01756586448	-0.00990165101131	0.0578106285803	-0.0518944190085	-0.012865295907	-0.101762348239	-0.0285115540568	0.0222201535323	0.00499254355002	0.0209008031432	-0.0479593675146	-0.0150735688473	-0.0170904573705	0.0226661921442	-0.0255764601564	-0.008138258346	-0.0584923235091	0.0324999660387	-0.0462967585317	0.0159523297148	-0.0727711738564	0.0758979678093	-0.0108016821306	1.0	-0.0265454639931	0.0366706021815	-0.019844803984	-0.0125087803445	0.0191772436352	-0.0109165492553	-0.00345869110005	-0.0393170564124	-0.0207883846373	0.00771149044945	-0.00156612320316	0.0439119541773	-0.0407571021923	0.0129980815953	-0.0428889384954	-0.00187946485275	-0.0812752754757	-0.00328526015817	-0.00580633842122	-0.100697108644	-0.0406383090534	-0.0540402362019	0.0113657221679	-0.0103349003795	0.031104805893	0.0164144350031	-0.0383055541196	0.0419586040147	-0.052444951985	-0.00660889646201	0.0498771946633	0.0213937251986
k__Bacteria;p__Firmicutes;c__Clostridia;o__Clostridiales;f__Lachnospiraceae;g__Roseburia;s__Roseburia_hominis	-0.0717009415107	0.0467032681081	-0.0156804447478	0.00929401864204	0.0218952960981	0.0314155117313	-0.0203553212227	0.0308994649315	-0.0209024608665	0.0423281521434	-0.00811941375844	0.00289937777177	-0.0724035047517	0.00362463736206	0.032721893266	-0.040687419583	0.0324740814682	0.0197836741518	-0.0311507582487	-0.0516241692148	-0.0239896230662	0.0356461761009	-0.0581307637664	-0.0276421703433	0.0123851477265	-0.00217864839371	-0.0265454639931	1.0	-0.0430737240088	0.0553535414543	-0.0517324327418	0.0720350331754	0.0279449205748	-0.0350652482276	0.00779834643266	0.0266729396845	-0.0315908070842	-0.021143024639	0.00766213146139	0.065211104008	-0.028980312225	0.016765845656	-0.00776033952241	0.00271833413097	0.0182367620592	0.0153157742738	-0.001403559899	-0.0523919811834	0.00189677728082	-0.0286175160562	-0.00265583704874	0.012864385272	-0.0439721190816	0.00218085529414	-0.0365107653316	-0.0201249615136	0.0322613606664	-0.0278576522108	0.0430381887298
k__Bacteria;p__Bacteroidetes;c__Bacteroidia;o__Bacteroidales;f__Porphyromonadaceae;g__Parabacteroides;s__Parabacteroides_johnsonii	0.0615854230225	-0.0574915381519	0.0264062938284	-0.00403846713969	-0.0288533670717	-0.0195297097297	0.0885085994067	-0.0651695056976	-1.76942555933e-05	-0.0233117471329	-0.00386868392582	-0.0247921987969	0.0126142705083	0.055001724343	0.0394573538552	-0.0296181788008	-0.0428413896776	-0.0493533039145	-0.141061892869	-0.024436561466	0.0158920343337	-0.0671515031604	-0.0449202060618	0.0747868614449	-0.0534269249308	-0.0156455944434	0.0366706021815	-0.0430737240088	1.0	0.0264472491037	-0.0825932016557	-0.0248929841914	-0.0179712885484	-0.0289716407692	0.0711318435505	0.0321665808428	-0.0224068663483	-0.0610428762349	-0.0435818740121	-0.0425917787357	-0.0113859874806	-0.0158387341907	0.00703387622076	-0.0833125277684	-0.0595608566792	0.0517364505646	-0.0189251833563	0.082100422937	0.0234027206144	-0.0238645828183	0.0121404348969	-0.0255437957109	-0.0479373591776	0.0278891245531	0.055560076889	-0.0194191234282	-0.0618162504261	-0.0613625118591	-0.0717261362318
k__Bacteria;p__Actinobacteria;c__Actinobacteria;o__Bifidobacteriales;f__Bifidobacteriaceae;g__Bifidobacterium;s__Bifidobacterium_longum	-0.071894351515	-0.0354279653672	-0.0219430919124	0.00801951546897	-0.0266475085234	-0.070788310538	-0.00896731447943	-0.00632098914607	0.0136012194858	-0.0225829247657	-0.0343967268469	0.0442273259707	-0.00186895786596	0.0554324470186	-0.0315508433256	-0.0130647499724	0.0112731764941	0.0157674898232	-0.0086655184766	-0.0532741263021	-0.0533192692416	0.0136806567334	-0.0836956505685	0.0753464272963	0.0504856722832	0.00876364362525	-0.019844803984	0.0553535414543	0.0264472491037	1.0	-0.0274739616436	0.0176400110245	-0.00768932867356	0.0212770172879	-0.0553623163032	-0.00551423663397	0.0371300195265	-0.0426383395873	-0.0644920622832	-0.0414318223439	0.0575131902022	-0.0147870369352	-0.0215025473081	0.0253870233398	-0.0215993100384	0.00137420660225	-0.00797089185618	-0.0326085832725	0.00640263044636	-0.0324784724523	-0.0553481907664	0.0216291000077	-0.0596188239883	0.0343638820141	-0.0224715333474	-0.0427926770629	-0.0479684790939	-0.00672311173827	-0.000106335626624
