#taxonomy	k__Bacteria;p__Bacteroidetes;c__Bacteroidia;o__Bacteroidales;f__Bacteroidaceae;g__Bacteroides;s__Bacteroides_vulgatus	k__Bacteria;p__Bacteroidetes;c__Bacteroidia;o__Bacteroidales;f__Bacteroidaceae;g__Bacteroides;s__Bacteroides_uniformis	k__Bacteria;p__Bacteroidetes;c__Bacteroidia;o__Bacteroidales;f__Rikenellaceae;g__Alistipes;s__Alistipes_putredinis	k__Bacteria;p__Bacteroidetes;c__Bacteroidia;o__Bacteroidales;f__Prevotellaceae;g__Prevotella;s__Prevotella_copri	k__Bacteria;p__Bacteroidetes;c__Bacteroidia;o__Bacteroidales;f__Bacteroidaceae;g__Bacteroides;s__Bacteroides_stercoris	k__Bacteria;p__Bacteroidetes;c__Bacteroidia;o__Bacteroidales;f__Bacteroidaceae;g__Bacteroides;s__Bacteroides_ovatus	k__Bacteria;p__Bacteroidetes;c__Bacteroidia;o__Bacteroidales;f__Rikenellaceae;g__Alistipes;s__Alistipes_shahii	k__Bacteria;p__Firmicutes;c__Clostridia;o__Clostridiales;f__Ruminococcaceae;g__Faecalibacterium;s__Faecalibacterium_prausnitzii	k__Bacteria;p__Bacteroidetes;c__Bacteroidia;o__Bacteroidales;f__Rikenellaceae;g__Alistipes;s__Alistipes_finegoldii	k__Bacteria;p__Bacteroidetes;c__Bacteroidia;o__Bacteroidales;f__Porphyromonadaceae;g__Parabacteroides;s__Parabacteroides_distasonis	k__Bacteria;p__Bacteroidetes;c__Bacteroidia;o__Bacteroidales;f__Bacteroidaceae;g__Bacteroides;s__Bacteroides_thetaiotaomicron	k__Bacteria;p__Bacteroidetes;c__Bacteroidia;o__Bacteroidales;f__Bacteroidaceae;g__Bacteroides;s__Bacteroides_coprocola	k__Bacteria;p__Bacteroidetes;c__Bacteroidia;o__Bacteroidales;f__Bacteroidaceae;g__Bacteroides;s__Bacteroides_cellulosilyticus	k__Bacteria;p__Bacteroidetes;c__Bacteroidia;o__Bacteroidales;f__Rikenellaceae;g__Alistipes;s__Alistipes_obesi	k__Bacteria;p__Firmicutes;c__Clostridia;o__Clostridiales;f__Lachnospiraceae;g__;s__[Eubacterium]_rectale	k__Bacteria;p__Bacteroidetes;c__Bacteroidia;o__Bacteroidales;f__Bacteroidaceae;g__Bacteroides;s__Bacteroides_plebeius	k__Bacteria;p__Bacteroidetes;c__Bacteroidia;o__Bacteroidales;f__Bacteroidaceae;g__Bacteroides;s__Bacteroides_fragilis	k__Bacteria;p__Proteobacteria;c__Betaproteobacteria;o__Burkholderiales;f__Sutterellaceae;g__Sutterella;s__Sutterella_wadsworthensis	k__Bacteria;p__Bacteroidetes;c__Bacteroidia;o__Bacteroidales;f__Porphyromonadaceae;g__Barnesiella;s__Barnesiella_intestinihominis	k__Bacteria;p__Bacteroidetes;c__Bacteroidia;o__Bacteroidales;f__Odoribacteraceae;g__Odoribacter;s__Odoribacter_splanchnicus	k__Bacteria;p__Bacteroidetes;c__Bacteroidia;o__Bacteroidales;f__Bacteroidaceae;g__Bacteroides;s__Bacteroides_salyersiae	k__Bacteria;p__Firmicutes;c__Clostridia;o__Clostridiales;f__Ruminococcaceae;g__Ruminiclostridium;s__[Eubacterium]_siraeum	k__Bacteria;p__Proteobacteria;c__Betaproteobacteria;o__Burkholderiales;f__Sutterellaceae;g__Parasutterella;s__Parasutterella_excrementihominis	k__Bacteria;p__Actinobacteria;c__Actinobacteria;o__Bifidobacteriales;f__Bifidobacteriaceae;g__Bifidobacterium;s__Bifidobacterium_adolescentis	k__Bacteria;p__Firmicutes;c__Clostridia;o__Clostridiales;f__Oscillospiraceae;g__Oscillibacter;s__Oscillibacter_sp._KLE_1745	k__Bacteria;p__Bacteroidetes;c__Bacteroidia;o__Bacteroidales;f__Bacteroidaceae;g__Bacteroides;s__Bacteroides_coprophilus	k__Bacteria;p__Firmicutes;c__Clostridia;o__Clostridiales;f__Lachnospiraceae;g__Roseburia;s__Roseburia_intestinalis	k__Bacteria;p__Firmicutes;c__Clostridia;o__Clostridiales;f__Lachnospiraceae;g__Roseburia;s__Roseburia_hominis	k__Bacteria;p__Bacteroidetes;c__Bacteroidia;o__Bacteroidales;f__Porphyromonadaceae;g__Parabacteroides;s__Parabacteroides_johnsonii	k__Bacteria;p__Actinobacteria;c__Actinobacteria;o__Bifidobacteriales;f__Bifidobacteriaceae;g__Bifidobacterium;s__Bifidobacterium_longum	k__Bacteria;p__Firmicutes;c__Clostridia;o__Clostridiales;f__;g__Flavonifractor;s__Flavonifractor_plautii	k__Bacteria;p__Firmicutes;c__Clostridia;o__Clostridiales;f__Clostridiaceae;g__Clostridium;s__Clostridium_phoceensis	k__Bacteria;p__Verrucomicrobia;c__Verrucomicrobiae;o__Verrucomicrobiales;f__Akkermansiaceae;g__Akkermansia;s__Akkermansia_muciniphila	k__Bacteria;p__Bacteroidetes;c__Bacteroidia;o__Bacteroidales;f__Prevotellaceae;g__Paraprevotella;s__Paraprevotella_xylaniphila	k__Bacteria;p__Firmicutes;c__Clostridia;o__Clostridiales;f__Ruminococcaceae;g__Ruminococcus;s__Ruminococcus_callidus	k__Bacteria;p__Bacteroidetes;c__Bacteroidia;o__Bacteroidales;f__Rikenellaceae;g__Alistipes;s__Alistipes_senegalensis	k__Bacteria;p__Firmicutes;c__Clostridia;o__Clostridiales;f__Lachnospiraceae;g__Blautia;s__Blautia_sp._KLE_1732	k__Bacteria;p__Bacteroidetes;c__Bacteroidia;o__Bacteroidales;f__Bacteroidaceae;g__Bacteroides;s__Bacteroides_oleiciplenus	k__Bacteria;p__Firmicutes;c__Clostridia;o__Clostridiales;f__Ruminococcaceae;g__Ruminococcus;s__Ruminococcus_bicirculans	k__Bacteria;p__Bacteroidetes;c__Bacteroidia;o__Bacteroidales;f__Bacteroidaceae;g__Bacteroides;s__Bacteroides_fluxus	k__Bacteria;p__Bacteroidetes;c__Bacteroidia;o__Bacteroidales;f__Prevotellaceae;g__Prevotella;s__Prevotella_stercorea	k__Bacteria;p__Firmicutes;c__Clostridia;o__Clostridiales;f__Lachnospiraceae;g__Dorea;s__Dorea_longicatena	k__Bacteria;p__Firmicutes;c__Clostridia;o__Clostridiales;f__Eubacteriaceae;g__Eubacterium;s__[Eubacterium]_eligens	k__Bacteria;p__Firmicutes;c__Clostridia;o__Clostridiales;f__Ruminococcaceae;g__;s__Ruminococcaceae_bacterium_D16	k__Bacteria;p__Firmicutes;c__Clostridia;o__Clostridiales;f__Lachnospiraceae;g__Coprococcus;s__Coprococcus_comes	k__Bacteria;p__Proteobacteria;c__Gammaproteobacteria;o__Enterobacterales;f__Enterobacteriaceae;g__Escherichia;s__Escherichia_coli	k__Bacteria;p__Firmicutes;c__Clostridia;o__Clostridiales;f__Ruminococcaceae;g__Anaerotruncus;s__Anaerotruncus_colihominis	k__Bacteria;p__Firmicutes;c__Clostridia;o__Clostridiales;f__Lachnospiraceae;g__Blautia;s__Blautia_obeum	k__Bacteria;p__Bacteroidetes;c__Bacteroidia;o__Bacteroidales;f__Odoribacteraceae;g__Odoribacter;s__Odoribacter_laneus	k__Bacteria;p__Firmicutes;c__Clostridia;o__Clostridiales;f__Ruminococcaceae;g__Ruminiclostridium;s__[Clostridium]_leptum	k__Bacteria;p__Bacteroidetes;c__Bacteroidia;o__Bacteroidales;f__Porphyromonadaceae;g__Parabacteroides;s__Parabacteroides_goldsteinii	k__Bacteria;p__Firmicutes;c__Clostridia;o__Clostridiales;f__Lachnospiraceae;g__Anaerostipes;s__Anaerostipes_hadrus	k__Bacteria;p__Firmicutes;c__Clostridia;o__Clostridiales;f__Ruminococcaceae;g__Ruminococcus;s__Ruminococcus_lactaris	k__Bacteria;p__Firmicutes;c__Clostridia;o__Clostridiales;f__Clostridiaceae;g__Clostridium;s__Clostridium_sp._L2-50	k__Bacteria;p__Firmicutes;c__Clostridia;o__Clostridiales;f__Clostridiaceae;g__Clostridium;s__Clostridium_sp._M62/1	k__Bacteria;p__Firmicutes;c__Clostridia;o__Clostridiales;f__;g__Intestinimonas;s__Intestinimonas_butyriciproducens	k__Bacteria;p__Actinobacteria;c__Actinobacteria;o__Bifidobacteriales;f__Bifidobacteriaceae;g__Bifidobacterium;s__Bifidobacterium_bifidum	k__Bacteria;p__Firmicutes;c__Negativicutes;o__Veillonellales;f__Veillonellaceae;g__Dialister;s__Dialister_invisus	k__Bacteria;p__Bacteroidetes;c__Bacteroidia;o__Bacteroidales;f__Bacteroidaceae;g__Bacteroides;s__Bacteroides_salanitronis
k__Bacteria;p__Bacteroidetes;c__Bacteroidia;o__Bacteroidales;f__Bacteroidaceae;g__Bacteroides;s__Bacteroides_vulgatus	1.0	0.0326142087569	-0.0838803677688	0.0278493304773	0.00703035327931	0.0169451125184	-0.0268378409482	0.0320803865476	0.007322982841	-0.0259151645512	-0.0547712207673	-0.0611715791594	-0.0390600430282	-0.000672786643598	0.0709589056988	-0.000576155762727	0.00560288586585	0.0151746649687	-0.061457888377	-0.0199085477618	-0.0371239593485	0.0480989672238	0.0452460960478	-0.0182781880108	0.0090540365184	0.00538646810815	0.0322677821595	-0.109640025224	-0.00670766132634	-0.0373048386462	-0.0610520529748	-0.0143981091481	-0.00764679270001	-0.0603775715658	-0.108193019356	0.0575960480849	-0.0509041088843	0.0283922411588	-0.0458235881746	0.0260449512796	0.00950422891285	0.0129033943071	0.0677315607307	-0.0240857721018	-0.0120987905715	0.0377815944568	-0.0457012400217	-0.0381265643795	-0.0491014109127	-0.0586550635677	0.0157902605421	0.00650411032753	-0.00713722808531	-0.0297948257891	0.0603314494165	-0.011273344306	0.0398038135241	0.0263196809541	-0.0860482769905
k__Bacteria;p__Bacteroidetes;c__Bacteroidia;o__Bacteroidales;f__Bacteroidaceae;g__Bacteroides;s__Bacteroides_uniformis	0.0326142087569	1.0	-0.0404566691695	-0.0340851016398	-0.0105670061426	-0.0940239697305	0.117175035345	-0.0346735603818	-0.0167780095542	0.0333379263442	-0.0302933141386	-0.0193604267221	-0.0271604446105	-0.0588128146547	-0.0115850661024	-0.00595203265225	-0.0203893858696	-0.0695271819214	0.0584134935374	0.0132914796489	-0.0310674394298	0.0800676464882	0.00499355991067	0.00811538940494	0.0214429694717	-0.0118578351001	0.00964011832624	-0.023010139948	0.0617507088879	0.00464038219308	-0.0451284872859	0.0331921604791	0.0524047952615	-0.0216438393332	-0.0381098562524	-0.0535099860429	-0.0198654478154	-0.0413610175678	-0.00797772382149	0.0384963024413	-0.0701534021815	-0.0255511728704	-0.131909767323	0.0168310655407	-0.0260279288093	-0.0197247260455	-0.0369726148222	-0.0706074260316	0.0598713145772	-0.022685720529	0.0298211903719	-0.0094214771312	-0.012834979004	-0.00766526374337	-0.0924347796315	0.0218272727008	-0.0391769176909	-0.0361705762917	0.0127458035101
k__Bacteria;p__Bacteroidetes;c__Bacteroidia;o__Bacteroidales;f__Rikenellaceae;g__Alistipes;s__Alistipes_putredinis	-0.0838803677688	-0.0404566691695	1.0	0.0123505020681	-0.00983344236396	-0.0931280768195	-0.0437719378871	-0.0270838066249	-0.0291423087468	0.00839707624218	0.0276708308752	-0.027953002402	0.00677584226246	-0.0192344352516	0.0158967241476	0.00178220871912	-0.0183939759005	-0.00455170482744	0.0342462329738	-0.0359297495319	0.0127674633995	0.0799181933163	0.0140867839699	-0.00251798248474	-0.0419310568156	-0.110267629707	0.0243497692658	-0.0128320622297	0.023900172771	-0.0177989008672	-0.000993428265385	0.0210781017423	0.0032312666313	-0.0351113606871	0.0378846041165	-0.0361102185655	0.0662252608639	0.0109797079331	-0.00421187610206	-0.00635899189212	-0.0171971295725	-0.0489847222465	0.0250996517237	0.0264220569022	-0.0148916844706	0.0480629067178	0.0483078823282	-0.0247738175403	-0.0758490434185	0.0195874937658	-0.0174308379991	0.00301454587669	0.00792302242246	0.00620886096295	-0.0516564801988	-0.0385138633901	0.0049747804027	0.0318612570005	0.0118079085994
k__Bacteria;p__Bacteroidetes;c__Bacteroidia;o__Bacteroidales;f__Prevotellaceae;g__Prevotella;s__Prevotella_copri	0.0278493304773	-0.0340851016398	0.0123505020681	1.0	-0.0451243946672	-0.0226406517564	-0.0110264861129	-0.0913851330447	0.013774700951	-0.00253496041936	0.0147492181667	-0.0406321594357	0.00429451100614	0.0322228555795	-0.0422988168639	-0.00185717113403	-0.00976498276583	-0.0634467619996	-0.0169196464435	0.0375181401153	-0.0331717519443	-0.0254874570163	0.00333395347971	-0.0364817656936	-0.00231810927953	0.0243104782748	-0.0657209412357	0.0588880798808	-0.0317528088356	0.0215405877266	-0.0347687024835	-0.0608912550706	-0.0381868728714	-0.0166618075155	-0.073451907799	0.0667709377656	-0.0470309896945	-0.0611252848945	-0.0692952110958	0.0138773599412	-0.00920373533302	0.062344348274	0.0197151149883	0.0691336075617	-0.00319784094202	-0.0272472448082	-0.0147778342189	0.0165602067469	-0.0826833641507	0.022246023699	0.0169446043035	-0.0440732426238	0.0408456347079	-0.0205658930558	-0.00518251897908	0.00661309939516	-0.0485030699219	0.0673541618013	0.0192614197196
k__Bacteria;p__Bacteroidetes;c__Bacteroidia;o__Bacteroidales;f__Bacteroidaceae;g__Bacteroides;s__Bacteroides_stercoris	0.00703035327931	-0.0105670061426	-0.00983344236396	-0.0451243946672	1.0	0.0192855061538	-0.0455903530077	0.0276682759785	-0.0146692742099	0.0154545929905	0.0577533069755	0.0309226628414	-0.00197783859837	0.0646842942155	-0.00296863549474	0.00204216207671	0.0549235746355	-0.0274564632514	-0.0634706148089	0.00135814659748	-0.126789679536	-0.0706520981709	0.0378112154586	-0.0429367167998	0.0154036550155	0.00414610223229	-0.0340175135552	-0.10809473654	-0.0599043808294	0.000772707906308	0.00487380207215	0.0168117848477	0.0153762831581	0.0456458689092	0.00237732477786	-0.0105333660835	-0.037685070419	-0.0682641424587	-0.0129582989057	-0.000137288085511	-0.010106417552	-0.0324876829749	-0.0146387277202	-0.0122674067313	-0.0178889273273	-0.0313769888708	-0.0690382553881	0.0014181354687	-0.106011498917	0.0245553456509	0.0212197846736	-0.00454919517405	-0.0240250804713	-0.0270726885152	-0.0501654198098	0.028837718258	0.0223826522493	0.0171899407548	0.0448878542401
k__Bacteria;p__Bacteroidetes;c__Bacteroidia;o__Bacteroidales;f__Bacteroidaceae;g__Bacteroides;s__Bacteroides_ovatus	0.0169451125184	-0.0940239697305	-0.0931280768195	-0.0226406517564	0.0192855061538	1.0	-0.0535005524402	0.000467121161483	0.00973494721011	0.0194436909829	-0.0238455052335	-0.000447847355441	-0.020681771705	0.0206578211981	-0.0494087791889	-0.0762042081371	-0.039309788135	-0.0395051409072	-0.0603640555001	0.080696714723	-0.00901577957707	-0.0391702928425	0.0366686253084	0.0469868430657	-0.00968934245099	-0.0139508314767	-0.0287718648867	0.030858074716	0.0460285989428	-0.0213474925229	-0.0269799165755	-0.0453072334278	0.0331952180729	-0.0501137670045	-0.00701823828218	-0.0888159247763	-0.026043763159	0.00575774068865	-0.0402090107685	-0.0273774409212	0.00410353100659	0.0434510364938	-0.00253574709481	-0.00964429011727	-0.024565405037	0.0421074103677	-0.00493453404388	-0.0575050226017	0.00466856553707	-0.0235036057003	-0.0353735930526	0.0326725864696	-0.014812744358	0.0618142296636	0.023581901113	-0.0631530203816	0.0430983922688	0.00723860361829	0.0488963016864
k__Bacteria;p__Bacteroidetes;c__Bacteroidia;o__Bacteroidales;f__Rikenellaceae;g__Alistipes;s__Alistipes_shahii	-0.0268378409482	0.117175035345	-0.0437719378871	-0.0110264861129	-0.0455903530077	-0.0535005524402	1.0	-0.0349719171182	0.00206439328943	-0.050595898969	-0.058942970894	0.0219153434445	-0.0349824714207	0.00100686886097	-0.0139543156574	-0.00224626432185	0.0233370188026	0.012841139035	0.0335063355984	-0.0053395508766	-0.0356917000229	-0.0575559393426	0.0416878670574	-0.077135503906	-0.0205204358742	-0.0354803808841	0.0143249758337	0.0143810360447	-0.0817019373424	0.0313708039315	0.00874158265812	-0.00911362399371	-0.0631350324668	0.0451656358757	0.0398437879393	-0.00913383639364	0.0549394376617	-0.0432962441883	-0.0173660815364	-0.010942357733	-0.0146897818555	-0.0293413024032	-0.0736486051156	0.0494417560305	-0.0259164593177	0.0249592786815	-0.0699396410837	0.0542478998707	-0.0128877020464	-0.0599513082562	-0.00829646978972	-0.0638243329848	-0.00219399431937	-0.0146089797517	-0.00527778104658	-0.0256418787757	-0.0256063450233	-0.0925725773437	-0.0231099768308
k__Bacteria;p__Firmicutes;c__Clostridia;o__Clostridiales;f__Ruminococcaceae;g__Faecalibacterium;s__Faecalibacterium_prausnitzii	0.0320803865476	-0.0346735603818	-0.0270838066249	-0.0913851330447	0.0276682759785	0.000467121161483	-0.0349719171182	1.0	-0.00872838966864	-0.013978982599	-0.0325984358923	0.00528969234602	0.0337185232679	-0.067471504523	-0.0837408918921	-0.052356818048	0.0261470512202	0.0147120389307	-0.00876548899592	-0.0369031526766	0.0025383407864	0.0328365281457	0.0130668809977	0.0241540970216	0.0271366915701	0.00949071855749	-0.0623310834216	-0.0557937424544	-0.00270632034238	0.0665692998958	-0.0240282409382	-0.00185264307705	0.0375668451	7.40864104551e-05	-0.0634862929669	-0.0130443967417	-0.171362463304	-0.0588012961824	-0.0238912382861	-0.0684169681275	0.0201452533564	0.0142397796969	0.0155092512047	-0.00837458394656	-0.00198117245157	-0.0202031703061	-0.00158265817739	-0.0191520360588	-0.0535205672706	-0.023543450188	-0.00946692881884	-0.0287961925903	-0.0433535202221	0.00741004180231	0.0123733394102	-0.0325607462142	-0.0234362284291	0.0181368686017	0.0452864810673
k__Bacteria;p__Bacteroidetes;c__Bacteroidia;o__Bacteroidales;f__Rikenellaceae;g__Alistipes;s__Alistipes_finegoldii	0.007322982841	-0.0167780095542	-0.0291423087468	0.013774700951	-0.0146692742099	0.00973494721011	0.00206439328943	-0.00872838966864	1.0	-0.0729793317833	-0.00724848584781	-0.0274279069109	0.0120228566117	-0.0464473061812	-0.0204463726012	-0.0597458572474	-0.0167387798088	-2.21002668603e-06	-0.0127712209014	-0.0159003818819	0.0283731791372	0.0183485433452	0.0383485958347	-0.0177092714633	-0.0029646223483	-0.00370185650979	0.00653937046702	-0.0660469772267	0.00402644254562	-0.0189599417735	-0.0172701935943	-0.0218044389226	0.0151257656942	-0.048109876578	0.0189116385279	0.0443879742626	0.0668892194294	-0.00399139132398	-0.0657689623376	-0.0496033730306	-0.0102622819439	-0.0479317059506	-0.0351192319037	-0.0701671932127	-0.0312081103204	-0.0449701807894	-0.0813389150023	-0.0254802698422	-0.0392598101042	-0.00244701711412	-0.0114573889829	0.0371153652151	-0.0558879510729	-0.0238234088058	-0.0285726004068	0.0205674379686	0.0119472682437	0.0519960605943	0.0650436004886
k__Bacteria;p__Bacteroidetes;c__Bacteroidia;o__Bacteroidales;f__Porphyromonadaceae;g__Parabacteroides;s__Parabacteroides_distasonis	-0.0259151645512	0.0333379263442	0.00839707624218	-0.00253496041936	0.0154545929905	0.0194436909829	-0.050595898969	-0.013978982599	-0.0729793317833	1.0	-0.0402832830256	0.0719629722524	-0.0635873265082	-0.0884086633468	-0.0292291204303	0.0250197677664	0.00511974961615	0.0306441797093	-0.0203761526532	0.0198621994755	0.017596269361	0.0232791506916	-0.0458147757172	-0.0182679326276	-0.0914843503475	0.012582699807	0.0247142829696	-0.0617247774214	0.0226402118288	-0.0160601524874	0.0237710047822	-0.117349876525	-0.00532581683733	-0.0258257388476	0.0401112464472	-0.0336151893166	0.019426716254	-0.034157226302	0.0722608114924	0.0317614889181	-0.0205307365489	0.00045988154866	-0.0315057678167	-0.0500789047806	-0.0745962072019	0.0140732144181	-0.0291786969773	-0.014555605324	-0.0436940951795	0.0341498487895	-0.00828682462431	0.0397351088776	-0.00554855955172	0.010139103838	0.0145237790974	0.0458514798374	0.0277729237055	-0.0470890481418	0.00528467888879
k__Bacteria;p__Bacteroidetes;c__Bacteroidia;o__Bacteroidales;f__Bacteroidaceae;g__Bacteroides;s__Bacteroides_thetaiotaomicron	-0.0547712207673	-0.0302933141386	0.0276708308752	0.0147492181667	0.0577533069755	-0.0238455052335	-0.058942970894	-0.0325984358923	-0.00724848584781	-0.0402832830256	1.0	-0.0273778042553	-0.0632797690812	-0.103537112716	0.023285606778	-0.000863466565998	-0.0117886331849	-0.0284188644411	-0.0421765657308	0.0438854962127	0.00802206480362	-0.0182098239366	0.00481512854767	-0.0381666216672	-0.0864929286952	0.0455569585109	0.0103768581736	1.97767208778e-05	-0.0190293061618	0.128166492258	0.0149723409621	0.054965819414	0.0211016025533	0.0117254663438	-0.040077518032	-0.0721307432779	-0.0133731932431	0.042438582756	0.0313923840437	-0.0377016368277	-0.0170571542893	-0.0311856699094	-0.0566342901622	0.0307678797104	0.0323997886019	-0.0583048987968	0.0407791164774	0.00070962927974	-0.0171983559842	-0.0361453781705	-0.0554635047117	0.0207288525972	-0.0773282381454	-0.0998883213817	-0.000796579855662	0.00748785066884	-0.00384755034995	-0.0158797074891	-0.028055094397
k__Bacteria;p__Bacteroidetes;c__Bacteroidia;o__Bacteroidales;f__Bacteroidaceae;g__Bacteroides;s__Bacteroides_coprocola	-0.0611715791594	-0.0193604267221	-0.027953002402	-0.0406321594357	0.0309226628414	-0.000447847355441	0.0219153434445	0.00528969234602	-0.0274279069109	0.0719629722524	-0.0273778042553	1.0	-0.0458039055754	-0.0481178451089	0.00850333479216	0.0924256529697	0.0830019579989	-0.0014942264754	-0.0214278466126	-0.00538744891085	-0.0514225938011	-0.0588990252785	-0.01130605739	0.0232427427288	-0.0889058715483	0.0292623676105	-0.0639562326252	0.00735804635994	0.0338944030833	-0.0647312296731	-0.0968845371868	-0.0365559269459	-0.0259278020014	-0.055845936097	-9.10608057955e-05	-0.00576571344544	0.0236367318354	-0.0424499075776	0.00139602536824	0.0135610190224	-0.115382374343	-0.0366150118952	-0.0420759408128	0.00900515642756	-0.0392161634936	0.0271592019427	-0.0095927228877	-0.0371738492792	0.0343977064224	0.0388912735966	-0.00508110302946	0.0867919510889	0.027256431267	0.00748048496566	-0.0446091603394	0.0388730639134	0.0479789760145	0.0122339091778	-0.0121798474411
k__Bacteria;p__Bacteroidetes;c__Bacteroidia;o__Bacteroidales;f__Bacteroidaceae;g__Bacteroides;s__Bacteroides_cellulosilyticus	-0.0390600430282	-0.0271604446105	0.00677584226246	0.00429451100614	-0.00197783859837	-0.020681771705	-0.0349824714207	0.0337185232679	0.0120228566117	-0.0635873265082	-0.0632797690812	-0.0458039055754	1.0	-0.0255724796637	-0.0514456363797	0.023529100049	-0.0161780224056	-0.0246360319878	-0.0680722648518	-0.00285171607359	-0.0100802251738	0.0122363214024	-0.054243494606	0.0167157675177	0.0562184884653	-0.0250353956071	-0.0250784711003	-0.0500184159677	0.0242506185523	-0.0837820505966	0.00493235112784	0.0193155339974	-0.0922321404725	0.0910856380174	-0.021440301978	0.0494311562581	-0.0217351923859	0.0338634682841	0.0242088319391	-0.00287240805287	0.00578901896677	-0.0625538061415	-0.0338986078771	-0.0365171007179	0.0778275227539	-0.0183468948653	0.024754965715	0.00889905250918	-0.0208909783481	0.000771979179646	-0.0184813938426	-0.0785695173022	-0.040083930341	0.0592330620673	0.00868749028361	-0.023028460661	-0.0509732094664	0.024829750825	0.0276180638611
k__Bacteria;p__Bacteroidetes;c__Bacteroidia;o__Bacteroidales;f__Rikenellaceae;g__Alistipes;s__Alistipes_obesi	-0.000672786643598	-0.0588128146547	-0.0192344352516	0.0322228555795	0.0646842942155	0.0206578211981	0.00100686886097	-0.067471504523	-0.0464473061812	-0.0884086633468	-0.103537112716	-0.0481178451089	-0.0255724796637	1.0	0.0282109870614	-0.0376648731677	0.0521209032909	-0.0611750077406	-0.0020689809904	-0.00222979949078	-0.057009557929	-0.0037623098533	-0.0646727953136	-0.00835935540612	0.0138613615387	3.56918436216e-05	0.00591795344262	0.0252920170472	0.0225953621736	0.00594112364884	0.0726229981214	0.0306096145828	-0.0206893715501	-0.0278643536159	-0.0259049031625	-0.00054924789618	-0.0179410917764	-0.0375130573515	-0.0815755099072	-0.0591547136247	0.00487973029702	0.00187646960676	0.0124555304804	-0.126371551416	0.0452920873168	-0.0188739299831	-0.0301304019065	-0.0658296319382	0.0341649387657	-0.0135677673532	-0.0142828668283	-0.0458492260771	-0.0276643405069	-0.0020574444813	0.0595563072593	0.0415861351288	-0.0124408942886	-0.0457693788986	-0.0359004409925
k__Bacteria;p__Firmicutes;c__Clostridia;o__Clostridiales;f__Lachnospiraceae;g__;s__[Eubacterium]_rectale	0.0709589056988	-0.0115850661024	0.0158967241476	-0.0422988168639	-0.00296863549474	-0.0494087791889	-0.0139543156574	-0.0837408918921	-0.0204463726012	-0.0292291204303	0.023285606778	0.00850333479216	-0.0514456363797	0.0282109870614	1.0	0.0345178734202	0.0466957769714	-0.0224414268572	-0.0265602201509	0.0469960356062	0.00826846817447	0.0312087539674	-0.0194283013892	-0.0504187111678	-0.00346252751992	-0.0242368483393	-0.0248708445492	0.0336794426031	-0.0832464423366	-0.0361234866351	0.0484551406557	-0.0130299674704	-0.0501158617637	-0.0483466276599	0.00639864655718	0.0395552134168	-0.0180420748313	-0.0383311562414	-0.0443244419369	0.0657353595723	-0.0240363938661	-0.013061784507	-0.033372036894	-0.0976796606081	0.0351070111451	0.0295841971637	0.0458646887448	-0.0611735132127	0.0133818807928	-0.0054569943682	-0.0420743308656	-0.0186203796695	-0.0452376444414	-0.0814021549812	0.0481749079962	0.0611203918019	-0.00996921822452	-9.7231409572e-05	-0.0070403189842
k__Bacteria;p__Bacteroidetes;c__Bacteroidia;o__Bacteroidales;f__Bacteroidaceae;g__Bacteroides;s__Bacteroides_plebeius	-0.000576155762727	-0.00595203265225	0.00178220871912	-0.00185717113403	0.00204216207671	-0.0762042081371	-0.00224626432185	-0.052356818048	-0.0597458572474	0.0250197677664	-0.000863466565999	0.0924256529697	0.023529100049	-0.0376648731677	0.0345178734202	1.0	-0.0673961662172	-0.00632779914883	-0.00936588018449	-0.0379272936336	-0.0809257558131	-0.0288186694787	0.0271547306081	-0.0630799863209	-0.0637362881993	0.0525362164323	-0.0281961049537	0.0035843471368	-0.0198952903122	-0.0182067202882	0.00904421148132	-0.0574778006316	-0.0349639887977	-0.0156098719246	-0.03265606239	-0.0452751161795	-0.0179741433194	0.0309293644171	-0.00532472102154	0.00714080606594	0.00974994163282	0.026561347588	-0.0154243490414	-0.0352893905859	-0.0368595286941	-0.0526060919026	0.0362371168372	-0.0227588871654	0.00771197663913	-0.00936688069439	0.0233253878732	-0.00620009103177	0.0398126875512	-0.0558469266617	0.0451072335327	0.0597605770703	-0.0376948990531	-0.0457213355383	0.0603858835395
k__Bacteria;p__Bacteroidetes;c__Bacteroidia;o__Bacteroidales;f__Bacteroidaceae;g__Bacteroides;s__Bacteroides_fragilis	0.00560288586585	-0.0203893858696	-0.0183939759005	-0.00976498276583	0.0549235746355	-0.039309788135	0.0233370188026	0.0261470512202	-0.0167387798088	0.00511974961615	-0.0117886331849	0.0830019579989	-0.0161780224056	0.0521209032909	0.0466957769714	-0.0673961662172	1.0	-0.00947803120397	-0.0105409583293	-0.0222397383634	-0.00728411725294	-0.0205494575248	0.0210535902458	-0.051978103526	0.0256499962304	0.00538149998513	-0.0191233187623	-0.0423457400274	-0.0118621692527	-0.023261648129	-0.0171244053746	-0.0346277909551	0.0345604384649	-0.0122344135682	-0.0100873178666	-0.0524100824841	-0.0380252484039	-0.0189830030308	-0.0316932028211	0.0395546534927	0.0273726140502	-0.0403150971774	0.0132491052338	0.023751458327	-0.00656638412801	-0.0110037167315	-0.0153102940451	0.00140555645944	-0.0573189980648	0.0227489446162	-0.0414118589997	0.0658349218058	0.00446100677471	0.014616562252	-0.0648276579816	-0.0366732516608	-0.034812391812	-0.0726495216094	0.0084788488215
k__Bacteria;p__Proteobacteria;c__Betaproteobacteria;o__Burkholderiales;f__Sutterellaceae;g__Sutterella;s__Sutterella_wadsworthensis	0.0151746649687	-0.0695271819214	-0.00455170482744	-0.0634467619996	-0.0274564632514	-0.0395051409072	0.012841139035	0.0147120389307	-2.21002668593e-06	0.0306441797093	-0.0284188644411	-0.0014942264754	-0.0246360319878	-0.0611750077406	-0.0224414268572	-0.00632779914883	-0.00947803120397	1.0	-0.0142448662231	0.0491665104374	-0.0230872654524	-0.0273804694381	-0.0646185807078	-0.00573797919497	-0.00637632131772	0.0634136167551	-0.0131471046911	-0.0370271904959	-0.00458778607534	0.0158068018333	0.06993561406	-0.027636184871	-0.0761477041522	-0.0120906188427	-0.0473131928855	0.0228490068438	-0.0251587554573	0.067147127771	-0.0311346048044	-0.00772457237896	0.0657697553794	-0.0528267586048	0.0371923774849	-0.00502765397467	-0.0437436213148	0.0468172543343	-0.0259930419613	0.012014838062	0.0130326565143	-0.0490523329044	0.0405874929971	0.0939505745944	0.0193722249825	-0.00130903416872	0.0563631672948	0.0261354136715	-0.0250726966618	0.0247454024021	-0.0603290380964
k__Bacteria;p__Bacteroidetes;c__Bacteroidia;o__Bacteroidales;f__Porphyromonadaceae;g__Barnesiella;s__Barnesiella_intestinihominis	-0.061457888377	0.0584134935374	0.0342462329738	-0.0169196464435	-0.0634706148089	-0.0603640555001	0.0335063355984	-0.00876548899592	-0.0127712209014	-0.0203761526532	-0.0421765657308	-0.0214278466126	-0.0680722648518	-0.0020689809904	-0.0265602201509	-0.00936588018449	-0.0105409583293	-0.0142448662231	1.0	-0.0378763866516	0.0119680043048	-0.0282717874998	0.0418070076014	-0.0038842517644	-0.0518781437813	-0.0140506338223	0.0500454471898	0.00322309837979	-0.0115393398745	-0.0031515701194	-0.00631101700194	-0.0186718832694	-0.0297745372987	0.00208896351706	0.038466222661	-0.0269129847797	0.009978153228	-0.0147497060955	0.0275942047714	-0.0234572582879	-0.0421793416749	-0.0421443041702	-0.0279768128455	0.0143868959562	-0.00214314325249	-0.0111353591579	-0.0723694682977	0.0166858011167	0.0496198554647	-0.047337017924	0.037457345766	0.0313741534545	0.0508388409974	0.00148149703946	-0.0750432569489	-0.0570836419232	0.0159399938402	-0.0380409156876	0.0145452976477
k__Bacteria;p__Bacteroidetes;c__Bacteroidia;o__Bacteroidales;f__Odoribacteraceae;g__Odoribacter;s__Odoribacter_splanchnicus	-0.0199085477618	0.0132914796489	-0.0359297495319	0.0375181401153	0.00135814659748	0.080696714723	-0.0053395508766	-0.0369031526766	-0.0159003818819	0.0198621994755	0.0438854962127	-0.00538744891085	-0.00285171607359	-0.00222979949078	0.0469960356062	-0.0379272936336	-0.0222397383634	0.0491665104374	-0.0378763866516	1.0	-0.0478528476342	-0.00658115791499	-0.0210829368984	-0.0568060387463	0.0630015253269	0.00370034050396	0.0434034048336	0.0316180124472	0.0679063557937	0.0162412297268	-0.0662774327406	-0.0428705096738	-0.0372297953332	0.0797201180123	-0.00368596053961	0.00746152384729	-0.00806109834031	-0.0764276436097	0.04160301973	0.017209134043	-0.00742146233504	-0.00686242869747	-0.0527093215966	-0.0368159162268	-0.0461549873568	-0.0111161459501	-0.0119756586261	-0.0823528666296	0.0140143917898	-0.0425754922208	-0.0499470007969	-0.0279909302095	0.0199706598597	0.0223855239782	-0.0520433007446	-0.0485081658312	-0.000422018960327	-0.0464939077938	-0.00276243101604
k__Bacteria;p__Bacteroidetes;c__Bacteroidia;o__Bacteroidales;f__Bacteroidaceae;g__Bacteroides;s__Bacteroides_salyersiae	-0.0371239593485	-0.0310674394298	0.0127674633995	-0.0331717519443	-0.126789679536	-0.00901577957707	-0.0356917000229	0.0025383407864	0.0283731791372	0.017596269361	0.00802206480362	-0.0514225938011	-0.0100802251738	-0.057009557929	0.00826846817447	-0.0809257558131	-0.00728411725294	-0.0230872654524	0.0119680043048	-0.0478528476342	1.0	-0.00479834206557	-0.060862442747	-0.147919645314	-0.0414504447184	-0.0113449730806	0.0418662251357	-0.000519579951216	-0.0197176378845	-0.00498366212867	-0.000604116836633	0.0215322297357	0.0107024784549	-0.0210276289757	0.0196362753844	-0.0198934847394	0.067756142392	0.0631396933965	-0.0344884964315	-0.0822638031497	0.0134903644984	0.0564889685844	-0.0273373398026	0.0322508931664	0.0333658073487	0.0178355910761	-0.0606856191436	-0.0271666923216	0.00203425702993	0.0346681810081	-0.0365758152771	0.0174987661328	-0.00364339638132	0.058730119523	-0.0180032115366	-0.0194188642563	-0.0050642403908	0.111101378275	0.00186687582721
k__Bacteria;p__Firmicutes;c__Clostridia;o__Clostridiales;f__Ruminococcaceae;g__Ruminiclostridium;s__[Eubacterium]_siraeum	0.0480989672238	0.0800676464882	0.0799181933163	-0.0254874570163	-0.0706520981709	-0.0391702928425	-0.0575559393426	0.0328365281457	0.0183485433452	0.0232791506916	-0.0182098239366	-0.0588990252785	0.0122363214024	-0.0037623098533	0.0312087539674	-0.0288186694787	-0.0205494575248	-0.0273804694381	-0.0282717874998	-0.00658115791499	-0.00479834206557	1.0	-0.0171464041077	-0.0160163940177	0.0251157524355	-0.061915728023	-0.0111325187812	-0.0208149778741	0.0849401902664	-0.0146319594288	-0.00839655550327	-0.0484645798257	-0.0309833431666	-0.0174546893111	0.0174097340983	0.00639841984407	0.0189910783964	-0.00745923512345	-0.010721083987	0.0101913774683	0.021386069326	0.000686083211991	-0.0371040294318	-0.0502867203	-0.0142235088114	0.0369357648669	-0.0301296696283	0.00727998875553	0.0101579313688	0.0658944564156	0.00955742991232	-0.0761510993259	-0.0349874295744	0.00344589731602	-0.0368047116106	-0.0589516231712	-0.0760454370099	-0.0839426828987	-0.00264575922317
k__Bacteria;p__Proteobacteria;c__Betaproteobacteria;o__Burkholderiales;f__Sutterellaceae;g__Parasutterella;s__Parasutterella_excrementihominis	0.0452460960478	0.00499355991067	0.0140867839699	0.00333395347971	0.0378112154586	0.0366686253084	0.0416878670574	0.0130668809977	0.0383485958347	-0.0458147757172	0.00481512854767	-0.01130605739	-0.054243494606	-0.0646727953136	-0.0194283013892	0.0271547306081	0.0210535902458	-0.0646185807078	0.0418070076014	-0.0210829368984	-0.060862442747	-0.0171464041077	1.0	0.0336657510679	0.0543293031808	-0.0283784519985	0.0056490339438	0.00145347677575	0.0411590632387	0.0349245298506	-0.0488008321128	-0.00216593377026	-0.0721388993966	-0.0107881027641	-0.0469568287842	-0.0439612960988	-0.0229792229517	0.0196468482823	-0.0284556310588	-0.00622795380982	0.0138810706444	0.0103856692072	-0.0626791793953	0.0295265164289	-0.04206453616	0.0142605708406	-0.0830671262742	-0.0139886490876	-0.0254331443866	-0.0426546912988	0.0453447647447	-0.10800145561	0.0097371704233	-0.000902245176663	-0.029688082106	0.0329642336387	-0.0525294144365	-0.0652193245686	0.0017390205279
k__Bacteria;p__Actinobacteria;c__Actinobacteria;o__Bifidobacteriales;f__Bifidobacteriaceae;g__Bifidobacterium;s__Bifidobacterium_adolescentis	-0.0182781880108	0.00811538940494	-0.00251798248474	-0.0364817656936	-0.0429367167998	0.0469868430657	-0.077135503906	0.0241540970216	-0.0177092714633	-0.0182679326276	-0.0381666216672	0.0232427427288	0.0167157675177	-0.00835935540612	-0.0504187111678	-0.0630799863209	-0.051978103526	-0.00573797919497	-0.0038842517644	-0.0568060387463	-0.147919645314	-0.0160163940177	0.0336657510679	1.0	-0.0131746509598	-0.0188221713626	-0.0150405932699	-0.000786959284171	0.0422470803682	-0.00763440374167	0.0147945712713	-0.00798826169733	-0.0624367376536	0.0290079830195	-0.0540015439762	-0.0283392888868	-0.0215232486275	-0.0732529885835	0.0866562969713	0.010168553305	-0.0837749520919	0.0446147292172	-0.0115216900377	0.00618728742259	0.0292420306843	0.0504257064293	-0.00456314899153	-0.0855774755101	0.0729484956272	-0.0229087417619	-0.0423040781805	-0.00657978191324	-0.0447090356034	0.0607951708664	-0.0195890412163	-0.0274891747117	0.0345298128759	0.0361420356952	-0.0448335843505
k__Bacteria;p__Firmicutes;c__Clostridia;o__Clostridiales;f__Oscillospiraceae;g__Oscillibacter;s__Oscillibacter_sp._KLE_1745	0.0090540365184	0.0214429694717	-0.0419310568156	-0.00231810927953	0.0154036550155	-0.00968934245099	-0.0205204358742	0.0271366915701	-0.0029646223483	-0.0914843503475	-0.0864929286952	-0.0889058715483	0.0562184884653	0.0138613615387	-0.00346252751992	-0.0637362881993	0.0256499962304	-0.00637632131772	-0.0518781437813	0.0630015253269	-0.0414504447184	0.0251157524355	0.0543293031808	-0.0131746509598	1.0	0.0206511331094	-0.0177305116251	-0.10459015621	-0.0508590671087	-0.0231339745397	-0.0745346478344	0.0376914393472	-0.0148217939879	0.041838244959	0.0378525685161	-0.00703176696643	0.00329280703269	-0.0547413346731	0.0229893730197	-0.0241203334555	-0.0084817760352	0.0867212897822	0.00676771450622	0.0243210921785	0.0120330697233	-0.0479992409612	-0.0452322569688	0.0464310417325	-0.0865965310729	0.086416933745	0.0458742640681	-0.0446800938904	-0.0575641285592	0.00154123249401	-0.0060381810415	0.034392559066	-0.0353023139889	-0.0539870100244	-0.0870540215696
k__Bacteria;p__Bacteroidetes;c__Bacteroidia;o__Bacteroidales;f__Bacteroidaceae;g__Bacteroides;s__Bacteroides_coprophilus	0.00538646810815	-0.0118578351001	-0.110267629707	0.0243104782748	0.00414610223229	-0.0139508314767	-0.0354803808841	0.00949071855749	-0.00370185650979	0.012582699807	0.0455569585109	0.0292623676105	-0.0250353956071	3.56918436216e-05	-0.0242368483393	0.0525362164323	0.00538149998513	0.0634136167551	-0.0140506338223	0.00370034050396	-0.0113449730806	-0.061915728023	-0.0283784519985	-0.0188221713626	0.0206511331094	1.0	-0.00677284397623	0.000864549314007	-0.0271270525489	-0.0171689168365	-0.00557568252683	-0.0145961934385	-0.0174942699955	0.0109527462513	-0.0431455290518	-0.0437337952225	-0.0175164023882	0.00310511832891	-0.0201147066458	0.0251109472909	0.0219958176833	-0.0363065504716	0.0286495855208	-0.068976901218	0.0252246079028	-0.00224158230278	-0.0328349906197	-0.0606174671033	-0.00747616937374	-0.00594175403169	0.00799409494589	-0.0362211913422	-0.0476951714681	-0.0174865149709	0.0230189554982	-0.0515076924459	0.0321724839575	0.044320853258	-0.0495240017412
k__Bacteria;p__Firmicutes;c__Clostridia;o__Clostridiales;f__Lachnospiraceae;g__Roseburia;s__Roseburia_intestinalis	0.0322677821595	0.00964011832624	0.0243497692658	-0.0657209412357	-0.0340175135552	-0.0287718648867	0.0143249758337	-0.0623310834216	0.00653937046702	0.0247142829696	0.0103768581736	-0.0639562326252	-0.0250784711003	0.00591795344262	-0.0248708445492	-0.0281961049537	-0.0191233187623	-0.0131471046911	0.0500454471898	0.0434034048336	0.0418662251357	-0.0111325187812	0.0056490339438	-0.0150405932699	-0.0177305116251	-0.00677284397623	1.0	-0.0282505601142	0.00580101829859	-0.0240861208975	0.0348627996204	-0.0346533105058	-0.0377238302616	0.0817870695553	-0.111671379407	0.0153347478112	0.0657757505955	-0.00601897623969	0.0183814363398	-0.00824717934155	-0.0732843249048	-0.0647202813549	-0.0455502895326	0.00778597896871	-0.031782472895	0.0188910063467	0.0482093754324	0.00376064638497	-0.00906279451992	-0.0506001176469	-0.0312675811173	-0.059072547875	0.0263554957875	-0.0295707236566	0.000331116242813	0.0102923718168	-0.0178267270861	-0.050040039102	-0.0161064247805
k__Bacteria;p__Firmicutes;c__Clostridia;o__Clostridiales;f__Lachnospiraceae;g__Roseburia;s__Roseburia_hominis	-0.109640025224	-0.023010139948	-0.0128320622297	0.0588880798808	-0.10809473654	0.030858074716	0.0143810360447	-0.0557937424544	-0.0660469772267	-0.0617247774214	1.97767208778e-05	0.00735804635994	-0.0500184159677	0.0252920170472	0.0336794426031	0.0035843471368	-0.0423457400274	-0.0370271904959	0.00322309837979	0.0316180124472	-0.000519579951216	-0.0208149778741	0.00145347677575	-0.000786959284171	-0.10459015621	0.000864549314007	-0.0282505601142	1.0	-0.0285010210739	-0.0100433917691	0.0664828847622	0.056876644196	-0.0226373064605	-0.0192677389299	-0.0607255158961	0.00405917034966	0.00658004403322	0.00959833936082	0.0521995205236	-0.0190107613635	-0.0301337619767	-0.00887831543213	0.0266717470851	-0.00656611710238	-0.044281446818	0.00039035536742	-0.0189698809388	-0.0324679327179	0.00998967025844	0.0357697591115	-0.0365361935635	0.0524511460567	-0.0502424429735	0.00505465073733	-0.0506630244468	-0.021519170248	-0.00691304329239	0.0552787627722	0.0055213109841
k__Bacteria;p__Bacteroidetes;c__Bacteroidia;o__Bacteroidales;f__Porphyromonadaceae;g__Parabacteroides;s__Parabacteroides_johnsonii	-0.00670766132634	0.0617507088879	0.023900172771	-0.0317528088356	-0.0599043808294	0.0460285989428	-0.0817019373424	-0.00270632034238	0.00402644254562	0.0226402118288	-0.0190293061618	0.0338944030833	0.0242506185523	0.0225953621736	-0.0832464423366	-0.0198952903122	-0.0118621692527	-0.00458778607534	-0.0115393398745	0.0679063557937	-0.0197176378845	0.0849401902664	0.0411590632387	0.0422470803682	-0.0508590671087	-0.0271270525489	0.00580101829859	-0.0285010210739	1.0	-0.0204470856319	-0.0249583578355	-0.00394133193329	-0.0136054538713	-0.0161279188344	0.0238671061851	0.00930788713703	0.0469332273647	-0.0130192206738	-0.0420629133891	-0.0683988912851	0.0557153678413	-0.0267098759643	0.0052199057357	-0.0825712193967	0.0192125854338	-0.0734695709496	-0.00067271952554	-0.00169152734989	0.0424174240546	-0.028985946955	0.00118933112068	-0.0218847509402	0.000825371209615	-0.0289854360004	-0.018171687766	-0.115192630343	0.0169464232445	-0.0518980876041	-0.0283490514976
k__Bacteria;p__Actinobacteria;c__Actinobacteria;o__Bifidobacteriales;f__Bifidobacteriaceae;g__Bifidobacterium;s__Bifidobacterium_longum	-0.0373048386462	0.00464038219308	-0.0177989008672	0.0215405877266	0.000772707906308	-0.0213474925229	0.0313708039315	0.0665692998958	-0.0189599417735	-0.0160601524874	0.128166492258	-0.0647312296731	-0.0837820505966	0.00594112364884	-0.0361234866351	-0.0182067202882	-0.023261648129	0.0158068018333	-0.0031515701194	0.0162412297268	-0.00498366212867	-0.0146319594288	0.0349245298506	-0.00763440374167	-0.0231339745397	-0.0171689168365	-0.0240861208975	-0.0100433917691	-0.0204470856319	1.0	-0.0272514254416	-0.0318169148649	0.0467498969938	-0.0488491997698	0.00217133055259	0.0102303118257	0.0173033976756	0.0243368069098	-0.0746577162409	0.011267949845	-0.0581361280296	0.00720611915806	0.0100888212904	0.0377255801397	-0.098586077375	0.0695160628065	0.0104141257374	0.0570207578268	-0.0117365152328	0.0398699451012	-0.0319123409758	0.000677617535996	-0.027466629709	-0.0726809892876	0.0347217531224	-0.0496091865074	-0.0347670123755	0.0180749465106	-0.00354651945679
