#taxonomy	k__Bacteria;p__Bacteroidetes;c__Bacteroidia;o__Bacteroidales;f__Bacteroidaceae;g__Bacteroides;s__Bacteroides_vulgatus	k__Bacteria;p__Bacteroidetes;c__Bacteroidia;o__Bacteroidales;f__Bacteroidaceae;g__Bacteroides;s__Bacteroides_uniformis	k__Bacteria;p__Bacteroidetes;c__Bacteroidia;o__Bacteroidales;f__Rikenellaceae;g__Alistipes;s__Alistipes_putredinis	k__Bacteria;p__Bacteroidetes;c__Bacteroidia;o__Bacteroidales;f__Prevotellaceae;g__Prevotella;s__Prevotella_copri	k__Bacteria;p__Bacteroidetes;c__Bacteroidia;o__Bacteroidales;f__Bacteroidaceae;g__Bacteroides;s__Bacteroides_stercoris	k__Bacteria;p__Bacteroidetes;c__Bacteroidia;o__Bacteroidales;f__Bacteroidaceae;g__Bacteroides;s__Bacteroides_ovatus	k__Bacteria;p__Bacteroidetes;c__Bacteroidia;o__Bacteroidales;f__Rikenellaceae;g__Alistipes;s__Alistipes_shahii	k__Bacteria;p__Firmicutes;c__Clostridia;o__Clostridiales;f__Ruminococcaceae;g__Faecalibacterium;s__Faecalibacterium_prausnitzii	k__Bacteria;p__Bacteroidetes;c__Bacteroidia;o__Bacteroidales;f__Rikenellaceae;g__Alistipes;s__Alistipes_finegoldii	k__Bacteria;p__Bacteroidetes;c__Bacteroidia;o__Bacteroidales;f__Porphyromonadaceae;g__Parabacteroides;s__Parabacteroides_distasonis	k__Bacteria;p__Bacteroidetes;c__Bacteroidia;o__Bacteroidales;f__Bacteroidaceae;g__Bacteroides;s__Bacteroides_thetaiotaomicron	k__Bacteria;p__Bacteroidetes;c__Bacteroidia;o__Bacteroidales;f__Bacteroidaceae;g__Bacteroides;s__Bacteroides_coprocola	k__Bacteria;p__Bacteroidetes;c__Bacteroidia;o__Bacteroidales;f__Bacteroidaceae;g__Bacteroides;s__Bacteroides_cellulosilyticus	k__Bacteria;p__Bacteroidetes;c__Bacteroidia;o__Bacteroidales;f__Rikenellaceae;g__Alistipes;s__Alistipes_obesi	k__Bacteria;p__Firmicutes;c__Clostridia;o__Clostridiales;f__Lachnospiraceae;g__;s__[Eubacterium]_rectale	k__Bacteria;p__Bacteroidetes;c__Bacteroidia;o__Bacteroidales;f__Bacteroidaceae;g__Bacteroides;s__Bacteroides_plebeius	k__Bacteria;p__Bacteroidetes;c__Bacteroidia;o__Bacteroidales;f__Bacteroidaceae;g__Bacteroides;s__Bacteroides_fragilis	k__Bacteria;p__Proteobacteria;c__Betaproteobacteria;o__Burkholderiales;f__Sutterellaceae;g__Sutterella;s__Sutterella_wadsworthensis	k__Bacteria;p__Bacteroidetes;c__Bacteroidia;o__Bacteroidales;f__Porphyromonadaceae;g__Barnesiella;s__Barnesiella_intestinihominis	k__Bacteria;p__Bacteroidetes;c__Bacteroidia;o__Bacteroidales;f__Odoribacteraceae;g__Odoribacter;s__Odoribacter_splanchnicus	k__Bacteria;p__Bacteroidetes;c__Bacteroidia;o__Bacteroidales;f__Bacteroidaceae;g__Bacteroides;s__Bacteroides_salyersiae	k__Bacteria;p__Firmicutes;c__Clostridia;o__Clostridiales;f__Ruminococcaceae;g__Ruminiclostridium;s__[Eubacterium]_siraeum	k__Bacteria;p__Proteobacteria;c__Betaproteobacteria;o__Burkholderiales;f__Sutterellaceae;g__Parasutterella;s__Parasutterella_excrementihominis	k__Bacteria;p__Actinobacteria;c__Actinobacteria;o__Bifidobacteriales;f__Bifidobacteriaceae;g__Bifidobacterium;s__Bifidobacterium_adolescentis	k__Bacteria;p__Firmicutes;c__Clostridia;o__Clostridiales;f__Oscillospiraceae;g__Oscillibacter;s__Oscillibacter_sp._KLE_1745	k__Bacteria;p__Bacteroidetes;c__Bacteroidia;o__Bacteroidales;f__Bacteroidaceae;g__Bacteroides;s__Bacteroides_coprophilus	k__Bacteria;p__Firmicutes;c__Clostridia;o__Clostridiales;f__Lachnospiraceae;g__Roseburia;s__Roseburia_intestinalis	k__Bacteria;p__Firmicutes;c__Clostridia;o__Clostridiales;f__Lachnospiraceae;g__Roseburia;s__Roseburia_hominis	k__Bacteria;p__Bacteroidetes;c__Bacteroidia;o__Bacteroidales;f__Porphyromonadaceae;g__Parabacteroides;s__Parabacteroides_johnsonii	k__Bacteria;p__Actinobacteria;c__Actinobacteria;o__Bifidobacteriales;f__Bifidobacteriaceae;g__Bifidobacterium;s__Bifidobacterium_longum	k__Bacteria;p__Firmicutes;c__Clostridia;o__Clostridiales;f__;g__Flavonifractor;s__Flavonifractor_plautii	k__Bacteria;p__Firmicutes;c__Clostridia;o__Clostridiales;f__Clostridiaceae;g__Clostridium;s__Clostridium_phoceensis	k__Bacteria;p__Verrucomicrobia;c__Verrucomicrobiae;o__Verrucomicrobiales;f__Akkermansiaceae;g__Akkermansia;s__Akkermansia_muciniphila	k__Bacteria;p__Bacteroidetes;c__Bacteroidia;o__Bacteroidales;f__Prevotellaceae;g__Paraprevotella;s__Paraprevotella_xylaniphila	k__Bacteria;p__Firmicutes;c__Clostridia;o__Clostridiales;f__Ruminococcaceae;g__Ruminococcus;s__Ruminococcus_callidus	k__Bacteria;p__Bacteroidetes;c__Bacteroidia;o__Bacteroidales;f__Rikenellaceae;g__Alistipes;s__Alistipes_senegalensis	k__Bacteria;p__Firmicutes;c__Clostridia;o__Clostridiales;f__Lachnospiraceae;g__Blautia;s__Blautia_sp._KLE_1732	k__Bacteria;p__Bacteroidetes;c__Bacteroidia;o__Bacteroidales;f__Bacteroidaceae;g__Bacteroides;s__Bacteroides_oleiciplenus	k__Bacteria;p__Firmicutes;c__Clostridia;o__Clostridiales;f__Ruminococcaceae;g__Ruminococcus;s__Ruminococcus_bicirculans	k__Bacteria;p__Bacteroidetes;c__Bacteroidia;o__Bacteroidales;f__Bacteroidaceae;g__Bacteroides;s__Bacteroides_fluxus	k__Bacteria;p__Bacteroidetes;c__Bacteroidia;o__Bacteroidales;f__Prevotellaceae;g__Prevotella;s__Prevotella_stercorea	k__Bacteria;p__Firmicutes;c__Clostridia;o__Clostridiales;f__Lachnospiraceae;g__Dorea;s__Dorea_longicatena	k__Bacteria;p__Firmicutes;c__Clostridia;o__Clostridiales;f__Eubacteriaceae;g__Eubacterium;s__[Eubacterium]_eligens	k__Bacteria;p__Firmicutes;c__Clostridia;o__Clostridiales;f__Ruminococcaceae;g__;s__Ruminococcaceae_bacterium_D16	k__Bacteria;p__Firmicutes;c__Clostridia;o__Clostridiales;f__Lachnospiraceae;g__Coprococcus;s__Coprococcus_comes	k__Bacteria;p__Proteobacteria;c__Gammaproteobacteria;o__Enterobacterales;f__Enterobacteriaceae;g__Escherichia;s__Escherichia_coli	k__Bacteria;p__Firmicutes;c__Clostridia;o__Clostridiales;f__Ruminococcaceae;g__Anaerotruncus;s__Anaerotruncus_colihominis	k__Bacteria;p__Firmicutes;c__Clostridia;o__Clostridiales;f__Lachnospiraceae;g__Blautia;s__Blautia_obeum	k__Bacteria;p__Bacteroidetes;c__Bacteroidia;o__Bacteroidales;f__Odoribacteraceae;g__Odoribacter;s__Odoribacter_laneus	k__Bacteria;p__Firmicutes;c__Clostridia;o__Clostridiales;f__Ruminococcaceae;g__Ruminiclostridium;s__[Clostridium]_leptum	k__Bacteria;p__Bacteroidetes;c__Bacteroidia;o__Bacteroidales;f__Porphyromonadaceae;g__Parabacteroides;s__Parabacteroides_goldsteinii	k__Bacteria;p__Firmicutes;c__Clostridia;o__Clostridiales;f__Lachnospiraceae;g__Anaerostipes;s__Anaerostipes_hadrus	k__Bacteria;p__Firmicutes;c__Clostridia;o__Clostridiales;f__Ruminococcaceae;g__Ruminococcus;s__Ruminococcus_lactaris	k__Bacteria;p__Firmicutes;c__Clostridia;o__Clostridiales;f__Clostridiaceae;g__Clostridium;s__Clostridium_sp._L2-50	k__Bacteria;p__Firmicutes;c__Clostridia;o__Clostridiales;f__Clostridiaceae;g__Clostridium;s__Clostridium_sp._M62/1	k__Bacteria;p__Firmicutes;c__Clostridia;o__Clostridiales;f__;g__Intestinimonas;s__Intestinimonas_butyriciproducens	k__Bacteria;p__Actinobacteria;c__Actinobacteria;o__Bifidobacteriales;f__Bifidobacteriaceae;g__Bifidobacterium;s__Bifidobacterium_bifidum	k__Bacteria;p__Firmicutes;c__Negativicutes;o__Veillonellales;f__Veillonellaceae;g__Dialister;s__Dialister_invisus	k__Bacteria;p__Bacteroidetes;c__Bacteroidia;o__Bacteroidales;f__Bacteroidaceae;g__Bacteroides;s__Bacteroides_salanitronis
k__Bacteria;p__Bacteroidetes;c__Bacteroidia;o__Bacteroidales;f__Bacteroidaceae;g__Bacteroides;s__Bacteroides_vulgatus	1.0	0.00123934539458	0.0397376307947	-0.0281701610006	0.0287648664193	0.0236397171781	0.00694954636862	0.0305059649444	0.016964110111	0.0197326364289	0.0106999790969	0.00521998621739	0.00520041189699	-0.0387823352944	-0.0156312999334	-0.033433511919	0.0136057944761	-0.0670346632019	-0.0294871111	-0.0898781482993	-0.00161792102043	0.0827533533107	-0.0144725495753	-0.0824141874407	-0.0521959259033	-0.0521982749238	0.078389259122	0.0227270425849	-0.0792901349209	-0.0253930732405	0.013322086624	0.0376188550072	0.0375014682961	-0.0220888366421	-0.0374028332725	-0.0168666582487	-0.00108037907108	-0.0360986621869	0.0178697262657	0.0212931256531	0.0164234523666	-0.0587653558266	0.0267477626827	0.0133837818991	0.0319192294623	-0.0173499713346	0.0335623999219	-0.0376113203429	-0.039180052883	-0.0284094323124	0.0166432191314	-0.031255652642	-0.0438797917756	0.0013135128384	-0.0386972469033	-0.044241726259	-0.062570285345	-0.0692073660081	0.027124565463
k__Bacteria;p__Bacteroidetes;c__Bacteroidia;o__Bacteroidales;f__Bacteroidaceae;g__Bacteroides;s__Bacteroides_uniformis	0.00123934539458	1.0	0.0256504965358	0.0513349336286	0.0524058241866	-0.0632468838835	-0.0245979276783	-0.0175312805991	0.0312379136599	-0.035790253805	0.0648355508488	-0.0109602497483	0.00648808893767	-0.0641071518257	-0.0925912316556	-0.0759451716533	0.0115800364323	-0.00881529835256	-0.0300201153915	0.0230032042045	0.068689947726	-0.000564748028177	-0.034114553729	0.0416200422708	0.0689614109908	0.0115784647165	0.0104125376121	-0.0354522245802	-0.0608501162001	-0.0442152907036	-0.0821742295294	-0.0041464237845	-0.0269877757073	-0.00886321262157	0.0199370917263	0.0272325059082	0.0345016794634	0.0754658468973	0.0240943381286	0.0164584831184	-0.0582008131821	-0.0558008111514	0.000543531358373	-0.0654061309432	-0.0230139993324	0.000421732527703	0.0217976494375	-0.0616399794418	-0.040632796251	-0.0182739638761	-0.0138536172397	-0.0383932334539	-0.0110352509153	0.021832832805	-0.0182687047981	-0.00804914431396	-0.0115404313056	-0.0349613885497	0.07510916487
k__Bacteria;p__Bacteroidetes;c__Bacteroidia;o__Bacteroidales;f__Rikenellaceae;g__Alistipes;s__Alistipes_putredinis	0.0397376307947	0.0256504965358	1.0	-0.0126278068039	0.0372696167546	-0.0322662066001	-0.0656690439876	0.00686485346936	-0.0745577862389	-0.00290931424805	-0.0287277682833	0.0171278987494	-0.0296840705341	-0.0254197905806	0.0514218013386	-0.0352621168518	0.00546891763438	-0.0548336042379	0.0261846629568	0.0376392522646	0.0402394006284	0.0267390036233	0.00970569112427	-0.039184919664	0.0150445374797	-0.0267706885108	0.0162849271646	-0.0380152737802	-0.0282981073998	-0.0240699449018	-0.0073784438077	0.0245134830128	-0.0904927802287	0.0301311029263	-0.0167442266721	0.0665221099833	-0.0473946471233	0.00800565783919	0.047214555039	0.0185526166981	-0.0504280481518	-0.0277368935636	-0.0619907215206	-0.0136302333145	-0.00176110031925	0.0108124711584	-0.0379665405199	0.041966136723	-0.00862461387026	-0.0372379882178	0.0470101061668	-0.0822761600719	0.0176103086057	0.0426688442808	-0.00823179468419	-0.00721752895536	0.0453860577067	-0.0570325885808	-0.00618847646304
k__Bacteria;p__Bacteroidetes;c__Bacteroidia;o__Bacteroidales;f__Prevotellaceae;g__Prevotella;s__Prevotella_copri	-0.0281701610006	0.0513349336286	-0.0126278068039	1.0	-0.0728951938093	-0.000813538939539	0.0211725499739	0.0470211953822	0.0225001856862	-0.0476707014147	-0.00896547978724	-0.0380653198661	0.0319225257147	0.0205407242488	0.0551325959469	-0.0269929675465	0.0630181635048	-0.0165251021526	-0.0589738205786	-0.0798781537367	-0.0333048713521	-0.00669713655392	-0.00170966947409	-0.0150661094603	0.0412472518868	-0.0467577746712	-0.0314174430004	-0.0287969275472	-0.00513133965882	-0.0158360590472	0.0158578417849	-0.0376288871307	-0.0144274910615	0.0417589312015	0.0427920693378	-0.0782110200193	0.0251644617545	0.00689422981301	0.00883167203639	-0.0510997990146	-0.0117797685797	0.0654958746323	-0.0257859900904	0.0602282030143	-0.034143656144	-0.0179951983923	-0.00113706176818	0.0164796591535	0.0553382052549	-0.00599505212082	-0.0272231027018	-0.0135158403545	-0.0737778932813	0.0264863250417	0.0140828388908	-0.099588651454	0.0586232124457	-0.05543056018	0.00624760194935
k__Bacteria;p__Bacteroidetes;c__Bacteroidia;o__Bacteroidales;f__Bacteroidaceae;g__Bacteroides;s__Bacteroides_stercoris	0.0287648664193	0.0524058241866	0.0372696167546	-0.0728951938093	1.0	0.0867368150807	-0.00569840109256	-0.0263478577967	-0.0622907691063	-0.0308431353638	0.00801877311035	0.00171454768366	-0.00670337766262	-0.0218667458663	-0.00957846526001	0.0313872287443	-0.0142658523398	0.0259660610799	-0.0210800696402	-0.0339115501602	0.104102602626	-0.0820958117113	-0.0556105438543	0.0220933261804	0.0344286064618	-0.0154419180055	0.00397502932655	-0.0575853539762	-0.00297778389937	-0.0647399645306	0.0184957151116	0.140441068981	-0.0520378188015	-0.109756142398	0.0452896454778	-0.0209025926714	-0.0265913030129	-0.0342683211814	0.00419967041664	-0.0588577488902	-0.0208244862591	-0.0256954547788	-0.00566051125823	-0.0571361891585	0.0197190926928	-0.0318771667801	0.036979973129	0.0452672578614	0.0593507133835	-0.00497463539892	-0.0822843104411	0.0360072929688	-0.0425944196556	-0.033749753493	-0.0439880947674	0.0151425267784	-0.0368737669592	-0.00628070347776	-0.0335316870219
k__Bacteria;p__Bacteroidetes;c__Bacteroidia;o__Bacteroidales;f__Bacteroidaceae;g__Bacteroides;s__Bacteroides_ovatus	0.0236397171781	-0.0632468838835	-0.0322662066001	-0.000813538939539	0.0867368150807	1.0	0.0216728473216	-0.0650269243104	0.0209317258444	0.00115371754896	-0.00526190583958	0.0153578183304	-0.0606660512534	0.0261206538227	-0.0199631160423	-0.044159342654	-0.0157710891969	-0.00537324070237	0.0181446835919	-0.067523938638	0.0605248830859	-0.0260564535978	-0.0281249857139	-0.0274329873688	-0.03231078176	-0.0707527160503	-0.015627839324	-0.021376252785	0.0816850812879	0.0758570100893	0.0061926237731	-0.0428719866672	-0.0153863058393	0.00176147378686	-0.0140301986769	0.0750820884528	-0.0117917436154	-0.0129147409264	0.027795893575	0.0408274057253	-0.0219308796134	-0.0452060632147	-0.0466819546018	0.052202407993	0.0192776402383	0.01668071802	0.0270077694227	-0.0530261027827	-0.00106471919492	-0.0310548700051	-0.00423378641809	-0.00858462280004	0.0394204586891	-0.00977848623356	-0.0535152736212	0.00673212027443	-0.0279223373034	-0.0362127821706	-0.0476721742348
k__Bacteria;p__Bacteroidetes;c__Bacteroidia;o__Bacteroidales;f__Rikenellaceae;g__Alistipes;s__Alistipes_shahii	0.00694954636862	-0.0245979276783	-0.0656690439876	0.0211725499739	-0.00569840109256	0.0216728473216	1.0	0.0189929873666	-0.0384811066374	0.00967234697245	-0.0563762637033	-0.0496290051902	-0.0716765121753	0.0348872217398	-0.086573830096	0.00577533882866	0.0134009435002	0.0283199816411	-0.11148770124	-0.0276293094601	0.0137854275068	-0.032347585959	-0.0450023615446	-0.0570163790744	-0.046056432674	0.0151853040153	0.000626442563145	0.00821603863327	-0.0339325267425	-0.0387388616319	0.0571740398309	0.0174115328946	-0.0280591148077	-0.0477991401653	-0.0131298640494	0.0207688897951	0.0333968248058	0.0191415959911	-0.00181061552404	0.00296364377484	-0.0641253631036	-0.0464318516313	-0.0389808694255	0.028432389383	-0.0890486049837	-0.000879648300323	-0.0250712717275	-0.0430271531394	0.0770745852662	0.0562710824592	-0.0373798528345	0.0628557811031	0.00566336870566	0.0232970111065	-0.00374354358816	0.0052784413528	-0.0228219932815	0.00610726006268	-0.0125370608976
k__Bacteria;p__Firmicutes;c__Clostridia;o__Clostridiales;f__Ruminococcaceae;g__Faecalibacterium;s__Faecalibacterium_prausnitzii	0.0305059649444	-0.0175312805991	0.00686485346936	0.0470211953822	-0.0263478577967	-0.0650269243104	0.0189929873666	1.0	-0.00444806954037	0.00950835363838	0.0281915280485	-0.0792524054076	0.0272884659184	-0.00100911677386	-0.0593774278389	0.0358440756435	0.0578607007072	-0.010501072328	0.00731262706305	-0.00161296344045	-0.0236231579286	0.0110925515931	-0.0716506359757	0.0361439457162	0.00776625998674	0.0139694965966	-0.0526504393982	-0.00205357428608	-0.00606012417964	0.115058885346	-0.0322467839221	0.00578396198209	0.0390169930786	-0.047755587837	0.00385168930797	-0.0799860985216	0.0781414003856	0.0441690483284	-0.0704223620547	-0.0023554177526	-0.0384191565692	-0.0179105635601	0.0417741388113	-0.03033534699	-0.120635742348	0.012646001976	-0.0453064261292	0.00942488983038	0.00810482177281	0.0645998441892	0.0106454710698	0.0108047547459	0.0276322333808	0.0114686010504	0.0672182068359	-0.0839559230145	0.00631432559449	-0.00819453813847	0.0424743345156
k__Bacteria;p__Bacteroidetes;c__Bacteroidia;o__Bacteroidales;f__Rikenellaceae;g__Alistipes;s__Alistipes_finegoldii	0.016964110111	0.0312379136599	-0.0745577862389	0.0225001856862	-0.0622907691063	0.0209317258444	-0.0384811066374	-0.00444806954037	1.0	-0.0517356320514	-0.0412559695448	-0.0327546980136	-0.0390196458211	0.00416049761883	-0.0156194867206	0.0521438225847	-0.0527989674129	0.0144629693627	0.00289938005955	0.0146121749533	-0.0702669818773	0.0028780146655	-0.0215845066998	0.0324055610602	0.00889109320933	0.0400166136015	-0.0419724231561	0.0520096058763	-0.032547286494	-0.0251110191953	0.0213852214504	0.0489229942297	0.028267436109	-0.0296282564128	-0.0148836722359	-0.0222721178399	0.0474319268559	-0.0455751032013	0.0272080273385	0.00427459052852	-0.0361107826694	-0.00052340185187	0.0165485768539	-0.0166097214918	0.0321702608346	-0.00759937977525	-0.0261239172827	-0.0465757699163	0.0124364725041	0.0518038856952	-0.0835120783743	-0.0423588610155	-0.0319559425494	-0.0322814597537	-0.035041105173	-0.0258735493525	0.0800240128487	-0.047995379934	-0.0265420988104
k__Bacteria;p__Bacteroidetes;c__Bacteroidia;o__Bacteroidales;f__Porphyromonadaceae;g__Parabacteroides;s__Parabacteroides_distasonis	0.0197326364289	-0.035790253805	-0.00290931424805	-0.0476707014147	-0.0308431353638	0.00115371754896	0.00967234697245	0.00950835363838	-0.0517356320514	1.0	0.0167948641904	-0.0352825394561	-0.0129687138615	0.0274311033803	0.0118091407084	0.0208801031117	-0.0158147843398	-0.0455251006979	0.0471330530566	-0.0105074838888	-0.0405463987127	0.047221796348	-0.0636457211285	0.0189039966189	-0.0296975230655	0.015278653195	0.0172768234215	-0.00882032986717	0.05935775536	0.0328699346213	-0.01598683532	-0.0262936425242	0.0323696506104	-0.0302013602875	-0.0402230580659	-0.0219441920849	-0.0648201096692	-0.0530637813085	-0.0261603268142	0.0327045264748	-0.0167602057213	-0.0246883394356	0.0229948909064	0.0129431446491	0.00237607693223	-0.0289909366509	-0.0253619404624	-0.0195628415931	-0.0388734322852	-0.0381815750868	0.0143641944828	-0.0301696640039	0.0349121222672	0.0263609503473	-0.0537223005784	0.0579016322692	-0.0042148937317	-0.0626263522343	-0.045556560308
k__Bacteria;p__Bacteroidetes;c__Bacteroidia;o__Bacteroidales;f__Bacteroidaceae;g__Bacteroides;s__Bacteroides_thetaiotaomicron	0.0106999790969	0.0648355508488	-0.0287277682833	-0.00896547978724	0.00801877311035	-0.00526190583958	-0.0563762637033	0.0281915280485	-0.0412559695448	0.0167948641904	1.0	-0.0311498052667	-0.000718117478179	-0.0495645259979	-0.0268218917884	-0.030751323094	-0.0165635022031	-0.023227570731	0.0540911460134	-0.0699803781624	0.0423846646645	-0.0418589158482	-0.106329666342	0.000328111749921	-0.0172560734689	0.0721260947981	-0.0166999809847	-0.0288068146154	-0.0285053575485	-0.0414836483979	-0.0485999116474	0.0317928080182	-0.0845667905243	0.0525732604186	-0.0135290504394	-0.0821974365783	0.0187135607018	-0.0443204511	-0.0103143465876	0.0333185410176	-0.0217810663152	-0.00588351476853	-0.00925258454462	-0.0223889331214	-0.0667696080707	-0.0392050736501	0.0267576475126	-0.00984017691485	-0.0293301633729	0.0237256895607	0.0316386999482	-0.0249908231858	0.00942382827504	-0.0171044312286	0.0423962888565	-0.0459495560772	-0.00607085493195	0.0384013683194	0.0170075918956
k__Bacteria;p__Bacteroidetes;c__Bacteroidia;o__Bacteroidales;f__Bacteroidaceae;g__Bacteroides;s__Bacteroides_coprocola	0.00521998621739	-0.0109602497483	0.0171278987494	-0.0380653198661	0.00171454768366	0.0153578183304	-0.0496290051902	-0.0792524054076	-0.0327546980136	-0.0352825394561	-0.0311498052667	1.0	0.0481713012757	-0.0192070721788	-0.0685033426048	-0.00746329047021	0.0314443423211	-0.00987181652548	0.0114602640803	-0.0223656119068	-0.0104910455608	0.0312330456927	-0.0652600928574	-0.0170267893355	-0.0302692896644	0.0184097609397	-0.0310665731508	-0.000628443625293	-0.0414456568604	-0.0589677157076	0.124525722407	0.00967358858583	0.0333861794713	0.00910998317606	-0.00182520345004	0.0210823426937	-0.033614524622	-0.00550754515228	0.0299458230353	0.00543573582355	-0.0393740650057	-0.000173086667678	-0.0676737124911	-0.0413475887591	0.0312473235456	-0.00567935008035	-0.0271814015487	0.0182949554345	-0.0414102561507	-0.025827890736	0.0170751743008	0.00562306766765	-0.0384770028661	0.0850209954043	0.0623645960431	0.0507807630699	-0.0507238239299	-0.0648709695706	-0.0681340773699
k__Bacteria;p__Bacteroidetes;c__Bacteroidia;o__Bacteroidales;f__Bacteroidaceae;g__Bacteroides;s__Bacteroides_cellulosilyticus	0.00520041189699	0.00648808893767	-0.0296840705341	0.0319225257147	-0.00670337766262	-0.0606660512534	-0.0716765121753	0.0272884659184	-0.0390196458211	-0.0129687138615	-0.000718117478179	0.0481713012757	1.0	-0.00463294646596	-0.0349826678117	-0.0286858789429	0.0364603167476	-0.0142658332653	-0.0226730689043	0.00104055647559	-0.0630474197559	-0.00340344263282	-0.0259718986048	-0.0317107065979	-0.0192549327109	-0.0242919618084	-0.0203443238365	0.0455120851056	0.0204677158459	0.0384937076646	0.0234293323249	-0.0126938857577	-0.0478690574191	0.0433840593969	0.0111914686403	-0.0490390500177	-0.0114170443469	0.0448664270383	0.0485592527452	0.0162185912473	-0.00477720498565	0.0373323333758	-0.00719439158123	-0.00524173290221	0.0112605468443	0.0415741784401	-0.0161471672214	-0.0217884335083	-0.0504648679517	-0.0975626774514	-0.00685991599068	-0.0478959715508	-0.00529773126037	-0.0180012880282	0.00463386910726	0.0179000008896	0.00619021312774	0.00509068109886	0.00933751173439
k__Bacteria;p__Bacteroidetes;c__Bacteroidia;o__Bacteroidales;f__Rikenellaceae;g__Alistipes;s__Alistipes_obesi	-0.0387823352944	-0.0641071518257	-0.0254197905806	0.0205407242488	-0.0218667458663	0.0261206538227	0.0348872217398	-0.00100911677386	0.00416049761883	0.0274311033803	-0.0495645259979	-0.0192070721788	-0.00463294646596	1.0	-0.0541054739544	0.0149357284149	0.0672613647075	-0.0308333438833	-0.00600667342455	0.00792489129122	0.0901518951613	-0.050922340649	-0.0478162890493	0.00477892110323	-0.0215306613825	-0.0305074645528	-0.0449114926513	-0.0186728289483	-0.057345766168	0.014647666754	0.0160312628085	-0.0126472781673	-0.0842720083003	-0.0113497382568	0.024861055995	0.103557952688	0.0146093091663	-0.035719435043	-0.0146076474177	0.00423520573793	0.00834679977699	-0.0473617701217	0.0503677827854	-0.0468987248263	0.016162667083	0.000962771022042	0.038074581559	0.029124499763	-0.0913244537337	-0.0903561699246	-0.0249295616834	0.028175095452	0.0139602502288	-0.0594979831918	-0.0392990486707	-0.0306601736021	0.00774791603396	0.025880543072	-0.048980267243
k__Bacteria;p__Firmicutes;c__Clostridia;o__Clostridiales;f__Lachnospiraceae;g__;s__[Eubacterium]_rectale	-0.0156312999334	-0.0925912316556	0.0514218013386	0.0551325959469	-0.00957846526001	-0.0199631160423	-0.086573830096	-0.0593774278389	-0.0156194867206	0.0118091407084	-0.0268218917884	-0.0685033426048	-0.0349826678117	-0.0541054739544	1.0	0.0219155743691	-0.052766681597	0.00972553464339	0.000413892144887	-0.0145524141482	0.0289928009275	0.00234826487353	0.0420863816519	-0.0787578864426	0.00275408360412	-0.0785293487139	0.00996491579352	0.0139498778762	-0.00332476235636	0.0209682117805	-0.041324188857	0.0492552104732	-0.0183833757991	0.00556721416974	-0.00269389976151	-0.0451189489496	-0.0258060067302	0.0445142263693	0.0627979582954	-0.0375495051307	-0.0499499472206	0.0118229483855	-0.0597812730234	0.0169672522052	0.037060062997	0.0331087233399	-0.0113208297949	0.00218367600373	-0.0701987686428	-0.0453430480576	-0.0517303806754	0.0446168737722	0.0185463528513	-0.0153182081517	0.0222237969808	-0.0400614383352	-0.0393607459577	-0.0581274536365	0.0586357714901
k__Bacteria;p__Bacteroidetes;c__Bacteroidia;o__Bacteroidales;f__Bacteroidaceae;g__Bacteroides;s__Bacteroides_plebeius	-0.033433511919	-0.0759451716533	-0.0352621168518	-0.0269929675465	0.0313872287443	-0.044159342654	0.00577533882866	0.0358440756435	0.0521438225847	0.0208801031117	-0.030751323094	-0.00746329047021	-0.0286858789429	0.0149357284149	0.0219155743691	1.0	0.0240286252079	-0.00185113086701	-0.055917696965	-0.023669623185	-0.0191559574978	-0.0148795129969	-0.0337706719426	0.0844025716846	-0.109873845188	-0.00897408970837	-0.0393442433472	-0.0380612127488	0.00256120450789	-0.0115726618813	0.0204181213484	0.0543456585683	-0.0352301746957	-0.0384715405999	-0.00307889014459	-0.0110123184541	-0.0524807660523	-0.0316520505916	0.00560836266315	0.0481578502891	0.00739034656395	-0.0101471867309	-0.00609022434531	-0.0444600736816	-0.00226917464549	0.0707189641175	-0.0302810211484	-0.0457775158751	0.0119790338583	-0.00369269350721	-0.00476248302127	-0.029377681714	-0.0264618074202	-0.00591525567061	0.00331595493206	-0.0284455671128	-0.00616869547801	0.00902663643878	0.0308755901594
k__Bacteria;p__Bacteroidetes;c__Bacteroidia;o__Bacteroidales;f__Bacteroidaceae;g__Bacteroides;s__Bacteroides_fragilis	0.0136057944761	0.0115800364323	0.00546891763438	0.0630181635048	-0.0142658523398	-0.0157710891969	0.0134009435002	0.0578607007072	-0.0527989674129	-0.0158147843398	-0.0165635022031	0.0314443423211	0.0364603167476	0.0672613647075	-0.052766681597	0.0240286252079	1.0	-0.0863328739689	0.0409750489383	-0.0741845017622	-0.0901806434594	-0.0176515200913	-0.00385732664388	-0.0366311252363	-0.0351682000809	-0.0101960409036	-0.00360435064235	0.0198816263409	-0.0182367851362	-0.025262765537	0.0453031162888	0.0647729505678	-0.00958500587205	-0.0122069006796	-0.0179919261418	-0.0289358419768	-0.015644486606	-0.0263847851766	-0.0603322758545	-0.0119008127559	-0.0298332577806	-0.00635867015865	0.0282728876618	-0.0256757507776	0.0709129355821	0.0142164004788	-0.0253987048221	-0.0434053313738	0.0251675517265	0.0475257727055	-0.0197443318429	-0.0401192818773	-0.104089964212	-0.0265607106707	-0.0572154103295	-0.0255113990497	-0.0413793796369	-0.0197024880178	-0.109982291092
k__Bacteria;p__Proteobacteria;c__Betaproteobacteria;o__Burkholderiales;f__Sutterellaceae;g__Sutterella;s__Sutterella_wadsworthensis	-0.0670346632019	-0.00881529835256	-0.0548336042379	-0.0165251021526	0.0259660610799	-0.00537324070237	0.0283199816411	-0.010501072328	0.0144629693627	-0.0455251006979	-0.023227570731	-0.00987181652548	-0.0142658332653	-0.0308333438833	0.00972553464339	-0.00185113086701	-0.0863328739689	1.0	-0.0161338817012	-0.0254451437135	0.0584810554632	0.0180413838056	-0.0511498185009	0.0913148814965	0.047297968204	-0.0362645477403	-0.11180474309	0.018058108154	0.0663052230164	0.0361384259241	-0.0630663469818	-0.0092950660371	0.0269681579088	0.044497430351	0.0213777138847	0.065214062102	-0.0547212392956	-0.0298850740261	0.0107379546141	-0.0329589195211	-0.0524212763061	0.00930652748838	-0.063498990391	-0.0287386781894	-0.0534675784567	0.030390914031	-0.0490919414492	0.0129741127226	-0.0301925750192	0.0604528903634	-0.00223856563196	-0.0211999480458	0.0635925037649	-0.0801202678072	0.0622946493794	0.0173414174971	0.0242668880483	-0.0560831908487	0.0232258393673
k__Bacteria;p__Bacteroidetes;c__Bacteroidia;o__Bacteroidales;f__Porphyromonadaceae;g__Barnesiella;s__Barnesiella_intestinihominis	-0.0294871111	-0.0300201153915	0.0261846629568	-0.0589738205786	-0.0210800696402	0.0181446835919	-0.11148770124	0.00731262706305	0.00289938005955	0.0471330530566	0.0540911460134	0.0114602640803	-0.0226730689043	-0.00600667342455	0.000413892144887	-0.055917696965	0.0409750489383	-0.0161338817012	1.0	-0.00444789959331	-0.0180446158954	0.0426518250243	0.0301196002802	-0.010325475453	-0.0190930585458	-0.00198815290911	-0.0515640632149	-0.0118493992024	-0.010410286504	-0.0504383119161	-0.0251569161161	0.0244363042916	-0.0310075219978	-0.0285388040714	-0.0196523614083	0.0461140320212	0.000339224778547	0.00429741503449	-0.0856507707064	0.0241301636939	-0.0109972401075	-0.0460639843815	0.0388304924471	-0.0583703648817	0.00815592202415	-0.0393698500791	0.0120880929078	-0.030846092174	-0.018804468019	-0.0387693148328	-0.00258406174389	-0.053725090957	0.0194568551396	-0.0305186558728	0.0413190754706	-0.0191305558755	-0.00316443669674	-0.0550730720248	-0.101376032593
k__Bacteria;p__Bacteroidetes;c__Bacteroidia;o__Bacteroidales;f__Odoribacteraceae;g__Odoribacter;s__Odoribacter_splanchnicus	-0.0898781482993	0.0230032042045	0.0376392522646	-0.0798781537367	-0.0339115501602	-0.067523938638	-0.0276293094601	-0.00161296344045	0.0146121749533	-0.0105074838888	-0.0699803781624	-0.0223656119068	0.00104055647559	0.00792489129122	-0.0145524141482	-0.023669623185	-0.0741845017622	-0.0254451437135	-0.00444789959331	1.0	-0.0661312467653	0.0334600369791	0.0754509361089	0.0299927335736	-0.0214419688451	-0.0364503242076	0.00906134669891	0.0106403581409	-0.00930306226163	0.0242010744623	-0.0322794365849	0.00770522237731	-0.0490851255651	-0.0274416918198	-0.000761201414035	-0.00580307381117	-0.0247727281905	-0.0674850279966	-0.00636390791978	0.010308108039	-0.00233023009917	0.0112262503196	-0.0251858453161	0.00487310699982	-0.0757566877333	0.0177137651622	0.00229445390585	0.0138328035325	-0.0278135843854	0.049151040479	-0.00529768331114	0.0479027566653	0.103748753174	-0.0330387908552	-0.00222548132481	0.0349569013758	-0.0144921291348	0.00579288245554	0.0108648933254
k__Bacteria;p__Bacteroidetes;c__Bacteroidia;o__Bacteroidales;f__Bacteroidaceae;g__Bacteroides;s__Bacteroides_salyersiae	-0.00161792102043	0.068689947726	0.0402394006284	-0.0333048713521	0.104102602626	0.0605248830859	0.0137854275068	-0.0236231579286	-0.0702669818773	-0.0405463987127	0.0423846646645	-0.0104910455608	-0.0630474197559	0.0901518951613	0.0289928009275	-0.0191559574978	-0.0901806434594	0.0584810554632	-0.0180446158954	-0.0661312467653	1.0	0.00357650033912	-0.0242671382707	0.0091508815255	0.0710052697183	-0.0372626387997	0.0704296970674	-0.0781018023825	-0.022962527532	0.0399033465434	-0.0576800245869	0.0221672637714	-0.0339760698355	0.0317636135168	-0.0247977864128	-0.0980296864451	-0.0358454595088	0.0246910105559	-0.0233960089957	-0.0758646731475	-0.042872674814	0.0191196460763	0.00928761405415	-0.019241979472	-0.0488782973134	-0.0232364467787	0.038289930113	-0.0550132055154	-0.0160062787839	-0.0421600412803	-0.0228067331262	-0.0267577945901	0.0555048707386	-0.0453966343463	-0.0204497745759	0.000296211157476	-0.024084308235	-0.0932894628076	-0.0343758769622
k__Bacteria;p__Firmicutes;c__Clostridia;o__Clostridiales;f__Ruminococcaceae;g__Ruminiclostridium;s__[Eubacterium]_siraeum	0.0827533533107	-0.000564748028177	0.0267390036233	-0.00669713655392	-0.0820958117113	-0.0260564535978	-0.032347585959	0.0110925515931	0.0028780146655	0.047221796348	-0.0418589158482	0.0312330456927	-0.00340344263282	-0.050922340649	0.00234826487353	-0.0148795129969	-0.0176515200913	0.0180413838056	0.0426518250243	0.0334600369791	0.00357650033912	1.0	-0.0182265401128	0.0247846258382	0.0327298993762	-0.0170166177003	0.037637005241	0.00224003020032	-0.00303691755475	0.00506425792807	0.0115308356881	-0.033807484602	-0.00547333930125	-0.0244966073015	-0.00986679597846	-0.0789369843589	-0.0182590077195	-0.0156754026073	-0.00963331109814	-0.0262721192537	0.0185676574828	-0.0444813939199	0.00251079558807	-0.0289349425249	0.00266291721904	-0.0733552795992	-0.00211055830103	-0.0251256476677	0.0361865938216	0.0266424649501	0.0240134738719	-0.0535141563162	-0.0250363700397	0.0553781037619	0.000916908691981	-0.0452874643373	-0.0635940425402	-0.0148893950926	0.00246043448746
k__Bacteria;p__Proteobacteria;c__Betaproteobacteria;o__Burkholderiales;f__Sutterellaceae;g__Parasutterella;s__Parasutterella_excrementihominis	-0.0144725495753	-0.034114553729	0.00970569112427	-0.00170966947409	-0.0556105438543	-0.0281249857139	-0.0450023615446	-0.0716506359757	-0.0215845066998	-0.0636457211285	-0.106329666342	-0.0652600928574	-0.0259718986048	-0.0478162890493	0.0420863816519	-0.0337706719426	-0.00385732664388	-0.0511498185009	0.0301196002802	0.0754509361089	-0.0242671382707	-0.0182265401128	1.0	0.000317091873775	-0.00490103393472	-0.0255997697139	0.00264004562514	0.00615051030395	0.0435937878519	0.0277043898299	-0.0263197309808	0.00986251441008	0.0459118485275	-0.000107512354006	0.00846501932422	-0.0433803504477	-0.0356072765522	0.0208398872642	-0.0423460264009	0.0277884390734	-0.0286889874062	-0.0253986073549	-0.0205048727014	-0.00433658649851	0.0253208094885	-0.0391988833613	0.0758445823962	-0.0522396751009	-0.000931088157656	-0.0201148128184	-0.00772390500107	0.0519831040924	-0.0311937412081	-0.0750622235095	-0.0382384294144	0.0317969941725	-0.0423828730643	-0.0670093590738	-0.00741041356696
k__Bacteria;p__Actinobacteria;c__Actinobacteria;o__Bifidobacteriales;f__Bifidobacteriaceae;g__Bifidobacterium;s__Bifidobacterium_adolescentis	-0.0824141874407	0.0416200422708	-0.039184919664	-0.0150661094603	0.0220933261804	-0.0274329873688	-0.0570163790744	0.0361439457162	0.0324055610602	0.0189039966189	0.000328111749921	-0.0170267893355	-0.0317107065979	0.00477892110323	-0.0787578864426	0.0844025716846	-0.0366311252363	0.0913148814965	-0.010325475453	0.0299927335736	0.0091508815255	0.0247846258382	0.000317091873775	1.0	0.0381283933563	-0.0040955143457	-0.103284372935	-0.0172115360181	-0.0642982461606	-0.0654316713217	0.0326268578622	-0.0529032159014	0.0238591137795	0.0278997395907	0.0391500042826	-0.0180707355774	0.0802135693093	-0.103861322038	9.72026944589e-05	-0.0413832000098	0.030999754613	0.00697423425683	-0.0324773549675	-0.0337244598433	-0.00888415590581	0.0156386282674	-0.070548125331	-0.0153636597049	0.00150286297952	0.0313933812479	0.0203293779797	0.0284104389793	-0.0518415124333	-0.0331954344713	0.0132207709767	0.073682526296	-0.102453631889	0.0779698357962	-0.0909643337704
k__Bacteria;p__Firmicutes;c__Clostridia;o__Clostridiales;f__Oscillospiraceae;g__Oscillibacter;s__Oscillibacter_sp._KLE_1745	-0.0521959259033	0.0689614109908	0.0150445374797	0.0412472518868	0.0344286064618	-0.03231078176	-0.046056432674	0.00776625998674	0.00889109320933	-0.0296975230655	-0.0172560734689	-0.0302692896644	-0.0192549327109	-0.0215306613825	0.00275408360412	-0.109873845188	-0.0351682000809	0.047297968204	-0.0190930585458	-0.0214419688451	0.0710052697183	0.0327298993762	-0.00490103393472	0.0381283933563	1.0	0.0178287078119	0.0687417255346	-0.019863201025	-0.132823710652	0.0105694889347	-0.0180824049221	-0.0494246294596	0.0731526092766	-0.028594426642	-0.0256541773815	-0.00342302811217	-0.00784847509844	0.0092979920393	0.0109409298452	-0.0664260480279	-0.0497291012221	0.0197300216746	0.0192699442991	0.0201806389908	0.00675709850429	-0.00453055085585	-0.0435736920864	0.00809612280046	-0.0364605924545	-0.0125766218222	0.0375891102866	-0.025248743578	0.0064799671228	-0.0212155866913	0.0306645134821	0.00985686222569	0.0154607914118	-0.0286077365652	0.0874883151898
k__Bacteria;p__Bacteroidetes;c__Bacteroidia;o__Bacteroidales;f__Bacteroidaceae;g__Bacteroides;s__Bacteroides_coprophilus	-0.0521982749238	0.0115784647165	-0.0267706885108	-0.0467577746712	-0.0154419180055	-0.0707527160503	0.0151853040153	0.0139694965966	0.0400166136015	0.015278653195	0.0721260947981	0.0184097609397	-0.0242919618084	-0.0305074645528	-0.0785293487139	-0.00897408970837	-0.0101960409036	-0.0362645477403	-0.00198815290911	-0.0364503242076	-0.0372626387997	-0.0170166177003	-0.0255997697139	-0.0040955143457	0.0178287078119	1.0	-0.039467051005	0.0245897271194	0.0131737864263	-0.0260631244974	-0.00995362000866	-0.0345903736754	-0.0240419568855	-0.092325025613	-0.0825422163316	0.0263696782207	0.0633966238392	0.0104290349871	-0.0787431889514	-0.0331969893959	0.027271931587	0.0543793441399	-0.0244601429712	-0.00715483175525	0.072292688847	-0.0305632639687	-0.0294405793244	-0.00495099547153	0.0334706332032	0.0554292103857	-0.0509392439241	0.0366296358149	0.0908388905886	0.00238966702937	-0.0450062474942	-0.0208161834258	-0.0413921603954	-0.0587507601752	-0.0241253236247
k__Bacteria;p__Firmicutes;c__Clostridia;o__Clostridiales;f__Lachnospiraceae;g__Roseburia;s__Roseburia_intestinalis	0.078389259122	0.0104125376121	0.0162849271646	-0.0314174430004	0.00397502932655	-0.015627839324	0.000626442563145	-0.0526504393982	-0.0419724231561	0.0172768234215	-0.0166999809847	-0.0310665731508	-0.0203443238365	-0.0449114926513	0.00996491579352	-0.0393442433472	-0.00360435064235	-0.11180474309	-0.0515640632149	0.00906134669891	0.0704296970674	0.037637005241	0.00264004562514	-0.103284372935	0.0687417255346	-0.039467051005	1.0	-0.0238280877093	0.0526892544708	0.0114453777412	-0.0698113311054	-0.0784090422714	-0.0339829422727	0.0319329139819	0.0539799241154	-0.0621536068319	-0.035716137556	-0.0211853920515	-0.0259457254795	-0.0214956550169	0.0109311004558	-0.00814398728648	-0.0285200241848	-0.0415786524155	-0.0790527426231	0.043452740167	0.015345365553	0.00240804882501	-0.0214839234246	-0.00962092045672	0.0501202580735	-0.0768912469019	0.0571567529345	-0.000607926272082	-0.0768976961047	0.0663727161133	-0.0821962415486	-0.03324003356	-0.0208238729456
k__Bacteria;p__Firmicutes;c__Clostridia;o__Clostridiales;f__Lachnospiraceae;g__Roseburia;s__Roseburia_hominis	0.0227270425849	-0.0354522245802	-0.0380152737802	-0.0287969275472	-0.0575853539762	-0.021376252785	0.00821603863327	-0.00205357428608	0.0520096058763	-0.00882032986717	-0.0288068146154	-0.000628443625292	0.0455120851056	-0.0186728289483	0.0139498778762	-0.0380612127488	0.0198816263409	0.018058108154	-0.0118493992024	0.0106403581409	-0.0781018023825	0.00224003020032	0.00615051030395	-0.0172115360181	-0.019863201025	0.0245897271194	-0.0238280877093	1.0	-0.03953238486	-0.0625714010579	0.0259576946549	0.01771655335	0.0188984027621	-0.0309050024121	-0.0133993883289	0.0105167033212	-0.0441011131835	-0.0531053966811	0.0440757347581	0.010901772195	-0.0293779562901	-0.0331112395625	0.0274195857811	0.0410330915782	0.000124498135937	0.0369815834484	-0.0313056114112	-0.00618224610514	0.0331270723275	-0.031291260295	0.00188901577139	-0.0229176801892	0.0247804670778	-0.0388263676843	-0.0136977517046	-0.00220436894493	-0.00683491522455	0.0272273965504	0.0144772537569
k__Bacteria;p__Bacteroidetes;c__Bacteroidia;o__Bacteroidales;f__Porphyromonadaceae;g__Parabacteroides;s__Parabacteroides_johnsonii	-0.0792901349209	-0.0608501162001	-0.0282981073998	-0.00513133965882	-0.00297778389937	0.0816850812879	-0.0339325267425	-0.00606012417964	-0.032547286494	0.05935775536	-0.0285053575485	-0.0414456568604	0.0204677158459	-0.057345766168	-0.00332476235636	0.00256120450789	-0.0182367851362	0.0663052230164	-0.010410286504	-0.00930306226163	-0.022962527532	-0.00303691755475	0.0435937878519	-0.0642982461606	-0.132823710652	0.0131737864263	0.0526892544708	-0.03953238486	1.0	-0.0275178556028	-0.0484341111719	-0.0995963773467	0.0430224847081	-0.027222525436	-0.0680687521099	0.00597052568113	0.00958168638361	-0.0117917672837	0.00559296359631	-0.00596503420099	-0.0105324460009	-0.0672359210519	-0.0746503678446	0.114506866535	-0.0672180034175	0.00877704165154	0.041558120066	0.0291508292987	0.0608926169588	-0.0237321285854	-0.0117430502508	-0.0523006291639	-0.0564241296035	-0.0355916916896	0.00796154053148	-0.00325036162375	-0.0274505593547	-0.0372567549146	-0.0340620124557
k__Bacteria;p__Actinobacteria;c__Actinobacteria;o__Bifidobacteriales;f__Bifidobacteriaceae;g__Bifidobacterium;s__Bifidobacterium_longum	-0.0253930732405	-0.0442152907036	-0.0240699449018	-0.0158360590472	-0.0647399645306	0.0758570100893	-0.0387388616319	0.115058885346	-0.0251110191953	0.0328699346213	-0.0414836483979	-0.0589677157076	0.0384937076646	0.014647666754	0.0209682117805	-0.0115726618813	-0.025262765537	0.0361384259241	-0.0504383119161	0.0242010744623	0.0399033465434	0.00506425792807	0.0277043898299	-0.0654316713217	0.0105694889347	-0.0260631244974	0.0114453777412	-0.0625714010579	-0.0275178556028	1.0	-0.0163359601771	0.0186189005602	0.0182410211632	0.010568756654	-0.0621706701693	-0.0570739742775	-0.126459388415	-0.0064223876302	0.0105913720072	-0.0616856349176	0.0756754631328	-0.0223057533244	0.0245283275681	-0.0484090078802	0.034844565197	0.0911657772118	-0.00978144153995	0.0167816513651	0.000143178620546	0.0635093817674	-0.083132016468	-0.0330270839317	-0.036657800402	-0.0513846624885	0.0174934161783	0.045251116572	0.0498995054077	0.0765083831631	-0.00872706334457
