#taxonomy	k__Bacteria;p__Bacteroidetes;c__Bacteroidia;o__Bacteroidales;f__Bacteroidaceae;g__Bacteroides;s__Bacteroides_vulgatus	k__Bacteria;p__Bacteroidetes;c__Bacteroidia;o__Bacteroidales;f__Bacteroidaceae;g__Bacteroides;s__Bacteroides_uniformis	k__Bacteria;p__Bacteroidetes;c__Bacteroidia;o__Bacteroidales;f__Rikenellaceae;g__Alistipes;s__Alistipes_putredinis	k__Bacteria;p__Bacteroidetes;c__Bacteroidia;o__Bacteroidales;f__Prevotellaceae;g__Prevotella;s__Prevotella_copri	k__Bacteria;p__Bacteroidetes;c__Bacteroidia;o__Bacteroidales;f__Bacteroidaceae;g__Bacteroides;s__Bacteroides_stercoris	k__Bacteria;p__Bacteroidetes;c__Bacteroidia;o__Bacteroidales;f__Bacteroidaceae;g__Bacteroides;s__Bacteroides_ovatus	k__Bacteria;p__Bacteroidetes;c__Bacteroidia;o__Bacteroidales;f__Rikenellaceae;g__Alistipes;s__Alistipes_shahii	k__Bacteria;p__Firmicutes;c__Clostridia;o__Clostridiales;f__Ruminococcaceae;g__Faecalibacterium;s__Faecalibacterium_prausnitzii	k__Bacteria;p__Bacteroidetes;c__Bacteroidia;o__Bacteroidales;f__Rikenellaceae;g__Alistipes;s__Alistipes_finegoldii	k__Bacteria;p__Bacteroidetes;c__Bacteroidia;o__Bacteroidales;f__Porphyromonadaceae;g__Parabacteroides;s__Parabacteroides_distasonis	k__Bacteria;p__Bacteroidetes;c__Bacteroidia;o__Bacteroidales;f__Bacteroidaceae;g__Bacteroides;s__Bacteroides_thetaiotaomicron	k__Bacteria;p__Bacteroidetes;c__Bacteroidia;o__Bacteroidales;f__Bacteroidaceae;g__Bacteroides;s__Bacteroides_coprocola	k__Bacteria;p__Bacteroidetes;c__Bacteroidia;o__Bacteroidales;f__Bacteroidaceae;g__Bacteroides;s__Bacteroides_cellulosilyticus	k__Bacteria;p__Bacteroidetes;c__Bacteroidia;o__Bacteroidales;f__Rikenellaceae;g__Alistipes;s__Alistipes_obesi	k__Bacteria;p__Firmicutes;c__Clostridia;o__Clostridiales;f__Lachnospiraceae;g__;s__[Eubacterium]_rectale	k__Bacteria;p__Bacteroidetes;c__Bacteroidia;o__Bacteroidales;f__Bacteroidaceae;g__Bacteroides;s__Bacteroides_plebeius	k__Bacteria;p__Bacteroidetes;c__Bacteroidia;o__Bacteroidales;f__Bacteroidaceae;g__Bacteroides;s__Bacteroides_fragilis	k__Bacteria;p__Proteobacteria;c__Betaproteobacteria;o__Burkholderiales;f__Sutterellaceae;g__Sutterella;s__Sutterella_wadsworthensis	k__Bacteria;p__Bacteroidetes;c__Bacteroidia;o__Bacteroidales;f__Porphyromonadaceae;g__Barnesiella;s__Barnesiella_intestinihominis	k__Bacteria;p__Bacteroidetes;c__Bacteroidia;o__Bacteroidales;f__Odoribacteraceae;g__Odoribacter;s__Odoribacter_splanchnicus	k__Bacteria;p__Bacteroidetes;c__Bacteroidia;o__Bacteroidales;f__Bacteroidaceae;g__Bacteroides;s__Bacteroides_salyersiae	k__Bacteria;p__Firmicutes;c__Clostridia;o__Clostridiales;f__Ruminococcaceae;g__Ruminiclostridium;s__[Eubacterium]_siraeum	k__Bacteria;p__Proteobacteria;c__Betaproteobacteria;o__Burkholderiales;f__Sutterellaceae;g__Parasutterella;s__Parasutterella_excrementihominis	k__Bacteria;p__Actinobacteria;c__Actinobacteria;o__Bifidobacteriales;f__Bifidobacteriaceae;g__Bifidobacterium;s__Bifidobacterium_adolescentis	k__Bacteria;p__Firmicutes;c__Clostridia;o__Clostridiales;f__Oscillospiraceae;g__Oscillibacter;s__Oscillibacter_sp._KLE_1745	k__Bacteria;p__Bacteroidetes;c__Bacteroidia;o__Bacteroidales;f__Bacteroidaceae;g__Bacteroides;s__Bacteroides_coprophilus	k__Bacteria;p__Firmicutes;c__Clostridia;o__Clostridiales;f__Lachnospiraceae;g__Roseburia;s__Roseburia_intestinalis	k__Bacteria;p__Firmicutes;c__Clostridia;o__Clostridiales;f__Lachnospiraceae;g__Roseburia;s__Roseburia_hominis	k__Bacteria;p__Bacteroidetes;c__Bacteroidia;o__Bacteroidales;f__Porphyromonadaceae;g__Parabacteroides;s__Parabacteroides_johnsonii	k__Bacteria;p__Actinobacteria;c__Actinobacteria;o__Bifidobacteriales;f__Bifidobacteriaceae;g__Bifidobacterium;s__Bifidobacterium_longum	k__Bacteria;p__Firmicutes;c__Clostridia;o__Clostridiales;f__;g__Flavonifractor;s__Flavonifractor_plautii	k__Bacteria;p__Firmicutes;c__Clostridia;o__Clostridiales;f__Clostridiaceae;g__Clostridium;s__Clostridium_phoceensis	k__Bacteria;p__Verrucomicrobia;c__Verrucomicrobiae;o__Verrucomicrobiales;f__Akkermansiaceae;g__Akkermansia;s__Akkermansia_muciniphila	k__Bacteria;p__Bacteroidetes;c__Bacteroidia;o__Bacteroidales;f__Prevotellaceae;g__Paraprevotella;s__Paraprevotella_xylaniphila	k__Bacteria;p__Firmicutes;c__Clostridia;o__Clostridiales;f__Ruminococcaceae;g__Ruminococcus;s__Ruminococcus_callidus	k__Bacteria;p__Bacteroidetes;c__Bacteroidia;o__Bacteroidales;f__Rikenellaceae;g__Alistipes;s__Alistipes_senegalensis	k__Bacteria;p__Firmicutes;c__Clostridia;o__Clostridiales;f__Lachnospiraceae;g__Blautia;s__Blautia_sp._KLE_1732	k__Bacteria;p__Bacteroidetes;c__Bacteroidia;o__Bacteroidales;f__Bacteroidaceae;g__Bacteroides;s__Bacteroides_oleiciplenus	k__Bacteria;p__Firmicutes;c__Clostridia;o__Clostridiales;f__Ruminococcaceae;g__Ruminococcus;s__Ruminococcus_bicirculans	k__Bacteria;p__Bacteroidetes;c__Bacteroidia;o__Bacteroidales;f__Bacteroidaceae;g__Bacteroides;s__Bacteroides_fluxus	k__Bacteria;p__Bacteroidetes;c__Bacteroidia;o__Bacteroidales;f__Prevotellaceae;g__Prevotella;s__Prevotella_stercorea	k__Bacteria;p__Firmicutes;c__Clostridia;o__Clostridiales;f__Lachnospiraceae;g__Dorea;s__Dorea_longicatena	k__Bacteria;p__Firmicutes;c__Clostridia;o__Clostridiales;f__Eubacteriaceae;g__Eubacterium;s__[Eubacterium]_eligens	k__Bacteria;p__Firmicutes;c__Clostridia;o__Clostridiales;f__Ruminococcaceae;g__;s__Ruminococcaceae_bacterium_D16	k__Bacteria;p__Firmicutes;c__Clostridia;o__Clostridiales;f__Lachnospiraceae;g__Coprococcus;s__Coprococcus_comes	k__Bacteria;p__Proteobacteria;c__Gammaproteobacteria;o__Enterobacterales;f__Enterobacteriaceae;g__Escherichia;s__Escherichia_coli	k__Bacteria;p__Firmicutes;c__Clostridia;o__Clostridiales;f__Ruminococcaceae;g__Anaerotruncus;s__Anaerotruncus_colihominis	k__Bacteria;p__Firmicutes;c__Clostridia;o__Clostridiales;f__Lachnospiraceae;g__Blautia;s__Blautia_obeum	k__Bacteria;p__Bacteroidetes;c__Bacteroidia;o__Bacteroidales;f__Odoribacteraceae;g__Odoribacter;s__Odoribacter_laneus	k__Bacteria;p__Firmicutes;c__Clostridia;o__Clostridiales;f__Ruminococcaceae;g__Ruminiclostridium;s__[Clostridium]_leptum	k__Bacteria;p__Bacteroidetes;c__Bacteroidia;o__Bacteroidales;f__Porphyromonadaceae;g__Parabacteroides;s__Parabacteroides_goldsteinii	k__Bacteria;p__Firmicutes;c__Clostridia;o__Clostridiales;f__Lachnospiraceae;g__Anaerostipes;s__Anaerostipes_hadrus	k__Bacteria;p__Firmicutes;c__Clostridia;o__Clostridiales;f__Ruminococcaceae;g__Ruminococcus;s__Ruminococcus_lactaris	k__Bacteria;p__Firmicutes;c__Clostridia;o__Clostridiales;f__Clostridiaceae;g__Clostridium;s__Clostridium_sp._L2-50	k__Bacteria;p__Firmicutes;c__Clostridia;o__Clostridiales;f__Clostridiaceae;g__Clostridium;s__Clostridium_sp._M62/1	k__Bacteria;p__Firmicutes;c__Clostridia;o__Clostridiales;f__;g__Intestinimonas;s__Intestinimonas_butyriciproducens	k__Bacteria;p__Actinobacteria;c__Actinobacteria;o__Bifidobacteriales;f__Bifidobacteriaceae;g__Bifidobacterium;s__Bifidobacterium_bifidum	k__Bacteria;p__Firmicutes;c__Negativicutes;o__Veillonellales;f__Veillonellaceae;g__Dialister;s__Dialister_invisus	k__Bacteria;p__Bacteroidetes;c__Bacteroidia;o__Bacteroidales;f__Bacteroidaceae;g__Bacteroides;s__Bacteroides_salanitronis
k__Bacteria;p__Bacteroidetes;c__Bacteroidia;o__Bacteroidales;f__Bacteroidaceae;g__Bacteroides;s__Bacteroides_vulgatus	1.0	-0.044182766908	-0.0959596667357	-0.0126737451725	-0.0910935116715	0.0433298730163	0.0617830184038	-0.0755944848557	-0.0432150627661	0.0217618319452	0.0684271795278	-0.0296253856783	-0.102869301411	0.000263441553192	-0.0204575553598	-0.0138930851647	0.0535987382833	-0.050101061887	-0.189539281396	-0.0601382990427	0.0100596747008	0.0800204629945	0.0108621251863	-0.058708054588	-0.0221479567766	-0.0931035077276	-0.171788475169	-0.0359114595434	0.0097328113037	-0.022569571318	-0.17240611215	-0.108743796776	0.012315663808	-0.0283709142448	-0.00956441558221	-0.0680504799934	-0.0732103350856	-0.0272023855586	-0.116548220957	0.00285262903867	0.163859180759	-0.148457150247	-0.0859207875501	-0.0941174155616	-0.0689878489144	0.0318036120133	-0.0898767767308	-0.180904644415	0.00286501990126	0.0403039346963	-0.0306528366491	-0.100000120232	-0.046075036041	-0.124212193226	0.0971061898745	0.0366362530113	-0.0811319452146	0.037439745491	-0.087308070334
k__Bacteria;p__Bacteroidetes;c__Bacteroidia;o__Bacteroidales;f__Bacteroidaceae;g__Bacteroides;s__Bacteroides_uniformis	-0.044182766908	1.0	-0.0519681255315	0.0419210579829	-0.0173294206773	0.0524817591364	0.106084599545	0.0113483103604	-0.00148533835628	-0.107251825247	-0.155181766012	0.0261879249048	-0.00786250472876	0.0470691611555	-0.129716293685	-0.0542497067604	-0.0503169441597	-0.0163079830921	-0.0535762139458	-0.0426915793079	-0.138802190894	0.0714868341255	0.00757490102777	0.038433258637	0.00668748301027	-0.0293770358423	-0.18963530736	0.0417918174984	0.0205128022156	-0.0290236960547	-0.0827290082261	-0.0642104258653	-0.0441369276071	0.0135368863735	0.0564267962403	0.10169436126	-0.0566972398549	-0.131153336722	0.0324712519731	-0.0347544944112	-0.103284368232	0.0141107339598	-0.0830771292397	-0.053325948967	0.0838447112505	-0.138180620567	-0.0459131796967	0.054946354129	0.00199553520844	0.148683552885	-0.0177492543625	0.0157473980502	-0.0708405103588	-0.0469888567989	0.0712987232697	-0.0268428210826	-0.0105860892216	0.00886572572629	-0.0473428687225
k__Bacteria;p__Bacteroidetes;c__Bacteroidia;o__Bacteroidales;f__Rikenellaceae;g__Alistipes;s__Alistipes_putredinis	-0.0959596667357	-0.0519681255315	1.0	-0.027731177845	0.00834934529032	-0.0347763827358	-0.0413502870724	0.00195328868879	0.0141773758409	-0.00282430301105	0.0717160177435	-0.00391104201137	0.0147053981741	-0.147429199765	0.00476894274727	-0.025053731419	0.0023831948953	-0.0896002318611	-0.148242682295	0.000165408151433	0.0624985483205	0.0119793292967	-0.0797129919851	0.0441846294307	-0.128161436203	-0.0255155721892	-0.128876168146	-0.0203402325771	-0.061077191213	-0.066486492254	0.0323960964524	-0.0106018428779	-0.0417513584086	-0.123224257977	-0.0757372162561	-0.0309209270213	-0.00120108254958	-0.0694616013191	0.0148264356541	0.0813024336507	0.0263356038615	-0.0528854535058	-0.0544327800956	-0.107857125307	0.0379209093312	-0.0647514615303	-0.0536471560488	-0.0269153758048	-0.100493308428	-0.0962584612331	0.0742925943377	0.0537565125974	-0.0574668544239	-0.0261602770041	-0.0551585511893	-0.0384348883042	-0.0167455009631	-0.0157961048499	-0.0966135463283
k__Bacteria;p__Bacteroidetes;c__Bacteroidia;o__Bacteroidales;f__Prevotellaceae;g__Prevotella;s__Prevotella_copri	-0.0126737451725	0.0419210579829	-0.027731177845	1.0	-0.170437883794	0.0607070822993	-0.0605872838691	-0.0448109338551	-0.0233942878175	0.0827136991589	-0.00673014314687	-0.0595756565	-0.0381563759611	0.0447062118208	-0.064839017558	0.0479403772575	0.00108583021667	0.0158211735126	-0.10081791328	-0.0139101416146	0.0458171067696	-0.0283581834038	-0.125113567813	-0.0141858379692	-0.0953263736186	-0.0154748018192	0.00723578057367	0.00341077804793	-0.0713041346882	-0.0736147907571	-0.0748228235215	0.0231284312021	0.043600448288	0.0132778713407	0.00503566636201	-0.105005562719	-0.0423618950288	-0.0527718443113	-0.0530320736414	-0.0398716835963	0.028138435591	-0.042562721868	0.00916309110219	-0.00326332863559	0.110128828028	-0.086737206676	-0.0733245668548	-0.0801416116193	-0.030357195706	-0.00301268795191	-0.0911297365431	0.0341539007932	-0.164422438663	0.0421549692855	0.0435978426966	-0.147040049607	-0.0202326923399	0.0467188791615	-0.0369331346939
k__Bacteria;p__Bacteroidetes;c__Bacteroidia;o__Bacteroidales;f__Bacteroidaceae;g__Bacteroides;s__Bacteroides_stercoris	-0.0910935116715	-0.0173294206773	0.00834934529032	-0.170437883794	1.0	-0.106703499166	-0.0380706749088	0.00815173967044	-0.0411152824441	0.110480375578	-0.0718230925361	-0.119682117917	-0.11059998278	0.0403999983115	0.0038709224416	0.00931412833621	-0.180073932762	-0.00598231171271	-0.00296182660525	-0.0886158588314	-0.0578361559493	-0.00307311433271	0.0292244286394	-0.0223757089531	0.00290729113958	0.0373831825549	-0.0891222601194	-0.0260691613563	-0.00242872314126	-0.0909623847449	-0.0649323597898	-0.116963769003	-0.139553765098	0.0496809493681	-0.0233698218004	0.0210794997443	-0.110215901991	0.00217927914911	-0.0719477771129	-0.00146041170376	-0.091573582397	0.0758391258142	0.0320806611848	0.046528327726	0.0320515441544	0.0101870962293	-0.0380036516139	0.113777635438	-0.0596256344728	0.0362063673069	0.00265394149126	-0.126564467062	-0.0463567002298	-0.00459445606657	-0.0470033652899	-0.0674969859159	0.109904071867	0.00878439952521	-0.0576282540268
k__Bacteria;p__Bacteroidetes;c__Bacteroidia;o__Bacteroidales;f__Bacteroidaceae;g__Bacteroides;s__Bacteroides_ovatus	0.0433298730163	0.0524817591364	-0.0347763827358	0.0607070822993	-0.106703499166	1.0	-0.0558131311181	0.0529455346584	0.041584762867	0.0469341989709	-0.0520596939404	-0.0312019388286	0.0219394732735	-0.049545327412	-0.0464855889162	-0.0770410991279	-0.0739903106308	-0.103690799681	-0.102687866734	-0.0393093960692	0.0421855695029	-0.0916229417346	-0.049675698943	0.00835171135988	0.0182137232075	0.0487437960377	-0.104841840704	-0.0750303983771	-0.037254748518	0.110806225052	-0.0163954752055	-0.0875166351662	0.0746258219111	-0.0925731863261	-0.06891573099	-0.0306064532327	-0.0597961947807	0.0434922574329	-0.153016583419	-0.161397950205	0.0191346863864	-0.0530211573296	-0.0387837063503	-0.056400826182	0.126075617033	0.0256974471135	-0.0762997639966	0.0552960295542	-0.0629334533629	-0.143417590562	-0.0509183150811	-0.175411426614	-0.0569301160054	-0.0494599457578	0.0910948775853	-0.0292564560814	-0.108773399527	-0.211758532166	0.022922300341
k__Bacteria;p__Bacteroidetes;c__Bacteroidia;o__Bacteroidales;f__Rikenellaceae;g__Alistipes;s__Alistipes_shahii	0.0617830184038	0.106084599545	-0.0413502870724	-0.0605872838691	-0.0380706749088	-0.0558131311181	1.0	0.050284298941	-0.0244719301584	0.0337373290585	-0.106343557918	0.0638176681189	-0.0231664789355	-0.0809970994167	-0.0745908487914	-0.120704928626	0.00677095455578	0.122903542527	-0.0522166180491	0.00866260530778	-0.128665046244	-0.022644786408	-0.00755569336598	-0.0255075841548	0.0352251601244	-0.0697615313085	-0.140973438715	-0.122965718261	-0.0320178498964	-0.0706330910769	-0.0157688761787	-0.0133087380478	-0.146448454527	-0.0313345826104	-0.171227817473	-0.0367345049312	-0.107216649815	-0.125755684632	0.0950728179624	-0.206436129097	-0.093370072968	0.0113981667023	-0.01883150009	-0.0186785458911	-0.0108436377582	0.00105109726339	-0.0519386879838	0.017027684873	-0.0119470361656	0.0372686468805	-0.0102644316166	-0.0709240133924	-0.0243988109157	0.00675336794843	-0.0585843014269	0.0106767730304	-0.101230571566	-0.00577105292467	-0.035020137793
k__Bacteria;p__Firmicutes;c__Clostridia;o__Clostridiales;f__Ruminococcaceae;g__Faecalibacterium;s__Faecalibacterium_prausnitzii	-0.0755944848557	0.0113483103604	0.00195328868879	-0.0448109338551	0.00815173967044	0.0529455346584	0.050284298941	1.0	-0.0821964784634	0.00870670032372	-0.0835571903849	-0.0957924591687	0.0690999486105	0.0429053484369	0.0142926627754	-0.00501312650054	-0.0496473571605	-0.162777085016	-0.0521543701703	-0.0117867931717	-0.00867448806989	-0.09995418579	-0.0341223632473	-0.09612385698	0.0127977441246	-0.138937296844	-0.0371501669882	-0.0719686035379	-0.0214309338648	0.0810060206932	0.0097077191656	-0.0550577131015	-0.0072238930538	-0.081772381357	0.00658787722896	-0.0269215384566	-0.0597926522158	-0.00598364052157	0.00107645126709	-0.0803131448055	-0.0408253727967	0.022491638002	0.0387851815588	0.0444812329198	-0.00719077658986	0.0318630266739	0.0381809549597	0.0174051294795	0.0114419190061	-0.104695736379	0.000503858647178	-0.0381806866377	-0.0223076686057	-0.0226123841848	-0.0585568283258	0.0199357492613	0.0115451765318	0.0497302507423	-0.209866369507
k__Bacteria;p__Bacteroidetes;c__Bacteroidia;o__Bacteroidales;f__Rikenellaceae;g__Alistipes;s__Alistipes_finegoldii	-0.0432150627661	-0.00148533835628	0.0141773758409	-0.0233942878175	-0.0411152824441	0.041584762867	-0.0244719301584	-0.0821964784634	1.0	0.0739536846753	0.00520497184679	-0.039243962156	-0.153200124952	-0.0496823587946	-0.0933657558765	0.0494149215642	0.00557316155572	-0.18040833629	-0.0698305272945	-0.120966067727	-0.0289883166943	0.0081710540298	-0.0718141553649	0.0232642072012	-0.0493820918227	-0.00858823210334	0.0272624932604	-0.0296008431286	0.0304410872806	0.0771990265421	0.0596318679152	-0.0522474221615	0.032173880848	-0.0019337708642	0.02627533098	-0.00613698770825	0.0227405020204	0.0364874964335	-0.0268300371016	0.0318564781133	-0.0857654339229	0.0316660476495	0.0325685448764	0.0801661559505	-0.124643337798	-0.152971984098	-0.0519925889253	-0.0751064906058	-0.078394147168	-0.026139782787	-0.110880296537	0.0687808780289	-0.115291418909	-0.0684678481543	-0.0887799646736	-0.15960167087	-0.0175119703483	0.021154901608	-0.0503971817754
k__Bacteria;p__Bacteroidetes;c__Bacteroidia;o__Bacteroidales;f__Porphyromonadaceae;g__Parabacteroides;s__Parabacteroides_distasonis	0.0217618319452	-0.107251825247	-0.00282430301105	0.0827136991589	0.110480375578	0.0469341989709	0.0337373290585	0.00870670032372	0.0739536846753	1.0	-0.0417557316777	-0.00251224882324	-0.0368721569801	-0.0804177753312	-0.0655620501619	-0.0186179245412	-0.00808033539546	-0.024982987652	0.0727785318569	-0.109411198267	-0.010274391988	-0.0123219580913	-0.107632110228	0.00321417451247	-0.173570006532	-0.0636650589984	-0.108835722728	-0.0902976827242	0.028706219086	-0.0896305608711	-0.0168447881226	-0.12479738093	0.0710488074113	0.00349565187635	-0.107226431089	-0.0474941934816	-0.0236564083065	0.010817879433	-0.0556524371643	-0.0720326960965	-0.0739478145108	-0.0429134709592	-0.11340028589	-0.0320648581472	0.013571230798	-0.114460512583	-0.0204520864974	-0.0186381254846	-0.0570248395593	-0.157985269659	-0.160295327438	-0.0567899379419	-0.0933942647022	0.0243760066799	0.0758314116073	-0.0141444561829	-0.0298849456459	-0.0280386493817	-0.0917849244963
k__Bacteria;p__Bacteroidetes;c__Bacteroidia;o__Bacteroidales;f__Bacteroidaceae;g__Bacteroides;s__Bacteroides_thetaiotaomicron	0.0684271795278	-0.155181766012	0.0717160177435	-0.00673014314687	-0.0718230925361	-0.0520596939404	-0.106343557918	-0.0835571903849	0.00520497184679	-0.0417557316777	1.0	0.0637169247012	-0.0983210036243	-0.0550612805799	-0.0304670494017	-0.0124701857722	-0.0546069900015	-0.101171592355	0.0404444656028	-0.0967029004058	-0.00945697913121	0.0311198928244	-0.156557769489	0.0303948757428	-0.13373226159	-0.0513760498405	0.0213432092205	0.0228441324815	-0.0770166657695	-0.0660698715297	-0.000720388768358	-0.0508631794929	-0.0807231873825	-0.132366212525	-0.0441108489634	-0.085034594677	-0.140878993482	-0.0137069681247	0.00502780316209	-0.00544791312943	-0.0231844880921	-0.00329624454649	-0.0482289443852	-0.24144291228	0.0239927156744	-0.00814611711744	-0.00419756402575	0.0365579208327	0.000548948226508	-0.0164735706456	0.094316960248	0.0364062260403	-0.0971435025702	0.132354826637	-0.0342908854875	-0.0356551413304	-0.0902127535249	0.029388672942	0.0323362734745
k__Bacteria;p__Bacteroidetes;c__Bacteroidia;o__Bacteroidales;f__Bacteroidaceae;g__Bacteroides;s__Bacteroides_coprocola	-0.0296253856783	0.0261879249048	-0.00391104201137	-0.0595756565	-0.119682117917	-0.0312019388286	0.0638176681189	-0.0957924591687	-0.039243962156	-0.00251224882324	0.0637169247012	1.0	-0.0800851962417	-0.178331310106	0.0659034801466	0.0614879530104	-0.144119151909	-0.0172537617152	0.0132017589756	-0.0211901895394	-0.0277180360875	-0.0111023810136	-0.0975307142221	-0.00805324469626	-0.093795742564	-0.142066759696	-0.0500877798612	0.0219812245333	0.0398612653951	-0.119455379282	-0.0893676554834	0.00853023093105	-0.151686507216	-0.0936727686956	-0.0292517507123	0.0153484243196	-0.103736710928	-0.0693427181625	0.0271260451932	0.0466621302268	0.0461960698993	-0.126365460813	-0.0504387648588	-0.101692676437	-0.00909884290985	-0.0323985355972	-0.0491408824396	0.0725373587543	-0.0256570267698	-0.0226469043925	0.0273317823344	-0.0378031999574	0.134214490224	-0.0437231385457	0.112508606587	-0.0252164037186	-0.153298446046	-0.106718410337	-0.00114629393335
k__Bacteria;p__Bacteroidetes;c__Bacteroidia;o__Bacteroidales;f__Bacteroidaceae;g__Bacteroides;s__Bacteroides_cellulosilyticus	-0.102869301411	-0.00786250472876	0.0147053981741	-0.0381563759611	-0.11059998278	0.0219394732735	-0.0231664789355	0.0690999486105	-0.153200124952	-0.0368721569801	-0.0983210036243	-0.0800851962417	1.0	0.0443264073049	-0.0900221870428	-0.0370671459469	0.0154396936728	-0.0402470118529	-0.0951103581999	-0.0114969274169	0.0179797737032	-0.0101562669906	0.0410924043764	0.0459767334366	-0.0114519796345	-0.0786949304236	-0.0574049451785	-0.0410954471524	-0.0276085873105	0.0294064985878	0.0102184831642	0.0274562911902	-0.0352299237375	0.0156097468022	-0.0743613396373	-0.112773629423	-0.0890451332758	-0.0418253878974	-0.108824614156	-0.0400869923063	-0.0038911631722	0.0433269068581	-0.0687092832851	0.0892574303588	-0.00577997270868	0.00878108943329	-0.0246436124998	0.025031498692	-0.0822106328188	-0.163410971819	-0.0293426981357	-0.105132820663	-0.020996011829	0.00186219384099	-0.128214691907	0.0759622552854	-0.0487292711226	0.0303061913856	-0.102464589894
k__Bacteria;p__Bacteroidetes;c__Bacteroidia;o__Bacteroidales;f__Rikenellaceae;g__Alistipes;s__Alistipes_obesi	0.000263441553192	0.0470691611555	-0.147429199765	0.0447062118208	0.0403999983115	-0.049545327412	-0.0809970994167	0.0429053484369	-0.0496823587946	-0.0804177753312	-0.0550612805799	-0.178331310106	0.0443264073049	1.0	0.0224011318735	-0.0468900560999	-0.0873859185532	-0.139645066429	-0.0170893305748	0.0672512871264	0.0231450407321	-0.0615849594132	-0.0175089400415	0.016461580159	-0.119215807354	0.0033804943177	-0.0760722756508	-0.0575096861505	-0.00430997363481	-0.0431116906491	-0.0400764167647	0.0237511956579	0.0242736915549	-0.0673145973195	0.0871687187274	-0.0773158524388	-0.0183198390062	-0.0533570922918	-0.0532878556412	-0.0560665730224	-0.0164811933356	-0.166053701995	-0.0796831531766	-0.0566049361794	0.0121227065524	0.191441979561	-0.059962546702	-0.0736746254973	-0.00752544433822	-0.041344721752	-0.122940600464	-0.095041449477	-0.00108215216951	-0.110280944475	0.0629979145068	-0.090117954804	-0.0278254737192	0.143605881986	-0.0778462608759
k__Bacteria;p__Firmicutes;c__Clostridia;o__Clostridiales;f__Lachnospiraceae;g__;s__[Eubacterium]_rectale	-0.0204575553598	-0.129716293685	0.00476894274727	-0.064839017558	0.0038709224416	-0.0464855889162	-0.0745908487914	0.0142926627754	-0.0933657558765	-0.0655620501619	-0.0304670494017	0.0659034801466	-0.0900221870428	0.0224011318735	1.0	-0.0119901662064	-0.0887006762815	-0.0992405827668	-0.00316002231679	-0.0484732909256	-0.04237746112	-0.124203310621	-0.10561457493	-0.152751517941	-0.0736377914563	0.0111835246768	-0.0348285697848	-0.0218550229229	0.0960665814508	-0.100605085231	0.0223493169863	-0.00688884940301	-0.119941222545	0.136225793676	-0.0130220451321	-0.000714328705107	0.0300628098194	0.0867397857114	0.101549850384	0.0405554555549	-0.181775199056	-0.0723125653239	-0.0354199090231	-0.14527330211	-0.00428755376416	-0.0155830268785	0.027534450895	0.0212048719668	0.000247492335347	-0.070428714009	-0.110215624517	-0.0778955283421	0.0445555956761	-0.000442182463968	0.00993365095974	-0.0124111227379	-0.0159983662731	-0.0375640111285	-0.00311584089729
k__Bacteria;p__Bacteroidetes;c__Bacteroidia;o__Bacteroidales;f__Bacteroidaceae;g__Bacteroides;s__Bacteroides_plebeius	-0.0138930851647	-0.0542497067604	-0.025053731419	0.0479403772575	0.00931412833621	-0.0770410991279	-0.120704928626	-0.00501312650054	0.0494149215642	-0.0186179245412	-0.0124701857722	0.0614879530104	-0.0370671459469	-0.0468900560999	-0.0119901662064	1.0	0.0238267211205	-0.102956906604	0.0257945245162	-0.0798961781188	0.0293225606849	0.0885355895611	0.0496079968613	-0.0925829158392	-0.13350391623	-0.0206216844471	-0.0343311376022	-0.0200913225596	-0.0571797807554	0.0676688695634	-0.00426454820521	-0.0851607457594	-0.0729062719668	-0.013461604209	-0.0173959017259	0.0217573939016	0.0226299005248	-0.0404773933652	-0.14472723761	-0.0263421264101	-0.0193076952412	0.0291715684965	-0.0948312747039	0.0196390476721	0.0123623232126	0.016832078224	-0.108937793604	-0.0648919218673	-0.102157204609	-0.00750282502548	-0.0277049316822	-0.157710165435	0.00704170590399	0.0294538870786	-0.0839314080021	-0.0560770102568	-0.00991785988749	-0.0890039795426	-0.0460193599831
k__Bacteria;p__Bacteroidetes;c__Bacteroidia;o__Bacteroidales;f__Bacteroidaceae;g__Bacteroides;s__Bacteroides_fragilis	0.0535987382833	-0.0503169441597	0.0023831948953	0.00108583021667	-0.180073932762	-0.0739903106308	0.00677095455578	-0.0496473571605	0.00557316155572	-0.00808033539546	-0.0546069900015	-0.144119151909	0.0154396936728	-0.0873859185532	-0.0887006762815	0.0238267211205	1.0	0.0198035314874	-0.0621787000294	-0.0429095449489	0.0292360045061	-0.0189845651001	-0.130691294193	-0.023960354038	0.050105004302	-0.123344179202	-0.0661519790581	-0.130234009391	-0.0921668576935	0.0236852092561	0.0945767549447	-0.0681171798847	-0.0543771534619	0.0235334648578	-0.0183888597562	0.010130552232	-0.144193639189	0.0145231907919	0.0653402135253	-0.0141750771572	0.0176353058974	0.00168616572179	0.0469125786191	-0.0276158532287	-0.038288829606	-0.0795602925816	-0.0488443036706	-0.0326714270077	0.10484611808	-0.0163886477012	-0.163280761406	0.0271575326497	-0.0697116246716	-0.0446515050976	-0.0461112071443	-0.0596122427634	0.0587052966204	0.0315229943529	0.00889676702759
k__Bacteria;p__Proteobacteria;c__Betaproteobacteria;o__Burkholderiales;f__Sutterellaceae;g__Sutterella;s__Sutterella_wadsworthensis	-0.050101061887	-0.0163079830921	-0.0896002318611	0.0158211735126	-0.00598231171271	-0.103690799681	0.122903542527	-0.162777085016	-0.18040833629	-0.024982987652	-0.101171592355	-0.0172537617152	-0.0402470118529	-0.139645066429	-0.0992405827668	-0.102956906604	0.0198035314874	1.0	-0.0789280071019	-0.084676637569	-0.209431293795	-0.0665932979399	-0.0334160954634	0.00840035465412	0.02649864526	-0.0105098534347	-0.11880966288	0.00632707500075	-0.20753932715	-0.00383251902386	-0.0347250452065	-0.0486931408813	-0.0406764843957	-0.0458283147882	0.0323963585963	-0.0584110422033	-0.00441560620303	-0.0963505269148	0.0215709181894	-0.124585961805	0.0668089666479	-0.076225170612	-0.06551357742	0.0194978993204	0.0724574025109	-0.113950529613	-0.107877015677	0.0873733633651	0.00840065107828	-0.0639430728634	-0.0477677342636	0.00948075851216	-0.00780782682803	-0.0477249357984	0.0119562117512	0.00103324200844	0.00450430112885	0.00192916604274	-0.128868859891
k__Bacteria;p__Bacteroidetes;c__Bacteroidia;o__Bacteroidales;f__Porphyromonadaceae;g__Barnesiella;s__Barnesiella_intestinihominis	-0.189539281396	-0.0535762139458	-0.148242682295	-0.10081791328	-0.00296182660525	-0.102687866734	-0.0522166180491	-0.0521543701703	-0.0698305272945	0.0727785318569	0.0404444656028	0.0132017589756	-0.0951103581999	-0.0170893305748	-0.00316002231679	0.0257945245162	-0.0621787000294	-0.0789280071019	1.0	-0.0108530072637	-0.0546018628491	0.0736298038807	-0.0287693700085	-0.0257375517147	0.0579706371483	-0.0686175038778	-0.0622270167079	-0.160148122248	-0.0341402047483	-0.0468330226245	0.0943767544105	0.074596069716	-0.0075496017753	-0.0790496024719	-0.13186340068	-0.0945872174081	-0.021534431071	-0.0405569265695	-0.0288887207864	-0.108250882996	-0.0880591051171	0.126548998001	-0.104955510969	0.131170957763	-0.105956613956	-0.0443080899954	-0.108593961281	-0.0143394563949	0.00601096527989	-0.0593169692417	-0.00164731908187	-0.0554708356678	-0.0189698146294	-0.0502761322301	-0.0947352018362	-0.086338572756	-0.0488849354719	0.023954398693	0.116853779859
k__Bacteria;p__Bacteroidetes;c__Bacteroidia;o__Bacteroidales;f__Odoribacteraceae;g__Odoribacter;s__Odoribacter_splanchnicus	-0.0601382990427	-0.0426915793079	0.000165408151433	-0.0139101416146	-0.0886158588314	-0.0393093960692	0.00866260530778	-0.0117867931717	-0.120966067727	-0.109411198267	-0.0967029004058	-0.0211901895394	-0.0114969274169	0.0672512871264	-0.0484732909256	-0.0798961781188	-0.0429095449489	-0.084676637569	-0.0108530072637	1.0	-0.00323783973561	-0.0564533137949	-0.0716969542296	0.0471115969854	-0.0510299268315	-0.0227373261456	-0.0426490429897	-0.0426669548479	-0.0367290270656	0.0120976075815	-0.116290780668	0.046803209207	-0.00394637385801	0.0781615563346	0.141886107729	-0.0570343361357	-0.04375349391	-0.00370665373604	0.0763939920306	0.0515794583855	-0.0852096212165	-0.116516808712	-0.0636694753795	-0.0263841860735	-0.0439263505833	0.020921666748	-0.0750351919156	-0.0095298587079	-0.0235955173665	-0.00843831985899	-0.0958424842812	0.0286061917659	-0.0175727037173	-0.0515512461324	0.0549333662783	0.0776028442414	-0.0137811744381	-0.056949104863	-0.0471481146521
k__Bacteria;p__Bacteroidetes;c__Bacteroidia;o__Bacteroidales;f__Bacteroidaceae;g__Bacteroides;s__Bacteroides_salyersiae	0.0100596747008	-0.138802190894	0.0624985483205	0.0458171067696	-0.0578361559493	0.0421855695029	-0.128665046244	-0.00867448806989	-0.0289883166943	-0.010274391988	-0.00945697913121	-0.0277180360875	0.0179797737032	0.0231450407321	-0.04237746112	0.0293225606849	0.0292360045061	-0.209431293795	-0.0546018628491	-0.00323783973561	1.0	-0.069390209275	-0.111928928024	-0.0439078723233	-0.075739458123	0.00935363773899	-0.0167951279838	-0.0395244960979	0.122010995347	-0.0923675863332	-0.0509471351751	0.0122540736181	-0.0687578894647	-0.172847872558	-0.0708025609049	-0.0582966143055	0.0866242264371	-0.0785488882591	0.0704707743156	0.0168377031656	-0.0897162693933	0.010798631728	0.00841458892272	-0.0712599473222	-0.145205768289	-0.0143837562021	0.0823206646301	-0.00147885710822	-0.059283385928	-0.112771763725	0.027135136461	0.0369844517111	0.143193653112	0.0499147820145	-0.0579842614672	-0.0869020320616	-0.088009836307	-0.0344986462935	0.0187341253618
k__Bacteria;p__Firmicutes;c__Clostridia;o__Clostridiales;f__Ruminococcaceae;g__Ruminiclostridium;s__[Eubacterium]_siraeum	0.0800204629945	0.0714868341255	0.0119793292967	-0.0283581834038	-0.00307311433271	-0.0916229417346	-0.022644786408	-0.09995418579	0.0081710540298	-0.0123219580913	0.0311198928244	-0.0111023810136	-0.0101562669906	-0.0615849594132	-0.124203310621	0.0885355895611	-0.0189845651001	-0.0665932979399	0.0736298038807	-0.0564533137949	-0.069390209275	1.0	-0.0351957866522	0.0134844782367	0.0349689863385	-0.0269247227326	0.0285869229039	-0.0466761686624	-0.0535968661526	0.0199802137201	-0.0414982366727	-0.09085928636	-0.063101261809	-0.104546453884	-0.016262898807	-0.106702795742	-0.107632440087	-0.0716119461909	-0.00653079739639	0.00365859966459	-0.181025285903	0.0559794778831	-0.00621266732803	0.0428384770113	-0.18929873787	-0.0611718620081	-0.00882858118768	0.0276195093851	-0.074794074127	-0.0417226788021	-0.19477290895	-0.0237768598751	0.0676789081187	-0.0602365235836	-0.0730424624251	-0.0225269431668	-0.022103583562	-0.0547994483053	0.0843028916846
k__Bacteria;p__Proteobacteria;c__Betaproteobacteria;o__Burkholderiales;f__Sutterellaceae;g__Parasutterella;s__Parasutterella_excrementihominis	0.0108621251863	0.00757490102777	-0.0797129919851	-0.125113567813	0.0292244286394	-0.049675698943	-0.00755569336598	-0.0341223632473	-0.0718141553649	-0.107632110228	-0.156557769489	-0.0975307142221	0.0410924043764	-0.0175089400415	-0.10561457493	0.0496079968613	-0.130691294193	-0.0334160954634	-0.0287693700085	-0.0716969542296	-0.111928928024	-0.0351957866522	1.0	-0.0173126869224	-0.0970100960527	-0.050665670569	-0.0231538382855	0.0110391199549	-0.149715694532	-0.0270708407022	0.0558141596827	0.0211677664416	-0.0678398965389	0.19688861463	-0.140061102513	0.0230102407367	0.020640594823	-0.0730332412582	-0.10296690462	-0.015517660772	-0.0409118437767	-0.0499507631591	-0.0232418066631	0.0297799949696	0.0245040250091	0.00351387390521	-0.0681896548634	-0.0111821818098	0.0162129216903	0.028908811476	0.0468985706745	-0.100917423436	0.135395512157	-0.00568063191104	-0.04914426448	0.0224958991613	-0.0907391293891	-0.107946531141	-0.0368781173068
k__Bacteria;p__Actinobacteria;c__Actinobacteria;o__Bifidobacteriales;f__Bifidobacteriaceae;g__Bifidobacterium;s__Bifidobacterium_adolescentis	-0.058708054588	0.038433258637	0.0441846294307	-0.0141858379692	-0.0223757089531	0.00835171135988	-0.0255075841548	-0.09612385698	0.0232642072012	0.00321417451247	0.0303948757428	-0.00805324469626	0.0459767334366	0.016461580159	-0.152751517941	-0.0925829158392	-0.023960354038	0.00840035465412	-0.0257375517147	0.0471115969854	-0.0439078723233	0.0134844782367	-0.0173126869224	1.0	0.0676064733194	-0.147861956923	0.0508144602254	-0.12992396179	0.0312191956598	-0.0896568239424	-0.132362042485	0.0159411876261	-0.0134687432095	-0.0629523298472	0.0826319299399	0.0103802530556	0.0519364257861	-0.0531183430103	0.0181985651556	-0.027734319226	-0.141356504449	-0.0379269002964	-0.027492507557	-0.0116420103192	-0.0539587428833	-0.0215869425677	-0.0623696197891	0.0434796483398	0.108525880884	-0.0720163762955	-0.019922940826	0.0746577453617	0.00616865752918	-0.223286555525	-0.0711231976241	-0.00421848895238	-0.123475564671	0.073479767263	0.0432184111401
k__Bacteria;p__Firmicutes;c__Clostridia;o__Clostridiales;f__Oscillospiraceae;g__Oscillibacter;s__Oscillibacter_sp._KLE_1745	-0.0221479567766	0.00668748301027	-0.128161436203	-0.0953263736186	0.00290729113958	0.0182137232075	0.0352251601244	0.0127977441246	-0.0493820918227	-0.173570006532	-0.13373226159	-0.093795742564	-0.0114519796345	-0.119215807354	-0.0736377914563	-0.13350391623	0.050105004302	0.02649864526	0.0579706371483	-0.0510299268315	-0.075739458123	0.0349689863385	-0.0970100960527	0.0676064733194	1.0	-0.0300232375358	0.00600398765811	-0.0337571370739	-0.086604963804	0.192105900566	-0.0612222603831	-0.0132463589332	0.0309360185355	-0.0913050735968	-0.0489259582482	-0.141516418223	-0.0333398786906	0.0907058441308	0.0463093208397	-0.0502555969558	-0.0620970140513	-0.00936328685048	-0.0211239027216	0.0884678964138	0.0829590224606	-0.0307076833792	-0.0560146308207	-0.0525279985714	-0.0187731117598	-0.123041053234	0.0731573784416	-0.00984772121019	-0.126370450631	0.0325829339622	0.130752417689	0.000300337553032	-0.02667017442	-0.0448355271237	-0.0622473926548
k__Bacteria;p__Bacteroidetes;c__Bacteroidia;o__Bacteroidales;f__Bacteroidaceae;g__Bacteroides;s__Bacteroides_coprophilus	-0.0931035077276	-0.0293770358423	-0.0255155721892	-0.0154748018192	0.0373831825549	0.0487437960377	-0.0697615313085	-0.138937296844	-0.00858823210334	-0.0636650589984	-0.0513760498405	-0.142066759696	-0.0786949304236	0.0033804943177	0.0111835246768	-0.0206216844471	-0.123344179202	-0.0105098534347	-0.0686175038778	-0.0227373261456	0.00935363773899	-0.0269247227326	-0.050665670569	-0.147861956923	-0.0300232375358	1.0	-0.123058636399	0.0399203246051	-0.11981450467	0.0181747907826	-0.122677040414	-0.155962070413	-0.0611408838434	-0.0196488029493	-0.111054649741	0.0109055393525	-0.0438909300886	0.0267321329399	-0.139758615496	-0.0172486933474	-0.14026395661	0.0329350128697	-0.104697213856	-0.0953446641903	-0.00419226336896	-0.082266689122	-0.00168081287063	-0.0320649272113	0.0199992724576	-0.0254557924584	-0.0052203592629	-0.00900173135517	-0.0970959933835	-0.0918281262918	-0.0462787903954	-0.160715532627	0.0979570155815	-0.185082000657	0.0551259260941
k__Bacteria;p__Firmicutes;c__Clostridia;o__Clostridiales;f__Lachnospiraceae;g__Roseburia;s__Roseburia_intestinalis	-0.171788475169	-0.18963530736	-0.128876168146	0.00723578057367	-0.0891222601194	-0.104841840704	-0.140973438715	-0.0371501669882	0.0272624932604	-0.108835722728	0.0213432092205	-0.0500877798612	-0.0574049451785	-0.0760722756508	-0.0348285697848	-0.0343311376022	-0.0661519790581	-0.11880966288	-0.0622270167079	-0.0426490429897	-0.0167951279838	0.0285869229039	-0.0231538382855	0.0508144602254	0.00600398765811	-0.123058636399	1.0	0.0349090866991	-0.0119195386397	0.0576301387237	0.0259613177371	-0.105661463032	0.0270560452605	0.0547174212337	-0.0545510716604	-0.155239834235	0.00168831345779	-0.0661400826741	0.077918422159	-0.00728698446529	-0.0635806926309	-0.0383358049544	0.0102949395954	-0.0505173436895	-0.0437898163955	-0.0361160153522	-0.00801786843675	-0.039206024881	-0.062803727012	-0.126926881865	-0.0751010255266	-0.0959514020621	0.0350146216503	0.0505745434239	0.012518459021	0.09239471073	0.0998870397259	0.118064193156	-0.0528651516309
k__Bacteria;p__Firmicutes;c__Clostridia;o__Clostridiales;f__Lachnospiraceae;g__Roseburia;s__Roseburia_hominis	-0.0359114595434	0.0417918174984	-0.0203402325771	0.00341077804793	-0.0260691613563	-0.0750303983771	-0.122965718261	-0.0719686035379	-0.0296008431286	-0.0902976827242	0.0228441324815	0.0219812245333	-0.0410954471524	-0.0575096861505	-0.0218550229229	-0.0200913225596	-0.130234009391	0.00632707500075	-0.160148122248	-0.0426669548479	-0.0395244960979	-0.0466761686624	0.0110391199549	-0.12992396179	-0.0337571370739	0.0399203246051	0.0349090866991	1.0	0.0372816015961	-0.0107712477585	-0.0271211702611	-0.124786723318	-0.0725929857679	-0.0753375112043	0.0114570507447	-0.170233424121	0.061022097919	-0.0548133569569	-0.0808023569381	-0.00458251479667	-0.0688308289259	-0.0297461306669	0.077416391592	-0.0772977344414	-0.0367826444256	0.00561671928711	-0.100086241237	-0.0295569507648	-0.0565753747317	-0.167042616819	-0.0513610084341	-0.0587970578285	-0.0113407225042	-0.0344030472575	-0.00475427537588	-0.0246259624622	0.0278106832629	-0.0144315769605	-0.0113188137515
k__Bacteria;p__Bacteroidetes;c__Bacteroidia;o__Bacteroidales;f__Porphyromonadaceae;g__Parabacteroides;s__Parabacteroides_johnsonii	0.0097328113037	0.0205128022156	-0.061077191213	-0.0713041346882	-0.00242872314126	-0.037254748518	-0.0320178498964	-0.0214309338648	0.0304410872806	0.028706219086	-0.0770166657695	0.0398612653951	-0.0276085873105	-0.00430997363481	0.0960665814508	-0.0571797807554	-0.0921668576935	-0.20753932715	-0.0341402047483	-0.0367290270656	0.122010995347	-0.0535968661526	-0.149715694532	0.0312191956598	-0.086604963804	-0.11981450467	-0.0119195386397	0.0372816015961	1.0	-0.0430544433761	-0.00626619075478	0.0581961056361	-0.073056204464	0.0239357548619	-0.078212910951	0.0362800620613	0.0539273881303	-0.0867374634353	-0.0959728221145	0.0225285529155	0.00280367818324	0.010215806858	-0.00576700873693	-0.0213456780156	-0.0151674964096	0.0155239983613	0.0519810794243	-0.110581589946	-0.091257875322	0.109131644348	-0.0655758631918	-0.0453046483336	-0.101391411932	-0.143359709633	-0.126818359701	-0.174487925008	-0.0871280702822	0.0264798716618	-0.0314263298641
k__Bacteria;p__Actinobacteria;c__Actinobacteria;o__Bifidobacteriales;f__Bifidobacteriaceae;g__Bifidobacterium;s__Bifidobacterium_longum	-0.022569571318	-0.0290236960547	-0.066486492254	-0.0736147907571	-0.0909623847449	0.110806225052	-0.0706330910769	0.0810060206932	0.0771990265421	-0.0896305608711	-0.0660698715297	-0.119455379282	0.0294064985878	-0.0431116906491	-0.100605085231	0.0676688695634	0.0236852092561	-0.00383251902386	-0.0468330226245	0.0120976075815	-0.0923675863332	0.0199802137201	-0.0270708407022	-0.0896568239424	0.192105900566	0.0181747907826	0.0576301387237	-0.0107712477585	-0.0430544433761	1.0	0.0662694924188	-0.0589965930411	-0.134562808395	0.0125153875515	0.0434986352622	-0.0040566818443	0.0960817087029	-0.0293072442308	-0.0418681170154	-0.0727725583666	-0.0156619184559	0.0350934130724	-0.0474326395275	-0.0218417098691	-0.0389629902903	0.0526185837604	0.0306866238568	-0.102761484044	-0.00495678841718	-0.0489171602372	-0.0506333569398	-0.0943673968748	-0.00469481865152	-0.0337154057887	0.0167121510259	-0.0786792397379	-0.0665827064532	-0.114681167716	-0.058034599767
