#taxonomy	k__Bacteria;p__Bacteroidetes;c__Bacteroidia;o__Bacteroidales;f__Bacteroidaceae;g__Bacteroides;s__Bacteroides_vulgatus	k__Bacteria;p__Bacteroidetes;c__Bacteroidia;o__Bacteroidales;f__Bacteroidaceae;g__Bacteroides;s__Bacteroides_uniformis	k__Bacteria;p__Bacteroidetes;c__Bacteroidia;o__Bacteroidales;f__Rikenellaceae;g__Alistipes;s__Alistipes_putredinis	k__Bacteria;p__Bacteroidetes;c__Bacteroidia;o__Bacteroidales;f__Prevotellaceae;g__Prevotella;s__Prevotella_copri	k__Bacteria;p__Bacteroidetes;c__Bacteroidia;o__Bacteroidales;f__Bacteroidaceae;g__Bacteroides;s__Bacteroides_stercoris	k__Bacteria;p__Bacteroidetes;c__Bacteroidia;o__Bacteroidales;f__Bacteroidaceae;g__Bacteroides;s__Bacteroides_ovatus	k__Bacteria;p__Bacteroidetes;c__Bacteroidia;o__Bacteroidales;f__Rikenellaceae;g__Alistipes;s__Alistipes_shahii	k__Bacteria;p__Firmicutes;c__Clostridia;o__Clostridiales;f__Ruminococcaceae;g__Faecalibacterium;s__Faecalibacterium_prausnitzii	k__Bacteria;p__Bacteroidetes;c__Bacteroidia;o__Bacteroidales;f__Rikenellaceae;g__Alistipes;s__Alistipes_finegoldii	k__Bacteria;p__Bacteroidetes;c__Bacteroidia;o__Bacteroidales;f__Porphyromonadaceae;g__Parabacteroides;s__Parabacteroides_distasonis	k__Bacteria;p__Bacteroidetes;c__Bacteroidia;o__Bacteroidales;f__Bacteroidaceae;g__Bacteroides;s__Bacteroides_thetaiotaomicron	k__Bacteria;p__Bacteroidetes;c__Bacteroidia;o__Bacteroidales;f__Bacteroidaceae;g__Bacteroides;s__Bacteroides_coprocola	k__Bacteria;p__Bacteroidetes;c__Bacteroidia;o__Bacteroidales;f__Bacteroidaceae;g__Bacteroides;s__Bacteroides_cellulosilyticus	k__Bacteria;p__Bacteroidetes;c__Bacteroidia;o__Bacteroidales;f__Rikenellaceae;g__Alistipes;s__Alistipes_obesi	k__Bacteria;p__Firmicutes;c__Clostridia;o__Clostridiales;f__Lachnospiraceae;g__;s__[Eubacterium]_rectale	k__Bacteria;p__Bacteroidetes;c__Bacteroidia;o__Bacteroidales;f__Bacteroidaceae;g__Bacteroides;s__Bacteroides_plebeius	k__Bacteria;p__Bacteroidetes;c__Bacteroidia;o__Bacteroidales;f__Bacteroidaceae;g__Bacteroides;s__Bacteroides_fragilis	k__Bacteria;p__Proteobacteria;c__Betaproteobacteria;o__Burkholderiales;f__Sutterellaceae;g__Sutterella;s__Sutterella_wadsworthensis	k__Bacteria;p__Bacteroidetes;c__Bacteroidia;o__Bacteroidales;f__Porphyromonadaceae;g__Barnesiella;s__Barnesiella_intestinihominis	k__Bacteria;p__Bacteroidetes;c__Bacteroidia;o__Bacteroidales;f__Odoribacteraceae;g__Odoribacter;s__Odoribacter_splanchnicus	k__Bacteria;p__Bacteroidetes;c__Bacteroidia;o__Bacteroidales;f__Bacteroidaceae;g__Bacteroides;s__Bacteroides_salyersiae	k__Bacteria;p__Firmicutes;c__Clostridia;o__Clostridiales;f__Ruminococcaceae;g__Ruminiclostridium;s__[Eubacterium]_siraeum	k__Bacteria;p__Proteobacteria;c__Betaproteobacteria;o__Burkholderiales;f__Sutterellaceae;g__Parasutterella;s__Parasutterella_excrementihominis	k__Bacteria;p__Actinobacteria;c__Actinobacteria;o__Bifidobacteriales;f__Bifidobacteriaceae;g__Bifidobacterium;s__Bifidobacterium_adolescentis	k__Bacteria;p__Firmicutes;c__Clostridia;o__Clostridiales;f__Oscillospiraceae;g__Oscillibacter;s__Oscillibacter_sp._KLE_1745	k__Bacteria;p__Bacteroidetes;c__Bacteroidia;o__Bacteroidales;f__Bacteroidaceae;g__Bacteroides;s__Bacteroides_coprophilus	k__Bacteria;p__Firmicutes;c__Clostridia;o__Clostridiales;f__Lachnospiraceae;g__Roseburia;s__Roseburia_intestinalis	k__Bacteria;p__Firmicutes;c__Clostridia;o__Clostridiales;f__Lachnospiraceae;g__Roseburia;s__Roseburia_hominis	k__Bacteria;p__Bacteroidetes;c__Bacteroidia;o__Bacteroidales;f__Porphyromonadaceae;g__Parabacteroides;s__Parabacteroides_johnsonii	k__Bacteria;p__Actinobacteria;c__Actinobacteria;o__Bifidobacteriales;f__Bifidobacteriaceae;g__Bifidobacterium;s__Bifidobacterium_longum	k__Bacteria;p__Firmicutes;c__Clostridia;o__Clostridiales;f__;g__Flavonifractor;s__Flavonifractor_plautii	k__Bacteria;p__Firmicutes;c__Clostridia;o__Clostridiales;f__Clostridiaceae;g__Clostridium;s__Clostridium_phoceensis	k__Bacteria;p__Verrucomicrobia;c__Verrucomicrobiae;o__Verrucomicrobiales;f__Akkermansiaceae;g__Akkermansia;s__Akkermansia_muciniphila	k__Bacteria;p__Bacteroidetes;c__Bacteroidia;o__Bacteroidales;f__Prevotellaceae;g__Paraprevotella;s__Paraprevotella_xylaniphila	k__Bacteria;p__Firmicutes;c__Clostridia;o__Clostridiales;f__Ruminococcaceae;g__Ruminococcus;s__Ruminococcus_callidus	k__Bacteria;p__Bacteroidetes;c__Bacteroidia;o__Bacteroidales;f__Rikenellaceae;g__Alistipes;s__Alistipes_senegalensis	k__Bacteria;p__Firmicutes;c__Clostridia;o__Clostridiales;f__Lachnospiraceae;g__Blautia;s__Blautia_sp._KLE_1732	k__Bacteria;p__Bacteroidetes;c__Bacteroidia;o__Bacteroidales;f__Bacteroidaceae;g__Bacteroides;s__Bacteroides_oleiciplenus	k__Bacteria;p__Firmicutes;c__Clostridia;o__Clostridiales;f__Ruminococcaceae;g__Ruminococcus;s__Ruminococcus_bicirculans	k__Bacteria;p__Bacteroidetes;c__Bacteroidia;o__Bacteroidales;f__Bacteroidaceae;g__Bacteroides;s__Bacteroides_fluxus	k__Bacteria;p__Bacteroidetes;c__Bacteroidia;o__Bacteroidales;f__Prevotellaceae;g__Prevotella;s__Prevotella_stercorea	k__Bacteria;p__Firmicutes;c__Clostridia;o__Clostridiales;f__Lachnospiraceae;g__Dorea;s__Dorea_longicatena	k__Bacteria;p__Firmicutes;c__Clostridia;o__Clostridiales;f__Eubacteriaceae;g__Eubacterium;s__[Eubacterium]_eligens	k__Bacteria;p__Firmicutes;c__Clostridia;o__Clostridiales;f__Ruminococcaceae;g__;s__Ruminococcaceae_bacterium_D16	k__Bacteria;p__Firmicutes;c__Clostridia;o__Clostridiales;f__Lachnospiraceae;g__Coprococcus;s__Coprococcus_comes	k__Bacteria;p__Proteobacteria;c__Gammaproteobacteria;o__Enterobacterales;f__Enterobacteriaceae;g__Escherichia;s__Escherichia_coli	k__Bacteria;p__Firmicutes;c__Clostridia;o__Clostridiales;f__Ruminococcaceae;g__Anaerotruncus;s__Anaerotruncus_colihominis	k__Bacteria;p__Firmicutes;c__Clostridia;o__Clostridiales;f__Lachnospiraceae;g__Blautia;s__Blautia_obeum	k__Bacteria;p__Bacteroidetes;c__Bacteroidia;o__Bacteroidales;f__Odoribacteraceae;g__Odoribacter;s__Odoribacter_laneus	k__Bacteria;p__Firmicutes;c__Clostridia;o__Clostridiales;f__Ruminococcaceae;g__Ruminiclostridium;s__[Clostridium]_leptum	k__Bacteria;p__Bacteroidetes;c__Bacteroidia;o__Bacteroidales;f__Porphyromonadaceae;g__Parabacteroides;s__Parabacteroides_goldsteinii	k__Bacteria;p__Firmicutes;c__Clostridia;o__Clostridiales;f__Lachnospiraceae;g__Anaerostipes;s__Anaerostipes_hadrus	k__Bacteria;p__Firmicutes;c__Clostridia;o__Clostridiales;f__Ruminococcaceae;g__Ruminococcus;s__Ruminococcus_lactaris	k__Bacteria;p__Firmicutes;c__Clostridia;o__Clostridiales;f__Clostridiaceae;g__Clostridium;s__Clostridium_sp._L2-50	k__Bacteria;p__Firmicutes;c__Clostridia;o__Clostridiales;f__Clostridiaceae;g__Clostridium;s__Clostridium_sp._M62/1	k__Bacteria;p__Firmicutes;c__Clostridia;o__Clostridiales;f__;g__Intestinimonas;s__Intestinimonas_butyriciproducens	k__Bacteria;p__Actinobacteria;c__Actinobacteria;o__Bifidobacteriales;f__Bifidobacteriaceae;g__Bifidobacterium;s__Bifidobacterium_bifidum	k__Bacteria;p__Firmicutes;c__Negativicutes;o__Veillonellales;f__Veillonellaceae;g__Dialister;s__Dialister_invisus	k__Bacteria;p__Bacteroidetes;c__Bacteroidia;o__Bacteroidales;f__Bacteroidaceae;g__Bacteroides;s__Bacteroides_salanitronis
k__Bacteria;p__Bacteroidetes;c__Bacteroidia;o__Bacteroidales;f__Bacteroidaceae;g__Bacteroides;s__Bacteroides_vulgatus	1.0	-0.0481409434346	0.099622256582	-0.0452491763118	-0.0405332631387	-0.149919919317	-0.00777804289294	-0.0804902165857	-0.104683016567	0.0370424346834	0.0158941537202	-0.0948667129973	-0.0265435566481	0.0180281107999	-0.0649179291227	-0.0057433040746	0.0954839584483	-0.091284495117	-0.0778343585828	0.0178198994661	-0.0748882804088	0.105070698241	-0.0426549058529	-0.040527751998	-0.0168768485148	-0.0037487849991	0.0883145861858	-0.0497298796746	-0.0208220037755	-0.0255358251682	0.0442333958061	-0.0535067367765	-0.0219961001962	-0.0852256752613	-0.0244880135313	-0.0790905067758	-0.0337406426095	-0.0617828792794	-0.111450371429	0.0944086558588	0.00190427099596	0.0267168948812	0.0370422682289	-0.0612787656427	0.0218370075026	-0.0586494178891	-0.0658543128469	-0.062280899682	-0.0308616603781	-0.0065155139546	-0.0430397270617	0.0985632993644	0.0777663787963	-0.0753880439657	-0.0976522694578	-0.0491703559392	0.0528347643089	-0.00120191173006	0.0568968434715
k__Bacteria;p__Bacteroidetes;c__Bacteroidia;o__Bacteroidales;f__Bacteroidaceae;g__Bacteroides;s__Bacteroides_uniformis	-0.0481409434346	1.0	-0.00691025714382	0.0433908860847	-0.00260826473678	-0.0635324123868	-0.0389962705608	-0.0479588829935	-0.0329897326964	-0.0512936397225	-0.0384694758101	0.00411974548032	-0.0337600880826	0.00719804430966	0.0101882491624	-0.0783102080867	-0.0568381295648	-0.0438047457237	-0.0276089606821	-0.0626640733453	-0.0716254578329	-0.0611085171683	-0.175351566175	-0.111353808087	-0.0393647053753	0.0759810092719	-0.108085704652	-0.180008583833	-0.0457721299943	-0.0346745414601	-0.00540444124523	-0.0732709418389	0.117583564402	-0.00901594859302	0.00232113738665	0.00299102298029	0.0747563092661	-0.00863294383724	-0.0961453828128	0.0649980336299	-0.169086605209	-0.00897786896933	-0.0342776383709	-0.0410678292041	-0.086782866616	-0.0125127639432	-0.10014183161	-0.0260399382029	-0.172715175563	-0.0542790059422	-0.0269605562765	-0.0200464237097	0.0372941560601	-0.0185251344482	0.0135883399863	-0.0590504927898	-0.0196671967993	0.0731937438517	-0.0911865697468
k__Bacteria;p__Bacteroidetes;c__Bacteroidia;o__Bacteroidales;f__Rikenellaceae;g__Alistipes;s__Alistipes_putredinis	0.099622256582	-0.00691025714382	1.0	0.0508581808327	-0.0477936166516	-0.117219646471	0.0692437193047	-0.023930131779	-0.00856829402714	-0.0592138681737	-0.0155436002716	0.0211556262806	-0.0350201147256	-0.111927903471	-0.0846446660091	-0.110142710574	0.0364171655358	-0.0154805512538	-0.125108190795	-0.00764236336204	-0.0852690726183	0.0122974191704	-0.134296228704	0.0554972183139	-0.00187968123041	-0.0297813436998	-0.0214077169198	0.0736953081575	-0.0769461121872	-0.14625344388	-0.0522234137616	0.0519426409106	-0.10576435506	-0.112494708742	-0.00377031147325	0.0907998250086	-0.0238883759748	-0.0999639298274	-0.00120955274779	-0.0182568298028	-0.0326712021952	-0.0658422260991	-0.0142630182856	0.0162153667462	-0.0112141890352	0.0948244092565	0.00331474501248	-0.0124025748053	0.0219219533766	-0.140374913592	-0.0826494463767	-0.0700804614542	0.044252059925	0.00154216412989	0.0306718907491	-0.0330000111193	-0.0460890497817	0.00510079119861	-0.00327966521408
k__Bacteria;p__Bacteroidetes;c__Bacteroidia;o__Bacteroidales;f__Prevotellaceae;g__Prevotella;s__Prevotella_copri	-0.0452491763118	0.0433908860847	0.0508581808327	1.0	-0.017628170792	-0.0481176264349	-0.081637808489	-0.0848916667097	0.0281980242564	-0.0723953353197	-0.0319699306196	0.0125728104059	-0.0977901604226	0.0378209583598	0.0287753671164	0.0654843024669	-0.100711528718	0.0761393112222	-0.177039743988	-0.0503868188488	0.0805807303344	0.0497291255654	-0.0293178605629	-0.00672699834416	-0.047294603252	-0.0821505236868	0.00441325601466	0.0161351254825	-0.0144292952062	0.012135453967	-0.0506764501492	-0.0151300359879	-0.0427965902761	0.0747955496522	0.0764055875449	-0.0416068935374	-0.0161726787666	-0.0153557957734	-0.153319158549	-0.0436548033959	-0.0940203737504	-0.0487077046819	-0.0962158319194	-0.00712840350871	0.0162655318267	-0.0800253597475	-0.144017429935	-0.00368589003692	0.0510591469487	0.0528184021998	-0.115547572775	-0.0372902728212	-0.0825473149319	-0.0440488070257	0.0217450761199	-0.0898413921601	-0.119225435834	0.0251893965828	0.0585341974256
k__Bacteria;p__Bacteroidetes;c__Bacteroidia;o__Bacteroidales;f__Bacteroidaceae;g__Bacteroides;s__Bacteroides_stercoris	-0.0405332631387	-0.00260826473678	-0.0477936166516	-0.017628170792	1.0	0.0301874771722	-0.0229818085347	-0.160877461365	-0.118460458517	-0.0529649920808	0.0347123189692	-0.0331574416514	-0.109064240301	-0.0774993190284	-0.0319517724824	0.0197547600517	-0.058341293279	-0.0408739713436	-0.0785884804731	-0.0119652235829	0.037398378571	-0.101728982651	0.00537583395437	0.0504851442711	0.0281312004507	0.066110850525	-0.157414301113	0.0201815696313	-0.0586533790087	-0.00801833055914	0.0659179348843	-0.030282770173	0.00480733858096	0.10936659075	-0.0273072854765	0.00216130361253	-0.147324338768	0.018284621584	-0.106652537516	-0.103161510557	0.0990321945504	0.00574173787309	-0.0433146361144	-0.0938900959259	0.115163308479	-0.0362086243098	-0.0580371664286	0.0299866822797	-0.0399384168348	-0.0421504617352	0.0197093962751	0.0228604831557	0.0160218518585	-0.070027841465	-0.00992382643203	-0.0997913089807	0.0455790386379	0.0436223963604	-0.0530511122871
k__Bacteria;p__Bacteroidetes;c__Bacteroidia;o__Bacteroidales;f__Bacteroidaceae;g__Bacteroides;s__Bacteroides_ovatus	-0.149919919317	-0.0635324123868	-0.117219646471	-0.0481176264349	0.0301874771722	1.0	-0.0630516429873	-0.0722034868011	-0.00879915551646	0.0330761494665	-0.0483823740901	-0.00652567204301	0.136414886176	0.025734794469	-0.0387981096456	-0.0273189471876	-0.0545947957652	-0.138516995799	-0.0743079814955	-0.00855129039926	0.0179375838126	-0.0385029963303	-0.019268619831	0.0683376388193	0.0302552736738	-0.0773802365621	-0.0730219480391	-0.00362347041501	-0.0360649738658	-0.0391575963423	-0.0355372611718	0.0731500372152	-0.0301536587385	-0.0943199721573	-0.0954288945162	-0.127615130625	0.0325894394291	-0.0650225126825	-0.0446743162166	-0.119575001133	-0.0412505580527	-0.093728961209	0.0322449343389	-0.0603188505938	-0.086316441876	0.00054954424452	-0.0393716004317	-0.130198493446	0.107436199789	0.0223624448262	-0.00302246345858	-0.154837442082	0.00941869955583	-0.0863300022302	0.0641526794003	-0.0550632083542	-0.0958229159799	0.092429318214	-0.0605416549491
k__Bacteria;p__Bacteroidetes;c__Bacteroidia;o__Bacteroidales;f__Rikenellaceae;g__Alistipes;s__Alistipes_shahii	-0.00777804289294	-0.0389962705608	0.0692437193047	-0.081637808489	-0.0229818085347	-0.0630516429873	1.0	0.0112859454585	0.0105020750036	-0.0846730582077	-0.0284859997808	-0.0991817336872	-0.0852609764371	-0.0860892226586	-0.0290431814098	-0.00626976091948	-0.0864685857167	0.0601965587994	-0.0355006104939	-0.00928781433353	-0.0127160564562	-0.123465631575	-0.04196790313	-0.0079274543362	-0.0248726361024	-0.0694528389895	-0.0581062143876	-0.086643473793	0.0558094426082	-0.0591287393901	-0.0476631363706	0.126779812463	0.0130755405119	-0.150622702136	-0.00531117830647	-0.0489965764105	-0.182224163183	-0.140726611338	-0.0491518010856	0.00116528444305	-0.0367147931423	-0.0717084455332	-0.0547506417078	-0.0404527432131	-0.0760704350522	0.0814620364611	0.0332187198702	-0.0227340806871	-0.0155599219636	0.0481189177894	-0.0632824377787	-0.0409206819561	0.0543079597579	0.0525336351663	-0.0414397609351	-0.0962643312273	-0.0633148197542	-0.115950856762	0.0564717512991
k__Bacteria;p__Firmicutes;c__Clostridia;o__Clostridiales;f__Ruminococcaceae;g__Faecalibacterium;s__Faecalibacterium_prausnitzii	-0.0804902165857	-0.0479588829935	-0.023930131779	-0.0848916667097	-0.160877461365	-0.0722034868011	0.0112859454585	1.0	-0.0264280640113	0.0282608840293	-0.0358027619094	-0.0942586673957	0.111840321589	-0.0464444734343	0.041292015594	-0.0275595616464	-0.00384211396438	-0.0107227042194	0.0901933217761	-0.0979328974739	0.0242070851543	-0.0861166660861	0.0420343371558	-0.000835122344845	-0.0324349968824	-0.0478422662691	-0.151914155689	-0.043201320852	0.0643850947641	0.00756536140951	-0.0233982840219	-0.032623609061	-0.08491806896	-0.064005051	-0.121041369193	-0.0506361184403	0.0812786796391	0.0855920536425	0.0127348572326	-0.129774359655	-0.0452909776467	-0.154667628519	0.0401595257242	0.0585736608189	-0.000402006397441	-0.0731715432033	-0.0319848755352	0.0234315837176	-0.0964674391472	-0.0350543883622	-0.0088435187998	-0.0705857432851	-0.165882274985	-0.0446150620714	-0.00794262960258	-0.0610923359196	0.0798045051541	-0.0135530640107	-0.0544364227184
k__Bacteria;p__Bacteroidetes;c__Bacteroidia;o__Bacteroidales;f__Rikenellaceae;g__Alistipes;s__Alistipes_finegoldii	-0.104683016567	-0.0329897326964	-0.00856829402714	0.0281980242564	-0.118460458517	-0.00879915551646	0.0105020750036	-0.0264280640113	1.0	-0.0521808567985	0.012360221662	0.0159874075875	-0.113118914186	-0.0720543537557	-0.014219766674	-0.116743763132	0.0290027615594	0.119604367211	-0.233837964008	-0.0549615969063	-0.142085806358	-0.014186599404	0.0483758699848	-0.0857944917848	-0.0322083979422	-0.0359013336862	-0.0047352015656	-0.0468485389907	-0.0552670756231	0.0867800149004	-0.0833696762455	-0.0668130738584	0.0395683090042	-0.176812508976	0.0828224995724	-0.00425565970754	-0.144533325998	0.110463875183	0.0323468622455	0.0161356530147	-0.00109619424359	-0.0773880849493	0.0297502655636	-0.153552420494	-0.0991973903514	0.0125490896141	0.0406224938596	0.0167761822305	0.0557721670936	-0.0791146002745	-0.11942327738	-0.00317782209077	-0.0751326037949	-0.0758659359406	-0.0387126484774	-0.0840089922917	-0.0481406232894	0.0326714551017	0.0902714406232
k__Bacteria;p__Bacteroidetes;c__Bacteroidia;o__Bacteroidales;f__Porphyromonadaceae;g__Parabacteroides;s__Parabacteroides_distasonis	0.0370424346834	-0.0512936397225	-0.0592138681737	-0.0723953353197	-0.0529649920808	0.0330761494665	-0.0846730582077	0.0282608840293	-0.0521808567985	1.0	-0.0626392473234	0.00825403691307	-0.0584938322618	-0.0528343770161	-0.0509893382001	-0.0231422934244	-0.125573975946	-0.0521284358322	-0.0545604994127	-0.0658014038442	0.00515867818858	-0.0859112962892	0.0411452010134	-0.0511765688353	-0.0310566357311	0.132228674907	-0.0647845723521	-0.00484964367654	-0.0826556058794	-0.0324507284209	0.0207553456409	-0.0791038173753	-0.102515937193	-0.0983922967723	-0.00955313916329	-0.0885802579114	-0.0982935945887	0.0396904875532	-0.017126743907	-0.114547339902	0.0351881752312	0.0539539856062	-0.0574210443464	-0.0607394324038	0.11332736027	-0.0456313406875	-0.0573966028647	0.00806040138621	-0.0357594586131	-0.0714471438528	-0.0733003653729	0.0310416670019	0.0389352893418	-0.020625349334	-0.0712483539843	0.0444025915736	0.0390347561679	-0.0557107488525	-0.0445204956447
k__Bacteria;p__Bacteroidetes;c__Bacteroidia;o__Bacteroidales;f__Bacteroidaceae;g__Bacteroides;s__Bacteroides_thetaiotaomicron	0.0158941537202	-0.0384694758101	-0.0155436002716	-0.0319699306196	0.0347123189692	-0.0483823740901	-0.0284859997808	-0.0358027619094	0.012360221662	-0.0626392473234	1.0	0.0147724540092	0.00437402598099	0.182413245456	-0.165335013587	-0.0169565981172	-0.0837301008077	0.0356938918397	0.0371070357749	0.078681750581	-0.143816607419	-0.015902212707	0.0117461971274	0.0065339523721	-0.0694497925345	0.037215808802	0.039264233881	-0.10377776455	0.010189187341	0.0139947701105	0.0123444865282	0.0190552029867	-0.132423603496	0.0393414034344	0.010102965227	-0.00471894339095	-0.0977903874077	-0.0739433385458	0.0787272122315	-0.0102276238272	0.0939202600827	0.0773380612638	-0.051438802132	0.0295205085495	-0.0199461485863	0.0114196618223	-0.0270710541859	-0.0372937310188	-0.0900823523954	-0.110912758649	-0.0399770235355	-0.0183527815617	-0.00829556424595	-0.120875839497	-0.0468330553407	0.014237243278	-0.0716692959342	-0.0651204214981	-0.0397699826732
k__Bacteria;p__Bacteroidetes;c__Bacteroidia;o__Bacteroidales;f__Bacteroidaceae;g__Bacteroides;s__Bacteroides_coprocola	-0.0948667129973	0.00411974548032	0.0211556262806	0.0125728104059	-0.0331574416514	-0.00652567204301	-0.0991817336872	-0.0942586673957	0.0159874075875	0.00825403691307	0.0147724540092	1.0	-0.00337765916982	0.0164295887849	0.0364878798752	-0.00796934615557	-0.0441698150235	0.0811550337517	-0.00485322994105	0.023563687595	-0.0305550322804	-0.131963461786	-0.0871494778355	-0.058970448651	0.0527133423734	-0.0312447148312	0.0245322280194	-0.00943813986036	-0.0488557776293	-0.0349730798418	-0.0855484995618	-0.108629171302	-0.0054600502249	-0.0478811010118	-0.0209456796592	-0.00384463402412	-0.0630055829372	-0.210014575604	0.0176474694042	-0.0538388680202	0.00684841486136	0.0179701949357	0.0691538640456	-0.0444856822662	0.00926636066598	-0.0516551435103	0.0113653772558	-0.0961186121493	0.0501805511071	-0.160471790448	-0.0916886373236	-0.113607689127	-0.0938238182776	-0.0071164361464	-0.0787826520099	0.0477813667524	-0.265168551556	-0.0961263890213	-0.00519592059914
k__Bacteria;p__Bacteroidetes;c__Bacteroidia;o__Bacteroidales;f__Bacteroidaceae;g__Bacteroides;s__Bacteroides_cellulosilyticus	-0.0265435566481	-0.0337600880826	-0.0350201147256	-0.0977901604226	-0.109064240301	0.136414886176	-0.0852609764371	0.111840321589	-0.113118914186	-0.0584938322618	0.00437402598099	-0.00337765916982	1.0	-0.098704246317	-0.104874304714	-0.0406582642901	-0.0448093398864	0.144499498809	-0.0463496308327	0.00752750913761	-0.10090850174	0.0487759382409	-0.130239835529	0.116694197057	-0.0244103422365	-0.21653884376	-0.0205940012816	0.00763719414062	0.00479247349124	0.0402895675568	-0.121638932258	-0.063520002469	-0.0127486713559	-0.125190392275	-0.0563269733287	-0.101342581121	0.0278966730148	0.0644239616477	0.0812186501945	-0.0768557807425	-0.113990411719	0.0101279969886	-0.0183671800004	0.00448870381824	-0.0375269173784	0.0579375474787	0.0583932326425	-0.0459097073167	-0.114862916666	-0.0538763672771	-0.0623028095236	-0.0162901371374	-0.120815171155	-0.021063791616	-0.123531141702	-0.0476885707173	-0.0277736380787	-0.0423512476264	-0.0180014259461
k__Bacteria;p__Bacteroidetes;c__Bacteroidia;o__Bacteroidales;f__Rikenellaceae;g__Alistipes;s__Alistipes_obesi	0.0180281107999	0.00719804430966	-0.111927903471	0.0378209583598	-0.0774993190284	0.025734794469	-0.0860892226586	-0.0464444734343	-0.0720543537557	-0.0528343770161	0.182413245456	0.0164295887849	-0.098704246317	1.0	-0.0479585200459	0.045565999497	-0.097469154727	-0.043631268637	-0.0785606233547	-0.0515853815661	-0.0691501809212	-0.105212920234	-0.034723618272	0.00950084011942	0.0306508948952	-0.0622965842228	0.166056332324	-0.143785993277	0.0214744589525	-0.0721054865261	0.0054599419957	-0.0779618290726	0.0368925676828	0.00250218019578	-0.0852094771524	-0.0845812133848	-0.0134625179104	-0.034957754144	-0.0120020726109	-0.0573766251112	-0.0249902432297	0.0995686831866	-0.0624498670285	-0.0309198546387	-0.0121215123936	-0.0333694585547	-0.143884048752	0.000894916647385	-0.0765773763785	-0.0161996113665	0.0980787217186	-0.0418669246067	-0.0927411406788	-0.13050487908	-0.00309577048042	-0.0484893647907	-0.16875523043	-0.0340505367449	0.0329634585929
k__Bacteria;p__Firmicutes;c__Clostridia;o__Clostridiales;f__Lachnospiraceae;g__;s__[Eubacterium]_rectale	-0.0649179291227	0.0101882491624	-0.0846446660091	0.0287753671164	-0.0319517724824	-0.0387981096456	-0.0290431814098	0.041292015594	-0.014219766674	-0.0509893382001	-0.165335013587	0.0364878798752	-0.104874304714	-0.0479585200459	1.0	0.102468879329	-0.048078392371	-0.00887844751545	-0.0561561722699	-0.00288641551109	-0.0977322785157	-0.085208227552	-0.0773677044685	0.0564621869357	-0.128371508312	0.0361722129469	0.011040980528	-0.0733529087728	-0.0420913102235	0.0524839795725	0.0931823654589	-0.0632179663789	0.0167036701096	-0.0174298349803	0.0585609091338	-0.0685719279188	0.00190773695036	-0.188735976737	-0.0758957257381	0.0239437111991	-0.012967749786	-0.148613878957	-0.0388159010856	-0.0866056061404	0.0523097082044	-0.00823694263349	-0.0110022426846	-0.0175871204334	0.0799063700252	0.0556278712455	0.081685478207	-0.111252856123	-0.13554331581	0.0865805250115	0.0551582544534	-0.0454046802785	0.0648753638975	-0.113984094933	-0.0926481418101
k__Bacteria;p__Bacteroidetes;c__Bacteroidia;o__Bacteroidales;f__Bacteroidaceae;g__Bacteroides;s__Bacteroides_plebeius	-0.0057433040746	-0.0783102080867	-0.110142710574	0.0654843024669	0.0197547600517	-0.0273189471876	-0.00626976091948	-0.0275595616464	-0.116743763132	-0.0231422934244	-0.0169565981172	-0.00796934615557	-0.0406582642901	0.045565999497	0.102468879329	1.0	0.118368273145	-0.0371906691482	0.0812988859385	-0.0203230950448	-0.0916435210821	-0.204870813538	0.0119747375357	-0.017931716125	-0.00811296543634	-0.0291837156802	-0.111040923103	-0.153719244582	-0.0402678083704	-0.0523306285538	0.0173273359106	-0.039502717112	-0.0494645391667	0.00370407811629	0.0149004674965	-0.00953010278435	-0.0484773391228	0.0105560719588	0.00180910169447	0.0785022776159	-0.0876656886823	-0.0309959018603	0.0265821779644	0.0246768998429	-0.00163505098554	-0.0332914083263	-0.0624879704205	0.0305280077611	-0.090247885336	0.0241794362029	-0.0508424945045	-0.118135014894	-0.0735400716707	0.0789279967869	0.0112372522863	0.000796796759295	0.0488875902807	-0.0364282315037	-0.0220113801069
k__Bacteria;p__Bacteroidetes;c__Bacteroidia;o__Bacteroidales;f__Bacteroidaceae;g__Bacteroides;s__Bacteroides_fragilis	0.0954839584483	-0.0568381295648	0.0364171655358	-0.100711528718	-0.058341293279	-0.0545947957652	-0.0864685857167	-0.00384211396438	0.0290027615594	-0.125573975946	-0.0837301008077	-0.0441698150235	-0.0448093398864	-0.097469154727	-0.048078392371	0.118368273145	1.0	-0.0859134401225	-0.0414085084379	-0.0230387968993	-0.101904608118	0.0280149604524	-0.0329252521203	-0.159352802084	-0.0357298576556	-0.104568608649	-0.0270836786888	-0.0943946416922	-0.0794925299616	-0.0384678991253	0.0384680710217	-0.0214333314851	-0.0493050489511	-0.0949894943937	-0.0960284771995	-0.110544307363	-0.11270180861	-0.000730624278585	0.0820687541369	0.0223722791527	-0.0474393678721	-0.0802813699885	0.0112657432977	-0.0569231678606	-0.0427477515738	-0.0422401408182	-0.0549320911275	-0.0217412265097	0.0572205913324	-0.0146140743943	-0.00384477821579	-0.059735247677	0.00757773988866	0.109923546584	0.0240688468031	-0.122430732501	0.0363217846103	0.0726449881001	-0.0747619184128
k__Bacteria;p__Proteobacteria;c__Betaproteobacteria;o__Burkholderiales;f__Sutterellaceae;g__Sutterella;s__Sutterella_wadsworthensis	-0.091284495117	-0.0438047457237	-0.0154805512538	0.0761393112222	-0.0408739713436	-0.138516995799	0.0601965587994	-0.0107227042194	0.119604367211	-0.0521284358322	0.0356938918397	0.0811550337517	0.144499498809	-0.043631268637	-0.00887844751545	-0.0371906691482	-0.0859134401225	1.0	-0.0465014786065	-0.0207642586271	-0.028377239502	0.0221265255809	-0.0857845053718	0.121997583694	-0.0284684154923	-0.100499456792	-0.0645345827766	0.067231956879	0.042361777156	0.077457878374	0.00715955330279	-0.0357936487355	-0.124760222787	-0.00346442585535	-0.034670999883	0.0670606068875	-0.0270860373535	-0.0407534725081	-0.0377868620162	-0.0730265118532	-0.177231729577	-0.0932724288316	-0.0253603779587	0.0554139003065	-0.157771671378	-0.132356119392	0.0991382708344	0.0172557179622	-0.0938980433102	-0.0693496301417	-0.0774493607177	0.082153541478	-0.103555389415	-0.163107135447	-0.0730427091216	0.000317927454904	-0.00464994445035	-0.050034382412	-0.0312430734071
k__Bacteria;p__Bacteroidetes;c__Bacteroidia;o__Bacteroidales;f__Porphyromonadaceae;g__Barnesiella;s__Barnesiella_intestinihominis	-0.0778343585828	-0.0276089606821	-0.125108190795	-0.177039743988	-0.0785884804731	-0.0743079814955	-0.0355006104939	0.0901933217761	-0.233837964008	-0.0545604994127	0.0371070357749	-0.00485322994105	-0.0463496308327	-0.0785606233547	-0.0561561722699	0.0812988859385	-0.0414085084379	-0.0465014786065	1.0	0.144797533999	-0.0655033055385	0.0519341258818	-0.0803602198343	-0.00114148320433	-0.0480330813377	0.0287171093701	-0.030834030453	-0.0121545251405	-0.00858560540988	-0.018548758573	-0.0561095904158	0.0680281129915	-0.00834082437089	-0.0806862171027	-0.136542439312	0.0213569911174	-0.105465596276	-0.0180684804871	-0.0932546866092	-0.0552017915827	0.0301930821276	-0.134520392857	0.0587400079768	-0.132676288154	0.0336538019684	-0.0196622420166	-0.0637994607029	0.0864539740778	0.14533185675	0.0155019320856	0.00615796122117	0.0321282839228	-0.0812681848987	-0.051094268337	-0.0182829285717	-0.0483457149543	-0.0317881708392	0.0375528722017	-0.0418968871042
k__Bacteria;p__Bacteroidetes;c__Bacteroidia;o__Bacteroidales;f__Odoribacteraceae;g__Odoribacter;s__Odoribacter_splanchnicus	0.0178198994661	-0.0626640733453	-0.00764236336204	-0.0503868188488	-0.0119652235829	-0.00855129039926	-0.00928781433353	-0.0979328974739	-0.0549615969063	-0.0658014038442	0.078681750581	0.023563687595	0.00752750913761	-0.0515853815661	-0.00288641551109	-0.0203230950448	-0.0230387968993	-0.0207642586271	0.144797533999	1.0	-0.117373141438	0.0277462898649	-0.096408222482	0.0335073257587	-0.0624237752676	-0.181010184315	-0.125757928041	-0.0672735447052	-0.0403068236277	-0.0320423787717	-0.00374365518522	-0.09607425585	-0.0329453266697	-0.0107648943595	-0.0226696938175	-0.0451774591071	-0.0552296653382	-0.00876687444675	0.000582502687481	-0.144087380348	0.0379174422569	-0.0719709403648	0.00776716542423	-0.0383852692661	-0.06186165678	-0.0201003200724	-0.0292116863056	-0.0867787433213	0.0739344352717	-0.113920649537	-0.0161665372749	-0.0190378750813	-0.0478098119115	-0.0537521441672	0.0201864663678	6.8639347326e-05	-0.0679117340994	-0.0791466475794	-0.0571847406282
k__Bacteria;p__Bacteroidetes;c__Bacteroidia;o__Bacteroidales;f__Bacteroidaceae;g__Bacteroides;s__Bacteroides_salyersiae	-0.0748882804088	-0.0716254578329	-0.0852690726183	0.0805807303344	0.037398378571	0.0179375838126	-0.0127160564562	0.0242070851543	-0.142085806358	0.00515867818858	-0.143816607419	-0.0305550322804	-0.10090850174	-0.0691501809212	-0.0977322785157	-0.0916435210821	-0.101904608118	-0.028377239502	-0.0655033055385	-0.117373141438	1.0	-0.0408785516694	0.0215849683763	-0.133919030309	0.0712986912288	0.0203050725823	0.00954034974251	0.0530871252811	-0.0617663710363	0.0501987643869	-0.127206866725	-0.122917142393	0.0109180510524	0.0857881785022	-0.0313260695975	-0.0342850577425	-0.0683073337708	-0.0314213270533	0.00428000637198	0.115688762523	0.0425935868333	-0.0538665357128	-0.011629300909	-0.151655043401	-0.00754707111711	-0.0212312184159	-0.182810439963	0.0706961181681	0.0330761503257	0.0931868535478	-0.117347022716	0.0824735015951	-0.0171746741981	-0.100064163846	-0.0584746547155	0.0192657326127	0.036207541229	-0.00364162349274	-0.00160310529376
k__Bacteria;p__Firmicutes;c__Clostridia;o__Clostridiales;f__Ruminococcaceae;g__Ruminiclostridium;s__[Eubacterium]_siraeum	0.105070698241	-0.0611085171683	0.0122974191704	0.0497291255654	-0.101728982651	-0.0385029963303	-0.123465631575	-0.0861166660861	-0.014186599404	-0.0859112962892	-0.015902212707	-0.131963461786	0.0487759382409	-0.105212920234	-0.085208227552	-0.204870813538	0.0280149604524	0.0221265255809	0.0519341258818	0.0277462898649	-0.0408785516694	1.0	-0.12575146239	-0.0122174114986	-0.0807101716698	0.159187729877	0.0994148896453	-0.0116990971928	0.0124264217728	-0.000776233546848	-0.0448734029725	0.00433261519923	-0.102948676254	-0.0498832612253	-0.0627671279229	-0.0420834827886	-0.0169241756876	-0.169868416587	-0.0920392314521	-0.0703408667645	0.0833998417154	-0.0211053752077	-0.0594037650708	-0.0791648831618	-0.159425353978	-0.0284242862525	-0.0410894101592	-0.00759494767577	-0.0161794536099	-0.0893343070879	-0.080365653116	-0.127370955829	-0.0308255245709	-0.010534750206	-0.0754180427832	-0.0570191754216	-0.110878332221	-0.0103237732282	-0.0661878104839
k__Bacteria;p__Proteobacteria;c__Betaproteobacteria;o__Burkholderiales;f__Sutterellaceae;g__Parasutterella;s__Parasutterella_excrementihominis	-0.0426549058529	-0.175351566175	-0.134296228704	-0.0293178605629	0.00537583395437	-0.019268619831	-0.04196790313	0.0420343371558	0.0483758699848	0.0411452010134	0.0117461971274	-0.0871494778355	-0.130239835529	-0.034723618272	-0.0773677044685	0.0119747375357	-0.0329252521203	-0.0857845053718	-0.0803602198343	-0.096408222482	0.0215849683763	-0.12575146239	1.0	-0.106500234475	-0.0263131491637	0.0272689116606	-0.0955714988984	-0.0377976692436	0.0817051572178	-0.0671452835916	-0.0054695257705	0.0581777421527	0.019143659585	-0.144509104902	0.0898274630194	-0.0492418081897	0.0347725668364	0.0752024736043	-0.0195860972443	-0.0182476938911	0.0932300205592	-0.0590587519761	-0.0288004844631	0.0557337406468	-0.0608432991754	0.0445707313725	0.114946216623	-0.0229844458788	-0.126665308652	0.0139374244004	-0.0360652249239	-0.0989697797755	-0.0319310462004	-0.0844159535066	0.00800183921531	-0.0200061935965	0.0168623865852	-0.0249800451138	-0.111950300066
k__Bacteria;p__Actinobacteria;c__Actinobacteria;o__Bifidobacteriales;f__Bifidobacteriaceae;g__Bifidobacterium;s__Bifidobacterium_adolescentis	-0.040527751998	-0.111353808087	0.0554972183139	-0.00672699834416	0.0504851442711	0.0683376388193	-0.0079274543362	-0.000835122344845	-0.0857944917848	-0.0511765688353	0.0065339523721	-0.058970448651	0.116694197057	0.00950084011942	0.0564621869357	-0.017931716125	-0.159352802084	0.121997583694	-0.00114148320433	0.0335073257587	-0.133919030309	-0.0122174114986	-0.106500234475	1.0	-0.00923916500783	0.00620736052613	0.00306845692984	0.0664365816908	-0.135184766054	-0.0446090215153	-0.122772600633	0.0416686381761	-0.0516042288805	-0.00879161934191	-0.0676350518417	0.00350958647381	-0.0328623693913	0.0190704899939	0.051260883605	-0.137008257907	0.0318598450838	0.0178420296867	-0.0875870864365	-0.0240442260881	-0.00120598583687	-0.116337806184	0.0454150696204	-0.117759510061	0.0230949614132	-0.0329767900513	-0.0953721259762	-0.0444759761356	0.0217055517848	-0.14503025431	0.0778972524626	-0.0399017127057	-0.208102094584	-0.0392056118808	0.0446177410593
k__Bacteria;p__Firmicutes;c__Clostridia;o__Clostridiales;f__Oscillospiraceae;g__Oscillibacter;s__Oscillibacter_sp._KLE_1745	-0.0168768485148	-0.0393647053753	-0.00187968123041	-0.047294603252	0.0281312004507	0.0302552736738	-0.0248726361024	-0.0324349968824	-0.0322083979422	-0.0310566357311	-0.0694497925345	0.0527133423734	-0.0244103422365	0.0306508948952	-0.128371508312	-0.00811296543634	-0.0357298576556	-0.0284684154923	-0.0480330813377	-0.0624237752676	0.0712986912288	-0.0807101716698	-0.0263131491637	-0.00923916500783	1.0	-0.0389352265797	-0.0178917796806	-0.0158408684219	0.0102737977661	-0.0318549856379	-0.151797654629	0.00968255741127	-0.116064328049	0.0106335586835	-0.0400649964188	-0.133192037029	-0.0742191901501	0.0896628340023	0.00597309664083	-0.00138638374869	-0.0242089746615	-0.0937422243716	0.00471477600407	0.10093123919	0.0271936031407	-0.0895882030127	-0.0148158241592	-0.119229471157	-0.0131502545158	-0.0505594563382	-0.0706605497736	-0.0411104382143	-0.0338787116712	-0.0173775881479	0.0354476119577	0.0537850194828	-0.0239157571597	-0.174355078572	-0.010945439237
k__Bacteria;p__Bacteroidetes;c__Bacteroidia;o__Bacteroidales;f__Bacteroidaceae;g__Bacteroides;s__Bacteroides_coprophilus	-0.0037487849991	0.0759810092719	-0.0297813436998	-0.0821505236868	0.066110850525	-0.0773802365621	-0.0694528389895	-0.0478422662691	-0.0359013336862	0.132228674907	0.037215808802	-0.0312447148312	-0.21653884376	-0.0622965842228	0.0361722129469	-0.0291837156802	-0.104568608649	-0.100499456792	0.0287171093701	-0.181010184315	0.0203050725823	0.159187729877	0.0272689116606	0.00620736052613	-0.0389352265797	1.0	-0.0396074715862	-0.145403141677	0.034809305929	0.0242207416464	0.120347655938	0.0738226886501	-0.129822774725	-0.0951921979606	0.0700286705009	-0.00222775038752	-0.0627475248502	-0.0913258175622	0.0779777020629	0.0144264835891	-0.0788490766437	-0.00792455554074	-0.0619775661854	-0.049260504888	0.018814748594	-0.0562395704865	-0.0138840445111	0.0263392573754	-0.155349567517	-0.0363424953075	-0.193932556128	-0.0770952164548	-0.106781201384	0.0249788609448	-0.100586154327	-0.0770626728435	-0.0402864358882	-0.0481737590421	0.0441922437334
k__Bacteria;p__Firmicutes;c__Clostridia;o__Clostridiales;f__Lachnospiraceae;g__Roseburia;s__Roseburia_intestinalis	0.0883145861858	-0.108085704652	-0.0214077169198	0.00441325601466	-0.157414301113	-0.0730219480391	-0.0581062143876	-0.151914155689	-0.0047352015656	-0.0647845723521	0.039264233881	0.0245322280194	-0.0205940012816	0.166056332324	0.011040980528	-0.111040923103	-0.0270836786888	-0.0645345827766	-0.030834030453	-0.125757928041	0.00954034974251	0.0994148896453	-0.0955714988984	0.00306845692984	-0.0178917796806	-0.0396074715862	1.0	-0.0694103811094	-0.0426997356225	-0.0268562418339	-0.00509763671849	0.0467390243101	0.116519621367	-0.104018708196	0.0222918568863	-0.132341944472	-0.00396610569985	0.0829552880737	0.00886993563941	0.0102080097595	-0.0605953030661	0.0117243434206	-0.0859163647526	0.0422524051908	-0.0251399151461	-0.0238820510994	-0.039683122001	-0.166382407706	-0.080795318409	-0.0557262977452	0.0222778780414	0.0152122081263	-0.0447855391357	-0.0759901540213	-0.0727016909286	-0.0417669885723	-0.0378067555402	-0.0729759560973	0.00745414738189
k__Bacteria;p__Firmicutes;c__Clostridia;o__Clostridiales;f__Lachnospiraceae;g__Roseburia;s__Roseburia_hominis	-0.0497298796746	-0.180008583833	0.0736953081575	0.0161351254825	0.0201815696313	-0.00362347041501	-0.086643473793	-0.043201320852	-0.0468485389907	-0.00484964367654	-0.10377776455	-0.00943813986036	0.00763719414062	-0.143785993277	-0.0733529087728	-0.153719244582	-0.0943946416922	0.067231956879	-0.0121545251405	-0.0672735447052	0.0530871252811	-0.0116990971928	-0.0377976692436	0.0664365816908	-0.0158408684219	-0.145403141677	-0.0694103811094	1.0	-0.0692144239117	0.0151772169946	-0.0056477575403	-0.0157264006417	-0.0491560299191	0.0629666421161	-0.070274868866	0.00729965985329	0.0466808796088	-0.124133707036	0.00572566682738	-0.029618221322	0.0730215629378	-0.0701794011821	-0.129033519508	-0.0100906888369	-0.0178143658768	-0.0816665540283	-0.0204233154902	0.00112672853874	-0.0278299111614	-0.0343835969934	-0.0317916825306	-0.0346335108129	0.00770652235571	-0.0102972024666	-0.15131444965	-0.106157212366	-0.144781866528	0.00109165492818	0.0519808062593
k__Bacteria;p__Bacteroidetes;c__Bacteroidia;o__Bacteroidales;f__Porphyromonadaceae;g__Parabacteroides;s__Parabacteroides_johnsonii	-0.0208220037755	-0.0457721299943	-0.0769461121872	-0.0144292952062	-0.0586533790087	-0.0360649738658	0.0558094426082	0.0643850947641	-0.0552670756231	-0.0826556058794	0.010189187341	-0.0488557776293	0.00479247349124	0.0214744589525	-0.0420913102235	-0.0402678083704	-0.0794925299616	0.042361777156	-0.00858560540988	-0.0403068236277	-0.0617663710363	0.0124264217728	0.0817051572178	-0.135184766054	0.0102737977661	0.034809305929	-0.0426997356225	-0.0692144239117	1.0	-0.0315850247599	-0.030913521564	0.000726998241002	-0.0064332204372	0.00114584530542	0.0175120824454	-0.0597441932025	0.0447367459228	-0.068192282353	0.0401628694316	-0.0982744413206	-0.119352747864	0.0829081872075	-0.0921244351229	0.00415630977134	-0.0603621258292	-0.0949761389884	0.0151114650188	-0.0498769076348	-0.0739922697661	0.00286744184095	-0.0607416284239	-0.0116376897407	-0.0626103150444	0.0372518318856	-0.0720144393911	-0.099023699347	-0.0658267332222	-0.114555499637	-0.0670877195126
k__Bacteria;p__Actinobacteria;c__Actinobacteria;o__Bifidobacteriales;f__Bifidobacteriaceae;g__Bifidobacterium;s__Bifidobacterium_longum	-0.0255358251682	-0.0346745414601	-0.14625344388	0.012135453967	-0.00801833055914	-0.0391575963423	-0.0591287393901	0.00756536140951	0.0867800149004	-0.0324507284209	0.0139947701105	-0.0349730798418	0.0402895675568	-0.0721054865261	0.0524839795725	-0.0523306285538	-0.0384678991253	0.077457878374	-0.018548758573	-0.0320423787717	0.0501987643869	-0.000776233546848	-0.0671452835916	-0.0446090215153	-0.0318549856379	0.0242207416464	-0.0268562418339	0.0151772169946	-0.0315850247599	1.0	-0.100295268383	-0.0095808913551	-0.0492324197182	-0.01560548684	-0.125930088914	-0.00177676797888	-0.0698570578863	-0.0354343501005	-0.072973016746	0.0815338851888	-0.066328678886	0.0809817318129	-0.1113725033	-0.0791179092978	-0.11646920743	0.0225364612462	-0.06625210408	-0.0122260901851	0.00828739005923	-0.0313575661682	-0.00631324508408	0.0851983458778	0.0194835839995	-0.188337625725	-0.128475425216	0.00670454393362	-0.0309294692936	0.0741119128005	-0.0229414239295
