#taxonomy	k__Bacteria;p__Bacteroidetes;c__Bacteroidia;o__Bacteroidales;f__Bacteroidaceae;g__Bacteroides;s__Bacteroides_vulgatus	k__Bacteria;p__Bacteroidetes;c__Bacteroidia;o__Bacteroidales;f__Bacteroidaceae;g__Bacteroides;s__Bacteroides_uniformis	k__Bacteria;p__Bacteroidetes;c__Bacteroidia;o__Bacteroidales;f__Rikenellaceae;g__Alistipes;s__Alistipes_putredinis	k__Bacteria;p__Bacteroidetes;c__Bacteroidia;o__Bacteroidales;f__Prevotellaceae;g__Prevotella;s__Prevotella_copri	k__Bacteria;p__Bacteroidetes;c__Bacteroidia;o__Bacteroidales;f__Bacteroidaceae;g__Bacteroides;s__Bacteroides_stercoris	k__Bacteria;p__Bacteroidetes;c__Bacteroidia;o__Bacteroidales;f__Bacteroidaceae;g__Bacteroides;s__Bacteroides_ovatus	k__Bacteria;p__Bacteroidetes;c__Bacteroidia;o__Bacteroidales;f__Rikenellaceae;g__Alistipes;s__Alistipes_shahii	k__Bacteria;p__Firmicutes;c__Clostridia;o__Clostridiales;f__Ruminococcaceae;g__Faecalibacterium;s__Faecalibacterium_prausnitzii	k__Bacteria;p__Bacteroidetes;c__Bacteroidia;o__Bacteroidales;f__Rikenellaceae;g__Alistipes;s__Alistipes_finegoldii	k__Bacteria;p__Bacteroidetes;c__Bacteroidia;o__Bacteroidales;f__Porphyromonadaceae;g__Parabacteroides;s__Parabacteroides_distasonis	k__Bacteria;p__Bacteroidetes;c__Bacteroidia;o__Bacteroidales;f__Bacteroidaceae;g__Bacteroides;s__Bacteroides_thetaiotaomicron	k__Bacteria;p__Bacteroidetes;c__Bacteroidia;o__Bacteroidales;f__Bacteroidaceae;g__Bacteroides;s__Bacteroides_coprocola	k__Bacteria;p__Bacteroidetes;c__Bacteroidia;o__Bacteroidales;f__Bacteroidaceae;g__Bacteroides;s__Bacteroides_cellulosilyticus	k__Bacteria;p__Bacteroidetes;c__Bacteroidia;o__Bacteroidales;f__Rikenellaceae;g__Alistipes;s__Alistipes_obesi	k__Bacteria;p__Firmicutes;c__Clostridia;o__Clostridiales;f__Lachnospiraceae;g__;s__[Eubacterium]_rectale	k__Bacteria;p__Bacteroidetes;c__Bacteroidia;o__Bacteroidales;f__Bacteroidaceae;g__Bacteroides;s__Bacteroides_plebeius	k__Bacteria;p__Bacteroidetes;c__Bacteroidia;o__Bacteroidales;f__Bacteroidaceae;g__Bacteroides;s__Bacteroides_fragilis	k__Bacteria;p__Proteobacteria;c__Betaproteobacteria;o__Burkholderiales;f__Sutterellaceae;g__Sutterella;s__Sutterella_wadsworthensis	k__Bacteria;p__Bacteroidetes;c__Bacteroidia;o__Bacteroidales;f__Porphyromonadaceae;g__Barnesiella;s__Barnesiella_intestinihominis	k__Bacteria;p__Bacteroidetes;c__Bacteroidia;o__Bacteroidales;f__Odoribacteraceae;g__Odoribacter;s__Odoribacter_splanchnicus	k__Bacteria;p__Bacteroidetes;c__Bacteroidia;o__Bacteroidales;f__Bacteroidaceae;g__Bacteroides;s__Bacteroides_salyersiae	k__Bacteria;p__Firmicutes;c__Clostridia;o__Clostridiales;f__Ruminococcaceae;g__Ruminiclostridium;s__[Eubacterium]_siraeum	k__Bacteria;p__Proteobacteria;c__Betaproteobacteria;o__Burkholderiales;f__Sutterellaceae;g__Parasutterella;s__Parasutterella_excrementihominis	k__Bacteria;p__Actinobacteria;c__Actinobacteria;o__Bifidobacteriales;f__Bifidobacteriaceae;g__Bifidobacterium;s__Bifidobacterium_adolescentis	k__Bacteria;p__Firmicutes;c__Clostridia;o__Clostridiales;f__Oscillospiraceae;g__Oscillibacter;s__Oscillibacter_sp._KLE_1745	k__Bacteria;p__Bacteroidetes;c__Bacteroidia;o__Bacteroidales;f__Bacteroidaceae;g__Bacteroides;s__Bacteroides_coprophilus	k__Bacteria;p__Firmicutes;c__Clostridia;o__Clostridiales;f__Lachnospiraceae;g__Roseburia;s__Roseburia_intestinalis	k__Bacteria;p__Firmicutes;c__Clostridia;o__Clostridiales;f__Lachnospiraceae;g__Roseburia;s__Roseburia_hominis	k__Bacteria;p__Bacteroidetes;c__Bacteroidia;o__Bacteroidales;f__Porphyromonadaceae;g__Parabacteroides;s__Parabacteroides_johnsonii	k__Bacteria;p__Actinobacteria;c__Actinobacteria;o__Bifidobacteriales;f__Bifidobacteriaceae;g__Bifidobacterium;s__Bifidobacterium_longum	k__Bacteria;p__Firmicutes;c__Clostridia;o__Clostridiales;f__;g__Flavonifractor;s__Flavonifractor_plautii	k__Bacteria;p__Firmicutes;c__Clostridia;o__Clostridiales;f__Clostridiaceae;g__Clostridium;s__Clostridium_phoceensis	k__Bacteria;p__Verrucomicrobia;c__Verrucomicrobiae;o__Verrucomicrobiales;f__Akkermansiaceae;g__Akkermansia;s__Akkermansia_muciniphila	k__Bacteria;p__Bacteroidetes;c__Bacteroidia;o__Bacteroidales;f__Prevotellaceae;g__Paraprevotella;s__Paraprevotella_xylaniphila	k__Bacteria;p__Firmicutes;c__Clostridia;o__Clostridiales;f__Ruminococcaceae;g__Ruminococcus;s__Ruminococcus_callidus	k__Bacteria;p__Bacteroidetes;c__Bacteroidia;o__Bacteroidales;f__Rikenellaceae;g__Alistipes;s__Alistipes_senegalensis	k__Bacteria;p__Firmicutes;c__Clostridia;o__Clostridiales;f__Lachnospiraceae;g__Blautia;s__Blautia_sp._KLE_1732	k__Bacteria;p__Bacteroidetes;c__Bacteroidia;o__Bacteroidales;f__Bacteroidaceae;g__Bacteroides;s__Bacteroides_oleiciplenus	k__Bacteria;p__Firmicutes;c__Clostridia;o__Clostridiales;f__Ruminococcaceae;g__Ruminococcus;s__Ruminococcus_bicirculans	k__Bacteria;p__Bacteroidetes;c__Bacteroidia;o__Bacteroidales;f__Bacteroidaceae;g__Bacteroides;s__Bacteroides_fluxus	k__Bacteria;p__Bacteroidetes;c__Bacteroidia;o__Bacteroidales;f__Prevotellaceae;g__Prevotella;s__Prevotella_stercorea	k__Bacteria;p__Firmicutes;c__Clostridia;o__Clostridiales;f__Lachnospiraceae;g__Dorea;s__Dorea_longicatena	k__Bacteria;p__Firmicutes;c__Clostridia;o__Clostridiales;f__Eubacteriaceae;g__Eubacterium;s__[Eubacterium]_eligens	k__Bacteria;p__Firmicutes;c__Clostridia;o__Clostridiales;f__Ruminococcaceae;g__;s__Ruminococcaceae_bacterium_D16	k__Bacteria;p__Firmicutes;c__Clostridia;o__Clostridiales;f__Lachnospiraceae;g__Coprococcus;s__Coprococcus_comes	k__Bacteria;p__Proteobacteria;c__Gammaproteobacteria;o__Enterobacterales;f__Enterobacteriaceae;g__Escherichia;s__Escherichia_coli	k__Bacteria;p__Firmicutes;c__Clostridia;o__Clostridiales;f__Ruminococcaceae;g__Anaerotruncus;s__Anaerotruncus_colihominis	k__Bacteria;p__Firmicutes;c__Clostridia;o__Clostridiales;f__Lachnospiraceae;g__Blautia;s__Blautia_obeum	k__Bacteria;p__Bacteroidetes;c__Bacteroidia;o__Bacteroidales;f__Odoribacteraceae;g__Odoribacter;s__Odoribacter_laneus	k__Bacteria;p__Firmicutes;c__Clostridia;o__Clostridiales;f__Ruminococcaceae;g__Ruminiclostridium;s__[Clostridium]_leptum	k__Bacteria;p__Bacteroidetes;c__Bacteroidia;o__Bacteroidales;f__Porphyromonadaceae;g__Parabacteroides;s__Parabacteroides_goldsteinii	k__Bacteria;p__Firmicutes;c__Clostridia;o__Clostridiales;f__Lachnospiraceae;g__Anaerostipes;s__Anaerostipes_hadrus	k__Bacteria;p__Firmicutes;c__Clostridia;o__Clostridiales;f__Ruminococcaceae;g__Ruminococcus;s__Ruminococcus_lactaris	k__Bacteria;p__Firmicutes;c__Clostridia;o__Clostridiales;f__Clostridiaceae;g__Clostridium;s__Clostridium_sp._L2-50	k__Bacteria;p__Firmicutes;c__Clostridia;o__Clostridiales;f__Clostridiaceae;g__Clostridium;s__Clostridium_sp._M62/1	k__Bacteria;p__Firmicutes;c__Clostridia;o__Clostridiales;f__;g__Intestinimonas;s__Intestinimonas_butyriciproducens	k__Bacteria;p__Actinobacteria;c__Actinobacteria;o__Bifidobacteriales;f__Bifidobacteriaceae;g__Bifidobacterium;s__Bifidobacterium_bifidum	k__Bacteria;p__Firmicutes;c__Negativicutes;o__Veillonellales;f__Veillonellaceae;g__Dialister;s__Dialister_invisus	k__Bacteria;p__Bacteroidetes;c__Bacteroidia;o__Bacteroidales;f__Bacteroidaceae;g__Bacteroides;s__Bacteroides_salanitronis
k__Bacteria;p__Bacteroidetes;c__Bacteroidia;o__Bacteroidales;f__Bacteroidaceae;g__Bacteroides;s__Bacteroides_vulgatus	1.0	0.0561700534867	0.0960343045944	-0.00575665243273	-0.019517549981	-0.0774085028713	-0.0216322087602	0.0275540965987	-0.190597979876	0.046055968705	-0.0595370048844	-0.0625614259706	-0.129091425672	0.0847848389133	-0.101724290929	-0.147635810231	-0.0436071129481	-0.0735128029403	-0.0147789446913	0.00354450226814	-0.115021130122	-0.0748752310109	0.063784394012	0.0641150367548	-0.0778132558423	-0.0552934562	-0.0220509837383	-0.00111468769313	-0.0506901511735	0.0185517595715	-0.137338242735	-0.061358243323	-0.0212964366885	-0.0485649327	-0.0854459688583	0.0292660907227	0.00142117093017	-0.117473714092	0.047273223466	-0.0382821823838	-0.0181887841362	-0.0420411147674	-0.0523638009139	0.0134290829844	0.023674854677	-0.200813582017	-0.0952218998036	-0.0500354386747	-0.0241862464448	0.0084340925066	-0.0806212781387	0.0111539471878	0.0485400434205	-0.0562665228796	0.0944266588381	-0.00920753776935	0.0333147808811	-0.0336465876283	-0.00514079851197
k__Bacteria;p__Bacteroidetes;c__Bacteroidia;o__Bacteroidales;f__Bacteroidaceae;g__Bacteroides;s__Bacteroides_uniformis	0.0561700534867	1.0	0.0798868695411	0.0396700549875	0.0379955577957	0.044039560575	0.000886228640449	-0.0420234826754	-0.195772470929	-0.123566011385	-0.114787157423	-0.0948771466195	-0.0678828593482	-0.106331499084	0.0151649815923	0.0939856405214	-0.0678635293215	-0.0623358567566	-0.020371387732	0.0468372800352	-0.0842297946754	0.0468865165973	-0.0843420012352	-0.0453583864178	-0.0767931830283	-0.0357595460637	0.0380683735155	0.0515439629338	0.0400850383887	-0.111318898003	-0.0801413763442	-0.0403593085755	0.0866364144067	0.00400033451629	0.0539513718248	-0.042283559108	-0.0100518862257	-0.211882474272	-0.018672947362	-0.045413989308	-0.0554894834761	0.0430550235981	-0.0377582273172	-0.0892529629365	-0.0333396552738	-0.101675880951	-0.0321564273442	5.68737880282e-05	-0.0275461359968	-0.0192548077449	-0.043455645561	-0.109746269124	0.00688565023184	0.0364141945329	0.0846484974724	-0.0878914740227	-0.0954219286753	-0.0605531780533	0.00625221147961
k__Bacteria;p__Bacteroidetes;c__Bacteroidia;o__Bacteroidales;f__Rikenellaceae;g__Alistipes;s__Alistipes_putredinis	0.0960343045944	0.0798868695411	1.0	-0.0562436841576	0.0671681951728	0.0286350809631	0.0934074376891	-0.16531324155	-0.0534782366517	-0.152731054166	0.0730794271618	-0.0420643604235	-0.0103130429699	-0.0601710995878	-0.00175104748929	-0.0826446655967	-0.00983612440699	0.00939589894546	-0.0596290892163	-0.131952971214	-0.111509223858	-0.0316542505101	-0.00212826164184	-0.0146076284902	-0.145262722628	-0.153014570495	-0.0442090276083	0.0157520996053	-0.0203947284997	-0.0536387240467	0.03213300989	-0.0620056313429	0.0999445486873	0.0624946952071	-0.00803346629191	-0.039648575322	0.0745238197419	0.017659684644	-0.050310911727	0.00394454099226	0.0302152562744	-0.011730270977	-0.0952962672535	0.0583241425409	-0.0100503856933	-0.0936861371093	0.00693243291444	-0.119078158413	0.059050283538	-0.0219103053293	0.0378606065003	-0.0316506640436	-0.057564777664	-0.0948962637913	-0.0196429888263	0.0463785231155	-0.142535061121	-0.0610856720735	-0.0799316288037
k__Bacteria;p__Bacteroidetes;c__Bacteroidia;o__Bacteroidales;f__Prevotellaceae;g__Prevotella;s__Prevotella_copri	-0.00575665243273	0.0396700549875	-0.0562436841576	1.0	-0.14682631608	0.100714812453	-0.0236278011614	-0.0899167531103	0.00903657085068	-0.094399318245	-0.0091187495275	-0.111945974735	0.0329909626028	-0.148108372353	-0.094025413491	0.0492886292399	-0.0257448137239	0.0767544562758	0.0580012298214	-0.0493624380882	0.0189362470819	-0.0104782759624	0.108431941226	0.0514945661144	0.00730930878775	-0.084771397639	-0.0153713298969	-0.112455737231	0.0251232625432	-0.0511223137481	0.0533717494761	0.100567456986	-0.0536259656948	0.0205644833726	-0.0786693111771	-0.0779664544479	-0.112812269865	-0.0616564062981	0.0585984033096	-0.0936145734536	-0.0334084963556	-0.0465612803133	0.0358503122011	-0.0880892226439	0.00773783314047	-0.0983429688302	-0.0898344043605	0.00768509653119	0.0412567623775	-0.0978776298617	-0.0353885114223	0.0137763354674	-0.077270115105	-0.193940930829	-0.0468309596084	-0.0980350591454	0.0111332113034	0.0350612432766	-0.0949122496029
k__Bacteria;p__Bacteroidetes;c__Bacteroidia;o__Bacteroidales;f__Bacteroidaceae;g__Bacteroides;s__Bacteroides_stercoris	-0.019517549981	0.0379955577957	0.0671681951728	-0.14682631608	1.0	-0.102374027992	0.0338139318446	0.01200340465	0.0321953595225	-0.0304933156476	-0.0600464844734	-0.0343981495675	-0.0799264443878	-0.0420882287312	-0.0775008767959	-0.12651893539	-0.131644087685	-0.17438649872	-0.0497681290875	0.0799465971627	-0.159069046526	0.0456560670853	0.019016151161	-0.0646028057849	-0.150250042173	0.0583536544538	-0.110576555028	-0.0642089484108	0.0503149142472	-0.0908650994949	0.0229565228108	-0.0445760563502	0.118741506219	-0.0972127191083	0.0167915423696	-0.0531434491191	-0.0154703352213	0.0436758406109	-0.0779763495468	0.0385499459183	-0.0381563660436	0.0381102013366	-0.075758491418	0.0305199695035	0.0880380376345	0.00233226665227	-0.107794665729	0.0151049282336	-0.0134682720571	-0.0314691008627	0.113070158947	-0.0855759052942	-0.0256906825515	0.0253592117306	0.014318960236	0.0173682883057	0.0459859067916	-0.0143603817773	0.112368147772
k__Bacteria;p__Bacteroidetes;c__Bacteroidia;o__Bacteroidales;f__Bacteroidaceae;g__Bacteroides;s__Bacteroides_ovatus	-0.0774085028713	0.044039560575	0.0286350809631	0.100714812453	-0.102374027992	1.0	0.0183752575479	0.0622346973375	-0.0827651078881	-0.0575688864773	0.0687579483142	0.0059058367977	-0.0522789699654	0.0629285349857	-0.0154287233061	-0.0181745094253	-0.0506183260107	0.11922151494	-0.0905576873864	-0.0514418851575	-0.0388587379507	-0.0426118367003	-0.131118080597	-0.146843149083	-0.0641710985038	-0.0328460993856	-0.0306758665705	-0.0832874741385	-0.104988412706	-0.0574786081439	-0.083170903627	-0.037899392715	-0.0534449178516	-0.023956745239	-0.0327110381041	-0.0653370412892	0.00232764287634	0.0691892867329	0.151942917437	0.0270204715463	-0.00100451995842	0.0700961762713	-0.175876216505	-0.0310255386251	-0.179484865579	-0.0202047299197	-0.0065456775238	-0.0919902406952	-0.120970702673	0.0509143553072	0.0382403191882	-0.140293136995	0.0124237644438	-0.131863752416	-0.0896266631628	-0.0985693294792	0.0453093718433	-0.0662356875572	-0.126919564762
k__Bacteria;p__Bacteroidetes;c__Bacteroidia;o__Bacteroidales;f__Rikenellaceae;g__Alistipes;s__Alistipes_shahii	-0.0216322087602	0.000886228640449	0.0934074376891	-0.0236278011614	0.0338139318446	0.0183752575479	1.0	0.0349471241499	0.00305193203529	-0.0948410768899	-0.152588860527	-0.0605296784447	-0.0524010921673	0.0225697505453	-0.0538410531372	-0.04664190004	0.0641578925008	0.104701015033	-0.0751086453431	-0.137302661838	-0.0677402809918	-0.000719185964786	-0.102463123516	-0.131436036451	-0.0754258577676	0.0670527784885	0.112396778231	-0.0100757536817	-0.00439386701519	-0.0800495136268	0.0852618829676	-0.00875936305335	-0.0884849155182	-0.0446081087537	-0.0306307129562	-0.0521830158706	0.00397717906455	0.047165650092	0.0296723262545	-0.0398930102803	0.0478004616519	0.0413467783568	-0.0778759112248	-0.00633023882715	-0.0337614978835	-0.0815408425891	-0.0012816053901	-0.0516832243578	0.0104998899754	-0.0630651013412	-0.00660845759327	-0.018020059778	-0.0256892073936	-0.126020906806	0.00846536835026	-0.0562472857172	0.00667278941785	-0.0575417940977	-0.103512073877
k__Bacteria;p__Firmicutes;c__Clostridia;o__Clostridiales;f__Ruminococcaceae;g__Faecalibacterium;s__Faecalibacterium_prausnitzii	0.0275540965987	-0.0420234826754	-0.16531324155	-0.0899167531103	0.01200340465	0.0622346973375	0.0349471241499	1.0	-0.0290323209092	0.0074023703733	-0.0313838486837	0.0928124927424	-0.077075133298	-0.0300277953137	-0.0453458231022	0.0124872094726	-0.0313328663575	-0.0346378683339	-0.172933530938	-0.0163322560915	-0.0510611187284	-0.167086598897	-0.00738119920376	-0.000797395282295	-0.0240615417714	-0.059537980786	0.00505628715779	-0.046367077232	0.104547408606	-0.0206658756329	0.0546324464492	-0.146438476747	-0.0331417116758	0.0184731683699	0.0361385194893	-0.117481451221	-0.124673633545	-0.0482640242321	-0.0405843481843	0.0178396906254	-0.0619840576379	0.0343067942497	-0.113095143641	-0.0459759639204	-0.109727612491	0.0610918346855	-0.023668798995	0.040405829827	-0.10756311579	-0.0134973407592	-0.057541368075	0.114739665429	0.0760314087203	0.00891578825953	-0.0725255199448	0.0351636788739	-0.0564916312884	-0.092230654265	-0.0297314928133
k__Bacteria;p__Bacteroidetes;c__Bacteroidia;o__Bacteroidales;f__Rikenellaceae;g__Alistipes;s__Alistipes_finegoldii	-0.190597979876	-0.195772470929	-0.0534782366517	0.00903657085068	0.0321953595225	-0.0827651078881	0.00305193203529	-0.0290323209092	1.0	0.0393807162577	0.00220659455911	0.0904692108257	0.0857443995272	-0.0803718492151	-0.0289793233635	0.0302753257656	-0.0510488132549	-0.0488201327988	-0.0405314395957	-0.0382253264072	-0.00586413359376	-0.0610157707004	-0.070537021141	-0.0373517976259	0.0216709002093	0.0157162687503	-0.000919654193178	-0.0275987615729	-0.104694640009	0.0670437550269	-0.06385287861	0.00863303108662	0.0353859626392	-0.0431282028383	-0.0816059076526	-0.0537716110903	0.0224117623381	-0.00793556636195	-0.0699465312418	-0.0966110481384	0.0567865052225	-0.0768507414161	-0.0484597106326	-0.0658157434769	-0.00667433082906	-0.0184546853684	-0.104980775496	0.115202478237	0.00683010473488	-0.0299356605737	0.0704673769145	-0.0847869753701	0.0379128878781	-0.193046271696	0.130105576076	-0.0909621590439	-0.118619574726	-0.00188568922371	-0.0681610076961
k__Bacteria;p__Bacteroidetes;c__Bacteroidia;o__Bacteroidales;f__Porphyromonadaceae;g__Parabacteroides;s__Parabacteroides_distasonis	0.046055968705	-0.123566011385	-0.152731054166	-0.094399318245	-0.0304933156476	-0.0575688864773	-0.0948410768899	0.0074023703733	0.0393807162577	1.0	-0.0431939103245	-0.0407483922772	0.101309961836	-0.086211360986	-0.00647831023064	-0.0307987925249	-0.0165447578297	-0.0726888528907	-0.0252527369913	0.00672700302335	-0.0105321880116	-0.0489604078922	-0.101800390003	0.0131404137444	0.0353345576983	-0.0422588550416	-0.0330444203244	-0.0713663662988	-0.0355004183462	-0.103201125361	-0.141388565752	-0.0624573592456	-0.0705706456524	0.0497629050008	0.0769926578928	0.0778428338218	0.0135556916094	0.000280900557616	-0.0420721566712	-0.110381370061	0.030283565436	0.0151571802234	-0.0544618922035	-0.0451610701264	0.00469754844509	0.0846170090392	0.0347434027538	0.0213934660326	-0.0426064211993	-0.0993995822096	-0.146156233484	-0.0304331763038	0.00753656730709	-0.0310473958126	-0.0313731720314	0.0353293292371	-0.06599138713	0.021738416968	0.136639274353
k__Bacteria;p__Bacteroidetes;c__Bacteroidia;o__Bacteroidales;f__Bacteroidaceae;g__Bacteroides;s__Bacteroides_thetaiotaomicron	-0.0595370048844	-0.114787157423	0.0730794271618	-0.0091187495275	-0.0600464844734	0.0687579483142	-0.152588860527	-0.0313838486837	0.00220659455911	-0.0431939103245	1.0	0.090493715371	0.0602776101173	0.0717016856215	-0.0787364714074	-0.124772579643	-0.0764061644371	-0.143054502541	-0.000202690413265	-0.0580964556414	-0.00838278396163	-0.0671646695579	-0.0703703863979	0.0543914491793	-0.101093989218	0.0224803825976	-0.0214584129386	-0.0435485398083	-0.0784746762609	-0.012278881054	0.00526894888635	-0.0689132375285	-0.0180503091245	0.0257644511788	-0.0392422145278	-0.111844585261	0.0295518178419	0.0519301247046	-0.0399912028291	-0.0466718391542	-0.0449656173062	-0.0212877595529	0.0541642614488	-0.0513491720309	0.000339472950137	-0.146518598362	-0.0812382329829	0.0204593733258	0.0584080670005	-0.0147569554406	0.0313553406095	0.0207607901489	-0.0796055663377	-0.00942243118272	-0.245591530976	0.00167171732608	-0.00611304851188	0.018045206226	-0.0741692692962
k__Bacteria;p__Bacteroidetes;c__Bacteroidia;o__Bacteroidales;f__Bacteroidaceae;g__Bacteroides;s__Bacteroides_coprocola	-0.0625614259706	-0.0948771466195	-0.0420643604235	-0.111945974735	-0.0343981495675	0.0059058367977	-0.0605296784447	0.0928124927424	0.0904692108257	-0.0407483922772	0.090493715371	1.0	-0.140342038712	0.0264695752956	0.0717348111838	0.0479842846472	-0.0850172648629	-0.119761492669	0.0395607600829	-0.108551106119	-0.0891252336685	-0.0646377018045	-0.0482131625454	0.0042368313294	0.0306201282084	-0.00125925478073	-0.0373830957937	0.0405160636977	0.0383272947663	-0.0575636485341	0.031059073853	-0.0930311510179	-0.0124889821276	-0.0843286397041	0.0520830479218	0.0245255498407	-0.108836517574	-0.00452954102113	0.115710743617	0.00266506846011	-0.111286034154	0.0316221665721	-0.0788039407041	-0.0934507524665	-0.0136247916558	0.00331830167711	-0.100923783598	-0.0903157132403	0.0410522477094	0.0191014393925	0.0113842727512	0.0795673725007	-0.0639553418174	-0.0265278046309	-0.0951390784852	0.0331685362767	-0.150449086327	-0.0358287556161	-0.0590415708965
k__Bacteria;p__Bacteroidetes;c__Bacteroidia;o__Bacteroidales;f__Bacteroidaceae;g__Bacteroides;s__Bacteroides_cellulosilyticus	-0.129091425672	-0.0678828593482	-0.0103130429699	0.0329909626028	-0.0799264443878	-0.0522789699654	-0.0524010921673	-0.077075133298	0.0857443995272	0.101309961836	0.0602776101173	-0.140342038712	1.0	-0.0794775768183	0.0984921478212	-0.06865980576	0.0741544162753	-0.0639414420985	-0.0788488790241	-0.0624916554917	0.00644726321844	0.117319220385	0.0102363545898	-0.0709411408043	0.0130031861288	-0.0904143221366	-0.013851000748	-0.0691460498748	-0.0560125728422	0.0115719222692	0.0309282871315	0.0986327929955	-0.071683303702	0.0198756307939	-0.199341045278	-0.0831833186983	-0.0174585447266	0.0608095831058	-0.075269763632	-0.00912897794802	-0.0657780695229	0.0625928145656	-0.017552244551	-0.0877438055914	-0.0384240167764	-0.00923804153771	0.0417853138797	-0.0963628126409	-0.0612599913934	0.00451372998861	-0.0646879167801	-0.109178368908	0.025392461222	-0.0609570718922	0.0914851275558	-0.141318556625	-0.0943226538077	-0.0691498367323	0.0132102164609
k__Bacteria;p__Bacteroidetes;c__Bacteroidia;o__Bacteroidales;f__Rikenellaceae;g__Alistipes;s__Alistipes_obesi	0.0847848389133	-0.106331499084	-0.0601710995878	-0.148108372353	-0.0420882287312	0.0629285349857	0.0225697505453	-0.0300277953137	-0.0803718492151	-0.086211360986	0.0717016856215	0.0264695752956	-0.0794775768183	1.0	-0.000268405617448	-0.135343669969	-0.0103307147119	-0.106444413747	0.0500770369716	-0.0543649878505	0.0218400019653	0.0899439642829	-0.0943883439803	-0.0282510541275	-0.0738536169132	-0.0785700031094	-0.0577991020276	-0.0588387254682	-0.0211492312463	-0.0206063918373	0.0214282574089	-0.0757526970286	-0.0438082100199	-0.0347261506713	-0.030237126171	-0.115294694462	-0.000685155901944	-0.0635730420385	-0.0417554249098	-0.0406344125169	0.0392729068061	-0.0727845818664	-0.0280251112269	-0.0642021739538	0.00291485155076	-0.0433827536016	0.0235585889242	0.000398024253431	-0.0914035635187	-0.0892538606415	-0.0231074171838	-0.118571412902	-0.112651149013	0.0665462814245	0.0532700494889	0.0291502538859	-0.0419538690274	-0.0403971059663	0.137271503199
k__Bacteria;p__Firmicutes;c__Clostridia;o__Clostridiales;f__Lachnospiraceae;g__;s__[Eubacterium]_rectale	-0.101724290929	0.0151649815923	-0.00175104748929	-0.094025413491	-0.0775008767959	-0.0154287233061	-0.0538410531372	-0.0453458231022	-0.0289793233635	-0.00647831023064	-0.0787364714074	0.0717348111838	0.0984921478212	-0.000268405617448	1.0	0.00789717748081	-0.00247909646559	0.0574364198971	-0.0960412059218	-0.0409710072671	-0.0464026777993	0.00587276405298	-0.0637892416796	0.0396999209395	-0.0563662292143	0.0103179660389	-0.0626556929739	0.0285675275943	-0.177647279349	0.0157181983781	0.0251899484538	-0.0326973675405	0.127389264138	-0.0645817905534	-0.0609289063739	-0.0315793567704	0.0780317421669	-0.0679525121925	-0.075888973374	0.0804337822182	0.0161023997741	-0.0263896454265	-0.15192989835	-0.00583221138288	0.0924787758068	0.00500887060776	-0.141310773385	-0.159949736677	-0.105856716188	0.00612799981065	-0.0796385842737	-0.017123347683	-0.0890629049241	-0.121008347719	-0.0220963302574	-0.0499676543969	-0.0845395662846	0.061385055645	-0.0849410408228
k__Bacteria;p__Bacteroidetes;c__Bacteroidia;o__Bacteroidales;f__Bacteroidaceae;g__Bacteroides;s__Bacteroides_plebeius	-0.147635810231	0.0939856405214	-0.0826446655967	0.0492886292399	-0.12651893539	-0.0181745094253	-0.04664190004	0.0124872094726	0.0302753257656	-0.0307987925249	-0.124772579643	0.0479842846472	-0.06865980576	-0.135343669969	0.00789717748081	1.0	-0.0424005701324	0.0225397110995	-0.17980351904	0.0319879331663	-0.0415390003212	-0.0359594650587	0.0130785875863	-0.0327925128348	0.0202484294892	0.0156684415851	-0.0742387310499	-0.0618541904469	-0.0288204770068	-0.0262245715198	-0.0394641571387	-0.12762297078	0.0100702867818	-0.194238672227	-0.103122372794	-0.140762637929	0.0126014560883	-0.0782887575346	0.0430394314087	-0.0178802655233	0.0290929397171	-0.131592966552	-0.0238417807519	-0.107763950754	-0.0125204542566	0.0325077955523	0.0364469453653	0.0271109876444	-0.085786717196	0.0553177571604	-0.0434178692596	0.0566087981715	-0.107175931482	-0.0502749509599	0.00587010404568	-0.114462319826	-0.101488789932	0.0143470396621	-0.0909042178002
k__Bacteria;p__Bacteroidetes;c__Bacteroidia;o__Bacteroidales;f__Bacteroidaceae;g__Bacteroides;s__Bacteroides_fragilis	-0.0436071129481	-0.0678635293215	-0.00983612440699	-0.0257448137239	-0.131644087685	-0.0506183260107	0.0641578925008	-0.0313328663575	-0.0510488132549	-0.0165447578297	-0.0764061644371	-0.0850172648629	0.0741544162753	-0.0103307147119	-0.00247909646559	-0.0424005701324	1.0	-0.0959139682872	-0.00998896708308	-0.0649747253261	-0.00618640352969	0.0147865358225	0.0331786515755	-0.125880105794	-0.172492033012	-0.126685998236	-0.0141917768427	-0.00913792956876	0.0338851999711	-0.0818800316747	-0.0600998628216	-0.0387346887352	-0.00652789852657	0.0559518653705	0.104771375645	-0.0805073236721	-0.164267820706	0.02415728571	0.00647706261277	-0.0575100129873	-0.0866072201015	-0.0401373027404	-0.0405996741248	0.0968752142557	-0.0717593418804	-0.0511060961055	0.0387486305901	0.0215455631671	-0.016926911539	-0.108934145262	0.0138081229808	-0.109920724402	-0.0287272073307	-0.00281188230079	0.0724544821588	-0.118179711201	-0.0127267486526	-0.00235821672573	-0.004552506991
k__Bacteria;p__Proteobacteria;c__Betaproteobacteria;o__Burkholderiales;f__Sutterellaceae;g__Sutterella;s__Sutterella_wadsworthensis	-0.0735128029403	-0.0623358567566	0.00939589894546	0.0767544562758	-0.17438649872	0.11922151494	0.104701015033	-0.0346378683339	-0.0488201327988	-0.0726888528907	-0.143054502541	-0.119761492669	-0.0639414420985	-0.106444413747	0.0574364198971	0.0225397110995	-0.0959139682872	1.0	0.0644033572616	-0.0707467351146	-0.181727746919	-0.0629341471445	-0.00191388458129	-0.0390681930787	-0.127241858579	0.0698483895451	0.00114583286675	0.0326337493283	-0.0713714490648	-0.0170981535673	-0.0621934873	-0.142715400269	-0.110563996072	-0.0423967327598	-0.0454989137757	-0.0430194734356	0.0271436119751	-0.150519880968	0.0491960110177	0.0238245581025	-0.0625939073655	-0.0360980671564	-0.0161324866036	-0.0564307845388	-0.0236591999685	-0.00846320864621	0.0370082758953	0.0115543344537	0.052728980343	-0.0302792613391	-0.0905695576082	0.120232872547	-0.094430754251	-0.0683146274966	-0.019864587097	-0.132987095463	-0.0106998498202	-0.11642787541	-0.0488883556425
k__Bacteria;p__Bacteroidetes;c__Bacteroidia;o__Bacteroidales;f__Porphyromonadaceae;g__Barnesiella;s__Barnesiella_intestinihominis	-0.0147789446913	-0.020371387732	-0.0596290892163	0.0580012298214	-0.0497681290875	-0.0905576873864	-0.0751086453431	-0.172933530938	-0.0405314395957	-0.0252527369913	-0.000202690413265	0.0395607600829	-0.0788488790241	0.0500770369716	-0.0960412059218	-0.17980351904	-0.00998896708308	0.0644033572616	1.0	0.0115501682615	-0.0493190615559	-0.030611597086	-0.111413681516	-0.113846618166	-0.0223214232446	-0.0490390288932	-0.0201850792462	-0.1304315277	-0.0501780188525	-0.208372192135	0.0173979697425	-0.0959994204637	-0.0808596251989	0.0836404595576	0.0796769494305	-0.0331561939979	-0.0129419633161	-0.0280627382915	-0.0860314820547	0.0536434599131	-0.0519987529501	-0.0433548441367	-0.0163872956479	-0.0826844411151	-0.098097971548	0.130453475397	-0.0629554471865	0.0256581374591	0.165515982407	-0.0602806993454	-0.0492972035732	-0.128565547234	0.0398490383023	-0.0178043457792	-0.136676261136	0.140872164704	-0.0354182285945	0.0162685214691	0.0640647626851
k__Bacteria;p__Bacteroidetes;c__Bacteroidia;o__Bacteroidales;f__Odoribacteraceae;g__Odoribacter;s__Odoribacter_splanchnicus	0.00354450226814	0.0468372800352	-0.131952971214	-0.0493624380882	0.0799465971627	-0.0514418851575	-0.137302661838	-0.0163322560915	-0.0382253264072	0.00672700302335	-0.0580964556414	-0.108551106119	-0.0624916554917	-0.0543649878505	-0.0409710072671	0.0319879331663	-0.0649747253261	-0.0707467351146	0.0115501682615	1.0	0.0654938260851	0.0713853353491	-0.0161741392848	0.029582248375	-0.0117957971948	-0.0928234174068	-0.00815585132029	0.119812970089	-0.0328468306515	0.0122540503373	-0.0631251019763	0.0329205191609	0.0497715868261	-0.216029915233	-0.0521267747037	0.0287033650481	-0.0684929874192	0.0158959087323	-0.098072150411	0.0416058964122	-0.0664025480719	-0.0114794959625	-0.105042399947	-0.0226851915744	-0.00804126828358	-0.0127127370802	-0.0269470906141	0.0087139636937	-0.117792558709	-0.135748197886	-0.0450639998278	-0.0307107949336	0.0083484287944	-0.152919428351	-0.100282957723	-0.0842378361808	-0.135351619328	0.0181870964867	0.0134212517814
k__Bacteria;p__Bacteroidetes;c__Bacteroidia;o__Bacteroidales;f__Bacteroidaceae;g__Bacteroides;s__Bacteroides_salyersiae	-0.115021130122	-0.0842297946754	-0.111509223858	0.0189362470819	-0.159069046526	-0.0388587379507	-0.0677402809918	-0.0510611187284	-0.00586413359376	-0.0105321880116	-0.00838278396163	-0.0891252336685	0.00644726321844	0.0218400019653	-0.0464026777993	-0.0415390003212	-0.00618640352969	-0.181727746919	-0.0493190615559	0.0654938260851	1.0	0.0612848662258	-0.000678638927769	0.0527015435438	0.0382368921579	-0.0883475455547	0.134027073636	-0.0420203093073	0.0361431649108	-0.00343618737569	-0.0557132953292	-0.00187662452497	-0.0142847651908	0.000558011920303	-0.00585950117883	-0.049579035219	-0.0172601661859	0.00257810358699	-0.066231446782	0.0126291635565	-0.0565612414104	-0.0263174800618	-0.0352524225707	-0.0801654023677	0.028562303486	0.034125161204	-0.0730218532039	-0.120269378884	-0.0722885627018	-0.0791111287687	-0.00642612779008	-0.04575867329	-0.029283304765	-0.001542648686	-0.150559152144	-0.0809371688109	0.155938520917	0.0231666523226	-0.1379605137
k__Bacteria;p__Firmicutes;c__Clostridia;o__Clostridiales;f__Ruminococcaceae;g__Ruminiclostridium;s__[Eubacterium]_siraeum	-0.0748752310109	0.0468865165973	-0.0316542505101	-0.0104782759624	0.0456560670853	-0.0426118367003	-0.000719185964786	-0.167086598897	-0.0610157707004	-0.0489604078922	-0.0671646695579	-0.0646377018045	0.117319220385	0.0899439642829	0.00587276405298	-0.0359594650587	0.0147865358225	-0.0629341471445	-0.030611597086	0.0713853353491	0.0612848662258	1.0	-0.064397450756	0.00408006463148	-0.0128581935143	-0.0814336085802	0.00773619858903	0.051030731166	-0.0081721798849	-0.0225202100311	0.109334797801	-0.1102768882	-0.0673287079867	-0.117557181777	-0.0364046596024	-0.0294915464321	-0.0575471904524	-0.00723320100937	0.0846944369681	0.0639082147177	-0.12046046304	-0.0670194354407	-0.0715742180188	-0.036379269495	0.0324626970746	-0.0714890700514	-0.054131420509	-0.061093933428	0.0100201376406	-0.135912441799	0.0446372117493	-0.121692222714	0.0060750713223	-0.0825669543407	0.0346680138814	-0.0132505311142	0.0643670084648	-0.0992549744807	0.0525160460268
k__Bacteria;p__Proteobacteria;c__Betaproteobacteria;o__Burkholderiales;f__Sutterellaceae;g__Parasutterella;s__Parasutterella_excrementihominis	0.063784394012	-0.0843420012352	-0.00212826164184	0.108431941226	0.019016151161	-0.131118080597	-0.102463123516	-0.00738119920376	-0.070537021141	-0.101800390003	-0.0703703863979	-0.0482131625454	0.0102363545898	-0.0943883439803	-0.0637892416796	0.0130785875863	0.0331786515755	-0.00191388458129	-0.111413681516	-0.0161741392848	-0.000678638927769	-0.064397450756	1.0	-0.0240184177321	-0.18336263966	0.031978985473	-0.0223596958136	-0.0447264959184	0.0321259796857	-0.0343291192234	0.0258290023967	0.02251365026	-0.119390120272	-0.0905560125971	-0.0841284196405	-0.0146694239262	-0.19064026163	-0.00540689695445	-0.0505871584082	0.020985363117	0.00919431668776	-0.0168498370746	0.013220543275	-0.0771960554515	0.00898033965843	0.0216426835657	0.0117024935991	-0.109252364901	0.0529467559943	-0.0227463087417	0.0860458556832	-0.0599058372583	-0.0835393261293	0.0550565635317	-0.0260268241725	0.0199235314109	-0.0354488953287	-0.0544120868987	-0.0323531009122
k__Bacteria;p__Actinobacteria;c__Actinobacteria;o__Bifidobacteriales;f__Bifidobacteriaceae;g__Bifidobacterium;s__Bifidobacterium_adolescentis	0.0641150367548	-0.0453583864178	-0.0146076284902	0.0514945661144	-0.0646028057849	-0.146843149083	-0.131436036451	-0.000797395282295	-0.0373517976259	0.0131404137444	0.0543914491793	0.0042368313294	-0.0709411408043	-0.0282510541275	0.0396999209395	-0.0327925128348	-0.125880105794	-0.0390681930787	-0.113846618166	0.029582248375	0.0527015435438	0.00408006463148	-0.0240184177321	1.0	-0.0276213258336	0.0108407158858	0.0327685590182	0.0845102832029	0.0611662674168	0.159705774138	-0.0146921723105	0.0241530320488	0.0283977364546	-0.130216963025	-0.0791643103049	-0.00711317005362	-0.0550949810526	0.0558443352098	-0.0297908498303	-0.056791861828	-0.0711489205455	-0.0949999419215	-0.0506672979754	0.0304196752219	-0.0781329846901	-0.103952804915	-0.00678311584491	-0.0456358336067	-0.0368594522086	-0.0793059255339	0.0159754076216	0.0518497556792	0.0212220432257	-0.00344378766764	-0.135128134408	-0.0651041380289	0.0696568443029	-0.120225892926	0.0219338735305
k__Bacteria;p__Firmicutes;c__Clostridia;o__Clostridiales;f__Oscillospiraceae;g__Oscillibacter;s__Oscillibacter_sp._KLE_1745	-0.0778132558423	-0.0767931830283	-0.145262722628	0.00730930878775	-0.150250042173	-0.0641710985038	-0.0754258577676	-0.0240615417714	0.0216709002093	0.0353345576983	-0.101093989218	0.0306201282084	0.0130031861288	-0.0738536169132	-0.0563662292143	0.0202484294892	-0.172492033012	-0.127241858579	-0.0223214232446	-0.0117957971948	0.0382368921579	-0.0128581935143	-0.18336263966	-0.0276213258336	1.0	0.0419583712804	-0.0964797551611	-0.000692339660771	-0.0538828318875	-0.0231132876834	-0.079458484727	-0.098052245264	0.00981235057359	-0.032958429313	-0.00739785269258	0.052374959173	-0.0276884681973	0.0198653797395	0.0274378172872	-0.0516330735878	-0.0183237928736	-0.0329718361927	0.0219096998914	0.0801277873132	-0.00143380708432	-0.0245110917044	-0.00544385369644	-0.0236258319275	0.00524434990877	-0.108135277069	0.0706669277887	-0.033272247942	-0.0378842666824	0.0917396973032	0.0319533595555	-0.074643638207	-0.0151840928515	0.0402209013886	-0.078884696277
k__Bacteria;p__Bacteroidetes;c__Bacteroidia;o__Bacteroidales;f__Bacteroidaceae;g__Bacteroides;s__Bacteroides_coprophilus	-0.0552934562	-0.0357595460637	-0.153014570495	-0.084771397639	0.0583536544538	-0.0328460993856	0.0670527784885	-0.059537980786	0.0157162687503	-0.0422588550416	0.0224803825976	-0.00125925478073	-0.0904143221366	-0.0785700031094	0.0103179660389	0.0156684415851	-0.126685998236	0.0698483895451	-0.0490390288932	-0.0928234174068	-0.0883475455547	-0.0814336085802	0.031978985473	0.0108407158858	0.0419583712804	1.0	-0.0922964102557	-0.11408769911	-0.125859959422	-0.00973695408602	0.030374357416	-0.0113275449737	0.056943385007	-0.0292117994891	0.0236043558925	0.0557476487708	-0.130267817179	-0.116623894458	0.0249447602479	-0.0799551475713	-0.0468074772476	-0.117204352243	-0.102160580969	-0.0767730721083	-0.00618317702221	0.0411682690256	0.0913819917552	-0.0707999265254	-0.0483587588696	0.00110118720706	-0.11123971131	0.110272938869	-0.0186858894981	0.0642012617601	-0.0699014708169	-0.155084141162	-0.104645664676	-0.015966424398	-0.0743243879667
k__Bacteria;p__Firmicutes;c__Clostridia;o__Clostridiales;f__Lachnospiraceae;g__Roseburia;s__Roseburia_intestinalis	-0.0220509837383	0.0380683735155	-0.0442090276083	-0.0153713298969	-0.110576555028	-0.0306758665705	0.112396778231	0.00505628715779	-0.000919654193178	-0.0330444203244	-0.0214584129386	-0.0373830957937	-0.013851000748	-0.0577991020276	-0.0626556929739	-0.0742387310499	-0.0141917768427	0.00114583286675	-0.0201850792462	-0.00815585132029	0.134027073636	0.00773619858903	-0.0223596958136	0.0327685590182	-0.0964797551611	-0.0922964102557	1.0	-0.0627341636579	0.0182108118507	0.168213779118	-0.024663915377	0.064113019405	0.0635548646172	-0.0582439173596	-0.103654291782	-0.0815450577979	-0.0928321855314	0.0665837871749	-0.0780983903974	-0.0145648594188	0.100922394392	-0.0247589116522	-0.0493797814703	-0.00389295918551	-0.124327107991	-0.112864897411	0.043236318292	-0.197243120031	0.0269886531128	-0.113162848706	-0.165241604352	-0.0707256288872	-0.0906472980612	-0.00444577979221	-0.0349245993012	0.00380117284705	-0.139207381204	0.0451060198077	-0.0566428483213
k__Bacteria;p__Firmicutes;c__Clostridia;o__Clostridiales;f__Lachnospiraceae;g__Roseburia;s__Roseburia_hominis	-0.00111468769313	0.0515439629338	0.0157520996053	-0.112455737231	-0.0642089484108	-0.0832874741385	-0.0100757536817	-0.046367077232	-0.0275987615729	-0.0713663662988	-0.0435485398083	0.0405160636977	-0.0691460498748	-0.0588387254682	0.0285675275943	-0.0618541904469	-0.00913792956876	0.0326337493283	-0.1304315277	0.119812970089	-0.0420203093073	0.051030731166	-0.0447264959184	0.0845102832029	-0.000692339660771	-0.11408769911	-0.0627341636579	1.0	0.0327677825888	-0.00995916672757	0.119520002496	0.0323972870366	-0.076748001394	-0.118621392878	-0.0844074973053	0.138068777573	0.00775268386866	0.177478894861	-0.0599716426036	-0.0878179368419	-0.112271308354	-0.0129857671377	0.016437559455	-0.0387016088552	-0.0935827764196	0.0601771065582	0.017449973634	0.0604929917106	0.0575725565874	0.0541355287801	-0.0162124021574	-0.0660500005516	-0.107230858092	0.0576518215147	-0.163913327949	-0.045476227038	-0.0815095248	-0.0103055973072	-0.0508774786025
k__Bacteria;p__Bacteroidetes;c__Bacteroidia;o__Bacteroidales;f__Porphyromonadaceae;g__Parabacteroides;s__Parabacteroides_johnsonii	-0.0506901511735	0.0400850383887	-0.0203947284997	0.0251232625432	0.0503149142472	-0.104988412706	-0.00439386701519	0.104547408606	-0.104694640009	-0.0355004183462	-0.0784746762609	0.0383272947663	-0.0560125728422	-0.0211492312463	-0.177647279349	-0.0288204770068	0.0338851999711	-0.0713714490648	-0.0501780188525	-0.0328468306515	0.0361431649108	-0.0081721798849	0.0321259796857	0.0611662674168	-0.0538828318875	-0.125859959422	0.0182108118507	0.0327677825888	1.0	0.0376157267918	-0.00564760048345	-0.055633881169	-0.141957592751	-0.153614703026	-0.0454877828137	-0.0239422042442	-0.00996553092449	-0.0535681808682	-0.0375308700168	0.00300962577999	-0.020990284723	-0.137835013757	0.0626260879056	0.00324051762353	0.0329855847214	-0.0714716886032	0.0714396682785	-0.0165800599496	-0.106909487158	-0.0197505928383	-0.087955416885	0.0119829872286	-0.0297417647144	-0.0913225448234	0.00913521899174	0.0685978971509	-0.0942155064729	-0.0772149735066	-0.10822289156
k__Bacteria;p__Actinobacteria;c__Actinobacteria;o__Bifidobacteriales;f__Bifidobacteriaceae;g__Bifidobacterium;s__Bifidobacterium_longum	0.0185517595715	-0.111318898003	-0.0536387240467	-0.0511223137481	-0.0908650994949	-0.0574786081439	-0.0800495136268	-0.0206658756329	0.0670437550269	-0.103201125361	-0.012278881054	-0.0575636485341	0.0115719222692	-0.0206063918373	0.0157181983781	-0.0262245715198	-0.0818800316747	-0.0170981535673	-0.208372192135	0.0122540503373	-0.00343618737569	-0.0225202100311	-0.0343291192234	0.159705774138	-0.0231132876834	-0.00973695408602	0.168213779118	-0.00995916672757	0.0376157267918	1.0	-0.0838198070788	0.0346711151413	-0.0453109708519	-0.18691553398	-0.0090338700078	-0.073305125351	-0.00308490174961	-0.0266379473306	0.0355262758128	-0.0627296429309	-0.0776919032358	0.0224977410413	-0.084661472842	-0.0231837506912	-0.0699100739763	-0.0676199910062	-0.0485736080134	0.0544184393296	-0.0608937453534	-5.52356868081e-05	-0.0772825317699	-0.0758991517132	-0.0832917565555	0.00631328984743	-0.0471511680275	-0.130212781724	-0.10654800209	0.0432176146355	0.059166798581
