#taxonomy	k__Bacteria;p__Bacteroidetes;c__Bacteroidia;o__Bacteroidales;f__Bacteroidaceae;g__Bacteroides;s__Bacteroides_vulgatus	k__Bacteria;p__Bacteroidetes;c__Bacteroidia;o__Bacteroidales;f__Bacteroidaceae;g__Bacteroides;s__Bacteroides_uniformis	k__Bacteria;p__Bacteroidetes;c__Bacteroidia;o__Bacteroidales;f__Rikenellaceae;g__Alistipes;s__Alistipes_putredinis	k__Bacteria;p__Bacteroidetes;c__Bacteroidia;o__Bacteroidales;f__Prevotellaceae;g__Prevotella;s__Prevotella_copri	k__Bacteria;p__Bacteroidetes;c__Bacteroidia;o__Bacteroidales;f__Bacteroidaceae;g__Bacteroides;s__Bacteroides_stercoris	k__Bacteria;p__Bacteroidetes;c__Bacteroidia;o__Bacteroidales;f__Bacteroidaceae;g__Bacteroides;s__Bacteroides_ovatus	k__Bacteria;p__Bacteroidetes;c__Bacteroidia;o__Bacteroidales;f__Rikenellaceae;g__Alistipes;s__Alistipes_shahii	k__Bacteria;p__Firmicutes;c__Clostridia;o__Clostridiales;f__Ruminococcaceae;g__Faecalibacterium;s__Faecalibacterium_prausnitzii	k__Bacteria;p__Bacteroidetes;c__Bacteroidia;o__Bacteroidales;f__Rikenellaceae;g__Alistipes;s__Alistipes_finegoldii	k__Bacteria;p__Bacteroidetes;c__Bacteroidia;o__Bacteroidales;f__Porphyromonadaceae;g__Parabacteroides;s__Parabacteroides_distasonis	k__Bacteria;p__Bacteroidetes;c__Bacteroidia;o__Bacteroidales;f__Bacteroidaceae;g__Bacteroides;s__Bacteroides_thetaiotaomicron	k__Bacteria;p__Bacteroidetes;c__Bacteroidia;o__Bacteroidales;f__Bacteroidaceae;g__Bacteroides;s__Bacteroides_coprocola	k__Bacteria;p__Bacteroidetes;c__Bacteroidia;o__Bacteroidales;f__Bacteroidaceae;g__Bacteroides;s__Bacteroides_cellulosilyticus	k__Bacteria;p__Bacteroidetes;c__Bacteroidia;o__Bacteroidales;f__Rikenellaceae;g__Alistipes;s__Alistipes_obesi	k__Bacteria;p__Firmicutes;c__Clostridia;o__Clostridiales;f__Lachnospiraceae;g__;s__[Eubacterium]_rectale	k__Bacteria;p__Bacteroidetes;c__Bacteroidia;o__Bacteroidales;f__Bacteroidaceae;g__Bacteroides;s__Bacteroides_plebeius	k__Bacteria;p__Bacteroidetes;c__Bacteroidia;o__Bacteroidales;f__Bacteroidaceae;g__Bacteroides;s__Bacteroides_fragilis	k__Bacteria;p__Proteobacteria;c__Betaproteobacteria;o__Burkholderiales;f__Sutterellaceae;g__Sutterella;s__Sutterella_wadsworthensis	k__Bacteria;p__Bacteroidetes;c__Bacteroidia;o__Bacteroidales;f__Porphyromonadaceae;g__Barnesiella;s__Barnesiella_intestinihominis	k__Bacteria;p__Bacteroidetes;c__Bacteroidia;o__Bacteroidales;f__Odoribacteraceae;g__Odoribacter;s__Odoribacter_splanchnicus	k__Bacteria;p__Bacteroidetes;c__Bacteroidia;o__Bacteroidales;f__Bacteroidaceae;g__Bacteroides;s__Bacteroides_salyersiae	k__Bacteria;p__Firmicutes;c__Clostridia;o__Clostridiales;f__Ruminococcaceae;g__Ruminiclostridium;s__[Eubacterium]_siraeum	k__Bacteria;p__Proteobacteria;c__Betaproteobacteria;o__Burkholderiales;f__Sutterellaceae;g__Parasutterella;s__Parasutterella_excrementihominis	k__Bacteria;p__Actinobacteria;c__Actinobacteria;o__Bifidobacteriales;f__Bifidobacteriaceae;g__Bifidobacterium;s__Bifidobacterium_adolescentis	k__Bacteria;p__Firmicutes;c__Clostridia;o__Clostridiales;f__Oscillospiraceae;g__Oscillibacter;s__Oscillibacter_sp._KLE_1745	k__Bacteria;p__Bacteroidetes;c__Bacteroidia;o__Bacteroidales;f__Bacteroidaceae;g__Bacteroides;s__Bacteroides_coprophilus	k__Bacteria;p__Firmicutes;c__Clostridia;o__Clostridiales;f__Lachnospiraceae;g__Roseburia;s__Roseburia_intestinalis	k__Bacteria;p__Firmicutes;c__Clostridia;o__Clostridiales;f__Lachnospiraceae;g__Roseburia;s__Roseburia_hominis	k__Bacteria;p__Bacteroidetes;c__Bacteroidia;o__Bacteroidales;f__Porphyromonadaceae;g__Parabacteroides;s__Parabacteroides_johnsonii	k__Bacteria;p__Actinobacteria;c__Actinobacteria;o__Bifidobacteriales;f__Bifidobacteriaceae;g__Bifidobacterium;s__Bifidobacterium_longum	k__Bacteria;p__Firmicutes;c__Clostridia;o__Clostridiales;f__;g__Flavonifractor;s__Flavonifractor_plautii	k__Bacteria;p__Firmicutes;c__Clostridia;o__Clostridiales;f__Clostridiaceae;g__Clostridium;s__Clostridium_phoceensis	k__Bacteria;p__Verrucomicrobia;c__Verrucomicrobiae;o__Verrucomicrobiales;f__Akkermansiaceae;g__Akkermansia;s__Akkermansia_muciniphila	k__Bacteria;p__Bacteroidetes;c__Bacteroidia;o__Bacteroidales;f__Prevotellaceae;g__Paraprevotella;s__Paraprevotella_xylaniphila	k__Bacteria;p__Firmicutes;c__Clostridia;o__Clostridiales;f__Ruminococcaceae;g__Ruminococcus;s__Ruminococcus_callidus	k__Bacteria;p__Bacteroidetes;c__Bacteroidia;o__Bacteroidales;f__Rikenellaceae;g__Alistipes;s__Alistipes_senegalensis	k__Bacteria;p__Firmicutes;c__Clostridia;o__Clostridiales;f__Lachnospiraceae;g__Blautia;s__Blautia_sp._KLE_1732	k__Bacteria;p__Bacteroidetes;c__Bacteroidia;o__Bacteroidales;f__Bacteroidaceae;g__Bacteroides;s__Bacteroides_oleiciplenus	k__Bacteria;p__Firmicutes;c__Clostridia;o__Clostridiales;f__Ruminococcaceae;g__Ruminococcus;s__Ruminococcus_bicirculans	k__Bacteria;p__Bacteroidetes;c__Bacteroidia;o__Bacteroidales;f__Bacteroidaceae;g__Bacteroides;s__Bacteroides_fluxus	k__Bacteria;p__Bacteroidetes;c__Bacteroidia;o__Bacteroidales;f__Prevotellaceae;g__Prevotella;s__Prevotella_stercorea	k__Bacteria;p__Firmicutes;c__Clostridia;o__Clostridiales;f__Lachnospiraceae;g__Dorea;s__Dorea_longicatena	k__Bacteria;p__Firmicutes;c__Clostridia;o__Clostridiales;f__Eubacteriaceae;g__Eubacterium;s__[Eubacterium]_eligens	k__Bacteria;p__Firmicutes;c__Clostridia;o__Clostridiales;f__Ruminococcaceae;g__;s__Ruminococcaceae_bacterium_D16	k__Bacteria;p__Firmicutes;c__Clostridia;o__Clostridiales;f__Lachnospiraceae;g__Coprococcus;s__Coprococcus_comes	k__Bacteria;p__Proteobacteria;c__Gammaproteobacteria;o__Enterobacterales;f__Enterobacteriaceae;g__Escherichia;s__Escherichia_coli	k__Bacteria;p__Firmicutes;c__Clostridia;o__Clostridiales;f__Ruminococcaceae;g__Anaerotruncus;s__Anaerotruncus_colihominis	k__Bacteria;p__Firmicutes;c__Clostridia;o__Clostridiales;f__Lachnospiraceae;g__Blautia;s__Blautia_obeum	k__Bacteria;p__Bacteroidetes;c__Bacteroidia;o__Bacteroidales;f__Odoribacteraceae;g__Odoribacter;s__Odoribacter_laneus	k__Bacteria;p__Firmicutes;c__Clostridia;o__Clostridiales;f__Ruminococcaceae;g__Ruminiclostridium;s__[Clostridium]_leptum	k__Bacteria;p__Bacteroidetes;c__Bacteroidia;o__Bacteroidales;f__Porphyromonadaceae;g__Parabacteroides;s__Parabacteroides_goldsteinii	k__Bacteria;p__Firmicutes;c__Clostridia;o__Clostridiales;f__Lachnospiraceae;g__Anaerostipes;s__Anaerostipes_hadrus	k__Bacteria;p__Firmicutes;c__Clostridia;o__Clostridiales;f__Ruminococcaceae;g__Ruminococcus;s__Ruminococcus_lactaris	k__Bacteria;p__Firmicutes;c__Clostridia;o__Clostridiales;f__Clostridiaceae;g__Clostridium;s__Clostridium_sp._L2-50	k__Bacteria;p__Firmicutes;c__Clostridia;o__Clostridiales;f__Clostridiaceae;g__Clostridium;s__Clostridium_sp._M62/1	k__Bacteria;p__Firmicutes;c__Clostridia;o__Clostridiales;f__;g__Intestinimonas;s__Intestinimonas_butyriciproducens	k__Bacteria;p__Actinobacteria;c__Actinobacteria;o__Bifidobacteriales;f__Bifidobacteriaceae;g__Bifidobacterium;s__Bifidobacterium_bifidum	k__Bacteria;p__Firmicutes;c__Negativicutes;o__Veillonellales;f__Veillonellaceae;g__Dialister;s__Dialister_invisus	k__Bacteria;p__Bacteroidetes;c__Bacteroidia;o__Bacteroidales;f__Bacteroidaceae;g__Bacteroides;s__Bacteroides_salanitronis
k__Bacteria;p__Bacteroidetes;c__Bacteroidia;o__Bacteroidales;f__Bacteroidaceae;g__Bacteroides;s__Bacteroides_vulgatus	1.0	0.0940089157996	-0.256347769221	0.122584552987	-0.073204933812	-0.0334149059535	-0.135315199104	0.0934025832939	-0.0485745071039	0.0546312370867	-0.109635888616	0.000497629735938	-0.0247532709173	0.00512124822262	-0.0597420228032	-0.0652852186663	0.112500672896	-0.0263646876017	-0.0670023072368	-0.062715202171	0.025151010945	-0.0285119224425	-0.0398620879247	0.152868531494	-0.147771806285	-0.181089215363	-0.126586422334	0.0199015859266	-0.0276250693056	-0.135643809476	0.0185237421831	-0.0695353956244	-0.164603466009	-0.00427263074802	-0.0497722960164	0.0349921314181	0.122179229239	-0.0367581768316	0.0553494667385	-0.0628892116568	-0.0422046990038	0.0313987002189	0.0199094460224	0.0331095138418	-0.159694422486	-0.0172112340192	-0.0380663248261	0.0068356783538	-0.0550801800827	0.0940988338451	0.0209659744973	0.0390777544256	0.00494144765217	-0.00709173606707	0.0263403436833	0.0347915679309	-0.148885927291	-0.111058491723	-0.0180725246904
k__Bacteria;p__Bacteroidetes;c__Bacteroidia;o__Bacteroidales;f__Bacteroidaceae;g__Bacteroides;s__Bacteroides_uniformis	0.0940089157996	1.0	-0.0330887192341	-0.11105421365	0.0174852806188	0.00360436592519	-0.00633809430652	-0.113617479472	-0.0548241492873	-0.0784145003637	-0.0642745919427	-0.0715432626163	-0.00764546122695	-0.00892554087378	-0.0595072158349	-0.00593253091992	-0.0188695717486	-0.094835008783	-0.0238208357285	-0.155618671809	0.0574553042477	0.0584596554501	-0.0898916881244	-0.138756341034	0.129235189629	0.0415913340594	0.0365166771576	0.0382558865305	-0.0668353534645	-0.16570298184	0.00539442660802	0.0937520859589	-0.0917291473698	0.00661083368587	0.00114826716698	0.0165403340706	-0.122421414796	-0.123624522023	0.0110862524156	0.0507377861473	-0.0341699756947	-0.0167399371617	-0.0668429136207	-0.0513382823475	0.00655854598185	0.109920161992	-0.122221900187	-0.0478791557947	-0.0380124221387	-0.0114581472034	0.0498565288165	-0.124875893609	-0.0215147739553	0.0496167417178	-0.114618764327	-0.0410339603725	-0.0183722684248	-0.0807259148231	0.0122968499662
k__Bacteria;p__Bacteroidetes;c__Bacteroidia;o__Bacteroidales;f__Rikenellaceae;g__Alistipes;s__Alistipes_putredinis	-0.256347769221	-0.0330887192341	1.0	-0.00970332755416	-0.0345515117679	0.104766218329	-0.0168318660389	-0.05599296816	-0.106764439942	0.00746965260102	0.0270422742745	-0.0760521822399	0.00675026413154	-0.138626030806	0.00136828073347	0.0640865899212	0.00455897329192	0.0653846902518	-0.0596933904741	0.0272470027643	-0.0780109322078	-0.039435957618	-0.0998068816154	-0.0441180711389	0.008064637401	0.0494790525682	0.0141067280174	-0.041619322386	-0.0234127427454	0.00343911294828	-0.0446447497517	-0.027816847573	-0.0790762924396	-0.0321966430134	0.00690221303456	0.0178927491414	-0.1085256597	-0.115556369201	-0.0287371875109	0.0625881753772	-0.0132872587412	-0.0120549899072	-0.000468768903438	-0.0167927174043	0.0549061128375	0.0187206430583	-0.186764377592	0.0315056546457	-0.076882170127	-0.0345743008735	-0.0363448048145	-0.078629259309	-0.0667485058583	-0.0613588574548	0.0214655198588	0.0134950492354	-0.00947366120575	0.0423063281592	0.0384356566446
k__Bacteria;p__Bacteroidetes;c__Bacteroidia;o__Bacteroidales;f__Prevotellaceae;g__Prevotella;s__Prevotella_copri	0.122584552987	-0.11105421365	-0.00970332755416	1.0	-0.20741481288	-0.00296860977884	-0.106408262622	0.0153974802948	-0.0406877562557	0.0164394423235	-0.0651487233162	0.11780520964	-0.021270174608	-0.0471255749741	-0.0266754605387	0.0392841270527	-0.143712106994	-0.0328761645088	0.0201389057711	-0.0560549877274	-0.0396793960767	-0.110550389083	-0.0573334919515	0.0706006627317	-0.147069643299	-0.0397078851892	-0.0915554400401	-0.0194697936091	-0.138638548811	-0.12022622036	-0.091788515137	-0.0626339063888	-0.0578599006525	-0.00666564213156	-0.08730130967	-0.0840338612288	0.0737686082108	0.0784131444053	0.0289796288671	-0.00947756817571	-0.0419000230876	0.0448684233428	0.0312030248351	-0.060345909684	-0.116826480786	-0.127020205071	0.0313186872277	-0.0228991215633	0.0428387157272	-0.0521676688436	-0.0339000612426	-0.0174913394116	-0.0701862331752	-0.0764120691703	-0.14637936513	-0.0409353561254	-0.0190215443381	-0.064197531001	-0.0922136147299
k__Bacteria;p__Bacteroidetes;c__Bacteroidia;o__Bacteroidales;f__Bacteroidaceae;g__Bacteroides;s__Bacteroides_stercoris	-0.073204933812	0.0174852806188	-0.0345515117679	-0.20741481288	1.0	-0.0469193526949	-0.0559295603484	-0.14738790882	0.051071658525	0.0141914778073	0.00721888514117	0.00127584222113	-0.236775404238	-0.0766567883493	-0.0635645836185	-0.0849765111106	-0.0203712275853	0.00389949636554	-0.0306883670745	-0.0149453371495	0.0409366682017	0.0746793383519	0.0540290168955	-0.0417437851319	0.0483145152463	-0.111279086351	0.0126674700032	-0.126208996426	-0.00342903868122	-0.0994176978988	-0.0181560893912	0.0746497315953	0.102977024164	0.0361227163707	0.0121252603737	-0.0891827519189	-0.017446110507	0.0579345526299	-0.0133253657512	-0.10547416242	0.00774897608521	0.00805038614808	-0.00798428552983	0.0763752207448	0.0206242531668	-0.00837950676162	0.0476827522808	-0.0204527972014	-0.107404156248	-0.125179656207	0.0504147599036	-0.00832459128403	-0.0262756703065	0.0149349400752	-0.00714287778202	-0.0490450844666	0.0536880961991	0.0713639763064	0.032027438688
k__Bacteria;p__Bacteroidetes;c__Bacteroidia;o__Bacteroidales;f__Bacteroidaceae;g__Bacteroides;s__Bacteroides_ovatus	-0.0334149059535	0.00360436592519	0.104766218329	-0.00296860977884	-0.0469193526949	1.0	0.0455181058233	-0.0524551081179	-0.0518948588089	-0.0201396928775	-0.0176620226699	-0.0251397755949	-0.110902824997	-0.0490383750637	-0.0532355071394	0.00386875452555	-0.080324746588	0.0377373405377	0.125046669267	-0.0109587774303	-0.114463054635	-0.13539742193	-0.113932862732	-0.0406406769725	0.00753367543448	0.0352363278454	-0.0155371572867	-0.0926075212592	0.0310041403357	-0.0491731699348	-0.0152238515018	0.0449236466135	-0.0102808559077	-0.0488663872378	0.0130548014999	0.00878621197044	-0.146212131246	-0.0822941865292	-0.136070862704	-0.0539099627478	-0.0873944271277	0.0532743469602	-0.0398795224949	0.0622502040192	-0.0452083429813	-0.101511112531	-0.0347403443743	-0.0417877360118	-0.0470814083055	-0.0181116653772	-0.0183228424003	-0.0205185877993	0.0497433537286	-0.0391044130714	-0.110202576829	0.0462031449645	0.0339232577354	0.00564801924253	0.0185988326216
k__Bacteria;p__Bacteroidetes;c__Bacteroidia;o__Bacteroidales;f__Rikenellaceae;g__Alistipes;s__Alistipes_shahii	-0.135315199104	-0.00633809430652	-0.0168318660389	-0.106408262622	-0.0559295603484	0.0455181058233	1.0	-0.103510915676	-0.0436403593911	-0.000970579349207	-0.00980144290066	-0.0658779969524	-0.0504716783393	0.0386290862184	-0.10427328815	-0.0411370378515	0.011567521753	-0.0589602676365	-0.0724940286418	0.0139823405295	-0.187619121713	-0.0103436650399	-0.0929172013321	-0.107301929012	0.0947435520082	-0.0203321923517	-0.142742907031	-0.080827329263	0.0591268963359	0.0306844281471	-0.0565558319131	-0.0383329988943	0.0480297713305	0.00329585213678	-0.107337229867	0.0604488997583	-0.124580533652	-0.0269098776962	-0.0325280663232	-0.04789116338	0.0716801519235	0.0525998331248	-0.0516867197503	0.0162501927123	-0.0468462382364	-0.0595889715257	0.0245438672052	0.0373179029183	0.0674556811868	0.0552232243268	-0.0321535763056	-0.112833700683	-0.0668811890144	0.0999293214724	-0.082662563122	-0.0843849095505	-0.0557432405321	0.00395589688269	-0.0928364482462
k__Bacteria;p__Firmicutes;c__Clostridia;o__Clostridiales;f__Ruminococcaceae;g__Faecalibacterium;s__Faecalibacterium_prausnitzii	0.0934025832939	-0.113617479472	-0.05599296816	0.0153974802948	-0.14738790882	-0.0524551081179	-0.103510915676	1.0	-0.00340779189879	-0.0945515394262	0.0619820303273	-0.0556587910886	0.0502860295183	-0.202242423325	-0.0217316514701	0.0284328265506	0.0714801646974	0.0241445442681	0.0214783582586	0.0874313236336	-0.0121827558634	-0.0071892874383	-0.00124989327494	-0.0100014817307	-0.126647451156	0.00309505144324	-0.086184441371	-0.133587000109	0.047776501811	0.00857350150566	0.0786780942071	-0.0905317464172	-0.0303954614561	-0.00632837358903	0.0217919204801	-0.0201902556694	-0.0351678917575	-0.0346094185812	-0.104041126659	-0.0613169010638	-0.165421110338	-0.0836471058339	0.0813171927593	-0.0652387833589	0.0191152223136	-0.0975360703503	-0.0185323685375	-0.131574897249	-0.0731247805774	-0.110629505799	0.0479918088395	0.106396771096	-0.0559775135507	-0.00337299014043	0.0121398452882	0.114362446504	0.134875943956	-0.02988390843	-0.0369106328902
k__Bacteria;p__Bacteroidetes;c__Bacteroidia;o__Bacteroidales;f__Rikenellaceae;g__Alistipes;s__Alistipes_finegoldii	-0.0485745071039	-0.0548241492873	-0.106764439942	-0.0406877562557	0.051071658525	-0.0518948588089	-0.0436403593911	-0.00340779189879	1.0	0.0140647955334	0.00730048171477	0.0347927544372	-0.0884056988198	0.0241025197092	-0.0291777162573	0.0563231162575	-0.137533200584	-0.0157722339201	-0.000411507719719	0.0408993760191	-0.035917386823	-0.0119837529109	-0.0539758270773	0.0309473385476	-0.101636630013	-0.0811433718333	0.0139716304445	0.0736177607386	-0.0657091616622	-0.00795595620399	-0.0774173663449	-0.0533342974922	-0.0232278406798	0.00753083016266	0.103116473086	0.0554396011804	0.00772001972243	-0.0123337299099	0.0136311215173	0.00413145941485	-0.00200801236316	-0.142092199889	-0.0229234545316	-0.0283107475158	-0.0234775905922	-0.119048257	0.0263948704727	-0.0873019859155	-0.186545615022	-0.0511943089599	-0.0133717603953	-0.0442860151427	-0.0822234613225	-0.00911269253576	-0.0512649186208	-0.060270086923	0.0285253757668	-0.00776949538692	-0.0720922612629
k__Bacteria;p__Bacteroidetes;c__Bacteroidia;o__Bacteroidales;f__Porphyromonadaceae;g__Parabacteroides;s__Parabacteroides_distasonis	0.0546312370867	-0.0784145003637	0.00746965260102	0.0164394423235	0.0141914778073	-0.0201396928775	-0.000970579349207	-0.0945515394262	0.0140647955334	1.0	-0.0453783187579	0.00552544226519	-0.0882148948486	-0.0574678853598	-0.0805021852287	-0.0620597533555	-0.0390159810238	0.0335185362467	-0.127699630368	0.0114805660034	0.00468478463544	-0.0765347022188	-0.0798678097943	-0.0402131948832	0.0511236083081	-0.0647669740739	-0.0304317035218	0.0900340885371	0.127089465142	0.0758773173711	0.0800561372396	-0.0763527233784	-0.142669036437	-0.162355063284	-0.0797192457603	-0.0188408585419	0.0168846962528	0.124912641396	-0.117784635349	-0.0814492949221	-0.103963621015	0.0752774265522	-0.170059349118	0.121027559265	0.0315895178036	-0.0565024727606	-0.0189817819957	0.00574632884748	0.00790737912197	-0.13945939586	-0.112835860275	-0.0283557583733	-0.040073766193	-0.0844156207043	0.0299822298243	0.214200940353	-0.0580509757056	-0.102473196304	-0.076698839915
k__Bacteria;p__Bacteroidetes;c__Bacteroidia;o__Bacteroidales;f__Bacteroidaceae;g__Bacteroides;s__Bacteroides_thetaiotaomicron	-0.109635888616	-0.0642745919427	0.0270422742745	-0.0651487233162	0.00721888514117	-0.0176620226699	-0.00980144290066	0.0619820303273	0.00730048171477	-0.0453783187579	1.0	0.0471675930625	-0.0172987351336	-0.116667947197	0.00138285920454	0.0671675420117	0.0063626483626	0.0671199328744	-0.0280469246573	-0.0475793598551	-0.120035039857	0.0223448034547	0.00891097062255	-0.0973525187358	-0.0172460701999	-0.0439472906912	-0.0546597429644	-0.0710326412974	0.046286688375	-0.0113799583378	-0.00113049379327	-0.00810901715912	-0.139385024324	0.0439994794889	0.00434790142487	0.0209424827681	-0.0195022060234	-0.0861877213724	-0.0443594221555	-0.102246645475	0.00420516588785	-0.121921222325	0.0291729151942	0.0955644069969	-0.0273102437664	-0.0643871181289	-0.0438854601559	-0.0140049966564	-0.058278490908	-0.00973639954781	0.00264022543195	-0.0942032408155	-0.0988376627108	-0.0919801942366	0.0304494503413	-0.0377513178523	0.0200590213742	-0.0587732914284	0.0970500699882
k__Bacteria;p__Bacteroidetes;c__Bacteroidia;o__Bacteroidales;f__Bacteroidaceae;g__Bacteroides;s__Bacteroides_coprocola	0.000497629735938	-0.0715432626163	-0.0760521822399	0.11780520964	0.00127584222113	-0.0251397755949	-0.0658779969524	-0.0556587910886	0.0347927544372	0.00552544226519	0.0471675930625	1.0	-0.0371216231873	0.0200786059009	-0.0420535892911	0.0878025477456	-0.0426253223452	0.00192274015332	0.0204910709686	-0.0181548399111	-0.049668795683	-0.015260037526	0.00514213909511	-0.0645455592622	-0.0806255649407	-0.199741930863	-0.0840637889708	-0.025574617461	-0.0747428166161	-0.0478771133232	-0.153130284309	-0.0465531891566	-0.0506936186066	0.0050975623318	-0.0746521514522	0.0424500698843	0.163934177246	0.0104042749277	-0.106956811096	-0.0617374860096	-0.00614063574359	-0.00104862198697	-0.033237085176	-0.161472443618	-0.0119057749825	-0.0166081311725	-0.0682343997815	-0.0691411906552	-0.0189453258032	-0.117472859459	-0.0643264529212	-0.0125977618467	-0.0673246430524	-0.057981334099	-0.134480385383	-0.020474956436	0.0437949118202	-0.0662678744499	-0.0454689668067
k__Bacteria;p__Bacteroidetes;c__Bacteroidia;o__Bacteroidales;f__Bacteroidaceae;g__Bacteroides;s__Bacteroides_cellulosilyticus	-0.0247532709173	-0.00764546122695	0.00675026413154	-0.021270174608	-0.236775404238	-0.110902824997	-0.0504716783393	0.0502860295183	-0.0884056988198	-0.0882148948486	-0.0172987351336	-0.0371216231873	1.0	0.0751756225878	0.0373084492332	0.0809562584382	0.00782857672049	-0.157655226296	0.0502710093766	-0.0756015547563	0.0292489468863	0.0100278798368	-0.021203686447	-0.0147693684068	-0.0842755096629	-0.0697468219577	-0.165548504091	-0.0610435473926	0.00813559174965	0.0442380983318	0.016393289912	-0.156463813903	-0.0163180820532	-0.0906774113297	-0.0670739295312	0.0555469938976	-0.0278073098021	-0.0739445215667	0.0605386424	-0.00183593905324	-0.0293477585695	-0.071565202386	-0.110815725447	0.0478841406246	0.030359293735	-0.0211112086834	0.120847523957	-0.0248547147908	0.0459658904324	-0.0448286943195	-0.0501586962134	-0.0143696911978	-0.00885069282489	-0.0753499753662	-0.0440282709501	0.0494612080808	-0.0710586351783	-0.0268378480191	-0.0885627987345
k__Bacteria;p__Bacteroidetes;c__Bacteroidia;o__Bacteroidales;f__Rikenellaceae;g__Alistipes;s__Alistipes_obesi	0.00512124822262	-0.00892554087378	-0.138626030806	-0.0471255749741	-0.0766567883493	-0.0490383750637	0.0386290862184	-0.202242423325	0.0241025197092	-0.0574678853598	-0.116667947197	0.0200786059009	0.0751756225878	1.0	0.037078562997	-0.0568798145878	-0.124489337639	0.0588427425049	-0.019224688591	0.00924260156039	-0.142684892954	-0.0689136247852	0.13476352701	-0.0817052844152	0.08931687153	0.0464287923205	0.0245638607882	-0.0333179509618	-0.0505949090704	-0.0605763753036	0.0278040524887	-0.161342641102	-0.0161973042734	0.00649553808586	-0.0849840795212	-0.0204326793132	-0.0191286220732	0.021125814031	-0.0703045948029	0.00288452828156	-0.0305124980617	0.0135858068686	-0.0857763767234	0.00935121889048	-0.0174639097276	0.0236017756797	-0.0765018119278	-0.117922045316	-0.0660698073054	-0.0695424225731	-0.168762921155	-0.0394709544157	0.0325975744369	0.00770805488478	-0.0467169208688	-0.122505054395	-0.0177674973189	0.000643070499526	-0.131244683
k__Bacteria;p__Firmicutes;c__Clostridia;o__Clostridiales;f__Lachnospiraceae;g__;s__[Eubacterium]_rectale	-0.0597420228032	-0.0595072158349	0.00136828073347	-0.0266754605387	-0.0635645836185	-0.0532355071394	-0.10427328815	-0.0217316514701	-0.0291777162573	-0.0805021852287	0.00138285920454	-0.0420535892911	0.0373084492332	0.037078562997	1.0	0.0379909550067	-0.00342207196811	0.0277149171334	-0.0161047303878	-0.11881061577	-0.0296650062305	0.00725654961217	-0.093510616131	-0.0247659398744	0.0292524524023	0.0631626910132	-0.0490218670153	0.00117544869484	0.00748476692335	-0.0642388124657	-0.0927122883016	-0.0559639748672	0.0310396780384	-0.0377099875402	-0.0808620382879	-0.0575959077601	0.158141305701	-0.0636168749906	-0.0042165429518	-0.0185102648795	-0.01573063839	0.0605749888772	-0.0621697803	-0.0808102309962	0.0350789125843	-0.126575139943	-0.138376288375	0.00419098881117	-0.103307815921	-0.0601453086463	0.0682404861927	-0.0789473715375	0.0515284367856	-0.0520651240123	-0.0661019942935	-0.100075281599	-0.0622871287872	-0.115931004775	-0.067168873214
k__Bacteria;p__Bacteroidetes;c__Bacteroidia;o__Bacteroidales;f__Bacteroidaceae;g__Bacteroides;s__Bacteroides_plebeius	-0.0652852186663	-0.00593253091992	0.0640865899212	0.0392841270527	-0.0849765111106	0.00386875452555	-0.0411370378515	0.0284328265506	0.0563231162575	-0.0620597533555	0.0671675420117	0.0878025477456	0.0809562584382	-0.0568798145878	0.0379909550067	1.0	0.0985146194937	-0.0235978455817	0.0420289825096	0.0853424420768	-0.146863907951	-0.160094307192	-0.0319668070135	-0.14753044591	-0.0494595890353	0.0133579208838	-0.0867129708136	-0.032168527213	-0.0585650897831	-0.114056047135	-0.136979914845	0.0708036489391	0.0457254886891	-0.100135853634	-0.0531889805554	0.0869970005796	-0.0530999810386	-0.138075589148	-0.0401149678538	-0.0459901198935	0.0418695138924	-0.0208745998716	-0.0455071453107	0.00266222423462	-0.17654611987	-0.174283015181	-0.0602186526262	-0.0787808353584	-0.128559714837	-0.0629852388203	-0.0243047302222	-0.077079766808	0.105301780612	0.136414381262	-0.0348673360962	-0.0754352717992	-0.032228128325	-0.0988243648895	-0.0707412630576
k__Bacteria;p__Bacteroidetes;c__Bacteroidia;o__Bacteroidales;f__Bacteroidaceae;g__Bacteroides;s__Bacteroides_fragilis	0.112500672896	-0.0188695717486	0.00455897329192	-0.143712106994	-0.0203712275853	-0.080324746588	0.011567521753	0.0714801646974	-0.137533200584	-0.0390159810238	0.0063626483626	-0.0426253223452	0.00782857672049	-0.124489337639	-0.00342207196811	0.0985146194937	1.0	-0.0440485774944	-0.036256167406	-0.0153280630617	-0.0392692169984	-0.0847796898032	0.0143514938535	-0.154995901896	0.0774284808678	-0.0406148095932	-0.097566875613	-0.1048409258	-0.0803588648415	-0.00874958662033	-0.0363698132369	0.0617940737266	-0.0706214016788	-0.007584126571	-0.0227895087224	0.0604299539487	0.0813649979471	-0.081871835357	-0.203224713593	-0.0204386429771	-0.166725804071	-0.015579117637	0.0310052290542	-0.0400527427501	0.0500735385558	-0.119204319246	0.0768628131781	-0.0180892979159	-0.106487004004	-0.0276937362423	-0.00208311402869	0.00368717213009	-0.0408499282984	-0.11343891909	-0.0619970162501	-0.00760481347372	0.030408540676	0.0347099468544	0.0562019005795
k__Bacteria;p__Proteobacteria;c__Betaproteobacteria;o__Burkholderiales;f__Sutterellaceae;g__Sutterella;s__Sutterella_wadsworthensis	-0.0263646876017	-0.094835008783	0.0653846902518	-0.0328761645088	0.00389949636554	0.0377373405377	-0.0589602676365	0.0241445442681	-0.0157722339201	0.0335185362467	0.0671199328744	0.00192274015332	-0.157655226296	0.0588427425049	0.0277149171334	-0.0235978455817	-0.0440485774944	1.0	-0.0474316078879	-0.0862204863847	-0.0808466210391	-0.0711589122047	-0.0687820581403	-0.0231901836694	-0.208241174511	0.0713043273219	-0.0642534371343	-0.0393212348415	-0.0723037108297	-0.103907796155	0.00517379948133	-0.0625617814325	-0.0490572514979	0.0793755632529	-0.0605493717719	-0.0969066353407	0.153994669508	0.0736135415271	-0.0413659410656	-0.00568757438524	-0.0496205106059	0.000378104793954	-0.0268529034939	-0.03367952312	-0.128531924631	0.016805629419	0.0365992783041	-0.135546936077	-0.0644818811642	0.0351163216733	-0.0198402704453	0.12083736631	-0.017577819831	-0.0687365068123	0.109029904287	-0.0760968198717	0.0521056651078	-0.038645065711	-0.147796974243
k__Bacteria;p__Bacteroidetes;c__Bacteroidia;o__Bacteroidales;f__Porphyromonadaceae;g__Barnesiella;s__Barnesiella_intestinihominis	-0.0670023072368	-0.0238208357285	-0.0596933904741	0.0201389057711	-0.0306883670745	0.125046669267	-0.0724940286418	0.0214783582586	-0.000411507719719	-0.127699630368	-0.0280469246573	0.0204910709686	0.0502710093766	-0.019224688591	-0.0161047303878	0.0420289825096	-0.036256167406	-0.0474316078879	1.0	-0.145430538629	-0.0248619344443	0.0474477339928	-0.0546500430992	-0.0448982528881	-0.0793388966194	-0.0348901190758	-0.0241541342832	-0.0451167867473	-0.0562304133523	-0.0384535605861	0.0502275919711	0.0205989977983	-0.0991273594326	-0.0983076167177	-0.0644674627847	-0.0295065231968	-0.0418882097915	-0.0815350169595	-0.0382034767492	0.0795136395441	0.000868203644739	0.0375292186766	-0.123670481739	0.037284734784	0.111476784118	0.0446345731618	0.0509038394463	0.0565754623485	-0.12849756682	-0.206003271763	0.0509804106873	-0.0359333853339	-0.0258869016016	-0.104888960966	-0.123143813998	-0.0195942930704	-0.0301680718137	0.0291686820762	0.00124033105961
k__Bacteria;p__Bacteroidetes;c__Bacteroidia;o__Bacteroidales;f__Odoribacteraceae;g__Odoribacter;s__Odoribacter_splanchnicus	-0.062715202171	-0.155618671809	0.0272470027643	-0.0560549877274	-0.0149453371495	-0.0109587774303	0.0139823405295	0.0874313236336	0.0408993760191	0.0114805660034	-0.0475793598551	-0.0181548399111	-0.0756015547563	0.00924260156039	-0.11881061577	0.0853424420768	-0.0153280630617	-0.0862204863847	-0.145430538629	1.0	0.0286798005759	-0.0265466116709	-0.0105120473216	0.0549006650952	-0.0667187941861	-0.0809053659186	-0.0122682944872	-0.00486203766668	-0.0480297165604	-0.0352317544482	-0.00146129329593	-0.125771181626	0.0320643264724	-0.00406666789914	0.0611664626623	0.0315706383887	-0.0819674551581	0.0592110396518	-0.00594547954563	-0.0641431944546	0.0712119751117	0.00847071413856	-0.01755917434	0.0168614423107	-0.0131672569332	0.0259185041852	0.0377011106714	-0.0487499824637	-0.170266375808	-0.0890601758275	-0.0446262808815	0.0484425332606	-0.0442916549387	0.065800698457	-0.139537535082	0.0450807529461	-0.0817688004929	-0.0077446615439	-0.0733515290393
k__Bacteria;p__Bacteroidetes;c__Bacteroidia;o__Bacteroidales;f__Bacteroidaceae;g__Bacteroides;s__Bacteroides_salyersiae	0.025151010945	0.0574553042477	-0.0780109322078	-0.0396793960767	0.0409366682017	-0.114463054635	-0.187619121713	-0.0121827558634	-0.035917386823	0.00468478463544	-0.120035039857	-0.049668795683	0.0292489468863	-0.142684892954	-0.0296650062305	-0.146863907951	-0.0392692169984	-0.0808466210391	-0.0248619344443	0.0286798005759	1.0	0.029613560443	-0.0855136203523	0.0767729548328	-0.0861291573005	-0.048321550717	-0.113316790132	-0.0491559603719	0.0296400371961	-0.120641630547	0.0931667759907	-0.14611986133	0.0221765544099	0.0334582926944	0.00780269547755	-0.102437210817	-0.0487394065447	-0.0564387005952	-0.103939693148	-0.121982456771	0.0130803272057	0.102683293014	-0.0862740761962	0.00460066792464	-0.0330457233815	0.0194957543909	0.0193578962806	0.00542837390135	-0.0535818404706	0.012235067401	0.0666833804682	-0.100067123274	0.0375257660611	0.0442463663333	-0.0210105165911	-0.0131011529329	0.0131325450921	-0.146008469171	-0.0280765797773
k__Bacteria;p__Firmicutes;c__Clostridia;o__Clostridiales;f__Ruminococcaceae;g__Ruminiclostridium;s__[Eubacterium]_siraeum	-0.0285119224425	0.0584596554501	-0.039435957618	-0.110550389083	0.0746793383519	-0.13539742193	-0.0103436650399	-0.0071892874383	-0.0119837529109	-0.0765347022188	0.0223448034547	-0.015260037526	0.0100278798368	-0.0689136247852	0.00725654961217	-0.160094307192	-0.0847796898032	-0.0711589122047	0.0474477339928	-0.0265466116709	0.029613560443	1.0	0.114760608266	-0.0620166415145	-0.0474188603748	-0.085342097246	-0.078901999956	-0.0626006275781	-0.0198506472009	-0.104420718825	-0.0334221650531	-0.0262241778627	-0.0618469088493	0.0442275220658	-0.00595454264252	-0.104981621443	-0.0874128981078	-0.0560706758735	-0.0452897988575	-0.00324711092106	-0.0771557193015	0.05391745671	-0.0355203724963	-0.0207399885661	-0.0498236738474	0.0360870683692	0.0156969033188	-0.0173160145222	-0.165498719608	-0.0807959441144	0.0151549938121	-0.0165484381715	-0.143329301785	-0.00164800122867	0.092539135357	-0.057746280308	-0.107316397175	-0.0517229048576	0.0538477956673
k__Bacteria;p__Proteobacteria;c__Betaproteobacteria;o__Burkholderiales;f__Sutterellaceae;g__Parasutterella;s__Parasutterella_excrementihominis	-0.0398620879247	-0.0898916881244	-0.0998068816154	-0.0573334919515	0.0540290168955	-0.113932862732	-0.0929172013321	-0.00124989327494	-0.0539758270773	-0.0798678097943	0.00891097062255	0.00514213909511	-0.021203686447	0.13476352701	-0.093510616131	-0.0319668070135	0.0143514938535	-0.0687820581403	-0.0546500430992	-0.0105120473216	-0.0855136203523	0.114760608266	1.0	-0.0263644190558	0.017939033232	-0.0611153413298	-0.000472098121085	-0.0391833562742	0.0283714133239	-0.0621113428825	0.133022696178	-0.0461787331841	-0.131893391297	0.00280919313215	-0.0976092392694	-0.0215861598577	-0.0257737813211	-0.13996249805	0.0480879078638	-0.0288766572498	-0.0355511767952	-0.0733670105406	-0.0634996406009	0.0542099354516	0.0211365306504	-0.042828146582	0.0250516074494	-0.0614439521522	-0.12139701648	-0.0396660935703	-0.0773627325582	-0.0980839525984	-0.0285960293011	-0.00175280472677	-0.0576212175743	-0.0610651204234	-0.104075446331	-0.087694716068	-0.07330419725
k__Bacteria;p__Actinobacteria;c__Actinobacteria;o__Bifidobacteriales;f__Bifidobacteriaceae;g__Bifidobacterium;s__Bifidobacterium_adolescentis	0.152868531494	-0.138756341034	-0.0441180711389	0.0706006627317	-0.0417437851319	-0.0406406769725	-0.107301929012	-0.0100014817307	0.0309473385476	-0.0402131948832	-0.0973525187358	-0.0645455592622	-0.0147693684068	-0.0817052844152	-0.0247659398744	-0.14753044591	-0.154995901896	-0.0231901836694	-0.0448982528881	0.0549006650952	0.0767729548328	-0.0620166415145	-0.0263644190558	1.0	-0.111458725298	-0.00538741978585	-0.0182622516866	-0.117533136223	-0.0451788611496	0.0421851866122	-0.0694258692733	-0.0326537821775	-0.0519569323005	0.0182024423502	0.0489794732073	-0.122434103109	0.0980274598292	-0.103866376572	-0.0484245192556	-0.0502338897551	-0.183007360793	-0.12128250538	-0.113282990675	-0.078873091132	0.00970402815108	0.0476498881486	-0.10606201124	-0.0442659259894	0.00107099783962	-0.0124710821511	-0.0950536727187	0.00114522266724	-0.0881071921147	-0.066478710135	0.0849179981385	-0.003580624905	0.0259330751418	-0.0494108887779	0.0209707889994
k__Bacteria;p__Firmicutes;c__Clostridia;o__Clostridiales;f__Oscillospiraceae;g__Oscillibacter;s__Oscillibacter_sp._KLE_1745	-0.147771806285	0.129235189629	0.008064637401	-0.147069643299	0.0483145152463	0.00753367543448	0.0947435520082	-0.126647451156	-0.101636630013	0.0511236083081	-0.0172460701999	-0.0806255649407	-0.0842755096629	0.08931687153	0.0292524524023	-0.0494595890353	0.0774284808678	-0.208241174511	-0.0793388966194	-0.0667187941861	-0.0861291573005	-0.0474188603748	0.017939033232	-0.111458725298	1.0	0.0646361449422	-0.0752769441314	0.0248751666888	0.042623989606	-0.0539276352502	-0.0172286696406	-0.0894019024583	-0.0499799994093	-0.120179183405	-0.0650806088508	-0.0442857103522	-0.0648602220954	-0.0619553368547	0.000594228134889	0.0614832400147	-0.0523254252196	0.0726708679208	-0.0669383434416	-0.0665643961212	-0.0253068621949	0.00710048715008	-0.0475962913482	0.0141039740505	-0.0637799742065	-0.0141760955381	-0.0468503987038	-0.0738242368604	-0.105874709649	0.111827991142	-0.0221592695417	0.00688113565053	-0.0501115463093	-0.0781946589956	0.000785656744807
k__Bacteria;p__Bacteroidetes;c__Bacteroidia;o__Bacteroidales;f__Bacteroidaceae;g__Bacteroides;s__Bacteroides_coprophilus	-0.181089215363	0.0415913340594	0.0494790525682	-0.0397078851892	-0.111279086351	0.0352363278454	-0.0203321923517	0.00309505144324	-0.0811433718333	-0.0647669740739	-0.0439472906912	-0.199741930863	-0.0697468219577	0.0464287923205	0.0631626910132	0.0133579208838	-0.0406148095932	0.0713043273219	-0.0348901190758	-0.0809053659186	-0.048321550717	-0.085342097246	-0.0611153413298	-0.00538741978585	0.0646361449422	1.0	-0.0467304528594	-0.142595469746	-0.0192176166255	-0.00296152621274	-0.0979522263266	-0.0873804981426	-0.0246641753958	-0.026740669224	-0.0578264807995	-0.0299533193421	-0.0619888629311	-0.0145100365033	-0.101217630004	-0.102527667841	0.00197308753184	-0.0611193166629	-0.0464903900886	-0.0634428175941	-0.0821388414745	0.0159411547992	0.0618426485618	0.038594087578	-0.113760568893	-0.00927339623666	-0.0819995977168	-0.0387068197088	0.0567780510944	-0.164247932771	-0.105798853363	-0.0318249602319	-0.137011684619	0.0544628963981	-0.0164526143768
k__Bacteria;p__Firmicutes;c__Clostridia;o__Clostridiales;f__Lachnospiraceae;g__Roseburia;s__Roseburia_intestinalis	-0.126586422334	0.0365166771576	0.0141067280174	-0.0915554400401	0.0126674700032	-0.0155371572867	-0.142742907031	-0.086184441371	0.0139716304445	-0.0304317035218	-0.0546597429644	-0.0840637889708	-0.165548504091	0.0245638607882	-0.0490218670153	-0.0867129708136	-0.097566875613	-0.0642534371343	-0.0241541342832	-0.0122682944872	-0.113316790132	-0.078901999956	-0.000472098121085	-0.0182622516866	-0.0752769441314	-0.0467304528594	1.0	0.0618845827979	-0.0399232893485	-0.0747527044351	-0.0220876364289	-0.0400937533326	-0.143672279331	-0.0369777528808	0.0154391752784	0.00462483054759	-0.100161004994	0.10189679977	-0.0153636133275	0.00551675390276	-0.0969396125136	-0.205334885043	-0.0791961005715	0.000183279063534	-0.0228589710522	-0.0132240977931	-0.0644002427356	-0.0280994368948	0.0698132483317	-0.070775189822	-0.113986571196	0.0573505623162	-0.029945780303	-0.0560061702425	0.101493666346	-0.0460694509963	0.0352040289623	-0.0188768511546	-0.0209773439698
k__Bacteria;p__Firmicutes;c__Clostridia;o__Clostridiales;f__Lachnospiraceae;g__Roseburia;s__Roseburia_hominis	0.0199015859266	0.0382558865305	-0.041619322386	-0.0194697936091	-0.126208996426	-0.0926075212592	-0.080827329263	-0.133587000109	0.0736177607386	0.0900340885371	-0.0710326412974	-0.025574617461	-0.0610435473926	-0.0333179509618	0.00117544869484	-0.032168527213	-0.1048409258	-0.0393212348415	-0.0451167867473	-0.00486203766668	-0.0491559603719	-0.0626006275781	-0.0391833562742	-0.117533136223	0.0248751666888	-0.142595469746	0.0618845827979	1.0	-0.0378944326962	0.00975330995884	0.0476842081952	-0.0273558867719	-0.0276057459611	-0.194751394346	-0.164858667894	-0.0740646765769	-0.0531498534192	0.0222146629854	-0.0266241439421	0.0352891324533	0.0211815170505	-0.0167890181241	0.0249161178157	-0.0944224133481	-0.0268448081276	0.00260524651633	0.0211942276361	-0.0941847635923	0.00336547464696	-0.0824553357996	-0.0965662346185	0.150093185855	-0.049079635941	0.0326617022806	0.0412248948596	-0.0268372715351	-0.115175379509	-0.0171274466302	-0.0630310898309
k__Bacteria;p__Bacteroidetes;c__Bacteroidia;o__Bacteroidales;f__Porphyromonadaceae;g__Parabacteroides;s__Parabacteroides_johnsonii	-0.0276250693056	-0.0668353534645	-0.0234127427454	-0.138638548811	-0.00342903868122	0.0310041403357	0.0591268963359	0.047776501811	-0.0657091616622	0.127089465142	0.046286688375	-0.0747428166161	0.00813559174965	-0.0505949090704	0.00748476692335	-0.0585650897831	-0.0803588648415	-0.0723037108297	-0.0562304133523	-0.0480297165604	0.0296400371961	-0.0198506472009	0.0283714133239	-0.0451788611496	0.042623989606	-0.0192176166255	-0.0399232893485	-0.0378944326962	1.0	-0.131549575899	0.0666632905951	-0.0163886774198	-0.0292713746602	0.0842063206117	-0.000513726051423	-0.0224161603888	-0.0594990595137	0.00243313039978	-0.056999283597	-0.187209603742	-0.0570364922403	0.0210852131195	0.085553407924	-0.080295253693	0.0771212081319	-0.00770132738324	-0.106290420941	0.00468994433084	0.00289049160608	-0.0313023542829	-0.149691582855	-0.00799491833801	-0.064665808168	-0.120309397165	-0.043917197495	0.0199156419811	0.0500892006374	-0.123505170086	-0.0690496337426
k__Bacteria;p__Actinobacteria;c__Actinobacteria;o__Bifidobacteriales;f__Bifidobacteriaceae;g__Bifidobacterium;s__Bifidobacterium_longum	-0.135643809476	-0.16570298184	0.00343911294828	-0.12022622036	-0.0994176978988	-0.0491731699348	0.0306844281471	0.00857350150566	-0.00795595620399	0.0758773173711	-0.0113799583378	-0.0478771133232	0.0442380983318	-0.0605763753036	-0.0642388124657	-0.114056047135	-0.00874958662033	-0.103907796155	-0.0384535605861	-0.0352317544482	-0.120641630547	-0.104420718825	-0.0621113428825	0.0421851866122	-0.0539276352502	-0.00296152621274	-0.0747527044351	0.00975330995884	-0.131549575899	1.0	-0.130516507346	0.0285394621943	0.0443038886335	-0.070323394322	-0.00399533588	-0.142305601039	-0.0205853710305	-0.112690865465	0.0365678073841	0.0176550292868	-0.0835569733901	-0.0412521127421	-0.0118797537539	-0.0440043297898	-0.0196182448642	0.131793360911	-0.00767023469249	-0.0696598581315	0.0227809676123	-0.0190228288793	-0.0218867911483	-0.0127011734454	-0.0310732956351	-0.122875143773	-0.0720626127829	0.00824240787444	-0.11741860502	-0.0356760847034	0.00508418672632
