#taxonomy	k__Bacteria;p__Bacteroidetes;c__Bacteroidia;o__Bacteroidales;f__Bacteroidaceae;g__Bacteroides;s__Bacteroides_vulgatus	k__Bacteria;p__Bacteroidetes;c__Bacteroidia;o__Bacteroidales;f__Bacteroidaceae;g__Bacteroides;s__Bacteroides_uniformis	k__Bacteria;p__Bacteroidetes;c__Bacteroidia;o__Bacteroidales;f__Rikenellaceae;g__Alistipes;s__Alistipes_putredinis	k__Bacteria;p__Bacteroidetes;c__Bacteroidia;o__Bacteroidales;f__Prevotellaceae;g__Prevotella;s__Prevotella_copri	k__Bacteria;p__Bacteroidetes;c__Bacteroidia;o__Bacteroidales;f__Bacteroidaceae;g__Bacteroides;s__Bacteroides_stercoris	k__Bacteria;p__Bacteroidetes;c__Bacteroidia;o__Bacteroidales;f__Bacteroidaceae;g__Bacteroides;s__Bacteroides_ovatus	k__Bacteria;p__Bacteroidetes;c__Bacteroidia;o__Bacteroidales;f__Rikenellaceae;g__Alistipes;s__Alistipes_shahii	k__Bacteria;p__Firmicutes;c__Clostridia;o__Clostridiales;f__Ruminococcaceae;g__Faecalibacterium;s__Faecalibacterium_prausnitzii	k__Bacteria;p__Bacteroidetes;c__Bacteroidia;o__Bacteroidales;f__Rikenellaceae;g__Alistipes;s__Alistipes_finegoldii	k__Bacteria;p__Bacteroidetes;c__Bacteroidia;o__Bacteroidales;f__Porphyromonadaceae;g__Parabacteroides;s__Parabacteroides_distasonis	k__Bacteria;p__Bacteroidetes;c__Bacteroidia;o__Bacteroidales;f__Bacteroidaceae;g__Bacteroides;s__Bacteroides_thetaiotaomicron	k__Bacteria;p__Bacteroidetes;c__Bacteroidia;o__Bacteroidales;f__Bacteroidaceae;g__Bacteroides;s__Bacteroides_coprocola	k__Bacteria;p__Bacteroidetes;c__Bacteroidia;o__Bacteroidales;f__Bacteroidaceae;g__Bacteroides;s__Bacteroides_cellulosilyticus	k__Bacteria;p__Bacteroidetes;c__Bacteroidia;o__Bacteroidales;f__Rikenellaceae;g__Alistipes;s__Alistipes_obesi	k__Bacteria;p__Firmicutes;c__Clostridia;o__Clostridiales;f__Lachnospiraceae;g__;s__[Eubacterium]_rectale	k__Bacteria;p__Bacteroidetes;c__Bacteroidia;o__Bacteroidales;f__Bacteroidaceae;g__Bacteroides;s__Bacteroides_plebeius	k__Bacteria;p__Bacteroidetes;c__Bacteroidia;o__Bacteroidales;f__Bacteroidaceae;g__Bacteroides;s__Bacteroides_fragilis	k__Bacteria;p__Proteobacteria;c__Betaproteobacteria;o__Burkholderiales;f__Sutterellaceae;g__Sutterella;s__Sutterella_wadsworthensis	k__Bacteria;p__Bacteroidetes;c__Bacteroidia;o__Bacteroidales;f__Porphyromonadaceae;g__Barnesiella;s__Barnesiella_intestinihominis	k__Bacteria;p__Bacteroidetes;c__Bacteroidia;o__Bacteroidales;f__Odoribacteraceae;g__Odoribacter;s__Odoribacter_splanchnicus	k__Bacteria;p__Bacteroidetes;c__Bacteroidia;o__Bacteroidales;f__Bacteroidaceae;g__Bacteroides;s__Bacteroides_salyersiae	k__Bacteria;p__Firmicutes;c__Clostridia;o__Clostridiales;f__Ruminococcaceae;g__Ruminiclostridium;s__[Eubacterium]_siraeum	k__Bacteria;p__Proteobacteria;c__Betaproteobacteria;o__Burkholderiales;f__Sutterellaceae;g__Parasutterella;s__Parasutterella_excrementihominis	k__Bacteria;p__Actinobacteria;c__Actinobacteria;o__Bifidobacteriales;f__Bifidobacteriaceae;g__Bifidobacterium;s__Bifidobacterium_adolescentis	k__Bacteria;p__Firmicutes;c__Clostridia;o__Clostridiales;f__Oscillospiraceae;g__Oscillibacter;s__Oscillibacter_sp._KLE_1745	k__Bacteria;p__Bacteroidetes;c__Bacteroidia;o__Bacteroidales;f__Bacteroidaceae;g__Bacteroides;s__Bacteroides_coprophilus	k__Bacteria;p__Firmicutes;c__Clostridia;o__Clostridiales;f__Lachnospiraceae;g__Roseburia;s__Roseburia_intestinalis	k__Bacteria;p__Firmicutes;c__Clostridia;o__Clostridiales;f__Lachnospiraceae;g__Roseburia;s__Roseburia_hominis	k__Bacteria;p__Bacteroidetes;c__Bacteroidia;o__Bacteroidales;f__Porphyromonadaceae;g__Parabacteroides;s__Parabacteroides_johnsonii	k__Bacteria;p__Actinobacteria;c__Actinobacteria;o__Bifidobacteriales;f__Bifidobacteriaceae;g__Bifidobacterium;s__Bifidobacterium_longum	k__Bacteria;p__Firmicutes;c__Clostridia;o__Clostridiales;f__;g__Flavonifractor;s__Flavonifractor_plautii	k__Bacteria;p__Firmicutes;c__Clostridia;o__Clostridiales;f__Clostridiaceae;g__Clostridium;s__Clostridium_phoceensis	k__Bacteria;p__Verrucomicrobia;c__Verrucomicrobiae;o__Verrucomicrobiales;f__Akkermansiaceae;g__Akkermansia;s__Akkermansia_muciniphila	k__Bacteria;p__Bacteroidetes;c__Bacteroidia;o__Bacteroidales;f__Prevotellaceae;g__Paraprevotella;s__Paraprevotella_xylaniphila	k__Bacteria;p__Firmicutes;c__Clostridia;o__Clostridiales;f__Ruminococcaceae;g__Ruminococcus;s__Ruminococcus_callidus	k__Bacteria;p__Bacteroidetes;c__Bacteroidia;o__Bacteroidales;f__Rikenellaceae;g__Alistipes;s__Alistipes_senegalensis	k__Bacteria;p__Firmicutes;c__Clostridia;o__Clostridiales;f__Lachnospiraceae;g__Blautia;s__Blautia_sp._KLE_1732	k__Bacteria;p__Bacteroidetes;c__Bacteroidia;o__Bacteroidales;f__Bacteroidaceae;g__Bacteroides;s__Bacteroides_oleiciplenus	k__Bacteria;p__Firmicutes;c__Clostridia;o__Clostridiales;f__Ruminococcaceae;g__Ruminococcus;s__Ruminococcus_bicirculans	k__Bacteria;p__Bacteroidetes;c__Bacteroidia;o__Bacteroidales;f__Bacteroidaceae;g__Bacteroides;s__Bacteroides_fluxus	k__Bacteria;p__Bacteroidetes;c__Bacteroidia;o__Bacteroidales;f__Prevotellaceae;g__Prevotella;s__Prevotella_stercorea	k__Bacteria;p__Firmicutes;c__Clostridia;o__Clostridiales;f__Lachnospiraceae;g__Dorea;s__Dorea_longicatena	k__Bacteria;p__Firmicutes;c__Clostridia;o__Clostridiales;f__Eubacteriaceae;g__Eubacterium;s__[Eubacterium]_eligens	k__Bacteria;p__Firmicutes;c__Clostridia;o__Clostridiales;f__Ruminococcaceae;g__;s__Ruminococcaceae_bacterium_D16	k__Bacteria;p__Firmicutes;c__Clostridia;o__Clostridiales;f__Lachnospiraceae;g__Coprococcus;s__Coprococcus_comes	k__Bacteria;p__Proteobacteria;c__Gammaproteobacteria;o__Enterobacterales;f__Enterobacteriaceae;g__Escherichia;s__Escherichia_coli	k__Bacteria;p__Firmicutes;c__Clostridia;o__Clostridiales;f__Ruminococcaceae;g__Anaerotruncus;s__Anaerotruncus_colihominis	k__Bacteria;p__Firmicutes;c__Clostridia;o__Clostridiales;f__Lachnospiraceae;g__Blautia;s__Blautia_obeum	k__Bacteria;p__Bacteroidetes;c__Bacteroidia;o__Bacteroidales;f__Odoribacteraceae;g__Odoribacter;s__Odoribacter_laneus	k__Bacteria;p__Firmicutes;c__Clostridia;o__Clostridiales;f__Ruminococcaceae;g__Ruminiclostridium;s__[Clostridium]_leptum	k__Bacteria;p__Bacteroidetes;c__Bacteroidia;o__Bacteroidales;f__Porphyromonadaceae;g__Parabacteroides;s__Parabacteroides_goldsteinii	k__Bacteria;p__Firmicutes;c__Clostridia;o__Clostridiales;f__Lachnospiraceae;g__Anaerostipes;s__Anaerostipes_hadrus	k__Bacteria;p__Firmicutes;c__Clostridia;o__Clostridiales;f__Ruminococcaceae;g__Ruminococcus;s__Ruminococcus_lactaris	k__Bacteria;p__Firmicutes;c__Clostridia;o__Clostridiales;f__Clostridiaceae;g__Clostridium;s__Clostridium_sp._L2-50	k__Bacteria;p__Firmicutes;c__Clostridia;o__Clostridiales;f__Clostridiaceae;g__Clostridium;s__Clostridium_sp._M62/1	k__Bacteria;p__Firmicutes;c__Clostridia;o__Clostridiales;f__;g__Intestinimonas;s__Intestinimonas_butyriciproducens	k__Bacteria;p__Actinobacteria;c__Actinobacteria;o__Bifidobacteriales;f__Bifidobacteriaceae;g__Bifidobacterium;s__Bifidobacterium_bifidum	k__Bacteria;p__Firmicutes;c__Negativicutes;o__Veillonellales;f__Veillonellaceae;g__Dialister;s__Dialister_invisus	k__Bacteria;p__Bacteroidetes;c__Bacteroidia;o__Bacteroidales;f__Bacteroidaceae;g__Bacteroides;s__Bacteroides_salanitronis
k__Bacteria;p__Bacteroidetes;c__Bacteroidia;o__Bacteroidales;f__Bacteroidaceae;g__Bacteroides;s__Bacteroides_vulgatus	1.0	0.0777595529291	0.0276438524105	-0.109037049259	-0.0649850951346	-0.0137438698121	0.0383344681445	0.0638616950995	-0.00154737435381	-0.0490711621885	-0.0268596251657	-0.172811787489	0.020760209087	-0.0122024266266	0.015648461369	-0.0155958489503	0.0850754013512	-0.152311968379	-0.00963107340478	-0.0738055260925	-0.00312689570708	-0.119816188111	-0.111287669102	-0.168064102736	-0.176644551117	0.0839310368562	-0.0579393248187	0.117381140274	-0.0416666714589	0.0237159619037	-0.0139222854073	-0.00128123071666	0.0435514714555	0.0553487346565	-0.1284808176	0.0110543130199	0.000888126873413	-0.0348515452974	-0.0216277692174	-0.139848259121	-0.0484068509442	-0.0687820191951	-0.0588496822989	-0.0104976877408	-0.00776364339379	-0.105855944006	-0.127236593144	0.116871872968	-0.107134370362	-0.0483409316351	-0.0487871148533	-0.0402871045957	-0.179696946326	0.0412868584608	0.0852986072587	-0.00348089560308	0.0102944674133	-0.000877382034883	-0.133407868327
k__Bacteria;p__Bacteroidetes;c__Bacteroidia;o__Bacteroidales;f__Bacteroidaceae;g__Bacteroides;s__Bacteroides_uniformis	0.0777595529291	1.0	0.00296545395471	0.0744749648795	0.0596076026305	0.0645853193432	-0.132442322114	-0.0747014561629	-0.0188895394009	0.0561488095074	-0.00760470296733	0.0380867145473	0.0689474040144	-0.0275247482556	0.00129661801996	-0.0547548518508	-0.0341129931174	0.0483912132922	-0.0333366999147	-0.0909156974072	-0.127055571164	-0.0183627726298	-0.0785110586749	-0.0802102269365	-0.0623990325467	-0.105002316034	-0.0561485543926	-0.000226885060121	-0.101123188305	0.0336872654955	-0.0240103530029	-0.100333629886	-0.0473923562437	-0.0964101174317	-0.0607896683798	0.148942731466	-0.0324814226393	0.00951397846896	0.103011060128	-0.0103333176344	-0.0705486692213	-0.016283331158	-0.0312257352126	-0.187428687889	-0.0522023575284	-0.0664883031718	0.0214848132586	0.0593250096762	-0.030699161591	0.0562268671076	0.0527460872581	0.0163587153432	-0.0187684912258	-0.0911591389989	-0.128785006315	-0.0674376673805	-0.0799127322448	0.0099054956042	-0.0194029124529
k__Bacteria;p__Bacteroidetes;c__Bacteroidia;o__Bacteroidales;f__Rikenellaceae;g__Alistipes;s__Alistipes_putredinis	0.0276438524105	0.00296545395471	1.0	-0.00389979295278	0.00274994253124	0.0357222097469	0.0201991314091	0.0140550923773	-0.0295295791403	-0.162873804033	0.0655770532873	0.0198769994857	-0.0809065732449	-0.0487641623025	-0.0981787971515	-0.128485636633	-0.0857213699238	0.0566726263427	0.0123343059466	-0.071390270592	-0.103499326929	0.0149746270684	0.0375362865625	-0.0598554626584	-0.119876910974	0.0226556912725	-0.0468356153658	-0.123518094444	-0.0969579066684	-0.0373482226729	-0.0424226762031	-0.101180588093	-0.0172327842978	-0.011537695669	0.0262206634174	-0.0163139336936	-0.087674787342	-0.105626722306	-0.0148245524013	-0.00866102224153	-0.0823485214456	-0.0728336659541	0.0181091878824	-0.111022664425	-0.0799549763707	0.00313718284861	0.074556228868	-0.0424537992207	0.0298730018627	-0.00831044909225	-0.0604309769065	0.00584494761778	0.0382362533285	0.0676086030197	-0.0228527096847	-0.0416468637696	-0.0173449077257	-0.0747928479301	0.0276860459088
k__Bacteria;p__Bacteroidetes;c__Bacteroidia;o__Bacteroidales;f__Prevotellaceae;g__Prevotella;s__Prevotella_copri	-0.109037049259	0.0744749648795	-0.00389979295278	1.0	0.0116755728567	-0.0186440916777	-0.0255728351888	-0.0289597344263	-0.0445036170362	0.0139574896483	-0.0208857911593	-0.0120697192086	-0.0671443129509	0.0135434947905	-0.131682825854	-0.0108371761075	-0.15399785235	-0.0320347618767	0.0119238757035	0.0284067950302	0.0266665048097	-0.189762128996	-0.0339184484167	-0.122834761066	-0.0263931571358	-0.0131503947561	0.0010551858205	-0.180551634663	-0.1728017978	-0.0494582420706	0.0296171611624	-0.0578677771857	-0.0358749387492	0.0744578991949	-0.0240008745145	-0.103044124522	-0.00220124440796	0.0247345178047	-0.042544423642	-0.0347279261905	-0.0681896566487	0.0456372059169	-0.0458093075771	0.100596144386	-0.0732592620226	-0.0156393337132	-0.0261320727135	-0.016625516815	-0.0856700785014	-0.0453447777726	-0.0803463963362	-0.0454162285971	0.0166547862049	0.110433703854	0.102603646512	-0.112245395307	-0.0779793413761	-0.0983553740358	-0.18095720165
k__Bacteria;p__Bacteroidetes;c__Bacteroidia;o__Bacteroidales;f__Bacteroidaceae;g__Bacteroides;s__Bacteroides_stercoris	-0.0649850951346	0.0596076026305	0.00274994253124	0.0116755728567	1.0	0.0560784195714	-0.0223511013784	-0.0778596430402	-0.0625537323958	-0.0139130616121	-0.0601390571831	0.0382413681352	0.0964519676579	-0.0140614629036	0.0327980408127	-0.0188943125477	0.0932483645204	0.0149988802173	-0.146754226534	0.0500250184292	-0.0288189796149	-0.153204277546	-0.0761591425104	-0.0331482556284	-0.0230885548628	0.0306432001677	-0.0636552280091	-0.14251058773	0.0379331216763	-0.0594880298342	0.000425226447849	-0.085134174331	-0.0952242228251	-0.0596967013541	0.00865945545953	-0.0898079049867	-0.0335738565209	0.00710454104717	0.0063688866808	0.0295828591923	-0.155622134197	-0.107118599868	0.0522863103518	-0.0464094168355	0.0276383960615	0.0587577174321	-0.0996295969734	-0.0573235737859	0.0183942196078	-0.149927036814	-0.0427020818504	0.00912636476994	-0.14762279714	0.0803052016475	-0.0818136835155	0.0152805000781	-0.037698699187	-0.156973910081	-0.0834032187258
k__Bacteria;p__Bacteroidetes;c__Bacteroidia;o__Bacteroidales;f__Bacteroidaceae;g__Bacteroides;s__Bacteroides_ovatus	-0.0137438698121	0.0645853193432	0.0357222097469	-0.0186440916777	0.0560784195714	1.0	-0.119294464727	0.0983091368379	-0.0605173041301	-0.0953472660118	-0.164932336569	0.100139640144	-0.0193196682957	-0.0578489080544	0.00499899050674	0.0307555026334	-0.00816815908337	0.0145414508682	-0.047423272623	-0.0892095705047	-0.0715704648162	-0.000659096358307	-0.0135130378738	-0.0922529239242	0.0310854666138	-0.03857406058	-0.0959120556599	-0.0612584920432	-0.0827800439795	-0.09478714385	-0.0740085512635	-0.0638006280303	-0.0163186248554	-0.00723344263632	0.0150684171284	-0.026299067366	0.00961568209615	-0.052043440257	-0.00099882960321	-0.0122738735657	-0.0519683139838	0.0660777589322	0.0222553875047	-0.186853348721	0.0300460223619	-0.0329117682929	-0.0708442967585	-0.00993699909834	0.00432662530945	-0.0588667220884	-0.115178169433	-0.0237223407513	-0.0950074741771	0.00463235176867	-0.0776396466488	0.0130908099497	-0.119125342843	-0.0756253743638	-0.0599451358829
k__Bacteria;p__Bacteroidetes;c__Bacteroidia;o__Bacteroidales;f__Rikenellaceae;g__Alistipes;s__Alistipes_shahii	0.0383344681445	-0.132442322114	0.0201991314091	-0.0255728351888	-0.0223511013784	-0.119294464727	1.0	-0.104068125597	-0.0373915971475	0.00284367713618	-0.0156994843282	-0.00596090920145	0.0026360631195	-0.0334860967786	-0.0805995025248	-0.0777695548101	0.143739477795	0.079390229975	-0.0599893248709	0.00965070294004	-0.0654922173283	-0.00185092932753	-0.0846013359142	-0.135867188678	-0.100231882219	-0.058027980851	-0.0169924931623	-0.0246561331567	-0.109588687871	-0.136076735027	-0.0712483890528	-0.0274918913408	0.0641224612034	-0.0268688481342	-0.0995258579914	-0.0365777401241	0.0164816842173	-0.0318732009367	0.0321054510591	-0.0286039579571	-0.00749488972135	-0.00324835962399	0.00302329830537	-0.0204309581404	0.00571484100802	0.0220020514363	-0.103090097196	-0.0216456164845	-0.0544707056097	0.0196253668839	-0.0676083458717	0.00210713623068	-0.125853253996	0.00611944566756	0.0866419951524	-0.0877304871721	-0.0377751047394	0.0165501646317	0.0451033566877
k__Bacteria;p__Firmicutes;c__Clostridia;o__Clostridiales;f__Ruminococcaceae;g__Faecalibacterium;s__Faecalibacterium_prausnitzii	0.0638616950995	-0.0747014561629	0.0140550923773	-0.0289597344263	-0.0778596430402	0.0983091368379	-0.104068125597	1.0	0.081765284138	-0.0507801626821	0.0884247748635	-0.16680110681	-0.110220194386	-0.0598437827964	-0.0120768303088	-1.49156374174e-05	0.0927563580807	0.033801784213	-0.054329861982	0.0982024220179	0.00953552147997	0.0670614587719	-0.0471261449711	0.0839267134048	-0.0542742217169	-0.00361855002071	-0.0374513710301	0.00981502080512	-0.0304793378689	-0.123630874999	0.014699322272	0.0487940531429	-0.0820676313235	-0.0599286672965	-0.0419217698089	0.0319559522222	-0.208699978815	0.0349554459439	0.114024440741	0.00379856914744	-0.112296005561	-0.14351071192	-0.182233836738	0.0382657275331	-0.0353485685164	-0.027956234371	-0.0387981741725	0.00352504345405	-0.0611156014582	-0.0686159322183	-0.149962082783	-0.0291706671611	-0.00915390961742	-0.0526802931727	-0.0243842847943	-0.142328581422	0.0208142864939	0.0369892948584	-0.0850037688338
k__Bacteria;p__Bacteroidetes;c__Bacteroidia;o__Bacteroidales;f__Rikenellaceae;g__Alistipes;s__Alistipes_finegoldii	-0.00154737435381	-0.0188895394009	-0.0295295791403	-0.0445036170362	-0.0625537323958	-0.0605173041301	-0.0373915971475	0.081765284138	1.0	-0.00231056192126	0.0615127840568	-0.0095014091914	-0.163137660067	-0.00800473513913	-0.071591099079	-0.149413082749	-0.032971760871	-0.0838172092323	-0.0992916113711	-0.0487144242166	0.0525226730674	-0.0524858767975	-0.0403658975452	-0.0328197499323	0.0269980958433	-0.0413790521175	0.0203759214503	-0.105713389229	-0.03210897212	0.0213444022336	-0.0333942672232	-0.0154574507527	-0.0322019848301	0.0455593965713	-0.0588316068632	-0.0592322672336	-0.0598414898041	-0.0252354772511	-0.0545163990537	0.0236708160489	-0.0827856776659	0.0412395813194	-0.039823195362	-0.0435627503217	-0.114418827622	-0.0246962731327	0.00073038252664	0.0483486813864	0.0401127514599	0.0295068997126	-0.12277944202	-0.0571990048593	-0.114090148687	0.0554779183924	-0.096683503114	-0.069685099768	-0.0718842727719	-0.146221939724	-0.103759190157
k__Bacteria;p__Bacteroidetes;c__Bacteroidia;o__Bacteroidales;f__Porphyromonadaceae;g__Parabacteroides;s__Parabacteroides_distasonis	-0.0490711621885	0.0561488095074	-0.162873804033	0.0139574896483	-0.0139130616121	-0.0953472660118	0.00284367713618	-0.0507801626821	-0.00231056192126	1.0	-0.100201098078	-0.0371586851404	0.0202983160845	0.0731230856153	0.0767940104237	-0.0699772987871	-0.032934129076	-0.161734937072	-0.0606598009041	0.00452703908134	0.032107989235	-0.0752782496227	0.0947598843102	-0.0279078446341	-0.00406547958443	-0.00614611534601	-0.133561456861	-0.06939506376	-0.0677844901609	-0.0407965509781	-0.0192618599621	-0.00389724414591	-0.14557204313	-0.0113881127385	-0.0413375172218	-0.105358052759	0.0315101340851	-0.0205298945876	-0.112498588012	0.0661666649567	-0.0753015978636	-0.0670720479787	0.0162766103761	-0.00266814890211	0.108661179663	-0.0882903155291	0.0688501138585	0.0753679029405	0.00139258539698	-0.0138275675342	0.0373650980225	-0.0532507032644	-0.192539640661	-0.0627731922432	-0.121058518096	0.0424896294636	-0.0514319657998	0.12761554555	-0.0285064533123
k__Bacteria;p__Bacteroidetes;c__Bacteroidia;o__Bacteroidales;f__Bacteroidaceae;g__Bacteroides;s__Bacteroides_thetaiotaomicron	-0.0268596251657	-0.00760470296733	0.0655770532873	-0.0208857911593	-0.0601390571831	-0.164932336569	-0.0156994843282	0.0884247748635	0.0615127840568	-0.100201098078	1.0	0.0439330950151	-0.0932165977128	-0.0146833908937	-0.106857328501	-0.0183291166506	-0.0786868055737	0.118416610352	-0.0131060979743	0.0103255545779	-0.0688395819787	0.0311158556279	0.0801462272467	-0.0291551363153	-0.109112107647	-0.10887446557	0.0920229305636	0.0160325180433	-0.0255222473765	-0.00610008406065	-0.0607383449227	-0.115613920237	0.112348716593	-0.165963055605	0.0480444623182	-0.0167834255286	-0.0768250681681	-0.0979615809364	-0.0351363662334	-0.0662100212048	0.090377716295	-0.049565271101	0.0323629895482	-0.0668167534161	-0.104990044491	0.0291822549481	0.0213751421785	0.0620349991205	-0.0926814395227	0.0124971683612	0.0356705950718	-0.0209266861456	0.0655220435632	-0.0490217476784	-0.0057251854515	0.0709730998523	-0.0375694553771	-0.082775175043	-0.0066259016365
k__Bacteria;p__Bacteroidetes;c__Bacteroidia;o__Bacteroidales;f__Bacteroidaceae;g__Bacteroides;s__Bacteroides_coprocola	-0.172811787489	0.0380867145473	0.0198769994857	-0.0120697192086	0.0382413681352	0.100139640144	-0.00596090920145	-0.16680110681	-0.0095014091914	-0.0371586851404	0.0439330950151	1.0	-0.0361272234076	-0.0631099208753	-0.0408371858191	-0.134022954134	-0.090172562859	-0.0192083870612	-0.0411185708646	0.0347943667907	0.10782419051	-0.127838129978	-0.000813676805175	-0.0987578391236	0.0530038681506	-0.0364873734795	0.00383523359374	-0.0690387864357	-0.0308470815703	-0.0667642892406	0.0786004430634	-0.11721341205	0.0464888241363	-0.0151300629787	0.00433382505468	0.00999308245581	-0.0725574899903	0.116734999954	0.0181962763749	0.0474963210847	-0.0219767962339	-0.0982095096736	-0.00891319585077	0.0438844130362	-0.0433932004911	-0.0956793711354	-0.0234788560681	-0.0188862264621	0.00732410327677	-0.0134498783443	-0.0128087762235	-0.015655503827	0.0232817474321	-0.0532670853269	0.0283178923086	0.00812779541941	-0.13325527769	-0.0195600940962	0.0227093800599
k__Bacteria;p__Bacteroidetes;c__Bacteroidia;o__Bacteroidales;f__Bacteroidaceae;g__Bacteroides;s__Bacteroides_cellulosilyticus	0.020760209087	0.0689474040144	-0.0809065732449	-0.0671443129509	0.0964519676579	-0.0193196682957	0.0026360631195	-0.110220194386	-0.163137660067	0.0202983160845	-0.0932165977128	-0.0361272234076	1.0	-0.129766233952	0.168085541502	-0.104146252883	0.0154180891204	0.0277895625291	-0.0137376278619	0.00946966990556	-0.0376815856088	-0.0454408037918	-0.0594108702672	-0.156756882887	0.129641616451	-0.047133387271	-0.134829610108	0.0654854499255	0.00418777470391	0.100555721775	-0.17387967376	-0.100290355395	-0.0328569189278	-0.0456905265915	-0.110942871169	-0.0352517126676	0.0216625340472	-0.0155355968071	-0.000880180106685	-0.0425398501784	0.110102630401	0.0152220887265	0.00134819281654	-0.123483234969	-0.066403074039	0.0352993983786	-0.0588858239298	-0.0720379398647	-0.109384381685	-0.120281573308	0.0940936533982	-0.0342790755115	-0.0420935706838	-0.0725907605176	0.076292914261	-0.0202895546299	-0.0886271079774	0.0628620898978	0.0645565442502
k__Bacteria;p__Bacteroidetes;c__Bacteroidia;o__Bacteroidales;f__Rikenellaceae;g__Alistipes;s__Alistipes_obesi	-0.0122024266266	-0.0275247482556	-0.0487641623025	0.0135434947905	-0.0140614629036	-0.0578489080544	-0.0334860967786	-0.0598437827964	-0.00800473513913	0.0731230856153	-0.0146833908937	-0.0631099208753	-0.129766233952	1.0	-0.0266789755602	0.039629305805	0.00286383882976	-0.0846006763834	-0.0245554942695	-0.142193716583	-0.119451419856	0.000789036185046	-0.0448708171956	0.0235677100442	-0.0059182585962	-0.043125965172	-0.167232000495	-0.161846507291	0.0265766586912	0.12307128082	-0.0872843797556	-0.0279443196392	-0.00637131526069	0.0546957150643	-0.0881176375962	-0.0877098700891	0.0719895838172	-0.152342918869	0.0283057621331	-0.00634836578037	-0.0277628794852	-0.0112369007117	-0.0144488864301	-0.0972371497796	-0.0247856234121	-0.089946551301	-0.00220934894746	-0.0506970649306	-0.0230404494987	-0.042906066169	0.0444352395642	0.0525376764545	-0.0363944265826	-0.018897225766	-0.0240066294946	-0.0240845683264	0.0470696814487	-0.0516482541077	-0.1379475105
k__Bacteria;p__Firmicutes;c__Clostridia;o__Clostridiales;f__Lachnospiraceae;g__;s__[Eubacterium]_rectale	0.015648461369	0.00129661801996	-0.0981787971515	-0.131682825854	0.0327980408127	0.00499899050674	-0.0805995025248	-0.0120768303088	-0.071591099079	0.0767940104237	-0.106857328501	-0.0408371858191	0.168085541502	-0.0266789755602	1.0	-0.0409538515514	-0.0853214357175	-0.127124575976	-0.0406479308855	-0.0202872567392	0.0230770749368	-0.237224997216	0.00844621158187	0.0320869169094	0.0193113395721	-0.107370297926	0.0666964418525	-0.0293352873549	0.019772529084	-0.0737217558699	0.0242128825406	-0.015073644956	-0.0217273185087	-0.0480498111442	-0.0385243326953	0.0131172805561	-0.110867065351	0.0113877870567	-0.0434830744222	-0.0793882278383	-0.0217161636661	-0.0678890973724	0.028010001317	0.012074887199	-0.0152986134124	-0.0732034249072	-0.0069727039019	-0.13438538956	0.038609733436	0.0205792052129	-0.0893196249344	-0.103287916164	-0.0344290952599	-0.098539949207	-0.100516249188	-0.0984535504719	-0.112508586328	0.0152478173112	0.0455204117694
k__Bacteria;p__Bacteroidetes;c__Bacteroidia;o__Bacteroidales;f__Bacteroidaceae;g__Bacteroides;s__Bacteroides_plebeius	-0.0155958489503	-0.0547548518508	-0.128485636633	-0.0108371761075	-0.0188943125477	0.0307555026334	-0.0777695548101	-1.49156374174e-05	-0.149413082749	-0.0699772987871	-0.0183291166506	-0.134022954134	-0.104146252883	0.039629305805	-0.0409538515514	1.0	-0.0758118389736	0.103081890615	-0.0654607742257	-0.0319870795009	0.0639712972357	-0.131940951357	-0.0706863692818	0.00936182490998	-0.150716060318	-0.109627277451	-0.0476962775309	-0.104286709658	-0.0877754422122	0.113529438266	-0.0362377643873	-0.154987782784	-0.00479954865156	0.00872505796087	-0.0459017911784	0.0195957928646	-0.120708696757	-0.0755551945638	-0.0664401663843	0.039014552256	-0.0983521639508	0.00364695956003	0.0402693127235	-0.0815857567204	-0.111386383667	0.0196501275081	0.105554815311	0.0219691292295	0.0319734236501	-0.000363039799735	-0.183396940158	-0.0209137098526	-0.0413963842885	0.0289176169745	-0.0211872280356	0.152519666867	0.0602344607684	-0.0553287212531	0.0910211702693
k__Bacteria;p__Bacteroidetes;c__Bacteroidia;o__Bacteroidales;f__Bacteroidaceae;g__Bacteroides;s__Bacteroides_fragilis	0.0850754013512	-0.0341129931174	-0.0857213699238	-0.15399785235	0.0932483645204	-0.00816815908337	0.143739477795	0.0927563580807	-0.032971760871	-0.032934129076	-0.0786868055737	-0.090172562859	0.0154180891204	0.00286383882976	-0.0853214357175	-0.0758118389736	1.0	-0.021857387907	-0.0158956344529	-0.108477915714	0.00268508995173	-0.0958112789033	-0.0234634649597	0.0467338185459	-0.100995107091	-0.00654270994607	-0.0894636671096	-0.0798989069726	0.0364762764879	-0.0492848100729	-0.118295635082	-0.00759453617843	-0.00608924070571	-0.0711548292783	-0.0523693499495	-0.0557140001312	-0.00401165776197	-0.0276351799441	0.043207361959	-0.13475967694	-0.111103532035	-0.00328580807693	0.0170705863744	0.0587479099583	0.049930775528	-0.104907120317	-0.17692009292	-0.0818168462622	-0.0569347779918	-0.0204275714909	0.0115450940502	0.0690436696303	-0.0868045199953	-0.144386394325	-0.078055094172	-0.0673346523873	-0.125737423135	-0.0788891767942	0.0756242302613
k__Bacteria;p__Proteobacteria;c__Betaproteobacteria;o__Burkholderiales;f__Sutterellaceae;g__Sutterella;s__Sutterella_wadsworthensis	-0.152311968379	0.0483912132922	0.0566726263427	-0.0320347618767	0.0149988802173	0.0145414508682	0.079390229975	0.033801784213	-0.0838172092323	-0.161734937072	0.118416610352	-0.0192083870612	0.0277895625291	-0.0846006763834	-0.127124575976	0.103081890615	-0.021857387907	1.0	0.00988039977124	-0.042940980925	-0.160410288822	0.0537351383677	-0.0289888812414	-0.0749118583078	-0.0689062418641	0.10540242218	0.0178585222009	-0.0131756658728	-0.0265744987555	-0.0605089219038	-0.0336284972767	-0.0803452740519	-0.0171169000998	-0.0641025067318	-0.0143111573433	0.00503816341205	-0.0159954027645	-0.0763012584185	-0.0744219721897	-0.112456949134	-0.124919927935	-0.00692991310301	-0.0845414407987	-0.143737048919	-0.139896284742	-0.153290400622	0.0540621744124	0.0318931218	-0.135056042884	-0.0057828228066	0.095007592034	-0.0221517130922	0.0167388900395	-0.0207741825135	-0.0726311789298	-0.0461909775277	-0.0548494363469	-0.0480215385635	0.00532633561917
k__Bacteria;p__Bacteroidetes;c__Bacteroidia;o__Bacteroidales;f__Porphyromonadaceae;g__Barnesiella;s__Barnesiella_intestinihominis	-0.00963107340478	-0.0333366999147	0.0123343059466	0.0119238757035	-0.146754226534	-0.047423272623	-0.0599893248709	-0.054329861982	-0.0992916113711	-0.0606598009041	-0.0131060979743	-0.0411185708646	-0.0137376278619	-0.0245554942695	-0.0406479308855	-0.0654607742257	-0.0158956344529	0.00988039977124	1.0	0.0698149525476	-0.0784082746276	-0.107336264591	-0.020153445412	0.0454008065	-0.0984092156517	-0.0731436207879	-0.00830846455677	0.00866771428737	0.0182449826171	-0.010009014662	-0.0582392120117	-0.0284386169073	-0.0612607315018	-0.137499275118	0.0223378884248	-0.0904851597705	0.0755681633258	-0.0353129538444	-0.109022041459	-0.0671663607053	0.0302940337239	-0.0690156958111	0.0258877943328	-0.104658308883	-0.0662967647505	-0.0830627860112	-0.0744450142963	-0.0575127209861	0.0525911177181	0.00391612226323	-0.0160589142482	-0.100028336802	-0.110045079792	0.0112558030802	0.0406446790211	0.0433704463459	-0.0404200371887	-0.042226445647	0.0452267371725
k__Bacteria;p__Bacteroidetes;c__Bacteroidia;o__Bacteroidales;f__Odoribacteraceae;g__Odoribacter;s__Odoribacter_splanchnicus	-0.0738055260925	-0.0909156974072	-0.071390270592	0.0284067950302	0.0500250184292	-0.0892095705047	0.00965070294004	0.0982024220179	-0.0487144242166	0.00452703908134	0.0103255545779	0.0347943667907	0.00946966990556	-0.142193716583	-0.0202872567392	-0.0319870795009	-0.108477915714	-0.042940980925	0.0698149525476	1.0	0.0535879625498	0.00736052931636	0.116241502969	0.0531079531697	0.0298302205034	-0.0143761241324	-0.0252296091376	-0.0369107536251	-0.0277915472841	0.0547810377093	-0.0101601665224	-0.0366319142331	-0.0230410567509	-0.000791950358884	-0.0511091616823	-0.154741921089	-0.00933562083607	-0.0101796546768	0.0272021832508	-0.139163615654	-0.00511349294763	-0.0462997716468	0.00320676940486	-0.105712290406	-0.085502753587	-0.00857610928814	-0.0106673132718	-0.0465672901951	-0.0827801933025	-0.111507853651	-0.0665779717116	-0.0176991931326	-0.0916221893044	-0.107355945111	0.00812559570369	-0.0807414614971	-0.120447790265	-0.0341811019345	-0.0544046612782
k__Bacteria;p__Bacteroidetes;c__Bacteroidia;o__Bacteroidales;f__Bacteroidaceae;g__Bacteroides;s__Bacteroides_salyersiae	-0.00312689570708	-0.127055571164	-0.103499326929	0.0266665048097	-0.0288189796149	-0.0715704648162	-0.0654922173283	0.00953552147997	0.0525226730674	0.032107989235	-0.0688395819787	0.10782419051	-0.0376815856088	-0.119451419856	0.0230770749368	0.0639712972357	0.00268508995173	-0.160410288822	-0.0784082746276	0.0535879625498	1.0	-0.049452417204	0.022529313029	-0.0625776074444	-0.050993019148	-0.0794618891317	-0.0677655246739	-0.102007127033	0.0119950130045	-0.00693046875972	-0.100598357233	-0.000653342262201	-0.0335198085658	0.098573442751	-0.110418170471	0.0747615259435	-0.139671759038	0.0110841639649	0.0736271236373	-0.101323876951	0.00889255927608	-0.172939076441	-0.0985738077755	-0.101600478603	-0.0949638345544	-0.0328115462085	-0.0231586663543	-0.134172976777	-0.0215002369048	0.056866690778	-0.100755351785	0.138458715598	-0.0800857198433	0.0120727556278	-0.100821069622	-0.0515904218505	-0.113676046931	0.00335069990465	0.124254282612
k__Bacteria;p__Firmicutes;c__Clostridia;o__Clostridiales;f__Ruminococcaceae;g__Ruminiclostridium;s__[Eubacterium]_siraeum	-0.119816188111	-0.0183627726298	0.0149746270684	-0.189762128996	-0.153204277546	-0.000659096358307	-0.00185092932753	0.0670614587719	-0.0524858767975	-0.0752782496227	0.0311158556279	-0.127838129978	-0.0454408037918	0.000789036185046	-0.237224997216	-0.131940951357	-0.0958112789033	0.0537351383677	-0.107336264591	0.00736052931636	-0.049452417204	1.0	0.0117517897451	-0.0402176085255	-0.0402865041968	0.0138613753879	-0.0899385041414	0.0468768226415	-0.0427525659766	-0.0879361234057	-0.0495616186044	0.110585606553	-0.094091774901	0.0609855346167	-0.0975944901471	-0.0155375132649	0.0273187625444	0.0973355207004	-0.00143387059002	-0.110634736036	-0.00154439334688	-0.137303589454	-0.0704664972664	-0.0253036304881	0.0336407594775	0.14278982033	-0.0528844293292	0.140044317884	-0.151234785257	-0.0487363668967	0.0473025233919	-0.0876767859063	-0.116392265577	-0.00666375710918	-0.0480531329918	-0.107891831212	-0.104277345219	0.0237057680077	0.089006059587
k__Bacteria;p__Proteobacteria;c__Betaproteobacteria;o__Burkholderiales;f__Sutterellaceae;g__Parasutterella;s__Parasutterella_excrementihominis	-0.111287669102	-0.0785110586749	0.0375362865625	-0.0339184484167	-0.0761591425104	-0.0135130378738	-0.0846013359142	-0.0471261449711	-0.0403658975452	0.0947598843102	0.0801462272467	-0.000813676805175	-0.0594108702672	-0.0448708171956	0.00844621158187	-0.0706863692818	-0.0234634649597	-0.0289888812414	-0.020153445412	0.116241502969	0.022529313029	0.0117517897451	1.0	0.0641758534066	0.0397595014186	-0.182918540046	-0.0640560935291	-0.141047184354	-0.122249674772	-0.00910159293633	-0.0551311172222	-0.0837146820879	-0.0207893676926	-0.0573398901897	-0.0382571452203	-0.00233880816664	0.0636159743259	0.0244870366488	-0.0307385533547	-0.00335112806431	-0.0195943430704	-0.0553188317423	-0.0153068911911	-0.0461596286696	0.0301781963832	0.00513616399841	-0.125495384713	-0.127847973523	0.0385419805948	-0.0786922349479	-0.0917414329223	-0.0351981553602	-0.0221055475921	-0.0214966725838	0.0616298635637	-0.039754068852	-0.0246753867412	-0.193228734489	-0.10363566507
k__Bacteria;p__Actinobacteria;c__Actinobacteria;o__Bifidobacteriales;f__Bifidobacteriaceae;g__Bifidobacterium;s__Bifidobacterium_adolescentis	-0.168064102736	-0.0802102269365	-0.0598554626584	-0.122834761066	-0.0331482556284	-0.0922529239242	-0.135867188678	0.0839267134048	-0.0328197499323	-0.0279078446341	-0.0291551363153	-0.0987578391236	-0.156756882887	0.0235677100442	0.0320869169094	0.00936182490998	0.0467338185459	-0.0749118583078	0.0454008065	0.0531079531697	-0.0625776074444	-0.0402176085255	0.0641758534066	1.0	-0.00250220855557	0.0271149322369	-0.0481189875967	0.0692588901248	0.0701277553432	0.075450716892	-0.0704128394426	0.0563041539123	-0.114448339185	-0.0203075475342	0.121257446389	0.0208639260827	-0.0313826938287	-0.138643581691	-0.0565410158189	-0.102087241385	0.0613203705063	0.173967790108	-0.0786285504675	-0.0566322579018	-0.0358740971623	-0.00776422665579	0.0304135769871	-0.148320632549	0.0238477063902	-0.0552442841243	-0.0862531039606	-0.0460874818797	-0.0593761078795	0.00508485959217	-0.0349561640959	-0.113782330564	-0.0286243333682	0.0387492859388	0.0233717382148
k__Bacteria;p__Firmicutes;c__Clostridia;o__Clostridiales;f__Oscillospiraceae;g__Oscillibacter;s__Oscillibacter_sp._KLE_1745	-0.176644551117	-0.0623990325467	-0.119876910974	-0.0263931571358	-0.0230885548628	0.0310854666138	-0.100231882219	-0.0542742217169	0.0269980958433	-0.00406547958443	-0.109112107647	0.0530038681506	0.129641616451	-0.0059182585962	0.0193113395721	-0.150716060318	-0.100995107091	-0.0689062418641	-0.0984092156517	0.0298302205034	-0.050993019148	-0.0402865041968	0.0397595014186	-0.00250220855557	1.0	-0.0142019716316	0.0231913512454	-0.0392519694705	-0.0196160871054	-0.0519162709941	-0.0379744020048	-0.119579752875	-0.00908445967504	0.0405431683167	0.0831989540082	-0.0385813627893	-0.0443872160713	0.0743217437288	-0.0100217363638	-0.0544628787563	-0.0999035871819	-0.0386329416099	0.00184060853776	-0.00872843042762	-0.103519720691	-0.0628381357337	0.0573874621739	-0.0615254561802	-0.0553728813074	-0.0512929758181	-0.00397832789868	-0.0276161968084	0.0711716443155	0.0166500935313	-0.056071884012	-0.0621771878174	-0.148579026422	0.0574072660464	-0.0924239753508
k__Bacteria;p__Bacteroidetes;c__Bacteroidia;o__Bacteroidales;f__Bacteroidaceae;g__Bacteroides;s__Bacteroides_coprophilus	0.0839310368562	-0.105002316034	0.0226556912725	-0.0131503947561	0.0306432001677	-0.03857406058	-0.058027980851	-0.00361855002071	-0.0413790521175	-0.00614611534601	-0.10887446557	-0.0364873734795	-0.047133387271	-0.043125965172	-0.107370297926	-0.109627277451	-0.00654270994607	0.10540242218	-0.0731436207879	-0.0143761241324	-0.0794618891317	0.0138613753879	-0.182918540046	0.0271149322369	-0.0142019716316	1.0	-0.0671783451879	0.0577398834829	0.0903809575197	0.0245630658358	0.0312983960063	-0.0538931710248	-0.0595297264797	0.00231786427742	-0.0513092167563	-0.0247896622649	0.0583458870175	-0.0088462773722	0.0522199243112	-0.00216976874834	-0.0471310134518	-0.0190879775279	-0.108810372427	0.0288982368712	-0.123510250273	-0.0788180375348	-0.0474919388259	-0.0206628538869	-0.15504044742	-0.0953014027683	-0.0467666615334	-0.106758843009	-0.127322695976	-0.0300046927805	-0.0240192307157	-0.0127542185938	-0.0961546656935	-0.0999793201953	-0.102823101886
k__Bacteria;p__Firmicutes;c__Clostridia;o__Clostridiales;f__Lachnospiraceae;g__Roseburia;s__Roseburia_intestinalis	-0.0579393248187	-0.0561485543926	-0.0468356153658	0.0010551858205	-0.0636552280091	-0.0959120556599	-0.0169924931623	-0.0374513710301	0.0203759214503	-0.133561456861	0.0920229305636	0.00383523359374	-0.134829610108	-0.167232000495	0.0666964418525	-0.0476962775309	-0.0894636671096	0.0178585222009	-0.00830846455677	-0.0252296091376	-0.0677655246739	-0.0899385041414	-0.0640560935291	-0.0481189875967	0.0231913512454	-0.0671783451879	1.0	0.017201915145	0.0703765406757	-0.0826640890184	-0.0900364300646	-0.0824761454614	-0.0149093607896	-0.0760632854274	-0.0223499225557	0.0588949443958	-0.0980081699793	0.0313292021477	-0.026504993136	-0.0647178965868	-0.109299549696	-0.0257111398152	-0.0181601245596	-0.0210610035092	0.038784003434	-0.0770375730599	-0.0305522125473	0.0101060355415	-0.0674390977613	-0.0272561409436	-0.0730311584186	-0.085299777109	-0.0421211058215	0.0307258948988	-0.0211684142752	-0.0293342572636	-0.0417115092583	-0.042390821067	-0.101903374167
k__Bacteria;p__Firmicutes;c__Clostridia;o__Clostridiales;f__Lachnospiraceae;g__Roseburia;s__Roseburia_hominis	0.117381140274	-0.000226885060121	-0.123518094444	-0.180551634663	-0.14251058773	-0.0612584920432	-0.0246561331567	0.00981502080512	-0.105713389229	-0.06939506376	0.0160325180433	-0.0690387864357	0.0654854499255	-0.161846507291	-0.0293352873549	-0.104286709658	-0.0798989069726	-0.0131756658728	0.00866771428737	-0.0369107536251	-0.102007127033	0.0468768226415	-0.141047184354	0.0692588901248	-0.0392519694705	0.0577398834829	0.017201915145	1.0	-0.0228505115757	-0.12406443896	0.0175296718267	0.0969958223936	-0.013678057343	-0.0552851967664	-0.134925070983	-0.125775464164	-0.0183648218191	0.00550839032858	-0.0791894914611	0.00541177948301	-0.0145066445443	0.0657091096895	-0.0249355352708	-0.0312243245	0.063639474023	-0.0498325418305	-0.0296589702984	-0.156665882194	-0.0508154053429	-0.0884276704504	0.123711986175	-0.120569541158	-0.0429814782373	-0.0438312931524	0.0531452442197	0.116090770973	0.018845285433	0.0903179674009	0.0411523229754
k__Bacteria;p__Bacteroidetes;c__Bacteroidia;o__Bacteroidales;f__Porphyromonadaceae;g__Parabacteroides;s__Parabacteroides_johnsonii	-0.0416666714589	-0.101123188305	-0.0969579066684	-0.1728017978	0.0379331216763	-0.0827800439795	-0.109588687871	-0.0304793378689	-0.03210897212	-0.0677844901609	-0.0255222473765	-0.0308470815703	0.00418777470391	0.0265766586912	0.019772529084	-0.0877754422122	0.0364762764879	-0.0265744987555	0.0182449826171	-0.0277915472841	0.0119950130045	-0.0427525659766	-0.122249674772	0.0701277553432	-0.0196160871054	0.0903809575197	0.0703765406757	-0.0228505115757	1.0	0.0730433020306	-0.0798668501281	0.0453870559834	-0.00246242630737	-0.0964589978674	0.0699963791785	-0.0465620890524	-0.0398683826345	0.0270653728373	-0.0462245596126	-0.0286094480728	-0.00804936226736	-0.147119048135	-0.0558347630369	-0.0379689612327	-0.103008774192	-0.00207376604815	-0.00545494528013	-0.121721302494	-0.0756793914718	-0.039927698588	-0.00565909228706	0.108518909628	-0.00259350486012	-0.15449622128	-0.0256299641121	-0.0617188239428	-0.0362701980838	0.182127082691	-0.0617322187742
k__Bacteria;p__Actinobacteria;c__Actinobacteria;o__Bifidobacteriales;f__Bifidobacteriaceae;g__Bifidobacterium;s__Bifidobacterium_longum	0.0237159619037	0.0336872654955	-0.0373482226729	-0.0494582420706	-0.0594880298342	-0.09478714385	-0.136076735027	-0.123630874999	0.0213444022336	-0.0407965509781	-0.00610008406065	-0.0667642892406	0.100555721775	0.12307128082	-0.0737217558699	0.113529438266	-0.0492848100729	-0.0605089219038	-0.010009014662	0.0547810377093	-0.00693046875972	-0.0879361234057	-0.00910159293633	0.075450716892	-0.0519162709941	0.0245630658358	-0.0826640890184	-0.12406443896	0.0730433020306	1.0	-0.0499309683291	-0.0863833646055	0.0217845964727	-0.0306272685576	-0.0360598570583	-0.04012813683	0.0557136595806	-0.05114571029	-0.110573353458	-0.0160308640818	-0.0182223465834	-0.0680477238573	-0.0997695005831	-0.0695229399719	-0.0995658795365	-0.0827646340789	0.0418233404128	-0.0670881784244	0.0453920707803	-0.0250950956794	-0.0578451858935	-0.0963128138986	-0.0423176783529	0.119138674667	0.0722890815393	-0.0314860192951	-0.00533452757527	-0.0448027748167	-0.12987805772
