#taxonomy	k__Bacteria;p__Bacteroidetes;c__Bacteroidia;o__Bacteroidales;f__Bacteroidaceae;g__Bacteroides;s__Bacteroides_vulgatus	k__Bacteria;p__Bacteroidetes;c__Bacteroidia;o__Bacteroidales;f__Bacteroidaceae;g__Bacteroides;s__Bacteroides_uniformis	k__Bacteria;p__Bacteroidetes;c__Bacteroidia;o__Bacteroidales;f__Rikenellaceae;g__Alistipes;s__Alistipes_putredinis	k__Bacteria;p__Bacteroidetes;c__Bacteroidia;o__Bacteroidales;f__Prevotellaceae;g__Prevotella;s__Prevotella_copri	k__Bacteria;p__Bacteroidetes;c__Bacteroidia;o__Bacteroidales;f__Bacteroidaceae;g__Bacteroides;s__Bacteroides_stercoris	k__Bacteria;p__Bacteroidetes;c__Bacteroidia;o__Bacteroidales;f__Bacteroidaceae;g__Bacteroides;s__Bacteroides_ovatus	k__Bacteria;p__Bacteroidetes;c__Bacteroidia;o__Bacteroidales;f__Rikenellaceae;g__Alistipes;s__Alistipes_shahii	k__Bacteria;p__Firmicutes;c__Clostridia;o__Clostridiales;f__Ruminococcaceae;g__Faecalibacterium;s__Faecalibacterium_prausnitzii	k__Bacteria;p__Bacteroidetes;c__Bacteroidia;o__Bacteroidales;f__Rikenellaceae;g__Alistipes;s__Alistipes_finegoldii	k__Bacteria;p__Bacteroidetes;c__Bacteroidia;o__Bacteroidales;f__Porphyromonadaceae;g__Parabacteroides;s__Parabacteroides_distasonis	k__Bacteria;p__Bacteroidetes;c__Bacteroidia;o__Bacteroidales;f__Bacteroidaceae;g__Bacteroides;s__Bacteroides_thetaiotaomicron	k__Bacteria;p__Bacteroidetes;c__Bacteroidia;o__Bacteroidales;f__Bacteroidaceae;g__Bacteroides;s__Bacteroides_coprocola	k__Bacteria;p__Bacteroidetes;c__Bacteroidia;o__Bacteroidales;f__Bacteroidaceae;g__Bacteroides;s__Bacteroides_cellulosilyticus	k__Bacteria;p__Bacteroidetes;c__Bacteroidia;o__Bacteroidales;f__Rikenellaceae;g__Alistipes;s__Alistipes_obesi	k__Bacteria;p__Firmicutes;c__Clostridia;o__Clostridiales;f__Lachnospiraceae;g__;s__[Eubacterium]_rectale	k__Bacteria;p__Bacteroidetes;c__Bacteroidia;o__Bacteroidales;f__Bacteroidaceae;g__Bacteroides;s__Bacteroides_plebeius	k__Bacteria;p__Bacteroidetes;c__Bacteroidia;o__Bacteroidales;f__Bacteroidaceae;g__Bacteroides;s__Bacteroides_fragilis	k__Bacteria;p__Proteobacteria;c__Betaproteobacteria;o__Burkholderiales;f__Sutterellaceae;g__Sutterella;s__Sutterella_wadsworthensis	k__Bacteria;p__Bacteroidetes;c__Bacteroidia;o__Bacteroidales;f__Porphyromonadaceae;g__Barnesiella;s__Barnesiella_intestinihominis	k__Bacteria;p__Bacteroidetes;c__Bacteroidia;o__Bacteroidales;f__Odoribacteraceae;g__Odoribacter;s__Odoribacter_splanchnicus	k__Bacteria;p__Bacteroidetes;c__Bacteroidia;o__Bacteroidales;f__Bacteroidaceae;g__Bacteroides;s__Bacteroides_salyersiae	k__Bacteria;p__Firmicutes;c__Clostridia;o__Clostridiales;f__Ruminococcaceae;g__Ruminiclostridium;s__[Eubacterium]_siraeum	k__Bacteria;p__Proteobacteria;c__Betaproteobacteria;o__Burkholderiales;f__Sutterellaceae;g__Parasutterella;s__Parasutterella_excrementihominis	k__Bacteria;p__Actinobacteria;c__Actinobacteria;o__Bifidobacteriales;f__Bifidobacteriaceae;g__Bifidobacterium;s__Bifidobacterium_adolescentis	k__Bacteria;p__Firmicutes;c__Clostridia;o__Clostridiales;f__Oscillospiraceae;g__Oscillibacter;s__Oscillibacter_sp._KLE_1745	k__Bacteria;p__Bacteroidetes;c__Bacteroidia;o__Bacteroidales;f__Bacteroidaceae;g__Bacteroides;s__Bacteroides_coprophilus	k__Bacteria;p__Firmicutes;c__Clostridia;o__Clostridiales;f__Lachnospiraceae;g__Roseburia;s__Roseburia_intestinalis	k__Bacteria;p__Firmicutes;c__Clostridia;o__Clostridiales;f__Lachnospiraceae;g__Roseburia;s__Roseburia_hominis	k__Bacteria;p__Bacteroidetes;c__Bacteroidia;o__Bacteroidales;f__Porphyromonadaceae;g__Parabacteroides;s__Parabacteroides_johnsonii	k__Bacteria;p__Actinobacteria;c__Actinobacteria;o__Bifidobacteriales;f__Bifidobacteriaceae;g__Bifidobacterium;s__Bifidobacterium_longum	k__Bacteria;p__Firmicutes;c__Clostridia;o__Clostridiales;f__;g__Flavonifractor;s__Flavonifractor_plautii	k__Bacteria;p__Firmicutes;c__Clostridia;o__Clostridiales;f__Clostridiaceae;g__Clostridium;s__Clostridium_phoceensis	k__Bacteria;p__Verrucomicrobia;c__Verrucomicrobiae;o__Verrucomicrobiales;f__Akkermansiaceae;g__Akkermansia;s__Akkermansia_muciniphila	k__Bacteria;p__Bacteroidetes;c__Bacteroidia;o__Bacteroidales;f__Prevotellaceae;g__Paraprevotella;s__Paraprevotella_xylaniphila	k__Bacteria;p__Firmicutes;c__Clostridia;o__Clostridiales;f__Ruminococcaceae;g__Ruminococcus;s__Ruminococcus_callidus	k__Bacteria;p__Bacteroidetes;c__Bacteroidia;o__Bacteroidales;f__Rikenellaceae;g__Alistipes;s__Alistipes_senegalensis	k__Bacteria;p__Firmicutes;c__Clostridia;o__Clostridiales;f__Lachnospiraceae;g__Blautia;s__Blautia_sp._KLE_1732	k__Bacteria;p__Bacteroidetes;c__Bacteroidia;o__Bacteroidales;f__Bacteroidaceae;g__Bacteroides;s__Bacteroides_oleiciplenus	k__Bacteria;p__Firmicutes;c__Clostridia;o__Clostridiales;f__Ruminococcaceae;g__Ruminococcus;s__Ruminococcus_bicirculans	k__Bacteria;p__Bacteroidetes;c__Bacteroidia;o__Bacteroidales;f__Bacteroidaceae;g__Bacteroides;s__Bacteroides_fluxus	k__Bacteria;p__Bacteroidetes;c__Bacteroidia;o__Bacteroidales;f__Prevotellaceae;g__Prevotella;s__Prevotella_stercorea	k__Bacteria;p__Firmicutes;c__Clostridia;o__Clostridiales;f__Lachnospiraceae;g__Dorea;s__Dorea_longicatena	k__Bacteria;p__Firmicutes;c__Clostridia;o__Clostridiales;f__Eubacteriaceae;g__Eubacterium;s__[Eubacterium]_eligens	k__Bacteria;p__Firmicutes;c__Clostridia;o__Clostridiales;f__Ruminococcaceae;g__;s__Ruminococcaceae_bacterium_D16	k__Bacteria;p__Firmicutes;c__Clostridia;o__Clostridiales;f__Lachnospiraceae;g__Coprococcus;s__Coprococcus_comes	k__Bacteria;p__Proteobacteria;c__Gammaproteobacteria;o__Enterobacterales;f__Enterobacteriaceae;g__Escherichia;s__Escherichia_coli	k__Bacteria;p__Firmicutes;c__Clostridia;o__Clostridiales;f__Ruminococcaceae;g__Anaerotruncus;s__Anaerotruncus_colihominis	k__Bacteria;p__Firmicutes;c__Clostridia;o__Clostridiales;f__Lachnospiraceae;g__Blautia;s__Blautia_obeum	k__Bacteria;p__Bacteroidetes;c__Bacteroidia;o__Bacteroidales;f__Odoribacteraceae;g__Odoribacter;s__Odoribacter_laneus	k__Bacteria;p__Firmicutes;c__Clostridia;o__Clostridiales;f__Ruminococcaceae;g__Ruminiclostridium;s__[Clostridium]_leptum	k__Bacteria;p__Bacteroidetes;c__Bacteroidia;o__Bacteroidales;f__Porphyromonadaceae;g__Parabacteroides;s__Parabacteroides_goldsteinii	k__Bacteria;p__Firmicutes;c__Clostridia;o__Clostridiales;f__Lachnospiraceae;g__Anaerostipes;s__Anaerostipes_hadrus	k__Bacteria;p__Firmicutes;c__Clostridia;o__Clostridiales;f__Ruminococcaceae;g__Ruminococcus;s__Ruminococcus_lactaris	k__Bacteria;p__Firmicutes;c__Clostridia;o__Clostridiales;f__Clostridiaceae;g__Clostridium;s__Clostridium_sp._L2-50	k__Bacteria;p__Firmicutes;c__Clostridia;o__Clostridiales;f__Clostridiaceae;g__Clostridium;s__Clostridium_sp._M62/1	k__Bacteria;p__Firmicutes;c__Clostridia;o__Clostridiales;f__;g__Intestinimonas;s__Intestinimonas_butyriciproducens	k__Bacteria;p__Actinobacteria;c__Actinobacteria;o__Bifidobacteriales;f__Bifidobacteriaceae;g__Bifidobacterium;s__Bifidobacterium_bifidum	k__Bacteria;p__Firmicutes;c__Negativicutes;o__Veillonellales;f__Veillonellaceae;g__Dialister;s__Dialister_invisus	k__Bacteria;p__Bacteroidetes;c__Bacteroidia;o__Bacteroidales;f__Bacteroidaceae;g__Bacteroides;s__Bacteroides_salanitronis
k__Bacteria;p__Bacteroidetes;c__Bacteroidia;o__Bacteroidales;f__Bacteroidaceae;g__Bacteroides;s__Bacteroides_vulgatus	1.0	-0.122632194139	-0.0715311451714	0.044163756871	-0.0998728131921	-0.0673652357821	-0.0176897775388	-0.0776153957091	0.0658825130428	-0.0395591888641	-0.0479416522882	-0.0206322379576	-0.0797614236011	-0.0328901186644	0.075739976673	0.0789968364617	-0.18483317131	-0.0118737155269	-0.00147978098248	0.021336326343	0.0170477491595	-0.0616422523872	0.0440753682023	-0.172230165126	-0.0619352575035	-0.0945933137692	0.0620477933768	-0.0239933625311	-0.0633141515762	-0.054610466734	-0.0496564850519	0.0986135534308	-0.01346170671	-0.0273999591172	-0.130767723927	-0.135289354143	-0.0147288197811	-0.121959061512	0.00431237670235	0.0479033434679	-0.115189816749	-0.0072826501612	0.0362272033698	-0.0211893792679	-0.10628773717	-0.0538144873966	-0.0267918944117	-0.0550299664011	-0.0151828087445	-0.0278557686206	-0.106019268715	-0.0917750878365	-0.0911694564036	-0.0277530971325	-0.101785495131	-0.0798326324239	-0.0903303273839	-0.0839471964697	-0.092981109095
k__Bacteria;p__Bacteroidetes;c__Bacteroidia;o__Bacteroidales;f__Bacteroidaceae;g__Bacteroides;s__Bacteroides_uniformis	-0.122632194139	1.0	-0.0634950453327	0.0647980279163	0.0368952488684	-0.0180831358518	-0.0246270566287	0.00920017359303	-0.0363456346811	-0.00846171744995	-0.0507729816	-0.0993689406438	-0.191088760391	-0.00739413441803	-0.115282772256	-0.0104175094736	0.0332231674536	-0.0758334368167	0.0854776017364	-0.158815016244	-0.103797601285	-0.0610836526111	0.100551629084	-0.134562601443	-0.0130112733095	0.0254540900798	-0.0701672119389	-0.0751190726354	0.0747143573167	0.0168868921766	-0.0103758095139	-0.0610337615556	-0.201873959685	-0.0645598080545	-0.10329077598	0.0184989642553	-0.076657426736	-0.0204229800247	-2.75500255517e-06	-0.116063434051	0.00725925038273	0.176791544192	-0.0198189298396	-0.0383014487293	0.107088867907	-0.018302349963	-0.0203598043357	-0.0807910889376	0.0365323393166	-0.066597840055	-0.00719337436739	0.0139413936167	-0.0253492761383	0.0411072677655	-0.0489033415001	-0.0927629568141	-0.0134053523599	-0.107005652015	-0.10182202717
k__Bacteria;p__Bacteroidetes;c__Bacteroidia;o__Bacteroidales;f__Rikenellaceae;g__Alistipes;s__Alistipes_putredinis	-0.0715311451714	-0.0634950453327	1.0	-0.0824043370547	-0.0844022704615	-0.0303493946382	0.054142757799	-0.0480490690847	-0.0492592345017	-0.0741706545536	-0.121694871158	0.0631802252926	-0.0135901644095	-0.0248074032536	0.0485492176853	0.0397848685678	-0.0780954768588	-0.0531269564128	-0.0203282030503	-0.156814312852	-0.0561811420594	-0.0889322252582	-0.0549623987169	-0.0529041314711	-0.0261012478566	-0.00355805940584	-0.08622546298	0.0844020489337	0.00205826138674	0.0876662055393	-0.0936450430292	-0.0236797025953	-0.030235576664	-0.0637240167484	-0.125177588252	-0.0693575992277	-0.0638478309012	0.00886916413259	0.0213630258635	-0.0463649939678	-0.0807494581673	0.0875546116461	-0.122611234803	0.0263819200334	-0.0491061978885	0.0713374494339	-0.0855976666913	0.0672717942233	0.0524148752974	-0.0773283030269	-0.045713827398	0.073020686377	-0.0319843446032	0.109989154712	-0.0412676465337	0.0466067075241	0.141414785084	0.0540874379534	0.0465560236189
k__Bacteria;p__Bacteroidetes;c__Bacteroidia;o__Bacteroidales;f__Prevotellaceae;g__Prevotella;s__Prevotella_copri	0.044163756871	0.0647980279163	-0.0824043370547	1.0	-0.0950512891358	-0.00412439140684	0.00039851112022	-0.0398208915656	-0.104689309389	-0.0530798622896	0.133224556624	-0.09384166046	0.0428674540248	-0.128231773386	0.0126825054571	0.0237374153032	0.000675463590163	-0.0694540327756	0.0217849833621	0.0542039143027	0.00553338116201	0.0389715067755	-0.0650643033275	0.000212236025377	-0.139168862611	-0.137508282371	-0.0269771385276	0.0106856733119	-0.103613610498	0.0124418490155	0.0191851096403	-0.0973687649505	-0.0603655072358	-0.050942560703	-0.0615324857679	-0.0404219200364	-0.130782825154	-0.0437956085213	-0.111643263483	-0.141001996143	-0.0395510996167	-0.0311875699697	-0.0814211370977	0.0551231877059	-0.0553136599647	0.0216499439938	-0.00178075288811	-0.0985346579773	-0.0853787657091	-0.00948161186714	0.0301044362151	-0.112497610549	-0.113210001529	0.0353350524465	-0.195751534705	0.024573611942	-0.0316760185349	0.00322851983969	-0.0194197752985
k__Bacteria;p__Bacteroidetes;c__Bacteroidia;o__Bacteroidales;f__Bacteroidaceae;g__Bacteroides;s__Bacteroides_stercoris	-0.0998728131921	0.0368952488684	-0.0844022704615	-0.0950512891358	1.0	-0.06469083063	-0.00151474106512	-0.0770071998796	-0.164987355246	-0.0340408098167	-0.143804070769	0.0868021439066	-0.063499525678	-0.0640018279347	-0.0722890562249	-0.102003619683	-0.00140073504477	-0.0881243510424	-0.0636803357209	-0.048639704555	-0.0314669829291	0.00612715332928	0.0271658277491	-0.106917152897	-0.00686354951261	0.0437090951438	0.0280810195999	-0.12942745828	-0.00946890694246	0.0312495545027	-0.027398413379	-0.0125639538762	-0.0483737381222	-0.0387040397518	-0.0589000118512	-0.0878842361628	-0.0131533160164	0.0524658932962	-0.083227517331	0.0668124011712	0.029209111884	-0.0430446960345	-0.127074138659	-0.131374080249	-0.0462795853974	-0.0481126136708	-0.0884455899466	-0.100640803151	0.0245255049503	-0.0447987098946	0.0390479353498	-0.0330296061925	-0.0452814914235	-0.0716455600701	-0.0526229383278	-0.00542475878691	-0.0391815109844	-0.0131044956006	-0.13306780605
k__Bacteria;p__Bacteroidetes;c__Bacteroidia;o__Bacteroidales;f__Bacteroidaceae;g__Bacteroides;s__Bacteroides_ovatus	-0.0673652357821	-0.0180831358518	-0.0303493946382	-0.00412439140684	-0.06469083063	1.0	-0.0840641356988	-0.103155434708	0.0186349357788	-0.000408836583816	-0.0159815964434	0.0310237039524	-0.0610666885301	0.0032951991661	-0.0717664202886	0.0994461975865	0.00780700932036	0.0175214089009	0.0293491945777	0.0552276949308	-0.0285759143519	-0.0625469115957	-0.0574846524759	0.0151102943655	0.0827903775159	-0.0627489649686	0.0531071927538	-0.0330484204454	-0.0770717688859	-0.0510759974289	-0.0893615891997	-0.00405668151304	-0.00994633792351	-0.0203176107326	-0.0909010597128	0.118414186183	-0.061569056607	-0.123368346022	-0.0446201692155	-0.0987764032716	-0.105779393607	0.0732776714447	-0.0878711968583	-0.0300529759515	0.00413012858925	-0.14163239076	-0.159953924004	-0.0702217552124	-0.000128338285757	0.118695343901	0.13692778823	-0.00645256349551	-0.133854370212	-0.0769528575893	-0.0272833521895	-0.0911702946665	-0.0053777518529	0.0333791057429	0.101038187517
k__Bacteria;p__Bacteroidetes;c__Bacteroidia;o__Bacteroidales;f__Rikenellaceae;g__Alistipes;s__Alistipes_shahii	-0.0176897775388	-0.0246270566287	0.054142757799	0.00039851112022	-0.00151474106512	-0.0840641356988	1.0	-0.022778292299	-0.00679395972397	0.0143795924366	-0.026915495471	0.000810902100302	-0.017551561885	0.0578789460712	0.0196678129169	0.0507691036153	-0.00624007884851	-0.12528965928	0.0134002609851	-0.0113253240926	-0.0786886529056	-0.14161405394	0.0139664729538	-0.112194212493	-0.0705737042315	0.0397820907948	0.0252155248654	-0.100303578423	-0.155397122764	-0.0332369480781	0.0429910787782	-0.0767997326526	-0.0299039955364	-0.0671737144645	0.0512609776855	-0.151889647849	0.105863757708	0.0804316937298	-0.00236658764627	-0.0364707896418	-0.0837616147321	-0.0837020395168	-0.0538582558633	0.00977829081083	0.0394650293653	-0.0704290439149	-0.0412024553391	-0.0305996417611	-0.0841558887941	-0.0331156968943	-0.0379077371052	-0.198355519865	-0.0989189989214	0.0221178144594	-0.115096191508	-0.032778329214	0.0232039482116	-0.0600906933686	-0.014470549789
k__Bacteria;p__Firmicutes;c__Clostridia;o__Clostridiales;f__Ruminococcaceae;g__Faecalibacterium;s__Faecalibacterium_prausnitzii	-0.0776153957091	0.00920017359303	-0.0480490690847	-0.0398208915656	-0.0770071998796	-0.103155434708	-0.022778292299	1.0	0.0240872874692	-0.0157235395398	-0.187018717336	-0.0439641191764	0.125704917264	0.0280696265748	-0.0385857690377	0.0300489501805	-0.00123010136899	-0.0872977432905	-0.0864122339393	-0.0859759820744	-0.0983488882095	0.0660872670311	0.0172024947207	-0.0399860392557	-0.187285792802	0.00693010229592	0.0420910892887	-0.0407924446416	-0.0226660607485	0.16660849096	0.115802840024	-0.0742151162648	-0.139907255035	-0.148846997716	-0.105739348492	0.0989921355569	-0.0335390992244	-0.0752109922805	-0.177511181168	-0.0412947186872	-0.0758641400569	0.040393502642	-0.11642905103	0.113395618664	-0.108199257465	-0.0442930256406	-0.00210615186991	-0.00491963102994	-0.125865518173	0.0104512804575	-0.122751395725	-0.0836147960225	-0.131376453156	0.0506212633581	0.122674577358	-0.0596969780253	0.109329293915	-0.00832117579395	-0.120574155328
k__Bacteria;p__Bacteroidetes;c__Bacteroidia;o__Bacteroidales;f__Rikenellaceae;g__Alistipes;s__Alistipes_finegoldii	0.0658825130428	-0.0363456346811	-0.0492592345017	-0.104689309389	-0.164987355246	0.0186349357788	-0.00679395972397	0.0240872874692	1.0	-0.0443338723688	0.008542286427	-0.0569969827442	-0.0367026103071	-0.0228675582535	-0.0859161298327	-0.0781597197453	-0.0923107313799	0.082323929601	0.0338733918818	-0.0407597083712	-0.0610270623712	-0.0329259889742	-0.0345353783278	-0.0194854193784	0.0415630758534	0.0149573893281	-0.115670483248	0.0161110294234	-0.0447451494785	0.0295536999645	-0.0131841219184	-0.0519519902789	-0.0597068267448	0.0603816433787	-0.0164627374856	-0.0890181953061	-0.0723950202008	0.0463427499317	-0.0162668688705	0.0495008960318	-0.0500054455383	-0.0876409423035	0.124714743393	-0.0199229101945	-0.0270602153303	-0.035771280607	0.0444144503072	-0.0497546236499	-0.137874920309	-0.071216288767	0.000109675818854	0.029174034527	-0.0145433186824	-0.0109376926607	-0.0245449047301	-0.132901893072	-0.115317749642	-0.142531175798	-0.0448292015325
k__Bacteria;p__Bacteroidetes;c__Bacteroidia;o__Bacteroidales;f__Porphyromonadaceae;g__Parabacteroides;s__Parabacteroides_distasonis	-0.0395591888641	-0.00846171744995	-0.0741706545536	-0.0530798622896	-0.0340408098167	-0.000408836583816	0.0143795924366	-0.0157235395398	-0.0443338723688	1.0	0.00905347834136	-0.139786823907	0.059051215567	-0.00644946993898	-0.0916590310001	-0.105985672619	-0.0673652507207	0.0341780574376	-0.0330316780354	-0.0129630555159	0.0743441956319	0.0106755234256	-0.105508923163	-0.0635990965667	0.0225753796155	0.0237607148602	-0.124545285057	-0.0133104857869	-0.0311416228523	-0.0360705081738	0.00553916789384	-0.143835018863	-0.0708080088098	-0.0316266588401	0.0340753367155	-0.0464948087544	0.00936132892474	0.0274712780986	-0.026747326333	0.0920977658511	-0.0453293796983	0.102770834918	-0.115193604147	-0.0692901195625	-0.106542898366	-0.00418337850989	-0.120837213188	-0.036706712719	-0.0280458349175	-0.0696683497633	0.124144475441	-0.0380134641832	0.0710351705593	-0.0303416564115	-0.0876985385665	-0.00157712896689	0.116694295486	-0.0580896702297	-0.0331167230714
k__Bacteria;p__Bacteroidetes;c__Bacteroidia;o__Bacteroidales;f__Bacteroidaceae;g__Bacteroides;s__Bacteroides_thetaiotaomicron	-0.0479416522882	-0.0507729816	-0.121694871158	0.133224556624	-0.143804070769	-0.0159815964434	-0.026915495471	-0.187018717336	0.008542286427	0.00905347834136	1.0	-0.04328454451	-0.0361532596694	-0.00113622436883	-0.0322118238312	-0.123513434956	0.0855873396326	0.0955744737138	-0.0631456268491	0.0173485881269	0.0878614367072	-0.0981892343819	-0.14930531286	-0.0571762346016	-0.0129943852311	-0.0811407343804	-0.0840073564571	-0.0392521052152	-0.0644594192478	0.0325247230992	0.0116324304287	-0.0644101132184	0.0154431113418	0.0270886460515	-0.0984146294601	0.0626999819359	-0.0287326957887	-0.00441565661143	-0.0244703673139	-0.124393658925	-0.0364217874507	0.064466615618	0.021495892709	0.109734168299	-0.0047731373641	0.117398697006	-0.0905123529607	-0.065541498478	0.0544726586614	0.0187786735033	-0.0377528484534	0.0295292375187	0.0110952932644	-0.0255316882427	-0.00607233223853	-0.0406080538711	-0.104654200112	0.042287469224	-0.0144693803348
k__Bacteria;p__Bacteroidetes;c__Bacteroidia;o__Bacteroidales;f__Bacteroidaceae;g__Bacteroides;s__Bacteroides_coprocola	-0.0206322379576	-0.0993689406438	0.0631802252926	-0.09384166046	0.0868021439066	0.0310237039524	0.000810902100302	-0.0439641191764	-0.0569969827442	-0.139786823907	-0.04328454451	1.0	-0.160230208932	0.00751225423478	0.0111586949544	-0.0557971463459	-0.018669174853	-0.0497447918974	-0.00751644167865	0.0187282765482	-0.0465223390357	-0.0720604336574	0.00535124963421	0.0103505766531	-0.0380839982294	-0.0477812613711	0.0395020785055	-0.0720924905805	0.0204719465893	-0.0351250899461	0.060301217595	0.0134141912835	-0.0633713457398	-0.0511898692099	-0.0333239667407	-0.103306663109	-0.0521839884954	-0.0716384149869	-0.056182791294	0.0435043996502	0.00318427874703	-0.035823689533	-0.0205243163616	-0.053972279397	-0.0466092293073	-0.058212583727	0.00518829398331	-0.03215448975	-0.017299304597	-0.0386287108716	0.00175956938913	-0.123826960694	0.0540283728586	0.122725290085	-0.140594111459	-0.0195812089153	-0.0189351854128	0.044405822072	-0.0387991283289
k__Bacteria;p__Bacteroidetes;c__Bacteroidia;o__Bacteroidales;f__Bacteroidaceae;g__Bacteroides;s__Bacteroides_cellulosilyticus	-0.0797614236011	-0.191088760391	-0.0135901644095	0.0428674540248	-0.063499525678	-0.0610666885301	-0.017551561885	0.125704917264	-0.0367026103071	0.059051215567	-0.0361532596694	-0.160230208932	1.0	0.0042486446303	-0.125302593902	-0.0698176408944	-0.124869442107	-0.0590248903692	-0.112288219783	-0.118831552068	0.0749431632798	0.0464845611253	0.00226993561333	-0.0133123812066	-0.119520171631	0.00540729464822	0.00988891502846	-0.0222169543218	-0.146708721767	0.030573048872	0.0761803743542	0.050577082191	-0.0872242395183	-0.0657067189084	-0.105775631082	0.0530341216852	0.00133456377747	-0.00681375136801	-0.00619666269987	-0.0154634263984	-0.0567353157389	-0.172395990079	-0.128101431199	-0.105278305622	0.00837703114176	-0.0303538762965	-0.110735160877	0.0241666680345	-0.0703260222566	-0.0471798592758	0.0425013698663	-0.014110436616	0.0439043269011	0.00789997802516	-0.000366543341514	0.0577438566467	0.0582544635695	0.00617802192994	-0.034571288103
k__Bacteria;p__Bacteroidetes;c__Bacteroidia;o__Bacteroidales;f__Rikenellaceae;g__Alistipes;s__Alistipes_obesi	-0.0328901186644	-0.00739413441803	-0.0248074032536	-0.128231773386	-0.0640018279347	0.0032951991661	0.0578789460712	0.0280696265748	-0.0228675582535	-0.00644946993898	-0.00113622436883	0.00751225423478	0.0042486446303	1.0	-0.00550385554426	0.0183883768899	0.0722793129487	0.221688862402	-0.0183680608666	-0.148190363087	-0.0656401893117	-0.1303416061	0.0353733296694	-0.0136814792679	-0.000557303668444	-0.0339136164895	-0.0666885763905	0.00225798427425	0.00915088797059	-0.115678715908	-0.00889201277251	0.0385990748885	-0.0253516896827	0.0389583466934	0.0522465534955	-0.134944939527	0.0591689356363	0.00504935495054	-0.0515574608723	0.00656389898135	0.0358569941026	-0.0185754007031	-0.00059259415134	-0.07701597209	-0.0424455116506	-0.0722973328801	-0.147504976862	0.0429667266436	-0.0178266822324	0.0207313742339	-0.0561035799338	-0.0727305058121	0.0355602907444	-0.00535795597676	0.153322677143	-0.0535170705547	-0.141861850225	-0.0461980284809	-0.0707400819068
k__Bacteria;p__Firmicutes;c__Clostridia;o__Clostridiales;f__Lachnospiraceae;g__;s__[Eubacterium]_rectale	0.075739976673	-0.115282772256	0.0485492176853	0.0126825054571	-0.0722890562249	-0.0717664202886	0.0196678129169	-0.0385857690377	-0.0859161298327	-0.0916590310001	-0.0322118238312	0.0111586949544	-0.125302593902	-0.00550385554426	1.0	-0.0467939273131	-0.032243125174	0.0228646514755	0.0269031625141	0.0876658990484	0.0734263650693	0.125004406252	-0.000625349258459	-0.0332803177336	-0.0342044221088	-0.0657560741133	-0.116197521524	-0.0408121058957	-0.0197651736327	-0.0206840873233	0.0376260399647	-0.0809821052045	0.150045135468	-0.0611185286268	0.0355990167092	0.0479768950575	-0.066541734029	-0.0692094836054	0.0244138734435	-0.0839733811102	-0.00474959145755	-0.185787087857	-0.0247179757819	-0.0687874929891	-0.0930852191142	-0.0915433479186	0.0225241896753	-0.121100157232	0.0106101600381	-0.00180191470354	-0.028011118191	-0.0852662211566	-0.0229949389591	-0.0213757211734	-0.064237972976	-0.0126804239167	-0.0847111763088	-0.131298191197	-0.0621819782506
k__Bacteria;p__Bacteroidetes;c__Bacteroidia;o__Bacteroidales;f__Bacteroidaceae;g__Bacteroides;s__Bacteroides_plebeius	0.0789968364617	-0.0104175094736	0.0397848685678	0.0237374153032	-0.102003619683	0.0994461975865	0.0507691036153	0.0300489501805	-0.0781597197453	-0.105985672619	-0.123513434956	-0.0557971463459	-0.0698176408944	0.0183883768899	-0.0467939273131	1.0	-0.0574498866131	-0.0742973005121	0.131343333469	0.0823998143639	-0.0977636477342	-0.0925739475563	-0.0376085262463	0.0043577507359	0.00416466231735	0.0226110695701	0.0424044595801	-0.0304241934714	0.0263203588414	-0.0258086284102	-0.0196154885873	-0.0169192602412	-0.105514023805	-0.0743817814856	-0.0053549015919	0.0218888864455	-0.0707362051385	-0.108394539789	-0.0212917694867	0.0554431195748	0.0200271935191	-2.20368718431e-05	-0.100494619182	-0.0690274522032	-0.0632081239981	-0.029339439652	-0.000340070075611	-0.0252255456026	0.063576004834	-0.0665010928856	-0.0441632136604	-0.098270048714	-0.0958107409402	0.000350618323324	0.0705371832377	-0.0902594656545	0.0341316483795	-0.0963573173244	0.0228914247112
k__Bacteria;p__Bacteroidetes;c__Bacteroidia;o__Bacteroidales;f__Bacteroidaceae;g__Bacteroides;s__Bacteroides_fragilis	-0.18483317131	0.0332231674536	-0.0780954768588	0.000675463590163	-0.00140073504477	0.00780700932036	-0.00624007884851	-0.00123010136899	-0.0923107313799	-0.0673652507207	0.0855873396326	-0.018669174853	-0.124869442107	0.0722793129487	-0.032243125174	-0.0574498866131	1.0	-0.141924917103	-0.143932721274	0.119782683366	-0.106854771335	0.0301441092736	0.00570857156169	-0.0551861493549	-0.0308539698376	-0.0224813687186	-0.112521030824	-0.04432832586	0.06550217303	-0.0208847165878	-0.0112031707633	-0.0314751212163	-0.0142442096374	-0.00606193935203	-0.0421266292395	0.0713180108541	-0.0564169050493	-0.0918088022213	-0.0329346903237	-0.0665843716868	-0.0983012402904	-0.0265300586478	0.0182259178798	0.0621000679738	0.109092057774	0.061410214959	-0.0689905017104	0.0138496842573	-0.12809028246	-0.0727828770616	-0.120467370366	0.00367226163776	-0.151022101813	-0.0361093617531	-0.0398502086004	-0.0485579555677	-0.198408013175	-0.113547141145	-0.101280986931
k__Bacteria;p__Proteobacteria;c__Betaproteobacteria;o__Burkholderiales;f__Sutterellaceae;g__Sutterella;s__Sutterella_wadsworthensis	-0.0118737155269	-0.0758334368167	-0.0531269564128	-0.0694540327756	-0.0881243510424	0.0175214089009	-0.12528965928	-0.0872977432905	0.082323929601	0.0341780574376	0.0955744737138	-0.0497447918974	-0.0590248903692	0.221688862402	0.0228646514755	-0.0742973005121	-0.141924917103	1.0	-0.0724212865745	-0.0768881497168	0.0681309434995	-0.0754593103734	-0.15760680315	-0.0897669904447	0.049922017891	-0.192387792753	-0.0213040373674	0.0104020819685	-0.0763658309632	-0.0448409401657	-0.0355339704703	-0.00659071493381	0.0689484629835	-0.0316162317624	-0.00796999210929	0.00443060597483	-0.043315508803	0.0416120634524	-0.0722648663887	-0.0552273305466	0.0321190926241	-0.0735509080312	-0.0275079828627	-0.0649426036049	-0.0161291647165	-0.0641311532092	-0.0227231880766	0.0107898792863	0.0344410828472	0.0254227049939	-0.0406188943866	0.0462610378893	0.000717092787447	-0.00261265368501	-0.0308911428836	-0.0528037158559	0.007325401909	-0.0611811495194	-0.0400587988114
k__Bacteria;p__Bacteroidetes;c__Bacteroidia;o__Bacteroidales;f__Porphyromonadaceae;g__Barnesiella;s__Barnesiella_intestinihominis	-0.00147978098248	0.0854776017364	-0.0203282030503	0.0217849833621	-0.0636803357209	0.0293491945777	0.0134002609851	-0.0864122339393	0.0338733918818	-0.0330316780354	-0.0631456268491	-0.00751644167865	-0.112288219783	-0.0183680608666	0.0269031625141	0.131343333469	-0.143932721274	-0.0724212865745	1.0	-0.0599201766176	-0.0418817665597	0.0432688175412	0.0318153956928	-0.0951727306722	0.0034890146046	0.0183928846305	-0.0696981640046	-0.00614666943076	-0.00632749210478	0.056663557102	-0.0238934253849	-0.133920991446	-0.0461563235066	-0.0211981495739	-0.0179806092167	-0.102882046788	0.0221171376754	0.0151263059035	-0.0792863479615	-0.0656571105878	0.00315989902159	0.0737553908903	-0.0612451675583	-0.100647505228	-0.0186348868056	-0.151466292885	0.0888967693449	0.0983177329058	0.0317884105684	0.00318509653957	-0.102068439072	-0.155558752452	0.0468779691785	-0.149750977256	-0.0553828918776	-0.0429524655536	-0.00760516743911	0.0488396184366	0.0106473287189
k__Bacteria;p__Bacteroidetes;c__Bacteroidia;o__Bacteroidales;f__Odoribacteraceae;g__Odoribacter;s__Odoribacter_splanchnicus	0.021336326343	-0.158815016244	-0.156814312852	0.0542039143027	-0.048639704555	0.0552276949308	-0.0113253240926	-0.0859759820744	-0.0407597083712	-0.0129630555159	0.0173485881269	0.0187282765482	-0.118831552068	-0.148190363087	0.0876658990484	0.0823998143639	0.119782683366	-0.0768881497168	-0.0599201766176	1.0	0.0570121985481	-7.76829883039e-05	-0.0839344408864	-0.144631171229	-0.0973847489057	-0.124375868413	-0.0231585725726	0.00392221993326	-0.0219398677892	-0.109108289107	-0.0433824073728	-0.0849715890515	-0.0774527844131	-0.0436415424295	0.0697281922061	0.0584340012884	-0.13983362595	-0.0552989772204	0.0103123058601	0.010437671254	-0.0011046341319	-0.00650978251276	-0.166922218213	-0.0556656511436	-0.0752491465012	-0.0124727022036	0.0261166695264	-0.192392762755	-0.00378028161581	-0.0441694603097	-0.0853642828673	0.0523759658616	-0.0507680945545	0.00587216469364	-0.14379012834	0.0417791646825	0.0973000987825	-0.150398608534	-0.108154265045
k__Bacteria;p__Bacteroidetes;c__Bacteroidia;o__Bacteroidales;f__Bacteroidaceae;g__Bacteroides;s__Bacteroides_salyersiae	0.0170477491595	-0.103797601285	-0.0561811420594	0.00553338116201	-0.0314669829291	-0.0285759143519	-0.0786886529056	-0.0983488882095	-0.0610270623712	0.0743441956319	0.0878614367072	-0.0465223390357	0.0749431632798	-0.0656401893117	0.0734263650693	-0.0977636477342	-0.106854771335	0.0681309434995	-0.0418817665597	0.0570121985481	1.0	0.0259899224452	-0.0913951774907	-0.0165278754196	0.0649754893908	-0.0625291545802	-0.0824927594497	-0.0433747853289	0.0547791828781	-0.00177289282948	0.0316525859062	-0.0983391013371	0.0764789708347	-0.18530926375	-0.0709451456412	-0.0239471852485	0.0145847821965	-0.0543576530062	-0.161129904312	-0.0473419841116	-0.00794427615933	0.00203646896874	0.0124382403686	0.150761539055	0.0420877913055	0.0150727301048	-0.119369175905	-0.0353157685858	-0.105519179975	0.04091585446	0.0500264328346	-0.0119202662355	-0.0594602990781	-0.0791407791579	-0.115011057403	-0.0380527303377	0.0340315280136	-0.130906825958	-0.0140181769319
k__Bacteria;p__Firmicutes;c__Clostridia;o__Clostridiales;f__Ruminococcaceae;g__Ruminiclostridium;s__[Eubacterium]_siraeum	-0.0616422523872	-0.0610836526111	-0.0889322252582	0.0389715067755	0.00612715332928	-0.0625469115957	-0.14161405394	0.0660872670311	-0.0329259889742	0.0106755234256	-0.0981892343819	-0.0720604336574	0.0464845611253	-0.1303416061	0.125004406252	-0.0925739475563	0.0301441092736	-0.0754593103734	0.0432688175412	-7.76829883039e-05	0.0259899224452	1.0	-0.0833767423626	0.0687156698539	0.0449534744165	-0.0409867771772	-0.0320651596618	-0.0586698325573	-0.00313049040004	-0.118689187757	-0.00283138211	-0.120070631175	-0.091848158462	-0.124359339792	-0.0269569438606	0.0660372414704	-0.0168758310933	-0.023119656688	0.0228821288397	0.195469609669	-0.116590689356	-0.138831937248	0.0151545562674	-0.0171546264414	0.0138783032878	-0.00847074669264	0.0425657301552	0.146677447305	-0.0673730810874	-0.0238655762258	-0.0922013675693	-0.0908973302784	-0.0575376683843	-0.017733189882	-0.164779057784	0.00692732346507	0.0429440814801	-0.0507134538237	0.00689577708372
k__Bacteria;p__Proteobacteria;c__Betaproteobacteria;o__Burkholderiales;f__Sutterellaceae;g__Parasutterella;s__Parasutterella_excrementihominis	0.0440753682023	0.100551629084	-0.0549623987169	-0.0650643033275	0.0271658277491	-0.0574846524759	0.0139664729538	0.0172024947207	-0.0345353783278	-0.105508923163	-0.14930531286	0.00535124963421	0.00226993561333	0.0353733296694	-0.000625349258459	-0.0376085262463	0.00570857156169	-0.15760680315	0.0318153956928	-0.0839344408864	-0.0913951774907	-0.0833767423626	1.0	-0.00693611264839	-0.0428180347541	-0.0643155971	-0.00486112809556	-0.0438472165847	-0.00654109777999	0.0333723016745	0.11827297679	-0.0390261089607	-0.048019613858	0.094955273706	-0.00121205659655	-0.0316600740388	-0.191028772314	-0.00581209816022	-0.00714103949533	-0.0216861133434	0.0678527296931	-0.0404757219595	-0.0945461033549	-0.0569588533332	-0.0561744511862	-0.045795490693	0.029080302904	-0.0252482317548	-0.0857898076987	-0.0913849499116	0.0112072159678	0.0278503898289	0.0101152058965	-0.011743695421	0.0185497651777	-0.0171455169148	-0.0521093775818	-0.0400657307204	-0.0189841834098
k__Bacteria;p__Actinobacteria;c__Actinobacteria;o__Bifidobacteriales;f__Bifidobacteriaceae;g__Bifidobacterium;s__Bifidobacterium_adolescentis	-0.172230165126	-0.134562601443	-0.0529041314711	0.000212236025377	-0.106917152897	0.0151102943655	-0.112194212493	-0.0399860392557	-0.0194854193784	-0.0635990965667	-0.0571762346016	0.0103505766531	-0.0133123812066	-0.0136814792679	-0.0332803177336	0.0043577507359	-0.0551861493549	-0.0897669904447	-0.0951727306722	-0.144631171229	-0.0165278754196	0.0687156698539	-0.00693611264839	1.0	-0.0275662137959	0.0565956049114	0.0415812270513	0.0330928910069	0.0538284531297	-0.00792338663922	-0.0942490996565	0.0455890625439	-0.015756486177	-0.00518988036571	-0.0654948298993	0.00093267285686	0.135674492897	-0.0165661124432	-0.103158941415	-0.113135498744	-0.0215767993081	-0.0184174011889	-0.0222981403801	-0.0356708516065	-0.0230032637935	-0.0116923778696	0.00433618675631	0.083360494696	-0.039334571709	-0.0175288814537	0.0168916428046	0.0165378164196	0.00189091374489	-0.123324783979	0.006053906221	0.0363548034973	-0.0955291744275	-0.127446765912	0.0407235263609
k__Bacteria;p__Firmicutes;c__Clostridia;o__Clostridiales;f__Oscillospiraceae;g__Oscillibacter;s__Oscillibacter_sp._KLE_1745	-0.0619352575035	-0.0130112733095	-0.0261012478566	-0.139168862611	-0.00686354951261	0.0827903775159	-0.0705737042315	-0.187285792802	0.0415630758534	0.0225753796155	-0.0129943852311	-0.0380839982294	-0.119520171631	-0.000557303668444	-0.0342044221088	0.00416466231735	-0.0308539698376	0.049922017891	0.0034890146046	-0.0973847489057	0.0649754893908	0.0449534744165	-0.0428180347541	-0.0275662137959	1.0	0.0253571365716	-0.224354358434	-0.0468037632703	-0.0213590695449	-0.0799516659154	-0.0505196510635	-0.0448512716343	0.00183158045259	-0.0624272128858	-0.0849822657443	-0.0031859079731	-0.0583691349767	-0.0245548202157	0.0232102129887	0.0105352114393	0.102083289858	-0.0834594890666	0.0675968301892	-0.0674983965258	-0.0793267823033	-0.0778542684363	-0.100858125216	0.00435325910043	-0.12973240019	0.0480954759244	-0.00459937196131	-0.0586264531165	0.0238902453068	-0.0664076091592	-0.0294170323974	-0.0106274146931	-0.184114698674	-0.0368111102871	0.0678288034756
k__Bacteria;p__Bacteroidetes;c__Bacteroidia;o__Bacteroidales;f__Bacteroidaceae;g__Bacteroides;s__Bacteroides_coprophilus	-0.0945933137692	0.0254540900798	-0.00355805940584	-0.137508282371	0.0437090951438	-0.0627489649686	0.0397820907948	0.00693010229592	0.0149573893281	0.0237607148602	-0.0811407343804	-0.0477812613711	0.00540729464822	-0.0339136164895	-0.0657560741133	0.0226110695701	-0.0224813687186	-0.192387792753	0.0183928846305	-0.124375868413	-0.0625291545802	-0.0409867771772	-0.0643155971	0.0565956049114	0.0253571365716	1.0	-0.0756528625793	-0.0303473060767	-0.12145231765	-0.0123299742367	-0.0651450154598	-0.037039569301	0.118240589682	-0.117549908485	-0.14046809912	-0.107370558781	-0.0486099702521	0.0504495795016	-0.112544008162	0.031180195516	-0.0991934612829	0.0283054337777	0.0474637262278	-0.107511370014	-0.0288484016998	-0.0266503760589	0.00973129265896	-0.0571091085058	-0.0450580330821	0.0272232873148	0.0322739831689	-0.0545061057118	-0.053641389042	0.0222961302549	-0.12096270423	-0.0883390788139	-0.0613172183174	-0.0337155540644	-0.059316634655
k__Bacteria;p__Firmicutes;c__Clostridia;o__Clostridiales;f__Lachnospiraceae;g__Roseburia;s__Roseburia_intestinalis	0.0620477933768	-0.0701672119389	-0.08622546298	-0.0269771385276	0.0280810195999	0.0531071927538	0.0252155248654	0.0420910892887	-0.115670483248	-0.124545285057	-0.0840073564571	0.0395020785055	0.00988891502846	-0.0666885763905	-0.116197521524	0.0424044595801	-0.112521030824	-0.0213040373674	-0.0696981640046	-0.0231585725726	-0.0824927594497	-0.0320651596618	-0.00486112809556	0.0415812270513	-0.224354358434	-0.0756528625793	1.0	-0.0366129701436	-0.148257831951	-0.0119794275912	-0.0558283851201	-0.0127519680909	-0.0484092213435	-0.0367827403878	0.0245274207147	-0.15075311837	-0.120978714652	-0.0164246839608	0.0206053611491	-0.0636421031395	-0.123225611032	0.0656370080857	-0.0917960325956	0.0677624027128	-0.0321455935633	-0.0347384025761	0.068625280164	-0.0239462519708	-0.0132011991448	0.00594347790324	-0.0840238743741	-0.127831903547	-0.160212829505	0.0104161904027	0.000606492933201	0.0604238009942	-0.0596461863932	0.0137381267178	0.0153555584418
k__Bacteria;p__Firmicutes;c__Clostridia;o__Clostridiales;f__Lachnospiraceae;g__Roseburia;s__Roseburia_hominis	-0.0239933625311	-0.0751190726354	0.0844020489337	0.0106856733119	-0.12942745828	-0.0330484204454	-0.100303578423	-0.0407924446416	0.0161110294234	-0.0133104857869	-0.0392521052152	-0.0720924905805	-0.0222169543218	0.00225798427425	-0.0408121058957	-0.0304241934714	-0.04432832586	0.0104020819685	-0.00614666943076	0.00392221993326	-0.0433747853289	-0.0586698325573	-0.0438472165847	0.0330928910069	-0.0468037632703	-0.0303473060767	-0.0366129701436	1.0	-0.0390336321553	-0.000637356440135	0.0667225737653	-0.034404086551	0.106324885912	-0.00669714266298	0.0435150607801	-0.138932077114	-0.0781456774451	0.0718028262563	-0.0574072744333	-0.101288455009	-0.0732352445024	-0.0203255648491	-0.0406379523999	-0.033322294046	-0.157514967464	-0.0260497245984	-0.0260783174429	0.0369780469599	-0.0465827716079	-0.0548125548592	-0.107300149319	0.0164557442151	-0.0066269062486	-0.0857625696731	-0.133112838969	0.0013391435386	0.0167902166451	-0.107324804239	-0.0129578834572
k__Bacteria;p__Bacteroidetes;c__Bacteroidia;o__Bacteroidales;f__Porphyromonadaceae;g__Parabacteroides;s__Parabacteroides_johnsonii	-0.0633141515762	0.0747143573167	0.00205826138674	-0.103613610498	-0.00946890694246	-0.0770717688859	-0.155397122764	-0.0226660607485	-0.0447451494785	-0.0311416228523	-0.0644594192478	0.0204719465893	-0.146708721767	0.00915088797059	-0.0197651736327	0.0263203588414	0.06550217303	-0.0763658309632	-0.00632749210478	-0.0219398677892	0.0547791828781	-0.00313049040004	-0.00654109777999	0.0538284531297	-0.0213590695449	-0.12145231765	-0.148257831951	-0.0390336321553	1.0	-0.190073621674	-0.0579223982232	0.0273665557452	-0.1234538934	0.0494924330479	-0.0233916207027	-0.00158991908353	0.139211456743	-0.0310021569541	-0.0498429455897	-0.0824853707466	-0.105428865777	-0.0559344456608	-0.0427182261664	0.0716797835594	-0.0308047004256	-0.0835610051718	0.0096898574897	-0.0813702452871	-0.0425835317694	-0.076331418025	-0.154045715785	-0.0250494662668	0.0953896382847	-0.0334762036002	0.131833364226	-0.148534679818	-0.0105636738224	-0.080517498106	-0.18169948265
k__Bacteria;p__Actinobacteria;c__Actinobacteria;o__Bifidobacteriales;f__Bifidobacteriaceae;g__Bifidobacterium;s__Bifidobacterium_longum	-0.054610466734	0.0168868921766	0.0876662055393	0.0124418490155	0.0312495545027	-0.0510759974289	-0.0332369480781	0.16660849096	0.0295536999645	-0.0360705081738	0.0325247230992	-0.0351250899461	0.030573048872	-0.115678715908	-0.0206840873233	-0.0258086284102	-0.0208847165878	-0.0448409401657	0.056663557102	-0.109108289107	-0.00177289282948	-0.118689187757	0.0333723016745	-0.00792338663922	-0.0799516659154	-0.0123299742367	-0.0119794275912	-0.000637356440135	-0.190073621674	1.0	-0.0117038948327	-0.0798378016747	-0.0952377173013	-0.117645183227	-0.0652023740544	-0.024985155517	-0.00259255089813	0.0722400554728	-0.0974298049662	-0.0882179593845	-0.00360523358811	-0.0716469697761	-0.0633034854038	0.0756067332445	-0.0102469581517	-0.00970487186514	0.0855104697009	-0.00529989200091	-0.0262027552686	0.0710552968145	0.0568701840137	0.00361820645586	-0.0146829536516	-0.104421106823	-0.0145222646638	0.0088371792944	-0.0751508880579	-0.0916836826375	0.0154151989795
