#taxonomy	k__Bacteria;p__Bacteroidetes;c__Bacteroidia;o__Bacteroidales;f__Bacteroidaceae;g__Bacteroides;s__Bacteroides_vulgatus	k__Bacteria;p__Bacteroidetes;c__Bacteroidia;o__Bacteroidales;f__Bacteroidaceae;g__Bacteroides;s__Bacteroides_uniformis	k__Bacteria;p__Bacteroidetes;c__Bacteroidia;o__Bacteroidales;f__Rikenellaceae;g__Alistipes;s__Alistipes_putredinis	k__Bacteria;p__Bacteroidetes;c__Bacteroidia;o__Bacteroidales;f__Prevotellaceae;g__Prevotella;s__Prevotella_copri	k__Bacteria;p__Bacteroidetes;c__Bacteroidia;o__Bacteroidales;f__Bacteroidaceae;g__Bacteroides;s__Bacteroides_stercoris	k__Bacteria;p__Bacteroidetes;c__Bacteroidia;o__Bacteroidales;f__Bacteroidaceae;g__Bacteroides;s__Bacteroides_ovatus	k__Bacteria;p__Bacteroidetes;c__Bacteroidia;o__Bacteroidales;f__Rikenellaceae;g__Alistipes;s__Alistipes_shahii	k__Bacteria;p__Firmicutes;c__Clostridia;o__Clostridiales;f__Ruminococcaceae;g__Faecalibacterium;s__Faecalibacterium_prausnitzii	k__Bacteria;p__Bacteroidetes;c__Bacteroidia;o__Bacteroidales;f__Rikenellaceae;g__Alistipes;s__Alistipes_finegoldii	k__Bacteria;p__Bacteroidetes;c__Bacteroidia;o__Bacteroidales;f__Porphyromonadaceae;g__Parabacteroides;s__Parabacteroides_distasonis	k__Bacteria;p__Bacteroidetes;c__Bacteroidia;o__Bacteroidales;f__Bacteroidaceae;g__Bacteroides;s__Bacteroides_thetaiotaomicron	k__Bacteria;p__Bacteroidetes;c__Bacteroidia;o__Bacteroidales;f__Bacteroidaceae;g__Bacteroides;s__Bacteroides_coprocola	k__Bacteria;p__Bacteroidetes;c__Bacteroidia;o__Bacteroidales;f__Bacteroidaceae;g__Bacteroides;s__Bacteroides_cellulosilyticus	k__Bacteria;p__Bacteroidetes;c__Bacteroidia;o__Bacteroidales;f__Rikenellaceae;g__Alistipes;s__Alistipes_obesi	k__Bacteria;p__Firmicutes;c__Clostridia;o__Clostridiales;f__Lachnospiraceae;g__;s__[Eubacterium]_rectale	k__Bacteria;p__Bacteroidetes;c__Bacteroidia;o__Bacteroidales;f__Bacteroidaceae;g__Bacteroides;s__Bacteroides_plebeius	k__Bacteria;p__Bacteroidetes;c__Bacteroidia;o__Bacteroidales;f__Bacteroidaceae;g__Bacteroides;s__Bacteroides_fragilis	k__Bacteria;p__Proteobacteria;c__Betaproteobacteria;o__Burkholderiales;f__Sutterellaceae;g__Sutterella;s__Sutterella_wadsworthensis	k__Bacteria;p__Bacteroidetes;c__Bacteroidia;o__Bacteroidales;f__Porphyromonadaceae;g__Barnesiella;s__Barnesiella_intestinihominis	k__Bacteria;p__Bacteroidetes;c__Bacteroidia;o__Bacteroidales;f__Odoribacteraceae;g__Odoribacter;s__Odoribacter_splanchnicus	k__Bacteria;p__Bacteroidetes;c__Bacteroidia;o__Bacteroidales;f__Bacteroidaceae;g__Bacteroides;s__Bacteroides_salyersiae	k__Bacteria;p__Firmicutes;c__Clostridia;o__Clostridiales;f__Ruminococcaceae;g__Ruminiclostridium;s__[Eubacterium]_siraeum	k__Bacteria;p__Proteobacteria;c__Betaproteobacteria;o__Burkholderiales;f__Sutterellaceae;g__Parasutterella;s__Parasutterella_excrementihominis	k__Bacteria;p__Actinobacteria;c__Actinobacteria;o__Bifidobacteriales;f__Bifidobacteriaceae;g__Bifidobacterium;s__Bifidobacterium_adolescentis	k__Bacteria;p__Firmicutes;c__Clostridia;o__Clostridiales;f__Oscillospiraceae;g__Oscillibacter;s__Oscillibacter_sp._KLE_1745	k__Bacteria;p__Bacteroidetes;c__Bacteroidia;o__Bacteroidales;f__Bacteroidaceae;g__Bacteroides;s__Bacteroides_coprophilus	k__Bacteria;p__Firmicutes;c__Clostridia;o__Clostridiales;f__Lachnospiraceae;g__Roseburia;s__Roseburia_intestinalis	k__Bacteria;p__Firmicutes;c__Clostridia;o__Clostridiales;f__Lachnospiraceae;g__Roseburia;s__Roseburia_hominis	k__Bacteria;p__Bacteroidetes;c__Bacteroidia;o__Bacteroidales;f__Porphyromonadaceae;g__Parabacteroides;s__Parabacteroides_johnsonii	k__Bacteria;p__Actinobacteria;c__Actinobacteria;o__Bifidobacteriales;f__Bifidobacteriaceae;g__Bifidobacterium;s__Bifidobacterium_longum	k__Bacteria;p__Firmicutes;c__Clostridia;o__Clostridiales;f__;g__Flavonifractor;s__Flavonifractor_plautii	k__Bacteria;p__Firmicutes;c__Clostridia;o__Clostridiales;f__Clostridiaceae;g__Clostridium;s__Clostridium_phoceensis	k__Bacteria;p__Verrucomicrobia;c__Verrucomicrobiae;o__Verrucomicrobiales;f__Akkermansiaceae;g__Akkermansia;s__Akkermansia_muciniphila	k__Bacteria;p__Bacteroidetes;c__Bacteroidia;o__Bacteroidales;f__Prevotellaceae;g__Paraprevotella;s__Paraprevotella_xylaniphila	k__Bacteria;p__Firmicutes;c__Clostridia;o__Clostridiales;f__Ruminococcaceae;g__Ruminococcus;s__Ruminococcus_callidus	k__Bacteria;p__Bacteroidetes;c__Bacteroidia;o__Bacteroidales;f__Rikenellaceae;g__Alistipes;s__Alistipes_senegalensis	k__Bacteria;p__Firmicutes;c__Clostridia;o__Clostridiales;f__Lachnospiraceae;g__Blautia;s__Blautia_sp._KLE_1732	k__Bacteria;p__Bacteroidetes;c__Bacteroidia;o__Bacteroidales;f__Bacteroidaceae;g__Bacteroides;s__Bacteroides_oleiciplenus	k__Bacteria;p__Firmicutes;c__Clostridia;o__Clostridiales;f__Ruminococcaceae;g__Ruminococcus;s__Ruminococcus_bicirculans	k__Bacteria;p__Bacteroidetes;c__Bacteroidia;o__Bacteroidales;f__Bacteroidaceae;g__Bacteroides;s__Bacteroides_fluxus	k__Bacteria;p__Bacteroidetes;c__Bacteroidia;o__Bacteroidales;f__Prevotellaceae;g__Prevotella;s__Prevotella_stercorea	k__Bacteria;p__Firmicutes;c__Clostridia;o__Clostridiales;f__Lachnospiraceae;g__Dorea;s__Dorea_longicatena	k__Bacteria;p__Firmicutes;c__Clostridia;o__Clostridiales;f__Eubacteriaceae;g__Eubacterium;s__[Eubacterium]_eligens	k__Bacteria;p__Firmicutes;c__Clostridia;o__Clostridiales;f__Ruminococcaceae;g__;s__Ruminococcaceae_bacterium_D16	k__Bacteria;p__Firmicutes;c__Clostridia;o__Clostridiales;f__Lachnospiraceae;g__Coprococcus;s__Coprococcus_comes	k__Bacteria;p__Proteobacteria;c__Gammaproteobacteria;o__Enterobacterales;f__Enterobacteriaceae;g__Escherichia;s__Escherichia_coli	k__Bacteria;p__Firmicutes;c__Clostridia;o__Clostridiales;f__Ruminococcaceae;g__Anaerotruncus;s__Anaerotruncus_colihominis	k__Bacteria;p__Firmicutes;c__Clostridia;o__Clostridiales;f__Lachnospiraceae;g__Blautia;s__Blautia_obeum	k__Bacteria;p__Bacteroidetes;c__Bacteroidia;o__Bacteroidales;f__Odoribacteraceae;g__Odoribacter;s__Odoribacter_laneus	k__Bacteria;p__Firmicutes;c__Clostridia;o__Clostridiales;f__Ruminococcaceae;g__Ruminiclostridium;s__[Clostridium]_leptum	k__Bacteria;p__Bacteroidetes;c__Bacteroidia;o__Bacteroidales;f__Porphyromonadaceae;g__Parabacteroides;s__Parabacteroides_goldsteinii	k__Bacteria;p__Firmicutes;c__Clostridia;o__Clostridiales;f__Lachnospiraceae;g__Anaerostipes;s__Anaerostipes_hadrus	k__Bacteria;p__Firmicutes;c__Clostridia;o__Clostridiales;f__Ruminococcaceae;g__Ruminococcus;s__Ruminococcus_lactaris	k__Bacteria;p__Firmicutes;c__Clostridia;o__Clostridiales;f__Clostridiaceae;g__Clostridium;s__Clostridium_sp._L2-50	k__Bacteria;p__Firmicutes;c__Clostridia;o__Clostridiales;f__Clostridiaceae;g__Clostridium;s__Clostridium_sp._M62/1	k__Bacteria;p__Firmicutes;c__Clostridia;o__Clostridiales;f__;g__Intestinimonas;s__Intestinimonas_butyriciproducens	k__Bacteria;p__Actinobacteria;c__Actinobacteria;o__Bifidobacteriales;f__Bifidobacteriaceae;g__Bifidobacterium;s__Bifidobacterium_bifidum	k__Bacteria;p__Firmicutes;c__Negativicutes;o__Veillonellales;f__Veillonellaceae;g__Dialister;s__Dialister_invisus	k__Bacteria;p__Bacteroidetes;c__Bacteroidia;o__Bacteroidales;f__Bacteroidaceae;g__Bacteroides;s__Bacteroides_salanitronis
k__Bacteria;p__Bacteroidetes;c__Bacteroidia;o__Bacteroidales;f__Bacteroidaceae;g__Bacteroides;s__Bacteroides_vulgatus	1.0	-0.036390837188	0.145061676276	-0.0315243622063	0.117853132222	-0.0157434432906	0.0227102826779	-0.0479538569319	0.0154848152079	-0.0607062410593	-0.105220764104	-0.0934556436304	0.056660678953	-0.0129154089569	0.0659306949756	0.0239660962235	-0.0955860857612	-0.0893294359169	-0.15652838691	-0.106000302831	-0.109282113777	-0.0204030102412	0.00112711129091	0.0376777155242	-0.132899782543	0.0931636944657	-0.0146506187937	-0.0661022783537	-0.0639984695999	0.143030575665	-0.0456918805865	-0.0418585592048	-0.0887235371693	-0.0570381249369	-0.130712051069	-0.0646716809082	0.0122831721106	0.0221369427659	0.0847523718117	-0.0453347524032	-0.0345288289878	-0.0395485957456	-0.0233156564378	-0.0295356533496	-0.0989441490394	0.014199933225	-0.0527100952611	-0.00880197458518	0.014370168866	0.0236226301649	-0.0227365027245	-0.0525195724424	0.0404043838755	-0.113810608014	0.0261671980026	-0.0876181213042	0.0287997989866	-0.117692278717	-0.0390372103332
k__Bacteria;p__Bacteroidetes;c__Bacteroidia;o__Bacteroidales;f__Bacteroidaceae;g__Bacteroides;s__Bacteroides_uniformis	-0.036390837188	1.0	0.011190719147	-0.0571804827944	-0.0213898487603	-0.0757054397378	0.0200212420081	-0.0657679728544	-0.0919046539552	-0.0788017181002	-0.00852935259001	-0.0418862814798	0.0458004108266	-0.0735084966639	0.092643081111	-0.0211263389118	-0.0218464856892	-0.093203563522	-0.0367199621803	-0.0367407703836	0.039169078973	0.00477636005432	-0.0113512662669	-0.140207614582	-0.0853716535492	-0.115537237854	0.0834100705904	0.0708304819332	-0.00904039758355	0.0324375549646	-0.0619511723332	-0.000524121228439	-0.00747110914245	0.0177344041314	0.0153591202037	0.0429332847433	-0.0887849350396	0.0484485992561	-0.0915181253633	-0.0451469484356	-0.0778996893544	-0.0665925129932	0.0632111980275	-0.0992809466049	0.034070124426	-0.0538703020125	-0.0420059682066	0.0852206307104	0.0333467164796	-0.0267631057784	0.058515878336	0.0494372737283	-0.0933754491408	-0.0818407464829	-0.0328083920003	0.0199301045421	-0.0799513372701	0.0231069629267	0.0139793427971
k__Bacteria;p__Bacteroidetes;c__Bacteroidia;o__Bacteroidales;f__Rikenellaceae;g__Alistipes;s__Alistipes_putredinis	0.145061676276	0.011190719147	1.0	0.00499963948263	-0.0780761531263	-0.00016310438642	0.0515323540957	-0.110860768442	-0.127754241636	-0.027756692036	0.0255068672603	-0.109532374373	-0.0481493194967	-0.0380122843333	-0.107687729351	-0.133235721793	-0.0515994594545	0.0382590926546	-0.108691312552	0.0150802199155	-0.0793050754244	-0.130325583801	-0.109167609798	-0.165588386619	0.0109813959972	0.0251957705317	-0.0877294739289	-0.116504720603	-0.161709971181	-0.0481329822865	-0.141829861119	-0.02286845459	0.0405019076731	-0.0632786291529	0.0112553436507	-0.00564386587753	-0.0776289580628	0.0593775493474	-0.067617089965	-0.0187741548642	0.117764323674	0.016867328944	0.0180456824126	0.0345330176727	-0.019405239545	-0.0435733905886	0.0494668866754	0.0418724440071	-0.0254009065641	-0.178652850274	0.0279334752249	0.0469885425581	-0.0168743273305	0.0374493670921	-0.0729143931635	0.080157497715	-0.0904957967455	0.0181420367666	-0.0852038121098
k__Bacteria;p__Bacteroidetes;c__Bacteroidia;o__Bacteroidales;f__Prevotellaceae;g__Prevotella;s__Prevotella_copri	-0.0315243622063	-0.0571804827944	0.00499963948263	1.0	-0.00464594840837	-0.123519466204	-0.0564850960454	-0.0190764854473	-0.132283954901	0.069848411959	-0.0523085957508	0.0153303174783	0.0119787846267	0.0711128719331	-0.0282968009971	-0.0777431596432	-0.0236110271897	-0.0679634912309	0.00896049576151	0.0319608104853	0.00953331745562	-0.105773282936	0.131539338902	-0.0172654670555	-0.0372303803284	-0.0764876030089	-0.0291151286953	-0.0734573391915	-0.044513464304	-0.0802531484381	0.00140629790886	-0.0805718888762	0.0462943553624	-0.0261713516887	0.0596728004222	0.00210438423733	-0.044976633886	-0.0397110655191	-0.0405306511335	-0.0250522293954	-0.0545859200313	0.00911208583436	-0.0891898868012	-0.0202285913689	-0.0429349628886	-0.105375548797	-0.00050677554542	-0.135748759909	-0.0961577438384	-0.174691308493	-0.0690789976108	0.00830837599506	-0.0513638120052	0.0451043226923	0.0753105016871	-0.0163603938549	-0.0129885652636	0.0113902216836	-0.114770944842
k__Bacteria;p__Bacteroidetes;c__Bacteroidia;o__Bacteroidales;f__Bacteroidaceae;g__Bacteroides;s__Bacteroides_stercoris	0.117853132222	-0.0213898487603	-0.0780761531263	-0.00464594840837	1.0	-0.0113956001898	0.0400396324932	-0.0986705458729	0.00591951783179	0.012103672166	-0.119824035115	-0.0467808450744	-0.165428150481	0.0177452205928	0.0271956937618	-0.0248205122945	-0.0615113730375	0.0929662204488	-0.0404817931669	-0.165459229854	-0.0904461364881	-0.168284655925	0.0273203993257	0.0181282170081	-0.103420543466	-0.00979326185979	-0.0405104184001	-0.0593758025775	0.0791567735155	0.0028661855906	-0.128098319104	0.0997805313591	-0.0532191353426	-0.11707391817	-0.0537060870912	-0.0524054420296	0.0666673556394	0.040628569666	-0.0150954649594	0.0286810378139	0.0260677462894	-0.0421315358156	-0.141244746612	-0.140398172388	0.129248320775	-0.0647137293217	0.0255994447882	-0.126032034941	0.0236531878853	0.0588197514036	-0.0917528329202	-0.070965466852	-0.0752003375989	-0.143126746425	0.0858139911442	-0.0243173035466	-0.0515213735116	-0.0104086876406	-0.0331312650634
k__Bacteria;p__Bacteroidetes;c__Bacteroidia;o__Bacteroidales;f__Bacteroidaceae;g__Bacteroides;s__Bacteroides_ovatus	-0.0157434432906	-0.0757054397378	-0.00016310438642	-0.123519466204	-0.0113956001898	1.0	-0.117731826777	-0.0666548143172	-0.0951269511261	-0.0229452610246	-0.0996091727976	-0.0338453681363	-0.0598479451634	-0.0419955319644	-0.0360821133522	0.00592035623642	-0.0236513318967	-0.0475519653409	-0.0950692996507	-0.131788917921	0.0307210358474	0.0660362114896	-0.0324845994391	-0.0577448998326	-0.0456775831397	-0.00183891764495	0.00910971090036	-0.00528843008208	0.120746902039	0.0104253366877	-0.10867488409	-0.025463303175	0.00125414775835	0.0639398362473	0.0495791538876	-0.0157177274132	-0.00563843536592	0.00375097102496	-0.0152848148496	0.0504742238264	-0.118777250516	-0.0424413425185	-0.0267752620068	0.0108395224796	-0.0421447980965	0.0855585115305	0.0507824004367	-0.124079767214	0.0910740373387	0.0814420514068	-0.0170065894698	-0.0714516810185	0.0319382927288	-0.0880129075227	-0.07588449549	-0.0619600936312	-0.0435428138992	-0.0369991954339	-0.0346367961507
k__Bacteria;p__Bacteroidetes;c__Bacteroidia;o__Bacteroidales;f__Rikenellaceae;g__Alistipes;s__Alistipes_shahii	0.0227102826779	0.0200212420081	0.0515323540957	-0.0564850960454	0.0400396324932	-0.117731826777	1.0	0.0194389007012	0.00754420244508	-0.0958983332426	-0.0868097615563	0.0140311788185	0.0802447561996	0.0490956774634	-0.0230109574054	-0.132095428519	0.0389602523322	-0.0630270564383	-0.0875294251094	-0.00751023339399	-0.0713295423921	-0.0283853506839	-0.0734895094412	-0.279935033644	-0.0480959298224	-0.026443371763	-0.0866377355791	0.0681501749648	-0.0201501971416	-0.0437678547295	0.0748395606752	-0.0105947475029	-0.0678793159169	-0.00915224394695	-0.0250797125598	0.0887654005713	-0.091108497059	0.0405962735609	0.0195745103985	0.0127962228158	-0.0265690048148	-0.0567757722727	-0.0468550365559	-0.0906726992898	0.0253522199141	-0.054223473065	0.0400757731906	-0.120485856175	-0.0205975283927	0.0200122567826	-0.0425422541206	-0.0209320466549	-0.0675439977606	0.00961019693232	-0.0232797678205	-0.0292417730859	-0.189593037684	-0.072067603912	-0.0743224556451
k__Bacteria;p__Firmicutes;c__Clostridia;o__Clostridiales;f__Ruminococcaceae;g__Faecalibacterium;s__Faecalibacterium_prausnitzii	-0.0479538569319	-0.0657679728544	-0.110860768442	-0.0190764854473	-0.0986705458729	-0.0666548143172	0.0194389007012	1.0	-0.0644940656951	0.0274639649826	-0.00413740225958	-0.0144398289327	0.0122738787032	-0.0531337124041	0.0513012028659	0.0202258887255	0.0248186639402	-0.00902376103733	-0.119380204764	-0.0367728437054	0.00102831156339	0.0133717306944	-0.198059842298	-0.015705042405	-0.000833033237394	-0.146861897774	-0.0186475125136	-0.0583169089631	-0.173106339148	-0.0651555015014	0.0469118171565	-0.0442397055547	0.0165517104335	0.0767863298383	-0.0999135692555	-0.0912941155999	-0.0541555066916	0.0360110178108	0.0694894527095	-0.044065751278	-0.0759070321296	-0.050184739155	-0.156452497099	-0.10913996784	0.128776030545	-0.0254777827776	-0.0876513402313	-0.10313872787	-0.0662540655652	0.0964124517782	-0.119192427751	0.0892315323242	-0.0267216034889	0.0303577103772	-0.0452230681409	0.037932803588	0.091338833129	-0.0571612787919	-0.0698719434434
k__Bacteria;p__Bacteroidetes;c__Bacteroidia;o__Bacteroidales;f__Rikenellaceae;g__Alistipes;s__Alistipes_finegoldii	0.0154848152079	-0.0919046539552	-0.127754241636	-0.132283954901	0.00591951783179	-0.0951269511261	0.00754420244508	-0.0644940656951	1.0	-0.0644774700184	-0.139103928971	-0.0708356569587	0.0280296849202	-0.136266762876	0.0509285315417	-0.0937763086175	0.128357460213	-0.0939082227381	0.0126545705962	-0.0849083905274	-0.0504358387782	0.0426197691487	-0.0639902824711	-0.050293237599	0.000641979504863	-0.0156726658203	0.074103014314	-0.136191129527	-0.12682835385	-0.0148688521616	-0.0430532608252	-0.118903054982	-0.057076303542	0.0181641671725	-0.206207868605	0.0460360245592	0.0962182726397	-0.0471711113942	-0.0896976841189	0.113784299167	-0.0107450645875	-0.115736773806	-0.0963045875821	0.013301393827	-0.0999527090531	-0.0503547262053	-0.167365855855	-0.061237606598	0.0519913140321	-0.0582918476531	-0.0415273201641	0.0207924885088	-0.0387437625395	-0.0629000042367	-0.0130372746527	-0.0191362351609	0.0603732354408	-0.026595886645	0.10522523599
k__Bacteria;p__Bacteroidetes;c__Bacteroidia;o__Bacteroidales;f__Porphyromonadaceae;g__Parabacteroides;s__Parabacteroides_distasonis	-0.0607062410593	-0.0788017181002	-0.027756692036	0.069848411959	0.012103672166	-0.0229452610246	-0.0958983332426	0.0274639649826	-0.0644774700184	1.0	0.0256887714493	-0.101522249346	-0.0905529510878	-0.0671796331634	0.0560438968643	-0.099899961084	-0.126786273225	-0.0368146120427	0.0657577481811	-0.09250297407	0.0312082627682	-0.0474672953063	0.0151853097968	0.0274977534425	0.0761623950636	-0.00100437546107	0.0093110476918	-0.0362122717553	0.0606364112602	-0.103478408029	-0.0867792889084	0.00718239429888	-0.00868776325007	-0.102814457305	0.14935636351	-0.01866948925	-0.0326983010362	-0.0158223039012	0.0209184189454	-0.033533193136	-0.0833401315962	0.0671577517956	0.0500501036394	0.0136308627666	-0.108465871182	-0.0929343092986	0.0825427197869	0.0240309396269	0.0803721251964	-0.00910667458426	-0.02287006758	-0.0877403918526	-0.0121685248763	-0.0447572625728	0.0307991854206	-0.131741262294	0.0710536554599	-0.00502873815702	-0.00688670300496
k__Bacteria;p__Bacteroidetes;c__Bacteroidia;o__Bacteroidales;f__Bacteroidaceae;g__Bacteroides;s__Bacteroides_thetaiotaomicron	-0.105220764104	-0.00852935259001	0.0255068672603	-0.0523085957508	-0.119824035115	-0.0996091727976	-0.0868097615563	-0.00413740225958	-0.139103928971	0.0256887714493	1.0	-0.0689666090964	-0.0787815095384	0.0483672441976	-0.0158759656641	0.0313553178808	0.173435503628	-0.115631202093	-0.030142186522	0.0619766601896	0.0806309122296	-0.0968591251747	-0.0376201246548	-0.00762816677853	-0.0992739577712	0.0573143188529	-0.121091309377	-0.101380478186	0.0081023404134	-0.0563517070287	0.0355743866878	-0.0520756074693	0.178906879657	-0.0841460567591	0.0306657507202	-0.113276247744	-0.0934954460777	-0.185804430893	0.00128244622783	-0.13507505978	0.0104594607911	0.0522156544781	0.0585092757579	0.0832208698434	-0.16272419629	-0.00931917663334	0.0414868366207	-0.0376808679202	0.0370645073315	-0.167102921861	0.0194923879815	0.128515943892	0.0164062364849	-0.10316612252	-0.0215505164162	-0.115337666259	0.022020332923	-0.0589276306917	-0.0655527387443
k__Bacteria;p__Bacteroidetes;c__Bacteroidia;o__Bacteroidales;f__Bacteroidaceae;g__Bacteroides;s__Bacteroides_coprocola	-0.0934556436304	-0.0418862814798	-0.109532374373	0.0153303174783	-0.0467808450744	-0.0338453681363	0.0140311788185	-0.0144398289327	-0.0708356569587	-0.101522249346	-0.0689666090964	1.0	-0.0577012210165	-0.0666886334794	-0.0401856691452	0.00704600318965	0.127142520283	0.000839087257212	-0.036627767331	-0.00674476569074	-0.101002541239	-0.00204136774509	-0.0408604603282	-0.024620095788	0.0548186506595	-0.016019340704	0.0920950447777	-0.0830233835058	0.0118022700582	0.036734041298	-0.0557533223159	0.103599767842	0.0458876936817	0.0047285426955	-0.018879598674	-0.0806391007083	0.018402687527	0.0591340261868	-0.0642622516428	0.0125940478722	-0.0272819887743	-0.0752962877237	0.0622683307764	0.0373530833069	-0.00288564532601	0.0757392773511	-0.132101744123	-0.114258854352	-0.0519397442635	-0.0831748537294	-0.0539228293892	-0.111115059356	0.0988145710212	-0.0241437465495	-0.0405535815853	0.0690210957765	-0.0272643752751	0.0192112768175	-0.0564870309667
k__Bacteria;p__Bacteroidetes;c__Bacteroidia;o__Bacteroidales;f__Bacteroidaceae;g__Bacteroides;s__Bacteroides_cellulosilyticus	0.056660678953	0.0458004108266	-0.0481493194967	0.0119787846267	-0.165428150481	-0.0598479451634	0.0802447561996	0.0122738787032	0.0280296849202	-0.0905529510878	-0.0787815095384	-0.0577012210165	1.0	0.0201383291513	-0.115905822901	0.0340396190211	0.0450642418064	-0.0631419737049	-0.0554756546198	-0.0118300834614	-0.00717012067448	-0.0653866694226	-0.0856799187379	-0.0487231557663	-0.13024704184	-0.0969368229428	-0.0322186212482	-0.0633514917532	0.0616265779917	-0.00993099790018	-0.0204761642288	-0.0727122072717	-0.056928259102	0.0144778297293	0.0105255713843	-0.0759007968831	-0.0759705687438	-0.0653253037256	0.127145785737	-0.0714875314265	-0.0860369338151	-0.0701377782381	0.0420622229869	-0.0315509474815	-0.0177522298867	-0.047433103233	-0.0834273330284	-0.160733354061	0.0238689664872	-0.0494309324696	-0.0498485972112	0.0583748357203	-0.12593875836	0.0334254632174	-0.026596510468	-0.0824154622194	-0.0236231945632	-0.141767855308	-0.0561457565851
k__Bacteria;p__Bacteroidetes;c__Bacteroidia;o__Bacteroidales;f__Rikenellaceae;g__Alistipes;s__Alistipes_obesi	-0.0129154089569	-0.0735084966639	-0.0380122843333	0.0711128719331	0.0177452205928	-0.0419955319644	0.0490956774634	-0.0531337124041	-0.136266762876	-0.0671796331634	0.0483672441976	-0.0666886334794	0.0201383291513	1.0	0.0127867946186	0.102726333912	0.046625414553	0.0227785350169	-0.0851170531423	-0.102504310008	-0.0564238854149	0.019548761007	-0.038084116336	-0.0668948423115	-0.0510193880361	0.0407268375613	-0.196231062565	-0.0750879260676	-0.0388034355441	-0.0723578880711	-0.0154759515972	0.0381230924424	0.0357020220221	-0.0890899119732	0.000928529595709	0.0358422419103	-0.0277970697753	-0.0665758190304	-0.0212247582649	-0.111989532542	-0.0636394214973	0.0316538610895	-0.0714472920275	-0.0279948776449	-0.0576595179678	0.0494668612015	-0.0383282256303	-0.0652774075575	0.0934771619306	0.0522137030374	0.0248988043283	-0.0225102502027	-0.0881438763608	0.00065257046023	-0.133195481959	0.0274281156012	-0.0703892857002	-0.0897176400628	-0.0566923478684
k__Bacteria;p__Firmicutes;c__Clostridia;o__Clostridiales;f__Lachnospiraceae;g__;s__[Eubacterium]_rectale	0.0659306949756	0.092643081111	-0.107687729351	-0.0282968009971	0.0271956937618	-0.0360821133522	-0.0230109574054	0.0513012028659	0.0509285315417	0.0560438968643	-0.0158759656641	-0.0401856691452	-0.115905822901	0.0127867946186	1.0	-0.0940726346275	-0.122858268185	-0.12282352365	-0.055413978973	-0.0134877256172	0.00592495233509	-0.0206374315676	-0.00869003229668	-0.0442928657679	-0.123901532457	0.0732540940809	0.118507275752	-0.0884851772334	0.0419330326611	-0.0303793602589	0.000168841521811	-0.112815975928	-0.137170172452	-0.0309343546928	0.0478261549967	0.0248953623979	-0.0718739436757	-0.0667327807316	0.0110697580812	0.00147737491394	0.0444632966286	0.0833972999717	-0.0235505550361	-0.0946010703635	-0.0188226394035	-0.209479555236	0.010385122384	-0.0154238373494	-0.00725002766158	0.0180223640066	0.0162854538987	-0.0762559163766	0.00272914874534	-0.0198420881498	-0.0172070010898	-0.10742241853	-0.0250271971339	0.052999942311	-0.0345176066146
k__Bacteria;p__Bacteroidetes;c__Bacteroidia;o__Bacteroidales;f__Bacteroidaceae;g__Bacteroides;s__Bacteroides_plebeius	0.0239660962235	-0.0211263389118	-0.133235721793	-0.0777431596432	-0.0248205122945	0.00592035623642	-0.132095428519	0.0202258887255	-0.0937763086175	-0.099899961084	0.0313553178808	0.00704600318965	0.0340396190211	0.102726333912	-0.0940726346275	1.0	-0.018644545839	-0.0902423101243	-0.0109777932668	-0.00248695083823	0.0847920250642	-0.0043494259564	-0.0375090299056	-0.0864231054594	-0.0967090561181	0.137131844162	-0.112572148191	-0.0472643752407	-0.0398050581826	-0.11623672769	-0.0986377440665	-0.0564440785894	0.0284547247002	-0.0826988681758	-0.0695428350419	-0.106922347022	-0.188625438957	0.0260160497452	0.0555677378418	-0.191105055474	-0.0950997871438	0.026851586016	-0.0199641567593	-0.0311019985784	-0.054623508388	0.12147688529	-0.158728674014	-0.0734060839719	0.00141736390252	-0.138079501452	-0.122382851106	0.0110161875225	-0.198348333196	0.00632671499371	0.0458531538648	-0.0155529891426	0.0618254618561	-0.090800715497	0.0402239564091
k__Bacteria;p__Bacteroidetes;c__Bacteroidia;o__Bacteroidales;f__Bacteroidaceae;g__Bacteroides;s__Bacteroides_fragilis	-0.0955860857612	-0.0218464856892	-0.0515994594545	-0.0236110271897	-0.0615113730375	-0.0236513318967	0.0389602523322	0.0248186639402	0.128357460213	-0.126786273225	0.173435503628	0.127142520283	0.0450642418064	0.046625414553	-0.122858268185	-0.018644545839	1.0	-0.151510295992	0.019817022633	0.0032351497559	-0.0719212316906	0.00602092687987	-0.0811177303384	-0.0591765004076	0.0208745454674	0.00101647922849	0.0604283185988	0.0417407646056	0.0389404873431	0.078294875944	-0.0395866935928	-0.00465045224739	0.0297860820398	-0.000280034598308	0.0120854140528	0.00430753517164	-0.0124022130193	-0.097525124905	-0.0449164901548	-0.00159335790557	-0.00342319879739	0.0620636308444	-0.141956043933	-0.0314818227333	-0.0196511810844	-0.00585034839762	-0.0307040966615	-0.083472149396	-0.0546666172578	-0.0351133436368	0.0784297207637	-0.0808255678466	0.0120045395637	-0.0643623371147	0.0199501469954	-0.0698741224181	-0.0688332340978	0.0394156943156	-0.077272486886
k__Bacteria;p__Proteobacteria;c__Betaproteobacteria;o__Burkholderiales;f__Sutterellaceae;g__Sutterella;s__Sutterella_wadsworthensis	-0.0893294359169	-0.093203563522	0.0382590926546	-0.0679634912309	0.0929662204488	-0.0475519653409	-0.0630270564383	-0.00902376103733	-0.0939082227381	-0.0368146120427	-0.115631202093	0.000839087257212	-0.0631419737049	0.0227785350169	-0.12282352365	-0.0902423101243	-0.151510295992	1.0	0.0458032934086	-0.0628202393434	-0.0126115349776	-0.0137579423097	-0.132772899235	-0.0723824075295	0.021974013038	-0.000246571251905	-0.0602976173234	-0.00822467517013	-0.0185375027202	-0.0398371844047	-0.24300113277	0.0768468126873	-0.101937747241	-0.0559849456593	-0.0191700946535	-0.0339003790056	0.0324151032159	-0.00961667224879	-0.0340440287488	-0.043791162468	0.10768819179	-0.0419464927714	-0.106476531186	-0.0635357971699	0.0831679104862	-0.0692036965504	-0.00401937318379	0.00480842212007	-0.0564135536784	0.00657693248435	-0.041772479593	-0.0390649808446	-0.076983130689	-0.0439168792354	-0.0524294878301	0.0203944955355	0.0854774687635	-0.0065507887176	-0.0537034729607
k__Bacteria;p__Bacteroidetes;c__Bacteroidia;o__Bacteroidales;f__Porphyromonadaceae;g__Barnesiella;s__Barnesiella_intestinihominis	-0.15652838691	-0.0367199621803	-0.108691312552	0.00896049576151	-0.0404817931669	-0.0950692996507	-0.0875294251094	-0.119380204764	0.0126545705962	0.0657577481811	-0.030142186522	-0.036627767331	-0.0554756546198	-0.0851170531423	-0.055413978973	-0.0109777932668	0.019817022633	0.0458032934086	1.0	-0.011223296064	-0.0167366955355	0.0184767846114	0.0443007884169	0.0440080106201	0.0187417237976	-0.103179978161	0.15036366194	-0.0924788412515	0.0145064826911	-0.0783092511543	-0.0494197481624	0.0246439210634	-0.0511212532948	-0.147257753946	-0.0202903186522	-0.0550328991134	-0.0487653802822	-0.00967555982561	-0.041629424163	-0.131614964482	-0.075456583499	-0.103561808847	0.00671434492353	0.00550982203836	-0.0994437172752	-0.030221585218	-0.095917811972	-0.0919738737229	-0.0252045355171	0.0506786191227	0.0697379550117	0.0228845870154	-0.0191229709309	-0.0509765044594	-0.0346025811149	-0.0340310973562	0.0944505095338	0.0302868822694	-0.0533490674867
k__Bacteria;p__Bacteroidetes;c__Bacteroidia;o__Bacteroidales;f__Odoribacteraceae;g__Odoribacter;s__Odoribacter_splanchnicus	-0.106000302831	-0.0367407703836	0.0150802199155	0.0319608104853	-0.165459229854	-0.131788917921	-0.00751023339399	-0.0367728437054	-0.0849083905274	-0.09250297407	0.0619766601896	-0.00674476569074	-0.0118300834614	-0.102504310008	-0.0134877256172	-0.00248695083823	0.0032351497559	-0.0628202393434	-0.011223296064	1.0	-0.0244211559101	-0.00262210348244	-0.0738027394008	0.0357133064615	0.0228790621157	-0.0832099512238	-0.00340251787673	-0.0787059456837	-0.00230319832347	-0.0255599130994	0.0138097659463	0.0232141029144	0.052176225309	-0.0862032613974	-0.0420028281996	0.0355849364418	-0.192041685782	-0.043734030427	-0.0160077976061	-0.0261652900362	-0.0173968641511	-0.012049183694	-0.0504365750723	-0.0844803638156	-0.0646594950804	0.0226749878767	-0.00850312252202	-0.136701536628	-0.0946964301814	0.065908428333	0.062630646158	-0.0862471184888	0.02219001218	-0.0252718276206	0.0514750288812	-0.0278789771253	-0.0709146458177	0.112475239442	-0.148232056173
k__Bacteria;p__Bacteroidetes;c__Bacteroidia;o__Bacteroidales;f__Bacteroidaceae;g__Bacteroides;s__Bacteroides_salyersiae	-0.109282113777	0.039169078973	-0.0793050754244	0.00953331745562	-0.0904461364881	0.0307210358474	-0.0713295423921	0.00102831156339	-0.0504358387782	0.0312082627682	0.0806309122296	-0.101002541239	-0.00717012067448	-0.0564238854149	0.00592495233509	0.0847920250642	-0.0719212316906	-0.0126115349776	-0.0167366955355	-0.0244211559101	1.0	0.0560104663248	-0.100219612895	-0.0316404851838	-0.0596557417495	-0.129691121495	-0.0280129364861	0.104872692306	0.0426259218291	-0.0367379918312	-0.0875400058239	-0.103139840678	-0.000927090327273	0.0261896787281	-0.0251967155882	0.000366044073491	0.0201764747658	-0.0687682887036	-0.0586460127904	-0.0286185689476	-0.030408691231	-0.0291601609217	-0.0146983902788	-0.0585970608554	0.112821312854	0.00492754417351	-0.0796459439858	-0.0598371122609	-0.0195478073906	-0.0584762245359	0.0621304438831	-0.0887197324773	-0.0552462428478	-0.0564269656658	0.114956978958	-0.0820887786104	-0.0715164727078	-0.087951174411	0.0931779746132
k__Bacteria;p__Firmicutes;c__Clostridia;o__Clostridiales;f__Ruminococcaceae;g__Ruminiclostridium;s__[Eubacterium]_siraeum	-0.0204030102412	0.00477636005432	-0.130325583801	-0.105773282936	-0.168284655925	0.0660362114896	-0.0283853506839	0.0133717306944	0.0426197691487	-0.0474672953063	-0.0968591251747	-0.00204136774509	-0.0653866694226	0.019548761007	-0.0206374315676	-0.0043494259564	0.00602092687987	-0.0137579423097	0.0184767846114	-0.00262210348244	0.0560104663248	1.0	0.0281538792676	0.0165591756959	-0.0479517933925	-0.0386202543308	-0.0283487571809	-0.0536062411785	0.00677729661723	0.0336092291524	-0.0491061801168	-0.119418624942	-0.00988143621309	0.0631369238418	-0.105246544163	-0.0834705221967	-0.0434874516635	-0.0057812587568	-0.130547194373	-0.0863813214112	-0.178355193869	-0.0198168941244	-0.0470974518504	-0.0814018812916	-0.0221252274566	0.0236973190461	-0.099765272798	-0.0096041241991	-0.00198290355625	0.0175741785157	-0.119415407329	0.021305141306	-0.121856018665	-0.00693782314751	-0.0663486960891	0.0380991839955	-0.0884558461337	-0.0537910834622	-0.0894861961495
k__Bacteria;p__Proteobacteria;c__Betaproteobacteria;o__Burkholderiales;f__Sutterellaceae;g__Parasutterella;s__Parasutterella_excrementihominis	0.00112711129091	-0.0113512662669	-0.109167609798	0.131539338902	0.0273203993257	-0.0324845994391	-0.0734895094412	-0.198059842298	-0.0639902824711	0.0151853097968	-0.0376201246548	-0.0408604603282	-0.0856799187379	-0.038084116336	-0.00869003229668	-0.0375090299056	-0.0811177303384	-0.132772899235	0.0443007884169	-0.0738027394008	-0.100219612895	0.0281538792676	1.0	-0.0559947509069	0.0119650392793	-0.0193303253219	0.0941811118732	-0.0630093386259	-0.0514757495872	-0.0232377757198	0.0319449785149	-0.0745334735628	0.069720393821	-0.154927599324	0.0639516672199	0.0350131271336	-0.038018490848	0.0828962857356	-0.122411472237	0.0389675324723	0.00553058022109	-0.0688491140266	-0.0368150593348	-0.0557927530317	-0.104262291913	0.105563322338	0.0311468568643	-0.0365448821581	-0.155643920973	-0.00879862617042	-0.102005948264	-0.00419375609563	-0.0432518599984	-0.122962918321	-0.0394992540829	-0.149566078998	0.0446358968904	-0.105786619172	-0.0461693132892
k__Bacteria;p__Actinobacteria;c__Actinobacteria;o__Bifidobacteriales;f__Bifidobacteriaceae;g__Bifidobacterium;s__Bifidobacterium_adolescentis	0.0376777155242	-0.140207614582	-0.165588386619	-0.0172654670555	0.0181282170081	-0.0577448998326	-0.279935033644	-0.015705042405	-0.050293237599	0.0274977534425	-0.00762816677853	-0.024620095788	-0.0487231557663	-0.0668948423115	-0.0442928657679	-0.0864231054594	-0.0591765004076	-0.0723824075295	0.0440080106201	0.0357133064615	-0.0316404851838	0.0165591756959	-0.0559947509069	1.0	-0.0623203553636	-0.0409193374688	0.00073958883736	-0.114333754543	0.0052924332081	-0.0573644893255	-0.0741098403122	0.0843837178594	-0.0674221588683	0.0253547622541	0.0200599496192	0.00847719673459	-0.0204194434992	-0.143985978659	-0.175523314271	0.058987329392	-0.00529522293505	-0.0568212825085	0.0867109484703	0.207037399498	-0.0110253369733	-0.0744282259644	-0.127389488484	0.14726391478	-0.028322034866	-0.148202836834	0.0346630377324	-0.0175460457529	-0.103088431658	-0.0450769780036	-0.0445928838828	0.0293196176681	-0.0249227013684	-0.195463894101	-0.0193928172742
k__Bacteria;p__Firmicutes;c__Clostridia;o__Clostridiales;f__Oscillospiraceae;g__Oscillibacter;s__Oscillibacter_sp._KLE_1745	-0.132899782543	-0.0853716535492	0.0109813959972	-0.0372303803284	-0.103420543466	-0.0456775831397	-0.0480959298224	-0.000833033237394	0.000641979504863	0.0761623950636	-0.0992739577712	0.0548186506595	-0.13024704184	-0.0510193880361	-0.123901532457	-0.0967090561181	0.0208745454674	0.021974013038	0.0187417237976	0.0228790621157	-0.0596557417495	-0.0479517933925	0.0119650392793	-0.0623203553636	1.0	-0.0633891159812	-0.0558121602425	-0.0180819899253	-0.0827906608205	-0.157374280197	-0.0881217912235	-0.0165752514481	0.0640999526157	-0.0605599562248	-0.0828210705904	0.0787218916181	-0.0733964506113	-0.0289313734852	0.0176177046404	-0.0923422575688	0.0310934653844	-0.0960448625985	-0.181727989899	-0.0374486693392	0.00643580790946	-0.0296464364546	-0.0828541996147	-0.00534401149886	0.00706164507383	-0.0370056570537	-0.0650051641398	-0.0707536518742	0.0329660667572	-0.00315524032276	-0.106857141624	0.0337273970551	-0.000437582160553	0.0434852421661	-0.0171861245195
k__Bacteria;p__Bacteroidetes;c__Bacteroidia;o__Bacteroidales;f__Bacteroidaceae;g__Bacteroides;s__Bacteroides_coprophilus	0.0931636944657	-0.115537237854	0.0251957705317	-0.0764876030089	-0.00979326185979	-0.00183891764495	-0.026443371763	-0.146861897774	-0.0156726658203	-0.00100437546107	0.0573143188529	-0.016019340704	-0.0969368229428	0.0407268375613	0.0732540940809	0.137131844162	0.00101647922849	-0.000246571251905	-0.103179978161	-0.0832099512238	-0.129691121495	-0.0386202543308	-0.0193303253219	-0.0409193374688	-0.0633891159812	1.0	-0.00994102568542	0.0246941122443	-0.115111746358	0.097323996416	-0.0747247392464	-0.161536521488	-0.00730173457388	-0.0539472632553	0.054305857509	-0.0219486501705	-0.0322552783448	0.00532312794228	-0.0654675703971	-0.0648165386854	0.0258108773803	0.0303236815459	-0.00611095035898	-0.0343701450882	-0.0246469324985	-0.0872437830819	0.0559674562564	-0.113425559378	0.0731167122121	-0.0341610837642	-0.0257388380357	-0.0787780010123	0.0298382907004	-0.000395515350826	-0.0831933486964	-0.0749591998278	-0.0425127064125	0.0367702304588	-0.0117015755483
k__Bacteria;p__Firmicutes;c__Clostridia;o__Clostridiales;f__Lachnospiraceae;g__Roseburia;s__Roseburia_intestinalis	-0.0146506187937	0.0834100705904	-0.0877294739289	-0.0291151286953	-0.0405104184001	0.00910971090036	-0.0866377355791	-0.0186475125136	0.074103014314	0.0093110476918	-0.121091309377	0.0920950447777	-0.0322186212482	-0.196231062565	0.118507275752	-0.112572148191	0.0604283185988	-0.0602976173234	0.15036366194	-0.00340251787673	-0.0280129364861	-0.0283487571809	0.0941811118732	0.00073958883736	-0.0558121602425	-0.00994102568542	1.0	-0.120381146152	-0.0766194220339	-0.0353376731914	-0.0971625108255	-0.0380147369933	-0.0101637437815	-0.0301549682447	-0.0941252416247	-0.0693469410236	-0.134287052738	-0.0975476070577	-0.0103658117986	0.0339723420485	-0.0329674311166	-0.00992322149826	-0.0545213134292	-0.0729416447721	-0.0929671220665	-0.0661412174537	-0.0820182236281	-0.0210103714147	-0.0515168719478	-0.0533387050204	-0.0488404626206	-0.0514755629015	-0.107200498991	-0.035668143851	0.0339933319175	0.00541843400581	-0.0420445027471	-0.157090232617	-0.0858098259137
k__Bacteria;p__Firmicutes;c__Clostridia;o__Clostridiales;f__Lachnospiraceae;g__Roseburia;s__Roseburia_hominis	-0.0661022783537	0.0708304819332	-0.116504720603	-0.0734573391915	-0.0593758025775	-0.00528843008208	0.0681501749648	-0.0583169089631	-0.136191129527	-0.0362122717553	-0.101380478186	-0.0830233835058	-0.0633514917532	-0.0750879260676	-0.0884851772334	-0.0472643752407	0.0417407646056	-0.00822467517013	-0.0924788412515	-0.0787059456837	0.104872692306	-0.0536062411785	-0.0630093386259	-0.114333754543	-0.0180819899253	0.0246941122443	-0.120381146152	1.0	-0.0501876977702	0.00662400909685	0.0545547961755	0.00181489524157	-0.0147350070354	-0.106057346291	0.0375081714894	0.045316879263	-0.0154714522655	0.000381992133498	-0.0872246401417	-0.0187644899347	-0.0207805396992	-0.09790751885	-0.103696980092	0.0181268386454	0.0438378818683	0.0703585369709	0.100794789246	-0.194987052121	-0.0654715045765	0.0469050156882	0.00149996921272	-0.19872525426	-0.104655490219	-0.0823346954143	-0.119813737044	-0.0645193750076	0.0199586937438	0.0431713621662	0.00501889762864
k__Bacteria;p__Bacteroidetes;c__Bacteroidia;o__Bacteroidales;f__Porphyromonadaceae;g__Parabacteroides;s__Parabacteroides_johnsonii	-0.0639984695999	-0.00904039758355	-0.161709971181	-0.044513464304	0.0791567735155	0.120746902039	-0.0201501971416	-0.173106339148	-0.12682835385	0.0606364112602	0.0081023404134	0.0118022700582	0.0616265779917	-0.0388034355441	0.0419330326611	-0.0398050581826	0.0389404873431	-0.0185375027202	0.0145064826911	-0.00230319832347	0.0426259218291	0.00677729661723	-0.0514757495872	0.0052924332081	-0.0827906608205	-0.115111746358	-0.0766194220339	-0.0501876977702	1.0	-0.0469611054626	-0.0667212965197	-0.142104128355	-0.111139273596	-0.0951477489597	-0.0975990331297	-0.0513118105837	-0.026361636013	-0.0564363228571	0.0262169530674	0.0257909893092	-0.132881322831	-0.0115782982509	-0.120882296938	-0.0310456263373	-0.00447052050071	-0.0811798708034	-0.0501277569244	-0.0322982308845	-0.0725743627906	-0.142454492833	0.0257123168928	-0.131698250254	-0.176837303835	0.0355331538888	-0.0242639837076	0.0217538417123	-0.0193438012334	-0.0986866230242	0.0712632288524
k__Bacteria;p__Actinobacteria;c__Actinobacteria;o__Bifidobacteriales;f__Bifidobacteriaceae;g__Bifidobacterium;s__Bifidobacterium_longum	0.143030575665	0.0324375549646	-0.0481329822865	-0.0802531484381	0.0028661855906	0.0104253366877	-0.0437678547295	-0.0651555015014	-0.0148688521616	-0.103478408029	-0.0563517070287	0.036734041298	-0.00993099790018	-0.0723578880711	-0.0303793602589	-0.11623672769	0.078294875944	-0.0398371844047	-0.0783092511543	-0.0255599130994	-0.0367379918312	0.0336092291524	-0.0232377757198	-0.0573644893255	-0.157374280197	0.097323996416	-0.0353376731914	0.00662400909685	-0.0469611054626	1.0	-0.0927591364885	-0.0371136669156	-0.0637396664176	0.0594048703802	0.0148535206178	0.0843415307569	0.0218313575802	0.0277542576443	-0.218655816335	-0.000943016956755	-0.0288367169103	-0.128729085422	0.0703739361032	-0.0829437963572	-0.0740925537358	-0.0694941468601	-0.0224714514217	-0.0425049141772	-0.106078462518	-0.0418079372796	0.0814771318947	-0.15486873621	0.062757939799	-0.0366499458406	-0.0111982371461	-0.114979534183	-0.0390201368545	-0.0112017887132	-0.0895504522496
