#taxonomy	k__Bacteria;p__Bacteroidetes;c__Bacteroidia;o__Bacteroidales;f__Bacteroidaceae;g__Bacteroides;s__Bacteroides_vulgatus	k__Bacteria;p__Bacteroidetes;c__Bacteroidia;o__Bacteroidales;f__Bacteroidaceae;g__Bacteroides;s__Bacteroides_uniformis	k__Bacteria;p__Bacteroidetes;c__Bacteroidia;o__Bacteroidales;f__Rikenellaceae;g__Alistipes;s__Alistipes_putredinis	k__Bacteria;p__Bacteroidetes;c__Bacteroidia;o__Bacteroidales;f__Prevotellaceae;g__Prevotella;s__Prevotella_copri	k__Bacteria;p__Bacteroidetes;c__Bacteroidia;o__Bacteroidales;f__Bacteroidaceae;g__Bacteroides;s__Bacteroides_stercoris	k__Bacteria;p__Bacteroidetes;c__Bacteroidia;o__Bacteroidales;f__Bacteroidaceae;g__Bacteroides;s__Bacteroides_ovatus	k__Bacteria;p__Bacteroidetes;c__Bacteroidia;o__Bacteroidales;f__Rikenellaceae;g__Alistipes;s__Alistipes_shahii	k__Bacteria;p__Firmicutes;c__Clostridia;o__Clostridiales;f__Ruminococcaceae;g__Faecalibacterium;s__Faecalibacterium_prausnitzii	k__Bacteria;p__Bacteroidetes;c__Bacteroidia;o__Bacteroidales;f__Rikenellaceae;g__Alistipes;s__Alistipes_finegoldii	k__Bacteria;p__Bacteroidetes;c__Bacteroidia;o__Bacteroidales;f__Porphyromonadaceae;g__Parabacteroides;s__Parabacteroides_distasonis	k__Bacteria;p__Bacteroidetes;c__Bacteroidia;o__Bacteroidales;f__Bacteroidaceae;g__Bacteroides;s__Bacteroides_thetaiotaomicron	k__Bacteria;p__Bacteroidetes;c__Bacteroidia;o__Bacteroidales;f__Bacteroidaceae;g__Bacteroides;s__Bacteroides_coprocola	k__Bacteria;p__Bacteroidetes;c__Bacteroidia;o__Bacteroidales;f__Bacteroidaceae;g__Bacteroides;s__Bacteroides_cellulosilyticus	k__Bacteria;p__Bacteroidetes;c__Bacteroidia;o__Bacteroidales;f__Rikenellaceae;g__Alistipes;s__Alistipes_obesi	k__Bacteria;p__Firmicutes;c__Clostridia;o__Clostridiales;f__Lachnospiraceae;g__;s__[Eubacterium]_rectale	k__Bacteria;p__Bacteroidetes;c__Bacteroidia;o__Bacteroidales;f__Bacteroidaceae;g__Bacteroides;s__Bacteroides_plebeius	k__Bacteria;p__Bacteroidetes;c__Bacteroidia;o__Bacteroidales;f__Bacteroidaceae;g__Bacteroides;s__Bacteroides_fragilis	k__Bacteria;p__Proteobacteria;c__Betaproteobacteria;o__Burkholderiales;f__Sutterellaceae;g__Sutterella;s__Sutterella_wadsworthensis	k__Bacteria;p__Bacteroidetes;c__Bacteroidia;o__Bacteroidales;f__Porphyromonadaceae;g__Barnesiella;s__Barnesiella_intestinihominis	k__Bacteria;p__Bacteroidetes;c__Bacteroidia;o__Bacteroidales;f__Odoribacteraceae;g__Odoribacter;s__Odoribacter_splanchnicus	k__Bacteria;p__Bacteroidetes;c__Bacteroidia;o__Bacteroidales;f__Bacteroidaceae;g__Bacteroides;s__Bacteroides_salyersiae	k__Bacteria;p__Firmicutes;c__Clostridia;o__Clostridiales;f__Ruminococcaceae;g__Ruminiclostridium;s__[Eubacterium]_siraeum	k__Bacteria;p__Proteobacteria;c__Betaproteobacteria;o__Burkholderiales;f__Sutterellaceae;g__Parasutterella;s__Parasutterella_excrementihominis	k__Bacteria;p__Actinobacteria;c__Actinobacteria;o__Bifidobacteriales;f__Bifidobacteriaceae;g__Bifidobacterium;s__Bifidobacterium_adolescentis	k__Bacteria;p__Firmicutes;c__Clostridia;o__Clostridiales;f__Oscillospiraceae;g__Oscillibacter;s__Oscillibacter_sp._KLE_1745	k__Bacteria;p__Bacteroidetes;c__Bacteroidia;o__Bacteroidales;f__Bacteroidaceae;g__Bacteroides;s__Bacteroides_coprophilus	k__Bacteria;p__Firmicutes;c__Clostridia;o__Clostridiales;f__Lachnospiraceae;g__Roseburia;s__Roseburia_intestinalis	k__Bacteria;p__Firmicutes;c__Clostridia;o__Clostridiales;f__Lachnospiraceae;g__Roseburia;s__Roseburia_hominis	k__Bacteria;p__Bacteroidetes;c__Bacteroidia;o__Bacteroidales;f__Porphyromonadaceae;g__Parabacteroides;s__Parabacteroides_johnsonii	k__Bacteria;p__Actinobacteria;c__Actinobacteria;o__Bifidobacteriales;f__Bifidobacteriaceae;g__Bifidobacterium;s__Bifidobacterium_longum	k__Bacteria;p__Firmicutes;c__Clostridia;o__Clostridiales;f__;g__Flavonifractor;s__Flavonifractor_plautii	k__Bacteria;p__Firmicutes;c__Clostridia;o__Clostridiales;f__Clostridiaceae;g__Clostridium;s__Clostridium_phoceensis	k__Bacteria;p__Verrucomicrobia;c__Verrucomicrobiae;o__Verrucomicrobiales;f__Akkermansiaceae;g__Akkermansia;s__Akkermansia_muciniphila	k__Bacteria;p__Bacteroidetes;c__Bacteroidia;o__Bacteroidales;f__Prevotellaceae;g__Paraprevotella;s__Paraprevotella_xylaniphila	k__Bacteria;p__Firmicutes;c__Clostridia;o__Clostridiales;f__Ruminococcaceae;g__Ruminococcus;s__Ruminococcus_callidus	k__Bacteria;p__Bacteroidetes;c__Bacteroidia;o__Bacteroidales;f__Rikenellaceae;g__Alistipes;s__Alistipes_senegalensis	k__Bacteria;p__Firmicutes;c__Clostridia;o__Clostridiales;f__Lachnospiraceae;g__Blautia;s__Blautia_sp._KLE_1732	k__Bacteria;p__Bacteroidetes;c__Bacteroidia;o__Bacteroidales;f__Bacteroidaceae;g__Bacteroides;s__Bacteroides_oleiciplenus	k__Bacteria;p__Firmicutes;c__Clostridia;o__Clostridiales;f__Ruminococcaceae;g__Ruminococcus;s__Ruminococcus_bicirculans	k__Bacteria;p__Bacteroidetes;c__Bacteroidia;o__Bacteroidales;f__Bacteroidaceae;g__Bacteroides;s__Bacteroides_fluxus	k__Bacteria;p__Bacteroidetes;c__Bacteroidia;o__Bacteroidales;f__Prevotellaceae;g__Prevotella;s__Prevotella_stercorea	k__Bacteria;p__Firmicutes;c__Clostridia;o__Clostridiales;f__Lachnospiraceae;g__Dorea;s__Dorea_longicatena	k__Bacteria;p__Firmicutes;c__Clostridia;o__Clostridiales;f__Eubacteriaceae;g__Eubacterium;s__[Eubacterium]_eligens	k__Bacteria;p__Firmicutes;c__Clostridia;o__Clostridiales;f__Ruminococcaceae;g__;s__Ruminococcaceae_bacterium_D16	k__Bacteria;p__Firmicutes;c__Clostridia;o__Clostridiales;f__Lachnospiraceae;g__Coprococcus;s__Coprococcus_comes	k__Bacteria;p__Proteobacteria;c__Gammaproteobacteria;o__Enterobacterales;f__Enterobacteriaceae;g__Escherichia;s__Escherichia_coli	k__Bacteria;p__Firmicutes;c__Clostridia;o__Clostridiales;f__Ruminococcaceae;g__Anaerotruncus;s__Anaerotruncus_colihominis	k__Bacteria;p__Firmicutes;c__Clostridia;o__Clostridiales;f__Lachnospiraceae;g__Blautia;s__Blautia_obeum	k__Bacteria;p__Bacteroidetes;c__Bacteroidia;o__Bacteroidales;f__Odoribacteraceae;g__Odoribacter;s__Odoribacter_laneus	k__Bacteria;p__Firmicutes;c__Clostridia;o__Clostridiales;f__Ruminococcaceae;g__Ruminiclostridium;s__[Clostridium]_leptum	k__Bacteria;p__Bacteroidetes;c__Bacteroidia;o__Bacteroidales;f__Porphyromonadaceae;g__Parabacteroides;s__Parabacteroides_goldsteinii	k__Bacteria;p__Firmicutes;c__Clostridia;o__Clostridiales;f__Lachnospiraceae;g__Anaerostipes;s__Anaerostipes_hadrus	k__Bacteria;p__Firmicutes;c__Clostridia;o__Clostridiales;f__Ruminococcaceae;g__Ruminococcus;s__Ruminococcus_lactaris	k__Bacteria;p__Firmicutes;c__Clostridia;o__Clostridiales;f__Clostridiaceae;g__Clostridium;s__Clostridium_sp._L2-50	k__Bacteria;p__Firmicutes;c__Clostridia;o__Clostridiales;f__Clostridiaceae;g__Clostridium;s__Clostridium_sp._M62/1	k__Bacteria;p__Firmicutes;c__Clostridia;o__Clostridiales;f__;g__Intestinimonas;s__Intestinimonas_butyriciproducens	k__Bacteria;p__Actinobacteria;c__Actinobacteria;o__Bifidobacteriales;f__Bifidobacteriaceae;g__Bifidobacterium;s__Bifidobacterium_bifidum	k__Bacteria;p__Firmicutes;c__Negativicutes;o__Veillonellales;f__Veillonellaceae;g__Dialister;s__Dialister_invisus	k__Bacteria;p__Bacteroidetes;c__Bacteroidia;o__Bacteroidales;f__Bacteroidaceae;g__Bacteroides;s__Bacteroides_salanitronis
k__Bacteria;p__Bacteroidetes;c__Bacteroidia;o__Bacteroidales;f__Bacteroidaceae;g__Bacteroides;s__Bacteroides_vulgatus	1.0	-0.0681686786462	-0.0256943678733	-0.0415807783042	-0.0168988757563	-0.0672609645165	0.0265611346251	-0.0226634528359	0.0594180061	-0.0443037180523	-0.104403975638	-0.0518264279639	-0.00577498350398	-0.0472590414451	-0.0332450956743	-0.142340493744	-0.0689777809035	0.0510507826561	0.116462612565	-0.0831042036807	0.0805049874673	0.0475840453378	0.00141794679772	-0.0770376822544	-0.0157757955042	0.126706678378	0.0594183383689	-0.0647315033955	0.0143794895451	0.0369334244914	0.0062811662064	-0.0653877190584	0.00512611932543	-0.0359474924429	-0.150610746013	0.0240842848709	-0.0522758314935	-0.0799491661437	0.076262681921	0.0335528242754	-0.139332449181	0.0135496678382	-0.0378469129356	-0.0762818374538	-0.0328765092139	-0.0260114575877	-0.166818428513	0.0766986268725	-0.13424236197	0.0289725625058	0.0488053001377	0.00769759092286	-0.191577358489	0.0197153402891	0.0300852738064	0.0230629420823	0.00709919162779	-0.0676235078936	-0.00729744987608
k__Bacteria;p__Bacteroidetes;c__Bacteroidia;o__Bacteroidales;f__Bacteroidaceae;g__Bacteroides;s__Bacteroides_uniformis	-0.0681686786462	1.0	-0.0826540362665	0.00383537072728	0.0479904593739	0.0405544040168	0.00385456283458	-0.111266076796	-0.0613604200878	0.067873073335	0.0222696562966	-0.146640421142	-0.0837781334226	-0.0150661438769	0.0397625642875	-0.144454710537	-0.0566547982909	0.0358964567745	0.0699002087407	-0.0515859533551	-0.0369557649387	0.0477636997954	0.0779721753939	-0.0617257408295	0.0492113659574	-0.180378867841	-0.00890882952279	-0.0261786318759	-0.134571995999	0.0551611030775	-0.00374110057746	-0.0896409070235	-0.0145614991666	-0.0365672898351	0.031537522628	-0.0998647350581	-0.0545334327271	-0.150430868052	0.0306998699262	-0.142307672839	-0.123545506739	-0.00736789086596	-0.117426391177	0.0273792691992	-0.0266616406042	-0.0777312130947	0.00827303682381	0.0273461656417	-0.0787679088681	-0.0124475688598	-0.0371870707714	-0.00462592743887	0.0193042398439	-0.0239799748235	0.0160911146967	-0.00120499040807	-0.00719982766003	0.00699409909871	-0.0195641098333
k__Bacteria;p__Bacteroidetes;c__Bacteroidia;o__Bacteroidales;f__Rikenellaceae;g__Alistipes;s__Alistipes_putredinis	-0.0256943678733	-0.0826540362665	1.0	0.0259091893954	-0.017340739862	-0.0607461915137	-0.152728601356	0.0136691630956	-0.0334068493481	-0.0731700048657	0.00570789304319	-0.0874468743849	0.0342253412894	-0.0281220294787	0.064783387544	-0.0611189112513	-0.113823703633	-0.0222198735683	0.0695168579156	-0.176545400848	-0.123655486819	-0.0413569301731	-0.00213586251267	-0.0359008774262	-0.0481185976326	0.0602637124949	-0.0147218562815	0.0395631732283	0.00170215319847	0.00694056219834	-0.0951041556683	-0.00391277192449	0.0506891369924	0.00492379541055	-0.0534555206722	-0.00340719717514	-0.000917300377807	0.0182843563685	-0.110819307694	0.0654582436209	0.0381302898086	-0.0611616277123	-0.0376117044601	-0.024081217972	0.100449204241	0.0567712326607	0.0476706114131	-0.16074700708	-0.0732252785222	-0.00553582633321	-0.0885902056637	-0.0365622315622	-0.0463208290055	0.0106450369141	-0.071126748637	0.0378702734742	0.069934830817	-0.00647810290601	-0.099069626265
k__Bacteria;p__Bacteroidetes;c__Bacteroidia;o__Bacteroidales;f__Prevotellaceae;g__Prevotella;s__Prevotella_copri	-0.0415807783042	0.00383537072728	0.0259091893954	1.0	-0.0651870215381	-0.0786964076544	0.0102229861184	0.0878635539967	-0.0741680938833	-0.0366412343725	-0.0382910025897	-0.0877757314931	-0.00447758320135	-0.0347618742382	0.00586712073108	0.127908627972	-0.0223352881384	-0.0238034872777	-0.0481817546518	-0.0952999339273	-0.0938602075811	-0.189742249089	0.00275699397291	-0.0343813634959	0.107782525244	0.0352351517636	-0.0563859965578	-0.15766225315	-0.114070155654	0.0216833118836	0.0163192725286	-0.055591825285	-0.0678972069621	-0.0255613513911	-0.0524458745721	-0.0471045302869	-0.0312012758074	-0.0349117095824	0.0899966281885	-0.11251166165	-0.0747941846341	-0.0865921898835	0.011994743878	-0.138815824438	-0.0506132983768	-0.0475972261753	-0.031872143058	0.0303979042841	0.166093476644	0.0637916688812	0.0340149107833	0.0324803036072	0.0559627519599	-0.112132530309	-0.0642916289867	-0.0427809097319	-0.0922930162789	-0.0512086458353	-0.120127571041
k__Bacteria;p__Bacteroidetes;c__Bacteroidia;o__Bacteroidales;f__Bacteroidaceae;g__Bacteroides;s__Bacteroides_stercoris	-0.0168988757563	0.0479904593739	-0.017340739862	-0.0651870215381	1.0	-0.0628725565781	0.0300520071977	-0.118685519885	0.0343124044034	-0.103496542268	0.0442603962113	-0.144874407967	-0.149366195586	0.0175820483013	-0.107736935062	-0.112086821314	-0.0342746147729	-0.133024087966	0.0963593136964	-0.0278360518603	0.0427933770306	-0.121292741701	-0.0269466823709	0.0319121016326	-0.0438452733539	-0.0321307923701	-0.0437154284206	-0.100386618171	0.0216696822393	0.0499508481361	-0.0751060673332	-0.002970458981	-0.035254350644	0.0135172430253	-0.0369091811543	-0.034479289637	-0.0851437362943	0.016538725563	-0.0933783484173	-0.0148869589853	0.00987469872746	-0.0744424717139	-0.0244256942054	-0.00854248974903	0.0725098856985	-0.0376914180129	-0.118037940992	0.0792451053842	0.0650607684927	-0.0573536823374	-0.000794968579124	0.00280937083922	0.0313120053049	-0.0568823307334	0.019195529795	0.035845374925	0.0217725111265	-0.133521041351	-0.00494566774582
k__Bacteria;p__Bacteroidetes;c__Bacteroidia;o__Bacteroidales;f__Bacteroidaceae;g__Bacteroides;s__Bacteroides_ovatus	-0.0672609645165	0.0405544040168	-0.0607461915137	-0.0786964076544	-0.0628725565781	1.0	-0.063789265899	-0.144170226066	-0.011486559835	-0.103980847913	-0.0554885368533	0.106090550591	-0.165681837727	-0.0382322964396	-0.0901548152219	-0.0473322033597	-0.0454457864259	0.0052074017447	-0.0298521502788	-0.109048863183	0.125569282023	0.0543932809407	-0.110755697474	0.0281871379992	0.0246881086647	-0.0595233661717	0.0089865876273	-0.0615819140724	-0.0328602584173	-0.0786920574371	-0.0661443513218	0.00121440470082	-0.0257946020491	-0.0675172937263	0.0675127954972	-0.0768010797796	-0.0596946604346	-0.029834561533	-0.123353431092	-0.0967835698827	0.00680879343743	-0.0418673453671	0.0233376128254	0.113625815302	0.00590832770422	-0.0675591708256	-0.0118078318385	-0.0903992079651	-0.0207501894835	0.0551258006241	-0.137406830938	0.0583483480712	0.000686648173443	-0.0655925232024	0.108353986792	-0.0526217125691	-0.0121279296305	0.0347188364814	-0.0479583967065
k__Bacteria;p__Bacteroidetes;c__Bacteroidia;o__Bacteroidales;f__Rikenellaceae;g__Alistipes;s__Alistipes_shahii	0.0265611346251	0.00385456283458	-0.152728601356	0.0102229861184	0.0300520071977	-0.063789265899	1.0	-0.0395236655156	-0.0303898740389	-0.0141870858706	-0.0451528548376	-0.130061996686	0.0674907235737	-0.0291233352252	0.00959845649462	-0.0232104033835	0.00370728953859	0.0294788229184	-0.0707611763558	-0.0574058116149	0.0385264839258	-0.0493469266779	0.041138966301	0.0228895331958	-0.0854463832858	-0.00860357162966	0.00752509740734	-0.0123201693063	0.0456233097079	-0.0435629161429	-0.113957678676	0.0416460616303	-0.0152806343468	-0.0224455034759	0.08588454354	-0.0546688954883	-0.0896334442599	0.0830172019751	-0.0485016437844	0.0566946609821	-0.103393750448	0.0469746447414	-0.0100294980085	-0.0790867903862	-0.0239557476244	0.039613852491	0.0052207874205	-0.109210251183	-0.0213031961971	0.00842795750054	-0.0601107704473	-0.00883235787469	-0.0687143265142	-0.185745786183	-0.144681883277	-0.0369327954336	-0.0758468197283	-0.0691728070083	0.0515528402347
k__Bacteria;p__Firmicutes;c__Clostridia;o__Clostridiales;f__Ruminococcaceae;g__Faecalibacterium;s__Faecalibacterium_prausnitzii	-0.0226634528359	-0.111266076796	0.0136691630956	0.0878635539967	-0.118685519885	-0.144170226066	-0.0395236655156	1.0	0.0668266312854	-0.0708418249052	-0.0160707952708	0.0654892602039	-0.107509308168	0.0824793437612	-0.0458552403882	0.0410969771176	0.130846881953	-0.00785008685836	-0.129739899077	-0.0265355865894	-0.0627146741754	-0.0925880204196	-0.0260682602265	-0.0549259760991	-0.00561962048701	-0.0564053835679	-0.0326861966938	0.00266208575121	0.0235495402862	-0.0690882324412	0.0274366497414	-0.0110681153515	0.0881677128718	0.0106393167484	-0.0496548545568	-0.0219995923503	-0.0129963103205	0.104423225036	-0.0261634839824	-0.0453698791459	1.34523813626e-05	-0.0545285812997	-0.016810159092	-0.0437036293838	-0.0671835414764	-0.0209965111135	-0.0183295740224	-0.111359052162	0.0385618695616	-0.0764039741357	0.0449557769837	-0.00828146557936	-0.0713220528832	0.121981459564	-0.0521654792584	-0.159663144676	-0.0613968830855	0.0142317161474	0.0330394197032
k__Bacteria;p__Bacteroidetes;c__Bacteroidia;o__Bacteroidales;f__Rikenellaceae;g__Alistipes;s__Alistipes_finegoldii	0.0594180061	-0.0613604200878	-0.0334068493481	-0.0741680938833	0.0343124044034	-0.011486559835	-0.0303898740389	0.0668266312854	1.0	0.025753614988	-0.00808940166165	0.08883488595	0.00115184735666	-0.0898015223857	-0.0263159085924	0.0099712550075	-0.0080151967596	0.120281618803	0.0997498639448	-0.0405726601498	0.00925246666427	-0.17897308913	-0.0487938073874	-0.0809636841302	0.0264083835266	-0.0227648592293	-0.0632618983726	-0.0746644816979	0.0356973682146	0.00257047986927	0.00114673386387	0.0772123369531	-0.000412630914728	-0.0683579288792	0.0131985472952	0.0441293421104	-0.00581510597801	-0.0068087914484	-0.00174153195325	0.0432242729449	-0.007163531952	-0.0837730862981	0.103017520411	0.019392593023	-0.0900477913045	0.00506317760221	-0.0259231000424	-0.0373946501561	-0.118390319011	-0.110336228015	-0.169047281533	0.0162812987716	0.00544512380195	-0.050013242984	-0.00465951189339	-0.109603357226	0.0268873028185	-0.120385757646	-0.0875257658393
k__Bacteria;p__Bacteroidetes;c__Bacteroidia;o__Bacteroidales;f__Porphyromonadaceae;g__Parabacteroides;s__Parabacteroides_distasonis	-0.0443037180523	0.067873073335	-0.0731700048657	-0.0366412343725	-0.103496542268	-0.103980847913	-0.0141870858706	-0.0708418249052	0.025753614988	1.0	-0.00675431486466	-0.127405006944	0.0224048309756	-0.0561132754488	-0.0715758439924	-0.0384031450424	0.0597980937739	0.0386015587296	-0.00140690017201	-0.110780077044	-0.0949258010945	0.0167621845839	0.00986179316826	-0.0136614068724	0.0255419574351	-0.0593253368756	-0.0788485535433	0.0174965996783	-0.0908967687326	-0.00300980301604	-0.149657637338	-0.0505861723013	-0.0288728094073	0.0511044816985	-0.109970230708	-0.0249018338933	0.0908670367001	-0.10835132628	-0.00975743596349	-0.0724191904389	-0.0349680928535	-0.0871591733428	-0.136782256116	0.0144967339903	0.00625074740486	0.127316363489	-0.0832993154751	0.103380045702	-0.0628271718668	0.0293155937406	-0.0565134453839	-0.0521129978057	-0.0238764797689	-0.0521964537157	-0.25122001928	-0.0465130204415	-0.0226999100355	-0.119956352524	0.13979033882
k__Bacteria;p__Bacteroidetes;c__Bacteroidia;o__Bacteroidales;f__Bacteroidaceae;g__Bacteroides;s__Bacteroides_thetaiotaomicron	-0.104403975638	0.0222696562966	0.00570789304319	-0.0382910025897	0.0442603962113	-0.0554885368533	-0.0451528548376	-0.0160707952708	-0.00808940166165	-0.00675431486466	1.0	0.030576959049	-0.0859209169821	0.0568171918936	0.0335316403248	-0.0929505512454	0.0518408371291	-0.126229646186	0.00785238867979	0.0990896768268	0.0487800697353	-0.0845778243637	-0.0716854424874	-0.0890040638358	-0.0194699215528	-0.0879582841875	-0.050641700711	0.0404748050928	-0.0500237871185	0.0188646914143	-0.143989480882	-0.0202160703173	-0.0246201445148	-0.143821181385	-0.0263975117596	-0.0876809339401	-0.101473375601	-0.0434325988097	-0.120316079991	-0.0776444359759	-0.0486086076432	-0.0590361532051	-0.0578775577761	-0.00916269384831	-0.0182430761035	-0.0353529701561	-0.0531711672038	0.0608250031169	-0.106898374631	0.00588787374706	-0.0304658803821	-0.0091805468571	-0.0209061507665	-0.0453082211397	-0.0209921152548	0.0616534167044	-0.107631519559	-0.113044370926	-0.0477679846549
k__Bacteria;p__Bacteroidetes;c__Bacteroidia;o__Bacteroidales;f__Bacteroidaceae;g__Bacteroides;s__Bacteroides_coprocola	-0.0518264279639	-0.146640421142	-0.0874468743849	-0.0877757314931	-0.144874407967	0.106090550591	-0.130061996686	0.0654892602039	0.08883488595	-0.127405006944	0.030576959049	1.0	0.0801842942531	-0.0221843297248	-0.0214771952668	-0.000371623444453	-8.46557747905e-05	0.0447049890129	-0.0577423206369	-0.0175290790293	0.0571826555927	-0.109820213855	0.0139829713323	-0.0575591949183	-0.0848396818666	-0.0400076592596	-0.102608582291	-0.0158001968298	-0.0566142416322	-0.0102807165887	-0.0837381997626	0.0323487955272	-0.00907604964275	-0.0662290681146	-0.045471742985	-0.0957729129457	0.0151187254081	0.0348519976097	-0.102067156341	-0.0450293407686	0.0393203000707	-0.133461808138	-0.0593417110616	0.113740178579	-0.0765170614174	-0.100400416048	-0.0686161860217	-0.0188071881077	-0.0173970730699	-0.153534028895	-0.0399411945422	-0.00966894330066	-0.0977601282809	0.024935376827	-0.0945278547695	-0.0334551402775	-0.0621173895088	0.0490744506481	-0.034090583593
k__Bacteria;p__Bacteroidetes;c__Bacteroidia;o__Bacteroidales;f__Bacteroidaceae;g__Bacteroides;s__Bacteroides_cellulosilyticus	-0.00577498350398	-0.0837781334226	0.0342253412894	-0.00447758320135	-0.149366195586	-0.165681837727	0.0674907235737	-0.107509308168	0.00115184735666	0.0224048309756	-0.0859209169821	0.0801842942531	1.0	-0.0589861999463	-0.0498964772008	0.0989261723223	-0.0171223304894	0.0336812148485	0.0620498785783	-0.0328362141972	-0.137237608563	-0.143323871884	0.0114756386033	-0.101400078891	-0.073561385425	0.0493630430367	-0.040021562609	0.0167283395815	-0.130750309996	-0.0364467800055	0.009706296622	-0.0166121296629	-0.0813746537827	-0.198834661436	-0.00176782448783	0.0603628591497	-0.0939619394806	0.0624591584962	0.104190675718	-0.0900971366463	-0.0849689618992	0.0258641843715	-0.0473627670081	-0.0476161343007	-0.126412206478	-0.0386953957986	-0.10368932265	0.04464137907	0.0689267583065	0.0401323503705	0.00626783108248	-0.201856258464	-0.00742708820517	0.0881816403562	-0.0314256295337	0.0149970022093	-0.0720281087698	-0.0459764502268	0.09412748974
k__Bacteria;p__Bacteroidetes;c__Bacteroidia;o__Bacteroidales;f__Rikenellaceae;g__Alistipes;s__Alistipes_obesi	-0.0472590414451	-0.0150661438769	-0.0281220294787	-0.0347618742382	0.0175820483013	-0.0382322964396	-0.0291233352252	0.0824793437612	-0.0898015223857	-0.0561132754488	0.0568171918936	-0.0221843297248	-0.0589861999463	1.0	-0.0121847970878	-0.111260574531	0.0691081095578	-0.0295020166001	-0.102665107715	-0.105091151818	-0.0348585945366	-0.123134457051	-0.0739940690128	-0.165599053995	-0.0932252081009	0.0697259531767	-0.0412971111946	-0.0724312476373	-0.0857433122502	-0.0268829209251	-0.102018756421	-0.131903490863	-0.092003139296	-0.0975038485492	-0.0455273369307	0.0719537104597	0.0667189864043	-0.079314533814	0.0215364003488	-0.0111982929232	0.00385177745244	-0.0971931364188	-0.056943115562	-0.0254359386428	-0.0736656629904	0.0878136918661	-0.091855419218	-0.0133648119708	-0.0238588281215	0.0112871469981	-0.0158374852075	-0.100732533364	-0.103154310019	-0.026207118268	-0.0428711247302	-0.0846235130333	-0.0713853955001	0.0626745608879	-0.120835630694
k__Bacteria;p__Firmicutes;c__Clostridia;o__Clostridiales;f__Lachnospiraceae;g__;s__[Eubacterium]_rectale	-0.0332450956743	0.0397625642875	0.064783387544	0.00586712073108	-0.107736935062	-0.0901548152219	0.00959845649462	-0.0458552403882	-0.0263159085924	-0.0715758439924	0.0335316403248	-0.0214771952668	-0.0498964772008	-0.0121847970878	1.0	-0.0987516471183	-0.0946647840289	-0.00182022341968	-0.0166513024248	0.00291089067254	0.0316671799672	-0.123138354097	-0.00487324052352	-0.0134709989171	0.0242819396289	-0.106154309237	-0.0976116470302	0.0390938211759	-0.0495115733278	0.0418856160889	-0.0182486303845	0.00881263591521	-0.0833453261546	0.130871650142	-0.08461041644	0.00444400880996	-0.0101893170064	-0.0403947707576	-0.00478804136573	0.0663973997555	-0.158971265074	0.0354015113954	-0.131017603269	-0.0868933740265	0.0432976759169	0.0797057942163	-0.0952400159155	0.0377863585048	0.0686440038744	-0.052846810748	-0.0531793311605	-0.103087707874	0.0648386685306	-0.0743582212013	-0.115923082408	-0.0509072649826	-0.00229565217342	-0.012137657348	-0.064566527686
k__Bacteria;p__Bacteroidetes;c__Bacteroidia;o__Bacteroidales;f__Bacteroidaceae;g__Bacteroides;s__Bacteroides_plebeius	-0.142340493744	-0.144454710537	-0.0611189112513	0.127908627972	-0.112086821314	-0.0473322033597	-0.0232104033835	0.0410969771176	0.0099712550075	-0.0384031450424	-0.0929505512454	-0.000371623444453	0.0989261723223	-0.111260574531	-0.0987516471183	1.0	0.0688065156797	-0.0754298753481	-0.123863489526	-0.184104384486	0.016146958982	-0.174036588713	-0.0154451403801	0.00371450175484	-0.124842007653	-0.121062185568	-0.0535676863343	-0.0135960374634	0.0356603215715	-0.122077964097	0.0716457513644	-0.0721113533363	-0.0299924103299	-0.155047401622	-0.158058927008	0.0258653682601	0.0270622501129	0.114207848531	-0.0563276303915	-0.120712546558	-0.12244323763	-0.0029397028272	0.113934225447	-0.105908642005	-0.0567538382618	-0.0276219542659	-0.0072317351188	-0.095159977297	-0.0317144838362	-0.121204376382	0.0279795855217	-0.00836112316643	-0.0510948027367	-0.0657154917429	-0.0401473997351	-0.123904308591	-0.133899202983	0.0706559518932	0.00909317554119
k__Bacteria;p__Bacteroidetes;c__Bacteroidia;o__Bacteroidales;f__Bacteroidaceae;g__Bacteroides;s__Bacteroides_fragilis	-0.0689777809035	-0.0566547982909	-0.113823703633	-0.0223352881384	-0.0342746147729	-0.0454457864259	0.00370728953859	0.130846881953	-0.0080151967596	0.0597980937739	0.0518408371291	-8.46557747905e-05	-0.0171223304894	0.0691081095578	-0.0946647840289	0.0688065156797	1.0	0.0407619652199	-0.103286070395	-0.00211267379125	0.00758041066999	-0.118607355403	0.0736401433557	-0.140494476097	-0.0280315651266	-0.0530791173991	-0.0522993229383	-0.0792317107003	-0.00868966276411	-0.0850079169384	0.125548696057	-0.0525367207513	-0.0407634701513	-0.0314816821007	-0.0282929871906	0.0466406024677	0.12934698692	-0.00957266479554	-0.0462657936382	0.0488284090291	-0.142349955706	-0.0469622214879	-0.110068166094	0.0118765180204	0.0140141645562	-0.170229436842	-0.0564160639247	-0.0987429016594	-0.108352397587	0.0457176009104	-0.0560756240865	-0.147309114683	-0.000221468313618	-0.04206829151	-0.0139821732049	0.0597890779785	-0.0120547591684	-0.0286526864974	0.0889772077626
k__Bacteria;p__Proteobacteria;c__Betaproteobacteria;o__Burkholderiales;f__Sutterellaceae;g__Sutterella;s__Sutterella_wadsworthensis	0.0510507826561	0.0358964567745	-0.0222198735683	-0.0238034872777	-0.133024087966	0.0052074017447	0.0294788229184	-0.00785008685836	0.120281618803	0.0386015587296	-0.126229646186	0.0447049890129	0.0336812148485	-0.0295020166001	-0.00182022341968	-0.0754298753481	0.0407619652199	1.0	-0.0202778582227	-0.0334008428017	-0.0788210039875	0.00341397190864	-0.0609223930727	-0.103951369926	-0.00549028184676	0.0878560750791	-0.0819909946576	0.0565679399737	-0.0202871756448	-0.133740461394	-0.164514572748	0.0306752144478	-0.101110868337	-0.0414014240349	-0.0158720591454	-0.0664206967381	0.0023879083392	0.0842654244977	-0.0853888551561	-0.0552894696878	0.0110792037731	-0.143459893498	-0.090958926777	-0.152042536483	-0.0747274640187	-0.0211977217307	-0.0261191076207	-0.00865358939864	0.00108819419953	-0.0231671997251	-0.0296958319067	0.00282253438537	-0.0562968493885	-0.0858818507848	-0.0900483542366	0.0647908022356	-0.101955437362	0.0179489142591	0.0632696420048
k__Bacteria;p__Bacteroidetes;c__Bacteroidia;o__Bacteroidales;f__Porphyromonadaceae;g__Barnesiella;s__Barnesiella_intestinihominis	0.116462612565	0.0699002087407	0.0695168579156	-0.0481817546518	0.0963593136964	-0.0298521502788	-0.0707611763558	-0.129739899077	0.0997498639448	-0.00140690017201	0.00785238867979	-0.0577423206369	0.0620498785783	-0.102665107715	-0.0166513024248	-0.123863489526	-0.103286070395	-0.0202778582227	1.0	0.101440285919	0.0416832533217	-0.0951880216464	0.0446673203114	-0.0673632087728	-0.134586787094	-0.111575228511	-0.0611494865046	-0.0773782718848	-0.0977145183971	-0.028165658094	-0.047315334193	-0.0299556034459	-0.00476375164306	-0.0392148270872	0.023695229051	-0.0782863783334	-0.0650383028736	0.0405826440651	-0.0468737223278	-0.0640231301759	0.00593103500586	-0.0191078915047	0.102254596547	-0.028911517898	0.0942907069013	-0.0356114263014	0.0678469479493	0.0213296777977	-0.0515925854548	-0.0737223353733	-0.0914966771512	-0.0845388241889	-0.0442578282272	0.0315800342586	-0.0832362120841	-0.10126114568	-0.0184441715622	-0.0580213712462	0.0583633604554
k__Bacteria;p__Bacteroidetes;c__Bacteroidia;o__Bacteroidales;f__Odoribacteraceae;g__Odoribacter;s__Odoribacter_splanchnicus	-0.0831042036807	-0.0515859533551	-0.176545400848	-0.0952999339273	-0.0278360518603	-0.109048863183	-0.0574058116149	-0.0265355865894	-0.0405726601498	-0.110780077044	0.0990896768268	-0.0175290790293	-0.0328362141972	-0.105091151818	0.00291089067254	-0.184104384486	-0.00211267379125	-0.0334008428017	0.101440285919	1.0	-0.0708600141876	0.0358621777301	-0.0394140222453	-0.0561314827922	0.0103722818817	-0.0530975637491	0.0279485455127	-0.0225294983873	-0.145284141302	-0.0433418101443	-0.0584807871246	0.0287220128587	0.112115401805	-0.0658390776404	0.0548364408967	-0.0801245342289	-0.0851036799708	-0.0479772459454	-0.00921419675531	-0.0283464247883	-0.120812110543	0.028691945074	-0.0789173342096	0.00803263973928	0.0330646824774	0.11762990892	0.126990110415	0.0704459107584	-0.153312300522	0.0254827519947	-0.152138466063	-0.0492454408116	-0.0126773511563	-0.0750928139129	-0.0714967948065	-0.0213835300042	-0.0175943086041	0.0328960938844	-0.0452726552846
k__Bacteria;p__Bacteroidetes;c__Bacteroidia;o__Bacteroidales;f__Bacteroidaceae;g__Bacteroides;s__Bacteroides_salyersiae	0.0805049874673	-0.0369557649387	-0.123655486819	-0.0938602075811	0.0427933770306	0.125569282023	0.0385264839258	-0.0627146741754	0.00925246666427	-0.0949258010945	0.0487800697353	0.0571826555927	-0.137237608563	-0.0348585945366	0.0316671799672	0.016146958982	0.00758041066999	-0.0788210039875	0.0416832533217	-0.0708600141876	1.0	-0.00231100677208	0.0248697837367	-0.0476296483511	-0.0677057717084	-0.196174360055	-0.138757585254	-0.00557197799463	0.114947261426	0.00788276926963	-0.0584150864628	-0.0491516253507	0.0146265729552	-0.117723195688	0.102675323635	-0.0500193383665	-0.152430775209	0.00233230011958	-0.0307514549047	-0.0442404316231	-0.0188637953705	-0.0855572148042	0.0233389304018	0.0345424806441	-0.083061052481	-0.0148780350974	-0.101601597561	0.0201920761555	0.101026437987	-0.162246091748	-0.0792086645327	0.1036650859	0.025827223465	-0.092685479266	-0.00612282877533	-0.0466849130141	-0.0328352450419	-0.0858463228118	-0.0796388568271
k__Bacteria;p__Firmicutes;c__Clostridia;o__Clostridiales;f__Ruminococcaceae;g__Ruminiclostridium;s__[Eubacterium]_siraeum	0.0475840453378	0.0477636997954	-0.0413569301731	-0.189742249089	-0.121292741701	0.0543932809407	-0.0493469266779	-0.0925880204196	-0.17897308913	0.0167621845839	-0.0845778243637	-0.109820213855	-0.143323871884	-0.123134457051	-0.123138354097	-0.174036588713	-0.118607355403	0.00341397190864	-0.0951880216464	0.0358621777301	-0.00231100677208	1.0	-0.0803190976589	-0.0398645786441	-0.0180142623518	-0.105573463472	0.0502412628803	0.043860549417	-0.176515437031	0.0332801403059	-0.0105952898529	-0.048284639888	-0.0718055668214	-0.0856945385025	-0.00218469214927	-0.13515319981	-0.040030408109	-0.0226002300937	-0.0843167822631	-0.0707504940058	-0.0654964746269	-0.0322022441401	0.0241960556396	0.0272301609157	-0.0442019309012	-0.0564400057713	0.0697010318942	-0.0385641984021	0.0239671622717	-0.00544699802095	-0.00606968335475	0.00576376330166	0.0212074778802	0.0131199638407	-0.0339260996721	-0.0470789342151	0.00240204434353	-0.0873893708987	0.0707608890061
k__Bacteria;p__Proteobacteria;c__Betaproteobacteria;o__Burkholderiales;f__Sutterellaceae;g__Parasutterella;s__Parasutterella_excrementihominis	0.00141794679772	0.0779721753939	-0.00213586251267	0.00275699397291	-0.0269466823709	-0.110755697474	0.041138966301	-0.0260682602265	-0.0487938073874	0.00986179316826	-0.0716854424874	0.0139829713323	0.0114756386033	-0.0739940690128	-0.00487324052352	-0.0154451403801	0.0736401433557	-0.0609223930727	0.0446673203114	-0.0394140222453	0.0248697837367	-0.0803190976589	1.0	-0.0160331762722	-0.0413594981582	-0.0232093332906	-0.000539800613356	0.00107140282717	-0.0387732373891	-0.0670922518986	-0.0220922185185	-0.102343116776	0.0525067432458	0.0372011407662	0.0220274022926	-0.174609806564	0.0143375297593	-0.0981831200609	0.0734392925794	-0.006885463082	0.0421362605879	0.0186266139501	-0.00940787429601	-0.032638070212	-0.0811339039402	-0.0201049413185	0.0389298546351	-0.127016846881	-0.067908544873	0.0115233568693	-0.0689810536733	-0.136198492872	0.0322743923262	-0.0788661869443	-0.108699090584	-0.0935249967743	-0.0970493747392	-0.0929526328753	-0.0401150958235
k__Bacteria;p__Actinobacteria;c__Actinobacteria;o__Bifidobacteriales;f__Bifidobacteriaceae;g__Bifidobacterium;s__Bifidobacterium_adolescentis	-0.0770376822544	-0.0617257408295	-0.0359008774262	-0.0343813634959	0.0319121016326	0.0281871379992	0.0228895331958	-0.0549259760991	-0.0809636841302	-0.0136614068724	-0.0890040638358	-0.0575591949183	-0.101400078891	-0.165599053995	-0.0134709989171	0.00371450175484	-0.140494476097	-0.103951369926	-0.0673632087728	-0.0561314827922	-0.0476296483511	-0.0398645786441	-0.0160331762722	1.0	0.093372783358	-0.087248740315	-0.0454706563117	0.017679199217	0.0093700394973	-0.045542766261	-0.0555184285126	0.0306377683524	0.0160046651539	-0.0121840344273	-0.00895333895457	-0.056619091506	0.0715188050821	0.0258303910535	-0.012279963889	-0.0145085643289	0.0867447877355	-0.0462244453271	-0.0955494160475	-0.0749820714622	-0.0495807520678	-0.013849525082	-0.0529963521478	0.0592058596243	-0.06920711316	-0.052116749217	0.0934038377106	-0.00527282627124	0.0107938364686	-0.0127683782192	0.0669633920557	-0.0573196048426	-0.0716900567489	0.0711204357197	-0.17059989014
k__Bacteria;p__Firmicutes;c__Clostridia;o__Clostridiales;f__Oscillospiraceae;g__Oscillibacter;s__Oscillibacter_sp._KLE_1745	-0.0157757955042	0.0492113659574	-0.0481185976326	0.107782525244	-0.0438452733539	0.0246881086647	-0.0854463832858	-0.00561962048701	0.0264083835266	0.0255419574351	-0.0194699215528	-0.0848396818666	-0.073561385425	-0.0932252081009	0.0242819396289	-0.124842007653	-0.0280315651266	-0.00549028184676	-0.134586787094	0.0103722818817	-0.0677057717084	-0.0180142623518	-0.0413594981582	0.093372783358	1.0	0.0472606033544	0.00580545224176	-0.0365999854988	-0.126101075201	-0.0760507308842	0.0503468286759	0.111214956803	-0.0291661163098	-0.0270581216685	0.0507808116148	0.0139412520225	-0.0332044431631	-0.14821753682	0.0238583391159	-0.0371049080958	-0.0703657882612	-0.0698767338452	-0.141333543477	0.0865651966594	-0.088255022903	-0.0818943104566	-0.128951126307	-0.000293456560596	0.0199203930618	-0.0182033168531	-0.0960214200491	0.0971277527133	-0.036491627887	-0.0288547069098	0.00761134967225	-0.0863623259	-0.061354649019	0.0688076360992	0.0343759797604
k__Bacteria;p__Bacteroidetes;c__Bacteroidia;o__Bacteroidales;f__Bacteroidaceae;g__Bacteroides;s__Bacteroides_coprophilus	0.126706678378	-0.180378867841	0.0602637124949	0.0352351517636	-0.0321307923701	-0.0595233661717	-0.00860357162966	-0.0564053835679	-0.0227648592293	-0.0593253368756	-0.0879582841875	-0.0400076592596	0.0493630430367	0.0697259531767	-0.106154309237	-0.121062185568	-0.0530791173991	0.0878560750791	-0.111575228511	-0.0530975637491	-0.196174360055	-0.105573463472	-0.0232093332906	-0.087248740315	0.0472606033544	1.0	-0.107006155914	-0.0653090807779	0.0850791399174	-0.122792442486	-0.00920925081255	-0.0130754187454	-0.158499811747	-0.0163847501309	-0.12061023717	0.0957531345889	0.0947278499193	-0.0798779489149	-0.0948946152252	-0.0362245815058	-0.102223889995	-0.0256279383295	-0.0994183388074	-0.123205117378	-0.0473100280494	-0.0873216619187	-0.0819405004875	0.00439391566007	-0.066956922802	-0.0164573365281	0.00927479733276	-0.0806254404377	0.051660157448	-0.04900435858	-0.0757652262315	-0.0208653999836	-0.0553879969275	0.0477230028389	0.154450722359
k__Bacteria;p__Firmicutes;c__Clostridia;o__Clostridiales;f__Lachnospiraceae;g__Roseburia;s__Roseburia_intestinalis	0.0594183383689	-0.00890882952279	-0.0147218562815	-0.0563859965578	-0.0437154284206	0.0089865876273	0.00752509740734	-0.0326861966938	-0.0632618983726	-0.0788485535433	-0.050641700711	-0.102608582291	-0.040021562609	-0.0412971111946	-0.0976116470302	-0.0535676863343	-0.0522993229383	-0.0819909946576	-0.0611494865046	0.0279485455127	-0.138757585254	0.0502412628803	-0.000539800613356	-0.0454706563117	0.00580545224176	-0.107006155914	1.0	-0.0686089599237	-0.0726084177881	-0.02781456985	-0.0817043094805	-0.0127203149145	-0.0543960163528	-0.11209305878	0.109595665503	-0.141996980231	-0.0930315516724	-0.0193437844378	-0.0556746376388	-0.0838750606024	0.037857920356	-0.0520711728993	0.0457755327689	0.111219734982	0.0398088515984	0.0669113001919	-0.103112021445	0.0121468878067	-0.157536082375	-0.0313003652662	-0.0873625341044	-0.0192242026097	-0.0117328950455	-0.0783577071456	0.0658058509304	0.0392542839687	-0.076392147447	-0.0207758189318	-0.0850525585455
k__Bacteria;p__Firmicutes;c__Clostridia;o__Clostridiales;f__Lachnospiraceae;g__Roseburia;s__Roseburia_hominis	-0.0647315033955	-0.0261786318759	0.0395631732283	-0.15766225315	-0.100386618171	-0.0615819140724	-0.0123201693063	0.00266208575121	-0.0746644816979	0.0174965996783	0.0404748050928	-0.0158001968298	0.0167283395815	-0.0724312476373	0.0390938211759	-0.0135960374634	-0.0792317107003	0.0565679399737	-0.0773782718848	-0.0225294983873	-0.00557197799463	0.043860549417	0.00107140282717	0.017679199217	-0.0365999854988	-0.0653090807779	-0.0686089599237	1.0	-0.118930341638	0.0877421694254	-0.0947767306959	-0.0279449400658	-0.0667344487876	0.101767237629	-0.0491718293397	-0.180983682511	0.0589116258194	-0.0349731924571	0.0108926025638	0.0717128685497	-0.0302909899051	-0.0428372601692	-0.158973170234	-0.0737601507818	-0.0607536613609	-0.0899167649567	0.0933681671847	-0.0335685789415	0.0172313880874	0.0395792783588	-0.0934136132105	-0.0463784643986	-0.132605436933	0.0523443773556	-0.104591531884	0.0632230162458	0.00403356712093	-0.123100301568	0.0904224700882
k__Bacteria;p__Bacteroidetes;c__Bacteroidia;o__Bacteroidales;f__Porphyromonadaceae;g__Parabacteroides;s__Parabacteroides_johnsonii	0.0143794895451	-0.134571995999	0.00170215319847	-0.114070155654	0.0216696822393	-0.0328602584173	0.0456233097079	0.0235495402862	0.0356973682146	-0.0908967687326	-0.0500237871185	-0.0566142416322	-0.130750309996	-0.0857433122502	-0.0495115733278	0.0356603215715	-0.00868966276411	-0.0202871756448	-0.0977145183971	-0.145284141302	0.114947261426	-0.176515437031	-0.0387732373891	0.0093700394973	-0.126101075201	0.0850791399174	-0.0726084177881	-0.118930341638	1.0	0.0551895507664	-0.0546267163426	-0.00583273028962	-0.0772567998018	-0.0505975157863	-0.0439190845693	0.0356620530679	-0.00361055398439	-0.0569051809611	-0.081289520597	-0.0665006490594	0.0897003752304	0.0163341917533	0.0109032196824	-0.0443247254244	-0.00373972698898	-0.0871919853289	-0.0576001484065	-0.131143169925	-0.00317474937076	-0.0691882513286	0.00889962291815	0.00195126221457	-0.0878765901094	0.0853125874804	-0.0434272900328	0.00732450327607	-0.0216277728739	0.0690679138844	-0.0700500839975
k__Bacteria;p__Actinobacteria;c__Actinobacteria;o__Bifidobacteriales;f__Bifidobacteriaceae;g__Bifidobacterium;s__Bifidobacterium_longum	0.0369334244914	0.0551611030775	0.00694056219834	0.0216833118836	0.0499508481361	-0.0786920574371	-0.0435629161429	-0.0690882324412	0.00257047986927	-0.00300980301604	0.0188646914143	-0.0102807165887	-0.0364467800055	-0.0268829209251	0.0418856160889	-0.122077964097	-0.0850079169384	-0.133740461394	-0.028165658094	-0.0433418101443	0.00788276926963	0.0332801403059	-0.0670922518986	-0.045542766261	-0.0760507308842	-0.122792442486	-0.02781456985	0.0877421694254	0.0551895507664	1.0	-0.105912288623	-0.0692670040319	-0.0391271426633	-0.0956033472929	-0.123516813315	-0.0383432586592	0.111889547715	-0.146918928591	-0.0801534185475	0.0107337648684	-0.0493544082558	0.0982554868346	-0.0371712830219	-0.0946656222144	-0.0344611177653	0.0887036207966	-0.191069510657	-0.0447563643731	0.00561207275227	-0.0208201558799	0.0212776250993	-0.0710383771394	-0.0425349082941	0.0888328860061	-0.0188236756279	0.00838115600368	-0.100892547756	-0.0739430344209	-0.0895862211073
