#taxonomy	k__Bacteria;p__Bacteroidetes;c__Bacteroidia;o__Bacteroidales;f__Bacteroidaceae;g__Bacteroides;s__Bacteroides_vulgatus	k__Bacteria;p__Bacteroidetes;c__Bacteroidia;o__Bacteroidales;f__Bacteroidaceae;g__Bacteroides;s__Bacteroides_uniformis	k__Bacteria;p__Bacteroidetes;c__Bacteroidia;o__Bacteroidales;f__Rikenellaceae;g__Alistipes;s__Alistipes_putredinis	k__Bacteria;p__Bacteroidetes;c__Bacteroidia;o__Bacteroidales;f__Prevotellaceae;g__Prevotella;s__Prevotella_copri	k__Bacteria;p__Bacteroidetes;c__Bacteroidia;o__Bacteroidales;f__Bacteroidaceae;g__Bacteroides;s__Bacteroides_stercoris	k__Bacteria;p__Bacteroidetes;c__Bacteroidia;o__Bacteroidales;f__Bacteroidaceae;g__Bacteroides;s__Bacteroides_ovatus	k__Bacteria;p__Bacteroidetes;c__Bacteroidia;o__Bacteroidales;f__Rikenellaceae;g__Alistipes;s__Alistipes_shahii	k__Bacteria;p__Firmicutes;c__Clostridia;o__Clostridiales;f__Ruminococcaceae;g__Faecalibacterium;s__Faecalibacterium_prausnitzii	k__Bacteria;p__Bacteroidetes;c__Bacteroidia;o__Bacteroidales;f__Rikenellaceae;g__Alistipes;s__Alistipes_finegoldii	k__Bacteria;p__Bacteroidetes;c__Bacteroidia;o__Bacteroidales;f__Porphyromonadaceae;g__Parabacteroides;s__Parabacteroides_distasonis	k__Bacteria;p__Bacteroidetes;c__Bacteroidia;o__Bacteroidales;f__Bacteroidaceae;g__Bacteroides;s__Bacteroides_thetaiotaomicron	k__Bacteria;p__Bacteroidetes;c__Bacteroidia;o__Bacteroidales;f__Bacteroidaceae;g__Bacteroides;s__Bacteroides_coprocola	k__Bacteria;p__Bacteroidetes;c__Bacteroidia;o__Bacteroidales;f__Bacteroidaceae;g__Bacteroides;s__Bacteroides_cellulosilyticus	k__Bacteria;p__Bacteroidetes;c__Bacteroidia;o__Bacteroidales;f__Rikenellaceae;g__Alistipes;s__Alistipes_obesi	k__Bacteria;p__Firmicutes;c__Clostridia;o__Clostridiales;f__Lachnospiraceae;g__;s__[Eubacterium]_rectale	k__Bacteria;p__Bacteroidetes;c__Bacteroidia;o__Bacteroidales;f__Bacteroidaceae;g__Bacteroides;s__Bacteroides_plebeius	k__Bacteria;p__Bacteroidetes;c__Bacteroidia;o__Bacteroidales;f__Bacteroidaceae;g__Bacteroides;s__Bacteroides_fragilis	k__Bacteria;p__Proteobacteria;c__Betaproteobacteria;o__Burkholderiales;f__Sutterellaceae;g__Sutterella;s__Sutterella_wadsworthensis	k__Bacteria;p__Bacteroidetes;c__Bacteroidia;o__Bacteroidales;f__Porphyromonadaceae;g__Barnesiella;s__Barnesiella_intestinihominis	k__Bacteria;p__Bacteroidetes;c__Bacteroidia;o__Bacteroidales;f__Odoribacteraceae;g__Odoribacter;s__Odoribacter_splanchnicus	k__Bacteria;p__Bacteroidetes;c__Bacteroidia;o__Bacteroidales;f__Bacteroidaceae;g__Bacteroides;s__Bacteroides_salyersiae	k__Bacteria;p__Firmicutes;c__Clostridia;o__Clostridiales;f__Ruminococcaceae;g__Ruminiclostridium;s__[Eubacterium]_siraeum	k__Bacteria;p__Proteobacteria;c__Betaproteobacteria;o__Burkholderiales;f__Sutterellaceae;g__Parasutterella;s__Parasutterella_excrementihominis	k__Bacteria;p__Actinobacteria;c__Actinobacteria;o__Bifidobacteriales;f__Bifidobacteriaceae;g__Bifidobacterium;s__Bifidobacterium_adolescentis	k__Bacteria;p__Firmicutes;c__Clostridia;o__Clostridiales;f__Oscillospiraceae;g__Oscillibacter;s__Oscillibacter_sp._KLE_1745	k__Bacteria;p__Bacteroidetes;c__Bacteroidia;o__Bacteroidales;f__Bacteroidaceae;g__Bacteroides;s__Bacteroides_coprophilus	k__Bacteria;p__Firmicutes;c__Clostridia;o__Clostridiales;f__Lachnospiraceae;g__Roseburia;s__Roseburia_intestinalis	k__Bacteria;p__Firmicutes;c__Clostridia;o__Clostridiales;f__Lachnospiraceae;g__Roseburia;s__Roseburia_hominis	k__Bacteria;p__Bacteroidetes;c__Bacteroidia;o__Bacteroidales;f__Porphyromonadaceae;g__Parabacteroides;s__Parabacteroides_johnsonii	k__Bacteria;p__Actinobacteria;c__Actinobacteria;o__Bifidobacteriales;f__Bifidobacteriaceae;g__Bifidobacterium;s__Bifidobacterium_longum	k__Bacteria;p__Firmicutes;c__Clostridia;o__Clostridiales;f__;g__Flavonifractor;s__Flavonifractor_plautii	k__Bacteria;p__Firmicutes;c__Clostridia;o__Clostridiales;f__Clostridiaceae;g__Clostridium;s__Clostridium_phoceensis	k__Bacteria;p__Verrucomicrobia;c__Verrucomicrobiae;o__Verrucomicrobiales;f__Akkermansiaceae;g__Akkermansia;s__Akkermansia_muciniphila	k__Bacteria;p__Bacteroidetes;c__Bacteroidia;o__Bacteroidales;f__Prevotellaceae;g__Paraprevotella;s__Paraprevotella_xylaniphila	k__Bacteria;p__Firmicutes;c__Clostridia;o__Clostridiales;f__Ruminococcaceae;g__Ruminococcus;s__Ruminococcus_callidus	k__Bacteria;p__Bacteroidetes;c__Bacteroidia;o__Bacteroidales;f__Rikenellaceae;g__Alistipes;s__Alistipes_senegalensis	k__Bacteria;p__Firmicutes;c__Clostridia;o__Clostridiales;f__Lachnospiraceae;g__Blautia;s__Blautia_sp._KLE_1732	k__Bacteria;p__Bacteroidetes;c__Bacteroidia;o__Bacteroidales;f__Bacteroidaceae;g__Bacteroides;s__Bacteroides_oleiciplenus	k__Bacteria;p__Firmicutes;c__Clostridia;o__Clostridiales;f__Ruminococcaceae;g__Ruminococcus;s__Ruminococcus_bicirculans	k__Bacteria;p__Bacteroidetes;c__Bacteroidia;o__Bacteroidales;f__Bacteroidaceae;g__Bacteroides;s__Bacteroides_fluxus	k__Bacteria;p__Bacteroidetes;c__Bacteroidia;o__Bacteroidales;f__Prevotellaceae;g__Prevotella;s__Prevotella_stercorea	k__Bacteria;p__Firmicutes;c__Clostridia;o__Clostridiales;f__Lachnospiraceae;g__Dorea;s__Dorea_longicatena	k__Bacteria;p__Firmicutes;c__Clostridia;o__Clostridiales;f__Eubacteriaceae;g__Eubacterium;s__[Eubacterium]_eligens	k__Bacteria;p__Firmicutes;c__Clostridia;o__Clostridiales;f__Ruminococcaceae;g__;s__Ruminococcaceae_bacterium_D16	k__Bacteria;p__Firmicutes;c__Clostridia;o__Clostridiales;f__Lachnospiraceae;g__Coprococcus;s__Coprococcus_comes	k__Bacteria;p__Proteobacteria;c__Gammaproteobacteria;o__Enterobacterales;f__Enterobacteriaceae;g__Escherichia;s__Escherichia_coli	k__Bacteria;p__Firmicutes;c__Clostridia;o__Clostridiales;f__Ruminococcaceae;g__Anaerotruncus;s__Anaerotruncus_colihominis	k__Bacteria;p__Firmicutes;c__Clostridia;o__Clostridiales;f__Lachnospiraceae;g__Blautia;s__Blautia_obeum	k__Bacteria;p__Bacteroidetes;c__Bacteroidia;o__Bacteroidales;f__Odoribacteraceae;g__Odoribacter;s__Odoribacter_laneus	k__Bacteria;p__Firmicutes;c__Clostridia;o__Clostridiales;f__Ruminococcaceae;g__Ruminiclostridium;s__[Clostridium]_leptum	k__Bacteria;p__Bacteroidetes;c__Bacteroidia;o__Bacteroidales;f__Porphyromonadaceae;g__Parabacteroides;s__Parabacteroides_goldsteinii	k__Bacteria;p__Firmicutes;c__Clostridia;o__Clostridiales;f__Lachnospiraceae;g__Anaerostipes;s__Anaerostipes_hadrus	k__Bacteria;p__Firmicutes;c__Clostridia;o__Clostridiales;f__Ruminococcaceae;g__Ruminococcus;s__Ruminococcus_lactaris	k__Bacteria;p__Firmicutes;c__Clostridia;o__Clostridiales;f__Clostridiaceae;g__Clostridium;s__Clostridium_sp._L2-50	k__Bacteria;p__Firmicutes;c__Clostridia;o__Clostridiales;f__Clostridiaceae;g__Clostridium;s__Clostridium_sp._M62/1	k__Bacteria;p__Firmicutes;c__Clostridia;o__Clostridiales;f__;g__Intestinimonas;s__Intestinimonas_butyriciproducens	k__Bacteria;p__Actinobacteria;c__Actinobacteria;o__Bifidobacteriales;f__Bifidobacteriaceae;g__Bifidobacterium;s__Bifidobacterium_bifidum	k__Bacteria;p__Firmicutes;c__Negativicutes;o__Veillonellales;f__Veillonellaceae;g__Dialister;s__Dialister_invisus	k__Bacteria;p__Bacteroidetes;c__Bacteroidia;o__Bacteroidales;f__Bacteroidaceae;g__Bacteroides;s__Bacteroides_salanitronis
k__Bacteria;p__Bacteroidetes;c__Bacteroidia;o__Bacteroidales;f__Bacteroidaceae;g__Bacteroides;s__Bacteroides_vulgatus	1.0	-0.0451870787048	-0.110713267767	-0.032897882268	-0.0463511838274	-0.130105045142	-0.0113818259067	-0.0408441754901	-0.0220072935582	-0.0568629566652	-0.0942243882271	-0.0430005231385	-0.133464292535	-0.076181092168	-0.133818736052	-0.136190213978	-0.107115906003	0.033210222512	-0.147584076764	-0.0386033606463	-0.116955489637	-0.138899555935	0.0106269224794	-0.0207556103499	-0.0302878802021	-0.0673031919636	0.00638402531981	0.0499903079719	0.0131635383929	-0.113849184318	-0.0599448093602	-0.0216917539097	-0.105508129497	-0.0527995961094	0.115445115702	-0.0841469347396	0.0534184262212	-0.000953359265153	-0.0535827658818	-0.0140212394723	0.0354854467604	-0.0894295564208	0.06942494208	0.0359899068101	0.0521611787249	-0.0132039593518	0.00664196864905	0.0148276091075	-0.0666954627916	0.0398560325725	-0.0954926632165	-0.0714784810875	-0.0353785245748	0.0632499427277	-0.0326890260823	0.147756315348	-0.0912285144319	0.0210202091677	0.0609118183406
k__Bacteria;p__Bacteroidetes;c__Bacteroidia;o__Bacteroidales;f__Bacteroidaceae;g__Bacteroides;s__Bacteroides_uniformis	-0.0451870787048	1.0	-0.0351832764793	-0.171862371478	0.0127063809393	-0.0660430407644	0.0705213967291	0.0636220311836	0.00591574543785	-0.174995200908	-0.102181772307	0.0160558610496	-0.153762180883	-0.060089253616	0.060641140996	0.012405623762	0.0291170768296	0.0208882399046	0.0322198167302	-0.119983956975	-0.0263062640906	0.0083063417633	-0.0203367210388	0.0379313829905	-0.094131576815	-0.093837533216	-0.012396382324	-0.0129590829679	0.0440051228135	0.0296822895246	0.00261871332842	-0.0154713204514	0.019738034423	0.00954723398564	0.0282540036614	0.0572376133974	0.0714206028924	0.0342135067475	-0.00190717371519	-0.150087871173	0.0090966405425	-0.00427871806293	-0.00145067702407	-0.0689871326425	-0.00457626621416	-0.100126903156	0.0241350529154	-0.0167814027446	-0.0551257723839	-0.0765298153315	-0.0912899576154	-0.0517006997169	-0.121374265334	0.0526821806097	-0.120443756156	0.0188789527879	-0.104128283366	0.044193114815	-0.0478291316886
k__Bacteria;p__Bacteroidetes;c__Bacteroidia;o__Bacteroidales;f__Rikenellaceae;g__Alistipes;s__Alistipes_putredinis	-0.110713267767	-0.0351832764793	1.0	-0.154989155686	-0.0359495780743	-0.162706828143	-0.0325219649296	-0.139365829979	0.0439306284089	-0.0266514900334	-0.0985634944097	-0.0397217696628	0.0178570688634	-0.0145643036768	-0.109390253082	-0.0150382265038	-0.0317867584909	-0.153296261816	0.0704657011588	-0.152324803996	-0.114709580255	-0.0426901310134	0.0131200216267	0.0605905918997	-0.0476276729252	-0.0470913373545	-0.047828945062	0.0227805356239	-0.00378252853818	-0.101586622465	0.0540191257528	-0.06099316162	0.00712595171947	0.00319014324925	-0.0267336676813	-0.161010730481	0.00493955647938	-0.0052144262327	-0.00444558115052	0.0280533834518	0.0295625892899	-0.0789205955773	0.062435585552	-0.0403159783291	0.0189058323193	-0.104134015093	-0.0057788231804	-0.0461658479002	0.039145706867	0.0192660053861	0.0189543832333	-0.0919522245775	-0.0836471998847	-0.107687194675	0.015971627972	-0.0733124028014	-0.0523146775749	-0.0878787102001	-0.0765848326624
k__Bacteria;p__Bacteroidetes;c__Bacteroidia;o__Bacteroidales;f__Prevotellaceae;g__Prevotella;s__Prevotella_copri	-0.032897882268	-0.171862371478	-0.154989155686	1.0	-0.103334283004	0.0616551687377	-0.0602418778923	0.0116324685088	0.00754239002983	0.0178340818965	-0.0781686385629	-0.0670913486844	-0.0592725948371	-0.0320313549481	-0.0896004121209	-0.0731781397367	-0.098862572569	-0.128575697642	0.00908047770321	-0.196054832161	-0.170056912342	0.0284800475834	-0.126941024409	-0.0550715811656	-0.144312415287	-0.0310087832811	-0.0353918908621	-0.0639332353692	-0.00833640870541	0.0296006741851	0.0360271520125	-0.0202852127225	0.0523281596727	-0.179158125611	-0.0353370386035	-0.0221309870729	-0.172537285573	-0.0332228984803	0.0999239674231	-0.0126355612812	0.0395710597515	0.0215702643702	0.0217386749619	0.0800886133508	0.0638229687748	-0.013131971274	0.0470737721158	-0.0164399630182	0.0433637413245	0.0382611239873	-0.0585479028288	-0.172538232232	-0.041610828166	-0.0315780354391	0.0505206672983	-0.0921286599808	-0.0830281576223	0.0242140683798	0.0303880082208
k__Bacteria;p__Bacteroidetes;c__Bacteroidia;o__Bacteroidales;f__Bacteroidaceae;g__Bacteroides;s__Bacteroides_stercoris	-0.0463511838274	0.0127063809393	-0.0359495780743	-0.103334283004	1.0	-0.0788811052024	-0.12502083915	-0.038933087166	-0.0475359611126	-0.00381490458022	-0.0220291192662	-0.0566562906072	-0.0471400832049	-0.0719154761918	-0.0467269303195	-0.0130045508915	0.0325047497301	0.0332565080148	0.110741002405	-0.0467281870656	-0.0288356674804	-0.124754672304	0.00174533330637	-0.0110033988867	-0.0476509946743	-0.142916400172	-0.0554579664374	-0.017671767925	-0.0259744392833	0.0400856030228	-0.00846113376652	0.00487302699968	-0.119042746129	0.0308056748123	-0.0667674787012	-0.0312652872286	-0.149122121906	-0.0831163596483	-0.00792492984369	-0.0523708036238	-0.0312689718004	-0.15280472663	-0.175694229451	-0.0261314394146	-0.0761276788817	0.0274214783627	0.0132640436832	0.00356698994581	0.0362575460728	-0.101613672759	-0.0591889823198	-0.0452065612593	-0.0173762390697	0.0897009561277	0.0234676790062	0.00629584491794	0.0178084868961	0.0523229980025	-0.0217445359845
k__Bacteria;p__Bacteroidetes;c__Bacteroidia;o__Bacteroidales;f__Bacteroidaceae;g__Bacteroides;s__Bacteroides_ovatus	-0.130105045142	-0.0660430407644	-0.162706828143	0.0616551687377	-0.0788811052024	1.0	-0.0609046410551	0.0262258620826	0.0582335151082	-0.0773839514938	0.0359074729139	0.107169230381	-0.00784047961059	-0.0046183054238	-0.128010918683	0.107602347716	-0.139406826562	-0.0742317178073	-0.00424798808926	-0.0344953643927	-0.0480336023177	0.0273812236406	-0.0223327398489	-0.0664739150619	0.0791636144017	0.0151031169149	-0.118430038027	-0.151446429688	-0.058904283777	0.0248232791549	-0.10721563575	-0.0478564327156	0.0550276511884	0.0257152163858	0.0870769816336	-0.0804131816521	-0.0479714922464	0.0558548298682	0.0745599162777	-0.0247331032693	-0.04182372749	0.0105085199857	-0.00962675485405	0.00959561252003	-0.0815926912357	-0.0028321272647	-0.0796763115756	-0.0504757714443	0.0643251209648	-0.0441561906769	-0.0552504838095	-0.0332092698268	-0.0418479695133	-0.0779418330296	-0.0192659359641	9.85904478364e-05	-0.0668820594895	0.016349641631	-0.0461359130163
k__Bacteria;p__Bacteroidetes;c__Bacteroidia;o__Bacteroidales;f__Rikenellaceae;g__Alistipes;s__Alistipes_shahii	-0.0113818259067	0.0705213967291	-0.0325219649296	-0.0602418778923	-0.12502083915	-0.0609046410551	1.0	-0.15143777995	-0.0393893692549	-0.0180343062971	0.134026277492	0.0468506123727	0.0100079567392	-0.0286132528061	-0.122716767592	-0.094732872434	-0.0383322725367	0.128248456033	0.0763822975254	-0.175963806136	-0.11531851949	0.0201877454126	0.00980759217552	0.00619702334936	-0.0050880085002	-0.00122119502517	0.053083821803	-0.0715284509187	-0.0320577326351	-0.0378404363532	-0.0865662793184	-0.0738662737284	-0.0780455704593	0.0705514696505	0.0306399849578	0.0051454310403	0.00784963819665	-0.0510020651426	0.0427960780137	0.116770384411	0.0643398966971	-0.0498958353135	0.0306698111016	-0.0253317374035	0.00486207384362	-0.0681245738355	-0.0378173464468	-0.0829384102845	0.00783248505115	0.0535731161108	0.0485655078948	0.039257200923	-0.124468798381	-0.0629675404227	-0.0798129998884	-0.0508375630846	0.0912455654042	0.0108815822394	-0.018794685748
k__Bacteria;p__Firmicutes;c__Clostridia;o__Clostridiales;f__Ruminococcaceae;g__Faecalibacterium;s__Faecalibacterium_prausnitzii	-0.0408441754901	0.0636220311836	-0.139365829979	0.0116324685088	-0.038933087166	0.0262258620826	-0.15143777995	1.0	0.0189828995942	0.0285307354085	-0.0159448303531	-0.0271744383423	0.00146389124254	-0.114294258674	-0.0871191777522	-0.0546964407991	-0.0985643424457	0.0186928481171	0.00180673330475	0.107196762151	-0.0160418132327	-0.0974845884092	-0.00544207335248	-0.042579345395	-0.0807610896883	0.0898717404521	0.0456957187756	-0.0671940448464	-0.0284775302179	-0.0694847039772	-0.145758912627	-0.0400093740465	-0.00172441745807	-0.0208752390499	0.0390431771709	-0.173622957489	-0.0117662528225	-0.0303244400594	-0.0322550800504	0.0190941432202	-0.0138979031185	0.00145220564539	0.000998270159517	-0.0711431494393	0.012912938238	-0.0804774651515	0.0197053014168	-0.0257243865246	0.010783266726	-0.0427596140358	-0.0361761808339	0.127156759552	-0.121954993815	0.00922406505372	0.0582892260974	-0.0848874119311	-0.0762325539236	0.071360045017	-0.107536180296
k__Bacteria;p__Bacteroidetes;c__Bacteroidia;o__Bacteroidales;f__Rikenellaceae;g__Alistipes;s__Alistipes_finegoldii	-0.0220072935582	0.00591574543785	0.0439306284089	0.00754239002983	-0.0475359611126	0.0582335151082	-0.0393893692549	0.0189828995942	1.0	-0.112402839239	-0.0604958435426	-0.0121170578098	-0.0394097099181	0.0842501756721	-0.072886876219	-0.0355605306672	0.124387101191	-0.0482082929782	0.0523277796899	-0.0231733813404	-0.0778351476345	-0.00721409786982	-0.0713696043222	-0.0498286195852	0.00832227962235	0.0147560042024	-0.0647705023827	-0.0359908379844	0.00219771957391	-0.00635239227841	0.0822381236369	0.0368505406418	-0.169859790225	-0.0204382357093	-0.0359506657658	-0.0539711169759	-0.154525076201	-0.0614294859192	-0.0830213734737	-0.090859436763	-0.0407067905158	0.0234770094903	-0.113289145663	-0.0258543804581	-0.00668065929697	0.0285609671845	0.0580116037589	-0.0727101016098	-0.0395838533874	-0.139470838353	0.0433206544984	-0.0640115817332	0.0307814126674	0.0701713900988	0.0641881030893	-0.0351546217978	0.000248565029698	-0.0492723907101	-0.045494104398
k__Bacteria;p__Bacteroidetes;c__Bacteroidia;o__Bacteroidales;f__Porphyromonadaceae;g__Parabacteroides;s__Parabacteroides_distasonis	-0.0568629566652	-0.174995200908	-0.0266514900334	0.0178340818965	-0.00381490458022	-0.0773839514938	-0.0180343062971	0.0285307354085	-0.112402839239	1.0	-0.079686681243	0.0110944831782	0.0779599353789	0.0322701553735	0.0208567427593	-0.0176187526082	-0.0797535039852	-0.0391117631585	-0.0274374329683	-0.0415702014456	0.0417864607309	-0.0973376662083	0.0689006253942	-0.0473984260446	-0.107002038394	-0.000869196670158	-0.125793289623	-0.0967004569629	-0.0653795983806	-0.0585160995532	-0.0415252865505	-0.061252645588	-0.113793212224	0.0817521527266	0.0104880039539	-0.0972461228929	-0.145694873344	-0.0264536943914	-0.159272264468	0.0310032467818	0.0326653173102	0.0149627502763	-0.183482688682	-0.11083773178	0.0158209037778	-0.0163329955648	-0.0182335842038	-0.0740190494251	-0.0132020251685	0.0237004504499	0.0221687494741	-0.0259592007359	-0.00850853781274	-0.151381643951	-0.0570178185848	0.0585427543616	0.00310850084553	-0.0330246324703	-0.0646158057984
k__Bacteria;p__Bacteroidetes;c__Bacteroidia;o__Bacteroidales;f__Bacteroidaceae;g__Bacteroides;s__Bacteroides_thetaiotaomicron	-0.0942243882271	-0.102181772307	-0.0985634944097	-0.0781686385629	-0.0220291192662	0.0359074729139	0.134026277492	-0.0159448303531	-0.0604958435426	-0.079686681243	1.0	-0.0173814552657	-0.0322288547541	-0.0398488154188	0.0180887168755	0.0135664564211	-0.0747229324578	0.0108335528018	-0.113823786828	-0.0206421004162	-0.131118777998	0.0327151748189	-0.0732994883574	0.00585933508383	-0.0474399014445	0.0931376299121	0.0208551988057	-0.156029299782	-0.0431373745527	-0.0355304725148	-0.00471850764539	-0.081036206535	-0.0299241065476	0.00593528943561	0.00285818538657	-0.0279184491198	0.0567092272163	-0.108091173141	-0.134625348124	0.00590263170551	-0.0395163278436	-0.0613611799771	-0.162015418181	-0.117548087355	-0.016288849274	-0.100051172101	-0.0619665498387	-0.0116001794488	-0.0276210774884	-0.0451083606605	0.0618423632483	-0.069139103951	0.0160370053469	-0.0347263581309	-0.0156294053384	0.0502950094873	-0.00137196889473	0.0585549141888	-0.0190929112045
k__Bacteria;p__Bacteroidetes;c__Bacteroidia;o__Bacteroidales;f__Bacteroidaceae;g__Bacteroides;s__Bacteroides_coprocola	-0.0430005231385	0.0160558610496	-0.0397217696628	-0.0670913486844	-0.0566562906072	0.107169230381	0.0468506123727	-0.0271744383423	-0.0121170578098	0.0110944831782	-0.0173814552657	1.0	0.0376469948179	-0.0376301161491	0.0564820809883	0.0533443821447	-0.0595405988769	-0.0880287917163	0.0617506376624	0.0923742831514	-0.108315597872	-0.0565295996645	-0.0478813256214	-0.0433473141094	-0.0894843525933	0.00368554920636	-0.10178918225	-0.0400928619357	-0.127279429198	0.00880120957875	-0.172673359279	-0.156377813506	-0.0485268432953	0.0128049870572	0.0467193362384	-0.0534861784105	0.0440141523724	0.00748740056031	0.00827968258516	-0.0114312865305	0.0335437351234	0.00666676302351	0.0931522666539	0.027377461915	-0.10755636368	0.0135751002062	0.0128107641205	0.0108949130615	-0.0378597684837	-0.138711572198	0.0715286835104	0.0527975368015	0.0350984695604	-0.0992238147642	-0.0483661776967	-0.0900931065165	-0.0524736039218	-0.111285578824	-0.107199676309
k__Bacteria;p__Bacteroidetes;c__Bacteroidia;o__Bacteroidales;f__Bacteroidaceae;g__Bacteroides;s__Bacteroides_cellulosilyticus	-0.133464292535	-0.153762180883	0.0178570688634	-0.0592725948371	-0.0471400832049	-0.00784047961059	0.0100079567392	0.00146389124254	-0.0394097099181	0.0779599353789	-0.0322288547541	0.0376469948179	1.0	-0.000735583300986	0.0769472732595	-0.0904623258683	-0.128874712538	0.0553190059294	-0.0314604150838	-0.11456276716	-0.0509734693047	-0.0374144499973	0.0365514193352	-0.00228165137726	-0.0436040293644	0.00866130477382	-0.121112468437	0.0877402852147	-0.135458642339	0.0250862220549	-0.0754320783771	0.00940974175636	-0.0752502058373	-0.0443020765	-0.0542803698585	-0.0843687165383	-0.0510182236661	0.00331751704116	-0.104987440817	-0.120262847643	0.065202780607	-0.0935278164216	0.025957961484	-0.108128133276	-0.0215448793452	-0.020646114765	-0.0911029727982	-0.0182078876003	-0.0105314426559	-0.149925394121	-0.0246810689819	-0.0143119146084	-0.0221448230628	0.117086304282	-0.120407927668	-0.0298845073003	0.0523346750079	-0.0445447609244	-0.0371140477868
k__Bacteria;p__Bacteroidetes;c__Bacteroidia;o__Bacteroidales;f__Rikenellaceae;g__Alistipes;s__Alistipes_obesi	-0.076181092168	-0.060089253616	-0.0145643036768	-0.0320313549481	-0.0719154761918	-0.0046183054238	-0.0286132528061	-0.114294258674	0.0842501756721	0.0322701553735	-0.0398488154188	-0.0376301161491	-0.000735583300986	1.0	0.0172527671755	2.93813242572e-05	0.123237027049	-0.17704113568	-0.00481757554195	-0.108412870937	-0.0395932584596	-0.0350678321004	-0.0100700242752	-0.0822258247073	0.0253075412739	0.010089189651	-0.0191813726596	-0.0715768746546	0.0405077508135	0.0532729820079	-0.0678736982508	-0.0107229822958	0.00539995149872	-0.133469052035	-0.136185240744	-0.0561327148353	-0.120093371203	0.0441908740291	0.0146198069726	-0.123314269745	0.0200617630739	-0.0620106818963	-0.0522887914176	-0.0192958420791	0.0393928072907	-0.0259424898934	-0.0236511520782	0.00794497628042	-0.0131806393923	0.127412792848	-0.0641533175893	0.0153665890262	0.0864354965857	0.00404555662511	0.0463781643039	0.031326801557	-0.00663651520938	0.0517552995694	-0.0432510005569
k__Bacteria;p__Firmicutes;c__Clostridia;o__Clostridiales;f__Lachnospiraceae;g__;s__[Eubacterium]_rectale	-0.133818736052	0.060641140996	-0.109390253082	-0.0896004121209	-0.0467269303195	-0.128010918683	-0.122716767592	-0.0871191777522	-0.072886876219	0.0208567427593	0.0180887168755	0.0564820809883	0.0769472732595	0.0172527671755	1.0	0.00452583369929	0.157682298677	0.0204416663051	0.038511879924	-0.0436217199413	-0.0691161038087	-0.142607369325	0.0103185106465	-0.0893204549225	-0.0406717930256	-0.0754851518275	-0.114982607679	-0.0299156595697	-0.0698214658167	-0.127546052694	-0.0597825629869	-0.065422014819	0.0239325264672	0.0657754287468	0.0498073758622	-0.0584563249816	-0.00527723841874	0.00530451272452	-0.0881019082345	-0.137399716799	0.00850170833174	0.0287667935038	-0.0465032613019	-0.116320196266	0.0486042286871	-0.00256671582434	0.00501247998965	0.0615569856909	0.0832576389383	-0.0818553856566	-0.037359453108	0.00376978015039	-0.0586448616832	-0.0243443437636	-0.0700990180854	-0.0644192767319	-0.169311964528	-0.0994309695833	-0.0334343090677
k__Bacteria;p__Bacteroidetes;c__Bacteroidia;o__Bacteroidales;f__Bacteroidaceae;g__Bacteroides;s__Bacteroides_plebeius	-0.136190213978	0.012405623762	-0.0150382265038	-0.0731781397367	-0.0130045508915	0.107602347716	-0.094732872434	-0.0546964407991	-0.0355605306672	-0.0176187526082	0.0135664564211	0.0533443821447	-0.0904623258683	2.93813242572e-05	0.00452583369929	1.0	0.00196830143956	-0.152131318325	-0.0825118242905	0.0841212002222	-0.140518505815	-0.0882317699402	-0.0620945245381	-0.00696908870715	-0.0426997697816	-0.0406695594119	-0.110068139388	-0.0577576914724	0.0327573410499	0.060626169364	-0.0256302135286	-0.0732372083945	0.0284079218602	-0.0504499972876	0.0420855682711	-0.100285217435	0.0986621974822	0.143419997791	0.0147129063632	-0.0608262842287	-0.0740201042158	-0.181795572761	-0.101848778337	-0.0614745706442	-0.0114773081668	-0.105648730257	-0.0508843321199	-0.00587632313895	0.0190570687549	-0.113185227241	-0.0532029131758	-0.0580032769087	-0.012643933722	-0.0545962093006	-0.00282975616705	-0.0515246986044	-0.142725670958	-0.0432104148572	-0.0803557714834
k__Bacteria;p__Bacteroidetes;c__Bacteroidia;o__Bacteroidales;f__Bacteroidaceae;g__Bacteroides;s__Bacteroides_fragilis	-0.107115906003	0.0291170768296	-0.0317867584909	-0.098862572569	0.0325047497301	-0.139406826562	-0.0383322725367	-0.0985643424457	0.124387101191	-0.0797535039852	-0.0747229324578	-0.0595405988769	-0.128874712538	0.123237027049	0.157682298677	0.00196830143956	1.0	-0.0381480323021	-0.0265477952737	-0.0792607892224	-0.129168429834	-0.0798142026647	-0.0420096015163	-0.0563770043375	-0.0257200729878	-0.0588373875712	-0.0443985662786	-0.0965941397029	0.0121289021974	-0.0536303498134	-0.0290813567471	0.0198061181642	-0.0215825422168	-0.072669189653	-0.103626606927	-0.0181506399504	0.115753206689	-0.147656713847	0.0268606185667	-0.0322604674536	-0.0355908872536	-0.0614753027252	-0.123578400171	-0.0537807678243	0.0415069333572	0.0823848634103	0.032332936314	-0.0236741241897	-0.110180903754	0.0744100237092	-0.0628574684603	-0.0592474635367	0.138457195832	-0.170295951993	-0.0744910967114	-0.0885681172983	0.0561791777749	0.0390212812528	-0.0399454139966
k__Bacteria;p__Proteobacteria;c__Betaproteobacteria;o__Burkholderiales;f__Sutterellaceae;g__Sutterella;s__Sutterella_wadsworthensis	0.033210222512	0.0208882399046	-0.153296261816	-0.128575697642	0.0332565080148	-0.0742317178073	0.128248456033	0.0186928481171	-0.0482082929782	-0.0391117631585	0.0108335528018	-0.0880287917163	0.0553190059294	-0.17704113568	0.0204416663051	-0.152131318325	-0.0381480323021	1.0	-0.0278617689242	-0.0561386677964	-0.0258866334526	-0.0881731111898	-0.0293594856784	0.0578021718012	-0.0305317629818	-0.0915849764266	-0.040584186668	-0.0637968574021	-0.0941114175024	-0.1020289337	-0.114084972886	-0.147199562165	-0.0543911296349	0.0433755380095	-0.0358680636381	-0.0690166837678	0.0126628731308	0.012711219611	0.0375932550037	-0.0788953259395	-0.0822628233546	-0.13681273087	-0.06009665769	-0.0245441215027	-0.0468526075862	-0.0155452446796	-0.0230945819654	-0.0386822675513	-0.0656633029005	-0.0710391548414	0.0475648220989	0.0408841221334	0.0526487773656	0.0695822881568	0.0536267608604	0.113909996402	-0.146520203756	-0.031830785872	0.0179670998298
k__Bacteria;p__Bacteroidetes;c__Bacteroidia;o__Bacteroidales;f__Porphyromonadaceae;g__Barnesiella;s__Barnesiella_intestinihominis	-0.147584076764	0.0322198167302	0.0704657011588	0.00908047770321	0.110741002405	-0.00424798808926	0.0763822975254	0.00180673330475	0.0523277796899	-0.0274374329683	-0.113823786828	0.0617506376624	-0.0314604150838	-0.00481757554195	0.038511879924	-0.0825118242905	-0.0265477952737	-0.0278617689242	1.0	-0.0537689646058	0.0548301459968	-0.000469258887295	-0.0231516687684	0.0630307091772	0.00313100152879	-0.15449071411	0.0926422037499	-0.0572449175001	0.0472170739545	-0.00983010965307	-0.0596593995124	-0.0110141757964	-0.0428439576987	-0.135568924108	0.0434954813928	0.0345748721175	-0.0136893343787	-0.182555528191	-0.105993069143	-0.0900746158299	-0.0998976205723	-0.0452136762425	0.0109981281097	-0.0621322649134	-0.00383974777235	-0.0646108167815	0.05117555458	0.0163237833875	-0.0688271631211	0.0381680785797	0.0339403550803	-0.0833119561215	-0.128804391027	-0.103390549516	0.0489388471005	-0.00313666975139	-0.144029938934	0.0406594685646	-0.0626548034855
k__Bacteria;p__Bacteroidetes;c__Bacteroidia;o__Bacteroidales;f__Odoribacteraceae;g__Odoribacter;s__Odoribacter_splanchnicus	-0.0386033606463	-0.119983956975	-0.152324803996	-0.196054832161	-0.0467281870656	-0.0344953643927	-0.175963806136	0.107196762151	-0.0231733813404	-0.0415702014456	-0.0206421004162	0.0923742831514	-0.11456276716	-0.108412870937	-0.0436217199413	0.0841212002222	-0.0792607892224	-0.0561386677964	-0.0537689646058	1.0	0.0546339304375	-0.10635145386	-0.00758781139579	0.103846274256	0.0615104664219	-0.138202934083	-0.119087385966	0.0514660143795	0.0477709157222	0.0974800560228	-0.00619890581896	0.0592104258539	-0.0382702522543	-0.0281986421194	-0.0538339062088	0.0335707519061	0.0254573088129	-0.0247909689162	-0.124690948655	-0.0346713038265	0.00795485657561	-0.10196837597	0.0466735075898	-0.0209208200753	-0.0476338915595	0.100989333022	0.0271752449782	0.0202621541345	0.0445785326421	-0.0678575856264	-0.0514570268043	-0.00287308083549	-0.102512394356	0.0821809172951	-0.224903797862	-0.137197740992	0.0418758879445	-0.0639576225873	-0.121224863631
k__Bacteria;p__Bacteroidetes;c__Bacteroidia;o__Bacteroidales;f__Bacteroidaceae;g__Bacteroides;s__Bacteroides_salyersiae	-0.116955489637	-0.0263062640906	-0.114709580255	-0.170056912342	-0.0288356674804	-0.0480336023177	-0.11531851949	-0.0160418132327	-0.0778351476345	0.0417864607309	-0.131118777998	-0.108315597872	-0.0509734693047	-0.0395932584596	-0.0691161038087	-0.140518505815	-0.129168429834	-0.0258866334526	0.0548301459968	0.0546339304375	1.0	0.0562792264576	-0.0400979710926	-0.0369083938528	-0.0122306604992	-0.0830326561475	-0.0120089928772	-0.072956038711	-0.0542526659392	0.102739321067	-0.0882231798078	0.0116704576746	-0.056113111664	-0.0997655026823	-0.0402009051704	0.0309665311526	0.0401004784551	-0.110802328758	0.0153430792167	0.0109804974524	-0.167845703465	0.0318018055796	-0.00479827368614	-0.0215996059702	-0.0267548966071	0.082320318526	0.134760848952	0.0656858602931	-0.0396418031275	-0.0880865313136	-0.0241793339168	0.0203007344817	-0.16900462485	0.0102903999054	-0.109265068506	-0.0217552101476	-0.00307523233798	-0.000944287114444	0.0668878130583
k__Bacteria;p__Firmicutes;c__Clostridia;o__Clostridiales;f__Ruminococcaceae;g__Ruminiclostridium;s__[Eubacterium]_siraeum	-0.138899555935	0.0083063417633	-0.0426901310134	0.0284800475834	-0.124754672304	0.0273812236406	0.0201877454126	-0.0974845884092	-0.00721409786982	-0.0973376662083	0.0327151748189	-0.0565295996645	-0.0374144499973	-0.0350678321004	-0.142607369325	-0.0882317699402	-0.0798142026647	-0.0881731111898	-0.000469258887295	-0.10635145386	0.0562792264576	1.0	0.0611693554318	-0.00274350372475	-0.137866075972	0.0495773506291	0.0200882440613	-0.044165750079	-0.025866701777	-0.0878820435065	-0.0249057385235	0.0671410902413	-0.0506317049981	-0.0408166514799	-0.0743138326212	-0.0856559414643	0.0138850643749	-0.144643587902	-0.0505525044474	-0.0893833290788	0.0758753559136	0.0555892644551	0.107144304284	0.0362946438714	-0.110541333104	-0.0115604048803	-0.0425257561911	-0.0648948378123	-0.0221712468503	0.00321727063122	0.0240715519543	-0.0971097100624	0.023699632944	-0.0851288008735	-0.0378413438353	-0.0126852438606	0.0932368888351	0.111675935181	-0.0570963513261
k__Bacteria;p__Proteobacteria;c__Betaproteobacteria;o__Burkholderiales;f__Sutterellaceae;g__Parasutterella;s__Parasutterella_excrementihominis	0.0106269224794	-0.0203367210388	0.0131200216267	-0.126941024409	0.00174533330637	-0.0223327398489	0.00980759217552	-0.00544207335248	-0.0713696043222	0.0689006253942	-0.0732994883574	-0.0478813256214	0.0365514193352	-0.0100700242752	0.0103185106465	-0.0620945245381	-0.0420096015163	-0.0293594856784	-0.0231516687684	-0.00758781139579	-0.0400979710926	0.0611693554318	1.0	0.0311009117812	0.0669923221272	-0.00689522462254	-0.000288347689739	0.0456426584603	-0.098506986906	0.0664143158603	-0.0895740769051	-0.0407895912367	-0.0878450121436	0.0215826760557	-0.0636398213457	0.0723305489967	-0.0323390276353	-0.00760694208995	-0.0560945018933	-0.0574151380844	-0.0813812657867	-0.00150345709025	0.0444968248581	-0.103608092989	-0.018569680799	-0.10293121396	-0.00212619198773	-0.095144509848	-0.0629697172987	-0.160163939249	-0.154974210093	0.019916582747	-0.0321434814411	0.00130877157188	0.0433953480227	0.0450564939854	-0.0363055908628	-0.0864579053614	0.0191606564115
k__Bacteria;p__Actinobacteria;c__Actinobacteria;o__Bifidobacteriales;f__Bifidobacteriaceae;g__Bifidobacterium;s__Bifidobacterium_adolescentis	-0.0207556103499	0.0379313829905	0.0605905918997	-0.0550715811656	-0.0110033988867	-0.0664739150619	0.00619702334936	-0.042579345395	-0.0498286195852	-0.0473984260446	0.00585933508383	-0.0433473141094	-0.00228165137726	-0.0822258247073	-0.0893204549225	-0.00696908870715	-0.0563770043375	0.0578021718012	0.0630307091772	0.103846274256	-0.0369083938528	-0.00274350372475	0.0311009117812	1.0	-0.196507228011	-0.191493707635	0.0860323427896	-0.0551658698407	0.0603847430894	0.0525737210637	0.155096775426	0.0582670856535	-0.103964132325	0.0192314485204	-0.0651227755576	0.0915045942339	-0.131549069424	-0.0911021403685	-0.00979808868881	-0.0948561709802	-0.0139377821723	-0.121286153309	-0.12416537145	0.0294989888098	-0.0495951597656	-0.0484285824303	-0.0191432698712	-0.050598853055	-0.0616428940348	-0.0616645718239	0.0831230634961	0.0348424483729	-0.137521175201	-0.0134103988391	-0.00478285283998	0.00450297217311	0.0275325318539	-0.134294103329	0.0588137568711
k__Bacteria;p__Firmicutes;c__Clostridia;o__Clostridiales;f__Oscillospiraceae;g__Oscillibacter;s__Oscillibacter_sp._KLE_1745	-0.0302878802021	-0.094131576815	-0.0476276729252	-0.144312415287	-0.0476509946743	0.0791636144017	-0.0050880085002	-0.0807610896883	0.00832227962235	-0.107002038394	-0.0474399014445	-0.0894843525933	-0.0436040293644	0.0253075412739	-0.0406717930256	-0.0426997697816	-0.0257200729878	-0.0305317629818	0.00313100152879	0.0615104664219	-0.0122306604992	-0.137866075972	0.0669923221272	-0.196507228011	1.0	-0.0679932771583	0.112182413757	-0.124824437967	0.00903583522863	0.00789494854168	-0.0608394159374	0.0882683464222	-0.0536024767963	0.0727857561227	0.00350944429658	-0.0336723437277	-0.0171805850957	-0.00176191788128	-0.0189322305361	-0.0189145747941	0.000872190259086	-0.0455325949636	-0.128115334555	-0.0905286137486	-0.0881673642214	0.0546444310605	-0.0836283252182	0.00319741065874	-0.145938802944	-0.164175751936	-0.0592218806506	-0.017953514071	-0.113736138089	-0.00575026155114	0.0728174923811	-0.154134960354	0.113307094553	-0.108609948476	0.0481973648492
k__Bacteria;p__Bacteroidetes;c__Bacteroidia;o__Bacteroidales;f__Bacteroidaceae;g__Bacteroides;s__Bacteroides_coprophilus	-0.0673031919636	-0.093837533216	-0.0470913373545	-0.0310087832811	-0.142916400172	0.0151031169149	-0.00122119502517	0.0898717404521	0.0147560042024	-0.000869196670158	0.0931376299121	0.00368554920636	0.00866130477382	0.010089189651	-0.0754851518275	-0.0406695594119	-0.0588373875712	-0.0915849764266	-0.15449071411	-0.138202934083	-0.0830326561475	0.0495773506291	-0.00689522462254	-0.191493707635	-0.0679932771583	1.0	-0.0383863287945	0.0668848393787	-0.0508554544791	-0.0566600357403	-0.0972708108937	-0.0429581365489	0.0988840738855	0.0185868193061	-0.088064818971	0.0325659031742	-0.0317359714483	0.0443604063955	-0.175420455801	-0.115562081756	-0.0923862594329	-0.0364769084299	-0.10552441591	0.0699937676459	-0.0987360382251	-0.0116321668348	-0.0209031344435	-0.0772311341051	-0.065111684252	-0.0235126549183	-0.115511347449	0.157155361776	-0.13499899688	0.116707041983	-0.0175174080307	-0.0390595617492	0.103040432235	-0.0587796775606	0.00180863212005
k__Bacteria;p__Firmicutes;c__Clostridia;o__Clostridiales;f__Lachnospiraceae;g__Roseburia;s__Roseburia_intestinalis	0.00638402531981	-0.012396382324	-0.047828945062	-0.0353918908621	-0.0554579664374	-0.118430038027	0.053083821803	0.0456957187756	-0.0647705023827	-0.125793289623	0.0208551988057	-0.10178918225	-0.121112468437	-0.0191813726596	-0.114982607679	-0.110068139388	-0.0443985662786	-0.040584186668	0.0926422037499	-0.119087385966	-0.0120089928772	0.0200882440613	-0.000288347689739	0.0860323427896	0.112182413757	-0.0383863287945	1.0	-0.16711357105	-0.121397636722	-0.0315264685516	-0.0510810712599	0.0589877752559	-0.115413392421	-0.0804410101898	0.0653468500226	-0.0283584653235	-0.0703779948836	0.0303005362921	-0.00794718337296	-0.0322138979971	-0.00766602440773	0.025348547184	-0.125435436946	0.0405683828579	-0.0151200035143	-0.12526009394	-0.0360186610092	-0.0253032646506	-0.091994521882	-0.0513335141947	0.0446262142332	-0.00139958653754	-0.0406772247821	-0.0111196858466	-0.00575578366181	-0.048569376708	0.0300744599002	-0.0518827470492	-0.0277297591394
k__Bacteria;p__Firmicutes;c__Clostridia;o__Clostridiales;f__Lachnospiraceae;g__Roseburia;s__Roseburia_hominis	0.0499903079719	-0.0129590829679	0.0227805356239	-0.0639332353692	-0.017671767925	-0.151446429688	-0.0715284509187	-0.0671940448464	-0.0359908379844	-0.0967004569629	-0.156029299782	-0.0400928619357	0.0877402852147	-0.0715768746546	-0.0299156595697	-0.0577576914724	-0.0965941397029	-0.0637968574021	-0.0572449175001	0.0514660143795	-0.072956038711	-0.044165750079	0.0456426584603	-0.0551658698407	-0.124824437967	0.0668848393787	-0.16711357105	1.0	0.00768473366612	0.00653760640366	0.0391387119523	-0.07282438694	0.0201021807325	-0.0626294526569	-0.0349218220308	-0.0371857129329	-0.0416271240467	-0.0125557440819	0.0669896480051	0.0357967808339	0.00516124404871	0.0170592058265	0.0622310329039	-0.0306042394809	-0.0744114273825	-0.0185462562432	0.0205318070267	-0.0135699209698	0.0429039613674	-0.000893550879707	-0.150428053857	-0.03013275342	-0.032590694139	-0.00695920687257	-0.0491031644083	-0.0321981498944	-0.0171990463029	-0.143099339229	0.0696121981544
k__Bacteria;p__Bacteroidetes;c__Bacteroidia;o__Bacteroidales;f__Porphyromonadaceae;g__Parabacteroides;s__Parabacteroides_johnsonii	0.0131635383929	0.0440051228135	-0.00378252853818	-0.00833640870541	-0.0259744392833	-0.058904283777	-0.0320577326351	-0.0284775302179	0.00219771957391	-0.0653795983806	-0.0431373745527	-0.127279429198	-0.135458642339	0.0405077508135	-0.0698214658167	0.0327573410499	0.0121289021974	-0.0941114175024	0.0472170739545	0.0477709157222	-0.0542526659392	-0.025866701777	-0.098506986906	0.0603847430894	0.00903583522863	-0.0508554544791	-0.121397636722	0.00768473366612	1.0	-0.0546835446036	0.0249921863126	-0.0813406284835	0.00882590162706	0.0316630261549	-0.08761884554	0.0361854789725	-0.00572487342064	-0.0513779722378	0.0175003416194	-0.119112946117	-0.178953632903	-0.036834202339	0.00396214525955	0.0439176176804	0.00874036674327	-0.0645566360727	-0.0424039958882	0.0117970078824	0.0176248106928	-0.0403641106696	-0.120852584322	-0.0678550509823	0.0491626644888	-0.134740855957	0.101603029218	0.0531898361848	-0.0407412220892	-0.0368257580702	0.0176382679497
k__Bacteria;p__Actinobacteria;c__Actinobacteria;o__Bifidobacteriales;f__Bifidobacteriaceae;g__Bifidobacterium;s__Bifidobacterium_longum	-0.113849184318	0.0296822895246	-0.101586622465	0.0296006741851	0.0400856030228	0.0248232791549	-0.0378404363532	-0.0694847039772	-0.00635239227841	-0.0585160995532	-0.0355304725148	0.00880120957875	0.0250862220549	0.0532729820079	-0.127546052694	0.060626169364	-0.0536303498134	-0.1020289337	-0.00983010965307	0.0974800560228	0.102739321067	-0.0878820435065	0.0664143158603	0.0525737210637	0.00789494854168	-0.0566600357403	-0.0315264685516	0.00653760640366	-0.0546835446036	1.0	-0.0532274424463	0.0472717979113	-0.0127387626516	-0.0647467350103	-0.0549431247416	-0.0398122193286	-0.0994938800184	-0.0784811130244	-0.00538917278137	-0.00792627256343	-0.0852155541621	-0.0713747439959	0.015358699106	-0.0743515151052	-0.108189111777	-0.0499855140019	0.0331916664311	0.045034072335	-0.0472754039096	0.0243476976246	0.00507760023863	-0.0548679443845	-0.123898511786	-0.0104227412476	-0.120818441627	-0.0895199785519	-0.0609315915378	-0.0832466239908	-0.0665132008829
