#taxonomy	k__Bacteria;p__Bacteroidetes;c__Bacteroidia;o__Bacteroidales;f__Bacteroidaceae;g__Bacteroides;s__Bacteroides_vulgatus	k__Bacteria;p__Bacteroidetes;c__Bacteroidia;o__Bacteroidales;f__Bacteroidaceae;g__Bacteroides;s__Bacteroides_uniformis	k__Bacteria;p__Bacteroidetes;c__Bacteroidia;o__Bacteroidales;f__Rikenellaceae;g__Alistipes;s__Alistipes_putredinis	k__Bacteria;p__Bacteroidetes;c__Bacteroidia;o__Bacteroidales;f__Prevotellaceae;g__Prevotella;s__Prevotella_copri	k__Bacteria;p__Bacteroidetes;c__Bacteroidia;o__Bacteroidales;f__Bacteroidaceae;g__Bacteroides;s__Bacteroides_stercoris	k__Bacteria;p__Bacteroidetes;c__Bacteroidia;o__Bacteroidales;f__Bacteroidaceae;g__Bacteroides;s__Bacteroides_ovatus	k__Bacteria;p__Bacteroidetes;c__Bacteroidia;o__Bacteroidales;f__Rikenellaceae;g__Alistipes;s__Alistipes_shahii	k__Bacteria;p__Firmicutes;c__Clostridia;o__Clostridiales;f__Ruminococcaceae;g__Faecalibacterium;s__Faecalibacterium_prausnitzii	k__Bacteria;p__Bacteroidetes;c__Bacteroidia;o__Bacteroidales;f__Rikenellaceae;g__Alistipes;s__Alistipes_finegoldii	k__Bacteria;p__Bacteroidetes;c__Bacteroidia;o__Bacteroidales;f__Porphyromonadaceae;g__Parabacteroides;s__Parabacteroides_distasonis	k__Bacteria;p__Bacteroidetes;c__Bacteroidia;o__Bacteroidales;f__Bacteroidaceae;g__Bacteroides;s__Bacteroides_thetaiotaomicron	k__Bacteria;p__Bacteroidetes;c__Bacteroidia;o__Bacteroidales;f__Bacteroidaceae;g__Bacteroides;s__Bacteroides_coprocola	k__Bacteria;p__Bacteroidetes;c__Bacteroidia;o__Bacteroidales;f__Bacteroidaceae;g__Bacteroides;s__Bacteroides_cellulosilyticus	k__Bacteria;p__Bacteroidetes;c__Bacteroidia;o__Bacteroidales;f__Rikenellaceae;g__Alistipes;s__Alistipes_obesi	k__Bacteria;p__Firmicutes;c__Clostridia;o__Clostridiales;f__Lachnospiraceae;g__;s__[Eubacterium]_rectale	k__Bacteria;p__Bacteroidetes;c__Bacteroidia;o__Bacteroidales;f__Bacteroidaceae;g__Bacteroides;s__Bacteroides_plebeius	k__Bacteria;p__Bacteroidetes;c__Bacteroidia;o__Bacteroidales;f__Bacteroidaceae;g__Bacteroides;s__Bacteroides_fragilis	k__Bacteria;p__Proteobacteria;c__Betaproteobacteria;o__Burkholderiales;f__Sutterellaceae;g__Sutterella;s__Sutterella_wadsworthensis	k__Bacteria;p__Bacteroidetes;c__Bacteroidia;o__Bacteroidales;f__Porphyromonadaceae;g__Barnesiella;s__Barnesiella_intestinihominis	k__Bacteria;p__Bacteroidetes;c__Bacteroidia;o__Bacteroidales;f__Odoribacteraceae;g__Odoribacter;s__Odoribacter_splanchnicus	k__Bacteria;p__Bacteroidetes;c__Bacteroidia;o__Bacteroidales;f__Bacteroidaceae;g__Bacteroides;s__Bacteroides_salyersiae	k__Bacteria;p__Firmicutes;c__Clostridia;o__Clostridiales;f__Ruminococcaceae;g__Ruminiclostridium;s__[Eubacterium]_siraeum	k__Bacteria;p__Proteobacteria;c__Betaproteobacteria;o__Burkholderiales;f__Sutterellaceae;g__Parasutterella;s__Parasutterella_excrementihominis	k__Bacteria;p__Actinobacteria;c__Actinobacteria;o__Bifidobacteriales;f__Bifidobacteriaceae;g__Bifidobacterium;s__Bifidobacterium_adolescentis	k__Bacteria;p__Firmicutes;c__Clostridia;o__Clostridiales;f__Oscillospiraceae;g__Oscillibacter;s__Oscillibacter_sp._KLE_1745	k__Bacteria;p__Bacteroidetes;c__Bacteroidia;o__Bacteroidales;f__Bacteroidaceae;g__Bacteroides;s__Bacteroides_coprophilus	k__Bacteria;p__Firmicutes;c__Clostridia;o__Clostridiales;f__Lachnospiraceae;g__Roseburia;s__Roseburia_intestinalis	k__Bacteria;p__Firmicutes;c__Clostridia;o__Clostridiales;f__Lachnospiraceae;g__Roseburia;s__Roseburia_hominis	k__Bacteria;p__Bacteroidetes;c__Bacteroidia;o__Bacteroidales;f__Porphyromonadaceae;g__Parabacteroides;s__Parabacteroides_johnsonii	k__Bacteria;p__Actinobacteria;c__Actinobacteria;o__Bifidobacteriales;f__Bifidobacteriaceae;g__Bifidobacterium;s__Bifidobacterium_longum	k__Bacteria;p__Firmicutes;c__Clostridia;o__Clostridiales;f__;g__Flavonifractor;s__Flavonifractor_plautii	k__Bacteria;p__Firmicutes;c__Clostridia;o__Clostridiales;f__Clostridiaceae;g__Clostridium;s__Clostridium_phoceensis	k__Bacteria;p__Verrucomicrobia;c__Verrucomicrobiae;o__Verrucomicrobiales;f__Akkermansiaceae;g__Akkermansia;s__Akkermansia_muciniphila	k__Bacteria;p__Bacteroidetes;c__Bacteroidia;o__Bacteroidales;f__Prevotellaceae;g__Paraprevotella;s__Paraprevotella_xylaniphila	k__Bacteria;p__Firmicutes;c__Clostridia;o__Clostridiales;f__Ruminococcaceae;g__Ruminococcus;s__Ruminococcus_callidus	k__Bacteria;p__Bacteroidetes;c__Bacteroidia;o__Bacteroidales;f__Rikenellaceae;g__Alistipes;s__Alistipes_senegalensis	k__Bacteria;p__Firmicutes;c__Clostridia;o__Clostridiales;f__Lachnospiraceae;g__Blautia;s__Blautia_sp._KLE_1732	k__Bacteria;p__Bacteroidetes;c__Bacteroidia;o__Bacteroidales;f__Bacteroidaceae;g__Bacteroides;s__Bacteroides_oleiciplenus	k__Bacteria;p__Firmicutes;c__Clostridia;o__Clostridiales;f__Ruminococcaceae;g__Ruminococcus;s__Ruminococcus_bicirculans	k__Bacteria;p__Bacteroidetes;c__Bacteroidia;o__Bacteroidales;f__Bacteroidaceae;g__Bacteroides;s__Bacteroides_fluxus	k__Bacteria;p__Bacteroidetes;c__Bacteroidia;o__Bacteroidales;f__Prevotellaceae;g__Prevotella;s__Prevotella_stercorea	k__Bacteria;p__Firmicutes;c__Clostridia;o__Clostridiales;f__Lachnospiraceae;g__Dorea;s__Dorea_longicatena	k__Bacteria;p__Firmicutes;c__Clostridia;o__Clostridiales;f__Eubacteriaceae;g__Eubacterium;s__[Eubacterium]_eligens	k__Bacteria;p__Firmicutes;c__Clostridia;o__Clostridiales;f__Ruminococcaceae;g__;s__Ruminococcaceae_bacterium_D16	k__Bacteria;p__Firmicutes;c__Clostridia;o__Clostridiales;f__Lachnospiraceae;g__Coprococcus;s__Coprococcus_comes	k__Bacteria;p__Proteobacteria;c__Gammaproteobacteria;o__Enterobacterales;f__Enterobacteriaceae;g__Escherichia;s__Escherichia_coli	k__Bacteria;p__Firmicutes;c__Clostridia;o__Clostridiales;f__Ruminococcaceae;g__Anaerotruncus;s__Anaerotruncus_colihominis	k__Bacteria;p__Firmicutes;c__Clostridia;o__Clostridiales;f__Lachnospiraceae;g__Blautia;s__Blautia_obeum	k__Bacteria;p__Bacteroidetes;c__Bacteroidia;o__Bacteroidales;f__Odoribacteraceae;g__Odoribacter;s__Odoribacter_laneus	k__Bacteria;p__Firmicutes;c__Clostridia;o__Clostridiales;f__Ruminococcaceae;g__Ruminiclostridium;s__[Clostridium]_leptum	k__Bacteria;p__Bacteroidetes;c__Bacteroidia;o__Bacteroidales;f__Porphyromonadaceae;g__Parabacteroides;s__Parabacteroides_goldsteinii	k__Bacteria;p__Firmicutes;c__Clostridia;o__Clostridiales;f__Lachnospiraceae;g__Anaerostipes;s__Anaerostipes_hadrus	k__Bacteria;p__Firmicutes;c__Clostridia;o__Clostridiales;f__Ruminococcaceae;g__Ruminococcus;s__Ruminococcus_lactaris	k__Bacteria;p__Firmicutes;c__Clostridia;o__Clostridiales;f__Clostridiaceae;g__Clostridium;s__Clostridium_sp._L2-50	k__Bacteria;p__Firmicutes;c__Clostridia;o__Clostridiales;f__Clostridiaceae;g__Clostridium;s__Clostridium_sp._M62/1	k__Bacteria;p__Firmicutes;c__Clostridia;o__Clostridiales;f__;g__Intestinimonas;s__Intestinimonas_butyriciproducens	k__Bacteria;p__Actinobacteria;c__Actinobacteria;o__Bifidobacteriales;f__Bifidobacteriaceae;g__Bifidobacterium;s__Bifidobacterium_bifidum	k__Bacteria;p__Firmicutes;c__Negativicutes;o__Veillonellales;f__Veillonellaceae;g__Dialister;s__Dialister_invisus	k__Bacteria;p__Bacteroidetes;c__Bacteroidia;o__Bacteroidales;f__Bacteroidaceae;g__Bacteroides;s__Bacteroides_salanitronis
k__Bacteria;p__Bacteroidetes;c__Bacteroidia;o__Bacteroidales;f__Bacteroidaceae;g__Bacteroides;s__Bacteroides_vulgatus	1.0	-0.00226350426939	-0.0739449340308	0.0073725864695	-0.061854777776	-0.0750335613883	-0.109872392858	-0.0229812316168	-0.118958546361	-0.116861334157	-0.153602381041	-0.0818487433979	-0.102808869393	0.0466950376809	-0.042560459602	-0.0420839001487	-0.0488361652144	0.0100048840819	-0.0946916077598	0.0575640831099	0.0107075943352	-0.0354248798268	-0.0358257914751	-0.0592159565682	0.0295929119009	-0.0147375689579	0.0456659653485	-0.0909347985343	-0.0447245952353	0.0387935597941	-0.00248808157945	-0.0685671749934	-0.0734376451984	-0.0275608061003	-0.0924770070963	-0.0010025701196	-0.199090403521	-0.00871881026147	-0.0570234418414	-0.0244413338441	-0.140842069103	-0.0215888322775	0.0430649743278	-0.0066442192702	-0.0204135470703	-0.0614409931072	-0.104247637376	-0.0226334661043	0.00710786083146	0.0193396926087	0.0922325793074	-0.0687116643034	-0.0407752531063	-0.0146386307782	-0.0710205348666	-0.0489603315029	-0.000729386366417	-0.0462724948353	-0.020113807419
k__Bacteria;p__Bacteroidetes;c__Bacteroidia;o__Bacteroidales;f__Bacteroidaceae;g__Bacteroides;s__Bacteroides_uniformis	-0.00226350426939	1.0	0.00470947711596	-0.0965259957365	0.0414969886852	-0.0277568136585	-0.0663600256353	0.037369541671	0.00251616399711	0.0298479782654	-0.0780571770316	-0.0425230911724	-0.0153407748539	-0.0062607898981	-0.102200906395	0.00232733935065	-0.112440580181	-0.0394170196588	0.0521361649228	0.0355174620784	-0.0320842864943	-0.152441174849	-0.0799802273382	0.0630085964591	0.034911706674	0.0262779907706	0.00199616638921	0.00343345919914	0.0224493051086	-0.0656187394745	-0.0306945697814	-0.0605923097056	-0.139077758982	-0.127512899969	-0.0451588600912	-0.134725956454	-0.016567975204	0.000907726821783	-0.106113803247	-0.104645474203	-0.0713560462904	-0.0174776175533	0.0175324564264	-0.0341006433702	-0.12251426067	0.0079836182707	-0.125164571478	-0.00469471849209	0.0806404549806	-0.0929406878885	0.0450347015292	0.0608559289527	-0.059969070105	0.0163462950724	0.0193402103244	-0.0422140640559	-0.0678379550813	-0.0813766835132	-0.0580541760749
k__Bacteria;p__Bacteroidetes;c__Bacteroidia;o__Bacteroidales;f__Rikenellaceae;g__Alistipes;s__Alistipes_putredinis	-0.0739449340308	0.00470947711596	1.0	-0.00937887694572	0.0142889651236	-0.0245983472631	-0.0142208336147	0.125772009041	-0.0874605017906	0.00894603327568	-0.0253304385027	-0.0391511607857	-0.138377283369	0.0385916212852	-0.0370503802705	-0.132846919135	0.0432296969265	0.0003054176655	-0.0279968949923	-0.00578385252629	-0.133406989327	-0.107049758277	-0.0767902753363	0.0571064258894	-0.0534777998764	-0.0550934904402	-0.0153521014252	-0.0566351463413	-0.167639361539	-0.142443538636	0.0258168267383	-0.105564749791	0.00070986234938	-0.0531892461418	0.0554415860496	-0.110885826936	-0.141882632803	0.118150557859	-0.0267454366818	0.0226213792397	0.0864234766475	0.0529431120557	0.0864865199996	-0.0318757705517	-0.0157042736539	0.0317739045631	0.113048185121	0.0584466991006	-0.112325577583	-0.0939499836346	-0.0748228696311	0.0598108184516	-0.0188303112398	-0.0949751445852	0.0229808115626	-0.0821656553566	0.0183336009955	-0.10907531394	-0.0489883663571
k__Bacteria;p__Bacteroidetes;c__Bacteroidia;o__Bacteroidales;f__Prevotellaceae;g__Prevotella;s__Prevotella_copri	0.0073725864695	-0.0965259957365	-0.00937887694572	1.0	-0.00303021170341	-0.00957123233678	0.00959088102275	-0.103353488891	-0.104365604705	-0.0461311988754	0.024963565038	-0.0279758619071	-0.042789687376	-0.21274992916	0.0408500497422	-0.0872233639689	-0.0250558430639	-0.0468336972972	-0.144472754542	0.00924154081718	-0.0635725605442	-0.197938940687	0.0599360851228	-0.219664284425	-0.0180759346666	-0.085206200586	-0.0447725467883	-0.00780530229057	-0.00231975047075	-0.0224232279313	-0.129649839846	-0.00197070657443	-0.110120147428	-0.104130625531	0.0448728102003	0.0370403433711	-0.0941495444198	-0.103340316692	-0.0215921020469	0.0163324107647	-0.0480528756111	-0.0293044767923	-0.0501169722286	-0.0747499624485	0.031304643437	-0.0105215188887	-0.00189454027694	0.00271164699378	-0.0686834469452	0.0294624267078	-0.16348097015	0.00224591449691	-0.115931973843	-0.0110599926064	-0.0481116559582	0.0636961477706	0.127334333812	0.0401208802917	0.0770708148007
k__Bacteria;p__Bacteroidetes;c__Bacteroidia;o__Bacteroidales;f__Bacteroidaceae;g__Bacteroides;s__Bacteroides_stercoris	-0.061854777776	0.0414969886852	0.0142889651236	-0.00303021170341	1.0	-0.0896115157844	-0.021568995415	-0.0380782557776	-0.0733722803397	-0.0621822770589	-0.0507581895156	-0.124304132078	-0.0775151242159	0.0917738962705	-0.0810044029678	-0.0307587128003	-0.0688736542226	-0.0700907341052	0.0189696869277	-0.0120636579862	-0.0526370315584	-0.0667226202313	-0.0524001707503	-0.173743825106	-0.0729065541825	-0.0690132119032	0.0074354593723	-0.0397635488046	-0.0893303149918	-0.0892843101905	0.0512027253483	0.0587879453122	-0.0556376572196	-0.0380854172303	-0.00336688855051	-0.0597384197738	0.0767032326799	0.0197993074723	0.146270284842	-0.0320969177995	-0.0975345127807	-0.01053435365	-0.00337302654394	-0.141291292308	-0.00220090626225	-0.12242064234	-0.0808830968534	0.0351103316182	0.00160280907961	0.0749626876988	-0.0127715389476	-0.0394213851181	-0.0747203166878	-0.107880904505	0.0343381093814	-0.0736163117356	-0.0808070884602	0.0627536259654	-0.104566661459
k__Bacteria;p__Bacteroidetes;c__Bacteroidia;o__Bacteroidales;f__Bacteroidaceae;g__Bacteroides;s__Bacteroides_ovatus	-0.0750335613883	-0.0277568136585	-0.0245983472631	-0.00957123233678	-0.0896115157844	1.0	-0.087921874959	-0.014862448894	-0.0155555055559	-0.0815950557484	-0.102789233606	-0.102800697216	-0.0138823178153	-0.00767635942356	0.0584863130103	-0.0317429330878	-0.0921829817162	-0.187520810483	-0.219706067291	0.0119560731018	-0.0354007169682	0.00693335422217	0.0242557011279	-0.00865140689288	0.0155173245228	-0.0676239765021	0.0845761190983	0.0187644680505	-0.0390451394243	-0.0273070376065	0.0449686140111	-0.0722261740632	-0.0235747024043	-0.0446742886713	-0.0621429790599	-0.00435620167065	0.0168353805821	-0.0375969353666	-0.00276950183825	-0.0212146780455	0.0521324756603	-0.0891505628632	0.0371051285422	-0.0376533600624	-0.064002773308	0.0640341317685	0.0434940343609	0.070432608009	-0.0665585989425	-0.139430872953	-0.0672338361638	-0.0396152816135	-0.0414057188161	-0.0301969012398	-0.0106759856654	0.0212120131622	0.0371617571741	-0.126302321688	-0.0521809298054
k__Bacteria;p__Bacteroidetes;c__Bacteroidia;o__Bacteroidales;f__Rikenellaceae;g__Alistipes;s__Alistipes_shahii	-0.109872392858	-0.0663600256353	-0.0142208336147	0.00959088102275	-0.021568995415	-0.087921874959	1.0	-0.102959184592	0.00312900482935	0.0654990399551	-0.0244211700805	0.130330601101	0.053460757913	-0.103100524111	-0.0579446477115	-0.0147315582363	-0.0802998758921	0.0196594730356	-0.04306638957	-0.0642785535974	-0.00889851024498	0.0381227680364	0.11353757537	-0.0476356229198	0.0339730749717	-0.0799141576932	0.0502671363014	-0.124631152791	-0.0628214810232	-0.0805975569277	0.0397721127373	-0.0277071603605	-0.0367794340326	-0.0735576188375	0.0998193218013	0.0200488027219	-0.115669843332	-0.112630530864	0.0182068646687	-0.0988722376905	-0.144162811469	0.0464005554976	-0.0434555102594	0.0397401490303	-0.1465207864	-0.0849543716719	-0.0871302255957	-0.0882096756869	-0.0629578309305	-0.0158286098668	-0.141271488775	-0.0925985773686	-0.0623338614986	-0.122985277346	0.0206815058917	-0.0229984625452	-0.0853762471615	0.011753176794	-0.0200004582449
k__Bacteria;p__Firmicutes;c__Clostridia;o__Clostridiales;f__Ruminococcaceae;g__Faecalibacterium;s__Faecalibacterium_prausnitzii	-0.0229812316168	0.037369541671	0.125772009041	-0.103353488891	-0.0380782557776	-0.014862448894	-0.102959184592	1.0	0.10370687955	-0.079922157001	-0.00378926800396	0.0289141248947	-0.0421577640319	0.0757003467901	0.010857025746	0.00247312295813	0.00168888005313	0.0450720354265	0.0657242581859	0.0383010404054	0.0811501754479	-0.0521999122638	-0.0289091912315	0.0139600711588	0.0977396874413	-0.0286201717636	-0.142096245709	-0.0132617786678	0.0212120868002	-0.0348732484302	-0.129747148554	-0.0301812688847	0.029716956577	-0.0516309841594	-0.0594132163923	-0.0550139020583	-0.0461298822106	-0.020076952241	-0.0171989334073	-0.217904427614	-0.0949897893775	-0.0160175552852	-0.0730182068596	0.0182172521558	-0.0206141181144	-0.100847476236	-0.0440770676028	-0.156642347522	-0.0738589468268	-0.0865222510115	0.0707573118638	-0.0930772758576	-0.0210672642001	-0.135072038985	-0.0291637523032	-0.0118644996354	-0.203957781132	-0.120162425475	-0.055543750993
k__Bacteria;p__Bacteroidetes;c__Bacteroidia;o__Bacteroidales;f__Rikenellaceae;g__Alistipes;s__Alistipes_finegoldii	-0.118958546361	0.00251616399711	-0.0874605017906	-0.104365604705	-0.0733722803397	-0.0155555055559	0.00312900482935	0.10370687955	1.0	-0.111945070739	0.0389736776575	0.00449254550722	-0.0454348901144	0.00733776487332	-0.136352936699	-0.0276870400169	0.0577062868974	-0.150820656329	-0.0658880079573	0.0304110533933	-0.0658030948769	-0.0405410621327	-0.0590908966915	0.027126555452	-0.0732655485075	0.0918320299913	0.178968493404	-0.0467417317099	-0.0696504267817	-0.0866649358679	-0.0552907328475	0.12749124188	-0.0924974083138	-0.134847349746	-0.0113014683924	-0.079780232392	-0.1404557949	-0.048261112407	-0.0204301758892	-0.0266030650129	-0.0573901254703	-0.0255794752803	-0.0106121861913	-0.0523477548243	-0.0457353745724	-0.0592899812925	-0.00562093095007	0.0569920916652	-0.0605747701609	-0.00480536845749	-0.0400328020546	-0.0357606694425	-0.0447957171988	-0.0542272437413	0.0196904836104	0.0155072226895	-0.0860820948136	-0.077969425458	0.0133119517177
k__Bacteria;p__Bacteroidetes;c__Bacteroidia;o__Bacteroidales;f__Porphyromonadaceae;g__Parabacteroides;s__Parabacteroides_distasonis	-0.116861334157	0.0298479782654	0.00894603327568	-0.0461311988754	-0.0621822770589	-0.0815950557484	0.0654990399551	-0.079922157001	-0.111945070739	1.0	-0.000945955273781	-0.0321798976448	0.0777275166566	0.00929129905735	-0.0357810168283	-0.225609123402	-0.0753913108025	0.0309852857498	-0.0385736072328	-0.0206067735953	-0.0146911384109	-0.052911185782	-0.0710165821311	-0.0394818090078	-0.0517282940118	0.0177441390621	0.0249495665002	-0.0560682487606	-0.0908098947255	0.0477066725625	-0.0285704604482	-0.142105664531	0.0241462235814	-0.0129964457891	0.0619063543709	-0.0242423163305	0.0670837039761	-0.0898571299864	-0.08574355125	0.0228127315613	-0.010085984204	-0.00484956254458	-0.0470084684651	-0.0600352129971	0.0444564165466	-0.0904349514948	-0.136319745127	-0.0680033884305	0.0665357172319	-0.0424432646359	-0.142932143366	-0.0331185860504	-0.0362826834996	-0.117897573191	-0.0301326471137	-0.109790102901	-0.0508025565995	-0.0599249077596	-0.0323802881877
k__Bacteria;p__Bacteroidetes;c__Bacteroidia;o__Bacteroidales;f__Bacteroidaceae;g__Bacteroides;s__Bacteroides_thetaiotaomicron	-0.153602381041	-0.0780571770316	-0.0253304385027	0.024963565038	-0.0507581895156	-0.102789233606	-0.0244211700805	-0.00378926800396	0.0389736776575	-0.000945955273781	1.0	0.0725349705909	-0.0125848998692	-0.0640498304331	0.026685912926	0.00361431770183	-0.0642981028483	-0.100950196253	-0.0402465584301	-0.0856185412521	-0.0520029773859	0.0518809641427	-0.150443951417	0.0845990967176	-0.0501709535663	0.0061611255668	-0.029152283187	-0.0582289743676	-0.158978030444	-0.0590787629058	-0.0209100345412	-0.0972186650811	-0.0662424997928	-0.02137882896	0.0238151856492	-0.0597278381733	0.0129685293237	-0.0460025258703	-0.0198413493789	-0.0145302730532	0.00369681935788	-0.0929026675523	0.0553048990981	0.00386581057955	0.00310893381368	0.0262092361531	-0.0233158886264	0.00300085816927	-0.0657671005818	-0.11166601441	0.00939281611887	0.0367689217291	0.019557728716	-0.0294975750488	0.117170573296	-0.128060060314	0.0602907190659	-0.0114205631787	-0.0790384643422
k__Bacteria;p__Bacteroidetes;c__Bacteroidia;o__Bacteroidales;f__Bacteroidaceae;g__Bacteroides;s__Bacteroides_coprocola	-0.0818487433979	-0.0425230911724	-0.0391511607857	-0.0279758619071	-0.124304132078	-0.102800697216	0.130330601101	0.0289141248947	0.00449254550722	-0.0321798976448	0.0725349705909	1.0	-0.134940144074	-0.000122889815028	-0.102526291191	0.0555481275935	0.0556748247219	-0.0536410310502	-0.0665052315968	-0.104748576895	-0.0225366093651	0.141915663567	0.0794545740676	-0.0578615412042	-0.102814456263	-0.00125275071785	-0.118457319168	-0.0361803059468	-0.0896203444523	0.004422042591	-0.107990890916	-0.0849534839725	-0.127336603794	-0.017397849586	-0.0640729492686	-0.115564432782	0.0057210366456	-0.0319631737038	-0.00846364339034	-0.127086031246	-0.138787762047	-0.00568994482086	0.0687553076645	-0.105477992736	-0.15791204483	0.120937710914	-0.00436491098997	-0.0311246266941	-0.128220358633	-0.110221497412	0.00376136873799	-0.104714422697	0.0756956744697	-0.0337601865783	-0.117094326953	-0.0917283311453	-0.0333682617057	0.0884591127155	-0.050537298626
k__Bacteria;p__Bacteroidetes;c__Bacteroidia;o__Bacteroidales;f__Bacteroidaceae;g__Bacteroides;s__Bacteroides_cellulosilyticus	-0.102808869393	-0.0153407748539	-0.138377283369	-0.042789687376	-0.0775151242159	-0.0138823178153	0.053460757913	-0.0421577640319	-0.0454348901144	0.0777275166566	-0.0125848998692	-0.134940144074	1.0	0.0364988908379	-0.0271338323665	-0.0835154509919	-0.0870174412174	-0.0398567559754	-0.0901092869946	-0.126384336191	0.0371073484686	-0.038284153982	-0.00977107887319	-6.89443054011e-05	-0.0980996383857	0.035328005917	-0.0128549459797	0.031058131035	0.0615368039817	-0.0821558137483	0.0320448706272	-0.109718350606	-0.068021065583	-0.0765006316731	0.104924443902	-0.0492684585221	-0.094002994064	-0.13591442022	-0.0129648440346	-0.035430560843	-0.0847383124717	-0.0535244507974	-0.0580924175867	0.115822760804	0.000839391294091	-0.0899552440844	-0.12349693182	-0.0546072092109	-0.052579970069	0.120285351431	-0.0332344291964	-0.0307841681424	-0.0792697923529	-0.142337978534	-0.0686907754513	-0.047125429393	-0.0928236655233	-0.0378310045896	-0.104357872997
k__Bacteria;p__Bacteroidetes;c__Bacteroidia;o__Bacteroidales;f__Rikenellaceae;g__Alistipes;s__Alistipes_obesi	0.0466950376809	-0.0062607898981	0.0385916212852	-0.21274992916	0.0917738962705	-0.00767635942356	-0.103100524111	0.0757003467901	0.00733776487332	0.00929129905735	-0.0640498304331	-0.000122889815028	0.0364988908379	1.0	-0.0222116006034	-0.0578925466603	-0.0478978556152	-0.00545832176525	0.0454647888639	0.0273106742372	-0.105236267459	-0.129558639746	0.0208841313849	-0.0754208748435	-0.0970296322075	-0.0487750627148	-0.0142524678419	-0.0290575515389	0.0723797898385	0.0652759055623	0.0303462722254	0.061639054071	-0.00847436885742	0.0172792959143	-0.125946499904	0.0304493802105	-0.0817055074143	-0.0563645501952	0.0306666059484	0.0916058339528	-0.0511081313386	0.00395296251914	-0.0953841188157	-0.11155262919	-0.0151708922066	-0.109445515829	-0.0880116610621	-0.0137579088835	0.000388908858789	-0.0409097395657	0.00598611384113	-0.182938512956	-0.00168821971916	0.0555947572021	-0.066667854655	-0.108894899623	0.00272351630849	-0.0957552441665	-0.0326639552412
k__Bacteria;p__Firmicutes;c__Clostridia;o__Clostridiales;f__Lachnospiraceae;g__;s__[Eubacterium]_rectale	-0.042560459602	-0.102200906395	-0.0370503802705	0.0408500497422	-0.0810044029678	0.0584863130103	-0.0579446477115	0.010857025746	-0.136352936699	-0.0357810168283	0.026685912926	-0.102526291191	-0.0271338323665	-0.0222116006034	1.0	-0.0361699576299	-0.0216938792697	-0.0309895100771	-0.0671228675617	-0.0947812682492	-0.0698641544311	0.141719315556	-0.0138483033977	0.00551463784019	-0.0867271611579	-0.0575012435459	-0.00122320144639	0.0489075871158	0.081082174907	0.0653580314237	-0.065535912092	-0.0368839815783	0.102597003546	-0.0128921937455	0.0579096681227	-0.0168898335141	0.00823526610862	0.0248906749306	-0.0836644098624	-0.0614962333464	0.0308959965632	-0.00357612857213	-0.17082099343	-0.0222341347112	-0.00149931603641	0.0410106922174	0.0261526129342	0.0622571807797	-0.0490675003476	-0.0995200583043	-0.0638968475925	-0.0110336128123	0.0592545710095	-0.042004642083	-0.0827134930823	0.0193632419974	-0.006353963452	-0.0522532390351	-0.00995986753295
k__Bacteria;p__Bacteroidetes;c__Bacteroidia;o__Bacteroidales;f__Bacteroidaceae;g__Bacteroides;s__Bacteroides_plebeius	-0.0420839001487	0.00232733935065	-0.132846919135	-0.0872233639689	-0.0307587128003	-0.0317429330878	-0.0147315582363	0.00247312295813	-0.0276870400169	-0.225609123402	0.00361431770183	0.0555481275935	-0.0835154509919	-0.0578925466603	-0.0361699576299	1.0	-0.0304511579704	-0.0462119117713	-0.0751599549696	-0.0835950836582	-0.0371459485318	0.092148957655	-0.0648877403348	-0.000795652880102	-0.113604963076	-0.175674444275	0.0673610832817	0.0499582289475	0.0188629057145	0.0296230138402	0.0909886226204	-0.0558943441538	0.00240413766924	-0.0154435599819	-0.0425429681608	-0.128543509663	-0.0315068543076	-0.0428017928626	0.00341548774459	0.0123432929835	-0.0398128388364	-0.0175336083222	-0.118201598263	-0.198979218506	-0.0758431676355	0.0463825870332	0.039243658211	0.00177692510896	-0.0496813863006	-0.116105397653	0.165073601593	-0.0645714973004	-0.0222871683226	-0.0611779927005	0.118440617354	-0.0244718721737	-0.0502032531589	-0.107802022982	0.0213539581548
k__Bacteria;p__Bacteroidetes;c__Bacteroidia;o__Bacteroidales;f__Bacteroidaceae;g__Bacteroides;s__Bacteroides_fragilis	-0.0488361652144	-0.112440580181	0.0432296969265	-0.0250558430639	-0.0688736542226	-0.0921829817162	-0.0802998758921	0.00168888005313	0.0577062868974	-0.0753913108025	-0.0642981028483	0.0556748247219	-0.0870174412174	-0.0478978556152	-0.0216938792697	-0.0304511579704	1.0	0.0607928069942	-0.105408164751	0.0369014287112	-0.00564040348504	-0.0754722825211	0.0344045890699	-0.106311917868	0.0106684214923	0.00426256940508	0.0412416288837	-0.0632320393507	0.0148014633274	-0.0921968824114	-0.0280731203386	-0.0600553007786	-0.0374758806565	-0.0242857377756	-0.0502060873897	-0.0528938602745	-0.0886336371664	-0.159329990122	-0.0935607539956	0.0327490978819	-0.0512378017184	-0.0311626625325	-0.0397853962851	-0.00991991791037	0.0658834648993	-0.0320622228656	-0.0745039728668	-0.00274251947222	-0.00906108380112	-0.105432635386	0.0197899867234	-0.0843127891095	-0.0593456098824	0.0665345404147	-0.0900061489884	-0.0817553345396	-0.0242445297521	-0.0880741714386	0.0276831798642
k__Bacteria;p__Proteobacteria;c__Betaproteobacteria;o__Burkholderiales;f__Sutterellaceae;g__Sutterella;s__Sutterella_wadsworthensis	0.0100048840819	-0.0394170196588	0.0003054176655	-0.0468336972972	-0.0700907341052	-0.187520810483	0.0196594730356	0.0450720354265	-0.150820656329	0.0309852857498	-0.100950196253	-0.0536410310502	-0.0398567559754	-0.00545832176525	-0.0309895100771	-0.0462119117713	0.0607928069942	1.0	0.000117936436686	-0.194588650283	-0.0234610307597	-0.152791951576	-0.109089396185	-0.00774526625778	-0.0726547947175	0.0611250919168	-0.0409830203292	-0.0897198983346	0.0510822788985	-0.0365512992356	-0.0354225978147	-0.00883349984819	0.0127055583338	-0.0521892638146	-0.104675160151	0.000470418471278	-0.189927316597	-0.00562206632187	-0.0808468431793	-0.0449147327295	-0.0323385187777	-0.00851657026847	-0.0415714262414	0.0335156439733	0.0188494068495	-0.0790045388501	-0.0328502102875	-0.161220164444	-0.0695239233989	0.012547556432	-0.0818712727358	0.112071070394	0.0587310271526	0.1161113438	-0.0318670367345	-0.0749580652946	-0.0202591649173	-0.00257536678872	-0.117794510226
k__Bacteria;p__Bacteroidetes;c__Bacteroidia;o__Bacteroidales;f__Porphyromonadaceae;g__Barnesiella;s__Barnesiella_intestinihominis	-0.0946916077598	0.0521361649228	-0.0279968949923	-0.144472754542	0.0189696869277	-0.219706067291	-0.04306638957	0.0657242581859	-0.0658880079573	-0.0385736072328	-0.0402465584301	-0.0665052315968	-0.0901092869946	0.0454647888639	-0.0671228675617	-0.0751599549696	-0.105408164751	0.000117936436686	1.0	0.100122843441	0.0980720916502	0.0590853582544	-0.0578584236126	-0.0642296734546	-0.000609435874619	0.0360978722636	0.00352669128337	-0.0443575856281	-0.00757385305524	-0.0648260514837	0.0953752057426	-0.0188299611102	-0.0914327581201	-0.0982163069515	-0.0757902867027	-0.074119997154	-0.010989437571	0.00355567363874	-0.0315620019604	-0.158344902551	0.0464846375566	-0.08314554981	0.0436635034212	-0.0856125429261	-0.157286012571	-0.0912370148551	-0.145485288355	-0.0981468424136	0.0391318693411	-0.0182971148565	0.0578418928703	-0.0876390718255	-0.0630831674146	-0.12204953116	-0.0583814983241	-0.0268525672223	-0.124299517878	0.0158578803424	-0.0717196282928
k__Bacteria;p__Bacteroidetes;c__Bacteroidia;o__Bacteroidales;f__Odoribacteraceae;g__Odoribacter;s__Odoribacter_splanchnicus	0.0575640831099	0.0355174620784	-0.00578385252629	0.00924154081718	-0.0120636579862	0.0119560731018	-0.0642785535974	0.0383010404054	0.0304110533933	-0.0206067735953	-0.0856185412521	-0.104748576895	-0.126384336191	0.0273106742372	-0.0947812682492	-0.0835950836582	0.0369014287112	-0.194588650283	0.100122843441	1.0	0.0530786458488	0.0332504692901	-0.0644670700629	-0.127808340037	0.0932561041289	0.0266471820985	-0.0495358830361	-0.0515404792892	-0.0546758850305	0.0156293064911	0.0625391922162	-0.0991241436373	-0.00527921836255	0.000889942007846	-0.125812005581	0.000188834981014	-0.165506133969	0.0198601047668	-0.127434607118	0.0277677295812	-0.0829026725449	-0.0399734684525	0.0129889921091	0.0120710574402	-0.0867498188305	0.0784582418109	0.0127395697895	-0.158220044943	0.0284943116965	-0.0263438460531	0.0897490729887	0.0326546640011	-0.078808409654	-0.0540432231127	-0.0871224469427	-0.0351148270331	-0.145230436818	-0.112043525069	-0.0956760734442
k__Bacteria;p__Bacteroidetes;c__Bacteroidia;o__Bacteroidales;f__Bacteroidaceae;g__Bacteroides;s__Bacteroides_salyersiae	0.0107075943352	-0.0320842864943	-0.133406989327	-0.0635725605442	-0.0526370315584	-0.0354007169682	-0.00889851024498	0.0811501754479	-0.0658030948769	-0.0146911384109	-0.0520029773859	-0.0225366093651	0.0371073484686	-0.105236267459	-0.0698641544311	-0.0371459485318	-0.00564040348504	-0.0234610307597	0.0980720916502	0.0530786458488	1.0	0.00510255065273	-0.0146137707273	-0.019468102303	-0.0504107454361	-0.106762092452	-0.0893820798982	-0.103569441543	-0.0802744541086	0.0378741552365	0.007805746809	-0.0101090681695	-0.0310672008326	0.0101764200756	-0.0382534480552	-0.0758006883672	0.0213934588457	0.0469541534044	0.0603100655969	-0.102414344521	-0.00955102052117	0.0520619040657	-0.049574274047	-0.0504240534457	-0.089166806702	-0.0760955489598	-0.0385265053566	-0.0372599551215	0.00556130352324	0.0570489038512	-0.0879791420031	-0.118703454275	-0.0879076779305	0.0195887747563	0.00987694366498	-0.00839148299697	-0.0543350392577	0.0208491697645	-0.0922819513979
k__Bacteria;p__Firmicutes;c__Clostridia;o__Clostridiales;f__Ruminococcaceae;g__Ruminiclostridium;s__[Eubacterium]_siraeum	-0.0354248798268	-0.152441174849	-0.107049758277	-0.197938940687	-0.0667226202313	0.00693335422217	0.0381227680364	-0.0521999122638	-0.0405410621327	-0.052911185782	0.0518809641427	0.141915663567	-0.038284153982	-0.129558639746	0.141719315556	0.092148957655	-0.0754722825211	-0.152791951576	0.0590853582544	0.0332504692901	0.00510255065273	1.0	0.0188904332259	-0.0807469464112	-0.0132480944024	-0.0754162722075	-0.0985012754023	0.114064307906	-0.0903164827081	-0.0339193707292	0.00792962532007	0.0530734266218	-0.0636020563822	0.0264716980244	-0.0793543867908	0.02227448878	-0.105222006089	-0.017615436109	-0.0807565515447	-0.0378372183338	-0.202345065968	0.0133775839696	-0.0519140104404	-0.118262407886	0.0315125771341	-0.0239596538804	0.0171890857825	0.0131175974074	0.0398894898106	0.0218062901399	-0.00724193147645	-0.0577080430614	-0.111462464019	-0.00867548052015	-0.019288601651	-0.0617654040789	0.090605962444	-0.0726951416517	0.102405381939
k__Bacteria;p__Proteobacteria;c__Betaproteobacteria;o__Burkholderiales;f__Sutterellaceae;g__Parasutterella;s__Parasutterella_excrementihominis	-0.0358257914751	-0.0799802273382	-0.0767902753363	0.0599360851228	-0.0524001707503	0.0242557011279	0.11353757537	-0.0289091912315	-0.0590908966915	-0.0710165821311	-0.150443951417	0.0794545740676	-0.00977107887319	0.0208841313849	-0.0138483033977	-0.0648877403348	0.0344045890699	-0.109089396185	-0.0578584236126	-0.0644670700629	-0.0146137707273	0.0188904332259	1.0	-0.0464294046476	0.0342574544239	-0.0259543773026	-0.170310191081	-0.0789372289078	0.0823641084629	0.0933137501764	-0.0617180391429	-0.0226521960166	-0.0375788535754	0.0608525706966	-0.0615642138543	0.0778767700915	0.0429937524879	-0.090722866324	-0.033070906276	0.00622742207314	-0.00514006185358	-0.00754298580886	-0.0429904729748	-0.0857397686035	-0.0459057870523	-0.0314500257926	0.00564232477148	-0.0237775445386	-0.0413957009033	-0.030323944897	0.0757586817264	-0.0544582624818	-0.0136676175988	-0.00331718112024	-0.0251398914139	0.0260407705419	-0.0103785053066	0.0264477948362	-0.00223306227711
k__Bacteria;p__Actinobacteria;c__Actinobacteria;o__Bifidobacteriales;f__Bifidobacteriaceae;g__Bifidobacterium;s__Bifidobacterium_adolescentis	-0.0592159565682	0.0630085964591	0.0571064258894	-0.219664284425	-0.173743825106	-0.00865140689288	-0.0476356229198	0.0139600711588	0.027126555452	-0.0394818090078	0.0845990967176	-0.0578615412042	-6.89443054011e-05	-0.0754208748435	0.00551463784019	-0.000795652880102	-0.106311917868	-0.00774526625778	-0.0642296734546	-0.127808340037	-0.019468102303	-0.0807469464112	-0.0464294046476	1.0	-0.0489599337136	0.0188407763825	0.0119143594632	0.0510666306451	0.038402437553	-0.0477720323849	-0.0556355462698	-0.142544895001	-0.0630525866659	0.00998565376391	0.032138374717	0.0205753035581	-0.0301496974493	0.0429034595826	-0.0307478428934	-0.0288281136111	0.00182903143889	0.000294756247073	-0.0777063401816	0.0636069533105	-0.0508530204667	0.0837493471294	0.0662025453761	0.039974452993	-0.123952206079	0.0137579749042	-0.116478590854	0.000316165812448	-0.0136778998524	0.0824598837044	0.0401084534084	0.0110070077811	0.0582205546253	-0.0643419652897	-0.0213440787153
k__Bacteria;p__Firmicutes;c__Clostridia;o__Clostridiales;f__Oscillospiraceae;g__Oscillibacter;s__Oscillibacter_sp._KLE_1745	0.0295929119009	0.034911706674	-0.0534777998764	-0.0180759346666	-0.0729065541825	0.0155173245228	0.0339730749717	0.0977396874413	-0.0732655485075	-0.0517282940118	-0.0501709535663	-0.102814456263	-0.0980996383857	-0.0970296322075	-0.0867271611579	-0.113604963076	0.0106684214923	-0.0726547947175	-0.000609435874619	0.0932561041289	-0.0504107454361	-0.0132480944024	0.0342574544239	-0.0489599337136	1.0	-0.130701295495	0.126378752477	0.0848896434375	0.106262204066	-0.0219958941319	-0.0519465579329	-0.00689438442539	-0.0186486057627	-0.0423315699704	-0.0406355004137	-0.196939147735	0.0410963585025	-0.109441465646	-0.0309276265769	-0.128720877171	-0.0100608202375	-0.115721980566	0.125104897777	0.00992060760274	0.00472918143939	-0.0611250198541	-0.0216367693183	-0.0565810023778	-0.130376541932	-0.0382931847013	-0.063359942898	-0.0111411714428	-0.0616686422058	-0.0900381334238	-0.0735865870358	0.00233944434433	-0.0237456206162	0.055975342325	-0.0707376519582
k__Bacteria;p__Bacteroidetes;c__Bacteroidia;o__Bacteroidales;f__Bacteroidaceae;g__Bacteroides;s__Bacteroides_coprophilus	-0.0147375689579	0.0262779907706	-0.0550934904402	-0.085206200586	-0.0690132119032	-0.0676239765021	-0.0799141576932	-0.0286201717636	0.0918320299913	0.0177441390621	0.0061611255668	-0.00125275071785	0.035328005917	-0.0487750627148	-0.0575012435459	-0.175674444275	0.00426256940508	0.0611250919168	0.0360978722636	0.0266471820985	-0.106762092452	-0.0754162722075	-0.0259543773026	0.0188407763825	-0.130701295495	1.0	0.0404489343417	-0.0586594863367	-0.0944829595901	0.0237980689818	0.00270742742267	0.00291012410246	-0.0140484033532	0.0198669394189	-0.0439898005544	0.00297122838728	-0.162371728847	-0.0292594492948	-0.0315633504445	-0.0587436931196	-0.116260233728	-0.11975631966	0.0451606819981	-0.0688918306011	-0.103242815235	0.0110437339543	-0.0301721325218	-0.041506830578	0.0686294511975	-0.0614215209985	0.0561426698346	0.0793308503733	0.00958172434381	0.0550152302363	-0.0781855950405	0.014949622488	0.0361199557066	-0.122261409914	0.00696686781874
k__Bacteria;p__Firmicutes;c__Clostridia;o__Clostridiales;f__Lachnospiraceae;g__Roseburia;s__Roseburia_intestinalis	0.0456659653485	0.00199616638921	-0.0153521014252	-0.0447725467883	0.0074354593723	0.0845761190983	0.0502671363014	-0.142096245709	0.178968493404	0.0249495665002	-0.029152283187	-0.118457319168	-0.0128549459797	-0.0142524678419	-0.00122320144639	0.0673610832817	0.0412416288837	-0.0409830203292	0.00352669128337	-0.0495358830361	-0.0893820798982	-0.0985012754023	-0.170310191081	0.0119143594632	0.126378752477	0.0404489343417	1.0	-0.0401313996902	-0.0987436805312	0.0531185730129	-0.117495839258	-0.0658894825031	-0.172388251021	-0.0254028405736	0.141663180988	-0.142820120596	0.135588668297	-0.0471555897078	0.0580481660853	-0.116597169392	-0.0222048441434	-0.0572636269409	-0.0323924033382	0.042724287751	0.0372806924162	-0.112526100258	-0.012975657387	0.0317007919586	-0.0859235478316	-0.160421361646	0.144528516895	-0.0145976234826	-0.0162520006806	-0.0879704893906	0.0911860409015	-0.112295160418	-0.0105978054912	-0.0689092718964	-0.00183695426942
k__Bacteria;p__Firmicutes;c__Clostridia;o__Clostridiales;f__Lachnospiraceae;g__Roseburia;s__Roseburia_hominis	-0.0909347985343	0.00343345919914	-0.0566351463413	-0.00780530229057	-0.0397635488046	0.0187644680505	-0.124631152791	-0.0132617786678	-0.0467417317099	-0.0560682487606	-0.0582289743676	-0.0361803059468	0.031058131035	-0.0290575515389	0.0489075871158	0.0499582289475	-0.0632320393507	-0.0897198983346	-0.0443575856281	-0.0515404792892	-0.103569441543	0.114064307906	-0.0789372289078	0.0510666306451	0.0848896434375	-0.0586594863367	-0.0401313996902	1.0	0.112118354607	-0.0676106189589	-0.00735443418607	-0.111042997592	-0.0406523108727	0.010264027956	-0.0351357116595	0.0247459755407	-0.0136268339469	-0.0654713567142	-0.0123285204771	-0.00929314887113	-0.122352675302	-0.0760285572839	-0.157736433983	-0.00706467611514	0.0457213307747	0.0151542900267	-0.0433681989376	-0.0128543045094	0.0185942133162	0.0407527434724	-0.188464179557	0.0391465676844	-0.0795063444455	0.0788692515223	0.00837089933398	0.0709797238953	0.0304201747755	-0.0627795430082	-0.0531062902323
k__Bacteria;p__Bacteroidetes;c__Bacteroidia;o__Bacteroidales;f__Porphyromonadaceae;g__Parabacteroides;s__Parabacteroides_johnsonii	-0.0447245952353	0.0224493051086	-0.167639361539	-0.00231975047075	-0.0893303149918	-0.0390451394243	-0.0628214810232	0.0212120868002	-0.0696504267817	-0.0908098947255	-0.158978030444	-0.0896203444523	0.0615368039817	0.0723797898385	0.081082174907	0.0188629057145	0.0148014633274	0.0510822788985	-0.00757385305524	-0.0546758850305	-0.0802744541086	-0.0903164827081	0.0823641084629	0.038402437553	0.106262204066	-0.0944829595901	-0.0987436805312	0.112118354607	1.0	-0.147059160445	-0.0708116303675	0.00548136480397	-0.0653603877556	-0.0479742210005	0.0264201212826	0.0959759046917	-0.0207839901638	-0.021861134565	-0.0166795162007	-0.0790839194495	-0.0213159282401	-0.0016514792432	-0.0706098282044	0.134225205953	0.0583700041425	-0.0558163948372	-0.04301397218	0.000502665756525	-0.00189340738609	0.0782255468701	0.00943785977899	-0.0364604589549	-0.0253789565314	-0.0696818203488	-0.0446677605404	0.0726452516677	-0.0369194153623	-0.0438404621055	-0.0546703742797
k__Bacteria;p__Actinobacteria;c__Actinobacteria;o__Bifidobacteriales;f__Bifidobacteriaceae;g__Bifidobacterium;s__Bifidobacterium_longum	0.0387935597941	-0.0656187394745	-0.142443538636	-0.0224232279313	-0.0892843101905	-0.0273070376065	-0.0805975569277	-0.0348732484302	-0.0866649358679	0.0477066725625	-0.0590787629058	0.004422042591	-0.0821558137483	0.0652759055623	0.0653580314237	0.0296230138402	-0.0921968824114	-0.0365512992356	-0.0648260514837	0.0156293064911	0.0378741552365	-0.0339193707292	0.0933137501764	-0.0477720323849	-0.0219958941319	0.0237980689818	0.0531185730129	-0.0676106189589	-0.147059160445	1.0	-0.0354298875105	0.020841423476	-0.0377463190196	-0.028951827381	0.0307607074754	-0.101609844866	0.107668448626	0.0133942325091	-0.0792251779458	-0.0261392078699	-0.0661447016279	0.0397025801454	0.0479147375287	-0.0870344839137	0.102335381883	-0.0990919864971	-0.0106561238608	-0.061185886282	-0.031256143774	-0.0604757970546	0.0292174966258	0.0339609857416	0.00209012349488	0.0933599845136	-0.0711376209029	-0.00945318325044	-0.00213568111172	-0.0176807758158	-0.0617289245823
