#taxonomy	k__Bacteria;p__Bacteroidetes;c__Bacteroidia;o__Bacteroidales;f__Bacteroidaceae;g__Bacteroides;s__Bacteroides_vulgatus	k__Bacteria;p__Bacteroidetes;c__Bacteroidia;o__Bacteroidales;f__Bacteroidaceae;g__Bacteroides;s__Bacteroides_uniformis	k__Bacteria;p__Bacteroidetes;c__Bacteroidia;o__Bacteroidales;f__Rikenellaceae;g__Alistipes;s__Alistipes_putredinis	k__Bacteria;p__Bacteroidetes;c__Bacteroidia;o__Bacteroidales;f__Prevotellaceae;g__Prevotella;s__Prevotella_copri	k__Bacteria;p__Bacteroidetes;c__Bacteroidia;o__Bacteroidales;f__Bacteroidaceae;g__Bacteroides;s__Bacteroides_stercoris	k__Bacteria;p__Bacteroidetes;c__Bacteroidia;o__Bacteroidales;f__Bacteroidaceae;g__Bacteroides;s__Bacteroides_ovatus	k__Bacteria;p__Bacteroidetes;c__Bacteroidia;o__Bacteroidales;f__Rikenellaceae;g__Alistipes;s__Alistipes_shahii	k__Bacteria;p__Firmicutes;c__Clostridia;o__Clostridiales;f__Ruminococcaceae;g__Faecalibacterium;s__Faecalibacterium_prausnitzii	k__Bacteria;p__Bacteroidetes;c__Bacteroidia;o__Bacteroidales;f__Rikenellaceae;g__Alistipes;s__Alistipes_finegoldii	k__Bacteria;p__Bacteroidetes;c__Bacteroidia;o__Bacteroidales;f__Porphyromonadaceae;g__Parabacteroides;s__Parabacteroides_distasonis	k__Bacteria;p__Bacteroidetes;c__Bacteroidia;o__Bacteroidales;f__Bacteroidaceae;g__Bacteroides;s__Bacteroides_thetaiotaomicron	k__Bacteria;p__Bacteroidetes;c__Bacteroidia;o__Bacteroidales;f__Bacteroidaceae;g__Bacteroides;s__Bacteroides_coprocola	k__Bacteria;p__Bacteroidetes;c__Bacteroidia;o__Bacteroidales;f__Bacteroidaceae;g__Bacteroides;s__Bacteroides_cellulosilyticus	k__Bacteria;p__Bacteroidetes;c__Bacteroidia;o__Bacteroidales;f__Rikenellaceae;g__Alistipes;s__Alistipes_obesi	k__Bacteria;p__Firmicutes;c__Clostridia;o__Clostridiales;f__Lachnospiraceae;g__;s__[Eubacterium]_rectale	k__Bacteria;p__Bacteroidetes;c__Bacteroidia;o__Bacteroidales;f__Bacteroidaceae;g__Bacteroides;s__Bacteroides_plebeius	k__Bacteria;p__Bacteroidetes;c__Bacteroidia;o__Bacteroidales;f__Bacteroidaceae;g__Bacteroides;s__Bacteroides_fragilis	k__Bacteria;p__Proteobacteria;c__Betaproteobacteria;o__Burkholderiales;f__Sutterellaceae;g__Sutterella;s__Sutterella_wadsworthensis	k__Bacteria;p__Bacteroidetes;c__Bacteroidia;o__Bacteroidales;f__Porphyromonadaceae;g__Barnesiella;s__Barnesiella_intestinihominis	k__Bacteria;p__Bacteroidetes;c__Bacteroidia;o__Bacteroidales;f__Odoribacteraceae;g__Odoribacter;s__Odoribacter_splanchnicus	k__Bacteria;p__Bacteroidetes;c__Bacteroidia;o__Bacteroidales;f__Bacteroidaceae;g__Bacteroides;s__Bacteroides_salyersiae	k__Bacteria;p__Firmicutes;c__Clostridia;o__Clostridiales;f__Ruminococcaceae;g__Ruminiclostridium;s__[Eubacterium]_siraeum	k__Bacteria;p__Proteobacteria;c__Betaproteobacteria;o__Burkholderiales;f__Sutterellaceae;g__Parasutterella;s__Parasutterella_excrementihominis	k__Bacteria;p__Actinobacteria;c__Actinobacteria;o__Bifidobacteriales;f__Bifidobacteriaceae;g__Bifidobacterium;s__Bifidobacterium_adolescentis	k__Bacteria;p__Firmicutes;c__Clostridia;o__Clostridiales;f__Oscillospiraceae;g__Oscillibacter;s__Oscillibacter_sp._KLE_1745	k__Bacteria;p__Bacteroidetes;c__Bacteroidia;o__Bacteroidales;f__Bacteroidaceae;g__Bacteroides;s__Bacteroides_coprophilus	k__Bacteria;p__Firmicutes;c__Clostridia;o__Clostridiales;f__Lachnospiraceae;g__Roseburia;s__Roseburia_intestinalis	k__Bacteria;p__Firmicutes;c__Clostridia;o__Clostridiales;f__Lachnospiraceae;g__Roseburia;s__Roseburia_hominis	k__Bacteria;p__Bacteroidetes;c__Bacteroidia;o__Bacteroidales;f__Porphyromonadaceae;g__Parabacteroides;s__Parabacteroides_johnsonii	k__Bacteria;p__Actinobacteria;c__Actinobacteria;o__Bifidobacteriales;f__Bifidobacteriaceae;g__Bifidobacterium;s__Bifidobacterium_longum	k__Bacteria;p__Firmicutes;c__Clostridia;o__Clostridiales;f__;g__Flavonifractor;s__Flavonifractor_plautii	k__Bacteria;p__Firmicutes;c__Clostridia;o__Clostridiales;f__Clostridiaceae;g__Clostridium;s__Clostridium_phoceensis	k__Bacteria;p__Verrucomicrobia;c__Verrucomicrobiae;o__Verrucomicrobiales;f__Akkermansiaceae;g__Akkermansia;s__Akkermansia_muciniphila	k__Bacteria;p__Bacteroidetes;c__Bacteroidia;o__Bacteroidales;f__Prevotellaceae;g__Paraprevotella;s__Paraprevotella_xylaniphila	k__Bacteria;p__Firmicutes;c__Clostridia;o__Clostridiales;f__Ruminococcaceae;g__Ruminococcus;s__Ruminococcus_callidus	k__Bacteria;p__Bacteroidetes;c__Bacteroidia;o__Bacteroidales;f__Rikenellaceae;g__Alistipes;s__Alistipes_senegalensis	k__Bacteria;p__Firmicutes;c__Clostridia;o__Clostridiales;f__Lachnospiraceae;g__Blautia;s__Blautia_sp._KLE_1732	k__Bacteria;p__Bacteroidetes;c__Bacteroidia;o__Bacteroidales;f__Bacteroidaceae;g__Bacteroides;s__Bacteroides_oleiciplenus	k__Bacteria;p__Firmicutes;c__Clostridia;o__Clostridiales;f__Ruminococcaceae;g__Ruminococcus;s__Ruminococcus_bicirculans	k__Bacteria;p__Bacteroidetes;c__Bacteroidia;o__Bacteroidales;f__Bacteroidaceae;g__Bacteroides;s__Bacteroides_fluxus	k__Bacteria;p__Bacteroidetes;c__Bacteroidia;o__Bacteroidales;f__Prevotellaceae;g__Prevotella;s__Prevotella_stercorea	k__Bacteria;p__Firmicutes;c__Clostridia;o__Clostridiales;f__Lachnospiraceae;g__Dorea;s__Dorea_longicatena	k__Bacteria;p__Firmicutes;c__Clostridia;o__Clostridiales;f__Eubacteriaceae;g__Eubacterium;s__[Eubacterium]_eligens	k__Bacteria;p__Firmicutes;c__Clostridia;o__Clostridiales;f__Ruminococcaceae;g__;s__Ruminococcaceae_bacterium_D16	k__Bacteria;p__Firmicutes;c__Clostridia;o__Clostridiales;f__Lachnospiraceae;g__Coprococcus;s__Coprococcus_comes	k__Bacteria;p__Proteobacteria;c__Gammaproteobacteria;o__Enterobacterales;f__Enterobacteriaceae;g__Escherichia;s__Escherichia_coli	k__Bacteria;p__Firmicutes;c__Clostridia;o__Clostridiales;f__Ruminococcaceae;g__Anaerotruncus;s__Anaerotruncus_colihominis	k__Bacteria;p__Firmicutes;c__Clostridia;o__Clostridiales;f__Lachnospiraceae;g__Blautia;s__Blautia_obeum	k__Bacteria;p__Bacteroidetes;c__Bacteroidia;o__Bacteroidales;f__Odoribacteraceae;g__Odoribacter;s__Odoribacter_laneus	k__Bacteria;p__Firmicutes;c__Clostridia;o__Clostridiales;f__Ruminococcaceae;g__Ruminiclostridium;s__[Clostridium]_leptum	k__Bacteria;p__Bacteroidetes;c__Bacteroidia;o__Bacteroidales;f__Porphyromonadaceae;g__Parabacteroides;s__Parabacteroides_goldsteinii	k__Bacteria;p__Firmicutes;c__Clostridia;o__Clostridiales;f__Lachnospiraceae;g__Anaerostipes;s__Anaerostipes_hadrus	k__Bacteria;p__Firmicutes;c__Clostridia;o__Clostridiales;f__Ruminococcaceae;g__Ruminococcus;s__Ruminococcus_lactaris	k__Bacteria;p__Firmicutes;c__Clostridia;o__Clostridiales;f__Clostridiaceae;g__Clostridium;s__Clostridium_sp._L2-50	k__Bacteria;p__Firmicutes;c__Clostridia;o__Clostridiales;f__Clostridiaceae;g__Clostridium;s__Clostridium_sp._M62/1	k__Bacteria;p__Firmicutes;c__Clostridia;o__Clostridiales;f__;g__Intestinimonas;s__Intestinimonas_butyriciproducens	k__Bacteria;p__Actinobacteria;c__Actinobacteria;o__Bifidobacteriales;f__Bifidobacteriaceae;g__Bifidobacterium;s__Bifidobacterium_bifidum	k__Bacteria;p__Firmicutes;c__Negativicutes;o__Veillonellales;f__Veillonellaceae;g__Dialister;s__Dialister_invisus	k__Bacteria;p__Bacteroidetes;c__Bacteroidia;o__Bacteroidales;f__Bacteroidaceae;g__Bacteroides;s__Bacteroides_salanitronis
k__Bacteria;p__Bacteroidetes;c__Bacteroidia;o__Bacteroidales;f__Bacteroidaceae;g__Bacteroides;s__Bacteroides_vulgatus	1.0	0.0171826587535	0.0326016186104	-0.15627245549	-0.0793205429015	-0.0185197988679	-0.0379896241919	0.0274325688281	-0.0110865844328	-0.0230110466955	-0.0380519243238	-0.0895955598225	0.0223777362704	-0.0662151494124	0.0261405462752	-0.00263590660108	-0.0113685125402	0.0364688023631	-0.112744209008	-0.0724438419612	-0.113034349913	-0.0303314364948	0.0330458839677	-0.0649245648772	-0.0134568620004	0.0325045860307	-0.0271750873079	-0.211773268862	-0.149788072159	-0.10221809253	-0.0708425388006	0.0957924759535	-0.00445268786344	-0.0587072808105	-0.0533611504502	-0.063926314954	-0.053337175875	-0.102018051105	0.00576697514116	-0.00770187380022	0.0129646330199	-0.121194592106	0.0154965948779	-0.113928750932	0.0413750785732	-0.0561363590892	0.0379757720226	-0.03839444164	0.160291464938	-0.0146998287982	-0.0426224242018	-0.0947515700032	-0.0102436281347	-0.0332940934552	-0.0525643838735	-0.0122164862031	-0.1047539012	-0.042215868185	0.0409176030779
k__Bacteria;p__Bacteroidetes;c__Bacteroidia;o__Bacteroidales;f__Bacteroidaceae;g__Bacteroides;s__Bacteroides_uniformis	0.0171826587535	1.0	-0.131911896936	0.015502892579	-0.0879625511789	-0.0119276902787	-0.0520813851361	-0.0959837808137	-0.141731051745	-0.0886390146334	0.0309160152058	0.00873290212903	-0.0374179977666	-0.0583708162271	0.0651196005135	-0.0417205789548	0.00304184197302	0.0586764463693	-0.0203387446535	-0.0406834564472	0.0582566970285	0.0806317499918	-0.0242961626277	-0.105222515617	-0.0206301065935	-0.101737621159	0.0438554366498	0.0264820323583	0.00977083111197	-0.0330132403295	-0.0789010634658	-0.0819352931138	-0.0398320595654	-0.038103109982	-0.0116429018266	-0.0425134777508	-0.0248684249882	-0.156677804649	-0.0442661413752	0.0623653060132	-0.0902342378276	-0.160146514621	-0.0470634832733	0.0217409853334	0.0120977604803	-0.00866171285142	0.0841664061203	-0.00321627787471	-0.0181609186138	0.0794370847317	-0.00126104233829	-0.0078868978155	-0.0585990925925	-0.0439053099551	-0.0836354952429	-0.0609876752696	-0.109252145262	-0.0971192880599	-0.0916698465479
k__Bacteria;p__Bacteroidetes;c__Bacteroidia;o__Bacteroidales;f__Rikenellaceae;g__Alistipes;s__Alistipes_putredinis	0.0326016186104	-0.131911896936	1.0	0.0161344907356	-0.104132286334	-0.0662395354082	-0.0670969047581	-0.0546142429814	0.0509038575747	-0.0170394538857	-0.0206294703334	-0.0321542686625	-0.0391728753419	-0.0108913179799	0.0319186872706	-0.041909074621	-0.0439659000701	-0.0796465065735	-0.0520483258992	-0.160658434605	-0.0516590928021	-0.0295001365722	-0.0682149161951	0.0817948438525	0.0474524712268	-0.0281284844373	-0.0879894037474	0.0184116943369	-0.0899894340116	-0.121396348523	-0.0268569643461	0.0730216324219	-0.0177915765861	0.0463384094119	-0.0166087002191	-0.00500368854952	-0.0683781946724	-0.098489359883	-0.151116753276	0.00461657346891	0.0335147054865	-0.165352273112	-0.0736770242116	-0.0582779963893	-0.0797043709712	-0.0746970517654	-0.0533462476999	0.00998780909999	-0.0322542395653	-0.033610497056	-0.00902288354521	-0.0569042517751	0.0647398349493	0.00827440765071	0.00421315116747	0.0635832307781	-0.038105394095	-0.0323692336947	-0.0637798825657
k__Bacteria;p__Bacteroidetes;c__Bacteroidia;o__Bacteroidales;f__Prevotellaceae;g__Prevotella;s__Prevotella_copri	-0.15627245549	0.015502892579	0.0161344907356	1.0	-0.0496955750874	0.0221064777822	-0.109532595719	-0.136102823755	-0.157701997986	-0.0025978916936	-0.0843778161889	-0.137526689981	-0.00176633365121	-0.0905528052656	0.0168939694772	0.0803219051839	-0.0692282653134	-0.0564730329048	-0.0435397040857	-0.0712311467101	-0.0481929301835	-0.0409512375154	0.077309446654	-0.0194851390784	0.110114787821	-0.000455245469711	-0.0875697893418	0.0320488207175	-0.029625740971	-0.0237284967931	-0.0592510489813	-0.0690066545536	0.0831002190523	-0.0823616365118	-0.0256543579002	-0.0995372697	-0.00820824288171	0.0163624960629	-0.0141801195682	-0.0541184592852	-0.139402754934	0.0231007311921	0.0791105096361	0.0372929941236	-0.101013058358	-0.0504991952063	-0.0274703525603	-0.069385396611	0.00538137968232	-0.0075824806027	-0.00773389755025	0.0555855015108	-0.078875455674	0.0667591915406	0.00339073347561	-0.0817198465667	0.0371723598237	0.0731393057718	0.0773148655755
k__Bacteria;p__Bacteroidetes;c__Bacteroidia;o__Bacteroidales;f__Bacteroidaceae;g__Bacteroides;s__Bacteroides_stercoris	-0.0793205429015	-0.0879625511789	-0.104132286334	-0.0496955750874	1.0	-0.0714365806531	-0.0170824252413	0.0591141125081	-0.133405752993	-0.020459881351	-0.114938529158	-0.0371033678634	-0.0110316153359	-0.0474324556931	0.0131289571416	0.0896938263839	-0.0261811636184	-0.0232262492796	-0.0736161652104	-0.120440561102	-0.00603175066008	-0.124416454473	0.0333446449963	0.0310761180716	-0.055023436858	0.134664906574	0.038696898119	-0.0302291001171	0.0426278554535	-0.0730944577142	0.0158635542363	-0.00893716447522	0.0698961650708	-0.049701743078	0.0756880681247	-0.0314269306431	-0.0112856699489	-0.0655165846723	-0.0360842910549	0.0112695347883	-0.12934146186	0.0203039718944	-0.033226017081	-0.0147571063366	-0.037067196384	-0.0334892498573	-0.148857190932	-0.0739659732209	-0.0357603694834	0.0889129208075	-0.036864105516	-0.100290203504	-0.00165530908846	0.114322554184	-0.0839603363965	-0.0528062707188	-0.0223658465839	0.00545921442333	0.214838711319
k__Bacteria;p__Bacteroidetes;c__Bacteroidia;o__Bacteroidales;f__Bacteroidaceae;g__Bacteroides;s__Bacteroides_ovatus	-0.0185197988679	-0.0119276902787	-0.0662395354082	0.0221064777822	-0.0714365806531	1.0	-0.0121199910591	-0.00810373951634	-0.0114069911566	0.0419362414857	0.034376628275	0.0236422437791	-0.0611324109731	0.0288198132146	0.0434440824431	-0.149310689572	-0.0201450303542	0.0534013044285	0.00285030245996	-0.0124185831898	-0.0772428018648	-0.00524667770692	-0.00248089526566	0.00166816132443	-0.0872776676879	-0.0895513890751	-0.0160160953297	-0.103301225133	0.0215625977161	-0.0191755198719	0.0501044389943	0.0671120943	0.0652719444006	-0.0785104396969	-0.0300641642697	-0.0966144787098	-0.0256175088596	0.0702816621582	-0.103154785076	-0.0308409036888	0.0353777568489	0.0291916598679	-0.0135995170704	-0.0222484094665	-0.141265530658	-0.0629151520467	0.0105350711781	-0.116715482847	-0.0242496974252	-0.0728795231149	-0.0972805411986	0.124271082211	-0.0296108243114	-0.0497704987019	-0.0151480539755	-0.0803896080633	-0.0986380064833	0.0952335997651	-0.03931624825
k__Bacteria;p__Bacteroidetes;c__Bacteroidia;o__Bacteroidales;f__Rikenellaceae;g__Alistipes;s__Alistipes_shahii	-0.0379896241919	-0.0520813851361	-0.0670969047581	-0.109532595719	-0.0170824252413	-0.0121199910591	1.0	-0.0144214849825	-0.139560653687	0.0489745916649	-0.0351800683653	0.0109379328393	-0.0620104634099	-0.0633383708383	-0.0426144738636	-0.0786371298832	-0.122964688299	0.0907976456349	-0.0363473732638	0.0187447831469	-0.0786408945083	0.00737400094333	-0.0678040991958	-0.0401165524683	-0.0742317807341	-0.0900132742739	0.0633283632152	-0.01888114603	-0.0452298349523	0.111874527597	0.100074081726	0.0184742842572	-0.0291967956475	-0.114901866101	0.0144766327123	-0.0154550585233	-0.0626766302388	-0.00824627709734	-0.073250695159	-0.0911003624266	-0.00972715313969	0.0504464859587	-0.0228339169951	-0.0496637325242	-0.109719537385	-0.0132427586247	0.0786299418374	-0.0764499177306	0.00286502448187	-0.0876985497652	0.119926726197	-0.0409894969219	-0.00160517663782	-0.00820437572468	0.0113804744577	-0.02111394204	-0.0747694784327	-0.218613248669	-0.0217069653123
k__Bacteria;p__Firmicutes;c__Clostridia;o__Clostridiales;f__Ruminococcaceae;g__Faecalibacterium;s__Faecalibacterium_prausnitzii	0.0274325688281	-0.0959837808137	-0.0546142429814	-0.136102823755	0.0591141125081	-0.00810373951634	-0.0144214849825	1.0	0.0155957477514	-0.0669356832383	-0.0193090061554	-0.106164407189	-0.0807492366783	-0.012264660755	-0.0376336037338	-0.0814577271071	-0.02253796354	-0.0615600703257	-0.0312595185788	-0.0722497057539	0.0566286727365	0.0192694478907	-0.0345939144373	0.0534880874923	-0.035132744503	0.0274496696146	0.00359385437536	-0.0913611400686	-0.0253256240187	-0.0274058573388	-0.110548185545	-0.0413574844374	-0.0360341995581	-0.0371456072389	-0.0357364286787	-0.0122776137977	-0.00966041002035	0.0140207277991	0.130333775697	-0.0334891919157	-0.0962484819322	0.0620783886483	-0.0109206829124	-0.10033980837	0.0842734570375	0.0634563343755	-0.108364029016	0.0557452268787	0.0578175704718	-0.0838734306372	-0.0382853906198	-0.039179168596	0.0234478759113	-0.121661005461	0.02269097621	-0.125317346396	0.0402445080876	-0.0505183180632	-0.0691623110775
k__Bacteria;p__Bacteroidetes;c__Bacteroidia;o__Bacteroidales;f__Rikenellaceae;g__Alistipes;s__Alistipes_finegoldii	-0.0110865844328	-0.141731051745	0.0509038575747	-0.157701997986	-0.133405752993	-0.0114069911566	-0.139560653687	0.0155957477514	1.0	-0.00223939639246	-0.0862820762578	-0.177508893699	-0.191431160655	0.0118405178495	-0.0257038815326	0.0222201692631	-0.0263058604631	-0.0764572346668	-0.0142551697569	-0.0046469940053	-0.0588942076442	0.187979784618	-0.035345021311	0.0244550799655	-0.241937929143	-0.0218005136439	0.0353971182402	-0.044619508397	-0.00505215397042	-0.102997872341	-0.0298494475211	0.020723186965	0.0130918124838	0.10946870651	0.0339263920985	-0.0862894843871	0.0137124106887	-0.0387686473393	0.0476255905506	0.00644955401468	0.00253130217704	0.0269836932278	-0.112759283151	-0.0770651591896	-0.0300512189243	0.00431155312717	0.00940912459771	-0.171803557525	-0.0322528048045	-0.0717924649649	0.0877789923629	-0.0979200569685	0.0118568995643	-0.0420905908706	0.0122360762079	-0.0714328831132	-0.0765694076011	-0.0426828234178	0.0943512248777
k__Bacteria;p__Bacteroidetes;c__Bacteroidia;o__Bacteroidales;f__Porphyromonadaceae;g__Parabacteroides;s__Parabacteroides_distasonis	-0.0230110466955	-0.0886390146334	-0.0170394538857	-0.0025978916936	-0.020459881351	0.0419362414857	0.0489745916649	-0.0669356832383	-0.00223939639246	1.0	0.0452621579848	-0.0690663770202	0.0106802946521	-0.0123641079004	0.0474004635365	-0.0211079807558	0.0319058337812	0.0123976791453	-0.0187969829181	-0.0354847693697	-0.0898893436604	-0.0230788966155	-0.0523210385784	0.0247775099391	-0.0485730798569	-0.0338535566087	-0.0310932799098	-0.113612996329	-0.0419094850849	0.045655867304	-0.123902922623	-0.10212748508	-0.0661329265137	-0.0656971656353	-0.0773837366712	-0.0556805553529	-0.0855435939107	0.0684922119983	0.0295318712679	0.0427360723342	-0.07008108584	-0.0656497738661	-0.0141684235558	-0.0687556886224	-0.210974449569	-0.0370936690724	-0.0359375243446	-0.112325049939	-0.0321946429928	-0.133345639911	0.0326777711592	-0.0829040307681	-0.0602048507064	-0.0602229478028	-0.115356259272	-0.0934177258652	-0.0290795799876	0.0506606355037	0.0203792976716
k__Bacteria;p__Bacteroidetes;c__Bacteroidia;o__Bacteroidales;f__Bacteroidaceae;g__Bacteroides;s__Bacteroides_thetaiotaomicron	-0.0380519243238	0.0309160152058	-0.0206294703334	-0.0843778161889	-0.114938529158	0.034376628275	-0.0351800683653	-0.0193090061554	-0.0862820762578	0.0452621579848	1.0	0.0362425696141	-0.0436548990465	-0.120836619424	-0.0512987400423	-0.00783749983975	-0.113050946034	-0.143960962154	0.0229207486031	-0.00614206999794	-0.0318746028148	0.0521159677975	0.00233954796682	-0.0773240482933	-0.0277815116169	-0.0401792397098	0.163681469359	-0.0603310149203	-0.106316910993	-0.00269809239634	0.0277547346447	0.0491961663252	-0.0329477554883	0.0220009496167	-0.122217838295	-0.0859285739774	-0.0652545589488	-0.0685807262485	-0.0380131733342	-0.0592690372871	0.0543434413134	-0.0857671541706	0.0023680098672	-0.0271664062826	-0.0649396451543	-0.0577284224235	-0.0261003043738	-0.0763433279372	-0.121122314875	0.0094971294585	-0.0494839837229	0.0250302047605	-0.0589363092278	0.0295842330922	-0.000385815459569	0.00427146373295	-0.0322416679099	-0.0119981334406	-0.0238483950669
k__Bacteria;p__Bacteroidetes;c__Bacteroidia;o__Bacteroidales;f__Bacteroidaceae;g__Bacteroides;s__Bacteroides_coprocola	-0.0895955598225	0.00873290212903	-0.0321542686625	-0.137526689981	-0.0371033678634	0.0236422437791	0.0109379328393	-0.106164407189	-0.177508893699	-0.0690663770202	0.0362425696141	1.0	0.037962940555	-0.0014446321626	0.00632179597277	-0.0167767805318	0.0157196356655	-0.0418050136024	-0.118221626409	0.0224460278823	0.00634995563504	0.0531197637858	0.0106640925723	0.0246185650989	0.00976399656804	-0.0948009889438	-0.0124656071881	-0.0308618906886	-0.0149220480861	0.0712834407133	-0.15535498948	0.0221529638071	-0.0772880328812	-0.0259310637153	-0.037660769738	-0.0155527351278	-0.0409929175017	-0.101420856297	-0.0185527287704	-0.00611085594784	-0.0757875793992	0.0387684953366	0.0114660911443	-0.170909707941	-0.0436509744119	-0.0888828012384	0.0417696682111	-0.0685041238342	0.0192784183598	-0.190201174548	-0.0946022966454	-0.0998182698879	-0.0719596499802	-0.054938839432	-0.0841335139258	0.0392486456964	0.0200216823027	-0.0493806747218	0.0802604857224
k__Bacteria;p__Bacteroidetes;c__Bacteroidia;o__Bacteroidales;f__Bacteroidaceae;g__Bacteroides;s__Bacteroides_cellulosilyticus	0.0223777362704	-0.0374179977666	-0.0391728753419	-0.00176633365121	-0.0110316153359	-0.0611324109731	-0.0620104634099	-0.0807492366783	-0.191431160655	0.0106802946521	-0.0436548990465	0.037962940555	1.0	-0.0248439221663	0.0532478412505	-0.0394157368622	0.0763995129861	0.0469989564277	-0.0831225377165	-0.0373092328355	-0.071911029326	0.0336281517026	-0.023313335983	0.0947091019519	-0.0683193652092	-0.037476744407	0.00465487614076	0.0172966749701	0.0603919785764	-0.124780766206	0.00191359299212	-0.190634323191	0.0513835943878	-0.00652642175924	-0.0894186058236	-0.00487661162083	-0.0544899216666	-0.135792102463	-0.0655081831327	-0.0472219435388	-0.142046574469	-0.0896794169496	-0.00654692783177	0.00391565995598	-0.0633780864725	-0.0637616524211	-0.00753688099993	-0.0150785922283	-0.0644008479795	-0.0183963519961	-0.112298545351	0.0889047471959	-0.116817464489	0.0475837191526	-0.125060469532	-0.0190984223438	-0.0441372060135	0.0251896559049	-0.0441022690111
k__Bacteria;p__Bacteroidetes;c__Bacteroidia;o__Bacteroidales;f__Rikenellaceae;g__Alistipes;s__Alistipes_obesi	-0.0662151494124	-0.0583708162271	-0.0108913179799	-0.0905528052656	-0.0474324556931	0.0288198132146	-0.0633383708383	-0.012264660755	0.0118405178495	-0.0123641079004	-0.120836619424	-0.0014446321626	-0.0248439221663	1.0	0.0424910645267	0.095887955006	0.0298922358388	-0.0216926287533	0.0637448773293	-0.0218693354427	0.00226429200307	0.0734452320138	-0.146493424138	-0.138068483462	-0.0127343443061	-0.0261382782118	-0.0808866515002	0.114580573494	-0.0481902620087	-0.0797384268987	0.0765491066126	-0.080354453239	0.0357437254987	-0.0374206286957	-0.102620396762	-0.0739428721082	0.0709358591962	-0.0726320850001	-0.04295003816	-0.1756016742	0.0579526787258	-0.00755234599521	0.0185650663148	-0.0783718414033	-0.0144154259681	-0.103920509043	-0.0444443111749	-0.124401095087	-0.0161379652835	-0.0278514540886	0.0210654821123	-0.110250095475	0.0124280164395	-0.0378591172345	-0.0408674997717	-0.062467100023	-0.0181389600456	-0.0583019198863	-0.103777084549
k__Bacteria;p__Firmicutes;c__Clostridia;o__Clostridiales;f__Lachnospiraceae;g__;s__[Eubacterium]_rectale	0.0261405462752	0.0651196005135	0.0319186872706	0.0168939694772	0.0131289571416	0.0434440824431	-0.0426144738636	-0.0376336037338	-0.0257038815326	0.0474004635365	-0.0512987400423	0.00632179597277	0.0532478412505	0.0424910645267	1.0	-0.107461060852	-0.120225225045	-0.0698194177171	-0.0434381167213	-0.00829259016346	-0.0494590242324	0.0690067499704	0.0184293076508	0.0391462336141	-0.0733998675401	-0.0550645137742	-0.0980594213765	0.0427071930818	0.0398444773092	-0.0372796347983	0.052972593331	-0.00564463419479	-0.0573220776104	-0.139124108749	-0.114971700313	-0.0971224586536	-0.0105418882176	0.00617696384357	0.0476238430177	-0.00802543853876	-0.0430483686881	-0.0453148614668	0.0131229280531	0.0321573349951	-0.0369247479355	-0.00937821546146	0.0329888596044	-0.103927830722	-0.169394904452	-0.0243847489046	0.0103676695572	-0.0890737568699	0.148278186069	-0.0431828815179	-0.0671434671246	-0.148907691321	-0.0351929852754	-0.0162315721602	-0.135910413295
k__Bacteria;p__Bacteroidetes;c__Bacteroidia;o__Bacteroidales;f__Bacteroidaceae;g__Bacteroides;s__Bacteroides_plebeius	-0.00263590660108	-0.0417205789548	-0.041909074621	0.0803219051839	0.0896938263839	-0.149310689572	-0.0786371298832	-0.0814577271071	0.0222201692631	-0.0211079807558	-0.00783749983975	-0.0167767805318	-0.0394157368622	0.095887955006	-0.107461060852	1.0	-0.0560407605248	-0.0374953301134	-0.15890402982	0.0238193085444	0.012703123052	0.00346941130472	-0.0474423288892	-0.00120948984352	0.0202900911903	-0.0225983532045	-0.00700629264155	-0.0436665093466	-0.101879040204	-0.112836315405	-0.00345842795825	0.0471651689301	-0.0809698697813	0.0132100248956	-0.108932005077	-0.148931322219	-0.00100084700729	0.00393051964915	-0.0789513825366	-0.0213730790429	-0.0130529310108	0.0594319493053	-0.0796608907848	0.106426956403	-0.190492045753	0.0193105109605	0.0454227374458	-0.0456648547954	0.0558923650918	0.00761825569089	-0.03422991098	-0.080598322206	0.0944395513371	-0.0575900019194	0.044229165344	-0.0952645488686	-0.0469944930677	-0.0659035749613	-0.0734515863839
k__Bacteria;p__Bacteroidetes;c__Bacteroidia;o__Bacteroidales;f__Bacteroidaceae;g__Bacteroides;s__Bacteroides_fragilis	-0.0113685125402	0.00304184197302	-0.0439659000701	-0.0692282653134	-0.0261811636184	-0.0201450303542	-0.122964688299	-0.02253796354	-0.0263058604631	0.0319058337812	-0.113050946034	0.0157196356655	0.0763995129861	0.0298922358388	-0.120225225045	-0.0560407605248	1.0	-0.124292114101	0.033367002137	-0.0198088911006	0.00526095311648	0.00376538733275	-0.0562467098863	0.0278854370188	-0.00676313128307	-0.000383674645439	0.0361518578399	-0.0663321471228	0.048946728472	0.0115111481798	0.107143554408	0.0309897928882	0.0180918809597	-0.0333754437445	-0.161344790075	-0.0344803412646	-0.00214703079555	-0.0502896852758	-0.0455218595397	0.0271275875698	-0.090908313694	0.0199190810427	-0.0368701520885	-0.0226291705048	0.0341245095444	0.00648625601655	-0.0700765181183	0.00165092297524	0.00423912139335	-0.0427535079691	-0.0177632461319	-0.0196598570766	-0.0594827942241	-0.0508170673877	-0.196692412046	0.012130797451	-0.0394090506544	-0.0313386422146	-0.00717904975796
k__Bacteria;p__Proteobacteria;c__Betaproteobacteria;o__Burkholderiales;f__Sutterellaceae;g__Sutterella;s__Sutterella_wadsworthensis	0.0364688023631	0.0586764463693	-0.0796465065735	-0.0564730329048	-0.0232262492796	0.0534013044285	0.0907976456349	-0.0615600703257	-0.0764572346668	0.0123976791453	-0.143960962154	-0.0418050136024	0.0469989564277	-0.0216926287533	-0.0698194177171	-0.0374953301134	-0.124292114101	1.0	-0.122756069153	0.0375490183048	0.0241896666788	-0.111347383809	0.00271055562269	-0.10864035394	0.00855944784207	0.0133445368322	-0.0586658030705	0.0374704377345	-0.110423315183	-0.0783447224356	-0.0938168686495	-0.00894154598965	0.120174381343	-0.0385788861084	0.0165152802824	0.120360648822	-0.0190848899253	0.164505915977	-0.0828360638154	0.00914382579966	-0.0229228054352	-0.0351964032465	0.0144178780067	-0.0633964457926	-0.116130445649	-0.0823487666298	0.0288548792809	-0.0908204262553	0.00268922602236	-0.0354896798662	-0.0988470938623	-0.0836688067415	-0.0590874633035	-0.0324058560733	0.0423817002923	0.00731782198713	-0.0279864418499	-0.0551313168685	-0.116482046048
k__Bacteria;p__Bacteroidetes;c__Bacteroidia;o__Bacteroidales;f__Porphyromonadaceae;g__Barnesiella;s__Barnesiella_intestinihominis	-0.112744209008	-0.0203387446535	-0.0520483258992	-0.0435397040857	-0.0736161652104	0.00285030245996	-0.0363473732638	-0.0312595185788	-0.0142551697569	-0.0187969829181	0.0229207486031	-0.118221626409	-0.0831225377165	0.0637448773293	-0.0434381167213	-0.15890402982	0.033367002137	-0.122756069153	1.0	-0.0205055026549	-0.0982282347853	-0.0361486788573	-0.108166442984	-0.0164446628151	-0.042963008	0.0435859278417	-0.0858358607846	-0.00607953878627	-0.0207763607935	-0.0990469934848	0.0225227863148	-0.157765522071	-0.109475246421	-0.0362911784902	-0.00354468243419	0.0664325991688	0.0128436062147	-0.0868274600933	-0.0964619876322	0.0146882895419	-0.018435152234	0.0748539882239	-0.0239072179029	-0.00771579513768	-0.04100923992	-0.0882767501461	-0.125295537217	-0.0788306048805	-0.099798828853	-0.0194315684097	-0.107855400731	0.0680054353572	-0.106135156875	-0.0492035252098	0.00530062264226	-0.0994025191783	0.053198652008	-0.0450297406623	-0.102563610511
k__Bacteria;p__Bacteroidetes;c__Bacteroidia;o__Bacteroidales;f__Odoribacteraceae;g__Odoribacter;s__Odoribacter_splanchnicus	-0.0724438419612	-0.0406834564472	-0.160658434605	-0.0712311467101	-0.120440561102	-0.0124185831898	0.0187447831469	-0.0722497057539	-0.0046469940053	-0.0354847693697	-0.00614206999794	0.0224460278823	-0.0373092328355	-0.0218693354427	-0.00829259016346	0.0238193085444	-0.0198088911006	0.0375490183048	-0.0205055026549	1.0	-0.0170265521253	-0.0519185965573	0.0340238496331	-0.0840283444168	-0.0247001446453	-0.0509052257363	-0.00893863091843	-0.0170639634288	0.0164782937535	0.033090380663	-0.0476504039458	1.91745318309e-05	-0.0529707527472	0.0727577508952	-0.0159097089944	-0.000775811214443	-0.0349056465975	0.0755784043025	0.038737298893	-0.0347626918904	0.0173330315156	-0.0649546924715	0.0417254694683	-0.134890928698	-0.0322786905071	-0.00507368647275	-0.0438355888974	-0.0148476594707	-0.14043295972	-0.102098033459	-0.0223550543783	0.0285519116341	-0.00791151052217	0.0403948211252	0.0768578005489	-0.0979761646702	0.0261196956174	-0.0252966373269	-0.0384316662167
k__Bacteria;p__Bacteroidetes;c__Bacteroidia;o__Bacteroidales;f__Bacteroidaceae;g__Bacteroides;s__Bacteroides_salyersiae	-0.113034349913	0.0582566970285	-0.0516590928021	-0.0481929301835	-0.00603175066008	-0.0772428018648	-0.0786408945083	0.0566286727365	-0.0588942076442	-0.0898893436604	-0.0318746028148	0.00634995563504	-0.071911029326	0.00226429200307	-0.0494590242324	0.012703123052	0.00526095311648	0.0241896666788	-0.0982282347853	-0.0170265521253	1.0	0.00339775014216	0.0095943301033	0.0485430495507	-0.0159930884198	-0.133475704346	-0.0580426145482	-0.0491633282307	0.0313272854521	0.0320196809538	0.0111125683419	-0.0395075396915	-0.0745104087781	0.019606388274	0.0852318100387	0.0447729820856	-0.0201777919474	-0.0719307021538	-0.0452556540445	-0.113982565142	-0.0386988949058	0.130108640459	-0.0830753627193	0.0915860491717	0.0240224078616	0.0371042385286	0.0310700899012	-0.0628989964976	-0.0144516069718	0.0351456540895	-0.0883937632843	-0.164325209961	-0.0698446899549	-0.0546322569603	0.00665800297236	-0.111557727261	0.0505951659261	-0.0698344380213	0.0830695131459
k__Bacteria;p__Firmicutes;c__Clostridia;o__Clostridiales;f__Ruminococcaceae;g__Ruminiclostridium;s__[Eubacterium]_siraeum	-0.0303314364948	0.0806317499918	-0.0295001365722	-0.0409512375154	-0.124416454473	-0.00524667770692	0.00737400094333	0.0192694478907	0.187979784618	-0.0230788966155	0.0521159677975	0.0531197637858	0.0336281517026	0.0734452320138	0.0690067499704	0.00346941130472	0.00376538733275	-0.111347383809	-0.0361486788573	-0.0519185965573	0.00339775014216	1.0	-0.0360091641401	-0.0337846412235	-0.0443626437729	-0.0381902149029	0.0644885837023	0.0176946054067	-0.0965759631369	0.000414579566387	-0.0325833614423	-0.00545384488952	-0.10351486506	-0.0677240666544	-0.0755703446505	-0.0484323524287	-0.0539994361151	-0.00316847636825	0.0224701932718	0.0111548221877	-0.0752641942593	-0.0869754665473	-0.0689684631287	0.0134020798083	-0.167112763142	-0.108863085839	0.0431917056662	-0.0580464323122	0.0533834151598	-0.137968983042	-0.0148361890065	-0.121603203567	0.0144964228956	-0.0122465716926	0.093054353684	-0.0704811452494	-0.0984378074005	0.0803816725092	-0.129065996314
k__Bacteria;p__Proteobacteria;c__Betaproteobacteria;o__Burkholderiales;f__Sutterellaceae;g__Parasutterella;s__Parasutterella_excrementihominis	0.0330458839677	-0.0242961626277	-0.0682149161951	0.077309446654	0.0333446449963	-0.00248089526566	-0.0678040991958	-0.0345939144373	-0.035345021311	-0.0523210385784	0.00233954796682	0.0106640925723	-0.023313335983	-0.146493424138	0.0184293076508	-0.0474423288892	-0.0562467098863	0.00271055562269	-0.108166442984	0.0340238496331	0.0095943301033	-0.0360091641401	1.0	-0.00611664966938	0.115417147065	0.00319218870604	-0.0611801380943	-0.0197777078898	-0.114963850298	-0.0278329702766	-0.0195960601745	0.0231110860738	-0.0385677046363	-0.0331735303261	-0.077653879467	0.0256193889923	0.0158468364281	0.000869395568527	-0.055179626207	0.00959077742075	-0.161121998548	-0.048796480861	-0.116292199007	-0.0283739231097	-0.0621620754338	0.0710962585143	-0.0182157951433	0.0443111887298	-0.0126538547993	0.0242171803058	0.0349106997194	-0.0738823960963	-0.0494778857186	-0.0376717052336	-0.0696798466111	0.0235004829505	0.033048917331	-0.0347188090475	-0.104191836072
k__Bacteria;p__Actinobacteria;c__Actinobacteria;o__Bifidobacteriales;f__Bifidobacteriaceae;g__Bifidobacterium;s__Bifidobacterium_adolescentis	-0.0649245648772	-0.105222515617	0.0817948438525	-0.0194851390784	0.0310761180716	0.00166816132443	-0.0401165524683	0.0534880874923	0.0244550799655	0.0247775099391	-0.0773240482933	0.0246185650989	0.0947091019519	-0.138068483462	0.0391462336141	-0.00120948984352	0.0278854370188	-0.10864035394	-0.0164446628151	-0.0840283444168	0.0485430495507	-0.0337846412235	-0.00611664966938	1.0	0.00739953658485	0.0165612825133	0.0615573620954	0.0368097137656	0.016139358981	-0.0576289687263	0.0600270393552	0.0516167170436	0.0949671985944	-0.0393793497249	-0.0357822265595	0.0245658009391	0.0508680073415	0.0640418481635	-0.0106856892591	-0.0441180412331	-0.122313101682	-0.0293143410957	0.0272523505021	-0.0400430498636	0.0199582138881	-0.00101962470808	-0.0550079195416	0.0155332149612	-0.132649794567	-0.0770215783915	-0.156975259218	-0.118565167618	0.048930252244	0.0240942372092	-0.150392540229	-0.0639969522672	-0.114297592549	-0.0886999142778	0.00357503930885
k__Bacteria;p__Firmicutes;c__Clostridia;o__Clostridiales;f__Oscillospiraceae;g__Oscillibacter;s__Oscillibacter_sp._KLE_1745	-0.0134568620004	-0.0206301065935	0.0474524712268	0.110114787821	-0.055023436858	-0.0872776676879	-0.0742317807341	-0.035132744503	-0.241937929143	-0.0485730798569	-0.0277815116169	0.00976399656804	-0.0683193652092	-0.0127343443061	-0.0733998675401	0.0202900911903	-0.00676313128307	0.00855944784207	-0.042963008	-0.0247001446453	-0.0159930884198	-0.0443626437729	0.115417147065	0.00739953658485	1.0	0.0134429175044	-0.192004212505	-0.163567409551	0.0161279702184	-0.0801604662641	0.00217830951495	0.0819073437605	-0.021253951596	-0.0967139508522	0.0264992716785	0.0332676199383	-0.02762744434	0.00563449276036	0.00838435324396	0.0886960541763	-0.0706106026833	-0.127077045588	-0.134920538225	0.0333425564483	0.00249770874089	0.0181842540738	0.0359447954288	0.0471666260888	0.00930810959806	-0.0147344773685	-0.00793326356728	-0.0359260027129	0.0166273016788	0.00653900893221	-0.00664069070848	-0.0859269558536	0.0953464288825	-0.0826402684806	-0.133241772258
k__Bacteria;p__Bacteroidetes;c__Bacteroidia;o__Bacteroidales;f__Bacteroidaceae;g__Bacteroides;s__Bacteroides_coprophilus	0.0325045860307	-0.101737621159	-0.0281284844373	-0.000455245469711	0.134664906574	-0.0895513890751	-0.0900132742739	0.0274496696146	-0.0218005136439	-0.0338535566087	-0.0401792397098	-0.0948009889438	-0.037476744407	-0.0261382782118	-0.0550645137742	-0.0225983532045	-0.000383674645439	0.0133445368322	0.0435859278417	-0.0509052257363	-0.133475704346	-0.0381902149029	0.00319218870604	0.0165612825133	0.0134429175044	1.0	-0.0804025437397	0.0704297615193	-0.0470012694545	0.0306241926791	-0.0143746751605	0.00354453159868	-0.055756528976	0.00898110201904	-0.161736512048	-0.141748918924	-0.00463354726377	-0.186379470541	0.00863618291114	-0.00398106845463	0.0710263075454	0.0525758415211	-0.0225729645099	-0.0940010089599	-0.0424147049307	-0.0854763419374	-0.103428097335	0.0971815034238	0.0642181229743	0.0540994023477	-0.141987762501	-0.0631324237195	0.010104034047	0.071104301935	-0.102442342081	0.0165228489337	-0.0861099467425	0.0743202690929	0.0186088537275
k__Bacteria;p__Firmicutes;c__Clostridia;o__Clostridiales;f__Lachnospiraceae;g__Roseburia;s__Roseburia_intestinalis	-0.0271750873079	0.0438554366498	-0.0879894037474	-0.0875697893418	0.038696898119	-0.0160160953297	0.0633283632152	0.00359385437536	0.0353971182402	-0.0310932799098	0.163681469359	-0.0124656071881	0.00465487614076	-0.0808866515002	-0.0980594213765	-0.00700629264155	0.0361518578399	-0.0586658030705	-0.0858358607846	-0.00893863091843	-0.0580426145482	0.0644885837023	-0.0611801380943	0.0615573620954	-0.192004212505	-0.0804025437397	1.0	0.00211287736273	-0.0688544757403	0.0137332547514	-0.0307580266611	-0.0157955507857	-0.0753559443347	0.106525335988	0.0214199763133	-0.0400743868719	-0.00886844292352	-0.018604590439	-0.134634408231	-0.0249371305955	0.0592785776091	0.00175083699174	-0.0587909870381	-0.0408982417508	0.0480381828445	-0.145072476542	-0.083025657351	0.0294551508772	0.0191231177313	-0.0216908532384	0.00671451242177	-0.0643308619219	-0.100767963765	-0.00264846848258	-0.00799739703209	0.0155768940901	-0.153174964286	-0.109373897175	-0.00979504349881
k__Bacteria;p__Firmicutes;c__Clostridia;o__Clostridiales;f__Lachnospiraceae;g__Roseburia;s__Roseburia_hominis	-0.211773268862	0.0264820323583	0.0184116943369	0.0320488207175	-0.0302291001171	-0.103301225133	-0.01888114603	-0.0913611400686	-0.044619508397	-0.113612996329	-0.0603310149203	-0.0308618906886	0.0172966749701	0.114580573494	0.0427071930818	-0.0436665093466	-0.0663321471228	0.0374704377345	-0.00607953878627	-0.0170639634288	-0.0491633282307	0.0176946054067	-0.0197777078898	0.0368097137656	-0.163567409551	0.0704297615193	0.00211287736273	1.0	0.0398189338189	-0.125173634968	-0.128647413802	-0.0665879890821	0.074768951262	-0.0856892474135	0.109699120673	-0.105350876212	-0.127631813159	0.14305186133	-0.051301821439	-0.117508147415	-0.00414623319842	-0.098754154729	-0.0705903964811	0.134099141471	-0.0205494095209	-0.0274674982059	0.0917546491486	-0.0956183514464	-0.110157383062	-0.00956994740772	-0.028607296177	-0.0183263103539	0.00213613167106	0.0264784760487	-0.151878560106	-0.0571741653109	-0.150819866338	0.107888389618	-0.137534138144
k__Bacteria;p__Bacteroidetes;c__Bacteroidia;o__Bacteroidales;f__Porphyromonadaceae;g__Parabacteroides;s__Parabacteroides_johnsonii	-0.149788072159	0.00977083111197	-0.0899894340116	-0.029625740971	0.0426278554535	0.0215625977161	-0.0452298349523	-0.0253256240187	-0.00505215397042	-0.0419094850849	-0.106316910993	-0.0149220480861	0.0603919785764	-0.0481902620087	0.0398444773092	-0.101879040204	0.048946728472	-0.110423315183	-0.0207763607935	0.0164782937535	0.0313272854521	-0.0965759631369	-0.114963850298	0.016139358981	0.0161279702184	-0.0470012694545	-0.0688544757403	0.0398189338189	1.0	-0.0166097373633	-0.00280031085179	0.0306964300376	-0.072150555691	-0.0764566612797	0.0801521014336	0.127654498148	0.0161508820596	-0.0571673962371	-0.0697787672293	-0.00673043618514	-0.0925286928576	-0.135654366832	0.0878586793103	-0.0837851091672	-0.0531261506046	-0.0195821767829	-0.00534650963693	0.0772545202583	-0.14674966209	0.100823072047	-0.0263296508876	-0.0548195411306	-0.00215200702496	-0.0253186260524	-0.193214129857	-0.0980029428906	0.0186537364361	-0.000483190690341	-0.00237632621337
k__Bacteria;p__Actinobacteria;c__Actinobacteria;o__Bifidobacteriales;f__Bifidobacteriaceae;g__Bifidobacterium;s__Bifidobacterium_longum	-0.10221809253	-0.0330132403295	-0.121396348523	-0.0237284967931	-0.0730944577142	-0.0191755198719	0.111874527597	-0.0274058573388	-0.102997872341	0.045655867304	-0.00269809239634	0.0712834407133	-0.124780766206	-0.0797384268987	-0.0372796347983	-0.112836315405	0.0115111481798	-0.0783447224356	-0.0990469934848	0.033090380663	0.0320196809538	0.000414579566387	-0.0278329702766	-0.0576289687263	-0.0801604662641	0.0306241926791	0.0137332547514	-0.125173634968	-0.0166097373633	1.0	-0.0887061793635	-0.142161751794	-0.0537476651566	0.0398669598274	0.0475738177036	0.0535959284817	-0.0339598860905	-0.0779286930545	-0.0176161969928	-0.0346700091776	-0.0497705582283	-0.0377330814095	0.108710872152	0.0208394375477	-0.0422769117352	-0.133787889112	-0.0243833164097	0.0370736662268	-0.00412849840127	-0.0166040218547	0.0384073244825	-0.0271545748263	-0.0814708818154	-0.0461171975257	-0.0314630297234	-0.141030497362	-0.0435001357243	0.0197059255961	-0.0352754933378
