#taxonomy	k__Bacteria;p__Bacteroidetes;c__Bacteroidia;o__Bacteroidales;f__Bacteroidaceae;g__Bacteroides;s__Bacteroides_vulgatus	k__Bacteria;p__Bacteroidetes;c__Bacteroidia;o__Bacteroidales;f__Bacteroidaceae;g__Bacteroides;s__Bacteroides_uniformis	k__Bacteria;p__Bacteroidetes;c__Bacteroidia;o__Bacteroidales;f__Rikenellaceae;g__Alistipes;s__Alistipes_putredinis	k__Bacteria;p__Bacteroidetes;c__Bacteroidia;o__Bacteroidales;f__Prevotellaceae;g__Prevotella;s__Prevotella_copri	k__Bacteria;p__Bacteroidetes;c__Bacteroidia;o__Bacteroidales;f__Bacteroidaceae;g__Bacteroides;s__Bacteroides_stercoris	k__Bacteria;p__Bacteroidetes;c__Bacteroidia;o__Bacteroidales;f__Bacteroidaceae;g__Bacteroides;s__Bacteroides_ovatus	k__Bacteria;p__Bacteroidetes;c__Bacteroidia;o__Bacteroidales;f__Rikenellaceae;g__Alistipes;s__Alistipes_shahii	k__Bacteria;p__Firmicutes;c__Clostridia;o__Clostridiales;f__Ruminococcaceae;g__Faecalibacterium;s__Faecalibacterium_prausnitzii	k__Bacteria;p__Bacteroidetes;c__Bacteroidia;o__Bacteroidales;f__Rikenellaceae;g__Alistipes;s__Alistipes_finegoldii	k__Bacteria;p__Bacteroidetes;c__Bacteroidia;o__Bacteroidales;f__Porphyromonadaceae;g__Parabacteroides;s__Parabacteroides_distasonis	k__Bacteria;p__Bacteroidetes;c__Bacteroidia;o__Bacteroidales;f__Bacteroidaceae;g__Bacteroides;s__Bacteroides_thetaiotaomicron	k__Bacteria;p__Bacteroidetes;c__Bacteroidia;o__Bacteroidales;f__Bacteroidaceae;g__Bacteroides;s__Bacteroides_coprocola	k__Bacteria;p__Bacteroidetes;c__Bacteroidia;o__Bacteroidales;f__Bacteroidaceae;g__Bacteroides;s__Bacteroides_cellulosilyticus	k__Bacteria;p__Bacteroidetes;c__Bacteroidia;o__Bacteroidales;f__Rikenellaceae;g__Alistipes;s__Alistipes_obesi	k__Bacteria;p__Firmicutes;c__Clostridia;o__Clostridiales;f__Lachnospiraceae;g__;s__[Eubacterium]_rectale	k__Bacteria;p__Bacteroidetes;c__Bacteroidia;o__Bacteroidales;f__Bacteroidaceae;g__Bacteroides;s__Bacteroides_plebeius	k__Bacteria;p__Bacteroidetes;c__Bacteroidia;o__Bacteroidales;f__Bacteroidaceae;g__Bacteroides;s__Bacteroides_fragilis	k__Bacteria;p__Proteobacteria;c__Betaproteobacteria;o__Burkholderiales;f__Sutterellaceae;g__Sutterella;s__Sutterella_wadsworthensis	k__Bacteria;p__Bacteroidetes;c__Bacteroidia;o__Bacteroidales;f__Porphyromonadaceae;g__Barnesiella;s__Barnesiella_intestinihominis	k__Bacteria;p__Bacteroidetes;c__Bacteroidia;o__Bacteroidales;f__Odoribacteraceae;g__Odoribacter;s__Odoribacter_splanchnicus	k__Bacteria;p__Bacteroidetes;c__Bacteroidia;o__Bacteroidales;f__Bacteroidaceae;g__Bacteroides;s__Bacteroides_salyersiae	k__Bacteria;p__Firmicutes;c__Clostridia;o__Clostridiales;f__Ruminococcaceae;g__Ruminiclostridium;s__[Eubacterium]_siraeum	k__Bacteria;p__Proteobacteria;c__Betaproteobacteria;o__Burkholderiales;f__Sutterellaceae;g__Parasutterella;s__Parasutterella_excrementihominis	k__Bacteria;p__Actinobacteria;c__Actinobacteria;o__Bifidobacteriales;f__Bifidobacteriaceae;g__Bifidobacterium;s__Bifidobacterium_adolescentis	k__Bacteria;p__Firmicutes;c__Clostridia;o__Clostridiales;f__Oscillospiraceae;g__Oscillibacter;s__Oscillibacter_sp._KLE_1745	k__Bacteria;p__Bacteroidetes;c__Bacteroidia;o__Bacteroidales;f__Bacteroidaceae;g__Bacteroides;s__Bacteroides_coprophilus	k__Bacteria;p__Firmicutes;c__Clostridia;o__Clostridiales;f__Lachnospiraceae;g__Roseburia;s__Roseburia_intestinalis	k__Bacteria;p__Firmicutes;c__Clostridia;o__Clostridiales;f__Lachnospiraceae;g__Roseburia;s__Roseburia_hominis	k__Bacteria;p__Bacteroidetes;c__Bacteroidia;o__Bacteroidales;f__Porphyromonadaceae;g__Parabacteroides;s__Parabacteroides_johnsonii	k__Bacteria;p__Actinobacteria;c__Actinobacteria;o__Bifidobacteriales;f__Bifidobacteriaceae;g__Bifidobacterium;s__Bifidobacterium_longum	k__Bacteria;p__Firmicutes;c__Clostridia;o__Clostridiales;f__;g__Flavonifractor;s__Flavonifractor_plautii	k__Bacteria;p__Firmicutes;c__Clostridia;o__Clostridiales;f__Clostridiaceae;g__Clostridium;s__Clostridium_phoceensis	k__Bacteria;p__Verrucomicrobia;c__Verrucomicrobiae;o__Verrucomicrobiales;f__Akkermansiaceae;g__Akkermansia;s__Akkermansia_muciniphila	k__Bacteria;p__Bacteroidetes;c__Bacteroidia;o__Bacteroidales;f__Prevotellaceae;g__Paraprevotella;s__Paraprevotella_xylaniphila	k__Bacteria;p__Firmicutes;c__Clostridia;o__Clostridiales;f__Ruminococcaceae;g__Ruminococcus;s__Ruminococcus_callidus	k__Bacteria;p__Bacteroidetes;c__Bacteroidia;o__Bacteroidales;f__Rikenellaceae;g__Alistipes;s__Alistipes_senegalensis	k__Bacteria;p__Firmicutes;c__Clostridia;o__Clostridiales;f__Lachnospiraceae;g__Blautia;s__Blautia_sp._KLE_1732	k__Bacteria;p__Bacteroidetes;c__Bacteroidia;o__Bacteroidales;f__Bacteroidaceae;g__Bacteroides;s__Bacteroides_oleiciplenus	k__Bacteria;p__Firmicutes;c__Clostridia;o__Clostridiales;f__Ruminococcaceae;g__Ruminococcus;s__Ruminococcus_bicirculans	k__Bacteria;p__Bacteroidetes;c__Bacteroidia;o__Bacteroidales;f__Bacteroidaceae;g__Bacteroides;s__Bacteroides_fluxus	k__Bacteria;p__Bacteroidetes;c__Bacteroidia;o__Bacteroidales;f__Prevotellaceae;g__Prevotella;s__Prevotella_stercorea	k__Bacteria;p__Firmicutes;c__Clostridia;o__Clostridiales;f__Lachnospiraceae;g__Dorea;s__Dorea_longicatena	k__Bacteria;p__Firmicutes;c__Clostridia;o__Clostridiales;f__Eubacteriaceae;g__Eubacterium;s__[Eubacterium]_eligens	k__Bacteria;p__Firmicutes;c__Clostridia;o__Clostridiales;f__Ruminococcaceae;g__;s__Ruminococcaceae_bacterium_D16	k__Bacteria;p__Firmicutes;c__Clostridia;o__Clostridiales;f__Lachnospiraceae;g__Coprococcus;s__Coprococcus_comes	k__Bacteria;p__Proteobacteria;c__Gammaproteobacteria;o__Enterobacterales;f__Enterobacteriaceae;g__Escherichia;s__Escherichia_coli	k__Bacteria;p__Firmicutes;c__Clostridia;o__Clostridiales;f__Ruminococcaceae;g__Anaerotruncus;s__Anaerotruncus_colihominis	k__Bacteria;p__Firmicutes;c__Clostridia;o__Clostridiales;f__Lachnospiraceae;g__Blautia;s__Blautia_obeum	k__Bacteria;p__Bacteroidetes;c__Bacteroidia;o__Bacteroidales;f__Odoribacteraceae;g__Odoribacter;s__Odoribacter_laneus	k__Bacteria;p__Firmicutes;c__Clostridia;o__Clostridiales;f__Ruminococcaceae;g__Ruminiclostridium;s__[Clostridium]_leptum	k__Bacteria;p__Bacteroidetes;c__Bacteroidia;o__Bacteroidales;f__Porphyromonadaceae;g__Parabacteroides;s__Parabacteroides_goldsteinii	k__Bacteria;p__Firmicutes;c__Clostridia;o__Clostridiales;f__Lachnospiraceae;g__Anaerostipes;s__Anaerostipes_hadrus	k__Bacteria;p__Firmicutes;c__Clostridia;o__Clostridiales;f__Ruminococcaceae;g__Ruminococcus;s__Ruminococcus_lactaris	k__Bacteria;p__Firmicutes;c__Clostridia;o__Clostridiales;f__Clostridiaceae;g__Clostridium;s__Clostridium_sp._L2-50	k__Bacteria;p__Firmicutes;c__Clostridia;o__Clostridiales;f__Clostridiaceae;g__Clostridium;s__Clostridium_sp._M62/1	k__Bacteria;p__Firmicutes;c__Clostridia;o__Clostridiales;f__;g__Intestinimonas;s__Intestinimonas_butyriciproducens	k__Bacteria;p__Actinobacteria;c__Actinobacteria;o__Bifidobacteriales;f__Bifidobacteriaceae;g__Bifidobacterium;s__Bifidobacterium_bifidum	k__Bacteria;p__Firmicutes;c__Negativicutes;o__Veillonellales;f__Veillonellaceae;g__Dialister;s__Dialister_invisus	k__Bacteria;p__Bacteroidetes;c__Bacteroidia;o__Bacteroidales;f__Bacteroidaceae;g__Bacteroides;s__Bacteroides_salanitronis
k__Bacteria;p__Bacteroidetes;c__Bacteroidia;o__Bacteroidales;f__Bacteroidaceae;g__Bacteroides;s__Bacteroides_vulgatus	1.0	-0.0762405513097	0.0547184916254	-0.0257091190803	-0.0480249696658	-0.0218975019992	0.0259573516248	-0.120017784093	-0.0760528510239	0.00869497840635	-0.0783078483817	-0.114307742394	-0.162250939537	-0.0805924832866	-0.0406492334636	-0.136816653749	-0.143618581429	-0.184420785987	-0.0630522905845	0.0769153527977	-0.0141794097202	0.00506114719625	-0.0184761548958	-0.0307048759789	0.0127523477299	0.0785479174208	0.029342125893	-0.0901029117582	-0.0856196200005	-0.00884139657129	-0.0744619550077	-0.208215451403	-0.0607338296774	0.027156846083	-0.0411299118576	0.0412516031078	-0.110359271822	0.087958736112	0.0560727401374	-0.0612389365448	-0.0730524431073	-0.101095921932	-0.0512403650841	-0.0094760787142	0.0550234065632	-0.0709133385994	0.148736082635	-0.0913393308486	0.0748990156027	-0.0461456966248	-0.0617923205033	-0.164074622673	-0.039786951442	-0.00248604694803	0.0596368964826	-0.059675920307	0.0250695250823	0.0347606106344	-0.0898404872181
k__Bacteria;p__Bacteroidetes;c__Bacteroidia;o__Bacteroidales;f__Bacteroidaceae;g__Bacteroides;s__Bacteroides_uniformis	-0.0762405513097	1.0	-0.0582254837529	-0.0189984400724	-0.131081964282	-0.0676887030096	0.0577437102423	-0.02629759291	0.0462626445834	0.0597627728245	0.0692586483352	-0.00810484217823	-0.0707175249287	-0.0140167241578	0.0831868682906	-0.0304519501606	-0.104897053731	-0.0958877564458	-0.13322120431	-0.145332279471	-0.0869288798373	0.0156889428421	-0.0691722058612	-0.0922295391936	-0.00877977943755	-0.0370921672796	-0.0720696059525	-0.0342977696269	-0.0389389467127	0.116754065499	-0.00590156138869	-0.130237758733	0.0427714777436	-0.0542130974219	-0.0169015753676	0.0374856728814	-0.152277652276	0.00339886590325	-0.0345076370123	0.0124111842035	-0.0848508233111	-0.0560366635538	-0.0119464018495	-0.0626605894298	-0.0668388740805	-0.0313336581674	-0.00314656252434	-0.0290923755076	-0.00776163656552	0.0150618197718	-0.0563338605704	0.0133802600672	-0.086351266912	-0.0302086907801	0.0122745244257	-0.0119527790613	-0.15644001385	-0.006689172968	0.0328687610546
k__Bacteria;p__Bacteroidetes;c__Bacteroidia;o__Bacteroidales;f__Rikenellaceae;g__Alistipes;s__Alistipes_putredinis	0.0547184916254	-0.0582254837529	1.0	-0.0831922710088	0.0393646268294	-0.0325947874682	-0.0470064508665	0.0655029065623	-0.135792035647	-0.0963658190997	0.0493695963778	0.0766720878503	0.0566941209562	0.0162237702178	-0.0522568015529	-0.00862753298999	-0.00207393151107	0.0289312164127	-0.0109232952331	-0.0194018948225	-0.114186027819	-0.0160139346894	-0.0494146671441	-0.0841069920037	-0.0111512596481	-0.123307592593	-0.0730205164645	-0.150596685241	0.0340515223499	0.00521298503715	0.0318816786502	0.0303298069346	-0.125598901148	-0.128749990185	-0.0480917018762	-0.0662859213969	0.00894688365511	0.0866278651885	-0.0786925414435	-0.00792221456305	-0.0530044575836	0.052850298037	-0.0127746849956	-0.0253003214393	0.111781324479	0.00959445036048	-0.103087061491	0.00436549327201	-0.0805822845398	-0.105171752422	-0.0397357534879	-0.0906270370506	-0.0538320008079	-0.0706750029241	0.0533201922712	-0.0247931693893	0.0110961369459	-0.0410752176039	0.0302457359498
k__Bacteria;p__Bacteroidetes;c__Bacteroidia;o__Bacteroidales;f__Prevotellaceae;g__Prevotella;s__Prevotella_copri	-0.0257091190803	-0.0189984400724	-0.0831922710088	1.0	0.00729059610041	-0.104703404871	0.0202988921894	0.0415139491079	-0.014407475139	-0.0565503061485	-0.0496012182368	-0.0401720475279	0.00766211666179	-0.0144223310242	-0.084216877701	0.0104939657761	0.040518951902	0.0714427606932	0.0163889595952	-0.00538875557503	-0.107154071886	-0.090428877837	-0.0917527569807	-0.0297038005293	-0.0508639941782	-0.0896807893235	-0.023736735239	0.00408546942131	0.0158784614655	-0.0810669602085	-0.0213610379456	0.00563131232368	-0.0735915279201	-0.0263381516964	-0.0536564933384	0.0138023714819	0.0336803072089	-0.0213310795592	0.0069168838162	0.0274613820263	-0.0416817476016	0.00107878308729	-0.0289538744132	0.100161738683	0.0101861648112	0.026041713996	-0.0477625320983	-0.0027683186555	-0.0627707090123	-0.168492430907	-0.0690490079256	-0.0327831129668	-0.20541836745	-0.0183193210115	-0.0675122432502	0.0345984630798	0.0830390102999	-0.0593007066413	-0.0786567099068
k__Bacteria;p__Bacteroidetes;c__Bacteroidia;o__Bacteroidales;f__Bacteroidaceae;g__Bacteroides;s__Bacteroides_stercoris	-0.0480249696658	-0.131081964282	0.0393646268294	0.00729059610041	1.0	-0.158109696982	0.0313981193522	0.0166552229237	-0.104239826943	-0.123936142066	0.0138317779641	0.0300618961902	0.00179848000366	-0.115298159469	-0.0958956225086	-0.0630102203348	-0.0337669194004	0.067447195401	0.0621429087847	0.0649073263468	-0.0485137779316	-0.095836584015	0.0266496196374	-0.00900742281432	-0.00811271417498	0.0424599677206	0.0380903229677	-0.0712438433293	0.0152422853955	-0.178494536646	-0.015643652018	-0.137194271715	-0.0544952916996	-0.0262113770883	-0.0537684132311	-0.0136972594747	-0.00127815276481	-0.102498416648	-0.0556656365091	0.131133768953	-0.0370161481007	-0.0017857143775	0.00800584063461	0.0516401916512	-0.0515215275816	0.0204381326533	-0.0298244703993	-0.0671728380377	-0.0444727000715	-0.0105835462714	-0.0499197360449	-0.0638264587001	-0.0364487302839	-0.0485230873238	0.128215201095	0.0419107705005	0.0513008804732	-0.078968064133	-0.0861169940555
k__Bacteria;p__Bacteroidetes;c__Bacteroidia;o__Bacteroidales;f__Bacteroidaceae;g__Bacteroides;s__Bacteroides_ovatus	-0.0218975019992	-0.0676887030096	-0.0325947874682	-0.104703404871	-0.158109696982	1.0	-0.108466251123	-0.0648890477141	0.0839538486606	-0.113570626223	0.140536736346	-0.0702255614172	-0.167569679712	-0.141717125641	0.0156539577734	-0.110477832075	-0.0197812372412	-0.0924280498428	0.0527403812972	-0.0138076567193	-0.0200584010584	0.0205167261354	-0.0675946576251	-0.0145404481554	0.0595052626741	-0.0460377470104	0.0196632429693	0.0264262834626	-0.064805144407	0.00277027310606	-0.130394079947	0.0568116094169	-0.0113545247777	0.0316134324833	-0.0804777587712	-0.127541897563	-0.00947507247982	-0.0794575563447	0.0234256365392	0.0537813066011	0.0143934729047	-0.155196877115	0.0428901192769	-0.124614986085	-0.0799795022515	0.00429533172479	0.11710935899	0.00498714748309	0.0631629168421	-0.0744092009511	-0.109385071361	-0.00316068740005	-0.149652347379	-0.0109739905812	-0.064571334999	-0.0557583350145	-0.0473169646846	-0.018025174634	-0.0118238868754
k__Bacteria;p__Bacteroidetes;c__Bacteroidia;o__Bacteroidales;f__Rikenellaceae;g__Alistipes;s__Alistipes_shahii	0.0259573516248	0.0577437102423	-0.0470064508665	0.0202988921894	0.0313981193522	-0.108466251123	1.0	0.0553789787999	-0.0596001388243	-0.144931726822	-0.077996545366	-0.0299171107018	-0.0398645039747	0.0209776395946	-0.13261659916	-0.011325570798	-0.0382262332013	-0.114390811605	-0.0331914149837	-0.0747516256216	0.189939049529	0.00684774353089	-0.0229241441377	-0.0288742977488	-0.0608604000888	0.0176806720347	-0.0765115756981	0.0268628011825	0.0590212877164	-0.0512999469522	-0.0863629538149	0.00925586291144	-0.0943161099871	-0.0312265287178	0.0603904457759	-0.0684490636775	-0.0473953283964	-0.0461484424319	0.0175027861561	0.119992632984	-0.0158760586222	-0.0473002325036	0.00806161106482	-0.0393192345961	-0.00014308516012	-0.089407814538	-0.0530379666319	-0.100218490281	0.06643583922	0.0176418036891	-0.0809555442934	0.0677439007353	-0.034520037136	-0.163249832507	0.0289819888104	-0.0868132198942	-0.0369297656381	-0.0636163134007	0.0153066860028
k__Bacteria;p__Firmicutes;c__Clostridia;o__Clostridiales;f__Ruminococcaceae;g__Faecalibacterium;s__Faecalibacterium_prausnitzii	-0.120017784093	-0.02629759291	0.0655029065623	0.0415139491079	0.0166552229237	-0.0648890477141	0.0553789787999	1.0	0.0415605930314	-0.0858641452636	-0.00853595877009	-0.00605467994145	0.0108783538591	-0.0374913032159	-0.0972620840889	0.0764502215176	-5.55429332452e-05	-0.000211238496969	0.108525590364	-0.124014107132	-0.111007369209	-0.0386015266813	-0.0396233018718	0.125644145541	0.0346380723638	0.048240099112	-0.0441471015682	-0.0141689454273	0.0444979009499	-0.143962733227	-0.0195433831105	-0.152573654764	-0.0410753722128	-0.0528388553121	0.0225828568512	-0.182692631639	-0.0522822684694	-0.142339931445	-0.0612253352826	-0.050810305829	-0.0760086866654	0.0228815678809	-0.0372427885201	-0.0679550334032	-0.0440476304712	-0.0712309976155	-0.0216307119145	-0.139300048131	-0.100465351604	0.0353779970114	0.0264106657028	0.00585094060678	-9.68372934517e-05	-0.0456304886841	-0.00714799648175	-0.013695701998	-0.0257833385851	0.10150642809	-0.148590351764
k__Bacteria;p__Bacteroidetes;c__Bacteroidia;o__Bacteroidales;f__Rikenellaceae;g__Alistipes;s__Alistipes_finegoldii	-0.0760528510239	0.0462626445834	-0.135792035647	-0.014407475139	-0.104239826943	0.0839538486606	-0.0596001388243	0.0415605930314	1.0	0.11662213818	-0.0206161666101	-0.0221702082189	-0.0373385065273	-0.128693839415	-0.113405467328	-0.171580907408	0.0279377796525	0.0792611139781	0.0232846562902	0.0225816335989	-0.118561964965	-0.103759309779	0.0289164388797	0.0467575859938	-0.0609138523631	-0.0753868109184	-0.0301743144963	-0.0147687385995	-0.0222546594692	0.0446577620927	0.00827354350515	0.0157759703098	-0.0593912719889	0.0177435253773	-0.00976971909806	0.0912126933489	-0.100433595645	-0.02831896598	0.0469049892746	-0.0227472336235	-0.0170729902685	-0.0044142404964	0.0329430800901	-0.00682234666518	-0.0601102317242	0.0165971869642	-0.0982359697122	-0.00702853343453	-0.0403345231676	-0.0910117097185	-0.0112915728104	-0.0769446512672	0.0279293577851	-0.0321887035979	-0.0370253655717	0.046270358775	-0.216544115461	0.0368743927538	-0.0483243564871
k__Bacteria;p__Bacteroidetes;c__Bacteroidia;o__Bacteroidales;f__Porphyromonadaceae;g__Parabacteroides;s__Parabacteroides_distasonis	0.00869497840635	0.0597627728245	-0.0963658190997	-0.0565503061485	-0.123936142066	-0.113570626223	-0.144931726822	-0.0858641452636	0.11662213818	1.0	0.0625104451998	-0.0506656946472	-0.00659462089822	0.0665589505578	-0.0136655171494	0.105526464035	0.00812665461417	0.0815953469273	-0.0236661370155	-0.0228882243319	-0.0593741839598	-0.031710227013	-0.000932076320331	-0.102398655713	0.0811070275073	-0.121236396306	-0.0126759800478	-0.055072347645	-0.0422397400622	-0.0796271709552	0.0223175504917	-0.0190528979207	0.0821865792778	0.0108579650258	4.60867453671e-05	0.00045499215662	-0.00867870500033	-0.032976567472	0.00893827231947	-0.119632316953	-0.135129695824	0.00445840979294	-0.0054722518616	-0.0651633702083	-0.104704951668	-0.0626862948466	0.0715716023346	-0.063187236552	-0.151139879251	-0.113209399081	-0.0683436785352	-0.0664457697589	-0.0437815313894	0.0324933772093	0.0283664291492	-0.0182916353483	-0.123667735731	-0.0397914065829	-0.0186624633761
k__Bacteria;p__Bacteroidetes;c__Bacteroidia;o__Bacteroidales;f__Bacteroidaceae;g__Bacteroides;s__Bacteroides_thetaiotaomicron	-0.0783078483817	0.0692586483352	0.0493695963778	-0.0496012182368	0.0138317779641	0.140536736346	-0.077996545366	-0.00853595877009	-0.0206161666101	0.0625104451998	1.0	-0.159905394495	-0.100857036395	0.0293966689174	-0.118906573963	0.00808439745462	-0.0574757251232	-0.114261425726	-0.0257982511393	-0.0484468947955	-0.0358913731922	0.102154947676	-0.033596362831	-0.0227930165169	-0.0370558391189	-0.0444715888905	0.0288418581919	-0.0914090926081	-0.0721866748946	0.0410434194411	-0.0471265231197	-0.00313634426074	0.00956215555295	0.000539311352705	-0.135022561275	0.0221897150819	0.0256976236836	-0.068285904891	-0.0146147995795	-0.11742825474	-0.0772473878119	-0.0900007547657	0.0167384263549	-0.0858284968042	-0.108877069732	-0.174638146113	-0.00625770138625	-0.16202381684	-0.0363321531674	0.00236552412816	-0.118881798988	0.00626267888341	0.0448524072087	0.00446630999407	0.113319022851	-0.0453936367806	0.0167971345242	-0.0229663610946	-0.0413493461995
k__Bacteria;p__Bacteroidetes;c__Bacteroidia;o__Bacteroidales;f__Bacteroidaceae;g__Bacteroides;s__Bacteroides_coprocola	-0.114307742394	-0.00810484217823	0.0766720878503	-0.0401720475279	0.0300618961902	-0.0702255614172	-0.0299171107018	-0.00605467994145	-0.0221702082189	-0.0506656946472	-0.159905394495	1.0	-0.0429616474191	0.0163418544252	0.0217320774784	0.0247918651156	0.0630152365153	-0.0924322820159	-0.0160116418716	0.0666907944047	0.00925625819799	0.051752155867	-0.0554500619624	-0.140001130435	0.0434414506166	-0.0704244989265	-0.118464564039	0.0558858215712	-0.0718550867979	-0.0114863349732	-0.0563594038411	-0.0477529364203	0.106397412128	-0.0281620408348	-0.089081839714	-0.0219433919838	-0.00159126906303	-0.0975130271394	-0.0611523269915	0.0588376646463	0.0535984533792	-0.0119144408827	0.0467687421722	0.0320629422222	-0.0845884163766	-0.049268377032	-0.0297573615965	-0.00466427531974	0.0711496661033	-0.136239951004	-0.0377826823699	-0.0707896828684	-0.0724783913504	-0.168066340344	-0.0110127413572	0.00618905270636	0.0631158899483	-0.0632721367981	-0.0270035709388
k__Bacteria;p__Bacteroidetes;c__Bacteroidia;o__Bacteroidales;f__Bacteroidaceae;g__Bacteroides;s__Bacteroides_cellulosilyticus	-0.162250939537	-0.0707175249287	0.0566941209562	0.00766211666179	0.00179848000366	-0.167569679712	-0.0398645039747	0.0108783538591	-0.0373385065273	-0.00659462089822	-0.100857036395	-0.0429616474191	1.0	-0.0841652216889	-0.113088248624	-0.0213648210792	-0.01663528561	-0.0276787512414	0.000642256439269	-0.0172478049285	0.00130796760448	-0.0597981417189	-0.0561389114581	0.0182633983638	-0.104376303524	-0.0302320033547	-0.00832356852071	-0.081972761513	-0.0098133469914	-0.118810897971	-0.0413727749197	0.0424389235487	-0.0917248680136	0.0427261544431	-0.0406470218658	0.168494802572	-0.0333821431974	-0.0145127352632	-0.0115108046492	-0.0576270110013	-0.00759719311086	-0.0749412765988	-0.032062524772	-0.00435906835472	0.0360722559481	0.0187211410572	-0.0561959875968	0.0197665433042	-0.00570916735486	-0.100212775597	0.011004179933	0.0240889482115	-0.0186024085934	-0.0183516157589	-0.0698992778879	-0.102812905027	-0.112765303108	0.00850504253665	-0.0615915201077
k__Bacteria;p__Bacteroidetes;c__Bacteroidia;o__Bacteroidales;f__Rikenellaceae;g__Alistipes;s__Alistipes_obesi	-0.0805924832866	-0.0140167241578	0.0162237702178	-0.0144223310242	-0.115298159469	-0.141717125641	0.0209776395946	-0.0374913032159	-0.128693839415	0.0665589505578	0.0293966689174	0.0163418544252	-0.0841652216889	1.0	0.0462715768257	-0.0604220974283	-0.0737247814434	-0.0866539061111	-0.026893909235	-0.0317744354136	0.0955753780567	0.0335756028561	-0.0785963595777	0.0126313893937	-0.00202528221339	-0.0263858055083	-0.0738727288602	-0.0618563290768	0.0371661810733	-0.0223684384694	-0.0435367618553	0.0183622706214	0.00624228937166	-0.016862531709	-0.204261255808	-0.0594818669701	-0.0574445709843	0.00485324903069	-0.0856911179991	-0.0839024541887	-0.130935106915	-0.0912733768842	-0.0261541296298	0.0313251482487	0.027913819709	-0.0577292979319	0.0822394794175	0.0156174822646	0.0276348257096	-0.0956676694021	-0.0111410989231	0.0770474205476	0.0325686312392	-0.0120805463146	-0.0906073453878	-0.0181658331685	-0.044643107106	0.0789418532129	0.102932100599
k__Bacteria;p__Firmicutes;c__Clostridia;o__Clostridiales;f__Lachnospiraceae;g__;s__[Eubacterium]_rectale	-0.0406492334636	0.0831868682906	-0.0522568015529	-0.084216877701	-0.0958956225086	0.0156539577734	-0.13261659916	-0.0972620840889	-0.113405467328	-0.0136655171494	-0.118906573963	0.0217320774784	-0.113088248624	0.0462715768257	1.0	-0.0070244897895	-0.0883263873148	0.0167003767044	-0.0856712700711	-0.0015629791122	-0.0543767182884	-0.0639267583274	-0.0924112655193	-0.142358883439	0.027174918903	0.0267347813102	-0.101185842652	0.00979681194281	-0.0122994898033	-0.0139395411215	0.0335488588154	0.125353609738	-0.08493755675	-0.0289620878505	-0.0785073139651	-0.000324355076953	-0.0694633046317	-0.0331327440474	-0.123630010623	0.0256842023633	-0.0435972231609	-0.0907140567657	0.0153434650016	-0.0440585564408	-0.08017868628	-0.0954157420814	-0.123730418554	-0.00357482591625	0.106799693497	0.0889822314336	-0.0868790833021	-0.136871007273	-0.00153758247929	0.0578191062224	-0.092089401597	-0.00891256213679	0.0314162462592	-0.0489782016996	-0.0523996609018
k__Bacteria;p__Bacteroidetes;c__Bacteroidia;o__Bacteroidales;f__Bacteroidaceae;g__Bacteroides;s__Bacteroides_plebeius	-0.136816653749	-0.0304519501606	-0.00862753298999	0.0104939657761	-0.0630102203348	-0.110477832075	-0.011325570798	0.0764502215176	-0.171580907408	0.105526464035	0.00808439745462	0.0247918651156	-0.0213648210792	-0.0604220974283	-0.0070244897895	1.0	-0.00443302384407	-0.0465553474242	-0.000460953385243	-0.0278904519924	-0.0567738164078	0.150539353216	0.0700266806759	-0.00573068846865	-0.108335849488	-0.00708196027266	-0.039233962364	-0.065021980779	-0.0141273905788	-0.0622098860994	-0.125492884752	-0.0870353642504	0.0856271980687	-0.130716151389	-0.0640815596118	-0.00805300710529	0.0590127796081	-0.0510363120956	-0.0186012795338	-0.0374478032547	-0.0972535958648	-0.0164283186888	0.0368798737055	-0.0882875314946	-0.0978705728757	-0.0556403826124	-0.0218501862911	-0.119471729187	0.0833626896282	-0.0326306633409	-0.0330186827283	-0.100357737012	-0.101696417262	0.0810449487309	-0.0626041768069	0.0287974304719	-0.057348495439	-0.160843759075	0.053975748527
k__Bacteria;p__Bacteroidetes;c__Bacteroidia;o__Bacteroidales;f__Bacteroidaceae;g__Bacteroides;s__Bacteroides_fragilis	-0.143618581429	-0.104897053731	-0.00207393151107	0.040518951902	-0.0337669194004	-0.0197812372412	-0.0382262332013	-5.55429332452e-05	0.0279377796525	0.00812665461417	-0.0574757251232	0.0630152365153	-0.01663528561	-0.0737247814434	-0.0883263873148	-0.00443302384407	1.0	0.0312269067995	-0.150352479007	-0.0114332430822	0.0337558900721	-0.0348378947287	0.0306768530709	-0.0943458953905	0.0150464095585	-0.173282890457	0.0674196231609	0.0826505651725	0.060377061747	-0.165620859876	0.0611552459951	0.0720266253995	0.0202916199791	0.0166685113678	-0.181650747275	0.0549867263664	-0.018625635335	0.0186998610006	-0.0387004502581	0.0659648734561	-0.00945361089003	-0.0159684351637	-0.0961266705573	-0.0232445748466	0.0500577652175	-0.0800678892569	0.0363728922708	-0.0716163876533	-0.143138080839	-0.0626627088836	-0.11984817373	-0.0855468851117	0.0321010319947	0.00204321385154	-0.0839043082669	-0.15602133565	-0.0770481463907	-0.0476728548681	-0.132488455168
k__Bacteria;p__Proteobacteria;c__Betaproteobacteria;o__Burkholderiales;f__Sutterellaceae;g__Sutterella;s__Sutterella_wadsworthensis	-0.184420785987	-0.0958877564458	0.0289312164127	0.0714427606932	0.067447195401	-0.0924280498428	-0.114390811605	-0.000211238496969	0.0792611139781	0.0815953469273	-0.114261425726	-0.0924322820159	-0.0276787512414	-0.0866539061111	0.0167003767044	-0.0465553474242	0.0312269067995	1.0	-0.113625222791	-0.000681229788043	-0.0892629560475	0.0393864172053	-0.0838859751938	-0.00382913349911	-0.0538724916864	-0.0788788360508	-0.0780194159867	-0.0880755248033	-0.0475536181033	0.019264160825	-0.0780509393393	-0.212540011504	-0.069480440083	-0.00277295707374	-0.0948113555404	0.0508292017253	-0.00634813410334	-0.139647461752	0.0187926542331	-0.0227201778707	-0.0101177383631	0.0303977948488	-0.0260306809948	-0.00228278114263	-0.1384175292	-0.0796209519082	-0.0139821622001	-0.0221723571538	-0.0429510723766	-0.0921222639082	0.0285053342059	0.042857377751	0.00629155717195	-0.0012877089414	-0.031313253183	-0.0821301983597	-0.113222948582	-0.067810359279	-0.0399740754138
k__Bacteria;p__Bacteroidetes;c__Bacteroidia;o__Bacteroidales;f__Porphyromonadaceae;g__Barnesiella;s__Barnesiella_intestinihominis	-0.0630522905845	-0.13322120431	-0.0109232952331	0.0163889595952	0.0621429087847	0.0527403812972	-0.0331914149837	0.108525590364	0.0232846562902	-0.0236661370155	-0.0257982511393	-0.0160116418716	0.000642256439269	-0.026893909235	-0.0856712700711	-0.000460953385243	-0.150352479007	-0.113625222791	1.0	0.00460651508145	0.0517888796179	-0.0494709849395	0.113352480425	-0.0184615592573	0.0439025039403	-0.12397628478	0.00560046416184	0.037548101227	-0.00213413132916	-0.0894297377455	0.0771499617732	-0.0374885100475	-0.00565324398753	-0.0304307294845	0.0549740532758	-0.122610179129	-0.0936922561748	-0.0200827722482	-0.0702852090932	0.0508269417547	-0.0595875947835	-0.0679372161209	0.0524124830391	-0.108863228969	-0.0949576527257	-0.0775908091834	0.035789176608	-0.0369693505565	-0.134745866498	-0.0748957116639	-0.0097657927303	-0.0490863149668	0.0377535301596	-0.0286575954627	-0.0968490734966	-0.0456355860279	-0.0526786442677	-0.0837536181405	-0.101245083278
k__Bacteria;p__Bacteroidetes;c__Bacteroidia;o__Bacteroidales;f__Odoribacteraceae;g__Odoribacter;s__Odoribacter_splanchnicus	0.0769153527977	-0.145332279471	-0.0194018948225	-0.00538875557503	0.0649073263468	-0.0138076567193	-0.0747516256216	-0.124014107132	0.0225816335989	-0.0228882243319	-0.0484468947955	0.0666907944047	-0.0172478049285	-0.0317744354136	-0.0015629791122	-0.0278904519924	-0.0114332430822	-0.000681229788043	0.00460651508145	1.0	-0.0386248833023	-0.100662889567	-0.0463867348408	0.00946760220159	-0.0799300595422	-0.0947231513723	-0.164876525462	-0.0109959512722	-0.0109461045032	-0.0180090081908	-0.0309384380514	-0.0272938132549	-0.000922293039974	-0.0599809675813	0.0617174508936	-0.054779747872	-0.0421861208504	0.0319676202392	-0.152523887188	-0.0257954156921	-0.018032484711	-0.0492491614476	-0.100577717748	-0.0197576441612	-0.0609894013732	0.0243006821936	0.0724182267002	-0.0602831493038	0.0908142190728	-0.0946982731498	-0.0343660775592	-0.202963350864	0.128197167364	0.00227766235409	-0.111180769641	-0.079629138413	0.0383072911249	-0.102310612144	-0.166528355701
k__Bacteria;p__Bacteroidetes;c__Bacteroidia;o__Bacteroidales;f__Bacteroidaceae;g__Bacteroides;s__Bacteroides_salyersiae	-0.0141794097202	-0.0869288798373	-0.114186027819	-0.107154071886	-0.0485137779316	-0.0200584010584	0.189939049529	-0.111007369209	-0.118561964965	-0.0593741839598	-0.0358913731922	0.00925625819799	0.00130796760448	0.0955753780567	-0.0543767182884	-0.0567738164078	0.0337558900721	-0.0892629560475	0.0517888796179	-0.0386248833023	1.0	0.0845079854179	-0.000255672908028	-0.0884836478204	-0.0457053941526	-0.0846503766175	-0.107576757598	0.00200723094195	-0.0899002008114	0.0140134945822	0.0313742192648	-0.0156035133151	-0.0891045968744	-0.0809725258201	0.0266389899577	-0.0550071836015	0.00698218007687	-0.167493408339	0.0553167475296	-0.054304210754	0.0744414934958	-0.0649886142783	-0.0497687250938	-0.0132754009655	0.0317136337372	-0.0217966232971	-0.000152435954516	-0.122237118114	-0.128730668432	-0.0817030576413	-0.0278939740677	-0.06973711781	0.149719753478	0.016533342831	-0.0750575332419	-0.0228558979182	0.032749136022	-0.0883675297953	-0.182501296098
k__Bacteria;p__Firmicutes;c__Clostridia;o__Clostridiales;f__Ruminococcaceae;g__Ruminiclostridium;s__[Eubacterium]_siraeum	0.00506114719625	0.0156889428421	-0.0160139346894	-0.090428877837	-0.095836584015	0.0205167261354	0.00684774353089	-0.0386015266813	-0.103759309779	-0.031710227013	0.102154947676	0.051752155867	-0.0597981417189	0.0335756028561	-0.0639267583274	0.150539353216	-0.0348378947287	0.0393864172053	-0.0494709849395	-0.100662889567	0.0845079854179	1.0	0.0287549242298	-0.0798825570389	-0.0981031932044	0.0305084320529	0.0222162586461	0.0179841596622	-0.104021654668	-0.00529304727159	-0.104483618528	-0.093567438139	0.0359437251104	-0.105002505104	0.0378350765917	-0.0597822767558	-0.109621654592	-0.0859230233489	-0.0718156355869	-0.158930278847	0.0795934122291	-0.0753551459704	0.0409578461658	-0.0904177053358	0.078957662681	0.110230617076	-0.0110526931709	0.0101416828773	0.00355142316383	-0.106425283252	0.044281175221	0.0252282512251	-0.00309729292829	-0.0189118360662	-0.0698990390244	-0.000671574727094	0.085083654878	-0.0599686093102	-0.083745899589
k__Bacteria;p__Proteobacteria;c__Betaproteobacteria;o__Burkholderiales;f__Sutterellaceae;g__Parasutterella;s__Parasutterella_excrementihominis	-0.0184761548958	-0.0691722058612	-0.0494146671441	-0.0917527569807	0.0266496196374	-0.0675946576251	-0.0229241441377	-0.0396233018718	0.0289164388797	-0.000932076320331	-0.033596362831	-0.0554500619624	-0.0561389114581	-0.0785963595777	-0.0924112655193	0.0700266806759	0.0306768530709	-0.0838859751938	0.113352480425	-0.0463867348408	-0.000255672908028	0.0287549242298	1.0	-0.049469592565	0.0480586981999	-0.0169963647382	0.0325439475009	0.101524853764	0.00652410674696	-0.0285241978055	-0.0684394901823	-0.125751523583	0.00384928896501	-0.10473687425	0.0629649079461	0.0987096418221	-0.193774369646	0.0422906862021	-0.00794732577018	-0.0925949310816	-0.0880439588244	0.0169687279483	-0.0672511880251	0.0170085008119	-0.0706574225775	-0.133153155157	-0.0642975589444	-0.0727547162276	-0.0564537234674	-0.146887980726	0.013915397036	-0.0618710925391	0.0487957618198	-0.035493860768	0.00972622619809	0.0235206162722	-0.0811789733031	0.0197724787074	-0.04020191353
k__Bacteria;p__Actinobacteria;c__Actinobacteria;o__Bifidobacteriales;f__Bifidobacteriaceae;g__Bifidobacterium;s__Bifidobacterium_adolescentis	-0.0307048759789	-0.0922295391936	-0.0841069920037	-0.0297038005293	-0.00900742281432	-0.0145404481554	-0.0288742977488	0.125644145541	0.0467575859938	-0.102398655713	-0.0227930165169	-0.140001130435	0.0182633983638	0.0126313893937	-0.142358883439	-0.00573068846865	-0.0943458953905	-0.00382913349911	-0.0184615592573	0.00946760220159	-0.0884836478204	-0.0798825570389	-0.049469592565	1.0	-0.0164573110682	-0.0417578680931	-0.0140292321181	-0.00633609317897	-0.161800643069	0.031758654386	-0.0716336798443	-0.00860942547197	-0.0985241091894	0.125976626531	0.0525021106866	-0.112202141294	0.0475423320005	-0.106818897083	0.00717606556236	0.0714773892617	-0.0737652457526	0.0480258988841	-0.101450141735	-0.0775209529056	0.133564470953	-0.0924809738601	-0.0551892963732	0.0109021757556	0.0282570321719	0.0823193414337	-0.0714767270536	0.00893187633532	-0.157291625901	-0.123170894226	-0.011724579214	-0.0257779205079	0.0172889140922	0.0614170115498	-0.0427851809734
k__Bacteria;p__Firmicutes;c__Clostridia;o__Clostridiales;f__Oscillospiraceae;g__Oscillibacter;s__Oscillibacter_sp._KLE_1745	0.0127523477299	-0.00877977943755	-0.0111512596481	-0.0508639941782	-0.00811271417498	0.0595052626741	-0.0608604000888	0.0346380723638	-0.0609138523631	0.0811070275073	-0.0370558391189	0.0434414506166	-0.104376303524	-0.00202528221339	0.027174918903	-0.108335849488	0.0150464095585	-0.0538724916864	0.0439025039403	-0.0799300595422	-0.0457053941526	-0.0981031932044	0.0480586981999	-0.0164573110682	1.0	0.0286884043761	0.0220784539589	-0.0876803587438	-0.0508275525987	-0.0415299517982	-0.0336506138876	-0.000776385561179	-0.0808781768795	-0.0434047957476	-0.0979163629272	-0.107411493498	0.0612151498713	-0.0512335843049	0.0489547297291	-0.00441884438404	0.00641482046536	-0.142531030025	0.0606408880019	-0.0740919387156	0.017889217323	0.0419551975119	-0.0570497615259	-0.0289862658992	-0.0570495693055	-0.00956276969758	-0.123596611672	-0.0724875867212	-0.00129551823994	-0.102559014687	-0.131220362449	0.0578997524631	0.136027309476	-0.093615623008	-0.0156559413401
k__Bacteria;p__Bacteroidetes;c__Bacteroidia;o__Bacteroidales;f__Bacteroidaceae;g__Bacteroides;s__Bacteroides_coprophilus	0.0785479174208	-0.0370921672796	-0.123307592593	-0.0896807893235	0.0424599677206	-0.0460377470104	0.0176806720347	0.048240099112	-0.0753868109184	-0.121236396306	-0.0444715888905	-0.0704244989265	-0.0302320033547	-0.0263858055083	0.0267347813102	-0.00708196027266	-0.173282890457	-0.0788788360508	-0.12397628478	-0.0947231513723	-0.0846503766175	0.0305084320529	-0.0169963647382	-0.0417578680931	0.0286884043761	1.0	0.0124895182638	0.0875829565814	-0.0176697556976	-0.00453365637523	-0.0648431996236	-0.0730517896315	-0.0640133718241	-0.0626440824809	0.106466464801	-0.0793165182028	-0.0906763276294	-0.0239949521277	0.0342773510271	-0.137985558706	-0.0366745272521	-0.0106237728165	-0.0474683664791	-0.180085796754	0.040049112266	-0.0101053197717	0.0288037371627	0.000412947696127	0.0427595595465	-0.00895281162516	0.102730728354	0.00670448225687	-0.0662546859023	-0.107942632413	-0.0722373337194	-0.0935328349129	0.0605082420601	0.00139568974526	-0.0289866536329
k__Bacteria;p__Firmicutes;c__Clostridia;o__Clostridiales;f__Lachnospiraceae;g__Roseburia;s__Roseburia_intestinalis	0.029342125893	-0.0720696059525	-0.0730205164645	-0.023736735239	0.0380903229677	0.0196632429693	-0.0765115756981	-0.0441471015682	-0.0301743144963	-0.0126759800478	0.0288418581919	-0.118464564039	-0.00832356852071	-0.0738727288602	-0.101185842652	-0.039233962364	0.0674196231609	-0.0780194159867	0.00560046416184	-0.164876525462	-0.107576757598	0.0222162586461	0.0325439475009	-0.0140292321181	0.0220784539589	0.0124895182638	1.0	-0.0870100305231	-0.0638159407606	-0.0145651707595	-0.11082949342	-0.09986936068	0.025182827071	-0.0806284162517	-0.0281224085801	-0.0739033039718	-0.0626227177092	0.129652038739	-0.0431703180681	-0.0301815463353	-0.0428857524543	-0.00466877040691	-0.0321685267393	-0.0300547783179	-0.0517452073604	0.00978326455178	0.101119654285	0.0657481725372	0.0678320463822	-0.0205769166087	-0.0592273097693	-0.0402553733088	-0.0347454280944	-0.0194233109435	-0.0991238071982	-0.00246662788372	0.0479353620293	-0.00211750992459	0.0626079974798
k__Bacteria;p__Firmicutes;c__Clostridia;o__Clostridiales;f__Lachnospiraceae;g__Roseburia;s__Roseburia_hominis	-0.0901029117582	-0.0342977696269	-0.150596685241	0.00408546942131	-0.0712438433293	0.0264262834626	0.0268628011825	-0.0141689454273	-0.0147687385995	-0.055072347645	-0.0914090926081	0.0558858215712	-0.081972761513	-0.0618563290768	0.00979681194281	-0.065021980779	0.0826505651725	-0.0880755248033	0.037548101227	-0.0109959512722	0.00200723094195	0.0179841596622	0.101524853764	-0.00633609317897	-0.0876803587438	0.0875829565814	-0.0870100305231	1.0	-0.0448043187214	0.048870331278	-0.0694489244147	-0.0644196165427	-0.0838676573265	-0.0510635918937	-0.0682201377545	-0.0963436413333	0.0226822622661	-0.105303541858	-0.0317252345417	0.00969630826028	-0.0051865140181	-0.0305948466097	0.0459692014503	0.00647830339117	-0.0598444030876	-0.00124437692989	0.0300060313792	0.081597728144	-0.035639618811	-0.00149538387654	0.0100534028368	0.00417307798903	-0.0530723455823	-0.0606180255613	-0.05694384735	-0.0580024379302	-0.00609808359557	0.0497389335412	-0.173426738888
k__Bacteria;p__Bacteroidetes;c__Bacteroidia;o__Bacteroidales;f__Porphyromonadaceae;g__Parabacteroides;s__Parabacteroides_johnsonii	-0.0856196200005	-0.0389389467127	0.0340515223499	0.0158784614655	0.0152422853955	-0.064805144407	0.0590212877164	0.0444979009499	-0.0222546594692	-0.0422397400622	-0.0721866748946	-0.0718550867979	-0.0098133469914	0.0371661810733	-0.0122994898033	-0.0141273905788	0.060377061747	-0.0475536181033	-0.00213413132916	-0.0109461045032	-0.0899002008114	-0.104021654668	0.00652410674696	-0.161800643069	-0.0508275525987	-0.0176697556976	-0.0638159407606	-0.0448043187214	1.0	-0.0560651208268	-0.106290767135	0.037365504087	0.0412425987204	0.00885780056104	0.0522770950889	0.0808862582393	-0.178954506581	-0.0555128979004	-0.0872408867179	-0.0597379606935	-0.125991055709	0.00508163411083	-0.0655448261846	-0.0342941095412	0.0359319350534	0.0313257313516	-0.0978816592641	0.0123985186623	-0.0701118793162	-0.0332361017856	0.0324853323184	0.0789785572163	-0.00725338033544	-0.001015236087	-0.0465172373657	-0.0654124043309	-0.0634866604428	0.0320840212104	-0.0081021652822
k__Bacteria;p__Actinobacteria;c__Actinobacteria;o__Bifidobacteriales;f__Bifidobacteriaceae;g__Bifidobacterium;s__Bifidobacterium_longum	-0.00884139657129	0.116754065499	0.00521298503715	-0.0810669602085	-0.178494536646	0.00277027310606	-0.0512999469522	-0.143962733227	0.0446577620927	-0.0796271709552	0.0410434194411	-0.0114863349732	-0.118810897971	-0.0223684384694	-0.0139395411215	-0.0622098860994	-0.165620859876	0.019264160825	-0.0894297377455	-0.0180090081908	0.0140134945822	-0.00529304727159	-0.0285241978055	0.031758654386	-0.0415299517982	-0.00453365637523	-0.0145651707595	0.048870331278	-0.0560651208268	1.0	-0.127193782894	-0.138478115575	-0.165751844286	-0.0470444319214	-0.0849815166059	-0.012943297157	0.0575100868825	0.00968565690005	0.0804032892305	-0.0339461675068	0.0266771606229	0.070006064752	0.0770371734578	0.0448990323471	-0.00973366798859	-0.0311251295918	-0.0690937564892	-0.0654294830686	-0.12862115741	-0.057750285644	-0.00516067218061	0.0391756963862	0.103214389142	-0.0836051305916	0.0411055862078	0.00512091542203	-0.0871949449914	0.0896754950754	-0.108336180573
