#taxonomy	k__Bacteria;p__Bacteroidetes;c__Bacteroidia;o__Bacteroidales;f__Bacteroidaceae;g__Bacteroides;s__Bacteroides_vulgatus	k__Bacteria;p__Bacteroidetes;c__Bacteroidia;o__Bacteroidales;f__Bacteroidaceae;g__Bacteroides;s__Bacteroides_uniformis	k__Bacteria;p__Bacteroidetes;c__Bacteroidia;o__Bacteroidales;f__Rikenellaceae;g__Alistipes;s__Alistipes_putredinis	k__Bacteria;p__Bacteroidetes;c__Bacteroidia;o__Bacteroidales;f__Prevotellaceae;g__Prevotella;s__Prevotella_copri	k__Bacteria;p__Bacteroidetes;c__Bacteroidia;o__Bacteroidales;f__Bacteroidaceae;g__Bacteroides;s__Bacteroides_stercoris	k__Bacteria;p__Bacteroidetes;c__Bacteroidia;o__Bacteroidales;f__Bacteroidaceae;g__Bacteroides;s__Bacteroides_ovatus	k__Bacteria;p__Bacteroidetes;c__Bacteroidia;o__Bacteroidales;f__Rikenellaceae;g__Alistipes;s__Alistipes_shahii	k__Bacteria;p__Firmicutes;c__Clostridia;o__Clostridiales;f__Ruminococcaceae;g__Faecalibacterium;s__Faecalibacterium_prausnitzii	k__Bacteria;p__Bacteroidetes;c__Bacteroidia;o__Bacteroidales;f__Rikenellaceae;g__Alistipes;s__Alistipes_finegoldii	k__Bacteria;p__Bacteroidetes;c__Bacteroidia;o__Bacteroidales;f__Porphyromonadaceae;g__Parabacteroides;s__Parabacteroides_distasonis	k__Bacteria;p__Bacteroidetes;c__Bacteroidia;o__Bacteroidales;f__Bacteroidaceae;g__Bacteroides;s__Bacteroides_thetaiotaomicron	k__Bacteria;p__Bacteroidetes;c__Bacteroidia;o__Bacteroidales;f__Bacteroidaceae;g__Bacteroides;s__Bacteroides_coprocola	k__Bacteria;p__Bacteroidetes;c__Bacteroidia;o__Bacteroidales;f__Bacteroidaceae;g__Bacteroides;s__Bacteroides_cellulosilyticus	k__Bacteria;p__Bacteroidetes;c__Bacteroidia;o__Bacteroidales;f__Rikenellaceae;g__Alistipes;s__Alistipes_obesi	k__Bacteria;p__Firmicutes;c__Clostridia;o__Clostridiales;f__Lachnospiraceae;g__;s__[Eubacterium]_rectale	k__Bacteria;p__Bacteroidetes;c__Bacteroidia;o__Bacteroidales;f__Bacteroidaceae;g__Bacteroides;s__Bacteroides_plebeius	k__Bacteria;p__Bacteroidetes;c__Bacteroidia;o__Bacteroidales;f__Bacteroidaceae;g__Bacteroides;s__Bacteroides_fragilis	k__Bacteria;p__Proteobacteria;c__Betaproteobacteria;o__Burkholderiales;f__Sutterellaceae;g__Sutterella;s__Sutterella_wadsworthensis	k__Bacteria;p__Bacteroidetes;c__Bacteroidia;o__Bacteroidales;f__Porphyromonadaceae;g__Barnesiella;s__Barnesiella_intestinihominis	k__Bacteria;p__Bacteroidetes;c__Bacteroidia;o__Bacteroidales;f__Odoribacteraceae;g__Odoribacter;s__Odoribacter_splanchnicus	k__Bacteria;p__Bacteroidetes;c__Bacteroidia;o__Bacteroidales;f__Bacteroidaceae;g__Bacteroides;s__Bacteroides_salyersiae	k__Bacteria;p__Firmicutes;c__Clostridia;o__Clostridiales;f__Ruminococcaceae;g__Ruminiclostridium;s__[Eubacterium]_siraeum	k__Bacteria;p__Proteobacteria;c__Betaproteobacteria;o__Burkholderiales;f__Sutterellaceae;g__Parasutterella;s__Parasutterella_excrementihominis	k__Bacteria;p__Actinobacteria;c__Actinobacteria;o__Bifidobacteriales;f__Bifidobacteriaceae;g__Bifidobacterium;s__Bifidobacterium_adolescentis	k__Bacteria;p__Firmicutes;c__Clostridia;o__Clostridiales;f__Oscillospiraceae;g__Oscillibacter;s__Oscillibacter_sp._KLE_1745	k__Bacteria;p__Bacteroidetes;c__Bacteroidia;o__Bacteroidales;f__Bacteroidaceae;g__Bacteroides;s__Bacteroides_coprophilus	k__Bacteria;p__Firmicutes;c__Clostridia;o__Clostridiales;f__Lachnospiraceae;g__Roseburia;s__Roseburia_intestinalis	k__Bacteria;p__Firmicutes;c__Clostridia;o__Clostridiales;f__Lachnospiraceae;g__Roseburia;s__Roseburia_hominis	k__Bacteria;p__Bacteroidetes;c__Bacteroidia;o__Bacteroidales;f__Porphyromonadaceae;g__Parabacteroides;s__Parabacteroides_johnsonii	k__Bacteria;p__Actinobacteria;c__Actinobacteria;o__Bifidobacteriales;f__Bifidobacteriaceae;g__Bifidobacterium;s__Bifidobacterium_longum	k__Bacteria;p__Firmicutes;c__Clostridia;o__Clostridiales;f__;g__Flavonifractor;s__Flavonifractor_plautii	k__Bacteria;p__Firmicutes;c__Clostridia;o__Clostridiales;f__Clostridiaceae;g__Clostridium;s__Clostridium_phoceensis	k__Bacteria;p__Verrucomicrobia;c__Verrucomicrobiae;o__Verrucomicrobiales;f__Akkermansiaceae;g__Akkermansia;s__Akkermansia_muciniphila	k__Bacteria;p__Bacteroidetes;c__Bacteroidia;o__Bacteroidales;f__Prevotellaceae;g__Paraprevotella;s__Paraprevotella_xylaniphila	k__Bacteria;p__Firmicutes;c__Clostridia;o__Clostridiales;f__Ruminococcaceae;g__Ruminococcus;s__Ruminococcus_callidus	k__Bacteria;p__Bacteroidetes;c__Bacteroidia;o__Bacteroidales;f__Rikenellaceae;g__Alistipes;s__Alistipes_senegalensis	k__Bacteria;p__Firmicutes;c__Clostridia;o__Clostridiales;f__Lachnospiraceae;g__Blautia;s__Blautia_sp._KLE_1732	k__Bacteria;p__Bacteroidetes;c__Bacteroidia;o__Bacteroidales;f__Bacteroidaceae;g__Bacteroides;s__Bacteroides_oleiciplenus	k__Bacteria;p__Firmicutes;c__Clostridia;o__Clostridiales;f__Ruminococcaceae;g__Ruminococcus;s__Ruminococcus_bicirculans	k__Bacteria;p__Bacteroidetes;c__Bacteroidia;o__Bacteroidales;f__Bacteroidaceae;g__Bacteroides;s__Bacteroides_fluxus	k__Bacteria;p__Bacteroidetes;c__Bacteroidia;o__Bacteroidales;f__Prevotellaceae;g__Prevotella;s__Prevotella_stercorea	k__Bacteria;p__Firmicutes;c__Clostridia;o__Clostridiales;f__Lachnospiraceae;g__Dorea;s__Dorea_longicatena	k__Bacteria;p__Firmicutes;c__Clostridia;o__Clostridiales;f__Eubacteriaceae;g__Eubacterium;s__[Eubacterium]_eligens	k__Bacteria;p__Firmicutes;c__Clostridia;o__Clostridiales;f__Ruminococcaceae;g__;s__Ruminococcaceae_bacterium_D16	k__Bacteria;p__Firmicutes;c__Clostridia;o__Clostridiales;f__Lachnospiraceae;g__Coprococcus;s__Coprococcus_comes	k__Bacteria;p__Proteobacteria;c__Gammaproteobacteria;o__Enterobacterales;f__Enterobacteriaceae;g__Escherichia;s__Escherichia_coli	k__Bacteria;p__Firmicutes;c__Clostridia;o__Clostridiales;f__Ruminococcaceae;g__Anaerotruncus;s__Anaerotruncus_colihominis	k__Bacteria;p__Firmicutes;c__Clostridia;o__Clostridiales;f__Lachnospiraceae;g__Blautia;s__Blautia_obeum	k__Bacteria;p__Bacteroidetes;c__Bacteroidia;o__Bacteroidales;f__Odoribacteraceae;g__Odoribacter;s__Odoribacter_laneus	k__Bacteria;p__Firmicutes;c__Clostridia;o__Clostridiales;f__Ruminococcaceae;g__Ruminiclostridium;s__[Clostridium]_leptum	k__Bacteria;p__Bacteroidetes;c__Bacteroidia;o__Bacteroidales;f__Porphyromonadaceae;g__Parabacteroides;s__Parabacteroides_goldsteinii	k__Bacteria;p__Firmicutes;c__Clostridia;o__Clostridiales;f__Lachnospiraceae;g__Anaerostipes;s__Anaerostipes_hadrus	k__Bacteria;p__Firmicutes;c__Clostridia;o__Clostridiales;f__Ruminococcaceae;g__Ruminococcus;s__Ruminococcus_lactaris	k__Bacteria;p__Firmicutes;c__Clostridia;o__Clostridiales;f__Clostridiaceae;g__Clostridium;s__Clostridium_sp._L2-50	k__Bacteria;p__Firmicutes;c__Clostridia;o__Clostridiales;f__Clostridiaceae;g__Clostridium;s__Clostridium_sp._M62/1	k__Bacteria;p__Firmicutes;c__Clostridia;o__Clostridiales;f__;g__Intestinimonas;s__Intestinimonas_butyriciproducens	k__Bacteria;p__Actinobacteria;c__Actinobacteria;o__Bifidobacteriales;f__Bifidobacteriaceae;g__Bifidobacterium;s__Bifidobacterium_bifidum	k__Bacteria;p__Firmicutes;c__Negativicutes;o__Veillonellales;f__Veillonellaceae;g__Dialister;s__Dialister_invisus	k__Bacteria;p__Bacteroidetes;c__Bacteroidia;o__Bacteroidales;f__Bacteroidaceae;g__Bacteroides;s__Bacteroides_salanitronis
k__Bacteria;p__Bacteroidetes;c__Bacteroidia;o__Bacteroidales;f__Bacteroidaceae;g__Bacteroides;s__Bacteroides_vulgatus	1.0	-0.119894342228	-0.030175517056	0.0253590021582	-0.058412906763	0.0353082978443	-0.0923945994803	0.0213716007643	-0.0291888853956	-0.0263006932275	0.0396721522948	-0.0454742886137	-0.0472238286052	-0.0484638253806	-0.0307221985442	0.0220706132017	-0.0769143312972	-0.00730740314756	-0.0567927616966	-0.0253871522388	0.006185931477	0.0426566745769	-0.0978738150676	-0.0970575762101	0.105278212994	-0.0281106776194	0.0151891926729	-0.0560689357162	-0.0161192103183	-0.00336940850407	-0.0542932251596	-0.00458719024094	-0.0906920006707	0.0915097593463	-0.0499136860882	-0.179044448171	-0.0717526828422	-0.0788089759281	-0.0887362504591	0.0235356311024	0.0720825799233	-0.0705274135488	-0.00346596311723	0.00871071785179	-0.107816625335	-0.0132495527636	-0.0835558524029	-0.0053523105619	-0.00730805673288	-0.0778302780407	-0.0198912079684	-0.0546270830559	-0.0761638874393	-0.00472041486827	-0.0862199590352	0.112790139033	0.026461476415	-0.148584930642	-0.0813834363327
k__Bacteria;p__Bacteroidetes;c__Bacteroidia;o__Bacteroidales;f__Bacteroidaceae;g__Bacteroides;s__Bacteroides_uniformis	-0.119894342228	1.0	-0.0386208780074	-0.116571543143	-0.0237448003902	-0.0567650071671	0.161497574537	0.00214161607322	-0.0485517232146	-0.00581532452864	-0.0360597052218	0.0406000075633	-0.0396840120596	-0.0590747627183	-0.109689874663	-0.0624518631628	-0.0531870024673	0.0127279300988	0.147405937486	0.0126050180543	-0.161581884637	-0.10870180885	0.0543230965823	0.0227952609094	-0.0067452370939	-0.146348855043	-0.0611750208885	0.00640476960712	-0.134866011245	0.150215840098	-0.0768886599444	-0.0198636560293	0.14649401149	0.0374303116323	0.0228992928503	0.0511564252608	-0.109442902602	-0.091539803548	-0.0200592368248	-0.0970133862051	-0.0764621012084	0.0328853433931	-0.110762552393	0.218191399982	0.139642845506	-0.096506558147	0.0101695171477	-0.124944153553	-0.0507466912821	-0.0744648663716	0.0415971335888	-0.12156825875	0.0500405607239	0.151870689418	-0.0715199711117	-0.0692303363304	-0.0399809975328	-0.156194905035	-0.0406935426898
k__Bacteria;p__Bacteroidetes;c__Bacteroidia;o__Bacteroidales;f__Rikenellaceae;g__Alistipes;s__Alistipes_putredinis	-0.030175517056	-0.0386208780074	1.0	0.0762402995555	-0.120617748504	-0.160836403143	-0.0217976101228	-0.129162139639	0.0878780966819	0.0617215853609	0.109219814152	-0.162461441033	0.0515953289356	0.016896931182	-0.0345480551668	-0.0186131655595	-0.157522734949	-0.0273744688544	-0.00923208899751	0.0978133560312	-0.0311767470278	-0.12603583439	-0.0159992311869	-0.0234139980901	-0.129949557701	0.0521965235118	-0.0315321729167	-0.0260700903128	0.031272689538	-0.164541094841	0.0261154410282	-0.106959773032	0.0839451758046	-0.132417337207	-0.102516405305	0.0218902933349	-0.0634937448432	-0.00731967422989	-0.0315467291969	-0.00153991476934	0.00962217265063	-0.00968035030054	0.0228987949367	-0.0305534705314	-0.0375973814775	-0.0105601367535	-0.0252813914494	0.00288340972183	-0.111115137476	0.0189417332824	-0.0507065890932	-0.0192426997726	0.0476679105116	-0.0562526705009	0.0180475633821	-0.0280602063701	-0.0659835200546	-0.0724908972531	-0.0701162334869
k__Bacteria;p__Bacteroidetes;c__Bacteroidia;o__Bacteroidales;f__Prevotellaceae;g__Prevotella;s__Prevotella_copri	0.0253590021582	-0.116571543143	0.0762402995555	1.0	0.0943786956302	-0.0428161539786	-0.00547594831921	-0.0331866439706	0.02018936563	0.00162116660356	-0.027049894588	-0.0696798236385	-0.14479730547	-0.146339970347	-0.0508736206642	-0.0547874824654	-0.0832529129379	-0.0967506415288	-0.169231196261	-0.164099590658	-0.048036015361	-0.0351878159233	0.00913187491686	0.0800280650008	-0.0334096839309	0.0766286932309	-0.0628607054028	-0.110491172061	-0.0823466052974	-0.0360146773041	-0.0945056820722	0.0164057529601	-0.0494585932463	0.000138581374152	0.00620055085336	0.0654149666141	-0.017271869106	-0.0512321009763	-0.120002370346	0.0316650127981	0.00582515055629	0.00590360361263	0.112522991813	0.0728602041039	-0.0423593905383	-0.0305977168774	0.0250842734209	-0.00360495501179	-0.0424666085514	-0.18969783548	-0.0624093495806	-0.0358484287596	0.0474144884086	-0.129764464385	0.0156523644602	0.0164683201528	-0.0233312052915	-0.000509901540793	-0.122069701027
k__Bacteria;p__Bacteroidetes;c__Bacteroidia;o__Bacteroidales;f__Bacteroidaceae;g__Bacteroides;s__Bacteroides_stercoris	-0.058412906763	-0.0237448003902	-0.120617748504	0.0943786956302	1.0	-0.0310522817212	0.051473082763	-0.0569387332203	0.000689291114049	-0.112711963485	-0.0579634667936	0.0309310062852	0.0325666644959	0.0757321030813	-0.0258142243352	0.0227926757324	0.0420445924116	-0.0689365610316	-0.111848996227	0.070674854284	-0.0976224355111	-0.0263833735558	-0.0546816839379	0.222603140401	-0.0660801431984	-0.0656933969724	-0.0360666514131	-0.0047777800384	-0.0139475386692	-0.0211618033221	-0.0810296355808	-0.109953971809	-0.065002777628	-0.00264587605795	0.0539650740729	-0.078324142601	-0.140518110265	0.00190363554929	-0.0782880080539	-0.0575680574556	0.0557109791038	-0.106646853211	0.00405608652881	0.014641596569	-0.0676121078495	-0.0478964895618	-0.0944547421369	-0.110824849181	0.0264096386555	-0.0202941132895	0.0568396622633	-0.0799479889338	0.0434799021317	-0.093940529703	-0.0595814419628	0.0144086773097	-0.0720017534011	-0.0739359550292	-0.0472788643732
k__Bacteria;p__Bacteroidetes;c__Bacteroidia;o__Bacteroidales;f__Bacteroidaceae;g__Bacteroides;s__Bacteroides_ovatus	0.0353082978443	-0.0567650071671	-0.160836403143	-0.0428161539786	-0.0310522817212	1.0	-0.00405532772483	-0.118759625596	-0.106295218271	0.0637793932209	-0.041464701277	-0.0888160000098	-0.0503161372611	0.039678886747	0.00831734207405	-0.0232975012855	-0.0776621575681	-0.159415326413	0.0114846421668	-0.11261945623	-0.0392774332536	-0.068421673586	-0.108548205019	-0.0525458533057	0.0717093782156	-0.0413952173935	-0.0948863475092	-0.0694242208949	0.122186492681	-0.0617265500623	-0.0693365634838	0.0522987783439	-0.0845514594659	-0.00673657938057	-0.0924711239686	-0.0832389796103	-0.00254491904905	-0.016706383187	0.07813015046	0.147203020106	-0.0171043001374	-0.0444226617693	-0.0544912703159	0.0115725075375	0.178727823724	-0.068035093957	0.0206965677696	-0.0301983651701	-0.11626166474	-0.00501158135883	-0.104381259316	0.111300414803	-0.161124763169	-0.0100471527887	-0.0730371443127	-0.113010113605	-0.0230399278116	-0.0339095775183	-0.0277887290419
k__Bacteria;p__Bacteroidetes;c__Bacteroidia;o__Bacteroidales;f__Rikenellaceae;g__Alistipes;s__Alistipes_shahii	-0.0923945994803	0.161497574537	-0.0217976101228	-0.00547594831921	0.051473082763	-0.00405532772483	1.0	-0.0873881437879	0.0482304403307	0.034611244361	-0.0581301822114	0.0168184746704	-0.110500416595	0.0483500989806	-0.0110435660374	0.0640759844444	-0.0258757432867	-0.143939651464	0.035459562431	-0.0337061891094	0.0247199754543	-0.0760574776118	-0.00409669372519	0.0239275806473	0.00154669820025	-0.0375749882896	0.0525610000096	0.0957856258783	0.00615334615349	-0.0321079936005	-0.0710460234131	-0.0644979837796	-0.140379473584	-0.0361289795953	-0.145649361119	0.0929169730822	-0.0932944498672	0.040513660349	-0.179306318013	0.0491070450745	-0.0624148588856	-0.0257951638569	-0.0682915974463	-0.0173406285312	0.0409869622554	-0.065937626877	-0.0299728586348	-0.14413426509	-0.0114430863926	0.125167704379	-0.171139351655	-0.0818451213779	-0.0737617790531	0.039057138953	-0.0976698105997	-0.0165637167738	-0.0601492832534	-0.0527220411851	0.0599913367555
k__Bacteria;p__Firmicutes;c__Clostridia;o__Clostridiales;f__Ruminococcaceae;g__Faecalibacterium;s__Faecalibacterium_prausnitzii	0.0213716007643	0.00214161607322	-0.129162139639	-0.0331866439706	-0.0569387332203	-0.118759625596	-0.0873881437879	1.0	-0.1103071299	-0.0391892080626	0.00741835108819	-0.0134276532708	-0.0104803778024	-0.0285650771658	-0.102515001241	0.0781316421198	0.0992303537041	0.0123914601631	-0.138567812822	-0.0510626561111	0.00765530652155	-0.00624275271717	-0.172417540614	0.0199028931719	-0.0398679760316	0.0683248309109	-0.00858145712885	-0.0744701271997	-0.14761337638	-0.0693378554593	-0.0698826480415	-0.0221528513401	-0.031559087586	0.0401341343587	-0.0157324335682	-0.0400808933284	-0.0768907108621	-0.0748418908686	-0.0401565488185	-0.10922775419	-0.0720933308948	-0.0250282651861	0.0492614235378	0.0685688964547	-0.042704739328	-0.00928967607725	-0.0174257711831	-0.00764604055605	0.121569123084	0.0570939249972	-0.0620901321464	0.00335772434816	0.0395463450972	0.00548651888491	-0.0310151227246	-0.06350992465	-0.190141118835	-0.0913821001158	-0.02189244602
k__Bacteria;p__Bacteroidetes;c__Bacteroidia;o__Bacteroidales;f__Rikenellaceae;g__Alistipes;s__Alistipes_finegoldii	-0.0291888853956	-0.0485517232146	0.0878780966819	0.02018936563	0.000689291114049	-0.106295218271	0.0482304403307	-0.1103071299	1.0	0.0262316685352	-0.0278127155891	-0.00540253413911	0.1274672963	-0.00343640626026	-0.0721622043923	0.0121257357253	0.0203487293762	-0.0512628469652	-0.0803850944041	-0.0820707295556	-0.0606339106535	-0.135979430583	-0.0502464115586	-0.0303819936397	-0.049194490741	-0.0351629122267	0.0329310242102	-0.0191737670555	0.00399082093156	0.100106830562	0.0165054564766	-0.119353410699	-0.131920129982	0.0348787512369	0.037369915893	-0.017011750713	-0.0639432544187	-0.122156665749	-0.0703331857728	-0.0203414563979	0.0502017737344	-0.0103615972187	0.0797514494112	-0.0194605638092	-0.0371057479673	-0.114689942783	-0.033826681078	-0.0874149966129	-0.137648105698	-0.19567399815	-0.0280539954455	-0.0921618759336	-0.089004555871	0.029328819437	-0.0689378876294	0.0198614196396	-0.0793542739159	-0.0785420099232	0.0480316573223
k__Bacteria;p__Bacteroidetes;c__Bacteroidia;o__Bacteroidales;f__Porphyromonadaceae;g__Parabacteroides;s__Parabacteroides_distasonis	-0.0263006932275	-0.00581532452864	0.0617215853609	0.00162116660356	-0.112711963485	0.0637793932209	0.034611244361	-0.0391892080626	0.0262316685352	1.0	0.136295310676	0.0132449021631	-0.0215701202707	-0.120997228331	-0.0119022343207	-0.0575590759492	-0.0507896499356	-0.0519482882063	-0.0129935393429	0.0469565477883	0.0613072972337	-0.105588665723	-0.0294761284187	0.0152504720017	0.0293033478758	0.0178722286956	-0.00478105217106	-0.0609389771851	0.0893013259659	-0.021723580445	0.0218558327571	-0.182827854885	0.0189800739193	-0.0863624933954	-0.0388838738194	-0.0139411397053	-0.0894290014964	-0.192624088291	-0.169118358883	-0.0878037089027	-0.202224943074	-0.0996770461167	0.0231143488336	-0.0820772763923	-0.0862162357136	-0.117673939776	0.0214004038453	-0.0477046236725	-0.0124761772852	-0.110285506332	-0.149343170768	0.024385671701	-0.0756679873485	0.0132040285759	0.125493955551	0.0104970190715	0.0774791803082	-0.000873869771852	0.0359606878537
k__Bacteria;p__Bacteroidetes;c__Bacteroidia;o__Bacteroidales;f__Bacteroidaceae;g__Bacteroides;s__Bacteroides_thetaiotaomicron	0.0396721522948	-0.0360597052218	0.109219814152	-0.027049894588	-0.0579634667936	-0.041464701277	-0.0581301822114	0.00741835108819	-0.0278127155891	0.136295310676	1.0	-0.026438784122	0.0150600943441	0.0984492342951	-0.0243811165935	-0.0720444350178	-0.0867323515577	-0.0128341187444	0.0178832461363	-0.154384828846	0.0327293997206	0.0127093810872	0.0533996897067	-0.0562148317605	-0.123213043732	-0.0138658029713	-0.0612879098159	-0.138600240456	-0.0442931891606	-0.11120544703	-0.017735732029	0.0205305955091	0.0779430709444	0.0242813542278	-0.0987155488447	-0.024459729812	0.0460381022861	-0.119835894338	-0.0179551368368	0.0342007012229	-0.161521205776	-0.0271620818897	-0.0109884540142	0.0165478802459	-0.0313277691633	-0.0145450473883	-0.0576557346336	0.0904475916463	-0.131944589189	-0.0399035582488	-0.0023144668335	0.0265102733652	-0.0606991688505	0.0429900037256	-0.015181972319	0.0127406113048	0.0721466767871	-0.160774628548	-0.00277106478337
k__Bacteria;p__Bacteroidetes;c__Bacteroidia;o__Bacteroidales;f__Bacteroidaceae;g__Bacteroides;s__Bacteroides_coprocola	-0.0454742886137	0.0406000075633	-0.162461441033	-0.0696798236385	0.0309310062852	-0.0888160000098	0.0168184746704	-0.0134276532708	-0.00540253413911	0.0132449021631	-0.026438784122	1.0	0.0459301636718	-0.0964960558848	0.0146643582757	-0.0337328871547	-0.0970489447146	-0.0669199039773	-0.0959745771358	0.0405804658176	-0.0550130644172	-0.0464450614782	-0.00483354472236	-0.0988990484843	-0.0241167750223	0.0385487151012	-0.0547192930144	-0.00457615928513	-0.0540272938674	-0.174020311839	-0.0673603757834	-0.0889975606836	0.0717695151079	0.0980632619364	-0.0524726385286	-0.112476189686	-0.10986988541	0.0495990957037	-0.0229584403143	0.0524555442042	-0.139506624455	-0.0638843647234	-0.0125484827153	-0.0619001518731	-0.00979243340499	-0.0324183212261	-0.00556742921836	-0.155508412265	-0.0191336061479	-0.0505211603911	-0.028826375619	-0.0235738953293	-0.0735836860702	0.107293007886	-0.075481778137	-0.0992479740096	-0.0110684870644	-0.136854542582	0.0300453622931
k__Bacteria;p__Bacteroidetes;c__Bacteroidia;o__Bacteroidales;f__Bacteroidaceae;g__Bacteroides;s__Bacteroides_cellulosilyticus	-0.0472238286052	-0.0396840120596	0.0515953289356	-0.14479730547	0.0325666644959	-0.0503161372611	-0.110500416595	-0.0104803778024	0.1274672963	-0.0215701202707	0.0150600943441	0.0459301636718	1.0	-0.0278681380788	-0.0715972006952	-0.124534478122	-0.041475342127	0.0395417342241	-0.121450920862	-0.105978602143	-0.0815118528794	-0.120468898811	-0.129996917674	-0.00183090381043	0.0290264069394	-0.0369764907714	-0.0931637048754	0.0581208873482	-0.00189449313653	-0.0962606147264	0.0123629590567	-0.0823040323154	-0.0650693305125	0.0230540654481	0.0305344381813	-0.0504151976288	-0.0697253749197	-0.0756425218874	-0.0547898225369	0.150454235607	-0.0360808669238	-0.018644830769	0.0755422650069	0.0210088614862	-0.0771049185609	-0.143454940695	0.0520518578378	0.0793231910614	-0.0769787677481	-0.134455339458	-0.143087739115	0.00462110103421	0.0395273053009	0.0385289597475	-0.067769572414	-0.0973391661172	-0.031617060586	-0.0599496572448	0.00650908190276
k__Bacteria;p__Bacteroidetes;c__Bacteroidia;o__Bacteroidales;f__Rikenellaceae;g__Alistipes;s__Alistipes_obesi	-0.0484638253806	-0.0590747627183	0.016896931182	-0.146339970347	0.0757321030813	0.039678886747	0.0483500989806	-0.0285650771658	-0.00343640626026	-0.120997228331	0.0984492342951	-0.0964960558848	-0.0278681380788	1.0	-0.121013554594	-0.0697101226295	-0.0389658658928	-0.0680339101509	0.00963499870953	-0.0675585999464	-0.0789403759597	0.0550051430463	0.0264235355347	-0.0838573975287	-0.0213210118432	-0.0226763937194	-0.0173188928653	-0.0832077507289	-0.222210209299	-0.0351620690667	-0.0244464627237	-0.052537407173	-0.00457441435833	0.041205116152	0.0719461198491	-0.1159882791	0.0240280368009	0.0527677283315	-0.109955750486	-0.000374377567592	0.0237550367988	-0.0675477778213	-0.104524482223	0.0606133065262	0.000994575893613	0.0949116525596	-0.123143522503	-0.060974090361	0.065279097624	-0.0731589889961	-0.0722832354034	-0.0346181027553	-0.00349273850055	-0.028701126706	-0.0817911837023	-0.0894682250911	0.0431147995573	-0.0242764457311	-0.0233696466208
k__Bacteria;p__Firmicutes;c__Clostridia;o__Clostridiales;f__Lachnospiraceae;g__;s__[Eubacterium]_rectale	-0.0307221985442	-0.109689874663	-0.0345480551668	-0.0508736206642	-0.0258142243352	0.00831734207405	-0.0110435660374	-0.102515001241	-0.0721622043923	-0.0119022343207	-0.0243811165935	0.0146643582757	-0.0715972006952	-0.121013554594	1.0	-0.0306100435981	0.0208523623162	0.0471741281972	-0.0454219687458	-0.0502120628543	0.00348471658909	0.00187097914983	-0.0655545350383	0.0239716815165	-0.00807058532341	-0.00584697892135	-0.0616698084784	0.0265841616245	0.027534144977	-0.0514075645986	-0.0759076276585	0.00877160203849	0.0192846591287	0.0395967795303	0.0010165322824	-0.0329932102355	-0.0217483581076	-0.0457812289432	-0.0395936666325	-0.106566139961	0.0593961400495	-0.0683394968299	-0.103222725498	-0.0195092025132	-0.0842429327998	-0.00924346716708	-0.0517330682712	-0.102709108193	-0.0246793177789	0.123563158318	0.0345746252545	-0.0172390007491	-0.0600101840174	-0.0983704256282	-0.0601441786106	-0.065678258583	0.0819800506639	-0.0405224011875	0.0340791217316
k__Bacteria;p__Bacteroidetes;c__Bacteroidia;o__Bacteroidales;f__Bacteroidaceae;g__Bacteroides;s__Bacteroides_plebeius	0.0220706132017	-0.0624518631628	-0.0186131655595	-0.0547874824654	0.0227926757324	-0.0232975012855	0.0640759844444	0.0781316421198	0.0121257357253	-0.0575590759492	-0.0720444350178	-0.0337328871547	-0.124534478122	-0.0697101226295	-0.0306100435981	1.0	0.0632481267674	-0.0598368048631	0.0882222785385	0.00426277249171	-0.0208027764011	-0.0298961301987	-0.00145046916186	-0.0390664174054	0.0260284379611	-0.104433775549	0.0416672864422	-0.0508642064078	-0.0556576273831	-0.00929325731616	0.0447478307166	-0.0909268063643	-0.0793144926411	0.0811776899008	-0.0604348076983	-0.0304458880388	-0.0498263017873	0.0500480647432	0.00602773773165	-0.0766040978801	-0.0831532362284	-0.0591433692377	0.0309611258432	-0.055725159269	-0.0843551407104	0.000429479240624	-0.0417174723221	0.0116024516822	-0.0302614429887	-0.0557190141999	-0.068757932581	-0.0297159867553	-0.0533441220648	0.020720953908	-0.0285289618565	-0.0476271212724	0.00888792993277	-0.0539800247251	0.0201424549795
k__Bacteria;p__Bacteroidetes;c__Bacteroidia;o__Bacteroidales;f__Bacteroidaceae;g__Bacteroides;s__Bacteroides_fragilis	-0.0769143312972	-0.0531870024673	-0.157522734949	-0.0832529129379	0.0420445924116	-0.0776621575681	-0.0258757432867	0.0992303537041	0.0203487293762	-0.0507896499356	-0.0867323515577	-0.0970489447146	-0.041475342127	-0.0389658658928	0.0208523623162	0.0632481267674	1.0	-0.0593147649463	-0.0937218722552	0.0800541856504	0.1122637638	0.0532111315614	-0.126443776196	-0.0121234332097	0.0422986571838	0.0594522022276	0.0804967259392	-0.0111601590726	0.109574079526	-0.0555507327563	-0.0623225281206	-0.0215506239218	-0.0378459043232	-0.0308527933006	-0.037671469813	-0.145727021033	0.0495740347876	-0.0295653405653	-0.0490589066087	-0.0569102667034	0.0120797749705	0.00975246746801	0.0169556225318	0.0598542353028	-0.129201389715	-0.0646320131219	-0.00158054913415	-0.146010951072	-0.000891343268167	-0.0991726094	-0.0502972111151	-0.0963542335417	-0.0312564197483	-0.0869294067894	-0.0331566379933	0.00790318676264	0.0650149673309	-0.122454611921	-0.107004879727
k__Bacteria;p__Proteobacteria;c__Betaproteobacteria;o__Burkholderiales;f__Sutterellaceae;g__Sutterella;s__Sutterella_wadsworthensis	-0.00730740314756	0.0127279300988	-0.0273744688544	-0.0967506415288	-0.0689365610316	-0.159415326413	-0.143939651464	0.0123914601631	-0.0512628469652	-0.0519482882063	-0.0128341187444	-0.0669199039773	0.0395417342241	-0.0680339101509	0.0471741281972	-0.0598368048631	-0.0593147649463	1.0	-0.0424688139208	-0.096514653829	-0.0858016368341	-0.0889138307444	-0.0103255698314	-0.0479231877068	-2.42829055136e-05	-0.078663675604	-0.0399425421359	-0.0465111793135	-0.0475737694465	-0.055005963347	0.0143240534417	0.0172597615645	0.0327673016025	-0.13393033432	0.028886523069	0.0285504313723	-0.0226635624938	0.0627443627781	0.0808138859641	-0.0178297469863	-0.0161828933968	-0.0720192371648	0.0111626223505	-0.0983678581724	-0.0304627967265	0.0429246721176	0.00619466180212	0.03965220288	0.0603649420573	-0.0712985224079	-0.12625180963	-0.01217987727	-0.0461084822683	-0.0257211436116	-0.0956165407211	-0.130691910955	-0.0153648084251	-0.0534293632286	0.0371652845645
k__Bacteria;p__Bacteroidetes;c__Bacteroidia;o__Bacteroidales;f__Porphyromonadaceae;g__Barnesiella;s__Barnesiella_intestinihominis	-0.0567927616966	0.147405937486	-0.00923208899751	-0.169231196261	-0.111848996227	0.0114846421668	0.035459562431	-0.138567812822	-0.0803850944041	-0.0129935393429	0.0178832461363	-0.0959745771358	-0.121450920862	0.00963499870953	-0.0454219687458	0.0882222785385	-0.0937218722552	-0.0424688139208	1.0	-0.0626859482743	0.00183320458378	0.00312601416894	0.192561668519	-0.132501731786	-0.078468443367	-0.115814307648	-0.0404037718854	0.020224646031	0.0100348828807	-0.0249471346908	0.0456578867226	0.00588874815728	0.0761942298716	-0.0329603788563	0.0403742262458	0.0944023137954	-0.0957726347089	-0.0262777480912	-0.0842229428149	-0.036644279151	-0.199166216104	0.0985936181929	-0.0794635617311	-0.0351777660795	0.00166819258155	0.0190559843417	-1.75961071068e-05	-0.00537102386763	-0.0875601785307	-0.0188440673738	0.0382906341944	0.02820706026	-0.068513813954	-0.00812000903833	-0.0393014734395	0.0596706033498	-0.0712651982233	0.0488584519031	-0.107943304048
k__Bacteria;p__Bacteroidetes;c__Bacteroidia;o__Bacteroidales;f__Odoribacteraceae;g__Odoribacter;s__Odoribacter_splanchnicus	-0.0253871522388	0.0126050180543	0.0978133560312	-0.164099590658	0.070674854284	-0.11261945623	-0.0337061891094	-0.0510626561111	-0.0820707295556	0.0469565477883	-0.154384828846	0.0405804658176	-0.105978602143	-0.0675585999464	-0.0502120628543	0.00426277249171	0.0800541856504	-0.096514653829	-0.0626859482743	1.0	-0.0328450718816	-0.013356330882	-0.0161443786524	0.0101378980951	-0.106914611052	-0.0787511286947	-0.0344240004252	0.00441809114997	-0.0928457544018	-0.043716311515	-0.00388832136098	-0.0641112207889	0.0477927139033	-0.115772123594	-0.00508038977545	0.0390814121558	0.0160417180912	-0.086139345661	0.0798504235999	-0.0197418006089	-0.0813884106381	-0.0833125583656	-0.0483904755511	-0.0921652625185	-0.107588712364	-0.110724143135	0.0372959321955	-0.0334283391767	-0.0161175560123	-0.087508755801	0.0916240696623	-0.0245744572355	-0.0368876776842	0.0490253210119	-0.136282170256	-0.155530277278	-0.132768201727	0.0131528765141	0.103203464029
k__Bacteria;p__Bacteroidetes;c__Bacteroidia;o__Bacteroidales;f__Bacteroidaceae;g__Bacteroides;s__Bacteroides_salyersiae	0.006185931477	-0.161581884637	-0.0311767470278	-0.048036015361	-0.0976224355111	-0.0392774332536	0.0247199754543	0.00765530652155	-0.0606339106535	0.0613072972337	0.0327293997206	-0.0550130644172	-0.0815118528794	-0.0789403759597	0.00348471658909	-0.0208027764011	0.1122637638	-0.0858016368341	0.00183320458378	-0.0328450718816	1.0	0.00800086146707	-0.0833266927875	-0.0930580828989	-0.0674251659263	-0.0539372291164	-0.0940641125857	-0.111180140122	-0.0346961692824	0.029778223049	0.0375476340815	-0.109477923376	-0.0389665041646	0.00745503217258	-0.0259138077273	-0.196094580303	-0.180775704859	-0.0052833810792	0.0414376020919	-0.158563753113	-0.115557529222	-0.03358197234	-0.202711858972	-0.0269270391271	-0.0609411542415	0.0285649973147	-0.0725200843209	0.0253914665172	-0.0668588208783	0.0632413959154	0.0645890079987	-0.0945771798492	-0.0377651941912	-0.0201219804808	-0.0819937848453	0.0236995336478	0.0163243492994	-0.0783314681924	-0.017313617007
k__Bacteria;p__Firmicutes;c__Clostridia;o__Clostridiales;f__Ruminococcaceae;g__Ruminiclostridium;s__[Eubacterium]_siraeum	0.0426566745769	-0.10870180885	-0.12603583439	-0.0351878159233	-0.0263833735558	-0.068421673586	-0.0760574776118	-0.00624275271717	-0.135979430583	-0.105588665723	0.0127093810872	-0.0464450614782	-0.120468898811	0.0550051430463	0.00187097914983	-0.0298961301987	0.0532111315614	-0.0889138307444	0.00312601416894	-0.013356330882	0.00800086146707	1.0	0.0712693912719	-0.162717741966	0.0606780383231	0.0615062080953	0.0629697099799	-0.079150738479	0.0131203659606	-0.0993617373328	-0.0235293752403	0.0965897829715	-0.0244325472352	-0.0266291562177	-0.0640476067452	0.0171937809409	-0.11906246371	-0.106781863153	-0.101820979051	0.0784965504148	-0.0145965157083	-0.0324509909742	-0.0190993277991	-0.02366157914	-0.10201976959	0.0185124950986	-8.86316621996e-05	-0.053840444568	-0.0299685750639	-0.0263435271529	0.0452309255546	0.0124557173867	-0.0483031606899	-0.0778308788997	-0.114181745878	0.0101843886429	0.109054617229	0.00152367622796	-0.201229161153
k__Bacteria;p__Proteobacteria;c__Betaproteobacteria;o__Burkholderiales;f__Sutterellaceae;g__Parasutterella;s__Parasutterella_excrementihominis	-0.0978738150676	0.0543230965823	-0.0159992311869	0.00913187491686	-0.0546816839379	-0.108548205019	-0.00409669372519	-0.172417540614	-0.0502464115586	-0.0294761284187	0.0533996897067	-0.00483354472236	-0.129996917674	0.0264235355347	-0.0655545350383	-0.00145046916186	-0.126443776196	-0.0103255698314	0.192561668519	-0.0161443786524	-0.0833266927875	0.0712693912719	1.0	0.0176764283919	-0.0188230474813	-0.0610022290596	-0.0681553243396	0.151579453141	-0.0753197793855	0.0100534829321	0.0174597880159	0.0120536961989	-0.0150097480811	-0.0267195902834	-0.0172368008933	-0.0423313512163	-0.151352021899	-0.124517623458	-0.00643708179087	-0.0274396556646	0.0108247000972	-0.0540034463442	-0.0793802794063	-0.126520409868	0.00669480973857	0.0257764412035	-0.00782304609109	0.00671888858118	-0.0657169690006	-0.12375089033	-0.0420181931063	-0.0288909809862	-0.0679304760344	-0.0699992093585	-0.163468090906	-0.0724000166554	-0.0421573725653	-0.170223376176	0.0307058468707
k__Bacteria;p__Actinobacteria;c__Actinobacteria;o__Bifidobacteriales;f__Bifidobacteriaceae;g__Bifidobacterium;s__Bifidobacterium_adolescentis	-0.0970575762101	0.0227952609094	-0.0234139980901	0.0800280650008	0.222603140401	-0.0525458533057	0.0239275806473	0.0199028931719	-0.0303819936397	0.0152504720017	-0.0562148317605	-0.0988990484843	-0.00183090381043	-0.0838573975287	0.0239716815165	-0.0390664174054	-0.0121234332097	-0.0479231877068	-0.132501731786	0.0101378980951	-0.0930580828989	-0.162717741966	0.0176764283919	1.0	0.00036053265801	-0.0725116104467	0.0434776863596	-0.0622995662744	-0.132222733815	0.011791765039	-0.135364842509	-0.105826569617	-0.0558823667534	-0.000299987939696	0.0587274918673	0.0383256609377	0.0384433447056	0.0602771889418	-0.0715269580826	-0.113513060636	-0.116751697012	-0.0545102015873	0.0157625668487	0.0105539785633	-0.0364218377743	0.0376417924629	-0.00738683818023	0.0363630239424	0.0127937500759	-0.113115637047	-0.0554529468652	0.151461342996	-0.116290003408	-0.189988323235	-0.0249433586674	-0.091562296049	-0.0811685469788	-0.0223497792735	0.0734263058623
k__Bacteria;p__Firmicutes;c__Clostridia;o__Clostridiales;f__Oscillospiraceae;g__Oscillibacter;s__Oscillibacter_sp._KLE_1745	0.105278212994	-0.0067452370939	-0.129949557701	-0.0334096839309	-0.0660801431984	0.0717093782156	0.00154669820025	-0.0398679760316	-0.049194490741	0.0293033478758	-0.123213043732	-0.0241167750223	0.0290264069394	-0.0213210118432	-0.00807058532341	0.0260284379611	0.0422986571838	-2.42829055136e-05	-0.078468443367	-0.106914611052	-0.0674251659263	0.0606780383231	-0.0188230474813	0.00036053265801	1.0	-0.0215481789369	-0.00586705590355	-0.0323856389272	-0.0778631200225	-0.00390164331448	-0.0949198643506	-0.0121284917067	-0.0574525379502	0.10607002008	-0.0355039732926	-0.0618625209871	-0.0262385815494	-0.00790521863057	-0.0742910440355	-0.0424239471258	0.0243011737632	-0.0666335852346	0.0426856817275	0.00790852393386	-0.0862670697378	0.061217263752	-0.0437406092696	-0.122925916233	-0.176986267231	0.00608094557287	-0.0193611932218	-0.0482187918074	-0.0727697315733	-0.0817446134479	-0.0301685644103	-0.00579907701462	0.0396597597958	-0.05468447279	-0.00725225003243
k__Bacteria;p__Bacteroidetes;c__Bacteroidia;o__Bacteroidales;f__Bacteroidaceae;g__Bacteroides;s__Bacteroides_coprophilus	-0.0281106776194	-0.146348855043	0.0521965235118	0.0766286932309	-0.0656933969724	-0.0413952173935	-0.0375749882896	0.0683248309109	-0.0351629122267	0.0178722286956	-0.0138658029713	0.0385487151012	-0.0369764907714	-0.0226763937194	-0.00584697892135	-0.104433775549	0.0594522022276	-0.078663675604	-0.115814307648	-0.0787511286947	-0.0539372291164	0.0615062080953	-0.0610022290596	-0.0725116104467	-0.0215481789369	1.0	-0.0104227751718	-0.0264094734025	0.00244075412032	0.0243210132404	0.0996883233914	-0.0624806148207	-0.0588985931157	-0.051352231559	-0.0529100290589	-0.0155179264952	0.0149412520798	-0.00820785162936	-0.0657671510217	-0.132735121941	0.0659741294044	0.0692911899188	0.0607162171374	0.0469353230706	-0.0109256361138	-0.0432344670191	-0.00523444739069	0.0854125360955	0.0230438310445	-0.0352649709059	-0.0763494238188	-0.131203279434	-0.133271230914	0.0362356071218	-0.00500093728763	0.00215577366472	-0.0828078289915	-0.0948543970054	-0.0494771490703
k__Bacteria;p__Firmicutes;c__Clostridia;o__Clostridiales;f__Lachnospiraceae;g__Roseburia;s__Roseburia_intestinalis	0.0151891926729	-0.0611750208885	-0.0315321729167	-0.0628607054028	-0.0360666514131	-0.0948863475092	0.0525610000096	-0.00858145712885	0.0329310242102	-0.00478105217106	-0.0612879098159	-0.0547192930144	-0.0931637048754	-0.0173188928653	-0.0616698084784	0.0416672864422	0.0804967259392	-0.0399425421359	-0.0404037718854	-0.0344240004252	-0.0940641125857	0.0629697099799	-0.0681553243396	0.0434776863596	-0.00586705590355	-0.0104227751718	1.0	-0.0476887349114	0.0889608911198	-0.0017058591888	0.0398369639196	-0.0699598769611	-0.127877452465	-0.00809269951165	-0.192346364519	-0.0171824885381	-0.0725010554394	0.0804794323653	-0.0613662143691	-0.0527943593121	-0.0296575811405	-0.118113712152	0.0223694241187	-0.0296490655981	-0.0544215813136	0.0550200133374	-0.0358697034037	0.0375190215492	-0.0453464145851	0.107484237915	-0.0325801422639	-0.0120421953283	-0.0206668698948	-0.0526882174405	-0.124203192034	0.00265658177665	-0.151800782635	0.049312340164	0.0928809262109
k__Bacteria;p__Firmicutes;c__Clostridia;o__Clostridiales;f__Lachnospiraceae;g__Roseburia;s__Roseburia_hominis	-0.0560689357162	0.00640476960712	-0.0260700903128	-0.110491172061	-0.0047777800384	-0.0694242208949	0.0957856258783	-0.0744701271997	-0.0191737670555	-0.0609389771851	-0.138600240456	-0.00457615928513	0.0581208873482	-0.0832077507289	0.0265841616245	-0.0508642064078	-0.0111601590726	-0.0465111793135	0.020224646031	0.00441809114997	-0.111180140122	-0.079150738479	0.151579453141	-0.0622995662744	-0.0323856389272	-0.0264094734025	-0.0476887349114	1.0	0.040106504367	-0.046955554691	-0.0983825965421	-0.0552573378226	0.0341364283614	-0.0465633560699	-0.0225155776526	-0.0240579714617	-0.119815434467	-0.0527711209998	0.0178247790429	-0.0476573350117	-0.0584720258337	0.0484757051644	-0.0442555610131	-0.0308661783799	-0.104319160974	-0.02261040485	-0.040220634791	0.00189984023175	-0.0564498196329	0.031099141765	-0.0327856553494	0.0490364766096	0.0324692796409	-0.1007030573	-0.0363469644384	0.013522597985	0.0056934888641	0.0024274451784	0.0204784309313
k__Bacteria;p__Bacteroidetes;c__Bacteroidia;o__Bacteroidales;f__Porphyromonadaceae;g__Parabacteroides;s__Parabacteroides_johnsonii	-0.0161192103183	-0.134866011245	0.031272689538	-0.0823466052974	-0.0139475386692	0.122186492681	0.00615334615349	-0.14761337638	0.00399082093156	0.0893013259659	-0.0442931891606	-0.0540272938674	-0.00189449313653	-0.222210209299	0.027534144977	-0.0556576273831	0.109574079526	-0.0475737694465	0.0100348828807	-0.0928457544018	-0.0346961692824	0.0131203659606	-0.0753197793855	-0.132222733815	-0.0778631200225	0.00244075412032	0.0889608911198	0.040106504367	1.0	-0.0437490641567	-0.00402261130524	-0.0624202047374	-0.0957748457542	-0.0955514228341	-0.131773229743	-0.0470085701511	0.0327093996607	-0.00579873865238	-0.0915263026668	-0.0416831141111	-0.005959588505	-0.0242793910569	-0.0662604008713	-0.0446284530909	-0.0945486212885	-0.0720521625754	0.0453380042159	0.00585252055799	-0.0821256978977	0.0626291183514	-0.0559981894955	-0.0659445029474	0.00278623849402	-0.140554328387	-0.153796655503	0.0163097377224	-0.0434908479151	0.00782087320582	-0.0987427144918
k__Bacteria;p__Actinobacteria;c__Actinobacteria;o__Bifidobacteriales;f__Bifidobacteriaceae;g__Bifidobacterium;s__Bifidobacterium_longum	-0.00336940850407	0.150215840098	-0.164541094841	-0.0360146773041	-0.0211618033221	-0.0617265500623	-0.0321079936005	-0.0693378554593	0.100106830562	-0.021723580445	-0.11120544703	-0.174020311839	-0.0962606147264	-0.0351620690667	-0.0514075645986	-0.00929325731616	-0.0555507327563	-0.055005963347	-0.0249471346908	-0.043716311515	0.029778223049	-0.0993617373328	0.0100534829321	0.011791765039	-0.00390164331448	0.0243210132404	-0.0017058591888	-0.046955554691	-0.0437490641567	1.0	-0.00351854495325	-0.0919361354444	-0.0642993645338	0.0423118298172	-0.0240459744161	0.0566473600257	-0.0213102794962	-0.060761077252	-0.0445483864259	-0.11224309265	0.0174022747576	-0.021054895055	-0.0715596108504	-0.0527233018398	-0.0340941005831	-0.114064978228	-0.0585697232476	0.129819484068	0.0591481090093	-0.118582840385	-0.0676738278824	-0.0819063782314	-0.0466644165145	-0.066008626334	0.0490299042693	-0.0591472336278	-0.0378355614778	-0.0418547953972	-0.051215382385
