#taxonomy	k__Bacteria;p__Bacteroidetes;c__Bacteroidia;o__Bacteroidales;f__Bacteroidaceae;g__Bacteroides;s__Bacteroides_vulgatus	k__Bacteria;p__Bacteroidetes;c__Bacteroidia;o__Bacteroidales;f__Bacteroidaceae;g__Bacteroides;s__Bacteroides_uniformis	k__Bacteria;p__Bacteroidetes;c__Bacteroidia;o__Bacteroidales;f__Rikenellaceae;g__Alistipes;s__Alistipes_putredinis	k__Bacteria;p__Bacteroidetes;c__Bacteroidia;o__Bacteroidales;f__Prevotellaceae;g__Prevotella;s__Prevotella_copri	k__Bacteria;p__Bacteroidetes;c__Bacteroidia;o__Bacteroidales;f__Bacteroidaceae;g__Bacteroides;s__Bacteroides_stercoris	k__Bacteria;p__Bacteroidetes;c__Bacteroidia;o__Bacteroidales;f__Bacteroidaceae;g__Bacteroides;s__Bacteroides_ovatus	k__Bacteria;p__Bacteroidetes;c__Bacteroidia;o__Bacteroidales;f__Rikenellaceae;g__Alistipes;s__Alistipes_shahii	k__Bacteria;p__Firmicutes;c__Clostridia;o__Clostridiales;f__Ruminococcaceae;g__Faecalibacterium;s__Faecalibacterium_prausnitzii	k__Bacteria;p__Bacteroidetes;c__Bacteroidia;o__Bacteroidales;f__Rikenellaceae;g__Alistipes;s__Alistipes_finegoldii	k__Bacteria;p__Bacteroidetes;c__Bacteroidia;o__Bacteroidales;f__Porphyromonadaceae;g__Parabacteroides;s__Parabacteroides_distasonis	k__Bacteria;p__Bacteroidetes;c__Bacteroidia;o__Bacteroidales;f__Bacteroidaceae;g__Bacteroides;s__Bacteroides_thetaiotaomicron	k__Bacteria;p__Bacteroidetes;c__Bacteroidia;o__Bacteroidales;f__Bacteroidaceae;g__Bacteroides;s__Bacteroides_coprocola	k__Bacteria;p__Bacteroidetes;c__Bacteroidia;o__Bacteroidales;f__Bacteroidaceae;g__Bacteroides;s__Bacteroides_cellulosilyticus	k__Bacteria;p__Bacteroidetes;c__Bacteroidia;o__Bacteroidales;f__Rikenellaceae;g__Alistipes;s__Alistipes_obesi	k__Bacteria;p__Firmicutes;c__Clostridia;o__Clostridiales;f__Lachnospiraceae;g__;s__[Eubacterium]_rectale	k__Bacteria;p__Bacteroidetes;c__Bacteroidia;o__Bacteroidales;f__Bacteroidaceae;g__Bacteroides;s__Bacteroides_plebeius	k__Bacteria;p__Bacteroidetes;c__Bacteroidia;o__Bacteroidales;f__Bacteroidaceae;g__Bacteroides;s__Bacteroides_fragilis	k__Bacteria;p__Proteobacteria;c__Betaproteobacteria;o__Burkholderiales;f__Sutterellaceae;g__Sutterella;s__Sutterella_wadsworthensis	k__Bacteria;p__Bacteroidetes;c__Bacteroidia;o__Bacteroidales;f__Porphyromonadaceae;g__Barnesiella;s__Barnesiella_intestinihominis	k__Bacteria;p__Bacteroidetes;c__Bacteroidia;o__Bacteroidales;f__Odoribacteraceae;g__Odoribacter;s__Odoribacter_splanchnicus	k__Bacteria;p__Bacteroidetes;c__Bacteroidia;o__Bacteroidales;f__Bacteroidaceae;g__Bacteroides;s__Bacteroides_salyersiae	k__Bacteria;p__Firmicutes;c__Clostridia;o__Clostridiales;f__Ruminococcaceae;g__Ruminiclostridium;s__[Eubacterium]_siraeum	k__Bacteria;p__Proteobacteria;c__Betaproteobacteria;o__Burkholderiales;f__Sutterellaceae;g__Parasutterella;s__Parasutterella_excrementihominis	k__Bacteria;p__Actinobacteria;c__Actinobacteria;o__Bifidobacteriales;f__Bifidobacteriaceae;g__Bifidobacterium;s__Bifidobacterium_adolescentis	k__Bacteria;p__Firmicutes;c__Clostridia;o__Clostridiales;f__Oscillospiraceae;g__Oscillibacter;s__Oscillibacter_sp._KLE_1745	k__Bacteria;p__Bacteroidetes;c__Bacteroidia;o__Bacteroidales;f__Bacteroidaceae;g__Bacteroides;s__Bacteroides_coprophilus	k__Bacteria;p__Firmicutes;c__Clostridia;o__Clostridiales;f__Lachnospiraceae;g__Roseburia;s__Roseburia_intestinalis	k__Bacteria;p__Firmicutes;c__Clostridia;o__Clostridiales;f__Lachnospiraceae;g__Roseburia;s__Roseburia_hominis	k__Bacteria;p__Bacteroidetes;c__Bacteroidia;o__Bacteroidales;f__Porphyromonadaceae;g__Parabacteroides;s__Parabacteroides_johnsonii	k__Bacteria;p__Actinobacteria;c__Actinobacteria;o__Bifidobacteriales;f__Bifidobacteriaceae;g__Bifidobacterium;s__Bifidobacterium_longum	k__Bacteria;p__Firmicutes;c__Clostridia;o__Clostridiales;f__;g__Flavonifractor;s__Flavonifractor_plautii	k__Bacteria;p__Firmicutes;c__Clostridia;o__Clostridiales;f__Clostridiaceae;g__Clostridium;s__Clostridium_phoceensis	k__Bacteria;p__Verrucomicrobia;c__Verrucomicrobiae;o__Verrucomicrobiales;f__Akkermansiaceae;g__Akkermansia;s__Akkermansia_muciniphila	k__Bacteria;p__Bacteroidetes;c__Bacteroidia;o__Bacteroidales;f__Prevotellaceae;g__Paraprevotella;s__Paraprevotella_xylaniphila	k__Bacteria;p__Firmicutes;c__Clostridia;o__Clostridiales;f__Ruminococcaceae;g__Ruminococcus;s__Ruminococcus_callidus	k__Bacteria;p__Bacteroidetes;c__Bacteroidia;o__Bacteroidales;f__Rikenellaceae;g__Alistipes;s__Alistipes_senegalensis	k__Bacteria;p__Firmicutes;c__Clostridia;o__Clostridiales;f__Lachnospiraceae;g__Blautia;s__Blautia_sp._KLE_1732	k__Bacteria;p__Bacteroidetes;c__Bacteroidia;o__Bacteroidales;f__Bacteroidaceae;g__Bacteroides;s__Bacteroides_oleiciplenus	k__Bacteria;p__Firmicutes;c__Clostridia;o__Clostridiales;f__Ruminococcaceae;g__Ruminococcus;s__Ruminococcus_bicirculans	k__Bacteria;p__Bacteroidetes;c__Bacteroidia;o__Bacteroidales;f__Bacteroidaceae;g__Bacteroides;s__Bacteroides_fluxus	k__Bacteria;p__Bacteroidetes;c__Bacteroidia;o__Bacteroidales;f__Prevotellaceae;g__Prevotella;s__Prevotella_stercorea	k__Bacteria;p__Firmicutes;c__Clostridia;o__Clostridiales;f__Lachnospiraceae;g__Dorea;s__Dorea_longicatena	k__Bacteria;p__Firmicutes;c__Clostridia;o__Clostridiales;f__Eubacteriaceae;g__Eubacterium;s__[Eubacterium]_eligens	k__Bacteria;p__Firmicutes;c__Clostridia;o__Clostridiales;f__Ruminococcaceae;g__;s__Ruminococcaceae_bacterium_D16	k__Bacteria;p__Firmicutes;c__Clostridia;o__Clostridiales;f__Lachnospiraceae;g__Coprococcus;s__Coprococcus_comes	k__Bacteria;p__Proteobacteria;c__Gammaproteobacteria;o__Enterobacterales;f__Enterobacteriaceae;g__Escherichia;s__Escherichia_coli	k__Bacteria;p__Firmicutes;c__Clostridia;o__Clostridiales;f__Ruminococcaceae;g__Anaerotruncus;s__Anaerotruncus_colihominis	k__Bacteria;p__Firmicutes;c__Clostridia;o__Clostridiales;f__Lachnospiraceae;g__Blautia;s__Blautia_obeum	k__Bacteria;p__Bacteroidetes;c__Bacteroidia;o__Bacteroidales;f__Odoribacteraceae;g__Odoribacter;s__Odoribacter_laneus	k__Bacteria;p__Firmicutes;c__Clostridia;o__Clostridiales;f__Ruminococcaceae;g__Ruminiclostridium;s__[Clostridium]_leptum	k__Bacteria;p__Bacteroidetes;c__Bacteroidia;o__Bacteroidales;f__Porphyromonadaceae;g__Parabacteroides;s__Parabacteroides_goldsteinii	k__Bacteria;p__Firmicutes;c__Clostridia;o__Clostridiales;f__Lachnospiraceae;g__Anaerostipes;s__Anaerostipes_hadrus	k__Bacteria;p__Firmicutes;c__Clostridia;o__Clostridiales;f__Ruminococcaceae;g__Ruminococcus;s__Ruminococcus_lactaris	k__Bacteria;p__Firmicutes;c__Clostridia;o__Clostridiales;f__Clostridiaceae;g__Clostridium;s__Clostridium_sp._L2-50	k__Bacteria;p__Firmicutes;c__Clostridia;o__Clostridiales;f__Clostridiaceae;g__Clostridium;s__Clostridium_sp._M62/1	k__Bacteria;p__Firmicutes;c__Clostridia;o__Clostridiales;f__;g__Intestinimonas;s__Intestinimonas_butyriciproducens	k__Bacteria;p__Actinobacteria;c__Actinobacteria;o__Bifidobacteriales;f__Bifidobacteriaceae;g__Bifidobacterium;s__Bifidobacterium_bifidum	k__Bacteria;p__Firmicutes;c__Negativicutes;o__Veillonellales;f__Veillonellaceae;g__Dialister;s__Dialister_invisus	k__Bacteria;p__Bacteroidetes;c__Bacteroidia;o__Bacteroidales;f__Bacteroidaceae;g__Bacteroides;s__Bacteroides_salanitronis
k__Bacteria;p__Bacteroidetes;c__Bacteroidia;o__Bacteroidales;f__Bacteroidaceae;g__Bacteroides;s__Bacteroides_vulgatus	1.0	-0.0500063234628	0.101670882022	0.0897389222875	0.061159083665	0.091968015552	-0.0343244003497	0.0180212088272	0.0172205724528	0.075822324054	0.0165535987334	-0.00503859788676	0.022669622971	-0.024032616196	-0.0615811293303	-0.0250397543872	0.0159692602008	-0.0107457283126	-0.0208753171423	-0.0164940781543	-0.0212924867257	0.147554427828	-0.0551969397737	0.0911243533469	0.0819112418772	0.0649858437416	-0.130441844017	-0.0823457390637	-0.0158545342038	0.00173853486909	-0.0810819087209	-0.0747264434545	-0.0732668626879	-0.00535919393538	-0.0495015250725	-0.0941551026184	-0.0930284110916	-0.0304239237413	-0.0667975336388	-0.11460545355	-0.0659112004452	-0.0269529359193	-0.0238436131891	-0.113220282434	0.108017566	0.101361776088	0.061138886655	0.049910612789	-0.0501356817871	-0.0462545347511	-0.00887431564344	-0.0289347487181	-0.113874312057	-0.107982567357	-0.0768386035946	0.0364188589503	-0.0584582942209	-0.114500169988	-0.0801714871704
k__Bacteria;p__Bacteroidetes;c__Bacteroidia;o__Bacteroidales;f__Bacteroidaceae;g__Bacteroides;s__Bacteroides_uniformis	-0.0500063234628	1.0	-0.0612325591931	-0.0134065828727	0.0344602141877	-0.0423627907375	-0.124197504368	0.0043303729448	0.116028135107	-0.0766396472637	-0.0880560290801	-0.126892527734	-0.0375136646713	0.00470881587619	-0.0297656707118	0.0671565302294	-0.0326526878094	-0.0893513770818	-0.0481698587006	-0.00445221643259	-0.140319280685	-0.00124848228922	0.0251439597316	0.00248944555548	-0.0500491191502	0.0389020576465	0.241445774659	-0.0148526579964	-0.0608845921518	0.0479956577766	0.126450452839	-0.119650356775	-0.0886721515395	-0.156415451474	-0.0865703560609	-0.0262316333814	-0.0110171144294	-0.0633229586533	-0.0581081794069	-0.027857026922	-0.0300561984475	-0.10010182893	0.0109588746695	0.065726259625	0.101507619857	-0.00851055445544	0.021314264836	-0.0307079207259	-0.0482214728555	-0.0628227913549	0.0246867521449	-0.102763683302	-0.117118553247	-0.0914886633573	0.0262466516294	-0.0602247757256	-0.0488480822321	0.0459742098994	-0.0167488267081
k__Bacteria;p__Bacteroidetes;c__Bacteroidia;o__Bacteroidales;f__Rikenellaceae;g__Alistipes;s__Alistipes_putredinis	0.101670882022	-0.0612325591931	1.0	-0.0587825412872	-0.0307104900003	-0.100878755002	-0.0259662334463	0.0401148502824	-0.048790645367	0.0448292181076	-0.0494497298124	-0.0659495129484	-0.0834722687282	-0.0874094956726	0.055643777704	-0.0365949796293	-0.0437070418928	-0.020208895272	-0.0953973047671	-0.0264936540179	-0.0107857214366	0.00622482000376	-0.0250148272122	0.0541955976894	0.0130240179631	-0.028122685933	-0.0590317666391	-0.0161833899975	-0.0413254946046	0.0217090031111	-0.010146475198	-0.0927064326987	0.0806483044369	-0.0278809146419	0.00311201413876	-0.0654740751348	0.0530002969823	-0.078996794193	-0.00993522792806	-0.105433412974	0.0450258026701	0.132231338861	-0.107373187186	-0.0526154705693	0.0377474042739	-0.104821914869	-0.0567699420789	-0.0555044023112	-0.101471970243	-0.11529326131	-0.171255364527	-0.0824700072868	0.0462261784052	-0.0196351503901	0.0442090353321	-0.0597068237526	-0.0601596304339	0.00361018113337	-0.0928804337862
k__Bacteria;p__Bacteroidetes;c__Bacteroidia;o__Bacteroidales;f__Prevotellaceae;g__Prevotella;s__Prevotella_copri	0.0897389222875	-0.0134065828727	-0.0587825412872	1.0	-0.0247158166824	-0.0310609586509	-0.0843976747138	0.0059405759101	-0.0142996918352	-0.0698927416492	-0.136422496803	0.00172284154503	-0.0331556857879	-0.0435534115909	-0.0214882799095	0.0328170180217	-0.1015997377	0.0546301123061	-0.0380042274164	-0.0425917576225	-0.0299042841316	-0.0724396122418	0.0533903606983	-0.0322852713477	-0.0970188034064	-0.169093169119	-0.0810901409959	0.0402325970844	0.115688152958	-0.00466150093842	-0.0348534936684	0.0774388801214	-0.12458318636	-0.0228808874312	0.06267061472	-0.0451643477218	-0.152593268238	0.014355387149	-0.0481893813804	-0.0078463150793	-0.135379999415	-0.0390002045019	0.098532781474	-0.0444833378937	0.0505250201142	-0.0639951340827	0.0500075504628	-0.015076037588	0.0686730998239	-0.0170841277799	-0.059080672662	-0.0655335554494	0.0344933063527	0.0152490129765	0.0627646230749	-0.0116850432569	-0.0961882414176	-0.0223460010807	0.0383903708442
k__Bacteria;p__Bacteroidetes;c__Bacteroidia;o__Bacteroidales;f__Bacteroidaceae;g__Bacteroides;s__Bacteroides_stercoris	0.061159083665	0.0344602141877	-0.0307104900003	-0.0247158166824	1.0	0.074514219394	-0.0990629597181	0.106415981145	-0.0768154430653	-0.035953719148	-0.0381266083412	-0.0905680070273	-0.0208600967979	-0.125349016042	-0.0116928985698	-0.0733032882317	-0.161588260844	-0.0706214459046	0.01716703669	-0.0983848987057	0.0418694166247	-0.121638803455	0.0617332264402	0.0144292567593	-0.188331571092	0.0316203975759	-0.0252404520601	-0.15270095257	-0.0153782514316	0.0361001784615	-0.109031470634	0.0454089937777	-0.0916934630946	-0.00717407487098	-0.0329500045438	-0.107706549482	0.0100869735862	-0.0127922722517	-0.0586881459748	-0.176008866138	0.0312695523087	-0.0360581403044	-0.0917650437211	0.0212378530399	0.0841389943036	-0.0414556075083	-0.109143402222	0.0371265918674	0.0159908251291	0.0623748229935	0.0506235263311	0.0256720596794	-0.108821796471	-0.121562860553	-0.0417665914296	-0.0725874280775	-0.0440583498612	-0.0561649168942	0.0744246085489
k__Bacteria;p__Bacteroidetes;c__Bacteroidia;o__Bacteroidales;f__Bacteroidaceae;g__Bacteroides;s__Bacteroides_ovatus	0.091968015552	-0.0423627907375	-0.100878755002	-0.0310609586509	0.074514219394	1.0	-0.11485024142	-0.172627669401	-0.0130778911506	0.00196167347846	-0.259630692884	-0.1068016006	-0.0183571349866	0.0417721956533	-0.0565126542412	-0.0409338833882	0.103665215081	0.0729438334218	-0.00241055608534	0.0405563105608	-0.11677502027	-0.0488044735385	-0.0350545124649	-0.0784106616539	0.0415074008619	-0.0354011397309	0.012956619371	-0.110676624225	0.0200385906656	-0.105259083968	-0.0411252443255	-0.0093367165597	-0.0609011003656	-0.0183313299745	0.0108827768183	-0.0963250058622	0.0344344101243	-0.0591641527481	0.00441183186218	0.0372943733652	0.0280901147686	-0.0305629118633	-0.0747661799889	0.0502177175672	0.0646973055058	0.0370298387414	-0.051104823638	-0.00311398735145	-0.0513176296907	0.0119987563304	-0.0749344134363	-0.0841039571898	-0.0357468089435	0.0516653210713	0.068119967513	-0.0689107211111	-0.0706091632301	-0.0134223754607	-0.196108226955
k__Bacteria;p__Bacteroidetes;c__Bacteroidia;o__Bacteroidales;f__Rikenellaceae;g__Alistipes;s__Alistipes_shahii	-0.0343244003497	-0.124197504368	-0.0259662334463	-0.0843976747138	-0.0990629597181	-0.11485024142	1.0	0.0761269761655	-0.0235480642342	-0.0149983033725	0.0101058781445	0.0317116606156	-0.0588555760686	-0.0678176071461	-0.0294888416217	-0.0155414305666	0.0353132396659	-0.0558851665043	-0.0686293604483	-0.000819835136724	-0.0153570035094	-0.106248201239	-0.0501848767979	-0.0281903326518	0.0216784987599	-0.0910759887333	-0.015145701594	0.0226268938824	-0.149299789701	-0.157872140707	-0.128391549696	-0.0207491932271	0.0111188254009	0.112419466057	-0.0860871100876	0.00663322570537	-0.0528004347496	0.160619865222	-0.0589566814492	0.00624616312193	-0.019870325267	-0.0952508805722	-0.084262130646	-0.141619656828	-0.102257282993	0.0585582201966	-0.0802201291625	-0.0939013410114	-0.0408176313819	-0.0856858148048	-0.124277937092	0.0422841963134	-0.0281713982529	0.0649414216738	-0.0452502704034	-0.087167258257	0.010500242923	-0.02218694282	0.0612554651798
k__Bacteria;p__Firmicutes;c__Clostridia;o__Clostridiales;f__Ruminococcaceae;g__Faecalibacterium;s__Faecalibacterium_prausnitzii	0.0180212088272	0.0043303729448	0.0401148502824	0.0059405759101	0.106415981145	-0.172627669401	0.0761269761655	1.0	0.0527752125947	-0.0405353396684	0.0351681894148	0.0420670261678	0.0791005389655	-0.0768920797052	-0.100062498597	0.134363093545	0.0137498739095	0.0202551978121	-0.100313995901	-0.0189510983725	-0.0587392620474	-0.142155436441	-0.0407640525678	0.131545242733	-0.0204647944125	0.0376347372894	0.0356565493241	-0.185293193725	-0.133377071529	0.141563513569	-0.0731612595973	0.105341431316	0.019175424906	-0.0212179454414	-0.151956137686	0.00284631729949	-0.0578362307286	-0.0991505225965	-0.106621335189	-0.0826325331098	-0.0909077378676	0.034080973744	-0.0281842241282	0.0876462651011	-0.0958087268831	-0.0612027741063	-0.15802470038	-0.161958591763	-0.058065848141	0.00778337003821	0.0740364823712	-0.0525280913668	-0.0379464613683	0.15723784825	-0.121621932602	-0.0356309448569	-0.000912884079446	-0.0682521349556	-0.0161144513459
k__Bacteria;p__Bacteroidetes;c__Bacteroidia;o__Bacteroidales;f__Rikenellaceae;g__Alistipes;s__Alistipes_finegoldii	0.0172205724528	0.116028135107	-0.048790645367	-0.0142996918352	-0.0768154430653	-0.0130778911506	-0.0235480642342	0.0527752125947	1.0	-0.0749693748355	-0.0983157566177	-0.0279360543466	0.0189673559591	0.134411138573	0.0342209504447	-0.0448713511953	-0.0910072641831	-0.0294389853242	-0.0367813845269	0.0270931095446	-0.0555465351116	-0.0863339148434	-0.112402437799	-0.0781570077087	0.0337928832654	0.02138237015	-0.0738157224597	-0.0188335575622	-0.0769898348975	-0.10390943643	0.01859583466	-0.0097456906049	-0.105428183639	0.056497387125	-0.0802460150038	-0.117675105052	0.0770313667501	-0.0472672506976	-0.104735511655	-0.0680526381008	-0.0290207142731	0.0793660182501	-0.00317458688152	-0.0236184331778	-0.0183831934943	-0.00147100935228	-0.13485028624	-0.105133865724	-0.0632907940433	0.0512181124556	-0.0446980890849	-0.0691897152097	-0.0692012430936	0.0704319505466	-0.0318517534319	-0.0211887117185	0.0211124712083	0.0244394550291	0.0635360117121
k__Bacteria;p__Bacteroidetes;c__Bacteroidia;o__Bacteroidales;f__Porphyromonadaceae;g__Parabacteroides;s__Parabacteroides_distasonis	0.075822324054	-0.0766396472637	0.0448292181076	-0.0698927416492	-0.035953719148	0.00196167347846	-0.0149983033725	-0.0405353396684	-0.0749693748355	1.0	-0.0144525197088	-0.0874610617013	0.0357471005842	0.0168394731711	-0.072306677079	-0.0547647455205	0.00550830679978	-0.0871535332865	-0.0353239631274	0.00235580807115	0.0800163192308	0.0395896886925	-0.15684754226	0.0618099181736	-0.0208932988752	-0.075537117419	-0.0166180959173	0.0200434669986	-0.0507696038599	0.0303619175793	0.0181463255616	0.0803133950999	-0.016588289316	-0.0532040170139	-0.0795867131145	-0.0771691588692	-0.0653564967979	-0.040529649258	-0.0192375166647	-0.00737698203454	-0.0739024237245	0.101844152908	-0.0701224616144	-0.0771559621659	-0.0286004026667	-0.0681185879256	0.0963589124045	-0.0330173011024	-0.0463558375272	-0.0711608538859	-0.196555453304	-0.0153409552266	-0.00815465103003	0.0240446542754	-0.00381616069176	0.00963778134457	0.0129162826343	-0.0333116550856	-0.0481092651328
k__Bacteria;p__Bacteroidetes;c__Bacteroidia;o__Bacteroidales;f__Bacteroidaceae;g__Bacteroides;s__Bacteroides_thetaiotaomicron	0.0165535987334	-0.0880560290801	-0.0494497298124	-0.136422496803	-0.0381266083412	-0.259630692884	0.0101058781445	0.0351681894148	-0.0983157566177	-0.0144525197088	1.0	0.00666227717351	0.0802201222587	-0.059867162295	0.00701404181536	0.0505577193239	-0.0335778604692	0.0326776814232	-0.00359645728266	-0.0312438359031	-0.0134995788166	0.0365237064542	-0.0478210958678	-0.0592429806507	0.108062879151	0.0588947884769	0.0149645817748	-0.0418682337169	0.0245702397472	-0.0879281477904	-0.0752516915622	-0.148979585023	-0.0263789221649	-0.123212364608	0.0447900168509	0.00421604671722	-0.144727341586	-0.0312348350451	-0.143030725607	-0.0674376839642	-0.0537477360998	-0.0117108660983	-0.040984831698	-0.0909610986312	-0.149935721589	0.0616341918076	-0.130440037113	0.0114790165332	-0.156398012271	-0.0866179626292	-0.0189567698715	0.0012075835297	-0.10691746487	-0.0515777616301	-0.0495861877674	-0.0820895173341	-0.082612237204	0.0152851405703	0.000779219796078
k__Bacteria;p__Bacteroidetes;c__Bacteroidia;o__Bacteroidales;f__Bacteroidaceae;g__Bacteroides;s__Bacteroides_coprocola	-0.00503859788676	-0.126892527734	-0.0659495129484	0.00172284154503	-0.0905680070273	-0.1068016006	0.0317116606156	0.0420670261678	-0.0279360543466	-0.0874610617013	0.00666227717351	1.0	-0.0422913875705	-0.0311021241522	-0.0018794363735	0.107114036122	-0.0225395967922	-0.0437233264237	0.11901422509	-0.117541558015	0.0232329145423	-0.094576091643	0.0230033746716	-0.133126819429	-0.0684534258964	-0.129853695736	-0.0971499769917	-0.0715908869911	-0.00782488082892	-0.0453102523251	-0.0636993909881	0.123447083943	0.0596515511854	-0.00631587335216	-0.140272869843	-0.0399851927549	-0.109798459131	-0.0577382822486	-0.040152878564	-0.0733893846349	-0.000511322026027	0.0128315409533	-0.10241668727	-0.199026793506	0.0483569702754	-0.00578533784062	-0.0860394238406	-0.0294040144765	-0.057437084737	-0.126879052777	0.0731705954992	0.0842994708361	0.144687280673	0.0349595220024	-0.0597979716217	-0.0513433702217	-0.00353048520208	0.0920661443585	-0.0169735567838
k__Bacteria;p__Bacteroidetes;c__Bacteroidia;o__Bacteroidales;f__Bacteroidaceae;g__Bacteroides;s__Bacteroides_cellulosilyticus	0.022669622971	-0.0375136646713	-0.0834722687282	-0.0331556857879	-0.0208600967979	-0.0183571349866	-0.0588555760686	0.0791005389655	0.0189673559591	0.0357471005842	0.0802201222587	-0.0422913875705	1.0	-0.0837025658627	-0.0417542068755	-0.074356309245	-0.0615531490827	-0.152239322227	-0.0983138485095	-0.0348073402669	-0.174325737893	0.0217106434809	-0.0367274030164	0.112705495958	-0.089004664176	0.0106184481945	0.095528401031	-0.0350275974128	-0.140033037053	-0.034701520701	0.023655172253	-0.0419103522012	-0.0229020524101	-0.000227815183787	0.0199563804181	-0.0443115701346	-0.131223985592	0.00379394631737	-0.0508807721196	-0.0793386139776	-0.0298133897072	-0.0688146341996	-0.0607495887757	0.0187246936395	0.13334054183	-0.0328360398389	-0.0904984105862	0.0010414286898	-0.115143272491	-0.162261021225	0.158578109846	-0.0441066110805	-0.0107623595575	-0.151371569095	-0.0411611777675	0.0093424766102	-0.0325664661106	0.0214220528661	-0.0095949370663
k__Bacteria;p__Bacteroidetes;c__Bacteroidia;o__Bacteroidales;f__Rikenellaceae;g__Alistipes;s__Alistipes_obesi	-0.024032616196	0.00470881587619	-0.0874094956726	-0.0435534115909	-0.125349016042	0.0417721956533	-0.0678176071461	-0.0768920797052	0.134411138573	0.0168394731711	-0.059867162295	-0.0311021241522	-0.0837025658627	1.0	-0.00233034564679	-0.0526903468773	0.0431693599369	0.00247291087891	0.0486976420559	0.0366272649383	-0.0316020895141	-0.0446813054877	5.85648934685e-05	-0.165220923595	-0.00117790693794	0.014586652681	-0.112699041985	-0.0805102049588	0.0100267253171	-0.163906210931	-0.0383963491438	-0.0203335281156	-0.0342065064842	0.0331786142832	-0.121747985515	0.0268906164623	-0.0403042290122	-0.16138494442	-0.0528354201469	-0.135376858825	-0.133396234834	-0.0511782771299	-0.0423509067424	0.0245499739777	-0.0835707967693	0.0450332170729	0.0329963528901	0.041801192732	0.00598039593308	-0.0635083448748	-0.0143428556987	-0.0437126563325	-0.125853786403	-0.0483101822023	-0.0430765772226	-0.0457101273326	0.00623828006703	-0.0876311781856	-0.102713218104
k__Bacteria;p__Firmicutes;c__Clostridia;o__Clostridiales;f__Lachnospiraceae;g__;s__[Eubacterium]_rectale	-0.0615811293303	-0.0297656707118	0.055643777704	-0.0214882799095	-0.0116928985698	-0.0565126542412	-0.0294888416217	-0.100062498597	0.0342209504447	-0.072306677079	0.00701404181536	-0.0018794363735	-0.0417542068755	-0.00233034564679	1.0	-0.113052660778	0.118620481313	-0.00109558149553	0.0221626899387	0.0669380233661	-0.0466452806877	-0.0276159394335	-0.097054503449	-0.0285167194296	-0.0740574632527	0.0897472630876	-0.0909824947275	-0.0142926085556	-0.0644071145122	-0.0425357737227	-0.0824516745631	-0.0394133324052	-0.00936540817102	-0.0830480265383	0.0181593816622	-0.000651777611164	0.0733743238577	-0.007884280222	0.000265245889737	-0.0737881309065	-0.0280076610951	0.151084006863	-0.0795881009897	0.0175997833589	-0.118014729996	-0.090199935825	-0.0113948277648	0.0101769755601	-0.0693825328252	0.072687913844	-0.111718769684	-0.146614828526	0.0510830612024	-0.0297901717808	-0.0407516934934	-0.0133179964312	0.115211632611	-0.112366083305	-0.108888516685
k__Bacteria;p__Bacteroidetes;c__Bacteroidia;o__Bacteroidales;f__Bacteroidaceae;g__Bacteroides;s__Bacteroides_plebeius	-0.0250397543872	0.0671565302294	-0.0365949796293	0.0328170180217	-0.0733032882317	-0.0409338833882	-0.0155414305666	0.134363093545	-0.0448713511953	-0.0547647455205	0.0505577193239	0.107114036122	-0.074356309245	-0.0526903468773	-0.113052660778	1.0	-0.0211236591939	-0.0843507897037	-0.0352115476042	-0.00782852982189	-0.00822374881581	0.0496602972818	-0.208446344516	-0.02875924518	-0.0252832942822	0.0100892025312	0.0110288053791	-0.00210096047301	-0.0978736160811	-0.0107979302097	-0.0677595490247	0.00677981240521	0.00661034528879	-0.0978708991761	-0.045685337671	-0.00836872956087	-0.0235925720564	-0.0379581935316	-0.00664149776918	-0.0190519261553	0.0908056681195	-0.0158314931418	0.0451076022775	-0.0896677923184	-0.0696452864597	-0.013039452413	-0.0332189109947	-0.00843418073062	0.000290457611208	0.0427491522979	-0.014275590179	0.0121075381101	-0.00266303456206	-0.00950243856763	-0.0837137894246	-0.0397052913546	-0.0434726597686	0.0112929761728	-0.104247404225
k__Bacteria;p__Bacteroidetes;c__Bacteroidia;o__Bacteroidales;f__Bacteroidaceae;g__Bacteroides;s__Bacteroides_fragilis	0.0159692602008	-0.0326526878094	-0.0437070418928	-0.1015997377	-0.161588260844	0.103665215081	0.0353132396659	0.0137498739095	-0.0910072641831	0.00550830679978	-0.0335778604692	-0.0225395967922	-0.0615531490827	0.0431693599369	0.118620481313	-0.0211236591939	1.0	0.0546778786743	-0.0243929869518	-0.0101443058822	-0.0038402289952	-0.0161427984267	-0.00433887193157	-0.118230081831	-0.0465459142662	0.0109254770226	-0.118262758478	-0.0496099279802	-0.0621575473633	-0.138216001845	-0.0652431664138	-0.0671180165422	0.00238350941431	-0.148265947813	-0.0586622828346	-0.0627525444598	0.019057955996	-0.0544812549089	-0.091324303103	0.0585715378859	0.0854799063628	-0.0996092518875	-0.0433678103986	-0.104592374662	-0.0599754802829	-0.0522604887752	0.00144749264386	-0.0392934137803	0.0395755333951	0.0551272529831	-0.0271298293086	0.0272676955369	0.0715938682349	-0.0638843856243	-0.0482034108596	-0.113385935993	-0.041514540252	0.0987382479708	-0.173350162686
k__Bacteria;p__Proteobacteria;c__Betaproteobacteria;o__Burkholderiales;f__Sutterellaceae;g__Sutterella;s__Sutterella_wadsworthensis	-0.0107457283126	-0.0893513770818	-0.020208895272	0.0546301123061	-0.0706214459046	0.0729438334218	-0.0558851665043	0.0202551978121	-0.0294389853242	-0.0871535332865	0.0326776814232	-0.0437233264237	-0.152239322227	0.00247291087891	-0.00109558149553	-0.0843507897037	0.0546778786743	1.0	-0.0446485556002	-0.089900600738	0.0534747198342	-0.0307722722084	-0.130759211905	-0.0613396758041	-0.0641899669433	-0.0483201538725	-0.000365876073874	-0.0738448412891	0.0329635295742	-0.128636321634	0.106792984719	0.00835511866683	-0.0665414634135	-0.105317239545	0.0134929906522	-0.0340259356942	0.0173211253104	-0.0760086033547	0.00287300976586	0.0179328959093	-0.0822883992799	-0.057678150448	-0.110153074452	-0.030002547222	-0.111280290988	-0.103256260008	0.0657667944519	-0.00233162756897	-0.103672682801	-0.0168165213259	-0.098643698958	-0.0599290170473	-0.00777515262583	0.0297521583059	-0.0214227617255	-0.0793867935464	0.0116838211095	-0.022309458181	-0.143330417072
k__Bacteria;p__Bacteroidetes;c__Bacteroidia;o__Bacteroidales;f__Porphyromonadaceae;g__Barnesiella;s__Barnesiella_intestinihominis	-0.0208753171423	-0.0481698587006	-0.0953973047671	-0.0380042274164	0.01716703669	-0.00241055608534	-0.0686293604483	-0.100313995901	-0.0367813845269	-0.0353239631274	-0.00359645728266	0.11901422509	-0.0983138485095	0.0486976420559	0.0221626899387	-0.0352115476042	-0.0243929869518	-0.0446485556002	1.0	-0.0152123072489	-0.00146406987679	-0.0145542292462	0.033759281996	-0.098762279921	0.0635204843449	0.00860612592568	0.0448507966727	-0.105018742874	0.0227734232117	0.00245511064894	-0.0959816931457	-0.046803746653	-0.167395204703	-0.135556020986	-0.0947979569455	-0.101286401538	-0.0334887577738	0.0225829586091	-0.0689055465618	0.00355630099574	-0.0646808887167	-0.0373828331602	-0.057552711871	-0.0315925511471	-0.0320396220518	-0.0600505161514	0.00308439655316	-0.049307014995	0.0430602240449	-0.0461570529527	-0.0174078668777	0.0278239533853	-0.00658728642476	0.0910768693969	-0.0271627230608	-0.0831033597147	-0.0830317037908	0.039237915294	0.0444702214443
k__Bacteria;p__Bacteroidetes;c__Bacteroidia;o__Bacteroidales;f__Odoribacteraceae;g__Odoribacter;s__Odoribacter_splanchnicus	-0.0164940781543	-0.00445221643259	-0.0264936540179	-0.0425917576225	-0.0983848987057	0.0405563105608	-0.000819835136724	-0.0189510983725	0.0270931095446	0.00235580807115	-0.0312438359031	-0.117541558015	-0.0348073402669	0.0366272649383	0.0669380233661	-0.00782852982189	-0.0101443058822	-0.089900600738	-0.0152123072489	1.0	-0.126337501706	-0.0930741968046	-0.00193794137594	-0.0394543560717	-0.080905730283	-0.0438112544133	-0.0814040715383	-0.02675237479	0.0462738931336	-0.0842003103018	-0.00999871794464	0.065937507519	0.0264361689174	-0.0397994111899	-0.0130586039242	0.0333658463852	0.00240018081939	0.0350123932629	0.0687589024334	-0.0498338299861	-0.0315807936187	0.000983132416854	-0.010694531252	-0.156415911987	0.00332008653933	-0.128783004645	-0.0521372994968	-0.0100147921983	-0.11891517205	0.00758099997232	-0.0408222670977	0.0225564882969	0.0529423680226	-0.0426097043691	0.125473088508	-0.00811761276178	-0.081859499492	-0.0628700238782	0.056336172011
k__Bacteria;p__Bacteroidetes;c__Bacteroidia;o__Bacteroidales;f__Bacteroidaceae;g__Bacteroides;s__Bacteroides_salyersiae	-0.0212924867257	-0.140319280685	-0.0107857214366	-0.0299042841316	0.0418694166247	-0.11677502027	-0.0153570035094	-0.0587392620474	-0.0555465351116	0.0800163192308	-0.0134995788166	0.0232329145423	-0.174325737893	-0.0316020895141	-0.0466452806877	-0.00822374881581	-0.0038402289952	0.0534747198342	-0.00146406987679	-0.126337501706	1.0	-0.0235962876577	-0.0264859357191	-0.00129979285568	0.0173184233668	-0.082858428945	-0.0572909512092	-0.0585191790977	-0.00766455928425	-0.0121284714269	-0.077667494841	0.0537106794537	-0.0866070310618	-0.146583265557	-0.103255185018	-0.136918305644	-0.112470509139	-0.0416696101182	-0.109543905526	0.000168887761959	-0.158581607611	-0.118231427804	-0.0301302067842	0.0166000325097	-0.0561648116117	0.019342263923	0.0423264824529	-0.0569793984701	0.042585184843	0.118948132711	0.0448607177394	-0.00902281922249	-0.0672094853809	0.0434701287682	-0.0771077540631	-0.0345760782523	-0.141400815553	0.0230006109701	0.0910507444229
k__Bacteria;p__Firmicutes;c__Clostridia;o__Clostridiales;f__Ruminococcaceae;g__Ruminiclostridium;s__[Eubacterium]_siraeum	0.147554427828	-0.00124848228922	0.00622482000376	-0.0724396122418	-0.121638803455	-0.0488044735385	-0.106248201239	-0.142155436441	-0.0863339148434	0.0395896886925	0.0365237064542	-0.094576091643	0.0217106434809	-0.0446813054877	-0.0276159394335	0.0496602972818	-0.0161427984267	-0.0307722722084	-0.0145542292462	-0.0930741968046	-0.0235962876577	1.0	-0.0176422773815	-0.103031175634	-0.0167482913215	-0.148248738866	0.0352494824567	0.0212660091558	-0.00582468814789	-0.0615923887826	0.0362526818835	-0.10330044366	-0.0945275427482	-0.0460864124826	-0.00072950927729	-0.0742259324847	0.0656344165535	-0.0834788802776	0.0271560464213	-0.0493536118978	0.00289650662867	-0.0389703047892	0.0468996283317	0.00215247532213	-0.132271975102	-0.122915318525	0.157009134932	-0.00713502550205	-0.135518057339	-0.0773810667588	-0.0622438199408	-0.144641920969	-0.108297150144	-0.0347533876891	-0.0734251514026	-0.126904301171	0.110494318808	-0.112780555822	-0.110222903301
k__Bacteria;p__Proteobacteria;c__Betaproteobacteria;o__Burkholderiales;f__Sutterellaceae;g__Parasutterella;s__Parasutterella_excrementihominis	-0.0551969397737	0.0251439597316	-0.0250148272122	0.0533903606983	0.0617332264402	-0.0350545124649	-0.0501848767979	-0.0407640525678	-0.112402437799	-0.15684754226	-0.0478210958678	0.0230033746716	-0.0367274030164	5.85648934685e-05	-0.097054503449	-0.208446344516	-0.00433887193157	-0.130759211905	0.033759281996	-0.00193794137594	-0.0264859357191	-0.0176422773815	1.0	-0.0504119489518	-0.0523528579604	-0.0599229486053	-0.0162403534536	0.0315188313605	-0.00116866001742	0.00355106338828	0.0542699592363	-0.0509555036938	-0.0590193168627	0.0348559385358	-0.0118864735369	0.0859778891263	-0.0884596102416	0.00874857048817	-0.00110786236303	-0.0217110858378	-0.0665797570065	-0.141169141667	-0.0217251337398	-0.0535503269766	-0.039393788887	-0.0198657054199	-0.0290662572099	-0.0808123280083	-0.0765773931449	-0.043337053378	-0.00708256613721	-0.0503250508419	0.0997352076342	-0.0285132602587	-0.054765158051	-0.115478534353	-0.0833961918079	-0.0506928249434	-0.0214389214073
k__Bacteria;p__Actinobacteria;c__Actinobacteria;o__Bifidobacteriales;f__Bifidobacteriaceae;g__Bifidobacterium;s__Bifidobacterium_adolescentis	0.0911243533469	0.00248944555548	0.0541955976894	-0.0322852713477	0.0144292567593	-0.0784106616539	-0.0281903326518	0.131545242733	-0.0781570077087	0.0618099181736	-0.0592429806507	-0.133126819429	0.112705495958	-0.165220923595	-0.0285167194296	-0.02875924518	-0.118230081831	-0.0613396758041	-0.098762279921	-0.0394543560717	-0.00129979285568	-0.103031175634	-0.0504119489518	1.0	-0.0394298110257	0.00839742849909	-0.0137243296455	-0.0515144360716	-0.0502794312067	-0.0111745889985	0.0607088457504	0.0439565425892	-0.0711878614171	0.064877982517	0.128427536013	-0.065627626303	-0.114736915001	-0.0860057533857	0.00774388556739	-0.0453631752392	-0.0684726840024	0.00928178770679	-0.0205646240369	0.0976059729932	0.091500485178	-0.0405310824614	-0.0157016219542	-0.0358264400389	-0.0477666666807	-0.0359422347462	-0.0593876451795	-0.0403323369931	-0.025609771426	-0.0706184259895	-0.026329287213	-0.0510354403752	-0.039585766516	-0.0247856941246	0.0183565576627
k__Bacteria;p__Firmicutes;c__Clostridia;o__Clostridiales;f__Oscillospiraceae;g__Oscillibacter;s__Oscillibacter_sp._KLE_1745	0.0819112418772	-0.0500491191502	0.0130240179631	-0.0970188034064	-0.188331571092	0.0415074008619	0.0216784987599	-0.0204647944125	0.0337928832654	-0.0208932988752	0.108062879151	-0.0684534258964	-0.089004664176	-0.00117790693794	-0.0740574632527	-0.0252832942822	-0.0465459142662	-0.0641899669433	0.0635204843449	-0.080905730283	0.0173184233668	-0.0167482913215	-0.0523528579604	-0.0394298110257	1.0	-0.0940634402284	-0.0979016116775	-0.0577238135803	-0.0620999237824	-0.0326399107044	0.0516499949419	-0.144993084956	-0.0136649746478	-0.0645275674898	-0.0335563081127	-0.0447491826767	-0.0271058455948	-0.060217813402	-0.130744481155	0.0106323141989	-0.0836493759719	-0.062337715127	0.0637212471314	0.0335723252346	-0.0595345630644	0.0125798539723	0.0732619306944	-0.0381832289434	-0.0754657686896	0.0226097506415	0.0545725733817	0.0113345908613	-0.0579612774478	-0.0974965382161	-0.101856794003	0.130725439258	-0.101837182655	-0.0993989189001	-0.0620735142104
k__Bacteria;p__Bacteroidetes;c__Bacteroidia;o__Bacteroidales;f__Bacteroidaceae;g__Bacteroides;s__Bacteroides_coprophilus	0.0649858437416	0.0389020576465	-0.028122685933	-0.169093169119	0.0316203975759	-0.0354011397309	-0.0910759887333	0.0376347372894	0.02138237015	-0.075537117419	0.0588947884769	-0.129853695736	0.0106184481945	0.014586652681	0.0897472630876	0.0100892025312	0.0109254770226	-0.0483201538725	0.00860612592568	-0.0438112544133	-0.082858428945	-0.148248738866	-0.0599229486053	0.00839742849909	-0.0940634402284	1.0	-0.0171801397055	-0.0802780998778	-0.130803614631	-0.0080516132977	0.0271979291401	0.0010253108988	-0.0883519710433	0.0710000424749	-0.172955375993	-0.0943036360533	0.00533612134578	-0.0668827948165	-0.128005419717	-0.0119828264282	-0.13338811782	0.0639828083449	-0.101156024494	0.0421323159993	-0.00420528137023	0.0660453757636	0.00846588808271	-0.00405263263993	-0.00630756233582	0.0659096802298	0.0489253416887	-0.0991359523628	0.108972243264	-0.0799608437188	-0.00837038444495	0.0131725819582	0.012693704153	-0.117362523951	-0.0506461300275
k__Bacteria;p__Firmicutes;c__Clostridia;o__Clostridiales;f__Lachnospiraceae;g__Roseburia;s__Roseburia_intestinalis	-0.130441844017	0.241445774659	-0.0590317666391	-0.0810901409959	-0.0252404520601	0.012956619371	-0.015145701594	0.0356565493241	-0.0738157224597	-0.0166180959173	0.0149645817748	-0.0971499769917	0.095528401031	-0.112699041985	-0.0909824947275	0.0110288053791	-0.118262758478	-0.000365876073874	0.0448507966727	-0.0814040715383	-0.0572909512092	0.0352494824567	-0.0162403534536	-0.0137243296455	-0.0979016116775	-0.0171801397055	1.0	-0.0715085460619	-0.140053871419	0.0821537426008	-0.0204012855158	-0.0837779292601	-0.067238949833	-0.0231351664876	-0.11561911596	0.109671452271	-0.0620587488779	-0.0538646762197	-0.0436787816864	-0.0018443069499	-0.0355771482673	-0.168383578649	-0.029564307245	-0.0332444817117	-0.105014226756	-0.0326602062084	0.00456796480507	0.0138601097205	-0.0135426597469	-0.0592374513213	-0.017944968998	0.0107339287258	0.0267071488965	-0.0444690577628	-0.0255556964212	-0.144512938113	-0.0254282847462	-0.0338668243321	-0.0478918462235
k__Bacteria;p__Firmicutes;c__Clostridia;o__Clostridiales;f__Lachnospiraceae;g__Roseburia;s__Roseburia_hominis	-0.0823457390637	-0.0148526579964	-0.0161833899975	0.0402325970844	-0.15270095257	-0.110676624225	0.0226268938824	-0.185293193725	-0.0188335575622	0.0200434669986	-0.0418682337169	-0.0715908869911	-0.0350275974128	-0.0805102049588	-0.0142926085556	-0.00210096047301	-0.0496099279802	-0.0738448412891	-0.105018742874	-0.02675237479	-0.0585191790977	0.0212660091558	0.0315188313605	-0.0515144360716	-0.0577238135803	-0.0802780998778	-0.0715085460619	1.0	0.0592216552517	0.00514665019625	0.0310004309535	-0.0203674200822	-0.125058711143	-0.0468371626864	0.0220358043546	0.111955823104	-0.135461766763	-0.0128424824736	-0.096151140597	0.0276732523283	0.0405936980782	0.14059598031	-0.077987068496	-0.0519410191947	-0.10255318967	0.038077281168	0.0591361772172	0.0286907770033	-0.0647925560376	-0.114128383195	-0.0579124152556	-0.0129962893272	0.0129569333189	-0.0223260563785	0.0408781402662	-0.00893406091528	-0.0784723020682	-0.0301614296662	-0.0250938518553
k__Bacteria;p__Bacteroidetes;c__Bacteroidia;o__Bacteroidales;f__Porphyromonadaceae;g__Parabacteroides;s__Parabacteroides_johnsonii	-0.0158545342038	-0.0608845921518	-0.0413254946046	0.115688152958	-0.0153782514316	0.0200385906656	-0.149299789701	-0.133377071529	-0.0769898348975	-0.0507696038599	0.0245702397472	-0.00782488082892	-0.140033037053	0.0100267253171	-0.0644071145122	-0.0978736160811	-0.0621575473633	0.0329635295742	0.0227734232117	0.0462738931336	-0.00766455928425	-0.00582468814789	-0.00116866001742	-0.0502794312067	-0.0620999237824	-0.130803614631	-0.140053871419	0.0592216552517	1.0	-0.136029499666	0.00754100624575	-0.0119601001377	-0.104720695167	-0.0237286964728	-0.0331995903256	0.00442862953872	-0.167076671242	-0.0547832006825	0.0243740228102	0.192054575963	0.024812855317	-0.0481131394743	0.0816190524041	-0.0355460955274	-0.0215701992159	-0.175095260054	-0.0483893570135	-0.0517761784788	0.03285360313	-0.0350601570213	0.0253630491546	0.0674040809106	0.0326514287467	-0.00225067774336	-0.0174412432695	-0.041525688009	-0.112542043796	0.0250843427701	-0.0552932250246
k__Bacteria;p__Actinobacteria;c__Actinobacteria;o__Bifidobacteriales;f__Bifidobacteriaceae;g__Bifidobacterium;s__Bifidobacterium_longum	0.00173853486909	0.0479956577766	0.0217090031111	-0.00466150093842	0.0361001784615	-0.105259083968	-0.157872140707	0.141563513569	-0.10390943643	0.0303619175793	-0.0879281477904	-0.0453102523251	-0.034701520701	-0.163906210931	-0.0425357737227	-0.0107979302097	-0.138216001845	-0.128636321634	0.00245511064894	-0.0842003103018	-0.0121284714269	-0.0615923887826	0.00355106338828	-0.0111745889985	-0.0326399107044	-0.0080516132977	0.0821537426008	0.00514665019625	-0.136029499666	1.0	-0.06940432159	0.133526604968	-0.00826656301279	-0.014895750992	-0.0956268100024	-0.115835645674	-0.0151207377075	-0.0104112678811	-0.10201689712	-0.0599496411057	0.00129817177213	0.0328865087012	-0.00786969401344	-0.012982793658	-0.091689203636	-0.154626116301	-0.105245042337	0.0536796802566	0.0221507380833	0.0371631472961	-0.0473203443332	0.106640449081	0.03683531524	0.00146194234924	-0.100536141774	0.012557119175	0.0460470181827	-0.0447346317429	-0.0461499219189
