#taxonomy	k__Bacteria;p__Bacteroidetes;c__Bacteroidia;o__Bacteroidales;f__Bacteroidaceae;g__Bacteroides;s__Bacteroides_vulgatus	k__Bacteria;p__Bacteroidetes;c__Bacteroidia;o__Bacteroidales;f__Bacteroidaceae;g__Bacteroides;s__Bacteroides_uniformis	k__Bacteria;p__Bacteroidetes;c__Bacteroidia;o__Bacteroidales;f__Rikenellaceae;g__Alistipes;s__Alistipes_putredinis	k__Bacteria;p__Bacteroidetes;c__Bacteroidia;o__Bacteroidales;f__Prevotellaceae;g__Prevotella;s__Prevotella_copri	k__Bacteria;p__Bacteroidetes;c__Bacteroidia;o__Bacteroidales;f__Bacteroidaceae;g__Bacteroides;s__Bacteroides_stercoris	k__Bacteria;p__Bacteroidetes;c__Bacteroidia;o__Bacteroidales;f__Bacteroidaceae;g__Bacteroides;s__Bacteroides_ovatus	k__Bacteria;p__Bacteroidetes;c__Bacteroidia;o__Bacteroidales;f__Rikenellaceae;g__Alistipes;s__Alistipes_shahii	k__Bacteria;p__Firmicutes;c__Clostridia;o__Clostridiales;f__Ruminococcaceae;g__Faecalibacterium;s__Faecalibacterium_prausnitzii	k__Bacteria;p__Bacteroidetes;c__Bacteroidia;o__Bacteroidales;f__Rikenellaceae;g__Alistipes;s__Alistipes_finegoldii	k__Bacteria;p__Bacteroidetes;c__Bacteroidia;o__Bacteroidales;f__Porphyromonadaceae;g__Parabacteroides;s__Parabacteroides_distasonis	k__Bacteria;p__Bacteroidetes;c__Bacteroidia;o__Bacteroidales;f__Bacteroidaceae;g__Bacteroides;s__Bacteroides_thetaiotaomicron	k__Bacteria;p__Bacteroidetes;c__Bacteroidia;o__Bacteroidales;f__Bacteroidaceae;g__Bacteroides;s__Bacteroides_coprocola	k__Bacteria;p__Bacteroidetes;c__Bacteroidia;o__Bacteroidales;f__Bacteroidaceae;g__Bacteroides;s__Bacteroides_cellulosilyticus	k__Bacteria;p__Bacteroidetes;c__Bacteroidia;o__Bacteroidales;f__Rikenellaceae;g__Alistipes;s__Alistipes_obesi	k__Bacteria;p__Firmicutes;c__Clostridia;o__Clostridiales;f__Lachnospiraceae;g__;s__[Eubacterium]_rectale	k__Bacteria;p__Bacteroidetes;c__Bacteroidia;o__Bacteroidales;f__Bacteroidaceae;g__Bacteroides;s__Bacteroides_plebeius	k__Bacteria;p__Bacteroidetes;c__Bacteroidia;o__Bacteroidales;f__Bacteroidaceae;g__Bacteroides;s__Bacteroides_fragilis	k__Bacteria;p__Proteobacteria;c__Betaproteobacteria;o__Burkholderiales;f__Sutterellaceae;g__Sutterella;s__Sutterella_wadsworthensis	k__Bacteria;p__Bacteroidetes;c__Bacteroidia;o__Bacteroidales;f__Porphyromonadaceae;g__Barnesiella;s__Barnesiella_intestinihominis	k__Bacteria;p__Bacteroidetes;c__Bacteroidia;o__Bacteroidales;f__Odoribacteraceae;g__Odoribacter;s__Odoribacter_splanchnicus	k__Bacteria;p__Bacteroidetes;c__Bacteroidia;o__Bacteroidales;f__Bacteroidaceae;g__Bacteroides;s__Bacteroides_salyersiae	k__Bacteria;p__Firmicutes;c__Clostridia;o__Clostridiales;f__Ruminococcaceae;g__Ruminiclostridium;s__[Eubacterium]_siraeum	k__Bacteria;p__Proteobacteria;c__Betaproteobacteria;o__Burkholderiales;f__Sutterellaceae;g__Parasutterella;s__Parasutterella_excrementihominis	k__Bacteria;p__Actinobacteria;c__Actinobacteria;o__Bifidobacteriales;f__Bifidobacteriaceae;g__Bifidobacterium;s__Bifidobacterium_adolescentis	k__Bacteria;p__Firmicutes;c__Clostridia;o__Clostridiales;f__Oscillospiraceae;g__Oscillibacter;s__Oscillibacter_sp._KLE_1745	k__Bacteria;p__Bacteroidetes;c__Bacteroidia;o__Bacteroidales;f__Bacteroidaceae;g__Bacteroides;s__Bacteroides_coprophilus	k__Bacteria;p__Firmicutes;c__Clostridia;o__Clostridiales;f__Lachnospiraceae;g__Roseburia;s__Roseburia_intestinalis	k__Bacteria;p__Firmicutes;c__Clostridia;o__Clostridiales;f__Lachnospiraceae;g__Roseburia;s__Roseburia_hominis	k__Bacteria;p__Bacteroidetes;c__Bacteroidia;o__Bacteroidales;f__Porphyromonadaceae;g__Parabacteroides;s__Parabacteroides_johnsonii	k__Bacteria;p__Actinobacteria;c__Actinobacteria;o__Bifidobacteriales;f__Bifidobacteriaceae;g__Bifidobacterium;s__Bifidobacterium_longum	k__Bacteria;p__Firmicutes;c__Clostridia;o__Clostridiales;f__;g__Flavonifractor;s__Flavonifractor_plautii	k__Bacteria;p__Firmicutes;c__Clostridia;o__Clostridiales;f__Clostridiaceae;g__Clostridium;s__Clostridium_phoceensis	k__Bacteria;p__Verrucomicrobia;c__Verrucomicrobiae;o__Verrucomicrobiales;f__Akkermansiaceae;g__Akkermansia;s__Akkermansia_muciniphila	k__Bacteria;p__Bacteroidetes;c__Bacteroidia;o__Bacteroidales;f__Prevotellaceae;g__Paraprevotella;s__Paraprevotella_xylaniphila	k__Bacteria;p__Firmicutes;c__Clostridia;o__Clostridiales;f__Ruminococcaceae;g__Ruminococcus;s__Ruminococcus_callidus	k__Bacteria;p__Bacteroidetes;c__Bacteroidia;o__Bacteroidales;f__Rikenellaceae;g__Alistipes;s__Alistipes_senegalensis	k__Bacteria;p__Firmicutes;c__Clostridia;o__Clostridiales;f__Lachnospiraceae;g__Blautia;s__Blautia_sp._KLE_1732	k__Bacteria;p__Bacteroidetes;c__Bacteroidia;o__Bacteroidales;f__Bacteroidaceae;g__Bacteroides;s__Bacteroides_oleiciplenus	k__Bacteria;p__Firmicutes;c__Clostridia;o__Clostridiales;f__Ruminococcaceae;g__Ruminococcus;s__Ruminococcus_bicirculans	k__Bacteria;p__Bacteroidetes;c__Bacteroidia;o__Bacteroidales;f__Bacteroidaceae;g__Bacteroides;s__Bacteroides_fluxus	k__Bacteria;p__Bacteroidetes;c__Bacteroidia;o__Bacteroidales;f__Prevotellaceae;g__Prevotella;s__Prevotella_stercorea	k__Bacteria;p__Firmicutes;c__Clostridia;o__Clostridiales;f__Lachnospiraceae;g__Dorea;s__Dorea_longicatena	k__Bacteria;p__Firmicutes;c__Clostridia;o__Clostridiales;f__Eubacteriaceae;g__Eubacterium;s__[Eubacterium]_eligens	k__Bacteria;p__Firmicutes;c__Clostridia;o__Clostridiales;f__Ruminococcaceae;g__;s__Ruminococcaceae_bacterium_D16	k__Bacteria;p__Firmicutes;c__Clostridia;o__Clostridiales;f__Lachnospiraceae;g__Coprococcus;s__Coprococcus_comes	k__Bacteria;p__Proteobacteria;c__Gammaproteobacteria;o__Enterobacterales;f__Enterobacteriaceae;g__Escherichia;s__Escherichia_coli	k__Bacteria;p__Firmicutes;c__Clostridia;o__Clostridiales;f__Ruminococcaceae;g__Anaerotruncus;s__Anaerotruncus_colihominis	k__Bacteria;p__Firmicutes;c__Clostridia;o__Clostridiales;f__Lachnospiraceae;g__Blautia;s__Blautia_obeum	k__Bacteria;p__Bacteroidetes;c__Bacteroidia;o__Bacteroidales;f__Odoribacteraceae;g__Odoribacter;s__Odoribacter_laneus	k__Bacteria;p__Firmicutes;c__Clostridia;o__Clostridiales;f__Ruminococcaceae;g__Ruminiclostridium;s__[Clostridium]_leptum	k__Bacteria;p__Bacteroidetes;c__Bacteroidia;o__Bacteroidales;f__Porphyromonadaceae;g__Parabacteroides;s__Parabacteroides_goldsteinii	k__Bacteria;p__Firmicutes;c__Clostridia;o__Clostridiales;f__Lachnospiraceae;g__Anaerostipes;s__Anaerostipes_hadrus	k__Bacteria;p__Firmicutes;c__Clostridia;o__Clostridiales;f__Ruminococcaceae;g__Ruminococcus;s__Ruminococcus_lactaris	k__Bacteria;p__Firmicutes;c__Clostridia;o__Clostridiales;f__Clostridiaceae;g__Clostridium;s__Clostridium_sp._L2-50	k__Bacteria;p__Firmicutes;c__Clostridia;o__Clostridiales;f__Clostridiaceae;g__Clostridium;s__Clostridium_sp._M62/1	k__Bacteria;p__Firmicutes;c__Clostridia;o__Clostridiales;f__;g__Intestinimonas;s__Intestinimonas_butyriciproducens	k__Bacteria;p__Actinobacteria;c__Actinobacteria;o__Bifidobacteriales;f__Bifidobacteriaceae;g__Bifidobacterium;s__Bifidobacterium_bifidum	k__Bacteria;p__Firmicutes;c__Negativicutes;o__Veillonellales;f__Veillonellaceae;g__Dialister;s__Dialister_invisus	k__Bacteria;p__Bacteroidetes;c__Bacteroidia;o__Bacteroidales;f__Bacteroidaceae;g__Bacteroides;s__Bacteroides_salanitronis
k__Bacteria;p__Bacteroidetes;c__Bacteroidia;o__Bacteroidales;f__Bacteroidaceae;g__Bacteroides;s__Bacteroides_vulgatus	1.0	0.00653400758146	-0.145283055065	-0.102278173249	-0.0438897174882	-0.204344447515	0.0149216427921	-0.048009138529	-0.0487116667164	0.00846064102879	-0.0346681226303	-0.0554833381836	-0.0976475586921	0.0436643899327	-0.115426781703	-0.113010780119	0.0742173086653	-0.0134407603005	-0.124358752604	5.65726895212e-05	-0.00061900458937	-0.0906688645068	-0.037031380263	-0.0482766292011	-0.104009677775	0.00202794371955	-0.0983169145979	-0.0253364809248	-0.0608694516761	-0.0999631661728	-0.034594440301	-0.0417194206468	-0.0523320940684	-0.0915792799093	-0.0746690355589	-0.0476935346103	0.0235686504619	0.0614569540773	-0.120849592535	0.0723165817072	-0.0440906286743	-0.0694341150875	-0.0427068073916	-0.12932843841	0.0232461702384	-0.0461430589472	0.117999405048	0.0320297133683	-0.03372589149	0.0353871606515	0.0380052300791	-0.0586090732603	-0.0738266594553	-0.0282700768666	0.0289168779034	-0.0783461725263	0.0268187642144	-0.0969753412117	-0.0204122605782
k__Bacteria;p__Bacteroidetes;c__Bacteroidia;o__Bacteroidales;f__Bacteroidaceae;g__Bacteroides;s__Bacteroides_uniformis	0.00653400758146	1.0	-0.0629117677999	-0.0442156837453	-0.0296331603595	-0.0405617740683	0.0110379827935	-0.00814040271407	-0.0540475698233	-0.0268941301682	0.0969916540926	-0.0590691983258	-0.0936117656997	-0.0444627812181	0.0758274861041	0.0296579769434	-0.0317908197155	-0.0831364383723	-0.00254359148406	-0.111353013952	-0.0220685011274	-0.0542575787942	0.0155234907283	-0.129406674278	0.0384546411441	-0.0226109934372	-0.0373943974758	0.0789636745918	0.051440253312	-0.14505016886	-0.155760934097	0.0228871290218	-0.000963931377835	0.0626586600532	-0.0305752510194	-0.0750224012975	0.106695022598	-0.0394092998848	-0.128942227361	-0.0704973461739	-0.00762332339804	0.125896587805	-0.144410881294	-0.114047881123	-0.0759867765034	-0.143622679858	0.104454962612	0.0511525733582	-0.0769107414791	-0.102649515239	0.0423822582385	0.0588092663963	-0.127696478678	-0.0662565258493	-0.0901892534394	-9.5254092718e-05	-0.0392565033052	-0.038981169373	-0.10254296481
k__Bacteria;p__Bacteroidetes;c__Bacteroidia;o__Bacteroidales;f__Rikenellaceae;g__Alistipes;s__Alistipes_putredinis	-0.145283055065	-0.0629117677999	1.0	-0.104099063229	-0.0233788206883	-0.0189833323393	-0.100254668419	0.0682349212672	-0.0826276448153	0.0183703263803	-0.0514496170352	-0.0101581629281	-0.00100084959289	-0.0734687840348	-0.0168971594436	-0.0319087664119	-0.0760937543618	-0.0443077015565	-0.0531824355539	-0.0443635098459	-0.0162452349567	-0.00555840919665	0.00103650898802	0.0165702527909	0.0716829787413	0.033851846424	-0.0492985703639	0.00321950802373	0.0438049244907	0.00699586371869	0.00559821728007	-0.0847129345467	-0.0893313062216	-0.0906363682147	0.0399807818947	-0.0735421997222	-0.070430391383	-0.0926956660399	0.000690452148468	-0.108519773002	0.0190993791753	-0.0312740579411	-0.0918042390904	-0.0295445450262	-0.012047027766	-0.0436571535737	-0.0760121157865	0.150481916812	-0.057371734784	-0.0849657987157	0.0520662834206	0.00158283170652	-0.0360027279364	0.0335549917554	0.0277493709638	-0.0313780787018	-0.109153648588	0.0127752032174	-0.0559856752959
k__Bacteria;p__Bacteroidetes;c__Bacteroidia;o__Bacteroidales;f__Prevotellaceae;g__Prevotella;s__Prevotella_copri	-0.102278173249	-0.0442156837453	-0.104099063229	1.0	-0.08613206582	0.0295795939896	0.0417040506145	0.0515374706485	-0.0880195741162	-0.0333106022437	-0.0433414226144	-0.0951941452747	-0.0671078619906	-0.0551797855735	-0.0151053682473	-0.015189995065	0.0699906484499	0.0247973249538	0.050864602592	-0.0743591439933	-0.020845123822	0.00459835128649	-0.126015340203	-0.0424954845661	0.0427877742052	-0.0359752280233	0.0285658324103	-0.00764314548997	-0.126176205184	0.00902046321422	0.00574526529919	0.0291926185119	0.0856292482661	-0.1338502014	-0.0232092474845	-0.049657870431	0.0163591050706	-0.116534748097	0.054658643967	0.0147498890496	-0.0795160434583	-0.0079962269133	-0.096679890119	-0.00723564683329	0.0454509225401	-0.0517423030498	-0.0241105690516	-0.0681879308305	0.0921817822581	0.0110751128321	0.0695687092359	-0.0666634953929	-0.022485596821	0.0302176415537	-0.0368541423116	-0.129948752702	-0.104938311411	0.0211305027992	-0.0616477821808
k__Bacteria;p__Bacteroidetes;c__Bacteroidia;o__Bacteroidales;f__Bacteroidaceae;g__Bacteroides;s__Bacteroides_stercoris	-0.0438897174882	-0.0296331603595	-0.0233788206883	-0.08613206582	1.0	0.0155008526099	-0.0167826304153	-0.0604599646168	-0.0621927032197	0.0819219629286	0.00409202977565	-0.0820595198633	-0.0259928390925	0.0478673919757	0.0754497555948	-0.00591723070452	-0.130097021394	-0.0811976756833	0.0109849555571	0.0356705707448	-8.99979776902e-05	-0.0776584691547	-0.043175993559	-0.129376916998	-0.0934109581042	-0.0625193472635	-0.00511725543784	0.0450391961194	-0.0992694654485	-0.0856139173939	0.0484513244357	-0.0637009698732	-0.00888106079539	0.0315330231154	-0.0457636540038	-0.0490519716647	-0.170266924356	0.0402611501132	-0.0212791907558	-0.0762156210168	-0.123437235732	-0.0321754426926	-0.0368019688419	0.00816597760342	0.0220347417805	-0.0509742960546	-0.114266074406	-0.0547016281926	-0.0582061182408	0.057881592276	-0.0304626649509	0.0593116946818	-0.0870111238465	-0.0463263959532	-0.0319367019239	-0.0153180024391	-0.114071981792	0.0503937173508	0.0214452554638
k__Bacteria;p__Bacteroidetes;c__Bacteroidia;o__Bacteroidales;f__Bacteroidaceae;g__Bacteroides;s__Bacteroides_ovatus	-0.204344447515	-0.0405617740683	-0.0189833323393	0.0295795939896	0.0155008526099	1.0	0.108436733715	0.0454570841311	-0.0169693936537	-0.0464074083158	-0.103597352924	0.0615711937461	-0.0560156704021	0.0479855787249	0.0348701695741	-0.0460524335706	0.0213391212168	0.0301761051298	0.0112673882383	-0.0984963049665	0.0668086835119	-0.0802786554086	-0.00345220527148	-0.0240978137122	0.00708175282202	0.0333320376164	-0.0818485826817	-0.0570538689212	0.0434188224441	-0.131436434508	-0.100999731481	-0.0302332754064	-0.016442011024	-0.0682696212426	0.0528585038483	-0.0720570987117	-0.0199146042848	0.106087647702	-0.0156764501029	-0.126858203329	-0.0698180924659	-0.08278110099	-0.0270763838375	0.058724866718	-0.114783746669	-0.0533660079685	-0.0679925485013	-0.194035524435	-0.109559956322	0.0939447254704	0.0511224751751	-0.0521724610068	-0.0556602696461	-0.00960497180159	-0.0964377511358	-0.0438356006728	-0.0282163125938	-0.146925492559	0.0557779410581
k__Bacteria;p__Bacteroidetes;c__Bacteroidia;o__Bacteroidales;f__Rikenellaceae;g__Alistipes;s__Alistipes_shahii	0.0149216427921	0.0110379827935	-0.100254668419	0.0417040506145	-0.0167826304153	0.108436733715	1.0	0.004524235348	0.00258348458803	-0.018534116499	-0.0268604255071	0.00375926919083	-0.0298690550282	-0.0700077921165	-0.149869459821	0.0495465521966	-0.0404620563989	-0.119079659913	0.0162029478468	-0.0618212819147	-0.0321160557143	0.018452776275	-0.0263843271766	-0.142316611065	0.0279135556538	-0.0403681871604	-0.0393945088765	0.00249378193225	-0.112057151136	-0.0209014260623	0.0864549254869	0.0482222888282	-0.0885261242667	-0.0103100212959	-0.050672561532	-0.00916425644957	0.00762310546058	0.0469835807037	0.0419515880735	-0.0459675705016	0.0506902865851	-0.0130260407328	-0.136434438582	-0.0868671100084	-0.0424136721135	-0.00574688929953	-0.02697363763	0.0253458309942	-0.0162391537637	0.0201546949109	-0.161548396819	0.0445553037598	-0.00661081521764	0.0380607910381	0.0635814542044	-0.0189056069795	-0.0711699916419	-0.0923783471443	-0.0448846211911
k__Bacteria;p__Firmicutes;c__Clostridia;o__Clostridiales;f__Ruminococcaceae;g__Faecalibacterium;s__Faecalibacterium_prausnitzii	-0.048009138529	-0.00814040271407	0.0682349212672	0.0515374706485	-0.0604599646168	0.0454570841311	0.004524235348	1.0	-0.0306107950341	-0.0769622810713	0.126483128506	0.0293522292681	-0.0787761082034	-0.0659804509325	-0.0896530492022	-0.0204499343639	0.0677562527707	-0.0177822887552	0.01721684084	-0.0562939854881	0.020353281938	0.00197492839906	0.0741677110373	-0.052301846349	-0.0171467582038	-0.0697065688728	0.030340509357	0.0156758766144	0.0623918716972	-0.0592211974544	-0.101872769086	0.00520442561963	-0.0484700085444	-0.0374763777479	-0.0935357970938	0.00233865669502	-0.00651652073665	-0.0844614192706	-0.0304550234198	0.100348944309	-0.0799906893441	0.0149130482204	-0.0682602276149	-0.0266790822248	-0.055365580042	-0.0231671864471	-0.0646343080823	-0.0396575531373	-0.060232513239	-0.0694256131358	-0.0236896620239	-0.0450058978359	0.0134993258395	-0.135785401426	0.0097955662207	0.0507056118497	0.135528385621	-0.0682556989167	-0.105507780929
k__Bacteria;p__Bacteroidetes;c__Bacteroidia;o__Bacteroidales;f__Rikenellaceae;g__Alistipes;s__Alistipes_finegoldii	-0.0487116667164	-0.0540475698233	-0.0826276448153	-0.0880195741162	-0.0621927032197	-0.0169693936537	0.00258348458803	-0.0306107950341	1.0	-0.000937048811187	0.0176534926032	-0.0371712238944	0.0406699709677	-0.114255391705	0.00721312766119	0.00234556537778	-0.134040067009	0.050352145893	-0.0436241950186	-0.0452972538044	-0.0347564545297	0.0838574350135	-0.0609576419762	-0.0562613212671	0.0241082537748	0.0369815122458	-0.00384682698779	-0.103611467732	-0.0342716248615	0.0527117021729	-0.00250954345041	-0.0319057367295	-0.018449737487	-0.0353328111973	-0.129865201466	0.0615845014303	-0.0789597681706	-0.170660076508	0.00061753011425	0.0172146417136	-0.0123676447044	0.0257631233589	0.0726224482032	-0.00864041550787	-0.0582366147174	0.0104269120367	-0.022265839793	-0.0944202665977	-0.00894627016888	-0.0986151258921	-0.0836861215389	-0.119588839129	-0.155956724467	0.0052355322699	-0.00734622086446	-0.0883142469451	-0.166680779154	-0.0777771030873	0.00905499091199
k__Bacteria;p__Bacteroidetes;c__Bacteroidia;o__Bacteroidales;f__Porphyromonadaceae;g__Parabacteroides;s__Parabacteroides_distasonis	0.00846064102879	-0.0268941301682	0.0183703263803	-0.0333106022437	0.0819219629286	-0.0464074083158	-0.018534116499	-0.0769622810713	-0.000937048811187	1.0	-0.103128755925	-0.0890747355187	-0.0345370510648	-0.0289331772357	-0.101756103218	0.0458241678777	-0.0137588719814	-0.093705784402	0.00918931296507	0.00588475288528	-0.081056737484	-0.091568027094	-0.0568023558381	-0.0596647157109	-0.119823368498	0.0130742609751	-0.01224892574	-0.0180611745802	-0.0626731504114	0.0842754575486	-0.0215713321588	0.0665511777185	-0.0191174791615	-0.0583231199601	-0.0616610664393	-0.159516485656	0.0311796606515	0.0300642140387	0.0694607883407	-0.130887132623	0.0139402047802	0.0439656392124	-0.012770098158	-0.0519028576012	-0.0829358169651	-0.0651529516385	0.0440773159082	-0.0276268076274	0.0210319618152	-0.0244520306009	-0.0922246955942	-0.108957647727	0.0090485779926	-0.039286138833	-0.0863404168812	-0.0396885032009	-0.0663611106253	-0.137537071437	-0.0179485563396
k__Bacteria;p__Bacteroidetes;c__Bacteroidia;o__Bacteroidales;f__Bacteroidaceae;g__Bacteroides;s__Bacteroides_thetaiotaomicron	-0.0346681226303	0.0969916540926	-0.0514496170352	-0.0433414226144	0.00409202977565	-0.103597352924	-0.0268604255071	0.126483128506	0.0176534926032	-0.103128755925	1.0	0.049853318972	-0.11450417269	-0.0483039794435	-0.0668764437711	-0.0903166392368	0.0753200344148	-0.00314486603147	-0.137089325668	-0.00960941158829	0.0921174784691	-0.0213501218729	0.0925870724155	0.0507898560928	-0.119471485725	-0.101002448806	-0.0298272135794	-0.0743279680628	-0.0326389397689	0.0281311249357	0.0598539709311	-0.0990713534134	-0.0706748361339	-0.00157564899981	0.0215592660204	0.0535015043596	0.0233098532936	-0.130644001739	0.0410635390451	0.105565130839	-0.0402132924846	-0.0367898079127	0.00863522863391	-0.11128840525	-0.147001231142	0.0143890176286	-0.0408369512526	-0.0861250481472	0.0196847474987	-0.0485628579845	-1.16399129158e-05	-0.040274941047	-0.0643204812452	-0.0326348411658	-0.0355649998291	-0.00915085846556	-0.0227023398083	-0.125088659524	-0.0768453677214
k__Bacteria;p__Bacteroidetes;c__Bacteroidia;o__Bacteroidales;f__Bacteroidaceae;g__Bacteroides;s__Bacteroides_coprocola	-0.0554833381836	-0.0590691983258	-0.0101581629281	-0.0951941452747	-0.0820595198633	0.0615711937461	0.00375926919083	0.0293522292681	-0.0371712238944	-0.0890747355187	0.049853318972	1.0	0.0927779862954	-0.0238055863214	-0.129221670314	-0.0706007610662	-0.0640898281074	-0.0812173577506	-0.0120046544592	-0.0891495925625	-0.038408044025	-0.0381563875666	-0.0755922309113	-0.166129236479	-0.0491528635343	0.125795681645	0.0835041847439	-0.0526293503308	0.0261357749339	-0.0720376800815	-0.101559517189	-0.0622563543856	-0.0340471734592	-0.0891705263752	-0.0607696858174	-0.128644273016	-0.139256270025	-0.0176534535097	0.0557269908431	0.00459037913038	-0.0146039434928	-0.00640198349221	0.0880730768486	-0.0900538091592	-0.00617505445306	-0.0536745456836	-0.034495235248	-0.0682934141452	-0.0976712286769	-0.0137554887783	-0.0947431223951	0.047068827481	0.0342861149648	-0.148219058841	0.0500192886859	-0.0765707685722	-0.135909185999	0.0523893986852	-0.108660435441
k__Bacteria;p__Bacteroidetes;c__Bacteroidia;o__Bacteroidales;f__Bacteroidaceae;g__Bacteroides;s__Bacteroides_cellulosilyticus	-0.0976475586921	-0.0936117656997	-0.00100084959289	-0.0671078619906	-0.0259928390925	-0.0560156704021	-0.0298690550282	-0.0787761082034	0.0406699709677	-0.0345370510648	-0.11450417269	0.0927779862954	1.0	0.026834317538	-0.0782753303613	0.0588676476154	-0.0853262355901	-0.064402041617	0.0289398580482	0.0542813545507	-0.0567889547403	-0.0433259016873	0.0323810525514	-0.0699631085148	-0.0749756484608	-0.0486491657465	0.00574838252678	-0.106862607353	0.0226191525628	0.0197784367596	0.00946601208671	0.0458310699423	-0.0156447066125	-0.0565309958295	0.0233033657062	-0.0114729012522	-0.134353287138	0.0931489078845	-0.0317266384679	0.0159553730409	-0.0417253222653	0.00675822388716	-0.0295351808967	-0.00769599396562	0.114557707049	0.0295562695766	0.0395995336137	-0.0379234602442	-0.115445586212	-0.141809330444	-0.00237250244159	0.056036169875	0.0701210349737	-0.0153132350078	0.0661236908814	-0.139942717563	-0.113057289523	-0.00396440393141	0.0260056732166
k__Bacteria;p__Bacteroidetes;c__Bacteroidia;o__Bacteroidales;f__Rikenellaceae;g__Alistipes;s__Alistipes_obesi	0.0436643899327	-0.0444627812181	-0.0734687840348	-0.0551797855735	0.0478673919757	0.0479855787249	-0.0700077921165	-0.0659804509325	-0.114255391705	-0.0289331772357	-0.0483039794435	-0.0238055863214	0.026834317538	1.0	0.0300142208489	0.031697711771	-0.101603604188	-0.0392277552079	0.0735856972187	-0.10480608929	-0.250604220729	-0.157394100295	0.00837187579445	-0.0252063323985	-0.0201529081152	0.0159644116816	0.0196216179626	-0.0662075014015	-0.0765793688552	-0.0245852855169	-0.156310435955	-0.134271900303	-0.0314908947802	-0.0719004019555	-0.110489349448	-0.00494899312185	0.00102879866074	0.124975778459	0.0188037567551	0.0741142586411	0.0982236783267	0.00171002537472	-0.0315472310739	-0.0221526906844	0.0125407000701	0.0187626894898	0.0377814455991	0.0543840528922	-0.126306752885	-0.0898004025963	-0.135118191028	-0.110604528983	0.0434489078857	-0.00809178944869	0.0460686771187	-0.142876271401	0.0283010403972	-0.150505809994	-0.0314478432494
k__Bacteria;p__Firmicutes;c__Clostridia;o__Clostridiales;f__Lachnospiraceae;g__;s__[Eubacterium]_rectale	-0.115426781703	0.0758274861041	-0.0168971594436	-0.0151053682473	0.0754497555948	0.0348701695741	-0.149869459821	-0.0896530492022	0.00721312766119	-0.101756103218	-0.0668764437711	-0.129221670314	-0.0782753303613	0.0300142208489	1.0	0.048175680436	-0.092562559257	-0.102495680631	-0.0808158778673	0.0266713406565	0.0553826524577	0.0142202850246	0.0962995084809	-0.0937360253687	0.0369159139137	-0.0333803000067	-0.00500840383283	-0.134709800908	0.0155252728866	-0.13293166829	0.00567772039297	-0.0506466991714	0.0202106066249	0.0338258503413	0.0140725931304	-0.0434782257045	0.0374769563596	-0.0144563202992	0.0613752405015	0.0219406373105	0.0559464751669	-0.0411893278527	0.0437884414446	0.00988066075576	0.0251654932665	-0.0812246457879	-0.0894962876176	-0.0689144448303	-0.0340777311475	-0.168508080153	0.0232565891586	-0.00111135530004	-0.087568497208	0.0163370480339	-0.0748279392231	-0.144554729828	0.032039436076	0.0327589437775	0.00274372252961
k__Bacteria;p__Bacteroidetes;c__Bacteroidia;o__Bacteroidales;f__Bacteroidaceae;g__Bacteroides;s__Bacteroides_plebeius	-0.113010780119	0.0296579769434	-0.0319087664119	-0.015189995065	-0.00591723070452	-0.0460524335706	0.0495465521966	-0.0204499343639	0.00234556537778	0.0458241678777	-0.0903166392368	-0.0706007610662	0.0588676476154	0.031697711771	0.048175680436	1.0	-0.174841169963	-0.0549109233921	-0.0167362200531	0.0393383030272	-0.0797679589305	0.0576178002055	-0.0108932962027	0.0440550494019	0.0315742062935	0.0134207728074	0.0321069041889	-0.0239933695218	0.0407755562823	0.0273731354882	0.0549284560306	-0.0256195581097	0.00947356371656	-0.042324853143	0.00588349185704	-0.0339177158469	-0.0536563335564	-0.0290237222709	0.0149186227385	-0.102939872568	-0.0553508756869	-0.0200881726121	-0.103305242049	-0.0517127737332	-0.0319262374529	-0.004393589623	0.0107906130358	-0.123933103548	-0.0184199464227	-0.0735312027402	-0.0962068820394	0.0210394029671	-0.0265398910648	0.0667156964999	-0.0202841664708	-0.0929060883761	0.0981374365926	-0.0285924316734	-0.054897179508
k__Bacteria;p__Bacteroidetes;c__Bacteroidia;o__Bacteroidales;f__Bacteroidaceae;g__Bacteroides;s__Bacteroides_fragilis	0.0742173086653	-0.0317908197155	-0.0760937543618	0.0699906484499	-0.130097021394	0.0213391212168	-0.0404620563989	0.0677562527707	-0.134040067009	-0.0137588719814	0.0753200344148	-0.0640898281074	-0.0853262355901	-0.101603604188	-0.092562559257	-0.174841169963	1.0	-0.0392096774055	-0.0886097794824	-0.0542960585921	-0.00559018160219	-0.00129672272885	-0.00914496357972	0.0191299973267	-0.0262780367529	-0.0273200165105	-0.0104497753596	-0.0187580936071	-0.0979419962196	0.0270247876617	-0.0286891873479	-0.0214113793693	0.0114732950969	-0.0627415891463	0.0130896577015	-0.052476461557	-0.0592078586289	-0.0568878960428	-0.0811530419242	0.0378241981192	-0.0220767395911	-0.00746990221035	0.0874521430576	0.0788481128411	0.113395185246	-0.0605734132945	-0.0156470684984	-0.0358687915894	-0.119469797817	-0.0601646757608	0.028919513485	-0.0789323189305	-0.0702785525562	-0.10863324203	-0.142357080514	-0.0339405469569	-0.0578442837338	-0.0790372635148	-0.0169725917577
k__Bacteria;p__Proteobacteria;c__Betaproteobacteria;o__Burkholderiales;f__Sutterellaceae;g__Sutterella;s__Sutterella_wadsworthensis	-0.0134407603005	-0.0831364383723	-0.0443077015565	0.0247973249538	-0.0811976756833	0.0301761051298	-0.119079659913	-0.0177822887552	0.050352145893	-0.093705784402	-0.00314486603147	-0.0812173577506	-0.064402041617	-0.0392277552079	-0.102495680631	-0.0549109233921	-0.0392096774055	1.0	-0.0163531961353	-0.118303486696	-0.100497498364	0.0850910834604	-0.0321100726725	-0.0291452584367	-0.0720569316968	-0.0962175322186	-0.0796873433892	0.0663196719471	-0.0459535533505	0.0338979976157	0.0868090528565	0.0454397147354	-0.111394453623	-0.0407869738726	-0.0109548355612	0.139241391051	-0.0902972938097	-0.0330516835648	-0.103068157642	-0.0818505996804	-0.0297837672444	-0.00859884559212	-0.0874685966576	-0.0597432161952	-0.0201610733829	-0.0274564429433	0.0247420091428	-0.0203872032227	-0.0184854242996	-0.0576604561431	-0.0360999724837	0.0727721520001	-0.109101467667	-0.0285956922414	-0.0446542709954	-0.02513566388	-0.110149456224	0.052920395514	-0.0453216241592
k__Bacteria;p__Bacteroidetes;c__Bacteroidia;o__Bacteroidales;f__Porphyromonadaceae;g__Barnesiella;s__Barnesiella_intestinihominis	-0.124358752604	-0.00254359148406	-0.0531824355539	0.050864602592	0.0109849555571	0.0112673882383	0.0162029478468	0.01721684084	-0.0436241950186	0.00918931296507	-0.137089325668	-0.0120046544592	0.0289398580482	0.0735856972187	-0.0808158778673	-0.0167362200531	-0.0886097794824	-0.0163531961353	1.0	0.0729594739961	-0.0370587095864	-0.0627045936129	-0.098756278065	-0.0184287364284	-0.0053355063297	0.0398324296293	0.005023301941	-0.0497074620878	0.0409056849954	0.0422600508454	-0.0409190709535	0.0648339972554	-0.00963325877493	-0.0125129496003	0.052493049601	-0.0685375378748	-0.00197907810425	0.0286226528454	0.102660985154	0.0381648135325	-0.0111816980867	-0.128501170016	-0.108018639733	-0.0703244440089	-0.0315906735165	-0.030349652495	-0.0372979526291	0.0871353554839	0.00983800501083	0.000363106691139	-0.123064027674	0.0308863348633	-0.118807911864	0.036971040668	-0.0242877398957	0.0118074220694	-0.105810294275	-0.0786735484945	0.00942345296738
k__Bacteria;p__Bacteroidetes;c__Bacteroidia;o__Bacteroidales;f__Odoribacteraceae;g__Odoribacter;s__Odoribacter_splanchnicus	5.65726895212e-05	-0.111353013952	-0.0443635098459	-0.0743591439933	0.0356705707448	-0.0984963049665	-0.0618212819147	-0.0562939854881	-0.0452972538044	0.00588475288528	-0.00960941158829	-0.0891495925625	0.0542813545507	-0.10480608929	0.0266713406565	0.0393383030272	-0.0542960585921	-0.118303486696	0.0729594739961	1.0	-0.00207856783722	-0.0476769232009	0.0136756832489	-0.0115246088654	0.0161607844868	-0.025252557444	-0.00428983506715	-0.0722386331815	0.0384129305482	0.0350403484343	0.0678787330523	-0.0523112360236	-0.000745711343655	0.00814029328343	-0.0864251131691	-0.0730457028097	-0.0117201042773	0.0904187477678	-0.0308730587334	-0.0192532855229	-0.066672270372	-0.0754501668137	-0.083827981967	-0.000918740825434	-0.0752710169853	-0.106547781221	-0.114118092343	-0.0851159693965	-0.00166737409479	-0.0401659782317	0.00369835047281	0.0893198492912	-0.0260202156726	-0.0222463036337	-0.122133518421	-0.100322427324	-0.161072206029	-0.0589585051589	-0.0006789323076
k__Bacteria;p__Bacteroidetes;c__Bacteroidia;o__Bacteroidales;f__Bacteroidaceae;g__Bacteroides;s__Bacteroides_salyersiae	-0.00061900458937	-0.0220685011274	-0.0162452349567	-0.020845123822	-8.99979776902e-05	0.0668086835119	-0.0321160557143	0.020353281938	-0.0347564545297	-0.081056737484	0.0921174784691	-0.038408044025	-0.0567889547403	-0.250604220729	0.0553826524577	-0.0797679589305	-0.00559018160219	-0.100497498364	-0.0370587095864	-0.00207856783722	1.0	0.0677196899949	0.0435988350172	0.0161441309878	-0.0520686994952	-0.0430817274908	-0.0723454907492	-0.0170557873868	0.0644761036927	-0.0725542208505	-0.0244032828574	-0.0216628114706	-0.0810459003679	-0.121785103079	-0.0890357220198	0.0513003654234	-0.011805335708	-0.0497264954886	-0.0231259872989	-0.0329173694174	-0.0297748179373	-0.164472008492	-0.0112235444253	0.0212545491906	-0.102330482129	-0.101453749625	-0.116036321774	0.027067070106	-0.0617937251182	-0.0546424577344	0.0505169367472	-0.055864392874	0.0289078738686	0.0162449116446	-0.0285529333301	0.024939083895	-0.0828936847044	-0.0653114102445	-0.0487549162189
k__Bacteria;p__Firmicutes;c__Clostridia;o__Clostridiales;f__Ruminococcaceae;g__Ruminiclostridium;s__[Eubacterium]_siraeum	-0.0906688645068	-0.0542575787942	-0.00555840919665	0.00459835128649	-0.0776584691547	-0.0802786554086	0.018452776275	0.00197492839906	0.0838574350135	-0.091568027094	-0.0213501218729	-0.0381563875666	-0.0433259016873	-0.157394100295	0.0142202850246	0.0576178002055	-0.00129672272885	0.0850910834604	-0.0627045936129	-0.0476769232009	0.0677196899949	1.0	-0.0513572831878	0.0715132836262	0.0682971758168	-0.0716276157563	-0.0857861927039	0.068128353972	-0.0396254433819	0.0561679442207	0.0155829095142	-0.0420233052993	0.0155203848163	-0.0484019176043	-0.0746817734027	-0.121476716178	-0.00876449964783	-0.00721824197806	-0.0374853842675	-0.0258927112532	0.0518601238513	0.0657094291755	-0.0922320248513	0.0496766946423	-0.0421172052755	0.00366844888716	-0.12536546798	0.00902539687249	0.1342574911	0.0256991129592	-0.0931459866976	0.104434324374	0.0287864971709	0.00846117595775	-0.0375161677763	-0.0119569503907	-0.000649780925997	-0.0137502075592	-0.0164189187621
k__Bacteria;p__Proteobacteria;c__Betaproteobacteria;o__Burkholderiales;f__Sutterellaceae;g__Parasutterella;s__Parasutterella_excrementihominis	-0.037031380263	0.0155234907283	0.00103650898802	-0.126015340203	-0.043175993559	-0.00345220527148	-0.0263843271766	0.0741677110373	-0.0609576419762	-0.0568023558381	0.0925870724155	-0.0755922309113	0.0323810525514	0.00837187579445	0.0962995084809	-0.0108932962027	-0.00914496357972	-0.0321100726725	-0.098756278065	0.0136756832489	0.0435988350172	-0.0513572831878	1.0	-0.0415250028819	-0.000920402857809	-0.0253715227738	-0.0160187710889	0.0166762310266	-0.00787181635163	0.0928338769715	-0.00678462276173	-0.123906330583	-0.110319979797	-0.0212434972008	-0.0439159063025	-0.0830581135376	-0.0450655341981	-0.125115005771	-0.0872784705336	-0.195314314985	-0.0337291342734	-0.0535751985074	-0.00145757501083	-0.000720249705446	-0.0813584134823	0.00456386722764	0.0179091233116	-0.129940414488	-0.0304454296846	-0.0561642275382	0.0961300839744	-0.0706014065022	-0.0996245762948	-0.0714729767828	-0.0977850100184	0.0510477775142	0.0715308245674	-0.045707655939	-0.0774909216305
k__Bacteria;p__Actinobacteria;c__Actinobacteria;o__Bifidobacteriales;f__Bifidobacteriaceae;g__Bifidobacterium;s__Bifidobacterium_adolescentis	-0.0482766292011	-0.129406674278	0.0165702527909	-0.0424954845661	-0.129376916998	-0.0240978137122	-0.142316611065	-0.052301846349	-0.0562613212671	-0.0596647157109	0.0507898560928	-0.166129236479	-0.0699631085148	-0.0252063323985	-0.0937360253687	0.0440550494019	0.0191299973267	-0.0291452584367	-0.0184287364284	-0.0115246088654	0.0161441309878	0.0715132836262	-0.0415250028819	1.0	-0.0386207805054	-0.116102219249	-0.0672480143591	-0.120092965358	-0.00540852323335	-0.0262731795339	-0.0329204801282	-0.0435850935473	-0.199890470044	-0.0197733060312	0.00530880140741	-0.0875872391447	-0.0332117461239	-0.0152787119627	0.0910585918737	-0.0811322222927	0.0221291337597	-0.0777537629611	-0.0180434398171	0.0210368240852	0.0526778420163	-0.0809278845368	-0.0977777500956	0.00362924723525	0.0609172932368	-0.00125162190413	-0.0627243962567	-0.136603425646	-0.0558294353323	0.0618159099783	0.066219529289	-0.0293775525571	0.156679183995	-0.013242544855	-0.0326639814133
k__Bacteria;p__Firmicutes;c__Clostridia;o__Clostridiales;f__Oscillospiraceae;g__Oscillibacter;s__Oscillibacter_sp._KLE_1745	-0.104009677775	0.0384546411441	0.0716829787413	0.0427877742052	-0.0934109581042	0.00708175282202	0.0279135556538	-0.0171467582038	0.0241082537748	-0.119823368498	-0.119471485725	-0.0491528635343	-0.0749756484608	-0.0201529081152	0.0369159139137	0.0315742062935	-0.0262780367529	-0.0720569316968	-0.0053355063297	0.0161607844868	-0.0520686994952	0.0682971758168	-0.000920402857809	-0.0386207805054	1.0	0.0664660906365	-0.0629007705727	-0.033348948202	0.0725492214116	-0.168650818616	-0.0177200935537	-0.0161489839599	-0.0730764191145	-0.148760422654	-0.0301277425038	-0.00146347774865	0.0522046843289	-0.149065226374	-0.125000398233	0.0403425780825	-0.0704770522978	-0.0705390749424	-0.0035952352733	-0.0890479010066	-0.212343696571	-0.0658847804792	-0.0184614319941	0.0259785318507	0.0243525749358	0.0488968501255	-0.0187141279661	-0.0182487432755	-0.05433688635	-0.0320807269825	-0.0391623139291	-0.0302501073754	-0.0596986741341	-0.0458584517934	-0.0918862152545
k__Bacteria;p__Bacteroidetes;c__Bacteroidia;o__Bacteroidales;f__Bacteroidaceae;g__Bacteroides;s__Bacteroides_coprophilus	0.00202794371955	-0.0226109934372	0.033851846424	-0.0359752280233	-0.0625193472635	0.0333320376164	-0.0403681871604	-0.0697065688728	0.0369815122458	0.0130742609751	-0.101002448806	0.125795681645	-0.0486491657465	0.0159644116816	-0.0333803000067	0.0134207728074	-0.0273200165105	-0.0962175322186	0.0398324296293	-0.025252557444	-0.0430817274908	-0.0716276157563	-0.0253715227738	-0.116102219249	0.0664660906365	1.0	-0.00628269495853	-0.000245964773731	-0.0634607883123	-0.0385366679088	0.0124851509918	-0.0321773553414	-0.111423999823	-0.0605107132498	-0.0311042060846	-0.0780115470993	-0.173449913812	0.00102141160268	-0.0740364269301	-0.0594569283433	0.0395593299547	-0.0120719545869	-0.0331938149377	-0.0673180095182	0.0296749822486	0.0931836780108	0.0654836555209	-0.117141457113	0.0342283657131	-0.0338001288665	0.0680679329124	-0.152696968678	-0.112893481811	-0.0347574951816	-0.0163416187614	0.0105194027041	-0.0108282469493	0.0158434958346	0.0100761652381
k__Bacteria;p__Firmicutes;c__Clostridia;o__Clostridiales;f__Lachnospiraceae;g__Roseburia;s__Roseburia_intestinalis	-0.0983169145979	-0.0373943974758	-0.0492985703639	0.0285658324103	-0.00511725543784	-0.0818485826817	-0.0393945088765	0.030340509357	-0.00384682698779	-0.01224892574	-0.0298272135794	0.0835041847439	0.00574838252678	0.0196216179626	-0.00500840383283	0.0321069041889	-0.0104497753596	-0.0796873433892	0.005023301941	-0.00428983506715	-0.0723454907492	-0.0857861927039	-0.0160187710889	-0.0672480143591	-0.0629007705727	-0.00628269495853	1.0	0.0181526066176	-0.0332489534243	-0.0320294591713	-0.123614299633	-0.0732681466328	0.0230027576502	-0.0124806312907	-0.019749094253	-0.00396828969019	-0.0356333251321	0.0569072415496	-0.0411713555456	-0.0337902657129	-0.0698445499772	-0.13974458164	-0.0879071868353	-0.0489966664042	-0.0816911923974	0.0389531213244	0.00129413898205	-0.0789072502047	-0.0521764397943	0.00213233670674	-0.0617966975853	-0.0603122551629	0.0197358505456	-0.104410783598	0.0172895235138	0.0635393813704	-0.0926210032554	-0.0176813354296	-0.00656258088061
k__Bacteria;p__Firmicutes;c__Clostridia;o__Clostridiales;f__Lachnospiraceae;g__Roseburia;s__Roseburia_hominis	-0.0253364809248	0.0789636745918	0.00321950802373	-0.00764314548997	0.0450391961194	-0.0570538689212	0.00249378193225	0.0156758766144	-0.103611467732	-0.0180611745802	-0.0743279680628	-0.0526293503308	-0.106862607353	-0.0662075014015	-0.134709800908	-0.0239933695218	-0.0187580936071	0.0663196719471	-0.0497074620878	-0.0722386331815	-0.0170557873868	0.068128353972	0.0166762310266	-0.120092965358	-0.033348948202	-0.000245964773731	0.0181526066176	1.0	0.0461749516488	0.03845817025	-0.101875845748	-0.0887041771956	0.0300446858924	0.026076756079	-0.128325616736	0.0131580271051	0.0180687891472	-0.0319664479399	0.0461146356707	-0.0398133912122	-0.0370666568027	-0.0385435200051	-0.153263265643	-0.0382037370635	-0.119940872986	-0.010937237875	-0.0448370057405	0.0625031124817	-0.18032153521	0.0410731733403	-0.0201238954686	-0.0649455419338	0.139725915606	0.00483398119969	0.0244332730778	0.0362088360435	-0.0204256493504	0.0736698345117	-0.0897414949697
k__Bacteria;p__Bacteroidetes;c__Bacteroidia;o__Bacteroidales;f__Porphyromonadaceae;g__Parabacteroides;s__Parabacteroides_johnsonii	-0.0608694516761	0.051440253312	0.0438049244907	-0.126176205184	-0.0992694654485	0.0434188224441	-0.112057151136	0.0623918716972	-0.0342716248615	-0.0626731504114	-0.0326389397689	0.0261357749339	0.0226191525628	-0.0765793688552	0.0155252728866	0.0407755562823	-0.0979419962196	-0.0459535533505	0.0409056849954	0.0384129305482	0.0644761036927	-0.0396254433819	-0.00787181635163	-0.00540852323335	0.0725492214116	-0.0634607883123	-0.0332489534243	0.0461749516488	1.0	-0.0546009900127	-0.107364661712	-0.150093251144	-0.0187421035467	-0.079299965837	0.0298939881578	0.026487518515	0.0114673472767	-0.00336934925763	0.0478310113671	0.0791049811766	0.0465173714124	-0.13760943885	-0.0697568125777	-0.0578471366597	0.00949248577338	0.0413120967936	-0.0431782238079	-0.0349066409803	0.0423039396936	0.0234954269303	-0.15586434702	0.0335496667163	-0.0388045832382	-0.062801269842	-0.0449818420377	-0.124241818036	-0.00107900495439	0.0106361613684	0.0209308821881
k__Bacteria;p__Actinobacteria;c__Actinobacteria;o__Bifidobacteriales;f__Bifidobacteriaceae;g__Bifidobacterium;s__Bifidobacterium_longum	-0.0999631661728	-0.14505016886	0.00699586371869	0.00902046321422	-0.0856139173939	-0.131436434508	-0.0209014260623	-0.0592211974544	0.0527117021729	0.0842754575486	0.0281311249357	-0.0720376800815	0.0197784367596	-0.0245852855169	-0.13293166829	0.0273731354882	0.0270247876617	0.0338979976157	0.0422600508454	0.0350403484343	-0.0725542208505	0.0561679442207	0.0928338769715	-0.0262731795339	-0.168650818616	-0.0385366679088	-0.0320294591713	0.03845817025	-0.0546009900127	1.0	0.142527400651	-0.0345050252212	-0.0466679165803	-0.127900163838	-0.0522816059198	0.0550353705818	-0.126700711037	-0.0933763486057	-0.103848189294	0.0288658542357	-0.11305436382	0.139417710606	-0.0795779831979	0.0447603625027	-0.150972613097	0.0330201359497	-0.0252214929302	0.0520688313989	0.0445231233229	-0.0316964467618	-0.0133443948234	-0.143667059044	0.0140278653565	-0.02451160441	0.0272354094189	0.0874155689854	0.0547613091473	-0.0847865894615	0.0588590972253
