#taxonomy	k__Bacteria;p__Bacteroidetes;c__Bacteroidia;o__Bacteroidales;f__Bacteroidaceae;g__Bacteroides;s__Bacteroides_vulgatus	k__Bacteria;p__Bacteroidetes;c__Bacteroidia;o__Bacteroidales;f__Bacteroidaceae;g__Bacteroides;s__Bacteroides_uniformis	k__Bacteria;p__Bacteroidetes;c__Bacteroidia;o__Bacteroidales;f__Rikenellaceae;g__Alistipes;s__Alistipes_putredinis	k__Bacteria;p__Bacteroidetes;c__Bacteroidia;o__Bacteroidales;f__Prevotellaceae;g__Prevotella;s__Prevotella_copri	k__Bacteria;p__Bacteroidetes;c__Bacteroidia;o__Bacteroidales;f__Bacteroidaceae;g__Bacteroides;s__Bacteroides_stercoris	k__Bacteria;p__Bacteroidetes;c__Bacteroidia;o__Bacteroidales;f__Bacteroidaceae;g__Bacteroides;s__Bacteroides_ovatus	k__Bacteria;p__Bacteroidetes;c__Bacteroidia;o__Bacteroidales;f__Rikenellaceae;g__Alistipes;s__Alistipes_shahii	k__Bacteria;p__Firmicutes;c__Clostridia;o__Clostridiales;f__Ruminococcaceae;g__Faecalibacterium;s__Faecalibacterium_prausnitzii	k__Bacteria;p__Bacteroidetes;c__Bacteroidia;o__Bacteroidales;f__Rikenellaceae;g__Alistipes;s__Alistipes_finegoldii	k__Bacteria;p__Bacteroidetes;c__Bacteroidia;o__Bacteroidales;f__Porphyromonadaceae;g__Parabacteroides;s__Parabacteroides_distasonis	k__Bacteria;p__Bacteroidetes;c__Bacteroidia;o__Bacteroidales;f__Bacteroidaceae;g__Bacteroides;s__Bacteroides_thetaiotaomicron	k__Bacteria;p__Bacteroidetes;c__Bacteroidia;o__Bacteroidales;f__Bacteroidaceae;g__Bacteroides;s__Bacteroides_coprocola	k__Bacteria;p__Bacteroidetes;c__Bacteroidia;o__Bacteroidales;f__Bacteroidaceae;g__Bacteroides;s__Bacteroides_cellulosilyticus	k__Bacteria;p__Bacteroidetes;c__Bacteroidia;o__Bacteroidales;f__Rikenellaceae;g__Alistipes;s__Alistipes_obesi	k__Bacteria;p__Firmicutes;c__Clostridia;o__Clostridiales;f__Lachnospiraceae;g__;s__[Eubacterium]_rectale	k__Bacteria;p__Bacteroidetes;c__Bacteroidia;o__Bacteroidales;f__Bacteroidaceae;g__Bacteroides;s__Bacteroides_plebeius	k__Bacteria;p__Bacteroidetes;c__Bacteroidia;o__Bacteroidales;f__Bacteroidaceae;g__Bacteroides;s__Bacteroides_fragilis	k__Bacteria;p__Proteobacteria;c__Betaproteobacteria;o__Burkholderiales;f__Sutterellaceae;g__Sutterella;s__Sutterella_wadsworthensis	k__Bacteria;p__Bacteroidetes;c__Bacteroidia;o__Bacteroidales;f__Porphyromonadaceae;g__Barnesiella;s__Barnesiella_intestinihominis	k__Bacteria;p__Bacteroidetes;c__Bacteroidia;o__Bacteroidales;f__Odoribacteraceae;g__Odoribacter;s__Odoribacter_splanchnicus	k__Bacteria;p__Bacteroidetes;c__Bacteroidia;o__Bacteroidales;f__Bacteroidaceae;g__Bacteroides;s__Bacteroides_salyersiae	k__Bacteria;p__Firmicutes;c__Clostridia;o__Clostridiales;f__Ruminococcaceae;g__Ruminiclostridium;s__[Eubacterium]_siraeum	k__Bacteria;p__Proteobacteria;c__Betaproteobacteria;o__Burkholderiales;f__Sutterellaceae;g__Parasutterella;s__Parasutterella_excrementihominis	k__Bacteria;p__Actinobacteria;c__Actinobacteria;o__Bifidobacteriales;f__Bifidobacteriaceae;g__Bifidobacterium;s__Bifidobacterium_adolescentis	k__Bacteria;p__Firmicutes;c__Clostridia;o__Clostridiales;f__Oscillospiraceae;g__Oscillibacter;s__Oscillibacter_sp._KLE_1745	k__Bacteria;p__Bacteroidetes;c__Bacteroidia;o__Bacteroidales;f__Bacteroidaceae;g__Bacteroides;s__Bacteroides_coprophilus	k__Bacteria;p__Firmicutes;c__Clostridia;o__Clostridiales;f__Lachnospiraceae;g__Roseburia;s__Roseburia_intestinalis	k__Bacteria;p__Firmicutes;c__Clostridia;o__Clostridiales;f__Lachnospiraceae;g__Roseburia;s__Roseburia_hominis	k__Bacteria;p__Bacteroidetes;c__Bacteroidia;o__Bacteroidales;f__Porphyromonadaceae;g__Parabacteroides;s__Parabacteroides_johnsonii	k__Bacteria;p__Actinobacteria;c__Actinobacteria;o__Bifidobacteriales;f__Bifidobacteriaceae;g__Bifidobacterium;s__Bifidobacterium_longum	k__Bacteria;p__Firmicutes;c__Clostridia;o__Clostridiales;f__;g__Flavonifractor;s__Flavonifractor_plautii	k__Bacteria;p__Firmicutes;c__Clostridia;o__Clostridiales;f__Clostridiaceae;g__Clostridium;s__Clostridium_phoceensis	k__Bacteria;p__Verrucomicrobia;c__Verrucomicrobiae;o__Verrucomicrobiales;f__Akkermansiaceae;g__Akkermansia;s__Akkermansia_muciniphila	k__Bacteria;p__Bacteroidetes;c__Bacteroidia;o__Bacteroidales;f__Prevotellaceae;g__Paraprevotella;s__Paraprevotella_xylaniphila	k__Bacteria;p__Firmicutes;c__Clostridia;o__Clostridiales;f__Ruminococcaceae;g__Ruminococcus;s__Ruminococcus_callidus	k__Bacteria;p__Bacteroidetes;c__Bacteroidia;o__Bacteroidales;f__Rikenellaceae;g__Alistipes;s__Alistipes_senegalensis	k__Bacteria;p__Firmicutes;c__Clostridia;o__Clostridiales;f__Lachnospiraceae;g__Blautia;s__Blautia_sp._KLE_1732	k__Bacteria;p__Bacteroidetes;c__Bacteroidia;o__Bacteroidales;f__Bacteroidaceae;g__Bacteroides;s__Bacteroides_oleiciplenus	k__Bacteria;p__Firmicutes;c__Clostridia;o__Clostridiales;f__Ruminococcaceae;g__Ruminococcus;s__Ruminococcus_bicirculans	k__Bacteria;p__Bacteroidetes;c__Bacteroidia;o__Bacteroidales;f__Bacteroidaceae;g__Bacteroides;s__Bacteroides_fluxus	k__Bacteria;p__Bacteroidetes;c__Bacteroidia;o__Bacteroidales;f__Prevotellaceae;g__Prevotella;s__Prevotella_stercorea	k__Bacteria;p__Firmicutes;c__Clostridia;o__Clostridiales;f__Lachnospiraceae;g__Dorea;s__Dorea_longicatena	k__Bacteria;p__Firmicutes;c__Clostridia;o__Clostridiales;f__Eubacteriaceae;g__Eubacterium;s__[Eubacterium]_eligens	k__Bacteria;p__Firmicutes;c__Clostridia;o__Clostridiales;f__Ruminococcaceae;g__;s__Ruminococcaceae_bacterium_D16	k__Bacteria;p__Firmicutes;c__Clostridia;o__Clostridiales;f__Lachnospiraceae;g__Coprococcus;s__Coprococcus_comes	k__Bacteria;p__Proteobacteria;c__Gammaproteobacteria;o__Enterobacterales;f__Enterobacteriaceae;g__Escherichia;s__Escherichia_coli	k__Bacteria;p__Firmicutes;c__Clostridia;o__Clostridiales;f__Ruminococcaceae;g__Anaerotruncus;s__Anaerotruncus_colihominis	k__Bacteria;p__Firmicutes;c__Clostridia;o__Clostridiales;f__Lachnospiraceae;g__Blautia;s__Blautia_obeum	k__Bacteria;p__Bacteroidetes;c__Bacteroidia;o__Bacteroidales;f__Odoribacteraceae;g__Odoribacter;s__Odoribacter_laneus	k__Bacteria;p__Firmicutes;c__Clostridia;o__Clostridiales;f__Ruminococcaceae;g__Ruminiclostridium;s__[Clostridium]_leptum	k__Bacteria;p__Bacteroidetes;c__Bacteroidia;o__Bacteroidales;f__Porphyromonadaceae;g__Parabacteroides;s__Parabacteroides_goldsteinii	k__Bacteria;p__Firmicutes;c__Clostridia;o__Clostridiales;f__Lachnospiraceae;g__Anaerostipes;s__Anaerostipes_hadrus	k__Bacteria;p__Firmicutes;c__Clostridia;o__Clostridiales;f__Ruminococcaceae;g__Ruminococcus;s__Ruminococcus_lactaris	k__Bacteria;p__Firmicutes;c__Clostridia;o__Clostridiales;f__Clostridiaceae;g__Clostridium;s__Clostridium_sp._L2-50	k__Bacteria;p__Firmicutes;c__Clostridia;o__Clostridiales;f__Clostridiaceae;g__Clostridium;s__Clostridium_sp._M62/1	k__Bacteria;p__Firmicutes;c__Clostridia;o__Clostridiales;f__;g__Intestinimonas;s__Intestinimonas_butyriciproducens	k__Bacteria;p__Actinobacteria;c__Actinobacteria;o__Bifidobacteriales;f__Bifidobacteriaceae;g__Bifidobacterium;s__Bifidobacterium_bifidum	k__Bacteria;p__Firmicutes;c__Negativicutes;o__Veillonellales;f__Veillonellaceae;g__Dialister;s__Dialister_invisus	k__Bacteria;p__Bacteroidetes;c__Bacteroidia;o__Bacteroidales;f__Bacteroidaceae;g__Bacteroides;s__Bacteroides_salanitronis
k__Bacteria;p__Bacteroidetes;c__Bacteroidia;o__Bacteroidales;f__Bacteroidaceae;g__Bacteroides;s__Bacteroides_vulgatus	1.0	0.0835907303148	-0.0821092973881	-0.00734655578414	-0.0214041346225	0.0306096926982	-0.13916314227	-0.0727192963153	-0.0222077951236	0.126200476169	0.0335449126108	0.00412585590863	-0.0865070556596	0.0261194782694	-0.0583715559924	-0.044492739041	0.145862288174	-0.0149113282462	-0.0357062923038	-0.0967742438749	0.00653642902805	-0.0807205599384	-0.00330938735455	-0.0526292667218	-0.111584966532	0.0742588944905	0.0411244720701	-0.167092164626	0.00644280025935	-0.0166294089057	-0.0776935846012	-0.00598836721456	-0.00223995619945	-0.0804544678499	-0.105029776464	-0.071597102734	-0.100093646806	-0.0487387127073	-0.0600307823442	0.00688207451596	-0.0255463966233	-0.0903047817594	-0.0231801843027	-0.00695404092765	-0.0848188680166	-0.121438457774	0.0399389252432	-0.0367648952165	0.125040527131	0.117875658592	0.0623373228493	0.0241304645699	0.142757151964	0.0430030244071	-0.0107400563071	-0.125660826895	-0.0470396461415	-0.0498953983276	-0.031943794119
k__Bacteria;p__Bacteroidetes;c__Bacteroidia;o__Bacteroidales;f__Bacteroidaceae;g__Bacteroides;s__Bacteroides_uniformis	0.0835907303148	1.0	-0.116596297652	-0.0890847968036	0.0101661232219	-0.0968184050582	0.0137320422161	-0.0117114287692	0.0161791213593	-0.0026551884223	-0.0225242239887	-0.130499717693	-0.0515882022896	0.0938173407747	-0.053721551885	-0.125484929895	0.0646641628386	-0.0222185621264	0.0398961154885	0.00907027609753	-0.0786695841189	-0.110489479874	-0.13391951738	-0.0322318897522	-0.102886726345	-0.0255825205051	-0.0460416377568	0.0340519954758	-0.0316353011333	0.0451849629403	0.0154858523624	-0.0355683139204	-0.0482104671156	-0.0725844196951	-0.023782188547	-0.13294190486	-0.094722022541	-0.103726475715	0.0101388870535	-0.0998432107012	0.00441276808273	0.0568834419204	-0.0176118739485	0.0316899956408	-0.0693394875189	0.0176535646046	0.0115227831137	-0.0506555385093	-0.0225101782894	0.0929239094567	-0.0279691733706	-0.0412503263541	-0.0133604002712	0.0350730676735	-0.0558186465632	0.128888196453	-0.0669880128845	-0.106006790733	0.115218107261
k__Bacteria;p__Bacteroidetes;c__Bacteroidia;o__Bacteroidales;f__Rikenellaceae;g__Alistipes;s__Alistipes_putredinis	-0.0821092973881	-0.116596297652	1.0	0.00109505259681	-0.0133429038169	-0.0163290851721	0.0621769340548	-0.015747379808	-0.0612497310795	-0.0550707136418	-0.100596871707	-0.0652440614278	-0.148565563099	-0.139569419154	-0.127435464062	-0.030723104197	-0.00885517579784	-0.0811030692213	-0.0169881331591	-0.0636212225317	-0.050773034727	-0.00256481632261	0.0419623344008	-0.0089308460298	-0.0573438357557	-0.096221950486	-0.011303515078	0.0483224071212	0.0182961675163	-0.137601065657	0.0355554340191	-0.0408620296274	-0.0290867928297	0.0194091396206	-0.0245884749617	0.0391484656849	0.0472746299866	-0.0729806680473	0.0368639651696	0.012720866798	-0.0371878292538	0.0408543547405	0.0264337292472	-0.15113175396	0.0805896002856	-0.0549622300792	-0.0633819460588	-0.00211051359433	-0.0574712369132	-0.0341682712803	-0.0974955432193	-0.033539392684	0.0741861580643	-0.0331745571792	-0.00317333998844	-0.0215842104139	-0.0463543143016	-0.00687449466785	0.00726878927151
k__Bacteria;p__Bacteroidetes;c__Bacteroidia;o__Bacteroidales;f__Prevotellaceae;g__Prevotella;s__Prevotella_copri	-0.00734655578414	-0.0890847968036	0.00109505259681	1.0	-0.0643032140957	-0.0345203639346	0.0254097755305	-0.00489155102154	0.0242198923228	-0.0255466538699	0.0626649613899	-0.105260234135	-0.0372434467201	-0.0347599314513	-0.00379087622992	-0.0337883061583	-0.0681580499088	-0.0274123743725	-0.0433555191728	-0.166214241844	0.130198979989	-0.0722860630306	0.0286889412081	-0.0989540080853	-0.0227712441919	-0.0912058850756	0.0625313141305	0.0213148623578	0.066466039946	-0.00458390833814	-0.0595226178872	0.0532282792696	0.0234320250099	-0.087777422363	0.0255109519174	4.84519089061e-05	-0.160751413042	-0.0835186459051	-0.0265929758091	-0.0222521277825	-0.149384030939	-0.046231643331	-0.0121524941752	-0.0505478842414	-0.123401877649	-0.0254864016971	0.057983812741	-0.0274727274762	-0.0652109516132	-0.0262510062699	-0.04928988245	0.0235280609184	-0.0167376476895	0.0299346108265	-0.0416759789428	0.0266315821105	-0.026738724023	0.078269710543	-0.229547161501
k__Bacteria;p__Bacteroidetes;c__Bacteroidia;o__Bacteroidales;f__Bacteroidaceae;g__Bacteroides;s__Bacteroides_stercoris	-0.0214041346225	0.0101661232219	-0.0133429038169	-0.0643032140957	1.0	0.042339400872	-0.0432438456836	-0.068095836248	-0.0153411868708	0.0232401584579	-0.0145676344208	-0.0895981435034	-0.0463657013068	0.00844755124599	-0.083987408824	-0.0314088002524	-0.0779932174355	-0.0741111080517	-0.0213342765355	-0.0512720386913	-0.100067402187	0.0460822900795	-0.0328979285059	-0.0496331616637	0.030188650544	-0.0491273862792	0.0145184368517	0.00871104246601	0.0246136906174	-0.0239615989779	0.0830964369151	-0.111353227805	0.0563424448656	0.0883636455053	-0.00828702252087	-0.00943445532672	-0.0757415436153	-0.120891120699	-0.00508206757325	-0.0719987196133	-0.0784929100341	-0.124268727785	-0.0752488792305	-0.0220622933908	-0.151349969057	0.0353408476358	0.0369771917324	0.00431906299971	-0.123216269027	0.0168407877833	-0.0885538016646	-0.110462283943	0.0405345423392	-0.0151604242432	-0.00415096846659	0.00344816726285	-0.0324192006054	-0.0467956864698	0.0299614729519
k__Bacteria;p__Bacteroidetes;c__Bacteroidia;o__Bacteroidales;f__Bacteroidaceae;g__Bacteroides;s__Bacteroides_ovatus	0.0306096926982	-0.0968184050582	-0.0163290851721	-0.0345203639346	0.042339400872	1.0	-0.149153324634	-0.167402677236	0.0206737585671	-0.0953290474814	0.0347705328043	-0.0194620847942	-0.0748950411942	-0.0164184702181	-0.135357334566	0.0248746325107	0.0445644043936	-0.0569538310261	-0.0812769976989	-0.154104081441	0.0523499830275	-0.0480862771467	0.00163357751858	0.0149343048441	0.0601748285361	-0.0597053783587	-0.0119640138298	-0.0531752624527	-0.051315462421	0.0142984538159	-0.00738849796348	0.0342572682408	-0.042779761753	-0.151621803462	-0.00784528241653	0.057842488889	-0.0381046881301	-0.0284690299528	-0.111076521505	-0.0364459290544	0.036004561396	-0.0928770738652	-0.153127029906	0.0208610619228	0.0665452269058	-0.033723529736	-0.132602453953	-0.00977024897907	-0.0409157893815	-0.149038509333	0.0966399538837	0.0289103739192	-0.142173915715	-0.113028282875	-0.0884027289667	0.0421985375547	0.0680094353344	0.00561670601323	0.006651715867
k__Bacteria;p__Bacteroidetes;c__Bacteroidia;o__Bacteroidales;f__Rikenellaceae;g__Alistipes;s__Alistipes_shahii	-0.13916314227	0.0137320422161	0.0621769340548	0.0254097755305	-0.0432438456836	-0.149153324634	1.0	-0.029466807715	-0.0701590550572	-0.0731082949664	0.0447693795361	0.132353270555	0.0108050752333	0.0333666400977	0.0296000276171	-0.0824122650965	-0.023195612655	-0.0171122377485	0.0538492308277	0.0382595173887	-0.0180541971387	-0.0605829075664	0.01319045648	0.0239674222393	-0.0829513877258	-0.0381807027842	-0.101585159566	-0.00186052582222	0.0309836325524	-0.108427563726	0.00731542557223	-0.0189625399247	-0.0650817816278	0.0381218434573	-0.00449876910429	-0.044154800954	0.0804687870614	0.010924847064	-0.0595521864939	-0.182930527391	-0.148729330465	0.152401659662	-0.0545757020978	0.0208479879439	0.0210705020875	-0.181998068383	-0.0729630872128	-0.145045056146	-0.0882732698023	-0.0532670277138	-0.0413416279965	-0.014136836057	-0.0452386187723	0.0685914976081	0.0463101680065	0.0479076277401	-0.0735184221896	-0.0928647810393	-0.0160957826304
k__Bacteria;p__Firmicutes;c__Clostridia;o__Clostridiales;f__Ruminococcaceae;g__Faecalibacterium;s__Faecalibacterium_prausnitzii	-0.0727192963153	-0.0117114287692	-0.015747379808	-0.00489155102154	-0.068095836248	-0.167402677236	-0.029466807715	1.0	-0.156413470742	-0.0570859792417	-0.0053850159061	-0.0886376985727	-0.0800508231475	-0.0392549973656	-0.00166527217472	0.0011458723632	0.00571408717184	-0.0565291621704	-0.122842920782	-0.00672931317848	0.0168907077801	0.0172463977896	-0.0870753870418	-0.0166662455073	-0.0807433909146	-0.0118558672945	-0.0926959063754	-0.0180566534004	-0.0378041937509	0.0613429854577	0.0309506545436	0.0271878252903	-0.0256923243619	0.0599378430475	-0.083859174518	-0.20576416912	-0.143474446142	-0.0639533549409	-0.0484323794245	0.0445965293446	0.0531072187453	-0.113893380351	-0.0379711997837	0.0503525485144	-0.011240001321	-0.0614327024817	-0.0306140210119	-0.0360977427507	-0.0210774988918	0.00761583838545	-0.0608246731149	-0.0996301933668	-0.0762199806159	-0.0412420168626	-0.0601612683807	0.0740255205188	-0.0272564851268	-0.0501615070505	-0.0231458093491
k__Bacteria;p__Bacteroidetes;c__Bacteroidia;o__Bacteroidales;f__Rikenellaceae;g__Alistipes;s__Alistipes_finegoldii	-0.0222077951236	0.0161791213593	-0.0612497310795	0.0242198923228	-0.0153411868708	0.0206737585671	-0.0701590550572	-0.156413470742	1.0	-0.0255113983179	-0.0202067012834	0.00704716732423	-0.0286631703879	0.0123756264558	0.0135448419751	0.0560220371438	-0.0325868465777	0.0555232984205	0.116215552103	-0.0712148030912	-0.0956567429065	-0.0359354465866	-0.0582289056706	0.0320578128176	0.0452439186924	0.0267307090617	0.0835720705369	-0.0716549210347	-0.063845117299	-0.0799282242415	-0.0518932171648	-0.00339252363401	-0.0781275738823	-0.0396812275176	0.00242734523798	0.0347411175733	-0.0140542805366	-0.000932009928713	-0.0466436879319	-0.100647491852	-0.0401494462275	-0.135726774164	-0.0999162790477	-0.117993011277	-0.018786745375	-0.100308669632	0.0405520054924	-0.0869589392304	-0.0687181865603	-0.121484676835	0.107665416534	-0.108348697458	0.0429227952525	-0.03173819086	-0.0991553666767	0.00282774042506	-0.0359537147562	0.0636459830672	-0.0760500613241
k__Bacteria;p__Bacteroidetes;c__Bacteroidia;o__Bacteroidales;f__Porphyromonadaceae;g__Parabacteroides;s__Parabacteroides_distasonis	0.126200476169	-0.0026551884223	-0.0550707136418	-0.0255466538699	0.0232401584579	-0.0953290474814	-0.0731082949664	-0.0570859792417	-0.0255113983179	1.0	0.0109371787654	-0.0768460804648	-0.0461902472048	-0.00982806715436	-0.0743922179841	0.0147876407575	-0.0290318732234	-0.0412445382135	-0.0801735271586	-0.0233746781378	-0.105921171755	0.00189793534281	0.029917207312	0.0454939943962	0.0778316742609	-0.214487392138	-0.0240780188119	0.000279781799528	0.0443967316032	0.00430407862176	0.0142914066106	-0.0688906814092	0.0396089340577	-0.0998192146789	0.0123991711153	-0.0324855745883	-0.064481764779	0.0120011360407	-0.141405862953	-0.0991914122744	0.0477966593855	0.0576302952209	-0.0284402819527	-0.0701032492551	-0.115300531382	0.0341341501695	-0.0289497147115	-0.178411197345	-0.0326311899815	-0.0466161180923	-0.0690808880928	-0.0333626190724	-0.00748671175897	-0.0903608897721	-0.0774184327528	-0.0957530315446	0.0337392514167	-0.0500532846582	0.027916258891
k__Bacteria;p__Bacteroidetes;c__Bacteroidia;o__Bacteroidales;f__Bacteroidaceae;g__Bacteroides;s__Bacteroides_thetaiotaomicron	0.0335449126108	-0.0225242239887	-0.100596871707	0.0626649613899	-0.0145676344208	0.0347705328043	0.0447693795361	-0.0053850159061	-0.0202067012834	0.0109371787654	1.0	-0.0610116182451	-0.10860576734	-0.0540605280962	0.0158500247762	-0.0520431623177	0.0929230511184	-0.0613713917206	0.0368403924328	-0.0866308598553	-0.00689245519138	-0.0786223385343	-0.021994859566	0.0100879258456	-0.010472899396	-0.0560383536466	-0.0343909424154	-0.0411279162845	-0.118783795715	0.0146683322554	0.0304039127581	-0.00229693865786	-0.0114985238154	0.0360849249448	-0.120853405055	0.00797562602948	-0.0282887017265	-0.0154767877161	-0.0370370505981	-0.0791828099872	-0.0719823333707	-0.043313202023	0.0313520930717	-0.0214316110678	0.0538367024292	-0.108749791698	0.011397208007	-0.0438954621846	-0.0693163888007	0.0382878419351	-0.129805626963	0.0833205502512	0.0221417840845	-0.0547917706228	0.000320654143798	0.120791550679	-0.0367060629312	-0.032991632382	-0.0461189330532
k__Bacteria;p__Bacteroidetes;c__Bacteroidia;o__Bacteroidales;f__Bacteroidaceae;g__Bacteroides;s__Bacteroides_coprocola	0.00412585590863	-0.130499717693	-0.0652440614278	-0.105260234135	-0.0895981435034	-0.0194620847942	0.132353270555	-0.0886376985727	0.00704716732423	-0.0768460804648	-0.0610116182451	1.0	0.0982900262128	0.131195753619	0.0504762376929	0.0358161261445	-0.0587065201101	0.0159908822237	0.00380486824633	-0.110881087317	-0.0734021670269	-0.0088257344508	0.0470930019361	0.114184492082	-0.0435627338855	-0.068487001791	0.0565065305891	-0.0131892321936	-0.0950520781292	-0.1406969148	0.0067130728668	0.00434079739001	-0.0325215668611	-0.0310937840757	0.003328190547	-0.0793150017305	0.0563409540815	-0.0337015681602	-0.104136845206	-0.0840010226189	-0.0761809624707	-0.016572590042	-0.188850893949	-0.0485985309543	-0.0592914865679	-0.106109776536	-0.0289029873181	-0.0472071961641	0.00363596329899	-0.129497471042	-0.0485155788079	0.0816667171775	-0.024036141725	0.0642542485683	-0.0483266591526	-0.0559831362922	-0.0811047672107	-0.16530248503	-0.0334930329179
k__Bacteria;p__Bacteroidetes;c__Bacteroidia;o__Bacteroidales;f__Bacteroidaceae;g__Bacteroides;s__Bacteroides_cellulosilyticus	-0.0865070556596	-0.0515882022896	-0.148565563099	-0.0372434467201	-0.0463657013068	-0.0748950411942	0.0108050752333	-0.0800508231475	-0.0286631703879	-0.0461902472048	-0.10860576734	0.0982900262128	1.0	-0.0468399584693	-0.0590295737063	-0.0990476038755	-0.0632786217317	0.0434455777119	-0.122663950819	-0.0758194680812	-0.117291967857	0.0465659474136	0.0778968038416	-0.00111188552253	-0.112397251325	-0.0604028289711	0.069247046432	0.0893960189516	0.0237280673982	-0.0693004283422	-0.00637178618821	-0.0847111385446	0.0648885791189	0.0846483008967	0.0715323603452	-0.150541021909	-0.00432343379359	0.0504227923143	-0.0462003201068	-0.103561029635	-0.139406520187	-0.0386237161216	0.0594333723307	-0.0569491700408	0.0123625508485	-0.0933613560887	0.021217068261	0.0262714939074	-0.078686108499	-0.0521955727528	-0.021903322087	0.0201045117055	-0.0781525471529	-0.054170267638	-0.123754506285	-0.0164828399029	-0.0313954037862	0.0102763702744	-0.148796512671
k__Bacteria;p__Bacteroidetes;c__Bacteroidia;o__Bacteroidales;f__Rikenellaceae;g__Alistipes;s__Alistipes_obesi	0.0261194782694	0.0938173407747	-0.139569419154	-0.0347599314513	0.00844755124599	-0.0164184702181	0.0333666400977	-0.0392549973656	0.0123756264558	-0.00982806715436	-0.0540605280962	0.131195753619	-0.0468399584693	1.0	-0.0822093387681	-0.182420492057	-0.022632505485	0.0599903693986	-0.0211191378299	-0.00301921907907	-0.0795636438803	-0.130093482965	-0.0316330851459	-0.0341491432005	-0.01941579397	0.043163914772	-0.132210320675	-0.0938793890825	-0.165645386589	0.0575171022306	0.0130719755872	-0.0587044501579	0.0870120945026	0.0291183774834	0.0393730851366	-0.023529324007	-0.0829204215982	-0.06672003233	-0.0625940774444	0.0052984093778	0.0505089054174	0.0427915679202	-0.0393975359305	-0.182989442667	-0.0775915182232	-0.049436644354	0.0217817017233	-0.151869986347	-0.0355905227654	0.0535380821866	-0.0943467450643	-0.0168864800709	-0.0121483878462	0.0317743717457	-0.0969344156727	-0.212575364068	-0.116744953647	-0.0210888886787	-0.0274719998729
k__Bacteria;p__Firmicutes;c__Clostridia;o__Clostridiales;f__Lachnospiraceae;g__;s__[Eubacterium]_rectale	-0.0583715559924	-0.053721551885	-0.127435464062	-0.00379087622992	-0.083987408824	-0.135357334566	0.0296000276171	-0.00166527217472	0.0135448419751	-0.0743922179841	0.0158500247762	0.0504762376929	-0.0590295737063	-0.0822093387681	1.0	-0.0267591489687	-0.0482393997526	-0.0690025617402	-0.104840513826	-0.0250624760162	-0.03180550733	-0.0317109071959	-0.104388583057	-0.0910916555494	0.0955041735515	-0.0563205629939	0.101664179157	0.0666036425091	-0.0708700340137	-0.00294682886498	0.0480438526162	-0.0788282201327	-0.077101272697	0.00842019327339	-0.0102895280245	-0.0540917322572	-0.124199901116	-0.034668427793	0.0680571981036	-0.151036396949	0.0227272536489	-0.146193380216	-0.0246801388504	0.0401900893177	0.0417117097941	0.0100309120938	0.0590579512178	-0.0545209305051	-0.0931201505729	-0.0176256321369	0.0717138863397	-0.0362410840661	-0.168978064252	-0.0107799772819	0.0653772094202	-0.100051519407	-0.0398121092162	0.0280371323641	-0.00583365819672
k__Bacteria;p__Bacteroidetes;c__Bacteroidia;o__Bacteroidales;f__Bacteroidaceae;g__Bacteroides;s__Bacteroides_plebeius	-0.044492739041	-0.125484929895	-0.030723104197	-0.0337883061583	-0.0314088002524	0.0248746325107	-0.0824122650965	0.0011458723632	0.0560220371438	0.0147876407575	-0.0520431623177	0.0358161261445	-0.0990476038755	-0.182420492057	-0.0267591489687	1.0	-0.0896522449484	-0.181849802642	0.0604479442135	-0.078061085238	0.0520867289295	-0.093472744075	-0.0916149473799	0.0186783263291	-0.122840058126	-0.0862929051341	-0.17342956119	-0.00538569241104	-0.104144200925	-0.0126190940948	-0.0697857060051	-0.0219245788154	-0.0803973624587	0.0679921210082	0.109345905177	-0.065713595593	0.119679809214	-0.012108113478	-0.145910264046	-0.126853576723	-0.199811641032	-0.01562058447	0.0375593603098	-0.0280303276228	0.0782028564914	0.101499715774	0.0808151419122	-0.00828733395835	-0.117847249998	-0.00731241907882	0.0614202885748	0.102820564739	-0.0168964267719	-0.0689659977407	0.0662921274115	-0.00156875535304	-0.0053949889554	0.00181865928439	-0.0305682648471
k__Bacteria;p__Bacteroidetes;c__Bacteroidia;o__Bacteroidales;f__Bacteroidaceae;g__Bacteroides;s__Bacteroides_fragilis	0.145862288174	0.0646641628386	-0.00885517579784	-0.0681580499088	-0.0779932174355	0.0445644043936	-0.023195612655	0.00571408717184	-0.0325868465777	-0.0290318732234	0.0929230511184	-0.0587065201101	-0.0632786217317	-0.022632505485	-0.0482393997526	-0.0896522449484	1.0	0.00601446021276	0.0121144058077	-0.0380425021168	-0.0653165821746	-0.0742382814373	-0.0266224489328	0.00317965146295	-0.211299679594	0.0312581073044	-0.016717651168	-0.0873563664533	-0.0534027143068	-0.0188731443555	-0.0416227395007	-0.117265142065	0.0146846948683	-0.0717810258717	-0.0138091155638	-0.0244627883537	-0.0840134652447	-0.129957376034	-0.164741883606	-0.160421487714	-0.0614590019754	0.00100041243257	0.0121036238565	-0.156490075032	-0.0805603800485	0.0241385676804	0.076161220192	0.114663604069	-0.0265108157851	-0.0197582556348	-0.0356225779356	0.0178388967462	0.0793085652273	0.0091197030481	-0.0381511680331	-0.0655616238517	-0.0148495949605	-0.158778159438	-0.0130500093629
k__Bacteria;p__Proteobacteria;c__Betaproteobacteria;o__Burkholderiales;f__Sutterellaceae;g__Sutterella;s__Sutterella_wadsworthensis	-0.0149113282462	-0.0222185621264	-0.0811030692213	-0.0274123743725	-0.0741111080517	-0.0569538310261	-0.0171122377485	-0.0565291621704	0.0555232984205	-0.0412445382135	-0.0613713917206	0.0159908822237	0.0434455777119	0.0599903693986	-0.0690025617402	-0.181849802642	0.00601446021276	1.0	-0.00308309708372	-0.0717738296904	-0.115063971183	-0.000559055363869	-0.121864983616	-0.00413867368085	-0.104399349355	0.0564995676073	-0.0291015187884	-0.146615155483	0.0942693298227	-0.0570534580311	-0.0123469313106	0.0874304482207	-0.0389825978062	-0.0670005328545	-0.015412719039	-0.12529476963	-0.0218178674106	0.0299094519481	0.00936514578085	0.0019825934703	-0.156595706704	-0.0997725914701	0.00853415189191	-0.114361629087	0.0460998697167	-0.0534358593197	-0.0166363947093	-0.0275539031599	-0.137157208137	0.138665400403	-0.0830303448248	-0.0515899887742	-0.0185323061844	0.0442535411542	0.0141749793064	-0.00214681241347	-0.10042887508	-0.0842227584957	0.0342932410063
k__Bacteria;p__Bacteroidetes;c__Bacteroidia;o__Bacteroidales;f__Porphyromonadaceae;g__Barnesiella;s__Barnesiella_intestinihominis	-0.0357062923038	0.0398961154885	-0.0169881331591	-0.0433555191728	-0.0213342765355	-0.0812769976989	0.0538492308277	-0.122842920782	0.116215552103	-0.0801735271586	0.0368403924328	0.00380486824633	-0.122663950819	-0.0211191378299	-0.104840513826	0.0604479442135	0.0121144058077	-0.00308309708372	1.0	-0.0612444947481	0.00210812594249	-0.0753364259062	-0.00145325339982	-0.104450484239	0.0929289095144	-0.0672417169918	0.0134839126873	-0.0639188595097	-0.087702655099	-0.0486176257492	-0.0176971251037	-0.0890196699299	-0.0160399769975	0.0314645767291	0.0519367556269	0.0130639194834	0.0414602518421	-0.0309002614953	-0.0349956166279	-0.152718494898	-0.0666915085601	0.122262461275	-0.0130955357858	-0.0561133481461	-0.0462384239926	-0.0319770201831	-0.088634720977	0.0108669617397	0.0351697316622	-0.0459948670883	-0.0802033201079	-0.07089524788	0.0304915532147	-0.0247383733357	-0.00465890126639	-0.146236101455	-0.00231833568954	-0.00307870807686	-0.0616396210669
k__Bacteria;p__Bacteroidetes;c__Bacteroidia;o__Bacteroidales;f__Odoribacteraceae;g__Odoribacter;s__Odoribacter_splanchnicus	-0.0967742438749	0.00907027609753	-0.0636212225317	-0.166214241844	-0.0512720386913	-0.154104081441	0.0382595173887	-0.00672931317848	-0.0712148030912	-0.0233746781378	-0.0866308598553	-0.110881087317	-0.0758194680812	-0.00301921907907	-0.0250624760162	-0.078061085238	-0.0380425021168	-0.0717738296904	-0.0612444947481	1.0	0.0416016907693	-0.0770397149115	-0.020284091315	0.0444368239724	0.0444801077446	0.0773988473219	-0.0734435018287	-0.0305490763624	0.028910436292	-0.0904320436793	-0.0257317397088	-0.0647760105243	0.037965501101	-0.16889197502	0.0214324930228	-0.136933625544	-0.163003657985	0.0965702077154	-0.0112750334442	0.0128037162944	-0.0143020285281	-0.0625968954862	-0.0498036829244	0.0702086516143	-0.10155584554	-0.0226574187222	-0.0732237111671	-0.103449345818	-0.0182014817637	-0.127596423536	-0.0646883254441	-0.0401911290953	-0.0785890599706	0.0229598999508	-0.0511524706383	0.0668026265793	-0.051209371548	0.113079959238	0.116825435762
k__Bacteria;p__Bacteroidetes;c__Bacteroidia;o__Bacteroidales;f__Bacteroidaceae;g__Bacteroides;s__Bacteroides_salyersiae	0.00653642902805	-0.0786695841189	-0.050773034727	0.130198979989	-0.100067402187	0.0523499830275	-0.0180541971387	0.0168907077801	-0.0956567429065	-0.105921171755	-0.00689245519138	-0.0734021670269	-0.117291967857	-0.0795636438803	-0.03180550733	0.0520867289295	-0.0653165821746	-0.115063971183	0.00210812594249	0.0416016907693	1.0	-0.04382339184	-0.0830070369956	-0.0820039464176	0.029118861959	-0.093396674447	0.0187573341508	0.0380991655888	0.0360971551297	-0.0615959320503	-0.0668366375482	0.0174127788459	-0.0751939492354	-0.0781072164702	0.0207448533249	0.00257983562301	-0.171801798868	-0.0251661735732	0.0519519802422	0.101807917547	-0.0415792764787	-0.0956768895541	-0.113028211373	0.0723089692223	0.0235228031897	-0.0943994149832	-0.0867968181952	0.0252903397471	0.0236264791242	0.000477250942822	-0.0902378411182	0.0234183203358	-0.073448745349	0.00382417309391	0.0475041597715	0.074075344649	0.0290462743051	-0.0378771059636	0.0360567612422
k__Bacteria;p__Firmicutes;c__Clostridia;o__Clostridiales;f__Ruminococcaceae;g__Ruminiclostridium;s__[Eubacterium]_siraeum	-0.0807205599384	-0.110489479874	-0.00256481632261	-0.0722860630306	0.0460822900795	-0.0480862771467	-0.0605829075664	0.0172463977896	-0.0359354465866	0.00189793534281	-0.0786223385343	-0.0088257344508	0.0465659474136	-0.130093482965	-0.0317109071959	-0.093472744075	-0.0742382814373	-0.000559055363869	-0.0753364259062	-0.0770397149115	-0.04382339184	1.0	-0.10574940017	-0.129491696738	-0.0536496126282	0.00473688484369	-0.0694999770634	0.0110585379285	-0.0312589264792	-0.0164014571136	0.13381887438	-0.0802178988181	-0.171385564806	-0.0136784780035	0.0076593752066	-0.0336943402052	-0.0293072795946	-0.115658681572	-0.0192050598081	-0.0712522376456	-0.100745765928	-0.0425581417742	-0.00629379617772	0.0579464332789	-0.121500855918	-0.0789992637846	-0.00925500210473	0.0479731930998	0.0190736366591	-0.00621651390846	-0.0821220224732	-0.00957099600589	0.10235232831	0.0438825373276	-0.113316752347	0.00551311157114	-0.0176747461924	-0.0404722024514	-0.0143322130627
k__Bacteria;p__Proteobacteria;c__Betaproteobacteria;o__Burkholderiales;f__Sutterellaceae;g__Parasutterella;s__Parasutterella_excrementihominis	-0.00330938735455	-0.13391951738	0.0419623344008	0.0286889412081	-0.0328979285059	0.00163357751858	0.01319045648	-0.0870753870418	-0.0582289056706	0.029917207312	-0.021994859566	0.0470930019361	0.0778968038416	-0.0316330851459	-0.104388583057	-0.0916149473799	-0.0266224489328	-0.121864983616	-0.00145325339982	-0.020284091315	-0.0830070369956	-0.10574940017	1.0	0.0700106601413	-0.0384724584041	-0.118564198941	-0.161751222859	-0.0231258829737	-0.0500303625845	-0.142824921071	-0.0507079788565	0.00330648980452	0.00444511964978	-0.0429184146207	-0.135166323069	0.0911037673006	-0.0396284792174	0.0686291649779	-0.057228614112	-0.00101200670774	-0.125793795169	0.0976392486049	0.0991200358319	-0.0386674339188	-0.0316785363702	-0.0516608973573	0.000144503957469	0.068754120938	-0.0649089538177	-0.0107505719803	-0.0218384492888	0.0216411422912	-0.0292446976146	-0.135671516758	-0.0654402369304	-0.0179210997636	-0.036696213756	-0.0948424198769	-0.049684624703
k__Bacteria;p__Actinobacteria;c__Actinobacteria;o__Bifidobacteriales;f__Bifidobacteriaceae;g__Bifidobacterium;s__Bifidobacterium_adolescentis	-0.0526292667218	-0.0322318897522	-0.0089308460298	-0.0989540080853	-0.0496331616637	0.0149343048441	0.0239674222393	-0.0166662455073	0.0320578128176	0.0454939943962	0.0100879258456	0.114184492082	-0.00111188552253	-0.0341491432005	-0.0910916555494	0.0186783263291	0.00317965146295	-0.00413867368085	-0.104450484239	0.0444368239724	-0.0820039464176	-0.129491696738	0.0700106601413	1.0	0.00291321713444	-0.0908425618885	-0.179871038137	-0.103315006552	-0.193220722542	-0.0189595679814	0.0852077506217	0.0232254363869	-0.0702129488984	0.147663816343	0.00176754306178	-0.0324131651612	-0.01120930685	-0.0971506029088	0.0294536501656	0.0847080307444	-0.0585927637256	-0.0738232755943	-0.00430608695174	0.0402751992029	0.0148195444485	-0.0249507556478	0.0399656200633	-0.101398692746	-0.0805911435365	-0.0163932501238	-0.0183464649733	-0.0687712348298	-0.0204537792984	0.0844818574704	-0.195700509201	0.0166818610588	-0.100574999541	-0.0312708337444	-0.131289308138
k__Bacteria;p__Firmicutes;c__Clostridia;o__Clostridiales;f__Oscillospiraceae;g__Oscillibacter;s__Oscillibacter_sp._KLE_1745	-0.111584966532	-0.102886726345	-0.0573438357557	-0.0227712441919	0.030188650544	0.0601748285361	-0.0829513877258	-0.0807433909146	0.0452439186924	0.0778316742609	-0.010472899396	-0.0435627338855	-0.112397251325	-0.01941579397	0.0955041735515	-0.122840058126	-0.211299679594	-0.104399349355	0.0929289095144	0.0444801077446	0.029118861959	-0.0536496126282	-0.0384724584041	0.00291321713444	1.0	-0.0128922207603	-0.0581134317323	-0.115046114498	-0.012775992691	0.0221898885026	-0.124743713745	-0.0719816873828	-0.0186705888235	-0.0514598744286	0.0301386247372	0.0288092781215	-0.0930302555004	-0.109206779327	-0.0806278668279	-0.0939960445926	0.0159866166482	0.0432866572682	-0.19248584614	0.0476898182168	-0.0892910843646	-0.114585528591	-0.0133983736051	-0.139534647305	-0.0128961626275	-0.100888218527	-0.0976858787344	-0.0861115987505	-0.106786574491	-0.026268700179	0.142548271125	-0.0158986961359	0.0681140340492	0.0240557052163	-0.0493703700394
k__Bacteria;p__Bacteroidetes;c__Bacteroidia;o__Bacteroidales;f__Bacteroidaceae;g__Bacteroides;s__Bacteroides_coprophilus	0.0742588944905	-0.0255825205051	-0.096221950486	-0.0912058850756	-0.0491273862792	-0.0597053783587	-0.0381807027842	-0.0118558672945	0.0267307090617	-0.214487392138	-0.0560383536466	-0.068487001791	-0.0604028289711	0.043163914772	-0.0563205629939	-0.0862929051341	0.0312581073044	0.0564995676073	-0.0672417169918	0.0773988473219	-0.093396674447	0.00473688484369	-0.118564198941	-0.0908425618885	-0.0128922207603	1.0	0.105596325917	0.0290294771844	0.0344887997842	-0.0125899722735	-0.0640298459624	-0.00101184047907	-0.0636391350129	-0.0819972763607	-0.152409163813	0.00925415564591	-0.090463581942	-0.104834092473	0.0558527549702	-0.0644972190525	-0.00105024126773	0.0801387520625	-0.0148837465961	-0.0246445653638	0.0298739305826	0.0034663351868	-0.146695129411	-0.00206537745706	-0.00699678071993	0.00637125268506	0.0432860691872	-0.0036362977139	0.0986454080753	0.0456199923565	-0.0244920760522	-0.0781536643675	-0.0871084378721	-0.114746951072	-0.0579367498232
k__Bacteria;p__Firmicutes;c__Clostridia;o__Clostridiales;f__Lachnospiraceae;g__Roseburia;s__Roseburia_intestinalis	0.0411244720701	-0.0460416377568	-0.011303515078	0.0625313141305	0.0145184368517	-0.0119640138298	-0.101585159566	-0.0926959063754	0.0835720705369	-0.0240780188119	-0.0343909424154	0.0565065305891	0.069247046432	-0.132210320675	0.101664179157	-0.17342956119	-0.016717651168	-0.0291015187884	0.0134839126873	-0.0734435018287	0.0187573341508	-0.0694999770634	-0.161751222859	-0.179871038137	-0.0581134317323	0.105596325917	1.0	-0.00505976029603	-0.0343935262061	-0.0668761637682	0.00815510828422	-0.00790588917975	0.0167861261758	-0.0246405535346	-0.0932920759205	-0.0880816412096	-0.018137027398	-0.0507995841542	-0.0147749944846	-0.192446525076	0.0133738402421	-0.175681973735	-0.0750744854699	-0.0942619718341	0.111352822957	-0.0611337510655	0.0661261671932	0.0351337550467	-0.0680787669758	-0.0242688741633	-0.0967415180692	0.0237827577377	-0.00052986351244	0.0367933582284	-0.00689102436381	-0.0458089251213	-0.0427694005096	-0.0618890561932	-0.0675178999382
k__Bacteria;p__Firmicutes;c__Clostridia;o__Clostridiales;f__Lachnospiraceae;g__Roseburia;s__Roseburia_hominis	-0.167092164626	0.0340519954758	0.0483224071212	0.0213148623578	0.00871104246601	-0.0531752624527	-0.00186052582222	-0.0180566534004	-0.0716549210347	0.000279781799528	-0.0411279162845	-0.0131892321936	0.0893960189516	-0.0938793890825	0.0666036425091	-0.00538569241104	-0.0873563664533	-0.146615155483	-0.0639188595097	-0.0305490763624	0.0380991655888	0.0110585379285	-0.0231258829737	-0.103315006552	-0.115046114498	0.0290294771844	-0.00505976029603	1.0	-0.00243099673056	0.00226577390429	0.0596967389549	-0.033417292301	-0.0366181530278	-0.176483576928	-0.0275558821752	-0.0439028188106	0.0740269411791	0.0890129017587	-0.0578427276062	0.0181206602943	-0.0502213089115	-0.146223813314	0.00399866685995	-0.0349808983705	0.119349352893	-0.0811783546742	-0.047596429669	0.0389466251539	0.0119117090875	-0.124543707427	-0.0172625477376	-0.139137839621	-0.0285166876493	-0.0509143748796	-0.039808117137	-0.102820934143	0.0538147915804	-0.107804210692	-0.0747169704199
k__Bacteria;p__Bacteroidetes;c__Bacteroidia;o__Bacteroidales;f__Porphyromonadaceae;g__Parabacteroides;s__Parabacteroides_johnsonii	0.00644280025935	-0.0316353011333	0.0182961675163	0.066466039946	0.0246136906174	-0.051315462421	0.0309836325524	-0.0378041937509	-0.063845117299	0.0443967316032	-0.118783795715	-0.0950520781292	0.0237280673982	-0.165645386589	-0.0708700340137	-0.104144200925	-0.0534027143068	0.0942693298227	-0.087702655099	0.028910436292	0.0360971551297	-0.0312589264792	-0.0500303625845	-0.193220722542	-0.012775992691	0.0344887997842	-0.0343935262061	-0.00243099673056	1.0	0.0499585006432	-0.0303968082897	-0.0451346120367	0.0363868007611	-0.0460739605481	0.02981890611	-0.109502696382	-0.0482058474226	0.0152045689224	0.0519814366061	-0.0180080283073	-0.0165691725289	-0.0657100654683	-0.0235581452623	0.0259221327245	-0.0952253186706	-0.100076344722	-0.0511097874923	0.0674658772898	-0.00197074077716	-0.0829915958245	-0.0906955269824	-0.198893542132	0.0162397485184	0.0749239678642	0.0478386222986	-0.0836616312937	-0.0311873245717	0.145936059062	-0.0429039868005
k__Bacteria;p__Actinobacteria;c__Actinobacteria;o__Bifidobacteriales;f__Bifidobacteriaceae;g__Bifidobacterium;s__Bifidobacterium_longum	-0.0166294089057	0.0451849629403	-0.137601065657	-0.00458390833814	-0.0239615989779	0.0142984538159	-0.108427563726	0.0613429854577	-0.0799282242415	0.00430407862176	0.0146683322554	-0.1406969148	-0.0693004283422	0.0575171022306	-0.00294682886498	-0.0126190940948	-0.0188731443555	-0.0570534580311	-0.0486176257492	-0.0904320436793	-0.0615959320503	-0.0164014571136	-0.142824921071	-0.0189595679814	0.0221898885026	-0.0125899722735	-0.0668761637682	0.00226577390429	0.0499585006432	1.0	-0.067948555448	-0.0985838433229	-0.00335365719029	-0.00243411456381	0.0118594598771	-0.148204026661	-0.103029482208	-0.0579310653215	-0.0810471251878	0.0403090574548	-0.102860575622	0.0296570926648	-0.000991329378571	-0.0653162586582	-0.0398905679014	-0.0258509706257	-0.180638840578	-0.0581294424309	0.0455456055611	0.00600021302069	-0.0918071970033	-0.0627350915357	0.0069272110977	-0.0479037607617	-0.017200868204	-0.0680635313674	0.0575087204795	0.0266839135617	0.0584487057535
