#taxonomy	k__Bacteria;p__Bacteroidetes;c__Bacteroidia;o__Bacteroidales;f__Bacteroidaceae;g__Bacteroides;s__Bacteroides_vulgatus	k__Bacteria;p__Bacteroidetes;c__Bacteroidia;o__Bacteroidales;f__Bacteroidaceae;g__Bacteroides;s__Bacteroides_uniformis	k__Bacteria;p__Bacteroidetes;c__Bacteroidia;o__Bacteroidales;f__Rikenellaceae;g__Alistipes;s__Alistipes_putredinis	k__Bacteria;p__Bacteroidetes;c__Bacteroidia;o__Bacteroidales;f__Prevotellaceae;g__Prevotella;s__Prevotella_copri	k__Bacteria;p__Bacteroidetes;c__Bacteroidia;o__Bacteroidales;f__Bacteroidaceae;g__Bacteroides;s__Bacteroides_stercoris	k__Bacteria;p__Bacteroidetes;c__Bacteroidia;o__Bacteroidales;f__Bacteroidaceae;g__Bacteroides;s__Bacteroides_ovatus	k__Bacteria;p__Bacteroidetes;c__Bacteroidia;o__Bacteroidales;f__Rikenellaceae;g__Alistipes;s__Alistipes_shahii	k__Bacteria;p__Firmicutes;c__Clostridia;o__Clostridiales;f__Ruminococcaceae;g__Faecalibacterium;s__Faecalibacterium_prausnitzii	k__Bacteria;p__Bacteroidetes;c__Bacteroidia;o__Bacteroidales;f__Rikenellaceae;g__Alistipes;s__Alistipes_finegoldii	k__Bacteria;p__Bacteroidetes;c__Bacteroidia;o__Bacteroidales;f__Porphyromonadaceae;g__Parabacteroides;s__Parabacteroides_distasonis	k__Bacteria;p__Bacteroidetes;c__Bacteroidia;o__Bacteroidales;f__Bacteroidaceae;g__Bacteroides;s__Bacteroides_thetaiotaomicron	k__Bacteria;p__Bacteroidetes;c__Bacteroidia;o__Bacteroidales;f__Bacteroidaceae;g__Bacteroides;s__Bacteroides_coprocola	k__Bacteria;p__Bacteroidetes;c__Bacteroidia;o__Bacteroidales;f__Bacteroidaceae;g__Bacteroides;s__Bacteroides_cellulosilyticus	k__Bacteria;p__Bacteroidetes;c__Bacteroidia;o__Bacteroidales;f__Rikenellaceae;g__Alistipes;s__Alistipes_obesi	k__Bacteria;p__Firmicutes;c__Clostridia;o__Clostridiales;f__Lachnospiraceae;g__;s__[Eubacterium]_rectale	k__Bacteria;p__Bacteroidetes;c__Bacteroidia;o__Bacteroidales;f__Bacteroidaceae;g__Bacteroides;s__Bacteroides_plebeius	k__Bacteria;p__Bacteroidetes;c__Bacteroidia;o__Bacteroidales;f__Bacteroidaceae;g__Bacteroides;s__Bacteroides_fragilis	k__Bacteria;p__Proteobacteria;c__Betaproteobacteria;o__Burkholderiales;f__Sutterellaceae;g__Sutterella;s__Sutterella_wadsworthensis	k__Bacteria;p__Bacteroidetes;c__Bacteroidia;o__Bacteroidales;f__Porphyromonadaceae;g__Barnesiella;s__Barnesiella_intestinihominis	k__Bacteria;p__Bacteroidetes;c__Bacteroidia;o__Bacteroidales;f__Odoribacteraceae;g__Odoribacter;s__Odoribacter_splanchnicus	k__Bacteria;p__Bacteroidetes;c__Bacteroidia;o__Bacteroidales;f__Bacteroidaceae;g__Bacteroides;s__Bacteroides_salyersiae	k__Bacteria;p__Firmicutes;c__Clostridia;o__Clostridiales;f__Ruminococcaceae;g__Ruminiclostridium;s__[Eubacterium]_siraeum	k__Bacteria;p__Proteobacteria;c__Betaproteobacteria;o__Burkholderiales;f__Sutterellaceae;g__Parasutterella;s__Parasutterella_excrementihominis	k__Bacteria;p__Actinobacteria;c__Actinobacteria;o__Bifidobacteriales;f__Bifidobacteriaceae;g__Bifidobacterium;s__Bifidobacterium_adolescentis	k__Bacteria;p__Firmicutes;c__Clostridia;o__Clostridiales;f__Oscillospiraceae;g__Oscillibacter;s__Oscillibacter_sp._KLE_1745	k__Bacteria;p__Bacteroidetes;c__Bacteroidia;o__Bacteroidales;f__Bacteroidaceae;g__Bacteroides;s__Bacteroides_coprophilus	k__Bacteria;p__Firmicutes;c__Clostridia;o__Clostridiales;f__Lachnospiraceae;g__Roseburia;s__Roseburia_intestinalis	k__Bacteria;p__Firmicutes;c__Clostridia;o__Clostridiales;f__Lachnospiraceae;g__Roseburia;s__Roseburia_hominis	k__Bacteria;p__Bacteroidetes;c__Bacteroidia;o__Bacteroidales;f__Porphyromonadaceae;g__Parabacteroides;s__Parabacteroides_johnsonii	k__Bacteria;p__Actinobacteria;c__Actinobacteria;o__Bifidobacteriales;f__Bifidobacteriaceae;g__Bifidobacterium;s__Bifidobacterium_longum	k__Bacteria;p__Firmicutes;c__Clostridia;o__Clostridiales;f__;g__Flavonifractor;s__Flavonifractor_plautii	k__Bacteria;p__Firmicutes;c__Clostridia;o__Clostridiales;f__Clostridiaceae;g__Clostridium;s__Clostridium_phoceensis	k__Bacteria;p__Verrucomicrobia;c__Verrucomicrobiae;o__Verrucomicrobiales;f__Akkermansiaceae;g__Akkermansia;s__Akkermansia_muciniphila	k__Bacteria;p__Bacteroidetes;c__Bacteroidia;o__Bacteroidales;f__Prevotellaceae;g__Paraprevotella;s__Paraprevotella_xylaniphila	k__Bacteria;p__Firmicutes;c__Clostridia;o__Clostridiales;f__Ruminococcaceae;g__Ruminococcus;s__Ruminococcus_callidus	k__Bacteria;p__Bacteroidetes;c__Bacteroidia;o__Bacteroidales;f__Rikenellaceae;g__Alistipes;s__Alistipes_senegalensis	k__Bacteria;p__Firmicutes;c__Clostridia;o__Clostridiales;f__Lachnospiraceae;g__Blautia;s__Blautia_sp._KLE_1732	k__Bacteria;p__Bacteroidetes;c__Bacteroidia;o__Bacteroidales;f__Bacteroidaceae;g__Bacteroides;s__Bacteroides_oleiciplenus	k__Bacteria;p__Firmicutes;c__Clostridia;o__Clostridiales;f__Ruminococcaceae;g__Ruminococcus;s__Ruminococcus_bicirculans	k__Bacteria;p__Bacteroidetes;c__Bacteroidia;o__Bacteroidales;f__Bacteroidaceae;g__Bacteroides;s__Bacteroides_fluxus	k__Bacteria;p__Bacteroidetes;c__Bacteroidia;o__Bacteroidales;f__Prevotellaceae;g__Prevotella;s__Prevotella_stercorea	k__Bacteria;p__Firmicutes;c__Clostridia;o__Clostridiales;f__Lachnospiraceae;g__Dorea;s__Dorea_longicatena	k__Bacteria;p__Firmicutes;c__Clostridia;o__Clostridiales;f__Eubacteriaceae;g__Eubacterium;s__[Eubacterium]_eligens	k__Bacteria;p__Firmicutes;c__Clostridia;o__Clostridiales;f__Ruminococcaceae;g__;s__Ruminococcaceae_bacterium_D16	k__Bacteria;p__Firmicutes;c__Clostridia;o__Clostridiales;f__Lachnospiraceae;g__Coprococcus;s__Coprococcus_comes	k__Bacteria;p__Proteobacteria;c__Gammaproteobacteria;o__Enterobacterales;f__Enterobacteriaceae;g__Escherichia;s__Escherichia_coli	k__Bacteria;p__Firmicutes;c__Clostridia;o__Clostridiales;f__Ruminococcaceae;g__Anaerotruncus;s__Anaerotruncus_colihominis	k__Bacteria;p__Firmicutes;c__Clostridia;o__Clostridiales;f__Lachnospiraceae;g__Blautia;s__Blautia_obeum	k__Bacteria;p__Bacteroidetes;c__Bacteroidia;o__Bacteroidales;f__Odoribacteraceae;g__Odoribacter;s__Odoribacter_laneus	k__Bacteria;p__Firmicutes;c__Clostridia;o__Clostridiales;f__Ruminococcaceae;g__Ruminiclostridium;s__[Clostridium]_leptum	k__Bacteria;p__Bacteroidetes;c__Bacteroidia;o__Bacteroidales;f__Porphyromonadaceae;g__Parabacteroides;s__Parabacteroides_goldsteinii	k__Bacteria;p__Firmicutes;c__Clostridia;o__Clostridiales;f__Lachnospiraceae;g__Anaerostipes;s__Anaerostipes_hadrus	k__Bacteria;p__Firmicutes;c__Clostridia;o__Clostridiales;f__Ruminococcaceae;g__Ruminococcus;s__Ruminococcus_lactaris	k__Bacteria;p__Firmicutes;c__Clostridia;o__Clostridiales;f__Clostridiaceae;g__Clostridium;s__Clostridium_sp._L2-50	k__Bacteria;p__Firmicutes;c__Clostridia;o__Clostridiales;f__Clostridiaceae;g__Clostridium;s__Clostridium_sp._M62/1	k__Bacteria;p__Firmicutes;c__Clostridia;o__Clostridiales;f__;g__Intestinimonas;s__Intestinimonas_butyriciproducens	k__Bacteria;p__Actinobacteria;c__Actinobacteria;o__Bifidobacteriales;f__Bifidobacteriaceae;g__Bifidobacterium;s__Bifidobacterium_bifidum	k__Bacteria;p__Firmicutes;c__Negativicutes;o__Veillonellales;f__Veillonellaceae;g__Dialister;s__Dialister_invisus	k__Bacteria;p__Bacteroidetes;c__Bacteroidia;o__Bacteroidales;f__Bacteroidaceae;g__Bacteroides;s__Bacteroides_salanitronis
k__Bacteria;p__Bacteroidetes;c__Bacteroidia;o__Bacteroidales;f__Bacteroidaceae;g__Bacteroides;s__Bacteroides_vulgatus	1.0	-0.0573241146249	-0.15054532319	-0.10230981201	-0.0312066618302	-0.0296896808047	0.0275707754335	0.0869176798256	-0.0880015474214	0.0144060933361	0.0341086065785	0.0262787263272	-0.00584815644113	-0.232021042047	0.0187597205604	-0.0908606539261	-0.0612006133106	-0.0115137074162	-0.0525448860167	-0.0330525427666	-0.0341986852819	-0.0337159415827	-0.0560209157595	-0.0290682328079	0.0133448538394	-0.140457971367	-0.0525799016315	0.0665197248082	-0.0341290192487	-0.0210310629206	0.0401754890549	0.0764795077021	-0.0790674169031	-0.0676585715954	-0.0747400144118	-0.0247394549703	-0.0876867806324	-0.111024685035	0.00934203062651	-0.0974924741521	0.000763417632851	0.0870895150995	-0.0870574203544	0.00442451085702	-0.0829390615506	0.0589553767455	-0.0363605803036	-0.0856795365525	-0.0259328043958	0.0293530392726	0.0845075101808	0.117217866609	0.0163623636483	-0.0293263850616	-0.0933838083103	-0.111891775402	-0.0184122237404	-0.0530021348526	0.137082081547
k__Bacteria;p__Bacteroidetes;c__Bacteroidia;o__Bacteroidales;f__Bacteroidaceae;g__Bacteroides;s__Bacteroides_uniformis	-0.0573241146249	1.0	0.0465260103881	-0.0353709127832	-0.055822773251	-0.0132614597292	-0.0475708467717	0.00939314840105	0.0718956831152	-0.0208578061892	-0.0478733407143	0.00618537775867	-0.0138514004862	-0.0728710573056	0.0848941349344	0.037635548625	-0.221957085763	0.0121904905185	-0.0671436616943	-0.193435526789	-0.0413347321925	-0.0160158012023	-0.132794325689	-0.00815944349684	0.00117398042379	-0.0544884380149	0.0684773204725	-0.0306420411783	-0.0696273349378	-0.0731517532021	-0.0788602299017	0.107698952616	0.0284855530832	-0.00491502433152	0.00374590661457	-0.0207125339255	0.0201874467734	0.0687583410802	0.029393011278	-0.0336762478833	-0.0221811938702	0.0472538603972	-0.0443940022142	-0.0664528131016	-0.00180347887993	0.00899811453266	-0.080827822906	-0.0912691564353	-0.0903842998659	-0.00769097825138	0.0257021653436	-0.0357565335608	-0.0328988733472	0.135653930084	-0.0911441387596	-0.134740677328	-0.0110101004633	-0.00852267839226	-0.130103191743
k__Bacteria;p__Bacteroidetes;c__Bacteroidia;o__Bacteroidales;f__Rikenellaceae;g__Alistipes;s__Alistipes_putredinis	-0.15054532319	0.0465260103881	1.0	-0.108298129024	0.059999734111	-0.010083651668	0.0626810501213	-0.0408258063513	-0.0232014029849	-0.0319853487059	-0.131925208831	-0.170046744994	-0.150829258227	0.0169238645815	-0.0271072304249	0.0268575912389	-0.0351801923187	-0.0602152713763	-0.00173918251841	-0.0628891047463	-0.115567080481	0.0319000448012	0.105676746891	0.0200934264147	-0.0341393446704	0.0371347196361	-0.0830078623869	-0.0344921275133	0.0188543427513	-0.0669293945841	-0.0651842974866	-0.125313713179	-0.00753529285583	-0.0345157777569	0.0547216635003	-0.0750993275601	0.0855635901389	-0.095629971961	0.00875270949986	-0.0119116580419	-0.0863633181948	-0.0978868515888	-0.0115991407612	0.0207019653798	0.00122829657401	-0.104903473289	-0.0663534009798	-0.135862485077	0.0748754816255	-0.122905340913	-0.0842068762636	0.0930556938144	0.0463554516612	-0.000455815718746	-0.014523365361	-0.0392601911272	-0.0732510320434	-0.140709567084	-0.121719978096
k__Bacteria;p__Bacteroidetes;c__Bacteroidia;o__Bacteroidales;f__Prevotellaceae;g__Prevotella;s__Prevotella_copri	-0.10230981201	-0.0353709127832	-0.108298129024	1.0	-0.0888833769501	-0.0174891472285	0.040913836418	-0.0552800914515	-0.0914354950088	-0.0547697881608	-0.0891648167409	-0.0900918790859	-0.188933013495	0.00355065018062	-0.0698969128885	-0.0131406810715	0.0286825972521	-0.0706041015742	0.0352743861659	0.128278810597	-0.0462034319264	0.00139536052338	-0.0487380976316	-0.0855230240851	-0.035584248213	0.0296417444212	-0.035347565738	-0.0892981707318	-0.0245791552711	0.0309701468136	-0.00163185136104	-0.143577478717	-0.0119903060566	-0.0160302629044	0.0898268778681	0.0590496529885	-0.0746823593727	-0.0368310738765	-0.111191909649	-0.0765303954042	-0.0229939645089	-0.112607047432	0.052984108671	-0.0190483220486	-0.128491873436	-0.0413919213236	0.0551638943198	0.104263225836	-0.0195993879754	0.0374230915837	0.0291767753963	-0.0453405867166	-0.0231888003672	0.00519564402185	-0.101942809719	0.00735512375702	-0.00188395957223	0.00710265405518	-0.00908815223134
k__Bacteria;p__Bacteroidetes;c__Bacteroidia;o__Bacteroidales;f__Bacteroidaceae;g__Bacteroides;s__Bacteroides_stercoris	-0.0312066618302	-0.055822773251	0.059999734111	-0.0888833769501	1.0	-0.0600875934539	0.00382834634581	-0.00526431975762	-0.0705966891804	0.0656038719295	0.0202932486929	-0.0358802232129	-0.0967401328628	-0.036752383382	-0.0646839023331	-0.0670565470003	-0.0440417359104	-0.00243354148512	0.0269988350887	0.0581280829267	-0.191755134746	-0.0126600260363	0.0472517673094	0.0090925942442	-0.127290314524	-0.0501304830489	-0.0417640642922	-0.0826303398655	0.0303098740019	-0.116029734056	-0.0429582340588	-0.0871343757428	-0.0711447598321	-0.150631737438	-0.11230771276	-0.0403561292624	-0.0124811822803	-0.0758624973104	-0.0516303935172	0.0353332690256	-0.0507707801819	-0.0179280222938	0.00810863359243	-0.0460542304276	-0.0141375172512	0.0160182048889	0.00671218046662	0.0337082881031	0.00878918526554	-0.0308436563082	-0.134873654954	-0.0370218270165	-0.0221812194347	-0.0225128584287	-0.0576889173359	-0.0492462771631	-0.208616579082	0.0988682573611	-0.00165163084297
k__Bacteria;p__Bacteroidetes;c__Bacteroidia;o__Bacteroidales;f__Bacteroidaceae;g__Bacteroides;s__Bacteroides_ovatus	-0.0296896808047	-0.0132614597292	-0.010083651668	-0.0174891472285	-0.0600875934539	1.0	-0.03510167453	-0.184614427483	-0.116941187146	0.0434313080214	0.118458553296	-0.00767567967098	0.0493285602084	-0.0636041044636	0.019559846735	-0.0536687496174	-0.0384354147033	-0.0566601428175	-0.0515263326533	0.0825985616659	0.0816993089914	-0.00409880956276	0.0545569317814	0.00256007129197	-0.0152954034988	-0.018779970274	-0.00729270617901	-0.0894629391073	-0.10957175241	-0.125804500718	0.0956172704258	-0.0951332768834	-0.0794724055009	-0.0765789773689	0.0521413889697	-0.0189012278598	-0.0570568126445	-0.0210276940735	0.0447708242852	-0.0082307785592	-0.0293988315495	0.00407282815045	-0.145444114036	-0.0278034304011	-0.18953093943	-0.0295179069862	-0.0632448426749	-0.114557374204	-0.0630018658796	-0.114561491533	-0.0847392128646	0.00653534532813	-0.117763198641	-0.126769855849	0.0703832422152	0.0624983859111	-0.0215167344249	-0.0263340622412	-0.112664716362
k__Bacteria;p__Bacteroidetes;c__Bacteroidia;o__Bacteroidales;f__Rikenellaceae;g__Alistipes;s__Alistipes_shahii	0.0275707754335	-0.0475708467717	0.0626810501213	0.040913836418	0.00382834634581	-0.03510167453	1.0	0.0234482322117	-0.0364705082704	0.0161732523577	0.0650249900242	-0.140000438293	-0.0514213166803	-0.00777683227582	-0.0300845295836	-0.0629280560213	0.0374063794264	-0.0295457252996	0.0548275801625	-0.005548850191	-0.0480327980053	-0.0991900351073	-0.0353168400966	-0.0978999068834	-0.0199152629797	-0.119279638507	-0.053710818486	0.0221757913048	0.071773809752	-0.092211313197	0.0391739537784	0.0111091164922	0.0461522772984	-0.0543782015165	0.0454214910735	-0.102920817938	-0.0126880072368	-0.0770158980792	-0.0233719239332	-0.0601460000826	0.0355752345393	-0.0282485720955	-0.0859204864865	0.0612185817084	-0.0546213779753	-0.0162834394073	0.0136531859629	0.0459963495543	-0.103503605008	-0.0492060491145	0.121988187009	0.0112981614867	-0.107111256117	-0.0793073689464	0.0843627214342	0.0437616060133	-0.0629791236665	0.00659266884543	0.0281173428721
k__Bacteria;p__Firmicutes;c__Clostridia;o__Clostridiales;f__Ruminococcaceae;g__Faecalibacterium;s__Faecalibacterium_prausnitzii	0.0869176798256	0.00939314840105	-0.0408258063513	-0.0552800914515	-0.00526431975762	-0.184614427483	0.0234482322117	1.0	0.113011633502	-0.0928132450595	-0.0121447969584	-0.0829841951857	-0.0477149028021	-0.00906552969451	-0.13017269477	0.0171826073774	-0.0131822617794	0.0335167696901	-0.0665596153194	-0.0470909647457	0.0106907958602	-0.0657681307718	-0.0488673767598	-0.118340874282	0.115308388635	-0.0783559387423	-0.0340590059076	-0.0974891818826	0.0461984439918	-0.0297987422284	0.029752949471	0.0880783429467	-0.13346563573	-0.0285368419219	-0.0174924112266	-0.178996044688	0.0038190782252	-0.213375196615	-0.0794128276075	0.0124011634418	0.013231099368	0.106130055438	0.00108657178903	-0.0154567610553	-0.0365765541128	0.0719449010102	0.0257868250841	-0.0265272415096	0.0553380290281	9.74277939238e-05	-0.182226676899	-0.117136849633	0.0411651421903	0.0492644448642	0.00980084991969	-0.0664384881486	-0.0592391738816	0.065277625778	0.0106047280484
k__Bacteria;p__Bacteroidetes;c__Bacteroidia;o__Bacteroidales;f__Rikenellaceae;g__Alistipes;s__Alistipes_finegoldii	-0.0880015474214	0.0718956831152	-0.0232014029849	-0.0914354950088	-0.0705966891804	-0.116941187146	-0.0364705082704	0.113011633502	1.0	0.0183140161337	0.0183406922043	-0.0540818321923	0.022192930905	-0.0471852816325	-0.0657468572008	-0.0149085726256	-0.143691157027	-0.126411797547	-0.0572541530801	-0.141073480203	-0.0934332339067	0.0108099801888	-0.058107452106	0.035980008183	0.0332774155342	-0.15178086245	-0.0949455431289	0.0803891890956	-0.137345101677	0.00962814275026	0.0572647643537	-0.0542052999554	0.015587540834	-0.109000732428	0.0884462449889	-0.0199730370294	-0.151684533363	-0.0839793650565	0.0646066921243	0.0156914346465	0.100360924311	-0.0573082222003	-0.0613582000897	-0.0376174597431	-0.0749337290028	0.0109806042207	0.0461312745567	-0.0738395644529	0.00749107831919	0.0521616437337	-0.087851183663	0.072130170774	0.0461447350556	-0.0923917277459	-0.0486630483346	-0.0440647891407	-0.0335447076714	-0.0546722706931	0.0581735814445
k__Bacteria;p__Bacteroidetes;c__Bacteroidia;o__Bacteroidales;f__Porphyromonadaceae;g__Parabacteroides;s__Parabacteroides_distasonis	0.0144060933361	-0.0208578061892	-0.0319853487059	-0.0547697881608	0.0656038719295	0.0434313080214	0.0161732523577	-0.0928132450595	0.0183140161337	1.0	-0.0586818910136	-0.13188477614	-0.197028921605	-0.0792534780201	0.0116964495324	0.0376876252082	0.0287755146575	0.07586451819	-0.0220708811722	-0.0119573291659	-0.0557285144412	0.0794428026024	-0.148167799641	-0.00118947210799	-0.0676910706577	-0.0644963174489	-0.0294078353188	-0.0969353778064	-0.0624583414928	-0.121883267537	0.0655374817058	0.0260031545663	-0.00554069227991	0.00665444066253	0.0235449047665	0.0114353390765	-0.0515537877932	-0.0262417007332	-0.00440452590651	-0.126913056171	0.0251218997066	-0.0629494448105	-0.0605720914707	0.0080166506996	-0.055777156897	0.0034941859329	-0.0703520967294	-0.0241674177173	-0.107333253691	0.0771669188312	0.0377532756122	0.00437670761492	0.00555852762303	-0.0610218199257	0.0193812848215	-0.0521803199304	-0.0589695237423	-0.0674979836557	-0.0256350085816
k__Bacteria;p__Bacteroidetes;c__Bacteroidia;o__Bacteroidales;f__Bacteroidaceae;g__Bacteroides;s__Bacteroides_thetaiotaomicron	0.0341086065785	-0.0478733407143	-0.131925208831	-0.0891648167409	0.0202932486929	0.118458553296	0.0650249900242	-0.0121447969584	0.0183406922043	-0.0586818910136	1.0	-0.0724746844175	-0.0994523533154	-0.0488736705828	-0.0615205269627	0.0433823428228	0.0374703827446	-0.0340092480298	-0.056448162914	-0.0421842308559	0.0823478663858	0.0663651634405	0.0329184397434	-0.19179661051	0.00214491828009	-0.0349282443441	0.11162386083	-0.00687004014844	-0.0663829872629	-0.00489462127413	0.0172697589659	-0.047675389505	-0.106725804655	0.0711712182651	-0.0375578656395	0.0236062361408	-0.0881167868285	-0.0352110044668	-0.133489179251	0.013846447663	-0.101038663473	-0.0950370079596	-0.105415502129	-0.0200217998043	-0.0608214929958	-0.0761089259419	-0.0962417686038	0.00876874026867	-0.0446434334483	0.0720439020042	-0.0667453348641	0.0422515374758	-0.0498152500823	-0.0964128840366	-0.164114117494	-0.135157848083	-0.100636475444	-0.0537710817825	0.0186770277218
k__Bacteria;p__Bacteroidetes;c__Bacteroidia;o__Bacteroidales;f__Bacteroidaceae;g__Bacteroides;s__Bacteroides_coprocola	0.0262787263272	0.00618537775867	-0.170046744994	-0.0900918790859	-0.0358802232129	-0.00767567967098	-0.140000438293	-0.0829841951857	-0.0540818321923	-0.13188477614	-0.0724746844175	1.0	-0.0391508678139	-0.0771361983385	-0.0492385963892	-0.121192029794	-0.0117137616833	0.0516620768749	-0.020081105888	-0.119086841825	0.0179160329356	-0.161132537257	-0.0302890614239	0.0190882992011	-0.0520952536047	0.0591301014125	-0.0969917988416	-0.0962204014979	0.0372053745329	-0.0353304696331	0.0357641708649	-0.105477155972	0.0732973443267	0.114963398542	-0.012245741098	0.0212905474042	0.00352364916711	-0.0792329920108	-0.0233279296679	-0.0181707863948	-0.0034747785589	0.0237994018946	0.00204605931179	-0.0434179068165	0.126831100144	0.0215277306719	-0.0685499236129	-0.0581443702682	-0.0651565624807	-0.110486731771	-0.0878021265633	-0.169726723867	-0.0444582221064	-0.0760421189419	-0.0315189510056	-0.049999916299	0.0217532978139	-0.0680716472023	-0.187665560213
k__Bacteria;p__Bacteroidetes;c__Bacteroidia;o__Bacteroidales;f__Bacteroidaceae;g__Bacteroides;s__Bacteroides_cellulosilyticus	-0.00584815644113	-0.0138514004862	-0.150829258227	-0.188933013495	-0.0967401328628	0.0493285602084	-0.0514213166803	-0.0477149028021	0.022192930905	-0.197028921605	-0.0994523533154	-0.0391508678139	1.0	-0.0197521339087	-0.02685717669	-0.06757316891	-0.0801669632341	0.0624093704415	-0.0803565740679	-0.097516775177	-0.0441052841352	-0.188647356594	0.0307874963205	-0.00241217349379	-0.00899995814109	-0.0898645236853	-0.0114065639675	-0.0431783358658	-0.00328179141126	0.0122389073261	-0.0837746873907	0.0980538196199	0.0340199969051	-0.0218669351587	-0.0169656934216	-0.0232617956814	0.0855051923273	0.0139909551172	0.0163164041066	0.0111176244441	-0.0931728604882	-0.112459988771	0.0454544866595	0.0223723985047	0.0339106239205	0.0110579724676	-0.0402027012131	-0.0876096256118	-0.046879545157	0.00984855556861	-0.0262468933872	-0.112672058934	-0.0228020335673	-0.105300306758	0.0210984297894	0.0579945275757	0.00397891132576	-0.0089955774375	-0.035655960154
k__Bacteria;p__Bacteroidetes;c__Bacteroidia;o__Bacteroidales;f__Rikenellaceae;g__Alistipes;s__Alistipes_obesi	-0.232021042047	-0.0728710573056	0.0169238645815	0.00355065018062	-0.036752383382	-0.0636041044636	-0.00777683227582	-0.00906552969451	-0.0471852816325	-0.0792534780201	-0.0488736705828	-0.0771361983385	-0.0197521339087	1.0	0.0474387386616	-0.0408268425202	0.0949369301857	-0.0676377030673	0.036404969455	-0.0189388394258	-0.094145724279	-0.0103928451133	-0.0621304935564	0.00671243792295	-0.0656138399073	-0.0562550064746	-0.12610133395	0.047380814621	0.0283420379457	-0.043633882111	-0.0561546026639	0.0548463567559	0.0716738612467	-0.00599147285306	-0.0390787153624	-0.0783123856097	-0.0697320837848	0.0194816289051	-0.042981939461	0.00810044469001	-0.101737944572	-0.0118354010263	-0.00792899976295	0.0958650347996	-0.0562777468121	0.0633467242187	-0.0624338528856	0.0639028890417	-0.00480547417596	-0.0909995634325	-0.0384943389546	0.0494423413342	-0.0816890818608	0.0296864636121	0.0330879559636	-0.0955543169595	-0.107533099567	-0.0437651885557	0.0472040453015
k__Bacteria;p__Firmicutes;c__Clostridia;o__Clostridiales;f__Lachnospiraceae;g__;s__[Eubacterium]_rectale	0.0187597205604	0.0848941349344	-0.0271072304249	-0.0698969128885	-0.0646839023331	0.019559846735	-0.0300845295836	-0.13017269477	-0.0657468572008	0.0116964495324	-0.0615205269627	-0.0492385963892	-0.02685717669	0.0474387386616	1.0	-0.055054631429	0.0920325932274	-0.0271623693647	-0.0161112798936	-0.0305990971811	0.0250688168704	0.0436282351515	0.0121302524295	-0.0613844059664	-0.0385896119146	-0.10121865395	-0.144688256987	-0.0711747780182	-0.171275831936	0.0427110343719	-0.0992247124468	0.0194072100063	0.000225945606731	0.0532386088476	-0.0277848432227	-0.0220604467775	0.0210150792345	-0.11671023109	-0.10584403884	0.0272042493245	0.0558156433392	-0.0673128656774	0.0505762269525	-0.0207919772666	-0.143620193401	-0.0464776615619	-0.103932028528	-0.0629289791208	-0.049921500862	-0.0909600634353	-0.152235399366	-0.0862922952415	-0.0265677997426	0.0508681762624	-0.0772947761995	-0.0522171236658	-0.0784605212815	-0.054680368248	-0.0238373149026
k__Bacteria;p__Bacteroidetes;c__Bacteroidia;o__Bacteroidales;f__Bacteroidaceae;g__Bacteroides;s__Bacteroides_plebeius	-0.0908606539261	0.037635548625	0.0268575912389	-0.0131406810715	-0.0670565470003	-0.0536687496174	-0.0629280560213	0.0171826073774	-0.0149085726256	0.0376876252082	0.0433823428228	-0.121192029794	-0.06757316891	-0.0408268425202	-0.055054631429	1.0	-0.0691805529778	-0.180462228695	-0.00286876889655	-0.0619400522811	-0.00938195119564	0.00970867481592	0.0750534815912	-0.058954466412	-0.116240157095	-0.0865056400625	0.0715202635714	0.0843722414485	-0.00914354564717	-0.0131458862239	-0.0809141968744	0.0804171575536	-0.0744928944376	-0.0542842002666	-0.0222555543227	-0.0602399910308	0.0122379371074	-0.0572214618717	0.0532442634803	0.0393596848427	0.025239772552	0.0896556768347	-0.163454315103	-0.0132809271607	-0.0215436904774	-0.0934814232985	-0.0497023633126	-0.00825282815725	-0.0544188009657	-0.0453901007283	-0.0489022439397	0.148204438961	-0.0159091475357	-0.0280052246625	0.0128599232255	-0.0652952340853	-0.181902935953	0.00611361798097	-0.0684348208301
k__Bacteria;p__Bacteroidetes;c__Bacteroidia;o__Bacteroidales;f__Bacteroidaceae;g__Bacteroides;s__Bacteroides_fragilis	-0.0612006133106	-0.221957085763	-0.0351801923187	0.0286825972521	-0.0440417359104	-0.0384354147033	0.0374063794264	-0.0131822617794	-0.143691157027	0.0287755146575	0.0374703827446	-0.0117137616833	-0.0801669632341	0.0949369301857	0.0920325932274	-0.0691805529778	1.0	0.0540295944543	0.0149473093473	0.0877979062173	-0.0160004686895	-0.0459592514227	0.053225750225	0.0260760286357	-0.106660484103	-0.0209093017673	-0.0809338624788	-0.0399229631181	0.0517814312688	-0.120326330635	-0.0111611605748	0.0277229691179	-0.095034755987	-0.079783553632	-0.0382681087249	-0.0430346646377	0.0124286696414	-0.130369512713	-0.0432660119939	0.0588121984152	-0.0454264327231	0.0116805730985	0.0364950748035	0.0501661490679	-0.061505130971	-0.0346449025385	0.0322094466441	0.032158362719	-0.104684928613	0.028851991449	-0.134931564788	-0.124863201325	-0.0624534626891	-0.0398806634881	0.0255806914439	0.0450629023275	-0.0386054668741	0.00812621389208	-0.0515123520972
k__Bacteria;p__Proteobacteria;c__Betaproteobacteria;o__Burkholderiales;f__Sutterellaceae;g__Sutterella;s__Sutterella_wadsworthensis	-0.0115137074162	0.0121904905185	-0.0602152713763	-0.0706041015742	-0.00243354148512	-0.0566601428175	-0.0295457252996	0.0335167696901	-0.126411797547	0.07586451819	-0.0340092480298	0.0516620768749	0.0624093704415	-0.0676377030673	-0.0271623693647	-0.180462228695	0.0540295944543	1.0	-0.0419817619345	-0.0994461675947	-0.0732421858384	-0.0882151904574	0.0208424561744	0.053668995662	-0.0145778528112	0.0152805840208	-0.0441712468125	-0.0908208672341	0.00479390719004	0.0402805351083	-0.0873588223305	0.0237591216031	0.112509947485	-0.0407486002972	-0.16986412553	0.0731910513521	0.0114751675119	-0.0622026151518	-0.027110726832	-0.0368587451773	0.0519705206542	0.0325060320837	0.00143959950008	-0.0209285462969	-0.160868793401	-0.0283121068562	0.00212801014561	0.00406275749323	-0.0375842843302	-0.0706866135141	-0.00365767914475	0.000355359578375	-0.0451573387706	0.063721266176	0.0387820197699	-0.0800803528872	-0.0829708638405	0.124726880803	0.114347787671
k__Bacteria;p__Bacteroidetes;c__Bacteroidia;o__Bacteroidales;f__Porphyromonadaceae;g__Barnesiella;s__Barnesiella_intestinihominis	-0.0525448860167	-0.0671436616943	-0.00173918251841	0.0352743861659	0.0269988350887	-0.0515263326533	0.0548275801625	-0.0665596153194	-0.0572541530801	-0.0220708811722	-0.056448162914	-0.020081105888	-0.0803565740679	0.036404969455	-0.0161112798936	-0.00286876889655	0.0149473093473	-0.0419817619345	1.0	-0.0553890318415	-0.0549735262923	0.0151946589548	-0.026040980907	-0.0744049263634	-0.0909077169995	-0.0344558908054	0.00261206210203	0.0408073973182	-0.102783121585	-0.0470730784829	-0.0214034657955	-0.00846523912106	-0.0378167561673	-0.074154556239	-0.121021753067	-0.0529114935038	-0.0959686892596	-0.0515315466436	-0.147872351709	-0.0577470049225	-0.0163324825244	-0.0253602811236	-0.169839719054	-0.12857679332	-0.0159881052313	0.00644085794921	0.0275568529776	-0.100484508182	-0.00719697753869	-0.0111626611776	-0.0992269809114	0.0147486660296	-0.00873458268519	-0.131990651818	-0.086599425706	0.0619391359823	0.0250639609063	-0.100579464952	-0.0121043659153
k__Bacteria;p__Bacteroidetes;c__Bacteroidia;o__Bacteroidales;f__Odoribacteraceae;g__Odoribacter;s__Odoribacter_splanchnicus	-0.0330525427666	-0.193435526789	-0.0628891047463	0.128278810597	0.0581280829267	0.0825985616659	-0.005548850191	-0.0470909647457	-0.141073480203	-0.0119573291659	-0.0421842308559	-0.119086841825	-0.097516775177	-0.0189388394258	-0.0305990971811	-0.0619400522811	0.0877979062173	-0.0994461675947	-0.0553890318415	1.0	-0.00564943241618	0.0958646839953	0.0508893179731	-0.0332624242731	-0.102664618847	-0.144584172886	0.00651364800301	0.00620922757798	0.0892854156871	0.0138431198319	-0.0306979214897	-0.0490039236327	-0.0737196428733	-0.0422953525435	-0.0251903068981	0.0130666257053	0.00837336886243	-0.0877294368707	-0.0251080865332	-0.13893475413	-0.0940039811695	-0.109577986701	0.0488455473467	0.0245064458247	-0.103171370663	-0.0310228318256	0.0409429297524	0.0449655494155	0.0681662513478	0.00695972910596	-0.0126849057572	0.0956013053562	0.0610777500302	0.0428799459278	-0.047807660971	-0.00636053019924	-0.0271593840075	-0.0865203615916	-0.104018710406
k__Bacteria;p__Bacteroidetes;c__Bacteroidia;o__Bacteroidales;f__Bacteroidaceae;g__Bacteroides;s__Bacteroides_salyersiae	-0.0341986852819	-0.0413347321925	-0.115567080481	-0.0462034319264	-0.191755134746	0.0816993089914	-0.0480327980053	0.0106907958602	-0.0934332339067	-0.0557285144412	0.0823478663858	0.0179160329356	-0.0441052841352	-0.094145724279	0.0250688168704	-0.00938195119564	-0.0160004686895	-0.0732421858384	-0.0549735262923	-0.00564943241618	1.0	0.0510399904884	-0.0419251458074	-0.0205302181278	-0.00630350832797	-0.0239827694025	0.0082413789934	-0.0198485988497	-0.0892400815827	0.103652401162	-0.086633581739	0.0337666634429	-0.0541767343893	-0.0730271526033	-0.137410566066	0.0188365482474	-0.0704195078948	-0.0184595243799	-9.75999568989e-05	-0.0960218567173	-0.0200614109175	0.0835377773417	0.00856897449411	-0.0839519153597	-0.0271984870861	-0.154534768176	-0.00975515976776	-0.157996928825	-0.10812140536	-0.0213227157296	-0.150637814694	0.029581665926	-0.0702931848129	0.0194485718673	0.0747351061139	-0.0300716857952	-0.0845018417792	-0.0475129345845	-0.137567588417
k__Bacteria;p__Firmicutes;c__Clostridia;o__Clostridiales;f__Ruminococcaceae;g__Ruminiclostridium;s__[Eubacterium]_siraeum	-0.0337159415827	-0.0160158012023	0.0319000448012	0.00139536052338	-0.0126600260363	-0.00409880956276	-0.0991900351073	-0.0657681307718	0.0108099801888	0.0794428026024	0.0663651634405	-0.161132537257	-0.188647356594	-0.0103928451133	0.0436282351515	0.00970867481592	-0.0459592514227	-0.0882151904574	0.0151946589548	0.0958646839953	0.0510399904884	1.0	-0.0218007993956	-0.0479667557518	0.0477451211176	-0.0244510749822	-0.0594283469354	-0.0954919981748	-0.0346315423327	-0.0454201886058	-0.0903165925403	-0.130899347933	-0.0552991441989	-0.0120049926462	-0.0903957140909	-0.0488365755757	-0.11616360787	0.00515073542737	-0.0171231427273	-0.0336095018044	-0.0108181529768	-0.015933272126	-0.0365644551786	0.0882792855865	0.0204184984386	-0.211274566431	0.027082188905	-0.0501609886394	-0.114746779125	-0.00202184873045	-0.0586200974379	-0.119908861664	-0.165624914577	-0.162747051261	-0.149710239741	-0.155617865157	-0.00687024916139	-0.0927600362989	0.0101668415672
k__Bacteria;p__Proteobacteria;c__Betaproteobacteria;o__Burkholderiales;f__Sutterellaceae;g__Parasutterella;s__Parasutterella_excrementihominis	-0.0560209157595	-0.132794325689	0.105676746891	-0.0487380976316	0.0472517673094	0.0545569317814	-0.0353168400966	-0.0488673767598	-0.058107452106	-0.148167799641	0.0329184397434	-0.0302890614239	0.0307874963205	-0.0621304935564	0.0121302524295	0.0750534815912	0.053225750225	0.0208424561744	-0.026040980907	0.0508893179731	-0.0419251458074	-0.0218007993956	1.0	-0.124820769373	-0.00852705462813	0.144909115277	-0.0581247309451	0.016902408293	0.0555641214617	0.01088030234	0.0375729123449	0.0924495050507	-0.0497645433412	-0.110157828192	-0.0353635904226	-0.150702310276	-0.0562712348363	-0.0336874066939	-0.00721698298054	-0.0496470255995	-0.0331887559964	-0.11298912559	-0.00692915344371	0.00479913887393	-0.00505469822852	0.0172702647762	-0.0806860495555	0.0232957540037	-0.00325915787871	0.085603354215	0.0130999850504	-0.0334305097874	-0.047103640179	-0.154684935437	0.132245277901	-0.0136427949936	-0.0432021027396	-0.0974382241088	-0.0765097044272
k__Bacteria;p__Actinobacteria;c__Actinobacteria;o__Bifidobacteriales;f__Bifidobacteriaceae;g__Bifidobacterium;s__Bifidobacterium_adolescentis	-0.0290682328079	-0.00815944349684	0.0200934264147	-0.0855230240851	0.0090925942442	0.00256007129197	-0.0978999068834	-0.118340874282	0.035980008183	-0.00118947210799	-0.19179661051	0.0190882992011	-0.00241217349379	0.00671243792295	-0.0613844059664	-0.058954466412	0.0260760286357	0.053668995662	-0.0744049263634	-0.0332624242731	-0.0205302181278	-0.0479667557518	-0.124820769373	1.0	-0.0309069909096	0.0370911099302	-0.105055573454	0.0175064534884	-0.0290185851187	-0.00276586708276	-0.035149046868	0.0246806838241	0.015180817592	-0.0866252316844	-0.14060085002	0.0107643079447	0.0218751570296	0.042839341639	0.115567317285	0.151864544642	-0.139944978343	0.0332893320818	0.0457996310549	-0.0840059140646	-0.0256212485928	-0.00410494697078	-0.0807062235583	0.0499206931165	-0.0786952041677	-0.0362670671112	-0.155455074066	-0.0118208095525	0.0714018182682	-0.00663031289274	0.051004822435	-0.0419322668222	0.0434628814997	-0.110562954013	-0.161184755166
k__Bacteria;p__Firmicutes;c__Clostridia;o__Clostridiales;f__Oscillospiraceae;g__Oscillibacter;s__Oscillibacter_sp._KLE_1745	0.0133448538394	0.00117398042379	-0.0341393446704	-0.035584248213	-0.127290314524	-0.0152954034988	-0.0199152629797	0.115308388635	0.0332774155342	-0.0676910706577	0.00214491828009	-0.0520952536047	-0.00899995814109	-0.0656138399073	-0.0385896119146	-0.116240157095	-0.106660484103	-0.0145778528112	-0.0909077169995	-0.102664618847	-0.00630350832797	0.0477451211176	-0.00852705462813	-0.0309069909096	1.0	-0.0202467140057	0.0736405456409	-0.0399941246654	-0.109583306477	-0.0381816139354	-0.11196059451	-0.0631875701727	0.00991912527583	0.0435398920714	-0.0645310719748	-0.0801993753392	-0.0554405041135	-0.142285151938	0.076853886751	-0.0190867317394	-0.0954268074018	-0.0252784918592	-0.0971509011786	-0.106925774506	0.0231588189395	-0.0172320617704	0.00599590328906	-0.0195689122585	0.0569833822405	-0.135871503427	0.018977622122	-0.0828763756963	-0.0184447955824	-0.129686964734	-0.0125433237893	-0.044259282145	-0.0531787360264	0.00799416101201	-0.00538787291231
k__Bacteria;p__Bacteroidetes;c__Bacteroidia;o__Bacteroidales;f__Bacteroidaceae;g__Bacteroides;s__Bacteroides_coprophilus	-0.140457971367	-0.0544884380149	0.0371347196361	0.0296417444212	-0.0501304830489	-0.018779970274	-0.119279638507	-0.0783559387423	-0.15178086245	-0.0644963174489	-0.0349282443441	0.0591301014125	-0.0898645236853	-0.0562550064746	-0.10121865395	-0.0865056400625	-0.0209093017673	0.0152805840208	-0.0344558908054	-0.144584172886	-0.0239827694025	-0.0244510749822	0.144909115277	0.0370911099302	-0.0202467140057	1.0	-0.0404396669148	-0.197952042112	0.0238215453503	-0.116628363576	0.00810427197264	0.0307879353061	0.0219471975265	-0.118421352141	-0.0690305014868	0.119536124762	-0.100648984321	-0.0889265009927	-0.0350915580379	-0.00699136176865	-0.0656645433353	0.0734679859614	0.0385539259024	-0.233942436619	-0.0940637281831	-0.0764490838964	-0.0365502967283	0.161835566727	-0.0360536836025	-0.0355150001364	-0.128832033356	0.0318648391971	-0.0627090748735	-0.0134012543011	0.0379934813133	0.0847123228588	-0.0686518856375	0.093996231402	-0.0945039190827
k__Bacteria;p__Firmicutes;c__Clostridia;o__Clostridiales;f__Lachnospiraceae;g__Roseburia;s__Roseburia_intestinalis	-0.0525799016315	0.0684773204725	-0.0830078623869	-0.035347565738	-0.0417640642922	-0.00729270617901	-0.053710818486	-0.0340590059076	-0.0949455431289	-0.0294078353188	0.11162386083	-0.0969917988416	-0.0114065639675	-0.12610133395	-0.144688256987	0.0715202635714	-0.0809338624788	-0.0441712468125	0.00261206210203	0.00651364800301	0.0082413789934	-0.0594283469354	-0.0581247309451	-0.105055573454	0.0736405456409	-0.0404396669148	1.0	-0.0663922506932	-0.0137268932244	-0.0204327568964	-0.00973311659077	-0.154628984508	-0.0802616785216	-0.0634303867806	-0.0094841958932	0.00364002618738	-0.128007674161	0.0205911737008	-0.131167131077	-0.0761371410662	-0.0601231789071	0.0589682361574	0.0539125800942	-0.075930756986	-0.00176907733879	-0.152569711292	-0.0251007067817	-0.132900067835	-0.0466613695064	0.0242916742538	0.00986958193791	-0.115320243256	0.014762020085	-0.00956680621434	-0.017543055231	-0.0563372020772	0.0368440323246	-0.0457194746804	-0.056398332487
k__Bacteria;p__Firmicutes;c__Clostridia;o__Clostridiales;f__Lachnospiraceae;g__Roseburia;s__Roseburia_hominis	0.0665197248082	-0.0306420411783	-0.0344921275133	-0.0892981707318	-0.0826303398655	-0.0894629391073	0.0221757913048	-0.0974891818826	0.0803891890956	-0.0969353778064	-0.00687004014844	-0.0962204014979	-0.0431783358658	0.047380814621	-0.0711747780182	0.0843722414485	-0.0399229631181	-0.0908208672341	0.0408073973182	0.00620922757798	-0.0198485988497	-0.0954919981748	0.016902408293	0.0175064534884	-0.0399941246654	-0.197952042112	-0.0663922506932	1.0	0.0128881951461	-0.0809278622942	0.00262868621279	-0.113770749548	-0.00751168816256	-0.0821860659284	-0.108046186706	0.00758537349706	-0.185217604631	-0.0485315399325	0.152388381284	-0.0408244841925	0.0150353616051	0.0408992850291	-0.104357321478	-0.0930881091199	0.12158847175	0.103860230594	-0.0680350980198	0.0652178585483	-0.138477392736	-0.00649359429268	-0.00374410840143	-0.0332749212794	-0.032493965219	0.0778720653446	-0.0756553742566	-0.0463669400872	-0.0728499777726	-0.126562516165	0.0686086490057
k__Bacteria;p__Bacteroidetes;c__Bacteroidia;o__Bacteroidales;f__Porphyromonadaceae;g__Parabacteroides;s__Parabacteroides_johnsonii	-0.0341290192487	-0.0696273349378	0.0188543427513	-0.0245791552711	0.0303098740019	-0.10957175241	0.071773809752	0.0461984439918	-0.137345101677	-0.0624583414928	-0.0663829872629	0.0372053745329	-0.00328179141126	0.0283420379457	-0.171275831936	-0.00914354564717	0.0517814312688	0.00479390719004	-0.102783121585	0.0892854156871	-0.0892400815827	-0.0346315423327	0.0555641214617	-0.0290185851187	-0.109583306477	0.0238215453503	-0.0137268932244	0.0128881951461	1.0	-0.0408997966908	-0.133257478723	-0.0308128460157	0.0287731917696	-0.0490803560825	-0.117580758001	-0.0691547166684	-0.0386121295783	-0.0570750680179	-0.0766846152775	-0.11175184527	-0.0584762059148	-0.0171744106868	-0.0393934444407	-0.151971512825	0.0687452515081	0.0838292735436	-0.00933440274284	0.00804693371068	-0.0155395095937	-0.122468269993	-0.00865847208418	-0.110154736132	0.0387041725108	0.0345218869583	0.0205264501658	-0.0267555022588	-0.0888344824571	-0.00880662372654	0.0970919144183
k__Bacteria;p__Actinobacteria;c__Actinobacteria;o__Bifidobacteriales;f__Bifidobacteriaceae;g__Bifidobacterium;s__Bifidobacterium_longum	-0.0210310629206	-0.0731517532021	-0.0669293945841	0.0309701468136	-0.116029734056	-0.125804500718	-0.092211313197	-0.0297987422284	0.00962814275026	-0.121883267537	-0.00489462127413	-0.0353304696331	0.0122389073261	-0.043633882111	0.0427110343719	-0.0131458862239	-0.120326330635	0.0402805351083	-0.0470730784829	0.0138431198319	0.103652401162	-0.0454201886058	0.01088030234	-0.00276586708276	-0.0381816139354	-0.116628363576	-0.0204327568964	-0.0809278622942	-0.0408997966908	1.0	-0.0944590325852	-0.0628855878162	0.0633777064508	-0.0486700589226	-0.00142967437135	0.0551873458347	-0.0723741098921	-0.0728165754635	-0.0968359657572	-0.0732479236096	-0.0722008113355	-0.109806749137	-0.0908317443163	-0.0594479095085	-0.0592334638799	0.00573214336073	-0.0110975235457	-0.00926865355576	-0.0304806949584	-0.00570075910808	-0.192704486823	-0.0182233317115	-0.0114721594374	-0.158974049882	-0.0753431726784	-0.109130689165	-0.0852630130789	-0.048133629491	0.0305312464962
