#taxonomy	k__Bacteria;p__Bacteroidetes;c__Bacteroidia;o__Bacteroidales;f__Bacteroidaceae;g__Bacteroides;s__Bacteroides_vulgatus	k__Bacteria;p__Bacteroidetes;c__Bacteroidia;o__Bacteroidales;f__Bacteroidaceae;g__Bacteroides;s__Bacteroides_uniformis	k__Bacteria;p__Bacteroidetes;c__Bacteroidia;o__Bacteroidales;f__Rikenellaceae;g__Alistipes;s__Alistipes_putredinis	k__Bacteria;p__Bacteroidetes;c__Bacteroidia;o__Bacteroidales;f__Prevotellaceae;g__Prevotella;s__Prevotella_copri	k__Bacteria;p__Bacteroidetes;c__Bacteroidia;o__Bacteroidales;f__Bacteroidaceae;g__Bacteroides;s__Bacteroides_stercoris	k__Bacteria;p__Bacteroidetes;c__Bacteroidia;o__Bacteroidales;f__Bacteroidaceae;g__Bacteroides;s__Bacteroides_ovatus	k__Bacteria;p__Bacteroidetes;c__Bacteroidia;o__Bacteroidales;f__Rikenellaceae;g__Alistipes;s__Alistipes_shahii	k__Bacteria;p__Firmicutes;c__Clostridia;o__Clostridiales;f__Ruminococcaceae;g__Faecalibacterium;s__Faecalibacterium_prausnitzii	k__Bacteria;p__Bacteroidetes;c__Bacteroidia;o__Bacteroidales;f__Rikenellaceae;g__Alistipes;s__Alistipes_finegoldii	k__Bacteria;p__Bacteroidetes;c__Bacteroidia;o__Bacteroidales;f__Porphyromonadaceae;g__Parabacteroides;s__Parabacteroides_distasonis	k__Bacteria;p__Bacteroidetes;c__Bacteroidia;o__Bacteroidales;f__Bacteroidaceae;g__Bacteroides;s__Bacteroides_thetaiotaomicron	k__Bacteria;p__Bacteroidetes;c__Bacteroidia;o__Bacteroidales;f__Bacteroidaceae;g__Bacteroides;s__Bacteroides_coprocola	k__Bacteria;p__Bacteroidetes;c__Bacteroidia;o__Bacteroidales;f__Bacteroidaceae;g__Bacteroides;s__Bacteroides_cellulosilyticus	k__Bacteria;p__Bacteroidetes;c__Bacteroidia;o__Bacteroidales;f__Rikenellaceae;g__Alistipes;s__Alistipes_obesi	k__Bacteria;p__Firmicutes;c__Clostridia;o__Clostridiales;f__Lachnospiraceae;g__;s__[Eubacterium]_rectale	k__Bacteria;p__Bacteroidetes;c__Bacteroidia;o__Bacteroidales;f__Bacteroidaceae;g__Bacteroides;s__Bacteroides_plebeius	k__Bacteria;p__Bacteroidetes;c__Bacteroidia;o__Bacteroidales;f__Bacteroidaceae;g__Bacteroides;s__Bacteroides_fragilis	k__Bacteria;p__Proteobacteria;c__Betaproteobacteria;o__Burkholderiales;f__Sutterellaceae;g__Sutterella;s__Sutterella_wadsworthensis	k__Bacteria;p__Bacteroidetes;c__Bacteroidia;o__Bacteroidales;f__Porphyromonadaceae;g__Barnesiella;s__Barnesiella_intestinihominis	k__Bacteria;p__Bacteroidetes;c__Bacteroidia;o__Bacteroidales;f__Odoribacteraceae;g__Odoribacter;s__Odoribacter_splanchnicus	k__Bacteria;p__Bacteroidetes;c__Bacteroidia;o__Bacteroidales;f__Bacteroidaceae;g__Bacteroides;s__Bacteroides_salyersiae	k__Bacteria;p__Firmicutes;c__Clostridia;o__Clostridiales;f__Ruminococcaceae;g__Ruminiclostridium;s__[Eubacterium]_siraeum	k__Bacteria;p__Proteobacteria;c__Betaproteobacteria;o__Burkholderiales;f__Sutterellaceae;g__Parasutterella;s__Parasutterella_excrementihominis	k__Bacteria;p__Actinobacteria;c__Actinobacteria;o__Bifidobacteriales;f__Bifidobacteriaceae;g__Bifidobacterium;s__Bifidobacterium_adolescentis	k__Bacteria;p__Firmicutes;c__Clostridia;o__Clostridiales;f__Oscillospiraceae;g__Oscillibacter;s__Oscillibacter_sp._KLE_1745	k__Bacteria;p__Bacteroidetes;c__Bacteroidia;o__Bacteroidales;f__Bacteroidaceae;g__Bacteroides;s__Bacteroides_coprophilus	k__Bacteria;p__Firmicutes;c__Clostridia;o__Clostridiales;f__Lachnospiraceae;g__Roseburia;s__Roseburia_intestinalis	k__Bacteria;p__Firmicutes;c__Clostridia;o__Clostridiales;f__Lachnospiraceae;g__Roseburia;s__Roseburia_hominis	k__Bacteria;p__Bacteroidetes;c__Bacteroidia;o__Bacteroidales;f__Porphyromonadaceae;g__Parabacteroides;s__Parabacteroides_johnsonii	k__Bacteria;p__Actinobacteria;c__Actinobacteria;o__Bifidobacteriales;f__Bifidobacteriaceae;g__Bifidobacterium;s__Bifidobacterium_longum	k__Bacteria;p__Firmicutes;c__Clostridia;o__Clostridiales;f__;g__Flavonifractor;s__Flavonifractor_plautii	k__Bacteria;p__Firmicutes;c__Clostridia;o__Clostridiales;f__Clostridiaceae;g__Clostridium;s__Clostridium_phoceensis	k__Bacteria;p__Verrucomicrobia;c__Verrucomicrobiae;o__Verrucomicrobiales;f__Akkermansiaceae;g__Akkermansia;s__Akkermansia_muciniphila	k__Bacteria;p__Bacteroidetes;c__Bacteroidia;o__Bacteroidales;f__Prevotellaceae;g__Paraprevotella;s__Paraprevotella_xylaniphila	k__Bacteria;p__Firmicutes;c__Clostridia;o__Clostridiales;f__Ruminococcaceae;g__Ruminococcus;s__Ruminococcus_callidus	k__Bacteria;p__Bacteroidetes;c__Bacteroidia;o__Bacteroidales;f__Rikenellaceae;g__Alistipes;s__Alistipes_senegalensis	k__Bacteria;p__Firmicutes;c__Clostridia;o__Clostridiales;f__Lachnospiraceae;g__Blautia;s__Blautia_sp._KLE_1732	k__Bacteria;p__Bacteroidetes;c__Bacteroidia;o__Bacteroidales;f__Bacteroidaceae;g__Bacteroides;s__Bacteroides_oleiciplenus	k__Bacteria;p__Firmicutes;c__Clostridia;o__Clostridiales;f__Ruminococcaceae;g__Ruminococcus;s__Ruminococcus_bicirculans	k__Bacteria;p__Bacteroidetes;c__Bacteroidia;o__Bacteroidales;f__Bacteroidaceae;g__Bacteroides;s__Bacteroides_fluxus	k__Bacteria;p__Bacteroidetes;c__Bacteroidia;o__Bacteroidales;f__Prevotellaceae;g__Prevotella;s__Prevotella_stercorea	k__Bacteria;p__Firmicutes;c__Clostridia;o__Clostridiales;f__Lachnospiraceae;g__Dorea;s__Dorea_longicatena	k__Bacteria;p__Firmicutes;c__Clostridia;o__Clostridiales;f__Eubacteriaceae;g__Eubacterium;s__[Eubacterium]_eligens	k__Bacteria;p__Firmicutes;c__Clostridia;o__Clostridiales;f__Ruminococcaceae;g__;s__Ruminococcaceae_bacterium_D16	k__Bacteria;p__Firmicutes;c__Clostridia;o__Clostridiales;f__Lachnospiraceae;g__Coprococcus;s__Coprococcus_comes	k__Bacteria;p__Proteobacteria;c__Gammaproteobacteria;o__Enterobacterales;f__Enterobacteriaceae;g__Escherichia;s__Escherichia_coli	k__Bacteria;p__Firmicutes;c__Clostridia;o__Clostridiales;f__Ruminococcaceae;g__Anaerotruncus;s__Anaerotruncus_colihominis	k__Bacteria;p__Firmicutes;c__Clostridia;o__Clostridiales;f__Lachnospiraceae;g__Blautia;s__Blautia_obeum	k__Bacteria;p__Bacteroidetes;c__Bacteroidia;o__Bacteroidales;f__Odoribacteraceae;g__Odoribacter;s__Odoribacter_laneus	k__Bacteria;p__Firmicutes;c__Clostridia;o__Clostridiales;f__Ruminococcaceae;g__Ruminiclostridium;s__[Clostridium]_leptum	k__Bacteria;p__Bacteroidetes;c__Bacteroidia;o__Bacteroidales;f__Porphyromonadaceae;g__Parabacteroides;s__Parabacteroides_goldsteinii	k__Bacteria;p__Firmicutes;c__Clostridia;o__Clostridiales;f__Lachnospiraceae;g__Anaerostipes;s__Anaerostipes_hadrus	k__Bacteria;p__Firmicutes;c__Clostridia;o__Clostridiales;f__Ruminococcaceae;g__Ruminococcus;s__Ruminococcus_lactaris	k__Bacteria;p__Firmicutes;c__Clostridia;o__Clostridiales;f__Clostridiaceae;g__Clostridium;s__Clostridium_sp._L2-50	k__Bacteria;p__Firmicutes;c__Clostridia;o__Clostridiales;f__Clostridiaceae;g__Clostridium;s__Clostridium_sp._M62/1	k__Bacteria;p__Firmicutes;c__Clostridia;o__Clostridiales;f__;g__Intestinimonas;s__Intestinimonas_butyriciproducens	k__Bacteria;p__Actinobacteria;c__Actinobacteria;o__Bifidobacteriales;f__Bifidobacteriaceae;g__Bifidobacterium;s__Bifidobacterium_bifidum	k__Bacteria;p__Firmicutes;c__Negativicutes;o__Veillonellales;f__Veillonellaceae;g__Dialister;s__Dialister_invisus	k__Bacteria;p__Bacteroidetes;c__Bacteroidia;o__Bacteroidales;f__Bacteroidaceae;g__Bacteroides;s__Bacteroides_salanitronis
k__Bacteria;p__Bacteroidetes;c__Bacteroidia;o__Bacteroidales;f__Bacteroidaceae;g__Bacteroides;s__Bacteroides_vulgatus	1.0	-0.101800353476	-0.0942641193176	-0.117502400737	-0.107065965687	-0.132322900751	0.0527463868042	-0.0727781871515	-0.0288291080254	-0.114557492291	-0.00152779936067	-0.130738893076	0.018827389452	0.0122455020044	-0.153066349801	-0.10348427844	-0.00310427780652	-0.00404499903377	-0.0338160318986	0.0669768164093	-0.0271718441411	0.0292266813486	-0.0275262271881	0.018071193008	0.0411398567716	0.155417203825	0.0433649146598	-0.134937579591	0.0610269425729	-0.0383543853281	0.0122528995084	-0.089131117825	-0.0797559647036	0.0380060707214	-0.0856236533165	0.00944293198675	-0.0370602179935	-0.0582471617926	-0.0542500891453	-0.171583212299	0.0141530132587	0.0157146462227	-0.0318433812604	-0.0166721507914	0.0551592766474	-0.0883232353657	-0.113935126856	-0.0600944568464	-0.000591154852387	-0.0118125912551	-0.0895996167586	-0.0338641599589	-0.101014559487	0.052053336179	-0.0476838515969	-0.0486869042274	-0.0514172912144	0.0833010425526	-0.0678074085617
k__Bacteria;p__Bacteroidetes;c__Bacteroidia;o__Bacteroidales;f__Bacteroidaceae;g__Bacteroides;s__Bacteroides_uniformis	-0.101800353476	1.0	-0.0830027022711	-0.0407836951462	-0.0259886671754	0.0150658411246	-0.0350200412544	0.0161264055064	-0.0137785377935	0.0923587388525	-0.0248337149341	0.0793958917186	-0.0932517437501	-0.0666176822339	0.0910930705808	-0.00875061483914	0.0176427529681	-0.0256723004248	-0.203142826995	-0.0365276926918	-0.0160360091795	-0.0716637438196	-0.0269141627795	0.0147181491294	-0.134988958743	-0.0845447938696	-0.145688437707	0.0422571237153	0.12286723412	0.0529628425528	-0.0546006505269	0.017217065502	0.0776106868313	-0.109155917794	-0.0497359985035	-0.0143220324739	-0.0421045888084	-0.00534707649994	0.0651863368696	-0.149444089402	-0.0180475211911	-0.0431153717786	-0.0296724702486	-0.0227340899688	-0.082442139827	0.0395388425138	-0.113108625012	-0.0492175562413	-0.0723781589678	0.035290305787	0.00941229786222	-0.0557011079733	0.0151351071912	0.00203715752263	-0.102744941369	0.0169562997962	0.0140512559649	-0.101920313564	-0.0880275523751
k__Bacteria;p__Bacteroidetes;c__Bacteroidia;o__Bacteroidales;f__Rikenellaceae;g__Alistipes;s__Alistipes_putredinis	-0.0942641193176	-0.0830027022711	1.0	0.0513686111678	-0.021078249606	0.00860554598931	-0.00700137005403	-0.0363600843727	0.0164051354167	-0.0136609068501	-0.00462720526436	0.0447353841279	-0.097736449903	0.00703461694686	-0.00692041372152	-0.0412235934479	-0.0918765467399	0.0638674517482	-0.0674530617688	-0.055089284993	0.0119281968182	-0.0557362531836	0.0254751560007	-0.0476158396481	-0.00323080188319	-0.0337697401522	-0.0228653965256	0.00772049839997	-0.063989730575	-0.0156860217488	-0.0766147259585	-0.00464505170677	-0.0111095645531	-0.09852151831	-0.0466424231152	0.0259543922966	0.0221412233777	-0.0397351938605	-0.057777056789	-0.0781203696318	0.00446898636965	-0.114871539991	-0.00216927793598	-0.0525816802149	-0.0258669154455	-0.0224201294431	-0.126549992363	-0.00688790696155	-0.180359384142	0.0280552061527	-0.164880348034	0.0366141831516	-0.0803050774008	-0.0740092364015	-0.0221491638865	-0.0998442888767	-0.0304138137855	-0.00719327863545	-0.0803254043004
k__Bacteria;p__Bacteroidetes;c__Bacteroidia;o__Bacteroidales;f__Prevotellaceae;g__Prevotella;s__Prevotella_copri	-0.117502400737	-0.0407836951462	0.0513686111678	1.0	-0.0371263510817	-0.0873214986325	0.0148376079179	-0.0803017726385	-0.078112761959	-0.0731965043633	-0.0511680437272	-0.0537397084504	-0.00383616247947	-0.117007953796	0.0256046741071	0.0731426208673	-0.109285074522	0.0557584299844	-0.0397273047295	-0.120947509773	0.000647098866668	-0.10792029904	0.0372513469557	-0.133241635122	-0.0601672843628	-0.0182607831664	-0.0472830649108	-0.0269436596997	0.148755630835	-0.114455519395	-0.0186735045195	-0.0410246118983	0.00112129391497	0.0231009240302	-0.128874483547	-0.13290064553	-0.0590681736937	0.151249367815	-0.0853846199694	-0.0737288843745	0.0123031899116	0.014091793189	0.0388346072508	-0.0327429648784	-0.0119849758678	0.0719663299796	0.0939026430066	-0.0132018084246	0.0933187301273	-0.0632052013128	0.0292937377135	-0.0843744083969	-0.0498858680334	-0.104818544983	0.0105587946547	-0.0761268516743	-0.0968005383552	0.0161952503098	-0.101242548186
k__Bacteria;p__Bacteroidetes;c__Bacteroidia;o__Bacteroidales;f__Bacteroidaceae;g__Bacteroides;s__Bacteroides_stercoris	-0.107065965687	-0.0259886671754	-0.021078249606	-0.0371263510817	1.0	-0.05927978608	-0.0583821210517	-0.0302192367732	0.0475232335477	-0.115452479545	-0.0399074192411	-0.0372535857766	0.0367741745056	-0.0674610542995	0.032509477995	-0.0779340247074	0.0180520283413	-0.0745368200797	0.0600173802021	-0.0749420098403	-0.00815365488291	0.00275531495023	-0.0501630607116	-0.00260839609188	-0.149149176338	-0.117897686664	-0.0569065730304	0.0239461094621	-0.025629607783	-0.0450641616187	0.0163538102892	-0.057501051891	0.106882094643	-0.00979336457489	0.0557709596595	-0.0364182735337	0.00883563268835	-0.13423191701	-0.0301665533682	0.0137145434641	0.0835510174507	-0.0224691490136	-0.0822163988952	-0.0446837977615	0.0639436956769	-0.0206682956278	-0.109816206082	-0.0620205594416	-0.0441518390422	-0.0374555837073	0.0620938107167	-0.0566306813423	-0.000551933003323	0.0137220928391	-0.0595016921194	-0.0440191869916	0.0932872581505	0.00896342628402	-0.0652980332597
k__Bacteria;p__Bacteroidetes;c__Bacteroidia;o__Bacteroidales;f__Bacteroidaceae;g__Bacteroides;s__Bacteroides_ovatus	-0.132322900751	0.0150658411246	0.00860554598931	-0.0873214986325	-0.05927978608	1.0	-0.0159261059503	-0.0910821552548	-0.0276905344502	-0.0283967611108	-0.106697731577	-0.0213821467896	-0.0690137853194	-0.003721409751	0.0492549373382	0.0786708731943	-0.0842688073697	-0.170236005089	-0.0204588686001	-0.0101103379526	0.0740557578618	-0.00875093032475	-0.0421764638919	-0.130528244851	0.0369559383299	-0.197823459354	0.017080997186	-0.107011435478	-0.0155743590801	0.107150531645	0.0208042101563	-0.044666445841	-0.0696206098653	-0.123048624017	-0.0293464373485	0.0542176692686	-0.13100502623	-0.0543015627455	-0.00307332739338	0.0084795711908	0.0579144148917	-0.09231920038	-0.043021561934	-0.0815388673497	-0.0305111123003	0.0188247657223	0.0474364073987	-0.0364983678587	0.00304301945127	-0.168566020932	-0.0460102993181	-0.043243903635	0.0285263121234	-0.159893096501	-0.0618808387249	0.0217844061414	0.0512725403331	0.036689336394	-0.00615777665797
k__Bacteria;p__Bacteroidetes;c__Bacteroidia;o__Bacteroidales;f__Rikenellaceae;g__Alistipes;s__Alistipes_shahii	0.0527463868042	-0.0350200412544	-0.00700137005403	0.0148376079179	-0.0583821210517	-0.0159261059503	1.0	0.0666721192103	-0.0415002475553	-0.153955531646	0.0594514746677	-0.0130313847842	0.022074425473	0.00160040484391	-0.0920685059578	0.0219525989501	-0.12928932107	-0.0457413720054	-0.0788895883316	-0.108507045551	0.029800571128	0.00904371956153	0.00215848830109	0.0548514372455	-0.0629459281416	-0.0761439017561	-0.0755121365596	-0.0975579886395	-0.109799950513	-0.077343087189	-0.0748898271339	-0.0499477148805	0.0141367987752	-0.0437541878205	-0.00561630489978	0.0651783137852	-0.00578506727206	-0.092474531361	-0.0404555155724	0.0309407884244	-0.0681203215427	-0.015089176331	-0.127856403205	-0.0380675259281	0.00894695222113	-0.0141934656764	0.0350892494214	-0.0341248502216	0.0429373339736	0.0622701528424	-0.122816487969	-0.0952597363813	-0.0937509531317	-0.0566734038282	-0.0456334929949	0.0775583399186	0.136970366157	0.0945599016889	-0.116105565854
k__Bacteria;p__Firmicutes;c__Clostridia;o__Clostridiales;f__Ruminococcaceae;g__Faecalibacterium;s__Faecalibacterium_prausnitzii	-0.0727781871515	0.0161264055064	-0.0363600843727	-0.0803017726385	-0.0302192367732	-0.0910821552548	0.0666721192103	1.0	-0.0531445046424	-0.0201300129767	-0.0441687814923	0.0247441336484	0.0644943852644	-0.0994489544084	-0.0189096096175	-0.051495265004	-0.0215021064175	-0.122332931136	0.00561908270227	-0.0518380307247	0.0870205665104	-0.167586885441	0.0174633344272	0.0101184518753	-0.0304371219512	-0.0860325771673	0.0557923369873	-0.0644385511495	0.0232754220532	-0.181391504528	-0.0566676908855	0.0247523897059	-0.0914015460316	-0.121108113022	0.0099896154677	-0.00699486467871	-0.0157004658087	0.0864598074821	0.0735112400644	-0.00394755148978	0.0231136796743	-0.0638823400215	-0.0542182917985	-0.0243468829228	-0.0792923100867	-0.00947519292139	-0.000426773804864	-0.0062126210101	-0.0694127565151	-0.00976242476317	0.0893705897246	0.109889565275	-0.000735906754966	0.0936620566625	-0.0890327754309	-0.113379675041	-0.125370975158	-0.248833405827	-0.0248957932713
k__Bacteria;p__Bacteroidetes;c__Bacteroidia;o__Bacteroidales;f__Rikenellaceae;g__Alistipes;s__Alistipes_finegoldii	-0.0288291080254	-0.0137785377935	0.0164051354167	-0.078112761959	0.0475232335477	-0.0276905344502	-0.0415002475553	-0.0531445046424	1.0	-0.100732319502	0.0423875963078	-0.0820795129772	-0.00260482048578	-0.0219846983941	-0.117081950364	-0.117568327545	0.0649827899778	-0.0475102094617	-0.00781452160795	-0.0340562212426	-0.0335678187349	-0.0944540711662	-0.0127802954452	-0.220307858431	-0.0303297321114	0.00350915091404	0.0240018503091	-0.0109085548758	0.0531033109352	0.00191719349407	-0.0611992692593	-0.0993549839026	-0.113217622819	-0.0471502368129	0.0598041560763	-0.0269809560751	0.0452559905314	-0.0619968879567	-0.110793878752	-0.0928811992925	-0.0711078278559	-0.139804747164	-0.0165562072339	0.155834280212	-0.0530702592863	-0.0244297436361	-0.0994459147512	0.0193531448331	-0.115375704394	0.0102041040238	-0.0776771339145	-0.119298785942	0.124122219668	0.0952331936487	0.0705989290844	-0.0720222289581	-0.0831254864531	0.13067828867	-0.0623107715158
k__Bacteria;p__Bacteroidetes;c__Bacteroidia;o__Bacteroidales;f__Porphyromonadaceae;g__Parabacteroides;s__Parabacteroides_distasonis	-0.114557492291	0.0923587388525	-0.0136609068501	-0.0731965043633	-0.115452479545	-0.0283967611108	-0.153955531646	-0.0201300129767	-0.100732319502	1.0	-0.0326669104558	0.0672538764462	0.0463177266002	-0.000563749598138	-0.0322738923607	-0.0573817903599	0.0408246582612	-0.0444716450878	-0.0197019541057	-0.0720852242604	0.0396047955533	-0.0796381085151	0.0116486735694	0.1015464425	-0.0389935405391	-0.137002453513	-0.0783169966334	-0.167886726604	0.0126343868611	0.0236053892585	-0.0138069960771	0.0273520052942	0.0629209716098	-0.0946216708882	-0.0405143251124	-0.0443229059075	-0.0418792684398	0.0514061648218	0.0135634483022	0.00900877185471	-0.0111485173273	-0.0701372049023	-0.0345895791579	-0.105180536851	-0.0942440550744	0.0192208362131	0.00412767687425	-0.0363291135485	-0.0309247111642	0.00381581950004	-0.115705144693	-0.127630200215	0.0130873326391	0.0191110788269	-0.0570629150064	-0.0296374374616	-0.109111550818	-0.124003688678	-0.140271950627
k__Bacteria;p__Bacteroidetes;c__Bacteroidia;o__Bacteroidales;f__Bacteroidaceae;g__Bacteroides;s__Bacteroides_thetaiotaomicron	-0.00152779936067	-0.0248337149341	-0.00462720526436	-0.0511680437272	-0.0399074192411	-0.106697731577	0.0594514746677	-0.0441687814923	0.0423875963078	-0.0326669104558	1.0	-0.0665628006013	-0.107222924888	-0.0323993713957	-0.0184328981871	-0.00521953519853	-0.137834869001	-0.0596103421726	0.0295302566072	0.0129620975362	0.0377664450305	0.000441650648722	-0.0164766261873	0.0869806279141	-0.0619140708896	-0.0208214292448	-0.0355059013847	-0.166310127914	-0.116052504801	-0.0535832850417	-0.0655719771926	-0.0755807779442	0.0849294315829	-0.00843801896559	-0.0746691596893	-0.0527910962572	0.028036226369	-0.0184808693993	-0.162194100453	-0.0440088034436	-0.0300166981318	-0.034668374633	0.00783679877732	-0.0342476040913	0.0953604925316	-0.110339311432	-0.0952360214702	-0.035794881013	-0.0789332508729	-0.0616923877954	0.00170552334532	-0.0586472820985	-0.124982575817	-0.144074488178	0.00382410980585	-0.0823230852446	0.0262760386086	0.0546191074034	-0.0435592992358
k__Bacteria;p__Bacteroidetes;c__Bacteroidia;o__Bacteroidales;f__Bacteroidaceae;g__Bacteroides;s__Bacteroides_coprocola	-0.130738893076	0.0793958917186	0.0447353841279	-0.0537397084504	-0.0372535857766	-0.0213821467896	-0.0130313847842	0.0247441336484	-0.0820795129772	0.0672538764462	-0.0665628006013	1.0	-0.00527433164503	0.00991854332963	-0.0569496699668	-0.143094289529	0.0299870887848	-0.056277604561	0.112703247027	-0.108759970692	-0.0770423424808	-0.0285645048989	-0.0931385507791	0.00842147382365	-0.0246244949531	-0.070483229704	-0.0877376640355	-0.076008668959	-0.0729526216551	-0.117928969216	-0.0879572501774	-0.0616079062323	-0.0419818655217	-0.0282042358711	0.00387689630084	-0.0482903856559	0.088098497717	-0.00613927733588	0.0377695532699	-0.0730120976201	0.0213701890192	-0.119861932842	-0.163268858906	0.0312905737571	-0.0279770985371	-0.158240767508	-0.0279366168033	-0.0109922596116	-0.00748204029696	-0.0270762650435	-0.0479298819851	0.180735033534	-0.0237794469879	-0.0507548213459	-0.0844295199365	0.102712611586	-0.0342466099313	0.0486518486398	-0.055974843044
k__Bacteria;p__Bacteroidetes;c__Bacteroidia;o__Bacteroidales;f__Bacteroidaceae;g__Bacteroides;s__Bacteroides_cellulosilyticus	0.018827389452	-0.0932517437501	-0.097736449903	-0.00383616247947	0.0367741745056	-0.0690137853194	0.022074425473	0.0644943852644	-0.00260482048578	0.0463177266002	-0.107222924888	-0.00527433164503	1.0	-0.0728988606425	0.0259751036428	-0.0747099859949	-0.108302652575	0.0205678219504	0.0171229472099	-0.0342039900949	-0.0431906185479	-0.161616991444	-0.0476351922131	0.100054009978	0.0652843049124	-0.153327080244	-0.00295514439569	-0.070333941939	-0.0827067502048	-0.179411787604	-0.0346625845694	-0.00509302758995	-0.0268285262033	-0.000686539909657	-0.00141457907282	0.0113131720421	0.00095271846222	0.0217198010086	0.00372342813405	0.00393575008515	-0.0631053930051	-0.0425714547125	-0.0738760758467	0.0831839406074	-0.000920455699226	-0.0452380523211	-0.00526373985362	-0.0843430716707	-0.105568523893	-0.0564730698791	-0.099327036729	-0.124218681689	-0.0626219432495	0.133322181101	-0.0178818375295	-0.0297718407584	-0.0154891583527	-0.0535125079164	-0.0903381945405
k__Bacteria;p__Bacteroidetes;c__Bacteroidia;o__Bacteroidales;f__Rikenellaceae;g__Alistipes;s__Alistipes_obesi	0.0122455020044	-0.0666176822339	0.00703461694686	-0.117007953796	-0.0674610542995	-0.003721409751	0.00160040484391	-0.0994489544084	-0.0219846983941	-0.000563749598138	-0.0323993713957	0.00991854332963	-0.0728988606425	1.0	0.0249747226051	0.0654551854142	-0.204730516434	-0.0656518141492	0.0471458746851	-0.0908394717213	-0.0734385425986	-0.155966471372	-0.0686340367347	-0.0151278463676	0.00426203694507	-0.012357810751	0.0716350044629	-0.0832341963911	-0.0777782845425	0.0018077189992	0.0509049557211	-0.0742207567175	-0.072986701291	0.0141754996505	-0.153901996019	-0.0336488438954	-0.0283055019968	-0.0356437347348	-0.00250492228114	0.0197163982187	-0.0719811358423	0.0103482916497	-0.167657767139	-0.0961645080061	-0.00593047069188	0.0416617219131	-0.0267098074721	0.0379846506616	-0.0373062850111	-0.0562136046275	-0.0364528002543	-0.0701959862504	-0.013636923975	-0.0339465403591	-0.0664758760339	-0.0327544977502	-0.1181249047	-0.0375445122444	-0.188781986058
k__Bacteria;p__Firmicutes;c__Clostridia;o__Clostridiales;f__Lachnospiraceae;g__;s__[Eubacterium]_rectale	-0.153066349801	0.0910930705808	-0.00692041372152	0.0256046741071	0.032509477995	0.0492549373382	-0.0920685059578	-0.0189096096175	-0.117081950364	-0.0322738923607	-0.0184328981871	-0.0569496699668	0.0259751036428	0.0249747226051	1.0	-0.0644566014808	-0.00686811598506	-0.0159375331935	-0.138700990675	-0.0632382140476	0.0165877947813	-0.128152909308	0.027087158591	0.0682485893193	-0.0131816268555	-0.165332540115	-0.0736842582643	-0.0655611494828	-0.0889485922068	0.0123953944268	-0.080855051009	0.00808402327494	-0.0685079912345	-0.0517250573353	-0.0497321974763	-0.0021184797314	-0.10478038753	-0.126602709253	-0.0630988723604	0.0910171487807	-0.0865550399492	0.0509920443991	0.0677709942071	0.0307205869504	-0.100077373702	0.00131392962209	0.0745314060363	0.0461967518276	0.0968082807937	0.00375810622857	-0.0700710057569	-0.0122975252573	-0.0426246475595	-0.106422107212	-0.0777513157694	0.00316381122516	0.0468706569524	-0.0464795948429	-0.00623912814198
k__Bacteria;p__Bacteroidetes;c__Bacteroidia;o__Bacteroidales;f__Bacteroidaceae;g__Bacteroides;s__Bacteroides_plebeius	-0.10348427844	-0.00875061483914	-0.0412235934479	0.0731426208673	-0.0779340247074	0.0786708731943	0.0219525989501	-0.051495265004	-0.117568327545	-0.0573817903599	-0.00521953519853	-0.143094289529	-0.0747099859949	0.0654551854142	-0.0644566014808	1.0	-0.0747237055733	0.0122152525665	-0.0649827751471	-0.0313805284819	-0.0564108977045	0.0126383820184	0.0889317228273	0.0129233137711	-0.0800250359873	-0.0141922748821	-0.0124952776885	-0.058275378014	-0.0534934599994	-0.0492991603031	-0.0108332896778	-0.0989159490187	-0.0298909113785	0.062640346868	-0.0477309500733	-0.100178975203	-0.0204532191571	-0.0563442379953	-0.0139656183629	0.0435131398793	0.0883699793228	0.00202171993562	-0.0243723375735	-0.0719722986625	-0.0432156502984	0.0428120943333	-0.0610559517242	-0.139133642731	-0.0273011768561	-0.0481701463851	-0.130643075541	-0.0604647305915	-0.0234478347627	-0.0420228788866	-0.108337965319	0.0590868843752	0.0817028445359	-0.030394476319	0.0301649182438
k__Bacteria;p__Bacteroidetes;c__Bacteroidia;o__Bacteroidales;f__Bacteroidaceae;g__Bacteroides;s__Bacteroides_fragilis	-0.00310427780652	0.0176427529681	-0.0918765467399	-0.109285074522	0.0180520283413	-0.0842688073697	-0.12928932107	-0.0215021064175	0.0649827899778	0.0408246582612	-0.137834869001	0.0299870887848	-0.108302652575	-0.204730516434	-0.00686811598506	-0.0747237055733	1.0	-0.032463865266	-0.11458416657	-0.0449972252006	0.0193694894919	0.0812127785772	-0.0278432031905	-0.0955695394942	-9.32261349934e-05	-0.0786266898407	0.0338876073518	-0.0643995634412	-0.0581573599434	-0.00642066322419	0.100130437115	-0.028477842143	0.0212269927547	0.0283508803482	-0.0430899997749	-0.0948666429411	0.0226216908748	0.0396058634576	-0.0182117324335	0.0267151886986	0.0240767237814	-0.138993750083	-0.00210715108878	-0.037159273659	-0.0313292169453	-0.0497330497362	-0.172652056644	0.0359932519204	-0.0733646397702	0.0267046103793	-0.0456049676309	-0.036688592224	-0.00743111647352	0.00508884813669	-0.116425791656	-0.03670746021	0.0299406496241	0.00347231823143	-0.0117828062659
k__Bacteria;p__Proteobacteria;c__Betaproteobacteria;o__Burkholderiales;f__Sutterellaceae;g__Sutterella;s__Sutterella_wadsworthensis	-0.00404499903377	-0.0256723004248	0.0638674517482	0.0557584299844	-0.0745368200797	-0.170236005089	-0.0457413720054	-0.122332931136	-0.0475102094617	-0.0444716450878	-0.0596103421726	-0.056277604561	0.0205678219504	-0.0656518141492	-0.0159375331935	0.0122152525665	-0.032463865266	1.0	0.00447453045485	-0.0929711756688	-0.063652413696	-0.0495801801493	0.0799222342935	-0.10231300198	-0.156453470558	-0.00278236166984	-0.032989224327	-0.00911540791468	0.0103258217503	-0.110475035382	-0.149176474892	0.0160615996294	0.0505172973397	-0.139870887295	-0.0593851251501	0.0116370976769	0.0188701728847	-0.163452054802	-0.0471558434125	-0.0779110304458	0.0163909941951	0.167772073227	-0.0148775476081	-0.0829735038337	-0.157247484451	0.0650539305895	0.0424793046618	-0.15175923197	-0.146854477314	0.0576825499313	-0.0611608815737	0.0383513639031	0.0399764795376	-0.0751409711703	0.0217388732581	0.0699718154693	0.123388357346	0.0436170930135	0.037219862282
k__Bacteria;p__Bacteroidetes;c__Bacteroidia;o__Bacteroidales;f__Porphyromonadaceae;g__Barnesiella;s__Barnesiella_intestinihominis	-0.0338160318986	-0.203142826995	-0.0674530617688	-0.0397273047295	0.0600173802021	-0.0204588686001	-0.0788895883316	0.00561908270227	-0.00781452160795	-0.0197019541057	0.0295302566072	0.112703247027	0.0171229472099	0.0471458746851	-0.138700990675	-0.0649827751471	-0.11458416657	0.00447453045485	1.0	-0.0363771340949	-0.111754450615	0.0387281031746	-0.0286005126964	0.0377571955537	0.0687069850049	0.0658458413028	-0.0165497883124	-0.0675522719649	-0.14574027256	-0.0514725215764	-0.014953990679	-0.0533586507697	-0.0217678290991	-0.0847892903861	-0.0193646171036	-0.0899157953139	-0.00793393037435	-0.146310735339	-0.0161714343342	-0.000823071523218	-0.0255809246014	-0.153429207075	-0.00579571103864	-0.100284179797	0.0699950319726	-0.075049890611	-0.0767068939831	-0.0231054764662	-0.0762433064616	-0.13891928831	-0.0362916944583	-0.00374864337487	-0.0411041434461	-0.0150718802693	0.115770126578	-0.0648450680471	0.0812444906311	-0.0887773047458	0.126419886682
k__Bacteria;p__Bacteroidetes;c__Bacteroidia;o__Bacteroidales;f__Odoribacteraceae;g__Odoribacter;s__Odoribacter_splanchnicus	0.0669768164093	-0.0365276926918	-0.055089284993	-0.120947509773	-0.0749420098403	-0.0101103379526	-0.108507045551	-0.0518380307247	-0.0340562212426	-0.0720852242604	0.0129620975362	-0.108759970692	-0.0342039900949	-0.0908394717213	-0.0632382140476	-0.0313805284819	-0.0449972252006	-0.0929711756688	-0.0363771340949	1.0	-0.0066930452885	0.00891498384385	-0.0395297519122	0.00122066587777	-0.0101563417415	0.06998956028	-0.0787141392178	-0.0473874788939	-0.0360950953778	-0.00428515954999	-0.127738918199	0.0833211700794	-0.165643827644	0.0926983758174	-0.0947951517371	-0.0129744721029	-0.0144951418351	0.00780903755579	0.0105545767826	-0.0341909374116	-0.139566982995	0.0661064287995	-0.0371259877085	-0.0351917990115	-0.0314092629924	0.00314221024963	-0.126807729005	0.0241707300606	-0.0626414972526	0.0151855579975	-0.00548310535067	0.0361578321471	-0.0442561703915	-0.0882275562232	0.00673969399144	0.0592722688765	-0.0959933739516	0.0554772172958	-0.0287012674323
k__Bacteria;p__Bacteroidetes;c__Bacteroidia;o__Bacteroidales;f__Bacteroidaceae;g__Bacteroides;s__Bacteroides_salyersiae	-0.0271718441411	-0.0160360091795	0.0119281968182	0.000647098866668	-0.00815365488291	0.0740557578618	0.029800571128	0.0870205665104	-0.0335678187349	0.0396047955533	0.0377664450305	-0.0770423424808	-0.0431906185479	-0.0734385425986	0.0165877947813	-0.0564108977045	0.0193694894919	-0.063652413696	-0.111754450615	-0.0066930452885	1.0	-0.019547648055	-0.112998160674	-0.102075335967	0.0268255019006	-0.0421354028261	-0.0430715160608	0.0166735771791	0.00365256420433	0.0304938412437	-0.0433495945886	-0.100556586126	-0.0823409479731	0.0514564257271	-0.0608997603675	-0.0120837735532	-0.0180660773339	-0.00861725073249	0.0647174009506	-0.0115502564986	-0.0763654934613	-0.083080536508	0.0171232439251	-0.0239966649853	-0.138414058868	-0.0231678385436	-0.0284255668925	0.0327125180642	-0.00298878275201	-0.121353967199	-0.0587150721504	-0.0571571288569	-0.0926550023556	-0.0610942165233	0.0954380540478	0.0178743299104	0.0374187452848	0.0125786831028	-0.0318548684419
k__Bacteria;p__Firmicutes;c__Clostridia;o__Clostridiales;f__Ruminococcaceae;g__Ruminiclostridium;s__[Eubacterium]_siraeum	0.0292266813486	-0.0716637438196	-0.0557362531836	-0.10792029904	0.00275531495023	-0.00875093032475	0.00904371956153	-0.167586885441	-0.0944540711662	-0.0796381085151	0.000441650648722	-0.0285645048989	-0.161616991444	-0.155966471372	-0.128152909308	0.0126383820184	0.0812127785772	-0.0495801801493	0.0387281031746	0.00891498384385	-0.019547648055	1.0	-0.136606835983	-0.111269047195	-0.0370719467869	-0.0532258962034	0.0369942777121	-0.0335700622219	-0.0388894200684	0.0554704585651	0.0669970465677	0.0963777859052	-0.0728576488325	-0.0491622161706	-0.109286287563	-0.0212672664648	-0.0505273195383	-0.0810219618136	-0.0419926161027	-0.0967490642917	-0.113183974911	-0.0315656269213	0.0341649949638	-0.0402793479228	0.0513277639937	0.0124268166268	-0.037945960734	-0.0182660778913	-0.011473252128	0.0496310148884	-0.0490220740863	-0.0794966076471	0.0381222462248	-0.127338967612	-0.0227995595149	-0.111038963828	0.0518186806434	-0.04660173614	0.0582632752885
k__Bacteria;p__Proteobacteria;c__Betaproteobacteria;o__Burkholderiales;f__Sutterellaceae;g__Parasutterella;s__Parasutterella_excrementihominis	-0.0275262271881	-0.0269141627795	0.0254751560007	0.0372513469557	-0.0501630607116	-0.0421764638919	0.00215848830109	0.0174633344272	-0.0127802954452	0.0116486735694	-0.0164766261873	-0.0931385507791	-0.0476351922131	-0.0686340367347	0.027087158591	0.0889317228273	-0.0278432031905	0.0799222342935	-0.0286005126964	-0.0395297519122	-0.112998160674	-0.136606835983	1.0	-0.0224917456435	-0.0859224777449	-0.108619625842	0.0117906736181	0.0276190413728	-0.0649243506803	0.126231966958	-0.0238968700632	-0.181969007549	0.111163028075	-0.0298612576726	-0.0133188649831	-0.114984885298	-0.0233342384138	-0.0821078691626	-0.000324136464362	-0.090152605505	-0.0838701690918	-0.0282148527517	0.00897639383716	-0.0305515574058	-0.0031319991405	0.0184384877395	-0.0403312495867	-0.0563442727253	-0.0176143708842	-0.170966890814	0.0221381512058	-0.0238380253476	-0.0253833807006	-0.0488165482709	0.0696171454876	-0.0212743472868	-0.0654350286346	-0.0467716995063	-0.0726470452971
k__Bacteria;p__Actinobacteria;c__Actinobacteria;o__Bifidobacteriales;f__Bifidobacteriaceae;g__Bifidobacterium;s__Bifidobacterium_adolescentis	0.018071193008	0.0147181491294	-0.0476158396481	-0.133241635122	-0.00260839609188	-0.130528244851	0.0548514372455	0.0101184518753	-0.220307858431	0.1015464425	0.0869806279141	0.00842147382365	0.100054009978	-0.0151278463676	0.0682485893193	0.0129233137711	-0.0955695394942	-0.10231300198	0.0377571955537	0.00122066587777	-0.102075335967	-0.111269047195	-0.0224917456435	1.0	-0.032180671501	-0.111947787613	-0.0523768888916	-0.0623829476747	-0.0973538479952	0.0642493014595	-0.0764485290531	-0.0448956618294	-0.0711313751858	0.0315450373439	-0.0461624802542	-0.00154614425416	-0.0259442112776	0.185613343512	0.0396324774127	0.00369850011938	-0.000972757149812	-0.168290923028	-0.0829070423029	-0.0077583999549	0.0209913428981	-0.00560754402312	0.025670847384	-0.000698609079485	-0.0615352406485	0.053208936088	0.108389339819	-0.141685598598	-0.145243498733	-0.0462364906019	0.0546186204876	-0.000145502003614	-0.00668706625069	0.0283914181986	-0.0225788232928
k__Bacteria;p__Firmicutes;c__Clostridia;o__Clostridiales;f__Oscillospiraceae;g__Oscillibacter;s__Oscillibacter_sp._KLE_1745	0.0411398567716	-0.134988958743	-0.00323080188319	-0.0601672843628	-0.149149176338	0.0369559383299	-0.0629459281416	-0.0304371219512	-0.0303297321114	-0.0389935405391	-0.0619140708896	-0.0246244949531	0.0652843049124	0.00426203694507	-0.0131816268555	-0.0800250359873	-9.32261349934e-05	-0.156453470558	0.0687069850049	-0.0101563417415	0.0268255019006	-0.0370719467869	-0.0859224777449	-0.032180671501	1.0	0.0640867158331	-0.126725789069	-0.064429693182	-0.115287133083	-0.106870039653	-0.0453629655905	-0.100070284394	-0.170543316505	-0.124183114869	-0.0429730372265	-0.0651243437672	-0.117185171629	-0.0574733142055	-0.0662303973105	-0.0231300843281	-0.0878041065153	-0.14100318984	-0.0178231145652	0.0339793384849	-0.0320084793334	-0.0208824333943	0.0839662266826	0.0120871742968	-0.000734276287206	-0.0977047487505	-0.0181530301573	0.0633371281294	0.120148629996	0.0326626556799	0.0432724701587	0.0847301161272	-0.0361656236318	-0.031356675734	-0.0382458261513
k__Bacteria;p__Bacteroidetes;c__Bacteroidia;o__Bacteroidales;f__Bacteroidaceae;g__Bacteroides;s__Bacteroides_coprophilus	0.155417203825	-0.0845447938696	-0.0337697401522	-0.0182607831664	-0.117897686664	-0.197823459354	-0.0761439017561	-0.0860325771673	0.00350915091404	-0.137002453513	-0.0208214292448	-0.070483229704	-0.153327080244	-0.012357810751	-0.165332540115	-0.0141922748821	-0.0786266898407	-0.00278236166984	0.0658458413028	0.06998956028	-0.0421354028261	-0.0532258962034	-0.108619625842	-0.111947787613	0.0640867158331	1.0	-0.0857193768747	-0.0736350759584	-0.044561804946	-0.0677574434282	-0.146996090809	-0.171078805945	0.0111527066465	0.0384296147245	-0.0424939127925	0.0982517997241	0.0322666109679	-0.00700099339125	-0.00283464457147	-0.0225127627219	-0.0741654555152	0.0390854427252	0.0535480027578	-0.0444345207112	-0.0139976643913	0.0107746445289	-0.148821392133	0.154424278655	-0.0890630885816	-0.0691204348973	-0.101233159551	-0.0968819124686	-0.0504434523557	-0.0482084380501	-0.0270981778494	-0.0213499731103	-0.11871887102	0.00726898890693	-0.103942080409
k__Bacteria;p__Firmicutes;c__Clostridia;o__Clostridiales;f__Lachnospiraceae;g__Roseburia;s__Roseburia_intestinalis	0.0433649146598	-0.145688437707	-0.0228653965256	-0.0472830649108	-0.0569065730304	0.017080997186	-0.0755121365596	0.0557923369873	0.0240018503091	-0.0783169966334	-0.0355059013847	-0.0877376640355	-0.00295514439569	0.0716350044629	-0.0736842582643	-0.0124952776885	0.0338876073518	-0.032989224327	-0.0165497883124	-0.0787141392178	-0.0430715160608	0.0369942777121	0.0117906736181	-0.0523768888916	-0.126725789069	-0.0857193768747	1.0	-0.0247904301612	-0.0429564462114	-0.144983835277	0.0236783040948	0.0536750594822	-0.00135612789331	-0.061977360896	0.027863943389	-0.103448685837	0.019373583182	-0.0408258022579	-0.00799259700502	-0.118344114293	0.0951848915245	0.0367694600874	-0.074964573314	-0.117694858183	-0.0359456355073	-0.0790435508373	-0.00135711877589	-0.00527585308336	0.0147081658258	0.0940612030795	0.0334941895894	0.00653854721503	-0.0460733686513	-0.0514091692327	-0.0369399446418	-0.143691181041	0.0142799951827	-0.115528820045	0.0361834495142
k__Bacteria;p__Firmicutes;c__Clostridia;o__Clostridiales;f__Lachnospiraceae;g__Roseburia;s__Roseburia_hominis	-0.134937579591	0.0422571237153	0.00772049839997	-0.0269436596997	0.0239461094621	-0.107011435478	-0.0975579886395	-0.0644385511495	-0.0109085548758	-0.167886726604	-0.166310127914	-0.076008668959	-0.070333941939	-0.0832341963911	-0.0655611494828	-0.058275378014	-0.0643995634412	-0.00911540791468	-0.0675522719649	-0.0473874788939	0.0166735771791	-0.0335700622219	0.0276190413728	-0.0623829476747	-0.064429693182	-0.0736350759584	-0.0247904301612	1.0	0.0128775708859	-0.0721807357984	0.016871821883	0.0682715538537	-0.021496814324	-0.0113259696337	-0.0456676145845	-0.0686829227276	0.0176112932872	-0.0864267196513	0.0631280389442	-0.0313516148302	-0.108488848636	0.02941460616	0.0275707198368	-0.0133618148205	-0.0312191907583	0.0895409282499	0.0173192528457	-0.0910557508569	-0.0302966593728	-0.085619399538	-0.0493810105524	0.0874586449181	-0.0079640008384	-0.0506473722001	0.0235345780743	-0.055796977966	-0.0891889110219	0.0136415433849	-0.0815412992082
k__Bacteria;p__Bacteroidetes;c__Bacteroidia;o__Bacteroidales;f__Porphyromonadaceae;g__Parabacteroides;s__Parabacteroides_johnsonii	0.0610269425729	0.12286723412	-0.063989730575	0.148755630835	-0.025629607783	-0.0155743590801	-0.109799950513	0.0232754220532	0.0531033109352	0.0126343868611	-0.116052504801	-0.0729526216551	-0.0827067502048	-0.0777782845425	-0.0889485922068	-0.0534934599994	-0.0581573599434	0.0103258217503	-0.14574027256	-0.0360950953778	0.00365256420433	-0.0388894200684	-0.0649243506803	-0.0973538479952	-0.115287133083	-0.044561804946	-0.0429564462114	0.0128775708859	1.0	0.0218523971888	-0.0240180262898	0.0169414893782	-0.147856620682	0.0525584499004	0.022852152412	-0.0475647308449	0.0158453780621	-0.0623873286398	0.0517834527046	-0.036721057986	-0.0655106278687	0.018538184605	-0.0136125173781	-0.0321022905475	-0.0392107972222	-0.0753734594044	0.0918129002382	0.0732741890227	-0.0680638811635	-0.0901789601685	0.0474796339042	-0.108823900195	-0.133973973692	-0.0352347337036	-0.0322369151103	0.0426398856096	-0.276387795171	-0.00635245591453	-0.017648339922
k__Bacteria;p__Actinobacteria;c__Actinobacteria;o__Bifidobacteriales;f__Bifidobacteriaceae;g__Bifidobacterium;s__Bifidobacterium_longum	-0.0383543853281	0.0529628425528	-0.0156860217488	-0.114455519395	-0.0450641616187	0.107150531645	-0.077343087189	-0.181391504528	0.00191719349407	0.0236053892585	-0.0535832850417	-0.117928969216	-0.179411787604	0.0018077189992	0.0123953944268	-0.0492991603031	-0.00642066322419	-0.110475035382	-0.0514725215764	-0.00428515954999	0.0304938412437	0.0554704585651	0.126231966958	0.0642493014595	-0.106870039653	-0.0677574434282	-0.144983835277	-0.0721807357984	0.0218523971888	1.0	0.0399963736093	-0.00644365567025	-0.0812519626943	-0.0299099004434	-0.0936322803812	-0.0448952971656	-0.0551242114325	-0.0870980658712	-0.177510121714	-0.0555202608211	-0.0220425201291	-0.0898734325425	0.0582284555444	0.0549153038438	0.0938499283587	-0.0566129660354	-0.0552844524727	-0.144876436585	0.0688410923391	-0.101901455813	0.0414721759328	-0.0739031238854	-0.0157749608695	0.0531364150593	-0.0301914365992	-0.0810315146878	-0.0569607430429	-0.0309482165111	-0.0715922412052
