#taxonomy	k__Bacteria;p__Bacteroidetes;c__Bacteroidia;o__Bacteroidales;f__Bacteroidaceae;g__Bacteroides;s__Bacteroides_vulgatus	k__Bacteria;p__Bacteroidetes;c__Bacteroidia;o__Bacteroidales;f__Bacteroidaceae;g__Bacteroides;s__Bacteroides_uniformis	k__Bacteria;p__Bacteroidetes;c__Bacteroidia;o__Bacteroidales;f__Rikenellaceae;g__Alistipes;s__Alistipes_putredinis	k__Bacteria;p__Bacteroidetes;c__Bacteroidia;o__Bacteroidales;f__Prevotellaceae;g__Prevotella;s__Prevotella_copri	k__Bacteria;p__Bacteroidetes;c__Bacteroidia;o__Bacteroidales;f__Bacteroidaceae;g__Bacteroides;s__Bacteroides_stercoris	k__Bacteria;p__Bacteroidetes;c__Bacteroidia;o__Bacteroidales;f__Bacteroidaceae;g__Bacteroides;s__Bacteroides_ovatus	k__Bacteria;p__Bacteroidetes;c__Bacteroidia;o__Bacteroidales;f__Rikenellaceae;g__Alistipes;s__Alistipes_shahii	k__Bacteria;p__Firmicutes;c__Clostridia;o__Clostridiales;f__Ruminococcaceae;g__Faecalibacterium;s__Faecalibacterium_prausnitzii	k__Bacteria;p__Bacteroidetes;c__Bacteroidia;o__Bacteroidales;f__Rikenellaceae;g__Alistipes;s__Alistipes_finegoldii	k__Bacteria;p__Bacteroidetes;c__Bacteroidia;o__Bacteroidales;f__Porphyromonadaceae;g__Parabacteroides;s__Parabacteroides_distasonis	k__Bacteria;p__Bacteroidetes;c__Bacteroidia;o__Bacteroidales;f__Bacteroidaceae;g__Bacteroides;s__Bacteroides_thetaiotaomicron	k__Bacteria;p__Bacteroidetes;c__Bacteroidia;o__Bacteroidales;f__Bacteroidaceae;g__Bacteroides;s__Bacteroides_coprocola	k__Bacteria;p__Bacteroidetes;c__Bacteroidia;o__Bacteroidales;f__Bacteroidaceae;g__Bacteroides;s__Bacteroides_cellulosilyticus	k__Bacteria;p__Bacteroidetes;c__Bacteroidia;o__Bacteroidales;f__Rikenellaceae;g__Alistipes;s__Alistipes_obesi	k__Bacteria;p__Firmicutes;c__Clostridia;o__Clostridiales;f__Lachnospiraceae;g__;s__[Eubacterium]_rectale	k__Bacteria;p__Bacteroidetes;c__Bacteroidia;o__Bacteroidales;f__Bacteroidaceae;g__Bacteroides;s__Bacteroides_plebeius	k__Bacteria;p__Bacteroidetes;c__Bacteroidia;o__Bacteroidales;f__Bacteroidaceae;g__Bacteroides;s__Bacteroides_fragilis	k__Bacteria;p__Proteobacteria;c__Betaproteobacteria;o__Burkholderiales;f__Sutterellaceae;g__Sutterella;s__Sutterella_wadsworthensis	k__Bacteria;p__Bacteroidetes;c__Bacteroidia;o__Bacteroidales;f__Porphyromonadaceae;g__Barnesiella;s__Barnesiella_intestinihominis	k__Bacteria;p__Bacteroidetes;c__Bacteroidia;o__Bacteroidales;f__Odoribacteraceae;g__Odoribacter;s__Odoribacter_splanchnicus	k__Bacteria;p__Bacteroidetes;c__Bacteroidia;o__Bacteroidales;f__Bacteroidaceae;g__Bacteroides;s__Bacteroides_salyersiae	k__Bacteria;p__Firmicutes;c__Clostridia;o__Clostridiales;f__Ruminococcaceae;g__Ruminiclostridium;s__[Eubacterium]_siraeum	k__Bacteria;p__Proteobacteria;c__Betaproteobacteria;o__Burkholderiales;f__Sutterellaceae;g__Parasutterella;s__Parasutterella_excrementihominis	k__Bacteria;p__Actinobacteria;c__Actinobacteria;o__Bifidobacteriales;f__Bifidobacteriaceae;g__Bifidobacterium;s__Bifidobacterium_adolescentis	k__Bacteria;p__Firmicutes;c__Clostridia;o__Clostridiales;f__Oscillospiraceae;g__Oscillibacter;s__Oscillibacter_sp._KLE_1745	k__Bacteria;p__Bacteroidetes;c__Bacteroidia;o__Bacteroidales;f__Bacteroidaceae;g__Bacteroides;s__Bacteroides_coprophilus	k__Bacteria;p__Firmicutes;c__Clostridia;o__Clostridiales;f__Lachnospiraceae;g__Roseburia;s__Roseburia_intestinalis	k__Bacteria;p__Firmicutes;c__Clostridia;o__Clostridiales;f__Lachnospiraceae;g__Roseburia;s__Roseburia_hominis	k__Bacteria;p__Bacteroidetes;c__Bacteroidia;o__Bacteroidales;f__Porphyromonadaceae;g__Parabacteroides;s__Parabacteroides_johnsonii	k__Bacteria;p__Actinobacteria;c__Actinobacteria;o__Bifidobacteriales;f__Bifidobacteriaceae;g__Bifidobacterium;s__Bifidobacterium_longum	k__Bacteria;p__Firmicutes;c__Clostridia;o__Clostridiales;f__;g__Flavonifractor;s__Flavonifractor_plautii	k__Bacteria;p__Firmicutes;c__Clostridia;o__Clostridiales;f__Clostridiaceae;g__Clostridium;s__Clostridium_phoceensis	k__Bacteria;p__Verrucomicrobia;c__Verrucomicrobiae;o__Verrucomicrobiales;f__Akkermansiaceae;g__Akkermansia;s__Akkermansia_muciniphila	k__Bacteria;p__Bacteroidetes;c__Bacteroidia;o__Bacteroidales;f__Prevotellaceae;g__Paraprevotella;s__Paraprevotella_xylaniphila	k__Bacteria;p__Firmicutes;c__Clostridia;o__Clostridiales;f__Ruminococcaceae;g__Ruminococcus;s__Ruminococcus_callidus	k__Bacteria;p__Bacteroidetes;c__Bacteroidia;o__Bacteroidales;f__Rikenellaceae;g__Alistipes;s__Alistipes_senegalensis	k__Bacteria;p__Firmicutes;c__Clostridia;o__Clostridiales;f__Lachnospiraceae;g__Blautia;s__Blautia_sp._KLE_1732	k__Bacteria;p__Bacteroidetes;c__Bacteroidia;o__Bacteroidales;f__Bacteroidaceae;g__Bacteroides;s__Bacteroides_oleiciplenus	k__Bacteria;p__Firmicutes;c__Clostridia;o__Clostridiales;f__Ruminococcaceae;g__Ruminococcus;s__Ruminococcus_bicirculans	k__Bacteria;p__Bacteroidetes;c__Bacteroidia;o__Bacteroidales;f__Bacteroidaceae;g__Bacteroides;s__Bacteroides_fluxus	k__Bacteria;p__Bacteroidetes;c__Bacteroidia;o__Bacteroidales;f__Prevotellaceae;g__Prevotella;s__Prevotella_stercorea	k__Bacteria;p__Firmicutes;c__Clostridia;o__Clostridiales;f__Lachnospiraceae;g__Dorea;s__Dorea_longicatena	k__Bacteria;p__Firmicutes;c__Clostridia;o__Clostridiales;f__Eubacteriaceae;g__Eubacterium;s__[Eubacterium]_eligens	k__Bacteria;p__Firmicutes;c__Clostridia;o__Clostridiales;f__Ruminococcaceae;g__;s__Ruminococcaceae_bacterium_D16	k__Bacteria;p__Firmicutes;c__Clostridia;o__Clostridiales;f__Lachnospiraceae;g__Coprococcus;s__Coprococcus_comes	k__Bacteria;p__Proteobacteria;c__Gammaproteobacteria;o__Enterobacterales;f__Enterobacteriaceae;g__Escherichia;s__Escherichia_coli	k__Bacteria;p__Firmicutes;c__Clostridia;o__Clostridiales;f__Ruminococcaceae;g__Anaerotruncus;s__Anaerotruncus_colihominis	k__Bacteria;p__Firmicutes;c__Clostridia;o__Clostridiales;f__Lachnospiraceae;g__Blautia;s__Blautia_obeum	k__Bacteria;p__Bacteroidetes;c__Bacteroidia;o__Bacteroidales;f__Odoribacteraceae;g__Odoribacter;s__Odoribacter_laneus	k__Bacteria;p__Firmicutes;c__Clostridia;o__Clostridiales;f__Ruminococcaceae;g__Ruminiclostridium;s__[Clostridium]_leptum	k__Bacteria;p__Bacteroidetes;c__Bacteroidia;o__Bacteroidales;f__Porphyromonadaceae;g__Parabacteroides;s__Parabacteroides_goldsteinii	k__Bacteria;p__Firmicutes;c__Clostridia;o__Clostridiales;f__Lachnospiraceae;g__Anaerostipes;s__Anaerostipes_hadrus	k__Bacteria;p__Firmicutes;c__Clostridia;o__Clostridiales;f__Ruminococcaceae;g__Ruminococcus;s__Ruminococcus_lactaris	k__Bacteria;p__Firmicutes;c__Clostridia;o__Clostridiales;f__Clostridiaceae;g__Clostridium;s__Clostridium_sp._L2-50	k__Bacteria;p__Firmicutes;c__Clostridia;o__Clostridiales;f__Clostridiaceae;g__Clostridium;s__Clostridium_sp._M62/1	k__Bacteria;p__Firmicutes;c__Clostridia;o__Clostridiales;f__;g__Intestinimonas;s__Intestinimonas_butyriciproducens	k__Bacteria;p__Actinobacteria;c__Actinobacteria;o__Bifidobacteriales;f__Bifidobacteriaceae;g__Bifidobacterium;s__Bifidobacterium_bifidum	k__Bacteria;p__Firmicutes;c__Negativicutes;o__Veillonellales;f__Veillonellaceae;g__Dialister;s__Dialister_invisus	k__Bacteria;p__Bacteroidetes;c__Bacteroidia;o__Bacteroidales;f__Bacteroidaceae;g__Bacteroides;s__Bacteroides_salanitronis
k__Bacteria;p__Bacteroidetes;c__Bacteroidia;o__Bacteroidales;f__Bacteroidaceae;g__Bacteroides;s__Bacteroides_vulgatus	1.0	0.0279507139148	-0.00371076925977	-0.113320507281	0.00653089623653	-0.0790969273849	0.0308244423737	-0.0196569248509	0.0361231056418	0.00475235124008	0.0214653362661	-0.0569189580206	-0.0153711920834	0.000573680114574	-0.00592876710291	-0.0157396102895	-0.0530842619571	0.0612019868684	0.0996532364446	-0.142968818952	-0.0241955971095	0.045541659036	-0.0113334308621	0.0453450556355	-0.0251313180089	-0.0898612326048	0.0236444978218	0.0373406772849	-0.00352802031829	-0.0494358652488	0.0468432281352	-0.0365692150677	0.00756069655987	-0.09780082439	-0.110719201449	-0.0549003339364	0.0510607190869	0.00377888801034	-0.0231099886689	0.0925422109363	-0.0544252686291	0.00176628103131	0.0780063427774	0.032758986792	-0.103126617119	-0.112929646503	-0.124516309444	-0.0425955717148	0.012607032955	-0.0530050112419	0.0579463828939	-0.0718693155173	-0.0542672185752	-0.0836615599554	-0.0714019197275	-0.0372399483355	-0.0965050193012	-0.00917049677037	-0.104777166002
k__Bacteria;p__Bacteroidetes;c__Bacteroidia;o__Bacteroidales;f__Bacteroidaceae;g__Bacteroides;s__Bacteroides_uniformis	0.0279507139148	1.0	-0.0296007506368	-0.0415562368204	-0.0385408644318	-0.151085051844	-0.020197724187	-0.0314037437674	0.103361088971	-0.0874158753206	0.0686934157675	-0.0149692828673	0.00407058053727	-0.105712169316	0.110166647707	-0.045254764563	-0.0029895062926	-0.0679636318339	0.0415189727299	-0.0244754915046	0.020337851668	-0.0410530143977	-0.0843349735116	-0.0194732875597	-0.0237195393522	-0.0766206379663	0.0145664111622	-0.0104393828774	-0.086900163529	-0.129578233973	0.0464746850477	-0.0387247357516	0.00692230209391	0.00646987713247	-0.0199459311457	-0.0563570085731	-0.0801608121901	-0.0710497598567	0.0762517616886	-0.0289992154906	0.0508806636043	-0.0679072211199	0.0454321989584	-0.00512406677181	-0.0509313420113	0.0355020031329	0.00938544018843	-0.0100856187197	-0.0320228633872	-0.0531724620149	-0.0439835088332	-0.15071092481	-0.150980784349	0.0399061468175	-0.174849212808	0.0565578206707	-0.0619975649113	0.0427761603034	0.0285355906755
k__Bacteria;p__Bacteroidetes;c__Bacteroidia;o__Bacteroidales;f__Rikenellaceae;g__Alistipes;s__Alistipes_putredinis	-0.00371076925977	-0.0296007506368	1.0	-0.0794436080399	-0.0306589551703	0.0784601950476	-0.012401605764	0.0732046263884	-0.121150206474	0.0149273612019	-0.063283812397	-0.0419349372041	-0.0123719537329	0.0812390693426	-0.0940774455386	-0.16916597924	0.0941705921038	-0.0477783796968	0.104639720257	0.00586585896924	0.0814154439013	0.0180021352544	-0.070728183813	0.00498618699849	-0.0720293530088	-0.0694531541621	0.0884588561318	-0.0454538251571	-0.0989686554688	-0.0514975953158	0.0548980065338	-0.0325718621151	-0.074940278398	-0.059946422739	-0.0597414393364	-0.00694508528113	-0.138323749735	-0.050204818903	-0.013611443051	0.0712384098316	-0.0360210276978	-0.10207264951	-0.133056191325	-0.026495409521	0.0147698075791	0.0670459890193	0.155140560432	0.0156591689233	-0.0377162784195	0.0135886150289	-0.201381145315	0.0338553236186	-0.0413448727081	-0.0591463383189	-0.0787292362854	-0.111168040041	-0.103079399819	-0.0121783737946	-0.152743117948
k__Bacteria;p__Bacteroidetes;c__Bacteroidia;o__Bacteroidales;f__Prevotellaceae;g__Prevotella;s__Prevotella_copri	-0.113320507281	-0.0415562368204	-0.0794436080399	1.0	-0.076861583168	-0.0445777441674	-0.101278576529	-0.045268266787	-0.0217991688644	-0.0925226133796	-0.0191134222913	-0.00779534807053	-0.109028396653	-0.120569370366	0.0047690108636	-0.0757898480611	-0.0634827104094	-0.150186476925	-0.0702617429781	-0.0819201184353	0.0151088164084	0.0558544060459	-0.054331400849	0.0276821268241	-0.0363543448389	-0.043805515301	-0.102107781725	-0.120406983529	-0.0866544106693	0.0791310332541	0.0188714197779	0.0650509855901	-0.0208273440012	-0.0021613525883	-0.0277218046714	-0.035682836574	0.048436101087	0.0232444687046	-0.033008699519	-0.0167685187296	-0.0192666086067	0.108763738601	0.0300646561987	-0.0419152228165	-0.111703982483	-0.0582619114402	0.0265977051472	-0.0279172389055	0.0244743975327	-0.00509060312951	0.0529243168012	-0.0873163131281	-0.000447035523302	-0.0567250836183	-0.0414536114189	-0.0553312666482	-0.143350841856	-0.0580366329012	0.0296289890675
k__Bacteria;p__Bacteroidetes;c__Bacteroidia;o__Bacteroidales;f__Bacteroidaceae;g__Bacteroides;s__Bacteroides_stercoris	0.00653089623653	-0.0385408644318	-0.0306589551703	-0.076861583168	1.0	0.0356773044484	0.060977393661	-0.00088469243057	-0.0823428304871	0.0602062781537	0.0443163296694	-0.00758971853767	-0.0549534149189	-0.061163174238	-0.121843737837	0.0017320821712	-0.213747731366	-0.061563950693	0.00935447381149	0.0249666921357	-0.0380700964062	-0.15884958309	-0.0460061029484	-0.0176258460969	-0.0342600531266	-0.040953556569	0.0117865060189	0.195316918202	-0.0207362935951	-0.0547062526483	0.0483931812214	-0.0211988054954	-0.0235129315522	-0.0277093855784	-0.145378439643	-0.0413417230485	0.00809193148742	-0.0569780108007	-0.147710590183	-0.0396907535219	-0.0440694006135	-0.0455359233039	-0.0369568580109	0.124569846422	-0.219789593646	-0.0737474038404	0.00955682348776	-0.0169538680692	-0.0842955339949	0.010399654334	0.0218269566844	0.00926969205548	-0.0658639515319	0.010560603458	0.0273532322331	-0.0937461915607	0.0264222619656	-0.00467599713339	-0.123383410367
k__Bacteria;p__Bacteroidetes;c__Bacteroidia;o__Bacteroidales;f__Bacteroidaceae;g__Bacteroides;s__Bacteroides_ovatus	-0.0790969273849	-0.151085051844	0.0784601950476	-0.0445777441674	0.0356773044484	1.0	-0.00286841809718	0.0318236859393	-0.160350019165	0.0237880643589	-0.0905894979791	-0.0686942491963	0.0888317086547	-0.0963518911129	0.0447825261792	-0.021779322689	0.058253244093	-0.104408581888	-0.130949611987	-0.0467414103941	0.100136872803	0.0491317923303	0.152041165187	0.044024193794	-0.0917513252136	0.0335972637211	0.0656703491744	0.121293364791	-0.0561078055038	-0.00505937435566	0.10118155004	-0.0333900730592	0.0140903576494	-0.0282790245576	-0.0170198317359	0.0336874739085	-0.013251718282	0.0166031945876	-0.16529223872	0.0568689637023	0.0484181316385	-0.0642812797752	-0.0746895092896	0.0548564431534	-0.0401239851682	-0.0364071954639	0.111410698811	-0.0422778491805	-0.0352787386922	0.0296924403262	0.0184898221503	0.0363343448302	0.0527710764092	-0.0473877384665	-0.0984332237294	-0.198934005399	-0.0824601301412	-0.104866656552	-0.0281992545457
k__Bacteria;p__Bacteroidetes;c__Bacteroidia;o__Bacteroidales;f__Rikenellaceae;g__Alistipes;s__Alistipes_shahii	0.0308244423737	-0.020197724187	-0.012401605764	-0.101278576529	0.060977393661	-0.00286841809718	1.0	0.0491986075192	-0.107102580436	0.0805614318598	-0.10323928851	-0.00698537645814	0.00832062084938	-0.102325476639	-0.142364915233	0.0200550568508	0.0592595071488	-0.0629913788029	-0.0114304684325	-0.0978731426161	0.0375736042018	0.0456119567456	0.000455580398998	-0.0245706799849	-0.0314480916445	-0.155148451246	-0.0191684078117	0.0181397282277	-0.0775005807432	-0.128343481341	-0.0375729460779	-0.0722380216654	0.0749947145675	0.117302078327	-0.0234420816605	-0.0485267556616	0.0163331299886	-0.0222742275302	-0.0831426636893	-0.0930773212029	-0.100081624028	-0.077177965264	-0.212245678508	0.0284661323814	-0.0332925308828	0.0689521693767	0.00890687517199	-0.015973097522	-0.132934220229	-0.0691542202571	-0.0340994715664	0.00273734665017	-0.0348870598842	-0.0338087916026	0.131305567998	0.0233775876197	-0.132207735432	-0.00117432210106	0.0538074827434
k__Bacteria;p__Firmicutes;c__Clostridia;o__Clostridiales;f__Ruminococcaceae;g__Faecalibacterium;s__Faecalibacterium_prausnitzii	-0.0196569248509	-0.0314037437674	0.0732046263884	-0.045268266787	-0.00088469243057	0.0318236859393	0.0491986075192	1.0	-0.0988919921616	0.00138947084887	-0.0681890911928	-0.0717656717041	0.0205631630308	0.0365255364085	0.0731450823961	-0.00207909187289	-0.00896779367373	-0.118536766263	-0.182015201427	-0.116080893503	0.066941979907	-0.0670377665986	0.0828020479259	-0.0886957386704	0.0810558271427	-0.0990634622097	-0.0804530515682	0.0603009656413	-0.0299311448576	0.000247890677238	-0.0427674788255	-0.080442459922	0.0113962511168	-0.175719454587	-0.0244613132511	-0.119520229647	0.00610593743526	-0.0400683306299	0.0467453351963	-0.0546688598946	-0.115856955292	-0.00573837548268	-0.0331432453871	0.00781337526883	0.0341758429731	0.0101776683411	-0.166831325529	-0.0144989555758	0.0435321297381	-0.0599420023086	-0.0927082204042	-0.0572614258612	-0.00943818279829	-0.137423187364	-0.00572988373894	-0.065387403142	0.041911795064	-0.0284741159171	0.0225789145091
k__Bacteria;p__Bacteroidetes;c__Bacteroidia;o__Bacteroidales;f__Rikenellaceae;g__Alistipes;s__Alistipes_finegoldii	0.0361231056418	0.103361088971	-0.121150206474	-0.0217991688644	-0.0823428304871	-0.160350019165	-0.107102580436	-0.0988919921616	1.0	-0.033423630041	-0.0411377072126	-0.120064985002	-0.0425814635888	-0.0583025882771	-0.0329684322641	-0.0776915221521	0.0143262354359	-0.132267274433	-0.0972539336732	0.0556379531376	-0.0452550922988	0.0545573357582	-0.0795311513527	-0.0796718032427	-0.021446008054	0.0369665505476	-0.0198555664089	-0.0338118566023	0.088636598921	-0.0410591149509	-0.0109374093564	0.050074409902	-0.0236337153966	0.0815954640878	0.0846815092823	-0.0635825503658	-0.0501601058377	-0.104214011994	-0.113075598996	-0.20111393591	-0.0424080359618	0.0522832543292	0.0833073472559	-0.0192471952431	0.12071907936	-0.0717661587382	-0.0395382192292	-0.0420273319251	-0.135648934055	0.110366980901	-0.075623747954	-0.0724426731442	-0.0785879728993	0.110491209609	0.020852829172	0.0629288030442	0.0116972310963	0.0277946843664	-0.0735904175599
k__Bacteria;p__Bacteroidetes;c__Bacteroidia;o__Bacteroidales;f__Porphyromonadaceae;g__Parabacteroides;s__Parabacteroides_distasonis	0.00475235124008	-0.0874158753206	0.0149273612019	-0.0925226133796	0.0602062781537	0.0237880643589	0.0805614318598	0.00138947084887	-0.033423630041	1.0	0.0486747694127	-0.175341161331	0.0596091564723	-0.058021138177	-0.0973545705157	-0.0583350118375	0.00994253975536	-0.138268906542	-0.0850898366238	-0.0218915699904	0.1019979409	-0.131002640983	0.0451383121442	-0.0439047588848	0.0303241462825	0.0394729798679	0.147112059806	0.162717401542	-0.137071984258	-0.0485507780991	-0.0782127924509	-0.0739021041515	0.0366653519015	-0.0553107132423	-0.0621208342682	0.0373459631773	-0.117635174186	-0.119472654963	-0.0822716674617	-0.0946939316667	-0.0681717366347	-0.0425796686622	-0.0898166230474	0.0652174711262	-0.00100130556443	-0.032279299463	0.0166689243252	-0.0542799345991	-0.0997713830862	0.0275400422775	0.0503804673644	-0.0533314665137	-0.0392723466854	-0.107401283589	-0.111248421115	-0.0837390513105	-0.0453490934255	-0.0264347959035	-0.062695077494
k__Bacteria;p__Bacteroidetes;c__Bacteroidia;o__Bacteroidales;f__Bacteroidaceae;g__Bacteroides;s__Bacteroides_thetaiotaomicron	0.0214653362661	0.0686934157675	-0.063283812397	-0.0191134222913	0.0443163296694	-0.0905894979791	-0.10323928851	-0.0681890911928	-0.0411377072126	0.0486747694127	1.0	-0.0946872022733	-0.0218851510052	-0.0183447315968	-0.173625107496	-0.0543812297539	-0.0761869898641	-0.0410978411899	0.0843004695139	-0.00561586230197	-0.145596315037	-0.134206149255	-0.0146666130149	-0.0108755889061	-0.00208256578727	-0.00149943817354	-0.0199821193909	0.0324565533077	-0.0791784295127	0.00496212723594	-0.0021471447222	0.0574089062565	-0.0063692553239	-0.136854263138	-0.0102440712389	-0.0396121397582	-0.0878750653893	-0.0258872562641	-0.124066030327	0.0692473716116	-0.0462994647731	-0.0287935555151	-0.0587014058252	-0.188873503542	-0.0365639438276	0.0110850329298	0.0464651041528	-0.101849067254	0.0143761973491	-0.0799937022351	-0.0102972765846	0.161119460876	-0.0588797867362	0.0809788008342	-0.0393021969897	0.0411590328171	-0.0670733902347	-0.110053715465	-0.0119508525729
k__Bacteria;p__Bacteroidetes;c__Bacteroidia;o__Bacteroidales;f__Bacteroidaceae;g__Bacteroides;s__Bacteroides_coprocola	-0.0569189580206	-0.0149692828673	-0.0419349372041	-0.00779534807053	-0.00758971853767	-0.0686942491963	-0.00698537645814	-0.0717656717041	-0.120064985002	-0.175341161331	-0.0946872022733	1.0	-0.0879091182471	0.0400232618594	-0.0763761100686	0.141992304399	-0.167199809025	-0.0520950897753	-0.182551918072	0.100050623728	-0.134556722444	-0.118686198013	0.084678988585	-0.00587573156477	-0.0792043414783	-0.052123696256	-0.0413931976886	0.0149362970266	0.117372561746	-0.0154356163205	-0.0173460474275	0.0191766081469	0.0447073409666	-0.0277621711618	-0.182337353863	-0.11161432579	-0.051357107469	0.0391017361213	0.0416175205262	0.0401893563878	-0.122290599636	0.0199178492664	-0.116132891064	-0.209318152864	-0.00270826780015	0.0445002005508	-0.019405704309	0.000859234561763	-0.161248084451	-0.0470692022634	0.00807551730717	0.0175924967488	-0.0329574077967	0.0716371974165	0.00788346438864	-0.090300326306	-0.00172857097512	-0.0108985653647	-0.0473136626386
k__Bacteria;p__Bacteroidetes;c__Bacteroidia;o__Bacteroidales;f__Bacteroidaceae;g__Bacteroides;s__Bacteroides_cellulosilyticus	-0.0153711920834	0.00407058053727	-0.0123719537329	-0.109028396653	-0.0549534149189	0.0888317086547	0.00832062084938	0.0205631630308	-0.0425814635888	0.0596091564723	-0.0218851510052	-0.0879091182471	1.0	-0.00222778167799	-0.0898885845935	-0.089814642121	-0.0416915136447	-0.0512585031275	-0.0899601508693	0.03316378013	0.00798511169912	-0.024995257369	-0.0130568177236	0.0995815571103	-0.0264594324477	-0.00660402074723	-0.108240217634	0.0342859435913	-0.113132261927	-0.125151058211	0.0225149883565	-0.00184280424405	-0.119416086673	-0.167502935505	0.0142221657227	-0.0336010325631	0.066856963495	-0.00196603113717	-0.0710812444054	-0.0283221873095	0.044300989457	-0.0640769150655	-0.00194260582097	0.0459972229881	-0.0849191337191	-0.168145713661	0.00829086542267	0.0218724927011	-0.055073945839	-0.00698997871078	-0.115099947663	-0.151068030513	-0.109561303953	-0.0363176412234	-0.142711011498	-0.00865102430326	-0.0406762841904	0.00630806226682	-0.0644930747155
k__Bacteria;p__Bacteroidetes;c__Bacteroidia;o__Bacteroidales;f__Rikenellaceae;g__Alistipes;s__Alistipes_obesi	0.000573680114574	-0.105712169316	0.0812390693426	-0.120569370366	-0.061163174238	-0.0963518911129	-0.102325476639	0.0365255364085	-0.0583025882771	-0.058021138177	-0.0183447315968	0.0400232618594	-0.00222778167799	1.0	-0.0101536539792	-0.00454622392095	0.0425406591569	-0.130446610324	0.00199723479768	-0.042894577075	-0.0908353003816	-0.0603564693376	0.074318942367	-0.074854731907	0.0389812176064	0.011477906055	-0.0970756879956	0.0432556615682	-0.0364259953831	-0.0943578385265	-0.0267321891687	-0.0760629327641	-0.0555794528315	-0.0579393584256	-0.100315142946	-0.131468610661	-0.108077887473	-0.00885962015817	-0.0108020209902	0.0356079957038	-0.0627784817274	0.0513422914835	-0.0295602631191	-0.0301147355687	0.0128288370349	-0.0485744292659	-0.0458956670254	-0.0092287976642	-0.0917825351495	0.0479004617958	0.0327260395852	-0.191249763241	-0.140008801969	0.113765704	-0.0982313764783	-0.0493140089905	0.151673647765	-0.133689789405	-0.0714756219255
k__Bacteria;p__Firmicutes;c__Clostridia;o__Clostridiales;f__Lachnospiraceae;g__;s__[Eubacterium]_rectale	-0.00592876710291	0.110166647707	-0.0940774455386	0.0047690108636	-0.121843737837	0.0447825261792	-0.142364915233	0.0731450823961	-0.0329684322641	-0.0973545705157	-0.173625107496	-0.0763761100686	-0.0898885845935	-0.0101536539792	1.0	-0.0762098905289	0.109989311299	0.00628457115671	-0.140355163776	-0.0457174686826	-0.0311057298041	0.0223174419095	-0.00517530513543	-0.129572413033	0.0762847574889	0.0306571728531	-0.0967379468758	-0.0535010607026	-0.00484734499217	-0.00517143114903	-0.0889442946114	-0.0598699607767	-0.00547187660191	-0.120585724616	-0.0936335489445	-0.0535673555794	-0.0841714313245	-0.0329419385609	-0.0295928515517	-0.0213696077891	0.0674366445217	0.0358700759265	-0.0379663093322	-0.0328123411422	-0.0196974174244	-0.0269292879019	-0.201486237025	-0.0795418749654	-0.0191234362336	-0.10563742684	0.0832829304105	-0.00234876411009	0.0103920617303	-0.0787484579412	0.0297648605675	-0.0700152073557	-0.119362203073	-0.11298464581	-0.0313316919846
k__Bacteria;p__Bacteroidetes;c__Bacteroidia;o__Bacteroidales;f__Bacteroidaceae;g__Bacteroides;s__Bacteroides_plebeius	-0.0157396102895	-0.045254764563	-0.16916597924	-0.0757898480611	0.0017320821712	-0.021779322689	0.0200550568508	-0.00207909187289	-0.0776915221521	-0.0583350118375	-0.0543812297539	0.141992304399	-0.089814642121	-0.00454622392095	-0.0762098905289	1.0	-0.0380570115007	-0.112845466699	-0.102183455244	-0.0702503158182	-0.0338170673687	0.00818693800503	0.0360243679671	-0.0338013458137	0.076354832718	0.0154693284851	-0.052870170093	0.0234835509612	0.138492470916	-0.0863489997243	-0.0784200589249	-0.0162420294396	-0.126025605351	-0.0755132174072	-0.0391952299676	0.0069751054199	-0.0211018484786	-0.0713584964072	-0.00251067027127	0.011043311914	0.0255453224074	-0.117752540312	-0.190141270947	-0.018654809426	-0.0685380812873	0.0268033377469	-0.0245046666926	-0.0105600355949	0.0353890438454	0.0390462384342	-0.0224455165158	-0.0350350296999	-0.0726687203204	-0.0759040414288	-0.0180552010409	-0.104973847484	0.0601285802113	-0.137061062673	-0.0790995861129
k__Bacteria;p__Bacteroidetes;c__Bacteroidia;o__Bacteroidales;f__Bacteroidaceae;g__Bacteroides;s__Bacteroides_fragilis	-0.0530842619571	-0.0029895062926	0.0941705921038	-0.0634827104094	-0.213747731366	0.058253244093	0.0592595071488	-0.00896779367373	0.0143262354359	0.00994253975536	-0.0761869898641	-0.167199809025	-0.0416915136447	0.0425406591569	0.109989311299	-0.0380570115007	1.0	-0.0444901738687	-0.104241779118	-0.0956418328628	0.0538584232851	-0.037463250835	-0.0144819067728	-0.0807137257285	-0.0202998683681	-0.10405637735	-0.0816054653966	-0.0706909986867	-0.0741748105685	0.0241146018742	-0.0682490013775	-0.0954397048277	-0.0615019141756	-0.0373969601251	0.0573259866732	-0.0137151584124	-0.109124996235	0.0209005482568	0.0483425574275	0.02299032609	0.00897716055238	-0.0387836641111	-0.0259057405962	0.150710891673	-0.0294959846037	0.103666957106	0.00945904139785	0.0151437095324	-0.0684950899256	-0.094447820714	-0.0260173760986	0.0330917388631	-0.0522003820181	-0.13982723642	-0.163904687739	-0.116917922392	0.0312444747429	-0.00642005146247	-0.0485319236991
k__Bacteria;p__Proteobacteria;c__Betaproteobacteria;o__Burkholderiales;f__Sutterellaceae;g__Sutterella;s__Sutterella_wadsworthensis	0.0612019868684	-0.0679636318339	-0.0477783796968	-0.150186476925	-0.061563950693	-0.104408581888	-0.0629913788029	-0.118536766263	-0.132267274433	-0.138268906542	-0.0410978411899	-0.0520950897753	-0.0512585031275	-0.130446610324	0.00628457115671	-0.112845466699	-0.0444901738687	1.0	0.0217387210244	-0.0358092614417	-0.156946159895	0.0274208698622	-0.191195381446	-0.0299851874287	0.00787602163957	0.0392524590926	-0.0597501262155	-0.132471599404	0.0410894989205	0.0335400880991	0.041132674827	-0.0752399552154	-0.0611013864923	-0.0858212781564	-0.0346267829261	0.0262121362376	0.0329705402267	-0.0883722481508	0.0641564365175	-0.114155245844	0.0733024288242	-0.00356414431019	0.0193981550095	0.076487320307	0.00282650381511	-0.126285306034	-0.117249455334	-0.038544578681	-0.0177394084634	-0.0877273583932	0.00885542813188	-0.0720976573592	0.0451470502366	-0.0858362627501	-0.128770653439	0.0243253848055	-0.0221274217344	-0.153352310807	-0.0249780528294
k__Bacteria;p__Bacteroidetes;c__Bacteroidia;o__Bacteroidales;f__Porphyromonadaceae;g__Barnesiella;s__Barnesiella_intestinihominis	0.0996532364446	0.0415189727299	0.104639720257	-0.0702617429781	0.00935447381149	-0.130949611987	-0.0114304684325	-0.182015201427	-0.0972539336732	-0.0850898366238	0.0843004695139	-0.182551918072	-0.0899601508693	0.00199723479768	-0.140355163776	-0.102183455244	-0.104241779118	0.0217387210244	1.0	0.0250919456863	-0.0407617501027	-0.00691587738711	-0.122962840059	0.0501295119211	0.0478484020653	0.0173579730263	-0.0048591801977	-0.00537964617469	0.00131362519168	-0.0108088950554	-0.0120256201299	-0.139176979124	-0.0869757196623	0.0518177056691	-0.0190525499349	-0.126325276505	-0.0602079853477	-0.0704580137791	-0.0508555874447	-0.00921248460062	0.0124537593985	-0.0988683489014	-0.0793139987414	-0.0273794265226	-0.105905641469	-0.0840643758285	-0.0988512994912	-0.0321031107697	-0.0163276396103	-0.0779388767908	-0.0527650369707	0.0120154031139	-0.0135060650824	-0.0430776331225	0.0659712688371	0.0234527545792	-0.0658547150467	0.0324245837353	-0.0849538649267
k__Bacteria;p__Bacteroidetes;c__Bacteroidia;o__Bacteroidales;f__Odoribacteraceae;g__Odoribacter;s__Odoribacter_splanchnicus	-0.142968818952	-0.0244754915046	0.00586585896924	-0.0819201184353	0.0249666921357	-0.0467414103941	-0.0978731426161	-0.116080893503	0.0556379531376	-0.0218915699904	-0.00561586230197	0.100050623728	0.03316378013	-0.042894577075	-0.0457174686826	-0.0702503158182	-0.0956418328628	-0.0358092614417	0.0250919456863	1.0	-0.0869873199916	-0.0692504529107	-0.0339122060936	-0.0594830392452	-0.143757529657	0.00922179866997	-0.0526871965819	-0.0941990218967	0.0904779280963	-0.168632819662	0.0259827783409	0.0219936853428	-0.0887526975266	-0.0535058356557	0.10691901017	0.0452232394002	0.0374029490463	-0.0124758349208	0.130318861209	-0.129355529567	0.00856717633954	-0.0798847690191	-0.128945347104	-0.0959702431191	0.071528811683	-0.0149494100609	-0.0269261599413	-0.0991113484528	-0.14779997177	-0.209394668529	0.0678486947211	-0.0835063905721	-0.0927909851108	0.000699282336186	0.0466388176532	-0.0196490078263	-0.0409802965874	-0.0348593383332	-0.0294086118462
k__Bacteria;p__Bacteroidetes;c__Bacteroidia;o__Bacteroidales;f__Bacteroidaceae;g__Bacteroides;s__Bacteroides_salyersiae	-0.0241955971095	0.020337851668	0.0814154439013	0.0151088164084	-0.0380700964062	0.100136872803	0.0375736042018	0.066941979907	-0.0452550922988	0.1019979409	-0.145596315037	-0.134556722444	0.00798511169912	-0.0908353003816	-0.0311057298041	-0.0338170673687	0.0538584232851	-0.156946159895	-0.0407617501027	-0.0869873199916	1.0	0.020319275308	-0.0733704828715	0.0760611156741	0.000591513538055	-0.0816242838792	-0.0708389052559	0.0717785940389	-0.0447426302958	-0.114288378688	-0.0700568893298	-0.143566892728	0.0570741301923	-0.0390231227995	-0.116946900205	0.0112455828428	-0.110931414607	-0.0563878138437	-0.107375951111	-0.045503564555	-0.0233872786105	0.0249590531734	-0.0585459213242	-0.0534874071891	-0.072816012776	0.017128070438	-0.0191945149589	-0.0328704910178	0.0672439344479	0.000833221130031	0.0484865254867	0.0149480001348	-0.122930029761	-0.0879236564018	-0.0549659501928	-0.0229953014591	-0.0782084350071	0.0647377875269	0.0993659472476
k__Bacteria;p__Firmicutes;c__Clostridia;o__Clostridiales;f__Ruminococcaceae;g__Ruminiclostridium;s__[Eubacterium]_siraeum	0.045541659036	-0.0410530143977	0.0180021352544	0.0558544060459	-0.15884958309	0.0491317923303	0.0456119567456	-0.0670377665986	0.0545573357582	-0.131002640983	-0.134206149255	-0.118686198013	-0.024995257369	-0.0603564693376	0.0223174419095	0.00818693800503	-0.037463250835	0.0274208698622	-0.00691587738711	-0.0692504529107	0.020319275308	1.0	0.0619079447922	0.0790811396247	-0.0844162677343	0.000417411802689	-0.109124920859	-0.114353254277	-0.114865838132	0.00563752436006	-0.0350546104854	0.151022065814	-0.080390596177	0.0603501389318	-0.120199657597	-0.036858088175	0.0202797959825	-0.0637389617876	-0.0174014736718	-0.163333265943	-0.00315744569177	0.0480908012412	-0.0316170182943	0.0853529383058	-0.0870530537073	-0.0337753257687	0.188168863305	-0.0605892294795	0.0148588956107	-0.0190860096748	-0.11996747631	-0.0728166360373	-0.049633972187	-0.0544886320072	-0.0506370375393	-0.0545134980085	-0.0487634771587	-0.0460473637142	0.00423077766892
k__Bacteria;p__Proteobacteria;c__Betaproteobacteria;o__Burkholderiales;f__Sutterellaceae;g__Parasutterella;s__Parasutterella_excrementihominis	-0.0113334308621	-0.0843349735116	-0.070728183813	-0.054331400849	-0.0460061029484	0.152041165187	0.000455580398998	0.0828020479259	-0.0795311513527	0.0451383121442	-0.0146666130149	0.084678988585	-0.0130568177236	0.074318942367	-0.00517530513543	0.0360243679671	-0.0144819067728	-0.191195381446	-0.122962840059	-0.0339122060936	-0.0733704828715	0.0619079447922	1.0	-0.0711543405847	-0.133473957333	0.00429851078379	-0.0426976817797	0.0231572417182	-0.0532938325487	-0.118102412364	0.0938371016461	-0.00995938983257	0.0752695014325	-0.0331129108299	0.0324738767586	0.0502033152809	-0.0778353691925	0.0217698962955	-0.131405884235	-0.0637163737541	-0.143544439687	0.0211369221292	-0.0889696531479	-0.131477098923	-0.0375196271218	-0.0693198253902	-0.0752244518428	0.020380873163	-0.0120852919145	-0.00505733037216	0.00608233445601	-0.0241279975341	8.07351887636e-05	-0.0787921055013	-0.0468066993389	-0.0680914590716	-0.0141751819935	-0.0584435083234	-0.0824091743256
k__Bacteria;p__Actinobacteria;c__Actinobacteria;o__Bifidobacteriales;f__Bifidobacteriaceae;g__Bifidobacterium;s__Bifidobacterium_adolescentis	0.0453450556355	-0.0194732875597	0.00498618699849	0.0276821268241	-0.0176258460969	0.044024193794	-0.0245706799849	-0.0886957386704	-0.0796718032427	-0.0439047588848	-0.0108755889061	-0.00587573156477	0.0995815571103	-0.074854731907	-0.129572413033	-0.0338013458137	-0.0807137257285	-0.0299851874287	0.0501295119211	-0.0594830392452	0.0760611156741	0.0790811396247	-0.0711543405847	1.0	0.0310932169814	0.00900158419612	-0.133188960321	-0.148828974291	-0.00666915091746	-0.0178387540534	0.0450088777271	-0.0126425398891	-0.117431943214	0.0410577894979	-0.048414809154	-0.0291382279037	-0.00456126665541	-0.128774464066	0.0353772915113	-0.113569482	0.00425455777909	-0.0498143462218	0.0267883976586	0.0357638199819	-0.0423362673581	-0.0919034911172	-0.0609239602115	-0.0377650218243	-0.0173475397806	-0.0758773546925	-0.179199019408	0.0648856029534	-0.0296712728987	0.0217871713929	-0.020373376894	-0.0915121037997	0.117176314744	-0.063680796239	0.00775961210574
k__Bacteria;p__Firmicutes;c__Clostridia;o__Clostridiales;f__Oscillospiraceae;g__Oscillibacter;s__Oscillibacter_sp._KLE_1745	-0.0251313180089	-0.0237195393522	-0.0720293530088	-0.0363543448389	-0.0342600531266	-0.0917513252136	-0.0314480916445	0.0810558271427	-0.021446008054	0.0303241462825	-0.00208256578727	-0.0792043414783	-0.0264594324477	0.0389812176064	0.0762847574889	0.076354832718	-0.0202998683681	0.00787602163957	0.0478484020653	-0.143757529657	0.000591513538055	-0.0844162677343	-0.133473957333	0.0310932169814	1.0	-0.00256791158002	-0.0716084105924	0.0183100385451	0.0115629706555	-0.0689875132241	-0.0454675367988	0.0216553777627	-0.0630036958339	-0.16968491983	0.0146179498967	-0.00675922618637	-0.00216480090921	-0.046355959106	-0.0565964985181	-0.0204128099866	0.0409466671942	0.0943782534162	-0.017760950212	-0.0653712561646	-0.0229381651579	-0.177122647171	-0.0225924531008	-0.110017779295	-0.0675159743304	-0.0673526379725	-0.146039110238	-0.0310669879969	-0.0415870902587	-0.0383589376298	0.032392523105	0.0260677375603	-0.0278679803029	-0.0234141406904	-0.0604068581867
k__Bacteria;p__Bacteroidetes;c__Bacteroidia;o__Bacteroidales;f__Bacteroidaceae;g__Bacteroides;s__Bacteroides_coprophilus	-0.0898612326048	-0.0766206379663	-0.0694531541621	-0.043805515301	-0.040953556569	0.0335972637211	-0.155148451246	-0.0990634622097	0.0369665505476	0.0394729798679	-0.00149943817354	-0.052123696256	-0.00660402074723	0.011477906055	0.0306571728531	0.0154693284851	-0.10405637735	0.0392524590926	0.0173579730263	0.00922179866997	-0.0816242838792	0.000417411802689	0.00429851078379	0.00900158419612	-0.00256791158002	1.0	0.0240089095912	-0.0130267721031	-0.0594328298115	-0.0525145006355	0.0830336786374	-0.0958423115618	-0.0946972955053	-0.0332145598114	-0.0952295182714	-0.0457642015707	-0.152365305406	0.025987150078	-0.143104771266	-0.0224657352977	-0.0154091713219	-0.0720300094423	-0.0879600401992	-0.0670044457163	-0.0408433479782	-0.00839543910634	0.0198003159489	-0.0730747419318	-0.0398912434453	-0.0436982323473	-0.0628740315327	0.0743793913598	-0.0912085778254	0.0881611929678	-0.0488507358844	-0.00246573386303	-0.131388871785	0.0188355860938	-0.0559086084744
k__Bacteria;p__Firmicutes;c__Clostridia;o__Clostridiales;f__Lachnospiraceae;g__Roseburia;s__Roseburia_intestinalis	0.0236444978218	0.0145664111622	0.0884588561318	-0.102107781725	0.0117865060189	0.0656703491744	-0.0191684078117	-0.0804530515682	-0.0198555664089	0.147112059806	-0.0199821193909	-0.0413931976886	-0.108240217634	-0.0970756879956	-0.0967379468758	-0.052870170093	-0.0816054653966	-0.0597501262155	-0.0048591801977	-0.0526871965819	-0.0708389052559	-0.109124920859	-0.0426976817797	-0.133188960321	-0.0716084105924	0.0240089095912	1.0	0.00745839741535	-0.0622379919354	0.00182003515375	-0.0582879536608	-0.00197961224957	0.0105622833924	0.0166443003234	0.0301680916428	0.0270571659071	-0.134741634444	0.0462966551387	-0.132652979263	-0.00267610120127	-0.125856017027	-0.0787418094049	-0.0350310884709	0.0843380169865	0.0144951791004	-0.00718084373062	-0.117750046238	-0.042905620972	-0.105114670993	-0.00561252874716	0.0574652031077	-0.0374753501651	0.0639689737791	-0.0824075462899	0.0294474641511	-0.0615978112758	-0.0208810206726	-0.0283977416954	-0.0161572346934
k__Bacteria;p__Firmicutes;c__Clostridia;o__Clostridiales;f__Lachnospiraceae;g__Roseburia;s__Roseburia_hominis	0.0373406772849	-0.0104393828774	-0.0454538251571	-0.120406983529	0.195316918202	0.121293364791	0.0181397282277	0.0603009656413	-0.0338118566023	0.162717401542	0.0324565533077	0.0149362970266	0.0342859435913	0.0432556615682	-0.0535010607026	0.0234835509612	-0.0706909986867	-0.132471599404	-0.00537964617469	-0.0941990218967	0.0717785940389	-0.114353254277	0.0231572417182	-0.148828974291	0.0183100385451	-0.0130267721031	0.00745839741535	1.0	-0.01731608594	-0.0414001878315	-0.102703394035	-0.0396787653694	0.107022740121	0.0566455442391	-0.0793585031164	-0.0865506420579	-0.0286472805163	-0.031565352904	-0.180176703763	0.0584510113587	0.0301556298697	0.0493818866188	-0.0640829312052	-0.0731084184574	-0.0320401618748	-0.0450437631899	-0.0359165288769	0.00318140767941	-0.0176152945092	-0.0991109631146	-0.0625810217656	-0.0815987413261	0.005303891389	-0.0422652422071	-0.00318429904595	0.00861498325919	-0.00121786407225	-0.215186329116	-0.118715674892
k__Bacteria;p__Bacteroidetes;c__Bacteroidia;o__Bacteroidales;f__Porphyromonadaceae;g__Parabacteroides;s__Parabacteroides_johnsonii	-0.00352802031829	-0.086900163529	-0.0989686554688	-0.0866544106693	-0.0207362935951	-0.0561078055038	-0.0775005807432	-0.0299311448576	0.088636598921	-0.137071984258	-0.0791784295127	0.117372561746	-0.113132261927	-0.0364259953831	-0.00484734499217	0.138492470916	-0.0741748105685	0.0410894989205	0.00131362519168	0.0904779280963	-0.0447426302958	-0.114865838132	-0.0532938325487	-0.00666915091746	0.0115629706555	-0.0594328298115	-0.0622379919354	-0.01731608594	1.0	-0.0176865957485	-0.0940658376309	-0.0960913494497	0.00181827308259	-0.123548868733	-0.066764121693	-0.0244218365239	-0.0148588517955	-0.00951314475588	0.0484596171822	-0.179835622154	0.0284410109736	-0.004329997194	0.017720046776	-0.0509493546894	-0.0664959739444	-0.0535870344269	-0.0664775383031	-0.0767775073436	-0.0339359604539	-0.0379718816316	0.00580357121298	0.0482080585577	-0.0950201173567	0.0745467145454	-0.00533166552779	0.00463573702222	-0.010254125369	-0.0401037883666	0.00354555200869
k__Bacteria;p__Actinobacteria;c__Actinobacteria;o__Bifidobacteriales;f__Bifidobacteriaceae;g__Bifidobacterium;s__Bifidobacterium_longum	-0.0494358652488	-0.129578233973	-0.0514975953158	0.0791310332541	-0.0547062526483	-0.00505937435566	-0.128343481341	0.000247890677238	-0.0410591149509	-0.0485507780991	0.00496212723594	-0.0154356163205	-0.125151058211	-0.0943578385265	-0.00517143114903	-0.0863489997243	0.0241146018742	0.0335400880991	-0.0108088950554	-0.168632819662	-0.114288378688	0.00563752436006	-0.118102412364	-0.0178387540534	-0.0689875132241	-0.0525145006355	0.00182003515375	-0.0414001878315	-0.0176865957485	1.0	-0.036423185545	-0.128756572069	-0.00704992688796	-0.0306128053969	-0.0434444029565	-0.122467670053	-0.0472482884553	-0.0561237046479	-0.0164526345458	-0.00464098320779	-0.0184593664932	0.0332773119811	0.0712998304855	-0.110860420642	0.113008486576	0.0526455138775	-0.0141708800686	-0.0838097315521	-0.0248047352673	-0.053725942559	0.00617237898379	0.0206903094354	-0.038928221012	-0.0961663363633	-0.103549651963	-0.111611328774	-0.0142626419114	0.0236900867233	-0.0507581273913
