#taxonomy	k__Bacteria;p__Bacteroidetes;c__Bacteroidia;o__Bacteroidales;f__Bacteroidaceae;g__Bacteroides;s__Bacteroides_vulgatus	k__Bacteria;p__Bacteroidetes;c__Bacteroidia;o__Bacteroidales;f__Bacteroidaceae;g__Bacteroides;s__Bacteroides_uniformis	k__Bacteria;p__Bacteroidetes;c__Bacteroidia;o__Bacteroidales;f__Rikenellaceae;g__Alistipes;s__Alistipes_putredinis	k__Bacteria;p__Bacteroidetes;c__Bacteroidia;o__Bacteroidales;f__Prevotellaceae;g__Prevotella;s__Prevotella_copri	k__Bacteria;p__Bacteroidetes;c__Bacteroidia;o__Bacteroidales;f__Bacteroidaceae;g__Bacteroides;s__Bacteroides_stercoris	k__Bacteria;p__Bacteroidetes;c__Bacteroidia;o__Bacteroidales;f__Bacteroidaceae;g__Bacteroides;s__Bacteroides_ovatus	k__Bacteria;p__Bacteroidetes;c__Bacteroidia;o__Bacteroidales;f__Rikenellaceae;g__Alistipes;s__Alistipes_shahii	k__Bacteria;p__Firmicutes;c__Clostridia;o__Clostridiales;f__Ruminococcaceae;g__Faecalibacterium;s__Faecalibacterium_prausnitzii	k__Bacteria;p__Bacteroidetes;c__Bacteroidia;o__Bacteroidales;f__Rikenellaceae;g__Alistipes;s__Alistipes_finegoldii	k__Bacteria;p__Bacteroidetes;c__Bacteroidia;o__Bacteroidales;f__Porphyromonadaceae;g__Parabacteroides;s__Parabacteroides_distasonis	k__Bacteria;p__Bacteroidetes;c__Bacteroidia;o__Bacteroidales;f__Bacteroidaceae;g__Bacteroides;s__Bacteroides_thetaiotaomicron	k__Bacteria;p__Bacteroidetes;c__Bacteroidia;o__Bacteroidales;f__Bacteroidaceae;g__Bacteroides;s__Bacteroides_coprocola	k__Bacteria;p__Bacteroidetes;c__Bacteroidia;o__Bacteroidales;f__Bacteroidaceae;g__Bacteroides;s__Bacteroides_cellulosilyticus	k__Bacteria;p__Bacteroidetes;c__Bacteroidia;o__Bacteroidales;f__Rikenellaceae;g__Alistipes;s__Alistipes_obesi	k__Bacteria;p__Firmicutes;c__Clostridia;o__Clostridiales;f__Lachnospiraceae;g__;s__[Eubacterium]_rectale	k__Bacteria;p__Bacteroidetes;c__Bacteroidia;o__Bacteroidales;f__Bacteroidaceae;g__Bacteroides;s__Bacteroides_plebeius	k__Bacteria;p__Bacteroidetes;c__Bacteroidia;o__Bacteroidales;f__Bacteroidaceae;g__Bacteroides;s__Bacteroides_fragilis	k__Bacteria;p__Proteobacteria;c__Betaproteobacteria;o__Burkholderiales;f__Sutterellaceae;g__Sutterella;s__Sutterella_wadsworthensis	k__Bacteria;p__Bacteroidetes;c__Bacteroidia;o__Bacteroidales;f__Porphyromonadaceae;g__Barnesiella;s__Barnesiella_intestinihominis	k__Bacteria;p__Bacteroidetes;c__Bacteroidia;o__Bacteroidales;f__Odoribacteraceae;g__Odoribacter;s__Odoribacter_splanchnicus	k__Bacteria;p__Bacteroidetes;c__Bacteroidia;o__Bacteroidales;f__Bacteroidaceae;g__Bacteroides;s__Bacteroides_salyersiae	k__Bacteria;p__Firmicutes;c__Clostridia;o__Clostridiales;f__Ruminococcaceae;g__Ruminiclostridium;s__[Eubacterium]_siraeum	k__Bacteria;p__Proteobacteria;c__Betaproteobacteria;o__Burkholderiales;f__Sutterellaceae;g__Parasutterella;s__Parasutterella_excrementihominis	k__Bacteria;p__Actinobacteria;c__Actinobacteria;o__Bifidobacteriales;f__Bifidobacteriaceae;g__Bifidobacterium;s__Bifidobacterium_adolescentis	k__Bacteria;p__Firmicutes;c__Clostridia;o__Clostridiales;f__Oscillospiraceae;g__Oscillibacter;s__Oscillibacter_sp._KLE_1745	k__Bacteria;p__Bacteroidetes;c__Bacteroidia;o__Bacteroidales;f__Bacteroidaceae;g__Bacteroides;s__Bacteroides_coprophilus	k__Bacteria;p__Firmicutes;c__Clostridia;o__Clostridiales;f__Lachnospiraceae;g__Roseburia;s__Roseburia_intestinalis	k__Bacteria;p__Firmicutes;c__Clostridia;o__Clostridiales;f__Lachnospiraceae;g__Roseburia;s__Roseburia_hominis	k__Bacteria;p__Bacteroidetes;c__Bacteroidia;o__Bacteroidales;f__Porphyromonadaceae;g__Parabacteroides;s__Parabacteroides_johnsonii	k__Bacteria;p__Actinobacteria;c__Actinobacteria;o__Bifidobacteriales;f__Bifidobacteriaceae;g__Bifidobacterium;s__Bifidobacterium_longum	k__Bacteria;p__Firmicutes;c__Clostridia;o__Clostridiales;f__;g__Flavonifractor;s__Flavonifractor_plautii	k__Bacteria;p__Firmicutes;c__Clostridia;o__Clostridiales;f__Clostridiaceae;g__Clostridium;s__Clostridium_phoceensis	k__Bacteria;p__Verrucomicrobia;c__Verrucomicrobiae;o__Verrucomicrobiales;f__Akkermansiaceae;g__Akkermansia;s__Akkermansia_muciniphila	k__Bacteria;p__Bacteroidetes;c__Bacteroidia;o__Bacteroidales;f__Prevotellaceae;g__Paraprevotella;s__Paraprevotella_xylaniphila	k__Bacteria;p__Firmicutes;c__Clostridia;o__Clostridiales;f__Ruminococcaceae;g__Ruminococcus;s__Ruminococcus_callidus	k__Bacteria;p__Bacteroidetes;c__Bacteroidia;o__Bacteroidales;f__Rikenellaceae;g__Alistipes;s__Alistipes_senegalensis	k__Bacteria;p__Firmicutes;c__Clostridia;o__Clostridiales;f__Lachnospiraceae;g__Blautia;s__Blautia_sp._KLE_1732	k__Bacteria;p__Bacteroidetes;c__Bacteroidia;o__Bacteroidales;f__Bacteroidaceae;g__Bacteroides;s__Bacteroides_oleiciplenus	k__Bacteria;p__Firmicutes;c__Clostridia;o__Clostridiales;f__Ruminococcaceae;g__Ruminococcus;s__Ruminococcus_bicirculans	k__Bacteria;p__Bacteroidetes;c__Bacteroidia;o__Bacteroidales;f__Bacteroidaceae;g__Bacteroides;s__Bacteroides_fluxus	k__Bacteria;p__Bacteroidetes;c__Bacteroidia;o__Bacteroidales;f__Prevotellaceae;g__Prevotella;s__Prevotella_stercorea	k__Bacteria;p__Firmicutes;c__Clostridia;o__Clostridiales;f__Lachnospiraceae;g__Dorea;s__Dorea_longicatena	k__Bacteria;p__Firmicutes;c__Clostridia;o__Clostridiales;f__Eubacteriaceae;g__Eubacterium;s__[Eubacterium]_eligens	k__Bacteria;p__Firmicutes;c__Clostridia;o__Clostridiales;f__Ruminococcaceae;g__;s__Ruminococcaceae_bacterium_D16	k__Bacteria;p__Firmicutes;c__Clostridia;o__Clostridiales;f__Lachnospiraceae;g__Coprococcus;s__Coprococcus_comes	k__Bacteria;p__Proteobacteria;c__Gammaproteobacteria;o__Enterobacterales;f__Enterobacteriaceae;g__Escherichia;s__Escherichia_coli	k__Bacteria;p__Firmicutes;c__Clostridia;o__Clostridiales;f__Ruminococcaceae;g__Anaerotruncus;s__Anaerotruncus_colihominis	k__Bacteria;p__Firmicutes;c__Clostridia;o__Clostridiales;f__Lachnospiraceae;g__Blautia;s__Blautia_obeum	k__Bacteria;p__Bacteroidetes;c__Bacteroidia;o__Bacteroidales;f__Odoribacteraceae;g__Odoribacter;s__Odoribacter_laneus	k__Bacteria;p__Firmicutes;c__Clostridia;o__Clostridiales;f__Ruminococcaceae;g__Ruminiclostridium;s__[Clostridium]_leptum	k__Bacteria;p__Bacteroidetes;c__Bacteroidia;o__Bacteroidales;f__Porphyromonadaceae;g__Parabacteroides;s__Parabacteroides_goldsteinii	k__Bacteria;p__Firmicutes;c__Clostridia;o__Clostridiales;f__Lachnospiraceae;g__Anaerostipes;s__Anaerostipes_hadrus	k__Bacteria;p__Firmicutes;c__Clostridia;o__Clostridiales;f__Ruminococcaceae;g__Ruminococcus;s__Ruminococcus_lactaris	k__Bacteria;p__Firmicutes;c__Clostridia;o__Clostridiales;f__Clostridiaceae;g__Clostridium;s__Clostridium_sp._L2-50	k__Bacteria;p__Firmicutes;c__Clostridia;o__Clostridiales;f__Clostridiaceae;g__Clostridium;s__Clostridium_sp._M62/1	k__Bacteria;p__Firmicutes;c__Clostridia;o__Clostridiales;f__;g__Intestinimonas;s__Intestinimonas_butyriciproducens	k__Bacteria;p__Actinobacteria;c__Actinobacteria;o__Bifidobacteriales;f__Bifidobacteriaceae;g__Bifidobacterium;s__Bifidobacterium_bifidum	k__Bacteria;p__Firmicutes;c__Negativicutes;o__Veillonellales;f__Veillonellaceae;g__Dialister;s__Dialister_invisus	k__Bacteria;p__Bacteroidetes;c__Bacteroidia;o__Bacteroidales;f__Bacteroidaceae;g__Bacteroides;s__Bacteroides_salanitronis
k__Bacteria;p__Bacteroidetes;c__Bacteroidia;o__Bacteroidales;f__Bacteroidaceae;g__Bacteroides;s__Bacteroides_vulgatus	1.0	0.0509129537456	0.130805386197	-0.126952899122	-0.0874266044868	-0.0639530137619	0.00128786966025	0.0448627782049	-0.0339687758408	-0.00150539661228	0.00806212414107	-0.0917384777703	-0.0294362997259	0.0743242329336	0.0393733308432	-0.0530179875897	0.00465459122583	-0.0747589330029	-0.0499582007176	0.0260922211479	-0.160440021783	-0.0467179700913	0.0202040085324	0.0682794072583	0.00173567465937	0.0995131728296	0.0788305723505	0.104015864704	-0.0571811012154	0.0271788534323	0.054021504218	0.0166581784414	-0.0627349283141	-0.0531512639807	0.0087283925715	-0.0376855998882	0.0909965680496	-0.0572225753094	0.0327715723317	-0.0579125679368	-0.0814088900652	-0.0679814279234	-0.0208585640395	-0.161876189818	-0.0755764511901	-0.129061627923	-0.0217394359965	-0.0177513658074	0.0093133021723	-0.0859553934811	0.0102794150798	-0.0418672076509	-0.0431118858004	-0.0348219132459	-0.061490354337	0.0609838476816	-0.0597207931498	-0.149340556058	-0.0682639694118
k__Bacteria;p__Bacteroidetes;c__Bacteroidia;o__Bacteroidales;f__Bacteroidaceae;g__Bacteroides;s__Bacteroides_uniformis	0.0509129537456	1.0	-0.104997996397	0.0178899985068	-0.0775676247912	-0.0444243258325	-0.00317088602408	-0.0140039056655	-0.102176434013	-0.0327579433037	0.0923334349227	-0.0612174932775	0.0199061929113	-0.0196618740025	0.0309376927013	0.0514722315362	0.012238032634	-0.0122264418769	-0.0681762421654	-0.160888181753	-0.0734991754655	-0.0426205593285	-0.0282296439454	-0.0296210963979	-0.0235874505803	-0.121077423775	-0.0314718997337	-0.0383904013555	0.044269641059	0.0825569969223	0.0133535953631	-0.0942862826552	-0.0394804896007	0.0302615341956	-0.207310680242	0.0687407346609	0.161601786453	-0.116104803615	0.0345421313837	-0.0468011497083	-0.154940106225	-0.101250864882	-0.0532808691138	-0.083936065909	-0.0728479351083	0.010955810569	-0.142156503767	-0.0621695419086	-0.0521384280795	-0.10772704238	0.00487774251496	0.0116481682397	0.000242575469104	-0.0632314460518	-0.112538703256	0.141651912423	-0.00239169648862	0.0277691851045	-0.0887123160985
k__Bacteria;p__Bacteroidetes;c__Bacteroidia;o__Bacteroidales;f__Rikenellaceae;g__Alistipes;s__Alistipes_putredinis	0.130805386197	-0.104997996397	1.0	0.01336523363	-0.0621396272976	-0.0860726270649	-0.0164504476617	-0.063132181358	-0.131273040816	-0.0910312365744	-0.134504891775	-0.0295802050168	-0.0184695015021	0.094665469348	0.0349725103062	-0.0155518208689	0.0287816651261	-0.121551995942	0.00623717000795	-0.0162952358716	-0.0315213687293	-0.0648815906701	-0.123434888138	0.0314685831138	-0.182793314331	0.0250685989857	-0.00103093728199	-0.0614713993898	-0.0731491284133	0.0356060587332	0.0297784366617	-0.0621258277964	-0.0605209994253	-0.0292803355484	-0.0313560960169	-0.0262841892377	0.0595236799173	-0.00708282598374	0.00397129448938	-0.030419494638	0.0570403878931	-0.0977804496239	-0.10639633886	0.010690246226	-0.088973779154	0.0201951971968	0.0275747354051	0.0498862520364	-0.0840664931903	0.0639730184797	0.0267072890512	0.0224111382999	-0.0259130945306	0.0503072267831	-0.090466486918	0.0765547823434	-0.0100254047887	0.0393696240435	0.0253848750395
k__Bacteria;p__Bacteroidetes;c__Bacteroidia;o__Bacteroidales;f__Prevotellaceae;g__Prevotella;s__Prevotella_copri	-0.126952899122	0.0178899985068	0.01336523363	1.0	-0.11368241109	-0.0982227806865	0.0745275029701	-0.0650981958156	0.00986849137268	0.0373179329811	-0.0448953362854	-0.143944157644	-0.0981483811988	0.0707397916108	-0.0424192183514	-0.050282981796	-0.0815049741301	0.015863838836	0.0272224179467	-0.0301718091599	0.0843088022555	0.0650440404043	-0.0126433131457	-0.0212919738213	-0.108002823744	-0.0589971989444	0.0672696613663	-0.0708651873427	-0.057081904445	0.0259109876134	-0.104580476163	0.0417659957813	0.0885185429796	0.00616545640886	-0.0738364117841	-0.00405473499776	-0.117158395044	-0.0106981329371	-0.0466987210293	0.0203371359395	0.00776568100122	-0.0480384795806	0.0794078604466	-0.0362562985714	-0.0919915507339	-0.11706420465	-0.0219520475209	-0.140770857474	-0.0364121197074	-0.0415042954915	0.00223323061691	0.0890563071338	-0.142291561384	0.0229675696029	-0.132616993001	-0.00741224131782	-0.0282876733966	-0.138410251905	-0.137174464442
k__Bacteria;p__Bacteroidetes;c__Bacteroidia;o__Bacteroidales;f__Bacteroidaceae;g__Bacteroides;s__Bacteroides_stercoris	-0.0874266044868	-0.0775676247912	-0.0621396272976	-0.11368241109	1.0	-0.00785482548517	0.0486115197425	-0.0824790325968	0.00774439274107	-0.0168064512989	0.0292293418313	-0.146492761032	-0.11221738859	-0.0407218543947	-0.0383590704085	0.036958023749	0.0366981219604	0.0297852594774	-0.0247215767422	-0.080264926066	-0.141651229182	0.0152080471486	-0.152873655036	-0.0251550664668	0.0737126554735	-0.0336686237933	-0.077973177535	0.0878546543895	-0.118578433871	-0.0906994382406	-0.0290689444351	-0.0576918620028	-0.0786487218027	6.02129258786e-05	0.0710807723432	-0.0688598120224	0.0360184119114	0.0360227241743	-0.0235967161044	-0.0822347912553	-0.0199062373224	0.00828954436246	-0.122200989284	-0.0382133722754	-0.0253372194972	-0.114907798648	0.019024249373	-0.0815471280652	0.108704780243	-0.00790271550892	-0.0220670213418	0.037830019425	0.0521471187442	0.012301462681	-0.0994032212153	-0.0431058371904	-0.0538754326384	-0.0677615148951	0.0433096499989
k__Bacteria;p__Bacteroidetes;c__Bacteroidia;o__Bacteroidales;f__Bacteroidaceae;g__Bacteroides;s__Bacteroides_ovatus	-0.0639530137619	-0.0444243258325	-0.0860726270649	-0.0982227806865	-0.00785482548517	1.0	-0.0278799593238	-0.109380747682	-0.0665246005685	0.0251492645461	0.0295713101353	-0.0421351904232	0.0860718871801	-0.0255099738061	-0.0857252659559	-0.0549210207205	-0.0761596498297	0.129481254962	-0.0420067265739	-0.113440311673	0.0641902163683	-0.0569930556172	-0.0969779080204	-0.131797776456	0.0607675781651	-0.00339390625804	-0.0966060472761	0.0514761604987	-0.0654027550989	-0.0627378979663	0.0395374912358	-0.117630977373	0.00770505322369	-0.0706869874752	0.129930805567	-0.0663071145266	-0.0596449885606	0.0309501643634	-0.0352667925187	-0.139548287746	-0.0404239459478	-0.0608655966681	-0.0317027875389	-0.0556413463458	-0.121888716082	0.111672353215	0.0623413108844	-0.0160211461198	-0.0938840956879	-0.137501330389	-0.0380103690212	-0.00368176085657	-0.122506201188	-0.145235243658	0.0174041007524	-0.107184532245	-0.0211247081107	-0.076684615928	-0.0411555704384
k__Bacteria;p__Bacteroidetes;c__Bacteroidia;o__Bacteroidales;f__Rikenellaceae;g__Alistipes;s__Alistipes_shahii	0.00128786966025	-0.00317088602408	-0.0164504476617	0.0745275029701	0.0486115197425	-0.0278799593238	1.0	-0.0830669794184	0.0259360017614	0.00468583910798	-0.00465736815423	-0.0105587010077	-0.0160873519648	-0.073875795752	-0.0956558548696	-0.0791808240889	-0.0387245038502	-0.00476793838233	0.0413451108575	0.0275993713436	-0.076700035868	0.00664791579731	-0.182025651736	-0.0115346376417	-0.0682037854899	0.153298788785	-0.0277305826981	0.0549821221371	-0.0184724936073	-0.0782602190964	-0.0894999419759	0.0545315329941	-0.0195795046843	-0.0503127418425	0.0656461832062	-0.0370652611015	0.0101552495763	-0.0825509685788	-0.0327583953171	-0.0942102712731	-0.000198135222801	0.00796324507798	0.0757729508204	0.0285666056054	0.153869378119	-0.0730898449031	-0.061252129628	0.018568265331	-0.0234547208442	-0.00778072916549	-0.0412988109529	-0.166423237935	-0.0320760323228	0.0196263226711	-0.0939372461327	-0.0916977205399	-0.166703888244	0.0375290646657	0.103044243177
k__Bacteria;p__Firmicutes;c__Clostridia;o__Clostridiales;f__Ruminococcaceae;g__Faecalibacterium;s__Faecalibacterium_prausnitzii	0.0448627782049	-0.0140039056655	-0.063132181358	-0.0650981958156	-0.0824790325968	-0.109380747682	-0.0830669794184	1.0	0.0701372586308	-0.00282249348786	-0.0625108473932	0.0524208311458	-0.0988977587339	0.030573292649	-0.0328911704645	0.0176391252165	-0.0175866827898	-0.0933302497878	-0.0912192058824	0.0331667000486	-0.0589675897479	0.0267676172892	0.0197815943769	-0.123959300185	0.018744021212	-0.0473948696297	0.0335799108353	-0.00724626728436	-0.0242292634394	0.108133097792	0.00604467332085	0.0565422595742	-0.0144059637346	-0.13697663524	-0.115218232445	0.0717259323187	-0.0404359442595	-0.0850970989152	-0.0907633472373	-0.0159574828523	-0.0218157929198	-0.126217901378	0.0501591435248	-0.143159016011	-0.0536792820117	-0.00234504080614	-0.109056279268	-0.0659988879643	-0.00631859789046	0.0221982591049	0.0096945997215	-0.0375573386749	0.00571179418945	-0.0434841151716	-0.0818870600773	0.010232623751	-0.0312668973346	0.0451912582008	0.022922326756
k__Bacteria;p__Bacteroidetes;c__Bacteroidia;o__Bacteroidales;f__Rikenellaceae;g__Alistipes;s__Alistipes_finegoldii	-0.0339687758408	-0.102176434013	-0.131273040816	0.00986849137268	0.00774439274107	-0.0665246005685	0.0259360017614	0.0701372586308	1.0	0.0843525767791	-0.0328675347073	-0.110018086773	-0.086756132741	-0.110117767087	-0.0170702551594	-0.056550190554	-0.0772719103215	0.0743499590524	-0.0570314453228	-0.0498705014567	-0.0653881381319	-0.0478882233132	0.0762026694007	0.0101191622493	0.0754802899823	-0.109469478761	-0.075943386149	0.0292688764995	-0.0534595380479	0.0205720283873	-0.112902908964	0.0945362024621	0.0781482018311	-0.023436749274	-0.0554801519735	-0.0309412040579	-0.129247454214	-0.187740940723	0.0348335852876	0.0502401925415	0.0171387999561	-0.145856631532	0.0231034584463	-0.0701252782676	-0.0775791538822	-0.0155544656968	0.00641944643488	-0.110112817491	0.00504146762764	-0.0474898772243	0.100910369176	-0.0751210216467	-0.107626807985	-0.0775814083765	-0.0137614461821	-0.123710762814	0.06995531791	-0.0444621255823	0.0101167459598
k__Bacteria;p__Bacteroidetes;c__Bacteroidia;o__Bacteroidales;f__Porphyromonadaceae;g__Parabacteroides;s__Parabacteroides_distasonis	-0.00150539661228	-0.0327579433037	-0.0910312365744	0.0373179329811	-0.0168064512989	0.0251492645461	0.00468583910798	-0.00282249348786	0.0843525767791	1.0	-0.0419507570721	0.0114841328834	-0.095828827167	-0.161717605253	-0.0683250412035	-0.00270622882588	0.0201781391873	-0.101620806113	-0.0158652227371	-0.0452198550975	0.000717488140351	-0.0296187807725	-0.134398458907	0.0126202510112	0.00451248253911	0.108823622891	-0.0361740851741	0.00146480157473	-0.0453481361892	0.0114077176138	0.0358513508139	-0.0209259228176	0.0226654092727	-0.0674963405853	0.0341894185498	-0.0236635815568	0.166410320067	0.0381278065396	-0.239760112422	-0.0288973842677	0.0417007490355	0.0252149267994	-0.0106594701698	-0.0516159813946	-0.101597781609	-0.0413267815464	-0.0922376554681	0.0758011709522	-0.0246063379435	0.129571008306	-0.00291416535904	-0.043536277763	0.0362921789173	0.0397767189275	-0.0608891653927	-0.0699131590338	-0.094121643561	-0.00491994501466	0.0726879645379
k__Bacteria;p__Bacteroidetes;c__Bacteroidia;o__Bacteroidales;f__Bacteroidaceae;g__Bacteroides;s__Bacteroides_thetaiotaomicron	0.00806212414107	0.0923334349227	-0.134504891775	-0.0448953362854	0.0292293418313	0.0295713101353	-0.00465736815423	-0.0625108473932	-0.0328675347073	-0.0419507570721	1.0	-0.102910778766	-0.0627113767718	-0.106305087515	-0.0492900098545	-0.137167226807	0.0126081569208	-0.102185770364	-0.015981609143	-0.101850968748	-0.0488313984607	-0.0992150784823	-0.00138914856436	0.00799879752044	-0.0259631902776	-0.0633127708245	-0.0610704072502	-0.0794815637197	-0.0969350696213	-0.121327005878	-0.0128143503156	-0.0112759217463	0.0123341557084	-0.0993584956245	-0.0489093461173	-0.113084257813	-0.106017335866	-0.0657021746901	-0.0840091517991	-0.0134241111435	-0.185616910908	-0.0262099170826	-0.128524556261	0.00991377401873	0.10656656663	-0.00380362733224	0.032378372743	-0.049290609046	-0.0599507715804	-0.0248817568581	-0.0752130992102	0.0088002371819	0.0358532954662	0.00167015341653	0.0160875606384	-0.118591186622	-0.0369706306302	0.075203245729	-0.0409940331764
k__Bacteria;p__Bacteroidetes;c__Bacteroidia;o__Bacteroidales;f__Bacteroidaceae;g__Bacteroides;s__Bacteroides_coprocola	-0.0917384777703	-0.0612174932775	-0.0295802050168	-0.143944157644	-0.146492761032	-0.0421351904232	-0.0105587010077	0.0524208311458	-0.110018086773	0.0114841328834	-0.102910778766	1.0	0.0438975167185	-0.0404084843659	-0.0495225554234	-0.140813076863	0.00983736362904	-0.0209170230989	-0.000170746618418	-0.0369910428109	-0.0153633600316	-0.0581493695147	0.0514257575054	-0.0437529697919	-0.00680492357407	0.000370920851967	-0.0261660087713	-0.0457827407381	-0.0862761859752	-0.0497209653622	0.232160310466	0.00152418112542	-0.00918435631997	-0.0402378643576	0.0303648699257	0.134792665898	-0.00429143025427	0.0344438460068	0.0249040964132	-0.0422725345062	-0.00833446917011	0.0123457646984	-0.0589351111538	-0.0919451302195	-0.0623452213414	0.0219883789052	-0.048883170761	0.030983880884	-0.0394362915672	-0.0930866441098	-0.0937743210838	-0.0449143463184	0.0112815060866	-0.0663458408918	-0.146872555837	-0.0756731800115	-0.0336715754224	-0.0319174972116	-0.113670419969
k__Bacteria;p__Bacteroidetes;c__Bacteroidia;o__Bacteroidales;f__Bacteroidaceae;g__Bacteroides;s__Bacteroides_cellulosilyticus	-0.0294362997259	0.0199061929113	-0.0184695015021	-0.0981483811988	-0.11221738859	0.0860718871801	-0.0160873519648	-0.0988977587339	-0.086756132741	-0.095828827167	-0.0627113767718	0.0438975167185	1.0	-0.17047014684	-0.119842575856	-0.0715585589617	-0.0852442001631	-0.0165372765559	0.0714155538515	0.133231798406	-0.126015535164	-0.149052762709	-0.0538375036554	-0.115080420412	-0.0197643294634	0.129385103202	0.0461133430006	0.0560114060185	-0.00750198273719	0.0251651274559	-0.00706425670233	-0.119899274636	-0.0384750909086	-0.11524120033	-0.00987626594381	0.0789089707794	-0.103976605777	-0.0118378949132	-0.156652324224	0.0229714510922	0.0699006650331	0.00422538958894	-0.114894514627	-0.0067797391525	-0.080615123064	0.0811146518264	-0.0861007637181	-0.076150512566	0.0790011833414	-0.0915197381821	-0.0564162468838	-0.0457800221089	-0.0364946384948	0.0185270658239	0.1164416477	-0.0290543941852	-0.0385425588231	-0.145374639564	-0.161434767249
k__Bacteria;p__Bacteroidetes;c__Bacteroidia;o__Bacteroidales;f__Rikenellaceae;g__Alistipes;s__Alistipes_obesi	0.0743242329336	-0.0196618740025	0.094665469348	0.0707397916108	-0.0407218543947	-0.0255099738061	-0.073875795752	0.030573292649	-0.110117767087	-0.161717605253	-0.106305087515	-0.0404084843659	-0.17047014684	1.0	-0.0121436595172	0.0541412321125	0.0250503265379	-0.0151398599373	0.0703799750182	-0.0126745957141	0.0134017465072	0.00120646399007	0.143349562644	0.0280598276226	-0.0371782939971	-0.106575495469	0.0184772473897	-0.00111136290684	-0.132244218944	0.00755839752184	-0.00374043757699	-0.0255635937967	-0.19015202679	-0.050665855995	-0.0668762522484	-0.0545022424439	0.0342325226895	-0.117546200905	-0.0336724792267	-0.0801719080995	-0.0548845327029	-0.115965450239	-0.0425943230181	-0.0380768989875	-0.0557279987918	-0.171937399294	-0.164728487375	-0.0261077580688	-0.0876984655975	0.0711396711064	-0.00991280905457	-0.0328706755276	0.0343533351527	-0.00604111060383	-0.123636649727	-0.0622386013018	0.029740381848	-0.0762821078773	0.0467369537432
k__Bacteria;p__Firmicutes;c__Clostridia;o__Clostridiales;f__Lachnospiraceae;g__;s__[Eubacterium]_rectale	0.0393733308432	0.0309376927013	0.0349725103062	-0.0424192183514	-0.0383590704085	-0.0857252659559	-0.0956558548696	-0.0328911704645	-0.0170702551594	-0.0683250412035	-0.0492900098545	-0.0495225554234	-0.119842575856	-0.0121436595172	1.0	-0.125188232016	-0.087144857691	-0.0558614466963	-0.0317794252926	0.0495676105374	-0.000155199326918	-0.113957564084	0.0400000630039	-0.00495939114716	-0.0225933875433	0.0250071500992	-0.00733872468044	-0.0658994826114	0.0364674001685	-0.0254993364708	-0.0873489586869	-0.056231920394	-0.00814335930309	-0.0278924521421	-0.0721233588588	-0.0694274338219	-0.0083291900454	0.0182518904511	-0.104798701706	-0.0564841829634	-0.0516025470426	-0.10899670174	-0.071409919237	-0.0767495992864	0.0306229753702	-0.0347375711785	-0.0423590773464	-0.0826179185764	0.0421041924187	-0.037226195632	0.0964268715336	0.00746918879649	-0.0758779078543	0.0495928604307	-0.0209788627587	0.136428780102	-0.0586469173842	-0.01869388015	0.041615853395
k__Bacteria;p__Bacteroidetes;c__Bacteroidia;o__Bacteroidales;f__Bacteroidaceae;g__Bacteroides;s__Bacteroides_plebeius	-0.0530179875897	0.0514722315362	-0.0155518208689	-0.050282981796	0.036958023749	-0.0549210207205	-0.0791808240889	0.0176391252165	-0.056550190554	-0.00270622882588	-0.137167226807	-0.140813076863	-0.0715585589617	0.0541412321125	-0.125188232016	1.0	0.0511916617145	-0.0116809884335	0.00133118510531	-0.0316084925038	0.0108735751054	0.0993422774185	0.025244785965	-0.141336315243	-0.0524115605361	-0.0643587198077	0.0822475194708	-0.0325968484365	-0.0703238430195	-0.0610517886511	0.0254520349286	-0.0153716225756	-0.107599083789	-0.0819835720519	-0.0254513579375	-0.0232413095515	0.0430431029625	-0.12691060581	-0.0277941782268	0.0648844261972	-0.045247374287	0.0375291366502	-0.12262377002	0.0435109014223	-0.0617069508544	-0.0559143754335	-0.0505084469911	0.034084137177	-0.00816711273958	-0.0486466256266	-0.0750501558013	0.089136083818	-0.0931690601454	-0.0652220965615	-0.0137650538661	-0.00815025379492	0.0562554374978	-0.0424639174333	-0.0901313671468
k__Bacteria;p__Bacteroidetes;c__Bacteroidia;o__Bacteroidales;f__Bacteroidaceae;g__Bacteroides;s__Bacteroides_fragilis	0.00465459122583	0.012238032634	0.0287816651261	-0.0815049741301	0.0366981219604	-0.0761596498297	-0.0387245038502	-0.0175866827898	-0.0772719103215	0.0201781391873	0.0126081569208	0.00983736362904	-0.0852442001631	0.0250503265379	-0.087144857691	0.0511916617145	1.0	-0.0145233965062	0.0497072351446	-0.020400337462	-0.0144530408339	-0.0746620544943	-0.0180098063314	-0.0341615265444	0.0116555934119	-0.0636986935523	0.000505123381935	-0.0192807780359	-0.168104727184	-0.031596537076	-0.0727420441338	-0.00346007239392	-0.0520053452517	-0.021328440199	-0.116395584337	-0.161306975192	0.122381858804	-0.046428340945	-0.0416407321057	-0.0472788406916	0.0173179618194	-0.10244953016	-0.11378780484	-0.0650135568097	-0.0888931537343	-0.0552030888747	0.0469982890871	0.0669267448838	-0.0549498756029	0.0768638001428	0.0085729168751	0.0497737419676	-0.0171050746475	-0.0403217821576	-0.114849954624	-0.0529640438925	-0.000932667190562	-0.0462172220594	0.0476946399894
k__Bacteria;p__Proteobacteria;c__Betaproteobacteria;o__Burkholderiales;f__Sutterellaceae;g__Sutterella;s__Sutterella_wadsworthensis	-0.0747589330029	-0.0122264418769	-0.121551995942	0.015863838836	0.0297852594774	0.129481254962	-0.00476793838233	-0.0933302497878	0.0743499590524	-0.101620806113	-0.102185770364	-0.0209170230989	-0.0165372765559	-0.0151398599373	-0.0558614466963	-0.0116809884335	-0.0145233965062	1.0	0.054421934993	-0.0642883534984	0.102879741226	-0.1301008637	-0.0600334598178	-0.0061117652664	0.0302261816715	0.0893201100589	-0.100615101062	-0.0871364344892	-0.0744844448118	-0.0106497955113	-0.0119425510851	-0.00723681774458	-0.00884389140384	-0.0311181739477	0.0459295070236	-0.072154747083	-0.0663885812421	0.0331933773427	0.0194984520196	-0.0562312215836	0.0481616382981	-0.0118612151957	-0.06643772885	0.0286718215647	-0.0734249041132	-0.0825705869246	0.122174570085	-0.0237244588497	0.046023348387	-0.0404938269413	0.0957591295981	-0.0902504608256	-0.0503814188685	-0.0189778960768	-0.0345610640144	-0.0802441474519	-0.0592746269718	-0.0487811985926	-0.0793834797852
k__Bacteria;p__Bacteroidetes;c__Bacteroidia;o__Bacteroidales;f__Porphyromonadaceae;g__Barnesiella;s__Barnesiella_intestinihominis	-0.0499582007176	-0.0681762421654	0.00623717000795	0.0272224179467	-0.0247215767422	-0.0420067265739	0.0413451108575	-0.0912192058824	-0.0570314453228	-0.0158652227371	-0.015981609143	-0.000170746618418	0.0714155538515	0.0703799750182	-0.0317794252926	0.00133118510531	0.0497072351446	0.054421934993	1.0	-0.0109977713317	-0.0797139335613	-0.0835614560874	0.0232277550057	0.00857140926515	-0.00851377069223	-0.0591254932649	0.0344576356229	0.0250770636293	-0.122064992196	-0.112346364705	-0.0851629824203	-0.0457067747438	-0.0209382697529	0.0268190482856	-0.0394823152667	-0.0192552391627	0.0824966016949	-0.0313740050516	-0.100663160107	-0.0689987725926	-0.0590901163088	0.0111888727421	-0.103207858491	0.0628919391951	-0.0506028076781	-0.0803253550417	-0.138591496959	-0.0874174379962	-0.0490667225767	-0.0055877893486	0.0322985519026	-0.0315904301347	0.0280643897447	-0.0252634135868	-0.0167644869677	0.024314701943	-0.121582729756	-0.0644193891285	-0.000626507291147
k__Bacteria;p__Bacteroidetes;c__Bacteroidia;o__Bacteroidales;f__Odoribacteraceae;g__Odoribacter;s__Odoribacter_splanchnicus	0.0260922211479	-0.160888181753	-0.0162952358716	-0.0301718091599	-0.080264926066	-0.113440311673	0.0275993713436	0.0331667000486	-0.0498705014567	-0.0452198550975	-0.101850968748	-0.0369910428109	0.133231798406	-0.0126745957141	0.0495676105374	-0.0316084925038	-0.020400337462	-0.0642883534984	-0.0109977713317	1.0	-0.0113918940766	-0.0203875408809	0.00981384949672	-0.10382196157	0.0307776416248	-0.109063645808	-0.00651876168814	0.00766849890364	-0.0562799604787	0.0274748841149	-0.0522793369213	0.00943436494686	-0.0397204982845	0.043914869642	-0.0683818770668	0.00130935004772	0.118834706871	0.0366087556299	0.0224659044394	-0.0118657637653	-0.0967251771809	0.0302078044329	-0.00524741180903	-0.0994588459085	-0.0446122114222	0.0798469048187	-0.0894650884205	-0.0358614029188	-0.0246365241886	-0.0270391191376	-0.118359634497	-0.0317634050463	-0.0505054604931	0.0060967628087	-0.0073741165453	-0.0833817312333	-0.124728095365	-0.0529893379613	-0.0671736702401
k__Bacteria;p__Bacteroidetes;c__Bacteroidia;o__Bacteroidales;f__Bacteroidaceae;g__Bacteroides;s__Bacteroides_salyersiae	-0.160440021783	-0.0734991754655	-0.0315213687293	0.0843088022555	-0.141651229182	0.0641902163683	-0.076700035868	-0.0589675897479	-0.0653881381319	0.000717488140351	-0.0488313984607	-0.0153633600316	-0.126015535164	0.0134017465072	-0.000155199326918	0.0108735751054	-0.0144530408339	0.102879741226	-0.0797139335613	-0.0113918940766	1.0	0.0328569001902	0.0130551663241	-0.0203501887004	-0.0593927978528	0.000442999383958	-0.0657393928913	-0.0964656914941	-0.0511234712617	-0.00203850140305	0.0126319507769	0.0023708602396	-0.0364362627595	0.12831918104	0.00921905743496	-0.112472892456	-0.263685612857	0.0101068589161	0.0081041437438	-0.134691466684	-0.0688241565277	-0.0409911995383	-0.084981098776	0.0483863671122	-0.0121329269331	0.070681943436	-0.0433199078724	-0.0264755084066	-0.0404414220065	-0.0943517136776	-0.133226753599	0.0558158256665	-0.0670398826098	-0.0411279588132	-0.0629211805375	-0.112989531384	-0.0220660999181	0.0120399625793	-0.00165533595082
k__Bacteria;p__Firmicutes;c__Clostridia;o__Clostridiales;f__Ruminococcaceae;g__Ruminiclostridium;s__[Eubacterium]_siraeum	-0.0467179700913	-0.0426205593285	-0.0648815906701	0.0650440404043	0.0152080471486	-0.0569930556172	0.00664791579731	0.0267676172892	-0.0478882233132	-0.0296187807725	-0.0992150784823	-0.0581493695147	-0.149052762709	0.00120646399007	-0.113957564084	0.0993422774185	-0.0746620544943	-0.1301008637	-0.0835614560874	-0.0203875408809	0.0328569001902	1.0	0.0151180730685	-0.0371888453118	-0.0323992741464	-0.0576298663701	0.0295883588036	-0.010260283618	-0.0304297601377	-0.145230044613	0.00359418166906	-0.0101690977875	-0.043003327491	0.0114431477894	-0.111879058866	-0.131470588527	-0.143015745428	0.0134211635707	0.133535804249	0.0217799301102	-0.112743905889	0.0220956559086	-0.0995690493542	0.0105577061228	-0.032006927135	0.0589491362716	-0.0881883000739	0.12351279174	0.0679194378116	-0.087151271259	-0.011616914392	0.0564329244917	-0.0471253882348	-0.0155455100092	-0.106848459593	-0.0432560820285	0.0710231772569	0.00876322350687	-0.0154624754537
k__Bacteria;p__Proteobacteria;c__Betaproteobacteria;o__Burkholderiales;f__Sutterellaceae;g__Parasutterella;s__Parasutterella_excrementihominis	0.0202040085324	-0.0282296439454	-0.123434888138	-0.0126433131457	-0.152873655036	-0.0969779080204	-0.182025651736	0.0197815943769	0.0762026694007	-0.134398458907	-0.00138914856436	0.0514257575054	-0.0538375036554	0.143349562644	0.0400000630039	0.025244785965	-0.0180098063314	-0.0600334598178	0.0232277550057	0.00981384949672	0.0130551663241	0.0151180730685	1.0	-0.0448534035365	-0.0552919415614	-0.0416950946639	-0.08092893264	-0.00225019963464	-0.018758989931	-0.053606571043	-0.012424774269	-0.0314795432944	0.0357358367983	-0.13524844504	-0.107591258171	-0.00478041719018	-0.0332594165717	-0.112980779156	0.010063833061	0.0148110378042	-0.116647802122	-0.0553234154535	-0.0991616347633	-0.0697318715562	0.0997791055333	-0.0719803065312	0.0753008916734	0.0611106445492	-0.0946299824894	-0.0542160335828	0.00817157589776	-0.0455447665723	-0.0473808716639	-0.0167281690533	0.106264054863	-0.103340204293	-0.0077696440167	-0.0551000811856	-0.130732894625
k__Bacteria;p__Actinobacteria;c__Actinobacteria;o__Bifidobacteriales;f__Bifidobacteriaceae;g__Bifidobacterium;s__Bifidobacterium_adolescentis	0.0682794072583	-0.0296210963979	0.0314685831138	-0.0212919738213	-0.0251550664668	-0.131797776456	-0.0115346376417	-0.123959300185	0.0101191622493	0.0126202510112	0.00799879752044	-0.0437529697919	-0.115080420412	0.0280598276226	-0.00495939114716	-0.141336315243	-0.0341615265444	-0.0061117652664	0.00857140926515	-0.10382196157	-0.0203501887004	-0.0371888453118	-0.0448534035365	1.0	-0.146654372177	0.0222708984601	0.068070800218	-0.0216704746064	-0.0800462616181	-0.0542002167352	0.016450287025	-0.0678076616634	-0.151476349326	-0.0359054156915	0.0172903894539	-0.0224683120902	-0.0856386216428	0.0775694244473	-0.0859796706544	0.0454518466879	-0.115671922206	-0.156605642212	0.0148319650712	-0.107888375186	0.0165314838712	-0.0507569065707	-0.0888410668988	0.0470389441673	-0.0403739161115	-0.0783659946238	-0.0876858200169	-0.0782259690501	-0.0226286687733	-0.0476981783825	0.069678015912	0.0593692783459	0.00162807720646	-0.00650816475772	-0.0451308090924
k__Bacteria;p__Firmicutes;c__Clostridia;o__Clostridiales;f__Oscillospiraceae;g__Oscillibacter;s__Oscillibacter_sp._KLE_1745	0.00173567465937	-0.0235874505803	-0.182793314331	-0.108002823744	0.0737126554735	0.0607675781651	-0.0682037854899	0.018744021212	0.0754802899823	0.00451248253911	-0.0259631902776	-0.00680492357407	-0.0197643294634	-0.0371782939971	-0.0225933875433	-0.0524115605361	0.0116555934119	0.0302261816715	-0.00851377069223	0.0307776416248	-0.0593927978528	-0.0323992741464	-0.0552919415614	-0.146654372177	1.0	-0.068772996239	-0.0271635845869	-0.0153215724804	-0.0330079060577	-0.011993324508	-0.0734513246443	-0.108047068818	-0.0702152932549	-0.0850209329018	-0.0882010287422	0.018759574534	-0.0301490215216	-0.0499089929447	-0.0108491953714	-0.0400465796621	-0.0217753267369	-0.0485325161551	-0.0521962222596	0.0166335124899	-0.0970902233209	-0.143339862246	-0.0288358615147	-0.0492608431526	0.0402163135386	-0.0836272200216	0.0843428824667	-0.080883348678	0.13654742503	0.104911747733	-0.0866703710098	-0.0762212578509	-0.0379012474246	-0.0265709277371	-0.0300290259779
k__Bacteria;p__Bacteroidetes;c__Bacteroidia;o__Bacteroidales;f__Bacteroidaceae;g__Bacteroides;s__Bacteroides_coprophilus	0.0995131728296	-0.121077423775	0.0250685989857	-0.0589971989444	-0.0336686237933	-0.00339390625804	0.153298788785	-0.0473948696297	-0.109469478761	0.108823622891	-0.0633127708245	0.000370920851967	0.129385103202	-0.106575495469	0.0250071500992	-0.0643587198077	-0.0636986935523	0.0893201100589	-0.0591254932649	-0.109063645808	0.000442999383958	-0.0576298663701	-0.0416950946639	0.0222708984601	-0.068772996239	1.0	-0.0761954426614	0.0210027074786	-0.138125492837	-0.0971618279022	0.00165985979871	0.00920726285977	0.0191791160941	-0.0542747861135	-0.0357056967086	-0.103627966881	-0.0654146395973	0.0268769622525	-0.0533002615239	-0.055468437049	-0.0385486535819	-0.0247907914277	-0.0591294407023	-0.0522014679737	0.000971275625393	-0.0660424815203	-0.0811917621906	0.143918792655	-0.034906746437	0.0842725486238	-0.0769308604438	0.000537817690391	0.025466186188	0.0839059935945	0.0195454779825	-0.0492706151495	0.0100408948142	-0.0162357714212	-0.087562284214
k__Bacteria;p__Firmicutes;c__Clostridia;o__Clostridiales;f__Lachnospiraceae;g__Roseburia;s__Roseburia_intestinalis	0.0788305723505	-0.0314718997337	-0.00103093728199	0.0672696613663	-0.077973177535	-0.0966060472761	-0.0277305826981	0.0335799108353	-0.075943386149	-0.0361740851741	-0.0610704072502	-0.0261660087713	0.0461133430006	0.0184772473897	-0.00733872468044	0.0822475194708	0.000505123381935	-0.100615101062	0.0344576356229	-0.00651876168814	-0.0657393928913	0.0295883588036	-0.08092893264	0.068070800218	-0.0271635845869	-0.0761954426614	1.0	-0.0386413368001	0.101755736649	0.0583267717691	-0.0579483235418	-0.0104159600531	-0.142063353824	0.0505108127433	0.0240809414547	-0.0346677274479	0.037881058766	-0.0413976008311	0.0008891893728	0.0264270626531	-0.0259390474069	-0.140057102192	-0.0861604100598	-0.0489041828344	-0.0964894171767	-0.068564031052	-0.0559591366538	-0.0349847336463	-0.0428592776089	-0.0407919080322	-0.0507458460147	0.0233645217225	-0.0961146991694	0.00218083976361	0.0257549313695	-0.0574147304326	-0.0687347576089	-0.121109364741	-0.0235782118524
k__Bacteria;p__Firmicutes;c__Clostridia;o__Clostridiales;f__Lachnospiraceae;g__Roseburia;s__Roseburia_hominis	0.104015864704	-0.0383904013555	-0.0614713993898	-0.0708651873427	0.0878546543895	0.0514761604987	0.0549821221371	-0.00724626728436	0.0292688764995	0.00146480157473	-0.0794815637197	-0.0457827407381	0.0560114060185	-0.00111136290684	-0.0658994826114	-0.0325968484365	-0.0192807780359	-0.0871364344892	0.0250770636293	0.00766849890364	-0.0964656914941	-0.010260283618	-0.00225019963464	-0.0216704746064	-0.0153215724804	0.0210027074786	-0.0386413368001	1.0	0.00535096145885	0.110156754725	-0.0886436896888	-0.11960140458	-0.0942101614545	-0.0363379489488	0.0268730566447	-0.0119261360684	0.0459537281602	-0.0585105557589	0.0687144276157	-0.0525884275132	-0.141983019989	-0.0943193714334	0.065151068402	0.0127024183543	0.0592837848685	-0.028992253331	0.0511625184718	0.00656407487574	0.0299501766434	-0.154364887811	0.00284512965828	-0.12984679012	-0.0551234202384	-0.0631039715734	0.0393414904917	0.00376900701601	-0.123246061259	-0.132404307894	0.0674284494942
k__Bacteria;p__Bacteroidetes;c__Bacteroidia;o__Bacteroidales;f__Porphyromonadaceae;g__Parabacteroides;s__Parabacteroides_johnsonii	-0.0571811012154	0.044269641059	-0.0731491284133	-0.057081904445	-0.118578433871	-0.0654027550989	-0.0184724936073	-0.0242292634394	-0.0534595380479	-0.0453481361892	-0.0969350696213	-0.0862761859752	-0.00750198273719	-0.132244218944	0.0364674001685	-0.0703238430195	-0.168104727184	-0.0744844448118	-0.122064992196	-0.0562799604787	-0.0511234712617	-0.0304297601377	-0.018758989931	-0.0800462616181	-0.0330079060577	-0.138125492837	0.101755736649	0.00535096145885	1.0	-0.00316567534636	-0.076778557499	-0.0595932202474	-0.0866861478644	-0.00171289236882	0.0533070230617	0.0631761564952	-0.065921997628	-0.0859687116567	0.0529666347233	-0.0411985026434	0.0503312757437	-0.00857542515557	-0.00744581314682	-0.0489217771946	-0.0774160697179	-0.0137901572698	-0.0292632548778	0.0220715314791	-0.0407552541098	-0.00133562815457	-0.0524849999428	-0.0394890942473	-0.0497755775679	-0.0867609271643	0.0174411147019	0.081197102217	-0.00257189410992	0.0017098286272	-0.0579340264322
k__Bacteria;p__Actinobacteria;c__Actinobacteria;o__Bifidobacteriales;f__Bifidobacteriaceae;g__Bifidobacterium;s__Bifidobacterium_longum	0.0271788534323	0.0825569969223	0.0356060587332	0.0259109876134	-0.0906994382406	-0.0627378979663	-0.0782602190964	0.108133097792	0.0205720283873	0.0114077176138	-0.121327005878	-0.0497209653622	0.0251651274559	0.00755839752184	-0.0254993364708	-0.0610517886511	-0.031596537076	-0.0106497955113	-0.112346364705	0.0274748841149	-0.00203850140305	-0.145230044613	-0.053606571043	-0.0542002167352	-0.011993324508	-0.0971618279022	0.0583267717691	0.110156754725	-0.00316567534636	1.0	0.00880760980239	-0.0854979493008	-0.103581131509	-0.106214116749	0.0493787770837	-0.0331218724854	0.0724734655779	-0.0673170726515	-0.0725628664185	0.0236487594829	-0.110619693981	-0.00235672825626	0.00571476888763	-0.143259438387	0.00794119971167	-0.0165454661739	-0.169899197431	-0.0751682730169	-0.0812751163842	-0.128697340005	-0.0823867975253	-0.0705164549135	0.0217222338171	-0.12191719977	-0.0433653636295	-0.0796698023492	0.103567112133	0.022563746285	0.0239739228183
