#taxonomy	k__Bacteria;p__Bacteroidetes;c__Bacteroidia;o__Bacteroidales;f__Bacteroidaceae;g__Bacteroides;s__Bacteroides_vulgatus	k__Bacteria;p__Bacteroidetes;c__Bacteroidia;o__Bacteroidales;f__Bacteroidaceae;g__Bacteroides;s__Bacteroides_uniformis	k__Bacteria;p__Bacteroidetes;c__Bacteroidia;o__Bacteroidales;f__Rikenellaceae;g__Alistipes;s__Alistipes_putredinis	k__Bacteria;p__Bacteroidetes;c__Bacteroidia;o__Bacteroidales;f__Prevotellaceae;g__Prevotella;s__Prevotella_copri	k__Bacteria;p__Bacteroidetes;c__Bacteroidia;o__Bacteroidales;f__Bacteroidaceae;g__Bacteroides;s__Bacteroides_stercoris	k__Bacteria;p__Bacteroidetes;c__Bacteroidia;o__Bacteroidales;f__Bacteroidaceae;g__Bacteroides;s__Bacteroides_ovatus	k__Bacteria;p__Bacteroidetes;c__Bacteroidia;o__Bacteroidales;f__Rikenellaceae;g__Alistipes;s__Alistipes_shahii	k__Bacteria;p__Firmicutes;c__Clostridia;o__Clostridiales;f__Ruminococcaceae;g__Faecalibacterium;s__Faecalibacterium_prausnitzii	k__Bacteria;p__Bacteroidetes;c__Bacteroidia;o__Bacteroidales;f__Rikenellaceae;g__Alistipes;s__Alistipes_finegoldii	k__Bacteria;p__Bacteroidetes;c__Bacteroidia;o__Bacteroidales;f__Porphyromonadaceae;g__Parabacteroides;s__Parabacteroides_distasonis	k__Bacteria;p__Bacteroidetes;c__Bacteroidia;o__Bacteroidales;f__Bacteroidaceae;g__Bacteroides;s__Bacteroides_thetaiotaomicron	k__Bacteria;p__Bacteroidetes;c__Bacteroidia;o__Bacteroidales;f__Bacteroidaceae;g__Bacteroides;s__Bacteroides_coprocola	k__Bacteria;p__Bacteroidetes;c__Bacteroidia;o__Bacteroidales;f__Bacteroidaceae;g__Bacteroides;s__Bacteroides_cellulosilyticus	k__Bacteria;p__Bacteroidetes;c__Bacteroidia;o__Bacteroidales;f__Rikenellaceae;g__Alistipes;s__Alistipes_obesi	k__Bacteria;p__Firmicutes;c__Clostridia;o__Clostridiales;f__Lachnospiraceae;g__;s__[Eubacterium]_rectale	k__Bacteria;p__Bacteroidetes;c__Bacteroidia;o__Bacteroidales;f__Bacteroidaceae;g__Bacteroides;s__Bacteroides_plebeius	k__Bacteria;p__Bacteroidetes;c__Bacteroidia;o__Bacteroidales;f__Bacteroidaceae;g__Bacteroides;s__Bacteroides_fragilis	k__Bacteria;p__Proteobacteria;c__Betaproteobacteria;o__Burkholderiales;f__Sutterellaceae;g__Sutterella;s__Sutterella_wadsworthensis	k__Bacteria;p__Bacteroidetes;c__Bacteroidia;o__Bacteroidales;f__Porphyromonadaceae;g__Barnesiella;s__Barnesiella_intestinihominis	k__Bacteria;p__Bacteroidetes;c__Bacteroidia;o__Bacteroidales;f__Odoribacteraceae;g__Odoribacter;s__Odoribacter_splanchnicus	k__Bacteria;p__Bacteroidetes;c__Bacteroidia;o__Bacteroidales;f__Bacteroidaceae;g__Bacteroides;s__Bacteroides_salyersiae	k__Bacteria;p__Firmicutes;c__Clostridia;o__Clostridiales;f__Ruminococcaceae;g__Ruminiclostridium;s__[Eubacterium]_siraeum	k__Bacteria;p__Proteobacteria;c__Betaproteobacteria;o__Burkholderiales;f__Sutterellaceae;g__Parasutterella;s__Parasutterella_excrementihominis	k__Bacteria;p__Actinobacteria;c__Actinobacteria;o__Bifidobacteriales;f__Bifidobacteriaceae;g__Bifidobacterium;s__Bifidobacterium_adolescentis	k__Bacteria;p__Firmicutes;c__Clostridia;o__Clostridiales;f__Oscillospiraceae;g__Oscillibacter;s__Oscillibacter_sp._KLE_1745	k__Bacteria;p__Bacteroidetes;c__Bacteroidia;o__Bacteroidales;f__Bacteroidaceae;g__Bacteroides;s__Bacteroides_coprophilus	k__Bacteria;p__Firmicutes;c__Clostridia;o__Clostridiales;f__Lachnospiraceae;g__Roseburia;s__Roseburia_intestinalis	k__Bacteria;p__Firmicutes;c__Clostridia;o__Clostridiales;f__Lachnospiraceae;g__Roseburia;s__Roseburia_hominis	k__Bacteria;p__Bacteroidetes;c__Bacteroidia;o__Bacteroidales;f__Porphyromonadaceae;g__Parabacteroides;s__Parabacteroides_johnsonii	k__Bacteria;p__Actinobacteria;c__Actinobacteria;o__Bifidobacteriales;f__Bifidobacteriaceae;g__Bifidobacterium;s__Bifidobacterium_longum	k__Bacteria;p__Firmicutes;c__Clostridia;o__Clostridiales;f__;g__Flavonifractor;s__Flavonifractor_plautii	k__Bacteria;p__Firmicutes;c__Clostridia;o__Clostridiales;f__Clostridiaceae;g__Clostridium;s__Clostridium_phoceensis	k__Bacteria;p__Verrucomicrobia;c__Verrucomicrobiae;o__Verrucomicrobiales;f__Akkermansiaceae;g__Akkermansia;s__Akkermansia_muciniphila	k__Bacteria;p__Bacteroidetes;c__Bacteroidia;o__Bacteroidales;f__Prevotellaceae;g__Paraprevotella;s__Paraprevotella_xylaniphila	k__Bacteria;p__Firmicutes;c__Clostridia;o__Clostridiales;f__Ruminococcaceae;g__Ruminococcus;s__Ruminococcus_callidus	k__Bacteria;p__Bacteroidetes;c__Bacteroidia;o__Bacteroidales;f__Rikenellaceae;g__Alistipes;s__Alistipes_senegalensis	k__Bacteria;p__Firmicutes;c__Clostridia;o__Clostridiales;f__Lachnospiraceae;g__Blautia;s__Blautia_sp._KLE_1732	k__Bacteria;p__Bacteroidetes;c__Bacteroidia;o__Bacteroidales;f__Bacteroidaceae;g__Bacteroides;s__Bacteroides_oleiciplenus	k__Bacteria;p__Firmicutes;c__Clostridia;o__Clostridiales;f__Ruminococcaceae;g__Ruminococcus;s__Ruminococcus_bicirculans	k__Bacteria;p__Bacteroidetes;c__Bacteroidia;o__Bacteroidales;f__Bacteroidaceae;g__Bacteroides;s__Bacteroides_fluxus	k__Bacteria;p__Bacteroidetes;c__Bacteroidia;o__Bacteroidales;f__Prevotellaceae;g__Prevotella;s__Prevotella_stercorea	k__Bacteria;p__Firmicutes;c__Clostridia;o__Clostridiales;f__Lachnospiraceae;g__Dorea;s__Dorea_longicatena	k__Bacteria;p__Firmicutes;c__Clostridia;o__Clostridiales;f__Eubacteriaceae;g__Eubacterium;s__[Eubacterium]_eligens	k__Bacteria;p__Firmicutes;c__Clostridia;o__Clostridiales;f__Ruminococcaceae;g__;s__Ruminococcaceae_bacterium_D16	k__Bacteria;p__Firmicutes;c__Clostridia;o__Clostridiales;f__Lachnospiraceae;g__Coprococcus;s__Coprococcus_comes	k__Bacteria;p__Proteobacteria;c__Gammaproteobacteria;o__Enterobacterales;f__Enterobacteriaceae;g__Escherichia;s__Escherichia_coli	k__Bacteria;p__Firmicutes;c__Clostridia;o__Clostridiales;f__Ruminococcaceae;g__Anaerotruncus;s__Anaerotruncus_colihominis	k__Bacteria;p__Firmicutes;c__Clostridia;o__Clostridiales;f__Lachnospiraceae;g__Blautia;s__Blautia_obeum	k__Bacteria;p__Bacteroidetes;c__Bacteroidia;o__Bacteroidales;f__Odoribacteraceae;g__Odoribacter;s__Odoribacter_laneus	k__Bacteria;p__Firmicutes;c__Clostridia;o__Clostridiales;f__Ruminococcaceae;g__Ruminiclostridium;s__[Clostridium]_leptum	k__Bacteria;p__Bacteroidetes;c__Bacteroidia;o__Bacteroidales;f__Porphyromonadaceae;g__Parabacteroides;s__Parabacteroides_goldsteinii	k__Bacteria;p__Firmicutes;c__Clostridia;o__Clostridiales;f__Lachnospiraceae;g__Anaerostipes;s__Anaerostipes_hadrus	k__Bacteria;p__Firmicutes;c__Clostridia;o__Clostridiales;f__Ruminococcaceae;g__Ruminococcus;s__Ruminococcus_lactaris	k__Bacteria;p__Firmicutes;c__Clostridia;o__Clostridiales;f__Clostridiaceae;g__Clostridium;s__Clostridium_sp._L2-50	k__Bacteria;p__Firmicutes;c__Clostridia;o__Clostridiales;f__Clostridiaceae;g__Clostridium;s__Clostridium_sp._M62/1	k__Bacteria;p__Firmicutes;c__Clostridia;o__Clostridiales;f__;g__Intestinimonas;s__Intestinimonas_butyriciproducens	k__Bacteria;p__Actinobacteria;c__Actinobacteria;o__Bifidobacteriales;f__Bifidobacteriaceae;g__Bifidobacterium;s__Bifidobacterium_bifidum	k__Bacteria;p__Firmicutes;c__Negativicutes;o__Veillonellales;f__Veillonellaceae;g__Dialister;s__Dialister_invisus	k__Bacteria;p__Bacteroidetes;c__Bacteroidia;o__Bacteroidales;f__Bacteroidaceae;g__Bacteroides;s__Bacteroides_salanitronis
k__Bacteria;p__Bacteroidetes;c__Bacteroidia;o__Bacteroidales;f__Bacteroidaceae;g__Bacteroides;s__Bacteroides_vulgatus	1.0	-0.0706181489424	0.0320686563342	0.0210652983048	-0.118272755412	-0.076850178461	0.0535766357389	-0.0477990349146	-0.0513131650788	-0.12637909749	-0.0649995911841	-0.00453449373966	-0.0141961654026	0.0502143049773	0.000686625182894	-0.049258127849	-0.00132043620483	-0.0342720855074	-0.012934010558	-0.0244562263712	-0.0636723839409	-0.132697798193	0.0415368210761	-0.176424922629	0.017380476274	-0.0193758835619	-0.0569201379312	-0.123431029459	-0.0758967017519	-0.121237713675	-0.0456670175129	-0.129550506009	-0.0365227819441	-0.0826541006486	0.024770533617	-0.144833468863	0.072998473513	-0.110675377658	-0.0614213883566	-0.0958676630738	-0.0207121530607	-0.0624913946303	0.0148012459157	-0.000821601448498	0.065067664369	-0.128147268902	0.0511979910367	-0.0667731937123	-0.0363193157163	-0.0357892945701	-0.117647346476	-0.0725216769027	0.0582812920398	0.0176958361824	-0.106196365143	0.0777225025115	0.0184007323528	0.0243807554911	0.0198365094616
k__Bacteria;p__Bacteroidetes;c__Bacteroidia;o__Bacteroidales;f__Bacteroidaceae;g__Bacteroides;s__Bacteroides_uniformis	-0.0706181489424	1.0	-0.00297198973584	-0.0308585882181	-0.0407533287768	-0.104751113548	-0.0230122082853	-0.00856462788718	-0.0986240795394	-0.153357886323	0.00780411118001	-0.00923462345351	-0.0904667120312	-0.0309923558445	0.0617762041634	0.000708231837953	-0.0417450165261	-0.0834466569103	-0.00161286012348	0.0269765889179	0.0426250779099	0.0414278389989	-0.0390271475633	-0.0885499210883	-0.0448214336001	0.00369990158563	-0.0689774267329	-0.045384335128	-0.0316743569816	-0.083488744196	-0.0738344883054	-0.00852321789882	-0.12985645941	-0.00413500874953	-0.0604558983991	-0.0521984784121	-0.102312596357	-0.0789855038325	0.0219385888164	-0.0565740907079	0.0114867326253	-0.0050424874956	0.0413759642288	-0.083934506142	0.0261409690281	-0.0459319916334	-0.10636833709	0.037401519056	-0.0529341263213	-0.028291224398	0.0397211199343	0.0787191186444	-0.0610963874719	-0.0576310871529	-0.189243485156	-0.0136601227233	-0.102091784385	-0.111514038288	-0.0295249600012
k__Bacteria;p__Bacteroidetes;c__Bacteroidia;o__Bacteroidales;f__Rikenellaceae;g__Alistipes;s__Alistipes_putredinis	0.0320686563342	-0.00297198973584	1.0	-0.026440466955	-0.039050855948	0.000477535938083	-0.00601192889747	-0.0286043264457	0.0784630698991	-0.0327329153562	-0.0265972759329	-0.0207770495859	0.103103062712	-0.0200203130021	0.100282032389	-0.107229003963	-0.179702806614	-0.00158776861482	-0.0105561563748	-0.0134766166098	-0.0436857389814	-0.0113490282266	0.00129932698409	-0.074717237789	-0.0787310411702	0.0194456428619	-0.0848466218509	0.00810195568042	-0.0209206752366	-0.0343940463118	-0.127306974319	-0.0462073990907	-0.0496756271905	-0.0188117136166	0.0741514904826	-0.0851044684823	-0.0427823012086	-0.0481360122034	0.00173020195735	-0.111096238587	-0.1309100466	0.00299555355877	-0.123345599024	-0.0904660583268	-0.176581554588	-0.0264703936107	-0.0270423228425	-0.0522669290351	-0.0350943597929	-0.0513250095744	0.0227764062008	-0.0440057481125	0.0381829238441	0.0103593056952	0.0196226550173	0.0341330101231	-0.111513517817	-0.0579209459249	-0.0993281541586
k__Bacteria;p__Bacteroidetes;c__Bacteroidia;o__Bacteroidales;f__Prevotellaceae;g__Prevotella;s__Prevotella_copri	0.0210652983048	-0.0308585882181	-0.026440466955	1.0	-0.101805516804	-0.0906255742051	0.0615292504051	-0.100084406018	-0.0207022236633	0.124643120836	-0.0542367486738	0.02905652068	-0.030933090191	0.0487246120997	-0.110191896146	0.0356907764147	-0.0453973411625	-0.130302012457	-0.043273697786	-0.0933455485133	0.0205795563958	-0.0714639039611	0.0130866335675	0.0417171585588	-0.183675478967	0.00514950645378	-0.000110260547355	-0.0690188705127	-0.0438341896538	0.105365095729	-0.000856819333579	-0.0919700507737	0.0152217415721	-0.0254335970023	-0.0518603877797	-0.0651100126401	0.189048973805	-0.0653735367248	-0.0184427699716	-0.00865103434159	0.0271411755199	-0.0101837954167	0.0393511768375	-0.0510118466757	0.0645791567788	-0.0810153998248	-0.0559755507653	-0.079174339732	0.000618699394013	-0.0817352206137	-0.122601416858	0.0677044371312	-0.0208453038107	-0.0130230980734	-0.0252234719169	0.0421632663907	-0.0312408246666	0.0364675253686	-0.0957397751823
k__Bacteria;p__Bacteroidetes;c__Bacteroidia;o__Bacteroidales;f__Bacteroidaceae;g__Bacteroides;s__Bacteroides_stercoris	-0.118272755412	-0.0407533287768	-0.039050855948	-0.101805516804	1.0	-0.0780636374859	-0.114936294167	-0.0392050304476	0.0768144731787	-0.0976581380019	-0.209384705734	-0.0420319641429	0.0677254712228	0.0471204789168	-0.0795374141176	-0.040999201533	0.00667868871751	-0.032660449432	-0.025787908212	0.0131253752692	-0.0442523781793	0.0750809390379	-0.0469473089444	0.0419356628812	-0.0231654775103	-0.0792323006532	-0.0740280281961	-0.088125775593	0.075585982849	-0.0631533039865	-0.0901063263581	-0.0659444293563	-0.0056923980349	-0.0312603313845	0.0215817239364	0.025059973551	-0.143090146132	0.00398184446845	-0.0909843160259	0.0323085788144	-0.00530854419907	-0.0855476410792	0.0169245163406	-0.00142115507352	-0.086907748693	-0.0973475769531	-0.110994644218	-0.104549903758	-0.0851431099268	-0.044754008925	-0.154405068887	-0.0171309620616	0.0442634085345	-0.0537578730519	0.0129087941607	-0.0259993174374	0.0464187513851	-0.0269766076497	-0.0896378970126
k__Bacteria;p__Bacteroidetes;c__Bacteroidia;o__Bacteroidales;f__Bacteroidaceae;g__Bacteroides;s__Bacteroides_ovatus	-0.076850178461	-0.104751113548	0.000477535938083	-0.0906255742051	-0.0780636374859	1.0	-0.0206217610465	-0.0395507518291	0.0101318873385	-0.108033693076	-0.0786536366175	-0.0825971213263	0.0460229252967	-0.0219229451657	0.000688338617771	-0.10124548579	-0.0526342105395	-0.0277500476069	0.0685189684038	0.00382742561087	0.00305833456792	-0.0521913801553	-0.144679572976	-0.0123194532544	0.0909271251795	-0.0216482042418	0.0847436267912	-0.160481637762	0.0150962337747	0.00971713299941	-0.0358032828064	0.107832199386	-0.0786180985073	-0.0206474686485	-0.0426204109052	-0.00746631784589	-0.0806738141991	-0.107913852634	0.0372055351735	-0.0613152011022	0.113838485428	0.0616110333207	0.0617315556748	-0.0241369518519	0.162668818098	0.0660090840365	-0.0811339557469	-0.0404030551789	-0.0141796477953	0.00973158916087	-0.122516377818	-0.0188893580229	-0.0539184691242	-0.0512736190862	0.101794187503	0.0342722452932	-0.0023784957229	-0.155162080174	-0.0610790101663
k__Bacteria;p__Bacteroidetes;c__Bacteroidia;o__Bacteroidales;f__Rikenellaceae;g__Alistipes;s__Alistipes_shahii	0.0535766357389	-0.0230122082853	-0.00601192889747	0.0615292504051	-0.114936294167	-0.0206217610465	1.0	-0.0506331840188	0.0245773383439	-0.0221559189562	-0.142037072541	-0.00183252481049	-0.10037315636	0.0418946711752	0.0505275871474	0.0541751275015	-0.216961083048	-0.0439042554076	0.0274818857369	-0.0989019657858	-0.138112179943	0.0127366686465	-0.0421300221511	-0.086821253947	-0.0697519650727	-0.10819911977	0.02774412579	-0.0353106047796	-0.0180599530633	-0.0686982047688	0.0216021343362	0.0686075802883	0.0778548774891	0.0144150472339	-0.0401676218556	-0.0735809897988	-0.00965910079831	0.0057802396003	-0.0104894655494	-0.00802104894596	0.0388317371278	-0.0135744525413	0.00698185368615	-0.0503700349326	-0.0432008799048	-0.0739768048288	-0.000956377571232	-0.0986244702057	-0.0544668944622	0.0184642611217	-0.165544347653	0.0308345753873	-0.101400252361	-0.0242077531164	-0.0377395257298	-0.0220241773066	-0.0693232612002	0.0582012037386	-0.0628227642538
k__Bacteria;p__Firmicutes;c__Clostridia;o__Clostridiales;f__Ruminococcaceae;g__Faecalibacterium;s__Faecalibacterium_prausnitzii	-0.0477990349146	-0.00856462788718	-0.0286043264457	-0.100084406018	-0.0392050304476	-0.0395507518291	-0.0506331840188	1.0	-0.000722450104891	-0.0201839856591	0.00608230488468	-0.135296544232	-0.00968977993498	0.0345468553197	0.0152897044552	-0.00436011322404	-0.057501930229	0.108615605327	-0.0387518835838	-0.0223063902221	-0.142163260834	-0.0349039815903	0.0112775490616	0.052096053256	-0.120068350535	-0.109418524107	-0.105683417189	-0.0778052848031	0.0239704232127	-0.0872751522478	0.0265517469021	-0.00415788451315	-0.00588198036825	0.00159735749022	0.0308784992254	-0.0396628779063	0.0526259494104	-0.0464312435688	0.0280225693125	-0.055148049753	0.0490596985579	0.0969136438164	-0.0498552130801	-0.0867793243384	0.0425396764548	0.0865904627186	-0.0686302835041	-0.00041116076394	-0.153298160773	0.0054545071691	0.030862471344	-0.00526194357214	-0.03641868425	-0.0190984810136	-0.0605377454746	0.0847103836556	-0.105206379223	0.0322885004724	-0.135116739333
k__Bacteria;p__Bacteroidetes;c__Bacteroidia;o__Bacteroidales;f__Rikenellaceae;g__Alistipes;s__Alistipes_finegoldii	-0.0513131650788	-0.0986240795394	0.0784630698991	-0.0207022236633	0.0768144731787	0.0101318873385	0.0245773383439	-0.000722450104891	1.0	-0.0531395237745	0.0687498236786	-0.129644894706	-0.00888089067691	0.026796304054	-0.0452069826126	-0.0375030797116	-0.0005775549838	-0.00803517358029	-0.0576297677601	-0.149130662834	-0.0121744581372	0.0514476052681	-0.0825980340989	-0.175421340024	-0.0334677006853	0.113017089031	-0.139505933255	-0.0294260207746	-0.0739740901325	-0.183339957059	-0.0588911639171	0.0220389753488	0.127072305124	-0.0302806811815	0.11129182992	0.00951353465646	-0.129038300145	-0.0546848872736	-0.0811587188553	-0.0101784257938	-0.0650159215376	-0.0294680855314	-0.0391798747656	0.0638919200396	-0.110098447035	-0.0455859866408	-0.0563952372094	0.0506096374145	0.0476614327197	0.0325678067486	0.0451584608867	0.00432828256134	0.0731252210229	-0.119972534391	-0.103572202474	-0.0155110965243	-0.108450818626	-0.0394770457414	-0.0609824416764
k__Bacteria;p__Bacteroidetes;c__Bacteroidia;o__Bacteroidales;f__Porphyromonadaceae;g__Parabacteroides;s__Parabacteroides_distasonis	-0.12637909749	-0.153357886323	-0.0327329153562	0.124643120836	-0.0976581380019	-0.108033693076	-0.0221559189562	-0.0201839856591	-0.0531395237745	1.0	-0.111688043848	0.0252712166169	-0.0888947051007	-0.125311182274	-0.186889729633	-0.018446895616	-0.0917433341028	0.0999508613757	-0.0233489730213	-0.142639898175	0.0281208555971	-0.0238677704517	-0.0465729716864	0.01540545155	-0.0244777173877	-0.0127520811338	-0.0150907813413	0.0367609827552	0.0193926047016	0.0298465580758	-0.03876923134	0.0151688182396	0.0947523287267	0.037453154478	-0.0355782776194	0.0285907282589	-0.0484359408882	0.108625550439	-0.0398083758483	0.030786917063	-0.152868263982	-0.10315745481	-0.142579002191	0.0487327673813	0.0553604862339	-0.131136777196	-0.00161082882139	-0.0149319936919	0.0338609048074	-0.0836670993367	-0.0691968550509	0.0177156225261	-0.0273604907073	-0.024345947923	-0.0834057480379	-0.060111117546	-0.00044857820547	-0.060750165598	-0.103084496902
k__Bacteria;p__Bacteroidetes;c__Bacteroidia;o__Bacteroidales;f__Bacteroidaceae;g__Bacteroides;s__Bacteroides_thetaiotaomicron	-0.0649995911841	0.00780411118001	-0.0265972759329	-0.0542367486738	-0.209384705734	-0.0786536366175	-0.142037072541	0.00608230488468	0.0687498236786	-0.111688043848	1.0	-0.0177819342632	0.0604867424788	-0.0580542446348	-0.0149463659834	-0.100717488131	0.0784632345312	0.0666554023992	-0.0824789876089	-0.166420575685	0.0855026693465	-0.0623069970444	0.127208411193	-0.121757664021	-0.0225257529916	-0.0664150129593	0.0175115692921	0.0573982602476	0.0234520246573	-0.0787546309147	-0.0157818954404	-0.103058969309	-0.00976375244447	0.0803230816393	-0.00217557247452	0.0272422741723	-0.063101494005	-0.124405138864	0.119647986688	-0.127965826441	0.0141488271661	0.0396450252957	0.0112829294895	-0.0417846827597	0.0177687494077	0.0775351153917	-0.101913185321	0.0213106175471	-0.0399128510712	-0.068937298467	0.0628818753755	0.0611976174729	0.0349906018503	-0.0967435738894	0.000747449623593	-0.0980714068477	-0.0340613966016	-0.0199581926951	-0.0279438555359
k__Bacteria;p__Bacteroidetes;c__Bacteroidia;o__Bacteroidales;f__Bacteroidaceae;g__Bacteroides;s__Bacteroides_coprocola	-0.00453449373966	-0.00923462345351	-0.0207770495859	0.02905652068	-0.0420319641429	-0.0825971213263	-0.00183252481049	-0.135296544232	-0.129644894706	0.0252712166169	-0.0177819342632	1.0	0.0357435750635	-0.089846757195	-0.0897751051772	-0.0532920505891	-0.0411781663511	-0.0580477663026	-0.041853932491	-0.0103209525927	0.0595620393806	0.0678264916094	-0.0889341013449	0.0601645748399	0.00141942625675	-0.0598123965027	-0.116912837875	-0.0807960560635	-0.0675746327786	0.130302708314	-0.0946709299793	0.0627908757163	0.0167014426088	-0.0396486392367	0.00589910617127	-0.141221888364	-0.00434588711356	-0.0982865224677	-0.04918455262	-0.030143190462	0.0100246139035	-0.0603483218647	-0.0315758873776	-0.153498726963	-0.0680971715948	0.0614887267451	-0.00300346384448	-0.0838575104338	0.0026912619931	-0.0108086143302	-0.128157067225	-0.0257168554419	-0.11393207817	0.0347968868632	-0.040121124256	0.0213412789794	-0.087934409183	0.0089706567221	0.0214630725404
k__Bacteria;p__Bacteroidetes;c__Bacteroidia;o__Bacteroidales;f__Bacteroidaceae;g__Bacteroides;s__Bacteroides_cellulosilyticus	-0.0141961654026	-0.0904667120312	0.103103062712	-0.030933090191	0.0677254712228	0.0460229252967	-0.10037315636	-0.00968977993498	-0.00888089067691	-0.0888947051007	0.0604867424788	0.0357435750635	1.0	0.0107150125656	-0.00551475310525	-0.0606772804228	0.0784344582606	-0.00891620405062	-0.0652182040361	-0.0498795508308	-0.106698465948	0.0365395629697	-0.0503347269128	0.0689751438213	0.0767167760858	-0.0348159237822	-0.133722828354	-0.126659725064	-0.114352644383	-0.0604671607128	-0.0102459571426	-0.0906674796334	-0.0540100668106	-0.00245572965877	0.0658916726255	-0.17547259288	0.00736665738819	-0.0327698706657	-0.162885358308	-0.0541223599326	0.00699205299964	0.00266816683365	-0.096615185521	-0.00236599164686	0.00876129222856	-0.132429492612	0.0190706051969	-0.0412198966081	-0.00185333942467	-0.0154311929952	-0.143324409168	-0.0163471300236	-0.150894837501	-0.0560888694564	-0.0478409171866	-0.0915602716424	-0.0720051881062	0.0206021603964	-0.0391274143346
k__Bacteria;p__Bacteroidetes;c__Bacteroidia;o__Bacteroidales;f__Rikenellaceae;g__Alistipes;s__Alistipes_obesi	0.0502143049773	-0.0309923558445	-0.0200203130021	0.0487246120997	0.0471204789168	-0.0219229451657	0.0418946711752	0.0345468553197	0.026796304054	-0.125311182274	-0.0580542446348	-0.089846757195	0.0107150125656	1.0	-0.0816640988756	-0.0157277807304	0.00289746340429	0.0369042946739	-0.171956180617	-0.0900816233612	-0.0508294932148	-0.133804308386	0.0047006409817	-0.00102229823627	-0.0969172722056	-0.0496355340943	-0.115823801093	-0.0202304805513	-0.0899498192615	0.0172097137989	-0.0449769786603	0.0243773499192	0.0125956687947	0.0744132824881	-0.0971901479513	-0.0443163902339	-0.0622445510169	-0.0586216416537	-0.0102223982515	-0.0623290778922	-0.0425324148451	-0.0407634960672	-0.000267929651826	-0.0871713144895	-0.00496309485677	-0.0268239941862	-0.00840508686297	-0.181019689344	0.0312212348189	0.0960356823743	-0.175906187575	-0.0208011708834	-0.122924689504	0.0389146688383	-0.175261375848	0.0109959025429	-0.0537097590936	0.0370510623375	0.0925368603821
k__Bacteria;p__Firmicutes;c__Clostridia;o__Clostridiales;f__Lachnospiraceae;g__;s__[Eubacterium]_rectale	0.000686625182894	0.0617762041634	0.100282032389	-0.110191896146	-0.0795374141176	0.00068833861777	0.0505275871474	0.0152897044552	-0.0452069826126	-0.186889729633	-0.0149463659834	-0.0897751051772	-0.00551475310525	-0.0816640988756	1.0	-0.073118418122	-0.0142167765467	-0.0423021447853	-0.0422172566185	-0.00847346545113	-0.0107241408638	0.0997687206478	-0.0733078999333	-0.0309076390911	-0.0760412393672	-0.100582423676	-0.0706453448003	-0.0283593935173	-0.0599327041307	0.0431049801649	-0.0505947331839	-0.0926549727502	-0.0198641302514	-0.0716031172214	-0.0807372007735	0.120172206511	-0.0815419887272	-0.0122607843156	0.0392076039461	-0.0594108097683	0.013981221764	0.0381306433814	0.0644924107879	-0.0609659116317	-0.0576203918012	-0.0799838852882	0.0322466316306	0.0907461680884	0.000364912259274	-0.0625612781924	0.0187517339265	-0.0720154042057	-0.0545759686009	-0.106215188617	0.0300183113149	-0.077935231433	-0.045621184421	0.00611534848362	-0.126649181453
k__Bacteria;p__Bacteroidetes;c__Bacteroidia;o__Bacteroidales;f__Bacteroidaceae;g__Bacteroides;s__Bacteroides_plebeius	-0.049258127849	0.000708231837953	-0.107229003963	0.0356907764147	-0.040999201533	-0.10124548579	0.0541751275015	-0.00436011322404	-0.0375030797116	-0.018446895616	-0.100717488131	-0.0532920505891	-0.0606772804228	-0.0157277807304	-0.073118418122	1.0	-0.0660347958142	-0.119197819723	-0.0300047055033	-0.0274176359049	-0.136303637099	-0.00210521273099	-0.0548076467193	0.0054140972288	-0.0958759218738	-0.152495820569	-0.0640522942629	-0.00464578699896	-0.0829925987509	-0.0419078307848	0.0748220890515	-0.0571669323575	0.0781569774597	-0.046046057567	-0.070196206172	-0.00149118972871	-0.0902261717139	0.0765438184421	0.0436545819356	0.030987538543	-0.076104732447	-0.0117681619599	-0.119729224155	-0.113210581425	0.0173404820361	-0.0353102714658	-0.0334589803495	-0.0771662814386	-0.140360768517	-0.00328474701031	-0.111665914649	-0.110687465199	0.0321764864343	0.0222866222757	0.0234828012145	0.0805898870792	-0.0351060170548	-0.0432729568079	-0.0332460783384
k__Bacteria;p__Bacteroidetes;c__Bacteroidia;o__Bacteroidales;f__Bacteroidaceae;g__Bacteroides;s__Bacteroides_fragilis	-0.00132043620483	-0.0417450165261	-0.179702806614	-0.0453973411625	0.00667868871751	-0.0526342105395	-0.216961083048	-0.057501930229	-0.0005775549838	-0.0917433341028	0.0784632345312	-0.0411781663511	0.0784344582606	0.00289746340429	-0.0142167765467	-0.0660347958142	1.0	0.00964100445311	-0.0805371856455	-0.0295292258107	-0.113170283876	-0.00415542018935	-0.0159281938763	-0.00486300113235	0.0566579786169	-0.0177044785506	0.0489132648897	-0.0638929620224	-0.177053978102	0.0303977556209	0.038802597402	-0.0696595957202	0.110167864241	0.0450665968324	-0.0355132697918	-0.00133864504854	-0.0853198043552	-0.0198251997161	-0.0197723528808	-0.019624089493	0.00973730576053	0.0160835618925	-0.0298512523386	-0.0713236343904	-0.0327057528103	-0.115456528775	-0.031272074335	-0.0360047951427	0.0878606666795	-0.0674307200718	0.0335820965355	-0.0788849930383	0.00413542759347	0.0676608772571	-0.0306506539216	-0.0445881555856	0.0882731004205	-0.118081026642	-0.106747579736
k__Bacteria;p__Proteobacteria;c__Betaproteobacteria;o__Burkholderiales;f__Sutterellaceae;g__Sutterella;s__Sutterella_wadsworthensis	-0.0342720855074	-0.0834466569103	-0.00158776861482	-0.130302012457	-0.032660449432	-0.0277500476069	-0.0439042554076	0.108615605327	-0.00803517358029	0.0999508613757	0.0666554023992	-0.0580477663026	-0.00891620405062	0.0369042946739	-0.0423021447853	-0.119197819723	0.00964100445311	1.0	-0.120443900913	-0.0735876114316	-0.00430367076146	-0.0610164856134	-0.0753993811201	0.0375702914506	0.0925136337254	0.0236990259535	-0.0928154895446	-0.171573523623	-0.0716302699541	-0.0976147085998	0.0433654943268	-0.0234466653939	0.0343447327859	-0.0788475608887	-0.0583193062153	-0.0599451552599	0.0401974411566	-0.0847096040545	-0.00972299655943	0.0191109830317	-0.101602433913	0.0489026796138	0.00133405650752	-0.00974844201184	-0.0558812582304	0.0301518873874	0.0147636267976	-0.0274905038882	-0.0247908258096	-0.0583441956784	0.0297045308234	-0.0251840063287	0.079876371726	-0.0772069562264	-0.0827758154738	-0.0056665502144	0.0973214330928	-0.027279900149	-0.167621124505
k__Bacteria;p__Bacteroidetes;c__Bacteroidia;o__Bacteroidales;f__Porphyromonadaceae;g__Barnesiella;s__Barnesiella_intestinihominis	-0.012934010558	-0.00161286012348	-0.0105561563748	-0.043273697786	-0.025787908212	0.0685189684038	0.0274818857369	-0.0387518835838	-0.0576297677601	-0.0233489730213	-0.0824789876089	-0.041853932491	-0.0652182040361	-0.171956180617	-0.0422172566185	-0.0300047055033	-0.0805371856455	-0.120443900913	1.0	-0.0174239936743	-0.0247497561615	-0.0668789183325	0.00131930591165	-0.149999348181	0.0103130468621	0.0276117424153	-0.0662690586418	-0.0140020039231	-0.166287308342	-0.0779922479398	-0.0686587010435	-0.062224271341	0.0258186748258	-0.0928353961049	-0.138503217001	0.0639663331469	0.0443671586635	-0.0384925466819	0.0329487904085	-0.0353556786647	0.0282909534402	0.0219626724321	-0.0730986539822	-0.0441619184278	-0.0908599102899	-0.0488020705948	-0.0439343577337	-0.0355710650509	-0.130289988678	-0.00256122314812	-0.056132513978	0.0105504687797	0.00178665056296	0.0683388000164	0.080411283741	-0.055340988449	-0.0838692593315	-0.00806421561422	0.00419787195246
k__Bacteria;p__Bacteroidetes;c__Bacteroidia;o__Bacteroidales;f__Odoribacteraceae;g__Odoribacter;s__Odoribacter_splanchnicus	-0.0244562263712	0.0269765889179	-0.0134766166098	-0.0933455485133	0.0131253752692	0.00382742561087	-0.0989019657858	-0.0223063902221	-0.149130662834	-0.142639898175	-0.166420575685	-0.0103209525927	-0.0498795508308	-0.0900816233612	-0.00847346545113	-0.0274176359049	-0.0295292258107	-0.0735876114316	-0.0174239936743	1.0	-0.037142788605	-0.108114017607	0.046496304316	-0.0136713528208	0.0360925557801	0.0294187949141	-0.0411586554486	-0.00489085494881	0.0838591601559	-0.0544387698381	-0.0959825621984	-0.0407671274946	-0.0630289122441	-0.0682552708058	-0.0310545396895	-0.0424347718732	-0.0476936323858	0.0920518446616	-0.0318760328365	-0.079006235518	0.100857141856	-0.0149662718662	-0.0630213963732	0.0232344116856	-0.0508910724322	-0.00789271247169	0.0157869670687	-0.116722462269	-0.0503327251339	-0.0162108684542	-0.0249591235479	-0.118869759247	-0.131488773037	0.00042651802344	0.0735766218462	-0.0713241762039	0.0266435839157	-0.0567581604962	0.0583490331998
k__Bacteria;p__Bacteroidetes;c__Bacteroidia;o__Bacteroidales;f__Bacteroidaceae;g__Bacteroides;s__Bacteroides_salyersiae	-0.0636723839409	0.0426250779099	-0.0436857389814	0.0205795563958	-0.0442523781793	0.00305833456792	-0.138112179943	-0.142163260834	-0.0121744581372	0.0281208555971	0.0855026693465	0.0595620393806	-0.106698465948	-0.0508294932148	-0.0107241408638	-0.136303637099	-0.113170283876	-0.00430367076146	-0.0247497561615	-0.037142788605	1.0	0.0227642331266	-0.0625494719382	-0.0602198117195	-0.0103673881211	-0.00358067667571	-0.0585594851417	-0.102297431065	-0.0300323199728	0.0501639702323	-0.128531563876	-0.0385069495407	-0.0233012801983	-0.00378479192926	-0.042843240579	0.0511635803885	-0.0973095395201	0.0203256460762	-0.0669693741687	-0.0347237909962	0.0421919423318	-0.0661826658397	-0.00796711785079	0.0358145821684	-0.071332831352	-0.0214251337272	-0.0793168531965	-0.0399247945928	-0.2034579129	0.0503731807648	-0.0442891126095	0.00372314538323	-0.0231896483166	-0.087127450468	-0.0183229512835	-0.0150174609254	-0.157666980245	0.0271390763684	0.0678349865702
k__Bacteria;p__Firmicutes;c__Clostridia;o__Clostridiales;f__Ruminococcaceae;g__Ruminiclostridium;s__[Eubacterium]_siraeum	-0.132697798193	0.0414278389989	-0.0113490282266	-0.0714639039611	0.0750809390379	-0.0521913801553	0.0127366686465	-0.0349039815903	0.0514476052681	-0.0238677704517	-0.0623069970444	0.0678264916094	0.0365395629697	-0.133804308386	0.0997687206478	-0.00210521273099	-0.00415542018935	-0.0610164856134	-0.0668789183325	-0.108114017607	0.0227642331266	1.0	0.0651411027261	0.0186867323289	0.0928078412697	-0.0618529647252	-0.0686340338305	-0.0346580312169	0.0510032839292	-0.00376701687358	-0.0353729534953	-0.134890620334	-0.0999014257375	0.0169566689944	0.0399690150001	0.0496052132223	-0.0729692809789	-0.0812710155381	-0.041790211477	0.0994288696124	0.0545044121747	0.0276288993355	-0.0202829843633	-0.0573056711774	-0.0332966388439	0.0142511432696	0.0113464305451	-0.0884548961913	-0.0146493869433	-0.162461985219	-0.0832017381665	-0.00308202970289	0.0707303954397	-0.00697466508337	-0.0527315722152	-0.112775677793	-0.198772325156	-0.0439424049518	-0.01723453912
k__Bacteria;p__Proteobacteria;c__Betaproteobacteria;o__Burkholderiales;f__Sutterellaceae;g__Parasutterella;s__Parasutterella_excrementihominis	0.0415368210761	-0.0390271475633	0.00129932698409	0.0130866335675	-0.0469473089444	-0.144679572976	-0.0421300221511	0.0112775490616	-0.0825980340989	-0.0465729716864	0.127208411193	-0.0889341013449	-0.0503347269128	0.0047006409817	-0.0733078999333	-0.0548076467193	-0.0159281938763	-0.0753993811201	0.00131930591165	0.046496304316	-0.0625494719382	0.0651411027261	1.0	-0.0538162322029	-0.0376685437877	-0.137154116347	-0.0470402699059	0.00536083710199	0.11258193401	0.0239446748877	-0.0741696309853	0.170841484403	-0.0473538630236	-0.0116782601722	-0.051760929659	-0.152117633368	0.0288897191266	-0.100030509682	-0.156501425408	0.0815131033008	-0.24538692632	-0.101126242986	0.039739172376	-0.148994369372	-0.0801506216474	-0.0907911529188	-0.00801415578334	0.0951900264723	0.030440578859	-0.0587234202451	-0.0378843225316	-0.00908715604874	0.0290668537015	-0.172242024491	-0.0102373151425	0.00307501450227	-0.0506267077777	-0.047773516735	0.0569844280647
k__Bacteria;p__Actinobacteria;c__Actinobacteria;o__Bifidobacteriales;f__Bifidobacteriaceae;g__Bifidobacterium;s__Bifidobacterium_adolescentis	-0.176424922629	-0.0885499210883	-0.074717237789	0.0417171585588	0.0419356628812	-0.0123194532544	-0.086821253947	0.052096053256	-0.175421340024	0.01540545155	-0.121757664021	0.0601645748399	0.0689751438213	-0.00102229823627	-0.0309076390911	0.0054140972288	-0.00486300113235	0.0375702914506	-0.149999348181	-0.0136713528208	-0.0602198117195	0.0186867323289	-0.0538162322029	1.0	-0.010786094162	-0.0780349697209	-0.0589388179527	-0.0403434134389	-0.00962865867587	0.118545960367	-0.0251357835533	0.0416210375823	-0.0576418078342	0.041444450884	-0.198078819417	-0.0460520259073	-0.0793034214991	0.11659064123	0.0522990604852	0.0646344411191	0.00439565833983	-0.148039563895	-0.150882844458	-0.105560954919	-0.0626353510756	0.0562181152945	-0.0374946932096	-0.0126720959995	-0.014183348443	-0.0715801892776	-0.0332095312051	-0.152865559158	0.00962845617956	0.0279573357309	0.00567839346034	-0.126402370108	0.0962328533618	-0.113845174909	0.0207581941304
k__Bacteria;p__Firmicutes;c__Clostridia;o__Clostridiales;f__Oscillospiraceae;g__Oscillibacter;s__Oscillibacter_sp._KLE_1745	0.017380476274	-0.0448214336001	-0.0787310411702	-0.183675478967	-0.0231654775103	0.0909271251795	-0.0697519650727	-0.120068350535	-0.0334677006853	-0.0244777173877	-0.0225257529916	0.00141942625675	0.0767167760858	-0.0969172722056	-0.0760412393672	-0.0958759218738	0.0566579786169	0.0925136337254	0.0103130468621	0.0360925557801	-0.0103673881211	0.0928078412697	-0.0376685437877	-0.010786094162	1.0	0.0318018283211	0.0703128928263	-0.132605902226	0.0270517928327	-0.0342075383376	-0.127562085973	-0.0558833315451	0.144351142812	-0.0800740711685	0.0295033213043	-0.174398616249	-0.0898238086652	0.150555087523	-0.121798804816	0.0425631205925	-0.110153517567	-0.0376099763279	0.0215481261154	0.0324246639611	-0.0895095859842	-0.0230834900741	-0.0146736312157	-0.0217292376314	-0.0129099045362	-0.126941557426	-0.0145702868032	-0.0125565782581	0.0121480897269	0.119351823135	-0.100611308718	-0.122880231727	0.0639312734809	-0.102645448135	-0.0628072876732
k__Bacteria;p__Bacteroidetes;c__Bacteroidia;o__Bacteroidales;f__Bacteroidaceae;g__Bacteroides;s__Bacteroides_coprophilus	-0.0193758835619	0.00369990158563	0.0194456428619	0.00514950645378	-0.0792323006532	-0.0216482042418	-0.10819911977	-0.109418524107	0.113017089031	-0.0127520811338	-0.0664150129593	-0.0598123965027	-0.0348159237822	-0.0496355340943	-0.100582423676	-0.152495820569	-0.0177044785506	0.0236990259535	0.0276117424153	0.0294187949141	-0.00358067667571	-0.0618529647252	-0.137154116347	-0.0780349697209	0.0318018283211	1.0	-0.0618376375495	-0.0612203613786	-0.0671448425551	0.0419514090861	0.0109078941836	-0.014781873568	0.0340689560765	0.00885944807712	-0.14314764801	-0.0699717703375	0.0168275170241	0.0359703491237	-0.051812293338	-0.25050705508	0.073471188788	-0.0736895272688	-0.0297720942042	-0.0263479073178	-0.0467203854129	-0.0665294471725	0.0255990170341	-0.0104276458063	-0.153728181886	-0.0394457416605	0.109599585609	-0.0211122551827	0.0378768853253	-0.0557870030708	0.0861418386237	-0.0585211707701	-0.0413620154259	-0.0620330783261	0.081142235407
k__Bacteria;p__Firmicutes;c__Clostridia;o__Clostridiales;f__Lachnospiraceae;g__Roseburia;s__Roseburia_intestinalis	-0.0569201379312	-0.0689774267329	-0.0848466218509	-0.000110260547355	-0.0740280281961	0.0847436267912	0.02774412579	-0.105683417189	-0.139505933255	-0.0150907813413	0.0175115692921	-0.116912837875	-0.133722828354	-0.115823801093	-0.0706453448003	-0.0640522942629	0.0489132648897	-0.0928154895446	-0.0662690586418	-0.0411586554486	-0.0585594851417	-0.0686340338305	-0.0470402699059	-0.0589388179527	0.0703128928263	-0.0618376375495	1.0	-0.0826391728458	-0.0103404558395	0.00804793510613	-0.0308159564864	-0.0842839869042	-0.0323067115011	-0.0224899841683	0.163322685592	0.0400625375952	-0.0990973247284	0.040575582275	-0.0824521067171	0.0176059103341	-0.0782110420322	0.0735396494808	0.0118640030933	-0.0850863350041	0.0659980001085	-0.03605680064	-0.0508475502533	0.0185820290981	-0.0461458633419	0.0717177683827	-0.067022257848	-0.148112622398	0.0365918087347	-0.0279785238297	0.0244344597919	-0.0868905727713	-0.0709835612936	0.0539353461446	-0.119782503166
k__Bacteria;p__Firmicutes;c__Clostridia;o__Clostridiales;f__Lachnospiraceae;g__Roseburia;s__Roseburia_hominis	-0.123431029459	-0.045384335128	0.00810195568042	-0.0690188705127	-0.088125775593	-0.160481637762	-0.0353106047796	-0.0778052848031	-0.0294260207746	0.0367609827552	0.0573982602476	-0.0807960560635	-0.126659725064	-0.0202304805513	-0.0283593935173	-0.00464578699896	-0.0638929620224	-0.171573523623	-0.0140020039231	-0.00489085494881	-0.102297431065	-0.0346580312169	0.00536083710199	-0.0403434134389	-0.132605902226	-0.0612203613786	-0.0826391728458	1.0	-0.0726855258138	-0.0545735145374	-0.0761495544817	-0.038511827043	0.0450353596468	-0.0762972227062	0.0160691542788	0.0647023357831	-0.0201547552955	0.06456334803	0.082553194552	0.148411200814	-0.0213213613841	-0.0553679817242	0.0422280567142	-0.00334233832277	-0.0162020841253	-0.0879643681108	0.000378170969609	-0.00653628020624	0.0830299255501	0.0108630373593	0.0518358185534	-0.0397421470189	-0.0354533884123	0.0704594159865	-0.151224346071	-0.13912839429	-0.0768740395796	0.0284619394874	0.0378379387695
k__Bacteria;p__Bacteroidetes;c__Bacteroidia;o__Bacteroidales;f__Porphyromonadaceae;g__Parabacteroides;s__Parabacteroides_johnsonii	-0.0758967017519	-0.0316743569816	-0.0209206752366	-0.0438341896538	0.075585982849	0.0150962337747	-0.0180599530633	0.0239704232127	-0.0739740901325	0.0193926047016	0.0234520246573	-0.0675746327786	-0.114352644383	-0.0899498192615	-0.0599327041307	-0.0829925987509	-0.177053978102	-0.0716302699541	-0.166287308342	0.0838591601559	-0.0300323199728	0.0510032839292	0.11258193401	-0.00962865867587	0.0270517928327	-0.0671448425551	-0.0103404558395	-0.0726855258138	1.0	-0.0639524134973	0.101282145014	-0.16658699561	-0.0554484670139	0.0198000316553	0.0234941362724	-0.0590969630591	-0.0409675715677	-0.132472348119	0.016790555747	-0.156247938958	0.011646111347	-0.0230420633405	0.0640688704621	-0.0599257325248	-0.0701215068818	-0.0670617315232	-0.0755043211997	0.0317711147759	0.0672578556205	-0.0866395262018	0.0559072825351	-0.00454293792541	0.00795137069673	-0.0333504661703	-0.0428592313219	-0.121534170689	-0.0302808404246	-0.107004154529	-0.0865924536738
k__Bacteria;p__Actinobacteria;c__Actinobacteria;o__Bifidobacteriales;f__Bifidobacteriaceae;g__Bifidobacterium;s__Bifidobacterium_longum	-0.121237713675	-0.083488744196	-0.0343940463118	0.105365095729	-0.0631533039865	0.00971713299941	-0.0686982047688	-0.0872751522478	-0.183339957059	0.0298465580758	-0.0787546309147	0.130302708314	-0.0604671607128	0.0172097137989	0.0431049801649	-0.0419078307848	0.0303977556209	-0.0976147085998	-0.0779922479398	-0.0544387698381	0.0501639702323	-0.00376701687358	0.0239446748877	0.118545960367	-0.0342075383376	0.0419514090861	0.00804793510613	-0.0545735145374	-0.0639524134973	1.0	0.102029168129	-0.0283284245917	0.0404902634647	-0.0306247694237	-0.0226258826701	-0.116655685694	-0.0146700973778	0.0794529651861	-0.0303398798969	0.0071053626923	0.0726816912662	0.0185011592599	-0.0560553384823	-0.0170223018796	-0.039984136811	0.0390653621569	-0.0443708104083	-0.0475136536788	-0.0198169119099	0.0831275215019	-0.0856852545123	-0.228259661119	-0.0238116064034	0.128881429451	0.0972322831415	0.00504359837142	-0.00291022966605	0.0178153638146	-0.0121650926845
