#taxonomy	k__Bacteria;p__Bacteroidetes;c__Bacteroidia;o__Bacteroidales;f__Bacteroidaceae;g__Bacteroides;s__Bacteroides_vulgatus	k__Bacteria;p__Bacteroidetes;c__Bacteroidia;o__Bacteroidales;f__Bacteroidaceae;g__Bacteroides;s__Bacteroides_uniformis	k__Bacteria;p__Bacteroidetes;c__Bacteroidia;o__Bacteroidales;f__Rikenellaceae;g__Alistipes;s__Alistipes_putredinis	k__Bacteria;p__Bacteroidetes;c__Bacteroidia;o__Bacteroidales;f__Prevotellaceae;g__Prevotella;s__Prevotella_copri	k__Bacteria;p__Bacteroidetes;c__Bacteroidia;o__Bacteroidales;f__Bacteroidaceae;g__Bacteroides;s__Bacteroides_stercoris	k__Bacteria;p__Bacteroidetes;c__Bacteroidia;o__Bacteroidales;f__Bacteroidaceae;g__Bacteroides;s__Bacteroides_ovatus	k__Bacteria;p__Bacteroidetes;c__Bacteroidia;o__Bacteroidales;f__Rikenellaceae;g__Alistipes;s__Alistipes_shahii	k__Bacteria;p__Firmicutes;c__Clostridia;o__Clostridiales;f__Ruminococcaceae;g__Faecalibacterium;s__Faecalibacterium_prausnitzii	k__Bacteria;p__Bacteroidetes;c__Bacteroidia;o__Bacteroidales;f__Rikenellaceae;g__Alistipes;s__Alistipes_finegoldii	k__Bacteria;p__Bacteroidetes;c__Bacteroidia;o__Bacteroidales;f__Porphyromonadaceae;g__Parabacteroides;s__Parabacteroides_distasonis	k__Bacteria;p__Bacteroidetes;c__Bacteroidia;o__Bacteroidales;f__Bacteroidaceae;g__Bacteroides;s__Bacteroides_thetaiotaomicron	k__Bacteria;p__Bacteroidetes;c__Bacteroidia;o__Bacteroidales;f__Bacteroidaceae;g__Bacteroides;s__Bacteroides_coprocola	k__Bacteria;p__Bacteroidetes;c__Bacteroidia;o__Bacteroidales;f__Bacteroidaceae;g__Bacteroides;s__Bacteroides_cellulosilyticus	k__Bacteria;p__Bacteroidetes;c__Bacteroidia;o__Bacteroidales;f__Rikenellaceae;g__Alistipes;s__Alistipes_obesi	k__Bacteria;p__Firmicutes;c__Clostridia;o__Clostridiales;f__Lachnospiraceae;g__;s__[Eubacterium]_rectale	k__Bacteria;p__Bacteroidetes;c__Bacteroidia;o__Bacteroidales;f__Bacteroidaceae;g__Bacteroides;s__Bacteroides_plebeius	k__Bacteria;p__Bacteroidetes;c__Bacteroidia;o__Bacteroidales;f__Bacteroidaceae;g__Bacteroides;s__Bacteroides_fragilis	k__Bacteria;p__Proteobacteria;c__Betaproteobacteria;o__Burkholderiales;f__Sutterellaceae;g__Sutterella;s__Sutterella_wadsworthensis	k__Bacteria;p__Bacteroidetes;c__Bacteroidia;o__Bacteroidales;f__Porphyromonadaceae;g__Barnesiella;s__Barnesiella_intestinihominis	k__Bacteria;p__Bacteroidetes;c__Bacteroidia;o__Bacteroidales;f__Odoribacteraceae;g__Odoribacter;s__Odoribacter_splanchnicus	k__Bacteria;p__Bacteroidetes;c__Bacteroidia;o__Bacteroidales;f__Bacteroidaceae;g__Bacteroides;s__Bacteroides_salyersiae	k__Bacteria;p__Firmicutes;c__Clostridia;o__Clostridiales;f__Ruminococcaceae;g__Ruminiclostridium;s__[Eubacterium]_siraeum	k__Bacteria;p__Proteobacteria;c__Betaproteobacteria;o__Burkholderiales;f__Sutterellaceae;g__Parasutterella;s__Parasutterella_excrementihominis	k__Bacteria;p__Actinobacteria;c__Actinobacteria;o__Bifidobacteriales;f__Bifidobacteriaceae;g__Bifidobacterium;s__Bifidobacterium_adolescentis	k__Bacteria;p__Firmicutes;c__Clostridia;o__Clostridiales;f__Oscillospiraceae;g__Oscillibacter;s__Oscillibacter_sp._KLE_1745	k__Bacteria;p__Bacteroidetes;c__Bacteroidia;o__Bacteroidales;f__Bacteroidaceae;g__Bacteroides;s__Bacteroides_coprophilus	k__Bacteria;p__Firmicutes;c__Clostridia;o__Clostridiales;f__Lachnospiraceae;g__Roseburia;s__Roseburia_intestinalis	k__Bacteria;p__Firmicutes;c__Clostridia;o__Clostridiales;f__Lachnospiraceae;g__Roseburia;s__Roseburia_hominis	k__Bacteria;p__Bacteroidetes;c__Bacteroidia;o__Bacteroidales;f__Porphyromonadaceae;g__Parabacteroides;s__Parabacteroides_johnsonii	k__Bacteria;p__Actinobacteria;c__Actinobacteria;o__Bifidobacteriales;f__Bifidobacteriaceae;g__Bifidobacterium;s__Bifidobacterium_longum	k__Bacteria;p__Firmicutes;c__Clostridia;o__Clostridiales;f__;g__Flavonifractor;s__Flavonifractor_plautii	k__Bacteria;p__Firmicutes;c__Clostridia;o__Clostridiales;f__Clostridiaceae;g__Clostridium;s__Clostridium_phoceensis	k__Bacteria;p__Verrucomicrobia;c__Verrucomicrobiae;o__Verrucomicrobiales;f__Akkermansiaceae;g__Akkermansia;s__Akkermansia_muciniphila	k__Bacteria;p__Bacteroidetes;c__Bacteroidia;o__Bacteroidales;f__Prevotellaceae;g__Paraprevotella;s__Paraprevotella_xylaniphila	k__Bacteria;p__Firmicutes;c__Clostridia;o__Clostridiales;f__Ruminococcaceae;g__Ruminococcus;s__Ruminococcus_callidus	k__Bacteria;p__Bacteroidetes;c__Bacteroidia;o__Bacteroidales;f__Rikenellaceae;g__Alistipes;s__Alistipes_senegalensis	k__Bacteria;p__Firmicutes;c__Clostridia;o__Clostridiales;f__Lachnospiraceae;g__Blautia;s__Blautia_sp._KLE_1732	k__Bacteria;p__Bacteroidetes;c__Bacteroidia;o__Bacteroidales;f__Bacteroidaceae;g__Bacteroides;s__Bacteroides_oleiciplenus	k__Bacteria;p__Firmicutes;c__Clostridia;o__Clostridiales;f__Ruminococcaceae;g__Ruminococcus;s__Ruminococcus_bicirculans	k__Bacteria;p__Bacteroidetes;c__Bacteroidia;o__Bacteroidales;f__Bacteroidaceae;g__Bacteroides;s__Bacteroides_fluxus	k__Bacteria;p__Bacteroidetes;c__Bacteroidia;o__Bacteroidales;f__Prevotellaceae;g__Prevotella;s__Prevotella_stercorea	k__Bacteria;p__Firmicutes;c__Clostridia;o__Clostridiales;f__Lachnospiraceae;g__Dorea;s__Dorea_longicatena	k__Bacteria;p__Firmicutes;c__Clostridia;o__Clostridiales;f__Eubacteriaceae;g__Eubacterium;s__[Eubacterium]_eligens	k__Bacteria;p__Firmicutes;c__Clostridia;o__Clostridiales;f__Ruminococcaceae;g__;s__Ruminococcaceae_bacterium_D16	k__Bacteria;p__Firmicutes;c__Clostridia;o__Clostridiales;f__Lachnospiraceae;g__Coprococcus;s__Coprococcus_comes	k__Bacteria;p__Proteobacteria;c__Gammaproteobacteria;o__Enterobacterales;f__Enterobacteriaceae;g__Escherichia;s__Escherichia_coli	k__Bacteria;p__Firmicutes;c__Clostridia;o__Clostridiales;f__Ruminococcaceae;g__Anaerotruncus;s__Anaerotruncus_colihominis	k__Bacteria;p__Firmicutes;c__Clostridia;o__Clostridiales;f__Lachnospiraceae;g__Blautia;s__Blautia_obeum	k__Bacteria;p__Bacteroidetes;c__Bacteroidia;o__Bacteroidales;f__Odoribacteraceae;g__Odoribacter;s__Odoribacter_laneus	k__Bacteria;p__Firmicutes;c__Clostridia;o__Clostridiales;f__Ruminococcaceae;g__Ruminiclostridium;s__[Clostridium]_leptum	k__Bacteria;p__Bacteroidetes;c__Bacteroidia;o__Bacteroidales;f__Porphyromonadaceae;g__Parabacteroides;s__Parabacteroides_goldsteinii	k__Bacteria;p__Firmicutes;c__Clostridia;o__Clostridiales;f__Lachnospiraceae;g__Anaerostipes;s__Anaerostipes_hadrus	k__Bacteria;p__Firmicutes;c__Clostridia;o__Clostridiales;f__Ruminococcaceae;g__Ruminococcus;s__Ruminococcus_lactaris	k__Bacteria;p__Firmicutes;c__Clostridia;o__Clostridiales;f__Clostridiaceae;g__Clostridium;s__Clostridium_sp._L2-50	k__Bacteria;p__Firmicutes;c__Clostridia;o__Clostridiales;f__Clostridiaceae;g__Clostridium;s__Clostridium_sp._M62/1	k__Bacteria;p__Firmicutes;c__Clostridia;o__Clostridiales;f__;g__Intestinimonas;s__Intestinimonas_butyriciproducens	k__Bacteria;p__Actinobacteria;c__Actinobacteria;o__Bifidobacteriales;f__Bifidobacteriaceae;g__Bifidobacterium;s__Bifidobacterium_bifidum	k__Bacteria;p__Firmicutes;c__Negativicutes;o__Veillonellales;f__Veillonellaceae;g__Dialister;s__Dialister_invisus	k__Bacteria;p__Bacteroidetes;c__Bacteroidia;o__Bacteroidales;f__Bacteroidaceae;g__Bacteroides;s__Bacteroides_salanitronis
k__Bacteria;p__Bacteroidetes;c__Bacteroidia;o__Bacteroidales;f__Bacteroidaceae;g__Bacteroides;s__Bacteroides_vulgatus	1.0	0.0760908073617	-0.0342557797495	0.0767545597073	-0.101232332579	-0.0450045924711	0.013181684342	-0.150335092228	-0.00454070117732	0.0688276175242	-0.077144069735	-0.110300432952	0.0922394407618	0.0224179145285	-0.0598438284401	0.006980765728	0.0054217860126	0.0516943717407	0.00989573739951	-0.0831525651028	0.0589770905213	-0.0264133577757	-0.125051371691	-0.0840620185129	0.00579105954928	-0.0756489025697	-0.0921336806435	0.0698401134615	-0.0407751090499	-0.059185936688	-0.119243300937	-0.1023112266	-0.0622441102647	0.00715218676107	-0.0649258260444	0.0419983036598	-0.0238740661493	-0.0308238800265	-0.0544980039272	-0.0630359412724	-0.0869391553196	-0.129640809802	-0.0281546004193	0.0259671553419	0.016054659683	0.142452908455	-0.0528458190156	-0.0414532689998	0.0148119294606	-0.163122345823	0.0240212773008	-0.00392302251083	0.113971314372	-0.0776633669852	-0.0593079899906	0.00534528458614	-0.0345714754966	0.0200247354091	0.100699909068
k__Bacteria;p__Bacteroidetes;c__Bacteroidia;o__Bacteroidales;f__Bacteroidaceae;g__Bacteroides;s__Bacteroides_uniformis	0.0760908073617	1.0	-0.133506328647	-0.0678708967603	-0.0297626077383	-0.107602378541	-0.0715506034059	0.0337438003245	-0.00423047928932	-0.0032162754827	-0.00824691807364	-0.081441344031	-0.104411173812	-0.0106702445857	0.0712175332811	0.00311859134074	-0.0208363017767	-0.0638850977001	-0.120000858072	-0.0208332129633	-0.0559977763059	-0.00417039503073	-0.00326950764627	-0.0819992052612	0.0671724832008	0.00519907864794	-0.0833163087332	0.057487914595	-0.0505199877641	-0.0039000422482	-0.0494498071715	0.0112036433552	-0.0115785319204	0.0186430918127	-0.0315653634576	-0.014402037532	-0.0400483232431	0.0531932964958	0.0608366042897	-0.0498367767848	-0.013188546977	0.0203137376176	0.00968253943272	-0.157419512472	-0.0268355815296	-0.0142206632816	-0.134432689388	-0.062475351992	-0.011772600319	-0.046888985555	0.00855035144774	-0.0847494931214	-0.00527810365783	-0.120295107627	0.0730113123341	0.0196368967451	-0.0131980829933	-0.100308027818	-0.0287706404302
k__Bacteria;p__Bacteroidetes;c__Bacteroidia;o__Bacteroidales;f__Rikenellaceae;g__Alistipes;s__Alistipes_putredinis	-0.0342557797495	-0.133506328647	1.0	-0.139680394784	0.0520772705312	-0.0745724318746	0.0788574313744	-0.0322456316745	-0.01148266142	0.0350600444915	-0.108958125717	0.00463610826292	-0.0318009958658	-0.054876833274	-0.120590794902	-0.0529308252755	0.0667999507111	-0.0633331732295	-0.0135255543189	-0.0267596008852	0.0212788780115	-0.0861504667113	0.103438052688	-0.0301355921314	-0.0536181243653	-0.0739512056292	-0.0502848172444	-0.0642503812134	0.0248906204865	-0.185598625881	0.0747068047834	-0.0195509836177	-0.10225905017	-0.00109052304716	-0.0248793494302	-0.0540276249508	-0.0338626141886	0.00263940266506	-0.045431561493	0.0303094350856	0.0493354483031	-0.0350155051305	-0.164570050128	0.080292395778	0.041788366554	-0.0442969540873	0.0933608858428	0.0061465491783	0.0166495219933	-0.0503653408784	0.0281030060651	-0.0478192579856	-0.024526377874	-0.109393317286	-0.16731597353	-0.0871285716363	-0.00603076940093	-0.078162630253	-0.0706894110334
k__Bacteria;p__Bacteroidetes;c__Bacteroidia;o__Bacteroidales;f__Prevotellaceae;g__Prevotella;s__Prevotella_copri	0.0767545597073	-0.0678708967603	-0.139680394784	1.0	-0.0328889364227	-0.112022860225	0.0655635207278	-0.0605478583984	-0.00428351715389	-0.0361305787256	-0.131456918736	-0.0363253341704	0.0478085322074	0.0237525746025	-0.0232987422984	-0.0614007688415	-0.0216329793604	0.0613850481481	-0.0247868683163	-0.13062308544	-0.0286072202686	0.0184473322587	0.00188313153146	-0.0242405085047	-0.100463344868	-0.0888378050911	-0.0113291232193	-0.056539575666	-0.0429791811449	0.0543600105323	-0.00114286248348	-0.125100853594	0.0831875091745	-0.0856007487092	0.0340204262045	0.096755788213	-0.0445927654443	0.0494964038589	-0.0347343028907	0.0265340366744	-0.0248272003614	-0.129391739229	-0.0913957044995	-0.0790190920998	0.0100777663983	-0.112425396482	-0.0475459155945	-0.0984133004598	0.0474860207618	-0.0629102311485	-0.0993068314187	-0.0173398860934	-0.126589269637	0.0307294791931	-0.0443758438106	-0.0518196365099	0.0945480524684	-0.0291683014481	-0.042721464673
k__Bacteria;p__Bacteroidetes;c__Bacteroidia;o__Bacteroidales;f__Bacteroidaceae;g__Bacteroides;s__Bacteroides_stercoris	-0.101232332579	-0.0297626077383	0.0520772705312	-0.0328889364227	1.0	0.0923549462157	0.0330031621379	-0.0267901117474	-0.0197187161555	-0.0859013637187	0.0926549266768	-0.0902916216285	-0.137935025337	-0.0139853436073	-0.0548704582784	-0.0767428248253	0.0602326294564	-0.0417473330981	-0.0500206122423	-0.0394748038398	-0.0931695074438	-0.0100869310444	0.0839739854381	-0.0394121941446	-0.00677317411864	-0.0454714471119	-0.0278775669102	-0.0327515138334	-0.00773527505517	0.0182740283223	-0.102248049734	-0.0356378216776	-0.103619181421	-0.0500692336455	-0.0344515662333	-0.0696614382054	0.0115874910721	-0.0283109960998	-0.0741995585506	0.0434228805236	0.011162952607	-0.125536878745	-0.146953554589	0.0135129371452	0.0168575997694	-0.143801649761	-0.0454793617121	0.015707077914	0.00159698751607	-0.091718449186	-0.073997153529	-0.0345426176713	0.000639399503973	-0.0219647826365	-0.0659705328456	-0.0816872573408	0.0393142245058	0.00143263917601	-0.0517261393455
k__Bacteria;p__Bacteroidetes;c__Bacteroidia;o__Bacteroidales;f__Bacteroidaceae;g__Bacteroides;s__Bacteroides_ovatus	-0.0450045924711	-0.107602378541	-0.0745724318746	-0.112022860225	0.0923549462157	1.0	-0.0394751778934	0.036657856179	-0.0644487642794	0.022082715873	0.144069779595	0.090094044997	0.0333572507523	-0.057921699949	-0.00902624288955	-0.0204307329066	0.0197255385692	-0.10956413962	-0.106190250829	-0.108099291176	-0.0554877794909	-0.0841166798878	-0.0402529830996	-0.0524398054519	-0.116615171749	-0.0573698070692	-0.0884852459218	-0.0743709579837	-0.0290274858356	0.0252196183242	-0.0150424023756	0.0366206749181	0.0933339210436	-0.00615867049083	-0.0659312222954	-0.0602936375549	-0.0867106346745	0.0416075485909	0.0861881126086	-0.0452279781806	-7.32022268164e-06	0.037664875147	0.00813192988111	-0.0899141051766	-0.0964402226138	0.0357734356065	0.0112078786928	-0.0201622422181	0.0547018839478	0.047547681162	-0.0075051465863	0.0297608386042	-0.0217258637685	-0.016108493988	-0.00789392133676	0.0486974321321	-0.0209300646327	0.036855398292	-0.0198393074558
k__Bacteria;p__Bacteroidetes;c__Bacteroidia;o__Bacteroidales;f__Rikenellaceae;g__Alistipes;s__Alistipes_shahii	0.013181684342	-0.0715506034059	0.0788574313744	0.0655635207278	0.0330031621379	-0.0394751778934	1.0	-0.000211155339858	0.0245864179206	-0.0653017841321	-0.140829505871	-0.0469307736044	-0.101380622393	0.0447009419213	-0.106534623459	-0.0565961009973	0.013742513045	0.0168291342337	-0.0466014301649	0.00623749387069	-0.0227092425406	-0.127635845785	-0.09567808161	-0.00770809273084	-0.0699886644705	-0.108180832201	-0.0685572055792	-0.0576496601997	-0.0684207264848	0.0626262054467	0.0194945355892	-0.114443594834	-0.0805774876323	0.0798491321202	-0.00511225162715	0.125696819466	-0.0565776814202	-0.0477811605929	-0.200789728996	-0.0943380534704	0.0260278415921	-0.0138180232767	0.0831232801019	0.000365463790569	0.0572903224835	0.00822577090234	-0.0878361606874	0.0405258543802	-0.10881294952	-0.0401170321815	-0.0788787747312	-0.0319939548397	0.0151414186873	0.0247383378426	-0.0685998084539	-0.0399746986945	-0.0715067980068	-0.129267692989	0.0539332968564
k__Bacteria;p__Firmicutes;c__Clostridia;o__Clostridiales;f__Ruminococcaceae;g__Faecalibacterium;s__Faecalibacterium_prausnitzii	-0.150335092228	0.0337438003245	-0.0322456316745	-0.0605478583984	-0.0267901117474	0.036657856179	-0.000211155339858	1.0	-0.143583182867	-0.0383104824147	-0.0538511953129	-0.00911249338839	-0.0858667141556	-0.0697399390022	-0.117609900567	-0.0106475879854	-0.0764841071547	-0.0784748948555	0.00592024861964	-0.00999181940138	0.0497835185576	0.0856161438144	-0.109418872997	0.00772743923546	0.0389353267405	-0.144363728073	-0.0744826886567	-0.101252584264	-0.021292200023	-0.00839890310954	0.119995298892	-0.0163215529352	0.0122244090137	-0.00984227805144	-0.00366329998899	0.0217283780453	0.112541215292	0.00342610073643	-0.0469941767272	0.00236056687999	-0.0664097346239	-0.109633246006	-0.0572461209521	0.122558195706	-0.0363880892641	-0.00304116433413	0.0319189905629	-0.0660977575479	-0.02145872498	0.073270159508	-0.00400852846713	0.0437865026729	0.0188879217359	-0.069522023268	-0.0268703649325	-0.0907951890286	0.0300356077993	-0.0693334897633	-0.126206805396
k__Bacteria;p__Bacteroidetes;c__Bacteroidia;o__Bacteroidales;f__Rikenellaceae;g__Alistipes;s__Alistipes_finegoldii	-0.00454070117732	-0.00423047928932	-0.01148266142	-0.00428351715389	-0.0197187161555	-0.0644487642794	0.0245864179206	-0.143583182867	1.0	-0.0260705707018	-0.0963767649474	-0.0438638991576	-0.0165616444869	0.00592439565467	-0.0213963166332	0.0683892704154	0.00846020108077	-0.0702069338391	0.0710449950356	-0.119594027021	-0.0724535452434	-0.0522659593784	-0.0360738272696	0.0833477039465	-0.0734098230177	-0.105521817849	-0.127709878965	0.0114251533705	-0.10201349902	-0.0745105359498	-0.0637675834582	-0.017515651834	0.00545739936106	-0.0126699598477	0.0197839123765	-0.00931086274393	-0.0628315061471	-0.129700434441	-0.0192128119399	0.00187665530881	-0.00766118921897	-0.00572265649463	0.0283147012714	-0.0814793834166	-0.139346230114	-0.0592278337866	0.0242748566525	-0.0457373794396	-0.110632439615	-0.0074647451738	0.0783835192428	0.0966078087681	0.0307356542979	0.0302536023609	-0.144765644536	-0.127880717985	0.0550894378194	-0.0559527230605	0.0616696114164
k__Bacteria;p__Bacteroidetes;c__Bacteroidia;o__Bacteroidales;f__Porphyromonadaceae;g__Parabacteroides;s__Parabacteroides_distasonis	0.0688276175242	-0.0032162754827	0.0350600444915	-0.0361305787256	-0.0859013637187	0.022082715873	-0.0653017841321	-0.0383104824147	-0.0260705707018	1.0	0.0989296609408	-0.0132559541591	-0.129000424854	-0.121993738882	-0.0656398471291	-0.118820429596	0.0862015544622	-0.10221598499	-0.132608584284	-0.0941769794885	0.0622414809355	0.125217033126	-0.0775296168812	-0.0407926300901	-0.139180085954	0.0494435101433	0.0555355776833	-0.0440852740519	-0.0462559676164	-0.150836307834	-0.121345065852	0.00112854089463	-0.0432585853262	0.000151928496079	-0.0226542902022	-0.0684538917283	0.00774900425719	0.0668206655504	-0.0226526764588	-0.0518455430128	-0.104814533257	0.0691766341276	0.0161323957992	-0.103656778517	-0.0117815325261	-0.0236653778762	0.0427513125915	-0.0833725514166	-0.0552393723064	-0.121400908354	-0.0367774095661	0.0264383063554	-0.0432454889596	-0.122657070958	-0.0824700414839	-0.143766180059	0.0537572763669	-0.0528172650331	-0.0324306582723
k__Bacteria;p__Bacteroidetes;c__Bacteroidia;o__Bacteroidales;f__Bacteroidaceae;g__Bacteroides;s__Bacteroides_thetaiotaomicron	-0.077144069735	-0.00824691807364	-0.108958125717	-0.131456918736	0.0926549266768	0.144069779595	-0.140829505871	-0.0538511953129	-0.0963767649474	0.0989296609408	1.0	0.0749243864865	0.0105966651656	-0.110555662914	0.107544421242	-0.0264981206791	0.0454498698857	-0.20137966906	-0.0752035278023	-0.0124084972174	0.105443028517	-0.0848120948049	-0.0131019884256	-0.0427419033196	-0.126360406423	0.0936507797324	-0.153053293947	-0.0132210503537	-0.0816867468873	0.0873935840299	0.0164398476313	-0.0788626656356	0.131133871852	-0.0445652818637	0.00195778476385	-0.000476469741687	-0.169430598421	-0.0764165968249	-0.0405309499742	0.0846083167924	-0.101972974371	-0.0871877493062	0.0439554437246	-0.0139998172878	0.0321793768422	-0.206637584565	0.0190352563105	-0.013856380538	-0.0371931537913	-0.117267833881	0.0287172532749	-0.0701747022695	-0.0770863307766	-0.0418864145677	0.0893468341358	-0.0176254814628	0.0242700128513	0.0146666377354	-0.00424592467794
k__Bacteria;p__Bacteroidetes;c__Bacteroidia;o__Bacteroidales;f__Bacteroidaceae;g__Bacteroides;s__Bacteroides_coprocola	-0.110300432952	-0.081441344031	0.00463610826292	-0.0363253341704	-0.0902916216285	0.090094044997	-0.0469307736044	-0.00911249338839	-0.0438638991576	-0.0132559541591	0.0749243864865	1.0	0.0605510867581	-0.0630799152263	0.124321366668	0.0629890854984	-0.0365966653817	0.0204037943262	-0.118461429742	-0.0905736743828	-0.0243912885402	0.0148619748738	-0.00994011983203	-0.128054611951	-0.0380869865236	0.0595474334798	-0.0412770875952	0.0238681099831	-0.0630678074714	-0.00329856425709	0.0217596028333	-0.0833427151383	-0.109690100299	-0.166336238235	-0.0242265011704	-0.0445942572657	-0.142826786923	-0.0048138404046	0.064254520064	-0.0744369367104	-0.0438391244244	-0.0921459688738	-0.0709083146399	-0.0369976187394	0.0232802694798	-0.0692494221553	-0.0619340872923	-0.0132930296482	-0.126683227948	-0.0808983136776	-0.0663048474144	-0.0563102336897	-0.00917944573153	-0.0391993507267	0.0319351343877	-0.110153022164	-0.0189268762102	0.0239605631957	-0.0472850152495
k__Bacteria;p__Bacteroidetes;c__Bacteroidia;o__Bacteroidales;f__Bacteroidaceae;g__Bacteroides;s__Bacteroides_cellulosilyticus	0.0922394407618	-0.104411173812	-0.0318009958658	0.0478085322074	-0.137935025337	0.0333572507523	-0.101380622393	-0.0858667141556	-0.0165616444869	-0.129000424854	0.0105966651656	0.0605510867581	1.0	0.00153844004061	0.122825567057	-0.0639720404725	-0.071836900007	-0.100154594005	-0.0554654438798	-0.0465432122595	-0.0434604747696	-0.101144764359	-0.0504380604959	0.0883411137651	-0.0443124582415	-0.100907914816	0.00913599510601	-0.0616114044074	-0.137766115835	0.0630948056773	-0.0799830100147	-0.141269742932	-0.0096809607715	-0.106478891626	-0.0525882642628	0.0817434190745	-0.00205153452686	0.0110197350867	-0.125001713634	0.0343691878956	0.00626576137865	-0.0332874866741	-0.0643164217452	-0.0672289078079	-0.0853618677617	0.0281905824329	-0.132703866068	-0.0812684066803	-0.0150198758406	-0.108155599022	-0.0776171911636	-0.226182079005	-0.0449956477125	0.00564888926052	-0.0616207434533	-0.0333140554628	-0.00294335556996	-0.0388114118374	-0.0726538088717
k__Bacteria;p__Bacteroidetes;c__Bacteroidia;o__Bacteroidales;f__Rikenellaceae;g__Alistipes;s__Alistipes_obesi	0.0224179145285	-0.0106702445857	-0.054876833274	0.0237525746025	-0.0139853436073	-0.057921699949	0.0447009419213	-0.0697399390022	0.00592439565467	-0.121993738882	-0.110555662914	-0.0630799152263	0.00153844004061	1.0	-0.025141084501	0.0733799424626	-0.0350344532636	-0.0283261387805	0.00732096134366	-0.0973006325719	0.0331412592612	-0.0872377991247	-0.0862124621992	-0.12754522208	0.0717617350961	-0.0592258852859	-0.0274093557141	-0.208020518403	-0.115022712652	0.0505891883939	-0.0434961431172	-0.018775320482	0.00660096634364	-0.134101573509	-0.00649506844432	-0.0873568829825	-0.120650550381	-0.109605883012	-0.0766786032124	-0.178017243298	0.0221109877232	-0.100606355597	-0.0250124564113	-0.00681450746473	-0.0785518484281	0.102940212785	-0.00567796606657	-0.0733328120113	-0.0913016201817	0.00718687320129	0.00682397750725	-0.0292531931486	0.0850763934884	0.0428838983634	0.139222918947	-0.0284215546545	0.0843190379175	-0.0548890646879	-0.0325106573779
k__Bacteria;p__Firmicutes;c__Clostridia;o__Clostridiales;f__Lachnospiraceae;g__;s__[Eubacterium]_rectale	-0.0598438284401	0.0712175332811	-0.120590794902	-0.0232987422984	-0.0548704582784	-0.00902624288955	-0.106534623459	-0.117609900567	-0.0213963166332	-0.0656398471291	0.107544421242	0.124321366668	0.122825567057	-0.025141084501	1.0	-0.00220937232736	-0.0194874394735	-0.0180121175455	-0.0990287796293	-0.0898853742945	-0.014676654654	-0.0198530511319	-0.0251662984171	-0.0202637538401	-0.0169332799295	-2.92638502839e-06	-0.120502480348	-0.0648395108479	-0.0796416955116	0.0382336198689	0.016501148663	0.171848625333	-0.0558987243834	-0.0510060452566	0.0602290929463	-0.0493440046686	0.0484171770631	-0.175042062552	-0.0745889122102	0.0146279670924	0.0586537168904	-0.0892579102812	0.132172767587	-0.0559867465549	-0.0442609796931	0.0365592991231	-0.0858897451239	-0.027306696925	-0.0510740883741	-0.0612032609582	-0.0097707456512	-0.0211697180625	-0.118407428865	-0.0997762864348	0.0624748566094	0.0443326725437	-0.0540920549828	-0.0483062914345	-0.085096806225
k__Bacteria;p__Bacteroidetes;c__Bacteroidia;o__Bacteroidales;f__Bacteroidaceae;g__Bacteroides;s__Bacteroides_plebeius	0.006980765728	0.00311859134074	-0.0529308252755	-0.0614007688415	-0.0767428248253	-0.0204307329066	-0.0565961009973	-0.0106475879854	0.0683892704154	-0.118820429596	-0.0264981206791	0.0629890854984	-0.0639720404725	0.0733799424626	-0.00220937232736	1.0	-0.0433871943584	0.0661792021068	0.0362814571025	0.00567919060315	0.0361106977037	-0.104925372864	-0.0173987042454	0.0671865214721	0.0406130227228	0.0700818098496	-0.00303152667862	-0.0298251382155	0.0331388541868	-0.138116211552	0.00258313224714	-0.0245533029805	-0.0505718906834	-0.0417474626708	0.0445157270742	-0.0336149344624	-0.0091701421764	-0.0312884887179	-0.210863393381	0.0159510680839	-0.0540331032905	-0.0393450243764	-0.0192486675636	-0.0661615856873	-0.0975265133322	-0.0734161605588	-0.0236502765295	-0.0784598301358	-0.162238413092	0.0131035916437	0.0589300429271	0.0403638567842	-0.0309007502045	-0.000647491107634	0.0537788561552	0.0409817579478	-0.0468222316534	-0.00654754678093	-0.0336745644042
k__Bacteria;p__Bacteroidetes;c__Bacteroidia;o__Bacteroidales;f__Bacteroidaceae;g__Bacteroides;s__Bacteroides_fragilis	0.0054217860126	-0.0208363017767	0.0667999507111	-0.0216329793604	0.0602326294564	0.0197255385692	0.013742513045	-0.0764841071547	0.00846020108077	0.0862015544622	0.0454498698857	-0.0365966653817	-0.071836900007	-0.0350344532636	-0.0194874394735	-0.0433871943584	1.0	0.0415572194697	-0.101217151101	-0.0495655897232	-0.000223517640417	-0.0558518569511	-0.0318034674624	-0.0072664473886	0.0120306809914	0.0844587787768	-0.145966086435	-0.0351228081187	0.0407871027465	-0.0340309011223	-0.142162038003	-0.0152180518042	-0.0567175329591	0.0202801637233	-0.0386368832106	-0.00742259748492	0.0134805161685	0.109557122161	-0.128571614581	0.0341135549612	0.00809471474262	-0.00648496807135	0.0448395721131	-0.148792522136	-0.0203541420095	-0.0412844929158	-0.0861529330741	-0.00434593569547	-0.140790568225	-0.00936858450022	-0.128144735697	0.0128004293284	0.0758054400292	-0.18462267797	0.120000122792	0.0171351358017	-0.0422427686788	0.0540940463115	0.00447802219485
k__Bacteria;p__Proteobacteria;c__Betaproteobacteria;o__Burkholderiales;f__Sutterellaceae;g__Sutterella;s__Sutterella_wadsworthensis	0.0516943717407	-0.0638850977001	-0.0633331732295	0.0613850481481	-0.0417473330981	-0.10956413962	0.0168291342337	-0.0784748948555	-0.0702069338391	-0.10221598499	-0.20137966906	0.0204037943262	-0.100154594005	-0.0283261387805	-0.0180121175455	0.0661792021068	0.0415572194697	1.0	-0.059209004167	-0.080067713972	-0.0704858583081	-0.0366112591173	0.0316885429965	-0.0473195157796	-0.0965600405335	-0.0517819755955	-0.0498243900066	-0.0324399043468	0.0690910873528	-0.0156309891335	-0.0945206562811	-0.00289426777009	0.0444417240088	0.0661452169405	-0.0960812717044	0.0613211356716	-0.0406124580624	0.0445067546774	0.0970274565823	-0.0157037004153	-0.00792097412054	-0.00830972118286	-0.104230717188	-0.0687144563276	-0.0913427097098	0.03389521402	-0.0824927639729	-0.0663167108746	0.0287033977986	0.0691182184639	0.000918427393971	0.0493225051806	0.0497387451191	0.0268211020344	-0.0383488970602	-0.0366323284174	-0.0316370757354	-0.0206866798254	-0.024707235926
k__Bacteria;p__Bacteroidetes;c__Bacteroidia;o__Bacteroidales;f__Porphyromonadaceae;g__Barnesiella;s__Barnesiella_intestinihominis	0.00989573739951	-0.120000858072	-0.0135255543189	-0.0247868683163	-0.0500206122423	-0.106190250829	-0.0466014301649	0.00592024861964	0.0710449950356	-0.132608584284	-0.0752035278023	-0.118461429742	-0.0554654438798	0.00732096134366	-0.0990287796293	0.0362814571025	-0.101217151101	-0.059209004167	1.0	0.0267465582626	-0.171662479615	0.0111339446388	0.0148497034294	0.0242506888944	-0.0298777472642	-0.10645272428	-0.0753431683993	0.0722892740217	0.0517430232238	-0.0179303556467	-0.0145173810135	-0.0331242034561	-0.0624534185348	0.0148107923986	-0.110327543335	0.0372915732839	0.0349104266725	-0.0495290440718	-0.0446578701834	-0.0155045554987	-0.0292870296152	0.0140538901151	-0.0565218555388	0.0124219724473	-0.0446391011565	0.0293456394269	0.0437640918933	0.0258451687758	-0.0577042963092	-0.00698689565469	-0.0153329775837	0.0221585833397	0.0161060020099	-0.11839779379	0.0022627735034	-0.0349369373871	-0.109035207116	-0.0539435111147	0.0149791147954
k__Bacteria;p__Bacteroidetes;c__Bacteroidia;o__Bacteroidales;f__Odoribacteraceae;g__Odoribacter;s__Odoribacter_splanchnicus	-0.0831525651028	-0.0208332129633	-0.0267596008852	-0.13062308544	-0.0394748038398	-0.108099291176	0.00623749387069	-0.00999181940138	-0.119594027021	-0.0941769794885	-0.0124084972174	-0.0905736743828	-0.0465432122595	-0.0973006325719	-0.0898853742945	0.00567919060315	-0.0495655897232	-0.080067713972	0.0267465582626	1.0	-0.0772628144934	0.148739513341	0.113588509032	0.0179206481439	0.0141586899475	-0.0587311088796	-0.0894029498268	-0.0829920243703	0.141622764681	-0.0439136921591	-0.0271830503742	0.0376941379469	0.00994932972172	-0.129549927891	0.0780671796132	-0.0853992923098	-0.0412215484079	8.32603033801e-05	-0.0132412079439	-0.0243925650458	-0.0617762194993	-0.00918817654779	-0.111742250762	0.00945338676259	-0.0159010402818	-0.114478807019	-0.0784826843663	0.0903860868276	-0.0728983525835	0.0661677187331	-0.0717303297069	-0.0118354104684	0.0142931471274	-0.0506377052859	-0.0479445731564	-0.0715862050198	-0.051541377238	-0.0757740736779	-0.027892376546
k__Bacteria;p__Bacteroidetes;c__Bacteroidia;o__Bacteroidales;f__Bacteroidaceae;g__Bacteroides;s__Bacteroides_salyersiae	0.0589770905213	-0.0559977763059	0.0212788780115	-0.0286072202686	-0.0931695074438	-0.0554877794909	-0.0227092425406	0.0497835185576	-0.0724535452434	0.0622414809355	0.105443028517	-0.0243912885402	-0.0434604747696	0.0331412592612	-0.014676654654	0.0361106977037	-0.000223517640417	-0.0704858583081	-0.171662479615	-0.0772628144934	1.0	-0.0860025045087	-0.0212116339016	-0.0910141678889	-0.0229944097989	-0.0794335231881	-0.0427591888647	-0.0574248657343	-0.078695451406	-0.0791772608253	0.0326788271948	0.0126364843951	-0.0709199724658	0.066233625264	-0.091142204155	-0.0600226829252	0.0208912418224	-0.00317702565019	0.0306958796413	-0.0936005663359	0.028356216739	-0.0848288163805	0.0771956666016	-0.00644842966597	-0.140471220994	0.0310747163093	-0.0122429044613	-0.01021536169	-0.0789172119833	-0.0544641642856	-0.047664940902	-0.0115466173872	0.054392185444	-0.0775239358771	0.029150154116	-0.0137759470331	0.104175928428	0.0679790389912	-0.0140334680785
k__Bacteria;p__Firmicutes;c__Clostridia;o__Clostridiales;f__Ruminococcaceae;g__Ruminiclostridium;s__[Eubacterium]_siraeum	-0.0264133577757	-0.00417039503073	-0.0861504667113	0.0184473322587	-0.0100869310444	-0.0841166798878	-0.127635845785	0.0856161438144	-0.0522659593784	0.125217033126	-0.0848120948049	0.0148619748738	-0.101144764359	-0.0872377991247	-0.0198530511319	-0.104925372864	-0.0558518569511	-0.0366112591173	0.0111339446388	0.148739513341	-0.0860025045087	1.0	0.0899713393371	-0.037505884588	0.0135878319389	-0.114189320236	-0.0552933595671	-0.0140322764528	-0.0739764876214	-0.044962630997	-0.0221570887795	-0.0383894764495	-0.0957835777495	-0.11191872735	0.00303422532642	0.0596697523654	0.0393756472798	-0.000642442499488	-0.0885155533657	-0.101518576091	-0.102340702157	-0.0194422796751	-0.0218920076727	-0.0686822079251	-0.0732100197499	0.00260787219487	-0.0329380496285	0.00615408678856	0.0565999631024	0.0470619636172	-0.0697512922213	-0.0773162699422	0.0578646695991	-0.183177677438	-0.0502347584467	-0.00824257322196	-0.0771216687576	-0.131161440208	0.0141117181255
k__Bacteria;p__Proteobacteria;c__Betaproteobacteria;o__Burkholderiales;f__Sutterellaceae;g__Parasutterella;s__Parasutterella_excrementihominis	-0.125051371691	-0.00326950764627	0.103438052688	0.00188313153146	0.0839739854381	-0.0402529830996	-0.09567808161	-0.109418872997	-0.0360738272696	-0.0775296168812	-0.0131019884256	-0.00994011983203	-0.0504380604959	-0.0862124621992	-0.0251662984171	-0.0173987042454	-0.0318034674624	0.0316885429965	0.0148497034294	0.113588509032	-0.0212116339016	0.0899713393371	1.0	0.00610996206295	-0.0285061697866	-0.0967794314162	-0.0542084286918	0.125466524085	-0.035642739733	-0.107643132893	-0.0990608479545	-0.128894452435	-0.0459165082015	-0.171191532106	-0.0215217351813	-0.0299621599254	-0.0278453831205	0.0658112738963	-0.0243779673256	-0.00997531169841	-0.0937150201996	-0.175649353677	-0.0115772469544	-0.105350991033	-0.0907453610271	-0.0352751760821	-0.0593391772778	-0.0329730542347	0.0849312858764	0.0507523224342	-0.0371501079192	0.0231972299939	-0.049264447711	-0.0730546982956	-0.0282506106962	-0.0877099539075	0.145404951818	-0.047268188889	-0.0139279660245
k__Bacteria;p__Actinobacteria;c__Actinobacteria;o__Bifidobacteriales;f__Bifidobacteriaceae;g__Bifidobacterium;s__Bifidobacterium_adolescentis	-0.0840620185129	-0.0819992052612	-0.0301355921314	-0.0242405085047	-0.0394121941446	-0.0524398054519	-0.00770809273084	0.00772743923546	0.0833477039465	-0.0407926300901	-0.0427419033196	-0.128054611951	0.0883411137651	-0.12754522208	-0.0202637538401	0.0671865214721	-0.0072664473886	-0.0473195157796	0.0242506888944	0.0179206481439	-0.0910141678889	-0.037505884588	0.00610996206295	1.0	-0.0683806722466	-0.0378563371922	0.0546553794623	0.0696167236993	0.134117641339	-0.11865425864	-0.107900757448	0.0169124124596	-0.0684652154189	-0.0582362312483	0.0180081930408	-0.0463012278667	-0.00115825363043	-0.0707990327498	-0.0930783901735	-0.0253147900267	-0.0144604878118	-0.0906361290276	-0.0388913966547	-0.0534573456704	-0.0765855136376	-0.00172512544382	0.0282588237921	0.0209360095216	-0.10598140771	-0.0716682729212	0.0434330514518	-0.05955530949	-0.0789802849545	-0.0936824476092	-0.0291844744046	-0.000898409382268	0.00164373980375	0.0945971448503	-0.0584358225537
k__Bacteria;p__Firmicutes;c__Clostridia;o__Clostridiales;f__Oscillospiraceae;g__Oscillibacter;s__Oscillibacter_sp._KLE_1745	0.00579105954928	0.0671724832008	-0.0536181243653	-0.100463344868	-0.00677317411864	-0.116615171749	-0.0699886644705	0.0389353267405	-0.0734098230177	-0.139180085954	-0.126360406423	-0.0380869865236	-0.0443124582415	0.0717617350961	-0.0169332799295	0.0406130227228	0.0120306809914	-0.0965600405335	-0.0298777472642	0.0141586899475	-0.0229944097989	0.0135878319389	-0.0285061697866	-0.0683806722466	1.0	0.0284711510913	-8.08303063521e-05	-0.0526517609891	-0.00900316880692	0.0413293404423	0.0844427353896	0.00609972281566	-0.0830276802611	-0.19383208024	-0.106222233464	-0.168702028234	-0.0274536485614	-0.0748535205138	-0.062548830964	-0.0367573565674	0.0117775680766	-0.0567152669507	-0.0172501000332	0.0473129245114	-0.058947970746	-0.0773753388697	0.0550744890267	0.0319564570083	0.0792631373103	-0.122829187152	-0.0343232376348	-0.0419628471387	0.00813487451429	-0.129449412299	-0.0100453034282	0.0546749058956	-0.0752661683854	0.0453417260826	-0.0483817752814
k__Bacteria;p__Bacteroidetes;c__Bacteroidia;o__Bacteroidales;f__Bacteroidaceae;g__Bacteroides;s__Bacteroides_coprophilus	-0.0756489025697	0.00519907864794	-0.0739512056292	-0.0888378050911	-0.0454714471119	-0.0573698070692	-0.108180832201	-0.144363728073	-0.105521817849	0.0494435101433	0.0936507797324	0.0595474334798	-0.100907914816	-0.0592258852859	-2.92638502839e-06	0.0700818098496	0.0844587787768	-0.0517819755955	-0.10645272428	-0.0587311088796	-0.0794335231881	-0.114189320236	-0.0967794314162	-0.0378563371922	0.0284711510913	1.0	-0.0267409155362	0.00403344588368	0.0103652714307	-0.0609400342383	0.0546914929575	-0.0978797557906	-0.00792135126979	-0.0618151802455	-0.102282963212	-0.0940363054803	-0.0723882154594	-0.109563011654	-0.00011150398347	-0.00367753113874	0.0301129290811	-0.0207011035991	-0.0191060959029	-0.0689911810744	0.0159835078263	0.116266517412	0.0416849534431	-0.0341341143611	-0.0987179673144	-0.0151148445763	0.00324438563405	-0.0407737426865	-0.159117790376	-0.0548292675948	0.0378685932233	0.0699409658733	0.0742814949262	0.055904059751	-0.00170593764229
k__Bacteria;p__Firmicutes;c__Clostridia;o__Clostridiales;f__Lachnospiraceae;g__Roseburia;s__Roseburia_intestinalis	-0.0921336806435	-0.0833163087332	-0.0502848172444	-0.0113291232193	-0.0278775669102	-0.0884852459218	-0.0685572055792	-0.0744826886567	-0.127709878965	0.0555355776833	-0.153053293947	-0.0412770875952	0.00913599510601	-0.0274093557141	-0.120502480348	-0.00303152667862	-0.145966086435	-0.0498243900066	-0.0753431683993	-0.0894029498268	-0.0427591888647	-0.0552933595671	-0.0542084286918	0.0546553794623	-8.08303063521e-05	-0.0267409155362	1.0	-0.031892514224	-0.138731001727	-0.0729615840417	-0.0606251135122	-0.19332801237	-0.0124015935555	-0.121316208103	-0.0722490614436	-0.0663998975116	-0.0506126959697	0.115103923252	0.0352185021698	-0.147490747758	-0.0981219056134	0.0278877987089	-0.0522798594365	-0.0203068340946	0.0886089722041	-0.0911704040254	0.0180814745839	0.0328741864992	0.00775472157569	0.0635362778928	-0.0332322161192	-0.0366577669139	-0.0934539485823	0.0596526573657	-0.0312991221393	0.0560027507165	-0.200817443203	0.0140761968171	-0.0476995809117
k__Bacteria;p__Firmicutes;c__Clostridia;o__Clostridiales;f__Lachnospiraceae;g__Roseburia;s__Roseburia_hominis	0.0698401134615	0.057487914595	-0.0642503812134	-0.056539575666	-0.0327515138334	-0.0743709579837	-0.0576496601997	-0.101252584264	0.0114251533705	-0.0440852740519	-0.0132210503537	0.0238681099831	-0.0616114044074	-0.208020518403	-0.0648395108479	-0.0298251382155	-0.0351228081187	-0.0324399043468	0.0722892740217	-0.0829920243703	-0.0574248657343	-0.0140322764528	0.125466524085	0.0696167236993	-0.0526517609891	0.00403344588368	-0.031892514224	1.0	0.072202093132	0.00623685922107	-0.0527482160554	-0.0385171642858	0.00998442508326	0.0549596935761	-0.0898883046037	-0.0639061680662	0.0274482949839	-0.0437169874598	0.0493681793285	-0.057073568007	-0.177001973596	-0.00125496099089	-0.0852907589064	-0.0953141228627	-0.00143128234276	-0.0310754711677	-0.117885506354	0.0664166524356	0.0280716637386	-0.0857875245431	-0.0548726529085	-0.0501363613723	-0.0402886085403	-0.0826688509349	-0.0577470018488	-0.195890967096	0.0420238796912	0.0285735839651	0.038685802667
k__Bacteria;p__Bacteroidetes;c__Bacteroidia;o__Bacteroidales;f__Porphyromonadaceae;g__Parabacteroides;s__Parabacteroides_johnsonii	-0.0407751090499	-0.0505199877641	0.0248906204865	-0.0429791811449	-0.00773527505517	-0.0290274858356	-0.0684207264848	-0.021292200023	-0.10201349902	-0.0462559676164	-0.0816867468873	-0.0630678074714	-0.137766115835	-0.115022712652	-0.0796416955116	0.0331388541868	0.0407871027465	0.0690910873528	0.0517430232238	0.141622764681	-0.078695451406	-0.0739764876214	-0.035642739733	0.134117641339	-0.00900316880692	0.0103652714307	-0.138731001727	0.072202093132	1.0	-0.130715250758	0.0894211236758	-0.160669165405	0.0587094703279	-0.0672309489471	-0.107523311941	-0.013882295817	-0.0489148993495	-0.10525074523	0.00551940123228	-0.00439127611181	0.0565777434104	-0.0863576790926	-0.087392019175	0.113746320833	-0.0156006155284	-0.0704082936989	-0.081791282874	-0.0241046816916	-0.121808274003	-0.0169605558325	-0.0176166348818	-0.0793893224321	-0.00520038195632	-0.0196869804294	-0.0258667790906	0.0220144938131	-0.00386782846079	-0.0463067956394	-0.0898873704015
k__Bacteria;p__Actinobacteria;c__Actinobacteria;o__Bifidobacteriales;f__Bifidobacteriaceae;g__Bifidobacterium;s__Bifidobacterium_longum	-0.059185936688	-0.0039000422482	-0.185598625881	0.0543600105323	0.0182740283223	0.0252196183242	0.0626262054467	-0.00839890310954	-0.0745105359498	-0.150836307834	0.0873935840299	-0.00329856425709	0.0630948056773	0.0505891883939	0.0382336198689	-0.138116211552	-0.0340309011223	-0.0156309891335	-0.0179303556467	-0.0439136921591	-0.0791772608253	-0.044962630997	-0.107643132893	-0.11865425864	0.0413293404423	-0.0609400342383	-0.0729615840417	0.00623685922107	-0.130715250758	1.0	-0.017018000475	-0.026099867616	-0.137652174436	-0.101730626094	0.0548697845325	0.0435566736918	-0.00263107517587	-0.092530781253	-0.0347816886824	-0.135335206871	0.0339867139461	-0.0194561716858	-0.0315320031582	0.0152647029732	-0.0683805127257	0.0185922393431	-0.0128880785662	-0.0113094686367	-0.1517431271	0.0696847244771	-0.0876865163079	-0.0022288477945	-0.0489320667581	0.054503129769	-0.00550245838176	0.0863066274559	0.0304689301237	0.0252638308862	0.0491777735319
