#taxonomy	k__Bacteria;p__Bacteroidetes;c__Bacteroidia;o__Bacteroidales;f__Bacteroidaceae;g__Bacteroides;s__Bacteroides_vulgatus	k__Bacteria;p__Bacteroidetes;c__Bacteroidia;o__Bacteroidales;f__Bacteroidaceae;g__Bacteroides;s__Bacteroides_uniformis	k__Bacteria;p__Bacteroidetes;c__Bacteroidia;o__Bacteroidales;f__Rikenellaceae;g__Alistipes;s__Alistipes_putredinis	k__Bacteria;p__Bacteroidetes;c__Bacteroidia;o__Bacteroidales;f__Prevotellaceae;g__Prevotella;s__Prevotella_copri	k__Bacteria;p__Bacteroidetes;c__Bacteroidia;o__Bacteroidales;f__Bacteroidaceae;g__Bacteroides;s__Bacteroides_stercoris	k__Bacteria;p__Bacteroidetes;c__Bacteroidia;o__Bacteroidales;f__Bacteroidaceae;g__Bacteroides;s__Bacteroides_ovatus	k__Bacteria;p__Bacteroidetes;c__Bacteroidia;o__Bacteroidales;f__Rikenellaceae;g__Alistipes;s__Alistipes_shahii	k__Bacteria;p__Firmicutes;c__Clostridia;o__Clostridiales;f__Ruminococcaceae;g__Faecalibacterium;s__Faecalibacterium_prausnitzii	k__Bacteria;p__Bacteroidetes;c__Bacteroidia;o__Bacteroidales;f__Rikenellaceae;g__Alistipes;s__Alistipes_finegoldii	k__Bacteria;p__Bacteroidetes;c__Bacteroidia;o__Bacteroidales;f__Porphyromonadaceae;g__Parabacteroides;s__Parabacteroides_distasonis	k__Bacteria;p__Bacteroidetes;c__Bacteroidia;o__Bacteroidales;f__Bacteroidaceae;g__Bacteroides;s__Bacteroides_thetaiotaomicron	k__Bacteria;p__Bacteroidetes;c__Bacteroidia;o__Bacteroidales;f__Bacteroidaceae;g__Bacteroides;s__Bacteroides_coprocola	k__Bacteria;p__Bacteroidetes;c__Bacteroidia;o__Bacteroidales;f__Bacteroidaceae;g__Bacteroides;s__Bacteroides_cellulosilyticus	k__Bacteria;p__Bacteroidetes;c__Bacteroidia;o__Bacteroidales;f__Rikenellaceae;g__Alistipes;s__Alistipes_obesi	k__Bacteria;p__Firmicutes;c__Clostridia;o__Clostridiales;f__Lachnospiraceae;g__;s__[Eubacterium]_rectale	k__Bacteria;p__Bacteroidetes;c__Bacteroidia;o__Bacteroidales;f__Bacteroidaceae;g__Bacteroides;s__Bacteroides_plebeius	k__Bacteria;p__Bacteroidetes;c__Bacteroidia;o__Bacteroidales;f__Bacteroidaceae;g__Bacteroides;s__Bacteroides_fragilis	k__Bacteria;p__Proteobacteria;c__Betaproteobacteria;o__Burkholderiales;f__Sutterellaceae;g__Sutterella;s__Sutterella_wadsworthensis	k__Bacteria;p__Bacteroidetes;c__Bacteroidia;o__Bacteroidales;f__Porphyromonadaceae;g__Barnesiella;s__Barnesiella_intestinihominis	k__Bacteria;p__Bacteroidetes;c__Bacteroidia;o__Bacteroidales;f__Odoribacteraceae;g__Odoribacter;s__Odoribacter_splanchnicus	k__Bacteria;p__Bacteroidetes;c__Bacteroidia;o__Bacteroidales;f__Bacteroidaceae;g__Bacteroides;s__Bacteroides_salyersiae	k__Bacteria;p__Firmicutes;c__Clostridia;o__Clostridiales;f__Ruminococcaceae;g__Ruminiclostridium;s__[Eubacterium]_siraeum	k__Bacteria;p__Proteobacteria;c__Betaproteobacteria;o__Burkholderiales;f__Sutterellaceae;g__Parasutterella;s__Parasutterella_excrementihominis	k__Bacteria;p__Actinobacteria;c__Actinobacteria;o__Bifidobacteriales;f__Bifidobacteriaceae;g__Bifidobacterium;s__Bifidobacterium_adolescentis	k__Bacteria;p__Firmicutes;c__Clostridia;o__Clostridiales;f__Oscillospiraceae;g__Oscillibacter;s__Oscillibacter_sp._KLE_1745	k__Bacteria;p__Bacteroidetes;c__Bacteroidia;o__Bacteroidales;f__Bacteroidaceae;g__Bacteroides;s__Bacteroides_coprophilus	k__Bacteria;p__Firmicutes;c__Clostridia;o__Clostridiales;f__Lachnospiraceae;g__Roseburia;s__Roseburia_intestinalis	k__Bacteria;p__Firmicutes;c__Clostridia;o__Clostridiales;f__Lachnospiraceae;g__Roseburia;s__Roseburia_hominis	k__Bacteria;p__Bacteroidetes;c__Bacteroidia;o__Bacteroidales;f__Porphyromonadaceae;g__Parabacteroides;s__Parabacteroides_johnsonii	k__Bacteria;p__Actinobacteria;c__Actinobacteria;o__Bifidobacteriales;f__Bifidobacteriaceae;g__Bifidobacterium;s__Bifidobacterium_longum	k__Bacteria;p__Firmicutes;c__Clostridia;o__Clostridiales;f__;g__Flavonifractor;s__Flavonifractor_plautii	k__Bacteria;p__Firmicutes;c__Clostridia;o__Clostridiales;f__Clostridiaceae;g__Clostridium;s__Clostridium_phoceensis	k__Bacteria;p__Verrucomicrobia;c__Verrucomicrobiae;o__Verrucomicrobiales;f__Akkermansiaceae;g__Akkermansia;s__Akkermansia_muciniphila	k__Bacteria;p__Bacteroidetes;c__Bacteroidia;o__Bacteroidales;f__Prevotellaceae;g__Paraprevotella;s__Paraprevotella_xylaniphila	k__Bacteria;p__Firmicutes;c__Clostridia;o__Clostridiales;f__Ruminococcaceae;g__Ruminococcus;s__Ruminococcus_callidus	k__Bacteria;p__Bacteroidetes;c__Bacteroidia;o__Bacteroidales;f__Rikenellaceae;g__Alistipes;s__Alistipes_senegalensis	k__Bacteria;p__Firmicutes;c__Clostridia;o__Clostridiales;f__Lachnospiraceae;g__Blautia;s__Blautia_sp._KLE_1732	k__Bacteria;p__Bacteroidetes;c__Bacteroidia;o__Bacteroidales;f__Bacteroidaceae;g__Bacteroides;s__Bacteroides_oleiciplenus	k__Bacteria;p__Firmicutes;c__Clostridia;o__Clostridiales;f__Ruminococcaceae;g__Ruminococcus;s__Ruminococcus_bicirculans	k__Bacteria;p__Bacteroidetes;c__Bacteroidia;o__Bacteroidales;f__Bacteroidaceae;g__Bacteroides;s__Bacteroides_fluxus	k__Bacteria;p__Bacteroidetes;c__Bacteroidia;o__Bacteroidales;f__Prevotellaceae;g__Prevotella;s__Prevotella_stercorea	k__Bacteria;p__Firmicutes;c__Clostridia;o__Clostridiales;f__Lachnospiraceae;g__Dorea;s__Dorea_longicatena	k__Bacteria;p__Firmicutes;c__Clostridia;o__Clostridiales;f__Eubacteriaceae;g__Eubacterium;s__[Eubacterium]_eligens	k__Bacteria;p__Firmicutes;c__Clostridia;o__Clostridiales;f__Ruminococcaceae;g__;s__Ruminococcaceae_bacterium_D16	k__Bacteria;p__Firmicutes;c__Clostridia;o__Clostridiales;f__Lachnospiraceae;g__Coprococcus;s__Coprococcus_comes	k__Bacteria;p__Proteobacteria;c__Gammaproteobacteria;o__Enterobacterales;f__Enterobacteriaceae;g__Escherichia;s__Escherichia_coli	k__Bacteria;p__Firmicutes;c__Clostridia;o__Clostridiales;f__Ruminococcaceae;g__Anaerotruncus;s__Anaerotruncus_colihominis	k__Bacteria;p__Firmicutes;c__Clostridia;o__Clostridiales;f__Lachnospiraceae;g__Blautia;s__Blautia_obeum	k__Bacteria;p__Bacteroidetes;c__Bacteroidia;o__Bacteroidales;f__Odoribacteraceae;g__Odoribacter;s__Odoribacter_laneus	k__Bacteria;p__Firmicutes;c__Clostridia;o__Clostridiales;f__Ruminococcaceae;g__Ruminiclostridium;s__[Clostridium]_leptum	k__Bacteria;p__Bacteroidetes;c__Bacteroidia;o__Bacteroidales;f__Porphyromonadaceae;g__Parabacteroides;s__Parabacteroides_goldsteinii	k__Bacteria;p__Firmicutes;c__Clostridia;o__Clostridiales;f__Lachnospiraceae;g__Anaerostipes;s__Anaerostipes_hadrus	k__Bacteria;p__Firmicutes;c__Clostridia;o__Clostridiales;f__Ruminococcaceae;g__Ruminococcus;s__Ruminococcus_lactaris	k__Bacteria;p__Firmicutes;c__Clostridia;o__Clostridiales;f__Clostridiaceae;g__Clostridium;s__Clostridium_sp._L2-50	k__Bacteria;p__Firmicutes;c__Clostridia;o__Clostridiales;f__Clostridiaceae;g__Clostridium;s__Clostridium_sp._M62/1	k__Bacteria;p__Firmicutes;c__Clostridia;o__Clostridiales;f__;g__Intestinimonas;s__Intestinimonas_butyriciproducens	k__Bacteria;p__Actinobacteria;c__Actinobacteria;o__Bifidobacteriales;f__Bifidobacteriaceae;g__Bifidobacterium;s__Bifidobacterium_bifidum	k__Bacteria;p__Firmicutes;c__Negativicutes;o__Veillonellales;f__Veillonellaceae;g__Dialister;s__Dialister_invisus	k__Bacteria;p__Bacteroidetes;c__Bacteroidia;o__Bacteroidales;f__Bacteroidaceae;g__Bacteroides;s__Bacteroides_salanitronis
k__Bacteria;p__Bacteroidetes;c__Bacteroidia;o__Bacteroidales;f__Bacteroidaceae;g__Bacteroides;s__Bacteroides_vulgatus	1.0	-0.157566995773	0.0179139518095	0.0267273095342	0.0298637358658	-0.11135166196	-0.0274480741641	-0.0639357386454	-0.0366820448416	-0.0189010016468	-0.0551856754871	0.0698289689261	-0.107721840483	0.0788339553205	0.0145071534826	0.00437094194219	-0.0588351809815	-0.0395140654272	-0.0584306658456	-0.0182275977667	0.0324090445204	-0.0312961403204	-0.110717505207	-0.0270932337068	0.0343369047534	-0.0446403936138	0.0179917810696	-0.0260849534929	0.0492059473573	0.0293016652417	0.0143769173746	-0.0958431495075	-0.0853228468285	-0.093657997101	0.00360648763477	-0.0805109668748	0.00795363071435	-0.0386572139843	-0.0809062804452	-0.0340611644214	0.00365777500798	-0.0887043336772	-0.0772666792629	0.0757670104487	-0.042975148796	-0.0790296204766	-0.0490479649831	0.0348945642072	-0.0241256552654	0.0291635974142	0.0530848937974	-0.0438222543152	-0.075404540941	-0.119563690952	0.00437676863632	0.075356594812	0.0281306951897	0.0244158380648	0.0235567692631
k__Bacteria;p__Bacteroidetes;c__Bacteroidia;o__Bacteroidales;f__Bacteroidaceae;g__Bacteroides;s__Bacteroides_uniformis	-0.157566995773	1.0	-0.0684077602268	-0.0311739590058	-0.0801631166353	-0.0126000711512	-0.0638904276815	-0.0410889944912	0.0695895104259	-0.120062476587	-0.0480589356671	0.0500752792173	0.0390682573496	-0.161920645397	-0.0616030985547	-0.10227262357	-0.00691302488997	-0.144179881997	0.00773890000266	-0.0178120984243	-0.0955577148703	0.106935936093	0.00416690205847	-0.0364705068653	-0.117513782596	-0.0783052978342	-0.0395286507834	-0.047175815822	0.120074747589	-0.0675737270333	0.00811978777397	-0.235048483266	-0.0453923647036	-0.138291378055	-0.0489266193985	-0.0431380748407	0.00353636763678	-0.0661014803878	0.0716710682924	-0.0554183318435	-0.0937159301229	-0.0687047994525	-0.0248229325098	-0.0951905342297	-0.0759875894901	0.0220016046067	-0.187718896854	0.0206778205483	-0.100517329639	0.0312008657116	-0.0269204835349	0.0363034194883	-0.0342136574816	0.0770439628318	-0.0200839493068	-0.0862771982445	0.0117120934666	-0.0814144788856	-0.0126126089886
k__Bacteria;p__Bacteroidetes;c__Bacteroidia;o__Bacteroidales;f__Rikenellaceae;g__Alistipes;s__Alistipes_putredinis	0.0179139518095	-0.0684077602268	1.0	-0.0596830678121	-0.0410731596952	-0.0386389929163	0.0576020575075	-0.0443843254567	-0.0158749035109	0.0217325425687	-0.0603275576183	0.0592129032763	-0.0432425797841	0.117584664838	0.0548751116074	0.0401445453623	-0.13522410322	0.0386989193302	0.0917337913465	0.0484044349727	-0.0750422725976	-0.0663055294555	-0.071796332544	-4.46698505041e-05	-0.108059618892	0.0676427864141	0.0501897506322	-0.0596305072711	-0.0901031758469	-0.0511740955449	0.0290447603938	0.0684217896281	0.0554023706997	0.0499252098054	-0.0658805183461	-0.0824374003016	0.00551884023709	-0.0179647415052	-0.0608934464634	-0.00711036222857	-0.046648868461	-0.123152242765	0.0256639126062	0.0350152249923	-0.0803285108297	-0.0141871277028	0.02430829258	0.0674619675251	-0.0407520062974	0.00622773152043	-0.161265972595	-0.0571035677812	0.0513616012556	0.0534719454435	-0.0733052232795	-0.1307011811	-0.031530056074	-0.124478363412	-0.0777416047337
k__Bacteria;p__Bacteroidetes;c__Bacteroidia;o__Bacteroidales;f__Prevotellaceae;g__Prevotella;s__Prevotella_copri	0.0267273095342	-0.0311739590058	-0.0596830678121	1.0	0.0550960008269	-0.0415145008047	-0.09317372005	0.0640907471894	-0.0988551218146	-0.119911683138	0.00387580208016	0.048662181004	-0.0104758047485	-0.0403162639208	-0.11318687074	-0.163246703914	-0.0167814137109	-0.163506626724	0.0275807559208	0.0353526860414	-0.0778719590048	-0.00211500124656	-0.033870889024	-5.48034140524e-05	-0.0952656082256	-0.0932977573157	-0.0163705657162	0.00136884349129	-0.0116609492038	-0.0592200568986	-0.123285090611	0.072677558443	0.0552022823419	-0.00695049988157	-0.0615298193566	-0.027742222838	-0.0633002151464	-0.00545575069671	0.019196438709	0.00811596712747	-0.0797084955906	-0.0751751047962	0.0545829360593	-0.0506533999769	-0.0385476347641	0.0466286348075	-0.118909556096	-0.0997561332823	-0.056953299424	-0.12545003152	-0.0336277042199	-0.0401206081518	0.034331859097	-0.0173741965559	-0.0927864463525	-0.0742331806562	-0.00793341646713	-0.0548352865167	-0.0164058468017
k__Bacteria;p__Bacteroidetes;c__Bacteroidia;o__Bacteroidales;f__Bacteroidaceae;g__Bacteroides;s__Bacteroides_stercoris	0.0298637358658	-0.0801631166353	-0.0410731596952	0.0550960008269	1.0	0.0579130667455	-0.0728432102694	-0.0406820107491	-0.0226985358421	-0.0270976985906	0.0614839693211	-0.0461061001097	-0.0344846646009	-0.0474344838186	-0.0357803942418	-0.141834957907	-0.0593424946132	-0.0773428792032	0.0165729443258	-0.115130451378	0.0417378783619	-0.0258767017367	0.0649540663734	0.0355575225355	-0.0552833829056	-0.0208490827018	0.00920139579761	0.0483085428609	-0.0321228714602	-0.0595025731681	-0.0576023475139	0.0295426634614	-0.17841627794	-0.0780304488367	-0.0641218750739	-0.0543532795141	-0.0679396874255	-0.0199115529976	-0.0263096758312	0.113683302876	-0.0843990325516	0.0513137815431	-0.0798581802445	-0.0524741164326	-0.114978630607	-0.201123060506	-0.0631126836815	0.0400864500864	-0.0146876032149	-0.020554456359	-0.143911558799	-0.131415787533	-0.106311287066	-0.0390838898433	0.0224328992664	0.199552639416	-0.136582937674	0.11032289639	0.04968870151
k__Bacteria;p__Bacteroidetes;c__Bacteroidia;o__Bacteroidales;f__Bacteroidaceae;g__Bacteroides;s__Bacteroides_ovatus	-0.11135166196	-0.0126000711512	-0.0386389929163	-0.0415145008047	0.0579130667455	1.0	-0.0704318810972	0.186172223057	0.00327544748364	-0.165594834749	-0.105373979172	-0.0952405267605	0.0985003797699	-0.0729863541183	0.0482601733208	-0.0928321373763	-0.0828694595039	-0.0175661273383	-0.080779039511	-0.0726104916889	-0.0247593786495	-0.0372122269093	0.00869648784103	-0.086001691416	-0.0834535706266	-0.072135332258	0.0451770703083	-0.0310748570127	-0.0112301177152	0.0309858230941	-0.0399467508077	-0.0287232237165	0.00539491099317	-0.00340353650249	-0.0105233747804	-0.0454905438636	-0.100550891039	-0.105964452335	-0.0230291936888	-0.118140679371	0.081456729336	-0.0947466343174	-0.029035467585	-0.0384843157928	0.00842391054246	0.0734324335392	-0.181520373645	-0.158088907246	0.0224344243999	-0.0718275172206	0.0338823772741	-0.063844374302	0.0601783443557	0.0610993063526	0.00702299884261	0.00991442570365	-0.0536572077261	-0.0462455543307	0.00251337013735
k__Bacteria;p__Bacteroidetes;c__Bacteroidia;o__Bacteroidales;f__Rikenellaceae;g__Alistipes;s__Alistipes_shahii	-0.0274480741641	-0.0638904276815	0.0576020575075	-0.09317372005	-0.0728432102694	-0.0704318810972	1.0	-0.0364905895912	-0.060576084586	0.105377886434	0.0268945850049	0.0325003124485	-0.062579061695	-0.00529542093011	0.0571673319338	0.0370878244216	0.00681011478229	-0.0502495194388	-0.0137716231704	0.0108522173354	-0.105460965155	0.0249372201945	-0.109699868574	-0.0135988746295	0.0511231962388	-0.0642512328916	0.0745869757116	-0.236792812153	-0.0919048157342	0.0323017038159	0.0143049039547	0.0365963271148	-0.121074159996	-0.0522525489312	0.0340744341894	0.0254719432341	-0.0247038202332	0.143368165722	-0.152807466991	0.0202675701461	-0.146251594068	0.029936292036	-0.122851212388	-0.0976343425689	-0.117394176247	-0.0738950998529	0.074495659469	-0.0390026915947	-0.0276308655761	-0.047647983543	0.020027291254	-0.017675702829	0.0516687763412	-0.0442861464607	-0.00170476388855	-0.0344170227234	-0.0606037310394	-0.148155209657	-0.0823909982661
k__Bacteria;p__Firmicutes;c__Clostridia;o__Clostridiales;f__Ruminococcaceae;g__Faecalibacterium;s__Faecalibacterium_prausnitzii	-0.0639357386454	-0.0410889944912	-0.0443843254567	0.0640907471894	-0.0406820107491	0.186172223057	-0.0364905895912	1.0	-0.137116446965	0.0292671223162	-0.00727624656629	-0.0448090580966	-0.00279177004069	0.00240574384012	-0.0454782229823	0.0407168255878	-0.0846475253476	0.0102858186427	-0.0793790436291	-0.105329281082	-0.0235908447548	-0.0116120104265	-0.138374882882	-0.0627417308533	0.0781099773297	-0.0670086780577	0.0189825707798	-0.00704370027219	-0.0312364259349	-0.0322835500994	-0.0135703433086	0.00127714582244	0.0200491036057	-0.0319988768523	-0.078019227494	-0.129176899694	-0.0170830574235	-0.0467659822211	-0.0277015715585	-0.0689247270022	0.0133019951047	-0.00860819031883	-0.0151757079969	-0.0684596951122	-0.092640185653	0.0449658384709	-0.133646722628	-0.127679879275	0.0419262696804	0.0151230788874	-0.0500094775339	-0.0546255317837	-0.0075109992934	0.0451122825733	-0.0659739289866	0.0346436366928	0.0206166547968	-0.0901389267535	-0.0219193383585
k__Bacteria;p__Bacteroidetes;c__Bacteroidia;o__Bacteroidales;f__Rikenellaceae;g__Alistipes;s__Alistipes_finegoldii	-0.0366820448416	0.0695895104259	-0.0158749035109	-0.0988551218146	-0.0226985358421	0.00327544748364	-0.060576084586	-0.137116446965	1.0	0.0378901620805	-0.0123400298016	0.0313493396501	-0.0383269331603	0.100332001796	-0.0667236902451	-0.0223161881109	-0.0894444030945	0.0474513125098	-0.0809456874131	-0.0905100995109	-0.0826701053446	-0.0933551470284	-0.0949267603983	-0.0538454580261	-0.0317602796995	0.0253923469605	-0.00418859954408	-0.089331866508	-0.0819322680914	0.089435920728	-0.0381355653049	0.00763542579816	-0.0279093863002	-0.0049977242082	-0.0737897408032	-0.046073873852	-0.114617038217	-0.0402242016112	0.01990811703	0.0072614017258	-0.0583323163868	-0.0338619302487	-0.0496602157866	-0.05570592676	0.0434393997341	-0.115265646392	-0.0598888140158	-0.0974813951619	0.0215303094222	0.0251788052304	0.0484593122049	0.0512951326515	-0.103377424501	-0.0684317923154	0.0129942734529	-0.107692497305	-0.00231503625166	0.117903364035	-0.0680368010761
k__Bacteria;p__Bacteroidetes;c__Bacteroidia;o__Bacteroidales;f__Porphyromonadaceae;g__Parabacteroides;s__Parabacteroides_distasonis	-0.0189010016468	-0.120062476587	0.0217325425687	-0.119911683138	-0.0270976985906	-0.165594834749	0.105377886434	0.0292671223162	0.0378901620805	1.0	-0.0733014466955	-0.105685103501	0.0550797540711	-0.150536634803	0.0588236026754	0.0696643105691	0.00767497151621	-0.0268695798407	0.0230437833435	-0.0700870278976	0.0175110163847	-0.0632462679951	0.05012110947	0.00552714636175	-0.10254681125	-0.054305289088	-0.0341384579412	0.0185930883109	-0.0621423360714	0.0507673356964	-0.0595597291654	-0.059857741027	0.0506814418631	-0.0530770225845	-0.0782915949104	0.0773065728055	-0.0886005544255	-0.144653692026	0.0339544014602	-0.0582579316988	-0.0565175656899	-0.0400663568427	-0.0246107087325	-0.0794664186688	-0.0674377388687	-0.0116768724968	0.103559996291	-0.129530032653	0.00212819054362	0.0593138578079	0.014687250989	-0.0204276521871	0.00130186795401	0.123219114743	0.023104637486	-0.0531323761489	0.0269722541429	0.00989345401687	-0.0301774895569
k__Bacteria;p__Bacteroidetes;c__Bacteroidia;o__Bacteroidales;f__Bacteroidaceae;g__Bacteroides;s__Bacteroides_thetaiotaomicron	-0.0551856754871	-0.0480589356671	-0.0603275576183	0.00387580208016	0.0614839693211	-0.105373979172	0.0268945850049	-0.00727624656629	-0.0123400298016	-0.0733014466955	1.0	-0.0495237852452	0.0502327196638	0.0800679240533	0.0384974143092	-0.0625538975594	-0.0499425032409	-0.133343169439	0.0112242112109	-3.01333839583e-05	0.0934120843879	-0.00461498595784	-0.0637131498727	-0.0717754459403	-0.0263984650883	-0.0452651224898	-0.027664787795	-0.0267303213349	-0.0767771667342	-0.111851131609	-0.123634629327	-0.0584243824944	-0.0107087367948	-0.049002703511	-0.198010748696	-0.0140845138196	-0.0309265616477	-0.0231385323932	-0.0584764102448	0.0466717007681	0.00749065925348	-0.0941290819877	-0.153734369639	0.0669972461885	-0.0811600865232	-0.0561466493058	-0.0289408145629	-0.110757622955	0.0597080784291	-0.17399251486	-0.116875494246	-0.0690673367564	-0.0224006282897	-0.078915268725	0.00770802163153	-0.0117696788681	0.0100582280168	0.0419611524564	0.0275491289432
k__Bacteria;p__Bacteroidetes;c__Bacteroidia;o__Bacteroidales;f__Bacteroidaceae;g__Bacteroides;s__Bacteroides_coprocola	0.0698289689261	0.0500752792173	0.0592129032763	0.048662181004	-0.0461061001097	-0.0952405267605	0.0325003124485	-0.0448090580966	0.0313493396501	-0.105685103501	-0.0495237852452	1.0	-0.0828005052474	0.0843757409868	-0.0239785656827	0.0391178040787	-0.00546951088149	0.116467513128	0.122197013159	0.0331577765282	-0.0959920728706	-0.0627711779787	-0.0372134615943	-0.0627419974825	-0.0694145835691	-0.112201068985	-0.0160281996163	-0.0821235517634	-0.0209042621285	-0.0447642987302	-0.0589658941622	0.0169307159596	-0.0641117609136	-0.0725461396053	0.041350524876	0.00804692157972	-0.112204790827	-0.0101171532206	0.0443750806496	-0.0674127329562	-0.0376791528181	0.127858773834	-0.135017708473	0.0583146280395	-0.034118735479	0.0595451166391	-0.0284730482467	0.124871257795	-0.0279920376936	-0.0885823171514	-0.0651723628462	0.0743014203441	-0.0460152509474	-0.0723016192146	0.0656532803882	0.0556165434193	0.0422777649285	-0.168026900291	-0.0746238936858
k__Bacteria;p__Bacteroidetes;c__Bacteroidia;o__Bacteroidales;f__Bacteroidaceae;g__Bacteroides;s__Bacteroides_cellulosilyticus	-0.107721840483	0.0390682573496	-0.0432425797841	-0.0104758047485	-0.0344846646009	0.0985003797699	-0.062579061695	-0.00279177004069	-0.0383269331603	0.0550797540711	0.0502327196638	-0.0828005052474	1.0	0.061756830613	-0.0271317315199	0.033889766626	-0.113227513479	0.0123016414521	-0.175751729639	0.0814709494901	-0.033074750989	0.0378133934298	-0.100313963283	-0.115989412892	-0.0933265184327	-0.103734247876	-0.00406395341757	0.00652969593342	-0.13730891729	-0.0185804524052	0.0516822359691	-0.0817431480195	0.00343296744623	0.0104298073919	-0.118468386351	-0.0260776178242	-0.116294347914	0.00244314448923	-0.00311059998326	0.0687392408994	-0.0258117129661	-0.0791714691695	0.00482440551023	-0.185521408479	-0.0528925333126	-0.00235306443109	-0.170143121206	-0.055930812861	-0.0942669383782	-0.0903322121583	0.00566877816782	-0.0323866247008	0.11586780456	0.0437253208439	0.0286928741543	-0.0227232469104	0.040491439656	-0.00133314608255	0.0294470577834
k__Bacteria;p__Bacteroidetes;c__Bacteroidia;o__Bacteroidales;f__Rikenellaceae;g__Alistipes;s__Alistipes_obesi	0.0788339553205	-0.161920645397	0.117584664838	-0.0403162639208	-0.0474344838186	-0.0729863541183	-0.00529542093011	0.00240574384012	0.100332001796	-0.150536634803	0.0800679240533	0.0843757409868	0.061756830613	1.0	-0.0487736915768	0.0336444108086	-0.00820736287209	-0.0295523521917	-0.0815563270995	-0.0606842532767	0.0251694742955	0.00823163751383	-0.0683942828529	-0.0380186312285	-0.0219747996514	-0.0805627585786	0.0148663887169	0.0946601296413	0.139995440888	-0.0322875547716	-0.0233942035366	0.128959342739	-0.0665450061911	-0.0074773722215	-0.143347050347	-0.080245220398	0.00446859579098	-0.0557243849163	-0.0852920822286	-0.0693518090246	-0.11054133678	-0.12496995323	-0.154035399641	-0.0534336276569	-0.0825276462745	-0.00466751107838	-0.0672654554342	0.0188429217588	-0.0269765171031	-0.129058227169	0.0285794656419	-0.0889795909513	0.0291713471057	0.0448555542296	-0.00605329361825	0.00421897482352	-0.0377476092756	-0.0491117995376	-0.0869239161663
k__Bacteria;p__Firmicutes;c__Clostridia;o__Clostridiales;f__Lachnospiraceae;g__;s__[Eubacterium]_rectale	0.0145071534826	-0.0616030985547	0.0548751116074	-0.11318687074	-0.0357803942418	0.0482601733208	0.0571673319338	-0.0454782229823	-0.0667236902451	0.0588236026754	0.0384974143092	-0.0239785656827	-0.0271317315199	-0.0487736915768	1.0	0.0308720938101	-0.189122029077	-0.130792273853	-0.0402494760955	-0.0182909324052	-0.0481163060728	-0.0942150835263	-0.0307524076002	-0.0556778582025	-0.0255400618409	0.00737034540461	-0.0851681470421	-0.0462865709116	-0.0580567950028	0.00470221852189	0.02692846685	0.0142745590723	-0.0704703796409	-0.00912086155119	-0.0395893783277	0.0454820699581	0.0170015130828	0.0196341689257	-0.0151770575053	-0.156083924759	-0.0655211492303	-0.161439207128	-0.126393334165	0.0406457614932	-0.100920701973	0.0321962694754	-0.0494385601854	0.0437186056307	-0.0112262512043	0.104548572282	-0.03579161485	-0.0554452143686	-0.108191993902	0.0417218834861	-0.0735930178562	-0.0953387343577	-0.0663612206453	-0.0468155537529	0.0230437258309
k__Bacteria;p__Bacteroidetes;c__Bacteroidia;o__Bacteroidales;f__Bacteroidaceae;g__Bacteroides;s__Bacteroides_plebeius	0.00437094194219	-0.10227262357	0.0401445453623	-0.163246703914	-0.141834957907	-0.0928321373763	0.0370878244216	0.0407168255878	-0.0223161881109	0.0696643105691	-0.0625538975594	0.0391178040787	0.033889766626	0.0336444108086	0.0308720938101	1.0	0.0631548515404	-0.0242126623469	-0.0249427223278	-0.0143707260288	-0.0318200476337	-0.0524806703566	-0.078008194594	-0.108324884933	-0.193663500543	-0.0344667048762	-0.0942042692696	0.0816370831712	-0.0848933015556	0.100090037005	0.00745437890068	-0.0159602792237	0.0674982507007	-0.0743146092323	-0.0536565846652	-0.0634784461132	-0.0177577688457	-0.0356072880089	-0.14821956593	-0.0601556488995	0.00077832638827	-0.110044711858	-0.06291163391	-0.0179051659939	0.017667017508	-0.0539583626733	-0.0114102175566	0.047285589063	-0.00876278956964	0.0350231118443	-0.0893828160934	-0.0429915936442	-0.0340819723372	-0.0658451486952	-0.125784076165	0.0206390401463	-0.05603441973	-0.102174542828	0.0385855431553
k__Bacteria;p__Bacteroidetes;c__Bacteroidia;o__Bacteroidales;f__Bacteroidaceae;g__Bacteroides;s__Bacteroides_fragilis	-0.0588351809815	-0.00691302488997	-0.13522410322	-0.0167814137109	-0.0593424946132	-0.0828694595039	0.00681011478229	-0.0846475253476	-0.0894444030945	0.00767497151621	-0.0499425032409	-0.00546951088149	-0.113227513479	-0.00820736287209	-0.189122029077	0.0631548515404	1.0	0.0248038778485	-0.0290706799327	-0.0635670637396	0.0554627541639	0.105900160749	0.0482191030046	0.0305294212789	0.00210262519425	0.0309150627245	-0.0477976735962	-0.0542566625446	0.0395614707953	-0.0780139091432	-0.195199665277	0.124523684189	-0.0862496356443	-0.001969939414	0.0163858922577	-0.0526239882041	-0.0177431649034	0.00256228749469	-0.0723248734006	-0.0160915368091	0.0278214678589	0.0506043484756	-0.044158469581	-0.102291906315	0.0157958266194	-0.0848720786224	0.0349088145063	-0.0702177922794	-0.127340349045	-0.00380691073198	-0.0816478035059	-0.0682179330004	-0.0980936099368	0.131341759328	-0.0972713628398	-0.108552972642	0.0506076098714	-0.144200385107	-0.0154660841514
k__Bacteria;p__Proteobacteria;c__Betaproteobacteria;o__Burkholderiales;f__Sutterellaceae;g__Sutterella;s__Sutterella_wadsworthensis	-0.0395140654272	-0.144179881997	0.0386989193302	-0.163506626724	-0.0773428792032	-0.0175661273383	-0.0502495194388	0.0102858186427	0.0474513125098	-0.0268695798407	-0.133343169439	0.116467513128	0.0123016414521	-0.0295523521917	-0.130792273853	-0.0242126623469	0.0248038778485	1.0	0.0503059560611	0.0100916237286	-0.0108937341186	-0.0250826550795	0.183856575092	-0.0626480973795	-0.00918258128102	-0.00792347004325	-0.0108120190942	-0.0841109333774	0.0417443539271	-0.118312415509	-0.132479501133	-0.0502442271539	0.0601906443233	-0.106895747174	-0.126668306784	-0.0139919763696	-0.0946986799514	0.092929250855	0.0390271944446	-0.0833573863037	-0.0229956678147	-0.122678290415	0.0354464355146	-0.0770390759218	-0.0607980195501	0.080819118523	-0.167145747354	-0.0235455052353	0.0236245685668	-0.0940514846046	-0.0254384942189	-0.0194178748769	-0.0110370463576	-0.0681287394856	0.0116580480915	0.0923249969167	-0.0617202844323	-0.0175442456085	0.111937830607
k__Bacteria;p__Bacteroidetes;c__Bacteroidia;o__Bacteroidales;f__Porphyromonadaceae;g__Barnesiella;s__Barnesiella_intestinihominis	-0.0584306658456	0.00773890000266	0.0917337913465	0.0275807559208	0.0165729443258	-0.080779039511	-0.0137716231704	-0.0793790436291	-0.0809456874131	0.0230437833435	0.0112242112109	0.122197013159	-0.175751729639	-0.0815563270995	-0.0402494760955	-0.0249427223278	-0.0290706799327	0.0503059560611	1.0	-0.0265080428062	-0.0138600872927	0.109813218124	0.0937609559792	-0.0107519346032	-0.17536447034	-0.0698110518173	0.0765025874948	-0.0142597354395	-0.107637931466	0.0229378863739	0.0431886643096	-0.0743351756056	-0.0895349605177	-0.0590239660483	0.0374658799474	-0.00218386997424	-0.100516316959	0.00620339428541	-0.000754954638278	-0.0216884134502	-0.0520530991171	-0.124283906135	0.116637199394	-0.0570027795273	0.0582672829304	-0.0676932401583	-0.0583513914132	0.0794508370963	0.00548630221144	-0.134276969205	-0.0655508207778	-0.0919661404641	-0.0477685663899	0.0885232639687	-0.113679753118	-0.0688186256838	-0.0026028617999	-0.0555770610713	-0.00654958729182
k__Bacteria;p__Bacteroidetes;c__Bacteroidia;o__Bacteroidales;f__Odoribacteraceae;g__Odoribacter;s__Odoribacter_splanchnicus	-0.0182275977667	-0.0178120984243	0.0484044349727	0.0353526860414	-0.115130451378	-0.0726104916889	0.0108522173354	-0.105329281082	-0.0905100995109	-0.0700870278976	-3.01333839583e-05	0.0331577765282	0.0814709494901	-0.0606842532767	-0.0182909324052	-0.0143707260288	-0.0635670637396	0.0100916237286	-0.0265080428062	1.0	-0.114257465249	-0.0548230040702	0.0196719581788	-0.0187020160465	0.050037875174	-0.0933425992154	0.0769434090594	-0.0965716421287	-0.0978516351062	-0.0636099291677	-0.0537647313006	-0.0409143904287	-0.0504084249174	-0.0836122096027	-0.0327323764568	-0.0581881946755	0.0665476824607	-0.00145960085912	-0.0104549558235	0.139816439038	0.060726993775	-0.0596879880204	0.0334745164378	-0.0141618713501	-0.0539231492773	-0.00924104191157	-0.0353933632751	-0.0342427396104	-0.0697175775476	0.0068997433271	-0.237231814287	-0.120055898387	-0.10949897823	-0.0611788359968	0.00922215582614	0.0798786351435	-0.0772051212348	-0.0872833832147	-0.0887867549519
k__Bacteria;p__Bacteroidetes;c__Bacteroidia;o__Bacteroidales;f__Bacteroidaceae;g__Bacteroides;s__Bacteroides_salyersiae	0.0324090445204	-0.0955577148703	-0.0750422725976	-0.0778719590048	0.0417378783619	-0.0247593786495	-0.105460965155	-0.0235908447548	-0.0826701053446	0.0175110163847	0.0934120843879	-0.0959920728706	-0.033074750989	0.0251694742955	-0.0481163060728	-0.0318200476337	0.0554627541639	-0.0108937341186	-0.0138600872927	-0.114257465249	1.0	-0.0506905302652	0.0229781490228	-0.108071230394	0.0280400836492	0.0768923955301	-0.0457016506057	0.00512945864701	0.161292642267	0.00384030729196	-0.00832787880552	0.0298947939725	0.0341607031175	-0.121974449118	0.00265948291578	0.0610570320667	0.0158479435775	0.0191289565263	-0.123475794117	0.0518016930762	-0.0122594269367	-0.0870610915512	-0.0405091110034	0.0413314462392	-0.00864564378329	-0.085550800808	0.0215574571489	0.0379015730929	-0.0685291805584	-0.0209094257566	0.019866536931	0.0894574792045	0.0297508138912	0.047028813671	-0.122715279472	-0.0373447993449	-0.119870582348	0.0828571437784	-0.104593467505
k__Bacteria;p__Firmicutes;c__Clostridia;o__Clostridiales;f__Ruminococcaceae;g__Ruminiclostridium;s__[Eubacterium]_siraeum	-0.0312961403204	0.106935936093	-0.0663055294555	-0.00211500124656	-0.0258767017367	-0.0372122269093	0.0249372201945	-0.0116120104265	-0.0933551470284	-0.0632462679951	-0.00461498595784	-0.0627711779787	0.0378133934298	0.00823163751383	-0.0942150835263	-0.0524806703566	0.105900160749	-0.0250826550795	0.109813218124	-0.0548230040702	-0.0506905302652	1.0	-0.012936851116	0.105475724844	0.0185302495806	-0.0784344308155	-0.0242622428984	-0.0994227777433	-0.0802137878147	-0.118434987138	-0.0724769724536	0.0668932435231	-0.0169703422604	0.0701477344834	-0.0589992803767	-0.023544490288	-0.0369614342053	0.0222647613454	-0.0458684153485	-0.0328395480848	-0.11041179887	-0.174354467225	0.0237079263457	-0.0431600409041	-0.0950638405075	-0.0847651916761	-0.0053043235845	-0.0522390787033	-0.103709845495	-0.0353746276658	0.0020885575785	-0.00231760952077	-0.0785040255034	0.00518372217171	-0.0401378949515	0.190962296598	-0.0711168643511	-0.0304786514762	0.00208551331769
k__Bacteria;p__Proteobacteria;c__Betaproteobacteria;o__Burkholderiales;f__Sutterellaceae;g__Parasutterella;s__Parasutterella_excrementihominis	-0.110717505207	0.00416690205847	-0.071796332544	-0.033870889024	0.0649540663734	0.00869648784103	-0.109699868574	-0.138374882882	-0.0949267603983	0.05012110947	-0.0637131498727	-0.0372134615943	-0.100313963283	-0.0683942828529	-0.0307524076002	-0.078008194594	0.0482191030046	0.183856575092	0.0937609559792	0.0196719581788	0.0229781490228	-0.012936851116	1.0	-0.00306674009558	-0.109583122479	-0.0127955857452	-0.14985731721	0.067663068913	0.0203145725996	-0.0848592820622	0.0264568160019	0.0312876648864	-0.118474766174	0.024199172106	-0.125607438533	-0.0848549796885	-0.0881697126983	-0.126202845616	-0.0290635504322	0.0182517510287	0.00257845973113	-0.0484576180791	0.0462498223388	-0.0823904891573	0.00237709178722	-0.0475361579455	-0.167866790869	-0.0339613283956	0.027442523157	-0.139294425294	0.0780569198829	0.0449289067139	-0.00467022465724	0.0577700357249	0.0464873624433	0.0215890132835	-0.0235735827579	-0.0141437213094	-0.0299195624096
k__Bacteria;p__Actinobacteria;c__Actinobacteria;o__Bifidobacteriales;f__Bifidobacteriaceae;g__Bifidobacterium;s__Bifidobacterium_adolescentis	-0.0270932337068	-0.0364705068653	-4.46698505041e-05	-5.48034140524e-05	0.0355575225355	-0.086001691416	-0.0135988746295	-0.0627417308533	-0.0538454580261	0.00552714636175	-0.0717754459403	-0.0627419974825	-0.115989412892	-0.0380186312285	-0.0556778582025	-0.108324884933	0.0305294212789	-0.0626480973795	-0.0107519346032	-0.0187020160465	-0.108071230394	0.105475724844	-0.00306674009558	1.0	0.0199199117188	-0.0107017613942	-0.0736020999063	-0.182503227419	-0.122649384136	-0.0327767672204	-0.0576003574323	0.0329015991221	0.0140391378821	0.0297975694967	-0.0156178770631	0.0219640143149	-0.0893314132462	0.0802609808678	-0.104707776682	-0.0554746020321	-0.0799246061464	-0.0236126419529	0.087867692878	0.0309312414792	-0.00999992471728	-0.151439065984	0.154705384735	0.0555137159222	-0.0426795830509	-0.0427400061784	0.0121650819297	0.0463893154168	-0.0608618475461	-0.0795470811483	-0.124097798786	-0.0733499688748	0.178068559945	0.0025057089519	-0.044132039785
k__Bacteria;p__Firmicutes;c__Clostridia;o__Clostridiales;f__Oscillospiraceae;g__Oscillibacter;s__Oscillibacter_sp._KLE_1745	0.0343369047534	-0.117513782596	-0.108059618892	-0.0952656082256	-0.0552833829056	-0.0834535706266	0.0511231962388	0.0781099773297	-0.0317602796995	-0.10254681125	-0.0263984650883	-0.0694145835691	-0.0933265184327	-0.0219747996514	-0.0255400618409	-0.193663500543	0.00210262519425	-0.00918258128102	-0.17536447034	0.050037875174	0.0280400836492	0.0185302495806	-0.109583122479	0.0199199117188	1.0	-0.0141712982453	0.0694218007885	-0.0662703951668	0.0580139570695	-0.000361226103753	-0.0507044599744	-0.0428644023267	-0.043874146414	0.0872185267814	-0.0671066509449	0.0697340219332	0.125649639207	-0.0518950534039	0.0414318574091	-0.0339017507905	-0.0796080076003	-0.0158811571022	-0.100360971642	0.0441327132487	-0.0376094054973	-0.0586070962023	-0.0918160875031	0.00353120335572	-0.0451438558057	-0.0657118878689	0.0473845247284	-0.0402058187061	-0.0611140606873	-0.102182485946	-0.0456378600615	-0.0100962592891	-0.0282193157182	-0.113848694671	-0.0267582367328
k__Bacteria;p__Bacteroidetes;c__Bacteroidia;o__Bacteroidales;f__Bacteroidaceae;g__Bacteroides;s__Bacteroides_coprophilus	-0.0446403936138	-0.0783052978342	0.0676427864141	-0.0932977573157	-0.0208490827018	-0.072135332258	-0.0642512328916	-0.0670086780577	0.0253923469605	-0.054305289088	-0.0452651224898	-0.112201068985	-0.103734247876	-0.0805627585786	0.00737034540461	-0.0344667048762	0.0309150627245	-0.00792347004325	-0.0698110518173	-0.0933425992154	0.0768923955301	-0.0784344308155	-0.0127955857452	-0.0107017613942	-0.0141712982453	1.0	-0.101654955628	-0.0598838524384	-0.110632650788	0.00051846757247	0.0323358359475	-0.173833361888	-0.0106117819985	-0.014741998831	-0.126437977147	0.00197649016347	-0.0419546242779	0.108776083044	-0.0746473887714	-0.00376994492108	0.01882489034	-0.0653721741304	-0.0761954687547	0.0688718648496	-0.0876320730698	0.031310964587	-0.0179432468433	-0.00562865891997	-0.0349836072091	0.0884313404665	0.0584633429767	-0.0560462867907	0.0181804877668	-0.134100477209	-0.118344834397	-0.086365030086	-0.0391250264008	-0.0592121294101	-0.0497325183406
k__Bacteria;p__Firmicutes;c__Clostridia;o__Clostridiales;f__Lachnospiraceae;g__Roseburia;s__Roseburia_intestinalis	0.0179917810696	-0.0395286507834	0.0501897506322	-0.0163705657162	0.00920139579761	0.0451770703083	0.0745869757116	0.0189825707798	-0.00418859954408	-0.0341384579412	-0.027664787795	-0.0160281996163	-0.00406395341757	0.0148663887169	-0.0851681470421	-0.0942042692696	-0.0477976735962	-0.0108120190942	0.0765025874948	0.0769434090594	-0.0457016506057	-0.0242622428984	-0.14985731721	-0.0736020999063	0.0694218007885	-0.101654955628	1.0	0.0146516734535	-0.0629219933437	-0.0523360711289	0.0214211507999	-0.031752447972	0.0406020613348	0.00725633412241	-0.0267460557662	0.100805748555	0.0790793580531	0.0301766727887	-0.00123811622579	-0.0862672863618	-0.0155218929274	-0.013480213341	-0.0394007174894	-0.130479743143	0.0555180922932	-0.0258989880965	0.0601973566101	-0.018087600961	-0.000381633604193	-0.0385778056518	-0.0449999969958	-0.151351580769	-0.142757668117	-0.0222938301076	0.0043903530243	0.0043923267593	-0.0152027047078	-0.130090206641	-0.0443276436808
k__Bacteria;p__Firmicutes;c__Clostridia;o__Clostridiales;f__Lachnospiraceae;g__Roseburia;s__Roseburia_hominis	-0.0260849534929	-0.047175815822	-0.0596305072711	0.00136884349129	0.0483085428609	-0.0310748570127	-0.236792812153	-0.00704370027219	-0.089331866508	0.0185930883109	-0.0267303213349	-0.0821235517634	0.00652969593342	0.0946601296413	-0.0462865709116	0.0816370831712	-0.0542566625446	-0.0841109333774	-0.0142597354395	-0.0965716421287	0.00512945864701	-0.0994227777433	0.067663068913	-0.182503227419	-0.0662703951668	-0.0598838524384	0.0146516734535	1.0	-0.0627125180099	-0.162090575409	0.0179394652397	0.0494233545929	0.00787831529218	0.0782809913179	-0.103759238041	-0.129203715615	-0.0111511394392	-0.0400278283074	0.0830260291922	-0.127104552974	-0.0868492432313	0.0177379909595	-0.0737652199709	-0.0134643497146	-0.0334887524296	0.0355484205701	-0.0170228697035	0.0890333545068	-0.00221814223504	0.00635540552091	-0.0656710803639	-0.0223930064124	0.0826107858331	-0.0561947337707	-0.0817406807983	-0.0599429986475	0.0309633163244	-0.038407402926	0.033473925013
k__Bacteria;p__Bacteroidetes;c__Bacteroidia;o__Bacteroidales;f__Porphyromonadaceae;g__Parabacteroides;s__Parabacteroides_johnsonii	0.0492059473573	0.120074747589	-0.0901031758469	-0.0116609492038	-0.0321228714602	-0.0112301177152	-0.0919048157342	-0.0312364259349	-0.0819322680914	-0.0621423360714	-0.0767771667342	-0.0209042621285	-0.13730891729	0.139995440888	-0.0580567950028	-0.0848933015556	0.0395614707953	0.0417443539271	-0.107637931466	-0.0978516351062	0.161292642267	-0.0802137878147	0.0203145725996	-0.122649384136	0.0580139570695	-0.110632650788	-0.0629219933437	-0.0627125180099	1.0	-0.0353991525888	-0.0479475289001	-0.0218999726533	-0.00309152234088	-0.110340678376	0.111553578731	0.00646846258973	0.0364892199602	-0.0615182475231	0.0044821232523	-0.0713353754826	-0.0488695240301	-0.0233120634768	-0.0837534495712	-0.105551298393	0.0378145997916	-0.101872698044	-0.0860920120993	-0.043604195611	-0.0918507160585	-0.154020083488	-0.0813175068098	-0.0434727539845	0.0224670780987	0.02785953467	0.072331841928	-0.0271300700374	-0.0942464830959	-0.0171648960895	-0.0905312417431
k__Bacteria;p__Actinobacteria;c__Actinobacteria;o__Bifidobacteriales;f__Bifidobacteriaceae;g__Bifidobacterium;s__Bifidobacterium_longum	0.0293016652417	-0.0675737270333	-0.0511740955449	-0.0592200568986	-0.0595025731681	0.0309858230941	0.0323017038159	-0.0322835500994	0.089435920728	0.0507673356964	-0.111851131609	-0.0447642987302	-0.0185804524052	-0.0322875547716	0.00470221852189	0.100090037005	-0.0780139091432	-0.118312415509	0.0229378863739	-0.0636099291677	0.00384030729196	-0.118434987138	-0.0848592820622	-0.0327767672204	-0.000361226103753	0.00051846757247	-0.0523360711289	-0.162090575409	-0.0353991525888	1.0	-0.026265409913	-0.0215832534889	0.067237376157	-0.0171349922591	0.0507737927832	-0.0191706162034	-0.0582114975688	0.020059351861	0.0200309868532	-0.084888908543	-0.0405568134805	0.0166419182872	0.00511758048493	0.0499069874907	-0.0686405152571	-0.100893031725	0.0595385699207	-0.160180999008	-0.101492692655	-0.0508391066033	-0.079935038124	-0.144146687003	-0.109910389311	-0.169464004107	-0.0353836997926	-0.167068992101	-0.0423296167453	-0.100080516962	-0.0466774265346
