#taxonomy	k__Bacteria;p__Bacteroidetes;c__Bacteroidia;o__Bacteroidales;f__Bacteroidaceae;g__Bacteroides;s__Bacteroides_vulgatus	k__Bacteria;p__Bacteroidetes;c__Bacteroidia;o__Bacteroidales;f__Bacteroidaceae;g__Bacteroides;s__Bacteroides_uniformis	k__Bacteria;p__Bacteroidetes;c__Bacteroidia;o__Bacteroidales;f__Rikenellaceae;g__Alistipes;s__Alistipes_putredinis	k__Bacteria;p__Bacteroidetes;c__Bacteroidia;o__Bacteroidales;f__Prevotellaceae;g__Prevotella;s__Prevotella_copri	k__Bacteria;p__Bacteroidetes;c__Bacteroidia;o__Bacteroidales;f__Bacteroidaceae;g__Bacteroides;s__Bacteroides_stercoris	k__Bacteria;p__Bacteroidetes;c__Bacteroidia;o__Bacteroidales;f__Bacteroidaceae;g__Bacteroides;s__Bacteroides_ovatus	k__Bacteria;p__Bacteroidetes;c__Bacteroidia;o__Bacteroidales;f__Rikenellaceae;g__Alistipes;s__Alistipes_shahii	k__Bacteria;p__Firmicutes;c__Clostridia;o__Clostridiales;f__Ruminococcaceae;g__Faecalibacterium;s__Faecalibacterium_prausnitzii	k__Bacteria;p__Bacteroidetes;c__Bacteroidia;o__Bacteroidales;f__Rikenellaceae;g__Alistipes;s__Alistipes_finegoldii	k__Bacteria;p__Bacteroidetes;c__Bacteroidia;o__Bacteroidales;f__Porphyromonadaceae;g__Parabacteroides;s__Parabacteroides_distasonis	k__Bacteria;p__Bacteroidetes;c__Bacteroidia;o__Bacteroidales;f__Bacteroidaceae;g__Bacteroides;s__Bacteroides_thetaiotaomicron	k__Bacteria;p__Bacteroidetes;c__Bacteroidia;o__Bacteroidales;f__Bacteroidaceae;g__Bacteroides;s__Bacteroides_coprocola	k__Bacteria;p__Bacteroidetes;c__Bacteroidia;o__Bacteroidales;f__Bacteroidaceae;g__Bacteroides;s__Bacteroides_cellulosilyticus	k__Bacteria;p__Bacteroidetes;c__Bacteroidia;o__Bacteroidales;f__Rikenellaceae;g__Alistipes;s__Alistipes_obesi	k__Bacteria;p__Firmicutes;c__Clostridia;o__Clostridiales;f__Lachnospiraceae;g__;s__[Eubacterium]_rectale	k__Bacteria;p__Bacteroidetes;c__Bacteroidia;o__Bacteroidales;f__Bacteroidaceae;g__Bacteroides;s__Bacteroides_plebeius	k__Bacteria;p__Bacteroidetes;c__Bacteroidia;o__Bacteroidales;f__Bacteroidaceae;g__Bacteroides;s__Bacteroides_fragilis	k__Bacteria;p__Proteobacteria;c__Betaproteobacteria;o__Burkholderiales;f__Sutterellaceae;g__Sutterella;s__Sutterella_wadsworthensis	k__Bacteria;p__Bacteroidetes;c__Bacteroidia;o__Bacteroidales;f__Porphyromonadaceae;g__Barnesiella;s__Barnesiella_intestinihominis	k__Bacteria;p__Bacteroidetes;c__Bacteroidia;o__Bacteroidales;f__Odoribacteraceae;g__Odoribacter;s__Odoribacter_splanchnicus	k__Bacteria;p__Bacteroidetes;c__Bacteroidia;o__Bacteroidales;f__Bacteroidaceae;g__Bacteroides;s__Bacteroides_salyersiae	k__Bacteria;p__Firmicutes;c__Clostridia;o__Clostridiales;f__Ruminococcaceae;g__Ruminiclostridium;s__[Eubacterium]_siraeum	k__Bacteria;p__Proteobacteria;c__Betaproteobacteria;o__Burkholderiales;f__Sutterellaceae;g__Parasutterella;s__Parasutterella_excrementihominis	k__Bacteria;p__Actinobacteria;c__Actinobacteria;o__Bifidobacteriales;f__Bifidobacteriaceae;g__Bifidobacterium;s__Bifidobacterium_adolescentis	k__Bacteria;p__Firmicutes;c__Clostridia;o__Clostridiales;f__Oscillospiraceae;g__Oscillibacter;s__Oscillibacter_sp._KLE_1745	k__Bacteria;p__Bacteroidetes;c__Bacteroidia;o__Bacteroidales;f__Bacteroidaceae;g__Bacteroides;s__Bacteroides_coprophilus	k__Bacteria;p__Firmicutes;c__Clostridia;o__Clostridiales;f__Lachnospiraceae;g__Roseburia;s__Roseburia_intestinalis	k__Bacteria;p__Firmicutes;c__Clostridia;o__Clostridiales;f__Lachnospiraceae;g__Roseburia;s__Roseburia_hominis	k__Bacteria;p__Bacteroidetes;c__Bacteroidia;o__Bacteroidales;f__Porphyromonadaceae;g__Parabacteroides;s__Parabacteroides_johnsonii	k__Bacteria;p__Actinobacteria;c__Actinobacteria;o__Bifidobacteriales;f__Bifidobacteriaceae;g__Bifidobacterium;s__Bifidobacterium_longum	k__Bacteria;p__Firmicutes;c__Clostridia;o__Clostridiales;f__;g__Flavonifractor;s__Flavonifractor_plautii	k__Bacteria;p__Firmicutes;c__Clostridia;o__Clostridiales;f__Clostridiaceae;g__Clostridium;s__Clostridium_phoceensis	k__Bacteria;p__Verrucomicrobia;c__Verrucomicrobiae;o__Verrucomicrobiales;f__Akkermansiaceae;g__Akkermansia;s__Akkermansia_muciniphila	k__Bacteria;p__Bacteroidetes;c__Bacteroidia;o__Bacteroidales;f__Prevotellaceae;g__Paraprevotella;s__Paraprevotella_xylaniphila	k__Bacteria;p__Firmicutes;c__Clostridia;o__Clostridiales;f__Ruminococcaceae;g__Ruminococcus;s__Ruminococcus_callidus	k__Bacteria;p__Bacteroidetes;c__Bacteroidia;o__Bacteroidales;f__Rikenellaceae;g__Alistipes;s__Alistipes_senegalensis	k__Bacteria;p__Firmicutes;c__Clostridia;o__Clostridiales;f__Lachnospiraceae;g__Blautia;s__Blautia_sp._KLE_1732	k__Bacteria;p__Bacteroidetes;c__Bacteroidia;o__Bacteroidales;f__Bacteroidaceae;g__Bacteroides;s__Bacteroides_oleiciplenus	k__Bacteria;p__Firmicutes;c__Clostridia;o__Clostridiales;f__Ruminococcaceae;g__Ruminococcus;s__Ruminococcus_bicirculans	k__Bacteria;p__Bacteroidetes;c__Bacteroidia;o__Bacteroidales;f__Bacteroidaceae;g__Bacteroides;s__Bacteroides_fluxus	k__Bacteria;p__Bacteroidetes;c__Bacteroidia;o__Bacteroidales;f__Prevotellaceae;g__Prevotella;s__Prevotella_stercorea	k__Bacteria;p__Firmicutes;c__Clostridia;o__Clostridiales;f__Lachnospiraceae;g__Dorea;s__Dorea_longicatena	k__Bacteria;p__Firmicutes;c__Clostridia;o__Clostridiales;f__Eubacteriaceae;g__Eubacterium;s__[Eubacterium]_eligens	k__Bacteria;p__Firmicutes;c__Clostridia;o__Clostridiales;f__Ruminococcaceae;g__;s__Ruminococcaceae_bacterium_D16	k__Bacteria;p__Firmicutes;c__Clostridia;o__Clostridiales;f__Lachnospiraceae;g__Coprococcus;s__Coprococcus_comes	k__Bacteria;p__Proteobacteria;c__Gammaproteobacteria;o__Enterobacterales;f__Enterobacteriaceae;g__Escherichia;s__Escherichia_coli	k__Bacteria;p__Firmicutes;c__Clostridia;o__Clostridiales;f__Ruminococcaceae;g__Anaerotruncus;s__Anaerotruncus_colihominis	k__Bacteria;p__Firmicutes;c__Clostridia;o__Clostridiales;f__Lachnospiraceae;g__Blautia;s__Blautia_obeum	k__Bacteria;p__Bacteroidetes;c__Bacteroidia;o__Bacteroidales;f__Odoribacteraceae;g__Odoribacter;s__Odoribacter_laneus	k__Bacteria;p__Firmicutes;c__Clostridia;o__Clostridiales;f__Ruminococcaceae;g__Ruminiclostridium;s__[Clostridium]_leptum	k__Bacteria;p__Bacteroidetes;c__Bacteroidia;o__Bacteroidales;f__Porphyromonadaceae;g__Parabacteroides;s__Parabacteroides_goldsteinii	k__Bacteria;p__Firmicutes;c__Clostridia;o__Clostridiales;f__Lachnospiraceae;g__Anaerostipes;s__Anaerostipes_hadrus	k__Bacteria;p__Firmicutes;c__Clostridia;o__Clostridiales;f__Ruminococcaceae;g__Ruminococcus;s__Ruminococcus_lactaris	k__Bacteria;p__Firmicutes;c__Clostridia;o__Clostridiales;f__Clostridiaceae;g__Clostridium;s__Clostridium_sp._L2-50	k__Bacteria;p__Firmicutes;c__Clostridia;o__Clostridiales;f__Clostridiaceae;g__Clostridium;s__Clostridium_sp._M62/1	k__Bacteria;p__Firmicutes;c__Clostridia;o__Clostridiales;f__;g__Intestinimonas;s__Intestinimonas_butyriciproducens	k__Bacteria;p__Actinobacteria;c__Actinobacteria;o__Bifidobacteriales;f__Bifidobacteriaceae;g__Bifidobacterium;s__Bifidobacterium_bifidum	k__Bacteria;p__Firmicutes;c__Negativicutes;o__Veillonellales;f__Veillonellaceae;g__Dialister;s__Dialister_invisus	k__Bacteria;p__Bacteroidetes;c__Bacteroidia;o__Bacteroidales;f__Bacteroidaceae;g__Bacteroides;s__Bacteroides_salanitronis
k__Bacteria;p__Bacteroidetes;c__Bacteroidia;o__Bacteroidales;f__Bacteroidaceae;g__Bacteroides;s__Bacteroides_vulgatus	1.0	-0.00728614708486	-0.07160869711	0.0610353381356	0.0301017577547	-0.0923273270261	0.0172031387103	0.00753460654117	0.0293983237749	-0.0657912133324	0.0573820521133	-0.130794036321	0.0150445183122	-0.114957505997	-0.119424222728	-0.0813708226645	-0.0450164387754	-0.0325631638309	-0.155768170735	-0.017662477427	-0.0472151642436	0.00466710665515	0.0368129079286	0.00349397192061	0.0229234612413	-0.141447038612	-0.0808303881833	0.0558956634095	-0.1240548707	-0.130762610661	0.0178633707473	-0.0942746594949	0.0149286728403	-0.0294968680418	0.0390625723298	-0.0248823869014	-0.0297123441748	-0.0689584052558	-0.0430752602623	-0.0886216784933	-0.0549310348237	0.0787171195505	0.0062855092335	-0.0593483771283	-0.00478594039295	0.0996895694571	-0.0185017128149	0.0267471744943	0.0273482050435	0.0742386853888	-0.118780112521	0.0123976975216	0.0366405525791	-0.150133113285	0.0668470461894	-0.177612899212	-0.0970594671747	-0.0619669808403	-0.0915979008922
k__Bacteria;p__Bacteroidetes;c__Bacteroidia;o__Bacteroidales;f__Bacteroidaceae;g__Bacteroides;s__Bacteroides_uniformis	-0.00728614708486	1.0	-0.0798893572983	-0.0868464995379	-0.00653940660637	-0.0499157205948	-0.00465001228705	0.0177907675644	-0.0817303074886	-0.218306884022	-0.0829418754347	-0.047012594651	-0.085887874465	0.0105585367324	-0.0764649917477	0.0100173927235	0.0896076931966	-0.10210456021	-0.0294554735896	0.083872979982	-0.00196811383943	-0.0292693761485	-0.0153109749934	-0.1247075557	-0.00149521997987	0.00404836523097	-0.0153329527872	-0.0466314750073	-0.0627788159411	0.0496794142847	-0.173920534578	-0.0372876473042	-0.0385103224485	-0.141564906874	-0.0822775383732	0.0977253710748	-0.0839860718044	0.0385607941754	-0.0718329052323	0.035646827769	-0.041635962772	-0.000400074758079	0.0210024513788	0.0128024250878	0.0921881294986	-0.146823092281	0.0590122849348	-0.0292755020381	-0.078268822108	-0.132231454628	-0.0346505753891	0.1263048681	-0.0251250740376	-0.100234861776	-0.0864868246435	-0.0533439428972	0.0805884626814	-0.0135529288993	-0.100987515053
k__Bacteria;p__Bacteroidetes;c__Bacteroidia;o__Bacteroidales;f__Rikenellaceae;g__Alistipes;s__Alistipes_putredinis	-0.07160869711	-0.0798893572983	1.0	0.0478551062274	0.00213236201686	0.0256887262021	0.110385181074	-0.117456327022	-0.0252878640957	-0.0424952342118	-0.0826021291035	0.0820073558018	0.0220559668012	0.0829957330294	-0.0392546894497	-0.0512852982793	-0.153941581896	-0.0130756653751	-0.000682713744395	0.0894936147396	-0.0824962455314	0.0414232663632	0.0235219251837	-0.0200212112661	-0.0447909360684	0.0517667591965	-0.126770955108	0.0444985290553	-0.00183891271227	0.00168910811668	-0.0697888567118	0.0144184103887	0.00400216850917	-0.0149021231042	0.0246814008925	-0.0196598206431	0.0917016628128	0.0299830091224	0.0315931536317	-0.0529615813331	-0.0965887021586	0.00291664969091	0.0111565736184	-0.102916629623	-0.140826721459	-0.0282826692865	-0.173439176213	0.0982582541785	-0.184636491109	0.0152786803584	-0.0360313420816	-0.0275396445634	0.135641729311	-0.015273188632	-0.0949263820684	-0.133167489884	0.0165978629663	-0.0237621866805	0.144720463624
k__Bacteria;p__Bacteroidetes;c__Bacteroidia;o__Bacteroidales;f__Prevotellaceae;g__Prevotella;s__Prevotella_copri	0.0610353381356	-0.0868464995379	0.0478551062274	1.0	-0.104208544268	0.0899281573843	-0.150490120553	0.0465966833522	-0.0916461392499	0.0621742012856	-0.0968698494224	-0.00555507398159	-0.0610984342242	-0.0123719855945	-0.0556154451217	0.0222740613672	-0.118263344645	-0.030908883305	0.029972181353	0.0277791883899	-0.0690834716427	-0.12028545384	-0.0777471746623	0.048550662213	0.065840222254	-0.0609153933359	-0.112921470234	0.0132645513544	-0.0823273347965	-0.0720533298798	0.0107182603279	0.0783723651053	-0.0563451683579	0.0161195691761	-0.0226580703666	-0.130197170598	0.0108578305816	-0.011262729446	-0.0534481449378	-0.0286872209023	-0.0560679942172	-0.146429410524	-0.0448704693047	-0.0498196161938	-0.0801090625825	-0.090594624795	0.0561296309386	-0.0972788053074	0.0758568288664	-0.0495817946455	0.0188863418724	-0.0232202364868	0.00770835421496	-0.0570555509064	-0.0268711415082	-0.0233900952269	-0.0920838101067	-0.0176887122085	-0.0421587186662
k__Bacteria;p__Bacteroidetes;c__Bacteroidia;o__Bacteroidales;f__Bacteroidaceae;g__Bacteroides;s__Bacteroides_stercoris	0.0301017577547	-0.00653940660637	0.00213236201686	-0.104208544268	1.0	-0.0738149248401	0.0793441852444	-0.016140836577	-0.083702722549	-0.0561239572486	-0.0456965350392	-0.00431522280698	-0.0796548950504	-0.110799597233	0.0237441157226	0.0371305605148	-0.0534835736603	-0.11429798738	-0.0566964976977	-0.0560885919126	-0.0200511756342	-0.051429952127	-0.040946859135	0.0551011868655	-0.106805862474	0.0285102133358	-0.114260369612	0.00145032640058	-0.0933220936849	-0.107826975531	-0.120874270435	0.0289260101938	-0.00290348298018	0.0073691718456	0.0536468712675	0.00294909958078	-0.056363102762	-0.00999311921178	-0.0589492530051	-0.0722419173892	0.0131995086016	0.0440104856914	0.0232552534443	-0.0998548865439	0.0390337447741	-0.13484232798	-0.107208034866	0.0559858825064	0.114856091749	0.00300461292548	-0.122670160464	-0.0581536255801	-0.0145189654501	0.0478011616956	-0.175548259398	0.0978043572468	0.0357953798406	-0.234400972014	-0.0670508547171
k__Bacteria;p__Bacteroidetes;c__Bacteroidia;o__Bacteroidales;f__Bacteroidaceae;g__Bacteroides;s__Bacteroides_ovatus	-0.0923273270261	-0.0499157205948	0.0256887262021	0.0899281573843	-0.0738149248401	1.0	-0.051367216661	-0.124224762682	-0.0564599306226	-0.0498087564099	0.0731613153667	-0.0968749629835	0.0188335824026	-0.00320124673343	0.00233016364569	0.00458551061905	-0.0788143540307	-0.0336514788383	-0.0958910356618	-0.0669243347004	-0.0485697862035	-0.00631650252314	-0.0243223528805	-0.0130257602158	0.020161257164	0.00447383455054	-0.0462882954866	-0.042565864399	-0.120553126041	0.0662720149985	-0.0958568552995	-0.0189232648835	-0.0418872027111	0.0613471465561	-0.049152592597	-0.0280180394037	-0.0810653007456	-0.0193297784839	-0.0653076023528	-0.0866133160796	0.018044117318	-0.0821349630289	-0.181835884922	-0.216607849802	-0.00760740841355	-0.0717338422211	-0.010414211526	-0.0749525069766	0.00817063244292	0.0306449203332	0.0245673468388	0.0354721357959	0.0751448341321	0.0193840646582	0.0984223879977	0.0382119531882	-0.100519022687	-0.067100998063	-0.00592664601162
k__Bacteria;p__Bacteroidetes;c__Bacteroidia;o__Bacteroidales;f__Rikenellaceae;g__Alistipes;s__Alistipes_shahii	0.0172031387103	-0.00465001228705	0.110385181074	-0.150490120553	0.0793441852444	-0.051367216661	1.0	-0.0982013285513	-0.13432588325	-0.0405466335156	0.209896818802	0.0532095873627	0.0801939796825	-0.0261879045216	-0.0400980399186	-0.0392184532352	0.0775002271931	-0.0479685874972	-0.0824708567159	0.0402219810365	-0.119525167566	-0.0416033727502	-0.0882300663322	0.0582328688291	0.0162851044372	-0.0633343395941	0.0668190719129	0.0467452556802	-0.0646004829673	0.0798421616583	-0.102474178305	0.0622887975802	-0.126221534908	0.0365962172654	0.0488225301136	-0.0550704108098	-0.0413683476375	-0.0150263012181	0.0769306898251	-0.0717070638266	0.0126307033369	0.0044145264235	-0.0443055269628	0.0293523193516	-0.104100331428	0.0176745240634	0.0181651243255	0.0739936574477	-0.0808534406547	0.0666714967022	0.0481378015157	-0.0589700258118	0.0398727753262	-0.0343221796098	0.014151494273	-0.0555671409176	0.0742495065279	0.0175107234579	-0.0499626669924
k__Bacteria;p__Firmicutes;c__Clostridia;o__Clostridiales;f__Ruminococcaceae;g__Faecalibacterium;s__Faecalibacterium_prausnitzii	0.00753460654117	0.0177907675644	-0.117456327022	0.0465966833522	-0.016140836577	-0.124224762682	-0.0982013285513	1.0	-0.026605584412	0.00845504074601	-0.0195864004615	-0.113356839565	-0.0939868497105	-0.104248904352	-0.0331947893418	0.0689918716945	0.0262321324212	-0.0595743470446	0.0191238410868	0.0256447169028	0.0138647567543	0.0226224990592	0.0170366420374	0.00471474079116	-0.0549651072711	0.0284638085151	-0.0121124111187	-0.084064634016	0.0327810381091	-0.0415035046546	-0.0372219934554	-0.0246285921681	-0.051762160092	0.013669178585	-0.0609605856857	0.0932965849819	-0.0284228726276	-0.141569216808	0.017926319967	-0.0517349070819	0.098537171595	-0.0697909437798	0.130460492167	-0.0332153008808	-0.133859426432	0.0333383430271	-0.0122178849313	-0.189818465155	-0.0833052243112	0.0124599962351	-0.0598083726239	0.037536532149	-0.159593817398	-0.038191594695	-0.0665220397931	0.0238897301006	0.0898168569839	0.0385193542912	-0.00351631598545
k__Bacteria;p__Bacteroidetes;c__Bacteroidia;o__Bacteroidales;f__Rikenellaceae;g__Alistipes;s__Alistipes_finegoldii	0.0293983237749	-0.0817303074886	-0.0252878640957	-0.0916461392499	-0.083702722549	-0.0564599306226	-0.13432588325	-0.026605584412	1.0	-0.134046779618	-0.0450352126724	0.0195679559168	-0.0412440485476	-0.0378911069061	-0.0107419540918	0.0237220219096	0.091158757164	0.00309049162028	-0.0390391807549	0.0151182460324	-0.0179094796496	0.0265502194177	0.0282749516302	-0.103008784353	-0.0817915990531	0.0477633992461	-0.0415439201605	-0.0516039938375	-0.0611907389079	-0.201801398863	0.103933817941	-0.0928401147758	-0.0451599770858	-0.0108067448013	0.041192549219	-0.0464649988813	-0.0579556148411	-0.109280886083	-0.0581171201983	0.0902831226573	0.0272201262788	-0.00491066872155	-0.0141872470811	-0.123627930824	0.140978206293	0.00580767281185	-0.00266163593836	-0.0412114122237	0.00292120481709	0.00683992725478	0.0390070840191	-0.0305896127434	-0.000429034022861	0.0109968669678	0.0730550443805	-0.0473031300213	-0.086188177114	-0.0184444066966	-0.0386441218224
k__Bacteria;p__Bacteroidetes;c__Bacteroidia;o__Bacteroidales;f__Porphyromonadaceae;g__Parabacteroides;s__Parabacteroides_distasonis	-0.0657912133324	-0.218306884022	-0.0424952342118	0.0621742012856	-0.0561239572486	-0.0498087564099	-0.0405466335156	0.00845504074601	-0.134046779618	1.0	-0.0420431219507	-0.0374595377483	0.0458101469855	-0.00986202580303	0.038986418275	-0.123177801081	0.0246781324829	-0.0379501914658	-0.0117812707057	-0.137088308527	-0.0881190875329	-0.0443436901627	-0.0661693181661	-0.0119210689481	0.0872913517949	0.0141049326688	0.104589195465	-0.045029156266	0.0279239241295	0.193061536616	-0.0677931589819	-0.0364835245265	-0.125513019013	-0.18822376609	-0.046333577863	-0.0998765392012	0.161328614993	-0.0644935549749	-0.12531603853	0.0139894235794	-0.121612007353	-0.0694225472331	-0.0380315754726	-0.0863669780207	0.0478925727325	-0.0203008786157	-0.0371175446683	0.0845826390006	0.0791377274109	0.0298186513873	-0.0315531724129	-0.0151895095092	0.0871164199604	-0.0316230167629	-0.0112114085393	0.0141350110617	-0.0289862245685	0.0638155456839	-0.0748164336288
k__Bacteria;p__Bacteroidetes;c__Bacteroidia;o__Bacteroidales;f__Bacteroidaceae;g__Bacteroides;s__Bacteroides_thetaiotaomicron	0.0573820521133	-0.0829418754347	-0.0826021291035	-0.0968698494224	-0.0456965350392	0.0731613153667	0.209896818802	-0.0195864004615	-0.0450352126724	-0.0420431219507	1.0	0.0356101567307	-0.0372704280699	-0.0947462513898	-0.0700786479643	-0.126383289883	-0.0830555370624	0.239066883533	-0.164597070319	-0.0500323153145	0.0263920427604	-0.0357855161058	-0.0702479505701	0.0339116190093	-0.135907417027	-0.0338123020002	0.0526597323909	0.0444231953548	-0.166648349192	-0.0333937951681	0.0728898146564	-0.0190729286648	-0.0962471377365	-0.0963200466828	-0.0187274566735	-0.0404050713511	-0.0477934442882	0.0538388114788	-0.0302891690325	-0.06932027258	-0.0929292892794	-0.121711785492	-0.0468256777653	-0.0262359210468	-0.139267600926	0.0679703966834	0.0572713815008	-0.0778964909341	0.0479159973822	-0.0581086445665	0.0712179826758	-0.00861976784279	0.0344892045345	0.0616675049781	0.0630310464951	-0.00656271769067	-0.0380518677644	0.0900134938566	-0.0845438957757
k__Bacteria;p__Bacteroidetes;c__Bacteroidia;o__Bacteroidales;f__Bacteroidaceae;g__Bacteroides;s__Bacteroides_coprocola	-0.130794036321	-0.047012594651	0.0820073558018	-0.00555507398159	-0.00431522280698	-0.0968749629835	0.0532095873627	-0.113356839565	0.0195679559168	-0.0374595377483	0.0356101567307	1.0	0.0527896719585	-6.98943645182e-05	-0.0911311658955	-0.0387368726668	-0.115283787249	0.00596871428516	0.0209297268804	0.0725144423451	-0.110577774839	-0.0112858457808	-0.103702520043	-0.0474269806429	-0.0278467214473	0.0622557629635	0.00327162143095	0.0555171037507	0.0847100905462	-0.0611504145301	0.0437474360208	-0.0600076953344	0.0167438501297	-0.0652812165004	-0.0364706399234	-0.129673708881	0.140775329862	-0.0436814013837	-0.0274879818096	0.0152367912868	-0.0205922458016	-0.0235197053779	0.00957231839384	-0.0281315959719	-0.148503547686	-0.0860198829166	-0.00223662234888	0.0358877304926	0.00522587313296	-0.016090648517	0.0269848942583	-0.00997132988014	-0.069233628792	-0.00405139867372	-0.038407333949	-0.121806882875	-0.0271707025396	-0.0679937387674	-0.0937138550194
k__Bacteria;p__Bacteroidetes;c__Bacteroidia;o__Bacteroidales;f__Bacteroidaceae;g__Bacteroides;s__Bacteroides_cellulosilyticus	0.0150445183122	-0.085887874465	0.0220559668012	-0.0610984342242	-0.0796548950504	0.0188335824026	0.0801939796825	-0.0939868497105	-0.0412440485476	0.0458101469855	-0.0372704280699	0.0527896719585	1.0	0.00765680534771	-0.0590277974858	0.00828111294308	-0.0438606376085	0.00396326825499	-0.00541225906795	0.0484028002049	-0.0246105370843	-0.0113429804994	-0.0398681592855	-0.0272975345029	-0.0873544689421	-0.0148292143465	-0.0645607958943	0.0284654345996	-0.0358677385689	0.0579760929157	0.00598415357137	0.0449007354663	-0.101591890763	0.00662033606754	0.0403636068317	-0.0116100657657	-0.0949836954566	-0.0278476791568	-0.0317135088248	-0.0440714325456	0.0143363773478	-0.0328187758712	0.0656606776837	-0.126460667914	0.0592967067392	0.0219460806743	-0.0335411123085	0.0505362958678	-0.130407944977	-0.141426643805	0.00840217576487	0.00115440615673	0.0373955486887	-0.068078855672	0.0695503632422	-0.00947340719271	-0.0123948660139	0.0134991815185	-0.0294912684365
k__Bacteria;p__Bacteroidetes;c__Bacteroidia;o__Bacteroidales;f__Rikenellaceae;g__Alistipes;s__Alistipes_obesi	-0.114957505997	0.0105585367324	0.0829957330294	-0.0123719855945	-0.110799597233	-0.00320124673343	-0.0261879045216	-0.104248904352	-0.0378911069061	-0.00986202580303	-0.0947462513898	-6.98943645182e-05	0.00765680534771	1.0	0.0144735780476	-0.0376336138632	0.0108155576431	0.0546515479702	-0.110791340202	0.00852386283924	-0.136431612769	-0.0161032309718	-0.147727661854	-0.0792187838231	0.084085733111	-0.0191141697942	0.0129573634941	-0.032221549544	-0.0146670712607	0.033191655937	0.0102244581757	-0.138461403264	0.0642322038412	-0.0484851053812	-0.0279525160842	0.109353684011	-0.00125658994256	-0.0551492023739	-0.0658693655548	-0.00748372178018	0.0694893384724	0.0359422093971	-0.0505795409785	-0.0504288966065	0.0459404207847	-0.0907961034221	-0.126653465323	-0.0238022255303	0.00577778818982	0.0145711105187	0.0676244311596	-0.085253782155	0.0226231136454	-0.0818075865531	0.0240783991522	0.0637509888951	0.0036289209381	0.0359359628323	0.114420115474
k__Bacteria;p__Firmicutes;c__Clostridia;o__Clostridiales;f__Lachnospiraceae;g__;s__[Eubacterium]_rectale	-0.119424222728	-0.0764649917477	-0.0392546894497	-0.0556154451217	0.0237441157226	0.00233016364569	-0.0400980399186	-0.0331947893418	-0.0107419540918	0.038986418275	-0.0700786479643	-0.0911311658955	-0.0590277974858	0.0144735780476	1.0	-0.0421437552312	0.018688142199	-0.0708346818	0.00542393002489	-0.0704595528453	0.012427783642	-0.142502790959	0.0976608196936	0.0256412632453	-0.0334510946118	-0.0186973296156	-0.00368542452226	-0.124367856841	-0.0648114841478	0.0463694310194	-0.0152290989613	0.011736417533	-0.0180148619685	-0.0932190985513	-0.0309300887113	0.0280609918074	0.0557811164029	-0.0451920868048	0.0141459345802	0.0515532787015	-0.0552294589067	0.0113069755357	-0.0193591935444	0.0745863247	-0.0366519663912	-0.0153118041141	0.0302615520094	0.07500984733	-0.0240978530496	-0.164441743683	-0.0137035491493	-0.174582430115	-0.0978551508291	0.062646114425	0.184759403142	-0.0827079865654	-0.161259709028	0.0453113886394	-0.189182648348
k__Bacteria;p__Bacteroidetes;c__Bacteroidia;o__Bacteroidales;f__Bacteroidaceae;g__Bacteroides;s__Bacteroides_plebeius	-0.0813708226645	0.0100173927235	-0.0512852982793	0.0222740613672	0.0371305605148	0.00458551061905	-0.0392184532352	0.0689918716945	0.0237220219096	-0.123177801081	-0.126383289883	-0.0387368726668	0.00828111294308	-0.0376336138632	-0.0421437552312	1.0	-0.0394858304858	-0.0947587059464	-0.0245236817368	0.0389954124232	0.0656972005576	-0.137532384728	0.0128523311367	-0.060463043499	-0.0237779169216	-0.0538860977052	-0.0586817861986	0.0840688868026	-0.192968950053	-0.06386155967	-0.0909070402277	0.0788132849717	-0.191157033774	0.0590182863068	-0.0256146432842	0.0623750997605	0.0791340864819	0.0045739334738	-0.0946167351169	-0.0929210062495	-0.0825858481285	0.0290184906914	0.0171116275232	-0.0922806559124	-0.0353700389704	0.0263561616534	-0.0323489265113	-0.147399016608	-0.163755536485	0.0595642609397	-0.0282736354037	-0.0376496401355	-0.0571777400469	-0.0742039919597	-0.0751185650755	-0.0247558653673	0.0123205044435	-0.0841482867398	-0.0352675568763
k__Bacteria;p__Bacteroidetes;c__Bacteroidia;o__Bacteroidales;f__Bacteroidaceae;g__Bacteroides;s__Bacteroides_fragilis	-0.0450164387754	0.0896076931966	-0.153941581896	-0.118263344645	-0.0534835736603	-0.0788143540307	0.0775002271931	0.0262321324212	0.091158757164	0.0246781324829	-0.0830555370624	-0.115283787249	-0.0438606376085	0.0108155576431	0.018688142199	-0.0394858304858	1.0	-0.140973220116	0.0309292658497	0.124091938398	-0.0129557176501	0.0244748871862	-0.0473840252483	-0.0518744899741	0.107451572724	0.0118863049123	-0.0273370755249	-0.0361090825066	-0.126870734729	0.0215692119765	-0.00448320728273	-0.0768603578695	-0.0548808443783	-0.125090667556	-0.0765786996137	-0.037309530897	-0.0566371014471	-0.0902015841837	0.0113342626699	-0.107206884176	-0.115167534816	0.0382623489936	-0.105025413523	0.0615140083757	0.0827103197557	-0.0306078305065	0.120142793746	-0.0886651710083	0.0291904416466	0.0127906105514	-0.0601689875762	-0.124642890841	-0.0904842793117	-0.076468594607	-0.0379002319558	-0.0139887847755	0.0565988907043	0.050606211865	0.0320218912465
k__Bacteria;p__Proteobacteria;c__Betaproteobacteria;o__Burkholderiales;f__Sutterellaceae;g__Sutterella;s__Sutterella_wadsworthensis	-0.0325631638309	-0.10210456021	-0.0130756653751	-0.030908883305	-0.11429798738	-0.0336514788383	-0.0479685874972	-0.0595743470446	0.00309049162028	-0.0379501914658	0.239066883533	0.00596871428516	0.00396326825499	0.0546515479702	-0.0708346818	-0.0947587059464	-0.140973220116	1.0	-0.0568070938662	0.0131923150759	-0.104035168337	0.0228350343565	-0.154555892452	0.00171146254299	-0.0408319663739	-0.00805710098302	-0.0383228034404	-0.14013174726	0.00388455462367	-0.0220882149305	-0.0196402072574	0.0868187805464	-0.0553802068839	-0.0555320256659	-0.0633449715549	-0.0657224993608	0.0762799713375	-0.0256292334776	0.0101334265039	-0.0486268147082	-0.0650384798313	-0.0177909861482	-0.115836793506	0.0514598076066	-0.115130620683	-0.0346600998999	-0.174300130304	-0.0837529341403	-0.0095421418929	-0.0729257790402	-0.0502179554972	0.0325852626678	-0.0433901784135	-0.045493137268	-0.141663494907	0.031807683413	0.00746190288683	-0.0339614701894	0.0331395022226
k__Bacteria;p__Bacteroidetes;c__Bacteroidia;o__Bacteroidales;f__Porphyromonadaceae;g__Barnesiella;s__Barnesiella_intestinihominis	-0.155768170735	-0.0294554735896	-0.000682713744395	0.029972181353	-0.0566964976977	-0.0958910356618	-0.0824708567159	0.0191238410868	-0.0390391807549	-0.0117812707057	-0.164597070319	0.0209297268804	-0.00541225906795	-0.110791340202	0.00542393002489	-0.0245236817368	0.0309292658497	-0.0568070938662	1.0	-0.0531818495516	-0.118844096678	0.0286205225675	0.0815825290638	0.0923388908147	-0.100247684949	0.0558639862773	-0.0556415415803	0.0829271035254	0.0217231522347	-0.124033295814	-0.0502330501804	0.00921204351159	-0.0222805919351	-0.0322206043182	-0.120817535694	-0.00216752626298	0.0542318281132	-0.0819110223883	-0.0597795428323	-0.0326214555239	-0.0683438195841	0.09022997958	-0.0302961809016	-0.0110449224498	-0.154993104569	0.00369950768049	-0.0915358144093	-0.0572491669161	-0.0626833975281	-0.120966703641	0.0305869350445	0.0130200215279	-0.0545298720872	-0.0196610076583	-0.0780724600854	-0.0334521145545	0.00637979609089	0.159939934723	-0.0262050666756
k__Bacteria;p__Bacteroidetes;c__Bacteroidia;o__Bacteroidales;f__Odoribacteraceae;g__Odoribacter;s__Odoribacter_splanchnicus	-0.017662477427	0.083872979982	0.0894936147396	0.0277791883899	-0.0560885919126	-0.0669243347004	0.0402219810365	0.0256447169028	0.0151182460324	-0.137088308527	-0.0500323153145	0.0725144423451	0.0484028002049	0.00852386283924	-0.0704595528453	0.0389954124232	0.124091938398	0.0131923150759	-0.0531818495516	1.0	0.0503934699227	-0.067713316884	-0.028679468115	-0.0191977358343	-0.0684205299293	-0.100559385695	-0.0558705250768	-0.126970513044	0.0508227067593	0.0189994983914	-0.0733315432438	-0.161563123657	-0.0474517410074	-0.13451459386	-0.079038505904	0.00902340947334	-0.031801204376	-0.0535634703641	-0.0337242749318	-0.115397040942	-0.103806067502	-0.0593477105984	0.0840704558873	0.0412267631054	-0.0509176906959	-0.029859283845	-0.135260236004	-0.192207671306	-0.0444987291016	0.0966968546359	0.0529317819883	-0.0336412689351	-0.0763653647888	-0.11910940486	0.0210667502038	0.0191182162579	-0.0498965848462	-0.0523157834416	-0.0173870760172
k__Bacteria;p__Bacteroidetes;c__Bacteroidia;o__Bacteroidales;f__Bacteroidaceae;g__Bacteroides;s__Bacteroides_salyersiae	-0.0472151642436	-0.00196811383943	-0.0824962455314	-0.0690834716427	-0.0200511756342	-0.0485697862035	-0.119525167566	0.0138647567543	-0.0179094796496	-0.0881190875329	0.0263920427604	-0.110577774839	-0.0246105370843	-0.136431612769	0.012427783642	0.0656972005576	-0.0129557176501	-0.104035168337	-0.118844096678	0.0503934699227	1.0	-0.193855136574	0.00944377372921	-0.138081681738	0.0303862977906	-0.0882077405036	-0.0379551668307	-0.110023495339	-0.035649437903	0.0384946110804	-0.0813481066317	-0.0458969791226	-0.0392495076708	-0.0246280237447	0.0446001872621	0.0629183343111	0.0260477580851	-0.128233294138	-0.0749733957089	-0.168368346119	0.0187746765089	-0.137166499721	-0.0145697304833	-0.110246437491	0.146305806784	-0.0778760796101	-0.147016708593	-0.0669659974934	-0.0245890441696	-0.0104118256052	0.0900356759569	-0.0789185165467	-0.0983559696208	0.0217856221668	0.0660591317163	0.0766980211428	0.0149873334915	0.00744439348101	-0.104809664182
k__Bacteria;p__Firmicutes;c__Clostridia;o__Clostridiales;f__Ruminococcaceae;g__Ruminiclostridium;s__[Eubacterium]_siraeum	0.00466710665515	-0.0292693761485	0.0414232663632	-0.12028545384	-0.051429952127	-0.00631650252314	-0.0416033727502	0.0226224990592	0.0265502194177	-0.0443436901627	-0.0357855161058	-0.0112858457808	-0.0113429804994	-0.0161032309718	-0.142502790959	-0.137532384728	0.0244748871862	0.0228350343565	0.0286205225675	-0.067713316884	-0.193855136574	1.0	-0.102519188981	0.0207623313833	0.132687737105	-0.0261934844715	0.0743977103626	-0.0339957603347	-0.104075307192	0.0177657686268	-0.0902540054448	-0.0413520142821	-0.00351903182634	0.078376666026	-0.124075225354	-0.00829753378721	-0.0511992103758	-0.068624840437	-0.0047401097348	-0.107025439789	0.122198477755	-0.120256271605	-0.0377647839896	0.0118294741665	-0.0713797542565	0.0371777350822	-0.112460930956	0.124879995744	0.0860021020007	-0.0610310599481	-0.0138862621358	0.0172581657027	-0.0371321555352	-0.0413066847423	-0.0260582172017	-0.0154030725268	-0.0520909259092	-0.0182083313204	-0.157779710793
k__Bacteria;p__Proteobacteria;c__Betaproteobacteria;o__Burkholderiales;f__Sutterellaceae;g__Parasutterella;s__Parasutterella_excrementihominis	0.0368129079286	-0.0153109749934	0.0235219251837	-0.0777471746623	-0.040946859135	-0.0243223528805	-0.0882300663322	0.0170366420374	0.0282749516302	-0.0661693181661	-0.0702479505701	-0.103702520043	-0.0398681592855	-0.147727661854	0.0976608196936	0.0128523311367	-0.0473840252483	-0.154555892452	0.0815825290638	-0.028679468115	0.00944377372921	-0.102519188981	1.0	0.095761328418	-0.0988220246352	-0.157456702487	0.0588860597877	-0.0175518108908	-0.100694580437	-0.0963094504559	0.0478768764161	-0.0206310316103	0.0612384194992	0.0595564323894	0.0466895038048	0.0479570473304	0.00274866055057	-0.00819043046952	-0.111391263565	0.0490688821565	-0.0492117102192	-0.047751556101	0.140788516436	0.0392113526136	-0.0890559506779	-0.0786321065399	-0.0506342896561	-0.0723319599953	-0.0291798232951	-0.0448426197499	-0.142924009848	-0.0380736479502	-0.0542558595922	-0.056536381828	0.0314357227035	-0.0517852164421	0.0335941751315	-0.0497299994645	-0.0842240918145
k__Bacteria;p__Actinobacteria;c__Actinobacteria;o__Bifidobacteriales;f__Bifidobacteriaceae;g__Bifidobacterium;s__Bifidobacterium_adolescentis	0.00349397192061	-0.1247075557	-0.0200212112661	0.048550662213	0.0551011868655	-0.0130257602158	0.0582328688291	0.00471474079116	-0.103008784353	-0.0119210689481	0.0339116190093	-0.0474269806429	-0.0272975345029	-0.0792187838231	0.0256412632453	-0.060463043499	-0.0518744899741	0.00171146254299	0.0923388908147	-0.0191977358343	-0.138081681738	0.0207623313833	0.095761328418	1.0	-0.118861328568	-0.110578014433	-0.130898133419	-0.0524371468872	-0.0341082542957	0.00809606475317	-0.093588448354	-0.0426144471968	-0.0716044614736	-0.0703421008571	-0.00890876909024	0.0747683320528	0.074687986072	-0.15239070611	-0.0962231161232	-0.0537427949855	-0.0217137412101	-0.160732931514	-0.0440799198996	-0.0493431688939	-0.183003090726	0.0338737251419	-0.0493012747254	0.084912638619	-0.0416823502099	-0.0600745016309	0.0719739381952	-0.0119231987329	0.0967098674966	0.0199021419639	0.00788881860674	0.0973861990077	-0.0634952758611	-0.027427862068	-0.00331455202506
k__Bacteria;p__Firmicutes;c__Clostridia;o__Clostridiales;f__Oscillospiraceae;g__Oscillibacter;s__Oscillibacter_sp._KLE_1745	0.0229234612413	-0.00149521997987	-0.0447909360684	0.065840222254	-0.106805862474	0.020161257164	0.0162851044372	-0.0549651072711	-0.0817915990531	0.0872913517949	-0.135907417027	-0.0278467214473	-0.0873544689421	0.084085733111	-0.0334510946118	-0.0237779169216	0.107451572724	-0.0408319663739	-0.100247684949	-0.0684205299293	0.0303862977906	0.132687737105	-0.0988220246352	-0.118861328568	1.0	-0.103789653674	0.010758642635	-0.0998762788993	-0.0345117009101	-0.0229436114931	-0.0375291638925	-0.0412602144229	-0.145452563943	0.0402525579965	-0.10749504848	-0.0462407950839	-0.0264494934314	0.0194353438116	-0.0201281687885	-0.0776533162492	-0.0223435375143	0.0617994421972	0.0376269908972	-0.118002821544	0.00947150625624	-0.032123127921	-0.0921901402661	-0.00901460275722	-0.113622739211	0.051466196668	-0.0308852946878	0.0348342498554	-0.076424612725	0.0184215815174	0.0166155088834	-0.080314274604	-0.134195145734	-0.154341811014	-0.0929953547566
k__Bacteria;p__Bacteroidetes;c__Bacteroidia;o__Bacteroidales;f__Bacteroidaceae;g__Bacteroides;s__Bacteroides_coprophilus	-0.141447038612	0.00404836523097	0.0517667591965	-0.0609153933359	0.0285102133358	0.00447383455054	-0.0633343395941	0.0284638085151	0.0477633992461	0.0141049326688	-0.0338123020002	0.0622557629635	-0.0148292143465	-0.0191141697942	-0.0186973296156	-0.0538860977052	0.0118863049123	-0.00805710098302	0.0558639862773	-0.100559385695	-0.0882077405036	-0.0261934844715	-0.157456702487	-0.110578014433	-0.103789653674	1.0	-0.109692556558	0.0586084979456	-0.0143801675968	0.000627467996705	-0.119341445109	0.02291176479	-0.0550824385692	-0.0437916642663	0.0384467839412	0.0229801229558	0.0399652618665	-0.162594937354	-0.0664937309481	-0.0131483706373	0.00504210110721	-0.0543267177895	-0.0737337236739	-0.0432111120465	-0.0164312724823	-0.00660399633283	0.1708759906	-0.0671312552103	-0.0725906789763	-0.0439146100206	0.0733602540583	0.0661089249763	-0.119780887253	-0.0628568055325	-0.0282872473376	-0.0726077619016	-0.0498957923313	0.0941444590215	-0.119297939359
k__Bacteria;p__Firmicutes;c__Clostridia;o__Clostridiales;f__Lachnospiraceae;g__Roseburia;s__Roseburia_intestinalis	-0.0808303881833	-0.0153329527872	-0.126770955108	-0.112921470234	-0.114260369612	-0.0462882954866	0.0668190719129	-0.0121124111187	-0.0415439201605	0.104589195465	0.0526597323909	0.00327162143095	-0.0645607958943	0.0129573634941	-0.00368542452226	-0.0586817861986	-0.0273370755249	-0.0383228034404	-0.0556415415803	-0.0558705250768	-0.0379551668307	0.0743977103626	0.0588860597877	-0.130898133419	0.010758642635	-0.109692556558	1.0	-0.0539888362809	0.094974873181	-0.0109625131248	0.00797011489405	-0.00450828263995	-0.0904779428857	-0.084477864691	0.0332400029301	-0.00467000249966	-0.028985899512	0.0541644723613	0.00621409946882	-0.076705190043	0.00672265367544	-0.0254833361448	-0.048321298124	-0.0281819604898	0.0225268125065	-0.0428133868286	0.00775197488037	-0.038346190033	-0.0291179461263	0.0396064323348	-0.0728164496217	-0.0783489231224	-0.0322680305343	-0.0416481282682	-0.0496921093106	-0.0470979216382	-0.131116157073	0.0275645510052	-0.065602599654
k__Bacteria;p__Firmicutes;c__Clostridia;o__Clostridiales;f__Lachnospiraceae;g__Roseburia;s__Roseburia_hominis	0.0558956634095	-0.0466314750073	0.0444985290553	0.0132645513544	0.00145032640058	-0.042565864399	0.0467452556802	-0.084064634016	-0.0516039938375	-0.045029156266	0.0444231953548	0.0555171037507	0.0284654345996	-0.032221549544	-0.124367856841	0.0840688868026	-0.0361090825066	-0.14013174726	0.0829271035254	-0.126970513044	-0.110023495339	-0.0339957603347	-0.0175518108908	-0.0524371468872	-0.0998762788993	0.0586084979456	-0.0539888362809	1.0	0.00377739612179	-0.058328367031	-0.000606343334739	-0.0238116290881	-0.174160700692	0.0346141104809	-0.0307553496341	-0.0771280850126	-0.0399443704656	-0.02289142767	-0.0904128881895	-0.104468702585	0.00691829366616	0.0085053646693	-0.0390283129792	0.0131398857315	-0.0380272159759	0.00215887272585	0.0991261479813	0.0573232955057	0.0746844370486	0.127048725214	-0.0541721807552	-0.0310867415322	-0.0072384816633	0.00798219691831	-0.0607761534958	-0.135954916685	0.0206746810006	-0.0555433854184	-0.110705896838
k__Bacteria;p__Bacteroidetes;c__Bacteroidia;o__Bacteroidales;f__Porphyromonadaceae;g__Parabacteroides;s__Parabacteroides_johnsonii	-0.1240548707	-0.0627788159411	-0.00183891271227	-0.0823273347965	-0.0933220936849	-0.120553126041	-0.0646004829673	0.0327810381091	-0.0611907389079	0.0279239241295	-0.166648349192	0.0847100905462	-0.0358677385689	-0.0146670712607	-0.0648114841478	-0.192968950053	-0.126870734729	0.00388455462367	0.0217231522347	0.0508227067593	-0.035649437903	-0.104075307192	-0.100694580437	-0.0341082542957	-0.0345117009101	-0.0143801675968	0.094974873181	0.00377739612179	1.0	-0.0661921150468	-0.0105516942652	-0.120948212519	-0.0368748992888	0.0628901122814	0.075907203719	0.0508455436077	0.0190124655147	-0.0577933243527	-0.0521992111429	0.0957302003851	-0.113476477752	-0.0669618209269	-0.00392715633824	0.0142879580911	-0.0288968307272	-0.106421593532	0.0165378141801	-0.145769914734	-0.0448935576879	-0.0601873162436	-0.0102683658134	-0.0193954646418	-0.0312177649398	-0.0523673030932	-0.19206373152	-0.00453101332351	-0.0382939825224	0.0554548858972	0.0166098401204
k__Bacteria;p__Actinobacteria;c__Actinobacteria;o__Bifidobacteriales;f__Bifidobacteriaceae;g__Bifidobacterium;s__Bifidobacterium_longum	-0.130762610661	0.0496794142847	0.00168910811668	-0.0720533298798	-0.107826975531	0.0662720149985	0.0798421616583	-0.0415035046546	-0.201801398863	0.193061536616	-0.0333937951681	-0.0611504145301	0.0579760929157	0.033191655937	0.0463694310194	-0.06386155967	0.0215692119765	-0.0220882149305	-0.124033295814	0.0189994983914	0.0384946110804	0.0177657686268	-0.0963094504559	0.00809606475317	-0.0229436114931	0.000627467996705	-0.0109625131248	-0.058328367031	-0.0661921150468	1.0	-0.009419552249	0.0232622087106	-0.0256753753644	0.00834359090024	-0.0523421210409	-0.01512040055	-0.051679543664	0.0176687984067	-0.146066932795	-0.137091231954	0.0542235042414	-0.0404834320034	0.0344588493284	0.0637119812305	-0.0718981795819	-0.136507915684	-0.0649880779637	-0.028988403499	0.0110417644337	-0.119100079047	0.0105633109451	-0.0601725058265	-0.116519653385	0.045548651327	-0.109200976531	-0.0483021683355	0.00904391762763	-0.0376448989577	-0.0336369542262
