#taxonomy	k__Bacteria;p__Bacteroidetes;c__Bacteroidia;o__Bacteroidales;f__Bacteroidaceae;g__Bacteroides;s__Bacteroides_vulgatus	k__Bacteria;p__Bacteroidetes;c__Bacteroidia;o__Bacteroidales;f__Bacteroidaceae;g__Bacteroides;s__Bacteroides_uniformis	k__Bacteria;p__Bacteroidetes;c__Bacteroidia;o__Bacteroidales;f__Rikenellaceae;g__Alistipes;s__Alistipes_putredinis	k__Bacteria;p__Bacteroidetes;c__Bacteroidia;o__Bacteroidales;f__Prevotellaceae;g__Prevotella;s__Prevotella_copri	k__Bacteria;p__Bacteroidetes;c__Bacteroidia;o__Bacteroidales;f__Bacteroidaceae;g__Bacteroides;s__Bacteroides_stercoris	k__Bacteria;p__Bacteroidetes;c__Bacteroidia;o__Bacteroidales;f__Bacteroidaceae;g__Bacteroides;s__Bacteroides_ovatus	k__Bacteria;p__Bacteroidetes;c__Bacteroidia;o__Bacteroidales;f__Rikenellaceae;g__Alistipes;s__Alistipes_shahii	k__Bacteria;p__Firmicutes;c__Clostridia;o__Clostridiales;f__Ruminococcaceae;g__Faecalibacterium;s__Faecalibacterium_prausnitzii	k__Bacteria;p__Bacteroidetes;c__Bacteroidia;o__Bacteroidales;f__Rikenellaceae;g__Alistipes;s__Alistipes_finegoldii	k__Bacteria;p__Bacteroidetes;c__Bacteroidia;o__Bacteroidales;f__Porphyromonadaceae;g__Parabacteroides;s__Parabacteroides_distasonis	k__Bacteria;p__Bacteroidetes;c__Bacteroidia;o__Bacteroidales;f__Bacteroidaceae;g__Bacteroides;s__Bacteroides_thetaiotaomicron	k__Bacteria;p__Bacteroidetes;c__Bacteroidia;o__Bacteroidales;f__Bacteroidaceae;g__Bacteroides;s__Bacteroides_coprocola	k__Bacteria;p__Bacteroidetes;c__Bacteroidia;o__Bacteroidales;f__Bacteroidaceae;g__Bacteroides;s__Bacteroides_cellulosilyticus	k__Bacteria;p__Bacteroidetes;c__Bacteroidia;o__Bacteroidales;f__Rikenellaceae;g__Alistipes;s__Alistipes_obesi	k__Bacteria;p__Firmicutes;c__Clostridia;o__Clostridiales;f__Lachnospiraceae;g__;s__[Eubacterium]_rectale	k__Bacteria;p__Bacteroidetes;c__Bacteroidia;o__Bacteroidales;f__Bacteroidaceae;g__Bacteroides;s__Bacteroides_plebeius	k__Bacteria;p__Bacteroidetes;c__Bacteroidia;o__Bacteroidales;f__Bacteroidaceae;g__Bacteroides;s__Bacteroides_fragilis	k__Bacteria;p__Proteobacteria;c__Betaproteobacteria;o__Burkholderiales;f__Sutterellaceae;g__Sutterella;s__Sutterella_wadsworthensis	k__Bacteria;p__Bacteroidetes;c__Bacteroidia;o__Bacteroidales;f__Porphyromonadaceae;g__Barnesiella;s__Barnesiella_intestinihominis	k__Bacteria;p__Bacteroidetes;c__Bacteroidia;o__Bacteroidales;f__Odoribacteraceae;g__Odoribacter;s__Odoribacter_splanchnicus	k__Bacteria;p__Bacteroidetes;c__Bacteroidia;o__Bacteroidales;f__Bacteroidaceae;g__Bacteroides;s__Bacteroides_salyersiae	k__Bacteria;p__Firmicutes;c__Clostridia;o__Clostridiales;f__Ruminococcaceae;g__Ruminiclostridium;s__[Eubacterium]_siraeum	k__Bacteria;p__Proteobacteria;c__Betaproteobacteria;o__Burkholderiales;f__Sutterellaceae;g__Parasutterella;s__Parasutterella_excrementihominis	k__Bacteria;p__Actinobacteria;c__Actinobacteria;o__Bifidobacteriales;f__Bifidobacteriaceae;g__Bifidobacterium;s__Bifidobacterium_adolescentis	k__Bacteria;p__Firmicutes;c__Clostridia;o__Clostridiales;f__Oscillospiraceae;g__Oscillibacter;s__Oscillibacter_sp._KLE_1745	k__Bacteria;p__Bacteroidetes;c__Bacteroidia;o__Bacteroidales;f__Bacteroidaceae;g__Bacteroides;s__Bacteroides_coprophilus	k__Bacteria;p__Firmicutes;c__Clostridia;o__Clostridiales;f__Lachnospiraceae;g__Roseburia;s__Roseburia_intestinalis	k__Bacteria;p__Firmicutes;c__Clostridia;o__Clostridiales;f__Lachnospiraceae;g__Roseburia;s__Roseburia_hominis	k__Bacteria;p__Bacteroidetes;c__Bacteroidia;o__Bacteroidales;f__Porphyromonadaceae;g__Parabacteroides;s__Parabacteroides_johnsonii	k__Bacteria;p__Actinobacteria;c__Actinobacteria;o__Bifidobacteriales;f__Bifidobacteriaceae;g__Bifidobacterium;s__Bifidobacterium_longum	k__Bacteria;p__Firmicutes;c__Clostridia;o__Clostridiales;f__;g__Flavonifractor;s__Flavonifractor_plautii	k__Bacteria;p__Firmicutes;c__Clostridia;o__Clostridiales;f__Clostridiaceae;g__Clostridium;s__Clostridium_phoceensis	k__Bacteria;p__Verrucomicrobia;c__Verrucomicrobiae;o__Verrucomicrobiales;f__Akkermansiaceae;g__Akkermansia;s__Akkermansia_muciniphila	k__Bacteria;p__Bacteroidetes;c__Bacteroidia;o__Bacteroidales;f__Prevotellaceae;g__Paraprevotella;s__Paraprevotella_xylaniphila	k__Bacteria;p__Firmicutes;c__Clostridia;o__Clostridiales;f__Ruminococcaceae;g__Ruminococcus;s__Ruminococcus_callidus	k__Bacteria;p__Bacteroidetes;c__Bacteroidia;o__Bacteroidales;f__Rikenellaceae;g__Alistipes;s__Alistipes_senegalensis	k__Bacteria;p__Firmicutes;c__Clostridia;o__Clostridiales;f__Lachnospiraceae;g__Blautia;s__Blautia_sp._KLE_1732	k__Bacteria;p__Bacteroidetes;c__Bacteroidia;o__Bacteroidales;f__Bacteroidaceae;g__Bacteroides;s__Bacteroides_oleiciplenus	k__Bacteria;p__Firmicutes;c__Clostridia;o__Clostridiales;f__Ruminococcaceae;g__Ruminococcus;s__Ruminococcus_bicirculans	k__Bacteria;p__Bacteroidetes;c__Bacteroidia;o__Bacteroidales;f__Bacteroidaceae;g__Bacteroides;s__Bacteroides_fluxus	k__Bacteria;p__Bacteroidetes;c__Bacteroidia;o__Bacteroidales;f__Prevotellaceae;g__Prevotella;s__Prevotella_stercorea	k__Bacteria;p__Firmicutes;c__Clostridia;o__Clostridiales;f__Lachnospiraceae;g__Dorea;s__Dorea_longicatena	k__Bacteria;p__Firmicutes;c__Clostridia;o__Clostridiales;f__Eubacteriaceae;g__Eubacterium;s__[Eubacterium]_eligens	k__Bacteria;p__Firmicutes;c__Clostridia;o__Clostridiales;f__Ruminococcaceae;g__;s__Ruminococcaceae_bacterium_D16	k__Bacteria;p__Firmicutes;c__Clostridia;o__Clostridiales;f__Lachnospiraceae;g__Coprococcus;s__Coprococcus_comes	k__Bacteria;p__Proteobacteria;c__Gammaproteobacteria;o__Enterobacterales;f__Enterobacteriaceae;g__Escherichia;s__Escherichia_coli	k__Bacteria;p__Firmicutes;c__Clostridia;o__Clostridiales;f__Ruminococcaceae;g__Anaerotruncus;s__Anaerotruncus_colihominis	k__Bacteria;p__Firmicutes;c__Clostridia;o__Clostridiales;f__Lachnospiraceae;g__Blautia;s__Blautia_obeum	k__Bacteria;p__Bacteroidetes;c__Bacteroidia;o__Bacteroidales;f__Odoribacteraceae;g__Odoribacter;s__Odoribacter_laneus	k__Bacteria;p__Firmicutes;c__Clostridia;o__Clostridiales;f__Ruminococcaceae;g__Ruminiclostridium;s__[Clostridium]_leptum	k__Bacteria;p__Bacteroidetes;c__Bacteroidia;o__Bacteroidales;f__Porphyromonadaceae;g__Parabacteroides;s__Parabacteroides_goldsteinii	k__Bacteria;p__Firmicutes;c__Clostridia;o__Clostridiales;f__Lachnospiraceae;g__Anaerostipes;s__Anaerostipes_hadrus	k__Bacteria;p__Firmicutes;c__Clostridia;o__Clostridiales;f__Ruminococcaceae;g__Ruminococcus;s__Ruminococcus_lactaris	k__Bacteria;p__Firmicutes;c__Clostridia;o__Clostridiales;f__Clostridiaceae;g__Clostridium;s__Clostridium_sp._L2-50	k__Bacteria;p__Firmicutes;c__Clostridia;o__Clostridiales;f__Clostridiaceae;g__Clostridium;s__Clostridium_sp._M62/1	k__Bacteria;p__Firmicutes;c__Clostridia;o__Clostridiales;f__;g__Intestinimonas;s__Intestinimonas_butyriciproducens	k__Bacteria;p__Actinobacteria;c__Actinobacteria;o__Bifidobacteriales;f__Bifidobacteriaceae;g__Bifidobacterium;s__Bifidobacterium_bifidum	k__Bacteria;p__Firmicutes;c__Negativicutes;o__Veillonellales;f__Veillonellaceae;g__Dialister;s__Dialister_invisus	k__Bacteria;p__Bacteroidetes;c__Bacteroidia;o__Bacteroidales;f__Bacteroidaceae;g__Bacteroides;s__Bacteroides_salanitronis
k__Bacteria;p__Bacteroidetes;c__Bacteroidia;o__Bacteroidales;f__Bacteroidaceae;g__Bacteroides;s__Bacteroides_vulgatus	1.0	-0.0260935879291	-0.0178865656736	0.107646968382	-0.0803982174375	0.106887918315	-0.0792314678574	-0.0140575439385	0.063027584873	-0.00268218504426	-0.0368911401446	-0.176800139731	-0.0349017823975	0.00940657867181	-0.0209193565744	0.0383429867626	0.00389002750732	-0.0340531195251	0.000161238924662	0.0587837742392	-0.0935803477533	-0.0721021023392	-0.0263657189139	-0.0231108612078	-0.0485132101521	-0.00452277529742	-0.0909257238167	-0.101538637799	-0.0595261744666	-0.118352051592	-0.0137902499652	-0.0582931970343	0.00877608788837	-0.0131908440227	-0.044375099801	-0.0955486369292	0.0458944062798	-0.102432765984	-0.037649735621	0.0114646446772	0.0516123961284	-0.144125534727	-0.111837768382	0.0402014567209	0.0504371818572	-0.00794679629297	-0.0325775157509	0.0579845587569	0.0422578551761	0.107940004392	-0.10300631069	-0.0398242684373	0.0167782998421	-0.168449205635	0.0156816067916	-0.135657060293	0.060941505281	0.0572254845421	-0.0264719404783
k__Bacteria;p__Bacteroidetes;c__Bacteroidia;o__Bacteroidales;f__Bacteroidaceae;g__Bacteroides;s__Bacteroides_uniformis	-0.0260935879291	1.0	0.0334975056442	-0.0266075535779	-0.0224098014355	-0.0865375255536	-0.00578272840225	-0.0625695377739	0.0855204375076	0.0399603039101	0.0163891570518	-0.0878923600762	-0.0584377545464	-0.0106674052557	-0.0278616258388	-0.103349764593	0.0813115055358	0.000296791575599	0.0282183177028	0.0313497029867	0.0289655569659	-0.0666140487633	-0.0655267487597	0.00464686465458	-0.160453413109	-0.0325085325451	0.0110412453979	-0.00489143155671	0.0151789307089	0.00906846923692	-0.0667898835212	-0.0384735205768	-0.010511473606	0.00108156633031	-0.0152456858338	0.00680702458064	-0.0866427401815	-0.0308432757632	-0.104096533537	-0.035126034366	-0.0537099905036	-0.0564720905801	0.0713292391649	-0.11162544868	0.00421679081972	0.0632737189429	-0.0616235074163	-0.0168007447707	0.0057370021077	0.0268495967332	-0.0390820170266	-0.0207026639596	-0.0226913906332	0.0535211497646	-0.132923073436	-0.0859703377242	-0.116491052545	-0.0360689429056	-0.0120294354203
k__Bacteria;p__Bacteroidetes;c__Bacteroidia;o__Bacteroidales;f__Rikenellaceae;g__Alistipes;s__Alistipes_putredinis	-0.0178865656736	0.0334975056442	1.0	0.0272685351723	-0.00669293832588	-0.0764984901869	-0.0357073614602	0.0982618668486	0.0254773481506	-0.0120491330875	-0.0766371684905	-0.0684803513657	-0.00578401788384	-0.0684726947881	-0.00719509168577	-0.00293615929432	0.0579521291877	-0.013157271348	-0.037645105256	-0.0459965609885	0.00397698134742	0.0304958644164	-0.0567123555254	-0.0664206508807	-0.00484100758344	-0.0710774289039	-0.0202598189494	-0.0234999018176	0.0642738733691	-0.197325330899	-0.0629149643623	-0.121100230833	-0.0376199936957	0.0284776777604	-0.01203794786	-0.0444243144458	-0.147033310402	-0.119317418818	-0.125739179084	-0.00204604533967	-0.0536188451104	-0.120494363649	-0.0225882021232	0.0499895815642	0.00136567577061	-0.041920049556	-0.0168724626345	-0.113351698052	-0.0387357095258	0.122097078181	-0.127815663609	0.0971753301222	-0.0141244960686	0.133350339795	-0.120987992728	-0.0932438149356	-0.0887259220756	0.0339127520192	0.0188820966213
k__Bacteria;p__Bacteroidetes;c__Bacteroidia;o__Bacteroidales;f__Prevotellaceae;g__Prevotella;s__Prevotella_copri	0.107646968382	-0.0266075535779	0.0272685351723	1.0	-0.0278142862322	0.00671939321696	-0.0234729490372	-0.0246958306177	-0.163316406956	0.0415833445042	-0.0135995875637	0.0550749666902	0.0115692747368	-0.043290940229	0.00381131919317	-0.118669717121	0.00535524491505	0.0508966851568	0.0447183566102	-0.0355564841077	-0.0547157328677	0.037657161404	-0.11937353526	0.0213662454909	-0.00812816045872	0.0641143795391	0.00880875354175	0.0369178623904	-0.065846961566	-0.0281539615867	-0.163813683363	0.027949406453	-0.140605205734	0.0820141568971	0.0101142525343	-0.0626641939109	-0.0708818862564	0.0358077072891	-0.00809773522367	0.0013679780918	-0.0785155434275	-0.097886947576	-0.114180863647	-0.0588458841762	0.131004046702	-0.00683946201472	0.0510625459402	0.0580046096998	-0.12880506473	-0.0371400253261	-0.0641367837692	-0.191820304293	0.040521643388	0.0271634517196	-0.0089432646243	-0.114616191014	0.0120072386834	0.0465330484866	0.0213188648379
k__Bacteria;p__Bacteroidetes;c__Bacteroidia;o__Bacteroidales;f__Bacteroidaceae;g__Bacteroides;s__Bacteroides_stercoris	-0.0803982174375	-0.0224098014355	-0.00669293832588	-0.0278142862322	1.0	-0.0897751465076	0.00384166342686	-0.029477846472	-0.0335728238025	-0.0667798995687	-0.0445997930156	0.0127578183175	0.027533584145	-0.0772776229437	-0.0900055600097	0.037579324238	-0.158012692277	-0.08250051758	0.0488270819926	-0.123754908821	-0.0420696349974	-0.0586142340441	-0.116654755653	-0.0959388561953	-0.0600960873365	0.0297201126067	0.0594897753248	-0.137662400582	-0.000644050298531	-0.0479019140255	-0.088723710407	-0.0861082218307	-0.0472879597518	0.0537298493968	-0.0287021783098	-0.116499549358	-0.0789444556837	0.102542164067	-0.106182777748	-0.0257289627411	0.0888182599017	-0.0430855889709	-0.0387848739365	0.0598234390723	-0.0631061997625	-0.0591516840455	-0.0246527843543	-0.0716106409097	0.0108429296749	-0.0119752752254	-0.0963094245541	-0.0554978139452	0.032199915369	-0.0639485393784	0.015377269339	0.0648285124757	-0.0487837106625	-0.0299907493201	0.00424804997872
k__Bacteria;p__Bacteroidetes;c__Bacteroidia;o__Bacteroidales;f__Bacteroidaceae;g__Bacteroides;s__Bacteroides_ovatus	0.106887918315	-0.0865375255536	-0.0764984901869	0.00671939321696	-0.0897751465076	1.0	-0.021385829899	0.0230180551278	-0.04481166657	-0.152349484306	-0.0102644974942	-0.0656709108669	-0.0569256955012	0.0831293564754	-0.00597015231203	-0.0460423594728	-0.0149293174381	-0.0115377464726	0.033907635453	0.0115425961841	-0.0322510886291	0.0442981454068	-0.211800533594	-0.0842865111009	-0.0527296112073	-0.121570881183	0.0324618112745	-0.0140966966111	0.0561912689213	-0.157139875632	-0.0284266989524	0.0433898927405	-0.0212880559591	-0.0624854384977	-0.00620773441037	-0.103516549324	-0.0462817832453	-0.109887996783	0.0516452028274	0.0573186713517	-0.0193739604198	-0.055363448847	-0.0407019945954	0.0889393677634	0.00528897953616	0.00461605164445	-0.0704176935826	-0.0675206111022	0.0301969177184	0.0326995987145	-0.15747108169	-0.0863201991143	-0.0746909719269	-0.0237164649326	-0.00564048534914	-0.0594327735764	-0.0823829089533	0.0483462204829	-0.179543438659
k__Bacteria;p__Bacteroidetes;c__Bacteroidia;o__Bacteroidales;f__Rikenellaceae;g__Alistipes;s__Alistipes_shahii	-0.0792314678574	-0.00578272840225	-0.0357073614602	-0.0234729490372	0.00384166342686	-0.021385829899	1.0	-0.121331273723	0.0298508521389	-0.115372972872	0.0587099112811	-0.0272770767214	-0.0586517337928	-0.0718926771597	0.043348695501	0.0466101233566	0.00666989738578	0.0126053633958	0.0229214819831	-0.12731179156	-0.057588636991	-0.102533613125	-0.165750917276	0.0266308265487	0.0757258723144	-0.0756651302996	-0.0568844960455	-0.0402933584661	0.172148099606	0.14118890397	-0.0541479117098	0.0559283638847	0.00704243783358	0.0221763850036	0.0636983296581	-0.0928855571877	-0.0308753418384	-0.0763783193397	0.0480083238415	-0.0200560762859	0.0376626248858	0.0101847246885	-0.0823109815956	0.0761805291171	0.0305142041812	0.0442347695063	-0.0602896441816	-0.0640851090773	-0.0056339518173	-0.0449009786557	-0.0606123733159	-0.12989361564	-0.0190494911804	-0.123758437744	-0.00843372617738	0.0217508628203	0.0739322652136	-0.0601950602437	-0.0366244363904
k__Bacteria;p__Firmicutes;c__Clostridia;o__Clostridiales;f__Ruminococcaceae;g__Faecalibacterium;s__Faecalibacterium_prausnitzii	-0.0140575439385	-0.0625695377739	0.0982618668486	-0.0246958306177	-0.029477846472	0.0230180551278	-0.121331273723	1.0	-0.049597647437	0.0282792648383	-0.01399980911	0.0246197322606	-0.0116081145903	-0.103311917494	-0.065449414983	-0.109069351418	-0.013691204307	-0.0814119493268	-0.0337902500672	-0.039558150116	-0.0053081681376	-0.00423259303465	-0.0357229807165	-2.28425943088e-05	0.0420225711934	-0.188908121903	-0.127447552062	-0.0592530346878	-0.08168216822	-0.0129122985123	-0.0807845239274	-0.0793643828628	-0.0702185534836	3.64116719313e-05	-0.0268651269782	-0.0288365429219	0.0178254242768	-0.141177298382	-0.0129331138628	0.028033555881	-0.0297273701809	-0.0177668066921	-0.0108913478657	-0.0157637103517	-0.0588677521316	-0.0472633978544	-0.0547632078873	-0.0304544128917	-0.0240520820573	0.0251991454486	-0.0482001035341	-0.0606756569998	-0.0552236107602	-0.054433283201	-0.060148816269	0.041543541351	0.045479530266	0.0697650899932	-0.0325305063738
k__Bacteria;p__Bacteroidetes;c__Bacteroidia;o__Bacteroidales;f__Rikenellaceae;g__Alistipes;s__Alistipes_finegoldii	0.063027584873	0.0855204375076	0.0254773481506	-0.163316406956	-0.0335728238025	-0.04481166657	0.0298508521389	-0.049597647437	1.0	-0.00113687279591	-0.0467365115288	-0.0303254248244	0.03873660659	0.0342419760008	-0.0953673660469	-0.0238871856101	-0.0568030930641	-0.0246660589006	-0.113352967623	-0.00171706716235	-0.0463219370908	-0.0317370227892	-0.0618523438975	-0.0376434006699	-0.0200554652981	-0.00845350702472	-0.0241738700892	-0.0566488780461	-0.0168082732384	-0.0888820433514	0.00688220317866	0.0290882870935	-0.0708272999223	-0.0251667351207	-0.111240431133	-0.143694760822	-0.146371902748	-0.0545914947161	0.0373592698097	-0.0746747429086	0.00574308615204	-0.00329745226453	0.0843314652239	-0.0563654284204	0.045620127202	-0.0467827541026	-0.0142459694047	-0.0225297400267	-0.00676143965849	-0.0682119202706	-0.0467129070546	0.0237997347699	-0.033744209684	0.008329450734	-0.0158835207572	0.0411891777531	-0.054348462099	0.0750978210452	-0.0308363971745
k__Bacteria;p__Bacteroidetes;c__Bacteroidia;o__Bacteroidales;f__Porphyromonadaceae;g__Parabacteroides;s__Parabacteroides_distasonis	-0.00268218504426	0.0399603039101	-0.0120491330875	0.0415833445042	-0.0667798995687	-0.152349484306	-0.115372972872	0.0282792648383	-0.00113687279591	1.0	-0.0340452023137	-0.0394874621469	-0.110368770928	-0.0765011600562	0.00159324636892	0.100908976526	0.0261282110408	-0.138439768664	-0.0624120848003	-0.11099086228	-0.0776095300249	0.0803006780039	0.00253014527576	-0.0411627513196	0.0168578288369	-0.0436726700293	-0.00195793748837	-0.210517198324	-0.0567730047097	0.0122395240671	-0.00301027095672	0.00506054576125	-0.0507547788102	0.0207120082525	0.0129567613242	-0.0375459921983	0.0256448909184	-0.139911583759	0.000922313552336	-0.0648065631079	-0.122297840582	-0.0289030227209	-0.109579032986	-0.015341939891	-0.0865467427376	0.0341088035011	0.0031986424802	-0.0890272606324	-0.0740499915234	-0.10288706818	-0.0102519805236	0.0087713977465	0.00905723553016	-0.0431090578178	-0.0521038476299	-0.0745275607728	-0.00856237966369	-0.0374914242921	0.066179220736
k__Bacteria;p__Bacteroidetes;c__Bacteroidia;o__Bacteroidales;f__Bacteroidaceae;g__Bacteroides;s__Bacteroides_thetaiotaomicron	-0.0368911401446	0.0163891570518	-0.0766371684905	-0.0135995875637	-0.0445997930156	-0.0102644974942	0.0587099112811	-0.01399980911	-0.0467365115288	-0.0340452023137	1.0	0.000353001691017	-0.0263860066842	0.0716700961298	-0.0584319583401	-0.120575069328	-0.0289406412086	-0.0164104757782	-0.00736749566734	-0.0312364549983	0.0362394113801	0.0384539355947	-0.0788921066044	-0.133479419491	0.122810427418	-0.033787649412	0.014511772798	-0.1221425813	-0.0291359213183	-0.0226035188526	-0.115258743743	-0.147128815169	-0.0255291657704	-0.183407660483	-0.0409566381806	-0.0391926721585	-0.022743447774	0.0867718474158	0.0240519058879	-0.0777598048306	0.0976117004392	-0.030244453892	0.0196485041454	-0.0547499391946	0.0205518684521	-0.0345313935925	0.0742455495856	0.0807670348262	-0.0748214258436	0.0625793869404	-0.0733882200443	-0.0734049008695	0.032135033752	0.062462141436	0.100818084786	-0.0774337690801	-0.0490070039431	-0.0976251078254	0.0474206077075
k__Bacteria;p__Bacteroidetes;c__Bacteroidia;o__Bacteroidales;f__Bacteroidaceae;g__Bacteroides;s__Bacteroides_coprocola	-0.176800139731	-0.0878923600762	-0.0684803513657	0.0550749666902	0.0127578183175	-0.0656709108669	-0.0272770767214	0.0246197322606	-0.0303254248244	-0.0394874621469	0.000353001691017	1.0	0.0441348280411	0.0373984783894	-0.0301081282052	-0.114842567969	0.0495324402611	-0.0469434898903	-0.0455892320902	0.0095400222868	0.0508961484887	0.00507165227994	0.00970678573451	-0.0930667901024	0.066561871885	-0.0113712824289	0.0432086424559	-0.0766849628548	-0.0327181953612	-0.0687617291227	-0.0809226311405	-0.074671962905	0.0472910440676	-0.0751550784863	-0.0696479813541	-0.0838413696159	-0.0601291027147	0.0144166178598	0.0562034091424	-0.00959130763196	-0.0606030820437	-0.0465403524267	-0.030915109969	0.0279431427238	-0.0205550011917	-0.0567991142956	0.0858787163062	0.0132138096622	-0.0526358585294	-0.053967394339	0.0408947979453	-0.0338183655321	-0.0625926244794	-0.0454778647881	-0.0214249423216	-0.0456783512079	0.0296160861594	-0.13355615075	-0.0709931740041
k__Bacteria;p__Bacteroidetes;c__Bacteroidia;o__Bacteroidales;f__Bacteroidaceae;g__Bacteroides;s__Bacteroides_cellulosilyticus	-0.0349017823975	-0.0584377545464	-0.00578401788384	0.0115692747368	0.027533584145	-0.0569256955012	-0.0586517337928	-0.0116081145903	0.03873660659	-0.110368770928	-0.0263860066842	0.0441348280411	1.0	-0.0365466129563	-0.00624728579077	0.100425805968	-0.0303291474451	-0.0795436350264	-0.0783967182065	-0.0626788449219	0.0457028144741	-0.0482769484613	-0.0528730000193	-0.139432890054	-0.0356879005405	-0.0847835898875	0.102260333189	0.0366069596583	-0.158169396259	-0.0116755578125	-0.0441892973557	-0.0522140610718	0.0565122628702	-0.00898458566858	-0.00456303459198	-0.0765399136301	0.0646758355254	0.178162850572	-0.150117499558	0.0427415941373	-0.0953091431838	-0.0538257035158	0.0129050362378	0.076211117424	0.018669346528	-0.0186425514441	0.032218083453	-0.068249555328	-0.0868163577927	0.0145308306021	-0.0107357919696	-0.0967672323972	0.0600723303691	-0.0680185267396	-0.0262612340067	0.0431974710333	-0.0811939936002	-0.0335399357879	-0.0801421690097
k__Bacteria;p__Bacteroidetes;c__Bacteroidia;o__Bacteroidales;f__Rikenellaceae;g__Alistipes;s__Alistipes_obesi	0.00940657867181	-0.0106674052557	-0.0684726947881	-0.043290940229	-0.0772776229437	0.0831293564754	-0.0718926771597	-0.103311917494	0.0342419760008	-0.0765011600562	0.0716700961298	0.0373984783894	-0.0365466129563	1.0	0.0626051841628	-0.0646407394643	-0.0307705509049	-0.0495731690068	-0.0548140588835	-0.0117420156307	-0.126720955827	-0.100046765599	0.0451302641848	-0.0218806462982	-0.025538419123	0.0465884086175	0.00981942756058	-0.071081297234	0.0381435109807	-0.0480475207404	-0.0604710103932	0.0618807379153	0.0570872416022	0.00314349434229	0.0283784101112	0.0258597890306	-0.0969020174808	0.0536445566231	0.122177550139	0.00772352015441	-0.0456686163767	0.0361772796276	-0.0993557119379	0.00987599990335	0.00120693700316	-0.0660844022185	0.0923493455822	0.13271475187	-0.046535211182	0.00216001416144	0.0189763407872	-0.0538823612946	-0.0743989051062	-0.0141652967776	-0.0374578208103	0.0356965386461	0.0885801534588	-0.126308007958	-0.007802263601
k__Bacteria;p__Firmicutes;c__Clostridia;o__Clostridiales;f__Lachnospiraceae;g__;s__[Eubacterium]_rectale	-0.0209193565744	-0.0278616258388	-0.00719509168577	0.00381131919317	-0.0900055600097	-0.00597015231203	0.043348695501	-0.065449414983	-0.0953673660469	0.00159324636892	-0.0584319583401	-0.0301081282052	-0.00624728579077	0.0626051841628	1.0	0.094356937373	-0.0108883842294	-0.0371723739937	-0.085392119656	-0.0881418102132	-0.0333227208988	-0.0622999534768	0.0362020779962	-0.12249365852	-0.0239345468628	0.00923598088753	0.0185113700842	-0.00766196726172	-0.0449151773545	0.0513868530901	-0.052100555818	-0.0548340737428	-0.117405825747	-0.0244903657311	-0.109417838157	0.0562436716863	-0.104087318677	-0.0740575774501	-0.0224428427751	0.025317376382	0.00041138269363	-0.0234112717584	-0.0712794620401	-0.0511113420903	0.0151036633134	-0.0800506091868	0.0132777022498	-0.0119558801054	-0.0958514719945	-0.0372239990949	0.0173559042626	0.0632804534043	-0.0785462345586	-0.0345374769914	-0.136627212947	-0.0504776159829	-0.111435576714	-0.108687136555	-0.135228681481
k__Bacteria;p__Bacteroidetes;c__Bacteroidia;o__Bacteroidales;f__Bacteroidaceae;g__Bacteroides;s__Bacteroides_plebeius	0.0383429867626	-0.103349764593	-0.00293615929432	-0.118669717121	0.037579324238	-0.0460423594728	0.0466101233566	-0.109069351418	-0.0238871856101	0.100908976526	-0.120575069328	-0.114842567969	0.100425805968	-0.0646407394643	0.094356937373	1.0	-0.018186970785	-0.0774554237123	-0.0414502147984	-0.00152902845412	-0.0476266263551	-0.0478585006514	0.108896558889	-0.0277812057405	-0.147872592356	0.00830013419712	-0.0272209628655	0.0167741181057	-0.138326921563	-0.140400649939	0.03318064483	0.0651795211576	0.0513029750377	-0.0842095843929	0.00487951829084	-0.00161656554489	0.0324917782485	0.0444119129495	-0.0490982950555	0.0294483441276	-0.155321202605	0.162032143861	-0.0687916761296	-0.0439700145758	-0.00444163627589	-0.0645566199946	-0.0581016800825	-0.0685503484663	0.0505820545671	0.00853023102617	0.0310119543683	-0.0481275735605	-0.0826165096879	0.0427961282043	0.0348125269611	-0.00302272118525	-0.107084243598	-0.196500976112	-0.0669971109297
k__Bacteria;p__Bacteroidetes;c__Bacteroidia;o__Bacteroidales;f__Bacteroidaceae;g__Bacteroides;s__Bacteroides_fragilis	0.00389002750732	0.0813115055358	0.0579521291877	0.00535524491505	-0.158012692277	-0.0149293174381	0.00666989738578	-0.013691204307	-0.0568030930641	0.0261282110408	-0.0289406412086	0.0495324402611	-0.0303291474451	-0.0307705509049	-0.0108883842294	-0.018186970785	1.0	-0.166916898406	0.0259741660384	-0.0664206702808	0.002923268411	-0.0868886283784	-0.0307550076058	-0.11172877473	0.0509042180141	0.0124405436589	-0.0439935159276	0.0413257653158	-0.048242095951	-0.0498416684875	-0.0945921415633	-0.038868216213	-0.039466141835	-0.00959502989415	-0.139231926027	-0.116840065301	-0.142733070902	-0.0442438436414	-0.0147489131028	-0.127554372037	-0.0923641556904	-0.108837765445	-0.0886927641738	-0.0503575402214	0.106463673795	-0.0855670895016	-0.0273958791942	-0.108918038762	-0.0748909644852	-0.0852754675138	-0.0536502131833	-0.0211553349353	-0.113455141207	-0.17865304073	-0.0547224707826	0.00892999759244	0.0624227304843	-0.0844106685776	-0.0873708196531
k__Bacteria;p__Proteobacteria;c__Betaproteobacteria;o__Burkholderiales;f__Sutterellaceae;g__Sutterella;s__Sutterella_wadsworthensis	-0.0340531195251	0.000296791575599	-0.013157271348	0.0508966851568	-0.08250051758	-0.0115377464726	0.0126053633958	-0.0814119493268	-0.0246660589006	-0.138439768664	-0.0164104757782	-0.0469434898903	-0.0795436350264	-0.0495731690068	-0.0371723739937	-0.0774554237123	-0.166916898406	1.0	-0.0192750973754	-0.0156637600804	-0.0799348140144	0.0953571793039	0.0790489152601	-0.0289217984875	-0.0142748096416	-0.0297140188839	-0.031175546902	0.0600524379839	-0.122479859757	0.0209185934097	-0.11277086761	0.0156560736654	-0.0309847807258	-0.0225690300273	-0.022586395313	0.0281723182419	-0.00490599151562	-0.0327967986614	0.0624390437349	-0.0270742903511	-0.0145707345053	-0.0719042135451	-0.0571683410373	0.0113966513565	-0.102761770813	-0.0455934383635	0.0238553153216	-0.0647832402219	0.02255116318	-0.0889678615408	-0.11625953778	0.037982125942	-0.0636744329811	0.00390034085673	-0.0225631185821	-0.0167059562049	0.0412740794415	-0.0248585121877	-0.0875921713175
k__Bacteria;p__Bacteroidetes;c__Bacteroidia;o__Bacteroidales;f__Porphyromonadaceae;g__Barnesiella;s__Barnesiella_intestinihominis	0.000161238924662	0.0282183177028	-0.037645105256	0.0447183566102	0.0488270819926	0.033907635453	0.0229214819831	-0.0337902500672	-0.113352967623	-0.0624120848003	-0.00736749566734	-0.0455892320902	-0.0783967182065	-0.0548140588835	-0.085392119656	-0.0414502147984	0.0259741660384	-0.0192750973754	1.0	-0.0950874087949	-0.00414539846935	-0.0746463161297	-0.110806988514	-0.019844337631	-0.109424878447	-0.081720569258	0.0562402066835	0.0262829780005	-0.0353460251808	-0.153263268636	-0.0422940135164	-0.0121805866094	-0.0403506920545	0.0214682979209	-0.073579023136	0.0491091264573	0.0329916214302	-0.174651664447	0.0419839922855	-0.00747220199223	0.00227629641504	-0.0654763145227	-0.0567216239378	0.0291503102782	0.0635736737993	0.0197300059692	-0.162603412976	-0.0793928321654	-0.175333786333	-0.0558305281073	0.0465370870401	-0.0268700645211	-0.0895634436268	-0.0031535210946	0.0340467011378	0.00975577941874	0.0827822246916	0.00798599330077	0.151978915887
k__Bacteria;p__Bacteroidetes;c__Bacteroidia;o__Bacteroidales;f__Odoribacteraceae;g__Odoribacter;s__Odoribacter_splanchnicus	0.0587837742392	0.0313497029867	-0.0459965609885	-0.0355564841077	-0.123754908821	0.0115425961841	-0.12731179156	-0.039558150116	-0.00171706716235	-0.11099086228	-0.0312364549983	0.0095400222868	-0.0626788449219	-0.0117420156307	-0.0881418102132	-0.00152902845412	-0.0664206702808	-0.0156637600804	-0.0950874087949	1.0	-0.0304282150811	0.0194919077966	-0.0313870674847	-0.0482288488668	0.0570458568483	0.0552144653547	-0.0610366878482	0.0509634378281	-0.0686868450446	-0.0427234939585	-0.0114383079071	-0.0135095280662	0.107277976386	0.0898709785557	-0.0295871677739	0.0543949353313	0.0930555071156	0.0250426562846	0.0600262882124	-0.0439180551058	-0.147743786815	-0.141154832458	0.00159301077561	-0.0496249035983	0.014242803262	-0.0420963894668	-0.0394265082282	-0.0615496063559	-0.0137808660876	-0.010560895866	0.0550851201272	-0.0767495401581	-0.0190927785368	-0.0426434621726	-0.0862936213729	0.00591788818781	-0.0549930452859	0.0530731994745	-0.0820627158219
k__Bacteria;p__Bacteroidetes;c__Bacteroidia;o__Bacteroidales;f__Bacteroidaceae;g__Bacteroides;s__Bacteroides_salyersiae	-0.0935803477533	0.0289655569659	0.00397698134742	-0.0547157328677	-0.0420696349974	-0.0322510886291	-0.057588636991	-0.0053081681376	-0.0463219370908	-0.0776095300249	0.0362394113801	0.0508961484887	0.0457028144741	-0.126720955827	-0.0333227208988	-0.0476266263551	0.002923268411	-0.0799348140144	-0.00414539846935	-0.0304282150811	1.0	-0.00763865554792	0.0108025454998	-0.0279857796904	-0.127466170326	0.0109864205336	-0.12581189455	0.0245130631573	-0.00261114470582	-0.0560444404801	0.123061525737	-0.0247412074632	-0.0845496829498	0.035030293337	-0.00404771053944	-0.0264527104471	0.066164751515	-0.0556476857596	-0.0534562637235	-0.0285362313149	-0.0937807397864	-0.112401742823	-0.107042853335	-0.0119607324446	-0.083378917513	-0.0119916283864	-0.0752498285584	-0.0734346804298	-0.150981035218	-0.07187138931	0.00859605014871	0.105904456648	-0.130461137203	-0.0606811250237	-0.0107720639698	-0.0429103887812	0.13531473829	0.0629763077986	0.107584973421
k__Bacteria;p__Firmicutes;c__Clostridia;o__Clostridiales;f__Ruminococcaceae;g__Ruminiclostridium;s__[Eubacterium]_siraeum	-0.0721021023392	-0.0666140487633	0.0304958644164	0.037657161404	-0.0586142340441	0.0442981454068	-0.102533613125	-0.00423259303465	-0.0317370227892	0.0803006780039	0.0384539355947	0.00507165227994	-0.0482769484613	-0.100046765599	-0.0622999534768	-0.0478585006514	-0.0868886283784	0.0953571793039	-0.0746463161297	0.0194919077966	-0.00763865554792	1.0	0.0130501340091	0.0442100203605	-0.0341832418257	-0.188451784196	-0.0346427539127	-0.141768926175	0.129782312936	-0.0535346418749	-0.0824889263926	-0.0391716240375	0.0700656578563	0.0850522931981	-0.00453914301314	0.0130309926105	0.0518799190354	-0.0537701674204	-0.0970020065192	0.049803709918	-0.0545799644492	-0.0210918787313	-0.0408277835466	-0.133889792172	-0.0785671516233	-0.0375785737873	-0.0607806113599	-0.0124418616988	-0.0697036425556	-0.106658133936	-0.1371413853	-0.0142275451527	0.0190322821225	-0.036979135873	-0.0657256166726	-0.0425377444393	-0.106294452868	0.00424089711286	-0.0829797363702
k__Bacteria;p__Proteobacteria;c__Betaproteobacteria;o__Burkholderiales;f__Sutterellaceae;g__Parasutterella;s__Parasutterella_excrementihominis	-0.0263657189139	-0.0655267487597	-0.0567123555254	-0.11937353526	-0.116654755653	-0.211800533594	-0.165750917276	-0.0357229807165	-0.0618523438975	0.00253014527576	-0.0788921066044	0.00970678573451	-0.0528730000193	0.0451302641848	0.0362020779962	0.108896558889	-0.0307550076058	0.0790489152601	-0.110806988514	-0.0313870674847	0.0108025454998	0.0130501340091	1.0	0.00233297451989	-0.16076017223	-0.0815693722319	-0.0101867313531	0.0446254035523	-0.00199341388626	0.13115794003	-0.00766560400335	-0.0405002163456	-0.058222838248	0.100317822296	-0.0800200166558	-0.0319917597441	0.0369007575335	-0.191038834016	-0.00487606910013	-0.137017096981	-0.117949277545	-0.0719098546638	-0.0146249616118	-0.0294396262525	-0.0115213966818	-0.0673554412576	-0.00788429374388	0.0233026400639	-0.101963651629	0.117148748336	-0.00543584886951	-0.0294100594402	-0.103790965765	-0.028963430578	-0.0653267373552	-0.0649451302422	0.0104215542538	0.0444002478222	-0.0247256572266
k__Bacteria;p__Actinobacteria;c__Actinobacteria;o__Bifidobacteriales;f__Bifidobacteriaceae;g__Bifidobacterium;s__Bifidobacterium_adolescentis	-0.0231108612078	0.00464686465458	-0.0664206508807	0.0213662454909	-0.0959388561953	-0.0842865111009	0.0266308265487	-2.28425943087e-05	-0.0376434006699	-0.0411627513196	-0.133479419491	-0.0930667901024	-0.139432890054	-0.0218806462982	-0.12249365852	-0.0277812057405	-0.11172877473	-0.0289217984875	-0.019844337631	-0.0482288488668	-0.0279857796904	0.0442100203605	0.00233297451989	1.0	-0.0108703741395	-0.0580848431153	-0.07801696431	0.0104601349606	-0.124880035486	0.0148794740951	0.0372616664511	0.0732015466599	-0.093908543624	-0.0541669006612	-0.119068058141	0.0381252293214	-0.0271365356112	-0.027879643402	-0.0732354739358	-0.027002260354	-0.127002800876	0.0490645079445	0.0265704150749	-0.0925864173617	-0.0758189958044	0.0613536811674	-0.062647620488	-0.0253035324105	-0.0416627893555	0.0130315144881	0.00270383603391	0.0966562603916	0.0263905617082	-9.68161260362e-05	-0.0118788153829	-0.00860192435898	-0.156209727012	-0.11290980719	0.0486276175897
k__Bacteria;p__Firmicutes;c__Clostridia;o__Clostridiales;f__Oscillospiraceae;g__Oscillibacter;s__Oscillibacter_sp._KLE_1745	-0.0485132101521	-0.160453413109	-0.00484100758344	-0.00812816045872	-0.0600960873365	-0.0527296112073	0.0757258723144	0.0420225711934	-0.0200554652981	0.0168578288369	0.122810427418	0.066561871885	-0.0356879005405	-0.025538419123	-0.0239345468628	-0.147872592356	0.0509042180141	-0.0142748096416	-0.109424878447	0.0570458568483	-0.127466170326	-0.0341832418257	-0.16076017223	-0.0108703741395	1.0	-0.0339013501444	-0.0047741535218	-0.0770174879081	-0.0402806854835	-0.0120643235815	-0.0893263370405	-0.0159727611495	-0.0885423492756	-0.068254286559	-0.166517294177	-0.115916347123	-0.0906213020025	0.0506778074319	0.0599012564317	-0.000312920669792	-0.0986161691587	-0.017053041753	-0.044853112057	-0.051091691319	-0.0795278945725	-0.0586745548679	0.0829067181646	-0.025350636972	-0.0711801987487	-0.0961612844954	-0.0359241386594	-0.0605363882944	0.0661275727163	-0.0805492590267	-0.0684010921706	0.0750992585686	-0.0963332774733	-0.02852493644	0.0264027134423
k__Bacteria;p__Bacteroidetes;c__Bacteroidia;o__Bacteroidales;f__Bacteroidaceae;g__Bacteroides;s__Bacteroides_coprophilus	-0.00452277529742	-0.0325085325451	-0.0710774289039	0.0641143795391	0.0297201126067	-0.121570881183	-0.0756651302996	-0.188908121903	-0.00845350702472	-0.0436726700293	-0.033787649412	-0.0113712824289	-0.0847835898875	0.0465884086175	0.00923598088753	0.00830013419712	0.0124405436589	-0.0297140188839	-0.081720569258	0.0552144653547	0.0109864205336	-0.188451784196	-0.0815693722319	-0.0580848431153	-0.0339013501444	1.0	-0.112380324218	-0.0904188075492	-0.178650282962	-0.0332452920393	0.0436294660281	-0.0949799563912	0.00765401574706	-0.0575873173915	-0.0321056204097	-0.0352276775102	0.0386249467997	0.0277223289877	-0.0401957251617	-0.0769321072023	-0.0758506942581	-0.0177484775495	-0.0144732947122	-0.00265028124334	0.0201855816178	0.068414621672	0.0141817606509	-0.0846229453852	0.0386620390537	-0.0320120714997	-0.0217045742405	-0.128043285613	-0.0707751201684	0.00925630610262	0.108081566759	-0.064246346061	0.0166084597234	-0.0967080724519	-0.0740915990857
k__Bacteria;p__Firmicutes;c__Clostridia;o__Clostridiales;f__Lachnospiraceae;g__Roseburia;s__Roseburia_intestinalis	-0.0909257238167	0.0110412453979	-0.0202598189494	0.00880875354175	0.0594897753248	0.0324618112745	-0.0568844960455	-0.127447552062	-0.0241738700892	-0.00195793748837	0.014511772798	0.0432086424559	0.102260333189	0.00981942756058	0.0185113700842	-0.0272209628655	-0.0439935159276	-0.031175546902	0.0562402066835	-0.0610366878482	-0.12581189455	-0.0346427539127	-0.0101867313531	-0.07801696431	-0.0047741535218	-0.112380324218	1.0	-0.0210713143916	-0.177705115639	-0.0195761957147	-0.0275076756262	-0.11266760862	0.0462345592152	-0.131834472937	0.00385571564521	-0.0785847135918	0.0167261377172	0.0237620992058	-0.107545979564	-0.0646183859417	0.0642437104632	0.0226195268131	-0.0862401750233	-0.0817797976136	0.00765680238824	-0.0955742313107	0.113026314015	0.0480998313799	-0.0151057149964	-0.058948533494	0.0175739807518	-0.0290939932116	-0.0908752630467	0.0849146250094	0.0273322903281	0.0333383761435	-0.182272312141	-0.130956182225	-0.0989469477326
k__Bacteria;p__Firmicutes;c__Clostridia;o__Clostridiales;f__Lachnospiraceae;g__Roseburia;s__Roseburia_hominis	-0.101538637799	-0.00489143155671	-0.0234999018176	0.0369178623904	-0.137662400582	-0.0140966966111	-0.0402933584661	-0.0592530346878	-0.0566488780461	-0.210517198324	-0.1221425813	-0.0766849628548	0.0366069596583	-0.071081297234	-0.00766196726172	0.0167741181057	0.0413257653158	0.0600524379839	0.0262829780005	0.0509634378281	0.0245130631573	-0.141768926175	0.0446254035523	0.0104601349606	-0.0770174879081	-0.0904188075492	-0.0210713143916	1.0	-0.0680167189545	-0.131288697307	-0.0595395866754	-0.138465286346	-0.0971760502352	-0.0313367693048	0.0903222239369	-0.0335780362665	-0.0565072861021	-0.0944754467872	0.00113859492214	0.0528766571853	-0.0229976837226	-0.0896359000082	-0.0695545190936	-0.0819371237732	-0.0629527716241	-0.0451003821089	-0.174636820929	0.0547388278	-0.0652895986899	-0.0111665124082	-0.129849884182	0.0509244743743	-0.00567448146027	-0.0646846388024	0.0105575283995	0.127976529155	0.0437389955697	0.0418490687886	-0.0108159264286
k__Bacteria;p__Bacteroidetes;c__Bacteroidia;o__Bacteroidales;f__Porphyromonadaceae;g__Parabacteroides;s__Parabacteroides_johnsonii	-0.0595261744666	0.0151789307089	0.0642738733691	-0.065846961566	-0.000644050298531	0.0561912689213	0.172148099606	-0.08168216822	-0.0168082732384	-0.0567730047097	-0.0291359213183	-0.0327181953612	-0.158169396259	0.0381435109807	-0.0449151773545	-0.138326921563	-0.048242095951	-0.122479859757	-0.0353460251808	-0.0686868450446	-0.00261114470582	0.129782312936	-0.00199341388626	-0.124880035486	-0.0402806854835	-0.178650282962	-0.177705115639	-0.0680167189545	1.0	-0.0450408668296	-0.0918637673477	0.0178694287575	-0.0194584100796	-0.129336681679	0.0614609262139	-0.00138303516367	-0.0713089084231	-0.186869702004	-0.0432173417656	-0.137961410788	0.0608550576796	0.0153724622196	0.110455921221	0.0719857290662	-0.0528955163192	-0.014491413577	-0.0376665053839	-0.005254821728	-0.0238991321295	0.0348663414377	-0.123897178164	-0.121058167816	-0.0101860080993	0.0900498613517	-0.0878234998623	0.0511091109376	-0.120678082858	0.0417089475064	0.0342042631955
k__Bacteria;p__Actinobacteria;c__Actinobacteria;o__Bifidobacteriales;f__Bifidobacteriaceae;g__Bifidobacterium;s__Bifidobacterium_longum	-0.118352051592	0.00906846923692	-0.197325330899	-0.0281539615867	-0.0479019140255	-0.157139875632	0.14118890397	-0.0129122985123	-0.0888820433514	0.0122395240671	-0.0226035188526	-0.0687617291227	-0.0116755578125	-0.0480475207404	0.0513868530901	-0.140400649939	-0.0498416684875	0.0209185934097	-0.153263268636	-0.0427234939585	-0.0560444404801	-0.0535346418749	0.13115794003	0.0148794740951	-0.0120643235815	-0.0332452920393	-0.0195761957147	-0.131288697307	-0.0450408668296	1.0	-0.0685943890588	-0.0736405323065	-0.107336541083	-0.0923538952999	0.013717504597	0.0185271044266	0.0829246005245	-0.0272943802321	-0.101232179253	-0.0320844538369	-0.034400553011	0.0272839378114	0.0172627347914	-0.0517273536683	-0.0572950289015	-0.0698007722981	0.0873180763016	-0.0159673344313	-0.0368623950827	-0.0611171403158	-0.081689657233	-0.0312659270544	-0.115678673199	-0.0737577765161	0.0434981258983	-0.0209766481416	-0.0555811505174	0.0152977739006	-0.0359578549654
