#taxonomy	k__Bacteria;p__Bacteroidetes;c__Bacteroidia;o__Bacteroidales;f__Bacteroidaceae;g__Bacteroides;s__Bacteroides_vulgatus	k__Bacteria;p__Bacteroidetes;c__Bacteroidia;o__Bacteroidales;f__Bacteroidaceae;g__Bacteroides;s__Bacteroides_uniformis	k__Bacteria;p__Bacteroidetes;c__Bacteroidia;o__Bacteroidales;f__Rikenellaceae;g__Alistipes;s__Alistipes_putredinis	k__Bacteria;p__Bacteroidetes;c__Bacteroidia;o__Bacteroidales;f__Prevotellaceae;g__Prevotella;s__Prevotella_copri	k__Bacteria;p__Bacteroidetes;c__Bacteroidia;o__Bacteroidales;f__Bacteroidaceae;g__Bacteroides;s__Bacteroides_stercoris	k__Bacteria;p__Bacteroidetes;c__Bacteroidia;o__Bacteroidales;f__Bacteroidaceae;g__Bacteroides;s__Bacteroides_ovatus	k__Bacteria;p__Bacteroidetes;c__Bacteroidia;o__Bacteroidales;f__Rikenellaceae;g__Alistipes;s__Alistipes_shahii	k__Bacteria;p__Firmicutes;c__Clostridia;o__Clostridiales;f__Ruminococcaceae;g__Faecalibacterium;s__Faecalibacterium_prausnitzii	k__Bacteria;p__Bacteroidetes;c__Bacteroidia;o__Bacteroidales;f__Rikenellaceae;g__Alistipes;s__Alistipes_finegoldii	k__Bacteria;p__Bacteroidetes;c__Bacteroidia;o__Bacteroidales;f__Porphyromonadaceae;g__Parabacteroides;s__Parabacteroides_distasonis	k__Bacteria;p__Bacteroidetes;c__Bacteroidia;o__Bacteroidales;f__Bacteroidaceae;g__Bacteroides;s__Bacteroides_thetaiotaomicron	k__Bacteria;p__Bacteroidetes;c__Bacteroidia;o__Bacteroidales;f__Bacteroidaceae;g__Bacteroides;s__Bacteroides_coprocola	k__Bacteria;p__Bacteroidetes;c__Bacteroidia;o__Bacteroidales;f__Bacteroidaceae;g__Bacteroides;s__Bacteroides_cellulosilyticus	k__Bacteria;p__Bacteroidetes;c__Bacteroidia;o__Bacteroidales;f__Rikenellaceae;g__Alistipes;s__Alistipes_obesi	k__Bacteria;p__Firmicutes;c__Clostridia;o__Clostridiales;f__Lachnospiraceae;g__;s__[Eubacterium]_rectale	k__Bacteria;p__Bacteroidetes;c__Bacteroidia;o__Bacteroidales;f__Bacteroidaceae;g__Bacteroides;s__Bacteroides_plebeius	k__Bacteria;p__Bacteroidetes;c__Bacteroidia;o__Bacteroidales;f__Bacteroidaceae;g__Bacteroides;s__Bacteroides_fragilis	k__Bacteria;p__Proteobacteria;c__Betaproteobacteria;o__Burkholderiales;f__Sutterellaceae;g__Sutterella;s__Sutterella_wadsworthensis	k__Bacteria;p__Bacteroidetes;c__Bacteroidia;o__Bacteroidales;f__Porphyromonadaceae;g__Barnesiella;s__Barnesiella_intestinihominis	k__Bacteria;p__Bacteroidetes;c__Bacteroidia;o__Bacteroidales;f__Odoribacteraceae;g__Odoribacter;s__Odoribacter_splanchnicus	k__Bacteria;p__Bacteroidetes;c__Bacteroidia;o__Bacteroidales;f__Bacteroidaceae;g__Bacteroides;s__Bacteroides_salyersiae	k__Bacteria;p__Firmicutes;c__Clostridia;o__Clostridiales;f__Ruminococcaceae;g__Ruminiclostridium;s__[Eubacterium]_siraeum	k__Bacteria;p__Proteobacteria;c__Betaproteobacteria;o__Burkholderiales;f__Sutterellaceae;g__Parasutterella;s__Parasutterella_excrementihominis	k__Bacteria;p__Actinobacteria;c__Actinobacteria;o__Bifidobacteriales;f__Bifidobacteriaceae;g__Bifidobacterium;s__Bifidobacterium_adolescentis	k__Bacteria;p__Firmicutes;c__Clostridia;o__Clostridiales;f__Oscillospiraceae;g__Oscillibacter;s__Oscillibacter_sp._KLE_1745	k__Bacteria;p__Bacteroidetes;c__Bacteroidia;o__Bacteroidales;f__Bacteroidaceae;g__Bacteroides;s__Bacteroides_coprophilus	k__Bacteria;p__Firmicutes;c__Clostridia;o__Clostridiales;f__Lachnospiraceae;g__Roseburia;s__Roseburia_intestinalis	k__Bacteria;p__Firmicutes;c__Clostridia;o__Clostridiales;f__Lachnospiraceae;g__Roseburia;s__Roseburia_hominis	k__Bacteria;p__Bacteroidetes;c__Bacteroidia;o__Bacteroidales;f__Porphyromonadaceae;g__Parabacteroides;s__Parabacteroides_johnsonii	k__Bacteria;p__Actinobacteria;c__Actinobacteria;o__Bifidobacteriales;f__Bifidobacteriaceae;g__Bifidobacterium;s__Bifidobacterium_longum	k__Bacteria;p__Firmicutes;c__Clostridia;o__Clostridiales;f__;g__Flavonifractor;s__Flavonifractor_plautii	k__Bacteria;p__Firmicutes;c__Clostridia;o__Clostridiales;f__Clostridiaceae;g__Clostridium;s__Clostridium_phoceensis	k__Bacteria;p__Verrucomicrobia;c__Verrucomicrobiae;o__Verrucomicrobiales;f__Akkermansiaceae;g__Akkermansia;s__Akkermansia_muciniphila	k__Bacteria;p__Bacteroidetes;c__Bacteroidia;o__Bacteroidales;f__Prevotellaceae;g__Paraprevotella;s__Paraprevotella_xylaniphila	k__Bacteria;p__Firmicutes;c__Clostridia;o__Clostridiales;f__Ruminococcaceae;g__Ruminococcus;s__Ruminococcus_callidus	k__Bacteria;p__Bacteroidetes;c__Bacteroidia;o__Bacteroidales;f__Rikenellaceae;g__Alistipes;s__Alistipes_senegalensis	k__Bacteria;p__Firmicutes;c__Clostridia;o__Clostridiales;f__Lachnospiraceae;g__Blautia;s__Blautia_sp._KLE_1732	k__Bacteria;p__Bacteroidetes;c__Bacteroidia;o__Bacteroidales;f__Bacteroidaceae;g__Bacteroides;s__Bacteroides_oleiciplenus	k__Bacteria;p__Firmicutes;c__Clostridia;o__Clostridiales;f__Ruminococcaceae;g__Ruminococcus;s__Ruminococcus_bicirculans	k__Bacteria;p__Bacteroidetes;c__Bacteroidia;o__Bacteroidales;f__Bacteroidaceae;g__Bacteroides;s__Bacteroides_fluxus	k__Bacteria;p__Bacteroidetes;c__Bacteroidia;o__Bacteroidales;f__Prevotellaceae;g__Prevotella;s__Prevotella_stercorea	k__Bacteria;p__Firmicutes;c__Clostridia;o__Clostridiales;f__Lachnospiraceae;g__Dorea;s__Dorea_longicatena	k__Bacteria;p__Firmicutes;c__Clostridia;o__Clostridiales;f__Eubacteriaceae;g__Eubacterium;s__[Eubacterium]_eligens	k__Bacteria;p__Firmicutes;c__Clostridia;o__Clostridiales;f__Ruminococcaceae;g__;s__Ruminococcaceae_bacterium_D16	k__Bacteria;p__Firmicutes;c__Clostridia;o__Clostridiales;f__Lachnospiraceae;g__Coprococcus;s__Coprococcus_comes	k__Bacteria;p__Proteobacteria;c__Gammaproteobacteria;o__Enterobacterales;f__Enterobacteriaceae;g__Escherichia;s__Escherichia_coli	k__Bacteria;p__Firmicutes;c__Clostridia;o__Clostridiales;f__Ruminococcaceae;g__Anaerotruncus;s__Anaerotruncus_colihominis	k__Bacteria;p__Firmicutes;c__Clostridia;o__Clostridiales;f__Lachnospiraceae;g__Blautia;s__Blautia_obeum	k__Bacteria;p__Bacteroidetes;c__Bacteroidia;o__Bacteroidales;f__Odoribacteraceae;g__Odoribacter;s__Odoribacter_laneus	k__Bacteria;p__Firmicutes;c__Clostridia;o__Clostridiales;f__Ruminococcaceae;g__Ruminiclostridium;s__[Clostridium]_leptum	k__Bacteria;p__Bacteroidetes;c__Bacteroidia;o__Bacteroidales;f__Porphyromonadaceae;g__Parabacteroides;s__Parabacteroides_goldsteinii	k__Bacteria;p__Firmicutes;c__Clostridia;o__Clostridiales;f__Lachnospiraceae;g__Anaerostipes;s__Anaerostipes_hadrus	k__Bacteria;p__Firmicutes;c__Clostridia;o__Clostridiales;f__Ruminococcaceae;g__Ruminococcus;s__Ruminococcus_lactaris	k__Bacteria;p__Firmicutes;c__Clostridia;o__Clostridiales;f__Clostridiaceae;g__Clostridium;s__Clostridium_sp._L2-50	k__Bacteria;p__Firmicutes;c__Clostridia;o__Clostridiales;f__Clostridiaceae;g__Clostridium;s__Clostridium_sp._M62/1	k__Bacteria;p__Firmicutes;c__Clostridia;o__Clostridiales;f__;g__Intestinimonas;s__Intestinimonas_butyriciproducens	k__Bacteria;p__Actinobacteria;c__Actinobacteria;o__Bifidobacteriales;f__Bifidobacteriaceae;g__Bifidobacterium;s__Bifidobacterium_bifidum	k__Bacteria;p__Firmicutes;c__Negativicutes;o__Veillonellales;f__Veillonellaceae;g__Dialister;s__Dialister_invisus	k__Bacteria;p__Bacteroidetes;c__Bacteroidia;o__Bacteroidales;f__Bacteroidaceae;g__Bacteroides;s__Bacteroides_salanitronis
k__Bacteria;p__Bacteroidetes;c__Bacteroidia;o__Bacteroidales;f__Bacteroidaceae;g__Bacteroides;s__Bacteroides_vulgatus	1.0	0.0281835165632	-0.00977436617092	-0.122250151858	-0.0688243292507	-0.0793898778508	-0.0149240340125	-0.0796752160727	0.027999644214	0.00554376985115	-0.0419311674647	0.0845773934168	0.0378711206231	-0.209309654483	-0.0224955610367	-0.0870210741938	-0.0850077844732	-0.103365201618	-0.0757219315118	0.0300341182177	-0.0738408443632	-0.0883864850502	-0.0544337529456	-0.0882788023097	-0.0476068840385	-0.0168232249335	-0.020722607244	-0.0710303419496	-0.0563430581482	0.0709980450227	-0.0859963650897	-0.00293149247976	-0.0724710411068	-0.0388984521135	0.0258972496309	-0.0524455046921	-0.0521167897137	-0.00714089580126	-0.0763222841357	-0.0020569199977	0.0159466006762	-0.0516035681494	0.0380077855445	0.111780652844	-0.0170977076896	-0.0154117077155	0.0121508221543	-0.0325789586894	-0.0650021138907	0.0117994780254	0.0257502769743	-0.0429009309737	0.0141061042349	0.0392694816179	-0.0170025365984	-0.0190414353666	0.00828443812864	-0.0440502465698	-0.0505827337186
k__Bacteria;p__Bacteroidetes;c__Bacteroidia;o__Bacteroidales;f__Bacteroidaceae;g__Bacteroides;s__Bacteroides_uniformis	0.0281835165632	1.0	-0.0936027046532	-0.0382915928028	-0.0168014609471	-0.0688010678726	-0.0789093660848	-0.103381386242	0.0173610958456	-0.00486676971817	-0.0141171804139	-0.0678802108578	0.0201545441874	0.00633320168141	-0.0719133437851	-0.0876493014937	0.0475084209929	-0.0942313711794	0.007666366385	-0.0192944650426	8.73485562279e-05	-0.0218234294859	0.0430954058553	-0.0806901189861	-0.0458411472717	0.117022773251	0.117268796248	0.100106975231	-0.100968755237	-0.156980036361	-0.0978652762017	0.0323030353715	-0.104783342321	-0.0794374625962	0.0371420689152	0.0642586442827	-0.0718555850319	-0.12263709828	-0.105566336064	-0.00959335513882	0.0744013604752	0.0462089401803	-0.0154668868885	0.00298644104199	-0.0947841864948	-0.01950055666	0.0453539679859	-0.0156390452219	-0.0621619114093	-0.0425273339278	-0.0305816729621	-0.0435506027407	-0.03139813099	-0.0661820214395	-0.0338774084731	-0.158244908251	-0.0303114327338	-0.0288582258495	0.0918138922756
k__Bacteria;p__Bacteroidetes;c__Bacteroidia;o__Bacteroidales;f__Rikenellaceae;g__Alistipes;s__Alistipes_putredinis	-0.00977436617092	-0.0936027046532	1.0	-0.0126560923068	-0.0689659998526	0.039772086064	-0.178769742128	-0.136704997212	0.0677464425866	0.00164695418166	-0.0716667511545	-0.0615501457435	-0.241337365143	-0.05196392555	-0.0240663161748	-0.141268984872	0.0159252240152	-0.106580039263	0.0556444799986	-0.0158206158777	-0.0442281169426	-0.123129597354	-0.00650888159063	-0.032077298586	0.0232079136743	-0.0615715902716	-0.103942281642	0.00206753787551	-0.0132655034585	-0.00107264249155	-0.014627571149	-0.0156970610871	0.0277563429039	-0.0841630075338	-0.0668291221155	-0.0811528537081	-0.0505546041152	-0.11408648688	-0.00885712805327	0.0353910723796	-0.00193176720524	-0.115587149521	-0.0993020941542	-0.0368631818896	-0.106695531221	0.0315205939136	0.0178301608899	-0.105818036807	-0.103803377211	-0.00679274356847	0.0431430038154	0.081291626459	-0.0300544213097	-0.0176418821748	-0.0585751469761	0.0146972922348	0.0326852397381	-0.0633417160879	-0.117316621848
k__Bacteria;p__Bacteroidetes;c__Bacteroidia;o__Bacteroidales;f__Prevotellaceae;g__Prevotella;s__Prevotella_copri	-0.122250151858	-0.0382915928028	-0.0126560923068	1.0	0.0496067499524	0.0512772488509	-0.110442415618	-0.00550779352681	0.0783467108083	0.042905923803	-0.0394040277234	-0.0573626880907	-0.0637521831762	-0.117891717142	-0.111879845812	-0.0127154159712	-0.0277077503772	-0.140743314168	-0.0621523516629	-0.0524841579477	-0.0638217888219	0.0424167953227	-0.00728885721613	0.0296373798025	-0.0260126879091	-0.0515563144971	0.121346070929	-0.134796565034	0.00600982696273	-0.129091339918	-0.0916817089455	-0.160616019804	0.0699807279618	-0.0648369860944	-0.0632344244801	-0.0727786552774	-0.0999862750851	0.0671266856881	-0.0299484610946	0.0309051293514	-0.056090028663	-0.135336496342	-0.010273595746	-0.0382176499037	0.00535430882564	0.0250096389587	-0.125959840882	-0.14115437548	0.0349397256174	-0.249109914718	0.00932695228237	0.111813287935	-0.00511404526625	-0.0600399319148	-0.00983903986904	-0.0100977180598	-0.045330894481	-0.0638995854881	-0.00480110096954
k__Bacteria;p__Bacteroidetes;c__Bacteroidia;o__Bacteroidales;f__Bacteroidaceae;g__Bacteroides;s__Bacteroides_stercoris	-0.0688243292507	-0.0168014609471	-0.0689659998526	0.0496067499524	1.0	-0.195614242422	0.021047248364	0.0872533051344	-0.0327030993687	-0.117286531576	-0.128718927015	0.00807849277149	-0.0625622484456	-0.107405750114	0.126860632222	-0.0722838015078	-0.0632020862378	0.0517105842329	-0.00614054331572	-0.0961468584119	-0.126617941864	0.0250169067085	0.0820670796387	0.0441740729832	-0.104560463641	-0.0233643356883	-0.0327867399972	-0.00373952258954	0.0745022209508	-0.0163524266277	0.127006113878	-0.0647776953214	-0.067700129491	-0.0859652078965	0.000212222359914	0.0105096123724	-0.0378939856679	-0.0947610233008	-0.0497107680681	-0.0653158769203	0.0152277400961	-0.121480721529	0.0735373056142	-0.0374400154678	-0.146640586042	-0.0457127386677	0.200117300752	0.0464959291271	-0.0304106704688	-0.0599188951765	-0.0722632091465	0.0485421515032	-0.0487633309466	-0.062346142576	-0.157483710877	-0.0557119436859	-0.0863379591342	0.00669412556557	0.000229358722425
k__Bacteria;p__Bacteroidetes;c__Bacteroidia;o__Bacteroidales;f__Bacteroidaceae;g__Bacteroides;s__Bacteroides_ovatus	-0.0793898778508	-0.0688010678726	0.039772086064	0.0512772488509	-0.195614242422	1.0	-0.101792776266	-0.0800870894166	-0.0994209072946	0.0295062638226	0.0495405440334	0.0441943631317	0.0271784540885	0.0268274040328	-0.00934874687862	-0.0118429835579	0.048151688282	-0.0561023233828	-0.0667590643752	-0.0048860760687	-0.00771100121554	-0.100524511508	-0.115770523854	-0.0721407844228	-0.0397419936803	0.0394793630049	-0.0135204033373	-0.0245488451827	-0.0467305334527	-0.125486986137	-0.134633725884	-0.0768147867749	-0.0453040043918	-0.0318366969029	-0.0726361686823	-0.0385138075857	-0.0860518862531	0.0766070938973	-0.0639977546036	-0.0117075028855	-0.0666251169978	-0.0324622953228	-0.0920540188909	0.00152094039536	-0.0160224361156	-0.000481806204885	-0.107768802408	0.010430038666	-0.0742668331429	-0.154666059886	-0.00416787035949	-0.0712696394784	0.00345636503201	0.0124729735747	0.0122204968081	0.0132602839946	-0.0312630268117	-0.0218858084824	-0.160189269858
k__Bacteria;p__Bacteroidetes;c__Bacteroidia;o__Bacteroidales;f__Rikenellaceae;g__Alistipes;s__Alistipes_shahii	-0.0149240340125	-0.0789093660848	-0.178769742128	-0.110442415618	0.021047248364	-0.101792776266	1.0	-0.122125612767	0.00629048970521	-0.0182269867926	-0.0554623626393	-0.0511840283998	-0.0775213771895	-0.00456546974102	0.104845686735	0.0112045999337	-0.0276611349498	0.0122550211326	0.0288087586412	-0.0178988013353	-0.0530598925241	0.0343323670638	0.0121436038609	0.0304706284177	0.0336483114319	-0.0855054082619	-0.0705631716438	-0.00571385369174	-0.0109374131932	0.0232506693921	0.00224835202485	-0.0125457645475	-0.112045647388	-0.0588347347594	0.00875342365408	0.0468662526087	0.0108322502586	-0.0462486830821	0.000972835562858	-0.0279029461767	-0.132296830787	-0.0823277982614	-0.00779743809315	0.0197791225839	0.0897667264694	-0.0181580468805	-0.00576112806539	0.0273295329774	-0.0349476299247	0.00845805968085	-0.0741305576442	-0.130573557492	0.113042850346	-0.116607782333	-0.012748803724	-0.0290738888131	0.0371110523512	-0.0739216901487	-0.106480881593
k__Bacteria;p__Firmicutes;c__Clostridia;o__Clostridiales;f__Ruminococcaceae;g__Faecalibacterium;s__Faecalibacterium_prausnitzii	-0.0796752160727	-0.103381386242	-0.136704997212	-0.00550779352681	0.0872533051344	-0.0800870894166	-0.122125612767	1.0	-0.0876687354258	-0.0123806315245	0.0586947268802	-0.0232498890338	-0.0349010907014	0.0693247267277	-0.0195416816601	0.0410575643458	-0.0705273112743	-0.00863681116484	-0.00370910819324	0.0340889379798	-0.0669396613774	-0.0589511567514	-0.00318464657233	-0.0371741611251	-0.056539326306	-0.0514368279406	-0.0672758916591	0.044281855081	-0.0400740943464	-0.0873675491989	0.0176740587364	-0.0654240395619	-0.0323811447246	-0.0233882114955	-0.000413445006436	-0.0978786982026	-0.019036469031	-0.0826634818615	0.0600377228781	-0.000223454168987	0.0216609820824	0.0285812600848	-0.155815755206	0.0287226860729	-0.0686084951611	-0.00759654264209	0.108277992858	-0.132857094873	0.0307496336777	-0.0504103563545	-0.102277100661	-0.0649247294744	-0.0559226474467	-0.0678092789458	0.112077667449	-0.0412413401205	0.00746162333073	0.0278550029833	0.0195839897547
k__Bacteria;p__Bacteroidetes;c__Bacteroidia;o__Bacteroidales;f__Rikenellaceae;g__Alistipes;s__Alistipes_finegoldii	0.027999644214	0.0173610958456	0.0677464425866	0.0783467108083	-0.0327030993687	-0.0994209072946	0.00629048970521	-0.0876687354258	1.0	-0.00685442637413	0.0126574792675	-0.0239073047172	-0.0695508816196	-0.102389942616	-0.116609017637	-0.0227370117276	-0.0399246242957	-0.0716736898392	0.0584399430508	-0.00401875978534	-0.0352239948701	0.0520029055887	-0.0187538154434	0.0867358601575	-0.0733748718828	-0.0870579755915	0.0629648541087	-0.0632018161539	-0.0378001931168	-0.0995958768752	0.0547720380127	-0.0836215893242	-0.0332207467042	0.0445055270758	-0.0351551898493	-0.0834919183598	-0.193805784207	0.10104128698	-0.0567393613556	0.0306779381846	-0.0880295427676	-0.0177977789746	0.0733399220913	-0.0144383551136	-0.0299914913903	-0.0594072659152	-0.166973197444	0.0597775707885	-0.0842137292258	-0.0476986081888	-0.0211275555914	0.0416222536471	-0.00689784061427	-0.101479798408	-0.0534275976551	-0.0651249601552	0.0518520197215	-0.0787891821744	0.0309447320149
k__Bacteria;p__Bacteroidetes;c__Bacteroidia;o__Bacteroidales;f__Porphyromonadaceae;g__Parabacteroides;s__Parabacteroides_distasonis	0.00554376985115	-0.00486676971817	0.00164695418166	0.042905923803	-0.117286531576	0.0295062638226	-0.0182269867926	-0.0123806315245	-0.00685442637413	1.0	-0.0166332875984	-0.0103830306649	-0.0792914770915	-0.0393085516498	-0.0314750231899	-0.120390709745	0.0261586966997	-0.0243423788622	-0.0466884762182	-0.0793940893849	0.0134770642781	0.0304879625161	-0.173683238142	0.0264037917154	-0.0883886811552	-0.106687172065	0.0973428260468	-0.0391651052463	-0.0676177402714	-0.0131209053564	0.213173559289	0.0158930571859	-0.101274707655	-0.0443480099606	-0.156027811071	0.031248297628	-0.0535187428641	0.0385877974985	0.0125388498319	0.0755546270104	-0.0488814910483	-0.0858955602571	0.0150548601142	-0.0349826740781	-0.0847877779435	-7.09807490666e-05	-0.0917444197202	-0.0629385877184	-0.048242308476	-0.102111284289	-0.0174479246754	-0.0691500755756	-0.05589335649	-0.144974829099	-0.0270263246149	0.030221736253	-0.0302754335395	-0.10569468752	-0.038856592234
k__Bacteria;p__Bacteroidetes;c__Bacteroidia;o__Bacteroidales;f__Bacteroidaceae;g__Bacteroides;s__Bacteroides_thetaiotaomicron	-0.0419311674647	-0.0141171804139	-0.0716667511545	-0.0394040277234	-0.128718927015	0.0495405440334	-0.0554623626393	0.0586947268802	0.0126574792675	-0.0166332875984	1.0	-0.044192767954	-0.0192567459921	-0.0546019769797	0.120253240198	0.00733291343702	0.00851956032616	-0.06213147765	-0.0611922857839	-0.0220424742993	-0.10586110131	0.00531525868429	-0.091455567422	-0.0917986011055	-0.023494302487	-0.00954948504502	-0.0641434697731	-0.0596225900066	0.0280668100672	-0.0274692321794	0.0241130945917	-0.125062398645	-0.0586751138942	0.0121843690459	-0.0039600724565	0.0253180526162	0.0426822233014	0.105076071791	-0.161244689322	-0.069430245111	-0.1084675463	-0.0701183402157	-0.122906647549	0.0566579248116	0.0570904458012	-0.0218861702732	-0.0902604657938	-0.0958327488953	-0.0295445863655	-0.105006807449	-0.0161428419483	0.0237889068251	0.00675101212706	-0.0498686427667	0.00395342060993	-0.0483415060034	0.0501520560971	-0.0561980197365	-0.0717487542006
k__Bacteria;p__Bacteroidetes;c__Bacteroidia;o__Bacteroidales;f__Bacteroidaceae;g__Bacteroides;s__Bacteroides_coprocola	0.0845773934168	-0.0678802108578	-0.0615501457435	-0.0573626880907	0.00807849277149	0.0441943631317	-0.0511840283998	-0.0232498890338	-0.0239073047172	-0.0103830306649	-0.044192767954	1.0	0.0284481866119	-0.000585151534855	0.0260256010855	-0.0127528511596	-0.0811531846715	-0.05150336329	-0.0145672939266	-0.00579598635569	-0.0367856555514	-0.0894979270476	-0.0648836066674	-0.0314677654706	-0.0746679825386	-0.0899939141045	-0.0753222739684	0.0424302541308	-0.11591759886	-0.0806088079252	-0.118082947472	0.00424709911329	-0.0429232408054	0.0731290575852	-0.069707941847	-0.1204706545	0.0205703061207	-0.0134242507575	-0.0249739553954	-0.106303738424	-0.0457127632171	0.00311068053116	0.0229349060906	0.0728452023967	0.0415997308572	0.00504771864163	-0.00888084643037	-0.0372059741359	-0.0052075344477	0.0172014334956	0.0181930955814	0.0648391845936	-0.189234832086	0.0253987887199	-0.0390530453798	0.0344603894925	-0.0701329849096	-0.0355316560073	-0.0261760914372
k__Bacteria;p__Bacteroidetes;c__Bacteroidia;o__Bacteroidales;f__Bacteroidaceae;g__Bacteroides;s__Bacteroides_cellulosilyticus	0.0378711206231	0.0201545441874	-0.241337365143	-0.0637521831762	-0.0625622484456	0.0271784540885	-0.0775213771895	-0.0349010907014	-0.0695508816196	-0.0792914770915	-0.0192567459921	0.0284481866119	1.0	-0.0437898712991	-0.00150833366393	0.00935594657923	-0.0293571254489	-0.09263277298	0.00806747516885	-0.00301463889758	-0.0701482262918	0.099734667082	-0.0743440613189	-0.0701722900665	-0.117929093023	-0.0978071580586	-0.136483863869	0.0817000231264	-0.0944405472752	-0.0315978433086	-0.106902848895	-0.0994017854482	0.00270724798578	-0.0918096346035	0.0362787687808	-0.153360564447	0.0308921088072	-0.00436209958223	-0.017523655375	-0.0252821202635	-0.00649402192307	-0.0399051481037	0.0452163293253	0.0675454896931	-0.105113241166	-0.0345479894961	-0.0138427803948	-0.0251479494736	0.139940146935	-0.0634209316195	-0.0904737153352	-0.0428238482216	0.0658395704335	-0.088504313642	-0.0706503596044	0.0478163353464	-0.116441103108	-0.0255112684405	-0.0423464247077
k__Bacteria;p__Bacteroidetes;c__Bacteroidia;o__Bacteroidales;f__Rikenellaceae;g__Alistipes;s__Alistipes_obesi	-0.209309654483	0.00633320168141	-0.05196392555	-0.117891717142	-0.107405750114	0.0268274040328	-0.00456546974102	0.0693247267277	-0.102389942616	-0.0393085516498	-0.0546019769797	-0.000585151534855	-0.0437898712991	1.0	-0.098454148698	0.0097158146199	-0.174170087005	0.0297092666581	-0.0638337535262	-0.0768477866038	-0.0532580173724	-0.0189065695086	-0.0318022737773	-0.0545378833105	0.0273352389975	-0.120718681886	-0.0271343710143	0.0761092681941	-0.00529556493866	-0.0820002977619	0.0258797931155	-0.0981583091384	0.00933282739628	0.0272174596705	-0.0167668825519	-0.0858086635805	-0.029546992451	0.0718035478896	0.110067904459	-0.0304068939529	-0.0307392866662	0.0836669506231	0.0423707650547	-0.0236294902297	-0.120695402827	-0.00336223365487	-0.0544058269182	-0.193018700616	-0.0145320666826	-0.0278178404955	0.0546289595301	-0.116497129726	-0.121642220605	-0.158917878441	-0.0373181397712	-0.225922432222	-0.04939217715	0.0231838625403	0.0241284256833
k__Bacteria;p__Firmicutes;c__Clostridia;o__Clostridiales;f__Lachnospiraceae;g__;s__[Eubacterium]_rectale	-0.0224955610367	-0.0719133437851	-0.0240663161748	-0.111879845812	0.126860632222	-0.00934874687862	0.104845686735	-0.0195416816601	-0.116609017637	-0.0314750231899	0.120253240198	0.0260256010855	-0.00150833366393	-0.098454148698	1.0	-0.0167045452709	0.0321751209862	-0.175901777972	0.10668716793	0.0840541634838	-0.0150869458206	-0.0516937814524	-0.0406994733198	0.00779342782406	-0.0063476092229	0.00912405243917	-0.151886796866	-0.0276179758219	-0.0446277007474	0.0274676497471	0.0383525857829	-0.0280568405825	-0.0144943241448	-0.0395039971118	-0.107550268087	-0.127902421389	-0.087334176389	-0.0963181454402	-0.177123085552	-0.0299427119221	-0.0702798011056	-0.0633841117418	-0.0784407214117	0.00286103559339	-0.0563690930305	-0.0305508407865	0.00351544166181	-0.135526690711	-0.0221341350302	-0.0728904513031	-0.0391021692279	0.0724218993705	-0.0357906450331	0.0302693209447	-0.0375504864555	0.035384349408	-0.070354065952	-0.0659068234314	-0.0283702284073
k__Bacteria;p__Bacteroidetes;c__Bacteroidia;o__Bacteroidales;f__Bacteroidaceae;g__Bacteroides;s__Bacteroides_plebeius	-0.0870210741938	-0.0876493014937	-0.141268984872	-0.0127154159712	-0.0722838015078	-0.0118429835579	0.0112045999337	0.0410575643458	-0.0227370117276	-0.120390709745	0.00733291343702	-0.0127528511596	0.00935594657923	0.0097158146199	-0.0167045452709	1.0	0.0168407430682	0.0590947379842	-0.0790623011671	0.0337356544178	-0.0296836058489	-0.105316537852	0.13202101365	-0.0502512916449	-0.0877921318211	-0.075683892366	-0.111841333214	-0.0392672799618	-0.0547644955916	0.0261754061986	0.00985818143185	-0.0468831298217	-0.0359100879364	0.0474239789408	0.0390941843235	-0.0143045877492	-0.0161018771147	0.0447557703266	-0.0399626268412	-0.0969084227322	-0.129641870931	-0.0707423953291	0.064185596212	0.00451418658028	0.0188268235028	-0.0464967244278	-0.0437806559668	-0.0768749434143	-0.138868330528	-0.0504708710181	-0.0725936387424	-0.12063427902	-0.056527797321	0.020836845929	-0.114799186765	-0.00350336498887	0.0593496158975	-0.0541879490091	0.0113288370236
k__Bacteria;p__Bacteroidetes;c__Bacteroidia;o__Bacteroidales;f__Bacteroidaceae;g__Bacteroides;s__Bacteroides_fragilis	-0.0850077844732	0.0475084209929	0.0159252240152	-0.0277077503772	-0.0632020862378	0.048151688282	-0.0276611349498	-0.0705273112743	-0.0399246242957	0.0261586966997	0.00851956032616	-0.0811531846715	-0.0293571254489	-0.174170087005	0.0321751209862	0.0168407430682	1.0	0.0232196849046	-0.01996771034	-0.0837112323415	-0.0988382653941	-0.0650976760808	-0.035734815178	-0.0557737302174	0.019995827147	0.0299242473822	-0.00868786971113	0.101501530488	0.0727750551774	0.0182633594066	0.0133165148741	-0.0580491941975	0.0223547175591	-0.0912979133282	-0.136072160512	-0.00118030347977	-0.00305575647452	-0.0426841596084	-0.0920616614688	-0.0410135927472	-0.0667513941726	0.0572927465479	-0.168252768564	0.0410275315759	-0.0451266174566	0.00178720170866	-0.0626048913136	-0.0526610109864	0.00695550330535	-0.0590396542134	0.016690809701	-0.101864695804	-0.134133721989	-0.0825562393079	-0.00247363013381	-0.0961822072695	-0.0271784404547	0.0867536878529	-0.0648792520023
k__Bacteria;p__Proteobacteria;c__Betaproteobacteria;o__Burkholderiales;f__Sutterellaceae;g__Sutterella;s__Sutterella_wadsworthensis	-0.103365201618	-0.0942313711794	-0.106580039263	-0.140743314168	0.0517105842329	-0.0561023233828	0.0122550211326	-0.00863681116484	-0.0716736898392	-0.0243423788622	-0.06213147765	-0.05150336329	-0.09263277298	0.0297092666581	-0.175901777972	0.0590947379842	0.0232196849046	1.0	-0.0563748890516	-0.0178977350573	0.182498995016	-0.038286057157	-0.029424698972	-0.0654126490253	0.00356939434319	-0.103557196508	-0.126951579058	0.0177781365465	-0.0732035235394	0.0941631743857	-0.0389103601763	-0.0373230577537	-0.0787702251969	0.082548589013	0.0129747013482	0.101645242343	-0.0534588637654	-0.0375363931886	0.0659415558467	0.0107383046944	-0.0906904678092	0.0252431918899	0.00968146684229	-0.0716590097981	0.0208403620503	-0.206550568748	-0.0950745651024	-0.0595990097072	-0.0975666329981	0.0146935122825	-0.032500483613	-0.0314658714716	-0.0630479044188	-0.0372149094713	-0.045056935083	0.0554772620219	-0.021411383672	-0.00424217149646	-0.0562148130653
k__Bacteria;p__Bacteroidetes;c__Bacteroidia;o__Bacteroidales;f__Porphyromonadaceae;g__Barnesiella;s__Barnesiella_intestinihominis	-0.0757219315118	0.007666366385	0.0556444799986	-0.0621523516629	-0.00614054331572	-0.0667590643752	0.0288087586412	-0.00370910819324	0.0584399430508	-0.0466884762182	-0.0611922857839	-0.0145672939266	0.00806747516885	-0.0638337535262	0.10668716793	-0.0790623011671	-0.01996771034	-0.0563748890516	1.0	0.0331798775521	0.0179615216028	-0.0874998977604	-0.0241997288416	-0.087237007243	-0.0344546741618	-0.00526213962591	-0.0291558530168	-0.0550515878135	0.0357365482968	0.0200027516626	-0.0034525485265	0.0824430883955	-0.0972397526921	0.0435259608185	-0.0443108208577	-0.0201757007963	-0.0587570601902	-0.0644741365406	-0.0719730442377	-0.130895775795	-0.000627797921101	-0.224477341662	-0.0450244716631	0.0533926939366	-0.0615060569953	-0.0813054643967	0.139109956027	-0.0167066223277	0.00832621623756	-0.00778784336494	-0.00770925674794	-0.0402492354203	0.00909045136854	-0.0700701872211	0.027098659011	-0.0345768606867	-0.0354892920242	-0.0447397179238	-0.00458267588042
k__Bacteria;p__Bacteroidetes;c__Bacteroidia;o__Bacteroidales;f__Odoribacteraceae;g__Odoribacter;s__Odoribacter_splanchnicus	0.0300341182177	-0.0192944650426	-0.0158206158777	-0.0524841579477	-0.0961468584119	-0.0048860760687	-0.0178988013353	0.0340889379798	-0.00401875978534	-0.0793940893849	-0.0220424742993	-0.00579598635569	-0.00301463889758	-0.0768477866038	0.0840541634838	0.0337356544178	-0.0837112323415	-0.0178977350573	0.0331798775521	1.0	-0.0116338429025	-0.00393450700176	-0.0862960356444	0.0246784935281	-0.093842343447	-0.0920538295182	-0.0109773105023	-0.0027807183719	-0.023545568053	-0.0306102170099	-0.136392526244	-0.0566251263168	-0.0667270578519	-0.0261181134033	-0.0689930658351	-0.00483075511087	-0.0583545127158	-0.0858707522974	0.108109372912	0.00678611095222	-0.0907875815921	-0.0526514542001	-0.0323467544279	0.0152386728261	-0.126418941377	-0.0912104814123	-0.00709519562499	-0.123269884169	0.0407138271344	-0.174058229384	-0.143800303307	0.0320107773265	-0.0213513403985	0.0146058990805	0.0495088186462	-0.0404346777907	-0.0662764706006	0.100540542957	0.0565556688929
k__Bacteria;p__Bacteroidetes;c__Bacteroidia;o__Bacteroidales;f__Bacteroidaceae;g__Bacteroides;s__Bacteroides_salyersiae	-0.0738408443632	8.73485562279e-05	-0.0442281169426	-0.0638217888219	-0.126617941864	-0.00771100121554	-0.0530598925241	-0.0669396613774	-0.0352239948701	0.0134770642781	-0.10586110131	-0.0367856555514	-0.0701482262918	-0.0532580173724	-0.0150869458206	-0.0296836058489	-0.0988382653941	0.182498995016	0.0179615216028	-0.0116338429025	1.0	-0.0135094904956	0.00168203892961	-0.0379341839359	-0.0556111702087	0.00671688612321	-0.119678416055	-0.136758952379	-0.0469663111284	0.0446507425707	-0.0376730190295	0.0177047433807	-0.0112258342545	-0.0704222585741	0.0133307230319	-0.0644914309331	-0.064236635976	0.026141675136	-0.0670235769827	-0.084248265162	-0.0690943315445	-0.100681482236	0.00228889397186	-0.0652152534675	0.011011728745	0.0534662553107	-0.0837879005902	-0.0741719284562	-0.00312035581542	0.0071089846061	0.0624460747066	-0.102532053441	-0.0128366186833	-0.141421322344	-0.124160016668	-0.0409830049438	-0.0319035200209	-0.0849084214382	-0.0505236751693
k__Bacteria;p__Firmicutes;c__Clostridia;o__Clostridiales;f__Ruminococcaceae;g__Ruminiclostridium;s__[Eubacterium]_siraeum	-0.0883864850502	-0.0218234294859	-0.123129597354	0.0424167953227	0.0250169067085	-0.100524511508	0.0343323670638	-0.0589511567514	0.0520029055887	0.0304879625161	0.00531525868429	-0.0894979270476	0.099734667082	-0.0189065695086	-0.0516937814524	-0.105316537852	-0.0650976760808	-0.038286057157	-0.0874998977604	-0.00393450700176	-0.0135094904956	1.0	0.0162343125378	-0.025021354827	-0.00325794471827	-0.0876648100616	-0.0200805118615	0.0809931824258	-0.0225958824035	-0.0386465187419	0.0388164121907	-0.1465029092	-0.0194512968784	-0.0848387369829	-0.0559743666912	-0.0194617512924	0.085027536012	-0.0441411257811	-0.0719046770406	-0.0225974543601	0.0437582840645	-0.0188337419671	-0.0924650478871	0.0036325474462	-0.142147739522	-0.00852689218883	-0.163670972451	-0.0700892656755	-0.053742885885	-0.00492520763323	0.00398192664678	-0.0756924295628	0.0373493798604	-0.026185491295	-0.121287876418	-0.106726634179	-0.00937356753291	-0.0206769993757	-0.090012529217
k__Bacteria;p__Proteobacteria;c__Betaproteobacteria;o__Burkholderiales;f__Sutterellaceae;g__Parasutterella;s__Parasutterella_excrementihominis	-0.0544337529456	0.0430954058553	-0.00650888159063	-0.00728885721613	0.0820670796387	-0.115770523854	0.0121436038609	-0.00318464657233	-0.0187538154434	-0.173683238142	-0.091455567422	-0.0648836066674	-0.0743440613189	-0.0318022737773	-0.0406994733198	0.13202101365	-0.035734815178	-0.029424698972	-0.0241997288416	-0.0862960356444	0.00168203892961	0.0162343125378	1.0	-0.22983433717	-0.126786226264	0.0985485623618	-0.0955199138478	-0.0514851166746	0.00629518864341	-0.0389265536539	-0.0462499429975	-0.0920958639548	-0.0875514829284	-0.0309148255958	0.0158512254309	-0.0484459775167	-0.0255863962202	-0.00702711070023	0.0667835636698	-0.0501235609849	0.113044151038	-0.179866411493	0.0177930039297	0.0065839777101	-0.0857632789249	-0.0453118858797	-0.0393377461432	0.0527276191098	-0.0543503945134	-0.0248065079191	0.0448177061054	-0.0902595378353	-0.113864408029	-0.00346878525652	-0.0530395706865	-0.14906322721	0.00264582468034	-0.000134507309749	-0.00813841621289
k__Bacteria;p__Actinobacteria;c__Actinobacteria;o__Bifidobacteriales;f__Bifidobacteriaceae;g__Bifidobacterium;s__Bifidobacterium_adolescentis	-0.0882788023097	-0.0806901189861	-0.032077298586	0.0296373798025	0.0441740729832	-0.0721407844228	0.0304706284177	-0.0371741611251	0.0867358601575	0.0264037917154	-0.0917986011055	-0.0314677654706	-0.0701722900665	-0.0545378833105	0.00779342782406	-0.0502512916449	-0.0557737302174	-0.0654126490253	-0.087237007243	0.0246784935281	-0.0379341839359	-0.025021354827	-0.22983433717	1.0	-0.0232183829139	-0.00921302889156	0.0537213442125	-0.081363110915	-0.137097634325	-0.0499261460705	-0.0377559984817	-0.0272162749066	0.013720862473	0.103600216048	-0.0612827611496	-0.0181878342751	-0.0905109572321	-0.111140123124	-0.1451030267	-0.009526496629	-0.126539258893	0.0794573196942	0.0843746733513	0.0907065166552	0.0894813516596	0.0740622057434	-0.00104324045684	0.106901702141	-0.0302575730418	-0.0655389574042	-0.0383536266446	-0.117416005411	-0.0623019733304	-0.049068548254	-0.118050086739	-0.0711855918525	0.0214718855678	-0.0739383313606	0.0727835477727
k__Bacteria;p__Firmicutes;c__Clostridia;o__Clostridiales;f__Oscillospiraceae;g__Oscillibacter;s__Oscillibacter_sp._KLE_1745	-0.0476068840385	-0.0458411472717	0.0232079136743	-0.0260126879091	-0.104560463641	-0.0397419936803	0.0336483114319	-0.056539326306	-0.0733748718828	-0.0883886811552	-0.023494302487	-0.0746679825386	-0.117929093023	0.0273352389975	-0.0063476092229	-0.0877921318211	0.019995827147	0.00356939434319	-0.0344546741618	-0.093842343447	-0.0556111702087	-0.00325794471827	-0.126786226264	-0.0232183829139	1.0	0.00438407212868	-0.118698088286	-0.037310557673	-0.0349580880873	-0.129478184306	-0.0598825483841	0.0429427395288	0.0332127912472	-0.10926310452	0.0127933373874	-0.0631981082639	-0.110175909242	0.0126860419583	-0.0215790691541	-0.0411298650271	-0.127801413085	-0.0186574088976	-0.0115442259105	-0.0975946591212	-0.0542126898433	0.00677647286099	-0.126512300956	-0.0398501205093	0.0670842324064	0.0180015857375	-0.0848010100978	-0.0359899635774	-0.0348068668207	-0.0505297222144	-0.0612175127176	-0.0101117087335	-0.0702252625939	-0.0579097628657	-0.00930233883748
k__Bacteria;p__Bacteroidetes;c__Bacteroidia;o__Bacteroidales;f__Bacteroidaceae;g__Bacteroides;s__Bacteroides_coprophilus	-0.0168232249335	0.117022773251	-0.0615715902716	-0.0515563144971	-0.0233643356883	0.0394793630049	-0.0855054082619	-0.0514368279406	-0.0870579755915	-0.106687172065	-0.00954948504502	-0.0899939141045	-0.0978071580586	-0.120718681886	0.00912405243917	-0.075683892366	0.0299242473822	-0.103557196508	-0.00526213962591	-0.0920538295182	0.00671688612321	-0.0876648100616	0.0985485623618	-0.00921302889156	0.00438407212868	1.0	-0.178854755233	0.0616054558065	-0.0339295055579	-0.070934315582	-0.0083506586902	-0.102896329628	-0.0159988163334	-0.144571603298	-0.0482990253967	0.0368767405351	-0.00108071778769	0.0364964692897	-0.087029096709	0.0602265106659	0.0081264562153	-0.034306130159	-0.0634022632779	-0.0891918377241	-0.0612188408909	-0.0828374716828	-0.114357117497	0.0960587470497	0.0583398552952	-0.0112436337489	-0.0883642141522	0.0728382801932	0.0837054306363	0.0836059852645	-0.0632085392229	-0.0608765215092	0.0389482034389	-0.0596007061727	-0.0061484986586
k__Bacteria;p__Firmicutes;c__Clostridia;o__Clostridiales;f__Lachnospiraceae;g__Roseburia;s__Roseburia_intestinalis	-0.020722607244	0.117268796248	-0.103942281642	0.121346070929	-0.0327867399972	-0.0135204033373	-0.0705631716438	-0.0672758916591	0.0629648541087	0.0973428260468	-0.0641434697731	-0.0753222739684	-0.136483863869	-0.0271343710143	-0.151886796866	-0.111841333214	-0.00868786971113	-0.126951579058	-0.0291558530168	-0.0109773105023	-0.119678416055	-0.0200805118615	-0.0955199138478	0.0537213442125	-0.118698088286	-0.178854755233	1.0	0.0986843364495	-0.0405727989145	-0.0721758926564	0.0238462000338	-0.00728844978125	-0.0750904016689	-0.0819555692198	0.118480828075	-0.0739371059796	0.0746853499321	-0.096853515538	0.0394550576732	0.0623914704147	0.0126804261055	-0.0295856421397	-0.00694183946824	0.00575314085046	-0.0074744274456	-0.0143795945532	0.0552787305174	0.0757157520754	-0.0356319151876	-0.0841159369682	0.0337155584368	-0.121452943562	-0.0565330170206	-0.0333950374999	0.0883940586761	-0.0646572361547	-0.0832945588378	0.00621235450679	0.0190124160511
k__Bacteria;p__Firmicutes;c__Clostridia;o__Clostridiales;f__Lachnospiraceae;g__Roseburia;s__Roseburia_hominis	-0.0710303419496	0.100106975231	0.00206753787551	-0.134796565034	-0.00373952258954	-0.0245488451827	-0.00571385369174	0.044281855081	-0.0632018161539	-0.0391651052463	-0.0596225900066	0.0424302541308	0.0817000231264	0.0761092681941	-0.0276179758219	-0.0392672799618	0.101501530488	0.0177781365465	-0.0550515878135	-0.0027807183719	-0.136758952379	0.0809931824258	-0.0514851166746	-0.081363110915	-0.037310557673	0.0616054558065	0.0986843364495	1.0	-0.0590163236224	-0.0108510240024	-0.0777396689441	0.00107935260684	-0.0874736117462	-0.0135654846057	-0.0458802351109	0.000379649107555	-0.00628519252564	-0.0248255915561	-0.0788876815302	0.0308944386052	-0.0288979166178	0.055358987076	0.0176550348099	-0.0168504559003	-0.0386415889318	0.183659285514	-0.0715087436943	-0.0681998465256	0.0127582764668	0.0594423301816	-0.00911698543485	-0.0729841820994	0.0438481117192	-0.0689395659143	-0.0113451402584	0.0201612768162	0.0644978908558	0.0407077036993	-0.115532393612
k__Bacteria;p__Bacteroidetes;c__Bacteroidia;o__Bacteroidales;f__Porphyromonadaceae;g__Parabacteroides;s__Parabacteroides_johnsonii	-0.0563430581482	-0.100968755237	-0.0132655034585	0.00600982696273	0.0745022209508	-0.0467305334527	-0.0109374131932	-0.0400740943464	-0.0378001931168	-0.0676177402714	0.0280668100672	-0.11591759886	-0.0944405472752	-0.00529556493866	-0.0446277007474	-0.0547644955916	0.0727750551774	-0.0732035235394	0.0357365482968	-0.023545568053	-0.0469663111284	-0.0225958824035	0.00629518864341	-0.137097634325	-0.0349580880873	-0.0339295055579	-0.0405727989145	-0.0590163236224	1.0	-0.105027595662	-0.00596416304407	0.0982106219599	-0.0597200116239	-0.0667243892044	-0.0973480953179	-0.0674642391133	0.10132391786	0.0355158352556	-0.00144386630534	-0.0214429637006	-0.0387317205237	-0.0996940585485	0.0541066145738	0.073037870706	-0.0200446373755	-0.0299903175361	-0.104579165027	-0.149104283637	-0.110617920613	-0.127494471324	-0.00587882351092	-0.0425046571614	-0.0686501014914	0.0114086892386	-0.00118865364095	-0.0507251677002	-0.134200079913	-0.0321666670753	0.109053389128
k__Bacteria;p__Actinobacteria;c__Actinobacteria;o__Bifidobacteriales;f__Bifidobacteriaceae;g__Bifidobacterium;s__Bifidobacterium_longum	0.0709980450227	-0.156980036361	-0.00107264249155	-0.129091339918	-0.0163524266277	-0.125486986137	0.0232506693921	-0.0873675491989	-0.0995958768752	-0.0131209053564	-0.0274692321794	-0.0806088079252	-0.0315978433086	-0.0820002977619	0.0274676497471	0.0261754061986	0.0182633594066	0.0941631743857	0.0200027516626	-0.0306102170099	0.0446507425707	-0.0386465187419	-0.0389265536539	-0.0499261460705	-0.129478184306	-0.070934315582	-0.0721758926564	-0.0108510240024	-0.105027595662	1.0	-0.0536214472377	-0.0834939750057	0.0130830198816	-0.0198553276146	0.0187218967326	-0.0461498045797	-0.101948353838	-0.0797189112944	0.0219930453482	0.0596965720616	-0.111327231663	-0.167403236518	-0.00796857772431	0.01826080932	-0.00579486046271	0.0415227513087	0.0517526032496	-0.110137152679	-0.066922614813	0.0415401184573	-0.000549909263452	-0.00899767641968	-0.00096635791968	-0.0391016381789	-0.067300477463	0.0482305911524	-0.00755124223876	0.0820073629573	-0.0799841890562
