#taxonomy	k__Bacteria;p__Bacteroidetes;c__Bacteroidia;o__Bacteroidales;f__Bacteroidaceae;g__Bacteroides;s__Bacteroides_vulgatus	k__Bacteria;p__Bacteroidetes;c__Bacteroidia;o__Bacteroidales;f__Bacteroidaceae;g__Bacteroides;s__Bacteroides_uniformis	k__Bacteria;p__Bacteroidetes;c__Bacteroidia;o__Bacteroidales;f__Rikenellaceae;g__Alistipes;s__Alistipes_putredinis	k__Bacteria;p__Bacteroidetes;c__Bacteroidia;o__Bacteroidales;f__Prevotellaceae;g__Prevotella;s__Prevotella_copri	k__Bacteria;p__Bacteroidetes;c__Bacteroidia;o__Bacteroidales;f__Bacteroidaceae;g__Bacteroides;s__Bacteroides_stercoris	k__Bacteria;p__Bacteroidetes;c__Bacteroidia;o__Bacteroidales;f__Bacteroidaceae;g__Bacteroides;s__Bacteroides_ovatus	k__Bacteria;p__Bacteroidetes;c__Bacteroidia;o__Bacteroidales;f__Rikenellaceae;g__Alistipes;s__Alistipes_shahii	k__Bacteria;p__Firmicutes;c__Clostridia;o__Clostridiales;f__Ruminococcaceae;g__Faecalibacterium;s__Faecalibacterium_prausnitzii	k__Bacteria;p__Bacteroidetes;c__Bacteroidia;o__Bacteroidales;f__Rikenellaceae;g__Alistipes;s__Alistipes_finegoldii	k__Bacteria;p__Bacteroidetes;c__Bacteroidia;o__Bacteroidales;f__Porphyromonadaceae;g__Parabacteroides;s__Parabacteroides_distasonis	k__Bacteria;p__Bacteroidetes;c__Bacteroidia;o__Bacteroidales;f__Bacteroidaceae;g__Bacteroides;s__Bacteroides_thetaiotaomicron	k__Bacteria;p__Bacteroidetes;c__Bacteroidia;o__Bacteroidales;f__Bacteroidaceae;g__Bacteroides;s__Bacteroides_coprocola	k__Bacteria;p__Bacteroidetes;c__Bacteroidia;o__Bacteroidales;f__Bacteroidaceae;g__Bacteroides;s__Bacteroides_cellulosilyticus	k__Bacteria;p__Bacteroidetes;c__Bacteroidia;o__Bacteroidales;f__Rikenellaceae;g__Alistipes;s__Alistipes_obesi	k__Bacteria;p__Firmicutes;c__Clostridia;o__Clostridiales;f__Lachnospiraceae;g__;s__[Eubacterium]_rectale	k__Bacteria;p__Bacteroidetes;c__Bacteroidia;o__Bacteroidales;f__Bacteroidaceae;g__Bacteroides;s__Bacteroides_plebeius	k__Bacteria;p__Bacteroidetes;c__Bacteroidia;o__Bacteroidales;f__Bacteroidaceae;g__Bacteroides;s__Bacteroides_fragilis	k__Bacteria;p__Proteobacteria;c__Betaproteobacteria;o__Burkholderiales;f__Sutterellaceae;g__Sutterella;s__Sutterella_wadsworthensis	k__Bacteria;p__Bacteroidetes;c__Bacteroidia;o__Bacteroidales;f__Porphyromonadaceae;g__Barnesiella;s__Barnesiella_intestinihominis	k__Bacteria;p__Bacteroidetes;c__Bacteroidia;o__Bacteroidales;f__Odoribacteraceae;g__Odoribacter;s__Odoribacter_splanchnicus	k__Bacteria;p__Bacteroidetes;c__Bacteroidia;o__Bacteroidales;f__Bacteroidaceae;g__Bacteroides;s__Bacteroides_salyersiae	k__Bacteria;p__Firmicutes;c__Clostridia;o__Clostridiales;f__Ruminococcaceae;g__Ruminiclostridium;s__[Eubacterium]_siraeum	k__Bacteria;p__Proteobacteria;c__Betaproteobacteria;o__Burkholderiales;f__Sutterellaceae;g__Parasutterella;s__Parasutterella_excrementihominis	k__Bacteria;p__Actinobacteria;c__Actinobacteria;o__Bifidobacteriales;f__Bifidobacteriaceae;g__Bifidobacterium;s__Bifidobacterium_adolescentis	k__Bacteria;p__Firmicutes;c__Clostridia;o__Clostridiales;f__Oscillospiraceae;g__Oscillibacter;s__Oscillibacter_sp._KLE_1745	k__Bacteria;p__Bacteroidetes;c__Bacteroidia;o__Bacteroidales;f__Bacteroidaceae;g__Bacteroides;s__Bacteroides_coprophilus	k__Bacteria;p__Firmicutes;c__Clostridia;o__Clostridiales;f__Lachnospiraceae;g__Roseburia;s__Roseburia_intestinalis	k__Bacteria;p__Firmicutes;c__Clostridia;o__Clostridiales;f__Lachnospiraceae;g__Roseburia;s__Roseburia_hominis	k__Bacteria;p__Bacteroidetes;c__Bacteroidia;o__Bacteroidales;f__Porphyromonadaceae;g__Parabacteroides;s__Parabacteroides_johnsonii	k__Bacteria;p__Actinobacteria;c__Actinobacteria;o__Bifidobacteriales;f__Bifidobacteriaceae;g__Bifidobacterium;s__Bifidobacterium_longum	k__Bacteria;p__Firmicutes;c__Clostridia;o__Clostridiales;f__;g__Flavonifractor;s__Flavonifractor_plautii	k__Bacteria;p__Firmicutes;c__Clostridia;o__Clostridiales;f__Clostridiaceae;g__Clostridium;s__Clostridium_phoceensis	k__Bacteria;p__Verrucomicrobia;c__Verrucomicrobiae;o__Verrucomicrobiales;f__Akkermansiaceae;g__Akkermansia;s__Akkermansia_muciniphila	k__Bacteria;p__Bacteroidetes;c__Bacteroidia;o__Bacteroidales;f__Prevotellaceae;g__Paraprevotella;s__Paraprevotella_xylaniphila	k__Bacteria;p__Firmicutes;c__Clostridia;o__Clostridiales;f__Ruminococcaceae;g__Ruminococcus;s__Ruminococcus_callidus	k__Bacteria;p__Bacteroidetes;c__Bacteroidia;o__Bacteroidales;f__Rikenellaceae;g__Alistipes;s__Alistipes_senegalensis	k__Bacteria;p__Firmicutes;c__Clostridia;o__Clostridiales;f__Lachnospiraceae;g__Blautia;s__Blautia_sp._KLE_1732	k__Bacteria;p__Bacteroidetes;c__Bacteroidia;o__Bacteroidales;f__Bacteroidaceae;g__Bacteroides;s__Bacteroides_oleiciplenus	k__Bacteria;p__Firmicutes;c__Clostridia;o__Clostridiales;f__Ruminococcaceae;g__Ruminococcus;s__Ruminococcus_bicirculans	k__Bacteria;p__Bacteroidetes;c__Bacteroidia;o__Bacteroidales;f__Bacteroidaceae;g__Bacteroides;s__Bacteroides_fluxus	k__Bacteria;p__Bacteroidetes;c__Bacteroidia;o__Bacteroidales;f__Prevotellaceae;g__Prevotella;s__Prevotella_stercorea	k__Bacteria;p__Firmicutes;c__Clostridia;o__Clostridiales;f__Lachnospiraceae;g__Dorea;s__Dorea_longicatena	k__Bacteria;p__Firmicutes;c__Clostridia;o__Clostridiales;f__Eubacteriaceae;g__Eubacterium;s__[Eubacterium]_eligens	k__Bacteria;p__Firmicutes;c__Clostridia;o__Clostridiales;f__Ruminococcaceae;g__;s__Ruminococcaceae_bacterium_D16	k__Bacteria;p__Firmicutes;c__Clostridia;o__Clostridiales;f__Lachnospiraceae;g__Coprococcus;s__Coprococcus_comes	k__Bacteria;p__Proteobacteria;c__Gammaproteobacteria;o__Enterobacterales;f__Enterobacteriaceae;g__Escherichia;s__Escherichia_coli	k__Bacteria;p__Firmicutes;c__Clostridia;o__Clostridiales;f__Ruminococcaceae;g__Anaerotruncus;s__Anaerotruncus_colihominis	k__Bacteria;p__Firmicutes;c__Clostridia;o__Clostridiales;f__Lachnospiraceae;g__Blautia;s__Blautia_obeum	k__Bacteria;p__Bacteroidetes;c__Bacteroidia;o__Bacteroidales;f__Odoribacteraceae;g__Odoribacter;s__Odoribacter_laneus	k__Bacteria;p__Firmicutes;c__Clostridia;o__Clostridiales;f__Ruminococcaceae;g__Ruminiclostridium;s__[Clostridium]_leptum	k__Bacteria;p__Bacteroidetes;c__Bacteroidia;o__Bacteroidales;f__Porphyromonadaceae;g__Parabacteroides;s__Parabacteroides_goldsteinii	k__Bacteria;p__Firmicutes;c__Clostridia;o__Clostridiales;f__Lachnospiraceae;g__Anaerostipes;s__Anaerostipes_hadrus	k__Bacteria;p__Firmicutes;c__Clostridia;o__Clostridiales;f__Ruminococcaceae;g__Ruminococcus;s__Ruminococcus_lactaris	k__Bacteria;p__Firmicutes;c__Clostridia;o__Clostridiales;f__Clostridiaceae;g__Clostridium;s__Clostridium_sp._L2-50	k__Bacteria;p__Firmicutes;c__Clostridia;o__Clostridiales;f__Clostridiaceae;g__Clostridium;s__Clostridium_sp._M62/1	k__Bacteria;p__Firmicutes;c__Clostridia;o__Clostridiales;f__;g__Intestinimonas;s__Intestinimonas_butyriciproducens	k__Bacteria;p__Actinobacteria;c__Actinobacteria;o__Bifidobacteriales;f__Bifidobacteriaceae;g__Bifidobacterium;s__Bifidobacterium_bifidum	k__Bacteria;p__Firmicutes;c__Negativicutes;o__Veillonellales;f__Veillonellaceae;g__Dialister;s__Dialister_invisus	k__Bacteria;p__Bacteroidetes;c__Bacteroidia;o__Bacteroidales;f__Bacteroidaceae;g__Bacteroides;s__Bacteroides_salanitronis
k__Bacteria;p__Bacteroidetes;c__Bacteroidia;o__Bacteroidales;f__Bacteroidaceae;g__Bacteroides;s__Bacteroides_vulgatus	1.0	-0.0561201815821	-0.110573262467	-0.0207532557948	-0.0807454581475	-0.133227212252	-0.0221682957165	-0.0864244053591	-0.048946881367	-0.0186096940505	0.0134931839614	-0.0854278848515	-0.0254527830943	0.0119612210572	0.00967587102942	0.0246022363669	-0.121211147342	0.000248130005689	-0.0328946541577	-0.0762310893987	-0.0590915318966	-0.0964693159379	-0.100298640723	0.0607406593893	-0.110021985621	0.0226131258893	-0.142842692339	0.108423856486	-0.0507466858493	-0.0334649323898	0.0316252908423	0.0457774352138	-0.0013106589731	-0.0470092936011	0.0118139400835	-0.0205517433912	-0.0330439622578	0.0175102734153	0.0685033086568	-0.0230294541495	-0.0755677182872	-0.0635392931296	-0.048730854956	-0.0411790634447	-0.0799167293555	0.0697378331085	0.0242485390297	0.0362518865233	-0.0475899083748	-0.0150609943722	0.122174473823	0.0220593615548	-0.208713468682	0.0361098448008	0.020736510755	-0.0335547918017	-0.100807128332	0.0567038462098	0.0569731059647
k__Bacteria;p__Bacteroidetes;c__Bacteroidia;o__Bacteroidales;f__Bacteroidaceae;g__Bacteroides;s__Bacteroides_uniformis	-0.0561201815821	1.0	-0.00498231477812	0.0487857207639	-0.0451358826404	-0.0819763204356	-0.03335113837	0.011505269744	-0.0195519850934	-0.0288148252899	-0.0841113622774	0.00770760337986	-0.04897171611	0.0252238089278	-0.0018082533598	0.00789116463083	-0.0230511063187	-0.125100475953	-0.205556459513	-0.108573022249	-0.0023986673793	0.000801566013459	-0.0697498930665	-0.146145016782	0.0417776566474	-0.0286870634036	-0.0263579821302	-0.106378483817	-0.0839218900905	-0.0697930537506	0.060488201496	-0.0220462210215	0.0346867706193	-0.0394010330043	0.0205945727951	0.0571876742032	-0.141191844566	0.190979389965	0.0294646345409	0.0749364308192	-0.0583651751617	-0.0327753872214	-0.00426319749808	0.0786688068717	-0.0146891434555	-0.0959599295265	0.0556503919757	-0.115583896946	0.0414203637354	-0.0633739997743	-0.0969253621506	0.0176557319143	0.071504062586	0.0156629648428	-0.154462390475	-0.08765861587	0.00881861765723	0.0173044764699	-0.0848401284682
k__Bacteria;p__Bacteroidetes;c__Bacteroidia;o__Bacteroidales;f__Rikenellaceae;g__Alistipes;s__Alistipes_putredinis	-0.110573262467	-0.00498231477812	1.0	0.0814367557699	0.015181530812	-0.0714237037248	0.0702864213002	-0.00740148515165	-0.0181388772449	-0.0650333493957	-0.0684277056078	-0.10117779801	-0.0901273845693	-0.0931212447869	0.0347871263186	-0.0700066579688	-0.0433439265078	-0.0774306505662	0.11214936719	0.0902279446483	-0.0157836237421	0.0587289289027	0.044497567787	0.063644973863	-0.0537680493397	0.0543245121518	-0.00908151106836	-0.146480866132	-0.098745179131	-0.0609425911145	-0.0649642435948	0.0849281123118	-0.100440155219	0.0780405758607	-0.0248666511239	0.0750880772955	-0.041836391748	-0.0243981207951	-0.0502435365796	0.00490987012658	-0.0441834017447	0.0264830615887	-0.0196744284984	0.0152583019247	-0.145029275587	-0.00365928001077	0.0128033253268	-0.125436524839	-0.0378993212351	-0.0598284444077	0.0274425430898	0.101555795506	0.033070563743	-0.028283563014	0.120061745319	-0.133055548624	-0.00889555470711	-0.0234602897886	-0.128517456448
k__Bacteria;p__Bacteroidetes;c__Bacteroidia;o__Bacteroidales;f__Prevotellaceae;g__Prevotella;s__Prevotella_copri	-0.0207532557948	0.0487857207639	0.0814367557699	1.0	-0.0473053992683	-0.0784033601175	0.0378193701492	-0.0568939650747	-0.0198021482556	0.0110374678144	-0.0500431754541	-0.11683033933	-0.1093894379	-0.07744497449	0.0643535370475	-0.0423252093611	-0.0322939749668	-0.0301385185561	-0.0475362355091	-0.0323632771116	-0.0219158292292	0.0843748759237	-0.150218949378	-0.0432415859113	0.00259108103914	0.0272621937576	0.0135111623246	-0.0844356487999	0.0230321966235	-0.0247206918415	-0.0349842849909	0.0028701877186	-0.0564082258733	-0.0613480626841	-0.0494704743247	-0.0496469286527	-0.0743484209377	-0.0108681062942	-0.0849484586636	-0.0195431274115	0.0582178482207	-0.037636995518	0.00764901330976	0.0160240754405	-0.0623712416235	-0.0810296701513	0.0159896148931	-0.0558655157066	0.00917716372758	0.05407272019	-0.00230748150295	0.112326078856	-0.0128142726867	0.00691327422535	0.023536450263	0.0284297306742	-0.0614224802831	-6.30211486174e-05	-0.0604852521965
k__Bacteria;p__Bacteroidetes;c__Bacteroidia;o__Bacteroidales;f__Bacteroidaceae;g__Bacteroides;s__Bacteroides_stercoris	-0.0807454581475	-0.0451358826404	0.015181530812	-0.0473053992683	1.0	-0.0698145571694	-0.00522795873184	-0.0452179802846	-0.0369425505491	0.0285933169218	-0.0426439549954	0.0189222044539	-0.136233862579	0.110394377973	-0.0605755823297	0.0375815783635	-0.0621809388166	-0.00365457143202	-0.058318576439	-0.0361132247838	-0.137149868446	-0.0698778816444	-0.126604889765	-0.00981874987255	-0.01734250647	-0.00389127619528	-0.182748374358	0.00854937111598	-0.124214749256	0.0471266520252	-0.15005166099	-0.0197824541348	-0.0987470682197	-0.0285358167572	0.0425259370488	0.0818325573305	-0.0168079021556	0.0110604011341	-0.00793587422718	0.0023684276079	-0.0594147515987	-0.0837233028309	0.0573752485991	-0.00913611007291	-0.0485214466841	0.0235563082138	0.0824885852039	0.032316453696	-0.102064493573	-0.0484755795877	-0.0605696700604	-0.0981724984953	0.00121472250522	-0.0236002817646	0.00749714844818	-0.0650797269223	-0.0211617733222	0.128436137855	-0.0567581530173
k__Bacteria;p__Bacteroidetes;c__Bacteroidia;o__Bacteroidales;f__Bacteroidaceae;g__Bacteroides;s__Bacteroides_ovatus	-0.133227212252	-0.0819763204356	-0.0714237037248	-0.0784033601175	-0.0698145571694	1.0	-0.0155053149237	-0.0581036219201	-0.0315329281247	-0.0282790582235	0.11371764479	0.0843951706803	0.0390140535406	0.10665727258	0.0636746146748	-0.0241661897845	-0.0227473552745	-0.0526928945338	-0.0465627544947	-0.0772595760501	0.0518970380436	0.0324162072471	0.0798978794377	-0.0135014490199	0.0165965407103	-0.0915512526901	-0.0589046968184	-0.109239952142	0.0145709730897	-0.0954776147664	-0.00571503288342	-0.157897702888	-0.0404005085303	-0.0292428039868	-0.00317603231963	-0.130583254406	-0.0733186314808	-0.00272254777724	-0.0658663275359	0.0151019364036	0.00453793178893	-0.109141567967	-0.0675491594172	-0.153660774847	0.0835882663522	0.0438281033747	-0.0479734858264	-0.0166732471411	-0.0870780183889	-0.0696926027043	-0.0712070871694	0.0512174083683	0.0917467697904	-0.092659822762	-0.0146442089889	-0.0202864246951	0.0334740219579	-0.0546328768421	0.0140271955298
k__Bacteria;p__Bacteroidetes;c__Bacteroidia;o__Bacteroidales;f__Rikenellaceae;g__Alistipes;s__Alistipes_shahii	-0.0221682957165	-0.03335113837	0.0702864213002	0.0378193701492	-0.00522795873184	-0.0155053149237	1.0	-0.0464497017099	-0.0236001518309	0.024218623595	-0.112192682786	0.0564166276155	-0.0922005778014	-0.0472497826901	-0.0240551062752	-0.0636982262612	0.0191083891725	0.0445397039707	-0.0760139009959	0.0173531303222	0.0821063546822	0.0512076600381	-0.0922157612615	0.187119871824	0.0533105562824	-0.144742652082	-0.0457794315885	-0.0988379477624	0.104590680073	-0.021501680168	0.0192492491053	-0.111028866785	0.00627148036815	-0.0328280929105	-0.147390033494	0.0377768533044	0.0539373074817	-0.144685367356	-0.0832716061995	-0.0856915201292	-0.0923759924368	-0.0872631420622	-0.00537854480112	-0.0434954157469	-0.0826280685109	-0.0737089933168	0.02225746383	-0.116820234968	0.0481086451146	-0.0626113522857	-0.0311855838999	-0.037000261073	-0.0722531957086	-0.112503849614	-0.0328169624018	0.042775254955	-0.0149096499842	-0.00854165894597	-0.0142596465361
k__Bacteria;p__Firmicutes;c__Clostridia;o__Clostridiales;f__Ruminococcaceae;g__Faecalibacterium;s__Faecalibacterium_prausnitzii	-0.0864244053591	0.011505269744	-0.00740148515165	-0.0568939650747	-0.0452179802846	-0.0581036219201	-0.0464497017099	1.0	-0.128983405871	-0.106019439519	0.14265886144	-0.0265967296428	-0.129467689409	-0.0944682646161	-0.0632361178913	-0.0753118686199	0.0546454413893	0.0416674693982	-0.00543000684165	-0.0985005065104	-0.058528728077	0.0160509608438	-0.00192686662516	-0.220408217534	-0.0725864725787	0.00313424492877	-0.0344566247367	0.00189699816401	-0.0875362595686	-0.151727808235	0.0318135750806	0.0353336093836	-0.0835302695426	-0.0781652938142	-0.0268138891077	-0.014916897451	-0.0106168829847	-0.179174600808	0.180741884367	-0.0197239125773	-0.155840782733	-0.0547485329674	-0.0731051601007	0.0165437765497	0.0206476862115	-0.0721992813498	-0.00520054022026	-0.061098977046	-0.0403744511003	-0.0943842227961	-0.0161020743764	0.201673332157	0.0501972314497	0.0539955333667	0.0033763306536	0.018090695006	-0.108140906292	0.0519601951437	-0.0878376241571
k__Bacteria;p__Bacteroidetes;c__Bacteroidia;o__Bacteroidales;f__Rikenellaceae;g__Alistipes;s__Alistipes_finegoldii	-0.048946881367	-0.0195519850934	-0.0181388772449	-0.0198021482556	-0.0369425505491	-0.0315329281247	-0.0236001518309	-0.128983405871	1.0	0.0392559922556	-0.12856742192	0.068333395265	-0.0513561743904	-0.0246861659725	-0.0873465687371	-0.0937192133235	-0.00510677615417	-0.0118056480705	-0.0937144127271	-0.0439764484354	-0.0676030648377	0.0487539829334	-3.29693150675e-06	-0.0108274383592	-0.00698808060411	-0.0821661090002	0.0550423036943	-0.104276480473	-0.0385229824893	0.149376526839	-0.0158913155686	-0.0880928115614	-0.0246986440026	0.0839870131899	-0.121447975188	-0.0539327887719	0.0353590390268	-0.0112832936868	-0.0590629247905	0.0635488310264	0.00564878094181	-0.0116619952228	0.0470717874465	-0.121743191613	-0.104018359326	0.0502111501525	-0.0149453428803	-0.0505493130271	-0.113519710046	0.0169587696433	-0.0410034797107	-0.120428221478	0.0111489637653	0.00695281105484	-0.02843213772	-0.0927096088261	0.052758591344	0.0534424088499	-0.0232115838629
k__Bacteria;p__Bacteroidetes;c__Bacteroidia;o__Bacteroidales;f__Porphyromonadaceae;g__Parabacteroides;s__Parabacteroides_distasonis	-0.0186096940505	-0.0288148252899	-0.0650333493957	0.0110374678144	0.0285933169218	-0.0282790582235	0.024218623595	-0.106019439519	0.0392559922556	1.0	-0.0284387396722	-0.0945867894374	-0.164128187829	-0.0726160804454	-0.0659816170246	-0.0250982575244	-0.0622389597974	0.0242379291483	-0.0349800100977	0.050477457449	-0.0226875781832	-0.0212397387678	0.00979552701862	-0.0563618354235	0.0459623248298	0.04367566599	-0.0208549375669	-0.0554038394824	-0.179269289635	-0.0902344641804	-0.101726681733	-0.0231860770505	-0.0178786045295	-0.0472815996442	-0.0436002164623	0.0485424323347	0.0650884505802	-0.0794201213606	0.0379233652472	-0.0283303458245	-0.0791050092715	-0.182093662451	-0.0435883971193	-0.152679906776	-0.0070958457108	0.121043980842	-0.0345795534884	-0.134519165762	-0.049060840648	-0.154213407733	0.0565643311431	0.018215526989	0.0448828433749	-0.114550722707	-0.0220056039081	0.00263257260475	-0.120487346251	-0.0227857777931	-0.0416082891116
k__Bacteria;p__Bacteroidetes;c__Bacteroidia;o__Bacteroidales;f__Bacteroidaceae;g__Bacteroides;s__Bacteroides_thetaiotaomicron	0.0134931839614	-0.0841113622774	-0.0684277056078	-0.0500431754541	-0.0426439549954	0.11371764479	-0.112192682786	0.14265886144	-0.12856742192	-0.0284387396722	1.0	-0.0390595464111	0.00623716027392	-0.000829378647328	-0.0604821945578	-0.0386098999109	-0.0428604504067	0.0462704757083	0.07242281161	0.091633631658	-0.0714465005984	-0.0306474090252	0.0526397435155	-0.0199251754375	-0.0888723994548	0.0118787865882	-0.05197250415	0.110954232111	-0.054519366271	-0.0423954042249	-0.0618670762496	-0.0993990800622	-0.0793280933724	-0.0676108508891	-0.0381921356328	-0.0216708429779	-0.0138923723396	-0.169109164377	-0.0162729690375	-0.034491085072	-0.0671567444161	-0.111873664496	0.0480884766455	0.0334995890894	0.0439690348499	-0.133504884362	0.0602577672556	-0.0582841318489	-0.055169705693	-0.0985005160234	-0.0156872573766	0.0426160663823	-0.0177750029792	-0.0608741050273	-0.139444190718	-0.046361483942	0.0128369605191	0.0460039543382	-0.0621023340691
k__Bacteria;p__Bacteroidetes;c__Bacteroidia;o__Bacteroidales;f__Bacteroidaceae;g__Bacteroides;s__Bacteroides_coprocola	-0.0854278848515	0.00770760337986	-0.10117779801	-0.11683033933	0.0189222044539	0.0843951706803	0.0564166276155	-0.0265967296428	0.068333395265	-0.0945867894374	-0.0390595464111	1.0	-0.0171565214727	-0.0257547894828	-0.0686814907524	-0.0464685302629	-0.0643499157089	-0.123748844272	0.0145050255416	0.0315036922472	-0.0866397946026	0.0334044150038	-0.0992967919286	-0.103069449313	-0.129467485053	-0.0519296831721	-0.0869957459122	-0.0377331266291	-0.0429106766184	-0.0522049364878	-0.0355221162589	-0.0549053790677	-0.0317145148705	-0.00178220685532	-0.0405799594607	-0.0630271330482	-0.109805645098	-0.0113472980215	0.0532540677677	0.0815434218887	-0.0456156939634	0.0450911199191	-0.0668108958237	-0.0682910754785	0.0582308237016	-0.0107372431643	0.00892585854026	0.0985123426156	0.0593245662574	0.0354416027732	-0.00993091298909	-0.0197782759092	-0.0740603997588	0.0585263678191	0.0300506177503	-0.130265541165	0.0668784754554	-0.0852363240379	0.0452077427121
k__Bacteria;p__Bacteroidetes;c__Bacteroidia;o__Bacteroidales;f__Bacteroidaceae;g__Bacteroides;s__Bacteroides_cellulosilyticus	-0.0254527830943	-0.04897171611	-0.0901273845693	-0.1093894379	-0.136233862579	0.0390140535406	-0.0922005778014	-0.129467689409	-0.0513561743904	-0.164128187829	0.00623716027392	-0.0171565214727	1.0	0.0268508601881	-0.0015363701486	0.0388557491671	0.0514807395485	-0.10241971711	-0.00847836613575	-0.077784787321	-0.0313065742801	-0.104925237153	-0.0790661723355	0.00207628891173	-0.0776241747597	-0.208792845619	0.0483606281319	-0.0807119354834	0.0378256134712	0.0403397590547	-0.120838180733	0.0148528942091	0.012376978524	0.0255874890809	-0.0337941679088	-0.124701903612	-0.00571874322072	0.0538444415287	-0.0671120918039	-0.0366678064588	-0.0253352540256	0.0426561470411	-0.102386128899	-0.0916183642562	-0.0365631507928	-0.0307318503836	-0.0884397714467	0.0426194004383	-0.0879230407517	-0.0120550932509	-0.022781753549	0.048095282209	0.0354698193973	-0.0757373435416	0.0427009387285	0.0606985220335	-0.0355404822446	-0.0190694552063	-0.0513753619089
k__Bacteria;p__Bacteroidetes;c__Bacteroidia;o__Bacteroidales;f__Rikenellaceae;g__Alistipes;s__Alistipes_obesi	0.0119612210572	0.0252238089278	-0.0931212447869	-0.07744497449	0.110394377973	0.10665727258	-0.0472497826901	-0.0944682646161	-0.0246861659725	-0.0726160804454	-0.000829378647328	-0.0257547894828	0.0268508601881	1.0	-0.0160139207436	0.0643682556483	-0.0812447436569	0.0311930686526	-0.106661188722	-0.0605100449234	0.0880163384691	0.0152206872714	0.0037191281865	-0.077543671128	-0.1590862113	-0.0505859281176	-0.168240017025	-0.00551041989464	0.00980612341311	-0.0545552529782	0.0341809272118	-0.0968779966768	-0.0348750757708	-0.0474625559917	-0.0114140969939	-0.03774617083	-0.147037701026	0.0107932416964	-0.0355306321157	0.10056198676	-0.0685043014825	-0.0865205206227	0.02734863742	-0.0242161124675	-0.0647567366598	0.0020299921366	-0.0848022564753	-0.0719004669383	-0.00277600125478	-0.0527547961713	-0.0488597942662	-0.102774393003	0.000188758045042	0.0906235155118	-0.00125422444853	0.0067535466404	0.053288895405	-0.101927469101	-0.0692830656883
k__Bacteria;p__Firmicutes;c__Clostridia;o__Clostridiales;f__Lachnospiraceae;g__;s__[Eubacterium]_rectale	0.00967587102942	-0.0018082533598	0.0347871263186	0.0643535370475	-0.0605755823297	0.0636746146748	-0.0240551062752	-0.0632361178913	-0.0873465687371	-0.0659816170246	-0.0604821945578	-0.0686814907524	-0.0015363701486	-0.0160139207436	1.0	-0.060715681605	-0.0696753530171	-0.0601831906075	0.0756728180727	-0.0913066833585	0.0709876719579	-0.00875486489015	-0.0337597169331	-0.0891313020254	-0.0230154016024	-0.0593229530713	0.0203579383739	-0.0320198108129	0.0587949865266	-0.109674660662	-0.0512470223075	-0.0777723169125	-0.0847954287368	-0.0313014255101	0.0605762735424	0.0296758371176	-0.0594089909345	0.00371192483311	-0.0627003385771	0.0416270196642	-0.0897485275017	0.00324502892439	0.0521227547894	0.0164852022152	-0.0103838672831	0.0419283346609	0.00577558211595	-0.109373258797	0.0260443577773	-0.0633384908386	-0.0295438430341	-0.0606271513991	-0.01437769091	-0.0774117613203	-0.00928097612872	-0.0613408870764	-0.0139471947173	0.0318733326182	-0.0320969697437
k__Bacteria;p__Bacteroidetes;c__Bacteroidia;o__Bacteroidales;f__Bacteroidaceae;g__Bacteroides;s__Bacteroides_plebeius	0.0246022363669	0.00789116463083	-0.0700066579688	-0.0423252093611	0.0375815783635	-0.0241661897845	-0.0636982262612	-0.0753118686199	-0.0937192133235	-0.0250982575244	-0.0386098999109	-0.0464685302629	0.0388557491671	0.0643682556483	-0.060715681605	1.0	-0.0744678686251	0.0271127493362	-0.108744213077	-0.127370236358	-0.0624613650843	-0.108381832926	-0.103693578211	0.105915190943	-0.127578899635	-0.0612250974414	0.015340296152	-0.0343533406172	-0.0789800279737	-0.0198478447502	-0.0502369587428	-0.12429546209	-0.031881325408	0.0266487323717	0.0787548151166	-0.0173093487838	0.0760058534751	0.00562819474638	-0.0331408015596	0.0825637495665	0.0413113278453	0.0289768409138	-0.0524389171227	0.00616955199248	0.0220877573023	0.0197804728008	-0.0248248513668	0.0135274307056	-0.0695375928414	-0.0113540852463	-0.126100769993	-0.008489012433	-0.0909467127192	-0.226500690911	-0.0589972939996	-0.000589454319982	0.0153077062556	-0.0302561768121	-0.0640185105102
k__Bacteria;p__Bacteroidetes;c__Bacteroidia;o__Bacteroidales;f__Bacteroidaceae;g__Bacteroides;s__Bacteroides_fragilis	-0.121211147342	-0.0230511063187	-0.0433439265078	-0.0322939749668	-0.0621809388166	-0.0227473552745	0.0191083891725	0.0546454413893	-0.00510677615417	-0.0622389597974	-0.0428604504067	-0.0643499157089	0.0514807395485	-0.0812447436569	-0.0696753530171	-0.0744678686251	1.0	0.0318235265626	-0.0441761465691	-0.146847210719	0.0103529084901	-0.0659141375459	0.0483660432138	-0.0128204364664	0.0131771110438	-0.0796274691573	-0.100066605673	-0.0258598730353	-0.00620688678742	-0.0345431986734	-0.0603890228051	-0.065822930963	-0.0572344017933	0.0257746343316	0.00262898056486	-0.0356273590895	-0.0952062506543	-0.0100189849138	-0.0591664125537	-0.0348784839198	0.0110545699289	-0.137656730395	-0.0480584341228	0.0852557076531	-0.0680314154342	-0.10212980375	0.0863477629665	0.0271852614581	-0.117930094244	-0.0247778643183	-0.0421116661696	0.0346830762207	-0.0568183157994	-0.123768724834	0.00445142734302	0.0876676683392	0.037527706925	-0.0380196553174	0.039765180168
k__Bacteria;p__Proteobacteria;c__Betaproteobacteria;o__Burkholderiales;f__Sutterellaceae;g__Sutterella;s__Sutterella_wadsworthensis	0.000248130005689	-0.125100475953	-0.0774306505662	-0.0301385185561	-0.00365457143202	-0.0526928945338	0.0445397039707	0.0416674693982	-0.0118056480705	0.0242379291483	0.0462704757083	-0.123748844272	-0.10241971711	0.0311930686526	-0.0601831906075	0.0271127493362	0.0318235265626	1.0	-0.0522552220459	-0.0562080753478	-0.110638764016	-0.0231273911463	-0.0753592723717	0.00922659223457	0.0075538411985	-0.0684310109963	-0.0176410544595	-0.0719160640809	-0.0218998366082	-0.121621021444	-0.0764408225554	-0.112999573081	0.146147819108	-0.0856593036836	-0.0895184319917	-0.0121016062143	0.0349860701565	-0.0913336615651	0.0424837716489	0.164085986471	-0.125214918717	-0.0307089458468	-0.162825746748	-0.0408122875904	-0.0321364456029	-0.0064596452335	-0.0995832837069	0.083316769784	-0.0417761627617	0.017776076224	-0.074026726487	-0.114473186132	-0.0163926009726	0.00954356138707	-0.0641475321838	-0.0825544105827	-0.12464706156	-0.0496604878051	-0.00336046916938
k__Bacteria;p__Bacteroidetes;c__Bacteroidia;o__Bacteroidales;f__Porphyromonadaceae;g__Barnesiella;s__Barnesiella_intestinihominis	-0.0328946541577	-0.205556459513	0.11214936719	-0.0475362355091	-0.058318576439	-0.0465627544947	-0.0760139009959	-0.00543000684165	-0.0937144127271	-0.0349800100977	0.07242281161	0.0145050255416	-0.00847836613575	-0.106661188722	0.0756728180727	-0.108744213077	-0.0441761465691	-0.0522552220459	1.0	0.101666770773	0.012222367307	0.141417969314	-0.0392445567769	-0.0166228240294	-0.0275038987698	0.0342076661578	-0.0176947368488	-0.0508696513667	-0.0424660484631	0.00237707719495	-0.0679197318706	-0.0193111460832	-0.0282555154093	-0.0372302414877	-0.0143051377522	0.0163988623846	-0.0101502085815	-0.0828956530567	-0.0526878993146	-0.0218076533238	0.0352209195519	-0.035959290916	0.00210188271765	-0.121201064293	0.0248906701466	0.0737866169522	-0.0692402566868	0.0729634602051	-0.01888697215	0.00439175837743	-0.0706514006943	-0.0353980145949	-0.0841671042245	-0.0577535541421	-0.00770560114237	-0.156688448608	-0.0561469196336	0.0098867550582	-0.0949806478761
k__Bacteria;p__Bacteroidetes;c__Bacteroidia;o__Bacteroidales;f__Odoribacteraceae;g__Odoribacter;s__Odoribacter_splanchnicus	-0.0762310893987	-0.108573022249	0.0902279446483	-0.0323632771116	-0.0361132247838	-0.0772595760501	0.0173531303222	-0.0985005065104	-0.0439764484354	0.050477457449	0.091633631658	0.0315036922472	-0.077784787321	-0.0605100449234	-0.0913066833585	-0.127370236358	-0.146847210719	-0.0562080753478	0.101666770773	1.0	-0.120755698023	-0.0357220212597	-0.0079542420552	-0.125205944881	0.0149733778164	-0.0657713833506	0.0263727452505	-0.0403054533864	-0.0589269976219	0.0267435232445	-0.124879594326	-0.0996979766512	0.00556209071814	-0.0379634107289	-0.122869510196	0.00826150541165	0.0503209364574	-0.0824100877524	-0.0145674498523	-0.0385470883206	0.0533505116507	0.0523011206031	-0.0269817855052	-0.0840060052923	0.0828981863339	-0.0767385467581	0.102899927772	-0.0123464397065	0.0373251393971	0.0223181676195	-0.0141470848976	-0.0241750723657	0.0322719618147	0.10262811433	0.0477223739108	-0.124932022955	-0.125070929853	0.0987384243617	0.00946163040276
k__Bacteria;p__Bacteroidetes;c__Bacteroidia;o__Bacteroidales;f__Bacteroidaceae;g__Bacteroides;s__Bacteroides_salyersiae	-0.0590915318966	-0.0023986673793	-0.0157836237421	-0.0219158292292	-0.137149868446	0.0518970380436	0.0821063546822	-0.058528728077	-0.0676030648377	-0.0226875781832	-0.0714465005984	-0.0866397946026	-0.0313065742801	0.0880163384691	0.0709876719579	-0.0624613650843	0.0103529084901	-0.110638764016	0.012222367307	-0.120755698023	1.0	-0.0752725724623	-0.0324830965649	-0.0129052899422	-0.018244009219	-0.0425497234776	0.0130430024139	0.00189576640605	-0.0344703557663	-0.0398658050363	-0.0426879268658	-0.112186187573	-0.0796976481499	-0.0669939053811	0.0189943569093	-0.157864794222	-0.02988831835	0.000508916831884	-0.0846982068861	-0.00578179595794	0.0470178487624	-0.0499443332591	-0.0404919224187	0.0297604143513	0.0333181811796	-0.0583025489819	0.0329294584728	0.089975133818	0.02449993359	0.00624413935251	-0.0852570546509	-0.0219342830689	-0.0732366249893	-0.0501183871286	-0.154161603852	-0.0186142016481	0.0576339911119	-0.127701887941	0.00366458882776
k__Bacteria;p__Firmicutes;c__Clostridia;o__Clostridiales;f__Ruminococcaceae;g__Ruminiclostridium;s__[Eubacterium]_siraeum	-0.0964693159379	0.000801566013459	0.0587289289027	0.0843748759237	-0.0698778816444	0.0324162072471	0.0512076600381	0.0160509608438	0.0487539829334	-0.0212397387678	-0.0306474090252	0.0334044150038	-0.104925237153	0.0152206872714	-0.00875486489015	-0.108381832926	-0.0659141375459	-0.0231273911463	0.141417969314	-0.0357220212597	-0.0752725724623	1.0	-0.0357986445306	-0.0983763271647	-0.0475754086991	-0.115856862757	-0.0903625706075	0.0675691187027	0.000190496876641	0.036338451912	0.0937771897358	-0.0285314831353	0.0417547521274	-0.0694556529213	-0.11831593572	0.088999180519	-0.062383457149	-0.152557135265	0.0279269954376	0.0443446315179	0.0388335941341	0.0375663046723	-0.109236112986	-0.142015178801	0.00107974352538	0.0199259961993	-0.0101643903857	-0.0446328328132	0.0126125685063	-0.0273355283879	0.0400756980121	-0.10024239194	-0.0974786207016	-0.115895776905	0.0484581134057	-0.0324963152235	-0.0401961537001	0.011053878892	0.0399131230412
k__Bacteria;p__Proteobacteria;c__Betaproteobacteria;o__Burkholderiales;f__Sutterellaceae;g__Parasutterella;s__Parasutterella_excrementihominis	-0.100298640723	-0.0697498930665	0.044497567787	-0.150218949378	-0.126604889765	0.0798978794377	-0.0922157612615	-0.00192686662516	-3.29693150675e-06	0.00979552701862	0.0526397435155	-0.0992967919286	-0.0790661723355	0.0037191281865	-0.0337597169331	-0.103693578211	0.0483660432138	-0.0753592723717	-0.0392445567769	-0.0079542420552	-0.0324830965649	-0.0357986445306	1.0	0.0861790743765	-0.0989362011123	-0.14720180909	-0.0748353916896	-0.0486960420393	-0.0342210052885	-0.0978346445038	-0.0886753660619	-0.0372741915379	0.000145153572564	-0.0236011849648	-0.144327937901	-0.0453213290824	-0.0535871641039	-0.102179655859	-0.0136819934192	0.0697541111834	0.0131056256881	-0.116213715732	0.020002081164	-0.0511545070171	-0.095920533551	-0.0848950483873	0.0199372935567	-0.0736504018732	-0.0157909907767	0.00415602544332	-0.0630266155611	-0.0847813118456	0.0352705762395	-0.00592295316805	-0.0815443952036	-0.0662873482996	-0.0853573614139	0.0440469210594	0.0322843126786
k__Bacteria;p__Actinobacteria;c__Actinobacteria;o__Bifidobacteriales;f__Bifidobacteriaceae;g__Bifidobacterium;s__Bifidobacterium_adolescentis	0.0607406593893	-0.146145016782	0.063644973863	-0.0432415859113	-0.00981874987255	-0.0135014490199	0.187119871824	-0.220408217534	-0.0108274383592	-0.0563618354235	-0.0199251754375	-0.103069449313	0.00207628891173	-0.077543671128	-0.0891313020254	0.105915190943	-0.0128204364664	0.00922659223457	-0.0166228240294	-0.125205944881	-0.0129052899422	-0.0983763271647	0.0861790743765	1.0	-0.0358980598948	-0.0159189803305	0.0383050490662	-0.0506276595974	0.000645144240295	-0.108621294927	0.039158909158	-0.0256138186175	0.0967202828685	-0.071275598677	-0.0102558082292	-0.0309857446655	0.0447945993637	-0.00963624705353	-0.109015933109	-0.129658476972	-0.0204018115735	-0.135450878139	-0.0334110125089	-0.0320456209125	-0.0857772082238	-0.0743807002161	0.0523031578286	-0.0756771787836	-0.00514285272382	0.0487655118224	-0.0257245173062	-0.118674685098	0.0597477581443	-0.0849104055887	-0.0804143349889	-0.0701827897829	0.0127267899137	-0.165550184439	-0.0793660935118
k__Bacteria;p__Firmicutes;c__Clostridia;o__Clostridiales;f__Oscillospiraceae;g__Oscillibacter;s__Oscillibacter_sp._KLE_1745	-0.110021985621	0.0417776566474	-0.0537680493397	0.00259108103914	-0.01734250647	0.0165965407103	0.0533105562824	-0.0725864725787	-0.00698808060411	0.0459623248298	-0.0888723994548	-0.129467485053	-0.0776241747597	-0.1590862113	-0.0230154016024	-0.127578899635	0.0131771110438	0.0075538411985	-0.0275038987698	0.0149733778164	-0.018244009219	-0.0475754086991	-0.0989362011123	-0.0358980598948	1.0	0.0681446577411	-0.0605579737554	-0.0514104013248	0.0425615253983	0.0284268451793	0.0523960561279	-0.104247332485	0.00455048544952	-0.137747847109	0.0590173762048	0.0484491037632	0.0477507508216	0.0921020834406	-0.0694985394341	-0.192884393463	-0.0264007888589	0.0434150946598	-0.116824589277	0.0906870084315	-0.0922254088279	0.0189483409486	-0.123257549516	-0.0285485029203	-0.123970648326	-0.031538866795	0.010065124292	-0.0734846911999	-0.0937218960218	0.0129266269299	0.00729805501649	-0.0782992876704	0.0416718689514	-0.0397111980643	-0.0267435167984
k__Bacteria;p__Bacteroidetes;c__Bacteroidia;o__Bacteroidales;f__Bacteroidaceae;g__Bacteroides;s__Bacteroides_coprophilus	0.0226131258893	-0.0286870634036	0.0543245121518	0.0272621937576	-0.00389127619528	-0.0915512526901	-0.144742652082	0.00313424492877	-0.0821661090002	0.04367566599	0.0118787865882	-0.0519296831721	-0.208792845619	-0.0505859281176	-0.0593229530713	-0.0612250974414	-0.0796274691573	-0.0684310109963	0.0342076661578	-0.0657713833506	-0.0425497234776	-0.115856862757	-0.14720180909	-0.0159189803305	0.0681446577411	1.0	-0.0489070225735	-0.0391069808998	-0.0446481466328	-0.0565122254836	-0.00116797808826	0.00393880492049	0.104148112733	0.0708242899308	0.0431713103404	0.0908910639115	-0.0246568983331	-0.0530463826722	-0.115500142417	-0.0190523481989	-0.0780500380432	-0.0562021856048	0.0783170092601	0.0401617814293	0.0867897565503	0.0599979540151	-0.101403881208	-0.0661791775111	-0.0322505821341	-0.0295291480946	-0.0312882111818	-0.118963852275	-0.134879516197	-0.0809889170142	-0.0251947030507	-0.10382520452	0.0205759822222	-0.0560430515683	-0.0375860780274
k__Bacteria;p__Firmicutes;c__Clostridia;o__Clostridiales;f__Lachnospiraceae;g__Roseburia;s__Roseburia_intestinalis	-0.142842692339	-0.0263579821302	-0.00908151106836	0.0135111623246	-0.182748374358	-0.0589046968184	-0.0457794315885	-0.0344566247367	0.0550423036943	-0.0208549375669	-0.05197250415	-0.0869957459122	0.0483606281319	-0.168240017025	0.0203579383739	0.015340296152	-0.100066605673	-0.0176410544595	-0.0176947368488	0.0263727452505	0.0130430024139	-0.0903625706075	-0.0748353916896	0.0383050490662	-0.0605579737554	-0.0489070225735	1.0	-0.124346611042	-0.155174552726	0.0193337771223	-0.0131200129358	-0.0339900660516	-0.0272900360743	0.132161705914	0.0878366406385	-0.0640629260524	-0.046442934008	0.00406867501579	-0.19057601443	0.0142934047872	-0.00847086063448	0.0693116132937	-0.0852507306746	0.0329475087991	-0.0857051723213	0.0159174444039	-0.172014078376	-0.0796021043723	-0.00150455510006	0.0069654962469	-0.0240993529361	-0.0806542621096	0.0283731676733	-0.0974019341066	0.00410462193631	-0.0517265677868	-0.0832527038836	-0.0783048006844	0.0101683643624
k__Bacteria;p__Firmicutes;c__Clostridia;o__Clostridiales;f__Lachnospiraceae;g__Roseburia;s__Roseburia_hominis	0.108423856486	-0.106378483817	-0.146480866132	-0.0844356487999	0.00854937111598	-0.109239952142	-0.0988379477624	0.00189699816401	-0.104276480473	-0.0554038394824	0.110954232111	-0.0377331266291	-0.0807119354834	-0.00551041989464	-0.0320198108129	-0.0343533406172	-0.0258598730353	-0.0719160640809	-0.0508696513667	-0.0403054533864	0.00189576640605	0.0675691187027	-0.0486960420393	-0.0506276595974	-0.0514104013248	-0.0391069808998	-0.124346611042	1.0	0.0582624488715	-0.0730927674492	0.141009168556	-0.00760526912185	0.0307555004182	-0.0412095124558	-0.040333126283	-0.0508890676053	0.0283080387182	-0.00483059588401	-0.0220105798857	-0.04271454525	0.010916956018	0.119195304082	-0.00793046378025	-0.127795548449	-0.0731795242842	0.0119956867146	-0.0335906770941	-0.030993736124	-0.0279972386386	-0.0178996638591	-0.0147156612504	-0.0324125193103	-0.010049230254	-0.190925800324	-0.0301687071846	-0.0226590037325	-0.0296379998377	-0.161304307752	-0.0104244072327
k__Bacteria;p__Bacteroidetes;c__Bacteroidia;o__Bacteroidales;f__Porphyromonadaceae;g__Parabacteroides;s__Parabacteroides_johnsonii	-0.0507466858493	-0.0839218900905	-0.098745179131	0.0230321966235	-0.124214749256	0.0145709730897	0.104590680073	-0.0875362595686	-0.0385229824893	-0.179269289635	-0.054519366271	-0.0429106766184	0.0378256134712	0.00980612341311	0.0587949865266	-0.0789800279737	-0.00620688678742	-0.0218998366082	-0.0424660484631	-0.0589269976219	-0.0344703557663	0.000190496876641	-0.0342210052885	0.000645144240295	0.0425615253983	-0.0446481466328	-0.155174552726	0.0582624488715	1.0	-0.105207581394	0.0487905926088	-0.0154263765293	0.0683848411877	-0.078345632068	-0.0265017148369	-0.0154714635153	-0.142651753226	-0.052846079471	0.00404680337295	-0.0328314039526	-0.0432869099586	-0.0392135675334	-0.0555598810027	-0.140296767107	-0.0385898683819	-0.0729143180427	-0.0816320599648	0.0109152683326	-0.0636895910194	-0.0320846628919	0.0674236253017	-0.0912618807738	-0.0369622287163	-0.0485315944116	-0.146690302692	0.00403180043482	0.0314200174099	-0.0340955539162	-0.190941378504
k__Bacteria;p__Actinobacteria;c__Actinobacteria;o__Bifidobacteriales;f__Bifidobacteriaceae;g__Bifidobacterium;s__Bifidobacterium_longum	-0.0334649323898	-0.0697930537506	-0.0609425911145	-0.0247206918415	0.0471266520252	-0.0954776147664	-0.021501680168	-0.151727808235	0.149376526839	-0.0902344641804	-0.0423954042249	-0.0522049364878	0.0403397590547	-0.0545552529782	-0.109674660662	-0.0198478447502	-0.0345431986734	-0.121621021444	0.00237707719495	0.0267435232445	-0.0398658050363	0.036338451912	-0.0978346445038	-0.108621294927	0.0284268451793	-0.0565122254836	0.0193337771223	-0.0730927674492	-0.105207581394	1.0	0.027526691533	-0.063935993813	-0.063653102583	-0.016390597005	-0.0207448866004	-0.0412347440224	-0.0600877289257	0.0883110174288	-0.0230691877733	0.0163990355651	-0.0162488856046	0.048626780463	-0.0657572793414	-0.0259265482976	-0.0224265628537	-0.133022341364	0.0721381163093	-0.0144498948532	-0.177231728243	-0.0577717971406	-0.00554447712467	-0.0211794124202	-0.0678606352189	-0.106515479106	0.0717550509453	-0.0617686367594	-0.0214836028762	-0.0452016386265	-0.0873035113975
