#taxonomy	k__Bacteria;p__Bacteroidetes;c__Bacteroidia;o__Bacteroidales;f__Bacteroidaceae;g__Bacteroides;s__Bacteroides_vulgatus	k__Bacteria;p__Bacteroidetes;c__Bacteroidia;o__Bacteroidales;f__Bacteroidaceae;g__Bacteroides;s__Bacteroides_uniformis	k__Bacteria;p__Bacteroidetes;c__Bacteroidia;o__Bacteroidales;f__Rikenellaceae;g__Alistipes;s__Alistipes_putredinis	k__Bacteria;p__Bacteroidetes;c__Bacteroidia;o__Bacteroidales;f__Prevotellaceae;g__Prevotella;s__Prevotella_copri	k__Bacteria;p__Bacteroidetes;c__Bacteroidia;o__Bacteroidales;f__Bacteroidaceae;g__Bacteroides;s__Bacteroides_stercoris	k__Bacteria;p__Bacteroidetes;c__Bacteroidia;o__Bacteroidales;f__Bacteroidaceae;g__Bacteroides;s__Bacteroides_ovatus	k__Bacteria;p__Bacteroidetes;c__Bacteroidia;o__Bacteroidales;f__Rikenellaceae;g__Alistipes;s__Alistipes_shahii	k__Bacteria;p__Firmicutes;c__Clostridia;o__Clostridiales;f__Ruminococcaceae;g__Faecalibacterium;s__Faecalibacterium_prausnitzii	k__Bacteria;p__Bacteroidetes;c__Bacteroidia;o__Bacteroidales;f__Rikenellaceae;g__Alistipes;s__Alistipes_finegoldii	k__Bacteria;p__Bacteroidetes;c__Bacteroidia;o__Bacteroidales;f__Porphyromonadaceae;g__Parabacteroides;s__Parabacteroides_distasonis	k__Bacteria;p__Bacteroidetes;c__Bacteroidia;o__Bacteroidales;f__Bacteroidaceae;g__Bacteroides;s__Bacteroides_thetaiotaomicron	k__Bacteria;p__Bacteroidetes;c__Bacteroidia;o__Bacteroidales;f__Bacteroidaceae;g__Bacteroides;s__Bacteroides_coprocola	k__Bacteria;p__Bacteroidetes;c__Bacteroidia;o__Bacteroidales;f__Bacteroidaceae;g__Bacteroides;s__Bacteroides_cellulosilyticus	k__Bacteria;p__Bacteroidetes;c__Bacteroidia;o__Bacteroidales;f__Rikenellaceae;g__Alistipes;s__Alistipes_obesi	k__Bacteria;p__Firmicutes;c__Clostridia;o__Clostridiales;f__Lachnospiraceae;g__;s__[Eubacterium]_rectale	k__Bacteria;p__Bacteroidetes;c__Bacteroidia;o__Bacteroidales;f__Bacteroidaceae;g__Bacteroides;s__Bacteroides_plebeius	k__Bacteria;p__Bacteroidetes;c__Bacteroidia;o__Bacteroidales;f__Bacteroidaceae;g__Bacteroides;s__Bacteroides_fragilis	k__Bacteria;p__Proteobacteria;c__Betaproteobacteria;o__Burkholderiales;f__Sutterellaceae;g__Sutterella;s__Sutterella_wadsworthensis	k__Bacteria;p__Bacteroidetes;c__Bacteroidia;o__Bacteroidales;f__Porphyromonadaceae;g__Barnesiella;s__Barnesiella_intestinihominis	k__Bacteria;p__Bacteroidetes;c__Bacteroidia;o__Bacteroidales;f__Odoribacteraceae;g__Odoribacter;s__Odoribacter_splanchnicus	k__Bacteria;p__Bacteroidetes;c__Bacteroidia;o__Bacteroidales;f__Bacteroidaceae;g__Bacteroides;s__Bacteroides_salyersiae	k__Bacteria;p__Firmicutes;c__Clostridia;o__Clostridiales;f__Ruminococcaceae;g__Ruminiclostridium;s__[Eubacterium]_siraeum	k__Bacteria;p__Proteobacteria;c__Betaproteobacteria;o__Burkholderiales;f__Sutterellaceae;g__Parasutterella;s__Parasutterella_excrementihominis	k__Bacteria;p__Actinobacteria;c__Actinobacteria;o__Bifidobacteriales;f__Bifidobacteriaceae;g__Bifidobacterium;s__Bifidobacterium_adolescentis	k__Bacteria;p__Firmicutes;c__Clostridia;o__Clostridiales;f__Oscillospiraceae;g__Oscillibacter;s__Oscillibacter_sp._KLE_1745	k__Bacteria;p__Bacteroidetes;c__Bacteroidia;o__Bacteroidales;f__Bacteroidaceae;g__Bacteroides;s__Bacteroides_coprophilus	k__Bacteria;p__Firmicutes;c__Clostridia;o__Clostridiales;f__Lachnospiraceae;g__Roseburia;s__Roseburia_intestinalis	k__Bacteria;p__Firmicutes;c__Clostridia;o__Clostridiales;f__Lachnospiraceae;g__Roseburia;s__Roseburia_hominis	k__Bacteria;p__Bacteroidetes;c__Bacteroidia;o__Bacteroidales;f__Porphyromonadaceae;g__Parabacteroides;s__Parabacteroides_johnsonii	k__Bacteria;p__Actinobacteria;c__Actinobacteria;o__Bifidobacteriales;f__Bifidobacteriaceae;g__Bifidobacterium;s__Bifidobacterium_longum	k__Bacteria;p__Firmicutes;c__Clostridia;o__Clostridiales;f__;g__Flavonifractor;s__Flavonifractor_plautii	k__Bacteria;p__Firmicutes;c__Clostridia;o__Clostridiales;f__Clostridiaceae;g__Clostridium;s__Clostridium_phoceensis	k__Bacteria;p__Verrucomicrobia;c__Verrucomicrobiae;o__Verrucomicrobiales;f__Akkermansiaceae;g__Akkermansia;s__Akkermansia_muciniphila	k__Bacteria;p__Bacteroidetes;c__Bacteroidia;o__Bacteroidales;f__Prevotellaceae;g__Paraprevotella;s__Paraprevotella_xylaniphila	k__Bacteria;p__Firmicutes;c__Clostridia;o__Clostridiales;f__Ruminococcaceae;g__Ruminococcus;s__Ruminococcus_callidus	k__Bacteria;p__Bacteroidetes;c__Bacteroidia;o__Bacteroidales;f__Rikenellaceae;g__Alistipes;s__Alistipes_senegalensis	k__Bacteria;p__Firmicutes;c__Clostridia;o__Clostridiales;f__Lachnospiraceae;g__Blautia;s__Blautia_sp._KLE_1732	k__Bacteria;p__Bacteroidetes;c__Bacteroidia;o__Bacteroidales;f__Bacteroidaceae;g__Bacteroides;s__Bacteroides_oleiciplenus	k__Bacteria;p__Firmicutes;c__Clostridia;o__Clostridiales;f__Ruminococcaceae;g__Ruminococcus;s__Ruminococcus_bicirculans	k__Bacteria;p__Bacteroidetes;c__Bacteroidia;o__Bacteroidales;f__Bacteroidaceae;g__Bacteroides;s__Bacteroides_fluxus	k__Bacteria;p__Bacteroidetes;c__Bacteroidia;o__Bacteroidales;f__Prevotellaceae;g__Prevotella;s__Prevotella_stercorea	k__Bacteria;p__Firmicutes;c__Clostridia;o__Clostridiales;f__Lachnospiraceae;g__Dorea;s__Dorea_longicatena	k__Bacteria;p__Firmicutes;c__Clostridia;o__Clostridiales;f__Eubacteriaceae;g__Eubacterium;s__[Eubacterium]_eligens	k__Bacteria;p__Firmicutes;c__Clostridia;o__Clostridiales;f__Ruminococcaceae;g__;s__Ruminococcaceae_bacterium_D16	k__Bacteria;p__Firmicutes;c__Clostridia;o__Clostridiales;f__Lachnospiraceae;g__Coprococcus;s__Coprococcus_comes	k__Bacteria;p__Proteobacteria;c__Gammaproteobacteria;o__Enterobacterales;f__Enterobacteriaceae;g__Escherichia;s__Escherichia_coli	k__Bacteria;p__Firmicutes;c__Clostridia;o__Clostridiales;f__Ruminococcaceae;g__Anaerotruncus;s__Anaerotruncus_colihominis	k__Bacteria;p__Firmicutes;c__Clostridia;o__Clostridiales;f__Lachnospiraceae;g__Blautia;s__Blautia_obeum	k__Bacteria;p__Bacteroidetes;c__Bacteroidia;o__Bacteroidales;f__Odoribacteraceae;g__Odoribacter;s__Odoribacter_laneus	k__Bacteria;p__Firmicutes;c__Clostridia;o__Clostridiales;f__Ruminococcaceae;g__Ruminiclostridium;s__[Clostridium]_leptum	k__Bacteria;p__Bacteroidetes;c__Bacteroidia;o__Bacteroidales;f__Porphyromonadaceae;g__Parabacteroides;s__Parabacteroides_goldsteinii	k__Bacteria;p__Firmicutes;c__Clostridia;o__Clostridiales;f__Lachnospiraceae;g__Anaerostipes;s__Anaerostipes_hadrus	k__Bacteria;p__Firmicutes;c__Clostridia;o__Clostridiales;f__Ruminococcaceae;g__Ruminococcus;s__Ruminococcus_lactaris	k__Bacteria;p__Firmicutes;c__Clostridia;o__Clostridiales;f__Clostridiaceae;g__Clostridium;s__Clostridium_sp._L2-50	k__Bacteria;p__Firmicutes;c__Clostridia;o__Clostridiales;f__Clostridiaceae;g__Clostridium;s__Clostridium_sp._M62/1	k__Bacteria;p__Firmicutes;c__Clostridia;o__Clostridiales;f__;g__Intestinimonas;s__Intestinimonas_butyriciproducens	k__Bacteria;p__Actinobacteria;c__Actinobacteria;o__Bifidobacteriales;f__Bifidobacteriaceae;g__Bifidobacterium;s__Bifidobacterium_bifidum	k__Bacteria;p__Firmicutes;c__Negativicutes;o__Veillonellales;f__Veillonellaceae;g__Dialister;s__Dialister_invisus	k__Bacteria;p__Bacteroidetes;c__Bacteroidia;o__Bacteroidales;f__Bacteroidaceae;g__Bacteroides;s__Bacteroides_salanitronis
k__Bacteria;p__Bacteroidetes;c__Bacteroidia;o__Bacteroidales;f__Bacteroidaceae;g__Bacteroides;s__Bacteroides_vulgatus	1.0	0.0258311295914	-0.0447338222067	-0.0231527440263	-0.00738360333346	-0.0161887983496	-0.0303546135708	0.0282816151193	-0.0064159312961	-0.0341481406986	0.0298022866271	0.0181374675659	-0.0316397905987	-0.00746275068763	-0.021725114229	-0.0139043985943	-0.0713756159953	0.0130619757833	0.0302828580022	-0.0390732752514	0.0323203945775	-0.061411866933	-0.0242134862541	-0.0663815119206	-0.0134340224723	-0.0261269062132	-0.0735078851599	-0.0165173188532	0.0265522542489	0.00246396947009	-0.0274819016314	0.0566732036824	-0.0259387816295	-0.0286876369749	0.01848812573	-0.00189883099345	0.0109093363103	0.0137402253371	0.0574425532631	0.02532026364	0.0399884104454	0.0509501259406	-0.0288554172889	-0.0511688034646	-0.0306904587257	-0.0629654240123	0.0665727698094	0.000429684801305	0.0110370148539	0.0176994132764	0.0455175203503	-0.0200190845827	0.0206106962992	-0.095717128342	0.0314517244307	0.0254903580401	0.0210380621961	-0.0176043500511	0.0324965758814
k__Bacteria;p__Bacteroidetes;c__Bacteroidia;o__Bacteroidales;f__Bacteroidaceae;g__Bacteroides;s__Bacteroides_uniformis	0.0258311295914	1.0	0.0491493661629	-0.0315681361069	-0.00944723071946	-0.0249975551108	-0.0329601763865	-0.0613579689369	0.0232724778665	-0.00034257063269	0.018519020311	-0.100526686198	0.00885492591946	-0.019312667005	-0.0291456857261	0.00908545969585	-0.0155548375704	-0.00377032748421	-0.0330923120922	-0.00178481166082	-0.0404612526723	-0.0309486573903	-0.0428125449476	0.0352666898541	0.0164257123371	-0.0147088770454	-3.46614725867e-05	0.0284950163374	0.0436490737732	0.0268191777057	0.0342224882385	0.0611571870449	0.0428567109497	-0.0503068013164	0.00256484699134	0.00663105856561	0.00595225356611	0.0200195614655	0.0165232357041	-0.0110517953267	-0.0443036215029	-0.0104898196549	-0.0322720763551	0.00160550601292	-0.0031266185089	-0.053399121657	0.0103695175674	-0.0883077274181	0.0312669998606	-0.0366864966179	0.0153004010098	-0.00490838908091	-0.0727110600233	-0.0334335973985	0.0011556945985	-0.00783993800031	-0.00996375610408	-0.00755264968388	0.0356413714115
k__Bacteria;p__Bacteroidetes;c__Bacteroidia;o__Bacteroidales;f__Rikenellaceae;g__Alistipes;s__Alistipes_putredinis	-0.0447338222067	0.0491493661629	1.0	-0.018840631357	0.0244612377213	-0.037875021432	0.0171968269138	-0.0563468987285	0.0184810618012	-0.0136561747017	0.0585684664587	-0.0127210467648	-0.0179158129293	0.0223791185334	-0.00657624756851	0.0387062865805	0.00998946292277	-0.0120381013664	-0.0368711112401	-0.0265103189728	-0.0501958310867	-0.0638635306232	0.0108833538261	0.0370462620576	0.0198263194062	-0.0667379904995	-0.0379803915298	0.00141791191654	-0.0177968608249	-0.050079928344	-0.0182808953358	-0.0399620043989	-0.0255755535327	-0.032292119275	-0.00113055319718	-0.00513274829665	-0.0115714997585	-0.0607600481203	-0.0565015866768	-0.00451357414612	-0.0151549632173	0.000711181165699	0.0350995558736	-0.0259154198322	0.0475183140462	0.0347443079914	-0.00437748212375	-0.00947127403479	0.00977253602917	0.0142708500069	-0.0528103209151	0.048075670816	0.00283295431449	-0.0359264585301	0.0252210094936	-0.0333338142286	0.0351427811117	0.0484038330064	-0.0388034158753
k__Bacteria;p__Bacteroidetes;c__Bacteroidia;o__Bacteroidales;f__Prevotellaceae;g__Prevotella;s__Prevotella_copri	-0.0231527440263	-0.0315681361069	-0.018840631357	1.0	-0.0164278282209	-0.00668764243796	-0.00985430685679	-0.014623016094	0.02147078992	-0.0519787422267	0.0390592673554	-0.0479862335319	-0.0492054162628	0.0265863749994	0.0331639626928	0.0457395057069	-0.0265814805735	0.0405839015433	-0.0290472406754	-0.0221077618066	-0.0123784299718	0.0582847436651	-0.00963736385309	-0.0413538787022	0.0958814672763	-0.00449698423661	-0.0365270051752	-0.0449950505989	-0.0666526382329	0.0206296484201	-0.07072517243	-0.0250458125791	-0.0506145676214	-0.0210967156468	0.0284117481502	0.0141165967955	-0.0296113783939	0.00048804662622	0.0514303189821	-0.00118889747423	-0.0473643686199	-0.00627440545515	-0.0597894432069	-0.0145318982901	-0.0359570562459	-0.0261502532381	0.0646592558362	0.0600691329134	-0.0143498585799	-0.0137138774386	0.0301361375217	0.0159901087336	-0.0517913746328	-0.0574781432921	-0.0328524054305	-0.0235090219627	-0.0655667138167	-0.0372470114822	0.00216468141124
k__Bacteria;p__Bacteroidetes;c__Bacteroidia;o__Bacteroidales;f__Bacteroidaceae;g__Bacteroides;s__Bacteroides_stercoris	-0.00738360333346	-0.00944723071946	0.0244612377213	-0.0164278282209	1.0	0.0308391276429	0.0275488559014	0.05030147654	-0.043184159775	-0.0278385131708	0.0196354991353	0.034891815773	0.0358796834622	0.00690243638039	-0.024235857762	-0.0514362944016	-0.00107172895217	0.0336498037806	-0.00665329103515	-0.0569704553607	0.00212512641462	0.0118189220166	-0.0134906161296	-0.0622826380597	0.0285602696294	0.0724650561589	-0.0792121916684	-0.0268262860164	-0.0248249645659	-0.0148579920239	-0.00897386057339	-0.0227163909912	0.0402439338091	0.0157103905045	-0.0454940131039	0.0413238257935	-0.00177200857499	-0.0202028285073	-0.00118799481855	0.0495064100813	-0.0254573922489	-0.0346844855524	0.0246702547143	-0.00370758936236	-0.0667604009038	0.000588618997523	-0.0251203301252	0.0652582350148	-0.0225781479886	0.0345488789391	0.0211911654915	-0.0397651029464	0.0272919002355	-0.0744337166888	0.0551300698225	-0.0129524822766	0.00370639592089	-0.0280605201974	-0.00144077794801
k__Bacteria;p__Bacteroidetes;c__Bacteroidia;o__Bacteroidales;f__Bacteroidaceae;g__Bacteroides;s__Bacteroides_ovatus	-0.0161887983496	-0.0249975551108	-0.037875021432	-0.00668764243796	0.0308391276429	1.0	-0.0335689219497	0.0041931480425	-0.0100267064153	-0.0379654975817	-0.0255312809538	-0.0191729911886	0.018419595696	0.00357471031177	0.0347975156239	-0.019659921991	-0.0301972532285	-0.0176610255141	0.0426768467316	-0.0520489418912	-0.00335530175476	-0.0353329102894	0.0136642519786	0.0268315064909	-0.0459303288574	0.0210351580169	0.059733780886	-0.0084805545417	-0.0140749064311	-0.0275050019486	-0.00505237667239	0.0498677280958	-0.0819067935285	-0.0497401608358	0.0297075564778	0.0628537717696	0.0484924525172	-0.0586313419445	0.0249002878001	0.0185171459506	0.0108519596706	-0.0279452236246	0.0460506812999	-0.00961641843058	0.097043770489	-0.0228616550726	-0.0111021712485	-0.0209611102821	-0.0128583642003	-0.00251310900236	-0.0124406250223	0.0116697401187	-0.105607429953	-0.0146967578842	-0.0641682069167	-0.0366405771358	0.0207596816183	0.00537083718617	0.00666001133453
k__Bacteria;p__Bacteroidetes;c__Bacteroidia;o__Bacteroidales;f__Rikenellaceae;g__Alistipes;s__Alistipes_shahii	-0.0303546135708	-0.0329601763865	0.0171968269138	-0.00985430685679	0.0275488559014	-0.0335689219497	1.0	0.00632972121111	0.0586881936901	0.0315223538081	0.0509286724792	0.0617637557202	0.0251839143547	-0.0144983540856	0.0148363985478	-0.00587248789617	0.0139271155901	-0.0277111377655	0.00031573077472	-0.0214167737478	-0.0486111628132	-0.0153359741228	0.00103512733107	0.0323094086229	0.0142492498286	-0.0697376070226	0.0503362421265	0.0455088492858	0.0468608321348	-0.0152930859751	0.0160377248324	-0.04447134842	-0.0432574041649	-0.0619512282035	0.0396460498559	-0.0226555855854	-0.0903226832267	-0.0464969749447	0.0597049622109	0.00340582034804	0.00223206199224	0.00421457840031	-0.0205484411895	0.00482303134206	-0.0644435679049	0.0172599869015	0.0174956875795	-0.00604646793878	-0.0590770766334	0.0215363734586	-0.076893649837	-0.00549594471491	0.0532648799261	0.00057296812659	-0.0172367219524	-0.0956756409324	-0.027997413949	-0.0273052597005	-0.0357445986479
k__Bacteria;p__Firmicutes;c__Clostridia;o__Clostridiales;f__Ruminococcaceae;g__Faecalibacterium;s__Faecalibacterium_prausnitzii	0.0282816151193	-0.0613579689369	-0.0563468987285	-0.014623016094	0.05030147654	0.0041931480425	0.00632972121111	1.0	0.00797445351634	-0.0645859767243	-0.0876952865344	0.0513253942698	0.0660266547517	-0.0482155835309	-0.0346075578564	-0.0162370555873	0.0077250077628	-0.0161678887364	0.0214112542067	0.0480593484676	-0.0542129143324	-0.0156005339025	-0.0129144573091	-0.0131548245552	0.0368145324718	-0.0346865108264	-0.0472194177705	0.0393183270193	-0.0545182498024	-0.0593950119967	-0.0280131464056	-0.0485992997114	-0.044774416126	0.0164088331633	-0.0111073532181	-0.0464921521304	-0.00972500358268	0.0101392496362	-0.0571480430601	0.0773279303023	-0.0559089714528	-0.00427862233333	0.0338921803577	0.0200462640872	0.0293891409393	-0.0102882045138	-0.0677110267205	0.0455200717576	0.0293642875866	0.0298871980325	-0.0678631943648	-0.0541489506223	0.0367604302653	-0.0895396430851	-0.00220523793731	0.0228343982983	0.0830522862964	-0.0537475539156	0.0101974885858
k__Bacteria;p__Bacteroidetes;c__Bacteroidia;o__Bacteroidales;f__Rikenellaceae;g__Alistipes;s__Alistipes_finegoldii	-0.0064159312961	0.0232724778665	0.0184810618012	0.02147078992	-0.043184159775	-0.0100267064153	0.0586881936901	0.00797445351634	1.0	-0.00743639822041	-0.0243487454345	-0.049437822552	-0.0146015694282	-0.0388316110201	0.0372253418922	0.0403540804979	-0.00296429000711	-0.032462574845	-0.00876544637566	-0.032838676931	-0.0101420006476	0.0117477751214	-0.0457928889217	-0.0471813620107	-0.0148718488625	-0.12241773589	0.0277049430906	-0.0193683151307	-0.0804715529036	-0.025300654852	-0.0128583823112	-0.00398525116598	-0.0224324989945	-0.0306724039549	0.0116720405153	-0.017582739887	0.0199635802612	-0.0308408410419	0.0319061599768	-0.0304791041074	-0.0579070228558	-0.0123460663297	-0.026678354564	0.0750932959218	0.016852479007	0.00177299357998	-0.0709857485516	-0.0106063723424	-0.0610320086829	0.0744560865528	0.0387165516315	-0.0103224242592	-0.0467424168082	-0.00420822021302	-0.0325044901917	0.0152384521955	0.0715907256909	-0.0421026121407	-0.0497814783268
k__Bacteria;p__Bacteroidetes;c__Bacteroidia;o__Bacteroidales;f__Porphyromonadaceae;g__Parabacteroides;s__Parabacteroides_distasonis	-0.0341481406986	-0.00034257063269	-0.0136561747017	-0.0519787422267	-0.0278385131708	-0.0379654975817	0.0315223538081	-0.0645859767243	-0.00743639822041	1.0	-0.0152137839318	-0.00238566815741	0.0089222306545	0.00829441898756	-0.0011464733383	0.0800273292701	0.0298548625722	-0.0583157405301	-0.040406346184	0.00853104916529	-0.0462609468415	0.0302182091222	-0.00233613066608	-0.0045681798061	-0.0128420017266	0.0263030084703	0.0807029941557	0.0414179256997	-0.0147697881081	0.00249760397786	0.0168114770833	-0.00713606610212	-0.0186114012562	-0.0125297724515	-0.00825412003217	0.0224774372225	0.0338591445944	-0.0465993659157	-0.0214605299649	-0.0552078611837	-0.0525113352552	-0.0159815484907	-0.0236257491949	0.00765910474007	0.0178616088751	-0.0331270779114	-0.0313803032001	0.045382202759	-0.0612652823114	-0.0128898127418	-0.0413035540399	0.0429083368156	-0.0228168376892	-0.0374627477891	-0.0232635420621	-0.0235690688465	0.0102040410375	0.0263477632289	0.00159516796418
k__Bacteria;p__Bacteroidetes;c__Bacteroidia;o__Bacteroidales;f__Bacteroidaceae;g__Bacteroides;s__Bacteroides_thetaiotaomicron	0.0298022866271	0.018519020311	0.0585684664587	0.0390592673554	0.0196354991353	-0.0255312809538	0.0509286724792	-0.0876952865344	-0.0243487454345	-0.0152137839318	1.0	0.0637518273137	0.0143931288185	0.0692992170779	-0.0337123414845	0.0338922890502	-0.0282310031514	0.0809992449039	-0.0127799118639	-0.0512481899239	0.00434434069935	0.0325817480525	-0.0301456338709	-0.0199387651401	0.0105971748632	-0.023717382644	-0.0219551555886	-0.0136860296506	-0.0409412765689	-0.0028066565957	-0.0670690641961	0.0292189206287	-0.0225836114789	-0.0769381883931	-0.0151577528761	-0.0152185082493	-0.032312412627	0.00282050348791	0.0797679987409	-0.0472728937411	0.0214948248075	0.00186760652173	-0.0254477073815	0.0200407267513	-0.00589620808127	-0.0555459315474	0.0357356461373	0.0534085066127	0.0114469915059	0.0324982349242	0.0192923135009	-0.0274190077173	-0.0636657516599	0.0145592727528	0.00024001727546	-0.0190595730159	-0.000672532543311	-0.00180750683431	-0.0073982371927
k__Bacteria;p__Bacteroidetes;c__Bacteroidia;o__Bacteroidales;f__Bacteroidaceae;g__Bacteroides;s__Bacteroides_coprocola	0.0181374675659	-0.100526686198	-0.0127210467648	-0.0479862335319	0.034891815773	-0.0191729911886	0.0617637557202	0.0513253942698	-0.049437822552	-0.00238566815741	0.0637518273137	1.0	0.0120294413287	0.0479762024114	-0.0163559194131	0.00203022023084	0.00836400439012	0.0226527713431	-0.0320566715083	-0.00997219860298	0.00337337924663	-0.00697925065345	-0.0577117082903	-0.0126284224522	-0.0149908900104	-0.0262866320988	-0.00861339343667	-0.0566720351987	-0.0547896403689	-0.0125360684141	-0.0384714474876	-0.016549838602	-0.00765475334443	-0.019994147552	0.0077407873394	-0.0907366188488	-0.0174960404191	-0.0225211877956	0.00781265980984	-0.0297831434913	-0.0116890578426	-0.0130342495162	0.0233049718207	0.0206231881601	-0.0455859477952	-0.00937188114297	0.00378178160038	0.0176941254364	-0.0372203912607	0.041352936012	-0.00289408854492	-0.0600584082218	-0.0458573157034	-0.0255439146517	0.0148396134198	0.0304973694641	-0.0289383164375	-0.00980523920929	-0.00719392269836
k__Bacteria;p__Bacteroidetes;c__Bacteroidia;o__Bacteroidales;f__Bacteroidaceae;g__Bacteroides;s__Bacteroides_cellulosilyticus	-0.0316397905987	0.00885492591946	-0.0179158129293	-0.0492054162628	0.0358796834622	0.018419595696	0.0251839143547	0.0660266547517	-0.0146015694282	0.0089222306545	0.0143931288185	0.0120294413287	1.0	0.0241102043365	-0.0375131310097	0.0226126392011	-0.072349159999	0.0199250956466	-0.0419720350977	-0.0184373436175	-0.0776045367032	-0.0232502819785	0.0152006721628	-0.0418021786954	0.00786536564221	-0.0465353156821	0.0127317686989	-0.0584180955755	-0.0391249155715	-0.0478288120642	-0.0323791290506	0.0146398916901	-0.0139415888528	-0.0620025527541	0.00112336668726	0.0372297877402	-0.0525753262787	0.0100701795351	-0.039032777522	-0.00773432630876	0.00668794371668	0.0375341661558	-0.0249106883883	0.0137213837237	0.018463712547	-0.0657585722896	-0.0784651971674	0.00400578208157	-0.0100545741612	0.0153154331579	0.00433721894778	-0.00249882214509	0.0466781687097	0.070262901959	-0.0576008037784	-0.0957075591021	-0.0250427347947	0.0197815397009	0.0267823456148
k__Bacteria;p__Bacteroidetes;c__Bacteroidia;o__Bacteroidales;f__Rikenellaceae;g__Alistipes;s__Alistipes_obesi	-0.00746275068763	-0.019312667005	0.0223791185334	0.0265863749994	0.00690243638039	0.00357471031177	-0.0144983540856	-0.0482155835309	-0.0388316110201	0.00829441898756	0.0692992170779	0.0479762024114	0.0241102043365	1.0	-0.0233028887059	-0.0318319094561	0.0662828336543	0.0155755631342	-0.0067217037561	-0.0393893137751	-0.0186745826376	-0.0191077678292	-0.00746065397886	0.000127018898351	0.0334206854937	-0.0427891304574	-0.044824325952	-0.0347288030324	-0.0495430702387	0.0591383966856	-0.00612293085296	0.0108191686012	-0.0619344991818	-0.0203779615197	-0.0162641226998	0.00656800346145	-0.0417974416713	0.0332285867762	-0.0340821965398	-0.0138217523308	-0.0675270233002	-0.0127420262114	-0.032279033448	-0.0137674812426	0.000460663484266	-0.0097538023899	-0.00188617606806	0.0716663185446	0.0417757169868	-0.00328054391206	0.0175208156097	-0.0547007903156	-0.0189101192657	0.0158959258472	0.0623696856767	0.0224922513398	-0.0742970114357	0.0212531586006	-0.0836433568741
k__Bacteria;p__Firmicutes;c__Clostridia;o__Clostridiales;f__Lachnospiraceae;g__;s__[Eubacterium]_rectale	-0.021725114229	-0.0291456857261	-0.00657624756851	0.0331639626928	-0.024235857762	0.0347975156239	0.0148363985478	-0.0346075578564	0.0372253418922	-0.0011464733383	-0.0337123414845	-0.0163559194131	-0.0375131310097	-0.0233028887059	1.0	-0.0184772895844	-0.0376987341267	-0.0457546456639	0.00640056434505	-0.0449286409924	0.0343997650861	0.0183555508606	0.030385106968	0.0245432234127	0.0437542019199	0.0454517544921	0.0644176340188	-0.0327777021339	0.0293902915846	-0.0375848055623	0.0459444865752	0.0325704077662	-0.066061284568	-0.0319890879798	0.0137244206892	0.00027639799876	0.0165057873955	-0.102116493304	-0.0272338507648	-0.0671889254851	-0.00779868755885	-0.0429194038339	0.0204439474496	-0.0192874632566	-0.00674856093857	-0.0278636621391	0.00676359758342	-0.0823284069514	-0.0324539995869	-0.00935599272262	-0.0418603098543	-0.0373801675727	-0.0990158283532	-0.0308736981477	-0.00770152748519	-0.026670494256	-0.0137499282014	-0.0176722324509	0.00783889461613
k__Bacteria;p__Bacteroidetes;c__Bacteroidia;o__Bacteroidales;f__Bacteroidaceae;g__Bacteroides;s__Bacteroides_plebeius	-0.0139043985943	0.00908545969585	0.0387062865805	0.0457395057069	-0.0514362944016	-0.019659921991	-0.00587248789617	-0.0162370555873	0.0403540804979	0.0800273292701	0.0338922890502	0.00203022023084	0.0226126392011	-0.0318319094561	-0.0184772895844	1.0	-0.000871154038149	-0.00688616619381	0.0105726561187	-0.0302938917561	0.0367332273281	0.0372031959542	0.0206617568269	-0.0797185625006	0.00176200952694	-0.0149129602706	0.0111858601682	-0.0641352169682	-0.0123209435025	-0.0217310693189	0.00408239790721	-0.00401725716661	-0.00327958777466	-0.00665483879495	-0.0130176303455	0.0452999059836	-0.0135088883592	-0.00361711026969	-0.0468984680727	-0.059838781671	-0.0772820229394	-0.0162412033232	-0.0480839268758	0.00530351283818	-0.0278046342297	-0.0234384793403	-0.0319105980919	1.21668950795e-05	-0.00450258103407	-0.0608746064114	0.00499083175907	0.00414971499385	0.051855345577	-0.0122669660904	0.000853545439599	0.0535400663217	-0.0136949417035	-0.0522170516086	-0.0226598261391
k__Bacteria;p__Bacteroidetes;c__Bacteroidia;o__Bacteroidales;f__Bacteroidaceae;g__Bacteroides;s__Bacteroides_fragilis	-0.0713756159953	-0.0155548375704	0.00998946292277	-0.0265814805735	-0.00107172895217	-0.0301972532285	0.0139271155901	0.0077250077628	-0.00296429000711	0.0298548625722	-0.0282310031514	0.00836400439012	-0.072349159999	0.0662828336543	-0.0376987341267	-0.000871154038149	1.0	0.00851371819395	0.0343522932918	-0.00680856585111	0.0229842970822	-0.0149755417629	-0.0739561956576	0.0796308868962	-0.0337576801362	0.0252760251275	-0.069458844015	0.003201200187	0.028786992243	0.0351860272475	-0.0168556820247	0.0343937009852	-0.0549018942993	-0.0205103067826	0.0581467264128	-0.0240065083409	-0.000355655659364	0.00800630752812	-0.00893045527533	0.0368556250235	-0.0376606898827	0.0170560584382	-0.0361681617939	-0.0149991088651	0.020662058437	0.0233400920401	-0.0650864554164	-0.0119782158158	-0.0924198797441	0.0312557277938	-0.032903827491	-0.078535380422	-0.0326269828169	-0.00217107126813	0.0195039462231	-0.0304948710862	-0.0752898689277	-0.0739920248015	-0.00687077519599
k__Bacteria;p__Proteobacteria;c__Betaproteobacteria;o__Burkholderiales;f__Sutterellaceae;g__Sutterella;s__Sutterella_wadsworthensis	0.0130619757833	-0.00377032748421	-0.0120381013664	0.0405839015433	0.0336498037806	-0.0176610255141	-0.0277111377655	-0.0161678887364	-0.032462574845	-0.0583157405301	0.0809992449039	0.0226527713431	0.0199250956466	0.0155755631342	-0.0457546456639	-0.00688616619381	0.00851371819395	1.0	0.0234546382466	-0.0459591930096	-0.01081603057	0.0225400447399	0.0715996608941	0.0282679947057	-0.0212136187363	-0.0378463841834	-0.0488531057514	-0.0352633839784	-0.0229792339079	0.0195223517241	-0.0714041267387	-0.104247680641	-0.0406586404672	-0.0530731655509	-0.0355729470094	-0.0120246422975	-0.0212261851417	0.0540368325198	-0.0252694067833	0.00225250719286	0.000663387986515	-0.0384452218783	-0.0287256552392	-0.00100602536106	-0.0773643660323	-0.00857240704834	0.0243263593385	0.0370428959882	-0.0431165809577	0.00917282337537	0.00685956737315	-0.0108801918644	0.0462381372658	0.113104047146	0.0113621361783	-0.0527714434893	-0.0143002585647	0.0705050283599	0.00791108246406
k__Bacteria;p__Bacteroidetes;c__Bacteroidia;o__Bacteroidales;f__Porphyromonadaceae;g__Barnesiella;s__Barnesiella_intestinihominis	0.0302828580022	-0.0330923120922	-0.0368711112401	-0.0290472406754	-0.00665329103515	0.0426768467316	0.000315730774721	0.0214112542067	-0.00876544637566	-0.040406346184	-0.0127799118639	-0.0320566715083	-0.0419720350977	-0.0067217037561	0.00640056434505	0.0105726561187	0.0343522932918	0.0234546382466	1.0	0.0541826705344	-0.00123559626861	-0.0551216514624	0.0213632604396	0.0175936669688	-0.0635555238243	0.0120518315535	0.0321408564633	0.0152384878885	-0.0123666374979	-0.0443630334079	-0.0731157542865	0.00951613467293	0.00523181936749	-0.0253475477292	0.00642221329448	-0.0482205661609	-0.0126281263139	-0.047830239857	-0.0288428414763	-0.0314132672713	-0.0160305738621	0.0340921428936	-0.0413502397067	-0.0395494412988	0.000481375646056	0.0471645701153	-0.0381902984833	-0.0342122275215	-0.0156516803534	-0.0816111533427	0.0600495237017	-0.0277926760095	-0.0666218478658	0.00262989201287	0.0122186604637	-0.00684017438835	0.000137791260673	-0.0343278172722	0.0246836090992
k__Bacteria;p__Bacteroidetes;c__Bacteroidia;o__Bacteroidales;f__Odoribacteraceae;g__Odoribacter;s__Odoribacter_splanchnicus	-0.0390732752514	-0.00178481166082	-0.0265103189728	-0.0221077618066	-0.0569704553607	-0.0520489418912	-0.0214167737478	0.0480593484676	-0.032838676931	0.00853104916529	-0.0512481899239	-0.00997219860298	-0.0184373436175	-0.0393893137751	-0.0449286409924	-0.0302938917561	-0.00680856585111	-0.0459591930096	0.0541826705344	1.0	-0.00450805972563	0.0323224937759	-0.00732808292854	-0.0410166734698	-0.106980390675	-0.0296453270673	0.0638837066011	0.0553219337126	0.03589327655	-0.0659025225555	-0.0215677409818	-0.036515640066	0.0356790045844	-0.00661019694789	0.019779848031	-0.0152817274743	-0.0903936861636	0.02052358469	0.00435856496844	-0.0562578695207	-0.0385149309239	0.0539111615238	-0.0100893058377	-0.0370791299724	0.0152156760177	0.0503408106339	-0.0262634065928	0.000652711790976	-0.0164322078009	0.0228568147366	-0.020479190564	-0.0227078210331	-0.0287465268984	0.029148261872	0.00999759910081	-0.0618056694135	-0.0124724866366	-0.00457761822863	-0.0434530219533
k__Bacteria;p__Bacteroidetes;c__Bacteroidia;o__Bacteroidales;f__Bacteroidaceae;g__Bacteroides;s__Bacteroides_salyersiae	0.0323203945775	-0.0404612526723	-0.0501958310867	-0.0123784299718	0.00212512641462	-0.00335530175476	-0.0486111628132	-0.0542129143324	-0.0101420006476	-0.0462609468415	0.00434434069935	0.00337337924663	-0.0776045367032	-0.0186745826376	0.0343997650861	0.0367332273281	0.0229842970822	-0.01081603057	-0.00123559626861	-0.00450805972563	1.0	0.0802534859656	0.0142853655016	-0.0272499648925	-0.0325406690677	0.0119129786016	-0.0207905511285	-0.0376136044971	0.0360816838998	0.0146463199395	-0.00461686374656	0.0209618413565	0.0176435566846	0.00331292557125	-0.0583714669761	-0.0506745733053	-0.0338767018983	-0.0432118873271	-0.0146760138642	-0.0311401418574	0.0859586145019	-0.00297722460586	-0.00315752622657	-0.016290809704	-0.0229138298054	0.0200459023884	-0.00332535788168	-0.0364078182443	0.0185013706943	-0.00590101452862	0.0215077090378	-0.0146462334438	0.0165053946774	-0.0113394749197	0.00958521390853	-0.0413428838802	-0.0611324967159	-0.0449389447836	-0.0409774863507
k__Bacteria;p__Firmicutes;c__Clostridia;o__Clostridiales;f__Ruminococcaceae;g__Ruminiclostridium;s__[Eubacterium]_siraeum	-0.061411866933	-0.0309486573903	-0.0638635306232	0.0582847436651	0.0118189220166	-0.0353329102894	-0.0153359741228	-0.0156005339025	0.0117477751214	0.0302182091222	0.0325817480525	-0.00697925065345	-0.0232502819785	-0.0191077678292	0.0183555508606	0.0372031959542	-0.0149755417629	0.0225400447399	-0.0551216514624	0.0323224937759	0.0802534859656	1.0	-0.0646556783509	-0.0107968039281	0.0138817213317	0.00591496204939	0.0127465303411	-0.026689021576	-0.020001258101	0.0318723476239	0.0327791144148	-0.0139650009801	-0.0231392858798	0.0147576518158	0.0285951350809	0.0290094259017	0.0415990443763	-0.00304058891419	0.0586663004047	-0.0404320631313	0.00731140260979	-0.0150513061453	0.0069919381949	0.0388186017262	-0.0999658638759	-0.0635014463321	0.0213459490706	-0.0280868085609	-0.0276890537167	0.0299697143619	-0.0341878889125	0.0397664639248	-0.00234745169885	0.0222104891761	-0.0392696556118	-0.0292501349299	-0.00575869147613	-0.00965048394621	-0.010620917065
k__Bacteria;p__Proteobacteria;c__Betaproteobacteria;o__Burkholderiales;f__Sutterellaceae;g__Parasutterella;s__Parasutterella_excrementihominis	-0.0242134862541	-0.0428125449476	0.0108833538261	-0.00963736385309	-0.0134906161296	0.0136642519786	0.00103512733107	-0.0129144573091	-0.0457928889217	-0.00233613066608	-0.0301456338709	-0.0577117082903	0.0152006721628	-0.00746065397886	0.030385106968	0.0206617568269	-0.0739561956576	0.0715996608941	0.0213632604396	-0.00732808292854	0.0142853655016	-0.0646556783509	1.0	-0.0257575411807	-0.00727329487154	-0.0416145990207	-0.0162117960349	-0.016418378264	-0.0448241621793	0.0264560639758	0.0342992575943	0.0286152136927	-0.0715485590158	-0.0575008426589	0.0181735886831	-0.00887405652883	-0.00126071623183	0.0144776959616	-0.0331609236822	0.0405661070371	0.0127715429598	-0.0340734041141	-0.01190941084	-0.0449739687052	-0.0390127752148	-0.0241273625617	0.020862394649	0.0166978603909	-0.0129738231365	0.00346287811553	-0.0497731363441	-0.019332159264	0.0131508156663	-0.0324672542403	0.00835629128977	-0.0323901700898	-0.0414000601836	-0.00935989924936	-0.0382782109451
k__Bacteria;p__Actinobacteria;c__Actinobacteria;o__Bifidobacteriales;f__Bifidobacteriaceae;g__Bifidobacterium;s__Bifidobacterium_adolescentis	-0.0663815119206	0.0352666898541	0.0370462620576	-0.0413538787022	-0.0622826380597	0.0268315064909	0.0323094086229	-0.0131548245552	-0.0471813620107	-0.0045681798061	-0.0199387651401	-0.0126284224522	-0.0418021786954	0.00012701889835	0.0245432234127	-0.0797185625006	0.0796308868962	0.0282679947057	0.0175936669688	-0.0410166734698	-0.0272499648925	-0.0107968039281	-0.0257575411807	1.0	-0.00429762857823	0.0707544780841	-0.0408341530736	-0.012164819421	-0.0108665555539	0.056182165162	-0.032280225552	-0.0633844545961	-0.0244272751724	-0.0670640867871	0.012100077608	-0.0563427618262	-0.0214460799106	0.0167100697037	-0.0469163331728	0.000868047317781	-0.00346184844967	-0.0193992662566	-0.0471890882434	0.00465720416175	-0.0498321009486	-0.0348096605333	-0.0351010326426	0.0303391216669	0.011277355642	0.0357261162135	0.0134267279688	-0.0137031701447	0.0242604138424	0.0216847780756	-0.0244468216226	-0.0517838294706	0.00382087521631	0.00550776121782	-0.0178835096049
k__Bacteria;p__Firmicutes;c__Clostridia;o__Clostridiales;f__Oscillospiraceae;g__Oscillibacter;s__Oscillibacter_sp._KLE_1745	-0.0134340224723	0.0164257123371	0.0198263194062	0.0958814672763	0.0285602696294	-0.0459303288574	0.0142492498286	0.0368145324718	-0.0148718488625	-0.0128420017266	0.0105971748632	-0.0149908900104	0.00786536564221	0.0334206854937	0.0437542019199	0.00176200952694	-0.0337576801362	-0.0212136187363	-0.0635555238243	-0.106980390675	-0.0325406690677	0.0138817213317	-0.00727329487154	-0.00429762857823	1.0	-0.015049474157	0.0295640708363	-0.0307638988167	-0.00727201795418	0.010064149341	0.0103810293036	0.0453553256824	0.00620108323557	-0.0407615431788	-0.0882564201672	-0.0181471487319	-0.0359128306575	-0.0311909815077	-0.0406621250635	0.0183095402761	-0.067539367209	-0.0280870610933	-0.0595563675983	0.0121077114194	-0.055433379408	-0.0703243317927	0.0585422917762	0.0841444280481	0.0115562150226	-0.0397455497326	-0.0351625527045	0.00323184739991	0.0580408255717	-0.0199772210274	-0.0107956831554	0.0349961050452	0.0566087421106	-0.0435640862597	0.00220540142995
k__Bacteria;p__Bacteroidetes;c__Bacteroidia;o__Bacteroidales;f__Bacteroidaceae;g__Bacteroides;s__Bacteroides_coprophilus	-0.0261269062132	-0.0147088770454	-0.0667379904995	-0.00449698423661	0.0724650561589	0.0210351580169	-0.0697376070226	-0.0346865108264	-0.12241773589	0.0263030084703	-0.023717382644	-0.0262866320988	-0.0465353156821	-0.0427891304574	0.0454517544921	-0.0149129602706	0.0252760251275	-0.0378463841834	0.0120518315535	-0.0296453270673	0.0119129786016	0.00591496204939	-0.0416145990207	0.0707544780841	-0.015049474157	1.0	0.0373318210931	-0.00316438613668	0.0374341979763	-0.0307541044314	-0.0212767897319	0.0335616584667	0.0319247409351	-0.0672709009824	-0.0232170443165	0.00948013643559	0.0313261753925	-0.0240955882216	0.0035762926011	-0.0117440086205	0.102192624518	0.0233762380044	-0.0263693725574	0.0635844503321	-0.0318239680582	-0.013671522346	-0.0359791427426	0.0195847381235	-0.0623804164746	-0.0463009263459	-0.00960542492429	0.0770927529336	-0.0258811831521	-0.00841431026395	0.0785527859471	0.00698745742329	0.000163685308336	-0.0424472114235	0.0503416892799
k__Bacteria;p__Firmicutes;c__Clostridia;o__Clostridiales;f__Lachnospiraceae;g__Roseburia;s__Roseburia_intestinalis	-0.0735078851599	-3.46614725867e-05	-0.0379803915298	-0.0365270051752	-0.0792121916684	0.059733780886	0.0503362421265	-0.0472194177705	0.0277049430906	0.0807029941557	-0.0219551555886	-0.00861339343667	0.0127317686989	-0.044824325952	0.0644176340188	0.0111858601682	-0.069458844015	-0.0488531057514	0.0321408564633	0.0638837066011	-0.0207905511285	0.0127465303411	-0.0162117960349	-0.0408341530736	0.0295640708363	0.0373318210931	1.0	-0.0101783268848	0.023774454271	-0.0101813310204	-0.00772136728632	-0.0193286907442	-0.0241797800391	0.0653224302803	-0.0177958744831	-0.0219963285206	-0.0105116815034	-0.0313899734424	-0.0108651514729	-0.024290376746	-0.0168749466459	-0.00499943745934	0.0103825124551	-0.0579862702846	-0.012397061963	-0.00020446380702	-0.0202390587769	-0.038842344479	-0.0275262243187	-0.0514300363506	-0.0271255977007	0.0338418278284	-0.000317917087642	0.0177053683522	-0.0293376665961	0.00994386232208	-0.0477435747865	0.0406682133999	-0.00801140575925
k__Bacteria;p__Firmicutes;c__Clostridia;o__Clostridiales;f__Lachnospiraceae;g__Roseburia;s__Roseburia_hominis	-0.0165173188532	0.0284950163374	0.00141791191654	-0.0449950505989	-0.0268262860164	-0.0084805545417	0.0455088492858	0.0393183270193	-0.0193683151307	0.0414179256997	-0.0136860296506	-0.0566720351987	-0.0584180955755	-0.0347288030324	-0.0327777021339	-0.0641352169682	0.003201200187	-0.0352633839784	0.0152384878885	0.0553219337126	-0.0376136044971	-0.026689021576	-0.016418378264	-0.012164819421	-0.0307638988167	-0.00316438613668	-0.0101783268848	1.0	0.0487253399856	-0.0116986067152	0.0130412533911	-0.00541928008352	0.0322334821939	0.0282258842766	-0.0657666486681	0.0310305950967	-0.0442920490184	0.0304732660628	-0.0200282668973	-0.014338464957	0.0268723841822	-0.0256535290875	-0.0390428291391	-0.0389061827075	0.0485877167442	-0.0163056400885	-0.0203096512703	0.0229887142702	-0.00953018310226	0.0130046688021	-0.00577996102127	0.00792250332554	-0.0246371587198	-0.0276420825658	0.0721332753171	-0.0016760463082	0.00292504212982	-0.00885764991371	-0.00771353939391
k__Bacteria;p__Bacteroidetes;c__Bacteroidia;o__Bacteroidales;f__Porphyromonadaceae;g__Parabacteroides;s__Parabacteroides_johnsonii	0.0265522542489	0.0436490737732	-0.0177968608249	-0.0666526382329	-0.0248249645659	-0.0140749064311	0.0468608321348	-0.0545182498024	-0.0804715529036	-0.0147697881081	-0.0409412765689	-0.0547896403689	-0.0391249155715	-0.0495430702387	0.0293902915846	-0.0123209435025	0.028786992243	-0.0229792339079	-0.0123666374979	0.03589327655	0.0360816838998	-0.020001258101	-0.0448241621793	-0.0108665555539	-0.00727201795417	0.0374341979763	0.023774454271	0.0487253399856	1.0	0.015278298066	0.0303940826064	-0.0175945572812	-0.00307836114362	0.018638600466	-0.0861028684989	-0.000869722583967	-0.0411631176585	0.0781314613371	-0.0495108536225	0.00538046401812	0.0296511639488	-0.0169562073355	0.0258686222255	0.0435534076583	-0.011262835757	-0.0270460368976	-0.0169264414657	-0.0261317174351	0.0157655762752	-0.0240784464318	-0.0281718370494	-0.00838686948979	-0.0057730826658	-0.0307469551097	-0.0397056503408	0.00245260344117	-0.0241113346083	0.0768357335372	-0.0523671720988
k__Bacteria;p__Actinobacteria;c__Actinobacteria;o__Bifidobacteriales;f__Bifidobacteriaceae;g__Bifidobacterium;s__Bifidobacterium_longum	0.00246396947009	0.0268191777057	-0.050079928344	0.0206296484201	-0.0148579920239	-0.0275050019486	-0.0152930859751	-0.0593950119967	-0.025300654852	0.00249760397786	-0.0028066565957	-0.0125360684141	-0.0478288120642	0.0591383966856	-0.0375848055623	-0.0217310693189	0.0351860272475	0.0195223517241	-0.0443630334079	-0.0659025225555	0.0146463199395	0.0318723476239	0.0264560639758	0.056182165162	0.010064149341	-0.0307541044314	-0.0101813310204	-0.0116986067152	0.015278298066	1.0	-0.0535178875327	0.00867584697344	-0.0447371768853	0.00873399837438	0.0283917612262	-0.0348137435585	0.014192209347	0.0592254955208	7.07304884446e-05	-0.0109544906647	-0.0439287523335	0.00920195418395	0.019423049319	-0.0724092944685	0.00973163091575	-0.0152749138195	-0.00998127401348	-0.0218776668217	0.0749150934877	-0.0605060603767	0.049132438786	-0.0614296571012	0.0658599720289	-0.00896424480494	-0.0113632042453	-0.0288278390237	-0.0215314011387	-0.0396058052608	-0.0300099477215
