#taxonomy	k__Bacteria;p__Bacteroidetes;c__Bacteroidia;o__Bacteroidales;f__Bacteroidaceae;g__Bacteroides;s__Bacteroides_vulgatus	k__Bacteria;p__Bacteroidetes;c__Bacteroidia;o__Bacteroidales;f__Bacteroidaceae;g__Bacteroides;s__Bacteroides_uniformis	k__Bacteria;p__Bacteroidetes;c__Bacteroidia;o__Bacteroidales;f__Rikenellaceae;g__Alistipes;s__Alistipes_putredinis	k__Bacteria;p__Bacteroidetes;c__Bacteroidia;o__Bacteroidales;f__Prevotellaceae;g__Prevotella;s__Prevotella_copri	k__Bacteria;p__Bacteroidetes;c__Bacteroidia;o__Bacteroidales;f__Bacteroidaceae;g__Bacteroides;s__Bacteroides_stercoris	k__Bacteria;p__Bacteroidetes;c__Bacteroidia;o__Bacteroidales;f__Bacteroidaceae;g__Bacteroides;s__Bacteroides_ovatus	k__Bacteria;p__Bacteroidetes;c__Bacteroidia;o__Bacteroidales;f__Rikenellaceae;g__Alistipes;s__Alistipes_shahii	k__Bacteria;p__Firmicutes;c__Clostridia;o__Clostridiales;f__Ruminococcaceae;g__Faecalibacterium;s__Faecalibacterium_prausnitzii	k__Bacteria;p__Bacteroidetes;c__Bacteroidia;o__Bacteroidales;f__Rikenellaceae;g__Alistipes;s__Alistipes_finegoldii	k__Bacteria;p__Bacteroidetes;c__Bacteroidia;o__Bacteroidales;f__Porphyromonadaceae;g__Parabacteroides;s__Parabacteroides_distasonis	k__Bacteria;p__Bacteroidetes;c__Bacteroidia;o__Bacteroidales;f__Bacteroidaceae;g__Bacteroides;s__Bacteroides_thetaiotaomicron	k__Bacteria;p__Bacteroidetes;c__Bacteroidia;o__Bacteroidales;f__Bacteroidaceae;g__Bacteroides;s__Bacteroides_coprocola	k__Bacteria;p__Bacteroidetes;c__Bacteroidia;o__Bacteroidales;f__Bacteroidaceae;g__Bacteroides;s__Bacteroides_cellulosilyticus	k__Bacteria;p__Bacteroidetes;c__Bacteroidia;o__Bacteroidales;f__Rikenellaceae;g__Alistipes;s__Alistipes_obesi	k__Bacteria;p__Firmicutes;c__Clostridia;o__Clostridiales;f__Lachnospiraceae;g__;s__[Eubacterium]_rectale	k__Bacteria;p__Bacteroidetes;c__Bacteroidia;o__Bacteroidales;f__Bacteroidaceae;g__Bacteroides;s__Bacteroides_plebeius	k__Bacteria;p__Bacteroidetes;c__Bacteroidia;o__Bacteroidales;f__Bacteroidaceae;g__Bacteroides;s__Bacteroides_fragilis	k__Bacteria;p__Proteobacteria;c__Betaproteobacteria;o__Burkholderiales;f__Sutterellaceae;g__Sutterella;s__Sutterella_wadsworthensis	k__Bacteria;p__Bacteroidetes;c__Bacteroidia;o__Bacteroidales;f__Porphyromonadaceae;g__Barnesiella;s__Barnesiella_intestinihominis	k__Bacteria;p__Bacteroidetes;c__Bacteroidia;o__Bacteroidales;f__Odoribacteraceae;g__Odoribacter;s__Odoribacter_splanchnicus	k__Bacteria;p__Bacteroidetes;c__Bacteroidia;o__Bacteroidales;f__Bacteroidaceae;g__Bacteroides;s__Bacteroides_salyersiae	k__Bacteria;p__Firmicutes;c__Clostridia;o__Clostridiales;f__Ruminococcaceae;g__Ruminiclostridium;s__[Eubacterium]_siraeum	k__Bacteria;p__Proteobacteria;c__Betaproteobacteria;o__Burkholderiales;f__Sutterellaceae;g__Parasutterella;s__Parasutterella_excrementihominis	k__Bacteria;p__Actinobacteria;c__Actinobacteria;o__Bifidobacteriales;f__Bifidobacteriaceae;g__Bifidobacterium;s__Bifidobacterium_adolescentis	k__Bacteria;p__Firmicutes;c__Clostridia;o__Clostridiales;f__Oscillospiraceae;g__Oscillibacter;s__Oscillibacter_sp._KLE_1745	k__Bacteria;p__Bacteroidetes;c__Bacteroidia;o__Bacteroidales;f__Bacteroidaceae;g__Bacteroides;s__Bacteroides_coprophilus	k__Bacteria;p__Firmicutes;c__Clostridia;o__Clostridiales;f__Lachnospiraceae;g__Roseburia;s__Roseburia_intestinalis	k__Bacteria;p__Firmicutes;c__Clostridia;o__Clostridiales;f__Lachnospiraceae;g__Roseburia;s__Roseburia_hominis	k__Bacteria;p__Bacteroidetes;c__Bacteroidia;o__Bacteroidales;f__Porphyromonadaceae;g__Parabacteroides;s__Parabacteroides_johnsonii	k__Bacteria;p__Actinobacteria;c__Actinobacteria;o__Bifidobacteriales;f__Bifidobacteriaceae;g__Bifidobacterium;s__Bifidobacterium_longum	k__Bacteria;p__Firmicutes;c__Clostridia;o__Clostridiales;f__;g__Flavonifractor;s__Flavonifractor_plautii	k__Bacteria;p__Firmicutes;c__Clostridia;o__Clostridiales;f__Clostridiaceae;g__Clostridium;s__Clostridium_phoceensis	k__Bacteria;p__Verrucomicrobia;c__Verrucomicrobiae;o__Verrucomicrobiales;f__Akkermansiaceae;g__Akkermansia;s__Akkermansia_muciniphila	k__Bacteria;p__Bacteroidetes;c__Bacteroidia;o__Bacteroidales;f__Prevotellaceae;g__Paraprevotella;s__Paraprevotella_xylaniphila	k__Bacteria;p__Firmicutes;c__Clostridia;o__Clostridiales;f__Ruminococcaceae;g__Ruminococcus;s__Ruminococcus_callidus	k__Bacteria;p__Bacteroidetes;c__Bacteroidia;o__Bacteroidales;f__Rikenellaceae;g__Alistipes;s__Alistipes_senegalensis	k__Bacteria;p__Firmicutes;c__Clostridia;o__Clostridiales;f__Lachnospiraceae;g__Blautia;s__Blautia_sp._KLE_1732	k__Bacteria;p__Bacteroidetes;c__Bacteroidia;o__Bacteroidales;f__Bacteroidaceae;g__Bacteroides;s__Bacteroides_oleiciplenus	k__Bacteria;p__Firmicutes;c__Clostridia;o__Clostridiales;f__Ruminococcaceae;g__Ruminococcus;s__Ruminococcus_bicirculans	k__Bacteria;p__Bacteroidetes;c__Bacteroidia;o__Bacteroidales;f__Bacteroidaceae;g__Bacteroides;s__Bacteroides_fluxus	k__Bacteria;p__Bacteroidetes;c__Bacteroidia;o__Bacteroidales;f__Prevotellaceae;g__Prevotella;s__Prevotella_stercorea	k__Bacteria;p__Firmicutes;c__Clostridia;o__Clostridiales;f__Lachnospiraceae;g__Dorea;s__Dorea_longicatena	k__Bacteria;p__Firmicutes;c__Clostridia;o__Clostridiales;f__Eubacteriaceae;g__Eubacterium;s__[Eubacterium]_eligens	k__Bacteria;p__Firmicutes;c__Clostridia;o__Clostridiales;f__Ruminococcaceae;g__;s__Ruminococcaceae_bacterium_D16	k__Bacteria;p__Firmicutes;c__Clostridia;o__Clostridiales;f__Lachnospiraceae;g__Coprococcus;s__Coprococcus_comes	k__Bacteria;p__Proteobacteria;c__Gammaproteobacteria;o__Enterobacterales;f__Enterobacteriaceae;g__Escherichia;s__Escherichia_coli	k__Bacteria;p__Firmicutes;c__Clostridia;o__Clostridiales;f__Ruminococcaceae;g__Anaerotruncus;s__Anaerotruncus_colihominis	k__Bacteria;p__Firmicutes;c__Clostridia;o__Clostridiales;f__Lachnospiraceae;g__Blautia;s__Blautia_obeum	k__Bacteria;p__Bacteroidetes;c__Bacteroidia;o__Bacteroidales;f__Odoribacteraceae;g__Odoribacter;s__Odoribacter_laneus	k__Bacteria;p__Firmicutes;c__Clostridia;o__Clostridiales;f__Ruminococcaceae;g__Ruminiclostridium;s__[Clostridium]_leptum	k__Bacteria;p__Bacteroidetes;c__Bacteroidia;o__Bacteroidales;f__Porphyromonadaceae;g__Parabacteroides;s__Parabacteroides_goldsteinii	k__Bacteria;p__Firmicutes;c__Clostridia;o__Clostridiales;f__Lachnospiraceae;g__Anaerostipes;s__Anaerostipes_hadrus	k__Bacteria;p__Firmicutes;c__Clostridia;o__Clostridiales;f__Ruminococcaceae;g__Ruminococcus;s__Ruminococcus_lactaris	k__Bacteria;p__Firmicutes;c__Clostridia;o__Clostridiales;f__Clostridiaceae;g__Clostridium;s__Clostridium_sp._L2-50	k__Bacteria;p__Firmicutes;c__Clostridia;o__Clostridiales;f__Clostridiaceae;g__Clostridium;s__Clostridium_sp._M62/1	k__Bacteria;p__Firmicutes;c__Clostridia;o__Clostridiales;f__;g__Intestinimonas;s__Intestinimonas_butyriciproducens	k__Bacteria;p__Actinobacteria;c__Actinobacteria;o__Bifidobacteriales;f__Bifidobacteriaceae;g__Bifidobacterium;s__Bifidobacterium_bifidum	k__Bacteria;p__Firmicutes;c__Negativicutes;o__Veillonellales;f__Veillonellaceae;g__Dialister;s__Dialister_invisus	k__Bacteria;p__Bacteroidetes;c__Bacteroidia;o__Bacteroidales;f__Bacteroidaceae;g__Bacteroides;s__Bacteroides_salanitronis
k__Bacteria;p__Bacteroidetes;c__Bacteroidia;o__Bacteroidales;f__Bacteroidaceae;g__Bacteroides;s__Bacteroides_vulgatus	1.0	0.0541968704979	0.0198218211572	-0.036841728377	0.0216627203824	-0.050821711568	-0.0409387573128	0.0161654961852	0.0161308873587	0.0380154143182	-0.00289978779518	-0.0720917189937	0.00781462202218	-0.0407159832656	0.0269144209101	0.0131193780311	0.00903017750071	0.0311900923915	-0.00792413749051	0.0318399323735	-0.0287194127221	-0.029888324233	0.0152230360829	0.00115000423912	0.0529209798123	0.0194767350384	0.0146692349731	-0.052859077221	-0.0740430583202	0.0218835646265	0.0625985151329	-0.0124695308193	-0.00515765636016	0.0236111714559	0.0181979417592	0.0218116055723	0.0470027200468	-0.017807041033	0.0197264693143	-0.0569425554799	-0.0439060423254	-0.02808621196	-0.0204383445646	-0.00745811348168	-0.0480882144614	-0.0819246067451	-0.048741788131	-0.0551502166774	-0.03472465559	-0.00959670416857	0.0158453283551	0.0208118210243	-0.0304954756112	-0.0011146325015	-0.00177970278294	-0.0693617183837	-0.00880194147203	-0.0472848696164	-0.0266994142197
k__Bacteria;p__Bacteroidetes;c__Bacteroidia;o__Bacteroidales;f__Bacteroidaceae;g__Bacteroides;s__Bacteroides_uniformis	0.0541968704979	1.0	0.00885936939306	0.0180407532922	0.0364179833792	0.0413466949775	-0.0365282070889	0.000754582973559	0.00711757362513	0.0394078887862	0.0310396020493	0.00658432346154	-0.00156383725078	-0.0199251638114	0.00590934672657	-0.0552279410737	0.0455837837822	-0.0123470506879	-0.0407629981247	-0.00710730783702	0.0321077137349	-0.0225957526572	0.0154261533985	-0.0515569205108	-0.0771338165936	-0.0420736188548	0.0755998925856	0.058147576644	-0.0174651621274	-0.0362049390044	0.0509454231215	-0.0342874325665	-0.0514130662299	-0.0182277513643	-0.0175492884821	-0.0206105328645	0.00638558088325	-0.0739730015692	-0.0338437664926	-0.0400759840906	-0.041945084578	-0.0224423407136	-0.00768144878631	0.0122834054416	-0.048689759901	0.0130972429547	-0.0405579680821	-0.0257828500903	-0.0417754875694	-0.0357286013798	-0.0318370140487	-0.00162267708248	-0.0728481795125	-0.017294220311	0.0321260825099	0.00865517592352	-0.0349221427318	0.00807340215868	-0.0136176272142
k__Bacteria;p__Bacteroidetes;c__Bacteroidia;o__Bacteroidales;f__Rikenellaceae;g__Alistipes;s__Alistipes_putredinis	0.0198218211572	0.00885936939306	1.0	0.0248028069677	-0.0106065647286	0.0143843796051	-0.0281221266075	-0.033189093153	0.0205562064698	0.00837781270647	0.0643585699448	0.0337215489639	0.0015843588233	0.00326410612285	-0.0626867727233	-0.0476854944789	-0.0114074756152	0.0547205104819	-0.0282739036851	-0.0473191765916	0.00299957934009	0.00867020566717	-0.00767188567218	-0.0126544952609	0.0012210387014	-0.0217647055935	-0.0340140981262	-0.0274901066734	-0.0282997520837	-0.0118682477354	-0.0719677533664	-0.0197165896703	-0.0302555388629	0.00483136038347	0.0125839520342	-0.00481017613596	0.0308296749417	-0.0121837692322	0.00391704161292	-0.00588507402683	0.0238870644669	0.00981555475959	0.0118888506229	-0.0269777770262	-0.0707660384832	-0.0618152306751	0.0696650747139	-0.0165097382063	0.0367734571291	0.00292971673174	0.0389352804774	0.00706564355343	-0.0180025543585	-0.0262634874417	-0.069343356782	0.0427496166105	0.0382093914785	0.0208638143167	-0.0578974831413
k__Bacteria;p__Bacteroidetes;c__Bacteroidia;o__Bacteroidales;f__Prevotellaceae;g__Prevotella;s__Prevotella_copri	-0.036841728377	0.0180407532922	0.0248028069677	1.0	-0.0114643200839	-0.0172094177653	-0.0383108149145	-0.0398600463966	-0.0339154039976	-0.0209676425952	-0.0365066709025	-0.0260418551092	0.029298277691	-0.00253235527831	-0.00287133765765	0.0277974168969	-0.00200341589417	-0.014641624936	0.0143010350045	-0.0769732595654	-0.0542549250393	-0.0195840130298	0.0229074298502	-0.00487419013004	-0.0277846334677	-0.030488697117	0.0379289234244	-0.0097126865714	-0.0487480378601	-0.0188046499749	-0.0334496822097	-0.0119404498615	-0.0137895523882	0.0245590826004	-0.03698041436	0.0062845562655	-0.0215693954736	-0.0217355648432	0.00794422902546	-0.0623785974688	-0.0521807293201	0.0291214375945	-0.026589261017	0.00975068221733	-0.0173044170064	0.0308247829665	0.0225965464198	0.00615226834751	-0.0460121550202	-0.012873506179	0.0761430135831	0.0445991563121	-0.0516844162194	-0.0167386627723	-0.0311787351547	-0.078550481546	0.0663876278471	0.0382100970862	0.00421448807896
k__Bacteria;p__Bacteroidetes;c__Bacteroidia;o__Bacteroidales;f__Bacteroidaceae;g__Bacteroides;s__Bacteroides_stercoris	0.0216627203824	0.0364179833792	-0.0106065647286	-0.0114643200839	1.0	0.000647447212389	0.0422516215391	-0.00312984891793	0.0700589929162	-0.0286284780123	-0.0239404602431	-0.0433173167543	0.00872645198601	-0.0549074130854	-0.0166666989281	-0.042226981796	-0.0139052655073	0.022861205038	-0.0529154912026	-0.00598737583417	0.00178015034294	0.0326620710786	-0.00720854712832	-0.0340705441152	-0.0444571761648	0.0467618663065	-0.0106288996311	-0.0256860943306	-0.0294918660017	-0.0481336042104	-0.0306350036719	-0.00473668280483	-0.0297035031887	-0.00158464557641	-0.00359443919459	0.00629149432192	9.17446210077e-05	0.00799724702619	0.00521740600559	-0.0402966319431	-0.0200260422768	-0.0299117149169	0.0425262405781	-0.0709714401427	-0.0744233406952	0.0467889445729	-0.00436850638609	0.0467154610615	0.0160595352337	-0.0283291891584	0.0209174389193	-0.0256941932644	-0.0107964086171	0.00990532971175	-0.0323017928341	0.000313643491425	-0.00514554835922	-0.0817964209387	-0.0879667229929
k__Bacteria;p__Bacteroidetes;c__Bacteroidia;o__Bacteroidales;f__Bacteroidaceae;g__Bacteroides;s__Bacteroides_ovatus	-0.050821711568	0.0413466949775	0.0143843796051	-0.0172094177653	0.000647447212389	1.0	-0.0526095340364	-0.000311932017934	-0.0423065514694	0.0363286856213	0.0494069413117	-0.076599114747	0.0292763865911	-0.00118778298444	-0.0619404929202	0.0289494421158	-0.0733675962585	0.0329891139545	-0.0406669451231	-0.0655079002301	-0.0163678871342	-0.00854605126109	0.0263032928176	0.0516405255716	-0.0111417576004	-0.0816326854957	-0.0351940293338	-0.0432972419753	-0.0187844132623	-0.0272510864128	-0.0399633886433	-0.00760343371789	-0.0265923695814	0.0197499006582	-0.0444213593019	0.0582356883009	-0.00601251861276	-0.0318951146286	0.0272742372016	-0.0353420576243	0.0339129201835	-0.0610047645587	0.105845233193	-0.0139194461456	-0.028577247754	-0.0149846587193	0.00705811067811	-0.0267854091127	-0.0584095265277	-0.0417473371721	0.0236580347231	0.000377464918258	-0.0310608993593	0.0540618917892	-0.0150450517786	-0.0308755731665	0.00587358899077	-0.0183732961789	0.0566017206678
k__Bacteria;p__Bacteroidetes;c__Bacteroidia;o__Bacteroidales;f__Rikenellaceae;g__Alistipes;s__Alistipes_shahii	-0.0409387573128	-0.0365282070889	-0.0281221266075	-0.0383108149145	0.0422516215391	-0.0526095340364	1.0	0.0423678785573	-0.0160087331653	-0.0245041125952	0.00135529820384	-0.070888860484	-0.0435250578739	-0.0567201146876	-0.052042919571	-0.00252141194429	0.0106469890336	0.0183483554473	-0.0365511486374	0.00417588837091	0.0322848108704	-0.00664310324165	-0.0224634624094	-0.0670034945041	-0.0201893423032	0.0256055005144	-0.0673981503317	-0.0233902153129	-0.00207865996378	-0.0253722438288	-0.000292850196439	0.0223840829557	0.051220255359	0.0452046108369	0.00947075660977	-0.0476964878884	-0.0203131558018	-0.0124258733215	-0.0360556146474	0.00851045048295	0.036929593346	0.00847729364273	-0.000505230581538	0.00501879148377	-0.0128116396549	-0.0247644112223	-0.00720846450754	-0.0235646473391	0.0472244419797	0.0163010481007	-0.0102024944916	-0.0470003320965	-0.0047458521556	-0.0155180937586	-0.030085978796	-0.0195120058893	-0.050666738953	-0.0538901103844	-0.00752490618706
k__Bacteria;p__Firmicutes;c__Clostridia;o__Clostridiales;f__Ruminococcaceae;g__Faecalibacterium;s__Faecalibacterium_prausnitzii	0.0161654961852	0.000754582973559	-0.033189093153	-0.0398600463966	-0.00312984891793	-0.000311932017934	0.0423678785573	1.0	-0.0318171638552	0.0136087598854	-0.0136347931733	0.0384027578999	-0.00308374649788	-0.0524377757881	-0.02624136343	-0.0289969153063	-0.00898315236794	0.0727714433323	0.0525571491093	-0.0309045360496	0.00797923190722	-0.0226168284249	-0.0498580329644	-0.0111498165587	0.0083750560326	0.00211533321083	-0.0378035078127	-0.00189715290473	-0.023869320089	-0.0940796040907	0.00544323215547	0.0139186503994	-0.0110941030673	0.0216215279209	-0.0031310344838	0.0315334984249	0.0275477041529	-0.020116259034	-0.000769104892531	-0.0175191559298	-0.000564141865982	-0.0119895289675	-0.027272987683	-0.0119087871843	-0.0099684123526	0.0260541352214	-0.0232827992226	-0.0336812849385	0.0208089756323	0.0215145500112	-0.0343652359777	-0.0170516348919	0.0324609480622	-0.056628021749	-0.0270675375415	-0.010939195479	-0.0302603277886	0.0340176899269	0.0154105773965
k__Bacteria;p__Bacteroidetes;c__Bacteroidia;o__Bacteroidales;f__Rikenellaceae;g__Alistipes;s__Alistipes_finegoldii	0.0161308873587	0.00711757362513	0.0205562064698	-0.0339154039976	0.0700589929162	-0.0423065514694	-0.0160087331653	-0.0318171638552	1.0	-0.0399491836069	0.00754856459182	0.0620425953313	-0.0411869913218	-0.0595689910861	0.0433283345758	0.0122397788148	0.0445951574514	0.0148485632758	0.00579696649687	0.0548162794977	0.000475902635351	0.0769049313628	-0.0027500314628	0.0334627192547	-0.0278081407591	-0.0441091166988	-0.00921154039672	0.0444645964628	-0.0830078437671	0.0455538042796	-0.0604234207831	0.0355449232518	0.0181034391864	-0.0161272338948	0.0275243877916	0.0027233911323	-0.0307087108082	-0.00527199927494	0.00661967853188	-0.0228572066419	-0.0197394589352	-0.0116675014197	-0.00577745189061	-0.0425026072679	-0.0280444869609	-0.0518200717175	-0.0354174425774	0.0440832817971	0.0252023437476	0.00799660213934	0.0458337880331	0.0119690026148	-0.0478972326971	-0.0440232853873	0.0163013837704	-0.00307594189323	0.00758613842587	-0.00228011631266	0.0240322145673
k__Bacteria;p__Bacteroidetes;c__Bacteroidia;o__Bacteroidales;f__Porphyromonadaceae;g__Parabacteroides;s__Parabacteroides_distasonis	0.0380154143182	0.0394078887862	0.00837781270647	-0.0209676425952	-0.0286284780123	0.0363286856213	-0.0245041125952	0.0136087598854	-0.0399491836069	1.0	0.0232336363918	-0.01647803294	-0.0157808391814	0.0377097648924	0.0215951066236	0.0752647556788	0.0111374324853	-0.024927874277	-0.0443521608978	-0.0602935538938	-0.00613148065065	-0.0745983001277	-0.0176279153	-0.0160481776173	-0.0340084279285	-0.0581988911724	-0.00242390976233	-0.0395967833052	-0.00476739929519	0.0130632267581	-0.00864239555893	-0.108816495532	-0.0289077685123	0.0221816541612	0.000704640105372	-0.0315610212772	-0.0083637735297	-0.00640698824602	0.0516228543925	-0.0247021172405	-0.0528291715302	0.0310581990679	-0.0285436000774	-0.0138548215201	0.0197365519622	0.00210374057301	-0.00814635298008	-0.0732724760915	-0.00328818947398	-0.0115162162337	-0.0128216696598	0.0633438275412	-0.0095869908757	-0.0714586774171	-0.0384967959132	-0.0154904362075	0.0342099865687	9.35724322306e-05	-0.0630476419334
k__Bacteria;p__Bacteroidetes;c__Bacteroidia;o__Bacteroidales;f__Bacteroidaceae;g__Bacteroides;s__Bacteroides_thetaiotaomicron	-0.00289978779518	0.0310396020493	0.0643585699448	-0.0365066709025	-0.0239404602431	0.0494069413117	0.00135529820384	-0.0136347931733	0.00754856459182	0.0232336363918	1.0	0.00745590890742	-0.0789648985624	-0.0306056039337	-0.0145185891194	-0.0432188475546	-0.0370660687955	-0.0848636369887	0.021418738148	-0.0184145932461	-0.0156851804515	0.000667362854896	-0.00833832106708	-0.0411835576683	-0.0825040412995	0.0211843298071	-0.0156589904651	-0.0403957295436	-0.0455858996525	0.0243897527117	0.0235768103549	-0.018243774756	-0.0663486490008	0.0434732797894	0.0118180491745	0.00943070723131	-0.0281952117356	-0.0382592685733	-0.0589069977772	-0.01897766522	-0.0121257370421	0.0177638676598	0.0125045292861	0.043026226153	-0.0101252592071	-0.0319075771134	0.012378649348	0.0171331466985	-0.0411382747296	0.038139243236	0.0340793049356	-0.0772044652045	-0.042656837439	-0.00713233273654	-0.00450778284613	0.020004993843	0.00467722334836	0.0372892765619	-0.00768299026968
k__Bacteria;p__Bacteroidetes;c__Bacteroidia;o__Bacteroidales;f__Bacteroidaceae;g__Bacteroides;s__Bacteroides_coprocola	-0.0720917189937	0.00658432346154	0.0337215489639	-0.0260418551092	-0.0433173167543	-0.076599114747	-0.070888860484	0.0384027578999	0.0620425953313	-0.01647803294	0.00745590890742	1.0	-0.0117471805734	-0.0075757439525	-0.0407996128163	0.0216514155627	0.00425025844811	-0.0362007497692	-0.0566274837461	0.0257145800661	-0.0421460301595	-0.0237142514071	0.00243896825606	0.0201939826619	0.00540107188374	0.00601518400817	-0.0231079232907	-0.0241099826136	-0.0164724777322	0.0146807632163	-0.036762429352	0.0306100813377	0.0102464595407	-0.00463449243477	0.111653533945	-0.00730866192126	-0.0332964286911	-0.00217519889772	-0.00261842472306	-0.0150722979749	0.00529733998513	-0.0344011356588	0.0266204267789	0.0273414684098	-0.0678330425021	-0.0222269464396	-0.0583951565035	-0.0214676412125	-0.0483042724239	0.0440880407056	0.000756610731829	0.00389770246127	-0.124689301489	-0.0809733387325	0.0496832002151	0.0156263789667	-0.0891804110567	0.0388317823418	-0.00211443741268
k__Bacteria;p__Bacteroidetes;c__Bacteroidia;o__Bacteroidales;f__Bacteroidaceae;g__Bacteroides;s__Bacteroides_cellulosilyticus	0.00781462202218	-0.00156383725078	0.0015843588233	0.029298277691	0.00872645198601	0.0292763865911	-0.0435250578739	-0.00308374649788	-0.0411869913218	-0.0157808391814	-0.0789648985624	-0.0117471805734	1.0	-0.0879590664698	0.00760256805524	0.0402817170786	0.0125506306654	0.0951811235919	-0.0245777032064	0.00534720439604	-0.0547334242756	0.0401830855428	-0.0579346334387	0.0471368163663	0.0146076439001	0.078382374996	0.0168513343926	0.00960307540678	-0.0132817793621	-0.00634768264244	-0.00189258471322	-0.0433437772149	-0.106211666893	0.0394782180778	0.0802277975058	0.0400571864729	-0.0187579290023	0.0167501403898	-0.000896501647513	0.00129067709253	0.0231392825401	0.0540970348229	-0.0119643217697	-0.0190529550232	-0.0347717167982	0.00911148588796	-0.0131380151585	0.0565874828715	-0.0752590609679	0.0385207241336	0.00829102682447	-0.0301866316476	0.000854462320509	-0.0317232211069	-0.0846717716887	-0.014360641441	0.00615734589092	0.0554395974996	0.00739607015263
k__Bacteria;p__Bacteroidetes;c__Bacteroidia;o__Bacteroidales;f__Rikenellaceae;g__Alistipes;s__Alistipes_obesi	-0.0407159832656	-0.0199251638114	0.00326410612285	-0.00253235527831	-0.0549074130854	-0.00118778298444	-0.0567201146876	-0.0524377757881	-0.0595689910861	0.0377097648924	-0.0306056039337	-0.0075757439525	-0.0879590664698	1.0	0.0695791943249	0.0179061936826	0.0806066925112	-0.0643511475547	0.0327463382512	-0.00753160173927	-0.0311346828626	-0.0481533099362	-0.00890996596852	-0.0252514683951	0.0345526264758	-0.0147727187149	-0.0373701596927	0.00113846876182	0.0302769126845	0.00786537464649	-0.0232754475525	0.0352756050045	-0.0126520425982	0.025672610974	0.042277665795	-0.0645021093648	-0.0500619757504	-0.0434149075677	-0.0109136939001	0.0288926063938	0.0584723336226	-0.0596956106033	0.0011925000336	0.012268339145	-0.0201923932446	-0.0394873446722	-0.0112841654499	-0.0410820620123	0.00237493022986	0.0198680277897	-0.00143417821372	-0.000544953753566	-0.0997176673669	0.0302532868594	0.00791937728767	-0.055339413411	-0.0420141903143	0.0212402957687	-0.0626448339412
k__Bacteria;p__Firmicutes;c__Clostridia;o__Clostridiales;f__Lachnospiraceae;g__;s__[Eubacterium]_rectale	0.0269144209101	0.00590934672657	-0.0626867727233	-0.00287133765765	-0.0166666989281	-0.0619404929202	-0.052042919571	-0.02624136343	0.0433283345758	0.0215951066236	-0.0145185891194	-0.0407996128163	0.00760256805524	0.0695791943249	1.0	-0.00069802725179	-0.0547314708629	-0.0353633556204	-0.00355946549016	-0.0301573880157	-0.0122993242921	-0.0464658246122	-0.0712805974918	-0.016533859419	-0.0177856388413	-0.0175543699425	0.000285335103928	-0.0227638328723	-0.0692930344588	0.020055673934	-0.0404269352602	0.0233322837926	0.0265351350952	0.0303633053082	-0.0186071655061	-0.0175084442936	-0.0488496191829	-0.00878278535412	0.000263775241061	0.0763936442506	-0.01264899011	-0.0634257764268	0.0182570041138	-0.0297775195722	-0.0120381515231	0.00104093635277	-0.0593876868553	-0.0353352205783	0.0317053096258	0.0371008583771	0.0224465587343	0.029787466612	0.0395169311566	-0.0252926139523	-0.00221957800012	0.059865143108	-0.00599921180268	-0.0344558482973	-0.00870505132662
k__Bacteria;p__Bacteroidetes;c__Bacteroidia;o__Bacteroidales;f__Bacteroidaceae;g__Bacteroides;s__Bacteroides_plebeius	0.0131193780311	-0.0552279410737	-0.0476854944789	0.0277974168969	-0.042226981796	0.0289494421158	-0.00252141194429	-0.0289969153063	0.0122397788148	0.0752647556788	-0.0432188475546	0.0216514155627	0.0402817170786	0.0179061936826	-0.00069802725179	1.0	-0.0197380308104	-0.0308359153382	0.0200295996217	0.049982618236	0.0211745112066	0.00682809533405	-0.0390449980757	0.00265272518139	-0.0423588377311	-0.0145948922826	-0.0409351221823	-0.033647644271	-0.0180849721526	-0.0092725487686	-0.00246146118967	0.00975892019268	-0.00107412308205	-0.00460264532659	-0.0120978084659	-0.0151127267923	-0.0356886548457	-0.0369939701258	0.0132061609859	-0.0192857035369	-0.0378521650316	-0.0257521614916	0.0352425797225	-0.0781936456187	0.0348366008681	0.0384496550442	0.00129951250817	0.0360430411809	-0.0533739839081	-0.00846586044773	0.019359795759	-0.00638115009992	-0.0857645156264	0.02315514742	-0.0499003217067	-0.0546127390544	-0.00121868602467	-0.0213081265759	-0.0458465741976
k__Bacteria;p__Bacteroidetes;c__Bacteroidia;o__Bacteroidales;f__Bacteroidaceae;g__Bacteroides;s__Bacteroides_fragilis	0.00903017750071	0.0455837837822	-0.0114074756152	-0.00200341589417	-0.0139052655073	-0.0733675962585	0.0106469890336	-0.00898315236794	0.0445951574514	0.0111374324853	-0.0370660687955	0.00425025844811	0.0125506306654	0.0806066925112	-0.0547314708629	-0.0197380308104	1.0	-0.0317252173207	-0.0624936127599	0.0175968573912	0.0591743692745	0.0183484231769	0.0430328712952	-0.0665796738161	-0.0101396067199	-0.0269484278848	0.0453711750818	0.0190016522789	-0.0271630249915	-0.0374816036232	0.0203169808667	0.0337758503243	-0.0113664682074	-0.0759578631869	-0.0204709616915	-0.0396420414574	0.0208606051524	0.055813328284	-0.000732503926682	0.0573765612214	-0.00348979062159	-0.0112029414149	0.0107204641727	0.0230386979351	0.0365211122627	-0.0673425539377	-0.0461493158121	-0.0140141285442	-0.0501683414268	-0.0170243409159	-0.00943313097952	0.0128128948961	-0.0314686800728	0.0182453480847	-0.00567296867604	-0.0275681629988	0.0205938200416	0.0162849768732	-0.02427797951
k__Bacteria;p__Proteobacteria;c__Betaproteobacteria;o__Burkholderiales;f__Sutterellaceae;g__Sutterella;s__Sutterella_wadsworthensis	0.0311900923915	-0.0123470506879	0.0547205104819	-0.014641624936	0.022861205038	0.0329891139545	0.0183483554473	0.0727714433323	0.0148485632758	-0.024927874277	-0.0848636369887	-0.0362007497692	0.0951811235919	-0.0643511475547	-0.0353633556204	-0.0308359153382	-0.0317252173207	1.0	-0.00622338708402	-0.0029702841578	-0.0176737047357	-4.17042130445e-05	-0.0644103082506	-0.0131553761119	0.0323386356723	-0.00417851507881	0.0231620025465	-0.02169650972	-0.0223071253185	-0.0440689518775	-0.0396647064248	-0.0163385093101	-0.0111209118579	-0.0648496288237	-0.0290729109902	0.00722882493478	-0.0810925862565	0.0833698447296	-0.0257107018987	-0.0113792658131	-0.00769117558698	0.011584897649	0.043922015757	0.00671470402923	0.0178321022076	-0.0455764447219	0.0147615475835	-0.0428622838506	-0.00852292156818	-0.0524483305065	-0.00693130089574	-0.0673393992225	-0.0360799259521	0.0132291859099	-0.0246842594593	-0.0285196976388	-0.00345316805568	0.0132397445339	-0.00434513795589
k__Bacteria;p__Bacteroidetes;c__Bacteroidia;o__Bacteroidales;f__Porphyromonadaceae;g__Barnesiella;s__Barnesiella_intestinihominis	-0.00792413749051	-0.0407629981247	-0.0282739036851	0.0143010350045	-0.0529154912026	-0.0406669451231	-0.0365511486374	0.0525571491093	0.00579696649687	-0.0443521608978	0.021418738148	-0.0566274837461	-0.0245777032064	0.0327463382512	-0.00355946549016	0.0200295996217	-0.0624936127599	-0.00622338708402	1.0	-0.0366763414294	0.00227952925173	-0.00272641883855	0.00106423107737	-0.04929982256	0.00244800927145	0.00222126543185	-0.0337709959366	0.0125067621078	-0.00217884668999	-0.0347161482133	-0.0470044324311	-0.0133591653927	0.0150581022886	-0.049579242685	-0.00233813386664	-0.0420923344706	0.03338615331	-0.0387754069715	0.0352659109417	0.00969086889237	-0.00682481300109	-0.0570753615528	0.0414413103788	-0.0620723768388	-0.0235500481673	0.0131760635783	0.0377497313851	0.00270848691592	-0.0250843166908	0.0133540325872	0.0174207249065	-0.0568871651115	-0.0885562505223	0.0512279039824	0.0184051343789	0.00995581419597	-0.0237524589032	0.00707918193464	0.0218300189136
k__Bacteria;p__Bacteroidetes;c__Bacteroidia;o__Bacteroidales;f__Odoribacteraceae;g__Odoribacter;s__Odoribacter_splanchnicus	0.0318399323735	-0.00710730783702	-0.0473191765916	-0.0769732595654	-0.00598737583417	-0.0655079002301	0.00417588837091	-0.0309045360496	0.0548162794977	-0.0602935538938	-0.0184145932461	0.0257145800661	0.00534720439604	-0.00753160173927	-0.0301573880157	0.049982618236	0.0175968573912	-0.0029702841578	-0.0366763414294	1.0	0.0222846750463	0.0183765238626	-0.0356105771404	0.0747436256612	-0.0420976098494	-0.0505253633293	-0.0907378316633	0.0126757695326	-0.0575322938674	-0.0278557683881	0.0455448285608	0.0529305271652	0.0045827425094	-0.0548167987916	-0.042207355348	0.00518099611047	-0.023150001863	-0.0289520791365	0.00926008343259	0.0651535524795	0.0148916753282	0.027555396165	-0.0593811529121	-0.0121560065949	0.00917043559861	0.0081455809492	-0.0185967320178	-0.00720567204322	-0.0248039176572	-0.0473562553447	-0.000422289561404	0.0181703251617	-0.0203605610443	0.0270907047689	-0.104096275711	-0.0380113599954	-0.021695890293	0.0264093090802	-1.95974341851e-05
k__Bacteria;p__Bacteroidetes;c__Bacteroidia;o__Bacteroidales;f__Bacteroidaceae;g__Bacteroides;s__Bacteroides_salyersiae	-0.0287194127221	0.0321077137349	0.00299957934009	-0.0542549250393	0.00178015034294	-0.0163678871342	0.0322848108704	0.00797923190722	0.000475902635351	-0.00613148065065	-0.0156851804515	-0.0421460301595	-0.0547334242756	-0.0311346828626	-0.0122993242921	0.0211745112066	0.0591743692745	-0.0176737047357	0.00227952925173	0.0222846750463	1.0	0.0208325938867	-0.0147055240007	-0.00497363914329	-0.0153907660022	0.00298456907813	-0.054944221347	-0.0170038243989	0.0306914657804	-0.0947728615654	-0.0668291881544	0.0210935276691	0.0487153853358	0.0112575521942	0.0418777555258	-0.011008874836	0.00815456524423	0.00693281409582	0.010916659846	-0.0513971775174	-0.0222005173209	-0.0448986182568	0.0206619121494	-0.0684316842799	0.00677930084872	0.00817687738503	0.027784465781	0.00554249309507	-0.0408507034019	-0.0178783874782	0.0105394602346	0.010534553347	-0.0146295309719	0.0391832132209	-0.0431435917409	0.00782568255597	-0.0132718875329	-0.090138697411	-0.0246698768289
k__Bacteria;p__Firmicutes;c__Clostridia;o__Clostridiales;f__Ruminococcaceae;g__Ruminiclostridium;s__[Eubacterium]_siraeum	-0.029888324233	-0.0225957526572	0.00867020566717	-0.0195840130298	0.0326620710786	-0.00854605126109	-0.00664310324165	-0.0226168284249	0.0769049313628	-0.0745983001277	0.000667362854896	-0.0237142514071	0.0401830855428	-0.0481533099362	-0.0464658246122	0.00682809533405	0.0183484231769	-4.17042130445e-05	-0.00272641883855	0.0183765238626	0.0208325938867	1.0	0.0118956356459	-0.02772967119	0.0381710609033	0.00988086125104	-0.00686665763072	0.00336144229974	-0.0410637622829	-0.0299519822504	0.0113553135776	0.0428217181169	-0.0335538132584	-0.0457376019258	0.0729328575335	0.0562266153974	-0.0037102602317	-0.0588700788146	-0.0174410216492	-0.0128631263934	-0.056667004671	-0.0773985424512	-0.0126935770797	0.0190949386972	-0.0183782112526	0.0236660553323	-0.0466465655855	-0.0481082017293	-0.0662644525513	-0.00370463392069	0.0859949064851	0.0345701023041	-0.0137140549023	-0.0298970525049	0.0368808904526	-0.0260643360152	0.0148628428223	-0.0408753383439	-0.0340383918328
k__Bacteria;p__Proteobacteria;c__Betaproteobacteria;o__Burkholderiales;f__Sutterellaceae;g__Parasutterella;s__Parasutterella_excrementihominis	0.0152230360829	0.0154261533985	-0.00767188567218	0.0229074298502	-0.00720854712832	0.0263032928176	-0.0224634624094	-0.0498580329644	-0.0027500314628	-0.0176279153	-0.00833832106708	0.00243896825606	-0.0579346334387	-0.00890996596852	-0.0712805974918	-0.0390449980757	0.0430328712952	-0.0644103082506	0.00106423107737	-0.0356105771404	-0.0147055240007	0.0118956356459	1.0	-0.017175960213	0.0357343397475	0.0291949032505	0.0404696674115	0.0487645944607	-0.0489508325967	-0.022215394753	-0.0322014151962	-0.0354153602888	-0.0114159860619	-0.01913659807	-0.022021072785	0.0442992824069	0.00199645301328	-0.0332098502546	-0.0215869379473	0.00018105773516	0.0443766173123	-0.0524155992925	-0.00694924664025	0.047402656833	0.0242335007396	0.00196493000396	0.0123867367172	-0.0789295832586	-0.0168748240318	0.00339634017945	-0.0202816233376	0.0122204151163	-0.00401780094724	-0.0168514379213	-0.0457645782186	-0.0209765015008	-0.0171134233438	-0.0106574714741	0.0208269503366
k__Bacteria;p__Actinobacteria;c__Actinobacteria;o__Bifidobacteriales;f__Bifidobacteriaceae;g__Bifidobacterium;s__Bifidobacterium_adolescentis	0.00115000423912	-0.0515569205108	-0.0126544952609	-0.00487419013004	-0.0340705441152	0.0516405255716	-0.0670034945041	-0.0111498165587	0.0334627192547	-0.0160481776173	-0.0411835576683	0.0201939826619	0.0471368163663	-0.0252514683951	-0.016533859419	0.00265272518139	-0.0665796738161	-0.0131553761119	-0.04929982256	0.0747436256612	-0.00497363914329	-0.02772967119	-0.017175960213	1.0	-0.0449266433015	0.00283021056777	0.0827951269333	-0.00942108734939	0.0663354228188	-0.0235904416825	-0.00668144199106	0.0838647945384	-0.0440913034285	0.0192943170026	-0.00278466979931	-0.0331749781704	-0.00255694536521	0.0208390910935	0.0136237547193	-0.0949001598753	0.0412457164522	-0.0434966656488	0.0288749273308	-0.0546925411658	0.0370434323674	-0.041071082385	0.0117254357376	-0.00867463190385	-0.00808679572363	-0.0348540779474	-0.0892425769484	-0.0223028266128	-0.00120085881104	0.0258501780677	-0.00479044831454	-0.00561574650886	0.0109087643035	0.00244324718919	0.0495279415174
k__Bacteria;p__Firmicutes;c__Clostridia;o__Clostridiales;f__Oscillospiraceae;g__Oscillibacter;s__Oscillibacter_sp._KLE_1745	0.0529209798123	-0.0771338165936	0.0012210387014	-0.0277846334677	-0.0444571761648	-0.0111417576004	-0.0201893423032	0.0083750560326	-0.0278081407591	-0.0340084279285	-0.0825040412995	0.00540107188374	0.0146076439001	0.0345526264758	-0.0177856388413	-0.0423588377311	-0.0101396067199	0.0323386356723	0.00244800927145	-0.0420976098494	-0.0153907660022	0.0381710609033	0.0357343397475	-0.0449266433015	1.0	-0.0229439914424	0.00898982454889	-0.0170622752107	0.0503240299985	-0.00705684601944	-0.0675497149823	-0.0135230592053	0.0246033615603	-0.0370947288062	-0.0147676132268	-0.0540234870816	0.039174030628	-0.0469047377374	-0.0018098764139	0.0411572503211	-0.0544580261572	0.0551696242701	-0.0119511536301	-0.0316778028006	0.0283917252948	-0.0406831888842	0.0222517082029	-0.0518103952419	-0.0371393211356	-0.012213372365	-0.0161950964173	-0.00888323486507	0.0300141453287	-0.023010738685	-0.0500068759861	0.0116841170799	-0.0549594521236	-0.01133634985	-0.0246215164038
k__Bacteria;p__Bacteroidetes;c__Bacteroidia;o__Bacteroidales;f__Bacteroidaceae;g__Bacteroides;s__Bacteroides_coprophilus	0.0194767350384	-0.0420736188548	-0.0217647055935	-0.030488697117	0.0467618663065	-0.0816326854957	0.0256055005144	0.00211533321083	-0.0441091166988	-0.0581988911724	0.0211843298071	0.00601518400817	0.078382374996	-0.0147727187149	-0.0175543699425	-0.0145948922826	-0.0269484278848	-0.00417851507881	0.00222126543185	-0.0505253633293	0.00298456907813	0.00988086125104	0.0291949032505	0.00283021056777	-0.0229439914424	1.0	-0.0423803933773	-0.0411075699692	0.0448960412278	-0.0865510088975	-0.0761109001686	-0.0186079847516	0.0227019477333	0.0278848479734	-0.0424093036805	-0.00410858556323	0.0755757581149	0.0153041429758	0.0287136950136	-0.0194480365953	0.0769269444308	-0.0441509107885	-0.0554089813195	-0.0223424616266	-0.0179979016432	0.037276791897	-0.00230351296521	0.00152116166058	0.00103420220472	-0.0689687929486	-0.00360655980445	0.00857926348399	0.0465932712387	0.019169580037	-0.093760669637	0.0802449081015	-0.0239164069153	0.0342666782815	-0.0191244972337
k__Bacteria;p__Firmicutes;c__Clostridia;o__Clostridiales;f__Lachnospiraceae;g__Roseburia;s__Roseburia_intestinalis	0.0146692349731	0.0755998925856	-0.0340140981262	0.0379289234244	-0.0106288996311	-0.0351940293338	-0.0673981503317	-0.0378035078127	-0.00921154039672	-0.00242390976233	-0.0156589904651	-0.0231079232907	0.0168513343926	-0.0373701596927	0.000285335103928	-0.0409351221823	0.0453711750818	0.0231620025465	-0.0337709959366	-0.0907378316633	-0.054944221347	-0.00686665763072	0.0404696674115	0.0827951269333	0.00898982454889	-0.0423803933773	1.0	-0.00949023660183	-0.0120203347458	-0.0158464113378	0.0205016256071	-0.0122231763437	-0.0176841455125	-0.0398081074358	-0.0118085970832	0.0204359636771	-0.00905520271539	0.0406813700356	0.0106875743155	-0.0708026760346	-0.0396210502192	0.0383447681263	0.00234549760805	-0.0222612691051	0.0075479677661	0.00291208928271	-4.14877338139e-05	-0.0112132306265	-0.000566239212242	-0.0425122855387	-0.0266789462152	-0.0299678689555	0.0139617347855	-0.040835973659	0.0387621122598	-0.01313747384	0.00907366203914	-0.0037153054469	0.0338216287461
k__Bacteria;p__Firmicutes;c__Clostridia;o__Clostridiales;f__Lachnospiraceae;g__Roseburia;s__Roseburia_hominis	-0.052859077221	0.058147576644	-0.0274901066734	-0.0097126865714	-0.0256860943306	-0.0432972419753	-0.0233902153129	-0.00189715290473	0.0444645964628	-0.0395967833052	-0.0403957295436	-0.0241099826136	0.00960307540678	0.00113846876182	-0.0227638328723	-0.033647644271	0.0190016522789	-0.02169650972	0.0125067621078	0.0126757695326	-0.0170038243989	0.00336144229974	0.0487645944607	-0.00942108734939	-0.0170622752107	-0.0411075699692	-0.00949023660183	1.0	-0.0119807179874	0.00734154250515	-0.0387166934989	-0.0148626638094	-0.0487553618002	-0.0504286065086	-0.118700649203	-0.0438456666476	-0.0533382285872	0.0230393735414	-0.0222026334086	-0.0369114822004	-0.0275952660252	-0.0640108900891	0.0289153044368	-0.00616034601722	0.0408721157337	-0.0487184214157	-0.0753701577444	-0.00925214404207	0.00610924613493	-0.0127807579849	-0.00830558018522	0.0284943247259	0.0315585424695	-0.00678184728341	0.0114538726515	0.011832311144	-0.0279605624442	-0.0464851748021	-0.0593341662298
k__Bacteria;p__Bacteroidetes;c__Bacteroidia;o__Bacteroidales;f__Porphyromonadaceae;g__Parabacteroides;s__Parabacteroides_johnsonii	-0.0740430583202	-0.0174651621274	-0.0282997520837	-0.0487480378601	-0.0294918660017	-0.0187844132623	-0.00207865996378	-0.023869320089	-0.0830078437671	-0.00476739929519	-0.0455858996525	-0.0164724777322	-0.0132817793621	0.0302769126845	-0.0692930344588	-0.0180849721526	-0.0271630249915	-0.0223071253185	-0.00217884668999	-0.0575322938674	0.0306914657804	-0.0410637622829	-0.0489508325967	0.0663354228188	0.0503240299985	0.0448960412278	-0.0120203347458	-0.0119807179874	1.0	-0.00103445525876	-0.00479226990834	0.0234899842453	0.0483355425995	-0.0117038889497	-0.0478036077146	-0.082365653401	0.0350227274301	0.0169585026901	0.00656077373439	-0.0328261013476	0.0158728862992	-0.0227050547326	0.0352383342002	0.0223863899343	-0.0052827096111	0.0214294762099	-0.0429972090255	-0.0243563762549	-0.0153459928969	0.0391409862897	0.0151917530041	-0.0177542785236	0.0104209554821	-0.015814873279	0.023997685205	-0.0532960542845	0.0731964766943	-0.00931342374389	0.052716864996
k__Bacteria;p__Actinobacteria;c__Actinobacteria;o__Bifidobacteriales;f__Bifidobacteriaceae;g__Bifidobacterium;s__Bifidobacterium_longum	0.0218835646265	-0.0362049390044	-0.0118682477354	-0.0188046499749	-0.0481336042104	-0.0272510864128	-0.0253722438288	-0.0940796040907	0.0455538042796	0.0130632267581	0.0243897527117	0.0146807632163	-0.00634768264244	0.00786537464649	0.020055673934	-0.0092725487686	-0.0374816036232	-0.0440689518775	-0.0347161482133	-0.0278557683881	-0.0947728615654	-0.0299519822504	-0.022215394753	-0.0235904416825	-0.00705684601944	-0.0865510088975	-0.0158464113378	0.00734154250515	-0.00103445525876	1.0	0.0174386726365	0.0109484358815	-0.0251333238032	0.0655753767009	-0.0163612681458	-0.0179454096152	0.0327795584184	0.0172923280705	-0.0277671667631	-0.00930335701949	-0.0369012200338	-0.0272391234292	0.0286877277202	-0.0298726666431	0.0294461341495	-0.0622996905926	0.018350994501	0.00714238091704	-0.0286004498786	0.0145697962318	-0.0791545304531	-0.0258603258322	-0.0511922118519	0.0408870581636	-0.00216029032778	-0.00122083513322	-0.00578762352567	0.031123335966	-0.0658600646466
