#taxonomy	k__Bacteria;p__Bacteroidetes;c__Bacteroidia;o__Bacteroidales;f__Bacteroidaceae;g__Bacteroides;s__Bacteroides_vulgatus	k__Bacteria;p__Bacteroidetes;c__Bacteroidia;o__Bacteroidales;f__Bacteroidaceae;g__Bacteroides;s__Bacteroides_uniformis	k__Bacteria;p__Bacteroidetes;c__Bacteroidia;o__Bacteroidales;f__Rikenellaceae;g__Alistipes;s__Alistipes_putredinis	k__Bacteria;p__Bacteroidetes;c__Bacteroidia;o__Bacteroidales;f__Prevotellaceae;g__Prevotella;s__Prevotella_copri	k__Bacteria;p__Bacteroidetes;c__Bacteroidia;o__Bacteroidales;f__Bacteroidaceae;g__Bacteroides;s__Bacteroides_stercoris	k__Bacteria;p__Bacteroidetes;c__Bacteroidia;o__Bacteroidales;f__Bacteroidaceae;g__Bacteroides;s__Bacteroides_ovatus	k__Bacteria;p__Bacteroidetes;c__Bacteroidia;o__Bacteroidales;f__Rikenellaceae;g__Alistipes;s__Alistipes_shahii	k__Bacteria;p__Firmicutes;c__Clostridia;o__Clostridiales;f__Ruminococcaceae;g__Faecalibacterium;s__Faecalibacterium_prausnitzii	k__Bacteria;p__Bacteroidetes;c__Bacteroidia;o__Bacteroidales;f__Rikenellaceae;g__Alistipes;s__Alistipes_finegoldii	k__Bacteria;p__Bacteroidetes;c__Bacteroidia;o__Bacteroidales;f__Porphyromonadaceae;g__Parabacteroides;s__Parabacteroides_distasonis	k__Bacteria;p__Bacteroidetes;c__Bacteroidia;o__Bacteroidales;f__Bacteroidaceae;g__Bacteroides;s__Bacteroides_thetaiotaomicron	k__Bacteria;p__Bacteroidetes;c__Bacteroidia;o__Bacteroidales;f__Bacteroidaceae;g__Bacteroides;s__Bacteroides_coprocola	k__Bacteria;p__Bacteroidetes;c__Bacteroidia;o__Bacteroidales;f__Bacteroidaceae;g__Bacteroides;s__Bacteroides_cellulosilyticus	k__Bacteria;p__Bacteroidetes;c__Bacteroidia;o__Bacteroidales;f__Rikenellaceae;g__Alistipes;s__Alistipes_obesi	k__Bacteria;p__Firmicutes;c__Clostridia;o__Clostridiales;f__Lachnospiraceae;g__;s__[Eubacterium]_rectale	k__Bacteria;p__Bacteroidetes;c__Bacteroidia;o__Bacteroidales;f__Bacteroidaceae;g__Bacteroides;s__Bacteroides_plebeius	k__Bacteria;p__Bacteroidetes;c__Bacteroidia;o__Bacteroidales;f__Bacteroidaceae;g__Bacteroides;s__Bacteroides_fragilis	k__Bacteria;p__Proteobacteria;c__Betaproteobacteria;o__Burkholderiales;f__Sutterellaceae;g__Sutterella;s__Sutterella_wadsworthensis	k__Bacteria;p__Bacteroidetes;c__Bacteroidia;o__Bacteroidales;f__Porphyromonadaceae;g__Barnesiella;s__Barnesiella_intestinihominis	k__Bacteria;p__Bacteroidetes;c__Bacteroidia;o__Bacteroidales;f__Odoribacteraceae;g__Odoribacter;s__Odoribacter_splanchnicus	k__Bacteria;p__Bacteroidetes;c__Bacteroidia;o__Bacteroidales;f__Bacteroidaceae;g__Bacteroides;s__Bacteroides_salyersiae	k__Bacteria;p__Firmicutes;c__Clostridia;o__Clostridiales;f__Ruminococcaceae;g__Ruminiclostridium;s__[Eubacterium]_siraeum	k__Bacteria;p__Proteobacteria;c__Betaproteobacteria;o__Burkholderiales;f__Sutterellaceae;g__Parasutterella;s__Parasutterella_excrementihominis	k__Bacteria;p__Actinobacteria;c__Actinobacteria;o__Bifidobacteriales;f__Bifidobacteriaceae;g__Bifidobacterium;s__Bifidobacterium_adolescentis	k__Bacteria;p__Firmicutes;c__Clostridia;o__Clostridiales;f__Oscillospiraceae;g__Oscillibacter;s__Oscillibacter_sp._KLE_1745	k__Bacteria;p__Bacteroidetes;c__Bacteroidia;o__Bacteroidales;f__Bacteroidaceae;g__Bacteroides;s__Bacteroides_coprophilus	k__Bacteria;p__Firmicutes;c__Clostridia;o__Clostridiales;f__Lachnospiraceae;g__Roseburia;s__Roseburia_intestinalis	k__Bacteria;p__Firmicutes;c__Clostridia;o__Clostridiales;f__Lachnospiraceae;g__Roseburia;s__Roseburia_hominis	k__Bacteria;p__Bacteroidetes;c__Bacteroidia;o__Bacteroidales;f__Porphyromonadaceae;g__Parabacteroides;s__Parabacteroides_johnsonii	k__Bacteria;p__Actinobacteria;c__Actinobacteria;o__Bifidobacteriales;f__Bifidobacteriaceae;g__Bifidobacterium;s__Bifidobacterium_longum	k__Bacteria;p__Firmicutes;c__Clostridia;o__Clostridiales;f__;g__Flavonifractor;s__Flavonifractor_plautii	k__Bacteria;p__Firmicutes;c__Clostridia;o__Clostridiales;f__Clostridiaceae;g__Clostridium;s__Clostridium_phoceensis	k__Bacteria;p__Verrucomicrobia;c__Verrucomicrobiae;o__Verrucomicrobiales;f__Akkermansiaceae;g__Akkermansia;s__Akkermansia_muciniphila	k__Bacteria;p__Bacteroidetes;c__Bacteroidia;o__Bacteroidales;f__Prevotellaceae;g__Paraprevotella;s__Paraprevotella_xylaniphila	k__Bacteria;p__Firmicutes;c__Clostridia;o__Clostridiales;f__Ruminococcaceae;g__Ruminococcus;s__Ruminococcus_callidus	k__Bacteria;p__Bacteroidetes;c__Bacteroidia;o__Bacteroidales;f__Rikenellaceae;g__Alistipes;s__Alistipes_senegalensis	k__Bacteria;p__Firmicutes;c__Clostridia;o__Clostridiales;f__Lachnospiraceae;g__Blautia;s__Blautia_sp._KLE_1732	k__Bacteria;p__Bacteroidetes;c__Bacteroidia;o__Bacteroidales;f__Bacteroidaceae;g__Bacteroides;s__Bacteroides_oleiciplenus	k__Bacteria;p__Firmicutes;c__Clostridia;o__Clostridiales;f__Ruminococcaceae;g__Ruminococcus;s__Ruminococcus_bicirculans	k__Bacteria;p__Bacteroidetes;c__Bacteroidia;o__Bacteroidales;f__Bacteroidaceae;g__Bacteroides;s__Bacteroides_fluxus	k__Bacteria;p__Bacteroidetes;c__Bacteroidia;o__Bacteroidales;f__Prevotellaceae;g__Prevotella;s__Prevotella_stercorea	k__Bacteria;p__Firmicutes;c__Clostridia;o__Clostridiales;f__Lachnospiraceae;g__Dorea;s__Dorea_longicatena	k__Bacteria;p__Firmicutes;c__Clostridia;o__Clostridiales;f__Eubacteriaceae;g__Eubacterium;s__[Eubacterium]_eligens	k__Bacteria;p__Firmicutes;c__Clostridia;o__Clostridiales;f__Ruminococcaceae;g__;s__Ruminococcaceae_bacterium_D16	k__Bacteria;p__Firmicutes;c__Clostridia;o__Clostridiales;f__Lachnospiraceae;g__Coprococcus;s__Coprococcus_comes	k__Bacteria;p__Proteobacteria;c__Gammaproteobacteria;o__Enterobacterales;f__Enterobacteriaceae;g__Escherichia;s__Escherichia_coli	k__Bacteria;p__Firmicutes;c__Clostridia;o__Clostridiales;f__Ruminococcaceae;g__Anaerotruncus;s__Anaerotruncus_colihominis	k__Bacteria;p__Firmicutes;c__Clostridia;o__Clostridiales;f__Lachnospiraceae;g__Blautia;s__Blautia_obeum	k__Bacteria;p__Bacteroidetes;c__Bacteroidia;o__Bacteroidales;f__Odoribacteraceae;g__Odoribacter;s__Odoribacter_laneus	k__Bacteria;p__Firmicutes;c__Clostridia;o__Clostridiales;f__Ruminococcaceae;g__Ruminiclostridium;s__[Clostridium]_leptum	k__Bacteria;p__Bacteroidetes;c__Bacteroidia;o__Bacteroidales;f__Porphyromonadaceae;g__Parabacteroides;s__Parabacteroides_goldsteinii	k__Bacteria;p__Firmicutes;c__Clostridia;o__Clostridiales;f__Lachnospiraceae;g__Anaerostipes;s__Anaerostipes_hadrus	k__Bacteria;p__Firmicutes;c__Clostridia;o__Clostridiales;f__Ruminococcaceae;g__Ruminococcus;s__Ruminococcus_lactaris	k__Bacteria;p__Firmicutes;c__Clostridia;o__Clostridiales;f__Clostridiaceae;g__Clostridium;s__Clostridium_sp._L2-50	k__Bacteria;p__Firmicutes;c__Clostridia;o__Clostridiales;f__Clostridiaceae;g__Clostridium;s__Clostridium_sp._M62/1	k__Bacteria;p__Firmicutes;c__Clostridia;o__Clostridiales;f__;g__Intestinimonas;s__Intestinimonas_butyriciproducens	k__Bacteria;p__Actinobacteria;c__Actinobacteria;o__Bifidobacteriales;f__Bifidobacteriaceae;g__Bifidobacterium;s__Bifidobacterium_bifidum	k__Bacteria;p__Firmicutes;c__Negativicutes;o__Veillonellales;f__Veillonellaceae;g__Dialister;s__Dialister_invisus	k__Bacteria;p__Bacteroidetes;c__Bacteroidia;o__Bacteroidales;f__Bacteroidaceae;g__Bacteroides;s__Bacteroides_salanitronis
k__Bacteria;p__Bacteroidetes;c__Bacteroidia;o__Bacteroidales;f__Bacteroidaceae;g__Bacteroides;s__Bacteroides_vulgatus	1.0	-0.00894688644737	-0.00298191648148	0.0369178172431	0.0104740308752	0.00489341024314	0.00586599746158	-0.0611405051325	-0.0499266455066	0.0204207812979	0.0285802860844	0.0212538726789	-0.0106105287684	-0.0251058539113	-0.00217099439532	-0.0508370028814	0.049352378665	0.000750427976649	0.00551325965575	-0.0349309688382	-0.0450287339351	-0.0409297757571	0.0338556845705	0.00359106153333	-0.0223767694292	-0.0828127618811	0.0151877721359	0.0122008578823	0.0166960104307	0.0154925264078	0.036830566279	-0.00496637612915	-0.000773215918792	-0.00527772553878	0.0133950201249	-0.0289552149208	-0.0348857668568	-0.0394290151129	0.031975461012	0.00330087496519	-0.0561426036005	-0.0332559739104	0.00989873614454	-0.0352795295075	0.022840194076	-0.0589680345939	0.0262747055327	0.0318257256416	-0.0351634294631	-0.0304461334949	-0.0167206291	-0.0281696962938	-0.0272550243909	-0.0523743489759	0.0536052659124	-0.0316358671658	0.0145848895185	0.0403829770265	-0.044267188742
k__Bacteria;p__Bacteroidetes;c__Bacteroidia;o__Bacteroidales;f__Bacteroidaceae;g__Bacteroides;s__Bacteroides_uniformis	-0.00894688644737	1.0	-0.00363425049054	-0.016790838602	0.0250489795444	-0.0140954317058	-0.027040719275	-0.014598844982	-0.00788524854795	0.0142244666235	-0.051057325236	-0.017972463213	-0.0329603817844	0.0189434705066	-0.0120660094225	-0.0410997534647	-0.0180238691343	0.0333198842845	-0.0186237880738	0.00723621846399	0.0384713700386	0.0750798784423	-0.0156576933826	0.0417495525462	0.0633684790984	-0.011373706732	-0.0165818841531	0.00759535727916	-0.0741608758329	0.00869532390743	0.0580719195981	-0.0376303456658	0.027931432728	-0.0263282110935	-0.036816327704	-0.000751182662335	0.0261461868451	0.0334256375822	-0.0519250813403	0.00146885796713	-0.028891674934	-0.03965077912	-0.00204862003575	-0.00939936799902	-0.00325344994519	-0.0204897308325	-0.0205007015181	0.0173527925582	-0.000554490800004	-0.0729494851407	-0.0598350261201	-0.0308025593379	0.106679198217	0.00529245243269	-0.0140792696384	0.0262379868649	-0.00305535752973	-0.00176128368476	-0.0133853273115
k__Bacteria;p__Bacteroidetes;c__Bacteroidia;o__Bacteroidales;f__Rikenellaceae;g__Alistipes;s__Alistipes_putredinis	-0.00298191648148	-0.00363425049054	1.0	-0.0173072145004	-0.0056740101069	-0.0383539903314	0.0236684301977	-0.0479936395658	-0.0894630231206	-0.0666534798105	-0.00774451402344	-0.0683849961821	0.0789875371602	-0.0167815809863	0.00411562639656	0.00987626695608	-0.0496574239523	0.0453231538895	-0.0126218072598	-0.0530015266417	0.024165405092	-0.0280699045249	-0.0231805348124	0.0440389623119	-0.0306436550677	-0.0200437183657	-0.0680069259616	0.0847719392118	-0.0588553248661	0.0207983046572	0.0104929707654	0.0133197916932	0.00446680064463	0.0341844789203	0.0214036248139	0.0387913755753	0.0143701396856	-0.00833372322104	-0.0142432125112	-0.0438164678801	-0.0183743459465	-0.0361795912222	-0.0611514354558	0.00695239008514	0.0173453824489	0.0119335678226	0.0484574962666	0.0311609102323	-0.00791007731131	-0.0194598261678	-0.0167617043514	0.0138151325827	-0.00405427195163	0.0348176514167	-0.0440363298184	0.0125480646496	-0.0142243995647	-0.0567644229747	-0.0495667379817
k__Bacteria;p__Bacteroidetes;c__Bacteroidia;o__Bacteroidales;f__Prevotellaceae;g__Prevotella;s__Prevotella_copri	0.0369178172431	-0.016790838602	-0.0173072145004	1.0	0.0247736159689	-0.00449910692611	0.0240273752821	-0.0401685748475	0.0255257160849	0.0232702671989	-0.00636029670337	-0.0336192206687	-0.0530860829775	-0.0167100613106	0.00863101241005	0.000363818235975	-0.0331052504991	-0.0295163550595	0.0251280539844	0.00940765884411	-0.0341498040734	0.000401453521608	-0.0489784649384	-0.0477726660699	0.0279952976814	-0.0367116785563	-0.0517161532015	-0.0551610486285	0.0190619461645	0.0270982752561	0.0091642786312	-0.0553024305637	0.062701099875	0.0199343924587	0.000849373691395	-0.028521320802	0.0244180477427	0.0236557652489	-0.00581071896066	-0.00795802861036	0.0346125039277	-0.0240704926298	0.0118573527597	-0.0164039077804	-0.0338517610083	-0.00810769390399	0.00406881755776	-0.0101045036475	-0.0141123206131	0.00397709304338	0.00114886055187	-0.0176859255917	-0.00581011422018	0.0477419503778	-0.034130010171	0.000593048207379	0.0121286420813	-0.0295806599048	0.00464591016469
k__Bacteria;p__Bacteroidetes;c__Bacteroidia;o__Bacteroidales;f__Bacteroidaceae;g__Bacteroides;s__Bacteroides_stercoris	0.0104740308752	0.0250489795444	-0.0056740101069	0.0247736159689	1.0	-0.0342656326443	-0.00474368251513	0.00724195555088	0.00628439295104	0.0254150249192	-0.00167113132437	0.00816251261333	-0.0200090224079	-0.0113152047207	-0.0229158038523	0.0541462170606	0.0318885509653	-0.0727995968567	0.0333661904514	0.0154830973469	0.0763635703644	0.0143297312802	-0.051070299349	0.00522353367371	-0.069224608834	-0.0491644285374	0.0529086635283	-0.00675216007908	-0.021012905782	0.0348906077466	0.0476240085909	0.0635036796509	-0.0628700654711	0.00867980225264	-0.00312868757769	-0.0102402925512	-0.0411809348987	-0.0387915263268	-0.0349481144778	0.0164337211055	-0.0248509125927	0.0237517398723	0.00023642536519	-0.0385981757856	-0.0186867904127	-0.0192617720117	4.59837807102e-05	-0.0200086965261	0.00314653553307	0.0257330145443	-0.00870226650442	-0.0570925687365	0.00207617370847	-0.0149346032466	-0.0153514203089	-0.0510739266612	-0.100877397105	-0.026173373309	-0.0147754129941
k__Bacteria;p__Bacteroidetes;c__Bacteroidia;o__Bacteroidales;f__Bacteroidaceae;g__Bacteroides;s__Bacteroides_ovatus	0.00489341024314	-0.0140954317058	-0.0383539903314	-0.00449910692611	-0.0342656326443	1.0	0.0403131457928	-0.0331814651566	-0.0221623186814	0.000402221983735	0.0580967878353	-0.0223014102714	-0.0210991453442	-0.0189268677534	-0.0108183097179	0.0260901031715	-0.0335012351166	0.0634012315286	-0.0358662639412	-0.115048685332	-0.0768655408398	-0.0234992071742	0.014132875714	0.0230203406163	-0.0773999655154	0.00171946713847	-0.0147646209662	0.0409807474237	-0.00975104885031	0.00766842690109	0.0260326550604	-0.0110327299082	0.0539013428694	0.0452500964033	-0.0175737940054	0.019659272562	0.024800420083	0.00985210845979	-0.0454107461077	-0.0457957839423	-0.0765653236905	-0.0337600429083	-0.0274236512464	-0.0254538367637	-0.0589622687966	-0.0114752067812	-0.018449861199	-0.0527861001901	-0.0366780642604	0.0469087116425	-0.0548927762371	0.0244152160849	0.026554783964	-0.0639129421445	0.0190330699274	0.0744041932606	-0.0112090400863	-0.0325964965922	-0.0259202023292
k__Bacteria;p__Bacteroidetes;c__Bacteroidia;o__Bacteroidales;f__Rikenellaceae;g__Alistipes;s__Alistipes_shahii	0.00586599746158	-0.027040719275	0.0236684301977	0.0240273752821	-0.00474368251513	0.0403131457928	1.0	-0.013121485454	-0.0171293815215	0.0229759537265	0.0226652059618	-0.0104718662155	-0.065563056461	-0.0386475302755	-0.0687156061003	0.0320674750428	-0.0557264115198	0.0537106370638	-0.0462239689356	0.0128709251922	-0.038464629238	-0.00579096789024	0.032543566916	0.026865289809	-0.0120146500931	-0.019738544955	-0.0439608042246	0.0242763657845	-0.0241005172029	0.0492071742778	-0.0385264764753	0.041471937147	0.00353425640976	0.0774485087985	-0.0730555368533	-0.00930429950061	-0.0216734452739	-0.0234966679479	-0.0557203263935	0.0351026595538	-0.0302977508308	0.0555299892503	0.0370128461698	-0.0263884796975	0.027482224293	0.0354659760845	-0.0441182159071	0.0183795352211	0.0234547419401	-0.0379052643657	-0.0325482953155	-0.0233288666782	-0.00122899363348	-0.00207380468386	-0.00588981021554	0.0423969300216	-0.0381624991712	0.00603575376562	-0.0621290457419
k__Bacteria;p__Firmicutes;c__Clostridia;o__Clostridiales;f__Ruminococcaceae;g__Faecalibacterium;s__Faecalibacterium_prausnitzii	-0.0611405051325	-0.014598844982	-0.0479936395658	-0.0401685748475	0.00724195555088	-0.0331814651566	-0.013121485454	1.0	0.0349211002738	-0.0522842759735	-0.0369596220558	-0.0460572471706	-0.0538162312134	-0.0284518820852	-0.0289892251225	0.0629589441421	-0.00396039199414	0.0199401184344	-0.0507206098739	-0.00150573205048	-0.0216199890264	-0.0256976150288	-0.00617523285317	0.0274674076976	-0.0263169281357	-0.0156583337021	-0.0157312925924	-0.0756400576962	-0.110373699934	0.0254977000644	0.0118073168125	-0.0138872906207	0.0437555520868	-0.0113192895453	-0.0127607150543	0.0221099122785	-0.0201911028817	-0.0180791092184	0.00414780234101	0.000925080033551	0.0545395661318	-0.0754624006803	-0.010393919093	0.0253446626645	-0.0237038858393	-0.0700500181783	-0.0315732254363	-0.0106756510691	0.0712253958958	-0.0233134983192	-0.015067406276	0.0660675699027	0.111283204106	-0.00429939651953	0.0148386249362	0.0545274806553	-0.0111010378243	-0.00482598271929	0.0454052357626
k__Bacteria;p__Bacteroidetes;c__Bacteroidia;o__Bacteroidales;f__Rikenellaceae;g__Alistipes;s__Alistipes_finegoldii	-0.0499266455066	-0.00788524854795	-0.0894630231206	0.0255257160849	0.00628439295104	-0.0221623186814	-0.0171293815215	0.0349211002738	1.0	-0.0155354540237	-0.0167653837018	-0.0123526090302	-0.0338807011167	0.00703730552331	-3.61513202257e-05	-0.00369664661137	-0.0414983170506	0.0217642856725	0.0497071783403	-0.00446863380064	-0.0179943312913	0.0520212477985	-0.0198948650159	-0.0451705227075	0.0230178534579	-0.0119057725658	0.0156408491529	-0.00884471528483	-0.035817675547	0.0152043229813	0.0175964430818	-0.0066114573592	-0.0163152560652	0.033242694975	0.0246108636911	0.0148520339993	-0.054050935617	0.0307145742998	-0.0504913216062	0.0494947409665	-0.0317783810019	0.0275927569724	0.0231768166682	0.0221069228696	-0.0441486332352	0.00495811407304	0.0234916054726	-0.0860253111731	-0.0183746843161	0.0628449419928	0.0189836588986	-0.017807501474	-0.0503521376053	0.0410573917108	0.0287223958014	-0.0324888867806	-0.0201545002774	0.0302646231426	0.0245717199469
k__Bacteria;p__Bacteroidetes;c__Bacteroidia;o__Bacteroidales;f__Porphyromonadaceae;g__Parabacteroides;s__Parabacteroides_distasonis	0.0204207812979	0.0142244666235	-0.0666534798105	0.0232702671989	0.0254150249192	0.000402221983735	0.0229759537265	-0.0522842759735	-0.0155354540237	1.0	0.0230047940724	0.0437042038112	-0.0468877115778	0.0123632347312	-0.0482200973544	0.0334297156846	0.0552703510646	0.0157118192668	0.00744665273887	-0.0662155961204	-0.0109496820428	0.0128843909345	-0.00260449618677	-0.00558592467184	0.00957219141904	0.0234985754108	-0.00218858389722	-0.000924720491219	-0.0156100678879	0.00513110799002	-0.0569433553208	0.0136666232059	0.066016840785	0.0422589199695	-0.0592941900604	0.00676793410044	-0.0902987915549	-0.0473634033347	-0.0657274384954	-0.0048762915277	-0.0195871274912	0.0237315442676	0.0215243225519	0.0432992397763	0.0350489826106	-0.0421055379405	-0.00931994418942	0.00363142590375	-0.0630589534428	-0.00430242397509	0.0554256579768	0.0270561222527	0.0810623815323	0.0377329023123	-0.0643479373931	0.00556989391605	-0.00502673766571	-0.0259550234429	-0.0667634190692
k__Bacteria;p__Bacteroidetes;c__Bacteroidia;o__Bacteroidales;f__Bacteroidaceae;g__Bacteroides;s__Bacteroides_thetaiotaomicron	0.0285802860844	-0.051057325236	-0.00774451402344	-0.00636029670337	-0.00167113132437	0.0580967878353	0.0226652059618	-0.0369596220558	-0.0167653837018	0.0230047940724	1.0	-0.0208063433048	0.0178294386422	-0.0538938948142	0.0243606078699	0.0059267311494	-0.0262652959509	-0.0272556677776	-0.00884945653754	-0.0488137107651	0.0040139633097	-0.0189937349049	-0.0602195657988	0.022241302599	-0.0492550823474	-0.0568094937546	0.0275680374033	-0.0415660967285	-0.0213606575657	0.0378727871241	0.00963705778986	0.0270745382148	0.0515793775917	-0.0365694192619	-0.0484719311408	-0.0449043524435	-0.0300661771185	-0.025743520463	0.0145405066965	-0.0211689527493	-0.0588112886211	0.0264580320459	-0.0155853307777	0.0289361356388	0.0142067146143	0.0155384069938	-0.0374160226523	-0.0125334409371	0.00811572241742	0.00391720933748	-0.0154407790731	-0.0374289234541	-0.0286370942904	0.0249129328105	-0.016983217253	0.0172279641129	0.00279797144493	-0.0412638585093	-0.066502101519
k__Bacteria;p__Bacteroidetes;c__Bacteroidia;o__Bacteroidales;f__Bacteroidaceae;g__Bacteroides;s__Bacteroides_coprocola	0.0212538726789	-0.017972463213	-0.0683849961821	-0.0336192206687	0.00816251261333	-0.0223014102714	-0.0104718662155	-0.0460572471706	-0.0123526090302	0.0437042038112	-0.0208063433048	1.0	-0.0909809964985	-0.0503863975058	-0.0125699206862	0.0169047588992	0.0204463021741	-0.02588980396	0.0257591268389	0.0359096068739	-0.00577601445488	0.0253945408909	0.0475615853981	-0.0121830612658	-0.00254867424072	-0.0428861503704	-0.00729600256838	-0.0316987791585	-0.0398409272192	-0.052712977142	-0.0361752272062	0.0253121224197	0.045965246973	0.00686616322915	-0.0347668114229	-0.000894643934888	-0.0177905175182	-0.00536543289707	0.00397253702164	0.00336730519853	0.0443598666953	0.0414819606519	-0.0246067595663	0.00105004660959	-0.0506536897884	0.0436091939346	-0.0268683100725	-0.019761343215	-0.0161607225386	0.0406951591828	-0.101207893581	-0.00937648090818	-0.0155806595777	-0.0192226697882	0.0137571447448	-0.0244160558161	0.00745917172276	0.00778563447521	0.0171792674237
k__Bacteria;p__Bacteroidetes;c__Bacteroidia;o__Bacteroidales;f__Bacteroidaceae;g__Bacteroides;s__Bacteroides_cellulosilyticus	-0.0106105287684	-0.0329603817844	0.0789875371602	-0.0530860829775	-0.0200090224079	-0.0210991453442	-0.065563056461	-0.0538162312134	-0.0338807011167	-0.0468877115778	0.0178294386422	-0.0909809964985	1.0	0.0486306181241	0.0033394421646	0.0327473577128	-0.028293188549	-0.00298975342633	-0.0443875978093	-0.0619224482935	0.0652626317583	-0.0120280237282	-0.0314926206599	-0.0709214177798	-0.0151488712549	-0.00267351369014	-0.0264439125356	-0.00316299529663	-0.0241852127594	-0.0916145360317	-0.0136235514327	0.0518684650102	0.0132477006919	-0.0262880619996	0.0279207212806	0.00416819251052	-0.0338313945956	0.0323483217139	-0.00324054789097	-0.0415537032776	0.00394391468198	0.0103245324942	-0.0398618838709	0.0503018577548	0.0262907133748	-0.00752678890906	-0.00374177359006	-0.00734172260719	0.0395381818007	0.00980059452662	-0.0106299356706	-0.0254201232042	0.0668833392193	0.0291499811344	0.00328525133578	0.0433151808315	-0.0229263290058	-0.0363967720077	-0.0110768335096
k__Bacteria;p__Bacteroidetes;c__Bacteroidia;o__Bacteroidales;f__Rikenellaceae;g__Alistipes;s__Alistipes_obesi	-0.0251058539113	0.0189434705066	-0.0167815809863	-0.0167100613106	-0.0113152047207	-0.0189268677534	-0.0386475302755	-0.0284518820852	0.00703730552331	0.0123632347312	-0.0538938948142	-0.0503863975058	0.0486306181241	1.0	0.0567959027965	0.0194749458319	0.0129499555736	-0.0138204256141	-0.00195363318749	0.0107448828185	-0.00317931001792	-0.0340757753934	-0.0756702036039	0.0125296396321	0.0253200533552	0.0315403757033	-0.00339510794289	-0.0435652745665	0.00437491722774	0.0255909566494	-0.0108538030945	0.0089717140909	-0.0899516255363	-0.0662832377216	-0.0548048618824	0.0225988362964	-0.0119171412436	-0.0498577601031	0.0481154282051	-0.0217793425188	-0.0664709808258	0.00722382184781	0.00823252682716	0.00498694950831	-0.0048221771781	-0.017779380715	0.00895459147168	-0.0531605182973	0.0317356378141	-0.00103565438491	5.61359495461e-05	-0.00130187610252	0.0667821780177	-0.0419717861321	-0.0109205227257	-0.0132903432106	-0.0725640926593	0.0173373875008	-0.0306872448728
k__Bacteria;p__Firmicutes;c__Clostridia;o__Clostridiales;f__Lachnospiraceae;g__;s__[Eubacterium]_rectale	-0.00217099439532	-0.0120660094225	0.00411562639656	0.00863101241005	-0.0229158038523	-0.0108183097179	-0.0687156061003	-0.0289892251225	-3.61513202258e-05	-0.0482200973544	0.0243606078699	-0.0125699206862	0.0033394421646	0.0567959027965	1.0	0.00212869810089	-0.0232085889563	-0.0181971353462	-0.0302919821071	-0.017894983094	0.00572072858592	-0.0173441781119	0.0232796474882	-0.0431503590176	-0.07203027381	-0.00295957851195	-0.0918968932162	-0.00735353718978	0.01461953974	-0.0633538989039	0.0269176171863	0.0155574466123	-0.078279357347	-0.0479057390761	-0.00890666373208	0.0279179084906	0.0257739094495	0.0157160856809	-0.0311419949269	-0.0414564730129	0.0446878478629	-0.0115039521544	0.019229982737	0.00556730477779	0.00125810225151	0.0576008834812	-0.0017522720569	-0.0731582912981	0.0228121967956	0.0218877090615	0.0716736911687	-0.0615025285823	0.0692345308653	-0.00547671647595	0.0322929933474	0.00157626039109	0.00759330121921	-0.0555604232286	0.01210779602
k__Bacteria;p__Bacteroidetes;c__Bacteroidia;o__Bacteroidales;f__Bacteroidaceae;g__Bacteroides;s__Bacteroides_plebeius	-0.0508370028814	-0.0410997534647	0.00987626695608	0.000363818235975	0.0541462170606	0.0260901031715	0.0320674750428	0.0629589441421	-0.00369664661137	0.0334297156846	0.0059267311494	0.0169047588992	0.0327473577128	0.0194749458319	0.00212869810089	1.0	-0.025878989174	-0.0358449825989	0.0355372835275	-0.0503142239365	-0.000485871015668	-0.025224037675	0.00353533057678	0.0344354876687	-0.0463347274687	0.00701218069677	0.00304684541571	-0.0806030953509	-0.0229841935221	-0.0330811581326	-0.0191269585987	0.00530322781844	-0.0673178275054	-0.0856888929432	-0.00950888134279	-0.00308952155618	-0.00668415493488	-0.00715880732228	-0.00892474178848	-0.0425780265914	0.0421253905369	0.00205745871254	-0.0164427370557	0.000196424137543	-0.064235750201	0.015564426524	-0.0385303092137	-0.0057704301378	0.0300329762523	0.0230193319875	0.0216060330834	-0.0214107692237	-0.0100490096652	0.0450458315931	-0.036159166782	0.010130976036	-0.0218019049137	-0.012309885979	-0.0556607408896
k__Bacteria;p__Bacteroidetes;c__Bacteroidia;o__Bacteroidales;f__Bacteroidaceae;g__Bacteroides;s__Bacteroides_fragilis	0.049352378665	-0.0180238691343	-0.0496574239523	-0.0331052504991	0.0318885509653	-0.0335012351166	-0.0557264115198	-0.00396039199414	-0.0414983170506	0.0552703510646	-0.0262652959509	0.0204463021741	-0.028293188549	0.0129499555736	-0.0232085889563	-0.025878989174	1.0	-0.0427470998825	0.0120198294238	0.0117177212125	-0.0729471454134	-0.049024576512	-0.0447701869222	0.0117769414594	-0.0655357934397	0.0580228323847	0.00417986897081	0.00817811085531	-0.00324546220821	-0.0438977510389	0.0488950793282	0.0114455935821	0.0522327563768	-0.000436279534118	-0.0539917736361	0.0240952787855	0.0339171358898	-0.122037184014	-0.0238153903014	0.0735203657064	-0.0771374616285	-0.0626540604868	0.0245169261412	-0.0502940312826	0.0213917691981	0.034368605239	0.0301212821476	-0.051548343024	-0.093753371045	-0.0151955517908	-0.0252573687282	-0.045450814271	-0.0296123747018	-0.0179364956351	-0.049472974951	0.0226281174174	-0.0309667100715	0.0448293733018	-0.0381966957854
k__Bacteria;p__Proteobacteria;c__Betaproteobacteria;o__Burkholderiales;f__Sutterellaceae;g__Sutterella;s__Sutterella_wadsworthensis	0.000750427976649	0.0333198842845	0.0453231538895	-0.0295163550595	-0.0727995968567	0.0634012315286	0.0537106370638	0.0199401184344	0.0217642856725	0.0157118192668	-0.0272556677776	-0.02588980396	-0.00298975342633	-0.0138204256141	-0.0181971353462	-0.0358449825989	-0.0427470998825	1.0	0.0220129129	0.0255802956681	0.0429775881171	0.0452082690757	-0.0171972450429	0.000640483869641	-0.0499257734046	-0.0243625459455	-0.00488531643442	-0.0510739090226	0.0115496707213	0.0540992493672	-0.0264457423198	-0.0407644509155	-0.0206983380665	-0.0376357875372	0.0740371245328	0.0245011692782	0.00527413240299	-0.0248222803678	-0.0413172067078	-0.00846485540416	-0.0682413786897	0.0747928384329	-0.0703848166178	-9.08576641314e-05	-0.0351298654242	-0.0127039186227	0.047349005934	-0.0204230331879	0.0282512656542	-0.00159742262918	-0.060651242519	-0.0955485743078	0.016341133076	-0.069266169194	-0.038345122579	0.0229638403369	0.0031539517774	-0.0417204538359	-0.0211394956004
k__Bacteria;p__Bacteroidetes;c__Bacteroidia;o__Bacteroidales;f__Porphyromonadaceae;g__Barnesiella;s__Barnesiella_intestinihominis	0.00551325965575	-0.0186237880738	-0.0126218072598	0.0251280539844	0.0333661904514	-0.0358662639412	-0.0462239689356	-0.0507206098739	0.0497071783403	0.00744665273887	-0.00884945653754	0.0257591268389	-0.0443875978093	-0.00195363318749	-0.0302919821071	0.0355372835275	0.0120198294238	0.0220129129	1.0	0.0824608153461	0.0351081577404	-0.0267902546598	-0.0252904703655	0.0248225400881	0.0268689830727	-0.0278216246802	-0.00959911515955	0.0138144255059	0.043465020537	0.0656025046137	-0.0228616948057	-0.0523813470595	-0.0168095934967	-0.0326852998887	-0.047600899322	-0.0270820756122	0.0549639241606	0.0297322242428	-0.0767664583202	-0.0349959152186	-0.00122216811702	-0.0505840986881	-0.0310666482207	0.00949223963541	-0.0664771404915	-0.0465426370774	-0.00947696046699	0.0577726128913	0.0290135564302	-0.0495250950771	-0.027291620727	0.0218997986915	-0.03766405699	-0.0264288979363	0.00695825754209	0.0319770576946	-0.0113933273571	-0.0132891597736	-0.0547982844832
k__Bacteria;p__Bacteroidetes;c__Bacteroidia;o__Bacteroidales;f__Odoribacteraceae;g__Odoribacter;s__Odoribacter_splanchnicus	-0.0349309688382	0.00723621846399	-0.0530015266417	0.00940765884411	0.0154830973469	-0.115048685332	0.0128709251922	-0.00150573205048	-0.00446863380064	-0.0662155961204	-0.0488137107651	0.0359096068739	-0.0619224482935	0.0107448828185	-0.017894983094	-0.0503142239365	0.0117177212125	0.0255802956681	0.0824608153461	1.0	0.0329701459671	0.00219682172525	-0.00208685934114	0.0174998591103	-0.00398377009352	-0.0306532860741	0.0203382646423	-0.0472254841257	-0.00605483249882	0.00987666768907	-0.0525573729667	-0.0359923975133	-0.0400949307235	0.00798487072643	0.0506423693626	-0.00921218075799	0.0100702033764	-0.0500643750584	0.0393134269723	-0.00298878853256	-0.0150736815036	-0.018018848972	-0.00707734001078	-0.0442420640821	-0.00795777571033	-0.0217900480931	-0.0025406412663	-0.00245011311322	0.0336420731628	0.0161212462702	-0.00672451030427	0.0343786260579	-0.0441722722699	0.0140628908821	-0.0416213873172	-0.00188176627424	-0.0259858953515	0.0270960246718	0.0150646380751
k__Bacteria;p__Bacteroidetes;c__Bacteroidia;o__Bacteroidales;f__Bacteroidaceae;g__Bacteroides;s__Bacteroides_salyersiae	-0.0450287339351	0.0384713700386	0.024165405092	-0.0341498040734	0.0763635703644	-0.0768655408398	-0.038464629238	-0.0216199890264	-0.0179943312913	-0.0109496820428	0.0040139633097	-0.00577601445488	0.0652626317583	-0.00317931001792	0.00572072858592	-0.000485871015668	-0.0729471454134	0.0429775881171	0.0351081577404	0.0329701459671	1.0	-0.0224379198345	0.00124680723779	-0.0211669175349	0.0143252076561	-0.0276016586621	-0.0159857913237	-0.0281427908899	-0.0286036271382	-0.0505461120224	0.00261851341727	-0.00903567020442	-0.0366322584877	-0.0212594048882	0.0369244434075	-0.0387886665609	0.029493127174	0.0267833254068	-0.0347038510773	0.0110423679903	-0.0294799025135	0.0173032386584	0.0707273637951	-0.0245592402167	0.0347892576212	-0.0382803706617	-0.00990698436592	0.00890397808433	0.00834591742084	-0.0210562435614	-0.0420533235429	-0.0470942956701	0.0289754064998	0.00337127068075	-0.0347301952179	-0.0148420681367	-0.00824517696177	-0.032565754317	-0.0251092742007
k__Bacteria;p__Firmicutes;c__Clostridia;o__Clostridiales;f__Ruminococcaceae;g__Ruminiclostridium;s__[Eubacterium]_siraeum	-0.0409297757571	0.0750798784423	-0.0280699045249	0.000401453521608	0.0143297312802	-0.0234992071742	-0.00579096789024	-0.0256976150288	0.0520212477985	0.0128843909345	-0.0189937349049	0.0253945408909	-0.0120280237282	-0.0340757753934	-0.0173441781119	-0.025224037675	-0.049024576512	0.0452082690757	-0.0267902546598	0.00219682172525	-0.0224379198345	1.0	0.0582632144445	-0.0497606241041	-0.00729140111356	0.0119634000732	0.0156323685046	-0.060708401611	-0.0763926164645	0.0275511072157	0.0288164456829	0.0639946340525	0.0201875432041	-0.0247127860415	-0.0749051834148	0.00739672303512	-0.00837831002626	0.0115462940824	0.00134004096106	0.0137221468724	-0.0373921784464	0.0185455885504	-0.10252212527	0.0357720635424	-0.0271348991268	0.0368357422188	0.0790551136955	0.00598488271295	-0.0213446772581	0.0260626665551	-0.0509058444017	-0.0497099114016	0.0112891686499	-0.0427175285348	0.0196091577037	0.00472279058082	-0.0988200450775	0.0219592023445	-0.0627360196685
k__Bacteria;p__Proteobacteria;c__Betaproteobacteria;o__Burkholderiales;f__Sutterellaceae;g__Parasutterella;s__Parasutterella_excrementihominis	0.0338556845705	-0.0156576933826	-0.0231805348124	-0.0489784649384	-0.051070299349	0.014132875714	0.032543566916	-0.00617523285317	-0.0198948650159	-0.00260449618677	-0.0602195657988	0.0475615853981	-0.0314926206599	-0.0756702036039	0.0232796474882	0.00353533057678	-0.0447701869222	-0.0171972450429	-0.0252904703655	-0.00208685934114	0.00124680723779	0.0582632144445	1.0	0.00693769600586	0.036576112752	-0.0277785938225	-0.0353736431931	0.0293076323566	-0.0260309833682	0.0393868253468	-0.0243603824238	-0.0338990441702	-0.0360247976723	0.0251329764641	-0.00870654905042	0.029447287554	0.0500000599098	-0.0516002972316	0.026376110766	0.0162485596197	0.0437811111846	0.0337218252493	-0.107807960451	-0.0467016517304	-0.00589016481573	-0.0126459994572	-0.0169807532715	0.0282189706089	-0.0844970739918	-0.0680512131835	-0.0273927796755	0.0133981453998	0.051618147579	0.0490844418842	-0.0285675652833	-0.0121937465025	-0.0778364880275	0.0196664612003	-0.0432116516721
k__Bacteria;p__Actinobacteria;c__Actinobacteria;o__Bifidobacteriales;f__Bifidobacteriaceae;g__Bifidobacterium;s__Bifidobacterium_adolescentis	0.00359106153333	0.0417495525462	0.0440389623119	-0.0477726660699	0.00522353367371	0.0230203406163	0.026865289809	0.0274674076976	-0.0451705227075	-0.00558592467184	0.022241302599	-0.0121830612658	-0.0709214177798	0.0125296396321	-0.0431503590176	0.0344354876687	0.0117769414594	0.000640483869641	0.0248225400881	0.0174998591103	-0.0211669175349	-0.0497606241041	0.00693769600586	1.0	0.0203061223663	-0.0261929487137	0.0199240541695	0.0260748012487	-0.0305322545953	0.00294963440236	-0.00115031004101	-0.0174264905466	0.0172717836366	-0.0413731770888	0.0552388923941	0.0223698416464	-0.0855303951661	0.0242788812153	0.0166681877431	0.0114987429867	0.0527243336411	0.0070232011393	-0.00905925513172	-0.0538633578831	-0.0376469799472	-0.0101647364969	-0.0377580855782	-0.0911980871823	0.0341026591329	-0.0871592974626	-0.0528764654533	-0.0513524260751	0.0207007522503	0.0623169453964	-0.027193999995	-0.0194372851704	-0.00657533789926	0.0222682293098	0.0332671127513
k__Bacteria;p__Firmicutes;c__Clostridia;o__Clostridiales;f__Oscillospiraceae;g__Oscillibacter;s__Oscillibacter_sp._KLE_1745	-0.0223767694292	0.0633684790984	-0.0306436550677	0.0279952976814	-0.069224608834	-0.0773999655154	-0.0120146500931	-0.0263169281357	0.0230178534579	0.00957219141904	-0.0492550823474	-0.00254867424072	-0.0151488712549	0.0253200533552	-0.07203027381	-0.0463347274687	-0.0655357934397	-0.0499257734046	0.0268689830727	-0.00398377009352	0.0143252076561	-0.00729140111356	0.036576112752	0.0203061223663	1.0	0.0243540057713	-0.0234413194817	0.0114358431563	-0.00989062987522	0.00218399444234	0.0098606140571	0.0290226471821	0.0859064657673	-0.0581690630893	0.0172816581285	-0.00236008280471	-0.00512079480958	0.000536746256717	0.0591994248725	-0.092176872538	0.0402130228847	0.0394867299865	-0.034468982974	0.0590413647743	-0.0300564344985	-0.0320184178017	0.0114799259166	-0.0446784799218	-0.00259032806488	-0.0292635735447	-0.00218734905347	-0.0751975083038	0.0419700693765	-0.0561643511861	0.0545718221744	0.0339416484542	0.00236301249931	0.056084775625	-0.0342760802857
k__Bacteria;p__Bacteroidetes;c__Bacteroidia;o__Bacteroidales;f__Bacteroidaceae;g__Bacteroides;s__Bacteroides_coprophilus	-0.0828127618811	-0.011373706732	-0.0200437183657	-0.0367116785563	-0.0491644285374	0.00171946713847	-0.019738544955	-0.0156583337021	-0.0119057725658	0.0234985754108	-0.0568094937546	-0.0428861503704	-0.00267351369014	0.0315403757033	-0.00295957851195	0.00701218069677	0.0580228323847	-0.0243625459455	-0.0278216246802	-0.0306532860741	-0.0276016586621	0.0119634000732	-0.0277785938225	-0.0261929487137	0.0243540057713	1.0	0.0265843143428	-0.0255991272731	0.0526161298443	-0.0403169392304	0.0452334438678	-0.0335511249457	-0.00740047776516	0.00362714419317	-0.0396239941836	-0.0408019293216	-0.0207050682788	0.019236259898	0.0248154834982	-0.01064254598	-0.0575031218667	0.027356193883	-0.000483861431731	-0.0376234585871	0.0267801826906	-0.0464284069437	-0.0685565246643	0.0476249827138	-0.00198604816407	0.0188421203999	-0.0256240695144	0.024365797339	-0.00675231379286	-0.0418056551392	0.00942727122397	0.038181662158	-0.0594253883833	-0.00401804183928	0.0170042612008
k__Bacteria;p__Firmicutes;c__Clostridia;o__Clostridiales;f__Lachnospiraceae;g__Roseburia;s__Roseburia_intestinalis	0.0151877721359	-0.0165818841531	-0.0680069259616	-0.0517161532015	0.0529086635283	-0.0147646209662	-0.0439608042246	-0.0157312925924	0.0156408491529	-0.00218858389722	0.0275680374033	-0.00729600256838	-0.0264439125356	-0.00339510794289	-0.0918968932162	0.00304684541571	0.00417986897081	-0.00488531643442	-0.00959911515955	0.0203382646423	-0.0159857913237	0.0156323685046	-0.0353736431931	0.0199240541695	-0.0234413194817	0.0265843143428	1.0	-0.0823610097402	0.0807130318363	-0.0025312233431	-0.0309151730423	0.00612131956899	0.0306626092056	-0.0179675272339	-0.0436443699963	-0.0597141721107	-0.00630679318156	0.0101055254088	-0.0535600619725	0.0443052506219	-0.0253608408827	0.0132850120301	-0.0829364893798	-0.00925342272245	0.0368680233474	0.0212867386696	-0.00208368736987	0.0109311009101	-0.0457907540189	0.094553450294	-0.014937889263	0.0119528578121	0.0408859824797	0.0133323628678	0.0296099526068	-0.0799858518158	-0.0813087628913	-0.0085861280985	-0.0666634028572
k__Bacteria;p__Firmicutes;c__Clostridia;o__Clostridiales;f__Lachnospiraceae;g__Roseburia;s__Roseburia_hominis	0.0122008578823	0.00759535727916	0.0847719392118	-0.0551610486285	-0.00675216007908	0.0409807474237	0.0242763657845	-0.0756400576962	-0.00884471528483	-0.000924720491219	-0.0415660967285	-0.0316987791585	-0.00316299529663	-0.0435652745665	-0.00735353718978	-0.0806030953509	0.00817811085531	-0.0510739090226	0.0138144255059	-0.0472254841257	-0.0281427908899	-0.060708401611	0.0293076323566	0.0260748012487	0.0114358431563	-0.0255991272731	-0.0823610097402	1.0	-0.00329852455526	-0.0131447644651	-0.0316025379987	-0.0216426386592	0.0178441543692	-0.000852628703754	0.000609039737413	0.0513911507106	0.0202511572829	0.00743645253459	-0.0059446416624	-0.0403364286084	-0.00931871785957	-0.0569737857301	-0.0475198338793	-0.0412831112476	0.0114015347205	0.0295436995069	-0.0156668878218	0.0270269378687	-0.0320824407579	0.0543322213515	-0.0163395363405	-0.0281838960897	-0.0624358226295	0.0455859536891	-0.0324611327948	0.00105808660529	-0.00446934077506	0.00673603455334	0.0628027960002
k__Bacteria;p__Bacteroidetes;c__Bacteroidia;o__Bacteroidales;f__Porphyromonadaceae;g__Parabacteroides;s__Parabacteroides_johnsonii	0.0166960104307	-0.0741608758329	-0.0588553248661	0.0190619461645	-0.021012905782	-0.00975104885031	-0.0241005172029	-0.110373699934	-0.035817675547	-0.0156100678879	-0.0213606575657	-0.0398409272192	-0.0241852127594	0.00437491722774	0.01461953974	-0.0229841935221	-0.00324546220821	0.0115496707213	0.043465020537	-0.00605483249882	-0.0286036271382	-0.0763926164645	-0.0260309833682	-0.0305322545953	-0.00989062987522	0.0526161298443	0.0807130318363	-0.00329852455526	1.0	-0.0456491473462	0.116057030606	0.0149281860225	-0.037404316844	-0.0115063308567	0.0171805660641	0.0347525062995	-0.0639727959716	-0.0264687248857	0.0197547229202	-0.050250592552	0.0405053824792	0.00853515815761	0.0125956324781	0.014061879697	-0.0997681313815	0.039747819542	-0.0235031475438	0.0438902867228	-0.0441643742957	-0.0224738896477	0.0411614219884	-0.0649175145005	0.0296779693485	-0.0361454985183	0.036572207368	-0.0140602451017	-0.0343699784326	-0.0507157672447	-0.0447754304383
k__Bacteria;p__Actinobacteria;c__Actinobacteria;o__Bifidobacteriales;f__Bifidobacteriaceae;g__Bifidobacterium;s__Bifidobacterium_longum	0.0154925264078	0.00869532390743	0.0207983046572	0.0270982752561	0.0348906077466	0.00766842690109	0.0492071742778	0.0254977000644	0.0152043229813	0.00513110799002	0.0378727871241	-0.052712977142	-0.0916145360317	0.0255909566494	-0.0633538989039	-0.0330811581326	-0.0438977510389	0.0540992493672	0.0656025046137	0.00987666768907	-0.0505461120224	0.0275511072157	0.0393868253468	0.00294963440236	0.00218399444234	-0.0403169392304	-0.0025312233431	-0.0131447644651	-0.0456491473462	1.0	0.000845483329163	-0.0574117158261	-0.023198102474	0.0164843374167	-0.0895486804443	-0.00850240767875	-0.0502894378897	-0.0347020070145	-0.0133532432861	-0.0702500767132	-0.0112937675211	-0.00878228285806	0.0126801149845	-0.0371775955467	0.0335205694846	-0.0487111447043	0.00174057058802	-0.0220063645347	-0.00700461477346	-0.00425901064265	-0.00130356837299	-0.0935319643815	0.0220560181239	0.0189917921095	-0.0136465669264	-0.00881737250214	0.00664540389567	0.016419008741	0.00239955111286
