#taxonomy	k__Bacteria;p__Bacteroidetes;c__Bacteroidia;o__Bacteroidales;f__Bacteroidaceae;g__Bacteroides;s__Bacteroides_vulgatus	k__Bacteria;p__Bacteroidetes;c__Bacteroidia;o__Bacteroidales;f__Bacteroidaceae;g__Bacteroides;s__Bacteroides_uniformis	k__Bacteria;p__Bacteroidetes;c__Bacteroidia;o__Bacteroidales;f__Rikenellaceae;g__Alistipes;s__Alistipes_putredinis	k__Bacteria;p__Bacteroidetes;c__Bacteroidia;o__Bacteroidales;f__Prevotellaceae;g__Prevotella;s__Prevotella_copri	k__Bacteria;p__Bacteroidetes;c__Bacteroidia;o__Bacteroidales;f__Bacteroidaceae;g__Bacteroides;s__Bacteroides_stercoris	k__Bacteria;p__Bacteroidetes;c__Bacteroidia;o__Bacteroidales;f__Bacteroidaceae;g__Bacteroides;s__Bacteroides_ovatus	k__Bacteria;p__Bacteroidetes;c__Bacteroidia;o__Bacteroidales;f__Rikenellaceae;g__Alistipes;s__Alistipes_shahii	k__Bacteria;p__Firmicutes;c__Clostridia;o__Clostridiales;f__Ruminococcaceae;g__Faecalibacterium;s__Faecalibacterium_prausnitzii	k__Bacteria;p__Bacteroidetes;c__Bacteroidia;o__Bacteroidales;f__Rikenellaceae;g__Alistipes;s__Alistipes_finegoldii	k__Bacteria;p__Bacteroidetes;c__Bacteroidia;o__Bacteroidales;f__Porphyromonadaceae;g__Parabacteroides;s__Parabacteroides_distasonis	k__Bacteria;p__Bacteroidetes;c__Bacteroidia;o__Bacteroidales;f__Bacteroidaceae;g__Bacteroides;s__Bacteroides_thetaiotaomicron	k__Bacteria;p__Bacteroidetes;c__Bacteroidia;o__Bacteroidales;f__Bacteroidaceae;g__Bacteroides;s__Bacteroides_coprocola	k__Bacteria;p__Bacteroidetes;c__Bacteroidia;o__Bacteroidales;f__Bacteroidaceae;g__Bacteroides;s__Bacteroides_cellulosilyticus	k__Bacteria;p__Bacteroidetes;c__Bacteroidia;o__Bacteroidales;f__Rikenellaceae;g__Alistipes;s__Alistipes_obesi	k__Bacteria;p__Firmicutes;c__Clostridia;o__Clostridiales;f__Lachnospiraceae;g__;s__[Eubacterium]_rectale	k__Bacteria;p__Bacteroidetes;c__Bacteroidia;o__Bacteroidales;f__Bacteroidaceae;g__Bacteroides;s__Bacteroides_plebeius	k__Bacteria;p__Bacteroidetes;c__Bacteroidia;o__Bacteroidales;f__Bacteroidaceae;g__Bacteroides;s__Bacteroides_fragilis	k__Bacteria;p__Proteobacteria;c__Betaproteobacteria;o__Burkholderiales;f__Sutterellaceae;g__Sutterella;s__Sutterella_wadsworthensis	k__Bacteria;p__Bacteroidetes;c__Bacteroidia;o__Bacteroidales;f__Porphyromonadaceae;g__Barnesiella;s__Barnesiella_intestinihominis	k__Bacteria;p__Bacteroidetes;c__Bacteroidia;o__Bacteroidales;f__Odoribacteraceae;g__Odoribacter;s__Odoribacter_splanchnicus	k__Bacteria;p__Bacteroidetes;c__Bacteroidia;o__Bacteroidales;f__Bacteroidaceae;g__Bacteroides;s__Bacteroides_salyersiae	k__Bacteria;p__Firmicutes;c__Clostridia;o__Clostridiales;f__Ruminococcaceae;g__Ruminiclostridium;s__[Eubacterium]_siraeum	k__Bacteria;p__Proteobacteria;c__Betaproteobacteria;o__Burkholderiales;f__Sutterellaceae;g__Parasutterella;s__Parasutterella_excrementihominis	k__Bacteria;p__Actinobacteria;c__Actinobacteria;o__Bifidobacteriales;f__Bifidobacteriaceae;g__Bifidobacterium;s__Bifidobacterium_adolescentis	k__Bacteria;p__Firmicutes;c__Clostridia;o__Clostridiales;f__Oscillospiraceae;g__Oscillibacter;s__Oscillibacter_sp._KLE_1745	k__Bacteria;p__Bacteroidetes;c__Bacteroidia;o__Bacteroidales;f__Bacteroidaceae;g__Bacteroides;s__Bacteroides_coprophilus	k__Bacteria;p__Firmicutes;c__Clostridia;o__Clostridiales;f__Lachnospiraceae;g__Roseburia;s__Roseburia_intestinalis	k__Bacteria;p__Firmicutes;c__Clostridia;o__Clostridiales;f__Lachnospiraceae;g__Roseburia;s__Roseburia_hominis	k__Bacteria;p__Bacteroidetes;c__Bacteroidia;o__Bacteroidales;f__Porphyromonadaceae;g__Parabacteroides;s__Parabacteroides_johnsonii	k__Bacteria;p__Actinobacteria;c__Actinobacteria;o__Bifidobacteriales;f__Bifidobacteriaceae;g__Bifidobacterium;s__Bifidobacterium_longum	k__Bacteria;p__Firmicutes;c__Clostridia;o__Clostridiales;f__;g__Flavonifractor;s__Flavonifractor_plautii	k__Bacteria;p__Firmicutes;c__Clostridia;o__Clostridiales;f__Clostridiaceae;g__Clostridium;s__Clostridium_phoceensis	k__Bacteria;p__Verrucomicrobia;c__Verrucomicrobiae;o__Verrucomicrobiales;f__Akkermansiaceae;g__Akkermansia;s__Akkermansia_muciniphila	k__Bacteria;p__Bacteroidetes;c__Bacteroidia;o__Bacteroidales;f__Prevotellaceae;g__Paraprevotella;s__Paraprevotella_xylaniphila	k__Bacteria;p__Firmicutes;c__Clostridia;o__Clostridiales;f__Ruminococcaceae;g__Ruminococcus;s__Ruminococcus_callidus	k__Bacteria;p__Bacteroidetes;c__Bacteroidia;o__Bacteroidales;f__Rikenellaceae;g__Alistipes;s__Alistipes_senegalensis	k__Bacteria;p__Firmicutes;c__Clostridia;o__Clostridiales;f__Lachnospiraceae;g__Blautia;s__Blautia_sp._KLE_1732	k__Bacteria;p__Bacteroidetes;c__Bacteroidia;o__Bacteroidales;f__Bacteroidaceae;g__Bacteroides;s__Bacteroides_oleiciplenus	k__Bacteria;p__Firmicutes;c__Clostridia;o__Clostridiales;f__Ruminococcaceae;g__Ruminococcus;s__Ruminococcus_bicirculans	k__Bacteria;p__Bacteroidetes;c__Bacteroidia;o__Bacteroidales;f__Bacteroidaceae;g__Bacteroides;s__Bacteroides_fluxus	k__Bacteria;p__Bacteroidetes;c__Bacteroidia;o__Bacteroidales;f__Prevotellaceae;g__Prevotella;s__Prevotella_stercorea	k__Bacteria;p__Firmicutes;c__Clostridia;o__Clostridiales;f__Lachnospiraceae;g__Dorea;s__Dorea_longicatena	k__Bacteria;p__Firmicutes;c__Clostridia;o__Clostridiales;f__Eubacteriaceae;g__Eubacterium;s__[Eubacterium]_eligens	k__Bacteria;p__Firmicutes;c__Clostridia;o__Clostridiales;f__Ruminococcaceae;g__;s__Ruminococcaceae_bacterium_D16	k__Bacteria;p__Firmicutes;c__Clostridia;o__Clostridiales;f__Lachnospiraceae;g__Coprococcus;s__Coprococcus_comes	k__Bacteria;p__Proteobacteria;c__Gammaproteobacteria;o__Enterobacterales;f__Enterobacteriaceae;g__Escherichia;s__Escherichia_coli	k__Bacteria;p__Firmicutes;c__Clostridia;o__Clostridiales;f__Ruminococcaceae;g__Anaerotruncus;s__Anaerotruncus_colihominis	k__Bacteria;p__Firmicutes;c__Clostridia;o__Clostridiales;f__Lachnospiraceae;g__Blautia;s__Blautia_obeum	k__Bacteria;p__Bacteroidetes;c__Bacteroidia;o__Bacteroidales;f__Odoribacteraceae;g__Odoribacter;s__Odoribacter_laneus	k__Bacteria;p__Firmicutes;c__Clostridia;o__Clostridiales;f__Ruminococcaceae;g__Ruminiclostridium;s__[Clostridium]_leptum	k__Bacteria;p__Bacteroidetes;c__Bacteroidia;o__Bacteroidales;f__Porphyromonadaceae;g__Parabacteroides;s__Parabacteroides_goldsteinii	k__Bacteria;p__Firmicutes;c__Clostridia;o__Clostridiales;f__Lachnospiraceae;g__Anaerostipes;s__Anaerostipes_hadrus	k__Bacteria;p__Firmicutes;c__Clostridia;o__Clostridiales;f__Ruminococcaceae;g__Ruminococcus;s__Ruminococcus_lactaris	k__Bacteria;p__Firmicutes;c__Clostridia;o__Clostridiales;f__Clostridiaceae;g__Clostridium;s__Clostridium_sp._L2-50	k__Bacteria;p__Firmicutes;c__Clostridia;o__Clostridiales;f__Clostridiaceae;g__Clostridium;s__Clostridium_sp._M62/1	k__Bacteria;p__Firmicutes;c__Clostridia;o__Clostridiales;f__;g__Intestinimonas;s__Intestinimonas_butyriciproducens	k__Bacteria;p__Actinobacteria;c__Actinobacteria;o__Bifidobacteriales;f__Bifidobacteriaceae;g__Bifidobacterium;s__Bifidobacterium_bifidum	k__Bacteria;p__Firmicutes;c__Negativicutes;o__Veillonellales;f__Veillonellaceae;g__Dialister;s__Dialister_invisus	k__Bacteria;p__Bacteroidetes;c__Bacteroidia;o__Bacteroidales;f__Bacteroidaceae;g__Bacteroides;s__Bacteroides_salanitronis
k__Bacteria;p__Bacteroidetes;c__Bacteroidia;o__Bacteroidales;f__Bacteroidaceae;g__Bacteroides;s__Bacteroides_vulgatus	1.0	0.00845840932432	0.0532386543407	-0.0480722209571	-0.00729585224104	0.0316127448632	-0.0690738579306	0.0285985825794	-0.0206142852923	-0.0321822657693	-0.0724058641487	0.0180145828737	0.0255218608751	-0.0592333560628	0.0109255021649	0.00542965804381	0.0291999681296	-0.0805273546891	0.020118922293	-0.0314827807273	-0.000651571073839	-0.0265101989782	-0.0326407398078	0.00450716857954	-0.0666665758572	0.00749985339514	0.0210003887057	0.00259020265321	-0.0599876976612	0.0464255193753	0.0593985529997	0.0316217387648	0.0359797921705	-0.0258128629953	0.0368717809784	-0.0361578243376	-0.0239971990144	-0.0575254823688	-0.000658900925819	-0.03188460837	-0.00463483964434	-0.0117894937637	-0.00256705609351	-0.0393037154305	-0.0728542841928	-0.0823369242854	0.0280724698469	-0.0194396148397	-0.0495739392694	0.0515338893271	-0.0269906582269	0.0131510107278	-0.0377015604551	-0.00188592196893	0.0344930734156	-0.0314723574793	-0.0256815304586	-0.0107253678701	-0.0444942909794
k__Bacteria;p__Bacteroidetes;c__Bacteroidia;o__Bacteroidales;f__Bacteroidaceae;g__Bacteroides;s__Bacteroides_uniformis	0.00845840932432	1.0	0.033921424924	0.0282318172802	0.00354550622729	-0.0611360267864	0.0419661062378	-0.0446647308723	0.0335133563586	-0.0549364669189	-0.025198139239	-0.00635446689163	-0.00830500908373	0.0696804683002	-0.0158493108598	0.00917290971456	-0.0373105193214	0.0169994174712	-0.0199989528452	-0.0208352758831	0.00796179225235	-0.01623011606	0.0512373064154	0.0193923089486	0.00122414235495	-0.0590436814261	-0.0315415354252	0.0843954195659	-0.050557781586	-0.00589351155871	-0.0827343405604	-0.0254096107604	-0.0546086697109	-0.0707366305832	-0.0210692720865	-0.035247964159	0.0184473331597	-0.0276741015576	-0.0453383062662	-0.0550671689509	0.0297960339355	0.0199847720928	0.0110150758455	-0.00570606823935	-0.00166217666207	0.0546507563609	-0.0149448954243	0.0169542454958	-0.0145449381096	-0.0765454556265	-0.0166233450138	0.0438837370914	-0.0512776410128	-0.00410685053323	0.0722263956206	-0.0290683524249	0.0115472245332	-0.00666888789811	-0.00224062822231
k__Bacteria;p__Bacteroidetes;c__Bacteroidia;o__Bacteroidales;f__Rikenellaceae;g__Alistipes;s__Alistipes_putredinis	0.0532386543407	0.033921424924	1.0	-0.022610099288	0.0449624664039	-0.00947906724884	-0.0447252208916	-0.00771410062579	0.0161648906895	0.0214250966378	-0.0267347496188	-0.00841040740375	-0.0514841726372	-0.00115549174804	-0.0177732829242	0.0414196894678	-0.0759487190992	0.055170536369	-0.0479450607342	-0.0661562628332	-0.00600098116859	-0.0535821631279	-0.018788725184	0.0467365868967	-0.0334886837448	-0.00615466283715	0.0244121756751	0.0101426517581	-0.0240156645294	-0.0105446542652	-0.00299180530806	-0.00376223538882	0.00717206830157	-0.0148727848938	0.0366481309309	-0.0434696199652	-0.0324066750541	-0.0279349719074	0.0100193106178	-0.0300508127582	-0.0323722570674	-0.0467146855346	0.0373876530263	0.0207332520542	-0.0402192551156	-0.0430554853911	-0.0157647099601	0.0100598175623	0.0293979428381	-0.0219927661852	0.0324532699316	0.0148419401988	-0.0131693725614	-0.0248465942397	0.00256080189531	-0.00668150895972	0.0635748180349	-0.0192861636907	-0.0125816022864
k__Bacteria;p__Bacteroidetes;c__Bacteroidia;o__Bacteroidales;f__Prevotellaceae;g__Prevotella;s__Prevotella_copri	-0.0480722209571	0.0282318172802	-0.022610099288	1.0	-0.0173977296355	-0.0495259808403	0.0401123738008	-0.00264804025	0.0392919037824	-0.0213418538011	0.0235224758401	-0.0213822277503	-0.0309571623438	0.00123729878204	-0.021855146171	0.00299958659335	-0.00133939075093	0.030013872041	-0.0062387841307	0.0412185298134	0.00149251806737	0.0322468519114	-0.0800950013972	0.0163739233468	-0.0352381074319	0.0328192498911	-0.0395907726459	-0.0249193074165	0.00442848063465	-0.0184262548959	-0.0651379162099	-0.0394129845125	0.00338323568004	0.0443378718955	0.0170102572277	-0.0277881880906	-0.000766362566594	-0.0340788714711	0.0142004005888	-0.00516759702449	0.0231671462095	0.0667986027669	0.0394490325172	0.0165125589661	-0.017544862674	-0.0255386192238	-0.119402914566	0.00378437066575	0.0277552440573	0.0490998991674	-0.00537854633599	-0.0351782559556	0.0282698218597	-0.0478608271347	-0.0411446087388	0.0224752753342	0.012828464015	0.024737980434	0.00531616555216
k__Bacteria;p__Bacteroidetes;c__Bacteroidia;o__Bacteroidales;f__Bacteroidaceae;g__Bacteroides;s__Bacteroides_stercoris	-0.00729585224104	0.00354550622729	0.0449624664039	-0.0173977296355	1.0	-0.0100586668105	-0.0602348104344	-0.0100603768945	-0.0153558881034	-0.0646682433935	-0.0396087172468	-0.079524543725	-0.0496848190685	-0.0449432127249	-0.066862321724	-0.00591324474409	-0.026297254448	0.0080729200223	-0.0557561255125	-0.0029192531799	0.0490205413312	-0.00634604742661	-0.0591948982351	0.00477513440778	0.016373170239	-0.0748075967668	0.00946972683314	-0.00994644075315	-0.0157152755615	-0.0528769399269	-0.0383398826609	-0.00416467873145	-0.0353382401217	-0.0139816487214	0.0601057799916	0.0120721078971	-0.000486831696324	-0.0488934865095	-0.00644542932649	0.0272156097881	-0.00863314353732	0.0107933973995	0.0139772336323	-0.0620257099232	0.0772433700032	0.00930210411509	0.0183025812225	0.0807187555803	-0.029759945401	-0.0171852351214	-0.0707160504103	0.0511756799499	-0.0223515753772	0.0141990971515	0.0158176803543	0.031378577676	0.00285411103042	0.0898928555391	0.0192888790946
k__Bacteria;p__Bacteroidetes;c__Bacteroidia;o__Bacteroidales;f__Bacteroidaceae;g__Bacteroides;s__Bacteroides_ovatus	0.0316127448632	-0.0611360267864	-0.00947906724884	-0.0495259808403	-0.0100586668105	1.0	-0.019096455354	-0.0132957880715	-0.0665264137869	-0.0667074866181	-0.0680458612038	-0.0477469544999	0.0102883017582	-0.0532224691544	-0.0396246566379	-0.0267240298306	0.053803762642	-0.00600467591737	-0.0114307488793	-0.0198707492278	-0.0101336689535	0.0490289091472	0.00234995583775	-0.0438435367627	0.0180853763315	-0.0232078048963	-0.0413840939993	-0.0310391419882	0.0212041823369	-0.00615626705705	0.0168682555022	-0.037842589756	0.0183879140022	0.00705944779141	-0.0291771418024	-0.0624233155312	-0.0341366260299	-0.00269416167553	-0.0164561057168	-0.0179899420193	0.00549969725449	0.0608524584834	-0.0161896890655	0.00515070072901	-0.0552047708676	0.00815361814329	0.00645284195883	0.000570304401035	0.0516747617018	-0.0129308663597	0.0277072982469	-0.0463510743299	-0.0582020709579	0.0480762094124	0.0312614834109	0.0122674372035	0.0406751898279	0.0771252738917	-0.0712133509005
k__Bacteria;p__Bacteroidetes;c__Bacteroidia;o__Bacteroidales;f__Rikenellaceae;g__Alistipes;s__Alistipes_shahii	-0.0690738579306	0.0419661062378	-0.0447252208916	0.0401123738008	-0.0602348104344	-0.019096455354	1.0	-0.0389922541589	-0.0223462366449	0.0104408465038	0.00998481392199	0.0166220461661	-0.085764647103	-0.08954449974	-0.00387995699089	-0.0423723789524	-0.0836347001896	-0.0148111257672	0.056307853344	0.0533332825744	-0.00638907646974	-0.0211440675174	0.0315552685845	-0.075415876641	0.0443483690357	-0.00995042252794	-0.0758005061238	0.00871709630145	-0.0332667510356	-0.0515167435108	-0.0395558082854	0.0393403626117	0.0189560457389	0.048711865792	0.0224668246364	-0.00544168229982	-0.0709777086978	0.0417777786537	-0.0280793110689	-0.0222990509285	-0.00170336603539	-0.0349582110509	-0.132262831729	0.0118906187602	-0.0129866911209	0.0454587088885	0.0115534111406	-0.0176107290244	-0.0197459156847	-0.0312546607612	-0.0549902893478	-0.0204657939085	-0.0233273653863	0.0507060077204	6.5926747321e-05	0.0205374392595	0.00463236559555	0.0199549715688	-0.0260519327675
k__Bacteria;p__Firmicutes;c__Clostridia;o__Clostridiales;f__Ruminococcaceae;g__Faecalibacterium;s__Faecalibacterium_prausnitzii	0.0285985825794	-0.0446647308723	-0.00771410062579	-0.00264804025	-0.0100603768945	-0.0132957880715	-0.0389922541589	1.0	-0.00214677486646	0.00564912294969	-0.0406460887142	-0.000932458665696	-0.00166538841689	0.00834852017235	-0.041044862451	-0.085467727624	0.00439996115414	0.00902290993336	-0.0177427936786	0.0065281100147	0.0524736866066	-0.0191621122777	-0.0290328177238	-0.00693889724494	-0.0672302513589	-0.0046761913645	-0.00526717318805	-0.0423337682322	0.0269600780915	-0.00551596091229	0.0274533909572	0.019675731676	-0.0119577854223	0.012265339338	-0.00605523722484	0.0208973003829	-0.0577488501029	-0.0403452230717	-0.0645565600945	0.0817849932667	-3.64564923538e-05	0.0106912580799	-0.0314253367751	-0.0139313063969	-0.0280665210308	-0.0202410371568	-0.0078736162762	0.0147608495425	-0.0101693358341	0.0476867822495	0.0368033382516	-0.00606596154429	-0.0180308509983	-0.0175682974932	-0.00514925499197	-0.0302412039417	-0.0686400277747	-0.0122279146815	-0.0168288821296
k__Bacteria;p__Bacteroidetes;c__Bacteroidia;o__Bacteroidales;f__Rikenellaceae;g__Alistipes;s__Alistipes_finegoldii	-0.0206142852923	0.0335133563586	0.0161648906895	0.0392919037824	-0.0153558881034	-0.0665264137869	-0.0223462366449	-0.00214677486646	1.0	0.0233949507187	0.0157705585139	-0.00623083658729	0.0139845728893	0.00236054826335	-0.0189033872733	-0.0134363670366	-0.0342337837565	-0.0548335120199	-0.0309501412434	-0.0295211969149	-0.0559147007045	-0.000758297575022	-0.030934564178	-0.046948437926	0.041321436995	0.00132808474718	-0.0108455566343	0.00054122512393	0.010129746558	0.00171249272734	-0.0315782244785	-0.0110383881986	-0.0319755557592	-0.0376961896713	-0.0550914850788	-0.0162022378923	-0.00453401613379	-0.072378542135	0.0558718438363	-0.0383484205947	-0.0434823799467	0.0100809712777	-0.0669357938117	0.00650759603135	-0.0242636027567	0.0094272234849	-0.010027211025	0.0359325508547	-0.00929055895047	0.00750414931212	0.00463548278418	0.0434438298479	0.0516007886579	0.00859820798697	-0.0293507067814	-0.0434417951762	0.0334334237035	-0.0396837335767	-0.00219216626834
k__Bacteria;p__Bacteroidetes;c__Bacteroidia;o__Bacteroidales;f__Porphyromonadaceae;g__Parabacteroides;s__Parabacteroides_distasonis	-0.0321822657693	-0.0549364669189	0.0214250966378	-0.0213418538011	-0.0646682433935	-0.0667074866181	0.0104408465038	0.00564912294969	0.0233949507187	1.0	-0.0250253703184	-0.0112688341903	0.0150461472969	0.0159896303321	-0.00884482381018	0.0176200523223	-0.0897230213448	0.0897272255777	-0.0285264553934	0.0189226594829	-0.0141570646114	-0.0214152303307	0.112132568628	-0.0167577870632	0.0104922262095	0.038309467355	0.0256258439649	-0.00840194801901	-0.00437258427905	0.0143953059229	-0.0233747389969	0.0304403110849	-0.0157878609867	-0.010341928746	0.0294970669781	0.0319778273596	-0.00707727845237	-0.0442417540931	-0.00729566767287	0.0240072930949	0.043708504676	-0.0767503293548	-0.0271679893395	-0.0940281948366	0.0259481252456	0.0068668468932	-0.0629126778164	-0.0325511149579	-0.0326909563654	0.0452608213983	0.0200533242385	0.0105170396348	-0.00878960638887	-0.00416873274526	-0.11514201133	-0.0267209951809	0.0837600721873	-0.0628531530497	-0.052618942278
k__Bacteria;p__Bacteroidetes;c__Bacteroidia;o__Bacteroidales;f__Bacteroidaceae;g__Bacteroides;s__Bacteroides_thetaiotaomicron	-0.0724058641487	-0.025198139239	-0.0267347496188	0.0235224758401	-0.0396087172468	-0.0680458612038	0.00998481392199	-0.0406460887142	0.0157705585139	-0.0250253703184	1.0	-0.0561861343948	-0.0683112647048	0.00850146467429	0.0118506231021	0.0409062260411	-0.0128649773458	0.0340379293631	-0.0178182640236	0.00162863744995	0.0271323105652	0.0114168288177	0.0393241295984	-0.0487209347314	-0.0268940323298	-0.0784475890029	-0.0338833139479	0.00381475939458	-0.0486280728772	0.00451008515953	-0.0158631153482	0.00639753601634	-0.00369047222955	0.0661818481212	0.0250679716562	0.0356150265413	0.0242338863786	-0.0316374418343	0.0104308312707	-0.0631504105915	0.00922257736374	-0.0112418714203	-0.0480453688387	-0.0240941941095	0.0481858849529	0.0121315720285	-0.0693821669941	-0.0651609045047	0.0393907685889	-0.0777850732541	-0.0554550394629	0.0117095416741	-0.0170256915586	0.0315036280214	-0.0466677134131	0.0112014460348	-0.0661946926078	0.0266106525369	-0.0270284417399
k__Bacteria;p__Bacteroidetes;c__Bacteroidia;o__Bacteroidales;f__Bacteroidaceae;g__Bacteroides;s__Bacteroides_coprocola	0.0180145828737	-0.00635446689163	-0.00841040740375	-0.0213822277503	-0.079524543725	-0.0477469544999	0.0166220461661	-0.000932458665696	-0.00623083658729	-0.0112688341903	-0.0561861343948	1.0	0.0033796972998	-0.0337455765163	0.0163599522881	0.00505195349946	0.0432086216127	-0.0189751717584	0.00917950400452	-0.0454762698556	0.00356232970426	-0.0324954767744	0.0285886107006	0.00212509679809	0.0147160767503	-0.0424956316774	0.0218642473067	0.0729549423019	-0.0132835195868	0.0718736650547	-0.0500838541048	0.00220729526046	0.00597637650184	0.00746879254392	-0.0250865265102	0.000117012101622	0.0336530199658	0.0127008321829	-0.0416464229119	-0.00812068431557	-0.0697845922796	-0.0386752523527	0.0144226333115	-0.000414090419622	-0.0294871919493	-0.0122471309503	0.0265861361037	-0.0354859972331	-0.0556456960744	0.00727416772814	-0.0420789678803	-0.0298316289082	0.0977051279003	-0.00723039717956	0.00411847505243	-0.0220419603772	0.027986509892	-0.000329744652014	-0.0117358620217
k__Bacteria;p__Bacteroidetes;c__Bacteroidia;o__Bacteroidales;f__Bacteroidaceae;g__Bacteroides;s__Bacteroides_cellulosilyticus	0.0255218608751	-0.00830500908373	-0.0514841726372	-0.0309571623438	-0.0496848190685	0.0102883017582	-0.085764647103	-0.00166538841689	0.0139845728893	0.0150461472969	-0.0683112647048	0.0033796972998	1.0	-0.00152880057058	-0.0203825053181	-0.00826223754401	0.0649964116626	-0.0120085816456	-0.0348697428766	-0.0531721853804	-0.0377342819098	-0.0470336350553	0.00710084964495	-0.0275723949472	0.00431923600701	-0.0494187498323	-0.0448252006595	0.0172020304497	-0.0325641130325	0.00832646235819	0.0456829401202	0.0505655338352	-0.00987054122772	0.0175911489669	-0.0186793828061	-0.100043974974	-0.0507352549517	0.00810006493207	-0.0472726853215	-0.0158029932863	-0.0459812113664	-0.00670204003888	-0.0356627246918	0.0135756107725	-0.0425570437426	0.00972321461083	0.0536829263932	-0.0278925124641	-0.0225039763479	-0.0174494861691	-0.0122049997037	-0.00878837110355	0.0240173185133	-0.0124728760059	0.00377010164453	-0.0471722462591	-0.0235630005228	-0.0574774389681	-0.0452414478843
k__Bacteria;p__Bacteroidetes;c__Bacteroidia;o__Bacteroidales;f__Rikenellaceae;g__Alistipes;s__Alistipes_obesi	-0.0592333560628	0.0696804683002	-0.00115549174804	0.00123729878204	-0.0449432127249	-0.0532224691544	-0.08954449974	0.00834852017235	0.00236054826335	0.0159896303321	0.00850146467429	-0.0337455765163	-0.00152880057058	1.0	-0.0585701616257	-0.0183669148071	0.0363851027596	0.0563927008472	0.0343765212287	0.0569993348487	-0.0131200929292	0.00594679540459	-0.0574240608052	0.0224850958999	-0.0545811959047	0.0623842441706	-0.0100569778781	0.0359591670687	-0.019425811736	-0.00469954844494	-0.0605400320902	-0.0409518303038	-0.000423783180507	-0.0353007850929	-0.0527339017123	0.0195672144627	0.0530691284109	-0.0278655436822	0.0490284228813	0.0702454710938	-0.0184120819368	0.024270964156	-0.0359663251429	-0.109056601381	0.00859472953949	0.0314816232683	0.0069727922522	0.0417041460623	0.00159965007613	0.0111511637801	-0.0341229578806	-0.067655787467	-0.0808503414687	-0.0142540332368	-0.0199362706288	-0.0454254331195	-0.00222737603149	-0.0114911821521	-0.0595415822306
k__Bacteria;p__Firmicutes;c__Clostridia;o__Clostridiales;f__Lachnospiraceae;g__;s__[Eubacterium]_rectale	0.0109255021649	-0.0158493108598	-0.0177732829242	-0.021855146171	-0.066862321724	-0.0396246566379	-0.00387995699089	-0.041044862451	-0.0189033872733	-0.00884482381018	0.0118506231021	0.0163599522881	-0.0203825053181	-0.0585701616257	1.0	0.0031108406291	-0.00330551003065	0.0384558212801	0.00741333995359	-0.0200847787355	-0.0334188230474	0.0255541665635	-0.0921141682946	0.0645321924791	-0.021144407599	0.0337293459496	-0.0552171969643	0.0183472617928	0.00505384139952	0.0108790095537	-0.00383551568013	-0.00750633404901	0.0273989854557	-0.0694446046305	0.000731072148838	-0.0633521950817	-0.0396770808034	-0.0247650690465	-0.0331350247738	-0.0501496347911	0.0600912283419	-0.0341987501501	0.00451596965182	-0.0220802063385	-0.0276468245844	-0.00829294014552	-0.0128272091498	-0.0487199482156	0.0506031122243	0.0126790270947	0.00544218448133	0.0365062446423	0.0481354718014	-0.057565028346	-0.0332158138457	0.0726501057263	-0.0226492928626	0.00616302207053	0.0489507528627
k__Bacteria;p__Bacteroidetes;c__Bacteroidia;o__Bacteroidales;f__Bacteroidaceae;g__Bacteroides;s__Bacteroides_plebeius	0.00542965804381	0.00917290971456	0.0414196894678	0.00299958659335	-0.00591324474409	-0.0267240298306	-0.0423723789524	-0.085467727624	-0.0134363670366	0.0176200523223	0.0409062260411	0.00505195349946	-0.00826223754401	-0.0183669148071	0.0031108406291	1.0	-0.0379791959349	-0.0482379933764	-0.00808133846083	-0.0120277510218	0.0276972081536	0.0525789523126	-0.029824334196	-0.0309041999415	0.000963024754395	0.0223228112801	0.00095400847717	0.0299888551238	0.0358317609614	-0.00535555888728	-0.0558024651283	-0.0178157927207	-0.0225959115791	0.00981430441261	0.0769744923845	0.0286808647746	-0.00169924525928	-0.0137553933773	0.0191587336046	-0.0248883516281	0.0468159537785	-0.00945713372467	-0.0714220799404	0.0084187501861	0.0423429793334	0.00341368870672	0.0569684175316	0.0169473991655	-0.015877178264	0.018536507842	-0.0667890286015	-0.0103477127826	0.0227205372503	-0.021851366242	-0.0417812794318	-0.0141367626693	-0.0197339377134	-0.0676994110865	-0.0111904125383
k__Bacteria;p__Bacteroidetes;c__Bacteroidia;o__Bacteroidales;f__Bacteroidaceae;g__Bacteroides;s__Bacteroides_fragilis	0.0291999681296	-0.0373105193214	-0.0759487190992	-0.00133939075093	-0.026297254448	0.053803762642	-0.0836347001896	0.00439996115414	-0.0342337837565	-0.0897230213448	-0.0128649773458	0.0432086216127	0.0649964116626	0.0363851027596	-0.00330551003065	-0.0379791959349	1.0	-0.0351448192298	0.000786530336068	-0.013227743091	-0.0424848632961	-0.0100306663989	0.0215516123684	-0.0516496141901	-0.00705831303621	-0.0245890893999	-0.0150501051846	-0.029687453356	-0.00687186432359	-0.0695833037699	-0.0077952704839	0.00855434997075	0.00113453996341	-0.00661478897161	-0.0284692958012	0.00182874665981	0.00790486292876	-0.0478594656855	0.00223593718601	-0.0423564772352	0.00117685487398	-0.0408160189713	-0.0528365935489	-0.0217737503907	-0.00468699566293	0.0379453998609	0.0159616477416	-0.0229130961002	-0.0977765272351	-0.076769266553	0.043192097777	-0.0814249613117	0.0278668629211	-0.0312052076263	0.00487284783133	0.0558655827102	0.00654800374452	0.0440751173788	0.0250284045066
k__Bacteria;p__Proteobacteria;c__Betaproteobacteria;o__Burkholderiales;f__Sutterellaceae;g__Sutterella;s__Sutterella_wadsworthensis	-0.0805273546891	0.0169994174712	0.055170536369	0.030013872041	0.0080729200223	-0.00600467591737	-0.0148111257672	0.00902290993336	-0.0548335120199	0.0897272255777	0.0340379293631	-0.0189751717584	-0.0120085816456	0.0563927008472	0.0384558212801	-0.0482379933764	-0.0351448192298	1.0	-0.00604250175875	-0.0691287849979	-0.00652591212224	0.045993821918	-0.0303186907861	-0.0309174816056	-0.0263103144005	-0.0288669397542	-0.0273263629145	0.0137216402785	0.0224006115954	0.0139967048214	-0.0141136973325	-0.0100080525081	-0.0359210613869	-0.0172986099369	-0.031263844854	0.00860044258067	-0.0555961472445	0.0274903278438	-0.0970886695662	-0.0761941954483	-0.0596054914973	-0.0233176298653	0.00347675410275	-0.0474635761004	-0.0617613446055	0.0382920329492	0.00168917956522	0.0449813022492	-0.0293100357517	-0.0849057376254	-0.0114882100894	0.0198097491398	-0.00630613724569	0.041418311193	-0.0248256705055	-0.0351442648996	-0.00569079172118	-0.0092272840943	0.0400319597373
k__Bacteria;p__Bacteroidetes;c__Bacteroidia;o__Bacteroidales;f__Porphyromonadaceae;g__Barnesiella;s__Barnesiella_intestinihominis	0.020118922293	-0.0199989528452	-0.0479450607342	-0.0062387841307	-0.0557561255125	-0.0114307488793	0.056307853344	-0.0177427936786	-0.0309501412434	-0.0285264553934	-0.0178182640236	0.00917950400452	-0.0348697428766	0.0343765212287	0.00741333995359	-0.00808133846083	0.000786530336068	-0.00604250175875	1.0	0.029489993062	0.0718289250431	0.0200831925359	-0.0322204665625	-0.0318991278822	-0.00909354575436	-0.00947645981007	0.0649291860118	-0.0379118373211	0.0202420807952	-0.0252977710684	-0.0402129738881	-0.0187665124368	-0.0184256518069	0.0221000281108	-0.0512093396374	-0.02757529882	-0.0104590126766	0.0533315079836	-0.00564818823724	-0.0404260021707	-0.0317425581793	-0.00874455850284	-0.0337805952981	0.00459192241867	-0.0171028382366	-0.0236205301291	0.0232795080152	-0.021641851895	-0.00939527440276	-0.0432851675233	0.0356178100356	-0.0397584320027	-0.00943580896651	-0.0764853452105	0.0308261574723	-0.031559546437	-0.024167445899	0.0826976611395	-0.0500268159873
k__Bacteria;p__Bacteroidetes;c__Bacteroidia;o__Bacteroidales;f__Odoribacteraceae;g__Odoribacter;s__Odoribacter_splanchnicus	-0.0314827807273	-0.0208352758831	-0.0661562628332	0.0412185298134	-0.0029192531799	-0.0198707492278	0.0533332825744	0.0065281100147	-0.0295211969149	0.0189226594829	0.00162863744995	-0.0454762698556	-0.0531721853804	0.0569993348487	-0.0200847787355	-0.0120277510218	-0.013227743091	-0.0691287849979	0.029489993062	1.0	0.0126352690085	-0.00603672046681	-0.00258492115824	0.0169592784463	-0.083011883318	-0.0152748151198	-0.0217556924652	-0.0802322359693	0.0342302256225	-0.0216231211216	0.0133114274513	-0.0726979036097	-0.0433611584686	-0.0363248459261	-0.00582154618001	0.0154034789125	0.0447805934393	-0.0574589369722	0.0569846268364	-0.0308007225767	-0.0579067118775	0.00164116094898	0.00710012528356	0.0500899014126	0.00855753928277	-0.062667621737	-0.0670603590488	-0.0532456825626	-0.0356241546297	0.0591844233358	-0.0568431429822	0.00142623294783	0.00773870690156	0.00832109201643	0.0467701724111	-0.003754932737	0.0413885369767	-0.0674782567403	-0.0103225375797
k__Bacteria;p__Bacteroidetes;c__Bacteroidia;o__Bacteroidales;f__Bacteroidaceae;g__Bacteroides;s__Bacteroides_salyersiae	-0.000651571073839	0.00796179225235	-0.00600098116859	0.00149251806737	0.0490205413312	-0.0101336689535	-0.00638907646974	0.0524736866066	-0.0559147007045	-0.0141570646114	0.0271323105652	0.00356232970426	-0.0377342819098	-0.0131200929292	-0.0334188230474	0.0276972081536	-0.0424848632961	-0.00652591212224	0.0718289250431	0.0126352690085	1.0	-0.013363630302	0.0145544818009	-0.00568088177123	-0.0173931742632	-0.00991777698381	-0.0275768990709	0.00878516447403	-0.0200505231782	-0.0526024933906	-0.024459736717	0.0454539713629	-0.0141844701444	-0.00515490565963	-0.0387604568027	0.0602800967559	-0.0102447735759	0.00209123137333	0.0493762593729	0.0054520674988	0.036507845429	0.0161727653939	-0.0436098728118	0.00819195969239	-0.0823969496444	-0.0437664647887	0.00215429900713	0.00980314503694	-0.00232446475572	0.0419218189073	-0.103091177839	-0.0397708830061	-0.0479472544005	0.00312952058049	0.00219088484595	-0.0655728968072	-0.00566862615653	0.0244130755536	0.0136505169612
k__Bacteria;p__Firmicutes;c__Clostridia;o__Clostridiales;f__Ruminococcaceae;g__Ruminiclostridium;s__[Eubacterium]_siraeum	-0.0265101989782	-0.01623011606	-0.0535821631279	0.0322468519114	-0.00634604742661	0.0490289091472	-0.0211440675174	-0.0191621122777	-0.000758297575022	-0.0214152303307	0.0114168288177	-0.0324954767744	-0.0470336350553	0.00594679540459	0.0255541665635	0.0525789523126	-0.0100306663989	0.045993821918	0.0200831925359	-0.00603672046681	-0.013363630302	1.0	0.0224395684311	0.0223017365735	0.054537574635	-0.101072875343	0.0384192995782	0.00294547354601	0.0422712112365	-0.0216675292204	0.0209240392645	0.0316440725736	0.0516057102126	-0.0240064982392	0.0192469691129	-0.0665130153093	-0.0125915162392	-0.0393995840889	-0.0114931692003	0.00652455977662	-0.0521490459308	-0.0504241791617	-0.042212128972	-0.0158126263179	-0.036395026663	-0.0612782233662	-0.0309172931036	-0.0329878179208	0.0379896657827	-0.0192860028624	-0.0604992409535	-0.0336937179632	-0.0111167007572	-0.060635866952	-0.0174864855632	0.0116054618016	0.0470105611382	0.054840316436	-0.0381484816665
k__Bacteria;p__Proteobacteria;c__Betaproteobacteria;o__Burkholderiales;f__Sutterellaceae;g__Parasutterella;s__Parasutterella_excrementihominis	-0.0326407398078	0.0512373064154	-0.018788725184	-0.0800950013972	-0.0591948982351	0.00234995583775	0.0315552685845	-0.0290328177238	-0.030934564178	0.112132568628	0.0393241295984	0.0285886107006	0.00710084964495	-0.0574240608052	-0.0921141682946	-0.029824334196	0.0215516123684	-0.0303186907861	-0.0322204665625	-0.00258492115824	0.0145544818009	0.0224395684311	1.0	0.0564766965245	0.0064155484883	0.0265715347899	0.0470377497965	0.0722859973359	-0.00563798618823	-0.0331546416285	-0.0503081533766	-0.00378560886771	-0.0725827594691	-0.0530809013687	-0.0320127433998	-0.0607999796765	-0.0700898109602	-0.0221583666167	-0.0112881947091	0.0227108124862	0.0407873635067	-1.53381029098e-05	0.0404413534735	0.0157830350988	-0.00151456045539	-0.0310726474047	-0.0374777585634	-0.0082958191729	-0.0829117444639	0.0450176784778	-0.0311674127751	-0.02793719133	-0.0386101665619	0.019073613002	-0.00323841218649	0.0443154142442	0.0175689712167	0.0652639479719	-0.0149749800813
k__Bacteria;p__Actinobacteria;c__Actinobacteria;o__Bifidobacteriales;f__Bifidobacteriaceae;g__Bifidobacterium;s__Bifidobacterium_adolescentis	0.00450716857954	0.0193923089486	0.0467365868967	0.0163739233468	0.00477513440778	-0.0438435367627	-0.075415876641	-0.00693889724494	-0.046948437926	-0.0167577870632	-0.0487209347314	0.00212509679809	-0.0275723949472	0.0224850958999	0.0645321924791	-0.0309041999415	-0.0516496141901	-0.0309174816056	-0.0318991278822	0.0169592784463	-0.00568088177123	0.0223017365735	0.0564766965245	1.0	0.0185487359977	-0.00854919450165	-0.0500589384665	-0.0540465935722	0.00578497698616	0.0182233316867	0.0627656849843	0.00119369620755	0.0833771911044	-0.0506770380244	-0.0167357354538	0.00976984654065	-0.0160761009278	0.0122828119941	-0.00502537823128	-0.00760177891457	0.00186383927852	-0.0548296908734	0.0668474786124	-0.00570396375846	-0.0266961339228	-0.00157412422225	0.0122121167912	0.03151133743	-0.0456391429509	-0.0153281212947	0.0350636940552	-0.0429941754379	-0.0083685223415	0.0244458728465	-0.0582102870419	0.00443415450197	9.16063417302e-05	-0.0265031653292	-0.0175450520291
k__Bacteria;p__Firmicutes;c__Clostridia;o__Clostridiales;f__Oscillospiraceae;g__Oscillibacter;s__Oscillibacter_sp._KLE_1745	-0.0666665758572	0.00122414235495	-0.0334886837448	-0.0352381074319	0.016373170239	0.0180853763315	0.0443483690357	-0.0672302513589	0.041321436995	0.0104922262095	-0.0268940323298	0.0147160767503	0.00431923600701	-0.0545811959047	-0.021144407599	0.000963024754395	-0.00705831303621	-0.0263103144005	-0.00909354575436	-0.083011883318	-0.0173931742632	0.054537574635	0.0064155484883	0.0185487359977	1.0	-0.0377738519101	0.0193798631329	-0.0114613085096	-0.0434522216663	-0.0161401056733	-0.0481698783254	-0.0193857277274	0.0155653116576	0.0043643415124	0.0046596527792	0.0486750679084	-0.00962587184637	0.0445563691415	0.000214345660692	-0.079000603137	-0.0168492941217	-0.0295354003911	-0.0075836972068	0.0129030921943	-0.00309806722911	0.0165883682325	-0.0110937060698	0.033821328833	0.00602040828235	-0.0734661352612	-0.0271477372955	-0.0718273026312	0.0210667144274	-0.027883305269	0.0127188702115	0.0384086686601	0.0183001165004	0.0282162353903	0.0344501046548
k__Bacteria;p__Bacteroidetes;c__Bacteroidia;o__Bacteroidales;f__Bacteroidaceae;g__Bacteroides;s__Bacteroides_coprophilus	0.00749985339514	-0.0590436814261	-0.00615466283715	0.0328192498911	-0.0748075967668	-0.0232078048963	-0.00995042252794	-0.0046761913645	0.00132808474718	0.038309467355	-0.0784475890029	-0.0424956316774	-0.0494187498323	0.0623842441706	0.0337293459496	0.0223228112801	-0.0245890893999	-0.0288669397542	-0.00947645981007	-0.0152748151198	-0.00991777698381	-0.101072875343	0.0265715347899	-0.00854919450165	-0.0377738519101	1.0	-0.0196887201553	-0.0233029753408	-0.0167012892671	-0.00252121453183	-0.0336436164689	-0.0308479672417	0.0190431134008	0.0577267355714	0.00304585578339	-0.0292315941535	-0.00751971417886	-0.0052947508731	-0.0224719537974	0.0131238396031	0.00531918181048	0.0474988829503	-0.0606861754599	-0.0220438996904	-0.0109984139651	0.0040500166396	-0.0153350451407	-0.0239667544499	-0.0585057912184	0.0376435845263	0.0805945511149	0.0317969815008	0.00569843403037	0.036137135981	3.11755290915e-05	-0.0348700672261	0.031979805069	-0.0344872491212	-0.028801239447
k__Bacteria;p__Firmicutes;c__Clostridia;o__Clostridiales;f__Lachnospiraceae;g__Roseburia;s__Roseburia_intestinalis	0.0210003887057	-0.0315415354252	0.0244121756751	-0.0395907726459	0.00946972683314	-0.0413840939993	-0.0758005061238	-0.00526717318805	-0.0108455566343	0.0256258439649	-0.0338833139479	0.0218642473067	-0.0448252006595	-0.0100569778781	-0.0552171969643	0.00095400847717	-0.0150501051846	-0.0273263629145	0.0649291860118	-0.0217556924652	-0.0275768990709	0.0384192995782	0.0470377497965	-0.0500589384665	0.0193798631329	-0.0196887201553	1.0	0.0587636624575	-0.0498024004159	0.0337186985263	0.0427783574248	0.0398900971264	-0.0293884156826	-0.0267750584785	-0.0477079956217	0.00510863318356	0.0373288316315	0.0014959105489	0.0492032121906	-0.064309558656	0.0124430090958	0.0122270098338	0.0199074212529	-0.0339350167433	0.00406310847452	0.0688644745427	-0.0305208350712	0.0123226055977	0.00851606347075	-0.0244701783051	0.0315197618879	0.0206726229138	-0.0334218754448	0.0334296578728	-0.0945507363052	-0.0211159092137	0.0895359790974	-0.040571567346	-0.0479096311433
k__Bacteria;p__Firmicutes;c__Clostridia;o__Clostridiales;f__Lachnospiraceae;g__Roseburia;s__Roseburia_hominis	0.00259020265321	0.0843954195659	0.0101426517581	-0.0249193074165	-0.00994644075315	-0.0310391419882	0.00871709630145	-0.0423337682322	0.00054122512393	-0.00840194801901	0.00381475939458	0.0729549423019	0.0172020304497	0.0359591670687	0.0183472617928	0.0299888551238	-0.029687453356	0.0137216402785	-0.0379118373211	-0.0802322359693	0.00878516447403	0.00294547354601	0.0722859973359	-0.0540465935722	-0.0114613085096	-0.0233029753408	0.0587636624575	1.0	-0.0495870949155	0.0126003747852	-0.0507608041709	0.0148388817421	-0.0015408671197	-0.00582233813724	0.0366449085145	0.0136332693494	-0.071361583765	0.0342249048689	0.00718633148098	-0.00993678473463	-0.0258402564426	0.0543931110541	0.0430973218756	0.0401685851697	-0.0106726351031	-0.0149787572724	-0.000823476559129	-0.0175194542717	-0.0223268894883	-0.019800353056	-0.00215486572227	-0.0479948597183	0.0251530998979	-0.0112092191505	-0.0323185331111	0.00477164517816	-0.0446702510303	-0.0288442247864	-0.0319160029421
k__Bacteria;p__Bacteroidetes;c__Bacteroidia;o__Bacteroidales;f__Porphyromonadaceae;g__Parabacteroides;s__Parabacteroides_johnsonii	-0.0599876976612	-0.050557781586	-0.0240156645294	0.00442848063465	-0.0157152755615	0.0212041823369	-0.0332667510356	0.0269600780915	0.010129746558	-0.00437258427905	-0.0486280728772	-0.0132835195868	-0.0325641130325	-0.019425811736	0.00505384139952	0.0358317609614	-0.00687186432359	0.0224006115954	0.0202420807952	0.0342302256225	-0.0200505231782	0.0422712112365	-0.00563798618823	0.00578497698616	-0.0434522216663	-0.0167012892671	-0.0498024004159	-0.0495870949155	1.0	-0.0648212608868	0.0365710637423	-0.0437536107908	0.00489978283819	-0.00737712710179	0.00408723446062	0.0426922952821	-0.025599487866	0.0300890315578	-0.0961436487397	0.0142816505895	-0.0301504464066	0.0415595723953	-0.0372550616736	0.00342769017713	-0.048974265762	-0.0684085313724	-0.0491715504469	-0.053637749304	0.0507567723214	0.00419281200327	0.0387221718558	0.0198618743116	-0.0582488654842	-0.0388045949004	-0.0201890313288	-0.0273143921318	-0.0701601996117	-0.0623119440861	-0.00899626751889
k__Bacteria;p__Actinobacteria;c__Actinobacteria;o__Bifidobacteriales;f__Bifidobacteriaceae;g__Bifidobacterium;s__Bifidobacterium_longum	0.0464255193753	-0.00589351155871	-0.0105446542652	-0.0184262548959	-0.0528769399269	-0.00615626705705	-0.0515167435108	-0.00551596091229	0.00171249272734	0.0143953059229	0.00451008515953	0.0718736650547	0.00832646235819	-0.00469954844494	0.0108790095537	-0.00535555888728	-0.0695833037699	0.0139967048214	-0.0252977710684	-0.0216231211216	-0.0526024933906	-0.0216675292204	-0.0331546416285	0.0182233316867	-0.0161401056733	-0.00252121453183	0.0337186985263	0.0126003747852	-0.0648212608868	1.0	0.00299418087097	-0.00896949985957	0.0111287723942	0.0132251450358	-0.0748747625244	0.0101440009292	0.0244883018851	-0.0553177477056	-0.0671487126969	-0.00679158437661	-0.0575378529902	0.0220078063449	0.0206435054493	-0.0728620024252	0.00369539335046	0.0640463823191	0.0774907407282	0.0294543597427	-0.0176578989023	0.00820792221002	-0.00501185390223	-0.0100721141802	-0.0834993386311	-0.0422002641901	0.0724495308511	-0.0132116104077	-0.0697010142347	-0.0645810823382	0.00518467600535
