#taxonomy	k__Bacteria;p__Bacteroidetes;c__Bacteroidia;o__Bacteroidales;f__Bacteroidaceae;g__Bacteroides;s__Bacteroides_vulgatus	k__Bacteria;p__Bacteroidetes;c__Bacteroidia;o__Bacteroidales;f__Bacteroidaceae;g__Bacteroides;s__Bacteroides_uniformis	k__Bacteria;p__Bacteroidetes;c__Bacteroidia;o__Bacteroidales;f__Rikenellaceae;g__Alistipes;s__Alistipes_putredinis	k__Bacteria;p__Bacteroidetes;c__Bacteroidia;o__Bacteroidales;f__Prevotellaceae;g__Prevotella;s__Prevotella_copri	k__Bacteria;p__Bacteroidetes;c__Bacteroidia;o__Bacteroidales;f__Bacteroidaceae;g__Bacteroides;s__Bacteroides_stercoris	k__Bacteria;p__Bacteroidetes;c__Bacteroidia;o__Bacteroidales;f__Bacteroidaceae;g__Bacteroides;s__Bacteroides_ovatus	k__Bacteria;p__Bacteroidetes;c__Bacteroidia;o__Bacteroidales;f__Rikenellaceae;g__Alistipes;s__Alistipes_shahii	k__Bacteria;p__Firmicutes;c__Clostridia;o__Clostridiales;f__Ruminococcaceae;g__Faecalibacterium;s__Faecalibacterium_prausnitzii	k__Bacteria;p__Bacteroidetes;c__Bacteroidia;o__Bacteroidales;f__Rikenellaceae;g__Alistipes;s__Alistipes_finegoldii	k__Bacteria;p__Bacteroidetes;c__Bacteroidia;o__Bacteroidales;f__Porphyromonadaceae;g__Parabacteroides;s__Parabacteroides_distasonis	k__Bacteria;p__Bacteroidetes;c__Bacteroidia;o__Bacteroidales;f__Bacteroidaceae;g__Bacteroides;s__Bacteroides_thetaiotaomicron	k__Bacteria;p__Bacteroidetes;c__Bacteroidia;o__Bacteroidales;f__Bacteroidaceae;g__Bacteroides;s__Bacteroides_coprocola	k__Bacteria;p__Bacteroidetes;c__Bacteroidia;o__Bacteroidales;f__Bacteroidaceae;g__Bacteroides;s__Bacteroides_cellulosilyticus	k__Bacteria;p__Bacteroidetes;c__Bacteroidia;o__Bacteroidales;f__Rikenellaceae;g__Alistipes;s__Alistipes_obesi	k__Bacteria;p__Firmicutes;c__Clostridia;o__Clostridiales;f__Lachnospiraceae;g__;s__[Eubacterium]_rectale	k__Bacteria;p__Bacteroidetes;c__Bacteroidia;o__Bacteroidales;f__Bacteroidaceae;g__Bacteroides;s__Bacteroides_plebeius	k__Bacteria;p__Bacteroidetes;c__Bacteroidia;o__Bacteroidales;f__Bacteroidaceae;g__Bacteroides;s__Bacteroides_fragilis	k__Bacteria;p__Proteobacteria;c__Betaproteobacteria;o__Burkholderiales;f__Sutterellaceae;g__Sutterella;s__Sutterella_wadsworthensis	k__Bacteria;p__Bacteroidetes;c__Bacteroidia;o__Bacteroidales;f__Porphyromonadaceae;g__Barnesiella;s__Barnesiella_intestinihominis	k__Bacteria;p__Bacteroidetes;c__Bacteroidia;o__Bacteroidales;f__Odoribacteraceae;g__Odoribacter;s__Odoribacter_splanchnicus	k__Bacteria;p__Bacteroidetes;c__Bacteroidia;o__Bacteroidales;f__Bacteroidaceae;g__Bacteroides;s__Bacteroides_salyersiae	k__Bacteria;p__Firmicutes;c__Clostridia;o__Clostridiales;f__Ruminococcaceae;g__Ruminiclostridium;s__[Eubacterium]_siraeum	k__Bacteria;p__Proteobacteria;c__Betaproteobacteria;o__Burkholderiales;f__Sutterellaceae;g__Parasutterella;s__Parasutterella_excrementihominis	k__Bacteria;p__Actinobacteria;c__Actinobacteria;o__Bifidobacteriales;f__Bifidobacteriaceae;g__Bifidobacterium;s__Bifidobacterium_adolescentis	k__Bacteria;p__Firmicutes;c__Clostridia;o__Clostridiales;f__Oscillospiraceae;g__Oscillibacter;s__Oscillibacter_sp._KLE_1745	k__Bacteria;p__Bacteroidetes;c__Bacteroidia;o__Bacteroidales;f__Bacteroidaceae;g__Bacteroides;s__Bacteroides_coprophilus	k__Bacteria;p__Firmicutes;c__Clostridia;o__Clostridiales;f__Lachnospiraceae;g__Roseburia;s__Roseburia_intestinalis	k__Bacteria;p__Firmicutes;c__Clostridia;o__Clostridiales;f__Lachnospiraceae;g__Roseburia;s__Roseburia_hominis	k__Bacteria;p__Bacteroidetes;c__Bacteroidia;o__Bacteroidales;f__Porphyromonadaceae;g__Parabacteroides;s__Parabacteroides_johnsonii	k__Bacteria;p__Actinobacteria;c__Actinobacteria;o__Bifidobacteriales;f__Bifidobacteriaceae;g__Bifidobacterium;s__Bifidobacterium_longum	k__Bacteria;p__Firmicutes;c__Clostridia;o__Clostridiales;f__;g__Flavonifractor;s__Flavonifractor_plautii	k__Bacteria;p__Firmicutes;c__Clostridia;o__Clostridiales;f__Clostridiaceae;g__Clostridium;s__Clostridium_phoceensis	k__Bacteria;p__Verrucomicrobia;c__Verrucomicrobiae;o__Verrucomicrobiales;f__Akkermansiaceae;g__Akkermansia;s__Akkermansia_muciniphila	k__Bacteria;p__Bacteroidetes;c__Bacteroidia;o__Bacteroidales;f__Prevotellaceae;g__Paraprevotella;s__Paraprevotella_xylaniphila	k__Bacteria;p__Firmicutes;c__Clostridia;o__Clostridiales;f__Ruminococcaceae;g__Ruminococcus;s__Ruminococcus_callidus	k__Bacteria;p__Bacteroidetes;c__Bacteroidia;o__Bacteroidales;f__Rikenellaceae;g__Alistipes;s__Alistipes_senegalensis	k__Bacteria;p__Firmicutes;c__Clostridia;o__Clostridiales;f__Lachnospiraceae;g__Blautia;s__Blautia_sp._KLE_1732	k__Bacteria;p__Bacteroidetes;c__Bacteroidia;o__Bacteroidales;f__Bacteroidaceae;g__Bacteroides;s__Bacteroides_oleiciplenus	k__Bacteria;p__Firmicutes;c__Clostridia;o__Clostridiales;f__Ruminococcaceae;g__Ruminococcus;s__Ruminococcus_bicirculans	k__Bacteria;p__Bacteroidetes;c__Bacteroidia;o__Bacteroidales;f__Bacteroidaceae;g__Bacteroides;s__Bacteroides_fluxus	k__Bacteria;p__Bacteroidetes;c__Bacteroidia;o__Bacteroidales;f__Prevotellaceae;g__Prevotella;s__Prevotella_stercorea	k__Bacteria;p__Firmicutes;c__Clostridia;o__Clostridiales;f__Lachnospiraceae;g__Dorea;s__Dorea_longicatena	k__Bacteria;p__Firmicutes;c__Clostridia;o__Clostridiales;f__Eubacteriaceae;g__Eubacterium;s__[Eubacterium]_eligens	k__Bacteria;p__Firmicutes;c__Clostridia;o__Clostridiales;f__Ruminococcaceae;g__;s__Ruminococcaceae_bacterium_D16	k__Bacteria;p__Firmicutes;c__Clostridia;o__Clostridiales;f__Lachnospiraceae;g__Coprococcus;s__Coprococcus_comes	k__Bacteria;p__Proteobacteria;c__Gammaproteobacteria;o__Enterobacterales;f__Enterobacteriaceae;g__Escherichia;s__Escherichia_coli	k__Bacteria;p__Firmicutes;c__Clostridia;o__Clostridiales;f__Ruminococcaceae;g__Anaerotruncus;s__Anaerotruncus_colihominis	k__Bacteria;p__Firmicutes;c__Clostridia;o__Clostridiales;f__Lachnospiraceae;g__Blautia;s__Blautia_obeum	k__Bacteria;p__Bacteroidetes;c__Bacteroidia;o__Bacteroidales;f__Odoribacteraceae;g__Odoribacter;s__Odoribacter_laneus	k__Bacteria;p__Firmicutes;c__Clostridia;o__Clostridiales;f__Ruminococcaceae;g__Ruminiclostridium;s__[Clostridium]_leptum	k__Bacteria;p__Bacteroidetes;c__Bacteroidia;o__Bacteroidales;f__Porphyromonadaceae;g__Parabacteroides;s__Parabacteroides_goldsteinii	k__Bacteria;p__Firmicutes;c__Clostridia;o__Clostridiales;f__Lachnospiraceae;g__Anaerostipes;s__Anaerostipes_hadrus	k__Bacteria;p__Firmicutes;c__Clostridia;o__Clostridiales;f__Ruminococcaceae;g__Ruminococcus;s__Ruminococcus_lactaris	k__Bacteria;p__Firmicutes;c__Clostridia;o__Clostridiales;f__Clostridiaceae;g__Clostridium;s__Clostridium_sp._L2-50	k__Bacteria;p__Firmicutes;c__Clostridia;o__Clostridiales;f__Clostridiaceae;g__Clostridium;s__Clostridium_sp._M62/1	k__Bacteria;p__Firmicutes;c__Clostridia;o__Clostridiales;f__;g__Intestinimonas;s__Intestinimonas_butyriciproducens	k__Bacteria;p__Actinobacteria;c__Actinobacteria;o__Bifidobacteriales;f__Bifidobacteriaceae;g__Bifidobacterium;s__Bifidobacterium_bifidum	k__Bacteria;p__Firmicutes;c__Negativicutes;o__Veillonellales;f__Veillonellaceae;g__Dialister;s__Dialister_invisus	k__Bacteria;p__Bacteroidetes;c__Bacteroidia;o__Bacteroidales;f__Bacteroidaceae;g__Bacteroides;s__Bacteroides_salanitronis
k__Bacteria;p__Bacteroidetes;c__Bacteroidia;o__Bacteroidales;f__Bacteroidaceae;g__Bacteroides;s__Bacteroides_vulgatus	1.0	-0.0156010310366	-0.00803874716629	0.00770544643343	-0.0576114824266	-0.0428057737627	-0.0103803989946	0.0294033973352	-0.0189547145729	-0.00480485239078	-0.0198016966984	0.0364598999572	-0.0745339508437	0.032110595123	0.0296969441305	-0.024668018687	-0.0844465757798	0.0303402121541	0.0141981925924	-0.0346103696842	-0.0531888531545	-0.0478070782872	-0.0163996968544	0.062164584878	0.0401811567842	-0.0211647716269	0.0197805644105	0.00375463365969	-0.0232625956173	0.00281776918975	-0.00270631009802	-0.0108563380487	-0.00304761557689	-0.0610531023223	-0.0673942397539	0.0506112304327	-0.0418532816946	0.0133645340728	-0.0239000070692	0.0184844745594	0.00984592618058	-0.0543430478864	-0.0236384757948	-0.0159729215685	-0.0106698506303	0.0337916221702	-0.0591946720854	-0.0915477107286	-0.0147670724322	-0.0492454512972	-0.0056728505928	0.0313267231056	0.0651399520002	-0.00596188691696	-0.0246758085124	-0.00158123964102	-0.0458598470445	-0.0724734449494	0.00297259278582
k__Bacteria;p__Bacteroidetes;c__Bacteroidia;o__Bacteroidales;f__Bacteroidaceae;g__Bacteroides;s__Bacteroides_uniformis	-0.0156010310366	1.0	-0.00918506975645	0.0123920403519	-0.0285176650634	0.0514315229633	-0.0143762437522	0.0217290028841	-0.0378888823469	-0.0276040516925	0.0294009816319	0.0129447928907	0.0404353656428	-0.0201906405087	0.0687586346369	-0.0131030956056	0.0069625566428	-0.053109225818	-0.0109358632489	0.000831442075492	-0.0106266533294	-0.0516889109959	-0.0192900762009	0.0466951511897	-0.0534224350438	0.0443830090146	-0.0398933765521	-0.00817343131594	-0.0386110029676	0.0283283370503	-0.0129485465025	0.0953758634518	-0.0498859569508	-0.0456347532423	0.0143719647645	-0.0451616279642	-0.0488640921528	-0.0520696866304	-0.0482223003353	0.0191180757319	0.0506809259222	0.00526468244128	0.0195197153026	0.0125293204929	-0.0176657721674	-0.0136487682297	-0.0397447817805	-0.0131484874435	-0.0159231590199	-0.031791743365	-0.0104483812936	0.0352504276505	-0.0514157143163	-0.0105071340578	-0.0150468094167	-0.00510981572742	-0.0371866361825	0.0106611962639	0.0664826989685
k__Bacteria;p__Bacteroidetes;c__Bacteroidia;o__Bacteroidales;f__Rikenellaceae;g__Alistipes;s__Alistipes_putredinis	-0.00803874716629	-0.00918506975645	1.0	-0.0462625957136	0.0300009318051	0.0652298423556	0.0224394435449	-0.00496402053748	0.00687162641065	0.00590221175157	0.0234271166337	-0.0188853837049	0.0378689633034	0.0318616369623	0.023550812732	0.0302794929601	-0.0741347179745	0.00897440281919	-0.0381368985169	-0.014943981841	0.0710821523651	-0.0235342116692	-0.0158849927843	-0.0474520969563	-0.0715451856022	-0.0457745337134	-0.075987281241	-0.0366531386891	0.00103798876811	-0.0130790532215	0.0119570691539	0.019971336235	0.0656351087927	0.0181925681639	-0.0843419085042	-0.0327781529066	-0.0417999358015	0.0448169317364	0.0254019546828	-0.0463869644295	0.0245847355463	-0.0348145639634	0.0276593420708	-0.0249287404914	-0.0317668650749	-0.0277928053894	0.00187722421444	-0.0391465349727	-0.0490792084011	-0.0399107664732	-0.0194427180785	0.0815391345463	0.00398266433406	-0.0462665428951	-0.0759244818229	0.0230099801365	0.0509223281816	-0.0331733256963	0.0245934722169
k__Bacteria;p__Bacteroidetes;c__Bacteroidia;o__Bacteroidales;f__Prevotellaceae;g__Prevotella;s__Prevotella_copri	0.00770544643343	0.0123920403519	-0.0462625957136	1.0	-0.0196084646638	0.0158487322326	-0.0325050254767	0.00691513024123	-0.0305787110959	-0.0298459114379	-0.0258072998032	-0.00416298222593	-0.0169322051161	-0.00152269268863	0.0044123699994	-0.0352461198517	-0.0296961424188	0.0185545358812	0.0503374427519	0.0200558508831	-0.033503105916	-0.00485174243883	0.00374946994739	-0.0255839115201	0.00104476565112	0.0262577232459	-0.0353612212469	-0.0329522474485	-0.0444072009856	-0.0570643400754	-0.00641688517786	-0.029692682621	0.024986191245	0.0301963598855	-0.0598347860732	-0.0360482377424	0.0335491752415	0.064040707948	0.0206057934032	-0.012376855704	-0.00805724636754	0.0284361655614	-0.0200669282957	-0.0643386958206	-0.0358961715965	-0.0529241076096	-0.0497980051979	0.0491021629723	-0.0328689696664	0.00247447916432	-0.0568595965528	0.0165650241336	-0.00787483914316	-0.00920905762553	0.0198694542379	-0.0188535505638	-0.0277151640747	0.0574311147481	-0.0121619587306
k__Bacteria;p__Bacteroidetes;c__Bacteroidia;o__Bacteroidales;f__Bacteroidaceae;g__Bacteroides;s__Bacteroides_stercoris	-0.0576114824266	-0.0285176650634	0.0300009318051	-0.0196084646638	1.0	-0.0194336428652	0.040463715147	0.0233133049055	0.0477422119344	0.048062085316	-0.0100813488666	-0.0559692179248	-0.00284913593077	0.00697035420114	-0.0487853434072	0.0531014023273	-0.0275832666341	0.00484522920233	0.0182007738959	-0.000875413137908	0.0137990748031	0.0677555446483	0.0123527554727	0.0262714372553	-0.00864999074498	-0.0394110232362	0.0154184729361	-0.0170217283885	-0.0158644993517	0.00774256710847	-0.0654832487931	0.00706635601989	-0.0356015685939	-0.0212189489511	-0.060633068691	-0.00176098726435	-0.0847258898655	0.0514946507557	0.0119433801709	-0.0535981206168	0.0703417443039	0.00213669499418	-0.0242744514876	0.0089308042153	0.0341447338326	-0.00770767448463	0.0350902708574	-0.0418869907954	-0.0960999495997	0.00190275072847	-0.00560082971017	-0.0142316985592	0.0134742787071	-0.0161462412269	-0.0144972459705	-0.0591422642339	0.0332610055454	0.0197184985334	-0.0232865426953
k__Bacteria;p__Bacteroidetes;c__Bacteroidia;o__Bacteroidales;f__Bacteroidaceae;g__Bacteroides;s__Bacteroides_ovatus	-0.0428057737627	0.0514315229633	0.0652298423556	0.0158487322326	-0.0194336428652	1.0	-0.0356355924631	0.0251949637081	-0.0236454851163	0.0299716650314	-0.0166035457637	0.0583951316492	-0.0390061786131	0.0401649085029	0.0189000262648	-0.0515593640833	0.0130969698643	-0.0209640823791	-0.0345693922291	-0.0255342967176	0.0639414881812	0.0111028233913	-0.0257210780195	-0.0363675155925	-0.0228394378215	-0.0269776037562	0.0149161259505	0.0824141225951	-0.0570375128591	0.069604439657	0.00224019517947	-0.00198678693895	-0.0235502355575	-0.0198339518152	-0.014446488998	-0.0344817675691	0.0201919052553	-0.0354016732143	0.0105529998291	0.039952215281	-0.00323893710383	0.0158598137831	0.0674994367515	-0.00500714349825	-0.0283546437581	0.0259793283968	-0.033984770257	-0.0490839490259	0.0170210628435	-0.0202574167504	0.0147389723714	-0.0981193606402	0.00358465079159	0.00643917511046	0.00298483584014	-0.0432202321337	0.00379517275004	-0.0740199163904	0.00335919291397
k__Bacteria;p__Bacteroidetes;c__Bacteroidia;o__Bacteroidales;f__Rikenellaceae;g__Alistipes;s__Alistipes_shahii	-0.0103803989946	-0.0143762437522	0.0224394435449	-0.0325050254767	0.040463715147	-0.0356355924631	1.0	0.01088879914	-0.0415056862689	0.00663286720147	-0.0513807070772	0.0505591996888	0.00105752758748	-0.0221577119936	-0.0727594978481	-0.0310008016295	-0.00827091597688	0.0196835483645	-0.0325866126997	-0.00969340464829	0.00904507118104	0.000401884836705	0.0303520766048	-0.0606921491325	0.052465496007	-0.0584750123784	0.0110696040599	-0.117568493067	-0.0519759064818	0.0092549559475	0.0195888124086	-0.0369473331959	-0.00809208282712	0.0904684405935	0.0618375997703	0.0134819339433	0.0388873628423	0.0142801391621	-0.0204542106724	-0.0146326506693	0.0558644286399	-0.0164153879865	0.0174469267543	0.0200033131319	-0.024522970647	-0.00109993531002	-0.0591289716395	0.000444209924907	0.0252817292823	0.0207281060497	0.00558493918877	0.00638355291576	0.028623069209	0.0185465806708	-0.000359174091852	-0.0165536599168	0.0233983096795	-0.0263994177994	-0.0419789072398
k__Bacteria;p__Firmicutes;c__Clostridia;o__Clostridiales;f__Ruminococcaceae;g__Faecalibacterium;s__Faecalibacterium_prausnitzii	0.0294033973352	0.0217290028841	-0.00496402053748	0.00691513024123	0.0233133049055	0.0251949637081	0.01088879914	1.0	-0.0234047406738	-0.0161179637982	0.035296780104	-0.0347469692147	-0.00830200494202	-0.0324246151724	-0.0154564528084	0.00292131496312	-0.0311577513205	0.0228849863966	-0.0144272299538	0.0260304173063	-0.00524680232145	0.0449789727954	0.0187870464189	0.00833235719016	0.0358448706255	-0.080816321159	-0.00113810822439	-0.00227980202968	0.00206245498083	-0.00824232417813	-0.0766084256822	0.00968605134032	-0.0393549363176	0.0378600611237	0.00265587515697	0.00273158639962	0.0262521399366	-0.00908124538973	-0.00253677062778	-0.0152806968625	-0.00343707577624	-0.00600367591947	-0.0765851671366	-0.0335768501166	-0.00729862669617	-0.0018586159778	-0.0615277288356	-0.0472392319002	-0.0166776858367	-0.00277812037971	-0.00400852548446	-0.057039978136	0.00369083677657	0.0230548933462	-0.0470860143716	-0.0182322268317	-0.024123526844	-0.0140066485771	-0.0700186510661
k__Bacteria;p__Bacteroidetes;c__Bacteroidia;o__Bacteroidales;f__Rikenellaceae;g__Alistipes;s__Alistipes_finegoldii	-0.0189547145729	-0.0378888823469	0.00687162641065	-0.0305787110959	0.0477422119344	-0.0236454851163	-0.0415056862689	-0.0234047406738	1.0	-0.0373043430884	0.0107121341109	0.022575918791	-0.00683326502291	-0.025330993825	0.00351808097221	-0.0254106397556	-0.0142482831608	-0.00535220904133	-0.0293474005497	-0.00557918656397	-0.00875520062651	-0.0209594007782	-0.0731566067449	0.0715559985798	-0.018387242619	0.0894783011001	0.0553245967746	-0.00834574162927	-0.0253684617536	0.0146337928735	-0.0531972510417	-0.0253608006038	-0.0442557516252	0.0100674935835	-0.00813011346332	-0.0422553472029	-0.0189324668284	0.0107744252473	0.0345558381408	-0.0475965653394	-0.00383038483132	-0.0138751285166	-0.00947263338076	0.0135319760167	-0.00151505593572	-0.040193322701	0.0164545497573	0.0339634193773	0.0186907074033	0.0382147031193	-0.0509110740664	0.00251198857579	-0.0713384132315	-0.0249393725799	0.0784603992773	-0.122126553443	8.28026216504e-05	0.0506093575454	0.00825196621672
k__Bacteria;p__Bacteroidetes;c__Bacteroidia;o__Bacteroidales;f__Porphyromonadaceae;g__Parabacteroides;s__Parabacteroides_distasonis	-0.00480485239078	-0.0276040516925	0.00590221175157	-0.0298459114379	0.048062085316	0.0299716650314	0.00663286720147	-0.0161179637982	-0.0373043430884	1.0	-0.0236695363696	0.0283224812043	-0.0535045563616	0.0567256847475	-0.0171840650513	0.01581617831	0.0252086252956	0.0435271101539	-0.0212227225379	-0.0394246011744	0.0193839008913	-0.0197993323739	0.0126305684213	-0.0233699636374	0.0199050723609	-0.0103735554757	0.0184345977806	0.089115401413	0.0328141653415	-0.058571730592	-0.00263178137817	-0.0337365349874	0.00510890675246	0.00689892465758	-0.082610229294	0.00439009024848	-0.010030375129	0.00260105713039	0.0599430722579	-0.0148821825249	-0.00210618758636	0.0171107872741	-0.0324261908633	0.080981208407	0.0267827782817	-0.0226895396713	0.0113646787813	-0.0357938172513	0.0206449092309	0.00471370633355	0.0323606540481	-0.0161021066738	0.00358697451525	0.0142573890213	-0.0204442489771	0.0155239030835	-0.0561621275021	-0.042709911093	-0.0218896390613
k__Bacteria;p__Bacteroidetes;c__Bacteroidia;o__Bacteroidales;f__Bacteroidaceae;g__Bacteroides;s__Bacteroides_thetaiotaomicron	-0.0198016966984	0.0294009816319	0.0234271166337	-0.0258072998032	-0.0100813488666	-0.0166035457637	-0.0513807070772	0.035296780104	0.0107121341109	-0.0236695363696	1.0	-0.0413205305826	0.0429041219519	0.0565494893238	-0.0331501888781	0.0241342282222	-0.0235903024406	0.0345323634085	-0.00164552288982	0.0359358653179	-0.0456143590995	-0.00483466842118	-0.0424881339174	0.0957688583107	0.00902046612254	-0.0513709510862	-0.00899482403904	0.0677321999888	-0.013582727603	-0.0298158822536	-0.0245414112474	-0.0300789346673	-0.0578115883605	-0.00953932172535	0.0252261131112	-0.0103192491808	0.0161876152355	-0.0408261621682	-0.0204881616288	-0.0451376757329	-0.0013113557739	0.0817172435602	0.0456292058015	-0.044967310831	-0.0351277802137	-0.0477987786296	-0.0150837476436	-0.0311318945515	0.0163065704088	-0.0276294328894	-0.00490124794221	0.0318206142552	-0.00626561995937	0.00462908798752	0.0100537000402	0.0192719114497	0.0569972531166	0.00819300236237	0.0326438189981
k__Bacteria;p__Bacteroidetes;c__Bacteroidia;o__Bacteroidales;f__Bacteroidaceae;g__Bacteroides;s__Bacteroides_coprocola	0.0364598999572	0.0129447928907	-0.0188853837049	-0.00416298222593	-0.0559692179248	0.0583951316492	0.0505591996888	-0.0347469692147	0.022575918791	0.0283224812043	-0.0413205305826	1.0	-0.00719314805766	-0.0270539410431	0.0499897287222	0.0842115485473	-0.0271867386945	-0.068166063	0.0410825254171	-0.00393699637622	-0.0341707132131	-0.0312902288786	-0.00208385752711	-0.0183686183724	-0.0147832246447	0.0454595270963	-0.05556468812	-0.0126416827566	-0.0271967445032	-0.000698018339808	-0.034979002694	-0.0670467527022	-0.00512804984874	-0.014306311098	0.0260976264777	-0.0270563907671	0.0206990001221	-0.0196026050067	0.0543569931208	-0.000841073414706	-0.019369884158	-0.0155065676531	0.00310946558224	-0.0468112233591	0.0491886487149	-0.0116802361878	-0.0713082276002	0.0164776160487	0.0303313537701	-0.0337602731555	0.0053218319097	0.0721544215751	-0.0227976984922	-0.0147162682365	0.00187317664723	-0.0629113638926	0.0145020118373	-0.00890493038789	0.0448429772579
k__Bacteria;p__Bacteroidetes;c__Bacteroidia;o__Bacteroidales;f__Bacteroidaceae;g__Bacteroides;s__Bacteroides_cellulosilyticus	-0.0745339508437	0.0404353656428	0.0378689633034	-0.0169322051161	-0.00284913593077	-0.0390061786131	0.00105752758748	-0.00830200494202	-0.00683326502291	-0.0535045563616	0.0429041219519	-0.00719314805766	1.0	-0.0491642898979	0.0855592131372	-0.008425453134	0.0456231172194	0.0154812168709	-0.0224609583556	-0.046898815843	-0.0174625222387	0.0502533011345	-0.0607786865073	-0.0121281369925	0.00670650923359	-0.0107432590407	0.0139073417479	0.0175827713355	0.00160095371266	-0.0308138977713	0.0450400203972	-0.00279867841563	-0.0210661683579	0.0800977859967	0.00419394577193	-0.0474506447261	-0.0234779084051	0.00417393968039	0.00608918717342	0.00583949929887	0.00428541703433	-0.0104531555995	-0.0629429091133	0.0711026737616	0.0274395778183	0.0166724424741	0.000591480134995	0.0449704508197	-0.0131340967043	-0.0276075988204	-0.017548292743	-0.0327782268675	-0.029170046439	-0.0341797369792	0.0122574832489	0.0534454618968	-0.0377904695362	-0.0441273064882	-0.0292606043907
k__Bacteria;p__Bacteroidetes;c__Bacteroidia;o__Bacteroidales;f__Rikenellaceae;g__Alistipes;s__Alistipes_obesi	0.032110595123	-0.0201906405087	0.0318616369623	-0.00152269268863	0.00697035420114	0.0401649085029	-0.0221577119936	-0.0324246151724	-0.025330993825	0.0567256847475	0.0565494893238	-0.0270539410431	-0.0491642898979	1.0	-0.0188986714392	-0.0340591158395	-0.000725038389848	-0.0435941226966	0.00396652222869	-0.0249549849358	-0.0292286946275	0.00618323978445	-0.0432561138451	0.0167867109478	0.0423639943847	-0.0027811674904	0.0401177133116	0.0122605916438	-0.00712900103465	-0.0126901531677	-0.0406555611403	0.059241895818	0.00380479591983	0.00152555450839	-0.0133983050397	-0.0104927499097	0.00614686918505	-0.0181138722626	0.0156765049906	0.0211611683534	-0.0617500981293	0.0211059735224	0.00468136703021	-0.0287023458194	-0.0241479604758	-0.0453746854085	-0.00278672044457	-0.0408170418275	-0.0125745068432	0.0593228682944	-0.00255084652001	-0.0473935730535	0.0288322362001	-0.0649895058008	0.0396050587983	-0.0521188353607	-0.00109489524066	0.0129306834255	-0.0469967780338
k__Bacteria;p__Firmicutes;c__Clostridia;o__Clostridiales;f__Lachnospiraceae;g__;s__[Eubacterium]_rectale	0.0296969441305	0.0687586346369	0.023550812732	0.0044123699994	-0.0487853434072	0.0189000262648	-0.0727594978481	-0.0154564528084	0.00351808097221	-0.0171840650513	-0.0331501888781	0.0499897287222	0.0855592131372	-0.0188986714392	1.0	-0.00222899745079	0.00450823806867	0.026575676826	-0.0709143473268	-0.0194760384834	0.0044486460597	0.0015791343837	-0.056321479638	0.00665766125472	-0.00397223472946	-0.0176662156181	-0.00708318206153	-0.00705219017779	-0.0126418791639	-0.0277895985208	-0.089851452209	0.0277556256401	-0.0473944293154	0.088268892873	-0.0495223811249	-0.0371119256277	-0.0280942047763	0.0422134633598	-0.0640210577547	-0.0344328765121	0.00110930973727	0.00995289195035	-0.0229953665825	0.0280647280272	0.0371736802738	-0.0105126121141	-0.0266158998194	-0.0268794004891	-0.00513522052369	-0.0280616097743	-0.0419624231707	-0.0117295457009	0.0782346903043	0.0329914733167	-0.0138955846508	-0.0137837385485	0.0287926457612	-0.0614957262641	0.0117444948693
k__Bacteria;p__Bacteroidetes;c__Bacteroidia;o__Bacteroidales;f__Bacteroidaceae;g__Bacteroides;s__Bacteroides_plebeius	-0.024668018687	-0.0131030956056	0.0302794929601	-0.0352461198517	0.0531014023273	-0.0515593640833	-0.0310008016295	0.00292131496312	-0.0254106397556	0.01581617831	0.0241342282222	0.0842115485473	-0.008425453134	-0.0340591158395	-0.00222899745079	1.0	-0.00614959740264	-0.0560562737114	-0.00213125269924	-0.0186799549626	-0.005247057382	-0.0176512384749	0.0090357253914	-0.0317424542761	-0.0179204000363	0.00973884439443	-0.0323877678778	0.0012162724146	0.0242600883358	-0.0500594682305	0.0169408330279	-0.0229903259886	-0.0440506369674	0.0716364389329	-0.0774844095541	-0.0548573355461	0.0166863857669	-0.00888295022752	-0.04874117007	-0.0354060573088	-0.0712396788826	0.039517956175	0.0220057021762	0.0363254028898	0.0146909256171	0.029435859724	0.0122160604489	-0.0375118865192	0.0456554385271	0.00305795780033	0.0129760034293	0.0142212110617	-0.0861386508801	-0.0020023443161	0.0223073123872	0.0796562518818	0.00874969253809	-0.0595654994719	-0.0473111584665
k__Bacteria;p__Bacteroidetes;c__Bacteroidia;o__Bacteroidales;f__Bacteroidaceae;g__Bacteroides;s__Bacteroides_fragilis	-0.0844465757798	0.0069625566428	-0.0741347179745	-0.0296961424188	-0.0275832666341	0.0130969698643	-0.00827091597688	-0.0311577513205	-0.0142482831608	0.0252086252956	-0.0235903024406	-0.0271867386945	0.0456231172194	-0.000725038389848	0.00450823806867	-0.00614959740264	1.0	-0.0271047023514	-0.0451718914311	-0.0284629694851	-0.0270201452373	0.0157453211763	-0.0190906383608	-0.0184892862502	-0.0501608174115	0.00379585234671	0.0785607372344	-0.000688712584517	0.00196532110622	-0.00666853670217	-0.0272772833229	-0.0154914171532	-0.0176545358088	0.02773625005	-0.033817241268	0.00114509300746	0.0954030163982	-0.0888721764204	-0.0300108782606	-0.00549012533804	-0.0573780727786	0.0477056175407	-0.050506957199	0.0264516875361	-0.0368161849836	0.0438219884271	-0.0457278987833	-0.0149986306395	-0.0975945640193	-0.0238289332873	0.0360948008673	0.038649546249	-0.0504001590406	0.00205063977149	-0.0116769867439	0.0657800398827	0.00884106783426	-0.00610084139001	-0.0282748365777
k__Bacteria;p__Proteobacteria;c__Betaproteobacteria;o__Burkholderiales;f__Sutterellaceae;g__Sutterella;s__Sutterella_wadsworthensis	0.0303402121541	-0.053109225818	0.00897440281919	0.0185545358812	0.00484522920233	-0.0209640823791	0.0196835483645	0.0228849863966	-0.00535220904133	0.0435271101539	0.0345323634085	-0.068166063	0.0154812168709	-0.0435941226966	0.026575676826	-0.0560562737114	-0.0271047023514	1.0	-0.00609928607412	-0.0364124979891	0.0170413588846	0.0133468288415	-0.0435065302242	0.00263326284887	0.0225984857517	-0.0428592599551	0.0201858411862	-0.00889327030456	-0.00998385680698	0.0129647257026	0.0102716011668	-0.0154452851335	0.0087527747421	-0.0478794829585	-0.0190104161484	-0.0408268914039	-0.0176830207444	0.0570764851426	-0.095139380582	-0.0266164818543	0.0156923040325	-0.0418991043464	0.0361780968144	-0.0498143768567	-0.0109785222479	0.0491451409154	0.0907915056292	-0.0530703206494	0.0442188722757	0.0324618105579	0.0033372566844	-0.0141656070889	0.0384752347906	-0.0458478343358	-0.0299328222525	0.0103401749278	-0.0121510084291	-0.00260895145491	-0.0296037784084
k__Bacteria;p__Bacteroidetes;c__Bacteroidia;o__Bacteroidales;f__Porphyromonadaceae;g__Barnesiella;s__Barnesiella_intestinihominis	0.0141981925924	-0.0109358632489	-0.0381368985169	0.0503374427519	0.0182007738959	-0.0345693922291	-0.0325866126997	-0.0144272299538	-0.0293474005497	-0.0212227225379	-0.00164552288982	0.0410825254171	-0.0224609583556	0.00396652222869	-0.0709143473268	-0.00213125269924	-0.0451718914311	-0.00609928607412	1.0	-0.0351234892604	-0.00206990695303	0.00183668774153	0.0299597432479	0.02420013004	0.015112932163	-0.00811405438314	-0.0300257430393	-0.00556410834621	0.00739950954036	-0.0149715127742	0.0418362933664	-0.0131293080764	-0.0279585307802	0.0567563075041	-0.00281276521912	-0.0909378165753	0.00599352106858	-0.0274506361537	0.000326013058113	-0.0123775301009	-0.0174340148522	-0.0290409670183	0.0325040261979	0.0169284873243	-0.0211862353047	-0.0143353293775	0.0367131695901	-0.000991211431494	0.0275396327782	-0.0361620258816	-0.0156916858979	0.0377881568968	-0.0572847114469	0.00278505525766	-0.0288472656067	0.0141076242818	0.0154657358003	-0.0443103300577	0.00148924581929
k__Bacteria;p__Bacteroidetes;c__Bacteroidia;o__Bacteroidales;f__Odoribacteraceae;g__Odoribacter;s__Odoribacter_splanchnicus	-0.0346103696842	0.000831442075492	-0.014943981841	0.0200558508831	-0.000875413137908	-0.0255342967176	-0.00969340464829	0.0260304173063	-0.00557918656397	-0.0394246011744	0.0359358653179	-0.00393699637622	-0.046898815843	-0.0249549849358	-0.0194760384834	-0.0186799549626	-0.0284629694851	-0.0364124979891	-0.0351234892604	1.0	-0.0506587275318	0.0724262421881	0.0248183310914	-0.0308743343633	0.00248611886556	-0.0107001239283	0.0214565953911	-0.0667299610061	0.00775999092335	0.0125690558144	-0.0020980460406	-0.00920656292264	0.0245010405866	-0.0773777565787	-0.0153755808507	-0.00184434637663	-0.0378781533	-0.0150043468868	-0.00556211568022	-0.0248940149935	0.0155223210992	-0.0040525143113	-0.041872608586	-0.0476962666773	0.0102284616621	-0.0127483780252	-0.0147943478859	0.00958751384386	0.00989485309725	0.00957772042676	0.00509826093166	0.0194387215148	0.0383742760601	0.0282333478465	0.00502098485509	-0.00808005257224	-0.072399555527	0.0023107312523	-0.050417091227
k__Bacteria;p__Bacteroidetes;c__Bacteroidia;o__Bacteroidales;f__Bacteroidaceae;g__Bacteroides;s__Bacteroides_salyersiae	-0.0531888531545	-0.0106266533294	0.0710821523651	-0.033503105916	0.0137990748031	0.0639414881812	0.00904507118104	-0.00524680232145	-0.00875520062651	0.0193839008913	-0.0456143590995	-0.0341707132131	-0.0174625222387	-0.0292286946275	0.0044486460597	-0.005247057382	-0.0270201452373	0.0170413588846	-0.00206990695303	-0.0506587275318	1.0	-0.0320402757945	0.00439705083779	-0.0210309809382	0.0119536401302	-0.00676175650596	-0.0413224437941	-0.0871607387531	0.0303443511978	-0.0124895314144	0.022538919604	-0.0386863528167	0.0388607437054	-0.0256979473905	0.0324404359201	0.062900307767	0.0215102793191	0.00926251197538	0.0251392293483	0.0223489380014	0.00158363971298	0.0425517238617	0.0952905166954	-0.0114776218906	-0.0121739375623	0.024585023015	0.0360633591321	0.00593771617766	0.0272556486112	-0.0027019019609	-0.0576550705073	-0.0569071091573	-0.021923579534	-0.0325838936165	-0.0385218247448	0.023880473081	9.90717822237e-05	0.0371409126537	0.0439980180455
k__Bacteria;p__Firmicutes;c__Clostridia;o__Clostridiales;f__Ruminococcaceae;g__Ruminiclostridium;s__[Eubacterium]_siraeum	-0.0478070782872	-0.0516889109959	-0.0235342116692	-0.00485174243883	0.0677555446483	0.0111028233913	0.000401884836705	0.0449789727954	-0.0209594007782	-0.0197993323739	-0.00483466842118	-0.0312902288786	0.0502533011345	0.00618323978445	0.0015791343837	-0.0176512384749	0.0157453211763	0.0133468288415	0.00183668774153	0.0724262421881	-0.0320402757945	1.0	-0.0474407121587	-0.0295086948663	0.0014169951327	-0.0349209756195	0.0118043878551	-0.0337154565763	0.0236771164227	0.0143110733084	0.0443104314959	-0.0108053681522	-0.0389299785901	0.0359550494298	-0.0260674547124	-0.0299172352327	0.00418698144288	-0.0447197959632	0.0236657711315	-0.0952349511303	-0.0291146475941	0.0036033958418	-0.048772686994	0.00197480065744	-0.0243858973415	0.0137323256787	-0.0320834461222	0.0392989776573	0.0567901473282	0.0145130715472	-0.070234494626	0.0406771337881	-0.00504894401915	0.0652092622502	-0.0156754535177	0.047882501915	-0.0453997098962	-0.0593506211599	0.0193162936483
k__Bacteria;p__Proteobacteria;c__Betaproteobacteria;o__Burkholderiales;f__Sutterellaceae;g__Parasutterella;s__Parasutterella_excrementihominis	-0.0163996968544	-0.0192900762009	-0.0158849927843	0.00374946994739	0.0123527554727	-0.0257210780195	0.0303520766048	0.0187870464189	-0.0731566067449	0.0126305684213	-0.0424881339174	-0.00208385752711	-0.0607786865073	-0.0432561138451	-0.056321479638	0.0090357253914	-0.0190906383608	-0.0435065302242	0.0299597432479	0.0248183310914	0.00439705083779	-0.0474407121587	1.0	-0.0512881574305	-0.00898987388825	-0.0228670340112	-0.0887670079578	0.00180326873152	-0.0267615166392	-0.0737149768133	-0.0126961306934	-0.0656522587405	-0.0205074034226	0.042890497033	-0.022190380169	-0.0494665391907	-0.0485250144282	0.000740708060738	-0.00680708958268	0.0874641536714	-0.00464169393653	-0.0480435388168	-0.069811969325	0.0750796071232	0.0552605368073	-0.0307863983039	0.0142251266686	-0.0144398074028	-0.0157011502895	-0.0177954571547	-0.0131462001273	0.00112004711434	-0.00200703828132	-0.0749232222555	-0.0109628769822	-0.0310854686313	0.0170221224231	0.0205281443859	0.0390024574679
k__Bacteria;p__Actinobacteria;c__Actinobacteria;o__Bifidobacteriales;f__Bifidobacteriaceae;g__Bifidobacterium;s__Bifidobacterium_adolescentis	0.062164584878	0.0466951511897	-0.0474520969563	-0.0255839115201	0.0262714372553	-0.0363675155925	-0.0606921491325	0.00833235719016	0.0715559985798	-0.0233699636374	0.0957688583107	-0.0183686183724	-0.0121281369925	0.0167867109478	0.00665766125472	-0.0317424542761	-0.0184892862502	0.00263326284887	0.02420013004	-0.0308743343633	-0.0210309809382	-0.0295086948663	-0.0512881574305	1.0	-0.0143486218809	0.0351970604129	-0.00545287600977	0.0228777811403	-0.00788957346116	-0.0690939482657	0.00908905684374	-0.00607651930106	0.00240898709306	-0.0342836502249	-0.0091054798274	-0.00277003015767	-0.016711266003	-0.0423194366844	0.0205485525219	-0.0260856205511	0.0183658883643	-0.00791136665461	0.0197222759031	-0.0501747957768	0.0403037067875	-0.00418023749115	-0.0620910006428	0.0211641777628	0.0355879282308	-0.0507656180154	0.0302565551472	-0.0732340809634	-0.0267187719275	-0.00135011738574	0.0132699045567	-0.0451750201522	-0.0534383582923	-0.0197744114363	0.052177570635
k__Bacteria;p__Firmicutes;c__Clostridia;o__Clostridiales;f__Oscillospiraceae;g__Oscillibacter;s__Oscillibacter_sp._KLE_1745	0.0401811567842	-0.0534224350438	-0.0715451856022	0.00104476565112	-0.00864999074498	-0.0228394378215	0.052465496007	0.0358448706255	-0.018387242619	0.0199050723609	0.00902046612254	-0.0147832246447	0.00670650923359	0.0423639943847	-0.00397223472946	-0.0179204000363	-0.0501608174114	0.0225984857517	0.015112932163	0.00248611886556	0.0119536401302	0.0014169951327	-0.00898987388825	-0.0143486218809	1.0	-0.0140251554253	0.0028499163343	0.0382507080318	-0.0305071465771	0.0279126496066	-0.0413089159425	0.023858632686	-0.0261074832286	0.00794440036385	-0.00953644689151	-0.049776550822	0.00767723270405	-0.0767918388162	0.0099687077416	-0.0353600616266	-0.0109800754147	0.0236722865364	0.00788589787519	-0.00156790188309	-0.0367759129269	0.0262175450053	0.00739952772911	0.0207606768359	-0.0223789312513	0.042450851943	0.00782296125464	-0.0388359272745	-0.0218110770217	0.00278814913514	-0.0358410171935	-0.086767465691	-0.0247247912691	0.0117874534882	0.0105936253453
k__Bacteria;p__Bacteroidetes;c__Bacteroidia;o__Bacteroidales;f__Bacteroidaceae;g__Bacteroides;s__Bacteroides_coprophilus	-0.0211647716269	0.0443830090146	-0.0457745337134	0.0262577232459	-0.0394110232362	-0.0269776037562	-0.0584750123784	-0.080816321159	0.0894783011001	-0.0103735554757	-0.0513709510862	0.0454595270963	-0.0107432590407	-0.0027811674904	-0.0176662156181	0.00973884439443	0.00379585234671	-0.0428592599551	-0.00811405438314	-0.0107001239283	-0.00676175650596	-0.0349209756195	-0.0228670340112	0.0351970604129	-0.0140251554253	1.0	0.0355852878159	-0.00833473036296	0.0043478809743	-0.00599258872456	-0.0128079889119	0.0794958084414	-0.0228305259051	-0.0257116952082	-0.0377566825448	-0.0408003346615	0.0408645946204	-0.032573606233	0.0561285947292	0.0668503166442	0.00243413382762	-0.00609395077195	0.0688665198526	-0.099215037746	0.0545898158717	0.0380811763087	-0.0225405758513	-0.0230428125641	-0.0748168005274	-0.0253743699562	-0.0406464714594	-0.0298782404539	0.0127282582567	0.0551688021015	0.077492664696	0.0496309055418	-0.0200604336504	-0.00017292250679	0.081923097906
k__Bacteria;p__Firmicutes;c__Clostridia;o__Clostridiales;f__Lachnospiraceae;g__Roseburia;s__Roseburia_intestinalis	0.0197805644105	-0.0398933765521	-0.075987281241	-0.0353612212469	0.0154184729361	0.0149161259505	0.0110696040599	-0.00113810822439	0.0553245967746	0.0184345977806	-0.00899482403904	-0.05556468812	0.0139073417479	0.0401177133116	-0.00708318206153	-0.0323877678778	0.0785607372344	0.0201858411862	-0.0300257430393	0.0214565953911	-0.0413224437941	0.0118043878551	-0.0887670079578	-0.00545287600977	0.0028499163343	0.0355852878159	1.0	-0.0424174124865	-0.0422159688066	-0.0274492716675	0.0404958948742	-0.047046600655	-0.0181836250297	-0.00362682485713	-0.0162330803011	-0.0164732689635	0.0357474778197	-0.0324075385217	0.0429005082662	-0.0124292353561	-0.049565048428	-0.0207136516845	-0.0336502767985	-0.037713728826	0.0630370390835	0.00939124564443	-0.00572575056639	0.00418209560596	-0.0767323706115	-0.0275253973365	0.0118956661524	-0.0091877318742	0.0170804366531	0.0585665493544	0.0293290940756	-0.0134070011121	-0.0272972367249	0.0145351067083	-0.000546286836533
k__Bacteria;p__Firmicutes;c__Clostridia;o__Clostridiales;f__Lachnospiraceae;g__Roseburia;s__Roseburia_hominis	0.00375463365969	-0.00817343131594	-0.0366531386891	-0.0329522474485	-0.0170217283885	0.0824141225951	-0.117568493067	-0.00227980202968	-0.00834574162927	0.089115401413	0.0677321999888	-0.0126416827566	0.0175827713355	0.0122605916438	-0.00705219017779	0.0012162724146	-0.000688712584517	-0.00889327030456	-0.00556410834621	-0.0667299610061	-0.0871607387531	-0.0337154565763	0.00180326873152	0.0228777811403	0.0382507080318	-0.00833473036296	-0.0424174124865	1.0	-0.0686459380393	0.0179434641105	0.0095739913829	-0.0375868304744	-0.00726676832252	-0.0660911337071	-0.029608131435	0.0298576139596	-0.0362807061865	-0.029199357308	0.000927291159018	0.0178827680029	-0.0424322198988	0.0504798356733	0.0183874976408	-0.0796115671123	-0.0464623069797	-0.109468587807	-0.0171343244975	0.0394170240434	-0.0366441906322	-0.0189463061111	0.0360711819459	0.0332278520035	-0.0497119923234	0.00363851567638	0.0019737270926	-0.000415210978437	0.00931938135662	0.0245468292981	0.0690057381708
k__Bacteria;p__Bacteroidetes;c__Bacteroidia;o__Bacteroidales;f__Porphyromonadaceae;g__Parabacteroides;s__Parabacteroides_johnsonii	-0.0232625956173	-0.0386110029676	0.00103798876811	-0.0444072009856	-0.0158644993517	-0.0570375128591	-0.0519759064818	0.00206245498083	-0.0253684617536	0.0328141653415	-0.013582727603	-0.0271967445032	0.00160095371266	-0.00712900103465	-0.0126418791639	0.0242600883358	0.00196532110622	-0.00998385680698	0.00739950954036	0.00775999092335	0.0303443511978	0.0236771164227	-0.0267615166392	-0.00788957346116	-0.0305071465771	0.0043478809743	-0.0422159688066	-0.0686459380393	1.0	-0.0184160499077	0.00461754875229	0.0585504395382	0.0338115790029	-0.00996479632948	-0.00655696288932	-0.0472628174275	0.0737908619518	0.00358386583323	0.0343826499401	-0.0161691133005	-0.0151131905183	-0.0155497645278	-0.016745521489	-0.0137412754969	0.0407190987139	-0.00406798890934	-0.00970142007528	-0.0647004461995	-0.0655022334715	-0.0397638012211	-0.0706812612865	-0.0431934164953	-0.0798956460771	0.00739184933953	0.0222726600224	-0.000702342474511	0.0246837759331	0.00455285858863	0.0144241957003
k__Bacteria;p__Actinobacteria;c__Actinobacteria;o__Bifidobacteriales;f__Bifidobacteriaceae;g__Bifidobacterium;s__Bifidobacterium_longum	0.00281776918975	0.0283283370503	-0.0130790532215	-0.0570643400754	0.00774256710847	0.069604439657	0.0092549559475	-0.00824232417813	0.0146337928735	-0.058571730592	-0.0298158822536	-0.000698018339808	-0.0308138977713	-0.0126901531677	-0.0277895985208	-0.0500594682305	-0.00666853670217	0.0129647257026	-0.0149715127742	0.0125690558144	-0.0124895314144	0.0143110733084	-0.0737149768133	-0.0690939482657	0.0279126496066	-0.00599258872456	-0.0274492716675	0.0179434641105	-0.0184160499077	1.0	0.00892976290408	0.0563955386964	0.0342102806337	-0.00233317956421	0.0189653069531	-0.0116566467389	-0.00875674606483	-0.0423447223376	0.0155824817784	0.060986759173	0.0762788090289	0.00627876601843	0.015239963127	-0.0317600102054	0.00719787326683	-0.0679114151145	-0.0325107138238	-0.0251577426146	-0.0432910858385	0.0122446927072	-0.0061999394322	-0.0100614675111	-0.0725499455243	0.0205252560249	-0.0292944535792	-0.0714187222007	-0.0482908575081	0.0590395615078	-0.0873023046561
