#taxonomy	k__Bacteria;p__Bacteroidetes;c__Bacteroidia;o__Bacteroidales;f__Bacteroidaceae;g__Bacteroides;s__Bacteroides_vulgatus	k__Bacteria;p__Bacteroidetes;c__Bacteroidia;o__Bacteroidales;f__Bacteroidaceae;g__Bacteroides;s__Bacteroides_uniformis	k__Bacteria;p__Bacteroidetes;c__Bacteroidia;o__Bacteroidales;f__Rikenellaceae;g__Alistipes;s__Alistipes_putredinis	k__Bacteria;p__Bacteroidetes;c__Bacteroidia;o__Bacteroidales;f__Prevotellaceae;g__Prevotella;s__Prevotella_copri	k__Bacteria;p__Bacteroidetes;c__Bacteroidia;o__Bacteroidales;f__Bacteroidaceae;g__Bacteroides;s__Bacteroides_stercoris	k__Bacteria;p__Bacteroidetes;c__Bacteroidia;o__Bacteroidales;f__Bacteroidaceae;g__Bacteroides;s__Bacteroides_ovatus	k__Bacteria;p__Bacteroidetes;c__Bacteroidia;o__Bacteroidales;f__Rikenellaceae;g__Alistipes;s__Alistipes_shahii	k__Bacteria;p__Firmicutes;c__Clostridia;o__Clostridiales;f__Ruminococcaceae;g__Faecalibacterium;s__Faecalibacterium_prausnitzii	k__Bacteria;p__Bacteroidetes;c__Bacteroidia;o__Bacteroidales;f__Rikenellaceae;g__Alistipes;s__Alistipes_finegoldii	k__Bacteria;p__Bacteroidetes;c__Bacteroidia;o__Bacteroidales;f__Porphyromonadaceae;g__Parabacteroides;s__Parabacteroides_distasonis	k__Bacteria;p__Bacteroidetes;c__Bacteroidia;o__Bacteroidales;f__Bacteroidaceae;g__Bacteroides;s__Bacteroides_thetaiotaomicron	k__Bacteria;p__Bacteroidetes;c__Bacteroidia;o__Bacteroidales;f__Bacteroidaceae;g__Bacteroides;s__Bacteroides_coprocola	k__Bacteria;p__Bacteroidetes;c__Bacteroidia;o__Bacteroidales;f__Bacteroidaceae;g__Bacteroides;s__Bacteroides_cellulosilyticus	k__Bacteria;p__Bacteroidetes;c__Bacteroidia;o__Bacteroidales;f__Rikenellaceae;g__Alistipes;s__Alistipes_obesi	k__Bacteria;p__Firmicutes;c__Clostridia;o__Clostridiales;f__Lachnospiraceae;g__;s__[Eubacterium]_rectale	k__Bacteria;p__Bacteroidetes;c__Bacteroidia;o__Bacteroidales;f__Bacteroidaceae;g__Bacteroides;s__Bacteroides_plebeius	k__Bacteria;p__Bacteroidetes;c__Bacteroidia;o__Bacteroidales;f__Bacteroidaceae;g__Bacteroides;s__Bacteroides_fragilis	k__Bacteria;p__Proteobacteria;c__Betaproteobacteria;o__Burkholderiales;f__Sutterellaceae;g__Sutterella;s__Sutterella_wadsworthensis	k__Bacteria;p__Bacteroidetes;c__Bacteroidia;o__Bacteroidales;f__Porphyromonadaceae;g__Barnesiella;s__Barnesiella_intestinihominis	k__Bacteria;p__Bacteroidetes;c__Bacteroidia;o__Bacteroidales;f__Odoribacteraceae;g__Odoribacter;s__Odoribacter_splanchnicus	k__Bacteria;p__Bacteroidetes;c__Bacteroidia;o__Bacteroidales;f__Bacteroidaceae;g__Bacteroides;s__Bacteroides_salyersiae	k__Bacteria;p__Firmicutes;c__Clostridia;o__Clostridiales;f__Ruminococcaceae;g__Ruminiclostridium;s__[Eubacterium]_siraeum	k__Bacteria;p__Proteobacteria;c__Betaproteobacteria;o__Burkholderiales;f__Sutterellaceae;g__Parasutterella;s__Parasutterella_excrementihominis	k__Bacteria;p__Actinobacteria;c__Actinobacteria;o__Bifidobacteriales;f__Bifidobacteriaceae;g__Bifidobacterium;s__Bifidobacterium_adolescentis	k__Bacteria;p__Firmicutes;c__Clostridia;o__Clostridiales;f__Oscillospiraceae;g__Oscillibacter;s__Oscillibacter_sp._KLE_1745	k__Bacteria;p__Bacteroidetes;c__Bacteroidia;o__Bacteroidales;f__Bacteroidaceae;g__Bacteroides;s__Bacteroides_coprophilus	k__Bacteria;p__Firmicutes;c__Clostridia;o__Clostridiales;f__Lachnospiraceae;g__Roseburia;s__Roseburia_intestinalis	k__Bacteria;p__Firmicutes;c__Clostridia;o__Clostridiales;f__Lachnospiraceae;g__Roseburia;s__Roseburia_hominis	k__Bacteria;p__Bacteroidetes;c__Bacteroidia;o__Bacteroidales;f__Porphyromonadaceae;g__Parabacteroides;s__Parabacteroides_johnsonii	k__Bacteria;p__Actinobacteria;c__Actinobacteria;o__Bifidobacteriales;f__Bifidobacteriaceae;g__Bifidobacterium;s__Bifidobacterium_longum	k__Bacteria;p__Firmicutes;c__Clostridia;o__Clostridiales;f__;g__Flavonifractor;s__Flavonifractor_plautii	k__Bacteria;p__Firmicutes;c__Clostridia;o__Clostridiales;f__Clostridiaceae;g__Clostridium;s__Clostridium_phoceensis	k__Bacteria;p__Verrucomicrobia;c__Verrucomicrobiae;o__Verrucomicrobiales;f__Akkermansiaceae;g__Akkermansia;s__Akkermansia_muciniphila	k__Bacteria;p__Bacteroidetes;c__Bacteroidia;o__Bacteroidales;f__Prevotellaceae;g__Paraprevotella;s__Paraprevotella_xylaniphila	k__Bacteria;p__Firmicutes;c__Clostridia;o__Clostridiales;f__Ruminococcaceae;g__Ruminococcus;s__Ruminococcus_callidus	k__Bacteria;p__Bacteroidetes;c__Bacteroidia;o__Bacteroidales;f__Rikenellaceae;g__Alistipes;s__Alistipes_senegalensis	k__Bacteria;p__Firmicutes;c__Clostridia;o__Clostridiales;f__Lachnospiraceae;g__Blautia;s__Blautia_sp._KLE_1732	k__Bacteria;p__Bacteroidetes;c__Bacteroidia;o__Bacteroidales;f__Bacteroidaceae;g__Bacteroides;s__Bacteroides_oleiciplenus	k__Bacteria;p__Firmicutes;c__Clostridia;o__Clostridiales;f__Ruminococcaceae;g__Ruminococcus;s__Ruminococcus_bicirculans	k__Bacteria;p__Bacteroidetes;c__Bacteroidia;o__Bacteroidales;f__Bacteroidaceae;g__Bacteroides;s__Bacteroides_fluxus	k__Bacteria;p__Bacteroidetes;c__Bacteroidia;o__Bacteroidales;f__Prevotellaceae;g__Prevotella;s__Prevotella_stercorea	k__Bacteria;p__Firmicutes;c__Clostridia;o__Clostridiales;f__Lachnospiraceae;g__Dorea;s__Dorea_longicatena	k__Bacteria;p__Firmicutes;c__Clostridia;o__Clostridiales;f__Eubacteriaceae;g__Eubacterium;s__[Eubacterium]_eligens	k__Bacteria;p__Firmicutes;c__Clostridia;o__Clostridiales;f__Ruminococcaceae;g__;s__Ruminococcaceae_bacterium_D16	k__Bacteria;p__Firmicutes;c__Clostridia;o__Clostridiales;f__Lachnospiraceae;g__Coprococcus;s__Coprococcus_comes	k__Bacteria;p__Proteobacteria;c__Gammaproteobacteria;o__Enterobacterales;f__Enterobacteriaceae;g__Escherichia;s__Escherichia_coli	k__Bacteria;p__Firmicutes;c__Clostridia;o__Clostridiales;f__Ruminococcaceae;g__Anaerotruncus;s__Anaerotruncus_colihominis	k__Bacteria;p__Firmicutes;c__Clostridia;o__Clostridiales;f__Lachnospiraceae;g__Blautia;s__Blautia_obeum	k__Bacteria;p__Bacteroidetes;c__Bacteroidia;o__Bacteroidales;f__Odoribacteraceae;g__Odoribacter;s__Odoribacter_laneus	k__Bacteria;p__Firmicutes;c__Clostridia;o__Clostridiales;f__Ruminococcaceae;g__Ruminiclostridium;s__[Clostridium]_leptum	k__Bacteria;p__Bacteroidetes;c__Bacteroidia;o__Bacteroidales;f__Porphyromonadaceae;g__Parabacteroides;s__Parabacteroides_goldsteinii	k__Bacteria;p__Firmicutes;c__Clostridia;o__Clostridiales;f__Lachnospiraceae;g__Anaerostipes;s__Anaerostipes_hadrus	k__Bacteria;p__Firmicutes;c__Clostridia;o__Clostridiales;f__Ruminococcaceae;g__Ruminococcus;s__Ruminococcus_lactaris	k__Bacteria;p__Firmicutes;c__Clostridia;o__Clostridiales;f__Clostridiaceae;g__Clostridium;s__Clostridium_sp._L2-50	k__Bacteria;p__Firmicutes;c__Clostridia;o__Clostridiales;f__Clostridiaceae;g__Clostridium;s__Clostridium_sp._M62/1	k__Bacteria;p__Firmicutes;c__Clostridia;o__Clostridiales;f__;g__Intestinimonas;s__Intestinimonas_butyriciproducens	k__Bacteria;p__Actinobacteria;c__Actinobacteria;o__Bifidobacteriales;f__Bifidobacteriaceae;g__Bifidobacterium;s__Bifidobacterium_bifidum	k__Bacteria;p__Firmicutes;c__Negativicutes;o__Veillonellales;f__Veillonellaceae;g__Dialister;s__Dialister_invisus	k__Bacteria;p__Bacteroidetes;c__Bacteroidia;o__Bacteroidales;f__Bacteroidaceae;g__Bacteroides;s__Bacteroides_salanitronis
k__Bacteria;p__Bacteroidetes;c__Bacteroidia;o__Bacteroidales;f__Bacteroidaceae;g__Bacteroides;s__Bacteroides_vulgatus	1.0	-0.0919315933188	-0.017726721956	-0.0565245642404	0.0599770780702	-0.00893756046798	0.021339939152	0.0193294276441	0.0337855123711	-0.0534071113136	-0.0223640690619	-0.0221758705304	-0.0769204263312	0.00234456483633	-0.0619413766317	0.0117696117342	0.0198144955303	-0.00464583574063	0.0346957515652	-0.0172572841028	-0.0632905339687	0.0429989951305	-0.0728983794779	-0.0410277527517	0.0144802182937	-0.0800885630739	-0.00620512426946	-0.00639225699765	0.0270932616616	0.0565376219426	0.0459770708251	-0.000264348040337	0.0446879826248	0.0663086121713	-0.0395221819468	0.0777271586442	-0.0212253270342	-0.0317781894942	-0.00451894248117	0.0172257005275	-0.0235097700999	-0.0148417736792	-0.00762158843307	0.00980320258059	0.0382971794313	0.0279556891438	-0.0910388924899	-0.0333980983071	-0.0433973535585	-0.0123681428609	0.0477079844645	-0.017165821018	0.0146734509455	0.048256690689	-0.0377586384606	-0.0177079691717	-0.0141579283143	-0.0427941642254	-0.017629263387
k__Bacteria;p__Bacteroidetes;c__Bacteroidia;o__Bacteroidales;f__Bacteroidaceae;g__Bacteroides;s__Bacteroides_uniformis	-0.0919315933188	1.0	-0.000843409784929	-0.0616183184489	0.00433710190127	-0.017631714119	0.00445594172011	-0.0598160616927	-0.0177273694239	-0.0145551879945	-0.000761233389135	-0.0347584695954	-0.00514011109144	0.027742350863	-0.0246254356758	0.0490071274896	-0.0485461898194	-0.00440042094641	0.0213007279475	-0.0149319961581	-0.0559716554613	0.0397968394911	0.00975712139184	0.00457416673922	0.0131508625015	-0.0319834384059	0.0137650230322	0.0305608894443	-0.0692808385684	-0.00823807808971	0.00455837137692	-0.0257874754671	-0.0355398516765	0.0134740419979	0.0422994343405	0.00129932626855	0.0173935301105	-0.00794859175767	0.0549097377216	-0.0457895565581	-0.0299268343836	0.0637543972147	-0.0243431570971	-0.0254461279473	0.00778401018068	-0.0611459270821	0.0439885838797	-0.0157196942319	-0.0248008339523	-0.0618606516658	-0.0170345890954	-0.0301850435877	0.00569219714427	-0.000381588030891	-0.0993819758429	-0.0424639692402	0.00480337411109	0.00712960152314	0.0427179772645
k__Bacteria;p__Bacteroidetes;c__Bacteroidia;o__Bacteroidales;f__Rikenellaceae;g__Alistipes;s__Alistipes_putredinis	-0.017726721956	-0.000843409784929	1.0	-0.0306443040664	-0.0202753588863	-0.00127244781054	0.0103389465376	0.0187692720984	-0.0467677088645	0.0141186686579	0.0317515701169	-0.0747134284286	0.00660716962583	0.0646481817891	-0.0219103568255	-0.0134920263836	0.0712704657218	0.0506548400503	0.0413982180927	0.0528866640512	-0.00938370272145	0.0234866788046	-0.0276551834456	-0.0286767499777	-0.0362512607047	-0.0170919423691	-0.00788822815583	-0.0101929089565	-0.0242964771275	-0.0207290760778	-0.0308274943542	-0.00702732652992	0.0285750779783	-0.0668866947553	-0.0222124277875	-0.0352855884547	-0.0136423250355	-0.0591129138133	-0.0145885944761	-0.0476060748158	0.00600552241091	-0.033070754703	-0.00250946892778	0.0432201428537	0.0268518551856	0.0625479255631	-0.000107342903382	-0.0596432547537	-0.0391550763209	0.0383814470569	0.0386112867527	-0.0383631812825	0.0141048502501	-0.00991042691173	0.0117136768318	0.0202893902976	0.0639451283115	-0.0128103189429	-0.0163557089127
k__Bacteria;p__Bacteroidetes;c__Bacteroidia;o__Bacteroidales;f__Prevotellaceae;g__Prevotella;s__Prevotella_copri	-0.0565245642404	-0.0616183184489	-0.0306443040664	1.0	0.0116116179352	0.0145880960351	-0.0382114184519	0.0341368510207	0.00325913774153	0.0591443188273	0.0586954869322	0.00838532852721	-0.0274800094561	0.0570757951026	0.0209915164227	0.0240708081478	-0.0588380101682	-0.0243231182345	-0.0642523756276	0.013973057167	0.00799467254241	-0.0271465999698	0.0334474940687	-0.0265739919615	0.0169109941381	0.0155738083288	0.00744891604388	0.0221840787029	-0.000429340558355	0.0515058572391	0.00704604197092	0.0394476248745	-0.0729450778791	-0.0243738765852	-0.0522541009763	-0.0143404448266	-0.000449479896161	-0.0676650634972	-0.0737808409893	0.0184482714306	-0.00530003438179	-0.0518319361601	-0.0595779352454	-0.0348443466712	-0.0187235350731	-0.0203383008879	-0.0604892419342	-0.0032870740197	-0.0375718191702	0.0608075432672	-0.004529345452	-0.00132710149797	0.0532742419862	-0.0748945955932	0.0205270670434	-0.00569083305694	-0.0712148448209	-0.0730400357164	-0.00722251279406
k__Bacteria;p__Bacteroidetes;c__Bacteroidia;o__Bacteroidales;f__Bacteroidaceae;g__Bacteroides;s__Bacteroides_stercoris	0.0599770780702	0.00433710190127	-0.0202753588863	0.0116116179352	1.0	0.0595147169438	-0.0244619954009	-0.0277757330271	-0.0125742526824	0.000561639357403	-0.0416634749868	-0.0293955478447	-0.051702229476	0.00543006709578	0.0628955919386	0.0652038637482	-0.0468207848142	-0.00533428188824	0.00729436521161	-0.00334847356136	0.0199206791076	-0.0167156434027	-0.0433028010043	0.0374047853242	-0.0577017135578	0.022523364432	-0.0855869580431	-0.0218765538741	0.00166651997824	0.002387987578	-0.0461393766699	-0.0602386087583	-0.117105911506	-0.0614009266362	0.00765017119775	0.00255895605866	-0.0262477164034	-0.0388254849792	-0.0660874191597	-0.0298600366265	-0.00046202742523	0.048644491041	-0.0158151067599	-0.000126128287216	-0.0333617599036	-0.0707617295403	0.00231451169163	-0.0123354998851	-0.0138573094358	0.021468410959	-0.0124319799437	-0.00246359017485	0.00136943960093	0.0270648712011	-0.0029872736188	0.0200417720393	-0.0382433899563	-0.00640787439053	0.0343902299808
k__Bacteria;p__Bacteroidetes;c__Bacteroidia;o__Bacteroidales;f__Bacteroidaceae;g__Bacteroides;s__Bacteroides_ovatus	-0.00893756046798	-0.017631714119	-0.00127244781054	0.0145880960351	0.0595147169438	1.0	-0.00111902883185	-0.0640581429431	0.0405054899936	0.0321770978249	-0.0166905695427	-0.0295845240049	0.0258097195885	-0.0387457419872	-0.00707608823515	-0.0166608564785	-0.00527047562181	0.0473201521558	0.032017380001	-0.0221987056505	-0.0498931689483	0.00768174117252	0.0292125843321	-0.00249643349673	0.0132969058198	-0.0712043573775	-0.0302481455292	0.00255602865694	0.0376053417818	0.00128961108553	-0.0197429151296	-0.0940025126054	0.0458507626535	-0.0653394370009	-0.0404134713905	-0.0149894710707	0.0294900062895	0.0108864665602	0.0163984387275	0.0466103841774	0.00860882698259	-0.00668263700559	-0.0207534995358	-0.0508642411449	0.0337705509092	-0.0386957901313	-0.00641659967882	-0.0188674985023	0.00615066018724	0.0159568522846	0.0283263700966	-0.0437843807196	0.0129381065103	0.0349751348642	-0.0258434736013	0.00550567158672	-0.0417122462785	-0.000706006956774	-0.00155965472597
k__Bacteria;p__Bacteroidetes;c__Bacteroidia;o__Bacteroidales;f__Rikenellaceae;g__Alistipes;s__Alistipes_shahii	0.021339939152	0.00445594172011	0.0103389465376	-0.0382114184519	-0.0244619954009	-0.00111902883185	1.0	-0.0485209763117	-0.0024262719545	0.000743077645737	-0.0961703833477	-0.0212078202332	0.0144644457602	0.00587224442284	-0.0106480803423	0.0139148878561	-0.065574477318	-0.00124782126719	0.0708350343437	-0.0392991921664	0.0309900149369	-0.0431828662131	0.102752016288	-0.0332128585168	-0.00314270921401	0.00390358445331	-0.017116947101	0.00605090037329	-0.0780311147904	0.00992846911208	0.0358789994029	-0.0307359551112	-0.0579333722484	-0.00741908328967	-0.00104036380813	-0.0335320627146	0.0390630879474	0.023748560339	-0.0341625521316	0.0501355652499	0.0473635947917	0.0243765815398	-0.0419223114391	0.057040480859	0.0388263638779	-0.0409326258086	-0.018756473344	-0.0251061942597	-0.0107787414961	-0.0588311176709	-0.0514355158075	-0.0431982488456	0.0100995856855	-0.0193287335143	-0.0124388857866	0.00106455777272	-0.0428942413327	-0.0353805353937	0.0304295124989
k__Bacteria;p__Firmicutes;c__Clostridia;o__Clostridiales;f__Ruminococcaceae;g__Faecalibacterium;s__Faecalibacterium_prausnitzii	0.0193294276441	-0.0598160616927	0.0187692720984	0.0341368510207	-0.0277757330271	-0.0640581429431	-0.0485209763117	1.0	0.0420982121667	0.0410881815384	0.00173113817926	0.0385968544593	-0.0143729185809	-0.00175868799908	-0.0100282991566	-0.0344855884074	0.0174566175288	0.0111683379856	-0.0208288766454	-0.00696149453566	-0.0640002957841	-0.0116209534154	-0.021265939534	0.0637873498519	-0.0595901998473	-0.0145001125245	0.00783927570762	-0.0768981923817	0.0451005302147	-0.00751857686456	0.0217516198013	-0.00922481983523	0.036817795772	-0.0969831801402	-0.00813915886353	-0.0161454336656	0.0134612361481	-0.0234926387071	-0.0110974977082	-0.0683250347787	-0.0184350649862	-0.0342415247497	-0.0116804778954	-0.0426558998006	0.00758524531864	0.0226592262763	-0.0198338988431	0.0828591801827	-0.0454389502521	0.0395351706367	-0.0128942316189	-0.00127629074827	-0.0453194210118	-0.0450181981745	0.0202432129167	0.0121660941259	-0.00784551399311	0.0117988050249	0.0125227501957
k__Bacteria;p__Bacteroidetes;c__Bacteroidia;o__Bacteroidales;f__Rikenellaceae;g__Alistipes;s__Alistipes_finegoldii	0.0337855123711	-0.0177273694239	-0.0467677088645	0.00325913774153	-0.0125742526824	0.0405054899936	-0.0024262719545	0.0420982121667	1.0	-0.0060440352883	-0.0359597832106	-0.0400303243046	0.00983659942887	-0.00203879786742	-0.0414624652264	0.0407660177297	-0.00288469833285	-0.0405724324242	-0.0587913773142	0.00155705835953	-0.0298663997998	-0.0242782176472	0.0252486985409	-0.0261790825959	-0.0160567274391	-0.00228510477925	-0.0668459001709	0.0346284519795	0.00227184224958	-0.0534702103872	0.0278124696249	-0.01697228849	-0.0260145995702	0.00175293180823	0.0486722373671	0.000953752215444	-0.0422957945368	0.0167100958465	0.028828667956	0.0481581731124	-0.0454280329229	-0.0571767178326	0.0243771910371	-0.0580680451505	-0.0150526845256	0.00753055507027	-0.00201296115733	-0.00791600558804	0.039529022572	-0.036429215287	-0.00596367252971	-0.00385981796994	0.0140787280882	0.0111699157107	-0.0828587061815	-0.0723719494172	0.0307988263213	-0.0323660197368	-0.0202239663364
k__Bacteria;p__Bacteroidetes;c__Bacteroidia;o__Bacteroidales;f__Porphyromonadaceae;g__Parabacteroides;s__Parabacteroides_distasonis	-0.0534071113136	-0.0145551879945	0.0141186686579	0.0591443188273	0.000561639357403	0.0321770978249	0.000743077645737	0.0410881815384	-0.0060440352883	1.0	-0.0184862524542	-0.00931902236262	-0.0533271334996	-0.0330355391671	-0.0522562928464	-0.0404904306493	-0.00240518491894	-0.00553026133089	0.0924936986236	-0.0140622145931	0.035550576778	-0.0436593720617	-0.00565064788818	-0.0461339857153	-0.0150428244725	0.0162294058386	0.00753998480727	0.000353309350326	0.0308993507518	-0.0447592877815	0.0075944838578	-0.0379639670103	0.00851995408028	-0.0248476819349	-0.00295565478768	0.0263761408211	0.049114614474	-0.0123547940685	-0.0792046930928	0.0236569696919	-0.0164030382188	-0.0041930784756	-0.0160594825549	-0.0150742317487	-0.0758111002701	-0.0334861767228	0.0332588994826	-0.00871900011049	-0.0171749597947	0.00776907218155	0.0543677839374	0.0475157107963	-0.0640164122286	-0.0259161316396	0.000145179143984	-0.0263173009227	-0.0739697623615	-0.0789828422974	-0.0517517665501
k__Bacteria;p__Bacteroidetes;c__Bacteroidia;o__Bacteroidales;f__Bacteroidaceae;g__Bacteroides;s__Bacteroides_thetaiotaomicron	-0.0223640690619	-0.000761233389135	0.0317515701169	0.0586954869322	-0.0416634749868	-0.0166905695427	-0.0961703833477	0.00173113817926	-0.0359597832106	-0.0184862524542	1.0	0.00647316760324	0.0384728478437	-0.00832840923606	0.00216678212843	0.0414905118075	-0.0336618948977	-0.0452181466538	0.0186662480295	0.0204391114937	-0.0811300598314	-0.0259168907771	-0.0277226486992	0.00777130202873	-0.0183728771262	0.0229112229614	0.0156087203115	-0.0533784052169	0.0332178890712	-0.0467382823787	0.0232721971268	-0.0147206725515	0.00845814641529	0.0162883887509	-0.0141504794612	-0.0634521527728	0.078013134435	0.00809789042253	-0.0279999029155	0.018976372765	0.00892189996979	-0.0182460834734	0.0740933565886	-0.0378188135594	-0.0486300015828	-0.0414933537731	-0.0119852032798	-0.0183292218974	0.00188057224866	-0.0256312147039	-0.0440332884289	-0.0231745260286	0.0368729716825	-0.0108997113684	-0.0660543027677	0.00590633357441	-0.00879418085312	0.0212449845648	-0.00733424949516
k__Bacteria;p__Bacteroidetes;c__Bacteroidia;o__Bacteroidales;f__Bacteroidaceae;g__Bacteroides;s__Bacteroides_coprocola	-0.0221758705304	-0.0347584695954	-0.0747134284286	0.00838532852721	-0.0293955478447	-0.0295845240049	-0.0212078202332	0.0385968544593	-0.0400303243046	-0.00931902236262	0.00647316760324	1.0	0.0164881289911	-0.0539263666501	0.031305895549	0.00676239311111	-0.00740497825902	0.0230416387873	0.00597094582277	-0.00348230383513	-0.0536030388813	-0.047964194952	0.0135050729469	0.0248189934355	0.015050277987	-0.0240072529392	-0.00543399341262	-0.024034630587	-0.00729542662375	0.0552878092263	0.0159245988169	0.0649876528074	-0.0167282922593	0.0024440561646	-0.0155733117949	0.0212383272452	0.0414388943492	0.0218243137867	-0.0316992910854	-0.0251609666875	-0.061479694066	-0.0185804979592	0.0185551856921	-0.0823477475944	-0.00563567893058	-0.0326576446535	0.0712723283411	-0.0228302756497	0.0129296835819	-0.0572535270069	-0.0268446886454	0.000559349241453	-0.0132847466896	0.0102559778953	0.0423447107432	-0.0183763446473	-0.0549298687019	-0.0590177592905	0.0115165204697
k__Bacteria;p__Bacteroidetes;c__Bacteroidia;o__Bacteroidales;f__Bacteroidaceae;g__Bacteroides;s__Bacteroides_cellulosilyticus	-0.0769204263312	-0.00514011109144	0.00660716962583	-0.0274800094561	-0.051702229476	0.0258097195885	0.0144644457602	-0.0143729185809	0.00983659942887	-0.0533271334996	0.0384728478437	0.0164881289911	1.0	0.00823295556826	-0.0341761614987	-0.0813483313774	0.0523861346704	-0.0309465774072	-0.00515554646207	-0.0182824407563	-0.0110793763549	-0.0394505886663	0.00203097189634	0.0189225666643	0.00764834865806	0.0565815587527	0.0399516090524	-0.0393485090525	-0.0268891986768	0.0189176909313	0.00197253409196	0.0277107593607	-0.00850238218194	-0.00633120854996	0.0128637686973	-0.00254818962115	-0.00783240766603	0.01031098441	-0.0250903670315	-0.0241097301438	-0.0191731556656	0.0112314077804	0.0685480873869	-0.0189246955658	-0.0281067845045	0.0264268815909	-0.00365530259413	0.029814220038	-0.0412571861309	-0.00237494303457	-0.0481428895917	-0.0163708782375	-0.00048497324316	0.00402123600619	0.0313676932084	-0.0505262700806	0.0334351425859	0.0470795329662	-0.0257613132281
k__Bacteria;p__Bacteroidetes;c__Bacteroidia;o__Bacteroidales;f__Rikenellaceae;g__Alistipes;s__Alistipes_obesi	0.00234456483633	0.027742350863	0.0646481817891	0.0570757951026	0.00543006709578	-0.0387457419872	0.00587224442284	-0.00175868799908	-0.00203879786742	-0.0330355391671	-0.00832840923606	-0.0539263666501	0.00823295556826	1.0	-0.0680798982385	0.0115261462638	-0.0206150625845	-0.0288143445229	-0.0139069018656	-0.00497722493138	-0.0678659747204	-0.00736620502944	-0.00945815180212	0.0427735529608	0.000973638402151	0.0234505717242	0.00556839737278	-0.0341346414483	-0.0314010214982	-0.00402114989407	-0.027961320267	-0.0437901581833	-0.00279229888644	0.00639416616111	-0.0383378349115	-0.0495877294551	-0.0375627699589	-0.0458559905312	-0.0206420292104	0.0454350195538	0.0179023717313	-0.0254666077645	-0.00495684391745	0.0191619965064	0.00429724813521	0.00068395139255	-0.0127453738953	0.0172755500767	-0.0119555300052	-0.0337213105761	-0.0322069355064	0.0277391536749	-0.05456629873	0.00718878585922	0.0279008802387	-0.0563526313177	-0.0276230473795	0.0330111902689	-0.0607387645492
k__Bacteria;p__Firmicutes;c__Clostridia;o__Clostridiales;f__Lachnospiraceae;g__;s__[Eubacterium]_rectale	-0.0619413766317	-0.0246254356758	-0.0219103568255	0.0209915164227	0.0628955919386	-0.00707608823515	-0.0106480803423	-0.0100282991566	-0.0414624652264	-0.0522562928464	0.00216678212843	0.031305895549	-0.0341761614987	-0.0680798982385	1.0	-0.00179794284767	0.0453089322703	-0.0249029046635	0.0558666605609	-0.0497935090375	0.00397604368866	-0.0899587469623	0.0241294779562	0.0785963275073	-0.0246792300942	0.0395297444055	0.0600264096866	0.0468827819984	-0.0142593168308	-0.00214573242288	-0.0351908001454	0.0351178145212	-0.0220211781037	0.000593776618104	-0.00869013045217	-0.0304058217598	-0.0460223919053	0.00765415861359	-0.0425800567813	0.0057960537038	0.0168893547566	0.0245635086676	0.0173614083405	-0.0123890556096	0.00282205919257	-0.0257115238737	0.00550353703937	0.0398138160534	-0.00622716944202	-0.0200924370287	-0.0730502572872	-0.0102073793845	-0.00894171749208	0.0319009594277	-0.000427556347589	0.046792047242	0.0435587159401	-0.0398896111804	0.00760467638601
k__Bacteria;p__Bacteroidetes;c__Bacteroidia;o__Bacteroidales;f__Bacteroidaceae;g__Bacteroides;s__Bacteroides_plebeius	0.0117696117342	0.0490071274896	-0.0134920263836	0.0240708081478	0.0652038637482	-0.0166608564785	0.0139148878561	-0.0344855884074	0.0407660177297	-0.0404904306493	0.0414905118075	0.00676239311111	-0.0813483313774	0.0115261462638	-0.00179794284767	1.0	0.00627525552176	-0.0350038145178	-0.069152855652	-0.0181432028355	-0.0190763906421	0.0384458897192	0.0522676513263	-0.0316802224723	-0.0469700983596	-0.0725570512448	0.00129260506786	0.00333116681901	0.0324425027016	0.0122977350373	-0.0628681507841	-0.0336501635375	-0.0107136268498	0.0154493182065	-0.0226625414613	-0.0553248160807	0.00855355656129	-0.0429261378462	-0.00185806336162	0.017370103964	-0.0262540508661	0.0130364161382	-0.0485420379801	-0.0933505758236	0.00672902836358	-0.103580786523	-0.0846647358807	-0.0299388052563	0.0110150986353	-0.0794727047911	-0.0233647360711	-0.0185439557433	-0.0384155939798	0.036294130368	-0.00303855066575	-0.0376802168467	-0.0216575851919	-0.0253551044248	0.0537984756817
k__Bacteria;p__Bacteroidetes;c__Bacteroidia;o__Bacteroidales;f__Bacteroidaceae;g__Bacteroides;s__Bacteroides_fragilis	0.0198144955303	-0.0485461898194	0.0712704657218	-0.0588380101682	-0.0468207848142	-0.00527047562181	-0.065574477318	0.0174566175288	-0.00288469833285	-0.00240518491894	-0.0336618948977	-0.00740497825902	0.0523861346704	-0.0206150625845	0.0453089322703	0.00627525552176	1.0	-0.0551300441546	0.015352629171	-0.0244398952645	0.0112892343995	0.0224422794037	-0.0268783234334	0.0274333292042	-0.000298303083322	0.001864476302	-0.0103478105889	0.00822101871707	-0.0322057883513	0.0184387972669	-0.0370827017652	-0.0372227305997	0.0118645718473	-0.00820262481784	0.0196422658652	-0.0500382947467	0.0130164845835	0.00328531672122	0.0665699756849	-0.0720615926943	-0.0376589572179	0.0087420915949	-0.0232931378325	0.034131869978	0.0188224425215	0.0673511922521	-0.00672779247653	-0.0553434934987	0.00597081306123	-0.0322690132596	-0.00389957252394	0.0396521151428	-0.0418933683125	-0.0331592482792	0.0719932345348	-0.0560612846157	0.0476830365569	-0.0395222047018	-0.022415547513
k__Bacteria;p__Proteobacteria;c__Betaproteobacteria;o__Burkholderiales;f__Sutterellaceae;g__Sutterella;s__Sutterella_wadsworthensis	-0.00464583574063	-0.00440042094641	0.0506548400503	-0.0243231182345	-0.00533428188824	0.0473201521558	-0.00124782126719	0.0111683379856	-0.0405724324242	-0.00553026133089	-0.0452181466538	0.0230416387873	-0.0309465774072	-0.0288143445229	-0.0249029046635	-0.0350038145178	-0.0551300441546	1.0	-0.0144601139393	-0.0104711488049	0.0273744627284	-0.0346929685153	-0.0261027927893	-0.0293035635068	0.0327804413259	-0.0270591530636	-0.0354300045707	-0.00379050893482	0.0745056018464	0.0300562347924	-0.0152844677416	-0.0247798536049	-0.0142089810121	-0.0321109242323	-0.0358798167259	-0.0113702749196	0.0489132641358	-0.0593235041092	-0.038210687283	-0.0545169941958	-0.011068101551	-0.0140265277533	0.0626623678982	-0.0449072724868	0.0054341066038	0.0589232544237	-0.00161407026956	0.0595873376008	-0.0429696859941	0.0514249550851	-0.0451471703284	-0.0118302747006	-0.0270161883223	-0.0254079773802	-0.0999685689721	0.100911159618	0.0657941565658	0.0489866388762	-0.03690034278
k__Bacteria;p__Bacteroidetes;c__Bacteroidia;o__Bacteroidales;f__Porphyromonadaceae;g__Barnesiella;s__Barnesiella_intestinihominis	0.0346957515652	0.0213007279475	0.0413982180927	-0.0642523756276	0.00729436521161	0.032017380001	0.0708350343437	-0.0208288766454	-0.0587913773142	0.0924936986236	0.0186662480295	0.00597094582277	-0.00515554646207	-0.0139069018656	0.0558666605609	-0.069152855652	0.015352629171	-0.0144601139393	1.0	-0.0270079636277	-0.00514110854354	0.033405895689	-0.043143770403	0.0334405948509	0.0389299045315	0.0175986609352	0.0372501983918	-0.0128363230721	0.000421915914969	-0.0148747116242	0.0227522746715	-0.0491230127074	-0.022715500096	0.0275165457212	-0.00825884543386	0.0178757126039	0.00436265787846	0.0142431206501	-0.024410539665	0.0503442397144	-0.0144661561238	-0.0226829829702	0.00757335038491	0.00377448591264	-0.00166279735331	-0.0298363766657	0.0124795678983	-0.00849777608616	0.0150627805445	-0.0341609235027	-0.0500574881842	0.0161080001831	-0.0630219731922	-0.0098145588843	-0.0733725019655	0.0273780695648	-0.0329939737197	0.0466116853861	0.0325256299303
k__Bacteria;p__Bacteroidetes;c__Bacteroidia;o__Bacteroidales;f__Odoribacteraceae;g__Odoribacter;s__Odoribacter_splanchnicus	-0.0172572841028	-0.0149319961581	0.0528866640512	0.013973057167	-0.00334847356136	-0.0221987056505	-0.0392991921664	-0.00696149453566	0.00155705835953	-0.0140622145931	0.0204391114937	-0.00348230383513	-0.0182824407563	-0.00497722493138	-0.0497935090375	-0.0181432028355	-0.0244398952645	-0.0104711488049	-0.0270079636277	1.0	0.0329083039972	0.010635934865	-0.0353804548129	-0.0538126042941	0.0127693355637	-0.000885029260231	0.00392954833429	-0.028161146822	0.0220903364078	0.0117938803796	-0.0788241010684	0.00939055976961	0.0448567239462	-0.0153921179903	-0.0935457476684	0.0705501284097	-0.0520635109595	0.0547145671544	-0.0280479182038	-0.0212140286004	-0.0256928077177	-0.0611768770863	0.0142383496499	-0.0184646265019	-0.00718973082731	-0.0239586728615	-0.0169322609169	0.01289433962	-0.0707502814749	0.0748672896741	0.0302823822809	-0.0845467202196	0.0410566915916	0.00985328831334	0.0214127426165	0.0160486072486	0.00685983831055	0.00568942593073	-0.02434431134
k__Bacteria;p__Bacteroidetes;c__Bacteroidia;o__Bacteroidales;f__Bacteroidaceae;g__Bacteroides;s__Bacteroides_salyersiae	-0.0632905339687	-0.0559716554613	-0.00938370272145	0.00799467254241	0.0199206791076	-0.0498931689483	0.0309900149369	-0.0640002957841	-0.0298663997998	0.035550576778	-0.0811300598314	-0.0536030388813	-0.0110793763549	-0.0678659747204	0.00397604368866	-0.0190763906421	0.0112892343995	0.0273744627284	-0.00514110854354	0.0329083039972	1.0	0.0625461308493	-0.0074666187467	-0.0067152943834	-0.0182787571548	0.0014268331762	0.0291399201645	-0.0552188064175	0.00117910155373	0.0437896949058	-0.0020558084474	0.0279065331769	-0.0055813624887	0.040182124437	-0.0136399611567	-0.0453881424827	-0.0167663763932	-0.0318379855876	0.0264166395669	0.0276922442067	-0.0276284306516	0.00490299560693	0.0258438852425	0.00395170911879	0.0141614766573	0.0205636201367	0.0246740632362	-0.0672251403733	-0.0805479771663	-0.0250941589929	-0.0382158123931	-0.0149121480441	0.00786074409181	-0.00159479447104	-0.0227539593941	0.0243238600682	-0.0303819130567	-0.00922009329411	-0.0304992474499
k__Bacteria;p__Firmicutes;c__Clostridia;o__Clostridiales;f__Ruminococcaceae;g__Ruminiclostridium;s__[Eubacterium]_siraeum	0.0429989951305	0.0397968394911	0.0234866788046	-0.0271465999698	-0.0167156434027	0.00768174117252	-0.0431828662131	-0.0116209534154	-0.0242782176472	-0.0436593720617	-0.0259168907771	-0.047964194952	-0.0394505886663	-0.00736620502944	-0.0899587469623	0.0384458897192	0.0224422794037	-0.0346929685153	0.033405895689	0.010635934865	0.0625461308493	1.0	-0.0252159873965	-0.0983385350272	0.0028703620676	-0.110140918423	-0.0365985745073	0.00786059990799	0.0354612714116	-0.0328552270673	0.0551501822626	0.0617570948715	-0.0120180500767	-0.0248228467973	0.0609653275933	0.0343928927713	-0.00198052265349	-0.0457041087296	-0.0093940802971	-0.0195249560151	-0.0127266549521	-0.062604426477	-0.00385541623141	-0.0454676985538	-0.0598016981672	-0.0435163504502	-0.0771806301245	0.00123776778631	0.0152332726922	-0.0170878293777	0.0653810917954	-0.0725999274115	0.0927191662789	0.0184950239875	-0.00615430581325	0.0537654882944	-0.0278425750789	-0.000857267862794	-0.00870730030156
k__Bacteria;p__Proteobacteria;c__Betaproteobacteria;o__Burkholderiales;f__Sutterellaceae;g__Parasutterella;s__Parasutterella_excrementihominis	-0.0728983794779	0.00975712139184	-0.0276551834456	0.0334474940687	-0.0433028010043	0.0292125843321	0.102752016288	-0.021265939534	0.0252486985409	-0.00565064788818	-0.0277226486992	0.0135050729469	0.00203097189634	-0.00945815180212	0.0241294779562	0.0522676513263	-0.0268783234334	-0.0261027927893	-0.043143770403	-0.0353804548129	-0.0074666187467	-0.0252159873965	1.0	-0.00261204673596	-0.0518526941023	-0.0479732393955	0.00826991549858	0.0400261679719	-0.00915128932621	-0.0211937172733	-0.00553641494927	-0.0286918652158	-0.0563679669837	0.0855141650784	-0.0245510078493	-0.0463507013535	0.0480906282471	-0.0598937328203	0.0419461015902	-0.0656667244097	-0.00244688974644	-0.0579276370613	-0.0841631070175	0.0190640079208	0.0214005959449	-0.0318470267603	-0.0283764108783	-0.0344083913656	-0.011111103759	-0.00231778377261	-0.00269324673175	-0.0115470854207	-0.00285432600233	0.0370979225432	-0.0293367419989	-0.0556960036419	-0.000933915666029	-0.0486343157447	-0.00321422131565
k__Bacteria;p__Actinobacteria;c__Actinobacteria;o__Bifidobacteriales;f__Bifidobacteriaceae;g__Bifidobacterium;s__Bifidobacterium_adolescentis	-0.0410277527517	0.00457416673922	-0.0286767499777	-0.0265739919615	0.0374047853242	-0.00249643349673	-0.0332128585168	0.0637873498519	-0.0261790825959	-0.0461339857153	0.00777130202873	0.0248189934355	0.0189225666643	0.0427735529608	0.0785963275073	-0.0316802224723	0.0274333292042	-0.0293035635068	0.0334405948509	-0.0538126042941	-0.0067152943834	-0.0983385350272	-0.00261204673596	1.0	0.0226514663564	0.0679581746287	0.0235689349088	0.0174692972664	0.0205251747899	-0.0775365120509	-0.05948940338	0.0148618598977	-0.0569258725531	-0.0305700018588	0.0661415768121	0.00120827491211	-0.0594866473997	0.0420544266722	0.00355958790464	0.0178578236529	0.0173184573952	0.07203197457	-0.0382286016819	-0.0142505676831	-0.00938128231779	-0.0269869717231	-0.00406040042124	-0.0100024465811	-0.0180279221854	0.0187945562946	-0.0621449097304	0.0112684858627	-0.0585188623983	-0.0238030489748	-0.0675385726191	-0.0276017805861	0.0384661298058	-0.00863657362751	0.0306312689441
k__Bacteria;p__Firmicutes;c__Clostridia;o__Clostridiales;f__Oscillospiraceae;g__Oscillibacter;s__Oscillibacter_sp._KLE_1745	0.0144802182937	0.0131508625015	-0.0362512607047	0.0169109941381	-0.0577017135578	0.0132969058198	-0.00314270921401	-0.0595901998473	-0.0160567274391	-0.0150428244725	-0.0183728771262	0.015050277987	0.00764834865806	0.000973638402151	-0.0246792300942	-0.0469700983596	-0.000298303083322	0.0327804413259	0.0389299045315	0.0127693355637	-0.0182787571548	0.0028703620676	-0.0518526941023	0.0226514663564	1.0	0.000485759521804	-0.00298731656485	-0.0114385335882	-0.0136193197314	0.0183793067547	-0.0276856577526	-0.0189843467261	-0.0184218579598	0.0510888144941	-0.036089799689	-0.0185485623016	-0.0593650209342	0.0534294242235	0.00952150723286	-0.0831918396553	0.00550998198897	-0.012148342074	-0.0172862973039	0.0073229995132	-0.016286987792	-0.0381985941933	-0.0336037375417	-0.0385085834885	-0.00303097777544	-0.0276878530627	-0.0561873435695	-0.00464467305952	0.0688247769015	-0.0420366525569	-0.00694761946816	-0.00775839690926	0.00721493576608	0.0086300879372	-0.00186319672532
k__Bacteria;p__Bacteroidetes;c__Bacteroidia;o__Bacteroidales;f__Bacteroidaceae;g__Bacteroides;s__Bacteroides_coprophilus	-0.0800885630739	-0.0319834384059	-0.0170919423691	0.0155738083288	0.022523364432	-0.0712043573775	0.00390358445331	-0.0145001125245	-0.00228510477925	0.0162294058386	0.0229112229614	-0.0240072529392	0.0565815587527	0.0234505717242	0.0395297444055	-0.0725570512448	0.001864476302	-0.0270591530636	0.0175986609352	-0.000885029260231	0.0014268331762	-0.110140918423	-0.0479732393955	0.0679581746287	0.000485759521804	1.0	-0.000681458212931	-0.0406793564912	-0.0968267014148	0.0185382900119	-0.0128547598927	-0.0133629784258	0.0113852471522	-0.0229261749979	-0.0351576732604	-0.0503979937934	-0.00098619058628	-0.000927893112372	-0.0788505138928	0.0172118359942	0.0294339257381	-0.0117173177967	-0.0750256954989	0.0411121208181	0.0313343494767	-0.0152418905681	-0.0270115828252	0.0161199900123	0.00585777340789	0.0447152017977	-0.0302675983457	-0.0319005205082	0.0205057132482	0.00224027066622	0.0251400152938	0.00272316494475	-0.0110520379671	-0.064313333695	-0.00733568683629
k__Bacteria;p__Firmicutes;c__Clostridia;o__Clostridiales;f__Lachnospiraceae;g__Roseburia;s__Roseburia_intestinalis	-0.00620512426946	0.0137650230322	-0.00788822815583	0.00744891604388	-0.0855869580431	-0.0302481455292	-0.017116947101	0.00783927570762	-0.0668459001709	0.00753998480727	0.0156087203115	-0.00543399341262	0.0399516090524	0.00556839737278	0.0600264096866	0.00129260506786	-0.0103478105889	-0.0354300045707	0.0372501983918	0.00392954833429	0.0291399201645	-0.0365985745073	0.00826991549858	0.0235689349088	-0.00298731656485	-0.000681458212931	1.0	-0.0488452798972	-0.0662891422955	-0.0114283204942	0.0294814581971	0.00682260527187	-0.0118232745035	0.0343546274886	0.0137263647684	-0.0458999771396	-0.00119307584734	0.0149084858239	0.0289760537272	-0.033806577057	0.0436481897203	0.0106989664624	0.0669455019503	-0.000514759038303	-0.0649098481193	0.0113783761352	-0.0172979771905	-0.0642129411392	-0.0183067450812	0.0265495528538	-0.0478752190772	0.00139115656138	-0.0311652658279	0.0214448773304	-0.0177676463957	-0.0558640493701	-0.0638584613556	-0.0415988298239	0.00148269110202
k__Bacteria;p__Firmicutes;c__Clostridia;o__Clostridiales;f__Lachnospiraceae;g__Roseburia;s__Roseburia_hominis	-0.00639225699765	0.0305608894443	-0.0101929089565	0.0221840787029	-0.0218765538741	0.00255602865694	0.00605090037329	-0.0768981923817	0.0346284519795	0.000353309350326	-0.0533784052169	-0.024034630587	-0.0393485090525	-0.0341346414483	0.0468827819984	0.00333116681901	0.00822101871707	-0.00379050893482	-0.0128363230721	-0.028161146822	-0.0552188064175	0.00786059990799	0.0400261679719	0.0174692972664	-0.0114385335882	-0.0406793564912	-0.0488452798972	1.0	-0.00818508532148	0.0114758789852	0.0376141082237	-0.0492684071662	-0.0361518755159	0.0505743460556	-0.0220263713265	-0.0164093990653	-0.0030395131021	0.0356688403094	0.0188812974695	-0.0184217931953	-0.0275365055106	0.00117872014629	-0.0543703576274	-0.0412812044838	-0.0537873866058	-0.0192758000396	-0.00277835812776	-0.00724262969133	0.00784338651008	-0.0266663881748	-0.00454152954629	0.0832203910685	0.00299802882467	-0.0540932414127	0.00423765562029	-0.0125178123528	-0.0820772659256	0.00464226769093	0.00663093245418
k__Bacteria;p__Bacteroidetes;c__Bacteroidia;o__Bacteroidales;f__Porphyromonadaceae;g__Parabacteroides;s__Parabacteroides_johnsonii	0.0270932616616	-0.0692808385684	-0.0242964771275	-0.000429340558355	0.00166651997824	0.0376053417818	-0.0780311147904	0.0451005302147	0.00227184224958	0.0308993507518	0.0332178890712	-0.00729542662375	-0.0268891986768	-0.0314010214982	-0.0142593168308	0.0324425027016	-0.0322057883513	0.0745056018464	0.000421915914969	0.0220903364078	0.00117910155373	0.0354612714116	-0.00915128932621	0.0205251747899	-0.0136193197314	-0.0968267014148	-0.0662891422955	-0.00818508532148	1.0	-0.0623752782957	0.0685125412129	0.0245863512167	-0.0440161093409	-0.00289625210938	0.0261328703355	0.0203324228194	-0.000543514783165	0.0216969131146	0.0548554509774	-0.0268416819991	0.0237755933974	-0.0214028784027	0.0246369867183	-0.0542663728456	-0.0552501359239	-0.0244437230524	-0.0559857336392	0.00922130160643	0.00907950692316	-0.0537216079507	0.0692524320932	-0.0403100945508	0.0195792171625	-0.0211120890908	0.0358094572344	-0.054733026333	-0.00426492784331	0.0365926900924	0.00285782546099
