#taxonomy	k__Bacteria;p__Bacteroidetes;c__Bacteroidia;o__Bacteroidales;f__Bacteroidaceae;g__Bacteroides;s__Bacteroides_vulgatus	k__Bacteria;p__Bacteroidetes;c__Bacteroidia;o__Bacteroidales;f__Bacteroidaceae;g__Bacteroides;s__Bacteroides_uniformis	k__Bacteria;p__Bacteroidetes;c__Bacteroidia;o__Bacteroidales;f__Rikenellaceae;g__Alistipes;s__Alistipes_putredinis	k__Bacteria;p__Bacteroidetes;c__Bacteroidia;o__Bacteroidales;f__Prevotellaceae;g__Prevotella;s__Prevotella_copri	k__Bacteria;p__Bacteroidetes;c__Bacteroidia;o__Bacteroidales;f__Bacteroidaceae;g__Bacteroides;s__Bacteroides_stercoris	k__Bacteria;p__Bacteroidetes;c__Bacteroidia;o__Bacteroidales;f__Bacteroidaceae;g__Bacteroides;s__Bacteroides_ovatus	k__Bacteria;p__Bacteroidetes;c__Bacteroidia;o__Bacteroidales;f__Rikenellaceae;g__Alistipes;s__Alistipes_shahii	k__Bacteria;p__Firmicutes;c__Clostridia;o__Clostridiales;f__Ruminococcaceae;g__Faecalibacterium;s__Faecalibacterium_prausnitzii	k__Bacteria;p__Bacteroidetes;c__Bacteroidia;o__Bacteroidales;f__Rikenellaceae;g__Alistipes;s__Alistipes_finegoldii	k__Bacteria;p__Bacteroidetes;c__Bacteroidia;o__Bacteroidales;f__Porphyromonadaceae;g__Parabacteroides;s__Parabacteroides_distasonis	k__Bacteria;p__Bacteroidetes;c__Bacteroidia;o__Bacteroidales;f__Bacteroidaceae;g__Bacteroides;s__Bacteroides_thetaiotaomicron	k__Bacteria;p__Bacteroidetes;c__Bacteroidia;o__Bacteroidales;f__Bacteroidaceae;g__Bacteroides;s__Bacteroides_coprocola	k__Bacteria;p__Bacteroidetes;c__Bacteroidia;o__Bacteroidales;f__Bacteroidaceae;g__Bacteroides;s__Bacteroides_cellulosilyticus	k__Bacteria;p__Bacteroidetes;c__Bacteroidia;o__Bacteroidales;f__Rikenellaceae;g__Alistipes;s__Alistipes_obesi	k__Bacteria;p__Firmicutes;c__Clostridia;o__Clostridiales;f__Lachnospiraceae;g__;s__[Eubacterium]_rectale	k__Bacteria;p__Bacteroidetes;c__Bacteroidia;o__Bacteroidales;f__Bacteroidaceae;g__Bacteroides;s__Bacteroides_plebeius	k__Bacteria;p__Bacteroidetes;c__Bacteroidia;o__Bacteroidales;f__Bacteroidaceae;g__Bacteroides;s__Bacteroides_fragilis	k__Bacteria;p__Proteobacteria;c__Betaproteobacteria;o__Burkholderiales;f__Sutterellaceae;g__Sutterella;s__Sutterella_wadsworthensis	k__Bacteria;p__Bacteroidetes;c__Bacteroidia;o__Bacteroidales;f__Porphyromonadaceae;g__Barnesiella;s__Barnesiella_intestinihominis	k__Bacteria;p__Bacteroidetes;c__Bacteroidia;o__Bacteroidales;f__Odoribacteraceae;g__Odoribacter;s__Odoribacter_splanchnicus	k__Bacteria;p__Bacteroidetes;c__Bacteroidia;o__Bacteroidales;f__Bacteroidaceae;g__Bacteroides;s__Bacteroides_salyersiae	k__Bacteria;p__Firmicutes;c__Clostridia;o__Clostridiales;f__Ruminococcaceae;g__Ruminiclostridium;s__[Eubacterium]_siraeum	k__Bacteria;p__Proteobacteria;c__Betaproteobacteria;o__Burkholderiales;f__Sutterellaceae;g__Parasutterella;s__Parasutterella_excrementihominis	k__Bacteria;p__Actinobacteria;c__Actinobacteria;o__Bifidobacteriales;f__Bifidobacteriaceae;g__Bifidobacterium;s__Bifidobacterium_adolescentis	k__Bacteria;p__Firmicutes;c__Clostridia;o__Clostridiales;f__Oscillospiraceae;g__Oscillibacter;s__Oscillibacter_sp._KLE_1745	k__Bacteria;p__Bacteroidetes;c__Bacteroidia;o__Bacteroidales;f__Bacteroidaceae;g__Bacteroides;s__Bacteroides_coprophilus	k__Bacteria;p__Firmicutes;c__Clostridia;o__Clostridiales;f__Lachnospiraceae;g__Roseburia;s__Roseburia_intestinalis	k__Bacteria;p__Firmicutes;c__Clostridia;o__Clostridiales;f__Lachnospiraceae;g__Roseburia;s__Roseburia_hominis	k__Bacteria;p__Bacteroidetes;c__Bacteroidia;o__Bacteroidales;f__Porphyromonadaceae;g__Parabacteroides;s__Parabacteroides_johnsonii	k__Bacteria;p__Actinobacteria;c__Actinobacteria;o__Bifidobacteriales;f__Bifidobacteriaceae;g__Bifidobacterium;s__Bifidobacterium_longum	k__Bacteria;p__Firmicutes;c__Clostridia;o__Clostridiales;f__;g__Flavonifractor;s__Flavonifractor_plautii	k__Bacteria;p__Firmicutes;c__Clostridia;o__Clostridiales;f__Clostridiaceae;g__Clostridium;s__Clostridium_phoceensis	k__Bacteria;p__Verrucomicrobia;c__Verrucomicrobiae;o__Verrucomicrobiales;f__Akkermansiaceae;g__Akkermansia;s__Akkermansia_muciniphila	k__Bacteria;p__Bacteroidetes;c__Bacteroidia;o__Bacteroidales;f__Prevotellaceae;g__Paraprevotella;s__Paraprevotella_xylaniphila	k__Bacteria;p__Firmicutes;c__Clostridia;o__Clostridiales;f__Ruminococcaceae;g__Ruminococcus;s__Ruminococcus_callidus	k__Bacteria;p__Bacteroidetes;c__Bacteroidia;o__Bacteroidales;f__Rikenellaceae;g__Alistipes;s__Alistipes_senegalensis	k__Bacteria;p__Firmicutes;c__Clostridia;o__Clostridiales;f__Lachnospiraceae;g__Blautia;s__Blautia_sp._KLE_1732	k__Bacteria;p__Bacteroidetes;c__Bacteroidia;o__Bacteroidales;f__Bacteroidaceae;g__Bacteroides;s__Bacteroides_oleiciplenus	k__Bacteria;p__Firmicutes;c__Clostridia;o__Clostridiales;f__Ruminococcaceae;g__Ruminococcus;s__Ruminococcus_bicirculans	k__Bacteria;p__Bacteroidetes;c__Bacteroidia;o__Bacteroidales;f__Bacteroidaceae;g__Bacteroides;s__Bacteroides_fluxus	k__Bacteria;p__Bacteroidetes;c__Bacteroidia;o__Bacteroidales;f__Prevotellaceae;g__Prevotella;s__Prevotella_stercorea	k__Bacteria;p__Firmicutes;c__Clostridia;o__Clostridiales;f__Lachnospiraceae;g__Dorea;s__Dorea_longicatena	k__Bacteria;p__Firmicutes;c__Clostridia;o__Clostridiales;f__Eubacteriaceae;g__Eubacterium;s__[Eubacterium]_eligens	k__Bacteria;p__Firmicutes;c__Clostridia;o__Clostridiales;f__Ruminococcaceae;g__;s__Ruminococcaceae_bacterium_D16	k__Bacteria;p__Firmicutes;c__Clostridia;o__Clostridiales;f__Lachnospiraceae;g__Coprococcus;s__Coprococcus_comes	k__Bacteria;p__Proteobacteria;c__Gammaproteobacteria;o__Enterobacterales;f__Enterobacteriaceae;g__Escherichia;s__Escherichia_coli	k__Bacteria;p__Firmicutes;c__Clostridia;o__Clostridiales;f__Ruminococcaceae;g__Anaerotruncus;s__Anaerotruncus_colihominis	k__Bacteria;p__Firmicutes;c__Clostridia;o__Clostridiales;f__Lachnospiraceae;g__Blautia;s__Blautia_obeum	k__Bacteria;p__Bacteroidetes;c__Bacteroidia;o__Bacteroidales;f__Odoribacteraceae;g__Odoribacter;s__Odoribacter_laneus	k__Bacteria;p__Firmicutes;c__Clostridia;o__Clostridiales;f__Ruminococcaceae;g__Ruminiclostridium;s__[Clostridium]_leptum	k__Bacteria;p__Bacteroidetes;c__Bacteroidia;o__Bacteroidales;f__Porphyromonadaceae;g__Parabacteroides;s__Parabacteroides_goldsteinii	k__Bacteria;p__Firmicutes;c__Clostridia;o__Clostridiales;f__Lachnospiraceae;g__Anaerostipes;s__Anaerostipes_hadrus	k__Bacteria;p__Firmicutes;c__Clostridia;o__Clostridiales;f__Ruminococcaceae;g__Ruminococcus;s__Ruminococcus_lactaris	k__Bacteria;p__Firmicutes;c__Clostridia;o__Clostridiales;f__Clostridiaceae;g__Clostridium;s__Clostridium_sp._L2-50	k__Bacteria;p__Firmicutes;c__Clostridia;o__Clostridiales;f__Clostridiaceae;g__Clostridium;s__Clostridium_sp._M62/1	k__Bacteria;p__Firmicutes;c__Clostridia;o__Clostridiales;f__;g__Intestinimonas;s__Intestinimonas_butyriciproducens	k__Bacteria;p__Actinobacteria;c__Actinobacteria;o__Bifidobacteriales;f__Bifidobacteriaceae;g__Bifidobacterium;s__Bifidobacterium_bifidum	k__Bacteria;p__Firmicutes;c__Negativicutes;o__Veillonellales;f__Veillonellaceae;g__Dialister;s__Dialister_invisus	k__Bacteria;p__Bacteroidetes;c__Bacteroidia;o__Bacteroidales;f__Bacteroidaceae;g__Bacteroides;s__Bacteroides_salanitronis
k__Bacteria;p__Bacteroidetes;c__Bacteroidia;o__Bacteroidales;f__Bacteroidaceae;g__Bacteroides;s__Bacteroides_vulgatus	1.0	-0.00738035630212	-0.0919064993803	0.0327866668621	0.0243347142939	-0.0211375936963	-0.00304157906242	0.0479406447673	-0.00789416876378	0.0337977108626	-0.0276593848581	-0.0381636183828	-0.0338963133281	0.0919582892508	-0.0094711374108	0.00407411430335	0.0021693432266	-0.0187250709339	-0.0643529656807	0.00428438870558	-0.0226521315108	-0.0208489618445	0.0172756003726	-0.0007067098711	0.0174865695525	-0.0540846671239	-0.025780978182	0.0272890782033	-0.05856362652	-0.0219398223153	-0.033806708525	0.0285609806368	-0.0468773536457	0.0314681004142	-0.00398851874608	-0.02773284539	0.0227789006586	0.00586917834931	0.014240094694	-0.0109066509392	-0.0190115662229	0.029568028297	-0.0285133399904	-0.0127757581361	-0.0123213513771	-0.0715623569613	-0.0407241372689	-0.0241741352975	-0.0384812684847	-0.0152151882946	-0.0206782280453	-0.0294092822727	0.0177474060299	0.0349701746662	0.021736303042	-0.0221344444852	0.00925541444966	0.0106630853106	-0.0119015275795
k__Bacteria;p__Bacteroidetes;c__Bacteroidia;o__Bacteroidales;f__Bacteroidaceae;g__Bacteroides;s__Bacteroides_uniformis	-0.00738035630212	1.0	-0.0235484848291	0.0679576506395	-0.0423530480343	0.000181049233457	-0.0502198281593	-0.0434267380874	-0.0820850084113	-0.0272366909889	0.00511081456147	-0.0447018074088	-0.0123053305015	-0.0681135976626	0.00223019194133	0.00447612810764	-0.0300917789866	0.000341474718865	-0.0292058188009	-0.00968631120731	0.0284741713623	0.0071452684779	0.0161385617165	0.0144223913477	0.0117561656891	0.0147488312893	-0.0406369900903	0.0115400333203	-0.0117362754307	0.0693022078474	-0.0020250688985	-0.0539862571415	-0.0682994983704	-0.0279581570685	0.0326164188804	-0.00706048913816	-0.0340669883652	-0.000320222379915	0.0802745301354	-0.0508271688371	-0.041150456923	0.00392219488335	0.030469188331	0.00893028091978	-0.0172412212161	-0.0166654427582	0.0150442627323	0.00463427702471	0.0403222854335	-0.0435029151051	-0.0240535911011	-0.0162208429373	-0.0267711910566	-0.0195439312559	-0.042906248663	0.0736572637881	0.00316591362757	0.0773290304665	0.00158232295237
k__Bacteria;p__Bacteroidetes;c__Bacteroidia;o__Bacteroidales;f__Rikenellaceae;g__Alistipes;s__Alistipes_putredinis	-0.0919064993803	-0.0235484848291	1.0	0.00292214893603	-0.0179483329801	-0.0315846472329	-0.0210639965142	-0.0316879032046	-0.0549848781129	0.0384871128116	0.0087243101316	-0.0280095049401	-0.0106775322019	0.0193037161751	-0.00620978897683	-0.0648258440007	-0.00823391556777	-0.0244152945769	0.0419257131807	0.00735467390867	0.0505127547241	0.0272591469346	0.00835573763607	0.0268388351547	-0.00422293391794	-0.0426295117069	0.0150866231865	-0.0643153605483	0.0414426612628	0.00246960871543	-0.0301973375446	0.0269911343424	0.0585933393322	-0.0956709197434	-0.0412826008317	0.0565099929935	0.0220435454262	0.032092990347	-0.0468447948569	-0.0397203109369	-0.0616269359479	-0.024928945142	-0.00273755537991	-0.0553789504152	0.0116307828548	-0.0101066150367	-0.0349576023087	0.00559371171483	0.0128868300871	0.0467214826498	-0.00410365786334	0.0619247115288	-0.042912793111	0.0381226559235	0.0259047207447	-0.0270494269336	-0.0165398603177	-0.000587127192896	-0.0189197361664
k__Bacteria;p__Bacteroidetes;c__Bacteroidia;o__Bacteroidales;f__Prevotellaceae;g__Prevotella;s__Prevotella_copri	0.0327866668621	0.0679576506395	0.00292214893603	1.0	-0.029802381567	-0.0273964190851	-0.0228473653379	0.0592236841056	-0.0450158232369	-0.0139427081947	0.00386980916869	0.0626091443849	0.0346778926712	-0.0229471860572	-0.0223798414064	-0.0157691788355	0.0483806142134	-0.07295420281	-0.0652126827681	-0.00813607914401	-0.0323157853574	0.0109690066758	-0.0227133306531	-0.0492990289302	-0.0438995135193	0.00229730866754	-0.00499245421933	0.0427889874284	0.00677367001307	-0.0168560680889	0.000778476596605	-0.0451927998718	0.010292705665	0.00788299755365	-0.000509796364737	0.0350535030221	-0.014634780982	-0.0047979531051	-0.0230680532587	-0.0397871434382	-0.0520834211494	-0.0308883223655	-0.0252240495427	0.0211317095803	-0.07249317064	0.0341553534644	-0.0113718756183	0.00919569102044	0.0187873078715	-0.00578732408455	-0.0896374835837	0.0288506623348	-0.0594755910119	0.0436114946755	-0.0170516735879	-0.0502981328437	-0.00846492851295	-0.0300710250174	-0.0998967026195
k__Bacteria;p__Bacteroidetes;c__Bacteroidia;o__Bacteroidales;f__Bacteroidaceae;g__Bacteroides;s__Bacteroides_stercoris	0.0243347142939	-0.0423530480343	-0.0179483329801	-0.029802381567	1.0	0.0229943453329	-0.00243944197464	0.000484547522669	-0.0277213917567	0.0381465198752	-0.0221566442821	-0.0540668350553	-0.0481495065577	-0.0290864754865	-0.0212445662757	0.0515755645503	-0.0654762459408	0.0315201400615	-0.0236884068156	0.0220814382131	0.0684916385431	0.0184876682529	-0.0377477243825	0.0902300055242	-0.0268268959477	-0.0111459170439	0.069384156447	0.0296047522362	0.033267390397	0.0589795849594	0.0265040600947	0.0195398881123	0.0348499616627	-0.00750546128715	0.0228112982604	-0.0435197037147	-0.0662888120227	-0.0583955809619	0.0525463335442	-0.02042458061	0.00994222302601	0.0146083985713	-0.0425692791795	-0.00872099801898	-0.0216692716169	-0.0260951898286	0.011211915731	-0.0305638488839	-0.077275495692	0.00959749595933	-0.0291646294117	-0.0463043261085	-0.0224458743339	0.00303127021299	0.0423344594642	-0.0525952709915	0.0297148773292	-0.0173306935765	-0.0194118444317
k__Bacteria;p__Bacteroidetes;c__Bacteroidia;o__Bacteroidales;f__Bacteroidaceae;g__Bacteroides;s__Bacteroides_ovatus	-0.0211375936963	0.000181049233457	-0.0315846472329	-0.0273964190851	0.0229943453329	1.0	0.0864278883674	0.0244942360456	-0.0298469564077	-0.0636097916682	-0.0139667621365	0.0284546595702	0.0289082936498	0.0371831892024	-0.04543498088	0.0232077120045	-0.0050122989971	-0.0186833987911	-0.00714314542229	-0.026802708363	0.077574474445	0.0255970507073	0.0511687327742	0.104589263492	-0.0989182789322	-0.020516240933	0.0183861979005	0.00344632013522	-0.03454136661	0.0384930529357	-0.0504124425654	0.0420428476667	-0.00474523590588	0.0271462449528	-0.02343528305	-0.0238693221265	-0.039073427686	-0.0517773459435	-0.0728142195875	0.0423333799809	-0.11042881249	-0.00981293227898	0.000145592132337	-0.012803796026	-0.0177007720746	-0.0197533727657	0.00400681415462	-0.0217377335714	-0.0474806537004	0.00949715024728	-0.0526997127018	-0.0205540976981	-0.00742061836273	-0.0239568688688	-0.0241939563355	0.0507119278919	-0.035983315002	0.00643774211311	0.038317014125
k__Bacteria;p__Bacteroidetes;c__Bacteroidia;o__Bacteroidales;f__Rikenellaceae;g__Alistipes;s__Alistipes_shahii	-0.00304157906242	-0.0502198281593	-0.0210639965142	-0.0228473653379	-0.00243944197464	0.0864278883674	1.0	0.0253658162578	-0.0150060168489	-0.0108369973951	-0.000592433302958	0.00554194474197	-0.0241745889405	-0.0574342936573	-0.0476513270663	-0.0289168748923	-0.0845904291555	-0.029495737417	0.0211555615817	0.0662009672775	0.00496007397574	-0.00929839451989	0.0279588504915	-0.025024720546	-0.0109824694683	0.012414270402	0.00734191734966	-0.0426395197658	-0.0453870258098	0.000876926139235	-0.0440757262175	0.0300005358562	0.0339415077304	0.0271663834646	-0.0799606563341	0.0254745482111	-0.0216619813231	0.0158457757394	-0.00588417664077	-0.0976897938197	-0.0111470729871	-0.0290033067996	0.0433330905108	-0.0139203434517	-0.0303710270245	-0.0052880557898	0.000511778905122	0.00489287520865	0.0221101630414	-0.0694349721664	0.0134074388547	-0.014600607049	-0.00959910965073	0.0115712265174	-0.0304553736037	-0.0226770011174	0.0324604342921	0.0559372511448	0.0421615724689
k__Bacteria;p__Firmicutes;c__Clostridia;o__Clostridiales;f__Ruminococcaceae;g__Faecalibacterium;s__Faecalibacterium_prausnitzii	0.0479406447673	-0.0434267380874	-0.0316879032046	0.0592236841056	0.000484547522669	0.0244942360456	0.0253658162578	1.0	-0.0471684339821	-0.0409841436403	0.0323566814731	0.0064245657461	0.0206049663462	-0.0485748350727	-0.0200726070876	-0.0334751086843	0.0233533318602	0.0277565740373	-0.0483884437838	-0.0514501365999	-0.00216385843949	0.0534872475236	-0.0912493271591	-0.0160188167402	-0.0331566359608	-0.0348006859334	-0.0327985801042	-0.0165838353033	-0.0292751118584	0.0104924974754	0.0257209811043	-0.0886315052482	-0.0464720953323	0.00771963554398	-0.0518420961865	-0.0580196783225	0.0886253488103	-0.0233232504137	0.0361960522165	0.0210319943089	0.00487793116433	-0.0227586542269	0.00798384589001	0.0294258658626	-0.0191535322774	-0.030460576929	0.0699291813414	0.00553323809538	-0.0197299112316	-0.0130900109365	-0.050296915687	0.00816117042876	0.0355636942223	-0.0116352877269	-0.00290897674082	-0.0546007558991	0.070548527513	0.0217052603228	-0.0436880756651
k__Bacteria;p__Bacteroidetes;c__Bacteroidia;o__Bacteroidales;f__Rikenellaceae;g__Alistipes;s__Alistipes_finegoldii	-0.00789416876378	-0.0820850084113	-0.0549848781129	-0.0450158232369	-0.0277213917567	-0.0298469564077	-0.0150060168489	-0.0471684339821	1.0	-0.0260581966144	-0.00986688338103	0.0526699303927	-0.0262333519905	0.00104669035952	-0.0071777025518	-0.000532436323462	-0.00450645112991	-0.0281372332066	0.0420766990025	0.00288097626822	-0.00804048023428	0.024770630786	0.0260421397833	0.0036272646739	-0.013407817763	0.0394769019814	-0.0126016078757	-0.103389522554	0.0716939298874	-0.0279803223214	-0.0220941742743	0.0109184887424	-0.0047671768047	-0.00694798302305	0.0335490001539	-0.00900884499388	-0.0285263339873	0.00327404081554	-0.0251187321793	-0.0338471728818	-0.00691084975259	0.0496738627252	-0.0335716357732	0.0181012944306	0.037797639111	-0.0101609458811	-0.036113527329	-0.0682073272018	0.00875816627903	-0.0460167848857	-0.0615226481437	-0.0135049620751	-0.0534282527259	-0.0306327650088	0.0718018994852	-0.054656342643	-0.0178542043827	0.0158341485327	0.0506645044756
k__Bacteria;p__Bacteroidetes;c__Bacteroidia;o__Bacteroidales;f__Porphyromonadaceae;g__Parabacteroides;s__Parabacteroides_distasonis	0.0337977108626	-0.0272366909889	0.0384871128116	-0.0139427081947	0.0381465198752	-0.0636097916682	-0.0108369973951	-0.0409841436403	-0.0260581966144	1.0	0.00573157978296	0.0104905510631	0.0646310293425	-0.00695260935192	0.000755342869113	-0.0409588891017	-0.00638494838068	-0.0121638980359	-0.043187101719	-0.0274016852203	-0.0224220537937	-0.0314120009152	-0.0124211335289	-0.044452316526	8.66166235075e-05	-0.0353261781818	-0.0133771303597	0.0235228390435	-0.00284896203564	-0.0191353754222	-0.0482916458407	-0.0286878958815	-0.0458850246677	0.00392282737804	0.0563465640281	0.00167054858425	0.0533757085306	-0.0265360210401	-0.0203867972775	-0.00648311336873	-0.0309595432654	0.0679443409462	-0.0132396646382	0.012457272691	-0.0292638914685	0.0550143575306	-0.0631473062146	-0.0478103871209	-0.00866591451894	-0.0191450145434	-0.0308234703232	0.026151697868	0.0355026129261	-0.00770356760676	-0.0139961254395	0.00529477459069	0.00718818615577	-0.035253088842	-0.0204881252274
k__Bacteria;p__Bacteroidetes;c__Bacteroidia;o__Bacteroidales;f__Bacteroidaceae;g__Bacteroides;s__Bacteroides_thetaiotaomicron	-0.0276593848581	0.00511081456147	0.0087243101316	0.00386980916869	-0.0221566442821	-0.0139667621365	-0.000592433302958	0.0323566814731	-0.00986688338103	0.00573157978296	1.0	-0.0385024857962	0.0171222042344	-0.0207920083081	-0.0226220929267	0.0413940185613	-0.0098655738055	-0.0105691599202	-0.0672807363877	-0.0117588423384	-0.0419167090937	0.0089730982398	-0.0303527644206	-0.0240567633221	-0.0143304862549	-0.0519725587005	0.00174157736371	0.00169035788165	-0.0153991754164	0.0489507205304	0.00353047578861	-0.00400032583728	-0.0038746634374	0.0205254398254	-0.0459666801645	-0.0611314249943	0.0223702685162	0.00997079226651	-0.0815684656659	-0.0364336730174	0.0597313606376	-0.0178672784958	-0.0248178189627	0.0422073236754	-0.00609739839716	-0.0321678202907	-0.0442432946842	-0.0180821017906	-0.0684119043321	0.0215695829834	-0.0317367172805	0.0459071253719	-0.0158903999552	-0.0223204242836	-0.0655718929381	-0.0334355542602	0.0399025413571	-0.0411824984999	-0.0826613759797
k__Bacteria;p__Bacteroidetes;c__Bacteroidia;o__Bacteroidales;f__Bacteroidaceae;g__Bacteroides;s__Bacteroides_coprocola	-0.0381636183828	-0.0447018074088	-0.0280095049401	0.0626091443849	-0.0540668350553	0.0284546595702	0.00554194474197	0.0064245657461	0.0526699303927	0.0104905510631	-0.0385024857962	1.0	0.0310811292013	0.0400261230438	-0.00879955625539	-0.0647494193281	-0.00940432102568	0.00805580622947	-0.0283879808535	0.0487821193786	-0.000506519222723	-0.0262899774756	-0.0158161857988	0.0530847232727	-0.0422723506289	-0.00889548905841	-0.0627061393921	0.033104763409	-0.000602934780932	0.0253201052943	0.0398205941732	0.0054095672607	-0.0371424664731	-0.00177030211957	-0.00120527112118	0.0061510615117	0.012947544567	-0.0376696994862	0.0375020394319	-0.0124073637861	0.0060077391896	0.0174265765959	0.0578874421568	-0.0663667034327	0.016685334011	-0.00713829769783	-0.0561792418622	0.0606580430177	0.00460080434232	-0.0925888169945	0.0420673488787	-0.0202751622489	-0.0283549333907	0.0752319727635	-0.0119303935561	0.00498361412935	0.00028190812884	-0.0974190332363	-0.061067373652
k__Bacteria;p__Bacteroidetes;c__Bacteroidia;o__Bacteroidales;f__Bacteroidaceae;g__Bacteroides;s__Bacteroides_cellulosilyticus	-0.0338963133281	-0.0123053305015	-0.0106775322019	0.0346778926712	-0.0481495065577	0.0289082936498	-0.0241745889405	0.0206049663462	-0.0262333519905	0.0646310293425	0.0171222042344	0.0310811292013	1.0	-0.0685629183002	-0.0289293487558	-0.01838543827	-0.0530623756752	0.00837973361721	0.00854091046874	-0.0496056556534	0.00525478815473	0.0582105646007	-0.0605535884714	-0.0323434229687	-0.0520443778094	-0.0304665640454	-0.0174499313771	-0.0253842654772	-0.0471616797589	-0.0162227175115	-0.0099945841352	-0.041250030956	-0.00169527325024	0.00881498322764	0.0203181587307	-0.0134462306143	0.00840198050202	-0.0298356599368	0.0214225731772	-0.0172034349827	-0.0520979834677	0.0585643281937	0.0145016742113	0.00271872534343	0.00991437637474	0.0615556493749	-0.0432424294704	0.0716901807227	-0.0461186150302	-0.0104013184816	0.0219049172551	0.0102309209684	0.0196970414456	-0.00147546102627	7.53884008306e-06	0.0190111527709	-0.00580852310207	-0.0458630040791	0.0229910920971
k__Bacteria;p__Bacteroidetes;c__Bacteroidia;o__Bacteroidales;f__Rikenellaceae;g__Alistipes;s__Alistipes_obesi	0.0919582892508	-0.0681135976626	0.0193037161751	-0.0229471860572	-0.0290864754865	0.0371831892024	-0.0574342936573	-0.0485748350727	0.00104669035952	-0.00695260935192	-0.0207920083081	0.0400261230438	-0.0685629183002	1.0	0.00153859260987	-0.0650774995371	-0.0422576027193	-0.0091625050973	0.0194586903053	-0.0072276906499	-0.0507791349941	-0.036459331316	-0.00966582259328	-0.00449312964739	0.00331939643225	-0.0500271426444	0.0599175131934	0.085754110453	-0.0681762969566	0.00795875223155	-0.0137437204172	-0.031261368892	-0.00166604652011	0.0502160665451	-0.00152159132255	0.0845416524218	0.0210452043551	0.0582743789004	-0.00784221210712	0.0141219153638	-0.0113572328866	-0.0326638258749	-0.0780820113591	0.0112423865995	0.0186828486049	0.0197820306778	-0.0301525392714	-0.0397087067519	0.0180143767017	-0.0315330391493	-0.00671754550871	-0.00624825352967	-0.0385168715311	-0.0250221498108	-0.044692757213	-0.0525977409294	-0.00799163978377	-0.0541757883722	-0.00389518340219
k__Bacteria;p__Firmicutes;c__Clostridia;o__Clostridiales;f__Lachnospiraceae;g__;s__[Eubacterium]_rectale	-0.0094711374108	0.00223019194133	-0.00620978897683	-0.0223798414064	-0.0212445662757	-0.04543498088	-0.0476513270663	-0.0200726070876	-0.0071777025518	0.000755342869113	-0.0226220929267	-0.00879955625539	-0.0289293487558	0.00153859260987	1.0	0.0120654525046	-0.00483108165637	-0.0149849002982	0.0585329000735	-0.0492779355015	-0.0101945269485	0.00481101635604	-0.0141425732579	0.0338893561286	0.021440762084	-0.068787591828	-0.0177382334613	-0.0796749276429	-0.0599554628451	0.0451776894156	-0.00381969310943	-0.0588855717811	-0.0190286570632	0.0344750394356	-0.0161824066263	-0.0280276685491	-0.0252618681204	-0.0537000041444	0.0300871666918	-0.00243349732301	-0.0119032033078	0.0253975321977	-0.0389394219169	-0.107367368671	0.0101504835454	-0.017234363522	0.0525863831955	-0.00988354988121	0.0448146714343	0.0368287886251	-0.0206976932172	0.0109074469971	-0.00148909706947	-0.0223861878938	0.0180973277359	-0.0173145084613	-0.0309416766173	0.00391139206032	-0.011821709383
k__Bacteria;p__Bacteroidetes;c__Bacteroidia;o__Bacteroidales;f__Bacteroidaceae;g__Bacteroides;s__Bacteroides_plebeius	0.00407411430335	0.00447612810764	-0.0648258440007	-0.0157691788355	0.0515755645503	0.0232077120045	-0.0289168748923	-0.0334751086843	-0.000532436323462	-0.0409588891017	0.0413940185613	-0.0647494193281	-0.01838543827	-0.0650774995371	0.0120654525046	1.0	0.0367800529588	0.0463879455464	-0.00757436835158	-0.0135463673133	-0.0548164175135	-0.0156923139315	-0.0401189494706	0.0261331618048	0.0385962880628	0.0249255576111	-0.00626104573488	0.0177884737072	0.0261071205158	0.00138062395676	0.0291099617446	0.0014527976987	0.0207305184859	-0.0184666199859	-0.0416002640092	-0.00929293149688	-0.0341074163306	-0.0836695448507	-0.028503912805	0.0131772244523	0.049890548487	0.0172827638943	-0.00408338104889	0.0110045626967	0.0569918152597	0.0126283204937	-0.00276495646437	-0.00354950196804	-0.0508907981424	0.00227307735238	-0.00960048126192	-0.0150543040608	0.041208301254	0.0549866844677	0.0341837162204	-0.0535756951309	-0.0677112328727	-0.0114872742156	-0.0712635741767
k__Bacteria;p__Bacteroidetes;c__Bacteroidia;o__Bacteroidales;f__Bacteroidaceae;g__Bacteroides;s__Bacteroides_fragilis	0.0021693432266	-0.0300917789866	-0.00823391556777	0.0483806142134	-0.0654762459408	-0.0050122989971	-0.0845904291555	0.0233533318602	-0.00450645112991	-0.00638494838068	-0.0098655738055	-0.00940432102568	-0.0530623756752	-0.0422576027193	-0.00483108165637	0.0367800529588	1.0	-0.00757099508437	-0.00680612366318	-0.0136530502757	-0.040186377891	-0.0339044666216	0.0356750003958	-0.00816765149833	-0.048475656484	-0.00875924298492	-0.0102502508065	-0.0633232946403	-0.0224572113475	0.00292003064929	-0.0140874713488	0.000995319860471	-0.0329559575757	0.03095047478	0.0342394260012	0.00608052848362	-0.0404789024971	0.0240947602158	-0.0347089658325	0.0521027651694	-0.0494878170069	-0.0772181090352	-0.00309970662533	0.0718820280322	-0.0222634621797	0.0404754708172	-0.0489047340547	0.00667450960924	0.00678105316491	0.0134191157356	-0.0108242338349	-0.0196293653421	-0.0178683934769	-0.0613202599198	-0.0412139039034	-0.0289559015491	0.0421910899193	-0.0088344154415	-0.0135141457433
k__Bacteria;p__Proteobacteria;c__Betaproteobacteria;o__Burkholderiales;f__Sutterellaceae;g__Sutterella;s__Sutterella_wadsworthensis	-0.0187250709339	0.000341474718865	-0.0244152945769	-0.07295420281	0.0315201400615	-0.0186833987911	-0.029495737417	0.0277565740373	-0.0281372332066	-0.0121638980359	-0.0105691599202	0.00805580622947	0.00837973361721	-0.0091625050973	-0.0149849002982	0.0463879455464	-0.00757099508437	1.0	-0.0253382208491	0.0401076510791	-0.0119687919808	8.02689507111e-05	-0.067082103435	0.062871211445	-0.0451586906195	-0.0227445043845	0.0439038677312	0.00952812386055	0.0184300910376	-0.0100149394131	-0.0225738522438	-0.00381485511451	0.0113324443039	-0.0438484277698	-0.0592813430452	-0.0628276887449	-0.00655830447916	-0.0618850173354	-0.0529153385863	-0.0522439348244	-0.0749886180742	-0.0365539023986	-0.00186283821835	-0.0107061458832	0.0269683429979	0.0422210130578	-0.0162832259584	0.0409734321025	0.0242528767802	0.00829972087146	0.0026651990459	0.0622720764223	0.0434239282834	0.0458333566361	0.00136423843218	-0.0221875738935	0.0133192866576	0.0331326289185	-0.0634884521557
k__Bacteria;p__Bacteroidetes;c__Bacteroidia;o__Bacteroidales;f__Porphyromonadaceae;g__Barnesiella;s__Barnesiella_intestinihominis	-0.0643529656807	-0.0292058188009	0.0419257131807	-0.0652126827681	-0.0236884068156	-0.00714314542229	0.0211555615817	-0.0483884437838	0.0420766990025	-0.043187101719	-0.0672807363877	-0.0283879808535	0.00854091046874	0.0194586903053	0.0585329000735	-0.00757436835158	-0.00680612366318	-0.0253382208491	1.0	0.0159241001738	-0.0602245760389	-0.0425187568758	-0.0238550741175	0.020247232739	-0.0346682427285	-0.0119057882937	-0.0435103153888	-0.0231427864487	-0.00332003531165	-0.0542642306005	0.00435632185033	-0.0392688113495	0.0219836924495	0.0344189642884	0.00762839651438	-0.0429773161424	0.0224661773704	-0.00126480256771	0.0111830403017	-0.0263013225005	0.0137884486273	0.0147153290986	-0.00773443039295	0.00228734230183	0.0712004530666	-0.0575206107039	0.0232953913919	0.00524816838042	-0.00072352825164	0.00431778608005	0.0469342195853	-0.030409179518	-0.0479849362713	0.0295736027804	-0.11098926393	-0.00944152454091	0.057250057468	0.00910545241503	0.0354047776289
k__Bacteria;p__Bacteroidetes;c__Bacteroidia;o__Bacteroidales;f__Odoribacteraceae;g__Odoribacter;s__Odoribacter_splanchnicus	0.00428438870558	-0.00968631120731	0.00735467390867	-0.00813607914401	0.0220814382131	-0.026802708363	0.0662009672775	-0.0514501365999	0.00288097626822	-0.0274016852203	-0.0117588423384	0.0487821193786	-0.0496056556534	-0.0072276906499	-0.0492779355015	-0.0135463673133	-0.0136530502757	0.0401076510791	0.0159241001738	1.0	0.00759828979119	-0.0110518038248	-0.0743842519142	-0.0704465730738	-0.0097332630137	-0.0431078004544	0.0226338374309	-0.00757961587784	-0.0224275976611	0.00541067489816	-0.0420762828758	-0.0256309735036	0.0242435847192	-0.0128381973516	-0.0019300341318	0.00688866196878	0.0180690923149	0.0295575733923	-0.0012721074041	0.0076641515961	-0.00371390432667	0.0142456179758	-0.00549344241614	0.00949390786238	-0.0198381034283	-0.046014795505	-0.0309125736228	0.0152053954296	-0.00654912287764	-0.0328173412569	0.0718910011583	-0.0187107196593	-0.0335161917014	0.0256233441664	-0.0520172940081	0.0299894771186	-0.0249344291686	0.0642278893663	0.0431723175838
k__Bacteria;p__Bacteroidetes;c__Bacteroidia;o__Bacteroidales;f__Bacteroidaceae;g__Bacteroides;s__Bacteroides_salyersiae	-0.0226521315108	0.0284741713623	0.0505127547241	-0.0323157853574	0.0684916385431	0.077574474445	0.00496007397574	-0.00216385843949	-0.00804048023428	-0.0224220537937	-0.0419167090937	-0.000506519222723	0.00525478815473	-0.0507791349941	-0.0101945269485	-0.0548164175135	-0.040186377891	-0.0119687919808	-0.0602245760389	0.00759828979119	1.0	-0.02101944933	-0.0239647540967	-0.0184822400075	-0.0413728646801	-0.01965921628	-0.00946403230857	-0.0130706067926	-0.0112838981951	0.0192119718592	-0.0198911479179	-0.0372009815576	0.00505523476566	-0.0222339077398	0.0429409147839	-0.0497859797143	0.0359698942326	0.0111527239468	-0.0183109017162	-0.0287793002095	-0.0320389831937	-0.0382673627334	-0.0132557173871	0.0862002189845	0.0216473053784	-0.0203934902872	-0.0215626012851	-0.0669219197841	-0.0514275376082	-0.0377369261808	0.0347840132338	-0.013287451661	-0.00236929038188	0.015185352858	-0.00522197389539	0.00646198028703	-0.0143015090753	-0.015101155281	0.0643649860521
k__Bacteria;p__Firmicutes;c__Clostridia;o__Clostridiales;f__Ruminococcaceae;g__Ruminiclostridium;s__[Eubacterium]_siraeum	-0.0208489618445	0.0071452684779	0.0272591469346	0.0109690066758	0.0184876682529	0.0255970507073	-0.00929839451989	0.0534872475236	0.024770630786	-0.0314120009152	0.0089730982398	-0.0262899774756	0.0582105646007	-0.036459331316	0.00481101635604	-0.0156923139315	-0.0339044666216	8.02689507112e-05	-0.0425187568758	-0.0110518038248	-0.02101944933	1.0	-0.0411757906607	-0.036397516432	-0.0164601639448	-0.00868477814379	-0.0349514739349	0.0064138937067	0.0325513573335	-0.0106956378339	-0.012253579583	-0.00313223543002	-0.0261718736167	-0.00888078132219	-0.00860123488188	-0.0544029274279	-0.0212663956428	0.0101397286336	0.0421657832579	0.0228499884691	0.0982341747666	0.012411157982	-0.0584797083117	0.0452213989631	-0.0523420657221	0.0272472459435	0.0280568419935	-0.0674844237731	0.0612944031263	-0.0116990644977	-0.0549581323054	-0.00435204425943	-0.0159448598927	-0.0672419949243	-0.0299385181942	0.0399430281295	-0.0197685013142	0.0428743320196	-0.0584654236124
k__Bacteria;p__Proteobacteria;c__Betaproteobacteria;o__Burkholderiales;f__Sutterellaceae;g__Parasutterella;s__Parasutterella_excrementihominis	0.0172756003726	0.0161385617165	0.00835573763607	-0.0227133306531	-0.0377477243825	0.0511687327742	0.0279588504915	-0.0912493271591	0.0260421397833	-0.0124211335289	-0.0303527644206	-0.0158161857988	-0.0605535884714	-0.00966582259328	-0.0141425732579	-0.0401189494706	0.0356750003958	-0.067082103435	-0.0238550741175	-0.0743842519142	-0.0239647540967	-0.0411757906607	1.0	-0.0223601991959	0.00551580963793	0.00223734976399	-0.0403368849221	-0.0219053863408	0.0403149010479	-0.0367622780642	-0.00338949950439	-0.102649710588	-0.0334300638746	-0.0212321675236	0.0121643170799	-0.029329583407	-0.00128622012454	0.0565276247334	-0.0225780156857	-0.00042864932498	-0.00266939360416	0.0124932664459	-0.0420017603155	0.0214689115285	0.0484388430811	0.012103250646	-0.0334467559138	-0.000757239535082	0.0379909871535	-0.0359922084736	-0.0267490997879	0.0251907332225	0.0304553489774	-0.024573257172	0.0445222926629	-0.0543396592653	0.0109885204676	0.0258465339144	0.0444161882286
k__Bacteria;p__Actinobacteria;c__Actinobacteria;o__Bifidobacteriales;f__Bifidobacteriaceae;g__Bifidobacterium;s__Bifidobacterium_adolescentis	-0.0007067098711	0.0144223913477	0.0268388351547	-0.0492990289302	0.0902300055242	0.104589263492	-0.025024720546	-0.0160188167402	0.0036272646739	-0.044452316526	-0.0240567633221	0.0530847232727	-0.0323434229687	-0.00449312964739	0.0338893561286	0.0261331618048	-0.00816765149833	0.062871211445	0.020247232739	-0.0704465730738	-0.0184822400075	-0.036397516432	-0.0223601991959	1.0	-0.00211968182077	0.0293670006368	0.0225729073798	-0.0759366086304	-0.0546984433895	-0.0330357176577	0.0265775609804	-0.0164225260051	-0.00120889414123	-0.0613574949484	-0.0274994441843	0.0638517151914	0.00131943394765	-0.0640340263626	-0.045834336838	-0.0345501494662	0.00758069752407	-0.0366208358344	0.0196828614434	0.0287257035253	0.0605664821653	-0.0669815372262	-0.0294079906445	-0.0340554695566	0.0524251396557	-0.00188818880771	-0.0523312484438	0.00140472124148	0.0628144185171	-0.066392426589	0.0178392804528	-0.0201590045639	-0.0830613649272	-0.0483033781321	0.00551066943576
k__Bacteria;p__Firmicutes;c__Clostridia;o__Clostridiales;f__Oscillospiraceae;g__Oscillibacter;s__Oscillibacter_sp._KLE_1745	0.0174865695525	0.0117561656891	-0.00422293391794	-0.0438995135193	-0.0268268959477	-0.0989182789322	-0.0109824694683	-0.0331566359608	-0.013407817763	8.66166235075e-05	-0.0143304862549	-0.0422723506289	-0.0520443778094	0.00331939643225	0.021440762084	0.0385962880628	-0.048475656484	-0.0451586906195	-0.0346682427285	-0.0097332630137	-0.0413728646801	-0.0164601639448	0.00551580963793	-0.00211968182077	1.0	-0.00244923766828	0.0094685749677	-0.0172502463484	0.0179049764123	-0.0567829774546	-0.00480208998835	-0.00695134494889	0.0418882718871	0.0176359121336	0.0152513159172	0.0388735410206	0.015439134737	0.0361858883941	-0.0292183768461	0.000823940998614	-0.0392090854212	0.0142350166777	-0.0708457018893	-0.0730203464312	0.00255816500292	0.0635583573535	0.0484919635456	-0.0355693026775	-0.0119358316242	0.00247524885512	-0.0267944958426	0.0110069890934	0.00861055130949	0.0369216813773	0.00372474208795	-0.0010193269765	-0.0158132187948	-0.00195864148706	-0.0283392179913
k__Bacteria;p__Bacteroidetes;c__Bacteroidia;o__Bacteroidales;f__Bacteroidaceae;g__Bacteroides;s__Bacteroides_coprophilus	-0.0540846671239	0.0147488312893	-0.0426295117069	0.00229730866754	-0.0111459170439	-0.020516240933	0.012414270402	-0.0348006859334	0.0394769019814	-0.0353261781818	-0.0519725587005	-0.00889548905841	-0.0304665640454	-0.0500271426444	-0.068787591828	0.0249255576111	-0.00875924298492	-0.0227445043845	-0.0119057882937	-0.0431078004544	-0.01965921628	-0.00868477814379	0.00223734976399	0.0293670006368	-0.00244923766828	1.0	0.0402824329819	-0.0600639080627	-0.00479341056297	-0.0496421312191	-0.0115671221873	0.0133855710311	-0.0163831513791	-0.103529950471	0.0202901067284	0.0153141041818	0.0169863092151	-0.0318397136604	0.00468095152212	-0.00849489361311	-0.00954623748514	0.0218412686925	-0.0223331385365	0.0137983976395	-0.0290857616012	0.00332752713234	-0.00127088650403	0.0391995838163	-0.0132299332417	-0.0337273222352	0.0195521989511	-0.004104869044	-0.0011485560814	-0.0371030129985	0.0467130716141	0.000625856351219	-0.00427336577788	0.004145851534	-0.0143258650703
k__Bacteria;p__Firmicutes;c__Clostridia;o__Clostridiales;f__Lachnospiraceae;g__Roseburia;s__Roseburia_intestinalis	-0.025780978182	-0.0406369900903	0.0150866231865	-0.00499245421933	0.069384156447	0.0183861979005	0.00734191734966	-0.0327985801042	-0.0126016078757	-0.0133771303597	0.00174157736371	-0.0627061393921	-0.0174499313771	0.0599175131934	-0.0177382334613	-0.00626104573488	-0.0102502508065	0.0439038677312	-0.0435103153888	0.0226338374309	-0.00946403230857	-0.0349514739349	-0.0403368849221	0.0225729073798	0.0094685749677	0.0402824329819	1.0	-0.0338532531423	-0.00812628276185	0.00595962504181	-0.0715879047184	0.0639734553534	-0.00700645196677	-0.00215877489078	0.00344144244534	-0.0655184468257	-0.0293442880445	0.0302688050525	0.00758158656935	-0.0257026416246	0.0065582960492	0.0398362111635	-0.0609741046678	-0.0515114238903	-0.00649295541944	0.00492499046707	0.00610811378298	-0.036376912656	-0.0540649531187	0.0038358740415	0.105014736154	-0.0562530358562	-0.0369498524812	-0.0168393602597	-0.0461840721803	-0.0257949108142	0.0339419429849	-0.0346036727761	-0.0165589607266
k__Bacteria;p__Firmicutes;c__Clostridia;o__Clostridiales;f__Lachnospiraceae;g__Roseburia;s__Roseburia_hominis	0.0272890782033	0.0115400333203	-0.0643153605483	0.0427889874284	0.0296047522362	0.00344632013522	-0.0426395197658	-0.0165838353033	-0.103389522554	0.0235228390435	0.00169035788165	0.033104763409	-0.0253842654772	0.085754110453	-0.0796749276429	0.0177884737072	-0.0633232946403	0.00952812386055	-0.0231427864487	-0.00757961587784	-0.0130706067926	0.0064138937067	-0.0219053863408	-0.0759366086304	-0.0172502463484	-0.0600639080627	-0.0338532531423	1.0	-0.00789348619002	-0.0611117030844	-0.0448634413632	-0.070532227869	-0.0175811757502	-0.00522952363723	-0.0154811860786	0.018385743491	0.00795516804758	-0.0142384348388	-0.0138397529506	-0.0310758851228	-0.0198096415317	-0.0376630440509	-0.000316978843227	0.00894907215728	0.00229763624237	0.0543590258568	0.0299696160824	0.0289083217518	0.0225444324441	-0.000549490834071	-0.00798418010034	0.00401133572543	0.00165942237515	-0.0204299220682	0.0280991258947	0.0180908385221	0.00124779752402	0.0088083055574	0.0592132487395
k__Bacteria;p__Bacteroidetes;c__Bacteroidia;o__Bacteroidales;f__Porphyromonadaceae;g__Parabacteroides;s__Parabacteroides_johnsonii	-0.05856362652	-0.0117362754307	0.0414426612628	0.00677367001307	0.033267390397	-0.03454136661	-0.0453870258098	-0.0292751118584	0.0716939298874	-0.00284896203564	-0.0153991754164	-0.000602934780932	-0.0471616797589	-0.0681762969566	-0.0599554628451	0.0261071205158	-0.0224572113475	0.0184300910376	-0.00332003531165	-0.0224275976611	-0.0112838981951	0.0325513573335	0.0403149010479	-0.0546984433895	0.0179049764123	-0.00479341056297	-0.00812628276185	-0.00789348619002	1.0	-0.0320736335853	0.0276478043726	-0.0239322550248	0.0113901688704	-0.0210377017475	-0.0693528117913	-0.00416774292129	-0.0256926777675	0.00185089012152	-0.0205462162	0.0215725309579	-0.00338535830191	0.0361413396802	0.0282635596175	0.00416246254603	0.0537878824702	0.0627727568881	-0.0294241420351	-0.0224504822645	-0.0743743307098	-0.0295335578673	-0.0154752058287	0.0373443236483	0.0153624040728	0.00500996636901	-0.0200037444663	-0.0208226921754	0.0338428791775	-0.0282676673205	0.0100457912477
k__Bacteria;p__Actinobacteria;c__Actinobacteria;o__Bifidobacteriales;f__Bifidobacteriaceae;g__Bifidobacterium;s__Bifidobacterium_longum	-0.0219398223153	0.0693022078474	0.00246960871543	-0.0168560680889	0.0589795849594	0.0384930529357	0.000876926139235	0.0104924974754	-0.0279803223214	-0.0191353754222	0.0489507205304	0.0253201052943	-0.0162227175115	0.00795875223155	0.0451776894156	0.00138062395676	0.00292003064929	-0.0100149394131	-0.0542642306005	0.00541067489816	0.0192119718592	-0.0106956378339	-0.0367622780642	-0.0330357176577	-0.0567829774546	-0.0496421312191	0.00595962504181	-0.0611117030844	-0.0320736335853	1.0	0.00289124106598	0.060426393691	-0.00272646355998	-0.0193653403431	0.00735961178317	-0.0976233925482	-0.011786761799	-0.0529832157105	-0.00237158118409	-0.0254828605172	0.000662434466361	0.000141964284435	0.0248414333932	0.0618473037735	-0.0307073303443	-0.0340996972476	-0.00468270416377	0.0106584182894	-0.0587867906769	0.0370120003311	0.016139866418	0.0899512686623	0.0352286821185	-0.0428532758614	0.0197752270651	0.00339634626409	0.000782876661112	-0.0360146247328	-0.0203993380298
