#taxonomy	k__Bacteria;p__Bacteroidetes;c__Bacteroidia;o__Bacteroidales;f__Bacteroidaceae;g__Bacteroides;s__Bacteroides_vulgatus	k__Bacteria;p__Bacteroidetes;c__Bacteroidia;o__Bacteroidales;f__Bacteroidaceae;g__Bacteroides;s__Bacteroides_uniformis	k__Bacteria;p__Bacteroidetes;c__Bacteroidia;o__Bacteroidales;f__Rikenellaceae;g__Alistipes;s__Alistipes_putredinis	k__Bacteria;p__Bacteroidetes;c__Bacteroidia;o__Bacteroidales;f__Prevotellaceae;g__Prevotella;s__Prevotella_copri	k__Bacteria;p__Bacteroidetes;c__Bacteroidia;o__Bacteroidales;f__Bacteroidaceae;g__Bacteroides;s__Bacteroides_stercoris	k__Bacteria;p__Bacteroidetes;c__Bacteroidia;o__Bacteroidales;f__Bacteroidaceae;g__Bacteroides;s__Bacteroides_ovatus	k__Bacteria;p__Bacteroidetes;c__Bacteroidia;o__Bacteroidales;f__Rikenellaceae;g__Alistipes;s__Alistipes_shahii	k__Bacteria;p__Firmicutes;c__Clostridia;o__Clostridiales;f__Ruminococcaceae;g__Faecalibacterium;s__Faecalibacterium_prausnitzii	k__Bacteria;p__Bacteroidetes;c__Bacteroidia;o__Bacteroidales;f__Rikenellaceae;g__Alistipes;s__Alistipes_finegoldii	k__Bacteria;p__Bacteroidetes;c__Bacteroidia;o__Bacteroidales;f__Porphyromonadaceae;g__Parabacteroides;s__Parabacteroides_distasonis	k__Bacteria;p__Bacteroidetes;c__Bacteroidia;o__Bacteroidales;f__Bacteroidaceae;g__Bacteroides;s__Bacteroides_thetaiotaomicron	k__Bacteria;p__Bacteroidetes;c__Bacteroidia;o__Bacteroidales;f__Bacteroidaceae;g__Bacteroides;s__Bacteroides_coprocola	k__Bacteria;p__Bacteroidetes;c__Bacteroidia;o__Bacteroidales;f__Bacteroidaceae;g__Bacteroides;s__Bacteroides_cellulosilyticus	k__Bacteria;p__Bacteroidetes;c__Bacteroidia;o__Bacteroidales;f__Rikenellaceae;g__Alistipes;s__Alistipes_obesi	k__Bacteria;p__Firmicutes;c__Clostridia;o__Clostridiales;f__Lachnospiraceae;g__;s__[Eubacterium]_rectale	k__Bacteria;p__Bacteroidetes;c__Bacteroidia;o__Bacteroidales;f__Bacteroidaceae;g__Bacteroides;s__Bacteroides_plebeius	k__Bacteria;p__Bacteroidetes;c__Bacteroidia;o__Bacteroidales;f__Bacteroidaceae;g__Bacteroides;s__Bacteroides_fragilis	k__Bacteria;p__Proteobacteria;c__Betaproteobacteria;o__Burkholderiales;f__Sutterellaceae;g__Sutterella;s__Sutterella_wadsworthensis	k__Bacteria;p__Bacteroidetes;c__Bacteroidia;o__Bacteroidales;f__Porphyromonadaceae;g__Barnesiella;s__Barnesiella_intestinihominis	k__Bacteria;p__Bacteroidetes;c__Bacteroidia;o__Bacteroidales;f__Odoribacteraceae;g__Odoribacter;s__Odoribacter_splanchnicus	k__Bacteria;p__Bacteroidetes;c__Bacteroidia;o__Bacteroidales;f__Bacteroidaceae;g__Bacteroides;s__Bacteroides_salyersiae	k__Bacteria;p__Firmicutes;c__Clostridia;o__Clostridiales;f__Ruminococcaceae;g__Ruminiclostridium;s__[Eubacterium]_siraeum	k__Bacteria;p__Proteobacteria;c__Betaproteobacteria;o__Burkholderiales;f__Sutterellaceae;g__Parasutterella;s__Parasutterella_excrementihominis	k__Bacteria;p__Actinobacteria;c__Actinobacteria;o__Bifidobacteriales;f__Bifidobacteriaceae;g__Bifidobacterium;s__Bifidobacterium_adolescentis	k__Bacteria;p__Firmicutes;c__Clostridia;o__Clostridiales;f__Oscillospiraceae;g__Oscillibacter;s__Oscillibacter_sp._KLE_1745	k__Bacteria;p__Bacteroidetes;c__Bacteroidia;o__Bacteroidales;f__Bacteroidaceae;g__Bacteroides;s__Bacteroides_coprophilus	k__Bacteria;p__Firmicutes;c__Clostridia;o__Clostridiales;f__Lachnospiraceae;g__Roseburia;s__Roseburia_intestinalis	k__Bacteria;p__Firmicutes;c__Clostridia;o__Clostridiales;f__Lachnospiraceae;g__Roseburia;s__Roseburia_hominis	k__Bacteria;p__Bacteroidetes;c__Bacteroidia;o__Bacteroidales;f__Porphyromonadaceae;g__Parabacteroides;s__Parabacteroides_johnsonii	k__Bacteria;p__Actinobacteria;c__Actinobacteria;o__Bifidobacteriales;f__Bifidobacteriaceae;g__Bifidobacterium;s__Bifidobacterium_longum	k__Bacteria;p__Firmicutes;c__Clostridia;o__Clostridiales;f__;g__Flavonifractor;s__Flavonifractor_plautii	k__Bacteria;p__Firmicutes;c__Clostridia;o__Clostridiales;f__Clostridiaceae;g__Clostridium;s__Clostridium_phoceensis	k__Bacteria;p__Verrucomicrobia;c__Verrucomicrobiae;o__Verrucomicrobiales;f__Akkermansiaceae;g__Akkermansia;s__Akkermansia_muciniphila	k__Bacteria;p__Bacteroidetes;c__Bacteroidia;o__Bacteroidales;f__Prevotellaceae;g__Paraprevotella;s__Paraprevotella_xylaniphila	k__Bacteria;p__Firmicutes;c__Clostridia;o__Clostridiales;f__Ruminococcaceae;g__Ruminococcus;s__Ruminococcus_callidus	k__Bacteria;p__Bacteroidetes;c__Bacteroidia;o__Bacteroidales;f__Rikenellaceae;g__Alistipes;s__Alistipes_senegalensis	k__Bacteria;p__Firmicutes;c__Clostridia;o__Clostridiales;f__Lachnospiraceae;g__Blautia;s__Blautia_sp._KLE_1732	k__Bacteria;p__Bacteroidetes;c__Bacteroidia;o__Bacteroidales;f__Bacteroidaceae;g__Bacteroides;s__Bacteroides_oleiciplenus	k__Bacteria;p__Firmicutes;c__Clostridia;o__Clostridiales;f__Ruminococcaceae;g__Ruminococcus;s__Ruminococcus_bicirculans	k__Bacteria;p__Bacteroidetes;c__Bacteroidia;o__Bacteroidales;f__Bacteroidaceae;g__Bacteroides;s__Bacteroides_fluxus	k__Bacteria;p__Bacteroidetes;c__Bacteroidia;o__Bacteroidales;f__Prevotellaceae;g__Prevotella;s__Prevotella_stercorea	k__Bacteria;p__Firmicutes;c__Clostridia;o__Clostridiales;f__Lachnospiraceae;g__Dorea;s__Dorea_longicatena	k__Bacteria;p__Firmicutes;c__Clostridia;o__Clostridiales;f__Eubacteriaceae;g__Eubacterium;s__[Eubacterium]_eligens	k__Bacteria;p__Firmicutes;c__Clostridia;o__Clostridiales;f__Ruminococcaceae;g__;s__Ruminococcaceae_bacterium_D16	k__Bacteria;p__Firmicutes;c__Clostridia;o__Clostridiales;f__Lachnospiraceae;g__Coprococcus;s__Coprococcus_comes	k__Bacteria;p__Proteobacteria;c__Gammaproteobacteria;o__Enterobacterales;f__Enterobacteriaceae;g__Escherichia;s__Escherichia_coli	k__Bacteria;p__Firmicutes;c__Clostridia;o__Clostridiales;f__Ruminococcaceae;g__Anaerotruncus;s__Anaerotruncus_colihominis	k__Bacteria;p__Firmicutes;c__Clostridia;o__Clostridiales;f__Lachnospiraceae;g__Blautia;s__Blautia_obeum	k__Bacteria;p__Bacteroidetes;c__Bacteroidia;o__Bacteroidales;f__Odoribacteraceae;g__Odoribacter;s__Odoribacter_laneus	k__Bacteria;p__Firmicutes;c__Clostridia;o__Clostridiales;f__Ruminococcaceae;g__Ruminiclostridium;s__[Clostridium]_leptum	k__Bacteria;p__Bacteroidetes;c__Bacteroidia;o__Bacteroidales;f__Porphyromonadaceae;g__Parabacteroides;s__Parabacteroides_goldsteinii	k__Bacteria;p__Firmicutes;c__Clostridia;o__Clostridiales;f__Lachnospiraceae;g__Anaerostipes;s__Anaerostipes_hadrus	k__Bacteria;p__Firmicutes;c__Clostridia;o__Clostridiales;f__Ruminococcaceae;g__Ruminococcus;s__Ruminococcus_lactaris	k__Bacteria;p__Firmicutes;c__Clostridia;o__Clostridiales;f__Clostridiaceae;g__Clostridium;s__Clostridium_sp._L2-50	k__Bacteria;p__Firmicutes;c__Clostridia;o__Clostridiales;f__Clostridiaceae;g__Clostridium;s__Clostridium_sp._M62/1	k__Bacteria;p__Firmicutes;c__Clostridia;o__Clostridiales;f__;g__Intestinimonas;s__Intestinimonas_butyriciproducens	k__Bacteria;p__Actinobacteria;c__Actinobacteria;o__Bifidobacteriales;f__Bifidobacteriaceae;g__Bifidobacterium;s__Bifidobacterium_bifidum	k__Bacteria;p__Firmicutes;c__Negativicutes;o__Veillonellales;f__Veillonellaceae;g__Dialister;s__Dialister_invisus	k__Bacteria;p__Bacteroidetes;c__Bacteroidia;o__Bacteroidales;f__Bacteroidaceae;g__Bacteroides;s__Bacteroides_salanitronis
k__Bacteria;p__Bacteroidetes;c__Bacteroidia;o__Bacteroidales;f__Bacteroidaceae;g__Bacteroides;s__Bacteroides_vulgatus	1.0	0.00582413032792	-0.0129665316558	0.0627741597531	-0.0218963687097	0.00737948270216	0.0228426448517	0.0226191684791	0.0393563229581	-0.0218034898732	-0.0140581807022	-0.0547949629965	-0.0228669903761	0.0236323587308	0.0298631354597	-0.0171123414656	0.0589473787691	-0.0291952205446	-0.0135643978947	-0.0136954401262	-0.039486836634	0.0403217225454	-0.0102533219778	0.0820727052165	0.0124543551863	-0.0102060556406	-0.0356712635528	0.0492704757173	-0.08212056746	0.000160781986654	0.0175315378108	-0.0361772724366	-0.0672802079944	0.0108505122219	-0.0418071873984	-0.0198780784946	0.0153166543944	0.0665067043395	-0.0298946282151	-0.0487619620753	-0.0347974470002	-0.0406870471794	-0.0157189579716	0.0173510760144	-0.0457483898447	-0.0187089263354	-0.0195136275544	-0.0177123198386	-0.0143838231728	0.050404794931	0.0218871152981	0.0203992698696	-0.0343183291403	-0.0218077345859	0.0414313256007	-0.000223800804074	-0.0344344734802	-0.011766684352	-0.017396714527
k__Bacteria;p__Bacteroidetes;c__Bacteroidia;o__Bacteroidales;f__Bacteroidaceae;g__Bacteroides;s__Bacteroides_uniformis	0.00582413032792	1.0	-0.0628791648315	-0.0259203119024	0.0548121639167	-0.0173199612905	0.0183040146144	0.0324610717865	-0.0697393192669	-0.0442716600133	-0.050524693648	-0.00600582337658	-0.043800961977	0.0049095986162	-0.0606117803176	-0.0179082698658	-0.0605361890283	0.00468040162598	-0.0162355689222	-0.0381692771005	0.00153269211286	0.0661827619014	-0.0487533379784	-0.0232077039569	0.00181050531047	-0.0584149409225	-0.00553245746705	-0.0177869963899	0.0315548284671	-0.0888031664606	0.0240887989594	-0.0418132429633	0.0106395455873	0.046156438215	0.0146741920517	-0.0325992759546	-0.0364983057613	-0.0335682905661	-0.0419392338185	0.0095057055365	-0.0150777082097	-0.0317988387785	0.00621950761667	-0.02720193843	-0.0918382705049	0.0250402862986	-0.024896411177	0.00894182767359	-0.0588872608923	0.000374549481011	0.0514687418578	0.0675287314668	-0.0216317032718	0.0678624947699	0.0377660008201	0.00091147893749	-0.0279031283048	-0.0101431766187	0.0271293761466
k__Bacteria;p__Bacteroidetes;c__Bacteroidia;o__Bacteroidales;f__Rikenellaceae;g__Alistipes;s__Alistipes_putredinis	-0.0129665316558	-0.0628791648315	1.0	-0.0216037843398	0.0160883803618	-0.0516607487388	-0.00512539767791	-0.0316923609128	-0.00604780773514	-0.0419229888053	0.0148693200074	-0.0103601914952	0.0550624815447	-0.0098795652694	-0.0799580579866	-0.0201098948353	0.0187244867459	0.00358634073781	-0.0594314221876	-0.0361170872196	-0.00749973149829	-0.0296289182584	0.0424568646371	-0.0212890545614	-0.00567693785474	0.0417689377979	-0.0215840189953	0.00605994401335	0.00168136462289	0.0264878918502	-0.0125511069084	0.0450663686185	0.0670288660544	0.0485775064836	0.0240332737987	-0.0271729767285	-0.033478737454	0.0273735357704	0.0384664919329	-0.00724230748172	0.012357911834	-0.0177338177924	-0.0800379610408	-0.0463344511362	0.0273816106403	-0.0228043737793	-0.0282782419445	-0.0430471692206	-0.0459329523241	0.0182646091581	0.00295995110077	-0.0494654405059	0.0345637344951	0.101100888075	-0.00995968466711	0.019473987262	-0.0241556944646	-0.00439798869363	0.0205102146557
k__Bacteria;p__Bacteroidetes;c__Bacteroidia;o__Bacteroidales;f__Prevotellaceae;g__Prevotella;s__Prevotella_copri	0.0627741597531	-0.0259203119024	-0.0216037843398	1.0	-0.0748036878964	-0.0130380625621	-0.0514764069644	-0.0202734297874	-0.0143675055959	0.014890731579	0.0115232946842	-0.0481586620718	-0.0186022772087	0.00856338569697	-0.0784563018988	0.0182253930447	-0.0136446029396	-0.0614576007448	-0.0530260160904	-0.0100107408688	0.038292564465	0.0136534533214	-0.00836392940905	-0.0256254091885	0.00375609690338	0.0736981758721	-0.0150339779396	0.062577727973	-0.057533588806	0.0107255636708	-0.0412193550279	0.00583956507199	-0.0737112571275	-0.0408235250953	-0.0164348395696	-0.0190038804781	-0.0341090833569	0.0421853175673	0.013091435795	-0.03692027096	-0.0249913048263	0.0127862615074	0.0197845957255	-0.0333188471655	0.0164658005567	-0.0611520358592	-0.0160601646138	0.0340658418207	0.0119142325944	-0.0361336946989	-0.0374954296069	-0.0228594316281	-0.0268076014455	-0.106645569802	0.00952119212434	0.0181760142156	-0.0310806693126	0.00428254248491	-0.0564347119694
k__Bacteria;p__Bacteroidetes;c__Bacteroidia;o__Bacteroidales;f__Bacteroidaceae;g__Bacteroides;s__Bacteroides_stercoris	-0.0218963687097	0.0548121639167	0.0160883803618	-0.0748036878964	1.0	0.0111678894584	-0.00807688493525	0.0200460351545	-0.000271368719425	-0.00311779225577	-0.0373373647026	0.00887196561705	-0.0330628056845	-0.0386593587113	-0.0321920576174	-0.0115977982767	0.0409338177514	-0.0411494074255	-0.0130225530004	-0.0187069132102	0.00118797145369	-0.0214684232082	0.0690328169444	-0.0101449298373	-0.0212844376854	-0.00157141354028	0.000807042695466	-0.0507538216694	0.00127962181141	0.0286795757315	0.0405929406049	0.0575979679634	0.00103235453094	-0.00120249083697	-0.00967545854428	0.0725884906756	0.0708146350687	-0.0310067076836	0.0168782933064	0.0114533363106	-0.0161476812869	-0.0137565411387	-0.0609937860672	0.025444680446	0.00818925321865	-0.0145559796557	0.0314881759678	-0.05394712001	-0.0143874650797	-0.0374102422477	-0.0012266981891	0.0253392792894	-0.0119748645427	0.00403431301133	-0.0154878470281	-0.0383781155099	-0.0849705628917	-0.0812641088115	0.0139735737499
k__Bacteria;p__Bacteroidetes;c__Bacteroidia;o__Bacteroidales;f__Bacteroidaceae;g__Bacteroides;s__Bacteroides_ovatus	0.00737948270216	-0.0173199612905	-0.0516607487388	-0.0130380625621	0.0111678894584	1.0	-0.0263333336133	0.0126853891833	0.0486977716031	-0.0643941711727	0.0231793719634	0.00897968440402	-0.0324802301618	0.00374511525847	-0.0136405654535	-0.0113182876073	-0.00369405735989	-0.0443592396289	-0.0259233810875	0.000406062275802	0.000335228209961	-0.0327343597354	0.021636397191	0.051260602494	0.0583981101958	-0.0601496508503	-0.0473798411353	0.00989676566178	0.0273025110597	-0.0750493633452	0.0101147327842	-0.0609552643995	0.0894623909099	-0.0195672464125	-0.00886978198135	0.00401821153794	-0.00903459528265	-0.0219587699494	0.0758894006427	0.00283429560062	-0.0157461874768	-0.0223433791594	-0.0399106127701	-0.0293865452386	0.0411198859649	0.0423134857714	-0.00239170592253	0.0018399692448	0.00745881671645	0.0316763879383	-0.0151911078144	-0.0214777638624	-0.000903473804028	0.0105786937931	-0.0305310918135	0.0223070217159	0.000493172198963	-0.0446259191723	-0.0392827684794
k__Bacteria;p__Bacteroidetes;c__Bacteroidia;o__Bacteroidales;f__Rikenellaceae;g__Alistipes;s__Alistipes_shahii	0.0228426448517	0.0183040146144	-0.00512539767791	-0.0514764069644	-0.00807688493525	-0.0263333336133	1.0	0.027867434859	0.0239056710797	-0.012819385271	-0.0708506757404	-0.06279482953	0.000249094779055	-0.0817113445133	0.0136896212965	0.00184826349039	-0.0558174012197	-0.0274327320463	-0.061441157488	0.0287429916567	0.0359929961969	-0.0281543449279	0.0338696342667	-0.056974473941	0.0548028006765	0.00683071521087	-0.051240786197	-0.0139773596925	0.00901297245345	-0.0131838758204	-0.0687984254496	-0.00643757164598	0.0147058772025	0.0187359620524	0.0120745881402	-0.0342700427097	-0.0755264418953	-0.00127569546952	-0.0183854748329	-0.0181135955861	0.00859070753666	-0.0260973156081	0.0407214927228	-0.0187505112796	0.00448968883968	-0.0227611911013	-0.0409510580564	-0.00496002023947	-0.0828425975317	-0.029914016377	-0.0554647197628	-0.0341902121738	0.0312814002368	-0.00868831082529	0.0205636764264	0.00908220842071	-0.0222791740721	-0.0286831830882	-0.000836075793194
k__Bacteria;p__Firmicutes;c__Clostridia;o__Clostridiales;f__Ruminococcaceae;g__Faecalibacterium;s__Faecalibacterium_prausnitzii	0.0226191684791	0.0324610717865	-0.0316923609128	-0.0202734297874	0.0200460351545	0.0126853891833	0.027867434859	1.0	0.0658817578352	-0.0192923619648	-0.0104076807151	-0.054515004894	-0.0251262559097	-0.00936818653561	0.0196225102571	0.0083646348377	0.00750578400217	0.0318357256148	0.00179599896727	-0.0118672675967	-0.0256691928798	0.00980253917116	-0.0254686132016	-0.0271040932971	-0.0207718895552	-0.0784140924584	-0.0315931568199	-0.000321816278195	0.0148118666523	0.0416420149479	0.0668879041148	-0.0194286382334	0.0537133106908	-0.0590504567997	-0.0815082373612	-0.0300770993462	0.0204559486262	-0.0833364670514	0.068892829384	0.0185904371169	-0.0685728867283	0.0556817752596	0.0519356346877	-0.037380575171	-0.088488544414	0.0428298714166	-0.021494409955	-0.0380804557892	-0.000907757331225	0.00598204535393	0.0846641881739	-0.00678899676222	-0.0584829471937	-0.00306002465863	0.0278017024377	-0.0513194851412	-0.0218145479592	-0.00475339596526	0.00804284236702
k__Bacteria;p__Bacteroidetes;c__Bacteroidia;o__Bacteroidales;f__Rikenellaceae;g__Alistipes;s__Alistipes_finegoldii	0.0393563229581	-0.0697393192669	-0.00604780773514	-0.0143675055959	-0.000271368719425	0.0486977716031	0.0239056710797	0.0658817578352	1.0	-0.0133010459847	-0.0350033262738	-0.00702604259653	0.0119030427988	-0.0222407713491	0.00600727945332	0.00959370244377	0.0115948668441	-0.0251318364782	-0.0160889662129	-0.0263770130076	0.0245994207786	0.0424542243179	-0.0665491219095	-0.0482159277221	-0.00756890910605	-0.00198763490008	-0.0611313659245	-0.043048085707	0.00583939867127	0.0356862407638	-0.0728228058276	-0.0479734059753	0.0672645237175	-0.0902859924458	-0.0061703372362	-0.0369421724161	0.0197953343324	-0.0635038710631	0.0692542966096	0.0113927824189	-0.00311207938629	0.00920980077266	-0.0913604865123	-0.0129059284269	-0.0209945676914	-0.0162536140208	0.0544783977588	0.0268219481369	-0.00865714774525	0.0656538454015	-0.106909015778	-0.0343065823177	0.00907572326155	0.0106754083913	-0.000181579178356	-0.0178052567265	-0.0325006013508	-0.0101896077929	0.0448673579661
k__Bacteria;p__Bacteroidetes;c__Bacteroidia;o__Bacteroidales;f__Porphyromonadaceae;g__Parabacteroides;s__Parabacteroides_distasonis	-0.0218034898732	-0.0442716600133	-0.0419229888053	0.014890731579	-0.00311779225577	-0.0643941711727	-0.012819385271	-0.0192923619648	-0.0133010459847	1.0	0.0556610374724	0.0658473818711	0.0110106776567	0.00111682628308	-0.0148921472557	-0.057773164752	-0.0624092750707	0.00661347431614	0.000783755561275	0.0506614699904	-0.0314302325879	0.0255933849528	-0.0643418767227	0.00554935628748	0.0599391970789	0.0672519624896	-9.0172305767e-05	-0.0243328349666	0.0187820514419	-0.00211046034509	-0.0475469184234	0.00578213765668	-0.0388017786361	0.0168648451174	-0.0509648405773	0.0542602241732	0.0286857280427	-0.00019838180159	-0.0162367067747	-0.0154158271994	0.0607727184694	-0.00113012857083	-0.0139053989372	-0.0396807262054	-0.0263977899775	-0.0529150548459	0.0179408256836	-0.0102493567859	-0.0630763260023	-0.0848975295656	-0.0666330142835	-0.00271942763419	-0.00918517173312	-0.0413056924621	0.0210790183646	-0.056035434448	-0.0214213533276	0.044786581175	-0.0714321609052
k__Bacteria;p__Bacteroidetes;c__Bacteroidia;o__Bacteroidales;f__Bacteroidaceae;g__Bacteroides;s__Bacteroides_thetaiotaomicron	-0.0140581807022	-0.050524693648	0.0148693200074	0.0115232946842	-0.0373373647026	0.0231793719634	-0.0708506757404	-0.0104076807151	-0.0350033262738	0.0556610374724	1.0	0.00107475384619	0.00990321841759	0.00470130041273	0.0221062970722	-0.0113196389525	-0.0890071423753	-0.0664498949908	-0.0041482732461	0.0533098499121	0.012646068805	-0.00578949250074	-0.0818088922374	0.0471068695042	0.0346946211402	0.014513873703	-0.0345759898671	-0.0348056352063	0.0359843630152	0.0304971285773	-0.0411119317811	-0.0127015931883	-0.000415509042961	0.0122172688086	-0.00560250398768	-0.00014943272461	0.0437048223683	-0.0106989821689	-0.0293950824676	-0.0288951730615	-0.00940079200839	0.0127576616615	-0.00834049609155	0.0260576868721	-0.0280727808177	-0.0183353991381	-0.0361750454339	0.0298563594336	0.0555604675922	-0.0416159394444	-0.0192198964556	-0.00977994988422	0.0624978359963	-0.0463369312955	-0.0580140900097	-0.016353565143	-0.0165248661532	-0.0563925761424	0.0350484881811
k__Bacteria;p__Bacteroidetes;c__Bacteroidia;o__Bacteroidales;f__Bacteroidaceae;g__Bacteroides;s__Bacteroides_coprocola	-0.0547949629965	-0.00600582337658	-0.0103601914952	-0.0481586620718	0.00887196561705	0.00897968440402	-0.06279482953	-0.054515004894	-0.00702604259653	0.0658473818711	0.00107475384619	1.0	0.00333551791072	0.0284924286013	-0.0196623501086	-0.0253069284009	-0.0333854157613	-0.0271321438807	0.0609941784713	-0.0278201352671	-0.0289148743642	-0.0173735039403	0.00722106921001	0.0269802447378	-0.0832025624703	-0.0125034812877	0.0445309546221	0.00296558669444	0.0359733140173	-0.0500653377465	0.0195692517572	0.000372399474771	0.0211297672851	-0.00926703798273	-0.00579527059742	-0.0608176388186	0.0363606548957	-0.00670765263956	-0.0530810569169	-0.011438759222	-0.0396751978781	-0.0397321249942	0.0109677629325	0.066971761849	0.0485449575381	-0.033715587452	-0.0367934447615	-0.0132392970709	0.0184246308586	-0.0247765548517	0.0292666220652	-0.0434460808197	-0.0605294022267	-0.0520100730296	0.0466333552561	0.0197679852744	-0.0128030948209	-0.0371784528358	0.0291761415095
k__Bacteria;p__Bacteroidetes;c__Bacteroidia;o__Bacteroidales;f__Bacteroidaceae;g__Bacteroides;s__Bacteroides_cellulosilyticus	-0.0228669903761	-0.043800961977	0.0550624815447	-0.0186022772087	-0.0330628056845	-0.0324802301618	0.000249094779054	-0.0251262559097	0.0119030427988	0.0110106776567	0.00990321841759	0.00333551791072	1.0	0.0463704700566	-0.0167523623809	-0.00861109255302	0.0308216919349	0.0453211342926	-0.0552158296988	-0.064293288243	-0.0630805042218	-0.0279160400042	-0.0581017657007	0.0402203329227	-0.0483447113038	-0.0213998287098	0.0184540717599	-0.0144491240367	-0.0774169552112	-0.0322822487539	-0.0387612244415	-0.0405440953211	-0.00159425339752	0.0588292709568	0.0179649243578	-0.0609200240523	0.0203206460197	0.078267330543	0.0466258489562	-0.0158119934275	-0.0400991298346	-0.0341885111847	-0.00608605142096	0.0128070302749	0.0101257272005	0.0243278894503	-0.0169279958026	-0.0557809300973	0.00506230073393	0.0126161074665	-0.0714967340626	0.0389180091426	0.0592518643884	0.0301979914041	0.0106831646256	-0.0225474092936	-0.00678509009417	0.0226235794196	-0.022462187851
k__Bacteria;p__Bacteroidetes;c__Bacteroidia;o__Bacteroidales;f__Rikenellaceae;g__Alistipes;s__Alistipes_obesi	0.0236323587308	0.0049095986162	-0.0098795652694	0.00856338569697	-0.0386593587113	0.00374511525847	-0.0817113445133	-0.00936818653561	-0.0222407713491	0.00111682628308	0.00470130041273	0.0284924286013	0.0463704700566	1.0	-0.0135410542151	-0.0476656960582	0.0277770640063	-0.0357360848621	-0.0571330189382	-0.0448669215289	-0.0512762668075	0.0221836813007	0.0480362337524	-0.00571678328942	-0.0145459319504	-0.0232051951262	-0.0198886442411	0.0197755374957	-0.0679679634365	-0.0102071697781	0.0507119936143	-0.0261177051627	0.000192227758346	-0.0181702148471	-0.0208647016144	-0.0443938520346	-0.011825790275	0.0105646034314	-0.0071525616686	-0.0253610000275	0.00881467028239	-0.0748718632269	0.043425858884	0.029881535052	0.0924032398478	0.0244821837227	-0.0351620264752	0.0296166236573	0.0576270657582	-0.0494236274824	-0.0286357076953	-0.0221273795024	0.0209166594001	-0.0437235486571	-0.0108644586832	-0.0310199059453	-0.0196883360565	-0.0560423677094	-0.0383356660871
k__Bacteria;p__Firmicutes;c__Clostridia;o__Clostridiales;f__Lachnospiraceae;g__;s__[Eubacterium]_rectale	0.0298631354597	-0.0606117803176	-0.0799580579866	-0.0784563018988	-0.0321920576174	-0.0136405654535	0.0136896212965	0.0196225102571	0.00600727945332	-0.0148921472557	0.0221062970722	-0.0196623501086	-0.0167523623809	-0.0135410542151	1.0	0.00942042031698	0.0655427625531	0.0177393534284	0.0305821174932	0.10272042731	-0.0611682459931	-0.0191871061724	-0.0544477613568	-0.0437629645038	-0.0353024963425	-0.0706960181587	-0.0121227104912	0.011265376895	0.0156833665198	0.0247563720043	-0.0207485699956	-0.0187005917991	0.00307157290763	-0.0362688588175	-0.0299079409102	-0.0168477743898	-0.061234581213	-0.0406955655685	0.0110336608264	-0.0227949997071	-0.0330698992635	0.0307578696657	-0.000747700639358	0.0043154262067	0.0286669701474	-0.0702292559516	0.00977923915684	-0.0433237343907	0.00930885825866	0.00976367883978	-0.0278501920761	-0.0289089944512	-0.0284305249875	0.0174102156704	0.0196475819806	-0.00197504885611	0.0212319863864	0.00685522690731	-0.0315416584688
k__Bacteria;p__Bacteroidetes;c__Bacteroidia;o__Bacteroidales;f__Bacteroidaceae;g__Bacteroides;s__Bacteroides_plebeius	-0.0171123414656	-0.0179082698658	-0.0201098948353	0.0182253930447	-0.0115977982767	-0.0113182876073	0.00184826349039	0.0083646348377	0.00959370244377	-0.057773164752	-0.0113196389525	-0.0253069284009	-0.00861109255302	-0.0476656960582	0.00942042031698	1.0	0.0590872491193	0.0368597612735	0.0172502324065	-0.0530782286637	0.0720776466923	0.0307014110312	-0.00196330556185	-0.0507217605293	-0.0374324529206	-0.0246638704359	-0.00533020290257	0.0253069797665	-0.0371891019339	0.0294999213499	0.00760202465074	0.0164876210945	-0.0440127555945	0.0201405775496	-0.0598385867339	0.0802570036593	-0.00361077032052	0.0259256050097	0.0222843167696	-0.00404564999947	-0.0409208171676	0.0398666298006	0.00550338204001	-0.0174328706262	-0.0159499285368	0.0202875514003	0.0592910006788	-0.0358633449073	-0.0573566260284	0.0169727896686	0.00687772930836	0.124286477213	-0.0278913120444	-0.0249472326652	0.00137688790354	0.0245095263794	-0.01911769265	0.0409365154922	-0.00768207038016
k__Bacteria;p__Bacteroidetes;c__Bacteroidia;o__Bacteroidales;f__Bacteroidaceae;g__Bacteroides;s__Bacteroides_fragilis	0.0589473787691	-0.0605361890283	0.0187244867459	-0.0136446029396	0.0409338177514	-0.00369405735989	-0.0558174012197	0.00750578400217	0.0115948668441	-0.0624092750707	-0.0890071423753	-0.0333854157613	0.0308216919349	0.0277770640063	0.0655427625531	0.0590872491193	1.0	-0.0265503292281	-0.0117500999134	-0.0512671854787	-0.0394924718234	0.0356738852446	0.0159257123935	-0.0113284684901	-0.0660202258756	-0.00607022362938	-0.027801855463	0.0152939236983	0.00571593821985	0.0444167963627	0.0423777455925	0.042750033463	0.00392665188089	-0.0176063056796	0.00363078448602	-0.0341806022426	-0.0521817479121	-0.0262129086141	-0.0184412253705	-0.0350701166907	-0.0221555796197	-0.0442173238766	-0.0218493616112	-0.00417050429342	-0.0256593366454	-0.0027263188517	0.00369067380019	-0.00245558113222	-0.0978194077375	0.000300106009453	0.0370121343375	0.00409649524168	-0.026936418627	0.0394403457939	0.0348407903192	0.00490731097026	0.0446805943064	-0.0193858108144	-0.0623194497743
k__Bacteria;p__Proteobacteria;c__Betaproteobacteria;o__Burkholderiales;f__Sutterellaceae;g__Sutterella;s__Sutterella_wadsworthensis	-0.0291952205446	0.00468040162598	0.00358634073781	-0.0614576007448	-0.0411494074255	-0.0443592396289	-0.0274327320463	0.0318357256148	-0.0251318364782	0.00661347431614	-0.0664498949908	-0.0271321438807	0.0453211342926	-0.0357360848621	0.0177393534284	0.0368597612735	-0.0265503292281	1.0	0.0158367548852	0.0160191922282	0.00442179979686	-0.0484666050712	0.0164857792292	-0.0199519347888	-0.0381181775231	0.0293694979523	0.0413285100468	-0.0524676781752	-0.0316334014108	-0.0394231035425	-0.0518138107355	-0.0202375307956	0.00945170858943	-0.0594337101253	-0.0176368382153	0.00456070543521	0.0211071516543	0.062233730885	0.042909940385	0.0895538002307	-0.0433299577732	-0.010241715365	-0.0238308054799	-0.0189911451159	0.0115750380227	0.0444033666368	-0.058376464456	0.0511279531046	-0.0218021252241	0.0227188686896	0.0472624319587	-0.0809309797385	-0.014046290162	0.00322957136945	-0.0195169608437	-0.038725936853	-0.0145762526918	-0.0186518538646	0.0471158873543
k__Bacteria;p__Bacteroidetes;c__Bacteroidia;o__Bacteroidales;f__Porphyromonadaceae;g__Barnesiella;s__Barnesiella_intestinihominis	-0.0135643978947	-0.0162355689222	-0.0594314221876	-0.0530260160904	-0.0130225530004	-0.0259233810875	-0.061441157488	0.00179599896727	-0.0160889662129	0.000783755561275	-0.0041482732461	0.0609941784713	-0.0552158296988	-0.0571330189382	0.0305821174932	0.0172502324065	-0.0117500999134	0.0158367548852	1.0	0.0726814530773	-0.0276874422943	-0.0438085094185	-0.0200787833711	-0.0141353706987	0.0442054124945	0.0222920302271	0.0405870465745	-0.0241710363335	-0.0526872752354	-0.0356878509205	0.06759218622	-0.0477575558907	0.012338184272	0.0193350659623	-0.0251153300283	-0.0359908903777	-0.00348493051258	-0.0606377680355	-0.0400062593916	0.0561174836393	-0.0429806005991	-0.0399887047158	0.0255970705379	-0.000576850275685	-0.0102626190904	-0.033312841997	-0.0115296708842	0.0364276684515	-0.00967924622516	-0.0224688083804	0.019542339125	-0.0174206028477	0.00883615957647	-0.0133643685168	0.0188144711737	-0.0182224238397	0.0379613285671	0.0370771318995	-0.0463101540744
k__Bacteria;p__Bacteroidetes;c__Bacteroidia;o__Bacteroidales;f__Odoribacteraceae;g__Odoribacter;s__Odoribacter_splanchnicus	-0.0136954401262	-0.0381692771005	-0.0361170872196	-0.0100107408688	-0.0187069132102	0.000406062275802	0.0287429916567	-0.0118672675967	-0.0263770130076	0.0506614699904	0.0533098499121	-0.0278201352671	-0.064293288243	-0.0448669215289	0.10272042731	-0.0530782286637	-0.0512671854787	0.0160191922282	0.0726814530773	1.0	-0.0112835091917	-0.0666490120648	-0.00874369829639	0.0407196152041	-0.0341380449494	0.0293965313382	-0.0123958671811	-0.0439627164063	-0.016018697792	-0.0274652470594	0.0625257540253	-0.0472956787708	-0.0353549970545	0.0295566437644	0.0444201135383	0.00553934220446	0.0412784920171	-0.0274628559891	0.0116054379619	0.0186978522137	-0.0467632831433	0.0241669668136	0.0336770101222	0.0418026390889	-0.0517395556909	-0.0339093098465	-0.0410819522185	-0.0303159022622	-0.00966939673125	0.0309820183625	-0.00918669121075	0.00284208170119	0.0349469335762	-0.0665381692194	-0.0229628826769	-0.0130262085686	0.0344829385393	-0.00234456532965	0.0353826447283
k__Bacteria;p__Bacteroidetes;c__Bacteroidia;o__Bacteroidales;f__Bacteroidaceae;g__Bacteroides;s__Bacteroides_salyersiae	-0.039486836634	0.00153269211286	-0.00749973149829	0.038292564465	0.00118797145369	0.000335228209961	0.0359929961969	-0.0256691928798	0.0245994207786	-0.0314302325879	0.012646068805	-0.0289148743642	-0.0630805042218	-0.0512762668075	-0.0611682459931	0.0720776466923	-0.0394924718234	0.00442179979686	-0.0276874422943	-0.0112835091917	1.0	0.00181603519913	-0.0774505505652	-0.0182268271525	0.00767213987995	-0.0287962014119	-0.00752749292521	-0.0492917893444	-0.060540497997	-0.0798740423446	-0.0191102896398	0.00543286308657	-0.000350287162092	0.0270703636579	-0.0333082784487	0.0159995768232	-0.000283651346468	0.0306573368632	-0.0462794813174	-0.00908049960214	-0.0305789844325	0.0109132732284	-0.0616450663968	-0.0104580098077	0.044706559253	-0.0119831279754	-0.0397057437519	0.0159844015756	0.0191878804459	-0.00396663567864	-0.00191933864039	0.0139721152656	-0.000673428825921	-0.000891631740069	-0.0155056420961	0.00999440921827	0.0154903284089	-0.0412587701375	0.0137107737227
k__Bacteria;p__Firmicutes;c__Clostridia;o__Clostridiales;f__Ruminococcaceae;g__Ruminiclostridium;s__[Eubacterium]_siraeum	0.0403217225454	0.0661827619014	-0.0296289182584	0.0136534533214	-0.0214684232082	-0.0327343597354	-0.0281543449279	0.00980253917116	0.0424542243179	0.0255933849528	-0.00578949250074	-0.0173735039403	-0.0279160400042	0.0221836813007	-0.0191871061724	0.0307014110312	0.0356738852446	-0.0484666050712	-0.0438085094185	-0.0666490120648	0.00181603519913	1.0	-0.0554040300297	-0.00283963982477	0.0204580996231	-0.0577876575871	0.0240689132805	0.0169151389781	-0.0340855536954	0.045337611015	0.031371209778	0.0551404688283	-0.023777325686	-0.0539275985156	-0.0407277812138	0.089653873536	-0.023863575416	0.0011721700341	0.00406602425297	0.00882753150841	0.0166479855647	-0.0546335169711	-0.0190973581585	-0.00293775957002	-0.00165409765969	-0.0352655163732	-0.0207187872812	0.0302406073671	-0.0537407255308	0.0228248116237	-0.0606490439932	0.0120233296181	0.0331437169995	-0.0237388599159	-0.0753267641478	-0.0748623092103	0.0395762690698	-0.0596523945662	-0.00909521286815
k__Bacteria;p__Proteobacteria;c__Betaproteobacteria;o__Burkholderiales;f__Sutterellaceae;g__Parasutterella;s__Parasutterella_excrementihominis	-0.0102533219778	-0.0487533379784	0.0424568646371	-0.00836392940905	0.0690328169444	0.021636397191	0.0338696342667	-0.0254686132016	-0.0665491219095	-0.0643418767227	-0.0818088922374	0.00722106921001	-0.0581017657007	0.0480362337524	-0.0544477613568	-0.00196330556185	0.0159257123935	0.0164857792292	-0.0200787833711	-0.00874369829639	-0.0774505505652	-0.0554040300297	1.0	-0.0578538433308	-0.0126197788705	-0.069027897503	-0.0595433481699	0.039512624987	-0.0230032937842	0.0915480114211	-0.0154916229407	-0.0331765909871	-0.0275511911599	-0.0630794593608	-0.0357355449956	-0.0368050743552	0.0329266261796	0.0184610166694	-0.0452969573516	0.0766080594003	-0.0838267135828	0.0612523968947	-0.0280495750994	0.0136663055483	-0.0123461216363	0.00931585225492	0.0402056149154	0.00576619759574	-0.0277066425595	-0.0355381451161	-0.00375904798146	0.0396648083815	0.0234106644867	0.0239141073369	-0.0502132434732	-0.0360119260011	-0.0301574904907	0.0491671367182	-0.0353461247811
k__Bacteria;p__Actinobacteria;c__Actinobacteria;o__Bifidobacteriales;f__Bifidobacteriaceae;g__Bifidobacterium;s__Bifidobacterium_adolescentis	0.0820727052165	-0.0232077039569	-0.0212890545614	-0.0256254091885	-0.0101449298373	0.051260602494	-0.056974473941	-0.0271040932971	-0.0482159277221	0.00554935628748	0.0471068695042	0.0269802447378	0.0402203329227	-0.00571678328942	-0.0437629645038	-0.0507217605293	-0.0113284684901	-0.0199519347888	-0.0141353706987	0.0407196152041	-0.0182268271525	-0.00283963982477	-0.0578538433308	1.0	0.0348924253313	-0.0335373863681	-0.0389346403088	0.0232939433874	-0.0453525619835	-0.0184332996733	0.00100514830825	-0.0135419043758	-0.017591222226	-0.00122432174855	-0.05141707946	-0.00256890661863	0.00782855459136	0.00958239683437	0.0126844217927	-0.0209869384306	0.0226936304032	0.0318762330353	-0.0125966129985	-0.0338582039755	0.000659419545358	-0.0335767402386	0.0553199676198	-0.00534786557924	-0.0109732508288	-0.0157370338384	0.0302650702735	0.028545255952	-0.0312957677749	0.084522790087	0.0462735608574	-0.00734805998214	0.00577124940563	0.0191663573684	0.0282166135301
k__Bacteria;p__Firmicutes;c__Clostridia;o__Clostridiales;f__Oscillospiraceae;g__Oscillibacter;s__Oscillibacter_sp._KLE_1745	0.0124543551863	0.00181050531047	-0.00567693785474	0.00375609690338	-0.0212844376854	0.0583981101958	0.0548028006765	-0.0207718895552	-0.00756890910605	0.0599391970789	0.0346946211402	-0.0832025624703	-0.0483447113038	-0.0145459319504	-0.0353024963425	-0.0374324529206	-0.0660202258756	-0.0381181775231	0.0442054124945	-0.0341380449494	0.00767213987995	0.0204580996231	-0.0126197788705	0.0348924253313	1.0	-0.0261406272818	-0.0472523790268	-0.0254225512276	-0.0760828782296	-0.0576424905849	-0.0154179265936	-0.0657546174437	0.0257488870177	-0.0511478174253	0.00449529968786	-0.0260191942763	-0.0205654231101	-0.0154625641521	0.0246882640588	-0.0542151070304	0.0354787537808	-0.00933683983944	-0.00230732091112	-0.015473005597	-0.0482696150013	-0.0101326125263	-0.0407228809774	0.00136386295793	-0.00310083704393	-0.0517895819534	-0.0253588470054	0.0504937009642	-0.0879476129157	-0.0378192532427	0.017666681108	-0.0202078509246	0.0061794759232	-0.00817040576193	-0.0280908481617
k__Bacteria;p__Bacteroidetes;c__Bacteroidia;o__Bacteroidales;f__Bacteroidaceae;g__Bacteroides;s__Bacteroides_coprophilus	-0.0102060556406	-0.0584149409225	0.0417689377979	0.0736981758721	-0.00157141354028	-0.0601496508503	0.00683071521087	-0.0784140924584	-0.00198763490008	0.0672519624896	0.014513873703	-0.0125034812877	-0.0213998287098	-0.0232051951262	-0.0706960181587	-0.0246638704359	-0.00607022362938	0.0293694979523	0.0222920302271	0.0293965313382	-0.0287962014119	-0.0577876575871	-0.069027897503	-0.0335373863681	-0.0261406272818	1.0	-0.0880872674144	-0.0318599584006	-0.0234892385024	-0.021839289496	0.0383350049653	0.0186518257248	-0.0141913031431	-0.0503187565709	-0.0592032400217	-0.0048482811749	-0.030627875413	-0.0162425885103	-0.0104914661207	-0.0407828544507	0.0322449141638	0.0220061648249	0.00378222902694	0.0593718667453	0.0289771507457	-0.0823427755632	-0.0137713295566	0.0288246807997	0.0198137795143	-0.0480689085374	0.0139989666577	-0.0237335938742	-0.00851246724641	0.0621673749018	-0.0701869543824	0.00359655770768	0.0511854839827	-0.0758072750579	0.0573809641263
k__Bacteria;p__Firmicutes;c__Clostridia;o__Clostridiales;f__Lachnospiraceae;g__Roseburia;s__Roseburia_intestinalis	-0.0356712635528	-0.00553245746705	-0.0215840189953	-0.0150339779396	0.000807042695466	-0.0473798411353	-0.051240786197	-0.0315931568199	-0.0611313659245	-9.0172305767e-05	-0.0345759898671	0.0445309546221	0.0184540717599	-0.0198886442411	-0.0121227104912	-0.00533020290257	-0.027801855463	0.0413285100468	0.0405870465745	-0.0123958671811	-0.00752749292521	0.0240689132805	-0.0595433481699	-0.0389346403088	-0.0472523790268	-0.0880872674144	1.0	-0.00997285072427	-0.0368862603521	-0.0505445102268	0.0507278014	0.0958413042571	-0.0365053281642	0.0453156731858	0.00393148673093	-0.0157259505102	0.0523969983911	0.0333537319396	0.00222065583975	0.0103256845739	-0.0190909861024	0.0155669548659	-0.0155949005673	-0.0214851516109	-0.0383739268825	-0.0607819589423	-0.0681416030295	-0.0687251466952	0.0615933193662	0.012039865015	-0.0426560513104	-0.0230543084509	0.0138791958777	-0.0150959915907	0.00930001768	-0.0200488820245	-0.0279054743514	0.00562480317692	-0.0180581277217
k__Bacteria;p__Firmicutes;c__Clostridia;o__Clostridiales;f__Lachnospiraceae;g__Roseburia;s__Roseburia_hominis	0.0492704757173	-0.0177869963899	0.00605994401335	0.062577727973	-0.0507538216694	0.00989676566178	-0.0139773596925	-0.000321816278195	-0.043048085707	-0.0243328349666	-0.0348056352063	0.00296558669444	-0.0144491240367	0.0197755374957	0.011265376895	0.0253069797665	0.0152939236983	-0.0524676781752	-0.0241710363335	-0.0439627164063	-0.0492917893444	0.0169151389781	0.039512624987	0.0232939433874	-0.0254225512276	-0.0318599584006	-0.00997285072427	1.0	-0.00228812605754	-0.0117944973971	-0.019673283402	-0.0405566133282	-0.0276884722922	-0.0664769051591	-0.00591214899036	-0.0481518423264	-0.0235169982718	0.00910991438	-0.00261219488524	0.00585437323049	-0.0494783753928	0.00550101055276	0.0871199071445	-0.0611658009066	0.00629798531188	0.0107425140358	-0.00406021613818	0.00883095066707	-0.0152104488465	-0.00104160867071	0.0718850665716	0.0276733917228	-0.0279115540763	0.0139040853979	-0.0503408083915	0.036972059248	0.0639180917553	-0.0211793591541	-0.0379057350106
k__Bacteria;p__Bacteroidetes;c__Bacteroidia;o__Bacteroidales;f__Porphyromonadaceae;g__Parabacteroides;s__Parabacteroides_johnsonii	-0.08212056746	0.0315548284671	0.00168136462289	-0.057533588806	0.00127962181141	0.0273025110597	0.00901297245345	0.0148118666523	0.00583939867127	0.0187820514419	0.0359843630152	0.0359733140173	-0.0774169552112	-0.0679679634365	0.0156833665198	-0.0371891019339	0.00571593821985	-0.0316334014108	-0.0526872752354	-0.016018697792	-0.060540497997	-0.0340855536954	-0.0230032937842	-0.0453525619835	-0.0760828782296	-0.0234892385024	-0.0368862603521	-0.00228812605754	1.0	0.0189527899463	0.0082627291029	-0.0498482996232	0.00939204560916	-0.00597622709089	0.0481653791132	0.0163837440079	-0.023513657889	0.0371742323552	-0.0504976381583	-0.048205217731	0.0241086841432	0.042553927916	0.00749260219623	-0.0212856335956	-0.0600692639518	0.0679039119163	0.0152130828678	0.0251461802569	-0.0157779749708	-0.00527627451319	-0.00557746492691	-0.0136665772032	0.000866722758663	-0.0252877361404	0.022399919537	0.0353825663625	-0.0942814978214	-0.0159676808102	-0.0364727110823
k__Bacteria;p__Actinobacteria;c__Actinobacteria;o__Bifidobacteriales;f__Bifidobacteriaceae;g__Bifidobacterium;s__Bifidobacterium_longum	0.000160781986654	-0.0888031664606	0.0264878918502	0.0107255636708	0.0286795757315	-0.0750493633452	-0.0131838758204	0.0416420149479	0.0356862407638	-0.00211046034509	0.0304971285773	-0.0500653377465	-0.0322822487539	-0.0102071697781	0.0247563720043	0.0294999213499	0.0444167963627	-0.0394231035425	-0.0356878509205	-0.0274652470594	-0.0798740423446	0.045337611015	0.0915480114211	-0.0184332996733	-0.0576424905849	-0.021839289496	-0.0505445102268	-0.0117944973971	0.0189527899463	1.0	-0.0606914143504	-0.0278913417209	-0.0314315531383	-0.0211175121032	-0.0191934259297	0.0130096375672	0.0401286424465	-0.0497716763849	0.0240880313086	-0.00583181542423	-0.0171698449385	-0.00937214117125	-0.0544505058344	0.0213292997249	-0.0262030039747	-0.0297171113239	-0.0704334699327	-0.0316321881306	-0.00534564173172	-0.00352565901117	-0.0290298981933	-0.00625217178004	0.0299009182637	-0.0516609486241	0.0103170421182	0.0146405127341	-0.0241968865757	-0.0142214591629	0.011085907424
