#taxonomy	k__Bacteria;p__Bacteroidetes;c__Bacteroidia;o__Bacteroidales;f__Bacteroidaceae;g__Bacteroides;s__Bacteroides_vulgatus	k__Bacteria;p__Bacteroidetes;c__Bacteroidia;o__Bacteroidales;f__Bacteroidaceae;g__Bacteroides;s__Bacteroides_uniformis	k__Bacteria;p__Bacteroidetes;c__Bacteroidia;o__Bacteroidales;f__Rikenellaceae;g__Alistipes;s__Alistipes_putredinis	k__Bacteria;p__Bacteroidetes;c__Bacteroidia;o__Bacteroidales;f__Prevotellaceae;g__Prevotella;s__Prevotella_copri	k__Bacteria;p__Bacteroidetes;c__Bacteroidia;o__Bacteroidales;f__Bacteroidaceae;g__Bacteroides;s__Bacteroides_stercoris	k__Bacteria;p__Bacteroidetes;c__Bacteroidia;o__Bacteroidales;f__Bacteroidaceae;g__Bacteroides;s__Bacteroides_ovatus	k__Bacteria;p__Bacteroidetes;c__Bacteroidia;o__Bacteroidales;f__Rikenellaceae;g__Alistipes;s__Alistipes_shahii	k__Bacteria;p__Firmicutes;c__Clostridia;o__Clostridiales;f__Ruminococcaceae;g__Faecalibacterium;s__Faecalibacterium_prausnitzii	k__Bacteria;p__Bacteroidetes;c__Bacteroidia;o__Bacteroidales;f__Rikenellaceae;g__Alistipes;s__Alistipes_finegoldii	k__Bacteria;p__Bacteroidetes;c__Bacteroidia;o__Bacteroidales;f__Porphyromonadaceae;g__Parabacteroides;s__Parabacteroides_distasonis	k__Bacteria;p__Bacteroidetes;c__Bacteroidia;o__Bacteroidales;f__Bacteroidaceae;g__Bacteroides;s__Bacteroides_thetaiotaomicron	k__Bacteria;p__Bacteroidetes;c__Bacteroidia;o__Bacteroidales;f__Bacteroidaceae;g__Bacteroides;s__Bacteroides_coprocola	k__Bacteria;p__Bacteroidetes;c__Bacteroidia;o__Bacteroidales;f__Bacteroidaceae;g__Bacteroides;s__Bacteroides_cellulosilyticus	k__Bacteria;p__Bacteroidetes;c__Bacteroidia;o__Bacteroidales;f__Rikenellaceae;g__Alistipes;s__Alistipes_obesi	k__Bacteria;p__Firmicutes;c__Clostridia;o__Clostridiales;f__Lachnospiraceae;g__;s__[Eubacterium]_rectale	k__Bacteria;p__Bacteroidetes;c__Bacteroidia;o__Bacteroidales;f__Bacteroidaceae;g__Bacteroides;s__Bacteroides_plebeius	k__Bacteria;p__Bacteroidetes;c__Bacteroidia;o__Bacteroidales;f__Bacteroidaceae;g__Bacteroides;s__Bacteroides_fragilis	k__Bacteria;p__Proteobacteria;c__Betaproteobacteria;o__Burkholderiales;f__Sutterellaceae;g__Sutterella;s__Sutterella_wadsworthensis	k__Bacteria;p__Bacteroidetes;c__Bacteroidia;o__Bacteroidales;f__Porphyromonadaceae;g__Barnesiella;s__Barnesiella_intestinihominis	k__Bacteria;p__Bacteroidetes;c__Bacteroidia;o__Bacteroidales;f__Odoribacteraceae;g__Odoribacter;s__Odoribacter_splanchnicus	k__Bacteria;p__Bacteroidetes;c__Bacteroidia;o__Bacteroidales;f__Bacteroidaceae;g__Bacteroides;s__Bacteroides_salyersiae	k__Bacteria;p__Firmicutes;c__Clostridia;o__Clostridiales;f__Ruminococcaceae;g__Ruminiclostridium;s__[Eubacterium]_siraeum	k__Bacteria;p__Proteobacteria;c__Betaproteobacteria;o__Burkholderiales;f__Sutterellaceae;g__Parasutterella;s__Parasutterella_excrementihominis	k__Bacteria;p__Actinobacteria;c__Actinobacteria;o__Bifidobacteriales;f__Bifidobacteriaceae;g__Bifidobacterium;s__Bifidobacterium_adolescentis	k__Bacteria;p__Firmicutes;c__Clostridia;o__Clostridiales;f__Oscillospiraceae;g__Oscillibacter;s__Oscillibacter_sp._KLE_1745	k__Bacteria;p__Bacteroidetes;c__Bacteroidia;o__Bacteroidales;f__Bacteroidaceae;g__Bacteroides;s__Bacteroides_coprophilus	k__Bacteria;p__Firmicutes;c__Clostridia;o__Clostridiales;f__Lachnospiraceae;g__Roseburia;s__Roseburia_intestinalis	k__Bacteria;p__Firmicutes;c__Clostridia;o__Clostridiales;f__Lachnospiraceae;g__Roseburia;s__Roseburia_hominis	k__Bacteria;p__Bacteroidetes;c__Bacteroidia;o__Bacteroidales;f__Porphyromonadaceae;g__Parabacteroides;s__Parabacteroides_johnsonii	k__Bacteria;p__Actinobacteria;c__Actinobacteria;o__Bifidobacteriales;f__Bifidobacteriaceae;g__Bifidobacterium;s__Bifidobacterium_longum	k__Bacteria;p__Firmicutes;c__Clostridia;o__Clostridiales;f__;g__Flavonifractor;s__Flavonifractor_plautii	k__Bacteria;p__Firmicutes;c__Clostridia;o__Clostridiales;f__Clostridiaceae;g__Clostridium;s__Clostridium_phoceensis	k__Bacteria;p__Verrucomicrobia;c__Verrucomicrobiae;o__Verrucomicrobiales;f__Akkermansiaceae;g__Akkermansia;s__Akkermansia_muciniphila	k__Bacteria;p__Bacteroidetes;c__Bacteroidia;o__Bacteroidales;f__Prevotellaceae;g__Paraprevotella;s__Paraprevotella_xylaniphila	k__Bacteria;p__Firmicutes;c__Clostridia;o__Clostridiales;f__Ruminococcaceae;g__Ruminococcus;s__Ruminococcus_callidus	k__Bacteria;p__Bacteroidetes;c__Bacteroidia;o__Bacteroidales;f__Rikenellaceae;g__Alistipes;s__Alistipes_senegalensis	k__Bacteria;p__Firmicutes;c__Clostridia;o__Clostridiales;f__Lachnospiraceae;g__Blautia;s__Blautia_sp._KLE_1732	k__Bacteria;p__Bacteroidetes;c__Bacteroidia;o__Bacteroidales;f__Bacteroidaceae;g__Bacteroides;s__Bacteroides_oleiciplenus	k__Bacteria;p__Firmicutes;c__Clostridia;o__Clostridiales;f__Ruminococcaceae;g__Ruminococcus;s__Ruminococcus_bicirculans	k__Bacteria;p__Bacteroidetes;c__Bacteroidia;o__Bacteroidales;f__Bacteroidaceae;g__Bacteroides;s__Bacteroides_fluxus	k__Bacteria;p__Bacteroidetes;c__Bacteroidia;o__Bacteroidales;f__Prevotellaceae;g__Prevotella;s__Prevotella_stercorea	k__Bacteria;p__Firmicutes;c__Clostridia;o__Clostridiales;f__Lachnospiraceae;g__Dorea;s__Dorea_longicatena	k__Bacteria;p__Firmicutes;c__Clostridia;o__Clostridiales;f__Eubacteriaceae;g__Eubacterium;s__[Eubacterium]_eligens	k__Bacteria;p__Firmicutes;c__Clostridia;o__Clostridiales;f__Ruminococcaceae;g__;s__Ruminococcaceae_bacterium_D16	k__Bacteria;p__Firmicutes;c__Clostridia;o__Clostridiales;f__Lachnospiraceae;g__Coprococcus;s__Coprococcus_comes	k__Bacteria;p__Proteobacteria;c__Gammaproteobacteria;o__Enterobacterales;f__Enterobacteriaceae;g__Escherichia;s__Escherichia_coli	k__Bacteria;p__Firmicutes;c__Clostridia;o__Clostridiales;f__Ruminococcaceae;g__Anaerotruncus;s__Anaerotruncus_colihominis	k__Bacteria;p__Firmicutes;c__Clostridia;o__Clostridiales;f__Lachnospiraceae;g__Blautia;s__Blautia_obeum	k__Bacteria;p__Bacteroidetes;c__Bacteroidia;o__Bacteroidales;f__Odoribacteraceae;g__Odoribacter;s__Odoribacter_laneus	k__Bacteria;p__Firmicutes;c__Clostridia;o__Clostridiales;f__Ruminococcaceae;g__Ruminiclostridium;s__[Clostridium]_leptum	k__Bacteria;p__Bacteroidetes;c__Bacteroidia;o__Bacteroidales;f__Porphyromonadaceae;g__Parabacteroides;s__Parabacteroides_goldsteinii	k__Bacteria;p__Firmicutes;c__Clostridia;o__Clostridiales;f__Lachnospiraceae;g__Anaerostipes;s__Anaerostipes_hadrus	k__Bacteria;p__Firmicutes;c__Clostridia;o__Clostridiales;f__Ruminococcaceae;g__Ruminococcus;s__Ruminococcus_lactaris	k__Bacteria;p__Firmicutes;c__Clostridia;o__Clostridiales;f__Clostridiaceae;g__Clostridium;s__Clostridium_sp._L2-50	k__Bacteria;p__Firmicutes;c__Clostridia;o__Clostridiales;f__Clostridiaceae;g__Clostridium;s__Clostridium_sp._M62/1	k__Bacteria;p__Firmicutes;c__Clostridia;o__Clostridiales;f__;g__Intestinimonas;s__Intestinimonas_butyriciproducens	k__Bacteria;p__Actinobacteria;c__Actinobacteria;o__Bifidobacteriales;f__Bifidobacteriaceae;g__Bifidobacterium;s__Bifidobacterium_bifidum	k__Bacteria;p__Firmicutes;c__Negativicutes;o__Veillonellales;f__Veillonellaceae;g__Dialister;s__Dialister_invisus	k__Bacteria;p__Bacteroidetes;c__Bacteroidia;o__Bacteroidales;f__Bacteroidaceae;g__Bacteroides;s__Bacteroides_salanitronis
k__Bacteria;p__Bacteroidetes;c__Bacteroidia;o__Bacteroidales;f__Bacteroidaceae;g__Bacteroides;s__Bacteroides_vulgatus	1.0	-0.0175302451671	-0.010957115923	0.0354836595649	-0.00255308021559	0.00788551630779	0.00700154907494	-0.00614574642845	-0.0171162840867	0.0115829094207	0.0413458099445	-0.0538637639987	0.0654431137571	-0.00643476781372	-0.00757764815688	-0.000210525027302	-0.0387035078627	-0.0362634301422	0.0464552991223	0.0253216501577	0.010096981181	0.0776920324369	-0.0301114232512	0.0132737304239	-0.0229277282895	-0.0673883384516	0.00588619140755	-0.00826571483131	-0.0415292785135	0.0420034822318	0.0509664243523	-0.0228095209777	0.00234449993189	-0.0832728167041	-0.0127949554355	0.0155084083459	0.0368723153154	0.0331201121932	-0.0246733415906	-0.030933165942	-0.0320482562874	0.026152206519	-0.00217869546742	-0.0224742034269	-0.0045443497382	0.0137163403856	0.0118523683521	-0.0334676044914	0.0351030927077	-0.0110270692825	0.0217665449329	0.018254259619	-0.00402209356066	-0.0288944323692	-0.0854338835633	-0.0137295515655	0.00674188427467	-0.0305027770284	-0.0678418924322
k__Bacteria;p__Bacteroidetes;c__Bacteroidia;o__Bacteroidales;f__Bacteroidaceae;g__Bacteroides;s__Bacteroides_uniformis	-0.0175302451671	1.0	-0.0386792203926	0.00681133407817	0.0142425632679	-0.00265949083444	0.0166740824259	-0.0225423170009	0.0130537584122	0.0478526310375	-0.0723605649376	-0.0385009152859	0.00386500378958	-0.0109782903145	-0.00713221149538	-0.0340076206326	0.0536302696531	-0.009266532208	-0.0799365705819	-0.0422892819669	-0.0118473271724	0.0295683481595	-0.0480724085755	0.00371633033209	-0.05937267602	0.0335336734822	-0.0275196675928	0.00987619655634	0.0426038048213	-0.0243180184564	-0.0313520029935	-0.0284003159542	-0.0293679665777	0.00880802018064	0.0241897191377	-0.0200520727679	0.0822759531321	0.0279836421434	0.0763744342081	-0.0689789349986	0.0228665118759	0.00758612262158	0.0680332655132	0.0510716878697	-0.0515586190205	0.0181268302486	0.0223932638316	0.0140766099895	0.0114025761954	-0.0160357660881	-0.0719145654269	0.00538827541911	-0.0035513487286	-0.00887322443587	-0.029540579826	-0.0533160376079	-0.0507691240837	0.00510105612232	0.00485221759571
k__Bacteria;p__Bacteroidetes;c__Bacteroidia;o__Bacteroidales;f__Rikenellaceae;g__Alistipes;s__Alistipes_putredinis	-0.010957115923	-0.0386792203926	1.0	0.0394071898289	-0.027301527892	-0.0811298637648	0.0310614127139	-0.0322303908763	-0.00784503531035	0.0431081765414	-0.00630948914869	-0.0219952119158	-0.0162001858313	-0.0147096697234	-0.0389339595302	0.0353316265573	0.0287615002418	-0.0427076656859	-0.00145647677253	0.0055234683789	-0.0105854716066	-0.0462267085796	-0.0324648343535	-0.0506240170425	0.0182602627511	-0.0546791777484	0.0438546643416	0.048186301388	-0.0116439690365	-0.0359200867104	-0.00957237530915	-0.00770505678449	0.0433699961284	-0.0399305289754	-0.0173974881223	-0.00619448008492	-0.0729443921088	0.0189416075889	0.0073694192323	-0.0383741302765	-0.0425429942838	0.0176254551567	-0.0357072139105	-0.0206357608735	0.0140172008837	-0.0212397125988	-0.000923843208516	0.000520902732967	-0.0389107642148	0.0072277980102	0.0370410044653	0.00990395038227	-0.0385539496346	-0.0349791559192	0.0477885421476	-0.0411948971195	-0.0375000233281	0.0202683147519	-0.0330990069831
k__Bacteria;p__Bacteroidetes;c__Bacteroidia;o__Bacteroidales;f__Prevotellaceae;g__Prevotella;s__Prevotella_copri	0.0354836595649	0.00681133407817	0.0394071898289	1.0	0.0514623645936	0.0461344463837	0.00266100871783	0.0110025195819	-0.0401209620654	-0.0349346005461	0.0379349818685	0.0163715553361	-0.0726517857895	-0.0273132164772	-0.0454071229229	-0.0562485124066	-0.0356616622562	-0.0634218047443	-0.0296640249707	-0.0696034564763	0.0199391655116	0.0160142690815	0.0520591708378	0.000171118187993	-0.0357832186803	0.0304915015061	0.0237370813197	-0.0257999384124	0.00360639824708	-0.038568028101	-0.00949226343396	0.0202242069428	-0.01821884801	0.052810428433	-0.0214813154863	-0.0453868740357	0.0157165602527	-0.0426579689161	0.0438805283396	-0.0513670059147	-0.0445502628173	0.00606689352167	-0.0215715691136	-0.00306878560006	0.00453409939398	-0.0174114463957	-0.0640068961246	-0.0285621950165	-0.0283930298808	-0.0822453961607	0.00503123183004	0.045846368156	0.0104805849935	0.0198665885833	-0.0229778266709	0.0158212257788	-0.0200460193242	0.0573012271585	0.00437140022293
k__Bacteria;p__Bacteroidetes;c__Bacteroidia;o__Bacteroidales;f__Bacteroidaceae;g__Bacteroides;s__Bacteroides_stercoris	-0.00255308021559	0.0142425632679	-0.027301527892	0.0514623645936	1.0	-0.0489056639432	-0.0132120998989	-0.0299562885344	-0.0227403002421	0.0292616088134	-0.00352568171215	0.0509186517705	0.00661646912174	-0.00334357950479	0.0147973844504	-0.00792177230009	-0.0372139092396	0.000651232408978	0.0354359875803	-0.00224870968495	-0.0196766004667	-0.0116852086697	0.0108558958889	0.015892577506	-0.0505803158477	-0.0372452022835	-0.063333666663	-0.0499225482347	-0.0376173261835	-0.073502250852	-0.0600547623714	-0.0593989392765	-0.000284294452235	-0.0202396706128	0.0247119944921	-0.021249800963	0.0334706093246	0.0786095240843	-0.0198332078267	0.0339376908487	-0.0359249048139	-0.0464715977177	0.0566527094352	-0.0228414513439	0.0139036984479	-0.0606025534498	-0.0114302882454	0.0199625139087	-0.0539150858179	-0.0358916504256	-0.0105535192577	-0.00887242542887	-0.00237259814987	-0.0266483365415	-0.0381405527272	-0.0685110100431	-0.0343472308723	-0.0365778252528	0.0121926668484
k__Bacteria;p__Bacteroidetes;c__Bacteroidia;o__Bacteroidales;f__Bacteroidaceae;g__Bacteroides;s__Bacteroides_ovatus	0.00788551630779	-0.00265949083444	-0.0811298637648	0.0461344463837	-0.0489056639432	1.0	-0.0283789910938	-0.0585612538263	-0.0350460780465	-0.0425548452672	-0.027529540939	-0.0351646831169	-0.0257315576459	0.0181939800384	-3.33343824238e-05	0.035792413397	-0.0309154704499	0.0247426737311	0.0292463409523	0.0541462248962	0.00669753283329	0.0218667704001	0.0441434561237	0.00916512714533	-0.0252047252166	-0.0457711337426	-0.0618468354538	-0.0199418976166	0.0536252789431	0.0332485384536	0.0155509475936	-0.00745789224946	-0.0596520391824	0.0177339392011	0.0645878260873	0.00695406368593	-0.0273422284795	-0.0143032610295	0.0282395503851	0.0204023670153	-0.0499728914951	-0.00456684203755	-0.0267172617736	0.0198590558596	-0.0361337107456	-0.015037254173	0.0574338155138	0.0197305124745	-0.0417068800386	-0.0384386713989	0.00567335120832	0.0195636650436	-0.0334709097704	-0.0244777748045	0.0418549511877	0.00506030594091	-0.0364179483973	-0.0300943242411	-0.007865291792
k__Bacteria;p__Bacteroidetes;c__Bacteroidia;o__Bacteroidales;f__Rikenellaceae;g__Alistipes;s__Alistipes_shahii	0.00700154907494	0.0166740824259	0.0310614127139	0.00266100871783	-0.0132120998989	-0.0283789910938	1.0	-0.0122717160771	-0.0406739566136	-0.0158060678725	-0.0156441197234	0.0144175427414	-0.0394341129339	-0.0081013006541	-0.060429574372	0.0447121300209	-0.0788342761078	-0.0239846186104	0.0321798824753	-0.0661508280233	-0.0351456170948	0.00829509345525	-0.0247952272582	0.0242508520152	0.0229456197595	-0.0184044272705	0.0730907450645	-0.0451127759964	0.0191719511535	0.0187902847562	0.0129536770343	-0.0280422140138	0.0194440372816	0.0270514648069	0.00664836736391	0.0286686888913	-0.0269718688771	-0.0243309135985	0.0186711277932	-0.0292210255769	-0.0345800467809	-0.0395056068718	0.0297313895048	0.00990541259348	0.0207532585204	0.0308344045179	-0.0033598897192	-0.0344581509762	0.00752587304246	-0.0232324199142	-0.0486133294711	0.0143390033834	0.0182887261828	-0.0188864711884	-0.0671583002717	-0.0159715864663	-0.0498438723262	0.0899207588095	0.0230257179035
k__Bacteria;p__Firmicutes;c__Clostridia;o__Clostridiales;f__Ruminococcaceae;g__Faecalibacterium;s__Faecalibacterium_prausnitzii	-0.00614574642845	-0.0225423170009	-0.0322303908763	0.0110025195819	-0.0299562885344	-0.0585612538263	-0.0122717160771	1.0	0.0164968010763	-0.0686003051158	-0.0251758249211	0.05015495073	0.0238274020805	-0.0251785466889	-0.000567961895339	-0.026947067269	-0.0264709202557	-0.000115369466661	-7.03938335708e-05	-0.029859551954	0.0482209841012	-0.0514556247671	0.0422147841568	-0.0343427567638	-0.0131238161522	0.0219158853186	-0.0358647369969	0.0634452402179	-0.0789124169203	-0.00132005595123	0.0770657104877	-0.0119915764486	-0.0102902778246	-0.0210846676654	-0.0237327409892	-0.0321999356427	0.043504476529	-0.0458840316319	-0.0080809319172	0.0378736779231	-0.0405775123344	-0.0444663610332	-0.00494831353001	-0.0375716900258	-0.00764484854722	-0.0789564970389	-0.0530609755038	-0.0339583363913	-0.0337056317871	0.083978540414	-0.0035669705584	0.00456104258682	0.015699973416	-0.0159951977945	-0.0686775769235	0.0409763561538	-0.0056832749062	-0.0368918741159	-0.0633482095236
k__Bacteria;p__Bacteroidetes;c__Bacteroidia;o__Bacteroidales;f__Rikenellaceae;g__Alistipes;s__Alistipes_finegoldii	-0.0171162840867	0.0130537584122	-0.00784503531035	-0.0401209620654	-0.0227403002421	-0.0350460780465	-0.0406739566136	0.0164968010763	1.0	-0.000283402410951	-0.0457584661872	-0.0112137330678	-0.0491696524594	0.0523648954533	-0.00639019220522	-0.0539489958991	-0.0252266062737	0.0120503428436	0.0290466159607	-0.0546864395817	-0.0348222542643	0.0453785437381	-0.0223121327142	-0.026441181372	0.011014649049	-0.021325724755	-0.0286999394222	0.00106190868203	-0.0734880848777	0.0054769674028	0.018300789394	0.00762955281361	-0.0303851751577	-0.0380517326294	0.00213153938405	0.0818239674555	0.00916738224745	0.0115691481674	-0.0689900727143	0.0374430811327	0.0127640079847	0.0121284607223	-0.0367275352034	0.0192965066718	-0.0189814389355	0.00637695613987	-0.0827924291493	-0.00561379673592	-0.00329787418078	-0.0239992330969	-0.0777402955957	0.00212862279716	-0.000928231248226	0.0381553586978	0.0467817012309	-0.0118961026671	-0.0490536343302	-0.0214344884344	-0.0557305588994
k__Bacteria;p__Bacteroidetes;c__Bacteroidia;o__Bacteroidales;f__Porphyromonadaceae;g__Parabacteroides;s__Parabacteroides_distasonis	0.0115829094207	0.0478526310375	0.0431081765414	-0.0349346005461	0.0292616088134	-0.0425548452672	-0.0158060678725	-0.0686003051158	-0.000283402410951	1.0	-0.0179936907855	0.011431092226	-0.0223359029255	-0.0118017408703	0.0130426045706	-0.0122474044041	-0.0718636845013	0.0688310868151	-0.0233645938078	0.00998549013363	0.0837042834497	-0.0221780208947	-0.0392951319706	-0.00462560354353	-0.00829206900663	0.0596096848525	0.00557269819158	-0.0184962270641	-0.0345967620348	-0.0602835800793	0.0295147778197	-0.0203236762257	0.0180494469834	-0.0803334251954	0.0195684133344	-0.0208495669129	-0.0146814937125	0.0426686747366	-0.0750782564184	-0.0137260520645	-0.0135044914362	0.0167426983701	-0.0427070913284	-0.0117440131035	0.000356425541233	-0.0434633413554	0.0187104398835	0.043251731462	-0.0095361289071	-0.021351473265	-0.0446668041277	-0.0503590943102	-0.0262526500488	0.0382718852311	-0.0289036534558	-0.0710683455738	-0.0662854352726	-0.135696220305	0.0219301397509
k__Bacteria;p__Bacteroidetes;c__Bacteroidia;o__Bacteroidales;f__Bacteroidaceae;g__Bacteroides;s__Bacteroides_thetaiotaomicron	0.0413458099445	-0.0723605649376	-0.00630948914869	0.0379349818685	-0.00352568171215	-0.027529540939	-0.0156441197234	-0.0251758249211	-0.0457584661872	-0.0179936907855	1.0	0.014464866157	-0.0135866041871	0.00144952426332	0.0618654325568	-0.0618533056941	-0.0113243491146	-0.0350651226544	-0.047266398263	-0.0362660017801	0.026712869307	0.02901714159	0.0130240024014	-0.0296781869513	0.0634436333762	-0.014021421373	0.0353049747271	-0.0225142298057	-0.0213319082868	-0.0453956331231	0.00184281859359	0.0831945357385	-0.0481736664153	0.0155590798461	0.0328113343021	-0.00807234391215	-0.0118551187947	0.0456826493218	-0.0247209751436	-0.0322801960461	0.0151900483692	0.0361819375877	-0.0578231972969	-0.034167080861	-0.0269278650022	-0.0330442893809	-0.0315043832314	-0.0789903709062	0.00417948424631	-0.00857800868857	0.0189639014389	-0.0188565504707	0.0290707806006	-0.06930349979	0.00884347576373	-0.0390144195487	-0.015727045085	-0.0184016518643	-0.0172385096514
k__Bacteria;p__Bacteroidetes;c__Bacteroidia;o__Bacteroidales;f__Bacteroidaceae;g__Bacteroides;s__Bacteroides_coprocola	-0.0538637639987	-0.0385009152859	-0.0219952119158	0.0163715553361	0.0509186517705	-0.0351646831169	0.0144175427414	0.05015495073	-0.0112137330678	0.011431092226	0.014464866157	1.0	0.0198941963087	-0.0220052086617	-0.0202050991613	-0.030129783068	-0.0239894065446	0.00525034601874	-0.0133289877573	-0.0555492694914	0.0318970006146	0.00482290051318	-0.0507509176334	-0.0233331195381	-0.0329466119468	-0.0263478501826	0.0254972417596	0.0290322110635	-0.0646916016209	0.057958707223	-0.0149081037662	-0.0203840465005	-0.0805404953947	-0.00389452195147	0.0199622335261	-0.0123396132106	-0.0194871074324	0.00186423664383	-0.0389343520725	-0.0291601857515	0.0253672870592	-0.0308291056579	-0.0451974522275	-0.0189258947083	-0.0103678645869	0.00603012106656	0.0462359935926	-0.0504238659365	-0.00207042528773	0.0247481383871	0.00984096857138	0.0350730538768	-0.0498627334165	0.00798291797844	-0.0219305939755	0.00939750233628	-0.0646388640852	-0.0415787441172	-0.00674479791403
k__Bacteria;p__Bacteroidetes;c__Bacteroidia;o__Bacteroidales;f__Bacteroidaceae;g__Bacteroides;s__Bacteroides_cellulosilyticus	0.0654431137571	0.00386500378958	-0.0162001858313	-0.0726517857895	0.00661646912174	-0.0257315576459	-0.0394341129339	0.0238274020805	-0.0491696524594	-0.0223359029255	-0.0135866041871	0.0198941963087	1.0	-0.0891943053543	0.0420881221124	-0.053024979405	-0.0224542211685	0.0492829067328	-0.0130556807519	-0.00707302332598	0.0416954587062	-0.0464736121673	-0.000593167097567	0.00519584923403	-0.0111330857097	-0.107378865603	-0.0115136956497	0.00871509524412	-0.00637333395036	-0.0653019224171	0.0053702338006	0.0721850702705	-0.0383638157082	-0.0290674851282	0.0252805417513	-0.0162062605964	0.0370463324407	0.011442715803	-0.0438269799559	-0.0447001071124	-0.020757418103	0.0284227275866	0.0564085251404	-0.0112711966944	-0.0436481438337	0.0145509508162	0.0350419220453	-0.00202411525887	0.0224897654746	0.0101614132697	0.0116935267358	0.0365731094279	-0.0116050201705	0.00260314088487	0.0308377749748	-0.0864862848857	-0.0101495395276	0.00112451784613	0.000586396799872
k__Bacteria;p__Bacteroidetes;c__Bacteroidia;o__Bacteroidales;f__Rikenellaceae;g__Alistipes;s__Alistipes_obesi	-0.00643476781372	-0.0109782903145	-0.0147096697234	-0.0273132164772	-0.00334357950479	0.0181939800384	-0.0081013006541	-0.0251785466889	0.0523648954533	-0.0118017408703	0.00144952426333	-0.0220052086617	-0.0891943053543	1.0	-0.0554012767181	-0.0144262409454	-0.0474103692709	-0.0628895805953	0.0301543642346	-0.027665046444	-0.00787670341961	0.0070061180417	-0.0151716671699	0.0536252022246	0.0400373289284	0.00602753670519	0.0298797274558	-0.0615601741345	-0.0119328388118	-0.00592332305492	0.00577716587418	0.0120432990886	-0.00305180398071	-0.0150820635054	0.0166999701947	-0.0441823229011	-0.0303831824215	0.0251939201206	0.00112624198609	-0.000730882525468	-0.0284670146679	0.0116435482047	0.0483724280195	-0.0597000070846	-0.007394112351	-0.0240763651522	-0.0098528397076	0.00233043838602	0.0202576341544	-0.0101074948907	-0.0750634185164	0.0129554637328	0.00375465896095	-0.0348968746062	0.00477966228581	-0.00846163115362	-0.0670238235382	-0.0484623695529	-0.00372385783746
k__Bacteria;p__Firmicutes;c__Clostridia;o__Clostridiales;f__Lachnospiraceae;g__;s__[Eubacterium]_rectale	-0.00757764815688	-0.00713221149538	-0.0389339595302	-0.0454071229229	0.0147973844504	-3.33343824237e-05	-0.060429574372	-0.000567961895339	-0.00639019220522	0.0130426045706	0.0618654325568	-0.0202050991613	0.0420881221124	-0.0554012767181	1.0	-0.0181609005822	0.0500758471465	-0.024906036616	-0.000158510670319	0.0263608535682	-0.0253422609257	-0.028336936351	0.0247484861408	-0.000393392623628	0.00608778148593	0.0337983253326	-0.0104310598562	0.0184086922881	0.0493336684818	-0.0122244700442	0.0179390881606	-0.0268935248077	0.0254869309168	0.00412764730355	0.00940725115316	0.0481517419452	0.0313447111415	-0.0321834064354	-0.0289461517779	-0.0315318798687	-0.00101520696966	0.0186050897691	-0.0505932988835	0.0193624621953	-0.0171812072391	-0.0375541452278	-0.0591552366625	0.00803068664373	-0.0282842576161	-0.0163406680666	-0.0395269737174	0.0384585831605	-0.0184188555058	-0.027870239528	0.0193168344253	-0.0481943961786	0.0754060530845	-0.0163162689864	0.00458909329657
k__Bacteria;p__Bacteroidetes;c__Bacteroidia;o__Bacteroidales;f__Bacteroidaceae;g__Bacteroides;s__Bacteroides_plebeius	-0.000210525027302	-0.0340076206326	0.0353316265573	-0.0562485124066	-0.00792177230009	0.035792413397	0.0447121300209	-0.026947067269	-0.0539489958991	-0.0122474044041	-0.0618533056941	-0.030129783068	-0.053024979405	-0.0144262409454	-0.0181609005822	1.0	-0.0355120353788	-0.00251123275086	0.0399923497173	-0.00774192999819	-0.0149520092581	0.00704442983325	-0.0216334180801	-0.0223667352728	-0.00104278346903	-0.0531675049743	0.0182668841116	0.0417592970654	0.0278392893408	0.0650985390202	-0.0235014442321	0.0382120522126	0.04631851035	-0.0141443238153	0.00413992294346	-0.0363624885785	-0.0753876248178	0.0178659285329	-0.0195980568932	0.0316731491322	-0.0496518169666	-0.054717944685	-0.0267541552825	0.00726591998286	0.0512341624815	0.0296261676737	0.00273654615197	-0.0289544447374	0.0268168872095	-0.0982754640468	-0.0307289177823	0.00663844885136	0.00577370871149	0.054351055709	-0.106811544493	0.0182192119709	0.00321090159934	0.0702734646715	-0.0120969182141
k__Bacteria;p__Bacteroidetes;c__Bacteroidia;o__Bacteroidales;f__Bacteroidaceae;g__Bacteroides;s__Bacteroides_fragilis	-0.0387035078627	0.0536302696531	0.0287615002418	-0.0356616622562	-0.0372139092396	-0.0309154704499	-0.0788342761078	-0.0264709202557	-0.0252266062737	-0.0718636845013	-0.0113243491146	-0.0239894065446	-0.0224542211685	-0.0474103692709	0.0500758471465	-0.0355120353788	1.0	-0.0358505274187	-0.0552769893773	-0.0511940124999	0.0153994728425	0.0317354507609	0.0398999906745	0.00262766568983	-0.0173051098327	0.0580168724719	-0.0320041554368	-0.0155707229455	-0.0150686052855	-0.0615131134666	-0.00430537406434	-0.0268076566052	-0.058629735442	-0.00198706214454	0.0483394232259	-0.0520839774496	-0.0361905562542	-0.01035139195	-0.0363710597684	-0.0234988014712	0.0505431678426	-0.0450488210561	-0.0470861801941	-0.0528035959257	-0.0270225625323	-0.055442751596	0.00492632067812	-0.0591455784555	0.0169383897302	-0.0098996463624	-0.0153880417309	-0.0123096224274	-0.046339249053	-0.041800014047	0.056747456461	-0.0148222844154	0.0207814776232	-0.0185978003403	-0.0230787380892
k__Bacteria;p__Proteobacteria;c__Betaproteobacteria;o__Burkholderiales;f__Sutterellaceae;g__Sutterella;s__Sutterella_wadsworthensis	-0.0362634301422	-0.009266532208	-0.0427076656859	-0.0634218047443	0.000651232408978	0.0247426737311	-0.0239846186104	-0.000115369466661	0.0120503428436	0.0688310868151	-0.0350651226544	0.00525034601874	0.0492829067328	-0.0628895805953	-0.024906036616	-0.00251123275086	-0.0358505274187	1.0	0.0259173016421	0.0357370515273	0.0467916214588	-0.0487033389922	-0.0543545047734	-0.00857441035227	0.00134482121908	-0.00171727247408	-5.61935043446e-05	-0.0210534612767	0.0218945889301	0.0304027832149	-0.00547999988664	-0.0332615953232	-0.0417148982375	-0.00898824348089	-0.0505193961158	-0.0370578694148	-0.040981028573	-0.0122129977904	-0.00441626103018	-0.0400812173343	-0.0549491261652	-0.0233690614281	0.0335590639243	0.00930856768609	-0.00251344099427	-0.035746063483	-0.0303483105479	0.0125081332336	0.010235862549	0.0147153049484	-0.00622601542202	0.0072822282386	0.0197844873506	0.0237141935494	-0.0171150119947	-0.0174775238904	0.0738278789168	-0.033557906967	0.00388183276719
k__Bacteria;p__Bacteroidetes;c__Bacteroidia;o__Bacteroidales;f__Porphyromonadaceae;g__Barnesiella;s__Barnesiella_intestinihominis	0.0464552991223	-0.0799365705819	-0.00145647677253	-0.0296640249707	0.0354359875803	0.0292463409523	0.0321798824753	-7.03938335709e-05	0.0290466159607	-0.0233645938078	-0.047266398263	-0.0133289877573	-0.0130556807519	0.0301543642346	-0.000158510670319	0.0399923497173	-0.0552769893773	0.0259173016421	1.0	-0.0265983916605	-0.0451631370405	-0.0473717558391	0.0294650497888	-0.0222045649259	-0.0497842916678	0.00549885987169	-0.0553407508766	-0.030988070815	0.0393500637333	-0.00192588810915	-0.0612921762459	-0.0029116194188	-0.0304671120928	0.0401875324984	0.0286880595192	0.0797913400676	-0.075577787541	0.00159053049394	-0.00655504045934	-0.0315731417068	-0.0559563761274	0.0308974907381	0.00831216645956	0.0053088273029	-0.0188564765966	0.0126722923339	-0.0533492307852	-0.00609562173194	-0.0838455008583	-0.0365222525341	0.00715621713508	-0.0125518303075	-0.0592572811414	0.0670336647721	-0.00783561377664	0.0379977805127	0.0132611203498	0.0648681929236	3.93673134673e-05
k__Bacteria;p__Bacteroidetes;c__Bacteroidia;o__Bacteroidales;f__Odoribacteraceae;g__Odoribacter;s__Odoribacter_splanchnicus	0.0253216501577	-0.0422892819669	0.0055234683789	-0.0696034564763	-0.00224870968495	0.0541462248962	-0.0661508280233	-0.029859551954	-0.0546864395817	0.00998549013363	-0.0362660017801	-0.0555492694914	-0.00707302332598	-0.027665046444	0.0263608535682	-0.00774192999819	-0.0511940124999	0.0357370515273	-0.0265983916605	1.0	-0.0222151370093	0.0275797850785	-0.0119861001179	-0.0156656275596	0.019408477165	-0.0106632104767	-0.0109221594615	-0.0608169460289	-0.0332626961028	-0.0464464858853	-0.015120854022	0.0410201567427	0.0194598944003	0.043179952665	-0.0653935352138	-0.0427855067017	-0.0550225386864	-0.00715969960477	-0.0118803897063	-0.023827620075	-0.0255063373367	-0.00507190973284	0.0434996869005	-0.0240369892446	-0.00559706402677	0.0305658884733	-0.0517837661878	-0.0240592524771	-0.0681868110242	0.00153505291503	-0.00958010249601	0.000847406235009	-0.0116885506169	-0.0508603323617	0.0404688398734	-0.0626236207455	0.0187717039172	-0.00560016571158	-0.000418527446503
k__Bacteria;p__Bacteroidetes;c__Bacteroidia;o__Bacteroidales;f__Bacteroidaceae;g__Bacteroides;s__Bacteroides_salyersiae	0.010096981181	-0.0118473271724	-0.0105854716066	0.0199391655116	-0.0196766004667	0.00669753283329	-0.0351456170948	0.0482209841012	-0.0348222542643	0.0837042834497	0.026712869307	0.0318970006146	0.0416954587062	-0.00787670341961	-0.0253422609257	-0.0149520092581	0.0153994728425	0.0467916214588	-0.0451631370405	-0.0222151370093	1.0	-0.0194215953645	-0.049327975235	0.0110006739271	0.0114582538383	-0.031218473461	0.0189966735619	-0.0680585898733	0.0257933362159	-0.00951381166884	-0.0373040304035	-0.035484785833	-0.000186847099088	-0.0645487459328	-0.0688270613954	-0.0432969936086	-0.00949589650541	-0.00846140003543	0.00156116715551	-0.0159992123947	0.0775276035497	-0.075377040725	-0.0109193376976	0.0690858598254	-0.0148970127166	-0.0465782821325	-0.0105601738241	0.0033200785735	0.0022556275433	-0.0414887671723	-0.0333332889711	0.0126729083508	-0.0148235808737	0.014025006738	-0.0275539816224	0.0324022272563	-0.0172909835676	-0.0135684328507	-0.0292837435692
k__Bacteria;p__Firmicutes;c__Clostridia;o__Clostridiales;f__Ruminococcaceae;g__Ruminiclostridium;s__[Eubacterium]_siraeum	0.0776920324369	0.0295683481595	-0.0462267085796	0.0160142690815	-0.0116852086697	0.0218667704001	0.00829509345525	-0.0514556247671	0.0453785437381	-0.0221780208947	0.02901714159	0.00482290051318	-0.0464736121673	0.0070061180417	-0.028336936351	0.00704442983325	0.0317354507609	-0.0487033389922	-0.0473717558391	0.0275797850785	-0.0194215953645	1.0	0.00117548715959	-0.0133202587797	-0.00484564331653	-0.0202967423423	0.022644182725	0.0140834104943	-0.0103576147371	0.0186912333928	-0.00709775941641	-0.0357841089491	-0.041329211992	-0.0600239519526	-0.0418595009789	0.0161916464187	-0.0403220567963	0.00031147664024	-0.0217751862314	-0.0599262432245	0.0247231009697	-0.0324136571141	-0.0415254384133	-0.0195028486761	-0.0229080374279	0.00577771100064	0.0217868840463	-0.00490271176634	-0.0226842245582	-0.0290841537817	0.00730620647019	0.0476585713511	0.00987213478008	0.0283939522334	-0.00161075466723	-0.0208582628369	-0.0376560953721	0.00664633862785	-0.0150065514702
k__Bacteria;p__Proteobacteria;c__Betaproteobacteria;o__Burkholderiales;f__Sutterellaceae;g__Parasutterella;s__Parasutterella_excrementihominis	-0.0301114232512	-0.0480724085755	-0.0324648343535	0.0520591708378	0.0108558958889	0.0441434561237	-0.0247952272582	0.0422147841568	-0.0223121327142	-0.0392951319706	0.0130240024014	-0.0507509176334	-0.000593167097567	-0.0151716671699	0.0247484861408	-0.0216334180801	0.0398999906745	-0.0543545047734	0.0294650497888	-0.0119861001179	-0.049327975235	0.00117548715959	1.0	-0.00989068024968	-0.0457747310908	0.0190217542082	-0.0331238326266	-0.0539448606876	0.0212230584697	-0.0363067494487	0.0612655274524	0.0153547314593	-0.0617609807221	0.000592212024746	-0.00622451143594	0.0424887237805	-0.0121466984323	0.00454081647923	-0.0377228991674	-0.00909559604309	-0.0058079671473	-0.0209300818729	0.0478362650289	-0.00616383359027	0.0331699239195	0.0741225581031	-0.0272046816826	-0.0047891441883	-0.00811447124691	-0.0368063020452	0.00531160707226	-0.00184374203848	0.0428653447977	-0.042710799281	-0.0810001539874	0.0263550419263	-0.00363157265582	-0.0660149972091	-0.0401065654066
k__Bacteria;p__Actinobacteria;c__Actinobacteria;o__Bifidobacteriales;f__Bifidobacteriaceae;g__Bifidobacterium;s__Bifidobacterium_adolescentis	0.0132737304239	0.00371633033209	-0.0506240170425	0.000171118187993	0.015892577506	0.00916512714533	0.0242508520152	-0.0343427567638	-0.026441181372	-0.00462560354353	-0.0296781869513	-0.0233331195381	0.00519584923403	0.0536252022246	-0.000393392623628	-0.0223667352728	0.00262766568983	-0.00857441035227	-0.0222045649259	-0.0156656275596	0.0110006739271	-0.0133202587797	-0.00989068024968	1.0	-0.0027182033005	-0.00241680828663	0.00118823323256	-0.0751900854072	0.0169223147488	-0.0046120078593	0.0192715820986	-0.0561385702907	-0.00210896749521	0.0180074786088	-0.011324960447	-0.0163389527645	0.0118830109313	0.038457956181	0.033268219209	-0.0512140487637	0.0205043939165	-0.00673089958488	-0.0247370582981	-0.0581332494403	-0.056959958066	-0.0511034117249	0.00100322152939	0.0638406509063	0.0111844284606	0.0455012101136	0.0088275172332	-0.0163143031743	-0.0106393076971	0.0318049561251	-0.000312373089387	-0.0393424192563	-0.0275736087422	-0.0404720040815	0.0188390234942
k__Bacteria;p__Firmicutes;c__Clostridia;o__Clostridiales;f__Oscillospiraceae;g__Oscillibacter;s__Oscillibacter_sp._KLE_1745	-0.0229277282895	-0.05937267602	0.0182602627511	-0.0357832186803	-0.0505803158477	-0.0252047252166	0.0229456197595	-0.0131238161522	0.011014649049	-0.00829206900663	0.0634436333762	-0.0329466119468	-0.0111330857097	0.0400373289284	0.00608778148593	-0.00104278346903	-0.0173051098327	0.00134482121908	-0.0497842916678	0.019408477165	0.0114582538383	-0.00484564331653	-0.0457747310908	-0.0027182033005	1.0	-0.0482018868344	-0.0479883192796	-0.0648962640703	-0.0536339880211	0.0360343209232	-0.0302930532136	0.0122459070554	0.0355973250976	-0.0118376984145	-0.0345996626577	0.0155032199086	-0.0138202133678	0.00488353194395	-0.0465924453994	0.052884886617	0.0339455257146	-0.0348683950919	0.00702887083421	0.0290323591624	0.00947259681602	0.00948214489465	-0.000936802594213	0.0170794926827	-0.0214734461387	0.0224845052435	-0.0547795478071	0.0507869112079	-0.00225175033601	0.0397736954037	0.0180921123593	-0.0289303351672	-0.00426509219713	-0.00346304500454	-0.0458756775866
k__Bacteria;p__Bacteroidetes;c__Bacteroidia;o__Bacteroidales;f__Bacteroidaceae;g__Bacteroides;s__Bacteroides_coprophilus	-0.0673883384516	0.0335336734822	-0.0546791777484	0.0304915015061	-0.0372452022835	-0.0457711337426	-0.0184044272705	0.0219158853186	-0.021325724755	0.0596096848525	-0.014021421373	-0.0263478501826	-0.107378865603	0.00602753670519	0.0337983253326	-0.0531675049743	0.0580168724719	-0.00171727247408	0.00549885987169	-0.0106632104767	-0.031218473461	-0.0202967423423	0.0190217542082	-0.00241680828663	-0.0482018868344	1.0	0.00442781393241	0.022220194764	0.0107984637966	0.00924217235	-0.0131677362373	-0.0462246410165	0.00328928233523	-0.0285377822924	-0.0449094910406	-0.0357368538559	-0.00949144363985	-0.0665455650546	0.031268371551	0.0425201154299	0.0207105511979	0.0136407341969	-0.0388798108728	-0.0279874870726	-0.0600524484559	0.0426833642771	0.0313128920269	-0.0119239429038	0.0638502354229	-0.0757345318546	-0.0243794235523	-0.0295519269802	0.0373526264847	-0.00263574173861	0.00353646040748	0.0211537263476	-0.0264932193421	0.00462509088183	0.0465279811549
k__Bacteria;p__Firmicutes;c__Clostridia;o__Clostridiales;f__Lachnospiraceae;g__Roseburia;s__Roseburia_intestinalis	0.00588619140755	-0.0275196675928	0.0438546643416	0.0237370813197	-0.063333666663	-0.0618468354538	0.0730907450645	-0.0358647369969	-0.0286999394222	0.00557269819158	0.0353049747271	0.0254972417596	-0.0115136956497	0.0298797274558	-0.0104310598562	0.0182668841116	-0.0320041554368	-5.61935043445e-05	-0.0553407508766	-0.0109221594615	0.0189966735619	0.022644182725	-0.0331238326266	0.00118823323256	-0.0479883192796	0.00442781393241	1.0	0.0194494958846	-0.0194602592125	-0.00188540442239	-0.0274970312231	0.00583731232887	-0.0059116277353	0.0179493825871	-0.00470663079984	-0.0540693628945	-0.0248821708476	-0.0363576005611	0.038163612406	-0.0446369808117	0.0260176172194	0.0306074198402	0.0225141443352	0.00430437705698	0.043637661824	-0.0134788943588	-0.0671903400338	0.0607763722937	-0.0277061693654	0.00350529712877	0.00107786077551	0.00244639454302	-0.0453745579894	-0.0160087878052	-0.0382000358179	0.0445839779256	-0.060118686361	0.0184084376623	-0.0165075842383
k__Bacteria;p__Firmicutes;c__Clostridia;o__Clostridiales;f__Lachnospiraceae;g__Roseburia;s__Roseburia_hominis	-0.00826571483131	0.00987619655634	0.048186301388	-0.0257999384124	-0.0499225482347	-0.0199418976166	-0.0451127759964	0.0634452402179	0.00106190868203	-0.0184962270641	-0.0225142298057	0.0290322110635	0.00871509524412	-0.0615601741345	0.0184086922881	0.0417592970654	-0.0155707229455	-0.0210534612767	-0.030988070815	-0.0608169460289	-0.0680585898733	0.0140834104943	-0.0539448606876	-0.0751900854072	-0.0648962640703	0.022220194764	0.0194494958846	1.0	0.0186115422857	-0.0326103474722	0.00249850716785	0.00211538430997	-0.0767718452849	0.00740920836463	-0.0111019357006	-0.00440066287777	-0.0349451336835	-0.0253567661454	0.0382098031733	-0.0149291117684	-0.0353046147296	-0.0362339571908	0.0472151249167	-0.0158498498718	-0.013727665223	-0.0132059677198	-0.0725725551383	0.0118394830095	-0.0101162842315	-0.0411797879606	-0.0151916485319	-0.00186482882616	-0.0408276121369	-0.021656641098	-0.0469746665823	0.0518404519577	0.0163587119894	0.0448254634508	0.0277225204721
k__Bacteria;p__Bacteroidetes;c__Bacteroidia;o__Bacteroidales;f__Porphyromonadaceae;g__Parabacteroides;s__Parabacteroides_johnsonii	-0.0415292785135	0.0426038048213	-0.0116439690365	0.00360639824708	-0.0376173261835	0.0536252789431	0.0191719511535	-0.0789124169203	-0.0734880848777	-0.0345967620348	-0.0213319082868	-0.0646916016209	-0.00637333395036	-0.0119328388118	0.0493336684818	0.0278392893408	-0.0150686052855	0.0218945889301	0.0393500637333	-0.0332626961028	0.0257933362159	-0.0103576147371	0.0212230584697	0.0169223147488	-0.0536339880211	0.0107984637966	-0.0194602592125	0.0186115422857	1.0	0.0130796581035	-0.0528352334257	-0.01356366504	-0.0377303285378	-0.0645308140295	0.0261874511805	-0.0483018625543	-0.0199567345851	-4.49843825391e-05	0.0437645905882	-0.0770531217107	-0.0157332209284	0.0224840189583	0.00315241547755	0.0140452946544	-0.0449947396854	0.0276020563967	-0.00702333002292	-0.0061511097162	0.0290422467277	-0.0329103201627	-0.0314374252107	0.0134403572696	-0.0239186798897	0.0727006274394	0.00591370106136	0.0310198584924	-0.0287697136998	-0.0200957699154	0.00897212145517
k__Bacteria;p__Actinobacteria;c__Actinobacteria;o__Bifidobacteriales;f__Bifidobacteriaceae;g__Bifidobacterium;s__Bifidobacterium_longum	0.0420034822318	-0.0243180184564	-0.0359200867104	-0.038568028101	-0.073502250852	0.0332485384536	0.0187902847562	-0.00132005595123	0.0054769674028	-0.0602835800793	-0.0453956331231	0.057958707223	-0.0653019224171	-0.00592332305492	-0.0122244700442	0.0650985390202	-0.0615131134666	0.0304027832149	-0.00192588810915	-0.0464464858853	-0.00951381166884	0.0186912333928	-0.0363067494487	-0.0046120078593	0.0360343209232	0.00924217235	-0.00188540442239	-0.0326103474722	0.0130796581035	1.0	-0.0440864903905	0.0307370170389	-0.00944021432696	-0.00812825548684	-0.0493176730047	-0.0598729779668	-0.0625903345006	0.00510079184363	-0.0400517637665	-0.0336857014409	-0.00670966885639	0.0289701686836	-0.0284890868107	0.0538149084288	-0.108887139738	0.0172503272232	0.0155303562426	-0.0121682728286	-0.0123354974917	-0.0238264787217	-0.0188184661332	-0.0199074983701	-0.00583301936896	0.00920091165538	0.0575500834564	-0.002551742264	0.0118349530989	-0.0772413995086	0.0412634965983
