#taxonomy	k__Bacteria;p__Bacteroidetes;c__Bacteroidia;o__Bacteroidales;f__Bacteroidaceae;g__Bacteroides;s__Bacteroides_vulgatus	k__Bacteria;p__Bacteroidetes;c__Bacteroidia;o__Bacteroidales;f__Bacteroidaceae;g__Bacteroides;s__Bacteroides_uniformis	k__Bacteria;p__Bacteroidetes;c__Bacteroidia;o__Bacteroidales;f__Rikenellaceae;g__Alistipes;s__Alistipes_putredinis	k__Bacteria;p__Bacteroidetes;c__Bacteroidia;o__Bacteroidales;f__Prevotellaceae;g__Prevotella;s__Prevotella_copri	k__Bacteria;p__Bacteroidetes;c__Bacteroidia;o__Bacteroidales;f__Bacteroidaceae;g__Bacteroides;s__Bacteroides_stercoris	k__Bacteria;p__Bacteroidetes;c__Bacteroidia;o__Bacteroidales;f__Bacteroidaceae;g__Bacteroides;s__Bacteroides_ovatus	k__Bacteria;p__Bacteroidetes;c__Bacteroidia;o__Bacteroidales;f__Rikenellaceae;g__Alistipes;s__Alistipes_shahii	k__Bacteria;p__Firmicutes;c__Clostridia;o__Clostridiales;f__Ruminococcaceae;g__Faecalibacterium;s__Faecalibacterium_prausnitzii	k__Bacteria;p__Bacteroidetes;c__Bacteroidia;o__Bacteroidales;f__Rikenellaceae;g__Alistipes;s__Alistipes_finegoldii	k__Bacteria;p__Bacteroidetes;c__Bacteroidia;o__Bacteroidales;f__Porphyromonadaceae;g__Parabacteroides;s__Parabacteroides_distasonis	k__Bacteria;p__Bacteroidetes;c__Bacteroidia;o__Bacteroidales;f__Bacteroidaceae;g__Bacteroides;s__Bacteroides_thetaiotaomicron	k__Bacteria;p__Bacteroidetes;c__Bacteroidia;o__Bacteroidales;f__Bacteroidaceae;g__Bacteroides;s__Bacteroides_coprocola	k__Bacteria;p__Bacteroidetes;c__Bacteroidia;o__Bacteroidales;f__Bacteroidaceae;g__Bacteroides;s__Bacteroides_cellulosilyticus	k__Bacteria;p__Bacteroidetes;c__Bacteroidia;o__Bacteroidales;f__Rikenellaceae;g__Alistipes;s__Alistipes_obesi	k__Bacteria;p__Firmicutes;c__Clostridia;o__Clostridiales;f__Lachnospiraceae;g__;s__[Eubacterium]_rectale	k__Bacteria;p__Bacteroidetes;c__Bacteroidia;o__Bacteroidales;f__Bacteroidaceae;g__Bacteroides;s__Bacteroides_plebeius	k__Bacteria;p__Bacteroidetes;c__Bacteroidia;o__Bacteroidales;f__Bacteroidaceae;g__Bacteroides;s__Bacteroides_fragilis	k__Bacteria;p__Proteobacteria;c__Betaproteobacteria;o__Burkholderiales;f__Sutterellaceae;g__Sutterella;s__Sutterella_wadsworthensis	k__Bacteria;p__Bacteroidetes;c__Bacteroidia;o__Bacteroidales;f__Porphyromonadaceae;g__Barnesiella;s__Barnesiella_intestinihominis	k__Bacteria;p__Bacteroidetes;c__Bacteroidia;o__Bacteroidales;f__Odoribacteraceae;g__Odoribacter;s__Odoribacter_splanchnicus	k__Bacteria;p__Bacteroidetes;c__Bacteroidia;o__Bacteroidales;f__Bacteroidaceae;g__Bacteroides;s__Bacteroides_salyersiae	k__Bacteria;p__Firmicutes;c__Clostridia;o__Clostridiales;f__Ruminococcaceae;g__Ruminiclostridium;s__[Eubacterium]_siraeum	k__Bacteria;p__Proteobacteria;c__Betaproteobacteria;o__Burkholderiales;f__Sutterellaceae;g__Parasutterella;s__Parasutterella_excrementihominis	k__Bacteria;p__Actinobacteria;c__Actinobacteria;o__Bifidobacteriales;f__Bifidobacteriaceae;g__Bifidobacterium;s__Bifidobacterium_adolescentis	k__Bacteria;p__Firmicutes;c__Clostridia;o__Clostridiales;f__Oscillospiraceae;g__Oscillibacter;s__Oscillibacter_sp._KLE_1745	k__Bacteria;p__Bacteroidetes;c__Bacteroidia;o__Bacteroidales;f__Bacteroidaceae;g__Bacteroides;s__Bacteroides_coprophilus	k__Bacteria;p__Firmicutes;c__Clostridia;o__Clostridiales;f__Lachnospiraceae;g__Roseburia;s__Roseburia_intestinalis	k__Bacteria;p__Firmicutes;c__Clostridia;o__Clostridiales;f__Lachnospiraceae;g__Roseburia;s__Roseburia_hominis	k__Bacteria;p__Bacteroidetes;c__Bacteroidia;o__Bacteroidales;f__Porphyromonadaceae;g__Parabacteroides;s__Parabacteroides_johnsonii	k__Bacteria;p__Actinobacteria;c__Actinobacteria;o__Bifidobacteriales;f__Bifidobacteriaceae;g__Bifidobacterium;s__Bifidobacterium_longum	k__Bacteria;p__Firmicutes;c__Clostridia;o__Clostridiales;f__;g__Flavonifractor;s__Flavonifractor_plautii	k__Bacteria;p__Firmicutes;c__Clostridia;o__Clostridiales;f__Clostridiaceae;g__Clostridium;s__Clostridium_phoceensis	k__Bacteria;p__Verrucomicrobia;c__Verrucomicrobiae;o__Verrucomicrobiales;f__Akkermansiaceae;g__Akkermansia;s__Akkermansia_muciniphila	k__Bacteria;p__Bacteroidetes;c__Bacteroidia;o__Bacteroidales;f__Prevotellaceae;g__Paraprevotella;s__Paraprevotella_xylaniphila	k__Bacteria;p__Firmicutes;c__Clostridia;o__Clostridiales;f__Ruminococcaceae;g__Ruminococcus;s__Ruminococcus_callidus	k__Bacteria;p__Bacteroidetes;c__Bacteroidia;o__Bacteroidales;f__Rikenellaceae;g__Alistipes;s__Alistipes_senegalensis	k__Bacteria;p__Firmicutes;c__Clostridia;o__Clostridiales;f__Lachnospiraceae;g__Blautia;s__Blautia_sp._KLE_1732	k__Bacteria;p__Bacteroidetes;c__Bacteroidia;o__Bacteroidales;f__Bacteroidaceae;g__Bacteroides;s__Bacteroides_oleiciplenus	k__Bacteria;p__Firmicutes;c__Clostridia;o__Clostridiales;f__Ruminococcaceae;g__Ruminococcus;s__Ruminococcus_bicirculans	k__Bacteria;p__Bacteroidetes;c__Bacteroidia;o__Bacteroidales;f__Bacteroidaceae;g__Bacteroides;s__Bacteroides_fluxus	k__Bacteria;p__Bacteroidetes;c__Bacteroidia;o__Bacteroidales;f__Prevotellaceae;g__Prevotella;s__Prevotella_stercorea	k__Bacteria;p__Firmicutes;c__Clostridia;o__Clostridiales;f__Lachnospiraceae;g__Dorea;s__Dorea_longicatena	k__Bacteria;p__Firmicutes;c__Clostridia;o__Clostridiales;f__Eubacteriaceae;g__Eubacterium;s__[Eubacterium]_eligens	k__Bacteria;p__Firmicutes;c__Clostridia;o__Clostridiales;f__Ruminococcaceae;g__;s__Ruminococcaceae_bacterium_D16	k__Bacteria;p__Firmicutes;c__Clostridia;o__Clostridiales;f__Lachnospiraceae;g__Coprococcus;s__Coprococcus_comes	k__Bacteria;p__Proteobacteria;c__Gammaproteobacteria;o__Enterobacterales;f__Enterobacteriaceae;g__Escherichia;s__Escherichia_coli	k__Bacteria;p__Firmicutes;c__Clostridia;o__Clostridiales;f__Ruminococcaceae;g__Anaerotruncus;s__Anaerotruncus_colihominis	k__Bacteria;p__Firmicutes;c__Clostridia;o__Clostridiales;f__Lachnospiraceae;g__Blautia;s__Blautia_obeum	k__Bacteria;p__Bacteroidetes;c__Bacteroidia;o__Bacteroidales;f__Odoribacteraceae;g__Odoribacter;s__Odoribacter_laneus	k__Bacteria;p__Firmicutes;c__Clostridia;o__Clostridiales;f__Ruminococcaceae;g__Ruminiclostridium;s__[Clostridium]_leptum	k__Bacteria;p__Bacteroidetes;c__Bacteroidia;o__Bacteroidales;f__Porphyromonadaceae;g__Parabacteroides;s__Parabacteroides_goldsteinii	k__Bacteria;p__Firmicutes;c__Clostridia;o__Clostridiales;f__Lachnospiraceae;g__Anaerostipes;s__Anaerostipes_hadrus	k__Bacteria;p__Firmicutes;c__Clostridia;o__Clostridiales;f__Ruminococcaceae;g__Ruminococcus;s__Ruminococcus_lactaris	k__Bacteria;p__Firmicutes;c__Clostridia;o__Clostridiales;f__Clostridiaceae;g__Clostridium;s__Clostridium_sp._L2-50	k__Bacteria;p__Firmicutes;c__Clostridia;o__Clostridiales;f__Clostridiaceae;g__Clostridium;s__Clostridium_sp._M62/1	k__Bacteria;p__Firmicutes;c__Clostridia;o__Clostridiales;f__;g__Intestinimonas;s__Intestinimonas_butyriciproducens	k__Bacteria;p__Actinobacteria;c__Actinobacteria;o__Bifidobacteriales;f__Bifidobacteriaceae;g__Bifidobacterium;s__Bifidobacterium_bifidum	k__Bacteria;p__Firmicutes;c__Negativicutes;o__Veillonellales;f__Veillonellaceae;g__Dialister;s__Dialister_invisus	k__Bacteria;p__Bacteroidetes;c__Bacteroidia;o__Bacteroidales;f__Bacteroidaceae;g__Bacteroides;s__Bacteroides_salanitronis
k__Bacteria;p__Bacteroidetes;c__Bacteroidia;o__Bacteroidales;f__Bacteroidaceae;g__Bacteroides;s__Bacteroides_vulgatus	1.0	0.0647499349796	-0.0339471706722	-0.0484349909065	0.0108798738748	-0.0380209864656	-0.0317113311725	-0.0312921110836	0.0271975339406	-0.04117329414	0.0180671534047	-0.0470331536054	-0.0538826945062	-0.0439627661678	-0.0388255972164	-0.0158587478342	-0.00528223639987	-0.0459773020026	0.0507604251941	0.00115010506358	0.00990206265633	-0.0198369620938	-0.0115833785301	0.0175868166678	0.0495383849048	0.00236048679333	-0.0168942600047	0.0248790480113	-0.0489780346407	0.060034623402	-0.00745791286544	0.0116316966714	-0.0493894699474	0.0593300941822	-0.0143774730649	0.00153470626448	0.0519810773949	0.0405610194145	-0.0224767806522	-0.039159434736	0.00706958814375	-0.00689854500283	0.0283837750004	0.0186792215739	-0.0432117137923	-0.0451652109744	-0.0504797439956	-0.0311181661174	-0.0595145385233	0.0256654205132	-0.0359931306095	0.0394771688149	0.0542063265206	-0.0256157763031	0.0491144992314	-0.0232317170254	-0.0556247828846	-0.0628749509163	-0.00722611896257
k__Bacteria;p__Bacteroidetes;c__Bacteroidia;o__Bacteroidales;f__Bacteroidaceae;g__Bacteroides;s__Bacteroides_uniformis	0.0647499349796	1.0	-0.0602218305862	-0.0338484244303	0.0267135071307	0.00792775301338	-0.0265881653561	-0.0252724153601	-0.0481548818231	-0.0404942181608	-0.00861813816178	0.0420864151208	0.026337318954	0.0509651211344	-0.00601984268691	-0.0326717297712	-0.0110033541894	-0.0111546783268	0.0540647707889	-0.00809759805762	-0.0216074408688	-0.0183546739728	-0.00913975539886	0.000211747723102	0.0145473053751	0.0504560993269	-0.00291043398334	0.0804929309954	-0.0176053345428	-0.0755601273371	0.0196216865342	0.0209866818635	0.0148907806734	-0.057147674217	0.0672469448759	0.0469611974742	-0.0170622154687	-0.00679462573388	-0.0188305333836	-0.0451939892281	-0.0674652654378	0.0251220711109	0.0247185717871	-0.00237868412116	-0.0499980473145	-0.0412862552248	-0.0686658324145	-0.0350757722229	0.0473438177009	0.0523270920828	-0.0171438007552	-0.00906641263071	-0.00923283487429	-0.000918610674479	0.0239562364997	0.0368509140308	-0.0159130740435	-0.057731996398	-0.00821424278902
k__Bacteria;p__Bacteroidetes;c__Bacteroidia;o__Bacteroidales;f__Rikenellaceae;g__Alistipes;s__Alistipes_putredinis	-0.0339471706722	-0.0602218305862	1.0	0.0495451701037	-0.033135274222	-0.00852935749742	0.0449319870643	0.048802022319	-0.0146555696413	0.0331498277805	-0.0573370939373	-0.0435274674555	0.0193721206187	0.02021111411	-0.0229291332002	-0.0434505831862	0.0180985837626	-0.0327869514579	0.0367705135363	0.0024209352043	-0.0167408892092	0.0543294450575	0.026444161669	0.00670323751365	-0.0516043914407	-0.0481022549706	-0.0347567285946	0.00128854416531	-0.00299325532713	-0.0467109048193	0.00509948287147	-0.0459866300598	-0.0354278215804	0.0262303818738	-0.0637073456217	-0.00463350972644	0.00624042618658	-0.0185042528273	0.0256947005442	-0.0163345124084	0.00973143611346	-0.0166717193386	-0.0422441519318	-0.0366144950157	0.0443604229556	-0.0943217743694	0.0392357604867	0.0394028235235	-0.0837135252877	0.0162575104346	-0.0234351836739	-0.0059032776351	0.0355114574592	0.0471783783318	0.0123809711759	-0.0282341585571	0.0219930914959	0.000928566156951	-0.031631067762
k__Bacteria;p__Bacteroidetes;c__Bacteroidia;o__Bacteroidales;f__Prevotellaceae;g__Prevotella;s__Prevotella_copri	-0.0484349909065	-0.0338484244303	0.0495451701037	1.0	-0.010146802018	0.0109943831968	0.0365994038654	-0.0171163807705	0.000793890205821	-0.0356235040499	0.0561680954519	-0.0432018101646	0.00204227173609	0.0718532778917	-0.0313824154266	0.00473400914238	0.0175945995775	0.034123774199	0.0651930946642	0.0452800274347	-0.0386445470321	0.000567828283978	0.00174208997609	0.0815050326558	-0.018261994522	0.0163872759267	-0.0454174561034	-0.0378211522504	-0.0305146475754	-0.0606661567701	0.0185346284929	-0.0378810113816	-0.0312391402336	-0.0217062265252	0.037518456197	0.0349482995689	0.0180630519932	-0.00460167170903	0.00761050768879	-0.00668338810451	0.00569185792537	-0.0369237503221	-0.059305882746	0.0151174217992	-0.0194120850925	-0.0246648028687	0.00294120128022	0.0116983747292	0.0447540775292	-0.0306966376932	0.0382627178306	-0.0127234864083	-0.0135556215988	-0.0654534512256	-0.0691372010672	0.0128116427989	-0.0246992353175	0.01225591715	-0.0137707207914
k__Bacteria;p__Bacteroidetes;c__Bacteroidia;o__Bacteroidales;f__Bacteroidaceae;g__Bacteroides;s__Bacteroides_stercoris	0.0108798738748	0.0267135071307	-0.033135274222	-0.010146802018	1.0	0.0471717156212	-0.0345882536159	0.0382955868484	-0.0487243423586	0.0257620287409	0.0108881773305	-0.051605807299	0.0245123206787	-0.0441361437668	-0.0175734064081	-0.0215739665801	0.0869859698921	-0.0463523962447	0.00833167923278	-0.0367771563917	-0.00754861228524	0.0220897728297	-0.0367228389973	-0.0374556562482	-0.0168225008156	-0.0641783654355	-0.000611657077796	0.0116506569732	0.0211767708193	0.0554280988801	-0.000269715386238	-0.023322903555	0.0346231030954	0.0216079693468	-0.00605002375331	0.022833889067	-0.0379767165449	0.0321838819186	0.0329111833231	-0.000558656936414	-0.0814263973994	0.0178924340859	-0.00355802755646	0.0689993132306	-0.0190068433896	0.00716970818379	-0.0634753674818	0.0382195012702	-0.0149482808443	-0.0290566748026	-0.0197075192104	-0.0129687839502	-0.0452343157716	-0.0191324029126	-0.0740962443475	-0.0149802356917	-0.0139293330958	-0.00192099722065	-0.0541192287542
k__Bacteria;p__Bacteroidetes;c__Bacteroidia;o__Bacteroidales;f__Bacteroidaceae;g__Bacteroides;s__Bacteroides_ovatus	-0.0380209864656	0.00792775301338	-0.00852935749742	0.0109943831968	0.0471717156212	1.0	-0.0774949805902	0.0151882955232	-0.029059942439	-0.0558616534648	0.0418137678493	0.0219128555842	0.0733146876122	-0.0611097243207	-0.0231446903848	0.000336302476681	0.00546660573858	0.00988032729345	0.00706529871211	-0.00936741480131	-0.0181912771117	-0.0620156536649	-0.0743107824833	-0.0316733617299	0.0022936484733	0.0640097187158	-0.011583825804	-0.0190104449093	0.0349782062664	-0.0261889185163	-0.0641732885003	-0.0139360661982	-0.0351737395292	-0.0397906984398	-0.0357633847784	-0.020007274124	-0.00564081321414	0.0317647609955	0.0288093602787	0.0245088377397	0.0457859347001	-0.0105414127923	-0.00029976819185	0.020695489961	0.064580533246	-0.0280021265584	0.018902379836	0.0513688872786	-0.0180076012543	-0.025013700033	-0.00168200913001	-0.0386674556226	0.03720340143	0.0128386421342	-0.0315494582203	0.0408086696911	0.0167010782055	-0.0194706531087	-0.00570623534992
k__Bacteria;p__Bacteroidetes;c__Bacteroidia;o__Bacteroidales;f__Rikenellaceae;g__Alistipes;s__Alistipes_shahii	-0.0317113311725	-0.0265881653561	0.0449319870643	0.0365994038654	-0.0345882536159	-0.0774949805902	1.0	-0.012151795565	0.00643490282853	-0.0339850363887	0.0203544403571	0.0511415006701	-0.11533905997	-0.027593086583	-0.0747625506392	0.0779732363375	-0.020639441366	0.00135900619401	-0.0476083259636	-0.00117012148995	-0.0171992830103	-0.0860453515967	0.0436534063269	0.0229274535071	-0.0479422815986	0.00311874660192	-0.0122561788854	0.0335824726908	0.00910334098351	0.0287914888927	0.00196223002023	-0.0235911857402	-0.0101294995668	0.0468161088612	0.00391949675221	-0.0235109263079	-0.0119172636205	-0.00653141222502	-0.00402047348691	-0.0662706344674	-0.007368967891	-0.0130787564818	-0.00864450550392	0.0112842055345	-0.0144286986525	0.0549016221178	-0.057221648588	-0.0695045615958	-0.00887317421686	0.0599129164865	-0.00604266704814	-0.0306467730986	-0.039779905915	0.0698697883995	-0.0428854962127	-0.00773711463898	-0.0334057335096	-0.0059934610618	-0.0116873780291
k__Bacteria;p__Firmicutes;c__Clostridia;o__Clostridiales;f__Ruminococcaceae;g__Faecalibacterium;s__Faecalibacterium_prausnitzii	-0.0312921110836	-0.0252724153601	0.048802022319	-0.0171163807705	0.0382955868484	0.0151882955232	-0.012151795565	1.0	0.0296575593839	-0.0891361700589	-0.0570585312938	-0.00729247099603	0.0280195966475	-0.0488594562978	0.0792021984244	0.0115265286784	-0.0194318604295	-0.0334527721334	-0.00670237315524	-0.028539240216	0.0419265370671	-0.0475603366997	-0.0736415372701	0.00730178039231	-0.0196650451225	-0.019934011277	-0.0246586757121	0.0319736149413	-0.011100586173	-0.0125403534711	-0.031379197194	-0.0180046181164	0.00673133011956	0.0410799230374	0.0237371492617	-0.0157392690282	-0.029018204602	0.00240979484947	0.0287749006994	0.0201113162169	-0.0252459087504	0.0113205620216	-0.0817217006814	-0.0206543921622	0.0105303500679	-0.0243450440657	-0.027651685976	-0.00749214500455	-0.060060247324	-0.00703360171199	0.0134702274963	0.0525107271743	0.0496783012484	-0.00662977808308	0.0601072473277	0.00704948270089	-0.04618200616	0.00124458703796	-0.0297226209912
k__Bacteria;p__Bacteroidetes;c__Bacteroidia;o__Bacteroidales;f__Rikenellaceae;g__Alistipes;s__Alistipes_finegoldii	0.0271975339406	-0.0481548818231	-0.0146555696413	0.000793890205821	-0.0487243423586	-0.029059942439	0.00643490282853	0.0296575593839	1.0	-0.0647063805435	0.0375062398	-0.0186556670034	-0.0420490224774	0.0112752638203	0.00819467101754	-0.0545497770447	-0.00378681716307	0.00853792126635	-0.00808239338126	0.0592166622238	-0.0146675043239	-0.0181475143413	-0.0209511114573	0.0261547083228	-0.0266910657319	-0.0625767563507	-0.0102279358318	-0.0811153742554	0.0435187212523	0.0580331856025	0.0420284018645	-0.00190309880523	0.0116760001641	0.00821160601643	-0.0263860480024	0.0289703154426	-0.00816369877408	0.0041228924593	-0.0369774272552	0.00720281486134	0.00696742356573	-0.0290107224171	-0.0175053225634	0.0130799418955	-0.0372275112074	-0.0245034281267	-0.0216969791226	0.0101384081361	-0.0102932365605	-0.0777860673917	-0.0563598249505	-0.00894782127417	-0.0268981396914	0.0190726493854	0.0092729415528	0.0146540676542	0.0252320524274	-0.0140552531896	0.0380774278406
k__Bacteria;p__Bacteroidetes;c__Bacteroidia;o__Bacteroidales;f__Porphyromonadaceae;g__Parabacteroides;s__Parabacteroides_distasonis	-0.04117329414	-0.0404942181608	0.0331498277805	-0.0356235040499	0.0257620287409	-0.0558616534648	-0.0339850363887	-0.0891361700589	-0.0647063805435	1.0	-0.00885799389632	-0.0477980596848	0.00676147976716	-0.0361464893026	0.0248173845009	-0.0653588089333	-0.0155792350403	-0.025905205141	0.0183042647601	0.00710351547323	0.0855512477921	-0.0504123770553	-0.0555405069677	-0.0201845411949	-0.0223722002847	-0.0447252810659	0.0232417359917	0.0518546870742	-0.0396647814464	-0.0560036414761	-0.00415702206178	0.00903152874567	0.00784068825187	-0.0323102580379	-0.0322875074978	0.0836946863453	-0.038454339853	-0.0171336419681	0.0189019873741	0.00865347882476	0.0215530425295	-0.0363062268078	-0.00599525936163	-0.0137858849444	-0.00139334915831	-0.0120219211845	0.0356314639783	0.0219384908273	0.0522689369217	-0.0478430422335	-0.0577447146971	-0.0215388867528	0.067987063146	-0.0194592122292	-0.0647120379394	-0.0229496650568	0.0457221732457	-0.000491393552819	-0.0123457458029
k__Bacteria;p__Bacteroidetes;c__Bacteroidia;o__Bacteroidales;f__Bacteroidaceae;g__Bacteroides;s__Bacteroides_thetaiotaomicron	0.0180671534047	-0.00861813816178	-0.0573370939373	0.0561680954519	0.0108881773305	0.0418137678493	0.0203544403571	-0.0570585312938	0.0375062398	-0.00885799389632	1.0	-0.0282987180567	-0.0460051465385	-0.0796883841854	0.0442274651973	-0.00610534218563	-0.0615488045492	-0.0187205928814	-0.0251229716958	0.00106279102228	-0.0287782091665	-0.00867554801523	0.0199470888208	-0.00294129113026	0.0439287708534	-0.0169168030227	-0.0549709002295	-0.0326795173045	-0.00173704578161	-0.0779317718131	0.0286041749442	0.0303856977878	0.0164714722018	0.030387518931	-0.0290337447625	-0.056559150582	0.0761312093786	0.067059899431	-0.0260631665207	-0.0341879237607	-0.095691998935	-0.0294143704268	-0.0512248446909	0.0365866226039	-0.0516648086144	0.0569232557932	0.00347284718931	-0.0512457576959	0.0130607142705	-0.0205557688605	-0.013798664806	-0.00467842033443	-0.024707650786	0.021096086665	0.0397226635767	-0.0121316070958	-0.0383275755145	-0.0156405754001	-0.030692539139
k__Bacteria;p__Bacteroidetes;c__Bacteroidia;o__Bacteroidales;f__Bacteroidaceae;g__Bacteroides;s__Bacteroides_coprocola	-0.0470331536054	0.0420864151208	-0.0435274674555	-0.0432018101646	-0.051605807299	0.0219128555842	0.0511415006701	-0.00729247099603	-0.0186556670034	-0.0477980596848	-0.0282987180567	1.0	0.0892820239503	0.0167695647468	0.00742821919413	-0.00891184361588	0.0472522362705	-0.0724208494579	-0.0117999283941	-0.0269380499355	0.0609342252549	0.0124957274145	-0.0407815867618	0.0237319209912	-0.016234916376	0.0209305959053	0.00793982227205	0.052823864981	0.00264442487254	-0.0289005595105	-0.0172877591183	0.0356109273122	0.00880498766277	0.0046190140555	-0.0169237121492	-0.050520441714	-0.0228542528009	-0.0195787923747	-0.0032759964927	-0.00748069314783	-0.0432084620501	-0.0422550020548	-0.0179275241719	-0.0473253226963	-0.00554089534054	0.0293966303061	-0.0182222504984	-0.079221440728	-0.0915286826202	-0.0243159254265	-0.0447043242093	-0.00182743976654	0.0376903024318	0.0213316626909	-0.0482362624107	-0.0749519789983	-0.0191681863353	0.0442644317469	0.00811179777634
k__Bacteria;p__Bacteroidetes;c__Bacteroidia;o__Bacteroidales;f__Bacteroidaceae;g__Bacteroides;s__Bacteroides_cellulosilyticus	-0.0538826945062	0.026337318954	0.0193721206187	0.00204227173609	0.0245123206787	0.0733146876122	-0.11533905997	0.0280195966475	-0.0420490224774	0.00676147976716	-0.0460051465385	0.0892820239503	1.0	0.0125478475383	-0.0350706051808	-0.0110638889902	-0.0662407284212	-0.0417219820966	-0.0439436431427	-0.00765450552356	-0.0100254710781	0.0106078585763	-0.00387212392369	-0.0590195414638	0.0498603038598	-0.02192718179	-0.013784884522	-0.0437894525123	0.0146414225298	-0.00846564204326	-0.0444907293022	0.00536089799504	0.00798674120445	0.0135279987029	-0.0257429973354	-0.0451241862553	-0.0128051671767	0.0153911716155	0.0622669484106	-0.0124717477145	-0.0167586046032	-0.0211301351513	0.00698867184762	-0.0051611940695	-0.010758219518	0.0189481065255	-0.0171242678782	0.0451791182021	-0.0646470642171	-0.00400879388459	0.0271657186139	-0.00652091223444	0.0151518951482	0.0589720106777	-0.0793179717922	-0.0265667740821	-0.0279778058442	-0.0246341882163	-0.0900519308489
k__Bacteria;p__Bacteroidetes;c__Bacteroidia;o__Bacteroidales;f__Rikenellaceae;g__Alistipes;s__Alistipes_obesi	-0.0439627661678	0.0509651211344	0.02021111411	0.0718532778917	-0.0441361437668	-0.0611097243207	-0.027593086583	-0.0488594562978	0.0112752638203	-0.0361464893026	-0.0796883841854	0.0167695647468	0.0125478475383	1.0	-0.0408831742977	0.000179923333893	0.0134307767465	-0.0436820105658	-0.0158944577962	0.0198269447358	0.0397648468426	0.0237759706408	-0.00607091481615	-0.0116577630976	0.0141492218027	0.0171059350627	-0.00799501944412	-0.0677927076475	-0.0404798653735	-0.00654981091516	0.0469258963541	-0.0407837173851	0.00204952139983	-0.0378064074303	-0.0391425772155	-0.0566495377022	-0.0258255525031	0.0132374949244	-0.0124597957796	0.0084868625887	0.002749633251	0.00804655756172	-0.04904339785	0.0268334487289	-0.0323190357327	-0.0121349966361	0.0202766176725	-0.0153714293632	-0.0331856591723	0.0636725909272	-0.0313711475784	0.0117952990827	0.00843732781613	-0.0430261849408	0.0128194600123	0.00049599118852	-0.0203406733611	-0.0446689958587	-0.0253472742744
k__Bacteria;p__Firmicutes;c__Clostridia;o__Clostridiales;f__Lachnospiraceae;g__;s__[Eubacterium]_rectale	-0.0388255972164	-0.00601984268691	-0.0229291332002	-0.0313824154266	-0.0175734064081	-0.0231446903848	-0.0747625506392	0.0792021984244	0.00819467101754	0.0248173845009	0.0442274651973	0.00742821919413	-0.0350706051808	-0.0408831742977	1.0	-0.0337338845403	0.00616817000478	0.0294197421499	-0.000209155306193	-0.0206706211506	0.0477410663722	-0.011240912854	-0.0143421511276	0.0103411059923	-0.0231896234153	-0.0382315143842	-0.034686843399	0.0182422055176	0.0776794733867	-0.0203894227846	-0.0385620427122	0.0347544781859	-0.0217682390224	-0.0159615743028	0.0404982652421	0.0162472417037	-0.0403994521697	-0.0236869001489	-0.0127072914972	-0.0342184925072	-0.0710821573825	-0.000903270336363	0.0328392128127	-0.0465327705818	0.0246015877076	0.0104379715724	-0.0522753367253	0.0158261570142	-0.0267690334305	-0.0294609937513	0.0367682786074	-0.0256218607708	-0.10335700021	-0.0244839105149	-0.00838869808786	-0.0128712072531	0.0247992105201	-0.014223948281	-0.0224813207581
k__Bacteria;p__Bacteroidetes;c__Bacteroidia;o__Bacteroidales;f__Bacteroidaceae;g__Bacteroides;s__Bacteroides_plebeius	-0.0158587478342	-0.0326717297712	-0.0434505831862	0.00473400914238	-0.0215739665801	0.000336302476681	0.0779732363375	0.0115265286784	-0.0545497770447	-0.0653588089333	-0.00610534218563	-0.00891184361588	-0.0110638889902	0.000179923333893	-0.0337338845403	1.0	-0.0118020326408	-0.0394371746351	-0.05965024355	0.0651726480243	0.0225276191015	-0.0536877142144	0.0371349923027	-0.00468049520225	0.000108304092406	-0.0108681954031	-0.023677272532	-0.0064613312035	0.0617389150796	-0.0126992196735	-0.000573375004928	0.0165746894619	0.0372768757234	0.0175958668768	-0.00446518388606	0.0415780281078	0.0138786553866	-0.0135779093208	-0.0331453585469	0.00485510445754	-0.000252927104907	-0.0742096600731	-0.0541222949409	-0.0326794031057	0.00296145581799	-0.0387068652804	-0.0569774126447	0.0153863345556	-0.0306739945925	-0.00280053697231	-0.0498730593541	0.0437310501052	0.0440556685991	0.0324564293025	0.00636540741648	-0.0402973247092	0.0219111513072	0.0247703243138	-0.0223281638629
k__Bacteria;p__Bacteroidetes;c__Bacteroidia;o__Bacteroidales;f__Bacteroidaceae;g__Bacteroides;s__Bacteroides_fragilis	-0.00528223639987	-0.0110033541894	0.0180985837626	0.0175945995775	0.0869859698921	0.00546660573858	-0.020639441366	-0.0194318604295	-0.00378681716307	-0.0155792350403	-0.0615488045492	0.0472522362705	-0.0662407284212	0.0134307767465	0.00616817000478	-0.0118020326408	1.0	-0.00792266451464	-0.00288832890252	-0.0316531388655	-0.00232041387365	0.0204936802816	0.0363584456902	0.00528193555886	0.021984502982	0.0216579659189	0.0171808183714	-0.0214195359399	-0.018938324853	-0.024732346585	0.00494429643688	0.00257760286119	-0.034958705101	-0.0368965544086	0.0305944353661	-0.0331838409142	-0.0556051570927	0.0188697381639	-0.022355762994	-0.0239628819043	0.0111656230203	-0.0292669111582	0.0335695099664	-0.0648375913832	0.0451879906595	-0.00838165677986	-0.0728079972914	-0.0152707706305	-0.0254448192311	0.00422254256377	-0.0757083829437	-0.0404664127532	-0.0175166313435	-0.0594198945868	-0.0234418634969	0.0328906999244	-0.033310009216	-0.0417905608799	0.0350178993215
k__Bacteria;p__Proteobacteria;c__Betaproteobacteria;o__Burkholderiales;f__Sutterellaceae;g__Sutterella;s__Sutterella_wadsworthensis	-0.0459773020026	-0.0111546783268	-0.0327869514579	0.034123774199	-0.0463523962447	0.00988032729345	0.00135900619401	-0.0334527721334	0.00853792126635	-0.025905205141	-0.0187205928814	-0.0724208494579	-0.0417219820966	-0.0436820105658	0.0294197421499	-0.0394371746351	-0.00792266451464	1.0	-0.0104461793924	0.0465313739622	-0.0157040940324	-0.0625563341601	0.00736096936155	0.00744319591154	0.00433036011845	0.0235621583931	-0.00796547759571	0.0181627682294	-0.0411571866184	-0.0201195054292	0.00451612711637	0.00629890346195	0.0391911298312	-0.0596418676564	0.0121070921784	-0.0553640163502	-0.0101256226735	0.0108191018831	0.0164627726473	-0.0078407681759	-0.0524670419234	0.0368675991226	-0.0075761218065	-0.00580657883331	-0.0480223499148	-0.057852129877	-0.0371976801285	0.0110672380853	-0.0227137453584	-0.0644820245828	0.0202002233481	-0.00920551265212	0.00373706057622	-0.0163412726626	-0.0604019142582	0.0161488527749	-0.056831473825	0.0380009792599	-0.0318110895361
k__Bacteria;p__Bacteroidetes;c__Bacteroidia;o__Bacteroidales;f__Porphyromonadaceae;g__Barnesiella;s__Barnesiella_intestinihominis	0.0507604251941	0.0540647707889	0.0367705135363	0.0651930946642	0.00833167923278	0.00706529871211	-0.0476083259636	-0.00670237315524	-0.00808239338126	0.0183042647601	-0.0251229716958	-0.0117999283941	-0.0439436431427	-0.0158944577962	-0.000209155306193	-0.05965024355	-0.00288832890252	-0.0104461793924	1.0	-0.0447233100941	-0.0368969332691	-0.048854116202	3.45231048345e-05	-0.0534024958482	-0.0507334753576	-0.0243820566439	-0.024291046826	-0.0152942232267	-0.0215430355326	-0.037863218137	-0.0699602682612	0.0355211284858	0.00822102295228	-0.0305571379455	-0.0413391018541	0.0426379024025	0.00643730849973	0.0205285003536	0.0143711078261	0.0465358049438	-0.0318795868812	-0.0533740923502	0.0198396431634	0.00662171932901	0.00896766169783	-0.0124947583683	-0.030045176965	0.0798708587022	-0.0298197251619	-0.00499820244455	-0.0112538922432	-0.0165849105332	-0.0271882646866	-0.0376145495036	0.0347751011084	0.0619103609862	0.018028055623	-0.0762887311535	0.0267009862016
k__Bacteria;p__Bacteroidetes;c__Bacteroidia;o__Bacteroidales;f__Odoribacteraceae;g__Odoribacter;s__Odoribacter_splanchnicus	0.00115010506358	-0.00809759805762	0.0024209352043	0.0452800274347	-0.0367771563917	-0.00936741480131	-0.00117012148995	-0.028539240216	0.0592166622238	0.00710351547323	0.00106279102228	-0.0269380499355	-0.00765450552356	0.0198269447358	-0.0206706211506	0.0651726480243	-0.0316531388655	0.0465313739622	-0.0447233100941	1.0	-0.0112420604341	-0.11165347776	-0.0020239475426	0.0648179254328	0.0120242064042	-0.00403171867461	-0.0225873970127	-0.0732761197478	-0.0290730507036	-0.00816973497661	0.00532178271578	-0.0630008470766	0.00229329321423	-0.00377090010711	0.0443704606278	-0.0236937951317	-0.0298422251905	-0.00269973819296	0.00641789801399	0.011699649168	-0.0222542955268	-0.0561619782945	0.00666761674022	0.00761856248313	-0.0477247767854	-0.0474503930449	-0.0413531532222	0.0287129318924	-0.0367048727704	-0.010420801193	0.0283703638909	-0.0156413648233	0.00971944974607	-0.0164193797278	-0.0638358028834	0.02145897663	-0.00291264869018	-0.0168107229869	0.0429320685162
k__Bacteria;p__Bacteroidetes;c__Bacteroidia;o__Bacteroidales;f__Bacteroidaceae;g__Bacteroides;s__Bacteroides_salyersiae	0.00990206265633	-0.0216074408688	-0.0167408892092	-0.0386445470321	-0.00754861228524	-0.0181912771117	-0.0171992830103	0.0419265370671	-0.0146675043239	0.0855512477921	-0.0287782091665	0.0609342252549	-0.0100254710781	0.0397648468426	0.0477410663722	0.0225276191015	-0.00232041387365	-0.0157040940324	-0.0368969332691	-0.0112420604341	1.0	0.0162270520693	-0.0795323126997	0.0411052971508	0.0390299469141	0.0392430880389	0.0281308850878	-0.039404280548	-0.0431072196173	-0.0361297012257	-0.0103883644427	0.0314217695577	0.0630799867121	-0.0328211718581	-0.022584894165	-0.0221893553992	-0.0076080996335	-0.0454033117512	-0.0242427420721	0.00989995162095	0.0243552319358	-0.0185262915957	0.00798111239419	-0.00182957630719	-0.0346720192639	-0.052732587254	0.00796382266492	-0.0945635667659	-0.0425742258023	-0.0372139936273	0.0614456349825	-0.0238253180887	-0.00600856945236	-0.0341491985729	0.0180816801149	-0.0269696236143	0.00720722686794	-0.00413168051248	-0.0235036738166
k__Bacteria;p__Firmicutes;c__Clostridia;o__Clostridiales;f__Ruminococcaceae;g__Ruminiclostridium;s__[Eubacterium]_siraeum	-0.0198369620938	-0.0183546739728	0.0543294450575	0.000567828283978	0.0220897728297	-0.0620156536649	-0.0860453515967	-0.0475603366997	-0.0181475143413	-0.0504123770553	-0.00867554801523	0.0124957274145	0.0106078585763	0.0237759706408	-0.011240912854	-0.0536877142144	0.0204936802816	-0.0625563341601	-0.048854116202	-0.11165347776	0.0162270520693	1.0	0.0583410670818	0.0488387124302	-0.0288421246057	0.0613172871835	-0.0362940964303	0.0134987786776	0.0101475696313	0.0222937722794	-0.0747589377798	-0.0441673726782	-0.00756881976901	-0.0486860450599	-0.0307109934608	-0.0378533032136	0.0815811092404	0.0188226479417	0.0181809819128	0.0216219640278	-0.0263913050048	-0.0651653009262	-0.0308822501452	0.0468573886108	0.012629320017	-0.011967523605	0.0337109165844	-0.00694982098031	0.0498120804987	-0.0139509371398	0.0168105251212	-0.0330336319053	0.0963293384349	0.0541366813754	-0.00130775113124	-0.0396993578473	-0.00162450732538	0.002158172698	-0.00603689958808
k__Bacteria;p__Proteobacteria;c__Betaproteobacteria;o__Burkholderiales;f__Sutterellaceae;g__Parasutterella;s__Parasutterella_excrementihominis	-0.0115833785301	-0.00913975539886	0.026444161669	0.00174208997609	-0.0367228389973	-0.0743107824833	0.0436534063269	-0.0736415372701	-0.0209511114573	-0.0555405069677	0.0199470888208	-0.0407815867618	-0.00387212392369	-0.00607091481615	-0.0143421511276	0.0371349923027	0.0363584456902	0.00736096936155	3.45231048343e-05	-0.0020239475426	-0.0795323126997	0.0583410670818	1.0	-0.0212763503694	-0.0626939632572	-0.0456791355375	-0.000162579970926	-0.105552685459	-0.0320353069795	0.0607239904736	0.00396485416675	0.00893674630662	-0.00015001489993	0.0251455386227	-0.0208510029963	-0.0684523267359	0.00666683507595	0.0177931879693	-0.0460810260478	0.0093143187553	-0.0603649258118	0.0224197052679	0.0303151142111	-0.0237301488026	0.0515360839698	-0.00736917357397	-0.0818773745706	-0.0303360003568	0.0391523868377	-0.00518951855264	-0.0134181382368	-0.00979655873091	-0.00867968911927	0.0405361613887	0.0598854015175	0.00770621897026	-0.0455024115693	-0.0411518555084	0.0407259568848
k__Bacteria;p__Actinobacteria;c__Actinobacteria;o__Bifidobacteriales;f__Bifidobacteriaceae;g__Bifidobacterium;s__Bifidobacterium_adolescentis	0.0175868166678	0.000211747723102	0.00670323751365	0.0815050326558	-0.0374556562482	-0.0316733617299	0.0229274535071	0.00730178039231	0.0261547083228	-0.0201845411949	-0.00294129113026	0.0237319209912	-0.0590195414638	-0.0116577630976	0.0103411059923	-0.00468049520225	0.00528193555886	0.00744319591154	-0.0534024958482	0.0648179254328	0.0411052971508	0.0488387124302	-0.0212763503694	1.0	-0.0256836019607	0.0294511952713	0.0473649731851	0.0284260856235	-0.02264735221	0.00821935641538	0.0109992496168	-0.0696841152571	-0.0267161111406	-0.0194821358552	0.059724104425	-0.0250062961783	-0.0234230758525	0.00924511242855	-0.0445530477958	-0.0490699454356	-0.0646652632222	0.00836854796014	0.00304887833927	0.0125587828383	-0.0572278695778	-0.0220821655767	0.00497759744285	-0.0468763527376	-0.00329776574406	-0.0732334833548	0.000392494075218	-0.0607737889795	0.0449116893479	-0.0443565702233	-0.01582146807	0.0339707585915	0.0217660358347	-0.0272803918986	0.0150013343599
k__Bacteria;p__Firmicutes;c__Clostridia;o__Clostridiales;f__Oscillospiraceae;g__Oscillibacter;s__Oscillibacter_sp._KLE_1745	0.0495383849048	0.0145473053751	-0.0516043914407	-0.018261994522	-0.0168225008156	0.0022936484733	-0.0479422815986	-0.0196650451225	-0.0266910657319	-0.0223722002847	0.0439287708534	-0.016234916376	0.0498603038598	0.0141492218027	-0.0231896234153	0.000108304092406	0.021984502982	0.00433036011845	-0.0507334753576	0.0120242064042	0.0390299469141	-0.0288421246057	-0.0626939632572	-0.0256836019607	1.0	0.0219967142402	0.00868842936679	-0.0656232353642	0.0550542975455	-0.0497202568466	-0.0221552709858	-0.0322285936831	0.0272428731051	-0.047459224685	0.0305950773912	0.0754268681411	0.0538105484367	-0.0344795504684	-0.0119054967841	0.0209285982981	0.0119122706368	0.058596398704	0.0516053587489	-0.0286517488161	0.035348393854	0.0052851954407	0.0180626805219	-0.0244863453576	0.0242891222735	-0.0539643536417	0.0123027486422	-0.0380598265406	0.00269465253365	0.0122870595371	0.0880004619504	-0.0604378622617	-0.000385586642222	0.0456848817689	-0.0451949540742
k__Bacteria;p__Bacteroidetes;c__Bacteroidia;o__Bacteroidales;f__Bacteroidaceae;g__Bacteroides;s__Bacteroides_coprophilus	0.00236048679333	0.0504560993269	-0.0481022549706	0.0163872759267	-0.0641783654355	0.0640097187158	0.00311874660192	-0.019934011277	-0.0625767563507	-0.0447252810659	-0.0169168030227	0.0209305959053	-0.02192718179	0.0171059350627	-0.0382315143842	-0.0108681954031	0.0216579659189	0.0235621583931	-0.0243820566439	-0.00403171867461	0.0392430880389	0.0613172871835	-0.0456791355375	0.0294511952713	0.0219967142402	1.0	-0.0385707340829	0.0295513160121	-0.0188939185413	-0.0589029437788	0.0178721554418	0.0395345223284	-0.00953066294111	-0.0427166181495	-0.0126717052214	-0.0682982005568	-0.000634462002687	-0.0405493232225	-0.0508642919158	0.00214476136402	0.00961312436519	-0.0263119785273	-0.0194837278677	0.0114250522638	-0.063438498571	0.00390038484629	0.0195496188946	-0.00545451314791	0.01296167042	0.00434020464159	0.0116375084819	-0.00255160338885	-0.0069854117037	-0.0182191742219	-0.049668575072	0.00965668807298	-0.0159076875194	-0.0489000353135	-0.0169286219322
k__Bacteria;p__Firmicutes;c__Clostridia;o__Clostridiales;f__Lachnospiraceae;g__Roseburia;s__Roseburia_intestinalis	-0.0168942600047	-0.00291043398334	-0.0347567285946	-0.0454174561034	-0.000611657077796	-0.011583825804	-0.0122561788854	-0.0246586757121	-0.0102279358318	0.0232417359917	-0.0549709002295	0.00793982227205	-0.013784884522	-0.00799501944412	-0.034686843399	-0.023677272532	0.0171808183714	-0.00796547759571	-0.024291046826	-0.0225873970127	0.0281308850878	-0.0362940964303	-0.000162579970926	0.0473649731851	0.00868842936679	-0.0385707340829	1.0	0.0284496750485	-0.0211412509721	0.0554849203869	-0.0324642815276	-0.0162746506864	-0.0124074409389	-0.0164881855479	0.0329103823737	0.05945169876	-0.0149159321141	0.0137235771137	-0.010262452405	-0.0381004193578	0.0456084590165	0.00564998176718	-0.000976489860456	-0.0302194520524	-0.0125669830535	0.00639536476366	-0.0232052913594	0.00728502246943	0.0281027286101	-0.0148908917943	0.016970402094	-0.0259597357101	0.0489220965682	-0.0143864308363	-0.0140941458536	0.0362448221061	-0.0777897805273	-0.0391269584798	0.00367901593878
k__Bacteria;p__Firmicutes;c__Clostridia;o__Clostridiales;f__Lachnospiraceae;g__Roseburia;s__Roseburia_hominis	0.0248790480113	0.0804929309954	0.00128854416531	-0.0378211522504	0.0116506569732	-0.0190104449093	0.0335824726908	0.0319736149413	-0.0811153742554	0.0518546870742	-0.0326795173045	0.052823864981	-0.0437894525123	-0.0677927076475	0.0182422055176	-0.0064613312035	-0.0214195359399	0.0181627682294	-0.0152942232267	-0.0732761197478	-0.039404280548	0.0134987786776	-0.105552685459	0.0284260856235	-0.0656232353642	0.0295513160121	0.0284496750485	1.0	-0.00420388197111	-0.00849642188286	0.0144326378621	0.014620893726	-0.0464454484792	-0.0204243341445	-0.0223944406645	-0.0299889680505	-0.0358666561531	0.0242468358818	-0.0330467219789	0.0227825692662	-0.00518200545647	0.0136023047648	-0.0159007567552	0.0241551845287	0.00717907662199	0.0358328468458	-0.0212519015218	-0.011564430981	0.0116318013666	-0.0212315545592	-0.0069269235663	0.0360331042336	-0.0234178929643	0.00548593580348	-0.0302173861137	-0.0132929936521	-0.0669986352798	-0.0441961597167	0.00108693740885
k__Bacteria;p__Bacteroidetes;c__Bacteroidia;o__Bacteroidales;f__Porphyromonadaceae;g__Parabacteroides;s__Parabacteroides_johnsonii	-0.0489780346407	-0.0176053345428	-0.00299325532713	-0.0305146475754	0.0211767708193	0.0349782062664	0.00910334098351	-0.011100586173	0.0435187212523	-0.0396647814464	-0.00173704578161	0.00264442487254	0.0146414225298	-0.0404798653735	0.0776794733867	0.0617389150796	-0.018938324853	-0.0411571866184	-0.0215430355326	-0.0290730507036	-0.0431072196173	0.0101475696313	-0.0320353069795	-0.02264735221	0.0550542975455	-0.0188939185413	-0.0211412509721	-0.00420388197111	1.0	-0.00625150726419	-0.0701206878879	-0.0122334365438	-0.0656794882206	-0.0355714977834	-0.0406947176507	-0.0322537155056	0.045525563571	0.0717318416085	-0.0482318223073	-0.0204613891281	-0.00469327568248	0.021047959053	-0.0344129525946	0.052964618723	0.00332806339554	0.045136424523	-0.0260003754846	0.056495130367	-0.000477657196745	0.00237291978693	-0.0200666417018	0.0561667868957	-0.012077367404	0.00146777424977	-0.0232718353206	-0.00664161131863	-0.0435289931167	0.0298482446246	-0.0287507820114
k__Bacteria;p__Actinobacteria;c__Actinobacteria;o__Bifidobacteriales;f__Bifidobacteriaceae;g__Bifidobacterium;s__Bifidobacterium_longum	0.060034623402	-0.0755601273371	-0.0467109048193	-0.0606661567701	0.0554280988801	-0.0261889185163	0.0287914888927	-0.0125403534711	0.0580331856025	-0.0560036414761	-0.0779317718131	-0.0289005595105	-0.00846564204326	-0.00654981091516	-0.0203894227846	-0.0126992196735	-0.024732346585	-0.0201195054292	-0.037863218137	-0.00816973497661	-0.0361297012257	0.0222937722794	0.0607239904736	0.00821935641538	-0.0497202568466	-0.0589029437788	0.0554849203869	-0.00849642188286	-0.00625150726419	1.0	0.00192238685424	0.00131238428584	0.00410127492067	-0.0293318173052	0.033999666842	0.0675235929521	-0.00444298052766	0.0539704627774	-0.032520204773	-0.00280979621883	0.0261145310607	0.00119713396952	-0.0214272140892	0.0112031404599	-0.0412229491663	0.0120945156068	0.00671978494783	-0.00110820204128	0.0242734200954	-0.00139429595779	0.0252266677517	-0.00109935503377	-0.0568344863545	0.0270803350142	0.0121461736078	0.00255107525169	-0.0244299732294	0.0441173249959	0.0445628831575
