#taxonomy	k__Bacteria;p__Bacteroidetes;c__Bacteroidia;o__Bacteroidales;f__Bacteroidaceae;g__Bacteroides;s__Bacteroides_vulgatus	k__Bacteria;p__Bacteroidetes;c__Bacteroidia;o__Bacteroidales;f__Bacteroidaceae;g__Bacteroides;s__Bacteroides_uniformis	k__Bacteria;p__Bacteroidetes;c__Bacteroidia;o__Bacteroidales;f__Rikenellaceae;g__Alistipes;s__Alistipes_putredinis	k__Bacteria;p__Bacteroidetes;c__Bacteroidia;o__Bacteroidales;f__Prevotellaceae;g__Prevotella;s__Prevotella_copri	k__Bacteria;p__Bacteroidetes;c__Bacteroidia;o__Bacteroidales;f__Bacteroidaceae;g__Bacteroides;s__Bacteroides_stercoris	k__Bacteria;p__Bacteroidetes;c__Bacteroidia;o__Bacteroidales;f__Bacteroidaceae;g__Bacteroides;s__Bacteroides_ovatus	k__Bacteria;p__Bacteroidetes;c__Bacteroidia;o__Bacteroidales;f__Rikenellaceae;g__Alistipes;s__Alistipes_shahii	k__Bacteria;p__Firmicutes;c__Clostridia;o__Clostridiales;f__Ruminococcaceae;g__Faecalibacterium;s__Faecalibacterium_prausnitzii	k__Bacteria;p__Bacteroidetes;c__Bacteroidia;o__Bacteroidales;f__Rikenellaceae;g__Alistipes;s__Alistipes_finegoldii	k__Bacteria;p__Bacteroidetes;c__Bacteroidia;o__Bacteroidales;f__Porphyromonadaceae;g__Parabacteroides;s__Parabacteroides_distasonis	k__Bacteria;p__Bacteroidetes;c__Bacteroidia;o__Bacteroidales;f__Bacteroidaceae;g__Bacteroides;s__Bacteroides_thetaiotaomicron	k__Bacteria;p__Bacteroidetes;c__Bacteroidia;o__Bacteroidales;f__Bacteroidaceae;g__Bacteroides;s__Bacteroides_coprocola	k__Bacteria;p__Bacteroidetes;c__Bacteroidia;o__Bacteroidales;f__Bacteroidaceae;g__Bacteroides;s__Bacteroides_cellulosilyticus	k__Bacteria;p__Bacteroidetes;c__Bacteroidia;o__Bacteroidales;f__Rikenellaceae;g__Alistipes;s__Alistipes_obesi	k__Bacteria;p__Firmicutes;c__Clostridia;o__Clostridiales;f__Lachnospiraceae;g__;s__[Eubacterium]_rectale	k__Bacteria;p__Bacteroidetes;c__Bacteroidia;o__Bacteroidales;f__Bacteroidaceae;g__Bacteroides;s__Bacteroides_plebeius	k__Bacteria;p__Bacteroidetes;c__Bacteroidia;o__Bacteroidales;f__Bacteroidaceae;g__Bacteroides;s__Bacteroides_fragilis	k__Bacteria;p__Proteobacteria;c__Betaproteobacteria;o__Burkholderiales;f__Sutterellaceae;g__Sutterella;s__Sutterella_wadsworthensis	k__Bacteria;p__Bacteroidetes;c__Bacteroidia;o__Bacteroidales;f__Porphyromonadaceae;g__Barnesiella;s__Barnesiella_intestinihominis	k__Bacteria;p__Bacteroidetes;c__Bacteroidia;o__Bacteroidales;f__Odoribacteraceae;g__Odoribacter;s__Odoribacter_splanchnicus	k__Bacteria;p__Bacteroidetes;c__Bacteroidia;o__Bacteroidales;f__Bacteroidaceae;g__Bacteroides;s__Bacteroides_salyersiae	k__Bacteria;p__Firmicutes;c__Clostridia;o__Clostridiales;f__Ruminococcaceae;g__Ruminiclostridium;s__[Eubacterium]_siraeum	k__Bacteria;p__Proteobacteria;c__Betaproteobacteria;o__Burkholderiales;f__Sutterellaceae;g__Parasutterella;s__Parasutterella_excrementihominis	k__Bacteria;p__Actinobacteria;c__Actinobacteria;o__Bifidobacteriales;f__Bifidobacteriaceae;g__Bifidobacterium;s__Bifidobacterium_adolescentis	k__Bacteria;p__Firmicutes;c__Clostridia;o__Clostridiales;f__Oscillospiraceae;g__Oscillibacter;s__Oscillibacter_sp._KLE_1745	k__Bacteria;p__Bacteroidetes;c__Bacteroidia;o__Bacteroidales;f__Bacteroidaceae;g__Bacteroides;s__Bacteroides_coprophilus	k__Bacteria;p__Firmicutes;c__Clostridia;o__Clostridiales;f__Lachnospiraceae;g__Roseburia;s__Roseburia_intestinalis	k__Bacteria;p__Firmicutes;c__Clostridia;o__Clostridiales;f__Lachnospiraceae;g__Roseburia;s__Roseburia_hominis	k__Bacteria;p__Bacteroidetes;c__Bacteroidia;o__Bacteroidales;f__Porphyromonadaceae;g__Parabacteroides;s__Parabacteroides_johnsonii	k__Bacteria;p__Actinobacteria;c__Actinobacteria;o__Bifidobacteriales;f__Bifidobacteriaceae;g__Bifidobacterium;s__Bifidobacterium_longum	k__Bacteria;p__Firmicutes;c__Clostridia;o__Clostridiales;f__;g__Flavonifractor;s__Flavonifractor_plautii	k__Bacteria;p__Firmicutes;c__Clostridia;o__Clostridiales;f__Clostridiaceae;g__Clostridium;s__Clostridium_phoceensis	k__Bacteria;p__Verrucomicrobia;c__Verrucomicrobiae;o__Verrucomicrobiales;f__Akkermansiaceae;g__Akkermansia;s__Akkermansia_muciniphila	k__Bacteria;p__Bacteroidetes;c__Bacteroidia;o__Bacteroidales;f__Prevotellaceae;g__Paraprevotella;s__Paraprevotella_xylaniphila	k__Bacteria;p__Firmicutes;c__Clostridia;o__Clostridiales;f__Ruminococcaceae;g__Ruminococcus;s__Ruminococcus_callidus	k__Bacteria;p__Bacteroidetes;c__Bacteroidia;o__Bacteroidales;f__Rikenellaceae;g__Alistipes;s__Alistipes_senegalensis	k__Bacteria;p__Firmicutes;c__Clostridia;o__Clostridiales;f__Lachnospiraceae;g__Blautia;s__Blautia_sp._KLE_1732	k__Bacteria;p__Bacteroidetes;c__Bacteroidia;o__Bacteroidales;f__Bacteroidaceae;g__Bacteroides;s__Bacteroides_oleiciplenus	k__Bacteria;p__Firmicutes;c__Clostridia;o__Clostridiales;f__Ruminococcaceae;g__Ruminococcus;s__Ruminococcus_bicirculans	k__Bacteria;p__Bacteroidetes;c__Bacteroidia;o__Bacteroidales;f__Bacteroidaceae;g__Bacteroides;s__Bacteroides_fluxus	k__Bacteria;p__Bacteroidetes;c__Bacteroidia;o__Bacteroidales;f__Prevotellaceae;g__Prevotella;s__Prevotella_stercorea	k__Bacteria;p__Firmicutes;c__Clostridia;o__Clostridiales;f__Lachnospiraceae;g__Dorea;s__Dorea_longicatena	k__Bacteria;p__Firmicutes;c__Clostridia;o__Clostridiales;f__Eubacteriaceae;g__Eubacterium;s__[Eubacterium]_eligens	k__Bacteria;p__Firmicutes;c__Clostridia;o__Clostridiales;f__Ruminococcaceae;g__;s__Ruminococcaceae_bacterium_D16	k__Bacteria;p__Firmicutes;c__Clostridia;o__Clostridiales;f__Lachnospiraceae;g__Coprococcus;s__Coprococcus_comes	k__Bacteria;p__Proteobacteria;c__Gammaproteobacteria;o__Enterobacterales;f__Enterobacteriaceae;g__Escherichia;s__Escherichia_coli	k__Bacteria;p__Firmicutes;c__Clostridia;o__Clostridiales;f__Ruminococcaceae;g__Anaerotruncus;s__Anaerotruncus_colihominis	k__Bacteria;p__Firmicutes;c__Clostridia;o__Clostridiales;f__Lachnospiraceae;g__Blautia;s__Blautia_obeum	k__Bacteria;p__Bacteroidetes;c__Bacteroidia;o__Bacteroidales;f__Odoribacteraceae;g__Odoribacter;s__Odoribacter_laneus	k__Bacteria;p__Firmicutes;c__Clostridia;o__Clostridiales;f__Ruminococcaceae;g__Ruminiclostridium;s__[Clostridium]_leptum	k__Bacteria;p__Bacteroidetes;c__Bacteroidia;o__Bacteroidales;f__Porphyromonadaceae;g__Parabacteroides;s__Parabacteroides_goldsteinii	k__Bacteria;p__Firmicutes;c__Clostridia;o__Clostridiales;f__Lachnospiraceae;g__Anaerostipes;s__Anaerostipes_hadrus	k__Bacteria;p__Firmicutes;c__Clostridia;o__Clostridiales;f__Ruminococcaceae;g__Ruminococcus;s__Ruminococcus_lactaris	k__Bacteria;p__Firmicutes;c__Clostridia;o__Clostridiales;f__Clostridiaceae;g__Clostridium;s__Clostridium_sp._L2-50	k__Bacteria;p__Firmicutes;c__Clostridia;o__Clostridiales;f__Clostridiaceae;g__Clostridium;s__Clostridium_sp._M62/1	k__Bacteria;p__Firmicutes;c__Clostridia;o__Clostridiales;f__;g__Intestinimonas;s__Intestinimonas_butyriciproducens	k__Bacteria;p__Actinobacteria;c__Actinobacteria;o__Bifidobacteriales;f__Bifidobacteriaceae;g__Bifidobacterium;s__Bifidobacterium_bifidum	k__Bacteria;p__Firmicutes;c__Negativicutes;o__Veillonellales;f__Veillonellaceae;g__Dialister;s__Dialister_invisus	k__Bacteria;p__Bacteroidetes;c__Bacteroidia;o__Bacteroidales;f__Bacteroidaceae;g__Bacteroides;s__Bacteroides_salanitronis
k__Bacteria;p__Bacteroidetes;c__Bacteroidia;o__Bacteroidales;f__Bacteroidaceae;g__Bacteroides;s__Bacteroides_vulgatus	1.0	-0.00719298719253	0.00571748403598	-0.0469633799561	0.0199499006925	-0.0109842786772	-0.00852947759214	-0.0230973213911	0.0246836504326	-0.0595011281613	0.0726437674362	0.0288048622073	-0.00715164222703	-0.00629094929664	-0.0434206159068	-0.0151528350039	0.0514355451564	-0.00711909748452	0.00378455752977	-0.0176994181211	0.012129770409	0.0286341030717	-0.0023862210792	0.0062133501056	-0.0252309787715	0.0359908593644	-0.0197765251908	-0.076510603182	-0.0510528830462	-0.0281776569843	-0.00453622927692	0.0205958092455	-0.0384886949657	0.00325224916972	0.0194594758323	-0.0139211054598	-0.0825328497701	-0.0471503566142	-0.0253791326113	-0.00554934832922	-0.00209854777351	0.0347779231625	0.00644645562821	-0.00565423474994	-0.00137909678064	-0.0425112039191	0.0770203620002	-0.00278615365278	0.00406917446188	0.0571741185614	-0.00444487268285	0.0365054355514	0.00433208181533	-0.014817834755	-0.0145817808503	0.0389349011038	-0.0212823861537	0.0315658255716	0.0273207590661
k__Bacteria;p__Bacteroidetes;c__Bacteroidia;o__Bacteroidales;f__Bacteroidaceae;g__Bacteroides;s__Bacteroides_uniformis	-0.00719298719253	1.0	0.0310358506226	-0.0506730496265	-0.0522768340075	0.0217332772707	-0.0616815112872	-0.0194108971451	0.0267658548933	-0.018026023809	-0.0752694448718	-0.00992756356047	0.00562405654093	-0.0186560824092	0.00209737489668	-0.0142609327795	0.00346301440212	-0.0172675172562	-0.0658846238218	-0.0272861136427	0.00897471444694	0.0383906318128	-0.0813857507868	0.0292905898619	-0.0212681102709	-0.0600710669071	0.000658312224522	-0.0538749331886	-0.0732977620259	-0.0177241534486	-0.0188064117504	0.0239047423814	0.0128608910988	0.0627576746034	0.0176664344509	-0.011711450465	-0.0327819241147	0.0384198160901	0.00108570231098	-0.0502805546649	-0.0192348387167	-0.0540425484703	0.0402379475067	-0.0803095457681	-0.0431713575724	-0.0326070879292	-0.0297997968641	-0.00682355127663	0.0234298314967	-0.00192655165136	-0.0289507820317	-0.013414011437	-0.0378253991461	0.0597009336699	0.0250883398106	0.00803058755325	0.0165611682181	-0.0314031618	0.00636090554173
k__Bacteria;p__Bacteroidetes;c__Bacteroidia;o__Bacteroidales;f__Rikenellaceae;g__Alistipes;s__Alistipes_putredinis	0.00571748403598	0.0310358506226	1.0	0.0331587819081	0.0082053997616	-0.0120120462388	0.00483579924734	-0.0115243425353	-0.0511310133587	0.0403669624222	0.0153316451124	0.0130716887688	-0.0123404983802	-0.0256016746062	0.0451924806404	-0.0238063598088	0.0167732781121	0.0352475440512	-0.0350246095253	0.0221445062819	0.0417580117322	-0.0235432302154	-0.0621317486725	-0.0425795321991	-0.0150754205389	-0.0456113632187	-0.0423842975956	-0.0523028035928	-0.0225746132379	0.0353061149648	0.020108192492	-0.0547749297008	0.0317174372067	-0.0737179306474	0.0535846090706	0.00990318068791	-0.0194169869058	0.00990747624334	-0.0464970261917	-0.0294267775354	-0.0118048946829	-0.0416009142665	-0.00597257594757	0.00680219426458	0.0250535712714	-0.00995321305882	0.0233535612955	0.0535702440707	0.00973333635596	-0.0382518767072	-0.0334809853143	0.0395286669946	-0.00662043913394	-0.0242877552476	0.0196357128519	0.0282946851667	-0.0141966143299	-0.014226076932	0.0122445585613
k__Bacteria;p__Bacteroidetes;c__Bacteroidia;o__Bacteroidales;f__Prevotellaceae;g__Prevotella;s__Prevotella_copri	-0.0469633799561	-0.0506730496265	0.0331587819081	1.0	-0.0329482317764	0.0298191342273	0.0388877799912	-0.0212899765477	-0.018953014968	0.0087882802367	0.00728065571795	-0.0159562872192	-0.0591186946577	-0.000906630076209	0.0394719148364	-0.0452622120862	-0.00512895035634	0.0038608993511	-0.0399643639795	-0.035248022515	0.0196829557844	0.0108286522732	-0.011257354427	-0.0311042858433	0.0300887263903	-0.0315051194587	-0.0586334815414	-0.0488543657543	-0.0470014475372	-0.00809250718339	-0.0219773312541	0.0465820361074	0.0138618332221	-0.0490184413241	0.0341715519009	-0.0428056538556	-0.0444370497904	0.0018708769769	-0.0303506109954	0.0070040296506	-0.00986801225339	0.065829812715	0.0181704787742	-0.0451556341245	0.00515605354063	0.00963156006056	-0.0131251389439	-0.0370539959841	0.00573178472165	-0.030224286543	0.0333800099298	-0.0243993417682	-0.0438010124078	-0.0102385375855	0.0187173823679	-0.0305359204197	-0.00893597219794	0.0148140568824	0.0176745476516
k__Bacteria;p__Bacteroidetes;c__Bacteroidia;o__Bacteroidales;f__Bacteroidaceae;g__Bacteroides;s__Bacteroides_stercoris	0.0199499006925	-0.0522768340075	0.0082053997616	-0.0329482317764	1.0	-0.0108737124802	-0.0393902612091	0.0700436057684	-0.0160286429829	-0.00391153144932	0.082862740605	-0.0770474053725	-0.0217174873205	-0.0579628614141	-0.0345898339594	0.0243792336743	0.0181560934036	-0.0226227866556	-0.0494471198232	0.0410428575957	-0.0208357985425	0.0167193769109	0.0165459286206	-0.0114522351857	-0.0248498632648	0.0718079385645	0.0041381553975	0.0180116602214	-0.0624777046547	0.0383496706803	-0.0494813415837	-0.0160431756303	-0.0925376764751	-0.0235565070701	0.00835174976064	-0.0672708498191	0.0579771829696	-0.0135516336541	-0.0145537783914	0.0259840039751	-0.0110772640414	-0.00772337921324	-0.0368338717139	0.0175315983539	0.0136680534105	0.0802436789768	0.0491256126293	0.00928514891317	-0.0153361283872	0.0707795900179	0.0053769830352	-0.0473899699347	0.00261276163298	0.0285011959943	0.00832843384279	-0.0512494857512	-0.0422449798115	0.00763640591999	-0.0323221098949
k__Bacteria;p__Bacteroidetes;c__Bacteroidia;o__Bacteroidales;f__Bacteroidaceae;g__Bacteroides;s__Bacteroides_ovatus	-0.0109842786772	0.0217332772707	-0.0120120462388	0.0298191342273	-0.0108737124802	1.0	0.063178562926	0.0415141818893	-0.0211312587156	0.0466464762799	0.0419027638856	-0.0185605793728	-0.113241144128	0.072120057487	-0.00635319216671	-0.0126879214482	-0.0411891509341	-0.0576493000366	-0.0361375625049	-0.0586172645536	0.0266026967977	0.0199702792182	-0.0749309126298	0.0304642134281	0.00670189407197	-0.061870549127	-0.0474892588679	-0.0925784266894	0.00641635538503	-0.0252122242287	0.0296106049328	-0.0151754105065	0.0108444021464	-0.0101223348949	0.0365723050865	-0.0132668268061	-0.0171241478143	-0.0693961527888	-0.0374064419687	-0.0743412621014	-0.0205947807625	0.00966476691985	-0.0163016476425	-0.0175915238199	0.0347773134111	-0.00674968306435	-0.00442998077769	0.0123849532983	0.00129647212605	-0.0728611475795	-0.0614412838562	-0.0132859924327	0.00525635418801	0.0239095149607	0.0175880847439	0.0177315075449	0.0100886712526	-0.047130020231	-0.00933077790839
k__Bacteria;p__Bacteroidetes;c__Bacteroidia;o__Bacteroidales;f__Rikenellaceae;g__Alistipes;s__Alistipes_shahii	-0.00852947759214	-0.0616815112872	0.00483579924734	0.0388877799912	-0.0393902612091	0.063178562926	1.0	0.00622870524275	-0.0176646762953	0.0190921991559	-0.0657314918355	-0.00842749843955	0.00881752672126	-0.038535136593	0.0396855097958	0.0123326319454	-0.0605908353625	0.0402514499603	-0.00246971134645	-0.00849685750101	-0.0645503581102	-0.0278368336596	-0.029408223467	-0.0380015368763	0.0137520678495	0.0193928057105	-0.0199974766494	0.0263478503261	0.00176737417613	0.00919854863923	0.0253260168845	-0.0412936507025	-0.0115162234544	0.044125025372	-0.0159336689689	0.000323067113468	0.0589168383973	0.0111607387684	0.020435075534	0.00864837200382	-0.0124932830018	-0.0134427091751	-0.0315282739108	0.0342554491997	0.0144709145361	-0.0125062267629	-0.0259436289242	0.0415712784041	0.0308294715931	-0.0572932149306	0.0654637061399	-0.00770862650632	-0.00494017192859	0.0211439864308	-0.00288677929357	-0.0146622032571	0.0301282078935	-0.0703291084037	-0.0084370621357
k__Bacteria;p__Firmicutes;c__Clostridia;o__Clostridiales;f__Ruminococcaceae;g__Faecalibacterium;s__Faecalibacterium_prausnitzii	-0.0230973213911	-0.0194108971451	-0.0115243425353	-0.0212899765477	0.0700436057684	0.0415141818893	0.00622870524275	1.0	0.0869206125105	0.000345164904258	0.0387357003782	-0.0265819934633	0.000907544000164	-0.0424954161697	-0.0133899246334	0.00821067740744	-0.038474905393	-0.0497950906463	-0.0686181321833	0.0153868395186	0.017129087874	-0.000807498877735	-0.00076076103433	-0.000626471859995	0.0324929836534	-0.037091245712	0.0541449936287	0.0297528425876	-0.0325140807727	0.0272523716813	0.0620661626293	0.0171710804277	-0.0102072528375	-0.000293573706044	-0.0214295641514	0.0386336253192	0.0234545945226	0.00125691036075	-0.063947695872	0.0455546769505	-0.00759628469571	0.0277546819463	-0.0276633682705	-0.00120615981558	-0.0277854614424	-0.0832156031702	0.0292879630664	-0.0519206199733	-0.0466267343089	0.00302026052555	-0.0471323733368	-0.0413701490785	0.00600214991587	-0.0203908278135	-0.047778946485	0.0152214672222	-0.0441796073542	0.0162040269374	0.0256411971976
k__Bacteria;p__Bacteroidetes;c__Bacteroidia;o__Bacteroidales;f__Rikenellaceae;g__Alistipes;s__Alistipes_finegoldii	0.0246836504326	0.0267658548933	-0.0511310133587	-0.018953014968	-0.0160286429829	-0.0211312587156	-0.0176646762953	0.0869206125105	1.0	-0.0656046097934	0.0592556133918	-0.0224052941035	-0.0399978054793	-0.033273086118	0.00618350691616	0.0440015379868	-0.0781129068808	0.0361501929145	-0.0144768150824	0.0145649476519	0.0173714130233	0.00597563090677	-0.0616511459175	0.0167290985769	-0.0378740436928	-0.0740084914201	-0.0241089043808	0.0175427356444	-0.0145981971552	-0.0374047800852	-0.0142590325737	-0.0184155347991	-0.00139002508717	0.0479622274181	0.0080101194343	-0.0151911645582	0.0186176744901	-0.0221854645391	-0.04826537488	0.0314423026252	-0.0458432913288	-0.000435718558821	-0.000111245146839	-0.0143119954509	-0.029028547134	-0.0215500230778	-0.0492147983152	0.011269424611	0.0187147043656	-0.006252717589	0.0148052969275	0.0355452070331	-0.0451130616957	-0.0227236372147	-0.0236116959451	-0.0912281460599	-0.00142943565109	-0.0401983458243	-0.0414370830691
k__Bacteria;p__Bacteroidetes;c__Bacteroidia;o__Bacteroidales;f__Porphyromonadaceae;g__Parabacteroides;s__Parabacteroides_distasonis	-0.0595011281613	-0.018026023809	0.0403669624222	0.0087882802367	-0.00391153144932	0.0466464762799	0.0190921991559	0.000345164904258	-0.0656046097934	1.0	0.00881853690837	0.0681018955394	-0.000247598584201	-0.00838734527957	-0.00920060823913	-0.0215084729353	0.0161428466539	0.0696392061786	-0.0252713088058	-0.0235104676616	-0.0571607715472	-0.0289208060814	-0.0847052667716	0.02045578452	0.00508717378929	-0.0762651021265	-0.00939613196597	-0.02645970971	-0.0407621618886	-0.0415008200721	0.0457539053626	-0.0104914508934	0.00330258604023	-0.046206340015	-0.0196137996243	0.023876188767	-0.000600546702996	-0.00787157480976	-0.023289345052	-0.0172914060361	-0.00362597537258	0.00528733595998	0.0431254652976	-0.045417827734	-0.00440162587644	0.0198345041783	-0.0459800794809	0.00194210131108	-0.0218296935161	0.00877033320688	-0.00143507337523	0.0289067979363	-0.0072741427178	-0.0169508953683	-0.00784435205935	0.00954358448448	-0.0585900411423	-0.0481721737459	-0.014322720885
k__Bacteria;p__Bacteroidetes;c__Bacteroidia;o__Bacteroidales;f__Bacteroidaceae;g__Bacteroides;s__Bacteroides_thetaiotaomicron	0.0726437674362	-0.0752694448718	0.0153316451124	0.00728065571795	0.082862740605	0.0419027638856	-0.0657314918355	0.0387357003782	0.0592556133918	0.00881853690837	1.0	0.00471661477321	0.0263816613242	-0.0353022668538	-0.0449876475274	0.0144213339479	-0.00721050858732	-0.0079497992762	0.0279330391328	0.027350806598	-0.0386090216042	-0.0289695713951	0.0681405809113	-0.00181268231852	-0.0077036705134	-0.0365863599283	-0.039136606323	0.00387219327963	-0.0364348243479	-0.070606312905	-0.0633300193556	-0.0225674313239	-0.0149382987925	-0.0337208189085	0.00168473916978	-0.0137378327081	-0.0274559669096	0.00518155776763	-0.0374702984802	-0.0117066283388	-0.00052229629641	-0.0171012363361	0.0130001313211	-0.021682484988	0.0155087101605	-0.0293827914209	-0.0472694791296	-0.00527249271032	-0.020510253081	0.0138307325738	-0.0503936660902	0.0589124267052	0.0130079844995	0.0408925427138	-0.0540049082503	-0.0337065222635	0.0273976389242	-0.0273479187814	-0.0513584262082
k__Bacteria;p__Bacteroidetes;c__Bacteroidia;o__Bacteroidales;f__Bacteroidaceae;g__Bacteroides;s__Bacteroides_coprocola	0.0288048622073	-0.00992756356047	0.0130716887688	-0.0159562872192	-0.0770474053725	-0.0185605793728	-0.00842749843955	-0.0265819934633	-0.0224052941035	0.0681018955394	0.00471661477321	1.0	-0.0141719623846	-0.035433165186	-0.0132041625241	-0.0450174114565	-0.0242167096525	0.0413594156197	-0.0934805623223	0.0207599198692	-0.0422938955708	0.0198699083149	-0.00754674075283	0.0310887838447	-0.0297897865522	0.0310470554292	0.0111240255065	-0.0385645380054	0.0136520578794	-0.01905563337	0.0087302698656	-0.0191244677192	-0.0383639243098	0.00690039076872	-0.0743614118839	-0.0238345036461	0.0405353440484	-0.0522135926207	0.0183818611434	0.0482152342329	-0.0190763258547	0.00433365117185	0.0322855450409	-0.0085763330314	-0.0195032543217	-0.0506777495477	-0.0157313548416	-0.0331823765288	-0.0012204376445	0.0308254812144	-0.0313966316319	-0.0291609351319	-0.0159648549492	0.0183300422111	0.0371690802961	0.0509634093727	-0.0248419672425	-0.020152134711	0.0468260055894
k__Bacteria;p__Bacteroidetes;c__Bacteroidia;o__Bacteroidales;f__Bacteroidaceae;g__Bacteroides;s__Bacteroides_cellulosilyticus	-0.00715164222703	0.00562405654093	-0.0123404983802	-0.0591186946577	-0.0217174873205	-0.113241144128	0.00881752672126	0.000907544000164	-0.0399978054793	-0.000247598584202	0.0263816613242	-0.0141719623846	1.0	-0.010433463062	0.00517794973075	0.0384078959555	-0.0340205658133	0.00654626192756	-0.00193724561749	-0.0248459189158	-0.010373885386	-0.0564924721288	0.0105363256187	0.0216322987541	-0.0306104373339	0.0520174260186	0.0203373456615	0.0221421919831	0.00863000856406	-0.0223243063284	0.00272580498423	-0.0192300675461	0.00131170022383	0.000884448974497	-0.0536661548129	0.00430922389598	0.0527025495186	-0.00184369815797	0.0379815193871	-0.0279031426747	0.016333301309	-0.0272227488233	0.0110513399108	-0.059555938008	-0.0236066565589	-0.0295441147359	-0.0350934071418	0.0189063752582	0.0386098219413	-0.0499881391166	-0.0209965827698	0.0646924361032	-0.0101128400181	-0.104022099214	0.0126454916221	0.0477567796322	-0.000400316047748	-0.0152948582199	0.0306638355689
k__Bacteria;p__Bacteroidetes;c__Bacteroidia;o__Bacteroidales;f__Rikenellaceae;g__Alistipes;s__Alistipes_obesi	-0.00629094929664	-0.0186560824092	-0.0256016746062	-0.000906630076209	-0.0579628614141	0.072120057487	-0.038535136593	-0.0424954161697	-0.033273086118	-0.00838734527957	-0.0353022668538	-0.035433165186	-0.010433463062	1.0	-0.0445725160912	-0.00130396902151	0.011735744082	-0.020369483833	-0.0500058440724	-0.00919295577584	0.014225355391	-0.000224209000605	-0.0357254984692	-0.0280733778571	-0.0127049702425	-0.0536079112413	0.0686892615156	-0.0194385427011	-0.0275228237541	-0.0144563859619	0.0174333809208	0.0277758524675	-0.00440278582178	0.0611198378624	-0.000187142416469	0.00866853561573	-0.0123987364527	-0.0182398423574	-0.0384640553416	-0.00377558725627	-0.0378507026127	-0.0658490930367	-0.0482535190228	0.0264404767354	-0.0304721002294	-0.0153213711484	-0.012648196177	0.0155205491736	-0.00454606802163	-0.0136156389712	0.00221137387202	0.0380094132349	0.0122206519875	-0.0300531840442	0.00696118308849	0.0523680875869	0.071695779386	0.000314489527434	-0.0279839266447
k__Bacteria;p__Firmicutes;c__Clostridia;o__Clostridiales;f__Lachnospiraceae;g__;s__[Eubacterium]_rectale	-0.0434206159068	0.00209737489668	0.0451924806404	0.0394719148364	-0.0345898339594	-0.00635319216671	0.0396855097958	-0.0133899246334	0.00618350691616	-0.00920060823913	-0.0449876475274	-0.0132041625241	0.00517794973076	-0.0445725160912	1.0	0.0105927045323	0.0420969980907	-0.0257930190943	-0.0208780885831	-0.0410402348527	-0.0517302255909	-0.0454204820651	-0.0165060464211	-0.0597972304054	-0.0386590900941	0.0386601638249	0.0169726422655	-0.0733646107291	0.0189441004772	0.0627381419286	-0.0451941595399	-0.0212688548565	0.0709762479257	0.021825688088	0.0159567955501	-0.00873751839502	0.017570629705	0.000384083908989	-0.0959791566025	-0.0432578320896	0.025673800395	0.0235824829687	-0.0413223227367	-0.0202299768085	-0.0787624342769	0.00526035026589	0.0168503841703	-0.013850066756	0.00386054590232	-0.0941951970089	0.0185148147445	-0.0156246494811	0.00816945803853	0.0942316937635	-0.00622070177938	-0.0255720533212	-0.0285446551715	-0.0131552123364	-0.0119110009294
k__Bacteria;p__Bacteroidetes;c__Bacteroidia;o__Bacteroidales;f__Bacteroidaceae;g__Bacteroides;s__Bacteroides_plebeius	-0.0151528350039	-0.0142609327795	-0.0238063598088	-0.0452622120862	0.0243792336743	-0.0126879214482	0.0123326319454	0.00821067740744	0.0440015379868	-0.0215084729353	0.0144213339479	-0.0450174114565	0.0384078959555	-0.00130396902151	0.0105927045323	1.0	-0.00990934934989	-0.032335407675	0.0246763818249	-0.0238393059225	-0.0695559772212	0.00046267045969	-0.0223907221903	0.0119779825974	-0.0267577406256	0.00621215479207	0.053256806564	0.0686853520884	-0.0117299514486	0.0195943015517	0.0420584345372	-0.111767129362	-0.0275675393332	-0.0309659896639	-0.00907402523722	0.0328051672338	0.0626319341802	-0.0150124979785	-0.0526397983027	0.00938324051395	0.00145933162784	-0.039402025747	0.0128071475427	0.0353771721393	-0.0334701894793	0.027156982616	-0.0129458616088	-0.00804218374254	-0.0659789651303	0.0483422045338	-0.0215119880477	0.0356531131382	-0.0212305603769	-0.0671843429879	-0.0554768999387	-0.0474648920537	-0.0391079416457	0.0264615284376	-0.0635111155191
k__Bacteria;p__Bacteroidetes;c__Bacteroidia;o__Bacteroidales;f__Bacteroidaceae;g__Bacteroides;s__Bacteroides_fragilis	0.0514355451564	0.00346301440212	0.0167732781121	-0.00512895035634	0.0181560934036	-0.0411891509341	-0.0605908353625	-0.038474905393	-0.0781129068808	0.0161428466539	-0.00721050858732	-0.0242167096525	-0.0340205658133	0.011735744082	0.0420969980907	-0.00990934934989	1.0	-0.0287951592274	-0.0471369850514	-0.0423540952364	-0.0363265301211	0.0119350064498	-0.047638847382	0.00628966846654	0.0178616851713	-0.0395861103452	0.00215617275849	0.0020148483245	0.0148817664419	-0.0170605952727	-0.0617468520691	0.021031311235	-0.015637781449	-0.0276349137691	0.00564844666209	-0.0417475795396	-0.0490534527201	0.00205041395429	0.0206651557037	0.00882298674257	0.0336374119851	0.0333794458774	0.092750621955	0.0257937829027	0.0266697269453	0.00986748257365	-0.0365819619951	-0.00769908609416	-0.0363910696258	-0.000511537316145	-0.0228341579401	0.00109404096699	0.00897066305881	-0.021931968903	-0.0381090327167	0.0175694052385	-0.0223367848058	-0.0384228412223	0.03155295419
k__Bacteria;p__Proteobacteria;c__Betaproteobacteria;o__Burkholderiales;f__Sutterellaceae;g__Sutterella;s__Sutterella_wadsworthensis	-0.00711909748452	-0.0172675172562	0.0352475440512	0.0038608993511	-0.0226227866556	-0.0576493000366	0.0402514499603	-0.0497950906463	0.0361501929145	0.0696392061786	-0.0079497992762	0.0413594156197	0.00654626192756	-0.020369483833	-0.0257930190943	-0.032335407675	-0.0287951592274	1.0	0.00920371394639	-0.0463469341237	-0.0204825232768	-0.0460465489998	-0.0572515706696	0.0106279720946	-0.00238855507978	-0.0306081940425	-0.0260271559331	-0.0211674321562	0.0223425309188	-0.0567975573369	-0.03204027326	-0.0142253190096	0.0684762169983	0.039973192792	-0.0236161161707	0.0294991132444	-0.0137539112435	-0.0107385210444	0.0443201502524	-0.0459579544351	-0.0178792462959	-0.0490806865175	0.0214961947062	-0.025998892396	-0.0243969588376	0.0147379708653	0.00949316789552	-0.023134190079	0.0144787469764	-0.00320255255067	-0.0167029509916	0.0296001063069	-0.014119828102	0.00996741543784	-0.0318397914745	-0.0378991753707	-0.0109214826862	0.00758931164346	-0.00177111521568
k__Bacteria;p__Bacteroidetes;c__Bacteroidia;o__Bacteroidales;f__Porphyromonadaceae;g__Barnesiella;s__Barnesiella_intestinihominis	0.00378455752977	-0.0658846238218	-0.0350246095253	-0.0399643639795	-0.0494471198232	-0.0361375625049	-0.00246971134645	-0.0686181321833	-0.0144768150824	-0.0252713088058	0.0279330391328	-0.0934805623223	-0.00193724561749	-0.0500058440724	-0.0208780885831	0.0246763818249	-0.0471369850514	0.00920371394639	1.0	-0.0566743332687	0.0118522001087	-0.00131111131957	-0.0105222400483	-0.0206992140031	0.0176648666715	0.0391979802602	0.0217043315306	0.0184217533415	-0.0231299521723	-0.00641156527898	0.00903344646007	-0.0591076365624	-0.00796189340769	-0.0480483470192	0.0360469972778	-0.0613238689409	0.0257855646234	-0.0203000937172	-0.0210239248621	0.0130749155113	-0.0107173030791	0.00993473326561	-0.0532718865	0.0268716955856	-0.0161456435447	0.0661477395693	0.0057669400494	-0.0035674980863	0.000316113176296	0.0451663632481	-0.0269899735876	0.0189370177187	-0.0174924671676	-0.0116301540781	-0.0159370678917	-0.0555163100802	0.0187581664337	0.0326749774999	0.00746968892694
k__Bacteria;p__Bacteroidetes;c__Bacteroidia;o__Bacteroidales;f__Odoribacteraceae;g__Odoribacter;s__Odoribacter_splanchnicus	-0.0176994181211	-0.0272861136427	0.0221445062819	-0.035248022515	0.0410428575957	-0.0586172645536	-0.00849685750101	0.0153868395186	0.0145649476519	-0.0235104676616	0.027350806598	0.0207599198692	-0.0248459189158	-0.00919295577584	-0.0410402348527	-0.0238393059225	-0.0423540952364	-0.0463469341237	-0.0566743332687	1.0	-0.0226032172483	-0.0207616086045	-0.0759060940067	-0.00966006976685	-0.0432558089564	-0.0223746840605	-0.00445434058421	-0.0114427789622	-0.0420961845105	-0.106206581998	-0.0375694148199	0.0164710985148	0.0299330622174	-0.00841494332361	-0.0491202036738	0.0429859473399	-0.0918622270727	0.027890848069	-0.0691331202354	-0.00571638774804	-0.00981446317684	0.0149197254465	0.0445471637552	-0.0156796033305	-0.0107525138718	-0.0399687919074	-0.0191533663132	-0.00989756908939	0.0224706901109	0.00926021592764	0.00404680950637	0.0279813317771	0.000853334862603	-0.0880448176039	-0.00565450478516	0.113460052914	-0.0275997727766	-0.0347898303668	-0.0300198202653
k__Bacteria;p__Bacteroidetes;c__Bacteroidia;o__Bacteroidales;f__Bacteroidaceae;g__Bacteroides;s__Bacteroides_salyersiae	0.012129770409	0.00897471444694	0.0417580117322	0.0196829557844	-0.0208357985425	0.0266026967977	-0.0645503581102	0.017129087874	0.0173714130233	-0.0571607715472	-0.0386090216042	-0.0422938955708	-0.010373885386	0.014225355391	-0.0517302255909	-0.0695559772212	-0.0363265301211	-0.0204825232768	0.0118522001087	-0.0226032172483	1.0	-0.0441665905764	0.0500947633523	0.00785757101066	-0.00196529005719	0.0214297559825	0.0327653132488	0.00351349057398	0.0442991361477	-0.0288306987603	-0.0363866226013	0.0601421610665	-0.0839888093853	0.011834755355	0.0150114195395	0.0325934788694	-0.00716069949033	0.0118786825387	-0.0315433045794	-0.041514979312	-0.0384103405804	-0.0123171729126	-0.00206707876178	0.00299154889397	0.0430249516422	0.0173893524302	0.00449958598157	0.0696789022653	0.0281444934444	-0.00585635516047	0.033081257746	-0.0089967310897	-0.0102781187036	-0.00749737909642	-0.0859580763375	-0.0730390510864	0.0209738953716	-0.0550241810197	0.0333222787297
k__Bacteria;p__Firmicutes;c__Clostridia;o__Clostridiales;f__Ruminococcaceae;g__Ruminiclostridium;s__[Eubacterium]_siraeum	0.0286341030717	0.0383906318128	-0.0235432302154	0.0108286522732	0.0167193769109	0.0199702792182	-0.0278368336596	-0.000807498877735	0.00597563090677	-0.0289208060814	-0.0289695713951	0.0198699083149	-0.0564924721288	-0.000224209000605	-0.0454204820651	0.00046267045969	0.0119350064498	-0.0460465489998	-0.00131111131957	-0.0207616086045	-0.0441665905764	1.0	0.0186040373536	-0.0206869229909	-0.0137145197417	0.014287660492	0.0203102767224	-0.0437058912507	0.0385985415833	0.029756326517	-0.00988002616068	0.0492385633117	0.0113104772833	-0.0192724242633	0.00385746462331	-0.031326704858	0.0307654864425	-0.0124336309676	-0.0392734147334	-0.0409499767112	-0.0187458939007	-0.0390310588765	-0.0156906683631	-0.00926772594035	-0.0264017334231	-0.0139275050471	-0.0107445047141	-0.0220501030664	-0.011710442473	-0.0465997777743	0.00188365288657	-0.0257158936049	-0.0145998406208	-0.0173684077531	0.0171643939818	0.0114709231423	-0.0317852373034	-0.000789840778122	-0.0258994861561
k__Bacteria;p__Proteobacteria;c__Betaproteobacteria;o__Burkholderiales;f__Sutterellaceae;g__Parasutterella;s__Parasutterella_excrementihominis	-0.0023862210792	-0.0813857507868	-0.0621317486725	-0.011257354427	0.0165459286206	-0.0749309126298	-0.029408223467	-0.00076076103433	-0.0616511459175	-0.0847052667716	0.0681405809113	-0.00754674075283	0.0105363256187	-0.0357254984692	-0.0165060464211	-0.0223907221903	-0.047638847382	-0.0572515706696	-0.0105222400483	-0.0759060940067	0.0500947633523	0.0186040373536	1.0	-0.0566304478765	0.0251181971119	0.0523945825396	0.0348595708987	0.00532589626227	0.0415803718927	-0.016723360656	-0.0207658230208	-0.0128987721797	-0.0281166687818	-0.0166962352898	-0.0401723797081	-0.0199324156676	-0.00339242382408	-0.000799471669654	0.0108055277573	-0.0116999702989	0.0232074809055	-0.0218056622752	-0.00774774924236	-0.027506892361	-0.0345242713368	-0.0253178472826	0.00624049439545	-0.027589947938	-0.0183207667593	-0.019334423921	-0.017241593392	-0.038406543215	0.100667729804	0.0254053244183	-0.0193412150449	0.0043040999729	-0.0235192844908	0.0228194149417	-0.0493128170819
k__Bacteria;p__Actinobacteria;c__Actinobacteria;o__Bifidobacteriales;f__Bifidobacteriaceae;g__Bifidobacterium;s__Bifidobacterium_adolescentis	0.0062133501056	0.0292905898619	-0.0425795321991	-0.0311042858433	-0.0114522351857	0.0304642134281	-0.0380015368763	-0.000626471859995	0.0167290985769	0.02045578452	-0.00181268231852	0.0310887838447	0.0216322987541	-0.0280733778571	-0.0597972304054	0.0119779825974	0.00628966846654	0.0106279720946	-0.0206992140031	-0.00966006976685	0.00785757101066	-0.0206869229909	-0.0566304478765	1.0	0.00381721500238	-0.0204212496388	-0.0202543194713	0.0294896801723	-0.0500409897903	0.0191320272727	0.02284878748	-0.0537056149398	-0.0322921340546	-0.0373870809837	-0.0413070543615	-0.00134475839438	-0.0166772760961	-0.0646579287519	0.0191855349888	0.0200667608005	-0.00739077952056	-3.06564314349e-05	-0.0308165865662	-0.0164169511639	0.0669524510431	-0.00998484719879	0.0106957672036	0.00237942196996	0.0165896758929	-0.0122384640461	-0.00971439773464	-0.0317421343228	-0.0950142965197	-0.0176488094122	0.000863000788092	0.0168671285723	-0.0347411798259	0.0199205674856	-0.0159652883866
k__Bacteria;p__Firmicutes;c__Clostridia;o__Clostridiales;f__Oscillospiraceae;g__Oscillibacter;s__Oscillibacter_sp._KLE_1745	-0.0252309787715	-0.0212681102709	-0.0150754205389	0.0300887263903	-0.0248498632648	0.00670189407197	0.0137520678495	0.0324929836534	-0.0378740436928	0.00508717378929	-0.0077036705134	-0.0297897865522	-0.0306104373339	-0.0127049702425	-0.0386590900941	-0.0267577406256	0.0178616851713	-0.00238855507978	0.0176648666715	-0.0432558089564	-0.00196529005719	-0.0137145197417	0.0251181971119	0.00381721500238	1.0	-0.0094775603974	0.0180701855566	0.0437296085888	-0.0455314970764	0.0522469688017	0.00478322584642	-0.0369441608141	0.025856489662	0.0307624566236	-0.00244776650026	-0.0327762272034	0.010936153359	0.0283433344966	0.045915015067	-0.0384570263868	-0.0625540168813	0.0232597981775	-0.00133150006805	-0.0345031073079	-0.0042473276368	-0.0202289261408	-0.00343051007487	-0.00928568923712	-0.0185490226817	-0.0654058867596	-0.00371394819849	-0.014280546089	-0.00281031241053	-0.0022990916651	-0.0679457776835	0.0464941984296	-0.00707641860747	0.0275799873868	-0.0365160978944
k__Bacteria;p__Bacteroidetes;c__Bacteroidia;o__Bacteroidales;f__Bacteroidaceae;g__Bacteroides;s__Bacteroides_coprophilus	0.0359908593644	-0.0600710669071	-0.0456113632187	-0.0315051194587	0.0718079385645	-0.061870549127	0.0193928057105	-0.037091245712	-0.0740084914201	-0.0762651021265	-0.0365863599283	0.0310470554292	0.0520174260186	-0.0536079112413	0.0386601638249	0.00621215479207	-0.0395861103452	-0.0306081940425	0.0391979802602	-0.0223746840605	0.0214297559825	0.014287660492	0.0523945825396	-0.0204212496388	-0.0094775603974	1.0	-0.0399764116114	0.0306186955288	0.0270385992175	0.0146468355989	0.0227063630911	-0.0042591637199	-0.0385941164586	-0.0489241371426	-0.0655444644369	0.0658678319931	0.00539970594982	0.0084009404018	-0.0180647185857	0.0145024724173	-0.036439852149	-0.00386179183923	-0.0184270611902	0.0409308597192	0.0111820694058	0.00236076046458	0.0265309686582	0.0062550504908	-0.0391105775913	-0.0163828448555	-0.0462705349021	-0.0656859397374	-0.0462955394578	-0.0178872077765	-0.0031005949537	0.0288599890674	-0.0477742591341	-0.00353058913264	0.00879806923875
k__Bacteria;p__Firmicutes;c__Clostridia;o__Clostridiales;f__Lachnospiraceae;g__Roseburia;s__Roseburia_intestinalis	-0.0197765251908	0.000658312224522	-0.0423842975956	-0.0586334815414	0.0041381553975	-0.0474892588679	-0.0199974766494	0.0541449936287	-0.0241089043808	-0.00939613196597	-0.039136606323	0.0111240255065	0.0203373456615	0.0686892615156	0.0169726422655	0.053256806564	0.00215617275849	-0.0260271559331	0.0217043315306	-0.0044543405842	0.0327653132488	0.0203102767224	0.0348595708987	-0.0202543194713	0.0180701855566	-0.0399764116114	1.0	0.0266696279434	-0.0247906462071	-0.0117593744079	0.0273880190761	0.0247067301831	0.0383394348212	0.0341857958233	0.0171562279505	-0.0266827985903	0.0343635567537	0.00233328903041	-0.0174689117439	-0.0010036401493	0.00981757293439	-0.0404873380714	-0.0248943495258	-0.0186534210257	-0.0901968131157	-0.00827576278359	-0.0169789895437	-0.0165465136718	-0.0432423215542	-0.045458264382	0.0157786995799	0.00189229750929	-0.0312976768121	-0.0175167080859	-0.015337933528	0.0439049087447	0.0306716796283	0.000899799234893	-0.0341087591621
k__Bacteria;p__Firmicutes;c__Clostridia;o__Clostridiales;f__Lachnospiraceae;g__Roseburia;s__Roseburia_hominis	-0.076510603182	-0.0538749331886	-0.0523028035928	-0.0488543657543	0.0180116602214	-0.0925784266894	0.0263478503261	0.0297528425876	0.0175427356444	-0.02645970971	0.00387219327963	-0.0385645380054	0.0221421919831	-0.0194385427011	-0.0733646107291	0.0686853520884	0.0020148483245	-0.0211674321562	0.0184217533415	-0.0114427789622	0.00351349057398	-0.0437058912507	0.00532589626227	0.0294896801723	0.0437296085888	0.0306186955288	0.0266696279434	1.0	0.0418966008734	-0.0478859932068	0.0334637989668	-0.0109859561108	0.0269845093498	-0.0314749402159	-0.00701991662863	-0.0578705602239	0.00741274765245	-0.0452054254369	-0.0281545809522	0.0565338057347	0.0864883055874	0.0245296260599	-0.0876540122969	-0.0480092750935	0.00145415852397	0.0110161171975	0.0232129795978	-0.0318341936702	-0.0411189786694	-0.0530571512743	-0.00622953766827	-0.0738342296295	0.0413509919807	0.0323821457031	-0.0672138667916	-0.00471157139659	-0.0494637716078	-0.0218266727521	-0.0603962530311
k__Bacteria;p__Bacteroidetes;c__Bacteroidia;o__Bacteroidales;f__Porphyromonadaceae;g__Parabacteroides;s__Parabacteroides_johnsonii	-0.0510528830462	-0.0732977620259	-0.0225746132379	-0.0470014475372	-0.0624777046547	0.00641635538503	0.00176737417613	-0.0325140807727	-0.0145981971552	-0.0407621618886	-0.0364348243479	0.0136520578794	0.00863000856406	-0.0275228237541	0.0189441004772	-0.0117299514486	0.0148817664419	0.0223425309188	-0.0231299521723	-0.0420961845105	0.0442991361477	0.0385985415833	0.0415803718927	-0.0500409897903	-0.0455314970764	0.0270385992175	-0.0247906462071	0.0418966008734	1.0	0.0208075374191	-0.0174330992026	-0.0199863191493	0.0112228117089	-0.0127302835241	0.010205041953	0.00889085649971	0.0304689611751	-0.0153726226105	-0.00591488863879	-0.00782852006948	0.00888690689159	-0.0264516363681	-0.0515323138668	0.0483594771821	0.00107374131165	-0.0434167030585	-0.00267018971687	-0.0169574749647	-0.0147099339906	-0.0271508390786	0.0166414990519	-0.0480149704145	-0.00119639949001	-0.0530186389775	0.0567490616426	0.0057896466184	-0.016274437986	-0.00983035676536	0.0336374976935
k__Bacteria;p__Actinobacteria;c__Actinobacteria;o__Bifidobacteriales;f__Bifidobacteriaceae;g__Bifidobacterium;s__Bifidobacterium_longum	-0.0281776569843	-0.0177241534486	0.0353061149648	-0.00809250718339	0.0383496706803	-0.0252122242287	0.00919854863923	0.0272523716813	-0.0374047800852	-0.0415008200721	-0.070606312905	-0.01905563337	-0.0223243063284	-0.0144563859619	0.0627381419286	0.0195943015517	-0.0170605952727	-0.0567975573369	-0.00641156527898	-0.106206581998	-0.0288306987603	0.029756326517	-0.016723360656	0.0191320272727	0.0522469688017	0.0146468355989	-0.0117593744079	-0.0478859932068	0.0208075374191	1.0	-0.013013242658	-0.0188302073941	-0.0234009428894	0.0163557811451	0.039981284213	-0.00455572355205	-0.0523184076887	0.0100291237806	0.00115572143497	0.0175899869786	0.0300012569715	0.00638869598184	-0.0167500942495	-0.019300069306	-0.0663345918963	-0.065200052825	0.0266365157623	-0.0481104951015	-0.0253634515185	-0.0159282650525	-0.0389804335787	-0.0270596654967	0.0155066412553	-0.0174948446024	-0.0326059913824	0.00272820940636	0.040973468443	0.000119138470459	0.0766023075327
