#taxonomy	k__Bacteria;p__Bacteroidetes;c__Bacteroidia;o__Bacteroidales;f__Bacteroidaceae;g__Bacteroides;s__Bacteroides_vulgatus	k__Bacteria;p__Bacteroidetes;c__Bacteroidia;o__Bacteroidales;f__Bacteroidaceae;g__Bacteroides;s__Bacteroides_uniformis	k__Bacteria;p__Bacteroidetes;c__Bacteroidia;o__Bacteroidales;f__Rikenellaceae;g__Alistipes;s__Alistipes_putredinis	k__Bacteria;p__Bacteroidetes;c__Bacteroidia;o__Bacteroidales;f__Prevotellaceae;g__Prevotella;s__Prevotella_copri	k__Bacteria;p__Bacteroidetes;c__Bacteroidia;o__Bacteroidales;f__Bacteroidaceae;g__Bacteroides;s__Bacteroides_stercoris	k__Bacteria;p__Bacteroidetes;c__Bacteroidia;o__Bacteroidales;f__Bacteroidaceae;g__Bacteroides;s__Bacteroides_ovatus	k__Bacteria;p__Bacteroidetes;c__Bacteroidia;o__Bacteroidales;f__Rikenellaceae;g__Alistipes;s__Alistipes_shahii	k__Bacteria;p__Firmicutes;c__Clostridia;o__Clostridiales;f__Ruminococcaceae;g__Faecalibacterium;s__Faecalibacterium_prausnitzii	k__Bacteria;p__Bacteroidetes;c__Bacteroidia;o__Bacteroidales;f__Rikenellaceae;g__Alistipes;s__Alistipes_finegoldii	k__Bacteria;p__Bacteroidetes;c__Bacteroidia;o__Bacteroidales;f__Porphyromonadaceae;g__Parabacteroides;s__Parabacteroides_distasonis	k__Bacteria;p__Bacteroidetes;c__Bacteroidia;o__Bacteroidales;f__Bacteroidaceae;g__Bacteroides;s__Bacteroides_thetaiotaomicron	k__Bacteria;p__Bacteroidetes;c__Bacteroidia;o__Bacteroidales;f__Bacteroidaceae;g__Bacteroides;s__Bacteroides_coprocola	k__Bacteria;p__Bacteroidetes;c__Bacteroidia;o__Bacteroidales;f__Bacteroidaceae;g__Bacteroides;s__Bacteroides_cellulosilyticus	k__Bacteria;p__Bacteroidetes;c__Bacteroidia;o__Bacteroidales;f__Rikenellaceae;g__Alistipes;s__Alistipes_obesi	k__Bacteria;p__Firmicutes;c__Clostridia;o__Clostridiales;f__Lachnospiraceae;g__;s__[Eubacterium]_rectale	k__Bacteria;p__Bacteroidetes;c__Bacteroidia;o__Bacteroidales;f__Bacteroidaceae;g__Bacteroides;s__Bacteroides_plebeius	k__Bacteria;p__Bacteroidetes;c__Bacteroidia;o__Bacteroidales;f__Bacteroidaceae;g__Bacteroides;s__Bacteroides_fragilis	k__Bacteria;p__Proteobacteria;c__Betaproteobacteria;o__Burkholderiales;f__Sutterellaceae;g__Sutterella;s__Sutterella_wadsworthensis	k__Bacteria;p__Bacteroidetes;c__Bacteroidia;o__Bacteroidales;f__Porphyromonadaceae;g__Barnesiella;s__Barnesiella_intestinihominis	k__Bacteria;p__Bacteroidetes;c__Bacteroidia;o__Bacteroidales;f__Odoribacteraceae;g__Odoribacter;s__Odoribacter_splanchnicus	k__Bacteria;p__Bacteroidetes;c__Bacteroidia;o__Bacteroidales;f__Bacteroidaceae;g__Bacteroides;s__Bacteroides_salyersiae	k__Bacteria;p__Firmicutes;c__Clostridia;o__Clostridiales;f__Ruminococcaceae;g__Ruminiclostridium;s__[Eubacterium]_siraeum	k__Bacteria;p__Proteobacteria;c__Betaproteobacteria;o__Burkholderiales;f__Sutterellaceae;g__Parasutterella;s__Parasutterella_excrementihominis	k__Bacteria;p__Actinobacteria;c__Actinobacteria;o__Bifidobacteriales;f__Bifidobacteriaceae;g__Bifidobacterium;s__Bifidobacterium_adolescentis	k__Bacteria;p__Firmicutes;c__Clostridia;o__Clostridiales;f__Oscillospiraceae;g__Oscillibacter;s__Oscillibacter_sp._KLE_1745	k__Bacteria;p__Bacteroidetes;c__Bacteroidia;o__Bacteroidales;f__Bacteroidaceae;g__Bacteroides;s__Bacteroides_coprophilus	k__Bacteria;p__Firmicutes;c__Clostridia;o__Clostridiales;f__Lachnospiraceae;g__Roseburia;s__Roseburia_intestinalis	k__Bacteria;p__Firmicutes;c__Clostridia;o__Clostridiales;f__Lachnospiraceae;g__Roseburia;s__Roseburia_hominis	k__Bacteria;p__Bacteroidetes;c__Bacteroidia;o__Bacteroidales;f__Porphyromonadaceae;g__Parabacteroides;s__Parabacteroides_johnsonii	k__Bacteria;p__Actinobacteria;c__Actinobacteria;o__Bifidobacteriales;f__Bifidobacteriaceae;g__Bifidobacterium;s__Bifidobacterium_longum	k__Bacteria;p__Firmicutes;c__Clostridia;o__Clostridiales;f__;g__Flavonifractor;s__Flavonifractor_plautii	k__Bacteria;p__Firmicutes;c__Clostridia;o__Clostridiales;f__Clostridiaceae;g__Clostridium;s__Clostridium_phoceensis	k__Bacteria;p__Verrucomicrobia;c__Verrucomicrobiae;o__Verrucomicrobiales;f__Akkermansiaceae;g__Akkermansia;s__Akkermansia_muciniphila	k__Bacteria;p__Bacteroidetes;c__Bacteroidia;o__Bacteroidales;f__Prevotellaceae;g__Paraprevotella;s__Paraprevotella_xylaniphila	k__Bacteria;p__Firmicutes;c__Clostridia;o__Clostridiales;f__Ruminococcaceae;g__Ruminococcus;s__Ruminococcus_callidus	k__Bacteria;p__Bacteroidetes;c__Bacteroidia;o__Bacteroidales;f__Rikenellaceae;g__Alistipes;s__Alistipes_senegalensis	k__Bacteria;p__Firmicutes;c__Clostridia;o__Clostridiales;f__Lachnospiraceae;g__Blautia;s__Blautia_sp._KLE_1732	k__Bacteria;p__Bacteroidetes;c__Bacteroidia;o__Bacteroidales;f__Bacteroidaceae;g__Bacteroides;s__Bacteroides_oleiciplenus	k__Bacteria;p__Firmicutes;c__Clostridia;o__Clostridiales;f__Ruminococcaceae;g__Ruminococcus;s__Ruminococcus_bicirculans	k__Bacteria;p__Bacteroidetes;c__Bacteroidia;o__Bacteroidales;f__Bacteroidaceae;g__Bacteroides;s__Bacteroides_fluxus	k__Bacteria;p__Bacteroidetes;c__Bacteroidia;o__Bacteroidales;f__Prevotellaceae;g__Prevotella;s__Prevotella_stercorea	k__Bacteria;p__Firmicutes;c__Clostridia;o__Clostridiales;f__Lachnospiraceae;g__Dorea;s__Dorea_longicatena	k__Bacteria;p__Firmicutes;c__Clostridia;o__Clostridiales;f__Eubacteriaceae;g__Eubacterium;s__[Eubacterium]_eligens	k__Bacteria;p__Firmicutes;c__Clostridia;o__Clostridiales;f__Ruminococcaceae;g__;s__Ruminococcaceae_bacterium_D16	k__Bacteria;p__Firmicutes;c__Clostridia;o__Clostridiales;f__Lachnospiraceae;g__Coprococcus;s__Coprococcus_comes	k__Bacteria;p__Proteobacteria;c__Gammaproteobacteria;o__Enterobacterales;f__Enterobacteriaceae;g__Escherichia;s__Escherichia_coli	k__Bacteria;p__Firmicutes;c__Clostridia;o__Clostridiales;f__Ruminococcaceae;g__Anaerotruncus;s__Anaerotruncus_colihominis	k__Bacteria;p__Firmicutes;c__Clostridia;o__Clostridiales;f__Lachnospiraceae;g__Blautia;s__Blautia_obeum	k__Bacteria;p__Bacteroidetes;c__Bacteroidia;o__Bacteroidales;f__Odoribacteraceae;g__Odoribacter;s__Odoribacter_laneus	k__Bacteria;p__Firmicutes;c__Clostridia;o__Clostridiales;f__Ruminococcaceae;g__Ruminiclostridium;s__[Clostridium]_leptum	k__Bacteria;p__Bacteroidetes;c__Bacteroidia;o__Bacteroidales;f__Porphyromonadaceae;g__Parabacteroides;s__Parabacteroides_goldsteinii	k__Bacteria;p__Firmicutes;c__Clostridia;o__Clostridiales;f__Lachnospiraceae;g__Anaerostipes;s__Anaerostipes_hadrus	k__Bacteria;p__Firmicutes;c__Clostridia;o__Clostridiales;f__Ruminococcaceae;g__Ruminococcus;s__Ruminococcus_lactaris	k__Bacteria;p__Firmicutes;c__Clostridia;o__Clostridiales;f__Clostridiaceae;g__Clostridium;s__Clostridium_sp._L2-50	k__Bacteria;p__Firmicutes;c__Clostridia;o__Clostridiales;f__Clostridiaceae;g__Clostridium;s__Clostridium_sp._M62/1	k__Bacteria;p__Firmicutes;c__Clostridia;o__Clostridiales;f__;g__Intestinimonas;s__Intestinimonas_butyriciproducens	k__Bacteria;p__Actinobacteria;c__Actinobacteria;o__Bifidobacteriales;f__Bifidobacteriaceae;g__Bifidobacterium;s__Bifidobacterium_bifidum	k__Bacteria;p__Firmicutes;c__Negativicutes;o__Veillonellales;f__Veillonellaceae;g__Dialister;s__Dialister_invisus	k__Bacteria;p__Bacteroidetes;c__Bacteroidia;o__Bacteroidales;f__Bacteroidaceae;g__Bacteroides;s__Bacteroides_salanitronis
k__Bacteria;p__Bacteroidetes;c__Bacteroidia;o__Bacteroidales;f__Bacteroidaceae;g__Bacteroides;s__Bacteroides_vulgatus	1.0	0.0296954304256	-0.00694173433307	-0.0490055275408	0.0251932382497	-0.0243751891355	-0.0186133276466	-0.034070250351	0.00300417921838	-0.00107441831229	-0.00151924726669	-0.0247449445644	-0.072865532638	0.0195453235567	-0.0800958660033	0.027051921522	0.00288866597	0.0741244745522	0.0188517832304	-0.0431650006842	0.0288585339678	-0.0468997694208	-0.00563203952733	-0.00837312234021	0.0220683767538	0.0199133330344	-0.0811583263004	0.015752953753	-0.0505551781173	0.00541178317762	0.00696734042447	-0.0398535565077	0.000552725439743	-0.0286483679556	-0.0330518959773	-0.0132755155737	0.00440684068389	-0.0511473261869	-0.0183621342632	0.00274521101899	-0.00610018021806	-0.0280082092205	-0.00128279249417	-0.013677212854	0.0117772433182	0.00869299351525	-0.0457756364646	0.000110370447178	-0.0404673481067	0.0617274650378	-0.0116350723664	0.026272529941	0.0108087245252	0.0218106181778	-0.0171263889605	-0.0341539462692	0.000445824230443	0.059794376399	-0.0267108298017
k__Bacteria;p__Bacteroidetes;c__Bacteroidia;o__Bacteroidales;f__Bacteroidaceae;g__Bacteroides;s__Bacteroides_uniformis	0.0296954304256	1.0	-0.0128512146936	0.0209056605601	-0.0812874599742	0.0327180146289	-0.0547811666655	-0.000703321229477	-0.0512488547186	-0.0133047536346	-0.0155123810309	-0.026835158269	0.0145964048271	-0.0791871423878	0.0159380453281	-0.0138154653906	0.00229719184773	-0.0125977280795	-0.0168147355207	-0.0297785536358	-0.028060675708	0.00225100930682	-0.00242506015284	-0.00760441340691	0.0174254866125	0.0201228147759	-0.00363629786593	0.0547538770831	-0.0630260788176	-0.0166949734211	0.0146566546354	-0.0775714078723	-0.00392297270027	-0.0200610069341	-0.0211510950697	-0.00615133711798	-0.0547150496654	0.014531051069	0.00142761965459	-0.0263792795812	-0.0549624899152	0.0524740712222	-0.00805995887762	-0.0332767687025	-0.00947739239513	0.000108112054416	0.00578271495289	-0.0405944781187	-0.0216803949444	0.0023504104465	0.0506111863494	-0.053715932644	-0.00704863362624	0.0150344316259	0.0181726305341	0.0346548463912	0.00144810484346	-0.0376436809254	0.0111197552458
k__Bacteria;p__Bacteroidetes;c__Bacteroidia;o__Bacteroidales;f__Rikenellaceae;g__Alistipes;s__Alistipes_putredinis	-0.00694173433307	-0.0128512146936	1.0	0.0322733075781	-0.00352713610843	-0.0251284234816	-0.0260078742606	0.00740692559951	0.00499031767989	0.00862258905971	-0.00256218927442	0.0334092011704	-0.0321973611573	-0.0140765809761	0.0213199063616	0.0761995762937	0.0464916487787	0.0339304166713	0.0344490334472	-0.0202452825105	-0.0267034895011	-0.0628174503409	0.012767124675	0.0562476292958	-0.0312891418302	-0.0832636134612	-0.00185692124687	-0.0185022163685	0.0329288009578	-0.0427007649886	0.0474351099414	0.021869002241	-0.0179734037127	0.0251143306241	0.0194181458618	-0.00498786093308	-0.0287921583958	-0.0277785608853	-0.0384230973119	-0.0372138201422	-0.000813064220547	0.00772207400251	-0.0684784292341	-0.0104324952852	-0.0156441767408	-0.0437386969344	0.000578523213084	0.0085963701485	-0.0244187713443	-0.016726619033	-0.0236944753011	0.0303947663595	-0.0206299281601	-0.0265706562001	-0.0193703413479	-0.0146662399441	-0.0866569957243	0.0155716746311	0.011655682837
k__Bacteria;p__Bacteroidetes;c__Bacteroidia;o__Bacteroidales;f__Prevotellaceae;g__Prevotella;s__Prevotella_copri	-0.0490055275408	0.0209056605601	0.0322733075781	1.0	-0.00848096132191	-0.0482515196325	0.0144868169183	-0.0165103125285	0.000729263045593	-0.0683367443806	0.0119184227349	0.00715834948723	-0.0290675996112	-0.0140854696536	0.042029720736	-0.0431644982624	0.00919910407962	-0.0106953795818	0.0388962140192	-0.0265189647155	-0.0197381488456	-0.0288032806144	-0.00144076037808	0.0372439615339	-0.0655107543668	0.0209593537055	-0.0393792917013	-0.0110480585736	0.0611787844309	0.00376178078133	0.00307052521844	-0.0225041934705	-0.0156997847472	0.03273119272	-0.0389831314126	0.00592225926648	-0.0482293785321	-0.000149963438982	-0.0082324954371	-0.00241598932737	0.00276834443219	-0.0147274088616	0.0146034099464	-0.0815669322676	-0.0642955437383	0.00709397963405	-0.0484533662489	-0.0320796687205	0.0170138532888	-0.0161871852043	-0.00149599643736	-0.0436654945288	0.0583560515295	-0.0219981243957	-0.0134381252068	0.0337202092273	0.0462667361185	0.0195064786591	0.0178162497645
k__Bacteria;p__Bacteroidetes;c__Bacteroidia;o__Bacteroidales;f__Bacteroidaceae;g__Bacteroides;s__Bacteroides_stercoris	0.0251932382497	-0.0812874599742	-0.00352713610843	-0.00848096132191	1.0	0.00996360965644	0.0456538735264	-0.0328770075349	-0.00889805548796	-0.0449840118269	-0.066409244417	0.00495197783263	-0.0600442542549	0.0133886872791	0.0822715774322	-0.0309891772293	-0.0168451385609	-0.0071910292474	-0.000541520046122	0.0201224970781	0.00366890553896	-0.0369858737118	-0.0175116217619	0.0192761442665	-0.0580123709866	-0.0157425253335	-0.0416033128775	-0.0236739026791	0.0151158635707	-0.0123251127079	-0.00378834576993	-0.0440553585698	0.0197666858518	-0.00373638455427	-0.00862557925363	-0.0108007375336	0.0232231924872	-0.0408010693469	0.0681098311781	-0.010979630039	-0.0158413971003	0.00592744725648	-0.0179896889825	0.00101471714616	-0.0563956144191	-0.0276880621771	-0.0685021803233	-0.0196790959295	-0.0450576283021	0.000874494640097	0.0157116245112	-0.0274769178152	0.00198807741646	0.00908850776964	-0.0819793912572	-0.0201569916876	0.0249477924952	-0.00705234490513	0.0295645806641
k__Bacteria;p__Bacteroidetes;c__Bacteroidia;o__Bacteroidales;f__Bacteroidaceae;g__Bacteroides;s__Bacteroides_ovatus	-0.0243751891355	0.0327180146289	-0.0251284234816	-0.0482515196325	0.00996360965644	1.0	0.00201054410068	0.0461915526584	-0.0335315521221	0.0087112773342	-0.0537671504318	0.000640270883752	-0.0586085423163	-0.0211185273949	-0.0156020696059	-0.0427279943751	-0.0271449934906	0.0387353083951	-0.0374870434886	-0.0110240485536	-0.0245999786496	0.0663975670578	-0.0186709737289	-0.00540559374014	-0.0166109615258	0.0562874078452	-0.0758894812677	-0.0112736116014	-0.0370904933964	-0.0028821056068	-0.0509777439063	-0.0236060010472	0.0224902669459	0.0716165554964	-0.0407499381576	-0.0570107904624	0.0214151454981	-0.0516740474805	-0.0553123211256	-0.0451015182131	-0.0387130089191	0.0617654081491	0.0294182915749	-0.0195579261212	-0.0159334974906	-0.00850198564123	-0.0691205299218	0.0212488556943	-0.00235648883566	-0.0254117262912	0.00742601727056	0.0324243647149	0.0133312672664	-0.0141750690155	0.0310562743419	-0.069697752648	0.0279628328398	-0.0310074608388	-0.0234331532386
k__Bacteria;p__Bacteroidetes;c__Bacteroidia;o__Bacteroidales;f__Rikenellaceae;g__Alistipes;s__Alistipes_shahii	-0.0186133276466	-0.0547811666655	-0.0260078742606	0.0144868169183	0.0456538735264	0.00201054410068	1.0	0.0358732992805	0.0124862101927	0.0401740850612	0.0205867481331	0.00991410823324	-0.035493926112	0.00140177855084	0.0218455946608	-0.0302584460683	-0.0226523594064	-0.0200633469419	-0.0273649977074	-0.0268626560403	-0.00946172923838	0.000656896805205	0.00969334906329	-0.0444972634582	-0.00436398600565	0.00450231086501	0.0461085416229	-0.040133697537	-0.0128041935028	0.0133738283691	0.0251838993892	-0.0416171842796	-0.0434276130209	-0.0142695651855	-0.0350497845609	0.0162314044929	-0.0293671702656	0.000219913542567	0.0534583224225	-0.0373180884727	-0.0589397705139	-0.0347612026882	-0.048243230865	0.021420057248	-0.0166111060543	0.00758742534095	-0.0255508004529	-0.00362270530866	0.00496317234872	-0.0185980362392	-0.00940162814436	-0.00782573299294	0.0192490851429	0.000322547693432	-0.0520668778203	-0.0095684625215	-0.0269787245834	0.00335052870873	0.0722042313612
k__Bacteria;p__Firmicutes;c__Clostridia;o__Clostridiales;f__Ruminococcaceae;g__Faecalibacterium;s__Faecalibacterium_prausnitzii	-0.034070250351	-0.000703321229477	0.00740692559951	-0.0165103125285	-0.0328770075349	0.0461915526584	0.0358732992805	1.0	-0.0661062288684	-0.0356589379899	-0.0831665794495	-0.0368367175327	0.0160806604052	-0.0436934205644	-0.099790344605	-0.00319382375477	-0.0464476405865	-0.000157049155092	0.0273762267502	-0.0949381200677	-0.0906245070304	0.0271051518276	-0.0541085835133	-0.0262567147136	0.00833640528424	-0.00576943958969	-0.00470933401141	0.00816208500315	-0.0852445163416	0.0325504413001	0.0204243791028	-0.034240916345	0.0131188783327	0.0302329219616	-0.0228993017319	-0.0529892382794	-0.0292857180588	0.0425985826485	-0.0164102177853	0.0174578325051	0.0239494302548	-0.0179246410545	-0.0363150839845	0.00912931412963	-0.0366627540979	-0.0436140835603	-0.00112712846164	0.0156160876612	0.0169811637622	-0.0156154011623	-0.0357290019127	-0.0152580472741	0.033540963346	-0.107519281128	0.00592565915632	0.0417226424327	-0.0744481239959	-0.0170828824848	0.0388071169181
k__Bacteria;p__Bacteroidetes;c__Bacteroidia;o__Bacteroidales;f__Rikenellaceae;g__Alistipes;s__Alistipes_finegoldii	0.00300417921838	-0.0512488547186	0.00499031767989	0.000729263045593	-0.00889805548796	-0.0335315521221	0.0124862101927	-0.0661062288684	1.0	0.063501519313	0.0028742647534	-0.0207644760988	0.0707797350727	-0.0326299777616	-0.0100123606036	0.0289122376994	0.00723846421685	-0.00270671938151	-0.0165326613956	0.0233603629374	0.0180366905011	-0.0253528850384	-0.0282354094836	0.0401472446562	-0.0137480289872	-0.0215289013963	-0.0309428890825	0.0143521451541	-0.0501235726287	0.00560500016563	-0.0215771485832	0.00950262545385	-0.0270461349091	-0.0492946956684	-0.0602486345336	0.0352600674701	0.0100710517376	-0.0750439413773	0.0292216025444	0.00688927071739	0.0147300858168	0.037817837127	0.0886551442809	-0.0232036515355	-0.0759923112735	-0.000412906388684	0.00957334863595	0.0198571914756	-0.0298907486108	-0.0438241519052	0.00121600350495	-0.0329084172326	0.000489894461781	0.0104575961074	-0.00633447741479	-0.0225652652701	-0.0281909133102	0.0613541813041	-0.0394573486893
k__Bacteria;p__Bacteroidetes;c__Bacteroidia;o__Bacteroidales;f__Porphyromonadaceae;g__Parabacteroides;s__Parabacteroides_distasonis	-0.00107441831229	-0.0133047536346	0.00862258905971	-0.0683367443806	-0.0449840118269	0.0087112773342	0.0401740850612	-0.0356589379899	0.063501519313	1.0	-0.0527932868598	-0.0230947473775	0.0153822290549	-0.0951733221084	0.0232047532302	0.0223646810572	-0.0406844812867	-0.0325261612715	-0.0296012604586	-0.0239266078602	-0.0224912637582	0.0400322616419	-0.0426352910169	0.013032197513	0.0257261298435	-0.0167401339925	0.0222483887793	-0.0621978575848	0.0283113525853	-0.0195268471221	-0.044631419973	-0.00557399253951	-0.0132154560014	0.0709909359617	0.0466517981664	0.00756596781828	-0.0410846624801	-0.0133511884404	-0.0102057961367	0.0197180325124	0.0390409882872	0.0527203349114	0.0142426194878	-0.0285256318003	0.0208918690423	0.0566622999417	-0.0658346211127	-0.0389184269235	0.0153178310762	-0.00336588981956	0.0449293452211	-0.0194737143245	-0.0656297955743	-0.0291436578422	0.00075866968542	0.0254652771826	-0.0348691917144	-0.0281375857574	-0.00125762132753
k__Bacteria;p__Bacteroidetes;c__Bacteroidia;o__Bacteroidales;f__Bacteroidaceae;g__Bacteroides;s__Bacteroides_thetaiotaomicron	-0.00151924726669	-0.0155123810309	-0.00256218927442	0.0119184227349	-0.066409244417	-0.0537671504318	0.0205867481331	-0.0831665794495	0.0028742647534	-0.0527932868598	1.0	0.014028145027	-0.0513004479381	0.00465832676067	-0.0205489896829	-0.00121671360437	-0.0171384283751	0.0259512435793	-0.0325250838836	-0.00753874388705	0.00734295040044	0.0106657127475	0.0778892369426	0.0028596860999	-0.0181713292155	-0.0287654932634	-0.0262027865044	-0.0204784619466	0.0191127438527	-0.0492457289955	0.00959308436521	0.0218893539359	-0.0538310653726	-0.0123048913018	-0.00908161237631	-0.0485249873427	0.0247722538368	0.0291772053976	0.0350365550339	0.00615418931127	-0.0141731788114	0.00474864881334	-0.0241281537533	-0.0427650900275	-0.0561671134792	-0.0876948264476	0.0355126581061	-0.00920835443514	0.0116343221957	0.0238780406876	0.00564298120124	-0.00888803646374	0.0232334621022	0.0220845059783	-0.0717544209369	0.0322452198188	0.030439576873	0.0124215555708	0.0184650707572
k__Bacteria;p__Bacteroidetes;c__Bacteroidia;o__Bacteroidales;f__Bacteroidaceae;g__Bacteroides;s__Bacteroides_coprocola	-0.0247449445644	-0.026835158269	0.0334092011704	0.00715834948723	0.00495197783263	0.000640270883752	0.00991410823324	-0.0368367175327	-0.0207644760988	-0.0230947473775	0.014028145027	1.0	-6.11920431355e-05	-0.0152328938538	-0.00719048423665	0.0144804227152	-0.0389389211292	0.0284043119307	-0.0352773725059	0.0563397803589	0.025145769786	0.0358917003314	0.0409876722633	-0.0169054957857	-0.018199615925	-0.00170021815056	0.00219722346117	0.015951352678	0.0380542726484	-0.0088171295964	-0.00615179138672	-0.0513753210886	-0.0457526842318	0.00887501079805	-0.00856326650602	-0.0612046886497	0.0388544276944	0.023945739036	-0.0316267674285	0.024008232593	-0.0441813768045	0.0293643521838	-0.0270773461112	-0.0227212706823	0.0200130856638	-0.0214685546863	-0.0324884148953	-0.0219905088114	-0.0231133056974	-0.072498884328	-0.0588480167215	-0.0575069016625	-0.0107609369809	0.000455329168984	-0.0395656429725	0.0060341420831	-0.00545119564468	-0.068965625258	0.0111466425443
k__Bacteria;p__Bacteroidetes;c__Bacteroidia;o__Bacteroidales;f__Bacteroidaceae;g__Bacteroides;s__Bacteroides_cellulosilyticus	-0.072865532638	0.0145964048271	-0.0321973611573	-0.0290675996112	-0.0600442542549	-0.0586085423163	-0.035493926112	0.0160806604052	0.0707797350727	0.0153822290549	-0.0513004479381	-6.11920431355e-05	1.0	-0.00671158922786	-0.0365396349209	0.00195712051982	-0.0507889247632	0.0223373569862	-0.00518427201349	-0.01021331807	-0.0191621792289	-0.00689607412687	-0.010079703803	-0.0420115990864	-0.00415413051619	0.0624222454791	-6.81840680723e-07	0.0144285369961	-0.00226787217681	0.00065858018562	-0.0183795213236	-0.0247416477615	0.003102275031	0.0989754944451	-0.0285953714109	0.046965659094	-0.02148748561	0.0400304253851	-0.0397655767917	-0.00687805549346	-0.0466913526606	-0.0085770201994	0.0186947731945	-0.0515562605986	0.00614639133263	-0.0542774628607	-0.0683681437211	-0.0121941891245	-0.0409820285444	-0.0464932088588	0.0313889620695	0.0414212137324	-0.0528328562012	0.0192019418288	0.0298155638316	-0.0103509882244	0.0706153258237	0.0814874159299	-0.0599792254269
k__Bacteria;p__Bacteroidetes;c__Bacteroidia;o__Bacteroidales;f__Rikenellaceae;g__Alistipes;s__Alistipes_obesi	0.0195453235567	-0.0791871423878	-0.0140765809761	-0.0140854696536	0.0133886872791	-0.0211185273949	0.00140177855084	-0.0436934205644	-0.0326299777616	-0.0951733221084	0.00465832676067	-0.0152328938538	-0.00671158922786	1.0	0.0600895798252	0.00614431512488	-0.0216125122064	-0.0154683589604	-0.0526643387741	-0.0310641903899	-0.0197510442425	-0.000394679134366	0.011182858629	0.0413637575805	0.0567920139151	-0.0050322615618	0.0617820653548	-0.0367693376237	-0.140932017753	-0.0751887685682	-0.0295355402807	0.0126898253406	-0.030754814592	-0.0539618127914	-0.0342394928323	0.0241529822635	0.0379011324999	0.0129813105835	0.0209698408763	-0.00102045776244	-0.0637614101359	0.0661615240089	0.0332067457566	-0.00133510415226	-0.0448601289144	0.00523567289304	0.0144415506889	-0.027083529287	0.0462138916346	-0.0546559455099	0.000468974000321	0.00401793976243	0.00873268752522	-0.00693646810632	-0.057777575964	-0.00276374860101	-0.030354702168	-0.0177864897202	-0.0344237861601
k__Bacteria;p__Firmicutes;c__Clostridia;o__Clostridiales;f__Lachnospiraceae;g__;s__[Eubacterium]_rectale	-0.0800958660033	0.0159380453281	0.0213199063616	0.042029720736	0.0822715774322	-0.0156020696059	0.0218455946608	-0.099790344605	-0.0100123606036	0.0232047532302	-0.0205489896829	-0.00719048423665	-0.0365396349209	0.0600895798252	1.0	0.0019198026894	0.0633565569381	-0.0849826561126	-0.000554380715955	-0.0728100462417	-0.0135168416605	-0.0250849322591	-0.0357123105003	-0.0416268204138	0.040529188734	0.00360216775548	-0.0160221805716	0.0035916413607	0.0429254541256	0.0051743776285	0.0560957684868	0.0317113107292	0.0142028922412	-0.050128569245	0.008630065319	-0.0642784086684	0.0466283696376	0.0257702805355	-0.0483626863862	-0.0328036171773	0.0102046963475	0.0242935605416	-0.0428256918769	-0.0504971340364	-0.0118512069853	-0.0228150154287	0.0589627178711	-0.0470659623378	0.0138502896536	0.019520182215	-0.0134187319902	-0.000343086119961	0.00586210931773	-0.0385992329864	0.00204484012384	-0.0294921040852	0.0128134436412	-0.0317498727224	0.0147958923473
k__Bacteria;p__Bacteroidetes;c__Bacteroidia;o__Bacteroidales;f__Bacteroidaceae;g__Bacteroides;s__Bacteroides_plebeius	0.027051921522	-0.0138154653906	0.0761995762937	-0.0431644982624	-0.0309891772293	-0.0427279943751	-0.0302584460683	-0.00319382375477	0.0289122376994	0.0223646810572	-0.00121671360437	0.0144804227152	0.00195712051982	0.00614431512488	0.0019198026894	1.0	0.00594836643628	-0.00440167943692	-0.0182662119864	0.0171841430014	0.030982176177	-0.000749945768132	-0.0124738141198	-0.0203760730335	-0.00511106794798	-0.0648991220207	0.00799988097591	-0.0336579008533	-0.0425592038525	-0.0474036644398	-0.0465982644405	0.0357639111314	-0.0149809601622	-0.02683734847	0.0215705104735	0.0158058781293	0.0404065958502	-0.0323741492685	0.0053928630608	0.0602793610171	-0.0255022777964	0.04514285654	-0.0495974603297	-0.0195851388186	0.0131362313027	-0.008070250933	-0.0474158680633	0.00191554986899	-0.0018355537345	-0.0479092434009	-0.0212318355856	-0.0438661465103	0.0214725524129	0.0416878106146	-0.0900439851317	0.0376554530397	0.0252799356742	-0.0261119306314	-0.0460617304219
k__Bacteria;p__Bacteroidetes;c__Bacteroidia;o__Bacteroidales;f__Bacteroidaceae;g__Bacteroides;s__Bacteroides_fragilis	0.00288866597	0.00229719184773	0.0464916487787	0.00919910407962	-0.0168451385609	-0.0271449934906	-0.0226523594064	-0.0464476405865	0.00723846421685	-0.0406844812867	-0.0171384283751	-0.0389389211292	-0.0507889247632	-0.0216125122064	0.0633565569381	0.00594836643628	1.0	-0.0113260929658	-0.0355785571211	0.0309503007034	0.0409017032254	-0.00341589754867	0.0333625415056	-0.0036162898751	0.0101076853848	0.0189558040533	0.00560234422811	-0.0806293437515	-0.0209874177033	-0.0297164689749	-0.0460650248323	-0.0519565906585	-0.0162364948555	-0.0418050022663	-0.0443350287759	0.0094739226437	-0.0130573969422	-0.0307715877452	0.0121341011583	-0.0442033914055	-0.00633430445423	0.0173537531621	-0.0336666075457	0.0289887629925	0.025189604823	0.0196976928958	0.058689375499	-0.0358463772262	-0.0506032454869	-0.000464494416266	0.00655224859656	-0.01682442176	0.0367902244164	-0.00247242221873	0.0315505413638	-0.0415288282947	-0.065880051765	-0.0143889167248	0.0013950185789
k__Bacteria;p__Proteobacteria;c__Betaproteobacteria;o__Burkholderiales;f__Sutterellaceae;g__Sutterella;s__Sutterella_wadsworthensis	0.0741244745522	-0.0125977280795	0.0339304166713	-0.0106953795818	-0.0071910292474	0.0387353083951	-0.0200633469419	-0.000157049155092	-0.00270671938151	-0.0325261612715	0.0259512435793	0.0284043119307	0.0223373569862	-0.0154683589604	-0.0849826561126	-0.00440167943692	-0.0113260929658	1.0	0.0140290993356	-0.0112571719185	0.00960975739723	-0.0986592320348	0.0192832660313	0.034434612266	-0.0478739990571	0.0108700410647	0.00523145976103	-0.00764921976155	-0.0406042217177	-0.0137615596736	0.011596640439	0.0737168006447	0.0218856762979	-0.0423529037806	-0.0499525940988	0.00200849212083	-0.0388213805687	-0.0210704227954	-0.00723719797938	-0.0357659790269	-0.00210471391706	-0.0577327163663	-0.0159572094101	-0.0158955103709	0.0435391384673	-0.0546764463239	0.0150860227174	0.0556551236199	-0.0125261282972	0.00651299837112	-0.0394325398314	-0.000984884186743	0.0434372108566	-0.0106649751488	0.0192566169459	-0.0275184360783	0.00360548437005	-0.0291375104281	-0.0134871819555
k__Bacteria;p__Bacteroidetes;c__Bacteroidia;o__Bacteroidales;f__Porphyromonadaceae;g__Barnesiella;s__Barnesiella_intestinihominis	0.0188517832304	-0.0168147355207	0.0344490334472	0.0388962140192	-0.000541520046122	-0.0374870434886	-0.0273649977074	0.0273762267502	-0.0165326613956	-0.0296012604586	-0.0325250838836	-0.0352773725059	-0.00518427201349	-0.0526643387741	-0.000554380715955	-0.0182662119864	-0.0355785571211	0.0140290993356	1.0	-0.0376571409653	0.033292018518	-0.00547457667344	-0.0408216085515	-0.000260586797165	0.0917525552722	0.00341770483393	0.0166244057461	-0.0628585875345	-0.0638763749063	-0.0074513407352	-0.0425798944002	0.0011346899344	-0.000193276776281	0.0449027419524	0.00235435005907	-0.0205817241066	-0.0353376106025	0.0241027121038	-0.0245307982644	-0.104865871589	-0.0523476155583	-0.0556126072004	0.0123307561353	0.0160431589328	-0.0532796448614	0.00549995456119	-0.015528873734	0.00593073954838	-0.00560297140017	0.0413819134825	-0.0295410733087	-0.0513633282082	0.0245492522231	-0.0213228873932	-0.0224793569418	-0.0466346880738	-0.0243543015166	0.0191381117532	-0.0255945021609
k__Bacteria;p__Bacteroidetes;c__Bacteroidia;o__Bacteroidales;f__Odoribacteraceae;g__Odoribacter;s__Odoribacter_splanchnicus	-0.0431650006842	-0.0297785536358	-0.0202452825105	-0.0265189647155	0.0201224970781	-0.0110240485536	-0.0268626560403	-0.0949381200677	0.0233603629374	-0.0239266078602	-0.00753874388705	0.0563397803589	-0.01021331807	-0.0310641903899	-0.0728100462417	0.0171841430014	0.0309503007034	-0.0112571719185	-0.0376571409653	1.0	0.0324312745492	-0.0393320239221	0.031694598692	-0.00070341598851	0.0123104453931	0.000850374570848	-0.0152756677535	0.0324457691241	0.0132612367138	-0.0148503262537	-0.0244842218638	0.026448069974	0.0243360297142	-0.0312577691871	0.0752137904495	-0.0228518151988	-0.0141566858857	0.024270927335	-0.0321948239479	0.0114275034057	-0.000454392637779	0.0584019684234	-0.0127783859797	-0.00335572741576	0.0150465664893	-0.0181590557788	-0.0328893279791	0.00580582259445	0.00513753325944	0.00496789243805	-0.0166552398161	0.0304146320752	-0.0493874564868	0.0811834753357	-0.0222898695241	-0.0431558902415	-0.081260157987	-0.00526690896864	0.011931450613
k__Bacteria;p__Bacteroidetes;c__Bacteroidia;o__Bacteroidales;f__Bacteroidaceae;g__Bacteroides;s__Bacteroides_salyersiae	0.0288585339678	-0.028060675708	-0.0267034895011	-0.0197381488456	0.00366890553896	-0.0245999786496	-0.00946172923838	-0.0906245070304	0.0180366905011	-0.0224912637582	0.00734295040044	0.025145769786	-0.0191621792289	-0.0197510442425	-0.0135168416605	0.030982176177	0.0409017032254	0.00960975739723	0.033292018518	0.0324312745492	1.0	-0.0167054387286	-0.0348477977445	-0.0412804246218	0.0117174125003	-0.0207533021507	-0.0744580125716	-0.0702188495844	-0.00961836145427	-0.00453161454758	0.0101560686668	-0.0199874154788	0.0419874878713	0.108937077192	-0.00344891243501	-0.0247094638399	0.0055044790933	0.011450906315	-0.0192765147328	0.034895790081	-0.0134981236006	-0.0298971951846	-0.0397902994863	-0.0698288534966	-0.0567007309962	-0.0336153564233	-0.0236471562821	0.0392746509701	-0.0325114758198	-0.0371553075373	-0.0520859857795	-0.0111411536077	-0.0802817164041	0.0662525576352	-0.00979433363844	0.00191506796427	-0.0273715137727	-0.0991661256417	-0.0102249858562
k__Bacteria;p__Firmicutes;c__Clostridia;o__Clostridiales;f__Ruminococcaceae;g__Ruminiclostridium;s__[Eubacterium]_siraeum	-0.0468997694208	0.00225100930682	-0.0628174503409	-0.0288032806144	-0.0369858737118	0.0663975670578	0.000656896805205	0.0271051518276	-0.0253528850384	0.0400322616419	0.0106657127475	0.0358917003314	-0.00689607412687	-0.000394679134366	-0.0250849322591	-0.000749945768132	-0.00341589754867	-0.0986592320348	-0.00547457667344	-0.0393320239221	-0.0167054387286	1.0	0.00853826786511	-0.028086546338	0.0925327747818	-0.030645285686	0.0455068427421	0.0262835146465	0.00977694461768	0.0069400901213	0.00221257708799	-0.0133869068177	-0.00734164082994	0.0728163976005	-0.0279488866503	0.000933725006095	0.00459601554822	-0.0355183235897	0.0587971578016	0.046309643085	0.0235862760204	-0.0592465279849	-0.0631341019441	-0.0195478192651	0.0116156561127	-0.0801304020381	-0.00731770265825	0.0400423851985	-0.0816303716403	-0.0343358388634	-0.0217441629522	0.0114337239146	-0.0184933079159	-0.0235514991241	-0.0773532883198	-0.0273062185087	-0.0862420566862	-0.0814748298814	-0.0247105603759
k__Bacteria;p__Proteobacteria;c__Betaproteobacteria;o__Burkholderiales;f__Sutterellaceae;g__Parasutterella;s__Parasutterella_excrementihominis	-0.00563203952733	-0.00242506015284	0.012767124675	-0.00144076037808	-0.0175116217619	-0.0186709737289	0.00969334906329	-0.0541085835133	-0.0282354094836	-0.0426352910169	0.0778892369426	0.0409876722633	-0.010079703803	0.011182858629	-0.0357123105003	-0.0124738141198	0.0333625415056	0.0192832660313	-0.0408216085515	0.031694598692	-0.0348477977445	0.00853826786511	1.0	0.0197122385	0.0322617060191	-0.00312226005182	0.0565836353052	0.00282051366021	0.00156503692766	0.027282432528	-0.0169472710196	-0.0339275962192	0.0409763507992	-0.0172925065509	0.0111301863551	0.0665351734832	-0.0931673169538	-0.0136297270017	0.0120424154549	-0.00980559491815	-0.0449624319086	-0.0134201597783	-0.0743208739874	-0.0369754835749	0.00260063224678	-0.0648919302961	-0.002388044007	-0.0354920894923	0.0113257298205	-0.0886312045113	-0.0257502319276	-0.0443960399997	-0.00929543110362	0.0463144940814	-0.00720255750272	-0.0495118525084	0.012592460374	0.0402395083919	0.0616647127102
k__Bacteria;p__Actinobacteria;c__Actinobacteria;o__Bifidobacteriales;f__Bifidobacteriaceae;g__Bifidobacterium;s__Bifidobacterium_adolescentis	-0.00837312234021	-0.00760441340691	0.0562476292958	0.0372439615339	0.0192761442665	-0.00540559374014	-0.0444972634582	-0.0262567147136	0.0401472446562	0.013032197513	0.0028596860999	-0.0169054957857	-0.0420115990864	0.0413637575805	-0.0416268204138	-0.0203760730335	-0.0036162898751	0.034434612266	-0.000260586797164	-0.00070341598851	-0.0412804246218	-0.028086546338	0.0197122385	1.0	-0.0247682251039	-0.00723469178377	-0.0387206327335	0.0656443618753	-0.0444450795445	0.0178163462777	-0.05559721508	-0.0511566832317	0.0109227412394	-0.0177054329675	-0.0343039398864	0.0317921314865	-0.0142323032247	-0.011787003715	-0.0178917000595	-0.0360624748161	0.0161122821191	-0.0359098882988	0.0450816098918	0.0338469604343	-0.0217613079615	-0.00675565458878	0.0225152626912	-0.0285621106526	-0.0544185332428	-0.074155876573	-0.0453197194024	0.0413691750394	0.0382799587385	-0.0607988389981	0.0209416554517	-0.0568191965163	-0.0641940260642	0.00662521725528	-0.0675040279365
k__Bacteria;p__Firmicutes;c__Clostridia;o__Clostridiales;f__Oscillospiraceae;g__Oscillibacter;s__Oscillibacter_sp._KLE_1745	0.0220683767538	0.0174254866125	-0.0312891418302	-0.0655107543668	-0.0580123709866	-0.0166109615258	-0.00436398600565	0.00833640528424	-0.0137480289872	0.0257261298435	-0.0181713292155	-0.018199615925	-0.00415413051619	0.0567920139151	0.040529188734	-0.00511106794798	0.0101076853848	-0.0478739990571	0.0917525552722	0.0123104453931	0.0117174125003	0.0925327747818	0.0322617060191	-0.0247682251039	1.0	-0.00175859320175	-0.00821311632577	0.0147825656568	0.0164611272095	0.0334657924103	0.0526283338924	-0.0272158171134	0.0394794671806	-0.0167380470848	0.0351882103085	0.00436701169134	-0.0574877852723	0.00747115191323	0.0292160268165	-0.0972312699727	-0.0312450498309	-0.0217612006499	-0.0152883838334	0.000270889490737	-0.0980562648471	-0.0620023677804	0.0272835048519	-0.0279993601147	-0.0367948452599	0.00910955512788	0.0215926947151	0.0350112991131	0.024847091728	-0.00139468336439	0.0204089669474	0.0311612195075	0.0295912759114	-0.0464805184811	-0.0340840081337
k__Bacteria;p__Bacteroidetes;c__Bacteroidia;o__Bacteroidales;f__Bacteroidaceae;g__Bacteroides;s__Bacteroides_coprophilus	0.0199133330344	0.0201228147759	-0.0832636134612	0.0209593537055	-0.0157425253335	0.0562874078452	0.00450231086501	-0.00576943958969	-0.0215289013963	-0.0167401339925	-0.0287654932634	-0.00170021815056	0.0624222454791	-0.0050322615618	0.00360216775548	-0.0648991220207	0.0189558040533	0.0108700410647	0.00341770483393	0.000850374570848	-0.0207533021507	-0.030645285686	-0.00312226005182	-0.00723469178377	-0.00175859320175	1.0	0.0237993349409	-0.0274461105038	0.0474574753358	0.0421763088354	-0.00613736931683	-0.0141501847358	-0.0381437446458	-0.031230733956	-0.0348442659553	-0.0152772947543	0.0317647234263	0.00504839211991	-0.0645137849082	0.00616881642433	-0.078582748129	-0.105017307537	-0.0499343963278	0.0161812966803	-0.0375668003928	0.0027304866018	-0.0112679685898	-0.00854123637933	-0.0424507187912	0.0479973567443	-0.0293030200305	0.0460024809394	-0.0164817793786	0.0432902854388	-0.0230525833665	0.0288928154158	0.0392189939731	-0.0229295533772	-0.0270259092164
k__Bacteria;p__Firmicutes;c__Clostridia;o__Clostridiales;f__Lachnospiraceae;g__Roseburia;s__Roseburia_intestinalis	-0.0811583263004	-0.00363629786593	-0.00185692124688	-0.0393792917013	-0.0416033128775	-0.0758894812677	0.0461085416229	-0.00470933401141	-0.0309428890825	0.0222483887793	-0.0262027865044	0.00219722346117	-6.81840680724e-07	0.0617820653548	-0.0160221805716	0.00799988097591	0.00560234422811	0.00523145976103	0.0166244057461	-0.0152756677535	-0.0744580125716	0.0455068427421	0.0565836353052	-0.0387206327335	-0.00821311632577	0.0237993349409	1.0	0.0435087497605	0.0301840702106	0.0141681375964	-0.016128323389	-0.00975610466931	-0.0382201572037	-0.0425630480959	-0.0160438338074	-0.0368221163966	-0.0365873958088	-0.0526258311977	-0.0256974114622	-0.0582723876717	-0.0155580914601	-0.00498476135073	-0.00966834021471	0.00771311027812	0.0102298184045	0.0131776030843	-0.0982066278528	-0.0218144934363	-0.0245913348132	-0.0123404620367	-0.00622030816375	0.0732437340013	-0.0355370918958	-0.0279155304549	0.0483215195572	-0.0488791864715	0.00314712402545	0.0084921480694	0.0145056966309
k__Bacteria;p__Firmicutes;c__Clostridia;o__Clostridiales;f__Lachnospiraceae;g__Roseburia;s__Roseburia_hominis	0.015752953753	0.0547538770831	-0.0185022163685	-0.0110480585736	-0.0236739026791	-0.0112736116014	-0.040133697537	0.00816208500315	0.0143521451541	-0.0621978575848	-0.0204784619466	0.015951352678	0.0144285369961	-0.0367693376237	0.0035916413607	-0.0336579008533	-0.0806293437515	-0.00764921976155	-0.0628585875345	0.0324457691241	-0.0702188495844	0.0262835146465	0.00282051366021	0.0656443618753	0.0147825656568	-0.0274461105038	0.0435087497605	1.0	-0.0238226188699	0.0212023563328	-0.0149306557362	0.0185066978822	-0.0423036815721	0.0450407807644	-0.0336324975431	-0.0300982524627	0.0173864389232	-0.0293635472901	-0.0280372635232	0.0047468039672	-0.0108894961198	0.0126937291421	0.0206745921881	0.0379921144906	-0.0177405545744	0.0256961261072	0.00487446856839	-0.0244464550099	-0.00403845578666	0.0181590878596	-0.0387603804287	-0.0171232778473	-0.0430520469545	-0.0406124769665	0.0496878069896	0.0278512652408	0.0242911024131	-0.0366681862014	0.0214739557989
k__Bacteria;p__Bacteroidetes;c__Bacteroidia;o__Bacteroidales;f__Porphyromonadaceae;g__Parabacteroides;s__Parabacteroides_johnsonii	-0.0505551781173	-0.0630260788176	0.0329288009578	0.0611787844309	0.0151158635707	-0.0370904933964	-0.0128041935028	-0.0852445163416	-0.0501235726287	0.0283113525853	0.0191127438527	0.0380542726484	-0.00226787217681	-0.140932017753	0.0429254541256	-0.0425592038525	-0.0209874177033	-0.0406042217177	-0.0638763749063	0.0132612367138	-0.00961836145427	0.00977694461768	0.00156503692766	-0.0444450795445	0.0164611272095	0.0474574753358	0.0301840702106	-0.0238226188699	1.0	-0.0134522236203	0.069023666742	-0.0220757864277	-0.114516389199	0.00399697266059	-0.0413869432399	0.019031985586	0.00851375126049	-0.0270475406561	0.031813662913	-0.0374713059143	0.000158563294892	0.0536118278112	-0.00434156841719	-0.00797713297782	-0.0257575659519	-0.0376846310889	-0.0346848693358	0.0159013193676	0.0236847603201	-0.0539471650816	0.0056824088782	0.0156656332925	-0.0719764133611	-0.00233418054805	0.0141453039661	0.0292270872431	0.0194708236601	-0.0344258821476	0.000775442663854
k__Bacteria;p__Actinobacteria;c__Actinobacteria;o__Bifidobacteriales;f__Bifidobacteriaceae;g__Bifidobacterium;s__Bifidobacterium_longum	0.00541178317762	-0.0166949734211	-0.0427007649886	0.00376178078133	-0.0123251127079	-0.0028821056068	0.0133738283691	0.0325504413001	0.00560500016563	-0.0195268471221	-0.0492457289955	-0.0088171295964	0.00065858018562	-0.0751887685682	0.0051743776285	-0.0474036644398	-0.0297164689749	-0.0137615596736	-0.0074513407352	-0.0148503262537	-0.00453161454758	0.0069400901213	0.027282432528	0.0178163462777	0.0334657924103	0.0421763088354	0.0141681375964	0.0212023563328	-0.0134522236203	1.0	0.0352034011926	-0.0294536506859	0.00579175028344	0.00455399868402	-0.0515265551803	0.0137626600605	-0.0133052023552	0.00762173958611	-0.082135349476	-0.0305909169874	-0.0214912482968	-0.0212968806772	-0.0343137636833	0.0497291409255	-0.00934983835964	0.0289204034701	-0.04830903001	0.0142359545962	-0.0310205684426	-0.00136987807246	-0.0268418724863	-0.0152512462405	-0.0189055427622	-0.0387798543107	0.0077125683721	0.0267482273698	-0.00127408472915	-0.0314893952263	-0.0381624693763
