#taxonomy	k__Bacteria;p__Bacteroidetes;c__Bacteroidia;o__Bacteroidales;f__Bacteroidaceae;g__Bacteroides;s__Bacteroides_vulgatus	k__Bacteria;p__Bacteroidetes;c__Bacteroidia;o__Bacteroidales;f__Bacteroidaceae;g__Bacteroides;s__Bacteroides_uniformis	k__Bacteria;p__Bacteroidetes;c__Bacteroidia;o__Bacteroidales;f__Rikenellaceae;g__Alistipes;s__Alistipes_putredinis	k__Bacteria;p__Bacteroidetes;c__Bacteroidia;o__Bacteroidales;f__Prevotellaceae;g__Prevotella;s__Prevotella_copri	k__Bacteria;p__Bacteroidetes;c__Bacteroidia;o__Bacteroidales;f__Bacteroidaceae;g__Bacteroides;s__Bacteroides_stercoris	k__Bacteria;p__Bacteroidetes;c__Bacteroidia;o__Bacteroidales;f__Bacteroidaceae;g__Bacteroides;s__Bacteroides_ovatus	k__Bacteria;p__Bacteroidetes;c__Bacteroidia;o__Bacteroidales;f__Rikenellaceae;g__Alistipes;s__Alistipes_shahii	k__Bacteria;p__Firmicutes;c__Clostridia;o__Clostridiales;f__Ruminococcaceae;g__Faecalibacterium;s__Faecalibacterium_prausnitzii	k__Bacteria;p__Bacteroidetes;c__Bacteroidia;o__Bacteroidales;f__Rikenellaceae;g__Alistipes;s__Alistipes_finegoldii	k__Bacteria;p__Bacteroidetes;c__Bacteroidia;o__Bacteroidales;f__Porphyromonadaceae;g__Parabacteroides;s__Parabacteroides_distasonis	k__Bacteria;p__Bacteroidetes;c__Bacteroidia;o__Bacteroidales;f__Bacteroidaceae;g__Bacteroides;s__Bacteroides_thetaiotaomicron	k__Bacteria;p__Bacteroidetes;c__Bacteroidia;o__Bacteroidales;f__Bacteroidaceae;g__Bacteroides;s__Bacteroides_coprocola	k__Bacteria;p__Bacteroidetes;c__Bacteroidia;o__Bacteroidales;f__Bacteroidaceae;g__Bacteroides;s__Bacteroides_cellulosilyticus	k__Bacteria;p__Bacteroidetes;c__Bacteroidia;o__Bacteroidales;f__Rikenellaceae;g__Alistipes;s__Alistipes_obesi	k__Bacteria;p__Firmicutes;c__Clostridia;o__Clostridiales;f__Lachnospiraceae;g__;s__[Eubacterium]_rectale	k__Bacteria;p__Bacteroidetes;c__Bacteroidia;o__Bacteroidales;f__Bacteroidaceae;g__Bacteroides;s__Bacteroides_plebeius	k__Bacteria;p__Bacteroidetes;c__Bacteroidia;o__Bacteroidales;f__Bacteroidaceae;g__Bacteroides;s__Bacteroides_fragilis	k__Bacteria;p__Proteobacteria;c__Betaproteobacteria;o__Burkholderiales;f__Sutterellaceae;g__Sutterella;s__Sutterella_wadsworthensis	k__Bacteria;p__Bacteroidetes;c__Bacteroidia;o__Bacteroidales;f__Porphyromonadaceae;g__Barnesiella;s__Barnesiella_intestinihominis	k__Bacteria;p__Bacteroidetes;c__Bacteroidia;o__Bacteroidales;f__Odoribacteraceae;g__Odoribacter;s__Odoribacter_splanchnicus	k__Bacteria;p__Bacteroidetes;c__Bacteroidia;o__Bacteroidales;f__Bacteroidaceae;g__Bacteroides;s__Bacteroides_salyersiae	k__Bacteria;p__Firmicutes;c__Clostridia;o__Clostridiales;f__Ruminococcaceae;g__Ruminiclostridium;s__[Eubacterium]_siraeum	k__Bacteria;p__Proteobacteria;c__Betaproteobacteria;o__Burkholderiales;f__Sutterellaceae;g__Parasutterella;s__Parasutterella_excrementihominis	k__Bacteria;p__Actinobacteria;c__Actinobacteria;o__Bifidobacteriales;f__Bifidobacteriaceae;g__Bifidobacterium;s__Bifidobacterium_adolescentis	k__Bacteria;p__Firmicutes;c__Clostridia;o__Clostridiales;f__Oscillospiraceae;g__Oscillibacter;s__Oscillibacter_sp._KLE_1745	k__Bacteria;p__Bacteroidetes;c__Bacteroidia;o__Bacteroidales;f__Bacteroidaceae;g__Bacteroides;s__Bacteroides_coprophilus	k__Bacteria;p__Firmicutes;c__Clostridia;o__Clostridiales;f__Lachnospiraceae;g__Roseburia;s__Roseburia_intestinalis	k__Bacteria;p__Firmicutes;c__Clostridia;o__Clostridiales;f__Lachnospiraceae;g__Roseburia;s__Roseburia_hominis	k__Bacteria;p__Bacteroidetes;c__Bacteroidia;o__Bacteroidales;f__Porphyromonadaceae;g__Parabacteroides;s__Parabacteroides_johnsonii	k__Bacteria;p__Actinobacteria;c__Actinobacteria;o__Bifidobacteriales;f__Bifidobacteriaceae;g__Bifidobacterium;s__Bifidobacterium_longum	k__Bacteria;p__Firmicutes;c__Clostridia;o__Clostridiales;f__;g__Flavonifractor;s__Flavonifractor_plautii	k__Bacteria;p__Firmicutes;c__Clostridia;o__Clostridiales;f__Clostridiaceae;g__Clostridium;s__Clostridium_phoceensis	k__Bacteria;p__Verrucomicrobia;c__Verrucomicrobiae;o__Verrucomicrobiales;f__Akkermansiaceae;g__Akkermansia;s__Akkermansia_muciniphila	k__Bacteria;p__Bacteroidetes;c__Bacteroidia;o__Bacteroidales;f__Prevotellaceae;g__Paraprevotella;s__Paraprevotella_xylaniphila	k__Bacteria;p__Firmicutes;c__Clostridia;o__Clostridiales;f__Ruminococcaceae;g__Ruminococcus;s__Ruminococcus_callidus	k__Bacteria;p__Bacteroidetes;c__Bacteroidia;o__Bacteroidales;f__Rikenellaceae;g__Alistipes;s__Alistipes_senegalensis	k__Bacteria;p__Firmicutes;c__Clostridia;o__Clostridiales;f__Lachnospiraceae;g__Blautia;s__Blautia_sp._KLE_1732	k__Bacteria;p__Bacteroidetes;c__Bacteroidia;o__Bacteroidales;f__Bacteroidaceae;g__Bacteroides;s__Bacteroides_oleiciplenus	k__Bacteria;p__Firmicutes;c__Clostridia;o__Clostridiales;f__Ruminococcaceae;g__Ruminococcus;s__Ruminococcus_bicirculans	k__Bacteria;p__Bacteroidetes;c__Bacteroidia;o__Bacteroidales;f__Bacteroidaceae;g__Bacteroides;s__Bacteroides_fluxus	k__Bacteria;p__Bacteroidetes;c__Bacteroidia;o__Bacteroidales;f__Prevotellaceae;g__Prevotella;s__Prevotella_stercorea	k__Bacteria;p__Firmicutes;c__Clostridia;o__Clostridiales;f__Lachnospiraceae;g__Dorea;s__Dorea_longicatena	k__Bacteria;p__Firmicutes;c__Clostridia;o__Clostridiales;f__Eubacteriaceae;g__Eubacterium;s__[Eubacterium]_eligens	k__Bacteria;p__Firmicutes;c__Clostridia;o__Clostridiales;f__Ruminococcaceae;g__;s__Ruminococcaceae_bacterium_D16	k__Bacteria;p__Firmicutes;c__Clostridia;o__Clostridiales;f__Lachnospiraceae;g__Coprococcus;s__Coprococcus_comes	k__Bacteria;p__Proteobacteria;c__Gammaproteobacteria;o__Enterobacterales;f__Enterobacteriaceae;g__Escherichia;s__Escherichia_coli	k__Bacteria;p__Firmicutes;c__Clostridia;o__Clostridiales;f__Ruminococcaceae;g__Anaerotruncus;s__Anaerotruncus_colihominis	k__Bacteria;p__Firmicutes;c__Clostridia;o__Clostridiales;f__Lachnospiraceae;g__Blautia;s__Blautia_obeum	k__Bacteria;p__Bacteroidetes;c__Bacteroidia;o__Bacteroidales;f__Odoribacteraceae;g__Odoribacter;s__Odoribacter_laneus	k__Bacteria;p__Firmicutes;c__Clostridia;o__Clostridiales;f__Ruminococcaceae;g__Ruminiclostridium;s__[Clostridium]_leptum	k__Bacteria;p__Bacteroidetes;c__Bacteroidia;o__Bacteroidales;f__Porphyromonadaceae;g__Parabacteroides;s__Parabacteroides_goldsteinii	k__Bacteria;p__Firmicutes;c__Clostridia;o__Clostridiales;f__Lachnospiraceae;g__Anaerostipes;s__Anaerostipes_hadrus	k__Bacteria;p__Firmicutes;c__Clostridia;o__Clostridiales;f__Ruminococcaceae;g__Ruminococcus;s__Ruminococcus_lactaris	k__Bacteria;p__Firmicutes;c__Clostridia;o__Clostridiales;f__Clostridiaceae;g__Clostridium;s__Clostridium_sp._L2-50	k__Bacteria;p__Firmicutes;c__Clostridia;o__Clostridiales;f__Clostridiaceae;g__Clostridium;s__Clostridium_sp._M62/1	k__Bacteria;p__Firmicutes;c__Clostridia;o__Clostridiales;f__;g__Intestinimonas;s__Intestinimonas_butyriciproducens	k__Bacteria;p__Actinobacteria;c__Actinobacteria;o__Bifidobacteriales;f__Bifidobacteriaceae;g__Bifidobacterium;s__Bifidobacterium_bifidum	k__Bacteria;p__Firmicutes;c__Negativicutes;o__Veillonellales;f__Veillonellaceae;g__Dialister;s__Dialister_invisus	k__Bacteria;p__Bacteroidetes;c__Bacteroidia;o__Bacteroidales;f__Bacteroidaceae;g__Bacteroides;s__Bacteroides_salanitronis
k__Bacteria;p__Bacteroidetes;c__Bacteroidia;o__Bacteroidales;f__Bacteroidaceae;g__Bacteroides;s__Bacteroides_vulgatus	1.0	0.0569209973933	-0.00669209339983	-0.0219408147257	-0.00121214548576	0.0419115646867	-0.0629407135866	-0.0149067023637	-0.0226596288993	0.0608393061372	0.0128748182556	-0.000207698173341	-0.0491538481333	0.0094845111133	-0.0170776867668	0.0152244835802	0.0375288516898	-0.0432419465079	0.0213353267487	0.0273934253133	-0.00402937167172	0.00933844794155	0.000485572957965	-0.0199110604253	-0.0304707858899	0.0810473742559	-0.0421107840979	-0.0654271113223	0.0383902147736	-0.0560807461069	0.00941705949913	-0.038494356978	-0.0365260155006	-0.0236249628718	-0.0136018462221	-0.0268309613275	-0.0451579064036	-0.0473828370321	0.0230434459952	0.000312195003207	0.000425387587202	0.0383115882391	-0.0533107805169	-0.0589146304235	-0.000120114741606	-0.0416247897577	0.00391327751147	-0.0131362512443	-0.0534493856731	-0.0361268540817	-0.0488848528405	0.0270936957695	-0.0179914885022	-0.0795994545998	-0.030255283493	0.0155302341669	-0.00727326557623	0.0472653056858	-0.0144066286497
k__Bacteria;p__Bacteroidetes;c__Bacteroidia;o__Bacteroidales;f__Bacteroidaceae;g__Bacteroides;s__Bacteroides_uniformis	0.0569209973933	1.0	-0.00103290124762	0.0640436253374	-0.0713537592711	-0.0463930103155	-0.0587053529827	-0.0889097439248	-0.0382388233642	-0.024226328817	-0.0186464223948	-0.0460914459524	0.0180169961911	-0.000831408751775	-0.00821464621677	-0.00135687705484	-0.00135446458958	0.0616042347036	0.00641544892881	0.0411261895715	-0.00609198101751	-0.0858154584446	-0.017073092567	0.0038927137158	0.00389814874132	-0.0443201829198	0.0124149274989	-0.00453007680598	-0.0793066933617	0.0713198837694	0.0459427307504	-0.0491796745317	-0.0616437984342	-0.0124012748377	-0.0121941424217	-0.0542906571424	-0.0138127857101	-0.0232910747153	0.0102906776793	0.0477442018716	0.0217862481665	0.0639508127533	0.0146224170345	0.059256933889	-0.0467822693425	0.00239463269709	0.00515755326268	0.0354447422825	0.0489096984506	-0.0271193659631	0.0135499726385	0.0170866710131	0.0175083676232	-0.0883224030668	0.0439281295691	-0.033189318501	0.00352512410954	-0.026479749983	-0.0538656317238
k__Bacteria;p__Bacteroidetes;c__Bacteroidia;o__Bacteroidales;f__Rikenellaceae;g__Alistipes;s__Alistipes_putredinis	-0.00669209339983	-0.00103290124762	1.0	0.00960579164249	-0.0152087103408	-0.045541610392	0.0118427106001	-0.0346888990363	0.0344955129613	0.0155755766814	0.00605080798643	0.0166016447747	-0.0201579848949	0.0822171014392	-0.0261119286875	0.0770455183162	-0.00153022913861	0.0168120325751	-0.0819814208067	-0.0723411482789	0.0376962288247	-0.0388179685792	0.0125587689791	-0.0198079551179	0.00332505312685	0.0403572463247	0.0264586047919	0.0350603377526	-0.0647887640843	0.0211971091995	-0.00853691142651	-0.0827634553446	0.0013047807554	-0.0358943922181	-0.00697645271246	0.00101349236785	0.0130465849561	-0.00866321813847	-0.0320815257176	-0.0328812524938	-0.0224047704072	0.000530170885353	0.00689222692956	-0.0127301185059	-0.0277888115983	0.0122126057095	0.00490587016817	-0.000590638480089	0.0132091151317	-0.0408608407929	-0.0439016201945	-0.00564158559418	-0.0012850947388	0.0156782928619	0.011943082271	-0.0127105938286	-0.0198036827816	-0.0190955466432	-0.0151988695602
k__Bacteria;p__Bacteroidetes;c__Bacteroidia;o__Bacteroidales;f__Prevotellaceae;g__Prevotella;s__Prevotella_copri	-0.0219408147257	0.0640436253374	0.00960579164249	1.0	-0.027060983519	0.00304614720516	-0.0454093452002	-0.0154593977788	-0.0177817206627	-0.0283564169228	-0.0408941052987	0.0144024248679	0.017289215611	0.00202853736086	0.0102247385262	0.0473250677984	-0.0210714087046	0.0545875301493	-0.00102397098189	-0.00212606618685	-0.0271065153849	-0.0283435434175	-0.0294697081092	-0.0360997144486	-0.004971986617	0.00581078089153	-0.0372729243329	-0.00690712072607	-0.000127707608561	-0.0470310996834	-0.0198499099357	0.0186672507045	-0.0364857140413	-0.0122234023437	-0.0516296479522	-0.0742641717648	0.0746918242624	0.0534829147992	-0.00785732885854	0.042539077623	0.00687807206058	0.00315760597049	0.0221922762813	0.0161747886748	-0.00569613129742	0.00771927341261	-0.0763231680319	-0.0284735164915	0.0229996347294	-0.0292617412168	0.0181923075391	-0.0181660890676	0.0324136122579	0.00957374631014	0.0195273080343	-0.0124165753358	-0.0104820264455	-0.0250557921973	-0.044779174944
k__Bacteria;p__Bacteroidetes;c__Bacteroidia;o__Bacteroidales;f__Bacteroidaceae;g__Bacteroides;s__Bacteroides_stercoris	-0.00121214548576	-0.0713537592711	-0.0152087103408	-0.027060983519	1.0	-0.0154989560815	-0.0464846755625	0.0229612973873	0.014027600444	0.00236531526778	-0.0174997188705	-0.0226048166043	-0.0290363009479	0.034435651892	-0.00989074872386	-0.00937809633044	-0.0203524313271	0.00327916802994	-0.0406202916065	0.0153616612339	-0.0163386981998	-0.0247865749856	0.0407006803592	0.0432541061012	0.0435578796354	0.0185487446951	-0.00200402459148	0.0324764415496	0.0286356645427	-0.00434697558968	-0.0618309923548	0.0456539696078	-0.0752068057515	0.0206669021131	0.00430523365408	0.0549888311118	-0.0520392500776	-0.0118799016216	-0.0143197482949	-0.00873824929201	-0.011193616476	-0.0645057937155	-0.0328786434136	-0.0628569549939	-0.0158998632503	-0.0227244542061	0.000496828546739	-0.0502159963677	-0.0143229862289	0.0122883092385	0.00779381261566	-0.026801725007	-0.0608896909953	-0.0663815099485	-0.00187969291467	0.031915320956	-0.0218296777621	0.0112723315359	0.048070488305
k__Bacteria;p__Bacteroidetes;c__Bacteroidia;o__Bacteroidales;f__Bacteroidaceae;g__Bacteroides;s__Bacteroides_ovatus	0.0419115646867	-0.0463930103155	-0.045541610392	0.00304614720516	-0.0154989560815	1.0	-0.0032119022701	-0.00999414054783	0.097064661725	0.0119014004661	-0.0147738728235	0.00536280797778	-0.0374887559963	0.0352830778332	-0.0585397344995	0.00771002730729	0.00949546255956	0.0344355777235	-0.0228854769779	-0.0187883131361	-0.00288584867862	0.0290210828807	-0.0272889812205	-0.0737712384116	-0.00312227915114	-0.0551594340476	0.0352771683175	0.0492219187645	-0.0259064264221	0.0138769958873	-0.00913078170252	0.0120371225172	-0.0598392023038	-0.0184751305204	0.0103891112952	-0.0254067421096	-0.0265230961524	0.00644182494889	-0.0051827757569	-0.0296276641258	-0.0747358390926	0.030535401605	-0.0154403254041	-0.0214492662345	0.0427701125962	-0.0224129472436	0.00096184166178	-0.0753886717161	0.014599932382	-0.095339548922	0.0606035289094	0.027203537605	0.0152462900789	0.0151758320275	-0.0780233177354	-0.0121062688168	-0.0522451418791	0.0196025627908	-0.0173007566373
k__Bacteria;p__Bacteroidetes;c__Bacteroidia;o__Bacteroidales;f__Rikenellaceae;g__Alistipes;s__Alistipes_shahii	-0.0629407135866	-0.0587053529827	0.0118427106001	-0.0454093452002	-0.0464846755625	-0.0032119022701	1.0	-9.39921173119e-05	0.0158103361726	-0.00818575227612	-0.0115303801808	0.00811900784433	0.0110369835472	0.0264617973899	0.0317218257348	0.0789157235011	-0.0402226851377	-0.0116211736828	0.060981051058	-0.0450499988187	-0.0321353207859	-0.0272580619524	-0.0723405353191	-0.013479343441	0.0407448349801	0.0137601880318	-0.0461389266833	-0.000836972758009	0.00239216182855	0.0251431971403	0.00401937590996	-0.031540571099	-0.0821875387574	-0.0287336259647	-0.00958141256507	0.0225905610452	0.0146284017658	0.0214778040531	0.0139815595706	0.0272046698461	0.0587626787988	-0.00695164173114	-0.00934173700115	0.021099434227	0.0362582801851	-0.0300548545791	0.0246083395565	0.016488518065	-0.00913062094553	-0.0161397618529	-0.00221605448375	0.0322113174357	-0.0706125053318	-0.0196392095576	-0.030197721053	-0.0232355457303	0.0151334874241	-0.0184215256762	0.00796396152453
k__Bacteria;p__Firmicutes;c__Clostridia;o__Clostridiales;f__Ruminococcaceae;g__Faecalibacterium;s__Faecalibacterium_prausnitzii	-0.0149067023637	-0.0889097439248	-0.0346888990363	-0.0154593977788	0.0229612973873	-0.00999414054783	-9.39921173119e-05	1.0	-0.0183501929222	-0.00980258697786	0.0012010671953	-0.0575171513158	0.0120483542824	0.0305544549285	-0.0136580563029	-0.0912569945348	-0.0108511577647	0.0111895481431	-0.00599320185092	0.0509084203245	-0.0221341553234	-0.0339157956184	-0.0768602178755	-0.0119834765352	-0.0387829154632	0.013802324809	0.106247350699	-0.0249397267809	-0.0428385340162	-0.0270538412828	0.00495850462603	-0.027286618122	0.0128416179361	0.0179774715093	-0.000705218379073	-0.0745469036494	0.0172464308042	-0.0131146547847	-0.0182958004226	-0.0479495094623	-0.0125234535453	-0.110382856637	-0.0661644355322	-0.0125718004987	0.000499712990878	0.0484616540862	-0.00373307172519	-0.0142158556875	0.0227483355532	-0.00479889450426	-0.0427254653344	-0.0427377901038	0.00436717880373	0.0674399631896	0.0104093953176	0.0176572422341	-0.0138833725319	-0.0125477940368	0.0656016243169
k__Bacteria;p__Bacteroidetes;c__Bacteroidia;o__Bacteroidales;f__Rikenellaceae;g__Alistipes;s__Alistipes_finegoldii	-0.0226596288993	-0.0382388233642	0.0344955129613	-0.0177817206627	0.014027600444	0.097064661725	0.0158103361726	-0.0183501929222	1.0	0.0513551282781	-0.00460793538035	-0.0299845544583	-0.0554863932414	0.00128287896845	0.000900278910464	-0.00844637067821	0.0310007704724	-0.0491545099119	-0.0967757644421	-0.0190860293823	-0.0448984652261	-0.00661752303699	-0.0586137433758	0.053243230653	-0.0229081881104	0.00680804739279	0.0480324768877	-0.0577406600237	-0.0406389585031	-0.0177478803208	-0.0360146056014	0.00207855837802	0.0167509203124	-0.0715279326449	-0.0276473413811	-0.0307647959903	-0.0304081065577	0.0143049835298	0.0575740728923	0.0235317949355	-0.0172874793201	0.0210976274465	-0.114064149065	0.0212340679382	-0.032784484718	0.0068720635545	-0.0112439354992	0.0454907437771	-0.0260721933145	0.0331716879827	-0.0231427295551	-0.0721440381845	0.0307505829614	-0.0595582737495	0.00384733107167	0.0121734009692	-0.0163060461817	0.00582512042435	-0.00561710110859
k__Bacteria;p__Bacteroidetes;c__Bacteroidia;o__Bacteroidales;f__Porphyromonadaceae;g__Parabacteroides;s__Parabacteroides_distasonis	0.0608393061372	-0.024226328817	0.0155755766814	-0.0283564169228	0.00236531526778	0.0119014004661	-0.00818575227612	-0.00980258697786	0.0513551282781	1.0	0.0282785321648	-0.0130489417197	-0.0472394771503	-0.0609451177825	0.0314991769474	0.00726551904968	-0.00590651330856	-0.049936183784	-0.00389239210484	-0.019297881427	0.0562293957121	-0.0127208167531	-0.0135877041537	-0.0271824411244	0.0486405574834	-0.0140112889968	0.00163322050968	-0.0348620673661	-0.0156304575563	-0.00965590399312	-0.0182173959149	-0.0435340137664	0.0416922075519	-0.0270186531991	0.0550043469374	0.0216637942813	-0.00648511835251	-0.00969612902495	-0.0347743833949	-0.0106813441205	-0.0817492249776	0.00216280454931	-0.00299656551788	-0.00601756712933	-0.0220290922395	0.0291274433511	0.0174586275267	-0.0185371670387	-0.0326173961898	-0.0266684565724	0.00931051340832	-0.00178347468163	-0.0221129871067	-0.0431398050652	0.0584357439871	-0.0142849547331	0.0127419595376	-0.0338821282628	0.0154808795797
k__Bacteria;p__Bacteroidetes;c__Bacteroidia;o__Bacteroidales;f__Bacteroidaceae;g__Bacteroides;s__Bacteroides_thetaiotaomicron	0.0128748182556	-0.0186464223948	0.00605080798643	-0.0408941052987	-0.0174997188705	-0.0147738728235	-0.0115303801808	0.0012010671953	-0.00460793538035	0.0282785321648	1.0	0.0269353810914	0.0116715421005	-0.115373793286	0.00379183451218	-0.0618780699287	-0.0379438607827	-0.0347646018208	-0.00591211758161	0.0214874179807	-0.0578282875397	-0.00649912896496	0.0111405504493	0.0161895445248	-0.0370610392659	0.0275157888581	-0.0476266104911	-0.0382212014884	-0.05978097737	0.0677945346244	0.00670800149099	-0.062138555344	0.0805870770304	-0.00681368681737	0.0527022580123	-0.0903148244679	0.0128038720134	-0.0455596040498	-0.0345501473071	-0.0671748186696	0.0218958755933	-0.041956462782	0.0109156020831	0.0523775406815	0.016681426679	-0.0865719860649	0.0185795841859	0.0262313896582	-0.0383373762996	-0.00472913962854	-0.0603197335363	-0.0186357277207	-0.00785346757101	0.0490878242219	-0.0255663124028	-0.00636415764276	0.010276954837	0.016183960328	0.00725515199965
k__Bacteria;p__Bacteroidetes;c__Bacteroidia;o__Bacteroidales;f__Bacteroidaceae;g__Bacteroides;s__Bacteroides_coprocola	-0.000207698173341	-0.0460914459524	0.0166016447747	0.0144024248679	-0.0226048166043	0.00536280797778	0.00811900784433	-0.0575171513158	-0.0299845544583	-0.0130489417197	0.0269353810914	1.0	-0.0111987450707	-0.00295829464003	0.0272079248061	-0.0571519946996	-0.0127525537322	-0.0438569572464	-0.0533782326619	0.0125069967789	0.0728100458829	-0.0585605145169	0.0153616455982	0.0208011331378	0.00911955389168	0.0549081701147	-0.0684080490861	0.00101909878011	0.00204982434037	-0.0320405244059	-0.0177490420919	-0.0212254193308	-0.0250102156479	-0.0543530580157	-0.0198259500498	-0.0231427525324	-0.00542229508043	-0.0214355111352	-0.0449954822198	-0.0115439490942	0.0143811196035	0.0224779497951	0.0305900094293	-0.0328443836182	0.00500572604994	0.00753155702077	-0.0152938487606	0.00399906056382	-0.0591962820181	0.0123959422336	0.0602549771636	0.00223893699306	-0.0166530145529	0.0222137430796	0.0111060040993	-0.0131856041743	-0.0436231482909	-0.0621733399144	-0.0326557260014
k__Bacteria;p__Bacteroidetes;c__Bacteroidia;o__Bacteroidales;f__Bacteroidaceae;g__Bacteroides;s__Bacteroides_cellulosilyticus	-0.0491538481333	0.0180169961911	-0.0201579848949	0.017289215611	-0.0290363009479	-0.0374887559963	0.0110369835472	0.0120483542824	-0.0554863932414	-0.0472394771503	0.0116715421005	-0.0111987450707	1.0	-0.0224643041584	-0.00239775169152	0.00193909270842	0.0330289170783	-0.01930282252	0.0505719788582	0.0184659789084	0.0176955919758	0.0462144582244	0.0325412528753	0.0251699290761	0.0214649583931	-0.0360389096263	-0.0215327726035	-0.0193234451005	0.00396555360762	0.0392247763792	-0.00850406311906	0.0135963899568	-0.00387973760108	0.0719446694172	0.00043843111282	-0.0246316305596	0.0123543905584	0.0452341495166	0.00613529576949	-0.0138878400447	0.00458453744135	0.00357240507956	-0.0634998562251	0.0357628285035	-0.0500210600027	-0.0682378919637	-0.0340641703571	0.0454989321859	0.0387214507376	0.0575013030812	-0.0738034412119	-0.0041612104353	-0.0279892107602	0.0149169815818	-0.0773335229347	-0.019659298593	-0.030506680294	-0.0388784264051	0.0463515895419
k__Bacteria;p__Bacteroidetes;c__Bacteroidia;o__Bacteroidales;f__Rikenellaceae;g__Alistipes;s__Alistipes_obesi	0.0094845111133	-0.000831408751775	0.0822171014392	0.00202853736086	0.034435651892	0.0352830778332	0.0264617973899	0.0305544549285	0.00128287896845	-0.0609451177825	-0.115373793286	-0.00295829464003	-0.0224643041584	1.0	-0.0579101352984	-0.0442159220881	0.0172695049074	-0.0338382679839	-0.00529289328553	-0.0126453396799	-0.0153407905418	0.0379833588238	0.0331385527198	0.0121628176736	-0.0215638252158	0.0133184245917	-0.0252512840232	-0.0926874732793	0.0164107231566	-0.0346598861957	0.0117297355866	0.00997859731348	-0.0227970950019	-0.0619177117258	-0.0178858141444	0.0294611703388	0.0368709897432	-0.00778503431424	0.0157228840993	-0.0411314533441	-0.00918488241233	-0.00102940074757	0.034194368529	-0.0358546941668	-0.0459642695288	0.00624526501847	-0.0366509147434	0.0460644793067	0.0149482818611	0.0309496695891	0.024065319411	-0.0349331082148	0.0139612977521	-0.00836637113337	-0.0518053523872	-0.0310616506639	0.000681351606294	-0.0744495241741	-0.0693072512083
k__Bacteria;p__Firmicutes;c__Clostridia;o__Clostridiales;f__Lachnospiraceae;g__;s__[Eubacterium]_rectale	-0.0170776867668	-0.00821464621677	-0.0261119286875	0.0102247385262	-0.00989074872386	-0.0585397344995	0.0317218257348	-0.0136580563029	0.000900278910464	0.0314991769474	0.00379183451218	0.0272079248061	-0.00239775169152	-0.0579101352984	1.0	0.0125078306658	0.065511024458	-0.0028160310708	0.00391597554943	0.0062301658429	0.0110393148886	0.00816255265043	0.0344053650213	-0.0491287942963	-0.0141581073094	-0.0144989240707	-0.0139061159185	0.0444537298545	0.0309271621994	-0.0182487813103	0.0206738451977	-0.0367319286946	0.015868176894	-0.0213202995079	0.0571682326522	0.0320941823537	0.00364237981284	-0.0304618150322	-0.0406647037407	-0.00998010346246	-0.0180984718053	0.0708633919922	-0.027270261199	-0.00448416015726	-0.00244328140581	-0.0231599028578	0.00187613842608	0.0178247216444	-0.0405877058353	0.00540109562517	-0.0646290528358	0.0253675214097	0.0458311704546	-0.0699211893021	-0.0197679172619	0.0293256097696	-0.0305006548113	0.0754265462126	-0.0312692507963
k__Bacteria;p__Bacteroidetes;c__Bacteroidia;o__Bacteroidales;f__Bacteroidaceae;g__Bacteroides;s__Bacteroides_plebeius	0.0152244835802	-0.00135687705484	0.0770455183162	0.0473250677984	-0.00937809633044	0.00771002730729	0.0789157235011	-0.0912569945348	-0.00844637067821	0.00726551904968	-0.0618780699287	-0.0571519946996	0.00193909270842	-0.0442159220881	0.0125078306658	1.0	-0.00563312173603	-0.022831430937	-0.0100856868056	-0.0225850543152	0.00681431863567	-0.0638840984856	0.0720189806802	-0.0324763514495	0.000159481639654	0.00932272835587	-0.0895007645382	-0.0254588131354	-0.0113510393956	-0.0312327878203	-6.39674254594e-05	-0.0256163060694	-0.0314611958761	-0.00115672090107	-0.033598325624	-0.0347364104493	0.0159910789584	-0.0504787502869	0.0194180513722	0.0476885408006	-0.0516773507686	-0.021981895835	-0.0778028504475	0.0765053240749	0.0357631253536	-0.0401143132622	-0.0246262911186	-0.000840218545129	0.0105631363586	0.0296709130043	-0.00110134414251	0.0661948069785	-0.0344503043304	0.0257957134219	-0.0460304703824	-0.0172517866591	-0.0285849607778	-0.0148465244864	0.00325307062505
k__Bacteria;p__Bacteroidetes;c__Bacteroidia;o__Bacteroidales;f__Bacteroidaceae;g__Bacteroides;s__Bacteroides_fragilis	0.0375288516898	-0.00135446458958	-0.00153022913861	-0.0210714087046	-0.0203524313271	0.00949546255956	-0.0402226851377	-0.0108511577647	0.0310007704724	-0.00590651330856	-0.0379438607827	-0.0127525537322	0.0330289170783	0.0172695049074	0.065511024458	-0.00563312173602	1.0	-0.0201388223059	-0.00294619431175	0.01631135742	-0.060566907349	-0.0345447245572	-0.0592856035216	0.0537334306205	0.0229433094227	-0.0508828342556	-0.0873857385108	-0.0341910630707	0.0309896457124	-0.0354640440691	0.0238445465817	-0.0131998401419	-0.0117552709041	0.0186425741968	-0.144109060781	0.00817370314767	0.005218808016	0.0148608046084	0.00280366905368	0.0123930970009	-0.0865079840961	-0.0253153485783	-0.0238942971908	0.00126875566814	0.0157368799838	-0.0208390616556	-0.0123081485027	-0.00753759526677	-0.027700932714	-0.0652007167068	0.0300403933406	0.0225129428935	-0.0115894411985	-0.0075358101653	-0.00194495909181	-0.0199612768013	-0.0217377374373	0.0570325809043	-0.0012777864576
k__Bacteria;p__Proteobacteria;c__Betaproteobacteria;o__Burkholderiales;f__Sutterellaceae;g__Sutterella;s__Sutterella_wadsworthensis	-0.0432419465079	0.0616042347036	0.0168120325751	0.0545875301493	0.00327916802994	0.0344355777235	-0.0116211736828	0.0111895481431	-0.0491545099119	-0.049936183784	-0.0347646018208	-0.0438569572464	-0.01930282252	-0.0338382679839	-0.0028160310708	-0.022831430937	-0.0201388223059	1.0	-0.0509685742942	0.0442071384677	0.0208386222593	-0.00782987240002	0.0205863759882	0.020965261626	-0.0555255145899	-0.0693614886475	0.0177272515002	-0.0136131834949	0.000493348303437	0.00221332097419	-0.00677085295716	-0.00622704300754	-0.0246744365568	0.0755699022934	-0.0328626109276	0.0217456031301	-0.0209948939714	0.00922998452452	-0.103275621881	0.00538771593377	-0.0185954424802	0.00142796679139	-0.0150673134892	0.000337943398732	-0.0956607816337	0.0528125093476	-0.0228447240694	-0.0315655187515	-0.041832880421	0.0239729626406	-0.00706689295813	-0.00609244312684	0.0296466790831	-0.0231258351416	0.0186298170765	0.0233004080683	0.00928458992779	-0.0252555032403	-0.0171789420945
k__Bacteria;p__Bacteroidetes;c__Bacteroidia;o__Bacteroidales;f__Porphyromonadaceae;g__Barnesiella;s__Barnesiella_intestinihominis	0.0213353267487	0.00641544892881	-0.0819814208067	-0.00102397098189	-0.0406202916065	-0.0228854769779	0.060981051058	-0.00599320185092	-0.0967757644421	-0.00389239210484	-0.00591211758161	-0.0533782326619	0.0505719788582	-0.00529289328553	0.00391597554943	-0.0100856868056	-0.00294619431175	-0.0509685742942	1.0	-0.0292316804548	-0.0359399997819	-0.0281710088105	0.0157002067168	-0.0240540242984	0.0912553902441	0.079592133251	0.0464304984644	0.0300254380081	-0.044521524025	0.00189853225345	0.0718834071726	0.0193508860917	-0.0125255088956	0.0114677048324	-0.0149019852871	0.00287073528621	0.0400354481816	0.0344529383177	-0.0370040021956	0.0101150671816	0.00611457626943	0.0522804715819	0.0217631136512	-0.0387939528245	0.000801990595527	-0.0279198450383	-0.0336968408438	0.0219942569912	-0.000118757257041	0.0191729029249	-0.0571843592244	-0.0611389523617	-0.0248508875486	-0.0212303752474	0.00227013344482	-0.0272672562489	-0.0290380147536	-0.0160016566324	-0.0132009085046
k__Bacteria;p__Bacteroidetes;c__Bacteroidia;o__Bacteroidales;f__Odoribacteraceae;g__Odoribacter;s__Odoribacter_splanchnicus	0.0273934253133	0.0411261895715	-0.0723411482789	-0.00212606618685	0.0153616612339	-0.0187883131361	-0.0450499988187	0.0509084203245	-0.0190860293823	-0.019297881427	0.0214874179807	0.0125069967789	0.0184659789084	-0.0126453396799	0.0062301658429	-0.0225850543152	0.01631135742	0.0442071384677	-0.0292316804548	1.0	0.0082397515565	0.0017984291648	-0.0111142386561	-0.00440241728894	-0.0236383951683	0.00158539802368	-0.00148495733441	-0.02329537297	0.053632701304	-0.00160116884619	-0.0664571570002	0.0650476123738	-0.0534645995596	0.00356516310919	-0.0483498422667	-0.0626990862446	-0.0225503558405	-0.00539125655302	-1.72621585744e-05	-0.00225296273715	-0.0125758025307	0.0747304496424	0.0355980927888	0.0297676192731	0.0192688396464	-0.0574699874667	-0.041356141638	-0.00137387647401	-0.00665736618769	-0.0124445084553	-0.00930121044764	-0.00995060761554	-0.0186269065315	0.0202960721738	-0.0462991282711	-0.0618351289604	0.020617158927	0.0618902905329	-0.00425553200449
k__Bacteria;p__Bacteroidetes;c__Bacteroidia;o__Bacteroidales;f__Bacteroidaceae;g__Bacteroides;s__Bacteroides_salyersiae	-0.00402937167172	-0.00609198101751	0.0376962288247	-0.0271065153849	-0.0163386981998	-0.00288584867862	-0.0321353207859	-0.0221341553234	-0.0448984652261	0.0562293957121	-0.0578282875397	0.0728100458829	0.0176955919758	-0.0153407905418	0.0110393148886	0.00681431863567	-0.060566907349	0.0208386222593	-0.0359399997819	0.0082397515565	1.0	0.0333371248591	-0.0217848346294	-0.0276200957077	-0.0396527900037	0.0314435085521	0.0360636036221	-0.00339866682857	0.00737079566339	-0.0555187583466	0.0190269138435	-0.00345145183441	-0.0198826942655	0.014699717394	0.0444055183336	0.000117409270184	-0.0291022260056	-0.0204701285748	-0.0306246711863	-0.0269292553598	-0.0142854058601	-0.0599258392586	-0.0461221821261	0.0191273201092	-0.0123759770582	-0.0321330091277	0.0186537734896	0.000156750210268	-0.0481779094828	-0.0166586744902	-0.018599267551	-0.0401749813834	-0.0138201955747	-0.0167809677689	-0.0487575818447	-0.01511642565	-0.0258386519264	-0.0765277016067	0.00842228461205
k__Bacteria;p__Firmicutes;c__Clostridia;o__Clostridiales;f__Ruminococcaceae;g__Ruminiclostridium;s__[Eubacterium]_siraeum	0.00933844794155	-0.0858154584446	-0.0388179685792	-0.0283435434175	-0.0247865749856	0.0290210828807	-0.0272580619524	-0.0339157956184	-0.00661752303699	-0.0127208167531	-0.00649912896496	-0.0585605145169	0.0462144582244	0.0379833588238	0.00816255265042	-0.0638840984856	-0.0345447245572	-0.00782987240002	-0.0281710088105	0.0017984291648	0.0333371248591	1.0	-0.0287209480849	-0.0491375617061	-0.0387062413394	0.0280801729809	0.00195273526315	0.082929455169	0.00964701256882	-0.0146902857356	0.0109480533836	-0.00713924264782	-0.0159364554071	0.0147535135855	0.0805688750662	0.0174982521751	0.0196856835487	-0.0140185083017	0.0288359772636	0.0271875554887	-0.0107791949418	0.018974287701	-0.0417305012968	0.0266064574027	0.0105474932344	-0.0352083612703	-0.0432227656263	0.0216522739252	-0.0145304635459	-0.0575904770059	-0.0433310010094	-0.0284888309462	0.0175441762233	0.119274426978	-0.0187569699763	-0.0529498935104	-0.0342819594632	-0.0026571494018	0.0036559768051
k__Bacteria;p__Proteobacteria;c__Betaproteobacteria;o__Burkholderiales;f__Sutterellaceae;g__Parasutterella;s__Parasutterella_excrementihominis	0.000485572957965	-0.017073092567	0.0125587689791	-0.0294697081092	0.0407006803592	-0.0272889812205	-0.0723405353191	-0.0768602178755	-0.0586137433758	-0.0135877041537	0.0111405504493	0.0153616455982	0.0325412528753	0.0331385527198	0.0344053650213	0.0720189806802	-0.0592856035216	0.0205863759882	0.0157002067168	-0.0111142386561	-0.0217848346294	-0.0287209480849	1.0	-0.0436662450082	-0.0194020882413	0.0056251523302	-0.0426305908103	0.0704468807568	-0.0304857088207	-0.00437421224112	-0.0314711784816	-0.0381196224789	0.00308779925716	-0.0337020656168	-0.0387958742792	0.0146996115588	0.0344430924667	0.00607727884405	0.026808797586	-0.0232463351841	-0.0314553014653	-0.0630327904207	-0.00628733793021	-0.0096574385854	-0.0300959227373	0.0270578055133	0.0323144937696	-0.0422183685561	-0.00968702341618	0.0421577327259	-0.00318730938146	-0.0432670571129	-0.0192219049474	-0.0448997864145	0.0774380902763	0.00917089139235	-0.00413309615154	-0.0102419252889	0.01522042586
k__Bacteria;p__Actinobacteria;c__Actinobacteria;o__Bifidobacteriales;f__Bifidobacteriaceae;g__Bifidobacterium;s__Bifidobacterium_adolescentis	-0.0199110604253	0.0038927137158	-0.0198079551179	-0.0360997144486	0.0432541061012	-0.0737712384116	-0.013479343441	-0.0119834765352	0.053243230653	-0.0271824411244	0.0161895445248	0.0208011331378	0.0251699290761	0.0121628176736	-0.0491287942963	-0.0324763514495	0.0537334306205	0.020965261626	-0.0240540242984	-0.00440241728894	-0.0276200957077	-0.0491375617061	-0.0436662450082	1.0	-0.00571648621168	0.0670413398624	-0.0528023011774	-0.012614885394	-0.0257278068838	-0.0376630469497	0.0658314197442	-0.018483694068	-0.0211255399644	0.023345088349	-0.0584547123554	0.0144361012903	0.012008605939	0.00525967859259	-0.0516630818394	-0.0157611450874	0.0017652130511	-0.0380756250588	-0.0392090394748	-0.104253841842	0.0353033435916	-0.0623569998387	-0.0139975065555	0.00273698586014	0.0266578858274	-0.00917219108856	0.0200335102957	0.0147120899054	-0.0337624712233	-0.00872427713053	-0.0345630687649	0.0797356652862	0.0145137848386	-0.0152765613388	0.0101881400364
k__Bacteria;p__Firmicutes;c__Clostridia;o__Clostridiales;f__Oscillospiraceae;g__Oscillibacter;s__Oscillibacter_sp._KLE_1745	-0.0304707858899	0.00389814874132	0.00332505312685	-0.004971986617	0.0435578796354	-0.00312227915114	0.0407448349801	-0.0387829154632	-0.0229081881104	0.0486405574834	-0.0370610392659	0.00911955389168	0.0214649583931	-0.0215638252158	-0.0141581073094	0.000159481639654	0.0229433094227	-0.0555255145899	0.0912553902441	-0.0236383951683	-0.0396527900037	-0.0387062413394	-0.0194020882413	-0.00571648621168	1.0	-0.0397530370278	-0.0155748875554	0.0136763322436	-0.043174907706	-0.0698435503918	0.0555168610332	0.0025808190655	-0.0269218420256	0.0255068470666	-0.0651502012539	0.0191283646771	0.0243675856257	-0.0526733058967	-0.0555036359069	0.0514694743611	0.0561030931429	0.0407039034323	-0.0135556509343	0.000179606508355	-0.0377565765491	0.0362142991087	0.00469884803206	0.0260105261284	-0.000408842388603	-0.0440965507936	-0.0348614108869	-0.109380766512	-0.0203511557815	-0.00854332090322	-0.0388161753047	0.0164182319158	0.0418844349681	0.0437066286286	-0.0523118324749
k__Bacteria;p__Bacteroidetes;c__Bacteroidia;o__Bacteroidales;f__Bacteroidaceae;g__Bacteroides;s__Bacteroides_coprophilus	0.0810473742559	-0.0443201829198	0.0403572463247	0.00581078089153	0.0185487446951	-0.0551594340476	0.0137601880318	0.013802324809	0.00680804739279	-0.0140112889968	0.0275157888581	0.0549081701147	-0.0360389096263	0.0133184245917	-0.0144989240707	0.00932272835587	-0.0508828342556	-0.0693614886475	0.079592133251	0.00158539802368	0.0314435085521	0.0280801729809	0.0056251523302	0.0670413398624	-0.0397530370278	1.0	-0.000988323166518	-0.0229701855356	0.00266482248421	0.0415636251776	0.028062774994	-0.00315318925718	-0.119782336837	-0.0152402676358	-0.0152115191649	-0.0626917023762	-0.0027714817602	-0.00496620448999	0.0097219581057	-0.00336939622656	-0.0515921593199	-0.0129268994769	0.0340501749716	-0.1085658461	-0.0231485177757	-0.0323661980025	-0.0527683945005	0.0105831929553	-0.022516514391	0.0582252193285	0.00790902124768	0.0238584579736	0.0354154699423	-0.00852658266253	-0.0126013441021	0.0292613556995	0.00427735209321	-0.0332472054665	-0.0650284137524
k__Bacteria;p__Firmicutes;c__Clostridia;o__Clostridiales;f__Lachnospiraceae;g__Roseburia;s__Roseburia_intestinalis	-0.0421107840979	0.0124149274989	0.0264586047919	-0.0372729243329	-0.00200402459148	0.0352771683175	-0.0461389266833	0.106247350699	0.0480324768877	0.00163322050968	-0.0476266104911	-0.0684080490861	-0.0215327726035	-0.0252512840232	-0.0139061159185	-0.0895007645382	-0.0873857385108	0.0177272515002	0.0464304984644	-0.00148495733441	0.0360636036221	0.00195273526315	-0.0426305908103	-0.0528023011774	-0.0155748875554	-0.000988323166518	1.0	0.0600972616955	0.0223455980526	-0.0114140552807	-0.0284649652106	-0.0268795597913	0.0335279033637	0.0144207251875	0.000596303312501	-3.34591053755e-05	0.0406686163826	0.00654620653516	0.0515411307516	-0.0345453904182	0.0413537297857	0.0181042252932	-0.0475800783665	-0.0313351349172	0.000798471566381	-0.0285413506985	0.0287050392319	-0.0265739968703	-0.0565654869496	-0.0412702625722	-0.0329916823487	-0.0336015358011	-0.0582170881301	-0.0102766898029	-0.0229820855084	-0.052509357018	0.0467071942678	-0.0164046193279	0.0232615653592
k__Bacteria;p__Firmicutes;c__Clostridia;o__Clostridiales;f__Lachnospiraceae;g__Roseburia;s__Roseburia_hominis	-0.0654271113223	-0.00453007680598	0.0350603377526	-0.00690712072607	0.0324764415496	0.0492219187645	-0.000836972758009	-0.0249397267809	-0.0577406600237	-0.0348620673661	-0.0382212014884	0.00101909878011	-0.0193234451005	-0.0926874732793	0.0444537298545	-0.0254588131354	-0.0341910630707	-0.0136131834949	0.0300254380081	-0.02329537297	-0.00339866682857	0.082929455169	0.0704468807568	-0.012614885394	0.0136763322436	-0.0229701855356	0.0600972616955	1.0	0.0542579050326	0.0259232321643	-0.0656846789759	0.00844294765224	-0.00977987456927	-0.0107145047036	0.0168583175055	-0.0376719732579	-0.00739727908587	-0.00471647056793	0.0184593648292	0.0201875399261	-0.0420372031865	0.0298696880305	0.0710976849379	-0.00802406108445	-0.0186594558054	0.0346001012446	0.0119629430703	0.0250692160669	-0.0463864883589	-0.0401494683662	0.0319851008474	-0.0824494086936	-0.064173639283	0.0271107222026	-0.0127517881686	-0.0827450663105	0.00145276865069	-0.0933058099633	-0.0300504704331
k__Bacteria;p__Bacteroidetes;c__Bacteroidia;o__Bacteroidales;f__Porphyromonadaceae;g__Parabacteroides;s__Parabacteroides_johnsonii	0.0383902147736	-0.0793066933617	-0.0647887640843	-0.000127707608561	0.0286356645427	-0.0259064264221	0.00239216182855	-0.0428385340162	-0.0406389585031	-0.0156304575563	-0.05978097737	0.00204982434037	0.00396555360762	0.0164107231566	0.0309271621994	-0.0113510393956	0.0309896457124	0.000493348303437	-0.044521524025	0.053632701304	0.00737079566339	0.00964701256882	-0.0304857088207	-0.0257278068838	-0.043174907706	0.00266482248421	0.0223455980526	0.0542579050326	1.0	0.027405616745	0.00291649863284	-0.0109010319894	0.0296110176271	-0.0415589624758	0.035460360474	-0.00113122954847	-0.0283437634277	-0.0182528024807	0.0287241375382	-0.000777034954405	-0.00874869073131	-0.0192702127807	-0.0899844178869	-0.0487514149304	-0.0562040926636	0.00855973357945	-0.0216622351383	-0.0165282007142	0.0222028909509	-0.00482503602038	-0.00928379648574	-0.000599601422326	-0.0189719060132	-0.030424658925	-0.0213538945901	-0.0407078355581	0.000273575252869	-0.021308636208	0.00117192491679
k__Bacteria;p__Actinobacteria;c__Actinobacteria;o__Bifidobacteriales;f__Bifidobacteriaceae;g__Bifidobacterium;s__Bifidobacterium_longum	-0.0560807461069	0.0713198837694	0.0211971091995	-0.0470310996834	-0.00434697558968	0.0138769958873	0.0251431971403	-0.0270538412828	-0.0177478803208	-0.00965590399312	0.0677945346244	-0.0320405244059	0.0392247763792	-0.0346598861957	-0.0182487813103	-0.0312327878203	-0.0354640440691	0.00221332097419	0.00189853225345	-0.00160116884619	-0.0555187583466	-0.0146902857356	-0.00437421224112	-0.0376630469497	-0.0698435503918	0.0415636251776	-0.0114140552807	0.0259232321643	0.027405616745	1.0	-0.031529385094	-0.0300501526175	0.0254857075249	-0.0137409997293	-0.0650784536153	-0.00708933830592	0.066771098459	0.102524609471	-0.00452866749347	-0.0480466743825	0.0266181798395	0.0783119860304	-0.0162985590903	-0.0106353268335	0.0223743912566	0.0074460136853	-0.0312598221597	-0.0678925608463	-0.0410461404886	-0.04298241984	0.0230369607681	0.00720993236823	0.00137120819207	-0.0423331385175	0.0492393843298	-0.0610066569172	-0.0645695644557	-0.0146150800063	0.0190897622421
