#taxonomy	k__Bacteria;p__Bacteroidetes;c__Bacteroidia;o__Bacteroidales;f__Bacteroidaceae;g__Bacteroides;s__Bacteroides_vulgatus	k__Bacteria;p__Bacteroidetes;c__Bacteroidia;o__Bacteroidales;f__Bacteroidaceae;g__Bacteroides;s__Bacteroides_uniformis	k__Bacteria;p__Bacteroidetes;c__Bacteroidia;o__Bacteroidales;f__Rikenellaceae;g__Alistipes;s__Alistipes_putredinis	k__Bacteria;p__Bacteroidetes;c__Bacteroidia;o__Bacteroidales;f__Prevotellaceae;g__Prevotella;s__Prevotella_copri	k__Bacteria;p__Bacteroidetes;c__Bacteroidia;o__Bacteroidales;f__Bacteroidaceae;g__Bacteroides;s__Bacteroides_stercoris	k__Bacteria;p__Bacteroidetes;c__Bacteroidia;o__Bacteroidales;f__Bacteroidaceae;g__Bacteroides;s__Bacteroides_ovatus	k__Bacteria;p__Bacteroidetes;c__Bacteroidia;o__Bacteroidales;f__Rikenellaceae;g__Alistipes;s__Alistipes_shahii	k__Bacteria;p__Firmicutes;c__Clostridia;o__Clostridiales;f__Ruminococcaceae;g__Faecalibacterium;s__Faecalibacterium_prausnitzii	k__Bacteria;p__Bacteroidetes;c__Bacteroidia;o__Bacteroidales;f__Rikenellaceae;g__Alistipes;s__Alistipes_finegoldii	k__Bacteria;p__Bacteroidetes;c__Bacteroidia;o__Bacteroidales;f__Porphyromonadaceae;g__Parabacteroides;s__Parabacteroides_distasonis	k__Bacteria;p__Bacteroidetes;c__Bacteroidia;o__Bacteroidales;f__Bacteroidaceae;g__Bacteroides;s__Bacteroides_thetaiotaomicron	k__Bacteria;p__Bacteroidetes;c__Bacteroidia;o__Bacteroidales;f__Bacteroidaceae;g__Bacteroides;s__Bacteroides_coprocola	k__Bacteria;p__Bacteroidetes;c__Bacteroidia;o__Bacteroidales;f__Bacteroidaceae;g__Bacteroides;s__Bacteroides_cellulosilyticus	k__Bacteria;p__Bacteroidetes;c__Bacteroidia;o__Bacteroidales;f__Rikenellaceae;g__Alistipes;s__Alistipes_obesi	k__Bacteria;p__Firmicutes;c__Clostridia;o__Clostridiales;f__Lachnospiraceae;g__;s__[Eubacterium]_rectale	k__Bacteria;p__Bacteroidetes;c__Bacteroidia;o__Bacteroidales;f__Bacteroidaceae;g__Bacteroides;s__Bacteroides_plebeius	k__Bacteria;p__Bacteroidetes;c__Bacteroidia;o__Bacteroidales;f__Bacteroidaceae;g__Bacteroides;s__Bacteroides_fragilis	k__Bacteria;p__Proteobacteria;c__Betaproteobacteria;o__Burkholderiales;f__Sutterellaceae;g__Sutterella;s__Sutterella_wadsworthensis	k__Bacteria;p__Bacteroidetes;c__Bacteroidia;o__Bacteroidales;f__Porphyromonadaceae;g__Barnesiella;s__Barnesiella_intestinihominis	k__Bacteria;p__Bacteroidetes;c__Bacteroidia;o__Bacteroidales;f__Odoribacteraceae;g__Odoribacter;s__Odoribacter_splanchnicus	k__Bacteria;p__Bacteroidetes;c__Bacteroidia;o__Bacteroidales;f__Bacteroidaceae;g__Bacteroides;s__Bacteroides_salyersiae	k__Bacteria;p__Firmicutes;c__Clostridia;o__Clostridiales;f__Ruminococcaceae;g__Ruminiclostridium;s__[Eubacterium]_siraeum	k__Bacteria;p__Proteobacteria;c__Betaproteobacteria;o__Burkholderiales;f__Sutterellaceae;g__Parasutterella;s__Parasutterella_excrementihominis	k__Bacteria;p__Actinobacteria;c__Actinobacteria;o__Bifidobacteriales;f__Bifidobacteriaceae;g__Bifidobacterium;s__Bifidobacterium_adolescentis	k__Bacteria;p__Firmicutes;c__Clostridia;o__Clostridiales;f__Oscillospiraceae;g__Oscillibacter;s__Oscillibacter_sp._KLE_1745	k__Bacteria;p__Bacteroidetes;c__Bacteroidia;o__Bacteroidales;f__Bacteroidaceae;g__Bacteroides;s__Bacteroides_coprophilus	k__Bacteria;p__Firmicutes;c__Clostridia;o__Clostridiales;f__Lachnospiraceae;g__Roseburia;s__Roseburia_intestinalis	k__Bacteria;p__Firmicutes;c__Clostridia;o__Clostridiales;f__Lachnospiraceae;g__Roseburia;s__Roseburia_hominis	k__Bacteria;p__Bacteroidetes;c__Bacteroidia;o__Bacteroidales;f__Porphyromonadaceae;g__Parabacteroides;s__Parabacteroides_johnsonii	k__Bacteria;p__Actinobacteria;c__Actinobacteria;o__Bifidobacteriales;f__Bifidobacteriaceae;g__Bifidobacterium;s__Bifidobacterium_longum	k__Bacteria;p__Firmicutes;c__Clostridia;o__Clostridiales;f__;g__Flavonifractor;s__Flavonifractor_plautii	k__Bacteria;p__Firmicutes;c__Clostridia;o__Clostridiales;f__Clostridiaceae;g__Clostridium;s__Clostridium_phoceensis	k__Bacteria;p__Verrucomicrobia;c__Verrucomicrobiae;o__Verrucomicrobiales;f__Akkermansiaceae;g__Akkermansia;s__Akkermansia_muciniphila	k__Bacteria;p__Bacteroidetes;c__Bacteroidia;o__Bacteroidales;f__Prevotellaceae;g__Paraprevotella;s__Paraprevotella_xylaniphila	k__Bacteria;p__Firmicutes;c__Clostridia;o__Clostridiales;f__Ruminococcaceae;g__Ruminococcus;s__Ruminococcus_callidus	k__Bacteria;p__Bacteroidetes;c__Bacteroidia;o__Bacteroidales;f__Rikenellaceae;g__Alistipes;s__Alistipes_senegalensis	k__Bacteria;p__Firmicutes;c__Clostridia;o__Clostridiales;f__Lachnospiraceae;g__Blautia;s__Blautia_sp._KLE_1732	k__Bacteria;p__Bacteroidetes;c__Bacteroidia;o__Bacteroidales;f__Bacteroidaceae;g__Bacteroides;s__Bacteroides_oleiciplenus	k__Bacteria;p__Firmicutes;c__Clostridia;o__Clostridiales;f__Ruminococcaceae;g__Ruminococcus;s__Ruminococcus_bicirculans	k__Bacteria;p__Bacteroidetes;c__Bacteroidia;o__Bacteroidales;f__Bacteroidaceae;g__Bacteroides;s__Bacteroides_fluxus	k__Bacteria;p__Bacteroidetes;c__Bacteroidia;o__Bacteroidales;f__Prevotellaceae;g__Prevotella;s__Prevotella_stercorea	k__Bacteria;p__Firmicutes;c__Clostridia;o__Clostridiales;f__Lachnospiraceae;g__Dorea;s__Dorea_longicatena	k__Bacteria;p__Firmicutes;c__Clostridia;o__Clostridiales;f__Eubacteriaceae;g__Eubacterium;s__[Eubacterium]_eligens	k__Bacteria;p__Firmicutes;c__Clostridia;o__Clostridiales;f__Ruminococcaceae;g__;s__Ruminococcaceae_bacterium_D16	k__Bacteria;p__Firmicutes;c__Clostridia;o__Clostridiales;f__Lachnospiraceae;g__Coprococcus;s__Coprococcus_comes	k__Bacteria;p__Proteobacteria;c__Gammaproteobacteria;o__Enterobacterales;f__Enterobacteriaceae;g__Escherichia;s__Escherichia_coli	k__Bacteria;p__Firmicutes;c__Clostridia;o__Clostridiales;f__Ruminococcaceae;g__Anaerotruncus;s__Anaerotruncus_colihominis	k__Bacteria;p__Firmicutes;c__Clostridia;o__Clostridiales;f__Lachnospiraceae;g__Blautia;s__Blautia_obeum	k__Bacteria;p__Bacteroidetes;c__Bacteroidia;o__Bacteroidales;f__Odoribacteraceae;g__Odoribacter;s__Odoribacter_laneus	k__Bacteria;p__Firmicutes;c__Clostridia;o__Clostridiales;f__Ruminococcaceae;g__Ruminiclostridium;s__[Clostridium]_leptum	k__Bacteria;p__Bacteroidetes;c__Bacteroidia;o__Bacteroidales;f__Porphyromonadaceae;g__Parabacteroides;s__Parabacteroides_goldsteinii	k__Bacteria;p__Firmicutes;c__Clostridia;o__Clostridiales;f__Lachnospiraceae;g__Anaerostipes;s__Anaerostipes_hadrus	k__Bacteria;p__Firmicutes;c__Clostridia;o__Clostridiales;f__Ruminococcaceae;g__Ruminococcus;s__Ruminococcus_lactaris	k__Bacteria;p__Firmicutes;c__Clostridia;o__Clostridiales;f__Clostridiaceae;g__Clostridium;s__Clostridium_sp._L2-50	k__Bacteria;p__Firmicutes;c__Clostridia;o__Clostridiales;f__Clostridiaceae;g__Clostridium;s__Clostridium_sp._M62/1	k__Bacteria;p__Firmicutes;c__Clostridia;o__Clostridiales;f__;g__Intestinimonas;s__Intestinimonas_butyriciproducens	k__Bacteria;p__Actinobacteria;c__Actinobacteria;o__Bifidobacteriales;f__Bifidobacteriaceae;g__Bifidobacterium;s__Bifidobacterium_bifidum	k__Bacteria;p__Firmicutes;c__Negativicutes;o__Veillonellales;f__Veillonellaceae;g__Dialister;s__Dialister_invisus	k__Bacteria;p__Bacteroidetes;c__Bacteroidia;o__Bacteroidales;f__Bacteroidaceae;g__Bacteroides;s__Bacteroides_salanitronis
k__Bacteria;p__Bacteroidetes;c__Bacteroidia;o__Bacteroidales;f__Bacteroidaceae;g__Bacteroides;s__Bacteroides_vulgatus	1.0	-0.0232190046404	-0.0402563610883	0.0493820177818	0.00289726808648	0.0179911287336	-0.041606461053	0.0397584194511	-0.0194572703297	0.0213987296004	-0.00889096517904	-0.0117677518082	-0.0277229624925	-0.0168993010201	-0.0149532566985	-0.0609908568651	0.0187910431572	0.0451733629625	0.0572203744676	-0.0517882286924	-0.00346463830121	-0.00144258789779	0.00394012889832	0.0132167307585	0.00450046030566	-0.107773230749	-0.0409207009039	-0.00442603766995	-0.0113364941707	0.00800710231775	0.00348541526684	0.0073080087838	0.019468585288	-0.0667651145294	-0.0189941688039	-0.00703930969619	-0.0110644701764	-0.0123633316868	0.0680307953929	-0.0294182344116	-0.0185121918084	0.00832206391048	0.0160010876591	0.00809220704782	-0.0424381634894	0.0430438911159	-0.00454294097521	-0.00765003801783	0.0562252473313	0.0195074570329	-0.0118204737972	-0.0415863455492	0.00731975731666	-0.0330872327177	0.011582599088	-0.0855188348537	-0.0382826956801	0.00867616705899	0.0575573426358
k__Bacteria;p__Bacteroidetes;c__Bacteroidia;o__Bacteroidales;f__Bacteroidaceae;g__Bacteroides;s__Bacteroides_uniformis	-0.0232190046404	1.0	0.0325416688702	-0.0525353318713	0.0189673923378	0.0122023165265	0.00336513729317	0.0444132121476	-0.0111461007927	-0.0683801362601	-0.0417637711782	-0.0309875766245	-0.0629549847884	0.00838430284252	-0.011955979481	0.043012279393	-0.0102812948843	0.0327032533906	-0.0128252076613	0.0349006702032	-0.0470383552807	0.0164684672682	0.0100495224136	-0.0423421416677	0.0225569345617	-0.0272649037583	-0.00259408081099	-0.00982761293726	0.0039903745196	-0.0549111804276	-0.0592077118815	-0.0773566567587	0.0264986027891	-0.00763872589977	-0.0065861506724	-0.0127078326983	0.0275920249676	-0.0428454487888	-0.0234325217615	-0.0141138553497	0.00246128629309	-0.0456697812119	0.0756399662483	-0.0476033141696	-0.0126300490002	-0.00196267987796	0.000793333043207	-0.00537503965291	0.00570164667542	0.0357583093791	-0.0244021958896	-0.0239509344843	0.0141187099928	-0.0298106155982	0.0340904124814	-0.00234388192084	-0.0338243042578	-0.0452886142059	-0.0286045450034
k__Bacteria;p__Bacteroidetes;c__Bacteroidia;o__Bacteroidales;f__Rikenellaceae;g__Alistipes;s__Alistipes_putredinis	-0.0402563610883	0.0325416688702	1.0	-0.0352715649127	0.00948649957983	0.0566708531587	0.0171027984235	0.000517961284857	-0.0485486416162	0.0377050139148	-0.0307828045848	0.0271112038136	0.0162143438717	-0.0168470857005	0.0570895905667	-0.063495477122	-0.0200170118545	-0.0116745880787	-0.0178128782155	0.0156314056919	0.0182516363574	0.0278161849318	-0.0218114303759	-0.00474680226083	0.0489263998415	-0.040348050506	0.0307650422712	-0.00634061662053	-0.0438679667242	0.0315807118093	0.0256876196321	-0.000241615758269	-0.0559492998161	0.0127887420949	-0.0281822801774	-0.0062170575474	-0.0717504408118	-0.00953009054674	0.0195763155699	-0.00561644905341	-0.0143872864593	0.0293366667113	0.0255406125361	-0.0729916205086	0.0449500559003	0.00784317472522	0.0202621926982	0.0454978529972	-0.0109386939718	-0.014675862792	-0.0450287281024	-0.0194020013476	0.0304630091543	-0.0126795121778	-0.0124127123854	-0.0748505798831	0.0315868053551	-0.016224918106	-0.0306044997374
k__Bacteria;p__Bacteroidetes;c__Bacteroidia;o__Bacteroidales;f__Prevotellaceae;g__Prevotella;s__Prevotella_copri	0.0493820177818	-0.0525353318713	-0.0352715649127	1.0	-0.00904427185915	0.00693585538438	0.0345479122124	-0.0489640456303	0.0528498416695	-0.00231315819057	-0.00835949693084	0.0337102700167	-0.0170397685934	0.00830028447621	-0.00993700040653	-0.0769276292259	-0.0252571188219	-0.0675598398246	0.00416630021335	-0.0194026352454	-0.000876429088371	0.0550307114104	0.0349696458034	0.0251680319882	-0.0300987462655	-0.0207938096507	-0.0292562172555	0.00646086278243	-0.0084694262616	0.0103962311641	0.0482641803482	0.00576150083218	-0.0294069964203	0.007360022899	-0.0328804771928	-0.0577834605731	0.00591955396164	0.00729804343347	-0.0490971161142	-0.0126474431802	-0.0646140258108	0.0345034996642	0.0487027421702	0.00627946826975	-0.0146127735503	-0.0416320415997	0.0197512999062	0.00139567085486	-0.0104103199787	-0.009051366038	-0.0336757599993	0.043816927583	-0.0459499539233	-0.0161498568135	-0.0390733979835	0.0311679522438	-0.00987074158038	0.00793852576284	-0.0370510691759
k__Bacteria;p__Bacteroidetes;c__Bacteroidia;o__Bacteroidales;f__Bacteroidaceae;g__Bacteroides;s__Bacteroides_stercoris	0.00289726808648	0.0189673923378	0.00948649957983	-0.00904427185915	1.0	-0.0221678432564	-0.0102428459473	0.0416917002368	-0.0395460511298	0.0274878252805	-0.015099732717	-0.0441533826789	-0.0661199672512	-0.0238638621188	-0.0411920632845	-0.013511222679	-0.0141368441001	0.0554586824637	0.0116853849923	-0.0111426363527	-0.0653233011345	-0.0330997005993	-0.0431191636989	-0.0245788594574	-0.00641407272268	0.0137480133947	-0.0101340495288	0.0119077826478	-0.0439796924574	0.034535311495	-0.0672090759805	0.0200497702797	-0.0131176193142	-0.0588546267035	-0.0609570238082	0.00235912560377	-0.0499577088808	0.0284139577263	0.0365791780708	-0.0260824514615	0.0453438412967	-0.00654479197885	0.00823695768183	0.0704105466452	-0.00570378773322	-0.0524849128263	0.0470211121751	-0.0466424268632	-0.0356395579856	-0.00281452518004	-0.0492746920045	0.013101803207	-0.0802986741061	-0.000234830217062	0.0354960664156	0.0350930353028	-0.00879515323783	-0.0222012344967	0.0627300087939
k__Bacteria;p__Bacteroidetes;c__Bacteroidia;o__Bacteroidales;f__Bacteroidaceae;g__Bacteroides;s__Bacteroides_ovatus	0.0179911287336	0.0122023165265	0.0566708531587	0.00693585538438	-0.0221678432564	1.0	-0.10728317959	0.068423670526	-0.0375081692466	-0.00125920697901	-0.10576772214	0.0382889680294	-0.0448473294364	-0.00606590512604	-0.0375376978317	-0.00938815863953	0.00626499917962	-0.085684675469	-0.0708102610483	0.0205720109392	-0.0232989032923	-0.0129183974126	-0.0198875640662	0.0428808614385	-0.0337885684471	-0.0253581283942	0.0271938891319	-0.0454520814163	0.0739504131926	-0.0359381629696	0.00619919936815	-0.0323100303755	0.0262739489153	-0.0556762779646	-0.0140368232525	-0.0103889939198	-0.0356640442619	-0.0140804909333	-0.00305346014085	0.021689049938	0.0109408130672	0.040961410095	0.021172527136	-0.0825021918012	-0.00916905642814	-0.0120335269513	0.00377780023163	0.0050957648355	-0.0187656640126	0.0149462058684	0.00192257534819	0.0253769534342	-0.0239748399036	-0.0254710920794	-0.0302177131134	0.0100085823262	-0.00245847024603	-0.0718193506468	-0.0154535881749
k__Bacteria;p__Bacteroidetes;c__Bacteroidia;o__Bacteroidales;f__Rikenellaceae;g__Alistipes;s__Alistipes_shahii	-0.041606461053	0.00336513729317	0.0171027984235	0.0345479122124	-0.0102428459473	-0.10728317959	1.0	0.0111365462545	0.0141278236001	-0.0563523540679	0.0451979172314	-0.00182596123381	-0.0198039902883	-0.0320593987998	0.0080491373689	-0.0340301545745	-0.0268824724963	-0.0138240901415	-0.00834143426484	-0.01309262731	-0.0750449159713	-0.0507006336035	0.0381505266803	-0.0184364181079	-0.00119761481186	0.0163270692037	-0.0321800278383	-0.0758570304033	-0.0366913556772	-0.0709206658687	0.00537619031842	-0.0576588078403	0.0805813270329	0.0159499266046	0.0195682449718	0.0108306926266	0.0254747650426	-0.00943211950965	-0.0129042428241	0.00658445435248	-0.0226620700805	0.0354214858832	-0.00716016066429	0.0249123520873	0.035716361737	0.0354831337629	0.0265880614135	-0.0089343128508	-0.00186704083057	-0.0192050068886	0.00425924242705	0.0224098314767	0.0010495872012	-0.0181692971249	-0.0239574371671	0.0225914189506	-0.0227728316558	-0.00980483935137	-0.00982924618803
k__Bacteria;p__Firmicutes;c__Clostridia;o__Clostridiales;f__Ruminococcaceae;g__Faecalibacterium;s__Faecalibacterium_prausnitzii	0.0397584194511	0.0444132121476	0.000517961284857	-0.0489640456303	0.0416917002368	0.068423670526	0.0111365462545	1.0	-0.0258947375106	0.00480454514869	0.0145918132494	0.0431361866383	-0.0353583545831	-0.0234494291125	0.0306406274301	0.0188925450435	0.0589624905418	0.029594001205	0.00619356062005	-0.0579737316002	-0.00647264815253	-0.00681614062189	0.0133689948246	-0.0327523849148	-0.040115795064	0.0103543809201	-0.0265083131044	-0.043926554916	-0.0242475251933	-0.0239160455361	-0.0389885561382	-0.00809041488838	-0.01888507068	-0.0380106771153	0.0186157418819	-0.0456188552521	-0.00111433027934	0.00092508266975	-0.0189596815155	-0.0534265961645	-0.0774966694334	-0.0162319981221	-0.0408290077855	-0.0213271060932	-0.0785703779757	-0.0022463151133	0.00545869583183	-0.0472785344156	0.034144812187	-0.0183298683181	-0.0144600052082	-0.0280285103372	0.0231822296314	-0.00494946133717	0.0462940830572	-0.0380693471621	0.0976285722646	0.0359728068897	-0.0651300145394
k__Bacteria;p__Bacteroidetes;c__Bacteroidia;o__Bacteroidales;f__Rikenellaceae;g__Alistipes;s__Alistipes_finegoldii	-0.0194572703297	-0.0111461007927	-0.0485486416162	0.0528498416695	-0.0395460511298	-0.0375081692466	0.0141278236001	-0.0258947375106	1.0	-0.012231916652	0.0635383281321	0.0773949432548	-0.0125066949397	-0.00839783381472	0.00508831749622	0.0189017478752	-0.0417005372624	0.0310211213891	-0.0042449464466	-0.0346072632604	0.0335968733884	0.0176052955914	0.008814670449	0.0117056131417	0.0410000371891	0.0639661127831	0.0239597345325	-0.0437637191946	-0.0517653990129	-0.031654276511	-0.0307879983531	-0.00483234264228	0.0291849495371	-0.0452661089741	0.025075208241	-0.00708516873221	0.0252942406542	0.000838567448006	-0.0308014865931	-0.0246395311569	-0.0177275994154	0.0431906891738	-0.0128553604132	-0.0335972559241	-0.0524996251108	-0.0111013893698	-0.0419786200893	-0.062052762097	-0.0145914478538	-0.0302840837095	0.0370852551447	-0.0507850680148	-0.0557683617676	0.0161515191911	-0.0417239520717	0.0401317758918	0.00577506180795	-0.0459121796549	0.0343002230394
k__Bacteria;p__Bacteroidetes;c__Bacteroidia;o__Bacteroidales;f__Porphyromonadaceae;g__Parabacteroides;s__Parabacteroides_distasonis	0.0213987296004	-0.0683801362601	0.0377050139148	-0.00231315819057	0.0274878252805	-0.00125920697901	-0.0563523540679	0.00480454514869	-0.012231916652	1.0	-0.120167615673	0.00245593610013	-0.0336470789553	-0.0189601705508	-0.00521720068337	-0.0242904878469	0.0122438162226	-0.0407805759834	-0.0113130662939	-0.0150742576345	0.0167268974402	-0.00893579310583	-0.0518199515575	0.0240933258417	0.0489363699866	-0.0425269650824	-0.0702415104849	-0.0548705821276	-0.00569368604314	-0.0329073561845	-0.0216787749704	-0.0119377533186	-0.0444365831213	0.0459860747635	-0.0188684089127	0.0693122114969	0.0305902960449	-0.0294202745522	0.0876548239966	-0.0734839579662	0.0539356066439	-0.0634526348686	-0.0395451379407	-0.00369670578879	-0.0214665666971	0.00463811142096	0.0167373734236	-0.00888763874406	-0.058987085164	-0.00746358181217	0.0378535069323	-0.00438804885235	0.0137133657804	0.0175569434966	0.0297854149107	-0.0552364038562	-0.0113611613713	-0.0183816737547	0.0223711728778
k__Bacteria;p__Bacteroidetes;c__Bacteroidia;o__Bacteroidales;f__Bacteroidaceae;g__Bacteroides;s__Bacteroides_thetaiotaomicron	-0.00889096517904	-0.0417637711782	-0.0307828045848	-0.00835949693084	-0.015099732717	-0.10576772214	0.0451979172314	0.0145918132494	0.0635383281321	-0.120167615673	1.0	0.0210423664957	0.0601151369286	-0.0218786576951	0.00292042280961	0.0198759095617	0.0793539171214	-0.0223039721059	0.021793688599	0.0113026426254	-0.0281189525371	-0.0180860254393	0.0105653609661	-0.0162392419423	0.0183155699186	0.0309920833329	0.0357418693217	-0.0382281905148	0.0108486371736	0.0232966044555	-0.0269561277808	0.00695312488752	0.0304077950199	-0.0161606264907	0.00254194586245	-0.0140444934701	-0.0641661898452	-0.028906815549	-0.0365813861336	-0.08010016775	-0.00934141556242	-0.0453395723981	-0.0153222206871	-0.0563131879827	-0.000164612244317	0.0173157913646	-0.0230737986223	-0.0363440247935	-0.00694140909697	-0.0436531137974	-0.0220931351147	0.00950251327984	0.00446476775542	0.0782006831314	-0.00837133304463	-0.0139549768992	-0.0157749362563	-0.0192542078897	0.00681443173197
k__Bacteria;p__Bacteroidetes;c__Bacteroidia;o__Bacteroidales;f__Bacteroidaceae;g__Bacteroides;s__Bacteroides_coprocola	-0.0117677518082	-0.0309875766245	0.0271112038136	0.0337102700167	-0.0441533826789	0.0382889680294	-0.00182596123381	0.0431361866383	0.0773949432548	0.00245593610013	0.0210423664957	1.0	-0.0716806004886	-0.0230188565119	-0.00548715110522	0.0649925171661	-0.0123479265898	-0.0119308328799	0.042862104669	0.0132735127274	-0.00944348772102	0.0283800662736	0.00141590801157	-0.0514365502065	0.0273501844116	0.00776570032844	0.0240722647648	-0.029319854071	-0.0248163591025	0.0250286280005	-0.0146532309345	-0.0106473282279	0.0228812459481	-0.000209412000041	0.0167371871459	-0.0572572281063	0.0234678812755	-0.0321230837542	-0.0647507849211	-0.0452427670671	-0.071804745798	0.0206343104859	0.00999528843754	-0.0113450126416	0.0239599882256	0.0257602353993	-0.0584754104605	-0.0543800258725	-0.027567785172	-0.0165678738112	-0.0159342183586	-0.00342476668383	-0.0593476982162	-0.0104749607706	-0.0264897130027	-0.0180983753293	-0.00262323633565	0.00958952050814	-0.0262821419034
k__Bacteria;p__Bacteroidetes;c__Bacteroidia;o__Bacteroidales;f__Bacteroidaceae;g__Bacteroides;s__Bacteroides_cellulosilyticus	-0.0277229624925	-0.0629549847884	0.0162143438717	-0.0170397685934	-0.0661199672512	-0.0448473294364	-0.0198039902883	-0.0353583545831	-0.0125066949397	-0.0336470789553	0.0601151369286	-0.0716806004886	1.0	0.032171508136	0.0062588776619	0.006782498505	0.000171765882566	0.00765140612425	-0.0113008781025	-0.0657388229319	0.0255558909408	-0.0618623423014	0.0495181823391	0.0385483299075	0.0223764083387	0.0394697600615	-0.0239639069477	-0.0681671154762	-0.031605271158	-0.0206153132209	0.0111060849216	0.0200987588328	-0.083853847646	0.0227825193522	-0.0542411769339	0.0674921642157	-0.00640263256256	-0.0166184122076	0.016861492649	-0.0320133361595	0.0190675162564	0.00633941813334	-0.0115225604177	-0.0303712210684	0.0132940567707	0.0178582075342	0.0711522041079	0.0327025025272	-0.0486671851261	0.0206678818933	0.0508233547488	-0.0615585719573	0.0258729023052	0.0335157838806	-0.0262378881801	0.0647464062037	-0.040097735671	0.00901426931694	-0.036862477049
k__Bacteria;p__Bacteroidetes;c__Bacteroidia;o__Bacteroidales;f__Rikenellaceae;g__Alistipes;s__Alistipes_obesi	-0.0168993010201	0.00838430284252	-0.0168470857005	0.00830028447621	-0.0238638621188	-0.00606590512604	-0.0320593987998	-0.0234494291125	-0.00839783381472	-0.0189601705508	-0.0218786576951	-0.0230188565119	0.032171508136	1.0	-0.00957006933785	0.0198080578651	0.00491774293795	0.0409976816843	0.00145995701362	0.102489434147	-0.0253423847761	0.0534238298343	-0.0103947129792	-0.00693701293374	0.0292073313807	-0.0382705161085	0.0261602678378	0.0983146229755	-0.0315194235072	-0.0156813235758	-0.0270576558178	0.0172820231821	-0.0403425248611	0.0191872310138	0.046976562643	-0.0355106974439	-0.0138837292954	-0.0818371772999	-0.0820945818817	0.00484444406428	0.0301004811014	-0.00839842025506	-0.00714084026487	-0.00508794205905	-0.0542501805737	-0.0637084395927	-0.0729260787789	0.0642624810519	0.0529800711567	-0.0219185311491	0.00955173454854	-0.0390458454556	0.0187775419253	0.00862235599882	-0.0194081291851	-0.0130894080872	-0.0541221141632	0.0133424140747	-0.0291734490856
k__Bacteria;p__Firmicutes;c__Clostridia;o__Clostridiales;f__Lachnospiraceae;g__;s__[Eubacterium]_rectale	-0.0149532566985	-0.011955979481	0.0570895905667	-0.00993700040653	-0.0411920632845	-0.0375376978317	0.0080491373689	0.0306406274301	0.00508831749622	-0.00521720068337	0.00292042280961	-0.00548715110522	0.0062588776619	-0.00957006933785	1.0	-0.0430970304145	-0.0163590319137	-0.0470753393142	-0.0139585110496	0.000812990805093	-0.0225025012012	-0.00597716794502	0.0819195930733	-0.0325112534435	0.0265559016327	-0.00551839692027	-0.00626286711143	-0.0335909630204	0.0178711007911	-0.0109790043809	-0.0510236965385	0.0199858591407	-0.0230269581179	0.0245465809848	-0.0394260629958	-0.0218107177751	-0.0718461285017	-0.0422161817805	0.0152755626137	-0.0490789119317	0.0601691172774	-0.036070147161	-0.0388726122038	-0.026527958837	-0.0331108935138	0.0334671407276	0.0261214082318	-0.0286016017633	-0.0557080453101	0.0823005148398	-0.0568942652987	-0.0146814457213	-0.0186744226575	-0.00644489987524	0.0823230240118	-0.0199020363226	0.0201773186036	-0.000637300797296	0.016419187454
k__Bacteria;p__Bacteroidetes;c__Bacteroidia;o__Bacteroidales;f__Bacteroidaceae;g__Bacteroides;s__Bacteroides_plebeius	-0.0609908568651	0.043012279393	-0.063495477122	-0.0769276292259	-0.013511222679	-0.00938815863953	-0.0340301545745	0.0188925450435	0.0189017478752	-0.0242904878469	0.0198759095617	0.0649925171661	0.006782498505	0.0198080578651	-0.0430970304145	1.0	-0.0412241332689	-0.0685956232306	-0.0258719396791	-0.00833462018551	-0.0483122971979	0.00379608699195	0.0287368812129	0.0187894939635	0.0104945867739	0.0296284439923	-0.0125108828743	0.0183023732878	-0.0364459408603	-0.0274401892912	-0.0555944505056	-0.0629769786187	-0.0780831777424	0.0519943432842	-0.0169512548831	0.00495139891065	0.0504588177903	-0.0599251124732	-0.0175019200063	0.0203224262163	0.0380902153686	-0.0336351147692	0.0254397108957	0.0440296743165	-0.00771150786655	0.0292411028525	0.0141367216134	-0.0157735902394	-0.0226654607446	-0.0253012274734	0.0158217454101	0.0263907228987	-0.0214976891609	-0.0709777315367	-0.0139108112422	0.0341720746344	0.0104811409553	-0.0359310285349	-0.01116712808
k__Bacteria;p__Bacteroidetes;c__Bacteroidia;o__Bacteroidales;f__Bacteroidaceae;g__Bacteroides;s__Bacteroides_fragilis	0.0187910431572	-0.0102812948843	-0.0200170118545	-0.0252571188219	-0.0141368441001	0.00626499917962	-0.0268824724963	0.0589624905418	-0.0417005372624	0.0122438162226	0.0793539171214	-0.0123479265898	0.000171765882566	0.00491774293795	-0.0163590319137	-0.0412241332689	1.0	-0.0554988770917	-0.0397867662767	-0.0723601352036	-0.00305790344851	0.0363881099478	-0.00824346197845	0.0589222674069	-0.0195961589383	-0.0373503562635	0.00222500929593	-0.0272900903288	0.0523328080206	0.0226213764757	-0.0174822166154	0.0310133691405	-0.0298224319555	0.00822765702105	-0.0461313384053	0.00530869430663	-0.000826140356549	-0.0208881020739	-0.00999862549179	0.0034743308809	-0.0809352807716	-0.0528291689177	0.0355739773104	0.0431601421831	0.0116334294014	-0.086034690842	-0.00416116407715	0.0451783351566	0.0203235067091	0.00146261254615	-0.0337818651617	-0.00469987792443	-0.0237159488345	0.0250650912691	-0.020447768766	-0.00926707504805	0.0234963063658	0.0299612167741	-0.0528551827666
k__Bacteria;p__Proteobacteria;c__Betaproteobacteria;o__Burkholderiales;f__Sutterellaceae;g__Sutterella;s__Sutterella_wadsworthensis	0.0451733629625	0.0327032533906	-0.0116745880787	-0.0675598398246	0.0554586824637	-0.085684675469	-0.0138240901415	0.029594001205	0.0310211213891	-0.0407805759834	-0.0223039721059	-0.0119308328799	0.00765140612425	0.0409976816843	-0.0470753393142	-0.0685956232306	-0.0554988770917	1.0	0.0209079929376	-0.013600247801	-0.00726041808857	-0.000790182176646	0.0274866402825	-0.046516342586	-0.0513793838782	-0.0360530369976	-0.0520312865393	0.0189345210289	0.0159356708835	-0.00234352483777	0.0100916693984	0.061476740827	-0.0234283816078	-0.0220554203917	0.0149700837589	0.0817346711147	-0.0517376849527	0.0464219612527	-0.0143999896968	-0.0337370952572	0.00921371099104	0.00233975984587	0.0141437904237	0.0113609317849	-0.0275184305117	-0.0608703935703	-0.0247882806851	0.0417011227409	0.0989923652585	0.00192604829036	0.0198493971068	-0.0564121385529	0.022667971212	-0.0223063212058	0.0042354261312	-0.0637953536688	0.00782638049714	-0.00432824567211	0.00879904600075
k__Bacteria;p__Bacteroidetes;c__Bacteroidia;o__Bacteroidales;f__Porphyromonadaceae;g__Barnesiella;s__Barnesiella_intestinihominis	0.0572203744676	-0.0128252076613	-0.0178128782155	0.00416630021335	0.0116853849923	-0.0708102610483	-0.00834143426484	0.00619356062005	-0.0042449464466	-0.0113130662939	0.021793688599	0.042862104669	-0.0113008781025	0.00145995701362	-0.0139585110496	-0.0258719396791	-0.0397867662767	0.0209079929376	1.0	0.0327058304305	-0.00931822251294	-0.0112133470119	-0.0721855911341	-0.0305198546479	0.00555197771905	-0.0118770726094	-0.0360138125011	-0.0304836990423	0.0341908318216	-0.012855601043	-0.044159839604	0.0131385184696	-0.0525775784698	0.00959963270414	0.079870426155	-0.0290879547304	-0.0789357890538	-0.012267883756	0.0525290985231	0.0400392392603	-0.0432196139348	-0.0466763175945	-0.0417605872916	0.0327525766557	-0.0347677024364	-0.0026397459567	0.0579896234508	0.00084070446701	-0.0756911818528	-0.0299320311416	-0.0127679081752	-0.0149030070406	-0.0619332276464	-0.0491584279321	0.0675516674519	0.00863837578639	-0.0159462400693	0.00779403826052	-0.00421168137619
k__Bacteria;p__Bacteroidetes;c__Bacteroidia;o__Bacteroidales;f__Odoribacteraceae;g__Odoribacter;s__Odoribacter_splanchnicus	-0.0517882286924	0.0349006702032	0.0156314056919	-0.0194026352454	-0.0111426363527	0.0205720109392	-0.01309262731	-0.0579737316002	-0.0346072632604	-0.0150742576345	0.0113026426254	0.0132735127274	-0.0657388229319	0.102489434147	0.000812990805093	-0.00833462018551	-0.0723601352036	-0.013600247801	0.0327058304305	1.0	0.0099662971757	-0.0824876377026	0.0236902434806	-0.0354428939062	-0.0214105026039	-0.058194021415	0.0547024102688	-0.00652409832122	-0.0208254201367	-0.0357965691905	-0.0764459965409	-0.0470256186998	0.0705301613777	-0.014945787424	-0.00652932508126	-0.0137537946658	0.000951277686367	-0.00560812238184	0.0335749217636	-0.0356144983267	-0.035761101418	-0.00497303328049	-0.0784005831259	0.00179436134732	-0.0435183544047	-0.0437249764429	0.013164143604	0.0281947946183	-0.0134804559828	0.00136725272042	-0.0423839557537	0.00556187587499	0.00429876280644	0.00278154573602	-0.0734376067158	0.0140500758574	0.0388434525888	-0.0190060464029	-0.00394420369667
k__Bacteria;p__Bacteroidetes;c__Bacteroidia;o__Bacteroidales;f__Bacteroidaceae;g__Bacteroides;s__Bacteroides_salyersiae	-0.00346463830121	-0.0470383552807	0.0182516363574	-0.000876429088371	-0.0653233011345	-0.0232989032923	-0.0750449159713	-0.00647264815253	0.0335968733884	0.0167268974402	-0.0281189525371	-0.00944348772102	0.0255558909408	-0.0253423847761	-0.0225025012012	-0.0483122971979	-0.00305790344851	-0.00726041808857	-0.00931822251294	0.0099662971757	1.0	0.0702237209497	-0.0278443917249	-0.0123549654531	-0.0231963426603	-0.0337661928083	-0.0135230878255	0.0506525473591	0.0384036998932	0.0470721565127	-0.0435227559524	-0.066457791497	0.0126799340368	-0.0954954426281	0.0131516609801	-0.0364863883302	0.0258139104477	0.0358340708682	0.0747248921078	0.00415313225193	0.0560650848988	-0.0223060513292	-0.0272737153785	0.0589553794839	-0.0634035047435	-0.0252650412746	0.0343193847206	-0.00335977887016	0.0106260846183	-0.0134112852675	0.0454595074414	0.0092800144906	0.0460264543435	0.00395479430645	0.0031488121389	-0.0213714906686	-0.0412720643791	-0.0826294457021	-0.0407565312025
k__Bacteria;p__Firmicutes;c__Clostridia;o__Clostridiales;f__Ruminococcaceae;g__Ruminiclostridium;s__[Eubacterium]_siraeum	-0.00144258789779	0.0164684672682	0.0278161849318	0.0550307114104	-0.0330997005993	-0.0129183974126	-0.0507006336035	-0.00681614062189	0.0176052955914	-0.00893579310583	-0.0180860254393	0.0283800662736	-0.0618623423014	0.0534238298343	-0.00597716794502	0.00379608699195	0.0363881099478	-0.000790182176646	-0.0112133470119	-0.0824876377026	0.0702237209497	1.0	0.0342131650914	0.0113632628853	-0.0238655903518	-0.0335819609896	0.0580213265078	0.0183495240917	0.0255071702722	-0.0592488596836	-0.0228964855265	0.0147426133341	0.0256260459097	-0.0330622081617	0.0160160238604	-0.0131884353437	-0.0381115626171	-0.0575083163313	-0.0358241443106	-0.0322024928913	-0.00332777347028	-0.0255467416282	-0.0216627544946	-0.0158068427163	0.00144022895215	0.0374779276184	-0.0291013648045	-0.0706727231588	-0.018779219507	0.0212728604762	0.0452491268759	0.00895515566097	-0.0430939418042	-0.0276674119078	-0.0616734778551	-0.0287567137104	-0.0603331102179	-0.0205124908503	-0.0525133957806
k__Bacteria;p__Proteobacteria;c__Betaproteobacteria;o__Burkholderiales;f__Sutterellaceae;g__Parasutterella;s__Parasutterella_excrementihominis	0.00394012889832	0.0100495224136	-0.0218114303759	0.0349696458034	-0.0431191636989	-0.0198875640662	0.0381505266803	0.0133689948246	0.008814670449	-0.0518199515575	0.0105653609661	0.00141590801157	0.0495181823391	-0.0103947129792	0.0819195930733	0.0287368812129	-0.00824346197845	0.0274866402825	-0.0721855911341	0.0236902434806	-0.0278443917249	0.0342131650914	1.0	0.00209954600675	-0.00944981623117	0.0238914236723	-0.0317303402358	-0.0177526135065	-0.0177926008105	-0.0591163337568	-0.0151656075092	-0.0171845794855	-0.0274780627864	-0.0317183607171	-0.0189101391615	-0.0618637021163	-0.0330347954995	-0.0375608641033	0.00844384018521	0.0149512121195	0.0070580375784	-0.0641314492343	0.0178463333627	0.0162985219509	-0.00871994011555	-0.00679574626849	0.0535519057829	0.0636132236071	0.0625102096418	-0.00766611389736	-0.0233915846923	-0.0242148331501	0.0114742031862	-0.0222310007599	-0.0689720040049	0.0378490864409	-0.0301897400361	0.00451508022268	-0.0495665017306
k__Bacteria;p__Actinobacteria;c__Actinobacteria;o__Bifidobacteriales;f__Bifidobacteriaceae;g__Bifidobacterium;s__Bifidobacterium_adolescentis	0.0132167307585	-0.0423421416677	-0.00474680226083	0.0251680319882	-0.0245788594574	0.0428808614385	-0.0184364181079	-0.0327523849148	0.0117056131417	0.0240933258417	-0.0162392419423	-0.0514365502065	0.0385483299075	-0.00693701293374	-0.0325112534435	0.0187894939635	0.0589222674069	-0.046516342586	-0.0305198546479	-0.0354428939062	-0.0123549654531	0.0113632628853	0.00209954600675	1.0	0.0164991485095	-0.0310049543466	-0.0409995300864	0.0351543470638	-0.0419704729497	0.0172853111168	-0.00542867692738	-0.023983813936	-0.0608667749318	-0.0171545563462	0.0122898088444	-0.0302841836383	-0.0184006510924	-0.0514407329771	0.036057744023	-0.0502422268084	-0.0148929082183	-0.0319099004788	0.0135348762065	0.030497301182	-0.0498864361556	0.0037900105761	-0.0884727982942	0.0236124807906	0.00553617302573	0.0111724909182	-0.00439024060504	-0.0944185221849	0.0190396244655	-0.0252675421036	-0.0343616860042	-0.0148865376962	-0.0523630208803	0.0389431957515	0.0673222200547
k__Bacteria;p__Firmicutes;c__Clostridia;o__Clostridiales;f__Oscillospiraceae;g__Oscillibacter;s__Oscillibacter_sp._KLE_1745	0.00450046030566	0.0225569345617	0.0489263998415	-0.0300987462655	-0.00641407272268	-0.0337885684471	-0.00119761481186	-0.040115795064	0.0410000371891	0.0489363699866	0.0183155699186	0.0273501844116	0.0223764083387	0.0292073313807	0.0265559016327	0.0104945867739	-0.0195961589383	-0.0513793838782	0.00555197771905	-0.0214105026039	-0.0231963426603	-0.0238655903518	-0.00944981623117	0.0164991485095	1.0	-0.0529139059694	0.0491612539296	-0.0243627572184	-0.0247032997018	-0.0166364201147	-0.0266229705876	0.0249605714838	-0.0268793623978	-0.00726844983727	-0.0213651110085	-0.00783204180141	-0.0325207380981	0.0248544967145	-0.0287976127033	-0.0935876770882	0.000346833789451	-0.00965150866643	0.0235010934401	0.0302651823415	0.0335729548404	0.0307213443507	-0.0471702437361	0.0214640478907	-0.0189894345403	-0.0600990832694	-0.0403546339497	-0.00841867024137	-0.041628824883	0.00427703359213	-0.0125965983696	-0.0038286761016	0.0306613044072	-0.0546403925686	-0.0518377745853
k__Bacteria;p__Bacteroidetes;c__Bacteroidia;o__Bacteroidales;f__Bacteroidaceae;g__Bacteroides;s__Bacteroides_coprophilus	-0.107773230749	-0.0272649037583	-0.040348050506	-0.0207938096507	0.0137480133947	-0.0253581283942	0.0163270692037	0.0103543809201	0.0639661127831	-0.0425269650824	0.0309920833329	0.00776570032844	0.0394697600615	-0.0382705161085	-0.00551839692027	0.0296284439923	-0.0373503562635	-0.0360530369976	-0.0118770726094	-0.058194021415	-0.0337661928083	-0.0335819609896	0.0238914236723	-0.0310049543466	-0.0529139059694	1.0	0.0888266887651	0.0577249542347	0.0248922011082	-0.00540257349615	0.0263899884116	-0.0143306068996	-0.0866408246357	-0.0439319981632	0.0292740353933	-0.0138499537628	0.020199180737	0.0381606727586	0.0127077543332	-0.00512442515212	0.00159738049474	0.0426354985857	-0.0239453557996	0.00980462305686	0.000377916136348	-0.054059608041	0.00506565993557	0.00904243333711	-0.0480522277137	0.0142563933063	0.019313468838	-0.00442468172796	-0.0547787824201	-0.00483419130453	-0.0641245581443	0.0124513268559	0.00588008282554	-0.0122021759767	-0.046690730558
k__Bacteria;p__Firmicutes;c__Clostridia;o__Clostridiales;f__Lachnospiraceae;g__Roseburia;s__Roseburia_intestinalis	-0.0409207009039	-0.00259408081099	0.0307650422712	-0.0292562172555	-0.0101340495288	0.0271938891319	-0.0321800278383	-0.0265083131044	0.0239597345325	-0.0702415104849	0.0357418693217	0.0240722647648	-0.0239639069477	0.0261602678378	-0.00626286711143	-0.0125108828743	0.00222500929593	-0.0520312865393	-0.0360138125011	0.0547024102688	-0.0135230878255	0.0580213265078	-0.0317303402358	-0.0409995300864	0.0491612539296	0.0888266887651	1.0	0.0601335896016	-0.0472223502029	-0.00528147776041	0.0110111729864	0.00107404976447	0.0784972624348	-0.0115950609875	0.0243939920868	-0.00077301860782	-0.0455952690039	-0.0294155673575	0.00919657035563	-0.0363333787889	0.025620429914	0.0171848633622	-0.0271445887772	-0.056817813957	0.0306585834278	-0.049774883272	-0.0639115402465	-0.00275617695902	0.0383916050683	0.0742255681114	-0.0289497361081	0.011358331936	-0.00624508304963	-0.00184988050854	-0.0186445275208	-0.0316644272511	-0.040601710458	-0.0420795007876	0.00689074855042
k__Bacteria;p__Firmicutes;c__Clostridia;o__Clostridiales;f__Lachnospiraceae;g__Roseburia;s__Roseburia_hominis	-0.00442603766995	-0.00982761293726	-0.00634061662053	0.00646086278243	0.0119077826478	-0.0454520814163	-0.0758570304033	-0.043926554916	-0.0437637191946	-0.0548705821276	-0.0382281905148	-0.029319854071	-0.0681671154762	0.0983146229755	-0.0335909630204	0.0183023732878	-0.0272900903288	0.0189345210289	-0.0304836990423	-0.00652409832122	0.0506525473591	0.0183495240917	-0.0177526135065	0.0351543470638	-0.0243627572184	0.0577249542347	0.0601335896016	1.0	-0.0228853933965	-0.0297954351515	0.00800528920978	0.0195321166636	0.000775410629611	-0.0262093465647	0.0366825691662	0.039188771702	-0.0599375559788	0.011606522743	-0.0136850031382	-0.0264820776733	0.0350637078571	-0.0338154965171	-0.0683974751966	0.00755000413507	-0.0157074096374	-0.000471874813387	0.058898125311	-0.0340468989241	-0.0282776138793	0.013962742038	0.0703564762088	-0.0977747154746	0.0479549292946	0.00495184459715	0.0389511342274	-0.0252196342146	0.0711653412281	-0.0178463514227	0.0749154301627
k__Bacteria;p__Bacteroidetes;c__Bacteroidia;o__Bacteroidales;f__Porphyromonadaceae;g__Parabacteroides;s__Parabacteroides_johnsonii	-0.0113364941707	0.0039903745196	-0.0438679667242	-0.0084694262616	-0.0439796924574	0.0739504131926	-0.0366913556772	-0.0242475251933	-0.0517653990129	-0.00569368604314	0.0108486371736	-0.0248163591025	-0.031605271158	-0.0315194235072	0.0178711007911	-0.0364459408603	0.0523328080206	0.0159356708835	0.0341908318216	-0.0208254201367	0.0384036998932	0.0255071702722	-0.0177926008105	-0.0419704729497	-0.0247032997018	0.0248922011082	-0.0472223502029	-0.0228853933965	1.0	-0.0453897047054	-0.0541217933697	0.000269899336682	-0.0801781017937	0.0115920377453	0.0533417450613	0.00132787928437	-0.0118148736684	0.0146656095487	0.0304465558223	0.0082770335128	-0.0363471962755	-0.0197472726828	-0.104611633549	0.0158086891396	0.00930350349338	-0.0323577082915	-0.0561888202101	-0.0415373519571	0.0138662736679	0.0145436243954	0.0329353254004	0.0363655135207	0.0378240492788	-0.0048092284802	0.00627096514394	0.0199548594403	0.0135242038132	0.00407100759545	-0.0606389915097
k__Bacteria;p__Actinobacteria;c__Actinobacteria;o__Bifidobacteriales;f__Bifidobacteriaceae;g__Bifidobacterium;s__Bifidobacterium_longum	0.00800710231775	-0.0549111804276	0.0315807118093	0.0103962311641	0.034535311495	-0.0359381629696	-0.0709206658687	-0.0239160455361	-0.031654276511	-0.0329073561845	0.0232966044555	0.0250286280005	-0.0206153132209	-0.0156813235758	-0.0109790043809	-0.0274401892912	0.0226213764757	-0.00234352483777	-0.012855601043	-0.0357965691905	0.0470721565127	-0.0592488596836	-0.0591163337568	0.0172853111168	-0.0166364201147	-0.00540257349615	-0.00528147776041	-0.0297954351515	-0.0453897047054	1.0	0.0690413342946	0.0236064829195	-0.00893964075564	-0.0339579118155	-0.0945449195315	0.0156355653574	0.0179836718102	-0.0301014816095	0.0181750482122	0.00245424075959	-0.0527558264858	-0.0309417886343	0.0597277006113	-0.0475319186796	0.0124143515598	0.038329894198	0.000843101194212	0.0241146175916	-0.0433385882306	-0.0145026919643	0.0409307397578	0.0835077348239	-0.0110975699036	-0.0200784859699	-0.0131321978205	-0.056406671686	0.0245082428031	0.0374221594526	-0.0262014155507
