#taxonomy	k__Bacteria;p__Bacteroidetes;c__Bacteroidia;o__Bacteroidales;f__Bacteroidaceae;g__Bacteroides;s__Bacteroides_vulgatus	k__Bacteria;p__Bacteroidetes;c__Bacteroidia;o__Bacteroidales;f__Bacteroidaceae;g__Bacteroides;s__Bacteroides_uniformis	k__Bacteria;p__Bacteroidetes;c__Bacteroidia;o__Bacteroidales;f__Rikenellaceae;g__Alistipes;s__Alistipes_putredinis	k__Bacteria;p__Bacteroidetes;c__Bacteroidia;o__Bacteroidales;f__Prevotellaceae;g__Prevotella;s__Prevotella_copri	k__Bacteria;p__Bacteroidetes;c__Bacteroidia;o__Bacteroidales;f__Bacteroidaceae;g__Bacteroides;s__Bacteroides_stercoris	k__Bacteria;p__Bacteroidetes;c__Bacteroidia;o__Bacteroidales;f__Bacteroidaceae;g__Bacteroides;s__Bacteroides_ovatus	k__Bacteria;p__Bacteroidetes;c__Bacteroidia;o__Bacteroidales;f__Rikenellaceae;g__Alistipes;s__Alistipes_shahii	k__Bacteria;p__Firmicutes;c__Clostridia;o__Clostridiales;f__Ruminococcaceae;g__Faecalibacterium;s__Faecalibacterium_prausnitzii	k__Bacteria;p__Bacteroidetes;c__Bacteroidia;o__Bacteroidales;f__Rikenellaceae;g__Alistipes;s__Alistipes_finegoldii	k__Bacteria;p__Bacteroidetes;c__Bacteroidia;o__Bacteroidales;f__Porphyromonadaceae;g__Parabacteroides;s__Parabacteroides_distasonis	k__Bacteria;p__Bacteroidetes;c__Bacteroidia;o__Bacteroidales;f__Bacteroidaceae;g__Bacteroides;s__Bacteroides_thetaiotaomicron	k__Bacteria;p__Bacteroidetes;c__Bacteroidia;o__Bacteroidales;f__Bacteroidaceae;g__Bacteroides;s__Bacteroides_coprocola	k__Bacteria;p__Bacteroidetes;c__Bacteroidia;o__Bacteroidales;f__Bacteroidaceae;g__Bacteroides;s__Bacteroides_cellulosilyticus	k__Bacteria;p__Bacteroidetes;c__Bacteroidia;o__Bacteroidales;f__Rikenellaceae;g__Alistipes;s__Alistipes_obesi	k__Bacteria;p__Firmicutes;c__Clostridia;o__Clostridiales;f__Lachnospiraceae;g__;s__[Eubacterium]_rectale	k__Bacteria;p__Bacteroidetes;c__Bacteroidia;o__Bacteroidales;f__Bacteroidaceae;g__Bacteroides;s__Bacteroides_plebeius	k__Bacteria;p__Bacteroidetes;c__Bacteroidia;o__Bacteroidales;f__Bacteroidaceae;g__Bacteroides;s__Bacteroides_fragilis	k__Bacteria;p__Proteobacteria;c__Betaproteobacteria;o__Burkholderiales;f__Sutterellaceae;g__Sutterella;s__Sutterella_wadsworthensis	k__Bacteria;p__Bacteroidetes;c__Bacteroidia;o__Bacteroidales;f__Porphyromonadaceae;g__Barnesiella;s__Barnesiella_intestinihominis	k__Bacteria;p__Bacteroidetes;c__Bacteroidia;o__Bacteroidales;f__Odoribacteraceae;g__Odoribacter;s__Odoribacter_splanchnicus	k__Bacteria;p__Bacteroidetes;c__Bacteroidia;o__Bacteroidales;f__Bacteroidaceae;g__Bacteroides;s__Bacteroides_salyersiae	k__Bacteria;p__Firmicutes;c__Clostridia;o__Clostridiales;f__Ruminococcaceae;g__Ruminiclostridium;s__[Eubacterium]_siraeum	k__Bacteria;p__Proteobacteria;c__Betaproteobacteria;o__Burkholderiales;f__Sutterellaceae;g__Parasutterella;s__Parasutterella_excrementihominis	k__Bacteria;p__Actinobacteria;c__Actinobacteria;o__Bifidobacteriales;f__Bifidobacteriaceae;g__Bifidobacterium;s__Bifidobacterium_adolescentis	k__Bacteria;p__Firmicutes;c__Clostridia;o__Clostridiales;f__Oscillospiraceae;g__Oscillibacter;s__Oscillibacter_sp._KLE_1745	k__Bacteria;p__Bacteroidetes;c__Bacteroidia;o__Bacteroidales;f__Bacteroidaceae;g__Bacteroides;s__Bacteroides_coprophilus	k__Bacteria;p__Firmicutes;c__Clostridia;o__Clostridiales;f__Lachnospiraceae;g__Roseburia;s__Roseburia_intestinalis	k__Bacteria;p__Firmicutes;c__Clostridia;o__Clostridiales;f__Lachnospiraceae;g__Roseburia;s__Roseburia_hominis	k__Bacteria;p__Bacteroidetes;c__Bacteroidia;o__Bacteroidales;f__Porphyromonadaceae;g__Parabacteroides;s__Parabacteroides_johnsonii	k__Bacteria;p__Actinobacteria;c__Actinobacteria;o__Bifidobacteriales;f__Bifidobacteriaceae;g__Bifidobacterium;s__Bifidobacterium_longum	k__Bacteria;p__Firmicutes;c__Clostridia;o__Clostridiales;f__;g__Flavonifractor;s__Flavonifractor_plautii	k__Bacteria;p__Firmicutes;c__Clostridia;o__Clostridiales;f__Clostridiaceae;g__Clostridium;s__Clostridium_phoceensis	k__Bacteria;p__Verrucomicrobia;c__Verrucomicrobiae;o__Verrucomicrobiales;f__Akkermansiaceae;g__Akkermansia;s__Akkermansia_muciniphila	k__Bacteria;p__Bacteroidetes;c__Bacteroidia;o__Bacteroidales;f__Prevotellaceae;g__Paraprevotella;s__Paraprevotella_xylaniphila	k__Bacteria;p__Firmicutes;c__Clostridia;o__Clostridiales;f__Ruminococcaceae;g__Ruminococcus;s__Ruminococcus_callidus	k__Bacteria;p__Bacteroidetes;c__Bacteroidia;o__Bacteroidales;f__Rikenellaceae;g__Alistipes;s__Alistipes_senegalensis	k__Bacteria;p__Firmicutes;c__Clostridia;o__Clostridiales;f__Lachnospiraceae;g__Blautia;s__Blautia_sp._KLE_1732	k__Bacteria;p__Bacteroidetes;c__Bacteroidia;o__Bacteroidales;f__Bacteroidaceae;g__Bacteroides;s__Bacteroides_oleiciplenus	k__Bacteria;p__Firmicutes;c__Clostridia;o__Clostridiales;f__Ruminococcaceae;g__Ruminococcus;s__Ruminococcus_bicirculans	k__Bacteria;p__Bacteroidetes;c__Bacteroidia;o__Bacteroidales;f__Bacteroidaceae;g__Bacteroides;s__Bacteroides_fluxus	k__Bacteria;p__Bacteroidetes;c__Bacteroidia;o__Bacteroidales;f__Prevotellaceae;g__Prevotella;s__Prevotella_stercorea	k__Bacteria;p__Firmicutes;c__Clostridia;o__Clostridiales;f__Lachnospiraceae;g__Dorea;s__Dorea_longicatena	k__Bacteria;p__Firmicutes;c__Clostridia;o__Clostridiales;f__Eubacteriaceae;g__Eubacterium;s__[Eubacterium]_eligens	k__Bacteria;p__Firmicutes;c__Clostridia;o__Clostridiales;f__Ruminococcaceae;g__;s__Ruminococcaceae_bacterium_D16	k__Bacteria;p__Firmicutes;c__Clostridia;o__Clostridiales;f__Lachnospiraceae;g__Coprococcus;s__Coprococcus_comes	k__Bacteria;p__Proteobacteria;c__Gammaproteobacteria;o__Enterobacterales;f__Enterobacteriaceae;g__Escherichia;s__Escherichia_coli	k__Bacteria;p__Firmicutes;c__Clostridia;o__Clostridiales;f__Ruminococcaceae;g__Anaerotruncus;s__Anaerotruncus_colihominis	k__Bacteria;p__Firmicutes;c__Clostridia;o__Clostridiales;f__Lachnospiraceae;g__Blautia;s__Blautia_obeum	k__Bacteria;p__Bacteroidetes;c__Bacteroidia;o__Bacteroidales;f__Odoribacteraceae;g__Odoribacter;s__Odoribacter_laneus	k__Bacteria;p__Firmicutes;c__Clostridia;o__Clostridiales;f__Ruminococcaceae;g__Ruminiclostridium;s__[Clostridium]_leptum	k__Bacteria;p__Bacteroidetes;c__Bacteroidia;o__Bacteroidales;f__Porphyromonadaceae;g__Parabacteroides;s__Parabacteroides_goldsteinii	k__Bacteria;p__Firmicutes;c__Clostridia;o__Clostridiales;f__Lachnospiraceae;g__Anaerostipes;s__Anaerostipes_hadrus	k__Bacteria;p__Firmicutes;c__Clostridia;o__Clostridiales;f__Ruminococcaceae;g__Ruminococcus;s__Ruminococcus_lactaris	k__Bacteria;p__Firmicutes;c__Clostridia;o__Clostridiales;f__Clostridiaceae;g__Clostridium;s__Clostridium_sp._L2-50	k__Bacteria;p__Firmicutes;c__Clostridia;o__Clostridiales;f__Clostridiaceae;g__Clostridium;s__Clostridium_sp._M62/1	k__Bacteria;p__Firmicutes;c__Clostridia;o__Clostridiales;f__;g__Intestinimonas;s__Intestinimonas_butyriciproducens	k__Bacteria;p__Actinobacteria;c__Actinobacteria;o__Bifidobacteriales;f__Bifidobacteriaceae;g__Bifidobacterium;s__Bifidobacterium_bifidum	k__Bacteria;p__Firmicutes;c__Negativicutes;o__Veillonellales;f__Veillonellaceae;g__Dialister;s__Dialister_invisus	k__Bacteria;p__Bacteroidetes;c__Bacteroidia;o__Bacteroidales;f__Bacteroidaceae;g__Bacteroides;s__Bacteroides_salanitronis
k__Bacteria;p__Bacteroidetes;c__Bacteroidia;o__Bacteroidales;f__Bacteroidaceae;g__Bacteroides;s__Bacteroides_vulgatus	1.0	-0.0300860912751	-0.0369063804783	-0.0362509166229	-0.02181679431	0.0101933692374	-0.0364170862468	0.0685548809035	0.060443850374	-0.00104561932679	-0.00210655004672	-0.00440546169977	-0.00337241952427	-0.0229927945405	0.0630608015989	-0.0021024804885	-0.00167925338693	-0.03838375765	0.00250396989423	-0.018345851648	-0.00766687321044	-0.0439366967247	0.00722029863462	0.015751682981	-0.0308102181504	-0.0332349778213	-0.00845276737921	-0.0293554542085	-0.00693075338361	-0.0394179168526	0.0599991086739	0.00191604790589	-0.00328926600584	0.00908496857817	-0.0485366526576	0.0515637916865	-0.0981971216477	-0.0622346088188	0.0382556808636	-7.31843116705e-05	-0.0223401697574	0.0752759135412	-0.0945184427812	-0.018364765606	-0.00376781595414	0.0729492501354	0.00168678207994	-0.0340730870455	-0.0375391372541	-0.0618328458576	0.0132486498852	-0.0270942729158	-0.0415025970618	-0.0200377322813	-0.00208519022012	-0.0141954578047	-0.0140179133862	-0.0167553289459	-0.040988730647
k__Bacteria;p__Bacteroidetes;c__Bacteroidia;o__Bacteroidales;f__Bacteroidaceae;g__Bacteroides;s__Bacteroides_uniformis	-0.0300860912751	1.0	0.0118171699603	0.0105277291463	0.00362766796577	0.0167725481353	-0.010928464668	-0.0235015804707	-0.0229372450456	0.00339490931484	0.00325010225838	-0.0133790699954	0.0244797529629	-0.0398913020776	-0.00056408436217	0.0251743999818	0.0744628513392	-0.028582687134	0.012970344817	-0.0707043190315	-0.0346447508877	0.0228531611811	0.0137338128685	0.0339836233459	0.0791695462925	-0.00823883656362	-0.0186788958115	-0.0291687764546	-0.0124425161623	0.000644335541032	0.030220827741	-0.00567313698519	-0.0198896036977	-0.0316024994409	-0.0354500086131	0.0282216113038	0.00248971444458	0.0231781872695	-0.0299410793718	-0.034449006528	-0.0309036602676	0.0663293461969	-0.00935697647101	-0.0246208346773	0.0199067426694	-0.0037942416041	-0.0247950063258	-0.0785407939001	-0.0331216622386	0.0506351089035	-0.0526321065075	-0.108514668504	-0.0326167124949	-0.0179885610852	0.00951034971559	-0.0793492216441	0.0578520795987	-0.0211863012814	-0.0502496572416
k__Bacteria;p__Bacteroidetes;c__Bacteroidia;o__Bacteroidales;f__Rikenellaceae;g__Alistipes;s__Alistipes_putredinis	-0.0369063804783	0.0118171699603	1.0	-0.0409251746313	-0.0170452984595	-0.00714524069949	0.0386722383967	0.0414548752157	0.0216178063995	0.0323112086395	-0.0345363033479	0.0253202245762	-0.0595821472899	-0.00563339066338	-0.040179439654	-0.0042288298456	-0.0192454604878	-0.0176648037019	-0.0121947590618	-0.0523687840208	0.082871292282	-0.0194540020054	-0.0195530109653	-0.0260681098277	0.00186094417701	-0.0466185017883	-0.0598739851704	0.0455350524404	0.0200514160601	-0.0437398781044	-0.0536161784134	0.0395670171151	0.0643430083175	-0.0568733882897	-0.0201826470497	0.0211428387163	-0.0347813922617	0.00326987586718	-0.0241389928475	-0.0533782912172	0.0108315098552	-0.031823670271	-0.0110014691581	0.0156719472217	-0.0216225289295	0.000222049289561	-0.0442364638344	0.0612577916146	-0.0342180861881	-0.0624062347945	-0.00561242417529	-0.000759105317476	0.0117726552264	0.0185833977252	0.00981901408154	-0.00891622847416	-0.0573016901571	0.0372991023361	-0.0425411131735
k__Bacteria;p__Bacteroidetes;c__Bacteroidia;o__Bacteroidales;f__Prevotellaceae;g__Prevotella;s__Prevotella_copri	-0.0362509166229	0.0105277291463	-0.0409251746313	1.0	-0.0170598129574	-0.0217639596098	-0.0134454479913	-0.0162897050134	0.0264361451384	-0.0110295708518	-0.0139230365334	-0.0319192932181	0.0360053215317	-0.0201155852134	-0.0226055965408	-0.00913351918605	0.0105866010651	0.0227526650737	0.00219185247138	-0.0464911847604	0.0407871133295	0.00618173887719	0.029694190122	-0.0418550797826	-0.0447708148164	-0.00162428795191	0.0165099955742	-0.0114148370748	-0.0239034207969	0.00437065534557	0.0656975310424	-0.0693332091533	0.0254662483123	0.0273067987341	-0.0394704535666	-0.000882277432251	0.0419169515861	-0.00262217623469	0.015746684941	0.0166349181153	-0.00540667076103	-0.00827000610617	-0.0393474398457	-0.0139728785067	0.010513470088	-0.0489266598682	-0.0430987999788	-0.0150377784285	0.0436074466295	-0.0518953442499	-0.00262646101059	-0.0301187382273	-0.0391208824633	0.0733915442892	-0.0577961048125	-0.025158507946	0.00665498359074	0.034005267151	0.00808044489085
k__Bacteria;p__Bacteroidetes;c__Bacteroidia;o__Bacteroidales;f__Bacteroidaceae;g__Bacteroides;s__Bacteroides_stercoris	-0.02181679431	0.00362766796577	-0.0170452984595	-0.0170598129574	1.0	-0.0169104642916	-0.00659599310977	-0.02363964703	0.0186045151154	-0.0276960069259	-0.00865601797183	-0.00892197044006	-0.0289624539755	-0.058900901623	0.0190504206514	0.0365722551082	-0.00618559024321	-0.0166577532349	0.00482189150915	-0.0105763071657	0.0643336393924	-0.00939384683404	-0.0390555840069	-0.00738998894293	0.00393214392317	0.0577693056269	-0.0383669232831	0.0133898326266	0.00395270514833	-0.0405622344433	0.061864758419	0.0416891409932	0.0174928379922	0.015097166581	0.0268234928549	0.0290809196213	-0.00152712842628	-0.00400701521371	0.00622937346994	-0.0658724730614	0.0127280746047	-0.0381949985277	-0.0279288004601	-0.00307916687105	-0.0238083466965	0.0350550381674	0.0642234968687	-0.0887809965724	0.00921991142615	0.0366317247915	-0.0183233308153	-0.00458435006003	0.0106183998627	0.0209370000187	-0.0377904201849	-0.00230271946912	-0.0229165467819	-0.0357762738448	-0.00217967650166
k__Bacteria;p__Bacteroidetes;c__Bacteroidia;o__Bacteroidales;f__Bacteroidaceae;g__Bacteroides;s__Bacteroides_ovatus	0.0101933692374	0.0167725481353	-0.00714524069949	-0.0217639596098	-0.0169104642916	1.0	-0.050395465396	-0.0184214154338	-0.0171276665525	-0.0187405032692	0.0073272051203	-0.0622337017251	0.00543510554132	-0.00478119004842	-0.0246422234463	0.0397008003656	0.0162677048727	0.00826646776846	-0.0109595400813	-0.0172536398046	-0.0223602372162	-0.0891029781059	-0.0126091463786	-0.0405662452114	0.0162375965463	0.0585598846446	-0.0847981239896	0.0265933060286	0.0242317613892	0.0226534581742	0.00859975393721	0.00512155416123	-0.0153621854646	-0.00809898286436	-0.0162710254871	-0.0109202221513	-0.00706865802414	-0.0470743117071	0.0075774201106	-0.0365658133526	-0.0587541160814	-0.0287118904145	0.00993889045747	0.032213349133	-0.00126499152166	-0.0627322779006	-0.0244819797573	-0.00464168889689	0.0711387326436	0.0347585077712	0.00516520110141	0.046186655079	0.0443982024348	0.0269224041353	0.0426684647261	-0.0278925717691	0.0098089465791	-0.00543465283111	-0.0390839406822
k__Bacteria;p__Bacteroidetes;c__Bacteroidia;o__Bacteroidales;f__Rikenellaceae;g__Alistipes;s__Alistipes_shahii	-0.0364170862468	-0.010928464668	0.0386722383967	-0.0134454479913	-0.00659599310977	-0.050395465396	1.0	-0.0139444253986	0.0754183570938	0.0243605668436	-0.0271595248515	0.0142526597414	-0.027196158663	-0.0254751427784	0.000186201537366	0.025728202247	-0.0356997464736	0.0583270559877	-0.0468695258463	-0.0136576244775	-0.100101851813	-0.0305667154778	0.00675821435823	-0.0188980076523	0.056638481074	-0.0257703124726	0.0371845557097	0.00326021323206	-0.00955978477914	0.0255700562618	0.00552302669022	-0.0400178251	-0.00838303493829	-0.0248269495418	0.0119048646926	0.0230701473902	-0.0527629631669	0.000854795570925	-0.0456211144034	-0.0520421725241	-0.0845704452755	-0.0163031835617	-0.012406068936	-0.0443699944831	-0.0501355785435	-0.0292385453949	-0.023865678547	-0.0560305399249	-0.0336554697678	-0.0254012177245	0.0295016789083	0.0573753371798	-0.0449101357827	-0.0178233659812	-0.0650051401013	0.0158286208148	-0.0231768387525	0.0470834995157	-0.00840700569611
k__Bacteria;p__Firmicutes;c__Clostridia;o__Clostridiales;f__Ruminococcaceae;g__Faecalibacterium;s__Faecalibacterium_prausnitzii	0.0685548809035	-0.0235015804707	0.0414548752157	-0.0162897050134	-0.02363964703	-0.0184214154338	-0.0139444253986	1.0	0.0703570317822	0.0141935217765	-0.0400365439432	-0.0051679366468	-0.029913703652	-0.0285455304563	-0.0399066207896	-0.0334288943814	-0.0425029309427	0.0070195036099	-0.0579694935246	-0.0954542301095	-0.0439742615042	-0.0265606446892	-0.00802635705808	0.0171579272025	0.0102541106156	0.025778606522	-0.0467354578811	0.00632016854056	-0.013177947464	0.0414841379905	-0.0320331759574	-0.00178153962915	0.0574807437696	-0.00559641571156	0.0146198548593	0.0219508092227	-0.0519273866015	-0.0419303474111	-0.0145303643862	0.00649625775619	-0.0242351035768	-0.000541364959138	-0.0585966429915	0.0326973539245	-0.00294009471845	-0.0571392666434	-0.0305125489729	0.0191034478208	0.0128296214044	-0.0589247314103	-0.00188330747205	-0.0378582359568	-0.00949295062174	0.0013750223566	0.0191759224158	-0.02556813376	-0.00365336190831	-0.0115787941923	0.0230521923506
k__Bacteria;p__Bacteroidetes;c__Bacteroidia;o__Bacteroidales;f__Rikenellaceae;g__Alistipes;s__Alistipes_finegoldii	0.060443850374	-0.0229372450456	0.0216178063995	0.0264361451384	0.0186045151154	-0.0171276665525	0.0754183570938	0.0703570317822	1.0	-0.0237876306049	0.0173873908546	0.00918881654356	0.0277821596023	-0.0353023330386	0.00556756998115	0.0667234052986	0.0370022617629	-0.00405865956949	-0.0443015899311	-0.00703223204435	-0.0320449979459	0.0192751171461	-0.00901626927753	0.0177517403824	-0.0930945661152	-0.00811353311874	-0.0554383703407	-0.00406235215902	0.0268560228679	0.016819749271	-0.0274971090968	0.0562677434028	-0.0314762389676	-0.0050215826317	0.00151661483625	-0.0578896586662	0.0286225633005	-0.00660212311156	0.0146242493925	-0.00635740827937	-0.0407433773688	-0.0613025915112	-0.00962926626811	-0.0117013536263	-0.0038794860846	-0.0602924986128	0.0103722578002	-0.0325579912351	-0.0849633656889	-0.0355731833207	-0.0127262171603	0.00174187906596	-0.00112933649612	-0.0150235996372	-0.000787160462809	-0.00811497225657	-0.034135081225	0.0406900052134	-0.00996281197619
k__Bacteria;p__Bacteroidetes;c__Bacteroidia;o__Bacteroidales;f__Porphyromonadaceae;g__Parabacteroides;s__Parabacteroides_distasonis	-0.00104561932679	0.00339490931484	0.0323112086395	-0.0110295708518	-0.0276960069259	-0.0187405032692	0.0243605668436	0.0141935217765	-0.0237876306049	1.0	-0.019332935517	-0.0133045981172	0.0161412303143	0.0367262174966	-0.019597289029	-0.0312005369114	0.0761712939126	-0.044690868845	0.0112305411459	0.039807139968	0.000288264211779	-0.0150062483234	-0.000714387307433	0.0106659004456	-0.0829341955846	-0.0122765678531	-0.014794810985	0.0670855113884	-0.0186020310062	0.0099141263755	-0.0032422786822	-0.0830145039481	0.00328132955999	0.0358393978205	-0.0111430670467	0.00207056954011	-0.0375277171469	0.00810448289393	-0.0077166466615	0.00439989220712	-0.0115960428328	0.0131419723223	-0.00436326632505	0.0305459693509	-0.0556625554255	0.0210272496414	-0.0254748062441	0.0604735000324	-0.0287578915509	0.00188761385177	-0.017179801415	-0.0426846259065	-0.00533399114156	0.0345763653538	0.00509901010354	0.0481332717246	-0.0557162615705	0.0390356028639	0.0141980639364
k__Bacteria;p__Bacteroidetes;c__Bacteroidia;o__Bacteroidales;f__Bacteroidaceae;g__Bacteroides;s__Bacteroides_thetaiotaomicron	-0.00210655004672	0.00325010225838	-0.0345363033479	-0.0139230365334	-0.00865601797183	0.0073272051203	-0.0271595248515	-0.0400365439432	0.0173873908546	-0.019332935517	1.0	0.0617885737717	-0.0370814991025	-0.0194480577949	-0.00519464235247	-0.0892926589321	0.00783432085235	-0.016016608196	0.042099281312	0.00625331879109	-0.0261976890819	0.0617397681344	0.0469085556295	-0.00747248729162	0.0111389907869	0.0168931463871	-0.0248830317022	-0.100588438485	0.0725405483235	-0.00829098372921	-0.0377727484153	-0.0617986263647	-0.0660554755972	-0.0197904976752	0.00983084024421	0.03764594697	-0.0277209972582	-0.0072313197468	-0.0451581464402	-0.0278689566332	0.0401843413804	-0.00340706624323	-0.0386102818494	-0.0393915200263	-0.00804347199113	-0.00703327670645	0.0373466612599	-0.0570825894436	-0.0513857696668	0.0662995429353	-0.0399955978446	0.0692151327594	-0.0249363711143	0.0242954122626	-0.0189477149866	-0.0610095049354	0.0247072588104	-0.00765014088931	-0.0316113287714
k__Bacteria;p__Bacteroidetes;c__Bacteroidia;o__Bacteroidales;f__Bacteroidaceae;g__Bacteroides;s__Bacteroides_coprocola	-0.00440546169977	-0.0133790699954	0.0253202245762	-0.0319192932181	-0.00892197044006	-0.0622337017251	0.0142526597414	-0.0051679366468	0.00918881654356	-0.0133045981172	0.0617885737717	1.0	0.0296140793458	-0.000198458823785	0.0516427669256	-0.0428334129548	-0.0891017327745	0.0448331423115	-0.0376231236652	-0.000515550220783	-0.0299013184435	-0.0196378570822	-0.018300792412	-0.0100033773887	-0.0214025889723	-0.00725449950082	-0.00060414562923	-0.0400322803513	0.00194707096224	0.0175690586047	0.0150542435465	0.0195468246956	0.0410165919258	0.029061670258	-0.0238264193061	-0.0214171730843	0.00866276339983	-0.0096456272233	-0.00521957164776	-0.03756050193	-0.00195975608348	-0.0187851071291	0.0211490193983	-0.0859837150074	-0.0350332227648	-0.00901728448395	0.0229566219547	-0.0405263872852	-0.0557429058084	-0.0131547484475	-0.073905427936	-0.0210166988762	0.00494556580352	0.0356976065028	-0.0392058824323	-0.0304953365229	0.0475607859542	-0.014427206799	-0.0229333586879
k__Bacteria;p__Bacteroidetes;c__Bacteroidia;o__Bacteroidales;f__Bacteroidaceae;g__Bacteroides;s__Bacteroides_cellulosilyticus	-0.00337241952427	0.0244797529629	-0.0595821472899	0.0360053215317	-0.0289624539755	0.00543510554132	-0.027196158663	-0.029913703652	0.0277821596023	0.0161412303143	-0.0370814991025	0.0296140793458	1.0	0.035834515766	-0.0156764706796	-0.00752763317225	0.0209544177868	-0.00915304026247	0.019061802482	0.0648110959643	-0.0769500974992	0.0353985351483	-0.0265077239924	-0.0207967530699	-0.0524636332112	0.0322594308882	0.0394543450164	-0.00794204956971	0.0650778644202	-0.0594172706337	0.00144857645939	0.0245421543742	-0.0490514417324	-0.00942773685075	0.00429036480679	-0.00617676240071	-0.0908042261444	0.0111203421702	0.00350983580098	-0.0484676163882	0.00385154589811	-0.0174448949982	-0.072382233088	0.0308900544688	0.0530768663063	-0.00667371475541	0.0238273212751	0.0420275185208	-0.0369090300152	0.00648108883263	-0.00643883329228	0.0168759709319	-0.0558585158646	0.000130522476393	0.0355323516048	-0.00861178890897	0.0189417844033	0.0178935503118	0.0188619345619
k__Bacteria;p__Bacteroidetes;c__Bacteroidia;o__Bacteroidales;f__Rikenellaceae;g__Alistipes;s__Alistipes_obesi	-0.0229927945405	-0.0398913020776	-0.00563339066338	-0.0201155852134	-0.058900901623	-0.00478119004842	-0.0254751427784	-0.0285455304563	-0.0353023330386	0.0367262174966	-0.0194480577949	-0.000198458823785	0.035834515766	1.0	-0.0160513399986	-0.0316677918172	-0.0311034866867	-0.0210475512884	-0.0332046173772	0.0489270040334	-0.0730087845142	-0.033468585693	0.0452159091497	-0.0111394217695	-0.00979942980569	0.00701211270043	-0.0161147055271	0.0490143559172	-0.0457982489546	-0.0409614934253	-0.045538821089	-0.0121340218715	-0.0348723919477	0.0244942345444	-0.0263693515922	0.0392900573361	-0.0493502402912	0.0411225747253	-0.0154196208196	-0.0189583599231	-0.0913336352395	0.0241572450294	0.00636864637349	-0.026793340294	-0.00636199421764	0.0459154238471	-0.010608947556	-0.00814727901569	-0.0454850418607	0.0120294790376	-0.00770874310332	0.00391130048826	0.0116166012511	0.0398296911662	0.0527131918442	-0.0172173224629	-0.0160484361648	0.00270693510604	-0.0715946939106
k__Bacteria;p__Firmicutes;c__Clostridia;o__Clostridiales;f__Lachnospiraceae;g__;s__[Eubacterium]_rectale	0.0630608015989	-0.00056408436217	-0.040179439654	-0.0226055965408	0.0190504206514	-0.0246422234463	0.000186201537366	-0.0399066207896	0.00556756998115	-0.019597289029	-0.00519464235247	0.0516427669256	-0.0156764706796	-0.0160513399986	1.0	-0.019264268979	0.0786253545137	0.0054780380592	0.00282306120003	-0.013150496279	-0.0119616826616	-0.00631502522893	-0.035825877704	-0.0538535589656	-0.0124886860661	-0.0321673194775	-0.0720446832706	-0.0226288037215	-0.0101851173851	0.0286158410128	-0.0235286643715	-0.00283131677106	-0.0418637896306	-0.0438575115499	-0.0106868730753	0.0464518135163	-0.0191933669125	-0.0292631660413	-0.0127110283954	-0.0325676698876	0.0150138778562	-0.0479171452938	0.0133676429064	0.0365325217597	0.0127535607639	-0.000546258553374	-0.0524175589572	-0.061690020827	-0.0332801392869	0.00404426360763	0.0155278438077	-0.0902566342688	0.0335411045556	-0.000352399419954	0.123717650292	-0.0129670247613	-0.045390370286	-0.00560415555555	0.0106035896556
k__Bacteria;p__Bacteroidetes;c__Bacteroidia;o__Bacteroidales;f__Bacteroidaceae;g__Bacteroides;s__Bacteroides_plebeius	-0.0021024804885	0.0251743999818	-0.0042288298456	-0.00913351918605	0.0365722551082	0.0397008003656	0.025728202247	-0.0334288943814	0.0667234052986	-0.0312005369114	-0.0892926589321	-0.0428334129548	-0.00752763317225	-0.0316677918172	-0.019264268979	1.0	-0.00871035161803	0.0202061752444	0.0272612550929	-0.0405523385523	-0.0518254825631	-0.0299646358382	0.0320024891782	-0.0295586677763	-0.0387556733988	-0.000125684595168	-0.0593316993264	-0.0125863291704	0.0222053191771	-0.0733166195269	-0.0126500534009	0.00170023677412	-0.0101056183431	0.0054639494799	-0.0384608428953	-0.0129277261579	0.0327566655359	0.035972155945	0.0361445669429	-0.0425113525164	-0.0389968440523	-0.0573877961963	-0.0382113009264	0.021095633953	-0.0485060538405	0.0471317431434	0.061783999104	0.0197135939277	0.0326146348026	-0.0269824904384	-0.0144515079979	0.0230827889531	-0.0430719655912	-0.025938731951	-0.0539014318368	-0.00413159523371	-0.0100957321412	-0.0439152328848	-0.0287564837457
k__Bacteria;p__Bacteroidetes;c__Bacteroidia;o__Bacteroidales;f__Bacteroidaceae;g__Bacteroides;s__Bacteroides_fragilis	-0.00167925338693	0.0744628513392	-0.0192454604878	0.0105866010651	-0.00618559024321	0.0162677048727	-0.0356997464736	-0.0425029309427	0.0370022617629	0.0761712939126	0.00783432085235	-0.0891017327745	0.0209544177868	-0.0311034866867	0.0786253545137	-0.00871035161803	1.0	-0.0710649507832	-0.0175346952381	-0.0498183478415	-0.0254693379532	0.0279574958222	-0.0068600479954	0.020496871447	-0.0454331931679	-0.0714089915828	-0.105297619307	-0.0295021241757	0.0326961205083	-0.0116847485433	0.0415652291648	0.0146614721731	0.0398634296575	-0.0180675730035	-0.0470469978161	0.0162091290163	-0.00534993405392	-0.0316243335639	0.0163102413081	-0.0165988874381	-0.0124167035684	-0.0125317771051	-0.0530220208306	0.0589866216958	0.0227767254167	0.0294946382179	-0.0502129377782	0.0315800406954	0.0233771452247	0.0159314033213	-0.0375504348972	0.0200657984649	-0.00587132635683	-0.0656591033993	-0.00433736450625	-0.00187707863748	-0.0304644253955	0.0205122401366	-0.000349853996389
k__Bacteria;p__Proteobacteria;c__Betaproteobacteria;o__Burkholderiales;f__Sutterellaceae;g__Sutterella;s__Sutterella_wadsworthensis	-0.03838375765	-0.028582687134	-0.0176648037019	0.0227526650737	-0.0166577532349	0.00826646776846	0.0583270559877	0.0070195036099	-0.00405865956949	-0.044690868845	-0.016016608196	0.0448331423115	-0.00915304026247	-0.0210475512884	0.0054780380592	0.0202061752444	-0.0710649507832	1.0	-0.0202411770632	-0.0203394869524	-0.0269514806146	0.0197033355286	0.0273759455611	-0.0227884554065	-0.0582123354564	-0.0795938733906	0.0719059680076	-0.0430785917584	0.00526823360324	-0.0100771707831	-0.0110271223679	-0.0230033807087	0.00716004185261	0.00475494401796	0.0310452300657	0.0529056155184	-0.0111412499976	-0.0552935663771	0.0222143155133	-0.0351460116224	-0.0174755003061	0.00502167665232	-0.00102991293132	-0.00755827976805	-0.064812909187	-0.0117958463092	-0.0265186710271	-0.0372404254844	-0.0191698214232	0.0016721985175	-0.0142305487738	-0.0200623510435	0.013445672552	-0.0133462624511	-0.047434362875	0.026356934612	-0.014149654734	0.000586370531107	0.014863432578
k__Bacteria;p__Bacteroidetes;c__Bacteroidia;o__Bacteroidales;f__Porphyromonadaceae;g__Barnesiella;s__Barnesiella_intestinihominis	0.00250396989423	0.012970344817	-0.0121947590618	0.00219185247138	0.00482189150915	-0.0109595400813	-0.0468695258463	-0.0579694935246	-0.0443015899311	0.0112305411459	0.042099281312	-0.0376231236652	0.019061802482	-0.0332046173772	0.00282306120003	0.0272612550929	-0.0175346952381	-0.0202411770632	1.0	-0.0142301355347	0.0223380352114	0.0135314311205	0.0183723079411	0.0125408844391	0.00871373005461	0.0252599861837	-0.0255748475024	-0.0129941994198	-0.06702498827	-0.0267755405207	-0.0164259673881	0.0354247728779	-0.0295432971996	-0.0507223341501	-0.0285287389679	0.0263435549255	0.0186180834245	0.0157001973218	-0.0283279416961	-0.0080276907286	0.0255971616745	0.0424899855154	0.0154137304743	-0.064688826146	0.00561630096189	-0.0212308739955	-0.0282694583504	6.15641166356e-05	-0.0550398050119	0.0279024790795	-0.00168487871716	0.000192361688228	0.0358999959644	0.0239207932888	-0.0214419929164	-0.00301705177068	0.0231032703706	-0.0895717646801	-0.0151886351944
k__Bacteria;p__Bacteroidetes;c__Bacteroidia;o__Bacteroidales;f__Odoribacteraceae;g__Odoribacter;s__Odoribacter_splanchnicus	-0.018345851648	-0.0707043190315	-0.0523687840208	-0.0464911847604	-0.0105763071657	-0.0172536398046	-0.0136576244775	-0.0954542301095	-0.00703223204435	0.039807139968	0.00625331879109	-0.000515550220783	0.0648110959643	0.0489270040334	-0.013150496279	-0.0405523385523	-0.0498183478415	-0.0203394869524	-0.0142301355347	1.0	0.0394558108486	-0.090137959994	-0.0124124258931	0.0267992825166	-0.0347260583248	0.0318318902581	0.0135857844603	-0.0208292426118	-0.0608644969039	-0.073928272143	0.0467321635003	-0.0721894100916	0.0145076087868	0.00291598400793	0.0647599568951	-0.0613568514716	0.0110717186271	0.0363003314958	0.018304713405	-0.0256820833995	0.0524159717937	0.0185022940109	0.0161136765275	-0.058430674792	-0.0494288038418	0.0262020956354	0.0168000361029	-0.02735765255	-0.0368932499149	-0.00102504525185	0.0272491372654	-0.0163834587773	-0.0125060273259	0.00572836182827	0.00718221202686	-0.0189369500536	-0.00476309754722	-0.0402439917909	0.00477954087786
k__Bacteria;p__Bacteroidetes;c__Bacteroidia;o__Bacteroidales;f__Bacteroidaceae;g__Bacteroides;s__Bacteroides_salyersiae	-0.00766687321044	-0.0346447508877	0.082871292282	0.0407871133295	0.0643336393924	-0.0223602372162	-0.100101851813	-0.0439742615042	-0.0320449979459	0.000288264211779	-0.0261976890819	-0.0299013184435	-0.0769500974992	-0.0730087845142	-0.0119616826616	-0.0518254825631	-0.0254693379532	-0.0269514806146	0.0223380352114	0.0394558108486	1.0	0.0205000738967	-0.0107426327522	-0.0329095044339	-0.0128161399681	0.0427045492971	-0.0307040403867	0.001324177457	0.0301451258883	-0.00804440106804	-0.0172312721446	0.000980563979262	0.0353194111474	0.011070977087	0.0124592172	-0.00248006364063	0.0436427793919	-0.0256927874959	0.0129817483822	-0.0489253013091	-0.0285955100926	0.0039612952161	-0.0568550678251	-0.0617678811141	0.0148338231787	0.0213003882073	-0.00728517665984	0.0550705050461	-0.0240869568928	-0.0414156880188	0.0214417087377	-0.00698968956321	-0.0603384345009	-0.00320840103481	-0.0268819046886	-0.0077372706856	-0.0750086800774	-0.0287130969373	0.0228664221429
k__Bacteria;p__Firmicutes;c__Clostridia;o__Clostridiales;f__Ruminococcaceae;g__Ruminiclostridium;s__[Eubacterium]_siraeum	-0.0439366967247	0.0228531611811	-0.0194540020054	0.00618173887719	-0.00939384683404	-0.0891029781059	-0.0305667154778	-0.0265606446892	0.0192751171461	-0.0150062483234	0.0617397681344	-0.0196378570822	0.0353985351483	-0.033468585693	-0.00631502522893	-0.0299646358382	0.0279574958222	0.0197033355286	0.0135314311205	-0.090137959994	0.0205000738967	1.0	0.012360054729	0.0323139614214	-0.0286119955376	0.0223129052547	0.063047141694	-0.0628698898903	-0.00941859874727	0.0387840530329	-0.0826153379647	-0.0436515498023	0.0613090343929	0.0356069502921	-0.0188943084449	0.0152933615361	-0.0255147496403	-0.0488052444747	0.0499900591387	0.0160889832814	0.0249147974907	-0.0783344959872	0.0494108258976	-0.050622492709	-0.000852212302085	-0.0570569999906	-0.0123254989217	0.0214037195427	-0.0428121428103	0.0256174417933	-0.112486426732	-0.0208854808347	0.0178867445893	0.044827687874	-0.0140947678861	-0.0274785359843	0.0193446119965	0.0202152232511	-0.077049458412
k__Bacteria;p__Proteobacteria;c__Betaproteobacteria;o__Burkholderiales;f__Sutterellaceae;g__Parasutterella;s__Parasutterella_excrementihominis	0.00722029863462	0.0137338128685	-0.0195530109653	0.029694190122	-0.0390555840069	-0.0126091463786	0.00675821435823	-0.00802635705808	-0.00901626927753	-0.000714387307433	0.0469085556295	-0.018300792412	-0.0265077239924	0.0452159091497	-0.035825877704	0.0320024891782	-0.0068600479954	0.0273759455611	0.0183723079411	-0.0124124258931	-0.0107426327522	0.012360054729	1.0	-0.00292375873303	-0.0139866204416	-0.0420446961456	-0.041521327205	0.00382414715604	-0.00947273797697	0.015055317429	0.0154865946523	-0.0289694921669	-0.0211258148226	-0.0068690136266	0.0444298556761	-0.0224056682313	0.0176825880418	-0.00563056618426	-0.0576813592288	0.0256506116348	-0.0156989414646	0.00780565557682	0.0258485239024	-0.0321244677294	0.00360939090967	-0.00964727807696	-0.0179641664031	-0.00924157989223	-0.0332303570997	0.0569422849021	0.00391406950884	-0.0257492765482	-0.0376818997308	-0.00527129325618	-0.0112610683057	-0.0110267433451	0.0232284151402	0.0510574042094	0.00496808236767
k__Bacteria;p__Actinobacteria;c__Actinobacteria;o__Bifidobacteriales;f__Bifidobacteriaceae;g__Bifidobacterium;s__Bifidobacterium_adolescentis	0.015751682981	0.0339836233459	-0.0260681098277	-0.0418550797826	-0.00738998894293	-0.0405662452114	-0.0188980076523	0.0171579272025	0.0177517403824	0.0106659004456	-0.00747248729162	-0.0100033773887	-0.0207967530699	-0.0111394217695	-0.0538535589656	-0.0295586677763	0.020496871447	-0.0227884554065	0.0125408844391	0.0267992825166	-0.0329095044339	0.0323139614214	-0.00292375873303	1.0	-0.0464779253685	0.0398196468567	-0.00245000753976	0.0139797495232	-0.000529185826122	-0.0113044790723	-0.0367898892028	0.0513880361241	-0.0483439176937	-0.00528745746244	0.0628654517713	-0.0276918745912	0.035790497531	-0.0227046736427	-0.0263037779547	-0.0157343016035	-0.0226435407916	-0.00642478849045	-0.0288324669974	0.0317088008521	0.0380640875352	-0.00776769456411	-0.00571251287756	0.0134032869534	0.0532872172802	-0.00654896700369	0.00379648367517	-0.0163882282769	-0.0140039049773	0.0180955399154	-0.0260852433715	-0.063435206414	-0.0287907411537	-0.0335110823005	-0.0209832812586
k__Bacteria;p__Firmicutes;c__Clostridia;o__Clostridiales;f__Oscillospiraceae;g__Oscillibacter;s__Oscillibacter_sp._KLE_1745	-0.0308102181504	0.0791695462925	0.00186094417701	-0.0447708148164	0.00393214392317	0.0162375965463	0.056638481074	0.0102541106156	-0.0930945661152	-0.0829341955846	0.0111389907869	-0.0214025889723	-0.0524636332112	-0.00979942980569	-0.0124886860661	-0.0387556733988	-0.0454331931679	-0.0582123354564	0.00871373005461	-0.0347260583248	-0.0128161399681	-0.0286119955376	-0.0139866204416	-0.0464779253685	1.0	-0.0705627300672	0.0136123026762	-0.0467358232533	-0.0553067752901	-0.0443194782175	0.00155904252903	0.0451486125896	0.00332340490459	-0.0238494992601	-0.00990931490307	-0.0202430138027	-0.00113857328467	-0.0320502957366	0.0530218197935	0.0513769999438	0.0442419064352	0.025368822415	-0.00382702649867	0.0273815008853	-0.0392719418485	0.0118790640567	0.0269751166583	-0.01392254403	-0.0327113048959	0.012218020947	0.0270336765596	0.0253548185102	0.0219053291727	-0.0508500885152	-0.0270016613638	-0.0419274625664	0.0185592820896	-0.0385167240389	0.015216684499
k__Bacteria;p__Bacteroidetes;c__Bacteroidia;o__Bacteroidales;f__Bacteroidaceae;g__Bacteroides;s__Bacteroides_coprophilus	-0.0332349778213	-0.00823883656362	-0.0466185017883	-0.00162428795191	0.0577693056269	0.0585598846446	-0.0257703124726	0.025778606522	-0.00811353311874	-0.0122765678531	0.0168931463871	-0.00725449950082	0.0322594308882	0.00701211270043	-0.0321673194775	-0.000125684595168	-0.0714089915828	-0.0795938733906	0.0252599861837	0.0318318902581	0.0427045492971	0.0223129052547	-0.0420446961456	0.0398196468567	-0.0705627300672	1.0	0.0206798120844	-0.0194575784301	0.0140853248214	0.0162015422146	0.0262634783113	0.0188359499346	-0.0230104035203	-0.00382394739581	0.0406767859042	-0.0168758696945	0.0189688375794	-0.0357247000958	-0.0150746244847	-0.00258945437852	0.0262771033263	-0.0271768986257	-0.0240205666633	-0.0844844395795	0.0327056156774	0.0142163726624	0.0127239823433	-0.000731653755459	-0.0301471929939	-0.0317153277329	-0.000280071983211	-0.0688754004412	0.0317159845172	0.0141063873053	-0.0306675181373	0.00588914759281	-0.0322148090594	0.0096259132776	-0.030789043074
k__Bacteria;p__Firmicutes;c__Clostridia;o__Clostridiales;f__Lachnospiraceae;g__Roseburia;s__Roseburia_intestinalis	-0.00845276737921	-0.0186788958115	-0.0598739851704	0.0165099955742	-0.0383669232831	-0.0847981239896	0.0371845557097	-0.0467354578811	-0.0554383703407	-0.014794810985	-0.0248830317022	-0.00060414562923	0.0394543450164	-0.0161147055271	-0.0720446832706	-0.0593316993264	-0.105297619307	0.0719059680076	-0.0255748475024	0.0135857844603	-0.0307040403867	0.063047141694	-0.041521327205	-0.00245000753976	0.0136123026762	0.0206798120844	1.0	0.0158716620022	-0.0652820311255	-0.110284572158	-0.0053055030654	-0.0491721438724	-0.019014919022	-0.0655405936788	-0.0224517574916	-0.0367340951911	0.00742686891976	-0.02715972565	0.0501012752377	0.0540368436544	0.0348714598644	0.00134690626724	0.0392142717051	-0.0442315295612	-0.0324785549858	0.0331517368756	-0.0027661104573	-0.00492778417646	0.0259808197281	-0.00260369030638	0.0143358113976	-0.00147604172636	0.0189909049462	-0.0536303033627	-0.000792484145281	0.00762263161475	-0.0194908411482	-0.0455781958562	0.0176829772344
k__Bacteria;p__Firmicutes;c__Clostridia;o__Clostridiales;f__Lachnospiraceae;g__Roseburia;s__Roseburia_hominis	-0.0293554542085	-0.0291687764546	0.0455350524404	-0.0114148370748	0.0133898326266	0.0265933060286	0.00326021323206	0.00632016854056	-0.00406235215902	0.0670855113884	-0.100588438485	-0.0400322803513	-0.00794204956971	0.0490143559172	-0.0226288037215	-0.0125863291704	-0.0295021241757	-0.0430785917584	-0.0129941994198	-0.0208292426118	0.001324177457	-0.0628698898903	0.00382414715604	0.0139797495232	-0.0467358232533	-0.0194575784301	0.0158716620022	1.0	0.00876874240261	-0.0654212877787	0.00730067301423	0.0168678148658	-0.00176598796367	0.0251480482507	0.0508878163829	-0.0600931974445	0.081866585853	0.0721494268771	-0.0159316139569	-0.0210193503704	-0.0745193671307	-0.0294621225039	0.040896462549	0.0105439347485	0.0204062227054	-0.0257660432201	-0.0347859735946	0.0433725803315	-0.0280427190875	0.0229682222359	-0.0732088782622	-0.0374794047256	-0.0137400120515	-0.044632108321	-0.0481209362057	0.0411739683675	0.0379418513273	0.0114825393093	0.0158795023353
k__Bacteria;p__Bacteroidetes;c__Bacteroidia;o__Bacteroidales;f__Porphyromonadaceae;g__Parabacteroides;s__Parabacteroides_johnsonii	-0.00693075338361	-0.0124425161623	0.0200514160601	-0.0239034207969	0.00395270514833	0.0242317613892	-0.00955978477914	-0.013177947464	0.0268560228679	-0.0186020310062	0.0725405483235	0.00194707096224	0.0650778644202	-0.0457982489546	-0.0101851173851	0.0222053191771	0.0326961205083	0.00526823360324	-0.06702498827	-0.0608644969039	0.0301451258883	-0.00941859874727	-0.00947273797697	-0.000529185826122	-0.0553067752901	0.0140853248214	-0.0652820311255	0.00876874240261	1.0	0.0576211700847	0.00480679899047	0.0404297661123	-0.0234045785584	-0.016798983817	-0.0370649413514	-0.0515718316454	-0.0489975119936	-0.0345540799512	-0.0608578568517	-0.0242175510685	-0.0300415860133	-0.00404328835822	-0.0409159748533	0.0152080963501	0.00420433843235	0.000333119324277	0.0217531243851	0.00778207384851	0.00105242282802	0.00204110665883	0.00594435245241	0.0334402131017	-0.0534584147296	-0.000735063664768	0.0308676434749	-0.0276266325539	0.0325507167384	-0.00873396706282	0.0361824701322
k__Bacteria;p__Actinobacteria;c__Actinobacteria;o__Bifidobacteriales;f__Bifidobacteriaceae;g__Bifidobacterium;s__Bifidobacterium_longum	-0.0394179168526	0.000644335541032	-0.0437398781044	0.00437065534557	-0.0405622344433	0.0226534581742	0.0255700562618	0.0414841379905	0.016819749271	0.0099141263755	-0.00829098372921	0.0175690586047	-0.0594172706337	-0.0409614934253	0.0286158410128	-0.0733166195269	-0.0116847485433	-0.0100771707831	-0.0267755405207	-0.073928272143	-0.00804440106804	0.0387840530329	0.015055317429	-0.0113044790723	-0.0443194782175	0.0162015422146	-0.110284572158	-0.0654212877787	0.0576211700847	1.0	0.00758808486214	0.0244129622635	0.000172517996106	0.0406481137037	-0.0282812373336	-0.0477206943173	0.0131482029994	0.00104079517024	0.00148960517897	0.0135018326773	0.0192808564246	-0.00139026551094	0.0145150191231	0.013201167021	0.0115618467071	-0.021161095741	-0.0347748006594	-0.0464974856036	-0.0510744674087	-0.0198135496976	-0.0111472487471	0.00288793946884	-0.0503995767275	0.0383465682456	0.0280086385838	-0.0387275085057	-0.000432256998108	0.0142579404098	-0.0259368491027
