#taxonomy	k__Bacteria;p__Bacteroidetes;c__Bacteroidia;o__Bacteroidales;f__Bacteroidaceae;g__Bacteroides;s__Bacteroides_vulgatus	k__Bacteria;p__Bacteroidetes;c__Bacteroidia;o__Bacteroidales;f__Bacteroidaceae;g__Bacteroides;s__Bacteroides_uniformis	k__Bacteria;p__Bacteroidetes;c__Bacteroidia;o__Bacteroidales;f__Rikenellaceae;g__Alistipes;s__Alistipes_putredinis	k__Bacteria;p__Bacteroidetes;c__Bacteroidia;o__Bacteroidales;f__Prevotellaceae;g__Prevotella;s__Prevotella_copri	k__Bacteria;p__Bacteroidetes;c__Bacteroidia;o__Bacteroidales;f__Bacteroidaceae;g__Bacteroides;s__Bacteroides_stercoris	k__Bacteria;p__Bacteroidetes;c__Bacteroidia;o__Bacteroidales;f__Bacteroidaceae;g__Bacteroides;s__Bacteroides_ovatus	k__Bacteria;p__Bacteroidetes;c__Bacteroidia;o__Bacteroidales;f__Rikenellaceae;g__Alistipes;s__Alistipes_shahii	k__Bacteria;p__Firmicutes;c__Clostridia;o__Clostridiales;f__Ruminococcaceae;g__Faecalibacterium;s__Faecalibacterium_prausnitzii	k__Bacteria;p__Bacteroidetes;c__Bacteroidia;o__Bacteroidales;f__Rikenellaceae;g__Alistipes;s__Alistipes_finegoldii	k__Bacteria;p__Bacteroidetes;c__Bacteroidia;o__Bacteroidales;f__Porphyromonadaceae;g__Parabacteroides;s__Parabacteroides_distasonis	k__Bacteria;p__Bacteroidetes;c__Bacteroidia;o__Bacteroidales;f__Bacteroidaceae;g__Bacteroides;s__Bacteroides_thetaiotaomicron	k__Bacteria;p__Bacteroidetes;c__Bacteroidia;o__Bacteroidales;f__Bacteroidaceae;g__Bacteroides;s__Bacteroides_coprocola	k__Bacteria;p__Bacteroidetes;c__Bacteroidia;o__Bacteroidales;f__Bacteroidaceae;g__Bacteroides;s__Bacteroides_cellulosilyticus	k__Bacteria;p__Bacteroidetes;c__Bacteroidia;o__Bacteroidales;f__Rikenellaceae;g__Alistipes;s__Alistipes_obesi	k__Bacteria;p__Firmicutes;c__Clostridia;o__Clostridiales;f__Lachnospiraceae;g__;s__[Eubacterium]_rectale	k__Bacteria;p__Bacteroidetes;c__Bacteroidia;o__Bacteroidales;f__Bacteroidaceae;g__Bacteroides;s__Bacteroides_plebeius	k__Bacteria;p__Bacteroidetes;c__Bacteroidia;o__Bacteroidales;f__Bacteroidaceae;g__Bacteroides;s__Bacteroides_fragilis	k__Bacteria;p__Proteobacteria;c__Betaproteobacteria;o__Burkholderiales;f__Sutterellaceae;g__Sutterella;s__Sutterella_wadsworthensis	k__Bacteria;p__Bacteroidetes;c__Bacteroidia;o__Bacteroidales;f__Porphyromonadaceae;g__Barnesiella;s__Barnesiella_intestinihominis	k__Bacteria;p__Bacteroidetes;c__Bacteroidia;o__Bacteroidales;f__Odoribacteraceae;g__Odoribacter;s__Odoribacter_splanchnicus	k__Bacteria;p__Bacteroidetes;c__Bacteroidia;o__Bacteroidales;f__Bacteroidaceae;g__Bacteroides;s__Bacteroides_salyersiae	k__Bacteria;p__Firmicutes;c__Clostridia;o__Clostridiales;f__Ruminococcaceae;g__Ruminiclostridium;s__[Eubacterium]_siraeum	k__Bacteria;p__Proteobacteria;c__Betaproteobacteria;o__Burkholderiales;f__Sutterellaceae;g__Parasutterella;s__Parasutterella_excrementihominis	k__Bacteria;p__Actinobacteria;c__Actinobacteria;o__Bifidobacteriales;f__Bifidobacteriaceae;g__Bifidobacterium;s__Bifidobacterium_adolescentis	k__Bacteria;p__Firmicutes;c__Clostridia;o__Clostridiales;f__Oscillospiraceae;g__Oscillibacter;s__Oscillibacter_sp._KLE_1745	k__Bacteria;p__Bacteroidetes;c__Bacteroidia;o__Bacteroidales;f__Bacteroidaceae;g__Bacteroides;s__Bacteroides_coprophilus	k__Bacteria;p__Firmicutes;c__Clostridia;o__Clostridiales;f__Lachnospiraceae;g__Roseburia;s__Roseburia_intestinalis	k__Bacteria;p__Firmicutes;c__Clostridia;o__Clostridiales;f__Lachnospiraceae;g__Roseburia;s__Roseburia_hominis	k__Bacteria;p__Bacteroidetes;c__Bacteroidia;o__Bacteroidales;f__Porphyromonadaceae;g__Parabacteroides;s__Parabacteroides_johnsonii	k__Bacteria;p__Actinobacteria;c__Actinobacteria;o__Bifidobacteriales;f__Bifidobacteriaceae;g__Bifidobacterium;s__Bifidobacterium_longum	k__Bacteria;p__Firmicutes;c__Clostridia;o__Clostridiales;f__;g__Flavonifractor;s__Flavonifractor_plautii	k__Bacteria;p__Firmicutes;c__Clostridia;o__Clostridiales;f__Clostridiaceae;g__Clostridium;s__Clostridium_phoceensis	k__Bacteria;p__Verrucomicrobia;c__Verrucomicrobiae;o__Verrucomicrobiales;f__Akkermansiaceae;g__Akkermansia;s__Akkermansia_muciniphila	k__Bacteria;p__Bacteroidetes;c__Bacteroidia;o__Bacteroidales;f__Prevotellaceae;g__Paraprevotella;s__Paraprevotella_xylaniphila	k__Bacteria;p__Firmicutes;c__Clostridia;o__Clostridiales;f__Ruminococcaceae;g__Ruminococcus;s__Ruminococcus_callidus	k__Bacteria;p__Bacteroidetes;c__Bacteroidia;o__Bacteroidales;f__Rikenellaceae;g__Alistipes;s__Alistipes_senegalensis	k__Bacteria;p__Firmicutes;c__Clostridia;o__Clostridiales;f__Lachnospiraceae;g__Blautia;s__Blautia_sp._KLE_1732	k__Bacteria;p__Bacteroidetes;c__Bacteroidia;o__Bacteroidales;f__Bacteroidaceae;g__Bacteroides;s__Bacteroides_oleiciplenus	k__Bacteria;p__Firmicutes;c__Clostridia;o__Clostridiales;f__Ruminococcaceae;g__Ruminococcus;s__Ruminococcus_bicirculans	k__Bacteria;p__Bacteroidetes;c__Bacteroidia;o__Bacteroidales;f__Bacteroidaceae;g__Bacteroides;s__Bacteroides_fluxus	k__Bacteria;p__Bacteroidetes;c__Bacteroidia;o__Bacteroidales;f__Prevotellaceae;g__Prevotella;s__Prevotella_stercorea	k__Bacteria;p__Firmicutes;c__Clostridia;o__Clostridiales;f__Lachnospiraceae;g__Dorea;s__Dorea_longicatena	k__Bacteria;p__Firmicutes;c__Clostridia;o__Clostridiales;f__Eubacteriaceae;g__Eubacterium;s__[Eubacterium]_eligens	k__Bacteria;p__Firmicutes;c__Clostridia;o__Clostridiales;f__Ruminococcaceae;g__;s__Ruminococcaceae_bacterium_D16	k__Bacteria;p__Firmicutes;c__Clostridia;o__Clostridiales;f__Lachnospiraceae;g__Coprococcus;s__Coprococcus_comes	k__Bacteria;p__Proteobacteria;c__Gammaproteobacteria;o__Enterobacterales;f__Enterobacteriaceae;g__Escherichia;s__Escherichia_coli	k__Bacteria;p__Firmicutes;c__Clostridia;o__Clostridiales;f__Ruminococcaceae;g__Anaerotruncus;s__Anaerotruncus_colihominis	k__Bacteria;p__Firmicutes;c__Clostridia;o__Clostridiales;f__Lachnospiraceae;g__Blautia;s__Blautia_obeum	k__Bacteria;p__Bacteroidetes;c__Bacteroidia;o__Bacteroidales;f__Odoribacteraceae;g__Odoribacter;s__Odoribacter_laneus	k__Bacteria;p__Firmicutes;c__Clostridia;o__Clostridiales;f__Ruminococcaceae;g__Ruminiclostridium;s__[Clostridium]_leptum	k__Bacteria;p__Bacteroidetes;c__Bacteroidia;o__Bacteroidales;f__Porphyromonadaceae;g__Parabacteroides;s__Parabacteroides_goldsteinii	k__Bacteria;p__Firmicutes;c__Clostridia;o__Clostridiales;f__Lachnospiraceae;g__Anaerostipes;s__Anaerostipes_hadrus	k__Bacteria;p__Firmicutes;c__Clostridia;o__Clostridiales;f__Ruminococcaceae;g__Ruminococcus;s__Ruminococcus_lactaris	k__Bacteria;p__Firmicutes;c__Clostridia;o__Clostridiales;f__Clostridiaceae;g__Clostridium;s__Clostridium_sp._L2-50	k__Bacteria;p__Firmicutes;c__Clostridia;o__Clostridiales;f__Clostridiaceae;g__Clostridium;s__Clostridium_sp._M62/1	k__Bacteria;p__Firmicutes;c__Clostridia;o__Clostridiales;f__;g__Intestinimonas;s__Intestinimonas_butyriciproducens	k__Bacteria;p__Actinobacteria;c__Actinobacteria;o__Bifidobacteriales;f__Bifidobacteriaceae;g__Bifidobacterium;s__Bifidobacterium_bifidum	k__Bacteria;p__Firmicutes;c__Negativicutes;o__Veillonellales;f__Veillonellaceae;g__Dialister;s__Dialister_invisus	k__Bacteria;p__Bacteroidetes;c__Bacteroidia;o__Bacteroidales;f__Bacteroidaceae;g__Bacteroides;s__Bacteroides_salanitronis
k__Bacteria;p__Bacteroidetes;c__Bacteroidia;o__Bacteroidales;f__Bacteroidaceae;g__Bacteroides;s__Bacteroides_vulgatus	1.0	-0.0157723366545	-0.00362861635056	0.00283041208249	-0.0102540622362	-0.0198761917995	-0.0228765804122	-0.000373973327836	0.00503927849294	0.00465307052478	-0.0214502233795	-0.0402946316004	0.0194154126046	0.00770934595462	0.0152654172594	0.0498647996837	0.0211971887096	-0.000411897909613	-0.0210221283243	-0.0161007363378	-0.0445072414248	-0.0485302353617	0.0376193794211	0.0442014334028	-0.00176138579134	0.000648854015811	-0.000405928381459	-0.0302531480689	0.0453434798046	-0.0711243944946	-0.0982581470177	-0.036895425815	0.0125605457935	0.05327878719	-0.0327932649541	-0.0474075498361	0.0458904873769	0.00153148401131	-0.00555118168978	-0.030756045266	-0.0132412366841	0.0316374476909	0.0394344713894	0.0167076218717	0.0186229260722	0.00459804920561	-0.0599226797002	-0.0246539017868	-0.0522084690027	-0.0232337943439	0.0249731917244	-0.00492677140792	0.00940225431704	-0.0355054447052	-0.0228960249248	-0.0452669948455	-0.0450816439782	-0.0272773985433	0.0722327985136
k__Bacteria;p__Bacteroidetes;c__Bacteroidia;o__Bacteroidales;f__Bacteroidaceae;g__Bacteroides;s__Bacteroides_uniformis	-0.0157723366545	1.0	0.0100623085564	-0.00276800749375	-0.022612810548	-0.0892499512599	-0.0499857956204	0.0209150331818	-0.0456061999718	0.0265808986912	0.0326532813679	-0.0234929855238	-0.0135475061565	-0.0221075252887	-0.116537327087	-0.00117121752954	-0.0123206955718	-0.0224858910963	0.0500682308415	0.0993173280797	-0.039316480244	0.0156359013713	-0.00494452857125	-0.0178689504233	0.0303089417603	-0.00892810868618	0.000447296914495	-0.0735901482259	-0.00112763014718	0.00363903992508	0.00804738351918	-0.0020187458824	0.0203219097937	0.0198335791763	0.00211286485849	0.0388583085353	-0.0360391745696	0.0316574327664	-0.0161418618203	0.000988956199539	-0.0182767790174	0.00307169408778	0.0279078097447	-0.0603401950102	-0.0513925012249	-0.0288952303882	0.00522240189896	-0.00205101176988	-0.0324138893189	0.0288342716735	0.0163296937805	0.00339002256082	-0.00968842393363	-0.0671570368817	-0.0328802500142	-0.0279104926175	-0.00723385459855	-0.0173998318533	0.0265657300952
k__Bacteria;p__Bacteroidetes;c__Bacteroidia;o__Bacteroidales;f__Rikenellaceae;g__Alistipes;s__Alistipes_putredinis	-0.00362861635056	0.0100623085564	1.0	0.00775627128623	0.0289629575766	0.0212521843866	0.06197070346	-0.0423330768008	-0.00856457268722	-0.00543798119454	-0.00597492575842	0.0485670300531	-0.0305926916681	-0.0656449591476	0.00146600859244	-0.0255933126582	-0.0228063873495	-0.0496911858838	-0.0073864260354	0.00554283691662	-0.0621408692537	0.0322256456509	-0.0232269925742	-0.0729953631801	-0.0652434745756	-0.0157712843259	-0.0804427691056	0.0275870229542	-0.047658666517	0.0186705951201	0.0410984611459	-0.0354442730027	0.0060218590522	0.0488461280381	-0.064354959478	0.0107138946996	0.020872050598	-0.0130601279531	-0.0141406846982	-0.041287885533	-0.0168411870269	-0.00183245919989	0.0587754937598	-0.0345686364788	0.0299575714197	0.000418401953145	0.0230075836861	-0.0219328265513	-0.0411748063132	-0.0663047219376	-0.0490061093752	0.00665517398065	0.0122144515957	0.00759783950228	-0.0260217393906	-0.00792979479781	-0.0248793265254	-0.0216476233747	0.0167005071451
k__Bacteria;p__Bacteroidetes;c__Bacteroidia;o__Bacteroidales;f__Prevotellaceae;g__Prevotella;s__Prevotella_copri	0.00283041208249	-0.00276800749375	0.00775627128623	1.0	-0.00310779177175	0.00931218523202	-0.000638386981007	-0.0170400980883	0.0155879879718	-0.0509072040296	-0.0126830807054	0.0144946066083	-0.0080782544924	-0.000170610451881	0.0554289044099	0.0351968773721	-0.00522917417993	-0.0521052883291	-0.0493147549242	-0.00736921910593	-0.0484209505118	-0.0689145010769	-0.0681255912887	-0.0295956976472	0.0171678291205	-0.0190617856722	0.0352464660459	0.0111841438205	-0.0107435090906	-0.0318472501862	0.0263409663066	0.00808561941762	0.00244074688192	0.0286626480692	0.0191098285389	0.054905679685	-0.0186240056351	-0.0338597033233	-0.0440028448168	-0.00976748741558	-0.0149117272705	-0.0155357745045	-0.00210322621853	-0.0133620317044	-0.0499900468692	0.0657602153533	-0.0465998208267	0.0318738953909	0.038614840981	0.0170895293209	0.00770208308594	-0.00824711833648	0.0302479403403	-0.0343373361891	-0.00111300936432	0.0654530873959	0.0439538679942	-0.0312398526048	-0.0317079138178
k__Bacteria;p__Bacteroidetes;c__Bacteroidia;o__Bacteroidales;f__Bacteroidaceae;g__Bacteroides;s__Bacteroides_stercoris	-0.0102540622362	-0.022612810548	0.0289629575766	-0.00310779177175	1.0	-0.00669817514374	-0.0416620473673	-0.00651896925825	0.0243367066209	0.00753791077266	0.0225516517203	0.00984096962516	-0.0304653972617	-0.0959407831069	-0.0273576604691	0.0839317699156	0.00372347949123	0.0213800431756	-0.0164364297245	0.000554023467241	0.0188045938032	-0.00694823024359	-0.0367951391703	-0.0245740569109	-0.0606089094439	-0.0525465069487	0.00747190666077	-0.0236163961342	-0.0142328001357	-0.0280423971477	0.0137001358485	-0.0452274712813	0.0190758593306	-0.0647018542566	-0.0223887515096	0.00890423761251	-0.00189345258903	-0.0769442250258	-0.0135494566009	-0.0337343331076	0.0115380214132	-0.0442598787391	-0.0601563681928	0.0505165975945	0.0104398595687	-0.0138546276105	0.000201071798546	-0.0660221162728	-0.0889655763852	-0.0797659868596	-0.00232957719906	0.0159602180724	0.0136596333217	0.0535061126587	0.0234201749194	0.0026607532559	-0.0372939766932	-0.0217522680389	0.0118491795496
k__Bacteria;p__Bacteroidetes;c__Bacteroidia;o__Bacteroidales;f__Bacteroidaceae;g__Bacteroides;s__Bacteroides_ovatus	-0.0198761917995	-0.0892499512599	0.0212521843866	0.00931218523202	-0.00669817514374	1.0	0.0788113238164	-0.0497660596275	0.0224109724836	-0.00033863510212	-0.0176542494637	-0.0134840156665	-0.0186908974728	0.0359221555891	-0.0183055638563	-0.00589877848587	-0.0106640302186	-0.000575947920923	0.0194614779812	0.00946046948641	0.0137848631153	-0.0359840785037	-0.0447805629412	-0.0464053554889	0.0477516012575	0.0633826515571	0.0334127979132	-0.0194701774748	-0.00193298590298	-0.0282640012889	-0.0560382833563	-0.0247338767835	-0.0664999328432	-0.04119251055	0.0154332706473	-0.0436119295647	-0.0129120082341	-0.00889731466205	0.0176472277941	0.0251204787268	0.00458580484596	0.0227503863585	-0.0663109610051	-0.000558821912996	0.0102963892817	0.0201499452446	0.0146379255596	0.028399346323	0.0239086379885	0.00331681888727	-0.00661551629261	-0.0391452284212	-0.026841640174	-0.00549108402049	-0.0764906950604	-0.019605763386	0.0310415445669	0.0276535904934	-0.00974257802134
k__Bacteria;p__Bacteroidetes;c__Bacteroidia;o__Bacteroidales;f__Rikenellaceae;g__Alistipes;s__Alistipes_shahii	-0.0228765804122	-0.0499857956204	0.06197070346	-0.000638386981007	-0.0416620473673	0.0788113238164	1.0	-0.0335189208438	-0.0257724804537	-0.0259381665993	-0.0168172179323	-0.0394297987506	-0.0189077161467	0.0282232621285	-0.00752947202566	-0.0313043678718	-0.0627464223453	-0.0566705614504	0.0817946995841	-0.0499105104887	-0.056634201611	-0.036535567964	0.0169858743649	0.0143468912049	0.030813514742	0.0304970337045	-0.00874878339577	0.042790979047	0.00857149835684	-0.0124095944203	0.00736123743822	0.00282331774094	-0.0478742093835	-0.0485830421429	-0.0312370500294	-0.00218197020078	0.0178667958448	0.0464937877197	0.0309990438717	-0.0447615621828	0.004821443207	0.0184376311484	-0.0280037576222	0.0116342947527	0.0142912873494	-0.0161057727572	-0.00238591446092	-0.0496773269239	-0.0207613200607	0.0151136203225	9.59775630423e-06	-0.00563573109661	-0.0138117290589	-0.0221985483444	-0.0229968330382	0.0073185020654	-0.0214780965045	-0.0434743213645	-0.0303054411931
k__Bacteria;p__Firmicutes;c__Clostridia;o__Clostridiales;f__Ruminococcaceae;g__Faecalibacterium;s__Faecalibacterium_prausnitzii	-0.000373973327836	0.0209150331818	-0.0423330768008	-0.0170400980883	-0.00651896925825	-0.0497660596275	-0.0335189208438	1.0	-0.0592059343929	-0.0675754874263	-0.0289777536462	-0.0335874396061	0.0316714653541	-0.0141474580109	0.00216319637652	-0.0234223584371	0.0319239546652	0.0422948103883	0.0158485298991	-0.0171225562746	0.0239883426145	-0.0304681887533	-0.0757448619242	-0.056050539404	-0.0108982992097	0.0241755101848	0.00978901072004	-0.0598128458602	-0.0403518791151	-0.0571715842184	-0.0426912601746	-0.0671622339347	0.0074586666024	-0.00895620397677	-0.0505803853927	0.0148612860186	0.0055202967647	0.00687795836697	-0.0435657806733	-0.051071280832	0.0404631108828	0.0438269036226	0.0374948852815	-0.00627070564674	-0.0636433629917	0.0221493139595	-0.0885072062616	0.00832264629728	0.0405687749607	-0.0332645706302	-0.0601933896995	-0.00943300516298	0.0780708880458	-0.0164931524757	0.00845849253823	-0.0211586918457	0.00478869697765	-0.00187351244621	-0.0284599741816
k__Bacteria;p__Bacteroidetes;c__Bacteroidia;o__Bacteroidales;f__Rikenellaceae;g__Alistipes;s__Alistipes_finegoldii	0.00503927849294	-0.0456061999718	-0.00856457268722	0.0155879879718	0.0243367066209	0.0224109724836	-0.0257724804537	-0.0592059343929	1.0	0.0227455395028	-0.0388789995565	-0.0037279068925	-0.0140818394211	0.00552939867126	-0.000369752811167	-0.0701978520428	-0.0211639851852	0.0117351102884	-0.0299547675261	0.00221781195558	0.035065880427	0.00394297808921	0.000399476251426	-0.0180554461756	-0.00855341875831	-0.0292414180381	-0.020637338424	0.0254882831688	0.0429971842116	0.00981075994481	0.000525088034187	-0.00098733694542	-0.0237475558995	0.0145798091464	0.0710875932872	-0.00377753962526	-0.0240131544454	-0.046883521494	-0.0453506702325	-0.0329330411154	-0.0607473397613	-0.0459725605316	-0.0339320686039	-0.0632927525199	0.0149688708161	0.0445791465385	0.0467323487641	0.0282833737158	-0.00556815819475	0.0264806104373	-0.018768450216	0.0418180592803	0.00819834406653	-0.00128889455836	-0.00746103592056	-0.0488786362098	0.0456260120362	0.00305155324167	0.0530608269361
k__Bacteria;p__Bacteroidetes;c__Bacteroidia;o__Bacteroidales;f__Porphyromonadaceae;g__Parabacteroides;s__Parabacteroides_distasonis	0.00465307052478	0.0265808986912	-0.00543798119454	-0.0509072040296	0.00753791077266	-0.00033863510212	-0.0259381665993	-0.0675754874263	0.0227455395028	1.0	-0.0225938408817	-0.0180932040209	0.0629376669108	0.0376061529774	-0.0371805974642	0.0104016562292	-0.0497437207669	-0.0736016328264	0.0273862592546	-0.00943840253209	0.0143663201803	0.0242785464339	-0.0286590931517	-0.013811881764	0.0344513634209	-0.0305012698638	0.0408834110547	-0.0466829803012	-0.0342545938929	-0.0161340816172	0.0070647829386	0.0590400336526	0.00806383472173	-0.0206227211437	-0.0199570502728	0.0142928653775	0.0904119671913	0.027583320675	0.0221353266736	-0.0604690925832	0.0167111888948	-0.0126360973791	-0.000410056766704	-0.0575382128704	0.0254359123032	-0.026935166029	-0.0133906951306	0.0430943369785	-0.0716420719197	-0.00807915581825	-0.0360477539732	0.0319500779209	-0.0683692175873	-0.0189894266622	-0.0423938611495	-0.0105789569487	0.0341510732104	0.0165435063545	-0.0659516926337
k__Bacteria;p__Bacteroidetes;c__Bacteroidia;o__Bacteroidales;f__Bacteroidaceae;g__Bacteroides;s__Bacteroides_thetaiotaomicron	-0.0214502233795	0.0326532813679	-0.00597492575842	-0.0126830807054	0.0225516517203	-0.0176542494637	-0.0168172179323	-0.0289777536462	-0.0388789995565	-0.0225938408817	1.0	0.0187432230954	0.0407277680564	0.0219716521912	0.0624888444373	-0.0263323411395	0.0409054771467	-0.0440223651073	0.0107267834737	-0.00773116425957	0.00789619593263	0.0451603594147	0.0192865031601	-0.021936467238	0.042385759181	-0.035098267748	0.0317509488061	-0.0431865338786	-0.0542213594561	-0.0114401095008	-0.0419091428806	-0.00722967241551	-0.00659789845226	-0.0120092663809	-0.092102882917	-0.0419790321204	-0.0300470866669	-0.0354694109999	-0.0693510626989	0.0108691573512	0.0113901682693	0.024301586175	0.0143412594909	-0.0307661288647	-0.0655810192598	-0.0138034548176	0.00335781028902	0.0319876983087	-0.0209422501564	0.0234360013265	-0.0522001522011	-0.0194974762772	-0.0109997796351	0.0489371889694	0.0205186387033	-0.0452818857174	0.0358821030317	-0.0139324127655	0.141655168072
k__Bacteria;p__Bacteroidetes;c__Bacteroidia;o__Bacteroidales;f__Bacteroidaceae;g__Bacteroides;s__Bacteroides_coprocola	-0.0402946316004	-0.0234929855238	0.0485670300531	0.0144946066083	0.00984096962516	-0.0134840156665	-0.0394297987506	-0.0335874396061	-0.0037279068925	-0.0180932040209	0.0187432230954	1.0	-0.0198001579652	-0.0637651328135	0.00973617302939	-0.0454316124996	0.030378912283	0.0315733128873	0.0548396326824	0.030555859301	0.0143751713512	-0.0420538357254	0.0624004428508	0.0292324739409	-0.0241090629927	0.0196548418192	0.00765792543474	-0.00157079998451	-0.0353966738114	-0.0793781339603	-0.0318342419784	0.0497788575879	0.0215537530348	-0.0330092392996	0.0174154546557	0.0120702420974	-0.0216357594338	-0.042357867635	-0.00687225237088	0.0213566099962	0.0325052479174	0.00461498830599	-0.0142627067162	-0.0340601172446	0.0535844498771	-0.021804107172	0.00237981278418	-0.0415479457366	-0.0117008766465	0.026392917308	-0.0201977532639	-0.0614556935462	0.0139428231243	-0.0108093757384	0.0237852033834	-0.0180077863011	0.0328247198554	-0.0180264345126	-0.00492287869764
k__Bacteria;p__Bacteroidetes;c__Bacteroidia;o__Bacteroidales;f__Bacteroidaceae;g__Bacteroides;s__Bacteroides_cellulosilyticus	0.0194154126046	-0.0135475061565	-0.0305926916681	-0.0080782544924	-0.0304653972617	-0.0186908974728	-0.0189077161467	0.0316714653541	-0.0140818394211	0.0629376669108	0.0407277680564	-0.0198001579652	1.0	0.0314692277825	-0.00546379801194	-0.0507445543464	-0.0593033444865	-0.0194768532921	-0.151529784187	-0.00896597197428	0.0654690469341	-0.0280131211189	-0.0166223022008	0.0359226407831	-0.00498078838945	0.00306860738944	0.00430743557334	0.00352232278924	-0.0090641667087	0.0503824446122	-0.0283627086556	0.0363518888061	0.0341001580451	-0.0389417227663	0.0404656310286	-0.0381907801725	-0.00539335198093	-0.0373974473177	-0.00848978117886	-0.0482072707403	0.0244624387823	-0.0235170012195	-0.0189208906039	0.00808237408972	0.00468362237605	0.0686606502327	-0.0601321146511	-0.0345772368766	-0.015469390546	-0.0526218818726	-0.0403761597868	0.0297238970622	0.0748515322945	-0.0342011931504	0.00400854610257	0.0137718203187	-0.0551915174982	0.0509969573002	-0.0280534004488
k__Bacteria;p__Bacteroidetes;c__Bacteroidia;o__Bacteroidales;f__Rikenellaceae;g__Alistipes;s__Alistipes_obesi	0.00770934595462	-0.0221075252887	-0.0656449591476	-0.000170610451881	-0.0959407831069	0.0359221555891	0.0282232621285	-0.0141474580109	0.00552939867126	0.0376061529774	0.0219716521912	-0.0637651328135	0.0314692277825	1.0	0.0275282149536	0.00827912811681	-0.0149390147693	-0.0454186215769	0.0118918546984	0.0451854992265	-0.0400204469772	0.0101376304932	0.0221410348323	0.00716223544581	-0.0550926407299	-0.0109867785787	0.00384405966759	-0.060108312567	-0.0775763313803	-0.0123411527568	-0.00671174371989	-0.0205978817773	-0.0567676245731	-0.0647796611207	-0.0661569098071	-0.0475027717514	-0.00680526305794	0.0399438280329	-0.0012151202704	0.00674465505708	-0.0166640458637	-0.0400133454517	-0.0288622116586	-0.0154394783292	-0.0285504714777	-0.0296269970281	0.0320206206134	0.0123183794888	-0.00309423192192	-0.0116173975706	0.051521061592	-0.024759463662	0.0312258340233	-0.0261634090815	-0.0373109105994	-0.0948317632244	-0.00780852335712	-0.00717123579965	-0.014379762945
k__Bacteria;p__Firmicutes;c__Clostridia;o__Clostridiales;f__Lachnospiraceae;g__;s__[Eubacterium]_rectale	0.0152654172594	-0.116537327087	0.00146600859244	0.0554289044099	-0.0273576604691	-0.0183055638563	-0.00752947202566	0.00216319637652	-0.000369752811167	-0.0371805974642	0.0624888444373	0.00973617302939	-0.00546379801194	0.0275282149536	1.0	-0.00258050568072	-0.0226768476694	0.0319742815329	-0.0149464705626	-0.0315430394883	0.061517269776	-0.0147485190177	-0.0938974138957	-0.0591922389957	-0.0634792545169	0.0347556944619	-0.0147500021857	0.0523871047139	-0.0451515091515	0.065033783577	0.00222343727202	-0.00014063805888	-0.0277796311834	0.0310566989686	-0.0862326055117	0.065305461208	0.00939412731537	0.0260431412882	0.000784017566054	0.0348769395576	-0.0213007747418	-0.0383155652703	0.0060385826626	-0.00417250264957	-0.00458696562615	-0.0456210809365	0.0314881620362	0.00389306355746	0.0235619683929	-0.0425361287532	-0.054936549639	-0.0204010282368	-0.0445343077636	-0.00480883001409	0.0225116250689	-0.0637733489619	0.00822211093704	0.0525470759154	0.0524613860864
k__Bacteria;p__Bacteroidetes;c__Bacteroidia;o__Bacteroidales;f__Bacteroidaceae;g__Bacteroides;s__Bacteroides_plebeius	0.0498647996837	-0.00117121752954	-0.0255933126582	0.0351968773721	0.0839317699156	-0.00589877848587	-0.0313043678718	-0.0234223584371	-0.0701978520428	0.0104016562292	-0.0263323411395	-0.0454316124996	-0.0507445543464	0.00827912811681	-0.00258050568072	1.0	-0.0297773408813	0.0103619397682	-0.0268692839845	-0.0285222774839	-0.0389388451205	-0.0582164625322	-0.0146523438391	-0.00778273798076	-0.0554345003525	0.0159555022225	-0.044664947575	-0.0220493953363	0.095629938705	-0.00128276532118	-0.0517957583388	-0.0181758740609	0.0205731298094	-0.0566020049104	0.0191878817853	0.00464130942064	0.0127291231876	-0.00958609863303	-0.00391687637841	-0.0184210674173	-0.00729925125767	-0.0627505832839	-0.0203789377283	0.00594008567487	-0.0186070022658	-0.0316300350792	-0.0100691775605	0.0251224884908	0.0225432188093	0.0461257680047	0.00299691772091	0.0126343217103	0.045155820906	0.0639915150957	0.00484758716023	-0.0214720391423	-0.0223741637597	0.00162846519303	-0.0679878783052
k__Bacteria;p__Bacteroidetes;c__Bacteroidia;o__Bacteroidales;f__Bacteroidaceae;g__Bacteroides;s__Bacteroides_fragilis	0.0211971887096	-0.0123206955718	-0.0228063873495	-0.00522917417993	0.00372347949123	-0.0106640302186	-0.0627464223453	0.0319239546652	-0.0211639851852	-0.0497437207669	0.0409054771467	0.030378912283	-0.0593033444865	-0.0149390147693	-0.0226768476694	-0.0297773408813	1.0	0.0349105587078	0.0175660982053	-0.00297686885221	-0.00319811633657	0.00760436613747	-0.030423043461	-0.0599698299193	-0.0292146751456	-0.00837026997269	-0.00876894420126	-0.0332394666365	-0.00210350635798	-0.0234630295257	-0.0222430749938	-0.0345987612699	-0.0153315321759	0.0101716280187	-0.0391327235777	-0.00542791755046	0.00989029281854	-0.0280495624327	0.0260178915264	-0.0708270496534	-0.0787538727313	0.0322582242939	0.0157297029873	0.0209536240715	-0.0101929794507	-0.00219697849852	0.0182763151872	-0.0256678906498	-0.0377061826276	-0.0522035526722	-0.0519328386802	0.0129454719959	0.0356878626731	-0.0235697724768	-0.0526456310686	0.0108022513174	0.0419445735025	-0.0330005487409	0.00136204378634
k__Bacteria;p__Proteobacteria;c__Betaproteobacteria;o__Burkholderiales;f__Sutterellaceae;g__Sutterella;s__Sutterella_wadsworthensis	-0.000411897909613	-0.0224858910963	-0.0496911858838	-0.0521052883291	0.0213800431756	-0.000575947920923	-0.0566705614504	0.0422948103883	0.0117351102884	-0.0736016328264	-0.0440223651073	0.0315733128873	-0.0194768532921	-0.0454186215769	0.0319742815329	0.0103619397682	0.0349105587078	1.0	0.00224736513484	-0.00247810510413	-0.0536322795895	-0.0268172625396	-0.0320567915634	5.29044422419e-05	-0.0363407023536	-0.0117399817561	-0.0239469512103	-0.0617632341747	-0.0332446027095	0.00425959400933	0.00816574623925	-0.00076024601792	0.0581539947587	0.016484220931	-0.0214580094579	-0.00107759147055	-0.0236895797749	-0.0617806205367	-0.0110897433529	-0.00853657586792	0.0274137193739	-0.0230708424235	0.0228909591582	0.060868843503	0.025372437971	0.000733089287582	-0.0757000350646	-0.0420794249122	0.0385367862304	0.0252301733059	0.040912101407	-0.042718675928	0.000312531682734	-0.0592629318602	0.0174720311033	0.0472437377373	-0.0738117698272	0.0307122053733	0.0319708637438
k__Bacteria;p__Bacteroidetes;c__Bacteroidia;o__Bacteroidales;f__Porphyromonadaceae;g__Barnesiella;s__Barnesiella_intestinihominis	-0.0210221283243	0.0500682308415	-0.0073864260354	-0.0493147549242	-0.0164364297245	0.0194614779812	0.0817946995841	0.0158485298991	-0.0299547675261	0.0273862592546	0.0107267834737	0.0548396326824	-0.151529784187	0.0118918546984	-0.0149464705626	-0.0268692839845	0.0175660982053	0.00224736513483	1.0	0.00680997589013	-0.033576666589	0.0260981627616	-0.00189857556385	-0.0658140788211	-0.030581757854	0.0643144770465	-0.0468839458493	0.00862532966418	0.0533007089389	-0.0132596733455	0.0211512568506	-0.00822070598508	-0.0365669292187	-0.0517846433138	-0.0476511787408	0.0706084543099	0.0105833544687	-0.0177166735225	0.0180229938262	0.0121440305511	0.0183127548127	0.0553649009915	-0.108164437099	-0.0126069305966	-0.0325777505148	0.00886305096655	0.0194993251691	0.00997630208795	-0.034966048555	-0.0354267750838	0.0289812645339	0.0115524205576	0.017792012787	-0.0216981499708	-0.00555896708048	-0.0193945726751	-0.00247731586196	0.00587207501004	-0.0081981037139
k__Bacteria;p__Bacteroidetes;c__Bacteroidia;o__Bacteroidales;f__Odoribacteraceae;g__Odoribacter;s__Odoribacter_splanchnicus	-0.0161007363378	0.0993173280797	0.00554283691662	-0.00736921910593	0.000554023467241	0.00946046948641	-0.0499105104887	-0.0171225562746	0.00221781195558	-0.00943840253209	-0.00773116425957	0.030555859301	-0.00896597197428	0.0451854992265	-0.0315430394883	-0.0285222774839	-0.00297686885221	-0.00247810510413	0.00680997589013	1.0	-0.0387425803287	0.0244510245448	-0.00960788937176	-0.0294143633713	-0.0469697125301	0.0142967536057	0.00897048962929	-0.0369760389484	-0.000768352640237	-0.0632798580392	0.00942813987986	-0.00366578007354	-0.0309274807876	-0.0528062529638	0.059225004447	-0.0651111649462	-0.0447448134347	0.0301367293027	-0.0333361389612	0.0158343888611	-0.00974505573342	0.00437441391989	-0.0626525170968	0.0815843745942	0.0186432188793	-0.013110338706	-0.0106339032274	-0.0417339516811	-0.029105401663	0.0130131242741	-0.00266429889445	0.0216561591638	0.0272900425828	0.0704493634701	-0.0574753754955	-0.0261721235913	-0.0429849969697	-0.107158523462	0.0471635386997
k__Bacteria;p__Bacteroidetes;c__Bacteroidia;o__Bacteroidales;f__Bacteroidaceae;g__Bacteroides;s__Bacteroides_salyersiae	-0.0445072414248	-0.039316480244	-0.0621408692537	-0.0484209505118	0.0188045938032	0.0137848631153	-0.056634201611	0.0239883426145	0.035065880427	0.0143663201803	0.00789619593263	0.0143751713512	0.0654690469341	-0.0400204469772	0.061517269776	-0.0389388451205	-0.00319811633657	-0.0536322795895	-0.033576666589	-0.0387425803287	1.0	-0.0636492247827	0.0235157469154	0.0600400470402	-0.00306837124392	-0.0400072907572	0.0179000887198	-0.00805297147312	-0.0128490343495	-0.0630698111105	-0.0195401440638	0.0197674798528	0.0182243317986	-0.00318360466102	-0.0112054082422	0.00527453543246	-0.0549988182943	-0.0179352816787	0.0175877205316	-0.0337868667604	0.0113553244375	0.00363527361643	-0.0408264760015	0.0350755755584	-0.0218867973842	-0.0180972627739	0.0295497464636	0.0542106626792	0.029231039181	-0.0196539405302	-0.0309231113752	-0.0336518309554	-0.0255779171892	-0.0017128570084	0.0111641328905	-0.0178994194856	-0.0284901702843	-0.0165965628033	0.0632285924968
k__Bacteria;p__Firmicutes;c__Clostridia;o__Clostridiales;f__Ruminococcaceae;g__Ruminiclostridium;s__[Eubacterium]_siraeum	-0.0485302353617	0.0156359013713	0.0322256456509	-0.0689145010769	-0.00694823024359	-0.0359840785037	-0.036535567964	-0.0304681887533	0.00394297808921	0.0242785464339	0.0451603594147	-0.0420538357254	-0.0280131211189	0.0101376304932	-0.0147485190177	-0.0582164625322	0.00760436613747	-0.0268172625396	0.0260981627616	0.0244510245448	-0.0636492247827	1.0	0.0253047975639	0.0443871003846	0.0351698942162	-0.0715225231252	-0.0732534583197	-0.0295143996183	0.00925034835888	-0.00449987856758	-0.0280911188856	-0.0153562140735	-0.0182959003517	0.0293388031032	0.00920848597233	-0.0287282599471	-0.000308769925508	0.0139739962976	-0.030215605534	0.0196227275297	0.0137164119682	-0.0274578717537	0.0398223809478	-0.0395161687889	-0.0265392617009	0.0251539131038	0.0441676092059	-0.0429225184786	-0.0424047022548	-0.0205034337555	-0.0453568771302	0.0040480056808	-0.0110759445744	0.048225139818	0.0220776090321	0.0164355880868	0.0425353598845	-0.0157774070688	0.0388285002461
k__Bacteria;p__Proteobacteria;c__Betaproteobacteria;o__Burkholderiales;f__Sutterellaceae;g__Parasutterella;s__Parasutterella_excrementihominis	0.0376193794211	-0.00494452857125	-0.0232269925742	-0.0681255912887	-0.0367951391703	-0.0447805629412	0.0169858743649	-0.0757448619242	0.000399476251426	-0.0286590931517	0.0192865031601	0.0624004428508	-0.0166223022008	0.0221410348323	-0.0938974138957	-0.0146523438391	-0.030423043461	-0.0320567915634	-0.00189857556385	-0.00960788937176	0.0235157469154	0.0253047975639	1.0	-0.0550406729504	0.0288739746396	-0.0263717307534	-0.0223735427036	0.00824326642168	-0.017414286519	0.00140021572171	-0.0264478290718	-0.00942553068836	-0.00159825933481	0.0270523671631	0.053693035153	-0.0200859556198	0.00388471032364	-0.0246098916219	-0.0261163341532	0.00852173110117	0.0306824416984	0.00517600168086	0.0458051522825	-0.0436962883759	0.042256349397	0.0221217522107	0.0476936461969	-0.0405519335951	0.0150549572131	-0.0440377547153	-0.0285867595029	0.0592501798262	-0.0133382359614	-0.020432093552	0.0347143023996	-0.036102881898	-0.0285746273864	0.0549520930496	-0.0454589787909
k__Bacteria;p__Actinobacteria;c__Actinobacteria;o__Bifidobacteriales;f__Bifidobacteriaceae;g__Bifidobacterium;s__Bifidobacterium_adolescentis	0.0442014334028	-0.0178689504233	-0.0729953631801	-0.0295956976472	-0.0245740569109	-0.0464053554889	0.0143468912049	-0.056050539404	-0.0180554461756	-0.013811881764	-0.021936467238	0.0292324739409	0.0359226407831	0.00716223544581	-0.0591922389957	-0.00778273798076	-0.0599698299193	5.2904442242e-05	-0.0658140788211	-0.0294143633713	0.0600400470402	0.0443871003846	-0.0550406729504	1.0	0.0268435404707	0.0161622886993	-0.027706517731	0.0243962996169	-0.0566212991205	-0.0634382149287	-0.00266986205912	-0.00450865783398	-0.00493253840937	-0.0578346054098	0.0564691891427	-0.0683397031525	0.0167480371221	-0.00894800333428	0.043356601642	-0.0361976622974	-0.0406512604754	0.0220464344825	0.0272954859416	0.0555200101024	0.00958585791437	0.0422329704186	-0.0621673283737	-0.0201202450113	-0.0156525860699	-0.0655805136616	-0.0272683262989	-0.00430264251201	-0.0512338666835	-0.0238466139006	0.0113923762017	0.0251430747151	-0.0564348155823	0.0172043728821	-0.0190974086615
k__Bacteria;p__Firmicutes;c__Clostridia;o__Clostridiales;f__Oscillospiraceae;g__Oscillibacter;s__Oscillibacter_sp._KLE_1745	-0.00176138579134	0.0303089417603	-0.0652434745756	0.0171678291205	-0.0606089094439	0.0477516012575	0.030813514742	-0.0108982992097	-0.00855341875831	0.0344513634209	0.042385759181	-0.0241090629927	-0.00498078838945	-0.0550926407299	-0.0634792545169	-0.0554345003525	-0.0292146751456	-0.0363407023536	-0.030581757854	-0.0469697125301	-0.00306837124392	0.0351698942162	0.0288739746396	0.0268435404707	1.0	-0.0545323407961	-0.0390823648838	0.0532456105353	-0.00171396920673	-0.0279899091112	0.0169197506304	-0.0289940882442	-0.00235158585246	0.00688269777293	0.0576015152933	-0.0601329628291	-0.0652529344315	0.0132732791104	-0.0219966788131	0.0133963590173	-0.00878310817069	-0.0382156422401	0.00436227921096	0.018176129993	0.0155124215559	-0.0655159506232	-0.0203037638978	-0.00798032292892	0.0314015567314	0.00652899160636	-0.00352031849566	0.033535008816	0.0105523554056	-0.0164160917685	-0.00385639758175	-0.000801566523967	-0.0155136496266	0.018471574643	0.0379253194591
k__Bacteria;p__Bacteroidetes;c__Bacteroidia;o__Bacteroidales;f__Bacteroidaceae;g__Bacteroides;s__Bacteroides_coprophilus	0.000648854015811	-0.00892810868618	-0.0157712843259	-0.0190617856722	-0.0525465069487	0.0633826515571	0.0304970337045	0.0241755101848	-0.0292414180381	-0.0305012698638	-0.035098267748	0.0196548418192	0.00306860738944	-0.0109867785787	0.0347556944619	0.0159555022225	-0.00837026997269	-0.0117399817561	0.0643144770465	0.0142967536057	-0.0400072907572	-0.0715225231252	-0.0263717307534	0.0161622886993	-0.0545323407961	1.0	0.0560526544934	-0.0223525116924	-0.00257067317947	-0.00173447596819	0.0231834743641	0.00399715237206	-0.0358383425732	0.00618046016295	-0.0733136894982	0.0104653444608	-0.0125575017045	-0.0449434852615	-0.00576813228788	-0.0880443737809	-0.0101226548348	0.0104713900346	-0.045288029637	0.0203852874091	0.0123092407313	-0.0713454106601	-0.0138405296869	0.0118342337074	0.0168934913458	-0.00134268243908	0.0462348003012	0.0308602900897	-0.016071253533	-0.0112209143414	-0.0518135875308	-0.0563592239066	-0.0421569932028	-0.0326450068345	-0.0361761609574
k__Bacteria;p__Firmicutes;c__Clostridia;o__Clostridiales;f__Lachnospiraceae;g__Roseburia;s__Roseburia_intestinalis	-0.000405928381459	0.000447296914495	-0.0804427691056	0.0352464660459	0.00747190666077	0.0334127979132	-0.00874878339577	0.00978901072004	-0.020637338424	0.0408834110547	0.0317509488061	0.00765792543474	0.00430743557334	0.00384405966759	-0.0147500021857	-0.044664947575	-0.00876894420126	-0.0239469512103	-0.0468839458493	0.00897048962929	0.0179000887198	-0.0732534583197	-0.0223735427036	-0.027706517731	-0.0390823648838	0.0560526544934	1.0	-0.0038844428695	-0.0255034131083	0.0241262654872	-0.0348022506392	-0.0469141948349	0.0243175805411	-0.0386024508242	0.0224456311047	-0.0496999117241	0.0440918729584	-0.0244894879321	-0.0635649466471	-0.0673872059325	0.0362150777116	0.0316292205327	-0.0298703199076	0.00338669915364	0.0248248041879	-0.0210911727687	-0.00460572892285	0.0221393332907	-0.0268554688156	0.0204926096591	0.00451392668283	0.00859376878106	-0.0247395526794	-0.0481724858046	-0.0287640672006	-0.0630817263325	-0.00388320214156	-0.0339419956835	-0.0258592283267
k__Bacteria;p__Firmicutes;c__Clostridia;o__Clostridiales;f__Lachnospiraceae;g__Roseburia;s__Roseburia_hominis	-0.0302531480689	-0.0735901482259	0.0275870229542	0.0111841438205	-0.0236163961342	-0.0194701774748	0.042790979047	-0.0598128458602	0.0254882831688	-0.0466829803012	-0.0431865338786	-0.00157079998451	0.00352232278924	-0.060108312567	0.0523871047139	-0.0220493953363	-0.0332394666365	-0.0617632341747	0.00862532966418	-0.0369760389484	-0.00805297147312	-0.0295143996183	0.00824326642168	0.0243962996169	0.0532456105353	-0.0223525116924	-0.0038844428695	1.0	-0.0373656279193	-0.0223135537395	0.0663810049782	-0.0137459727544	0.0214862138311	0.0212565191258	0.0315020918424	-0.0865304083174	-0.0278574591598	0.0539560891762	0.0194971407122	-0.0316074194804	0.0261394881684	-0.0490202013525	-0.0110482680626	-0.0402073792931	0.0297302641912	-0.000379994366672	0.0352589302483	-0.0592487904579	0.0476233797622	0.0609742074297	0.0297288463855	-0.0137515653852	-0.029644305132	0.0196641758115	-0.065762662471	0.00555558471362	-0.0165141514254	-0.0290402991459	0.0222588218669
k__Bacteria;p__Bacteroidetes;c__Bacteroidia;o__Bacteroidales;f__Porphyromonadaceae;g__Parabacteroides;s__Parabacteroides_johnsonii	0.0453434798046	-0.00112763014718	-0.047658666517	-0.0107435090906	-0.0142328001357	-0.00193298590298	0.00857149835684	-0.0403518791151	0.0429971842116	-0.0342545938929	-0.0542213594561	-0.0353966738114	-0.0090641667087	-0.0775763313803	-0.0451515091515	0.095629938705	-0.00210350635798	-0.0332446027095	0.0533007089389	-0.000768352640237	-0.0128490343495	0.00925034835888	-0.017414286519	-0.0566212991205	-0.00171396920673	-0.00257067317947	-0.0255034131083	-0.0373656279193	1.0	-0.00392659589805	-0.0554437184391	0.00390037866718	-0.00777456467604	-0.00455947827565	-0.0380097158686	-0.0563968796583	-0.0197343257918	0.0198735479376	0.0161439760225	-0.000648801820818	0.018585717862	-0.0118116570875	0.0686732603244	-0.00175477965306	-0.0578395574901	0.00532567683646	-0.0422988608771	-0.0127829138056	-0.0581041452515	-0.0447813181171	-0.0105901375635	0.0607379015446	-0.0651617717584	0.0276239153618	-0.00311082914069	-0.0573017320437	-0.0291680970474	-0.0323023465972	0.0303428989021
