#taxonomy	k__Bacteria;p__Bacteroidetes;c__Bacteroidia;o__Bacteroidales;f__Bacteroidaceae;g__Bacteroides;s__Bacteroides_vulgatus	k__Bacteria;p__Bacteroidetes;c__Bacteroidia;o__Bacteroidales;f__Bacteroidaceae;g__Bacteroides;s__Bacteroides_uniformis	k__Bacteria;p__Bacteroidetes;c__Bacteroidia;o__Bacteroidales;f__Rikenellaceae;g__Alistipes;s__Alistipes_putredinis	k__Bacteria;p__Bacteroidetes;c__Bacteroidia;o__Bacteroidales;f__Prevotellaceae;g__Prevotella;s__Prevotella_copri	k__Bacteria;p__Bacteroidetes;c__Bacteroidia;o__Bacteroidales;f__Bacteroidaceae;g__Bacteroides;s__Bacteroides_stercoris	k__Bacteria;p__Bacteroidetes;c__Bacteroidia;o__Bacteroidales;f__Bacteroidaceae;g__Bacteroides;s__Bacteroides_ovatus	k__Bacteria;p__Bacteroidetes;c__Bacteroidia;o__Bacteroidales;f__Rikenellaceae;g__Alistipes;s__Alistipes_shahii	k__Bacteria;p__Firmicutes;c__Clostridia;o__Clostridiales;f__Ruminococcaceae;g__Faecalibacterium;s__Faecalibacterium_prausnitzii	k__Bacteria;p__Bacteroidetes;c__Bacteroidia;o__Bacteroidales;f__Rikenellaceae;g__Alistipes;s__Alistipes_finegoldii	k__Bacteria;p__Bacteroidetes;c__Bacteroidia;o__Bacteroidales;f__Porphyromonadaceae;g__Parabacteroides;s__Parabacteroides_distasonis	k__Bacteria;p__Bacteroidetes;c__Bacteroidia;o__Bacteroidales;f__Bacteroidaceae;g__Bacteroides;s__Bacteroides_thetaiotaomicron	k__Bacteria;p__Bacteroidetes;c__Bacteroidia;o__Bacteroidales;f__Bacteroidaceae;g__Bacteroides;s__Bacteroides_coprocola	k__Bacteria;p__Bacteroidetes;c__Bacteroidia;o__Bacteroidales;f__Bacteroidaceae;g__Bacteroides;s__Bacteroides_cellulosilyticus	k__Bacteria;p__Bacteroidetes;c__Bacteroidia;o__Bacteroidales;f__Rikenellaceae;g__Alistipes;s__Alistipes_obesi	k__Bacteria;p__Firmicutes;c__Clostridia;o__Clostridiales;f__Lachnospiraceae;g__;s__[Eubacterium]_rectale	k__Bacteria;p__Bacteroidetes;c__Bacteroidia;o__Bacteroidales;f__Bacteroidaceae;g__Bacteroides;s__Bacteroides_plebeius	k__Bacteria;p__Bacteroidetes;c__Bacteroidia;o__Bacteroidales;f__Bacteroidaceae;g__Bacteroides;s__Bacteroides_fragilis	k__Bacteria;p__Proteobacteria;c__Betaproteobacteria;o__Burkholderiales;f__Sutterellaceae;g__Sutterella;s__Sutterella_wadsworthensis	k__Bacteria;p__Bacteroidetes;c__Bacteroidia;o__Bacteroidales;f__Porphyromonadaceae;g__Barnesiella;s__Barnesiella_intestinihominis	k__Bacteria;p__Bacteroidetes;c__Bacteroidia;o__Bacteroidales;f__Odoribacteraceae;g__Odoribacter;s__Odoribacter_splanchnicus	k__Bacteria;p__Bacteroidetes;c__Bacteroidia;o__Bacteroidales;f__Bacteroidaceae;g__Bacteroides;s__Bacteroides_salyersiae	k__Bacteria;p__Firmicutes;c__Clostridia;o__Clostridiales;f__Ruminococcaceae;g__Ruminiclostridium;s__[Eubacterium]_siraeum	k__Bacteria;p__Proteobacteria;c__Betaproteobacteria;o__Burkholderiales;f__Sutterellaceae;g__Parasutterella;s__Parasutterella_excrementihominis	k__Bacteria;p__Actinobacteria;c__Actinobacteria;o__Bifidobacteriales;f__Bifidobacteriaceae;g__Bifidobacterium;s__Bifidobacterium_adolescentis	k__Bacteria;p__Firmicutes;c__Clostridia;o__Clostridiales;f__Oscillospiraceae;g__Oscillibacter;s__Oscillibacter_sp._KLE_1745	k__Bacteria;p__Bacteroidetes;c__Bacteroidia;o__Bacteroidales;f__Bacteroidaceae;g__Bacteroides;s__Bacteroides_coprophilus	k__Bacteria;p__Firmicutes;c__Clostridia;o__Clostridiales;f__Lachnospiraceae;g__Roseburia;s__Roseburia_intestinalis	k__Bacteria;p__Firmicutes;c__Clostridia;o__Clostridiales;f__Lachnospiraceae;g__Roseburia;s__Roseburia_hominis	k__Bacteria;p__Bacteroidetes;c__Bacteroidia;o__Bacteroidales;f__Porphyromonadaceae;g__Parabacteroides;s__Parabacteroides_johnsonii	k__Bacteria;p__Actinobacteria;c__Actinobacteria;o__Bifidobacteriales;f__Bifidobacteriaceae;g__Bifidobacterium;s__Bifidobacterium_longum	k__Bacteria;p__Firmicutes;c__Clostridia;o__Clostridiales;f__;g__Flavonifractor;s__Flavonifractor_plautii	k__Bacteria;p__Firmicutes;c__Clostridia;o__Clostridiales;f__Clostridiaceae;g__Clostridium;s__Clostridium_phoceensis	k__Bacteria;p__Verrucomicrobia;c__Verrucomicrobiae;o__Verrucomicrobiales;f__Akkermansiaceae;g__Akkermansia;s__Akkermansia_muciniphila	k__Bacteria;p__Bacteroidetes;c__Bacteroidia;o__Bacteroidales;f__Prevotellaceae;g__Paraprevotella;s__Paraprevotella_xylaniphila	k__Bacteria;p__Firmicutes;c__Clostridia;o__Clostridiales;f__Ruminococcaceae;g__Ruminococcus;s__Ruminococcus_callidus	k__Bacteria;p__Bacteroidetes;c__Bacteroidia;o__Bacteroidales;f__Rikenellaceae;g__Alistipes;s__Alistipes_senegalensis	k__Bacteria;p__Firmicutes;c__Clostridia;o__Clostridiales;f__Lachnospiraceae;g__Blautia;s__Blautia_sp._KLE_1732	k__Bacteria;p__Bacteroidetes;c__Bacteroidia;o__Bacteroidales;f__Bacteroidaceae;g__Bacteroides;s__Bacteroides_oleiciplenus	k__Bacteria;p__Firmicutes;c__Clostridia;o__Clostridiales;f__Ruminococcaceae;g__Ruminococcus;s__Ruminococcus_bicirculans	k__Bacteria;p__Bacteroidetes;c__Bacteroidia;o__Bacteroidales;f__Bacteroidaceae;g__Bacteroides;s__Bacteroides_fluxus	k__Bacteria;p__Bacteroidetes;c__Bacteroidia;o__Bacteroidales;f__Prevotellaceae;g__Prevotella;s__Prevotella_stercorea	k__Bacteria;p__Firmicutes;c__Clostridia;o__Clostridiales;f__Lachnospiraceae;g__Dorea;s__Dorea_longicatena	k__Bacteria;p__Firmicutes;c__Clostridia;o__Clostridiales;f__Eubacteriaceae;g__Eubacterium;s__[Eubacterium]_eligens	k__Bacteria;p__Firmicutes;c__Clostridia;o__Clostridiales;f__Ruminococcaceae;g__;s__Ruminococcaceae_bacterium_D16	k__Bacteria;p__Firmicutes;c__Clostridia;o__Clostridiales;f__Lachnospiraceae;g__Coprococcus;s__Coprococcus_comes	k__Bacteria;p__Proteobacteria;c__Gammaproteobacteria;o__Enterobacterales;f__Enterobacteriaceae;g__Escherichia;s__Escherichia_coli	k__Bacteria;p__Firmicutes;c__Clostridia;o__Clostridiales;f__Ruminococcaceae;g__Anaerotruncus;s__Anaerotruncus_colihominis	k__Bacteria;p__Firmicutes;c__Clostridia;o__Clostridiales;f__Lachnospiraceae;g__Blautia;s__Blautia_obeum	k__Bacteria;p__Bacteroidetes;c__Bacteroidia;o__Bacteroidales;f__Odoribacteraceae;g__Odoribacter;s__Odoribacter_laneus	k__Bacteria;p__Firmicutes;c__Clostridia;o__Clostridiales;f__Ruminococcaceae;g__Ruminiclostridium;s__[Clostridium]_leptum	k__Bacteria;p__Bacteroidetes;c__Bacteroidia;o__Bacteroidales;f__Porphyromonadaceae;g__Parabacteroides;s__Parabacteroides_goldsteinii	k__Bacteria;p__Firmicutes;c__Clostridia;o__Clostridiales;f__Lachnospiraceae;g__Anaerostipes;s__Anaerostipes_hadrus	k__Bacteria;p__Firmicutes;c__Clostridia;o__Clostridiales;f__Ruminococcaceae;g__Ruminococcus;s__Ruminococcus_lactaris	k__Bacteria;p__Firmicutes;c__Clostridia;o__Clostridiales;f__Clostridiaceae;g__Clostridium;s__Clostridium_sp._L2-50	k__Bacteria;p__Firmicutes;c__Clostridia;o__Clostridiales;f__Clostridiaceae;g__Clostridium;s__Clostridium_sp._M62/1	k__Bacteria;p__Firmicutes;c__Clostridia;o__Clostridiales;f__;g__Intestinimonas;s__Intestinimonas_butyriciproducens	k__Bacteria;p__Actinobacteria;c__Actinobacteria;o__Bifidobacteriales;f__Bifidobacteriaceae;g__Bifidobacterium;s__Bifidobacterium_bifidum	k__Bacteria;p__Firmicutes;c__Negativicutes;o__Veillonellales;f__Veillonellaceae;g__Dialister;s__Dialister_invisus	k__Bacteria;p__Bacteroidetes;c__Bacteroidia;o__Bacteroidales;f__Bacteroidaceae;g__Bacteroides;s__Bacteroides_salanitronis
k__Bacteria;p__Bacteroidetes;c__Bacteroidia;o__Bacteroidales;f__Bacteroidaceae;g__Bacteroides;s__Bacteroides_vulgatus	1.0	0.00164103757895	-0.00710068498586	-0.065024749037	0.0179747157615	0.0320263047088	-0.0911203488435	-0.0130131453256	0.0143972637453	0.0843578872095	0.00289603098301	0.00944657177666	0.0225065138029	0.0127875579105	-0.0256100484292	0.0219387344064	-0.0234195748558	-0.0529420914825	-0.0695740904793	0.019425816299	0.00272162702874	-0.0297633643264	0.019284215203	-0.0264500631547	-0.0536894883913	0.0267667354071	-0.0346072562386	0.0324646720869	0.00721819647467	0.0018560912626	0.0265104355604	-0.0304691747399	0.0384131670921	0.00211240206461	0.0142802284239	0.0480227175695	-0.0174712972407	-0.0450853720673	-0.0319133106772	0.0177223410069	0.0236127930643	-0.0567740117791	0.0558053214629	-0.0346039804789	0.0734824624688	0.0406280545292	-0.0139720309871	-0.0202561288462	-0.0462797445571	-0.00583644294138	0.0286087474383	-0.01294397589	-0.0081855889029	0.0102675596249	-0.010907591481	-0.00780672856939	0.0228355844337	0.0259866600382	-0.033567132131
k__Bacteria;p__Bacteroidetes;c__Bacteroidia;o__Bacteroidales;f__Bacteroidaceae;g__Bacteroides;s__Bacteroides_uniformis	0.00164103757895	1.0	-0.00187135996955	0.0244282891875	0.0195793381294	0.0172198186994	0.0232405299466	-0.0026934805564	-0.0443156226367	-0.0468436539959	0.011552439893	-0.0311246731184	-0.00662073296375	-0.00879915419642	0.0157129927904	0.0163934034976	0.0189477851599	-0.0985613782415	-0.0196170497739	-0.0372491606616	-0.0100559947215	0.0277519798155	0.0284282477233	-0.026709197167	-0.0235259673104	-0.02373906089	0.0366581999107	0.033171425097	-0.00068120715564	0.025997162321	-0.0838222908912	0.0280949728258	-0.0807368254551	-0.00267629124147	-0.00103406908331	0.0023261641439	0.0133879521143	-0.030723930058	0.00388298341309	-0.00327836214587	0.00898218947206	-0.0385863060687	-0.0619640013194	-0.034493857933	0.0662296471013	0.0245149459033	0.0201299580106	-0.0250028051888	-0.006918000219	-0.0953664710839	-0.00837084881452	-0.0212005279424	0.0528834323955	0.0064241655035	-0.00463840004774	-0.0148699474992	0.028539197711	0.02125277619	-0.0659169419616
k__Bacteria;p__Bacteroidetes;c__Bacteroidia;o__Bacteroidales;f__Rikenellaceae;g__Alistipes;s__Alistipes_putredinis	-0.00710068498586	-0.00187135996955	1.0	-0.0448604588013	-0.0256393916283	-0.0174002677602	-0.038401119801	0.0100154114374	0.0260895940917	-0.0508272432735	0.0654708130347	-0.0641434731443	0.0398206062118	0.0359236360791	0.0170808968534	0.00132482395004	0.00699456400095	-0.0565879820188	0.0600975274003	-0.0415905598262	0.0192177137708	0.033263733029	-0.027947991073	0.0309302763367	-0.0407561476411	-0.0128023561555	-0.0460495368931	0.0256482562594	-0.00381932221299	-0.0307624076206	-0.0311286894215	0.0901474090084	-0.0138591612612	0.0119902186604	0.00337353260117	-0.0572720048101	-0.010478622066	0.00586202604948	0.0186654146233	-0.0194558333034	0.0348647293018	-0.0310904229531	0.00665549492546	0.0153548026515	-0.00784009867773	0.00516202528251	-0.0175089644588	-0.0030296884703	0.0207568862476	0.0109452621123	-0.0274522077706	0.00875569968859	0.0711813886137	-0.0331304677034	0.0506843509498	-0.00581413911526	-0.0549202103098	-0.0866574882959	-0.0190310523546
k__Bacteria;p__Bacteroidetes;c__Bacteroidia;o__Bacteroidales;f__Prevotellaceae;g__Prevotella;s__Prevotella_copri	-0.065024749037	0.0244282891875	-0.0448604588013	1.0	0.0190777081613	0.0379918720937	-0.0337053715211	-0.0373805126997	-0.0199572332053	-0.0266732480494	0.0327179604096	-0.0450896793775	-0.078963001626	0.0297445350292	0.0252265035676	0.040354821608	-0.0540926785604	-0.0894807213365	0.0672462490233	-0.00871497690271	-0.0263805212341	-0.0611307425186	-0.00466258307719	0.00117957476669	0.0239060485894	-0.015814703917	0.048568866682	-0.0244821271142	-0.009087182534	0.0342716068674	-0.00427549102526	0.0179840738369	0.0437116124598	-0.00531189307691	-0.0155689692254	-0.0376377572009	-0.0250176119855	0.0273029224051	-0.0269663350278	-0.00465498524816	-0.0139148700674	0.0630368724651	-0.0420474734765	-0.0610268616174	-0.0507353480612	0.0317348565432	-1.79655648169e-05	0.00663609918431	0.0370358570524	-0.0418628316458	0.0104700569497	-0.0296508933255	-0.0292991035814	-0.00541621332545	0.00224820722127	0.0329376004235	0.0383818776936	0.000502048361687	-0.0761322299598
k__Bacteria;p__Bacteroidetes;c__Bacteroidia;o__Bacteroidales;f__Bacteroidaceae;g__Bacteroides;s__Bacteroides_stercoris	0.0179747157615	0.0195793381294	-0.0256393916283	0.0190777081613	1.0	-0.0501734494652	-0.0173005115229	-0.0214164225349	0.0519138331121	0.00187582930912	0.0216767852824	-0.0406073592457	-0.0804951166109	-0.0536097344397	0.000554198304418	-0.00271452752032	-0.0669269626431	-0.0425735880243	0.0326910122973	0.00880686148667	0.059290067282	-0.00104604096881	-0.0547636725972	-0.0867202017605	-0.0419883356468	-0.000784450119667	-0.0375324594696	0.0163073887003	0.00299949960558	0.016230162938	0.0175201189995	-0.029883427437	-0.0157443466071	-0.0569680430287	-0.0468617561841	0.0320303101706	-0.0548594706066	-0.0158796821551	-0.00968310524231	-0.0191251068314	0.0309230170149	0.0378096984336	0.0398676893849	0.0573409482485	0.0930154221571	-0.0292264160283	0.0625996722061	-0.0213967667507	0.0280744916731	-0.0230761015023	-0.0444720928003	-0.0824556072674	5.74827373804e-05	-0.0163928413483	0.0669649213684	-0.0684927812595	-0.0615410960488	-0.0873111608805	0.0330636665299
k__Bacteria;p__Bacteroidetes;c__Bacteroidia;o__Bacteroidales;f__Bacteroidaceae;g__Bacteroides;s__Bacteroides_ovatus	0.0320263047088	0.0172198186994	-0.0174002677602	0.0379918720937	-0.0501734494652	1.0	-0.0182469450748	0.013562703494	-0.0445452986792	-0.0373173841819	0.00145631540855	0.0351844843895	-0.0306305688779	0.0495471499354	0.038036279564	0.000521949781166	0.0231527167201	0.0176879133154	-0.0169366110608	-0.0336746279106	-0.0484496291228	-0.00773916714226	0.0381591422652	-0.0699113306667	0.0412521985568	0.0202332494989	-0.0351012410632	-0.0163709772739	-0.0246568509301	0.00141313902657	-0.0298192790087	-0.0517934950784	-0.00131737898077	-0.0228946003663	-0.0563683406422	0.0576946008826	0.0469558064274	-0.0192722770847	0.0309864671427	-0.00353848442243	0.0228653466177	-0.0442912147643	-0.0253937207108	-0.0492480844329	-0.00929509600844	0.0264397382369	0.0123562601502	0.0120825326674	0.00171148041545	-0.0267624517583	-0.0366205123305	-0.0240198242042	-0.00772919491155	0.00962573348349	-0.00677963460696	0.0831585365968	0.00481810814814	-0.0435009260152	-0.0226937483872
k__Bacteria;p__Bacteroidetes;c__Bacteroidia;o__Bacteroidales;f__Rikenellaceae;g__Alistipes;s__Alistipes_shahii	-0.0911203488435	0.0232405299466	-0.038401119801	-0.0337053715211	-0.0173005115229	-0.0182469450748	1.0	-0.0463072694627	0.0108476690459	0.049629915069	0.0104846449596	-0.0876776891638	-0.00277492169199	-0.00204345285495	0.0720055388431	0.0348973552829	-0.0209500630719	-0.0936165477474	-0.013971435551	-0.0434017844739	-0.0343504854035	-0.0750674262975	-0.0386660459458	0.00524775997888	-0.0306063350637	-0.034488000047	-0.0878250695153	-0.0282753127367	-0.0301944771174	-0.0763575104648	-0.0276820787714	0.0239917765722	0.0327513542219	0.00382967440795	0.0171359902023	-0.0163636365378	-0.0221983163612	0.0532517517717	0.0712802668967	-0.0418464076394	0.0670654981989	0.0130037884527	0.0480736036103	-0.0760974515373	-0.0288188808381	-0.0258206501072	0.0174245384508	0.00749983810556	0.00413205993548	-0.00514700675199	-0.0501309778496	0.00725277729616	-0.031444881711	-0.0412671735277	0.0801580811475	-0.00619935807375	-0.0322378812055	0.011920601002	0.0113471358202
k__Bacteria;p__Firmicutes;c__Clostridia;o__Clostridiales;f__Ruminococcaceae;g__Faecalibacterium;s__Faecalibacterium_prausnitzii	-0.0130131453256	-0.0026934805564	0.0100154114374	-0.0373805126997	-0.0214164225349	0.013562703494	-0.0463072694627	1.0	0.0176834535629	0.000917989948145	-0.00616093245795	-0.00394177100985	0.020277550637	0.0669663231886	0.00727449952696	0.0034341912926	-0.0318206617789	-0.00232329534239	-0.03320858501	-0.00672260191	0.0164293054175	-0.0456472085143	0.0498619086456	8.86886596278e-05	-0.0372176584098	-0.0757636846649	-0.0314596175323	-0.0260628192617	-0.0323376030038	0.0268043220618	0.00129153488816	-0.0565273089118	-0.0449374615319	0.0109793663471	0.0151693498459	-0.0532102290936	0.0442663504882	-0.0422929155444	-0.0995797991197	0.0414076754833	-0.0205319760397	-0.0197331483771	0.0193224658991	0.0410863020529	-0.0255509848009	-0.0230836175378	0.00671006010292	-0.00128691012804	-0.0362823691534	-0.0104710296205	0.016774976128	-0.0122399433042	-0.026570446072	0.00163339876631	-0.0214987730663	0.00262097872629	0.00715150262172	-0.0567968055756	0.0264869459282
k__Bacteria;p__Bacteroidetes;c__Bacteroidia;o__Bacteroidales;f__Rikenellaceae;g__Alistipes;s__Alistipes_finegoldii	0.0143972637453	-0.0443156226367	0.0260895940917	-0.0199572332053	0.0519138331121	-0.0445452986792	0.0108476690459	0.0176834535629	1.0	-0.00235834620852	-0.011759546276	0.0881421336548	-0.00841217851533	0.0330272746352	-0.0299381577591	-0.016376745334	0.0355708618056	-0.0494331609967	0.0244099668376	0.0107470855961	-0.0571777977423	-0.0604070278221	-0.0567826806139	-0.0171398947281	0.0428166401474	-0.0588894892798	-0.000827406834701	-0.017915203408	0.0169777459623	-0.00600433631632	0.0494393801308	0.00734298248684	-0.00448704831493	-0.0179086917902	-0.0212819128427	-0.00766050365132	-0.0187898242164	-0.00504281426468	-0.00153342706903	-0.0193177370457	-0.00542603433839	-0.0182669762179	-0.00857833080277	-0.0626182577794	-0.00906130590517	0.00429715826227	-0.0360551669538	0.0147529181514	-0.0259575602051	0.052975579323	0.0214439189164	0.0021239603038	-0.0472746787685	0.00654792701449	-0.00942113712851	0.0415098886985	0.00509712389862	-0.0434869194365	0.0116232422003
k__Bacteria;p__Bacteroidetes;c__Bacteroidia;o__Bacteroidales;f__Porphyromonadaceae;g__Parabacteroides;s__Parabacteroides_distasonis	0.0843578872095	-0.0468436539959	-0.0508272432735	-0.0266732480494	0.00187582930912	-0.0373173841819	0.049629915069	0.000917989948145	-0.00235834620852	1.0	-0.0121087997029	-0.0649185094323	0.0611089723164	0.0116191676842	-0.0232824518868	-0.0464110230793	0.00115141240522	-0.0224607438492	0.0441586448762	0.031086763986	0.00774248548186	-0.0221721643772	-0.0144328544861	0.0131891572791	-0.0378105389614	-0.0300556303481	0.0367017608448	0.0587127111032	-0.0381336707835	-0.0425672730839	-0.0406571536744	-0.0190869590967	0.0329348352731	-0.032976902588	0.0115457664265	0.0543042854229	-0.0733127842505	0.0304116645028	0.042554254621	-0.0347883282105	0.0640692088086	-0.0195344235214	0.0932590692416	-0.027049780525	0.0035150208314	-0.0489284701337	-0.0931696256885	-0.000268802840959	-0.0237139917373	-0.02665753709	0.0165224680466	0.00450426218081	-0.0265776291591	-0.00721650302273	0.00253333905215	-0.0147036401002	0.00841898561453	0.013325100208	-0.00187981556921
k__Bacteria;p__Bacteroidetes;c__Bacteroidia;o__Bacteroidales;f__Bacteroidaceae;g__Bacteroides;s__Bacteroides_thetaiotaomicron	0.00289603098301	0.011552439893	0.0654708130347	0.0327179604096	0.0216767852824	0.00145631540855	0.0104846449596	-0.00616093245795	-0.011759546276	-0.0121087997029	1.0	-0.0486041985506	0.0101724044124	-0.0165744335708	-0.0549393691118	0.0518488630961	-0.0292523796638	-0.0203243476638	-0.0433816642148	-0.0490313435264	0.0308116798379	0.0179065805127	-0.00200917128083	0.0157181938728	-0.0332356968411	-0.00154239818035	-0.0219459554027	-0.0582038057708	0.0287509536865	0.031463894694	0.0149849247965	0.0281862823047	-0.0167980945519	-0.100947658814	0.05428723765	-0.0871377028303	0.0082212912455	-0.0193219967282	-0.0774596869205	0.011573159943	0.00478986404192	-0.0141335681039	-0.0528210073776	-0.00750288740767	-0.0463184642603	-0.0657303579694	0.0423655675754	-0.0313308498857	0.051379688749	0.0423093755641	-0.032908284734	-0.0253596884013	-0.0145422102708	-0.0133775209177	0.00850806627058	0.0167625511697	0.0165654400951	-0.0339101100106	0.0275876470959
k__Bacteria;p__Bacteroidetes;c__Bacteroidia;o__Bacteroidales;f__Bacteroidaceae;g__Bacteroides;s__Bacteroides_coprocola	0.00944657177666	-0.0311246731184	-0.0641434731443	-0.0450896793775	-0.0406073592457	0.0351844843895	-0.0876776891638	-0.00394177100985	0.0881421336548	-0.0649185094323	-0.0486041985506	1.0	-0.0160739657148	0.0534518719028	-0.0573512209162	-0.00407576203328	0.0262607899916	0.0808907208162	-0.0353266762015	-0.0551320068081	-0.0788979424774	-0.0409209945973	0.0212606176013	-0.000500228635154	0.00371547458697	-0.0324750788421	-0.00151063312157	0.027868328225	0.0524986442886	-0.0601887153815	0.00372690412394	0.000905332905909	-0.0408880093786	-0.0224378852417	0.0190788193684	0.0173472129629	-0.0192352710912	-0.0665157284216	-0.0144129123747	-0.0463179127178	-0.0697306201195	0.0969820110768	0.00444325980164	0.0331057474876	0.0285326058971	0.0228463621609	-0.00859455328607	-0.0366885908461	-0.0364218751155	0.0192882583235	0.0222941659029	-0.0392727561543	0.0148240253144	0.0453835591401	-0.0822839480719	-0.0169805214439	-0.064179709135	-0.0391201022916	0.0469426423997
k__Bacteria;p__Bacteroidetes;c__Bacteroidia;o__Bacteroidales;f__Bacteroidaceae;g__Bacteroides;s__Bacteroides_cellulosilyticus	0.0225065138029	-0.00662073296375	0.0398206062118	-0.078963001626	-0.0804951166109	-0.0306305688779	-0.002774921692	0.020277550637	-0.00841217851532	0.0611089723164	0.0101724044124	-0.0160739657148	1.0	-0.0334780077573	0.000227139152111	0.00431626648982	0.00155834248504	0.0431579559926	0.0480216250887	0.00239242233551	-0.00518552552663	-0.0386608822742	-0.02396890752	-0.0112309373264	0.00393623583278	-0.019224036045	-0.0552782097971	-0.0288652107335	-0.0486439373544	-0.017002635955	-0.0327991998996	0.0429323466845	-0.0159240025004	0.00230042397319	-0.0223090289613	-0.0125179542031	-0.0478305718235	-0.0309163528574	-0.00761090944421	-0.0126560949914	0.00179836595997	0.0682071002585	0.0406079210585	-0.0252146491879	-0.028418612753	-0.0606693825131	-0.0131022082802	-0.10039720946	0.0426461434401	-0.0480846463176	-0.0300703861322	-0.007446029943	-0.00783939745732	0.049056496156	-0.0473414925067	0.0278581949409	-0.0461689305293	-0.0108187149503	-0.0281965563128
k__Bacteria;p__Bacteroidetes;c__Bacteroidia;o__Bacteroidales;f__Rikenellaceae;g__Alistipes;s__Alistipes_obesi	0.0127875579105	-0.00879915419642	0.0359236360791	0.0297445350292	-0.0536097344397	0.0495471499354	-0.00204345285495	0.0669663231886	0.0330272746352	0.0116191676842	-0.0165744335708	0.0534518719028	-0.0334780077573	1.0	-0.0119944657963	0.00954075131825	-0.0806988742309	-0.023115969425	0.0232127881822	-0.0246969902491	-0.0668942651314	0.0130493895793	-0.0591093012691	0.00186728714191	-0.095791204037	-0.0320777257547	-0.000471069418053	0.0151983867373	0.0321933830771	-0.00983725349116	-0.0122354724726	0.0124429227391	0.00653264494124	-0.0100254330145	-0.039938207881	0.0568836277263	-0.00781804070636	0.017847063301	-0.0347632155389	-0.0276884896094	0.0223153212407	-0.0346847853729	-0.0022307838199	0.00849787937969	-0.035209067505	0.0409232761294	0.030974690073	0.0118831518043	-0.0148340375811	0.0247052053245	-0.0245879413534	-0.0372459059652	0.00541580278882	-0.00666084474346	-0.0536370716649	-0.0270234347582	0.0383630741361	-0.0167378343676	-0.0596136830441
k__Bacteria;p__Firmicutes;c__Clostridia;o__Clostridiales;f__Lachnospiraceae;g__;s__[Eubacterium]_rectale	-0.0256100484292	0.0157129927904	0.0170808968534	0.0252265035676	0.000554198304418	0.038036279564	0.0720055388431	0.00727449952696	-0.0299381577591	-0.0232824518868	-0.0549393691118	-0.0573512209162	0.000227139152111	-0.0119944657963	1.0	-0.00493253370365	0.0180489282324	-0.0168710163416	-0.00280292873907	-0.0217007146535	0.0653381235097	-0.067413993775	-0.0414567398526	-0.0160239859288	-0.00262960242276	0.0492393708525	-0.0578926816367	-0.0196984976955	-0.108636574499	-0.0664393866826	-0.00999485447775	-0.0182707394561	-0.0393443445606	0.0504150169916	0.018269184384	-0.0479075026677	-0.00817586565867	0.0250033966353	-0.00369443622248	-0.0238920879	0.0532994144885	0.00668868838207	-0.0114553811006	0.0178551315238	-0.0550129167446	-0.0380937095729	0.0504038901292	-0.0357366281889	0.046979729746	0.00558543045005	-0.0496601300867	-0.0106103460986	0.0383012711836	-0.0431532102265	0.0018582939106	0.0267769089652	-0.002695577751	-0.0179192760767	-0.00829553502027
k__Bacteria;p__Bacteroidetes;c__Bacteroidia;o__Bacteroidales;f__Bacteroidaceae;g__Bacteroides;s__Bacteroides_plebeius	0.0219387344064	0.0163934034976	0.00132482395004	0.040354821608	-0.00271452752032	0.000521949781166	0.0348973552829	0.0034341912926	-0.016376745334	-0.0464110230793	0.0518488630961	-0.00407576203328	0.00431626648982	0.00954075131825	-0.00493253370365	1.0	-0.0251590262037	0.0230538162005	-0.0277623609605	-0.013097518517	-0.0574694057491	0.0140143039044	-0.0678222147127	-0.08055551626	-0.0116489326766	-0.0391583560783	0.0122849709534	-0.0306283920553	0.0280200201137	0.0119708532225	-0.0506079770107	-0.0187406857773	0.011808413164	-0.0164252008623	0.00278129357666	-0.00869608926451	-0.0252275308607	0.00592183658866	-0.0635133184538	0.0222975904471	0.0929594343894	-0.0600045342038	-0.0550760834736	-0.0318997264652	0.0209136580286	0.0311354289877	-0.0104705209929	-0.0376889765021	-0.0320379661149	0.0133708934213	-0.00904134687965	0.0610897857505	-0.0296502425646	-0.0544154903609	0.0401484662961	0.0211451681055	0.0505449339647	0.047578505592	-0.0108688675266
k__Bacteria;p__Bacteroidetes;c__Bacteroidia;o__Bacteroidales;f__Bacteroidaceae;g__Bacteroides;s__Bacteroides_fragilis	-0.0234195748558	0.0189477851599	0.00699456400095	-0.0540926785604	-0.0669269626431	0.0231527167201	-0.0209500630719	-0.0318206617789	0.0355708618056	0.00115141240522	-0.0292523796638	0.0262607899916	0.00155834248504	-0.0806988742309	0.0180489282324	-0.0251590262037	1.0	0.0179646213024	0.0284508468897	-0.0310647421773	-0.0144338391315	0.0052160518253	-0.0386483127809	0.0203382493666	-0.0620059543082	-0.00117174271964	-0.0375554707973	0.00366222582679	-0.0117887829836	-0.00610714576242	-0.0276261542274	0.0163277398249	-0.0500786526794	-0.00152579707549	-0.0143675053482	-0.0322835907579	-0.0194554328829	0.0309206402591	0.022949649565	-0.00597477775024	-0.000111959138677	-0.0229840439477	0.0504458839402	0.018858045938	0.000610563780347	-0.0215315585303	-0.052788740177	-0.00512160723564	-0.089168776512	-0.00412427442149	-0.0152292476116	0.0310382754869	-0.0594709955301	-0.0024956318339	-0.00190131226563	0.0718796800204	0.0421387601146	-0.0306830745063	0.000719552064165
k__Bacteria;p__Proteobacteria;c__Betaproteobacteria;o__Burkholderiales;f__Sutterellaceae;g__Sutterella;s__Sutterella_wadsworthensis	-0.0529420914825	-0.0985613782415	-0.0565879820188	-0.0894807213365	-0.0425735880243	0.0176879133154	-0.0936165477474	-0.00232329534239	-0.0494331609967	-0.0224607438492	-0.0203243476638	0.0808907208162	0.0431579559926	-0.023115969425	-0.0168710163416	0.0230538162005	0.0179646213024	1.0	0.0149870875417	0.0332531748514	0.00915489290692	-0.00425617519641	0.0368424009833	-0.031286298376	0.0563402451003	-0.00101646072743	0.0527581430242	-0.0266939529413	0.0112886544695	0.0225077094493	-0.0487645205422	0.0135025561881	-0.0305423658826	-0.0566299474628	0.042155801344	-0.0803458336601	-0.0300955486727	-0.0560164813645	-0.0178991327215	0.00289251648665	-0.0344820739002	-0.0887462176717	-0.00242494459394	0.0290957021929	0.0317897681406	-0.00524720784021	0.0104591585322	0.02074964651	-0.0348575407727	-0.000702865502716	-0.0411297767887	-0.0622919114867	-0.0431540442291	-0.0670313313588	-0.0482793196062	0.098440260544	0.0275998837829	0.0324471266213	-0.0070564932878
k__Bacteria;p__Bacteroidetes;c__Bacteroidia;o__Bacteroidales;f__Porphyromonadaceae;g__Barnesiella;s__Barnesiella_intestinihominis	-0.0695740904793	-0.0196170497739	0.0600975274003	0.0672462490233	0.0326910122973	-0.0169366110608	-0.013971435551	-0.03320858501	0.0244099668376	0.0441586448762	-0.0433816642148	-0.0353266762015	0.0480216250887	0.0232127881822	-0.00280292873907	-0.0277623609605	0.0284508468897	0.0149870875417	1.0	-0.0293097226455	0.0359291847687	-0.0553955459268	-0.00679779600971	-0.0349938062299	-0.0184065539057	0.021252164187	-0.0550296100769	-0.0367957554984	-0.0361175996096	0.0106870681142	0.0208394625581	-0.0584935163259	-0.0182720548861	-0.0205181639092	0.00549483251716	0.00260502091902	0.00304454435084	0.0772720608534	0.0109346206763	-0.0720974648685	0.0517365533214	0.0344717794791	-0.00346981676105	-0.00894126806713	-0.0144716181607	0.00975041206609	-0.0785680448712	-0.00494939425523	0.0158476504023	0.0350483458437	0.0242498308255	0.0167243443365	0.0192229492748	0.0399166318002	-0.0364963431181	-0.0436701341469	-0.0489270578292	3.14993265147e-05	0.0179775005924
k__Bacteria;p__Bacteroidetes;c__Bacteroidia;o__Bacteroidales;f__Odoribacteraceae;g__Odoribacter;s__Odoribacter_splanchnicus	0.019425816299	-0.0372491606616	-0.0415905598262	-0.00871497690271	0.00880686148667	-0.0336746279106	-0.0434017844739	-0.00672260191	0.0107470855961	0.031086763986	-0.0490313435264	-0.0551320068081	0.00239242233551	-0.0246969902491	-0.0217007146535	-0.013097518517	-0.0310647421773	0.0332531748514	-0.0293097226455	1.0	-0.0251253213047	0.00297997798461	-0.000462958087599	-0.0379397739999	-0.0616647701666	-0.00891748220423	0.0231368150449	0.0455326242439	0.0476703833019	0.0694092269571	0.0335935101849	-0.036442844752	-0.0153275766385	-0.0303378373078	-0.000919036322439	-0.0783451945901	0.00326650856942	-0.0341012550268	0.0273333881422	0.0187919915075	-0.00734391473377	-0.0359116671606	-0.0086121691884	-0.00143364159111	0.000361946632592	-0.0606874404843	0.0235667319217	0.0117614760032	-0.0349020015805	0.0412584357862	0.0473842060914	-0.044622240444	-0.0201009176877	0.0159003496671	-0.0272298071452	0.0348240602371	0.0404197943041	0.0191862104616	0.0029334493594
k__Bacteria;p__Bacteroidetes;c__Bacteroidia;o__Bacteroidales;f__Bacteroidaceae;g__Bacteroides;s__Bacteroides_salyersiae	0.00272162702874	-0.0100559947215	0.0192177137708	-0.0263805212341	0.059290067282	-0.0484496291228	-0.0343504854035	0.0164293054175	-0.0571777977423	0.00774248548186	0.0308116798379	-0.0788979424774	-0.00518552552663	-0.0668942651314	0.0653381235097	-0.0574694057491	-0.0144338391315	0.00915489290692	0.0359291847687	-0.0251253213047	1.0	0.0424598767748	0.0248705322876	-0.0210297150305	0.0348464588082	-0.0368638832225	0.079391963411	-0.0545911942123	0.0684150456977	-0.0342854942407	0.0138318927508	-0.0306847222879	-0.0122058004836	-0.0258958415942	-0.000172526135967	0.00908746035814	0.0228356311063	0.0244796238925	-0.00221441694394	-0.00939376079628	-0.0136310817309	-0.034333406425	-0.0139848323451	-0.0211940543583	-0.0506256805946	-0.00550358547849	0.00526428270038	0.0335457495356	-0.0441652838579	0.0260264399902	0.00460948621317	-0.0218924161857	0.0456128723238	-0.0652200370475	0.0397861045221	-0.0132893119464	0.0260948884594	0.0491082635202	0.0080887130775
k__Bacteria;p__Firmicutes;c__Clostridia;o__Clostridiales;f__Ruminococcaceae;g__Ruminiclostridium;s__[Eubacterium]_siraeum	-0.0297633643264	0.0277519798155	0.033263733029	-0.0611307425186	-0.00104604096881	-0.00773916714226	-0.0750674262975	-0.0456472085143	-0.0604070278221	-0.0221721643772	0.0179065805127	-0.0409209945973	-0.0386608822742	0.0130493895793	-0.067413993775	0.0140143039044	0.0052160518253	-0.00425617519641	-0.0553955459268	0.00297997798461	0.0424598767748	1.0	-0.00192530503119	-0.0487314126975	-0.00295205225764	-0.0315749934145	-0.0330457378565	-0.0351376480266	0.0159033215507	-0.0232080942884	0.0198221664995	-0.0893979688502	-0.000929468394461	0.0195387415634	0.0590867666962	-0.0380521866758	-0.00643301857381	-0.0162596702652	-0.0712412859969	0.0299859367313	-0.0299917434644	0.0287275423314	-0.0524603700362	-0.0187322441768	0.0077595445808	0.0105702243271	0.0267797076856	0.0486813590944	0.0347127386819	-0.0426214741527	-0.0112981935668	0.0195592446673	0.0324552513324	-0.0194707420503	0.0636486900291	0.019817867424	0.0683000993996	0.00514848364179	-0.0771629234056
k__Bacteria;p__Proteobacteria;c__Betaproteobacteria;o__Burkholderiales;f__Sutterellaceae;g__Parasutterella;s__Parasutterella_excrementihominis	0.019284215203	0.0284282477233	-0.027947991073	-0.00466258307719	-0.0547636725972	0.0381591422652	-0.0386660459458	0.0498619086456	-0.0567826806139	-0.0144328544861	-0.00200917128083	0.0212606176013	-0.02396890752	-0.0591093012691	-0.0414567398526	-0.0678222147127	-0.0386483127809	0.0368424009833	-0.00679779600971	-0.000462958087599	0.0248705322876	-0.00192530503119	1.0	-0.024669680896	0.0509278054471	-0.0509092278181	0.0038464719943	0.01488210982	0.0043252207654	0.01028693258	0.0146188958184	0.02835861443	-0.00595676917721	0.033982439808	0.0257651896153	-0.0205815417456	-0.00303368186642	-0.0688143832945	-0.0253564584789	-0.0274645785938	-0.000616760768358	0.0177071729932	-0.0616631798449	-0.0437036570655	-0.00769108660871	-0.0628815307023	-0.0537909979903	-0.0244238640307	0.00942306150909	0.0418492473104	0.0367951268432	0.00678398886212	-0.00768631305078	-0.02727237822	-0.031281800231	0.0349758040024	0.0173680310631	0.0135412462401	-0.0226586182047
k__Bacteria;p__Actinobacteria;c__Actinobacteria;o__Bifidobacteriales;f__Bifidobacteriaceae;g__Bifidobacterium;s__Bifidobacterium_adolescentis	-0.0264500631547	-0.026709197167	0.0309302763367	0.00117957476669	-0.0867202017605	-0.0699113306667	0.00524775997888	8.86886596278e-05	-0.0171398947281	0.0131891572791	0.0157181938728	-0.000500228635154	-0.0112309373264	0.00186728714191	-0.0160239859288	-0.08055551626	0.0203382493666	-0.031286298376	-0.0349938062299	-0.0379397739999	-0.0210297150305	-0.0487314126975	-0.024669680896	1.0	-0.00484589705477	-0.0428094442623	0.0484414330428	0.0437298144364	0.0296373926322	-0.0157896727525	0.00928135566893	-0.0142969246775	0.0064340536941	0.0135049429018	-0.04050232506	-0.00844313642579	-0.0069225533654	-0.0424656747609	0.0401325749962	-0.0713508775303	-0.0316831429285	-0.00682711779059	0.0161586516328	0.0658668914075	-0.0115613545543	0.0397693360603	0.00503244865248	0.0407664309677	-0.00955069634591	0.0379303486347	-0.0347273743208	0.0199837362319	0.0293337292723	0.0255961330382	-0.0172498315211	-0.0641978143245	0.013672235038	-0.0580694191105	-0.0414566976429
k__Bacteria;p__Firmicutes;c__Clostridia;o__Clostridiales;f__Oscillospiraceae;g__Oscillibacter;s__Oscillibacter_sp._KLE_1745	-0.0536894883913	-0.0235259673104	-0.0407561476411	0.0239060485894	-0.0419883356468	0.0412521985568	-0.0306063350637	-0.0372176584098	0.0428166401474	-0.0378105389614	-0.0332356968411	0.00371547458697	0.00393623583278	-0.095791204037	-0.00262960242276	-0.0116489326766	-0.0620059543082	0.0563402451003	-0.0184065539057	-0.0616647701666	0.0348464588082	-0.00295205225764	0.0509278054471	-0.00484589705477	1.0	0.0418046830012	-0.00929036091129	0.0185999557462	0.0119440008376	-0.0305831725828	0.0531723417553	0.0258431745441	-0.0283661441322	0.0789210688905	0.0365443817603	0.0133011181214	0.0181172139743	-0.0100239179886	-0.074695319552	-0.0142100180092	0.0127412071481	-0.0119361918424	-0.0862747259799	-0.0475128322452	-0.0524973368835	-0.021209055978	0.048778118295	-0.00482343266151	0.0560710868999	0.00253323849009	-0.0492414813272	-0.0280725520853	-0.0232891640531	-0.00760380492628	-0.0136913777925	-0.0119410989162	-0.0739775652007	0.0357581670178	-0.0129701208758
k__Bacteria;p__Bacteroidetes;c__Bacteroidia;o__Bacteroidales;f__Bacteroidaceae;g__Bacteroides;s__Bacteroides_coprophilus	0.0267667354071	-0.02373906089	-0.0128023561555	-0.015814703917	-0.000784450119667	0.0202332494989	-0.034488000047	-0.0757636846649	-0.0588894892798	-0.0300556303481	-0.00154239818035	-0.0324750788421	-0.019224036045	-0.0320777257547	0.0492393708525	-0.0391583560783	-0.00117174271964	-0.00101646072743	0.021252164187	-0.00891748220423	-0.0368638832225	-0.0315749934145	-0.0509092278181	-0.0428094442623	0.0418046830012	1.0	-0.0295819196743	0.0138538828693	-0.0197469665056	-0.0168410252777	-0.0374638969738	0.00638145559991	0.0163053665354	0.0891875173562	-0.0193284250167	-0.0338114997101	0.0517979360216	-0.00378264728065	0.0226620759538	0.0462131694568	-0.0252768269876	-0.0396715156138	0.0247008827257	0.0324838775305	-0.00748461128678	0.0267775844131	-0.0625305747273	-0.0746761741336	-0.0122271757577	0.0430491670634	-0.0332688025576	0.0219768512658	-0.0399357931902	0.00706851315586	-0.0558901318928	-0.0233009258608	0.00301131669603	0.0130278086396	-0.00232976786938
k__Bacteria;p__Firmicutes;c__Clostridia;o__Clostridiales;f__Lachnospiraceae;g__Roseburia;s__Roseburia_intestinalis	-0.0346072562386	0.0366581999107	-0.0460495368931	0.048568866682	-0.0375324594696	-0.0351012410632	-0.0878250695153	-0.0314596175323	-0.000827406834701	0.0367017608448	-0.0219459554027	-0.00151063312157	-0.0552782097971	-0.000471069418053	-0.0578926816367	0.0122849709534	-0.0375554707973	0.0527581430242	-0.0550296100769	0.0231368150449	0.079391963411	-0.0330457378565	0.0038464719943	0.0484414330428	-0.00929036091129	-0.0295819196743	1.0	0.0394487402335	0.00249326587338	0.114286963049	0.0750738461292	-0.0371512873456	-0.00966692648558	-0.0331941717671	0.0412618126411	0.0348547012271	-0.0126824767419	0.00594568727897	-0.0562175834881	0.00428330109962	0.00263973566196	0.00241536944457	-0.0127038308654	-0.00441636939953	-0.0161708557085	0.000264911459671	0.032299771063	0.00883586944606	0.0132327715034	0.0380118633109	0.00894721444294	-0.00972735541554	-0.0670752737005	-0.0507549599013	0.0129299321559	-0.0215957953937	-0.0549917350778	-0.0115251811774	-0.0530854226285
k__Bacteria;p__Firmicutes;c__Clostridia;o__Clostridiales;f__Lachnospiraceae;g__Roseburia;s__Roseburia_hominis	0.0324646720869	0.033171425097	0.0256482562594	-0.0244821271142	0.0163073887003	-0.0163709772739	-0.0282753127367	-0.0260628192617	-0.017915203408	0.0587127111032	-0.0582038057708	0.027868328225	-0.0288652107335	0.0151983867373	-0.0196984976955	-0.0306283920553	0.00366222582679	-0.0266939529413	-0.0367957554984	0.0455326242439	-0.0545911942123	-0.0351376480266	0.01488210982	0.0437298144364	0.0185999557462	0.0138538828693	0.0394487402335	1.0	0.0160695982204	-0.00727019300584	-0.0224509308527	0.00655343782767	-0.017535914696	0.000899313016884	-0.0747509676709	0.0108439306807	0.044478427219	0.0286976531296	-0.0224100350648	-0.0277795663312	-0.0906051998832	-0.00908639779527	-0.077063359866	0.119805285837	-0.0139622952755	-0.054039746267	0.0190481501738	-0.0332481011239	-0.0434082965481	-0.0770344832676	-0.0140016802961	-0.0357152928053	0.00703176412713	0.0254129478627	-0.0551689679401	-0.046488852853	0.0113455390922	-0.0123111562243	0.00365571260713
k__Bacteria;p__Bacteroidetes;c__Bacteroidia;o__Bacteroidales;f__Porphyromonadaceae;g__Parabacteroides;s__Parabacteroides_johnsonii	0.00721819647467	-0.00068120715564	-0.00381932221299	-0.009087182534	0.00299949960558	-0.0246568509301	-0.0301944771174	-0.0323376030038	0.0169777459623	-0.0381336707835	0.0287509536865	0.0524986442886	-0.0486439373544	0.0321933830771	-0.108636574499	0.0280200201137	-0.0117887829836	0.0112886544695	-0.0361175996096	0.0476703833019	0.0684150456977	0.0159033215507	0.0043252207654	0.0296373926322	0.0119440008376	-0.0197469665056	0.00249326587338	0.0160695982204	1.0	-0.0736531008145	0.0543708486449	-0.0884200354421	0.0141421614034	0.00798229828296	-0.0123714376449	-0.0118606847934	-0.0145644891028	-0.0506540094073	-0.0226323944242	-0.00437686466266	0.0653695981207	-0.0113649710533	0.0273313166916	-0.0592045530932	0.0348504933877	-0.0449659873688	-0.0723390225084	-0.0242472108005	-0.0640073683916	0.0490073218348	0.00247721261314	-0.017195997394	0.00242201798315	-0.0651001123104	0.0330252932476	0.00150419465657	-0.034809745547	0.0456607481644	-0.0168968510844
k__Bacteria;p__Actinobacteria;c__Actinobacteria;o__Bifidobacteriales;f__Bifidobacteriaceae;g__Bifidobacterium;s__Bifidobacterium_longum	0.0018560912626	0.025997162321	-0.0307624076206	0.0342716068674	0.016230162938	0.00141313902657	-0.0763575104648	0.0268043220618	-0.00600433631632	-0.0425672730839	0.031463894694	-0.0601887153815	-0.017002635955	-0.00983725349116	-0.0664393866826	0.0119708532225	-0.00610714576242	0.0225077094493	0.0106870681142	0.0694092269571	-0.0342854942407	-0.0232080942884	0.01028693258	-0.0157896727525	-0.0305831725828	-0.0168410252777	0.114286963049	-0.00727019300584	-0.0736531008145	1.0	-0.00311438618901	-0.0432199315016	-0.0622718401354	-0.0267579640192	-0.00365650101575	0.0364094565307	0.0595893577045	0.0365751831334	0.0338233757765	-0.00552533993861	-0.0120912660816	-0.0103491528582	-0.0380531732036	-0.0183721461348	0.0710488330227	-0.00807901228377	-0.0388911444674	-0.0153624912466	0.0201437450397	0.0215377596829	-0.0261953472409	-0.0585233697852	-0.0359470832388	0.00449181523731	-0.0638488227077	0.0055151125673	0.0351503022058	0.00492759931386	0.0263691590112
