#taxonomy	k__Bacteria;p__Bacteroidetes;c__Bacteroidia;o__Bacteroidales;f__Bacteroidaceae;g__Bacteroides;s__Bacteroides_vulgatus	k__Bacteria;p__Bacteroidetes;c__Bacteroidia;o__Bacteroidales;f__Bacteroidaceae;g__Bacteroides;s__Bacteroides_uniformis	k__Bacteria;p__Bacteroidetes;c__Bacteroidia;o__Bacteroidales;f__Rikenellaceae;g__Alistipes;s__Alistipes_putredinis	k__Bacteria;p__Bacteroidetes;c__Bacteroidia;o__Bacteroidales;f__Prevotellaceae;g__Prevotella;s__Prevotella_copri	k__Bacteria;p__Bacteroidetes;c__Bacteroidia;o__Bacteroidales;f__Bacteroidaceae;g__Bacteroides;s__Bacteroides_stercoris	k__Bacteria;p__Bacteroidetes;c__Bacteroidia;o__Bacteroidales;f__Bacteroidaceae;g__Bacteroides;s__Bacteroides_ovatus	k__Bacteria;p__Bacteroidetes;c__Bacteroidia;o__Bacteroidales;f__Rikenellaceae;g__Alistipes;s__Alistipes_shahii	k__Bacteria;p__Firmicutes;c__Clostridia;o__Clostridiales;f__Ruminococcaceae;g__Faecalibacterium;s__Faecalibacterium_prausnitzii	k__Bacteria;p__Bacteroidetes;c__Bacteroidia;o__Bacteroidales;f__Rikenellaceae;g__Alistipes;s__Alistipes_finegoldii	k__Bacteria;p__Bacteroidetes;c__Bacteroidia;o__Bacteroidales;f__Porphyromonadaceae;g__Parabacteroides;s__Parabacteroides_distasonis	k__Bacteria;p__Bacteroidetes;c__Bacteroidia;o__Bacteroidales;f__Bacteroidaceae;g__Bacteroides;s__Bacteroides_thetaiotaomicron	k__Bacteria;p__Bacteroidetes;c__Bacteroidia;o__Bacteroidales;f__Bacteroidaceae;g__Bacteroides;s__Bacteroides_coprocola	k__Bacteria;p__Bacteroidetes;c__Bacteroidia;o__Bacteroidales;f__Bacteroidaceae;g__Bacteroides;s__Bacteroides_cellulosilyticus	k__Bacteria;p__Bacteroidetes;c__Bacteroidia;o__Bacteroidales;f__Rikenellaceae;g__Alistipes;s__Alistipes_obesi	k__Bacteria;p__Firmicutes;c__Clostridia;o__Clostridiales;f__Lachnospiraceae;g__;s__[Eubacterium]_rectale	k__Bacteria;p__Bacteroidetes;c__Bacteroidia;o__Bacteroidales;f__Bacteroidaceae;g__Bacteroides;s__Bacteroides_plebeius	k__Bacteria;p__Bacteroidetes;c__Bacteroidia;o__Bacteroidales;f__Bacteroidaceae;g__Bacteroides;s__Bacteroides_fragilis	k__Bacteria;p__Proteobacteria;c__Betaproteobacteria;o__Burkholderiales;f__Sutterellaceae;g__Sutterella;s__Sutterella_wadsworthensis	k__Bacteria;p__Bacteroidetes;c__Bacteroidia;o__Bacteroidales;f__Porphyromonadaceae;g__Barnesiella;s__Barnesiella_intestinihominis	k__Bacteria;p__Bacteroidetes;c__Bacteroidia;o__Bacteroidales;f__Odoribacteraceae;g__Odoribacter;s__Odoribacter_splanchnicus	k__Bacteria;p__Bacteroidetes;c__Bacteroidia;o__Bacteroidales;f__Bacteroidaceae;g__Bacteroides;s__Bacteroides_salyersiae	k__Bacteria;p__Firmicutes;c__Clostridia;o__Clostridiales;f__Ruminococcaceae;g__Ruminiclostridium;s__[Eubacterium]_siraeum	k__Bacteria;p__Proteobacteria;c__Betaproteobacteria;o__Burkholderiales;f__Sutterellaceae;g__Parasutterella;s__Parasutterella_excrementihominis	k__Bacteria;p__Actinobacteria;c__Actinobacteria;o__Bifidobacteriales;f__Bifidobacteriaceae;g__Bifidobacterium;s__Bifidobacterium_adolescentis	k__Bacteria;p__Firmicutes;c__Clostridia;o__Clostridiales;f__Oscillospiraceae;g__Oscillibacter;s__Oscillibacter_sp._KLE_1745	k__Bacteria;p__Bacteroidetes;c__Bacteroidia;o__Bacteroidales;f__Bacteroidaceae;g__Bacteroides;s__Bacteroides_coprophilus	k__Bacteria;p__Firmicutes;c__Clostridia;o__Clostridiales;f__Lachnospiraceae;g__Roseburia;s__Roseburia_intestinalis	k__Bacteria;p__Firmicutes;c__Clostridia;o__Clostridiales;f__Lachnospiraceae;g__Roseburia;s__Roseburia_hominis	k__Bacteria;p__Bacteroidetes;c__Bacteroidia;o__Bacteroidales;f__Porphyromonadaceae;g__Parabacteroides;s__Parabacteroides_johnsonii	k__Bacteria;p__Actinobacteria;c__Actinobacteria;o__Bifidobacteriales;f__Bifidobacteriaceae;g__Bifidobacterium;s__Bifidobacterium_longum	k__Bacteria;p__Firmicutes;c__Clostridia;o__Clostridiales;f__;g__Flavonifractor;s__Flavonifractor_plautii	k__Bacteria;p__Firmicutes;c__Clostridia;o__Clostridiales;f__Clostridiaceae;g__Clostridium;s__Clostridium_phoceensis	k__Bacteria;p__Verrucomicrobia;c__Verrucomicrobiae;o__Verrucomicrobiales;f__Akkermansiaceae;g__Akkermansia;s__Akkermansia_muciniphila	k__Bacteria;p__Bacteroidetes;c__Bacteroidia;o__Bacteroidales;f__Prevotellaceae;g__Paraprevotella;s__Paraprevotella_xylaniphila	k__Bacteria;p__Firmicutes;c__Clostridia;o__Clostridiales;f__Ruminococcaceae;g__Ruminococcus;s__Ruminococcus_callidus	k__Bacteria;p__Bacteroidetes;c__Bacteroidia;o__Bacteroidales;f__Rikenellaceae;g__Alistipes;s__Alistipes_senegalensis	k__Bacteria;p__Firmicutes;c__Clostridia;o__Clostridiales;f__Lachnospiraceae;g__Blautia;s__Blautia_sp._KLE_1732	k__Bacteria;p__Bacteroidetes;c__Bacteroidia;o__Bacteroidales;f__Bacteroidaceae;g__Bacteroides;s__Bacteroides_oleiciplenus	k__Bacteria;p__Firmicutes;c__Clostridia;o__Clostridiales;f__Ruminococcaceae;g__Ruminococcus;s__Ruminococcus_bicirculans	k__Bacteria;p__Bacteroidetes;c__Bacteroidia;o__Bacteroidales;f__Bacteroidaceae;g__Bacteroides;s__Bacteroides_fluxus	k__Bacteria;p__Bacteroidetes;c__Bacteroidia;o__Bacteroidales;f__Prevotellaceae;g__Prevotella;s__Prevotella_stercorea	k__Bacteria;p__Firmicutes;c__Clostridia;o__Clostridiales;f__Lachnospiraceae;g__Dorea;s__Dorea_longicatena	k__Bacteria;p__Firmicutes;c__Clostridia;o__Clostridiales;f__Eubacteriaceae;g__Eubacterium;s__[Eubacterium]_eligens	k__Bacteria;p__Firmicutes;c__Clostridia;o__Clostridiales;f__Ruminococcaceae;g__;s__Ruminococcaceae_bacterium_D16	k__Bacteria;p__Firmicutes;c__Clostridia;o__Clostridiales;f__Lachnospiraceae;g__Coprococcus;s__Coprococcus_comes	k__Bacteria;p__Proteobacteria;c__Gammaproteobacteria;o__Enterobacterales;f__Enterobacteriaceae;g__Escherichia;s__Escherichia_coli	k__Bacteria;p__Firmicutes;c__Clostridia;o__Clostridiales;f__Ruminococcaceae;g__Anaerotruncus;s__Anaerotruncus_colihominis	k__Bacteria;p__Firmicutes;c__Clostridia;o__Clostridiales;f__Lachnospiraceae;g__Blautia;s__Blautia_obeum	k__Bacteria;p__Bacteroidetes;c__Bacteroidia;o__Bacteroidales;f__Odoribacteraceae;g__Odoribacter;s__Odoribacter_laneus	k__Bacteria;p__Firmicutes;c__Clostridia;o__Clostridiales;f__Ruminococcaceae;g__Ruminiclostridium;s__[Clostridium]_leptum	k__Bacteria;p__Bacteroidetes;c__Bacteroidia;o__Bacteroidales;f__Porphyromonadaceae;g__Parabacteroides;s__Parabacteroides_goldsteinii	k__Bacteria;p__Firmicutes;c__Clostridia;o__Clostridiales;f__Lachnospiraceae;g__Anaerostipes;s__Anaerostipes_hadrus	k__Bacteria;p__Firmicutes;c__Clostridia;o__Clostridiales;f__Ruminococcaceae;g__Ruminococcus;s__Ruminococcus_lactaris	k__Bacteria;p__Firmicutes;c__Clostridia;o__Clostridiales;f__Clostridiaceae;g__Clostridium;s__Clostridium_sp._L2-50	k__Bacteria;p__Firmicutes;c__Clostridia;o__Clostridiales;f__Clostridiaceae;g__Clostridium;s__Clostridium_sp._M62/1	k__Bacteria;p__Firmicutes;c__Clostridia;o__Clostridiales;f__;g__Intestinimonas;s__Intestinimonas_butyriciproducens	k__Bacteria;p__Actinobacteria;c__Actinobacteria;o__Bifidobacteriales;f__Bifidobacteriaceae;g__Bifidobacterium;s__Bifidobacterium_bifidum	k__Bacteria;p__Firmicutes;c__Negativicutes;o__Veillonellales;f__Veillonellaceae;g__Dialister;s__Dialister_invisus	k__Bacteria;p__Bacteroidetes;c__Bacteroidia;o__Bacteroidales;f__Bacteroidaceae;g__Bacteroides;s__Bacteroides_salanitronis
k__Bacteria;p__Bacteroidetes;c__Bacteroidia;o__Bacteroidales;f__Bacteroidaceae;g__Bacteroides;s__Bacteroides_vulgatus	1.0	0.0296060513478	-0.00220938140733	-0.0345592495691	0.0304387616202	0.0356315087264	-0.0133908881983	0.0302356502017	0.0403754559566	0.029652206401	0.0818494341446	0.031438710434	-0.00822097975944	-0.0320586590321	0.0328672550162	-0.0361931170774	-0.0697418884284	-0.00524771631285	0.0274696078101	-0.0383011657209	0.0378871023516	0.00185551127449	0.0398399971335	-0.0369762424429	-0.0416419712685	-0.00905035951077	0.024779636344	0.0176930357961	-0.0119595316616	-0.0484391973408	-0.00329713666391	-0.0612125801398	0.0117114440703	-0.0102551606793	0.0139302963329	-0.0235533168649	-0.000209905417057	-0.00133808566632	-0.0335970525814	-0.00587883440894	-0.0253026042815	-0.00911757245531	0.0175866527264	0.0188931148589	0.00165201653106	-0.0474917128862	-0.045432511754	-0.0291966416543	0.0112019231222	0.0289142287555	-0.0233389919935	-0.0192877165042	-0.024700950229	0.0549068007927	-0.0311315229778	-0.0341550756133	0.0559262354681	-0.0504143671208	0.00552429828348
k__Bacteria;p__Bacteroidetes;c__Bacteroidia;o__Bacteroidales;f__Bacteroidaceae;g__Bacteroides;s__Bacteroides_uniformis	0.0296060513478	1.0	-0.0383536680437	0.0147465660803	0.027263437068	-0.00261197892767	-0.0100803243901	-0.0387560526657	0.0253670397037	0.0144972503764	0.000818344810944	-0.00780050813727	0.0195204448611	-0.0114083833483	0.00487537975837	0.0593965942969	0.0386685008306	-0.0197692454708	-0.0672255322859	0.000303411422132	-0.018806023258	-0.0632406991729	-0.00315333300442	-0.0173379585152	-0.0198019153119	0.0151426343652	-0.00324690948736	-0.0177921215853	0.0278127435422	0.0045774844532	-0.0201392861686	0.00346567299785	0.00809937371115	-0.0260183501491	0.0325228189587	0.0351134775974	-0.0413245658383	-0.037710575221	-0.0193715256073	-0.0221189429746	-0.0350851076468	0.00663079802152	-0.0342936651807	-0.0124159211961	-0.112476966298	-0.0482046396101	-0.0534016579683	-0.0269063970817	-0.0133453171105	0.0313371039934	0.0604513255267	-0.0342798163568	0.0304557916716	-0.0280760809589	0.0596728073562	-0.0508696424638	-0.0372462685634	-0.0610021292237	-0.0274641064015
k__Bacteria;p__Bacteroidetes;c__Bacteroidia;o__Bacteroidales;f__Rikenellaceae;g__Alistipes;s__Alistipes_putredinis	-0.00220938140733	-0.0383536680437	1.0	0.0547356746487	-0.0185433593446	-0.0348498015898	-0.0134305595126	-0.049090023496	-0.0584069940679	-0.0132876010518	-0.0195672784296	-0.0350913921933	0.0330040850789	-0.0472941158295	0.011674142486	0.0409074283018	-0.00078879513999	-0.0175586217252	0.0124983343671	0.0254649059704	-0.0498382359914	-0.0150291520456	-0.0018293021886	-0.0148866016809	0.0766480839644	-0.0428672667274	-0.0119264281014	0.059842627251	0.00224312182604	0.0360224343417	-0.00565536246218	-0.0404450373455	0.0609254567195	-0.00115586928534	0.053779740241	0.00469174037351	-0.0123501679494	-0.0128650859815	-0.0196624663077	-0.0320723038812	-0.0300182859614	-0.0165751152374	0.0553670727394	-0.0226968375	0.00293264526908	-0.0219239884467	-0.00600868916533	-0.0825136497944	-0.0138009084959	-0.00100004654298	0.0117287901876	0.00543971398013	-0.0705072446589	-0.0132788279759	-0.0130889374378	0.0360396796666	0.0335716861312	-0.00337433041103	-0.0458919228894
k__Bacteria;p__Bacteroidetes;c__Bacteroidia;o__Bacteroidales;f__Prevotellaceae;g__Prevotella;s__Prevotella_copri	-0.0345592495691	0.0147465660803	0.0547356746487	1.0	0.020638628152	-0.0177866862957	-0.0110696635441	-0.0978129741729	0.0320624459436	0.00559548702131	-0.0483415510336	-0.0577584703812	-0.0218580643253	0.0241752877645	0.00243610287722	-0.0194633909051	-0.0112758446249	0.0210512395469	0.0205601168648	0.0191574063109	-0.00242984446794	-0.0216233880199	0.016955053801	0.00336624542606	-0.0295346841102	-0.042976161449	0.0147559620238	-0.0330845313422	-0.0391005905106	-0.0747973166875	-0.00344514436064	-0.0311552489537	0.0108773837568	0.0273500479718	0.0283703331548	-0.0598728910664	0.0296226890683	-0.0257205602325	-0.010695157284	0.000399219124555	-0.0268753083333	-0.0260986741002	-0.00800189569378	-0.0163298654228	-0.050744453369	-0.0292377851002	0.0221303712003	0.0225872884376	-0.039982904172	0.0285263939847	-0.00285968477098	0.00628779992443	-0.00900286820606	-0.0310441125446	-0.0416345362817	-0.0302307035022	-0.0289516376921	0.021647048789	-0.000689368258199
k__Bacteria;p__Bacteroidetes;c__Bacteroidia;o__Bacteroidales;f__Bacteroidaceae;g__Bacteroides;s__Bacteroides_stercoris	0.0304387616202	0.027263437068	-0.0185433593446	0.020638628152	1.0	0.0064002169397	-0.0424547072114	-0.078505858892	-0.0665010114038	-0.00141188731361	0.0212618501955	0.00443248189936	-0.0641334918337	0.0159015555071	0.037806742947	0.0530291694375	0.0422114768152	-0.0278423178801	0.00937121912234	-0.0303458351246	0.0146727042175	-0.0238235458228	0.0713340096499	-0.0132429869151	-0.0275712685245	-0.000819011332742	-0.0397684018577	-0.00252633664136	-0.0437866482392	0.0118314552465	-0.0894373474462	0.0300480471117	0.00361771531362	-0.00750242923853	-0.0347446741409	-0.0600540581258	-0.0620852784377	-0.0480696375865	0.0481285710057	-0.00131063031289	0.0143826446689	-0.0553923175532	-0.0289154422829	-0.0641400108079	-0.0336425799301	-0.0487084674842	-0.0700531976646	0.00419414832844	0.0579874188159	0.075897460016	-0.0556511402822	-0.00448270279587	0.0105642210112	-0.00450681903531	-0.0340480422707	-0.0493452456067	0.00259721633927	-0.00171929547975	-0.0165248698707
k__Bacteria;p__Bacteroidetes;c__Bacteroidia;o__Bacteroidales;f__Bacteroidaceae;g__Bacteroides;s__Bacteroides_ovatus	0.0356315087264	-0.00261197892767	-0.0348498015898	-0.0177866862957	0.0064002169397	1.0	-0.0516622023451	-0.00686464035725	-0.0293173822046	-0.023389337446	0.00462246903517	-0.0208894759461	-0.0483856198462	-0.0856110393889	0.0684145696891	0.0209033631791	-0.0349820149589	0.0271713326448	-0.000749849400881	-0.0231711079974	0.0366719569626	0.0460445344301	0.0124087501812	0.0237525352421	0.029469415121	-0.00836590903857	0.0200646378431	-0.0553076835278	0.0160300865512	0.0829561806045	-0.0249298539522	-0.0455260932704	0.0284282215812	-0.0342802307247	-0.0139788584735	0.0203643093942	0.0360379876195	0.00940321305673	0.0404622890494	-0.0305642334532	-0.0267233519945	0.0497913110505	-0.0246071638874	0.0408389133484	-0.0186938310263	-0.0105221571624	0.0140312426458	-0.0479121112663	-0.0177324566282	0.0491873444943	0.0150102198441	-0.0384055212846	0.0109728127398	-0.00533243420958	0.0103062510388	0.0168462423017	0.0345115034967	-0.0399286624421	-0.0326848559234
k__Bacteria;p__Bacteroidetes;c__Bacteroidia;o__Bacteroidales;f__Rikenellaceae;g__Alistipes;s__Alistipes_shahii	-0.0133908881983	-0.0100803243901	-0.0134305595126	-0.0110696635441	-0.0424547072114	-0.0516622023451	1.0	0.0254353562278	-0.0321686062778	0.0625747030711	-0.0776278638484	-0.00274141593487	0.0148681435122	-0.022945105731	-0.0148935507224	-0.0644870750189	0.0727593919945	-0.0199069089128	0.0322310024676	-0.00888725924383	0.0369152095718	-0.00663013448702	-0.00586557647692	-0.0565766442333	-0.00352072416987	0.040271900619	0.0099512879017	0.00855550568216	-0.0742510578896	-0.00592661991051	-0.0314185421598	-0.0772693935807	-0.0259308122964	0.00976702835276	-0.023172529554	-0.057573137024	-0.0299824495661	-0.014175209224	0.0160708321515	0.0856502681741	-0.0518415952674	0.027552814379	-0.0367448670058	-0.0140768398312	0.0190350324692	0.0542990225402	0.0155212225644	0.0167985683812	0.00224814566919	0.0693143101429	0.0296813709829	0.0341655408979	0.0074727072103	0.018841597965	-0.0165674353594	0.0138703625679	0.0635398375071	-0.0828948651781	0.00756597418922
k__Bacteria;p__Firmicutes;c__Clostridia;o__Clostridiales;f__Ruminococcaceae;g__Faecalibacterium;s__Faecalibacterium_prausnitzii	0.0302356502017	-0.0387560526657	-0.049090023496	-0.0978129741729	-0.078505858892	-0.00686464035725	0.0254353562278	1.0	-0.0401732997594	-0.0407174629091	-0.0142060208927	-0.0552754329775	0.0309749954784	-0.0641419857391	0.0106163761001	0.0203203826167	-0.0501844711245	0.0129407428044	-0.0148955582599	-0.094935869662	0.0183124811493	-0.0119574451423	-0.0199527461341	0.0332601558304	0.00911453513856	0.0237957833037	0.0475536998602	-0.0305218436454	-0.0420392801968	-0.0249977153077	0.00897575387727	0.0114290769442	0.0353361393306	0.0230516339861	-0.00351115344537	-0.0636867485163	-0.0135652247114	0.00433320730778	-0.0113526468232	0.0208139596924	-0.0386902488073	-0.0608718028035	-0.0355104987318	-0.0552188931719	0.0473370878252	0.0366813934987	0.0206994632197	0.0477284532693	-0.00074834380892	0.0160152563425	-0.0227899239304	0.0147199249731	-0.053201965661	-0.035193511845	0.0119094030856	0.0130277897193	-0.014860957015	0.0480206701804	-0.0370184055666
k__Bacteria;p__Bacteroidetes;c__Bacteroidia;o__Bacteroidales;f__Rikenellaceae;g__Alistipes;s__Alistipes_finegoldii	0.0403754559566	0.0253670397037	-0.0584069940679	0.0320624459436	-0.0665010114038	-0.0293173822046	-0.0321686062778	-0.0401732997594	1.0	-0.0506419266625	-0.0184986752735	0.0237715221495	0.0265162235635	-0.0432859548868	-0.0403076101999	0.0183018618482	-0.0202887803709	-0.0408649343217	0.0520302718134	-0.0472597153981	0.0056791605455	0.0282496541679	-0.0178707912658	-0.0239953293124	0.0182035874769	-0.0271483786404	0.048577486525	-0.0317294521337	0.044540960066	-0.0488892754093	-0.0130108292652	-0.0438432173895	-0.0147391356205	-0.0269476230332	-0.0595736563545	0.0408750529397	-0.00375352556059	-0.030303334924	0.00830050314288	0.000913672596961	0.00469776885147	-0.0106666798341	-0.0628023117869	0.0686655037862	0.0616971928025	0.00276553424457	0.0318794653885	-0.0232638859089	-0.000306855387333	-0.025362894699	-0.0325107774621	0.0227567987625	0.0660310001178	0.0125642410585	-0.00826640782137	-0.00491771099561	-0.0164984786039	-0.00306614878447	0.0215869497266
k__Bacteria;p__Bacteroidetes;c__Bacteroidia;o__Bacteroidales;f__Porphyromonadaceae;g__Parabacteroides;s__Parabacteroides_distasonis	0.029652206401	0.0144972503764	-0.0132876010518	0.00559548702131	-0.00141188731361	-0.023389337446	0.0625747030711	-0.0407174629091	-0.0506419266625	1.0	0.0245716417129	-0.0075813892885	-0.0256816867076	0.0364960887292	0.0516760132556	-0.0147632533165	0.0333200079868	0.0769317414999	-0.0513789695332	0.0424805235716	-0.0244603792334	-0.0304872290931	0.0183081719317	-0.0133333886218	-0.000653481745411	-0.00481384845	-0.0351444383904	-0.00668564560426	0.00587755336613	-0.040608433904	-0.0330809877886	-0.053962599952	0.000790337586342	-0.0448849468896	0.0101695388642	0.0572246870403	-0.0302779971545	-0.0328775575539	-0.0288578085217	-0.00652938308677	0.0394808600122	0.0358009211888	-0.0136399148768	-0.0246947284031	-0.00506649673585	-0.0716674600837	0.00896519173976	-0.0238629110489	0.0464977304743	-0.0743667153533	-0.0225968960125	0.0508004356608	0.0565763655042	-0.0588381255059	-0.00513637828884	-0.0244364899796	-0.0611951801815	-0.036548749736	0.0354512068175
k__Bacteria;p__Bacteroidetes;c__Bacteroidia;o__Bacteroidales;f__Bacteroidaceae;g__Bacteroides;s__Bacteroides_thetaiotaomicron	0.0818494341446	0.000818344810944	-0.0195672784296	-0.0483415510336	0.0212618501955	0.00462246903517	-0.0776278638484	-0.0142060208927	-0.0184986752735	0.0245716417129	1.0	-0.0176714389879	-0.0265856545855	0.0202488588438	0.0357312066144	-0.00197802221616	-0.00425681513418	-0.000397367219917	0.0472081528262	-0.014061994249	-0.00107356558264	0.00534876273965	0.0283905049279	-0.0238946978618	0.0442848548713	-0.0393989054372	0.00432783132258	0.0045222287021	0.0159770878052	0.00620070528825	-0.00030384104045	0.0530057124075	-0.0384193365491	-0.0305368852307	0.0248616812026	0.0348101070584	-0.00583261930804	0.00618105843639	-0.0435171365251	-0.0230194041561	-0.033851919853	-0.010311198355	-0.0379077234114	-0.0252681257763	0.0246657186838	-0.00299864765498	-0.0475801469733	-0.10069717625	-0.0224644823537	0.0275943007768	-0.009715590525	0.00254906717083	-0.0256248324876	-0.00545267531424	-0.0405197358491	-0.0458662736385	0.0195253940309	-0.00174452111352	0.00787752056641
k__Bacteria;p__Bacteroidetes;c__Bacteroidia;o__Bacteroidales;f__Bacteroidaceae;g__Bacteroides;s__Bacteroides_coprocola	0.031438710434	-0.00780050813727	-0.0350913921933	-0.0577584703812	0.00443248189936	-0.0208894759461	-0.00274141593487	-0.0552754329775	0.0237715221495	-0.0075813892885	-0.0176714389879	1.0	0.0245230322377	-0.0211936963354	0.00785263384703	0.0128362625624	0.0036098456192	-0.011312522346	-0.0441650681824	0.00249082389054	-0.039531297607	0.0701380577804	-0.0307235043615	0.00129002415067	-0.0117750747634	-0.00874496675535	0.0163869788143	-0.0652362193654	-0.0187919012105	0.0130205245685	0.00493855862571	-0.0741510046361	-0.0700301482713	0.0162845881996	0.0138866389225	-0.0136841577667	0.0290841341295	-0.0534103559084	-0.0172102697372	0.0209397358954	-0.0173076214283	0.0523708008972	0.0194468873898	-0.0252046992918	0.0534698056199	0.0340942473309	-0.0421944313676	-0.00990250963574	-0.0645790695977	0.013525477652	0.0522219065636	-0.0189564891418	-0.0222418148922	-0.000583563470843	-0.0461413871613	-0.025890928269	0.0317468891448	0.0301584037161	-0.000845631022595
k__Bacteria;p__Bacteroidetes;c__Bacteroidia;o__Bacteroidales;f__Bacteroidaceae;g__Bacteroides;s__Bacteroides_cellulosilyticus	-0.00822097975944	0.0195204448611	0.0330040850789	-0.0218580643253	-0.0641334918337	-0.0483856198462	0.0148681435122	0.0309749954784	0.0265162235635	-0.0256816867076	-0.0265856545855	0.0245230322377	1.0	-0.0296697815727	0.00251719622933	0.0266271181225	-0.0546912948716	-0.0180951478296	0.0309000118401	-0.0371387037103	-0.0283014575142	0.0575984771364	-0.0197163670318	-0.000117515626422	-0.0157852227809	0.00460484287722	-0.0187922914449	-0.0100633454359	-0.0152015001389	-0.0379903521395	0.0143870476882	-0.063393156795	-0.0599328140842	0.0467030076186	0.00887825662484	-0.000736175634477	-0.00991799131866	-0.0417502116935	0.00558441197524	-0.00639123789855	-0.00313768859162	-0.0110407027084	-0.0137291766264	-0.0214585132643	-0.0157878487229	0.0194932628523	0.0294230791472	0.0223771059313	-0.0504728426076	-0.026352615912	0.00127605865296	0.0156883551553	-0.035335406891	-0.0201995176102	0.0183353791738	-0.0325427096741	0.0234306379919	-0.0140665764405	0.0245428077433
k__Bacteria;p__Bacteroidetes;c__Bacteroidia;o__Bacteroidales;f__Rikenellaceae;g__Alistipes;s__Alistipes_obesi	-0.0320586590321	-0.0114083833483	-0.0472941158295	0.0241752877645	0.0159015555071	-0.0856110393889	-0.022945105731	-0.0641419857391	-0.0432859548868	0.0364960887292	0.0202488588438	-0.0211936963354	-0.0296697815727	1.0	-0.050335098485	-0.0184122787172	0.0508667974829	-0.066431366805	-0.0166206197166	0.00549475792661	0.0133293325562	0.00890725035077	0.00838425268927	0.00679858544093	0.035206927191	0.00369191291783	-0.0251015976726	-0.0611881191634	-0.00900574960225	-0.019529636191	0.0075928387656	-0.00190110428402	-0.0244371839979	-0.040715965321	-0.0571773163976	0.0192077456922	-0.00499814460911	-0.0352613769532	0.00740165192036	-0.0532874808184	0.0342322377927	0.00848673770896	0.0332795830603	-0.00200738359574	-0.00564685288356	-0.0378436753656	-0.0299762650943	0.0363951159907	0.0183978561901	-0.045716392934	-0.0143397417021	0.00719128191707	-0.0407282675754	-0.054915664214	-0.0149890413161	-0.0343162819595	0.0638149422953	0.0107727100664	0.00376391758904
k__Bacteria;p__Firmicutes;c__Clostridia;o__Clostridiales;f__Lachnospiraceae;g__;s__[Eubacterium]_rectale	0.0328672550162	0.00487537975837	0.011674142486	0.00243610287722	0.037806742947	0.0684145696891	-0.0148935507224	0.0106163761001	-0.0403076101999	0.0516760132556	0.0357312066144	0.00785263384703	0.00251719622933	-0.050335098485	1.0	-0.0421852635926	0.0354768682954	-0.0185340209258	-0.0405748842011	-0.0137814141796	-0.0289968780342	-0.0142046325663	0.0139571278427	0.0321729258427	0.039371564448	-0.00124708843588	-0.0271776973861	-0.0119496196355	-0.0617374508314	-0.0590332467247	0.00399890914175	0.0248611458946	-0.0556373785346	-0.0684191223285	-0.0221117795022	-0.0202869047025	-0.0556035896358	-0.00908996926796	0.0784356593688	-0.0391520516021	0.0216802749395	-0.0188930553342	-0.0200583026858	0.0100236159323	0.0437907464099	-0.0195564120583	-0.0405840517325	-0.0134063690708	0.0067283193688	0.0060822013156	-0.0635427142591	-0.0225379725314	-0.0409453878909	0.00391995316991	0.0118106910976	-0.0286783082712	0.000139765740779	-0.000245293544488	-0.0129666432219
k__Bacteria;p__Bacteroidetes;c__Bacteroidia;o__Bacteroidales;f__Bacteroidaceae;g__Bacteroides;s__Bacteroides_plebeius	-0.0361931170774	0.0593965942969	0.0409074283018	-0.0194633909051	0.0530291694375	0.0209033631791	-0.0644870750189	0.0203203826167	0.0183018618482	-0.0147632533165	-0.00197802221616	0.0128362625624	0.0266271181225	-0.0184122787172	-0.0421852635926	1.0	0.00534381516636	0.0252701873219	-0.0128618266676	0.0787789682528	0.00211235391425	-0.0136962551782	-0.0797308233645	-0.0172249436772	0.00617175879855	-0.0366725212308	-0.0455559266447	0.0167461262481	-0.00499940428867	0.0345157369968	-0.0187665223977	-0.0702218060881	0.0264085581611	0.103293944522	0.0187268013769	-0.030532890348	-0.0125514117828	-0.0604948653097	-0.0294828647232	-0.0656075331108	-0.0242941999454	-0.0107213897001	-0.0113112140258	-0.034810133126	-0.0655806008225	-0.0584067929931	0.0069365144757	-0.00253335646752	0.0629241633719	-0.0685794646672	-0.0161214662997	0.0145804871084	0.0557662007513	0.0206796726336	-0.0348104129691	0.0742747458927	-0.0335619724278	0.0100261108132	0.00303978920172
k__Bacteria;p__Bacteroidetes;c__Bacteroidia;o__Bacteroidales;f__Bacteroidaceae;g__Bacteroides;s__Bacteroides_fragilis	-0.0697418884284	0.0386685008306	-0.00078879513999	-0.0112758446249	0.0422114768152	-0.0349820149589	0.0727593919945	-0.0501844711245	-0.0202887803709	0.0333200079868	-0.00425681513418	0.0036098456192	-0.0546912948716	0.0508667974829	0.0354768682954	0.00534381516636	1.0	0.00172235328019	0.0265844292605	-0.0109862613113	-0.0475543835731	-0.0116988109309	-0.0136239058898	-0.0767642379234	-0.0169975293158	-0.0157468371393	0.0218991953331	-0.0362166933682	-0.0589184901269	-0.029045074152	-0.093027299895	-0.0146787232842	-0.01698343547	0.00119307346574	-0.0481517570933	-0.0310641102031	-0.0206993919397	0.00737823375057	0.0148438046108	-0.0424666104181	-0.0468053228453	-0.0379789958387	-0.0414840773687	0.0299474462575	-0.012880421503	0.0312147105962	-0.0355661140281	0.00021798498589	-0.00972744791373	0.0408318279894	-0.0298036067871	-0.0129774006689	-0.00086274785901	0.0215197438941	-0.00220677289232	-0.0246037766578	-0.0274410325011	-0.0264931287587	-0.0268692064908
k__Bacteria;p__Proteobacteria;c__Betaproteobacteria;o__Burkholderiales;f__Sutterellaceae;g__Sutterella;s__Sutterella_wadsworthensis	-0.00524771631285	-0.0197692454708	-0.0175586217252	0.0210512395469	-0.0278423178801	0.0271713326448	-0.0199069089128	0.0129407428044	-0.0408649343217	0.0769317414999	-0.000397367219917	-0.011312522346	-0.0180951478296	-0.066431366805	-0.0185340209258	0.0252701873219	0.00172235328019	1.0	-0.0535217394724	0.0227546543201	0.0127890794539	-0.00705362358625	-0.0281588406974	-0.0203385882032	0.00505052042286	-0.0258241989216	-0.023552799243	0.0392595836892	-0.0803469612679	-0.00117913243321	-0.057428399265	0.00474828037209	-0.0184626430516	-0.00623087179552	-0.0200936868963	-0.0684283253047	-0.012457394549	0.0663714662183	0.0310841380571	-0.0363217738119	-0.0154100847864	0.0275922369913	-0.0519164149444	-0.0302625168127	0.010515624244	-0.0166278867764	-0.0730979218031	-0.0241481675915	0.0179285174507	-0.00489019084445	-0.0441092956672	0.0227011133215	0.0441385954614	-0.0380771215574	-0.024150820145	0.0700248842631	-0.0165120070629	-0.0355939388999	0.000981985797432
k__Bacteria;p__Bacteroidetes;c__Bacteroidia;o__Bacteroidales;f__Porphyromonadaceae;g__Barnesiella;s__Barnesiella_intestinihominis	0.0274696078101	-0.0672255322859	0.0124983343671	0.0205601168648	0.00937121912234	-0.000749849400881	0.0322310024676	-0.0148955582599	0.0520302718134	-0.0513789695332	0.0472081528262	-0.0441650681824	0.0309000118401	-0.0166206197166	-0.0405748842011	-0.0128618266676	0.0265844292605	-0.0535217394724	1.0	-0.01951674654	-0.0204753830026	-0.0369697213803	-0.0147948790106	-0.0583626348426	-0.0498531757785	-0.023196844073	-0.0345141983444	-0.021523441667	-0.03422365821	-0.0130497901233	-0.0127976893488	-0.0752545718169	-0.00311225671127	-0.0355642261361	-0.0148017309604	-0.084680399671	-0.0133626611329	0.0293726392032	-0.0576468334366	-0.0391932558282	-0.0275995890011	0.000369233380305	0.0476547514702	0.00530734274466	-0.00835052989643	-0.0107454354288	0.020645213709	0.00612296650415	-0.0237393159474	0.0339815638887	0.0332209183244	0.00863019518152	-0.0249504281242	0.0433295478102	0.0177356079669	-0.0494852784903	0.00236165783738	-0.0444182915934	-0.0237924630436
k__Bacteria;p__Bacteroidetes;c__Bacteroidia;o__Bacteroidales;f__Odoribacteraceae;g__Odoribacter;s__Odoribacter_splanchnicus	-0.0383011657209	0.000303411422132	0.0254649059704	0.0191574063109	-0.0303458351246	-0.0231711079974	-0.00888725924383	-0.094935869662	-0.0472597153981	0.0424805235716	-0.014061994249	0.00249082389054	-0.0371387037103	0.00549475792661	-0.0137814141796	0.0787789682528	-0.0109862613113	0.0227546543201	-0.01951674654	1.0	0.0192387620175	-0.0190499305447	-0.0311633052957	-0.0184584363614	-0.0667697664208	0.0134792549882	0.0367474900428	0.00851754943249	-0.00544321925299	-0.0290885476879	0.0428851239483	0.00610818079705	0.0396679824355	0.104920397936	0.0270398884743	-0.0318981649995	-0.0331175513522	0.0573807560138	-0.0367449058321	-0.0428119808	0.00870689309958	0.00526204099184	0.0453197654428	-0.0335531542002	0.0128491362418	0.00372650749961	0.0387086439925	-0.0563479239182	-0.0615182061925	-0.0362939145691	0.00676453655982	0.0198939055204	-0.0216680535838	-0.00686817280407	0.00345652604158	-0.00720720079489	-0.0553340723199	-0.0631178024305	-0.00579866427262
k__Bacteria;p__Bacteroidetes;c__Bacteroidia;o__Bacteroidales;f__Bacteroidaceae;g__Bacteroides;s__Bacteroides_salyersiae	0.0378871023516	-0.018806023258	-0.0498382359914	-0.00242984446794	0.0146727042175	0.0366719569626	0.0369152095718	0.0183124811493	0.0056791605455	-0.0244603792334	-0.00107356558264	-0.039531297607	-0.0283014575142	0.0133293325562	-0.0289968780342	0.00211235391425	-0.0475543835731	0.0127890794539	-0.0204753830026	0.0192387620175	1.0	-0.017725149725	-0.0116320326909	-0.00175406650081	-0.0495964102227	-0.0774049035801	-0.0349093031882	0.00510689592333	0.00183175927771	-0.0243719079837	-0.00538564077572	-0.0471189236213	-0.0457967681476	-0.0534645545403	-0.0326243134626	-0.0582416593034	0.0284428153599	0.0596087008731	0.0132023173489	-0.034602538046	-0.0433287177051	-0.00359876262407	0.0349794020923	0.0322286221036	-0.00782963424983	0.0453453866527	-0.0106998363998	-0.0766137806928	-0.0286755971944	0.0649578008823	-0.0628794276201	0.0193015582821	0.0252551921122	-0.00976826851965	0.0180611596827	0.0544233199027	-0.00218341615779	-0.0564374017867	0.00897082651475
k__Bacteria;p__Firmicutes;c__Clostridia;o__Clostridiales;f__Ruminococcaceae;g__Ruminiclostridium;s__[Eubacterium]_siraeum	0.00185551127449	-0.0632406991729	-0.0150291520456	-0.0216233880199	-0.0238235458228	0.0460445344301	-0.00663013448702	-0.0119574451423	0.0282496541679	-0.0304872290931	0.00534876273965	0.0701380577804	0.0575984771364	0.00890725035077	-0.0142046325663	-0.0136962551782	-0.0116988109309	-0.00705362358625	-0.0369697213803	-0.0190499305447	-0.017725149725	1.0	-0.0199902483672	-0.00826218488629	-0.00102183352345	-0.0128812970921	0.0839010684716	0.03672557882	0.00814303462937	-0.0522187042666	0.00539897023299	-0.0809247317905	-0.0386654549375	-0.0576479435152	-0.0282651904272	0.0285240899117	0.00219381909601	0.043614512965	-0.0131090054716	0.0252787692878	-0.027790304378	0.00370187950687	-0.0191330631596	-0.0215014249223	0.0775121400143	0.0041418311674	0.0027753650177	-0.0360333288623	-0.00887775233065	-0.0615576659995	-0.0634731627795	-0.0234786436352	-0.0152487567802	0.0155057253769	-0.0959309641028	-0.0608781663402	-0.010388288672	-0.119367427329	0.00343694961618
k__Bacteria;p__Proteobacteria;c__Betaproteobacteria;o__Burkholderiales;f__Sutterellaceae;g__Parasutterella;s__Parasutterella_excrementihominis	0.0398399971335	-0.00315333300442	-0.0018293021886	0.016955053801	0.0713340096499	0.0124087501812	-0.00586557647692	-0.0199527461341	-0.0178707912658	0.0183081719317	0.0283905049279	-0.0307235043615	-0.0197163670318	0.00838425268927	0.0139571278427	-0.0797308233645	-0.0136239058898	-0.0281588406974	-0.0147948790106	-0.0311633052957	-0.0116320326909	-0.0199902483672	1.0	0.00157426728498	-0.0153219033053	-0.0726463814989	-0.0652828693437	-0.0115437844422	-0.0184614112347	-0.0278971634094	0.0389546967093	0.0272987940868	-0.00190636500745	-0.00967331231223	0.016067615044	0.0461314783372	-0.034700201872	-0.0230418738751	0.00212687426893	0.028394069551	0.0467648079929	0.0205700037652	0.00423524785554	0.014755800151	-0.0270807739773	0.00757698970552	-0.0230713506311	-0.110536122577	0.0159992404138	-0.000306086280644	-0.00233594849783	0.0588445729933	-0.0576204902848	-0.0864828400523	0.0222114333701	-0.0250485085141	0.050827607986	-0.0235874044328	0.00817497862265
k__Bacteria;p__Actinobacteria;c__Actinobacteria;o__Bifidobacteriales;f__Bifidobacteriaceae;g__Bifidobacterium;s__Bifidobacterium_adolescentis	-0.0369762424429	-0.0173379585152	-0.0148866016809	0.00336624542606	-0.0132429869151	0.0237525352421	-0.0565766442333	0.0332601558304	-0.0239953293124	-0.0133333886218	-0.0238946978618	0.00129002415067	-0.000117515626422	0.00679858544093	0.0321729258427	-0.0172249436772	-0.0767642379234	-0.0203385882032	-0.0583626348426	-0.0184584363614	-0.00175406650081	-0.00826218488629	0.00157426728498	1.0	0.0591775610696	-0.000849052737132	0.0600229393084	-0.0572990972242	0.0158429465164	-0.0264949877556	0.0705739926235	-0.0224954364275	0.00658082268329	-0.0725256805128	-0.088997333163	0.0257953445115	0.0187659678568	0.00630374789999	0.0300549829698	0.0207171760433	0.0350296686977	-0.0151465320965	-0.025392204333	0.0526243823172	0.00708811063514	-0.0698604439321	-0.059023107831	0.0373238779496	-0.00792523563466	-0.00436550147074	0.0401154091489	-0.0326357219164	-0.033048730699	-0.0220624830987	-0.06322768046	-0.0306772410719	0.0220797953674	0.0217576549657	0.0141333336442
k__Bacteria;p__Firmicutes;c__Clostridia;o__Clostridiales;f__Oscillospiraceae;g__Oscillibacter;s__Oscillibacter_sp._KLE_1745	-0.0416419712685	-0.0198019153119	0.0766480839644	-0.0295346841102	-0.0275712685245	0.029469415121	-0.00352072416987	0.00911453513856	0.0182035874769	-0.000653481745411	0.0442848548713	-0.0117750747634	-0.0157852227809	0.035206927191	0.039371564448	0.00617175879855	-0.0169975293158	0.00505052042286	-0.0498531757785	-0.0667697664208	-0.0495964102227	-0.00102183352345	-0.0153219033053	0.0591775610696	1.0	0.000113024114867	-0.0323520441974	-0.0751029268632	0.06315833548	0.0322761409567	-0.00719930092108	-0.00404065065128	-0.0408718611156	-0.0622184634343	-0.0309767433806	-0.0327624778714	-0.013330979107	-0.0321079813906	0.0124847779756	0.0711525430456	-0.0456998567803	0.0581026975392	-0.094187147261	0.00121490299895	-0.0237405965854	-0.0401480991532	-0.0780112768432	-0.038820165677	-0.0396530938046	-0.0521532978106	0.0664911212637	-0.0454108495922	-0.0318429835435	0.00550776311712	-0.0632511040419	0.0402573673271	0.0142553831269	0.000851655035874	0.00154556710268
k__Bacteria;p__Bacteroidetes;c__Bacteroidia;o__Bacteroidales;f__Bacteroidaceae;g__Bacteroides;s__Bacteroides_coprophilus	-0.00905035951077	0.0151426343652	-0.0428672667274	-0.042976161449	-0.000819011332742	-0.00836590903857	0.040271900619	0.0237957833037	-0.0271483786404	-0.00481384845	-0.0393989054372	-0.00874496675535	0.00460484287722	0.00369191291783	-0.00124708843588	-0.0366725212308	-0.0157468371393	-0.0258241989216	-0.023196844073	0.0134792549882	-0.0774049035801	-0.0128812970921	-0.0726463814989	-0.000849052737132	0.000113024114867	1.0	-0.0125723526134	0.036838368055	-0.0269213531563	0.000201264967482	-0.0238967407227	0.0235096104331	0.0813091335907	-0.0377499261096	0.00458161694197	0.0172413409221	-0.0206463821062	0.0168625208215	-0.0207165652303	-0.0389015938674	-0.0577363314	-0.0210735285589	0.0123135928574	0.00537024018761	-0.0289759202077	0.0175454488531	-0.00101849254691	-0.0798639517168	-0.00613020321754	-0.00382529721076	-0.00625275009382	-0.0183710043069	-0.0382353528413	-0.025161614362	0.00737172208921	0.0367948159489	-0.0305368502612	0.037019820688	0.0115406193093
k__Bacteria;p__Firmicutes;c__Clostridia;o__Clostridiales;f__Lachnospiraceae;g__Roseburia;s__Roseburia_intestinalis	0.024779636344	-0.00324690948736	-0.0119264281014	0.0147559620238	-0.0397684018577	0.0200646378431	0.0099512879017	0.0475536998602	0.048577486525	-0.0351444383904	0.00432783132258	0.0163869788143	-0.0187922914449	-0.0251015976726	-0.0271776973861	-0.0455559266447	0.0218991953331	-0.023552799243	-0.0345141983444	0.0367474900428	-0.0349093031882	0.0839010684716	-0.0652828693437	0.0600229393084	-0.0323520441974	-0.0125723526134	1.0	-0.03179413205	-0.0392189371191	0.0141605417765	-0.0368677331516	-0.0237175007325	0.00499928191043	-0.0660370800085	-0.0267601000816	0.024122316146	-0.0208102292397	-0.0262612245087	-0.0309711883016	-0.0602834030064	0.0870635628462	-0.0444825979734	0.0329719467348	0.0396319620485	0.0102502167026	0.0162610117783	-0.0605303836004	-0.0312321949198	-0.00380030780292	-0.00547457423677	0.0137657646429	-0.068585505515	-0.0183007477208	0.0205853101715	-0.00739818650619	0.0143121520786	-0.0196464143721	-0.000929224550581	-0.0149779224737
k__Bacteria;p__Firmicutes;c__Clostridia;o__Clostridiales;f__Lachnospiraceae;g__Roseburia;s__Roseburia_hominis	0.0176930357961	-0.0177921215853	0.059842627251	-0.0330845313422	-0.00252633664136	-0.0553076835278	0.00855550568216	-0.0305218436454	-0.0317294521337	-0.00668564560426	0.0045222287021	-0.0652362193654	-0.0100633454359	-0.0611881191634	-0.0119496196355	0.0167461262481	-0.0362166933682	0.0392595836892	-0.021523441667	0.00851754943249	0.00510689592333	0.03672557882	-0.0115437844422	-0.0572990972242	-0.0751029268632	0.036838368055	-0.03179413205	1.0	-0.0899326505567	-0.00657461423577	-0.0101742575284	-0.00656705696052	0.0168451497708	0.0217532631527	-0.0101568739629	0.0440523354015	-0.00754183182816	0.0277878305928	-0.00904374119721	0.0513524284422	-0.0290642941532	-0.0713043430688	0.0167680427257	-0.00297851865784	-0.0756622250913	-0.0383173487909	-0.0164880042637	-0.0318412019135	0.0186501996967	-0.021188355662	0.00506182220623	-0.0275725900888	0.0371734425861	-0.02981242923	-0.0130162612812	0.0499296552052	0.00684055002037	-0.063918484462	0.010182424124
k__Bacteria;p__Bacteroidetes;c__Bacteroidia;o__Bacteroidales;f__Porphyromonadaceae;g__Parabacteroides;s__Parabacteroides_johnsonii	-0.0119595316616	0.0278127435422	0.00224312182604	-0.0391005905106	-0.0437866482392	0.0160300865512	-0.0742510578896	-0.0420392801968	0.044540960066	0.00587755336613	0.0159770878052	-0.0187919012105	-0.0152015001389	-0.00900574960225	-0.0617374508314	-0.00499940428867	-0.0589184901269	-0.0803469612679	-0.03422365821	-0.00544321925299	0.00183175927771	0.00814303462937	-0.0184614112347	0.0158429465164	0.06315833548	-0.0269213531563	-0.0392189371191	-0.0899326505567	1.0	-0.0114634303362	-0.00351768884861	0.000231278508626	0.0411308782041	-0.00048430532844	0.0161699934037	-0.00327734900306	-0.0737114543373	0.0380633690755	0.0261253662779	0.00337075579933	-0.0218233522001	0.0138198187486	-0.00920989706631	0.0481905626964	-0.0629017480443	0.0143108320101	-0.0266165243058	-0.0539481247873	-0.00832295650074	-0.0398452829139	-0.00968040844203	-0.0747209225395	0.00909178189486	-0.0356341907736	0.0052411992214	-0.132260096224	-0.0141304650033	0.0150559352018	-0.00993353290461
k__Bacteria;p__Actinobacteria;c__Actinobacteria;o__Bifidobacteriales;f__Bifidobacteriaceae;g__Bifidobacterium;s__Bifidobacterium_longum	-0.0484391973408	0.0045774844532	0.0360224343417	-0.0747973166875	0.0118314552465	0.0829561806045	-0.00592661991051	-0.0249977153077	-0.0488892754093	-0.040608433904	0.00620070528825	0.0130205245685	-0.0379903521395	-0.019529636191	-0.0590332467247	0.0345157369968	-0.029045074152	-0.00117913243321	-0.0130497901233	-0.0290885476879	-0.0243719079837	-0.0522187042666	-0.0278971634094	-0.0264949877556	0.0322761409567	0.000201264967483	0.0141605417765	-0.00657461423577	-0.0114634303362	1.0	-0.00843779763809	0.0779827904728	0.0295133451068	0.0532594735461	-0.0213651644645	0.0227617251834	-0.0268999782428	0.0166417712113	-0.0388982603968	-0.0440223871285	-0.02212952375	0.0334717617483	-0.0417610610786	0.00628806742313	0.0242089652612	0.00967453703063	0.0372766898798	0.0221740989637	0.0278758253041	-0.00403387020185	0.0155300480878	0.0265748259834	-0.0600463684799	-0.0492003960434	-0.00793909575196	-0.0612609708585	-0.0262399263996	-0.00325582101648	-0.0434143245743
