#taxonomy	k__Bacteria;p__Bacteroidetes;c__Bacteroidia;o__Bacteroidales;f__Bacteroidaceae;g__Bacteroides;s__Bacteroides_vulgatus	k__Bacteria;p__Bacteroidetes;c__Bacteroidia;o__Bacteroidales;f__Bacteroidaceae;g__Bacteroides;s__Bacteroides_uniformis	k__Bacteria;p__Bacteroidetes;c__Bacteroidia;o__Bacteroidales;f__Rikenellaceae;g__Alistipes;s__Alistipes_putredinis	k__Bacteria;p__Bacteroidetes;c__Bacteroidia;o__Bacteroidales;f__Prevotellaceae;g__Prevotella;s__Prevotella_copri	k__Bacteria;p__Bacteroidetes;c__Bacteroidia;o__Bacteroidales;f__Bacteroidaceae;g__Bacteroides;s__Bacteroides_stercoris	k__Bacteria;p__Bacteroidetes;c__Bacteroidia;o__Bacteroidales;f__Bacteroidaceae;g__Bacteroides;s__Bacteroides_ovatus	k__Bacteria;p__Bacteroidetes;c__Bacteroidia;o__Bacteroidales;f__Rikenellaceae;g__Alistipes;s__Alistipes_shahii	k__Bacteria;p__Firmicutes;c__Clostridia;o__Clostridiales;f__Ruminococcaceae;g__Faecalibacterium;s__Faecalibacterium_prausnitzii	k__Bacteria;p__Bacteroidetes;c__Bacteroidia;o__Bacteroidales;f__Rikenellaceae;g__Alistipes;s__Alistipes_finegoldii	k__Bacteria;p__Bacteroidetes;c__Bacteroidia;o__Bacteroidales;f__Porphyromonadaceae;g__Parabacteroides;s__Parabacteroides_distasonis	k__Bacteria;p__Bacteroidetes;c__Bacteroidia;o__Bacteroidales;f__Bacteroidaceae;g__Bacteroides;s__Bacteroides_thetaiotaomicron	k__Bacteria;p__Bacteroidetes;c__Bacteroidia;o__Bacteroidales;f__Bacteroidaceae;g__Bacteroides;s__Bacteroides_coprocola	k__Bacteria;p__Bacteroidetes;c__Bacteroidia;o__Bacteroidales;f__Bacteroidaceae;g__Bacteroides;s__Bacteroides_cellulosilyticus	k__Bacteria;p__Bacteroidetes;c__Bacteroidia;o__Bacteroidales;f__Rikenellaceae;g__Alistipes;s__Alistipes_obesi	k__Bacteria;p__Firmicutes;c__Clostridia;o__Clostridiales;f__Lachnospiraceae;g__;s__[Eubacterium]_rectale	k__Bacteria;p__Bacteroidetes;c__Bacteroidia;o__Bacteroidales;f__Bacteroidaceae;g__Bacteroides;s__Bacteroides_plebeius	k__Bacteria;p__Bacteroidetes;c__Bacteroidia;o__Bacteroidales;f__Bacteroidaceae;g__Bacteroides;s__Bacteroides_fragilis	k__Bacteria;p__Proteobacteria;c__Betaproteobacteria;o__Burkholderiales;f__Sutterellaceae;g__Sutterella;s__Sutterella_wadsworthensis	k__Bacteria;p__Bacteroidetes;c__Bacteroidia;o__Bacteroidales;f__Porphyromonadaceae;g__Barnesiella;s__Barnesiella_intestinihominis	k__Bacteria;p__Bacteroidetes;c__Bacteroidia;o__Bacteroidales;f__Odoribacteraceae;g__Odoribacter;s__Odoribacter_splanchnicus	k__Bacteria;p__Bacteroidetes;c__Bacteroidia;o__Bacteroidales;f__Bacteroidaceae;g__Bacteroides;s__Bacteroides_salyersiae	k__Bacteria;p__Firmicutes;c__Clostridia;o__Clostridiales;f__Ruminococcaceae;g__Ruminiclostridium;s__[Eubacterium]_siraeum	k__Bacteria;p__Proteobacteria;c__Betaproteobacteria;o__Burkholderiales;f__Sutterellaceae;g__Parasutterella;s__Parasutterella_excrementihominis	k__Bacteria;p__Actinobacteria;c__Actinobacteria;o__Bifidobacteriales;f__Bifidobacteriaceae;g__Bifidobacterium;s__Bifidobacterium_adolescentis	k__Bacteria;p__Firmicutes;c__Clostridia;o__Clostridiales;f__Oscillospiraceae;g__Oscillibacter;s__Oscillibacter_sp._KLE_1745	k__Bacteria;p__Bacteroidetes;c__Bacteroidia;o__Bacteroidales;f__Bacteroidaceae;g__Bacteroides;s__Bacteroides_coprophilus	k__Bacteria;p__Firmicutes;c__Clostridia;o__Clostridiales;f__Lachnospiraceae;g__Roseburia;s__Roseburia_intestinalis	k__Bacteria;p__Firmicutes;c__Clostridia;o__Clostridiales;f__Lachnospiraceae;g__Roseburia;s__Roseburia_hominis	k__Bacteria;p__Bacteroidetes;c__Bacteroidia;o__Bacteroidales;f__Porphyromonadaceae;g__Parabacteroides;s__Parabacteroides_johnsonii	k__Bacteria;p__Actinobacteria;c__Actinobacteria;o__Bifidobacteriales;f__Bifidobacteriaceae;g__Bifidobacterium;s__Bifidobacterium_longum	k__Bacteria;p__Firmicutes;c__Clostridia;o__Clostridiales;f__;g__Flavonifractor;s__Flavonifractor_plautii	k__Bacteria;p__Firmicutes;c__Clostridia;o__Clostridiales;f__Clostridiaceae;g__Clostridium;s__Clostridium_phoceensis	k__Bacteria;p__Verrucomicrobia;c__Verrucomicrobiae;o__Verrucomicrobiales;f__Akkermansiaceae;g__Akkermansia;s__Akkermansia_muciniphila	k__Bacteria;p__Bacteroidetes;c__Bacteroidia;o__Bacteroidales;f__Prevotellaceae;g__Paraprevotella;s__Paraprevotella_xylaniphila	k__Bacteria;p__Firmicutes;c__Clostridia;o__Clostridiales;f__Ruminococcaceae;g__Ruminococcus;s__Ruminococcus_callidus	k__Bacteria;p__Bacteroidetes;c__Bacteroidia;o__Bacteroidales;f__Rikenellaceae;g__Alistipes;s__Alistipes_senegalensis	k__Bacteria;p__Firmicutes;c__Clostridia;o__Clostridiales;f__Lachnospiraceae;g__Blautia;s__Blautia_sp._KLE_1732	k__Bacteria;p__Bacteroidetes;c__Bacteroidia;o__Bacteroidales;f__Bacteroidaceae;g__Bacteroides;s__Bacteroides_oleiciplenus	k__Bacteria;p__Firmicutes;c__Clostridia;o__Clostridiales;f__Ruminococcaceae;g__Ruminococcus;s__Ruminococcus_bicirculans	k__Bacteria;p__Bacteroidetes;c__Bacteroidia;o__Bacteroidales;f__Bacteroidaceae;g__Bacteroides;s__Bacteroides_fluxus	k__Bacteria;p__Bacteroidetes;c__Bacteroidia;o__Bacteroidales;f__Prevotellaceae;g__Prevotella;s__Prevotella_stercorea	k__Bacteria;p__Firmicutes;c__Clostridia;o__Clostridiales;f__Lachnospiraceae;g__Dorea;s__Dorea_longicatena	k__Bacteria;p__Firmicutes;c__Clostridia;o__Clostridiales;f__Eubacteriaceae;g__Eubacterium;s__[Eubacterium]_eligens	k__Bacteria;p__Firmicutes;c__Clostridia;o__Clostridiales;f__Ruminococcaceae;g__;s__Ruminococcaceae_bacterium_D16	k__Bacteria;p__Firmicutes;c__Clostridia;o__Clostridiales;f__Lachnospiraceae;g__Coprococcus;s__Coprococcus_comes	k__Bacteria;p__Proteobacteria;c__Gammaproteobacteria;o__Enterobacterales;f__Enterobacteriaceae;g__Escherichia;s__Escherichia_coli	k__Bacteria;p__Firmicutes;c__Clostridia;o__Clostridiales;f__Ruminococcaceae;g__Anaerotruncus;s__Anaerotruncus_colihominis	k__Bacteria;p__Firmicutes;c__Clostridia;o__Clostridiales;f__Lachnospiraceae;g__Blautia;s__Blautia_obeum	k__Bacteria;p__Bacteroidetes;c__Bacteroidia;o__Bacteroidales;f__Odoribacteraceae;g__Odoribacter;s__Odoribacter_laneus	k__Bacteria;p__Firmicutes;c__Clostridia;o__Clostridiales;f__Ruminococcaceae;g__Ruminiclostridium;s__[Clostridium]_leptum	k__Bacteria;p__Bacteroidetes;c__Bacteroidia;o__Bacteroidales;f__Porphyromonadaceae;g__Parabacteroides;s__Parabacteroides_goldsteinii	k__Bacteria;p__Firmicutes;c__Clostridia;o__Clostridiales;f__Lachnospiraceae;g__Anaerostipes;s__Anaerostipes_hadrus	k__Bacteria;p__Firmicutes;c__Clostridia;o__Clostridiales;f__Ruminococcaceae;g__Ruminococcus;s__Ruminococcus_lactaris	k__Bacteria;p__Firmicutes;c__Clostridia;o__Clostridiales;f__Clostridiaceae;g__Clostridium;s__Clostridium_sp._L2-50	k__Bacteria;p__Firmicutes;c__Clostridia;o__Clostridiales;f__Clostridiaceae;g__Clostridium;s__Clostridium_sp._M62/1	k__Bacteria;p__Firmicutes;c__Clostridia;o__Clostridiales;f__;g__Intestinimonas;s__Intestinimonas_butyriciproducens	k__Bacteria;p__Actinobacteria;c__Actinobacteria;o__Bifidobacteriales;f__Bifidobacteriaceae;g__Bifidobacterium;s__Bifidobacterium_bifidum	k__Bacteria;p__Firmicutes;c__Negativicutes;o__Veillonellales;f__Veillonellaceae;g__Dialister;s__Dialister_invisus	k__Bacteria;p__Bacteroidetes;c__Bacteroidia;o__Bacteroidales;f__Bacteroidaceae;g__Bacteroides;s__Bacteroides_salanitronis
k__Bacteria;p__Bacteroidetes;c__Bacteroidia;o__Bacteroidales;f__Bacteroidaceae;g__Bacteroides;s__Bacteroides_vulgatus	1.0	0.0164627140554	-0.0424500611094	0.0149744241996	-0.0480316760176	-0.0616878572896	0.00257278612402	0.0904678069376	-0.0197806443041	0.0325959014837	-0.0145514784832	0.0280919736142	0.0324749330237	-0.0125849856654	-0.0206834658703	0.0207203175221	0.0450041781598	-0.0224790690991	0.00385934019097	0.0252581212225	-0.00289802949371	-0.0379131940969	-0.0189865278217	-0.00623284860531	-0.0336745125458	-0.00497984190568	-0.0109646388207	0.00744199407224	0.00793089826551	-0.0430350178216	-0.0408122362918	0.00997791715352	0.00269699171156	-0.0297012465858	0.0178843076646	-0.0165267092634	-0.0255666098794	-0.0332457263345	-0.00359561098536	-0.0615921582022	0.0205830478815	-0.030940744699	-0.0354013279984	-0.0339306098868	-0.0297584237382	-0.0468025384778	0.0215815239583	-0.0480332738187	-0.0328538960411	0.026023733652	-0.00434022107498	-0.0364016889763	-0.000459329808698	0.00660147872789	-0.00320984893826	0.07548102319	-0.0219416152724	-0.0666253459151	0.00338654126783
k__Bacteria;p__Bacteroidetes;c__Bacteroidia;o__Bacteroidales;f__Bacteroidaceae;g__Bacteroides;s__Bacteroides_uniformis	0.0164627140554	1.0	0.0846314695747	-0.0814672366325	-0.0107739041318	-0.0214463077548	0.00794220708169	0.0130136988508	-0.0263693465462	-0.00730113708621	-0.0577527045966	-0.038550923618	0.0386249495357	-0.0373416515028	-0.0156076682233	-0.0430077295522	-0.00545310534592	-0.0569053915906	-0.00384295229584	-0.0147072188905	0.0547686626388	-0.0299698108721	0.0279853106876	-0.0346209958303	-0.00824624873063	-0.0031954945825	-0.00168777813299	-0.0313387005537	-0.0424688226648	0.035570472399	-0.0218420992907	-0.0462803765636	0.0139441214151	-0.0123256879454	-0.0474846793	0.0231155036433	0.0299891460986	-0.0606838193059	0.0649521923608	-0.0118085939352	0.0470842805945	-0.0287172105828	-0.0504731206969	-0.0194293186371	0.0308277639007	-0.0218593692819	0.0507053331595	0.0125039147	-0.0703192866683	0.00919615249931	-0.043575441919	-0.0132319514765	-0.00202135051416	-0.00290450786543	-0.015863995418	-0.00716146174661	0.00888649499155	0.0744218604961	-0.0581426294092
k__Bacteria;p__Bacteroidetes;c__Bacteroidia;o__Bacteroidales;f__Rikenellaceae;g__Alistipes;s__Alistipes_putredinis	-0.0424500611094	0.0846314695747	1.0	-0.0542541823641	0.0204287725378	0.00546754037997	-0.0477077895351	-0.0371933816935	-0.0365126304794	0.0418046562803	-0.00562221319907	-0.0634476144369	-0.0393226079749	-0.0620243893914	-0.0413346562489	-0.0111106231954	-0.0555895772545	0.0791794870994	0.0719681999059	0.0373512208771	0.0200523149954	-0.00633270951426	-0.0514129756097	-0.0264593055147	-0.0107391414283	-0.033262755373	-0.0238101573794	-0.0231456322993	-0.0507701135319	0.0464970479212	-0.0340928181918	0.0060382702087	-0.0176997432774	0.0598267232393	0.0257188801477	-0.0210978451756	0.0758268994248	-0.00951336329273	0.0535686327826	-0.0822700652092	0.0651245087074	-0.108331087547	0.00511723891636	-0.00906534512794	0.0166571948828	0.00188335517346	0.0824424748535	0.000939155994266	0.0431900425917	-0.0246032965332	-0.00996752500289	0.0378905895769	-0.0143391402819	0.0362755473773	0.00488548954685	-0.00476243022455	0.0322439143661	0.0690357201204	0.025164332994
k__Bacteria;p__Bacteroidetes;c__Bacteroidia;o__Bacteroidales;f__Prevotellaceae;g__Prevotella;s__Prevotella_copri	0.0149744241996	-0.0814672366325	-0.0542541823641	1.0	-0.0671900040611	-0.0122795409126	0.00398728125396	0.0377273998575	-0.0402753323542	0.0115970039319	-0.0226229396706	-0.0233605880765	-0.0106464566335	-0.0307999737388	0.0268898188104	0.00179642969184	0.0177288381862	0.00511180805274	-0.0272315735301	0.0273916650613	-0.0672119773783	0.0404519865497	0.00276156190745	0.0015104740425	0.0201602497647	-0.000952862113694	-0.00282170626674	-0.00282450922128	-0.0774291068153	-0.0156272688383	0.0292440509576	0.0087488242717	0.0429306533536	0.0231087526484	-0.0386642605982	-0.0966912462892	0.00349367964496	0.052421364674	-0.0164609529562	0.0201954728576	-0.0345032631145	-0.0444931536043	-0.034048699483	0.00555104737648	-0.0160813393364	-0.0338325225179	0.010327564534	0.000514230102094	0.0441022390788	-0.0360192345032	-0.0746621705262	-0.0286376489539	-0.058540812319	-0.00710043548871	-0.0316847398081	-0.00158914480357	-0.021552764507	0.0422815956773	-0.0993555214418
k__Bacteria;p__Bacteroidetes;c__Bacteroidia;o__Bacteroidales;f__Bacteroidaceae;g__Bacteroides;s__Bacteroides_stercoris	-0.0480316760176	-0.0107739041318	0.0204287725378	-0.0671900040611	1.0	0.0210649504291	0.0102097420419	0.0194671364722	-0.0047509325895	-0.030693056406	0.000784640092887	0.0623036001453	-0.00207223408479	0.0456455556281	-0.0104904755377	0.0173482723956	-0.0122802415203	0.000145647584675	-0.0180492269069	0.0332830472398	-0.0565274889454	0.0325982131659	-0.0455540447187	0.0952313602531	-0.0727175463679	-0.00757790435749	0.0114766563712	-0.0634986681264	-0.0109494588091	-0.0139051002469	0.0414159507529	-0.00622324336151	-0.00882585583127	0.0254095594192	-0.00804983484722	0.0316794228911	0.00950209190845	0.0227641869841	-0.0317448838531	0.0973798373844	-0.0410135615464	0.00471697023133	-0.0405135850391	0.0402420059039	-0.00711385227786	-0.0172861396156	-0.0219336903769	0.0215843046197	-0.0336720686094	-0.0202731068524	-0.0781039312285	0.015081670993	-0.012959306054	0.0421483359753	-0.0200380264785	-0.058680655111	-0.0019955328367	0.020142761256	0.00714010584656
k__Bacteria;p__Bacteroidetes;c__Bacteroidia;o__Bacteroidales;f__Bacteroidaceae;g__Bacteroides;s__Bacteroides_ovatus	-0.0616878572896	-0.0214463077548	0.00546754037997	-0.0122795409126	0.0210649504291	1.0	0.0116616242114	0.0565210527039	-0.0667694659985	-0.0204844280207	0.00257103452121	-0.00338376904423	-0.00774775727619	-0.0355914981928	-0.00890397938897	-0.0384504453366	0.0363169768735	-0.0411796795145	-0.0333664612403	-0.00355667555917	0.04297863572	-0.0176551310002	-0.0123971512432	-0.00297306498002	-0.0398800625489	-0.013570453339	-0.0162139585097	-0.0138518473147	-0.00796805878977	0.0196341900695	-0.0239985841409	-0.0221594593774	0.00456341873661	0.0110880811684	0.0420513089448	0.00240943389724	0.0210060638545	0.00801677784911	-0.0228272886047	0.0215864647728	0.0197937316793	-0.0243179972608	-0.0379601587542	0.0390568854799	0.0431497267892	0.00879381048204	0.0130799878129	0.0201910462334	-0.0333975816853	-0.0364339305692	-0.0362335624625	0.0580084546028	-0.0161536010413	0.015319050721	0.0108602448724	-0.0203728204434	-0.0474637975153	-0.0269210031087	-0.00961488567382
k__Bacteria;p__Bacteroidetes;c__Bacteroidia;o__Bacteroidales;f__Rikenellaceae;g__Alistipes;s__Alistipes_shahii	0.00257278612402	0.00794220708169	-0.0477077895351	0.00398728125396	0.0102097420419	0.0116616242114	1.0	-0.0811075629559	-0.0663563644566	0.0330975874849	-0.0401961534448	0.0253740454079	0.0099627532087	0.0215250952208	-0.000557783683755	-0.0146030059347	-0.0535491551419	-0.0341307011337	-0.0111297583492	0.0201492737037	-0.0620697617576	-0.0821242088213	-0.0117504104002	0.0322433681987	-0.0168873082079	-0.0019372370555	-0.0391400738476	0.0372122275168	-0.00208651913279	-0.0401780470409	0.0237956744209	0.0430153869522	0.0528043592188	-0.0375151159958	0.0474906266447	0.0292196409585	0.0509959447785	-0.00177358876278	0.00145271935726	-0.0057769298429	-0.0069286098107	0.0111176947695	-0.00975360061419	-0.0611771537689	-0.0167787351506	-0.00993739226691	-0.0467907628077	-0.0504478567385	0.0194118475876	-0.0601422890549	0.0388109810733	-0.00622116815638	-0.0546271672855	-0.00998857256074	0.02571560048	-0.0723769196038	0.00241065889357	-0.0320438296573	0.0328714353375
k__Bacteria;p__Firmicutes;c__Clostridia;o__Clostridiales;f__Ruminococcaceae;g__Faecalibacterium;s__Faecalibacterium_prausnitzii	0.0904678069376	0.0130136988508	-0.0371933816935	0.0377273998575	0.0194671364722	0.0565210527039	-0.0811075629559	1.0	0.0208788230588	0.0251564890639	-0.0106681048378	0.017600458146	-0.00701189932611	-0.0221933522276	-0.00876793559705	0.0174335865944	-0.0200767617467	-0.0787542168722	-0.0220536613251	-0.00719832898844	-0.0104456674407	-0.000832632535006	-0.0786705501952	0.0192511961103	0.0465614712087	-0.0293246300259	0.0111244251908	0.001175066462	-0.00198096541892	-0.033267206557	-0.0391885439282	-0.0270913096924	0.0213763444631	0.00505944886075	-0.0484843261728	-0.0199461592693	-0.0192529923876	0.0301511115832	-0.0342955016879	0.0128704584295	-0.045524521988	-0.0387764329506	0.0129388440629	0.00218724128866	0.000358036702883	-0.00277779040168	-0.0166418220506	-0.0334588332504	-0.0396349156197	0.0683897092224	0.00263753435566	0.0510243135295	-0.0245166512675	0.0143324162715	-0.0602107346951	-0.0418240192644	-0.0398186078434	-0.0213079665013	-0.0595239509047
k__Bacteria;p__Bacteroidetes;c__Bacteroidia;o__Bacteroidales;f__Rikenellaceae;g__Alistipes;s__Alistipes_finegoldii	-0.0197806443041	-0.0263693465462	-0.0365126304794	-0.0402753323542	-0.0047509325895	-0.0667694659985	-0.0663563644566	0.0208788230588	1.0	-0.0391470415926	0.0217090746727	-0.0262117829999	-0.0198808037318	0.0386701454377	-0.0696180182912	0.0982375024766	-0.0886646800622	-0.0462074341982	-0.0175473220354	-0.0175553740231	0.0084664359517	-0.0295283256748	0.028103447007	0.00769894992247	-0.0024166836494	0.0429265428007	0.00748855565076	0.0316540024423	-0.0528805302502	0.0142251152299	-0.0557451770147	0.0101332484288	-0.0225564078669	0.0696610036658	0.0473479394688	0.012421517334	0.00206572864126	0.0694910760629	-0.0084106743105	0.024913109123	-0.0134836785527	0.0368861978222	0.047867433835	-0.0419341056053	-0.0364532413515	0.00911590510821	-0.0294032742156	0.0373315914754	-0.0461917640331	-0.00688600083086	-0.0139169514388	-0.0512937379107	0.00213742798119	-0.0479236330252	-0.00448280915698	-0.00408528838161	0.0348411011535	-0.0322436554206	0.0377203645582
k__Bacteria;p__Bacteroidetes;c__Bacteroidia;o__Bacteroidales;f__Porphyromonadaceae;g__Parabacteroides;s__Parabacteroides_distasonis	0.0325959014837	-0.00730113708621	0.0418046562803	0.0115970039319	-0.030693056406	-0.0204844280207	0.0330975874849	0.0251564890639	-0.0391470415926	1.0	-0.0158290149229	-0.0211412686065	-0.0505526161738	0.0124801270634	-0.0381316956909	-0.0227362338528	-0.0550626542247	0.0497029653591	0.0217147987413	0.00259049639798	-0.00908513543055	-0.0431527809128	-0.00992384935512	-0.0510687645758	-0.0145700209415	0.0338546822119	-0.103725794535	-0.0686563421891	-0.0293280695092	0.0351808586977	0.00343971642471	0.0459248423186	0.0103804248517	-0.00173453136811	-0.0170929971337	-0.01101067252	-0.01390799498	0.0868308934702	0.0412871974499	-0.0762985279884	-0.0165464524896	0.0043761124345	0.0014523641901	-0.0370142041265	0.0699320134458	-0.0737641799505	0.00201021909907	0.0198279631157	0.00038133199872	-0.087686087865	-0.0585123482312	-0.0372582176569	0.0212474838541	0.0490732243764	-0.0207285117242	-0.0450185044576	-0.00925223137811	-0.0148222804691	-0.0572091662521
k__Bacteria;p__Bacteroidetes;c__Bacteroidia;o__Bacteroidales;f__Bacteroidaceae;g__Bacteroides;s__Bacteroides_thetaiotaomicron	-0.0145514784832	-0.0577527045966	-0.00562221319907	-0.0226229396706	0.000784640092887	0.00257103452121	-0.0401961534448	-0.0106681048378	0.0217090746727	-0.0158290149229	1.0	0.0052176723495	0.014176583398	0.00626615286742	-0.04400646229	-0.0398529527065	-0.0439896889513	-0.00603694570087	0.0010383021545	-0.0186815328394	-0.0588646287848	0.0122830717717	0.0190873682093	-0.0171389998221	-0.0320526479222	0.0388861756816	0.00667362301418	0.0100144107149	0.0377439939955	0.00202282889953	-0.00150143731342	-0.0527894100581	0.0362133668143	-0.0308030228904	0.0284250923691	0.0284895487723	0.011310176631	-0.0189533654354	-0.011023133849	0.00255493712337	0.0166516446784	-0.0190502117626	-0.018832866208	-0.0026513057688	-0.00871147320656	0.0101232874955	0.00571158344831	-0.02758861027	-0.0280066657763	0.0164483187154	0.0125545200181	-0.00536336192622	-0.0399659937087	-0.0317485011608	0.0609310801003	0.0109779333181	-0.0240586021232	-0.0551647277913	-0.00752942661008
k__Bacteria;p__Bacteroidetes;c__Bacteroidia;o__Bacteroidales;f__Bacteroidaceae;g__Bacteroides;s__Bacteroides_coprocola	0.0280919736142	-0.038550923618	-0.0634476144369	-0.0233605880765	0.0623036001453	-0.00338376904423	0.0253740454079	0.017600458146	-0.0262117829999	-0.0211412686065	0.0052176723495	1.0	-0.0117182784214	-0.0606835120125	0.0115581515708	-0.029621688268	-0.0292803650047	0.0347967897686	-0.0719157698036	-0.0628607218982	-0.0139781709938	-0.0174328017946	0.00470177722759	0.0339077657832	0.0190174151262	-0.012666449421	0.0306986588346	-0.0195527308083	0.00928119273853	-0.029386329997	-0.0289565604652	-0.0799634969801	0.00718584351013	-0.0166203432944	-0.00987272481322	0.0195055892432	-0.0149951082341	-0.0510465641294	0.0110429919333	0.00564054340979	0.0259759521094	-0.0802699931207	-0.0216885192295	-0.0345224530602	-0.00355458214845	-0.0353829404289	-0.00659171640323	-0.00347835661975	-0.0253815670932	-0.0152203026041	0.0124900435841	-0.0495342282177	0.0194623458732	-0.00483531180323	0.0733104503379	-0.0230384445908	0.0309091137853	-0.0330771550774	-0.0101903651491
k__Bacteria;p__Bacteroidetes;c__Bacteroidia;o__Bacteroidales;f__Bacteroidaceae;g__Bacteroides;s__Bacteroides_cellulosilyticus	0.0324749330237	0.0386249495357	-0.0393226079749	-0.0106464566335	-0.00207223408479	-0.00774775727619	0.0099627532087	-0.00701189932611	-0.0198808037318	-0.0505526161738	0.014176583398	-0.0117182784214	1.0	-0.0101565213739	-0.0151083604605	0.0343714848424	-0.0171206307438	-0.00169340670409	-0.046993519467	-0.0429124409514	0.00714380324995	-0.060678411467	0.0150856697863	-0.00289895291198	0.0109714275802	-0.0646808960071	-0.0296754036634	0.0143892565623	-0.0220594893602	-0.0478099781147	0.00973443055392	-0.0303431060337	-0.0380374536198	-0.0198708656607	-0.033618866831	-0.0171011790588	-0.0761611321085	0.00959244650964	-0.0338724840992	-0.0235508635845	-0.0492995470542	0.112988056582	-0.0349087564614	0.0060005874661	-0.065748896002	0.00853336352524	-0.0162695800719	-0.056890597646	0.00256457982327	-0.0193009092823	-0.0160127652493	0.0512535167002	0.00593154692971	-0.0558864073202	-0.0211976194102	-0.00922215663658	-0.0333194763352	0.0285951424948	0.0339912534235
k__Bacteria;p__Bacteroidetes;c__Bacteroidia;o__Bacteroidales;f__Rikenellaceae;g__Alistipes;s__Alistipes_obesi	-0.0125849856654	-0.0373416515028	-0.0620243893914	-0.0307999737388	0.0456455556281	-0.0355914981928	0.0215250952208	-0.0221933522276	0.0386701454377	0.0124801270634	0.00626615286742	-0.0606835120125	-0.0101565213739	1.0	0.0169204746596	-0.0487263213594	-0.0548528760738	-0.0181496015669	-0.0119052500591	-0.0493727313182	0.0437274006352	0.0284032512088	0.0127154407219	0.00619464963842	0.022005739398	-0.0622179669349	0.0248512257337	-0.0958570876628	0.00156826282513	-0.0589061683305	-0.0241969742801	-0.0492674923539	-0.0299553037588	-0.0122191935634	-0.0538033845158	-0.0179898436616	0.0260850486873	-0.0664079270407	0.0155279539273	-0.0461150950242	-0.060380369548	0.0414522063731	0.0093023783223	-0.014022117012	0.0358519940042	0.0105684798339	0.0826865106339	-0.027616788315	-0.0285511228137	0.0162042373589	0.0122619548372	-0.093099470767	-0.00735919124625	-0.0215628991285	0.0353289394519	-0.0035277872679	0.00370727831675	-0.0312201888812	-0.00201809964927
k__Bacteria;p__Firmicutes;c__Clostridia;o__Clostridiales;f__Lachnospiraceae;g__;s__[Eubacterium]_rectale	-0.0206834658703	-0.0156076682233	-0.0413346562489	0.0268898188104	-0.0104904755377	-0.00890397938897	-0.000557783683755	-0.00876793559705	-0.0696180182912	-0.0381316956909	-0.04400646229	0.0115581515708	-0.0151083604605	0.0169204746596	1.0	0.00982200494757	-0.0601200185987	0.00208499127208	0.0009453522854	0.0651812084269	-0.00910573192868	0.0932501875087	0.0150198072459	0.0307742426478	-0.00494390436237	-0.0204330122088	-0.0561940084197	0.0272827793054	-0.0669581825225	-0.0093334653856	0.0285284388517	0.0195253725352	-0.0360803240189	-0.0214703376348	0.0284445482387	0.0198149741136	0.0223441264149	0.00222271644865	0.0185363654958	-0.0110324647713	-0.0749000923396	0.0444242617886	-0.0413423662475	0.0368857609281	-0.0263186934612	-0.0491922531542	0.00420206012297	-0.0200551609727	-0.0291047461024	-0.0321855379813	-0.0163423577178	0.0927545303779	0.010267997085	-0.0404184197048	-0.0365086115283	-0.0104105745339	-0.0419345227776	0.0578932665735	-0.0586723767764
k__Bacteria;p__Bacteroidetes;c__Bacteroidia;o__Bacteroidales;f__Bacteroidaceae;g__Bacteroides;s__Bacteroides_plebeius	0.0207203175221	-0.0430077295522	-0.0111106231954	0.00179642969184	0.0173482723956	-0.0384504453366	-0.0146030059347	0.0174335865944	0.0982375024766	-0.0227362338528	-0.0398529527065	-0.029621688268	0.0343714848424	-0.0487263213594	0.00982200494757	1.0	-0.0221136048491	-0.0616405470014	-0.0431193876085	-0.0967776357779	0.0134048932836	0.0410198253448	-0.0310665796692	-0.0135085219852	0.0417912640071	-0.0643883505047	-0.0326828466979	-0.0371615685694	-0.00721152861505	-0.0465521757599	-0.0272731179438	-0.0389199387741	-0.0747543780925	-0.0449165659718	-0.0375952130058	0.0325920285154	-0.0276374616217	-0.0253370106219	-0.0393910554416	-0.00459060025863	-0.0731537577292	0.0437863587882	0.0250935908097	-0.0284897038401	-0.00555087188217	0.0518255553997	-0.0335890745647	0.0329890934387	0.0459820367861	-0.0253234201272	-0.00480842472427	-0.0294500762767	-0.00616117373924	-0.0216134302911	0.0740159018104	0.0365320503798	-0.0460255748508	0.0360112315017	0.0278439179677
k__Bacteria;p__Bacteroidetes;c__Bacteroidia;o__Bacteroidales;f__Bacteroidaceae;g__Bacteroides;s__Bacteroides_fragilis	0.0450041781598	-0.00545310534592	-0.0555895772545	0.0177288381862	-0.0122802415203	0.0363169768735	-0.0535491551419	-0.0200767617467	-0.0886646800622	-0.0550626542247	-0.0439896889513	-0.0292803650047	-0.0171206307438	-0.0548528760738	-0.0601200185987	-0.0221136048491	1.0	0.0269902470569	0.029230884124	0.0287215619311	-0.00914472130438	-0.0067816382761	-0.0878607095561	-0.00605981204191	-0.0395449402194	0.0124285993969	0.0229644331098	-0.045828760554	0.00635739901443	-0.0645047823704	0.0542489201788	0.0549447193822	0.00360559848169	0.00595112344719	-0.0308851409509	-0.00199984638056	-0.0269631707063	-0.0393107143562	-0.0885150925553	-0.00763373430192	-0.0713528976705	0.0232713280452	-0.00314245455188	0.0300685405738	-0.0101802720779	-0.0119394982261	-0.00475005956476	-0.0184175319389	0.0212449390469	0.0207578696346	0.00944629048147	0.0294998478465	-0.0251949695285	0.079003357071	0.0610168388386	0.0124030851455	0.00133025517754	0.0571019767172	0.00559592389649
k__Bacteria;p__Proteobacteria;c__Betaproteobacteria;o__Burkholderiales;f__Sutterellaceae;g__Sutterella;s__Sutterella_wadsworthensis	-0.0224790690991	-0.0569053915906	0.0791794870994	0.00511180805274	0.000145647584675	-0.0411796795145	-0.0341307011337	-0.0787542168722	-0.0462074341982	0.0497029653591	-0.00603694570087	0.0347967897686	-0.00169340670409	-0.0181496015669	0.00208499127208	-0.0616405470014	0.0269902470569	1.0	0.0504996568271	-0.0532187973532	-0.0139627137035	-0.0304028648546	0.0223740927616	-0.0664391735981	0.0617261395249	-0.0246819552639	-0.0754103144661	0.0447402653063	0.0525331812403	-0.0178184887214	-0.00353232628999	0.0433490401352	0.0687215994616	-0.0442515639588	0.0560894646488	-0.0232519823105	-0.0701019824356	-0.0416494887614	-0.00465650879885	0.0260505752449	0.0240410490942	0.00145079066775	0.0171087188703	0.063181444449	-0.0186384040594	-0.0540634733461	0.0132673456828	-0.0302372074992	-0.0206517813613	-0.0311059280806	-0.0193079183814	0.0522813288873	0.0138752465159	-0.0379638924404	0.0108237393992	-0.0401040124207	0.0509542549822	-0.0222631074137	0.00228900527918
k__Bacteria;p__Bacteroidetes;c__Bacteroidia;o__Bacteroidales;f__Porphyromonadaceae;g__Barnesiella;s__Barnesiella_intestinihominis	0.00385934019097	-0.00384295229584	0.0719681999059	-0.0272315735301	-0.0180492269069	-0.0333664612403	-0.0111297583492	-0.0220536613251	-0.0175473220354	0.0217147987413	0.0010383021545	-0.0719157698036	-0.046993519467	-0.0119052500591	0.0009453522854	-0.0431193876085	0.029230884124	0.0504996568271	1.0	0.0122376882008	-0.0644778555264	-0.0332103773854	0.00807088614754	0.0297515828806	-0.0507471609588	0.00504440615796	-0.049796372081	0.0115009533826	0.00871574345685	0.00687606061417	-0.00238257697767	-0.0103769229099	0.0220592389807	-0.0231479332008	-0.034190426306	-0.0185253111771	-0.0163850115877	-0.0191239948815	-0.0190240582099	0.0159390500114	-0.0186899299532	-0.0679501573677	-0.0154116696483	0.0389760684102	-0.0389361204696	0.0407877622858	-0.0068348085133	0.0126783723703	0.0209553442779	0.00792236534725	-0.027687831755	-0.0311566853657	0.00194821647619	-0.0337067235027	0.0338771415283	0.0123335088681	-0.0060226567465	0.0578721626457	0.0102929662788
k__Bacteria;p__Bacteroidetes;c__Bacteroidia;o__Bacteroidales;f__Odoribacteraceae;g__Odoribacter;s__Odoribacter_splanchnicus	0.0252581212225	-0.0147072188905	0.0373512208771	0.0273916650613	0.0332830472398	-0.00355667555917	0.0201492737037	-0.00719832898844	-0.0175553740231	0.00259049639798	-0.0186815328394	-0.0628607218982	-0.0429124409514	-0.0493727313182	0.0651812084269	-0.0967776357779	0.0287215619311	-0.0532187973532	0.0122376882008	1.0	-0.0617566899763	0.000695036846228	-0.0458946877207	-0.0489573942906	-0.0151191301385	0.00238424352102	0.0361161664272	0.0308650404219	-0.074043045411	-0.0326560757889	0.0159327436682	0.00284815865648	0.0424382316632	-0.0615770337204	0.0534346959795	-0.0328989918993	0.0249552611257	-0.000961545769506	-0.0481284786268	-0.0433029501288	-0.0272679264488	0.0305022332298	-0.0252965676807	-0.0386497251614	0.0437522094494	-0.051392897596	-0.0609508191569	-0.0378318459714	-0.033165655962	0.024545997354	0.0213063016044	0.0202826027829	-0.0624082697591	-0.0123495799015	-0.00807978563989	0.0237243929243	0.00327382063863	-0.0234323857767	0.0298866725025
k__Bacteria;p__Bacteroidetes;c__Bacteroidia;o__Bacteroidales;f__Bacteroidaceae;g__Bacteroides;s__Bacteroides_salyersiae	-0.00289802949371	0.0547686626388	0.0200523149954	-0.0672119773783	-0.0565274889454	0.04297863572	-0.0620697617576	-0.0104456674407	0.0084664359517	-0.00908513543055	-0.0588646287848	-0.0139781709938	0.00714380324995	0.0437274006352	-0.00910573192868	0.0134048932836	-0.00914472130438	-0.0139627137035	-0.0644778555264	-0.0617566899763	1.0	-0.051677312326	-0.023705024664	0.0132065530978	0.0399811889065	0.0109322776458	-0.00501590612154	0.0416082437853	0.0316050265444	-0.00230503005559	-0.041824529845	-0.0330583754906	-0.0268766790344	0.0422146248123	0.016649005464	0.0362886637941	0.00804953502021	-0.0685780441867	-0.00401064293774	-0.0209986063813	0.0260081619361	-0.00802315673513	0.00913625790553	-0.0251020402487	0.0200742237412	0.0185890782944	-0.00603142670286	0.0160770920015	-0.0665265608165	0.0292767086642	-0.0241157636732	0.0117473922883	0.0287509138759	0.00243166814392	0.00465488477216	0.0165020532008	0.0331213319327	0.0262465832629	0.00824055737478
k__Bacteria;p__Firmicutes;c__Clostridia;o__Clostridiales;f__Ruminococcaceae;g__Ruminiclostridium;s__[Eubacterium]_siraeum	-0.0379131940969	-0.0299698108721	-0.00633270951426	0.0404519865497	0.0325982131659	-0.0176551310002	-0.0821242088213	-0.000832632535006	-0.0295283256748	-0.0431527809128	0.0122830717717	-0.0174328017946	-0.060678411467	0.0284032512088	0.0932501875087	0.0410198253448	-0.0067816382761	-0.0304028648546	-0.0332103773854	0.000695036846228	-0.051677312326	1.0	-0.0432632673998	0.00640338882007	-0.00558251921021	-0.0321970847756	0.0297688602914	-0.0399574906486	-0.0373638981094	-0.0707653633195	0.00336844346	0.00472203077432	0.0289323214551	0.0133039042688	0.0185831153284	0.0403737635409	0.00751101873306	-0.033681767364	-0.0622071932239	0.0441908518679	0.0254661204281	0.00576853061846	0.0204680226274	-0.0513490804932	-0.0321737991223	-0.0126180553532	-0.00207852409907	0.0496675445517	-0.00507648990948	0.0126366416649	-0.0455510703763	-0.0922546243593	-0.0358074883243	-0.0674363009157	-0.0662873158742	0.00195006809745	-0.00701487504229	0.0526459256873	-0.0665776598941
k__Bacteria;p__Proteobacteria;c__Betaproteobacteria;o__Burkholderiales;f__Sutterellaceae;g__Parasutterella;s__Parasutterella_excrementihominis	-0.0189865278217	0.0279853106876	-0.0514129756097	0.00276156190745	-0.0455540447187	-0.0123971512432	-0.0117504104002	-0.0786705501952	0.028103447007	-0.00992384935512	0.0190873682093	0.00470177722759	0.0150856697863	0.0127154407219	0.0150198072459	-0.0310665796692	-0.0878607095561	0.0223740927616	0.00807088614754	-0.0458946877207	-0.023705024664	-0.0432632673998	1.0	-0.0225133565347	-0.0350573182441	-0.0359656877256	-0.0304512248902	-0.0190044231823	-0.0374133271622	0.0964438508651	-0.00263394343789	-0.0457766321582	0.0562558424472	0.000982888308667	0.0152206611416	0.00183041294261	-0.0304482653826	-0.0268472965856	-0.0437554892195	0.0303539582217	-0.0164460220936	-0.0299441679548	0.0599989640414	-0.0334606003511	-0.0191413563575	0.000957679805772	-0.0158099865184	0.0759414787632	0.0100271513595	0.0177504450405	-0.0177445279733	-0.00307629095312	-0.0484435444394	-0.0587685636135	-0.0277100459186	0.0170652449605	-0.0347449574971	-0.0654838606375	0.001594439572
k__Bacteria;p__Actinobacteria;c__Actinobacteria;o__Bifidobacteriales;f__Bifidobacteriaceae;g__Bifidobacterium;s__Bifidobacterium_adolescentis	-0.00623284860531	-0.0346209958303	-0.0264593055147	0.0015104740425	0.0952313602531	-0.00297306498002	0.0322433681987	0.0192511961103	0.00769894992247	-0.0510687645758	-0.0171389998221	0.0339077657832	-0.00289895291198	0.00619464963842	0.0307742426478	-0.0135085219852	-0.00605981204191	-0.0664391735981	0.0297515828806	-0.0489573942906	0.0132065530978	0.00640338882007	-0.0225133565347	1.0	-0.0141438289484	-0.035619052965	0.0292499534314	-0.0168861685898	-0.0351172787352	-0.0382859202586	0.0260783122446	0.018924117424	-0.0572652239436	0.036963042625	0.00415244618672	-0.0380909836192	0.0299524308344	0.0380880938672	-0.007198170522	-0.0190197744331	-0.0367376045811	-0.0507218994762	0.0119293185922	-0.0519589480892	0.0206656998368	-0.0234052468689	-0.0163059978675	0.0316736146161	-0.000827169095906	0.0168741886256	-0.0608683923308	-0.0152840388531	-0.0219834628685	0.00177562859873	0.0403692170618	-0.00881632573883	0.00824947294983	-0.0321250535574	0.0414914243331
k__Bacteria;p__Firmicutes;c__Clostridia;o__Clostridiales;f__Oscillospiraceae;g__Oscillibacter;s__Oscillibacter_sp._KLE_1745	-0.0336745125458	-0.00824624873063	-0.0107391414283	0.0201602497647	-0.0727175463679	-0.0398800625489	-0.0168873082079	0.0465614712087	-0.0024166836494	-0.0145700209415	-0.0320526479222	0.0190174151262	0.0109714275802	0.022005739398	-0.00494390436237	0.0417912640071	-0.0395449402194	0.0617261395249	-0.0507471609588	-0.0151191301385	0.0399811889065	-0.00558251921021	-0.0350573182441	-0.0141438289484	1.0	-0.0056470710549	-0.0975080249021	-0.0223388957395	-0.00121483105357	-0.0133416204021	0.037656109416	0.00647993427263	-0.0129616573271	-0.0108521750214	-0.017615569639	0.0021186738282	0.0338205307845	-0.0501450922045	0.0127702434088	-0.0101665746305	-0.0029576077726	-0.039330685889	-0.00635798947736	0.0291000087826	-0.0460724888265	0.0267511187765	0.00896208079232	0.00436884930337	-0.0242249400141	-0.070213646816	-0.0100131842482	-0.0138751913499	0.0449634765127	0.0125732864096	-0.00098400719645	0.0195583097375	0.000359736004696	-0.00229827479777	-0.0431228258654
k__Bacteria;p__Bacteroidetes;c__Bacteroidia;o__Bacteroidales;f__Bacteroidaceae;g__Bacteroides;s__Bacteroides_coprophilus	-0.00497984190568	-0.0031954945825	-0.033262755373	-0.000952862113694	-0.00757790435749	-0.013570453339	-0.0019372370555	-0.0293246300259	0.0429265428007	0.0338546822119	0.0388861756816	-0.012666449421	-0.0646808960071	-0.0622179669349	-0.0204330122088	-0.0643883505047	0.0124285993969	-0.0246819552639	0.00504440615796	0.00238424352102	0.0109322776458	-0.0321970847756	-0.0359656877256	-0.035619052965	-0.0056470710549	1.0	-0.0226011532662	-0.023232766328	-0.00288979013107	0.0271225623396	0.0280510983236	-0.0235218886729	-0.00605432900665	-0.0781093926944	0.0100837361722	0.00958233204881	-0.0568927210262	-0.0410787123803	-0.0166630103371	0.0420089694699	0.0332119420507	0.0933783408582	-0.0368792679202	0.038882652129	-0.0138941845159	-0.0456627591022	-0.0328180321751	0.00438954852055	-0.0133902741701	-0.0708009471291	0.00917447874732	0.0122977143057	0.0270878943997	0.0676218916675	-0.0204753427947	-0.063320066296	-0.0309364631852	-0.0393523838883	-0.0971562724223
k__Bacteria;p__Firmicutes;c__Clostridia;o__Clostridiales;f__Lachnospiraceae;g__Roseburia;s__Roseburia_intestinalis	-0.0109646388207	-0.00168777813299	-0.0238101573794	-0.00282170626674	0.0114766563712	-0.0162139585097	-0.0391400738476	0.0111244251908	0.00748855565076	-0.103725794535	0.00667362301418	0.0306986588346	-0.0296754036634	0.0248512257337	-0.0561940084197	-0.0326828466979	0.0229644331098	-0.0754103144661	-0.049796372081	0.0361161664272	-0.00501590612154	0.0297688602914	-0.0304512248902	0.0292499534314	-0.0975080249021	-0.0226011532662	1.0	0.0302521063945	-0.010134719805	0.0137204531677	0.0208318072201	-0.0334761038451	0.0231686287459	0.00411541093697	-0.00839241140469	-0.0287918354153	-0.0284220994524	0.0496679428889	-0.0958841237295	0.0488404433603	-0.0629037885384	-0.048500344344	-0.0485266697122	-0.0581675011582	0.010437186593	0.0261158614536	0.00617595796235	-0.00424008241014	-0.0353247108356	0.0651422860522	-0.0353681247128	0.0774222648069	-0.0211143417705	0.0114058571851	-0.0109028124303	0.0490654006996	0.0784904169754	-0.00148810968288	-0.0104471210335
k__Bacteria;p__Firmicutes;c__Clostridia;o__Clostridiales;f__Lachnospiraceae;g__Roseburia;s__Roseburia_hominis	0.00744199407224	-0.0313387005537	-0.0231456322993	-0.00282450922129	-0.0634986681264	-0.0138518473147	0.0372122275168	0.001175066462	0.0316540024423	-0.0686563421891	0.0100144107149	-0.0195527308083	0.0143892565623	-0.0958570876628	0.0272827793054	-0.0371615685694	-0.045828760554	0.0447402653063	0.0115009533826	0.0308650404219	0.0416082437853	-0.0399574906486	-0.0190044231823	-0.0168861685898	-0.0223388957395	-0.023232766328	0.0302521063945	1.0	-0.0106299097317	0.0796367126396	-0.0560267817632	0.0725158012375	0.0372671292121	-0.0504669419284	0.0166285517049	0.00904108471169	-0.0357284473033	0.0753949318782	0.0697837495414	-0.00767092335289	-0.00162627401085	-0.0105780459768	-0.0255065326357	-0.0172170876593	-0.0552272764119	-0.0264499987051	-0.00936502705987	-0.0149652668654	-0.0231036917332	-0.00790596439119	-0.00822344761546	0.0266420488933	-0.0338495237136	-0.0497304987234	0.0380247351091	0.0370727834849	-0.00429771926231	-0.0339281869696	-0.0536788932081
k__Bacteria;p__Bacteroidetes;c__Bacteroidia;o__Bacteroidales;f__Porphyromonadaceae;g__Parabacteroides;s__Parabacteroides_johnsonii	0.00793089826551	-0.0424688226648	-0.0507701135319	-0.0774291068153	-0.0109494588091	-0.00796805878977	-0.00208651913279	-0.00198096541892	-0.0528805302502	-0.0293280695092	0.0377439939955	0.00928119273853	-0.0220594893602	0.00156826282513	-0.0669581825225	-0.00721152861505	0.00635739901443	0.0525331812403	0.00871574345685	-0.074043045411	0.0316050265444	-0.0373638981094	-0.0374133271622	-0.0351172787352	-0.00121483105357	-0.00288979013107	-0.010134719805	-0.0106299097317	1.0	-0.0146781847886	0.0273659804717	0.032332885119	-0.03198381013	-0.0453937494053	0.00404271828255	0.00725578762975	0.00200274914565	-0.0673134471907	0.0164754579571	-0.00906410453198	0.00122693296852	0.0141451721414	0.016829116307	-0.0128241383069	0.0133757437325	-0.0206148973623	-0.0258074509567	0.0561205618824	0.00520572522624	-0.0713443758104	-0.0200618058918	0.0214419914001	0.0160898352889	0.0145412523522	-0.0621803901531	-0.057976091771	0.0320742205336	0.0204405153366	0.0204630369308
k__Bacteria;p__Actinobacteria;c__Actinobacteria;o__Bifidobacteriales;f__Bifidobacteriaceae;g__Bifidobacterium;s__Bifidobacterium_longum	-0.0430350178216	0.035570472399	0.0464970479212	-0.0156272688383	-0.0139051002469	0.0196341900695	-0.0401780470409	-0.033267206557	0.0142251152299	0.0351808586977	0.00202282889953	-0.029386329997	-0.0478099781147	-0.0589061683305	-0.0093334653856	-0.0465521757599	-0.0645047823704	-0.0178184887214	0.00687606061417	-0.0326560757889	-0.00230503005559	-0.0707653633195	0.0964438508651	-0.0382859202586	-0.0133416204021	0.0271225623396	0.0137204531677	0.0796367126396	-0.0146781847886	1.0	-0.0432775146368	0.00493821969707	0.0468078327383	0.0590394686947	0.000857861201422	-0.0380918923533	-0.0548097844271	0.0258217100414	-0.0194767733027	-0.0395358935467	0.0739724262897	-0.0223135496306	-0.0651961578125	0.0148712617546	0.0017639231791	-0.0367357903341	0.054083402075	0.0597502807783	-0.0461281718422	0.0801361963443	-0.0198119747249	0.0523223506775	-0.0659544165026	-0.0395214195413	-0.0407215719657	-4.20138081424e-05	-0.0108323226002	-0.11798012652	-0.0513881668981
