#taxonomy	k__Bacteria;p__Bacteroidetes;c__Bacteroidia;o__Bacteroidales;f__Bacteroidaceae;g__Bacteroides;s__Bacteroides_vulgatus	k__Bacteria;p__Bacteroidetes;c__Bacteroidia;o__Bacteroidales;f__Bacteroidaceae;g__Bacteroides;s__Bacteroides_uniformis	k__Bacteria;p__Bacteroidetes;c__Bacteroidia;o__Bacteroidales;f__Rikenellaceae;g__Alistipes;s__Alistipes_putredinis	k__Bacteria;p__Bacteroidetes;c__Bacteroidia;o__Bacteroidales;f__Prevotellaceae;g__Prevotella;s__Prevotella_copri	k__Bacteria;p__Bacteroidetes;c__Bacteroidia;o__Bacteroidales;f__Bacteroidaceae;g__Bacteroides;s__Bacteroides_stercoris	k__Bacteria;p__Bacteroidetes;c__Bacteroidia;o__Bacteroidales;f__Bacteroidaceae;g__Bacteroides;s__Bacteroides_ovatus	k__Bacteria;p__Bacteroidetes;c__Bacteroidia;o__Bacteroidales;f__Rikenellaceae;g__Alistipes;s__Alistipes_shahii	k__Bacteria;p__Firmicutes;c__Clostridia;o__Clostridiales;f__Ruminococcaceae;g__Faecalibacterium;s__Faecalibacterium_prausnitzii	k__Bacteria;p__Bacteroidetes;c__Bacteroidia;o__Bacteroidales;f__Rikenellaceae;g__Alistipes;s__Alistipes_finegoldii	k__Bacteria;p__Bacteroidetes;c__Bacteroidia;o__Bacteroidales;f__Porphyromonadaceae;g__Parabacteroides;s__Parabacteroides_distasonis	k__Bacteria;p__Bacteroidetes;c__Bacteroidia;o__Bacteroidales;f__Bacteroidaceae;g__Bacteroides;s__Bacteroides_thetaiotaomicron	k__Bacteria;p__Bacteroidetes;c__Bacteroidia;o__Bacteroidales;f__Bacteroidaceae;g__Bacteroides;s__Bacteroides_coprocola	k__Bacteria;p__Bacteroidetes;c__Bacteroidia;o__Bacteroidales;f__Bacteroidaceae;g__Bacteroides;s__Bacteroides_cellulosilyticus	k__Bacteria;p__Bacteroidetes;c__Bacteroidia;o__Bacteroidales;f__Rikenellaceae;g__Alistipes;s__Alistipes_obesi	k__Bacteria;p__Firmicutes;c__Clostridia;o__Clostridiales;f__Lachnospiraceae;g__;s__[Eubacterium]_rectale	k__Bacteria;p__Bacteroidetes;c__Bacteroidia;o__Bacteroidales;f__Bacteroidaceae;g__Bacteroides;s__Bacteroides_plebeius	k__Bacteria;p__Bacteroidetes;c__Bacteroidia;o__Bacteroidales;f__Bacteroidaceae;g__Bacteroides;s__Bacteroides_fragilis	k__Bacteria;p__Proteobacteria;c__Betaproteobacteria;o__Burkholderiales;f__Sutterellaceae;g__Sutterella;s__Sutterella_wadsworthensis	k__Bacteria;p__Bacteroidetes;c__Bacteroidia;o__Bacteroidales;f__Porphyromonadaceae;g__Barnesiella;s__Barnesiella_intestinihominis	k__Bacteria;p__Bacteroidetes;c__Bacteroidia;o__Bacteroidales;f__Odoribacteraceae;g__Odoribacter;s__Odoribacter_splanchnicus	k__Bacteria;p__Bacteroidetes;c__Bacteroidia;o__Bacteroidales;f__Bacteroidaceae;g__Bacteroides;s__Bacteroides_salyersiae	k__Bacteria;p__Firmicutes;c__Clostridia;o__Clostridiales;f__Ruminococcaceae;g__Ruminiclostridium;s__[Eubacterium]_siraeum	k__Bacteria;p__Proteobacteria;c__Betaproteobacteria;o__Burkholderiales;f__Sutterellaceae;g__Parasutterella;s__Parasutterella_excrementihominis	k__Bacteria;p__Actinobacteria;c__Actinobacteria;o__Bifidobacteriales;f__Bifidobacteriaceae;g__Bifidobacterium;s__Bifidobacterium_adolescentis	k__Bacteria;p__Firmicutes;c__Clostridia;o__Clostridiales;f__Oscillospiraceae;g__Oscillibacter;s__Oscillibacter_sp._KLE_1745	k__Bacteria;p__Bacteroidetes;c__Bacteroidia;o__Bacteroidales;f__Bacteroidaceae;g__Bacteroides;s__Bacteroides_coprophilus	k__Bacteria;p__Firmicutes;c__Clostridia;o__Clostridiales;f__Lachnospiraceae;g__Roseburia;s__Roseburia_intestinalis	k__Bacteria;p__Firmicutes;c__Clostridia;o__Clostridiales;f__Lachnospiraceae;g__Roseburia;s__Roseburia_hominis	k__Bacteria;p__Bacteroidetes;c__Bacteroidia;o__Bacteroidales;f__Porphyromonadaceae;g__Parabacteroides;s__Parabacteroides_johnsonii	k__Bacteria;p__Actinobacteria;c__Actinobacteria;o__Bifidobacteriales;f__Bifidobacteriaceae;g__Bifidobacterium;s__Bifidobacterium_longum	k__Bacteria;p__Firmicutes;c__Clostridia;o__Clostridiales;f__;g__Flavonifractor;s__Flavonifractor_plautii	k__Bacteria;p__Firmicutes;c__Clostridia;o__Clostridiales;f__Clostridiaceae;g__Clostridium;s__Clostridium_phoceensis	k__Bacteria;p__Verrucomicrobia;c__Verrucomicrobiae;o__Verrucomicrobiales;f__Akkermansiaceae;g__Akkermansia;s__Akkermansia_muciniphila	k__Bacteria;p__Bacteroidetes;c__Bacteroidia;o__Bacteroidales;f__Prevotellaceae;g__Paraprevotella;s__Paraprevotella_xylaniphila	k__Bacteria;p__Firmicutes;c__Clostridia;o__Clostridiales;f__Ruminococcaceae;g__Ruminococcus;s__Ruminococcus_callidus	k__Bacteria;p__Bacteroidetes;c__Bacteroidia;o__Bacteroidales;f__Rikenellaceae;g__Alistipes;s__Alistipes_senegalensis	k__Bacteria;p__Firmicutes;c__Clostridia;o__Clostridiales;f__Lachnospiraceae;g__Blautia;s__Blautia_sp._KLE_1732	k__Bacteria;p__Bacteroidetes;c__Bacteroidia;o__Bacteroidales;f__Bacteroidaceae;g__Bacteroides;s__Bacteroides_oleiciplenus	k__Bacteria;p__Firmicutes;c__Clostridia;o__Clostridiales;f__Ruminococcaceae;g__Ruminococcus;s__Ruminococcus_bicirculans	k__Bacteria;p__Bacteroidetes;c__Bacteroidia;o__Bacteroidales;f__Bacteroidaceae;g__Bacteroides;s__Bacteroides_fluxus	k__Bacteria;p__Bacteroidetes;c__Bacteroidia;o__Bacteroidales;f__Prevotellaceae;g__Prevotella;s__Prevotella_stercorea	k__Bacteria;p__Firmicutes;c__Clostridia;o__Clostridiales;f__Lachnospiraceae;g__Dorea;s__Dorea_longicatena	k__Bacteria;p__Firmicutes;c__Clostridia;o__Clostridiales;f__Eubacteriaceae;g__Eubacterium;s__[Eubacterium]_eligens	k__Bacteria;p__Firmicutes;c__Clostridia;o__Clostridiales;f__Ruminococcaceae;g__;s__Ruminococcaceae_bacterium_D16	k__Bacteria;p__Firmicutes;c__Clostridia;o__Clostridiales;f__Lachnospiraceae;g__Coprococcus;s__Coprococcus_comes	k__Bacteria;p__Proteobacteria;c__Gammaproteobacteria;o__Enterobacterales;f__Enterobacteriaceae;g__Escherichia;s__Escherichia_coli	k__Bacteria;p__Firmicutes;c__Clostridia;o__Clostridiales;f__Ruminococcaceae;g__Anaerotruncus;s__Anaerotruncus_colihominis	k__Bacteria;p__Firmicutes;c__Clostridia;o__Clostridiales;f__Lachnospiraceae;g__Blautia;s__Blautia_obeum	k__Bacteria;p__Bacteroidetes;c__Bacteroidia;o__Bacteroidales;f__Odoribacteraceae;g__Odoribacter;s__Odoribacter_laneus	k__Bacteria;p__Firmicutes;c__Clostridia;o__Clostridiales;f__Ruminococcaceae;g__Ruminiclostridium;s__[Clostridium]_leptum	k__Bacteria;p__Bacteroidetes;c__Bacteroidia;o__Bacteroidales;f__Porphyromonadaceae;g__Parabacteroides;s__Parabacteroides_goldsteinii	k__Bacteria;p__Firmicutes;c__Clostridia;o__Clostridiales;f__Lachnospiraceae;g__Anaerostipes;s__Anaerostipes_hadrus	k__Bacteria;p__Firmicutes;c__Clostridia;o__Clostridiales;f__Ruminococcaceae;g__Ruminococcus;s__Ruminococcus_lactaris	k__Bacteria;p__Firmicutes;c__Clostridia;o__Clostridiales;f__Clostridiaceae;g__Clostridium;s__Clostridium_sp._L2-50	k__Bacteria;p__Firmicutes;c__Clostridia;o__Clostridiales;f__Clostridiaceae;g__Clostridium;s__Clostridium_sp._M62/1	k__Bacteria;p__Firmicutes;c__Clostridia;o__Clostridiales;f__;g__Intestinimonas;s__Intestinimonas_butyriciproducens	k__Bacteria;p__Actinobacteria;c__Actinobacteria;o__Bifidobacteriales;f__Bifidobacteriaceae;g__Bifidobacterium;s__Bifidobacterium_bifidum	k__Bacteria;p__Firmicutes;c__Negativicutes;o__Veillonellales;f__Veillonellaceae;g__Dialister;s__Dialister_invisus	k__Bacteria;p__Bacteroidetes;c__Bacteroidia;o__Bacteroidales;f__Bacteroidaceae;g__Bacteroides;s__Bacteroides_salanitronis
k__Bacteria;p__Bacteroidetes;c__Bacteroidia;o__Bacteroidales;f__Bacteroidaceae;g__Bacteroides;s__Bacteroides_vulgatus	1.0	0.00506435019493	-0.00963289310772	0.0331358549668	-0.00245080625391	-0.0130856048298	-0.00523197475347	-0.00370938448632	-0.0488813923816	-0.0666464929547	-0.041405480929	0.0340289746848	-0.00212594430041	-0.0141278559944	0.0292561625216	0.00503142984123	-0.0189087559893	0.00898374054521	0.0387494468318	-0.0252481763675	0.0192376353938	0.0349549730992	-0.0589467594925	-0.0395222530001	-0.000672130313413	-0.00962975474704	0.085617358596	0.0237697663515	0.0129917885822	0.0120773946067	-0.0120201163048	-0.03275367372	-0.0492363798543	0.0181664293196	0.0273124316298	-0.0173191613317	-0.00991112206543	0.000776366119437	-0.0212200256627	-0.0686982342245	-0.0103978706245	-0.0625104888966	0.0265285746095	0.0120358948639	-0.003725249059	0.00461171151582	-0.0473106248238	0.0256046072512	-0.0238117683854	0.0114732048475	0.00690517701242	0.0166767456341	0.0468775055508	-0.0575093046274	-0.0567213915416	-0.0407281359766	0.0702042361335	-0.00684363989672	-0.0104566201832
k__Bacteria;p__Bacteroidetes;c__Bacteroidia;o__Bacteroidales;f__Bacteroidaceae;g__Bacteroides;s__Bacteroides_uniformis	0.00506435019493	1.0	0.0104679333527	-0.0278885741734	0.0378013960016	-0.0160524291439	-0.0578942880969	-0.0500379945484	-0.0521238903761	0.036420504127	0.011766733908	-0.00887587732406	-0.0362074417472	-0.0176757048348	-0.0569487058045	0.0427865034307	-0.0266618234453	-0.032964795659	-0.00888418096388	0.055367086445	-0.0244508968224	0.00649743618855	-0.0146042584595	0.0530182383207	-0.0343682242435	0.0602162293658	-0.0391178479436	-0.0599009373648	-0.0318981308162	-0.00680167785047	0.0429979492598	-0.00415352075389	0.0402558969082	-0.0196745241122	-0.0470865764481	-0.12162324517	0.0119924293402	0.0320415415474	0.0186284182247	-0.0749642669183	-0.0159970081687	0.0421060458636	0.0239791430565	-0.0318306218547	-0.00518716298076	-0.0285704366801	0.00300931540919	-0.00223939248393	-0.0132004663336	-0.0410210873544	0.00162355093216	-0.00183512910729	0.0508562844954	-0.032065985583	0.0323917990573	0.077611874183	0.00429469318154	-0.0665156379824	-0.0619942738522
k__Bacteria;p__Bacteroidetes;c__Bacteroidia;o__Bacteroidales;f__Rikenellaceae;g__Alistipes;s__Alistipes_putredinis	-0.00963289310772	0.0104679333527	1.0	0.049353751775	-0.0632288556521	-0.00107193979749	0.0736243174705	0.0428373306679	0.0496111116808	-0.0294637699127	-0.0226575952114	-0.0329110787611	-0.0300932238744	0.00139956048823	0.0174666626245	-0.0650788446398	-0.0323437628291	0.00855997709067	-0.0117537494966	0.00694315430222	-0.0312016147475	0.00725626560395	-0.0347112402303	-0.0226057255525	-0.0638610637816	-0.0304619318747	-0.00337512503438	-0.0379834839106	-0.00732715468148	-0.0462925912823	0.0507995075673	-0.021116925499	-0.00387295611251	-0.104027680393	-0.0103873345016	0.0123396550649	0.0154488234164	-0.0476015248315	0.017165257713	0.0572411013837	-0.0265251728025	0.0300662247636	-0.00553981654928	-0.0186417187158	0.013235595851	-0.0743853384834	-0.0288229506508	-0.0208220402135	0.0404500868974	0.0607187502607	0.0389693719216	0.00180451632239	-0.0148343230841	0.0213564086982	0.0195973881529	-0.0381510730877	0.0139501690077	-0.00279773036679	-0.00682607666019
k__Bacteria;p__Bacteroidetes;c__Bacteroidia;o__Bacteroidales;f__Prevotellaceae;g__Prevotella;s__Prevotella_copri	0.0331358549668	-0.0278885741734	0.049353751775	1.0	-0.015093459535	0.0497403117615	-0.0215797137542	0.00617936053399	-0.00090096366719	-0.00517044647447	0.00548195809768	0.0545802516462	0.001983452852	-0.00996927841438	0.0160622020918	-0.0748497385362	-0.0396968288081	0.0355216787594	0.00320346651072	0.00545844108422	-0.013866833928	0.0303509346799	-0.0194325873969	0.00420240462093	0.00576951393206	-0.0800357947213	-2.18939941484e-05	-0.113098205985	-0.005110351636	0.0836354611453	-0.0217831712859	0.0117701165072	-0.00924217150606	0.014025529669	-0.0342503356524	-0.0372558232848	0.03914782702	0.00892110354184	-0.0195100853663	0.0193078588285	0.0355159585828	0.00744244818347	-0.0297783154022	-0.0602612367307	-0.0304462494875	-0.0793264890695	-0.0196850564804	-0.0172193328124	-0.0207654481279	-0.0272142175282	-0.0198676224958	-0.0235673475353	-0.015250006363	-0.00786803408966	-0.0380047499595	-0.034445150316	0.0133720838091	-0.0139204563067	0.0328750004433
k__Bacteria;p__Bacteroidetes;c__Bacteroidia;o__Bacteroidales;f__Bacteroidaceae;g__Bacteroides;s__Bacteroides_stercoris	-0.00245080625391	0.0378013960016	-0.0632288556521	-0.015093459535	1.0	-0.0242573583429	-0.0175250891711	-0.00529474682496	0.0560857892708	-0.0193047192397	0.0107100768758	-0.0315387092918	-0.00550953614184	-0.0335683925368	0.0515035230695	-0.0370805088876	0.0112483478496	-0.0314359149545	0.000576677521469	-0.0268802947301	0.0119739429402	-0.0321157466606	0.0372448721267	-0.0334790601878	-0.0353869445606	-0.0323929152646	-0.0428005675589	0.0145055518902	-0.028850295717	0.0480852942182	-0.0146781808637	-0.0386222522305	-0.0206728224388	0.0279833537843	0.0270397719118	-0.0789872461867	-0.0616604877384	-0.0434075386014	-0.0110246433298	-0.0895517316133	0.00135744729352	-0.00564660419747	-0.0374833284682	0.00584738666977	-0.0267132052436	0.000673251102863	-0.0034241579805	-0.0393167020655	-0.0178883952972	0.0555777771287	-0.00897890664798	-0.0226267683436	0.0291279337064	0.0331900740065	0.000650962650725	0.0414385804615	-0.0102369482859	-0.0488471649299	-0.0536707771666
k__Bacteria;p__Bacteroidetes;c__Bacteroidia;o__Bacteroidales;f__Bacteroidaceae;g__Bacteroides;s__Bacteroides_ovatus	-0.0130856048298	-0.0160524291439	-0.00107193979749	0.0497403117615	-0.0242573583429	1.0	-0.0523983045189	0.0295799327889	0.00414923047632	-0.0154977417574	-0.00563148491412	-0.0423763308336	0.0209750721292	-0.0376788299304	0.0579929213171	-0.0624771958945	-0.0595646502779	0.00513355837166	0.0169809594517	-0.0517996416419	0.0323259918625	0.026504243889	0.0259705377281	0.0259778796471	0.0138478353833	-0.0623044971292	0.00378201348007	0.0410171798934	-0.0565872255739	-0.0145204512259	-0.0235503314939	0.0231126584352	-0.0205028843117	-0.0335548639108	-0.0590353138756	-0.00254491562057	0.0194494835604	0.0160846964889	0.0640479371291	-0.00291498716055	0.017500710515	0.0212358061119	-0.0422761312023	-0.0340489079399	-0.0058808684675	-0.0246453141175	-0.039196253426	0.0322471850384	0.00228829780903	0.066425605878	-0.00310043711699	-0.0441679619798	-0.00696056328634	-0.00603810531932	-0.00775092868711	0.0235606763331	-0.0313052698446	-0.0189352679164	-0.0115868727157
k__Bacteria;p__Bacteroidetes;c__Bacteroidia;o__Bacteroidales;f__Rikenellaceae;g__Alistipes;s__Alistipes_shahii	-0.00523197475347	-0.0578942880969	0.0736243174705	-0.0215797137542	-0.0175250891711	-0.0523983045189	1.0	0.00595451217239	-0.0271246611244	0.00981035575463	0.0115129555576	0.0134973309766	-0.0272415646602	-0.00287236974269	0.00220434411924	-0.0796874331239	-0.012717320743	0.0664180083229	-0.0332116601297	-0.029183422806	0.0396957948853	-0.0168657942574	0.00946971178478	-0.0218835303024	0.0418845061875	-0.0534988510796	0.0133635486034	-0.0373808636631	-0.0186352201812	-0.0827566613754	-0.0636536380633	0.0098060494959	0.0227440656879	-0.0517965068417	-0.00648817827582	-0.00151677323893	-0.0115296964817	-0.0307098595898	-0.0313174202083	-0.0145633488281	0.0427652601101	-0.054693254308	-0.0307534396777	0.0915233124524	-0.037933674056	0.0243824636861	-0.0847985973883	-0.0680013044919	0.0166873986023	0.071600023801	-0.0270974507704	-0.0111168827764	0.0280142624828	0.0128295777214	0.0364481199882	-0.00506213267243	-0.0271680353549	0.0510677490887	0.0423761516901
k__Bacteria;p__Firmicutes;c__Clostridia;o__Clostridiales;f__Ruminococcaceae;g__Faecalibacterium;s__Faecalibacterium_prausnitzii	-0.00370938448632	-0.0500379945484	0.0428373306679	0.00617936053399	-0.00529474682496	0.0295799327889	0.00595451217239	1.0	0.0570091294974	-0.0879449909936	0.00118817763953	-0.00484815471226	-0.0306859143879	-0.0876886054354	0.0177705656709	0.028104174919	-0.000758467702318	-0.00837740917194	-0.00987141302491	-0.0141638397342	-0.00480851476453	0.00292627071748	0.00683077426483	-0.0203632782095	-0.0383273075053	0.00863819911053	-0.00711183080017	0.0333817066294	0.0011333279477	0.00224803477482	0.0148855298161	0.0543158073867	0.0130825497782	-0.0355284987642	-0.0512557120277	-0.0472733042972	0.00154199634072	-0.0361951941629	-0.0325179584716	0.000407884778315	0.0443397160294	-0.000435731933283	0.00679831315369	-0.0149642770708	-0.0409673630205	0.0459425521176	0.033944398649	0.00224280649723	-0.00432016319105	0.0485176625654	-0.0376879522989	0.00931416556987	-0.0282013632298	-0.0981184750245	-0.0304289133112	-0.014271519116	-0.0733133764705	0.0778547532152	-0.0531200995642
k__Bacteria;p__Bacteroidetes;c__Bacteroidia;o__Bacteroidales;f__Rikenellaceae;g__Alistipes;s__Alistipes_finegoldii	-0.0488813923816	-0.0521238903761	0.0496111116808	-0.00090096366719	0.0560857892708	0.00414923047632	-0.0271246611244	0.0570091294974	1.0	0.023009802435	0.00863653856613	-0.00947715126896	0.0152590668311	0.022789059602	-0.0312464530644	-0.00814929788781	0.0384517227559	-0.00932349240287	0.000683509556057	0.00621626859696	0.0219852216251	0.0266258797945	-0.00930168802599	-0.0131312324351	-0.0855376253688	-0.000137805121395	0.0311539302657	0.0247217877438	-0.0695679001516	-0.0426632669206	0.0382447054943	-0.0266424343742	-0.0711737476387	0.00347508780599	-0.0434530831565	0.0258170537883	0.00594084932436	-0.0167606043876	-0.0628900253482	0.0371698864764	-0.0034693433607	-0.0149680513739	-0.0243118605989	0.0469641864473	0.00910309749874	-0.00933988411559	-0.0101931120274	0.0206073916492	0.00510626222402	0.0221303724434	-0.0182598485469	-0.00821203714621	-0.0255819747386	-0.0212780179316	0.0064576017641	-0.0221674290276	-0.0368851895986	-0.0174064769555	-0.0465373095028
k__Bacteria;p__Bacteroidetes;c__Bacteroidia;o__Bacteroidales;f__Porphyromonadaceae;g__Parabacteroides;s__Parabacteroides_distasonis	-0.0666464929547	0.036420504127	-0.0294637699127	-0.00517044647447	-0.0193047192397	-0.0154977417574	0.00981035575463	-0.0879449909936	0.023009802435	1.0	-0.0186395503282	0.0299878299322	0.00905385268754	0.047510864303	-0.0178034608315	-0.0924643989392	0.0292985849559	-0.0158537844083	-0.0113788985778	-0.0141937267196	0.0494574194952	-0.0244456070371	0.00909590033229	-0.00722118865765	-0.00706145147716	-0.0118825012915	-0.112773135882	-0.0291365422562	-0.00647185087066	-0.0367298938368	-0.0209110916082	0.0209732211087	0.0390444925752	-0.041436917853	-0.0429174001951	-0.0336928552868	0.0188061455046	-0.00738629513273	-0.0237377087614	-0.0128914574265	-0.00701112496761	0.0440633620034	0.0257404592273	0.00162767311476	0.0318495478808	-0.00217315892325	0.00777759253797	-0.0255251147808	-0.0245611708897	-0.0586189576351	-0.0524160484775	-0.0218380379336	-0.0480903886917	0.0312240019868	-0.0429840056068	-0.00114781933383	-0.00419922199139	-0.0452043692276	0.0886901882511
k__Bacteria;p__Bacteroidetes;c__Bacteroidia;o__Bacteroidales;f__Bacteroidaceae;g__Bacteroides;s__Bacteroides_thetaiotaomicron	-0.041405480929	0.011766733908	-0.0226575952114	0.00548195809768	0.0107100768758	-0.00563148491412	0.0115129555576	0.00118817763953	0.00863653856613	-0.0186395503282	1.0	-0.0161371291841	0.034512859554	-0.038007357897	-0.00057177088332	-0.0568500609751	0.013252049581	-0.0371198513213	0.0283814741462	-0.0119636690743	-0.0166530611535	0.0555933186877	-0.00135036219171	-0.0351346675925	-0.0203443149652	0.00239130311822	0.0344528996533	-0.0533351400135	-0.00603049464457	0.00203243502247	0.0155247813583	-0.00903772315138	0.0264161642415	-0.0553922466126	-0.000977053755448	-0.0257838771096	-0.0425242166122	-0.00868402652052	-0.0452827663063	0.0251161966559	0.0142591462635	0.0611278515816	0.00323211942591	-0.00256589968072	-0.0724305037644	-0.0491355776312	-0.0102585189957	0.0188979204934	-0.00478707112436	0.00691367719832	0.0393011601344	-0.0325003528879	-0.0464219273381	0.000233324996997	-0.019379617863	0.00487479059019	-0.0348082485515	-0.0678378122261	0.000849233920123
k__Bacteria;p__Bacteroidetes;c__Bacteroidia;o__Bacteroidales;f__Bacteroidaceae;g__Bacteroides;s__Bacteroides_coprocola	0.0340289746848	-0.00887587732406	-0.0329110787611	0.0545802516462	-0.0315387092918	-0.0423763308336	0.0134973309766	-0.00484815471226	-0.00947715126896	0.0299878299322	-0.0161371291841	1.0	-0.0247146556778	-0.0715670410931	-0.00115384107406	-0.0183105391231	-0.0110319628144	0.0347792204462	-0.0242385768055	0.0401629956765	0.066545439299	-0.0623690720456	-0.028014799551	-0.0255732800974	0.0171349862717	-0.0520249032885	0.0314812376449	0.0546781872638	-0.0294881055518	-0.00911141711236	0.0670262909368	0.00814773208687	0.0282317502895	-0.0513055695807	0.0349751232721	-0.0667676416652	-0.0742410052313	-0.0322922609455	-0.0149362770616	0.00294632942361	-0.0436807353103	-0.0435379262207	-0.0417698879919	-0.00138900856274	0.000487480984084	0.00964481740442	0.000389474261479	-0.0110357643539	0.0189010625789	-0.0498057847679	-0.0111764198725	0.00549403997087	-0.0270343005458	-0.00786786427665	-0.0113773589792	0.0330840512231	-0.00389603843283	-0.0107201647837	0.00977767706119
k__Bacteria;p__Bacteroidetes;c__Bacteroidia;o__Bacteroidales;f__Bacteroidaceae;g__Bacteroides;s__Bacteroides_cellulosilyticus	-0.00212594430041	-0.0362074417472	-0.0300932238744	0.001983452852	-0.00550953614184	0.0209750721292	-0.0272415646602	-0.0306859143879	0.0152590668311	0.00905385268754	0.034512859554	-0.0247146556778	1.0	-0.0765056340203	0.0409424673284	7.77104144427e-05	-0.0538057810855	-0.0172832718394	-0.0241736196077	0.002052612547	-0.00113382687238	-0.0221978021656	0.0114865198723	0.0292866837894	-0.0488550983101	0.0351292019084	0.0542189168494	-0.00777601133348	0.062822877342	-0.07288829886	-0.0329844105861	0.0194962212183	0.0355798268891	0.00630091702093	0.00419795036388	-0.0266318133505	-0.00863846233733	0.0151534626059	0.0102871474255	0.0074949330506	-0.0208788956949	-0.0136960454222	-0.00488450435505	0.0407360353978	-0.00527193675913	-0.0155258982111	0.0227924655446	-0.000835323186184	-0.0663782380604	0.0079538033511	-0.0109704491832	-0.0196304946366	-0.00937376439756	-0.00355767723916	-0.0353681309714	0.045832202396	-0.0706437647594	0.0421334624929	-0.0523502952325
k__Bacteria;p__Bacteroidetes;c__Bacteroidia;o__Bacteroidales;f__Rikenellaceae;g__Alistipes;s__Alistipes_obesi	-0.0141278559944	-0.0176757048348	0.00139956048823	-0.00996927841438	-0.0335683925368	-0.0376788299304	-0.00287236974269	-0.0876886054354	0.022789059602	0.047510864303	-0.038007357897	-0.0715670410931	-0.0765056340203	1.0	-0.0834170038747	0.00403050529552	0.0564184137636	0.047393076414	0.0342061106244	-0.00712657987006	-0.0508724249566	0.0143164798248	0.00908644678451	0.010497632567	-0.000111892608625	0.00236238139938	-0.0161986654432	-0.0321372450239	0.0468046391613	-0.0256532465819	-0.0080773730449	-0.00628349659773	-0.00927969674639	0.0156066657913	-0.0532770631577	0.0114414833602	-0.0213547557675	0.0173995191018	-0.0639333648	-0.0128168351352	-0.0125012225496	-0.0319974599207	0.0455581496712	-0.0525628086124	-0.0122171480739	0.0185604867478	0.0102624047009	-0.00204811013426	-0.0144946825094	-0.0395045497074	0.0325087640344	-0.0162907313249	0.00187785556058	-0.054890883476	0.0325736632429	-0.0582562695761	-0.0298541041769	-0.0320657235916	0.0499994660182
k__Bacteria;p__Firmicutes;c__Clostridia;o__Clostridiales;f__Lachnospiraceae;g__;s__[Eubacterium]_rectale	0.0292561625216	-0.0569487058045	0.0174666626245	0.0160622020918	0.0515035230695	0.0579929213171	0.00220434411924	0.0177705656709	-0.0312464530644	-0.0178034608315	-0.00057177088332	-0.00115384107406	0.0409424673284	-0.0834170038747	1.0	0.0205266547566	0.0366184417337	-0.000498301972197	-0.0281787870152	-0.052119715226	-0.0506059327863	0.0279276429283	-0.0053263590708	-0.00272017017145	0.0164330099753	-0.036886723162	0.015571562558	-0.0400190446624	0.0381122483513	-0.0467316467494	-0.0150533812235	-0.0703826863106	-0.015528407534	-0.0460413319523	-0.0252946760516	-0.00439625138096	-0.0167553727205	0.00771761343595	0.00445055341751	-0.0601360152019	-0.0595805371358	0.000744158622169	0.0571886859	-0.00397442501526	-0.0778381023814	0.0200958305041	0.00778153711472	0.0403502030571	0.0210314480547	-0.0450808632599	0.0266933540541	0.0359041028151	-0.0165834685089	0.00397663693103	-0.00807069856884	0.0244603065084	-0.0060471997701	-0.0671532441402	-0.0501757529634
k__Bacteria;p__Bacteroidetes;c__Bacteroidia;o__Bacteroidales;f__Bacteroidaceae;g__Bacteroides;s__Bacteroides_plebeius	0.00503142984123	0.0427865034307	-0.0650788446398	-0.0748497385362	-0.0370805088876	-0.0624771958945	-0.0796874331239	0.028104174919	-0.00814929788781	-0.0924643989392	-0.0568500609751	-0.0183105391231	7.77104144428e-05	0.00403050529552	0.0205266547566	1.0	0.0176847051929	0.0509054795768	0.00634514762083	-0.00901376646811	-0.040970800514	0.0283848274059	-0.0602450227575	0.0501447816823	-0.0498551195943	-0.0502149356782	-0.0116310774454	0.0587124315295	0.0452357927544	0.026740394557	-0.0155817589671	-0.0240368554468	0.0270734102197	0.0630087583882	0.018280829495	0.000992047872091	0.0667305804822	0.0244143665964	-0.0407714148628	-0.0323678033774	-0.00538446296244	0.048155903353	0.0785774412265	0.0530731110473	-0.0355196519198	-0.0174143934287	-0.0411581128712	-0.0320298214772	-0.00511781262981	-0.0194844911911	-0.014436634637	0.0077981736237	0.00719277824514	0.0244744253911	-0.0207314851781	-0.0108815015509	-0.0508903148394	-0.0447512974353	0.0254688353686
k__Bacteria;p__Bacteroidetes;c__Bacteroidia;o__Bacteroidales;f__Bacteroidaceae;g__Bacteroides;s__Bacteroides_fragilis	-0.0189087559893	-0.0266618234453	-0.0323437628291	-0.0396968288081	0.0112483478496	-0.0595646502779	-0.012717320743	-0.000758467702318	0.0384517227559	0.0292985849559	0.013252049581	-0.0110319628144	-0.0538057810855	0.0564184137636	0.0366184417337	0.0176847051929	1.0	0.0473324911826	-0.0211463076691	0.0571953266348	0.0146428556603	-0.087136213114	-0.0586883888501	-0.0168004042547	0.0209555818964	0.0546040120182	-0.0360487625456	-0.0873545394987	0.0162579849056	-0.0489028334136	0.0513112370507	-0.0330871042682	-0.0135772099038	0.0192942492419	0.0119898053317	-0.0760629272783	-0.00871290573417	-0.0157399373018	-0.0350797975964	-0.0376223869713	0.0200584121977	0.0457374271425	0.0337623102376	0.00997693750862	-0.0197392520702	-0.0274338590024	-0.0772935048577	0.0019028824722	-0.0353910061657	-0.0270317245535	-0.0234949418683	-0.0292052061099	3.03754393185e-05	0.00468360705899	-0.0217897579603	-0.00177785315849	-0.021581124062	-0.0281700341177	-0.0288277694066
k__Bacteria;p__Proteobacteria;c__Betaproteobacteria;o__Burkholderiales;f__Sutterellaceae;g__Sutterella;s__Sutterella_wadsworthensis	0.00898374054521	-0.032964795659	0.00855997709067	0.0355216787594	-0.0314359149545	0.00513355837166	0.0664180083229	-0.00837740917194	-0.00932349240287	-0.0158537844083	-0.0371198513213	0.0347792204462	-0.0172832718394	0.047393076414	-0.000498301972196	0.0509054795768	0.0473324911826	1.0	-0.0129893770019	-0.0620575961571	-0.0254721180014	-0.0557504156872	-0.0478996476312	-0.0248000309303	-0.0431285288953	0.0210216154574	-0.0283253248882	-0.0452968585486	0.0423715845123	-0.0837341450979	-0.00377376201611	-0.00655319289839	0.0259999439247	-0.00517544643506	0.0149799141864	-0.0116073722896	-0.0918587359806	-0.0650723940675	0.0553454412251	0.0126097423454	-0.0523063741815	-0.0179271848418	0.0347403893323	0.00936250843551	-0.000998704653638	0.0291829744934	-0.0335916034378	0.0209315115546	-0.0117695824632	0.000123531632359	-0.0312451927065	-0.0886989740429	0.0320668353139	0.00603046557226	-0.00829421492026	-0.0172028584175	-0.00842523401167	-0.0120687978004	-0.0350347603886
k__Bacteria;p__Bacteroidetes;c__Bacteroidia;o__Bacteroidales;f__Porphyromonadaceae;g__Barnesiella;s__Barnesiella_intestinihominis	0.0387494468318	-0.00888418096388	-0.0117537494966	0.00320346651072	0.000576677521469	0.0169809594517	-0.0332116601297	-0.00987141302491	0.000683509556057	-0.0113788985778	0.0283814741462	-0.0242385768055	-0.0241736196077	0.0342061106244	-0.0281787870152	0.00634514762083	-0.0211463076691	-0.0129893770019	1.0	-0.0174883297131	0.0238028100414	0.0434984645243	-0.00844861044438	-0.0295080288274	0.00123536000025	0.0021669121347	-0.0394731424784	-0.0120458723128	-0.0261517689628	-0.0802505351808	-0.0496053389508	0.0719541348374	-0.0791100514451	0.0643476829543	-0.0372497680875	-0.0187853065804	-0.00941087901805	-0.0253990376779	0.0058130755145	-0.059851868449	0.000460242197927	0.041925656044	-0.0336730747732	0.0728105689069	-0.0799362771323	0.0886441852506	-0.0126129066711	-0.0109373246302	-0.00264446033744	-0.0292852571127	0.0291794667251	-0.0203050048121	0.0522344159638	0.0107328901878	-0.0117162646323	-0.0184478621146	-0.0537640067416	-0.0285977870682	0.00395430876222
k__Bacteria;p__Bacteroidetes;c__Bacteroidia;o__Bacteroidales;f__Odoribacteraceae;g__Odoribacter;s__Odoribacter_splanchnicus	-0.0252481763675	0.055367086445	0.00694315430222	0.00545844108422	-0.0268802947301	-0.0517996416419	-0.029183422806	-0.0141638397342	0.00621626859696	-0.0141937267196	-0.0119636690743	0.0401629956765	0.002052612547	-0.00712657987006	-0.052119715226	-0.00901376646811	0.0571953266348	-0.0620575961571	-0.0174883297131	1.0	0.0207659390472	-0.0572923006577	-0.0252434196387	-0.00477343251254	-0.0218970290588	-0.00503718995502	-0.0400444693744	0.0220408366733	-0.0112274520401	0.00445925558461	0.0114587978552	-0.00326913689982	-0.0116084045817	0.0331462126596	-0.0232569338994	-0.0229221165253	0.0183107997122	-0.00667306548595	-0.0498084579341	-0.026479388532	-0.0166583799293	-0.0340221323026	-0.0487252858786	-0.00515700268926	-0.0059310215638	-0.0267519861273	-0.00349158427414	0.0104323572829	0.00527672827464	-0.00906099846926	0.0278320252334	-0.0176766074466	0.0289342975477	0.00699558355784	-0.0464948006134	-0.0445889735431	-0.0202548893905	-0.0096706269112	-0.00876133543809
k__Bacteria;p__Bacteroidetes;c__Bacteroidia;o__Bacteroidales;f__Bacteroidaceae;g__Bacteroides;s__Bacteroides_salyersiae	0.0192376353938	-0.0244508968224	-0.0312016147475	-0.013866833928	0.0119739429402	0.0323259918625	0.0396957948853	-0.00480851476453	0.0219852216251	0.0494574194952	-0.0166530611535	0.066545439299	-0.00113382687238	-0.0508724249566	-0.0506059327863	-0.040970800514	0.0146428556603	-0.0254721180014	0.0238028100414	0.0207659390472	1.0	-0.0816885889958	0.0202128339872	-0.0536667668041	-0.0120156987765	0.0257182461998	0.0280385483811	-0.024660242739	-0.0668409627002	0.0277488104789	-0.0183551531189	-0.054936144273	-0.0075959925418	0.0351820661751	-0.0347980868456	0.014313860074	-0.00116796196919	0.0291975250628	-0.0275135070004	0.0779046758647	0.00963268590352	-0.00877255656817	-0.0241954695107	-0.025722277463	-0.0565074707857	0.00227776521731	0.0491994557455	0.0200006821681	0.0251778731333	0.00888000948488	-0.0485800424305	-0.03764565534	0.0140838791789	-0.0507009450214	0.0272815681662	0.0101568805762	-0.0154829335634	-0.0528890922455	-0.0532493907528
k__Bacteria;p__Firmicutes;c__Clostridia;o__Clostridiales;f__Ruminococcaceae;g__Ruminiclostridium;s__[Eubacterium]_siraeum	0.0349549730992	0.00649743618855	0.00725626560395	0.0303509346799	-0.0321157466606	0.026504243889	-0.0168657942574	0.00292627071748	0.0266258797945	-0.0244456070371	0.0555933186877	-0.0623690720456	-0.0221978021656	0.0143164798248	0.0279276429283	0.0283848274059	-0.087136213114	-0.0557504156872	0.0434984645243	-0.0572923006577	-0.0816885889958	1.0	-0.0419339703997	-0.0115384072086	-0.0210391800381	0.0426764119374	0.0385871358552	-0.0383106566679	-0.00943036238315	0.00102042973963	0.0315280698667	-0.0288120341199	0.0720466381208	-0.0852817686296	-0.0818288053628	0.00886304725061	-0.0130993889244	0.0226079905385	0.00735625789459	-0.0132722560908	0.0125591565045	-0.0113154930585	-0.0584504064704	0.0624726120392	0.0394988109366	-0.0262822261647	0.00626820976499	0.00756264383684	-0.0462765873519	0.0187958135134	-0.0366202392147	-0.0249481416466	-0.0506962957941	-0.056489964699	-0.0187123889929	-0.0172978088178	0.044104378996	-0.0425404608059	0.013155184571
k__Bacteria;p__Proteobacteria;c__Betaproteobacteria;o__Burkholderiales;f__Sutterellaceae;g__Parasutterella;s__Parasutterella_excrementihominis	-0.0589467594925	-0.0146042584595	-0.0347112402303	-0.0194325873969	0.0372448721267	0.0259705377281	0.00946971178478	0.00683077426483	-0.00930168802599	0.00909590033229	-0.00135036219171	-0.028014799551	0.0114865198723	0.00908644678451	-0.0053263590708	-0.0602450227575	-0.0586883888501	-0.0478996476312	-0.00844861044438	-0.0252434196387	0.0202128339872	-0.0419339703997	1.0	-0.0204981977666	-0.00135238964199	-0.00677391494218	-0.0138554274109	-0.00129843531647	-0.000625290395039	0.0335695158947	-0.0319469587647	-0.0760328792203	-0.0873534690679	0.0276883077537	0.00691577573731	0.00143830380261	-0.0215072037244	-0.0700315414203	-0.00170429087913	-0.0289850734501	-0.00711589497125	0.0196252601902	-0.0043739676531	-0.00351529098342	-0.0353792099559	-0.0702507939469	0.000694819274304	-0.00135533251085	0.0422008223955	-0.00564630365465	0.0226804720967	0.0181239794889	0.01272022582	-0.0303402064302	-0.0223022300405	0.00897689045129	-0.0453023357467	-0.000680122040016	-0.00264880946561
k__Bacteria;p__Actinobacteria;c__Actinobacteria;o__Bifidobacteriales;f__Bifidobacteriaceae;g__Bifidobacterium;s__Bifidobacterium_adolescentis	-0.0395222530001	0.0530182383207	-0.0226057255525	0.00420240462093	-0.0334790601878	0.0259778796471	-0.0218835303024	-0.0203632782095	-0.0131312324351	-0.00722118865765	-0.0351346675925	-0.0255732800974	0.0292866837894	0.010497632567	-0.00272017017145	0.0501447816823	-0.0168004042547	-0.0248000309303	-0.0295080288274	-0.00477343251254	-0.0536667668041	-0.0115384072086	-0.0204981977666	1.0	-0.0155788002968	-0.000840479207971	-0.0242134957831	-0.0115405029708	-0.0468033275523	-0.0170666542395	0.00791271592747	0.00965207293929	-0.00711578859502	-0.0247654578314	-0.0302865823908	-0.0134071890167	-0.0135649326525	0.00859843647444	-0.00911181709141	-0.0162457815076	0.0212102423612	-0.0300134632577	0.0486948437079	-0.0156212308955	0.0096750250199	-0.0293299001291	-0.0739388362563	0.0365905758821	0.00381967058051	0.033059179565	-0.0500127458884	0.0602621766716	0.0444127347107	0.024873271991	0.0313175185582	-0.0224753816357	-0.0478996880941	-0.0231945930964	-0.00162004162258
k__Bacteria;p__Firmicutes;c__Clostridia;o__Clostridiales;f__Oscillospiraceae;g__Oscillibacter;s__Oscillibacter_sp._KLE_1745	-0.000672130313413	-0.0343682242435	-0.0638610637816	0.00576951393206	-0.0353869445606	0.0138478353833	0.0418845061875	-0.0383273075053	-0.0855376253688	-0.00706145147716	-0.0203443149652	0.0171349862717	-0.0488550983101	-0.000111892608625	0.0164330099753	-0.0498551195943	0.0209555818964	-0.0431285288953	0.00123536000025	-0.0218970290588	-0.0120156987765	-0.0210391800381	-0.00135238964199	-0.0155788002968	1.0	-0.0381713463923	-0.00520972752118	0.00275688322533	-0.0165594776784	-0.0148464649701	0.078929621493	-0.00897672917491	-0.00711131018716	-0.0425491744127	-0.00819124029437	0.00313257054479	0.00772381585148	0.00859284408188	-0.0430914546381	-0.0386206617325	0.0270470126014	-0.0585552908709	0.00505988783341	-0.00563404478194	-0.0146530093232	-0.00652370888247	-0.0613800932678	-0.0586448740473	-0.0302952507138	-0.0446881482634	-0.0582473597707	-0.0409928086054	0.00682442610163	-0.0612414528398	0.0183560912071	0.00100975541386	0.135192737043	0.0157891686022	0.0140142494237
k__Bacteria;p__Bacteroidetes;c__Bacteroidia;o__Bacteroidales;f__Bacteroidaceae;g__Bacteroides;s__Bacteroides_coprophilus	-0.00962975474704	0.0602162293658	-0.0304619318747	-0.0800357947213	-0.0323929152646	-0.0623044971292	-0.0534988510796	0.00863819911053	-0.000137805121395	-0.0118825012915	0.00239130311822	-0.0520249032885	0.0351292019084	0.00236238139938	-0.036886723162	-0.0502149356782	0.0546040120182	0.0210216154574	0.0021669121347	-0.00503718995502	0.0257182461998	0.0426764119374	-0.00677391494218	-0.000840479207971	-0.0381713463923	1.0	-0.0111694951492	-0.0135086530626	-0.045543272165	-0.020646116947	-0.00247431720845	-0.0757677783201	0.00127722474757	-0.0251624840935	0.0552495906146	0.0354316707877	-0.0208991560781	-0.0288892751928	0.0234675471149	-0.091943262829	0.0219207101146	0.00323642969585	0.00418541405037	0.00902740577355	0.0610200738788	0.0335076321053	-0.0461502060639	-0.0412459067722	-0.0455980147815	-0.00759060978081	-0.0122959179292	0.0259946056774	-0.0177359410027	-0.0287266833595	0.0397976546084	0.0221440993539	-0.0359268088086	-0.0307307710985	0.020107419839
k__Bacteria;p__Firmicutes;c__Clostridia;o__Clostridiales;f__Lachnospiraceae;g__Roseburia;s__Roseburia_intestinalis	0.085617358596	-0.0391178479436	-0.00337512503438	-2.18939941484e-05	-0.0428005675589	0.00378201348007	0.0133635486034	-0.00711183080017	0.0311539302657	-0.112773135882	0.0344528996533	0.0314812376449	0.0542189168494	-0.0161986654432	0.015571562558	-0.0116310774454	-0.0360487625456	-0.0283253248882	-0.0394731424784	-0.0400444693744	0.0280385483811	0.0385871358552	-0.0138554274109	-0.0242134957831	-0.00520972752118	-0.0111694951492	1.0	0.0372507856837	-0.0330969591839	-0.10022868792	-0.032325845391	0.0355798427007	-0.0263148638488	0.0184892742408	0.0354782640855	-0.0466187211215	-0.0485957726894	-0.0362443296747	0.0265505192239	-0.013118502967	0.00861743483123	0.0358595449066	-0.0392198597215	-0.0416496556203	0.018119891891	-0.0160203181238	0.0169788519824	-0.0169171592445	-0.0120112653964	-0.0107167580338	0.0391796239048	0.00923483396671	0.0204288078175	0.0109675389833	-0.0013752918672	-0.002354794191	-0.0373611872333	0.0305246169648	-0.0246679775943
k__Bacteria;p__Firmicutes;c__Clostridia;o__Clostridiales;f__Lachnospiraceae;g__Roseburia;s__Roseburia_hominis	0.0237697663515	-0.0599009373648	-0.0379834839106	-0.113098205985	0.0145055518902	0.0410171798934	-0.0373808636631	0.0333817066294	0.0247217877438	-0.0291365422562	-0.0533351400135	0.0546781872638	-0.00777601133348	-0.0321372450239	-0.0400190446624	0.0587124315295	-0.0873545394987	-0.0452968585486	-0.0120458723128	0.0220408366733	-0.024660242739	-0.0383106566679	-0.00129843531647	-0.0115405029708	0.00275688322533	-0.0135086530626	0.0372507856837	1.0	-0.0104606409457	0.0285162244318	0.0149665807404	-0.0656931574096	-0.00182760020346	0.026744903901	0.0188534208845	0.0566515134543	0.024686276218	0.00957682142496	-0.0541507809979	-0.0240588506434	0.0230869679042	-0.0290434387684	0.00245716829562	-0.0186130205588	0.0180646868635	0.0266546224035	-0.022642133128	0.0343882604467	0.00334131323742	0.0486023152773	0.0238988220712	0.0110380601183	0.0140037671976	-0.0778175502466	-0.0238217874832	0.00069401473658	-0.0787098118586	0.0290025396748	0.00493529099365
k__Bacteria;p__Bacteroidetes;c__Bacteroidia;o__Bacteroidales;f__Porphyromonadaceae;g__Parabacteroides;s__Parabacteroides_johnsonii	0.0129917885822	-0.0318981308162	-0.00732715468148	-0.005110351636	-0.028850295717	-0.0565872255739	-0.0186352201812	0.0011333279477	-0.0695679001516	-0.00647185087066	-0.00603049464457	-0.0294881055518	0.062822877342	0.0468046391613	0.0381122483513	0.0452357927544	0.0162579849056	0.0423715845123	-0.0261517689628	-0.0112274520401	-0.0668409627002	-0.00943036238315	-0.000625290395039	-0.0468033275523	-0.0165594776784	-0.045543272165	-0.0330969591839	-0.0104606409457	1.0	0.0259132374352	0.0192215535011	-0.0190426456526	-0.0239331769088	-0.016292630237	0.0269763546833	0.00316263780675	-0.0771270465003	-0.00114864665441	-0.058952881497	0.0703098019705	-0.0217785472057	-0.0573551564227	0.0148813663368	5.08773564523e-05	-0.0261098841015	0.000681432442077	0.000586784725759	0.0459289822509	0.0162544155949	-0.0353021116488	-0.00986089507094	0.00279915344703	-0.0211938081431	-0.00879564963999	-0.024785250497	-0.0536588864109	0.061438771569	-0.000695236285936	-0.0174487251238
