#taxonomy	k__Bacteria;p__Bacteroidetes;c__Bacteroidia;o__Bacteroidales;f__Bacteroidaceae;g__Bacteroides;s__Bacteroides_vulgatus	k__Bacteria;p__Bacteroidetes;c__Bacteroidia;o__Bacteroidales;f__Bacteroidaceae;g__Bacteroides;s__Bacteroides_uniformis	k__Bacteria;p__Bacteroidetes;c__Bacteroidia;o__Bacteroidales;f__Rikenellaceae;g__Alistipes;s__Alistipes_putredinis	k__Bacteria;p__Bacteroidetes;c__Bacteroidia;o__Bacteroidales;f__Prevotellaceae;g__Prevotella;s__Prevotella_copri	k__Bacteria;p__Bacteroidetes;c__Bacteroidia;o__Bacteroidales;f__Bacteroidaceae;g__Bacteroides;s__Bacteroides_stercoris	k__Bacteria;p__Bacteroidetes;c__Bacteroidia;o__Bacteroidales;f__Bacteroidaceae;g__Bacteroides;s__Bacteroides_ovatus	k__Bacteria;p__Bacteroidetes;c__Bacteroidia;o__Bacteroidales;f__Rikenellaceae;g__Alistipes;s__Alistipes_shahii	k__Bacteria;p__Firmicutes;c__Clostridia;o__Clostridiales;f__Ruminococcaceae;g__Faecalibacterium;s__Faecalibacterium_prausnitzii	k__Bacteria;p__Bacteroidetes;c__Bacteroidia;o__Bacteroidales;f__Rikenellaceae;g__Alistipes;s__Alistipes_finegoldii	k__Bacteria;p__Bacteroidetes;c__Bacteroidia;o__Bacteroidales;f__Porphyromonadaceae;g__Parabacteroides;s__Parabacteroides_distasonis	k__Bacteria;p__Bacteroidetes;c__Bacteroidia;o__Bacteroidales;f__Bacteroidaceae;g__Bacteroides;s__Bacteroides_thetaiotaomicron	k__Bacteria;p__Bacteroidetes;c__Bacteroidia;o__Bacteroidales;f__Bacteroidaceae;g__Bacteroides;s__Bacteroides_coprocola	k__Bacteria;p__Bacteroidetes;c__Bacteroidia;o__Bacteroidales;f__Bacteroidaceae;g__Bacteroides;s__Bacteroides_cellulosilyticus	k__Bacteria;p__Bacteroidetes;c__Bacteroidia;o__Bacteroidales;f__Rikenellaceae;g__Alistipes;s__Alistipes_obesi	k__Bacteria;p__Firmicutes;c__Clostridia;o__Clostridiales;f__Lachnospiraceae;g__;s__[Eubacterium]_rectale	k__Bacteria;p__Bacteroidetes;c__Bacteroidia;o__Bacteroidales;f__Bacteroidaceae;g__Bacteroides;s__Bacteroides_plebeius	k__Bacteria;p__Bacteroidetes;c__Bacteroidia;o__Bacteroidales;f__Bacteroidaceae;g__Bacteroides;s__Bacteroides_fragilis	k__Bacteria;p__Proteobacteria;c__Betaproteobacteria;o__Burkholderiales;f__Sutterellaceae;g__Sutterella;s__Sutterella_wadsworthensis	k__Bacteria;p__Bacteroidetes;c__Bacteroidia;o__Bacteroidales;f__Porphyromonadaceae;g__Barnesiella;s__Barnesiella_intestinihominis	k__Bacteria;p__Bacteroidetes;c__Bacteroidia;o__Bacteroidales;f__Odoribacteraceae;g__Odoribacter;s__Odoribacter_splanchnicus	k__Bacteria;p__Bacteroidetes;c__Bacteroidia;o__Bacteroidales;f__Bacteroidaceae;g__Bacteroides;s__Bacteroides_salyersiae	k__Bacteria;p__Firmicutes;c__Clostridia;o__Clostridiales;f__Ruminococcaceae;g__Ruminiclostridium;s__[Eubacterium]_siraeum	k__Bacteria;p__Proteobacteria;c__Betaproteobacteria;o__Burkholderiales;f__Sutterellaceae;g__Parasutterella;s__Parasutterella_excrementihominis	k__Bacteria;p__Actinobacteria;c__Actinobacteria;o__Bifidobacteriales;f__Bifidobacteriaceae;g__Bifidobacterium;s__Bifidobacterium_adolescentis	k__Bacteria;p__Firmicutes;c__Clostridia;o__Clostridiales;f__Oscillospiraceae;g__Oscillibacter;s__Oscillibacter_sp._KLE_1745	k__Bacteria;p__Bacteroidetes;c__Bacteroidia;o__Bacteroidales;f__Bacteroidaceae;g__Bacteroides;s__Bacteroides_coprophilus	k__Bacteria;p__Firmicutes;c__Clostridia;o__Clostridiales;f__Lachnospiraceae;g__Roseburia;s__Roseburia_intestinalis	k__Bacteria;p__Firmicutes;c__Clostridia;o__Clostridiales;f__Lachnospiraceae;g__Roseburia;s__Roseburia_hominis	k__Bacteria;p__Bacteroidetes;c__Bacteroidia;o__Bacteroidales;f__Porphyromonadaceae;g__Parabacteroides;s__Parabacteroides_johnsonii	k__Bacteria;p__Actinobacteria;c__Actinobacteria;o__Bifidobacteriales;f__Bifidobacteriaceae;g__Bifidobacterium;s__Bifidobacterium_longum	k__Bacteria;p__Firmicutes;c__Clostridia;o__Clostridiales;f__;g__Flavonifractor;s__Flavonifractor_plautii	k__Bacteria;p__Firmicutes;c__Clostridia;o__Clostridiales;f__Clostridiaceae;g__Clostridium;s__Clostridium_phoceensis	k__Bacteria;p__Verrucomicrobia;c__Verrucomicrobiae;o__Verrucomicrobiales;f__Akkermansiaceae;g__Akkermansia;s__Akkermansia_muciniphila	k__Bacteria;p__Bacteroidetes;c__Bacteroidia;o__Bacteroidales;f__Prevotellaceae;g__Paraprevotella;s__Paraprevotella_xylaniphila	k__Bacteria;p__Firmicutes;c__Clostridia;o__Clostridiales;f__Ruminococcaceae;g__Ruminococcus;s__Ruminococcus_callidus	k__Bacteria;p__Bacteroidetes;c__Bacteroidia;o__Bacteroidales;f__Rikenellaceae;g__Alistipes;s__Alistipes_senegalensis	k__Bacteria;p__Firmicutes;c__Clostridia;o__Clostridiales;f__Lachnospiraceae;g__Blautia;s__Blautia_sp._KLE_1732	k__Bacteria;p__Bacteroidetes;c__Bacteroidia;o__Bacteroidales;f__Bacteroidaceae;g__Bacteroides;s__Bacteroides_oleiciplenus	k__Bacteria;p__Firmicutes;c__Clostridia;o__Clostridiales;f__Ruminococcaceae;g__Ruminococcus;s__Ruminococcus_bicirculans	k__Bacteria;p__Bacteroidetes;c__Bacteroidia;o__Bacteroidales;f__Bacteroidaceae;g__Bacteroides;s__Bacteroides_fluxus	k__Bacteria;p__Bacteroidetes;c__Bacteroidia;o__Bacteroidales;f__Prevotellaceae;g__Prevotella;s__Prevotella_stercorea	k__Bacteria;p__Firmicutes;c__Clostridia;o__Clostridiales;f__Lachnospiraceae;g__Dorea;s__Dorea_longicatena	k__Bacteria;p__Firmicutes;c__Clostridia;o__Clostridiales;f__Eubacteriaceae;g__Eubacterium;s__[Eubacterium]_eligens	k__Bacteria;p__Firmicutes;c__Clostridia;o__Clostridiales;f__Ruminococcaceae;g__;s__Ruminococcaceae_bacterium_D16	k__Bacteria;p__Firmicutes;c__Clostridia;o__Clostridiales;f__Lachnospiraceae;g__Coprococcus;s__Coprococcus_comes	k__Bacteria;p__Proteobacteria;c__Gammaproteobacteria;o__Enterobacterales;f__Enterobacteriaceae;g__Escherichia;s__Escherichia_coli	k__Bacteria;p__Firmicutes;c__Clostridia;o__Clostridiales;f__Ruminococcaceae;g__Anaerotruncus;s__Anaerotruncus_colihominis	k__Bacteria;p__Firmicutes;c__Clostridia;o__Clostridiales;f__Lachnospiraceae;g__Blautia;s__Blautia_obeum	k__Bacteria;p__Bacteroidetes;c__Bacteroidia;o__Bacteroidales;f__Odoribacteraceae;g__Odoribacter;s__Odoribacter_laneus	k__Bacteria;p__Firmicutes;c__Clostridia;o__Clostridiales;f__Ruminococcaceae;g__Ruminiclostridium;s__[Clostridium]_leptum	k__Bacteria;p__Bacteroidetes;c__Bacteroidia;o__Bacteroidales;f__Porphyromonadaceae;g__Parabacteroides;s__Parabacteroides_goldsteinii	k__Bacteria;p__Firmicutes;c__Clostridia;o__Clostridiales;f__Lachnospiraceae;g__Anaerostipes;s__Anaerostipes_hadrus	k__Bacteria;p__Firmicutes;c__Clostridia;o__Clostridiales;f__Ruminococcaceae;g__Ruminococcus;s__Ruminococcus_lactaris	k__Bacteria;p__Firmicutes;c__Clostridia;o__Clostridiales;f__Clostridiaceae;g__Clostridium;s__Clostridium_sp._L2-50	k__Bacteria;p__Firmicutes;c__Clostridia;o__Clostridiales;f__Clostridiaceae;g__Clostridium;s__Clostridium_sp._M62/1	k__Bacteria;p__Firmicutes;c__Clostridia;o__Clostridiales;f__;g__Intestinimonas;s__Intestinimonas_butyriciproducens	k__Bacteria;p__Actinobacteria;c__Actinobacteria;o__Bifidobacteriales;f__Bifidobacteriaceae;g__Bifidobacterium;s__Bifidobacterium_bifidum	k__Bacteria;p__Firmicutes;c__Negativicutes;o__Veillonellales;f__Veillonellaceae;g__Dialister;s__Dialister_invisus	k__Bacteria;p__Bacteroidetes;c__Bacteroidia;o__Bacteroidales;f__Bacteroidaceae;g__Bacteroides;s__Bacteroides_salanitronis
k__Bacteria;p__Bacteroidetes;c__Bacteroidia;o__Bacteroidales;f__Bacteroidaceae;g__Bacteroides;s__Bacteroides_vulgatus	1.0	-0.038921881235	0.0447872378769	-0.0250924786222	0.0187677000828	0.00835588022495	0.0178529880996	-0.000998771520011	0.0797488281176	-0.0637363944919	-0.0419251933505	-0.0114718000443	0.0141185791154	0.0297334052825	-0.0123294715222	0.00801775537793	-0.0415898341367	-0.0114771119245	0.0103406037459	-0.0408492776681	0.0339050366762	-0.0307652440183	0.0276779727003	0.0336043703209	0.0342357837197	0.0229591571218	-0.0280873826762	0.0394151463083	0.010258816987	-0.0136065895638	0.0496389691202	-0.0366126166697	0.0200286354706	-0.0195452250515	0.00820470289823	-0.0227597874985	-0.0577287959537	-0.0267040648351	-0.000890565517225	-0.0153148985371	0.00887185041315	-0.048529494208	-0.0849869323641	-0.0191319088657	-0.0075522849215	0.0264685425679	-0.00116999153192	0.025781969905	0.0314299313086	-0.0195782707385	0.00202988284373	0.0260467954225	-0.0364552001252	-0.0803552838588	0.000733836245179	-0.047683817982	0.0359692235847	0.0058743979606	-0.0465058799139
k__Bacteria;p__Bacteroidetes;c__Bacteroidia;o__Bacteroidales;f__Bacteroidaceae;g__Bacteroides;s__Bacteroides_uniformis	-0.038921881235	1.0	0.00936114314709	-0.00209329639851	-0.0212654863146	0.0595152655223	0.0631457317505	-0.0449774937569	-0.0668096207955	-0.0319223531954	0.0414637167936	-0.0078478457898	-0.0100649893322	-0.0142054881083	0.0543760646561	0.0238149843315	-0.0219812368299	-0.00331410194353	-0.00748445093777	-0.0306717602427	-0.0418078133192	0.00447953349049	-0.015126258171	-0.0433156176045	-0.0423342786179	-0.0254875007032	-0.0305990619836	-0.0325535204165	-0.0432280911659	-0.0405540431599	0.0341808344005	0.0195074348613	-0.0384859950182	0.00657637789689	0.0325971356087	-0.0793485131173	-0.010614628891	-0.0413624061867	0.0309680081291	-0.0599285723711	0.0520771745736	0.0534208160088	-0.0576227590174	0.0325732505219	0.0431734748705	0.00216083925465	-0.0126479072782	0.0325691895995	0.00605614651532	-0.0220647502567	0.02370552699	-0.0234425535055	-0.0457877498846	0.000510397393579	-0.00498746070715	-0.055609860349	-0.027786499569	0.0157737704653	0.00634416925364
k__Bacteria;p__Bacteroidetes;c__Bacteroidia;o__Bacteroidales;f__Rikenellaceae;g__Alistipes;s__Alistipes_putredinis	0.0447872378769	0.00936114314709	1.0	-0.036115798911	0.0172548008159	-0.0469056451202	-0.0193586913594	0.0361512970108	-0.0399003334513	-0.00339087199804	0.0266648774191	-0.0218124529279	0.00634031465354	-0.0339359897254	-0.0879175839317	0.0220037389791	-0.0825211767695	0.0246254238369	-0.0149262082579	-0.0170227796745	0.0193676665185	-0.0300242247762	0.0178906120238	0.023755313936	-0.0120492675462	0.0421086895747	0.0601312261037	-0.0337942820411	0.0711587440555	0.0144942578135	0.0813957067314	-0.0815102251608	-0.0530736856651	-0.0202626340756	-0.0209294724349	-0.000905022369292	-0.0506466203675	0.0502182348349	-0.0169751123782	-0.062890675038	-0.0298634057134	-0.0106949567297	-0.00122524628516	-0.075471403	-0.0782996526298	-0.0083583715532	-0.0575102060955	0.0194959349832	0.0339481120079	0.0212276782975	-0.0044394272015	-0.0621739862153	-0.0266605892253	-0.0176903722441	-0.0226014423688	-0.0271848261781	0.0311518008873	-0.0141354472004	-0.0248862339959
k__Bacteria;p__Bacteroidetes;c__Bacteroidia;o__Bacteroidales;f__Prevotellaceae;g__Prevotella;s__Prevotella_copri	-0.0250924786222	-0.00209329639851	-0.036115798911	1.0	0.00655211551614	-0.0066324438576	-0.0289155919328	0.0128126891259	0.000254369841272	-0.0199685762166	0.0073501694301	0.0154987203621	0.0229841929152	0.0475434937577	0.0492584691166	-0.00522701565756	0.0422249444133	-0.0203459491564	-0.0078302345302	-0.0477412019358	-0.0354224069283	-0.0294231956747	-0.00281458078324	-0.0091323221297	-0.0311724622563	0.0629446483952	-0.0551653904833	-0.0565449290056	-0.0340642925712	-0.0458204294845	0.00682418895346	0.0140441703784	0.0506141781299	-0.011946379	-0.108356826169	-0.0062819108641	-0.0514469829693	0.00750806791222	-0.106973815909	0.0732012601909	-0.0501007655561	-0.0672223825211	-0.0578430587867	0.0144237327568	0.0533027535418	-0.0572756006224	0.00257991263739	-0.0150912287205	0.00488483023563	0.00698041881172	0.0528723592337	0.0205932139566	-0.0108257157804	0.0104897227971	-0.0448464019455	0.0503691395213	-0.00862524218671	0.00278000420166	0.011337016415
k__Bacteria;p__Bacteroidetes;c__Bacteroidia;o__Bacteroidales;f__Bacteroidaceae;g__Bacteroides;s__Bacteroides_stercoris	0.0187677000828	-0.0212654863146	0.0172548008159	0.00655211551614	1.0	-0.0137582522552	0.0434881667107	-0.0254838318395	0.00500288080125	0.02382843749	0.0209857815424	-0.0197618695376	-0.0376716923246	0.0235761978159	-0.0355133540891	-0.079458682114	0.0668514949727	0.00111394552225	-0.010545859695	-0.0165270248756	-0.0052132195344	0.00816698125558	-0.0384612138814	0.0102684225373	0.00724634953734	0.00261475216659	0.0418026717015	0.00846595696852	-0.0607968512021	-0.00571822863988	-0.00527936828212	0.0863273162164	-0.00304322057893	-0.0494700661671	-0.0446043606687	0.00208798318812	-0.0729558572887	-0.0488258191976	0.00394188763571	0.0793973856272	-0.00117640612929	-0.0348533648291	-0.0276089639814	-0.0141380054893	-0.032463778095	-0.0205802373052	0.0119478287617	-0.0348112643886	-0.00738512150242	0.0308199908008	-0.0411529770112	0.00355447977262	-0.00620923302903	0.0235557848333	0.0640801816254	0.0209575250153	0.0399495069982	0.00347763944959	-0.0335652032361
k__Bacteria;p__Bacteroidetes;c__Bacteroidia;o__Bacteroidales;f__Bacteroidaceae;g__Bacteroides;s__Bacteroides_ovatus	0.00835588022495	0.0595152655223	-0.0469056451202	-0.0066324438576	-0.0137582522552	1.0	0.0108329135097	-0.0230911374445	-0.0225573143758	-0.0797415991779	0.0639967157166	-0.0165138278866	-0.10099351181	-0.028746912163	-0.0634856680589	-0.0341587054977	-0.00832002799517	-0.0628845199374	0.00222670436371	-0.00174411431838	-0.0151706348993	0.00839279630618	0.00229331762145	0.0223332649658	0.0215666652968	0.00848473632118	0.0988101062291	-0.0591182709454	-0.0933469970849	-0.0211414439974	-0.0472367891484	0.00612984379271	-0.0356971969698	-0.0457645420297	0.0258113542785	0.038004249775	-0.0329445501765	-0.0529258363945	0.00347649605409	0.0266472835304	-0.00437541565767	0.0329797198255	-0.0698044480767	0.0229059929878	0.00357634899404	-0.0123857135317	-0.0117933779831	-0.0411955198854	-0.0247662445015	-0.0132069629792	-0.0056410529096	-0.00455719527684	-0.0169953250885	-0.0331645045884	0.0649656643671	0.00798711554086	0.00425183935147	0.0321539371367	0.00710162524191
k__Bacteria;p__Bacteroidetes;c__Bacteroidia;o__Bacteroidales;f__Rikenellaceae;g__Alistipes;s__Alistipes_shahii	0.0178529880996	0.0631457317505	-0.0193586913594	-0.0289155919328	0.0434881667107	0.0108329135097	1.0	0.0302023811462	-0.00833654598692	0.0215103465042	-0.0392558713041	0.0235450152469	0.0268659930004	-0.0243163360333	-0.0125241295401	0.00178503898062	0.0219990014354	0.018537934903	-0.0320172605924	-0.00202448632229	-0.024455536905	-0.00159489650909	0.00217264877427	-0.0507165091888	0.0337212104736	-0.00549914053065	0.0275703008444	0.0307974167817	0.0460799112746	0.0145914843683	-0.0012569613209	-0.0272582087271	0.0460408759185	-0.0593812055447	-0.0324970498442	-0.0458830269292	-0.0267553817437	-0.0377088614085	0.0302486135873	0.00403675692432	-0.0104453127767	-0.0216143372838	0.0219790556378	-0.0440831050134	-0.0119956200149	0.0203024571512	-0.0197162129123	-0.0399530747232	0.0869308319588	0.0047417898832	-0.023115082161	-0.025098945449	-0.0159697188356	0.00812733452883	-0.0651435366619	-0.0569240612221	0.00958955435224	0.0589807831138	0.0447490412529
k__Bacteria;p__Firmicutes;c__Clostridia;o__Clostridiales;f__Ruminococcaceae;g__Faecalibacterium;s__Faecalibacterium_prausnitzii	-0.000998771520011	-0.0449774937569	0.0361512970108	0.0128126891259	-0.0254838318395	-0.0230911374445	0.0302023811462	1.0	0.0440335141476	-0.0532789490107	-0.0398191528365	0.00274902579362	0.0207797879445	0.011681733272	0.0146451000402	-0.00709579341454	0.0407667707439	0.00853810086698	0.0180249322974	-0.054963037197	-0.0350725811485	-0.00868982462371	-0.0435973738976	-0.0162575217016	-0.024549417968	-0.00826048158138	-0.00476536051687	-0.0577421133722	0.0396556915259	-0.0593112248148	-0.000723684071349	-0.0491363173045	0.0319930435168	-0.00820380820127	0.0424215100904	-0.00998083437511	0.00284001245965	-0.0146704744658	0.0196892085084	-0.043750605451	0.0243450624344	0.0522783796326	-0.0212097190861	0.00059029572104	0.00975243945934	0.0728395215455	-0.0802075430736	0.0100872059375	-0.0496670618036	-0.0315462162487	-0.00302021640775	0.00045649027853	-0.0490826603477	0.0671931885466	-0.0640464771741	-0.00683514654744	-0.00614402976225	-0.0728038697116	-0.0247447406503
k__Bacteria;p__Bacteroidetes;c__Bacteroidia;o__Bacteroidales;f__Rikenellaceae;g__Alistipes;s__Alistipes_finegoldii	0.0797488281176	-0.0668096207955	-0.0399003334513	0.000254369841272	0.00500288080125	-0.0225573143758	-0.00833654598692	0.0440335141476	1.0	0.01637075611	0.026634145473	-0.0677134386442	-0.00201993702096	-0.0151548528443	-0.0709684945386	0.0360496589038	0.0625029872977	-0.00987293859365	-0.0524173782713	-0.00936991274984	-0.0609357158387	-0.00685887615491	-0.00292980925338	-0.0460374782049	-0.0253431951816	0.0476120945249	0.00998060709999	-0.0132042237298	-0.0226723447655	-0.0517485556599	0.0667892855652	-0.0283827261967	-0.0283036904682	-0.0387189403483	-0.0118970754702	-0.084792272242	0.0207584565939	0.0227798949807	0.00833680697459	0.0227136886638	-0.0248279859108	0.0168754155813	-0.0215672421585	-0.0165664159038	0.0497200636938	0.0244396671005	-0.0724883845958	0.0237810049352	-0.0211333531988	-0.0471842872326	0.025891209896	-0.0539811985831	-0.0471228088268	-0.0110693408097	-0.00659979102774	-0.0362039409311	-0.0177953849193	0.0246564485658	-0.00196008067833
k__Bacteria;p__Bacteroidetes;c__Bacteroidia;o__Bacteroidales;f__Porphyromonadaceae;g__Parabacteroides;s__Parabacteroides_distasonis	-0.0637363944919	-0.0319223531954	-0.00339087199804	-0.0199685762166	0.02382843749	-0.0797415991779	0.0215103465042	-0.0532789490107	0.01637075611	1.0	0.0457255795675	0.0427818954583	0.0749418834637	0.0141298482327	-0.029488583049	-0.0528575506005	-0.00406850979575	0.0468898134769	-0.0322831930345	-0.0985166081685	-0.0258271423686	-0.0266922962361	-0.00388387186666	-0.0403327512915	0.00695837942413	-0.0133317623606	-0.0290910163703	-0.0418716623284	-0.065553760299	0.0226578559457	-0.0251565504165	-0.0329726976351	-0.0396080500887	-5.60417752366e-05	-0.00768820295814	0.000513107603187	-0.00382614955944	-0.03919851777	0.0488170275661	-0.0668767768312	-0.0574730487081	0.0791287847702	0.0467952455322	-0.0218183577973	-0.00522811845934	-0.0280567850666	0.00926555094011	-0.00373267668625	0.00821832402659	0.0240875977579	0.0175031961544	0.0463788438583	-0.0573881255465	0.00207847081103	-0.00780412420907	-1.18045833497e-05	0.00568600044625	-0.00707595708822	-0.101144092178
k__Bacteria;p__Bacteroidetes;c__Bacteroidia;o__Bacteroidales;f__Bacteroidaceae;g__Bacteroides;s__Bacteroides_thetaiotaomicron	-0.0419251933505	0.0414637167936	0.0266648774191	0.0073501694301	0.0209857815424	0.0639967157166	-0.0392558713041	-0.0398191528365	0.026634145473	0.0457255795675	1.0	-0.0440563535787	-0.107046788952	-0.0263931838222	0.0450669924447	-0.0117740154217	0.0398602031946	-0.0367955261103	-0.0255372121223	0.0013109870707	0.0570785505917	0.0147364708115	0.00892753858685	0.0197600482055	-0.0101967471662	-0.0417711603502	-0.0216566634842	-0.0232114490644	-0.0143442615767	0.00576253581335	0.0427516075795	0.0174908288035	0.0341083745404	0.00523563712661	0.0742010416679	0.012464178243	-0.0335716573909	-0.0416732407598	0.0259767561945	0.0209539420268	-0.0715617746695	0.0264747021107	0.0449481424927	-0.0234045139185	-0.0356660506529	-0.0310971269941	-0.0158853407525	-0.0652623349382	-0.0189025944414	0.0268556901646	-0.0108528096831	-0.032953281495	-0.045741174642	-0.00346717091398	-0.0248227337905	0.00429850020143	0.0193009918412	-0.00619962651024	0.000842783690079
k__Bacteria;p__Bacteroidetes;c__Bacteroidia;o__Bacteroidales;f__Bacteroidaceae;g__Bacteroides;s__Bacteroides_coprocola	-0.0114718000443	-0.0078478457898	-0.0218124529279	0.0154987203621	-0.0197618695376	-0.0165138278866	0.0235450152469	0.00274902579362	-0.0677134386442	0.0427818954583	-0.0440563535787	1.0	-0.0360380590595	-0.0351069814719	0.0509446449253	0.0170100790697	-0.0678102761222	-0.0268395288732	-0.0252757658406	0.00916069587089	0.010187126568	-0.0314063805182	-0.00625820045257	-0.0183335754074	0.0375153495977	-0.0219624773269	-0.0535965367188	0.0410430855909	0.004948708825	0.0323596293178	-0.0376921736107	0.0137399877581	-0.00286795374534	-0.0501381419378	-0.0188218878588	0.0266993635469	0.053939652873	-0.0906277800315	0.0408326985652	0.0501418397641	-0.0111848657233	-0.0252352716324	-0.0563818577618	-0.00429696475414	0.00640077809681	0.0108091985853	0.00763487127982	-0.00110788346816	-0.0206513690535	0.00699243816613	0.0293702558792	-0.0681539478185	0.0318873944046	-0.0125793182948	0.0147743401519	-0.0134576330121	-0.0234354067916	0.0205992661266	0.0603016316481
k__Bacteria;p__Bacteroidetes;c__Bacteroidia;o__Bacteroidales;f__Bacteroidaceae;g__Bacteroides;s__Bacteroides_cellulosilyticus	0.0141185791154	-0.0100649893322	0.00634031465354	0.0229841929152	-0.0376716923246	-0.10099351181	0.0268659930004	0.0207797879445	-0.00201993702096	0.0749418834637	-0.107046788952	-0.0360380590595	1.0	0.00183013394384	0.0298425700612	0.0574146384954	-0.0560594517619	-0.0103543733308	0.0231492638606	-0.0177415259597	0.0228628410799	0.00771066332107	-0.00617001079044	-0.00927708854551	-0.0251466721314	-0.0273134792477	0.00387033549066	0.0239254639462	0.0241992987889	-0.0482131051984	-0.0538040907255	-0.0293261868584	0.0323894193105	0.0199120787823	-0.0120132184369	0.00154878788367	-0.0534405658761	-0.0680858516945	0.0507739780903	-0.100602074208	0.0163928029002	0.0220934453423	-0.037866625136	-0.0704255681727	-0.0153638269003	0.0107737075488	-0.00441103879859	0.00205763535622	-0.0488252460578	-0.0109155910623	-0.00866167551965	-0.0445653593915	-0.025929140136	0.00118385364971	0.00668051179709	-0.00428688423911	-0.00663993436206	-0.000512212407055	0.0240836689867
k__Bacteria;p__Bacteroidetes;c__Bacteroidia;o__Bacteroidales;f__Rikenellaceae;g__Alistipes;s__Alistipes_obesi	0.0297334052825	-0.0142054881083	-0.0339359897254	0.0475434937577	0.0235761978159	-0.028746912163	-0.0243163360333	0.011681733272	-0.0151548528443	0.0141298482327	-0.0263931838222	-0.0351069814719	0.00183013394384	1.0	-0.00127606533125	-0.0304445046212	-0.017099953319	-0.0135445183947	-0.0426626558341	0.0109177968287	-0.0340206253478	0.0465560419289	-0.0273951610161	-0.00271680445827	-0.0773820154214	0.0183488175776	0.0571780819919	-0.0310819516727	-0.0308997054858	-0.0596054417488	0.0195947157958	0.0431433213956	-0.0139620022934	-0.0324432040667	-0.0391988834042	-0.0531386664083	-0.0456103938869	-0.0313303481949	0.0306645153576	-0.00278290060528	0.0309522336749	-0.00999440075162	0.0121977975892	-0.0144305085526	-0.0870241175109	-0.0244794076035	0.044126874763	-0.00369072689254	-0.0871216644581	-0.0125237716462	-0.0756525065893	-0.0154024682127	0.0219877263136	-0.0444763907119	-0.0174121133786	0.00792185494428	0.00238868015841	-0.00999164907285	0.0128623393403
k__Bacteria;p__Firmicutes;c__Clostridia;o__Clostridiales;f__Lachnospiraceae;g__;s__[Eubacterium]_rectale	-0.0123294715222	0.0543760646561	-0.0879175839317	0.0492584691166	-0.0355133540891	-0.0634856680589	-0.0125241295401	0.0146451000402	-0.0709684945386	-0.029488583049	0.0450669924447	0.0509446449253	0.0298425700612	-0.00127606533125	1.0	0.00657541203109	-0.0193163901292	-0.0216775983995	-0.0134882980738	-0.0651124410041	-0.0235132177965	-0.0419189824353	-0.0535238186862	0.0191611121414	0.00280590638189	-0.0611794468198	-0.0168199011489	-0.0244923417768	-0.00195788011427	0.0491898199655	-0.0136567122281	-0.0627848719411	-0.0122829966394	-0.0245764512521	0.0318390429957	0.00595335780644	-0.0579648066958	0.0141970333833	-0.0273616948382	-0.0255632666281	0.0393238483298	0.0148231942532	0.0295681681545	-0.00738771723167	0.0286846173447	0.0154785176737	0.0349313246209	0.00806139195095	-0.0134746590253	0.0131649005992	-0.0323378824676	0.00914238192151	0.0421562893336	-0.0205515576434	-0.00657069328437	-0.00816377020059	0.0151132167828	0.0346008828701	0.0138603445075
k__Bacteria;p__Bacteroidetes;c__Bacteroidia;o__Bacteroidales;f__Bacteroidaceae;g__Bacteroides;s__Bacteroides_plebeius	0.00801775537793	0.0238149843315	0.0220037389791	-0.00522701565756	-0.079458682114	-0.0341587054977	0.00178503898062	-0.00709579341454	0.0360496589038	-0.0528575506005	-0.0117740154217	0.0170100790697	0.0574146384954	-0.0304445046212	0.00657541203109	1.0	-0.0590347277275	-0.00189639488962	0.00412685218671	-0.0456593218107	-0.0277910390995	0.0273160743561	-0.0261980597587	-0.0481144096319	-0.0100102858268	0.0299495318939	0.0416362909795	-0.0157268867066	0.00190170941159	-0.00877145975311	-0.0269944847573	-0.0247388732726	-0.0383599799348	-0.0539567010616	0.0493946901753	0.0243180606906	0.00505605762528	0.0263351879435	-0.0681182395151	-0.0413062057881	-0.00195004359037	0.0165563049553	-0.096978635282	0.0233324156984	0.0208485757117	0.0260104268754	-0.00571985343391	-0.0276414102138	-0.00907426680214	0.00745860245357	-0.0417303318753	-0.0236784050151	-0.0280017235017	-0.0275369478124	-0.0217449345219	-0.00189600311921	-0.0225240428647	-0.0113036126701	0.0469506530594
k__Bacteria;p__Bacteroidetes;c__Bacteroidia;o__Bacteroidales;f__Bacteroidaceae;g__Bacteroides;s__Bacteroides_fragilis	-0.0415898341367	-0.0219812368299	-0.0825211767695	0.0422249444133	0.0668514949727	-0.00832002799517	0.0219990014354	0.0407667707439	0.0625029872977	-0.00406850979575	0.0398602031946	-0.0678102761222	-0.0560594517619	-0.017099953319	-0.0193163901292	-0.0590347277275	1.0	-0.0245202157761	-0.0862764128685	-0.0174093643928	0.00520724931062	-0.00531330851268	-0.0328145932256	-0.0271487535243	0.00680129194758	-0.0181678964235	-0.00471100946169	-0.0624517224389	-0.0340921607188	0.0490750061898	-0.0466057187417	-0.00801478754441	0.0159015857715	-0.0363702002762	0.0082724927233	-0.00995155964175	0.0459105757704	-0.00538419874611	-0.0346333231014	0.0389683533738	-0.0426980499686	-0.0366979462951	0.028131844721	0.0169693663076	-0.0446227789686	-0.0284615565933	0.0115245325545	-0.00514060539554	-0.0690139123313	-0.0203533305868	-0.0179242395724	0.0206889784939	0.0547465223699	0.0293314831048	0.0274524567674	-0.0301040620021	-0.069678978408	-0.0661607493521	-0.0225846830792
k__Bacteria;p__Proteobacteria;c__Betaproteobacteria;o__Burkholderiales;f__Sutterellaceae;g__Sutterella;s__Sutterella_wadsworthensis	-0.0114771119245	-0.00331410194353	0.0246254238369	-0.0203459491564	0.00111394552225	-0.0628845199374	0.018537934903	0.00853810086698	-0.00987293859365	0.0468898134769	-0.0367955261103	-0.0268395288732	-0.0103543733308	-0.0135445183947	-0.0216775983995	-0.00189639488962	-0.0245202157761	1.0	0.0347176746337	-0.0772967390414	-0.0797792621775	-0.0855509483968	-0.00120332075383	-0.0172025341511	0.0278124229488	-0.0267898099534	-0.031669427422	0.00716055134671	-0.0581565884703	0.0541061783964	-0.00884036134589	-0.00187854883247	0.00353021436235	-0.0468845255357	-0.0159359173676	0.0306148158124	-0.0675159028649	0.0610515004037	-0.0166411662041	0.0238924922582	-0.0384635421425	-0.0340012761432	0.00233421875249	-0.0576095817932	-0.00685887610437	0.0625041109564	-0.000675941856924	0.09281972031	-0.0637934277199	-0.138162404344	-0.0240213037212	-0.0335173745179	-0.00884816073786	-0.00407437881198	0.0475223957835	0.0467008233907	-0.00996506468741	-0.060273885574	-0.0242310794103
k__Bacteria;p__Bacteroidetes;c__Bacteroidia;o__Bacteroidales;f__Porphyromonadaceae;g__Barnesiella;s__Barnesiella_intestinihominis	0.0103406037459	-0.00748445093777	-0.0149262082579	-0.0078302345302	-0.010545859695	0.00222670436371	-0.0320172605924	0.0180249322974	-0.0524173782713	-0.0322831930345	-0.0255372121223	-0.0252757658406	0.0231492638606	-0.0426626558341	-0.0134882980738	0.00412685218671	-0.0862764128685	0.0347176746337	1.0	0.00345909205812	0.0276900002558	-0.00851461598652	0.0542220419596	-0.0214545354915	-0.0259685233728	-0.0310499573272	0.0298663645861	0.0016015123535	0.010873921186	0.0358948900946	-0.0582937355434	-0.0471869578554	-0.00579915522463	-0.0200559192858	-0.0112826566567	0.0390374099724	0.0342985955646	-0.0321911457403	-0.0422601104093	-0.0266389582801	0.0361640036973	-0.0106825053632	-0.0231054461284	-0.0057364712136	-0.0229415789064	-0.0172942162224	-0.0582082325013	-0.0233124724674	0.0291129669087	-0.00893742715149	0.0378767204303	0.0568527236583	-0.024079281273	0.0415612742372	0.0489169918361	-0.0438912572404	-0.00513515397176	-0.0186209594047	0.0333196821038
k__Bacteria;p__Bacteroidetes;c__Bacteroidia;o__Bacteroidales;f__Odoribacteraceae;g__Odoribacter;s__Odoribacter_splanchnicus	-0.0408492776681	-0.0306717602427	-0.0170227796745	-0.0477412019358	-0.0165270248756	-0.00174411431838	-0.00202448632229	-0.054963037197	-0.00936991274984	-0.0985166081685	0.0013109870707	0.00916069587089	-0.0177415259597	0.0109177968287	-0.0651124410041	-0.0456593218107	-0.0174093643928	-0.0772967390414	0.00345909205812	1.0	0.0160527487373	-0.00862668727702	0.0357320348422	0.0146727314112	0.0209232957299	0.0523885554015	-0.0145484320047	0.00760527513818	-0.0387073198437	0.0305953278932	-0.00651427794969	-0.0768765538747	-0.0424170979888	0.0121311812589	-0.00914623535706	0.0346189017431	0.031801772433	-0.0179838274695	0.000796882698648	0.0318557883706	-0.027114254156	-0.0458562210816	0.00665388834679	0.0455512633959	-0.101432176953	0.00537809487133	0.0384622946615	0.0134367103826	-0.0272187621574	-0.0209148112942	0.0335429384491	-0.00831854858623	0.00739131389833	-0.0482578434925	-0.043071054481	0.0562774467684	-0.0615107310079	-0.00422442273882	0.00210324970617
k__Bacteria;p__Bacteroidetes;c__Bacteroidia;o__Bacteroidales;f__Bacteroidaceae;g__Bacteroides;s__Bacteroides_salyersiae	0.0339050366762	-0.0418078133192	0.0193676665185	-0.0354224069283	-0.0052132195344	-0.0151706348993	-0.024455536905	-0.0350725811485	-0.0609357158387	-0.0258271423686	0.0570785505917	0.010187126568	0.0228628410799	-0.0340206253478	-0.0235132177965	-0.0277910390995	0.00520724931062	-0.0797792621775	0.0276900002558	0.0160527487373	1.0	-0.044117910134	-0.0819783532765	0.0554645496694	-0.034143897201	-0.0324136159296	0.0143578369761	-0.01208446103	0.0402315841374	0.013918932027	0.00233636872238	0.0142519397549	0.0404880784268	0.00242975823906	-0.00103820534822	-0.0492731935613	-0.0186843469779	-0.0376611206509	0.0606867424793	-0.0280113249922	-0.0149885586485	-0.0180593014917	-0.0084112155335	-0.0337551681689	-0.0439038438915	-0.0185506658603	0.0221882308298	-0.0714822976819	-0.0238313880036	-0.00627181154065	-0.00557592638163	0.0180159685158	-0.00208860568184	0.0520491107014	-0.0106720285333	-0.0212813957678	0.0504651188378	0.0285051473087	-0.0248546365919
k__Bacteria;p__Firmicutes;c__Clostridia;o__Clostridiales;f__Ruminococcaceae;g__Ruminiclostridium;s__[Eubacterium]_siraeum	-0.0307652440183	0.00447953349049	-0.0300242247762	-0.0294231956747	0.00816698125558	0.00839279630618	-0.00159489650909	-0.00868982462371	-0.00685887615491	-0.0266922962361	0.0147364708115	-0.0314063805182	0.00771066332107	0.0465560419289	-0.0419189824353	0.0273160743561	-0.00531330851268	-0.0855509483968	-0.00851461598652	-0.00862668727702	-0.044117910134	1.0	0.00855737635544	-0.0485045696543	-0.0728210824908	-0.041310845809	0.0681282433221	0.0149887296795	0.0461983250489	-0.0276626467406	-0.0283170243644	0.00117745267968	-0.0756583715228	0.0293238580068	-0.0202715103021	-0.0102068167954	0.040512654114	-0.0218956535705	-0.01493035997	-0.0438998935043	-0.0046914948391	-0.0210443369128	0.0246425342369	-0.00698037248545	0.007382329545	-0.0609166305609	-0.02937734177	-0.0554601801845	0.00814105949807	-0.0201068743627	0.0106421599345	-0.0331889241306	-0.0106112774873	0.0769746393728	0.00594662835226	-0.0393236560982	-0.0344648333173	-0.0185890166281	0.0459762735098
k__Bacteria;p__Proteobacteria;c__Betaproteobacteria;o__Burkholderiales;f__Sutterellaceae;g__Parasutterella;s__Parasutterella_excrementihominis	0.0276779727003	-0.015126258171	0.0178906120238	-0.00281458078324	-0.0384612138814	0.00229331762145	0.00217264877427	-0.0435973738976	-0.00292980925338	-0.00388387186666	0.00892753858685	-0.00625820045257	-0.00617001079044	-0.0273951610161	-0.0535238186862	-0.0261980597587	-0.0328145932256	-0.00120332075383	0.0542220419596	0.0357320348422	-0.0819783532765	0.00855737635544	1.0	0.0117866234199	0.0206301159165	0.00642440613531	-0.00292245138873	0.0427096100485	-0.0236827126353	-0.0125328843899	0.0420802282997	-0.0129479971433	-0.053914958089	0.00719647407501	0.00971408781867	0.0111548494131	-0.00399186171355	-0.0346793626506	-0.0145075363902	-0.0258611763629	-0.0139966959861	0.0574743882863	-0.0426847312097	0.00650494551138	0.0401201437997	-0.0424348239166	0.00159719276394	-0.0394382512576	0.0377321367292	-0.0547425585915	0.0381781281212	-0.00447868200655	0.0345776447589	-0.048256314244	-0.0255703354784	0.0456294587098	-0.0185866020589	0.0172372190459	-0.011392107822
k__Bacteria;p__Actinobacteria;c__Actinobacteria;o__Bifidobacteriales;f__Bifidobacteriaceae;g__Bifidobacterium;s__Bifidobacterium_adolescentis	0.0336043703209	-0.0433156176045	0.023755313936	-0.0091323221297	0.0102684225373	0.0223332649658	-0.0507165091888	-0.0162575217016	-0.0460374782049	-0.0403327512915	0.0197600482055	-0.0183335754074	-0.00927708854551	-0.00271680445827	0.0191611121414	-0.0481144096319	-0.0271487535243	-0.0172025341511	-0.0214545354915	0.0146727314112	0.0554645496694	-0.0485045696543	0.0117866234199	1.0	-0.0453021664162	-0.0278344387308	-0.0228329081089	0.00302837053742	-0.0125981611229	0.000866276827218	0.00357431907023	-0.00707109332145	-0.0361091968182	0.0184155664973	-0.00877394298566	-0.0361610981263	0.0123583629893	0.0244405379914	-0.00923899694135	0.0468029467581	-0.0654333087203	-0.0325448044443	-0.0500881496779	0.00275785317528	0.0127553682832	-0.014899415664	0.0368162328016	0.021467194904	0.0189598505619	0.0227917767864	-0.0040742066871	0.0201739130056	0.022458552625	-0.0290822661569	-0.0240886220547	-0.00600124214911	0.00591900742924	-0.00641709089126	-0.00472842869489
k__Bacteria;p__Firmicutes;c__Clostridia;o__Clostridiales;f__Oscillospiraceae;g__Oscillibacter;s__Oscillibacter_sp._KLE_1745	0.0342357837197	-0.0423342786179	-0.0120492675462	-0.0311724622563	0.00724634953734	0.0215666652968	0.0337212104736	-0.024549417968	-0.0253431951816	0.00695837942413	-0.0101967471662	0.0375153495977	-0.0251466721314	-0.0773820154214	0.00280590638189	-0.0100102858268	0.00680129194758	0.0278124229488	-0.0259685233728	0.0209232957299	-0.034143897201	-0.0728210824908	0.0206301159165	-0.0453021664162	1.0	-0.0221856256092	-0.0785063495738	0.0157879621239	0.0375792424558	-0.0418695317727	-0.0576180602263	-0.0466201682707	-0.0236561330319	-0.031209307883	0.0187253650641	0.067420661678	-0.0319975848271	0.0792576744274	0.0395914235171	0.040831177522	-0.000949407981209	0.005292822944	-0.0129273248699	0.0107013904854	0.0434118511453	-0.0387518426013	0.0208129814239	-0.00767417488711	0.00420263148074	0.000904362349284	-0.036333194826	-0.000925385888902	-0.033747766769	0.0230570143283	-0.0613792704747	0.0399413584133	-0.0084986485752	-0.0147436569553	-0.0224284839674
k__Bacteria;p__Bacteroidetes;c__Bacteroidia;o__Bacteroidales;f__Bacteroidaceae;g__Bacteroides;s__Bacteroides_coprophilus	0.0229591571218	-0.0254875007032	0.0421086895747	0.0629446483952	0.00261475216659	0.00848473632118	-0.00549914053065	-0.00826048158138	0.0476120945249	-0.0133317623606	-0.0417711603502	-0.0219624773269	-0.0273134792477	0.0183488175776	-0.0611794468198	0.0299495318939	-0.0181678964235	-0.0267898099534	-0.0310499573272	0.0523885554015	-0.0324136159296	-0.041310845809	0.00642440613531	-0.0278344387308	-0.0221856256092	1.0	0.00470640462411	-0.0639664149197	-0.0169979116586	-0.0328489964369	-0.0266207661748	0.0566912493879	-0.041350263424	-0.052832741478	0.038075262526	-0.0101989556317	-0.0802610417045	-0.00495752115949	-0.0463003743526	-0.0343223661505	-0.0378492302393	-0.0224794151805	-0.0319942124582	-0.0212505625135	-0.0303162243174	-0.016030010636	0.0246188175259	0.00778411215007	-0.00354227351375	0.0600148832117	-0.0155420355927	-0.0115205336476	0.00616440797535	-0.0707050011116	-0.0101883637817	-0.0325700982325	0.058240161628	-0.0614732858982	0.033676059901
k__Bacteria;p__Firmicutes;c__Clostridia;o__Clostridiales;f__Lachnospiraceae;g__Roseburia;s__Roseburia_intestinalis	-0.0280873826762	-0.0305990619836	0.0601312261037	-0.0551653904833	0.0418026717015	0.0988101062291	0.0275703008444	-0.00476536051687	0.00998060709999	-0.0290910163703	-0.0216566634842	-0.0535965367188	0.00387033549066	0.0571780819919	-0.0168199011489	0.0416362909795	-0.00471100946169	-0.031669427422	0.0298663645861	-0.0145484320047	0.0143578369761	0.0681282433221	-0.00292245138873	-0.0228329081089	-0.0785063495738	0.00470640462411	1.0	-0.0225092646725	-0.0257636154043	0.0606135795287	-0.0312640621939	0.0103339014738	-0.024869077068	0.0722101470169	-0.0449037748282	-0.0297163895457	-0.036644933075	-0.0597832563747	-0.000241268891207	0.00908825956829	-0.00881654059726	-0.00872489493967	0.0223867196411	-0.0363863488602	-0.00737537974597	0.00465908512355	-0.0312577836107	-0.016957274386	0.0216489465885	0.00572075984103	-0.00726961415038	0.0182693843916	0.0358233220517	-0.0414438061606	-0.0365845322495	-0.057174020008	-0.0294932054084	0.0459748197112	-0.0593671347778
k__Bacteria;p__Firmicutes;c__Clostridia;o__Clostridiales;f__Lachnospiraceae;g__Roseburia;s__Roseburia_hominis	0.0394151463083	-0.0325535204165	-0.0337942820411	-0.0565449290056	0.00846595696852	-0.0591182709454	0.0307974167817	-0.0577421133722	-0.0132042237298	-0.0418716623284	-0.0232114490644	0.0410430855909	0.0239254639462	-0.0310819516727	-0.0244923417768	-0.0157268867066	-0.0624517224389	0.00716055134671	0.0016015123535	0.00760527513818	-0.01208446103	0.0149887296795	0.0427096100485	0.00302837053742	0.0157879621239	-0.0639664149197	-0.0225092646725	1.0	-0.00895652139248	-0.0011462852151	-0.0225315747995	-0.0227046965281	-0.0291682901256	0.0434926161624	-0.0179568900741	-0.028089910541	0.0126454616482	-0.0505068667869	0.0353705228655	-0.035912442386	-0.00342495270317	0.0196363219344	0.0395693190637	-0.0159964019743	0.0247910347888	-0.0254365046266	0.0581139481479	0.0332618269181	0.0267738137008	-0.00470003827598	-0.0818576052975	-0.0358985481163	0.0190050191377	0.00380264589711	-0.120770724861	0.0229817925306	0.0131513415062	0.026106800319	-0.0236230157298
k__Bacteria;p__Bacteroidetes;c__Bacteroidia;o__Bacteroidales;f__Porphyromonadaceae;g__Parabacteroides;s__Parabacteroides_johnsonii	0.010258816987	-0.0432280911659	0.0711587440555	-0.0340642925712	-0.0607968512021	-0.0933469970849	0.0460799112746	0.0396556915259	-0.0226723447655	-0.065553760299	-0.0143442615767	0.004948708825	0.0241992987889	-0.0308997054858	-0.00195788011427	0.00190170941159	-0.0340921607188	-0.0581565884703	0.010873921186	-0.0387073198437	0.0402315841374	0.0461983250489	-0.0236827126353	-0.0125981611229	0.0375792424558	-0.0169979116586	-0.0257636154043	-0.00895652139248	1.0	-0.00931774084925	-0.016223616977	0.0418076155952	-0.0197656944347	0.0528683025415	-0.0336724672292	-0.00327340963594	-0.0303669235372	-0.0143846028775	-0.0215748718352	0.0260802876087	0.0127867450581	0.0225224517485	-0.0326876179443	0.00062529950376	0.007957830968	-0.00965396302981	-0.0280463545725	-0.0342588572031	0.0204775953322	-0.0327097711968	-0.0401526866261	0.0101880010766	0.0390669834945	0.00331638866945	0.0581814981567	-0.0516200681427	-0.0045204293173	-0.0193998569442	-0.0100034130309
k__Bacteria;p__Actinobacteria;c__Actinobacteria;o__Bifidobacteriales;f__Bifidobacteriaceae;g__Bifidobacterium;s__Bifidobacterium_longum	-0.0136065895638	-0.0405540431599	0.0144942578135	-0.0458204294845	-0.00571822863988	-0.0211414439974	0.0145914843683	-0.0593112248148	-0.0517485556599	0.0226578559457	0.00576253581335	0.0323596293178	-0.0482131051985	-0.0596054417488	0.0491898199655	-0.00877145975311	0.0490750061898	0.0541061783964	0.0358948900946	0.0305953278932	0.013918932027	-0.0276626467406	-0.0125328843899	0.000866276827218	-0.0418695317727	-0.0328489964369	0.0606135795287	-0.0011462852151	-0.00931774084925	1.0	-0.0330064770476	-0.0117745195624	-0.00689719238965	-0.0945212608082	-0.0477505338007	-0.0330944651464	-0.0188911163955	-0.0327275728123	-0.00558790984026	0.0208352167135	-0.0136680249339	-0.0887901502559	-0.0602467379634	-0.0259558851824	-0.0652698165155	0.00294323103025	-0.0173477893131	-0.0193964142282	0.0404250950567	0.0344952079943	-0.0266980885479	-0.00322710878036	-0.00122023395572	-0.00676783793271	-0.00233649855261	0.0744775516047	0.0206179353502	0.0504016601731	-0.00823645680891
