#taxonomy	k__Bacteria;p__Bacteroidetes;c__Bacteroidia;o__Bacteroidales;f__Bacteroidaceae;g__Bacteroides;s__Bacteroides_vulgatus	k__Bacteria;p__Bacteroidetes;c__Bacteroidia;o__Bacteroidales;f__Bacteroidaceae;g__Bacteroides;s__Bacteroides_uniformis	k__Bacteria;p__Bacteroidetes;c__Bacteroidia;o__Bacteroidales;f__Rikenellaceae;g__Alistipes;s__Alistipes_putredinis	k__Bacteria;p__Bacteroidetes;c__Bacteroidia;o__Bacteroidales;f__Prevotellaceae;g__Prevotella;s__Prevotella_copri	k__Bacteria;p__Bacteroidetes;c__Bacteroidia;o__Bacteroidales;f__Bacteroidaceae;g__Bacteroides;s__Bacteroides_stercoris	k__Bacteria;p__Bacteroidetes;c__Bacteroidia;o__Bacteroidales;f__Bacteroidaceae;g__Bacteroides;s__Bacteroides_ovatus	k__Bacteria;p__Bacteroidetes;c__Bacteroidia;o__Bacteroidales;f__Rikenellaceae;g__Alistipes;s__Alistipes_shahii	k__Bacteria;p__Firmicutes;c__Clostridia;o__Clostridiales;f__Ruminococcaceae;g__Faecalibacterium;s__Faecalibacterium_prausnitzii	k__Bacteria;p__Bacteroidetes;c__Bacteroidia;o__Bacteroidales;f__Rikenellaceae;g__Alistipes;s__Alistipes_finegoldii	k__Bacteria;p__Bacteroidetes;c__Bacteroidia;o__Bacteroidales;f__Porphyromonadaceae;g__Parabacteroides;s__Parabacteroides_distasonis	k__Bacteria;p__Bacteroidetes;c__Bacteroidia;o__Bacteroidales;f__Bacteroidaceae;g__Bacteroides;s__Bacteroides_thetaiotaomicron	k__Bacteria;p__Bacteroidetes;c__Bacteroidia;o__Bacteroidales;f__Bacteroidaceae;g__Bacteroides;s__Bacteroides_coprocola	k__Bacteria;p__Bacteroidetes;c__Bacteroidia;o__Bacteroidales;f__Bacteroidaceae;g__Bacteroides;s__Bacteroides_cellulosilyticus	k__Bacteria;p__Bacteroidetes;c__Bacteroidia;o__Bacteroidales;f__Rikenellaceae;g__Alistipes;s__Alistipes_obesi	k__Bacteria;p__Firmicutes;c__Clostridia;o__Clostridiales;f__Lachnospiraceae;g__;s__[Eubacterium]_rectale	k__Bacteria;p__Bacteroidetes;c__Bacteroidia;o__Bacteroidales;f__Bacteroidaceae;g__Bacteroides;s__Bacteroides_plebeius	k__Bacteria;p__Bacteroidetes;c__Bacteroidia;o__Bacteroidales;f__Bacteroidaceae;g__Bacteroides;s__Bacteroides_fragilis	k__Bacteria;p__Proteobacteria;c__Betaproteobacteria;o__Burkholderiales;f__Sutterellaceae;g__Sutterella;s__Sutterella_wadsworthensis	k__Bacteria;p__Bacteroidetes;c__Bacteroidia;o__Bacteroidales;f__Porphyromonadaceae;g__Barnesiella;s__Barnesiella_intestinihominis	k__Bacteria;p__Bacteroidetes;c__Bacteroidia;o__Bacteroidales;f__Odoribacteraceae;g__Odoribacter;s__Odoribacter_splanchnicus	k__Bacteria;p__Bacteroidetes;c__Bacteroidia;o__Bacteroidales;f__Bacteroidaceae;g__Bacteroides;s__Bacteroides_salyersiae	k__Bacteria;p__Firmicutes;c__Clostridia;o__Clostridiales;f__Ruminococcaceae;g__Ruminiclostridium;s__[Eubacterium]_siraeum	k__Bacteria;p__Proteobacteria;c__Betaproteobacteria;o__Burkholderiales;f__Sutterellaceae;g__Parasutterella;s__Parasutterella_excrementihominis	k__Bacteria;p__Actinobacteria;c__Actinobacteria;o__Bifidobacteriales;f__Bifidobacteriaceae;g__Bifidobacterium;s__Bifidobacterium_adolescentis	k__Bacteria;p__Firmicutes;c__Clostridia;o__Clostridiales;f__Oscillospiraceae;g__Oscillibacter;s__Oscillibacter_sp._KLE_1745	k__Bacteria;p__Bacteroidetes;c__Bacteroidia;o__Bacteroidales;f__Bacteroidaceae;g__Bacteroides;s__Bacteroides_coprophilus	k__Bacteria;p__Firmicutes;c__Clostridia;o__Clostridiales;f__Lachnospiraceae;g__Roseburia;s__Roseburia_intestinalis	k__Bacteria;p__Firmicutes;c__Clostridia;o__Clostridiales;f__Lachnospiraceae;g__Roseburia;s__Roseburia_hominis	k__Bacteria;p__Bacteroidetes;c__Bacteroidia;o__Bacteroidales;f__Porphyromonadaceae;g__Parabacteroides;s__Parabacteroides_johnsonii	k__Bacteria;p__Actinobacteria;c__Actinobacteria;o__Bifidobacteriales;f__Bifidobacteriaceae;g__Bifidobacterium;s__Bifidobacterium_longum	k__Bacteria;p__Firmicutes;c__Clostridia;o__Clostridiales;f__;g__Flavonifractor;s__Flavonifractor_plautii	k__Bacteria;p__Firmicutes;c__Clostridia;o__Clostridiales;f__Clostridiaceae;g__Clostridium;s__Clostridium_phoceensis	k__Bacteria;p__Verrucomicrobia;c__Verrucomicrobiae;o__Verrucomicrobiales;f__Akkermansiaceae;g__Akkermansia;s__Akkermansia_muciniphila	k__Bacteria;p__Bacteroidetes;c__Bacteroidia;o__Bacteroidales;f__Prevotellaceae;g__Paraprevotella;s__Paraprevotella_xylaniphila	k__Bacteria;p__Firmicutes;c__Clostridia;o__Clostridiales;f__Ruminococcaceae;g__Ruminococcus;s__Ruminococcus_callidus	k__Bacteria;p__Bacteroidetes;c__Bacteroidia;o__Bacteroidales;f__Rikenellaceae;g__Alistipes;s__Alistipes_senegalensis	k__Bacteria;p__Firmicutes;c__Clostridia;o__Clostridiales;f__Lachnospiraceae;g__Blautia;s__Blautia_sp._KLE_1732	k__Bacteria;p__Bacteroidetes;c__Bacteroidia;o__Bacteroidales;f__Bacteroidaceae;g__Bacteroides;s__Bacteroides_oleiciplenus	k__Bacteria;p__Firmicutes;c__Clostridia;o__Clostridiales;f__Ruminococcaceae;g__Ruminococcus;s__Ruminococcus_bicirculans	k__Bacteria;p__Bacteroidetes;c__Bacteroidia;o__Bacteroidales;f__Bacteroidaceae;g__Bacteroides;s__Bacteroides_fluxus	k__Bacteria;p__Bacteroidetes;c__Bacteroidia;o__Bacteroidales;f__Prevotellaceae;g__Prevotella;s__Prevotella_stercorea	k__Bacteria;p__Firmicutes;c__Clostridia;o__Clostridiales;f__Lachnospiraceae;g__Dorea;s__Dorea_longicatena	k__Bacteria;p__Firmicutes;c__Clostridia;o__Clostridiales;f__Eubacteriaceae;g__Eubacterium;s__[Eubacterium]_eligens	k__Bacteria;p__Firmicutes;c__Clostridia;o__Clostridiales;f__Ruminococcaceae;g__;s__Ruminococcaceae_bacterium_D16	k__Bacteria;p__Firmicutes;c__Clostridia;o__Clostridiales;f__Lachnospiraceae;g__Coprococcus;s__Coprococcus_comes	k__Bacteria;p__Proteobacteria;c__Gammaproteobacteria;o__Enterobacterales;f__Enterobacteriaceae;g__Escherichia;s__Escherichia_coli	k__Bacteria;p__Firmicutes;c__Clostridia;o__Clostridiales;f__Ruminococcaceae;g__Anaerotruncus;s__Anaerotruncus_colihominis	k__Bacteria;p__Firmicutes;c__Clostridia;o__Clostridiales;f__Lachnospiraceae;g__Blautia;s__Blautia_obeum	k__Bacteria;p__Bacteroidetes;c__Bacteroidia;o__Bacteroidales;f__Odoribacteraceae;g__Odoribacter;s__Odoribacter_laneus	k__Bacteria;p__Firmicutes;c__Clostridia;o__Clostridiales;f__Ruminococcaceae;g__Ruminiclostridium;s__[Clostridium]_leptum	k__Bacteria;p__Bacteroidetes;c__Bacteroidia;o__Bacteroidales;f__Porphyromonadaceae;g__Parabacteroides;s__Parabacteroides_goldsteinii	k__Bacteria;p__Firmicutes;c__Clostridia;o__Clostridiales;f__Lachnospiraceae;g__Anaerostipes;s__Anaerostipes_hadrus	k__Bacteria;p__Firmicutes;c__Clostridia;o__Clostridiales;f__Ruminococcaceae;g__Ruminococcus;s__Ruminococcus_lactaris	k__Bacteria;p__Firmicutes;c__Clostridia;o__Clostridiales;f__Clostridiaceae;g__Clostridium;s__Clostridium_sp._L2-50	k__Bacteria;p__Firmicutes;c__Clostridia;o__Clostridiales;f__Clostridiaceae;g__Clostridium;s__Clostridium_sp._M62/1	k__Bacteria;p__Firmicutes;c__Clostridia;o__Clostridiales;f__;g__Intestinimonas;s__Intestinimonas_butyriciproducens	k__Bacteria;p__Actinobacteria;c__Actinobacteria;o__Bifidobacteriales;f__Bifidobacteriaceae;g__Bifidobacterium;s__Bifidobacterium_bifidum	k__Bacteria;p__Firmicutes;c__Negativicutes;o__Veillonellales;f__Veillonellaceae;g__Dialister;s__Dialister_invisus	k__Bacteria;p__Bacteroidetes;c__Bacteroidia;o__Bacteroidales;f__Bacteroidaceae;g__Bacteroides;s__Bacteroides_salanitronis
k__Bacteria;p__Bacteroidetes;c__Bacteroidia;o__Bacteroidales;f__Bacteroidaceae;g__Bacteroides;s__Bacteroides_vulgatus	1.0	0.000153610635677	-0.000213899984693	-0.0244096834347	-0.0456109467658	0.0151218319488	0.00433465922579	-0.0107386145292	0.0527852605998	-0.0055627264031	-0.0614083139247	0.0203546449284	0.0458195882303	-0.0555973002365	-0.0116194028561	0.0161655682299	-0.0307550376633	-0.0274505792219	0.0302405996537	-0.0156110313871	-0.0516719248818	0.037327180566	-0.032589753646	-0.00205435132599	0.0782084956809	-0.0155728881121	0.0266658870618	-0.0381709765579	-0.00180661000723	-0.0325746195889	-0.0281328572465	0.0632558021191	0.0685264175949	-0.0368552650007	-0.0247191174332	-0.0190207776633	0.0372775589632	-0.00139879551773	0.056112317872	-0.0145760108621	0.0119017910335	0.0129798214709	0.0655294951868	0.0219879387187	-0.00962219540879	-0.0726889172759	-0.032112841018	-0.0295854541875	-0.0480366231381	0.0142974130908	0.052695836599	-0.0552138452808	-0.0521596134792	0.0771276768162	-0.0015013849518	-0.0321410260028	-0.0600442708311	-0.0577402882747	0.0189282948944
k__Bacteria;p__Bacteroidetes;c__Bacteroidia;o__Bacteroidales;f__Bacteroidaceae;g__Bacteroides;s__Bacteroides_uniformis	0.000153610635677	1.0	-0.011550231174	-0.0335489476598	0.0153919110937	-0.0671606366339	0.0090744109637	0.0408574762862	-0.0162408030347	-0.0564470858376	-0.049673021077	-0.0464510417644	-0.0285263355276	0.0923583890622	-0.0507294176907	-0.0149886813758	-0.0211596980728	0.0175733182933	-0.0255091563685	-0.0165310047971	-0.036422470426	0.0169378042531	0.00821666760434	0.00271969335779	-0.0384514692103	-0.0426920613373	-0.0159914969363	-0.0270372836822	-0.0292873099227	-0.0438235421602	-0.00982488915645	-0.00994083834432	0.00701580152241	0.0590048720847	0.0415906322719	-0.0234911829336	-0.00481294049222	-0.0445861629727	-0.032488042779	-0.0433261678519	-0.0575347643157	0.0467916339276	-0.00843492436181	-0.013262823984	-0.0704648003488	-0.0354101262988	0.0645686076813	0.0121895514949	0.0727461610257	-0.004161999189	0.0410002224933	-0.0308983149719	-0.0842002664694	-0.0299889467689	-0.0208850158678	0.0335376165081	-0.000340358934451	0.0284607833747	0.00955059395623
k__Bacteria;p__Bacteroidetes;c__Bacteroidia;o__Bacteroidales;f__Rikenellaceae;g__Alistipes;s__Alistipes_putredinis	-0.000213899984693	-0.011550231174	1.0	-0.0203433745022	0.0312527146586	-0.0228292487739	0.00763068846502	-0.014969104953	-0.0346198743658	-0.0015408309198	-0.0467752624437	-0.00354577794936	0.00463106957087	-0.0241992730323	0.0157314049799	0.00854484765257	0.0104906693156	0.0351143155095	-0.000261069466273	0.031021477859	0.0739335093534	0.0194911804473	0.00351942573168	-0.024380366478	-0.0321737898593	-0.0441422139333	0.0167752539154	-0.0355184803946	0.038540553155	0.00276720817249	0.00597244909708	0.00630016103483	-0.0599681130359	-0.0153858940211	-0.0824149335097	-0.0654296200336	-0.0089063699773	-0.109149633118	-0.0780986852595	-0.0321279875299	0.0582186940458	-0.0639413466362	-0.000110438964585	-0.0419465066343	-0.0179510494839	-0.0387642366231	-0.0184008612722	-0.0526083400025	-0.0240665731917	-0.0742541385383	-0.000645692357687	-0.0127381714558	-0.0295267224054	-0.0189139750146	-0.00975350526113	-0.0134863538477	0.0564846328121	-0.0622113328531	0.0354001138292
k__Bacteria;p__Bacteroidetes;c__Bacteroidia;o__Bacteroidales;f__Prevotellaceae;g__Prevotella;s__Prevotella_copri	-0.0244096834347	-0.0335489476598	-0.0203433745022	1.0	-0.0130760031327	0.00844283289224	-0.0503770369367	-0.0481698235089	0.00472251513813	-0.054846886889	-0.0454359874166	-0.0337508622496	-0.00289868602618	-0.0429460033638	0.00402793906211	-0.0569077567315	0.000307538465387	0.00881716707512	-0.0382667542035	0.034402598013	0.0519320338582	0.0099927098372	-0.0405362476329	-0.0552821274368	0.0122481108919	0.0176182415875	-0.0312808686146	0.0146395980205	0.0188713290231	-0.021492659917	-0.00801188294062	0.0223825008413	0.0231298950664	0.0643887501043	-0.00017891149734	-0.00411485877051	-0.000831940098589	-0.0022478805894	0.00639554715656	-0.0434742413171	0.00691695540703	-0.040011994257	0.0178563123683	-0.0639819263849	-0.0410453633782	0.0263766823763	0.00680767194222	-0.0400967841888	-0.0387928647476	-0.0208394819104	0.0740242844102	-0.0967458051747	-0.00201477296251	-0.0305360923979	-0.0135914846802	0.0652172137047	-0.00997617638525	-0.0355540153279	0.0193338625393
k__Bacteria;p__Bacteroidetes;c__Bacteroidia;o__Bacteroidales;f__Bacteroidaceae;g__Bacteroides;s__Bacteroides_stercoris	-0.0456109467658	0.0153919110937	0.0312527146586	-0.0130760031327	1.0	-0.0194700212095	0.0040674970369	-0.0411556950709	0.0153796844657	-0.00146527097847	-0.0335305640212	0.013828557372	-0.0201058263361	0.0566158881151	-0.00680391769572	0.0168932042714	-0.00670400421136	-0.024782718061	-0.0293365753728	0.0880471430167	-0.0425052036876	-0.0110107661008	-0.0128783019996	-0.0424354649274	0.0346192621013	-0.101645123193	0.0260216911844	-0.0209789210431	-0.00859349992084	-0.0244657456915	0.0209430875932	-0.0421394595602	0.0110917864198	-0.0182329130386	-0.00377014366557	-0.0335853142259	-0.0658124215136	0.0133980160659	-0.0503518869055	-0.0140550501042	-0.0466253347451	-0.0311797059683	-0.011257337715	-0.0521502125801	0.0469723743923	0.0340497665308	-0.0177718102357	-0.0261924281863	-0.0522188731543	0.027808807456	-0.00822826233324	-0.0671883746112	0.00992952522	0.00290282151958	0.0090964871908	0.00479253111174	0.0219333914251	0.00272441797105	0.0297692006441
k__Bacteria;p__Bacteroidetes;c__Bacteroidia;o__Bacteroidales;f__Bacteroidaceae;g__Bacteroides;s__Bacteroides_ovatus	0.0151218319488	-0.0671606366339	-0.0228292487739	0.00844283289224	-0.0194700212095	1.0	0.00148495916968	-0.030148278305	0.0293398651268	-0.00759992162411	-0.0338636201768	-0.00683749743492	-0.00445241661668	0.00913764313587	-0.0176962536425	-0.0184956017121	0.0162686931424	-0.040921760876	-0.0363545141362	-0.0049007617185	-0.0186372698491	-0.0180912659708	-0.0124856324364	0.0505100565019	-0.0154861219798	-0.0420261487322	0.0241209014028	-0.0479108037638	0.0305432479897	-0.0266581496116	-0.00769398833789	0.096495170146	0.020799978989	-0.0213805853874	-0.0593980474973	0.0489845038908	-0.0282728087737	0.0508362935033	0.0119850993765	-0.00509810988574	-0.0108758665612	0.0123125712853	-0.0632157315437	-0.019178131378	0.0273773462428	0.0413568879321	0.00729500053084	0.00113764574794	-0.0925746288092	0.0590828495421	-0.00376272210472	-0.00937089535733	-0.0349120350307	-0.0350860746935	-0.0458924952974	-0.0648015758031	0.0483426927319	-0.0393101570339	-0.0516266227995
k__Bacteria;p__Bacteroidetes;c__Bacteroidia;o__Bacteroidales;f__Rikenellaceae;g__Alistipes;s__Alistipes_shahii	0.00433465922579	0.0090744109637	0.00763068846502	-0.0503770369367	0.0040674970369	0.00148495916968	1.0	0.0369435100588	-0.0171004377615	0.0386464363079	0.0210440846523	0.0406159536914	0.0167956607355	-0.0175682977217	0.0447021355702	0.0173296501811	0.0472668720008	-0.0647278867888	0.0311367465994	0.0224247193654	0.0572408753646	0.0223752282328	-0.0493839920681	-0.00336708229114	-0.00718218906084	-0.0256352842912	0.00930656971709	0.0129897053065	-0.0410225936476	-0.0544188077476	-0.0378815247028	0.0343266315079	-0.0411226003777	-0.00953996420574	-0.0769368729645	-0.0562466911783	-0.0301549089081	0.0395029104331	0.0819982188365	0.022555131969	0.0564919026157	-0.0338855115948	-0.015157344534	-0.0434481783724	-0.0317215836571	-0.00179565455583	-0.0431441283955	0.0327590087398	-0.00833581290928	-0.0371127159846	-0.0758748524586	-0.016849171001	0.0412267072442	0.0273114760934	0.0409561106922	0.079533853782	-0.0218011020352	-0.0219904499527	0.00327169592472
k__Bacteria;p__Firmicutes;c__Clostridia;o__Clostridiales;f__Ruminococcaceae;g__Faecalibacterium;s__Faecalibacterium_prausnitzii	-0.0107386145292	0.0408574762862	-0.014969104953	-0.0481698235089	-0.0411556950709	-0.030148278305	0.0369435100588	1.0	-0.0181473575421	0.0234219753325	0.0401511989353	-0.010991478256	0.00530883185004	0.0242013862511	-0.0113122218394	-0.0265808133949	-0.0577139451158	-0.0584697375682	-0.0298237593318	0.00300916425153	-0.0391284106703	0.001026622585	-0.0633565509297	-0.0105383344057	-0.0407792653936	-0.0127455963934	-0.00696873230538	-0.0176349085441	-0.0177894904166	-0.0305372656306	0.0295080557328	-0.0369980861343	0.0645165358985	0.00365657956885	-0.0362929919878	-0.0112112521954	-0.0107208442521	0.0178272442399	0.044730525616	-0.00748711115771	0.00140803919972	0.0489276996989	-0.000228334674191	0.0431760882043	-0.0143196418871	-0.00219960907741	0.0478531188867	-0.0546266110391	0.0345323397334	-0.025491846234	0.0630731416268	0.010998163878	-0.0127971546093	0.029763907427	-0.0337354355177	-0.0692136992322	0.0270358603223	0.0850637988802	-0.0049922567987
k__Bacteria;p__Bacteroidetes;c__Bacteroidia;o__Bacteroidales;f__Rikenellaceae;g__Alistipes;s__Alistipes_finegoldii	0.0527852605998	-0.0162408030347	-0.0346198743658	0.00472251513813	0.0153796844657	0.0293398651268	-0.0171004377615	-0.0181473575421	1.0	-0.0419701999996	-0.0231793719386	-0.073387164021	-0.0520430504952	0.0168834890312	0.0347257838341	0.0386311487802	0.0248650368382	0.00623364413318	-0.0752947499387	0.0582014385265	0.0170733427448	-0.022023178679	-0.00887948652767	0.0549346035406	-0.0674417298465	0.0560704614326	0.087137141227	-0.0138195776189	0.00919978274105	0.0186745468318	-0.0480429643222	0.0165514557758	-0.0247195321426	0.0300982933843	0.0562928881283	-0.053821739437	-0.0411088518086	-0.0251640238512	-0.0021826088098	0.0149839547692	-0.0239011687516	0.0128329413769	0.00645021608993	-0.0334148470984	0.0714159171292	0.0168895221695	-0.0344857776066	0.0316251223688	-0.0298471115119	-0.0639068790399	-0.0135565908017	-0.00210197062174	-0.0741651332547	-0.0264213106359	-0.0230990764052	-0.0574945331658	-0.0359722792077	-0.0235755158115	-0.0784718725489
k__Bacteria;p__Bacteroidetes;c__Bacteroidia;o__Bacteroidales;f__Porphyromonadaceae;g__Parabacteroides;s__Parabacteroides_distasonis	-0.0055627264031	-0.0564470858376	-0.0015408309198	-0.054846886889	-0.00146527097847	-0.00759992162411	0.0386464363079	0.0234219753325	-0.0419701999996	1.0	-0.0174326264781	0.0209979725691	0.0452498070418	-0.0538373587321	0.009300820041	0.00155583588477	-0.0398711510545	0.022504900457	-0.0179340937996	-0.0131683277432	-0.0217093694663	0.00956595464297	-0.0476221036928	0.0658228707465	0.00301593672438	-0.0486961905781	-0.0485166717028	-0.0459714676823	0.011229069727	-0.0617047648423	-0.0784271261634	-0.0250785628314	0.00854944830362	0.00442143524835	0.0229125174272	0.0132632994886	0.0180641044717	-0.0761014178821	-0.00342785565063	0.0175119127134	0.0041278503539	0.060040666665	0.012742561914	0.0386166649777	0.0257159260066	-0.0208305729626	-0.0177718263403	-0.0556901277643	0.0393895918491	0.0197281411104	-0.0636281849564	-0.0243171098807	-0.0317469587349	0.00111810026133	-0.028468440002	0.0812638471527	0.0146108160587	-0.00194135808977	0.0248396587137
k__Bacteria;p__Bacteroidetes;c__Bacteroidia;o__Bacteroidales;f__Bacteroidaceae;g__Bacteroides;s__Bacteroides_thetaiotaomicron	-0.0614083139247	-0.049673021077	-0.0467752624437	-0.0454359874166	-0.0335305640212	-0.0338636201768	0.0210440846523	0.0401511989353	-0.0231793719386	-0.0174326264781	1.0	-0.00600971429496	-0.00742126940931	0.000946124655518	-0.000722357808188	0.0783089686663	-0.0328704911747	-0.0175820248507	0.0322344662372	0.0343772716985	0.02371175622	-0.0319033467223	-0.00332672309159	-0.0415370132804	-0.0112151578053	-0.0325056844296	-0.019762339404	0.0227657913097	0.0714360606583	-0.0379266303112	0.0408812256495	-0.0274662437673	0.0311414075267	0.0121657576572	0.0137991994185	0.0446570994672	-0.00782266354454	-0.00242930950103	0.00669526960069	6.1339232657e-05	-0.0157128915735	-0.0316258879309	0.0396855233654	-0.0279708935669	-0.0675380134018	-0.0160723788939	-0.022705612156	-0.00746161963084	0.0150047179197	0.00914068546174	-0.0209777834541	-0.0727808045249	0.0544863739102	-0.0307879387755	-0.030658658799	0.00421448291549	-0.0123152907676	0.0166898559644	-0.0331387492516
k__Bacteria;p__Bacteroidetes;c__Bacteroidia;o__Bacteroidales;f__Bacteroidaceae;g__Bacteroides;s__Bacteroides_coprocola	0.0203546449284	-0.0464510417644	-0.00354577794936	-0.0337508622496	0.013828557372	-0.00683749743492	0.0406159536914	-0.010991478256	-0.073387164021	0.0209979725691	-0.00600971429496	1.0	-0.020023503822	-0.0746777402697	0.0184905142938	-0.0515274492497	0.0237307770811	-0.0365851205618	0.0066187770217	0.0165833846489	0.0226067517067	0.0247392008102	-0.00416336520804	-0.0323804493692	-0.046942164795	0.0329522245379	0.0096292680618	0.0270100030072	-0.0693587516069	0.01942783286	0.0213973203264	-0.0488561272273	0.064634169171	-0.0310132957986	-0.00462961510992	-0.0370265032556	0.0301594997551	-0.0472001471717	0.0803368322422	-0.0482363044446	0.00797079219608	0.012179040291	-0.0194249283177	0.00512709039452	-0.0479236502453	-0.0341014454354	0.0306400280206	-0.0152653975926	-0.0504378687045	-0.0194329784465	0.00768732164376	0.019533021021	0.00627904277336	0.0316412367636	-0.0598395411419	-0.045936163123	-0.00519545830101	0.0205057645251	-0.0116540687414
k__Bacteria;p__Bacteroidetes;c__Bacteroidia;o__Bacteroidales;f__Bacteroidaceae;g__Bacteroides;s__Bacteroides_cellulosilyticus	0.0458195882303	-0.0285263355276	0.00463106957087	-0.00289868602618	-0.0201058263361	-0.00445241661668	0.0167956607355	0.00530883185004	-0.0520430504952	0.0452498070418	-0.00742126940931	-0.020023503822	1.0	0.00297870085571	-0.0100594488561	-0.037675697031	-0.0767691923116	-0.0149217869273	-0.0523761938915	-0.0679286437444	0.0188022077825	-0.00208140816067	-0.0820198351552	-0.0178119242148	0.0202851808195	-0.0210496899031	-0.0650686593584	-0.0472482992248	-0.0100644900089	-0.0762393553098	0.00684756948501	-0.0581762847839	0.0715425294572	0.00263051581095	-0.0599035002153	0.0137531154895	-0.0468434627055	-0.00518325712465	-0.00783832012612	0.0266108644358	-0.0368720152011	-0.0245990797097	0.0282924838126	0.00331849416467	0.00958429529051	-0.0172954426679	-0.00217448405671	0.0206559203403	-0.0457056564961	0.0395553991202	0.00574692006825	0.0506990778457	-0.0385029380936	0.0756805256914	0.0349356759508	-0.0484019995284	0.0638303665226	-0.0308772506883	-0.0188361103045
k__Bacteria;p__Bacteroidetes;c__Bacteroidia;o__Bacteroidales;f__Rikenellaceae;g__Alistipes;s__Alistipes_obesi	-0.0555973002365	0.0923583890622	-0.0241992730323	-0.0429460033638	0.0566158881151	0.00913764313587	-0.0175682977217	0.0242013862511	0.0168834890312	-0.0538373587321	0.000946124655518	-0.0746777402697	0.00297870085571	1.0	-0.0518079708801	0.018797168829	0.0536468379457	0.000420636420235	0.0321859988874	-0.0588162706562	0.00581870179622	0.00999325510607	-0.0330370323005	-0.0335095203516	0.0215906499796	0.061031260039	0.0291288920557	0.0189801090275	0.0385228965221	-0.0237069247506	0.0562301134469	0.081547817659	0.0253483181166	0.028723285024	-0.0348934987817	-0.0751776531761	-0.0220942190543	-0.00309043472892	-0.016473673831	-0.001693053409	0.00474704910545	0.00558103520142	0.0215074312207	-0.0430321779172	0.0401593433352	-0.0997086510093	0.00920074820518	-0.0071993384488	-0.0327890707338	0.0259950704553	0.0283613571017	-0.0302375397319	0.0136887223437	-0.0639667229146	-0.0193194377854	0.00948592206095	-0.0476391939895	-0.00723368200707	-0.0825722747776
k__Bacteria;p__Firmicutes;c__Clostridia;o__Clostridiales;f__Lachnospiraceae;g__;s__[Eubacterium]_rectale	-0.0116194028561	-0.0507294176907	0.0157314049799	0.00402793906211	-0.00680391769572	-0.0176962536425	0.0447021355702	-0.0113122218394	0.0347257838341	0.009300820041	-0.000722357808188	0.0184905142938	-0.0100594488561	-0.0518079708801	1.0	0.0055192786665	0.00156446356611	-0.0241191139767	-0.0214907236104	-0.0143033553272	0.025996838778	-0.0671149036792	0.0325850948647	-0.000139984864148	0.0124742571412	-0.0216746698567	-0.0538110852363	0.0391503302578	0.0141975230669	0.00264891084826	0.0354937039028	-0.0277750799646	-0.0246936711855	0.00223561412642	-0.0167014869992	0.0180915702321	0.0309529074307	-0.0790785948126	0.0516166836407	0.0158920136871	0.0541515302071	-0.0260279327897	0.0455630183773	-0.00788470389362	-0.0523539088791	-0.0106827889153	-0.015267387055	-0.0741429259996	-0.024135144355	-0.095675581073	-0.0428149304954	0.00934150177124	0.0223757209688	0.0130871629197	-0.0167680523651	-0.0546754109569	-0.0714209174035	-0.0444992658497	0.0423240489805
k__Bacteria;p__Bacteroidetes;c__Bacteroidia;o__Bacteroidales;f__Bacteroidaceae;g__Bacteroides;s__Bacteroides_plebeius	0.0161655682299	-0.0149886813758	0.00854484765257	-0.0569077567315	0.0168932042714	-0.0184956017121	0.0173296501811	-0.0265808133949	0.0386311487802	0.00155583588477	0.0783089686663	-0.0515274492497	-0.037675697031	0.018797168829	0.0055192786665	1.0	0.038939728263	0.0688772512429	-0.110415512324	-0.0491824017789	-0.0260534546125	-0.0213851728525	-0.0558420542128	0.0107752271758	0.0207353047793	-0.0409664516595	0.00929677642681	0.0362955423797	0.0325466406611	-0.0212239406997	-0.00649763192069	-0.00546214421144	-0.0323341092567	-0.0881932870187	0.00511766794207	-0.0243602174336	-0.0346037455655	0.0327011319342	-0.0256221753536	-0.0512778021852	0.00628112779323	0.0247125939829	-0.0433385237442	-0.0468035557428	0.00164666502176	0.00458855196904	0.0591762735026	0.0160081486115	-0.00405894733386	0.0548732318887	-0.0388809996566	-0.014492892257	0.0396189129371	0.00452150775907	0.0530222871571	-0.0114567350315	5.89290857746e-05	0.0526699153313	-0.037652530943
k__Bacteria;p__Bacteroidetes;c__Bacteroidia;o__Bacteroidales;f__Bacteroidaceae;g__Bacteroides;s__Bacteroides_fragilis	-0.0307550376633	-0.0211596980728	0.0104906693156	0.000307538465387	-0.00670400421136	0.0162686931424	0.0472668720008	-0.0577139451158	0.0248650368382	-0.0398711510545	-0.0328704911747	0.0237307770811	-0.0767691923116	0.0536468379457	0.00156446356611	0.038939728263	1.0	-0.0566454822494	-0.0196026065453	-0.0174809276523	0.0261022778163	0.0197337599735	-0.00119298888191	-0.0594566863465	-0.032555723671	0.0696795107993	0.028454707516	-0.0475841728961	0.075076257882	0.023297113256	0.0419193495917	-0.0754398223344	-0.00943088852861	0.0370501717028	-0.0274351723454	0.00720501207837	-0.00138097733106	0.0284753272488	-0.0468743940427	0.0202347326308	-0.0392334518117	0.0455970061326	-0.0100314251178	-0.0106472933445	0.0251853380195	0.00401857193447	-0.0593613379033	-0.00872543231658	-0.0275174370904	-0.0452651850417	0.019423658698	-0.104237770283	-0.0102850659064	-0.0109559657775	-0.041280686067	-0.0535393946828	0.0147431101557	0.0395119594083	0.0138113635707
k__Bacteria;p__Proteobacteria;c__Betaproteobacteria;o__Burkholderiales;f__Sutterellaceae;g__Sutterella;s__Sutterella_wadsworthensis	-0.0274505792219	0.0175733182933	0.0351143155095	0.00881716707512	-0.024782718061	-0.040921760876	-0.0647278867888	-0.0584697375682	0.00623364413318	0.022504900457	-0.0175820248507	-0.0365851205618	-0.0149217869273	0.000420636420235	-0.0241191139767	0.0688772512429	-0.0566454822494	1.0	0.0441079621676	-0.0369591997995	0.0339072911304	-0.0537994165551	-0.0656384011606	0.0285914079711	0.0138412146738	-0.00397673750805	-0.0223632690497	0.0191522648921	-0.0276631842871	0.0288251458169	0.041656182847	0.0473321623462	-0.0398776264048	-0.026122800074	0.0257262583799	0.0358238878024	-0.0111287605765	0.0333331764527	-0.0164274151429	-0.0131107835292	-0.0229961928019	0.0514606475291	0.00467648042894	0.0418964526876	0.0274508866321	0.032915502998	-0.00329569813513	-0.0581958118082	-0.026701329831	-0.0189890603823	-0.0236588375384	0.0505393698476	-0.00321044593004	-0.0184290483659	-0.0309647130852	0.0467263952593	-0.00117872654206	0.0205947783455	0.0083937219973
k__Bacteria;p__Bacteroidetes;c__Bacteroidia;o__Bacteroidales;f__Porphyromonadaceae;g__Barnesiella;s__Barnesiella_intestinihominis	0.0302405996537	-0.0255091563685	-0.000261069466273	-0.0382667542035	-0.0293365753728	-0.0363545141362	0.0311367465994	-0.0298237593318	-0.0752947499387	-0.0179340937996	0.0322344662372	0.0066187770217	-0.0523761938915	0.0321859988874	-0.0214907236104	-0.110415512324	-0.0196026065453	0.0441079621676	1.0	-0.00107560206566	-0.00550409582552	0.00274642267126	-0.0385396869054	-0.0546847694806	-0.0124833765169	-0.0346362531333	0.0998811919462	-0.0225820802505	-0.0144190360053	-0.0533731553219	0.0229839949906	-0.0324778993253	0.00399890649595	-0.0240832258893	-0.000883986968431	-0.0916198629633	0.00628971765159	-0.0312094473653	0.0264609002798	-0.0385658275426	-0.00974761193339	-0.000322368862973	0.0601128915207	-0.0419014652309	0.0182506512779	-0.0429579288106	0.0745815931011	-0.0700246335204	-0.024490967315	-0.00699251654594	0.00869918021493	0.0352427224543	0.0402370869269	-0.00841831578597	-0.0180552196434	-0.00223700199848	-0.0339558051473	0.00300209080004	0.0462314121668
k__Bacteria;p__Bacteroidetes;c__Bacteroidia;o__Bacteroidales;f__Odoribacteraceae;g__Odoribacter;s__Odoribacter_splanchnicus	-0.0156110313871	-0.0165310047971	0.031021477859	0.034402598013	0.0880471430167	-0.0049007617185	0.0224247193654	0.00300916425153	0.0582014385265	-0.0131683277432	0.0343772716985	0.0165833846489	-0.0679286437444	-0.0588162706562	-0.0143033553272	-0.0491824017789	-0.0174809276523	-0.0369591997995	-0.00107560206566	1.0	0.00388226429008	-0.0482956496029	-0.047291676825	-0.0352844956096	0.0397072372427	-0.0505027059813	-0.0185076930997	-0.0142150078447	0.0141657331748	-0.0713248148886	0.000222960461953	0.0961883122637	-0.04038193861	0.0472859054687	0.050157767868	0.00876190742068	0.0317969557049	0.0135363019375	0.102800886974	-0.0525301243391	-0.047213059238	-0.042133470197	-0.0785686119645	-0.00992821477965	0.0215079780651	-0.0777937823786	0.00972716848792	0.0581453813056	-0.00483808986065	0.00558849039763	0.0318689671368	-0.0529903553013	0.0392731362396	0.00802418265911	-0.0204172073142	-0.00392664260921	-0.00113073663838	0.056608302661	-0.0522709977865
k__Bacteria;p__Bacteroidetes;c__Bacteroidia;o__Bacteroidales;f__Bacteroidaceae;g__Bacteroides;s__Bacteroides_salyersiae	-0.0516719248818	-0.036422470426	0.0739335093534	0.0519320338582	-0.0425052036876	-0.0186372698491	0.0572408753646	-0.0391284106703	0.0170733427448	-0.0217093694663	0.02371175622	0.0226067517067	0.0188022077825	0.00581870179622	0.025996838778	-0.0260534546125	0.0261022778163	0.0339072911304	-0.00550409582552	0.00388226429008	1.0	-0.0234688470376	-0.0868384820236	-0.00906433144359	0.0258980352369	0.0231696032206	0.0097938144964	-0.0530850737248	-0.0635952208917	-0.0380935534214	-0.0557076991761	-0.00767652121866	0.0318131753362	-0.00940246801009	0.00195229033485	0.012111279263	-0.0171911015334	-0.000216734142818	0.0337233179163	-0.0799741043321	-0.0745271520504	0.0386827057899	0.0344665566534	-0.047580410347	0.0570501044296	-0.0464632057474	0.0254358135557	0.000916993827202	-0.0137659806241	0.0047617077658	0.0125603978841	-0.0322494171353	-0.0148854296004	-0.0284819130681	-0.0100640466261	-0.0538271696492	0.0256588718323	-0.0067576225541	-0.0492330685933
k__Bacteria;p__Firmicutes;c__Clostridia;o__Clostridiales;f__Ruminococcaceae;g__Ruminiclostridium;s__[Eubacterium]_siraeum	0.037327180566	0.0169378042531	0.0194911804473	0.0099927098372	-0.0110107661008	-0.0180912659708	0.0223752282328	0.001026622585	-0.022023178679	0.00956595464297	-0.0319033467223	0.0247392008102	-0.00208140816067	0.00999325510607	-0.0671149036792	-0.0213851728525	0.0197337599735	-0.0537994165551	0.00274642267126	-0.0482956496029	-0.0234688470376	1.0	0.0546687715792	-0.0370653147351	-0.00116615469647	-0.0798881409907	0.00674309161568	-0.00768244543425	-0.0121846284166	-0.0140719856343	0.041477531038	-0.070833587792	-0.0716509950566	0.0562519827775	0.0135675784677	-0.0233553648393	-0.0417738088504	0.0327139700606	-0.0814134168421	-0.0319873676448	0.0993370540691	-0.019534142506	-0.0348871419298	0.0160931105816	0.0398955006627	0.0030708367948	-0.0221268753549	0.0016260921091	-0.0129993464439	-0.0565105781587	0.0116396545342	0.0373527267669	-0.0613058751346	0.0120702498089	-0.042721173823	0.0192194770397	-0.00737002773928	-0.0639597443962	0.0713517501064
k__Bacteria;p__Proteobacteria;c__Betaproteobacteria;o__Burkholderiales;f__Sutterellaceae;g__Parasutterella;s__Parasutterella_excrementihominis	-0.032589753646	0.00821666760434	0.00351942573168	-0.0405362476329	-0.0128783019996	-0.0124856324364	-0.0493839920681	-0.0633565509297	-0.00887948652767	-0.0476221036928	-0.00332672309159	-0.00416336520804	-0.0820198351552	-0.0330370323005	0.0325850948647	-0.0558420542128	-0.00119298888191	-0.0656384011606	-0.0385396869054	-0.047291676825	-0.0868384820236	0.0546687715792	1.0	-0.0587514277054	-0.00308258617095	-0.0259337273113	-0.0296916871644	-0.0608536966683	-0.0339629309771	-0.00201881898216	0.0265340384971	0.019214607177	-0.0130957830838	-0.0332858602094	0.00623697710017	-0.0771285015798	0.00596112463632	-0.0812949276717	0.0428748799812	-0.000996075811406	-0.0226750042968	0.0303905749517	-0.0306679269021	-0.0271668523405	0.044598808468	0.0663574650032	-0.00776988282369	0.0407250137322	0.0373096693017	-0.0499329540821	-0.00667749173096	0.00583965594679	-0.0514759563337	-0.0116963118747	0.00146438905447	0.0415628721292	0.0132366324416	-0.0456914667226	-0.0355083521846
k__Bacteria;p__Actinobacteria;c__Actinobacteria;o__Bifidobacteriales;f__Bifidobacteriaceae;g__Bifidobacterium;s__Bifidobacterium_adolescentis	-0.00205435132599	0.00271969335779	-0.024380366478	-0.0552821274368	-0.0424354649274	0.0505100565019	-0.00336708229114	-0.0105383344057	0.0549346035406	0.0658228707465	-0.0415370132804	-0.0323804493692	-0.0178119242148	-0.0335095203516	-0.000139984864148	0.0107752271758	-0.0594566863465	0.0285914079711	-0.0546847694806	-0.0352844956096	-0.00906433144359	-0.0370653147351	-0.0587514277054	1.0	-0.0426150358896	-0.0315655424117	-0.0524594595015	0.0238807144766	0.00920507775836	-0.0273726576335	-0.000264398298034	0.0130796285345	-0.095747705906	0.0123630611286	0.0263155342108	-0.0351647197229	-0.0057521297848	0.0547053163957	-0.0231851517781	-0.046596761319	-0.043835293624	-0.0163766307899	-0.0504655351959	-0.042556565667	0.0137293159811	-0.0280757767083	-0.0158325960132	-0.00316388839725	-0.021238698225	0.00156385266974	0.0120801945955	0.00934072231511	0.018326735049	-0.0277943815851	0.0526974557496	-0.0389286784721	0.0196089807653	-0.0200023039993	0.000618018419392
k__Bacteria;p__Firmicutes;c__Clostridia;o__Clostridiales;f__Oscillospiraceae;g__Oscillibacter;s__Oscillibacter_sp._KLE_1745	0.0782084956809	-0.0384514692103	-0.0321737898593	0.0122481108919	0.0346192621013	-0.0154861219798	-0.00718218906084	-0.0407792653936	-0.0674417298465	0.00301593672438	-0.0112151578053	-0.046942164795	0.0202851808195	0.0215906499796	0.0124742571412	0.0207353047793	-0.032555723671	0.0138412146738	-0.0124833765169	0.0397072372427	0.0258980352369	-0.00116615469647	-0.00308258617095	-0.0426150358896	1.0	-0.00113044135189	0.0379060102751	-0.05507156101	0.00636045665378	-0.0185491609831	-0.0174267409086	-0.0411918523647	-0.042174277179	-0.0648043711283	0.00258981021198	-0.0249378176496	0.0366924388569	-0.0453621437603	0.0292893294598	-0.0266567939911	-0.0111510298166	0.0144063786494	-0.0341644484265	-0.00513886470089	-0.0125759702734	-0.0954295347025	-0.00559929036752	-0.0260201596043	-0.0132041592595	-0.0189941808051	0.0409178036306	0.00275093136638	-0.0402432661898	0.0713991170172	-0.0322819413081	0.00242883609847	0.021807557583	0.00633219699835	-0.0654029660069
k__Bacteria;p__Bacteroidetes;c__Bacteroidia;o__Bacteroidales;f__Bacteroidaceae;g__Bacteroides;s__Bacteroides_coprophilus	-0.0155728881121	-0.0426920613373	-0.0441422139333	0.0176182415875	-0.101645123193	-0.0420261487322	-0.0256352842912	-0.0127455963934	0.0560704614326	-0.0486961905781	-0.0325056844296	0.0329522245379	-0.0210496899031	0.061031260039	-0.0216746698567	-0.0409664516595	0.0696795107993	-0.00397673750805	-0.0346362531333	-0.0505027059813	0.0231696032206	-0.0798881409907	-0.0259337273113	-0.0315655424117	-0.00113044135189	1.0	-0.0505780205687	-0.049706658867	0.0159723687785	-0.0264817655889	0.0214898462185	0.00337424632575	-0.00258849488956	0.00216733133989	0.0383800361852	0.0101759474408	0.0205009610966	-0.0369140649793	0.0126729896627	-0.0618979253104	-0.00865171896439	-0.0432410329242	-0.0445251589006	0.0258126331812	-0.0244544314324	-0.0791808043469	-0.010616505458	-0.0214244557396	0.0954273787199	-0.0428137936736	-0.00948240622614	0.0348293277731	-0.0194701696059	0.0497483895073	0.0146122591826	-0.0288355079831	-0.0233287922418	-0.0188839781666	-0.0113321269827
k__Bacteria;p__Firmicutes;c__Clostridia;o__Clostridiales;f__Lachnospiraceae;g__Roseburia;s__Roseburia_intestinalis	0.0266658870618	-0.0159914969363	0.0167752539154	-0.0312808686146	0.0260216911844	0.0241209014028	0.00930656971709	-0.00696873230538	0.087137141227	-0.0485166717028	-0.019762339404	0.0096292680618	-0.0650686593584	0.0291288920557	-0.0538110852363	0.00929677642681	0.028454707516	-0.0223632690497	0.0998811919462	-0.0185076930997	0.0097938144964	0.00674309161569	-0.0296916871644	-0.0524594595015	0.0379060102751	-0.0505780205687	1.0	0.00269832929851	0.0545768283069	-0.0359945988567	-0.0420966470879	-0.075403931629	-0.0200272320849	-0.0374810179475	-0.0473025189672	-0.0686655629584	-0.0974517713792	0.0251517508949	-0.0375254690953	-0.00765373010443	-0.0276969440115	0.00965731648224	0.0234737228114	-0.0500211946082	-0.0227017578446	0.00287066994841	0.0417126352149	0.00900609293775	-0.0167013310998	-0.0321644893099	0.0562391299725	-0.00116032555778	-0.0394967581023	-0.0293883112764	0.0613714305591	0.0280033772565	-0.0445154507207	-0.0561489890264	0.0153050363961
k__Bacteria;p__Firmicutes;c__Clostridia;o__Clostridiales;f__Lachnospiraceae;g__Roseburia;s__Roseburia_hominis	-0.0381709765579	-0.0270372836822	-0.0355184803946	0.0146395980205	-0.0209789210431	-0.0479108037638	0.0129897053065	-0.0176349085441	-0.0138195776189	-0.0459714676823	0.0227657913097	0.0270100030072	-0.0472482992248	0.0189801090275	0.0391503302578	0.0362955423797	-0.0475841728961	0.0191522648921	-0.0225820802505	-0.0142150078447	-0.0530850737248	-0.00768244543425	-0.0608536966683	0.0238807144766	-0.05507156101	-0.049706658867	0.00269832929851	1.0	0.00551675721463	0.0128551634215	-0.00205801036487	-0.0391135101057	0.0167674294719	-0.0348082827035	0.00320095146583	0.0671154464111	0.00041098601489	0.0412537824663	0.0361802352584	-0.0220998467761	0.00550664252382	-0.0412552618912	-0.0163816377517	0.0455609432712	-0.048935635751	-0.0177513120914	0.0107119053047	0.00311071691506	-0.0358818401458	-0.063323174876	-0.0124191626408	0.0394342922282	-0.027718336394	0.0225565084188	0.0518831629552	0.00388712693069	-0.0569610320864	-0.00805066099513	-0.0296009052897
k__Bacteria;p__Bacteroidetes;c__Bacteroidia;o__Bacteroidales;f__Porphyromonadaceae;g__Parabacteroides;s__Parabacteroides_johnsonii	-0.00180661000723	-0.0292873099227	0.038540553155	0.0188713290231	-0.00859349992084	0.0305432479897	-0.0410225936476	-0.0177894904166	0.00919978274105	0.011229069727	0.0714360606583	-0.0693587516069	-0.0100644900089	0.0385228965221	0.0141975230669	0.0325466406611	0.075076257882	-0.0276631842871	-0.0144190360053	0.0141657331748	-0.0635952208917	-0.0121846284166	-0.0339629309771	0.00920507775836	0.00636045665378	0.0159723687785	0.0545768283069	0.00551675721463	1.0	-0.0456309684267	-0.0134684591757	-0.0483486080739	-0.0560885868683	-0.00407723204027	-0.0459439288473	-0.00924143561182	-0.0252720971934	0.00181576205786	0.00214422082026	0.000797621160129	-0.0134938475399	0.0334627011208	0.00732318703891	0.00307574242236	-0.00710908218959	-0.027970508748	0.00991370565341	-0.00651027992709	0.00712920812047	0.00434443852724	-0.0367409035386	-0.0273161572489	-0.027221016127	-0.0230561175762	-0.0344015352595	-0.0291517567743	-0.0377491454324	0.0261133580632	0.0498724641875
k__Bacteria;p__Actinobacteria;c__Actinobacteria;o__Bifidobacteriales;f__Bifidobacteriaceae;g__Bifidobacterium;s__Bifidobacterium_longum	-0.0325746195889	-0.0438235421602	0.00276720817249	-0.021492659917	-0.0244657456915	-0.0266581496116	-0.0544188077476	-0.0305372656306	0.0186745468318	-0.0617047648423	-0.0379266303112	0.01942783286	-0.0762393553098	-0.0237069247506	0.00264891084826	-0.0212239406997	0.023297113256	0.0288251458169	-0.0533731553219	-0.0713248148886	-0.0380935534214	-0.0140719856343	-0.00201881898216	-0.0273726576335	-0.0185491609831	-0.0264817655889	-0.0359945988567	0.0128551634215	-0.0456309684267	1.0	-0.00480310446562	0.045784026166	0.0310130770377	0.00149953819982	0.0299556711544	0.0125911670529	0.0129325073095	-0.00368419739921	0.0171579624297	0.0261007793296	0.0133617475252	-0.032915418237	0.0198656159628	-0.00133573999354	-0.0296582480915	-0.0461312739512	0.0456206781989	-0.0329094146883	0.039473901823	-0.0332846326351	0.0145312548788	0.0355454567907	0.0173961691388	-0.0779430305163	-0.0174942506026	0.027377366763	-0.0199575162799	-0.00611273815822	-0.0387456487498
