#taxonomy	k__Bacteria;p__Bacteroidetes;c__Bacteroidia;o__Bacteroidales;f__Bacteroidaceae;g__Bacteroides;s__Bacteroides_vulgatus	k__Bacteria;p__Bacteroidetes;c__Bacteroidia;o__Bacteroidales;f__Bacteroidaceae;g__Bacteroides;s__Bacteroides_uniformis	k__Bacteria;p__Bacteroidetes;c__Bacteroidia;o__Bacteroidales;f__Rikenellaceae;g__Alistipes;s__Alistipes_putredinis	k__Bacteria;p__Bacteroidetes;c__Bacteroidia;o__Bacteroidales;f__Prevotellaceae;g__Prevotella;s__Prevotella_copri	k__Bacteria;p__Bacteroidetes;c__Bacteroidia;o__Bacteroidales;f__Bacteroidaceae;g__Bacteroides;s__Bacteroides_stercoris	k__Bacteria;p__Bacteroidetes;c__Bacteroidia;o__Bacteroidales;f__Bacteroidaceae;g__Bacteroides;s__Bacteroides_ovatus	k__Bacteria;p__Bacteroidetes;c__Bacteroidia;o__Bacteroidales;f__Rikenellaceae;g__Alistipes;s__Alistipes_shahii	k__Bacteria;p__Firmicutes;c__Clostridia;o__Clostridiales;f__Ruminococcaceae;g__Faecalibacterium;s__Faecalibacterium_prausnitzii	k__Bacteria;p__Bacteroidetes;c__Bacteroidia;o__Bacteroidales;f__Rikenellaceae;g__Alistipes;s__Alistipes_finegoldii	k__Bacteria;p__Bacteroidetes;c__Bacteroidia;o__Bacteroidales;f__Porphyromonadaceae;g__Parabacteroides;s__Parabacteroides_distasonis	k__Bacteria;p__Bacteroidetes;c__Bacteroidia;o__Bacteroidales;f__Bacteroidaceae;g__Bacteroides;s__Bacteroides_thetaiotaomicron	k__Bacteria;p__Bacteroidetes;c__Bacteroidia;o__Bacteroidales;f__Bacteroidaceae;g__Bacteroides;s__Bacteroides_coprocola	k__Bacteria;p__Bacteroidetes;c__Bacteroidia;o__Bacteroidales;f__Bacteroidaceae;g__Bacteroides;s__Bacteroides_cellulosilyticus	k__Bacteria;p__Bacteroidetes;c__Bacteroidia;o__Bacteroidales;f__Rikenellaceae;g__Alistipes;s__Alistipes_obesi	k__Bacteria;p__Firmicutes;c__Clostridia;o__Clostridiales;f__Lachnospiraceae;g__;s__[Eubacterium]_rectale	k__Bacteria;p__Bacteroidetes;c__Bacteroidia;o__Bacteroidales;f__Bacteroidaceae;g__Bacteroides;s__Bacteroides_plebeius	k__Bacteria;p__Bacteroidetes;c__Bacteroidia;o__Bacteroidales;f__Bacteroidaceae;g__Bacteroides;s__Bacteroides_fragilis	k__Bacteria;p__Proteobacteria;c__Betaproteobacteria;o__Burkholderiales;f__Sutterellaceae;g__Sutterella;s__Sutterella_wadsworthensis	k__Bacteria;p__Bacteroidetes;c__Bacteroidia;o__Bacteroidales;f__Porphyromonadaceae;g__Barnesiella;s__Barnesiella_intestinihominis	k__Bacteria;p__Bacteroidetes;c__Bacteroidia;o__Bacteroidales;f__Odoribacteraceae;g__Odoribacter;s__Odoribacter_splanchnicus	k__Bacteria;p__Bacteroidetes;c__Bacteroidia;o__Bacteroidales;f__Bacteroidaceae;g__Bacteroides;s__Bacteroides_salyersiae	k__Bacteria;p__Firmicutes;c__Clostridia;o__Clostridiales;f__Ruminococcaceae;g__Ruminiclostridium;s__[Eubacterium]_siraeum	k__Bacteria;p__Proteobacteria;c__Betaproteobacteria;o__Burkholderiales;f__Sutterellaceae;g__Parasutterella;s__Parasutterella_excrementihominis	k__Bacteria;p__Actinobacteria;c__Actinobacteria;o__Bifidobacteriales;f__Bifidobacteriaceae;g__Bifidobacterium;s__Bifidobacterium_adolescentis	k__Bacteria;p__Firmicutes;c__Clostridia;o__Clostridiales;f__Oscillospiraceae;g__Oscillibacter;s__Oscillibacter_sp._KLE_1745	k__Bacteria;p__Bacteroidetes;c__Bacteroidia;o__Bacteroidales;f__Bacteroidaceae;g__Bacteroides;s__Bacteroides_coprophilus	k__Bacteria;p__Firmicutes;c__Clostridia;o__Clostridiales;f__Lachnospiraceae;g__Roseburia;s__Roseburia_intestinalis	k__Bacteria;p__Firmicutes;c__Clostridia;o__Clostridiales;f__Lachnospiraceae;g__Roseburia;s__Roseburia_hominis	k__Bacteria;p__Bacteroidetes;c__Bacteroidia;o__Bacteroidales;f__Porphyromonadaceae;g__Parabacteroides;s__Parabacteroides_johnsonii	k__Bacteria;p__Actinobacteria;c__Actinobacteria;o__Bifidobacteriales;f__Bifidobacteriaceae;g__Bifidobacterium;s__Bifidobacterium_longum	k__Bacteria;p__Firmicutes;c__Clostridia;o__Clostridiales;f__;g__Flavonifractor;s__Flavonifractor_plautii	k__Bacteria;p__Firmicutes;c__Clostridia;o__Clostridiales;f__Clostridiaceae;g__Clostridium;s__Clostridium_phoceensis	k__Bacteria;p__Verrucomicrobia;c__Verrucomicrobiae;o__Verrucomicrobiales;f__Akkermansiaceae;g__Akkermansia;s__Akkermansia_muciniphila	k__Bacteria;p__Bacteroidetes;c__Bacteroidia;o__Bacteroidales;f__Prevotellaceae;g__Paraprevotella;s__Paraprevotella_xylaniphila	k__Bacteria;p__Firmicutes;c__Clostridia;o__Clostridiales;f__Ruminococcaceae;g__Ruminococcus;s__Ruminococcus_callidus	k__Bacteria;p__Bacteroidetes;c__Bacteroidia;o__Bacteroidales;f__Rikenellaceae;g__Alistipes;s__Alistipes_senegalensis	k__Bacteria;p__Firmicutes;c__Clostridia;o__Clostridiales;f__Lachnospiraceae;g__Blautia;s__Blautia_sp._KLE_1732	k__Bacteria;p__Bacteroidetes;c__Bacteroidia;o__Bacteroidales;f__Bacteroidaceae;g__Bacteroides;s__Bacteroides_oleiciplenus	k__Bacteria;p__Firmicutes;c__Clostridia;o__Clostridiales;f__Ruminococcaceae;g__Ruminococcus;s__Ruminococcus_bicirculans	k__Bacteria;p__Bacteroidetes;c__Bacteroidia;o__Bacteroidales;f__Bacteroidaceae;g__Bacteroides;s__Bacteroides_fluxus	k__Bacteria;p__Bacteroidetes;c__Bacteroidia;o__Bacteroidales;f__Prevotellaceae;g__Prevotella;s__Prevotella_stercorea	k__Bacteria;p__Firmicutes;c__Clostridia;o__Clostridiales;f__Lachnospiraceae;g__Dorea;s__Dorea_longicatena	k__Bacteria;p__Firmicutes;c__Clostridia;o__Clostridiales;f__Eubacteriaceae;g__Eubacterium;s__[Eubacterium]_eligens	k__Bacteria;p__Firmicutes;c__Clostridia;o__Clostridiales;f__Ruminococcaceae;g__;s__Ruminococcaceae_bacterium_D16	k__Bacteria;p__Firmicutes;c__Clostridia;o__Clostridiales;f__Lachnospiraceae;g__Coprococcus;s__Coprococcus_comes	k__Bacteria;p__Proteobacteria;c__Gammaproteobacteria;o__Enterobacterales;f__Enterobacteriaceae;g__Escherichia;s__Escherichia_coli	k__Bacteria;p__Firmicutes;c__Clostridia;o__Clostridiales;f__Ruminococcaceae;g__Anaerotruncus;s__Anaerotruncus_colihominis	k__Bacteria;p__Firmicutes;c__Clostridia;o__Clostridiales;f__Lachnospiraceae;g__Blautia;s__Blautia_obeum	k__Bacteria;p__Bacteroidetes;c__Bacteroidia;o__Bacteroidales;f__Odoribacteraceae;g__Odoribacter;s__Odoribacter_laneus	k__Bacteria;p__Firmicutes;c__Clostridia;o__Clostridiales;f__Ruminococcaceae;g__Ruminiclostridium;s__[Clostridium]_leptum	k__Bacteria;p__Bacteroidetes;c__Bacteroidia;o__Bacteroidales;f__Porphyromonadaceae;g__Parabacteroides;s__Parabacteroides_goldsteinii	k__Bacteria;p__Firmicutes;c__Clostridia;o__Clostridiales;f__Lachnospiraceae;g__Anaerostipes;s__Anaerostipes_hadrus	k__Bacteria;p__Firmicutes;c__Clostridia;o__Clostridiales;f__Ruminococcaceae;g__Ruminococcus;s__Ruminococcus_lactaris	k__Bacteria;p__Firmicutes;c__Clostridia;o__Clostridiales;f__Clostridiaceae;g__Clostridium;s__Clostridium_sp._L2-50	k__Bacteria;p__Firmicutes;c__Clostridia;o__Clostridiales;f__Clostridiaceae;g__Clostridium;s__Clostridium_sp._M62/1	k__Bacteria;p__Firmicutes;c__Clostridia;o__Clostridiales;f__;g__Intestinimonas;s__Intestinimonas_butyriciproducens	k__Bacteria;p__Actinobacteria;c__Actinobacteria;o__Bifidobacteriales;f__Bifidobacteriaceae;g__Bifidobacterium;s__Bifidobacterium_bifidum	k__Bacteria;p__Firmicutes;c__Negativicutes;o__Veillonellales;f__Veillonellaceae;g__Dialister;s__Dialister_invisus	k__Bacteria;p__Bacteroidetes;c__Bacteroidia;o__Bacteroidales;f__Bacteroidaceae;g__Bacteroides;s__Bacteroides_salanitronis
k__Bacteria;p__Bacteroidetes;c__Bacteroidia;o__Bacteroidales;f__Bacteroidaceae;g__Bacteroides;s__Bacteroides_vulgatus	1.0	-0.0285654751805	-0.0369271827665	0.00830333922766	-0.00121677543527	-0.0215250533865	0.000153939270659	-0.0445065279073	-0.0625117131725	0.0645598723954	0.00646765035061	0.0071415054937	-0.0633311002089	0.0329134517613	-0.0368254645514	-0.0124529016748	-0.0407132437247	0.0390861243011	-0.0219314780473	0.0398547703069	0.00172285509189	-0.0206999083185	0.0577716920851	0.0263190611807	-0.0175477336493	0.0148552387142	0.060122800828	0.00357713880397	0.0555425489541	-0.0190527722319	-0.0204190154733	0.0454373384484	0.0383158831331	0.00268926687578	-0.027645169545	0.00630922180584	0.0386632562807	0.0101746069335	-0.0109162643871	0.0383751685656	-0.0409636443883	-0.0652940377313	-0.0296470798543	-0.0103743986399	0.0544884732178	-0.0406560198629	-0.0542620090151	-0.0349482632493	-0.085940623843	-0.0355992148988	-0.0557206321879	-0.0125103551776	-0.029490744712	0.00293906840695	0.00521558482639	-0.0427714606224	-0.0153337601831	-0.0222576251742	0.0290209125751
k__Bacteria;p__Bacteroidetes;c__Bacteroidia;o__Bacteroidales;f__Bacteroidaceae;g__Bacteroides;s__Bacteroides_uniformis	-0.0285654751805	1.0	-0.0467810923279	-0.073037803039	-0.0399079474438	-0.0593641780129	-0.0274357926573	-0.0374491131854	-0.0136531211262	0.0158950133814	-0.0283233052632	0.00768032909955	-0.00262763805413	0.0280338079286	-0.0215514694518	-0.0411176580365	0.00295731756656	-0.0183466218299	-0.025311642003	0.0159799317317	-0.0144571851333	-0.0414230259321	0.00251946300213	-0.0330076795973	-0.0113480853992	0.0226804847593	0.0416085389948	-0.0124024600576	-0.0209244814312	-0.0216145643264	0.0692867303079	0.00717159626946	0.0490185471423	0.0448780713903	-0.0598678569172	-0.00983245919402	0.000822064932155	-0.0141643830562	-0.0245406075834	0.0151167840042	-0.0101174494369	0.0449818912519	-0.0184425777235	0.106806155187	0.0270798983985	0.00920299519645	-0.00761638020457	0.00779064173517	-0.0709573304419	-0.00698187297602	0.0637975757676	0.0297383432696	0.00611543219941	0.0583914622488	-0.0241280911333	0.00351421421364	-0.0233050814965	-0.0180921319919	-0.0460094444341
k__Bacteria;p__Bacteroidetes;c__Bacteroidia;o__Bacteroidales;f__Rikenellaceae;g__Alistipes;s__Alistipes_putredinis	-0.0369271827665	-0.0467810923279	1.0	0.0070887762035	0.0590436799012	-0.0756210410206	-0.0364060471741	-0.0561404636939	0.0124447893421	0.0053061419578	0.0145681924166	-0.0738700245952	-0.0301557824105	-0.0426721161765	-0.0327703003222	-0.0285832599273	-0.00282889804601	-0.0144801423497	0.00688948672785	0.0412212654009	-0.00502067502356	-0.0271314396662	-0.0169912724208	-0.0119487940653	0.0447672476781	0.00868482236133	-0.0125075013373	0.0242916728294	-0.000705877604464	0.0170400176016	0.0378944886202	0.0514816445292	-0.0125023558766	0.00518462213558	-0.0097579056679	-0.0241039607537	-0.010838462465	0.000941525340729	-0.0409343077002	-0.0173924584503	-0.0315787965008	-0.0192356354063	-0.0873315795636	-0.0439325992293	0.00527638296656	-0.0522575290759	-0.0876692003288	0.0069193924572	-0.0202119381057	-0.014321242406	0.0104152322908	0.0278896455309	-0.0220968147482	-0.0248825038684	-0.0255764528146	0.0722814860999	-0.0186369042191	-0.0693635322259	0.00202527562545
k__Bacteria;p__Bacteroidetes;c__Bacteroidia;o__Bacteroidales;f__Prevotellaceae;g__Prevotella;s__Prevotella_copri	0.00830333922766	-0.073037803039	0.0070887762035	1.0	0.00581643112233	0.0234054183515	0.0312467473269	0.0255317133433	-0.0286390047455	0.0232237015961	-0.058085848484	-0.00872587163805	-0.0391365931811	-0.0167748698901	0.0183470462124	-0.0271160142191	-0.0590612115593	-0.00224524525682	-0.0362097524984	-0.00728865225898	0.0217851857774	0.0150925538858	0.0163119800202	-0.0539714044841	-0.0449091351877	0.0136048080894	-0.0179132628194	-0.0215847968367	-0.0147129012929	0.0289262085411	-0.0494583144475	-0.0354390068272	-0.0878207968102	0.000727114937195	0.0405246637788	-0.0394211638866	0.00502451501699	0.0581915164896	-0.0167389849659	-0.030830468	-0.0153365981627	-0.0454780530514	0.0272809853451	0.021769501277	0.00449491136872	-0.0245096118237	0.0508570719359	0.0275486191288	-0.0314764963633	-0.0359411442512	0.0193771225133	0.00109979078566	-0.0526952237451	0.0154783525157	-0.00659472830768	-0.0324702469167	0.0128261701115	0.0505699907258	-0.0382342037013
k__Bacteria;p__Bacteroidetes;c__Bacteroidia;o__Bacteroidales;f__Bacteroidaceae;g__Bacteroides;s__Bacteroides_stercoris	-0.00121677543527	-0.0399079474438	0.0590436799012	0.00581643112233	1.0	-0.00799967295221	0.0246377929731	-0.027167688018	-0.0219897320482	-0.00640355562048	0.0197686881078	-0.00486770517551	0.0640953201089	0.0190652841767	0.00447606990281	-0.0317627119786	-0.0422288147069	-0.010728548266	-0.0047913123409	0.0324033152692	0.0479298058902	-0.053131811749	0.00286870849326	0.0441169712902	-0.0123903723639	-0.0421230846411	0.00369660071424	-0.0240704302754	-0.0321752221076	-0.0487646993138	-0.0433900158112	-0.0442977133285	-0.0410706624999	-0.0144001213237	-0.000754527305332	-0.0156360816055	-0.0204499158368	0.0500422510664	0.000338779511165	-0.0830391757863	-0.0497162411976	0.00440684125577	0.0339352904924	-0.00799228195993	0.000783593460637	0.0422922693333	-0.0493496452787	0.0242734799575	-0.0335099783349	0.0564596100269	-0.0296750063223	-0.0782517355416	0.018976585725	0.0607407068641	-0.00895470945365	-0.0761384070216	-0.0196472507321	0.0458992657328	0.0305879052333
k__Bacteria;p__Bacteroidetes;c__Bacteroidia;o__Bacteroidales;f__Bacteroidaceae;g__Bacteroides;s__Bacteroides_ovatus	-0.0215250533865	-0.0593641780129	-0.0756210410206	0.0234054183515	-0.00799967295221	1.0	-0.0559870334271	0.0256530896192	-0.0149504433302	-0.00556803209284	-0.0109844782912	0.0289913977866	-0.0869132371253	0.0274677668278	-0.0302327244511	0.00133628791769	-0.000727296323437	0.0316752934226	-0.0916264846693	-0.019160777965	0.0406113718458	-0.0542264776412	-0.0019815868282	0.0299086781292	0.0144966685462	-0.010060669231	0.00125599886802	-0.0410728648311	0.0453539216408	0.00350608854989	-0.0998454986417	-0.0158129180952	-0.0491848531948	-0.017750799618	0.0421151191683	-0.0787009611051	-0.0322210856547	0.0617611868992	-0.00606150899152	-0.0455232050387	-0.0603490100992	-0.0107985575376	-0.0232051461807	-0.00117351094363	-0.0787434322255	-0.0430514996991	-0.00447032915259	0.0144519899826	-3.54469087528e-05	0.0163870601008	-0.00567788038943	-0.0127468945121	0.00479861889005	0.0249475596303	0.0412852994488	0.0218935276609	0.0415705771442	0.0126682784482	-0.0800222681556
k__Bacteria;p__Bacteroidetes;c__Bacteroidia;o__Bacteroidales;f__Rikenellaceae;g__Alistipes;s__Alistipes_shahii	0.000153939270659	-0.0274357926573	-0.0364060471741	0.0312467473269	0.0246377929731	-0.0559870334271	1.0	-0.00290145046925	-0.0376096055133	-0.0197478419252	0.0104925633712	0.0030906281842	-0.0355837047799	-0.0144726841326	0.0151394118958	0.0185709238616	-0.0450316325514	0.000127766656526	0.0114000248583	-0.0327954558658	0.0203596959568	-0.00762107275306	0.0110912504923	0.0197009589141	-0.0392539059697	0.0088191870031	-0.0356984921306	-0.0205666361341	-0.0543698925715	-0.0581509242752	-0.0161059984864	-0.018461617532	-0.00406555546155	-0.0442934524805	0.0168584759218	-0.0357977875171	0.00946156000652	-0.021203773557	0.0175151511104	0.00588565964553	0.00478504336353	-0.0199814448108	0.00329923166236	0.0509527928415	0.0189791212054	0.0097423705966	0.0576509212682	-0.0145114047471	-0.0429110318828	0.0331430043509	-0.0153270380181	-0.0251309636427	-0.00349021514865	-0.0526364888441	-0.0195937032602	-0.000632478565016	0.0316595647249	0.00327043418338	-0.0403177941132
k__Bacteria;p__Firmicutes;c__Clostridia;o__Clostridiales;f__Ruminococcaceae;g__Faecalibacterium;s__Faecalibacterium_prausnitzii	-0.0445065279073	-0.0374491131854	-0.0561404636939	0.0255317133433	-0.027167688018	0.0256530896192	-0.00290145046925	1.0	-0.0327257490743	-0.0506535788373	-0.0635362442175	-0.0364668617522	-0.0607493304682	0.00074711125534	-0.0446477978184	0.00840145947066	-0.0231043557272	0.0325162815156	-0.0233852560611	0.0222364251519	0.0110376957768	-0.0153417857493	-0.0816960724222	-0.00995310048965	-0.0138734906617	0.0474746286044	-0.0203659165663	0.0192735027294	0.0848246000445	-0.0300417652564	-0.044897819883	-0.0163875219672	-0.00455819757873	-0.0233512749851	0.0595653371258	-0.0004738043233	-0.0250706403075	0.0130398178671	0.016416403312	0.0317863518873	0.0082979442809	0.0292297252652	-0.051114235163	0.0433719248538	0.00402367632481	-0.0184376049386	0.0156919047751	-0.0666709965827	0.00975819719945	0.00430648048936	0.0276218420901	-0.0154772903705	0.0710708330401	0.0312203099943	-0.0158276976095	-0.0898675995209	-0.0228267929987	-0.0350637931709	0.0107141487248
k__Bacteria;p__Bacteroidetes;c__Bacteroidia;o__Bacteroidales;f__Rikenellaceae;g__Alistipes;s__Alistipes_finegoldii	-0.0625117131725	-0.0136531211262	0.0124447893421	-0.0286390047455	-0.0219897320482	-0.0149504433302	-0.0376096055133	-0.0327257490743	1.0	0.00634662963962	0.0191180584819	-0.0156607508581	0.037990680682	0.00173608539339	0.00393884751516	0.0116750444245	-0.0122806878224	0.0233340695923	0.0122556646271	-0.0284888979381	0.00629754370691	-0.012422609214	0.0163239923866	0.0673782443983	-0.0758178254161	-0.121709717029	-0.0232157800662	-0.0443650505863	0.0450497059545	0.00253456918212	-0.049665690415	-0.0449049133592	-0.0203787072409	-0.0593098166448	-0.0134972747827	0.0101127751399	-0.0088002778696	0.0537573106703	0.0157768198069	0.038890576598	0.0338763066226	0.0184868289866	0.0241885866236	-0.045450221143	-0.0807899139304	-0.00493460568633	0.0466347918479	0.0225623119546	-0.027767491663	0.00322625136684	0.0274141875855	-0.000662274335637	-0.0103756628797	-0.03384791998	-0.018661240532	-0.103962752585	-0.0828181954265	-0.023620139026	0.0208346134969
k__Bacteria;p__Bacteroidetes;c__Bacteroidia;o__Bacteroidales;f__Porphyromonadaceae;g__Parabacteroides;s__Parabacteroides_distasonis	0.0645598723954	0.0158950133814	0.0053061419578	0.0232237015961	-0.00640355562048	-0.00556803209284	-0.0197478419252	-0.0506535788373	0.00634662963962	1.0	0.0207292288965	0.0767769683218	0.0358349719186	-0.0944614931777	0.0436741417356	-0.0690555745418	-0.0150811891109	0.00207721642285	0.00579256135474	-0.00156205512191	-0.014408689464	-0.0122401167542	0.0154620196119	0.00508445957711	0.0833196326308	-0.0146272036279	-0.100835810347	0.0179737922277	0.0316483385732	0.00696100667794	0.0333446532025	-0.0161835408808	0.0112445239737	0.00727756595832	-0.00635318790877	-0.0333864310628	0.0123237942234	-0.0743922712754	-0.0248066285918	0.0026095469434	-0.0338930014287	0.0294024729489	-0.0414888821109	-0.0103224862245	-0.0114312681274	-0.0257045908244	-0.0495173362084	-0.048492289366	0.00791503673858	-0.024659322564	-0.0205383609731	0.0121280899773	0.0306953350308	-0.0609099022428	0.0347411312406	0.00899435256266	-0.0330404524076	-0.0422863263174	0.0265741938135
k__Bacteria;p__Bacteroidetes;c__Bacteroidia;o__Bacteroidales;f__Bacteroidaceae;g__Bacteroides;s__Bacteroides_thetaiotaomicron	0.00646765035061	-0.0283233052632	0.0145681924166	-0.058085848484	0.0197686881078	-0.0109844782912	0.0104925633712	-0.0635362442175	0.0191180584819	0.0207292288965	1.0	-0.111042632425	-0.00530756061125	-0.021378681925	-0.0201482434279	0.00943762790524	0.0545151075941	0.0119976782821	-0.0397804475167	0.00633809830474	0.027299170057	0.00397484438496	0.0506739681594	0.0199156289818	0.0170045444707	-0.023213138594	0.0104455026574	-0.00348537013788	0.0208122768989	0.0128362659917	-0.0183166519443	-0.0348931342719	-0.000799511489983	0.019524091519	-0.0272690015501	-0.0070089795682	-0.0143292000507	-0.0249324394531	-0.00311913110862	-0.0281424973816	-0.0319485750649	-0.0252539602715	0.0151897889288	0.01996202031	0.0713951632843	-0.0165346389129	0.0208355874478	-0.0180634210542	-0.0577298955256	0.00569485746921	-0.0722177563732	0.0494727756833	-0.0202764493875	-0.0143974587329	-0.00439049047218	0.0243142263091	0.0105402910983	-0.0584761014822	-0.0406473775869
k__Bacteria;p__Bacteroidetes;c__Bacteroidia;o__Bacteroidales;f__Bacteroidaceae;g__Bacteroides;s__Bacteroides_coprocola	0.0071415054937	0.00768032909955	-0.0738700245952	-0.00872587163805	-0.00486770517551	0.0289913977866	0.0030906281842	-0.0364668617522	-0.0156607508581	0.0767769683218	-0.111042632425	1.0	-0.0158224595258	-0.0395965631531	-0.0489339291333	-0.0249630680225	-0.0465440064875	-0.0243722310335	0.0157956367822	0.0104500965893	0.025501968746	-0.0401930432978	-0.00740204210148	-0.0724472727434	0.0493730671447	0.0265614665418	-0.00681891202924	-0.0288816336812	-0.0225595958403	-0.00372149226452	0.0607384432782	-0.015719692941	0.020947405233	-0.0114070312511	0.0653455059286	-0.0214417218493	-0.0230820213946	-0.0395243469884	0.093186291242	0.00900175088898	-0.000617363658132	-0.0659431974322	-0.0243661012933	0.0226644435235	-0.00548975568711	-0.028949401402	0.0213718952334	0.0218927682676	0.0187770038984	-0.0297999595052	0.0121679884048	-0.0188207647669	0.00945214862685	0.0199836385631	-0.0196267917152	-0.0458869354815	-0.000356703327557	-0.069807789332	0.0620087218463
k__Bacteria;p__Bacteroidetes;c__Bacteroidia;o__Bacteroidales;f__Bacteroidaceae;g__Bacteroides;s__Bacteroides_cellulosilyticus	-0.0633311002089	-0.00262763805413	-0.0301557824105	-0.0391365931811	0.0640953201089	-0.0869132371253	-0.0355837047799	-0.0607493304682	0.037990680682	0.0358349719186	-0.00530756061125	-0.0158224595258	1.0	0.0349064928553	0.031876924195	-0.0459289061172	-0.0323228567498	-0.031169159267	0.0456211085789	-0.062419152321	-0.0099581204968	-0.0380866487175	-0.0295572501913	0.0197888193335	-0.00384085409012	-0.0320593777448	-7.62480171427e-05	-0.0293839004995	-0.0471822647097	-0.00458753855243	0.0489070047959	0.0158357399056	0.0219698000444	-0.0293267246675	0.0360008135632	0.0466392651276	0.0419405377026	-0.0311020626263	0.000167639467204	-0.0694713260303	-0.00749167324411	-0.0282302014495	0.0229106268293	-0.0738120064841	0.0531045587031	-0.0248735414321	0.00657512977543	-0.0553356250101	-0.0010352341328	-0.0440038184931	-0.00294993901925	-0.00518986275088	-0.00210592499386	-0.000434980459026	0.00547290167832	0.00608959533838	0.0405234830114	-0.0219614039848	0.0667604564343
k__Bacteria;p__Bacteroidetes;c__Bacteroidia;o__Bacteroidales;f__Rikenellaceae;g__Alistipes;s__Alistipes_obesi	0.0329134517613	0.0280338079286	-0.0426721161765	-0.0167748698901	0.0190652841767	0.0274677668278	-0.0144726841326	0.00074711125534	0.00173608539339	-0.0944614931777	-0.021378681925	-0.0395965631531	0.0349064928553	1.0	0.00695132200902	-0.0327336210283	0.0459913592447	0.00406127242592	-0.0194095131571	0.0216651763769	0.000798351682649	0.0239019580614	-0.00823499628549	-0.0259618353502	-0.0358243989966	0.0616652541336	0.0351239245311	-0.00526799290694	0.0245933892268	0.0155340913387	0.0666812701538	-0.00732519217018	0.00142437441885	-0.0876693732547	-0.00477486424543	0.0295284574661	-0.0319972837772	0.00451201035559	0.0190316270985	-0.0388185303776	-0.0351938406899	-0.00674939843885	0.0119050099617	0.00309794006646	-0.0514691257488	-0.0153179922465	-0.0558441371728	-0.0347771874681	-0.073780573402	-0.0157523587863	-0.039747612291	-0.0392217184151	-0.0164347132375	-0.0810952512225	-0.0210499976484	-0.00895856900938	0.0233279802299	0.0429197256751	0.0466155327614
k__Bacteria;p__Firmicutes;c__Clostridia;o__Clostridiales;f__Lachnospiraceae;g__;s__[Eubacterium]_rectale	-0.0368254645514	-0.0215514694518	-0.0327703003222	0.0183470462124	0.00447606990281	-0.0302327244511	0.0151394118958	-0.0446477978184	0.00393884751516	0.0436741417356	-0.0201482434279	-0.0489339291333	0.031876924195	0.00695132200902	1.0	0.00682096110759	-0.0214502569068	-0.0200744434143	-0.00211128783686	0.0165963788204	0.0174435233724	0.00985573135248	0.0427002396052	-0.0295106081239	0.0427468802556	0.0156377729741	-0.0340731853929	0.0325358231108	0.0223033271573	0.0152499383221	-0.0489785862531	-6.14624633125e-05	0.0554433250384	-0.0257000420004	-0.0215268351003	0.0461430739661	-0.0621785966301	-0.108412264894	-0.00567675725587	-0.0145046742604	0.00390927281127	-0.025141983042	0.027198072418	-0.0287953145923	0.034927902575	-0.0045348746579	0.0186195260858	-0.0526974148873	-0.00124768098087	-0.0193108081712	-0.0105723103171	-0.017775601582	-0.00973988142819	-7.85401926334e-05	0.014189636564	0.0201556956605	-0.0549866314	-0.0338141349733	-0.0465563312428
k__Bacteria;p__Bacteroidetes;c__Bacteroidia;o__Bacteroidales;f__Bacteroidaceae;g__Bacteroides;s__Bacteroides_plebeius	-0.0124529016748	-0.0411176580365	-0.0285832599273	-0.0271160142191	-0.0317627119786	0.00133628791769	0.0185709238616	0.00840145947066	0.0116750444245	-0.0690555745418	0.00943762790524	-0.0249630680225	-0.0459289061172	-0.0327336210283	0.00682096110759	1.0	0.0708939869094	0.0321619342684	-0.0406047193145	-0.0272940196215	-0.0369176980457	-0.00110637123703	-0.000294737757864	0.00324239838051	0.00171494573082	-0.0671134576666	0.0437950592723	0.0053910474374	-0.0815427506606	-0.0497135407075	-0.0291863954495	0.00741355649634	-0.00948377508533	0.0338940412222	-0.0272024129615	-0.0701775577552	0.0209413325891	0.0993901085263	0.0292474825642	0.0137352306145	0.0136548076372	0.00575416367066	0.0452869732695	0.00657493603647	-0.00853803256569	0.00296846202994	-0.0168043494782	0.0350272623098	-0.00523061612803	-0.00588567872178	-0.0457326229607	0.0241579300465	-0.014683288214	0.063858999108	-0.0630367141104	-0.0842155961797	-0.0643082054459	0.00571665079561	-0.0272830520502
k__Bacteria;p__Bacteroidetes;c__Bacteroidia;o__Bacteroidales;f__Bacteroidaceae;g__Bacteroides;s__Bacteroides_fragilis	-0.0407132437247	0.00295731756656	-0.00282889804601	-0.0590612115593	-0.0422288147069	-0.000727296323437	-0.0450316325514	-0.0231043557272	-0.0122806878224	-0.0150811891109	0.0545151075941	-0.0465440064875	-0.0323228567498	0.0459913592447	-0.0214502569068	0.0708939869094	1.0	0.0518715703872	-0.0290131553575	-0.0312971124845	-0.0216762513314	-0.0831378911123	-0.0650670063308	0.0813997934731	0.00394035316292	0.00181100908545	0.0232305136161	0.00658333862229	-0.0334284102946	-0.0455393593204	-0.042527663376	-0.0565806142246	0.0310869085144	-0.024000069673	-0.0391717806368	-0.000709373162106	-0.0816608043763	-0.00863883056167	0.0354287355435	-0.0233216585219	0.0430440061432	-0.0569800545902	0.00122748351719	0.0241853106053	0.0179790723095	0.00234843520068	0.00861639786587	-0.00461079787999	-0.023625256979	0.0179898723988	-0.0037073278854	-0.115493656444	-0.0060632920716	0.0301452355743	-0.0419469192855	0.0184541268618	-0.0172283418822	0.0154760625412	-0.0224109738391
k__Bacteria;p__Proteobacteria;c__Betaproteobacteria;o__Burkholderiales;f__Sutterellaceae;g__Sutterella;s__Sutterella_wadsworthensis	0.0390861243011	-0.0183466218299	-0.0144801423497	-0.00224524525682	-0.010728548266	0.0316752934226	0.000127766656526	0.0325162815156	0.0233340695923	0.00207721642285	0.0119976782821	-0.0243722310335	-0.031169159267	0.00406127242592	-0.0200744434143	0.0321619342684	0.0518715703872	1.0	-0.0132410918367	-0.0174875044285	0.00244685447247	-0.0777676440831	-0.00191934714352	-0.0441788428585	0.00452517673087	0.0046470471578	-0.0836372652083	-0.0178878419364	0.0309497112148	-0.0364777799661	-0.0120264461405	-0.0716772009404	0.0655011255086	-0.0431085462769	-0.04165519088	0.033847410631	-0.00725758633229	-0.0489428861113	0.0145887006956	-0.083380716068	0.0620934102706	-0.0206493261881	-0.0393693680527	-0.0374868933228	-0.0608416743575	-0.0187027936533	-0.00546057762637	0.00677793310245	-0.0359530751695	-0.0103417483432	-0.00794726218301	-0.0428891890766	0.0192751958084	0.0115050388589	-0.00386482477001	0.0228248591836	0.0161026879282	-0.0283929555011	0.0420711352143
k__Bacteria;p__Bacteroidetes;c__Bacteroidia;o__Bacteroidales;f__Porphyromonadaceae;g__Barnesiella;s__Barnesiella_intestinihominis	-0.0219314780473	-0.025311642003	0.00688948672785	-0.0362097524984	-0.0047913123409	-0.0916264846693	0.0114000248583	-0.0233852560611	0.0122556646271	0.00579256135474	-0.0397804475167	0.0157956367822	0.0456211085789	-0.0194095131571	-0.00211128783686	-0.0406047193145	-0.0290131553575	-0.0132410918367	1.0	0.0240659021088	-0.0376442569425	0.0114131321149	-0.0625316976422	-0.0365911522506	-0.0580991122269	-0.00261390272477	-0.00570155500852	-0.0235497237453	0.0336488344832	-0.00429299056525	0.0482874472088	-0.0208357277663	-0.0177206672872	0.00874173942956	0.0574590797177	0.0120021666962	0.00982728334573	-0.0039124972161	-0.00865636919999	-0.00780957783591	-0.0436251301317	-0.0535059842931	0.0241149233051	-0.0347504262058	0.0031065183684	0.0650845183798	-0.0953432987	-0.0219730239295	0.0122617611548	-0.0269103204087	-0.0285972318925	0.0168745974119	-0.00781678479008	-0.0049904282299	-0.0132704615045	-0.060502344295	0.0510686893182	-0.0539876196713	0.0099068197803
k__Bacteria;p__Bacteroidetes;c__Bacteroidia;o__Bacteroidales;f__Odoribacteraceae;g__Odoribacter;s__Odoribacter_splanchnicus	0.0398547703069	0.0159799317317	0.0412212654009	-0.00728865225898	0.0324033152692	-0.019160777965	-0.0327954558658	0.0222364251519	-0.0284888979381	-0.00156205512191	0.00633809830474	0.0104500965893	-0.062419152321	0.0216651763769	0.0165963788204	-0.0272940196215	-0.0312971124845	-0.0174875044285	0.0240659021088	1.0	-0.0436099003996	-0.029618271586	-0.0354913622786	-0.00392352501159	-0.00700899671666	-0.0900611181983	0.0710000247483	-0.00354180129206	-0.0115122321957	0.014335119254	-0.0837094756668	-0.0882219371308	-0.074464742869	-0.0238703152922	-0.0241728507787	0.0217210566938	-0.0105926857936	-0.0352717941357	-0.00569852469761	-0.0204449067896	-0.0228987252474	0.0481974234511	-0.0583256840379	0.0272713161549	-0.00912047269934	-0.0611643060558	-0.0648263172361	0.0538233054932	-0.0376292798175	-0.0363570977889	-0.0018749097237	0.0564690062119	-0.0131078862236	0.0320767354151	0.00441543804886	-0.0148275716386	0.0309507013917	-0.0294267927706	0.0200599042607
k__Bacteria;p__Bacteroidetes;c__Bacteroidia;o__Bacteroidales;f__Bacteroidaceae;g__Bacteroides;s__Bacteroides_salyersiae	0.00172285509189	-0.0144571851333	-0.00502067502356	0.0217851857774	0.0479298058902	0.0406113718458	0.0203596959568	0.0110376957768	0.00629754370691	-0.014408689464	0.027299170057	0.025501968746	-0.0099581204968	0.000798351682649	0.0174435233724	-0.0369176980457	-0.0216762513314	0.00244685447247	-0.0376442569425	-0.0436099003996	1.0	-0.0250317345457	-0.0526437801712	0.0670301723973	0.0095681221685	-0.0121745623648	0.00501550027754	-0.0141088916964	-0.00966049577065	-0.0212701649921	0.0439135902316	-0.0202080827808	-0.0221644704978	-0.00038220563222	-0.0257425510396	-0.00189317968524	-0.0303199818641	0.0134198181181	0.00215287586613	-0.0096981456925	-0.00489752599909	0.0448567906579	-0.0185607538157	0.0348219515126	-0.0320806071171	0.0419501192614	0.099185542798	-0.017860851892	-0.0416074522428	-0.00280467124077	-0.0131428733012	-0.0327486858956	-0.024611229036	-0.0839945873409	-0.053915895231	-0.0518867625166	0.0103497994664	0.0355274357442	0.0246564176797
k__Bacteria;p__Firmicutes;c__Clostridia;o__Clostridiales;f__Ruminococcaceae;g__Ruminiclostridium;s__[Eubacterium]_siraeum	-0.0206999083185	-0.0414230259321	-0.0271314396662	0.0150925538858	-0.053131811749	-0.0542264776412	-0.00762107275306	-0.0153417857493	-0.012422609214	-0.0122401167542	0.00397484438496	-0.0401930432978	-0.0380866487175	0.0239019580614	0.00985573135248	-0.00110637123703	-0.0831378911123	-0.0777676440831	0.0114131321149	-0.029618271586	-0.0250317345457	1.0	-0.000822883206372	-0.0558709428493	0.00425366350172	-0.000315754102302	-0.0120001954934	-0.0301151409378	0.010734727721	0.0089423290008	-0.0562731847966	0.0222862203552	-0.0231739618473	0.00363891579339	0.0342872664552	-0.011774413603	0.0249102981642	0.0126335944153	0.00990457075035	-0.00420745617722	0.0129324314325	0.00549502164299	0.0045280025714	0.0100507521865	-0.0202207937073	0.0397862463119	0.0127536125928	0.00838529345214	-0.0564352750456	0.0122084761184	0.0122975073724	-0.0259916702408	-0.0153966898554	0.121267769727	-0.0198182737603	-0.00482242243932	0.0109924247621	0.0431889447885	0.0187147447388
k__Bacteria;p__Proteobacteria;c__Betaproteobacteria;o__Burkholderiales;f__Sutterellaceae;g__Parasutterella;s__Parasutterella_excrementihominis	0.0577716920851	0.00251946300213	-0.0169912724208	0.0163119800202	0.00286870849326	-0.0019815868282	0.0110912504923	-0.0816960724222	0.0163239923866	0.0154620196119	0.0506739681594	-0.00740204210148	-0.0295572501913	-0.00823499628549	0.0427002396052	-0.000294737757864	-0.0650670063308	-0.00191934714352	-0.0625316976422	-0.0354913622786	-0.0526437801712	-0.000822883206372	1.0	-0.00702198561968	-0.00252190711009	-0.00136292265388	-0.0296937787333	0.0134315765389	-0.0309543772238	-0.0690725933029	-0.00841019510448	-0.0484912165899	-0.0362988208095	-0.00146266234936	-0.0843188833184	0.0171365666903	-0.0420552864302	-0.00292184200157	0.0245788302936	0.0328779670419	-0.0528435890368	0.00361553028887	-0.0142829681318	-0.055607984362	0.0551405050874	-0.0224224783255	-0.0211737095714	0.0229959278482	-0.10642398589	-0.0599069683424	-0.0220564559291	0.114416863621	-0.0229142184023	0.00174134031	-0.00822989537107	-0.0354571784518	-0.00278700424552	0.00915999408141	-0.0361728159012
k__Bacteria;p__Actinobacteria;c__Actinobacteria;o__Bifidobacteriales;f__Bifidobacteriaceae;g__Bifidobacterium;s__Bifidobacterium_adolescentis	0.0263190611807	-0.0330076795973	-0.0119487940653	-0.0539714044841	0.0441169712902	0.0299086781292	0.0197009589141	-0.00995310048965	0.0673782443983	0.00508445957711	0.0199156289818	-0.0724472727434	0.0197888193335	-0.0259618353502	-0.0295106081239	0.00324239838051	0.0813997934731	-0.0441788428585	-0.0365911522506	-0.00392352501159	0.0670301723973	-0.0558709428493	-0.00702198561968	1.0	0.0397557482233	0.0144383977518	-0.000939058069394	-0.0474639929158	0.00441330169355	-0.044204648394	0.0534462799402	0.013826797434	0.00129279712071	-0.0168693248626	-0.067405023472	0.04108495799	-0.0513681411526	-0.0577129824039	-0.00572656154027	-0.0802714904013	0.0451454018411	-0.013471620613	-0.0209511950583	-0.0189133510122	-0.0467482846318	-0.000790055110857	0.0111103181793	-0.0128781863892	0.00582235615812	-0.0726142617273	-0.0189755409729	0.0292595730914	0.0205365871284	-0.0154092173904	0.0318062010975	-0.0157943265907	-0.033265673041	0.0161551972373	-0.0528043980378
k__Bacteria;p__Firmicutes;c__Clostridia;o__Clostridiales;f__Oscillospiraceae;g__Oscillibacter;s__Oscillibacter_sp._KLE_1745	-0.0175477336493	-0.0113480853992	0.0447672476781	-0.0449091351877	-0.0123903723639	0.0144966685462	-0.0392539059697	-0.0138734906617	-0.0758178254161	0.0833196326308	0.0170045444707	0.0493730671447	-0.00384085409012	-0.0358243989966	0.0427468802556	0.00171494573082	0.00394035316292	0.00452517673087	-0.0580991122269	-0.00700899671666	0.0095681221685	0.00425366350172	-0.00252190711009	0.0397557482233	1.0	0.0296693982945	-0.0123092212243	0.0258377836515	0.0352623815261	0.0282767922056	0.027274571874	-0.011491972766	-0.0718595946676	0.0397018660986	0.0113651568359	-0.014791209863	0.0029294196418	0.00422493797402	0.0199081153261	-0.0358401625698	-0.0385069008873	0.103745020332	-0.0609857027381	-0.0573764071432	-0.0559034666449	-0.000984073233521	-0.0298961656473	-0.0422785332604	-0.0131050621234	-0.00412774615335	-0.0268335894477	0.0221796006925	0.025275352061	-0.0793802900531	0.00610415456902	-0.0497452262199	-0.00922144973502	0.0594306229068	-0.0145207714515
k__Bacteria;p__Bacteroidetes;c__Bacteroidia;o__Bacteroidales;f__Bacteroidaceae;g__Bacteroides;s__Bacteroides_coprophilus	0.0148552387142	0.0226804847593	0.00868482236133	0.0136048080894	-0.0421230846411	-0.010060669231	0.0088191870031	0.0474746286044	-0.121709717029	-0.0146272036279	-0.023213138594	0.0265614665418	-0.0320593777448	0.0616652541336	0.0156377729741	-0.0671134576666	0.00181100908545	0.0046470471578	-0.00261390272477	-0.0900611181983	-0.0121745623648	-0.000315754102301	-0.00136292265388	0.0144383977518	0.0296693982945	1.0	0.0357712095789	-0.0287252325829	0.0631446418842	-0.0533096520385	0.0580371641701	-0.0165470087928	0.0728200696633	-0.0457711602585	-0.0399066771686	0.0616927494351	-0.00892516111731	-0.0494884312063	-0.029809168716	-0.0120181604645	-0.033020115641	-0.0204710119124	-0.0187081286142	-0.0127414295072	-0.0518255934239	-0.0115127870512	0.0128058659688	-0.0536066924355	0.041507035769	0.0274135549074	-0.0191365266866	-0.0542446852264	-0.0205279776945	-0.0478400672099	0.00567336039597	0.0256499246915	-0.016613679301	-0.0322702952959	0.0280245560025
k__Bacteria;p__Firmicutes;c__Clostridia;o__Clostridiales;f__Lachnospiraceae;g__Roseburia;s__Roseburia_intestinalis	0.060122800828	0.0416085389948	-0.0125075013373	-0.0179132628194	0.00369660071424	0.00125599886802	-0.0356984921306	-0.0203659165663	-0.0232157800662	-0.100835810347	0.0104455026574	-0.00681891202924	-7.62480171427e-05	0.0351239245311	-0.0340731853929	0.0437950592723	0.0232305136161	-0.0836372652083	-0.00570155500852	0.0710000247483	0.00501550027754	-0.0120001954934	-0.0296937787333	-0.000939058069394	-0.0123092212243	0.0357712095789	1.0	0.0221975644162	-0.014273253612	0.0450944069237	0.0175796366762	-0.0146530793261	-0.00366310049906	-0.00121376610209	0.0266767531755	0.0151194766921	0.0756502795356	-0.0299784373635	-0.0476275528858	0.00535270135804	-0.0576454538115	-0.041627457207	-0.0252860910932	-0.0236286743947	-0.0622433421436	-0.0177345109802	-0.0594976434402	0.00311798603448	-0.0428956899837	0.0345865816506	-0.0453298776112	0.0543633401942	0.0315887547209	0.0797564212528	0.0414343019947	8.12706388825e-05	-0.0200062107862	-0.00297874300972	0.0749246996025
k__Bacteria;p__Firmicutes;c__Clostridia;o__Clostridiales;f__Lachnospiraceae;g__Roseburia;s__Roseburia_hominis	0.00357713880397	-0.0124024600576	0.0242916728294	-0.0215847968367	-0.0240704302754	-0.0410728648311	-0.0205666361341	0.0192735027294	-0.0443650505863	0.0179737922277	-0.00348537013788	-0.0288816336812	-0.0293839004995	-0.00526799290694	0.0325358231108	0.0053910474374	0.00658333862229	-0.0178878419364	-0.0235497237453	-0.00354180129206	-0.0141088916964	-0.0301151409378	0.0134315765389	-0.0474639929158	0.0258377836515	-0.0287252325829	0.0221975644162	1.0	-0.00379813806262	-0.0123919037606	-0.0117397869564	0.0663900402403	-0.0732795927907	-0.0191488956789	0.00471037562442	-0.0733462374609	-0.0287218771673	-0.0491063584957	-0.0267637811529	0.0147802139271	0.0690249038981	-0.0555236504239	-0.00207666351321	-0.0148436332792	-0.0261140327176	0.0073696945204	-0.0198132615113	-0.031347019193	-0.0103559869176	-0.0622150307399	0.0235319758395	-0.00799738558207	-0.0332576549238	-0.0314155126203	-0.0339722467155	0.0195875695183	-0.0265950228125	-0.0264344386829	0.0240906139826
k__Bacteria;p__Bacteroidetes;c__Bacteroidia;o__Bacteroidales;f__Porphyromonadaceae;g__Parabacteroides;s__Parabacteroides_johnsonii	0.0555425489541	-0.0209244814312	-0.000705877604464	-0.0147129012929	-0.0321752221076	0.0453539216408	-0.0543698925715	0.0848246000445	0.0450497059545	0.0316483385732	0.0208122768989	-0.0225595958403	-0.0471822647097	0.0245933892268	0.0223033271573	-0.0815427506606	-0.0334284102946	0.0309497112148	0.0336488344832	-0.0115122321957	-0.00966049577065	0.010734727721	-0.0309543772238	0.00441330169355	0.0352623815261	0.0631446418842	-0.014273253612	-0.00379813806262	1.0	-0.0597331248799	-0.00941563931906	0.0172033276132	-0.0338391708163	-0.0691199903891	0.0110292194272	-0.064052025742	-0.0279179358365	-0.0554139557417	-0.0370889147287	-0.0257271388067	-0.0438249306442	-0.0470132344103	-0.0191032863371	-0.00513625948793	0.0395875015608	0.0127542862956	-0.00105544665091	-0.0739326865947	-0.0336858413647	-0.0046867032904	0.00679073321561	0.0493002090259	-0.0230333095902	-0.0299727017789	-0.00450577579016	-0.0269834412272	-0.0101913277166	0.0300537108698	-0.0211828519175
k__Bacteria;p__Actinobacteria;c__Actinobacteria;o__Bifidobacteriales;f__Bifidobacteriaceae;g__Bifidobacterium;s__Bifidobacterium_longum	-0.0190527722319	-0.0216145643264	0.0170400176016	0.0289262085411	-0.0487646993138	0.00350608854989	-0.0581509242752	-0.0300417652564	0.00253456918212	0.00696100667794	0.0128362659917	-0.00372149226452	-0.00458753855243	0.0155340913387	0.0152499383221	-0.0497135407075	-0.0455393593204	-0.0364777799661	-0.00429299056525	0.014335119254	-0.0212701649921	0.0089423290008	-0.0690725933029	-0.044204648394	0.0282767922056	-0.0533096520385	0.0450944069237	-0.0123919037606	-0.0597331248799	1.0	-0.0168354740871	-0.0520293432656	0.0135812754159	-0.0289535682967	0.0556989866194	-0.0685356883104	-0.000351887218866	-0.0629482162131	0.0179875185326	-0.0324267552122	-0.013630924872	-0.00744916459288	-0.0240381162322	-0.0105949391656	-0.0596135777817	-0.0121790944521	-0.0010602452284	0.00456051108314	0.0745357555039	0.0267650489348	0.0254233045897	0.0154712226918	0.00614281323218	0.00335622958697	0.0139332748256	0.037765280506	-0.0339947939498	0.0655400719257	-0.045125445174
