#taxonomy	k__Bacteria;p__Bacteroidetes;c__Bacteroidia;o__Bacteroidales;f__Bacteroidaceae;g__Bacteroides;s__Bacteroides_vulgatus	k__Bacteria;p__Bacteroidetes;c__Bacteroidia;o__Bacteroidales;f__Bacteroidaceae;g__Bacteroides;s__Bacteroides_uniformis	k__Bacteria;p__Bacteroidetes;c__Bacteroidia;o__Bacteroidales;f__Rikenellaceae;g__Alistipes;s__Alistipes_putredinis	k__Bacteria;p__Bacteroidetes;c__Bacteroidia;o__Bacteroidales;f__Prevotellaceae;g__Prevotella;s__Prevotella_copri	k__Bacteria;p__Bacteroidetes;c__Bacteroidia;o__Bacteroidales;f__Bacteroidaceae;g__Bacteroides;s__Bacteroides_stercoris	k__Bacteria;p__Bacteroidetes;c__Bacteroidia;o__Bacteroidales;f__Bacteroidaceae;g__Bacteroides;s__Bacteroides_ovatus	k__Bacteria;p__Bacteroidetes;c__Bacteroidia;o__Bacteroidales;f__Rikenellaceae;g__Alistipes;s__Alistipes_shahii	k__Bacteria;p__Firmicutes;c__Clostridia;o__Clostridiales;f__Ruminococcaceae;g__Faecalibacterium;s__Faecalibacterium_prausnitzii	k__Bacteria;p__Bacteroidetes;c__Bacteroidia;o__Bacteroidales;f__Rikenellaceae;g__Alistipes;s__Alistipes_finegoldii	k__Bacteria;p__Bacteroidetes;c__Bacteroidia;o__Bacteroidales;f__Porphyromonadaceae;g__Parabacteroides;s__Parabacteroides_distasonis	k__Bacteria;p__Bacteroidetes;c__Bacteroidia;o__Bacteroidales;f__Bacteroidaceae;g__Bacteroides;s__Bacteroides_thetaiotaomicron	k__Bacteria;p__Bacteroidetes;c__Bacteroidia;o__Bacteroidales;f__Bacteroidaceae;g__Bacteroides;s__Bacteroides_coprocola	k__Bacteria;p__Bacteroidetes;c__Bacteroidia;o__Bacteroidales;f__Bacteroidaceae;g__Bacteroides;s__Bacteroides_cellulosilyticus	k__Bacteria;p__Bacteroidetes;c__Bacteroidia;o__Bacteroidales;f__Rikenellaceae;g__Alistipes;s__Alistipes_obesi	k__Bacteria;p__Firmicutes;c__Clostridia;o__Clostridiales;f__Lachnospiraceae;g__;s__[Eubacterium]_rectale	k__Bacteria;p__Bacteroidetes;c__Bacteroidia;o__Bacteroidales;f__Bacteroidaceae;g__Bacteroides;s__Bacteroides_plebeius	k__Bacteria;p__Bacteroidetes;c__Bacteroidia;o__Bacteroidales;f__Bacteroidaceae;g__Bacteroides;s__Bacteroides_fragilis	k__Bacteria;p__Proteobacteria;c__Betaproteobacteria;o__Burkholderiales;f__Sutterellaceae;g__Sutterella;s__Sutterella_wadsworthensis	k__Bacteria;p__Bacteroidetes;c__Bacteroidia;o__Bacteroidales;f__Porphyromonadaceae;g__Barnesiella;s__Barnesiella_intestinihominis	k__Bacteria;p__Bacteroidetes;c__Bacteroidia;o__Bacteroidales;f__Odoribacteraceae;g__Odoribacter;s__Odoribacter_splanchnicus	k__Bacteria;p__Bacteroidetes;c__Bacteroidia;o__Bacteroidales;f__Bacteroidaceae;g__Bacteroides;s__Bacteroides_salyersiae	k__Bacteria;p__Firmicutes;c__Clostridia;o__Clostridiales;f__Ruminococcaceae;g__Ruminiclostridium;s__[Eubacterium]_siraeum	k__Bacteria;p__Proteobacteria;c__Betaproteobacteria;o__Burkholderiales;f__Sutterellaceae;g__Parasutterella;s__Parasutterella_excrementihominis	k__Bacteria;p__Actinobacteria;c__Actinobacteria;o__Bifidobacteriales;f__Bifidobacteriaceae;g__Bifidobacterium;s__Bifidobacterium_adolescentis	k__Bacteria;p__Firmicutes;c__Clostridia;o__Clostridiales;f__Oscillospiraceae;g__Oscillibacter;s__Oscillibacter_sp._KLE_1745	k__Bacteria;p__Bacteroidetes;c__Bacteroidia;o__Bacteroidales;f__Bacteroidaceae;g__Bacteroides;s__Bacteroides_coprophilus	k__Bacteria;p__Firmicutes;c__Clostridia;o__Clostridiales;f__Lachnospiraceae;g__Roseburia;s__Roseburia_intestinalis	k__Bacteria;p__Firmicutes;c__Clostridia;o__Clostridiales;f__Lachnospiraceae;g__Roseburia;s__Roseburia_hominis	k__Bacteria;p__Bacteroidetes;c__Bacteroidia;o__Bacteroidales;f__Porphyromonadaceae;g__Parabacteroides;s__Parabacteroides_johnsonii	k__Bacteria;p__Actinobacteria;c__Actinobacteria;o__Bifidobacteriales;f__Bifidobacteriaceae;g__Bifidobacterium;s__Bifidobacterium_longum	k__Bacteria;p__Firmicutes;c__Clostridia;o__Clostridiales;f__;g__Flavonifractor;s__Flavonifractor_plautii	k__Bacteria;p__Firmicutes;c__Clostridia;o__Clostridiales;f__Clostridiaceae;g__Clostridium;s__Clostridium_phoceensis	k__Bacteria;p__Verrucomicrobia;c__Verrucomicrobiae;o__Verrucomicrobiales;f__Akkermansiaceae;g__Akkermansia;s__Akkermansia_muciniphila	k__Bacteria;p__Bacteroidetes;c__Bacteroidia;o__Bacteroidales;f__Prevotellaceae;g__Paraprevotella;s__Paraprevotella_xylaniphila	k__Bacteria;p__Firmicutes;c__Clostridia;o__Clostridiales;f__Ruminococcaceae;g__Ruminococcus;s__Ruminococcus_callidus	k__Bacteria;p__Bacteroidetes;c__Bacteroidia;o__Bacteroidales;f__Rikenellaceae;g__Alistipes;s__Alistipes_senegalensis	k__Bacteria;p__Firmicutes;c__Clostridia;o__Clostridiales;f__Lachnospiraceae;g__Blautia;s__Blautia_sp._KLE_1732	k__Bacteria;p__Bacteroidetes;c__Bacteroidia;o__Bacteroidales;f__Bacteroidaceae;g__Bacteroides;s__Bacteroides_oleiciplenus	k__Bacteria;p__Firmicutes;c__Clostridia;o__Clostridiales;f__Ruminococcaceae;g__Ruminococcus;s__Ruminococcus_bicirculans	k__Bacteria;p__Bacteroidetes;c__Bacteroidia;o__Bacteroidales;f__Bacteroidaceae;g__Bacteroides;s__Bacteroides_fluxus	k__Bacteria;p__Bacteroidetes;c__Bacteroidia;o__Bacteroidales;f__Prevotellaceae;g__Prevotella;s__Prevotella_stercorea	k__Bacteria;p__Firmicutes;c__Clostridia;o__Clostridiales;f__Lachnospiraceae;g__Dorea;s__Dorea_longicatena	k__Bacteria;p__Firmicutes;c__Clostridia;o__Clostridiales;f__Eubacteriaceae;g__Eubacterium;s__[Eubacterium]_eligens	k__Bacteria;p__Firmicutes;c__Clostridia;o__Clostridiales;f__Ruminococcaceae;g__;s__Ruminococcaceae_bacterium_D16	k__Bacteria;p__Firmicutes;c__Clostridia;o__Clostridiales;f__Lachnospiraceae;g__Coprococcus;s__Coprococcus_comes	k__Bacteria;p__Proteobacteria;c__Gammaproteobacteria;o__Enterobacterales;f__Enterobacteriaceae;g__Escherichia;s__Escherichia_coli	k__Bacteria;p__Firmicutes;c__Clostridia;o__Clostridiales;f__Ruminococcaceae;g__Anaerotruncus;s__Anaerotruncus_colihominis	k__Bacteria;p__Firmicutes;c__Clostridia;o__Clostridiales;f__Lachnospiraceae;g__Blautia;s__Blautia_obeum	k__Bacteria;p__Bacteroidetes;c__Bacteroidia;o__Bacteroidales;f__Odoribacteraceae;g__Odoribacter;s__Odoribacter_laneus	k__Bacteria;p__Firmicutes;c__Clostridia;o__Clostridiales;f__Ruminococcaceae;g__Ruminiclostridium;s__[Clostridium]_leptum	k__Bacteria;p__Bacteroidetes;c__Bacteroidia;o__Bacteroidales;f__Porphyromonadaceae;g__Parabacteroides;s__Parabacteroides_goldsteinii	k__Bacteria;p__Firmicutes;c__Clostridia;o__Clostridiales;f__Lachnospiraceae;g__Anaerostipes;s__Anaerostipes_hadrus	k__Bacteria;p__Firmicutes;c__Clostridia;o__Clostridiales;f__Ruminococcaceae;g__Ruminococcus;s__Ruminococcus_lactaris	k__Bacteria;p__Firmicutes;c__Clostridia;o__Clostridiales;f__Clostridiaceae;g__Clostridium;s__Clostridium_sp._L2-50	k__Bacteria;p__Firmicutes;c__Clostridia;o__Clostridiales;f__Clostridiaceae;g__Clostridium;s__Clostridium_sp._M62/1	k__Bacteria;p__Firmicutes;c__Clostridia;o__Clostridiales;f__;g__Intestinimonas;s__Intestinimonas_butyriciproducens	k__Bacteria;p__Actinobacteria;c__Actinobacteria;o__Bifidobacteriales;f__Bifidobacteriaceae;g__Bifidobacterium;s__Bifidobacterium_bifidum	k__Bacteria;p__Firmicutes;c__Negativicutes;o__Veillonellales;f__Veillonellaceae;g__Dialister;s__Dialister_invisus	k__Bacteria;p__Bacteroidetes;c__Bacteroidia;o__Bacteroidales;f__Bacteroidaceae;g__Bacteroides;s__Bacteroides_salanitronis
k__Bacteria;p__Bacteroidetes;c__Bacteroidia;o__Bacteroidales;f__Bacteroidaceae;g__Bacteroides;s__Bacteroides_vulgatus	1.0	-0.00698006204079	-0.0354560159913	-0.0430472384841	-0.0519867018225	0.00566505941543	0.0377066738965	-0.040057296849	-0.031995870983	-0.0256968239907	-0.00221683147836	-0.0117483181578	-0.0315295445363	-0.0643630705113	0.0125613086236	-0.0304610178566	0.0182691025759	-0.0370103185045	-0.0658257682844	0.0157723788524	0.00924223416908	-0.0587817940508	0.0408795897539	0.0182150507014	-0.0430280948393	-0.0545788906891	-0.0251957242984	0.0215209703997	-0.0444336136052	0.0631025481138	-0.0142408046292	-0.0292414120271	0.00127518822657	-0.006056810737	-0.0606796564069	0.0876870030301	-0.0128055653205	-0.0457890366042	0.00999249821482	-0.000812311811714	0.021091455989	-0.0518746732093	-0.00204299453926	0.0125718844133	-0.0828836281169	-0.0336061664876	0.0473870635592	-0.0396358886673	-0.0225515520843	-0.0186470586089	0.0547003628686	-0.0176342158867	-0.0203545365342	0.0770781849833	-0.0195440130429	-0.0341208775425	0.00235724942184	-0.0132013400716	-0.0490036277968
k__Bacteria;p__Bacteroidetes;c__Bacteroidia;o__Bacteroidales;f__Bacteroidaceae;g__Bacteroides;s__Bacteroides_uniformis	-0.00698006204079	1.0	0.0320218195642	-0.00684700708161	-0.0647568746132	0.0201471791263	0.0101063508237	-0.0499637327172	-0.0057911835457	-0.00107449668348	0.00665023786583	-0.0813515143676	0.0566527014334	-0.053351863014	-0.0636640406671	-9.2467144594e-05	0.00521177457999	-3.15609772431e-05	0.00307056016771	-0.0399327077095	0.000716109259578	-0.0242697019559	-0.000773127659291	-0.0143419648112	-0.0438560863969	0.0531009150085	-0.0213249929556	-0.000518844411311	0.0114111360877	-0.031990132353	-0.0766659317347	-0.00993567582226	0.0223934131933	-0.00597166295796	-0.0220455002103	-0.0390279371797	-0.0246345226125	0.0220579955035	0.0311588277725	0.0566238439863	-0.0047212895227	0.0433430447554	-0.0703147429785	0.0137013486172	-0.0254786920476	-0.0129631094861	-0.0444592485126	-0.0574045709076	-0.0383511356774	-0.0276377786833	0.0134563325681	-0.0423615709174	-0.0657780543152	0.0123109513284	0.0431463228427	0.0124172536575	0.00557138660458	0.0191090943931	0.000514385437589
k__Bacteria;p__Bacteroidetes;c__Bacteroidia;o__Bacteroidales;f__Rikenellaceae;g__Alistipes;s__Alistipes_putredinis	-0.0354560159913	0.0320218195642	1.0	0.0247056280812	0.0230823970847	0.038063406299	0.0284452352391	-0.0239666876083	0.0331911209092	-0.0317693002503	0.002262193712	-0.064435118803	0.0136786425776	-0.048646898654	-0.0132989778619	0.0236528325436	-0.0262829910473	-0.0453343135947	-0.0461927948664	0.032331277722	0.0264711604205	-0.0543032905665	-0.0181768187111	-0.0267445969372	-0.0561849518988	-0.0316458125902	-0.0705492498872	0.0332464863234	-0.0197491879884	-0.0196476030426	-0.0592885795085	-0.0222822052963	-0.0274928513303	-0.0627613682686	-0.0203342767931	-0.0375597814174	-0.0249591535631	-0.0418878200794	-0.065489029671	-0.0224818638063	0.0599770637107	0.00954401771089	-0.0073803012508	0.0713068359731	-0.0505198083094	0.000738630392061	-0.0732946573594	0.0201019531282	-0.0200372802056	0.00154615884109	0.0162875130575	-0.000400021267974	-0.0292852748834	0.0149290958557	0.0417564919854	0.0366575455821	0.00262666555407	-0.00663913968078	-0.0312175460216
k__Bacteria;p__Bacteroidetes;c__Bacteroidia;o__Bacteroidales;f__Prevotellaceae;g__Prevotella;s__Prevotella_copri	-0.0430472384841	-0.00684700708161	0.0247056280812	1.0	-0.0113942657367	0.0573414104175	0.0113754993972	-0.0185883820357	-0.0164952798625	0.0335250442562	-0.0121396696667	0.0115312717724	0.00321476524316	0.0258414879907	-0.0491078403312	-0.0174016870496	0.0102480398396	-0.00156095643101	0.0204585710584	-0.0555909616936	-0.0468160408312	-0.042828115922	-0.0317389434993	0.00306754510777	0.0373788389287	0.0182827791066	-0.0368729971399	-0.0328750468107	-0.0812948940196	-0.060306617642	0.0253449769808	-0.010800241776	-0.0128452850898	-0.0294433883246	0.00957596956045	-0.00113569819749	-0.00818051322659	-0.0288088248607	-0.0298879225135	0.0874380695827	0.0597862543159	-0.0404542966109	-0.0524830932168	-0.0227192739147	0.0082893298874	-0.00794590046567	-0.015582981568	0.0264439715471	-0.00933194592509	0.04195372446	-0.066891276368	0.0152822891176	0.0498043563074	-0.0157621803282	0.0300518738767	-0.0624305096159	-0.0434992524113	-0.0446352428949	-0.0191338937258
k__Bacteria;p__Bacteroidetes;c__Bacteroidia;o__Bacteroidales;f__Bacteroidaceae;g__Bacteroides;s__Bacteroides_stercoris	-0.0519867018225	-0.0647568746132	0.0230823970847	-0.0113942657367	1.0	0.00774984489897	-0.0571751895641	0.0299963819285	-0.080231049181	-0.0311611231677	0.00460407319453	0.0416808982918	0.00028880014385	-0.0947965279015	-0.00706971699189	0.0086410924185	0.00456448509268	0.0397969077488	0.0137238534373	-0.0439349740529	-0.039818558921	0.0179681982317	-0.0112871528169	-0.0560785759142	-0.0353485415768	0.000930298718751	0.0225316012377	-0.0288722354563	-0.0026226536151	0.0183804759355	-0.0707512361084	-0.00738237808818	-0.022845868948	-0.106289235638	0.0100252720847	-0.0570500785712	0.0192438982765	0.0143136699675	0.0218281735032	0.0285900244454	-0.059312798104	-0.00878732194564	0.0978783593265	-0.00964088747397	-0.014196158846	0.0333696783168	-0.00915833390128	-0.00965952100293	-0.0178796838581	-0.00539657469553	-0.0364654883534	-0.0670762913441	0.0326211004804	-0.125205866226	0.00543848372778	0.0220704633765	0.025945555257	0.00586987291893	0.0274489228289
k__Bacteria;p__Bacteroidetes;c__Bacteroidia;o__Bacteroidales;f__Bacteroidaceae;g__Bacteroides;s__Bacteroides_ovatus	0.00566505941543	0.0201471791263	0.038063406299	0.0573414104175	0.00774984489897	1.0	-0.0412064055518	-0.0369935454809	0.0150402569151	-0.0463924907144	-0.00630242470889	-0.0575269137507	-0.00396283556463	0.03321958723	-0.0485384639271	-0.0243662294999	-0.0370483402053	-0.0511743826802	-0.0224671646817	0.0497554894036	0.0927663194469	-0.0821652890997	-0.0465910248567	-0.0193472134342	0.0339301215737	-0.00678003425694	-0.0402855391045	0.0194757119761	0.00592977555199	0.00589398713097	-0.0575447078954	-0.0580110203872	-0.0415137504685	-0.0364742223098	0.0688876604635	-0.023255103398	0.00875922024576	0.0397532112605	-0.0248500475311	-0.0037431104058	-0.0130167112615	-0.0304793452476	-0.0188286068865	-0.0274354805793	-0.0336032193246	-0.0145128724917	-0.0435435863055	0.0173266185995	-0.0382587271835	0.0260379664281	0.0036887110575	0.027402887682	-0.0130344197455	0.0216723982654	-0.0320437519454	0.00560282308026	-0.0273349053881	-0.040956507564	0.0172548424667
k__Bacteria;p__Bacteroidetes;c__Bacteroidia;o__Bacteroidales;f__Rikenellaceae;g__Alistipes;s__Alistipes_shahii	0.0377066738965	0.0101063508237	0.0284452352391	0.0113754993972	-0.0571751895641	-0.0412064055518	1.0	0.0249579409878	0.00111835250908	-0.068397782329	0.00896652622719	-0.00619710969657	0.0217480341433	-0.0410270880822	0.0717677742619	-0.0135055377637	-0.00114130264436	-0.0155029725047	-0.00987180338723	-0.0111530805779	-0.0456201634532	0.0635528719046	0.00579415399425	0.0291231276593	-0.0249250229106	0.00866751901274	-0.0265413269496	-0.0591120384	0.0104181583671	-0.0235473429405	-0.0198861204035	0.01717301095	-0.0339382078383	0.0255961024097	0.00496477891748	-0.0647877169705	-0.0240043810306	-0.0224185239644	0.0760640710759	-0.010178768498	-0.0267397664134	0.0063944182013	-0.0644484767666	-0.0397420954845	-0.0570853893232	0.0208836749559	0.0167909275442	0.0511856589585	0.0180738830786	-0.0232041854565	-0.0195791487685	-0.00189976942452	-0.00936317053575	0.0132987013746	-0.0145541596391	-0.00150535560853	0.0280409490636	-0.0268229774306	-0.0043656306386
k__Bacteria;p__Firmicutes;c__Clostridia;o__Clostridiales;f__Ruminococcaceae;g__Faecalibacterium;s__Faecalibacterium_prausnitzii	-0.040057296849	-0.0499637327172	-0.0239666876083	-0.0185883820357	0.0299963819285	-0.0369935454809	0.0249579409878	1.0	-0.0185194310056	0.0130654954028	-0.0328169784321	0.0145639723755	0.0496238830979	0.0423802833466	0.0168297282954	-0.0135797769615	-0.056226118169	0.0331627946901	0.0294410240042	0.0135231021276	-0.037217603526	-0.017173915971	0.00324722208747	-0.0129422933681	0.02038041847	0.0179865400136	0.0111851934493	0.0451457721814	-0.00844017699299	0.0222519295561	-0.00862900262003	-0.0430521298971	0.0153721719905	0.0377579257786	-0.032468272905	-0.0369136394632	-0.0823917680093	-0.0145143837553	-0.0257611184134	-0.035446256639	0.0013517893819	0.0290715856617	-0.0682849272608	0.0269204830336	-0.039115706332	0.0323909508758	-0.0290091556015	-0.0418643928038	-0.0540118512054	0.0131939907419	-0.0780953993823	0.0125999094412	0.0250496374119	-0.0330963201753	0.0433930596533	-0.0396820479171	-0.0275505002563	-0.00635775614225	-0.0279921028652
k__Bacteria;p__Bacteroidetes;c__Bacteroidia;o__Bacteroidales;f__Rikenellaceae;g__Alistipes;s__Alistipes_finegoldii	-0.031995870983	-0.0057911835457	0.0331911209092	-0.0164952798625	-0.080231049181	0.0150402569151	0.00111835250908	-0.0185194310056	1.0	-0.0339315943257	0.019696655876	-0.00419728337637	-0.00592865146023	-0.0326901363924	0.00276938892724	0.0156910317017	0.0260311140891	0.0249401390354	-0.0348356374047	7.38616322976e-05	-0.0242874664572	0.0238553133162	0.0165138320504	-0.0110508131897	-0.0126712394458	0.0659212336795	0.0200557302561	-0.0410015425323	0.012127783431	0.0352254769499	-0.0331615913459	0.0561500445649	-0.0144797566976	-0.0823399653588	-0.0162609857948	-0.00598549574345	0.00573868933905	-0.0404158829204	-0.0311816073454	0.0372966830429	-0.000704140585518	-0.0142245701587	-0.00696455741766	-0.0188323076592	0.0194955749733	0.0235963785891	-0.0349872005799	-0.0141911560481	-0.0561168271327	0.0113431232291	0.0105465673375	-0.0387018235122	-0.0759774178292	-0.00883242103937	-0.0354053377959	0.044856678389	-0.00343625764899	-0.0304496643193	0.00916674993391
k__Bacteria;p__Bacteroidetes;c__Bacteroidia;o__Bacteroidales;f__Porphyromonadaceae;g__Parabacteroides;s__Parabacteroides_distasonis	-0.0256968239907	-0.00107449668348	-0.0317693002503	0.0335250442562	-0.0311611231677	-0.0463924907144	-0.068397782329	0.0130654954028	-0.0339315943257	1.0	0.067756711658	0.0210540875685	0.0380460975197	0.00429255510825	0.0420178220284	-0.0416011930481	0.0168551381872	-0.00952896846074	0.0271247287971	0.0146117768347	0.0522282815833	0.00191158903112	-0.0238283110124	-0.0342206363556	0.034151633513	-0.0157668823035	-0.0584746077152	-0.00376874739212	0.029196536149	-0.00937198004362	-0.0244712037772	0.0187039792986	0.0271677903157	-0.0417003360005	-0.0407169071603	-0.0477470829667	0.031761005881	-0.0653607015404	-0.0331202045626	-0.0544806100678	-0.0616343952355	0.00510764715165	-0.0504929694718	0.0219370489964	-0.0541086666586	0.0404960982294	-0.00806526033334	-0.0225456145094	-0.0265591961072	0.0323110149297	-0.0242200660939	-0.0607448545562	0.0191383847192	-0.0232701523784	-0.0408680301113	-0.0618827279624	-0.0531881736378	-0.000753687718047	0.000820836946917
k__Bacteria;p__Bacteroidetes;c__Bacteroidia;o__Bacteroidales;f__Bacteroidaceae;g__Bacteroides;s__Bacteroides_thetaiotaomicron	-0.00221683147836	0.00665023786583	0.002262193712	-0.0121396696667	0.00460407319453	-0.00630242470889	0.00896652622719	-0.0328169784321	0.019696655876	0.067756711658	1.0	0.00994401390725	-0.0137847217896	0.0357312444658	0.0110726520611	-0.038158958903	-0.0698566421025	-0.0148841967213	-0.0124963559547	-0.0621623182309	0.00457800964522	0.0513839148927	-0.0445538498687	0.0376737901681	-0.0240564864458	-0.00564133308537	-0.0493882796443	0.00382761596796	0.00782603490359	0.0331130201724	-0.135555402687	-0.00913283929099	0.0415478953734	0.0483591657758	-0.0402231061574	-0.01097620028	0.00101235404126	-0.00969315974722	0.0123630166088	-0.0381575083208	-0.00563557413447	0.0122239934227	-0.0472768504767	0.0208549528038	-0.0153097737903	0.00907671258146	0.00101339528969	0.000521194454142	-0.0218960391903	-0.000692382016862	-0.0243298505258	-0.0161301916883	-0.0787667303376	0.0333031210934	-0.0132158844273	0.01431126093	-0.0103023392515	-0.0159214876074	-0.0544312479057
k__Bacteria;p__Bacteroidetes;c__Bacteroidia;o__Bacteroidales;f__Bacteroidaceae;g__Bacteroides;s__Bacteroides_coprocola	-0.0117483181578	-0.0813515143676	-0.064435118803	0.0115312717724	0.0416808982918	-0.0575269137507	-0.00619710969657	0.0145639723755	-0.00419728337637	0.0210540875685	0.00994401390725	1.0	-0.0476051446288	-0.0337108422274	0.0176937468976	-0.0583730647521	0.00831949221774	0.04632455102	-0.0290199148937	0.0677670340924	0.0496884394368	0.030529650622	-0.0231699908362	-0.0161372765799	0.0271887619037	0.0363314721552	-0.0132500857118	0.0179598698269	0.0680808304484	-0.0074796511272	0.0239683632379	0.0239555670045	-0.0463060824954	0.055886050997	-0.0355970693757	-0.0645548368557	0.00430807960034	0.0350991290705	-0.0480608586865	-0.0296445765754	-0.0440151250897	-0.0512361236135	-0.0309776034806	-0.0777624254926	0.00576494034541	-0.0112099044741	-0.0323392848408	0.0133819990338	-0.0121573875788	-0.00711736607196	0.0912279080049	0.00307244857233	0.0331444050813	-0.0366827813147	-0.0242322791371	-0.0253590102464	-0.0130918380389	-0.00451616054498	0.00105439317886
k__Bacteria;p__Bacteroidetes;c__Bacteroidia;o__Bacteroidales;f__Bacteroidaceae;g__Bacteroides;s__Bacteroides_cellulosilyticus	-0.0315295445363	0.0566527014334	0.0136786425776	0.00321476524316	0.000288800143851	-0.00396283556463	0.0217480341433	0.0496238830979	-0.00592865146023	0.0380460975197	-0.0137847217896	-0.0476051446288	1.0	-0.0251156165517	-0.0218649511475	-1.72003862312e-05	0.0315009289117	0.0495586951769	-0.00337914419443	-0.0134430874643	-0.00428258383414	0.00246200541914	-0.0256970529615	-0.0180317880696	-0.0364672322523	-0.0544373624066	0.0469082881823	0.0601688382318	0.00477430195672	-0.000672326773049	0.00255736878173	-0.0284288856994	0.00875421085594	-0.0268152268236	0.0289465389383	-0.0028581711694	-0.0584705526962	-0.049386356697	-0.0372704046165	0.0336204978044	0.0210024893398	0.00761427131646	0.091584238135	0.0346119894715	0.0083323862716	-0.0386963074278	-0.0310163041431	0.0421729526545	-0.0122125980394	-0.0557239497267	-0.0383520689653	-0.061635071928	0.00327624009898	-0.0112411127498	-0.0345017249755	-0.0787254759926	-0.0468636623337	0.0259000088	-0.014471978169
k__Bacteria;p__Bacteroidetes;c__Bacteroidia;o__Bacteroidales;f__Rikenellaceae;g__Alistipes;s__Alistipes_obesi	-0.0643630705113	-0.053351863014	-0.048646898654	0.0258414879907	-0.0947965279015	0.03321958723	-0.0410270880822	0.0423802833466	-0.0326901363924	0.00429255510825	0.0357312444658	-0.0337108422274	-0.0251156165517	1.0	0.0129296728423	-0.0108388400554	-0.00674480860885	0.0199549575445	-0.00710360932112	0.0240354328376	-0.0505104813439	-0.0368056381684	0.00255053289647	0.0148926206686	-0.0280161281147	-0.035217071342	-0.0260264321375	-0.034518403587	-0.0792922172468	-0.00976893957346	-0.00810843727458	0.0429554960405	0.00568320365176	-0.00443484034406	0.0251089008698	-0.000649420334606	-0.0166570051079	-0.0438504492892	-0.0357061542108	0.0404197023733	-0.0183902173244	-0.000851433562861	-0.0492616320938	0.0110633301028	0.0920671197566	0.0238986796244	0.0233802757163	-0.0340863381823	0.00530009238299	0.032966059514	-0.0437559778717	0.0412057548272	0.0256220629702	0.040037439311	-0.00539729863803	-0.0194036648728	0.00895776930807	0.0329630961582	0.0207563378898
k__Bacteria;p__Firmicutes;c__Clostridia;o__Clostridiales;f__Lachnospiraceae;g__;s__[Eubacterium]_rectale	0.0125613086236	-0.0636640406671	-0.0132989778619	-0.0491078403312	-0.00706971699189	-0.0485384639271	0.0717677742619	0.0168297282954	0.00276938892724	0.0420178220284	0.0110726520611	0.0176937468976	-0.0218649511475	0.0129296728423	1.0	0.00782976587185	-0.0246236086822	0.0199523020231	0.0247976094001	0.0225645152278	-0.0227319684112	0.0272798331459	0.026158824744	0.00210247745569	0.0146262626208	-0.0703319678442	0.0429725593198	-0.0295420919065	-0.00912451072494	-0.0998429210027	-0.00876476395137	0.00575950997329	0.0200807538923	-0.00448655330103	-0.0184951780704	0.00884759105309	0.0161122591492	-0.0362582448223	0.0449537585319	-0.0585712669194	-0.00371108066132	0.0272736893283	-0.0330210431395	-0.0361682539088	0.00577781738453	0.0205212580276	-0.0247357999648	0.0119520298527	-0.0226608207465	-0.0265214236646	-0.00459958726314	-0.0165569410725	0.00190094845503	-0.0352745408114	0.00333997010639	0.0248686476334	-0.0579780261393	-0.0392006002784	0.0233925108126
k__Bacteria;p__Bacteroidetes;c__Bacteroidia;o__Bacteroidales;f__Bacteroidaceae;g__Bacteroides;s__Bacteroides_plebeius	-0.0304610178566	-9.24671445941e-05	0.0236528325436	-0.0174016870496	0.0086410924185	-0.0243662294999	-0.0135055377637	-0.0135797769615	0.0156910317017	-0.0416011930481	-0.038158958903	-0.0583730647521	-1.72003862311e-05	-0.0108388400554	0.00782976587185	1.0	0.0303258691251	0.0170189800697	0.0142980277146	-0.0955573274857	0.0322013134699	-0.00452095424088	-0.0728253645158	-0.012034317595	-0.0231275226136	-0.0121011816484	0.021336889899	-0.0588494136071	0.0596006050504	-0.030597911358	-0.00979331407488	0.00224561662157	-0.00555623535025	0.00363574136445	0.0697838487245	0.00556314447427	0.0450009798089	0.000936782470699	0.0130946514623	-0.00424666922058	-0.0339037856783	0.0276756200665	-0.0181488318092	-0.0255819445289	-0.0862178333523	0.0612677072418	-0.00769385266086	0.0794370306963	0.0248840052397	-0.00504333049126	0.0225192030063	-0.00134958315261	0.0703744725405	-0.00513910922004	-0.0172142220306	-0.00271269134596	-0.0349968008241	0.0299850656844	-0.0196702103344
k__Bacteria;p__Bacteroidetes;c__Bacteroidia;o__Bacteroidales;f__Bacteroidaceae;g__Bacteroides;s__Bacteroides_fragilis	0.0182691025759	0.00521177457999	-0.0262829910473	0.0102480398396	0.00456448509268	-0.0370483402053	-0.00114130264436	-0.056226118169	0.0260311140891	0.0168551381872	-0.0698566421025	0.00831949221774	0.0315009289117	-0.00674480860884	-0.0246236086822	0.0303258691251	1.0	-0.0399708199283	-0.0325908424802	-0.0734085866127	-0.019880680773	-0.0071173892486	0.0240886467581	-0.00147355136394	0.00482937279064	-0.0394247849966	0.0324284017178	-0.0483632400215	0.00289764099185	0.0169533936492	0.0421291652238	-0.0184733672209	0.0261910111314	-0.0149113864394	0.0511554267992	-0.0327906000851	-0.0248023910529	0.0176836471101	-0.0170820082785	-0.0218552113487	-0.0472517309492	0.0185076335382	-0.0198175267981	-0.047192348468	-0.0182635436328	0.0346237681448	0.0171030833394	-0.0274535222349	0.0126336370126	0.0329789931159	0.0228083286709	-0.0201897371282	0.0241401785966	0.060312972249	0.0329114429314	-0.0908818867431	0.00536913691325	-0.0147753449949	-0.0434709285417
k__Bacteria;p__Proteobacteria;c__Betaproteobacteria;o__Burkholderiales;f__Sutterellaceae;g__Sutterella;s__Sutterella_wadsworthensis	-0.0370103185045	-3.1560977243e-05	-0.0453343135947	-0.00156095643101	0.0397969077488	-0.0511743826802	-0.0155029725047	0.0331627946901	0.0249401390354	-0.00952896846074	-0.0148841967213	0.04632455102	0.0495586951769	0.0199549575445	0.0199523020231	0.0170189800697	-0.0399708199283	1.0	0.00957076850481	-0.0213297849771	-0.0866916293699	-0.0180756132166	-0.000186763832483	-0.0469964070984	-0.0021855103589	0.027816032998	-0.0332377028792	-0.0255805708863	-0.0741277390123	0.0336407403159	-0.0456051128137	0.0050344471011	0.00659133582385	-0.00405609804764	0.0102930023035	0.0102252842904	0.0317700769985	0.0588969197336	0.0342155606634	-0.0493870002641	-0.0630802172787	-0.0572589515718	0.00187814445105	0.00450223697595	0.0462726658324	-0.054869113103	-0.0541827614803	0.0366747326588	-0.0718314012782	0.0505846609446	0.0644712078009	-0.0880623869624	-0.0354906098266	-0.0169164571824	0.0447633758996	-0.034709457598	0.0160611339878	0.00236330835084	-0.0213344928207
k__Bacteria;p__Bacteroidetes;c__Bacteroidia;o__Bacteroidales;f__Porphyromonadaceae;g__Barnesiella;s__Barnesiella_intestinihominis	-0.0658257682844	0.00307056016771	-0.0461927948664	0.0204585710584	0.0137238534373	-0.0224671646817	-0.00987180338723	0.0294410240042	-0.0348356374047	0.0271247287971	-0.0124963559547	-0.0290199148937	-0.00337914419443	-0.00710360932112	0.0247976094001	0.0142980277146	-0.0325908424802	0.00957076850481	1.0	-0.0441321981949	-0.0594596820143	-0.0423333587641	0.0247298474887	-0.0439860734304	-0.0537319913014	-0.00618980429345	-0.0199793823009	0.0154777934718	0.0333259532641	0.00981324160163	-0.00783892711542	-0.0728138819129	0.00483461815164	0.0572870184757	0.0222675195278	-0.0177645873688	-0.0587855821319	0.016786781718	0.0116494849379	0.0159551292638	0.0084901945412	0.0415931880686	-0.0255793420023	0.0654353550163	0.0777394618971	0.0011997658807	-0.0554052571207	-0.00107251273508	-0.0069782897963	-0.0176506650992	-0.00968682024873	0.0244819417571	-0.00995992374743	-0.0268263957797	-0.000587539116476	-0.0433767532003	0.023602416572	0.0216376554844	0.00203985895882
k__Bacteria;p__Bacteroidetes;c__Bacteroidia;o__Bacteroidales;f__Odoribacteraceae;g__Odoribacter;s__Odoribacter_splanchnicus	0.0157723788524	-0.0399327077095	0.032331277722	-0.0555909616936	-0.0439349740529	0.0497554894036	-0.0111530805779	0.0135231021276	7.38616322976e-05	0.0146117768347	-0.0621623182309	0.0677670340924	-0.0134430874643	0.0240354328376	0.0225645152278	-0.0955573274857	-0.0734085866127	-0.0213297849771	-0.0441321981949	1.0	-0.0083957658799	-0.0051404162471	-0.0936831429718	0.0625083585828	-0.0158043239462	-0.0237109296831	-0.0287211734831	-0.0686925678904	0.0340713090719	-0.012668844784	-0.0283555242491	0.0523733683641	-0.0286855380185	-0.014453038072	-0.0339340664369	-0.00977859316874	-0.0303669184547	0.0259699989994	-0.00948304786101	-0.00559923820968	-0.027529707643	0.00641663210628	-0.0140541715278	0.0739614113311	-0.0394753661975	-0.0429141773166	-0.0448348329591	-0.0908735596419	-0.0514025838411	-0.00636986007363	0.0266185258335	-0.011228734182	0.0304838125185	-0.00817733281725	-0.0282682541381	0.0280173982139	-0.0136131407985	0.0415617700897	0.00859500636033
k__Bacteria;p__Bacteroidetes;c__Bacteroidia;o__Bacteroidales;f__Bacteroidaceae;g__Bacteroides;s__Bacteroides_salyersiae	0.00924223416908	0.000716109259578	0.0264711604205	-0.0468160408312	-0.039818558921	0.0927663194469	-0.0456201634532	-0.037217603526	-0.0242874664572	0.0522282815833	0.00457800964522	0.0496884394368	-0.00428258383414	-0.0505104813439	-0.0227319684112	0.0322013134699	-0.019880680773	-0.0866916293699	-0.0594596820143	-0.0083957658799	1.0	-0.0458865852992	0.0179963889485	-0.0792123482158	-0.0110768022222	-0.0236700577384	-0.0118906137375	-0.0610859284574	0.0567092814668	-0.00449603700021	-0.0182959210906	-0.0123996088794	-0.0801517562705	-0.0384915918945	0.0365474157581	0.0265115881399	-0.0365367888241	-0.00482651839548	-0.0128323419691	-0.0558228764191	-0.0275803132032	0.00498234352277	0.0474899557102	0.0178438711481	0.0393022174439	0.0332127217524	0.0645736509695	0.0141196196915	-0.0386832864152	-0.0222530492298	-0.0202575234414	0.0840154705643	-0.0339558479963	0.0498296138077	-0.0457540818792	0.0798932324002	-0.0326391890805	-0.026861411246	0.067991259759
k__Bacteria;p__Firmicutes;c__Clostridia;o__Clostridiales;f__Ruminococcaceae;g__Ruminiclostridium;s__[Eubacterium]_siraeum	-0.0587817940508	-0.0242697019559	-0.0543032905665	-0.042828115922	0.0179681982317	-0.0821652890997	0.0635528719046	-0.017173915971	0.0238553133162	0.00191158903112	0.0513839148927	0.030529650622	0.00246200541914	-0.0368056381684	0.0272798331459	-0.00452095424088	-0.0071173892486	-0.0180756132166	-0.0423333587641	-0.0051404162471	-0.0458865852992	1.0	-0.0185801859241	0.0764174952654	-0.0241864165092	-0.00101601308936	-0.00299144607714	0.0082620426679	0.0188916021621	0.0721725793831	-0.011912894475	-0.0792074072791	-0.0121308952616	0.00836570453609	-0.0411388476308	-0.0125220207127	-0.0736996714332	0.0126099928407	-0.024818053489	-0.0317802061755	-0.0226459426202	0.0318412838528	0.00963873393948	0.0106751199522	0.046938391805	-0.0515075185336	-0.00101037695769	-0.0284574876804	0.0176049931165	-0.0558831319921	0.0491249947438	-0.0169032095945	0.00835206160783	-0.00950026786077	0.0656840520183	-0.0115979385173	0.0380039068572	-0.000370434526877	0.053253432569
k__Bacteria;p__Proteobacteria;c__Betaproteobacteria;o__Burkholderiales;f__Sutterellaceae;g__Parasutterella;s__Parasutterella_excrementihominis	0.0408795897539	-0.000773127659291	-0.0181768187111	-0.0317389434993	-0.0112871528169	-0.0465910248567	0.00579415399425	0.00324722208747	0.0165138320504	-0.0238283110124	-0.0445538498687	-0.0231699908362	-0.0256970529615	0.00255053289647	0.026158824744	-0.0728253645158	0.0240886467581	-0.000186763832483	0.0247298474887	-0.0936831429718	0.0179963889485	-0.0185801859241	1.0	0.0224026387776	-0.0586587719392	-0.0226002423162	0.0131929954504	-0.00405926680032	0.0273764046094	0.0215451467197	-0.0343768926523	-0.00999685614913	-0.0302247357851	0.0107296750616	-0.0150476274605	0.0119392042152	-0.029031778738	-0.0747926793759	-0.0525492738835	-0.0198823282965	0.0734846236743	-0.0422087009001	-0.0158038511364	-0.0677511404159	0.0191650927853	-0.0422304484241	-0.0446755253754	-0.0362240184736	-0.0174030637374	0.00134699751143	-0.0132246196762	-0.0762885489521	0.00445646308282	0.0819058488033	0.0161992356479	-0.0343019311409	-0.0798953049417	0.0593485895017	0.00989389245473
k__Bacteria;p__Actinobacteria;c__Actinobacteria;o__Bifidobacteriales;f__Bifidobacteriaceae;g__Bifidobacterium;s__Bifidobacterium_adolescentis	0.0182150507014	-0.0143419648112	-0.0267445969372	0.00306754510777	-0.0560785759142	-0.0193472134342	0.0291231276593	-0.0129422933681	-0.0110508131897	-0.0342206363556	0.0376737901681	-0.0161372765799	-0.0180317880696	0.0148926206686	0.00210247745569	-0.012034317595	-0.00147355136394	-0.0469964070984	-0.0439860734304	0.0625083585828	-0.0792123482158	0.0764174952654	0.0224026387776	1.0	-0.0211356013315	-0.0205031522467	-0.00952864921292	0.0615754807201	0.0465062761227	-0.0529143730365	0.0188604676799	-0.0599704848115	0.0125892292769	0.0413857809839	0.0197331351682	0.0123509895251	-0.027379277162	-0.0110369639352	-0.012295012352	-0.00351184822374	0.000366315233748	-0.00190860479258	-0.00392079837751	0.0131654219848	0.0283878752673	-0.0371601123472	-0.0181402823549	0.0212097599334	-0.02622799692	-0.0338591694396	0.0101325175018	-0.0162703269879	-0.0892735338216	0.00365041199615	0.0554131204072	-0.0136832882926	0.020330659009	0.0161818038063	-0.0347025810023
k__Bacteria;p__Firmicutes;c__Clostridia;o__Clostridiales;f__Oscillospiraceae;g__Oscillibacter;s__Oscillibacter_sp._KLE_1745	-0.0430280948393	-0.0438560863969	-0.0561849518988	0.0373788389287	-0.0353485415768	0.0339301215737	-0.0249250229106	0.02038041847	-0.0126712394458	0.034151633513	-0.0240564864458	0.0271887619037	-0.0364672322523	-0.0280161281147	0.0146262626208	-0.0231275226136	0.00482937279064	-0.0021855103589	-0.0537319913014	-0.0158043239462	-0.0110768022222	-0.0241864165092	-0.0586587719392	-0.0211356013315	1.0	-0.0233157263432	0.0288112306489	-0.0437443479195	-0.0740084044231	-0.037558274752	0.00288624012031	0.00979880598564	-0.0119484935604	0.0170222378544	-0.0133863359405	-0.0230793134012	-0.0170704251104	-0.0454598895917	0.0266733177191	-0.039142318072	0.0122658082484	-0.00299422417516	0.02126594707	0.0601732538422	-0.0691359993829	-0.0507356962548	-0.00462993897524	-0.0553024609417	-0.0157384866016	0.0248874607138	-0.0114440931013	0.0280232346614	0.0138281256509	-0.018230388694	-0.0445399445109	-0.0256139255971	0.00837310499447	-0.0132127596247	-0.0379980197792
k__Bacteria;p__Bacteroidetes;c__Bacteroidia;o__Bacteroidales;f__Bacteroidaceae;g__Bacteroides;s__Bacteroides_coprophilus	-0.0545788906891	0.0531009150085	-0.0316458125902	0.0182827791066	0.000930298718751	-0.00678003425694	0.00866751901274	0.0179865400136	0.0659212336795	-0.0157668823035	-0.00564133308537	0.0363314721552	-0.0544373624066	-0.035217071342	-0.0703319678442	-0.0121011816484	-0.0394247849966	0.027816032998	-0.00618980429345	-0.0237109296831	-0.0236700577384	-0.00101601308936	-0.0226002423162	-0.0205031522467	-0.0233157263432	1.0	0.0249464984809	0.0195136481615	-0.00134736389108	-0.0154276375947	-0.0620250202501	0.0070328179137	-0.0220552806894	-0.0467563159331	-0.0126846555426	-0.0574362643731	-0.030587752332	0.0176386703536	0.0149182753427	0.0100333413633	0.047136344441	-0.0162580632272	0.0156208536218	-0.046728442056	0.00789194609546	-0.0332291393052	-0.0178408940996	0.0367607240493	-0.0405927901893	0.0268821928952	0.0374946433528	-0.0713086686586	0.000746040226844	-0.015790602658	0.0168089985384	-0.00654652709002	-0.0784414762133	-0.0688486635756	0.033970112692
k__Bacteria;p__Firmicutes;c__Clostridia;o__Clostridiales;f__Lachnospiraceae;g__Roseburia;s__Roseburia_intestinalis	-0.0251957242984	-0.0213249929556	-0.0705492498872	-0.0368729971399	0.0225316012377	-0.0402855391045	-0.0265413269496	0.0111851934493	0.0200557302561	-0.0584746077152	-0.0493882796443	-0.0132500857118	0.0469082881823	-0.0260264321375	0.0429725593198	0.021336889899	0.0324284017178	-0.0332377028792	-0.0199793823009	-0.0287211734831	-0.0118906137375	-0.00299144607714	0.0131929954504	-0.00952864921292	0.0288112306489	0.0249464984809	1.0	0.0180387756848	-0.0165682632757	-0.0583079738622	-0.0178481809529	-0.01884123722	0.00754191018652	0.0365914801472	-0.0220564995596	0.0582644121592	0.0237845800295	-0.0106636266166	0.014568213596	0.0608525273611	-0.0283833567833	-0.0520464753964	0.0205243448046	0.0273184218705	0.0359062368998	-0.0397381020075	0.0308162976883	-0.0813627175553	0.0882714344264	0.0199674604737	-0.0371061357285	-0.00966631856079	-0.0192725146297	-0.0774283617659	-0.0272845156624	0.0179465953542	-0.0750343577285	-0.0154107948214	-0.0209374247413
k__Bacteria;p__Firmicutes;c__Clostridia;o__Clostridiales;f__Lachnospiraceae;g__Roseburia;s__Roseburia_hominis	0.0215209703997	-0.000518844411311	0.0332464863234	-0.0328750468107	-0.0288722354563	0.0194757119761	-0.0591120384	0.0451457721814	-0.0410015425323	-0.00376874739212	0.00382761596796	0.0179598698269	0.0601688382318	-0.034518403587	-0.0295420919065	-0.0588494136071	-0.0483632400215	-0.0255805708863	0.0154777934718	-0.0686925678904	-0.0610859284574	0.0082620426679	-0.00405926680032	0.0615754807201	-0.0437443479195	0.0195136481615	0.0180387756848	1.0	-0.0237732912161	0.00481531966164	0.0244207470237	0.0308927917302	-0.0287383941637	0.0132330260071	-0.0149463807997	0.00549054547373	0.0443600836481	0.06601058443	-0.00328021358271	0.0394237656006	-0.00723646112259	0.000863259158015	-0.00592654050331	-0.04625206403	-0.00365306203409	0.0143993013696	-0.0235938945358	-0.00615225023647	-0.0454925423565	0.0120034322324	-0.0644091355011	-0.0401285247136	-0.0603969929311	-0.00432862115319	-0.0316412778467	-0.0124822665519	0.0688918661939	0.0280371898256	-0.0476800094093
k__Bacteria;p__Bacteroidetes;c__Bacteroidia;o__Bacteroidales;f__Porphyromonadaceae;g__Parabacteroides;s__Parabacteroides_johnsonii	-0.0444336136052	0.0114111360877	-0.0197491879884	-0.0812948940196	-0.0026226536151	0.00592977555199	0.0104181583671	-0.00844017699299	0.012127783431	0.029196536149	0.00782603490359	0.0680808304484	0.00477430195672	-0.0792922172468	-0.00912451072494	0.0596006050504	0.00289764099185	-0.0741277390123	0.0333259532641	0.0340713090719	0.0567092814668	0.0188916021621	0.0273764046094	0.0465062761227	-0.0740084044231	-0.00134736389108	-0.0165682632757	-0.0237732912161	1.0	-0.00391513071432	-0.00963365894496	-0.0645109809527	-0.00980601932216	-0.00533986550593	-0.0264608825162	0.0743255936554	-0.0417753809574	0.0190701342613	3.45966235865e-05	-0.0471452731208	-0.0236674166691	-0.00221009059583	-0.0338274706964	0.0463594341143	-0.027482036634	-0.0510015130399	0.00124073061612	-0.0115220477737	-0.0555871231601	0.0250690442013	0.0437129710575	-0.0623415011972	-0.0203910766648	-0.013779313018	-0.10454170699	0.00456921967345	0.0632533056331	0.0263695678586	0.0142306636205
k__Bacteria;p__Actinobacteria;c__Actinobacteria;o__Bifidobacteriales;f__Bifidobacteriaceae;g__Bifidobacterium;s__Bifidobacterium_longum	0.0631025481138	-0.031990132353	-0.0196476030426	-0.060306617642	0.0183804759355	0.00589398713097	-0.0235473429405	0.0222519295561	0.0352254769499	-0.00937198004362	0.0331130201724	-0.0074796511272	-0.000672326773049	-0.00976893957346	-0.0998429210027	-0.030597911358	0.0169533936492	0.0336407403159	0.00981324160163	-0.012668844784	-0.00449603700021	0.0721725793831	0.0215451467197	-0.0529143730365	-0.037558274752	-0.0154276375947	-0.0583079738622	0.00481531966164	-0.00391513071432	1.0	0.00515685077984	0.0376201651577	-0.0154351238426	0.0177063691855	0.00483746970685	-0.0469160008325	-0.0315891622182	-0.0536941382377	0.00426997500919	-0.0442687670932	-0.0440633878246	-0.00080121939296	-0.0022168046544	-0.0510734834277	0.0236991229902	-0.0296859420169	0.0792504386124	0.00624452273826	-0.0576347985074	-0.0479397813937	-0.0290045665933	-0.0674925348468	-0.0300269172175	0.0168791442493	-0.0100611276672	0.04648070612	0.001277812382	0.0470189200874	-0.00778178016186
