#taxonomy	k__Bacteria;p__Bacteroidetes;c__Bacteroidia;o__Bacteroidales;f__Bacteroidaceae;g__Bacteroides;s__Bacteroides_vulgatus	k__Bacteria;p__Bacteroidetes;c__Bacteroidia;o__Bacteroidales;f__Bacteroidaceae;g__Bacteroides;s__Bacteroides_uniformis	k__Bacteria;p__Bacteroidetes;c__Bacteroidia;o__Bacteroidales;f__Rikenellaceae;g__Alistipes;s__Alistipes_putredinis	k__Bacteria;p__Bacteroidetes;c__Bacteroidia;o__Bacteroidales;f__Prevotellaceae;g__Prevotella;s__Prevotella_copri	k__Bacteria;p__Bacteroidetes;c__Bacteroidia;o__Bacteroidales;f__Bacteroidaceae;g__Bacteroides;s__Bacteroides_stercoris	k__Bacteria;p__Bacteroidetes;c__Bacteroidia;o__Bacteroidales;f__Bacteroidaceae;g__Bacteroides;s__Bacteroides_ovatus	k__Bacteria;p__Bacteroidetes;c__Bacteroidia;o__Bacteroidales;f__Rikenellaceae;g__Alistipes;s__Alistipes_shahii	k__Bacteria;p__Firmicutes;c__Clostridia;o__Clostridiales;f__Ruminococcaceae;g__Faecalibacterium;s__Faecalibacterium_prausnitzii	k__Bacteria;p__Bacteroidetes;c__Bacteroidia;o__Bacteroidales;f__Rikenellaceae;g__Alistipes;s__Alistipes_finegoldii	k__Bacteria;p__Bacteroidetes;c__Bacteroidia;o__Bacteroidales;f__Porphyromonadaceae;g__Parabacteroides;s__Parabacteroides_distasonis	k__Bacteria;p__Bacteroidetes;c__Bacteroidia;o__Bacteroidales;f__Bacteroidaceae;g__Bacteroides;s__Bacteroides_thetaiotaomicron	k__Bacteria;p__Bacteroidetes;c__Bacteroidia;o__Bacteroidales;f__Bacteroidaceae;g__Bacteroides;s__Bacteroides_coprocola	k__Bacteria;p__Bacteroidetes;c__Bacteroidia;o__Bacteroidales;f__Bacteroidaceae;g__Bacteroides;s__Bacteroides_cellulosilyticus	k__Bacteria;p__Bacteroidetes;c__Bacteroidia;o__Bacteroidales;f__Rikenellaceae;g__Alistipes;s__Alistipes_obesi	k__Bacteria;p__Firmicutes;c__Clostridia;o__Clostridiales;f__Lachnospiraceae;g__;s__[Eubacterium]_rectale	k__Bacteria;p__Bacteroidetes;c__Bacteroidia;o__Bacteroidales;f__Bacteroidaceae;g__Bacteroides;s__Bacteroides_plebeius	k__Bacteria;p__Bacteroidetes;c__Bacteroidia;o__Bacteroidales;f__Bacteroidaceae;g__Bacteroides;s__Bacteroides_fragilis	k__Bacteria;p__Proteobacteria;c__Betaproteobacteria;o__Burkholderiales;f__Sutterellaceae;g__Sutterella;s__Sutterella_wadsworthensis	k__Bacteria;p__Bacteroidetes;c__Bacteroidia;o__Bacteroidales;f__Porphyromonadaceae;g__Barnesiella;s__Barnesiella_intestinihominis	k__Bacteria;p__Bacteroidetes;c__Bacteroidia;o__Bacteroidales;f__Odoribacteraceae;g__Odoribacter;s__Odoribacter_splanchnicus	k__Bacteria;p__Bacteroidetes;c__Bacteroidia;o__Bacteroidales;f__Bacteroidaceae;g__Bacteroides;s__Bacteroides_salyersiae	k__Bacteria;p__Firmicutes;c__Clostridia;o__Clostridiales;f__Ruminococcaceae;g__Ruminiclostridium;s__[Eubacterium]_siraeum	k__Bacteria;p__Proteobacteria;c__Betaproteobacteria;o__Burkholderiales;f__Sutterellaceae;g__Parasutterella;s__Parasutterella_excrementihominis	k__Bacteria;p__Actinobacteria;c__Actinobacteria;o__Bifidobacteriales;f__Bifidobacteriaceae;g__Bifidobacterium;s__Bifidobacterium_adolescentis	k__Bacteria;p__Firmicutes;c__Clostridia;o__Clostridiales;f__Oscillospiraceae;g__Oscillibacter;s__Oscillibacter_sp._KLE_1745	k__Bacteria;p__Bacteroidetes;c__Bacteroidia;o__Bacteroidales;f__Bacteroidaceae;g__Bacteroides;s__Bacteroides_coprophilus	k__Bacteria;p__Firmicutes;c__Clostridia;o__Clostridiales;f__Lachnospiraceae;g__Roseburia;s__Roseburia_intestinalis	k__Bacteria;p__Firmicutes;c__Clostridia;o__Clostridiales;f__Lachnospiraceae;g__Roseburia;s__Roseburia_hominis	k__Bacteria;p__Bacteroidetes;c__Bacteroidia;o__Bacteroidales;f__Porphyromonadaceae;g__Parabacteroides;s__Parabacteroides_johnsonii	k__Bacteria;p__Actinobacteria;c__Actinobacteria;o__Bifidobacteriales;f__Bifidobacteriaceae;g__Bifidobacterium;s__Bifidobacterium_longum	k__Bacteria;p__Firmicutes;c__Clostridia;o__Clostridiales;f__;g__Flavonifractor;s__Flavonifractor_plautii	k__Bacteria;p__Firmicutes;c__Clostridia;o__Clostridiales;f__Clostridiaceae;g__Clostridium;s__Clostridium_phoceensis	k__Bacteria;p__Verrucomicrobia;c__Verrucomicrobiae;o__Verrucomicrobiales;f__Akkermansiaceae;g__Akkermansia;s__Akkermansia_muciniphila	k__Bacteria;p__Bacteroidetes;c__Bacteroidia;o__Bacteroidales;f__Prevotellaceae;g__Paraprevotella;s__Paraprevotella_xylaniphila	k__Bacteria;p__Firmicutes;c__Clostridia;o__Clostridiales;f__Ruminococcaceae;g__Ruminococcus;s__Ruminococcus_callidus	k__Bacteria;p__Bacteroidetes;c__Bacteroidia;o__Bacteroidales;f__Rikenellaceae;g__Alistipes;s__Alistipes_senegalensis	k__Bacteria;p__Firmicutes;c__Clostridia;o__Clostridiales;f__Lachnospiraceae;g__Blautia;s__Blautia_sp._KLE_1732	k__Bacteria;p__Bacteroidetes;c__Bacteroidia;o__Bacteroidales;f__Bacteroidaceae;g__Bacteroides;s__Bacteroides_oleiciplenus	k__Bacteria;p__Firmicutes;c__Clostridia;o__Clostridiales;f__Ruminococcaceae;g__Ruminococcus;s__Ruminococcus_bicirculans	k__Bacteria;p__Bacteroidetes;c__Bacteroidia;o__Bacteroidales;f__Bacteroidaceae;g__Bacteroides;s__Bacteroides_fluxus	k__Bacteria;p__Bacteroidetes;c__Bacteroidia;o__Bacteroidales;f__Prevotellaceae;g__Prevotella;s__Prevotella_stercorea	k__Bacteria;p__Firmicutes;c__Clostridia;o__Clostridiales;f__Lachnospiraceae;g__Dorea;s__Dorea_longicatena	k__Bacteria;p__Firmicutes;c__Clostridia;o__Clostridiales;f__Eubacteriaceae;g__Eubacterium;s__[Eubacterium]_eligens	k__Bacteria;p__Firmicutes;c__Clostridia;o__Clostridiales;f__Ruminococcaceae;g__;s__Ruminococcaceae_bacterium_D16	k__Bacteria;p__Firmicutes;c__Clostridia;o__Clostridiales;f__Lachnospiraceae;g__Coprococcus;s__Coprococcus_comes	k__Bacteria;p__Proteobacteria;c__Gammaproteobacteria;o__Enterobacterales;f__Enterobacteriaceae;g__Escherichia;s__Escherichia_coli	k__Bacteria;p__Firmicutes;c__Clostridia;o__Clostridiales;f__Ruminococcaceae;g__Anaerotruncus;s__Anaerotruncus_colihominis	k__Bacteria;p__Firmicutes;c__Clostridia;o__Clostridiales;f__Lachnospiraceae;g__Blautia;s__Blautia_obeum	k__Bacteria;p__Bacteroidetes;c__Bacteroidia;o__Bacteroidales;f__Odoribacteraceae;g__Odoribacter;s__Odoribacter_laneus	k__Bacteria;p__Firmicutes;c__Clostridia;o__Clostridiales;f__Ruminococcaceae;g__Ruminiclostridium;s__[Clostridium]_leptum	k__Bacteria;p__Bacteroidetes;c__Bacteroidia;o__Bacteroidales;f__Porphyromonadaceae;g__Parabacteroides;s__Parabacteroides_goldsteinii	k__Bacteria;p__Firmicutes;c__Clostridia;o__Clostridiales;f__Lachnospiraceae;g__Anaerostipes;s__Anaerostipes_hadrus	k__Bacteria;p__Firmicutes;c__Clostridia;o__Clostridiales;f__Ruminococcaceae;g__Ruminococcus;s__Ruminococcus_lactaris	k__Bacteria;p__Firmicutes;c__Clostridia;o__Clostridiales;f__Clostridiaceae;g__Clostridium;s__Clostridium_sp._L2-50	k__Bacteria;p__Firmicutes;c__Clostridia;o__Clostridiales;f__Clostridiaceae;g__Clostridium;s__Clostridium_sp._M62/1	k__Bacteria;p__Firmicutes;c__Clostridia;o__Clostridiales;f__;g__Intestinimonas;s__Intestinimonas_butyriciproducens	k__Bacteria;p__Actinobacteria;c__Actinobacteria;o__Bifidobacteriales;f__Bifidobacteriaceae;g__Bifidobacterium;s__Bifidobacterium_bifidum	k__Bacteria;p__Firmicutes;c__Negativicutes;o__Veillonellales;f__Veillonellaceae;g__Dialister;s__Dialister_invisus	k__Bacteria;p__Bacteroidetes;c__Bacteroidia;o__Bacteroidales;f__Bacteroidaceae;g__Bacteroides;s__Bacteroides_salanitronis
k__Bacteria;p__Bacteroidetes;c__Bacteroidia;o__Bacteroidales;f__Bacteroidaceae;g__Bacteroides;s__Bacteroides_vulgatus	1.0	0.0192830634461	-0.0203740682126	-0.00313980517663	-0.0550371673971	0.0286374761088	0.0015877433584	0.0376189643171	-0.022111231004	0.0234062458474	-0.0521778601717	0.0171870588376	-0.00107146920316	0.0500041026338	-0.0126385856144	0.00974651507132	-0.0797908568738	-0.0315728124238	0.0459567623865	-0.0155172445497	0.0183018641005	-0.0435615039944	-0.0669040649546	-0.0299910292155	-0.0493621376034	-0.0457794103861	-0.0185899722001	-0.0403629241205	-0.00585249170735	-0.0430837639791	-0.029113393311	-0.0353187153845	-0.0528584320821	-0.0261310641818	0.0270205605445	0.0716996759198	-0.0207977904373	-0.0356326436544	0.00994411319038	-0.0550666185789	0.0472588107597	-0.0367416843453	-0.0419858048129	-0.020814949537	0.0151219718454	0.0122965010054	0.021522132495	0.000966239677791	0.0495699439207	0.0607904502255	-0.0375625421013	0.0435189661811	-0.0541804113631	0.0378578473188	-0.0142518651975	0.0328735323023	0.0185469644196	0.0404028125521	-0.0535328851999
k__Bacteria;p__Bacteroidetes;c__Bacteroidia;o__Bacteroidales;f__Bacteroidaceae;g__Bacteroides;s__Bacteroides_uniformis	0.0192830634461	1.0	-0.0495150776433	0.0448842722968	-0.00774354449921	0.024829194564	-0.00210909136368	0.0268874208952	-0.0315801414138	0.00527509059078	-0.0289658593486	-0.0609174430368	0.0117248902072	0.0543420409915	-0.02100939406	-0.0306812117679	0.0576168751781	0.0669363223914	-0.0104996647713	-0.0328053639335	0.0675373053367	0.0312018453944	0.0273667797982	-0.0104214620125	-0.0939544565911	-0.0115415590626	-0.0394825748029	0.0139900712401	0.00348125180383	-0.00285627275279	-0.0533185409287	-0.0480175536324	0.0207133111557	-0.0338727750238	-0.0807947920835	-0.0860548449666	-0.00895140689748	-0.0131823234157	-0.000109423105252	-0.043769666321	-0.0672010097046	-0.058758393821	0.00415137221689	-0.0685667623948	-0.0261907424446	-0.0155497534765	0.0167077103581	0.0375202224789	-0.0562576537531	-0.076442703047	0.0128024066026	-0.0647712985212	0.00980003863246	-0.0534851499085	-0.0277700691089	0.00873423376898	0.0069887109092	0.0237657398598	-0.000658544767606
k__Bacteria;p__Bacteroidetes;c__Bacteroidia;o__Bacteroidales;f__Rikenellaceae;g__Alistipes;s__Alistipes_putredinis	-0.0203740682126	-0.0495150776433	1.0	-0.0175804779557	0.00353634324033	0.0483915616132	0.051751387016	0.0278540289074	0.0298051409573	-0.0725862911805	0.0507605086117	-0.00396123960192	0.0283319473456	-0.100627093415	0.0271489993122	0.0157577261699	-0.0131673962011	-0.0172030219238	0.00880335066916	0.0194489599848	-0.0144456173366	0.000648286565216	0.016921712199	-0.004419152941	-0.00741603614007	-0.00250003715353	0.026330206952	0.0516868413794	0.00889702710901	-0.0474881158343	0.00936225561889	-0.0203895676911	-0.0393910384722	-0.0314439772001	-0.0442839408656	0.0248112882336	-0.0465373382016	0.00264714047062	0.00398995541707	-0.0638151075793	-0.00278139448894	-0.0398943907113	0.0214409281466	-0.0200876649026	-0.00777626895147	-0.0788602606831	0.055269206426	0.0244075908524	0.0321120607206	0.0894264209737	-0.0440709774622	-0.0266111683359	0.00640929616957	-0.0437399143467	-0.0635068168536	-0.0160628480527	-0.00855344321624	0.0154582917885	0.00282756295194
k__Bacteria;p__Bacteroidetes;c__Bacteroidia;o__Bacteroidales;f__Prevotellaceae;g__Prevotella;s__Prevotella_copri	-0.00313980517663	0.0448842722968	-0.0175804779557	1.0	0.00220069259365	0.0215683776247	-0.0408936377381	0.008112841541	0.0398145594439	-0.0347163117593	-0.0241613534462	0.0141295037617	-0.0340440190983	0.0221641836623	0.0144568736898	-0.0261853681543	-0.024519643848	0.0219188740106	0.00526998630108	-0.0558524253168	-0.0150014138683	-0.00187305819215	-0.00484064546763	-0.0110155137322	-0.0840761471047	-0.0119185315133	-0.00688516528303	0.00189593116516	-0.00101286679641	0.0557754749794	-0.0028284467951	-0.0135522372996	-0.0436226383064	0.00850666447205	-0.0301212594939	0.0338366433365	0.0529979957265	-0.0145054801439	0.0259772618227	0.0166236391425	0.0358719522947	-0.0663404860356	-0.0211712647123	-0.0292296210065	-0.0385357990087	0.0129140759517	-0.0103590288647	-0.0158221657434	-0.00460526742445	0.0362080757522	-0.0569495471178	0.0237288367116	0.0168343023679	-0.0180244532671	-0.0130714824388	-0.0347334476769	0.0410717331909	-0.0707420748584	-0.0654107950453
k__Bacteria;p__Bacteroidetes;c__Bacteroidia;o__Bacteroidales;f__Bacteroidaceae;g__Bacteroides;s__Bacteroides_stercoris	-0.0550371673971	-0.00774354449921	0.00353634324033	0.00220069259365	1.0	-0.0309122392835	-0.0185414542123	0.0331799819613	-0.011848162125	-0.0170169689336	-0.018088905319	-0.0442561956531	0.00940935835333	-0.00431455210805	0.00740600524413	-0.010728733375	0.0558093492049	0.0069136866179	0.0227806204997	-0.036389068985	0.023268911148	0.0480633584645	-0.0194898358627	0.00414860438804	-0.0614100200616	-0.0141565513546	-0.0436561912936	-0.0381138854123	0.024860835703	-0.0471275128912	0.026895401054	-0.0171708660018	-0.0219110291848	0.00735289697725	-0.082181824055	-0.0369704521514	-0.0505590351124	-0.0258625060854	-0.0126280129446	-0.0258247800752	0.00816845880753	-0.0140896844501	0.0021967729517	0.00108891718066	-0.0351424710977	-0.0104941429014	0.030531456164	0.0334726397639	-0.0369255472858	0.0211929176896	0.0213554796302	0.00812735835214	-0.058379734202	0.0045426530856	-0.0249672394301	-0.0151896967172	0.0438137125275	-0.040186330362	0.0620219170778
k__Bacteria;p__Bacteroidetes;c__Bacteroidia;o__Bacteroidales;f__Bacteroidaceae;g__Bacteroides;s__Bacteroides_ovatus	0.0286374761088	0.024829194564	0.0483915616132	0.0215683776247	-0.0309122392835	1.0	0.0200255847542	-0.0633544823384	0.0119361348194	-0.0226499192041	-0.034212143914	-0.0591284670655	-0.0479470313609	0.0434462940995	0.0204540948955	-0.0189831025974	-0.0194741910763	0.00498862196972	0.0927697501229	0.035040715082	0.0170147544564	-0.039740237059	-0.0143131675529	0.0174321967813	-0.0247203260472	0.021548568111	0.00578680910659	0.0141523184394	-0.00184914829633	0.0581064248108	-0.00695601902794	0.00800055391989	-0.0194962344757	-0.0808694262471	-0.0663500153442	0.00144342660518	0.0326495165037	-0.000146577070083	-0.00820550110359	-0.0424207664877	0.0159936357058	-0.0127961206251	0.00716067450714	-0.0917641698699	-0.0508815008228	-0.0602925160501	-0.023441463496	-0.0635866300589	-0.000349555433654	-0.0424170945418	0.012454004824	-0.0175215528765	0.0135935433746	0.000458377324715	-0.00260791758158	-0.00556792948635	0.00918852578229	-0.103675208891	0.0724378434231
k__Bacteria;p__Bacteroidetes;c__Bacteroidia;o__Bacteroidales;f__Rikenellaceae;g__Alistipes;s__Alistipes_shahii	0.0015877433584	-0.00210909136368	0.051751387016	-0.0408936377381	-0.0185414542123	0.0200255847542	1.0	0.014125462639	0.0455117316808	0.00443480361334	-0.0212604417724	-0.0186704648804	-0.0297506929122	-0.0219759306346	-0.0522977491016	0.00256614470282	-0.0289576115867	0.0365641425552	-0.0192328339019	-0.0212253544484	-0.00223640411391	0.00484042885467	-0.0200541320404	-0.0195497603994	0.0280348985622	0.103136447924	-0.0717109153821	-0.0154298884983	-0.00601652748165	-0.0106878038843	-0.0607418416674	0.006431373275	-0.0560917100568	-0.0530069173691	0.00740668486645	-0.00725338119884	-0.00687043015232	0.0291826521868	0.0282496089453	-0.0605352055942	0.0108888541926	-0.0109382580651	-0.030949297769	-0.0551582368427	-0.0333801004138	0.000862526551537	0.00940061298719	-0.0913724758641	0.0358856868331	-0.0704316976684	0.0706104502186	0.0121127754713	-0.0435352451045	-0.0469841145749	0.0319666464491	-0.0214201923598	-0.0384245840941	-0.0287149253534	0.022092951785
k__Bacteria;p__Firmicutes;c__Clostridia;o__Clostridiales;f__Ruminococcaceae;g__Faecalibacterium;s__Faecalibacterium_prausnitzii	0.0376189643171	0.0268874208952	0.0278540289074	0.008112841541	0.0331799819613	-0.0633544823384	0.014125462639	1.0	-0.0465315840047	0.0031478628462	0.0144881589772	0.0361063318739	-0.0334907978308	-0.053735119693	-0.0292883375685	-0.0381720452425	0.00975609551607	-0.0629826536896	0.0338169059656	-0.00196150336701	-0.00085529785398	-0.00864509346221	-0.00420246979703	-0.0554621653986	0.0412876656744	-0.0182648407646	0.0411383857129	-0.034422795625	0.0468758046197	-0.0251679869162	-0.0267750214421	-0.00966475285525	-0.0218728690318	0.020138683682	-0.0324160969576	0.00890205284887	0.0791721629663	0.0381942928504	0.00599242926585	-0.0614355840268	-0.0716053011573	-0.0198401896885	-0.0325975798811	0.0152709971145	-0.0571724762312	0.00867311366572	-0.0118036876099	-0.0584954263424	-0.0465721127372	-0.0289094262548	-0.0147023153135	-0.0229646420147	-0.0337248429973	0.0109433765435	-0.0285065203373	-0.0252745349208	0.00852651570505	-0.0241622778698	0.032104898931
k__Bacteria;p__Bacteroidetes;c__Bacteroidia;o__Bacteroidales;f__Rikenellaceae;g__Alistipes;s__Alistipes_finegoldii	-0.022111231004	-0.0315801414138	0.0298051409573	0.0398145594439	-0.011848162125	0.0119361348194	0.0455117316808	-0.0465315840047	1.0	-0.00744041578211	-0.0135781508647	-0.0370893282474	0.0465991583657	0.00605487611335	-0.0341253578449	0.0380817246063	0.0422893784119	0.0251686624281	0.000766023476458	-0.0459767704396	-0.0278239506582	0.00013636692191	0.0356967048603	-0.0722574654733	-0.0109681775455	-0.00205683511806	0.021005990027	-0.0746918776113	-0.00826391914975	-0.028374775262	-0.0748068272778	-0.0743793364671	-0.0391170831172	-0.00558637886373	-0.010559890702	-0.0144282747067	-0.00224213940874	-0.0459858449595	-0.0176507434084	0.0229677988696	-0.041118695888	-0.0260934520094	0.0660789193742	0.0234105640446	-0.0256645168418	-0.0301518447018	-0.0798140531695	0.02536751611	0.0392912733659	-0.0415701824641	0.0314544746701	0.0144750895643	0.0137420698609	-0.0155761053822	0.0393024320307	0.0285862860168	-0.0535417524127	-0.0276357841875	-0.0629855705366
k__Bacteria;p__Bacteroidetes;c__Bacteroidia;o__Bacteroidales;f__Porphyromonadaceae;g__Parabacteroides;s__Parabacteroides_distasonis	0.0234062458474	0.00527509059078	-0.0725862911805	-0.0347163117593	-0.0170169689336	-0.0226499192041	0.00443480361334	0.0031478628462	-0.00744041578211	1.0	-0.0326872858815	-0.00564168030457	0.0438758105859	-0.0279983723516	0.0261196203793	-0.0460277887437	-0.058708440657	-0.0416350871102	0.0249459023642	-0.0323539017236	0.0330861548072	0.00135705774056	0.0699013257653	0.0457752053078	-0.0469000327078	0.0211506131885	-0.0316340201939	0.000557622574188	-0.0405874110353	0.00395164455148	-0.0682492537431	-0.0263161842055	0.0113104502041	-0.0021063960689	0.0414145257323	-0.0127136496562	-0.00940919043765	0.0137662604885	-0.0326408784354	0.00710363152708	-0.0226661172068	0.0573227257537	-0.026651389208	-0.0205739207573	-0.0114989373171	-0.0563778616136	-0.0389290762384	0.0378553285054	-0.073580042705	-0.0164759874228	-0.0535134403602	-0.00925927474684	-0.0221809875109	0.0107243520733	-0.0159726151622	-0.00415668165479	-0.0185635255223	-0.00779645650535	-0.017770236484
k__Bacteria;p__Bacteroidetes;c__Bacteroidia;o__Bacteroidales;f__Bacteroidaceae;g__Bacteroides;s__Bacteroides_thetaiotaomicron	-0.0521778601717	-0.0289658593486	0.0507605086117	-0.0241613534462	-0.018088905319	-0.034212143914	-0.0212604417724	0.0144881589772	-0.0135781508647	-0.0326872858815	1.0	-0.0694834049162	-0.100817909633	0.05759152404	-0.0154623069458	-0.0518537017271	-0.0249628311146	-0.0637994672885	-0.02163398217	-0.0341188156034	-0.00982375054111	-0.00663296659403	-0.00522672427007	-0.0252178325476	-0.0107401772845	0.0341268950091	-0.0391987347048	0.00960563405184	0.041923064024	-0.0195219065003	-0.0211549117378	-0.0224145387579	0.0708791530361	0.0182400338248	0.0211263196075	-0.0735328509816	-0.000354546384195	-0.0366887172663	0.00246206591644	-0.0146140557617	-0.0215704475392	-0.0406324416556	0.0220992145664	0.0351352394178	0.0117961143181	-0.0513891364777	0.00108466287909	-0.0175496663958	-0.0326032683459	0.1109165983	-0.0279508767874	0.046691868789	-0.0345497749725	-0.0124001255985	-0.0116405579276	-0.017498384067	-0.0213480742405	0.0327903847611	-0.0217285065635
k__Bacteria;p__Bacteroidetes;c__Bacteroidia;o__Bacteroidales;f__Bacteroidaceae;g__Bacteroides;s__Bacteroides_coprocola	0.0171870588376	-0.0609174430368	-0.00396123960192	0.0141295037617	-0.0442561956531	-0.0591284670655	-0.0186704648804	0.0361063318739	-0.0370893282474	-0.00564168030457	-0.0694834049162	1.0	0.0053654955497	-0.00760454422018	-0.0355201652992	-0.0164843316038	-0.0865432127533	0.0111685572032	-0.0299940135748	-0.00640298713795	-0.0083666921668	-0.0985063603176	-0.0598627415945	0.0324675450112	0.0568369166799	-0.0239818685265	-0.00160168164172	0.0146864510755	-0.0157277550173	-0.0511079157233	0.00245044183899	-0.0214646864539	-0.0186584396619	-0.0380670131514	-0.000520440809325	0.0518829967245	-0.012402070366	-0.0336582437152	0.0487307154752	-0.050690748836	-0.0141604109156	0.0197340777266	-0.0130737362537	-0.0325972136998	0.0305164552416	-0.0227343878752	0.0641146306676	0.00270878262581	-0.0225139885688	0.0210811436484	0.0444604191735	0.0333428132739	-0.0584980459374	-0.0220993885433	-0.0659220983585	-0.0427630887595	0.00932391308391	-0.0450761177303	0.0542359990964
k__Bacteria;p__Bacteroidetes;c__Bacteroidia;o__Bacteroidales;f__Bacteroidaceae;g__Bacteroides;s__Bacteroides_cellulosilyticus	-0.00107146920316	0.0117248902072	0.0283319473456	-0.0340440190983	0.00940935835333	-0.0479470313609	-0.0297506929122	-0.0334907978308	0.0465991583657	0.0438758105859	-0.100817909633	0.0053654955497	1.0	-0.0680360427477	0.00295067255452	-0.00168813747457	0.0208800718393	-0.0295345275637	-0.127862577956	0.0131022581956	-0.00245597414023	0.0452519431778	-0.019403877613	-0.0272568225524	-0.0278560529413	-0.048609397407	-0.0524901398199	-0.0116290257905	0.0246771614927	0.0442245248373	0.0191479669257	-0.0565844122635	0.0484372324623	-0.0239197564106	-0.0718486425662	0.0200865662064	-0.0245345552537	0.0132121182674	0.00871157513859	-0.0134963554393	-0.00394121091034	0.0454810081418	-0.0112875203262	-0.0591100510797	0.0188995953732	0.0255352231924	-0.0341361549516	0.0171149063177	-0.00126152740684	-0.0821685899765	-0.0210702732814	-0.0464464652178	-0.021864384823	0.0131602807014	0.0337377051047	0.0308725089804	-0.0418581529187	-0.0116448062996	-0.014595088231
k__Bacteria;p__Bacteroidetes;c__Bacteroidia;o__Bacteroidales;f__Rikenellaceae;g__Alistipes;s__Alistipes_obesi	0.0500041026338	0.0543420409915	-0.100627093415	0.0221641836623	-0.00431455210805	0.0434462940995	-0.0219759306346	-0.053735119693	0.00605487611335	-0.0279983723516	0.05759152404	-0.00760454422018	-0.0680360427477	1.0	-0.0324356887067	0.0612174983189	-0.0381761465301	-0.0221731788899	0.0404574462698	0.0142840771653	-0.0317345826209	0.0410843283026	0.0227102300201	0.0360277746216	0.0122959846989	0.00785356632574	-0.0265990570696	-0.0773446054552	-0.0043111273256	0.0176771755222	0.0403342369859	0.0274329518953	-0.00641940682731	-0.0475187897155	-0.00924647344357	-0.0912571787753	0.0104171971314	0.0140108452501	0.0134376113217	-0.0339838290936	0.0182993667479	-0.044658324886	0.0608871996491	0.0133654576912	0.0316205056781	-0.0688616991226	-0.0507522164828	-0.0321460547946	-0.0435114411914	0.0382758630293	-0.0639244246848	0.0100364261793	-0.0565050922107	-0.0848797175215	0.0345484289984	0.0246451420671	-0.036840288786	0.0119511159656	-0.0376427957742
k__Bacteria;p__Firmicutes;c__Clostridia;o__Clostridiales;f__Lachnospiraceae;g__;s__[Eubacterium]_rectale	-0.0126385856144	-0.02100939406	0.0271489993122	0.0144568736898	0.00740600524413	0.0204540948955	-0.0522977491016	-0.0292883375685	-0.0341253578449	0.0261196203793	-0.0154623069458	-0.0355201652992	0.00295067255452	-0.0324356887067	1.0	-0.0274765505001	0.0265090908471	-0.0162400407092	0.0412436957857	-0.0243598974296	0.0293168331165	-0.0129482073433	-0.0616038317137	-0.0570432159456	-0.00460705041184	0.033578401402	0.0464909400977	-0.0266531125013	-0.0534274437223	0.0310401394882	-0.00310866660749	-0.0544622860412	-0.0175319476643	0.0163198710721	0.00230392684163	-0.00520441520632	-0.0256524487903	0.00600977334398	-0.0240445576097	0.0151718464432	0.0582559776478	-0.00330159061815	-0.0270739250461	-0.00133407840933	-0.0584432187028	-0.0659604691808	-0.00679430079833	-0.0216191089432	-0.0125538067808	-0.0561682334496	0.0245699020589	-0.0411830680961	0.00273114635968	-0.0640824003734	-0.0415303899636	0.000753168226338	0.0407770180983	-0.0224035529844	-0.0541265021352
k__Bacteria;p__Bacteroidetes;c__Bacteroidia;o__Bacteroidales;f__Bacteroidaceae;g__Bacteroides;s__Bacteroides_plebeius	0.00974651507132	-0.0306812117679	0.0157577261699	-0.0261853681543	-0.010728733375	-0.0189831025974	0.00256614470282	-0.0381720452425	0.0380817246063	-0.0460277887437	-0.0518537017271	-0.0164843316038	-0.00168813747457	0.0612174983189	-0.0274765505001	1.0	0.00966416398138	0.00395816170844	-0.0155773735249	-0.0255608352304	-0.0140336539775	-0.0463393538813	-0.0561523042917	0.0369476585665	-0.00850137389889	0.0499462544276	-0.0428544702336	-0.0508896581281	0.0034759764538	-0.0219725542504	0.000731214426901	-0.0348076644175	-0.0478676060415	0.0157113747653	0.0174717636005	0.0205884320906	0.00758440636708	-0.000514021294682	-0.0163696494162	0.0722956680704	-0.00762258156777	-0.0338330782274	-0.0205366692182	-0.0161926997279	0.0290436965907	-0.0442291469694	0.0209982683212	-0.0340753817759	0.055874073739	0.0148593663261	0.0101807095717	0.016186738546	-0.0688243133663	0.00931321552915	-0.00459650293882	0.0081764217431	-0.0420063971118	-0.0526672696391	0.0368543949049
k__Bacteria;p__Bacteroidetes;c__Bacteroidia;o__Bacteroidales;f__Bacteroidaceae;g__Bacteroides;s__Bacteroides_fragilis	-0.0797908568738	0.0576168751781	-0.0131673962011	-0.024519643848	0.0558093492049	-0.0194741910763	-0.0289576115867	0.00975609551607	0.0422893784119	-0.058708440657	-0.0249628311146	-0.0865432127533	0.0208800718393	-0.0381761465301	0.0265090908471	0.00966416398138	1.0	-0.0177154268276	0.00658791925501	0.00359280635405	0.0201522991699	-0.0370573508066	0.0121411191122	0.0200428310741	0.0232233721638	-0.042257487828	0.0333380107208	0.000897303386794	-0.060209629188	-0.054706810254	-0.0606065913388	-0.0532778280593	-0.00914994146709	-0.00799926214102	-0.00190287614344	-0.0664657990483	-0.0536153789649	0.0124619783645	-0.0474620384397	-0.00887885486473	-0.0544778648302	-0.0751950077953	0.0633379851327	0.0514084325038	0.00825949054664	-0.0490538271658	-0.0448039092375	0.014529824069	-0.0107440676362	-0.00194085663225	-0.0690433511686	-0.0475342683981	-0.00611083668824	-0.00354860927042	0.0299688033171	-0.010593707078	-0.0644695566641	0.017608157553	0.0255711034419
k__Bacteria;p__Proteobacteria;c__Betaproteobacteria;o__Burkholderiales;f__Sutterellaceae;g__Sutterella;s__Sutterella_wadsworthensis	-0.0315728124238	0.0669363223914	-0.0172030219238	0.0219188740106	0.0069136866179	0.00498862196972	0.0365641425552	-0.0629826536896	0.0251686624281	-0.0416350871102	-0.0637994672885	0.0111685572032	-0.0295345275637	-0.0221731788899	-0.0162400407092	0.00395816170844	-0.0177154268276	1.0	-0.00105260133366	0.00250410850697	-0.0428484483456	-0.0371519115979	0.079088192604	-0.0207793441169	-0.0293858757441	-0.031454856822	-0.0117659310172	-0.0400614901887	0.0560720833806	-0.0384774459189	-0.0158621001834	-0.0775357546843	0.0185181542151	0.00541760756044	0.0064425979108	-0.00454115969558	0.00485229465224	0.0720867325496	-0.0267135527067	-0.0279379923865	0.0464163122608	-0.0212912181156	-0.0099610122885	-0.006124214622	-0.00794937814119	-0.0231332486221	-0.00291310337785	0.0507647198149	-0.0325469977627	-0.0737102844808	0.105403651627	0.0333547604414	0.00669137460214	-0.0258702724583	-0.0166461614858	0.0285702753088	-0.0502642715693	0.0424110142773	-0.0471636156305
k__Bacteria;p__Bacteroidetes;c__Bacteroidia;o__Bacteroidales;f__Porphyromonadaceae;g__Barnesiella;s__Barnesiella_intestinihominis	0.0459567623865	-0.0104996647713	0.00880335066916	0.00526998630108	0.0227806204997	0.0927697501229	-0.0192328339019	0.0338169059656	0.000766023476458	0.0249459023642	-0.02163398217	-0.0299940135748	-0.127862577956	0.0404574462698	0.0412436957857	-0.0155773735249	0.00658791925501	-0.00105260133366	1.0	-0.012490669462	0.0315006644482	-0.0193575232853	0.0653531449855	-0.0931651028717	-0.0820375257786	-0.0661182008621	0.0201504649828	-0.0661505132385	-0.0524902804728	-0.011901527251	0.028199242473	0.0624293069379	-0.024569110811	0.0446600051934	0.0225752896287	-0.0113183599685	-0.00304108500641	-0.0178662681778	0.0340330566644	0.031764151826	-0.026333579406	0.0336048966337	0.0409870062613	0.00521031613778	0.0147590792458	0.0240348734106	-0.0178057059772	0.0559415384604	0.013143438974	0.0351496228603	0.0171535615778	-0.0260274667615	-0.0439691021543	0.0344090232265	0.0499847166317	-0.075034172021	-0.0426734984376	-0.0510228781983	0.0306384053775
k__Bacteria;p__Bacteroidetes;c__Bacteroidia;o__Bacteroidales;f__Odoribacteraceae;g__Odoribacter;s__Odoribacter_splanchnicus	-0.0155172445497	-0.0328053639335	0.0194489599848	-0.0558524253168	-0.036389068985	0.035040715082	-0.0212253544484	-0.00196150336701	-0.0459767704396	-0.0323539017236	-0.0341188156034	-0.00640298713795	0.0131022581956	0.0142840771653	-0.0243598974296	-0.0255608352304	0.00359280635405	0.00250410850697	-0.012490669462	1.0	-0.0280395956302	-0.0224998591537	-0.0552248437097	-0.00195273702114	0.0328839780035	-0.0348690533793	-0.0580190513041	-0.099729278962	-0.00942230706113	-0.0254352602059	0.0386953610041	0.0112952821859	-0.0124591088832	0.0135952215782	-0.0924610289889	0.0128143986625	0.0121675030529	-0.0146415455486	-0.00812925816109	-0.0431570892912	0.020505890691	0.0298654193317	-0.00286603689985	0.0283730050074	0.0182413454045	0.0568530843219	0.0337727248943	-0.0148961808027	-0.0937177281019	-0.0216605944342	-0.0152684418025	0.0038219337006	0.0843887409813	-0.0331839423721	-0.0131801606256	-0.0304321519189	0.0592577538107	-0.0343042523435	0.0299353202489
k__Bacteria;p__Bacteroidetes;c__Bacteroidia;o__Bacteroidales;f__Bacteroidaceae;g__Bacteroides;s__Bacteroides_salyersiae	0.0183018641005	0.0675373053367	-0.0144456173366	-0.0150014138683	0.023268911148	0.0170147544564	-0.00223640411391	-0.00085529785398	-0.0278239506582	0.0330861548072	-0.00982375054111	-0.0083666921668	-0.00245597414023	-0.0317345826209	0.0293168331165	-0.0140336539775	0.0201522991699	-0.0428484483456	0.0315006644482	-0.0280395956302	1.0	-0.0443236873088	-0.0383608095407	-0.0353180092653	0.0302018292135	-0.0404027457591	-0.00944077773256	0.0312178490025	0.014179649448	-0.0615199438818	-0.0297006254946	-0.0787334657832	-0.0183992477632	0.0292088863009	-0.00967884539457	-0.0523885038751	0.023844371466	-0.00575942432016	-0.00705695020589	0.00169599976909	-0.0402879502203	-0.024161871478	-0.0625235148078	-0.0100815891872	0.0377849019815	0.0269330146838	-0.059274512977	0.0114415441664	0.00218759755803	0.0319121066828	-0.0579065310889	-0.017327287644	0.0412267426068	-0.0122161654812	-0.0205479273965	0.00556269384063	-0.0709689146638	-0.00278958563251	0.0242052884424
k__Bacteria;p__Firmicutes;c__Clostridia;o__Clostridiales;f__Ruminococcaceae;g__Ruminiclostridium;s__[Eubacterium]_siraeum	-0.0435615039944	0.0312018453944	0.000648286565216	-0.00187305819215	0.0480633584645	-0.039740237059	0.00484042885467	-0.00864509346221	0.00013636692191	0.00135705774056	-0.00663296659403	-0.0985063603176	0.0452519431778	0.0410843283026	-0.0129482073433	-0.0463393538813	-0.0370573508066	-0.0371519115979	-0.0193575232853	-0.0224998591537	-0.0443236873088	1.0	0.0361334259286	0.0123782180143	0.0030973331626	-0.00596330587404	-0.00111692777142	0.0639932709261	-0.0136188919569	-0.0679299989612	0.0252634605011	-0.0667419461043	0.00575495675857	0.00354486924778	-0.0623526617247	0.035328632457	-0.0414942124745	-0.0295706209653	-0.0190175424421	-0.0197147686661	0.0201149303067	-0.0436916081103	0.00547673250717	-0.051734878987	0.00315825769751	-0.0237616574665	-0.00786614050205	-0.037627723769	-0.0268200652534	-0.00576633876209	-0.0140200926019	-0.0328116395018	0.0100461899336	-0.0157854888501	-0.0165343123726	-0.0249540326601	-0.00529015064981	0.0312357516343	-0.0410623686084
k__Bacteria;p__Proteobacteria;c__Betaproteobacteria;o__Burkholderiales;f__Sutterellaceae;g__Parasutterella;s__Parasutterella_excrementihominis	-0.0669040649546	0.0273667797982	0.016921712199	-0.00484064546763	-0.0194898358627	-0.0143131675529	-0.0200541320404	-0.00420246979703	0.0356967048603	0.0699013257653	-0.00522672427007	-0.0598627415945	-0.019403877613	0.0227102300201	-0.0616038317137	-0.0561523042917	0.0121411191122	0.079088192604	0.0653531449855	-0.0552248437097	-0.0383608095407	0.0361334259286	1.0	0.0122179555992	-0.0409326582975	0.00836269553088	0.0228485120369	-0.011678251425	-0.0647452243779	0.0120303191139	-0.0279978796224	-0.0425803797222	-0.0381461605769	-0.00818354338298	-0.0168264391352	0.0416059512161	-0.00233593743884	-0.032529870958	0.00394413319709	-0.0291259842441	-0.0037300247504	-0.0198195030332	-0.0382928096743	-0.00256105040445	0.0140555040879	-0.0120122754957	0.00161494764097	-0.0177822793938	-0.0194844866907	0.0432936343522	-0.0193136595585	-0.027592175838	-0.0789534754895	-0.0303761217748	-0.0140831201717	-0.0532070442949	-0.0430569453502	0.0190756406304	-0.0539255617774
k__Bacteria;p__Actinobacteria;c__Actinobacteria;o__Bifidobacteriales;f__Bifidobacteriaceae;g__Bifidobacterium;s__Bifidobacterium_adolescentis	-0.0299910292155	-0.0104214620125	-0.004419152941	-0.0110155137322	0.00414860438804	0.0174321967813	-0.0195497603994	-0.0554621653986	-0.0722574654733	0.0457752053078	-0.0252178325476	0.0324675450112	-0.0272568225524	0.0360277746216	-0.0570432159456	0.0369476585665	0.0200428310741	-0.0207793441169	-0.0931651028717	-0.00195273702114	-0.0353180092653	0.0123782180143	0.0122179555992	1.0	0.0689448777316	-0.0128829104176	-0.00257676741689	0.0113257448858	0.0344700504397	6.29436904253e-06	0.0140130856924	0.0252791772346	-0.0312160018832	-0.018920473295	0.0865496001314	0.0154579678243	-0.015757871693	-0.0384066916092	0.0446156777795	-0.00217759908891	-0.0374973449164	-0.0317478506453	-0.0118699569724	-0.0776555354791	-0.0176654251014	-0.00788805195877	-0.0431925608157	-0.0603908428726	-0.0442887806281	-0.0270948346914	-0.0407403707395	-0.000812184786666	0.00938350484519	-0.00997414382587	-0.0615665248769	0.0183570956249	0.00121406704746	-0.054487051271	0.0576261227899
k__Bacteria;p__Firmicutes;c__Clostridia;o__Clostridiales;f__Oscillospiraceae;g__Oscillibacter;s__Oscillibacter_sp._KLE_1745	-0.0493621376034	-0.0939544565911	-0.00741603614007	-0.0840761471047	-0.0614100200616	-0.0247203260472	0.0280348985622	0.0412876656744	-0.0109681775455	-0.0469000327078	-0.0107401772845	0.0568369166799	-0.0278560529413	0.0122959846989	-0.00460705041184	-0.00850137389889	0.0232233721638	-0.0293858757441	-0.0820375257786	0.0328839780035	0.0302018292135	0.0030973331626	-0.0409326582975	0.0689448777316	1.0	-0.0032454339641	0.00267392885224	-0.0352092732264	0.0147389395128	-0.0315411330288	-0.0226120474442	-0.00570921248649	0.0229105036087	0.00315026751404	-0.0179330605955	0.00910062358209	0.0529851973924	0.0271082357503	-0.00316420790218	-0.00653728517405	0.00455574690418	-0.0116857011411	0.00937640988898	-0.0141750237155	0.00189960255941	-0.0402289495886	-0.0624173703246	-0.0674564052241	0.0393680930428	0.0705055848301	-0.0563346018479	0.0110266527847	-0.0554031973237	-0.022638753565	0.0419663211371	0.0956899516836	0.0314388273203	0.0422227098088	-0.0247240280258
k__Bacteria;p__Bacteroidetes;c__Bacteroidia;o__Bacteroidales;f__Bacteroidaceae;g__Bacteroides;s__Bacteroides_coprophilus	-0.0457794103861	-0.0115415590626	-0.00250003715353	-0.0119185315133	-0.0141565513546	0.021548568111	0.103136447924	-0.0182648407646	-0.00205683511806	0.0211506131885	0.0341268950091	-0.0239818685265	-0.048609397407	0.00785356632574	0.033578401402	0.0499462544276	-0.042257487828	-0.031454856822	-0.0661182008621	-0.0348690533793	-0.0404027457591	-0.00596330587404	0.00836269553088	-0.0128829104176	-0.0032454339641	1.0	-0.00378651217373	-0.0172215351712	0.00538651146329	0.0149676836654	-0.0136487275945	0.0165885162575	-0.0791720622778	-0.000445392529363	-0.0041810867864	0.0346834608452	-0.0307046399359	-0.0421887654955	-0.0193045791568	0.0719057822037	-0.00588409500985	0.00805456209081	0.000480032330117	-0.0284788268032	0.0183956477573	0.00559671396466	-0.0150014735644	0.0696153493964	-0.000175466437917	-0.0619671887031	-0.0155420572149	0.0433218831458	0.0163427953939	-0.0599834988977	-0.0241842423575	-0.0680583012857	-0.0168266503764	-0.0376972782286	-0.0530694163278
k__Bacteria;p__Firmicutes;c__Clostridia;o__Clostridiales;f__Lachnospiraceae;g__Roseburia;s__Roseburia_intestinalis	-0.0185899722001	-0.0394825748029	0.026330206952	-0.00688516528303	-0.0436561912936	0.00578680910659	-0.0717109153821	0.0411383857129	0.021005990027	-0.0316340201939	-0.0391987347048	-0.00160168164172	-0.0524901398199	-0.0265990570696	0.0464909400977	-0.0428544702336	0.0333380107208	-0.0117659310172	0.0201504649828	-0.0580190513041	-0.00944077773256	-0.00111692777142	0.0228485120369	-0.00257676741689	0.00267392885224	-0.00378651217373	1.0	0.0296412242852	-0.0555204975565	-0.0196717264568	0.0377805656331	-0.037459297531	-0.0220650875891	0.0544196971555	-0.0198152817832	0.0639973344905	0.0238526394873	0.0336812722236	-0.0253081639623	-0.0454987980985	-0.0356768108639	0.00213013568552	-0.044700275322	-0.0248253730189	-0.125333877905	-0.000236756410712	0.0191585121782	-0.0248891769819	-0.0081848099962	-0.0322889436286	-0.00615049860589	-0.0670567959758	-0.0617641351385	0.0174944244118	0.00805773396965	-0.0210777752094	-0.0459674676537	-0.0583035330387	-0.0501503360755
k__Bacteria;p__Firmicutes;c__Clostridia;o__Clostridiales;f__Lachnospiraceae;g__Roseburia;s__Roseburia_hominis	-0.0403629241205	0.0139900712401	0.0516868413794	0.00189593116516	-0.0381138854123	0.0141523184394	-0.0154298884983	-0.034422795625	-0.0746918776113	0.000557622574188	0.00960563405184	0.0146864510755	-0.0116290257905	-0.0773446054552	-0.0266531125013	-0.0508896581281	0.000897303386794	-0.0400614901887	-0.0661505132385	-0.099729278962	0.0312178490025	0.0639932709261	-0.011678251425	0.0113257448858	-0.0352092732264	-0.0172215351712	0.0296412242852	1.0	0.00329189119018	-0.0318339970853	-0.0381163521349	-0.0266134104599	0.0784147695479	-0.0655359214016	-0.00918714479636	9.39634946135e-05	-0.049005592142	-0.0540937726429	4.40839943274e-05	0.0733495371841	-0.000269157228448	-0.027650703178	-0.0453368608219	-0.0829847714798	0.0202014116261	-0.0408954259642	0.013055896596	-0.0180769124612	5.71741531847e-05	-0.00911816840953	0.0328521909884	0.0475776851762	0.0108009724849	0.0130733003446	0.0384788020983	-0.0215235858043	0.0306762094449	-0.0264821755194	0.0253759351794
k__Bacteria;p__Bacteroidetes;c__Bacteroidia;o__Bacteroidales;f__Porphyromonadaceae;g__Parabacteroides;s__Parabacteroides_johnsonii	-0.00585249170735	0.00348125180383	0.00889702710901	-0.00101286679641	0.024860835703	-0.00184914829633	-0.00601652748165	0.0468758046197	-0.00826391914975	-0.0405874110353	0.041923064024	-0.0157277550173	0.0246771614927	-0.0043111273256	-0.0534274437223	0.0034759764538	-0.060209629188	0.0560720833806	-0.0524902804728	-0.00942230706113	0.014179649448	-0.0136188919569	-0.0647452243779	0.0344700504397	0.0147389395128	0.00538651146329	-0.0555204975565	0.00329189119018	1.0	-0.0327243055242	0.00556560713725	-0.077298461303	0.0301272898136	0.010259063312	0.0206863802704	0.00314597662532	-0.0232324597807	0.116609032248	-0.0180894599452	-0.0283288265719	-0.0199343917344	0.00144201235738	0.0370146169711	0.00938246759522	-0.0729724450107	-0.0592591479824	0.00619714772056	0.01714694541	-0.0250566515481	-0.0179210844979	0.0131964343756	-0.028507246019	-0.0230143536412	0.0123955593247	0.0294969148499	-0.0433789147119	0.00411856941914	-0.0339354995617	-0.0315226912329
k__Bacteria;p__Actinobacteria;c__Actinobacteria;o__Bifidobacteriales;f__Bifidobacteriaceae;g__Bifidobacterium;s__Bifidobacterium_longum	-0.0430837639791	-0.00285627275279	-0.0474881158343	0.0557754749794	-0.0471275128912	0.0581064248108	-0.0106878038843	-0.0251679869162	-0.028374775262	0.00395164455148	-0.0195219065003	-0.0511079157233	0.0442245248373	0.0176771755222	0.0310401394882	-0.0219725542504	-0.054706810254	-0.0384774459189	-0.011901527251	-0.0254352602059	-0.0615199438818	-0.0679299989612	0.0120303191139	6.2943690426e-06	-0.0315411330288	0.0149676836654	-0.0196717264568	-0.0318339970854	-0.0327243055242	1.0	0.0733842680711	0.049809011004	-0.0250439799671	-0.0381547125812	-0.0815941282812	-0.032882851177	-0.0314370009874	-0.0488609195548	0.018796331865	0.0405039015575	0.0110694790145	-0.0366342442526	0.0503344068874	-0.026472042086	0.0449053435343	0.00889799483238	-0.0317681439727	0.0140965863762	0.0301756378014	0.0532778224557	0.0247558388465	-0.0626874085816	-0.0205631491609	0.00610233748016	-0.0741728039448	0.0148802791491	-0.025454436248	-0.00383781187888	-0.00599613098204
