#taxonomy	k__Bacteria;p__Bacteroidetes;c__Bacteroidia;o__Bacteroidales;f__Bacteroidaceae;g__Bacteroides;s__Bacteroides_vulgatus	k__Bacteria;p__Bacteroidetes;c__Bacteroidia;o__Bacteroidales;f__Bacteroidaceae;g__Bacteroides;s__Bacteroides_uniformis	k__Bacteria;p__Bacteroidetes;c__Bacteroidia;o__Bacteroidales;f__Rikenellaceae;g__Alistipes;s__Alistipes_putredinis	k__Bacteria;p__Bacteroidetes;c__Bacteroidia;o__Bacteroidales;f__Prevotellaceae;g__Prevotella;s__Prevotella_copri	k__Bacteria;p__Bacteroidetes;c__Bacteroidia;o__Bacteroidales;f__Bacteroidaceae;g__Bacteroides;s__Bacteroides_stercoris	k__Bacteria;p__Bacteroidetes;c__Bacteroidia;o__Bacteroidales;f__Bacteroidaceae;g__Bacteroides;s__Bacteroides_ovatus	k__Bacteria;p__Bacteroidetes;c__Bacteroidia;o__Bacteroidales;f__Rikenellaceae;g__Alistipes;s__Alistipes_shahii	k__Bacteria;p__Firmicutes;c__Clostridia;o__Clostridiales;f__Ruminococcaceae;g__Faecalibacterium;s__Faecalibacterium_prausnitzii	k__Bacteria;p__Bacteroidetes;c__Bacteroidia;o__Bacteroidales;f__Rikenellaceae;g__Alistipes;s__Alistipes_finegoldii	k__Bacteria;p__Bacteroidetes;c__Bacteroidia;o__Bacteroidales;f__Porphyromonadaceae;g__Parabacteroides;s__Parabacteroides_distasonis	k__Bacteria;p__Bacteroidetes;c__Bacteroidia;o__Bacteroidales;f__Bacteroidaceae;g__Bacteroides;s__Bacteroides_thetaiotaomicron	k__Bacteria;p__Bacteroidetes;c__Bacteroidia;o__Bacteroidales;f__Bacteroidaceae;g__Bacteroides;s__Bacteroides_coprocola	k__Bacteria;p__Bacteroidetes;c__Bacteroidia;o__Bacteroidales;f__Bacteroidaceae;g__Bacteroides;s__Bacteroides_cellulosilyticus	k__Bacteria;p__Bacteroidetes;c__Bacteroidia;o__Bacteroidales;f__Rikenellaceae;g__Alistipes;s__Alistipes_obesi	k__Bacteria;p__Firmicutes;c__Clostridia;o__Clostridiales;f__Lachnospiraceae;g__;s__[Eubacterium]_rectale	k__Bacteria;p__Bacteroidetes;c__Bacteroidia;o__Bacteroidales;f__Bacteroidaceae;g__Bacteroides;s__Bacteroides_plebeius	k__Bacteria;p__Bacteroidetes;c__Bacteroidia;o__Bacteroidales;f__Bacteroidaceae;g__Bacteroides;s__Bacteroides_fragilis	k__Bacteria;p__Proteobacteria;c__Betaproteobacteria;o__Burkholderiales;f__Sutterellaceae;g__Sutterella;s__Sutterella_wadsworthensis	k__Bacteria;p__Bacteroidetes;c__Bacteroidia;o__Bacteroidales;f__Porphyromonadaceae;g__Barnesiella;s__Barnesiella_intestinihominis	k__Bacteria;p__Bacteroidetes;c__Bacteroidia;o__Bacteroidales;f__Odoribacteraceae;g__Odoribacter;s__Odoribacter_splanchnicus	k__Bacteria;p__Bacteroidetes;c__Bacteroidia;o__Bacteroidales;f__Bacteroidaceae;g__Bacteroides;s__Bacteroides_salyersiae	k__Bacteria;p__Firmicutes;c__Clostridia;o__Clostridiales;f__Ruminococcaceae;g__Ruminiclostridium;s__[Eubacterium]_siraeum	k__Bacteria;p__Proteobacteria;c__Betaproteobacteria;o__Burkholderiales;f__Sutterellaceae;g__Parasutterella;s__Parasutterella_excrementihominis	k__Bacteria;p__Actinobacteria;c__Actinobacteria;o__Bifidobacteriales;f__Bifidobacteriaceae;g__Bifidobacterium;s__Bifidobacterium_adolescentis	k__Bacteria;p__Firmicutes;c__Clostridia;o__Clostridiales;f__Oscillospiraceae;g__Oscillibacter;s__Oscillibacter_sp._KLE_1745	k__Bacteria;p__Bacteroidetes;c__Bacteroidia;o__Bacteroidales;f__Bacteroidaceae;g__Bacteroides;s__Bacteroides_coprophilus	k__Bacteria;p__Firmicutes;c__Clostridia;o__Clostridiales;f__Lachnospiraceae;g__Roseburia;s__Roseburia_intestinalis	k__Bacteria;p__Firmicutes;c__Clostridia;o__Clostridiales;f__Lachnospiraceae;g__Roseburia;s__Roseburia_hominis	k__Bacteria;p__Bacteroidetes;c__Bacteroidia;o__Bacteroidales;f__Porphyromonadaceae;g__Parabacteroides;s__Parabacteroides_johnsonii	k__Bacteria;p__Actinobacteria;c__Actinobacteria;o__Bifidobacteriales;f__Bifidobacteriaceae;g__Bifidobacterium;s__Bifidobacterium_longum	k__Bacteria;p__Firmicutes;c__Clostridia;o__Clostridiales;f__;g__Flavonifractor;s__Flavonifractor_plautii	k__Bacteria;p__Firmicutes;c__Clostridia;o__Clostridiales;f__Clostridiaceae;g__Clostridium;s__Clostridium_phoceensis	k__Bacteria;p__Verrucomicrobia;c__Verrucomicrobiae;o__Verrucomicrobiales;f__Akkermansiaceae;g__Akkermansia;s__Akkermansia_muciniphila	k__Bacteria;p__Bacteroidetes;c__Bacteroidia;o__Bacteroidales;f__Prevotellaceae;g__Paraprevotella;s__Paraprevotella_xylaniphila	k__Bacteria;p__Firmicutes;c__Clostridia;o__Clostridiales;f__Ruminococcaceae;g__Ruminococcus;s__Ruminococcus_callidus	k__Bacteria;p__Bacteroidetes;c__Bacteroidia;o__Bacteroidales;f__Rikenellaceae;g__Alistipes;s__Alistipes_senegalensis	k__Bacteria;p__Firmicutes;c__Clostridia;o__Clostridiales;f__Lachnospiraceae;g__Blautia;s__Blautia_sp._KLE_1732	k__Bacteria;p__Bacteroidetes;c__Bacteroidia;o__Bacteroidales;f__Bacteroidaceae;g__Bacteroides;s__Bacteroides_oleiciplenus	k__Bacteria;p__Firmicutes;c__Clostridia;o__Clostridiales;f__Ruminococcaceae;g__Ruminococcus;s__Ruminococcus_bicirculans	k__Bacteria;p__Bacteroidetes;c__Bacteroidia;o__Bacteroidales;f__Bacteroidaceae;g__Bacteroides;s__Bacteroides_fluxus	k__Bacteria;p__Bacteroidetes;c__Bacteroidia;o__Bacteroidales;f__Prevotellaceae;g__Prevotella;s__Prevotella_stercorea	k__Bacteria;p__Firmicutes;c__Clostridia;o__Clostridiales;f__Lachnospiraceae;g__Dorea;s__Dorea_longicatena	k__Bacteria;p__Firmicutes;c__Clostridia;o__Clostridiales;f__Eubacteriaceae;g__Eubacterium;s__[Eubacterium]_eligens	k__Bacteria;p__Firmicutes;c__Clostridia;o__Clostridiales;f__Ruminococcaceae;g__;s__Ruminococcaceae_bacterium_D16	k__Bacteria;p__Firmicutes;c__Clostridia;o__Clostridiales;f__Lachnospiraceae;g__Coprococcus;s__Coprococcus_comes	k__Bacteria;p__Proteobacteria;c__Gammaproteobacteria;o__Enterobacterales;f__Enterobacteriaceae;g__Escherichia;s__Escherichia_coli	k__Bacteria;p__Firmicutes;c__Clostridia;o__Clostridiales;f__Ruminococcaceae;g__Anaerotruncus;s__Anaerotruncus_colihominis	k__Bacteria;p__Firmicutes;c__Clostridia;o__Clostridiales;f__Lachnospiraceae;g__Blautia;s__Blautia_obeum	k__Bacteria;p__Bacteroidetes;c__Bacteroidia;o__Bacteroidales;f__Odoribacteraceae;g__Odoribacter;s__Odoribacter_laneus	k__Bacteria;p__Firmicutes;c__Clostridia;o__Clostridiales;f__Ruminococcaceae;g__Ruminiclostridium;s__[Clostridium]_leptum	k__Bacteria;p__Bacteroidetes;c__Bacteroidia;o__Bacteroidales;f__Porphyromonadaceae;g__Parabacteroides;s__Parabacteroides_goldsteinii	k__Bacteria;p__Firmicutes;c__Clostridia;o__Clostridiales;f__Lachnospiraceae;g__Anaerostipes;s__Anaerostipes_hadrus	k__Bacteria;p__Firmicutes;c__Clostridia;o__Clostridiales;f__Ruminococcaceae;g__Ruminococcus;s__Ruminococcus_lactaris	k__Bacteria;p__Firmicutes;c__Clostridia;o__Clostridiales;f__Clostridiaceae;g__Clostridium;s__Clostridium_sp._L2-50	k__Bacteria;p__Firmicutes;c__Clostridia;o__Clostridiales;f__Clostridiaceae;g__Clostridium;s__Clostridium_sp._M62/1	k__Bacteria;p__Firmicutes;c__Clostridia;o__Clostridiales;f__;g__Intestinimonas;s__Intestinimonas_butyriciproducens	k__Bacteria;p__Actinobacteria;c__Actinobacteria;o__Bifidobacteriales;f__Bifidobacteriaceae;g__Bifidobacterium;s__Bifidobacterium_bifidum	k__Bacteria;p__Firmicutes;c__Negativicutes;o__Veillonellales;f__Veillonellaceae;g__Dialister;s__Dialister_invisus	k__Bacteria;p__Bacteroidetes;c__Bacteroidia;o__Bacteroidales;f__Bacteroidaceae;g__Bacteroides;s__Bacteroides_salanitronis
k__Bacteria;p__Bacteroidetes;c__Bacteroidia;o__Bacteroidales;f__Bacteroidaceae;g__Bacteroides;s__Bacteroides_vulgatus	1.0	-0.0421106354006	0.0332338171849	0.0625827375251	-0.0200182387921	-0.0506249534809	0.00337281848454	0.0047693917607	-0.0232687530064	0.0401546630568	0.0115688565882	-0.0422592006224	-0.0235906541825	-0.00797826971184	-0.0189466436924	-0.0857837723314	0.0152978687843	0.0576420503461	-0.0491381981735	-0.0214801229658	-0.0369578617829	0.00134884218529	0.00515947592971	-0.0564956034372	-0.0445392969625	-0.0412917600785	0.0413498341888	0.0291563034552	-0.0326204380095	0.0301578600901	-0.0249359266279	-0.00138044836875	0.0197288097055	0.0153879664522	-0.0522970684656	0.0148146129878	-0.010484652968	-0.0104788283952	0.0219016636882	0.092095616237	-0.0458746403962	0.00222494438781	-0.0327815114137	0.00234720052793	-0.00119611245978	0.0130815213808	-0.0370456082165	-0.0123375141352	0.00197538587912	0.00296521286408	-0.0751215432019	-0.0237317148221	0.00152515268533	-0.0427610616525	0.0876031338574	0.0432892891451	0.00406900422806	0.0110927636004	0.0194100379161
k__Bacteria;p__Bacteroidetes;c__Bacteroidia;o__Bacteroidales;f__Bacteroidaceae;g__Bacteroides;s__Bacteroides_uniformis	-0.0421106354006	1.0	-0.0232150310902	-0.0282328263606	0.0191959656882	-0.0131128751807	-0.0185935881172	-0.033332263269	0.0473933251111	-0.0551558960689	0.0254529880293	0.00785455411019	-0.0194837630825	0.00887306062069	-0.0205968041977	0.0126759987454	0.0250783508364	-0.0752156930331	0.000814240655675	-0.0180427026698	0.0230719102484	-0.0194966537922	0.0544526949669	-0.00158542332879	0.0431067473754	0.0375067442355	-0.0424252298603	0.0463412742607	0.006879241925	-0.0339935684497	-0.00828487195117	-0.049835239459	-0.0399257533137	-0.0685910040243	-0.058285231041	-0.0171357282406	0.00442966735391	0.05030996969	0.0193301463309	0.0610719592971	-0.00807308170721	0.0134331487946	0.0149969527412	-0.0120277377285	0.0441423630575	-0.0711124413631	0.03610947429	0.0393939045329	-0.0307133340954	-0.0345090117019	-0.0606528162392	-0.0136050393707	0.00109031252503	-0.00112733251221	-0.0100582161566	0.0557935998246	0.0180985305948	0.0182275960759	-0.017335905068
k__Bacteria;p__Bacteroidetes;c__Bacteroidia;o__Bacteroidales;f__Rikenellaceae;g__Alistipes;s__Alistipes_putredinis	0.0332338171849	-0.0232150310902	1.0	0.0103839856238	0.0248327840775	0.00322847300354	-0.00378215457491	-0.0215405412816	0.00192520822513	-0.0297977054579	-0.0201688160123	-0.0974783356856	-0.0302820649335	-0.0318365479716	0.0127153397281	0.0624555202277	0.0201902615495	0.00186246222966	-0.0281414498839	0.0179984519401	-0.0245231995476	-0.00691704575276	0.0533764627569	-0.0157276433026	0.00729659435371	-0.0112396760874	-0.0809026495612	-0.00310818079483	0.00677059576928	0.00577340285624	0.0134378065672	-0.0626024791537	0.0496221198973	-0.00133619816041	-0.0309534856176	-0.00996888221102	-0.0167659597139	0.0196090657426	0.0239388685605	-0.01472276134	-0.0787284606181	-0.0269095411719	0.00146457140436	0.00720042855238	-0.0313973542497	-0.0607113596981	-0.0990737354113	-0.0307350650956	-0.0202869991687	0.0427411206158	-0.00680248582259	0.0476352450697	-0.00618859359366	-0.0209386828308	-0.0426922213519	-0.0388719140049	-0.0845974266716	-0.0208137119568	-0.0423458929037
k__Bacteria;p__Bacteroidetes;c__Bacteroidia;o__Bacteroidales;f__Prevotellaceae;g__Prevotella;s__Prevotella_copri	0.0625827375251	-0.0282328263606	0.0103839856238	1.0	-0.0211831932323	0.0253334626634	-0.0839157043887	0.0256345227591	-0.0090831335828	0.0224287888821	0.0557639126521	0.0393917471849	-0.0333337399376	0.0175327200115	-0.00415299459852	-0.0510291376176	-0.0394999826921	-0.0552428133623	0.0451139916514	-0.0470997320072	0.0150585258612	-0.0451684163724	0.0365376544801	-0.0482485914593	0.0102376552456	0.033595349813	-0.0246914248218	0.00825863143331	0.0080348382836	-0.0211364323921	0.00832368836305	0.0572147856272	0.0484501581126	0.00586760905194	0.0553264327987	0.0104307645808	0.0353198484395	-0.0358378113892	0.00075463730192	-0.0456276004114	0.00494267160917	-0.0547413571525	0.0229360941783	-0.0189386328713	-0.0503717979618	-0.00306736443222	-0.0450514047548	-0.0028078181948	-0.0432981465834	0.0409831461768	0.00892628207027	0.0222221677233	-0.00643615592669	0.0156403428057	0.0272203267538	0.00409258388812	0.0042569803878	0.021874151822	0.00623076880361
k__Bacteria;p__Bacteroidetes;c__Bacteroidia;o__Bacteroidales;f__Bacteroidaceae;g__Bacteroides;s__Bacteroides_stercoris	-0.0200182387921	0.0191959656882	0.0248327840775	-0.0211831932323	1.0	-0.00147919875579	-0.120696162133	0.0275261505755	-0.017425726455	-0.0163362674519	-0.0202232496752	-0.0429245724406	0.00658111110127	0.0526204142667	0.0226204802199	-0.0310247387896	0.00615759534061	0.014215424566	-0.0310837296497	-0.0491094108444	-0.0247751442406	0.114370064753	0.00544398852522	0.0268391053897	0.0102889104637	0.0156896578899	-0.020959482476	-0.0527874352997	-0.0447192700871	0.0115931931102	0.0550184759749	0.0259592736771	0.0633973109757	-0.0121909202076	0.0236246273809	0.00783845084567	0.0389584303293	-0.0659239934879	-0.00466796775156	-0.0136947008956	-0.0404199759944	-0.0364632089148	0.0066751906175	0.0128274348887	0.0632912939154	0.0233393591501	0.0293281475714	-0.0333636241389	-0.0486786158714	0.003146888491	0.0163766101875	-0.0552145723734	-0.0511782547219	-0.0148311146422	0.0433287369059	-0.00549239225354	-0.0252660132492	-0.00641863498045	-0.0125777901087
k__Bacteria;p__Bacteroidetes;c__Bacteroidia;o__Bacteroidales;f__Bacteroidaceae;g__Bacteroides;s__Bacteroides_ovatus	-0.0506249534809	-0.0131128751807	0.00322847300354	0.0253334626634	-0.00147919875579	1.0	0.0816550064124	0.0129687687868	0.00586972435486	-0.00520957272195	0.0281458685557	-0.0292477138784	-0.00713371371216	-0.0234556925426	-0.0667485191843	9.38575630077e-05	0.0143483803859	-0.0238879457305	0.059769399924	0.00482495892569	-0.0159346322122	0.00780586836007	0.0188141034578	-0.0327737451148	-0.0310169193289	-0.0454659226297	-0.0184178607473	0.0191797888277	-0.0136399253153	-0.00540369801955	-0.0201710453013	-0.0299923196586	-0.0532741565616	0.0971432096963	-0.00390895660074	-0.00191892617326	-0.0587334827941	0.00839626129046	0.0497560193756	0.0148377254621	-0.0339557587653	0.0400872017383	-0.0692939243342	-0.0134166301032	0.0741206370987	0.0564626868636	-0.0438745461604	0.0200460816108	-0.00842616673174	-0.0496221793945	0.017527665062	-0.0393490895908	0.0695959387813	-0.069028958804	-0.00595845355561	-0.0446803264529	-0.0156887187892	0.0041595768375	-0.0205705185504
k__Bacteria;p__Bacteroidetes;c__Bacteroidia;o__Bacteroidales;f__Rikenellaceae;g__Alistipes;s__Alistipes_shahii	0.00337281848454	-0.0185935881172	-0.00378215457491	-0.0839157043887	-0.120696162133	0.0816550064124	1.0	-0.101441101341	0.0227017823576	-0.041258513206	-0.0407065119351	0.0210947394287	0.0134044879377	0.0180655646704	0.012464346041	-0.0219812921991	0.0638548798082	-0.0230185805781	0.00417502232585	0.0147362895446	0.00856659428936	0.061718764426	0.0216537008706	-0.0196659274088	-0.0247617043141	-0.0423529831439	-0.00970586627075	0.0285584986313	-0.0456014007569	0.0027245870997	0.0551280802004	0.00401756457587	0.00238800107165	-0.0578189950591	0.052238566754	-0.134513620506	-0.041587324453	0.0703051680958	-0.0540052130843	0.0360725066883	0.00315275938962	-0.0302701195373	-0.0113700899522	-0.0225831476104	-0.0386850542482	-0.0236316382689	-0.00491907945461	-0.00711599619606	-0.0292011255637	-0.0437753275987	-0.0145285239034	-0.0119390175385	0.0448959514509	-0.0343823594872	0.00615070456538	0.000483006559151	0.00674730476587	0.0257406520095	-0.00691764214347
k__Bacteria;p__Firmicutes;c__Clostridia;o__Clostridiales;f__Ruminococcaceae;g__Faecalibacterium;s__Faecalibacterium_prausnitzii	0.0047693917607	-0.033332263269	-0.0215405412816	0.0256345227591	0.0275261505755	0.0129687687868	-0.101441101341	1.0	-0.00454081812861	0.0168191567369	0.0267495308041	0.0154422910045	0.0266065900866	-0.0226271212761	-0.0296280171048	-0.0119289124806	-0.0308382168435	0.0354737829736	-0.0284028364818	0.029414416882	-0.074569960299	-0.0148274836917	-0.033476580252	0.0563269563279	-0.0545110085619	0.046376919205	-0.0319862144411	-0.011511965818	-0.0348954899771	-0.00183079053074	-0.0467784202904	0.0144093246838	-0.00711657100365	-0.0169605223556	-0.0161485286974	-0.0293370694116	-0.0365300282959	-0.0840281503072	0.0167124335879	0.0422162066096	-0.0358623962551	0.00164464982227	0.0211795518627	0.0475256235074	-0.00703629009906	-0.011271583994	0.0282127653973	-0.00649017665142	-0.035150725342	0.0280335983481	-0.0389317778409	0.0510831759956	-0.0482915099363	0.0357692001569	-0.042673959958	0.0848866837486	-0.0524384522594	0.00154095421231	-0.00714755114767
k__Bacteria;p__Bacteroidetes;c__Bacteroidia;o__Bacteroidales;f__Rikenellaceae;g__Alistipes;s__Alistipes_finegoldii	-0.0232687530064	0.0473933251111	0.00192520822513	-0.0090831335828	-0.017425726455	0.00586972435486	0.0227017823576	-0.00454081812861	1.0	0.0300043526476	-0.0152020469548	0.0235470985898	0.051578050545	-0.0198591045834	-0.00557834478873	-0.0138592817341	-0.0360717242921	-0.0296017400414	-0.0213771335899	-0.0109637522771	0.0359490416993	0.0587570111881	0.0107016944439	-0.0568752774505	-0.0432363293146	0.0237192014296	-0.0363334794275	-0.0632494119511	-0.00853105320279	-0.067729826102	0.00232974621975	-0.0396074788417	-0.0253773460071	-0.00108975900843	0.00599467536853	0.00154378369471	0.012918280958	0.0081705422956	0.0348979193027	0.0165190713622	0.00346355183723	-0.0636711367915	0.0144867977739	-0.0901588468214	-0.0315737985948	-0.0189271028271	0.0520277740491	-0.0144699039284	0.0102870921625	0.0260269326614	0.0132303560998	-0.039431454558	-0.0421408201741	-0.0240208659795	-0.0354686247028	-0.0316456252693	-0.01805467064	-0.040746581575	0.0628268695026
k__Bacteria;p__Bacteroidetes;c__Bacteroidia;o__Bacteroidales;f__Porphyromonadaceae;g__Parabacteroides;s__Parabacteroides_distasonis	0.0401546630568	-0.0551558960689	-0.0297977054579	0.0224287888821	-0.0163362674519	-0.00520957272195	-0.041258513206	0.0168191567369	0.0300043526476	1.0	-0.00791675874694	-0.0191870941125	-0.00281748465847	-0.0551111211931	0.0490966537017	-0.0345769483893	0.039180487348	-0.029621288995	0.0137828033805	-0.0391648793019	-0.0863878292795	0.0324245185912	0.0117254687747	-0.0200183166947	0.0343608852964	-0.000338482611684	-0.0116290804943	0.00634511125833	0.00262292516568	-0.0381674775043	0.0264377813467	0.0303812746636	-0.0254078646268	-0.010557654053	-0.0974862043583	0.00570817429999	0.0203662753611	-0.0963540646057	0.0352337167211	-0.0509665893283	-0.0392454407857	-0.0374437764816	0.0288970372423	-0.0176621063406	0.023641910826	0.0851061833412	0.0418989087859	-0.00758750598268	-0.0556802160969	0.0474067326845	-0.0629788519927	0.0171410223976	-0.00858779565695	-0.0494071534603	0.0388271903142	-0.00145084244566	-0.0567519152671	0.011417058451	0.00316605209109
k__Bacteria;p__Bacteroidetes;c__Bacteroidia;o__Bacteroidales;f__Bacteroidaceae;g__Bacteroides;s__Bacteroides_thetaiotaomicron	0.0115688565882	0.0254529880293	-0.0201688160123	0.0557639126521	-0.0202232496752	0.0281458685557	-0.0407065119351	0.0267495308041	-0.0152020469548	-0.00791675874694	1.0	-0.0454414286294	0.0927043022075	0.0117609659562	0.000704762968216	0.046392720829	-0.0223976729665	-0.0257451706245	0.0208198904602	0.0659238377126	-0.0100374354747	-0.0192178877981	0.00429790669332	-0.0178908967612	-0.00133094526507	0.0267937191258	-0.0937702635537	0.0096997738001	-0.0822667484808	-0.0605295309607	-0.0337987059836	0.0189531625233	-0.110022965941	0.00342865073352	-0.0227438019619	-0.0713614702075	0.010212147909	0.0585801075061	-0.00393463144182	-0.0480691025512	0.0372824514219	-0.0261731788484	-0.00722215708705	0.0239612358967	-0.0288107987431	-0.00581283161969	0.0119756086527	0.00508671878352	-0.0410841618566	0.00934603092147	-0.0104056535587	-0.00201438448809	-0.0567807012471	-0.0122831078036	0.0349976136407	-0.00319091156958	-0.0733421342141	0.0549232239477	0.00940376153421
k__Bacteria;p__Bacteroidetes;c__Bacteroidia;o__Bacteroidales;f__Bacteroidaceae;g__Bacteroides;s__Bacteroides_coprocola	-0.0422592006224	0.00785455411019	-0.0974783356856	0.0393917471849	-0.0429245724406	-0.0292477138784	0.0210947394287	0.0154422910045	0.0235470985898	-0.0191870941125	-0.0454414286294	1.0	0.00440717846363	0.0146429530664	0.00455794792699	-0.0517223732498	-0.0573240637616	-0.013144919686	-0.0261124699467	-0.0179078738951	-0.0337676439305	-0.00715771956926	0.0148691766273	0.038513961556	-0.0234103121023	0.0100075563988	-0.0510904362238	0.0120877679515	-0.0775161957606	-0.0171262931515	-0.00446051385622	-0.0563083062908	-0.0359331823084	-0.0122726801469	-0.0555358023421	-0.0133564307618	-0.0317508205989	-0.0365229199331	0.0422832717732	0.0065414202762	0.0241919559648	-0.0200422803396	-0.0120805736665	-0.0109391800308	0.0546503584543	0.0504092085877	0.00471927070674	-0.0574398278962	-0.0299429403333	-0.0681961658539	0.0338157372035	0.031705246234	-0.0208657048219	-0.00744131774687	0.0339833850134	0.017960617766	0.00257383618074	-0.0274928108467	0.0228263521495
k__Bacteria;p__Bacteroidetes;c__Bacteroidia;o__Bacteroidales;f__Bacteroidaceae;g__Bacteroides;s__Bacteroides_cellulosilyticus	-0.0235906541825	-0.0194837630825	-0.0302820649335	-0.0333337399376	0.00658111110127	-0.00713371371216	0.0134044879377	0.0266065900866	0.051578050545	-0.00281748465847	0.0927043022075	0.00440717846363	1.0	-0.048444755785	0.0314657505475	0.0247128868114	-0.0300370997332	0.00970796339497	-0.0444035021963	-0.0128578906324	-0.000910107208123	-0.000183881280396	-0.03481961547	0.0162101506669	0.0240402870309	-0.037088576019	0.0436870707073	-0.0480343616769	-0.0355058090695	-0.0710036146918	-0.0154006132833	-0.0525245813043	0.0391097866655	-0.0137657753424	-0.0241787089215	-0.0259791597036	0.0243529498195	0.0376114225172	-0.0137532713469	-0.034647408363	-0.0319810888186	-0.0505702911809	-0.00606599141121	-0.0159864608351	-0.0190947525686	0.037322909977	0.0440220783368	-0.0443343381862	-0.0486428401238	0.0157420040372	-0.0636841510323	0.0290382253448	0.0238687507245	0.0478429665229	0.0320152955778	-0.0566435158269	0.0241770534413	-0.0416473201052	-0.0706303012701
k__Bacteria;p__Bacteroidetes;c__Bacteroidia;o__Bacteroidales;f__Rikenellaceae;g__Alistipes;s__Alistipes_obesi	-0.00797826971184	0.00887306062069	-0.0318365479716	0.0175327200115	0.0526204142667	-0.0234556925426	0.0180655646704	-0.0226271212761	-0.0198591045834	-0.0551111211931	0.0117609659562	0.0146429530664	-0.048444755785	1.0	0.00429425412522	0.00956750080187	-0.0496935633867	-0.0376803791862	0.0347426023756	-0.00336435835578	0.0431878955601	0.0622930233591	0.0374837521044	-0.0192162628193	0.0405816754259	-0.0125013609772	0.0203845193462	-0.0212185990841	-0.0229181312906	-0.00808568722056	-0.0566363502293	-0.0454809281534	-0.0451804308983	0.0111450506876	0.0390031203695	0.00443716687621	-0.0552680772933	0.00410758407496	0.0311674897006	-0.0995935251169	-0.038227426188	-0.00301243356174	-0.0109424714212	-0.0263533183728	-0.0300583045469	-0.0357515908029	0.0373936886035	-0.0457548540646	-0.0151128638591	-0.0387511275844	-0.0430271887249	-0.0228478632382	-0.0309856165554	-0.0356570240212	-0.0648270622864	0.068195512498	-0.0484322553691	0.0663313929623	-0.0409611703363
k__Bacteria;p__Firmicutes;c__Clostridia;o__Clostridiales;f__Lachnospiraceae;g__;s__[Eubacterium]_rectale	-0.0189466436924	-0.0205968041977	0.0127153397281	-0.00415299459852	0.0226204802199	-0.0667485191843	0.012464346041	-0.0296280171048	-0.00557834478873	0.0490966537017	0.000704762968216	0.00455794792699	0.0314657505475	0.00429425412522	1.0	-0.00532467875654	0.0400970878919	-0.0192072486827	-0.0240107131674	0.00790648640075	-0.00589928726494	-0.0437070814426	-0.00539590923193	-0.0646648213947	0.0273787106231	-0.0233861261781	-0.00706934067725	-0.0709345954556	-0.0244983508396	0.0164108333976	-0.0313128946407	0.013163809229	-0.0169494800176	-0.0171011402341	0.0240690713074	-0.0409634623319	-0.0408855696496	0.0263581239385	-0.0164702450574	-0.050794038606	-0.0192174584658	0.0264824265767	-0.0384599423682	0.0607327597341	-0.0217582430896	-0.00517594887791	-0.0547423806075	-0.0257029078493	-0.0355039306252	0.0334225056636	0.0089386619738	-0.0389422607892	0.0402214120867	-0.0470237788239	-0.0761772464694	0.0187825072811	-0.0459647011732	-0.0529288000203	-0.0314430954026
k__Bacteria;p__Bacteroidetes;c__Bacteroidia;o__Bacteroidales;f__Bacteroidaceae;g__Bacteroides;s__Bacteroides_plebeius	-0.0857837723314	0.0126759987454	0.0624555202277	-0.0510291376176	-0.0310247387896	9.38575630077e-05	-0.0219812921991	-0.0119289124806	-0.0138592817341	-0.0345769483893	0.046392720829	-0.0517223732498	0.0247128868114	0.00956750080187	-0.00532467875654	1.0	-0.00432088525005	-0.0369343991898	0.00210367986144	-0.0499827818296	-0.009552591318	0.0089172198692	-0.00276996876208	0.013108637539	-0.0689669145511	0.0324735343726	-0.0318851291327	0.0727824357645	-0.0804050423335	-0.0250076058029	-0.00308461782311	0.0198247709851	0.0551639487686	0.0265604090299	0.031962414708	-0.0121444556065	-0.0374993066622	0.00838886007936	0.020739031646	-0.0243089025776	0.0716235958999	-0.0359460962799	0.00320953692087	0.0547408309048	-0.0291524295718	0.0389341387047	-0.0288017008279	-0.0111469386505	0.0013534685618	-0.0194407174676	-0.0151470093812	0.00739497974471	0.0159159887446	-0.0846699662285	-0.101902120947	-0.00908862431144	-0.0183049220825	-0.0399950221604	-0.0977505443631
k__Bacteria;p__Bacteroidetes;c__Bacteroidia;o__Bacteroidales;f__Bacteroidaceae;g__Bacteroides;s__Bacteroides_fragilis	0.0152978687843	0.0250783508364	0.0201902615495	-0.0394999826921	0.00615759534061	0.0143483803859	0.0638548798082	-0.0308382168435	-0.0360717242921	0.039180487348	-0.0223976729665	-0.0573240637616	-0.0300370997332	-0.0496935633867	0.0400970878919	-0.00432088525005	1.0	-0.0375688660151	0.0218852614067	-0.0370736276027	0.00339622908774	-0.0185892297424	0.00161467419486	-0.06831891934	-0.0281513011322	-0.0916020226643	0.0393547545905	0.0221243691301	0.0423915337875	0.0188235931079	-0.0360534183941	0.0253766476777	0.0114793569867	-0.0379455441282	0.00948802275148	-0.0397276009103	-0.0454923749438	-0.00876250447386	-0.0268077628416	0.00365972618113	-0.00407463983242	0.0763383896757	0.033996568238	-0.0141120723814	-0.0640983451549	-0.0164185913152	-0.0333028743534	0.0250503792857	-0.0437002107328	0.00113099229189	-0.0531082468792	0.0444570655453	0.0363588752321	0.00175279857225	-0.0172231644374	0.00542482066738	-0.0137501618396	-0.025136900221	-0.0297040145427
k__Bacteria;p__Proteobacteria;c__Betaproteobacteria;o__Burkholderiales;f__Sutterellaceae;g__Sutterella;s__Sutterella_wadsworthensis	0.0576420503461	-0.0752156930331	0.00186246222966	-0.0552428133623	0.014215424566	-0.0238879457305	-0.0230185805781	0.0354737829736	-0.0296017400414	-0.029621288995	-0.0257451706245	-0.013144919686	0.00970796339497	-0.0376803791862	-0.0192072486827	-0.0369343991898	-0.0375688660151	1.0	0.0118622083318	0.049882574096	-0.000748015101203	0.0388823669225	-0.0277070527087	-0.00982771574176	-0.0235173235083	-0.0481924685217	0.0387499646585	-0.00708887482732	-0.0362882234404	-0.0180200954746	-0.00541272831446	-0.00385431794055	0.0823563523967	0.00921962099686	0.034392822904	-0.00327599598472	0.0291894286053	0.0567181982192	-0.0310264398675	-0.0196911268476	0.0158187597882	-0.0332249814508	-0.0213398545522	0.00719375340336	-0.0242952366861	0.0244100000109	-0.0207041797962	0.0817819640789	-0.0463531988022	-0.0416073479278	-0.00325535567847	-0.00366181124912	-0.0472799255431	0.0721165045753	-0.0251448100243	-0.0215445275542	-0.0208715673312	0.0120650838125	-0.0405805288069
k__Bacteria;p__Bacteroidetes;c__Bacteroidia;o__Bacteroidales;f__Porphyromonadaceae;g__Barnesiella;s__Barnesiella_intestinihominis	-0.0491381981735	0.000814240655675	-0.0281414498839	0.0451139916514	-0.0310837296497	0.059769399924	0.00417502232585	-0.0284028364818	-0.0213771335899	0.0137828033805	0.0208198904602	-0.0261124699467	-0.0444035021963	0.0347426023756	-0.0240107131674	0.00210367986144	0.0218852614067	0.0118622083318	1.0	-0.0035809702073	0.0626807236229	0.00126585652675	0.0201372490585	-0.00183486802673	-0.0417097064859	-0.0240046675826	-0.119397655653	0.0196278703808	-0.00923809662191	-0.0289674597526	0.0322152984634	-0.00732916703378	0.0355985209952	0.00933450203411	0.00218542544456	-0.0304301567097	-0.0104044923901	-0.0448718505164	-0.00666952277526	-0.0382954603285	0.0379809290223	0.00287961852822	-0.0526325303728	0.00800597229492	-0.0263406760585	0.00245231001411	0.00753359320073	-0.0248857848857	0.0108569048277	0.00263512119299	-0.0296591064077	0.0270263022559	-0.0626314685273	-0.0300864879012	-0.081289432106	0.00128098349827	0.0418321866567	-0.0789257965584	-0.0171121898042
k__Bacteria;p__Bacteroidetes;c__Bacteroidia;o__Bacteroidales;f__Odoribacteraceae;g__Odoribacter;s__Odoribacter_splanchnicus	-0.0214801229658	-0.0180427026698	0.0179984519401	-0.0470997320072	-0.0491094108444	0.00482495892569	0.0147362895446	0.029414416882	-0.0109637522771	-0.0391648793019	0.0659238377126	-0.0179078738951	-0.0128578906324	-0.00336435835578	0.00790648640075	-0.0499827818296	-0.0370736276027	0.049882574096	-0.0035809702073	1.0	-0.0222138126314	-0.0242975902806	-0.0688961057825	-0.00623404169792	0.0461464107029	0.0272470900904	-0.027745780128	0.0172657871722	-0.0113659179675	-0.0176601098507	-0.0210288723756	0.00913910843069	0.0178289702842	-0.0225249648977	-0.0417245145521	-0.0126630908763	0.078671016545	0.0548169084719	0.0170643809014	-0.037467675822	0.0501098496894	0.00551234841332	0.0190396186536	-0.0607826622996	-0.0541689761829	-0.0272602913453	0.025029478466	-0.0034016074501	0.0521273275675	-0.0366974789153	-0.0545377889168	-0.0088892531605	0.0613259821656	-0.058925249978	0.0203462860543	-0.0301003072662	0.0443782320403	0.00963126996441	0.00474906315182
k__Bacteria;p__Bacteroidetes;c__Bacteroidia;o__Bacteroidales;f__Bacteroidaceae;g__Bacteroides;s__Bacteroides_salyersiae	-0.0369578617829	0.0230719102484	-0.0245231995476	0.0150585258612	-0.0247751442406	-0.0159346322122	0.00856659428936	-0.074569960299	0.0359490416993	-0.0863878292795	-0.0100374354747	-0.0337676439305	-0.000910107208123	0.0431878955601	-0.00589928726494	-0.009552591318	0.00339622908774	-0.000748015101203	0.0626807236229	-0.0222138126314	1.0	0.0350567316572	-0.0319747757087	-0.0170485392666	-0.0262491957802	0.0267316684408	-0.0416437345448	-0.0358602992534	0.0482307413207	-0.0069847944132	-0.0268098263311	-0.0239304758142	-0.0233397173087	0.00805425340847	-0.0170552433235	0.00216376253481	-0.00421982685612	-0.00132812125603	0.0274765910038	-0.010400295955	-0.0282808779925	-0.0256703404014	0.0650857474548	0.0591097960937	0.0380697144165	-0.0472535634953	0.0314844929943	-0.00556916682054	0.00363490575259	-0.0503333573346	0.00867981064415	-0.0198891779004	0.0990846390381	0.00424268036279	-0.0254791141103	-0.0621429617131	0.0203815713111	-0.0184452219623	0.0140135702
k__Bacteria;p__Firmicutes;c__Clostridia;o__Clostridiales;f__Ruminococcaceae;g__Ruminiclostridium;s__[Eubacterium]_siraeum	0.00134884218529	-0.0194966537922	-0.00691704575276	-0.0451684163724	0.114370064753	0.00780586836007	0.061718764426	-0.0148274836917	0.0587570111881	0.0324245185912	-0.0192178877981	-0.00715771956926	-0.000183881280396	0.0622930233591	-0.0437070814426	0.0089172198692	-0.0185892297424	0.0388823669225	0.00126585652675	-0.0242975902806	0.0350567316572	1.0	0.0118635814637	-0.0288385010482	-0.0395104686744	-0.0144251710801	-0.00437485720514	-0.0118875908668	-0.0258845578542	-0.029316698735	-0.022458765178	0.00819588366303	-0.0100584351559	0.0277195164934	-0.00382728182196	-0.0729720129727	-0.019009296248	-0.00897049633123	-0.0292456701924	-0.0214292212977	-0.0201642472383	-0.082234001013	0.0312998193911	0.0207046250803	0.0256258294085	-0.0544505185368	8.90127102952e-05	-0.0305298186399	-0.0453699151152	-0.0494332623564	0.0315829283732	-0.0237987129011	0.0536881052587	-0.0190289820324	-0.0526960230093	-0.0557830927186	-0.0232043822797	0.00646008462972	-0.00428461004312
k__Bacteria;p__Proteobacteria;c__Betaproteobacteria;o__Burkholderiales;f__Sutterellaceae;g__Parasutterella;s__Parasutterella_excrementihominis	0.00515947592971	0.0544526949669	0.0533764627569	0.0365376544801	0.00544398852522	0.0188141034578	0.0216537008706	-0.033476580252	0.0107016944439	0.0117254687747	0.00429790669332	0.0148691766273	-0.03481961547	0.0374837521044	-0.00539590923193	-0.00276996876208	0.00161467419486	-0.0277070527087	0.0201372490585	-0.0688961057825	-0.0319747757087	0.0118635814637	1.0	-0.111559584437	0.034332337137	0.019876564852	-0.0405404119765	0.028955594995	0.0328656775533	0.00137274715497	0.0249909420022	-0.0187397513757	-0.0227177025306	0.0462998468452	0.0212049944266	-0.0213404485009	-0.0534623903739	0.00773184270479	-0.00640788525889	-0.00902946447237	0.0297232349484	0.0179223914099	0.0201643640963	-0.0515580295277	-0.0725543306038	-0.0256238477034	-0.0242175903606	-0.0622491940056	0.00201897281947	0.0266963688366	-0.0378240079555	-0.0378017757167	0.000809765816603	-0.00319343562891	-0.0535026621534	-0.0508912141019	0.038692913293	0.0272949195781	-0.0153769319016
k__Bacteria;p__Actinobacteria;c__Actinobacteria;o__Bifidobacteriales;f__Bifidobacteriaceae;g__Bifidobacterium;s__Bifidobacterium_adolescentis	-0.0564956034372	-0.00158542332879	-0.0157276433026	-0.0482485914593	0.0268391053897	-0.0327737451148	-0.0196659274088	0.0563269563279	-0.0568752774505	-0.0200183166947	-0.0178908967612	0.038513961556	0.0162101506669	-0.0192162628193	-0.0646648213947	0.013108637539	-0.06831891934	-0.00982771574176	-0.00183486802673	-0.00623404169792	-0.0170485392666	-0.0288385010482	-0.111559584437	1.0	-0.00463182443757	-0.00986339733817	0.00983272476637	0.0272169117159	0.0718901361807	0.000879641272194	0.0768965586793	-0.0272612447214	-0.0180292648718	-0.0124621499725	-0.0448735401156	-0.00169118363082	0.0058371772162	-0.0150047666161	-0.0483345224853	-0.0201281082255	-0.0263021271377	0.0667944866745	-0.0238367865902	0.0239973689669	-0.091149353425	0.0481774344427	-0.000506901490707	-0.0469573120006	-0.0514300690678	0.0437785634272	0.00113593952431	-0.0257346178197	-0.0810139579948	0.0115829776145	-0.00750278187178	0.0111203686762	0.0340721577014	-0.0834892586124	-0.0356001104694
k__Bacteria;p__Firmicutes;c__Clostridia;o__Clostridiales;f__Oscillospiraceae;g__Oscillibacter;s__Oscillibacter_sp._KLE_1745	-0.0445392969625	0.0431067473754	0.00729659435371	0.0102376552456	0.0102889104637	-0.0310169193289	-0.0247617043141	-0.0545110085619	-0.0432363293146	0.0343608852964	-0.00133094526507	-0.0234103121023	0.0240402870309	0.0405816754259	0.0273787106231	-0.0689669145511	-0.0281513011322	-0.0235173235083	-0.0417097064859	0.0461464107029	-0.0262491957802	-0.0395104686744	0.034332337137	-0.00463182443757	1.0	-0.0292867189699	0.00139277690898	-0.0290406684551	-0.00953896020976	0.0198347448986	0.0217684342603	-0.0102426813153	0.012518244395	0.0454294966024	0.00737967299374	-0.0169376778656	0.0396876312554	-0.0527045633013	-0.0278819816162	-0.0618985604234	0.00687055906382	-0.0758741450059	-0.0256454742232	-0.016585007504	0.0496745075602	-0.0302151672932	0.0192001574723	-0.00809233468239	0.0279529447027	0.00920400514791	-0.0615864090351	0.00955724163701	0.00112438246792	0.0343182984865	0.0438910935081	0.0110484887694	0.0177402725259	-0.00955861997707	0.0234620451982
k__Bacteria;p__Bacteroidetes;c__Bacteroidia;o__Bacteroidales;f__Bacteroidaceae;g__Bacteroides;s__Bacteroides_coprophilus	-0.0412917600785	0.0375067442355	-0.0112396760874	0.033595349813	0.0156896578899	-0.0454659226297	-0.0423529831439	0.046376919205	0.0237192014296	-0.000338482611685	0.0267937191258	0.0100075563988	-0.037088576019	-0.0125013609772	-0.0233861261781	0.0324735343726	-0.0916020226643	-0.0481924685217	-0.0240046675826	0.0272470900904	0.0267316684408	-0.0144251710801	0.019876564852	-0.00986339733817	-0.0292867189699	1.0	0.0258005516872	0.00718077308196	0.015157720882	0.0519491397554	0.0444018315545	-0.0174760385794	-9.08212264292e-05	0.00938988846873	0.00371410443581	-9.45192797553e-05	-0.0331857668422	-0.00198938468667	0.0393414784218	-0.0305146512383	0.000290413876409	-0.0789089406723	0.000712714740224	-0.0239441894779	-0.0300227475774	-0.0220467604694	0.0119606333588	-0.00228235582407	-0.0237576519585	0.0236991993305	-0.0238950546384	-0.0616972208451	-0.00581940731893	0.0108267192264	-0.012474986642	-0.0341677801009	0.0175556286781	-0.00121346816328	-0.0220993509919
k__Bacteria;p__Firmicutes;c__Clostridia;o__Clostridiales;f__Lachnospiraceae;g__Roseburia;s__Roseburia_intestinalis	0.0413498341888	-0.0424252298603	-0.0809026495612	-0.0246914248218	-0.020959482476	-0.0184178607473	-0.00970586627075	-0.0319862144411	-0.0363334794275	-0.0116290804943	-0.0937702635537	-0.0510904362238	0.0436870707073	0.0203845193462	-0.00706934067725	-0.0318851291327	0.0393547545905	0.0387499646585	-0.119397655653	-0.027745780128	-0.0416437345448	-0.00437485720514	-0.0405404119765	0.00983272476637	0.00139277690898	0.0258005516872	1.0	0.000416115914407	-0.0218819748265	-0.0289693264745	0.0174986016363	0.0137624084487	-0.0496107021801	-0.0298117971796	0.0193077917506	0.00750209034569	-0.033653607383	0.0125220487295	0.00524784704408	-0.0291518340077	0.0156209325758	0.0124160333046	-0.0305658723869	-0.0400843265233	-0.0213960295744	0.0260047696805	-0.0274652347463	-0.00791487548944	0.0236452001428	0.0091853185905	-0.0203405110887	0.0224460551497	0.0127268660571	-0.059147188129	-0.0140707717655	-0.00204122244327	-0.0589940322209	0.07192496998	-0.0902322708371
k__Bacteria;p__Firmicutes;c__Clostridia;o__Clostridiales;f__Lachnospiraceae;g__Roseburia;s__Roseburia_hominis	0.0291563034552	0.0463412742607	-0.00310818079483	0.00825863143331	-0.0527874352997	0.0191797888277	0.0285584986313	-0.011511965818	-0.0632494119511	0.00634511125833	0.0096997738001	0.0120877679515	-0.0480343616769	-0.0212185990841	-0.0709345954556	0.0727824357645	0.0221243691301	-0.00708887482732	0.0196278703808	0.0172657871722	-0.0358602992534	-0.0118875908668	0.028955594995	0.0272169117159	-0.0290406684551	0.00718077308196	0.000416115914407	1.0	0.0324243363306	-0.000205226680343	-0.0286279216422	0.0410432815571	-0.0269799641484	-0.0111198506663	-0.0110887819298	-0.0106810503204	-0.044298783065	0.00472767164002	-0.0579285233332	-0.00185090935913	0.074396691247	0.0228567267915	-0.0190022713142	0.0509849523078	0.00344708458147	-0.0208439263759	-0.0572034708563	-0.0107528890952	0.0692060566667	-0.0920335094673	0.00516839554548	0.0180219011904	-0.0293757982708	0.017163061341	0.0154824825576	-0.0496957765897	-0.0340935708362	-0.0251710201602	-0.0516137045776
k__Bacteria;p__Bacteroidetes;c__Bacteroidia;o__Bacteroidales;f__Porphyromonadaceae;g__Parabacteroides;s__Parabacteroides_johnsonii	-0.0326204380095	0.006879241925	0.00677059576928	0.0080348382836	-0.0447192700871	-0.0136399253153	-0.0456014007569	-0.0348954899771	-0.00853105320279	0.00262292516568	-0.0822667484808	-0.0775161957606	-0.0355058090695	-0.0229181312906	-0.0244983508396	-0.0804050423335	0.0423915337875	-0.0362882234404	-0.00923809662191	-0.0113659179675	0.0482307413207	-0.0258845578542	0.0328656775533	0.0718901361807	-0.00953896020976	0.015157720882	-0.0218819748265	0.0324243363306	1.0	0.0363252222193	0.0173056564932	0.0220059322564	-0.02234695628	0.0684397310641	0.0132554037188	0.0398596831337	-0.0348698626401	-0.00981303704107	0.0435804127458	0.0212779152542	0.0138720317598	-0.000154871494527	0.0340276625365	-0.0911842312856	-0.0199740999962	0.0235134011135	-0.0126402786934	0.0213917210501	-0.0689262702448	-0.0102365256737	0.000456128888405	-0.0337836529026	0.0335359580278	-0.0174431831942	-0.0215058828921	-0.0251740861224	-0.0260199102047	-0.0341046338119	0.0935411655917
k__Bacteria;p__Actinobacteria;c__Actinobacteria;o__Bifidobacteriales;f__Bifidobacteriaceae;g__Bifidobacterium;s__Bifidobacterium_longum	0.0301578600901	-0.0339935684497	0.00577340285624	-0.0211364323921	0.0115931931102	-0.00540369801955	0.0027245870997	-0.00183079053074	-0.067729826102	-0.0381674775043	-0.0605295309607	-0.0171262931515	-0.0710036146918	-0.00808568722056	0.0164108333976	-0.0250076058029	0.0188235931079	-0.0180200954746	-0.0289674597526	-0.0176601098507	-0.0069847944132	-0.029316698735	0.00137274715497	0.000879641272194	0.0198347448986	0.0519491397554	-0.0289693264745	-0.000205226680343	0.0363252222193	1.0	-0.00680185515227	-0.00739213926813	-0.0615456746479	0.0114813482941	0.00495233223159	0.0190532612411	-0.0673149799985	-0.0534441344321	-0.0243579509102	0.0409308670476	0.00387920199067	-0.0293911997076	0.0507591199367	-0.0255742556503	-0.0423065415753	0.00630742364359	-0.0381100247641	-0.0425383543485	0.0117965859543	0.012272029868	0.0433984414762	-0.0380578970366	0.035927573062	0.000379798540412	-0.0900637420741	0.0837654094456	-0.0387648601221	-0.0627847665509	-0.000513302156741
