#taxonomy	k__Bacteria;p__Bacteroidetes;c__Bacteroidia;o__Bacteroidales;f__Bacteroidaceae;g__Bacteroides;s__Bacteroides_vulgatus	k__Bacteria;p__Bacteroidetes;c__Bacteroidia;o__Bacteroidales;f__Bacteroidaceae;g__Bacteroides;s__Bacteroides_uniformis	k__Bacteria;p__Bacteroidetes;c__Bacteroidia;o__Bacteroidales;f__Rikenellaceae;g__Alistipes;s__Alistipes_putredinis	k__Bacteria;p__Bacteroidetes;c__Bacteroidia;o__Bacteroidales;f__Prevotellaceae;g__Prevotella;s__Prevotella_copri	k__Bacteria;p__Bacteroidetes;c__Bacteroidia;o__Bacteroidales;f__Bacteroidaceae;g__Bacteroides;s__Bacteroides_stercoris	k__Bacteria;p__Bacteroidetes;c__Bacteroidia;o__Bacteroidales;f__Bacteroidaceae;g__Bacteroides;s__Bacteroides_ovatus	k__Bacteria;p__Bacteroidetes;c__Bacteroidia;o__Bacteroidales;f__Rikenellaceae;g__Alistipes;s__Alistipes_shahii	k__Bacteria;p__Firmicutes;c__Clostridia;o__Clostridiales;f__Ruminococcaceae;g__Faecalibacterium;s__Faecalibacterium_prausnitzii	k__Bacteria;p__Bacteroidetes;c__Bacteroidia;o__Bacteroidales;f__Rikenellaceae;g__Alistipes;s__Alistipes_finegoldii	k__Bacteria;p__Bacteroidetes;c__Bacteroidia;o__Bacteroidales;f__Porphyromonadaceae;g__Parabacteroides;s__Parabacteroides_distasonis	k__Bacteria;p__Bacteroidetes;c__Bacteroidia;o__Bacteroidales;f__Bacteroidaceae;g__Bacteroides;s__Bacteroides_thetaiotaomicron	k__Bacteria;p__Bacteroidetes;c__Bacteroidia;o__Bacteroidales;f__Bacteroidaceae;g__Bacteroides;s__Bacteroides_coprocola	k__Bacteria;p__Bacteroidetes;c__Bacteroidia;o__Bacteroidales;f__Bacteroidaceae;g__Bacteroides;s__Bacteroides_cellulosilyticus	k__Bacteria;p__Bacteroidetes;c__Bacteroidia;o__Bacteroidales;f__Rikenellaceae;g__Alistipes;s__Alistipes_obesi	k__Bacteria;p__Firmicutes;c__Clostridia;o__Clostridiales;f__Lachnospiraceae;g__;s__[Eubacterium]_rectale	k__Bacteria;p__Bacteroidetes;c__Bacteroidia;o__Bacteroidales;f__Bacteroidaceae;g__Bacteroides;s__Bacteroides_plebeius	k__Bacteria;p__Bacteroidetes;c__Bacteroidia;o__Bacteroidales;f__Bacteroidaceae;g__Bacteroides;s__Bacteroides_fragilis	k__Bacteria;p__Proteobacteria;c__Betaproteobacteria;o__Burkholderiales;f__Sutterellaceae;g__Sutterella;s__Sutterella_wadsworthensis	k__Bacteria;p__Bacteroidetes;c__Bacteroidia;o__Bacteroidales;f__Porphyromonadaceae;g__Barnesiella;s__Barnesiella_intestinihominis	k__Bacteria;p__Bacteroidetes;c__Bacteroidia;o__Bacteroidales;f__Odoribacteraceae;g__Odoribacter;s__Odoribacter_splanchnicus	k__Bacteria;p__Bacteroidetes;c__Bacteroidia;o__Bacteroidales;f__Bacteroidaceae;g__Bacteroides;s__Bacteroides_salyersiae	k__Bacteria;p__Firmicutes;c__Clostridia;o__Clostridiales;f__Ruminococcaceae;g__Ruminiclostridium;s__[Eubacterium]_siraeum	k__Bacteria;p__Proteobacteria;c__Betaproteobacteria;o__Burkholderiales;f__Sutterellaceae;g__Parasutterella;s__Parasutterella_excrementihominis	k__Bacteria;p__Actinobacteria;c__Actinobacteria;o__Bifidobacteriales;f__Bifidobacteriaceae;g__Bifidobacterium;s__Bifidobacterium_adolescentis	k__Bacteria;p__Firmicutes;c__Clostridia;o__Clostridiales;f__Oscillospiraceae;g__Oscillibacter;s__Oscillibacter_sp._KLE_1745	k__Bacteria;p__Bacteroidetes;c__Bacteroidia;o__Bacteroidales;f__Bacteroidaceae;g__Bacteroides;s__Bacteroides_coprophilus	k__Bacteria;p__Firmicutes;c__Clostridia;o__Clostridiales;f__Lachnospiraceae;g__Roseburia;s__Roseburia_intestinalis	k__Bacteria;p__Firmicutes;c__Clostridia;o__Clostridiales;f__Lachnospiraceae;g__Roseburia;s__Roseburia_hominis	k__Bacteria;p__Bacteroidetes;c__Bacteroidia;o__Bacteroidales;f__Porphyromonadaceae;g__Parabacteroides;s__Parabacteroides_johnsonii	k__Bacteria;p__Actinobacteria;c__Actinobacteria;o__Bifidobacteriales;f__Bifidobacteriaceae;g__Bifidobacterium;s__Bifidobacterium_longum	k__Bacteria;p__Firmicutes;c__Clostridia;o__Clostridiales;f__;g__Flavonifractor;s__Flavonifractor_plautii	k__Bacteria;p__Firmicutes;c__Clostridia;o__Clostridiales;f__Clostridiaceae;g__Clostridium;s__Clostridium_phoceensis	k__Bacteria;p__Verrucomicrobia;c__Verrucomicrobiae;o__Verrucomicrobiales;f__Akkermansiaceae;g__Akkermansia;s__Akkermansia_muciniphila	k__Bacteria;p__Bacteroidetes;c__Bacteroidia;o__Bacteroidales;f__Prevotellaceae;g__Paraprevotella;s__Paraprevotella_xylaniphila	k__Bacteria;p__Firmicutes;c__Clostridia;o__Clostridiales;f__Ruminococcaceae;g__Ruminococcus;s__Ruminococcus_callidus	k__Bacteria;p__Bacteroidetes;c__Bacteroidia;o__Bacteroidales;f__Rikenellaceae;g__Alistipes;s__Alistipes_senegalensis	k__Bacteria;p__Firmicutes;c__Clostridia;o__Clostridiales;f__Lachnospiraceae;g__Blautia;s__Blautia_sp._KLE_1732	k__Bacteria;p__Bacteroidetes;c__Bacteroidia;o__Bacteroidales;f__Bacteroidaceae;g__Bacteroides;s__Bacteroides_oleiciplenus	k__Bacteria;p__Firmicutes;c__Clostridia;o__Clostridiales;f__Ruminococcaceae;g__Ruminococcus;s__Ruminococcus_bicirculans	k__Bacteria;p__Bacteroidetes;c__Bacteroidia;o__Bacteroidales;f__Bacteroidaceae;g__Bacteroides;s__Bacteroides_fluxus	k__Bacteria;p__Bacteroidetes;c__Bacteroidia;o__Bacteroidales;f__Prevotellaceae;g__Prevotella;s__Prevotella_stercorea	k__Bacteria;p__Firmicutes;c__Clostridia;o__Clostridiales;f__Lachnospiraceae;g__Dorea;s__Dorea_longicatena	k__Bacteria;p__Firmicutes;c__Clostridia;o__Clostridiales;f__Eubacteriaceae;g__Eubacterium;s__[Eubacterium]_eligens	k__Bacteria;p__Firmicutes;c__Clostridia;o__Clostridiales;f__Ruminococcaceae;g__;s__Ruminococcaceae_bacterium_D16	k__Bacteria;p__Firmicutes;c__Clostridia;o__Clostridiales;f__Lachnospiraceae;g__Coprococcus;s__Coprococcus_comes	k__Bacteria;p__Proteobacteria;c__Gammaproteobacteria;o__Enterobacterales;f__Enterobacteriaceae;g__Escherichia;s__Escherichia_coli	k__Bacteria;p__Firmicutes;c__Clostridia;o__Clostridiales;f__Ruminococcaceae;g__Anaerotruncus;s__Anaerotruncus_colihominis	k__Bacteria;p__Firmicutes;c__Clostridia;o__Clostridiales;f__Lachnospiraceae;g__Blautia;s__Blautia_obeum	k__Bacteria;p__Bacteroidetes;c__Bacteroidia;o__Bacteroidales;f__Odoribacteraceae;g__Odoribacter;s__Odoribacter_laneus	k__Bacteria;p__Firmicutes;c__Clostridia;o__Clostridiales;f__Ruminococcaceae;g__Ruminiclostridium;s__[Clostridium]_leptum	k__Bacteria;p__Bacteroidetes;c__Bacteroidia;o__Bacteroidales;f__Porphyromonadaceae;g__Parabacteroides;s__Parabacteroides_goldsteinii	k__Bacteria;p__Firmicutes;c__Clostridia;o__Clostridiales;f__Lachnospiraceae;g__Anaerostipes;s__Anaerostipes_hadrus	k__Bacteria;p__Firmicutes;c__Clostridia;o__Clostridiales;f__Ruminococcaceae;g__Ruminococcus;s__Ruminococcus_lactaris	k__Bacteria;p__Firmicutes;c__Clostridia;o__Clostridiales;f__Clostridiaceae;g__Clostridium;s__Clostridium_sp._L2-50	k__Bacteria;p__Firmicutes;c__Clostridia;o__Clostridiales;f__Clostridiaceae;g__Clostridium;s__Clostridium_sp._M62/1	k__Bacteria;p__Firmicutes;c__Clostridia;o__Clostridiales;f__;g__Intestinimonas;s__Intestinimonas_butyriciproducens	k__Bacteria;p__Actinobacteria;c__Actinobacteria;o__Bifidobacteriales;f__Bifidobacteriaceae;g__Bifidobacterium;s__Bifidobacterium_bifidum	k__Bacteria;p__Firmicutes;c__Negativicutes;o__Veillonellales;f__Veillonellaceae;g__Dialister;s__Dialister_invisus	k__Bacteria;p__Bacteroidetes;c__Bacteroidia;o__Bacteroidales;f__Bacteroidaceae;g__Bacteroides;s__Bacteroides_salanitronis
k__Bacteria;p__Bacteroidetes;c__Bacteroidia;o__Bacteroidales;f__Bacteroidaceae;g__Bacteroides;s__Bacteroides_vulgatus	1.0	-0.039923437775	0.0003022520856	-0.000617437343597	0.0488093506229	-0.0251230307788	0.0514512489299	-0.00991534306228	0.0111995625768	-0.00254913324676	-0.00638617807969	-0.0425917048499	0.044771262561	0.00202431555554	0.033918635573	-0.0100040091499	0.048805163598	0.0321888776551	-0.0545029277595	-0.0444693656991	0.131572941902	-0.0425295113425	-0.0349142650161	0.0172999490722	-0.059543763444	-0.0180933112632	0.0107825221108	0.00796708811574	0.0820802070131	-0.0675527479354	0.0515952873009	-0.0593868492125	0.0310292168572	-0.0515730416683	-0.0315384378422	-0.0722074887295	0.00551811249248	0.0328959785102	-0.0133370978676	0.060844913092	-0.0260921797819	-0.0719684644469	-0.0302928582102	-0.0472491537408	-0.00740514548802	0.0343666348202	-0.00469854980671	-0.021423378587	0.0228378118129	-0.0024139451121	-0.0520506363209	0.00319961446363	-0.0164857380647	0.00635272346545	0.0245027776727	0.0258361443817	-0.0553758758462	-0.0416881338461	-0.00827987406421
k__Bacteria;p__Bacteroidetes;c__Bacteroidia;o__Bacteroidales;f__Bacteroidaceae;g__Bacteroides;s__Bacteroides_uniformis	-0.039923437775	1.0	0.0529254478801	-0.0471348472535	-0.0444843522394	-0.0394807331355	-0.0402096077783	-0.0262790903387	0.0105886538989	-0.00768084530764	-0.00246620142805	0.00637291339116	0.0312701359224	-0.0210700199436	-0.0107243302892	-0.0388254580865	-0.0420227629189	0.0156001580964	0.0425403155905	0.0103211807523	-0.00410066353503	-0.0226794789606	-0.0687288393591	0.0128604638053	-0.00367148636991	0.0265310394392	-0.017744143933	0.00102653543265	-0.0352025127451	0.0309613348761	-0.00359001549739	0.0130708174034	-0.0295823278792	-0.0115104081242	-0.0318187365101	-0.0899858791366	0.0316588699832	0.0514202748906	-0.0365573954298	-0.0175971261263	0.0113445247199	-0.00889081074222	0.0118396463019	0.038670376945	-0.0458823181938	0.0293945188946	-0.0141367447986	-0.0422502698756	-0.0518290062354	0.0154006597893	0.0519828965528	0.0684748073722	-0.0295896952321	0.063003748477	-0.00024838230551	-0.0403037585601	0.00370898844242	-0.00530758114547	0.0427395129788
k__Bacteria;p__Bacteroidetes;c__Bacteroidia;o__Bacteroidales;f__Rikenellaceae;g__Alistipes;s__Alistipes_putredinis	0.0003022520856	0.0529254478801	1.0	0.046710738316	0.0227208464564	-0.00993780860176	-0.0297737164288	0.0145262857947	0.00818542571539	-0.044800119901	-0.0272580416316	0.0414728209737	-0.0134261574188	-0.022030195553	-0.0499877420048	-0.0100910960389	0.0842210641123	-0.018374480154	-0.0533609914598	0.0301556352981	0.100677689544	-0.00706095734397	0.0157393362864	-0.0579296244121	0.0226061343413	-0.0181413583908	-0.00514617683703	-0.0315610969611	-0.0208307438694	-0.0461484086848	-0.0471781331392	-0.0114175963658	0.0244823108659	-0.00196522686817	0.0084923809338	-0.0415781992362	0.00384976364844	0.0261500889413	0.0440166705149	0.00709925171561	0.000699881905669	0.0200415332711	0.00452148709279	-0.0116425132764	-0.0136022786532	-0.0151379821327	-0.00213069434705	-0.0246812013243	0.000304053870368	0.0453965549058	-0.00526564151295	-0.00534203618158	0.000853113398699	-0.0226348557803	-0.0439760686083	-0.00854131959802	-0.0211358884646	-0.0606693785912	-0.0691358492503
k__Bacteria;p__Bacteroidetes;c__Bacteroidia;o__Bacteroidales;f__Prevotellaceae;g__Prevotella;s__Prevotella_copri	-0.000617437343597	-0.0471348472535	0.046710738316	1.0	-0.00990769668595	0.0145059714232	-0.0180785440451	0.0863066420393	-0.0229609986143	-0.0231554994696	-0.0142664512205	-0.0150124123273	-0.0160130671079	-0.0494895992494	0.053222369128	-0.0324907301413	-0.0265363674736	-0.0117919335332	0.0413775668437	0.035329665588	0.0216664105449	0.00663665367788	-0.0105707673675	0.0492602883906	0.0328234238726	0.0278547197576	-0.0434165103599	-0.0366789207644	-0.0364419696565	0.0256086976316	-0.0444592679889	-0.0202246687232	-0.0155746495899	-0.000413330572298	-0.0413259694201	0.00191906364413	0.0342549684919	-0.0368134438592	0.0218286454351	0.0355670386359	0.00189822433676	-0.0357110376865	0.000481830582137	0.106193099598	-0.0101504239135	-0.0048603648016	-0.0234544160382	0.0168435613549	-0.0110280415016	-0.0523637467955	-0.0213133924529	0.0295804214736	-0.0429353062713	-0.0179861836471	0.0303343979554	-0.0173276597031	-0.0405431856893	0.0266729599487	-0.00922227440064
k__Bacteria;p__Bacteroidetes;c__Bacteroidia;o__Bacteroidales;f__Bacteroidaceae;g__Bacteroides;s__Bacteroides_stercoris	0.0488093506229	-0.0444843522394	0.0227208464564	-0.00990769668595	1.0	-0.0216445258037	-0.0105603701462	-0.0453893775679	-0.0517139501835	-0.0408310692247	-0.0135897994949	-0.0016762909619	-0.016896182824	-0.00390094243629	-0.0241393683247	0.0176608151129	-0.0276346061507	0.0223211955506	0.0174236024334	0.0130242261514	-0.0617978469361	0.000842320218734	0.0143579169403	0.0195803679901	-0.00847876501976	-0.00456707018167	-0.00870743165857	0.0156429366727	0.0266422329278	-0.0206502107143	-0.0319043482025	-0.0632932274074	-0.029502493087	-0.0163495110803	-0.00932309978953	-0.0362881137022	0.0358078458618	-0.03465407748	-0.0133624705789	-0.00067110353347	0.0136234013618	2.31641841476e-05	0.0565617064057	0.0280729340749	0.0136702465057	0.00615250094219	-0.034540758377	-0.00380766110017	-0.0897994857657	0.0226943814754	-0.0665587354399	0.0157719747618	0.0210097564538	0.00645861302504	-0.0688028332957	-0.0346242463202	0.0371518575109	0.00739768525416	-0.0541202498088
k__Bacteria;p__Bacteroidetes;c__Bacteroidia;o__Bacteroidales;f__Bacteroidaceae;g__Bacteroides;s__Bacteroides_ovatus	-0.0251230307788	-0.0394807331355	-0.00993780860176	0.0145059714232	-0.0216445258037	1.0	0.0238068042845	0.0042075707992	0.0106763234696	0.00686071191953	0.026086148963	-0.0623749972218	-0.040475369401	0.00209901318379	0.0346363911131	-0.0165965530516	-0.0292883227097	-0.0480742532558	0.0524278951996	0.0197434164108	-0.076872509388	0.00290845607746	0.00555926372545	0.00984283570044	0.00846275303049	-0.0613106127285	-0.00858846282248	-0.0287944167038	0.0426181525194	-0.0328929213732	-0.0837896183349	0.0649901139189	-0.0393826599994	0.00867319928962	0.00759738870069	-0.00585986087122	0.0436280471191	-0.0593888649525	0.0146077519373	-0.0209848194685	0.0215521167953	0.0204321425888	0.0207824866112	0.0772971438122	0.00788923446282	-0.0359936313928	-0.0110246352172	0.00770647172918	0.0466546327535	-0.0315648648096	-0.0126055589367	0.0392782488311	-0.00982857996734	-0.00601864619566	0.022273533667	0.00214510273813	-0.0530383917239	-0.018212533915	-0.0242327501829
k__Bacteria;p__Bacteroidetes;c__Bacteroidia;o__Bacteroidales;f__Rikenellaceae;g__Alistipes;s__Alistipes_shahii	0.0514512489299	-0.0402096077783	-0.0297737164288	-0.0180785440451	-0.0105603701462	0.0238068042845	1.0	0.0201850402541	-0.0697535954442	0.00793260804388	-0.0335222319949	-0.0634460500197	0.00304866254481	-0.00516750122604	0.0170069033927	-0.0618938204522	-0.0671300516411	0.0160079131849	0.00952237648803	0.0194993248046	0.0175612090093	-0.0213103615287	-0.0237522363883	-0.0227793906184	-0.0924450653106	0.00811188090134	-0.055365079296	-0.0014912967182	0.00974244902099	0.0292141877198	-0.0855840865811	-0.0753000017457	-0.0574128849873	-0.034625922927	-0.00896304275465	-0.00791454366414	0.0399117553386	0.0127619776197	-0.0236240098034	-0.0234668435953	0.0896359250675	0.0499537252779	-0.0947049970828	0.00248940708817	0.0640914676349	-0.0318843356155	-0.0142126455392	-0.00426318897703	-0.0350546023795	-0.100885133032	0.0314949105486	0.01937421434	-0.0153545818617	-0.0439962129534	0.00138161460633	0.0471812690182	-0.0541509467389	-0.0151973051046	0.0233324249798
k__Bacteria;p__Firmicutes;c__Clostridia;o__Clostridiales;f__Ruminococcaceae;g__Faecalibacterium;s__Faecalibacterium_prausnitzii	-0.00991534306228	-0.0262790903387	0.0145262857947	0.0863066420393	-0.0453893775679	0.0042075707992	0.0201850402541	1.0	0.0330845030526	-0.00748552000081	0.0374970564474	0.012107047467	-0.0438370802769	-0.00614128342221	-0.0115463046122	-0.0231655262168	-0.00349948831135	-0.0559802463127	-0.0837201742568	-0.0336946871702	-0.0529823115568	-0.0482335542689	-0.0225365634603	0.0531446476679	0.0417042302494	0.0255517577787	-0.0199338429001	0.0411985412109	-0.0597258553523	-0.0210695752151	0.008636161952	0.0454040202113	0.00912406253102	0.0185402042565	0.00214071969535	-0.0705229746178	-0.0102419544669	0.0220158182653	-0.0132625975753	-0.0875833407574	-0.035095755653	-0.00512606064961	0.0299354983982	0.0566914786166	-0.0742178289423	0.00189849019098	-0.0105924325295	-0.00380779861117	0.00835209665638	-0.0190330058294	0.0321023815076	-0.0874238694185	-0.0485594497097	-0.0123239542897	-0.039461513952	-0.0660485800173	-0.0318137587687	-0.0457774337814	-0.0353269398618
k__Bacteria;p__Bacteroidetes;c__Bacteroidia;o__Bacteroidales;f__Rikenellaceae;g__Alistipes;s__Alistipes_finegoldii	0.0111995625768	0.0105886538989	0.00818542571539	-0.0229609986143	-0.0517139501835	0.0106763234696	-0.0697535954442	0.0330845030526	1.0	-0.0305609792003	-0.0327750736607	-0.0164486428257	-0.0418369781837	-0.0335453513189	0.0190202276587	-0.0215535871992	-0.0539399313575	-0.0049375559268	-0.0203914939385	-0.0143400918213	0.0322085228254	-0.0186262409556	-0.0408753534494	-0.0218156001949	0.0433399235444	-0.0602546157918	-0.0808011563931	-0.0496692352719	0.00668418123241	0.0818879796935	0.00372743342778	0.0583621831323	-0.0413294779364	-0.027452482595	-0.115567110279	-0.0131935757609	-0.025628520845	0.038023765618	-0.0149002138717	0.0493108145702	-0.00554473533083	-0.0690722842571	-0.010304112591	-0.0157993412697	0.0401774177689	0.0352492417026	-0.0441432224305	0.0438731080073	-0.00772420937736	0.0635739943529	-0.0157701599964	0.0489272405641	0.0619728961859	0.0243399535409	-0.0310665844683	0.0199492793227	0.0148324777762	0.0235343357509	0.0624694704823
k__Bacteria;p__Bacteroidetes;c__Bacteroidia;o__Bacteroidales;f__Porphyromonadaceae;g__Parabacteroides;s__Parabacteroides_distasonis	-0.00254913324676	-0.00768084530764	-0.044800119901	-0.0231554994696	-0.0408310692247	0.00686071191953	0.00793260804388	-0.00748552000081	-0.0305609792003	1.0	-0.0524577455063	0.00341024803409	0.0277094389133	-0.00504919260112	-0.00659202122259	-0.031341602085	-0.00446977991959	0.0313636695451	-0.0166064565368	-0.0101141681038	-0.0527803774827	-0.0188121222104	-0.0658989199363	-0.0435277906305	0.0113959743842	-0.0367004040691	-0.0433487556099	-0.0430908629491	-0.0112939547251	6.58183614591e-05	0.0346589126485	0.0499870092791	0.0363455368221	-0.0319258512316	0.0676540399467	0.0351363026767	-0.0307908846977	-0.073302366885	-0.0550022208534	0.0691183640321	-0.040693982063	0.000978466568791	-0.047217581542	0.0312017078974	-0.0290779993576	-0.0358993034804	-0.0146634537944	-0.0125320041218	-0.0220881590614	0.0704784834184	0.00500995219238	0.0341241615339	-0.000139876028363	0.0488603814778	-0.0379491866417	-0.0114956973094	-0.0160958213627	-0.0194837627305	-0.00865384227386
k__Bacteria;p__Bacteroidetes;c__Bacteroidia;o__Bacteroidales;f__Bacteroidaceae;g__Bacteroides;s__Bacteroides_thetaiotaomicron	-0.00638617807969	-0.00246620142805	-0.0272580416316	-0.0142664512205	-0.0135897994949	0.026086148963	-0.0335222319949	0.0374970564474	-0.0327750736607	-0.0524577455063	1.0	0.052728783863	-0.0305170587569	0.00105928772582	0.00784430633965	-0.00524867651308	0.0233157529717	0.0342354905042	-0.00914543296707	0.014079855667	0.0206968184339	-0.06705624159	0.0392644903316	-0.00801348555802	-0.0146428954393	0.0219136774732	-0.0192060369175	-0.011909207521	-0.0611966049824	-0.00254815499335	0.012938738797	-0.0861579672329	-0.00534413923678	-0.0211248767788	-0.0267094450733	-0.0389470017949	-0.11840275251	-0.0396029356868	0.0137451204127	-0.0770133442409	-0.0305933156382	0.0219450934541	-0.0640560471897	0.0372620748083	0.0443352612126	0.00724547539213	0.00334202646726	-0.00300647510484	-0.0248334603488	0.0130773680124	-0.0322210165636	0.0047506690581	0.0740403512875	-0.0147912425728	0.01799704091	-0.0419182067995	0.0364232766951	0.0144230488516	-0.0239796266738
k__Bacteria;p__Bacteroidetes;c__Bacteroidia;o__Bacteroidales;f__Bacteroidaceae;g__Bacteroides;s__Bacteroides_coprocola	-0.0425917048499	0.00637291339116	0.0414728209737	-0.0150124123273	-0.0016762909619	-0.0623749972218	-0.0634460500197	0.012107047467	-0.0164486428257	0.00341024803409	0.052728783863	1.0	-0.0423790336363	-0.0314234586435	-0.0209586331431	0.0457194970985	0.0301436540877	0.00791352609493	0.0275428734882	-0.0232968785658	-0.0194583516359	-0.00739889280213	-0.0367846636842	-0.0210671282761	-0.00615252188124	-0.0299281151363	0.0566419370409	0.0555833214798	-0.0274358645187	-0.0920129367311	-0.0445086892816	0.0550952705938	-0.00265440014544	0.00702064242929	-0.000717369225523	0.0535307776504	-0.0501400001482	-0.00911738279612	-0.0193934024601	-0.0668264503775	0.0269794319147	-0.084817529098	0.0287169606776	-0.0132034182383	-0.00296141708761	-0.0473553785813	0.0547565319764	-0.0347359191181	-0.00604741928773	0.0624799803766	0.0207269549338	0.0424176707223	-0.0706005931845	0.0231211301149	-0.0240150592938	-0.00530963568325	0.054057139832	0.0356454243758	-0.0129902360777
k__Bacteria;p__Bacteroidetes;c__Bacteroidia;o__Bacteroidales;f__Bacteroidaceae;g__Bacteroides;s__Bacteroides_cellulosilyticus	0.044771262561	0.0312701359224	-0.0134261574188	-0.0160130671079	-0.016896182824	-0.040475369401	0.00304866254481	-0.0438370802769	-0.0418369781837	0.0277094389133	-0.0305170587569	-0.0423790336363	1.0	0.0162757022942	0.0620444113648	-0.00780827031491	0.00421871437333	-0.0487798511715	0.00182953995884	0.0167295135085	0.0302083175467	-0.033373011614	-0.00770910280745	0.0252539920738	-0.0435777028915	-0.0682032876342	-0.01868708233	0.00330854064847	0.0537067720515	-0.0421397322196	-0.00269703755066	-0.0203144795125	-0.0133985850873	-0.0111910067041	-0.0371045043616	-0.00871588990129	0.0231070597706	0.0114188663487	0.00765487806467	0.0238558727965	0.012907564437	-0.00234219119928	0.0250105037216	-0.0764542930335	-0.0236860284883	-0.0202049950299	-0.00692446358641	-0.0204243568463	-0.0515722144736	0.0535331736757	-0.00434777093101	-0.0392752832965	0.021970031983	0.0504550769534	0.0417987862265	0.0516252920761	0.0431122011974	-0.00129594342661	-0.0459552462939
k__Bacteria;p__Bacteroidetes;c__Bacteroidia;o__Bacteroidales;f__Rikenellaceae;g__Alistipes;s__Alistipes_obesi	0.00202431555554	-0.0210700199436	-0.022030195553	-0.0494895992494	-0.00390094243629	0.00209901318379	-0.00516750122604	-0.00614128342221	-0.0335453513189	-0.00504919260112	0.00105928772582	-0.0314234586435	0.0162757022942	1.0	-0.0397620735063	0.0160180431151	-0.0610012033113	0.0262867152403	-0.0683113206915	0.0739225984324	-0.000449611277734	0.0165387863738	0.0667636039638	-0.0337209794898	-0.0206386553784	0.108857657184	-0.0458564750293	-0.0207444105698	0.0114243232673	-0.0222438298096	0.0459325417068	-0.0904689882649	-0.0307387896451	-0.0201591820646	-0.0634547393163	0.0535748300529	0.00447266350537	0.0171148972086	0.0171235848291	-0.00667578100983	0.0225211116216	0.0122533598066	0.00835834259751	-0.0255373120555	-0.00839259659654	0.0186038827915	0.0643047684442	0.0405783823687	-0.0172647042237	-0.0128096756699	-0.0106217029461	0.042550271604	0.0214197475479	-0.0288296647097	-0.111005455233	-0.0178198574493	-0.0317711886436	0.0240046425173	-0.0200244549222
k__Bacteria;p__Firmicutes;c__Clostridia;o__Clostridiales;f__Lachnospiraceae;g__;s__[Eubacterium]_rectale	0.033918635573	-0.0107243302892	-0.0499877420048	0.053222369128	-0.0241393683247	0.0346363911131	0.0170069033927	-0.0115463046122	0.0190202276587	-0.00659202122259	0.00784430633965	-0.0209586331431	0.0620444113648	-0.0397620735063	1.0	0.00078075748578	0.0211452189248	-0.0291151864123	0.0449053227978	-0.0457172272258	0.00754029545511	0.00874640443028	0.00822172328789	0.018971060461	-0.0076263081075	0.0297059864891	-0.0199183422902	-0.0497869658076	-0.0244438481891	0.0349874331437	-0.0192359494251	-0.0266121306556	-0.0112391196241	0.00159471467841	0.0081171113473	-0.0253361010088	-0.0264759783275	0.0204191784716	-0.00779442108264	-0.0967435405498	0.0418679933501	-0.0620756664767	-0.0231926580548	-0.0239539283506	0.0145735662585	-0.0280087398055	0.00205077353656	0.0417555612503	-0.035529634922	-0.0783363787821	-0.0439185088611	0.0449136250189	-1.40180031839e-05	-0.0348772975395	0.0155285708942	-0.00285121961818	-0.0368890945078	-0.0248401644552	0.0123417217815
k__Bacteria;p__Bacteroidetes;c__Bacteroidia;o__Bacteroidales;f__Bacteroidaceae;g__Bacteroides;s__Bacteroides_plebeius	-0.0100040091499	-0.0388254580865	-0.0100910960389	-0.0324907301413	0.0176608151129	-0.0165965530516	-0.0618938204522	-0.0231655262168	-0.0215535871992	-0.031341602085	-0.00524867651308	0.0457194970985	-0.00780827031491	0.0160180431151	0.00078075748578	1.0	0.0529318944706	-0.0269934206941	-0.0068665060944	-0.0471651426407	-0.0493569139511	0.0122154190033	0.0496656102092	0.0320213468787	-0.0424121995042	0.0468745805293	0.0687698129001	-0.00855214934629	-0.033266364241	0.00198598563107	-0.0276023617616	0.0431069699071	0.00277229249494	-0.0136076112597	0.0104323338576	0.0110759414693	-0.00350704674506	-0.00680175777913	-0.00347646384616	0.00508979930147	-0.0262981152227	-0.0371400896391	-0.0356562243365	-0.0626361414275	-0.0301026830382	-0.0272380468918	-0.0272835403636	0.0148736162064	0.0268632445167	0.0024564234466	-0.0607864711929	0.0043050712782	0.0261218785651	-0.0367103730229	-0.0451974099499	0.0140921315103	-0.000255134510101	0.0208245441303	-0.00615021333041
k__Bacteria;p__Bacteroidetes;c__Bacteroidia;o__Bacteroidales;f__Bacteroidaceae;g__Bacteroides;s__Bacteroides_fragilis	0.048805163598	-0.0420227629189	0.0842210641123	-0.0265363674736	-0.0276346061507	-0.0292883227097	-0.0671300516411	-0.00349948831136	-0.0539399313575	-0.00446977991959	0.0233157529717	0.0301436540877	0.00421871437333	-0.0610012033113	0.0211452189248	0.0529318944706	1.0	-0.019186802737	-0.0185800482326	-0.00362098275205	-0.0188803527091	-0.00773810074273	0.0712924738715	-0.0407314289554	-0.0151258945931	0.00275128393524	0.0593710655542	-0.0431392352542	-0.00847574056097	-0.0191894529888	-0.0190276202833	-0.0226478257907	0.0363525171932	-0.0294555764674	0.00826349511672	0.015203115923	-0.0585959383576	-0.0283806093601	0.0440683363909	-0.0794175129944	-0.0153116327434	-0.0242941251258	0.0380077181268	0.0282185603525	-0.0490611298998	0.0430369594406	-0.0774160415623	-0.0214365666664	0.00460310040335	-0.0140559448373	-0.0471472907698	0.0409076048567	0.0373177457425	-0.0102620424368	-0.0213488535351	-0.0434586698427	-0.0194768192818	-0.051009016607	0.0317425818746
k__Bacteria;p__Proteobacteria;c__Betaproteobacteria;o__Burkholderiales;f__Sutterellaceae;g__Sutterella;s__Sutterella_wadsworthensis	0.0321888776551	0.0156001580964	-0.018374480154	-0.0117919335332	0.0223211955506	-0.0480742532558	0.0160079131849	-0.0559802463127	-0.0049375559268	0.0313636695451	0.0342354905042	0.00791352609493	-0.0487798511715	0.0262867152403	-0.0291151864123	-0.0269934206941	-0.019186802737	1.0	0.0744348362472	0.0360612631681	-0.0231322197384	0.0380192081099	0.00182251538314	0.0215789468464	-0.0576662607945	0.00553209687024	-0.0575950097452	-0.0140407167883	-0.00764759866857	0.0258677998219	-0.00636965965279	-0.0218990271941	-0.0336880252394	0.00657611298632	-0.0379051154062	0.0832403541792	-0.0228342653619	0.0104434908084	0.0216847218192	0.0411210957707	0.0486291106026	0.0223296750595	-0.0756472811299	-0.00737641112879	-0.0901251032307	0.0205775451822	-0.0104970516815	0.0158239616803	-0.0712293583849	-0.0109305488638	-0.0236843402286	0.0274209122279	0.0249702127581	-0.0679397693877	-0.0364301196257	0.000508856007721	-0.025317985902	-0.00384931927564	0.0614514818585
k__Bacteria;p__Bacteroidetes;c__Bacteroidia;o__Bacteroidales;f__Porphyromonadaceae;g__Barnesiella;s__Barnesiella_intestinihominis	-0.0545029277595	0.0425403155905	-0.0533609914598	0.0413775668437	0.0174236024334	0.0524278951996	0.00952237648803	-0.0837201742568	-0.0203914939385	-0.0166064565368	-0.00914543296707	0.0275428734882	0.00182953995884	-0.0683113206915	0.0449053227978	-0.0068665060944	-0.0185800482326	0.0744348362472	1.0	-0.037548627351	-0.0141175382162	-0.0212755764281	-0.0079100481414	-0.0249634298385	-0.0679359774607	0.053239971179	-0.0260203855796	-0.0789247304008	-0.060548410463	0.0772315577064	0.0307284117927	-0.0555660497163	0.0228174380048	-0.019861548184	-0.0347541636043	4.43248203439e-05	0.0546686323931	-0.0545863199788	0.0184712131478	-0.0564421707373	0.0116622227618	0.0220134211206	-0.0112881729862	-0.028549748857	0.0211684112267	-0.00164879379154	0.0268246358794	-0.0284915969225	0.011234896648	-0.0114590566972	-0.00721441928946	-0.0176438704072	0.0212140585137	-0.015864589156	0.00290148002392	0.0209796042089	-0.0181045995422	0.00499944138943	0.074860154341
k__Bacteria;p__Bacteroidetes;c__Bacteroidia;o__Bacteroidales;f__Odoribacteraceae;g__Odoribacter;s__Odoribacter_splanchnicus	-0.0444693656991	0.0103211807523	0.0301556352981	0.035329665588	0.0130242261514	0.0197434164108	0.0194993248046	-0.0336946871702	-0.0143400918213	-0.0101141681038	0.014079855667	-0.0232968785658	0.0167295135085	0.0739225984324	-0.0457172272258	-0.0471651426407	-0.00362098275205	0.0360612631681	-0.037548627351	1.0	-0.0810154290346	-0.0310330492618	0.0129576473237	0.0111762833086	-0.0384652689667	0.025379356968	-0.0583912597773	0.0257470882012	0.00915885934065	-0.000588619936743	0.00775360392041	0.0427263382158	-0.0509477993819	-0.0377060054667	-0.0869278025381	-0.00612905685303	-0.0191391944594	0.0431979351549	0.0139071780436	-0.046532318853	0.00138965311448	0.0230632476368	-0.0329763698897	-0.00468683486675	-0.0110643281381	0.0412128656322	-0.0222929875328	0.0203415525274	-0.00477519152533	-0.0323129148011	0.0209165429925	0.0182876472509	-0.0736255877687	0.037055901475	-0.0249370674008	0.0223571457722	0.0101688230701	0.0116216378948	-0.0147404153638
k__Bacteria;p__Bacteroidetes;c__Bacteroidia;o__Bacteroidales;f__Bacteroidaceae;g__Bacteroides;s__Bacteroides_salyersiae	0.131572941902	-0.00410066353503	0.100677689544	0.0216664105449	-0.0617978469361	-0.076872509388	0.0175612090093	-0.0529823115568	0.0322085228254	-0.0527803774827	0.0206968184339	-0.0194583516359	0.0302083175467	-0.000449611277734	0.00754029545511	-0.0493569139511	-0.0188803527091	-0.0231322197384	-0.0141175382162	-0.0810154290346	1.0	-0.0264156918952	-0.0467105014994	-0.033927924918	-0.0365820338677	-0.036165395724	-0.00831590135039	-0.0364817094929	0.0356863440872	-0.0545070385903	-0.00486987866057	-0.0262201840623	-0.0217182078515	0.00662223737349	-0.00907920038821	-0.0263226110903	-0.0579805584656	0.0287008009071	0.0468648085971	-0.0476546532278	0.0338037592985	-0.0165807080293	-0.0344539574958	0.0141409183505	-0.0436218863152	0.0754497118679	-0.00222503550293	0.0150209655572	0.0282763085436	0.0335018095506	-0.0193301332491	0.0439694700664	-0.0706751732333	-0.0113414389235	0.0128001308255	0.0119068547006	-0.0421641911095	-0.0174802643545	-0.0317030925654
k__Bacteria;p__Firmicutes;c__Clostridia;o__Clostridiales;f__Ruminococcaceae;g__Ruminiclostridium;s__[Eubacterium]_siraeum	-0.0425295113425	-0.0226794789606	-0.00706095734397	0.00663665367788	0.000842320218733	0.00290845607746	-0.0213103615287	-0.0482335542689	-0.0186262409556	-0.0188121222104	-0.06705624159	-0.00739889280213	-0.033373011614	0.0165387863738	0.00874640443028	0.0122154190033	-0.00773810074273	0.0380192081099	-0.0212755764281	-0.0310330492618	-0.0264156918952	1.0	0.0247076473239	-0.0331743150485	0.0346551143122	0.0181806585183	0.0258473987488	-0.0306808926536	0.00376939295551	-0.0548972917709	-0.0133277097622	-0.0543135963694	0.0677345940754	-0.0169777966559	-0.0463523593606	-0.0203055113692	-0.00813060948752	0.0169851465074	0.0366305564177	0.0562077934875	-0.0337675018905	0.0046762980595	-0.0231361493833	-0.027276834144	-0.0136270395556	-0.0220473778642	-0.0492347042868	0.0457121024993	0.00239148484997	-0.0174438656623	0.00122565074375	-0.0470831952464	-0.0197170168785	-0.0136236844847	-0.019542174404	-0.0201694682611	-0.00303842809057	0.0652624269376	-0.0481907535158
k__Bacteria;p__Proteobacteria;c__Betaproteobacteria;o__Burkholderiales;f__Sutterellaceae;g__Parasutterella;s__Parasutterella_excrementihominis	-0.0349142650161	-0.0687288393591	0.0157393362864	-0.0105707673675	0.0143579169403	0.00555926372545	-0.0237522363883	-0.0225365634603	-0.0408753534494	-0.0658989199363	0.0392644903316	-0.0367846636842	-0.00770910280745	0.0667636039638	0.00822172328789	0.0496656102092	0.0712924738715	0.00182251538314	-0.0079100481414	0.0129576473237	-0.0467105014994	0.0247076473239	1.0	-0.0192381213032	0.0566475339232	0.0153729307059	0.0721692202165	-0.0201034961469	-0.0048477760138	-0.0215764283525	-0.0078393814384	-0.0443468469696	-0.0397652787165	0.0248466471683	0.0147288404355	-0.0481620754433	0.0125048758334	-0.00383296989542	0.0289899245195	0.00553628104564	-0.0789584535297	-0.020219352655	0.022341152988	-0.0685373633622	0.0587467776931	-0.0136554639694	-0.0176524015118	-0.0301897294806	-0.043096708283	0.0503610959565	-0.0571441116776	-0.0502591322848	-0.0131334201241	-0.0533085233058	-0.0215209713115	0.00141574579266	0.0608997339002	0.00795800397682	-0.0185056195522
k__Bacteria;p__Actinobacteria;c__Actinobacteria;o__Bifidobacteriales;f__Bifidobacteriaceae;g__Bifidobacterium;s__Bifidobacterium_adolescentis	0.0172999490722	0.0128604638053	-0.0579296244121	0.0492602883906	0.0195803679901	0.00984283570044	-0.0227793906184	0.0531446476679	-0.0218156001949	-0.0435277906305	-0.00801348555802	-0.0210671282761	0.0252539920738	-0.0337209794898	0.018971060461	0.0320213468787	-0.0407314289554	0.0215789468464	-0.0249634298385	0.0111762833086	-0.033927924918	-0.0331743150485	-0.0192381213032	1.0	0.0922473691021	0.000980042663131	0.00112306750596	-0.0328892973796	-0.0465504376745	0.0159164120924	0.00544736155015	-0.00823837646294	-0.014927530088	0.00391777855867	-0.0509029461962	-0.0378594298024	-0.0274084620673	0.00324392082459	0.0501955386012	-0.0113271886681	-0.0437124904741	-0.0561634567128	-0.00361249457227	-0.0713086655213	-0.0458106763039	-0.0197942913558	-0.00895737530379	-0.00597195869557	0.0314419871075	0.0118613241998	0.0558456878604	-0.00455068342975	-0.0614637182633	-0.0220634424546	0.00326824287319	0.00605995094455	-0.00657909187539	0.0418183094589	0.00209503154608
k__Bacteria;p__Firmicutes;c__Clostridia;o__Clostridiales;f__Oscillospiraceae;g__Oscillibacter;s__Oscillibacter_sp._KLE_1745	-0.059543763444	-0.00367148636991	0.0226061343413	0.0328234238726	-0.00847876501976	0.00846275303049	-0.0924450653106	0.0417042302494	0.0433399235444	0.0113959743842	-0.0146428954393	-0.00615252188124	-0.0435777028915	-0.0206386553784	-0.0076263081075	-0.0424121995042	-0.0151258945931	-0.0576662607945	-0.0679359774607	-0.0384652689667	-0.0365820338677	0.0346551143122	0.0566475339232	0.0922473691021	1.0	0.0117962305281	0.00802803927835	-0.0376364810199	0.00052476733182	0.0226220235362	-0.0104326982004	-0.0823076864384	-0.0115301575896	0.00369544309996	-0.0144309180649	-0.0492987511837	-0.0427364827223	-0.0181636912996	-0.0469861665651	-0.0126733601613	-0.0481539288628	0.00915356258214	0.0253152852484	0.00370520321308	0.0127764616396	0.0258361118574	-0.0311128718621	-0.0179708327573	0.0813745597503	0.0234941106214	-0.0270783187785	-0.0348191486854	-0.0398127179356	0.0112293698733	-0.0221739253546	-0.0135289227698	-0.0134902138848	-0.0773311300022	-0.0245530696608
k__Bacteria;p__Bacteroidetes;c__Bacteroidia;o__Bacteroidales;f__Bacteroidaceae;g__Bacteroides;s__Bacteroides_coprophilus	-0.0180933112632	0.0265310394392	-0.0181413583908	0.0278547197576	-0.00456707018167	-0.0613106127285	0.00811188090134	0.0255517577787	-0.0602546157918	-0.0367004040691	0.0219136774732	-0.0299281151363	-0.0682032876342	0.108857657184	0.0297059864891	0.0468745805293	0.00275128393524	0.00553209687024	0.053239971179	0.025379356968	-0.036165395724	0.0181806585183	0.0153729307059	0.000980042663131	0.0117962305281	1.0	0.00707115644083	-0.0402716002358	0.0752542561366	0.00549106539054	-0.0374700920732	-0.0416321397476	0.0281084156186	-0.00331671314055	-0.0233111752677	-0.0421867791304	0.0200884111206	-0.0354507896982	-0.0308881102596	0.0321023073075	-0.0330618791168	0.0350146136093	0.00603913651153	-0.0476543494354	0.0269046096559	-0.0463881847403	0.0601205643328	-0.00692501919076	0.0146776005625	-0.0413070597165	-0.0328403035571	-0.0393733211219	-0.00968984651847	-0.0081417867151	-0.0179525081452	0.0258392642598	-0.0459755976677	-0.0174553529939	-0.0617110125239
k__Bacteria;p__Firmicutes;c__Clostridia;o__Clostridiales;f__Lachnospiraceae;g__Roseburia;s__Roseburia_intestinalis	0.0107825221108	-0.017744143933	-0.00514617683703	-0.0434165103599	-0.00870743165857	-0.00858846282248	-0.055365079296	-0.0199338429001	-0.0808011563931	-0.0433487556099	-0.0192060369175	0.0566419370409	-0.01868708233	-0.0458564750293	-0.0199183422902	0.0687698129001	0.0593710655542	-0.0575950097452	-0.0260203855796	-0.0583912597773	-0.00831590135039	0.0258473987488	0.0721692202165	0.00112306750596	0.00802803927835	0.00707115644083	1.0	0.0453156864763	-0.0257269832665	-0.028404762694	-0.0131766966965	0.0389859305515	0.0764417641474	-0.019384152017	0.0323395064295	-0.030370158979	0.00106124695527	-0.0393664251017	0.032624012179	-0.0241135808999	-0.0634449175143	0.0081357269073	-0.0147859865885	-0.000341790812857	-0.00572142461515	-0.0220323003151	-0.052507714802	-0.0500502286235	0.0206713103824	0.00716801308917	-0.0676449785649	-0.0317093901547	-0.0594921990878	-0.0491869165566	0.00683950079664	-0.0346859055178	0.0252410885268	-0.00759203652428	-0.0640541101576
k__Bacteria;p__Firmicutes;c__Clostridia;o__Clostridiales;f__Lachnospiraceae;g__Roseburia;s__Roseburia_hominis	0.00796708811574	0.00102653543265	-0.0315610969611	-0.0366789207644	0.0156429366727	-0.0287944167038	-0.0014912967182	0.0411985412109	-0.0496692352719	-0.0430908629491	-0.011909207521	0.0555833214798	0.00330854064847	-0.0207444105698	-0.0497869658076	-0.00855214934629	-0.0431392352542	-0.0140407167883	-0.0789247304008	0.0257470882012	-0.0364817094929	-0.0306808926536	-0.0201034961469	-0.0328892973796	-0.0376364810199	-0.0402716002358	0.0453156864763	1.0	0.0535021348345	0.0331153763977	-0.0305385377912	-0.0245306697785	0.0418135088164	0.0182560996748	-0.00747666932672	-0.00555218873398	-0.04608009924	0.0127197309864	0.0317499651943	-0.0310182651988	0.00675782361304	-0.0364019358666	-0.025432644237	0.005878507808	-0.0338951331444	-0.0323519291715	-0.000466729834517	0.0235267066788	-0.0251308186548	0.00614105702719	0.00609515385057	-0.00150340468362	-0.0239627377009	-2.09558728876e-05	-0.0256424084177	0.0363762965724	0.00916243344667	-0.0221114189569	-0.00189521368957
k__Bacteria;p__Bacteroidetes;c__Bacteroidia;o__Bacteroidales;f__Porphyromonadaceae;g__Parabacteroides;s__Parabacteroides_johnsonii	0.0820802070131	-0.0352025127451	-0.0208307438694	-0.0364419696565	0.0266422329278	0.0426181525194	0.00974244902099	-0.0597258553523	0.00668418123241	-0.0112939547251	-0.0611966049824	-0.0274358645187	0.0537067720515	0.0114243232673	-0.0244438481891	-0.033266364241	-0.00847574056097	-0.00764759866857	-0.060548410463	0.00915885934065	0.0356863440872	0.00376939295551	-0.0048477760138	-0.0465504376745	0.00052476733182	0.0752542561366	-0.0257269832665	0.0535021348345	1.0	-0.0402985330678	0.0268313523755	-0.0394723272708	-0.0412501370736	0.0342042089239	0.0184269838384	-0.00763808499808	-0.0224133600613	-0.0423850881787	0.0310832919139	0.000872316984355	0.0255816081033	-0.012035409526	-0.0511143422493	-0.019914278756	-0.00728316552022	0.0247627575487	0.0135243142826	0.0641174615356	0.0614647130644	0.00426800232238	-0.0163603486659	-0.0248331250935	-0.0187652781184	-0.0202226538071	-0.0656866642867	0.0211352819626	-0.0458261534713	-0.0360869514043	-0.00426791071513
k__Bacteria;p__Actinobacteria;c__Actinobacteria;o__Bifidobacteriales;f__Bifidobacteriaceae;g__Bifidobacterium;s__Bifidobacterium_longum	-0.0675527479354	0.0309613348761	-0.0461484086848	0.0256086976316	-0.0206502107143	-0.0328929213732	0.0292141877198	-0.0210695752151	0.0818879796935	6.58183614591e-05	-0.00254815499335	-0.0920129367311	-0.0421397322196	-0.0222438298096	0.0349874331437	0.00198598563106	-0.0191894529888	0.0258677998219	0.0772315577064	-0.000588619936743	-0.0545070385903	-0.0548972917709	-0.0215764283525	0.0159164120924	0.0226220235362	0.00549106539054	-0.028404762694	0.0331153763977	-0.0402985330678	1.0	-0.0645332282316	-0.0281565504993	-0.021855260103	-0.0076389748919	-0.0190222818006	-0.0402442939977	0.0193425908324	-0.0164355432931	-0.0539884125158	-0.0236245423843	0.0290024913999	-0.0279409492548	-0.0514227161323	-0.0226268577689	-0.009588696467	0.0400068121756	0.012709376786	-0.023647273418	-0.0318115399971	0.00412059394703	0.0375357112448	0.0133609121953	0.0326232481678	-0.0240247365495	-0.0250072370472	0.0259465323367	0.0323937472533	-0.0374450806335	-0.0194529437076
