#taxonomy	k__Bacteria;p__Bacteroidetes;c__Bacteroidia;o__Bacteroidales;f__Bacteroidaceae;g__Bacteroides;s__Bacteroides_vulgatus	k__Bacteria;p__Bacteroidetes;c__Bacteroidia;o__Bacteroidales;f__Bacteroidaceae;g__Bacteroides;s__Bacteroides_uniformis	k__Bacteria;p__Bacteroidetes;c__Bacteroidia;o__Bacteroidales;f__Rikenellaceae;g__Alistipes;s__Alistipes_putredinis	k__Bacteria;p__Bacteroidetes;c__Bacteroidia;o__Bacteroidales;f__Prevotellaceae;g__Prevotella;s__Prevotella_copri	k__Bacteria;p__Bacteroidetes;c__Bacteroidia;o__Bacteroidales;f__Bacteroidaceae;g__Bacteroides;s__Bacteroides_stercoris	k__Bacteria;p__Bacteroidetes;c__Bacteroidia;o__Bacteroidales;f__Bacteroidaceae;g__Bacteroides;s__Bacteroides_ovatus	k__Bacteria;p__Bacteroidetes;c__Bacteroidia;o__Bacteroidales;f__Rikenellaceae;g__Alistipes;s__Alistipes_shahii	k__Bacteria;p__Firmicutes;c__Clostridia;o__Clostridiales;f__Ruminococcaceae;g__Faecalibacterium;s__Faecalibacterium_prausnitzii	k__Bacteria;p__Bacteroidetes;c__Bacteroidia;o__Bacteroidales;f__Rikenellaceae;g__Alistipes;s__Alistipes_finegoldii	k__Bacteria;p__Bacteroidetes;c__Bacteroidia;o__Bacteroidales;f__Porphyromonadaceae;g__Parabacteroides;s__Parabacteroides_distasonis	k__Bacteria;p__Bacteroidetes;c__Bacteroidia;o__Bacteroidales;f__Bacteroidaceae;g__Bacteroides;s__Bacteroides_thetaiotaomicron	k__Bacteria;p__Bacteroidetes;c__Bacteroidia;o__Bacteroidales;f__Bacteroidaceae;g__Bacteroides;s__Bacteroides_coprocola	k__Bacteria;p__Bacteroidetes;c__Bacteroidia;o__Bacteroidales;f__Bacteroidaceae;g__Bacteroides;s__Bacteroides_cellulosilyticus	k__Bacteria;p__Bacteroidetes;c__Bacteroidia;o__Bacteroidales;f__Rikenellaceae;g__Alistipes;s__Alistipes_obesi	k__Bacteria;p__Firmicutes;c__Clostridia;o__Clostridiales;f__Lachnospiraceae;g__;s__[Eubacterium]_rectale	k__Bacteria;p__Bacteroidetes;c__Bacteroidia;o__Bacteroidales;f__Bacteroidaceae;g__Bacteroides;s__Bacteroides_plebeius	k__Bacteria;p__Bacteroidetes;c__Bacteroidia;o__Bacteroidales;f__Bacteroidaceae;g__Bacteroides;s__Bacteroides_fragilis	k__Bacteria;p__Proteobacteria;c__Betaproteobacteria;o__Burkholderiales;f__Sutterellaceae;g__Sutterella;s__Sutterella_wadsworthensis	k__Bacteria;p__Bacteroidetes;c__Bacteroidia;o__Bacteroidales;f__Porphyromonadaceae;g__Barnesiella;s__Barnesiella_intestinihominis	k__Bacteria;p__Bacteroidetes;c__Bacteroidia;o__Bacteroidales;f__Odoribacteraceae;g__Odoribacter;s__Odoribacter_splanchnicus	k__Bacteria;p__Bacteroidetes;c__Bacteroidia;o__Bacteroidales;f__Bacteroidaceae;g__Bacteroides;s__Bacteroides_salyersiae	k__Bacteria;p__Firmicutes;c__Clostridia;o__Clostridiales;f__Ruminococcaceae;g__Ruminiclostridium;s__[Eubacterium]_siraeum	k__Bacteria;p__Proteobacteria;c__Betaproteobacteria;o__Burkholderiales;f__Sutterellaceae;g__Parasutterella;s__Parasutterella_excrementihominis	k__Bacteria;p__Actinobacteria;c__Actinobacteria;o__Bifidobacteriales;f__Bifidobacteriaceae;g__Bifidobacterium;s__Bifidobacterium_adolescentis	k__Bacteria;p__Firmicutes;c__Clostridia;o__Clostridiales;f__Oscillospiraceae;g__Oscillibacter;s__Oscillibacter_sp._KLE_1745	k__Bacteria;p__Bacteroidetes;c__Bacteroidia;o__Bacteroidales;f__Bacteroidaceae;g__Bacteroides;s__Bacteroides_coprophilus	k__Bacteria;p__Firmicutes;c__Clostridia;o__Clostridiales;f__Lachnospiraceae;g__Roseburia;s__Roseburia_intestinalis	k__Bacteria;p__Firmicutes;c__Clostridia;o__Clostridiales;f__Lachnospiraceae;g__Roseburia;s__Roseburia_hominis	k__Bacteria;p__Bacteroidetes;c__Bacteroidia;o__Bacteroidales;f__Porphyromonadaceae;g__Parabacteroides;s__Parabacteroides_johnsonii	k__Bacteria;p__Actinobacteria;c__Actinobacteria;o__Bifidobacteriales;f__Bifidobacteriaceae;g__Bifidobacterium;s__Bifidobacterium_longum	k__Bacteria;p__Firmicutes;c__Clostridia;o__Clostridiales;f__;g__Flavonifractor;s__Flavonifractor_plautii	k__Bacteria;p__Firmicutes;c__Clostridia;o__Clostridiales;f__Clostridiaceae;g__Clostridium;s__Clostridium_phoceensis	k__Bacteria;p__Verrucomicrobia;c__Verrucomicrobiae;o__Verrucomicrobiales;f__Akkermansiaceae;g__Akkermansia;s__Akkermansia_muciniphila	k__Bacteria;p__Bacteroidetes;c__Bacteroidia;o__Bacteroidales;f__Prevotellaceae;g__Paraprevotella;s__Paraprevotella_xylaniphila	k__Bacteria;p__Firmicutes;c__Clostridia;o__Clostridiales;f__Ruminococcaceae;g__Ruminococcus;s__Ruminococcus_callidus	k__Bacteria;p__Bacteroidetes;c__Bacteroidia;o__Bacteroidales;f__Rikenellaceae;g__Alistipes;s__Alistipes_senegalensis	k__Bacteria;p__Firmicutes;c__Clostridia;o__Clostridiales;f__Lachnospiraceae;g__Blautia;s__Blautia_sp._KLE_1732	k__Bacteria;p__Bacteroidetes;c__Bacteroidia;o__Bacteroidales;f__Bacteroidaceae;g__Bacteroides;s__Bacteroides_oleiciplenus	k__Bacteria;p__Firmicutes;c__Clostridia;o__Clostridiales;f__Ruminococcaceae;g__Ruminococcus;s__Ruminococcus_bicirculans	k__Bacteria;p__Bacteroidetes;c__Bacteroidia;o__Bacteroidales;f__Bacteroidaceae;g__Bacteroides;s__Bacteroides_fluxus	k__Bacteria;p__Bacteroidetes;c__Bacteroidia;o__Bacteroidales;f__Prevotellaceae;g__Prevotella;s__Prevotella_stercorea	k__Bacteria;p__Firmicutes;c__Clostridia;o__Clostridiales;f__Lachnospiraceae;g__Dorea;s__Dorea_longicatena	k__Bacteria;p__Firmicutes;c__Clostridia;o__Clostridiales;f__Eubacteriaceae;g__Eubacterium;s__[Eubacterium]_eligens	k__Bacteria;p__Firmicutes;c__Clostridia;o__Clostridiales;f__Ruminococcaceae;g__;s__Ruminococcaceae_bacterium_D16	k__Bacteria;p__Firmicutes;c__Clostridia;o__Clostridiales;f__Lachnospiraceae;g__Coprococcus;s__Coprococcus_comes	k__Bacteria;p__Proteobacteria;c__Gammaproteobacteria;o__Enterobacterales;f__Enterobacteriaceae;g__Escherichia;s__Escherichia_coli	k__Bacteria;p__Firmicutes;c__Clostridia;o__Clostridiales;f__Ruminococcaceae;g__Anaerotruncus;s__Anaerotruncus_colihominis	k__Bacteria;p__Firmicutes;c__Clostridia;o__Clostridiales;f__Lachnospiraceae;g__Blautia;s__Blautia_obeum	k__Bacteria;p__Bacteroidetes;c__Bacteroidia;o__Bacteroidales;f__Odoribacteraceae;g__Odoribacter;s__Odoribacter_laneus	k__Bacteria;p__Firmicutes;c__Clostridia;o__Clostridiales;f__Ruminococcaceae;g__Ruminiclostridium;s__[Clostridium]_leptum	k__Bacteria;p__Bacteroidetes;c__Bacteroidia;o__Bacteroidales;f__Porphyromonadaceae;g__Parabacteroides;s__Parabacteroides_goldsteinii	k__Bacteria;p__Firmicutes;c__Clostridia;o__Clostridiales;f__Lachnospiraceae;g__Anaerostipes;s__Anaerostipes_hadrus	k__Bacteria;p__Firmicutes;c__Clostridia;o__Clostridiales;f__Ruminococcaceae;g__Ruminococcus;s__Ruminococcus_lactaris	k__Bacteria;p__Firmicutes;c__Clostridia;o__Clostridiales;f__Clostridiaceae;g__Clostridium;s__Clostridium_sp._L2-50	k__Bacteria;p__Firmicutes;c__Clostridia;o__Clostridiales;f__Clostridiaceae;g__Clostridium;s__Clostridium_sp._M62/1	k__Bacteria;p__Firmicutes;c__Clostridia;o__Clostridiales;f__;g__Intestinimonas;s__Intestinimonas_butyriciproducens	k__Bacteria;p__Actinobacteria;c__Actinobacteria;o__Bifidobacteriales;f__Bifidobacteriaceae;g__Bifidobacterium;s__Bifidobacterium_bifidum	k__Bacteria;p__Firmicutes;c__Negativicutes;o__Veillonellales;f__Veillonellaceae;g__Dialister;s__Dialister_invisus	k__Bacteria;p__Bacteroidetes;c__Bacteroidia;o__Bacteroidales;f__Bacteroidaceae;g__Bacteroides;s__Bacteroides_salanitronis
k__Bacteria;p__Bacteroidetes;c__Bacteroidia;o__Bacteroidales;f__Bacteroidaceae;g__Bacteroides;s__Bacteroides_vulgatus	1.0	0.0551742769543	-0.0204028666524	0.0375823243686	-0.00573596628988	-0.0348219484796	-0.0486152028705	-0.0451230199761	0.0704861389675	-0.0449805869529	0.0125438218037	0.0575524237412	-0.0162337661207	0.0702770572598	-0.00381558679496	-0.0858075527051	-0.017862816089	0.0156221948445	0.0394503231303	0.0872305696198	0.0322138187085	-0.000679340334753	0.00301860466076	0.0392281735214	-0.00986403166437	0.0545857126044	-0.0512032795696	0.011128613862	-0.0379109739646	0.0718326876144	-0.040563934908	-0.0844583677768	-0.0115476295183	-0.0590985617438	-0.0204170995037	0.0139171020879	0.00815008819281	-0.038445240375	-0.016553285172	-0.00741017151041	0.0194412841573	-0.00399781511341	0.00847157377416	-0.0314823836709	-0.0188638103146	-0.027501346447	-0.0106454092571	-0.085786915377	-0.0157420820317	-0.00557785861095	-0.00448682525602	-0.0272294314953	0.00510405191964	-0.0410372352535	0.0189794677174	-0.00363249708553	-0.0584491878063	0.0371800129686	0.0151230571279
k__Bacteria;p__Bacteroidetes;c__Bacteroidia;o__Bacteroidales;f__Bacteroidaceae;g__Bacteroides;s__Bacteroides_uniformis	0.0551742769543	1.0	0.0383550499424	0.0789524738169	0.00972717942014	-0.0128315965751	0.0178389129704	-0.0186592462427	-0.0369362552992	-0.0739325931551	0.000563436524897	-0.050542403091	0.0054128270104	-0.0278568097536	0.0350042438096	-0.0339744592623	-0.00690660468953	-0.0279197581641	-0.016131616261	0.00706231836142	0.0160650982357	-0.00137465461208	-0.0780812633767	0.00634534049277	-0.100081303007	0.025929269268	-0.0898077023464	0.0243523327197	-0.0057589087016	0.00269373817759	0.0249559730994	-0.0921648281111	-0.0569478458513	0.02389333363	0.0184127594629	0.0427588299983	0.0109649099484	-0.00759911596306	-0.0253671497071	-0.0334990781813	-0.00883811332206	0.0518025923814	-0.122416320979	-0.0525377474281	-0.00404755376379	-0.0633723960669	-0.0249979916974	0.000535942792753	0.00324126298855	0.00461201133378	-0.0147820464943	-0.0167573590773	-0.00945065125307	0.0148134419628	0.030121620104	0.000244834973071	-0.0360761556369	-0.00239288466087	-0.0265242814674
k__Bacteria;p__Bacteroidetes;c__Bacteroidia;o__Bacteroidales;f__Rikenellaceae;g__Alistipes;s__Alistipes_putredinis	-0.0204028666524	0.0383550499424	1.0	0.00554046655782	-0.0278541665642	0.0537409844275	0.0385480969333	0.0615926195975	-0.0141893679986	-0.0608495261829	0.000114784076736	0.0764129141269	-0.0151502099511	-0.00818860038933	-0.0353366979103	-0.0467180066391	-0.0244213635027	-0.0522634661191	-0.0390691652646	-0.0487691569635	-0.0298886021576	0.0693783305375	-0.016678392286	-0.0326348173836	-0.0490746148386	0.0138792694818	0.0526921968455	-0.0141301088745	0.0279643296391	-0.00322644133208	-0.0341649384572	-0.036483692731	0.0183510235644	0.0245834206592	0.0110560610386	-0.0310127706951	0.0328298701088	-0.00391655262567	0.100260658411	-0.0797524569831	-0.0109474312733	-0.0533975158465	-0.00896701895158	0.0103710144091	2.82049960698e-05	-0.0219020730468	-0.0203470181487	-0.0858107081101	-0.075508980069	0.0047653243877	0.0403736705982	-0.0284110531189	0.0162124691424	-0.00657827371033	-0.0709101162555	0.0438812542135	-0.0352016144468	-0.040647657115	0.0315928382922
k__Bacteria;p__Bacteroidetes;c__Bacteroidia;o__Bacteroidales;f__Prevotellaceae;g__Prevotella;s__Prevotella_copri	0.0375823243686	0.0789524738169	0.00554046655782	1.0	0.00815570633883	0.0205815422728	-0.010277106332	-0.00957270535634	-0.0168983832941	-0.0522577022226	0.00183591644248	-0.00991526699909	0.0142560165591	-0.050766888937	-0.00966337226751	0.0234810594689	0.0231437798122	-0.0117811401166	0.0160551090438	0.00633219570293	-0.00873065902983	-0.0148053022984	0.00162994509729	0.0134114828682	-0.090125346834	0.0584144080354	-0.0308131929487	-0.0350512520063	-0.0276479381437	0.0464229756581	0.0131082028012	0.00665945203871	-0.00804267429166	-0.0311169662501	0.0449825908831	-0.0590110005838	0.0274817601626	0.00976754177421	-0.0488426948485	-0.0749333816857	0.0335472204377	0.016276170454	0.00122690270052	-0.0186434508172	0.0564703692448	-0.0516053270397	0.0208179104219	0.0261511483718	-0.0347892789188	-0.0230491105256	-0.0304665835139	-0.0265111707799	0.0395082411564	-0.00374652858227	-0.040270133594	-0.130529307413	0.0153501629733	-0.0265359098801	-0.0820176530277
k__Bacteria;p__Bacteroidetes;c__Bacteroidia;o__Bacteroidales;f__Bacteroidaceae;g__Bacteroides;s__Bacteroides_stercoris	-0.00573596628988	0.00972717942014	-0.0278541665642	0.00815570633883	1.0	0.00106931021264	-0.00910611902103	-0.0634801602003	-0.0133066790802	-0.000140762542209	-0.00571998070894	0.0789960954831	-0.0164534328128	0.0531618072856	0.00419707990192	-0.00114735945274	-0.044025733674	-0.0476827715162	-0.0433870189813	-0.0400755049422	-0.0203778749713	0.0244686857354	0.041517426782	0.0220846893841	0.00874693208421	-0.0538796655667	0.0245953730918	0.0129430820042	-0.00751323362715	-0.0318817010357	-0.0326562802549	-0.0036817173228	-0.011508899343	0.0878836159596	-0.0210587906953	-0.0260583338349	-0.00129197599377	-0.0455547601095	-0.0409979431561	-0.0552356662074	0.0608214887255	0.033680246305	-0.0601301047354	-0.0472162417194	0.0172158469561	0.00345257111337	0.013106822497	0.00587032092069	-0.101949052743	0.0169589949197	-0.00858898905133	0.00603351729082	0.032589153272	0.036530290989	-0.0442414125882	-0.0116088163428	-0.0470090052338	-0.0155588734075	0.0136146479726
k__Bacteria;p__Bacteroidetes;c__Bacteroidia;o__Bacteroidales;f__Bacteroidaceae;g__Bacteroides;s__Bacteroides_ovatus	-0.0348219484796	-0.0128315965751	0.0537409844275	0.0205815422728	0.00106931021264	1.0	-0.0619885406362	0.0502153174517	0.0152035777916	0.0196816707163	-0.0601008111169	-0.0658371908595	-0.0656244629259	-0.0122802893836	-0.0189873988859	0.00729383657497	-0.0407412964226	0.0183077971259	-0.0268874801453	0.0337680719236	-0.0521564092517	0.0271063465857	-0.0405069821248	-0.0500886427134	0.0223892784449	-0.0663856298718	-0.0172263387848	0.047825888559	-0.0293572643959	-0.0515690393331	-0.0235184593541	-0.0428256731411	-0.0302175754254	-0.00827229926938	-0.0383404678154	-0.0712948510875	0.0252897863965	0.048501465553	0.00742571070616	-0.0562224137943	-0.0495553553155	0.022333220873	0.0419240264209	-0.0736318832889	-0.127199337722	0.0485969731576	0.00152016257084	-0.0240227829513	0.0491319716568	0.0165434550579	0.0302098171406	-0.000671204069704	0.0277373576035	-0.0231239284112	0.0224295072203	-0.0526386016118	0.00849226706395	-0.0273458920762	-0.00547264776091
k__Bacteria;p__Bacteroidetes;c__Bacteroidia;o__Bacteroidales;f__Rikenellaceae;g__Alistipes;s__Alistipes_shahii	-0.0486152028705	0.0178389129704	0.0385480969333	-0.010277106332	-0.00910611902103	-0.0619885406362	1.0	-0.0239991215181	0.0217794359783	0.0587495096693	-0.0115525802353	0.00949965495897	-0.00933366992117	0.0693027630588	-0.00936631949474	-0.00314715226787	-0.00475058449322	-0.0477156863527	0.0419673318783	0.0271903544124	-0.0207045367018	-0.0326263190202	0.0291186759722	0.0247704212089	-0.0418560550087	-0.0943838029489	0.0202650334549	0.0344699458878	0.0516741797429	-0.0210248860332	-0.0244755580989	-0.0244968350077	-0.0803960344436	-0.0274798501187	-0.026536444097	-0.00563147493028	0.0414544537992	0.0136998604708	0.0102803774278	-0.0200081628555	-0.0675755710961	-0.0301405110459	-0.0396106961116	-0.0272906647251	-0.0227409275549	0.0389657590159	-0.0913763387998	-0.00766727435611	-0.055834035982	-0.017574405223	0.0278368772454	0.00702467490645	-0.0477834192196	0.0464416735453	0.0129938353329	0.00630196145403	0.0220266800568	0.00722235132325	-0.0212786521819
k__Bacteria;p__Firmicutes;c__Clostridia;o__Clostridiales;f__Ruminococcaceae;g__Faecalibacterium;s__Faecalibacterium_prausnitzii	-0.0451230199761	-0.0186592462427	0.0615926195975	-0.00957270535635	-0.0634801602003	0.0502153174517	-0.0239991215181	1.0	-0.0135537079533	-0.00434510869952	0.00497172830721	-0.0165772591282	-0.0108599158195	0.0522194731369	0.0280179966747	0.0364519821041	0.0230074033521	-0.0391688908316	-0.0555083277033	-0.0453064306339	0.00229664850538	0.0127960422101	-0.0430214700168	-0.0330483368282	-0.0376015834873	0.0313831773535	0.00013783118667	-0.0370141739623	0.0269845857623	-0.0558518816164	-0.0255957014627	-0.0239753863081	-0.0046485704947	-0.0480001684328	0.0188239167157	-0.00103714231545	0.00625722593813	0.0415556848353	0.0479393865448	0.0296609258517	-0.0441402392873	-0.00578465107852	0.00306261075404	0.0674692681214	-0.0158232628577	-0.00315174012692	0.0189389466298	-0.0174610917233	-0.0151652865789	0.0048039846546	0.0211254380196	0.0381727014333	0.0325351596977	-8.99590866941e-05	-0.0372783944873	-0.0589099185711	-0.063816864784	-0.059183321503	0.0232259171155
k__Bacteria;p__Bacteroidetes;c__Bacteroidia;o__Bacteroidales;f__Rikenellaceae;g__Alistipes;s__Alistipes_finegoldii	0.0704861389675	-0.0369362552992	-0.0141893679986	-0.0168983832941	-0.0133066790802	0.0152035777916	0.0217794359783	-0.0135537079533	1.0	-0.0184397926795	-0.00109781552321	-0.044482339456	0.0189178307346	-0.00890759500117	-0.0051354139962	-0.0493661984021	0.0190301134626	0.0262530428466	-0.0495721173845	0.0399242052236	-0.00437944487268	-0.00980660265634	0.0270795334494	-0.00479995390127	-0.0223876009341	0.0205787494214	0.0307050875062	-0.0193213898812	-0.00769730048553	0.0253198138506	0.00742419802648	0.0066685770951	-0.0537530145289	-0.0284515326512	-0.0159905123754	0.00666449797344	0.000493308377692	0.0161553136985	-0.01002526206	0.00686383667975	-0.0046787258657	-0.00631579393675	0.00149157123623	0.0450400150077	0.00309200420687	-0.00116229899806	-0.00486326548693	-0.0377393225598	0.0143112158316	-0.00905605268152	-0.0543127625783	-0.0738184050252	-0.00936809937178	-0.0329995332221	-0.0277405850766	0.00115951371154	-0.0883215541918	0.0261464785441	-0.00923627173104
k__Bacteria;p__Bacteroidetes;c__Bacteroidia;o__Bacteroidales;f__Porphyromonadaceae;g__Parabacteroides;s__Parabacteroides_distasonis	-0.0449805869529	-0.0739325931551	-0.0608495261829	-0.0522577022226	-0.000140762542209	0.0196816707163	0.0587495096693	-0.00434510869952	-0.0184397926795	1.0	0.0401036303814	-0.01265257656	-0.040255122276	-0.0518186813602	-0.0567836284939	0.0640886038762	-0.0324218149798	-0.0575778105921	0.0162554489444	-0.0196935811454	-0.0503880764002	-0.0208080380562	0.0104884432378	0.0367084670545	0.00905541469766	0.0619177421667	-0.033266324876	-0.0388825752844	-0.041132139969	0.0406602502365	-0.0506822843761	0.122754476971	-0.0292300328576	-0.0020421593802	-0.0492378333914	0.00732652666503	0.0200824240742	0.021460723686	0.0715361281155	-0.0139663157164	0.00621135566399	0.0208660549752	0.0226792638613	-0.0250268704265	0.0489421177989	0.0209708833467	-0.00451580851432	-0.0555995675975	-0.0476894666624	-0.0152886624686	-0.0622037194913	-0.0188887911395	0.0666789254942	0.0145527571837	-0.0398116559466	0.00484602162155	-0.0101327207446	0.00739763018773	-0.0312551369573
k__Bacteria;p__Bacteroidetes;c__Bacteroidia;o__Bacteroidales;f__Bacteroidaceae;g__Bacteroides;s__Bacteroides_thetaiotaomicron	0.0125438218037	0.000563436524897	0.000114784076736	0.00183591644248	-0.00571998070894	-0.0601008111169	-0.0115525802353	0.00497172830721	-0.00109781552321	0.0401036303814	1.0	-0.0344732363263	-0.0180367598579	0.0564006233824	0.0190992723399	-0.0441216122033	-0.0293207214069	-0.0401704762102	0.0267571092023	-0.0656779565071	0.00311688632789	-0.0105359513156	0.0129822809522	0.0261729607987	0.013995952078	0.00888558581289	-0.00540300602145	-0.0508234752827	-0.0608761110388	-0.00758347496996	0.0314972621176	-0.0403478244844	0.0363058118264	-0.0494330558127	0.00974550304739	0.0140907190945	-0.0122709392675	0.0413441380811	-0.045282909755	-0.0103276203158	-0.0681192287848	0.00240567701157	-0.000755363047686	0.00849287489742	0.00504715268103	0.0232715722224	-0.0159999238244	-0.0152797451918	-0.0484805180298	0.0137221268219	-0.0334576993926	0.0251429638455	-0.0158353441212	-0.0155626254349	0.00564034579192	-0.024122233085	-0.0453245507672	0.0111985349763	-0.0329554279251
k__Bacteria;p__Bacteroidetes;c__Bacteroidia;o__Bacteroidales;f__Bacteroidaceae;g__Bacteroides;s__Bacteroides_coprocola	0.0575524237412	-0.050542403091	0.0764129141269	-0.00991526699909	0.0789960954831	-0.0658371908595	0.00949965495897	-0.0165772591282	-0.044482339456	-0.01265257656	-0.0344732363263	1.0	-0.0219537211738	-0.00551853059297	0.0374303662123	0.0376552382846	-0.0575366199788	-0.0100293076203	0.0196182297296	-0.0200660121222	0.00345986388417	-0.00106019882078	0.0217268003873	0.0167090202991	-0.0480922844708	-0.0526628390471	-0.00511089576993	-0.00786566663673	0.00615793045502	-0.0122145683903	-0.035922287183	0.0623457408154	0.00948114877263	-0.0770641640908	-0.00629459476737	-0.0410195599486	0.0219334685929	-0.0366702077753	-0.0325298597298	0.00220196235403	-0.00680033210255	-0.0112629238791	-0.0536531904531	-0.0451080764437	-0.0217883248735	0.0180898601757	-0.000715086063356	-0.0143369123715	0.0436680696627	0.0136619463727	-0.0537397064843	0.0342472693609	-0.0233454270331	0.0422283440383	-0.0282070910805	0.0509692850984	-0.0154770035102	-0.0318045858449	0.00217382118279
k__Bacteria;p__Bacteroidetes;c__Bacteroidia;o__Bacteroidales;f__Bacteroidaceae;g__Bacteroides;s__Bacteroides_cellulosilyticus	-0.0162337661207	0.0054128270104	-0.0151502099511	0.0142560165591	-0.0164534328128	-0.0656244629259	-0.00933366992117	-0.0108599158195	0.0189178307346	-0.040255122276	-0.0180367598579	-0.0219537211738	1.0	-0.0713216442553	0.0349474558823	-0.0143407035045	-0.024493115134	-0.00620064730865	-0.0165877241609	0.0421445868672	-0.0512465199632	-0.0412296903055	0.0342614085517	-0.00917975826839	-0.0417083692789	0.0160454881239	0.0524502394341	-0.00174279127998	-0.00748352570854	-0.000906702051753	-0.019005879871	0.00236462724661	0.00265153271732	0.00038966075761	0.00206126092364	-0.0393350236556	-0.0499339111039	0.0753419169561	-0.0301315931162	-0.0271977757434	-0.0518630712772	0.0252974005465	0.00131910477374	-0.036803992028	-0.00803207050032	0.0278431536981	-0.0869027652832	0.00239899617205	0.00603374255133	0.0452968121293	-0.0212863543913	-0.00150446237695	-0.136218159491	-0.00585040662398	-0.0902627258542	-0.0115648431907	0.00995840998586	-0.0201799702249	-0.0111709293578
k__Bacteria;p__Bacteroidetes;c__Bacteroidia;o__Bacteroidales;f__Rikenellaceae;g__Alistipes;s__Alistipes_obesi	0.0702770572598	-0.0278568097536	-0.00818860038933	-0.050766888937	0.0531618072856	-0.0122802893836	0.0693027630588	0.0522194731369	-0.00890759500117	-0.0518186813602	0.0564006233824	-0.00551853059297	-0.0713216442553	1.0	-0.0446346999018	-0.0703753776049	0.0239964221284	-0.000236253891929	-0.0406148904994	-0.0590583875228	-0.00976737612874	-0.0112132270085	-0.0541907546473	0.0106404875245	-0.0537968341422	-0.0579847460936	0.0168846720984	0.0308095029032	-0.0168305656393	-0.0592872564139	0.000455093900515	0.0055272228359	-0.0682615640761	-0.0426682073708	0.0386885183393	0.0272013549141	0.0535456756511	0.0239440645232	-0.0388548621023	-0.0108308219614	-0.0444082226004	-0.0553389328198	-0.00167791975235	0.0131582757259	-0.0934465940861	-0.0178935131005	0.000844378780148	-0.0177915121404	-0.0534748938047	0.0032412835401	0.074914977308	-0.0268700722388	-0.0304157571423	0.0149385606945	0.0605545436062	0.0284246503548	-0.00418247228027	0.00869434228172	0.0057425931947
k__Bacteria;p__Firmicutes;c__Clostridia;o__Clostridiales;f__Lachnospiraceae;g__;s__[Eubacterium]_rectale	-0.00381558679496	0.0350042438096	-0.0353366979103	-0.00966337226751	0.00419707990192	-0.0189873988859	-0.00936631949474	0.0280179966747	-0.0051354139962	-0.0567836284939	0.0190992723399	0.0374303662123	0.0349474558823	-0.0446346999018	1.0	-0.0388989393582	-0.0136574032103	0.0127287347581	-0.015217342963	-0.0764600655276	0.0147161545476	-0.0367474088497	-0.0376328587963	0.0336925382513	-0.0483943552549	0.0346928000601	-0.0236052807783	-0.0151630329361	0.055580509235	-0.057930659984	-0.00806069350855	-0.029137924523	-0.0226663620222	0.00278417353704	-0.00320344329237	0.00892787288019	-0.0112663284605	-0.0191932678146	0.00292197931748	0.0513358803038	0.000109782213272	0.0247008505622	-0.0316856721933	0.0483604826257	-0.00333438819311	0.0380687266164	-0.0659630118013	0.0313126269934	0.032557695931	0.0152130515071	0.0403800412671	0.00199580732924	-0.042323016683	-0.0161558444449	-0.00545412548753	0.0107529414615	-0.0313030823809	0.0406084046844	-0.0251368835007
k__Bacteria;p__Bacteroidetes;c__Bacteroidia;o__Bacteroidales;f__Bacteroidaceae;g__Bacteroides;s__Bacteroides_plebeius	-0.0858075527051	-0.0339744592623	-0.0467180066391	0.0234810594689	-0.00114735945274	0.00729383657497	-0.00314715226787	0.0364519821041	-0.0493661984021	0.0640886038762	-0.0441216122033	0.0376552382846	-0.0143407035045	-0.0703753776049	-0.0388989393582	1.0	-0.044903327287	0.00669580008464	0.0911963123319	0.015132802296	-0.0115999983761	-0.0172745565391	0.0244201177692	-0.0208016982083	-0.0612653952696	0.0540154460688	-0.0755708094048	0.0737488856943	-0.0352008835166	-0.0148562111367	0.000950590502318	0.0264741953633	0.0412035400595	-0.0528545523121	-0.0611664495602	-0.0432203341405	-0.066754801483	0.0279703761595	0.0148433743892	-0.0125840935536	-0.0175240496531	-0.0389760744591	-0.00907622196116	0.0928346040152	-0.0116875328482	-0.109023641893	0.0179565588895	0.0445515056801	-0.0307116119342	0.00158305195759	-0.0487947076875	-0.0146933313424	0.0329218137511	-0.0299736313655	0.0544618463739	0.0137903454235	0.0115043005807	-0.00260292318114	-0.0075616557668
k__Bacteria;p__Bacteroidetes;c__Bacteroidia;o__Bacteroidales;f__Bacteroidaceae;g__Bacteroides;s__Bacteroides_fragilis	-0.017862816089	-0.00690660468953	-0.0244213635027	0.0231437798122	-0.044025733674	-0.0407412964226	-0.00475058449322	0.0230074033521	0.0190301134626	-0.0324218149798	-0.0293207214069	-0.0575366199788	-0.024493115134	0.0239964221284	-0.0136574032103	-0.044903327287	1.0	-0.012365559965	0.014759489854	-0.00628574049193	0.00713589658256	-0.0043170460737	-0.027281743095	-0.0943537234932	-0.0612458552313	0.0124011722285	0.0173189698868	-0.0340274274136	0.0554444556131	-0.0694223979252	0.0104015487822	0.0044821355083	-0.0514791168163	-0.0380009590688	0.00658490964282	0.0667804901473	-0.0561940613382	-0.00648776022265	-0.0239881867791	-0.0172868596076	-0.00292649249819	0.00678258297539	-0.0746131253503	0.0112915038107	-0.0531101414807	0.000566332305819	-0.00095984992635	-0.0143999990463	0.0213804990252	0.0677339504226	0.012631601453	0.0179627654228	-0.0275260097374	-0.0140859395627	-0.104304151678	-0.0504697152794	0.00550443530914	-0.0357108083662	0.0180843517597
k__Bacteria;p__Proteobacteria;c__Betaproteobacteria;o__Burkholderiales;f__Sutterellaceae;g__Sutterella;s__Sutterella_wadsworthensis	0.0156221948445	-0.0279197581641	-0.0522634661191	-0.0117811401166	-0.0476827715162	0.0183077971259	-0.0477156863527	-0.0391688908316	0.0262530428466	-0.0575778105921	-0.0401704762102	-0.0100293076203	-0.00620064730865	-0.000236253891929	0.0127287347581	0.00669580008464	-0.012365559965	1.0	0.0179457559794	-0.0551607381548	0.0220858086691	-0.0583417004671	0.030141710785	0.0197612860663	0.00798189737713	0.0376912752629	0.0164787551314	0.0266380616653	0.000577205345804	0.000437993360313	0.0104212371476	0.0310008938873	-0.00506598927626	0.00533135537352	-0.0293038068656	0.00985617135889	0.0509268230214	0.0175341983603	-0.0103366966624	0.104945394071	-0.0273617423641	-0.0441464171704	0.0134351168496	-0.0305651646897	-0.0235211673325	0.0283101272639	-0.0145853743621	-0.0382119845369	0.0758166748289	-0.00344371483671	0.023687513553	0.0166015251655	-0.0607341186726	-0.0130477621439	0.0117667447134	-0.0811609928832	0.0280313367573	-0.053121595535	-0.0439692865835
k__Bacteria;p__Bacteroidetes;c__Bacteroidia;o__Bacteroidales;f__Porphyromonadaceae;g__Barnesiella;s__Barnesiella_intestinihominis	0.0394503231303	-0.016131616261	-0.0390691652646	0.0160551090438	-0.0433870189813	-0.0268874801453	0.0419673318783	-0.0555083277033	-0.0495721173845	0.0162554489444	0.0267571092023	0.0196182297296	-0.0165877241609	-0.0406148904994	-0.015217342963	0.0911963123319	0.014759489854	0.0179457559794	1.0	-0.0479018654703	0.0164870311896	0.0317208991851	0.0344634308452	-0.0200514762837	0.0400534353113	0.00646766918456	-0.0475400332669	0.048336244176	0.0127213661036	0.0201063635777	0.0417746025402	-0.00170184138305	-0.0221913124783	-0.0193960165143	-0.0887037904416	0.0136384510829	0.0639244049133	-0.000983462353577	-0.0373531162666	-0.0314964001189	0.00749622563447	0.0410406599028	-0.0416152956077	0.00704737774227	-0.012981097672	0.0451960338018	-0.0323882652497	-0.0237430992596	0.00341749414427	0.0166278055897	0.0265393456847	-0.0134804743728	-0.0310190103108	-0.0240411073642	-0.0277013504857	0.0190036009204	-0.026537216362	-0.042674042557	-0.0234719010473
k__Bacteria;p__Bacteroidetes;c__Bacteroidia;o__Bacteroidales;f__Odoribacteraceae;g__Odoribacter;s__Odoribacter_splanchnicus	0.0872305696198	0.00706231836142	-0.0487691569635	0.00633219570293	-0.0400755049422	0.0337680719236	0.0271903544124	-0.0453064306339	0.0399242052236	-0.0196935811454	-0.0656779565071	-0.0200660121222	0.0421445868672	-0.0590583875228	-0.0764600655276	0.015132802296	-0.00628574049193	-0.0551607381548	-0.0479018654703	1.0	-0.0677936435805	-0.0273637590502	-0.0330331703871	-0.0559221293938	0.000238750835464	0.0247298459283	0.0585810119489	-5.51781614884e-05	0.0238563395823	0.0290513686012	0.0579523741213	0.00610027215716	-0.037685417519	-0.0105172872527	0.0256552338107	0.0158076807621	0.0184527148655	0.0391415592982	-0.0365073185807	-0.0846752903095	0.00407344628273	-0.0137112337373	-0.061867726094	-0.0195369874219	-0.00578771323059	-0.014262207249	-0.0138275251952	-0.0421895578317	-0.0228063746283	0.0168345489631	0.0265556204918	0.0971454256239	0.00484609125166	0.0613415818796	-0.00892129005273	0.00178986251092	0.0458994267933	-0.00251595567446	-0.0303228011158
k__Bacteria;p__Bacteroidetes;c__Bacteroidia;o__Bacteroidales;f__Bacteroidaceae;g__Bacteroides;s__Bacteroides_salyersiae	0.0322138187085	0.0160650982357	-0.0298886021576	-0.00873065902983	-0.0203778749713	-0.0521564092517	-0.0207045367018	0.00229664850538	-0.00437944487268	-0.0503880764002	0.00311688632789	0.00345986388417	-0.0512465199632	-0.00976737612874	0.0147161545476	-0.0115999983761	0.00713589658256	0.0220858086691	0.0164870311896	-0.0677936435805	1.0	-0.0595703078721	0.00134640909974	-0.0371339825152	0.0191854106433	-0.0536961292935	-0.0277186544394	-0.00836936602202	0.023354334059	0.0150400321209	0.0297357153807	-0.0710192509184	0.0364675624811	-0.0633372523951	0.0126091524348	-0.0357416543267	-0.000949610828516	0.0357206176317	-0.0434504560964	-0.0180718387092	0.000294578099546	0.0141877055295	-0.00267353841839	0.0401883508388	-0.0301009329142	0.0403653633103	0.0111142203053	-0.000180595271501	-0.0175396780602	-0.0856977938843	0.0323978732263	0.00886769749029	-0.0266461456953	0.0457692766556	0.0317338502563	-0.0102757117652	0.0427788338247	-0.0037922700907	-0.0368625384648
k__Bacteria;p__Firmicutes;c__Clostridia;o__Clostridiales;f__Ruminococcaceae;g__Ruminiclostridium;s__[Eubacterium]_siraeum	-0.000679340334753	-0.00137465461208	0.0693783305375	-0.0148053022984	0.0244686857354	0.0271063465857	-0.0326263190202	0.0127960422101	-0.00980660265634	-0.0208080380562	-0.0105359513156	-0.00106019882078	-0.0412296903055	-0.0112132270085	-0.0367474088497	-0.0172745565391	-0.0043170460737	-0.0583417004671	0.0317208991851	-0.0273637590502	-0.0595703078721	1.0	-0.0260484353215	0.0194761396412	0.0656564099094	0.0068459810665	0.00819010811798	-0.0105902903942	-0.0513612713728	-0.0129845859541	0.0158296285426	-0.0130363635956	-0.00896468726535	-0.0827544180967	-0.00779794652533	-0.0352078304827	0.0303065665709	0.0190667259889	-0.0165143551153	-0.0512810799733	0.00993859999204	0.00082202950501	0.00176021586261	0.0172114416832	0.0066757922391	-0.0211601934785	-0.0180666808994	-0.0385381605881	-0.00187809304906	0.0206866506153	-0.0931949715966	-0.0593002609678	0.0566266792015	-0.0184394252285	-0.0452561178558	-0.0424964258556	-0.0166555861857	-0.0303415575822	0.0788894756803
k__Bacteria;p__Proteobacteria;c__Betaproteobacteria;o__Burkholderiales;f__Sutterellaceae;g__Parasutterella;s__Parasutterella_excrementihominis	0.00301860466076	-0.0780812633767	-0.016678392286	0.00162994509729	0.041517426782	-0.0405069821248	0.0291186759722	-0.0430214700168	0.0270795334494	0.0104884432378	0.0129822809522	0.0217268003873	0.0342614085517	-0.0541907546473	-0.0376328587963	0.0244201177692	-0.027281743095	0.030141710785	0.0344634308452	-0.0330331703871	0.00134640909974	-0.0260484353215	1.0	-0.00715999987883	-0.0703623787125	0.00827661159831	-0.0196824587133	-0.030857008656	-0.0319821186825	0.0341183026724	-0.0692965846221	0.0830477883457	0.0479675135707	-0.0148759839488	-0.0114050772008	0.0163039062648	-0.0266303456208	0.0408138597988	0.0323652390217	-0.00215183219202	-0.053567996339	-0.0110352963676	-0.0817655105576	-0.0367173586424	0.0391442889747	-0.011738558826	-0.00951580740267	-0.0291457780784	0.011730057485	-0.0828883221392	0.0244947709169	0.0161516384476	0.0366294261148	-0.0193802966426	0.0542657822722	0.0232790178523	0.0720590202617	0.0450826149988	0.0066625681016
k__Bacteria;p__Actinobacteria;c__Actinobacteria;o__Bifidobacteriales;f__Bifidobacteriaceae;g__Bifidobacterium;s__Bifidobacterium_adolescentis	0.0392281735214	0.00634534049277	-0.0326348173836	0.0134114828682	0.0220846893841	-0.0500886427134	0.0247704212089	-0.0330483368282	-0.00479995390127	0.0367084670545	0.0261729607987	0.0167090202991	-0.00917975826839	0.0106404875245	0.0336925382513	-0.0208016982083	-0.0943537234932	0.0197612860663	-0.0200514762837	-0.0559221293938	-0.0371339825152	0.0194761396412	-0.00715999987883	1.0	-0.0173376245798	-0.0244300383131	0.0378003765719	-0.0316833340217	0.0398867920647	0.0330080430877	-0.0157879419826	-0.0284920092534	-0.0513417340884	0.00198567097922	-0.0636115638046	0.0302487807311	0.0586516288553	-0.0324753193313	0.0319387385394	-0.0361462695597	-0.00276595890557	-0.0271383718027	0.0222348996145	-0.0279210275411	-0.00853477346043	0.0160501879718	-0.0346280537213	-0.0483491770938	0.000855725953738	-0.0584310058345	-0.038516314936	-0.0534879618114	-0.0419380667749	0.0263500538304	-0.0305978750886	-0.0412317728199	0.0543095853567	-0.0500133979596	0.0307531571188
k__Bacteria;p__Firmicutes;c__Clostridia;o__Clostridiales;f__Oscillospiraceae;g__Oscillibacter;s__Oscillibacter_sp._KLE_1745	-0.00986403166437	-0.100081303007	-0.0490746148386	-0.090125346834	0.00874693208421	0.0223892784449	-0.0418560550087	-0.0376015834873	-0.0223876009341	0.00905541469766	0.013995952078	-0.0480922844708	-0.0417083692789	-0.0537968341422	-0.0483943552549	-0.0612653952696	-0.0612458552313	0.00798189737713	0.0400534353113	0.000238750835464	0.0191854106433	0.0656564099094	-0.0703623787125	-0.0173376245798	1.0	-0.000588670172035	-0.0423771594935	-0.0183039294229	-0.0304531495149	0.010726177803	0.032303740748	0.0210720612752	-0.00472490917201	0.0209648237207	0.00280438897686	-0.00483289173355	0.0314304269009	-0.014074342421	-0.00611653026064	-0.0443059353762	-0.0354968902116	-0.00995551543428	0.0212964619376	0.0235565040784	0.0225152775816	-0.0257547146667	0.0352089141431	0.0264851361044	-0.0257930639947	-0.00848791817585	-0.0713255425775	-0.0187476419114	-0.0140526695921	0.0249704411946	-0.0382926384267	0.0625580178874	-0.0750118453029	-0.0486662188429	0.0137760734724
k__Bacteria;p__Bacteroidetes;c__Bacteroidia;o__Bacteroidales;f__Bacteroidaceae;g__Bacteroides;s__Bacteroides_coprophilus	0.0545857126044	0.025929269268	0.0138792694818	0.0584144080354	-0.0538796655667	-0.0663856298718	-0.0943838029489	0.0313831773535	0.0205787494214	0.0619177421667	0.00888558581289	-0.0526628390471	0.0160454881239	-0.0579847460936	0.0346928000601	0.0540154460688	0.0124011722285	0.0376912752629	0.00646766918456	0.0247298459283	-0.0536961292935	0.0068459810665	0.00827661159831	-0.0244300383131	-0.000588670172035	1.0	-0.00887679419649	0.0231754287572	0.0216131685039	0.0158497049881	0.00469571973072	-0.0134691167149	0.0327950826316	-0.00890131765381	-0.0164703800784	-0.0621440401394	-0.0596767877205	-0.0241959044938	0.00717696992384	-0.0449893032059	0.000903351486919	0.00170519168883	0.0480906829381	-0.0413075616122	0.0362766164159	-0.0103245118491	-0.0386515860041	-0.00983863377	-0.0662418736134	-0.0114150212408	-0.0275314481245	-0.0656456705929	0.0355468906159	-0.0123607149002	-0.0223320110842	-0.0256914742069	-0.0751043419816	0.052974814633	-0.026605273768
k__Bacteria;p__Firmicutes;c__Clostridia;o__Clostridiales;f__Lachnospiraceae;g__Roseburia;s__Roseburia_intestinalis	-0.0512032795696	-0.0898077023464	0.0526921968455	-0.0308131929487	0.0245953730918	-0.0172263387848	0.0202650334549	0.00013783118667	0.0307050875062	-0.033266324876	-0.00540300602145	-0.00511089576993	0.0524502394341	0.0168846720984	-0.0236052807783	-0.0755708094048	0.0173189698868	0.0164787551314	-0.0475400332669	0.0585810119489	-0.0277186544394	0.00819010811798	-0.0196824587133	0.0378003765719	-0.0423771594935	-0.00887679419649	1.0	-0.014585462299	-0.00879204188273	0.0238435147964	-0.0212925048995	0.0158787961393	-0.003939591591	-0.0104375167692	0.0183868165448	-0.0235167670564	0.0756154393174	-0.0940948762272	-0.0312864325465	-0.0281638199236	0.00104500302098	-0.0296088944383	0.070059742015	-0.0217229396239	0.0186501644455	0.00271048124263	0.00237881932556	-0.0148986449964	-0.00771955596228	0.0390568367895	-0.0288996072937	-0.0608047694653	0.0129814366565	-0.0429035787558	-0.0285850912051	0.0238206145133	0.0657951280729	0.0182284249544	0.0368816165606
k__Bacteria;p__Firmicutes;c__Clostridia;o__Clostridiales;f__Lachnospiraceae;g__Roseburia;s__Roseburia_hominis	0.011128613862	0.0243523327197	-0.0141301088745	-0.0350512520063	0.0129430820042	0.047825888559	0.0344699458878	-0.0370141739623	-0.0193213898812	-0.0388825752844	-0.0508234752827	-0.00786566663673	-0.00174279127998	0.0308095029032	-0.0151630329361	0.0737488856943	-0.0340274274136	0.0266380616653	0.048336244176	-5.51781614884e-05	-0.00836936602202	-0.0105902903942	-0.030857008656	-0.0316833340217	-0.0183039294229	0.0231754287572	-0.014585462299	1.0	-0.0375850248378	-0.076161664206	0.0203814599611	-0.0491865380513	0.0191275416232	0.00687999044108	0.0133800182314	-0.0264621332111	-0.0402222940937	-0.0671901579013	0.0165227401989	-0.0478876889692	0.0395997935973	-0.0213410913769	0.000557247445676	-0.0762706157151	-0.00959742166414	0.0375005127265	-0.00842839829494	0.0254892004474	-0.00768723711687	0.0332562991149	-0.0140084989103	0.00286842405158	0.033226927998	0.0172678947196	0.0545600513693	0.0269506855871	-0.0135590314647	-0.0349548720466	-0.031129124589
k__Bacteria;p__Bacteroidetes;c__Bacteroidia;o__Bacteroidales;f__Porphyromonadaceae;g__Parabacteroides;s__Parabacteroides_johnsonii	-0.0379109739646	-0.0057589087016	0.0279643296391	-0.0276479381437	-0.00751323362715	-0.0293572643959	0.0516741797429	0.0269845857623	-0.00769730048553	-0.041132139969	-0.0608761110388	0.00615793045502	-0.00748352570854	-0.0168305656393	0.055580509235	-0.0352008835166	0.0554444556131	0.000577205345804	0.0127213661036	0.0238563395823	0.023354334059	-0.0513612713728	-0.0319821186825	0.0398867920647	-0.0304531495149	0.0216131685039	-0.00879204188273	-0.0375850248378	1.0	-0.0481327300476	-0.0358840365652	0.00712569676121	-0.065672255684	0.0158316254298	0.0181293223516	-0.00961226183144	-0.0811355294032	-0.033391722852	-0.00419468312877	-0.0696041563344	-0.0506390307286	-0.039009948329	-0.00964536092404	-0.0150277819781	-0.0137143226968	0.0784495245452	-0.00444338750292	0.00324781698243	0.0477228001144	0.049785601037	0.00913845342043	-0.0134275067323	-0.0531301908828	-0.0653474277241	-0.00245771166883	-0.0203506415744	0.0381774084882	0.0560173011323	-0.082405431957
k__Bacteria;p__Actinobacteria;c__Actinobacteria;o__Bifidobacteriales;f__Bifidobacteriaceae;g__Bifidobacterium;s__Bifidobacterium_longum	0.0718326876144	0.00269373817759	-0.00322644133208	0.0464229756581	-0.0318817010357	-0.0515690393331	-0.0210248860332	-0.0558518816164	0.0253198138506	0.0406602502365	-0.00758347496996	-0.0122145683903	-0.000906702051753	-0.0592872564139	-0.057930659984	-0.0148562111367	-0.0694223979252	0.000437993360313	0.0201063635777	0.0290513686012	0.0150400321209	-0.0129845859541	0.0341183026724	0.0330080430877	0.010726177803	0.0158497049881	0.0238435147964	-0.076161664206	-0.0481327300476	1.0	-0.0197479843476	-0.0579374182706	0.0104048251037	0.0331877717033	0.00851961166669	0.022446720922	0.00899011755803	-0.0037633087048	-0.0635531313585	-0.0121295062042	-0.0370429537848	-0.0210740087255	-0.050332814598	0.0135774282421	-0.0321013870381	-0.0114863682429	-0.0321273230154	-0.00938110010194	0.0304131288945	0.0159957288997	0.00367293817095	0.00391338088211	-0.00901703976908	-0.0105281559497	-0.0219009122517	0.0331265386694	-0.071094044548	0.00930059645711	0.0663086544823
