#taxonomy	k__Bacteria;p__Bacteroidetes;c__Bacteroidia;o__Bacteroidales;f__Bacteroidaceae;g__Bacteroides;s__Bacteroides_vulgatus	k__Bacteria;p__Bacteroidetes;c__Bacteroidia;o__Bacteroidales;f__Bacteroidaceae;g__Bacteroides;s__Bacteroides_uniformis	k__Bacteria;p__Bacteroidetes;c__Bacteroidia;o__Bacteroidales;f__Rikenellaceae;g__Alistipes;s__Alistipes_putredinis	k__Bacteria;p__Bacteroidetes;c__Bacteroidia;o__Bacteroidales;f__Prevotellaceae;g__Prevotella;s__Prevotella_copri	k__Bacteria;p__Bacteroidetes;c__Bacteroidia;o__Bacteroidales;f__Bacteroidaceae;g__Bacteroides;s__Bacteroides_stercoris	k__Bacteria;p__Bacteroidetes;c__Bacteroidia;o__Bacteroidales;f__Bacteroidaceae;g__Bacteroides;s__Bacteroides_ovatus	k__Bacteria;p__Bacteroidetes;c__Bacteroidia;o__Bacteroidales;f__Rikenellaceae;g__Alistipes;s__Alistipes_shahii	k__Bacteria;p__Firmicutes;c__Clostridia;o__Clostridiales;f__Ruminococcaceae;g__Faecalibacterium;s__Faecalibacterium_prausnitzii	k__Bacteria;p__Bacteroidetes;c__Bacteroidia;o__Bacteroidales;f__Rikenellaceae;g__Alistipes;s__Alistipes_finegoldii	k__Bacteria;p__Bacteroidetes;c__Bacteroidia;o__Bacteroidales;f__Porphyromonadaceae;g__Parabacteroides;s__Parabacteroides_distasonis	k__Bacteria;p__Bacteroidetes;c__Bacteroidia;o__Bacteroidales;f__Bacteroidaceae;g__Bacteroides;s__Bacteroides_thetaiotaomicron	k__Bacteria;p__Bacteroidetes;c__Bacteroidia;o__Bacteroidales;f__Bacteroidaceae;g__Bacteroides;s__Bacteroides_coprocola	k__Bacteria;p__Bacteroidetes;c__Bacteroidia;o__Bacteroidales;f__Bacteroidaceae;g__Bacteroides;s__Bacteroides_cellulosilyticus	k__Bacteria;p__Bacteroidetes;c__Bacteroidia;o__Bacteroidales;f__Rikenellaceae;g__Alistipes;s__Alistipes_obesi	k__Bacteria;p__Firmicutes;c__Clostridia;o__Clostridiales;f__Lachnospiraceae;g__;s__[Eubacterium]_rectale	k__Bacteria;p__Bacteroidetes;c__Bacteroidia;o__Bacteroidales;f__Bacteroidaceae;g__Bacteroides;s__Bacteroides_plebeius	k__Bacteria;p__Bacteroidetes;c__Bacteroidia;o__Bacteroidales;f__Bacteroidaceae;g__Bacteroides;s__Bacteroides_fragilis	k__Bacteria;p__Proteobacteria;c__Betaproteobacteria;o__Burkholderiales;f__Sutterellaceae;g__Sutterella;s__Sutterella_wadsworthensis	k__Bacteria;p__Bacteroidetes;c__Bacteroidia;o__Bacteroidales;f__Porphyromonadaceae;g__Barnesiella;s__Barnesiella_intestinihominis	k__Bacteria;p__Bacteroidetes;c__Bacteroidia;o__Bacteroidales;f__Odoribacteraceae;g__Odoribacter;s__Odoribacter_splanchnicus	k__Bacteria;p__Bacteroidetes;c__Bacteroidia;o__Bacteroidales;f__Bacteroidaceae;g__Bacteroides;s__Bacteroides_salyersiae	k__Bacteria;p__Firmicutes;c__Clostridia;o__Clostridiales;f__Ruminococcaceae;g__Ruminiclostridium;s__[Eubacterium]_siraeum	k__Bacteria;p__Proteobacteria;c__Betaproteobacteria;o__Burkholderiales;f__Sutterellaceae;g__Parasutterella;s__Parasutterella_excrementihominis	k__Bacteria;p__Actinobacteria;c__Actinobacteria;o__Bifidobacteriales;f__Bifidobacteriaceae;g__Bifidobacterium;s__Bifidobacterium_adolescentis	k__Bacteria;p__Firmicutes;c__Clostridia;o__Clostridiales;f__Oscillospiraceae;g__Oscillibacter;s__Oscillibacter_sp._KLE_1745	k__Bacteria;p__Bacteroidetes;c__Bacteroidia;o__Bacteroidales;f__Bacteroidaceae;g__Bacteroides;s__Bacteroides_coprophilus	k__Bacteria;p__Firmicutes;c__Clostridia;o__Clostridiales;f__Lachnospiraceae;g__Roseburia;s__Roseburia_intestinalis	k__Bacteria;p__Firmicutes;c__Clostridia;o__Clostridiales;f__Lachnospiraceae;g__Roseburia;s__Roseburia_hominis	k__Bacteria;p__Bacteroidetes;c__Bacteroidia;o__Bacteroidales;f__Porphyromonadaceae;g__Parabacteroides;s__Parabacteroides_johnsonii	k__Bacteria;p__Actinobacteria;c__Actinobacteria;o__Bifidobacteriales;f__Bifidobacteriaceae;g__Bifidobacterium;s__Bifidobacterium_longum	k__Bacteria;p__Firmicutes;c__Clostridia;o__Clostridiales;f__;g__Flavonifractor;s__Flavonifractor_plautii	k__Bacteria;p__Firmicutes;c__Clostridia;o__Clostridiales;f__Clostridiaceae;g__Clostridium;s__Clostridium_phoceensis	k__Bacteria;p__Verrucomicrobia;c__Verrucomicrobiae;o__Verrucomicrobiales;f__Akkermansiaceae;g__Akkermansia;s__Akkermansia_muciniphila	k__Bacteria;p__Bacteroidetes;c__Bacteroidia;o__Bacteroidales;f__Prevotellaceae;g__Paraprevotella;s__Paraprevotella_xylaniphila	k__Bacteria;p__Firmicutes;c__Clostridia;o__Clostridiales;f__Ruminococcaceae;g__Ruminococcus;s__Ruminococcus_callidus	k__Bacteria;p__Bacteroidetes;c__Bacteroidia;o__Bacteroidales;f__Rikenellaceae;g__Alistipes;s__Alistipes_senegalensis	k__Bacteria;p__Firmicutes;c__Clostridia;o__Clostridiales;f__Lachnospiraceae;g__Blautia;s__Blautia_sp._KLE_1732	k__Bacteria;p__Bacteroidetes;c__Bacteroidia;o__Bacteroidales;f__Bacteroidaceae;g__Bacteroides;s__Bacteroides_oleiciplenus	k__Bacteria;p__Firmicutes;c__Clostridia;o__Clostridiales;f__Ruminococcaceae;g__Ruminococcus;s__Ruminococcus_bicirculans	k__Bacteria;p__Bacteroidetes;c__Bacteroidia;o__Bacteroidales;f__Bacteroidaceae;g__Bacteroides;s__Bacteroides_fluxus	k__Bacteria;p__Bacteroidetes;c__Bacteroidia;o__Bacteroidales;f__Prevotellaceae;g__Prevotella;s__Prevotella_stercorea	k__Bacteria;p__Firmicutes;c__Clostridia;o__Clostridiales;f__Lachnospiraceae;g__Dorea;s__Dorea_longicatena	k__Bacteria;p__Firmicutes;c__Clostridia;o__Clostridiales;f__Eubacteriaceae;g__Eubacterium;s__[Eubacterium]_eligens	k__Bacteria;p__Firmicutes;c__Clostridia;o__Clostridiales;f__Ruminococcaceae;g__;s__Ruminococcaceae_bacterium_D16	k__Bacteria;p__Firmicutes;c__Clostridia;o__Clostridiales;f__Lachnospiraceae;g__Coprococcus;s__Coprococcus_comes	k__Bacteria;p__Proteobacteria;c__Gammaproteobacteria;o__Enterobacterales;f__Enterobacteriaceae;g__Escherichia;s__Escherichia_coli	k__Bacteria;p__Firmicutes;c__Clostridia;o__Clostridiales;f__Ruminococcaceae;g__Anaerotruncus;s__Anaerotruncus_colihominis	k__Bacteria;p__Firmicutes;c__Clostridia;o__Clostridiales;f__Lachnospiraceae;g__Blautia;s__Blautia_obeum	k__Bacteria;p__Bacteroidetes;c__Bacteroidia;o__Bacteroidales;f__Odoribacteraceae;g__Odoribacter;s__Odoribacter_laneus	k__Bacteria;p__Firmicutes;c__Clostridia;o__Clostridiales;f__Ruminococcaceae;g__Ruminiclostridium;s__[Clostridium]_leptum	k__Bacteria;p__Bacteroidetes;c__Bacteroidia;o__Bacteroidales;f__Porphyromonadaceae;g__Parabacteroides;s__Parabacteroides_goldsteinii	k__Bacteria;p__Firmicutes;c__Clostridia;o__Clostridiales;f__Lachnospiraceae;g__Anaerostipes;s__Anaerostipes_hadrus	k__Bacteria;p__Firmicutes;c__Clostridia;o__Clostridiales;f__Ruminococcaceae;g__Ruminococcus;s__Ruminococcus_lactaris	k__Bacteria;p__Firmicutes;c__Clostridia;o__Clostridiales;f__Clostridiaceae;g__Clostridium;s__Clostridium_sp._L2-50	k__Bacteria;p__Firmicutes;c__Clostridia;o__Clostridiales;f__Clostridiaceae;g__Clostridium;s__Clostridium_sp._M62/1	k__Bacteria;p__Firmicutes;c__Clostridia;o__Clostridiales;f__;g__Intestinimonas;s__Intestinimonas_butyriciproducens	k__Bacteria;p__Actinobacteria;c__Actinobacteria;o__Bifidobacteriales;f__Bifidobacteriaceae;g__Bifidobacterium;s__Bifidobacterium_bifidum	k__Bacteria;p__Firmicutes;c__Negativicutes;o__Veillonellales;f__Veillonellaceae;g__Dialister;s__Dialister_invisus	k__Bacteria;p__Bacteroidetes;c__Bacteroidia;o__Bacteroidales;f__Bacteroidaceae;g__Bacteroides;s__Bacteroides_salanitronis
k__Bacteria;p__Bacteroidetes;c__Bacteroidia;o__Bacteroidales;f__Bacteroidaceae;g__Bacteroides;s__Bacteroides_vulgatus	1.0	0.00808913741038	0.00271541703891	0.0317948487784	0.0423557768435	0.0080838083825	-0.0359099228683	-0.0326345220785	-0.00532897297964	-0.0141625032426	-0.0371989670599	-0.019761078093	0.00856123429074	0.0426195108296	-0.0184180625285	-0.0482563648718	-0.00269700391794	-0.0055694656172	-0.0468835911778	-0.0134048204509	-0.0335063194175	-0.00543249931728	0.0358827657386	-0.0339875522016	-0.0420639762866	-0.0566845963873	0.0114838319877	0.00787154301346	0.0391076765784	0.0504341387428	0.00112583536145	0.0796115373885	-0.0404963006049	-0.0498738663352	-0.0368778666799	0.0564755241933	-0.051312103237	0.00325942337291	0.000661770599626	0.0178564635053	0.055335528502	-0.0521679219019	0.000333283102164	-0.0263988562896	-0.0320366520966	-0.0180754351348	0.0144740941822	-0.0859154603486	0.00531970689812	0.0162039612878	-0.0184104851924	-0.0393203530383	0.00435286084454	-0.0112551094834	0.0540902776638	0.0665959013996	-0.00537479453404	-0.0180484111341	-0.00011164639474
k__Bacteria;p__Bacteroidetes;c__Bacteroidia;o__Bacteroidales;f__Bacteroidaceae;g__Bacteroides;s__Bacteroides_uniformis	0.00808913741038	1.0	-0.054274384499	0.0156895929619	-0.0671277681512	0.00165599481619	0.0254515266031	0.0128881213098	-8.74307136475e-05	0.00702100196798	0.0404102633131	-0.0407189631171	-0.0562489731613	-0.011647761228	-0.00850839215591	-0.0221507997787	-0.0188866603432	0.0523966959034	0.07689480553	-0.00208845152073	0.0351772011923	-0.0390787290322	0.0296858350328	-0.0361711013175	0.0218428261758	0.0173622357995	-0.0267276850137	-0.00830869361641	-0.0388646694913	0.0214463127947	0.0471733111413	-0.0703740790792	-0.0334087942237	0.010457314435	-0.0610540533222	-0.0326164449639	0.0161267603462	0.0318226187211	0.00232228248119	-0.0381924172913	0.0194043749777	-0.0147222195044	-0.0191267250275	-0.0178690472825	-0.0192920294913	0.0198370292612	0.0391682546172	-0.0289069416973	-0.0659240911777	0.0162128439197	0.00544570134217	-0.0474042726036	-0.0909453278089	-0.0134578465284	0.0225071270413	0.0321323143217	0.0050003397377	0.00110807393655	-0.00186690086961
k__Bacteria;p__Bacteroidetes;c__Bacteroidia;o__Bacteroidales;f__Rikenellaceae;g__Alistipes;s__Alistipes_putredinis	0.00271541703891	-0.054274384499	1.0	-0.0390338366882	0.0452093444762	-0.0287612154696	-0.0130964260014	-0.0223699605369	0.0197226246817	0.0142450848494	0.00920250652752	0.00650646225362	0.000955961340549	0.0156565178902	-0.0436670746178	0.0238233268285	0.00206983594042	-0.00859561705369	-0.020567112422	0.00124025522911	-0.0566960333512	-0.0635945011181	-0.0688953935349	0.0107057261839	0.0298555338906	-0.02148703031	0.010646881756	-0.00877612509451	0.0265067681889	0.0252118479926	-0.0193046454971	-0.0811023439973	0.0201254668382	0.0539042416773	-0.0209456953398	-0.00564674185238	-0.0711057063738	0.0165180292137	0.0247841759641	-0.0125285254501	0.00312611305384	-0.0582804130302	0.00294050286445	-0.00864771062317	-0.00485633238782	-0.0284365674032	0.0147377360477	0.0572731419437	-0.0390967257065	-0.0592365336184	-0.00800087331357	0.0276807069369	-0.0351260669118	-0.0903348130805	0.00121436410993	0.0414714439206	0.0241749400569	-0.0506772298003	0.0515532119043
k__Bacteria;p__Bacteroidetes;c__Bacteroidia;o__Bacteroidales;f__Prevotellaceae;g__Prevotella;s__Prevotella_copri	0.0317948487784	0.0156895929619	-0.0390338366882	1.0	-0.0344953560731	-0.0432923742301	-0.0339351583908	0.00439523122947	0.0275452743468	-0.0175149232368	0.00904088990661	-0.00280704132866	0.0771638777382	0.018257537258	-0.0301218232101	0.0273229922692	0.0304168285185	-0.0310860575798	-0.0288395479571	0.051878579496	0.0473284240475	-0.0379639816169	0.0398786027822	-0.0323215531967	0.0157838328845	0.0203144794436	-0.0396794745739	-0.0108203729475	-0.00844741265633	-0.013653244131	-0.00557673336215	0.0352144453012	-0.0139142343914	-0.0147451374851	-0.0272310722211	0.00197446686503	-0.02349140155	-0.0255132771667	-0.0747415767914	0.0596578009986	0.0377520235897	0.0489131136808	0.000666527811121	-0.00668832932213	-0.00864964510656	-0.0448270396109	0.02981184975	0.0518180471474	-0.00315362270865	-0.0562754923572	-0.00198642670798	0.022909157285	-0.0254528695832	0.0267394241959	0.00660729171896	0.0593026603687	0.00616044041588	-0.00539941764821	-0.0333986360154
k__Bacteria;p__Bacteroidetes;c__Bacteroidia;o__Bacteroidales;f__Bacteroidaceae;g__Bacteroides;s__Bacteroides_stercoris	0.0423557768435	-0.0671277681512	0.0452093444762	-0.0344953560731	1.0	0.00856354419823	0.0408230759341	-0.0129856818046	0.0135752149276	-0.0141182789429	-0.0530197482042	-0.0367781846682	0.0242848496435	0.00085132461421	-0.00896283797377	-0.0222765911006	-0.0346287712105	-0.0338553859407	0.0135985459672	0.0502957064935	-0.0525679748804	-0.0289943188683	-0.0033923022869	-0.0464091258814	0.00258852365587	-0.015854856347	0.0183294599895	0.00978066969888	0.0493899389868	0.0347104352653	-0.00881670591943	0.0316731713292	-0.0432448115871	-0.041619989724	-0.0147999960251	-0.0198616248128	-0.0273896657135	0.0254739729653	0.0280454258694	0.00909342571876	0.00861372207295	0.0419571120792	0.0058096153396	-0.0490393655142	-0.0156602163552	-0.046133757513	-0.0250333145468	0.016976800809	-0.0275523493245	0.00669518534459	-0.00155392938365	-0.0200220852336	-0.0482741302461	-0.0882129442994	0.00638400871331	0.0348327160672	0.00330020649851	0.021666930297	-0.00110115978074
k__Bacteria;p__Bacteroidetes;c__Bacteroidia;o__Bacteroidales;f__Bacteroidaceae;g__Bacteroides;s__Bacteroides_ovatus	0.0080838083825	0.00165599481619	-0.0287612154696	-0.0432923742301	0.00856354419823	1.0	-0.0241328815116	0.057363479662	-0.0496265889088	-0.011962675382	-0.0481515053345	-0.000267147717999	0.0377153301951	-0.0161799969321	0.0214907716603	-0.0259543640807	-0.0124283093653	-0.0196294782672	-0.0168789124582	-0.0133473082093	0.00802932841475	0.0035434168514	-0.0001529865801	0.0297447194679	-0.0448123195802	-0.0122863270214	0.0175145535175	-0.103573549718	-0.00271354419818	0.0540201938149	0.0260856348624	0.0167004286521	-0.0361321320097	0.00423503080601	0.0474684456308	0.0109781628104	-0.0318080276287	-0.00622995957793	-0.0413968074069	0.0510107661369	0.0244834175303	-0.0233934871469	0.00416861619732	0.00713024481662	-0.0789270726369	0.0217353080054	-0.042232573304	0.0150497538882	-0.0515449181539	0.0230755202278	-0.00349729052301	-0.0425036763187	0.0186738209261	0.0253954553233	0.00388097625582	-0.0156043784993	-0.0282033060941	-0.0251958131911	-0.0952950002616
k__Bacteria;p__Bacteroidetes;c__Bacteroidia;o__Bacteroidales;f__Rikenellaceae;g__Alistipes;s__Alistipes_shahii	-0.0359099228683	0.0254515266031	-0.0130964260014	-0.0339351583908	0.0408230759341	-0.0241328815116	1.0	0.0153815246634	-0.0108147202941	0.0294654850603	0.052314553325	-0.00998595392164	0.00683775865236	0.0276601360694	-0.0363332993353	-0.0128055253759	-0.0323839166596	0.0114834598299	-0.0440115419806	0.00944387720809	0.043693625267	-0.0311504653304	0.107933220981	-0.0232683616573	-0.0337024581606	0.00446863962377	0.025207652402	0.0387771985209	-0.0205882773424	-0.0833245699039	0.0272098197612	0.0225310141592	0.0229458037978	-0.0718323774548	0.0036401216438	0.0194942616259	0.0324224021756	-0.0587516637738	-0.0168257475475	0.0104297384298	-0.0197001742245	0.0572852314782	-0.0214957298104	-0.0342145740365	-0.029354719617	0.0273082797811	-0.00316828062156	0.0337318392339	-0.0786647543921	0.0214923839483	0.00414836753214	-0.0054676656125	-0.0102131011909	0.0100461698024	-0.041163890446	0.0146343320183	-0.0544708047932	0.0441810313154	0.0126918756379
k__Bacteria;p__Firmicutes;c__Clostridia;o__Clostridiales;f__Ruminococcaceae;g__Faecalibacterium;s__Faecalibacterium_prausnitzii	-0.0326345220785	0.0128881213098	-0.0223699605369	0.00439523122947	-0.0129856818046	0.057363479662	0.0153815246634	1.0	0.0389451910439	-0.00597840527398	-0.00136973204312	-0.0349769222348	-0.0505075479601	-0.0151010035749	0.000805861619682	0.0358632534048	0.00130834812861	0.0322395661226	0.00428967700962	0.0766010152876	0.00803192821291	-0.0544195074085	0.0476419592579	-0.00614931749714	0.0092476697112	-0.0252661060744	-0.0254699253269	0.00823075932338	0.00608610495089	-0.0149548176378	-0.0277488589744	-0.0113070144887	0.00549090355648	-0.0409463281638	0.00507208427377	-0.00569770934921	-0.0613102608722	-0.0121590992942	-0.0284582157661	-0.0267526475835	0.00111890904278	0.0210752563708	-0.00193705599159	-0.00686271349245	-0.0177765698957	-0.0265531005454	0.00437282973208	-0.0248931661508	-0.026758266981	-0.0179326366593	0.00867302109595	0.0120408580328	-0.0057831210525	0.0114614602408	-0.0269982644744	0.0453893868893	-0.0221811993909	-0.084687828142	-0.0307813255057
k__Bacteria;p__Bacteroidetes;c__Bacteroidia;o__Bacteroidales;f__Rikenellaceae;g__Alistipes;s__Alistipes_finegoldii	-0.00532897297964	-8.74307136475e-05	0.0197226246817	0.0275452743468	0.0135752149276	-0.0496265889088	-0.0108147202941	0.0389451910439	1.0	-0.0259685526657	-0.0232679628026	-0.0516286820181	0.0117349700107	-0.027436234667	-0.011982632861	-0.0164727952785	0.00866519712665	0.0168731745804	-0.027031267694	0.0235480461188	-0.0195373689039	0.0188995066582	-0.0476539966991	-0.02721807156	0.00437435910855	0.026057391743	-0.00696699592455	-0.00239337005484	-0.0247088826228	0.0174228029289	-0.0679895724215	0.0412928244686	-0.0247509979328	0.0337522009128	0.00171820328919	-0.0171238918219	0.00424659217601	0.0437425112689	0.015271381581	-0.040621255568	-0.0349898680501	0.0300549349184	-0.00142728451733	0.0538828787283	-0.0442384361164	0.0466552716013	-0.0102422314897	-0.0263364075799	-0.0388117820299	0.0489894450147	-0.0572920200072	-0.0189633485227	-0.0501171614677	-0.0114806023642	-0.0319780234494	0.0493535721072	-0.00196242110639	0.0327022560384	0.00148029232118
k__Bacteria;p__Bacteroidetes;c__Bacteroidia;o__Bacteroidales;f__Porphyromonadaceae;g__Parabacteroides;s__Parabacteroides_distasonis	-0.0141625032426	0.00702100196798	0.0142450848494	-0.0175149232368	-0.0141182789429	-0.011962675382	0.0294654850603	-0.00597840527398	-0.0259685526657	1.0	0.0282661053061	-0.123313650181	0.00523989165654	-0.00798217348742	0.0449110844997	0.0449824324073	-0.0109924375027	-0.0482860520562	0.00426081442407	-0.0006915673973	0.0310840663858	-0.00495989420239	0.0198511772864	-0.000503238746708	-0.0376342449495	-0.000868624092234	0.046197846043	0.0301335148597	-0.00360367991951	-0.0296102599391	-0.0216044284848	-0.0247965487448	0.00553686987151	-0.061506821735	-0.014201690953	-0.0028172176458	-0.0226401258142	0.000811847124034	0.00307147109239	-0.0550446769202	-0.019955266828	-0.0230095813557	-0.03784915048	-0.0374376899447	-0.0162709360441	0.0352648398789	-0.0621436695791	-0.0231910610617	-0.00190252653762	-0.00967033428108	0.0139243310401	0.0148588982921	-0.0101186395252	-0.0204318872986	-0.0105070180775	-0.0172806276266	-0.0278112204193	-0.0426229006303	0.0390527361651
k__Bacteria;p__Bacteroidetes;c__Bacteroidia;o__Bacteroidales;f__Bacteroidaceae;g__Bacteroides;s__Bacteroides_thetaiotaomicron	-0.0371989670599	0.0404102633131	0.00920250652752	0.00904088990661	-0.0530197482042	-0.0481515053345	0.052314553325	-0.00136973204312	-0.0232679628026	0.0282661053061	1.0	-0.0066566388737	-0.0142159981491	-0.10015820948	0.0382590824471	0.0124352848989	-0.00986401992932	-0.0187026951122	-0.00953760851208	-0.022404259627	-0.005863723086	-0.000310215105385	0.0183580122182	-0.0151955108713	-0.0203251817517	-0.000463797398961	-0.0262654040323	0.0479477110713	-0.0106186479555	-0.0229019551157	0.0175667147041	0.0394169884109	0.0248566295777	0.0166789938153	-0.0212011282901	-0.0416840187443	-0.00706117233374	-0.0172995940942	0.00485124324451	0.0473345583373	0.0173007918804	-0.0273122871523	0.0079026893714	0.0203384440193	-6.44619461762e-05	-0.00375002928039	-0.0440257627284	-0.0434260923457	0.026789750409	0.0150103217991	0.0578614870279	-0.0354380552415	0.0333065273209	0.0254652252952	-0.0482171301497	0.0112050884624	-0.0355461059057	-0.0619464767384	0.000338660687049
k__Bacteria;p__Bacteroidetes;c__Bacteroidia;o__Bacteroidales;f__Bacteroidaceae;g__Bacteroides;s__Bacteroides_coprocola	-0.019761078093	-0.0407189631171	0.00650646225362	-0.00280704132866	-0.0367781846682	-0.000267147717999	-0.00998595392164	-0.0349769222348	-0.0516286820181	-0.123313650181	-0.0066566388737	1.0	-0.0352099054616	-0.0468358353947	-0.0355134170054	0.0020117365104	0.0293829022628	-0.0444453062907	-0.0273376833995	-0.0508813845819	-0.026566695336	-0.00548769844223	0.020203703344	0.00452672752173	-0.024357133504	0.110004121334	0.0708298167306	0.00811312605468	0.00726824492797	-0.0456456893947	-0.053693755921	0.0499764630626	-0.0163391792945	0.0286800086716	0.000888070290311	-0.0274888896629	-0.0789026611523	0.000635674195522	-0.0305339333492	-0.0262637241349	0.0544142641206	-0.00137986991191	0.00812514091112	-0.0106835302862	0.0519692064737	-0.0400767998394	0.0734915409958	-0.0367077556174	-0.0272217819564	0.0179761873356	0.0165032951194	0.00783701444478	0.0301653770967	0.0303450264199	0.00915061690051	0.0418634316259	0.038484235498	-0.000122022906479	0.000618126697351
k__Bacteria;p__Bacteroidetes;c__Bacteroidia;o__Bacteroidales;f__Bacteroidaceae;g__Bacteroides;s__Bacteroides_cellulosilyticus	0.00856123429074	-0.0562489731613	0.000955961340549	0.0771638777382	0.0242848496435	0.0377153301951	0.00683775865236	-0.0505075479601	0.0117349700107	0.00523989165654	-0.0142159981491	-0.0352099054616	1.0	-0.0584311119494	-0.0122054385129	0.0118538016594	-0.00163983332316	0.0033815503648	-0.0264438671843	-0.0416998929899	-0.000967909266799	-0.0552459935082	0.0153085953922	0.00650768841828	0.0224249391319	-0.0292754107006	-0.0255607756572	-0.0332516524745	-0.0365561373518	-0.0493221903788	0.00675199082813	-0.0220263020757	-0.0287408765413	-0.0857812838228	-0.00377553751342	-0.0440128569707	0.00935486656491	-0.000614420247598	0.0510166065505	0.0169098148435	-0.0245987992007	-0.0430390971726	0.0663910278486	0.0184943629301	0.0436346628666	-0.0270116423639	0.00509005417905	-0.0196575558618	0.00559317506764	0.0158108636622	0.0013924017843	-0.0222317229834	-0.0491461237165	0.0072687292853	0.0751638565972	-0.00148824113729	-0.0370947915093	-0.0269710348645	0.00316144532975
k__Bacteria;p__Bacteroidetes;c__Bacteroidia;o__Bacteroidales;f__Rikenellaceae;g__Alistipes;s__Alistipes_obesi	0.0426195108296	-0.011647761228	0.0156565178902	0.018257537258	0.000851324614211	-0.0161799969321	0.0276601360694	-0.0151010035749	-0.027436234667	-0.00798217348742	-0.10015820948	-0.0468358353947	-0.0584311119494	1.0	-0.0716425649267	-0.0190695787875	-0.00703962249376	-0.0537973881531	0.0725268369829	-0.0223293171974	-0.0049252451068	0.0098933032698	0.0187896518676	0.0065304602754	-0.0527247886722	-0.0580119911539	0.0393519436234	-0.0526996432443	0.0186829070737	0.0139540035772	-0.00604998279402	-0.0534485467231	-0.0352433869202	-0.0840127657304	-0.0101327506404	0.0116024152996	-0.0441666713721	-0.026884939338	-0.0202806537952	0.0426943443555	0.0376647989456	0.00598598650727	-0.0674639138116	-0.0730464417675	0.0445248479398	0.00341268425567	-0.0274183419999	-0.0368843209672	0.0176662803852	-0.0131015342352	0.016841361349	0.0430154304416	0.0161946432571	0.0138879161231	-0.0298551726331	0.0292015427565	-0.073464195524	-0.0178412739564	0.0410594667858
k__Bacteria;p__Firmicutes;c__Clostridia;o__Clostridiales;f__Lachnospiraceae;g__;s__[Eubacterium]_rectale	-0.0184180625285	-0.00850839215592	-0.0436670746178	-0.0301218232101	-0.00896283797377	0.0214907716603	-0.0363332993353	0.000805861619682	-0.011982632861	0.0449110844997	0.0382590824471	-0.0355134170054	-0.0122054385129	-0.0716425649267	1.0	0.0181640102039	0.0473627124332	-0.0122723459023	0.0016348240919	-0.0302544112793	-0.0056366928886	-0.0509108963968	0.0411884616884	-0.0130016084499	0.00190141878876	-0.00553377569742	0.0315980857366	0.0158992602581	0.0282628798109	-0.0181913972179	-0.0151475315451	0.0318837219173	-0.00536930793447	0.0104108079604	0.0163510764287	-0.0918808824937	0.00940893213213	0.0715983183924	0.0372163789355	0.0501449043057	-0.0486306146025	-0.0200653924734	0.0788579436338	0.00953521854126	-0.000521988708919	-0.0683973915681	-0.0302723038009	-0.121590927066	0.0297381275103	-0.0240123555501	-0.0251696077177	-0.0585207486784	0.0805785104035	-0.0420534753247	0.0342269937733	-0.0226855764486	-0.0351128409299	-0.035613854528	-0.00339698784616
k__Bacteria;p__Bacteroidetes;c__Bacteroidia;o__Bacteroidales;f__Bacteroidaceae;g__Bacteroides;s__Bacteroides_plebeius	-0.0482563648718	-0.0221507997787	0.0238233268285	0.0273229922692	-0.0222765911006	-0.0259543640807	-0.0128055253759	0.0358632534048	-0.0164727952785	0.0449824324073	0.0124352848989	0.0020117365104	0.0118538016594	-0.0190695787875	0.0181640102039	1.0	-0.0273269101608	0.0293731649651	0.0209727852115	0.0891363596791	-0.0689416808007	-0.00996738904339	-0.00855603104883	-0.0494216237945	0.00478993543771	0.00177152899036	0.0108290368367	0.0150370806178	0.0266271999316	0.0115464988268	-0.023015611255	-0.0283156731242	0.00403564389558	0.0144787266393	-0.00694010539733	-0.00921806481552	0.0180151265565	-0.0799393624908	-0.0538628562494	-0.00693970428455	-0.0320182385073	-0.0287036722296	0.0354376038265	-0.0291391681714	0.0109850862146	-0.0517472481931	-0.0887856344599	0.0199096791302	6.79993364227e-05	-0.0710860158723	-0.0210092210063	-0.0450129102858	-0.0216661987434	0.001788791049	-0.020336025101	-0.0123164361366	-0.0252232039439	0.0132712559145	-0.0287920921357
k__Bacteria;p__Bacteroidetes;c__Bacteroidia;o__Bacteroidales;f__Bacteroidaceae;g__Bacteroides;s__Bacteroides_fragilis	-0.00269700391794	-0.0188866603432	0.00206983594042	0.0304168285185	-0.0346287712105	-0.0124283093653	-0.0323839166596	0.00130834812861	0.00866519712665	-0.0109924375027	-0.00986401992932	0.0293829022628	-0.00163983332316	-0.00703962249376	0.0473627124332	-0.0273269101608	1.0	-0.0453729015289	-0.0146640123637	0.0163490264162	0.0389421514375	0.0226222112202	-0.010993273457	-0.0191021742953	-0.017815403506	0.0186089524665	0.0396387868034	0.0159808910995	0.0543326055134	-0.0183897727732	-0.039185027729	-0.0472069343522	-0.0414696487773	-0.0314432674714	-0.0228933261219	0.0132506480052	-0.0383073651487	-0.0514868065171	-0.0810935909575	-0.0118271042505	-0.00956039387069	-0.0326303092894	-0.0258341224899	-0.0233367051852	0.0356955203595	-0.0333290559068	-0.017652445106	0.0537619078621	-0.0398728065023	-0.0047410382181	0.0284332711086	0.0390214298747	0.0367334366781	-0.028509597739	-0.0595366837651	0.00836958430716	-0.0258696694528	0.0327780183439	-0.0387753010253
k__Bacteria;p__Proteobacteria;c__Betaproteobacteria;o__Burkholderiales;f__Sutterellaceae;g__Sutterella;s__Sutterella_wadsworthensis	-0.0055694656172	0.0523966959034	-0.00859561705369	-0.0310860575798	-0.0338553859407	-0.0196294782672	0.0114834598299	0.0322395661226	0.0168731745804	-0.0482860520562	-0.0187026951122	-0.0444453062907	0.0033815503648	-0.0537973881531	-0.0122723459023	0.0293731649651	-0.0453729015289	1.0	0.00156112754076	0.0197766377795	-0.0487945664843	0.000459018149761	0.0191142759775	-0.055463639933	-0.024855309441	0.0144254743079	-0.0415936383435	-0.0105745633153	0.0127505902214	0.0984261125278	-0.00961656269442	-0.0354162769127	0.013397695401	-0.0201218242879	-0.00192794529393	-0.00419186132447	0.0261657303042	-0.0756532463799	0.0308403420856	0.0320326773953	0.00314508149331	-0.0452920461124	-0.00359129949229	0.0352171266133	-0.00511823691208	-0.0136591875611	-0.00539904341452	-0.0379065730442	0.0186991216985	-0.0512450211452	0.0527151977686	-0.0375253532443	0.0512322805918	-0.0742688187806	-0.0117728366279	0.0404091267976	0.0279129715834	-0.020973265868	0.0113902927307
k__Bacteria;p__Bacteroidetes;c__Bacteroidia;o__Bacteroidales;f__Porphyromonadaceae;g__Barnesiella;s__Barnesiella_intestinihominis	-0.0468835911778	0.07689480553	-0.020567112422	-0.0288395479571	0.0135985459672	-0.0168789124582	-0.0440115419806	0.00428967700962	-0.027031267694	0.00426081442407	-0.00953760851208	-0.0273376833995	-0.0264438671843	0.0725268369829	0.0016348240919	0.0209727852115	-0.0146640123637	0.00156112754076	1.0	-0.0205649789445	-0.011605743836	-0.00736547656477	0.03164592937	-0.017363981776	-0.0314669819512	0.0299532046959	0.0109806248856	-0.0018635436626	-0.0011830959406	0.00607375499541	-0.0545347813558	-0.0344771672994	-0.00284656647037	-0.0660331099307	0.0317519897531	0.0086344659533	-0.0585052799108	-0.0168129536341	0.0205812046346	-0.0306115437168	0.00475289009924	0.00306742331322	-0.0842048493809	-0.0483033466127	-0.0480801495201	0.0441063566626	0.0566500442732	-0.0128573144597	-0.0421091155769	0.0128992779868	-0.0685472301566	0.00792440318052	-0.000744712138462	0.0014250807542	-0.0758285075063	-0.097149931812	-0.0570184658655	0.0211913528059	-0.051220794129
k__Bacteria;p__Bacteroidetes;c__Bacteroidia;o__Bacteroidales;f__Odoribacteraceae;g__Odoribacter;s__Odoribacter_splanchnicus	-0.0134048204509	-0.00208845152073	0.00124025522911	0.051878579496	0.0502957064935	-0.0133473082093	0.00944387720809	0.0766010152876	0.0235480461188	-0.0006915673973	-0.022404259627	-0.0508813845819	-0.0416998929899	-0.0223293171974	-0.0302544112793	0.0891363596791	0.0163490264162	0.0197766377795	-0.0205649789445	1.0	0.00289147394444	-0.0454708998226	-0.0330736880361	-0.00397219917492	-0.0640130436025	-0.0284447557878	0.0359420452698	-0.0504010798561	0.0182338501595	-0.00695126260015	-0.0293386433211	0.0356661653087	0.0396953512077	0.0323133510796	0.0270650918889	-0.00324186057145	-0.0236468434256	0.0331781916378	-0.0354290398497	-0.0512784720887	-0.0678645403621	-0.0481830420476	0.00517301094481	0.0404679958052	0.0121270646382	-0.0226103741735	-0.0347452774376	0.0497571776127	-0.0527130974158	-0.0839948394179	-0.0157585366461	-0.0969401915928	0.0230164232546	0.00121579837147	0.035507952593	-0.0457279220626	-0.011738927465	-0.0402498072899	0.0211305212211
k__Bacteria;p__Bacteroidetes;c__Bacteroidia;o__Bacteroidales;f__Bacteroidaceae;g__Bacteroides;s__Bacteroides_salyersiae	-0.0335063194175	0.0351772011923	-0.0566960333512	0.0473284240475	-0.0525679748804	0.00802932841475	0.043693625267	0.00803192821291	-0.0195373689039	0.0310840663858	-0.005863723086	-0.026566695336	-0.000967909266799	-0.0049252451068	-0.0056366928886	-0.0689416808007	0.0389421514375	-0.0487945664843	-0.011605743836	0.00289147394444	1.0	0.00344090358421	0.0569590230223	0.0199962953025	-0.00334524807101	0.0526966339881	-0.0104405214341	-0.0326109945772	-0.0451382902136	-0.000556293294394	0.0421458705773	-0.0851470984652	0.00060504836412	-0.0120373851688	-0.0184419141331	-0.00926077447598	0.065820424066	-0.0319128824157	-0.0541142340478	-0.0107486520839	-0.0257925424221	0.000932058051754	0.00602221325745	0.0200286859191	-0.0254238839951	0.0217906495737	0.0192472406216	-0.00420007181801	0.00672886847919	0.0283166429765	-0.00917647333062	-0.0308853545353	-0.10135373351	-0.0120727251527	-0.00256014431644	-0.0185115219954	0.0268811126253	-0.0398510092991	0.0176334065778
k__Bacteria;p__Firmicutes;c__Clostridia;o__Clostridiales;f__Ruminococcaceae;g__Ruminiclostridium;s__[Eubacterium]_siraeum	-0.00543249931728	-0.0390787290322	-0.0635945011181	-0.0379639816169	-0.0289943188683	0.0035434168514	-0.0311504653304	-0.0544195074085	0.0188995066582	-0.00495989420239	-0.000310215105385	-0.00548769844223	-0.0552459935082	0.0098933032698	-0.0509108963968	-0.00996738904339	0.0226222112202	0.000459018149761	-0.00736547656477	-0.0454708998226	0.00344090358421	1.0	-0.0721187851192	-0.00475123873078	0.0331536032257	0.00645890184201	-0.0327475243442	0.0165560618103	-0.0318377285245	0.0180376313548	0.00728836983129	-0.00252164324228	0.0115883867258	0.0657215093703	-0.018776915987	-0.0184033362035	0.00403625204348	-0.0112820288581	0.0246185058368	-0.0363933097288	-0.00625474302197	-0.0226038324504	-0.0490284162588	0.0318507515529	-0.00569906403067	0.0108725914033	0.018908271947	0.037407336955	0.0228926368736	0.01619956766	0.0191144182597	0.0208552162363	0.054190724928	0.00162089331756	0.0119602682648	-0.0467960581546	0.00371271076696	-0.014030804152	-0.0336683195461
k__Bacteria;p__Proteobacteria;c__Betaproteobacteria;o__Burkholderiales;f__Sutterellaceae;g__Parasutterella;s__Parasutterella_excrementihominis	0.0358827657386	0.0296858350328	-0.0688953935349	0.0398786027822	-0.0033923022869	-0.0001529865801	0.107933220981	0.0476419592579	-0.0476539966991	0.0198511772864	0.0183580122182	0.020203703344	0.0153085953922	0.0187896518676	0.0411884616884	-0.00855603104883	-0.010993273457	0.0191142759775	0.03164592937	-0.0330736880361	0.0569590230223	-0.0721187851192	1.0	-0.0398890545183	-0.0215084178601	-0.0247913938319	0.00129212583097	-0.0244945105622	-0.0608346916347	-0.0569548667073	0.0402789455398	0.00466895547923	-0.00622635625797	-0.00099899298849	0.0101215606399	-0.0222430472259	-0.0151389656339	0.0380430583955	-0.0278434897722	-0.0169747297932	-0.0217710677803	0.0520546063809	-0.0289178421521	0.0354809769998	0.0164788400858	-0.0365228025016	-0.0233558930666	0.0131576183548	-0.0289882924771	0.04006476845	0.011612624626	-0.0328962134337	-0.0581803586344	-0.0430022169519	-0.00719289573708	-0.0328792199581	-0.0572759843066	0.0132693500805	0.0511218614416
k__Bacteria;p__Actinobacteria;c__Actinobacteria;o__Bifidobacteriales;f__Bifidobacteriaceae;g__Bifidobacterium;s__Bifidobacterium_adolescentis	-0.0339875522016	-0.0361711013175	0.0107057261839	-0.0323215531967	-0.0464091258814	0.0297447194679	-0.0232683616573	-0.00614931749714	-0.0272180715599	-0.000503238746708	-0.0151955108713	0.00452672752173	0.00650768841828	0.0065304602754	-0.0130016084499	-0.0494216237945	-0.0191021742953	-0.055463639933	-0.017363981776	-0.00397219917492	0.0199962953025	-0.00475123873078	-0.0398890545183	1.0	-0.0447287694043	0.0231923172016	-0.0824148455492	0.00942904655219	-0.0101943916821	0.00980981810668	0.0671328237054	0.0329062037685	-0.0150153009629	-0.000101721274646	0.0424124622846	-0.00620430602276	-0.0326009045422	0.00622482562002	-0.0382689828753	-0.0597234034925	-0.0237431389421	0.0280318786647	0.0569219827914	0.0932244922633	-0.034304250026	-0.058491596013	0.0106228826651	-0.0237621603897	0.0365286543134	-0.00727758781188	-0.0681752930828	-0.0122732168462	0.0302010056565	0.00864080847713	-0.0367080090665	-0.0195606942445	-0.00255621059121	-0.00309018669943	-0.0223874079221
k__Bacteria;p__Firmicutes;c__Clostridia;o__Clostridiales;f__Oscillospiraceae;g__Oscillibacter;s__Oscillibacter_sp._KLE_1745	-0.0420639762866	0.0218428261758	0.0298555338906	0.0157838328845	0.00258852365587	-0.0448123195802	-0.0337024581606	0.0092476697112	0.00437435910855	-0.0376342449495	-0.0203251817517	-0.024357133504	0.0224249391319	-0.0527247886722	0.00190141878876	0.00478993543772	-0.017815403506	-0.024855309441	-0.0314669819512	-0.0640130436025	-0.00334524807101	0.0331536032257	-0.0215084178601	-0.0447287694043	1.0	-0.00380428632589	0.0325485225764	0.0323595134198	0.0202972423445	-0.019112846644	0.0389801969187	-0.00626206133079	-0.00751709957974	-0.010763155422	0.0156321346748	-0.0121656129605	-0.00270810385519	0.00220290523464	-0.0750079220733	0.0158492266328	0.0312999578848	0.0460606276898	-0.0421174293593	0.0950722442747	0.0223866282466	0.0156894361653	-0.0682110572581	-0.0307393385322	-0.0948033580935	0.00116976362621	0.0375551682142	-0.0291107546775	-0.0231616646364	0.0366065744801	-0.0434247955383	0.00503052795551	0.00918421639467	-0.0158988950061	-0.0442702643713
k__Bacteria;p__Bacteroidetes;c__Bacteroidia;o__Bacteroidales;f__Bacteroidaceae;g__Bacteroides;s__Bacteroides_coprophilus	-0.0566845963873	0.0173622357995	-0.02148703031	0.0203144794436	-0.015854856347	-0.0122863270214	0.00446863962376	-0.0252661060744	0.026057391743	-0.000868624092234	-0.000463797398961	0.110004121334	-0.0292754107006	-0.0580119911539	-0.00553377569742	0.00177152899036	0.0186089524665	0.0144254743079	0.0299532046959	-0.0284447557878	0.0526966339881	0.00645890184201	-0.0247913938319	0.0231923172016	-0.00380428632589	1.0	0.0356327743957	0.00138828344591	-0.0179251843651	-0.0153566681362	-0.0453380395576	0.00209012153124	-0.0427606766328	0.036230466719	0.0394930311044	-0.0366429894285	-0.0107994226898	0.00697297104717	-0.0433331263258	-0.028290219372	-0.0200270426526	0.0362918194434	0.00119926080541	0.0120868358925	0.00272794456711	-0.00473089662539	0.00596077114823	-0.0437599703345	-0.0401230626019	-0.00576424643091	0.035618563098	-0.00454051706157	-0.0411516650456	0.0133683235978	0.0119285501158	0.00265791504844	-0.033450561595	-0.0563027157981	0.00229111282923
k__Bacteria;p__Firmicutes;c__Clostridia;o__Clostridiales;f__Lachnospiraceae;g__Roseburia;s__Roseburia_intestinalis	0.0114838319877	-0.0267276850137	0.010646881756	-0.0396794745739	0.0183294599895	0.0175145535175	0.025207652402	-0.0254699253269	-0.00696699592455	0.046197846043	-0.0262654040323	0.0708298167306	-0.0255607756572	0.0393519436234	0.0315980857366	0.0108290368367	0.0396387868034	-0.0415936383435	0.0109806248856	0.0359420452698	-0.0104405214341	-0.0327475243442	0.00129212583097	-0.0824148455492	0.0325485225764	0.0356327743957	1.0	-0.0189699869037	-0.0100819827382	0.0160950443887	-0.0194567384344	0.0391640975605	-0.114244089151	0.020149259181	-0.0384390939564	-0.0291168488732	-0.0499545658938	0.0160734989857	0.0661476171321	-0.0264994245485	-0.0719937850234	0.0248992183385	0.0238124519491	0.000288304503264	-0.0258247390323	0.0293286909078	-0.0291764607265	-0.0533504649152	0.0234982883582	0.0114254067381	-0.012498794379	-0.0276001224577	-0.0650611904147	0.069401869856	-0.0133507838994	-0.0409924396866	-0.0388657353807	0.0798034158007	-0.039550760616
k__Bacteria;p__Firmicutes;c__Clostridia;o__Clostridiales;f__Lachnospiraceae;g__Roseburia;s__Roseburia_hominis	0.00787154301346	-0.00830869361641	-0.00877612509451	-0.0108203729475	0.00978066969888	-0.103573549718	0.0387771985209	0.00823075932338	-0.00239337005484	0.0301335148597	0.0479477110713	0.00811312605468	-0.0332516524745	-0.0526996432443	0.0158992602581	0.0150370806178	0.0159808910995	-0.0105745633153	-0.0018635436626	-0.0504010798561	-0.0326109945772	0.0165560618103	-0.0244945105622	0.00942904655219	0.0323595134198	0.00138828344591	-0.0189699869037	1.0	0.0126937120313	0.0279923766524	-0.0329930690544	0.0209113975376	0.0499384538896	-0.0331259121875	0.0273377585882	0.0125143628666	0.0012696313231	0.0259144408814	-0.0444585167498	0.00217637746976	-0.00260560312197	0.0057738822307	-0.0606207882192	0.000941247431635	-0.0104129970366	-0.0358422713103	0.01063327835	-0.0593251636169	0.0279626569975	-0.00574524066094	-0.0287308011207	-0.0428413715876	-0.0422213441379	-0.0219120665571	0.0137845620767	-0.0380458742562	0.00250946546474	-0.0153487809925	0.00411955710068
k__Bacteria;p__Bacteroidetes;c__Bacteroidia;o__Bacteroidales;f__Porphyromonadaceae;g__Parabacteroides;s__Parabacteroides_johnsonii	0.0391076765784	-0.0388646694913	0.0265067681889	-0.00844741265632	0.0493899389868	-0.00271354419818	-0.0205882773424	0.00608610495089	-0.0247088826228	-0.00360367991951	-0.0106186479555	0.00726824492797	-0.0365561373518	0.0186829070737	0.0282628798109	0.0266271999316	0.0543326055134	0.0127505902214	-0.0011830959406	0.0182338501595	-0.0451382902136	-0.0318377285245	-0.0608346916347	-0.0101943916821	0.0202972423445	-0.0179251843651	-0.0100819827382	0.0126937120313	1.0	-0.092232510723	-0.0651209686906	-0.0308204511213	0.000720951064816	0.0206211441496	-0.0579687303229	-0.0510333371847	-0.0390161535846	-0.0234670888705	0.031544722293	0.0287129557565	0.0197134166653	-0.0217259107991	-0.0225450482351	-0.0588262481729	0.0352823961455	-0.0451452928012	-0.0242733507507	0.0667123013024	-0.0512172331349	-0.00991673677239	0.0312696124399	-0.0407794081932	-0.0248770012089	-0.0698623866383	0.00338698410101	-0.0384170356041	-0.019324607463	0.0357770433976	0.0450523153393
k__Bacteria;p__Actinobacteria;c__Actinobacteria;o__Bifidobacteriales;f__Bifidobacteriaceae;g__Bifidobacterium;s__Bifidobacterium_longum	0.0504341387428	0.0214463127947	0.0252118479926	-0.013653244131	0.0347104352653	0.0540201938149	-0.0833245699039	-0.0149548176378	0.0174228029289	-0.0296102599391	-0.0229019551157	-0.0456456893947	-0.0493221903788	0.0139540035772	-0.0181913972179	0.0115464988268	-0.0183897727732	0.0984261125278	0.00607375499541	-0.00695126260015	-0.000556293294394	0.0180376313548	-0.0569548667073	0.00980981810668	-0.019112846644	-0.0153566681362	0.0160950443887	0.0279923766524	-0.092232510723	1.0	0.0388851291563	-0.0165659980941	-0.0434697418201	-0.00826522948212	0.00112685158536	0.0223484875035	0.0178976618817	-0.00745565141001	0.0748412011573	-0.00929292116877	-0.0322340709546	0.0277953843766	-0.0395693903911	-0.0356512381021	-0.0381555663728	-0.0242153674927	0.0050498164252	-0.090544800844	-0.0118956862565	-0.0434889308261	0.036641222137	0.0394155443274	-0.0204561707281	-0.00623518489052	-0.000196407633497	-0.0171280707371	-0.0611213018223	0.0395776051584	-0.0551263243744
