#taxonomy	k__Bacteria;p__Bacteroidetes;c__Bacteroidia;o__Bacteroidales;f__Bacteroidaceae;g__Bacteroides;s__Bacteroides_vulgatus	k__Bacteria;p__Bacteroidetes;c__Bacteroidia;o__Bacteroidales;f__Bacteroidaceae;g__Bacteroides;s__Bacteroides_uniformis	k__Bacteria;p__Bacteroidetes;c__Bacteroidia;o__Bacteroidales;f__Rikenellaceae;g__Alistipes;s__Alistipes_putredinis	k__Bacteria;p__Bacteroidetes;c__Bacteroidia;o__Bacteroidales;f__Prevotellaceae;g__Prevotella;s__Prevotella_copri	k__Bacteria;p__Bacteroidetes;c__Bacteroidia;o__Bacteroidales;f__Bacteroidaceae;g__Bacteroides;s__Bacteroides_stercoris	k__Bacteria;p__Bacteroidetes;c__Bacteroidia;o__Bacteroidales;f__Bacteroidaceae;g__Bacteroides;s__Bacteroides_ovatus	k__Bacteria;p__Bacteroidetes;c__Bacteroidia;o__Bacteroidales;f__Rikenellaceae;g__Alistipes;s__Alistipes_shahii	k__Bacteria;p__Firmicutes;c__Clostridia;o__Clostridiales;f__Ruminococcaceae;g__Faecalibacterium;s__Faecalibacterium_prausnitzii	k__Bacteria;p__Bacteroidetes;c__Bacteroidia;o__Bacteroidales;f__Rikenellaceae;g__Alistipes;s__Alistipes_finegoldii	k__Bacteria;p__Bacteroidetes;c__Bacteroidia;o__Bacteroidales;f__Porphyromonadaceae;g__Parabacteroides;s__Parabacteroides_distasonis	k__Bacteria;p__Bacteroidetes;c__Bacteroidia;o__Bacteroidales;f__Bacteroidaceae;g__Bacteroides;s__Bacteroides_thetaiotaomicron	k__Bacteria;p__Bacteroidetes;c__Bacteroidia;o__Bacteroidales;f__Bacteroidaceae;g__Bacteroides;s__Bacteroides_coprocola	k__Bacteria;p__Bacteroidetes;c__Bacteroidia;o__Bacteroidales;f__Bacteroidaceae;g__Bacteroides;s__Bacteroides_cellulosilyticus	k__Bacteria;p__Bacteroidetes;c__Bacteroidia;o__Bacteroidales;f__Rikenellaceae;g__Alistipes;s__Alistipes_obesi	k__Bacteria;p__Firmicutes;c__Clostridia;o__Clostridiales;f__Lachnospiraceae;g__;s__[Eubacterium]_rectale	k__Bacteria;p__Bacteroidetes;c__Bacteroidia;o__Bacteroidales;f__Bacteroidaceae;g__Bacteroides;s__Bacteroides_plebeius	k__Bacteria;p__Bacteroidetes;c__Bacteroidia;o__Bacteroidales;f__Bacteroidaceae;g__Bacteroides;s__Bacteroides_fragilis	k__Bacteria;p__Proteobacteria;c__Betaproteobacteria;o__Burkholderiales;f__Sutterellaceae;g__Sutterella;s__Sutterella_wadsworthensis	k__Bacteria;p__Bacteroidetes;c__Bacteroidia;o__Bacteroidales;f__Porphyromonadaceae;g__Barnesiella;s__Barnesiella_intestinihominis	k__Bacteria;p__Bacteroidetes;c__Bacteroidia;o__Bacteroidales;f__Odoribacteraceae;g__Odoribacter;s__Odoribacter_splanchnicus	k__Bacteria;p__Bacteroidetes;c__Bacteroidia;o__Bacteroidales;f__Bacteroidaceae;g__Bacteroides;s__Bacteroides_salyersiae	k__Bacteria;p__Firmicutes;c__Clostridia;o__Clostridiales;f__Ruminococcaceae;g__Ruminiclostridium;s__[Eubacterium]_siraeum	k__Bacteria;p__Proteobacteria;c__Betaproteobacteria;o__Burkholderiales;f__Sutterellaceae;g__Parasutterella;s__Parasutterella_excrementihominis	k__Bacteria;p__Actinobacteria;c__Actinobacteria;o__Bifidobacteriales;f__Bifidobacteriaceae;g__Bifidobacterium;s__Bifidobacterium_adolescentis	k__Bacteria;p__Firmicutes;c__Clostridia;o__Clostridiales;f__Oscillospiraceae;g__Oscillibacter;s__Oscillibacter_sp._KLE_1745	k__Bacteria;p__Bacteroidetes;c__Bacteroidia;o__Bacteroidales;f__Bacteroidaceae;g__Bacteroides;s__Bacteroides_coprophilus	k__Bacteria;p__Firmicutes;c__Clostridia;o__Clostridiales;f__Lachnospiraceae;g__Roseburia;s__Roseburia_intestinalis	k__Bacteria;p__Firmicutes;c__Clostridia;o__Clostridiales;f__Lachnospiraceae;g__Roseburia;s__Roseburia_hominis	k__Bacteria;p__Bacteroidetes;c__Bacteroidia;o__Bacteroidales;f__Porphyromonadaceae;g__Parabacteroides;s__Parabacteroides_johnsonii	k__Bacteria;p__Actinobacteria;c__Actinobacteria;o__Bifidobacteriales;f__Bifidobacteriaceae;g__Bifidobacterium;s__Bifidobacterium_longum	k__Bacteria;p__Firmicutes;c__Clostridia;o__Clostridiales;f__;g__Flavonifractor;s__Flavonifractor_plautii	k__Bacteria;p__Firmicutes;c__Clostridia;o__Clostridiales;f__Clostridiaceae;g__Clostridium;s__Clostridium_phoceensis	k__Bacteria;p__Verrucomicrobia;c__Verrucomicrobiae;o__Verrucomicrobiales;f__Akkermansiaceae;g__Akkermansia;s__Akkermansia_muciniphila	k__Bacteria;p__Bacteroidetes;c__Bacteroidia;o__Bacteroidales;f__Prevotellaceae;g__Paraprevotella;s__Paraprevotella_xylaniphila	k__Bacteria;p__Firmicutes;c__Clostridia;o__Clostridiales;f__Ruminococcaceae;g__Ruminococcus;s__Ruminococcus_callidus	k__Bacteria;p__Bacteroidetes;c__Bacteroidia;o__Bacteroidales;f__Rikenellaceae;g__Alistipes;s__Alistipes_senegalensis	k__Bacteria;p__Firmicutes;c__Clostridia;o__Clostridiales;f__Lachnospiraceae;g__Blautia;s__Blautia_sp._KLE_1732	k__Bacteria;p__Bacteroidetes;c__Bacteroidia;o__Bacteroidales;f__Bacteroidaceae;g__Bacteroides;s__Bacteroides_oleiciplenus	k__Bacteria;p__Firmicutes;c__Clostridia;o__Clostridiales;f__Ruminococcaceae;g__Ruminococcus;s__Ruminococcus_bicirculans	k__Bacteria;p__Bacteroidetes;c__Bacteroidia;o__Bacteroidales;f__Bacteroidaceae;g__Bacteroides;s__Bacteroides_fluxus	k__Bacteria;p__Bacteroidetes;c__Bacteroidia;o__Bacteroidales;f__Prevotellaceae;g__Prevotella;s__Prevotella_stercorea	k__Bacteria;p__Firmicutes;c__Clostridia;o__Clostridiales;f__Lachnospiraceae;g__Dorea;s__Dorea_longicatena	k__Bacteria;p__Firmicutes;c__Clostridia;o__Clostridiales;f__Eubacteriaceae;g__Eubacterium;s__[Eubacterium]_eligens	k__Bacteria;p__Firmicutes;c__Clostridia;o__Clostridiales;f__Ruminococcaceae;g__;s__Ruminococcaceae_bacterium_D16	k__Bacteria;p__Firmicutes;c__Clostridia;o__Clostridiales;f__Lachnospiraceae;g__Coprococcus;s__Coprococcus_comes	k__Bacteria;p__Proteobacteria;c__Gammaproteobacteria;o__Enterobacterales;f__Enterobacteriaceae;g__Escherichia;s__Escherichia_coli	k__Bacteria;p__Firmicutes;c__Clostridia;o__Clostridiales;f__Ruminococcaceae;g__Anaerotruncus;s__Anaerotruncus_colihominis	k__Bacteria;p__Firmicutes;c__Clostridia;o__Clostridiales;f__Lachnospiraceae;g__Blautia;s__Blautia_obeum	k__Bacteria;p__Bacteroidetes;c__Bacteroidia;o__Bacteroidales;f__Odoribacteraceae;g__Odoribacter;s__Odoribacter_laneus	k__Bacteria;p__Firmicutes;c__Clostridia;o__Clostridiales;f__Ruminococcaceae;g__Ruminiclostridium;s__[Clostridium]_leptum	k__Bacteria;p__Bacteroidetes;c__Bacteroidia;o__Bacteroidales;f__Porphyromonadaceae;g__Parabacteroides;s__Parabacteroides_goldsteinii	k__Bacteria;p__Firmicutes;c__Clostridia;o__Clostridiales;f__Lachnospiraceae;g__Anaerostipes;s__Anaerostipes_hadrus	k__Bacteria;p__Firmicutes;c__Clostridia;o__Clostridiales;f__Ruminococcaceae;g__Ruminococcus;s__Ruminococcus_lactaris	k__Bacteria;p__Firmicutes;c__Clostridia;o__Clostridiales;f__Clostridiaceae;g__Clostridium;s__Clostridium_sp._L2-50	k__Bacteria;p__Firmicutes;c__Clostridia;o__Clostridiales;f__Clostridiaceae;g__Clostridium;s__Clostridium_sp._M62/1	k__Bacteria;p__Firmicutes;c__Clostridia;o__Clostridiales;f__;g__Intestinimonas;s__Intestinimonas_butyriciproducens	k__Bacteria;p__Actinobacteria;c__Actinobacteria;o__Bifidobacteriales;f__Bifidobacteriaceae;g__Bifidobacterium;s__Bifidobacterium_bifidum	k__Bacteria;p__Firmicutes;c__Negativicutes;o__Veillonellales;f__Veillonellaceae;g__Dialister;s__Dialister_invisus	k__Bacteria;p__Bacteroidetes;c__Bacteroidia;o__Bacteroidales;f__Bacteroidaceae;g__Bacteroides;s__Bacteroides_salanitronis
k__Bacteria;p__Bacteroidetes;c__Bacteroidia;o__Bacteroidales;f__Bacteroidaceae;g__Bacteroides;s__Bacteroides_vulgatus	1.0	0.0128154993371	0.0174293599367	-0.0107904791833	0.0520344136012	-0.0155936058967	-0.0418146821382	-0.0543736943812	-0.0344780138168	-0.06735255448	0.0424283980139	-0.0103420556035	-0.0413255554769	0.00953320531882	0.0226766690484	-0.00168190663366	0.0121646190797	0.0135273464823	-0.00915694378217	0.0327778807776	-0.00986892477829	-0.0292081292305	0.0274942433788	0.0161629538457	-0.0309329070959	-0.00855036019308	0.0997670129226	-0.051137267417	-0.0100351537069	-0.0278711174785	-0.000380464340574	-0.0442222316977	-0.0086167851265	-0.0563371812734	0.034704642728	0.0034662524101	-0.00250965925096	-0.00185785619551	-0.0344514072537	0.010449156742	-0.0150219392303	0.0372265066598	-0.00763640485892	-0.00500658415383	-0.067659759797	-0.051207771113	-0.00188087740941	-0.0379393438142	-0.0130617448765	-0.0545092112893	0.00436462000815	-0.0209721802259	0.0402957651202	0.0222320661392	-0.0473032441772	-0.00117565503617	0.00727642550487	0.0488969649117	-0.0219749299646
k__Bacteria;p__Bacteroidetes;c__Bacteroidia;o__Bacteroidales;f__Bacteroidaceae;g__Bacteroides;s__Bacteroides_uniformis	0.0128154993371	1.0	0.043322087097	-0.00307478926552	0.0333319944631	0.0181735186015	0.00723022510834	-0.00595272767328	0.0791022848942	-0.00985966334372	-0.0479093726978	0.0152560518485	-0.0285680930935	0.0175685869136	-0.0271513381131	-0.0216921054429	0.0144716480345	0.0254215691011	-0.00348197677699	-0.0570347112379	0.0115352662376	0.0357829206211	0.00550830653894	0.011090735272	-0.00670952290495	-0.0192800917152	0.00443266629597	-0.0248452416767	-0.0205359253093	0.0400222386465	0.00947145603509	0.0106267804025	0.0256329529055	-0.00638181972571	-0.00717181937037	-0.0220711013782	0.0152218659872	-0.020088699724	-0.0238974227551	-0.0463654899613	-0.010815003562	0.00198513456988	0.0293909094772	-0.00177487381091	0.00408783002637	-0.072233733527	-0.0442224816119	-0.0173445997392	0.0575968687124	-0.0028871056016	-0.0254535020198	-0.044704576089	0.00866973573439	-0.0479003150149	0.037961648544	-0.0304863918951	0.0582371830514	-0.000176821663276	-0.0160468171073
k__Bacteria;p__Bacteroidetes;c__Bacteroidia;o__Bacteroidales;f__Rikenellaceae;g__Alistipes;s__Alistipes_putredinis	0.0174293599367	0.043322087097	1.0	0.0177399151726	0.0134794529673	-0.0138880377006	-0.0318961179878	-0.016126193535	-0.0360610914092	0.0277553817376	0.0169282158223	0.0184314748393	-0.0368848861418	-0.017645613034	0.00156205300662	-0.0301911042989	-0.0131243001908	0.0739772718102	0.0170125964977	0.0232678577498	-0.0819735157001	-0.02911891649	-0.00951400237589	0.0298588292532	-0.0851505375748	-0.0334794113016	-0.0279026221129	-0.0448776999539	0.0722313045776	-0.0183282844531	-0.00103085295256	-0.0252531544203	0.0181739551611	0.0915406106309	-0.0263534015725	-0.0179223324896	-0.02606665961	0.0365713042284	-0.0549469903659	0.0262376253517	0.047530108394	0.00598260825452	-0.0763103651912	-0.000241951700304	-0.0877419219254	0.0525623206611	0.0234609764311	-0.0166069477906	-0.0222437669917	-0.0184091597215	0.0704856707379	-0.0866494267765	-0.0247011189965	-0.042953702134	-0.0436508378077	-0.00485847243905	0.0243654395853	-0.0286665346996	0.00868381944966
k__Bacteria;p__Bacteroidetes;c__Bacteroidia;o__Bacteroidales;f__Prevotellaceae;g__Prevotella;s__Prevotella_copri	-0.0107904791833	-0.00307478926552	0.0177399151726	1.0	-0.0639725563265	-0.040269734499	0.0574741457382	-0.0798863712933	0.0522644289628	-0.0229943373026	-0.00111979884112	-0.051151801708	-0.0115220223723	0.0270253264084	0.0273264162894	-0.0485458855675	0.00580672038185	-0.0137300354782	-0.0229938268137	0.0228139286676	-0.0353569535427	0.0368364087089	-0.0363037428898	0.0341531359855	-0.0759058110379	-0.0172947684013	-0.00820408817375	0.0093342716657	0.072506503627	0.0170078170086	-0.0165108473316	0.0700687866839	-0.0981252978977	0.0090870462832	-0.0193355067131	-0.026574827676	-0.0428244992284	-0.0474111674292	0.0120501074572	-0.0130559838703	-0.0351659822752	-0.0217354862405	-0.0232863688844	-0.0286290950616	-0.0545909565511	0.0735330230689	-0.0249079943494	-0.0551830837277	-0.00475363377987	-0.0205268985008	-0.0360990206791	0.0324467250342	-0.0262928810943	0.0133040551382	0.00890307924402	0.0545049202016	0.00454785812385	-0.0266850845894	-0.104626781413
k__Bacteria;p__Bacteroidetes;c__Bacteroidia;o__Bacteroidales;f__Bacteroidaceae;g__Bacteroides;s__Bacteroides_stercoris	0.0520344136012	0.0333319944631	0.0134794529673	-0.0639725563265	1.0	-0.00315285578564	0.0138973598188	-0.0201700755985	0.0301734826296	0.0488109230242	-0.0737148645623	-0.0058501714117	-0.00411509660669	-0.0244839056067	-0.0122056438452	-0.00430848002073	0.0104901761314	0.0200582104576	0.0195983841784	0.0508542057977	0.0111246542712	0.0350486059072	0.0385550140944	-0.00122525130316	-0.0278639793105	-0.00128744044048	-0.0129902508514	-0.0585972344872	0.00459777740335	-0.0226249352234	-0.0515521665018	-0.0267415095053	0.0113029209205	-0.0185473354954	-0.0294086147449	-0.0269816764324	-0.0431015169385	-0.00395992690253	-0.0421215222364	-0.029544327554	0.0296275425252	-0.0721073274463	-0.0147787135547	0.0335923516571	-0.0179141962513	-0.0585695171422	0.0138877153691	0.0169641872168	-0.0188226513437	-0.00954064014717	0.0211814135095	0.00329176787608	-0.0248681003784	0.0124832026061	0.0137277055991	0.0821958786794	-0.00319319629282	0.0182909317354	-0.0360032179876
k__Bacteria;p__Bacteroidetes;c__Bacteroidia;o__Bacteroidales;f__Bacteroidaceae;g__Bacteroides;s__Bacteroides_ovatus	-0.0155936058967	0.0181735186015	-0.0138880377006	-0.040269734499	-0.00315285578564	1.0	8.31932747119e-06	-0.0519470062537	-0.0202561352339	0.0235567065106	0.00261424299699	-0.0360712255644	-0.0288574448288	0.00402432285631	-0.0155372697509	-0.00670200454608	0.0281761628427	-0.0779521979529	0.00229724288948	0.0404569735204	0.0173146953432	0.026936768983	0.0141875373553	-0.0131238584682	0.00529908122698	-0.017488114194	-0.0474209687113	0.0138928620489	-0.000745382704352	0.00358111219309	-0.0133335702511	0.00327168648422	-0.0422345515908	0.062607138852	0.0297544773718	-0.034670976628	-0.0100179613471	0.0210322745015	0.019521085464	-0.0499486018002	-0.00730906036111	0.033120584993	-0.0183939546413	-0.0391854976562	0.00716591408594	0.0171114557753	-0.0661968826278	-0.00722380673546	-0.0383107830562	0.00171536949012	-0.0353918487689	0.0355583563315	0.000674015075986	-0.0152148801902	0.00408254744316	-0.0382588209407	-0.0219593420733	0.00652859548973	-0.0289644786403
k__Bacteria;p__Bacteroidetes;c__Bacteroidia;o__Bacteroidales;f__Rikenellaceae;g__Alistipes;s__Alistipes_shahii	-0.0418146821382	0.00723022510834	-0.0318961179878	0.0574741457382	0.0138973598188	8.31932747119e-06	1.0	-0.02033345493	-0.0486895473691	-0.0125719677835	0.0129209110421	0.04161204264	0.0476532473883	-0.0151426557668	-0.0733586071287	0.015377497627	0.0107558401393	-0.0442529737093	-0.0347424353052	-0.018135841465	-0.00941022251282	-0.0324392113893	0.0271478170154	-0.0314039015016	0.0480893598672	-0.0379248439495	0.0174234227444	0.0508173591061	-0.0542377958345	0.0160612447583	-0.0139974398251	-0.0131563449971	-0.0323423931075	0.0313246134343	0.0198468457387	-0.0820649635068	-0.0155273077539	-0.0106696516455	-0.0259658386117	-0.0207478923312	0.0266883204571	-0.0261212437826	0.0105678746973	-0.0469859522055	-0.032153020213	0.00267755325363	-0.0212665822714	0.0253522085041	0.016192303519	0.0158539501618	0.0242009452771	-0.00536000313409	-0.051074545575	0.0654440674375	-0.00304624136661	0.00256287532446	0.0364914981859	0.012079884118	0.0470722064524
k__Bacteria;p__Firmicutes;c__Clostridia;o__Clostridiales;f__Ruminococcaceae;g__Faecalibacterium;s__Faecalibacterium_prausnitzii	-0.0543736943812	-0.00595272767328	-0.016126193535	-0.0798863712933	-0.0201700755985	-0.0519470062537	-0.02033345493	1.0	0.00147588852256	-0.0330219616444	-0.030192308056	0.0379393996308	-0.0443371135078	0.0104711307542	-0.00840950621576	0.0799395036139	0.0368074427025	-0.0427297565272	0.0342913339757	-0.0290098879545	0.0317482345898	0.00422086051764	0.0174345633375	0.0426186763927	-0.0598332541316	-0.0403753182271	0.0375433430315	-0.0537578952009	0.0185949498287	-0.0284463474707	0.0895523431005	-0.00998315224203	-0.0171849871984	-0.0136292012335	-0.0552288732872	-0.0210077309409	0.0207909923115	-0.0163722543657	-0.0790292694355	0.00379929994522	-0.0311678276453	-0.0555378858475	-0.0554295535132	-0.0501076104115	-0.0031804703179	-0.0334981480913	0.00542422724873	0.0413115451324	0.0006097630837	-0.00404041485451	-0.0232305260721	-0.038261486039	0.0554496014548	0.042482562426	-0.0109444484829	0.050328282264	-0.00280176672283	0.013595175705	0.00231138859322
k__Bacteria;p__Bacteroidetes;c__Bacteroidia;o__Bacteroidales;f__Rikenellaceae;g__Alistipes;s__Alistipes_finegoldii	-0.0344780138168	0.0791022848942	-0.0360610914092	0.0522644289628	0.0301734826296	-0.0202561352339	-0.0486895473691	0.00147588852256	1.0	0.0116276140771	0.037425639789	-0.0633239115058	0.0472405942975	-0.0442343317055	0.00468462567664	0.0138712449132	0.0190509686253	-0.0515412733306	-0.00964513298742	0.0114378931321	-0.0872419905732	-0.0175440596948	-0.0490603750373	-0.0204176340838	0.0406511970477	-0.00524821960393	-0.00124797045118	-0.0158218528832	-0.0154651759067	-0.0258084466075	-0.0209458077125	0.0233429770858	0.0148600207091	0.00704107331376	-0.0628187773419	0.0333916137116	-0.0333027439998	0.0112788711269	-0.0170991526547	-0.00667580969527	-0.0276228086159	-0.0232149501098	0.00357063254581	-0.0550446678348	0.0273180179874	-0.014651600062	-0.0315784610294	-0.0132765901525	-0.0182329545748	0.0847023055864	0.0424607955605	-0.00786151335643	0.0112632462962	0.033548037144	-0.0801877489278	0.00303843943009	0.037716696177	0.0463377619121	0.0343690830574
k__Bacteria;p__Bacteroidetes;c__Bacteroidia;o__Bacteroidales;f__Porphyromonadaceae;g__Parabacteroides;s__Parabacteroides_distasonis	-0.06735255448	-0.00985966334372	0.0277553817376	-0.0229943373026	0.0488109230242	0.0235567065106	-0.0125719677835	-0.0330219616444	0.0116276140771	1.0	0.0126702289304	0.00134838080076	-0.0985483903568	0.0176884037057	-0.018915277977	-0.0337389454493	-0.0518663211041	0.0110093260396	-0.0243338125608	-0.0292063200234	-0.0400312351875	-0.0449557686393	-0.0488126225414	0.0602062080733	-0.00964894494602	-0.0388099940835	0.0224890204286	0.0605823657439	0.0283274218214	-0.0768854060166	-0.0689094927283	-0.0222726557121	0.0219738440267	0.0418851687543	-0.0451627814378	-0.0727211056071	0.0213243310196	0.00117565934933	0.00408874766663	0.0113654342828	0.0625441392294	-0.071834632389	-0.0275998019815	-0.03801374258	0.0448508806114	0.00286734843806	0.030674411837	-0.0405266233665	-0.0222791553766	0.0513384165371	0.038616912022	0.0730299441353	-0.00264534351066	-0.0617788352701	-0.0388015492291	-0.00281938224914	-0.012512264135	0.00716444576011	-0.0286714492464
k__Bacteria;p__Bacteroidetes;c__Bacteroidia;o__Bacteroidales;f__Bacteroidaceae;g__Bacteroides;s__Bacteroides_thetaiotaomicron	0.0424283980139	-0.0479093726978	0.0169282158223	-0.00111979884112	-0.0737148645623	0.00261424299699	0.0129209110421	-0.030192308056	0.037425639789	0.0126702289304	1.0	-0.00689391118503	0.0177767060239	0.0119529487852	-0.0401998003162	0.0117788429731	-0.0617347165826	0.0226427752122	0.0482718495803	-0.0185010766196	0.0198015793096	-0.028333263592	-0.0735004591935	0.0357762651579	-0.012647938727	-0.010749290415	-0.0369414411952	-0.0616745304633	-0.00639350568822	0.0154456148017	-0.0735502308702	-0.00893204411252	-0.0250798521012	7.9466793493e-06	-0.0213012832989	-0.0210599417185	-0.0168680631478	0.0688146293312	-0.00533227597113	0.0321715293965	-0.0542060472564	0.00575647249254	-0.0235607471734	0.0010843758289	-0.0415126208102	-0.0850521942254	-0.0394555954219	-0.0278724513691	0.041457950921	-0.0507641886828	-0.0179880305381	-0.029739023666	0.0117029242229	-0.0180197545734	0.0271664335839	0.0177027805439	0.0127433772742	0.00714797824043	0.00745800032895
k__Bacteria;p__Bacteroidetes;c__Bacteroidia;o__Bacteroidales;f__Bacteroidaceae;g__Bacteroides;s__Bacteroides_coprocola	-0.0103420556035	0.0152560518485	0.0184314748393	-0.051151801708	-0.0058501714117	-0.0360712255644	0.04161204264	0.0379393996308	-0.0633239115058	0.00134838080076	-0.00689391118503	1.0	-0.00140945398887	-0.0241088707303	0.0474545058616	-0.0136260838266	-0.0420501965464	0.00883172867099	-0.00320170026952	-0.0440718299796	-0.0322547902126	-0.0130264150614	-0.000900846118848	-0.0110403428038	0.013163219546	-0.0125705605948	-0.00289680858011	-0.0436902146565	-0.0335473263566	0.0369906236792	-0.0231201594408	0.0162526537734	0.00493478439213	-0.0186139220093	-0.0133774756716	-0.0340890232609	-0.0106741308983	-0.00369941354186	-0.0190520733819	0.0252971441364	-0.0278538490902	-0.0322881009815	0.0597824661486	-0.0185161311303	-0.00734617935586	0.0225791856237	0.0465528872087	0.00326862284725	0.0608619315087	-0.01290906498	-0.0309713666669	0.0283881011528	-0.0334312571687	-0.0552114343304	-0.0114066313933	-0.0380602702636	-0.0377130297372	0.0118438027064	0.0541436406179
k__Bacteria;p__Bacteroidetes;c__Bacteroidia;o__Bacteroidales;f__Bacteroidaceae;g__Bacteroides;s__Bacteroides_cellulosilyticus	-0.0413255554769	-0.0285680930935	-0.0368848861418	-0.0115220223723	-0.00411509660669	-0.0288574448288	0.0476532473883	-0.0443371135078	0.0472405942975	-0.0985483903568	0.0177767060239	-0.00140945398887	1.0	0.0445835066798	-0.0305228996774	0.0397598606958	-0.0192568839117	0.0188832705561	-0.0527821170654	-0.0165989344867	-0.00827746343769	-0.0215400761569	-0.0252482126215	-0.0369673232842	-0.0761059998417	-0.00792946653399	-0.0255064443964	0.0174023766664	0.0157930359415	-0.0248482608203	-0.00665876241068	-0.0241707011741	0.0188518572534	-0.0611508264524	0.0574955601856	0.0407069046463	0.00186029780081	-0.0300270260652	-0.0553574614696	0.0268923741698	0.0239629046135	-0.0552969831551	0.0819901887846	-0.00329478187956	-0.0278459045465	-0.00728539071794	0.00992091069541	0.0371078664002	0.0184195621236	-0.0472487363281	-0.0505996960404	-0.00721600220196	-0.0118100959311	-0.01765142822	-0.0449834331998	0.0237633080184	0.0459677033866	0.00395885590335	0.0603677100434
k__Bacteria;p__Bacteroidetes;c__Bacteroidia;o__Bacteroidales;f__Rikenellaceae;g__Alistipes;s__Alistipes_obesi	0.00953320531882	0.0175685869136	-0.017645613034	0.0270253264084	-0.0244839056067	0.00402432285631	-0.0151426557668	0.0104711307542	-0.0442343317055	0.0176884037057	0.0119529487852	-0.0241088707303	0.0445835066798	1.0	0.0549225833614	0.0049469858605	-0.00313107067809	-0.0511373974943	0.0613206925265	-0.0135547764618	-0.01014337699	0.0176182398857	-0.0170035711372	-0.00461020604286	0.0343913954992	0.00493288792807	-0.00432673622479	0.0179880183853	-0.0470196135583	-0.047835431883	-0.0502432895675	0.0343387213111	0.0556807330334	-0.0208390255635	0.0369663126336	-0.000285827994819	-0.0113895539218	-0.0141937817325	-0.0540909970719	-0.0034879588353	-0.0139772350819	0.0380631010604	0.0229406954418	0.0194154439281	0.00381753586854	-0.021944090977	-0.00294094569091	-0.00417770081423	-0.0373290594577	-0.0117012828685	0.00855974256426	0.0094161711827	0.029625815873	-0.0313358320347	-0.010254737962	-0.0395798927143	0.0396054393385	-0.057107852673	-0.0430316545115
k__Bacteria;p__Firmicutes;c__Clostridia;o__Clostridiales;f__Lachnospiraceae;g__;s__[Eubacterium]_rectale	0.0226766690484	-0.0271513381131	0.00156205300662	0.0273264162894	-0.0122056438452	-0.0155372697509	-0.0733586071287	-0.00840950621576	0.00468462567664	-0.018915277977	-0.0401998003162	0.0474545058616	-0.0305228996774	0.0549225833614	1.0	0.023746577534	-0.0258576447155	-0.026861094131	-0.0305341434757	-0.0145968626725	0.025264691531	0.0138146843854	-0.0094386093416	-0.0478799586702	-0.00338829892069	-0.0181112727751	0.0564788129093	0.0172178468404	-0.0455125461042	-0.0433358791072	0.000256948962857	0.026847537781	-0.0310159113759	0.00260570522752	0.0132097334432	-0.0264352908176	-0.0297109709849	-0.00114051592246	0.0166019299392	0.0565128155903	-0.0129836368676	-0.00233944535373	0.0270166809123	0.0175398638628	-0.0172677667683	-0.0260374435047	-0.0298493846202	0.00397370679956	-0.0444601415121	-0.0199989951649	-0.0395330244472	0.0500734507759	-0.0117498601246	-0.0313103828872	-0.00102379528357	0.00943894887927	-0.0191700366891	-0.0356913561622	0.0439947860165
k__Bacteria;p__Bacteroidetes;c__Bacteroidia;o__Bacteroidales;f__Bacteroidaceae;g__Bacteroides;s__Bacteroides_plebeius	-0.00168190663366	-0.0216921054429	-0.0301911042989	-0.0485458855675	-0.00430848002073	-0.00670200454608	0.015377497627	0.0799395036139	0.0138712449132	-0.0337389454493	0.0117788429731	-0.0136260838266	0.0397598606958	0.0049469858605	0.023746577534	1.0	-0.0291858831227	-0.00840440534962	0.0559468511837	-0.0145793366545	0.0200025679304	-0.00579714507683	-0.0271572668311	-0.029845289914	0.00942868903839	-0.0369822972	-0.0438490321581	-0.020169279139	0.0407965811443	0.0337158935962	0.0793964742533	0.0190719442687	0.0419995046774	-0.047235367674	-0.0157767227337	-0.0177355221963	0.00591754599114	-0.0278996316857	-0.00411381499058	-0.0254468862913	-0.0713271800007	0.0153208315482	-0.0413280638763	-0.0438659839645	0.018194346997	-0.0287201167347	-0.0286465137564	0.0190404151253	0.0372972407469	-0.0395150904463	-0.00175165400407	-0.0296785688937	-0.00467913051988	0.038116733765	-0.00932881833528	-0.0220598725058	0.0186069775282	-0.0354986179317	-0.00472928466661
k__Bacteria;p__Bacteroidetes;c__Bacteroidia;o__Bacteroidales;f__Bacteroidaceae;g__Bacteroides;s__Bacteroides_fragilis	0.0121646190797	0.0144716480345	-0.0131243001908	0.00580672038185	0.0104901761314	0.0281761628427	0.0107558401393	0.0368074427025	0.0190509686253	-0.0518663211041	-0.0617347165826	-0.0420501965464	-0.0192568839117	-0.00313107067809	-0.0258576447155	-0.0291858831227	1.0	0.0358997188228	0.015844692461	-0.0206609239558	-0.00308794852615	-0.0218054975704	-0.0408979353277	-0.0200259981644	0.0951441857935	-0.0327603893586	-0.0115432450556	0.0153056097794	-0.0297508747813	0.0451080796508	-0.0178770062555	-0.0505550690668	-0.0884182080924	0.0232496099171	6.11335171261e-05	-0.0631199043522	0.0182620201108	0.0523439345827	-0.0138618218974	-0.0106570096245	-0.0108967096526	-0.06062270872	-0.0266319338322	0.0117688787076	0.00566776313036	-0.0477581884576	-0.0361213898398	0.0498180479431	0.00588122590943	-0.00220236418288	-0.000251406668215	0.0110990163193	0.0427061890842	-0.00834063846451	0.014424343696	0.0978716202776	0.0162096774428	-0.0484377155742	-0.0571245165294
k__Bacteria;p__Proteobacteria;c__Betaproteobacteria;o__Burkholderiales;f__Sutterellaceae;g__Sutterella;s__Sutterella_wadsworthensis	0.0135273464823	0.0254215691011	0.0739772718102	-0.0137300354782	0.0200582104576	-0.0779521979529	-0.0442529737093	-0.0427297565272	-0.0515412733306	0.0110093260396	0.0226427752122	0.00883172867099	0.0188832705561	-0.0511373974943	-0.026861094131	-0.00840440534962	0.0358997188228	1.0	-0.00182163130439	0.0454925902588	-0.00424742944534	-0.0469384495949	0.0409382289533	-0.0294651309325	0.0263701427385	-0.0115272939423	-0.0113377426083	0.0427706965471	-0.0363889604778	-0.0531861697467	0.0219867282251	-0.0581029009361	-0.027147026701	-0.0440604678416	-0.00699527652482	-0.0319101076503	-0.0104669663099	0.0199041850945	0.0394129225545	-0.0369026876831	0.018571982473	0.0379393668729	-0.0107770340854	-0.00487779794717	-0.0294790210414	-0.0225378810566	-0.024002215342	-0.0163436972331	0.00697584906077	-0.000434071831117	0.0160383849529	0.0095876195531	0.00114252405623	-0.0102278813495	-0.00898979716181	0.0111489631047	0.041360188914	-0.0101864360965	0.021272574612
k__Bacteria;p__Bacteroidetes;c__Bacteroidia;o__Bacteroidales;f__Porphyromonadaceae;g__Barnesiella;s__Barnesiella_intestinihominis	-0.00915694378217	-0.00348197677699	0.0170125964977	-0.0229938268137	0.0195983841784	0.00229724288948	-0.0347424353052	0.0342913339757	-0.00964513298742	-0.0243338125608	0.0482718495803	-0.00320170026952	-0.0527821170654	0.0613206925265	-0.0305341434757	0.0559468511837	0.015844692461	-0.00182163130439	1.0	-0.0270002168525	-0.048633886279	0.0161037453224	-0.0562576823693	0.0252299135813	0.0700190112755	-0.0321554077839	0.00741268162744	0.0430495871806	0.026605358168	0.00888784183954	-0.0201501145179	0.00138993572597	0.0128011663597	-0.0222082299766	-0.00753067045216	0.00303875153118	-0.0195857885538	-0.0206663577376	0.00253531420264	-0.010554897129	-0.0372779961863	0.0281525839375	-0.00049988397659	-0.0237818732474	0.0293338836148	0.0197571707686	0.00567679544994	-0.0423779957645	0.0229593156586	-0.000838182735544	-0.0451773483425	-0.0195561876107	-0.023749864041	0.00324234330987	0.0805807702807	0.00889607102474	-0.0133095203059	-0.110132793069	-0.0748913025956
k__Bacteria;p__Bacteroidetes;c__Bacteroidia;o__Bacteroidales;f__Odoribacteraceae;g__Odoribacter;s__Odoribacter_splanchnicus	0.0327778807776	-0.0570347112379	0.0232678577498	0.0228139286676	0.0508542057977	0.0404569735204	-0.018135841465	-0.0290098879545	0.0114378931321	-0.0292063200234	-0.0185010766196	-0.0440718299796	-0.0165989344867	-0.0135547764618	-0.0145968626725	-0.0145793366545	-0.0206609239558	0.0454925902588	-0.0270002168525	1.0	0.0285458139885	-0.0295349645959	-0.0225336919684	-0.018337932621	-0.0265242452798	-0.0639290997587	0.0237634119905	-0.0812241719913	0.0103837719753	-0.0394692129518	-0.0183905750115	-0.00911818424818	-0.0525794108995	-0.0144455540602	0.0485842044223	0.0220966449381	0.04502437981	0.00640639765001	0.0186304161704	-0.0084610431198	-0.0325419910305	-0.0419775161401	-0.0484672358751	-0.01456431647	0.0163213525386	-0.0221429548992	0.0331430327042	-0.0436126011811	-0.0246832793278	-0.00507316527573	-0.0392767510343	0.0556979300413	0.00614250288711	-0.048671586358	0.000972407121719	-0.00641032134027	-0.0403630219783	-0.0737685466085	-0.00945436312374
k__Bacteria;p__Bacteroidetes;c__Bacteroidia;o__Bacteroidales;f__Bacteroidaceae;g__Bacteroides;s__Bacteroides_salyersiae	-0.00986892477829	0.0115352662376	-0.0819735157001	-0.0353569535427	0.0111246542712	0.0173146953432	-0.00941022251282	0.0317482345898	-0.0872419905732	-0.0400312351875	0.0198015793096	-0.0322547902126	-0.00827746343769	-0.01014337699	0.025264691531	0.0200025679304	-0.00308794852615	-0.00424742944534	-0.048633886279	0.0285458139885	1.0	-0.0460910116115	-0.0237107319456	-0.0185759041069	-0.0679992329394	-0.0439335159391	0.0131666131366	-0.034689974543	-0.0195935778527	0.021431360355	0.00201916857065	0.0420255973486	0.0114574915402	-0.0265547838627	0.03233793392	0.0449620658532	0.0142311125899	-0.0289696569413	0.0384912614711	0.0457947161226	-0.0145786898121	-0.00622516277074	0.0139765025579	-0.0638185601029	-0.0112180403246	-0.0331614329064	-0.0152088598192	0.0623282881575	0.00185840714876	-0.0717960383837	-0.0246441043399	0.0220181136107	0.0568217008389	0.0269203703027	-0.0425550431577	0.00318352917328	-0.0192610190412	0.0260328975255	0.0595027193519
k__Bacteria;p__Firmicutes;c__Clostridia;o__Clostridiales;f__Ruminococcaceae;g__Ruminiclostridium;s__[Eubacterium]_siraeum	-0.0292081292305	0.0357829206211	-0.02911891649	0.0368364087089	0.0350486059072	0.026936768983	-0.0324392113893	0.00422086051764	-0.0175440596948	-0.0449557686393	-0.028333263592	-0.0130264150614	-0.0215400761569	0.0176182398857	0.0138146843854	-0.00579714507683	-0.0218054975704	-0.0469384495949	0.0161037453224	-0.0295349645959	-0.0460910116115	1.0	-0.0290005106927	-0.0152188591263	0.0044387190863	-0.0402360137022	0.0184870803454	-0.0128608621395	-0.0397138543379	0.0273502047292	-0.0324799463839	-0.00293872101164	0.000502107533122	-0.0176708537125	0.0335228510928	0.0461258784015	-0.0389729560469	-0.0536868436325	0.0257371351918	-0.0704724529976	0.0162683813489	0.012404964289	-0.0195049628071	0.00477089146831	-0.0153720621895	-0.0339372448316	-0.00461143571481	-0.0177086225572	-0.00148818388961	-0.059509169157	-0.0525186164411	-0.0197875791806	0.00925790789453	0.0230888006956	-0.00830711886074	0.0180930977017	-0.0449294089012	0.0414229516143	-0.0231310757903
k__Bacteria;p__Proteobacteria;c__Betaproteobacteria;o__Burkholderiales;f__Sutterellaceae;g__Parasutterella;s__Parasutterella_excrementihominis	0.0274942433788	0.00550830653894	-0.00951400237589	-0.0363037428898	0.0385550140944	0.0141875373553	0.0271478170154	0.0174345633375	-0.0490603750373	-0.0488126225414	-0.0735004591935	-0.000900846118848	-0.0252482126215	-0.0170035711372	-0.0094386093416	-0.0271572668311	-0.0408979353277	0.0409382289533	-0.0562576823693	-0.0225336919684	-0.0237107319456	-0.0290005106927	1.0	0.0240346830321	-0.0446645665579	0.0150101876396	-0.031555894457	-0.0161492469172	0.0650728705251	-0.0298887330569	-0.0432729754574	-0.0182033357641	-0.0345811805265	0.00940368279549	-0.0298439894861	0.0254319657582	0.012494032285	-0.0100508966735	0.00963979891983	-0.018397241007	0.0557113553125	0.007536264324	0.0464390293019	-0.0561355279008	-0.014448870621	0.0370711752747	0.02281854671	-0.00137229230693	-0.0680277877912	-0.0253342290869	-0.0152499554635	0.030190360339	0.0560374181693	-0.0189452546979	0.0201912002308	0.00331512562828	0.0341969350693	0.00543629542836	-0.0309820044992
k__Bacteria;p__Actinobacteria;c__Actinobacteria;o__Bifidobacteriales;f__Bifidobacteriaceae;g__Bifidobacterium;s__Bifidobacterium_adolescentis	0.0161629538457	0.011090735272	0.0298588292532	0.0341531359855	-0.00122525130316	-0.0131238584682	-0.0314039015016	0.0426186763927	-0.0204176340838	0.0602062080733	0.0357762651579	-0.0110403428038	-0.0369673232842	-0.00461020604286	-0.0478799586702	-0.029845289914	-0.0200259981644	-0.0294651309325	0.0252299135813	-0.018337932621	-0.0185759041069	-0.0152188591263	0.0240346830321	1.0	0.0334529373255	-0.0604534025827	-0.0330885273819	-0.0319287156124	0.0348162608554	-0.00261818215973	-0.0229076205564	0.0589157719009	-0.0161807688843	0.0196349175434	-0.0547484728748	-0.0236804775892	-0.0169690961013	-0.0419257279509	-0.0368688255846	-0.0635288614787	0.00958174552932	0.000389542193062	-0.0868115472565	-0.0506151624469	-0.0288072437088	-0.0181462859139	0.0902744179882	-0.00896132248322	-0.043883308037	-0.00668070588413	0.056321136615	-0.0439443772187	-0.0555661511109	0.0638399820451	-0.0379952974282	0.0168811137089	0.0422616295142	-0.00715673526128	-0.0570735665814
k__Bacteria;p__Firmicutes;c__Clostridia;o__Clostridiales;f__Oscillospiraceae;g__Oscillibacter;s__Oscillibacter_sp._KLE_1745	-0.0309329070959	-0.00670952290495	-0.0851505375748	-0.0759058110379	-0.0278639793105	0.00529908122698	0.0480893598672	-0.0598332541316	0.0406511970477	-0.00964894494602	-0.012647938727	0.013163219546	-0.0761059998417	0.0343913954992	-0.00338829892069	0.00942868903839	0.0951441857935	0.0263701427385	0.0700190112755	-0.0265242452798	-0.0679992329394	0.0044387190863	-0.0446645665579	0.0334529373255	1.0	-0.0417483767086	0.0761164185551	-0.0549553628543	-0.020182873585	-0.00498613851222	-0.0310570617629	0.0540520713561	0.0103664666099	-0.0452162974175	0.0220015115205	-0.0771371572254	-0.0138227806553	-0.0413863718585	0.0408053505901	-0.00926933911409	-0.0348585605279	-0.0430300299457	-0.0563785109177	-0.017000992347	0.00795630862634	0.0496009265345	-0.0527102264348	-0.0108688089072	-0.00383628210737	-0.0281126289629	-0.00760656960685	-0.0331793856878	0.0119260038954	0.0577939707765	-0.015207759393	0.00257598928219	-0.0544961873533	-0.0167268781778	0.0303359206227
k__Bacteria;p__Bacteroidetes;c__Bacteroidia;o__Bacteroidales;f__Bacteroidaceae;g__Bacteroides;s__Bacteroides_coprophilus	-0.00855036019308	-0.0192800917152	-0.0334794113016	-0.0172947684013	-0.00128744044048	-0.017488114194	-0.0379248439495	-0.0403753182271	-0.00524821960393	-0.0388099940835	-0.010749290415	-0.0125705605948	-0.00792946653399	0.00493288792807	-0.0181112727751	-0.0369822972	-0.0327603893586	-0.0115272939423	-0.0321554077839	-0.0639290997587	-0.0439335159391	-0.0402360137022	0.0150101876396	-0.0604534025827	-0.0417483767086	1.0	-0.0367399631702	0.022984186351	-0.0245627342038	-0.0482127947685	0.0275562641676	0.0531669971223	0.0115543502658	0.0209236405968	0.00793984967003	-0.0140091131961	-0.036049335625	0.0377019829014	-0.0228158048815	-0.000880695260291	-0.0419055255211	0.0117888375665	0.0536652930702	-0.0119980491458	0.0214947117207	0.0265011076029	0.00245914222769	-0.00194901924778	-0.0261106263368	0.0232745927054	-0.0175051054785	-0.00884128191892	-0.0111071412631	-0.0367982929252	-0.00973611492269	-0.0286669376431	-0.0224064980211	-0.0570198370171	0.022347862263
k__Bacteria;p__Firmicutes;c__Clostridia;o__Clostridiales;f__Lachnospiraceae;g__Roseburia;s__Roseburia_intestinalis	0.0997670129226	0.00443266629597	-0.0279026221129	-0.00820408817375	-0.0129902508514	-0.0474209687113	0.0174234227444	0.0375433430315	-0.00124797045118	0.0224890204286	-0.0369414411952	-0.00289680858011	-0.0255064443964	-0.00432673622479	0.0564788129093	-0.0438490321581	-0.0115432450556	-0.0113377426083	0.00741268162744	0.0237634119905	0.0131666131366	0.0184870803454	-0.031555894457	-0.0330885273819	0.0761164185551	-0.0367399631702	1.0	-0.0356451465199	0.0294896146975	-0.0573289952157	-0.00730969563765	0.050232011806	-0.0513274712701	0.0254919775549	-0.003534859043	0.0126142427689	-0.0607358887167	-0.0576309310887	-0.0233238004395	-0.0200647042622	-0.094028179912	0.00261525745091	0.00953214500095	-0.0196650230497	-0.00164274039304	-0.0642342996337	-0.0135317840197	-0.0417932898635	-0.012648411377	0.0115635310823	-0.0585753356232	0.0740943524823	-0.0139261449739	0.00167895939814	0.0245335902931	0.0617077156592	0.0162933888342	-0.0127317159989	0.0225634913593
k__Bacteria;p__Firmicutes;c__Clostridia;o__Clostridiales;f__Lachnospiraceae;g__Roseburia;s__Roseburia_hominis	-0.051137267417	-0.0248452416767	-0.0448776999539	0.0093342716657	-0.0585972344872	0.0138928620489	0.0508173591061	-0.0537578952009	-0.0158218528832	0.0605823657439	-0.0616745304633	-0.0436902146565	0.0174023766664	0.0179880183853	0.0172178468404	-0.020169279139	0.0153056097794	0.0427706965471	0.0430495871806	-0.0812241719913	-0.034689974543	-0.0128608621395	-0.0161492469172	-0.0319287156124	-0.0549553628543	0.022984186351	-0.0356451465199	1.0	-0.0867466920518	0.0149884199572	0.0268731093685	-0.051285832804	0.0456906713445	-0.0196399271056	-0.0508399060423	-0.0268871871442	0.038401899768	-0.048631422823	-0.0182664698941	0.043634728091	-0.0108919595722	0.0382797345387	0.00963920453574	-0.0013157689624	-0.0222989183766	-0.0197295942494	0.0689664885198	-0.0175222156003	0.10726307196	-0.0386578080003	-0.0223949760981	-0.022318770808	-0.0600427979244	0.0093670220875	-0.0183507704897	0.0545638224832	0.0117116241092	-0.000447458849963	-0.0395252725213
k__Bacteria;p__Bacteroidetes;c__Bacteroidia;o__Bacteroidales;f__Porphyromonadaceae;g__Parabacteroides;s__Parabacteroides_johnsonii	-0.0100351537069	-0.0205359253093	0.0722313045776	0.072506503627	0.00459777740335	-0.000745382704352	-0.0542377958345	0.0185949498287	-0.0154651759067	0.0283274218214	-0.00639350568822	-0.0335473263566	0.0157930359415	-0.0470196135583	-0.0455125461042	0.0407965811443	-0.0297508747813	-0.0363889604778	0.026605358168	0.0103837719753	-0.0195935778527	-0.0397138543379	0.0650728705251	0.0348162608554	-0.020182873585	-0.0245627342038	0.0294896146975	-0.0867466920518	1.0	-0.0173198332537	-0.0196368784525	0.000853604422058	-0.0206712303966	0.012414890739	0.0380166545818	0.0159794046952	0.0237985993037	-0.042674942497	-0.0181062662645	-0.000713255730392	-0.0405833580995	-0.0364913621573	-0.0438910734545	-0.0724731343599	-0.0503118803502	0.0259096210868	-0.0503517346626	-0.00905585855116	-0.0283997291023	0.0343446062059	-0.00548640197202	0.0696434027412	-0.000455330476397	-0.0219493935313	0.0596737761133	-0.027183591507	-0.0189024914485	0.00980419378382	-0.0392041953175
k__Bacteria;p__Actinobacteria;c__Actinobacteria;o__Bifidobacteriales;f__Bifidobacteriaceae;g__Bifidobacterium;s__Bifidobacterium_longum	-0.0278711174785	0.0400222386465	-0.0183282844531	0.0170078170086	-0.0226249352234	0.00358111219309	0.0160612447583	-0.0284463474707	-0.0258084466075	-0.0768854060166	0.0154456148017	0.0369906236792	-0.0248482608203	-0.047835431883	-0.0433358791072	0.0337158935962	0.0451080796508	-0.0531861697467	0.00888784183954	-0.0394692129518	0.021431360355	0.0273502047292	-0.0298887330569	-0.00261818215973	-0.00498613851222	-0.0482127947685	-0.0573289952157	0.0149884199572	-0.0173198332537	1.0	-0.0020112640475	0.0163305687906	0.0139322862257	-0.0489564933059	0.0112978902967	0.0110697341571	0.041839322944	-0.0611052170255	0.0162130494984	-0.0663359841909	0.0113562445996	-0.000415483384464	-0.0194030082286	-0.00499710618199	0.0270839861331	-0.0184626812127	-0.0360291237378	0.0278278202897	0.0242553435431	-0.0115907056339	0.0357731843484	-0.00733933762471	-0.0897206172033	-0.0488801535687	0.0321999303823	0.0440753603974	-0.0151908335758	-0.0436644971374	-0.010291982486
