#taxonomy	k__Bacteria;p__Bacteroidetes;c__Bacteroidia;o__Bacteroidales;f__Bacteroidaceae;g__Bacteroides;s__Bacteroides_vulgatus	k__Bacteria;p__Bacteroidetes;c__Bacteroidia;o__Bacteroidales;f__Bacteroidaceae;g__Bacteroides;s__Bacteroides_uniformis	k__Bacteria;p__Bacteroidetes;c__Bacteroidia;o__Bacteroidales;f__Rikenellaceae;g__Alistipes;s__Alistipes_putredinis	k__Bacteria;p__Bacteroidetes;c__Bacteroidia;o__Bacteroidales;f__Prevotellaceae;g__Prevotella;s__Prevotella_copri	k__Bacteria;p__Bacteroidetes;c__Bacteroidia;o__Bacteroidales;f__Bacteroidaceae;g__Bacteroides;s__Bacteroides_stercoris	k__Bacteria;p__Bacteroidetes;c__Bacteroidia;o__Bacteroidales;f__Bacteroidaceae;g__Bacteroides;s__Bacteroides_ovatus	k__Bacteria;p__Bacteroidetes;c__Bacteroidia;o__Bacteroidales;f__Rikenellaceae;g__Alistipes;s__Alistipes_shahii	k__Bacteria;p__Firmicutes;c__Clostridia;o__Clostridiales;f__Ruminococcaceae;g__Faecalibacterium;s__Faecalibacterium_prausnitzii	k__Bacteria;p__Bacteroidetes;c__Bacteroidia;o__Bacteroidales;f__Rikenellaceae;g__Alistipes;s__Alistipes_finegoldii	k__Bacteria;p__Bacteroidetes;c__Bacteroidia;o__Bacteroidales;f__Porphyromonadaceae;g__Parabacteroides;s__Parabacteroides_distasonis	k__Bacteria;p__Bacteroidetes;c__Bacteroidia;o__Bacteroidales;f__Bacteroidaceae;g__Bacteroides;s__Bacteroides_thetaiotaomicron	k__Bacteria;p__Bacteroidetes;c__Bacteroidia;o__Bacteroidales;f__Bacteroidaceae;g__Bacteroides;s__Bacteroides_coprocola	k__Bacteria;p__Bacteroidetes;c__Bacteroidia;o__Bacteroidales;f__Bacteroidaceae;g__Bacteroides;s__Bacteroides_cellulosilyticus	k__Bacteria;p__Bacteroidetes;c__Bacteroidia;o__Bacteroidales;f__Rikenellaceae;g__Alistipes;s__Alistipes_obesi	k__Bacteria;p__Firmicutes;c__Clostridia;o__Clostridiales;f__Lachnospiraceae;g__;s__[Eubacterium]_rectale	k__Bacteria;p__Bacteroidetes;c__Bacteroidia;o__Bacteroidales;f__Bacteroidaceae;g__Bacteroides;s__Bacteroides_plebeius	k__Bacteria;p__Bacteroidetes;c__Bacteroidia;o__Bacteroidales;f__Bacteroidaceae;g__Bacteroides;s__Bacteroides_fragilis	k__Bacteria;p__Proteobacteria;c__Betaproteobacteria;o__Burkholderiales;f__Sutterellaceae;g__Sutterella;s__Sutterella_wadsworthensis	k__Bacteria;p__Bacteroidetes;c__Bacteroidia;o__Bacteroidales;f__Porphyromonadaceae;g__Barnesiella;s__Barnesiella_intestinihominis	k__Bacteria;p__Bacteroidetes;c__Bacteroidia;o__Bacteroidales;f__Odoribacteraceae;g__Odoribacter;s__Odoribacter_splanchnicus	k__Bacteria;p__Bacteroidetes;c__Bacteroidia;o__Bacteroidales;f__Bacteroidaceae;g__Bacteroides;s__Bacteroides_salyersiae	k__Bacteria;p__Firmicutes;c__Clostridia;o__Clostridiales;f__Ruminococcaceae;g__Ruminiclostridium;s__[Eubacterium]_siraeum	k__Bacteria;p__Proteobacteria;c__Betaproteobacteria;o__Burkholderiales;f__Sutterellaceae;g__Parasutterella;s__Parasutterella_excrementihominis	k__Bacteria;p__Actinobacteria;c__Actinobacteria;o__Bifidobacteriales;f__Bifidobacteriaceae;g__Bifidobacterium;s__Bifidobacterium_adolescentis	k__Bacteria;p__Firmicutes;c__Clostridia;o__Clostridiales;f__Oscillospiraceae;g__Oscillibacter;s__Oscillibacter_sp._KLE_1745	k__Bacteria;p__Bacteroidetes;c__Bacteroidia;o__Bacteroidales;f__Bacteroidaceae;g__Bacteroides;s__Bacteroides_coprophilus	k__Bacteria;p__Firmicutes;c__Clostridia;o__Clostridiales;f__Lachnospiraceae;g__Roseburia;s__Roseburia_intestinalis	k__Bacteria;p__Firmicutes;c__Clostridia;o__Clostridiales;f__Lachnospiraceae;g__Roseburia;s__Roseburia_hominis	k__Bacteria;p__Bacteroidetes;c__Bacteroidia;o__Bacteroidales;f__Porphyromonadaceae;g__Parabacteroides;s__Parabacteroides_johnsonii	k__Bacteria;p__Actinobacteria;c__Actinobacteria;o__Bifidobacteriales;f__Bifidobacteriaceae;g__Bifidobacterium;s__Bifidobacterium_longum	k__Bacteria;p__Firmicutes;c__Clostridia;o__Clostridiales;f__;g__Flavonifractor;s__Flavonifractor_plautii	k__Bacteria;p__Firmicutes;c__Clostridia;o__Clostridiales;f__Clostridiaceae;g__Clostridium;s__Clostridium_phoceensis	k__Bacteria;p__Verrucomicrobia;c__Verrucomicrobiae;o__Verrucomicrobiales;f__Akkermansiaceae;g__Akkermansia;s__Akkermansia_muciniphila	k__Bacteria;p__Bacteroidetes;c__Bacteroidia;o__Bacteroidales;f__Prevotellaceae;g__Paraprevotella;s__Paraprevotella_xylaniphila	k__Bacteria;p__Firmicutes;c__Clostridia;o__Clostridiales;f__Ruminococcaceae;g__Ruminococcus;s__Ruminococcus_callidus	k__Bacteria;p__Bacteroidetes;c__Bacteroidia;o__Bacteroidales;f__Rikenellaceae;g__Alistipes;s__Alistipes_senegalensis	k__Bacteria;p__Firmicutes;c__Clostridia;o__Clostridiales;f__Lachnospiraceae;g__Blautia;s__Blautia_sp._KLE_1732	k__Bacteria;p__Bacteroidetes;c__Bacteroidia;o__Bacteroidales;f__Bacteroidaceae;g__Bacteroides;s__Bacteroides_oleiciplenus	k__Bacteria;p__Firmicutes;c__Clostridia;o__Clostridiales;f__Ruminococcaceae;g__Ruminococcus;s__Ruminococcus_bicirculans	k__Bacteria;p__Bacteroidetes;c__Bacteroidia;o__Bacteroidales;f__Bacteroidaceae;g__Bacteroides;s__Bacteroides_fluxus	k__Bacteria;p__Bacteroidetes;c__Bacteroidia;o__Bacteroidales;f__Prevotellaceae;g__Prevotella;s__Prevotella_stercorea	k__Bacteria;p__Firmicutes;c__Clostridia;o__Clostridiales;f__Lachnospiraceae;g__Dorea;s__Dorea_longicatena	k__Bacteria;p__Firmicutes;c__Clostridia;o__Clostridiales;f__Eubacteriaceae;g__Eubacterium;s__[Eubacterium]_eligens	k__Bacteria;p__Firmicutes;c__Clostridia;o__Clostridiales;f__Ruminococcaceae;g__;s__Ruminococcaceae_bacterium_D16	k__Bacteria;p__Firmicutes;c__Clostridia;o__Clostridiales;f__Lachnospiraceae;g__Coprococcus;s__Coprococcus_comes	k__Bacteria;p__Proteobacteria;c__Gammaproteobacteria;o__Enterobacterales;f__Enterobacteriaceae;g__Escherichia;s__Escherichia_coli	k__Bacteria;p__Firmicutes;c__Clostridia;o__Clostridiales;f__Ruminococcaceae;g__Anaerotruncus;s__Anaerotruncus_colihominis	k__Bacteria;p__Firmicutes;c__Clostridia;o__Clostridiales;f__Lachnospiraceae;g__Blautia;s__Blautia_obeum	k__Bacteria;p__Bacteroidetes;c__Bacteroidia;o__Bacteroidales;f__Odoribacteraceae;g__Odoribacter;s__Odoribacter_laneus	k__Bacteria;p__Firmicutes;c__Clostridia;o__Clostridiales;f__Ruminococcaceae;g__Ruminiclostridium;s__[Clostridium]_leptum	k__Bacteria;p__Bacteroidetes;c__Bacteroidia;o__Bacteroidales;f__Porphyromonadaceae;g__Parabacteroides;s__Parabacteroides_goldsteinii	k__Bacteria;p__Firmicutes;c__Clostridia;o__Clostridiales;f__Lachnospiraceae;g__Anaerostipes;s__Anaerostipes_hadrus	k__Bacteria;p__Firmicutes;c__Clostridia;o__Clostridiales;f__Ruminococcaceae;g__Ruminococcus;s__Ruminococcus_lactaris	k__Bacteria;p__Firmicutes;c__Clostridia;o__Clostridiales;f__Clostridiaceae;g__Clostridium;s__Clostridium_sp._L2-50	k__Bacteria;p__Firmicutes;c__Clostridia;o__Clostridiales;f__Clostridiaceae;g__Clostridium;s__Clostridium_sp._M62/1	k__Bacteria;p__Firmicutes;c__Clostridia;o__Clostridiales;f__;g__Intestinimonas;s__Intestinimonas_butyriciproducens	k__Bacteria;p__Actinobacteria;c__Actinobacteria;o__Bifidobacteriales;f__Bifidobacteriaceae;g__Bifidobacterium;s__Bifidobacterium_bifidum	k__Bacteria;p__Firmicutes;c__Negativicutes;o__Veillonellales;f__Veillonellaceae;g__Dialister;s__Dialister_invisus	k__Bacteria;p__Bacteroidetes;c__Bacteroidia;o__Bacteroidales;f__Bacteroidaceae;g__Bacteroides;s__Bacteroides_salanitronis
k__Bacteria;p__Bacteroidetes;c__Bacteroidia;o__Bacteroidales;f__Bacteroidaceae;g__Bacteroides;s__Bacteroides_vulgatus	1.0	-0.0654636512451	-0.063637897188	-0.0416768752279	0.0673002467843	0.0286918150711	-0.0210438207631	-0.061294635061	-0.021279606131	-0.0424300083883	-0.04392482538	0.0147624475116	0.033106057843	0.00849266645824	0.0147421459279	-0.0141256083947	-0.0701086075323	-0.0148083056301	0.0290397356154	0.00511201528059	0.0019988751775	-0.0732999714254	-0.03611297152	-0.0280803141739	-0.0482402764997	0.0125430696027	-0.0570466194891	-0.0801741102482	-0.0143454211014	0.0671296654848	-0.0588995725701	0.0191203681415	0.000557475945394	0.034882206461	-0.0310946566911	0.0591475516618	0.0461624739331	-0.0405138546852	-0.0208799460482	-0.064404137938	-0.047118571341	0.00548619431622	-0.0250343665624	0.0306689463386	-0.00189607595349	0.0198724449827	0.0398628633774	0.0147374902954	-0.0135968053381	0.00476235035626	0.019294565816	0.017702090209	-0.0192586089529	0.0102726433361	-0.0613246675011	0.0264207804475	-0.0276881438185	-0.037017722454	-0.017826894917
k__Bacteria;p__Bacteroidetes;c__Bacteroidia;o__Bacteroidales;f__Bacteroidaceae;g__Bacteroides;s__Bacteroides_uniformis	-0.0654636512451	1.0	0.00166596506515	-0.0861667857029	0.00232111929257	-0.0269749398664	0.0402656518084	-0.0703359330436	-0.0501237538456	0.0199102883601	0.0100864186869	0.00832129443244	-0.0552991959185	0.0307069812102	0.0232645119777	0.0200177161107	-0.0172560985024	0.0687674777371	-0.0550930510055	-0.00776460312896	0.00995463426172	0.0140209640969	-0.047457900117	-0.0236740063226	-0.00386489034643	0.00511377008834	0.0175190528453	-0.0319131542046	0.000476978201867	0.0178937310052	-0.0391925494737	-0.0413222415812	0.0452967557841	-0.0345383385191	0.0138597232832	0.0217074894982	-0.0405513030974	0.0155672396962	0.0491723821533	-0.00649960709467	0.0177781802678	0.0153797827833	-0.0580133822042	-0.0501197726729	0.00316739719163	-0.041179693188	-0.00944290152496	-0.0580729533037	0.0280551890257	-0.0447107465196	-0.0158816913943	0.0350077945573	0.0357073785393	-0.0159028163555	0.00937823519933	-0.0157999280508	-0.0556873353632	0.0478870986025	-0.0467760534064
k__Bacteria;p__Bacteroidetes;c__Bacteroidia;o__Bacteroidales;f__Rikenellaceae;g__Alistipes;s__Alistipes_putredinis	-0.063637897188	0.00166596506515	1.0	-0.0264757469861	0.0177410800086	0.0310703945243	0.00796607675887	-0.00884824599789	-0.047244262113	-0.0471542949867	0.0194878002252	0.00263248424563	-0.0161444450019	-0.0724631749931	-0.00369392456022	0.0163822255479	-0.0730988208047	-0.0600844588859	0.0135748725351	-0.0134495668122	0.00424733561499	-0.0135546774087	-0.059820868293	-0.00917830230981	0.04310252471	0.037291579617	0.0246727213546	-0.0364703330911	0.00125955149234	-0.00436601356556	0.0170860119346	-0.0144940906053	-0.0188608982599	-0.0386026387315	0.119839709458	0.0418054199088	-0.042157367608	-0.0152178327369	-0.0386910127794	-0.00622012862884	-0.0767790535564	0.00190629213209	0.0223834053116	0.00620966395453	-0.0174073495	0.0331607504321	-0.00693272406696	-0.0551555902416	0.0130327055641	-0.00465057249146	0.0471689739929	-0.00453456160213	0.0260792023346	0.0275618318315	-0.00595002512004	0.0194741843011	-0.0146575981917	0.0145924946608	0.00498159019011
k__Bacteria;p__Bacteroidetes;c__Bacteroidia;o__Bacteroidales;f__Prevotellaceae;g__Prevotella;s__Prevotella_copri	-0.0416768752279	-0.0861667857029	-0.0264757469861	1.0	-0.0266879497049	-0.0160297196692	-0.00436951624943	0.0408540693843	-0.0431751031011	0.0355987673108	0.0141104152111	-0.00145236205225	0.0175798387102	-0.027413141396	-0.00451705801922	-0.0459520840794	0.0448331821111	0.0023675629055	-0.0434177872174	-0.0237241075815	0.00541018918243	-0.0415558456903	0.0167697545046	-0.0015367495302	0.0416383521167	-0.0493990204848	0.00869903210233	0.0037728356721	-0.021881365342	-0.0183549965245	-0.0245677884046	-0.0230903576868	-0.0278104634793	-0.0208258412152	-0.0115208687498	0.0627947119922	0.0309822737687	-0.0242347885993	0.0184573531239	0.0305908262901	-0.0190064708792	0.0151193611307	-0.0160663036812	-0.0746004484871	0.00966250576888	-0.0147814721304	-0.0272543946301	-0.0126924377979	-0.0472042681096	-0.0107480505227	-0.00703554909085	0.00879677639471	0.0543838456931	-0.0235723682168	-0.0730852628505	-0.0337156749878	0.0226774936488	0.0409240369154	-0.0441332022371
k__Bacteria;p__Bacteroidetes;c__Bacteroidia;o__Bacteroidales;f__Bacteroidaceae;g__Bacteroides;s__Bacteroides_stercoris	0.0673002467843	0.00232111929257	0.0177410800086	-0.0266879497049	1.0	-0.0557584119768	0.0462431913378	-0.0482759417842	-0.0437060794657	-0.0236605365985	0.039670844592	-0.0304040890976	0.00511188692266	0.031186997398	-0.00601950689976	-0.070990145172	0.00144591749485	-0.0336555532519	0.0213787211812	-0.0419521855166	-0.00187813346175	-0.039857735714	0.0111580452393	-0.0398204894494	-0.0188651321201	0.03179982182	-0.0134143125713	-0.00472632688074	0.018478735869	-0.0302368274978	0.0100931244509	-0.0309367994661	0.0650910095081	0.0702587040805	-0.0501826014916	0.00183647535442	-0.0459469089566	-0.0740843719874	0.00513697536794	-0.00507414963209	-0.0243590253666	0.0329706266393	0.00930986079309	0.0203249058051	-0.022262057721	0.00607213357815	-0.0242527086069	-0.0478697716199	0.0372364695523	-0.00541997240255	-0.0557994902925	-0.0446445391874	-0.0599476418402	-0.0109487074943	-0.0154217054263	0.100065525283	-0.0115360548704	-0.0251501443735	0.0507906853181
k__Bacteria;p__Bacteroidetes;c__Bacteroidia;o__Bacteroidales;f__Bacteroidaceae;g__Bacteroides;s__Bacteroides_ovatus	0.0286918150711	-0.0269749398664	0.0310703945243	-0.0160297196692	-0.0557584119768	1.0	-0.0152596282761	0.0200445201576	0.0779281473901	0.044511188789	-0.00371043657087	5.21750376561e-05	-0.0511487689749	-0.0373546267756	0.00812061566302	-0.0214814294577	0.00296526405954	-0.041228589819	-0.0637147625156	0.0597431900399	-0.0399615577051	-0.0255616489466	0.0062911233102	0.0395604109098	-0.058516603624	-0.0313817552858	-0.064507133315	0.0207747296203	0.0123867668958	-0.0182877590856	-0.0517947201207	-0.016425035986	0.00863970265579	-0.0523192445686	0.0500733151217	0.132362218007	-0.00363338960953	0.0300846779157	-0.0257800779206	-0.0230664966732	0.045511193909	0.0149974196977	-0.0615424547686	-0.0533250946711	-0.0312630950638	0.0203427979351	0.0552802631305	-0.057411200027	0.0668758566644	0.0372177580656	-0.0529416541269	-0.0169408619673	-0.0289191397428	-0.0114402970847	-0.0582854105143	-0.0339539258591	0.0557257852412	-0.0239595684004	-0.0377274450601
k__Bacteria;p__Bacteroidetes;c__Bacteroidia;o__Bacteroidales;f__Rikenellaceae;g__Alistipes;s__Alistipes_shahii	-0.0210438207631	0.0402656518084	0.00796607675887	-0.00436951624943	0.0462431913378	-0.0152596282761	1.0	0.0166253614283	-0.0359368088859	0.041965867984	-0.0438637717575	0.00219214787143	-0.0314866541195	-0.051957066241	0.0315106086595	0.0165328723024	0.0434943040142	0.0130282039637	0.012391355163	-0.0455702633881	-0.0818748693348	-0.0123616014001	-0.0128894144399	-0.00330169565771	-0.044491756392	0.0237600416885	0.0732962851356	0.0272977189039	0.0432209619398	-0.0453447302427	-0.00623487222816	0.0504376146454	-0.01732373184	0.038076801155	-0.0692124078111	-0.0255854280167	0.0115586582379	-0.0444646220673	-0.0219475422271	-0.0967160093863	-0.0448708802106	0.0177354292525	0.00650161538559	-0.0491508620464	-0.00441244124865	-0.0474229436944	0.0394046939426	-0.0423625386063	-0.0212491239744	0.0285999498216	-0.0485870939767	-0.082563250671	-0.000562297623206	0.0430628868477	-0.000841891799809	-0.0344206680594	-0.0447515939609	-0.0270379002273	0.0268621766305
k__Bacteria;p__Firmicutes;c__Clostridia;o__Clostridiales;f__Ruminococcaceae;g__Faecalibacterium;s__Faecalibacterium_prausnitzii	-0.061294635061	-0.0703359330436	-0.00884824599789	0.0408540693843	-0.0482759417842	0.0200445201576	0.0166253614283	1.0	-0.000422751460679	-0.00654274091914	0.0577257652854	-0.0428818770968	-0.0513921916267	-0.0187018218857	-0.09490242037	0.000523199720205	0.0328546006042	-0.00779374450808	-0.00890644098464	0.0113257389418	-0.0248660692824	-0.0252186026024	0.00820449902667	-0.00825884802186	-0.0150356173708	0.0437196736007	-0.0120054068871	-0.0205430163125	-0.0656980701548	0.0176876768438	-0.0107569814447	0.00191685525059	-0.00477569714601	0.023831579176	-0.0312151614199	-0.040201135019	-0.0416619351199	0.00436268493692	-0.0114499013009	0.0216386925768	-0.033250569312	0.0112540240622	0.0322487812856	0.0152769746938	-0.0326549810573	0.060976648054	-0.0446002814386	0.0203355824846	-0.0127284803275	0.013379679484	0.0313680737797	-0.00305609688574	0.00335422058053	-0.00615067902226	0.00351818726919	0.0315637445579	0.0391002935221	-0.0378213659169	0.0217179750308
k__Bacteria;p__Bacteroidetes;c__Bacteroidia;o__Bacteroidales;f__Rikenellaceae;g__Alistipes;s__Alistipes_finegoldii	-0.021279606131	-0.0501237538456	-0.047244262113	-0.0431751031011	-0.0437060794657	0.0779281473901	-0.0359368088859	-0.000422751460679	1.0	-0.0773866206369	-0.0127347540619	0.0146443483846	0.0585300976121	-0.0103495822849	-0.00526686835592	-0.0182298482783	0.0249832717676	0.0013923588477	-0.0935238983853	0.0122430888464	0.0168665168251	0.0128954545264	0.0530367117004	0.0260815475176	-0.0156900255346	-0.0573555583663	-0.0546301767021	-0.00129305908858	0.0280924739417	-0.000166456270335	0.0131241806498	-0.0447469801916	-0.0373555080412	0.00687953076334	0.00801058870263	0.00407382767786	-0.0530999824065	-0.0058587117684	0.00094247816774	-0.0118115633581	-0.0444685153579	0.0308225630403	-0.00568554703803	0.000527135186079	0.00418488659095	0.0757347382418	-0.0588331137431	0.0371627924568	-0.0745100500246	0.0179850465744	-0.0215086574425	0.00228412723497	-0.0169490674081	0.0922200324347	-0.0695020002555	-0.0596202373634	-0.0177992829942	-0.00926492883552	0.00668934249127
k__Bacteria;p__Bacteroidetes;c__Bacteroidia;o__Bacteroidales;f__Porphyromonadaceae;g__Parabacteroides;s__Parabacteroides_distasonis	-0.0424300083883	0.0199102883601	-0.0471542949867	0.0355987673108	-0.0236605365985	0.044511188789	0.041965867984	-0.00654274091914	-0.0773866206369	1.0	0.0293387489468	0.00675464831817	-0.0425797870361	-0.00175344257119	-0.0315569212222	0.0132385648885	0.0105902506971	-0.0241182884755	-0.0518481483343	-0.00980483690513	-0.015934289728	-0.0262088895626	-0.0334772976358	-0.0702534669535	-0.0359427214161	-0.0584749211466	0.0429377774126	-0.00360684896677	0.0592404098089	-0.00413153591832	-0.00897376071608	-0.0284208515729	0.00164119469364	0.0190313709968	-0.0103520910886	-0.0381258860524	-0.0390943217448	0.0973290582806	-0.0173966328073	0.0183788328899	0.0172492809739	-0.0315316466015	-0.0257877636376	0.0138212164739	0.0209631220632	-0.0325731009314	0.0167192611629	-0.0268506675557	-0.00788886489248	0.0201170378308	-0.000312838482759	-0.0155611736483	-0.0453046839681	-0.0280606685439	-0.0617141893319	-0.018408283562	-0.0646210964015	0.0344947470656	0.0680888693649
k__Bacteria;p__Bacteroidetes;c__Bacteroidia;o__Bacteroidales;f__Bacteroidaceae;g__Bacteroides;s__Bacteroides_thetaiotaomicron	-0.04392482538	0.0100864186869	0.0194878002252	0.0141104152111	0.039670844592	-0.00371043657087	-0.0438637717575	0.0577257652854	-0.0127347540619	0.0293387489468	1.0	-0.00174450248545	-0.0178769123462	0.000970199867209	0.0129067910134	-0.00121135763909	-0.0152726520194	0.0404406223327	-0.00848778418059	-0.0471054690593	0.0418016599112	-0.0232767102853	-0.00772804189456	-0.0846917934749	-0.0717645481428	-0.00297757846403	-0.0330836476687	-0.00868238056771	-0.0489062020062	-0.0520994893741	-0.051658649951	0.073064069168	-0.0552882737033	-0.0271552811433	-0.0447508196466	-0.0066056502343	-0.00342901868094	0.0229912217284	0.0235657282249	0.00346903090041	-0.00389145181311	-0.0503126578795	0.0110756752425	-0.0563875342867	-0.0191094392302	0.0211280686728	-0.0562569659347	0.0366391796926	-0.00278667683586	0.00328421586514	-0.0439848222738	0.0290260945866	-0.0315337295547	0.0307842159948	-0.00413276608331	-0.000664192878056	0.0303211838033	-0.0323616477294	-0.00869482923098
k__Bacteria;p__Bacteroidetes;c__Bacteroidia;o__Bacteroidales;f__Bacteroidaceae;g__Bacteroides;s__Bacteroides_coprocola	0.0147624475116	0.00832129443244	0.00263248424563	-0.00145236205225	-0.0304040890976	5.21750376562e-05	0.00219214787143	-0.0428818770968	0.0146443483846	0.00675464831817	-0.00174450248545	1.0	-0.00285570684007	-0.041197684223	-0.0174149121463	-0.0776092025847	-0.00681315939962	-0.0383466775237	0.0196428411439	-0.0330542064817	-0.0109835797777	0.0394222125265	0.0290212663574	0.00980283109124	0.0158110016209	-0.0138949180763	-0.00728762267362	-0.011196749225	-0.0860010427532	-0.00620405962275	-0.0625351188802	-0.0347315886381	0.0362053506649	-0.0138773793881	-0.00889507644066	-0.0296566866527	0.00261897034734	0.0259337535972	-0.00232122614683	-0.0578675321525	0.0604516942625	-0.0302315096406	0.00524590605064	-0.00442376356951	-0.0335756010197	-0.0634526598805	-0.0503440606161	0.0137106394676	-0.0391123009101	-0.0785679154309	-0.0120693150261	-0.0470919305797	0.00938326742754	0.00494898926145	0.00085009622081	0.0250893190615	-0.0422893002101	-0.0406271594327	0.0120564652584
k__Bacteria;p__Bacteroidetes;c__Bacteroidia;o__Bacteroidales;f__Bacteroidaceae;g__Bacteroides;s__Bacteroides_cellulosilyticus	0.033106057843	-0.0552991959185	-0.0161444450019	0.0175798387102	0.00511188692266	-0.0511487689749	-0.0314866541195	-0.0513921916267	0.0585300976121	-0.0425797870361	-0.0178769123462	-0.00285570684007	1.0	0.0219223324392	0.0180795542897	0.000876750241728	-0.0441401625562	-0.0231326588068	0.0236413769464	0.0279281206891	0.00317549439906	0.00347996714931	-0.0294849504668	-0.0212167113705	-0.000250980225189	-0.0728109187055	0.0207203957892	-0.00665624528101	-0.0522665458599	0.0347388095731	-0.0302379442075	-0.00695553789366	-0.0116420774326	0.0128298355305	0.0357918929755	-0.00263627596623	-0.00810879894973	-0.0217629554734	0.053602769823	0.0232305450946	0.00479980286113	0.0513201766972	0.00192595736721	-0.0615327991317	-0.0055661090779	0.0164776111435	0.0214657081608	0.0641155271383	0.067472314602	-0.0461040398525	-0.100480365393	-0.0244539911862	0.00607515215266	-0.0109888384353	-0.0530569667488	-0.0268074250889	0.0115788335298	0.00724996391191	-0.0398851352915
k__Bacteria;p__Bacteroidetes;c__Bacteroidia;o__Bacteroidales;f__Rikenellaceae;g__Alistipes;s__Alistipes_obesi	0.00849266645824	0.0307069812102	-0.0724631749931	-0.027413141396	0.031186997398	-0.0373546267756	-0.051957066241	-0.0187018218857	-0.0103495822849	-0.00175344257119	0.000970199867209	-0.041197684223	0.0219223324392	1.0	-0.0126893692169	0.0454257318611	0.0217501295655	0.00670926219707	-0.0907496381947	-0.0288631459232	0.0119811731813	0.0236403684604	-0.051006513976	-0.00256934941035	-0.0109666394154	-0.0418471752738	-0.00567861543497	-0.0199057477057	0.0426424167414	-0.0404109430669	-0.0338003256149	-0.0403408648375	-0.00587880526183	0.0473691081534	-0.0248793642385	0.0073616855679	-0.0465256077646	-0.0396642433226	-0.0275528381011	0.0370404971992	0.0208158398581	0.00299220485433	-0.0185566886994	0.0601285236107	-0.000982158904635	-0.0268293110677	-0.0178482172727	-0.0750913289934	-0.00660652648906	-0.052327056417	-0.0468773129641	-0.0640551647346	-0.0625766101158	0.0107834607832	0.0212835383192	0.074214909311	-0.0405450771577	0.00951929000119	0.0371316418575
k__Bacteria;p__Firmicutes;c__Clostridia;o__Clostridiales;f__Lachnospiraceae;g__;s__[Eubacterium]_rectale	0.0147421459279	0.0232645119777	-0.00369392456022	-0.00451705801922	-0.00601950689976	0.00812061566302	0.0315106086595	-0.09490242037	-0.00526686835592	-0.0315569212222	0.0129067910134	-0.0174149121463	0.0180795542897	-0.0126893692169	1.0	-0.0216321467901	0.0378523029216	-0.00581015379533	0.0233821086844	-0.00942373597363	0.0112379971757	0.0329377272297	0.0555068904447	-0.0536144351135	-0.0188183710658	-0.0190195362484	0.0223538724681	-0.0331640394372	0.0159371170535	-0.00518846785237	0.00642258334597	-0.0425545648313	0.0641224034331	-0.0340178629626	-0.0224585429626	-0.00887684052076	0.087468560957	-0.0333378003044	-0.0288118370738	0.0375116575878	-0.0180070189261	-0.00824499211439	-0.0367630214067	-0.0135096848328	0.00192566809287	-0.0466620401045	-0.030587507035	-0.0798186440145	-0.0586123978245	-0.017213677942	-0.0210690977717	0.00441045679505	-0.059426941675	-0.0394144706172	-0.0537941185787	0.0406346915908	-0.00614908736268	0.00121327598226	-0.0325753463448
k__Bacteria;p__Bacteroidetes;c__Bacteroidia;o__Bacteroidales;f__Bacteroidaceae;g__Bacteroides;s__Bacteroides_plebeius	-0.0141256083947	0.0200177161107	0.0163822255479	-0.0459520840794	-0.070990145172	-0.0214814294577	0.0165328723024	0.000523199720205	-0.0182298482783	0.0132385648885	-0.00121135763909	-0.0776092025847	0.000876750241727	0.0454257318611	-0.0216321467901	1.0	0.0198039261533	-0.0428798745361	-0.00635360419632	0.017655411975	0.00996258169646	-0.0679880073802	0.0326532411582	0.0597604038612	-0.000632998891907	-0.00223279927089	-0.0292172062685	-0.0435984191587	-0.00273011436411	-0.0274114197884	-0.0045876654014	-0.033253396713	-0.028813370231	0.0484282980443	-0.00547266240494	-0.0430309376445	-0.0355089002472	0.0370780105245	-0.0211365086229	-0.0560270437914	0.00898264801044	-0.0259577912397	-0.0256571589122	-0.0352886749469	-0.0122557448976	0.0319408319298	-0.0313878279968	-0.081170254049	-0.0390824385551	0.00779092843353	0.0356371293084	0.0275568006537	-0.0284746866729	0.0208556375564	0.0104556646281	-0.0303335013742	0.0244827014127	0.00512988698305	0.0424259697844
k__Bacteria;p__Bacteroidetes;c__Bacteroidia;o__Bacteroidales;f__Bacteroidaceae;g__Bacteroides;s__Bacteroides_fragilis	-0.0701086075323	-0.0172560985024	-0.0730988208047	0.0448331821111	0.00144591749485	0.00296526405954	0.0434943040142	0.0328546006042	0.0249832717676	0.0105902506971	-0.0152726520194	-0.00681315939962	-0.0441401625562	0.0217501295655	0.0378523029216	0.0198039261533	1.0	-0.0627869828817	-0.0618077657864	-0.052938957323	-0.00786077718791	-0.037768821295	0.0115810257184	-0.0187975271615	-0.015259763097	-0.000561189331822	0.0501182946046	-0.0302011452019	-0.0651625546277	-0.00115681112816	0.0123484559144	-0.0355338427881	-0.0352669103885	-0.0094904622924	0.0119438682853	-0.00559803188723	0.0206922638268	0.0232661906475	-0.019682869899	-0.0238138933843	-0.0247304729934	-0.015981472868	-0.0542365531728	-0.0313948846661	-0.0574322613545	0.00666694379252	-0.0218733898061	0.0152756756939	-0.00153607243073	0.0362589433453	0.0317796923858	0.0194155331007	-0.0076363435647	-0.0169603849501	0.0345126080984	-0.0605440612006	0.0187869342333	-0.033185041489	-0.0537872173826
k__Bacteria;p__Proteobacteria;c__Betaproteobacteria;o__Burkholderiales;f__Sutterellaceae;g__Sutterella;s__Sutterella_wadsworthensis	-0.0148083056301	0.0687674777371	-0.0600844588859	0.0023675629055	-0.0336555532519	-0.041228589819	0.0130282039637	-0.00779374450808	0.0013923588477	-0.0241182884755	0.0404406223327	-0.0383466775237	-0.0231326588068	0.00670926219707	-0.00581015379533	-0.0428798745361	-0.0627869828817	1.0	-0.0141321718055	-0.0538653710067	0.00742041373257	-0.0310371790955	-0.0209125479481	0.0751172956199	-0.0321019809502	-0.0149617521669	0.0443035900988	0.00853704500549	-0.00693361776797	-0.0107614566836	-0.000326201188154	-0.0311638819992	0.0385543793537	-0.012117551799	0.0377295499356	-0.0233905171743	-0.0149783490231	0.0368544950319	0.000449739504577	-0.114556193044	0.03905539582	-0.0114403451032	0.035248250216	0.0333774804442	-0.0131453378912	0.0237982901361	0.0264312649307	0.0153165622497	-0.0155695968482	-0.111239070295	-0.0106112362539	-0.0502855456619	-0.00158286035485	-0.067106125147	0.0286220233917	-0.0120340131543	-0.0153939439131	-0.0434366551573	-0.0560427422726
k__Bacteria;p__Bacteroidetes;c__Bacteroidia;o__Bacteroidales;f__Porphyromonadaceae;g__Barnesiella;s__Barnesiella_intestinihominis	0.0290397356154	-0.0550930510055	0.0135748725351	-0.0434177872174	0.0213787211812	-0.0637147625156	0.012391355163	-0.00890644098464	-0.0935238983853	-0.0518481483343	-0.00848778418059	0.0196428411439	0.0236413769464	-0.0907496381947	0.0233821086844	-0.00635360419632	-0.0618077657864	-0.0141321718055	1.0	-0.0335726999311	0.00531291745588	0.0330404487131	0.0293450084129	-0.0491886767418	0.0490129741778	-0.0285112705803	-0.0680005307255	-0.0748711869299	-0.0192066395614	0.0122304314155	0.0335506153176	0.0171916486822	0.00962332665903	0.0488087747252	0.0373015948905	0.010036944268	0.010600466259	-0.0796751846913	0.00952787679683	-0.0219216503606	-0.00141565244098	0.0314231698824	0.0294668216715	-0.0444449026957	0.00345369641298	-0.0276135962004	0.0304464142829	-0.0266696821542	0.000578667527449	-0.0211859545906	-0.0080675707697	-0.00424359038162	-0.00454545942419	0.0599767573793	-0.022322275486	-0.0035954297853	0.0115634334533	-0.00995888895866	-0.0131065906884
k__Bacteria;p__Bacteroidetes;c__Bacteroidia;o__Bacteroidales;f__Odoribacteraceae;g__Odoribacter;s__Odoribacter_splanchnicus	0.00511201528059	-0.00776460312896	-0.0134495668122	-0.0237241075815	-0.0419521855166	0.0597431900399	-0.0455702633881	0.0113257389418	0.0122430888464	-0.00980483690513	-0.0471054690593	-0.0330542064817	0.0279281206891	-0.0288631459232	-0.00942373597363	0.017655411975	-0.052938957323	-0.0538653710067	-0.0335726999311	1.0	0.0377265993524	-0.0296871480806	-0.0243570326809	0.042162998308	0.0607823122016	-0.0241174247761	0.0150690455434	-0.0234483261615	0.00290328268798	-0.0414022888394	-0.0356994897863	-0.0329946520888	-0.0228278401164	-0.0115399603308	0.0646724286265	-0.0235245609471	0.00414586477419	0.0157390708434	-0.0204363362486	0.0641817373816	-0.00141800004516	-0.00477104682796	0.0242438401486	-1.24662407225e-05	0.0598526558576	-0.0457817921952	0.00262197655652	-0.0241946573566	-0.0222468077032	-2.44336984218e-05	0.0151406334903	-0.0162091985893	-0.0494738416957	-0.013441137965	0.00908070191446	0.0174739217843	0.0158690416894	-0.00603894384005	-0.0334380134906
k__Bacteria;p__Bacteroidetes;c__Bacteroidia;o__Bacteroidales;f__Bacteroidaceae;g__Bacteroides;s__Bacteroides_salyersiae	0.0019988751775	0.00995463426172	0.00424733561499	0.00541018918243	-0.00187813346175	-0.0399615577051	-0.0818748693348	-0.0248660692824	0.0168665168251	-0.015934289728	0.0418016599112	-0.0109835797777	0.00317549439906	0.0119811731813	0.0112379971757	0.00996258169646	-0.00786077718791	0.00742041373257	0.00531291745588	0.0377265993524	1.0	0.0415111568506	-0.00206852347799	-0.0043858931434	-0.0404789693563	0.00992851362185	-0.014389596826	0.0154686000752	0.00188472953217	-0.0125117404485	0.000497514462994	0.0138882387297	0.0374805898727	0.0229256798408	-0.0141798638286	-0.0196785243316	-0.0322093777057	-0.0189391215831	-0.0174536824555	-0.00596237507571	-0.0656991796637	-0.0221694008208	-0.026022298062	-0.0078363489559	-0.000927498106757	-0.0154088196953	0.00987534573802	-0.0410041575133	-0.037557058592	-0.017271558304	-0.00384044724875	-0.0266277114759	-0.0371072518585	-0.0203013225102	-0.00876766973707	0.0740033925619	-0.00188901883165	0.00285965415396	-0.0219649726481
k__Bacteria;p__Firmicutes;c__Clostridia;o__Clostridiales;f__Ruminococcaceae;g__Ruminiclostridium;s__[Eubacterium]_siraeum	-0.0732999714254	0.0140209640969	-0.0135546774087	-0.0415558456903	-0.039857735714	-0.0255616489466	-0.0123616014001	-0.0252186026024	0.0128954545264	-0.0262088895626	-0.0232767102853	0.0394222125265	0.00347996714931	0.0236403684604	0.0329377272297	-0.0679880073802	-0.037768821295	-0.0310371790955	0.0330404487131	-0.0296871480806	0.0415111568506	1.0	-0.0530215875006	-0.027446720643	-0.0487557273573	-0.0191773542587	-0.0267756355063	-0.0133896321833	-0.0397639569616	-0.028789806808	-0.0638348367794	-0.0295667571719	0.0429894920353	-0.0193042092725	-0.00297063834292	0.0166153235366	-0.0104631564026	-0.0355883532005	-0.039005564304	0.0234508802091	0.0527763619103	-0.0373135659274	0.000329848450264	-0.0743999429497	-0.0195671434198	0.0199848709289	-0.042411857762	-0.0403654832933	-0.00765603346206	0.0359669621008	-0.0297995506755	0.0253298596721	0.0797472625706	-0.000878768892411	-0.0311526302259	0.0260886365151	-0.00693570055788	0.0172786584427	-0.017449215138
k__Bacteria;p__Proteobacteria;c__Betaproteobacteria;o__Burkholderiales;f__Sutterellaceae;g__Parasutterella;s__Parasutterella_excrementihominis	-0.03611297152	-0.047457900117	-0.059820868293	0.0167697545046	0.0111580452393	0.0062911233102	-0.0128894144399	0.00820449902667	0.0530367117004	-0.0334772976358	-0.00772804189456	0.0290212663574	-0.0294849504668	-0.051006513976	0.0555068904447	0.0326532411582	0.0115810257184	-0.0209125479481	0.0293450084129	-0.0243570326809	-0.00206852347799	-0.0530215875006	1.0	-0.04006673579	0.0377501893406	-0.0486862666274	-0.0128032327014	0.0569229080316	-0.00531650242108	0.0526033385412	-0.0456011665321	0.0401003258377	-0.0225192790273	-0.0257852155906	-0.0680306020821	0.0205656450805	-0.0419900585137	-0.0488151737254	0.0224461360079	0.019482594482	-0.0643851612371	-0.015719641228	0.0420509756514	-0.0545465663462	-0.0263929269894	-0.0111767457056	0.0166669721435	0.00303855393514	-0.0394027963371	-0.0481555169452	-0.0136900283824	0.0283731606676	0.00124292769402	0.000363310948002	-0.000360350205153	-0.0409108862491	-0.00185019937915	0.00332185347522	-0.00468896489791
k__Bacteria;p__Actinobacteria;c__Actinobacteria;o__Bifidobacteriales;f__Bifidobacteriaceae;g__Bifidobacterium;s__Bifidobacterium_adolescentis	-0.0280803141739	-0.0236740063226	-0.00917830230981	-0.0015367495302	-0.0398204894494	0.0395604109098	-0.00330169565771	-0.00825884802186	0.0260815475176	-0.0702534669535	-0.0846917934749	0.00980283109124	-0.0212167113705	-0.00256934941034	-0.0536144351135	0.0597604038612	-0.0187975271615	0.0751172956199	-0.0491886767418	0.042162998308	-0.0043858931434	-0.027446720643	-0.04006673579	1.0	-0.0880638149694	0.00395478180081	-0.0100656535486	-0.0212911207701	0.0510849559364	0.0307022592423	-0.0168297558866	0.021784597325	-0.00691309287838	-0.00818974113418	0.0312333213067	0.00612479126734	-0.0396772377759	-0.0454628750716	-0.0382459625921	0.00218770708356	-0.00192875295876	0.011934563171	0.0366386699027	-0.00978754768634	-0.0161856090089	-0.038800355438	-0.0796191217681	0.032441717894	-0.00537077082434	-0.00620899496952	-0.00886183574789	0.00746568361822	0.0183959081204	-0.0248372986223	0.0219366483952	-0.0262505486695	-0.022110468846	0.0124989396574	-0.000127972972927
k__Bacteria;p__Firmicutes;c__Clostridia;o__Clostridiales;f__Oscillospiraceae;g__Oscillibacter;s__Oscillibacter_sp._KLE_1745	-0.0482402764997	-0.00386489034643	0.04310252471	0.0416383521167	-0.0188651321201	-0.058516603624	-0.044491756392	-0.0150356173708	-0.0156900255346	-0.0359427214161	-0.0717645481428	0.0158110016209	-0.000250980225189	-0.0109666394154	-0.0188183710658	-0.000632998891907	-0.015259763097	-0.0321019809502	0.0490129741778	0.0607823122016	-0.0404789693563	-0.0487557273573	0.0377501893406	-0.0880638149694	1.0	-0.020969797598	0.0897165897429	-0.0378896470192	-0.0403116639085	-0.0383274320825	0.0475714456832	-0.000512692474768	-0.0132259211456	-0.0415651609938	0.0373319333624	-0.0252932231511	0.0405042763355	-0.0375482803863	-0.0221629988946	0.0635896126766	0.0189815418235	0.0338200880194	0.0338677798067	0.0396270238088	-0.0199592069253	-0.0173819197517	0.0015673194297	-0.0481318062695	-0.0601911418736	-0.0638506119381	0.0357344869327	0.00466835692135	-0.0102519758732	0.0319421344327	0.00219437745084	-0.0157944751291	0.0277826975365	0.0338175859734	0.00531397628927
k__Bacteria;p__Bacteroidetes;c__Bacteroidia;o__Bacteroidales;f__Bacteroidaceae;g__Bacteroides;s__Bacteroides_coprophilus	0.0125430696027	0.00511377008834	0.037291579617	-0.0493990204848	0.03179982182	-0.0313817552858	0.0237600416885	0.0437196736007	-0.0573555583663	-0.0584749211466	-0.00297757846403	-0.0138949180763	-0.0728109187055	-0.0418471752738	-0.0190195362484	-0.00223279927089	-0.000561189331822	-0.0149617521669	-0.0285112705803	-0.0241174247761	0.00992851362185	-0.0191773542587	-0.0486862666274	0.00395478180081	-0.020969797598	1.0	-0.00633521800078	0.0392625855265	-0.0205194238624	0.00120472753025	0.0163003822161	0.0506058178985	-0.0499559280095	-0.0371526045477	-0.106227457687	0.0495605479206	0.0493159062541	0.0622583279377	-0.00272183183068	-0.000464235171049	0.0516435579473	-0.0346046628609	-0.0105834808294	-0.0407626188967	-0.0289517360655	0.0166824856411	-0.0204831092461	0.00753905118626	-0.00851381871675	-0.0200924295224	-0.021292023221	-0.0120072275022	0.0296997647077	-0.0396869110218	-0.0715865470566	0.0246219528168	-0.0296794829252	0.00277151604173	0.0426922018506
k__Bacteria;p__Firmicutes;c__Clostridia;o__Clostridiales;f__Lachnospiraceae;g__Roseburia;s__Roseburia_intestinalis	-0.0570466194891	0.0175190528453	0.0246727213546	0.00869903210233	-0.0134143125713	-0.064507133315	0.0732962851356	-0.0120054068871	-0.0546301767021	0.0429377774126	-0.0330836476687	-0.00728762267362	0.0207203957892	-0.00567861543497	0.0223538724681	-0.0292172062685	0.0501182946046	0.0443035900988	-0.0680005307255	0.0150690455434	-0.014389596826	-0.0267756355063	-0.0128032327014	-0.0100656535486	0.0897165897429	-0.00633521800078	1.0	-0.0451753766245	-0.0206459494137	-0.0173525822331	0.00990557364974	-0.0382088010951	-0.0012092833568	-0.00915077778053	-0.0266217192066	-0.0358311318627	-0.0375043733109	-0.0251683549946	0.0765253228473	0.0178059229886	-0.0670880066533	0.0256299599261	0.0112590977552	-0.0216289587293	7.09750451013e-05	-0.0339978690943	0.035072948196	-0.0312355567758	-0.0758192487772	-0.0797960458967	-0.00725208873905	-0.0245665523058	0.0175519466671	0.0063200999089	0.0143278117535	0.0227030821304	0.00384558232979	0.102195187181	-0.0313534987806
k__Bacteria;p__Firmicutes;c__Clostridia;o__Clostridiales;f__Lachnospiraceae;g__Roseburia;s__Roseburia_hominis	-0.0801741102482	-0.0319131542046	-0.0364703330911	0.0037728356721	-0.00472632688074	0.0207747296203	0.0272977189039	-0.0205430163125	-0.00129305908858	-0.00360684896677	-0.00868238056771	-0.011196749225	-0.00665624528101	-0.0199057477057	-0.0331640394372	-0.0435984191587	-0.0302011452019	0.00853704500549	-0.0748711869299	-0.0234483261615	0.0154686000752	-0.0133896321833	0.0569229080316	-0.0212911207701	-0.0378896470192	0.0392625855265	-0.0451753766245	1.0	0.0116248323431	-0.0111035421395	0.0270565876081	8.96366042937e-05	0.0129825935723	-0.0313719882758	0.0213632558046	0.0114223116139	-0.0250591307364	-0.0182825275038	-0.010412285157	-0.00109157905997	-0.0566424275	-0.0375554081733	-0.00218235241654	0.0302698478791	-0.00409200779981	0.00454784267185	-0.0273693231952	0.0191291320425	-0.0167596860172	0.0217634429614	-0.0461647607044	-0.0235387206434	-0.0281733459217	0.00339917905209	0.0274907134829	0.0393556791885	-0.0156291286248	0.0245951220779	0.0357409188006
k__Bacteria;p__Bacteroidetes;c__Bacteroidia;o__Bacteroidales;f__Porphyromonadaceae;g__Parabacteroides;s__Parabacteroides_johnsonii	-0.0143454211014	0.000476978201867	0.00125955149234	-0.021881365342	0.018478735869	0.0123867668958	0.0432209619398	-0.0656980701548	0.0280924739417	0.0592404098089	-0.0489062020062	-0.0860010427532	-0.0522665458599	0.0426424167414	0.0159371170535	-0.00273011436411	-0.0651625546277	-0.00693361776797	-0.0192066395614	0.00290328268798	0.00188472953217	-0.0397639569616	-0.00531650242108	0.0510849559364	-0.0403116639085	-0.0205194238624	-0.0206459494137	0.0116248323431	1.0	-0.0331778056023	0.0206681188881	-0.0695353643401	0.0247665057119	0.027409864646	-0.00553652941647	-0.0344696107553	-0.0272235339152	0.00312888574171	0.0289309096311	-0.0181515547744	0.0105033444462	-0.0212966939724	-0.0222095838298	0.0297899791408	0.0116057471853	-0.0282493536136	0.0452775157923	-0.0377398404993	-0.0852871955274	0.0336408351972	-0.0149217876589	-0.0251302651016	-0.0332704562151	-0.0032854995803	0.0293777742752	0.0092704651416	-0.0275817663141	0.0358392015655	0.0184068233757
k__Bacteria;p__Actinobacteria;c__Actinobacteria;o__Bifidobacteriales;f__Bifidobacteriaceae;g__Bifidobacterium;s__Bifidobacterium_longum	0.0671296654848	0.0178937310052	-0.00436601356556	-0.0183549965245	-0.0302368274978	-0.0182877590856	-0.0453447302427	0.0176876768438	-0.000166456270335	-0.00413153591832	-0.0520994893741	-0.00620405962275	0.0347388095731	-0.0404109430669	-0.00518846785237	-0.0274114197884	-0.00115681112816	-0.0107614566836	0.0122304314155	-0.0414022888394	-0.0125117404485	-0.028789806808	0.0526033385412	0.0307022592423	-0.0383274320825	0.00120472753025	-0.0173525822331	-0.0111035421395	-0.0331778056023	1.0	-0.0276379539268	-0.0624458286664	0.0322460198885	-0.019128211777	-0.0109893986211	-0.00891677005234	-0.00320114588631	-0.0668941535561	-0.000116250610669	0.0331236743063	-0.0100611535315	-0.020587938442	-0.0459641395312	-0.039196570597	-0.0630629692606	-0.015757406548	-0.0457942866205	0.00243243193427	0.0305081727226	-0.0210786322832	0.0366804806213	-0.00555180014152	0.0244328549818	0.00662111022094	0.0348438755954	-0.0230571953681	-0.0250626498444	0.00399990300536	0.00354735106919
