#taxonomy	k__Bacteria;p__Bacteroidetes;c__Bacteroidia;o__Bacteroidales;f__Bacteroidaceae;g__Bacteroides;s__Bacteroides_vulgatus	k__Bacteria;p__Bacteroidetes;c__Bacteroidia;o__Bacteroidales;f__Bacteroidaceae;g__Bacteroides;s__Bacteroides_uniformis	k__Bacteria;p__Bacteroidetes;c__Bacteroidia;o__Bacteroidales;f__Rikenellaceae;g__Alistipes;s__Alistipes_putredinis	k__Bacteria;p__Bacteroidetes;c__Bacteroidia;o__Bacteroidales;f__Prevotellaceae;g__Prevotella;s__Prevotella_copri	k__Bacteria;p__Bacteroidetes;c__Bacteroidia;o__Bacteroidales;f__Bacteroidaceae;g__Bacteroides;s__Bacteroides_stercoris	k__Bacteria;p__Bacteroidetes;c__Bacteroidia;o__Bacteroidales;f__Bacteroidaceae;g__Bacteroides;s__Bacteroides_ovatus	k__Bacteria;p__Bacteroidetes;c__Bacteroidia;o__Bacteroidales;f__Rikenellaceae;g__Alistipes;s__Alistipes_shahii	k__Bacteria;p__Firmicutes;c__Clostridia;o__Clostridiales;f__Ruminococcaceae;g__Faecalibacterium;s__Faecalibacterium_prausnitzii	k__Bacteria;p__Bacteroidetes;c__Bacteroidia;o__Bacteroidales;f__Rikenellaceae;g__Alistipes;s__Alistipes_finegoldii	k__Bacteria;p__Bacteroidetes;c__Bacteroidia;o__Bacteroidales;f__Porphyromonadaceae;g__Parabacteroides;s__Parabacteroides_distasonis	k__Bacteria;p__Bacteroidetes;c__Bacteroidia;o__Bacteroidales;f__Bacteroidaceae;g__Bacteroides;s__Bacteroides_thetaiotaomicron	k__Bacteria;p__Bacteroidetes;c__Bacteroidia;o__Bacteroidales;f__Bacteroidaceae;g__Bacteroides;s__Bacteroides_coprocola	k__Bacteria;p__Bacteroidetes;c__Bacteroidia;o__Bacteroidales;f__Bacteroidaceae;g__Bacteroides;s__Bacteroides_cellulosilyticus	k__Bacteria;p__Bacteroidetes;c__Bacteroidia;o__Bacteroidales;f__Rikenellaceae;g__Alistipes;s__Alistipes_obesi	k__Bacteria;p__Firmicutes;c__Clostridia;o__Clostridiales;f__Lachnospiraceae;g__;s__[Eubacterium]_rectale	k__Bacteria;p__Bacteroidetes;c__Bacteroidia;o__Bacteroidales;f__Bacteroidaceae;g__Bacteroides;s__Bacteroides_plebeius	k__Bacteria;p__Bacteroidetes;c__Bacteroidia;o__Bacteroidales;f__Bacteroidaceae;g__Bacteroides;s__Bacteroides_fragilis	k__Bacteria;p__Proteobacteria;c__Betaproteobacteria;o__Burkholderiales;f__Sutterellaceae;g__Sutterella;s__Sutterella_wadsworthensis	k__Bacteria;p__Bacteroidetes;c__Bacteroidia;o__Bacteroidales;f__Porphyromonadaceae;g__Barnesiella;s__Barnesiella_intestinihominis	k__Bacteria;p__Bacteroidetes;c__Bacteroidia;o__Bacteroidales;f__Odoribacteraceae;g__Odoribacter;s__Odoribacter_splanchnicus	k__Bacteria;p__Bacteroidetes;c__Bacteroidia;o__Bacteroidales;f__Bacteroidaceae;g__Bacteroides;s__Bacteroides_salyersiae	k__Bacteria;p__Firmicutes;c__Clostridia;o__Clostridiales;f__Ruminococcaceae;g__Ruminiclostridium;s__[Eubacterium]_siraeum	k__Bacteria;p__Proteobacteria;c__Betaproteobacteria;o__Burkholderiales;f__Sutterellaceae;g__Parasutterella;s__Parasutterella_excrementihominis	k__Bacteria;p__Actinobacteria;c__Actinobacteria;o__Bifidobacteriales;f__Bifidobacteriaceae;g__Bifidobacterium;s__Bifidobacterium_adolescentis	k__Bacteria;p__Firmicutes;c__Clostridia;o__Clostridiales;f__Oscillospiraceae;g__Oscillibacter;s__Oscillibacter_sp._KLE_1745	k__Bacteria;p__Bacteroidetes;c__Bacteroidia;o__Bacteroidales;f__Bacteroidaceae;g__Bacteroides;s__Bacteroides_coprophilus	k__Bacteria;p__Firmicutes;c__Clostridia;o__Clostridiales;f__Lachnospiraceae;g__Roseburia;s__Roseburia_intestinalis	k__Bacteria;p__Firmicutes;c__Clostridia;o__Clostridiales;f__Lachnospiraceae;g__Roseburia;s__Roseburia_hominis	k__Bacteria;p__Bacteroidetes;c__Bacteroidia;o__Bacteroidales;f__Porphyromonadaceae;g__Parabacteroides;s__Parabacteroides_johnsonii	k__Bacteria;p__Actinobacteria;c__Actinobacteria;o__Bifidobacteriales;f__Bifidobacteriaceae;g__Bifidobacterium;s__Bifidobacterium_longum	k__Bacteria;p__Firmicutes;c__Clostridia;o__Clostridiales;f__;g__Flavonifractor;s__Flavonifractor_plautii	k__Bacteria;p__Firmicutes;c__Clostridia;o__Clostridiales;f__Clostridiaceae;g__Clostridium;s__Clostridium_phoceensis	k__Bacteria;p__Verrucomicrobia;c__Verrucomicrobiae;o__Verrucomicrobiales;f__Akkermansiaceae;g__Akkermansia;s__Akkermansia_muciniphila	k__Bacteria;p__Bacteroidetes;c__Bacteroidia;o__Bacteroidales;f__Prevotellaceae;g__Paraprevotella;s__Paraprevotella_xylaniphila	k__Bacteria;p__Firmicutes;c__Clostridia;o__Clostridiales;f__Ruminococcaceae;g__Ruminococcus;s__Ruminococcus_callidus	k__Bacteria;p__Bacteroidetes;c__Bacteroidia;o__Bacteroidales;f__Rikenellaceae;g__Alistipes;s__Alistipes_senegalensis	k__Bacteria;p__Firmicutes;c__Clostridia;o__Clostridiales;f__Lachnospiraceae;g__Blautia;s__Blautia_sp._KLE_1732	k__Bacteria;p__Bacteroidetes;c__Bacteroidia;o__Bacteroidales;f__Bacteroidaceae;g__Bacteroides;s__Bacteroides_oleiciplenus	k__Bacteria;p__Firmicutes;c__Clostridia;o__Clostridiales;f__Ruminococcaceae;g__Ruminococcus;s__Ruminococcus_bicirculans	k__Bacteria;p__Bacteroidetes;c__Bacteroidia;o__Bacteroidales;f__Bacteroidaceae;g__Bacteroides;s__Bacteroides_fluxus	k__Bacteria;p__Bacteroidetes;c__Bacteroidia;o__Bacteroidales;f__Prevotellaceae;g__Prevotella;s__Prevotella_stercorea	k__Bacteria;p__Firmicutes;c__Clostridia;o__Clostridiales;f__Lachnospiraceae;g__Dorea;s__Dorea_longicatena	k__Bacteria;p__Firmicutes;c__Clostridia;o__Clostridiales;f__Eubacteriaceae;g__Eubacterium;s__[Eubacterium]_eligens	k__Bacteria;p__Firmicutes;c__Clostridia;o__Clostridiales;f__Ruminococcaceae;g__;s__Ruminococcaceae_bacterium_D16	k__Bacteria;p__Firmicutes;c__Clostridia;o__Clostridiales;f__Lachnospiraceae;g__Coprococcus;s__Coprococcus_comes	k__Bacteria;p__Proteobacteria;c__Gammaproteobacteria;o__Enterobacterales;f__Enterobacteriaceae;g__Escherichia;s__Escherichia_coli	k__Bacteria;p__Firmicutes;c__Clostridia;o__Clostridiales;f__Ruminococcaceae;g__Anaerotruncus;s__Anaerotruncus_colihominis	k__Bacteria;p__Firmicutes;c__Clostridia;o__Clostridiales;f__Lachnospiraceae;g__Blautia;s__Blautia_obeum	k__Bacteria;p__Bacteroidetes;c__Bacteroidia;o__Bacteroidales;f__Odoribacteraceae;g__Odoribacter;s__Odoribacter_laneus	k__Bacteria;p__Firmicutes;c__Clostridia;o__Clostridiales;f__Ruminococcaceae;g__Ruminiclostridium;s__[Clostridium]_leptum	k__Bacteria;p__Bacteroidetes;c__Bacteroidia;o__Bacteroidales;f__Porphyromonadaceae;g__Parabacteroides;s__Parabacteroides_goldsteinii	k__Bacteria;p__Firmicutes;c__Clostridia;o__Clostridiales;f__Lachnospiraceae;g__Anaerostipes;s__Anaerostipes_hadrus	k__Bacteria;p__Firmicutes;c__Clostridia;o__Clostridiales;f__Ruminococcaceae;g__Ruminococcus;s__Ruminococcus_lactaris	k__Bacteria;p__Firmicutes;c__Clostridia;o__Clostridiales;f__Clostridiaceae;g__Clostridium;s__Clostridium_sp._L2-50	k__Bacteria;p__Firmicutes;c__Clostridia;o__Clostridiales;f__Clostridiaceae;g__Clostridium;s__Clostridium_sp._M62/1	k__Bacteria;p__Firmicutes;c__Clostridia;o__Clostridiales;f__;g__Intestinimonas;s__Intestinimonas_butyriciproducens	k__Bacteria;p__Actinobacteria;c__Actinobacteria;o__Bifidobacteriales;f__Bifidobacteriaceae;g__Bifidobacterium;s__Bifidobacterium_bifidum	k__Bacteria;p__Firmicutes;c__Negativicutes;o__Veillonellales;f__Veillonellaceae;g__Dialister;s__Dialister_invisus	k__Bacteria;p__Bacteroidetes;c__Bacteroidia;o__Bacteroidales;f__Bacteroidaceae;g__Bacteroides;s__Bacteroides_salanitronis
k__Bacteria;p__Bacteroidetes;c__Bacteroidia;o__Bacteroidales;f__Bacteroidaceae;g__Bacteroides;s__Bacteroides_vulgatus	1.0	0.0130731323506	0.0460871152125	-0.00356902469146	-0.0445719382625	-0.031058839998	-0.0134176915552	0.0281487822054	-0.00954195055635	0.0048507142801	0.0316782867411	-0.0571960762944	0.0316332169915	-0.0218230530418	-0.06668159678	-0.019721045653	-0.0199755169493	-0.0718215783031	-0.00876384883527	-0.0331689121243	-0.0506686521321	-0.0151968761501	-0.0595080088994	-0.0513708937547	-0.00795305451618	0.00643686466615	-0.0100702004523	-0.0030467081867	-0.0451656465366	0.0303783728	-0.0151951237984	-0.0510839152576	0.00229913173589	-0.0347123250097	0.0276985810431	0.048069913437	-0.0195969753897	0.00844171513119	0.00382773879013	0.01825166297	-0.00399253754198	-0.00501346506936	0.0255671836347	0.0309089141066	-0.0140111481549	0.0378576295128	0.0636958700496	0.0171559773885	-0.0087840253183	-0.0116164574189	-0.0456836361578	0.013099042035	-0.0226623299204	-0.00699588294947	0.0142070319738	0.0495847208853	0.00234098351911	-0.0405801492265	0.00178516405818
k__Bacteria;p__Bacteroidetes;c__Bacteroidia;o__Bacteroidales;f__Bacteroidaceae;g__Bacteroides;s__Bacteroides_uniformis	0.0130731323506	1.0	-0.0120358354056	-0.0102493357401	0.0473617294242	-0.00151872580608	0.0263933708479	-0.0247539128706	0.0635896306604	-0.05051956939	-0.0422191573628	-0.00885818201794	-0.0393117636782	0.0151818558582	-0.0127935900967	-0.048162441462	0.0180391666028	0.0288942324191	-0.0508806490824	0.000482866635566	-0.0494086576234	-0.0489538795342	0.00953226546213	-0.0936467844018	0.0204934817765	-0.0187302616409	-0.046828806994	0.0355300125756	0.00658997092087	0.0370690127092	-0.0545295466187	0.0233794355669	0.000559394719588	-0.0356052540248	0.0619584400753	-0.0903206294218	0.0137853145633	0.0309400045365	0.00533169872949	0.00398586712512	0.017528317701	-0.0551305756619	0.0180956546621	-0.0035178587243	0.00405387921391	0.0464113841095	-0.00279934388083	0.00147922479459	-0.0263886160601	0.0252043410819	-0.0455987646354	-0.0346625590792	-0.0338768216868	-0.0226299062772	0.0352406651366	0.0732231886619	-0.0686601922271	0.0199645584003	-0.0236474051822
k__Bacteria;p__Bacteroidetes;c__Bacteroidia;o__Bacteroidales;f__Rikenellaceae;g__Alistipes;s__Alistipes_putredinis	0.0460871152125	-0.0120358354056	1.0	-0.056860109412	0.0281843479601	0.00367635661326	-0.00196170587409	0.0246277837333	0.00580027496737	0.00427571931442	-0.0146625363567	-0.0700287153465	0.00715110422098	-0.0515408043971	0.0216020716455	0.0338554496219	0.0453018962933	-0.0213314914574	0.0376864360363	-0.0156568791323	0.0240420382988	-0.0671772124386	0.031200472192	-0.00856147829835	-0.0223422138776	0.0500807386005	-0.0238259737538	-0.0181255942243	0.0239376260989	0.00935138199528	0.0308131439708	0.0328760193514	-0.00403990058323	-0.0039465431394	-0.0091509565609	-0.00602992838014	0.0152938876874	-0.0394426527522	-0.032550152609	-0.00545459722943	0.0291820370928	-0.0155508559161	-0.0311113706405	-0.0416651265932	-0.0222343736683	0.0611408507812	-0.00599072818768	-0.017644366574	-0.0324992853211	0.00788381388848	-0.0217035898516	-0.00483813794561	0.016962839415	-0.056036811505	-0.0075209324073	-0.0582738957775	-0.0346197993009	0.0328052488886	-0.0135752436411
k__Bacteria;p__Bacteroidetes;c__Bacteroidia;o__Bacteroidales;f__Prevotellaceae;g__Prevotella;s__Prevotella_copri	-0.00356902469146	-0.0102493357401	-0.056860109412	1.0	-0.0340305961302	0.0145671956033	0.00354606369476	-0.0146272717872	-0.0262198164799	-0.000964722211944	-0.00318558398441	-0.0507951223305	-0.0476012192367	-0.0269319902922	-0.0128653906672	-0.0416145457306	-0.0507272584307	0.000245949323806	-0.031974885744	-0.0213000840011	0.0241084531942	0.0630364571114	0.0130642191836	-0.000605346253747	-0.0367363034331	0.0100533510913	-0.00868758735215	0.0229232869172	0.00282291536937	-0.0567290188202	-0.000637626550584	0.039933513554	-0.029882192125	0.00560856889862	-0.0153505027902	0.0830411809473	-0.0148013467543	0.00408217364454	-0.00394146422932	-0.0592011596087	-0.0150246539259	0.0244543539491	-0.0434007917836	-0.0414918470047	-0.00285872339136	-0.00841180385463	-0.00121134800803	0.0653645865811	0.0284189529644	-0.0684364200597	0.0324757619229	-0.043874454487	-0.00451528812133	-0.00262395237118	0.0864131007665	-0.00779927019884	-0.0104652745083	0.0325873128962	-0.0468286925375
k__Bacteria;p__Bacteroidetes;c__Bacteroidia;o__Bacteroidales;f__Bacteroidaceae;g__Bacteroides;s__Bacteroides_stercoris	-0.0445719382625	0.0473617294242	0.0281843479601	-0.0340305961302	1.0	-0.00487483911129	-0.047550228476	0.0342400601042	0.000447239029545	-0.00640766648254	0.0320789974873	-0.0590484957596	0.0467661266611	-0.00153375020026	-0.0523510382587	0.0310046510686	0.0309573671837	-0.00691290216646	-0.0431662461748	0.0286771732061	-0.0139982214725	0.0472452317226	-0.00160264095462	-0.0029925206126	-0.0313108397841	-0.01134742564	-0.0127025692848	0.00877094203218	-0.000853081599221	0.0554398463776	-0.0327466436148	0.025190108761	-0.00675117723564	-0.0613340709408	0.0513234196059	0.0216918891549	-0.0409308861056	0.0268054960289	-0.0235387640811	0.0146602294005	-0.020565243083	-0.0510636605177	0.0404300796856	-0.0162455530096	0.0261712353004	0.0105601523028	-0.0180187500427	-0.0378286789881	-0.0586086346976	0.0180913862374	-0.0225300282733	-0.0337236988678	0.0353444673472	-0.00208669847491	-0.0119859679735	0.0133351889372	-0.00409157757258	0.0200315653204	0.0202967187048
k__Bacteria;p__Bacteroidetes;c__Bacteroidia;o__Bacteroidales;f__Bacteroidaceae;g__Bacteroides;s__Bacteroides_ovatus	-0.031058839998	-0.00151872580608	0.00367635661326	0.0145671956033	-0.00487483911129	1.0	-0.0129147815089	0.0483209458637	-0.0105590384765	0.0317211092105	-0.0214377627188	0.00223482699794	-0.0132174250471	-0.00586418591833	-0.0642914026949	-0.0229606538043	-0.00931563772363	-0.00659156988874	-0.083187771774	-0.0465515045712	-0.0301017363586	-0.0343140453378	-0.0203111052904	-0.00174977615077	0.0233501853397	-0.00581923949682	-0.00105558554154	0.0268177452741	-0.034939961567	-0.0783826511888	0.0168712683375	-0.0289944827064	-0.0814499092737	-0.0154353589065	-0.0126862502416	-0.052341062582	0.0441163763018	-0.0177256118442	0.0204977652411	0.0185858394531	-0.0286512710317	-0.0184716650547	-0.0122463190233	0.00690348320231	0.0317092198244	0.0904466247286	-0.020811744419	-0.0013318968988	0.0158117475215	-0.0558881735227	0.0608832667547	-0.0370619355007	-0.0197311118628	-0.00740166240191	-0.0335258336681	0.028989065833	0.0318672434502	0.0612093642052	-0.00463866655134
k__Bacteria;p__Bacteroidetes;c__Bacteroidia;o__Bacteroidales;f__Rikenellaceae;g__Alistipes;s__Alistipes_shahii	-0.0134176915552	0.0263933708479	-0.00196170587409	0.00354606369476	-0.047550228476	-0.0129147815089	1.0	0.0137597164345	0.0199503771559	-0.044105819976	0.0202766119868	-0.0468602916901	0.0177567647897	0.00903045759893	-0.0210560406137	-0.0377301967112	-0.00463224726824	-0.0136916799303	0.0249621510347	-0.00310151979886	0.0444353499611	-0.056271907533	0.0381837231615	-0.00477241841058	0.0358574612247	-0.0176909637874	-0.0276198638778	-0.0273873174919	-0.0538172286911	-0.033673770813	0.0530357889608	0.00544508651755	-0.00273992150194	0.00812719402379	-0.00620336213953	0.0105556842439	-0.000842971180513	-0.0032793270286	0.0529220445729	-0.0324498836624	0.0238544357103	-0.0348799856601	0.0217439990085	0.0270712395394	-0.0197211169773	0.00421570750164	-0.0034198802726	-0.030901939213	0.0408927050412	-0.0355810508224	-0.0239639139583	0.0285758912573	0.0162253549649	0.0291227699893	-0.0128128353455	-0.071393867509	-0.0482309354774	0.0421716293169	0.00697188717525
k__Bacteria;p__Firmicutes;c__Clostridia;o__Clostridiales;f__Ruminococcaceae;g__Faecalibacterium;s__Faecalibacterium_prausnitzii	0.0281487822054	-0.0247539128706	0.0246277837333	-0.0146272717872	0.0342400601042	0.0483209458637	0.0137597164345	1.0	-0.0569107731591	0.0629754199486	-0.0279690803619	0.0258396937965	-0.00517948994579	0.0234420281503	0.0558726972221	-0.0131798442697	-0.0186940611985	-0.0018034500603	-0.0481321137059	-0.00625559672572	-0.0253179751949	-0.0224419742929	-0.0596766761554	-0.0138424464693	-0.0487317560735	-0.0283326722298	0.0190435441472	-0.00482446460653	-0.0179452255753	-0.0122082412971	0.000365653487402	-0.0500005960402	0.0134310788572	-0.073212789663	0.00116204013338	-0.0392211457918	-0.0164185697523	-0.0104366505155	-0.0321937005397	-0.0161664131738	-0.072956806831	0.00851855309543	-0.00948407568084	-0.0561603829138	-0.0253749896848	0.0093022378996	-0.0135998588583	-0.0249823633627	-0.0649230488358	-0.0224990538101	-0.0156703714009	0.00333804816752	0.0149078958125	0.0295174478222	0.0425592872661	-0.00384806381739	0.0331958580315	-0.0640501961111	-0.0286239925018
k__Bacteria;p__Bacteroidetes;c__Bacteroidia;o__Bacteroidales;f__Rikenellaceae;g__Alistipes;s__Alistipes_finegoldii	-0.00954195055635	0.0635896306604	0.00580027496737	-0.0262198164799	0.000447239029545	-0.0105590384765	0.0199503771559	-0.0569107731591	1.0	-0.0157352776021	0.0365081776094	0.0468721315618	-0.024390184493	-0.0202219990844	-0.0161225137479	0.00420358983898	-0.014425205006	0.00447736784114	-0.0171293357059	0.099754658701	-0.0107145692839	0.0485273695557	-0.0273223714213	0.0346879545948	-0.00629476378203	-0.0430463347718	-0.036412171527	-0.0578760090547	0.0350221732154	-0.041583797573	-0.0443686539797	-0.0431943361568	-0.0225366061059	-0.0382974202408	-0.0104876556677	-0.0213719141135	-0.00254807136891	-0.00837327805145	0.00653867415696	-0.0456806070529	-0.000674363018956	0.0269754650925	-0.039909815639	-0.0429489181683	0.0485752639429	-0.0433157655197	-0.0281574955397	0.0197033233353	-0.0343944044527	-0.00936823037279	-0.0246803416773	-0.00475886629347	-0.0521925630383	0.0637792207235	0.00826556330949	0.0119631712727	-0.0313513310936	-0.0196910480664	0.0212450442858
k__Bacteria;p__Bacteroidetes;c__Bacteroidia;o__Bacteroidales;f__Porphyromonadaceae;g__Parabacteroides;s__Parabacteroides_distasonis	0.0048507142801	-0.05051956939	0.00427571931442	-0.000964722211944	-0.00640766648254	0.0317211092105	-0.044105819976	0.0629754199486	-0.0157352776021	1.0	0.04658926519	0.0159066004668	-0.0200429469977	0.0360586425971	0.0155650332627	0.0378800927152	0.0186217295034	-0.0236209100863	0.00733661006365	-0.0576211521004	0.0158354323351	-0.0154445217005	0.0102940480552	-0.0673318274134	-0.0169059159707	0.0202914433343	-0.0782405678744	0.0153701791359	0.0168737351255	0.020625273254	0.0399561769623	0.0183862380304	0.00714696757038	-0.0636790007638	-0.0055661821246	-0.0124911791092	-0.0221563190232	-0.0481979526761	-0.0794207718575	0.0228584230944	0.00211979085728	-0.0195924243009	-0.0243821671229	0.00357637100026	-0.00111833855202	-0.0314931555181	0.020424824979	0.0181423221704	-0.0323407225815	-0.0305136716014	-0.00380845841098	-0.0115004734516	-0.062110259248	0.0067466691429	0.0389327887232	0.0158577295635	0.0254537659782	-0.00929950454166	0.00902048868702
k__Bacteria;p__Bacteroidetes;c__Bacteroidia;o__Bacteroidales;f__Bacteroidaceae;g__Bacteroides;s__Bacteroides_thetaiotaomicron	0.0316782867411	-0.0422191573628	-0.0146625363567	-0.00318558398441	0.0320789974873	-0.0214377627188	0.0202766119868	-0.0279690803619	0.0365081776094	0.04658926519	1.0	-0.0283294147275	-0.0193445846955	-0.0865982459377	0.0272539698276	0.0452407021212	0.0493267827429	-0.0350608773567	0.0258460875916	-0.0228539926222	-0.0354687367578	-0.00871705154854	-0.0222434557823	-0.00307719533542	-0.0172584746076	-0.000189467172108	0.0309744108922	0.0107643718823	-0.0465046018574	-0.00151802412058	-0.0346836414984	-0.0140251613671	-0.00215899722254	-0.0396949244271	-0.024683412847	0.00991621923276	0.0185626868569	-0.0703405729398	-0.0923003821945	-0.0197896525026	-0.00184057057431	-0.0246617018537	-0.0341861827469	-0.0185821174686	0.00882682416754	-0.00482342847085	-0.0649157274671	0.0468977801755	0.0144385372258	0.0154980023407	-0.00187033524519	0.0244338108348	-0.00816039277972	-0.0130902648097	-0.0200299153841	0.0081002903744	-0.0366085681368	-0.0251540353252	-0.00296352077355
k__Bacteria;p__Bacteroidetes;c__Bacteroidia;o__Bacteroidales;f__Bacteroidaceae;g__Bacteroides;s__Bacteroides_coprocola	-0.0571960762944	-0.00885818201794	-0.0700287153465	-0.0507951223305	-0.0590484957596	0.00223482699794	-0.0468602916901	0.0258396937965	0.0468721315618	0.0159066004668	-0.0283294147275	1.0	-0.00961172473608	-0.0297165229624	-0.0377912949115	-0.0237631042213	-0.031094060665	0.0471348377165	-0.0335583554717	-0.00639474501692	0.0240580084209	0.00424164683784	0.0163714205495	0.0351615016209	0.0163788152931	-0.0189586084793	-0.0208051520029	-0.0304313273955	0.021252908013	-0.0428861656251	-0.0465209469713	0.0108380877973	0.022226151616	-0.0353668006674	-0.0283810986599	0.0441651904351	-0.00360951462552	-0.0239961878852	0.0247057529784	-0.0204390210934	-0.0129921465052	0.0301611066798	-0.00326917333789	0.0684353695098	0.0108372675135	-0.0185518111426	0.0143404810746	-0.0206612967317	-0.016836253939	-0.0166525038248	0.0397616064759	-0.0311870464691	-0.0616665737553	0.0316944259047	0.018668729987	-0.0562934847422	0.0108395396751	0.0650858487446	0.0574382896628
k__Bacteria;p__Bacteroidetes;c__Bacteroidia;o__Bacteroidales;f__Bacteroidaceae;g__Bacteroides;s__Bacteroides_cellulosilyticus	0.0316332169915	-0.0393117636782	0.00715110422098	-0.0476012192367	0.0467661266611	-0.0132174250471	0.0177567647897	-0.00517948994579	-0.024390184493	-0.0200429469977	-0.0193445846955	-0.00961172473608	1.0	0.00952545463039	-0.0179652166626	-0.0728284243434	-0.0251994474928	0.00674862761372	0.0111631182395	0.043928919434	0.0150213503434	0.00996960446023	-0.0273144080784	0.0034099804511	0.0450996267663	0.00302867515679	0.0302912509859	0.00486314368959	-0.0138125383173	0.0229585581002	-0.00785481064216	-0.0105303583647	-0.0212549192937	0.0104950180386	-0.036724974484	0.04440558447	-0.0304987194972	-0.0707766193559	0.0431734458667	0.0163010771247	0.0329908036488	-0.0377784408428	0.0649403715783	-0.0292267456244	-0.0384873976339	0.0229688471124	0.0275669640603	0.00947949784954	0.0673638461661	-0.0679479298172	-0.0172370901426	0.0276958966055	-0.0404422704227	-0.0639445959843	0.0116639819797	-0.0035875691978	0.0696398522332	-0.0420379908225	-0.0217953369367
k__Bacteria;p__Bacteroidetes;c__Bacteroidia;o__Bacteroidales;f__Rikenellaceae;g__Alistipes;s__Alistipes_obesi	-0.0218230530418	0.0151818558582	-0.0515408043971	-0.0269319902922	-0.00153375020026	-0.00586418591833	0.00903045759893	0.0234420281503	-0.0202219990844	0.0360586425971	-0.0865982459377	-0.0297165229624	0.00952545463039	1.0	-0.0247246735724	-0.0168413775202	-0.0439486488555	-0.0018284574165	-0.00600821055702	0.0375879637914	-0.0324180844901	0.0181420298835	-0.0269950067388	-0.0555338881255	-0.00796393615526	0.00354020101934	0.0500554283742	-0.002538806516	0.0400605554559	-0.0161456922129	-0.0614134208081	0.00292837101788	-0.0602931959769	-0.00184298485235	0.0298778599676	0.0106291601743	0.0071212001223	0.0541118076728	-0.0372711924388	-0.0260852439285	-0.0355370963756	-0.0214840521164	-0.0283090419829	0.0126796106954	-0.00861494698164	-0.0174760692193	-0.0283842850724	0.00379555551358	0.0288538789003	0.0473689829434	0.00620722739188	-0.0805500718343	-0.017788719933	-0.0314979573339	0.0107372108768	0.00601454985852	-0.0389044360926	-0.00647117575719	-0.000910539474398
k__Bacteria;p__Firmicutes;c__Clostridia;o__Clostridiales;f__Lachnospiraceae;g__;s__[Eubacterium]_rectale	-0.06668159678	-0.0127935900967	0.0216020716455	-0.0128653906672	-0.0523510382587	-0.0642914026949	-0.0210560406137	0.0558726972221	-0.0161225137479	0.0155650332627	0.0272539698276	-0.0377912949115	-0.0179652166626	-0.0247246735724	1.0	-0.0107109740802	0.0429688153713	-0.00283177416936	0.0448177307927	-0.0352224001551	-0.0377224885656	-0.0564496654364	0.0423993288433	0.0170054760302	0.0201277028607	-0.0182501356923	-0.0211201798344	-0.0118572949694	-0.0266622486295	-0.0196630713208	0.0148357260837	-0.0452852801715	-0.0475102193022	-0.0638283231709	0.0206785166758	0.0114540751037	-0.0227204737703	-0.0170707549503	-0.0124632409401	-0.0123757318478	0.055672504914	-0.00655486519382	-0.0196761816724	-0.0474937074209	0.118815341483	-0.00747719510659	-0.0190263806968	-0.0290720176846	-0.0258908516437	0.00880255670149	-0.0152674038334	0.0504907109838	0.0320962901451	0.0237978619089	-0.0346232532534	-0.00877096322818	-0.0651699446313	-0.0233558053369	0.0438352702924
k__Bacteria;p__Bacteroidetes;c__Bacteroidia;o__Bacteroidales;f__Bacteroidaceae;g__Bacteroides;s__Bacteroides_plebeius	-0.019721045653	-0.048162441462	0.0338554496219	-0.0416145457306	0.0310046510686	-0.0229606538043	-0.0377301967112	-0.0131798442697	0.00420358983898	0.0378800927152	0.0452407021212	-0.0237631042213	-0.0728284243434	-0.0168413775202	-0.0107109740802	1.0	-0.0371251694836	-0.0105049058489	-0.010802510458	0.00543913969712	-0.0500929257456	0.0198902762854	-0.0127844797232	-0.0645388086863	-0.0224032953283	-0.0542073953894	-0.0083026486873	-0.0519205760523	0.0150421076229	-0.00363701619751	0.0344684607211	-0.0307688595731	-0.0320137989854	-0.0253059123584	0.0105099263107	0.00982112353318	0.018218128906	0.0216142619345	-0.00284534504973	-0.0511806444469	-0.0403570141664	0.0187526260664	-0.039347218886	0.00654802077799	-0.0169940132976	-0.0203787994074	-0.0371324455215	-0.0482728735462	0.0208500585486	0.0618242038545	-0.0178901750851	0.00324872974462	0.0088523198946	0.0711339152842	0.0141468347175	0.0100965384435	-0.0290277702557	-0.0311929121416	0.0231156853781
k__Bacteria;p__Bacteroidetes;c__Bacteroidia;o__Bacteroidales;f__Bacteroidaceae;g__Bacteroides;s__Bacteroides_fragilis	-0.0199755169493	0.0180391666028	0.0453018962933	-0.0507272584307	0.0309573671837	-0.00931563772363	-0.00463224726824	-0.0186940611985	-0.014425205006	0.0186217295034	0.0493267827429	-0.031094060665	-0.0251994474928	-0.0439486488555	0.0429688153713	-0.0371251694836	1.0	-0.0267408554289	-0.0281741888167	-0.0399888164927	-0.0523170129644	-0.0210265239902	0.0284740870156	-0.0119667264952	0.0500835751033	0.0226301222744	0.00402533195159	-0.0267411031734	0.053007606821	-0.00184608796665	-0.0614847884655	-0.000627267594846	0.0405455126856	-0.013719175676	-0.00754148081849	0.0276344013943	-0.0204533959577	0.0253121635751	-0.0194917275285	0.00264870784675	0.0269045577733	0.0117480169515	0.0245488783759	-0.0539307170062	0.0319694631877	-0.0198646979733	0.0123748319945	0.0033253558484	0.0199182165103	0.00764621329783	0.0307063980063	-0.0876843159767	-0.0066221138421	-0.00404368554219	-0.00576388114438	-0.0191761112689	0.0404136583604	-0.00915599900362	-0.0895747601831
k__Bacteria;p__Proteobacteria;c__Betaproteobacteria;o__Burkholderiales;f__Sutterellaceae;g__Sutterella;s__Sutterella_wadsworthensis	-0.0718215783031	0.0288942324191	-0.0213314914574	0.000245949323806	-0.00691290216646	-0.00659156988874	-0.0136916799303	-0.0018034500603	0.00447736784114	-0.0236209100863	-0.0350608773567	0.0471348377165	0.00674862761372	-0.0018284574165	-0.00283177416936	-0.0105049058489	-0.0267408554289	1.0	0.0129591350686	-0.030367487474	-0.00485034953911	0.0270493405139	-0.0142929958559	-0.0393021632659	0.012708097466	-0.0309142817427	-0.0144943731124	0.0402880969128	-0.0296865782048	0.0492216191777	0.0277896318655	-0.0446442643974	0.0192483596482	0.0113161022472	-0.0533485480134	-0.0526966425281	-0.0810230404119	-0.00765915313194	-0.00162216989903	-0.00505093952857	-0.0544776223505	-0.0229474117644	-0.0126093301885	-0.00522992897771	0.0129713675768	0.0236735321792	-0.0215736665794	0.0269231867756	-0.00277907217779	-0.029340238553	0.0894919476999	-0.00589592964398	0.0175220357919	-0.0810831270355	-0.0716826374182	-0.00390666772142	0.00736463435649	0.0064141957436	0.0159148830673
k__Bacteria;p__Bacteroidetes;c__Bacteroidia;o__Bacteroidales;f__Porphyromonadaceae;g__Barnesiella;s__Barnesiella_intestinihominis	-0.00876384883527	-0.0508806490824	0.0376864360363	-0.031974885744	-0.0431662461748	-0.083187771774	0.0249621510347	-0.0481321137059	-0.0171293357059	0.00733661006365	0.0258460875916	-0.0335583554717	0.0111631182395	-0.00600821055702	0.0448177307927	-0.010802510458	-0.0281741888167	0.0129591350686	1.0	-0.102428333462	-0.051244526301	-0.0596950088585	0.0142311364479	0.0291401386414	-0.0189991477226	-0.0454330203883	-0.0603224418883	0.0530532604543	-0.0216996035416	0.0179275959813	-0.00801337748572	-0.0277855124045	-0.0391881965214	-0.0226364927973	0.0527695388277	0.00451866734596	0.00277901557009	-0.0218668278026	-0.0277532881944	-0.0338720761897	-0.0210412877918	0.0581337668342	0.0599880184212	0.0385377842593	-0.0338499023623	-0.0176949591534	-0.0364681722505	0.0198938837976	-0.0222482538748	0.0422030199127	0.00364355535901	0.0228404545127	-0.0272782572166	-0.0237045376861	0.0232071789946	-0.0134244740905	-0.0553092691602	-0.0250817340287	-0.00283100358348
k__Bacteria;p__Bacteroidetes;c__Bacteroidia;o__Bacteroidales;f__Odoribacteraceae;g__Odoribacter;s__Odoribacter_splanchnicus	-0.0331689121243	0.000482866635566	-0.0156568791323	-0.0213000840011	0.0286771732061	-0.0465515045712	-0.00310151979886	-0.00625559672572	0.099754658701	-0.0576211521004	-0.0228539926222	-0.00639474501692	0.043928919434	0.0375879637914	-0.0352224001551	0.00543913969712	-0.0399888164927	-0.030367487474	-0.102428333462	1.0	-0.0418614515705	-0.00553582383797	-0.0353079597169	-0.0500374766143	-0.00662766210676	-0.0331170479002	-0.0494395919864	0.0472926996122	0.0251833824887	-0.0232985401919	0.0429953670705	0.0767991244019	0.0148902967146	-0.0168223620706	-0.011177142471	-0.0141263783445	-0.0542088185185	0.0024945957737	0.036531100796	-0.0396471479346	0.0436057910296	-0.0168837120606	0.0414814317925	0.0447450462022	-0.00921912635733	0.0328708480731	-0.00597138403134	-0.0456002967494	-0.00846688841138	0.00875836362786	-0.0375711778546	0.00347168740047	0.0128199030321	-0.0268512808808	0.0291295719259	0.0288690075882	-0.00456329861605	-0.026753850897	-0.00876269876437
k__Bacteria;p__Bacteroidetes;c__Bacteroidia;o__Bacteroidales;f__Bacteroidaceae;g__Bacteroides;s__Bacteroides_salyersiae	-0.0506686521321	-0.0494086576234	0.0240420382988	0.0241084531942	-0.0139982214725	-0.0301017363586	0.0444353499611	-0.0253179751949	-0.0107145692839	0.0158354323351	-0.0354687367578	0.0240580084209	0.0150213503434	-0.0324180844901	-0.0377224885656	-0.0500929257456	-0.0523170129644	-0.00485034953911	-0.051244526301	-0.0418614515705	1.0	-0.0232280374746	-0.0573543164221	0.0502283305098	0.010638134512	0.00166725365663	0.0504385193554	0.0296099941241	-0.0260698180163	-0.0733869514811	0.0407432805729	-0.0386361426096	-0.0100765824874	0.0268235465283	0.0125217552054	0.02805547119	0.00710860773433	0.0142206342494	0.0436334846298	-0.0111767845538	-0.0569496058577	0.0048166125695	-0.0350770018757	-0.00313266157579	-0.0388082498371	-0.0248977963449	-0.049439451573	-0.0378394276799	-0.0290405823154	-0.0108573942583	-0.0115637442829	-0.00530902798302	0.032840125652	-0.0129459441044	0.00752667613723	0.0179101272791	-0.028032919178	-0.0145542118287	-0.0480145882486
k__Bacteria;p__Firmicutes;c__Clostridia;o__Clostridiales;f__Ruminococcaceae;g__Ruminiclostridium;s__[Eubacterium]_siraeum	-0.0151968761501	-0.0489538795342	-0.0671772124386	0.0630364571114	0.0472452317226	-0.0343140453378	-0.056271907533	-0.0224419742929	0.0485273695557	-0.0154445217005	-0.00871705154854	0.00424164683784	0.00996960446023	0.0181420298835	-0.0564496654364	0.0198902762854	-0.0210265239902	0.0270493405139	-0.0596950088585	-0.00553582383797	-0.0232280374746	1.0	-0.0143017253512	0.0164107608483	-0.042719900032	-0.0124956807559	0.0561280035552	-0.0660632539512	0.0168271927702	-0.0178467269708	0.035652390094	0.0333031710085	-0.0266615755561	-0.0101822037391	-0.0304608898739	0.00542295591938	-0.0683775402815	0.00309706267108	-0.00912130713098	0.0675032569779	0.0339135445387	0.0271230809576	0.00481795566971	-0.01130522854	-0.00178318927941	0.029749325248	0.00401507975932	-0.0189357624785	-0.0285817142281	-0.0491281521575	0.0276112549274	-0.0773890119032	0.0848242889113	-0.0224534803752	0.0024220032967	-0.021657895552	-0.0347199947826	0.0653697340145	0.00136692013879
k__Bacteria;p__Proteobacteria;c__Betaproteobacteria;o__Burkholderiales;f__Sutterellaceae;g__Parasutterella;s__Parasutterella_excrementihominis	-0.0595080088994	0.00953226546213	0.031200472192	0.0130642191836	-0.00160264095462	-0.0203111052904	0.0381837231615	-0.0596766761554	-0.0273223714213	0.0102940480552	-0.0222434557823	0.0163714205495	-0.0273144080784	-0.0269950067388	0.0423993288433	-0.0127844797232	0.0284740870156	-0.0142929958559	0.0142311364479	-0.0353079597169	-0.0573543164221	-0.0143017253512	1.0	0.0581164906011	0.0189214653312	0.0287030103576	-0.0492693706488	0.00145699294559	0.00185019573646	-0.0675629841485	-0.00683878964959	0.0486441549208	-0.0696994148071	-0.00198641094594	-0.0105264214089	0.00480328755679	-0.0241350374605	0.0703935666746	-0.0491861180014	0.0744788889429	0.00690254898565	0.0179064752694	-0.0521076132516	-0.0617937625331	-0.0489346923099	0.0208194311766	0.0301072429042	-0.00538752953717	0.0238332696151	-0.0447877148085	0.0524918313829	0.014868063259	-0.0306851860511	0.0501495575629	0.000163854855132	-0.0447396277809	-0.0599558254296	0.0277699722405	0.0244692656257
k__Bacteria;p__Actinobacteria;c__Actinobacteria;o__Bifidobacteriales;f__Bifidobacteriaceae;g__Bifidobacterium;s__Bifidobacterium_adolescentis	-0.0513708937547	-0.0936467844018	-0.00856147829835	-0.000605346253747	-0.0029925206126	-0.00174977615077	-0.00477241841058	-0.0138424464693	0.0346879545948	-0.0673318274134	-0.00307719533542	0.0351615016209	0.0034099804511	-0.0555338881255	0.0170054760302	-0.0645388086863	-0.0119667264952	-0.0393021632659	0.0291401386414	-0.0500374766143	0.0502283305098	0.0164107608483	0.0581164906011	1.0	-0.0379019628191	-0.0257800326455	0.00456388455434	-0.0751440243535	-0.0088567128658	-0.0184081813847	-0.00995580537672	0.0268331635937	-0.0266446332675	0.000772553520868	-0.0340779426593	-0.0148057872578	0.0142237933973	-0.0300856473948	0.00802163160411	-0.00694825624643	-0.0463093487359	-0.0149134541104	-0.0225910512281	-0.00512602852114	-0.00389074391691	0.002173138461	0.0039138625483	0.0337016798305	-0.00198813906522	0.0212375772874	0.0609917451159	-0.00144262387765	-0.00866966705503	0.0483807765014	-0.00238971427993	-0.0450312943277	-0.0145557632166	-0.072708307848	-0.0226774100571
k__Bacteria;p__Firmicutes;c__Clostridia;o__Clostridiales;f__Oscillospiraceae;g__Oscillibacter;s__Oscillibacter_sp._KLE_1745	-0.00795305451618	0.0204934817765	-0.0223422138776	-0.0367363034331	-0.0313108397841	0.0233501853397	0.0358574612247	-0.0487317560735	-0.00629476378203	-0.0169059159707	-0.0172584746076	0.0163788152931	0.0450996267663	-0.00796393615526	0.0201277028607	-0.0224032953283	0.0500835751033	0.012708097466	-0.0189991477226	-0.00662766210676	0.010638134512	-0.042719900032	0.0189214653312	-0.0379019628191	1.0	0.0258435868479	-0.0180842587103	-0.0301264929683	-0.0389771486114	-0.000348586942379	-0.0243660237638	-0.0569954767126	0.034095074327	-0.0157349157102	-0.0367056219724	0.0188154078869	-0.0134778096665	-0.0322806215251	-0.0403649199225	-0.0492801747909	-0.0399109749295	-0.0317252316621	-0.0333133894036	0.00187904857709	-0.0477167608287	-0.0605724574514	-0.0464507678098	-0.00959365812146	-0.0260997406644	-0.0226368924577	-0.00790312034905	-0.0476104631339	0.00145006605922	-0.00677754220183	-0.00427420086963	-0.0526254459007	0.0599449254182	-0.0131285001772	-0.0224710901188
k__Bacteria;p__Bacteroidetes;c__Bacteroidia;o__Bacteroidales;f__Bacteroidaceae;g__Bacteroides;s__Bacteroides_coprophilus	0.00643686466615	-0.0187302616409	0.0500807386005	0.0100533510913	-0.01134742564	-0.00581923949682	-0.0176909637874	-0.0283326722298	-0.0430463347718	0.0202914433343	-0.000189467172108	-0.0189586084793	0.00302867515679	0.00354020101934	-0.0182501356923	-0.0542073953894	0.0226301222744	-0.0309142817427	-0.0454330203883	-0.0331170479002	0.00166725365663	-0.0124956807559	0.0287030103576	-0.0257800326455	0.0258435868479	1.0	-0.059230786413	-0.0381864633143	0.0146478541231	-0.0588625998516	-0.00984553151186	0.0034006497878	0.0465691716172	0.0146824953088	-0.018200613249	-0.017389670508	0.000430392189827	-0.00185317333667	0.0926072270794	-0.0452353935777	-0.0568106484926	0.0599410309308	0.0535454165782	-0.0523416500802	0.0196924655204	0.0062088797345	0.0337717847247	-0.0937687060403	0.002710177782	-0.040624193701	-0.0512311612229	0.0527303159653	-0.0414482916073	0.0485259519082	-0.0405866921238	0.00765628888078	0.0488724133765	0.0265045388787	-0.0010110980529
k__Bacteria;p__Firmicutes;c__Clostridia;o__Clostridiales;f__Lachnospiraceae;g__Roseburia;s__Roseburia_intestinalis	-0.0100702004523	-0.046828806994	-0.0238259737538	-0.00868758735215	-0.0127025692848	-0.00105558554154	-0.0276198638778	0.0190435441472	-0.036412171527	-0.0782405678744	0.0309744108922	-0.0208051520029	0.0302912509859	0.0500554283742	-0.0211201798344	-0.0083026486873	0.00402533195159	-0.0144943731124	-0.0603224418883	-0.0494395919864	0.0504385193554	0.0561280035552	-0.0492693706488	0.00456388455434	-0.0180842587103	-0.059230786413	1.0	-0.0477055594664	-0.0578418344114	0.0363047576119	-0.0801728677827	-0.0213069207846	0.0522389429871	0.0156967213485	0.0161599276653	-0.0496214050201	-0.0475799358596	-0.0136414702004	-0.0201970344653	-0.039299011219	0.00151916735303	-0.0577109332711	-0.0349047698997	-0.00513622367622	0.00354213652314	-0.0162864013818	-0.014633246853	-0.0584085963074	0.0123938489298	-0.00766037627914	0.00362351228391	0.0270881128982	0.0241610966022	-0.0638234391023	-0.0216997456412	0.0073454238491	-0.0031005800152	-0.00662385914459	-0.0606035553721
k__Bacteria;p__Firmicutes;c__Clostridia;o__Clostridiales;f__Lachnospiraceae;g__Roseburia;s__Roseburia_hominis	-0.0030467081867	0.0355300125756	-0.0181255942243	0.0229232869172	0.00877094203218	0.0268177452741	-0.0273873174919	-0.00482446460653	-0.0578760090547	0.0153701791359	0.0107643718823	-0.0304313273955	0.00486314368959	-0.002538806516	-0.0118572949694	-0.0519205760523	-0.0267411031734	0.0402880969128	0.0530532604543	0.0472926996122	0.0296099941241	-0.0660632539512	0.00145699294559	-0.0751440243535	-0.0301264929683	-0.0381864633143	-0.0477055594664	1.0	-0.0235482333076	0.0503312991869	-0.023261717704	0.0123817157452	0.0339963090348	0.0448004460734	0.0540826808037	-0.00780567191979	-0.0877720591849	-0.00135553815802	-0.0412432022228	-0.000953467457448	0.0437142384045	-0.0168173585571	-0.108888973902	-0.00952881805328	0.00781862808265	0.0222792311972	0.0247247715405	-0.0502133696412	-0.00509464957043	0.038184942048	0.0165679910623	0.00351362391071	-0.055855107025	0.0413813341173	-0.0048469953792	-0.0333214698837	-0.0344033714128	0.00327651328476	0.0288183828979
k__Bacteria;p__Bacteroidetes;c__Bacteroidia;o__Bacteroidales;f__Porphyromonadaceae;g__Parabacteroides;s__Parabacteroides_johnsonii	-0.0451656465366	0.00658997092087	0.0239376260989	0.00282291536937	-0.000853081599221	-0.034939961567	-0.0538172286911	-0.0179452255753	0.0350221732154	0.0168737351255	-0.0465046018574	0.021252908013	-0.0138125383173	0.0400605554559	-0.0266622486295	0.0150421076229	0.053007606821	-0.0296865782048	-0.0216996035416	0.0251833824887	-0.0260698180163	0.0168271927702	0.00185019573646	-0.0088567128658	-0.0389771486114	0.0146478541231	-0.0578418344114	-0.0235482333076	1.0	0.0235117380939	-0.0343455184238	-0.041166546005	-0.0131588346751	0.00887463768087	-0.0689989431356	0.0176138758148	-0.0291996610043	-0.0183220642323	-0.043674792718	-0.00924443265148	0.00219194084564	-0.0282069920181	0.00231085590192	0.0150923537118	-0.0100626172638	-0.00884873430681	0.0198432334364	-0.0160602627921	-0.0246232000575	-0.0097361299552	-0.0172637128541	-0.0203019370066	0.0129633468465	0.0285954523818	-0.00470418943953	-0.049474197042	-0.015865939805	-0.0213222112709	0.00367329570569
k__Bacteria;p__Actinobacteria;c__Actinobacteria;o__Bifidobacteriales;f__Bifidobacteriaceae;g__Bifidobacterium;s__Bifidobacterium_longum	0.0303783728	0.0370690127092	0.00935138199528	-0.0567290188202	0.0554398463776	-0.0783826511888	-0.033673770813	-0.0122082412971	-0.041583797573	0.020625273254	-0.00151802412058	-0.0428861656251	0.0229585581002	-0.0161456922129	-0.0196630713208	-0.00363701619751	-0.00184608796665	0.0492216191777	0.0179275959813	-0.0232985401919	-0.0733869514811	-0.0178467269708	-0.0675629841485	-0.0184081813847	-0.000348586942379	-0.0588625998516	0.0363047576119	0.0503312991869	0.0235117380939	1.0	0.0113900310058	0.00283168927585	-0.0224295188171	0.0159822712872	0.0640180011087	-0.017353714939	0.0327135649035	-0.0149992448178	0.00954032177857	-0.00317500489744	-0.0249754770778	-0.0363698693037	-0.0235343772284	-0.0368236043953	-0.0226126493366	-0.0139990360696	0.0544039322656	-0.0200043367732	-0.0187201969988	0.0102835977117	0.0188619184895	0.027938330588	-0.106080707358	-0.0087563430728	-0.0255993985266	0.0499215531313	0.0372256200628	-0.0254981623125	-0.0281101684466
