#taxonomy	k__Bacteria;p__Bacteroidetes;c__Bacteroidia;o__Bacteroidales;f__Bacteroidaceae;g__Bacteroides;s__Bacteroides_vulgatus	k__Bacteria;p__Bacteroidetes;c__Bacteroidia;o__Bacteroidales;f__Bacteroidaceae;g__Bacteroides;s__Bacteroides_uniformis	k__Bacteria;p__Bacteroidetes;c__Bacteroidia;o__Bacteroidales;f__Rikenellaceae;g__Alistipes;s__Alistipes_putredinis	k__Bacteria;p__Bacteroidetes;c__Bacteroidia;o__Bacteroidales;f__Prevotellaceae;g__Prevotella;s__Prevotella_copri	k__Bacteria;p__Bacteroidetes;c__Bacteroidia;o__Bacteroidales;f__Bacteroidaceae;g__Bacteroides;s__Bacteroides_stercoris	k__Bacteria;p__Bacteroidetes;c__Bacteroidia;o__Bacteroidales;f__Bacteroidaceae;g__Bacteroides;s__Bacteroides_ovatus	k__Bacteria;p__Bacteroidetes;c__Bacteroidia;o__Bacteroidales;f__Rikenellaceae;g__Alistipes;s__Alistipes_shahii	k__Bacteria;p__Firmicutes;c__Clostridia;o__Clostridiales;f__Ruminococcaceae;g__Faecalibacterium;s__Faecalibacterium_prausnitzii	k__Bacteria;p__Bacteroidetes;c__Bacteroidia;o__Bacteroidales;f__Rikenellaceae;g__Alistipes;s__Alistipes_finegoldii	k__Bacteria;p__Bacteroidetes;c__Bacteroidia;o__Bacteroidales;f__Porphyromonadaceae;g__Parabacteroides;s__Parabacteroides_distasonis	k__Bacteria;p__Bacteroidetes;c__Bacteroidia;o__Bacteroidales;f__Bacteroidaceae;g__Bacteroides;s__Bacteroides_thetaiotaomicron	k__Bacteria;p__Bacteroidetes;c__Bacteroidia;o__Bacteroidales;f__Bacteroidaceae;g__Bacteroides;s__Bacteroides_coprocola	k__Bacteria;p__Bacteroidetes;c__Bacteroidia;o__Bacteroidales;f__Bacteroidaceae;g__Bacteroides;s__Bacteroides_cellulosilyticus	k__Bacteria;p__Bacteroidetes;c__Bacteroidia;o__Bacteroidales;f__Rikenellaceae;g__Alistipes;s__Alistipes_obesi	k__Bacteria;p__Firmicutes;c__Clostridia;o__Clostridiales;f__Lachnospiraceae;g__;s__[Eubacterium]_rectale	k__Bacteria;p__Bacteroidetes;c__Bacteroidia;o__Bacteroidales;f__Bacteroidaceae;g__Bacteroides;s__Bacteroides_plebeius	k__Bacteria;p__Bacteroidetes;c__Bacteroidia;o__Bacteroidales;f__Bacteroidaceae;g__Bacteroides;s__Bacteroides_fragilis	k__Bacteria;p__Proteobacteria;c__Betaproteobacteria;o__Burkholderiales;f__Sutterellaceae;g__Sutterella;s__Sutterella_wadsworthensis	k__Bacteria;p__Bacteroidetes;c__Bacteroidia;o__Bacteroidales;f__Porphyromonadaceae;g__Barnesiella;s__Barnesiella_intestinihominis	k__Bacteria;p__Bacteroidetes;c__Bacteroidia;o__Bacteroidales;f__Odoribacteraceae;g__Odoribacter;s__Odoribacter_splanchnicus	k__Bacteria;p__Bacteroidetes;c__Bacteroidia;o__Bacteroidales;f__Bacteroidaceae;g__Bacteroides;s__Bacteroides_salyersiae	k__Bacteria;p__Firmicutes;c__Clostridia;o__Clostridiales;f__Ruminococcaceae;g__Ruminiclostridium;s__[Eubacterium]_siraeum	k__Bacteria;p__Proteobacteria;c__Betaproteobacteria;o__Burkholderiales;f__Sutterellaceae;g__Parasutterella;s__Parasutterella_excrementihominis	k__Bacteria;p__Actinobacteria;c__Actinobacteria;o__Bifidobacteriales;f__Bifidobacteriaceae;g__Bifidobacterium;s__Bifidobacterium_adolescentis	k__Bacteria;p__Firmicutes;c__Clostridia;o__Clostridiales;f__Oscillospiraceae;g__Oscillibacter;s__Oscillibacter_sp._KLE_1745	k__Bacteria;p__Bacteroidetes;c__Bacteroidia;o__Bacteroidales;f__Bacteroidaceae;g__Bacteroides;s__Bacteroides_coprophilus	k__Bacteria;p__Firmicutes;c__Clostridia;o__Clostridiales;f__Lachnospiraceae;g__Roseburia;s__Roseburia_intestinalis	k__Bacteria;p__Firmicutes;c__Clostridia;o__Clostridiales;f__Lachnospiraceae;g__Roseburia;s__Roseburia_hominis	k__Bacteria;p__Bacteroidetes;c__Bacteroidia;o__Bacteroidales;f__Porphyromonadaceae;g__Parabacteroides;s__Parabacteroides_johnsonii	k__Bacteria;p__Actinobacteria;c__Actinobacteria;o__Bifidobacteriales;f__Bifidobacteriaceae;g__Bifidobacterium;s__Bifidobacterium_longum	k__Bacteria;p__Firmicutes;c__Clostridia;o__Clostridiales;f__;g__Flavonifractor;s__Flavonifractor_plautii	k__Bacteria;p__Firmicutes;c__Clostridia;o__Clostridiales;f__Clostridiaceae;g__Clostridium;s__Clostridium_phoceensis	k__Bacteria;p__Verrucomicrobia;c__Verrucomicrobiae;o__Verrucomicrobiales;f__Akkermansiaceae;g__Akkermansia;s__Akkermansia_muciniphila	k__Bacteria;p__Bacteroidetes;c__Bacteroidia;o__Bacteroidales;f__Prevotellaceae;g__Paraprevotella;s__Paraprevotella_xylaniphila	k__Bacteria;p__Firmicutes;c__Clostridia;o__Clostridiales;f__Ruminococcaceae;g__Ruminococcus;s__Ruminococcus_callidus	k__Bacteria;p__Bacteroidetes;c__Bacteroidia;o__Bacteroidales;f__Rikenellaceae;g__Alistipes;s__Alistipes_senegalensis	k__Bacteria;p__Firmicutes;c__Clostridia;o__Clostridiales;f__Lachnospiraceae;g__Blautia;s__Blautia_sp._KLE_1732	k__Bacteria;p__Bacteroidetes;c__Bacteroidia;o__Bacteroidales;f__Bacteroidaceae;g__Bacteroides;s__Bacteroides_oleiciplenus	k__Bacteria;p__Firmicutes;c__Clostridia;o__Clostridiales;f__Ruminococcaceae;g__Ruminococcus;s__Ruminococcus_bicirculans	k__Bacteria;p__Bacteroidetes;c__Bacteroidia;o__Bacteroidales;f__Bacteroidaceae;g__Bacteroides;s__Bacteroides_fluxus	k__Bacteria;p__Bacteroidetes;c__Bacteroidia;o__Bacteroidales;f__Prevotellaceae;g__Prevotella;s__Prevotella_stercorea	k__Bacteria;p__Firmicutes;c__Clostridia;o__Clostridiales;f__Lachnospiraceae;g__Dorea;s__Dorea_longicatena	k__Bacteria;p__Firmicutes;c__Clostridia;o__Clostridiales;f__Eubacteriaceae;g__Eubacterium;s__[Eubacterium]_eligens	k__Bacteria;p__Firmicutes;c__Clostridia;o__Clostridiales;f__Ruminococcaceae;g__;s__Ruminococcaceae_bacterium_D16	k__Bacteria;p__Firmicutes;c__Clostridia;o__Clostridiales;f__Lachnospiraceae;g__Coprococcus;s__Coprococcus_comes	k__Bacteria;p__Proteobacteria;c__Gammaproteobacteria;o__Enterobacterales;f__Enterobacteriaceae;g__Escherichia;s__Escherichia_coli	k__Bacteria;p__Firmicutes;c__Clostridia;o__Clostridiales;f__Ruminococcaceae;g__Anaerotruncus;s__Anaerotruncus_colihominis	k__Bacteria;p__Firmicutes;c__Clostridia;o__Clostridiales;f__Lachnospiraceae;g__Blautia;s__Blautia_obeum	k__Bacteria;p__Bacteroidetes;c__Bacteroidia;o__Bacteroidales;f__Odoribacteraceae;g__Odoribacter;s__Odoribacter_laneus	k__Bacteria;p__Firmicutes;c__Clostridia;o__Clostridiales;f__Ruminococcaceae;g__Ruminiclostridium;s__[Clostridium]_leptum	k__Bacteria;p__Bacteroidetes;c__Bacteroidia;o__Bacteroidales;f__Porphyromonadaceae;g__Parabacteroides;s__Parabacteroides_goldsteinii	k__Bacteria;p__Firmicutes;c__Clostridia;o__Clostridiales;f__Lachnospiraceae;g__Anaerostipes;s__Anaerostipes_hadrus	k__Bacteria;p__Firmicutes;c__Clostridia;o__Clostridiales;f__Ruminococcaceae;g__Ruminococcus;s__Ruminococcus_lactaris	k__Bacteria;p__Firmicutes;c__Clostridia;o__Clostridiales;f__Clostridiaceae;g__Clostridium;s__Clostridium_sp._L2-50	k__Bacteria;p__Firmicutes;c__Clostridia;o__Clostridiales;f__Clostridiaceae;g__Clostridium;s__Clostridium_sp._M62/1	k__Bacteria;p__Firmicutes;c__Clostridia;o__Clostridiales;f__;g__Intestinimonas;s__Intestinimonas_butyriciproducens	k__Bacteria;p__Actinobacteria;c__Actinobacteria;o__Bifidobacteriales;f__Bifidobacteriaceae;g__Bifidobacterium;s__Bifidobacterium_bifidum	k__Bacteria;p__Firmicutes;c__Negativicutes;o__Veillonellales;f__Veillonellaceae;g__Dialister;s__Dialister_invisus	k__Bacteria;p__Bacteroidetes;c__Bacteroidia;o__Bacteroidales;f__Bacteroidaceae;g__Bacteroides;s__Bacteroides_salanitronis
k__Bacteria;p__Bacteroidetes;c__Bacteroidia;o__Bacteroidales;f__Bacteroidaceae;g__Bacteroides;s__Bacteroides_vulgatus	1.0	0.00790216627921	-0.0428604459368	-0.067256647264	0.0251380561027	-0.0549149021955	0.00350571447382	0.000730401943472	-0.0053537265993	-0.0206704530302	0.0143916166072	0.0242876826964	0.0149400743479	-0.0050502068706	-0.0250034233142	0.00274384294553	0.0540041663249	-0.00468541634686	-0.0600290206423	0.0181751249289	0.013780094239	0.0706100428187	0.00132540468008	0.0243345650112	-0.0151804725613	-0.0308705909489	-0.0294819996577	-0.00626196470377	-0.000809275008724	-0.0502749505621	-0.0288768059995	-0.0378853266682	-0.00795389216554	0.0667460058509	0.0261633721095	-0.0340409616148	-0.040434942263	-0.0515627173888	0.0144174047986	-0.0229009032123	-0.047618992078	-0.0180622533981	0.0471351133016	0.0244188410969	-0.0324102101777	-0.00472594314173	-0.030066299098	-0.00406030383698	-0.0102239552902	0.0142606685303	0.00911384540141	-0.0103670513071	-0.0153015763157	-0.0374973302284	0.0199120262347	-0.0510754045798	-0.0415832608673	0.00476762012522	0.00140433076377
k__Bacteria;p__Bacteroidetes;c__Bacteroidia;o__Bacteroidales;f__Bacteroidaceae;g__Bacteroides;s__Bacteroides_uniformis	0.00790216627921	1.0	-0.0631232193519	-0.00359543062939	0.0423702687987	0.00507928422675	-0.0148289170718	0.0208336196112	-0.028079686211	-0.0362402025492	0.0138211911584	0.0405206884616	-0.0045409746518	-0.0129565688776	0.0113183002564	-0.0248224337316	0.0212242446121	-0.0128587647456	-0.0408139500565	-0.0468991526245	-0.0421118848866	-0.00319417078681	0.00115715291489	-0.0424201849543	-0.00334701116017	-0.0129411536009	-0.0503573738549	-0.040856302826	-0.0111026110164	0.0359830611405	-0.00746026801158	0.00125771162763	-0.0604070561026	0.0154608231527	-0.0490938481644	0.0382753377905	0.0272947890789	0.00170492889209	0.0191829809965	-0.0849220616131	0.0326281060662	0.0162959592676	-0.0217102495141	0.026279416204	-0.0446906155566	0.0371454888214	0.0140634094003	-0.0190011225279	0.00296945289743	0.0256037114459	0.0125776838507	-0.0174326794358	-0.00188758162912	0.0111806144622	-0.0327456127168	-0.0205861031664	-0.0489093673074	0.00221972099097	0.0801636869163
k__Bacteria;p__Bacteroidetes;c__Bacteroidia;o__Bacteroidales;f__Rikenellaceae;g__Alistipes;s__Alistipes_putredinis	-0.0428604459368	-0.0631232193519	1.0	0.0131966439903	-0.0331531488732	-0.0149826144535	0.000515806956912	-0.013246269935	-0.0345487578994	0.00265345256821	0.00477470637092	-0.0242622287891	-0.0413709484718	0.00719106287844	-0.0300409286399	0.00855098950452	-0.0209804112738	0.0406669053135	-0.0304905105111	-0.000561598090025	-0.0131174760626	0.0340703711374	-0.05372452302	0.028456044587	-0.0101877139496	-0.0392189977211	-0.014979233383	0.0180550584061	0.0246098245955	-0.0471651713333	-0.014614023102	-0.00517065965573	0.0362640891534	0.0486253129066	0.00280667750057	-0.00183087538018	-0.0198311496533	-0.0239239014914	0.0382279399838	-0.0392473247517	0.0607524852385	-0.012917342266	0.0448182415933	0.0625126927435	0.00740307222762	-0.0172823987191	-0.0264641902703	-0.0256485867611	-0.0496546903166	-0.0177604882583	0.0140280758268	0.00880323156025	-0.00657322825959	-0.00369549753428	-0.0320403981146	-0.0621981173016	0.0564463307032	0.008559955593	-0.00617173688143
k__Bacteria;p__Bacteroidetes;c__Bacteroidia;o__Bacteroidales;f__Prevotellaceae;g__Prevotella;s__Prevotella_copri	-0.067256647264	-0.00359543062939	0.0131966439903	1.0	0.0159029963908	0.0293049762292	0.0132035687719	0.0407659099841	-0.0648843068049	0.0294360355978	0.0344302278454	0.00475377255488	-0.0206591427715	-0.0372628247818	-0.0378409651629	-0.0715453599165	-0.0305767264011	0.0249216835882	-0.0241609673812	-0.0112911022753	0.00500351833954	-0.0150732829451	0.0446176645974	-0.00973325201025	-0.0127823140883	-0.034534233868	-0.0145921147649	-0.0240544414556	0.0145249850355	-0.020699448105	0.0591543713046	-0.00389570816521	0.0386220722294	-0.0112027126462	0.0269668290419	0.0029634571517	-0.069091059789	-0.0120008201865	-0.0226200808077	-0.0228403467813	-0.0324207348122	-0.0480172873777	-0.00361319103749	0.0477757667866	-0.0126148480311	-0.00506095142462	0.0522429616183	-0.105100865078	0.0298685927976	-0.0475918457641	0.00303257455524	-0.0214800955332	0.0410692196838	0.0321396441967	-0.00885814357427	-0.046533736731	-0.00088870599393	-0.0560105711463	-0.0166370612831
k__Bacteria;p__Bacteroidetes;c__Bacteroidia;o__Bacteroidales;f__Bacteroidaceae;g__Bacteroides;s__Bacteroides_stercoris	0.0251380561027	0.0423702687987	-0.0331531488732	0.0159029963908	1.0	-0.0209237253496	-0.0996969460792	0.0345630206052	-0.0404221380883	-0.00349768460909	-0.0043347937441	0.0317488927432	-0.00522806429779	-0.00772004249435	-0.0335163350517	-0.00466382623004	0.0269062223819	0.00426240145524	0.0148716343255	0.000612965706764	0.00300022112215	0.0190190582739	-0.0318477889081	-0.00947236249928	-0.0161263836486	-0.0385669997441	-0.00707378855855	0.0122165905786	-0.0124556635217	0.00705665756288	0.0273981967249	-0.0143304608964	-0.0363895140296	0.0192748019704	-0.039816417896	-0.071285619555	-0.0405801297299	-0.0027325628961	0.00592280852498	-0.012069098551	0.0622594488355	0.00460049940543	-0.0792130442884	-0.0252047373682	-0.0209240643426	0.0145059140578	0.0677813196826	-0.0398040809553	0.0158358258661	-0.00510893709592	-0.0128148134272	0.0117978260103	-0.0476629985576	0.022203852241	0.00300400063309	0.0132885989834	-0.014749543406	-0.0081657061628	-0.0440044116723
k__Bacteria;p__Bacteroidetes;c__Bacteroidia;o__Bacteroidales;f__Bacteroidaceae;g__Bacteroides;s__Bacteroides_ovatus	-0.0549149021955	0.00507928422675	-0.0149826144535	0.0293049762292	-0.0209237253496	1.0	-0.0402619318157	0.0375522316997	0.0735430627031	-0.0134989281271	0.0152569093099	0.0675953517064	-0.030681201209	-0.0944361451638	-0.00528238653271	-0.0829915594809	-0.0437411015341	0.0234912946421	-0.030929239781	-0.019647690584	-0.0416490932544	-0.00943822566555	0.0633719997576	0.0119963715231	-0.0735699821866	-9.9567861773e-05	-0.0256452267218	0.0168421927649	0.027591526238	0.0420272220865	0.006310158497	0.00113768016296	-0.0574082553032	-0.0618944739682	0.00998296867478	-0.0316292603381	-0.0701014427976	0.050520449751	-0.00488544341879	0.0489181865632	-0.0301333351149	-0.0315480583523	-0.00504269543879	0.0468532144144	0.0540031860983	0.00563377972497	-0.0426920192765	-0.0345199635764	-0.0135454096005	0.0152144776915	-0.00054904297349	-0.0301065731449	0.0365377023128	-0.0361845476625	-0.00915498373229	0.0247427661762	0.0055463573362	-0.0214703466969	-0.0725740783304
k__Bacteria;p__Bacteroidetes;c__Bacteroidia;o__Bacteroidales;f__Rikenellaceae;g__Alistipes;s__Alistipes_shahii	0.00350571447382	-0.0148289170718	0.000515806956912	0.0132035687719	-0.0996969460792	-0.0402619318157	1.0	0.0139658673688	0.00460245960446	0.0187139470833	-0.0357023130209	0.00447907955056	-0.0372900245703	0.0248153208416	0.0267895667922	0.020550942857	-0.00927696108807	-0.0393845104305	-0.0219323889898	-0.00662740782516	0.0393128330588	-0.0393416016783	0.00406276630567	-0.0406146604465	0.032265359183	0.000183301012673	-0.0215319424306	0.00734244189992	-0.0702307223121	-0.0593773628138	-0.0304996087405	-0.0582916512487	0.0283163948094	-0.0121591648193	-0.0251229987095	0.0359359178154	-0.0849735255051	-0.0109517017675	0.00136556350053	-0.0408043791275	0.0437028864383	0.0467548942085	-0.0220353709988	0.0381267706313	0.0163923604214	0.018511340435	0.0339504165675	-0.0154401466854	-0.0411377206658	-0.0699361263554	0.0272590270652	-0.035664240584	0.00931526134584	0.0128649286824	0.014880133818	-0.0355085386882	-0.0268068010975	-0.00320317508802	-0.0275789405675
k__Bacteria;p__Firmicutes;c__Clostridia;o__Clostridiales;f__Ruminococcaceae;g__Faecalibacterium;s__Faecalibacterium_prausnitzii	0.000730401943472	0.0208336196112	-0.013246269935	0.0407659099841	0.0345630206052	0.0375522316997	0.0139658673688	1.0	0.00624103729633	-0.0151512913705	0.0529096945144	-0.078073690433	-0.0205330005297	0.0291457609533	0.0216233460822	-0.0820828295024	-0.0588901680998	-0.00522253415762	-0.045805164716	-0.0036857537669	-0.0338689260818	-0.0366148385166	-0.0220902541663	-0.0374959226242	-0.0058938293557	-0.0383683612747	-0.00609327447227	-0.0166249060936	-0.0508357086369	0.00528080856462	-0.0148565603587	-0.00750918472448	-0.0207698965681	-0.0312768961456	0.0262416914955	-0.0278502316826	0.0647140198521	0.0390183099754	0.0451551875765	-0.0370739519928	-0.0219124375058	0.0243220876433	-0.00474477053597	0.0178412208429	0.0391220436896	-0.00909139701047	-0.0567808703616	-0.0228939499416	-0.02309785257	-0.033510838217	-0.0504280532656	0.00561588767167	0.0129772712939	-0.0233021280774	-0.0306500166892	0.0391681608323	-0.0169460740591	0.0250491305341	-0.062467248972
k__Bacteria;p__Bacteroidetes;c__Bacteroidia;o__Bacteroidales;f__Rikenellaceae;g__Alistipes;s__Alistipes_finegoldii	-0.0053537265993	-0.028079686211	-0.0345487578994	-0.0648843068049	-0.0404221380883	0.0735430627031	0.00460245960446	0.00624103729633	1.0	-0.00270897640975	0.0268224907843	-0.00405617551489	-0.0280019334951	-0.00219642793066	0.0105206962998	0.0284371422634	-0.0326824634459	-0.0266870213848	0.024348630094	0.00925211191018	0.0478290165384	0.0287267730311	-0.0577867120161	0.0189293956391	-0.00439593352132	-0.022097651287	-0.0318552537775	-0.00906968503584	0.0413917057841	-0.0333727975647	0.0292364237273	-0.00990600498235	-0.0288326615894	-0.0380003069779	0.0113755067559	-0.00553534613115	-0.0551702927153	-0.0275659151234	-0.0134149921422	0.00781937412996	-0.00414489165859	-0.0264065207298	-0.042159765102	-0.0380375472624	0.0265055378884	0.000433694390778	-0.0545934458443	-0.0185635338026	-0.00689674735345	0.00936966957249	-0.0410037422843	0.0768941196036	0.0320925278482	0.000261261095323	-0.0533110751342	-0.0369632611672	-0.0096629581229	0.00960489684471	-0.0618089172637
k__Bacteria;p__Bacteroidetes;c__Bacteroidia;o__Bacteroidales;f__Porphyromonadaceae;g__Parabacteroides;s__Parabacteroides_distasonis	-0.0206704530302	-0.0362402025492	0.00265345256821	0.0294360355978	-0.00349768460909	-0.0134989281271	0.0187139470833	-0.0151512913705	-0.00270897640975	1.0	-0.00371104027371	-0.0183674777274	0.0328408085179	-0.0636336474496	0.0139581916247	-0.0368980349404	0.0220651386961	-0.028150131281	0.0178585894067	0.0491158975938	-0.0237195195265	0.00135134045001	-0.021551976799	0.00685491875734	-0.0625724968212	-0.0294326908799	0.030506401462	-0.00489177296394	-0.0421537738229	0.000611145333538	-0.0212784937874	0.0507937324898	-0.0447821425536	-0.00976889568041	-0.021209432117	0.00638713237773	0.0279629282334	-0.0321216972964	-0.0415160119676	-0.0442181039018	-0.0525766990371	-0.00955268222808	0.00564823539161	0.0200649107231	-0.0529139554685	0.0955140946228	-0.0639364395306	-0.045775514004	-0.0074786291286	0.0218141305868	-0.0269381411847	-0.0155588815105	-0.011836711293	-0.0178104063962	0.0458564802031	-0.0237824626887	-0.000871184786093	-0.0319767417216	-0.00109327849233
k__Bacteria;p__Bacteroidetes;c__Bacteroidia;o__Bacteroidales;f__Bacteroidaceae;g__Bacteroides;s__Bacteroides_thetaiotaomicron	0.0143916166072	0.0138211911584	0.00477470637092	0.0344302278454	-0.0043347937441	0.0152569093099	-0.0357023130209	0.0529096945144	0.0268224907843	-0.00371104027371	1.0	0.0591304924838	0.0230567777479	-0.0478072318318	0.0298697082439	0.0447401198477	0.000540249260671	-0.000903893878757	-0.0755488642817	-0.0321786187021	-0.0176102513569	0.0179820375469	-0.0313935854508	0.0222403338248	0.0238934469066	0.0117132313834	0.0220511618993	-0.0550069753298	-0.015257353754	-0.0725861275092	0.0337614243823	0.00075189917734	-0.00599477175252	0.0108095411192	-0.0802052147573	0.0669906421611	0.0210240673528	-0.0730468871194	-0.0264860540782	-0.0406364573454	-0.034640499258	-0.0159789143273	-0.001118117626	-0.0158634784953	0.0335954337464	0.0524144493292	-0.0202933189061	-0.0645929822378	-0.0205452531071	0.0243985508469	0.0108276955717	0.0156405176953	-0.0612894738708	0.00106628652311	0.00039188675199	-0.000922012883555	-0.0160534596355	-0.00616892951172	0.0429585177988
k__Bacteria;p__Bacteroidetes;c__Bacteroidia;o__Bacteroidales;f__Bacteroidaceae;g__Bacteroides;s__Bacteroides_coprocola	0.0242876826964	0.0405206884616	-0.0242622287891	0.00475377255488	0.0317488927432	0.0675953517064	0.00447907955056	-0.078073690433	-0.00405617551489	-0.0183674777274	0.0591304924838	1.0	-0.0189864042646	-0.0197461114691	0.0281847620753	-0.0556816289971	-0.0308459869329	-0.00619473072942	0.0375246022614	0.00651909485955	0.0193523938331	-0.0112347446427	-0.0151150639722	-0.0579967447181	-0.0305268219028	0.0351694086703	0.0365110639441	-0.0138170087686	-0.0133004038508	0.0329176783019	-0.034837302283	0.0186950603702	-0.10298753551	0.0105411818438	-0.0392640896742	-0.100444132674	-0.0134993757402	0.00149596123429	-0.0449064687126	-0.00883007470098	-0.0120283653997	0.000234315236611	-0.0147025624324	0.0520836591243	0.0450855988136	0.0366502504647	0.0462578456808	-0.0750271525305	-0.029281025519	-0.0285171841756	-0.0836219290764	-0.0791393308015	-0.0249835306416	0.0157561131037	0.0290003903243	-0.0384739770494	0.0137820601811	0.00849229879926	0.00473598573651
k__Bacteria;p__Bacteroidetes;c__Bacteroidia;o__Bacteroidales;f__Bacteroidaceae;g__Bacteroides;s__Bacteroides_cellulosilyticus	0.0149400743479	-0.0045409746518	-0.0413709484718	-0.0206591427715	-0.00522806429779	-0.030681201209	-0.0372900245703	-0.0205330005297	-0.0280019334951	0.0328408085179	0.0230567777479	-0.0189864042646	1.0	-0.0366461467183	-0.000383133698219	-0.0211363287109	0.0194296297873	0.00974541104983	-0.0277045179248	-0.0504069936187	0.0395151958347	-0.0493956830825	-0.046017998889	-0.023245936603	-0.0447615660425	0.0235472106953	-0.0489180818026	0.0302294641746	0.0376533653566	-0.0170820263704	0.0227774340622	0.0117452425778	-0.048877245205	-0.0076657522716	0.0083256482988	0.00812678709336	-0.00746557276582	-0.0321963220033	0.0162697923003	0.0233224514954	-0.0079475588226	0.0211572204115	-0.02628872718	-0.0302053138872	0.0602266379535	-0.0617483269732	-0.0079010244777	0.0257895861581	-0.0406834959909	-0.0275906445183	0.00620318239902	-0.00968584448506	-0.0486044612318	0.0150258969039	0.0149509479749	-0.046179598659	0.0180631390653	0.0439991866804	0.071601753031
k__Bacteria;p__Bacteroidetes;c__Bacteroidia;o__Bacteroidales;f__Rikenellaceae;g__Alistipes;s__Alistipes_obesi	-0.0050502068706	-0.0129565688776	0.00719106287844	-0.0372628247818	-0.00772004249435	-0.0944361451638	0.0248153208416	0.0291457609533	-0.00219642793066	-0.0636336474496	-0.0478072318318	-0.0197461114691	-0.0366461467183	1.0	0.0519863464814	0.0512941802965	-0.0321148368392	-0.0685398586265	-0.0175408645325	-0.0199657010374	0.0173192689732	-0.0379893485809	0.0247428853261	-0.0391879810038	0.00462753518088	-0.0359432747366	0.0236318982224	-0.0353345653189	-0.00495973838554	-0.0098594977393	-0.0167776160321	0.0165218933942	0.0241545444127	0.0192680821752	-0.0726011359537	0.0232871826301	0.0207668889025	0.0234283350333	0.00902667899687	-0.0184616054855	0.0175328458392	-0.0346458422638	-0.010980821718	-0.0537127694912	-0.0056222963768	0.0265957832867	-0.0173531910889	-0.0618155627469	-0.0414530195261	0.00297857563348	-0.00604047933569	-0.0223773998203	0.0069749460146	0.0969526330246	-0.00773157157996	0.00700816272737	-0.000661105201859	0.0129080023548	0.0018965859744
k__Bacteria;p__Firmicutes;c__Clostridia;o__Clostridiales;f__Lachnospiraceae;g__;s__[Eubacterium]_rectale	-0.0250034233142	0.0113183002564	-0.0300409286399	-0.0378409651629	-0.0335163350517	-0.00528238653271	0.0267895667922	0.0216233460822	0.0105206962998	0.0139581916247	0.0298697082439	0.0281847620753	-0.000383133698219	0.0519863464814	1.0	-0.0435232747578	0.0129047566089	-0.0251806494738	0.0176628558249	-0.0512624202141	0.018480814794	0.0179944492497	0.000232940881507	-0.0251284889269	-0.0172040044798	-0.0139713643723	0.0253206319086	-0.0643350136691	-0.00499391079074	0.0757363806789	0.0267925817222	-0.0172589904578	0.0615093680994	-0.0104188187809	-0.00131494181633	-0.0440144524023	-0.0092328932625	-0.0285815824037	-0.0339213392822	-0.0415482673841	-0.0191622040309	0.0265895419343	-0.0351351018738	0.0104918584358	-0.0322973844722	-0.00610313757482	-0.0237293205838	-0.0512490440003	0.015870126022	0.0214562580083	-0.0237549625719	-0.0131230205453	-0.0366115144233	-0.0563732540174	-0.0601267608736	-0.0385355823893	-0.00400007064051	-0.0613429636215	-0.00315364573918
k__Bacteria;p__Bacteroidetes;c__Bacteroidia;o__Bacteroidales;f__Bacteroidaceae;g__Bacteroides;s__Bacteroides_plebeius	0.00274384294553	-0.0248224337316	0.00855098950452	-0.0715453599165	-0.00466382623004	-0.0829915594809	0.020550942857	-0.0820828295024	0.0284371422634	-0.0368980349404	0.0447401198477	-0.0556816289971	-0.0211363287109	0.0512941802965	-0.0435232747578	1.0	-0.0323535507703	-0.0402723953134	-0.0127092126038	-0.0250947971809	-0.0438520459466	0.0180198374802	-0.0648314028828	0.0326546030632	-0.024036940809	-0.0232989684263	0.017859385683	0.00835736372995	0.000880258401297	0.0441833346345	-0.00359754896858	-0.0181174905351	0.01628330592	0.00296517334282	-0.0325775053744	0.0366876935508	0.0290725337382	0.0139504555276	-0.0165979719041	0.0462202447339	-0.0525033266926	0.0393743246212	0.0397635527191	-0.0141433094229	0.0731411152201	-0.0117994544874	-0.0233744514061	0.0331294345238	0.0298865876046	-0.0248791448225	-0.0386973574436	0.0248054668014	-0.00733030049179	-0.0337089831235	0.0256169203022	-0.0126881436077	-0.0352407608721	0.106375432469	-0.000403287453958
k__Bacteria;p__Bacteroidetes;c__Bacteroidia;o__Bacteroidales;f__Bacteroidaceae;g__Bacteroides;s__Bacteroides_fragilis	0.0540041663249	0.0212242446121	-0.0209804112738	-0.0305767264011	0.0269062223819	-0.0437411015341	-0.00927696108807	-0.0588901680998	-0.0326824634459	0.0220651386961	0.000540249260671	-0.0308459869329	0.0194296297873	-0.0321148368392	0.0129047566089	-0.0323535507703	1.0	-0.00265712037778	0.00647526845112	0.0362571701527	0.0379258758534	-0.0494702201541	0.0380082018388	-0.00462843862421	0.0520004676966	-0.0930717710252	0.00743338039428	0.0333832913598	0.0168808097048	-0.0636747583663	0.0766370346358	0.0181691653533	-0.0329414691865	-0.048351198945	-0.0291963667701	0.0357448995082	-0.0947985377433	-0.0213653067353	0.0300299086912	0.0181064136448	0.00561129428457	-0.0565442338453	-0.0572904490486	-0.0399723710895	-0.0560956237241	-0.000660318080757	0.0469302790625	0.0233248975906	-0.0555261494966	-0.0227809865683	0.0136173512677	0.0306154301716	0.0057880286425	-0.00958784769458	0.018724399921	0.00269655273518	-0.00991917629564	-0.00819543352681	0.004428527873
k__Bacteria;p__Proteobacteria;c__Betaproteobacteria;o__Burkholderiales;f__Sutterellaceae;g__Sutterella;s__Sutterella_wadsworthensis	-0.00468541634686	-0.0128587647456	0.0406669053135	0.0249216835882	0.00426240145524	0.0234912946421	-0.0393845104305	-0.00522253415762	-0.0266870213848	-0.028150131281	-0.000903893878757	-0.00619473072942	0.00974541104983	-0.0685398586265	-0.0251806494738	-0.0402723953134	-0.00265712037778	1.0	0.00074452504062	-0.00192902952504	-0.0135210671568	0.0145056613711	-0.00353295849482	0.0717584088648	-0.0129488017286	0.0315526936801	0.0215333531055	0.0289910169902	0.00143551545958	-0.0390080436604	-0.0507139518132	0.0426116278858	-0.0346580048521	-0.0632087661281	0.0136095945416	0.0197069822519	0.0446697591382	-0.00891804890526	-0.0163621411819	0.0222881717924	-0.032939530527	-0.0426023936957	-0.0448546393958	0.0399577790205	0.0169096581053	0.00922138779046	0.0220160854235	0.0124640271334	-0.00619745169865	-0.0315128821677	-0.0339284261837	-0.0384186639214	0.0541148809333	-0.0290590956743	0.00942526842619	-0.0601670551313	-0.0285943913209	0.0008825936968	-0.0438082694483
k__Bacteria;p__Bacteroidetes;c__Bacteroidia;o__Bacteroidales;f__Porphyromonadaceae;g__Barnesiella;s__Barnesiella_intestinihominis	-0.0600290206423	-0.0408139500565	-0.0304905105111	-0.0241609673812	0.0148716343255	-0.030929239781	-0.0219323889898	-0.045805164716	0.024348630094	0.0178585894067	-0.0755488642817	0.0375246022614	-0.0277045179248	-0.0175408645325	0.0176628558249	-0.0127092126038	0.00647526845112	0.00074452504062	1.0	0.0187283858352	-0.0410934437004	0.0152357710428	-0.0461847581661	-0.0133291735387	0.0218133550083	-0.0381380055633	-0.00987051504187	0.0233144189788	0.00224578990406	-0.0590450310858	-0.0293632202417	-0.0181929723356	-0.00934965904014	0.016896348873	-0.00139523756023	-0.00289930313011	-0.0255314933591	-0.027452139859	-0.00473716962557	0.0381417035646	-0.0209603382814	-0.0164461315175	-0.0170802062161	-0.0360744550827	0.00452171139987	-0.03361136695	-0.00685152198188	0.0237833174106	0.0410420463173	-0.0634371791061	-0.00327612748746	-0.0319496302177	-0.0143214096162	0.109348111623	0.0605259421567	-0.000189565326185	-0.0635809978219	0.023523320505	-0.0474152075756
k__Bacteria;p__Bacteroidetes;c__Bacteroidia;o__Bacteroidales;f__Odoribacteraceae;g__Odoribacter;s__Odoribacter_splanchnicus	0.0181751249289	-0.0468991526245	-0.000561598090025	-0.0112911022753	0.000612965706764	-0.019647690584	-0.00662740782516	-0.0036857537669	0.00925211191018	0.0491158975938	-0.0321786187021	0.00651909485955	-0.0504069936187	-0.0199657010374	-0.0512624202141	-0.0250947971809	0.0362571701527	-0.00192902952504	0.0187283858352	1.0	0.0379781199526	-0.0336861120207	0.00590381815704	0.0495715955207	-0.0292846905917	-0.0638311598508	-0.00876754069356	0.0128963018734	-0.0228735508551	0.0495666485923	0.091694191672	-0.0228388637175	-0.0203374787552	0.00307363189919	-0.0447561321402	0.0533171172448	-0.00705498619868	-0.00224468245617	-0.00786853161104	0.0270606913099	-0.0669586354374	-0.0377677043709	-0.0572472857191	-0.0492641521484	-0.052762631523	-0.0276189350784	0.0178185561322	0.0408567858968	-0.0128551897676	-0.0878628409495	-0.00409599377042	-0.00897680922932	0.0239700877284	-0.00216489518977	-0.0197139602472	-0.0154371982648	-0.00884451447127	0.0318119511659	-0.0144204431421
k__Bacteria;p__Bacteroidetes;c__Bacteroidia;o__Bacteroidales;f__Bacteroidaceae;g__Bacteroides;s__Bacteroides_salyersiae	0.013780094239	-0.0421118848866	-0.0131174760626	0.00500351833954	0.00300022112215	-0.0416490932544	0.0393128330588	-0.0338689260818	0.0478290165384	-0.0237195195265	-0.0176102513569	0.0193523938331	0.0395151958347	0.0173192689732	0.018480814794	-0.0438520459466	0.0379258758534	-0.0135210671568	-0.0410934437004	0.0379781199526	1.0	0.015254528462	0.0111421359995	0.0496312834804	-0.0236113757701	-0.0320648652762	0.0111447317575	0.00207963904715	-0.0521255954636	-0.00356054180862	0.0226115751167	0.0379900468554	-0.00409880538031	-0.0646057027131	0.0347232489275	-0.0509703469765	-0.011589977811	0.023242228857	0.00267558389437	-0.010319876592	0.00949056254663	0.0111527425997	0.028040203788	0.0705928873971	-0.0549530853604	-0.00671971403445	-0.0817848545377	0.00465217085809	0.0379406539803	-0.0485554644826	-0.0105533088939	-0.00485873881508	0.0400501203915	0.0270413503409	-0.0300065547544	0.0240046787895	-0.105900492623	0.0504596449335	-0.00516048897793
k__Bacteria;p__Firmicutes;c__Clostridia;o__Clostridiales;f__Ruminococcaceae;g__Ruminiclostridium;s__[Eubacterium]_siraeum	0.0706100428187	-0.00319417078681	0.0340703711374	-0.0150732829451	0.0190190582739	-0.00943822566555	-0.0393416016783	-0.0366148385166	0.0287267730311	0.00135134045001	0.0179820375469	-0.0112347446427	-0.0493956830825	-0.0379893485809	0.0179944492497	0.0180198374802	-0.0494702201541	0.0145056613711	0.0152357710428	-0.0336861120207	0.015254528462	1.0	-0.0897426491113	0.0476790543236	0.0429294589875	-0.0563448997466	-0.00919411364883	-0.0360713689415	-0.0245788511	0.00079902047584	0.0147365474235	-0.013146722031	-0.0952976403617	0.0407449504758	-0.0302157399499	0.0536927949853	0.0642034051823	0.0394632057072	-0.0118149790309	0.0337281259286	0.0438795430661	-0.0202707421027	-0.0386917700407	0.0127364290692	0.0372362428902	-0.00245465488691	0.0531199812729	-0.00603859870452	-0.00636602661695	-0.00936706537831	-0.032745803112	0.0522211107638	-0.0526198633076	-0.00981814166159	-0.0128054284274	-0.00393390724295	-0.0043433664026	-0.0258076618538	-0.032699069256
k__Bacteria;p__Proteobacteria;c__Betaproteobacteria;o__Burkholderiales;f__Sutterellaceae;g__Parasutterella;s__Parasutterella_excrementihominis	0.00132540468008	0.00115715291489	-0.05372452302	0.0446176645974	-0.0318477889081	0.0633719997576	0.00406276630567	-0.0220902541663	-0.0577867120161	-0.021551976799	-0.0313935854508	-0.0151150639722	-0.046017998889	0.0247428853261	0.000232940881507	-0.0648314028828	0.0380082018388	-0.00353295849482	-0.0461847581661	0.00590381815704	0.0111421359995	-0.0897426491113	1.0	0.0482624998912	-0.0142878236069	0.0186289880013	-0.0206074752366	0.0535075980209	-0.0915358511154	-0.0283253264482	0.00834164356015	-0.0369094801382	0.00239849195954	0.0280449753621	0.00308671211662	-0.00205327448465	0.0358737133046	0.0184904716289	-0.0268868422461	-0.0514973493077	0.0242908858988	-0.000324955140053	0.0254509204615	0.0101958589918	-0.023602446316	0.0191919397768	0.0223695741989	-0.0137771348805	0.00945135211656	0.0512472969957	-0.00317880675143	-0.0426891114223	-0.0467075177015	-0.00543350128308	0.00529880124214	-0.0583957758881	0.0211880305914	-0.0191556168457	0.0240553000499
k__Bacteria;p__Actinobacteria;c__Actinobacteria;o__Bifidobacteriales;f__Bifidobacteriaceae;g__Bifidobacterium;s__Bifidobacterium_adolescentis	0.0243345650112	-0.0424201849543	0.028456044587	-0.00973325201025	-0.00947236249928	0.0119963715231	-0.0406146604465	-0.0374959226242	0.0189293956391	0.00685491875734	0.0222403338248	-0.0579967447181	-0.023245936603	-0.0391879810038	-0.0251284889269	0.0326546030632	-0.00462843862421	0.0717584088648	-0.0133291735387	0.0495715955207	0.0496312834804	0.0476790543236	0.0482624998912	1.0	0.00836988012116	0.00619759566027	-0.0528101093336	-0.0524199845728	-0.0294765168307	0.0232804862812	0.0480573316374	0.0190905473909	0.00433110750425	-0.025231559621	-0.0361244130004	-0.0613718633121	-0.00174447501394	0.0057879401167	0.00506805165003	-0.0401955510316	0.0106104489354	-0.0536202106466	0.0486322195512	-0.0439797908794	0.00823324772792	0.00971339917716	-0.00905541205438	0.0161833388231	0.0146219395972	0.0359445854408	0.00824053761295	-0.0528815906296	-0.0175003866727	-0.00521988444168	-0.000201353617823	-0.0569011115247	0.0184382477129	0.0261699641574	-0.021331986892
k__Bacteria;p__Firmicutes;c__Clostridia;o__Clostridiales;f__Oscillospiraceae;g__Oscillibacter;s__Oscillibacter_sp._KLE_1745	-0.0151804725613	-0.00334701116017	-0.0101877139496	-0.0127823140883	-0.0161263836486	-0.0735699821866	0.032265359183	-0.0058938293557	-0.00439593352132	-0.0625724968212	0.0238934469066	-0.0305268219028	-0.0447615660425	0.00462753518088	-0.0172040044798	-0.024036940809	0.0520004676966	-0.0129488017286	0.0218133550083	-0.0292846905917	-0.0236113757701	0.0429294589875	-0.0142878236069	0.00836988012116	1.0	0.0264011427627	-0.0509898118988	-0.0489317232784	-0.080791350191	0.043373636564	-0.0290673888453	-0.0124713829796	-0.0190774215107	-0.0304558581607	0.00642610861152	-0.0219100987393	-0.028114598315	-0.0184404668355	0.000221970005886	0.020441231341	-0.00455362013531	0.0163120034591	-0.00743495160975	0.016551503313	-0.051169374665	-0.0220125857613	0.0347576778997	-0.0362464149268	0.0660699818828	0.0331209494956	-0.0179100298899	-0.0431608712513	-0.0274945611587	0.0422509726394	-0.0153378117594	-0.0852857720436	0.0687223446916	0.00350399565104	0.0578594411672
k__Bacteria;p__Bacteroidetes;c__Bacteroidia;o__Bacteroidales;f__Bacteroidaceae;g__Bacteroides;s__Bacteroides_coprophilus	-0.0308705909489	-0.0129411536009	-0.0392189977211	-0.034534233868	-0.0385669997441	-9.9567861773e-05	0.000183301012673	-0.0383683612747	-0.022097651287	-0.0294326908799	0.0117132313834	0.0351694086703	0.0235472106953	-0.0359432747366	-0.0139713643723	-0.0232989684263	-0.0930717710252	0.0315526936801	-0.0381380055633	-0.0638311598508	-0.0320648652762	-0.0563448997466	0.0186289880013	0.00619759566027	0.0264011427627	1.0	-0.0382894407158	-0.0351700507873	-0.0647614904649	-0.040637147311	-0.0590693641656	0.0798511314452	-0.030793231166	-0.00910280461428	0.00254265208971	-0.0110881926655	0.00570652940145	0.00157687324195	0.00489794557945	-0.0131766450859	0.00196220692195	-0.0382589606579	-0.0543319355857	-0.000121152712061	-0.0453152526382	-0.00321514935992	0.0101480742429	-0.0503157206325	0.0260457688377	-0.00238993178457	-0.0375152703874	-0.0790709710473	-0.0210654567033	0.0612381148126	0.0297854774048	0.0682359731154	0.0271567302814	-0.0220194290178	-0.00240092237867
k__Bacteria;p__Firmicutes;c__Clostridia;o__Clostridiales;f__Lachnospiraceae;g__Roseburia;s__Roseburia_intestinalis	-0.0294819996577	-0.0503573738549	-0.014979233383	-0.0145921147649	-0.00707378855855	-0.0256452267218	-0.0215319424306	-0.00609327447227	-0.0318552537775	0.030506401462	0.0220511618993	0.0365110639441	-0.0489180818026	0.0236318982224	0.0253206319086	0.017859385683	0.00743338039428	0.0215333531055	-0.00987051504187	-0.00876754069356	0.0111447317575	-0.00919411364883	-0.0206074752366	-0.0528101093336	-0.0509898118988	-0.0382894407158	1.0	0.0336243856822	-0.0546782320046	-0.00851238349709	-0.0180914730338	-0.0643609129229	0.0310684744115	0.00702224715457	-0.0199508873076	-0.0385555367449	0.0416820829792	-0.00946523120237	-0.0228399607764	0.0315700864344	0.0420257846962	0.00113557446905	-0.00739835654921	-0.00366115792136	-0.00590919844603	-0.0408992026839	-0.0586980978983	0.0314320046292	-0.0226906776989	0.0364654412385	0.0155746600909	-0.0275167206945	-0.0341659169199	0.0111916401997	0.011508849311	-0.0302750371401	0.0203270970986	-0.0644213956482	-0.0360297390738
k__Bacteria;p__Firmicutes;c__Clostridia;o__Clostridiales;f__Lachnospiraceae;g__Roseburia;s__Roseburia_hominis	-0.00626196470377	-0.040856302826	0.0180550584061	-0.0240544414556	0.0122165905786	0.0168421927649	0.00734244189992	-0.0166249060936	-0.00906968503584	-0.00489177296394	-0.0550069753298	-0.0138170087686	0.0302294641746	-0.0353345653189	-0.0643350136691	0.00835736372995	0.0333832913598	0.0289910169902	0.0233144189788	0.0128963018734	0.00207963904715	-0.0360713689415	0.0535075980209	-0.0524199845728	-0.0489317232784	-0.0351700507873	0.0336243856822	1.0	-0.0366934602126	-0.0120475514445	0.037977658875	-0.0298938207535	0.0846520508505	-0.040754916909	0.000809315548098	-0.0135143901339	-0.0124185869416	0.0101914095068	0.0436207264503	-0.0157449123818	0.0255623537072	-0.0298962916072	-0.0156550640422	-0.0978246838775	0.0139903587683	-0.017663666911	0.0294787246649	-0.00285421149692	0.0248214869199	-0.0525887711613	-0.00713754693105	-0.0596286209334	-0.0350964810789	-0.0803585576114	-0.0353617367529	-4.94431209935e-05	-0.00688573256209	0.0455024318579	-0.0632438006349
k__Bacteria;p__Bacteroidetes;c__Bacteroidia;o__Bacteroidales;f__Porphyromonadaceae;g__Parabacteroides;s__Parabacteroides_johnsonii	-0.000809275008724	-0.0111026110164	0.0246098245955	0.0145249850355	-0.0124556635217	0.027591526238	-0.0702307223121	-0.0508357086369	0.0413917057841	-0.0421537738229	-0.015257353754	-0.0133004038508	0.0376533653566	-0.00495973838554	-0.00499391079074	0.000880258401297	0.0168808097048	0.00143551545958	0.00224578990406	-0.0228735508551	-0.0521255954636	-0.0245788511	-0.0915358511154	-0.0294765168307	-0.080791350191	-0.0647614904649	-0.0546782320046	-0.0366934602126	1.0	-0.037075643765	-0.0464063117008	-0.00848140237001	0.0294341705246	-0.000958345986749	-0.0202447853892	-0.0417746129104	0.0284107496619	-0.0289009002817	0.00147865607882	0.013809384492	-0.00964214820569	-0.0351275938418	0.0117393210912	0.0200652698993	-0.0160791941044	0.0155146903415	0.0301219655714	0.00266587597541	0.0346029566076	0.0123807849187	0.0153630812559	-0.00128841538603	-0.0138349598184	0.00860810040553	0.0176205075803	0.00288988510712	-0.00223342376227	-0.0103035597279	-0.000862080597748
k__Bacteria;p__Actinobacteria;c__Actinobacteria;o__Bifidobacteriales;f__Bifidobacteriaceae;g__Bifidobacterium;s__Bifidobacterium_longum	-0.0502749505621	0.0359830611405	-0.0471651713333	-0.020699448105	0.00705665756288	0.0420272220865	-0.0593773628138	0.00528080856462	-0.0333727975647	0.000611145333538	-0.0725861275092	0.0329176783019	-0.0170820263704	-0.0098594977393	0.0757363806789	0.0441833346345	-0.0636747583663	-0.0390080436604	-0.0590450310858	0.0495666485923	-0.00356054180862	0.00079902047584	-0.0283253264482	0.0232804862812	0.043373636564	-0.040637147311	-0.00851238349709	-0.0120475514445	-0.037075643765	1.0	-0.0134755276336	0.0346954731877	0.053716387291	-0.00874683618807	0.0313984520392	-0.0699173626747	0.000615013545261	-0.0413266770006	0.0263468491613	-0.0790214847056	-0.0237520093498	-0.00605248952089	-0.0422910247504	0.00237601769896	-0.0296190824267	-0.0545909181644	-0.0496727750016	-0.0393698014901	0.0352689771017	-0.0132664014055	-0.0542463872353	0.0196559707809	-0.0316390424905	-0.0392937097399	-0.0171486539414	-0.00907271677836	0.0360774474984	-0.0221542536883	0.0207925185597
