#taxonomy	k__Bacteria;p__Bacteroidetes;c__Bacteroidia;o__Bacteroidales;f__Bacteroidaceae;g__Bacteroides;s__Bacteroides_vulgatus	k__Bacteria;p__Bacteroidetes;c__Bacteroidia;o__Bacteroidales;f__Bacteroidaceae;g__Bacteroides;s__Bacteroides_uniformis	k__Bacteria;p__Bacteroidetes;c__Bacteroidia;o__Bacteroidales;f__Rikenellaceae;g__Alistipes;s__Alistipes_putredinis	k__Bacteria;p__Bacteroidetes;c__Bacteroidia;o__Bacteroidales;f__Prevotellaceae;g__Prevotella;s__Prevotella_copri	k__Bacteria;p__Bacteroidetes;c__Bacteroidia;o__Bacteroidales;f__Bacteroidaceae;g__Bacteroides;s__Bacteroides_stercoris	k__Bacteria;p__Bacteroidetes;c__Bacteroidia;o__Bacteroidales;f__Bacteroidaceae;g__Bacteroides;s__Bacteroides_ovatus	k__Bacteria;p__Bacteroidetes;c__Bacteroidia;o__Bacteroidales;f__Rikenellaceae;g__Alistipes;s__Alistipes_shahii	k__Bacteria;p__Firmicutes;c__Clostridia;o__Clostridiales;f__Ruminococcaceae;g__Faecalibacterium;s__Faecalibacterium_prausnitzii	k__Bacteria;p__Bacteroidetes;c__Bacteroidia;o__Bacteroidales;f__Rikenellaceae;g__Alistipes;s__Alistipes_finegoldii	k__Bacteria;p__Bacteroidetes;c__Bacteroidia;o__Bacteroidales;f__Porphyromonadaceae;g__Parabacteroides;s__Parabacteroides_distasonis	k__Bacteria;p__Bacteroidetes;c__Bacteroidia;o__Bacteroidales;f__Bacteroidaceae;g__Bacteroides;s__Bacteroides_thetaiotaomicron	k__Bacteria;p__Bacteroidetes;c__Bacteroidia;o__Bacteroidales;f__Bacteroidaceae;g__Bacteroides;s__Bacteroides_coprocola	k__Bacteria;p__Bacteroidetes;c__Bacteroidia;o__Bacteroidales;f__Bacteroidaceae;g__Bacteroides;s__Bacteroides_cellulosilyticus	k__Bacteria;p__Bacteroidetes;c__Bacteroidia;o__Bacteroidales;f__Rikenellaceae;g__Alistipes;s__Alistipes_obesi	k__Bacteria;p__Firmicutes;c__Clostridia;o__Clostridiales;f__Lachnospiraceae;g__;s__[Eubacterium]_rectale	k__Bacteria;p__Bacteroidetes;c__Bacteroidia;o__Bacteroidales;f__Bacteroidaceae;g__Bacteroides;s__Bacteroides_plebeius	k__Bacteria;p__Bacteroidetes;c__Bacteroidia;o__Bacteroidales;f__Bacteroidaceae;g__Bacteroides;s__Bacteroides_fragilis	k__Bacteria;p__Proteobacteria;c__Betaproteobacteria;o__Burkholderiales;f__Sutterellaceae;g__Sutterella;s__Sutterella_wadsworthensis	k__Bacteria;p__Bacteroidetes;c__Bacteroidia;o__Bacteroidales;f__Porphyromonadaceae;g__Barnesiella;s__Barnesiella_intestinihominis	k__Bacteria;p__Bacteroidetes;c__Bacteroidia;o__Bacteroidales;f__Odoribacteraceae;g__Odoribacter;s__Odoribacter_splanchnicus	k__Bacteria;p__Bacteroidetes;c__Bacteroidia;o__Bacteroidales;f__Bacteroidaceae;g__Bacteroides;s__Bacteroides_salyersiae	k__Bacteria;p__Firmicutes;c__Clostridia;o__Clostridiales;f__Ruminococcaceae;g__Ruminiclostridium;s__[Eubacterium]_siraeum	k__Bacteria;p__Proteobacteria;c__Betaproteobacteria;o__Burkholderiales;f__Sutterellaceae;g__Parasutterella;s__Parasutterella_excrementihominis	k__Bacteria;p__Actinobacteria;c__Actinobacteria;o__Bifidobacteriales;f__Bifidobacteriaceae;g__Bifidobacterium;s__Bifidobacterium_adolescentis	k__Bacteria;p__Firmicutes;c__Clostridia;o__Clostridiales;f__Oscillospiraceae;g__Oscillibacter;s__Oscillibacter_sp._KLE_1745	k__Bacteria;p__Bacteroidetes;c__Bacteroidia;o__Bacteroidales;f__Bacteroidaceae;g__Bacteroides;s__Bacteroides_coprophilus	k__Bacteria;p__Firmicutes;c__Clostridia;o__Clostridiales;f__Lachnospiraceae;g__Roseburia;s__Roseburia_intestinalis	k__Bacteria;p__Firmicutes;c__Clostridia;o__Clostridiales;f__Lachnospiraceae;g__Roseburia;s__Roseburia_hominis	k__Bacteria;p__Bacteroidetes;c__Bacteroidia;o__Bacteroidales;f__Porphyromonadaceae;g__Parabacteroides;s__Parabacteroides_johnsonii	k__Bacteria;p__Actinobacteria;c__Actinobacteria;o__Bifidobacteriales;f__Bifidobacteriaceae;g__Bifidobacterium;s__Bifidobacterium_longum	k__Bacteria;p__Firmicutes;c__Clostridia;o__Clostridiales;f__;g__Flavonifractor;s__Flavonifractor_plautii	k__Bacteria;p__Firmicutes;c__Clostridia;o__Clostridiales;f__Clostridiaceae;g__Clostridium;s__Clostridium_phoceensis	k__Bacteria;p__Verrucomicrobia;c__Verrucomicrobiae;o__Verrucomicrobiales;f__Akkermansiaceae;g__Akkermansia;s__Akkermansia_muciniphila	k__Bacteria;p__Bacteroidetes;c__Bacteroidia;o__Bacteroidales;f__Prevotellaceae;g__Paraprevotella;s__Paraprevotella_xylaniphila	k__Bacteria;p__Firmicutes;c__Clostridia;o__Clostridiales;f__Ruminococcaceae;g__Ruminococcus;s__Ruminococcus_callidus	k__Bacteria;p__Bacteroidetes;c__Bacteroidia;o__Bacteroidales;f__Rikenellaceae;g__Alistipes;s__Alistipes_senegalensis	k__Bacteria;p__Firmicutes;c__Clostridia;o__Clostridiales;f__Lachnospiraceae;g__Blautia;s__Blautia_sp._KLE_1732	k__Bacteria;p__Bacteroidetes;c__Bacteroidia;o__Bacteroidales;f__Bacteroidaceae;g__Bacteroides;s__Bacteroides_oleiciplenus	k__Bacteria;p__Firmicutes;c__Clostridia;o__Clostridiales;f__Ruminococcaceae;g__Ruminococcus;s__Ruminococcus_bicirculans	k__Bacteria;p__Bacteroidetes;c__Bacteroidia;o__Bacteroidales;f__Bacteroidaceae;g__Bacteroides;s__Bacteroides_fluxus	k__Bacteria;p__Bacteroidetes;c__Bacteroidia;o__Bacteroidales;f__Prevotellaceae;g__Prevotella;s__Prevotella_stercorea	k__Bacteria;p__Firmicutes;c__Clostridia;o__Clostridiales;f__Lachnospiraceae;g__Dorea;s__Dorea_longicatena	k__Bacteria;p__Firmicutes;c__Clostridia;o__Clostridiales;f__Eubacteriaceae;g__Eubacterium;s__[Eubacterium]_eligens	k__Bacteria;p__Firmicutes;c__Clostridia;o__Clostridiales;f__Ruminococcaceae;g__;s__Ruminococcaceae_bacterium_D16	k__Bacteria;p__Firmicutes;c__Clostridia;o__Clostridiales;f__Lachnospiraceae;g__Coprococcus;s__Coprococcus_comes	k__Bacteria;p__Proteobacteria;c__Gammaproteobacteria;o__Enterobacterales;f__Enterobacteriaceae;g__Escherichia;s__Escherichia_coli	k__Bacteria;p__Firmicutes;c__Clostridia;o__Clostridiales;f__Ruminococcaceae;g__Anaerotruncus;s__Anaerotruncus_colihominis	k__Bacteria;p__Firmicutes;c__Clostridia;o__Clostridiales;f__Lachnospiraceae;g__Blautia;s__Blautia_obeum	k__Bacteria;p__Bacteroidetes;c__Bacteroidia;o__Bacteroidales;f__Odoribacteraceae;g__Odoribacter;s__Odoribacter_laneus	k__Bacteria;p__Firmicutes;c__Clostridia;o__Clostridiales;f__Ruminococcaceae;g__Ruminiclostridium;s__[Clostridium]_leptum	k__Bacteria;p__Bacteroidetes;c__Bacteroidia;o__Bacteroidales;f__Porphyromonadaceae;g__Parabacteroides;s__Parabacteroides_goldsteinii	k__Bacteria;p__Firmicutes;c__Clostridia;o__Clostridiales;f__Lachnospiraceae;g__Anaerostipes;s__Anaerostipes_hadrus	k__Bacteria;p__Firmicutes;c__Clostridia;o__Clostridiales;f__Ruminococcaceae;g__Ruminococcus;s__Ruminococcus_lactaris	k__Bacteria;p__Firmicutes;c__Clostridia;o__Clostridiales;f__Clostridiaceae;g__Clostridium;s__Clostridium_sp._L2-50	k__Bacteria;p__Firmicutes;c__Clostridia;o__Clostridiales;f__Clostridiaceae;g__Clostridium;s__Clostridium_sp._M62/1	k__Bacteria;p__Firmicutes;c__Clostridia;o__Clostridiales;f__;g__Intestinimonas;s__Intestinimonas_butyriciproducens	k__Bacteria;p__Actinobacteria;c__Actinobacteria;o__Bifidobacteriales;f__Bifidobacteriaceae;g__Bifidobacterium;s__Bifidobacterium_bifidum	k__Bacteria;p__Firmicutes;c__Negativicutes;o__Veillonellales;f__Veillonellaceae;g__Dialister;s__Dialister_invisus	k__Bacteria;p__Bacteroidetes;c__Bacteroidia;o__Bacteroidales;f__Bacteroidaceae;g__Bacteroides;s__Bacteroides_salanitronis
k__Bacteria;p__Bacteroidetes;c__Bacteroidia;o__Bacteroidales;f__Bacteroidaceae;g__Bacteroides;s__Bacteroides_vulgatus	1.0	0.015973822239	-0.044161645785	0.0287773935828	-0.0209634919491	-0.0161033531973	0.0144775555132	0.00160126401545	0.0195152288689	-0.0952402422544	-0.0466363153967	-0.048264320687	0.0341479339956	0.0261447574967	0.02150523274	-0.0472551209156	0.0116254618778	0.0106435399587	-0.022986889543	0.0278820482115	0.0133002337874	-0.0185193402608	0.00349816930719	0.0286267155102	-0.0226905603777	-0.0329598988849	-0.00733831903592	-0.024879092176	-0.0159010351272	0.0350757508238	-0.0469959969315	-0.0788697724604	-0.0282324868928	-0.0130952679498	0.00504020323996	-0.0600167662066	-0.0275149529945	0.0298409096996	-0.0274163736236	0.0350710026769	-0.0836618319096	-0.0505454497643	-0.0246475033784	0.0107692625757	0.0595704503668	-0.0324364418599	-0.0217482035306	0.028898966553	-0.0325914000842	-0.0187265605815	-0.044589377726	0.00534199727171	-0.0473307576553	-0.00142966850797	0.0114468154057	0.0261683872622	-0.0427804037183	0.0607202576469	-0.0247055588689
k__Bacteria;p__Bacteroidetes;c__Bacteroidia;o__Bacteroidales;f__Bacteroidaceae;g__Bacteroides;s__Bacteroides_uniformis	0.015973822239	1.0	0.0563320082951	-0.0144925947568	0.0273986265635	-0.0302072701355	-0.00732966107729	-0.0453433658267	-0.012805900731	0.0439637551015	-0.0145645698645	-0.00136392223186	0.0335770648439	-0.012970815368	0.0147665499125	-0.0160976547065	0.0387998072329	0.0313665183809	-0.010664677282	-0.0373141110164	-0.0337419000251	0.0441545897649	-0.0229612094354	0.00551375812874	-0.0171372685294	-0.0691185888301	-0.00407141481992	-0.052510059347	0.00498198719403	0.00289142201804	-0.000201585230061	0.00826280305449	-0.047160896798	0.0276609963981	0.0270801928021	-0.0121548698229	-0.036625129753	0.0038035602323	-0.014154030478	-0.0158595957883	0.0222839646099	-0.0160234228098	-0.0426534006894	-0.0134796248202	0.0107469174515	0.0157327437752	-0.0160371506785	0.0251892098184	-0.0697360392648	-0.00304994179748	-0.00839514341657	-0.0494468522404	-0.043082359708	-0.00636911072358	-0.0435508848438	-0.0647769428543	-0.0261702534799	-0.01980770082	-0.0359502575427
k__Bacteria;p__Bacteroidetes;c__Bacteroidia;o__Bacteroidales;f__Rikenellaceae;g__Alistipes;s__Alistipes_putredinis	-0.044161645785	0.0563320082951	1.0	-0.026253976166	0.0172673323739	-0.0284085496043	-0.0180845005478	-0.0306016108101	-0.0063769273591	-0.0210371269544	-0.0232410306679	-0.030243922633	-0.043613162935	0.0608096139763	-0.000312794827448	-0.000419787231495	-0.0527249224534	0.00688947809011	0.0507314562168	-0.0505570648329	-0.0362204079638	0.0844945831194	0.031747668411	0.0152445670206	0.0720798706489	-0.0540989722595	-0.069104386028	-0.0485442063486	-0.0521923721497	-0.0458039652966	-0.0669667503168	0.0112307922023	-0.0311375044118	-0.0495621546683	-0.0204138391806	-0.028304804002	-0.0136080701691	0.026004679871	0.0115385520876	0.0507212148556	0.0134308525214	0.00143769059037	0.00987400390551	-0.0256368718926	0.0253524743738	-0.00435105486953	-0.0190706860912	-0.0119555811229	-0.0438165809233	0.000690337923435	-0.0323321495563	0.0238268421103	0.0785683519464	-0.047183489206	-0.0205751801972	0.0218794077369	0.0204513619728	-0.0776216522557	-0.0185468127359
k__Bacteria;p__Bacteroidetes;c__Bacteroidia;o__Bacteroidales;f__Prevotellaceae;g__Prevotella;s__Prevotella_copri	0.0287773935828	-0.0144925947568	-0.026253976166	1.0	-0.0179757866793	0.048906824829	-0.0142009911036	-0.0586527453915	-0.00739712435461	0.017053832282	0.0255191442847	0.0112770608989	-0.0190545929247	-0.0219288413458	-0.00574597733701	-0.0365180078215	-0.0627060491141	-0.00949295538863	0.0181091662394	-0.028390570257	-0.036869859784	-0.00449384647135	0.0231569353543	0.00299220474731	-0.00775417464293	0.027419218271	-0.0334110060017	-0.0123019537532	0.0112987400719	0.0310166228262	0.00898376476493	-0.0229971834271	0.00354693990498	0.0669374103566	0.0053354211748	-0.0586220819659	-0.0231933861734	0.0151700144942	0.0246253995673	0.00643590770691	-0.00536619174904	-0.0540479941769	-0.0242754170829	0.00523039842444	-0.033703025786	-0.0025773548936	-0.0343529526599	0.00861731317552	0.0594096385935	-0.0560086313108	0.0163042828454	-0.00700541421424	-0.0206804479322	-0.0152884978829	-0.0307553505165	0.0114091975257	-0.0265678026125	0.0046939709659	-0.0305948440283
k__Bacteria;p__Bacteroidetes;c__Bacteroidia;o__Bacteroidales;f__Bacteroidaceae;g__Bacteroides;s__Bacteroides_stercoris	-0.0209634919491	0.0273986265635	0.0172673323739	-0.0179757866793	1.0	0.0261755615461	-0.0141704871796	-0.0264742055705	-0.055898919801	-0.0621216067483	-0.00581274930548	0.0293902506111	-0.0142016529645	0.00685477104629	0.034571966859	0.0123003752006	-0.00161837780181	0.0158004359534	0.014155021995	-0.0319574767949	-0.0403979054691	-0.0130050131548	-0.0320851582634	-0.0153383166998	-0.0400055086896	-0.0203641933891	0.031624140235	-0.0111672808888	0.0354527720241	0.0482713237019	0.0182945890742	-0.0103807492178	-0.0127516069763	0.0748237308925	-0.0400485863764	-0.0757866345092	-0.0623603891762	0.00623348395001	0.0446612261426	-0.0731920052197	0.0069451393053	0.0555879050813	-0.0431659189958	0.0221848549384	0.0399541606188	-0.0487968146561	-0.0183550364062	0.0243952085742	0.0120980930313	-0.0301686703295	-0.00593636484621	-0.00227350151723	-0.0180271325384	-0.0111470027232	-0.0404967464325	-0.0651364029529	-0.0332302329326	-0.00942014687499	0.00545187178133
k__Bacteria;p__Bacteroidetes;c__Bacteroidia;o__Bacteroidales;f__Bacteroidaceae;g__Bacteroides;s__Bacteroides_ovatus	-0.0161033531973	-0.0302072701355	-0.0284085496043	0.048906824829	0.0261755615461	1.0	0.069392159103	0.0037667591833	-0.040738527023	0.0814253109141	-0.0135943957195	-0.00428231496207	0.029493483014	0.0482510675459	-0.041561691184	-0.0370140173582	0.00746359079447	-0.0350788550715	-0.0989659455976	0.00160395158975	-0.0151403759512	0.00272360695352	0.0666066067833	0.0321097758589	-0.0236908727792	0.0290196314748	-0.0414909401126	0.0144879837381	0.0352073350793	0.0557520358929	0.00301189273947	-0.00181421667175	0.0118000804975	0.0348536296271	-0.0108720342922	-0.050087214878	0.026094311041	-0.0173695363504	0.0362068205746	-0.0302423071766	0.00234934483322	0.0541898512267	-0.0473010161	-0.0276880913202	-0.0228229176166	0.042655012434	0.0516185816601	-0.019859297923	-0.0311817098531	0.00405449584004	-0.0938617849918	0.00172092606782	0.0185406847696	0.00731024793699	0.0235527287462	0.00319331198596	0.0278669086586	-0.0179720724624	-0.0255672544736
k__Bacteria;p__Bacteroidetes;c__Bacteroidia;o__Bacteroidales;f__Rikenellaceae;g__Alistipes;s__Alistipes_shahii	0.0144775555132	-0.00732966107729	-0.0180845005478	-0.0142009911036	-0.0141704871796	0.069392159103	1.0	-0.00644037567488	-0.0245061101833	-0.0694367156969	0.051550188963	0.0084582518557	-0.0463984753561	0.0282370740643	-0.0162822421102	0.0497720175778	0.00304135275933	-0.0106024429535	-0.0818243086602	-0.00391065796089	-0.0120300743444	-0.0537602583146	-0.0585027007822	-0.0652535713604	-0.0204980866366	0.00655594971841	0.00350415649146	-0.0322071505062	0.0543680090649	0.046183175325	-0.0176930639339	-0.00526545841391	-0.0303770891333	0.0554782323263	0.000219877639065	-0.0188390056573	-0.0385010637724	-0.0230295083988	0.0293305267067	-0.0356269450282	0.00592516273936	-0.0140558396274	-0.0282573871831	0.020957713077	-0.000486906400773	-0.00369818598028	0.00577289421371	-0.0280974085107	-0.0591782568636	-0.0249647389499	-0.0365594611065	-0.0101988809316	-0.0264771385616	-0.046140672652	-0.027635478941	-0.0200490819844	0.021910677555	-0.0886128268248	-0.0379536055367
k__Bacteria;p__Firmicutes;c__Clostridia;o__Clostridiales;f__Ruminococcaceae;g__Faecalibacterium;s__Faecalibacterium_prausnitzii	0.00160126401545	-0.0453433658267	-0.0306016108101	-0.0586527453915	-0.0264742055705	0.0037667591833	-0.00644037567488	1.0	0.0198203140303	0.0108894733968	-0.0108809943853	-0.0253963064417	0.0341370055758	-0.0662431591554	-0.0285373413124	-0.0263483085313	-0.0465018073667	0.0249149506917	-0.0522241833546	-0.0333861676148	0.00356805189851	0.0193426926335	-0.0113446110928	0.0154068463081	-0.0455339601835	-0.0168615897482	0.0041362439581	0.0276463408262	0.011719686127	0.00976288068811	-0.0809801612483	0.0170451608091	0.0365979775533	-0.0069495401192	0.0171536478934	0.048131461768	-0.0319025446778	-0.0425935817418	-0.0258807494388	0.0443192474243	-0.0169076640073	-0.0492735062721	-0.0176300985044	0.0130200384672	-0.0210422436227	-0.0205705769143	0.0976629310449	-0.0523888180087	-0.0185094370875	-0.0106360680839	-0.00831053028403	-0.00987134894896	-0.0197466858065	-0.0444953456826	0.0598413474185	-0.0654828468909	-0.0115917638426	-0.00513105624245	0.0154307409841
k__Bacteria;p__Bacteroidetes;c__Bacteroidia;o__Bacteroidales;f__Rikenellaceae;g__Alistipes;s__Alistipes_finegoldii	0.0195152288689	-0.012805900731	-0.0063769273591	-0.00739712435461	-0.055898919801	-0.040738527023	-0.0245061101833	0.0198203140303	1.0	0.0610782108183	0.0086537942134	-0.00145071549119	-0.0171560130842	0.0341677237138	-0.0212999536191	0.0726038796801	-0.0400343634912	0.0500754175309	-0.0494357757124	0.0142772156041	-0.0230544704533	-0.0429484461413	-0.0199435444515	0.00821513090494	-0.0153360804296	0.0450044888907	-0.00390080478221	-0.00122390923074	-0.0399694552948	-0.0494666780417	-0.0298058173956	-0.0313785247175	-0.0726486968486	0.0174442715414	-0.033570635749	-0.00863188176632	0.0127154489796	-0.0132378284452	0.0337944243204	0.0275921608447	-0.0641602229056	0.0659148711381	-0.0588381656304	-0.039742448169	-0.00453315630098	-0.0542293755908	-0.0242434679871	0.0118537517528	-0.0118759400148	0.0339321631739	0.00887155465438	0.0422085601994	-0.0396880824696	-0.0149208084408	0.0105644984295	-0.00214593412592	-0.0315660852023	0.0093424242254	0.026235270038
k__Bacteria;p__Bacteroidetes;c__Bacteroidia;o__Bacteroidales;f__Porphyromonadaceae;g__Parabacteroides;s__Parabacteroides_distasonis	-0.0952402422544	0.0439637551015	-0.0210371269544	0.017053832282	-0.0621216067483	0.0814253109141	-0.0694367156969	0.0108894733968	0.0610782108183	1.0	0.0191073348652	-0.00266977927962	0.00693335675733	0.028197771741	-0.00990050747277	-0.0317540510835	-0.00691279953636	-0.018773443112	-0.00748859180084	-0.0399868884684	-0.042309873939	-0.010724214322	-0.0164502179487	0.0147512490359	0.0037256735626	-0.00945915917214	-0.0424633969824	0.0357441416768	0.0419813807218	0.0233369495755	-0.00781294512124	-0.0190689554579	0.0125283842436	-0.000605176139926	-0.0168282101783	0.0408800930059	-0.0563493946875	0.0529176789621	0.00392279536799	-0.0527070324443	-0.0113367781208	0.0299373842305	0.109841295588	-0.0568317390594	0.0122737489065	-0.0379400829471	-0.041961419975	0.036550440702	0.0620998588186	0.0108912991805	-0.0509563313051	-0.0337341421903	-0.000599832075386	-0.0233950638044	-0.00244919385809	0.0151011473592	-0.0470767920051	0.0417403279908	0.0416151641583
k__Bacteria;p__Bacteroidetes;c__Bacteroidia;o__Bacteroidales;f__Bacteroidaceae;g__Bacteroides;s__Bacteroides_thetaiotaomicron	-0.0466363153967	-0.0145645698645	-0.0232410306679	0.0255191442847	-0.00581274930548	-0.0135943957195	0.051550188963	-0.0108809943853	0.0086537942134	0.0191073348652	1.0	0.0469045381652	0.026311197447	0.0335831664739	0.0297620539233	0.0381149704971	-0.0586145602187	-0.00786325923756	-0.0171878579739	-0.0353088045614	0.0368628720018	0.0172998233292	0.0301848089775	-0.0288251909612	-0.0152834803222	-0.0519891801264	-0.000780292959515	-0.0333264829106	0.0130621046794	-0.03883142451	-0.0123361731065	0.0360494764644	-0.00218899632025	0.0209236745345	0.0218287877683	-0.000571735141136	-0.0319503164274	-0.0477057862221	-0.0350747105496	0.0558534017127	-0.0108883677121	-0.0422503316268	0.00414929771853	-0.0197675782257	-0.019423621405	-0.0256013715963	-0.0181300945577	0.0407322583726	0.0170542636642	-0.00171387780208	0.0220974490732	-0.00615193572882	-0.0146536229482	-0.0365750302814	0.0722284354939	0.0163747677272	-0.020999897142	0.00822431389379	-0.0101748015417
k__Bacteria;p__Bacteroidetes;c__Bacteroidia;o__Bacteroidales;f__Bacteroidaceae;g__Bacteroides;s__Bacteroides_coprocola	-0.048264320687	-0.00136392223186	-0.030243922633	0.0112770608989	0.0293902506111	-0.00428231496207	0.0084582518557	-0.0253963064417	-0.00145071549119	-0.00266977927962	0.0469045381652	1.0	-0.00862218848951	-0.0659686577951	-0.00529196326619	0.0383767117304	0.00507329401379	-0.0334361076192	-0.0380458725035	0.0104688118885	-0.0159735957326	0.0499842152118	-0.0316415863431	0.00516493844025	0.0421988436392	0.00967168106236	0.00531442625822	0.0289975429729	-0.0772528561589	-0.00224386044005	-0.0744686782357	0.0211355175642	-0.0393308138665	0.0217162886332	-0.00124621360779	0.0357074337167	-0.0117286621581	-0.0173084233339	-0.0405349469317	0.0267161549661	0.0069660747114	-0.0283014351562	0.00453978875382	-0.0123919563531	-0.0155960782369	0.0271309930854	-0.0372138221539	0.0210056143929	0.0194129001953	0.00221518036661	-0.00145873779651	0.0195430257897	-0.0183544752072	0.0610282078475	0.0034658147775	-0.0569289165469	0.00317156568429	0.00531669327997	-0.0266822048586
k__Bacteria;p__Bacteroidetes;c__Bacteroidia;o__Bacteroidales;f__Bacteroidaceae;g__Bacteroides;s__Bacteroides_cellulosilyticus	0.0341479339956	0.0335770648439	-0.043613162935	-0.0190545929247	-0.0142016529645	0.029493483014	-0.0463984753561	0.0341370055758	-0.0171560130842	0.00693335675733	0.026311197447	-0.00862218848951	1.0	0.00844264750527	-0.0466713664066	-0.00864437244613	0.00304469635941	-0.0284273842724	0.0368279507493	-0.00410301062816	0.0133940560846	-0.0310822149565	-0.0429086976251	-0.0205679515536	0.0197178591125	-0.00102843632565	0.0365346584962	-0.0568558361367	-0.00406172123965	-0.0165172399891	-0.0564594573818	-0.0582009812123	-0.0286076563096	-0.0178802715871	-0.00286745737611	-0.0368370639592	-0.0553241428298	0.0315875111702	0.00056434012404	0.0176991638394	0.0354805632955	0.0387446862542	0.0273594521667	0.00731828376105	-0.047665612833	0.00445074161662	0.0460248874038	0.0206530917314	-0.0374759995352	0.0531182516447	0.0251605968371	0.019350203306	-0.0295465169619	0.00344810832609	0.0365625023564	-0.0374837743391	0.0504741276218	-0.0100184832895	0.0277302206097
k__Bacteria;p__Bacteroidetes;c__Bacteroidia;o__Bacteroidales;f__Rikenellaceae;g__Alistipes;s__Alistipes_obesi	0.0261447574967	-0.012970815368	0.0608096139763	-0.0219288413458	0.00685477104629	0.0482510675459	0.0282370740643	-0.0662431591554	0.0341677237138	0.028197771741	0.0335831664739	-0.0659686577951	0.00844264750527	1.0	-0.0191033577402	-0.0623317051129	0.0161516096562	-0.0374653755418	-0.0321966351868	0.0312835081648	-0.0871546552624	-0.0300759405127	0.0341444929355	-0.00551195359593	-0.0495142718468	-0.0474615477614	0.0234870236384	-0.00492077128644	-0.0354977389889	-0.0386661457142	0.0183782890962	0.0267872354747	0.0324407204298	-0.0379768873591	-0.0420904979892	0.0125057317542	0.0426338924641	-0.015432627687	0.0547322931295	-0.0268788832178	0.0241788218238	0.00986581651587	0.0273057834939	0.0020182476885	-0.00217109573249	-0.0571620714243	-0.0771720743656	0.0508575743085	-0.0232305962848	-0.0356790240671	0.00868521016332	0.0179333671739	0.0059830266152	-0.0238175891816	-0.04686719863	0.0203148893629	0.0109756380776	0.0463870161128	0.0340105608301
k__Bacteria;p__Firmicutes;c__Clostridia;o__Clostridiales;f__Lachnospiraceae;g__;s__[Eubacterium]_rectale	0.02150523274	0.0147665499125	-0.000312794827448	-0.00574597733701	0.034571966859	-0.041561691184	-0.0162822421102	-0.0285373413124	-0.0212999536191	-0.00990050747277	0.0297620539233	-0.00529196326619	-0.0466713664066	-0.0191033577402	1.0	-0.0297429532933	-0.00197369356048	0.0451235865144	-0.000457281373077	-0.0483340896638	-0.0411515611155	-0.0860122916959	-0.00451430689163	-0.0131429387993	-0.0523453438356	-0.0377046981259	0.036440663757	0.0368933884874	0.0136908407175	0.00600769587774	0.0273937387718	-0.0210960505453	-0.0572864899933	-0.0436231197109	0.0221525251486	-0.0103805691151	-0.0513375467397	-0.0228505917485	-0.0345632510963	-0.0560417040283	-0.101086316092	-0.00011166845034	-0.0112208101173	0.0432237583454	0.0622340126503	-0.030144914156	-0.0510024182666	0.0360123945605	-0.00854562404145	0.0204971342922	-0.0543769065044	0.00783805131913	-0.0519545401548	0.0327541094073	0.0169475717091	-0.0225963172408	0.00960229221046	0.00905301339409	0.0350209350746
k__Bacteria;p__Bacteroidetes;c__Bacteroidia;o__Bacteroidales;f__Bacteroidaceae;g__Bacteroides;s__Bacteroides_plebeius	-0.0472551209156	-0.0160976547065	-0.000419787231495	-0.0365180078215	0.0123003752006	-0.0370140173582	0.0497720175778	-0.0263483085313	0.0726038796801	-0.0317540510835	0.0381149704971	0.0383767117304	-0.00864437244613	-0.0623317051129	-0.0297429532933	1.0	0.0097232972317	0.00585442500668	0.00869086052315	-0.0762542491698	0.00618364226458	0.0787208276935	-0.0307603864599	0.0264052461488	0.0147555070588	0.0115124494494	-0.0185865791349	-0.0058061960666	0.0044914459234	-0.078766553655	0.0264919375353	-0.072738960596	0.014924278528	-0.00461437186933	0.102092298508	-0.051206654364	-0.0311778762305	0.0757757187251	0.0215975732648	0.0352193650596	-0.0335339202218	-0.0489028043963	0.00363986780397	0.00505722066249	-0.0585591020133	-0.04062737933	0.0156481187391	0.0127056319254	-0.0326779816529	0.0175138359228	-0.0193574496496	-0.0427959259508	0.00116353553526	-0.0481748967534	-0.0235260142873	-0.0473779570475	0.014300497475	-0.00621898796486	-0.050807206442
k__Bacteria;p__Bacteroidetes;c__Bacteroidia;o__Bacteroidales;f__Bacteroidaceae;g__Bacteroides;s__Bacteroides_fragilis	0.0116254618778	0.0387998072329	-0.0527249224534	-0.0627060491141	-0.00161837780181	0.00746359079447	0.00304135275933	-0.0465018073667	-0.0400343634912	-0.00691279953636	-0.0586145602187	0.00507329401379	0.00304469635941	0.0161516096562	-0.00197369356048	0.0097232972317	1.0	-0.00879495873314	0.0256313945424	-0.015070656992	0.0218730643473	-0.0663806028204	-0.0158243698832	0.0692991240802	-0.0272429033103	0.0319706875101	0.0104607261873	0.053666591871	-0.0708559342741	0.0296336188839	-0.0557419698669	0.0097805392397	0.0341133621756	-0.024964956506	0.0466823723913	0.0427357107803	-0.0219605304717	0.0158339118989	-0.0254590259159	0.0356058582165	0.0750581722008	-0.0511864386908	0.054318022081	-0.0281784431242	-0.0397371851708	-0.0288440454566	-0.0258439134779	0.0526019033127	-0.0507809858865	-0.0558330944559	-0.0439917153368	-0.0111445674997	-0.0498565814275	-0.0417296053422	-0.0272546841516	-0.00787163274408	0.0241271978859	0.0219320279475	-0.0401467173625
k__Bacteria;p__Proteobacteria;c__Betaproteobacteria;o__Burkholderiales;f__Sutterellaceae;g__Sutterella;s__Sutterella_wadsworthensis	0.0106435399587	0.0313665183809	0.00688947809011	-0.00949295538863	0.0158004359534	-0.0350788550715	-0.0106024429535	0.0249149506917	0.0500754175309	-0.018773443112	-0.00786325923756	-0.0334361076192	-0.0284273842724	-0.0374653755418	0.0451235865144	0.00585442500668	-0.00879495873314	1.0	-0.0364934767906	-0.073677892129	-0.0421978696859	-0.00873750562334	0.00546677106037	0.0219238940538	0.0481295822636	-0.0252823940418	0.0358632059363	-0.00960171876279	0.0162310262727	0.00298533231756	-0.0128409816439	-0.0318523655359	0.00237189110104	-0.0131820199655	-0.0222371481326	-0.00952830827686	0.0285666252052	0.0340952936597	-0.06681486817	0.00254303411309	0.0201727965434	-0.0218959188502	-0.0430661362407	-0.0563139715762	0.00673371456149	-0.0233450707509	-0.0330786058323	-0.0150878662667	-0.0285377984429	0.0374654975229	0.0698785103082	0.0063558129165	-0.0353973024247	0.004472991363	-0.0283055483666	0.0032991676178	-0.0285915690076	0.00164326454845	0.0115385835362
k__Bacteria;p__Bacteroidetes;c__Bacteroidia;o__Bacteroidales;f__Porphyromonadaceae;g__Barnesiella;s__Barnesiella_intestinihominis	-0.022986889543	-0.010664677282	0.0507314562168	0.0181091662394	0.014155021995	-0.0989659455976	-0.0818243086602	-0.0522241833546	-0.0494357757124	-0.00748859180084	-0.0171878579739	-0.0380458725035	0.0368279507493	-0.0321966351868	-0.000457281373076	0.00869086052315	0.0256313945424	-0.0364934767906	1.0	-0.0140790023837	0.00287408318557	0.0359154994646	-0.0515197225863	-0.00460041349225	-0.0675257851001	-0.0766212092824	-0.0194431395357	0.00207021124837	-0.0331757638099	0.0253469197108	0.00149190920828	-0.0150992192081	0.0047404442952	-0.0276851725647	-0.0430930780489	-0.0443002106816	0.0732184569623	0.0522047086564	-0.0130706771776	-0.00552184128527	0.00206132486165	-0.0238676838645	0.0199340403136	0.0116172920972	-0.0352899989181	0.0181802206826	0.0354453217923	0.0149401621471	-0.0271390218352	-0.0192541151432	-0.029654318033	0.00658180495853	0.0239593564906	0.0191681632069	0.00280778373288	-0.0382023099431	0.015653631657	-0.0205542490343	0.0256106467774
k__Bacteria;p__Bacteroidetes;c__Bacteroidia;o__Bacteroidales;f__Odoribacteraceae;g__Odoribacter;s__Odoribacter_splanchnicus	0.0278820482115	-0.0373141110164	-0.0505570648329	-0.028390570257	-0.0319574767949	0.00160395158975	-0.00391065796089	-0.0333861676148	0.0142772156041	-0.0399868884684	-0.0353088045614	0.0104688118885	-0.00410301062816	0.0312835081648	-0.0483340896638	-0.0762542491698	-0.015070656992	-0.073677892129	-0.0140790023837	1.0	-0.0496297133612	-0.0246567914426	-0.0197376486348	-0.0698594392363	-0.00385110506311	0.0389028170141	0.0309280515898	0.0314465366964	-0.010079535032	-0.0254651253658	-0.0108478498308	-0.0726543146595	-0.011890991009	0.0372803590449	-0.0419898072645	-0.00197561624615	-0.030328569803	0.0305147399664	0.00690355608854	0.0836526652017	0.0190820205209	0.0370733676368	-0.0342715448092	-0.0129627525641	-0.0814864943333	-0.0609379502413	0.0209398180261	-0.0748182141355	0.0185631198603	0.06402781662	0.0132125634632	-0.0178824660503	-0.0448527548767	-0.000613315624117	-0.0132359867017	0.0433455690285	0.0346775184417	0.0158307843296	-0.00609304531056
k__Bacteria;p__Bacteroidetes;c__Bacteroidia;o__Bacteroidales;f__Bacteroidaceae;g__Bacteroides;s__Bacteroides_salyersiae	0.0133002337874	-0.0337419000251	-0.0362204079638	-0.036869859784	-0.0403979054691	-0.0151403759512	-0.0120300743444	0.00356805189851	-0.0230544704533	-0.042309873939	0.0368628720018	-0.0159735957326	0.0133940560846	-0.0871546552624	-0.0411515611155	0.00618364226458	0.0218730643473	-0.0421978696859	0.00287408318557	-0.0496297133612	1.0	0.113379943027	0.00650557878317	0.0249704888506	-0.0206959041709	-0.0131560999588	-0.0399335642241	-0.00725415552754	-0.0132388136844	0.0445119456491	-0.0570919445383	-0.0212029103226	0.0291790944319	-0.0325253618437	0.00359264041954	-0.0585741837379	-0.00958773857739	-0.00834420469439	0.0024796546168	0.0179821738843	0.0453959658609	0.0133970672748	0.00841487958275	-0.0432151815288	-0.0157990512361	-0.0571957855567	0.0229202104083	-0.0333039310572	-0.0142479611739	0.027015243379	0.0460839052536	-0.0667722182959	-0.0180017086805	0.0404286730041	0.0104485656486	0.04387722587	-0.0300036135126	-0.0205927067584	-0.0200141181222
k__Bacteria;p__Firmicutes;c__Clostridia;o__Clostridiales;f__Ruminococcaceae;g__Ruminiclostridium;s__[Eubacterium]_siraeum	-0.0185193402608	0.0441545897649	0.0844945831194	-0.00449384647135	-0.0130050131548	0.00272360695352	-0.0537602583146	0.0193426926335	-0.0429484461413	-0.010724214322	0.0172998233292	0.0499842152118	-0.0310822149565	-0.0300759405127	-0.0860122916959	0.0787208276935	-0.0663806028204	-0.00873750562334	0.0359154994646	-0.0246567914426	0.113379943027	1.0	0.023075758563	0.0154972341221	0.0305833796319	0.00158206125857	-0.00402458961895	-0.0492656186704	0.0105318248039	0.0245507760173	-0.0242604555733	-0.0487738189919	-0.0490442307609	0.00601365989806	0.0153679314671	-0.0163792225127	0.0065155540037	-0.0818779059735	0.0552143414787	-0.00645308660686	0.0127157173117	0.0128728532617	0.0781381993089	-0.0163216333363	-0.0927480386776	-0.0457552736576	-0.0632138584239	-0.0210013306485	0.0356705783423	0.0185901918158	-0.0326200500483	-0.0251558959628	-0.00847530439807	0.0078047060816	0.0123174119619	-0.00199782151137	0.0407077240868	-0.0176162647398	-0.00321452492472
k__Bacteria;p__Proteobacteria;c__Betaproteobacteria;o__Burkholderiales;f__Sutterellaceae;g__Parasutterella;s__Parasutterella_excrementihominis	0.00349816930719	-0.0229612094354	0.031747668411	0.0231569353543	-0.0320851582634	0.0666066067833	-0.0585027007822	-0.0113446110928	-0.0199435444515	-0.0164502179487	0.0301848089775	-0.0316415863431	-0.0429086976251	0.0341444929355	-0.00451430689163	-0.0307603864599	-0.0158243698832	0.00546677106037	-0.0515197225863	-0.0197376486348	0.00650557878317	0.023075758563	1.0	-0.0385778217027	0.00176381231062	-0.00392471785759	-0.0291275670123	-0.00843338641004	0.0272963752872	-0.021665386985	-0.00845513467158	-0.0428745290564	0.0329295661071	-0.0228073314862	-0.0327675912705	0.0196240069381	-0.00357352619054	-0.0094177428099	-0.0363709346596	-0.0107825420251	-0.0135204128981	0.0307746579251	-0.0499669786827	-0.00657702772473	0.00490493359756	-0.0720689785324	-0.0528581171375	0.00846413338091	-0.0234219136969	-0.00154809937248	-0.0382991731354	-0.0214727772034	-0.0351054503667	0.00376335026118	-0.00499568232232	-0.0219285184625	-0.0143151684814	0.0156737049529	-0.0420626731669
k__Bacteria;p__Actinobacteria;c__Actinobacteria;o__Bifidobacteriales;f__Bifidobacteriaceae;g__Bifidobacterium;s__Bifidobacterium_adolescentis	0.0286267155102	0.00551375812874	0.0152445670206	0.00299220474731	-0.0153383166998	0.0321097758589	-0.0652535713604	0.0154068463081	0.00821513090494	0.0147512490359	-0.0288251909612	0.00516493844025	-0.0205679515536	-0.00551195359593	-0.0131429387993	0.0264052461488	0.0692991240802	0.0219238940538	-0.00460041349225	-0.0698594392363	0.0249704888506	0.0154972341221	-0.0385778217027	1.0	-0.0350535738837	0.0105416828941	0.0421902462638	0.0060405755249	0.0104052303099	0.00637198665908	-0.0223315675099	-0.067571586903	0.0491425911738	-0.0135947182595	0.0198961649528	0.00122510008305	-0.0744845275385	0.00164056918596	-0.027138439312	0.00148813160208	-0.0383928266684	-0.0174227021022	0.03137351165	-0.0527969883208	0.0283008367371	-6.30208117166e-05	0.0122135181335	-0.0698437062054	-0.0464583603075	-0.0218998536837	0.00135286218891	-0.0631534992309	-0.0689543596884	0.0358476531415	-0.0208524409175	0.00316342540825	0.0275040933291	-0.0293890455383	-0.0530282645835
k__Bacteria;p__Firmicutes;c__Clostridia;o__Clostridiales;f__Oscillospiraceae;g__Oscillibacter;s__Oscillibacter_sp._KLE_1745	-0.0226905603777	-0.0171372685294	0.0720798706489	-0.00775417464293	-0.0400055086896	-0.0236908727792	-0.0204980866366	-0.0455339601835	-0.0153360804296	0.0037256735626	-0.0152834803222	0.0421988436392	0.0197178591125	-0.0495142718468	-0.0523453438356	0.0147555070588	-0.0272429033103	0.0481295822636	-0.0675257851001	-0.00385110506311	-0.0206959041709	0.0305833796319	0.00176381231062	-0.0350535738837	1.0	0.0116767955473	0.011045052209	-0.0293585608884	0.0102286418945	-0.0332203905966	-0.00513675495118	-0.000745195564774	-0.097469303566	-0.0176036252002	-0.00900020379148	0.0490865597111	0.0106964367164	-0.0501053067875	-0.0800285774146	0.0221641202295	0.00818534801409	-0.0315925505073	-0.0303017222238	-0.063276513476	0.00865793050811	0.000936853754769	-0.03214221	0.00687097759989	-0.0153083733145	-0.0244035904408	-0.0178966861349	0.0482956524497	0.0751415050283	0.0107486056408	-0.0580746650116	-0.0236962323738	0.0272173808548	-0.0810264324889	-0.0677252378265
k__Bacteria;p__Bacteroidetes;c__Bacteroidia;o__Bacteroidales;f__Bacteroidaceae;g__Bacteroides;s__Bacteroides_coprophilus	-0.0329598988849	-0.0691185888301	-0.0540989722595	0.027419218271	-0.0203641933891	0.0290196314748	0.00655594971841	-0.0168615897482	0.0450044888907	-0.00945915917214	-0.0519891801264	0.00967168106236	-0.00102843632565	-0.0474615477614	-0.0377046981259	0.0115124494494	0.0319706875101	-0.0252823940418	-0.0766212092824	0.0389028170141	-0.0131560999588	0.00158206125857	-0.00392471785759	0.0105416828941	0.0116767955473	1.0	-0.00457857882601	-0.0193656525706	-0.0100578951645	-0.0343887517839	-0.0176463906321	-0.0694874973579	-0.0588732478238	0.0565495831429	0.0329069990912	0.0772633836398	-0.0580179347977	-0.0098642229917	-0.0400306687908	-0.0131336976298	-0.00765461094948	-0.0148139323971	-0.001190160994	-0.00482768192596	0.000994686626369	-0.0378835740227	0.0440512231098	0.0233651401131	0.0147018779794	-0.00108233760035	-0.00289645028035	0.0433213681061	-0.0260045810595	-0.0214554035722	-0.034401546036	-0.0422652406877	-0.0196522463578	-0.0110638762939	0.0217427841301
k__Bacteria;p__Firmicutes;c__Clostridia;o__Clostridiales;f__Lachnospiraceae;g__Roseburia;s__Roseburia_intestinalis	-0.00733831903592	-0.00407141481992	-0.069104386028	-0.0334110060017	0.031624140235	-0.0414909401126	0.00350415649146	0.0041362439581	-0.00390080478221	-0.0424633969824	-0.000780292959515	0.00531442625822	0.0365346584962	0.0234870236384	0.036440663757	-0.0185865791349	0.0104607261873	0.0358632059363	-0.0194431395357	0.0309280515898	-0.0399335642241	-0.00402458961895	-0.0291275670123	0.0421902462638	0.011045052209	-0.00457857882601	1.0	-0.000241732821237	-0.000254996120989	-0.000395351264254	-0.0132761107985	-0.0472931681648	-0.0732572266788	-0.00053141576107	-0.000312860952905	-0.0549228120614	0.0999002355386	-0.0220401153395	-0.109483958811	0.0234006942066	-0.0501035619092	-0.101147756467	-0.00704456708872	-0.011802655061	0.0377604186798	0.0310222844353	0.0087372752336	0.00448112437524	-0.0165402012166	0.00895658906569	0.00715779265054	0.00613190254388	-0.0316146432739	0.00788086921037	0.0116632858703	-0.00864145410507	-0.0124337192207	-0.0468356971527	-0.0469585070591
k__Bacteria;p__Firmicutes;c__Clostridia;o__Clostridiales;f__Lachnospiraceae;g__Roseburia;s__Roseburia_hominis	-0.024879092176	-0.052510059347	-0.0485442063486	-0.0123019537532	-0.0111672808888	0.0144879837381	-0.0322071505062	0.0276463408262	-0.00122390923074	0.0357441416768	-0.0333264829106	0.0289975429729	-0.0568558361367	-0.00492077128644	0.0368933884874	-0.0058061960666	0.053666591871	-0.00960171876279	0.00207021124837	0.0314465366964	-0.00725415552754	-0.0492656186704	-0.00843338641004	0.0060405755249	-0.0293585608884	-0.0193656525706	-0.000241732821237	1.0	-0.0181207495321	-0.0119162195987	-0.0276734319674	-0.0216539345606	0.0046633533612	-0.0382777129014	-0.0422986208382	0.0646569753931	-0.0158166463108	-0.00632587436937	-0.0859837016785	0.0243667738951	-0.00100377810095	0.0355965538958	-0.01321996359	-0.0570676675461	0.0260164514564	-0.0307145738751	0.0300610207176	0.0147804096608	-0.0409118819441	-0.0451377648954	0.0128149590666	-0.0203980994961	0.0212719789071	0.0187816885366	0.0383103354155	-0.044944066082	-0.00575657738407	0.0277190992194	0.0235357007099
k__Bacteria;p__Bacteroidetes;c__Bacteroidia;o__Bacteroidales;f__Porphyromonadaceae;g__Parabacteroides;s__Parabacteroides_johnsonii	-0.0159010351272	0.00498198719403	-0.0521923721497	0.0112987400719	0.0354527720241	0.0352073350793	0.0543680090649	0.011719686127	-0.0399694552948	0.0419813807218	0.0130621046794	-0.0772528561589	-0.00406172123965	-0.0354977389889	0.0136908407175	0.0044914459234	-0.0708559342741	0.0162310262727	-0.0331757638099	-0.010079535032	-0.0132388136844	0.0105318248039	0.0272963752872	0.0104052303099	0.0102286418945	-0.0100578951645	-0.000254996120989	-0.0181207495321	1.0	-0.0894705805603	-0.0398854055125	-0.0722993007015	-0.000332815601688	0.0572726774284	-0.00679845639077	-0.0385731930591	-0.059095777402	-0.0527618308795	0.0125671120731	-0.042050007716	0.0582109031089	0.0188329652976	-0.0100286065937	-0.0113004306623	-0.00415989042431	0.0541077345884	0.00634986002689	-0.0287156987345	-0.0124519920998	-0.0137761848438	-0.0414331393211	-0.0198096233889	-0.0321639064611	0.0394010415286	-0.0679704295619	-0.0813333849102	-0.021871550353	-0.0274965853353	-0.103166647062
k__Bacteria;p__Actinobacteria;c__Actinobacteria;o__Bifidobacteriales;f__Bifidobacteriaceae;g__Bifidobacterium;s__Bifidobacterium_longum	0.0350757508238	0.00289142201804	-0.0458039652966	0.0310166228262	0.0482713237019	0.0557520358929	0.046183175325	0.00976288068811	-0.0494666780417	0.0233369495755	-0.03883142451	-0.00224386044005	-0.0165172399891	-0.0386661457142	0.00600769587774	-0.078766553655	0.0296336188839	0.00298533231756	0.0253469197108	-0.0254651253658	0.0445119456491	0.0245507760173	-0.021665386985	0.00637198665908	-0.0332203905966	-0.0343887517839	-0.000395351264254	-0.0119162195987	-0.0894705805603	1.0	-0.0103242669593	0.0119131433477	-0.0524497113809	0.0855439081434	0.00238622206425	-0.013496430794	-0.0460356345648	-0.00342717577919	-0.0177944526565	-0.0173467263737	-0.0537062281504	0.00518406240926	-0.0554618114079	-0.0247425662525	-0.0320614724538	-0.0419394789418	0.0298791445094	0.0145661487121	-0.0349634451407	0.00114395411061	-0.0597961449707	-0.0341327037293	-0.0126493147386	0.00359063277863	-0.0351135614845	0.022117072388	0.00621609142714	0.00395657588479	-0.0270121247136
