#taxonomy	k__Bacteria;p__Bacteroidetes;c__Bacteroidia;o__Bacteroidales;f__Bacteroidaceae;g__Bacteroides;s__Bacteroides_vulgatus	k__Bacteria;p__Bacteroidetes;c__Bacteroidia;o__Bacteroidales;f__Bacteroidaceae;g__Bacteroides;s__Bacteroides_uniformis	k__Bacteria;p__Bacteroidetes;c__Bacteroidia;o__Bacteroidales;f__Rikenellaceae;g__Alistipes;s__Alistipes_putredinis	k__Bacteria;p__Bacteroidetes;c__Bacteroidia;o__Bacteroidales;f__Prevotellaceae;g__Prevotella;s__Prevotella_copri	k__Bacteria;p__Bacteroidetes;c__Bacteroidia;o__Bacteroidales;f__Bacteroidaceae;g__Bacteroides;s__Bacteroides_stercoris	k__Bacteria;p__Bacteroidetes;c__Bacteroidia;o__Bacteroidales;f__Bacteroidaceae;g__Bacteroides;s__Bacteroides_ovatus	k__Bacteria;p__Bacteroidetes;c__Bacteroidia;o__Bacteroidales;f__Rikenellaceae;g__Alistipes;s__Alistipes_shahii	k__Bacteria;p__Firmicutes;c__Clostridia;o__Clostridiales;f__Ruminococcaceae;g__Faecalibacterium;s__Faecalibacterium_prausnitzii	k__Bacteria;p__Bacteroidetes;c__Bacteroidia;o__Bacteroidales;f__Rikenellaceae;g__Alistipes;s__Alistipes_finegoldii	k__Bacteria;p__Bacteroidetes;c__Bacteroidia;o__Bacteroidales;f__Porphyromonadaceae;g__Parabacteroides;s__Parabacteroides_distasonis	k__Bacteria;p__Bacteroidetes;c__Bacteroidia;o__Bacteroidales;f__Bacteroidaceae;g__Bacteroides;s__Bacteroides_thetaiotaomicron	k__Bacteria;p__Bacteroidetes;c__Bacteroidia;o__Bacteroidales;f__Bacteroidaceae;g__Bacteroides;s__Bacteroides_coprocola	k__Bacteria;p__Bacteroidetes;c__Bacteroidia;o__Bacteroidales;f__Bacteroidaceae;g__Bacteroides;s__Bacteroides_cellulosilyticus	k__Bacteria;p__Bacteroidetes;c__Bacteroidia;o__Bacteroidales;f__Rikenellaceae;g__Alistipes;s__Alistipes_obesi	k__Bacteria;p__Firmicutes;c__Clostridia;o__Clostridiales;f__Lachnospiraceae;g__;s__[Eubacterium]_rectale	k__Bacteria;p__Bacteroidetes;c__Bacteroidia;o__Bacteroidales;f__Bacteroidaceae;g__Bacteroides;s__Bacteroides_plebeius	k__Bacteria;p__Bacteroidetes;c__Bacteroidia;o__Bacteroidales;f__Bacteroidaceae;g__Bacteroides;s__Bacteroides_fragilis	k__Bacteria;p__Proteobacteria;c__Betaproteobacteria;o__Burkholderiales;f__Sutterellaceae;g__Sutterella;s__Sutterella_wadsworthensis	k__Bacteria;p__Bacteroidetes;c__Bacteroidia;o__Bacteroidales;f__Porphyromonadaceae;g__Barnesiella;s__Barnesiella_intestinihominis	k__Bacteria;p__Bacteroidetes;c__Bacteroidia;o__Bacteroidales;f__Odoribacteraceae;g__Odoribacter;s__Odoribacter_splanchnicus	k__Bacteria;p__Bacteroidetes;c__Bacteroidia;o__Bacteroidales;f__Bacteroidaceae;g__Bacteroides;s__Bacteroides_salyersiae	k__Bacteria;p__Firmicutes;c__Clostridia;o__Clostridiales;f__Ruminococcaceae;g__Ruminiclostridium;s__[Eubacterium]_siraeum	k__Bacteria;p__Proteobacteria;c__Betaproteobacteria;o__Burkholderiales;f__Sutterellaceae;g__Parasutterella;s__Parasutterella_excrementihominis	k__Bacteria;p__Actinobacteria;c__Actinobacteria;o__Bifidobacteriales;f__Bifidobacteriaceae;g__Bifidobacterium;s__Bifidobacterium_adolescentis	k__Bacteria;p__Firmicutes;c__Clostridia;o__Clostridiales;f__Oscillospiraceae;g__Oscillibacter;s__Oscillibacter_sp._KLE_1745	k__Bacteria;p__Bacteroidetes;c__Bacteroidia;o__Bacteroidales;f__Bacteroidaceae;g__Bacteroides;s__Bacteroides_coprophilus	k__Bacteria;p__Firmicutes;c__Clostridia;o__Clostridiales;f__Lachnospiraceae;g__Roseburia;s__Roseburia_intestinalis	k__Bacteria;p__Firmicutes;c__Clostridia;o__Clostridiales;f__Lachnospiraceae;g__Roseburia;s__Roseburia_hominis	k__Bacteria;p__Bacteroidetes;c__Bacteroidia;o__Bacteroidales;f__Porphyromonadaceae;g__Parabacteroides;s__Parabacteroides_johnsonii	k__Bacteria;p__Actinobacteria;c__Actinobacteria;o__Bifidobacteriales;f__Bifidobacteriaceae;g__Bifidobacterium;s__Bifidobacterium_longum	k__Bacteria;p__Firmicutes;c__Clostridia;o__Clostridiales;f__;g__Flavonifractor;s__Flavonifractor_plautii	k__Bacteria;p__Firmicutes;c__Clostridia;o__Clostridiales;f__Clostridiaceae;g__Clostridium;s__Clostridium_phoceensis	k__Bacteria;p__Verrucomicrobia;c__Verrucomicrobiae;o__Verrucomicrobiales;f__Akkermansiaceae;g__Akkermansia;s__Akkermansia_muciniphila	k__Bacteria;p__Bacteroidetes;c__Bacteroidia;o__Bacteroidales;f__Prevotellaceae;g__Paraprevotella;s__Paraprevotella_xylaniphila	k__Bacteria;p__Firmicutes;c__Clostridia;o__Clostridiales;f__Ruminococcaceae;g__Ruminococcus;s__Ruminococcus_callidus	k__Bacteria;p__Bacteroidetes;c__Bacteroidia;o__Bacteroidales;f__Rikenellaceae;g__Alistipes;s__Alistipes_senegalensis	k__Bacteria;p__Firmicutes;c__Clostridia;o__Clostridiales;f__Lachnospiraceae;g__Blautia;s__Blautia_sp._KLE_1732	k__Bacteria;p__Bacteroidetes;c__Bacteroidia;o__Bacteroidales;f__Bacteroidaceae;g__Bacteroides;s__Bacteroides_oleiciplenus	k__Bacteria;p__Firmicutes;c__Clostridia;o__Clostridiales;f__Ruminococcaceae;g__Ruminococcus;s__Ruminococcus_bicirculans	k__Bacteria;p__Bacteroidetes;c__Bacteroidia;o__Bacteroidales;f__Bacteroidaceae;g__Bacteroides;s__Bacteroides_fluxus	k__Bacteria;p__Bacteroidetes;c__Bacteroidia;o__Bacteroidales;f__Prevotellaceae;g__Prevotella;s__Prevotella_stercorea	k__Bacteria;p__Firmicutes;c__Clostridia;o__Clostridiales;f__Lachnospiraceae;g__Dorea;s__Dorea_longicatena	k__Bacteria;p__Firmicutes;c__Clostridia;o__Clostridiales;f__Eubacteriaceae;g__Eubacterium;s__[Eubacterium]_eligens	k__Bacteria;p__Firmicutes;c__Clostridia;o__Clostridiales;f__Ruminococcaceae;g__;s__Ruminococcaceae_bacterium_D16	k__Bacteria;p__Firmicutes;c__Clostridia;o__Clostridiales;f__Lachnospiraceae;g__Coprococcus;s__Coprococcus_comes	k__Bacteria;p__Proteobacteria;c__Gammaproteobacteria;o__Enterobacterales;f__Enterobacteriaceae;g__Escherichia;s__Escherichia_coli	k__Bacteria;p__Firmicutes;c__Clostridia;o__Clostridiales;f__Ruminococcaceae;g__Anaerotruncus;s__Anaerotruncus_colihominis	k__Bacteria;p__Firmicutes;c__Clostridia;o__Clostridiales;f__Lachnospiraceae;g__Blautia;s__Blautia_obeum	k__Bacteria;p__Bacteroidetes;c__Bacteroidia;o__Bacteroidales;f__Odoribacteraceae;g__Odoribacter;s__Odoribacter_laneus	k__Bacteria;p__Firmicutes;c__Clostridia;o__Clostridiales;f__Ruminococcaceae;g__Ruminiclostridium;s__[Clostridium]_leptum	k__Bacteria;p__Bacteroidetes;c__Bacteroidia;o__Bacteroidales;f__Porphyromonadaceae;g__Parabacteroides;s__Parabacteroides_goldsteinii	k__Bacteria;p__Firmicutes;c__Clostridia;o__Clostridiales;f__Lachnospiraceae;g__Anaerostipes;s__Anaerostipes_hadrus	k__Bacteria;p__Firmicutes;c__Clostridia;o__Clostridiales;f__Ruminococcaceae;g__Ruminococcus;s__Ruminococcus_lactaris	k__Bacteria;p__Firmicutes;c__Clostridia;o__Clostridiales;f__Clostridiaceae;g__Clostridium;s__Clostridium_sp._L2-50	k__Bacteria;p__Firmicutes;c__Clostridia;o__Clostridiales;f__Clostridiaceae;g__Clostridium;s__Clostridium_sp._M62/1	k__Bacteria;p__Firmicutes;c__Clostridia;o__Clostridiales;f__;g__Intestinimonas;s__Intestinimonas_butyriciproducens	k__Bacteria;p__Actinobacteria;c__Actinobacteria;o__Bifidobacteriales;f__Bifidobacteriaceae;g__Bifidobacterium;s__Bifidobacterium_bifidum	k__Bacteria;p__Firmicutes;c__Negativicutes;o__Veillonellales;f__Veillonellaceae;g__Dialister;s__Dialister_invisus	k__Bacteria;p__Bacteroidetes;c__Bacteroidia;o__Bacteroidales;f__Bacteroidaceae;g__Bacteroides;s__Bacteroides_salanitronis
k__Bacteria;p__Bacteroidetes;c__Bacteroidia;o__Bacteroidales;f__Bacteroidaceae;g__Bacteroides;s__Bacteroides_vulgatus	1.0	0.00109501827016	0.0099570081803	0.00371249773137	-0.0293396035646	-0.0412621278838	0.0477081213041	0.0329028872064	0.0183824457923	0.0427479148299	-0.0670880013371	0.00158838450476	-0.0195378373612	-0.0214093444965	5.75772481922e-05	-0.0412090732739	0.00544466956345	0.0292506096099	0.019806692597	0.0236442237363	0.0210688255566	0.00174068446057	0.0120013462614	-0.0294797067726	0.0279169996918	-0.0358672722219	-0.0247195443293	-0.000971175062545	-0.0763246058462	-0.00690841101946	0.0407487252162	-0.00737680073759	-0.0270895374409	-0.0183000180965	0.029511983036	0.0266610523403	-0.0287649572427	-0.00878482935271	-0.00345979651317	-0.0427055942068	0.0313804525372	0.00990463917771	-0.0236158918454	-0.0532557510409	0.0795149690509	0.0459217408809	-0.0516347147468	-0.0132917656368	0.0179639984541	0.0444410637576	-0.0254501340571	-0.0381862861426	-0.00110364460553	0.0638335849093	-0.0199781618325	-0.00014146049988	0.0319122126699	0.00458291374321	-0.032841687446
k__Bacteria;p__Bacteroidetes;c__Bacteroidia;o__Bacteroidales;f__Bacteroidaceae;g__Bacteroides;s__Bacteroides_uniformis	0.00109501827016	1.0	-0.0179567155983	-0.021113380505	-0.0661540132344	-0.0194875498947	-0.016772629256	-0.0328741119262	0.047135767085	0.0129164189515	-0.054730370211	-0.0497629945338	-0.0724277912346	-0.030746586112	-0.00291763336121	0.0153962355637	-0.000960798967223	-0.0514623891387	0.0465946856392	-0.00513758204496	0.0124568908735	-0.00184130034337	0.0792274762802	-0.00647851966702	-0.0119352896919	-0.0356328088971	0.0474811121054	-0.0363464024533	0.0125050409059	-0.00735783391484	0.0754047381522	0.0119057186374	-0.0588290881961	-0.0414584417255	0.000658107024258	-0.0320943790852	-0.0787798362102	0.00216696944013	0.0241260566562	-0.0738807821994	0.0196422855511	-0.0565717447893	-0.0403782434578	0.00910900029619	-0.00911894038607	-0.0196007681354	0.0270533391006	-0.0119672918144	-0.0226544032644	-0.0545370627931	0.00987569469336	-0.0868891799828	0.0564465663669	-0.00678131338599	-0.00931760999556	0.0264784547575	0.00689232637731	-0.021473873239	0.0355949877827
k__Bacteria;p__Bacteroidetes;c__Bacteroidia;o__Bacteroidales;f__Rikenellaceae;g__Alistipes;s__Alistipes_putredinis	0.0099570081803	-0.0179567155983	1.0	0.0482565443364	-0.0396785963628	-0.00865703996616	-0.0071426020652	-0.0217422278614	-0.072172474772	-0.0450778741703	0.0745296891865	-0.0530777384041	0.00733263760691	-0.00746840267486	0.0271241796054	0.0779828728786	-0.00547581411229	-0.0269665236182	-0.0271274260169	0.00290917034075	0.0163360788283	-0.0181778132416	0.0108010679914	0.0371146916976	0.0159667833533	0.0342220480728	-0.0216467843717	-0.0513521761347	-0.0283896796832	0.00489439585576	-0.0103094851137	-0.0162367022673	-0.0127342877632	0.00520588933002	0.000904330658335	-0.0110259389173	-0.0510065412124	-0.0329684360239	-0.0255200173652	-0.021568883885	0.0374569251075	-0.0490042158406	0.0393699398784	0.00701937380664	0.0606555168165	-0.0227430822647	-0.0093095047269	-0.0485420303763	-0.0234427984622	-0.0186064989305	0.00195316421205	0.00627193246293	-0.0026027859481	-0.0400478265272	-0.017058357689	-0.0172590006418	0.0191869095348	-0.0100386499603	-0.0307678884638
k__Bacteria;p__Bacteroidetes;c__Bacteroidia;o__Bacteroidales;f__Prevotellaceae;g__Prevotella;s__Prevotella_copri	0.00371249773137	-0.021113380505	0.0482565443364	1.0	-0.0199185168964	0.0246196763625	0.00556721448722	0.0461322288053	-0.0322151982195	-0.0197745486859	-0.015356542847	0.0891573236284	-0.000847988686905	-0.0319449512386	0.0354861066352	-0.0293341353376	-0.0308149801028	0.0251016192695	0.00535345434625	0.105803695764	-0.0352445967705	0.00677384418347	-0.043488032433	-0.0452442613477	0.0480689738629	0.00190716122853	-0.0471368390456	-0.0335204615515	0.00733918333278	-0.0165931320791	0.0104140039239	-0.0265633754278	-0.0210124620405	-0.0408847940675	-0.00249089918324	-0.0312645900958	-0.00305670089236	-0.00919173984989	0.00630532962488	0.0193830461637	0.0345421374824	0.0186128799147	-0.0152840191302	0.0267460172089	0.000150317328027	0.00950090833356	-0.0279921892014	-0.0178097020968	-0.0321744470703	-0.0108237752227	-0.0354917566553	0.0399784371984	-0.111342438546	-0.0409085221549	-0.0378658835979	-0.0280710737041	-0.0338286685519	0.0249153102375	0.0147342599257
k__Bacteria;p__Bacteroidetes;c__Bacteroidia;o__Bacteroidales;f__Bacteroidaceae;g__Bacteroides;s__Bacteroides_stercoris	-0.0293396035646	-0.0661540132344	-0.0396785963628	-0.0199185168964	1.0	-0.0164218134126	0.0165520782135	-0.0383065272	-0.0358796946419	-0.0257012783886	0.000236312041377	-0.0994955492929	0.0240040928789	0.0469925006074	-0.0861624918843	-0.0756914149146	-0.0353602104821	-0.0405370062037	0.0272229345544	0.0545651614458	-0.00255612102066	0.087905756542	-0.0376133952143	0.00120868505158	-0.0157626962001	-0.0065826732331	-0.0968224540742	-0.0220112121275	-0.0664782798839	-0.031366450031	-0.00313820286395	-0.019354395914	-0.0216064659165	0.0136903599752	-0.049739689257	0.0504264927762	0.0239356797466	0.0378178782335	0.0449652660476	-0.00638194035843	0.00878788913585	-0.0197617147477	-0.0610341758005	-0.0353114830538	0.0123563221236	0.0210500075613	-0.0285658188814	-0.0131413613045	-0.0103929802989	-0.0254729612424	0.0532951664903	-0.0258376349367	0.0223337492406	-0.0565321427087	-0.00520752548612	0.0231118466144	0.0253687978926	0.0511925667403	0.0869420153483
k__Bacteria;p__Bacteroidetes;c__Bacteroidia;o__Bacteroidales;f__Bacteroidaceae;g__Bacteroides;s__Bacteroides_ovatus	-0.0412621278838	-0.0194875498947	-0.00865703996616	0.0246196763625	-0.0164218134126	1.0	-0.0399501524556	-0.027339926643	-0.00120072871512	-0.0141607277225	0.0265392097454	-0.0151105646414	-0.00142099420177	-0.0150658512044	-0.012139752633	-0.0561473990848	0.00225882696728	0.0182427151217	0.00271296169111	0.0431946823762	0.0787262420579	-0.0287780505226	0.0111027404025	0.051077836953	0.0106949400552	-0.0355710565269	0.0111133326181	-0.0540894349526	0.0173675579391	-0.0266459106698	-0.0257735483489	0.00266521431383	-0.0121350283228	-0.0567004731429	-0.037312911109	-0.00947982027372	0.00985792153419	-0.0629967668896	0.0101145650466	0.0180777320604	-0.0498096457099	-0.0148941104623	0.000905152400954	0.0121200148833	0.0144204158477	0.0271143106436	0.00312922912305	-0.0101189001919	-0.0422957375201	0.0304414800914	-0.0126371538164	0.0120738229998	-0.0473215103944	-0.0125794274559	-0.0247581485315	-0.0497280948835	-0.0103369015292	-0.0374942310482	0.0379718854029
k__Bacteria;p__Bacteroidetes;c__Bacteroidia;o__Bacteroidales;f__Rikenellaceae;g__Alistipes;s__Alistipes_shahii	0.0477081213041	-0.016772629256	-0.0071426020652	0.00556721448722	0.0165520782135	-0.0399501524556	1.0	-0.0918212430518	0.0368348821732	-0.00430661319072	0.00608965287284	0.0589643204436	-5.00673753718e-05	0.0344935760358	0.0282894666287	-0.00960445357634	0.00315695019898	0.0174530862936	-0.00291596588701	-0.0103410591596	-0.00441436359635	0.0764614223609	-0.0773409464286	-0.0145711107308	-0.00261300110299	0.0467960984814	0.00524122548301	0.00038883791042	-0.00652882174067	-0.0284603738158	-0.0116239568031	-0.0203532308758	-0.0487802766927	-0.0543899615994	-0.0175881513853	-0.0190052537299	-0.0450742079482	0.0528648898103	0.0362333071963	-0.0044348900758	-0.0353277844511	0.0598827788253	-0.0390471995378	-0.00240051605402	-0.00817485479389	0.0452886595151	0.0499347166541	-0.0385312362576	-0.0114794558039	-0.048621512181	0.00865799774571	-0.0328218097867	-0.0405472199781	-0.000612890794112	-0.0301133156197	-0.012009894909	-0.0118303600234	-0.0283010349083	-0.0528683570768
k__Bacteria;p__Firmicutes;c__Clostridia;o__Clostridiales;f__Ruminococcaceae;g__Faecalibacterium;s__Faecalibacterium_prausnitzii	0.0329028872064	-0.0328741119262	-0.0217422278614	0.0461322288053	-0.0383065272	-0.027339926643	-0.0918212430518	1.0	-0.00919888838438	-0.0217243120695	-0.0028810354412	-0.0140374853449	0.00588442824267	-0.0257833525118	-0.0351125721934	-0.0351492801196	0.00535337150799	0.0336313511932	-0.0216952845817	-0.0176802900612	0.0376415775593	0.00939305534804	-0.00667212252861	-0.0172134754928	0.00705716211738	0.0478039250721	0.0364438154754	-0.032057845404	0.00299044250322	-0.0121722557389	0.0510283011942	0.00605287023094	0.0138745860359	0.0342109416488	0.0397098313091	0.093445148211	-0.0204614743668	-0.00512490354462	-0.0123350899542	-0.0208927750774	-0.0139202344993	-0.00941958306973	0.0400184376017	-0.0388822540128	0.0127900717045	0.0248139656825	-0.0571003909952	0.0357910185074	-0.0585356407283	0.0227352430776	-0.0170445101099	-0.043587432657	-0.0502880505201	-0.0571029562181	0.00348190768971	-0.0401377996745	-0.0444509356645	-0.0130367926039	-0.0376419897252
k__Bacteria;p__Bacteroidetes;c__Bacteroidia;o__Bacteroidales;f__Rikenellaceae;g__Alistipes;s__Alistipes_finegoldii	0.0183824457923	0.047135767085	-0.072172474772	-0.0322151982195	-0.0358796946419	-0.00120072871512	0.0368348821732	-0.00919888838438	1.0	-0.00891969891785	-0.0522669515545	-0.0472450318071	-0.00166814864052	-0.0139042422773	-0.0252346758012	-0.0606377494075	-0.000960299470619	0.0461316439452	-0.021967561222	0.0196959992365	-0.0116995085955	-0.00153416792029	0.0413971143782	5.07288620115e-05	0.0441226427758	0.012947769369	0.0572787216611	-0.00911893184251	0.0334886528294	-0.0158219955251	-0.0187936544974	0.0367014874237	0.0597052023487	0.026305881079	-0.0401573677296	-0.0238286550496	-0.0150617393373	-0.0383590392032	-0.00869322661402	-0.00819599338215	-0.0481980990951	-0.0631476409965	-0.0255907256121	-0.0101899238804	-0.0754181103049	-0.0107480379309	0.0427777148145	-0.0632259234267	-0.0232120974514	-0.00862099123221	-0.0177572715134	-0.0522907395394	-0.0091183605778	-0.049440187889	-0.00632977428079	-0.0391911461134	-0.0291957534497	0.00755649701617	0.00478405623211
k__Bacteria;p__Bacteroidetes;c__Bacteroidia;o__Bacteroidales;f__Porphyromonadaceae;g__Parabacteroides;s__Parabacteroides_distasonis	0.0427479148299	0.0129164189515	-0.0450778741703	-0.0197745486859	-0.0257012783886	-0.0141607277225	-0.00430661319072	-0.0217243120695	-0.00891969891785	1.0	-0.0344164941807	0.06111007935	0.00781186372941	-0.0919166474342	-0.0450784597838	0.0428323478742	0.0280380840434	-0.0300030850923	-0.030657716017	0.0401703529945	-0.0628494535872	0.0569760953358	-0.0758254508669	-0.00622256018653	0.0221409711098	-0.00132737349458	-0.0752087936163	-0.0424299698675	0.0299706808841	-0.00401991007614	-0.0770693206416	-0.0138741049351	-0.0198818805147	-0.0042305726602	0.0297143274412	-0.0682197928833	-0.00919466877248	0.0363564363037	-0.0484970229439	0.0533066921406	-0.0209490790128	-0.0300248276053	0.0557638043838	-0.0453054666302	-0.057670857898	-0.0240914084047	0.00470097250713	-0.028048341756	-0.0658179910877	-0.022635303894	-0.0599815920184	0.00349875742258	-0.102259361544	0.0589509742482	0.00567546668349	0.00236036862919	0.0199733046719	0.00162206268607	-0.0259578716395
k__Bacteria;p__Bacteroidetes;c__Bacteroidia;o__Bacteroidales;f__Bacteroidaceae;g__Bacteroides;s__Bacteroides_thetaiotaomicron	-0.0670880013371	-0.054730370211	0.0745296891865	-0.015356542847	0.000236312041377	0.0265392097454	0.00608965287284	-0.0028810354412	-0.0522669515545	-0.0344164941807	1.0	-0.0146967085084	0.00230610497101	-0.0475173753765	-0.0274275315763	0.0323068764919	-0.0394102815037	-0.0546537404408	-0.00898775297737	0.000733799931479	0.0826029756171	-0.0152093804245	-0.0583187738084	0.00570617058452	0.0247872078638	-0.0130575280848	-0.0073408318546	-0.0110786701092	0.013729427209	-0.0200512426681	-0.0367938678099	-0.045202766212	0.0283224489744	-0.00829615815532	-0.0288457768169	0.0278263289974	0.0621136141719	-0.010576356003	-0.0149168345223	0.0552326101599	-0.0294466002538	0.0119389126304	-0.0145691568511	0.0271190886968	-0.0333901014807	-0.0128381665107	-0.0198964980464	0.00384912348067	-0.0305604490271	-0.0314061080678	0.0557491846793	0.0113653674879	-0.0157249804871	0.0379900828503	0.00207951250356	-0.00809067440184	-0.00773876032847	-0.0394715015377	-0.0335988798823
k__Bacteria;p__Bacteroidetes;c__Bacteroidia;o__Bacteroidales;f__Bacteroidaceae;g__Bacteroides;s__Bacteroides_coprocola	0.00158838450476	-0.0497629945338	-0.0530777384041	0.0891573236284	-0.0994955492929	-0.0151105646414	0.0589643204436	-0.0140374853449	-0.0472450318071	0.06111007935	-0.0146967085084	1.0	-0.0528050068435	-0.0311816809985	0.00148089539067	-0.0374442465672	-0.0226540638402	-0.0235987853709	-0.00336145777152	0.0212308261462	-0.0272813941203	9.43642502026e-05	0.00460902474023	0.0615167859123	-0.0364630834807	-0.00593092066028	0.0496215665112	-0.0699057427538	-0.0275297710969	0.0228664846462	0.0254753921697	0.0430583692277	-0.00304348520531	-0.00841909680727	-0.0301487206908	-0.0334433669601	-0.0179217951845	0.0425729364561	-0.0181990174519	0.00657531528549	-0.0148477426302	-0.0125154157202	-0.0465424063863	-0.0383702835429	0.00296703232333	0.0285528177828	-0.0370990054716	-0.0214407988724	-0.0132825717657	0.0547543050718	0.0185816937903	0.0826018977358	0.0308495067757	0.0127460780692	0.00773531607227	-0.0568582287435	-0.0179115642613	0.0320317587226	-0.0410196318945
k__Bacteria;p__Bacteroidetes;c__Bacteroidia;o__Bacteroidales;f__Bacteroidaceae;g__Bacteroides;s__Bacteroides_cellulosilyticus	-0.0195378373612	-0.0724277912346	0.00733263760691	-0.000847988686905	0.0240040928789	-0.00142099420177	-5.00673753717e-05	0.00588442824267	-0.00166814864052	0.00781186372941	0.00230610497101	-0.0528050068435	1.0	0.0110778965274	-0.0276116409405	0.0146288622522	-0.00889107919958	-0.0179682477919	0.053958942692	-0.0234792468921	-0.0454031036503	0.0447650621514	0.0206895109238	0.00305549454065	0.0365255263172	0.0519146562895	-0.00299463025646	-0.0218643227338	0.00243430109855	0.0235114452757	-0.0125214836269	-0.00897500209587	-0.0230338330551	0.0441988340411	-0.0622175825632	-0.00875675411978	0.00305472345338	-0.0184232449151	-0.0653295634048	-0.0328271878579	-0.0121130737265	-0.0167103635918	0.0225716386296	-0.00114140803293	0.0771157739953	-0.00051392673434	-0.0440035394851	-0.0165298364191	-0.0409057170049	0.0264089025067	-0.0328236274086	-0.0350409697354	-0.00991220420959	-0.017125933244	0.0695541541812	-0.0266881539716	0.0607844053523	0.0165089499623	0.0508587386979
k__Bacteria;p__Bacteroidetes;c__Bacteroidia;o__Bacteroidales;f__Rikenellaceae;g__Alistipes;s__Alistipes_obesi	-0.0214093444965	-0.030746586112	-0.00746840267486	-0.0319449512386	0.0469925006074	-0.0150658512044	0.0344935760358	-0.0257833525118	-0.0139042422773	-0.0919166474342	-0.0475173753765	-0.0311816809985	0.0110778965274	1.0	-0.0393182578082	-0.029309722353	-0.114887914711	0.0586754984899	-0.022823534097	-0.0429383269047	0.014095651722	-0.030285760105	-0.00440518106517	0.0263381130644	0.018920475062	-0.0410456697481	0.0118800005592	-0.0336475738388	-0.0388588280377	-0.0352976352968	-0.0166973247017	0.0108607644371	-0.0369176676146	-0.00281734512188	-0.0487758429897	0.0539682459098	-0.0107776925664	-0.0183062849901	-0.0130067154287	-0.0416347712027	0.0182074501257	-0.0206014687818	-0.0145633530746	0.0668300803017	0.0611580380375	0.028329433107	0.0376429913732	-0.00577116665151	0.0242543719904	-0.0264931729714	-0.0045708669094	-0.0235402555119	0.0157596805679	0.000269618158308	0.0833751870184	0.0123145638109	-0.000370738933042	-0.0477210130394	-0.019317659292
k__Bacteria;p__Firmicutes;c__Clostridia;o__Clostridiales;f__Lachnospiraceae;g__;s__[Eubacterium]_rectale	5.75772481922e-05	-0.00291763336121	0.0271241796054	0.0354861066352	-0.0861624918843	-0.012139752633	0.0282894666287	-0.0351125721934	-0.0252346758012	-0.0450784597838	-0.0274275315763	0.00148089539067	-0.0276116409405	-0.0393182578082	1.0	0.0111465740178	0.0299149907926	-0.00707632185943	-0.07289474384	-0.0164649049181	0.0189389402141	-0.002113809543	0.007575976483	-0.0520743579451	-0.0175158682727	0.0339340667426	0.0342009196347	0.0314281021545	-0.0130979619931	-0.0528449931272	-0.089250878407	0.00546377677497	-0.0368467659803	0.00465651672268	0.0612067252036	0.0128174082932	-0.00913790262889	0.0280701714971	-0.0469959510919	-0.077749521455	-0.0113453042445	0.000692522140784	0.0420020702998	-0.0274390508886	0.0199812315141	-0.0683826810539	-0.0189889327198	-0.0527482606333	-0.0255684018511	-0.044339823489	0.0561935082252	0.0284989898375	0.0154475140446	-0.0218258074013	-0.0226718863851	-0.0309412284008	0.0113288812553	-0.0138602646371	-0.0388053083595
k__Bacteria;p__Bacteroidetes;c__Bacteroidia;o__Bacteroidales;f__Bacteroidaceae;g__Bacteroides;s__Bacteroides_plebeius	-0.0412090732739	0.0153962355637	0.0779828728786	-0.0293341353376	-0.0756914149146	-0.0561473990848	-0.00960445357634	-0.0351492801196	-0.0606377494075	0.0428323478742	0.0323068764919	-0.0374442465672	0.0146288622522	-0.029309722353	0.0111465740178	1.0	-0.0202307422858	0.0424003900946	-0.00745956775268	0.0247470374273	-0.0450270009196	-0.026832280116	-0.0547621045479	0.00962750649476	0.0472102168891	0.00739160970528	0.0201969046325	0.0158792860807	0.0156892062269	0.0132041072801	-0.0400464913344	-0.0064008550348	0.0402399220454	-0.0269491590476	0.0322381028252	0.00938740734303	0.00553591695432	-0.00177507450149	-0.058417942043	-0.00543361999833	0.00468198768788	-0.0279329723453	-0.0183431580795	-0.0306732335374	0.0201049910842	0.0124778905001	-0.0348619744958	-0.0136580280229	-0.00342655837236	1.11161195966e-05	-0.0412767473127	-0.0168219728447	-0.0345128782312	0.0136035401853	-0.0607785030972	0.0193456522735	0.0163966011685	-0.0147324455975	-0.0290494160776
k__Bacteria;p__Bacteroidetes;c__Bacteroidia;o__Bacteroidales;f__Bacteroidaceae;g__Bacteroides;s__Bacteroides_fragilis	0.00544466956345	-0.000960798967223	-0.00547581411229	-0.0308149801028	-0.0353602104821	0.00225882696728	0.00315695019898	0.00535337150799	-0.000960299470619	0.0280380840434	-0.0394102815037	-0.0226540638402	-0.00889107919958	-0.114887914711	0.0299149907926	-0.0202307422858	1.0	-0.000584290454042	-0.0264716569139	0.0012981513914	-0.00561727466722	0.0415007757276	-0.0232398837751	-0.0212555336315	-0.0405389465774	-0.0181401156277	-0.0261691929337	-0.0319670988011	0.00287197530147	-0.0516369826622	0.00966838337935	0.000502456698387	0.0187946174819	-0.0189906080447	0.00893662142695	0.0437954089391	0.00589567145177	-0.0124602167028	0.0177486273486	0.080547822103	-0.0436359502613	-0.00381805400033	0.0757735670762	-0.0464087419339	0.0383664037903	-0.0234972301825	-0.0768312914772	0.00147792532678	0.00422307343076	0.0722637313713	-0.00259675645544	0.0138523625351	-0.0655061688792	0.0434785305155	-0.0352905581745	-0.0120678411797	0.0155259731712	-0.038952247273	-0.0486805177732
k__Bacteria;p__Proteobacteria;c__Betaproteobacteria;o__Burkholderiales;f__Sutterellaceae;g__Sutterella;s__Sutterella_wadsworthensis	0.0292506096099	-0.0514623891387	-0.0269665236182	0.0251016192695	-0.0405370062037	0.0182427151217	0.0174530862936	0.0336313511932	0.0461316439452	-0.0300030850923	-0.0546537404408	-0.0235987853709	-0.0179682477919	0.0586754984899	-0.00707632185943	0.0424003900946	-0.000584290454042	1.0	0.0137510243931	-0.00313254682497	-0.010289186731	-0.00940025850321	-0.00766001473748	-0.00468707037413	-0.0157860994385	0.0176249771994	-0.038353771896	0.00371510039841	0.0108081639871	0.0519050356216	0.0736355729778	0.0263921212726	-0.0594733410469	0.0242884323786	0.0326397882584	0.0153456684486	0.0022082460922	-0.0514689025751	-0.0196287096369	-0.0260579253672	-0.00445026265595	0.0622861538906	-0.024158717362	0.0277777473173	-0.0672281406998	0.0281440173981	-0.0083221299135	0.000192599812273	0.0382659578447	0.0069450831133	-0.0660148875512	0.00772542119512	-0.0415019511554	-0.0853509707079	-0.0217550987814	0.0571284066434	0.0272017493356	-0.035769726246	0.0220690175875
k__Bacteria;p__Bacteroidetes;c__Bacteroidia;o__Bacteroidales;f__Porphyromonadaceae;g__Barnesiella;s__Barnesiella_intestinihominis	0.019806692597	0.0465946856392	-0.0271274260169	0.00535345434625	0.0272229345544	0.00271296169111	-0.00291596588701	-0.0216952845817	-0.021967561222	-0.030657716017	-0.00898775297737	-0.00336145777152	0.053958942692	-0.022823534097	-0.07289474384	-0.00745956775268	-0.0264716569139	0.0137510243931	1.0	-0.00428345703369	-0.0678139905486	0.0292440251648	-0.0572440844103	0.0373304512534	-0.0134721228845	-0.0208916148594	0.0181327475457	-0.0489663842185	-0.0193195699069	0.0390087116661	0.027302593168	-0.0338028442771	-0.029230871603	0.0439834423285	0.0152766119729	-0.00969003155177	0.0160222716439	-0.0711850788789	0.0336306504782	-0.0230362891976	-0.0216397892094	-0.042152979789	-0.0320952575924	-0.0599077654879	0.00445141572647	-0.0350713347905	0.00883565640075	0.0345301463459	0.0118271222313	0.0243025642802	0.00499670268663	0.0234005249534	-0.00958861935715	-0.0551501032515	0.0303457968107	0.00972207592494	0.00391966220548	-0.0201105051571	0.0433809241613
k__Bacteria;p__Bacteroidetes;c__Bacteroidia;o__Bacteroidales;f__Odoribacteraceae;g__Odoribacter;s__Odoribacter_splanchnicus	0.0236442237363	-0.00513758204496	0.00290917034075	0.105803695764	0.0545651614458	0.0431946823762	-0.0103410591596	-0.0176802900612	0.0196959992365	0.0401703529945	0.000733799931479	0.0212308261462	-0.0234792468921	-0.0429383269047	-0.0164649049181	0.0247470374273	0.0012981513914	-0.00313254682497	-0.00428345703369	1.0	-0.0345105615969	-0.00181012971586	-0.0519210919843	-0.0501660703626	-0.0272724312298	-0.0137612746336	-0.00657840420704	-0.00894411652035	-0.0428189557269	0.0215042240527	0.00875429164189	-0.0421285383033	0.0601358770159	0.00855955136375	-0.0506094386962	0.00915483695327	-0.00290468136175	0.0106343500523	0.0165479689615	0.00823337272632	-0.0725181122982	-0.0186263232977	0.00761607171369	0.0626691424115	0.0347647034444	0.0411596850354	-0.0389585290422	-0.0144941140317	-0.0335002608475	-0.0185700099097	-0.0505433432314	-0.0454247655318	-0.0414165844274	0.0527668385724	-0.00550350777387	-0.0345349897299	-0.0106831857886	0.0191208490594	-0.0714668901764
k__Bacteria;p__Bacteroidetes;c__Bacteroidia;o__Bacteroidales;f__Bacteroidaceae;g__Bacteroides;s__Bacteroides_salyersiae	0.0210688255566	0.0124568908735	0.0163360788283	-0.0352445967705	-0.00255612102066	0.0787262420579	-0.00441436359635	0.0376415775593	-0.0116995085955	-0.0628494535872	0.0826029756171	-0.0272813941203	-0.0454031036503	0.014095651722	0.0189389402141	-0.0450270009196	-0.00561727466722	-0.010289186731	-0.0678139905486	-0.0345105615969	1.0	0.0448448162401	0.044975162725	0.0666544714424	-0.0496687956081	-0.00258549381885	-0.0122115970435	0.0764873682575	-0.0113457946764	0.000692255343885	-0.0282767240764	0.0294222913006	-0.104724171373	-0.0850980826805	0.00188199877742	-0.00294632682369	-0.05557032948	0.0147051930766	-0.0601960359841	-0.017096830551	0.0537161942201	-0.0310610062674	-0.0414876916689	-0.022059079642	0.0219817524812	-0.0452462595163	0.043608889705	-0.0157683452251	0.0145815331618	0.114898959849	0.00125745320881	-0.0299151941509	0.023284525675	0.0290184354587	-0.064911951798	-0.0239910698117	-0.0243390874546	0.0159585768099	-0.00276968377965
k__Bacteria;p__Firmicutes;c__Clostridia;o__Clostridiales;f__Ruminococcaceae;g__Ruminiclostridium;s__[Eubacterium]_siraeum	0.00174068446057	-0.00184130034337	-0.0181778132416	0.00677384418347	0.087905756542	-0.0287780505226	0.0764614223609	0.00939305534804	-0.00153416792029	0.0569760953358	-0.0152093804245	9.43642502026e-05	0.0447650621514	-0.030285760105	-0.002113809543	-0.026832280116	0.0415007757276	-0.00940025850321	0.0292440251648	-0.00181012971586	0.0448448162401	1.0	0.00766387840254	0.00603313729965	0.0167685864432	-0.0414932335021	-0.0404985327512	0.0166120171338	-0.01192412985	-0.000174307793334	0.00562481769692	-0.00832574884643	-0.0342314915801	-0.0886929691246	-0.0303960423337	-0.0164965100387	-0.103089982519	-0.0550591555771	0.0108384227737	0.00566425290507	-0.0176322506487	-0.0110946441395	-0.0981407143613	0.000213583603758	-0.0145049413725	-0.0301812214473	-0.0447979664435	-0.0162266468674	-0.0271432095812	-0.00153882181125	-0.0133355956056	-0.0130845566185	0.012666566375	0.0301611415972	-0.0536343760174	-0.0163300081234	0.0488401460764	0.000134565618197	-0.0399381722505
k__Bacteria;p__Proteobacteria;c__Betaproteobacteria;o__Burkholderiales;f__Sutterellaceae;g__Parasutterella;s__Parasutterella_excrementihominis	0.0120013462614	0.0792274762802	0.0108010679914	-0.043488032433	-0.0376133952143	0.0111027404025	-0.0773409464286	-0.00667212252861	0.0413971143782	-0.0758254508669	-0.0583187738084	0.00460902474023	0.0206895109238	-0.00440518106517	0.007575976483	-0.0547621045479	-0.0232398837751	-0.00766001473748	-0.0572440844103	-0.0519210919843	0.044975162725	0.00766387840254	1.0	0.0097469900015	-0.00556999031673	-0.00967055196176	-0.00240165219625	0.0194155987867	-0.033301605622	-0.0139718518605	-0.0136331855503	0.0565917603232	0.00571308127925	-0.00382853285535	0.00536192852575	-0.00025506258087	0.00318659494591	0.0153099751032	-0.0249707652624	0.013052313839	-0.0644937303255	-0.0451163529473	0.021876283881	-0.0292851302598	-0.0245506404213	0.0318182708166	0.00994030752128	0.0283234405031	0.0448163038633	2.282735942e-05	-0.0184971040934	-0.046678904951	0.0139004161603	-0.0202428667534	0.00418037950633	0.0265296016348	-0.0661606742715	0.00995119736486	-0.0399178453294
k__Bacteria;p__Actinobacteria;c__Actinobacteria;o__Bifidobacteriales;f__Bifidobacteriaceae;g__Bifidobacterium;s__Bifidobacterium_adolescentis	-0.0294797067726	-0.00647851966702	0.0371146916976	-0.0452442613477	0.00120868505158	0.051077836953	-0.0145711107308	-0.0172134754928	5.07288620115e-05	-0.00622256018653	0.00570617058452	0.0615167859123	0.00305549454065	0.0263381130644	-0.0520743579451	0.00962750649476	-0.0212555336315	-0.00468707037413	0.0373304512534	-0.0501660703626	0.0666544714424	0.00603313729965	0.0097469900015	1.0	-0.0473429103134	-0.0274606635271	0.00692469281808	-0.00372668281031	0.000795465891092	-0.0106303621919	-0.0217085937234	-0.0583179785519	-0.0606100981522	-0.0192584451791	-0.00645608757579	0.00388468405379	0.0545386001134	-0.047208001173	-0.0144325672729	-0.047802157772	-0.0236189117095	-0.0473227104259	-0.0177574361294	-0.0408071437973	-0.0268487608598	0.00272581632781	0.0246866463448	0.0193546063397	-0.0523803044027	0.0709893563638	-0.0685106152132	0.00958382856243	-0.0505161413438	-0.00940532510361	-0.0493956663049	0.0138787837275	-0.0326458659133	-0.0386238542668	-0.015540408585
k__Bacteria;p__Firmicutes;c__Clostridia;o__Clostridiales;f__Oscillospiraceae;g__Oscillibacter;s__Oscillibacter_sp._KLE_1745	0.0279169996918	-0.0119352896919	0.0159667833533	0.0480689738629	-0.0157626962001	0.0106949400552	-0.00261300110299	0.00705716211738	0.0441226427758	0.0221409711098	0.0247872078638	-0.0364630834807	0.0365255263172	0.018920475062	-0.0175158682727	0.0472102168891	-0.0405389465774	-0.0157860994385	-0.0134721228845	-0.0272724312298	-0.0496687956081	0.0167685864432	-0.00556999031673	-0.0473429103134	1.0	0.0200620356973	-0.00260000572482	0.0384371960199	-0.010049789369	-0.0402905656006	-0.0322650814929	0.0170891325843	-0.0102482991748	-0.0097302556944	-0.0639787712789	-0.0099199162092	-0.0170729952916	0.00724255859475	-0.022193621733	-8.12564101903e-05	0.000637998940606	0.0851465147395	-0.0249511259171	0.00311407497182	-0.0214386659065	0.00921375413908	-0.0487794034704	-0.0233965637512	-0.0246854816381	0.0027045619199	-0.011479505848	-0.0927188594835	-0.0457626807141	0.0261654992031	0.00167954446265	-0.0628944413257	-0.0329728828513	-0.055348459985	0.0489207140191
k__Bacteria;p__Bacteroidetes;c__Bacteroidia;o__Bacteroidales;f__Bacteroidaceae;g__Bacteroides;s__Bacteroides_coprophilus	-0.0358672722219	-0.0356328088971	0.0342220480728	0.00190716122853	-0.0065826732331	-0.0355710565269	0.0467960984814	0.0478039250721	0.012947769369	-0.00132737349458	-0.0130575280848	-0.00593092066028	0.0519146562895	-0.0410456697481	0.0339340667426	0.00739160970528	-0.0181401156277	0.0176249771994	-0.0208916148594	-0.0137612746336	-0.00258549381885	-0.0414932335021	-0.00967055196176	-0.0274606635271	0.0200620356973	1.0	-0.0400990259689	-0.0125814052279	-0.00784622165302	-0.0113595781791	0.0223082092299	0.0130725738789	0.0231494803514	-0.038913266916	0.0230181123991	-0.00472317889645	0.00276023172953	-0.0124970823187	-0.0445202280072	0.00709924832967	-0.0129932938064	-0.0277625777459	-0.0147951603873	0.00388926496213	-0.059991112326	0.0558969315627	-0.0191055427269	-0.0536091578057	0.00393016695149	0.02195804156	-0.0116413745987	0.0112048480003	0.00302716526623	-0.0284313470861	0.00694331061461	0.00421650409215	0.0596523475834	-0.0540685365098	-0.0699080861123
k__Bacteria;p__Firmicutes;c__Clostridia;o__Clostridiales;f__Lachnospiraceae;g__Roseburia;s__Roseburia_intestinalis	-0.0247195443293	0.0474811121054	-0.0216467843717	-0.0471368390456	-0.0968224540742	0.0111133326181	0.00524122548301	0.0364438154754	0.0572787216611	-0.0752087936163	-0.0073408318546	0.0496215665112	-0.00299463025646	0.0118800005592	0.0342009196347	0.0201969046325	-0.0261691929337	-0.038353771896	0.0181327475457	-0.00657840420704	-0.0122115970435	-0.0404985327512	-0.00240165219625	0.00692469281808	-0.00260000572482	-0.0400990259689	1.0	0.0437826075603	0.015972725819	0.0408356457443	-0.0372159598502	-0.0165396345758	0.0523635825069	-0.026841311814	0.00884666890027	-0.0413470057345	0.00873385600185	0.0347034075822	-0.00543554599548	-0.0450191156424	-0.0376140137383	-0.0232522316261	0.00322653675612	0.0483195576777	-0.0414145959986	-0.0460349683799	0.0195381990355	-0.0244873835068	-0.0183794102789	-0.0227176094007	-0.00780237898579	0.0165623234359	-0.0413922448014	-0.000490214954356	-0.0350693854468	-0.0613173818573	-0.0205038041493	-0.0457653319172	-0.00724713344445
k__Bacteria;p__Firmicutes;c__Clostridia;o__Clostridiales;f__Lachnospiraceae;g__Roseburia;s__Roseburia_hominis	-0.000971175062545	-0.0363464024533	-0.0513521761347	-0.0335204615515	-0.0220112121275	-0.0540894349526	0.00038883791042	-0.032057845404	-0.00911893184251	-0.0424299698675	-0.0110786701092	-0.0699057427538	-0.0218643227338	-0.0336475738388	0.0314281021545	0.0158792860807	-0.0319670988011	0.00371510039841	-0.0489663842185	-0.00894411652035	0.0764873682575	0.0166120171338	0.0194155987867	-0.00372668281031	0.0384371960199	-0.0125814052279	0.0437826075603	1.0	-0.0480435312243	0.03213979313	-0.0167182117366	0.0261391905483	-0.0191566235343	0.0449310081455	-0.00624093694741	0.0152636955175	-0.0358130851072	0.0247288643262	-0.0175022342196	0.00583746998235	-0.0248117337273	-0.0182093993626	0.0104801776889	-0.0145559274482	-0.0799480327474	0.0364967611048	0.032798097836	0.079010462595	-0.0148191867976	-0.00423485488046	-0.0384675364969	-0.0436639266101	0.0132207107572	-0.00429565726722	0.0491067417433	-0.00261376533849	0.0105767071301	0.0122356722241	0.0168364359179
k__Bacteria;p__Bacteroidetes;c__Bacteroidia;o__Bacteroidales;f__Porphyromonadaceae;g__Parabacteroides;s__Parabacteroides_johnsonii	-0.0763246058462	0.0125050409059	-0.0283896796832	0.00733918333278	-0.0664782798839	0.0173675579391	-0.00652882174067	0.00299044250322	0.0334886528294	0.0299706808841	0.013729427209	-0.0275297710969	0.00243430109855	-0.0388588280377	-0.0130979619931	0.0156892062269	0.00287197530147	0.0108081639871	-0.0193195699069	-0.0428189557269	-0.0113457946764	-0.01192412985	-0.033301605622	0.000795465891092	-0.010049789369	-0.00784622165302	0.015972725819	-0.0480435312243	1.0	0.020491720869	-0.037155959826	0.0329577629315	0.056995731992	-0.0247137282272	-0.0937354460307	0.027413448983	-0.0191294949994	0.00127659355227	-0.0256806189446	0.0031107068739	-0.00785397534969	0.019684660997	0.0262470369897	0.014846595675	-0.0295894646691	0.00580725083896	0.0100572074332	0.0213803321997	0.0558725133368	-0.023334415147	0.0269169726265	-0.0114232099594	-0.0909225781658	-0.0127712357988	-0.0122265373047	-0.0294713051269	-0.00708612228067	-0.00396553986584	0.0168048464104
k__Bacteria;p__Actinobacteria;c__Actinobacteria;o__Bifidobacteriales;f__Bifidobacteriaceae;g__Bifidobacterium;s__Bifidobacterium_longum	-0.00690841101946	-0.00735783391484	0.00489439585576	-0.0165931320791	-0.031366450031	-0.0266459106698	-0.0284603738158	-0.0121722557389	-0.0158219955251	-0.00401991007614	-0.0200512426682	0.0228664846462	0.0235114452757	-0.0352976352968	-0.0528449931272	0.0132041072801	-0.0516369826622	0.0519050356216	0.0390087116661	0.0215042240527	0.000692255343885	-0.000174307793334	-0.0139718518605	-0.0106303621919	-0.0402905656006	-0.0113595781791	0.0408356457443	0.03213979313	0.020491720869	1.0	-0.0554664999186	-0.0288418768281	-0.0176733596869	0.0278879301055	-0.0176765182346	0.0120933583952	-0.0185359867451	0.0527578704197	0.0539194229452	0.0127637033386	-0.0231479191132	0.014363217316	0.0580272352611	-0.0479477518811	-0.0302244785604	-0.00223612862055	-0.0331657270471	0.0112382274209	-0.0520246126284	0.000924729768118	-0.0222572428763	-0.0300898813074	0.0354905185846	-0.00310368748415	0.0434352243165	-0.0371658239878	-0.0334741707677	0.0153605937336	-0.0137480826343
