#taxonomy	k__Bacteria;p__Bacteroidetes;c__Bacteroidia;o__Bacteroidales;f__Bacteroidaceae;g__Bacteroides;s__Bacteroides_vulgatus	k__Bacteria;p__Bacteroidetes;c__Bacteroidia;o__Bacteroidales;f__Bacteroidaceae;g__Bacteroides;s__Bacteroides_uniformis	k__Bacteria;p__Bacteroidetes;c__Bacteroidia;o__Bacteroidales;f__Rikenellaceae;g__Alistipes;s__Alistipes_putredinis	k__Bacteria;p__Bacteroidetes;c__Bacteroidia;o__Bacteroidales;f__Prevotellaceae;g__Prevotella;s__Prevotella_copri	k__Bacteria;p__Bacteroidetes;c__Bacteroidia;o__Bacteroidales;f__Bacteroidaceae;g__Bacteroides;s__Bacteroides_stercoris	k__Bacteria;p__Bacteroidetes;c__Bacteroidia;o__Bacteroidales;f__Bacteroidaceae;g__Bacteroides;s__Bacteroides_ovatus	k__Bacteria;p__Bacteroidetes;c__Bacteroidia;o__Bacteroidales;f__Rikenellaceae;g__Alistipes;s__Alistipes_shahii	k__Bacteria;p__Firmicutes;c__Clostridia;o__Clostridiales;f__Ruminococcaceae;g__Faecalibacterium;s__Faecalibacterium_prausnitzii	k__Bacteria;p__Bacteroidetes;c__Bacteroidia;o__Bacteroidales;f__Rikenellaceae;g__Alistipes;s__Alistipes_finegoldii	k__Bacteria;p__Bacteroidetes;c__Bacteroidia;o__Bacteroidales;f__Porphyromonadaceae;g__Parabacteroides;s__Parabacteroides_distasonis	k__Bacteria;p__Bacteroidetes;c__Bacteroidia;o__Bacteroidales;f__Bacteroidaceae;g__Bacteroides;s__Bacteroides_thetaiotaomicron	k__Bacteria;p__Bacteroidetes;c__Bacteroidia;o__Bacteroidales;f__Bacteroidaceae;g__Bacteroides;s__Bacteroides_coprocola	k__Bacteria;p__Bacteroidetes;c__Bacteroidia;o__Bacteroidales;f__Bacteroidaceae;g__Bacteroides;s__Bacteroides_cellulosilyticus	k__Bacteria;p__Bacteroidetes;c__Bacteroidia;o__Bacteroidales;f__Rikenellaceae;g__Alistipes;s__Alistipes_obesi	k__Bacteria;p__Firmicutes;c__Clostridia;o__Clostridiales;f__Lachnospiraceae;g__;s__[Eubacterium]_rectale	k__Bacteria;p__Bacteroidetes;c__Bacteroidia;o__Bacteroidales;f__Bacteroidaceae;g__Bacteroides;s__Bacteroides_plebeius	k__Bacteria;p__Bacteroidetes;c__Bacteroidia;o__Bacteroidales;f__Bacteroidaceae;g__Bacteroides;s__Bacteroides_fragilis	k__Bacteria;p__Proteobacteria;c__Betaproteobacteria;o__Burkholderiales;f__Sutterellaceae;g__Sutterella;s__Sutterella_wadsworthensis	k__Bacteria;p__Bacteroidetes;c__Bacteroidia;o__Bacteroidales;f__Porphyromonadaceae;g__Barnesiella;s__Barnesiella_intestinihominis	k__Bacteria;p__Bacteroidetes;c__Bacteroidia;o__Bacteroidales;f__Odoribacteraceae;g__Odoribacter;s__Odoribacter_splanchnicus	k__Bacteria;p__Bacteroidetes;c__Bacteroidia;o__Bacteroidales;f__Bacteroidaceae;g__Bacteroides;s__Bacteroides_salyersiae	k__Bacteria;p__Firmicutes;c__Clostridia;o__Clostridiales;f__Ruminococcaceae;g__Ruminiclostridium;s__[Eubacterium]_siraeum	k__Bacteria;p__Proteobacteria;c__Betaproteobacteria;o__Burkholderiales;f__Sutterellaceae;g__Parasutterella;s__Parasutterella_excrementihominis	k__Bacteria;p__Actinobacteria;c__Actinobacteria;o__Bifidobacteriales;f__Bifidobacteriaceae;g__Bifidobacterium;s__Bifidobacterium_adolescentis	k__Bacteria;p__Firmicutes;c__Clostridia;o__Clostridiales;f__Oscillospiraceae;g__Oscillibacter;s__Oscillibacter_sp._KLE_1745	k__Bacteria;p__Bacteroidetes;c__Bacteroidia;o__Bacteroidales;f__Bacteroidaceae;g__Bacteroides;s__Bacteroides_coprophilus	k__Bacteria;p__Firmicutes;c__Clostridia;o__Clostridiales;f__Lachnospiraceae;g__Roseburia;s__Roseburia_intestinalis	k__Bacteria;p__Firmicutes;c__Clostridia;o__Clostridiales;f__Lachnospiraceae;g__Roseburia;s__Roseburia_hominis	k__Bacteria;p__Bacteroidetes;c__Bacteroidia;o__Bacteroidales;f__Porphyromonadaceae;g__Parabacteroides;s__Parabacteroides_johnsonii	k__Bacteria;p__Actinobacteria;c__Actinobacteria;o__Bifidobacteriales;f__Bifidobacteriaceae;g__Bifidobacterium;s__Bifidobacterium_longum	k__Bacteria;p__Firmicutes;c__Clostridia;o__Clostridiales;f__;g__Flavonifractor;s__Flavonifractor_plautii	k__Bacteria;p__Firmicutes;c__Clostridia;o__Clostridiales;f__Clostridiaceae;g__Clostridium;s__Clostridium_phoceensis	k__Bacteria;p__Verrucomicrobia;c__Verrucomicrobiae;o__Verrucomicrobiales;f__Akkermansiaceae;g__Akkermansia;s__Akkermansia_muciniphila	k__Bacteria;p__Bacteroidetes;c__Bacteroidia;o__Bacteroidales;f__Prevotellaceae;g__Paraprevotella;s__Paraprevotella_xylaniphila	k__Bacteria;p__Firmicutes;c__Clostridia;o__Clostridiales;f__Ruminococcaceae;g__Ruminococcus;s__Ruminococcus_callidus	k__Bacteria;p__Bacteroidetes;c__Bacteroidia;o__Bacteroidales;f__Rikenellaceae;g__Alistipes;s__Alistipes_senegalensis	k__Bacteria;p__Firmicutes;c__Clostridia;o__Clostridiales;f__Lachnospiraceae;g__Blautia;s__Blautia_sp._KLE_1732	k__Bacteria;p__Bacteroidetes;c__Bacteroidia;o__Bacteroidales;f__Bacteroidaceae;g__Bacteroides;s__Bacteroides_oleiciplenus	k__Bacteria;p__Firmicutes;c__Clostridia;o__Clostridiales;f__Ruminococcaceae;g__Ruminococcus;s__Ruminococcus_bicirculans	k__Bacteria;p__Bacteroidetes;c__Bacteroidia;o__Bacteroidales;f__Bacteroidaceae;g__Bacteroides;s__Bacteroides_fluxus	k__Bacteria;p__Bacteroidetes;c__Bacteroidia;o__Bacteroidales;f__Prevotellaceae;g__Prevotella;s__Prevotella_stercorea	k__Bacteria;p__Firmicutes;c__Clostridia;o__Clostridiales;f__Lachnospiraceae;g__Dorea;s__Dorea_longicatena	k__Bacteria;p__Firmicutes;c__Clostridia;o__Clostridiales;f__Eubacteriaceae;g__Eubacterium;s__[Eubacterium]_eligens	k__Bacteria;p__Firmicutes;c__Clostridia;o__Clostridiales;f__Ruminococcaceae;g__;s__Ruminococcaceae_bacterium_D16	k__Bacteria;p__Firmicutes;c__Clostridia;o__Clostridiales;f__Lachnospiraceae;g__Coprococcus;s__Coprococcus_comes	k__Bacteria;p__Proteobacteria;c__Gammaproteobacteria;o__Enterobacterales;f__Enterobacteriaceae;g__Escherichia;s__Escherichia_coli	k__Bacteria;p__Firmicutes;c__Clostridia;o__Clostridiales;f__Ruminococcaceae;g__Anaerotruncus;s__Anaerotruncus_colihominis	k__Bacteria;p__Firmicutes;c__Clostridia;o__Clostridiales;f__Lachnospiraceae;g__Blautia;s__Blautia_obeum	k__Bacteria;p__Bacteroidetes;c__Bacteroidia;o__Bacteroidales;f__Odoribacteraceae;g__Odoribacter;s__Odoribacter_laneus	k__Bacteria;p__Firmicutes;c__Clostridia;o__Clostridiales;f__Ruminococcaceae;g__Ruminiclostridium;s__[Clostridium]_leptum	k__Bacteria;p__Bacteroidetes;c__Bacteroidia;o__Bacteroidales;f__Porphyromonadaceae;g__Parabacteroides;s__Parabacteroides_goldsteinii	k__Bacteria;p__Firmicutes;c__Clostridia;o__Clostridiales;f__Lachnospiraceae;g__Anaerostipes;s__Anaerostipes_hadrus	k__Bacteria;p__Firmicutes;c__Clostridia;o__Clostridiales;f__Ruminococcaceae;g__Ruminococcus;s__Ruminococcus_lactaris	k__Bacteria;p__Firmicutes;c__Clostridia;o__Clostridiales;f__Clostridiaceae;g__Clostridium;s__Clostridium_sp._L2-50	k__Bacteria;p__Firmicutes;c__Clostridia;o__Clostridiales;f__Clostridiaceae;g__Clostridium;s__Clostridium_sp._M62/1	k__Bacteria;p__Firmicutes;c__Clostridia;o__Clostridiales;f__;g__Intestinimonas;s__Intestinimonas_butyriciproducens	k__Bacteria;p__Actinobacteria;c__Actinobacteria;o__Bifidobacteriales;f__Bifidobacteriaceae;g__Bifidobacterium;s__Bifidobacterium_bifidum	k__Bacteria;p__Firmicutes;c__Negativicutes;o__Veillonellales;f__Veillonellaceae;g__Dialister;s__Dialister_invisus	k__Bacteria;p__Bacteroidetes;c__Bacteroidia;o__Bacteroidales;f__Bacteroidaceae;g__Bacteroides;s__Bacteroides_salanitronis
k__Bacteria;p__Bacteroidetes;c__Bacteroidia;o__Bacteroidales;f__Bacteroidaceae;g__Bacteroides;s__Bacteroides_vulgatus	1.0	-0.00542386265944	-0.0096846090313	0.0324857884817	-0.0310350230079	0.0547801012791	-0.0224288740261	-0.0387696825443	-0.0175663715117	-0.0449827669854	-0.0166209258235	0.0690142778317	0.051324620178	0.0442900179834	0.00925733395572	-0.0560317827059	0.0385107622236	0.0116819895933	-0.017161994647	0.00946239047325	0.0179911569696	-0.00531683706012	-0.0269063406565	-0.020202620249	-0.0501242010087	-0.0101192563112	-0.0308112234034	-0.0303154589271	-0.000964545068168	0.0169357334904	-0.0065546228833	0.00780361932192	0.0903813091355	0.00372988205897	0.0407493413273	-0.0105018395044	-0.040046241524	-0.0448964018197	-0.0013953102402	0.00989216048807	-0.041833670844	-0.031290312211	0.0224556310564	0.0447744571797	-0.0231864696396	0.00353716646608	0.0142838823392	0.0768147336978	-0.0484202150063	-0.0180276048819	-0.00521545347816	-0.00929892276217	-0.0430430954726	0.00369610895682	-0.0158603932766	0.0397526220047	-0.00114027123903	-0.0023981666108	0.0316054332014
k__Bacteria;p__Bacteroidetes;c__Bacteroidia;o__Bacteroidales;f__Bacteroidaceae;g__Bacteroides;s__Bacteroides_uniformis	-0.00542386265944	1.0	-0.0343330598314	-0.0313090628676	0.0341521643708	0.0169743889575	-0.0540171398748	-0.0159095351526	-0.0408886219218	-0.0180222032212	-0.0242831420413	0.0717917859731	0.0548809073258	0.0450790039263	-0.0215734565274	0.00205012559405	-0.041981080206	0.00442009181665	0.0322665356673	0.0185354499226	-0.0441718655082	-0.000184581291722	-0.0237658612895	-0.0140456682135	0.0248827826547	-0.00269394048241	-0.0263731437141	0.00329529090921	0.00225235696323	-0.00477515640837	0.00284024787545	-0.0312586505361	-0.0761635829596	-0.00157370306984	0.0559631051357	-0.00474875431557	-0.0373180092857	-0.0161914538331	-0.0124779692757	0.0180128620984	-0.0186726952444	0.0449585264096	0.0504161570627	-0.0212737281307	-0.0261072238062	-0.00148580325794	-1.17015891353e-05	-0.0216672371568	0.0422088950507	0.0442422174684	-0.0630369434437	0.0408968051891	0.0292928998074	0.0441579804981	-0.0126944909166	-0.0332710211379	0.0147255611762	-0.0850731465703	-0.0244487935422
k__Bacteria;p__Bacteroidetes;c__Bacteroidia;o__Bacteroidales;f__Rikenellaceae;g__Alistipes;s__Alistipes_putredinis	-0.0096846090313	-0.0343330598314	1.0	0.0761179529487	-0.0258061427154	0.0150721447733	0.0247426048634	-0.0180350839816	-0.0440902631291	0.0155201317908	-0.0383712537588	-0.0262179750062	-0.0350467927161	-0.0617437517887	-0.000177687607338	-0.0113397271643	-0.0648007972295	0.0476766571816	-0.0135033481152	-0.00198539371887	-0.00257763714077	-0.00730500345813	0.0440356760717	-0.0347198112309	0.000186576577814	-0.00156528267814	-0.0161306479422	0.0527606885039	-0.0311661298222	-0.0263080480334	-0.0141127075392	0.00816950376301	-0.00168773152098	0.0419091496575	-0.00720122811317	-0.0475566787812	-0.000472540404314	0.0277211336908	0.089612563147	-0.00116312775997	0.022458742018	-0.019368677503	0.0518731982297	-0.00924952760923	-0.0193460906522	0.0430388071464	0.0179776780283	0.0141317827631	-0.0110804632137	-0.109113151234	-0.0179579555936	0.0281068994406	0.0192403971795	-0.00121037719766	0.0140611575722	0.0665157739127	0.0115393280549	0.0019913440016	-0.0835872347077
k__Bacteria;p__Bacteroidetes;c__Bacteroidia;o__Bacteroidales;f__Prevotellaceae;g__Prevotella;s__Prevotella_copri	0.0324857884817	-0.0313090628676	0.0761179529487	1.0	0.00163538846589	0.0138032103191	0.038184144971	-0.0131665541727	0.0347962096289	-0.0397114973659	-0.0181997493185	-0.0665209318961	0.00958711690457	-0.0225887128571	-0.0649241523545	-0.0461315224014	0.0334186530941	0.0476093047978	-0.0570125449038	0.00674228349022	-0.0398561167705	-0.0115064530741	0.0311803314378	-0.0203013176148	0.0323356061082	-0.0135458514355	-0.0624381077228	-0.00100201269585	0.0166541255326	-0.0193509585167	0.0456978328121	-0.0411926291094	-0.0459684261354	0.0450154291361	0.0565429463684	0.0383890948158	9.19958172236e-05	-0.0319795691809	0.00281524725296	0.01181952735	-0.0596474526327	0.0405529633381	-0.0430473589158	-0.0302020675313	-0.0128811369853	-0.0605024068964	-0.0189814335924	-0.00156719745651	-0.019820912163	0.00173279231995	-0.00079641044304	-0.0228932245847	-0.052361175388	0.0094259245252	0.0207017137903	0.0614211394152	0.0316075144868	-0.0568333659147	0.038547086222
k__Bacteria;p__Bacteroidetes;c__Bacteroidia;o__Bacteroidales;f__Bacteroidaceae;g__Bacteroides;s__Bacteroides_stercoris	-0.0310350230079	0.0341521643708	-0.0258061427154	0.00163538846589	1.0	-0.0901021419896	0.00591095101108	-0.00180136076093	0.0141649828924	0.0240879903313	-0.0125431542199	0.0136324150862	-0.0496500477481	0.0109223808292	-0.0679085844735	-0.0664181654194	-0.0147523714684	0.0207830671964	0.0323601739801	0.0481052269964	-0.0712677429457	-0.103387462086	0.00230749671522	-0.0366680308348	-0.00243803975759	0.0156840204209	0.00226530798053	-0.0116888823323	0.000252123470446	0.0399090786164	-6.98591466168e-05	0.00205206785079	-0.0361173589098	-0.0381666867199	-0.00130432286002	-0.0711870957574	0.0737532804558	0.0564301398892	0.0237499246567	-0.0292078468842	0.0355594526322	0.0314355141344	-0.0136233678855	0.0128598226663	-0.00723188232207	-0.090265710926	-0.00244287726888	-0.0613490111934	0.0287571337592	0.0524175285293	-0.00684121982211	-0.0129418471008	0.0411147994805	-0.0523728377063	0.0845067577335	-0.00669668488904	-0.0363218582926	-0.0350731746895	0.00229026983781
k__Bacteria;p__Bacteroidetes;c__Bacteroidia;o__Bacteroidales;f__Bacteroidaceae;g__Bacteroides;s__Bacteroides_ovatus	0.0547801012791	0.0169743889575	0.0150721447733	0.0138032103191	-0.0901021419896	1.0	-0.0485641890484	-0.0458273263618	-0.0010729760146	-0.0438957028522	-0.00382961132728	-0.000880670625069	0.00434909880588	-0.0292040043383	-0.00814980190282	-0.0321678672337	0.0415443749455	-0.0379586935718	-0.0131975227756	-0.0167398181621	0.0220038817388	0.0149232210401	0.0451363489453	-0.030949826776	-0.0265218883815	0.0708472895557	-0.0399441178361	-0.0347213419035	-0.0369688792281	0.0055138768442	0.00204491096144	-0.00117594745478	-0.0434817257382	-0.0170179557662	-0.0380906912835	-0.0162155465186	0.000451410441943	0.0357253131092	-0.00291273175529	-0.0370139359839	-0.0402397751481	0.0554970846193	-0.0252527664382	-0.030031598201	-0.0165815736356	-0.0333391760254	-0.0146325505722	-0.0295250614176	-0.0149750671706	-0.0298799220307	0.00588793135644	0.0138706236569	-0.0353071932379	0.0420354347463	0.0304870714505	-0.0283124786364	0.0529496008331	-0.0173383008559	-0.00589081282095
k__Bacteria;p__Bacteroidetes;c__Bacteroidia;o__Bacteroidales;f__Rikenellaceae;g__Alistipes;s__Alistipes_shahii	-0.0224288740261	-0.0540171398748	0.0247426048634	0.038184144971	0.00591095101108	-0.0485641890484	1.0	0.0494260893372	0.0242496502219	0.05140658367	-0.0299634700581	0.0018489166943	0.0469511122766	-0.0213053656073	-0.0208500790565	0.0291376864992	0.00976943224675	-0.0590354994076	0.0396202774761	-0.0399256782797	0.0144839143523	0.00960476554841	-0.00655656581253	0.0386275569156	0.0074421695899	-0.00622546578665	0.0229348473725	-0.0415432246681	0.0243496608488	0.030594702072	-0.0201686570455	-0.0665266571061	-0.0262992193791	-0.00677270092572	-0.0291527158701	-0.0717554991999	-0.0321163280693	-0.0366121320332	0.0127840342761	-0.00432846472205	-0.0320482060299	0.0711874678002	0.0125708259796	-0.0352214442929	-0.0436731431445	-0.00369322260614	-0.0740465569216	-0.0280659874331	0.0211390737387	0.0463341277275	0.0205283121581	-0.114605526492	-0.00369405740348	-0.0017255602758	0.0155569097887	0.0147232976765	0.0927371791497	-0.0282020256216	0.0151086701699
k__Bacteria;p__Firmicutes;c__Clostridia;o__Clostridiales;f__Ruminococcaceae;g__Faecalibacterium;s__Faecalibacterium_prausnitzii	-0.0387696825443	-0.0159095351526	-0.0180350839816	-0.0131665541727	-0.00180136076093	-0.0458273263618	0.0494260893372	1.0	-0.0827589790367	0.0240693637545	-0.0196890959705	-0.00269674303387	0.0378877997551	0.0365043740321	-0.042718003783	0.0281265410001	-0.0273198153386	0.0637480234631	-0.00761418983687	0.0120258654162	0.00318517973109	-0.0278540643364	-0.044693427832	0.00663227031919	-0.00460712724832	-0.0058843461115	-0.00319321839368	0.00614279729266	-0.0178613974724	0.0452220906954	-0.0156887927248	-0.0159268681401	0.0344725433707	-0.0412148934206	0.00351304870697	-0.0289077876462	0.0471122089656	0.0294360042627	-0.0296526352552	-0.0361735209765	-0.0204895784173	0.0375291013705	-0.0309893047044	-0.0155079963741	0.0122782700729	0.0117173680162	0.024473166652	-0.0616417105632	-0.0277977335576	0.0492470650177	-0.0330831520815	-0.00462188390054	-0.0143229114641	0.0622894456151	0.0119878077416	0.04246560797	-0.00515986842979	-0.109825258513	0.0422327402899
k__Bacteria;p__Bacteroidetes;c__Bacteroidia;o__Bacteroidales;f__Rikenellaceae;g__Alistipes;s__Alistipes_finegoldii	-0.0175663715117	-0.0408886219218	-0.0440902631291	0.0347962096289	0.0141649828924	-0.0010729760146	0.0242496502219	-0.0827589790367	1.0	-0.0721267268383	-0.0369625124774	-0.017128634993	-0.0242545225787	-0.042583958727	-0.0281377361684	-0.0038030869122	0.0313443118099	-0.0257440858952	-0.0962036917443	0.0512704973381	-0.010716966622	0.0712322198942	0.0326837565557	-0.0389319183139	-0.0190956887187	-0.0445649676773	0.0283327307495	-0.0539976231743	0.0167447946775	-0.00736646268968	0.0120266917409	-0.0750300960288	0.00654421138199	0.00288692609239	0.00969034679508	-0.0434982270665	-0.0107442988412	0.0318172537145	-0.0283256599784	-0.00576269784368	-0.0440723935998	0.0526316613601	-0.00545239630577	-0.0264242508222	-0.0353713157108	-0.0391330882766	0.0279233761806	0.0350821101798	-0.0313319485493	0.0120443799871	0.030437922568	0.0238269009409	-0.00173396567031	0.0356835163761	0.0150778271655	-0.0194876239804	-0.00521960594431	-0.05698390045	0.0291409921512
k__Bacteria;p__Bacteroidetes;c__Bacteroidia;o__Bacteroidales;f__Porphyromonadaceae;g__Parabacteroides;s__Parabacteroides_distasonis	-0.0449827669854	-0.0180222032212	0.0155201317908	-0.0397114973659	0.0240879903313	-0.0438957028522	0.05140658367	0.0240693637545	-0.0721267268383	1.0	-0.00396455452976	0.01762304315	0.0201479003241	-0.00482428204256	0.00226734043109	-0.0223520307004	0.037210432448	0.0726172385358	-0.0461703012144	0.0138188198589	0.00153681533525	-0.0474361692926	-0.0243721163099	-0.0263291802818	-0.0420799330917	0.0452699163347	0.0214844322862	0.0412212347049	-0.0135450050029	0.00444855957851	0.000113165805412	-0.0450554558339	0.055396878933	0.043779245462	-0.0353707814502	-0.0427818312489	-0.0585616673198	-0.0653304314417	-0.0114965028535	0.0119497536997	-0.0109033706981	0.0180851840132	-0.0837448603627	0.0144303998653	-0.0319922456716	-0.0272888322678	-0.0254110046293	-0.0413756999448	-0.0131316887987	0.0200192111729	-0.00759971977164	-0.00361084381317	0.0147061162908	-0.0356707953439	-0.0158178351028	-0.00407872551408	-0.00788375100099	0.00216935428503	-0.0455809537955
k__Bacteria;p__Bacteroidetes;c__Bacteroidia;o__Bacteroidales;f__Bacteroidaceae;g__Bacteroides;s__Bacteroides_thetaiotaomicron	-0.0166209258235	-0.0242831420413	-0.0383712537588	-0.0181997493185	-0.0125431542199	-0.00382961132728	-0.0299634700581	-0.0196890959705	-0.0369625124774	-0.00396455452976	1.0	0.000312246507427	0.0252827287034	-0.0441156808355	-0.00842124991768	0.012670559033	-0.046621520453	-0.0563270510987	0.00373081481466	0.00915913765669	-0.0454775694027	0.00980545641734	-0.0016275582371	0.0413922846774	0.0260324196006	-0.0122466241211	0.000691770607111	-0.0690281553208	0.0504052795012	0.0159298248603	0.0018715598449	0.00214673032937	-0.047010162169	-0.0345284320842	0.00275480556132	0.0085350091808	-0.0269760631176	0.000648875749047	0.0269798083116	-0.00673106826028	-0.0505831088964	-0.0201194531675	-0.0335894139111	-0.0200339846507	-0.0485792309158	-0.0131899440524	0.0230945573207	-0.0445119159134	-0.0506462377906	-0.0127179343208	-0.0559330687322	-0.0710764612561	-0.0227044909865	0.0383712181434	-0.0149584685304	0.0130897638754	0.0243098698039	0.0230434142764	0.00450866807211
k__Bacteria;p__Bacteroidetes;c__Bacteroidia;o__Bacteroidales;f__Bacteroidaceae;g__Bacteroides;s__Bacteroides_coprocola	0.0690142778317	0.0717917859731	-0.0262179750062	-0.0665209318961	0.0136324150862	-0.000880670625069	0.0018489166943	-0.00269674303387	-0.017128634993	0.01762304315	0.000312246507427	1.0	0.0144412882504	0.00443676492653	-0.0724944588521	0.010039912166	-0.0276686255757	0.012100461873	-0.0205896324879	-0.0230682185071	-0.045251049461	-0.0400255344796	-0.051004918904	-0.0725113969872	0.0273476353188	0.035540462588	-0.0550189850937	-0.0372269500254	-0.00168087338008	0.00123653195842	-0.0235296083692	-0.00491715669375	0.0326448510297	0.00614520394401	-0.00509439546781	0.00386251973154	0.0114981860744	0.0438484070094	0.0262473026621	0.000161702004723	0.00116721357613	0.0210171514679	-0.0359254273429	-0.0202666258568	-0.0430125252068	-0.0131899781847	-0.00856176948103	-0.00578897611592	0.025099735681	0.035058149768	-0.0381915467022	-0.00555128086694	-0.0199841335878	-0.0513469946896	-0.0362065851935	0.0164267675466	-0.00397318148514	0.0862304891522	0.036795653899
k__Bacteria;p__Bacteroidetes;c__Bacteroidia;o__Bacteroidales;f__Bacteroidaceae;g__Bacteroides;s__Bacteroides_cellulosilyticus	0.051324620178	0.0548809073258	-0.0350467927161	0.00958711690457	-0.0496500477481	0.00434909880588	0.0469511122766	0.0378877997551	-0.0242545225787	0.0201479003241	0.0252827287034	0.0144412882504	1.0	0.0157842562912	-0.0631851327441	-0.0375200763649	0.0182033373003	-0.0424452375946	-0.0196477039149	0.0226850578188	-0.0273300791372	0.0475109512764	-0.0248976628594	0.00022987970697	0.00940087590422	-0.0187283495256	0.0187533844729	0.00974954672819	-0.0227583085293	0.0467792050632	0.00907299557179	-0.0568721497435	-0.030990957392	0.0176164607331	-0.0670876453053	-0.0126861262932	0.0162586152974	-0.0527340000901	-0.0173864373763	0.013920671918	-0.0458785819761	-0.0335927855783	0.00896579601869	-0.00347666226924	0.0186432577244	0.0385713883392	-0.0281906017533	0.00364254323468	-0.0107231894593	0.0166187364031	0.0391018449895	0.0378694979576	-0.0260212839255	0.0203661549297	-0.0427390028456	-0.0792775992768	0.0126754670476	-0.053219353847	0.0399216044061
k__Bacteria;p__Bacteroidetes;c__Bacteroidia;o__Bacteroidales;f__Rikenellaceae;g__Alistipes;s__Alistipes_obesi	0.0442900179834	0.0450790039263	-0.0617437517887	-0.0225887128571	0.0109223808292	-0.0292040043383	-0.0213053656073	0.0365043740321	-0.042583958727	-0.00482428204256	-0.0441156808355	0.00443676492653	0.0157842562912	1.0	0.0146992518632	-0.0337191330655	0.00664082301034	-0.0137363576912	0.00175176027636	-0.0341755298782	0.030810753152	-0.00594696049406	0.00462347062668	-0.036317621247	-0.0609973172493	0.0331134295098	-0.0162238136344	-0.00782683350066	-0.0171946051268	-0.0318710007599	0.00654595036473	0.0203536530396	-0.0132454738308	0.031088083367	0.0134373815559	-0.000743726918641	0.00574172488373	-0.0268946253436	-0.044637895603	0.00421900121546	-0.00795191484025	-0.00331383204711	0.0107122538177	-0.0218514379019	-0.0527952818187	-0.0765219719008	-0.0120756853331	-0.018763295396	-0.0373779317741	0.0226757845931	0.0122773299366	-0.0457793904551	0.0166451009615	0.0740108541032	0.0222864804398	-0.0582219792377	0.00289248212194	-0.00147877829563	-0.023776554223
k__Bacteria;p__Firmicutes;c__Clostridia;o__Clostridiales;f__Lachnospiraceae;g__;s__[Eubacterium]_rectale	0.00925733395572	-0.0215734565274	-0.000177687607338	-0.0649241523545	-0.0679085844735	-0.00814980190282	-0.0208500790565	-0.042718003783	-0.0281377361684	0.00226734043109	-0.00842124991768	-0.0724944588521	-0.0631851327441	0.0146992518632	1.0	-0.0331278140281	-0.0137199374649	-0.0302930566173	-0.0335010572164	0.0429671440588	-0.0269371981619	0.054559898323	-0.0494146775509	0.0259163635913	0.0252532190711	0.0395038737957	0.0319055839355	0.0460215820778	0.0128645186916	-0.0436268570665	-0.0201717615895	-0.0210920193241	-0.000279918766305	-0.0300420936504	-0.00663421217571	0.00469694224178	0.0415902280293	0.0383779443864	-0.0517683358258	-0.0161854653089	0.0477993818183	0.0172670022896	0.0297476028661	-0.058305875131	0.001509651927	0.00921725984672	0.0212765370671	0.00651877055636	0.0102423611993	-0.0284618349965	-0.0228701339509	-0.0269526076519	-0.0334731122507	-0.0132546812619	-0.0313947180248	0.0857252104545	-0.0283002482876	-0.0280639893207	-0.0367431229515
k__Bacteria;p__Bacteroidetes;c__Bacteroidia;o__Bacteroidales;f__Bacteroidaceae;g__Bacteroides;s__Bacteroides_plebeius	-0.0560317827059	0.00205012559405	-0.0113397271643	-0.0461315224014	-0.0664181654194	-0.0321678672337	0.0291376864992	0.0281265410001	-0.0038030869122	-0.0223520307004	0.012670559033	0.010039912166	-0.0375200763649	-0.0337191330655	-0.0331278140281	1.0	-0.00583550361984	0.00367102213283	0.0258336363166	0.024979406546	0.00358265541243	-0.0387732532197	0.00877524734737	0.0599135942851	-0.0413980738673	-0.0311077839109	0.0118113969532	-0.0684830336706	-0.00433214073399	0.0154201169641	0.0204590377643	0.0178008039874	0.0654372569975	0.0185274880336	-0.0481060459179	-0.0510571234016	0.000102945836596	-0.0800186104866	-0.0151509590751	-0.0415863613371	-0.0444676702384	-0.00238320224265	0.027552365156	-0.0180029956787	-0.0171166926308	0.00223062816341	0.0159745673675	0.0336473282996	0.0578742892291	-0.0189470862407	0.0734175117041	-0.0667467371395	-0.0411603419244	0.0482353285535	-0.0029403743124	-0.0121232162662	-0.0349548758686	0.0542865151178	-0.00540721178258
k__Bacteria;p__Bacteroidetes;c__Bacteroidia;o__Bacteroidales;f__Bacteroidaceae;g__Bacteroides;s__Bacteroides_fragilis	0.0385107622236	-0.041981080206	-0.0648007972295	0.0334186530941	-0.0147523714684	0.0415443749455	0.00976943224675	-0.0273198153386	0.0313443118099	0.037210432448	-0.046621520453	-0.0276686255757	0.0182033373003	0.00664082301034	-0.0137199374649	-0.00583550361984	1.0	-0.0242681822343	-0.00507059128801	-0.0246594657578	0.0347546500405	-0.0439471737905	0.0354381826822	-0.0356428387524	-0.0275998614634	0.046052870442	-0.0177553535684	-0.0468785999162	-0.0143918176873	-0.022158361099	-0.0101210570426	-0.0186590384141	0.0280021856143	-0.00363904475887	0.018562581913	0.0221820230634	-0.0133285725988	0.00921627012221	-0.075387240984	0.0137687947339	0.0105289726071	-0.0519929913914	0.00696024724352	0.00457419538283	0.0456712451327	-0.011065516686	-0.0221755633513	-0.0365182703174	0.0134584560152	-0.0597974833092	-0.0337287809729	-0.0254441038046	0.000549616784631	0.00353376990826	-0.0057658550975	-0.0530269838737	0.0193270180935	0.0585684854379	0.0617004258905
k__Bacteria;p__Proteobacteria;c__Betaproteobacteria;o__Burkholderiales;f__Sutterellaceae;g__Sutterella;s__Sutterella_wadsworthensis	0.0116819895933	0.00442009181665	0.0476766571816	0.0476093047978	0.0207830671964	-0.0379586935718	-0.0590354994076	0.0637480234631	-0.0257440858952	0.0726172385358	-0.0563270510987	0.012100461873	-0.0424452375946	-0.0137363576912	-0.0302930566173	0.00367102213283	-0.0242681822343	1.0	-0.0306914553708	0.0848543253035	-0.0147016050119	-0.0510425918491	-0.0317549515768	0.0525996000894	-0.072817942564	-0.00981113971593	-0.0331425107218	0.0337476907152	-0.0414033815835	-0.0207477302932	0.0191127812605	-0.0294094938059	-0.0652916941468	-0.0053749907957	-0.0477109990284	0.00208382023062	0.00836367202485	-0.0123248253556	0.0301809052752	-0.0341205055117	-0.00977330500066	-0.0370843487436	0.00931530860276	-0.0317190134261	-0.00135571719493	0.015924002313	0.0303243704496	-0.0359928903084	0.0532675257958	-0.0111362925142	-0.018417983885	-0.044497967618	0.0160768155732	-0.0398122977322	0.0256014104601	-0.0191821808518	-0.0143082869669	-0.0267064857607	0.00758490598064
k__Bacteria;p__Bacteroidetes;c__Bacteroidia;o__Bacteroidales;f__Porphyromonadaceae;g__Barnesiella;s__Barnesiella_intestinihominis	-0.017161994647	0.0322665356673	-0.0135033481152	-0.0570125449038	0.0323601739801	-0.0131975227756	0.0396202774761	-0.00761418983687	-0.0962036917443	-0.0461703012144	0.00373081481466	-0.0205896324879	-0.0196477039149	0.00175176027636	-0.0335010572164	0.0258336363166	-0.00507059128801	-0.0306914553708	1.0	0.00167356118528	0.0233605535775	-0.00817077909244	0.0536389323848	0.0830846252413	0.0172691604269	0.0529789472672	0.0491289748106	-0.0262784397973	0.0238911246267	-0.0611823124986	-0.0518908207566	-0.00153465137156	-0.0285447868731	-0.021073688659	0.0555335832474	0.00719317233564	-0.00847530084306	-0.0320305292233	-0.0104736353874	0.00452598979565	-0.0350964320402	-0.0685339220866	0.0255923932527	-0.0382092860487	-0.0595124267205	-0.0367049314249	-0.0366438888703	0.0314137209097	0.039686217753	0.00410999257322	0.0509463919175	0.0697114180479	-0.0294311584946	-0.0266432718643	0.00276342460425	-0.0252531279506	-0.0376321664247	0.00158285386453	0.0507473772313
k__Bacteria;p__Bacteroidetes;c__Bacteroidia;o__Bacteroidales;f__Odoribacteraceae;g__Odoribacter;s__Odoribacter_splanchnicus	0.00946239047325	0.0185354499226	-0.00198539371887	0.00674228349022	0.0481052269964	-0.0167398181621	-0.0399256782797	0.0120258654162	0.0512704973381	0.0138188198589	0.00915913765669	-0.0230682185071	0.0226850578188	-0.0341755298782	0.0429671440588	0.024979406546	-0.0246594657578	0.0848543253035	0.00167356118528	1.0	0.00108802241002	-0.0509026801427	0.00344564907186	-0.0558298368472	0.0237678281762	0.00839965702981	0.029833301046	-0.0783016550611	-0.0263870612989	0.00471349401896	-0.0492942090809	-0.0302225199427	-0.00190168502268	0.00746142166655	-0.0361879799246	0.0398365019781	-0.0105901558087	0.0416067554455	0.0036015779961	0.0126961661172	-0.0312613465635	-0.0133905132955	-0.0166703412888	-0.0339075307833	-0.0265229426418	-0.0309845678119	-0.00980226599337	-0.0430470974361	0.0138216035279	0.0469781513485	-0.0221694824317	-0.00973490780815	-0.0372281028567	0.0334446244486	-0.0249007069344	-0.0586561668357	-0.0179209582613	0.0843580976584	-0.0107411505606
k__Bacteria;p__Bacteroidetes;c__Bacteroidia;o__Bacteroidales;f__Bacteroidaceae;g__Bacteroides;s__Bacteroides_salyersiae	0.0179911569696	-0.0441718655082	-0.00257763714077	-0.0398561167705	-0.0712677429457	0.0220038817388	0.0144839143523	0.00318517973109	-0.010716966622	0.00153681533525	-0.0454775694027	-0.045251049461	-0.0273300791372	0.030810753152	-0.0269371981619	0.00358265541243	0.0347546500405	-0.0147016050119	0.0233605535775	0.00108802241002	1.0	-0.00732064213398	-0.025911615307	-0.00222662923045	0.00678366659968	-0.0371047390881	0.018179028642	0.0265056097438	0.00434004316886	-0.0171936849164	0.0454128671352	-0.0492402140103	-0.00290572503913	0.0204647376153	0.0137856906941	0.0197249693688	0.00740417753242	-0.000199722784219	0.0357564956983	-0.0366462578109	0.0267231492983	-0.0107989656463	0.0174779872924	0.00255613690836	-0.0182074744594	-0.0208638007073	0.042155916775	0.00458336000808	-0.0202683259417	-0.0257674347541	-0.0286958790505	-0.00339188132802	-0.0448883335269	0.0004739176171	0.0169352165598	-0.0227284281795	0.00410991437281	-0.039854116677	-0.0472158299235
k__Bacteria;p__Firmicutes;c__Clostridia;o__Clostridiales;f__Ruminococcaceae;g__Ruminiclostridium;s__[Eubacterium]_siraeum	-0.00531683706012	-0.000184581291722	-0.00730500345813	-0.0115064530741	-0.103387462086	0.0149232210401	0.00960476554841	-0.0278540643364	0.0712322198942	-0.0474361692926	0.00980545641734	-0.0400255344796	0.0475109512764	-0.00594696049406	0.054559898323	-0.0387732532197	-0.0439471737905	-0.0510425918491	-0.00817077909244	-0.0509026801427	-0.00732064213398	1.0	-0.0425745702637	0.0135291765933	-0.036561385888	-0.0636395918061	-0.0104263086974	0.0302032192766	-0.0256831148571	-0.00637789250712	-0.0474251672476	-0.0184865530996	-0.0112932072133	0.0535979694737	-0.0603242402934	0.0445180975227	-0.0288360172658	-0.00808735007734	-0.0247716924709	0.0694659634286	-0.0142989312125	0.0031184052977	-0.0736246466902	0.0638626219156	0.0102773202605	0.0155259170527	-0.00584821303289	-0.0229874548688	0.00424173265675	-0.00855082379204	-0.0614286774984	0.0124368552734	0.0506527364131	0.00810231257302	-0.0176839162321	0.0103816478922	-0.0139512286478	-0.00997769946505	0.0264580223483
k__Bacteria;p__Proteobacteria;c__Betaproteobacteria;o__Burkholderiales;f__Sutterellaceae;g__Parasutterella;s__Parasutterella_excrementihominis	-0.0269063406565	-0.0237658612895	0.0440356760717	0.0311803314378	0.00230749671522	0.0451363489453	-0.00655656581253	-0.044693427832	0.0326837565557	-0.0243721163099	-0.0016275582371	-0.051004918904	-0.0248976628594	0.00462347062668	-0.0494146775509	0.00877524734737	0.0354381826822	-0.0317549515768	0.0536389323848	0.00344564907186	-0.025911615307	-0.0425745702637	1.0	0.003866482734	-0.03006142127	-0.0142674716063	-0.0336390363103	-0.0325534594721	-0.0285017465281	-0.0405156762648	0.0138995496752	0.0158188892217	-0.0213021716735	0.0034936298851	0.00126940869765	0.0166825381061	-0.0315271665212	-0.0374934240311	-0.0035004732068	0.0574859118766	-0.022277608422	0.0276854057178	-0.0227670987773	0.00072805938436	-0.0485358677221	0.00891746643637	-0.0347591211673	0.0289710471898	0.0031617341259	-0.0753000056065	-0.0176891793498	-0.00473323665394	0.046065866396	0.0273834652474	0.0486251283221	-0.0234871396869	0.0244482696524	0.0385034888761	-0.0237119690503
k__Bacteria;p__Actinobacteria;c__Actinobacteria;o__Bifidobacteriales;f__Bifidobacteriaceae;g__Bifidobacterium;s__Bifidobacterium_adolescentis	-0.020202620249	-0.0140456682135	-0.0347198112309	-0.0203013176148	-0.0366680308348	-0.030949826776	0.0386275569156	0.00663227031919	-0.0389319183139	-0.0263291802818	0.0413922846774	-0.0725113969872	0.00022987970697	-0.036317621247	0.0259163635913	0.0599135942851	-0.0356428387524	0.0525996000894	0.0830846252413	-0.0558298368472	-0.00222662923045	0.0135291765933	0.003866482734	1.0	-0.00760823254591	0.0346761416048	-0.0145301213112	0.0097620245171	-0.0849121593339	0.0206326922904	-0.00654611559065	0.00631084276953	0.00917009987138	0.000144303505581	0.00628778557592	0.0376409448956	0.0298171694678	-0.0291485283137	-0.0513249655668	-0.0092203372317	-0.037048389941	-0.0561878424371	0.0462514553766	0.0224275822272	-0.00362976175426	0.0431702563049	-0.0109528011986	-0.0184757028399	-0.0274196518004	-0.00570694811559	0.00361927502916	-0.0615523512558	-0.0126804930783	-0.00334738826257	-0.0242787955445	-0.0128887832406	-0.0113812977409	9.30199255496e-07	0.0303042694485
k__Bacteria;p__Firmicutes;c__Clostridia;o__Clostridiales;f__Oscillospiraceae;g__Oscillibacter;s__Oscillibacter_sp._KLE_1745	-0.0501242010087	0.0248827826547	0.000186576577814	0.0323356061082	-0.00243803975759	-0.0265218883815	0.0074421695899	-0.00460712724832	-0.0190956887187	-0.0420799330917	0.0260324196006	0.0273476353188	0.00940087590422	-0.0609973172493	0.0252532190711	-0.0413980738673	-0.0275998614634	-0.072817942564	0.0172691604269	0.0237678281762	0.00678366659968	-0.036561385888	-0.03006142127	-0.00760823254591	1.0	0.00867492831438	0.0269036328334	0.0176425638415	-0.10543856742	0.0087739104998	0.0605415952091	-0.0546934204002	0.018950446851	0.0365063073945	0.0137625804022	0.0615694028455	-0.0301807713092	-0.00414741776099	-0.015784064061	0.0203831469483	-0.0337490750929	-0.0196968996123	-0.00162824055352	-0.0805763953613	0.032488586814	0.00237073321624	-0.00537007246504	0.0104992532851	0.0147251465607	-0.00641443107892	0.0148758358334	-0.0514485320091	0.0229589416839	-0.0700254692875	-0.00424540846703	0.0480774066865	0.0280925135	-0.0655736128278	0.0133015975097
k__Bacteria;p__Bacteroidetes;c__Bacteroidia;o__Bacteroidales;f__Bacteroidaceae;g__Bacteroides;s__Bacteroides_coprophilus	-0.0101192563112	-0.00269394048241	-0.00156528267814	-0.0135458514355	0.0156840204209	0.0708472895557	-0.00622546578665	-0.0058843461115	-0.0445649676773	0.0452699163347	-0.0122466241211	0.035540462588	-0.0187283495256	0.0331134295098	0.0395038737957	-0.0311077839109	0.046052870442	-0.00981113971593	0.0529789472672	0.00839965702981	-0.0371047390881	-0.0636395918061	-0.0142674716063	0.0346761416048	0.00867492831438	1.0	-0.0525264785091	0.00340029733395	-0.0607688246344	-0.0274239919912	-0.0633666053761	-0.00643218700035	-0.00456986912417	-0.0255341711755	0.0583617271775	-0.0126420664	-0.0114406093608	0.0162886348791	-0.0302564313666	0.0142484926729	-0.0147447795088	0.0435312808342	-0.0173121414283	-0.00681699993777	-0.026733231662	0.0296226472057	0.00247443082132	-0.0414755619885	0.0224985067208	0.00994265890626	-0.0353856765263	-0.0512769265601	-0.0171452753546	0.0240643162463	-0.0221797512836	-0.0419464838351	0.0273709680033	-0.00213083623895	-0.0715757853824
k__Bacteria;p__Firmicutes;c__Clostridia;o__Clostridiales;f__Lachnospiraceae;g__Roseburia;s__Roseburia_intestinalis	-0.0308112234034	-0.0263731437141	-0.0161306479422	-0.0624381077228	0.00226530798053	-0.0399441178361	0.0229348473725	-0.00319321839368	0.0283327307495	0.0214844322862	0.000691770607111	-0.0550189850937	0.0187533844729	-0.0162238136344	0.0319055839355	0.0118113969532	-0.0177553535684	-0.0331425107218	0.0491289748106	0.029833301046	0.018179028642	-0.0104263086974	-0.0336390363103	-0.0145301213112	0.0269036328334	-0.0525264785091	1.0	-0.0172712093279	-0.0132513320497	-0.0457458688573	0.0518076433205	0.00843173524563	-0.00529019957588	0.0221102682814	-0.0532552115132	-0.0324177789908	-0.0127745503785	-0.00815873777924	0.00621686516455	0.015550640361	0.0116136516582	0.0210693956318	-0.0542911040085	0.0417195771562	-0.024889431836	0.00156142224433	-0.0492889440972	-0.0302193990522	-0.0205743933835	-0.016369607312	-0.0545855565255	0.00108826288256	-0.0836818251802	-0.020937111183	-0.0974913712585	0.0139093442416	0.0462356032464	0.0547597611169	-0.00936904765843
k__Bacteria;p__Firmicutes;c__Clostridia;o__Clostridiales;f__Lachnospiraceae;g__Roseburia;s__Roseburia_hominis	-0.0303154589271	0.00329529090921	0.0527606885039	-0.00100201269585	-0.0116888823323	-0.0347213419035	-0.0415432246681	0.00614279729266	-0.0539976231743	0.0412212347049	-0.0690281553208	-0.0372269500254	0.00974954672819	-0.00782683350066	0.0460215820778	-0.0684830336706	-0.0468785999162	0.0337476907152	-0.0262784397973	-0.0783016550611	0.0265056097438	0.0302032192766	-0.0325534594721	0.0097620245171	0.0176425638415	0.00340029733395	-0.0172712093279	1.0	-0.0482310059159	-0.0484047353822	-0.022602287987	-0.0543195701937	-0.00362562782938	0.0711524575057	-0.0755077380198	0.0330732661175	0.00695680158538	-0.0157702442429	0.0214896703079	0.0466700387959	-0.0354375188861	-0.0418818964035	0.00949609429873	0.00150601217036	-0.0311208413401	0.0389673932053	-0.0306984328377	-0.0809634629902	0.00227496304578	0.0405160143971	0.0152575534233	-0.0282176240925	-0.0250462476068	0.000751700159595	-0.0623237896472	0.00158444571922	0.0128895820313	-0.00712541660696	0.00411738877404
k__Bacteria;p__Bacteroidetes;c__Bacteroidia;o__Bacteroidales;f__Porphyromonadaceae;g__Parabacteroides;s__Parabacteroides_johnsonii	-0.000964545068168	0.00225235696323	-0.0311661298222	0.0166541255326	0.000252123470446	-0.0369688792281	0.0243496608488	-0.0178613974724	0.0167447946775	-0.0135450050029	0.0504052795012	-0.00168087338008	-0.0227583085293	-0.0171946051268	0.0128645186916	-0.00433214073399	-0.0143918176873	-0.0414033815835	0.0238911246267	-0.0263870612989	0.00434004316886	-0.0256831148571	-0.0285017465281	-0.0849121593339	-0.10543856742	-0.0607688246344	-0.0132513320497	-0.0482310059159	1.0	-0.0169296105481	0.00529952886928	0.0193414310884	-0.0068590886683	-0.0140455565441	0.0108568478459	-0.0270860575843	-0.0408422347122	-0.0201085440892	-0.0725842756403	-0.0669472885273	-0.0122175606019	-0.0210661847581	-0.0690308927177	0.037141784941	0.0148706486568	-0.0176195131298	-0.00402769342045	-0.0263806877301	0.00232091574614	0.0341676560113	0.0521868501048	0.0426730427908	-0.0119856651758	-0.0127158267177	-0.0139102022755	0.0126067426799	-0.0338688232812	0.0543859935752	-0.0188880680911
k__Bacteria;p__Actinobacteria;c__Actinobacteria;o__Bifidobacteriales;f__Bifidobacteriaceae;g__Bifidobacterium;s__Bifidobacterium_longum	0.0169357334904	-0.00477515640837	-0.0263080480334	-0.0193509585167	0.0399090786164	0.0055138768442	0.030594702072	0.0452220906954	-0.00736646268968	0.00444855957851	0.0159298248603	0.00123653195842	0.0467792050632	-0.0318710007599	-0.0436268570665	0.0154201169641	-0.022158361099	-0.0207477302932	-0.0611823124986	0.00471349401896	-0.0171936849164	-0.00637789250712	-0.0405156762648	0.0206326922904	0.0087739104998	-0.0274239919912	-0.0457458688573	-0.0484047353822	-0.0169296105481	1.0	-0.0403493253589	0.0241832148302	-0.0103361601692	0.00854371459631	-0.0408583150933	-0.0266921748031	0.0332802025105	0.0255347832281	-0.0297341316089	-0.0111720179501	-0.0463456423407	-0.0147942345834	-0.00708888012906	-0.0780404226115	-0.0122249013529	0.0441454081264	0.02630820009	-0.017766478912	0.0221386183249	0.0293597374931	0.0260739224833	-0.0364150561986	-0.0319961978678	0.0479344946895	-0.0244979011484	-0.029673123742	-0.0311971440201	0.0295988552203	0.0149190333479
