#taxonomy	k__Bacteria;p__Bacteroidetes;c__Bacteroidia;o__Bacteroidales;f__Bacteroidaceae;g__Bacteroides;s__Bacteroides_vulgatus	k__Bacteria;p__Bacteroidetes;c__Bacteroidia;o__Bacteroidales;f__Bacteroidaceae;g__Bacteroides;s__Bacteroides_uniformis	k__Bacteria;p__Bacteroidetes;c__Bacteroidia;o__Bacteroidales;f__Rikenellaceae;g__Alistipes;s__Alistipes_putredinis	k__Bacteria;p__Bacteroidetes;c__Bacteroidia;o__Bacteroidales;f__Prevotellaceae;g__Prevotella;s__Prevotella_copri	k__Bacteria;p__Bacteroidetes;c__Bacteroidia;o__Bacteroidales;f__Bacteroidaceae;g__Bacteroides;s__Bacteroides_stercoris	k__Bacteria;p__Bacteroidetes;c__Bacteroidia;o__Bacteroidales;f__Bacteroidaceae;g__Bacteroides;s__Bacteroides_ovatus	k__Bacteria;p__Bacteroidetes;c__Bacteroidia;o__Bacteroidales;f__Rikenellaceae;g__Alistipes;s__Alistipes_shahii	k__Bacteria;p__Firmicutes;c__Clostridia;o__Clostridiales;f__Ruminococcaceae;g__Faecalibacterium;s__Faecalibacterium_prausnitzii	k__Bacteria;p__Bacteroidetes;c__Bacteroidia;o__Bacteroidales;f__Rikenellaceae;g__Alistipes;s__Alistipes_finegoldii	k__Bacteria;p__Bacteroidetes;c__Bacteroidia;o__Bacteroidales;f__Porphyromonadaceae;g__Parabacteroides;s__Parabacteroides_distasonis	k__Bacteria;p__Bacteroidetes;c__Bacteroidia;o__Bacteroidales;f__Bacteroidaceae;g__Bacteroides;s__Bacteroides_thetaiotaomicron	k__Bacteria;p__Bacteroidetes;c__Bacteroidia;o__Bacteroidales;f__Bacteroidaceae;g__Bacteroides;s__Bacteroides_coprocola	k__Bacteria;p__Bacteroidetes;c__Bacteroidia;o__Bacteroidales;f__Bacteroidaceae;g__Bacteroides;s__Bacteroides_cellulosilyticus	k__Bacteria;p__Bacteroidetes;c__Bacteroidia;o__Bacteroidales;f__Rikenellaceae;g__Alistipes;s__Alistipes_obesi	k__Bacteria;p__Firmicutes;c__Clostridia;o__Clostridiales;f__Lachnospiraceae;g__;s__[Eubacterium]_rectale	k__Bacteria;p__Bacteroidetes;c__Bacteroidia;o__Bacteroidales;f__Bacteroidaceae;g__Bacteroides;s__Bacteroides_plebeius	k__Bacteria;p__Bacteroidetes;c__Bacteroidia;o__Bacteroidales;f__Bacteroidaceae;g__Bacteroides;s__Bacteroides_fragilis	k__Bacteria;p__Proteobacteria;c__Betaproteobacteria;o__Burkholderiales;f__Sutterellaceae;g__Sutterella;s__Sutterella_wadsworthensis	k__Bacteria;p__Bacteroidetes;c__Bacteroidia;o__Bacteroidales;f__Porphyromonadaceae;g__Barnesiella;s__Barnesiella_intestinihominis	k__Bacteria;p__Bacteroidetes;c__Bacteroidia;o__Bacteroidales;f__Odoribacteraceae;g__Odoribacter;s__Odoribacter_splanchnicus	k__Bacteria;p__Bacteroidetes;c__Bacteroidia;o__Bacteroidales;f__Bacteroidaceae;g__Bacteroides;s__Bacteroides_salyersiae	k__Bacteria;p__Firmicutes;c__Clostridia;o__Clostridiales;f__Ruminococcaceae;g__Ruminiclostridium;s__[Eubacterium]_siraeum	k__Bacteria;p__Proteobacteria;c__Betaproteobacteria;o__Burkholderiales;f__Sutterellaceae;g__Parasutterella;s__Parasutterella_excrementihominis	k__Bacteria;p__Actinobacteria;c__Actinobacteria;o__Bifidobacteriales;f__Bifidobacteriaceae;g__Bifidobacterium;s__Bifidobacterium_adolescentis	k__Bacteria;p__Firmicutes;c__Clostridia;o__Clostridiales;f__Oscillospiraceae;g__Oscillibacter;s__Oscillibacter_sp._KLE_1745	k__Bacteria;p__Bacteroidetes;c__Bacteroidia;o__Bacteroidales;f__Bacteroidaceae;g__Bacteroides;s__Bacteroides_coprophilus	k__Bacteria;p__Firmicutes;c__Clostridia;o__Clostridiales;f__Lachnospiraceae;g__Roseburia;s__Roseburia_intestinalis	k__Bacteria;p__Firmicutes;c__Clostridia;o__Clostridiales;f__Lachnospiraceae;g__Roseburia;s__Roseburia_hominis	k__Bacteria;p__Bacteroidetes;c__Bacteroidia;o__Bacteroidales;f__Porphyromonadaceae;g__Parabacteroides;s__Parabacteroides_johnsonii	k__Bacteria;p__Actinobacteria;c__Actinobacteria;o__Bifidobacteriales;f__Bifidobacteriaceae;g__Bifidobacterium;s__Bifidobacterium_longum	k__Bacteria;p__Firmicutes;c__Clostridia;o__Clostridiales;f__;g__Flavonifractor;s__Flavonifractor_plautii	k__Bacteria;p__Firmicutes;c__Clostridia;o__Clostridiales;f__Clostridiaceae;g__Clostridium;s__Clostridium_phoceensis	k__Bacteria;p__Verrucomicrobia;c__Verrucomicrobiae;o__Verrucomicrobiales;f__Akkermansiaceae;g__Akkermansia;s__Akkermansia_muciniphila	k__Bacteria;p__Bacteroidetes;c__Bacteroidia;o__Bacteroidales;f__Prevotellaceae;g__Paraprevotella;s__Paraprevotella_xylaniphila	k__Bacteria;p__Firmicutes;c__Clostridia;o__Clostridiales;f__Ruminococcaceae;g__Ruminococcus;s__Ruminococcus_callidus	k__Bacteria;p__Bacteroidetes;c__Bacteroidia;o__Bacteroidales;f__Rikenellaceae;g__Alistipes;s__Alistipes_senegalensis	k__Bacteria;p__Firmicutes;c__Clostridia;o__Clostridiales;f__Lachnospiraceae;g__Blautia;s__Blautia_sp._KLE_1732	k__Bacteria;p__Bacteroidetes;c__Bacteroidia;o__Bacteroidales;f__Bacteroidaceae;g__Bacteroides;s__Bacteroides_oleiciplenus	k__Bacteria;p__Firmicutes;c__Clostridia;o__Clostridiales;f__Ruminococcaceae;g__Ruminococcus;s__Ruminococcus_bicirculans	k__Bacteria;p__Bacteroidetes;c__Bacteroidia;o__Bacteroidales;f__Bacteroidaceae;g__Bacteroides;s__Bacteroides_fluxus	k__Bacteria;p__Bacteroidetes;c__Bacteroidia;o__Bacteroidales;f__Prevotellaceae;g__Prevotella;s__Prevotella_stercorea	k__Bacteria;p__Firmicutes;c__Clostridia;o__Clostridiales;f__Lachnospiraceae;g__Dorea;s__Dorea_longicatena	k__Bacteria;p__Firmicutes;c__Clostridia;o__Clostridiales;f__Eubacteriaceae;g__Eubacterium;s__[Eubacterium]_eligens	k__Bacteria;p__Firmicutes;c__Clostridia;o__Clostridiales;f__Ruminococcaceae;g__;s__Ruminococcaceae_bacterium_D16	k__Bacteria;p__Firmicutes;c__Clostridia;o__Clostridiales;f__Lachnospiraceae;g__Coprococcus;s__Coprococcus_comes	k__Bacteria;p__Proteobacteria;c__Gammaproteobacteria;o__Enterobacterales;f__Enterobacteriaceae;g__Escherichia;s__Escherichia_coli	k__Bacteria;p__Firmicutes;c__Clostridia;o__Clostridiales;f__Ruminococcaceae;g__Anaerotruncus;s__Anaerotruncus_colihominis	k__Bacteria;p__Firmicutes;c__Clostridia;o__Clostridiales;f__Lachnospiraceae;g__Blautia;s__Blautia_obeum	k__Bacteria;p__Bacteroidetes;c__Bacteroidia;o__Bacteroidales;f__Odoribacteraceae;g__Odoribacter;s__Odoribacter_laneus	k__Bacteria;p__Firmicutes;c__Clostridia;o__Clostridiales;f__Ruminococcaceae;g__Ruminiclostridium;s__[Clostridium]_leptum	k__Bacteria;p__Bacteroidetes;c__Bacteroidia;o__Bacteroidales;f__Porphyromonadaceae;g__Parabacteroides;s__Parabacteroides_goldsteinii	k__Bacteria;p__Firmicutes;c__Clostridia;o__Clostridiales;f__Lachnospiraceae;g__Anaerostipes;s__Anaerostipes_hadrus	k__Bacteria;p__Firmicutes;c__Clostridia;o__Clostridiales;f__Ruminococcaceae;g__Ruminococcus;s__Ruminococcus_lactaris	k__Bacteria;p__Firmicutes;c__Clostridia;o__Clostridiales;f__Clostridiaceae;g__Clostridium;s__Clostridium_sp._L2-50	k__Bacteria;p__Firmicutes;c__Clostridia;o__Clostridiales;f__Clostridiaceae;g__Clostridium;s__Clostridium_sp._M62/1	k__Bacteria;p__Firmicutes;c__Clostridia;o__Clostridiales;f__;g__Intestinimonas;s__Intestinimonas_butyriciproducens	k__Bacteria;p__Actinobacteria;c__Actinobacteria;o__Bifidobacteriales;f__Bifidobacteriaceae;g__Bifidobacterium;s__Bifidobacterium_bifidum	k__Bacteria;p__Firmicutes;c__Negativicutes;o__Veillonellales;f__Veillonellaceae;g__Dialister;s__Dialister_invisus	k__Bacteria;p__Bacteroidetes;c__Bacteroidia;o__Bacteroidales;f__Bacteroidaceae;g__Bacteroides;s__Bacteroides_salanitronis
k__Bacteria;p__Bacteroidetes;c__Bacteroidia;o__Bacteroidales;f__Bacteroidaceae;g__Bacteroides;s__Bacteroides_vulgatus	1.0	0.0443466631486	-0.0579885147979	-0.0181270923755	0.00992943727821	0.0252788506233	0.0426481459466	-0.00981554338185	0.0155362134617	-0.0298994510595	-0.00736281387554	0.0432981280514	-0.0422287897017	-0.0162506999498	0.0274003287137	0.0114905677105	-0.00343382520049	0.021062573231	-0.0235451791982	0.0605416839123	0.005223789676	0.0504208082631	-0.0387656795595	-0.0113170464396	-0.0419775866792	-0.000384722781521	-0.0339962769255	0.0203867096548	-0.0122939458738	-0.00827025666759	-0.0333321053125	0.0458583493537	-0.0347898341683	0.0040305892237	0.00162773384734	0.0306003378217	0.0375454267611	-0.0349625378932	-0.0473701149414	-0.0113552882375	-0.0152264900934	0.011890999306	0.00964091857817	-0.0418596415131	0.0507620581071	-0.0340548786817	-0.0490096210786	-0.0280349979323	-0.0191519065481	-0.0231427685193	0.0047923996741	-0.0244134198827	-0.0224956122457	-0.0174044971731	-0.0182376944256	-0.00366946915665	-0.0538071188287	0.0626628934217	-0.00684324695797
k__Bacteria;p__Bacteroidetes;c__Bacteroidia;o__Bacteroidales;f__Bacteroidaceae;g__Bacteroides;s__Bacteroides_uniformis	0.0443466631486	1.0	0.00988860535084	-0.0410298009663	-0.0232392214993	0.0176827979608	-0.0650436400507	0.00323165113349	-0.00482873607654	0.0431648522983	-0.0380533496871	0.0209357222749	-0.0496416063689	-0.0561932268859	-0.0569613360309	0.0108449704987	0.0340371929616	-0.0333827574053	-0.0355642793931	-0.0417140512284	-0.0254590636794	-0.0214410768806	-0.0246837348004	-0.00473966994512	-0.00678699698534	-0.00487008040416	0.0368420410593	-0.00882647362919	0.0343845563337	0.0153239845204	-0.0156544020109	0.0764557601652	-0.000653991273204	-0.0104299676607	-0.0346268692338	0.0333991289327	0.0239328326363	-0.0137434653607	-0.0301569194204	0.00917567725679	-0.0620357639019	-0.0688757971148	0.00477146087241	0.0553565150088	0.0101577453073	0.0273065735308	0.033616315801	-0.0238181045308	0.00100593661756	-0.0398616831582	-0.00118547941921	-0.0179208155147	-0.014733507177	-0.0525901551505	-0.0396562965126	0.00281267011327	0.0278610043178	0.0189637114051	0.00550260927193
k__Bacteria;p__Bacteroidetes;c__Bacteroidia;o__Bacteroidales;f__Rikenellaceae;g__Alistipes;s__Alistipes_putredinis	-0.0579885147979	0.00988860535084	1.0	0.00551910572404	-0.0164472477872	0.0721502332588	0.0351324898504	-0.0520374407845	-0.038283980335	-0.0318631113318	-0.0727804785036	0.054566515879	-0.0834360181599	-0.0335191261006	0.016018683867	0.0136008683589	-0.0265618576154	0.0342650472041	0.0319570950036	0.0427052641871	-0.0105996822448	-0.00238538165968	0.0240248359109	-0.00618904602531	-0.027517499092	-0.0777078796462	-0.0401186612289	0.00368992053846	-0.0205323195601	0.00744357433668	-0.025720646555	-0.00206080288049	-0.0572971603924	0.0524059758441	-0.0161335987352	0.0210978994783	-0.0427682258082	0.0886717901838	0.0166666966965	0.00263785846865	-0.0562577127601	0.00971539249883	0.000575615557159	0.0162603029616	-0.00243877014461	0.0101684790058	-0.0271098484194	0.0341256566475	0.0529315948621	-0.0354600931871	-0.0298812306771	0.0274242905575	-0.0507881073608	0.00371441926427	-0.0069869583621	0.0232530325333	-0.0565636811332	-0.0673244928563	-0.0107262805471
k__Bacteria;p__Bacteroidetes;c__Bacteroidia;o__Bacteroidales;f__Prevotellaceae;g__Prevotella;s__Prevotella_copri	-0.0181270923755	-0.0410298009663	0.00551910572404	1.0	-0.0451624745276	0.018285235003	0.0442432984053	-0.00410051814777	-0.0855409456487	-0.0274640231592	-0.0118468231894	0.00671064471305	0.035801232285	-0.00290988943467	-0.0081001704132	0.0157584599606	-0.0203784921662	-0.00140833012063	0.0245778802392	0.0282744253877	-0.0117647796721	-0.00284480458007	-0.0206400896614	-0.0264344172479	-0.00312450168532	-0.0155399776353	-0.0532622816501	-0.0102062843206	0.00864075796502	0.00416130766878	-0.0260150958421	-0.00643632862057	-0.0274123286254	-0.0107742635538	-0.0229973906061	-0.0606849810944	-0.0759975335172	0.0126103238401	0.00395584987888	-0.0286886138725	-0.0548521595733	-0.0322931800726	0.0265106210732	0.0396373488607	0.0137788613687	-0.0208090863146	-0.0158717574902	0.0160187118992	0.0395415611068	-0.0410329648888	-0.0315753082365	0.0476426833712	0.0152541905132	-0.00145809476196	-0.00630809826913	-0.0787642856132	-0.0217946209134	-0.0793702893377	-0.021349428519
k__Bacteria;p__Bacteroidetes;c__Bacteroidia;o__Bacteroidales;f__Bacteroidaceae;g__Bacteroides;s__Bacteroides_stercoris	0.00992943727821	-0.0232392214993	-0.0164472477872	-0.0451624745276	1.0	-0.0115076518379	-0.0188350519678	-0.0172512810098	0.0194581378338	-0.0454472733522	0.0282539949485	0.0502321292437	0.0148110253773	0.0442457026269	-0.0334988786476	0.0357781944385	-0.00752383489437	0.059052782506	-0.0377914761562	0.0386457602768	-0.0102525961933	-0.0241362870667	-0.00703121419314	0.0691669017179	0.00879619813132	-0.0200226243893	0.0282930132412	0.00522382307406	-0.011187356218	-0.0239617825801	-0.0587502770095	0.0302032811877	-0.00166156978434	-0.00239566405811	-0.0201216343232	-0.026582443908	-0.0373147791945	-0.0110466472381	-0.0446624199359	0.0334513908491	-0.0847939515728	0.0708585671685	-0.0305579497721	0.0444953987795	0.00280128925938	0.0713370107884	-0.0337945331995	0.0242698779828	0.00847100432255	-0.0134770868232	-0.0354733208641	0.00169250514667	0.091148892102	0.0167808848572	-0.0461785306716	-0.0502535452673	-0.0460691009893	-0.0895808328781	0.039563638844
k__Bacteria;p__Bacteroidetes;c__Bacteroidia;o__Bacteroidales;f__Bacteroidaceae;g__Bacteroides;s__Bacteroides_ovatus	0.0252788506233	0.0176827979609	0.0721502332588	0.018285235003	-0.0115076518379	1.0	-0.00652426875426	-0.066736550436	-0.03522709678	-0.0346721180451	-0.0128346887539	0.018307666236	-0.0207172458239	-0.0192830142573	0.0179886743568	-0.00610291522033	0.00721866541798	0.00480664538416	0.0461266550583	-0.080928976564	-0.0425564972701	0.0256973048148	0.0147522105112	-0.0722884309472	0.036039394743	-0.0116743253515	-0.00535331082282	-0.0331099243476	0.0189205457566	0.0446799492489	0.0302302502898	0.00732977565154	-0.064375460196	0.00258925370601	0.0476840282421	0.0202019208482	-0.0284396884018	0.00118555736941	0.0493621435746	-0.025596251615	-0.0337524346295	0.0180943201992	-0.0431019723797	-0.0164617551036	-0.0414055781083	-0.0474300300018	-0.0037358362586	0.0341782702279	0.0486693568917	0.00322839179316	-0.0355198951149	-0.00934890798926	-0.0178266117087	-0.107366030871	-0.0369346062086	-0.0197815024106	0.000299003854672	-0.0284276886171	0.0247650346919
k__Bacteria;p__Bacteroidetes;c__Bacteroidia;o__Bacteroidales;f__Rikenellaceae;g__Alistipes;s__Alistipes_shahii	0.0426481459466	-0.0650436400507	0.0351324898504	0.0442432984053	-0.0188350519678	-0.00652426875426	1.0	0.030859176954	-0.0186123736288	-0.0298409418944	0.0204610179914	0.0132123486262	-0.032558833085	-0.0205367571448	-0.0771731397456	-0.0600814891824	-0.00357672579999	-0.0054254163071	0.00528365076308	0.0101044263803	-0.0379493677934	-0.0238903636946	0.0313352209677	0.0109857459442	-0.0116140952744	-0.0222914044414	0.0116910331161	-0.00429201198439	0.0876408107313	0.0405814151991	-0.0313643771714	0.0134004629452	0.00311757289274	-0.0616728526658	-0.0477216985131	-0.00410316319302	0.0148433838559	0.021089073794	-0.0208150381752	-0.0237064879741	0.0600709575706	-0.0295258120336	0.0731322126431	-0.0167630512281	-0.0508594847273	-0.0379278968667	0.0287598448223	-0.0970631800707	0.077107284583	0.0165556061098	-0.0610831149621	0.00451971693157	-0.0194301657631	0.0343997528121	-0.0130640637437	-0.053980393301	0.00638072077625	-0.0201153497524	0.0446547359183
k__Bacteria;p__Firmicutes;c__Clostridia;o__Clostridiales;f__Ruminococcaceae;g__Faecalibacterium;s__Faecalibacterium_prausnitzii	-0.00981554338185	0.00323165113349	-0.0520374407845	-0.00410051814777	-0.0172512810098	-0.066736550436	0.030859176954	1.0	0.00774893587671	0.0820861502251	-0.0210962137147	-0.0274015037457	0.00852590790497	0.0327480852708	-0.0795260255597	0.0113212648262	-0.0286348590071	0.0163018657489	-0.00487989987858	7.61052594617e-05	-0.0462624020155	-0.0176438622828	-0.00999128363918	-0.0119997755726	0.0318763545151	0.0112619521091	0.00722507196996	-0.0204909170736	0.000639952912672	0.00486480911586	0.0101740658023	0.0151958345597	-0.018658105317	-0.0102864786918	-0.0519362986707	0.0187827376902	0.037739481688	0.0192968770466	-0.023691916689	-0.0488230323767	-0.0104212849345	-0.0260795103057	-0.00508412383237	-0.00123128158467	-0.00705244381522	-0.0501863107617	-0.0472076706403	0.0133944918303	-0.0248047857477	-0.0469014786396	0.0405374314663	0.0020069201878	0.000672045481974	-0.0570894706321	0.0220820627971	0.0125390896004	-0.0162749545969	-0.0302598887531	-0.0174684233007
k__Bacteria;p__Bacteroidetes;c__Bacteroidia;o__Bacteroidales;f__Rikenellaceae;g__Alistipes;s__Alistipes_finegoldii	0.0155362134617	-0.00482873607654	-0.038283980335	-0.0855409456487	0.0194581378338	-0.03522709678	-0.0186123736288	0.00774893587671	1.0	0.0233464269814	0.0619962294351	-0.000744698172015	-0.000901142244812	-0.0125963378042	0.0144396163489	0.0398947258607	-0.0514888308488	-0.0108386373931	0.027110311519	-0.042582158568	-0.0362237285018	-0.0126064408741	0.0283872708321	-0.00957776862187	-0.0543738697619	0.0149449781738	-0.0678796660113	-0.0459627380573	0.0252206109208	-0.0132534432196	-0.0718434487434	-0.0177061221777	0.0354509685209	0.0048200459794	0.00898101900278	-0.0216313798534	-0.0156303675157	0.0254908480217	-0.0172902983699	-0.0111417352749	-0.0239311515537	-0.00132795310879	-0.0131276910946	0.0584056730554	-0.0208885507681	-0.0392702147941	-0.0412690072862	0.00206358143464	-0.00132306236063	0.00846664208966	-0.0115173734511	-0.0232127098488	-0.0186322900266	-0.0517142026616	0.00343224788474	-0.0051133011543	0.0260549934973	0.0212801886471	0.0798946166433
k__Bacteria;p__Bacteroidetes;c__Bacteroidia;o__Bacteroidales;f__Porphyromonadaceae;g__Parabacteroides;s__Parabacteroides_distasonis	-0.0298994510595	0.0431648522983	-0.0318631113318	-0.0274640231592	-0.0454472733522	-0.0346721180451	-0.0298409418944	0.0820861502251	0.0233464269814	1.0	-0.0320694218912	-0.0201164316828	0.0332974858043	-0.0557724955963	0.0114426152415	0.0261528346197	-0.0517431156438	0.00917044803412	0.0346239095097	-0.0748038212416	0.00405352877074	-0.0236928456511	0.0310555088479	0.00231808938267	0.0164583368005	-0.0570979711227	0.0350507711024	0.0402002394872	-0.0216587717723	0.0230657760567	-0.0345987231772	-0.0310099259522	-0.0256723095797	-0.0451547324207	0.00837848826681	0.016112122059	-0.0193519824595	-0.0307508689227	-0.0530097165403	-0.0520200075784	-0.0675545911617	-0.0557616388431	-0.0353059242256	-0.0396508654616	0.0152519041613	0.0339939527642	-0.00179626929357	0.0517683085983	-0.0189750527188	-0.0164518745678	0.0298792808267	0.00675401334812	-0.0364339412877	0.0004944107258	0.00171165852291	0.0107235798349	0.00834335134514	0.0284186153259	-0.0203509457049
k__Bacteria;p__Bacteroidetes;c__Bacteroidia;o__Bacteroidales;f__Bacteroidaceae;g__Bacteroides;s__Bacteroides_thetaiotaomicron	-0.00736281387554	-0.0380533496871	-0.0727804785036	-0.0118468231894	0.0282539949485	-0.0128346887539	0.0204610179914	-0.0210962137147	0.0619962294351	-0.0320694218912	1.0	0.00922201332778	-0.0540445710865	0.0253680677306	0.0281037674795	-0.0536162788049	-0.0552093094091	0.00568078081417	-0.0999946800253	-0.0685268854103	-0.0168102477897	-0.0110632060801	-0.0264470792323	0.0204752094328	-0.0214504732165	-0.0345104817584	0.0161750454234	-0.0358976211377	-0.014614819272	0.0134192864808	0.0288599270202	0.00788784964457	0.0236392473032	0.0129066490736	0.0456049611112	0.0438343380642	0.0384192585599	-0.0489869991658	0.0548862012604	0.0435312521939	-0.0286259317333	0.0589207754641	-0.00196401844371	-0.0388336288401	0.0108607416443	-0.018302656057	-0.0600095548691	-0.0314307461865	-0.0555254595098	0.0426598821196	0.0513842906915	-0.0250802495407	0.00797101241696	-0.0866869364493	0.0454597183033	-0.0325543951068	-0.000195620051357	-0.0136520010368	-0.0268546842451
k__Bacteria;p__Bacteroidetes;c__Bacteroidia;o__Bacteroidales;f__Bacteroidaceae;g__Bacteroides;s__Bacteroides_coprocola	0.0432981280514	0.0209357222749	0.054566515879	0.00671064471305	0.0502321292437	0.018307666236	0.0132123486262	-0.0274015037457	-0.000744698172015	-0.0201164316828	0.00922201332778	1.0	0.00106570799549	-0.0172055033146	-0.0334728495239	0.0185173138183	-0.0629136687246	-0.0704286827626	0.0345273602584	-0.02377721018	-0.0221927088058	-0.0376393968312	-0.00186929518394	-0.0304594024069	0.0335211499347	0.0342115660803	-0.0535400333473	0.0195827657501	-0.0451127938592	-0.0391028173284	-0.00550394425509	-0.0121031086607	-0.0803095422397	-0.00837724980886	0.0299566937987	-0.0140961152741	0.00556279015352	0.0341175988163	-0.0202026035474	-0.0198466144646	0.0185321428306	0.00665302771282	-0.0364995561093	0.0372094212526	0.0523760455128	-0.0119419408167	-0.0396288182303	-0.071118717477	0.0215671856974	-0.0314045576217	-0.0439166045268	0.0198075418209	-0.0104613311142	0.00176255849993	0.0121051768107	0.0854080884286	0.0347838967849	0.021574611888	-0.092116075842
k__Bacteria;p__Bacteroidetes;c__Bacteroidia;o__Bacteroidales;f__Bacteroidaceae;g__Bacteroides;s__Bacteroides_cellulosilyticus	-0.0422287897017	-0.0496416063689	-0.0834360181599	0.035801232285	0.0148110253773	-0.0207172458239	-0.032558833085	0.00852590790497	-0.000901142244812	0.0332974858043	-0.0540445710865	0.00106570799549	1.0	-0.0306583172775	-0.0303932961448	0.00909037421369	-0.0303464732384	-0.0143310962721	0.000397575002336	0.0264468758355	-0.0459296848155	-0.0532352573175	-0.00557883623216	-0.0452500779619	0.0723849335725	0.0119881084685	-0.0514017743608	0.0336158074717	-0.0152809997085	-0.0156075396277	0.0580121934934	-0.0855112564287	-0.00148391169235	0.0125667715891	-0.066271618691	0.00719810932113	-0.0114378115787	0.021732130164	0.0101314475834	0.0768348367938	0.0298124225986	-0.0164529782014	0.0137092620892	0.0111116618438	0.0353202859879	-0.0474832154035	0.000303824697723	-0.0322884847444	-0.0415197213352	0.0443849795403	-0.00167110398667	-0.0148637245039	0.00735678685015	0.0242655838745	-0.0103128794148	0.0052627271204	-0.0344599690698	0.0140902694364	-0.00864399050864
k__Bacteria;p__Bacteroidetes;c__Bacteroidia;o__Bacteroidales;f__Rikenellaceae;g__Alistipes;s__Alistipes_obesi	-0.0162506999498	-0.0561932268859	-0.0335191261006	-0.00290988943467	0.0442457026269	-0.0192830142573	-0.0205367571448	0.0327480852708	-0.0125963378042	-0.0557724955963	0.0253680677306	-0.0172055033146	-0.0306583172775	1.0	-0.00198958154842	-0.0335665555927	0.0339660180081	0.00902481592377	-0.0767331568113	0.0127235467922	0.0281488627471	0.0314281896214	-0.00590033068089	-0.0290984764748	-0.0266863582028	0.0105684403057	-0.00468399348302	-0.0203866684186	-0.00379207628616	-0.0189833200079	0.036256245903	-0.0142595230829	0.0269022862176	0.0101901695265	0.00880802366995	-0.00729987734405	-0.0472836236091	-0.0370608756108	-0.0377148843561	-0.0397276664982	0.0057547293084	-0.000130915527284	0.0589288746555	-0.000760977725597	-0.00380808317023	-0.0180622323488	-0.0769471904635	-0.0404957630276	-0.0622749878321	0.0239226680926	-0.00192595643993	-0.0557676868422	-0.0216702157667	-0.0378784430114	0.0318869268784	0.0551723538234	-0.01247452904	0.0459477651055	-0.0628377300184
k__Bacteria;p__Firmicutes;c__Clostridia;o__Clostridiales;f__Lachnospiraceae;g__;s__[Eubacterium]_rectale	0.0274003287137	-0.0569613360309	0.016018683867	-0.0081001704132	-0.0334988786476	0.0179886743568	-0.0771731397456	-0.0795260255597	0.0144396163489	0.0114426152415	0.0281037674795	-0.0334728495239	-0.0303932961448	-0.00198958154842	1.0	0.0394013263913	-0.0465348606264	0.0383963159663	0.00299296264893	-0.002017607177	-0.00543237505787	0.00364155156218	0.00847384446565	-0.0573616600963	0.013703139404	0.0112238929228	-0.0375526248343	0.0030691642937	-0.0351648905955	0.0430131907548	0.0338445837069	-0.0510682405255	-0.0400165652321	-0.0392996711949	-0.087531216784	0.0101453953045	0.022943268328	-0.0148698286124	-0.0184987914087	-0.0379679593263	-0.015929887763	0.0108103028157	-0.0125098139482	-0.0532032076102	-0.0197240034674	0.0564233162015	-0.0420433393567	-0.00819665522469	-0.0216189092961	-0.025164028548	-0.00177176712249	-0.023489849185	0.0387614505389	0.0335094297058	0.0312457054493	0.0151791600313	-0.0646882241389	0.0352577001933	-0.1258364929
k__Bacteria;p__Bacteroidetes;c__Bacteroidia;o__Bacteroidales;f__Bacteroidaceae;g__Bacteroides;s__Bacteroides_plebeius	0.0114905677105	0.0108449704987	0.0136008683589	0.0157584599606	0.0357781944385	-0.00610291522033	-0.0600814891824	0.0113212648262	0.0398947258607	0.0261528346197	-0.0536162788049	0.0185173138183	0.00909037421369	-0.0335665555927	0.0394013263913	1.0	0.0258387635806	-0.0174132762034	0.00633741041412	-0.024731615849	-0.00834498135649	-0.0637177136209	-0.02741919569	-0.0638072084231	0.0122357345902	-0.0303073321031	0.0045574925457	-0.0250899387403	0.00523158201556	-0.0158595297604	-0.0277650224764	-0.0416296637151	-0.0428927840087	-0.0331665919926	-0.00994883896007	0.0436557528146	0.0288347154962	-0.0630848938552	-0.0201250754761	-0.0184197427515	0.0539826485216	0.00468337254406	-0.0253032362162	-0.0875752343996	-0.0348350206133	-0.0753211593477	-0.00349946824147	0.0282115550223	-0.00502941829515	0.0108344877431	-0.00411744737926	0.0152018204118	-0.00773690483212	-0.0329131329582	0.00141598981554	0.0123955961805	-0.023069452989	-0.00832305623629	-0.0051591999685
k__Bacteria;p__Bacteroidetes;c__Bacteroidia;o__Bacteroidales;f__Bacteroidaceae;g__Bacteroides;s__Bacteroides_fragilis	-0.00343382520049	0.0340371929616	-0.0265618576154	-0.0203784921662	-0.00752383489437	0.00721866541798	-0.00357672579999	-0.0286348590071	-0.0514888308488	-0.0517431156438	-0.0552093094091	-0.0629136687246	-0.0303464732384	0.0339660180081	-0.0465348606264	0.0258387635806	1.0	0.0353156805295	0.0149599409159	-0.0928944202007	-0.0074681173995	-0.0583603810906	0.0271590636759	0.047748962723	-0.0132410022193	-0.0537017776247	0.0310507732189	-0.018891534125	0.0170320349738	-0.0292328390534	-0.0384121539771	-0.00115471673452	0.00849355284957	-0.00528236622441	-0.0074890238023	0.016722104433	0.00321122609885	-0.000584365685458	0.00831784048426	-0.0051762006708	-0.00114053169386	-0.000658029088308	-0.0238083747538	0.0180141250756	-0.0659004801364	0.00402364408796	-0.0121487115728	-0.00296835889454	0.00154404373537	-0.0132540003122	-0.0566890451386	-0.0092058355136	0.0400277958558	0.060875287841	-0.0675085694326	-0.00604541882667	0.0178697831286	0.00503065034895	0.0176239747092
k__Bacteria;p__Proteobacteria;c__Betaproteobacteria;o__Burkholderiales;f__Sutterellaceae;g__Sutterella;s__Sutterella_wadsworthensis	0.021062573231	-0.0333827574053	0.0342650472041	-0.00140833012063	0.059052782506	0.00480664538416	-0.0054254163071	0.0163018657489	-0.0108386373931	0.00917044803412	0.00568078081417	-0.0704286827626	-0.0143310962721	0.00902481592377	0.0383963159663	-0.0174132762034	0.0353156805295	1.0	-0.00750651186775	0.0307502660003	0.0208810153589	-0.0133673464157	-0.0143890290027	0.00116482018805	0.0262396188529	0.0408074055712	-0.0508959690802	0.0453475671644	-0.013791077762	-0.0502296791627	0.0427876741583	-0.0583190410247	-0.103944478745	-0.0254609544839	-0.0180172169009	-0.0151553993398	0.0476042057353	-0.0671193071914	0.00675920654659	-0.0223435765867	0.041568438433	-0.0271859154988	-0.0631821048238	-0.0376485940708	0.0144640436779	-0.0416243127823	0.0263224994034	0.0159453140731	0.0196193916764	-0.062044994349	0.0225997432105	-0.0130935401679	-0.0298769931566	0.0131297211874	-0.0133325195834	0.0508828436592	-0.0207766571086	0.062365489602	-0.0789916400982
k__Bacteria;p__Bacteroidetes;c__Bacteroidia;o__Bacteroidales;f__Porphyromonadaceae;g__Barnesiella;s__Barnesiella_intestinihominis	-0.0235451791982	-0.0355642793931	0.0319570950036	0.0245778802392	-0.0377914761562	0.0461266550583	0.00528365076308	-0.00487989987858	0.027110311519	0.0346239095097	-0.0999946800253	0.0345273602584	0.000397575002335	-0.0767331568113	0.00299296264893	0.00633741041412	0.0149599409159	-0.00750651186775	1.0	-0.0488540390164	0.0196425249234	-0.0073830918533	0.0055914802105	-0.0151289551933	0.0422593567742	0.000792529389511	-0.0686552632526	0.0460171843176	-0.0575655568156	0.00704766885113	-0.0085746973213	-0.0276198290587	0.0184810721345	-0.00473533093409	0.021391604759	0.0227220005897	-0.0361281328507	0.0196020566171	-0.0529646902136	0.0164014156215	0.0286074076114	-0.0313152399097	-0.0105639929842	-0.00170915436835	-0.033711349579	0.025768168649	-0.0422423920849	-0.0654917176322	-0.0315391990387	-0.0248667939966	-0.0311890388244	-0.0163966399133	-0.0490159240456	0.00712904785494	0.0170096349498	-0.00766625545433	-0.0227117905971	-0.0645666418626	0.0236773222507
k__Bacteria;p__Bacteroidetes;c__Bacteroidia;o__Bacteroidales;f__Odoribacteraceae;g__Odoribacter;s__Odoribacter_splanchnicus	0.0605416839123	-0.0417140512284	0.0427052641871	0.0282744253877	0.0386457602768	-0.080928976564	0.0101044263803	7.61052594617e-05	-0.042582158568	-0.0748038212416	-0.0685268854103	-0.02377721018	0.0264468758355	0.0127235467922	-0.002017607177	-0.024731615849	-0.0928944202007	0.0307502660003	-0.0488540390164	1.0	0.0642233648682	-0.0379193996282	-0.0653509365061	-0.00652915240877	0.00291473345409	-0.0170034929185	-0.0556617276015	0.00486919078445	-0.0100764600644	-0.0547472524431	-0.00520836498202	0.0551447774242	-0.0358966036352	-0.0634852376849	-0.068396233838	0.0198889908462	-0.0516281055296	0.0124062807539	-0.0275375151306	0.030945744328	0.0554605955914	0.0367255583379	0.0608275213408	0.0254567500156	-0.0315855435627	0.00934624965186	-0.027056606581	0.0419104862279	0.00694323747958	-0.0129448396477	-0.0909750692539	0.0168068139039	-0.028226509445	0.0130022767639	-0.01382366047	0.0654708382541	-0.0357351135623	-0.0612376723748	0.00761971561108
k__Bacteria;p__Bacteroidetes;c__Bacteroidia;o__Bacteroidales;f__Bacteroidaceae;g__Bacteroides;s__Bacteroides_salyersiae	0.005223789676	-0.0254590636794	-0.0105996822448	-0.0117647796721	-0.0102525961933	-0.0425564972701	-0.0379493677934	-0.0462624020155	-0.0362237285018	0.00405352877074	-0.0168102477897	-0.0221927088058	-0.0459296848155	0.0281488627471	-0.00543237505787	-0.00834498135649	-0.0074681173995	0.0208810153589	0.0196425249234	0.0642233648682	1.0	0.00806388801866	0.00301646036273	-0.0618629976394	0.0133463305635	-0.00458745506689	0.018041296291	-0.0349196711493	0.0279303426477	-0.0299942577082	-0.0677254816934	0.0157675053205	-0.0537125652952	-0.00393403658412	0.0334821873452	-0.0044150157448	-0.0312845989039	-0.0166327287946	-0.0374414691269	0.00756141005431	-0.0107698057176	-0.0179323091546	0.0362299780001	0.00673676666076	-0.0358057697348	-0.0267381201922	0.0166188830629	-0.056088878547	-0.00540917507901	-0.000553510802385	0.0082336203557	-0.0128663861183	-0.0431416007256	-0.0367276617475	-0.0148296467851	0.0524446988879	0.0111602953098	0.0779034453772	0.0237832189541
k__Bacteria;p__Firmicutes;c__Clostridia;o__Clostridiales;f__Ruminococcaceae;g__Ruminiclostridium;s__[Eubacterium]_siraeum	0.0504208082631	-0.0214410768806	-0.00238538165968	-0.00284480458007	-0.0241362870667	0.0256973048148	-0.0238903636946	-0.0176438622828	-0.0126064408741	-0.0236928456511	-0.0110632060801	-0.0376393968312	-0.0532352573175	0.0314281896214	0.00364155156218	-0.0637177136209	-0.0583603810906	-0.0133673464157	-0.0073830918533	-0.0379193996282	0.00806388801866	1.0	0.0440150071858	0.0291227073269	-0.0328032982652	0.00904116247966	-0.0381979436131	-0.0375294678899	-0.0239483680312	0.0232679651537	0.0641150613111	0.0195380195795	-0.0143908084936	0.0416814764496	-0.0220044418978	0.0113223278251	0.014664275363	-0.0326533420493	-0.046539583945	-0.0371168011902	-0.0302988735689	-0.0785835063903	0.0126960658398	-0.040562393882	-0.00820017649557	-0.000328853372417	-0.0409689670185	0.00392011162139	0.0362348409686	-0.0180005376292	-0.0212721252064	0.036404648734	-0.0336103302102	0.00660712207487	0.0381641082427	-0.0517153572445	0.00896491491937	-0.00051754970981	0.0134800029419
k__Bacteria;p__Proteobacteria;c__Betaproteobacteria;o__Burkholderiales;f__Sutterellaceae;g__Parasutterella;s__Parasutterella_excrementihominis	-0.0387656795595	-0.0246837348004	0.0240248359109	-0.0206400896614	-0.00703121419314	0.0147522105112	0.0313352209677	-0.00999128363918	0.0283872708321	0.0310555088479	-0.0264470792323	-0.00186929518394	-0.00557883623216	-0.00590033068089	0.00847384446565	-0.02741919569	0.0271590636759	-0.0143890290027	0.0055914802105	-0.0653509365061	0.00301646036273	0.0440150071858	1.0	0.0635829324411	-0.0181572871532	0.00132079086648	-0.00183281727313	-0.0281962446655	-0.0105090326358	0.0330541758438	0.00295890965434	0.000389925536808	0.0126808754335	-0.0216177255479	-0.0228935176187	0.00268256217775	0.0413541744645	-0.0177643729161	-0.0388777679197	0.00834051005754	-0.00557029159921	0.0205763779548	0.053664622642	0.010554830242	0.00512886843744	0.0332011922349	-0.0279445177569	-0.0492266752955	-0.00256211871464	0.0548084659036	-0.0451305945886	0.0672300536385	0.0534424898897	-0.00204544869247	-0.00952022808863	-0.0397609377774	-0.0115583539927	0.00476985152688	0.0243375192667
k__Bacteria;p__Actinobacteria;c__Actinobacteria;o__Bifidobacteriales;f__Bifidobacteriaceae;g__Bifidobacterium;s__Bifidobacterium_adolescentis	-0.0113170464396	-0.00473966994512	-0.00618904602531	-0.0264344172479	0.0691669017179	-0.0722884309472	0.0109857459442	-0.0119997755726	-0.00957776862187	0.00231808938267	0.0204752094328	-0.0304594024069	-0.0452500779619	-0.0290984764748	-0.0573616600963	-0.0638072084231	0.047748962723	0.00116482018805	-0.0151289551933	-0.00652915240877	-0.0618629976394	0.0291227073269	0.0635829324411	1.0	-0.0611576579577	0.0375768812219	-0.0149775591703	-0.0263083903519	-0.0322535000189	0.0127490638576	-0.0487199298076	-0.0680046664161	-0.0337358850502	-0.0457423130466	-0.0165792317362	0.0280705829875	-0.021282556995	-0.025906904135	0.0632997342625	-0.0144041260175	-0.0103228716657	-0.0337340756632	-0.0322587468245	-0.0233393907009	0.0654556961618	-0.0014480204512	-0.000913211330979	-0.0315583261306	0.00298066785092	-0.0392338428309	-0.00278581711338	0.0102952069964	0.0428564003305	0.011375317395	0.01967350473	-0.0493261087185	-0.0214994561195	0.000430926034334	0.0140934041809
k__Bacteria;p__Firmicutes;c__Clostridia;o__Clostridiales;f__Oscillospiraceae;g__Oscillibacter;s__Oscillibacter_sp._KLE_1745	-0.0419775866792	-0.00678699698534	-0.027517499092	-0.00312450168532	0.00879619813132	0.036039394743	-0.0116140952744	0.0318763545151	-0.0543738697619	0.0164583368005	-0.0214504732165	0.0335211499347	0.0723849335725	-0.0266863582028	0.013703139404	0.0122357345902	-0.0132410022193	0.0262396188529	0.0422593567742	0.00291473345409	0.0133463305635	-0.0328032982652	-0.0181572871532	-0.0611576579577	1.0	-0.073826336821	-0.0313956331499	0.0334616791536	-0.0053816348807	-0.0476655843498	0.0273722132086	0.0348444837134	0.0265862331378	-0.00775805492796	-0.037697802544	-0.00480819890841	-0.0688537666636	-0.0900577710251	0.00147316478017	-0.000682883498682	0.0894208044629	0.0306773804061	0.0119437448524	0.0469103438159	0.0229147263592	-0.0592929825886	0.0257936897571	0.00621772646936	-0.051866195352	0.00953778462993	-0.00884797421009	0.0271282871429	-0.0277288827768	0.0424454092679	0.0127406729895	-0.0175038760048	-0.00529515844708	-0.0442440481687	-0.0668660546441
k__Bacteria;p__Bacteroidetes;c__Bacteroidia;o__Bacteroidales;f__Bacteroidaceae;g__Bacteroides;s__Bacteroides_coprophilus	-0.000384722781521	-0.00487008040416	-0.0777078796462	-0.0155399776353	-0.0200226243893	-0.0116743253515	-0.0222914044414	0.0112619521091	0.0149449781738	-0.0570979711227	-0.0345104817584	0.0342115660803	0.0119881084685	0.0105684403057	0.0112238929228	-0.0303073321031	-0.0537017776247	0.0408074055712	0.000792529389511	-0.0170034929185	-0.00458745506689	0.00904116247966	0.00132079086648	0.0375768812219	-0.073826336821	1.0	0.033333326561	-0.0869936500229	-0.0446503759763	-0.0239386842145	0.0330885169555	-0.00491823900559	-0.0152527137565	0.00481568468555	0.0147296982201	-0.0517373132154	0.0192819084534	0.0109720292194	-0.00144918558831	0.00804572612395	0.0491240821468	-0.0105704161094	-0.00455324931719	0.0295579783754	0.075026586173	-0.0102336581537	-0.00203782870081	-0.00455466038986	-0.057514877458	0.0330552389466	-0.0219854708151	0.00799917800933	0.00574845316278	0.0622444854694	0.0123397456354	0.00733988815807	-0.0498749825629	-0.0658740117436	0.0182960921258
k__Bacteria;p__Firmicutes;c__Clostridia;o__Clostridiales;f__Lachnospiraceae;g__Roseburia;s__Roseburia_intestinalis	-0.0339962769255	0.0368420410593	-0.0401186612289	-0.0532622816501	0.0282930132412	-0.00535331082282	0.0116910331161	0.00722507196996	-0.0678796660113	0.0350507711024	0.0161750454234	-0.0535400333473	-0.0514017743608	-0.00468399348302	-0.0375526248343	0.0045574925457	0.0310507732189	-0.0508959690802	-0.0686552632526	-0.0556617276015	0.018041296291	-0.0381979436131	-0.00183281727313	-0.0149775591703	-0.0313956331499	0.033333326561	1.0	-0.00764099608398	0.0402510083232	0.0431699424024	-0.0800863741746	0.0397581442813	-0.023778840733	-0.0166714002107	-0.0188224529219	-0.0357131957337	-0.0148081628112	0.0284294808754	0.0342481035842	-0.0238273857283	-0.0428700999978	0.0323649130127	0.029692192002	0.0160744881112	0.00414429565976	-0.122281307995	0.0177332584182	0.00314949002357	-0.00258533117212	0.0234321902719	-0.00555257115859	0.0448009681937	0.0576736835661	0.0533131503969	-0.0570395094354	0.0222475626924	0.0104018150765	-0.0137846614975	-0.0191913646286
k__Bacteria;p__Firmicutes;c__Clostridia;o__Clostridiales;f__Lachnospiraceae;g__Roseburia;s__Roseburia_hominis	0.0203867096548	-0.00882647362919	0.00368992053846	-0.0102062843206	0.00522382307406	-0.0331099243476	-0.00429201198439	-0.0204909170736	-0.0459627380573	0.0402002394872	-0.0358976211377	0.0195827657501	0.0336158074717	-0.0203866684186	0.0030691642937	-0.0250899387403	-0.018891534125	0.0453475671644	0.0460171843176	0.00486919078445	-0.0349196711493	-0.0375294678899	-0.0281962446655	-0.0263083903519	0.0334616791536	-0.0869936500229	-0.00764099608398	1.0	0.0031729832347	0.0047703874391	0.0209453732277	0.0530777820802	-0.00357430036128	0.0136000776558	-0.0574796062279	0.0301761014633	-0.0603634674067	-0.0209964358415	-0.0544757976395	0.0236344891473	-0.00110322841005	-0.00228895407547	-0.0426151517075	-0.0182390234392	-0.0135353519488	0.0301556238403	-0.0250295320499	-0.0555120558137	-0.0354316789754	0.00728741089826	0.0547086014822	-0.0437760788302	0.023444810134	-0.0171269647575	0.039020943816	0.00676408278476	-0.00851342013354	0.00111034809892	-0.0178201525678
k__Bacteria;p__Bacteroidetes;c__Bacteroidia;o__Bacteroidales;f__Porphyromonadaceae;g__Parabacteroides;s__Parabacteroides_johnsonii	-0.0122939458738	0.0343845563337	-0.0205323195601	0.00864075796502	-0.011187356218	0.0189205457566	0.0876408107313	0.000639952912672	0.0252206109208	-0.0216587717723	-0.014614819272	-0.0451127938592	-0.0152809997085	-0.00379207628616	-0.0351648905955	0.00523158201556	0.0170320349738	-0.013791077762	-0.0575655568156	-0.0100764600644	0.0279303426477	-0.0239483680312	-0.0105090326358	-0.0322535000189	-0.0053816348807	-0.0446503759763	0.0402510083232	0.0031729832347	1.0	0.0058662406677	-0.0100024853902	-0.00932948314767	0.017149707684	0.0304126452463	-0.0193719377085	0.0240545022342	-0.045949637591	-0.0152800340775	-0.00491086204149	-0.0188042696912	0.0180245391592	-0.0630544853339	-0.00335375519871	0.00977931842399	-0.0935268159107	-0.0434740431059	-0.0305042309985	0.00522043508567	-0.00876787696426	-0.0483229519795	-0.0231301490935	-0.0544215533869	0.0709270859387	0.0177968981877	-0.0322979955911	0.0439687512124	-0.0396497915211	0.0111048846294	-0.0170510297465
k__Bacteria;p__Actinobacteria;c__Actinobacteria;o__Bifidobacteriales;f__Bifidobacteriaceae;g__Bifidobacterium;s__Bifidobacterium_longum	-0.00827025666759	0.0153239845204	0.00744357433668	0.00416130766878	-0.0239617825801	0.0446799492489	0.0405814151991	0.00486480911586	-0.0132534432196	0.0230657760567	0.0134192864808	-0.0391028173284	-0.0156075396277	-0.0189833200079	0.0430131907548	-0.0158595297604	-0.0292328390534	-0.0502296791627	0.00704766885113	-0.0547472524431	-0.0299942577082	0.0232679651537	0.0330541758438	0.0127490638576	-0.0476655843498	-0.0239386842145	0.0431699424024	0.0047703874391	0.0058662406677	1.0	-0.00702264183968	-0.0632096795539	-0.0350877269088	0.000989268848077	-0.0338930203022	-0.0437131993911	-0.0529388052305	-0.00738190907926	0.0301389248041	-0.0227169783066	0.0144759341896	-0.0320651903639	-0.0341956393321	0.0626347537541	-0.0722617224931	0.0735438012334	0.0373834715369	0.00901280833649	0.0082834997436	-0.0469013353309	0.00378024578838	-0.0544503222523	-0.0148723445234	-0.012560080958	0.0221180420271	-0.0387614945311	-0.055083915885	-0.0497272831124	-0.00982564351548
