#taxonomy	k__Bacteria;p__Bacteroidetes;c__Bacteroidia;o__Bacteroidales;f__Bacteroidaceae;g__Bacteroides;s__Bacteroides_vulgatus	k__Bacteria;p__Bacteroidetes;c__Bacteroidia;o__Bacteroidales;f__Bacteroidaceae;g__Bacteroides;s__Bacteroides_uniformis	k__Bacteria;p__Bacteroidetes;c__Bacteroidia;o__Bacteroidales;f__Rikenellaceae;g__Alistipes;s__Alistipes_putredinis	k__Bacteria;p__Bacteroidetes;c__Bacteroidia;o__Bacteroidales;f__Prevotellaceae;g__Prevotella;s__Prevotella_copri	k__Bacteria;p__Bacteroidetes;c__Bacteroidia;o__Bacteroidales;f__Bacteroidaceae;g__Bacteroides;s__Bacteroides_stercoris	k__Bacteria;p__Bacteroidetes;c__Bacteroidia;o__Bacteroidales;f__Bacteroidaceae;g__Bacteroides;s__Bacteroides_ovatus	k__Bacteria;p__Bacteroidetes;c__Bacteroidia;o__Bacteroidales;f__Rikenellaceae;g__Alistipes;s__Alistipes_shahii	k__Bacteria;p__Firmicutes;c__Clostridia;o__Clostridiales;f__Ruminococcaceae;g__Faecalibacterium;s__Faecalibacterium_prausnitzii	k__Bacteria;p__Bacteroidetes;c__Bacteroidia;o__Bacteroidales;f__Rikenellaceae;g__Alistipes;s__Alistipes_finegoldii	k__Bacteria;p__Bacteroidetes;c__Bacteroidia;o__Bacteroidales;f__Porphyromonadaceae;g__Parabacteroides;s__Parabacteroides_distasonis	k__Bacteria;p__Bacteroidetes;c__Bacteroidia;o__Bacteroidales;f__Bacteroidaceae;g__Bacteroides;s__Bacteroides_thetaiotaomicron	k__Bacteria;p__Bacteroidetes;c__Bacteroidia;o__Bacteroidales;f__Bacteroidaceae;g__Bacteroides;s__Bacteroides_coprocola	k__Bacteria;p__Bacteroidetes;c__Bacteroidia;o__Bacteroidales;f__Bacteroidaceae;g__Bacteroides;s__Bacteroides_cellulosilyticus	k__Bacteria;p__Bacteroidetes;c__Bacteroidia;o__Bacteroidales;f__Rikenellaceae;g__Alistipes;s__Alistipes_obesi	k__Bacteria;p__Firmicutes;c__Clostridia;o__Clostridiales;f__Lachnospiraceae;g__;s__[Eubacterium]_rectale	k__Bacteria;p__Bacteroidetes;c__Bacteroidia;o__Bacteroidales;f__Bacteroidaceae;g__Bacteroides;s__Bacteroides_plebeius	k__Bacteria;p__Bacteroidetes;c__Bacteroidia;o__Bacteroidales;f__Bacteroidaceae;g__Bacteroides;s__Bacteroides_fragilis	k__Bacteria;p__Proteobacteria;c__Betaproteobacteria;o__Burkholderiales;f__Sutterellaceae;g__Sutterella;s__Sutterella_wadsworthensis	k__Bacteria;p__Bacteroidetes;c__Bacteroidia;o__Bacteroidales;f__Porphyromonadaceae;g__Barnesiella;s__Barnesiella_intestinihominis	k__Bacteria;p__Bacteroidetes;c__Bacteroidia;o__Bacteroidales;f__Odoribacteraceae;g__Odoribacter;s__Odoribacter_splanchnicus	k__Bacteria;p__Bacteroidetes;c__Bacteroidia;o__Bacteroidales;f__Bacteroidaceae;g__Bacteroides;s__Bacteroides_salyersiae	k__Bacteria;p__Firmicutes;c__Clostridia;o__Clostridiales;f__Ruminococcaceae;g__Ruminiclostridium;s__[Eubacterium]_siraeum	k__Bacteria;p__Proteobacteria;c__Betaproteobacteria;o__Burkholderiales;f__Sutterellaceae;g__Parasutterella;s__Parasutterella_excrementihominis	k__Bacteria;p__Actinobacteria;c__Actinobacteria;o__Bifidobacteriales;f__Bifidobacteriaceae;g__Bifidobacterium;s__Bifidobacterium_adolescentis	k__Bacteria;p__Firmicutes;c__Clostridia;o__Clostridiales;f__Oscillospiraceae;g__Oscillibacter;s__Oscillibacter_sp._KLE_1745	k__Bacteria;p__Bacteroidetes;c__Bacteroidia;o__Bacteroidales;f__Bacteroidaceae;g__Bacteroides;s__Bacteroides_coprophilus	k__Bacteria;p__Firmicutes;c__Clostridia;o__Clostridiales;f__Lachnospiraceae;g__Roseburia;s__Roseburia_intestinalis	k__Bacteria;p__Firmicutes;c__Clostridia;o__Clostridiales;f__Lachnospiraceae;g__Roseburia;s__Roseburia_hominis	k__Bacteria;p__Bacteroidetes;c__Bacteroidia;o__Bacteroidales;f__Porphyromonadaceae;g__Parabacteroides;s__Parabacteroides_johnsonii	k__Bacteria;p__Actinobacteria;c__Actinobacteria;o__Bifidobacteriales;f__Bifidobacteriaceae;g__Bifidobacterium;s__Bifidobacterium_longum	k__Bacteria;p__Firmicutes;c__Clostridia;o__Clostridiales;f__;g__Flavonifractor;s__Flavonifractor_plautii	k__Bacteria;p__Firmicutes;c__Clostridia;o__Clostridiales;f__Clostridiaceae;g__Clostridium;s__Clostridium_phoceensis	k__Bacteria;p__Verrucomicrobia;c__Verrucomicrobiae;o__Verrucomicrobiales;f__Akkermansiaceae;g__Akkermansia;s__Akkermansia_muciniphila	k__Bacteria;p__Bacteroidetes;c__Bacteroidia;o__Bacteroidales;f__Prevotellaceae;g__Paraprevotella;s__Paraprevotella_xylaniphila	k__Bacteria;p__Firmicutes;c__Clostridia;o__Clostridiales;f__Ruminococcaceae;g__Ruminococcus;s__Ruminococcus_callidus	k__Bacteria;p__Bacteroidetes;c__Bacteroidia;o__Bacteroidales;f__Rikenellaceae;g__Alistipes;s__Alistipes_senegalensis	k__Bacteria;p__Firmicutes;c__Clostridia;o__Clostridiales;f__Lachnospiraceae;g__Blautia;s__Blautia_sp._KLE_1732	k__Bacteria;p__Bacteroidetes;c__Bacteroidia;o__Bacteroidales;f__Bacteroidaceae;g__Bacteroides;s__Bacteroides_oleiciplenus	k__Bacteria;p__Firmicutes;c__Clostridia;o__Clostridiales;f__Ruminococcaceae;g__Ruminococcus;s__Ruminococcus_bicirculans	k__Bacteria;p__Bacteroidetes;c__Bacteroidia;o__Bacteroidales;f__Bacteroidaceae;g__Bacteroides;s__Bacteroides_fluxus	k__Bacteria;p__Bacteroidetes;c__Bacteroidia;o__Bacteroidales;f__Prevotellaceae;g__Prevotella;s__Prevotella_stercorea	k__Bacteria;p__Firmicutes;c__Clostridia;o__Clostridiales;f__Lachnospiraceae;g__Dorea;s__Dorea_longicatena	k__Bacteria;p__Firmicutes;c__Clostridia;o__Clostridiales;f__Eubacteriaceae;g__Eubacterium;s__[Eubacterium]_eligens	k__Bacteria;p__Firmicutes;c__Clostridia;o__Clostridiales;f__Ruminococcaceae;g__;s__Ruminococcaceae_bacterium_D16	k__Bacteria;p__Firmicutes;c__Clostridia;o__Clostridiales;f__Lachnospiraceae;g__Coprococcus;s__Coprococcus_comes	k__Bacteria;p__Proteobacteria;c__Gammaproteobacteria;o__Enterobacterales;f__Enterobacteriaceae;g__Escherichia;s__Escherichia_coli	k__Bacteria;p__Firmicutes;c__Clostridia;o__Clostridiales;f__Ruminococcaceae;g__Anaerotruncus;s__Anaerotruncus_colihominis	k__Bacteria;p__Firmicutes;c__Clostridia;o__Clostridiales;f__Lachnospiraceae;g__Blautia;s__Blautia_obeum	k__Bacteria;p__Bacteroidetes;c__Bacteroidia;o__Bacteroidales;f__Odoribacteraceae;g__Odoribacter;s__Odoribacter_laneus	k__Bacteria;p__Firmicutes;c__Clostridia;o__Clostridiales;f__Ruminococcaceae;g__Ruminiclostridium;s__[Clostridium]_leptum	k__Bacteria;p__Bacteroidetes;c__Bacteroidia;o__Bacteroidales;f__Porphyromonadaceae;g__Parabacteroides;s__Parabacteroides_goldsteinii	k__Bacteria;p__Firmicutes;c__Clostridia;o__Clostridiales;f__Lachnospiraceae;g__Anaerostipes;s__Anaerostipes_hadrus	k__Bacteria;p__Firmicutes;c__Clostridia;o__Clostridiales;f__Ruminococcaceae;g__Ruminococcus;s__Ruminococcus_lactaris	k__Bacteria;p__Firmicutes;c__Clostridia;o__Clostridiales;f__Clostridiaceae;g__Clostridium;s__Clostridium_sp._L2-50	k__Bacteria;p__Firmicutes;c__Clostridia;o__Clostridiales;f__Clostridiaceae;g__Clostridium;s__Clostridium_sp._M62/1	k__Bacteria;p__Firmicutes;c__Clostridia;o__Clostridiales;f__;g__Intestinimonas;s__Intestinimonas_butyriciproducens	k__Bacteria;p__Actinobacteria;c__Actinobacteria;o__Bifidobacteriales;f__Bifidobacteriaceae;g__Bifidobacterium;s__Bifidobacterium_bifidum	k__Bacteria;p__Firmicutes;c__Negativicutes;o__Veillonellales;f__Veillonellaceae;g__Dialister;s__Dialister_invisus	k__Bacteria;p__Bacteroidetes;c__Bacteroidia;o__Bacteroidales;f__Bacteroidaceae;g__Bacteroides;s__Bacteroides_salanitronis
k__Bacteria;p__Bacteroidetes;c__Bacteroidia;o__Bacteroidales;f__Bacteroidaceae;g__Bacteroides;s__Bacteroides_vulgatus	1.0	0.0216519708249	-0.00200433888173	0.0192387406981	-0.0256599711248	-0.0750906375868	-0.0615445058974	0.0109003082341	0.0424572613443	-0.030575366944	-0.0350324252924	-0.00691012615139	-0.0659777994552	-0.026601054567	0.02428187782	0.00671396862314	0.0333900297966	-0.0719767359325	0.0392659939424	-0.00122944663799	0.0507307784677	-0.00440598256584	-0.0129333964347	-0.0569399820532	-0.0186181105445	-0.0253275890036	-0.0663365392393	-0.0278215005703	-0.0103899299157	-0.00101189531036	0.0866472803768	-0.00286453523324	-0.0557087150664	0.028845049673	0.0185569834301	0.0403053591545	0.0358983826502	-0.0357375343382	0.0153333694999	0.0655017392387	-0.0197597147101	0.0136218624865	-0.0625276588203	0.0502712102225	-0.0349828252587	-0.0876554471739	0.0175944598258	0.0402013467223	0.0460206840578	-0.0064289537329	0.0014592555239	0.00704847208574	-0.0416264478263	0.00657538172961	-0.0710072328868	-0.00532913202369	0.022791402591	-0.0746972324656	-0.0114273959476
k__Bacteria;p__Bacteroidetes;c__Bacteroidia;o__Bacteroidales;f__Bacteroidaceae;g__Bacteroides;s__Bacteroides_uniformis	0.0216519708249	1.0	0.0330430626615	0.0157621485035	-0.0210993863229	-0.0312360556177	-0.0182408937077	0.00269467108068	-0.0710364357997	0.0566157004109	-0.00263417532051	-0.0828971065388	-0.0503767066724	0.00358387532187	0.0106729953285	0.00967554718448	0.0392455305152	-0.00485883180551	0.0145252224451	-0.015463674401	0.0104877039939	0.0108129556247	0.00342578568752	0.0108949937817	-0.0382275431096	-0.0489982634828	0.0197537308512	-0.0484303699181	0.0505402149029	-0.0373938698914	0.0175651479925	0.0639973486793	-0.0152639458631	0.00436224440641	0.00223537224312	-0.0225038296681	-0.0196746248455	-0.0214386939607	-0.0518693801084	0.0387989920007	0.0384760987463	-0.0197837097803	-0.0074961525064	0.0122562380148	0.014334813858	0.00598886004113	0.0394975530663	-0.0199755001941	-0.0530093947528	-0.0237191651036	-0.0085843106506	0.0363839616195	-0.0809555149025	0.021202091964	0.00151656513904	0.0593575867548	-0.0350056713811	-0.027317931748	-0.108675807611
k__Bacteria;p__Bacteroidetes;c__Bacteroidia;o__Bacteroidales;f__Rikenellaceae;g__Alistipes;s__Alistipes_putredinis	-0.00200433888173	0.0330430626615	1.0	0.0151930459295	-0.00495705381551	0.00867619214175	-0.0348470484895	0.00525164895157	0.00906910469386	0.057711195041	-0.0382340711772	0.0268123146828	-0.00597845577409	0.0211439729648	-0.0940196908353	-0.0522888981838	-0.00842751500103	-0.00473664774624	-0.0326937605128	-0.0171094421755	0.00595312152738	0.0266319384339	-0.0117389142995	0.0282821369773	-0.000779499392548	0.0456411161368	-0.00277099788218	-0.00235821914926	-0.0475637334608	-0.0598172707493	0.0260101649177	-0.000836838187052	0.0153183908282	0.0576775123639	0.018260239427	0.00201200582047	-0.0745624328278	-0.0645963441743	-0.0332078948713	0.0338692280183	0.0286718016416	-0.0373910252055	-0.0281861633423	0.00994180583708	-0.0606804587806	0.0298486701155	0.0104455777404	0.0285679919502	0.0415844197287	-0.0415066091358	-0.0668524963873	-0.0492842243412	-0.00639443684323	-0.014138307179	-0.0485902111313	0.0102193884725	-0.0146679510246	0.0290436780426	0.0174724364537
k__Bacteria;p__Bacteroidetes;c__Bacteroidia;o__Bacteroidales;f__Prevotellaceae;g__Prevotella;s__Prevotella_copri	0.0192387406981	0.0157621485035	0.0151930459295	1.0	0.0302890294546	-0.0740250023295	-0.0166610863834	-0.0321523607851	-0.0213608811452	-0.014782725126	-0.0135353745474	0.0307387628574	0.0106682320478	0.0326619074046	-0.0286031708102	0.0253389739872	0.039284674711	-0.02561053204	0.00930354073895	0.0202176484985	-0.00852570039931	-0.00454209993116	0.0137508478956	-0.0585570878295	0.0236374127654	-0.0725866382572	-0.0373233300854	-0.00319804676156	0.0194535800797	-0.00461996620218	0.000535317163558	-0.00126662963798	0.0276455972993	0.0623218585005	-0.0324591410032	-0.0413123195995	-0.0279914537956	0.00235492832618	-0.0239139102739	0.0199745963413	0.00604600765475	0.0398868452179	-0.041316552511	0.0211054956429	-0.0383792005503	-0.0339787542301	-0.0490471576908	0.0133614410236	-0.0468102835215	-0.00498674537592	-0.0442240765752	-0.0130923381828	-0.0395283136288	-0.131274439176	-0.0269457600089	-0.0298210697562	-0.0136103808362	0.0164951170888	-0.0123280546438
k__Bacteria;p__Bacteroidetes;c__Bacteroidia;o__Bacteroidales;f__Bacteroidaceae;g__Bacteroides;s__Bacteroides_stercoris	-0.0256599711248	-0.0210993863229	-0.00495705381551	0.0302890294546	1.0	-0.0070002089708	-0.00349088737232	0.0390902999543	0.00634168955219	0.0563219305204	0.0272466671521	-0.0400955473357	-0.0374005673711	-0.0108610896698	0.00987878531907	-0.00205964968158	-0.0409070720412	0.0207700866181	-0.123971432214	-0.012127894344	0.0557229830042	-0.0419103299406	0.00331718801159	0.0161451545935	-0.0449896640848	0.0177605746373	0.00529086876575	0.00585337838813	-0.0118042249372	0.0467865515252	-0.0500253167444	0.00766049982121	-0.0547359238507	0.0121573168211	0.0342119073057	-0.00693681771633	-0.0683816267325	0.00662074635947	0.016170563734	-0.0379787653715	0.0393833504729	-0.00731708157744	0.0389934097914	0.0578494728184	0.0493506102792	-0.0191312901675	0.0340623416272	-0.0284400048132	0.0141557866405	-0.0607727010369	0.00199627058095	-0.0334063405176	0.0319447972077	0.000324497740576	0.00156242281608	-0.0340768507325	-0.0575491783464	-0.0253096554483	0.00906358205898
k__Bacteria;p__Bacteroidetes;c__Bacteroidia;o__Bacteroidales;f__Bacteroidaceae;g__Bacteroides;s__Bacteroides_ovatus	-0.0750906375868	-0.0312360556177	0.00867619214175	-0.0740250023295	-0.0070002089708	1.0	0.040671101485	0.0146138334072	-0.0483684282118	-0.0288010725987	-0.0523922953866	0.00843990962685	0.0124621427483	-0.0345716603446	0.0463806431908	-0.0672358888808	-0.0419537620955	-0.0469719014627	-0.0227173707473	-0.0032525800933	-0.062674019145	0.00366179525296	-0.00594912622933	-0.0423873373613	0.0436896631858	-0.00594720441446	0.000323073918007	-0.0117037418423	-0.0449764912174	0.0499839899682	-0.0252424247754	-0.00752033363961	-0.00483291439747	-0.0239191125715	0.0259402762284	-0.00913585401826	-0.0128109036483	-0.0092258787061	0.0597817480607	0.0570971032476	0.0679875372067	0.00921931711386	0.000664545323217	-0.0165724196752	-0.0647366016069	-0.0146911694474	-0.00990093584429	0.0415795655702	-0.0414639178265	0.00829198287987	-0.0358640618035	-0.0393455052154	-0.00396900202736	0.0923429280734	-0.0455032654278	-0.0299025858847	-0.0580542170501	0.0139067646445	0.0220694889994
k__Bacteria;p__Bacteroidetes;c__Bacteroidia;o__Bacteroidales;f__Rikenellaceae;g__Alistipes;s__Alistipes_shahii	-0.0615445058974	-0.0182408937077	-0.0348470484895	-0.0166610863834	-0.00349088737232	0.040671101485	1.0	-0.012712680959	-0.0106256277852	-0.0181436331732	0.0363515790232	0.00682260898093	-0.0312764456145	0.0345596891593	-0.0211735110984	-0.00584106235085	-0.0367768428047	-0.0215599799236	-0.0382262089056	0.0434807479918	0.0152323687274	-0.0125924104845	-0.0146023743731	0.0142404270343	0.0559130036561	-0.0374067524136	-0.0346303147002	-0.0205709296562	-0.00521518788761	-0.0114622748485	0.0201749773085	-0.0635499588488	0.0162037529865	0.0252338436005	0.0288009720899	-0.0393280866099	-0.00331752519302	-0.0423832504253	0.0651797910197	0.0329718250845	-0.0131218725483	-0.0530112476104	-0.0233465109884	-0.0174362636861	-0.00175756268237	0.00768081038025	-0.0422832029716	-0.0311178782362	-0.0162935883079	0.0214656177603	-0.0339393684655	-0.0240765425305	0.0486462469098	0.0133499430591	-0.0488197735915	-0.0476574881268	0.0223852398167	-0.0245250599035	-0.00122549078439
k__Bacteria;p__Firmicutes;c__Clostridia;o__Clostridiales;f__Ruminococcaceae;g__Faecalibacterium;s__Faecalibacterium_prausnitzii	0.0109003082341	0.00269467108068	0.00525164895157	-0.0321523607851	0.0390902999543	0.0146138334072	-0.012712680959	1.0	-0.0210030647342	-0.0199616360239	0.0107920161226	-0.0151348217746	-0.0975513731776	-0.0280180215103	-0.010774655465	0.0219339462431	-0.0361829425269	-0.0656732429668	-0.021874498118	0.018832055958	0.0212678842555	-0.000236664236288	0.00266190052296	0.0144027226427	0.00604284254205	-0.0524175949742	0.00606105823522	0.0128586180378	0.00549766517303	0.0377054419536	0.0278597782119	0.0156932595999	-0.0233309190902	-0.00627920332445	-0.0353095105577	0.0550705483667	0.0229990005252	-0.000477898477898	0.0880351406073	-0.0833652869263	0.075411350328	0.00116329419461	-0.0122225851077	-0.00282940658486	-0.0126098258333	-0.0285566070016	0.0359836379699	-0.0637723569018	-0.00168994015189	-0.00442490467214	-0.0690778947914	-0.0399984817501	-0.0254359559901	0.026833985499	-0.0371424997851	-0.0764067580108	-0.00227419245499	-0.052179609734	0.000861828124402
k__Bacteria;p__Bacteroidetes;c__Bacteroidia;o__Bacteroidales;f__Rikenellaceae;g__Alistipes;s__Alistipes_finegoldii	0.0424572613443	-0.0710364357997	0.00906910469386	-0.0213608811452	0.00634168955219	-0.0483684282118	-0.0106256277852	-0.0210030647342	1.0	-0.00677274499437	-0.00720931506266	0.00534018611531	0.0246711921601	0.00716503692251	-0.00604140596066	0.032215088539	-0.0738594504656	-0.0215622330033	0.0143727143468	0.0183069921033	-0.00977330508253	-0.0314280494	0.01503341143	0.0625663127249	-0.0309534844155	-0.0163518510202	0.0263788173538	0.0493709634006	0.0250598208378	-0.0421371935507	0.0474012974487	-0.00886136515699	-0.0264014266741	0.0301062606999	-0.0346748703364	0.0243037198053	0.00188836182297	0.00169973611776	-0.0705505126914	-0.0437218550724	0.0292959334864	-0.0319145912195	0.00410780487313	-0.0300981387766	0.0192071956568	-0.0567583894431	-0.0152311228969	0.0254370346615	-0.0121744165571	-0.0286892303396	-0.0361256056213	0.0372953773867	0.0201392675424	0.0124859408369	0.0384186769746	0.00230776253055	-0.00991698440741	0.0194088302382	-0.0458566787465
k__Bacteria;p__Bacteroidetes;c__Bacteroidia;o__Bacteroidales;f__Porphyromonadaceae;g__Parabacteroides;s__Parabacteroides_distasonis	-0.030575366944	0.0566157004109	0.057711195041	-0.014782725126	0.0563219305204	-0.0288010725987	-0.0181436331732	-0.0199616360239	-0.00677274499437	1.0	0.00661415232215	0.0256056826686	-0.0310628690016	-0.0483081039151	0.00577234145899	0.0126945471377	0.0173423541046	-0.0364515120791	-0.0372048592808	-0.0362103040769	0.0437755463837	0.0411748823068	-0.037821512654	-0.0475306574988	0.000979044809623	0.00600809578171	0.00613005553959	-0.00608606779542	0.0294936408832	0.0382225293727	-0.0163709348609	0.0166868060406	0.0009115474853	-0.0399069981857	0.0171179578233	0.000765238688243	-0.106121123806	0.0370594248415	0.00262727617029	0.0643853147139	-0.0129256658984	0.0182518644792	0.0534580577959	0.0135437539352	-0.0708333831586	-0.0290632792363	-0.0159429966802	-0.0708911135644	-0.0204731969157	-0.0209943217305	-0.0478616122021	0.0169953427601	-0.0512712803142	0.0204007499683	-0.0236889459595	-0.0359212276377	-0.0210937598811	-0.0305139060163	-0.0703104461122
k__Bacteria;p__Bacteroidetes;c__Bacteroidia;o__Bacteroidales;f__Bacteroidaceae;g__Bacteroides;s__Bacteroides_thetaiotaomicron	-0.0350324252924	-0.00263417532051	-0.0382340711772	-0.0135353745474	0.0272466671521	-0.0523922953866	0.0363515790232	0.0107920161226	-0.00720931506266	0.00661415232215	1.0	-0.0207723859459	0.00335279051204	0.0226558914512	0.0209702932565	0.0293270170661	0.0177467150892	-0.00815589188695	0.00817000495507	0.034000646251	0.0395835171215	0.0234029876695	0.00841542668221	-0.0443954146211	-0.0103742149036	0.00793464393095	-0.0764811744229	0.0321941544671	-0.00753124316863	0.00712672462728	0.00552706165101	-0.0399352353206	-0.0282537170636	0.0140355929768	0.00954572109855	0.0241290433275	0.00324544386711	-0.0387922103127	0.00407104421187	-0.00130574702048	0.00174866508453	-0.0411365984417	0.0344959388679	-0.0298858723898	-0.00389027075634	-0.0281971820157	0.0100936697939	-0.0136958958652	-0.00845805048756	0.0342299965575	-0.0359686628274	-0.0108141595883	-0.0488275210856	-0.00338698816434	0.0395433305004	0.0543589356823	0.0885940491839	-0.02889394329	-0.111614371107
k__Bacteria;p__Bacteroidetes;c__Bacteroidia;o__Bacteroidales;f__Bacteroidaceae;g__Bacteroides;s__Bacteroides_coprocola	-0.00691012615139	-0.0828971065388	0.0268123146828	0.0307387628574	-0.0400955473357	0.00843990962685	0.00682260898093	-0.0151348217746	0.00534018611531	0.0256056826686	-0.0207723859459	1.0	-0.0741783487517	0.0128981539734	-0.00357186741142	0.000436442426685	-0.058051846295	0.0180536726313	-0.00188959057716	0.00833075720933	0.0484403508133	0.0125881236101	0.00540163506951	-0.00326215277333	-0.0211262379927	-0.0370473050455	0.0363499414352	-0.0241144421055	-0.0330650197793	-0.0140519354832	-0.0458074570166	-0.0441213013936	0.0098478350358	-0.00643131656767	-0.0066512772639	0.0204577148549	-0.020272298872	-0.0135809853574	-0.00980490070027	-0.0242218204226	0.0180534725304	0.0564063613598	0.00182072402368	-0.0150395693489	-0.0316284096555	-0.040711221723	-0.0140366041722	-0.0107709262906	-0.0369292007515	0.0782482059245	-0.0764262411533	0.0160834967821	0.0164982065551	-0.00143154200163	-0.0242575442166	-0.0279420276888	-0.0287807488232	-0.039812268623	-0.00822240199017
k__Bacteria;p__Bacteroidetes;c__Bacteroidia;o__Bacteroidales;f__Bacteroidaceae;g__Bacteroides;s__Bacteroides_cellulosilyticus	-0.0659777994552	-0.0503767066724	-0.00597845577409	0.0106682320478	-0.0374005673711	0.0124621427483	-0.0312764456145	-0.0975513731776	0.0246711921601	-0.0310628690016	0.00335279051204	-0.0741783487517	1.0	0.00125424077751	0.0621976383867	-0.0807691184498	0.0322092225749	0.0268008993525	0.0223603592994	-0.0963707673701	-0.0468276148801	0.00744351228606	-0.0105917862427	0.025523874471	0.0136178658729	0.0451734542275	-0.0132345180074	0.0168826321259	0.0159725517684	-0.00972308251093	0.00792431611621	-0.0159693814398	-0.00862459358424	0.0491306602974	-0.0212854511923	-0.0351597837566	0.0104151143561	-0.00486389779665	-0.061588189494	-0.047468017871	0.0197199371954	0.00956961885231	-0.0327269915934	0.00107556075159	-0.0196752210188	0.0127198109879	0.0601000834533	0.0313913999165	-0.0201264798978	-0.0580331335989	-0.010131557315	-0.000142865287602	-0.0392754904413	-0.0278088697433	0.0471484935996	0.0139558675766	-0.0171181696894	0.0679811967898	-0.0322081501384
k__Bacteria;p__Bacteroidetes;c__Bacteroidia;o__Bacteroidales;f__Rikenellaceae;g__Alistipes;s__Alistipes_obesi	-0.026601054567	0.00358387532187	0.0211439729648	0.0326619074046	-0.0108610896698	-0.0345716603446	0.0345596891593	-0.0280180215103	0.00716503692251	-0.0483081039151	0.0226558914512	0.0128981539734	0.00125424077751	1.0	0.00572346308578	0.00738667709637	0.0091447574151	-0.0119409577411	0.0240001322805	-0.00604368488946	-0.00124832675741	-0.010507052955	-0.00392327613495	-0.0276677883026	-0.0825199305417	0.021202399488	0.0299104207202	0.00118266496981	0.0154549056324	-0.00274261856532	-0.0242246742242	0.0364887759582	-0.0563049515202	0.0142502263452	-0.0287226968448	0.037828485473	-0.0129136209735	0.0325402502613	0.0220659657787	-0.0328735593669	-0.0271214992288	-0.0138828118956	0.0504941739616	-0.0373831219118	0.0145118578229	0.0168800050187	-0.0473097126462	-0.00664644820284	-0.0100351968607	0.000294269744647	0.00330496153472	-0.00462499600307	0.00350800381148	0.0115376584358	-0.019462214372	-0.0274612069699	-0.0169159985651	0.0371729139226	-0.0493527264349
k__Bacteria;p__Firmicutes;c__Clostridia;o__Clostridiales;f__Lachnospiraceae;g__;s__[Eubacterium]_rectale	0.02428187782	0.0106729953285	-0.0940196908353	-0.0286031708102	0.00987878531907	0.0463806431908	-0.0211735110984	-0.010774655465	-0.00604140596066	0.00577234145899	0.0209702932565	-0.00357186741142	0.0621976383867	0.00572346308578	1.0	-0.0590423273109	0.00606401109398	-0.0526045507058	-0.00935812308137	-0.00522445550746	-0.0326913041166	-0.0269954488355	0.0322994215324	-0.0140101730625	0.00377855633746	0.00392513284477	0.0563813180078	-0.0138402395462	-0.0341645667587	-0.0489524028919	-0.025432212577	-0.0383612957078	0.0484066472274	0.0125412903482	-0.0227986788824	-0.0585453602866	-0.0115764671839	-0.0211702203965	-0.0319501008815	0.0346117846317	0.0010913553486	0.00338372889755	-0.0429214169583	-0.0161382760069	-0.028832682476	0.0236586838072	-0.00478027185065	-0.0103229711671	0.0209255019064	-0.0183938810269	-0.0197396944151	-0.0622973545599	-0.0159753196551	-0.0160398843572	0.0663621713517	-0.0567217207242	0.0311529851907	0.0404154387297	0.0416873379996
k__Bacteria;p__Bacteroidetes;c__Bacteroidia;o__Bacteroidales;f__Bacteroidaceae;g__Bacteroides;s__Bacteroides_plebeius	0.00671396862314	0.00967554718448	-0.0522888981838	0.0253389739872	-0.00205964968158	-0.0672358888808	-0.00584106235085	0.0219339462431	0.032215088539	0.0126945471377	0.0293270170661	0.000436442426685	-0.0807691184498	0.00738667709637	-0.0590423273109	1.0	-0.0537756242272	0.0234461071537	-0.00688332107751	0.0391268667258	0.00571040375823	0.00541501263573	-0.0103548873079	0.0031243973179	-0.063811156887	0.0187351721454	-0.0382817284807	0.0330184223832	-0.00070739826199	0.0114343572673	0.00247759216042	-0.0335042227605	0.00247536374388	-0.0466136236897	-0.00201132379451	-0.0208370847748	-0.0306444570557	-0.000538233361585	-0.074587694825	0.00270837451537	-0.0235266585449	0.00790485826783	-0.00403300051529	-0.00631111777772	0.0665102297433	-0.0257671904334	-0.0520295764255	0.00338507621456	-0.0214785782419	0.0241727543961	-0.0516095546402	0.0246970124611	-0.0224142415537	0.0609391714327	0.0539676184191	0.0037962861533	0.0137710369056	-0.00649882043268	0.0230455007656
k__Bacteria;p__Bacteroidetes;c__Bacteroidia;o__Bacteroidales;f__Bacteroidaceae;g__Bacteroides;s__Bacteroides_fragilis	0.0333900297966	0.0392455305152	-0.00842751500103	0.039284674711	-0.0409070720412	-0.0419537620955	-0.0367768428047	-0.0361829425269	-0.0738594504656	0.0173423541046	0.0177467150892	-0.058051846295	0.0322092225749	0.0091447574151	0.00606401109398	-0.0537756242272	1.0	0.0363563564961	-0.0505217850403	-0.0561343168259	-0.0413610875099	-0.00173336586594	-0.0031559241431	0.0426208413849	-0.0268792470648	-0.0195036845319	0.0398950316683	0.00902957129356	0.0539666886207	-0.00599568127275	0.0110340579839	-0.00871498984247	-0.0163136696228	0.0192799439754	-0.00160540596267	0.0380361714557	-0.024908678967	-0.0362355766679	-0.017692088508	-0.0501466512771	-0.0512470452382	0.0146053981517	-0.0662108449883	-0.00382897474236	0.00810661351025	-0.0340737212131	-0.00444769274731	0.0386111189665	0.0527921625191	0.0187691568427	-0.00879992587515	-0.0168935608762	-0.00827700611966	-0.00186950562973	0.0329649263685	-0.0198020917383	-0.0413794522517	-0.00163603521648	-0.067496457882
k__Bacteria;p__Proteobacteria;c__Betaproteobacteria;o__Burkholderiales;f__Sutterellaceae;g__Sutterella;s__Sutterella_wadsworthensis	-0.0719767359325	-0.00485883180551	-0.00473664774624	-0.02561053204	0.0207700866181	-0.0469719014627	-0.0215599799236	-0.0656732429668	-0.0215622330033	-0.0364515120791	-0.00815589188695	0.0180536726313	0.0268008993525	-0.0119409577411	-0.0526045507058	0.0234461071537	0.0363563564961	1.0	0.0388374826673	-0.0527077457073	-0.00954752705717	0.0610765091823	0.0125355470293	0.0390567185362	0.0272471723278	0.0381327438144	-0.00331891192589	-0.024863789469	0.0573007791998	-0.00385104970221	0.0132857090647	-0.036349500478	-0.0359600134119	-0.0615972710749	-0.0302440599548	0.0160399261663	0.051314589783	-0.0290526280506	0.0225872984102	0.000899650866612	0.0183900437658	0.0554609080933	0.00676482736633	-0.0802252993196	0.0334175887963	0.0149071538363	-0.0193232471063	0.0805264757895	-0.0545341079957	-0.0315447120449	-0.0601107133835	-0.0041856416777	0.0290873398872	-0.0327669956136	0.0177405167316	0.0224387484248	-0.0231935058997	-0.0117591530932	-0.0201142434617
k__Bacteria;p__Bacteroidetes;c__Bacteroidia;o__Bacteroidales;f__Porphyromonadaceae;g__Barnesiella;s__Barnesiella_intestinihominis	0.0392659939424	0.0145252224451	-0.0326937605128	0.00930354073895	-0.123971432214	-0.0227173707473	-0.0382262089056	-0.021874498118	0.0143727143468	-0.0372048592808	0.00817000495507	-0.00188959057716	0.0223603592994	0.0240001322805	-0.00935812308137	-0.00688332107751	-0.0505217850403	0.0388374826673	1.0	-0.0449914726027	-0.041903722451	0.0187723639467	-0.0263517276923	0.0315232707277	0.091523989286	-0.00486754843472	0.0064506520407	-0.0281621316218	-0.0119308952414	-0.0482490398919	0.0161692803676	-0.0269876118546	0.00470041567994	0.011565700498	0.01863875832	-0.0733781169657	-0.0516353837763	0.0781603847725	-0.0321286877969	0.025639630689	-0.017524952846	0.00571406083362	0.00531669839732	0.0405083412955	0.0209258495109	0.0221789887278	0.0166764072189	0.041014351618	-0.0231264991118	-0.0187981298908	-0.0712753758177	0.0269381815339	-0.0165869539073	0.0374439350944	-0.0123185519632	-0.071855116546	-0.00226034506508	0.0525532467543	0.0464830618435
k__Bacteria;p__Bacteroidetes;c__Bacteroidia;o__Bacteroidales;f__Odoribacteraceae;g__Odoribacter;s__Odoribacter_splanchnicus	-0.00122944663799	-0.015463674401	-0.0171094421755	0.0202176484985	-0.012127894344	-0.0032525800933	0.0434807479918	0.018832055958	0.0183069921033	-0.0362103040769	0.034000646251	0.00833075720933	-0.0963707673701	-0.00604368488946	-0.00522445550746	0.0391268667258	-0.0561343168259	-0.0527077457073	-0.0449914726027	1.0	-0.0170200833268	-0.00498944705529	0.0243849635222	-0.0669661204338	-0.0319833068589	0.0130833063265	0.0363392460335	0.00665046232304	-0.0204302286175	-0.0359574891524	-0.0466960240477	-0.0835533143104	0.0159323491515	0.0462419510639	0.00170893368938	0.00602869147045	-0.00382329437465	0.0250847708478	0.0524554775131	-0.004824158905	0.0285446495544	0.0275229259785	-0.00306889526165	0.0181267020754	-0.0278621345433	-0.0865759160816	-0.00437407712774	-0.0618124402458	0.0251920012871	0.0164535871017	0.0356373182931	0.0383087081461	0.0231791740265	0.0310607150107	-0.0205925291478	0.0313732714871	0.00834158267928	-0.0267166021193	6.70334026139e-05
k__Bacteria;p__Bacteroidetes;c__Bacteroidia;o__Bacteroidales;f__Bacteroidaceae;g__Bacteroides;s__Bacteroides_salyersiae	0.0507307784677	0.0104877039939	0.00595312152738	-0.00852570039931	0.0557229830042	-0.062674019145	0.0152323687274	0.0212678842555	-0.00977330508253	0.0437755463837	0.0395835171215	0.0484403508133	-0.0468276148801	-0.00124832675741	-0.0326913041166	0.00571040375823	-0.0413610875099	-0.00954752705717	-0.041903722451	-0.0170200833268	1.0	-0.0707941610038	-0.0322918154249	0.0147807545875	0.0164964814772	-0.0168284076377	-0.0559614635131	0.00203312089153	0.0482755178443	-0.0341265612711	0.00966257974238	0.0248483625741	0.00929074694804	0.059845657307	-0.0304336386701	-0.0269070251545	-0.0029025230498	0.0315166471843	-0.0398687507991	-0.00196208948837	-0.00725765563665	-0.0170586478413	-0.00985055255072	-0.0242309467515	0.0106578901494	-0.0178007033493	-0.00332464363072	-0.0314836470573	0.0555404179889	-0.0368476838356	-0.0754043943144	-0.0249126360491	0.0102997573689	-0.0125995846422	0.0291324174556	-0.0133015054081	0.0224795516244	0.00538023913852	-0.0159088242235
k__Bacteria;p__Firmicutes;c__Clostridia;o__Clostridiales;f__Ruminococcaceae;g__Ruminiclostridium;s__[Eubacterium]_siraeum	-0.00440598256584	0.0108129556247	0.0266319384339	-0.00454209993116	-0.0419103299406	0.00366179525296	-0.0125924104845	-0.000236664236288	-0.0314280494	0.0411748823068	0.0234029876695	0.0125881236101	0.00744351228606	-0.010507052955	-0.0269954488355	0.00541501263573	-0.00173336586594	0.0610765091823	0.0187723639467	-0.00498944705529	-0.0707941610038	1.0	-0.0187674642581	-0.0437460474845	-0.0552901070204	-0.0238538663897	-0.00199062368017	0.00632465008569	-0.076665456224	0.0242148705937	0.0311748363049	-0.0167364759127	-0.0839032365754	-0.000987383134931	-0.0147436134832	-0.0668669456146	-0.0634544631315	0.0148649862407	-0.0392344766825	0.0430901568997	0.0546354073666	0.00413347438778	-0.0698293516867	0.00957713080563	-0.0326569791345	-0.0354761661199	-0.0680175947542	-0.0424753327692	0.0286465981913	0.052351779288	0.0180285664101	-0.0118691236672	-0.0285288956154	-0.0485835495387	-0.0609393595	0.0109737596956	-0.00684068586443	-0.0296814903222	-0.0112720306301
k__Bacteria;p__Proteobacteria;c__Betaproteobacteria;o__Burkholderiales;f__Sutterellaceae;g__Parasutterella;s__Parasutterella_excrementihominis	-0.0129333964347	0.00342578568752	-0.0117389142995	0.0137508478956	0.00331718801159	-0.00594912622933	-0.0146023743731	0.00266190052296	0.01503341143	-0.037821512654	0.00841542668221	0.00540163506951	-0.0105917862427	-0.00392327613495	0.0322994215324	-0.0103548873079	-0.0031559241431	0.0125355470293	-0.0263517276923	0.0243849635222	-0.0322918154249	-0.0187674642581	1.0	0.0112086336204	-0.00179723911503	-0.02767433705	0.0265104549328	-0.0086325440033	-0.0286046185146	0.0375237561014	-0.0203481317796	-0.02804774535	0.00191099131053	0.0149886949365	0.0685653677388	0.0153155382772	0.0347394908787	-0.0237948220614	-0.0653796910657	-0.0344273867666	0.0194540340951	-0.0249386787808	-0.0396113732908	-0.0153635206533	0.00244547332824	-0.0258986645985	0.00559941478086	-0.0156245951203	-0.0531694103437	-0.0373197942069	0.0558573740033	0.00564218119234	0.058545554501	-0.0637688853092	-0.0521592523923	-0.00234112204193	-0.00550977592177	-0.0629183745271	0.0393470257145
k__Bacteria;p__Actinobacteria;c__Actinobacteria;o__Bifidobacteriales;f__Bifidobacteriaceae;g__Bifidobacterium;s__Bifidobacterium_adolescentis	-0.0569399820532	0.0108949937817	0.0282821369773	-0.0585570878295	0.0161451545935	-0.0423873373613	0.0142404270343	0.0144027226427	0.0625663127249	-0.0475306574988	-0.0443954146211	-0.00326215277333	0.025523874471	-0.0276677883026	-0.0140101730625	0.0031243973179	0.0426208413849	0.0390567185362	0.0315232707277	-0.0669661204338	0.0147807545875	-0.0437460474845	0.0112086336204	1.0	-0.0174318504939	-0.0346067560007	-0.0059352896496	0.0285581563654	-0.0208085872977	0.026656405602	-0.00986795252357	-0.0155926870015	0.00431890623693	-0.0568278901781	0.0213093092159	0.0299690558181	-0.00719653216001	0.0258156299717	-0.0429595975045	0.0150010832361	0.018378023371	-0.0258432423854	0.0111126406439	-0.0575466157216	0.00573528376314	-0.0249921581339	-0.0082710300308	-0.0442309033248	-0.0037439931488	0.00638119628796	0.0697837533615	0.00167811789327	0.0212667837412	-0.012858807817	-0.0075413500913	0.040377315248	-0.00663842262679	0.00855063989981	0.0205913719738
k__Bacteria;p__Firmicutes;c__Clostridia;o__Clostridiales;f__Oscillospiraceae;g__Oscillibacter;s__Oscillibacter_sp._KLE_1745	-0.0186181105445	-0.0382275431096	-0.000779499392548	0.0236374127654	-0.0449896640848	0.0436896631858	0.0559130036561	0.00604284254205	-0.0309534844155	0.000979044809623	-0.0103742149036	-0.0211262379927	0.0136178658729	-0.0825199305417	0.00377855633746	-0.063811156887	-0.0268792470648	0.0272471723278	0.091523989286	-0.0319833068589	0.0164964814772	-0.0552901070204	-0.00179723911503	-0.0174318504939	1.0	-0.0202988114038	0.0214867429536	-0.00517223336937	0.0203262993406	-0.0157066693556	-0.0435248052572	-0.0291939237109	0.00178129198787	-0.0295656354683	0.0174627657937	-0.010507755797	0.0813979527484	0.00222401833379	-0.0598729994765	-0.010566374854	-0.00990494665181	-0.0170830580797	0.0361793773652	0.0135078583353	-0.0109389474904	-0.034074661238	0.00862915584869	-0.0315736430606	0.0202775149344	0.0280374060928	0.00419642595981	-0.0174345809819	0.0501478307665	-0.0589202255234	0.0567605291179	0.0199415776594	-0.0783450880631	0.0237867692637	0.0382410486813
k__Bacteria;p__Bacteroidetes;c__Bacteroidia;o__Bacteroidales;f__Bacteroidaceae;g__Bacteroides;s__Bacteroides_coprophilus	-0.0253275890036	-0.0489982634828	0.0456411161368	-0.0725866382572	0.0177605746373	-0.00594720441446	-0.0374067524136	-0.0524175949742	-0.0163518510202	0.00600809578171	0.00793464393095	-0.0370473050455	0.0451734542275	0.021202399488	0.00392513284477	0.0187351721454	-0.0195036845319	0.0381327438144	-0.00486754843472	0.0130833063265	-0.0168284076377	-0.0238538663897	-0.02767433705	-0.0346067560007	-0.0202988114038	1.0	-0.0410448901837	-0.00565644177624	0.0603103122367	-0.0549083297935	-0.0589472764313	-0.00418887567718	-0.00104061686978	0.0400593862256	-0.0227156687405	0.0115367097763	0.00436624755124	-0.0253782061152	-0.0331039929475	-0.0665641000396	0.0322913129714	-0.0481736531995	-0.0183631766162	0.0261321934302	0.0182616490764	-0.0221826424603	-0.00537464408406	0.044323160898	-0.066916409561	0.0465738991573	0.00616198300011	0.00790003878062	0.0100599833416	0.0221616574371	-0.0500271583677	0.0819662033242	0.00251111392417	-0.00675398257099	0.0407841808626
k__Bacteria;p__Firmicutes;c__Clostridia;o__Clostridiales;f__Lachnospiraceae;g__Roseburia;s__Roseburia_intestinalis	-0.0663365392393	0.0197537308512	-0.00277099788218	-0.0373233300854	0.00529086876575	0.000323073918006	-0.0346303147002	0.00606105823522	0.0263788173538	0.00613005553959	-0.0764811744229	0.0363499414352	-0.0132345180074	0.0299104207202	0.0563813180078	-0.0382817284807	0.0398950316683	-0.00331891192589	0.0064506520407	0.0363392460335	-0.0559614635131	-0.00199062368017	0.0265104549328	-0.0059352896496	0.0214867429536	-0.0410448901837	1.0	-0.0249453519506	-0.0124536916212	0.0277598956819	-0.0243310363053	0.0371801015979	-0.0534538394088	-0.0295324159917	0.0402908241909	0.00896982793636	-0.0121285034558	-0.0785153681262	-0.00491432301406	-0.051098420108	-0.0323885855013	0.0347201081008	-0.0178025275381	0.00946302942696	-0.0360151862715	0.020062583488	0.0158870149438	-0.0585627411879	0.0213911222833	-0.0438718637786	0.0599546522966	0.0385933667198	-0.0535468972268	-0.0851970124937	-0.0231813239076	-0.00266166627515	0.0282905479919	0.0131576538093	0.0208664555649
k__Bacteria;p__Firmicutes;c__Clostridia;o__Clostridiales;f__Lachnospiraceae;g__Roseburia;s__Roseburia_hominis	-0.0278215005703	-0.0484303699181	-0.00235821914926	-0.00319804676156	0.00585337838813	-0.0117037418423	-0.0205709296562	0.0128586180378	0.0493709634006	-0.00608606779542	0.0321941544671	-0.0241144421055	0.0168826321259	0.00118266496981	-0.0138402395462	0.0330184223832	0.00902957129356	-0.024863789469	-0.0281621316218	0.00665046232304	0.00203312089153	0.00632465008569	-0.0086325440033	0.0285581563654	-0.00517223336937	-0.00565644177624	-0.0249453519506	1.0	0.00557225923251	-0.0154444298946	-0.0682266028507	-0.00333227677634	-0.0121039400995	0.0544450566618	0.0145045715421	0.00286844065179	-0.0224341729837	0.0217664018499	-0.00229550167456	0.00786032487189	-0.0107860346519	-0.0328490236095	-0.0498840395503	-0.00274373049257	-0.0617131576773	0.0111295699615	0.0294435135377	0.00294771961705	-0.0594019565918	-0.00701702077389	-0.00676255235425	0.0287230229172	-0.0200807663692	0.00353265303651	-0.0135863258806	0.013284867215	0.0271773470407	-0.00842881384134	-0.0109499041771
k__Bacteria;p__Bacteroidetes;c__Bacteroidia;o__Bacteroidales;f__Porphyromonadaceae;g__Parabacteroides;s__Parabacteroides_johnsonii	-0.0103899299157	0.0505402149029	-0.0475637334608	0.0194535800797	-0.0118042249372	-0.0449764912174	-0.00521518788761	0.00549766517303	0.0250598208378	0.0294936408832	-0.00753124316863	-0.0330650197793	0.0159725517684	0.0154549056324	-0.0341645667587	-0.00070739826199	0.0539666886207	0.0573007791998	-0.0119308952414	-0.0204302286175	0.0482755178443	-0.076665456224	-0.0286046185146	-0.0208085872977	0.0203262993406	0.0603103122367	-0.0124536916212	0.00557225923251	1.0	0.0192026094765	-0.0182728594233	-0.0205654993352	-0.0083003742777	-0.0310750834265	-0.00641365078512	0.0233476936971	0.0164215101442	-0.0075770617986	-0.00499835393369	-0.00358590610022	-0.0289092761238	0.00632175482344	-0.0147307443354	-0.0423208605548	0.0371738642906	0.0137746251616	-0.0548977383872	0.053631939012	-0.0100807353298	-0.061644057317	-0.0616853025111	-0.0138104470333	-0.0270336294141	0.00762936826705	0.039903490077	0.050754574825	0.0239546178205	-0.00120460855668	-0.0445850175587
k__Bacteria;p__Actinobacteria;c__Actinobacteria;o__Bifidobacteriales;f__Bifidobacteriaceae;g__Bifidobacterium;s__Bifidobacterium_longum	-0.00101189531036	-0.0373938698914	-0.0598172707493	-0.00461996620218	0.0467865515252	0.0499839899682	-0.0114622748485	0.0377054419536	-0.0421371935507	0.0382225293727	0.00712672462728	-0.0140519354832	-0.00972308251093	-0.00274261856532	-0.0489524028919	0.0114343572673	-0.00599568127275	-0.00385104970221	-0.0482490398919	-0.0359574891524	-0.0341265612711	0.0242148705937	0.0375237561014	0.026656405602	-0.0157066693556	-0.0549083297935	0.0277598956819	-0.0154444298946	0.0192026094765	1.0	-0.0292216825612	-0.0607338865388	-0.0846565616395	0.0150282082001	-0.0252499966531	0.027365153678	0.102195279929	-0.0381074331585	-0.0205229922907	0.046864152036	0.0125869954511	-0.00784466191909	-0.0471305350386	-0.0422771730239	0.0286284763962	-0.0145032846752	0.0918587283862	0.0347321433071	0.0118594753816	-0.122153678136	0.0155120434692	0.0286444872625	0.036073717669	-0.048636951006	-0.00156287949388	0.0073667821902	-0.00934157314736	0.0135428204264	0.0037357277574
