#taxonomy	k__Bacteria;p__Bacteroidetes;c__Bacteroidia;o__Bacteroidales;f__Bacteroidaceae;g__Bacteroides;s__Bacteroides_vulgatus	k__Bacteria;p__Bacteroidetes;c__Bacteroidia;o__Bacteroidales;f__Bacteroidaceae;g__Bacteroides;s__Bacteroides_uniformis	k__Bacteria;p__Bacteroidetes;c__Bacteroidia;o__Bacteroidales;f__Rikenellaceae;g__Alistipes;s__Alistipes_putredinis	k__Bacteria;p__Bacteroidetes;c__Bacteroidia;o__Bacteroidales;f__Prevotellaceae;g__Prevotella;s__Prevotella_copri	k__Bacteria;p__Bacteroidetes;c__Bacteroidia;o__Bacteroidales;f__Bacteroidaceae;g__Bacteroides;s__Bacteroides_stercoris	k__Bacteria;p__Bacteroidetes;c__Bacteroidia;o__Bacteroidales;f__Bacteroidaceae;g__Bacteroides;s__Bacteroides_ovatus	k__Bacteria;p__Bacteroidetes;c__Bacteroidia;o__Bacteroidales;f__Rikenellaceae;g__Alistipes;s__Alistipes_shahii	k__Bacteria;p__Firmicutes;c__Clostridia;o__Clostridiales;f__Ruminococcaceae;g__Faecalibacterium;s__Faecalibacterium_prausnitzii	k__Bacteria;p__Bacteroidetes;c__Bacteroidia;o__Bacteroidales;f__Rikenellaceae;g__Alistipes;s__Alistipes_finegoldii	k__Bacteria;p__Bacteroidetes;c__Bacteroidia;o__Bacteroidales;f__Porphyromonadaceae;g__Parabacteroides;s__Parabacteroides_distasonis	k__Bacteria;p__Bacteroidetes;c__Bacteroidia;o__Bacteroidales;f__Bacteroidaceae;g__Bacteroides;s__Bacteroides_thetaiotaomicron	k__Bacteria;p__Bacteroidetes;c__Bacteroidia;o__Bacteroidales;f__Bacteroidaceae;g__Bacteroides;s__Bacteroides_coprocola	k__Bacteria;p__Bacteroidetes;c__Bacteroidia;o__Bacteroidales;f__Bacteroidaceae;g__Bacteroides;s__Bacteroides_cellulosilyticus	k__Bacteria;p__Bacteroidetes;c__Bacteroidia;o__Bacteroidales;f__Rikenellaceae;g__Alistipes;s__Alistipes_obesi	k__Bacteria;p__Firmicutes;c__Clostridia;o__Clostridiales;f__Lachnospiraceae;g__;s__[Eubacterium]_rectale	k__Bacteria;p__Bacteroidetes;c__Bacteroidia;o__Bacteroidales;f__Bacteroidaceae;g__Bacteroides;s__Bacteroides_plebeius	k__Bacteria;p__Bacteroidetes;c__Bacteroidia;o__Bacteroidales;f__Bacteroidaceae;g__Bacteroides;s__Bacteroides_fragilis	k__Bacteria;p__Proteobacteria;c__Betaproteobacteria;o__Burkholderiales;f__Sutterellaceae;g__Sutterella;s__Sutterella_wadsworthensis	k__Bacteria;p__Bacteroidetes;c__Bacteroidia;o__Bacteroidales;f__Porphyromonadaceae;g__Barnesiella;s__Barnesiella_intestinihominis	k__Bacteria;p__Bacteroidetes;c__Bacteroidia;o__Bacteroidales;f__Odoribacteraceae;g__Odoribacter;s__Odoribacter_splanchnicus	k__Bacteria;p__Bacteroidetes;c__Bacteroidia;o__Bacteroidales;f__Bacteroidaceae;g__Bacteroides;s__Bacteroides_salyersiae	k__Bacteria;p__Firmicutes;c__Clostridia;o__Clostridiales;f__Ruminococcaceae;g__Ruminiclostridium;s__[Eubacterium]_siraeum	k__Bacteria;p__Proteobacteria;c__Betaproteobacteria;o__Burkholderiales;f__Sutterellaceae;g__Parasutterella;s__Parasutterella_excrementihominis	k__Bacteria;p__Actinobacteria;c__Actinobacteria;o__Bifidobacteriales;f__Bifidobacteriaceae;g__Bifidobacterium;s__Bifidobacterium_adolescentis	k__Bacteria;p__Firmicutes;c__Clostridia;o__Clostridiales;f__Oscillospiraceae;g__Oscillibacter;s__Oscillibacter_sp._KLE_1745	k__Bacteria;p__Bacteroidetes;c__Bacteroidia;o__Bacteroidales;f__Bacteroidaceae;g__Bacteroides;s__Bacteroides_coprophilus	k__Bacteria;p__Firmicutes;c__Clostridia;o__Clostridiales;f__Lachnospiraceae;g__Roseburia;s__Roseburia_intestinalis	k__Bacteria;p__Firmicutes;c__Clostridia;o__Clostridiales;f__Lachnospiraceae;g__Roseburia;s__Roseburia_hominis	k__Bacteria;p__Bacteroidetes;c__Bacteroidia;o__Bacteroidales;f__Porphyromonadaceae;g__Parabacteroides;s__Parabacteroides_johnsonii	k__Bacteria;p__Actinobacteria;c__Actinobacteria;o__Bifidobacteriales;f__Bifidobacteriaceae;g__Bifidobacterium;s__Bifidobacterium_longum	k__Bacteria;p__Firmicutes;c__Clostridia;o__Clostridiales;f__;g__Flavonifractor;s__Flavonifractor_plautii	k__Bacteria;p__Firmicutes;c__Clostridia;o__Clostridiales;f__Clostridiaceae;g__Clostridium;s__Clostridium_phoceensis	k__Bacteria;p__Verrucomicrobia;c__Verrucomicrobiae;o__Verrucomicrobiales;f__Akkermansiaceae;g__Akkermansia;s__Akkermansia_muciniphila	k__Bacteria;p__Bacteroidetes;c__Bacteroidia;o__Bacteroidales;f__Prevotellaceae;g__Paraprevotella;s__Paraprevotella_xylaniphila	k__Bacteria;p__Firmicutes;c__Clostridia;o__Clostridiales;f__Ruminococcaceae;g__Ruminococcus;s__Ruminococcus_callidus	k__Bacteria;p__Bacteroidetes;c__Bacteroidia;o__Bacteroidales;f__Rikenellaceae;g__Alistipes;s__Alistipes_senegalensis	k__Bacteria;p__Firmicutes;c__Clostridia;o__Clostridiales;f__Lachnospiraceae;g__Blautia;s__Blautia_sp._KLE_1732	k__Bacteria;p__Bacteroidetes;c__Bacteroidia;o__Bacteroidales;f__Bacteroidaceae;g__Bacteroides;s__Bacteroides_oleiciplenus	k__Bacteria;p__Firmicutes;c__Clostridia;o__Clostridiales;f__Ruminococcaceae;g__Ruminococcus;s__Ruminococcus_bicirculans	k__Bacteria;p__Bacteroidetes;c__Bacteroidia;o__Bacteroidales;f__Bacteroidaceae;g__Bacteroides;s__Bacteroides_fluxus	k__Bacteria;p__Bacteroidetes;c__Bacteroidia;o__Bacteroidales;f__Prevotellaceae;g__Prevotella;s__Prevotella_stercorea	k__Bacteria;p__Firmicutes;c__Clostridia;o__Clostridiales;f__Lachnospiraceae;g__Dorea;s__Dorea_longicatena	k__Bacteria;p__Firmicutes;c__Clostridia;o__Clostridiales;f__Eubacteriaceae;g__Eubacterium;s__[Eubacterium]_eligens	k__Bacteria;p__Firmicutes;c__Clostridia;o__Clostridiales;f__Ruminococcaceae;g__;s__Ruminococcaceae_bacterium_D16	k__Bacteria;p__Firmicutes;c__Clostridia;o__Clostridiales;f__Lachnospiraceae;g__Coprococcus;s__Coprococcus_comes	k__Bacteria;p__Proteobacteria;c__Gammaproteobacteria;o__Enterobacterales;f__Enterobacteriaceae;g__Escherichia;s__Escherichia_coli	k__Bacteria;p__Firmicutes;c__Clostridia;o__Clostridiales;f__Ruminococcaceae;g__Anaerotruncus;s__Anaerotruncus_colihominis	k__Bacteria;p__Firmicutes;c__Clostridia;o__Clostridiales;f__Lachnospiraceae;g__Blautia;s__Blautia_obeum	k__Bacteria;p__Bacteroidetes;c__Bacteroidia;o__Bacteroidales;f__Odoribacteraceae;g__Odoribacter;s__Odoribacter_laneus	k__Bacteria;p__Firmicutes;c__Clostridia;o__Clostridiales;f__Ruminococcaceae;g__Ruminiclostridium;s__[Clostridium]_leptum	k__Bacteria;p__Bacteroidetes;c__Bacteroidia;o__Bacteroidales;f__Porphyromonadaceae;g__Parabacteroides;s__Parabacteroides_goldsteinii	k__Bacteria;p__Firmicutes;c__Clostridia;o__Clostridiales;f__Lachnospiraceae;g__Anaerostipes;s__Anaerostipes_hadrus	k__Bacteria;p__Firmicutes;c__Clostridia;o__Clostridiales;f__Ruminococcaceae;g__Ruminococcus;s__Ruminococcus_lactaris	k__Bacteria;p__Firmicutes;c__Clostridia;o__Clostridiales;f__Clostridiaceae;g__Clostridium;s__Clostridium_sp._L2-50	k__Bacteria;p__Firmicutes;c__Clostridia;o__Clostridiales;f__Clostridiaceae;g__Clostridium;s__Clostridium_sp._M62/1	k__Bacteria;p__Firmicutes;c__Clostridia;o__Clostridiales;f__;g__Intestinimonas;s__Intestinimonas_butyriciproducens	k__Bacteria;p__Actinobacteria;c__Actinobacteria;o__Bifidobacteriales;f__Bifidobacteriaceae;g__Bifidobacterium;s__Bifidobacterium_bifidum	k__Bacteria;p__Firmicutes;c__Negativicutes;o__Veillonellales;f__Veillonellaceae;g__Dialister;s__Dialister_invisus	k__Bacteria;p__Bacteroidetes;c__Bacteroidia;o__Bacteroidales;f__Bacteroidaceae;g__Bacteroides;s__Bacteroides_salanitronis
k__Bacteria;p__Bacteroidetes;c__Bacteroidia;o__Bacteroidales;f__Bacteroidaceae;g__Bacteroides;s__Bacteroides_vulgatus	1.0	-0.0289553997128	0.00530619375088	0.0172549696663	-0.0226852819517	0.0164257894676	0.0124538216956	-0.0139033669249	-0.0132738523862	-0.00539764231255	-0.0342082024406	0.00858026065357	-0.0277564440201	0.0450590668092	-0.0572822875179	0.0298845337927	-0.0033035646038	0.0247693400703	-0.013961292067	-0.0695019784492	-0.0320319208769	-0.0381378709767	0.0345419059665	-0.0247903514688	-0.0287729405283	-0.000408731816738	0.0734369040763	-0.0412171940357	-0.0312191067958	-0.0270037496575	0.0631102728514	-0.0240362794969	-0.00648653830462	0.0424300378198	0.0397657717995	-0.00660232902245	0.0540799980116	0.0303912536565	0.00423639501026	0.00883589152896	-0.045682791923	0.0347120854828	-0.0373691246126	-0.00105921796412	0.00816738536884	0.0196060505234	0.0527142399069	-0.013334936886	-0.0211886965414	0.0289431379542	-0.0302667318551	0.0220028556719	-0.0177774712813	0.0138059770514	-0.0225938658162	0.00603554390832	0.0486774966014	-0.011066948378	-0.0303489545852
k__Bacteria;p__Bacteroidetes;c__Bacteroidia;o__Bacteroidales;f__Bacteroidaceae;g__Bacteroides;s__Bacteroides_uniformis	-0.0289553997128	1.0	-0.0609264845256	0.0393137431861	-0.0421689302202	0.00950465719539	-0.0192389231815	0.0265624329053	0.0231213457419	-0.0652915129024	0.0121254784314	-0.0289018791914	-0.0103932167683	-0.0124641696325	-0.0110161418771	-0.0252550089561	-0.067782712617	-0.0407830559421	-0.0725647517673	0.00762630043824	-0.0323202708683	-0.0302913928692	-0.0620138184878	-0.073738349383	0.0272331623998	0.000969511012586	-0.0116534828168	0.00766243946894	-0.0197058489754	-0.0208484761737	0.0279507462403	0.0152155721867	-0.0335323559685	0.0168672135968	-0.0139281534418	-0.0396474123351	-0.03031402654	-0.0165611110185	0.00419739719279	-0.0203019974779	-0.0390713356022	0.00995182841533	0.0346712872445	-0.0330160856072	0.0320590520238	-0.0295769810368	0.0164652914084	-0.0330388065275	-0.0105281510765	0.024498862574	-0.0365056840642	-0.0419262028488	0.0151643120147	-0.0558080761709	0.0882798612096	-0.0205125107387	0.0333644438725	0.00328393493246	0.00632476095281
k__Bacteria;p__Bacteroidetes;c__Bacteroidia;o__Bacteroidales;f__Rikenellaceae;g__Alistipes;s__Alistipes_putredinis	0.00530619375088	-0.0609264845256	1.0	0.00757400729417	0.0589958655422	-0.0175597636852	0.0157512744665	0.0374995855562	-0.0143037607905	-0.0707739309448	0.0241202920234	-0.0541438992906	-0.00648587259583	0.00332971732119	-0.0474413587508	-0.034906452353	0.00974578806045	-0.00852595097842	-0.0869907042238	-0.0173688058209	-0.0151469622712	-0.0140535737422	-0.00344806893159	-0.0107423810713	0.000158569363653	0.0311124363898	-0.025850640788	-0.0122561593715	0.0474384142026	0.0160195011839	0.025191520235	-0.0160405563284	-0.0451377866646	-0.0500774648417	-0.0200243503645	-0.0397296581568	0.0111535937873	-0.0160252203189	0.0114888337269	-0.0248905711928	-0.02229184526	-0.0554810245595	0.0257123158785	0.0424194801902	0.0143973518801	0.00660349988152	-0.0244965140381	-0.0287484762086	0.1194206704	-0.0390898259007	-0.0450669736962	-0.0287239637015	0.024682950067	-0.0337667823742	0.00856828522695	0.0160812829761	-0.00404736523208	0.0576182524863	0.0758855686549
k__Bacteria;p__Bacteroidetes;c__Bacteroidia;o__Bacteroidales;f__Prevotellaceae;g__Prevotella;s__Prevotella_copri	0.0172549696663	0.0393137431861	0.00757400729417	1.0	-0.0220212988901	-0.0378039967294	0.0538407243307	0.0180427127775	-0.0794400756642	-0.00641032012175	0.0765418301276	9.29387387366e-05	0.0164902468852	0.0430445331738	0.089822974466	-0.0320579154093	0.0477177886669	-0.0220466460537	-0.0219388577385	-0.0823775320078	-0.0164518256527	-0.0593662178893	0.0700873898491	0.0275240857587	0.0391411858543	-0.0284900911439	0.0179749461605	0.0426417910256	-0.0924161998112	0.0215411924179	-0.0114758447894	0.000394401815725	-0.0159062543176	-0.0232429431703	0.0170929251682	0.0132898368263	-0.0299045766183	0.0164209191121	-0.028651924586	-0.000770394297983	-0.0748174389288	-0.00480432554634	-0.000346409102856	-0.0166623887688	-0.00163134068028	-0.0280628648371	-0.0288977167333	-0.004639931869	-0.0131063113738	-0.0305889668739	0.00948323268335	-0.0305428394473	-0.0803441827558	0.0401668873912	-0.0179265118132	-0.0314498010895	0.0047557081455	-0.0340504204011	-0.0034969006437
k__Bacteria;p__Bacteroidetes;c__Bacteroidia;o__Bacteroidales;f__Bacteroidaceae;g__Bacteroides;s__Bacteroides_stercoris	-0.0226852819517	-0.0421689302202	0.0589958655422	-0.0220212988901	1.0	-0.0109957743863	-0.0131044853026	-0.0523645439594	-0.036393023705	0.0243031887262	-0.0149130429835	-0.00235257493911	-0.0288846198906	0.00108702245949	-0.0142424732292	-0.0370231896081	-0.0317588072113	-0.0202526169902	0.0410483527102	-0.0409154125715	-0.0101329455577	-0.0397261994195	0.00237131229885	-0.0575110512516	-0.00659656395041	-0.00932388752979	0.016217544116	0.0505745659538	0.0265587126211	-0.0194659942082	-0.0430173836391	-0.0144196031454	-0.0301442393386	0.00184816683378	0.010700518157	-0.00204962280533	0.0366718179891	0.0160293863188	0.00589886356256	0.0272701490296	0.0330129766762	0.0760888559823	-0.0168445073592	0.0315010354748	-0.0145777401181	-0.00659546921328	0.0461491604982	-0.0518364779564	-0.000149283089695	-0.062291034737	-0.0577318119114	-0.0879892459099	-0.0415282169544	-0.0335835768786	0.0481420391834	-0.0454977101845	0.001322882052	-0.019722771526	-0.0576593942125
k__Bacteria;p__Bacteroidetes;c__Bacteroidia;o__Bacteroidales;f__Bacteroidaceae;g__Bacteroides;s__Bacteroides_ovatus	0.0164257894676	0.00950465719539	-0.0175597636852	-0.0378039967294	-0.0109957743863	1.0	0.0194096132617	0.0539051118179	0.00119464120907	0.0269164529689	-0.0684097086169	-0.00250055947171	-0.0382668119634	0.00898674155869	-0.0311944911581	0.00628285935541	0.0215588352264	0.0139934952118	-0.0369233004298	-0.0279437896701	-0.0170870978427	0.0311174784853	-0.0671038817062	0.0100433975854	-0.0417963218172	-0.0117839717916	-0.0171699773828	-0.0167224040164	0.00698781327819	-0.0763549634818	-0.0766709256868	-0.0502575992493	-0.0115372985288	0.0121259547421	0.080158082989	-0.0750590744597	0.0678872679644	-0.034083406994	-0.109682679602	0.0109981012188	-0.00960662062755	0.0486116128144	0.0137934435004	-0.0390767263901	-0.0236602722601	0.0774504961673	-0.0213805960621	0.00774746114831	-0.0107166923558	-0.015465528444	-0.00706479584673	0.0290852347368	-0.000989942829829	0.00222230998493	0.0149909974432	-0.0204033895484	-0.048301014959	-0.0173933143224	-0.00304822660876
k__Bacteria;p__Bacteroidetes;c__Bacteroidia;o__Bacteroidales;f__Rikenellaceae;g__Alistipes;s__Alistipes_shahii	0.0124538216956	-0.0192389231815	0.0157512744665	0.0538407243307	-0.0131044853026	0.0194096132617	1.0	-0.0126734231864	-0.0227250355472	0.0329246592849	-0.00327169398925	-0.0367184430177	-0.00278970891925	-0.0239488961626	-0.0242088346652	-0.037463539052	0.0297292510316	0.00407963823307	-0.00922480222558	-0.00731772119063	-0.0680695842778	-0.00118602901486	-0.0727330045207	-0.0245619761108	0.0492018227757	-0.000251321219114	-0.0397299372568	0.0258613920879	-0.0697190324425	-0.0113188741165	0.0082594859947	0.00622656952735	0.00809803937948	-0.0592844149513	-0.0285381492927	-0.0294209508407	0.0718342455572	0.0450300442311	-0.0485237558095	0.017181586283	0.00528311733191	0.0130178272326	0.0747320821394	-0.0345166228937	0.00969677976256	0.0216740581788	-0.00635928751653	0.0460588624885	0.00642670375768	-0.0175593109332	0.0462069201207	0.0296629715359	0.00699154900724	0.0407965429536	-0.0169214125315	0.0215064713097	-0.0878679833388	-0.0366924315808	-0.00636883279796
k__Bacteria;p__Firmicutes;c__Clostridia;o__Clostridiales;f__Ruminococcaceae;g__Faecalibacterium;s__Faecalibacterium_prausnitzii	-0.0139033669249	0.0265624329053	0.0374995855562	0.0180427127775	-0.0523645439594	0.0539051118179	-0.0126734231864	1.0	-0.0367212995559	-0.0497664194392	0.0288974469833	-0.0302340819039	0.0392846432659	-0.012124204117	0.0424442724739	0.00829290851532	0.00893815059654	0.0317237965603	-0.022049413968	0.0396533677195	-0.0192996796628	0.0717925828675	-0.0277574738353	-0.0533602473435	0.000343685135471	-0.0306869482384	-0.0168748297508	0.0405202159306	-0.0390818220427	0.00327824684193	0.00644979774983	-0.00941240206083	-0.063274688859	-0.000575492679151	-0.0292293186836	0.0174535144156	0.0124942331929	0.0456968183243	-0.026632672995	-0.0138314494828	0.0262861191348	0.00679167885275	-0.00682131122794	-0.00799297541768	0.0131517634282	0.00181264972917	-0.053208416149	-0.0166971935288	-0.0199282834613	0.0428175429546	-0.0253960646912	-0.00511254065693	-0.0606268301252	0.00962081639723	-0.047647319681	-0.0163801544209	-0.0342493223792	0.000869497888003	0.045628829056
k__Bacteria;p__Bacteroidetes;c__Bacteroidia;o__Bacteroidales;f__Rikenellaceae;g__Alistipes;s__Alistipes_finegoldii	-0.0132738523862	0.0231213457419	-0.0143037607905	-0.0794400756642	-0.036393023705	0.00119464120907	-0.0227250355472	-0.0367212995559	1.0	-0.042734546978	-0.00874197426748	0.00611770404218	-0.100133067825	-0.0234693390428	-0.00526994754511	0.0254495665323	0.0315125092323	-0.0479643182297	-0.00141739634428	-0.032357356014	-0.0520581040993	0.00194208966088	-0.027008805478	0.0352404732666	-0.00735118558823	0.0340923368182	-0.0515828382256	0.0198391208686	-0.0089378456411	-0.0677493358491	0.0267463517597	-0.0284877530765	-0.0119843223253	-0.00470923634517	0.0721840792997	0.0094153193164	0.0269803138036	0.00194895825772	0.0141650000348	-0.017813968083	-0.018220248107	-0.0722194378371	0.0708776242933	-0.0107378838679	-0.031294975397	0.0243987118784	-0.0267774546671	-0.0228848164962	-0.00733753095228	0.0207003656095	0.0246617846147	-0.0109370135783	0.0792529770369	-0.0190077090451	-0.0275365620802	-0.0258256459861	-0.0213222722146	-0.0200518915628	-0.0400479514141
k__Bacteria;p__Bacteroidetes;c__Bacteroidia;o__Bacteroidales;f__Porphyromonadaceae;g__Parabacteroides;s__Parabacteroides_distasonis	-0.00539764231255	-0.0652915129024	-0.0707739309448	-0.00641032012175	0.0243031887262	0.0269164529689	0.0329246592849	-0.0497664194392	-0.042734546978	1.0	-0.0295084355947	0.0453627562347	-0.0107895182326	0.0716657450532	0.0495932451903	-0.0167628452153	-0.0212800868533	-0.0176481977742	-0.0141605910657	-0.0200731475428	-0.0688352702794	0.06812730687	0.00334342098772	0.00684539238797	-0.00656457441066	0.0166261720054	-0.0300277652817	0.0558634029228	0.0595553873522	-0.0879674326255	0.0157536393731	-0.0249727872871	-0.0547074085665	0.0466317141721	-0.0353431382113	0.0145367823556	0.0227347764921	0.0274239826667	-0.0327081353638	-0.046537337493	-0.00913329190844	-0.0233444455284	-0.0462126605076	-0.0387557863833	-0.0588685286841	-0.025653518209	-0.0169418787606	-0.0223034282328	0.0182771886239	-0.033690749617	-0.000427672379207	0.0247446951138	-0.00106352545854	-0.0119326289376	-0.0301807865796	-0.00734950671367	-0.022991296494	-0.0588588157502	-0.0520596880212
k__Bacteria;p__Bacteroidetes;c__Bacteroidia;o__Bacteroidales;f__Bacteroidaceae;g__Bacteroides;s__Bacteroides_thetaiotaomicron	-0.0342082024406	0.0121254784314	0.0241202920234	0.0765418301276	-0.0149130429835	-0.0684097086169	-0.00327169398925	0.0288974469833	-0.00874197426748	-0.0295084355947	1.0	-0.0173399227795	0.00529139806915	-0.00746677173678	-0.00599693011338	-0.060146561345	0.0323867093397	-0.0427519775308	-0.00493002550269	0.0178657722017	-0.0334243692862	0.0531555619896	-0.0409953153036	-0.0192556071619	-0.021914599665	-0.0182766517229	-0.0324007028866	-0.0128883272455	-0.0002726586052	0.050835463709	-0.0264281680772	-0.00625273361767	0.0372159856924	-0.0014606710673	-0.0490102546791	-0.00839172931966	0.0331286788094	-0.018567352309	0.000813959848373	0.038102592377	0.0251499262431	-0.0412055752228	-0.0107508627459	0.026895963896	-0.0607567744618	-0.0830965619974	0.0509950404973	0.0672664147105	0.0101929992767	-0.0326930626094	-0.0283417093108	-0.0698666763484	-0.0291470769158	0.00600421465216	0.023504463502	0.0498848491515	0.0120586198475	-0.0459117195662	-0.0184931651945
k__Bacteria;p__Bacteroidetes;c__Bacteroidia;o__Bacteroidales;f__Bacteroidaceae;g__Bacteroides;s__Bacteroides_coprocola	0.00858026065357	-0.0289018791914	-0.0541438992906	9.29387387366e-05	-0.00235257493911	-0.00250055947171	-0.0367184430177	-0.0302340819039	0.00611770404218	0.0453627562347	-0.0173399227795	1.0	0.00599504354305	0.0208596521434	-0.0331015926727	0.0287145947607	-0.0280292902295	-0.0589304874965	0.0080411047928	-0.103472823746	-0.0214897609599	0.0125924455887	-0.0218657970495	-0.0298641609252	0.0151820284368	0.0217304339488	0.00840490619928	0.0510863587173	-0.0261615436896	0.00625162329872	0.0644840905549	0.0270932931699	0.0170827314484	-0.0450074472914	-0.0218316631453	-0.0050141021555	0.00181239751754	0.00801439547297	0.0256346599366	-0.00711287663917	0.024541720126	-0.0256631268354	-0.0578017331557	-0.0607628440842	-0.0231419717425	0.0341924212278	0.00144966983058	-0.0213842309414	-0.063997900556	-0.0199203409658	-0.0276564975959	0.00747537249682	0.0148232917872	0.0027302415753	0.0170637473608	-0.0372305638283	-0.0311121851393	-0.0510277859897	0.0657242872345
k__Bacteria;p__Bacteroidetes;c__Bacteroidia;o__Bacteroidales;f__Bacteroidaceae;g__Bacteroides;s__Bacteroides_cellulosilyticus	-0.0277564440201	-0.0103932167683	-0.00648587259583	0.0164902468852	-0.0288846198906	-0.0382668119634	-0.00278970891925	0.0392846432659	-0.100133067825	-0.0107895182326	0.00529139806915	0.00599504354305	1.0	-0.000456816066192	-0.0168253928839	-0.0181767166566	0.0393240303345	0.0303072057674	-0.0729194879764	-0.0350232829104	-0.0505128640423	0.00322700057943	-0.00941942312782	0.0259595481848	-0.0568211636617	-0.0240973104763	-0.0182044325936	-0.0157655384899	0.0946628360592	-0.0413133783516	0.0492594629618	-0.0102348945783	-0.0476560972141	-0.0394030484531	-0.0273109207932	-0.0301652139203	-0.0380209442183	-0.0459202369915	-0.0265214005051	0.00764589663341	0.0210324212865	0.0283494648939	2.91953766354e-05	-0.00727974768601	0.0148282166433	-0.0298275513494	0.0257223046009	0.0760510631555	0.0712243966857	0.00702599765419	0.0319260998276	-0.016417078671	-0.0272660626854	-0.00081013602294	0.044815822017	-0.0232087932148	-0.00858690904776	0.00954650956504	-0.0549756629
k__Bacteria;p__Bacteroidetes;c__Bacteroidia;o__Bacteroidales;f__Rikenellaceae;g__Alistipes;s__Alistipes_obesi	0.0450590668092	-0.0124641696325	0.00332971732119	0.0430445331738	0.00108702245949	0.00898674155869	-0.0239488961626	-0.012124204117	-0.0234693390428	0.0716657450532	-0.00746677173678	0.0208596521434	-0.000456816066192	1.0	-0.0729819342197	-0.0222769360439	-0.051659137219	0.00787143834938	-0.0248065923553	0.0126640461772	-0.0298705815708	-0.0620915170352	-0.0176131087038	0.0345987805797	-0.0193572106463	-0.0199414848342	0.0137264482634	-0.0159750685175	-0.021769336816	-0.0440540060077	-0.00248663563037	0.0169014997939	-0.0349691729686	-0.0325480233483	-0.035542162579	-0.0345364447161	-0.00586073315031	0.0338242496297	-0.0187119845836	0.0324970518727	-0.0514831498363	-0.00860120428498	-0.0286082229972	0.0328161462283	0.00606474778832	-0.0345956639143	0.028668673288	-0.0655167141438	-0.0616899150568	-0.0139115248567	-0.0237944722112	-0.0345735987609	-0.039298158075	0.0431422950725	0.0275529778307	-0.0512750174675	0.0225771552925	-0.0099742057304	-0.0231633895843
k__Bacteria;p__Firmicutes;c__Clostridia;o__Clostridiales;f__Lachnospiraceae;g__;s__[Eubacterium]_rectale	-0.0572822875179	-0.0110161418771	-0.0474413587508	0.089822974466	-0.0142424732292	-0.0311944911581	-0.0242088346652	0.0424442724739	-0.00526994754511	0.0495932451903	-0.00599693011338	-0.0331015926727	-0.0168253928839	-0.0729819342197	1.0	0.0277331160091	0.00621879907594	0.0539168517587	-0.020618683216	-0.0294338475269	0.00759867186134	0.00314592406375	-0.0285665323741	-0.0446599264343	-0.00416822043911	-0.00817942076578	-0.018941436842	0.0207873910253	-0.0611135887374	-0.0168689751274	-0.0382652326224	-0.0425931032065	0.0296813034646	-0.0145347542494	-0.0465139805929	0.0194334700953	-0.0135406066851	-0.0419068223553	0.0288473231145	-0.0201388633673	-0.0429687222716	-0.0257048378359	-0.0094262848859	-0.00878763795339	-0.010072075845	0.0265004660309	-0.0886597985	0.0462691228812	0.00782915799401	0.0042915909828	0.0709417186211	-0.00274570161581	0.0678659520741	0.069583061609	-0.0795302379118	0.0257423371139	0.0184100498552	0.019268126963	-0.012781881716
k__Bacteria;p__Bacteroidetes;c__Bacteroidia;o__Bacteroidales;f__Bacteroidaceae;g__Bacteroides;s__Bacteroides_plebeius	0.0298845337927	-0.0252550089561	-0.034906452353	-0.0320579154093	-0.0370231896081	0.00628285935541	-0.037463539052	0.00829290851532	0.0254495665323	-0.0167628452153	-0.060146561345	0.0287145947607	-0.0181767166566	-0.0222769360439	0.0277331160091	1.0	-0.0630751476408	-0.0395790279042	-0.0134456739818	0.0390412682628	0.00759782708597	0.0348451790646	0.0189477351432	-0.0494482722881	0.0350367679439	0.00216728004285	-0.0125746079516	-0.0165457343795	-0.0437614382774	-0.0626036101133	-0.00729606770506	0.0237585725106	0.055033848548	-0.0287198404569	-0.0514669577846	0.0312085568308	-0.0328430208548	-0.0400891336135	-0.00881498637879	-0.00621362950091	-0.00244945187654	-0.0361065062165	-0.0777554179304	0.0230749109184	-0.0284838299989	0.0325482807174	0.0179106220109	0.0405113677359	-0.0454325168574	0.00797178699054	-0.0284227487985	0.00791079786796	-0.0374379559325	-0.0200744686803	-0.0480389589791	-0.0119608568686	0.000573385503893	0.0584189485949	-0.0103448856923
k__Bacteria;p__Bacteroidetes;c__Bacteroidia;o__Bacteroidales;f__Bacteroidaceae;g__Bacteroides;s__Bacteroides_fragilis	-0.0033035646038	-0.067782712617	0.00974578806045	0.0477177886669	-0.0317588072113	0.0215588352264	0.0297292510316	0.00893815059654	0.0315125092323	-0.0212800868533	0.0323867093397	-0.0280292902295	0.0393240303345	-0.051659137219	0.00621879907594	-0.0630751476408	1.0	0.09560687729	-0.0302850323719	-0.0309921533488	-0.00796871382785	-0.0105270935035	-0.0412361682833	-0.0133734407965	0.002623488433	-0.0106092120599	-0.0209587193534	0.00981350349238	-0.00785651826265	0.0153220555956	0.00726843963775	-0.0595382519601	-0.0574124909283	-0.0395896307705	-0.018300038352	0.0256214818221	-0.048235770486	-0.0346520004628	-0.033099742007	0.0108299113888	0.0425589780524	-0.0446393280741	-0.0287786736799	0.00823695310961	-0.00660524361879	-0.064654089273	-0.00549368644968	0.0690559362451	-0.0119651624373	0.0415003824014	0.0428037345586	0.0470810305039	-0.025869142067	-0.0135366412484	0.0146089960023	0.0228696838098	0.0215527883303	-0.00481558662681	0.049297756525
k__Bacteria;p__Proteobacteria;c__Betaproteobacteria;o__Burkholderiales;f__Sutterellaceae;g__Sutterella;s__Sutterella_wadsworthensis	0.0247693400703	-0.0407830559421	-0.00852595097842	-0.0220466460537	-0.0202526169902	0.0139934952118	0.00407963823307	0.0317237965603	-0.0479643182297	-0.0176481977742	-0.0427519775308	-0.0589304874965	0.0303072057674	0.00787143834938	0.0539168517587	-0.0395790279042	0.09560687729	1.0	-0.0459295889191	-0.00882789510991	0.0188249622787	-0.0314938948433	-0.0773513398504	-0.0663260209318	0.011527860473	0.00726644661821	0.0321260610559	-0.0451651415725	-0.00124664335032	0.0479955020982	-0.0929330936908	-0.00337674416342	-0.0282401252067	0.00735345155364	0.0144506917857	0.0262461787497	-0.0722765381435	0.0130921370173	0.0442600128594	-0.0789769376312	0.00607798995565	0.0398040409989	0.0255959825703	0.00238126910281	-0.00726498916989	-0.021860230106	-0.07759509912	0.00646609064878	0.0427575321175	-0.0616920204891	-0.0604417882186	0.0733569226095	-0.0556557969899	0.0139845072383	-0.00245375242045	-0.00681838717659	-0.0241061834494	-0.0133764024525	-0.0665274340581
k__Bacteria;p__Bacteroidetes;c__Bacteroidia;o__Bacteroidales;f__Porphyromonadaceae;g__Barnesiella;s__Barnesiella_intestinihominis	-0.013961292067	-0.0725647517673	-0.0869907042238	-0.0219388577385	0.0410483527102	-0.0369233004298	-0.00922480222558	-0.022049413968	-0.00141739634428	-0.0141605910657	-0.00493002550269	0.0080411047928	-0.0729194879764	-0.0248065923553	-0.020618683216	-0.0134456739818	-0.0302850323719	-0.0459295889191	1.0	-0.0203549080715	-0.00283639095065	-0.0595735651885	0.0704791193663	0.00247789607592	0.0444924861485	-0.00545029925319	-0.0277057583193	0.0336128966583	0.02035471158	0.00270330627094	0.0200431387818	-0.0237083836782	0.027061038049	-0.0119815782464	0.0228879661441	0.0144760105057	-0.0302817621109	0.0305996327122	0.0323997883894	0.0468742020811	-0.0514481556135	0.0437260152131	0.0549364089583	-0.0298164206813	-0.0401642116774	-0.0242059986642	-0.0115889138319	-0.0252857882507	0.00839008654275	-0.0393717141153	-0.0447313203443	0.0038244961066	0.03133827203	-0.00832914011566	-0.0478883303797	-0.00978794586111	0.0183697657175	-0.0628599592129	-0.0325747379178
k__Bacteria;p__Bacteroidetes;c__Bacteroidia;o__Bacteroidales;f__Odoribacteraceae;g__Odoribacter;s__Odoribacter_splanchnicus	-0.0695019784492	0.00762630043824	-0.0173688058209	-0.0823775320078	-0.0409154125715	-0.0279437896701	-0.00731772119063	0.0396533677195	-0.032357356014	-0.0200731475428	0.0178657722017	-0.103472823746	-0.0350232829104	0.0126640461772	-0.0294338475269	0.0390412682628	-0.0309921533488	-0.00882789510991	-0.0203549080715	1.0	0.00863305239739	0.0449303943353	0.00262615838502	0.00185631399826	-0.0191014338145	-0.00656637809776	0.0225877961566	0.0111937753133	-0.0103815162773	-0.0259922294622	-0.0198148638439	-0.0186827563959	0.0265006958801	-0.0504720273918	-0.0233384040823	-0.0061008117546	-0.0480035682464	-0.00787398870909	-0.0135899096662	-0.0165426391675	0.00143789070156	-0.0885720091733	0.0344900553665	-0.0336133346124	-0.0292298118507	0.0802720313282	-0.010429330536	0.0219462382883	-0.0073072051834	-0.0618572746529	-0.00181226250545	-0.0160425192901	0.00115469194385	0.00161604129416	-0.031889958424	0.0069100907209	0.0737320048313	-0.0359307344509	0.0166574105766
k__Bacteria;p__Bacteroidetes;c__Bacteroidia;o__Bacteroidales;f__Bacteroidaceae;g__Bacteroides;s__Bacteroides_salyersiae	-0.0320319208769	-0.0323202708683	-0.0151469622712	-0.0164518256527	-0.0101329455577	-0.0170870978427	-0.0680695842778	-0.0192996796628	-0.0520581040993	-0.0688352702794	-0.0334243692862	-0.0214897609599	-0.0505128640423	-0.0298705815708	0.00759867186134	0.00759782708597	-0.00796871382785	0.0188249622787	-0.00283639095065	0.00863305239739	1.0	0.020733995781	0.0175018375235	-0.0431908427634	-0.0463963664149	-0.0597225185077	0.0283929992948	0.00500404650596	-0.0217048708739	-0.0068301608352	0.0729803616353	-0.0489413788567	-0.00273037713051	-0.0326482029539	-0.0370502935401	0.0695471912355	0.00442544896803	-0.00903904576064	0.0480083077602	-0.00609424026162	0.0418226914248	-0.0579797461347	-0.0267248592698	-0.0858674594089	0.029087255555	0.0368485294054	0.0130055817517	-0.0668353319012	0.0143686835928	-0.0297880083753	-0.065112598729	0.0596514641063	0.017393327721	-0.0293603758443	0.0325285629027	0.00612414555684	0.0166417612617	-0.0369500688666	-0.0275971474812
k__Bacteria;p__Firmicutes;c__Clostridia;o__Clostridiales;f__Ruminococcaceae;g__Ruminiclostridium;s__[Eubacterium]_siraeum	-0.0381378709767	-0.0302913928692	-0.0140535737422	-0.0593662178893	-0.0397261994195	0.0311174784853	-0.00118602901486	0.0717925828675	0.00194208966088	0.06812730687	0.0531555619896	0.0125924455887	0.00322700057943	-0.0620915170352	0.00314592406375	0.0348451790646	-0.0105270935035	-0.0314938948433	-0.0595735651885	0.0449303943353	0.020733995781	1.0	0.0837040765355	-0.0608758506269	0.0666178334079	0.0740292750708	-0.0758752811852	0.00980542822422	-0.0176828490797	-0.0210681006297	-0.0330259745122	0.00914967734038	-0.0102666983608	-0.0112476053097	0.0165003167945	0.0103868271788	0.0595084894592	-0.00292869793648	0.0112862027058	-0.0423007061838	0.021339740563	0.0489181912604	-0.0625811620617	-0.0161681738015	0.00940021029454	0.00282276574289	-0.0474537052428	0.00675224764604	-0.0289879714162	0.0077804034287	0.0566812160088	-0.0207758020891	-0.0134607130004	-0.000247795145386	-0.0199998836216	0.000137519205411	-0.0127765333604	0.00902013851091	0.066963263638
k__Bacteria;p__Proteobacteria;c__Betaproteobacteria;o__Burkholderiales;f__Sutterellaceae;g__Parasutterella;s__Parasutterella_excrementihominis	0.0345419059665	-0.0620138184878	-0.00344806893159	0.0700873898491	0.00237131229885	-0.0671038817062	-0.0727330045207	-0.0277574738353	-0.027008805478	0.00334342098772	-0.0409953153036	-0.0218657970495	-0.00941942312782	-0.0176131087038	-0.0285665323741	0.0189477351432	-0.0412361682833	-0.0773513398504	0.0704791193663	0.00262615838502	0.0175018375235	0.0837040765355	1.0	-0.0141544609113	0.0568410161954	-0.0239874596198	0.104369397694	-0.0687163020471	0.0272570114844	-0.0180110848875	-0.0115542460188	0.0453915665391	0.0213337532035	-0.0355276206248	0.0264035463768	-0.0282515956948	-0.0181361830395	0.00200688826956	-0.0454952169386	0.00348673927983	-0.0181425765823	0.0134873818002	0.00770085813012	-0.00463250138044	0.00869413794038	0.00782325175464	-0.00436817339992	0.0302182771394	-0.0992689800675	0.0134823427234	-0.000498923634559	0.0259939114095	0.0642817608089	-0.00923153546213	0.0168109509192	0.0159619168417	-0.0604288884434	-0.0265668587408	0.00647798939038
k__Bacteria;p__Actinobacteria;c__Actinobacteria;o__Bifidobacteriales;f__Bifidobacteriaceae;g__Bifidobacterium;s__Bifidobacterium_adolescentis	-0.0247903514688	-0.073738349383	-0.0107423810713	0.0275240857587	-0.0575110512516	0.0100433975854	-0.0245619761108	-0.0533602473435	0.0352404732666	0.00684539238797	-0.0192556071619	-0.0298641609252	0.0259595481848	0.0345987805797	-0.0446599264343	-0.0494482722881	-0.0133734407965	-0.0663260209318	0.00247789607592	0.00185631399826	-0.0431908427634	-0.0608758506269	-0.0141544609113	1.0	0.0319781291844	0.00287731017375	-0.00488743385709	0.0242610857104	-0.0299371534233	-0.0217524448228	0.0308594362726	-0.00953378626733	-0.0116296133889	0.0269768552703	-0.0653979351487	-0.0324418604877	-0.0805792718187	-0.00735015956652	-0.0449929844899	0.0334009371593	0.0243548592292	-0.0704878230387	-0.00682440101423	-0.0827231184936	-0.00659230536865	0.0149676875716	0.0173698896039	-0.00547317066361	-0.018470773392	0.00908182037748	-0.0324513023621	0.0112079704894	-0.00277549883635	-0.00924542137506	0.00764334662359	-0.0140809091936	-0.0346576650789	0.013781273218	0.0294104960685
k__Bacteria;p__Firmicutes;c__Clostridia;o__Clostridiales;f__Oscillospiraceae;g__Oscillibacter;s__Oscillibacter_sp._KLE_1745	-0.0287729405283	0.0272331623998	0.000158569363653	0.0391411858543	-0.00659656395041	-0.0417963218172	0.0492018227757	0.000343685135471	-0.00735118558823	-0.00656457441066	-0.021914599665	0.0151820284368	-0.0568211636617	-0.0193572106463	-0.00416822043911	0.0350367679439	0.002623488433	0.011527860473	0.0444924861485	-0.0191014338145	-0.0463963664149	0.0666178334079	0.0568410161954	0.0319781291844	1.0	0.0369107051535	0.0146285502749	-0.0736408356081	-0.051023174899	-0.00233177110632	0.0233535641311	0.00924987093077	-0.0208226433693	-0.0208911193946	0.0286828100982	-0.0128764314081	-0.0533710187811	0.0223362310231	-0.0412302916453	-0.0271880686291	-0.0397714189053	-0.0144703307187	0.0170133900703	-0.0382092134216	-0.0285510738562	-0.0171629347836	0.0194821485866	0.014107074518	-0.0720271341897	-0.00464173369421	0.0662929048228	0.0100275767282	0.0644494236421	-0.007417580813	0.0158315790358	-0.0209080433237	0.0553531114515	0.0158591663116	-0.0164015082211
k__Bacteria;p__Bacteroidetes;c__Bacteroidia;o__Bacteroidales;f__Bacteroidaceae;g__Bacteroides;s__Bacteroides_coprophilus	-0.000408731816738	0.000969511012586	0.0311124363898	-0.0284900911439	-0.00932388752979	-0.0117839717916	-0.000251321219114	-0.0306869482384	0.0340923368182	0.0166261720054	-0.0182766517229	0.0217304339488	-0.0240973104763	-0.0199414848342	-0.00817942076578	0.00216728004285	-0.0106092120599	0.00726644661821	-0.00545029925319	-0.00656637809776	-0.0597225185077	0.0740292750708	-0.0239874596198	0.00287731017375	0.0369107051535	1.0	-0.0652987144091	-0.0230418559394	0.0545031012329	-0.0214972643785	0.0688067840206	0.00476340991221	-0.00581525729947	0.0459845446648	-0.0222872298766	-0.0557978111589	0.0112743285596	-0.0204642414196	-0.0120658840841	-0.0102145545248	-0.0256647392066	0.0733683950108	-0.0347313758714	-0.0630770909679	-0.0569038950295	0.0203740595234	-0.0291684526475	-0.00858572861323	-0.0830792633112	0.0528557035804	0.037197554655	0.0507986027861	0.0105001808191	-0.031243005286	-0.0246051641495	0.0137142929986	-0.0291713401398	-0.0866669900964	-0.00931275393375
k__Bacteria;p__Firmicutes;c__Clostridia;o__Clostridiales;f__Lachnospiraceae;g__Roseburia;s__Roseburia_intestinalis	0.0734369040763	-0.0116534828168	-0.025850640788	0.0179749461605	0.016217544116	-0.0171699773828	-0.0397299372568	-0.0168748297508	-0.0515828382256	-0.0300277652817	-0.0324007028866	0.00840490619928	-0.0182044325936	0.0137264482634	-0.018941436842	-0.0125746079516	-0.0209587193534	0.0321260610559	-0.0277057583193	0.0225877961566	0.0283929992948	-0.0758752811852	0.104369397694	-0.00488743385709	0.0146285502749	-0.0652987144091	1.0	0.0451157002576	-0.0352272177326	0.0265750162561	-0.00355767482516	-0.0146148797717	0.0298224589153	-0.0100730546699	-0.0491008193272	-0.0150592218825	0.0176765341234	0.0616352597905	-0.0172540038212	-0.0309607144941	-0.0029201516542	-0.0559096978738	-0.0574274976155	0.00528418909712	0.0104560378303	-0.00474009864564	-0.00674252011128	0.00189526385735	-0.00804061081657	0.00432362751216	0.0399276993642	-0.0710976584917	-0.0569118016132	0.00813984866325	-0.0422369503266	-0.0220010817435	-0.0408096855815	0.0152036715325	-0.0384413183038
k__Bacteria;p__Firmicutes;c__Clostridia;o__Clostridiales;f__Lachnospiraceae;g__Roseburia;s__Roseburia_hominis	-0.0412171940357	0.00766243946894	-0.0122561593715	0.0426417910256	0.0505745659538	-0.0167224040164	0.0258613920879	0.0405202159306	0.0198391208686	0.0558634029228	-0.0128883272455	0.0510863587173	-0.0157655384899	-0.0159750685175	0.0207873910253	-0.0165457343795	0.00981350349238	-0.0451651415725	0.0336128966583	0.0111937753133	0.00500404650596	0.00980542822422	-0.0687163020471	0.0242610857104	-0.0736408356081	-0.0230418559394	0.0451157002576	1.0	0.00760930877344	-0.0538733921305	0.000208435207458	-0.0128409512022	-0.14713832294	-0.00537075273378	-0.0414138899393	-0.0572735121789	0.00617061648414	0.0485017639564	-0.0167716977086	-0.0100120623774	0.000664849453412	-0.0267590368127	-0.0284437308162	0.0118990162893	0.0457571645299	0.0158211068028	0.0241669815469	-0.0436895474521	0.00681408590126	-0.0689706459656	-0.00902268822771	-0.0376711371382	-0.0194862774115	0.0199530103299	-0.0337041753996	-0.00837909955437	0.00211241694535	-0.0467523421827	-0.0140388585661
k__Bacteria;p__Bacteroidetes;c__Bacteroidia;o__Bacteroidales;f__Porphyromonadaceae;g__Parabacteroides;s__Parabacteroides_johnsonii	-0.0312191067958	-0.0197058489754	0.0474384142026	-0.0924161998112	0.0265587126211	0.00698781327819	-0.0697190324425	-0.0390818220427	-0.0089378456411	0.0595553873522	-0.0002726586052	-0.0261615436896	0.0946628360592	-0.021769336816	-0.0611135887374	-0.0437614382774	-0.00785651826265	-0.00124664335032	0.02035471158	-0.0103815162773	-0.0217048708739	-0.0176828490797	0.0272570114844	-0.0299371534233	-0.051023174899	0.0545031012329	-0.0352272177326	0.00760930877344	1.0	-0.00380323970545	-0.00799134631546	-0.0283109941918	-0.0212898592636	-0.00103702715071	-0.0117900203453	-0.0283807142221	-0.00770541702792	-0.0229105490051	-0.00874612083973	-0.0624620382971	-0.0148299364375	-0.0166835357034	0.0181384257517	0.0465715551918	-0.0121327963518	-0.0361625228896	-0.000683770983861	0.0397731895628	0.0181443132388	-0.0306922819809	-0.0453336820994	0.0628505874325	-0.0711561663051	-0.0479179273864	-0.0213615683037	0.0234997916504	0.0177998530022	0.0656376174354	0.0097318586778
k__Bacteria;p__Actinobacteria;c__Actinobacteria;o__Bifidobacteriales;f__Bifidobacteriaceae;g__Bifidobacterium;s__Bifidobacterium_longum	-0.0270037496575	-0.0208484761737	0.0160195011839	0.0215411924179	-0.0194659942082	-0.0763549634818	-0.0113188741165	0.00327824684193	-0.0677493358491	-0.0879674326255	0.050835463709	0.00625162329872	-0.0413133783516	-0.0440540060077	-0.0168689751274	-0.0626036101133	0.0153220555956	0.0479955020982	0.00270330627094	-0.0259922294622	-0.0068301608352	-0.0210681006297	-0.0180110848875	-0.0217524448228	-0.00233177110632	-0.0214972643785	0.0265750162561	-0.0538733921305	-0.00380323970545	1.0	0.0303016474147	0.0428655931617	-0.0400245320989	-0.00683679936646	-0.0110338696903	-0.0370470068913	-0.0408943446953	-0.0435955845584	0.0166891277222	-0.0235492220151	-0.0354121406693	-0.0540700448762	0.0353097387163	-0.00172416662852	0.0349635442617	-0.0663201904913	-0.0083564278801	-0.0193596501716	-0.0527142851695	-0.0373332182119	0.00898177531953	-0.0634196964846	-0.0468770886721	-0.0321624339218	-0.016660169843	0.0375901604865	0.000443631834012	0.0363693170496	0.0163087739514
