#taxonomy	k__Bacteria;p__Bacteroidetes;c__Bacteroidia;o__Bacteroidales;f__Bacteroidaceae;g__Bacteroides;s__Bacteroides_vulgatus	k__Bacteria;p__Bacteroidetes;c__Bacteroidia;o__Bacteroidales;f__Bacteroidaceae;g__Bacteroides;s__Bacteroides_uniformis	k__Bacteria;p__Bacteroidetes;c__Bacteroidia;o__Bacteroidales;f__Rikenellaceae;g__Alistipes;s__Alistipes_putredinis	k__Bacteria;p__Bacteroidetes;c__Bacteroidia;o__Bacteroidales;f__Prevotellaceae;g__Prevotella;s__Prevotella_copri	k__Bacteria;p__Bacteroidetes;c__Bacteroidia;o__Bacteroidales;f__Bacteroidaceae;g__Bacteroides;s__Bacteroides_stercoris	k__Bacteria;p__Bacteroidetes;c__Bacteroidia;o__Bacteroidales;f__Bacteroidaceae;g__Bacteroides;s__Bacteroides_ovatus	k__Bacteria;p__Bacteroidetes;c__Bacteroidia;o__Bacteroidales;f__Rikenellaceae;g__Alistipes;s__Alistipes_shahii	k__Bacteria;p__Firmicutes;c__Clostridia;o__Clostridiales;f__Ruminococcaceae;g__Faecalibacterium;s__Faecalibacterium_prausnitzii	k__Bacteria;p__Bacteroidetes;c__Bacteroidia;o__Bacteroidales;f__Rikenellaceae;g__Alistipes;s__Alistipes_finegoldii	k__Bacteria;p__Bacteroidetes;c__Bacteroidia;o__Bacteroidales;f__Porphyromonadaceae;g__Parabacteroides;s__Parabacteroides_distasonis	k__Bacteria;p__Bacteroidetes;c__Bacteroidia;o__Bacteroidales;f__Bacteroidaceae;g__Bacteroides;s__Bacteroides_thetaiotaomicron	k__Bacteria;p__Bacteroidetes;c__Bacteroidia;o__Bacteroidales;f__Bacteroidaceae;g__Bacteroides;s__Bacteroides_coprocola	k__Bacteria;p__Bacteroidetes;c__Bacteroidia;o__Bacteroidales;f__Bacteroidaceae;g__Bacteroides;s__Bacteroides_cellulosilyticus	k__Bacteria;p__Bacteroidetes;c__Bacteroidia;o__Bacteroidales;f__Rikenellaceae;g__Alistipes;s__Alistipes_obesi	k__Bacteria;p__Firmicutes;c__Clostridia;o__Clostridiales;f__Lachnospiraceae;g__;s__[Eubacterium]_rectale	k__Bacteria;p__Bacteroidetes;c__Bacteroidia;o__Bacteroidales;f__Bacteroidaceae;g__Bacteroides;s__Bacteroides_plebeius	k__Bacteria;p__Bacteroidetes;c__Bacteroidia;o__Bacteroidales;f__Bacteroidaceae;g__Bacteroides;s__Bacteroides_fragilis	k__Bacteria;p__Proteobacteria;c__Betaproteobacteria;o__Burkholderiales;f__Sutterellaceae;g__Sutterella;s__Sutterella_wadsworthensis	k__Bacteria;p__Bacteroidetes;c__Bacteroidia;o__Bacteroidales;f__Porphyromonadaceae;g__Barnesiella;s__Barnesiella_intestinihominis	k__Bacteria;p__Bacteroidetes;c__Bacteroidia;o__Bacteroidales;f__Odoribacteraceae;g__Odoribacter;s__Odoribacter_splanchnicus	k__Bacteria;p__Bacteroidetes;c__Bacteroidia;o__Bacteroidales;f__Bacteroidaceae;g__Bacteroides;s__Bacteroides_salyersiae	k__Bacteria;p__Firmicutes;c__Clostridia;o__Clostridiales;f__Ruminococcaceae;g__Ruminiclostridium;s__[Eubacterium]_siraeum	k__Bacteria;p__Proteobacteria;c__Betaproteobacteria;o__Burkholderiales;f__Sutterellaceae;g__Parasutterella;s__Parasutterella_excrementihominis	k__Bacteria;p__Actinobacteria;c__Actinobacteria;o__Bifidobacteriales;f__Bifidobacteriaceae;g__Bifidobacterium;s__Bifidobacterium_adolescentis	k__Bacteria;p__Firmicutes;c__Clostridia;o__Clostridiales;f__Oscillospiraceae;g__Oscillibacter;s__Oscillibacter_sp._KLE_1745	k__Bacteria;p__Bacteroidetes;c__Bacteroidia;o__Bacteroidales;f__Bacteroidaceae;g__Bacteroides;s__Bacteroides_coprophilus	k__Bacteria;p__Firmicutes;c__Clostridia;o__Clostridiales;f__Lachnospiraceae;g__Roseburia;s__Roseburia_intestinalis	k__Bacteria;p__Firmicutes;c__Clostridia;o__Clostridiales;f__Lachnospiraceae;g__Roseburia;s__Roseburia_hominis	k__Bacteria;p__Bacteroidetes;c__Bacteroidia;o__Bacteroidales;f__Porphyromonadaceae;g__Parabacteroides;s__Parabacteroides_johnsonii	k__Bacteria;p__Actinobacteria;c__Actinobacteria;o__Bifidobacteriales;f__Bifidobacteriaceae;g__Bifidobacterium;s__Bifidobacterium_longum	k__Bacteria;p__Firmicutes;c__Clostridia;o__Clostridiales;f__;g__Flavonifractor;s__Flavonifractor_plautii	k__Bacteria;p__Firmicutes;c__Clostridia;o__Clostridiales;f__Clostridiaceae;g__Clostridium;s__Clostridium_phoceensis	k__Bacteria;p__Verrucomicrobia;c__Verrucomicrobiae;o__Verrucomicrobiales;f__Akkermansiaceae;g__Akkermansia;s__Akkermansia_muciniphila	k__Bacteria;p__Bacteroidetes;c__Bacteroidia;o__Bacteroidales;f__Prevotellaceae;g__Paraprevotella;s__Paraprevotella_xylaniphila	k__Bacteria;p__Firmicutes;c__Clostridia;o__Clostridiales;f__Ruminococcaceae;g__Ruminococcus;s__Ruminococcus_callidus	k__Bacteria;p__Bacteroidetes;c__Bacteroidia;o__Bacteroidales;f__Rikenellaceae;g__Alistipes;s__Alistipes_senegalensis	k__Bacteria;p__Firmicutes;c__Clostridia;o__Clostridiales;f__Lachnospiraceae;g__Blautia;s__Blautia_sp._KLE_1732	k__Bacteria;p__Bacteroidetes;c__Bacteroidia;o__Bacteroidales;f__Bacteroidaceae;g__Bacteroides;s__Bacteroides_oleiciplenus	k__Bacteria;p__Firmicutes;c__Clostridia;o__Clostridiales;f__Ruminococcaceae;g__Ruminococcus;s__Ruminococcus_bicirculans	k__Bacteria;p__Bacteroidetes;c__Bacteroidia;o__Bacteroidales;f__Bacteroidaceae;g__Bacteroides;s__Bacteroides_fluxus	k__Bacteria;p__Bacteroidetes;c__Bacteroidia;o__Bacteroidales;f__Prevotellaceae;g__Prevotella;s__Prevotella_stercorea	k__Bacteria;p__Firmicutes;c__Clostridia;o__Clostridiales;f__Lachnospiraceae;g__Dorea;s__Dorea_longicatena	k__Bacteria;p__Firmicutes;c__Clostridia;o__Clostridiales;f__Eubacteriaceae;g__Eubacterium;s__[Eubacterium]_eligens	k__Bacteria;p__Firmicutes;c__Clostridia;o__Clostridiales;f__Ruminococcaceae;g__;s__Ruminococcaceae_bacterium_D16	k__Bacteria;p__Firmicutes;c__Clostridia;o__Clostridiales;f__Lachnospiraceae;g__Coprococcus;s__Coprococcus_comes	k__Bacteria;p__Proteobacteria;c__Gammaproteobacteria;o__Enterobacterales;f__Enterobacteriaceae;g__Escherichia;s__Escherichia_coli	k__Bacteria;p__Firmicutes;c__Clostridia;o__Clostridiales;f__Ruminococcaceae;g__Anaerotruncus;s__Anaerotruncus_colihominis	k__Bacteria;p__Firmicutes;c__Clostridia;o__Clostridiales;f__Lachnospiraceae;g__Blautia;s__Blautia_obeum	k__Bacteria;p__Bacteroidetes;c__Bacteroidia;o__Bacteroidales;f__Odoribacteraceae;g__Odoribacter;s__Odoribacter_laneus	k__Bacteria;p__Firmicutes;c__Clostridia;o__Clostridiales;f__Ruminococcaceae;g__Ruminiclostridium;s__[Clostridium]_leptum	k__Bacteria;p__Bacteroidetes;c__Bacteroidia;o__Bacteroidales;f__Porphyromonadaceae;g__Parabacteroides;s__Parabacteroides_goldsteinii	k__Bacteria;p__Firmicutes;c__Clostridia;o__Clostridiales;f__Lachnospiraceae;g__Anaerostipes;s__Anaerostipes_hadrus	k__Bacteria;p__Firmicutes;c__Clostridia;o__Clostridiales;f__Ruminococcaceae;g__Ruminococcus;s__Ruminococcus_lactaris	k__Bacteria;p__Firmicutes;c__Clostridia;o__Clostridiales;f__Clostridiaceae;g__Clostridium;s__Clostridium_sp._L2-50	k__Bacteria;p__Firmicutes;c__Clostridia;o__Clostridiales;f__Clostridiaceae;g__Clostridium;s__Clostridium_sp._M62/1	k__Bacteria;p__Firmicutes;c__Clostridia;o__Clostridiales;f__;g__Intestinimonas;s__Intestinimonas_butyriciproducens	k__Bacteria;p__Actinobacteria;c__Actinobacteria;o__Bifidobacteriales;f__Bifidobacteriaceae;g__Bifidobacterium;s__Bifidobacterium_bifidum	k__Bacteria;p__Firmicutes;c__Negativicutes;o__Veillonellales;f__Veillonellaceae;g__Dialister;s__Dialister_invisus	k__Bacteria;p__Bacteroidetes;c__Bacteroidia;o__Bacteroidales;f__Bacteroidaceae;g__Bacteroides;s__Bacteroides_salanitronis
k__Bacteria;p__Bacteroidetes;c__Bacteroidia;o__Bacteroidales;f__Bacteroidaceae;g__Bacteroides;s__Bacteroides_vulgatus	1.0	0.0356553055648	0.0062173003779	-0.0143843861192	0.0194707202202	-0.00647014171682	0.0383911107962	-0.0249225321234	0.00487107362797	-0.0224641543559	-0.0139446874662	0.0529552936845	0.100837376709	0.0259098289741	0.00384075876858	0.00434498027218	-0.0601564817306	-0.0704886522142	-0.0496903766653	0.0159504795483	0.0196977064808	0.0116309299232	0.0199238539106	-0.0179631225138	0.00916200087379	0.0252321041908	0.0360776191859	-0.0432482265997	-0.0292388470327	0.00319511511661	-0.0467506487709	0.00958912285998	0.0139173415946	-0.0394418334361	-0.0366565991088	0.0170845099406	-0.0318708558034	0.056222294274	-0.0235941662276	0.0185438921937	-0.0228858913129	0.00231826026153	0.0628526647768	0.0150644818399	0.0370869666765	-0.0447544289062	0.0350308787455	0.0452081793252	-0.00225200626866	-0.00664439453225	-0.00727207924518	-0.0512136256246	-0.0411678859184	-0.0552777540388	-0.0461492709862	-0.00728765207376	0.0314936463493	0.00943515691404	-0.039733220959
k__Bacteria;p__Bacteroidetes;c__Bacteroidia;o__Bacteroidales;f__Bacteroidaceae;g__Bacteroides;s__Bacteroides_uniformis	0.0356553055648	1.0	-0.0485201538208	-0.0175337427986	0.0259377195528	0.0162408152706	-0.0481223741042	-0.00643920722083	-0.0386411491986	-0.0168887876549	0.0149282902977	-0.0214196246067	-0.00269172890584	0.0381062034914	0.0269189125066	0.00312488001748	-0.00645243421675	0.0160336062275	-0.0392149753642	-0.00751972724563	0.0115266527809	0.00240443563978	-0.000523428220796	0.0140971788552	-0.0127621781244	-0.0132027383909	-0.10688303326	0.00145673065242	-0.0400357475726	-0.0496169135382	-0.0164413225993	-0.00940124837929	-0.0132128750589	-0.0213222841854	-0.0175930253343	-0.0266566948184	-0.0366085623815	0.0433914403628	0.00203926845751	0.0169676078519	-0.0145274941136	0.0171074663889	-0.00805891386702	-0.0538180495076	-0.0671698876812	-0.00296420035633	0.0265489326701	-0.0132476325254	0.0175556443244	0.0536740883122	-0.0341913441522	-0.0382959512117	0.0463472974065	0.00820440692475	0.0210522542487	0.0519892529191	-0.0268473210449	0.00789889094523	0.0254227152993
k__Bacteria;p__Bacteroidetes;c__Bacteroidia;o__Bacteroidales;f__Rikenellaceae;g__Alistipes;s__Alistipes_putredinis	0.0062173003779	-0.0485201538208	1.0	0.00095271132895	-0.031167706183	-0.0106285270325	-0.0103971314203	0.0138823755422	-0.0268820363816	-0.0354995159852	-0.00637051091526	-0.0688607157446	-0.0579492769378	-0.0509826901551	0.053526104307	0.00892995328364	0.0309929738143	-0.0161644733171	-0.0142838472078	0.00316300650891	0.00219858953248	0.0315234311404	0.039917152612	-0.0449216996688	-0.0267530753235	0.0378741672522	-0.0205337382604	0.0369352599725	-0.01252725578	-0.0360851143765	-0.0238653417987	-0.0262826862812	0.0899398204892	-0.00624971320088	0.0564442804851	-0.00289197346302	0.0179739739522	-0.0309901347029	-0.0830330989299	-0.0372580104226	0.0193896863651	-0.0295079553745	-0.000784470462359	0.0175507660331	-0.0293481874221	-0.0283644638774	-0.0302102520885	0.0255894656743	-0.00274217609822	-0.0439141087937	-0.0220450151191	0.00501300947702	-0.0763765205744	-0.0302050833825	-0.0281249506488	0.0195434492616	0.0599266779273	-0.0220519034128	0.0104773264993
k__Bacteria;p__Bacteroidetes;c__Bacteroidia;o__Bacteroidales;f__Prevotellaceae;g__Prevotella;s__Prevotella_copri	-0.0143843861192	-0.0175337427986	0.00095271132895	1.0	-0.00576380330559	0.0375200577948	-0.020396478746	-0.0403475621804	0.0332796379919	-0.00587027659337	0.00653370801326	0.0181486153145	0.0422995484821	-0.0297129168785	-0.0592289352841	0.0183757837916	0.0122240135899	0.00160507539668	-0.041367957691	0.0191825211612	-0.067931241687	0.00608206727291	-0.034167255728	-0.00825545800517	0.0279635709355	0.0305373409258	0.0211862355354	-0.000901364264163	0.012617057779	0.0174657452086	-0.0315671344299	0.0128928922768	-0.0231484044071	0.051526199192	-0.016602498768	-0.0205674826973	-0.0570807334047	0.049626189217	0.00137247780844	0.0190310611234	-0.0258421547987	-0.0247955544455	0.000775228837184	-0.046916199296	-0.0164994111523	0.0157153490746	-0.00629372626402	0.000938112303787	-0.021613134898	0.0116550711029	0.00612925303025	0.0409862315607	0.034781066593	-0.0734223949399	-0.0173194946052	-0.0171079435771	-0.0432850198009	-0.050899493236	-0.01863212113
k__Bacteria;p__Bacteroidetes;c__Bacteroidia;o__Bacteroidales;f__Bacteroidaceae;g__Bacteroides;s__Bacteroides_stercoris	0.0194707202202	0.0259377195528	-0.031167706183	-0.00576380330559	1.0	0.0175991786873	-0.0192852868667	0.00638226795396	-0.0190301786292	-0.0439728559556	-0.0515081282417	-0.0275017320842	0.00180248634675	-0.0412062768949	-0.0159166408068	-0.0218420131064	0.0258113257498	0.030094813211	-0.00948888657466	-0.0646515580576	-0.0391304595934	-0.0352147589849	-0.0189067224955	-0.0211492766315	0.00328533625144	0.0521631143638	0.0279396685045	0.0239996479683	0.00447175510631	-0.00406807948016	-0.066893963242	-0.0179960676375	0.00341524723261	0.0294907437381	0.0331169403805	0.012010191826	-0.0368142992491	0.0443241004343	0.0391601097701	0.0432606420129	0.0316862597411	0.00670380817703	-0.0293759402613	-0.0427228836765	-0.0367557880963	0.0299338231681	0.0135191496141	-0.03622519912	-0.0229548890047	0.017824354779	-0.0671820043469	-0.00945477117658	-0.00234747636707	0.00676252979378	-0.0704385470475	-0.0661165904422	-0.0329472355243	-0.0416602800853	0.0390358815974
k__Bacteria;p__Bacteroidetes;c__Bacteroidia;o__Bacteroidales;f__Bacteroidaceae;g__Bacteroides;s__Bacteroides_ovatus	-0.00647014171682	0.0162408152706	-0.0106285270325	0.0375200577948	0.0175991786873	1.0	-0.0102671782292	0.0042113920899	-0.0189611200834	-0.023939310544	0.0556057200494	-0.0429596835392	-0.0150300252701	0.00569949979467	0.0294349231881	-0.0358717712933	-0.00897729509131	-0.0658403190829	-0.0176987918677	-0.0407352701936	0.0209264950466	-0.00201540167286	0.0357541167817	0.0124654525343	0.0175284090993	-0.0141927830292	-0.0331518633417	0.0112062073949	-0.00372152170113	0.0564415686688	-0.0261841562272	-0.0251146744876	0.0371581206577	-0.0185563797823	-0.0235212261598	0.0239115348937	-0.0740333060339	0.062875314801	-0.0247946624356	-0.0513845439455	-0.0137378613111	0.00282280714739	-0.0374745398496	-0.0275996046017	-0.0136871633797	0.00162006927357	0.0298347458948	0.000304339128396	-0.0320496775572	-0.00580011149369	-0.0429225287268	0.0117395526674	-0.046349969391	-0.0480616141552	0.00873032849203	0.0143967234923	-0.0032188339612	0.0236326920745	-0.0176034890632
k__Bacteria;p__Bacteroidetes;c__Bacteroidia;o__Bacteroidales;f__Rikenellaceae;g__Alistipes;s__Alistipes_shahii	0.0383911107962	-0.0481223741042	-0.0103971314203	-0.020396478746	-0.0192852868667	-0.0102671782292	1.0	-0.0182643236288	-0.0589761365844	0.00166957503527	0.0511776860865	-0.0178176858847	0.0278445862421	-0.0239916527432	0.0121099075253	0.0115848677217	0.0244444153385	0.0600926901056	-0.00689343655581	0.0326868261985	-0.00587994883269	0.00280663278745	-0.0325821902543	0.00516433120375	-0.00202729487686	-0.0540314741404	-0.0168465244734	-0.0197402678005	-0.0561642422003	0.00468658770614	-0.0206388350131	0.0340929571647	-0.00141294868211	0.0105716653788	-0.0166726287879	-0.0483770213319	-0.0773769497748	-0.0478290928204	0.0208469775796	0.0187217045678	0.0172227674409	0.0235424737499	0.0050418293011	0.050194398278	0.0063502556137	0.00511809389929	-0.00558962592791	-0.0449152752991	-0.0735320839485	0.0580611041338	-0.0869762717751	0.00733990032718	0.0873372483435	-0.0052799438401	0.0309178315239	0.0044625277614	0.0205526460447	-0.0368411233747	-0.038170050432
k__Bacteria;p__Firmicutes;c__Clostridia;o__Clostridiales;f__Ruminococcaceae;g__Faecalibacterium;s__Faecalibacterium_prausnitzii	-0.0249225321234	-0.00643920722083	0.0138823755422	-0.0403475621804	0.00638226795396	0.0042113920899	-0.0182643236288	1.0	0.0306320174686	-0.0326012052865	0.012796960916	-0.0390519036945	-0.0386988238981	-0.00463266455584	-0.0504346878847	0.063948022452	-0.0718814197511	0.0254532702733	-0.0173748891556	-0.0825275230436	-0.0597973554124	0.0120290417331	0.0128508558482	0.0592144333873	-0.0103784288631	-0.0247100588055	-0.0279426864173	0.0423629426551	-0.0639739899035	-0.0382716076605	0.0282666715921	-0.0169705372782	-0.0143157858821	-0.00110827365011	-0.0243039986734	0.032106962972	0.00582068008199	0.0168710911081	-0.02180011153	-0.0551449968293	0.0012322266361	-0.00841227337336	-0.0316692268592	-0.0387151126349	-0.0550012952163	0.0255970943612	0.01174856573	-0.0940798053056	-0.00710106044994	-0.0259145463564	0.0472193471217	-0.0519939554927	-0.0367656438375	-0.0302145769446	-0.0426086031418	0.0285088356709	-0.0242697349115	0.0082828930268	-0.00326598511345
k__Bacteria;p__Bacteroidetes;c__Bacteroidia;o__Bacteroidales;f__Rikenellaceae;g__Alistipes;s__Alistipes_finegoldii	0.00487107362797	-0.0386411491986	-0.0268820363816	0.0332796379919	-0.0190301786292	-0.0189611200834	-0.0589761365844	0.0306320174686	1.0	0.0162661920224	-0.0197217059494	-0.0265044506952	0.0239648539351	0.0256404024955	-0.0319975477029	-0.00545828348965	-0.0396721770854	-0.00664991939999	0.0523505972382	-0.0184814288879	-0.0459078552766	0.0231431224339	-0.00946860442945	0.0192129318438	-0.0359630735336	-0.00750389617016	-0.0447112928016	-0.0109418777687	0.00440987539759	0.0332563952065	0.0143775865673	-0.016889598951	-0.0548123536697	0.0344376104479	-0.0436595755974	0.0181311366257	-0.0370274684597	-0.0580157890954	0.025517467201	0.0398797059735	-0.0160149689339	0.00878055364187	0.0305913555682	-0.00855439364083	0.0216772121435	0.0158035717585	-0.015146010978	-0.0428945778747	0.0514919034478	-0.0412530886467	0.0025731287177	-0.00959816531054	-0.0195510463506	0.0360502655497	-0.0237368408741	0.0457184742475	-0.0316501753023	0.0159517686007	-0.0240487296751
k__Bacteria;p__Bacteroidetes;c__Bacteroidia;o__Bacteroidales;f__Porphyromonadaceae;g__Parabacteroides;s__Parabacteroides_distasonis	-0.0224641543559	-0.0168887876549	-0.0354995159852	-0.00587027659337	-0.0439728559556	-0.023939310544	0.00166957503527	-0.0326012052865	0.0162661920224	1.0	-0.0151013711628	0.0645398389242	0.0108711602146	-0.0144402002503	-0.00438045158214	-0.0340826092842	0.00316936054597	0.00724760126071	0.0137063884529	-0.0103337783799	-0.0391158987786	-0.00979230159504	0.0214042270876	0.0479944798497	-0.0220380804307	-0.0248951060451	-0.00250278594541	-0.000359750171293	-0.0205392492222	-0.0320640685298	-0.0527010898498	-0.00503749569846	-0.00676244034592	-0.0361859966503	0.00975859997131	-0.0271732547526	-0.053284919028	-0.0395118986152	0.0677790417852	0.027085933141	-0.0415647440306	0.020063136094	-0.0421002759716	0.0351191540758	0.0446197571775	-0.0426423954298	-0.030915610772	0.0222984189388	-0.043657223404	-0.0165974676669	-0.105381404526	0.0205897378497	0.0952515169682	-0.0585016795728	0.0249093250517	0.0162851345294	-0.00328136001126	0.0298136903067	-0.0207543648584
k__Bacteria;p__Bacteroidetes;c__Bacteroidia;o__Bacteroidales;f__Bacteroidaceae;g__Bacteroides;s__Bacteroides_thetaiotaomicron	-0.0139446874662	0.0149282902977	-0.00637051091526	0.00653370801327	-0.0515081282417	0.0556057200494	0.0511776860865	0.012796960916	-0.0197217059494	-0.0151013711628	1.0	-0.0265859043069	0.024018508685	-0.0488526667963	-0.000693318065114	-0.0397059059524	-0.0250106098306	-0.058906878369	-0.0558414603644	-0.0143706652288	0.0078331439053	-0.0111447144436	-0.0287413112204	-0.004209112159	-0.0136130411045	-0.0722073795514	-0.0486055578449	0.00889735520365	0.0219647202465	-0.0383955846198	-0.0468997043433	-0.0500010176455	-0.0288830796314	0.031408788917	-0.0243021174645	-0.00606516187669	0.00525786078759	-0.0250733911482	0.0587819781316	0.0559190694523	-0.0247450611226	-0.0265321663244	-0.00480376181453	-0.0193025431278	0.065101782978	0.0346518419088	0.00503274748033	-0.0221677994187	-0.00685756532876	0.0213634129921	-0.0537160040833	0.00834700764435	-0.0298902060998	-0.0167912739691	-0.0464003847544	0.00499836925625	0.0184675860408	-0.000818201473117	0.0168381638281
k__Bacteria;p__Bacteroidetes;c__Bacteroidia;o__Bacteroidales;f__Bacteroidaceae;g__Bacteroides;s__Bacteroides_coprocola	0.0529552936845	-0.0214196246067	-0.0688607157446	0.0181486153145	-0.0275017320842	-0.0429596835392	-0.0178176858847	-0.0390519036945	-0.0265044506952	0.0645398389242	-0.0265859043069	1.0	0.0145818055996	0.00961537899982	0.000913096164275	0.0210686547422	-0.0265594484201	-0.0404354398683	-0.00106731156184	-0.00210445532234	-0.020780796467	-0.0591245955435	-0.0315909965917	0.00920209946207	-0.00558008647118	-0.0749310565311	-0.0640061223929	0.00437233998095	0.0193228899953	-0.0212371424163	-0.0364617879701	0.0303884617672	-0.069167418532	0.00206843545608	-0.0239063710506	-0.0469206304164	0.0429896563639	-0.0252285700846	0.0457090784954	0.0259095578647	0.0518385082034	0.0323468774322	-0.00593724398794	0.000135291296701	-0.0256883182481	0.0615636793777	0.036092882678	-0.0542473606394	-0.0102134262923	0.0105695936223	0.019618571327	0.0248837136812	0.0250341315772	0.0116022181982	-0.0204553252569	-0.0215119326886	-0.0208187306776	0.0478679402346	0.0413205634314
k__Bacteria;p__Bacteroidetes;c__Bacteroidia;o__Bacteroidales;f__Bacteroidaceae;g__Bacteroides;s__Bacteroides_cellulosilyticus	0.100837376709	-0.00269172890584	-0.0579492769378	0.0422995484821	0.00180248634675	-0.0150300252701	0.0278445862421	-0.0386988238981	0.0239648539351	0.0108711602146	0.024018508685	0.0145818055996	1.0	-0.0131237140732	0.00531583686275	0.0274214166854	-0.0607012883233	-0.0219887260157	-0.0106297423815	-0.0466167913212	0.00552408210175	-0.0196983610395	-0.0205731014731	0.0186172216185	0.0415602637066	-0.00811670158475	0.0136127225369	-0.00717184793811	0.00123106552771	-0.0494757141984	-0.0499077754238	0.00475567866638	-0.0146868016013	-0.0129868763047	0.0307165294129	-0.00873061399484	0.0157909504149	0.0273959808349	-0.0201837061446	0.0445970222974	-0.0287154124777	-0.0363803137066	-0.00846708316826	-0.0255227736345	0.00346949162421	-0.0161147426949	0.0179060359806	-0.00324815008059	0.0519299902129	0.0156646092136	0.0455732639185	-0.0822226321002	0.011957124901	0.0392330702753	0.0190113807296	-0.0106766014885	-0.0275394231746	0.0207280322501	-0.0259631872981
k__Bacteria;p__Bacteroidetes;c__Bacteroidia;o__Bacteroidales;f__Rikenellaceae;g__Alistipes;s__Alistipes_obesi	0.0259098289741	0.0381062034914	-0.0509826901551	-0.0297129168785	-0.0412062768949	0.00569949979467	-0.0239916527432	-0.00463266455584	0.0256404024955	-0.0144402002503	-0.0488526667963	0.00961537899982	-0.0131237140732	1.0	-0.00651267122019	-0.0225819202837	-0.0384803052914	-0.00412289760981	-0.0316670599729	-0.0158413092126	0.0248785765046	0.00575535991293	-0.0308702073466	-0.0235167206581	-0.012684850538	-0.0633562485211	0.00399729850417	0.022582586242	0.0127936418524	-0.0130758980957	0.0682793727953	-0.00576376393557	-0.000392655376179	-0.0276833865096	0.00295617059213	-0.043718576791	0.0347371885522	0.0843328435522	0.0475704464113	0.0464689382637	-0.0483335129057	-0.0209858991855	-0.0466854991834	0.0147275845267	-0.0238766274427	-0.0601378415709	-0.0695098519558	0.0188852138029	-0.0456960261121	0.00834074477596	0.0202888449023	-0.0105523113123	-0.0219755708824	-0.00843280631541	-0.0171162180927	-0.054089132271	-0.0281438796538	0.00549461024729	0.0555946453556
k__Bacteria;p__Firmicutes;c__Clostridia;o__Clostridiales;f__Lachnospiraceae;g__;s__[Eubacterium]_rectale	0.00384075876858	0.0269189125066	0.053526104307	-0.0592289352841	-0.0159166408068	0.0294349231881	0.0121099075253	-0.0504346878847	-0.0319975477029	-0.00438045158214	-0.000693318065114	0.000913096164275	0.00531583686275	-0.00651267122019	1.0	0.00314033953608	0.013279461035	0.00812087286407	-0.0329058410615	0.00139180100386	0.0354514584531	-0.0433411719411	0.0814599610323	-0.0636145399179	-0.0302444390358	0.0514020404927	0.0243456226415	0.0533978808338	-0.0184498834587	-0.0342070442968	0.0140233154289	-0.047519640084	0.00813392966157	0.00121506759614	0.0350057856413	-0.0838266452625	0.0237396456431	-0.0489925111852	0.0233893950341	0.0199035308772	0.017268599752	0.0277623296807	-0.0292511205408	0.0392159229102	0.0294363432405	-0.0333850237292	0.018224439647	0.00793582858776	-0.0143657820471	-0.0474031429804	-0.0672009458141	0.0323970772878	-0.00294701542338	0.00793812776574	-0.072833312605	-0.0165005363618	-0.0155681331896	-0.00131179532702	-0.00586002272901
k__Bacteria;p__Bacteroidetes;c__Bacteroidia;o__Bacteroidales;f__Bacteroidaceae;g__Bacteroides;s__Bacteroides_plebeius	0.00434498027218	0.00312488001748	0.00892995328364	0.0183757837916	-0.0218420131064	-0.0358717712933	0.0115848677217	0.063948022452	-0.00545828348965	-0.0340826092842	-0.0397059059524	0.0210686547422	0.0274214166854	-0.0225819202837	0.00314033953608	1.0	0.00730714531996	0.0157701416285	-0.0729556966165	-0.037369837921	0.0115606493248	-0.0243006812762	-0.021172532213	0.0417459610242	0.039950645363	-0.0365118978841	-0.0144788237744	-0.0202845433561	-0.0651577465476	-0.0292953075992	-0.0509028200183	0.0322247081277	-0.0152267813808	0.000676270391164	-0.0199241638612	-0.0059497155384	-0.0442179335648	0.0297479014199	0.0117547336541	-0.00472132349619	-0.0423125132615	-0.0712133535942	-0.0571149887012	-0.0200370757912	-0.0190413903154	-0.0369558369498	-0.0252287581838	0.00955553927358	0.0312440349832	-0.0761822864156	0.050194675061	-0.0471121458259	0.0259435348499	0.00141308429558	-0.000582914855426	0.0773204613969	-0.00251242991947	0.0152416111364	-0.0334296610444
k__Bacteria;p__Bacteroidetes;c__Bacteroidia;o__Bacteroidales;f__Bacteroidaceae;g__Bacteroides;s__Bacteroides_fragilis	-0.0601564817306	-0.00645243421675	0.0309929738143	0.0122240135899	0.0258113257498	-0.00897729509131	0.0244444153385	-0.0718814197511	-0.0396721770854	0.00316936054597	-0.0250106098306	-0.0265594484201	-0.0607012883233	-0.0384803052914	0.013279461035	0.00730714531996	1.0	0.0111720581243	0.00197172380434	-0.0337436460607	-0.0158972710348	-0.040393277819	-0.00761280726411	-0.0157064909816	0.0229660755776	-0.0229512185188	0.00725003841264	0.0112391403832	-0.00948301787616	0.0288910509031	-0.0609776618504	0.0174671526065	-0.00528692000363	-0.0152201336936	0.00941036492277	0.00833499539627	-0.00251854144868	-0.0639722356146	-0.014848400609	-0.0290794214172	0.00783015646164	-0.000296682424185	0.0261237762072	-0.0116333108532	0.026016928722	0.0519794522075	-0.0575004991822	0.00170048554125	-0.026155628589	-0.0184879426232	-0.0117044807827	-0.016773850952	-0.00399830437854	-0.00880036667721	-0.0164139059227	-0.0214528244987	-0.0300626610553	0.0234436856318	-0.0152543931053
k__Bacteria;p__Proteobacteria;c__Betaproteobacteria;o__Burkholderiales;f__Sutterellaceae;g__Sutterella;s__Sutterella_wadsworthensis	-0.0704886522142	0.0160336062275	-0.0161644733171	0.00160507539668	0.030094813211	-0.0658403190829	0.0600926901056	0.0254532702733	-0.00664991939999	0.00724760126071	-0.058906878369	-0.0404354398683	-0.0219887260157	-0.00412289760981	0.00812087286407	0.0157701416285	0.0111720581243	1.0	0.0388981578786	0.00180322949268	-0.0194232147779	0.0190140695115	-0.0300501213972	-5.6351782435e-05	-0.00761125307926	-0.0319185470659	0.0484685251217	0.0157317253804	-0.0239122972489	-0.00331928459931	-0.00921364126978	0.0306306942201	0.0220544452673	-0.0356375375633	-0.0662043901429	0.0126512225526	-0.0435251275078	0.0178191891154	-0.0387184836601	0.0126028412275	0.0371817802784	-0.00620216876744	0.0208359421444	-0.0523360894196	0.00913592614762	0.00255976387531	-0.0240182253677	-0.017288548822	0.0123333845077	-0.0387008976648	-0.0261111925964	-0.0307827277828	-0.0223331380238	0.012170818897	0.0191885732216	-0.0254374806457	-0.0611393642477	0.0314066347232	-0.110231816144
k__Bacteria;p__Bacteroidetes;c__Bacteroidia;o__Bacteroidales;f__Porphyromonadaceae;g__Barnesiella;s__Barnesiella_intestinihominis	-0.0496903766653	-0.0392149753642	-0.0142838472078	-0.041367957691	-0.00948888657466	-0.0176987918677	-0.00689343655581	-0.0173748891556	0.0523505972382	0.0137063884529	-0.0558414603644	-0.00106731156184	-0.0106297423815	-0.0316670599729	-0.0329058410615	-0.0729556966165	0.00197172380434	0.0388981578786	1.0	-0.0123483728848	0.000116790079197	-0.0464968282127	-0.010406261997	-0.0376477476232	-0.0345007736703	0.0145747115177	-0.0190174387925	-0.0152373835948	0.0541394056305	-0.0217850235519	0.0620145189102	0.00910561205589	-0.0276634400861	-0.00288568015684	0.0301589798435	-0.0335226780884	-0.0178112306928	-0.0353953124065	-0.00269567603388	0.00203182000224	0.0138632853148	-0.011926366754	-0.0149025222711	-0.0479531495685	-0.0498057864208	0.0230242904574	-0.0459129187113	0.0408946041019	-0.029410380305	-0.0080639675169	-0.0316928253099	0.03651068357	-0.0785193672937	-0.0036134882457	-0.00215637453445	-0.0201449889296	0.0118824592798	-0.0333403719836	0.0105917916396
k__Bacteria;p__Bacteroidetes;c__Bacteroidia;o__Bacteroidales;f__Odoribacteraceae;g__Odoribacter;s__Odoribacter_splanchnicus	0.0159504795483	-0.00751972724563	0.00316300650891	0.0191825211612	-0.0646515580576	-0.0407352701936	0.0326868261985	-0.0825275230436	-0.0184814288879	-0.0103337783799	-0.0143706652288	-0.00210445532234	-0.0466167913212	-0.0158413092126	0.00139180100386	-0.037369837921	-0.0337436460607	0.00180322949268	-0.0123483728848	1.0	0.0581241263386	-0.0120219157997	-0.0330011055241	-0.05996966352	-0.0331738823766	-0.0625985245382	0.000684517978913	-0.00149461829661	-0.0108744762125	-0.0306521006392	-0.0382807499737	0.0414659420389	0.0307172325011	-0.0138200470082	0.0264497788538	-0.0296657898423	0.00544323795159	0.0649265752553	-0.0722954273211	0.0100619741566	-0.00671921908414	0.0550997386334	0.00736732962993	0.0246434408726	0.0109732467436	-0.0687267422268	0.00433326071392	0.0585508108644	-0.0633677561755	0.0432000459251	-0.0354845064772	-0.0377189739036	-0.0260636896024	0.0159148693551	-0.00150455653717	0.0285115997953	0.0147312100274	-0.013535901498	-0.062195044368
k__Bacteria;p__Bacteroidetes;c__Bacteroidia;o__Bacteroidales;f__Bacteroidaceae;g__Bacteroides;s__Bacteroides_salyersiae	0.0196977064808	0.0115266527809	0.00219858953248	-0.067931241687	-0.0391304595934	0.0209264950466	-0.00587994883269	-0.0597973554124	-0.0459078552766	-0.0391158987786	0.0078331439053	-0.020780796467	0.00552408210175	0.0248785765046	0.0354514584531	0.0115606493248	-0.0158972710348	-0.0194232147779	0.000116790079197	0.0581241263386	1.0	-0.0167239886846	0.00487380396462	-0.0638312733859	-0.0135366358526	-0.0648080656579	-0.00832573564043	-0.0200348554359	-0.000883140210419	-0.0577815198314	-0.0762096212523	-0.0380818853051	0.0016530424326	-0.0760292055456	-0.00442666821544	0.0493456273135	0.00841944070585	-0.0221830183743	-0.0178091736715	-0.00312270876562	-0.0279449075978	-0.0141427481549	-0.025844000874	0.0214133579495	-0.0616518813385	-0.0404660972859	0.0148475238319	0.0801997562457	-0.0122453952052	0.020799037617	-0.0106248394644	0.000983896175777	-0.00209775199829	0.0359336191482	0.00968202549683	0.0244228625134	0.082575004471	0.0246977381811	0.0299468616081
k__Bacteria;p__Firmicutes;c__Clostridia;o__Clostridiales;f__Ruminococcaceae;g__Ruminiclostridium;s__[Eubacterium]_siraeum	0.0116309299232	0.00240443563978	0.0315234311404	0.00608206727291	-0.0352147589849	-0.00201540167286	0.00280663278745	0.0120290417331	0.0231431224339	-0.00979230159504	-0.0111447144436	-0.0591245955435	-0.0196983610395	0.00575535991293	-0.0433411719411	-0.0243006812762	-0.040393277819	0.0190140695115	-0.0464968282127	-0.0120219157997	-0.0167239886846	1.0	-0.00363164663308	-0.0203508151272	-0.0341260220946	0.0174159741424	0.0408758409838	0.0195445617079	-0.0301618337761	-0.00726984851361	0.00328105526979	0.0161687343976	-0.00176425830948	-0.034303659422	0.0396136246663	-0.00797677386451	0.00909051165641	-0.00538344929759	-0.0327788402972	-0.0438586700195	0.0640100054621	0.065642959135	0.00430934729556	-0.0639609391999	0.0401005805511	-0.013994580947	0.0341525125467	-0.026269989833	0.062222553917	-0.0434439495417	-0.055592939581	-0.0445815359486	0.0242749716371	-0.0230745300791	-0.00497894288861	-0.0302857964497	0.0225829881269	-0.0447826110431	-0.0421743511407
k__Bacteria;p__Proteobacteria;c__Betaproteobacteria;o__Burkholderiales;f__Sutterellaceae;g__Parasutterella;s__Parasutterella_excrementihominis	0.0199238539106	-0.000523428220796	0.039917152612	-0.034167255728	-0.0189067224955	0.0357541167817	-0.0325821902543	0.0128508558482	-0.00946860442945	0.0214042270876	-0.0287413112204	-0.0315909965917	-0.0205731014731	-0.0308702073466	0.0814599610323	-0.021172532213	-0.00761280726411	-0.0300501213972	-0.010406261997	-0.0330011055241	0.00487380396462	-0.00363164663308	1.0	-0.00778623157354	-0.013469750397	-0.049961980812	0.0104815242857	0.0704386786365	-0.0907796701464	-0.0360423351343	0.000220651947536	-0.00316601771058	0.0408338184897	0.0021099827995	-0.0102858752288	0.0506403854817	-0.0521212559539	-0.0171822824997	0.00997309297559	-0.0138556647198	0.0161979759864	-0.0371380308166	-0.0163648260793	0.00788161658471	0.0106823792054	-0.0407175361256	0.00196473607673	-0.0330297592957	0.0557014328594	-0.0423506228095	-0.0845473265077	-0.00271407443158	-0.0351926301061	-0.0293972188151	-0.000560789556868	0.00778748130947	0.0326039983179	-0.0308485589977	0.0142722814697
k__Bacteria;p__Actinobacteria;c__Actinobacteria;o__Bifidobacteriales;f__Bifidobacteriaceae;g__Bifidobacterium;s__Bifidobacterium_adolescentis	-0.0179631225138	0.0140971788552	-0.0449216996688	-0.00825545800517	-0.0211492766315	0.0124654525343	0.00516433120375	0.0592144333873	0.0192129318438	0.0479944798497	-0.004209112159	0.00920209946207	0.0186172216185	-0.0235167206581	-0.0636145399179	0.0417459610242	-0.0157064909816	-5.6351782435e-05	-0.0376477476232	-0.05996966352	-0.0638312733859	-0.0203508151272	-0.00778623157354	1.0	0.0177187223433	-0.00897700642598	0.00194877944612	-0.00718471051569	-0.0341161589327	-0.0198495165933	0.019321783496	-0.02377691735	-0.000215505466236	-0.0343454875821	-0.0820445371836	-0.00189858314127	0.0265943500145	0.0055623055767	-0.000802525384108	-0.0521446722121	0.0544518152107	-0.0450730532199	-0.0357993603239	0.00612020358248	-0.0292803877379	-0.0162386153648	-0.0969058661467	-0.0558235983342	-0.0200323410828	0.06176327153	-0.0018426094346	-0.0455200286741	-0.0463372615959	-0.0158188891328	0.00192509386991	-0.00462916604821	0.0183244493086	0.0165396892255	0.0809520800203
k__Bacteria;p__Firmicutes;c__Clostridia;o__Clostridiales;f__Oscillospiraceae;g__Oscillibacter;s__Oscillibacter_sp._KLE_1745	0.00916200087379	-0.0127621781244	-0.0267530753235	0.0279635709355	0.00328533625144	0.0175284090993	-0.00202729487686	-0.0103784288631	-0.0359630735336	-0.0220380804307	-0.0136130411045	-0.00558008647118	0.0415602637066	-0.012684850538	-0.0302444390358	0.039950645363	0.0229660755776	-0.00761125307926	-0.0345007736703	-0.0331738823766	-0.0135366358526	-0.0341260220946	-0.013469750397	0.0177187223433	1.0	-0.0291200199219	0.0320023480362	0.0252203691631	-0.0212546547765	0.0219618804842	-0.027674618342	-0.0335871359825	-0.029586366555	-0.00950998790118	0.00586215225899	-0.00698696394646	0.00180560393635	-0.0526879566104	-0.0457085403977	-0.0457194842737	-0.072069384552	-0.00158324874932	0.0429842620224	-0.0376480547811	-0.00735162106575	-0.0133028454497	-0.079814525741	-0.0146841155853	-0.0381144155761	-0.046691021158	0.0266077535512	0.0322478436153	0.0335665790702	-0.00338717217942	-0.025662559365	0.00612199704125	-0.0377197495898	0.0816798206873	-0.0201685591512
k__Bacteria;p__Bacteroidetes;c__Bacteroidia;o__Bacteroidales;f__Bacteroidaceae;g__Bacteroides;s__Bacteroides_coprophilus	0.0252321041908	-0.0132027383909	0.0378741672522	0.0305373409258	0.0521631143638	-0.0141927830292	-0.0540314741404	-0.0247100588055	-0.00750389617016	-0.0248951060451	-0.0722073795514	-0.0749310565311	-0.00811670158475	-0.0633562485211	0.0514020404927	-0.0365118978841	-0.0229512185188	-0.0319185470659	0.0145747115177	-0.0625985245382	-0.0648080656579	0.0174159741424	-0.049961980812	-0.00897700642598	-0.0291200199219	1.0	-0.0367584807662	0.0236886502988	0.0119137327242	-0.0717665150531	0.0380159045797	0.0289666108551	0.0506831347363	0.0841631191927	0.02071959781	-0.00645293367225	0.105595568828	0.0163942526452	0.00890595426391	-0.0525718893447	0.0196983074097	-0.0541018955779	-0.00480863452943	-0.0287597696899	-0.0116079317851	-0.0274643962631	0.042366865788	0.0374091074303	-0.00650326458195	-0.0384397390613	0.0201955305178	0.0149502010824	0.00173142278496	-0.0832222342017	-0.0761743058893	-0.053360972954	-0.0304831774356	-0.0378529243153	0.0077527365147
k__Bacteria;p__Firmicutes;c__Clostridia;o__Clostridiales;f__Lachnospiraceae;g__Roseburia;s__Roseburia_intestinalis	0.0360776191859	-0.10688303326	-0.0205337382604	0.0211862355354	0.0279396685045	-0.0331518633417	-0.0168465244734	-0.0279426864173	-0.0447112928016	-0.00250278594541	-0.0486055578449	-0.0640061223929	0.0136127225369	0.00399729850417	0.0243456226415	-0.0144788237744	0.00725003841264	0.0484685251217	-0.0190174387925	0.000684517978913	-0.00832573564043	0.0408758409838	0.0104815242857	0.00194877944612	0.0320023480362	-0.0367584807662	1.0	-0.0059281210403	0.0366106098956	-4.85863730235e-05	-0.00927469653599	0.001108911217	0.0142962789523	-0.0586038752601	0.0461464522536	-0.00165910190821	-0.0245414879396	-0.0353719764621	0.0263180453157	-0.0487415929019	-0.0903750371486	0.060116402616	0.0284199545124	-3.32690507942e-05	0.00113451426884	0.00165407703043	-0.0184367900161	-0.01161414859	0.0403886942908	0.0747846500523	-0.0435947823158	-0.0411044850639	-0.0416917620067	-0.00410690439475	-0.0623149722576	-0.0143462399918	-0.00640505065938	-0.0454187317045	0.0279750978007
k__Bacteria;p__Firmicutes;c__Clostridia;o__Clostridiales;f__Lachnospiraceae;g__Roseburia;s__Roseburia_hominis	-0.0432482265997	0.00145673065242	0.0369352599725	-0.000901364264163	0.0239996479683	0.0112062073949	-0.0197402678005	0.0423629426551	-0.0109418777687	-0.000359750171293	0.00889735520365	0.00437233998095	-0.00717184793811	0.022582586242	0.0533978808338	-0.0202845433561	0.0112391403832	0.0157317253804	-0.0152373835948	-0.00149461829661	-0.0200348554359	0.0195445617079	0.0704386786365	-0.00718471051569	0.0252203691631	0.0236886502988	-0.0059281210403	1.0	-0.025130097861	-0.0373885799111	-0.00336176654797	-0.0822176785264	-0.0227866356486	-0.0287180423844	-0.015850728778	0.052729175112	-0.0526541698697	0.0103464177422	0.00383117591478	0.00412138263061	0.047886158781	0.0116203843208	-0.0248437332674	0.0126693313505	0.0196569907866	-0.0184879147588	-0.0531538629291	-0.00133424740695	-0.043742832387	-0.0221370590094	0.00452000519572	-0.0544902862654	-0.00813230983989	-0.034724292241	-0.0725959630996	0.0222428622484	-0.0198364309	-0.0427656244965	-0.00479013648999
k__Bacteria;p__Bacteroidetes;c__Bacteroidia;o__Bacteroidales;f__Porphyromonadaceae;g__Parabacteroides;s__Parabacteroides_johnsonii	-0.0292388470327	-0.0400357475726	-0.01252725578	0.012617057779	0.00447175510631	-0.00372152170113	-0.0561642422003	-0.0639739899035	0.00440987539759	-0.0205392492222	0.0219647202465	0.0193228899953	0.00123106552771	0.0127936418524	-0.0184498834587	-0.0651577465476	-0.00948301787616	-0.0239122972489	0.0541394056305	-0.0108744762125	-0.000883140210419	-0.0301618337761	-0.0907796701464	-0.0341161589327	-0.0212546547765	0.0119137327242	0.0366106098956	-0.025130097861	1.0	-0.0034311200519	-0.0237729478649	-0.0145611675749	-0.0217537035968	0.0246857376506	0.0237339338581	-0.0100830911512	-0.056406241871	-0.0602404511904	0.0362301450552	0.0219085869138	-0.0184188845716	-0.0218101090544	-0.00849981243839	0.0369173653371	-0.0408182589307	0.0271893064058	0.028549638562	0.0433509523186	0.00792388624408	-0.0869193828195	-0.0355548933367	0.0679318256722	-0.0283089384901	0.0153818791109	-0.0292550510911	-0.0199701607603	0.0282345690682	0.00600021269418	0.0132705142923
k__Bacteria;p__Actinobacteria;c__Actinobacteria;o__Bifidobacteriales;f__Bifidobacteriaceae;g__Bifidobacterium;s__Bifidobacterium_longum	0.00319511511661	-0.0496169135382	-0.0360851143765	0.0174657452086	-0.00406807948016	0.0564415686688	0.00468658770614	-0.0382716076605	0.0332563952065	-0.0320640685298	-0.0383955846198	-0.0212371424163	-0.0494757141984	-0.0130758980957	-0.0342070442968	-0.0292953075992	0.0288910509031	-0.00331928459931	-0.0217850235519	-0.0306521006392	-0.0577815198314	-0.00726984851361	-0.0360423351343	-0.0198495165933	0.0219618804842	-0.0717665150531	-4.85863730234e-05	-0.0373885799111	-0.0034311200519	1.0	0.0387473042059	0.00264669690248	0.0107243541641	0.0108495665612	-0.0478175901341	-0.0472324371046	-0.00886494269359	0.0333421576035	0.0253977983487	-0.00266222072839	-0.0461653903132	-0.0278150832915	0.0406784054061	0.0157473887829	-0.0231910886899	-0.0705357175132	0.0487584193967	-0.00954907483388	0.0711190727913	0.000389366735804	0.00522622413052	0.0184908398201	0.016492384418	-0.0769117420194	0.0114710423555	0.0300908305835	0.0745928458595	0.0253857616392	0.00505768004966
