#taxonomy	k__Bacteria;p__Bacteroidetes;c__Bacteroidia;o__Bacteroidales;f__Bacteroidaceae;g__Bacteroides;s__Bacteroides_vulgatus	k__Bacteria;p__Bacteroidetes;c__Bacteroidia;o__Bacteroidales;f__Bacteroidaceae;g__Bacteroides;s__Bacteroides_uniformis	k__Bacteria;p__Bacteroidetes;c__Bacteroidia;o__Bacteroidales;f__Rikenellaceae;g__Alistipes;s__Alistipes_putredinis	k__Bacteria;p__Bacteroidetes;c__Bacteroidia;o__Bacteroidales;f__Prevotellaceae;g__Prevotella;s__Prevotella_copri	k__Bacteria;p__Bacteroidetes;c__Bacteroidia;o__Bacteroidales;f__Bacteroidaceae;g__Bacteroides;s__Bacteroides_stercoris	k__Bacteria;p__Bacteroidetes;c__Bacteroidia;o__Bacteroidales;f__Bacteroidaceae;g__Bacteroides;s__Bacteroides_ovatus	k__Bacteria;p__Bacteroidetes;c__Bacteroidia;o__Bacteroidales;f__Rikenellaceae;g__Alistipes;s__Alistipes_shahii	k__Bacteria;p__Firmicutes;c__Clostridia;o__Clostridiales;f__Ruminococcaceae;g__Faecalibacterium;s__Faecalibacterium_prausnitzii	k__Bacteria;p__Bacteroidetes;c__Bacteroidia;o__Bacteroidales;f__Rikenellaceae;g__Alistipes;s__Alistipes_finegoldii	k__Bacteria;p__Bacteroidetes;c__Bacteroidia;o__Bacteroidales;f__Porphyromonadaceae;g__Parabacteroides;s__Parabacteroides_distasonis	k__Bacteria;p__Bacteroidetes;c__Bacteroidia;o__Bacteroidales;f__Bacteroidaceae;g__Bacteroides;s__Bacteroides_thetaiotaomicron	k__Bacteria;p__Bacteroidetes;c__Bacteroidia;o__Bacteroidales;f__Bacteroidaceae;g__Bacteroides;s__Bacteroides_coprocola	k__Bacteria;p__Bacteroidetes;c__Bacteroidia;o__Bacteroidales;f__Bacteroidaceae;g__Bacteroides;s__Bacteroides_cellulosilyticus	k__Bacteria;p__Bacteroidetes;c__Bacteroidia;o__Bacteroidales;f__Rikenellaceae;g__Alistipes;s__Alistipes_obesi	k__Bacteria;p__Firmicutes;c__Clostridia;o__Clostridiales;f__Lachnospiraceae;g__;s__[Eubacterium]_rectale	k__Bacteria;p__Bacteroidetes;c__Bacteroidia;o__Bacteroidales;f__Bacteroidaceae;g__Bacteroides;s__Bacteroides_plebeius	k__Bacteria;p__Bacteroidetes;c__Bacteroidia;o__Bacteroidales;f__Bacteroidaceae;g__Bacteroides;s__Bacteroides_fragilis	k__Bacteria;p__Proteobacteria;c__Betaproteobacteria;o__Burkholderiales;f__Sutterellaceae;g__Sutterella;s__Sutterella_wadsworthensis	k__Bacteria;p__Bacteroidetes;c__Bacteroidia;o__Bacteroidales;f__Porphyromonadaceae;g__Barnesiella;s__Barnesiella_intestinihominis	k__Bacteria;p__Bacteroidetes;c__Bacteroidia;o__Bacteroidales;f__Odoribacteraceae;g__Odoribacter;s__Odoribacter_splanchnicus	k__Bacteria;p__Bacteroidetes;c__Bacteroidia;o__Bacteroidales;f__Bacteroidaceae;g__Bacteroides;s__Bacteroides_salyersiae	k__Bacteria;p__Firmicutes;c__Clostridia;o__Clostridiales;f__Ruminococcaceae;g__Ruminiclostridium;s__[Eubacterium]_siraeum	k__Bacteria;p__Proteobacteria;c__Betaproteobacteria;o__Burkholderiales;f__Sutterellaceae;g__Parasutterella;s__Parasutterella_excrementihominis	k__Bacteria;p__Actinobacteria;c__Actinobacteria;o__Bifidobacteriales;f__Bifidobacteriaceae;g__Bifidobacterium;s__Bifidobacterium_adolescentis	k__Bacteria;p__Firmicutes;c__Clostridia;o__Clostridiales;f__Oscillospiraceae;g__Oscillibacter;s__Oscillibacter_sp._KLE_1745	k__Bacteria;p__Bacteroidetes;c__Bacteroidia;o__Bacteroidales;f__Bacteroidaceae;g__Bacteroides;s__Bacteroides_coprophilus	k__Bacteria;p__Firmicutes;c__Clostridia;o__Clostridiales;f__Lachnospiraceae;g__Roseburia;s__Roseburia_intestinalis	k__Bacteria;p__Firmicutes;c__Clostridia;o__Clostridiales;f__Lachnospiraceae;g__Roseburia;s__Roseburia_hominis	k__Bacteria;p__Bacteroidetes;c__Bacteroidia;o__Bacteroidales;f__Porphyromonadaceae;g__Parabacteroides;s__Parabacteroides_johnsonii	k__Bacteria;p__Actinobacteria;c__Actinobacteria;o__Bifidobacteriales;f__Bifidobacteriaceae;g__Bifidobacterium;s__Bifidobacterium_longum	k__Bacteria;p__Firmicutes;c__Clostridia;o__Clostridiales;f__;g__Flavonifractor;s__Flavonifractor_plautii	k__Bacteria;p__Firmicutes;c__Clostridia;o__Clostridiales;f__Clostridiaceae;g__Clostridium;s__Clostridium_phoceensis	k__Bacteria;p__Verrucomicrobia;c__Verrucomicrobiae;o__Verrucomicrobiales;f__Akkermansiaceae;g__Akkermansia;s__Akkermansia_muciniphila	k__Bacteria;p__Bacteroidetes;c__Bacteroidia;o__Bacteroidales;f__Prevotellaceae;g__Paraprevotella;s__Paraprevotella_xylaniphila	k__Bacteria;p__Firmicutes;c__Clostridia;o__Clostridiales;f__Ruminococcaceae;g__Ruminococcus;s__Ruminococcus_callidus	k__Bacteria;p__Bacteroidetes;c__Bacteroidia;o__Bacteroidales;f__Rikenellaceae;g__Alistipes;s__Alistipes_senegalensis	k__Bacteria;p__Firmicutes;c__Clostridia;o__Clostridiales;f__Lachnospiraceae;g__Blautia;s__Blautia_sp._KLE_1732	k__Bacteria;p__Bacteroidetes;c__Bacteroidia;o__Bacteroidales;f__Bacteroidaceae;g__Bacteroides;s__Bacteroides_oleiciplenus	k__Bacteria;p__Firmicutes;c__Clostridia;o__Clostridiales;f__Ruminococcaceae;g__Ruminococcus;s__Ruminococcus_bicirculans	k__Bacteria;p__Bacteroidetes;c__Bacteroidia;o__Bacteroidales;f__Bacteroidaceae;g__Bacteroides;s__Bacteroides_fluxus	k__Bacteria;p__Bacteroidetes;c__Bacteroidia;o__Bacteroidales;f__Prevotellaceae;g__Prevotella;s__Prevotella_stercorea	k__Bacteria;p__Firmicutes;c__Clostridia;o__Clostridiales;f__Lachnospiraceae;g__Dorea;s__Dorea_longicatena	k__Bacteria;p__Firmicutes;c__Clostridia;o__Clostridiales;f__Eubacteriaceae;g__Eubacterium;s__[Eubacterium]_eligens	k__Bacteria;p__Firmicutes;c__Clostridia;o__Clostridiales;f__Ruminococcaceae;g__;s__Ruminococcaceae_bacterium_D16	k__Bacteria;p__Firmicutes;c__Clostridia;o__Clostridiales;f__Lachnospiraceae;g__Coprococcus;s__Coprococcus_comes	k__Bacteria;p__Proteobacteria;c__Gammaproteobacteria;o__Enterobacterales;f__Enterobacteriaceae;g__Escherichia;s__Escherichia_coli	k__Bacteria;p__Firmicutes;c__Clostridia;o__Clostridiales;f__Ruminococcaceae;g__Anaerotruncus;s__Anaerotruncus_colihominis	k__Bacteria;p__Firmicutes;c__Clostridia;o__Clostridiales;f__Lachnospiraceae;g__Blautia;s__Blautia_obeum	k__Bacteria;p__Bacteroidetes;c__Bacteroidia;o__Bacteroidales;f__Odoribacteraceae;g__Odoribacter;s__Odoribacter_laneus	k__Bacteria;p__Firmicutes;c__Clostridia;o__Clostridiales;f__Ruminococcaceae;g__Ruminiclostridium;s__[Clostridium]_leptum	k__Bacteria;p__Bacteroidetes;c__Bacteroidia;o__Bacteroidales;f__Porphyromonadaceae;g__Parabacteroides;s__Parabacteroides_goldsteinii	k__Bacteria;p__Firmicutes;c__Clostridia;o__Clostridiales;f__Lachnospiraceae;g__Anaerostipes;s__Anaerostipes_hadrus	k__Bacteria;p__Firmicutes;c__Clostridia;o__Clostridiales;f__Ruminococcaceae;g__Ruminococcus;s__Ruminococcus_lactaris	k__Bacteria;p__Firmicutes;c__Clostridia;o__Clostridiales;f__Clostridiaceae;g__Clostridium;s__Clostridium_sp._L2-50	k__Bacteria;p__Firmicutes;c__Clostridia;o__Clostridiales;f__Clostridiaceae;g__Clostridium;s__Clostridium_sp._M62/1	k__Bacteria;p__Firmicutes;c__Clostridia;o__Clostridiales;f__;g__Intestinimonas;s__Intestinimonas_butyriciproducens	k__Bacteria;p__Actinobacteria;c__Actinobacteria;o__Bifidobacteriales;f__Bifidobacteriaceae;g__Bifidobacterium;s__Bifidobacterium_bifidum	k__Bacteria;p__Firmicutes;c__Negativicutes;o__Veillonellales;f__Veillonellaceae;g__Dialister;s__Dialister_invisus	k__Bacteria;p__Bacteroidetes;c__Bacteroidia;o__Bacteroidales;f__Bacteroidaceae;g__Bacteroides;s__Bacteroides_salanitronis
k__Bacteria;p__Bacteroidetes;c__Bacteroidia;o__Bacteroidales;f__Bacteroidaceae;g__Bacteroides;s__Bacteroides_vulgatus	1.0	-0.0525798465867	-0.00268866247907	-0.0164330648147	-0.0196560221046	-0.00797128333525	0.0187404478067	0.0321105962117	-0.0270412368773	-0.0212222161851	-0.00189875187909	-0.0439654428396	-0.0214247499205	-0.0903295928496	-0.00128880001082	-0.00675648864525	-0.0450160575561	-0.0330942757568	0.050970773637	-0.0242723457298	0.0258345702198	0.0337745582979	0.020344394516	0.0212696255552	0.0390268115912	0.0422379307389	-0.00218717022935	-0.0643660609474	-0.00447988879002	0.0209335585307	-0.0342030933089	-0.00146832338108	-0.0510235691452	-0.0221416485847	-0.00161328234664	0.0310080849589	0.0236160351678	-0.0351059978529	-0.0381783180066	-0.0253808489113	0.0292916697148	-0.0554016426683	0.012210347902	0.00529071968693	-0.0191949358983	-0.0450275903418	0.020379373205	0.0274783719065	-0.0238843938583	0.0340716427372	0.00876538319014	0.0108101565327	-0.0049894405147	0.0319824543631	0.0305530937508	-0.006002022438	0.0487648254586	-0.0207991127188	-0.0294039660123
k__Bacteria;p__Bacteroidetes;c__Bacteroidia;o__Bacteroidales;f__Bacteroidaceae;g__Bacteroides;s__Bacteroides_uniformis	-0.0525798465867	1.0	-0.0398041855662	0.00272553094966	0.0227830134076	0.0530884290009	0.00209702298125	0.00502525872862	-0.0440893577407	0.00054549912889	-0.00720448825722	0.0540871595939	-0.0551212325532	-0.017596178769	-0.03153004745	-0.01195324334	-0.0148331391761	-0.0330422166155	-0.0425845773051	-0.0179456985717	0.034600617352	0.0404228591314	-0.0317006399973	0.00817549561045	-0.0289165865398	-0.0384310312752	0.0179847420043	-0.0166376928181	0.02074395361	0.0433717977723	0.035798840996	0.0189162870421	-0.0213566437002	-0.0253194884154	-0.0324953581115	-0.0243780455873	0.00512167788443	-0.00805460699712	0.0610721198936	-0.0710628492116	-0.00230818725046	-0.0388724077894	0.0374622005073	-0.0092579838345	-0.0415082991813	-0.0245343623606	-0.0163459191397	0.0313658248862	-0.0123531985854	0.00133254893422	-0.0074297015806	-0.00682043932845	-0.0696355966343	0.00756827467947	0.0769136019911	0.067475994022	0.00172022319224	-0.0825468315274	-0.00880968115275
k__Bacteria;p__Bacteroidetes;c__Bacteroidia;o__Bacteroidales;f__Rikenellaceae;g__Alistipes;s__Alistipes_putredinis	-0.00268866247907	-0.0398041855662	1.0	-0.00790777750382	-0.0693698465759	-0.0473493863574	-0.0461196628628	-0.0307778030745	-0.0295105802783	0.0140809122054	-0.0135714395323	-0.0534109297373	-0.00235651396803	-0.0662362656176	-0.0191506516514	0.0243968668845	-0.00212289119086	0.0133779326504	0.0247465355803	-0.0539241655143	0.0294951489539	0.00267951573527	0.0495586302815	-0.0119300144577	0.0257852104958	0.036707375146	-0.0262839181777	-0.0103241955501	0.0532332542493	-0.0331119708723	0.00583272131269	-0.000289693509044	-0.0890859429883	-0.0205403596761	0.0441996225819	-0.0178549079589	-0.0443121580996	-0.00870152292555	0.0245233957792	0.0102114775045	0.000455705533522	0.0310109284	0.0118596360383	-0.0518296263712	-0.00370987735255	-0.0451600103273	0.0200390781053	0.00940803657652	-0.0141918922305	-0.0286425007922	-0.0115143348318	-0.0681304417081	0.00424553158806	0.00835891770606	-0.0178614825763	-0.000714919109411	0.0397202843735	0.0110375200051	-0.0524182117376
k__Bacteria;p__Bacteroidetes;c__Bacteroidia;o__Bacteroidales;f__Prevotellaceae;g__Prevotella;s__Prevotella_copri	-0.0164330648147	0.00272553094966	-0.00790777750382	1.0	-0.0556832077498	-0.00626097267962	-0.0254358886895	-0.0359510010052	-0.00242885335631	-0.0010280494571	-0.0118886053737	0.0145694325746	-0.0123305787245	0.071641882076	-0.00839035676594	0.00364014214004	-0.0170929218005	-0.0260479624614	0.0144141675138	-0.0252871321047	0.0264496078704	-0.0226092657086	-0.0259399083893	-0.0662149786843	-0.0340462049549	-0.0607070733436	-0.0182589618502	0.000671542590541	-0.0320061043711	-0.037775421766	-0.0515874854432	-0.0136729603775	-0.00374820950674	-0.0231073506531	0.0086487448295	0.00600454785268	-0.0123801098618	0.00263777683746	0.011138642039	0.0538229988122	0.00756349900657	0.0139320025208	-0.0261313350834	0.0106256245361	-0.010590622366	-0.00243079616945	-0.0351346173614	-0.0106580625086	0.0156771155854	-0.0171968517103	0.00556105130538	-0.0672232154964	0.0171996550512	-0.0117012656398	-0.058030705747	0.0425513261146	-0.0301302417755	0.065547494028	0.00114362100117
k__Bacteria;p__Bacteroidetes;c__Bacteroidia;o__Bacteroidales;f__Bacteroidaceae;g__Bacteroides;s__Bacteroides_stercoris	-0.0196560221046	0.0227830134076	-0.0693698465759	-0.0556832077498	1.0	-0.0106741994204	0.00498028004493	-0.0509936339303	0.00561195905573	-0.0458332021919	0.0941475062556	0.0054445377253	-0.0422571637343	-0.0361561526174	-0.0123787036821	-0.00117398208105	0.0272736171105	-0.00668882496503	-0.0480272187186	0.00932509297179	-0.0172374499845	-0.0569597122676	0.0102531953658	-0.05390196654	0.0251236974735	-0.0205506801671	0.0333814297785	-0.0245297344265	-0.00994290450646	0.000123673969187	-0.0517999993071	-0.0348192902565	0.00101089272338	-0.0498210502562	-0.003999132369	-0.0260237279634	0.0551427198848	-0.0168710435955	0.0626628446534	-0.0165425578158	-0.00770374588546	-0.00608326235616	0.0123893373715	-0.0399247470876	-0.0194397701581	0.0370686436344	0.00460140832833	-0.0751016345803	0.0432462558983	0.00605103141563	0.0560221959648	0.0188247913203	-0.0151236984927	-0.0576518276627	0.0103090172874	0.0110744466548	0.0378762419293	-0.0211008304729	0.0252673156942
k__Bacteria;p__Bacteroidetes;c__Bacteroidia;o__Bacteroidales;f__Bacteroidaceae;g__Bacteroides;s__Bacteroides_ovatus	-0.00797128333525	0.0530884290009	-0.0473493863574	-0.00626097267962	-0.0106741994204	1.0	-0.0127300646027	-0.017729321062	-0.0226039287843	-0.00946111410356	-0.00521379318793	0.0212858290884	-0.0198685141852	-0.0751876252517	-0.000457108730558	0.0276796407361	0.00090897706226	-0.0572688925913	-0.0294064231789	6.70347457713e-06	-0.0243269092497	-0.0584185280461	0.0209485111643	-0.0298767501516	0.0178236282383	0.0641920807611	-0.0321419995551	0.0365235926382	0.0380948157332	0.0263767143476	0.00833260652942	-0.0160809871057	0.0229810534525	-0.0401756415801	0.00726446011131	0.0416465417472	-0.0169371025882	0.0207358248919	-0.0159396815059	0.0586841234886	0.0475914011467	-0.00875875058041	0.00965528921107	-0.0522513024305	-0.101471557318	0.00218901098107	-0.00260127317351	0.0671526840104	0.0376849999175	0.0100724248762	4.77898695614e-05	-0.0126064805541	0.0317130225001	-0.0255350590333	-0.0439132773645	-0.00795384091765	0.00143110035536	-0.0394116169709	0.00661302767245
k__Bacteria;p__Bacteroidetes;c__Bacteroidia;o__Bacteroidales;f__Rikenellaceae;g__Alistipes;s__Alistipes_shahii	0.0187404478067	0.00209702298125	-0.0461196628628	-0.0254358886895	0.00498028004493	-0.0127300646027	1.0	0.0228604550633	-0.0595552692177	-0.0848002946319	-0.0147705533061	-0.0612637572327	0.0181681842122	-0.00279913957563	0.00680872322282	0.0449824010565	0.0438510506767	-0.0593273872576	-0.00532959439523	-0.0302448351472	-0.00963187640873	-0.0333130060356	0.0587948539249	-0.0523126834084	-0.00763168327303	-0.0396349660667	-0.00131204550196	-0.0292939567382	-0.0295583272821	-0.0763093394487	-0.0292605996185	0.00929691023492	-0.0299229861489	-0.0298272696563	0.0213570037841	-0.00552952047935	0.026548051732	-0.0480586346259	0.0352681437253	0.00231537590052	0.0192795249825	-0.0610983247596	0.0480991050313	-0.0592245039925	0.0650832219549	-0.00842441229243	0.0141103724601	-0.0612956380903	-0.0520262199503	0.0383481345774	-0.0144636146403	0.03131412761	-0.0346764459283	-0.00516723106734	-0.0332277914834	-0.000388932431875	-0.00371829923066	-0.0222468864625	-0.0174467489927
k__Bacteria;p__Firmicutes;c__Clostridia;o__Clostridiales;f__Ruminococcaceae;g__Faecalibacterium;s__Faecalibacterium_prausnitzii	0.0321105962117	0.00502525872862	-0.0307778030745	-0.0359510010052	-0.0509936339303	-0.017729321062	0.0228604550633	1.0	0.0155631597751	-0.00922722640379	0.0366354209905	0.0392073370459	-0.0123901760414	0.00537436913582	0.0481615087968	0.0025457357121	-0.0169144193599	0.093679256278	-0.0646473474295	0.00779789637755	-0.0812985709939	-0.0158144977096	0.0329791502322	-0.0533894556846	-0.048926245184	-0.0152771508233	0.0216077317708	-0.0314758309736	0.00691671106173	0.00493392493649	-0.0125274764091	0.0148210382291	-0.0131682876907	0.00332557148846	0.0252926794721	-0.0131033272584	0.022175236951	-0.0115030281523	0.0390251659999	0.0102038940466	-0.0174852438933	0.00918242975601	-0.026725456018	-0.012147653263	0.0673811769944	-0.0539844615284	0.0313352222704	-0.0150676094495	0.00441542875258	0.0351075405301	0.0295883497124	0.0141754392847	-0.00431643155254	-0.0838518310529	-0.0353739042376	-0.000243175170759	0.0288918348573	0.0164751573484	-0.0567402264111
k__Bacteria;p__Bacteroidetes;c__Bacteroidia;o__Bacteroidales;f__Rikenellaceae;g__Alistipes;s__Alistipes_finegoldii	-0.0270412368773	-0.0440893577407	-0.0295105802783	-0.00242885335631	0.00561195905573	-0.0226039287843	-0.0595552692177	0.0155631597751	1.0	-0.0982852530985	0.0190907683877	0.00283948826819	0.0586278554321	0.047209977739	0.0173336818796	-0.0151031630812	0.0100627650855	0.0386258387716	0.0666426615092	0.015891974179	-0.0485805714515	-0.0691137367203	-0.00764744449141	-0.0224340881575	-0.00929760890079	-0.0392954791785	-0.0248506858531	0.0141018039997	-0.0329471507451	0.0144773922672	0.0276108785215	0.0153397364302	-0.0328826140567	-0.0498445770386	-0.0248733407625	-0.0355293075593	-0.0329987865232	0.0205259557709	0.00267149181292	-0.00660599192672	-0.00104100289035	-0.0332517941154	-0.0529052613701	-0.0128715345815	0.0375635879142	0.0223389839039	0.00320240912043	0.0146278816292	0.010589850904	-0.0136176092994	-0.00425427894912	0.00821889481011	-0.0140824213186	-0.021309627505	-0.00615879431694	-0.00861905378825	-0.0125164019652	-0.0340595930263	-0.0267980790182
k__Bacteria;p__Bacteroidetes;c__Bacteroidia;o__Bacteroidales;f__Porphyromonadaceae;g__Parabacteroides;s__Parabacteroides_distasonis	-0.0212222161851	0.00054549912889	0.0140809122054	-0.0010280494571	-0.0458332021919	-0.00946111410356	-0.0848002946319	-0.00922722640379	-0.0982852530985	1.0	0.0380438254811	-0.0694330943595	-0.0130369023495	-0.0549090233143	0.07007351738	-0.0278049889775	-0.0634484263449	-0.0219458789727	0.0025839642307	0.0446065981054	-0.00920440663369	-0.00393279268338	0.00126930437596	0.00757158372404	0.0340996746824	0.00593699767871	-0.0331173184077	0.00295152796246	0.0308042295463	-0.0122705149525	-0.0372863437996	0.00720647531076	0.0348470836834	-0.004436534622	0.0388030036437	0.0460441514271	-0.00303339101021	0.0397089901992	0.00866080806679	0.00304679863431	-0.0268969635265	0.0254394066545	0.0125884782989	0.0147398928469	-0.0331541747457	-0.0420111832434	-0.0249105990129	-0.0276521972716	-0.0305132002152	-0.0056792883803	-0.0627851532942	0.0341575076775	-0.0294317900288	0.0202976364309	-0.0325278571394	0.0232743719312	0.0510202076004	-0.0245764050195	-0.0342403309182
k__Bacteria;p__Bacteroidetes;c__Bacteroidia;o__Bacteroidales;f__Bacteroidaceae;g__Bacteroides;s__Bacteroides_thetaiotaomicron	-0.00189875187909	-0.00720448825722	-0.0135714395323	-0.0118886053737	0.0941475062556	-0.00521379318793	-0.0147705533061	0.0366354209905	0.0190907683877	0.0380438254811	1.0	-0.0354842676031	0.0524422901677	-0.0328080145944	0.00160742998037	-0.0478906084701	0.012199230592	-0.0171487660232	-3.96302088801e-05	-0.0278541755192	-0.0238825077991	-0.0322342520515	-0.0171172942305	0.0143471275306	-0.0644110669959	-0.0131416840979	0.0277936686829	0.0243883863668	0.0411617398312	-0.0402290864357	-0.0117853157822	-0.0548473496497	-0.0033534183355	-0.0179795672996	0.016832400731	-0.0225166995415	0.0755258212828	-0.0324801068148	-0.00648908504248	0.0223007064325	-0.0254517274732	-0.00440161079113	-0.0201102139946	0.034236987619	-0.0181675983996	0.0150053763182	-0.0394010652502	0.0305948744713	0.0114652853112	-0.0169384590498	0.00599232418517	0.02936863299	0.027263555852	-0.0422224112461	-0.0070235421876	0.0012507324353	-0.0189673020428	-0.0193610588641	0.000350730105577
k__Bacteria;p__Bacteroidetes;c__Bacteroidia;o__Bacteroidales;f__Bacteroidaceae;g__Bacteroides;s__Bacteroides_coprocola	-0.0439654428396	0.0540871595939	-0.0534109297373	0.0145694325746	0.0054445377253	0.0212858290884	-0.0612637572327	0.0392073370459	0.00283948826819	-0.0694330943595	-0.0354842676031	1.0	0.027378840544	0.0130088467305	-0.020483255149	-0.0114939937941	0.0159615205731	-0.0396208028779	-0.0648890993553	-0.0198051814658	-0.0161288148807	-0.0525289127419	-0.0154638299217	0.0263062420663	0.0148591881001	-0.033745342525	0.00308978420811	-0.0219511837291	-0.0227389808188	0.0372571925088	-0.0227756843827	-0.0229535027005	-0.0130372349882	-0.000280602955595	0.0431099005794	0.0138118384145	0.00882020491059	-0.00634375479009	0.0110645731646	-0.0300163370842	-0.0266960835941	-0.000330242136106	-0.0247969578973	-0.00887656108128	-0.00734314313418	0.00274789343964	-0.00633876462515	0.0292797986289	-0.00610469508947	-0.0390436162604	0.0300703286988	-0.0027504764051	-0.0287616254757	0.0126328692514	0.00477435258827	-0.0248390310877	-0.00298475241893	0.00592957145687	-0.00875907345688
k__Bacteria;p__Bacteroidetes;c__Bacteroidia;o__Bacteroidales;f__Bacteroidaceae;g__Bacteroides;s__Bacteroides_cellulosilyticus	-0.0214247499205	-0.0551212325532	-0.00235651396803	-0.0123305787245	-0.0422571637343	-0.0198685141852	0.0181681842122	-0.0123901760414	0.0586278554321	-0.0130369023495	0.0524422901677	0.027378840544	1.0	-0.00945325144304	-0.0103235663159	0.116209832024	-0.00103406415958	-0.0429359460004	-0.0106786618558	-0.0190466692874	-0.012130737689	0.0212573365026	-0.0102549540038	0.0754986279269	-0.0555074078809	0.048489128988	-0.0319833116573	-0.0177285644834	0.00434096419238	0.0244868618908	-0.00477412823164	0.00646189844349	-0.0431146916196	-0.0111292606515	-0.0231035867026	-0.05122606588	0.0118402084067	-0.0724097608522	-0.0140403248956	-0.0253444517261	0.0280577454431	-0.0313110283026	0.0162792856292	-0.0170879524257	-0.0624857476121	0.0815483879362	0.0264901525181	-0.021421441977	0.00924251732334	-0.066053593473	-0.0209604237353	0.0206576980795	0.0290496853923	0.0107829257309	0.0301230035286	0.00539762673804	-0.0345402728772	-0.00224783099238	-0.0727875767744
k__Bacteria;p__Bacteroidetes;c__Bacteroidia;o__Bacteroidales;f__Rikenellaceae;g__Alistipes;s__Alistipes_obesi	-0.0903295928496	-0.017596178769	-0.0662362656176	0.071641882076	-0.0361561526174	-0.0751876252517	-0.00279913957563	0.00537436913582	0.047209977739	-0.0549090233143	-0.0328080145944	0.0130088467305	-0.00945325144304	1.0	-0.0228198002063	-0.0169863610169	-0.0542952945307	-0.00120712540097	0.0191317483192	-0.0277759682241	0.0257871007669	0.00805501527315	-0.0754494821433	-0.0184782291631	0.0603438406763	0.0600663416668	0.0245494977355	0.0195907954181	-0.0278097245568	-0.0490216279288	-0.0690440661454	0.00764560484842	-0.0571424036084	-0.0631227193253	-0.0617351102203	-0.046997844319	-0.0457809658966	0.0782230589039	0.0527032756762	-0.00218810441851	0.048449644693	0.00944459455645	0.00902740385022	-0.00441649034233	0.03941327042	-0.035002182398	-0.0183089601532	0.0350974994689	0.0907407663712	-0.0185341630557	0.0446372627149	-0.0564431020369	-0.027151261486	-0.031871937063	0.0438327774835	-0.047040618667	-0.0215363438589	0.00836460762724	-0.0325205004921
k__Bacteria;p__Firmicutes;c__Clostridia;o__Clostridiales;f__Lachnospiraceae;g__;s__[Eubacterium]_rectale	-0.00128880001082	-0.03153004745	-0.0191506516514	-0.00839035676594	-0.0123787036821	-0.000457108730558	0.00680872322282	0.0481615087968	0.0173336818796	0.07007351738	0.00160742998037	-0.020483255149	-0.0103235663159	-0.0228198002063	1.0	0.0227244816472	0.0112569483976	-0.0515365826426	-0.0351875223517	-0.0143252294529	-0.0408911096475	0.0260580267619	0.00329783930443	0.00711019882535	-0.0398391614286	-0.0464969520988	0.0379554407019	0.0560251598131	0.00828089915282	-0.0255345730788	0.00280934787196	-0.0692135589824	-0.000444135881524	-0.0170292106166	0.0167821256326	-0.0344637268233	0.0804709638436	0.0241299100051	0.0373899530199	-0.0879531899185	0.00852240145505	0.0581680027427	-0.0259941691183	0.0309271239477	0.0314673079055	-0.0151418863945	-0.00293848328902	-0.0751432409421	-0.0414910241952	-0.05943915055	0.032100867965	-0.010435584349	-0.0048944736076	0.00692969582574	0.030333811452	0.0245510875442	0.0197094401023	-0.0246481582368	-0.0105234382951
k__Bacteria;p__Bacteroidetes;c__Bacteroidia;o__Bacteroidales;f__Bacteroidaceae;g__Bacteroides;s__Bacteroides_plebeius	-0.00675648864525	-0.01195324334	0.0243968668845	0.00364014214004	-0.00117398208105	0.0276796407361	0.0449824010565	0.0025457357121	-0.0151031630812	-0.0278049889775	-0.0478906084701	-0.0114939937941	0.116209832024	-0.0169863610169	0.0227244816472	1.0	-0.0150586807018	-0.0544596165544	0.077721760871	0.0188007845478	0.0146809108275	-0.0247153646128	0.0398236884722	-0.0664508701222	-0.0500660222789	-0.0192589252141	0.00564362694045	0.0143500859144	-0.0183448485292	0.00961778314051	-0.0620610556144	-0.0116878813202	-0.0195648901961	-0.0265400915088	0.0293716042993	-0.00891748353399	0.0125816271832	-0.0391108379344	-0.0191402149801	-0.0276228323334	-0.0412778126943	-0.045654993933	-0.0108877031307	0.0176642114478	-0.0136374173046	0.0771616833859	-0.0197720535964	-0.0192705657778	-0.0306592198482	-0.0538516639117	-0.00421736722585	-0.0721852377631	-0.0172553996146	0.00500602618874	0.015028980137	-0.0533601804537	-0.0726241940857	-0.040257818954	-0.0238367872497
k__Bacteria;p__Bacteroidetes;c__Bacteroidia;o__Bacteroidales;f__Bacteroidaceae;g__Bacteroides;s__Bacteroides_fragilis	-0.0450160575561	-0.0148331391761	-0.00212289119086	-0.0170929218005	0.0272736171105	0.00090897706226	0.0438510506767	-0.0169144193599	0.0100627650855	-0.0634484263449	0.012199230592	0.0159615205731	-0.00103406415958	-0.0542952945307	0.0112569483976	-0.0150586807018	1.0	0.0498755221354	8.85734508138e-05	-0.00939176926374	-0.00978749537953	-0.00391414124889	0.0243819099268	-0.0162054276298	0.0456199752412	-0.0272700438772	-0.00443339239849	-0.0058643624105	-0.0117753706595	-0.0381964688181	0.0205658861071	-0.0441251395103	0.00542937513237	-0.0257341140261	-0.0216625937281	-0.0908178194961	-0.0105148596857	0.0650821430376	-0.0068447680406	-0.0481375298344	-0.0117358521457	-0.0435899505367	-0.0925342194219	-0.0398681197452	0.0490016411866	-0.0232247760123	-0.0489549020563	0.0144040779401	-0.00235830204743	-0.00727658327893	-0.00637206760032	-0.0488577924267	0.0154428705088	-0.000984816276762	-0.0714139598665	0.000149214529652	0.042071165987	0.00904670087074	-0.0186440292428
k__Bacteria;p__Proteobacteria;c__Betaproteobacteria;o__Burkholderiales;f__Sutterellaceae;g__Sutterella;s__Sutterella_wadsworthensis	-0.0330942757568	-0.0330422166155	0.0133779326504	-0.0260479624614	-0.00668882496503	-0.0572688925913	-0.0593273872576	0.093679256278	0.0386258387716	-0.0219458789727	-0.0171487660232	-0.0396208028779	-0.0429359460004	-0.00120712540097	-0.0515365826426	-0.0544596165544	0.0498755221354	1.0	-0.000839236597976	0.0237294705107	-0.102300356555	0.0179387963077	-0.0832348329033	-0.0124569377631	0.00764105040849	0.0895045288447	-0.00246945824486	-0.0287857988571	-0.0148497876314	-0.0440116445277	0.0201030341484	-0.0409296211893	-0.00465069853317	0.00326455581494	0.00530575560333	0.00444217500143	0.0209851799286	-0.0195702875434	-0.0427045722922	-0.0711912205369	-0.0115978354722	-0.0191878584762	-0.0776138048315	0.030970473966	0.00990243894157	-0.000404032630578	-0.0319763477802	0.0674862880702	-0.0201744043786	0.0079375545187	-0.0251311596186	-0.0540823606295	-0.0144540975709	0.0498993747999	0.0520392922537	-0.0377335505505	0.000604025734513	0.0257662368228	-0.0311720807613
k__Bacteria;p__Bacteroidetes;c__Bacteroidia;o__Bacteroidales;f__Porphyromonadaceae;g__Barnesiella;s__Barnesiella_intestinihominis	0.050970773637	-0.0425845773051	0.0247465355803	0.0144141675138	-0.0480272187186	-0.0294064231789	-0.00532959439523	-0.0646473474295	0.0666426615092	0.0025839642307	-3.96302088801e-05	-0.0648890993553	-0.0106786618558	0.0191317483192	-0.0351875223517	0.077721760871	8.85734508138e-05	-0.000839236597976	1.0	-0.00753508192249	-0.0382695714669	-0.0168145837574	-0.0179791674077	0.0625987842075	0.0422836091306	-0.0497014849672	-0.0648460797523	-0.0172695947914	0.0376796745615	-0.0292532258238	0.0142090919943	-0.0199718420213	-0.0426780107608	-0.0543391754821	0.0532473107427	0.0238968195902	-0.0295251188334	-0.0269369217852	0.0285741204664	0.0537505604489	-0.0124114928422	-0.0574413331549	0.040332441836	0.041615463833	-0.0192626435429	-0.094462158446	0.0184283947236	-0.0423866818558	-0.0330094110779	0.0238178028446	-0.00800331719248	-0.0243789858859	-0.000407564220653	0.0219258672297	0.00321447164098	0.00283875704298	-0.0191800551654	-0.00818264227399	-0.0134240976392
k__Bacteria;p__Bacteroidetes;c__Bacteroidia;o__Bacteroidales;f__Odoribacteraceae;g__Odoribacter;s__Odoribacter_splanchnicus	-0.0242723457298	-0.0179456985717	-0.0539241655143	-0.0252871321047	0.00932509297179	6.70347457713e-06	-0.0302448351472	0.00779789637755	0.015891974179	0.0446065981054	-0.0278541755192	-0.0198051814658	-0.0190466692874	-0.0277759682241	-0.0143252294529	0.0188007845478	-0.00939176926374	0.0237294705107	-0.00753508192249	1.0	0.0387280276404	-0.0289440518555	0.0119300261517	0.00202216854557	-0.0139718475277	0.0347549525708	-0.0853287934172	0.0219507221655	0.00652501915115	-0.012161049707	-0.0999874034383	0.0154549454688	0.00881052375776	0.0378634641371	-0.00173229624588	0.0200051484966	-0.0312474280162	0.0298504725901	-0.00993098929711	-0.0862488459839	0.0292399087758	-0.028830134376	0.0290639743349	-0.0464804533615	0.00766940009679	0.0231268995086	0.00509640428077	-0.0362289731317	-0.0661242988337	0.0316723441621	0.0644902890714	0.0346651113151	-0.00862311024997	-0.0255862071602	-0.0246524318825	-0.0575473993119	-0.0170755071655	0.00618990456683	0.0327224709601
k__Bacteria;p__Bacteroidetes;c__Bacteroidia;o__Bacteroidales;f__Bacteroidaceae;g__Bacteroides;s__Bacteroides_salyersiae	0.0258345702198	0.034600617352	0.0294951489539	0.0264496078704	-0.0172374499845	-0.0243269092497	-0.00963187640873	-0.0812985709939	-0.0485805714515	-0.00920440663369	-0.0238825077991	-0.0161288148807	-0.012130737689	0.0257871007669	-0.0408911096475	0.0146809108275	-0.00978749537953	-0.102300356555	-0.0382695714669	0.0387280276404	1.0	-0.0147641926357	0.0280386779279	-0.023011356751	0.0230296247334	-0.0353811886409	-0.0213851932038	-0.0281274175731	-0.0180891631141	0.0139557915024	0.0394558826484	0.036352797459	-0.0215043297979	0.00351933480099	0.0324804918134	-0.0242385028847	-0.0119131053428	0.0225064068529	-0.0300270846096	-0.00630325682583	-0.027139915835	-0.00450775765638	0.00696190941183	-0.0219977038437	0.00304518802849	-0.023260633169	-0.0297387732273	0.00507696789353	0.0253411381521	-0.00808560814779	0.0296340360073	-0.00629075651705	-0.00382348459961	0.0558385250032	-0.00236282657324	-0.0206657969719	-0.0776919852401	0.0178042456152	0.0200685622212
k__Bacteria;p__Firmicutes;c__Clostridia;o__Clostridiales;f__Ruminococcaceae;g__Ruminiclostridium;s__[Eubacterium]_siraeum	0.0337745582979	0.0404228591314	0.00267951573527	-0.0226092657086	-0.0569597122676	-0.0584185280461	-0.0333130060356	-0.0158144977096	-0.0691137367203	-0.00393279268338	-0.0322342520515	-0.0525289127419	0.0212573365026	0.00805501527315	0.0260580267619	-0.0247153646128	-0.00391414124889	0.0179387963077	-0.0168145837574	-0.0289440518555	-0.0147641926357	1.0	-0.0587294115979	0.0651972615014	0.022988201825	0.00891857276548	0.0195676768185	0.00441530156358	-0.0120526909986	-0.0138544503337	-0.0618599168942	-0.0177085352913	-0.0272134660266	-0.0204177106749	-0.058003060748	0.0269189131018	-0.024442475293	-0.0234238262318	-0.0483500243681	-0.0343774254189	-0.0284713717916	0.0850238194002	0.0202555094812	0.0524361121952	-0.0310461631957	0.0417767735673	-0.0572509847451	-0.0115513602394	-0.03513115592	-0.105955280297	0.0141793849237	-0.0333343291495	-0.00934365288285	0.0262742826073	-0.03824633759	0.0263969766656	-0.0154721069085	-0.00915965852204	-0.0129056138608
k__Bacteria;p__Proteobacteria;c__Betaproteobacteria;o__Burkholderiales;f__Sutterellaceae;g__Parasutterella;s__Parasutterella_excrementihominis	0.020344394516	-0.0317006399973	0.0495586302815	-0.0259399083893	0.0102531953658	0.0209485111643	0.0587948539249	0.0329791502322	-0.00764744449141	0.00126930437596	-0.0171172942305	-0.0154638299217	-0.0102549540038	-0.0754494821433	0.00329783930443	0.0398236884722	0.0243819099268	-0.0832348329033	-0.0179791674077	0.0119300261517	0.0280386779279	-0.0587294115979	1.0	-0.0032999945554	0.0376964841682	0.0217208692018	-0.00296027357829	-0.00958674739195	0.0117185898717	-0.0197719258458	-0.0621987646614	-0.0296279472248	0.000543561840411	0.0320265277585	-0.0261569942308	0.0126024544617	-0.0226820543574	-0.0219762071174	-0.0690592370916	-0.0541855014285	-0.0168041074496	0.0227993984646	0.00375477933195	-0.00660189026642	0.0128891243526	-0.00887347596142	-0.0448620786535	-0.0120907561346	-0.0341576682466	0.0190793395194	0.0173902504826	0.00707421472525	-0.0261089700517	-0.00396438365308	-0.0159239282802	0.00289172151339	-0.00130015641626	0.0159766189163	0.0119850640519
k__Bacteria;p__Actinobacteria;c__Actinobacteria;o__Bifidobacteriales;f__Bifidobacteriaceae;g__Bifidobacterium;s__Bifidobacterium_adolescentis	0.0212696255552	0.00817549561045	-0.0119300144577	-0.0662149786843	-0.05390196654	-0.0298767501516	-0.0523126834084	-0.0533894556846	-0.0224340881575	0.00757158372404	0.0143471275306	0.0263062420663	0.0754986279269	-0.0184782291631	0.00711019882535	-0.0664508701222	-0.0162054276298	-0.0124569377631	0.0625987842075	0.00202216854557	-0.023011356751	0.0651972615014	-0.0032999945554	1.0	0.0743881464509	-0.00223198562784	-0.080740419097	0.00524850717437	-0.0112648650294	0.0209004306561	-0.0578278710347	-0.0161634954553	-0.0159564129055	-0.000395957080129	-0.0314448675908	0.044810214986	-0.0845241850314	-0.00765111927945	-0.07436366143	0.00930461051896	0.0107656699821	-0.0848151656429	-0.0570901950298	-0.0213082226158	-0.0237484951993	0.0169992032151	-0.0295000472773	0.000782133289332	0.063681411315	0.0594682347878	0.0230094784132	0.0130268443329	0.00140320348436	-0.0223990347018	-0.00480065734169	0.0635041935338	-0.036488853877	-0.0512290102371	0.0052182831019
k__Bacteria;p__Firmicutes;c__Clostridia;o__Clostridiales;f__Oscillospiraceae;g__Oscillibacter;s__Oscillibacter_sp._KLE_1745	0.0390268115912	-0.0289165865398	0.0257852104958	-0.0340462049549	0.0251236974735	0.0178236282383	-0.00763168327303	-0.048926245184	-0.00929760890079	0.0340996746824	-0.0644110669959	0.0148591881001	-0.0555074078809	0.0603438406763	-0.0398391614286	-0.0500660222789	0.0456199752412	0.00764105040849	0.0422836091306	-0.0139718475277	0.0230296247334	0.022988201825	0.0376964841682	0.0743881464509	1.0	0.0131546391083	-0.0225760176028	-0.0283276946913	-0.0280793522745	-0.0431206330074	-0.0237443778217	0.0126112365909	-0.0418155075745	-0.0295816761915	-0.0206390632333	-0.0316597818087	0.0169226037515	-0.0236473628437	-0.0296210445282	0.0567072988804	-0.0493191687257	-0.0213011541188	0.0290491793453	0.0156016328988	-0.049125853164	-0.0155509878245	0.0187547515181	-0.0303377067802	-0.0154028474611	-0.00285133774167	0.00858742579	-0.00625846784464	0.0272507870428	0.00706215673125	-0.0643820666783	-0.0609781948266	-0.0212439930492	-0.0635963727081	0.0366333594961
k__Bacteria;p__Bacteroidetes;c__Bacteroidia;o__Bacteroidales;f__Bacteroidaceae;g__Bacteroides;s__Bacteroides_coprophilus	0.0422379307389	-0.0384310312752	0.036707375146	-0.0607070733436	-0.0205506801671	0.0641920807611	-0.0396349660667	-0.0152771508233	-0.0392954791785	0.00593699767871	-0.0131416840979	-0.033745342525	0.048489128988	0.0600663416668	-0.0464969520988	-0.0192589252141	-0.0272700438772	0.0895045288447	-0.0497014849672	0.0347549525708	-0.0353811886409	0.00891857276548	0.0217208692018	-0.00223198562784	0.0131546391083	1.0	-0.0054649841167	0.00433552720437	-0.0164422759402	0.00158712756982	-0.0196782309861	0.0241461962184	-0.00732628485558	0.052325446184	-0.0615453260595	-0.0188810445153	-0.0638573899721	0.0213946685818	0.00897437057783	-0.0247204716106	-0.0510205564547	-0.0389483025065	-0.0461792479616	-0.0324010899804	0.0804436862393	-0.0375296739095	-0.0412886420903	0.00645963115085	0.019613825698	-0.00402251106907	-0.0326559517742	0.0412258398397	-0.0322822290706	-0.0545263213618	0.0328260282399	-0.0204862000706	-0.0420457938217	0.0124245417294	-0.0691438057029
k__Bacteria;p__Firmicutes;c__Clostridia;o__Clostridiales;f__Lachnospiraceae;g__Roseburia;s__Roseburia_intestinalis	-0.00218717022935	0.0179847420043	-0.0262839181777	-0.0182589618502	0.0333814297785	-0.0321419995551	-0.00131204550196	0.0216077317708	-0.0248506858531	-0.0331173184077	0.0277936686829	0.00308978420811	-0.0319833116573	0.0245494977355	0.0379554407019	0.00564362694045	-0.00443339239849	-0.00246945824486	-0.0648460797523	-0.0853287934172	-0.0213851932038	0.0195676768185	-0.00296027357829	-0.080740419097	-0.0225760176028	-0.0054649841167	1.0	-0.0302824169683	0.0160112095333	-0.0227599261	0.0210240026829	0.0596071957713	-0.00105038024202	0.00865742225224	0.00793993306446	-0.0743627952243	-0.0088262913799	-0.00862899045653	0.0248019214457	-0.0377569314094	0.00507141914292	-0.0417437703836	0.00811123884952	-0.0331342760138	0.0114889885305	0.0257777948212	-0.0126747572385	0.0263553907355	-0.0084690929061	0.0252992483896	0.0174345406788	-0.0231390414087	0.0166302122891	0.00582148633824	0.0160017475353	0.0194119840524	0.0342664151983	-0.0376037407478	-0.00721034982048
k__Bacteria;p__Firmicutes;c__Clostridia;o__Clostridiales;f__Lachnospiraceae;g__Roseburia;s__Roseburia_hominis	-0.0643660609474	-0.0166376928181	-0.0103241955501	0.000671542590541	-0.0245297344265	0.0365235926382	-0.0292939567382	-0.0314758309736	0.0141018039997	0.00295152796246	0.0243883863668	-0.0219511837291	-0.0177285644834	0.0195907954181	0.0560251598131	0.0143500859144	-0.0058643624105	-0.0287857988571	-0.0172695947914	0.0219507221655	-0.0281274175731	0.00441530156358	-0.00958674739195	0.00524850717437	-0.0283276946913	0.00433552720438	-0.0302824169683	1.0	-0.00440917833576	0.0173582214302	-0.0686705899215	-0.0209097430618	-0.0473594781388	0.0555561624496	-0.0610734535843	-0.0503131353481	0.0467144167477	-0.0131626603936	-0.051442288703	0.0165149531485	0.00040113440126	0.0322078405717	-0.000595157015631	0.0213171921118	0.00971037314218	0.0163103753074	-0.0557564427639	0.0613471007884	0.0152799095202	0.00307121040117	0.0209634776654	-0.0250861104193	-0.0427460436435	0.0379206694339	-0.0239510367553	0.0175237178389	-0.00504765336967	-0.0410732817453	0.000389115921021
k__Bacteria;p__Bacteroidetes;c__Bacteroidia;o__Bacteroidales;f__Porphyromonadaceae;g__Parabacteroides;s__Parabacteroides_johnsonii	-0.00447988879002	0.02074395361	0.0532332542493	-0.0320061043711	-0.00994290450646	0.0380948157332	-0.0295583272821	0.00691671106173	-0.0329471507451	0.0308042295463	0.0411617398312	-0.0227389808188	0.00434096419238	-0.0278097245568	0.00828089915282	-0.0183448485292	-0.0117753706595	-0.0148497876314	0.0376796745615	0.00652501915115	-0.0180891631141	-0.0120526909986	0.0117185898717	-0.0112648650294	-0.0280793522745	-0.0164422759402	0.0160112095333	-0.00440917833576	1.0	0.0189240489983	-0.0039386610118	-0.0155448622227	-0.00936206352946	0.00363856205572	0.0332744264398	0.0164844411169	0.0520693946187	-0.0331445499558	-0.0605660704211	-0.0756204547878	0.0341139488186	0.0323435897467	0.0235154838967	0.00126062606395	-0.0570143248719	0.0187631334905	-0.00413388551688	-0.0518601626308	-0.00121795392429	-0.00439365684675	-0.0353843691386	0.0154997604495	-0.0277028793037	0.00623210118789	-0.00661938547842	-0.0244741327451	0.0292930492424	-0.0372982820857	-0.00579454609836
k__Bacteria;p__Actinobacteria;c__Actinobacteria;o__Bifidobacteriales;f__Bifidobacteriaceae;g__Bifidobacterium;s__Bifidobacterium_longum	0.0209335585307	0.0433717977723	-0.0331119708723	-0.037775421766	0.000123673969187	0.0263767143476	-0.0763093394487	0.00493392493649	0.0144773922672	-0.0122705149525	-0.0402290864357	0.0372571925088	0.0244868618908	-0.0490216279288	-0.0255345730788	0.00961778314051	-0.0381964688181	-0.0440116445277	-0.0292532258238	-0.012161049707	0.0139557915024	-0.0138544503337	-0.0197719258458	0.0209004306561	-0.0431206330074	0.00158712756982	-0.0227599261	0.0173582214302	0.0189240489983	1.0	-0.0437027246675	-0.000592466987537	0.0120345107374	-0.0303947383519	-0.0193094986495	0.0315279087252	0.0402101639862	-0.00987372652801	-0.00515286123327	-0.0611646609315	0.0191738767892	-0.0152559610478	-0.0327725965002	0.0399187811854	-0.0307571925916	0.0506537768392	0.022078320848	0.00909370027323	0.0171575394121	-0.00280860366717	-0.047624527339	-0.0933164765723	-0.0188512595731	-0.0566148201956	0.0143511042991	0.050878983696	0.0527259147668	-0.0205388493517	-0.0702950778385
