#taxonomy	k__Bacteria;p__Bacteroidetes;c__Bacteroidia;o__Bacteroidales;f__Bacteroidaceae;g__Bacteroides;s__Bacteroides_vulgatus	k__Bacteria;p__Bacteroidetes;c__Bacteroidia;o__Bacteroidales;f__Bacteroidaceae;g__Bacteroides;s__Bacteroides_uniformis	k__Bacteria;p__Bacteroidetes;c__Bacteroidia;o__Bacteroidales;f__Rikenellaceae;g__Alistipes;s__Alistipes_putredinis	k__Bacteria;p__Bacteroidetes;c__Bacteroidia;o__Bacteroidales;f__Prevotellaceae;g__Prevotella;s__Prevotella_copri	k__Bacteria;p__Bacteroidetes;c__Bacteroidia;o__Bacteroidales;f__Bacteroidaceae;g__Bacteroides;s__Bacteroides_stercoris	k__Bacteria;p__Bacteroidetes;c__Bacteroidia;o__Bacteroidales;f__Bacteroidaceae;g__Bacteroides;s__Bacteroides_ovatus	k__Bacteria;p__Bacteroidetes;c__Bacteroidia;o__Bacteroidales;f__Rikenellaceae;g__Alistipes;s__Alistipes_shahii	k__Bacteria;p__Firmicutes;c__Clostridia;o__Clostridiales;f__Ruminococcaceae;g__Faecalibacterium;s__Faecalibacterium_prausnitzii	k__Bacteria;p__Bacteroidetes;c__Bacteroidia;o__Bacteroidales;f__Rikenellaceae;g__Alistipes;s__Alistipes_finegoldii	k__Bacteria;p__Bacteroidetes;c__Bacteroidia;o__Bacteroidales;f__Porphyromonadaceae;g__Parabacteroides;s__Parabacteroides_distasonis	k__Bacteria;p__Bacteroidetes;c__Bacteroidia;o__Bacteroidales;f__Bacteroidaceae;g__Bacteroides;s__Bacteroides_thetaiotaomicron	k__Bacteria;p__Bacteroidetes;c__Bacteroidia;o__Bacteroidales;f__Bacteroidaceae;g__Bacteroides;s__Bacteroides_coprocola	k__Bacteria;p__Bacteroidetes;c__Bacteroidia;o__Bacteroidales;f__Bacteroidaceae;g__Bacteroides;s__Bacteroides_cellulosilyticus	k__Bacteria;p__Bacteroidetes;c__Bacteroidia;o__Bacteroidales;f__Rikenellaceae;g__Alistipes;s__Alistipes_obesi	k__Bacteria;p__Firmicutes;c__Clostridia;o__Clostridiales;f__Lachnospiraceae;g__;s__[Eubacterium]_rectale	k__Bacteria;p__Bacteroidetes;c__Bacteroidia;o__Bacteroidales;f__Bacteroidaceae;g__Bacteroides;s__Bacteroides_plebeius	k__Bacteria;p__Bacteroidetes;c__Bacteroidia;o__Bacteroidales;f__Bacteroidaceae;g__Bacteroides;s__Bacteroides_fragilis	k__Bacteria;p__Proteobacteria;c__Betaproteobacteria;o__Burkholderiales;f__Sutterellaceae;g__Sutterella;s__Sutterella_wadsworthensis	k__Bacteria;p__Bacteroidetes;c__Bacteroidia;o__Bacteroidales;f__Porphyromonadaceae;g__Barnesiella;s__Barnesiella_intestinihominis	k__Bacteria;p__Bacteroidetes;c__Bacteroidia;o__Bacteroidales;f__Odoribacteraceae;g__Odoribacter;s__Odoribacter_splanchnicus	k__Bacteria;p__Bacteroidetes;c__Bacteroidia;o__Bacteroidales;f__Bacteroidaceae;g__Bacteroides;s__Bacteroides_salyersiae	k__Bacteria;p__Firmicutes;c__Clostridia;o__Clostridiales;f__Ruminococcaceae;g__Ruminiclostridium;s__[Eubacterium]_siraeum	k__Bacteria;p__Proteobacteria;c__Betaproteobacteria;o__Burkholderiales;f__Sutterellaceae;g__Parasutterella;s__Parasutterella_excrementihominis	k__Bacteria;p__Actinobacteria;c__Actinobacteria;o__Bifidobacteriales;f__Bifidobacteriaceae;g__Bifidobacterium;s__Bifidobacterium_adolescentis	k__Bacteria;p__Firmicutes;c__Clostridia;o__Clostridiales;f__Oscillospiraceae;g__Oscillibacter;s__Oscillibacter_sp._KLE_1745	k__Bacteria;p__Bacteroidetes;c__Bacteroidia;o__Bacteroidales;f__Bacteroidaceae;g__Bacteroides;s__Bacteroides_coprophilus	k__Bacteria;p__Firmicutes;c__Clostridia;o__Clostridiales;f__Lachnospiraceae;g__Roseburia;s__Roseburia_intestinalis	k__Bacteria;p__Firmicutes;c__Clostridia;o__Clostridiales;f__Lachnospiraceae;g__Roseburia;s__Roseburia_hominis	k__Bacteria;p__Bacteroidetes;c__Bacteroidia;o__Bacteroidales;f__Porphyromonadaceae;g__Parabacteroides;s__Parabacteroides_johnsonii	k__Bacteria;p__Actinobacteria;c__Actinobacteria;o__Bifidobacteriales;f__Bifidobacteriaceae;g__Bifidobacterium;s__Bifidobacterium_longum	k__Bacteria;p__Firmicutes;c__Clostridia;o__Clostridiales;f__;g__Flavonifractor;s__Flavonifractor_plautii	k__Bacteria;p__Firmicutes;c__Clostridia;o__Clostridiales;f__Clostridiaceae;g__Clostridium;s__Clostridium_phoceensis	k__Bacteria;p__Verrucomicrobia;c__Verrucomicrobiae;o__Verrucomicrobiales;f__Akkermansiaceae;g__Akkermansia;s__Akkermansia_muciniphila	k__Bacteria;p__Bacteroidetes;c__Bacteroidia;o__Bacteroidales;f__Prevotellaceae;g__Paraprevotella;s__Paraprevotella_xylaniphila	k__Bacteria;p__Firmicutes;c__Clostridia;o__Clostridiales;f__Ruminococcaceae;g__Ruminococcus;s__Ruminococcus_callidus	k__Bacteria;p__Bacteroidetes;c__Bacteroidia;o__Bacteroidales;f__Rikenellaceae;g__Alistipes;s__Alistipes_senegalensis	k__Bacteria;p__Firmicutes;c__Clostridia;o__Clostridiales;f__Lachnospiraceae;g__Blautia;s__Blautia_sp._KLE_1732	k__Bacteria;p__Bacteroidetes;c__Bacteroidia;o__Bacteroidales;f__Bacteroidaceae;g__Bacteroides;s__Bacteroides_oleiciplenus	k__Bacteria;p__Firmicutes;c__Clostridia;o__Clostridiales;f__Ruminococcaceae;g__Ruminococcus;s__Ruminococcus_bicirculans	k__Bacteria;p__Bacteroidetes;c__Bacteroidia;o__Bacteroidales;f__Bacteroidaceae;g__Bacteroides;s__Bacteroides_fluxus	k__Bacteria;p__Bacteroidetes;c__Bacteroidia;o__Bacteroidales;f__Prevotellaceae;g__Prevotella;s__Prevotella_stercorea	k__Bacteria;p__Firmicutes;c__Clostridia;o__Clostridiales;f__Lachnospiraceae;g__Dorea;s__Dorea_longicatena	k__Bacteria;p__Firmicutes;c__Clostridia;o__Clostridiales;f__Eubacteriaceae;g__Eubacterium;s__[Eubacterium]_eligens	k__Bacteria;p__Firmicutes;c__Clostridia;o__Clostridiales;f__Ruminococcaceae;g__;s__Ruminococcaceae_bacterium_D16	k__Bacteria;p__Firmicutes;c__Clostridia;o__Clostridiales;f__Lachnospiraceae;g__Coprococcus;s__Coprococcus_comes	k__Bacteria;p__Proteobacteria;c__Gammaproteobacteria;o__Enterobacterales;f__Enterobacteriaceae;g__Escherichia;s__Escherichia_coli	k__Bacteria;p__Firmicutes;c__Clostridia;o__Clostridiales;f__Ruminococcaceae;g__Anaerotruncus;s__Anaerotruncus_colihominis	k__Bacteria;p__Firmicutes;c__Clostridia;o__Clostridiales;f__Lachnospiraceae;g__Blautia;s__Blautia_obeum	k__Bacteria;p__Bacteroidetes;c__Bacteroidia;o__Bacteroidales;f__Odoribacteraceae;g__Odoribacter;s__Odoribacter_laneus	k__Bacteria;p__Firmicutes;c__Clostridia;o__Clostridiales;f__Ruminococcaceae;g__Ruminiclostridium;s__[Clostridium]_leptum	k__Bacteria;p__Bacteroidetes;c__Bacteroidia;o__Bacteroidales;f__Porphyromonadaceae;g__Parabacteroides;s__Parabacteroides_goldsteinii	k__Bacteria;p__Firmicutes;c__Clostridia;o__Clostridiales;f__Lachnospiraceae;g__Anaerostipes;s__Anaerostipes_hadrus	k__Bacteria;p__Firmicutes;c__Clostridia;o__Clostridiales;f__Ruminococcaceae;g__Ruminococcus;s__Ruminococcus_lactaris	k__Bacteria;p__Firmicutes;c__Clostridia;o__Clostridiales;f__Clostridiaceae;g__Clostridium;s__Clostridium_sp._L2-50	k__Bacteria;p__Firmicutes;c__Clostridia;o__Clostridiales;f__Clostridiaceae;g__Clostridium;s__Clostridium_sp._M62/1	k__Bacteria;p__Firmicutes;c__Clostridia;o__Clostridiales;f__;g__Intestinimonas;s__Intestinimonas_butyriciproducens	k__Bacteria;p__Actinobacteria;c__Actinobacteria;o__Bifidobacteriales;f__Bifidobacteriaceae;g__Bifidobacterium;s__Bifidobacterium_bifidum	k__Bacteria;p__Firmicutes;c__Negativicutes;o__Veillonellales;f__Veillonellaceae;g__Dialister;s__Dialister_invisus	k__Bacteria;p__Bacteroidetes;c__Bacteroidia;o__Bacteroidales;f__Bacteroidaceae;g__Bacteroides;s__Bacteroides_salanitronis
k__Bacteria;p__Bacteroidetes;c__Bacteroidia;o__Bacteroidales;f__Bacteroidaceae;g__Bacteroides;s__Bacteroides_vulgatus	1.0	-0.0214279862096	0.0222414633594	0.00182798562082	-0.0438220486906	0.00285131421563	-0.00521143627667	-0.0113000864183	-0.0457684886417	0.0636507872433	-0.00134711216077	0.0418527348427	-0.0169846466116	0.0259864778564	0.030523994966	0.00381552955568	0.0398866258156	-0.0660497777775	-0.0576323439837	0.0235769000999	-0.0305652939194	-0.0125974558905	-0.0297925249667	0.0187504971483	0.0696676779067	-0.0061669369295	-0.00596035877144	-0.0130215360885	-0.00301833286415	-0.0510902339262	0.0296020268244	0.0106711797392	-0.0125107891216	-0.0259028178803	0.010751269276	0.023046634313	-0.00726665151668	-0.0529074269088	0.074295443125	-0.0177830560752	-0.0311306565835	0.0597133591135	-0.0245390919509	-0.0305491199314	0.00975069598418	-0.0551320025409	-0.00483414262416	0.0218351252028	0.0338923322305	-0.00913526377336	-0.0459793452144	0.040820312594	-0.0251962835472	0.041471518817	-0.0268327794566	-0.00434547024591	-0.0192573584894	-0.0178894885146	-0.00031879771732
k__Bacteria;p__Bacteroidetes;c__Bacteroidia;o__Bacteroidales;f__Bacteroidaceae;g__Bacteroides;s__Bacteroides_uniformis	-0.0214279862096	1.0	-0.00257952920135	-0.0209511960946	-0.0693966247823	0.00404168944372	-0.0121571933278	0.0347822187766	0.0344616919945	0.0284793744682	0.0188223960214	-0.0580137250431	-0.0225434761562	-0.0269070063867	0.00473234002414	-0.0310422732837	0.00803748128996	-0.0399956875796	0.0814866991892	-0.00257994661111	-0.0209678430673	-0.0315702312494	-0.0375823989568	0.0280240592867	0.0444931378041	-0.0474958253305	-0.000942670480593	0.0161904076373	0.0191446280083	0.0086497724048	-0.0225973722294	0.0141848188335	-0.0412997236705	-0.0135550996668	0.0270857124127	-0.036696046839	-0.0273328281066	0.090279441433	-0.04448231796	0.0200247045456	-0.0324997290098	0.00197258776456	0.0309340624411	-0.0154535670989	0.0107707446132	0.0591671841368	-0.0319209752801	-0.0758332979651	-0.0616209230983	0.0310470910597	-0.00288944148063	0.0511132842585	-0.00484445941854	0.0519345753165	-0.0226504808769	-0.0402651370305	0.0547113268353	0.0357266091048	0.0304840219395
k__Bacteria;p__Bacteroidetes;c__Bacteroidia;o__Bacteroidales;f__Rikenellaceae;g__Alistipes;s__Alistipes_putredinis	0.0222414633594	-0.00257952920135	1.0	-0.00923099212842	-0.0138532452638	0.0121519795	-0.00772332663961	-0.000987848599746	-0.0340696129531	-0.0354600887157	-0.0113725026893	-0.00696142829019	0.0305109768267	0.0421625921103	-0.033159923417	0.00936591945066	0.0149410035587	-0.0873235483061	-0.0514825104671	-0.0558280042612	0.0171405667568	0.0077428648806	0.0406777328824	-0.0319897468054	0.0185243800914	-0.00208212703217	-0.025133805435	-0.0491056011319	0.0274087124618	-0.023781086347	-0.00217519642253	-0.053474981846	0.0142729752628	-0.00239846584331	-0.0193108878098	-0.00368787302218	-0.0041641646437	-0.0649526150728	0.00206955896009	-0.0696089611789	-0.058296190376	-0.0236007511081	-0.00489064897147	0.0030567504058	-0.0139990006804	-0.0133004725326	0.00617391676185	0.0135464225748	0.105979366234	0.0149357349924	-0.0260207091423	0.0216231877647	-0.0521498609571	-0.0690547861242	-0.0884282241368	0.00115350294467	0.0394019788341	-0.0555105728114	0.00133584599988
k__Bacteria;p__Bacteroidetes;c__Bacteroidia;o__Bacteroidales;f__Prevotellaceae;g__Prevotella;s__Prevotella_copri	0.00182798562082	-0.0209511960946	-0.00923099212842	1.0	-0.0089038620042	0.00202502459111	0.0140428343889	0.0302435908669	0.00652882921942	0.0244262072685	-0.00572680932759	0.0385774732658	0.0303037304374	-0.00690636522184	-0.0444591814778	0.0193750949086	-0.00540377409992	-0.012628237878	-0.018631086257	-0.00751566531508	0.0283140939685	0.00953635824779	0.0313758493985	-0.0161301307294	-0.00591792272561	-0.0607426425706	-0.00825022638218	0.0151596484171	-0.0800371713406	-0.0229081560426	-0.000476604871168	-0.0227222490635	-0.0413566946536	-0.0357411272027	-0.0108193984669	0.0628214979908	-0.012967916428	-0.0678600392167	-0.0217142383366	0.0209919813501	-0.0132433411824	-0.0361562162409	-0.0489163092862	0.0336715222665	-0.00157094671675	0.0305794777779	0.0626896335633	0.0009181246124	0.0333995447815	0.0474458491901	-0.0203492913834	-0.0117360525478	0.0578880686105	0.00537039446272	-0.0249654951544	-0.0232667927519	0.0113350484066	-0.0221344104493	0.0157319065626
k__Bacteria;p__Bacteroidetes;c__Bacteroidia;o__Bacteroidales;f__Bacteroidaceae;g__Bacteroides;s__Bacteroides_stercoris	-0.0438220486906	-0.0693966247823	-0.0138532452638	-0.0089038620042	1.0	0.00676497112727	-0.0145101480362	-0.0528507872957	-0.0687236335111	-0.0606695962922	0.00443709053878	-0.0140016115651	0.0145718857979	0.0342277277096	0.0311038977486	0.0132157079176	0.0558092566499	0.0109441941769	0.0198890453761	0.0171944085865	0.0102070705229	-0.0271948951964	-0.00718884082794	-0.0104445047767	-0.061195397519	-0.000218512382808	-0.0203354977776	0.0244347411728	-0.0804663208474	-0.00106162703866	0.0281147473741	-0.00842189446719	0.00256632416303	0.0140719264879	-0.00533165848066	0.0122009965407	-0.0321250658326	-0.0417061004756	0.0173320497393	0.047161034708	0.0425445524192	0.00828094295289	-0.00024172202345	-0.0594230251368	-0.0455149085545	-0.017561219168	-0.00151726656243	-0.0268440865838	-0.0631332936471	0.0211708615032	-0.00507302515979	0.0155917506461	0.043785298984	-0.0298015798226	0.000481878152438	-0.0371684939069	0.0385912690761	-0.0176425444299	-0.0296851280604
k__Bacteria;p__Bacteroidetes;c__Bacteroidia;o__Bacteroidales;f__Bacteroidaceae;g__Bacteroides;s__Bacteroides_ovatus	0.00285131421563	0.00404168944372	0.0121519795	0.00202502459111	0.00676497112727	1.0	0.0876032732868	-0.0386623544491	-0.0269762738481	0.0123093838503	-0.0189541583834	-0.0242517281418	0.0524635080002	-0.0114891388399	-0.0408979004311	-0.0159309337427	-0.0826317950098	0.00712131750073	0.00860126827545	0.0106491289238	-0.00346251077014	0.0131327039459	-0.0505303892937	-0.025657405719	-0.00247120406233	-0.0547599180075	0.0169216876445	0.0567619239932	0.0738265312178	-0.00600152731192	-0.0107373663769	-0.00103434329759	0.0108771751888	0.0514849406172	-0.0772215379048	0.0206127389445	0.0286234564512	0.00791649385377	0.00478893917785	0.018094985721	-0.0358045091094	0.0316208668303	0.000176314987711	-0.0584283156172	0.0289131726343	-0.0183883669285	0.0317852434586	-0.0170483802976	0.0904725347579	-0.0300092601117	-0.0141539614039	-0.0116756350588	-0.0462636561084	-0.0165764468838	-0.0518352981345	-0.0699312453801	-0.0631756636809	0.00448446956758	0.0258219229886
k__Bacteria;p__Bacteroidetes;c__Bacteroidia;o__Bacteroidales;f__Rikenellaceae;g__Alistipes;s__Alistipes_shahii	-0.00521143627667	-0.0121571933278	-0.00772332663961	0.0140428343889	-0.0145101480362	0.0876032732868	1.0	-0.0329400060685	-0.0343361137686	-0.054336665478	-0.0397756564421	-0.0333093235006	-0.00156871781271	-0.0162611531988	-0.0337776270076	0.0502520006272	-0.0698258648351	-0.0486973256006	-0.0207877320153	-0.0113090075109	-0.00442747993035	-0.0241391955414	-0.0172732643709	-0.0116211303216	-0.0583463125491	-0.0563680326825	0.0367936379042	0.041991051728	0.00973183966975	-0.0270716487035	0.0192992806174	-0.00772088012788	0.0230380993593	0.0327384687925	-0.0159505993625	0.00573487284076	-0.031710475776	0.0379034482241	-0.0269105575198	0.00256320292641	0.0128502837855	0.0184277973773	-0.003135100895	0.0263435494895	0.0649251328072	-0.0919837262676	0.0230394440562	0.0581423888477	-0.0410794704177	-0.0482619783766	0.0707989170586	-0.053853818483	0.0352918706201	-0.0528874508812	-0.0727063310312	-0.00663341778253	-0.00116457111242	0.00748859102188	-0.0152948984086
k__Bacteria;p__Firmicutes;c__Clostridia;o__Clostridiales;f__Ruminococcaceae;g__Faecalibacterium;s__Faecalibacterium_prausnitzii	-0.0113000864183	0.0347822187766	-0.000987848599746	0.0302435908669	-0.0528507872957	-0.0386623544491	-0.0329400060685	1.0	-0.0833161480866	-0.0400244700898	-0.0356301679812	-0.0145906241093	0.0218700304588	0.00361441264998	-0.0410282856081	0.00348242655385	-0.021550657551	0.0138090929241	-0.00628576590246	0.058669858722	0.00722878319254	-0.0181533420849	-0.00462488974204	-0.0189195742933	-0.0295178330241	0.0313624360324	-0.00308102137841	-0.0206791020097	0.027408438709	0.00243788401765	0.018528753787	0.0037873328769	-0.0154692592628	-0.0157734657525	-0.0474383399968	0.0100143975879	0.0176821625706	0.00748019396843	0.000133913313446	-0.0182688715792	-0.0250097794972	-0.0286499831177	0.0577921333797	0.0326350686523	-0.00852675774805	-0.0310367090782	-0.030290424868	0.0475331922278	0.0402233992123	0.00274372263283	0.00314967542402	0.0173006997993	0.048704772736	0.00758282569893	0.0625482797955	0.00450896247926	0.0238992750737	-0.0461268737602	-0.0379686848717
k__Bacteria;p__Bacteroidetes;c__Bacteroidia;o__Bacteroidales;f__Rikenellaceae;g__Alistipes;s__Alistipes_finegoldii	-0.0457684886417	0.0344616919945	-0.0340696129531	0.00652882921942	-0.0687236335111	-0.0269762738481	-0.0343361137686	-0.0833161480866	1.0	0.0118582663507	0.0383223413838	-0.020535838076	-0.0818922424286	0.0513081825444	-0.0100899478009	0.000436091903271	0.0663284490673	-0.0254599856739	0.0227798699779	-0.0125826212313	-0.0260455812484	0.0522171329127	0.0178722018456	0.0232762364973	0.0267465605981	0.0465414629332	-0.0470099896057	-0.0124619313667	0.0184437544414	-0.0246036411765	-0.0320237858946	-0.0188505583253	-0.0222338174076	0.0189786060039	-0.0357231837275	-0.05800064969	-0.00470342786092	-0.0171438866326	0.00421009851542	0.002273878931	-0.0672200698726	0.0551792566451	-0.0707997372551	0.0177803268672	-0.027535479596	-0.0138616641874	-0.0200409608054	-0.0127997526413	0.014496547456	-0.00458760053331	0.0145569202569	-0.0149655664062	0.0174071321342	0.0357952665463	-0.0253618013277	0.0157176889378	-0.0495941102487	-0.0155206746815	-0.00558270137066
k__Bacteria;p__Bacteroidetes;c__Bacteroidia;o__Bacteroidales;f__Porphyromonadaceae;g__Parabacteroides;s__Parabacteroides_distasonis	0.0636507872433	0.0284793744682	-0.0354600887157	0.0244262072685	-0.0606695962922	0.0123093838503	-0.054336665478	-0.0400244700898	0.0118582663507	1.0	-0.00687491857338	0.0263442720842	-0.010471706062	0.00895030078805	-0.0194328057361	0.0459370403097	0.00739347735546	-0.0514581105437	-0.0513304796755	-0.0304594203258	-0.00115140341024	-0.0450852604993	0.00476052527789	-0.0228159568829	0.0529898688518	-0.0140301272012	0.0294807294716	0.0208523620763	0.0902352332098	0.00609841154195	-0.00986117620772	0.00850453481044	0.0364528234418	0.00827077129989	-0.0033375772562	0.0418191308784	-0.0250686191724	0.032620973046	-0.0268640649639	-0.0490704477678	0.00922046301479	-0.00235914368271	-0.0326484226799	0.0142401360552	-0.0300279270636	-0.00792276245134	-0.044684861984	-0.0334706147276	-0.00536082526565	-0.00931686663665	0.0158574977352	-0.0427491022553	-0.05556269121	0.0394915454808	-0.0234602937447	0.00359703002178	-0.0344892353233	-0.013584349808	-0.0372744554028
k__Bacteria;p__Bacteroidetes;c__Bacteroidia;o__Bacteroidales;f__Bacteroidaceae;g__Bacteroides;s__Bacteroides_thetaiotaomicron	-0.00134711216077	0.0188223960214	-0.0113725026893	-0.00572680932759	0.00443709053878	-0.0189541583834	-0.0397756564421	-0.0356301679812	0.0383223413838	-0.00687491857338	1.0	-0.0101436566033	-0.0363190619995	-0.0386811769354	0.0592562947487	-0.0622817944091	0.0598065015715	0.0340229147178	-0.0106294048492	-0.0369478217946	-0.00365551173182	0.00815384919342	0.0249106694939	-0.0375030614301	-0.0530585681848	-0.0294627720503	0.00715134499193	-0.0432937016249	-0.0202844008762	-0.00252167588743	-0.0262785406221	-0.0266429867105	-0.0565047447768	0.0131882969437	0.028060609551	-0.0727489814576	0.0406399617928	-0.0131577409623	-0.0156541103653	-0.018640081251	0.00798202231903	-0.00365747568634	0.0221589116424	-0.0350509691715	0.0126866020221	-0.0192722399549	0.0502968116758	-0.0260412792183	-0.0315632081363	0.0327703485566	0.0226759351173	0.0548063795532	0.0297388439683	-0.0309846577296	-0.0855024004813	-0.0213207643329	0.00106357276976	-0.0201148407709	0.0359409414689
k__Bacteria;p__Bacteroidetes;c__Bacteroidia;o__Bacteroidales;f__Bacteroidaceae;g__Bacteroides;s__Bacteroides_coprocola	0.0418527348427	-0.0580137250431	-0.00696142829019	0.0385774732658	-0.0140016115651	-0.0242517281418	-0.0333093235006	-0.0145906241093	-0.020535838076	0.0263442720842	-0.0101436566033	1.0	0.0155302132407	0.0140946518085	0.065001117425	-0.00728282982079	-0.0436592895963	-0.0583477328942	-0.0137006852485	-0.0193688032677	-0.00750743803293	-0.0140899222077	-0.0370544903098	0.0334943252207	-0.0200351761964	0.0135270249426	-0.00323587038938	0.0127423963039	-0.0192153280251	0.00516476713705	0.00804773071502	0.004636109789	0.00644297863684	-0.0336443576184	0.00514142545942	-0.0879839897191	-0.0228026762632	-0.0226850792814	-0.0293626490787	-0.0863908446602	0.0148873811942	-0.0517957093541	0.0113880790127	-0.0279880308916	-0.0405169227162	-0.0256228569741	0.0791852535081	0.0268596843992	-0.00321287629525	-0.0669515476159	0.0184637011361	-0.00755571750283	-0.00832646413171	0.018876055788	-0.00636318047648	-0.00275185109032	0.00662283536892	0.0214781991236	0.0381912688863
k__Bacteria;p__Bacteroidetes;c__Bacteroidia;o__Bacteroidales;f__Bacteroidaceae;g__Bacteroides;s__Bacteroides_cellulosilyticus	-0.0169846466116	-0.0225434761562	0.0305109768267	0.0303037304374	0.0145718857979	0.0524635080002	-0.00156871781271	0.0218700304588	-0.0818922424286	-0.010471706062	-0.0363190619995	0.0155302132407	1.0	0.0488327056085	-0.0164579310709	-0.0357422519969	-0.0465310704511	-0.022583059651	-0.0272635356141	0.00981013848988	0.0255011759159	0.0322352733035	-0.0239589163121	-0.0190307943046	0.00186251004375	0.0130652118835	-0.0158112817737	-0.033013449753	0.0122370608006	-0.0354312933523	0.00550684912082	-0.0425716623571	-0.0492275467848	-0.0651279618963	-0.0045535583879	0.0190165467383	0.00142009187151	-0.0404330180251	-0.0301970063348	0.0172544103493	-0.0249666565044	0.0192547680284	-0.00210245063863	0.0233608053701	0.0164247981871	0.0173471394991	0.015031370152	-0.0137967950239	0.0012159635619	0.0101351092688	0.0491547772114	0.0123382276803	-0.0215880778812	0.000175528874192	-0.0374292563976	-0.0388416360939	0.0035312634403	-0.0211639303037	-0.0264196605327
k__Bacteria;p__Bacteroidetes;c__Bacteroidia;o__Bacteroidales;f__Rikenellaceae;g__Alistipes;s__Alistipes_obesi	0.0259864778564	-0.0269070063867	0.0421625921103	-0.00690636522184	0.0342277277096	-0.0114891388399	-0.0162611531988	0.00361441264998	0.0513081825444	0.00895030078805	-0.0386811769354	0.0140946518085	0.0488327056085	1.0	-0.011634798983	-0.0096235946257	0.0540704149179	-0.0684367438518	-0.0273538791134	-0.0232415976319	0.0629777010493	-0.0337772778833	-0.0220651236352	-0.0283659284867	0.0174550276615	0.00806357537319	-0.00850851542268	-0.0545638272767	-0.0264396389021	0.108710377219	-0.0259268059909	-0.0386567598933	-0.00651269202656	0.0145865654332	0.000882675348914	0.0761255596984	0.0146574323735	0.0183642670276	-0.0032590905913	-0.0100750917537	0.0595659560537	0.00925166110543	0.0241221657278	-0.0553312625804	0.0135484812825	-0.064206100832	-0.0191368106385	-0.0973953855573	-0.0553077592964	-0.0646678215592	0.00440709882294	-0.0526934921191	0.00908218779639	-0.0184809157636	-0.0228764379187	0.0392086614266	-0.00514114638568	-0.00752923292312	0.022930549574
k__Bacteria;p__Firmicutes;c__Clostridia;o__Clostridiales;f__Lachnospiraceae;g__;s__[Eubacterium]_rectale	0.030523994966	0.00473234002414	-0.033159923417	-0.0444591814778	0.0311038977486	-0.0408979004311	-0.0337776270076	-0.0410282856081	-0.0100899478009	-0.0194328057361	0.0592562947487	0.065001117425	-0.0164579310709	-0.011634798983	1.0	0.0183758106902	0.0288902105675	0.00147733008579	-0.0498010924823	0.0492455537213	0.0191975163327	-0.0260609074607	-0.0211661835043	-0.0493952353345	0.00604259386248	-0.0293252390237	0.02378740407	0.0585961110235	0.00948353801703	0.0144857454395	-0.0455402589413	-0.00970229128095	-0.0373676248257	-0.0494484414922	0.0879690092824	0.00460667086607	0.0558895013982	0.0444024533225	0.0305248481163	-0.0249144972724	-0.0562160119831	-0.0156775338844	-0.00455464859982	0.00114337148205	-0.0230485483554	0.000536661971619	0.0114892777828	0.0491718444078	-0.0753046317422	0.0171114979616	-0.000385480788543	-0.0368186958228	-0.0201300760314	-0.0284558623146	0.0256063944531	0.011009067881	-0.052400012063	-0.0118919915672	0.0301028693751
k__Bacteria;p__Bacteroidetes;c__Bacteroidia;o__Bacteroidales;f__Bacteroidaceae;g__Bacteroides;s__Bacteroides_plebeius	0.00381552955568	-0.0310422732837	0.00936591945066	0.0193750949086	0.0132157079176	-0.0159309337427	0.0502520006272	0.00348242655385	0.000436091903271	0.0459370403097	-0.0622817944091	-0.00728282982079	-0.0357422519969	-0.0096235946257	0.0183758106902	1.0	-0.0284407734232	-0.016804499166	-0.028798030391	0.00275121835829	-0.00633061868983	-0.0432620543197	0.00779977612943	0.0329185459055	-0.0266471410315	-0.0319405231841	-0.0135274370582	-0.00373121338172	-0.00847989457762	0.00458421622143	-0.034357407325	-0.0214544120269	0.0320093621564	-0.0236816602917	0.00663460221744	0.0490018852435	-0.038639041127	-0.0244477882607	-0.00588365694246	-0.0066096441146	-0.0270175619251	-0.0353409659943	0.0231641677419	0.00377773192254	0.033582961266	0.0220693103063	0.0497090802754	-0.016077430146	0.0193926483165	-0.0337542434386	-0.0555919559315	-0.0176298497758	0.0258796497829	-0.0810553179099	0.0190718550786	-0.0263408456485	-0.0163577702863	0.0361999706981	-0.0375437278211
k__Bacteria;p__Bacteroidetes;c__Bacteroidia;o__Bacteroidales;f__Bacteroidaceae;g__Bacteroides;s__Bacteroides_fragilis	0.0398866258156	0.00803748128996	0.0149410035587	-0.00540377409992	0.0558092566499	-0.0826317950098	-0.0698258648351	-0.021550657551	0.0663284490673	0.00739347735546	0.0598065015715	-0.0436592895963	-0.0465310704511	0.0540704149179	0.0288902105675	-0.0284407734232	1.0	-0.0393257169722	-0.0372981512992	-0.053786538248	-0.0305119123801	-0.0166408740872	-0.011875009469	-0.00716777982012	-0.0371895430965	0.0928223818625	-0.0611545364387	-0.0336009333961	-0.0520178004815	0.0339022802091	0.0249550607983	0.0197984274789	-0.00624807091551	-0.00187821151352	-0.0105253283279	-0.0351361650844	-0.0368338068157	0.0100716491332	-0.0558443344845	-0.0276148859369	0.0425679396508	-0.0170263187855	0.0405487520619	-0.0140639726554	-0.0176363416835	0.0173331174848	-0.0204924706744	-0.00978581080644	-0.0207025574468	0.034462786311	0.0342223667599	0.00862811590339	0.0890511814153	-0.0141763672249	-0.0373872834486	0.0165979529626	-0.0277072544326	-0.0327380692429	0.0336181604555
k__Bacteria;p__Proteobacteria;c__Betaproteobacteria;o__Burkholderiales;f__Sutterellaceae;g__Sutterella;s__Sutterella_wadsworthensis	-0.0660497777775	-0.0399956875796	-0.0873235483061	-0.012628237878	0.0109441941769	0.00712131750073	-0.0486973256006	0.0138090929241	-0.0254599856739	-0.0514581105437	0.0340229147178	-0.0583477328942	-0.022583059651	-0.0684367438518	0.00147733008579	-0.016804499166	-0.0393257169722	1.0	-0.0401562774104	-0.0126702118443	0.00549264101955	-0.0324562534102	0.0484645913331	0.0103535379141	0.0173436067335	0.00475018418085	-0.02389449772	0.0404253380054	-0.0363617587325	-0.0129298911012	-0.0217242790885	-0.000185346510001	0.0254614486692	0.0285293552554	0.00085834602316	0.0293027377038	0.00840081365481	0.011188348833	0.0335009667827	0.0245145049609	-0.0140701001552	0.028610588817	-0.0232193738139	0.0379593590665	-0.0316300161566	-0.00137114293114	-0.00491048145342	-0.0461759761017	-0.0423718480421	0.0500216904805	-0.00309588924708	0.0141038661938	-0.0385819239649	0.000747530614761	-0.00640751416976	-0.037831519174	-0.0584620619495	0.0209995166685	0.0316513927443
k__Bacteria;p__Bacteroidetes;c__Bacteroidia;o__Bacteroidales;f__Porphyromonadaceae;g__Barnesiella;s__Barnesiella_intestinihominis	-0.0576323439837	0.0814866991892	-0.0514825104671	-0.018631086257	0.0198890453761	0.00860126827545	-0.0207877320153	-0.00628576590246	0.0227798699779	-0.0513304796755	-0.0106294048492	-0.0137006852485	-0.0272635356141	-0.0273538791134	-0.0498010924823	-0.028798030391	-0.0372981512992	-0.0401562774104	1.0	-0.0163395360197	0.0501080861166	0.0501553284819	-0.0429692424857	0.0782858210062	-0.0397851103681	0.0680339709862	-0.0305581588311	-0.00781485068135	-0.0296286525219	-0.0119791436445	-0.0315229310648	0.038647107179	-0.065165301663	-0.0234425363749	-0.0132363895748	0.000128772831802	-0.00633918177789	-0.0814148975256	-0.0549884341967	-0.0162176794675	0.0645261825256	-0.0517618809773	0.0506831810241	0.00967379162312	0.0156460220372	0.0245158212312	-0.098045312191	-0.0114897144952	-0.0343524387829	0.0465307670859	-0.0131727192939	0.0183052770391	0.00138986369883	0.104985415737	0.0670212199655	0.00714885908446	0.0158385303174	0.000493331023487	0.0277044730954
k__Bacteria;p__Bacteroidetes;c__Bacteroidia;o__Bacteroidales;f__Odoribacteraceae;g__Odoribacter;s__Odoribacter_splanchnicus	0.0235769000999	-0.00257994661111	-0.0558280042612	-0.00751566531508	0.0171944085865	0.0106491289238	-0.0113090075109	0.058669858722	-0.0125826212313	-0.0304594203258	-0.0369478217946	-0.0193688032677	0.00981013848988	-0.0232415976319	0.0492455537213	0.00275121835829	-0.053786538248	-0.0126702118443	-0.0163395360197	1.0	-0.00878119145419	0.0540177267871	0.0139238615438	-0.0861083321617	-0.031548723997	-0.00575379067601	-0.03052644222	-0.0843280782948	-0.0336141573264	0.0348642495015	-0.0374362885551	-0.00401592661066	-0.0185550875916	-0.0200397032781	0.0450494537782	0.000577278835515	-0.030492984356	0.0553748996209	-0.0434816261477	-0.0167080065412	-0.0285389352223	0.0178701984041	0.0471089050122	-0.0351408544412	0.037737540853	0.0371038924648	-0.0279160430019	-0.0553473210498	-0.0227903034527	0.0152537315545	-0.0610257756447	-0.079764163511	-0.0243421288328	-0.0324067090424	-0.037767181962	-0.0110090640616	0.0463690233564	0.00524547909872	-0.0298343906116
k__Bacteria;p__Bacteroidetes;c__Bacteroidia;o__Bacteroidales;f__Bacteroidaceae;g__Bacteroides;s__Bacteroides_salyersiae	-0.0305652939194	-0.0209678430673	0.0171405667568	0.0283140939685	0.0102070705229	-0.00346251077014	-0.00442747993035	0.00722878319254	-0.0260455812484	-0.00115140341024	-0.00365551173182	-0.00750743803293	0.0255011759159	0.0629777010493	0.0191975163327	-0.00633061868983	-0.0305119123801	0.00549264101955	0.0501080861166	-0.00878119145419	1.0	0.0335651316642	-0.00622042304751	-0.0162249901202	-0.0361336913166	-0.0444975287167	0.0258101142308	0.0401710533295	0.0116052648555	-0.0235908979725	-0.0604929848848	0.034675265538	-0.0258241720698	-0.0325192806964	-0.00332058216662	0.0186695564805	-0.0587215487369	-0.0474961836163	-0.0522243222124	-0.00603535605478	0.0233057347586	0.0124044227845	-0.0497411342011	-0.0275640055657	-0.00900168091986	0.00973267421998	-0.00218270974574	-0.0139928915008	-0.0438216683632	-0.0147342157926	0.00456470133218	-0.0439792336626	0.0494848832749	-0.0138047917607	-0.0188802332478	0.0177085922758	0.00280230631732	0.0271306834985	0.0474548395344
k__Bacteria;p__Firmicutes;c__Clostridia;o__Clostridiales;f__Ruminococcaceae;g__Ruminiclostridium;s__[Eubacterium]_siraeum	-0.0125974558905	-0.0315702312494	0.0077428648806	0.00953635824779	-0.0271948951964	0.0131327039459	-0.0241391955414	-0.0181533420849	0.0522171329127	-0.0450852604993	0.00815384919342	-0.0140899222077	0.0322352733035	-0.0337772778833	-0.0260609074607	-0.0432620543197	-0.0166408740872	-0.0324562534102	0.0501553284819	0.0540177267871	0.0335651316642	1.0	-0.0590594576309	-0.00645014098244	0.0038711833115	-0.0140303811967	-0.0469574741034	-0.0673100525745	0.00779195335605	0.0355571574182	-0.0122032767534	-0.0666004822885	0.00305576960362	0.0314002476352	-0.00740864196159	0.0196471640636	-0.057457952232	0.0252592891675	0.0327464838928	-0.0527588353206	-0.0655999222905	-0.0435840649833	-0.0939392932246	0.0154610630313	-0.0117691839328	0.0159196814756	0.0224556360833	0.0335195235969	0.0113285202346	0.0026619000926	0.0100156065761	-0.083106569786	0.0322518482647	-0.0471114952516	0.0321041178569	0.0414161423099	0.0406001084317	0.00236118809617	0.0253596824046
k__Bacteria;p__Proteobacteria;c__Betaproteobacteria;o__Burkholderiales;f__Sutterellaceae;g__Parasutterella;s__Parasutterella_excrementihominis	-0.0297925249667	-0.0375823989568	0.0406777328824	0.0313758493985	-0.00718884082794	-0.0505303892937	-0.0172732643709	-0.00462488974204	0.0178722018456	0.00476052527789	0.0249106694939	-0.0370544903098	-0.0239589163121	-0.0220651236352	-0.0211661835043	0.00779977612943	-0.011875009469	0.0484645913331	-0.0429692424857	0.0139238615438	-0.00622042304751	-0.0590594576309	1.0	-0.0139884882748	-0.014272722428	0.037682559874	-0.00460061424505	-0.018879666507	0.00879915501635	-0.0345517247272	0.0584000061471	0.0316771725103	0.0143274332385	0.000903800425174	-0.0603785533557	-0.0123224514174	-0.031946235106	0.011369632187	-0.0016508480825	-0.0162643769992	0.0412170257475	-0.0841897761399	0.0473308663315	-0.0332090503339	0.00457891237273	-0.0434068940555	-0.0101385922586	0.045768003882	-0.00388926730298	0.0251014745014	0.00838309307364	0.00841482311936	0.00350332634659	0.0262442284944	-0.00111975682206	0.0150480716489	-0.0130146123224	-0.0198869356112	-0.0804064725251
k__Bacteria;p__Actinobacteria;c__Actinobacteria;o__Bifidobacteriales;f__Bifidobacteriaceae;g__Bifidobacterium;s__Bifidobacterium_adolescentis	0.0187504971483	0.0280240592867	-0.0319897468054	-0.0161301307294	-0.0104445047767	-0.025657405719	-0.0116211303216	-0.0189195742933	0.0232762364973	-0.0228159568829	-0.0375030614301	0.0334943252207	-0.0190307943046	-0.0283659284867	-0.0493952353345	0.0329185459055	-0.00716777982012	0.0103535379141	0.0782858210062	-0.0861083321617	-0.0162249901202	-0.00645014098244	-0.0139884882748	1.0	-0.036937145892	0.0544704307737	0.00825848554086	0.024441314389	0.0179476422036	-0.0426616075806	0.0518450984131	0.0191609956771	0.015589643158	-0.0301834678275	0.0339266482321	-0.0161524881908	-0.0395794900883	-0.00613580875659	0.00283200166395	0.00775269431588	0.0201592603024	-0.0182785322111	0.000888046073908	-0.0118948132821	0.0625605665539	0.0434606587465	-0.0372879275671	-0.0211523314114	0.0276941553527	0.0155300550177	-0.0232107855039	-0.0574980498873	-0.00935314791266	-0.00576688275793	0.0264768254427	-0.0531891303116	-0.0302411578351	-0.0316720129139	-0.0314035166503
k__Bacteria;p__Firmicutes;c__Clostridia;o__Clostridiales;f__Oscillospiraceae;g__Oscillibacter;s__Oscillibacter_sp._KLE_1745	0.0696676779067	0.0444931378041	0.0185243800914	-0.00591792272561	-0.061195397519	-0.00247120406233	-0.0583463125491	-0.0295178330241	0.0267465605981	0.0529898688518	-0.0530585681848	-0.0200351761964	0.00186251004375	0.0174550276615	0.00604259386248	-0.0266471410315	-0.0371895430965	0.0173436067335	-0.0397851103681	-0.031548723997	-0.0361336913166	0.0038711833115	-0.014272722428	-0.036937145892	1.0	-0.0215969410169	-0.0390448002953	-0.0685898173263	0.0300018432085	0.00309944682418	-0.00695606758467	0.0149491793612	-0.0172976160013	0.00548007591082	0.0195824852395	0.0313039589067	-0.00814110889398	0.00900405311916	-0.0238078473467	0.0207756685156	-0.0287500322845	-0.0225129961119	-0.0692689644781	-0.0612760549274	0.0403216031068	-0.00640727271936	-0.0180582391857	-0.0142706081901	0.0248641365558	-0.00797231413118	-0.0340757833401	-0.0328455928284	0.0237354423198	0.0451012305472	-0.00187565234913	-0.0205310754872	0.0518510058147	0.0409905613572	0.0310079493391
k__Bacteria;p__Bacteroidetes;c__Bacteroidia;o__Bacteroidales;f__Bacteroidaceae;g__Bacteroides;s__Bacteroides_coprophilus	-0.0061669369295	-0.0474958253305	-0.00208212703217	-0.0607426425706	-0.000218512382808	-0.0547599180075	-0.0563680326825	0.0313624360324	0.0465414629332	-0.0140301272012	-0.0294627720503	0.0135270249426	0.0130652118835	0.00806357537319	-0.0293252390237	-0.0319405231841	0.0928223818625	0.00475018418085	0.0680339709862	-0.00575379067601	-0.0444975287167	-0.0140303811967	0.037682559874	0.0544704307737	-0.0215969410169	1.0	-0.0571203380659	0.0206480391309	-0.0720165270541	0.0204046044731	0.0473104957416	0.00793304359912	-0.0178968030477	-0.00337285747828	-0.0452183312644	-0.0736407831092	-0.00524432653142	-0.0143860016061	-0.0409173995777	0.0426166732599	-0.00699649731597	-0.00724675389417	-0.006703027789	0.0239372468778	0.014600644929	0.00809471391219	-0.0389342338873	-0.0196465590059	0.0189991214052	-0.00149123028168	0.024193656058	-0.0199598254204	-0.0385728549493	-0.0509492667454	-0.0112078158534	-0.00834542201845	0.00779591955946	-0.0114463609853	-0.0208578768615
k__Bacteria;p__Firmicutes;c__Clostridia;o__Clostridiales;f__Lachnospiraceae;g__Roseburia;s__Roseburia_intestinalis	-0.00596035877144	-0.000942670480593	-0.025133805435	-0.00825022638218	-0.0203354977776	0.0169216876445	0.0367936379042	-0.00308102137841	-0.0470099896057	0.0294807294716	0.00715134499193	-0.00323587038938	-0.0158112817737	-0.00850851542268	0.02378740407	-0.0135274370582	-0.0611545364387	-0.02389449772	-0.0305581588311	-0.03052644222	0.0258101142308	-0.0469574741034	-0.00460061424505	0.00825848554086	-0.0390448002953	-0.0571203380659	1.0	-0.0557905121861	0.0244331296803	-0.0233895363231	-0.00546582130545	0.0129888146691	-0.00663222675954	0.0411990048896	0.0114029018408	0.0358196878938	0.0377458369049	0.0133029276275	0.0180791458394	-0.0414913810928	0.00634925777434	-0.00164817529373	-0.0484997276306	-0.0250289588794	0.0412305406901	-0.0257014224006	0.0430016844138	-0.0273263340008	-0.0141359819959	0.0182607352115	0.00518546593424	0.0194832373006	-0.0415784354607	0.0133959336489	-0.0244058606159	-0.00882885684845	0.0151425817939	-0.00749717478325	0.00943753699602
k__Bacteria;p__Firmicutes;c__Clostridia;o__Clostridiales;f__Lachnospiraceae;g__Roseburia;s__Roseburia_hominis	-0.0130215360885	0.0161904076373	-0.0491056011319	0.0151596484171	0.0244347411728	0.0567619239932	0.041991051728	-0.0206791020097	-0.0124619313667	0.0208523620763	-0.0432937016249	0.0127423963039	-0.033013449753	-0.0545638272767	0.0585961110235	-0.00373121338172	-0.0336009333961	0.0404253380054	-0.00781485068135	-0.0843280782948	0.0401710533295	-0.0673100525745	-0.018879666507	0.024441314389	-0.0685898173263	0.0206480391309	-0.0557905121861	1.0	-0.0573777973881	0.00381778653061	0.00163437954494	0.0249874191074	-0.0474333778087	-0.0187349954548	-0.0743170447649	0.0503678547602	-0.0744034657526	0.0119666325209	0.010653794362	0.0226094487663	0.0311540691157	0.0630150155369	-0.0118558515328	0.0522203169806	-0.0260523972515	-0.0329418066422	-0.0608045977263	0.0273951074968	0.0365568776658	0.0348553841034	0.0423196156434	2.72238731893e-05	0.000454449208361	0.0891735590725	0.00143487306326	-0.0508443044503	-0.0420068231643	-0.0246618420305	0.00219825648286
k__Bacteria;p__Bacteroidetes;c__Bacteroidia;o__Bacteroidales;f__Porphyromonadaceae;g__Parabacteroides;s__Parabacteroides_johnsonii	-0.00301833286415	0.0191446280083	0.0274087124618	-0.0800371713406	-0.0804663208474	0.0738265312178	0.00973183966975	0.027408438709	0.0184437544414	0.0902352332098	-0.0202844008762	-0.0192153280251	0.0122370608006	-0.0264396389021	0.00948353801703	-0.00847989457762	-0.0520178004815	-0.0363617587325	-0.0296286525219	-0.0336141573264	0.0116052648555	0.00779195335605	0.00879915501635	0.0179476422036	0.0300018432085	-0.0720165270541	0.0244331296803	-0.0573777973881	1.0	0.0153540600679	0.0235984431973	-0.0105496364476	-0.00792122398101	0.00414582496468	-0.0577114193308	-0.0392863411544	-0.0504891251994	-0.00112566500608	0.0126847424264	-0.0369036980938	-0.0503420799116	0.0272845032475	-0.0251240735549	-0.0491183149902	-0.00478750440148	-0.00917326943402	-0.0529214200144	0.0336764584927	0.00890307587839	0.00847033566502	0.0243445609651	-0.0274150782982	0.0173122212583	0.0377469680473	0.0147230648375	-0.00884865390533	0.000368053543843	0.00538353132989	-0.0447303361007
k__Bacteria;p__Actinobacteria;c__Actinobacteria;o__Bifidobacteriales;f__Bifidobacteriaceae;g__Bifidobacterium;s__Bifidobacterium_longum	-0.0510902339262	0.0086497724048	-0.023781086347	-0.0229081560426	-0.00106162703866	-0.00600152731192	-0.0270716487035	0.00243788401765	-0.0246036411765	0.00609841154195	-0.00252167588743	0.00516476713705	-0.0354312933523	0.108710377219	0.0144857454395	0.00458421622143	0.0339022802091	-0.0129298911012	-0.0119791436445	0.0348642495015	-0.0235908979725	0.0355571574182	-0.0345517247272	-0.0426616075806	0.00309944682418	0.0204046044731	-0.0233895363231	0.00381778653061	0.0153540600679	1.0	0.0258512458407	-0.0369022894396	0.000475055648642	-0.0394695965848	-0.0686408716244	0.0223813229057	0.00758319225818	0.00123790184922	0.0202693229087	0.00182229873924	0.014609725345	-0.0176162866384	-0.00065687989906	-0.00840055540886	-0.0124321423405	-0.0297741591337	-0.00127321198453	-0.0239361213786	0.0281896846041	-0.0642920548388	0.0109362707958	0.0144096462659	-0.0431490935262	-0.0225163383666	0.000978656929515	-0.00111564057483	-0.0210519007654	-0.0203537270242	-0.0211160579529
