#taxonomy	k__Bacteria;p__Bacteroidetes;c__Bacteroidia;o__Bacteroidales;f__Bacteroidaceae;g__Bacteroides;s__Bacteroides_vulgatus	k__Bacteria;p__Bacteroidetes;c__Bacteroidia;o__Bacteroidales;f__Bacteroidaceae;g__Bacteroides;s__Bacteroides_uniformis	k__Bacteria;p__Bacteroidetes;c__Bacteroidia;o__Bacteroidales;f__Rikenellaceae;g__Alistipes;s__Alistipes_putredinis	k__Bacteria;p__Bacteroidetes;c__Bacteroidia;o__Bacteroidales;f__Prevotellaceae;g__Prevotella;s__Prevotella_copri	k__Bacteria;p__Bacteroidetes;c__Bacteroidia;o__Bacteroidales;f__Bacteroidaceae;g__Bacteroides;s__Bacteroides_stercoris	k__Bacteria;p__Bacteroidetes;c__Bacteroidia;o__Bacteroidales;f__Bacteroidaceae;g__Bacteroides;s__Bacteroides_ovatus	k__Bacteria;p__Bacteroidetes;c__Bacteroidia;o__Bacteroidales;f__Rikenellaceae;g__Alistipes;s__Alistipes_shahii	k__Bacteria;p__Firmicutes;c__Clostridia;o__Clostridiales;f__Ruminococcaceae;g__Faecalibacterium;s__Faecalibacterium_prausnitzii	k__Bacteria;p__Bacteroidetes;c__Bacteroidia;o__Bacteroidales;f__Rikenellaceae;g__Alistipes;s__Alistipes_finegoldii	k__Bacteria;p__Bacteroidetes;c__Bacteroidia;o__Bacteroidales;f__Porphyromonadaceae;g__Parabacteroides;s__Parabacteroides_distasonis	k__Bacteria;p__Bacteroidetes;c__Bacteroidia;o__Bacteroidales;f__Bacteroidaceae;g__Bacteroides;s__Bacteroides_thetaiotaomicron	k__Bacteria;p__Bacteroidetes;c__Bacteroidia;o__Bacteroidales;f__Bacteroidaceae;g__Bacteroides;s__Bacteroides_coprocola	k__Bacteria;p__Bacteroidetes;c__Bacteroidia;o__Bacteroidales;f__Bacteroidaceae;g__Bacteroides;s__Bacteroides_cellulosilyticus	k__Bacteria;p__Bacteroidetes;c__Bacteroidia;o__Bacteroidales;f__Rikenellaceae;g__Alistipes;s__Alistipes_obesi	k__Bacteria;p__Firmicutes;c__Clostridia;o__Clostridiales;f__Lachnospiraceae;g__;s__[Eubacterium]_rectale	k__Bacteria;p__Bacteroidetes;c__Bacteroidia;o__Bacteroidales;f__Bacteroidaceae;g__Bacteroides;s__Bacteroides_plebeius	k__Bacteria;p__Bacteroidetes;c__Bacteroidia;o__Bacteroidales;f__Bacteroidaceae;g__Bacteroides;s__Bacteroides_fragilis	k__Bacteria;p__Proteobacteria;c__Betaproteobacteria;o__Burkholderiales;f__Sutterellaceae;g__Sutterella;s__Sutterella_wadsworthensis	k__Bacteria;p__Bacteroidetes;c__Bacteroidia;o__Bacteroidales;f__Porphyromonadaceae;g__Barnesiella;s__Barnesiella_intestinihominis	k__Bacteria;p__Bacteroidetes;c__Bacteroidia;o__Bacteroidales;f__Odoribacteraceae;g__Odoribacter;s__Odoribacter_splanchnicus	k__Bacteria;p__Bacteroidetes;c__Bacteroidia;o__Bacteroidales;f__Bacteroidaceae;g__Bacteroides;s__Bacteroides_salyersiae	k__Bacteria;p__Firmicutes;c__Clostridia;o__Clostridiales;f__Ruminococcaceae;g__Ruminiclostridium;s__[Eubacterium]_siraeum	k__Bacteria;p__Proteobacteria;c__Betaproteobacteria;o__Burkholderiales;f__Sutterellaceae;g__Parasutterella;s__Parasutterella_excrementihominis	k__Bacteria;p__Actinobacteria;c__Actinobacteria;o__Bifidobacteriales;f__Bifidobacteriaceae;g__Bifidobacterium;s__Bifidobacterium_adolescentis	k__Bacteria;p__Firmicutes;c__Clostridia;o__Clostridiales;f__Oscillospiraceae;g__Oscillibacter;s__Oscillibacter_sp._KLE_1745	k__Bacteria;p__Bacteroidetes;c__Bacteroidia;o__Bacteroidales;f__Bacteroidaceae;g__Bacteroides;s__Bacteroides_coprophilus	k__Bacteria;p__Firmicutes;c__Clostridia;o__Clostridiales;f__Lachnospiraceae;g__Roseburia;s__Roseburia_intestinalis	k__Bacteria;p__Firmicutes;c__Clostridia;o__Clostridiales;f__Lachnospiraceae;g__Roseburia;s__Roseburia_hominis	k__Bacteria;p__Bacteroidetes;c__Bacteroidia;o__Bacteroidales;f__Porphyromonadaceae;g__Parabacteroides;s__Parabacteroides_johnsonii	k__Bacteria;p__Actinobacteria;c__Actinobacteria;o__Bifidobacteriales;f__Bifidobacteriaceae;g__Bifidobacterium;s__Bifidobacterium_longum	k__Bacteria;p__Firmicutes;c__Clostridia;o__Clostridiales;f__;g__Flavonifractor;s__Flavonifractor_plautii	k__Bacteria;p__Firmicutes;c__Clostridia;o__Clostridiales;f__Clostridiaceae;g__Clostridium;s__Clostridium_phoceensis	k__Bacteria;p__Verrucomicrobia;c__Verrucomicrobiae;o__Verrucomicrobiales;f__Akkermansiaceae;g__Akkermansia;s__Akkermansia_muciniphila	k__Bacteria;p__Bacteroidetes;c__Bacteroidia;o__Bacteroidales;f__Prevotellaceae;g__Paraprevotella;s__Paraprevotella_xylaniphila	k__Bacteria;p__Firmicutes;c__Clostridia;o__Clostridiales;f__Ruminococcaceae;g__Ruminococcus;s__Ruminococcus_callidus	k__Bacteria;p__Bacteroidetes;c__Bacteroidia;o__Bacteroidales;f__Rikenellaceae;g__Alistipes;s__Alistipes_senegalensis	k__Bacteria;p__Firmicutes;c__Clostridia;o__Clostridiales;f__Lachnospiraceae;g__Blautia;s__Blautia_sp._KLE_1732	k__Bacteria;p__Bacteroidetes;c__Bacteroidia;o__Bacteroidales;f__Bacteroidaceae;g__Bacteroides;s__Bacteroides_oleiciplenus	k__Bacteria;p__Firmicutes;c__Clostridia;o__Clostridiales;f__Ruminococcaceae;g__Ruminococcus;s__Ruminococcus_bicirculans	k__Bacteria;p__Bacteroidetes;c__Bacteroidia;o__Bacteroidales;f__Bacteroidaceae;g__Bacteroides;s__Bacteroides_fluxus	k__Bacteria;p__Bacteroidetes;c__Bacteroidia;o__Bacteroidales;f__Prevotellaceae;g__Prevotella;s__Prevotella_stercorea	k__Bacteria;p__Firmicutes;c__Clostridia;o__Clostridiales;f__Lachnospiraceae;g__Dorea;s__Dorea_longicatena	k__Bacteria;p__Firmicutes;c__Clostridia;o__Clostridiales;f__Eubacteriaceae;g__Eubacterium;s__[Eubacterium]_eligens	k__Bacteria;p__Firmicutes;c__Clostridia;o__Clostridiales;f__Ruminococcaceae;g__;s__Ruminococcaceae_bacterium_D16	k__Bacteria;p__Firmicutes;c__Clostridia;o__Clostridiales;f__Lachnospiraceae;g__Coprococcus;s__Coprococcus_comes	k__Bacteria;p__Proteobacteria;c__Gammaproteobacteria;o__Enterobacterales;f__Enterobacteriaceae;g__Escherichia;s__Escherichia_coli	k__Bacteria;p__Firmicutes;c__Clostridia;o__Clostridiales;f__Ruminococcaceae;g__Anaerotruncus;s__Anaerotruncus_colihominis	k__Bacteria;p__Firmicutes;c__Clostridia;o__Clostridiales;f__Lachnospiraceae;g__Blautia;s__Blautia_obeum	k__Bacteria;p__Bacteroidetes;c__Bacteroidia;o__Bacteroidales;f__Odoribacteraceae;g__Odoribacter;s__Odoribacter_laneus	k__Bacteria;p__Firmicutes;c__Clostridia;o__Clostridiales;f__Ruminococcaceae;g__Ruminiclostridium;s__[Clostridium]_leptum	k__Bacteria;p__Bacteroidetes;c__Bacteroidia;o__Bacteroidales;f__Porphyromonadaceae;g__Parabacteroides;s__Parabacteroides_goldsteinii	k__Bacteria;p__Firmicutes;c__Clostridia;o__Clostridiales;f__Lachnospiraceae;g__Anaerostipes;s__Anaerostipes_hadrus	k__Bacteria;p__Firmicutes;c__Clostridia;o__Clostridiales;f__Ruminococcaceae;g__Ruminococcus;s__Ruminococcus_lactaris	k__Bacteria;p__Firmicutes;c__Clostridia;o__Clostridiales;f__Clostridiaceae;g__Clostridium;s__Clostridium_sp._L2-50	k__Bacteria;p__Firmicutes;c__Clostridia;o__Clostridiales;f__Clostridiaceae;g__Clostridium;s__Clostridium_sp._M62/1	k__Bacteria;p__Firmicutes;c__Clostridia;o__Clostridiales;f__;g__Intestinimonas;s__Intestinimonas_butyriciproducens	k__Bacteria;p__Actinobacteria;c__Actinobacteria;o__Bifidobacteriales;f__Bifidobacteriaceae;g__Bifidobacterium;s__Bifidobacterium_bifidum	k__Bacteria;p__Firmicutes;c__Negativicutes;o__Veillonellales;f__Veillonellaceae;g__Dialister;s__Dialister_invisus	k__Bacteria;p__Bacteroidetes;c__Bacteroidia;o__Bacteroidales;f__Bacteroidaceae;g__Bacteroides;s__Bacteroides_salanitronis
k__Bacteria;p__Bacteroidetes;c__Bacteroidia;o__Bacteroidales;f__Bacteroidaceae;g__Bacteroides;s__Bacteroides_vulgatus	1.0	-0.0100752089459	0.0614179224657	0.0303268148153	-0.0294676971333	-0.0441895404594	-0.00262722284115	-0.0581644584074	-0.0176592032495	-0.0759751914339	-0.0146638724396	-0.0169837242966	0.0307262485349	-0.00998592518572	0.0409523905477	0.0170768227429	0.0175512240018	-0.00674169047444	0.0221317359986	-0.0268582197848	-0.0162031237261	-0.0191867421205	-0.0380446100883	-0.00879254051781	0.0015572476545	0.00350840479093	-0.0119046171786	-0.0286662838495	-0.0113956819976	0.0045763818644	0.0182127589769	0.0126817760489	0.00247917365595	-0.0334793342848	-0.0184875024453	0.0355551381857	0.012052132164	-0.0811279228423	-0.0063773952127	-0.0341252533464	-0.0204924033069	0.0261950749587	-0.0452347367197	-0.0678352447923	-0.0340058299843	0.0322207080627	-0.0371215080865	-0.0666835843776	0.0176275924415	0.0533811056242	0.0198617881392	-0.0588235856216	0.0232434246329	-0.00739600076939	-0.0254479801315	-0.0235465264166	-0.0323904947644	-0.0340644324294	0.0753893441388
k__Bacteria;p__Bacteroidetes;c__Bacteroidia;o__Bacteroidales;f__Bacteroidaceae;g__Bacteroides;s__Bacteroides_uniformis	-0.0100752089459	1.0	-0.0492536191765	-0.0410193112166	-0.0798695187861	0.0477537496976	-0.0347575499489	0.0097898178177	0.061866982424	-0.0814993434856	0.022362055285	-0.0404447115145	-0.00209786512165	-0.0530805129595	-0.00508913347389	0.0335820729279	-0.0114106378816	-0.026586249439	-0.0477540206053	0.00169588115866	0.00781337369919	0.00363064303645	0.0049893070099	0.0154308685611	-0.0167308184635	0.0206529192393	0.0320701715548	0.0508900348508	0.051925166548	0.014125836739	-0.00496692729461	-0.00865531524549	0.050926847036	0.0342680505803	-0.0323975262811	0.0575480920477	-0.034719853543	0.0408497520638	-0.0924444879313	-0.00237432260094	-0.0425264801641	0.055400156021	0.0298222115482	-0.0138305372734	-0.0130914485531	-0.0521125633935	-0.0246388357468	-0.0242653176197	-0.00963268349719	-0.0238272381894	-0.00704127478232	0.0183009954608	0.0296209368805	0.0054908311928	-0.0192437244696	-0.0113027873853	0.0138806782727	-0.0535056493306	0.000961036068249
k__Bacteria;p__Bacteroidetes;c__Bacteroidia;o__Bacteroidales;f__Rikenellaceae;g__Alistipes;s__Alistipes_putredinis	0.0614179224657	-0.0492536191765	1.0	0.0270784649939	-0.0888562883947	0.089487265818	-0.0699836287827	-0.0544308138278	-0.00672931374992	0.0127771869644	0.0134698015949	0.0297623143207	-0.0629903113068	-0.0738424584126	0.0616080346814	-0.00391509653786	-0.0146810261365	0.0374010412917	-0.020160430889	0.0460768433318	-0.0156562052417	0.00662026697426	-0.0231502884059	0.0189901478123	-0.000895265015348	0.00250763419933	-0.0148344602734	-0.0416469519678	-0.042626240622	-0.0378208048688	-0.0188202980496	0.0116114179765	-0.0242900663265	-0.0585638513333	0.035516778724	0.0315404438959	0.0404311129869	-0.0651236178236	0.0166960979131	0.0428346241979	-0.0241661449315	-0.0212224003407	-0.0239168258395	0.0029015160272	0.0221795720378	-0.0500049359188	0.00488224125276	-0.104977759014	-0.0240810134858	-0.0698898152642	-0.0173548066861	-0.00342654394333	0.0137282136645	-0.0373594902258	0.0402172084537	-0.0346670347962	-0.0388307351363	0.00784609297261	-0.0233697618541
k__Bacteria;p__Bacteroidetes;c__Bacteroidia;o__Bacteroidales;f__Prevotellaceae;g__Prevotella;s__Prevotella_copri	0.0303268148153	-0.0410193112166	0.0270784649939	1.0	-0.0229001999177	0.0223679855636	-0.0631838571143	0.0574414496289	0.0446018801983	-0.00598792101186	-0.0350276376919	-0.0281207304963	0.0769681208496	0.0476823931923	-0.0987994303197	-0.080148215226	-0.0171530161432	-0.0383640441981	-0.0317836665502	0.0376222863475	-0.0285867240412	-0.000664178169269	-0.00130811114226	0.0122234563579	0.0682544593585	0.000992235829018	-0.0410913153405	0.0020517208537	-0.0354330010837	-0.0270535740546	0.0199314521892	0.0168954331924	0.0313352183517	-0.0689257536419	0.0363964525531	-0.00156073134938	0.00928552875127	0.0143307147539	0.0493840077529	-0.0157022000045	0.0244703161181	-0.0281027702271	-0.06538569359	-0.0335343554992	-0.00912212283	0.000425061994236	0.0105191234345	-0.0551267422495	-0.0350691232953	0.00586732913829	-0.00633217948474	-0.078173953369	-0.0313053270892	-0.0568146823107	-0.0353834926255	0.0413716253531	0.0158279339746	0.00847566557497	-8.91506927375e-05
k__Bacteria;p__Bacteroidetes;c__Bacteroidia;o__Bacteroidales;f__Bacteroidaceae;g__Bacteroides;s__Bacteroides_stercoris	-0.0294676971333	-0.0798695187861	-0.0888562883947	-0.0229001999177	1.0	-0.0619147843833	0.0645545166727	0.00875117320492	0.0589162517077	0.0789483264523	0.00994294928834	0.0350193283883	-0.0475887175518	0.00237900471502	-0.00686552952259	0.00462915393951	-0.0528117901213	-0.0196975947729	0.0356764014226	-0.0449539920292	-0.074567551395	-0.0217446652309	0.0296008421914	-0.000750006404262	-0.0200191908352	-0.0154520853005	0.0117556742823	0.0161453752117	-0.0240218853201	-0.0463789944428	0.0117638563673	0.031488750478	-0.0062473157762	0.00695239993678	0.0532644740982	-0.0121760424914	0.00801404898287	0.0323278193266	0.00175679538676	-0.0764862147666	-0.0291905368895	0.0195513360224	0.017100193471	-0.0243584510717	0.00460465065378	0.0286934614708	-0.0363686224131	0.0215693036229	6.71846976589e-05	-0.044523898137	0.0862867689732	0.0159793547029	-0.0078922551357	0.0017908047558	-0.0467121172509	0.00477745139364	-0.0731129805551	-0.0302456310149	-0.0382691408135
k__Bacteria;p__Bacteroidetes;c__Bacteroidia;o__Bacteroidales;f__Bacteroidaceae;g__Bacteroides;s__Bacteroides_ovatus	-0.0441895404594	0.0477537496976	0.089487265818	0.0223679855636	-0.0619147843833	1.0	-0.0421079705398	-0.0326248026324	-0.0317499487104	0.0261799284424	0.0232002648274	0.00983173213669	0.0560610344535	-0.0279736288553	0.0417837500349	0.00993046783714	-0.00354754119	-0.0122011617961	0.0145103044368	0.00519614779417	-0.0454809458518	0.00692579707599	-0.00725719185491	-0.0209544495502	-0.0166455153377	-0.0376757584102	0.00356274626807	0.0100348303192	0.0309947692453	-0.0150873675883	0.0379688572439	0.0647919855307	-0.0538076675248	-0.0167943625326	-0.003259952395	-0.00244018778762	-0.0725693054692	-0.0348568449014	0.00934677471417	0.0606937378043	0.000931396702375	-0.00851329097406	-0.0455515763302	0.00409422444173	0.010961811336	0.0211534316526	0.0361996898096	0.0240798499025	-0.0501009857	0.00374160380728	0.00552886526971	4.32591331659e-05	-0.0154352561968	0.0338700138508	-0.0641646905182	-0.0324378243554	-0.0142720043649	-0.0440728850612	-0.0528585563924
k__Bacteria;p__Bacteroidetes;c__Bacteroidia;o__Bacteroidales;f__Rikenellaceae;g__Alistipes;s__Alistipes_shahii	-0.00262722284115	-0.0347575499489	-0.0699836287827	-0.0631838571143	0.0645545166727	-0.0421079705398	1.0	-0.0159984547935	-0.015662341882	0.000813717802331	0.0381604206762	-0.0138242487937	0.0185701337187	-0.0318328494027	-0.014585121994	0.0270352895684	-0.0255105117184	0.0187446801005	0.0188976921945	-0.0112915479659	0.0576667420134	-0.0390078529864	-0.0114123930941	0.00168144005477	-0.0701060465755	-0.00727031929369	-0.0233332127982	0.00757775926587	0.0789252511024	0.0229878020646	-0.0268262077085	-0.00413098658005	-0.0630398819679	-0.0442505489156	-0.0135928660797	0.0661307371722	-0.0150540505508	0.0171470790802	0.0163854764668	-0.00800505153963	-0.028966108147	0.0242743235429	-0.0536453952551	0.0168388710577	0.025159233707	-0.00977573193082	-0.0271711037267	-0.0434990207467	0.0278437161347	-0.01754615396	-0.0134445555665	-0.0235296749852	-0.0721557470205	0.0665071240944	-0.0605902928805	0.00426515059397	-0.00351323588664	-0.0349080406826	-0.0435526266675
k__Bacteria;p__Firmicutes;c__Clostridia;o__Clostridiales;f__Ruminococcaceae;g__Faecalibacterium;s__Faecalibacterium_prausnitzii	-0.0581644584074	0.0097898178177	-0.0544308138278	0.0574414496289	0.00875117320492	-0.0326248026324	-0.0159984547935	1.0	-0.042998379678	-0.041219342508	-0.0383897054105	-0.0109810017135	0.0209118697017	0.0155379149647	-0.00860574375305	-0.0245691179241	-0.0534087858834	-0.0264601990078	-0.0433513004705	-0.0236603098722	0.0237831066052	-0.010553958396	-0.0517713902692	0.0488604208038	-0.0565642915479	0.0398910834478	-0.0423919963182	-0.0304591188156	0.0595517669168	0.0170239983886	-0.0357311889186	0.0544878379851	0.00846937890332	0.0172375768506	-0.0958382422501	0.0507854601619	-0.0399773547938	0.00762610687587	-0.00341919566855	0.0201605087688	-0.0144492823901	-0.0289563698681	0.0958569045677	0.0227179136577	-0.0416954844639	-0.000880316838904	0.033609491407	0.000556473579318	-0.0902816837341	0.0370461338145	-0.0200111534981	0.00345162738263	-0.00990315821665	-0.00205665980321	-0.0386671279212	0.000894603634067	-0.0638703670289	0.00672567773722	-0.0164675479005
k__Bacteria;p__Bacteroidetes;c__Bacteroidia;o__Bacteroidales;f__Rikenellaceae;g__Alistipes;s__Alistipes_finegoldii	-0.0176592032495	0.061866982424	-0.00672931374992	0.0446018801983	0.0589162517077	-0.0317499487104	-0.015662341882	-0.042998379678	1.0	0.0200227898118	0.0916113193176	-0.042719153429	-0.0226086884729	-0.0226384373323	0.0294970365979	0.0662060397535	-0.0148942690119	-0.032249368526	-0.00380329840181	-0.0304326328444	-0.0314561657452	-0.00336916585422	0.00964998731583	0.0338594790738	-0.0359461123692	-0.0460498567331	-0.0255823982189	-0.0562889527428	-0.00372912216567	-0.00389734928165	-0.0175331110024	-0.00778336901664	0.0734194818724	-0.0025849754879	0.0185830570907	-0.0250778597042	0.0299237408762	0.00519697683223	0.0483041938337	0.00485246572688	-0.0377479340812	-0.0298440729571	-0.0295283527788	0.0060253161897	0.00873530521804	0.00192762111343	0.0212706253516	-0.0408268740841	-0.0105851658029	-0.0449206601612	-0.0238205337816	-0.00319687708686	-0.0161981658001	-0.057423075527	0.0104210866097	-0.0658381195209	0.000762379994054	0.0588118903688	-0.0135199459945
k__Bacteria;p__Bacteroidetes;c__Bacteroidia;o__Bacteroidales;f__Porphyromonadaceae;g__Parabacteroides;s__Parabacteroides_distasonis	-0.0759751914339	-0.0814993434856	0.0127771869644	-0.00598792101186	0.0789483264523	0.0261799284424	0.000813717802331	-0.041219342508	0.0200227898118	1.0	-0.00289835709944	0.0235594804719	-0.0381122021035	-0.00101819999509	-0.0329730287795	0.00608461443478	0.0135838306885	0.0376503960954	0.0400101442265	-0.0105905492865	-0.0289117661741	0.0134218838545	0.0460324145725	-0.0310907735746	-0.068022267989	-0.0437195170399	-0.0224209613279	0.00238087307821	-0.0628907462388	0.00942081812923	0.00358967260756	-0.00861549898967	-0.0364803586151	-0.0381736477323	0.0123178558566	0.0149289644166	-0.0568768681238	-0.00451208798207	0.0106042790931	-0.0142943518774	0.00239628809157	0.0200917553827	-0.0177861202716	0.026210446694	-0.056078668634	-0.0262274880925	0.0538131385208	-0.00112389681325	-0.00931129655727	-0.0285953395983	0.0387908698524	-0.0230101925756	0.0458676984439	0.039156461478	-0.0207361576286	0.0670554613145	0.0160654101885	-0.0662891271404	0.0324800167836
k__Bacteria;p__Bacteroidetes;c__Bacteroidia;o__Bacteroidales;f__Bacteroidaceae;g__Bacteroides;s__Bacteroides_thetaiotaomicron	-0.0146638724396	0.022362055285	0.0134698015949	-0.0350276376919	0.00994294928834	0.0232002648274	0.0381604206762	-0.0383897054105	0.0916113193176	-0.00289835709944	1.0	-0.00675916820929	-0.0443962120036	0.00885147363383	-0.0401765006833	-0.0618679225932	-0.024403790715	-0.0519610160167	-0.0165164020491	-0.00951605040159	-0.0882186512886	-0.00693037867728	-0.0222165966365	-0.022424410801	0.00771363636741	0.0199656734724	0.0110820068549	0.00515946797657	0.0151332694469	-0.00529412799837	0.00274829181571	-0.0442856431292	0.00787146811823	-0.00243664309658	-0.0460785891766	-0.0261859751489	0.0141560133475	-0.0435510976635	-0.0245261504433	-0.0229351352783	-0.0694366358707	0.0559625266924	-0.0465047152713	-0.0345077471607	-0.0227596039209	0.025896587713	-0.00400233676055	-0.0121237025583	-0.0313975095252	-0.0325559243836	-0.0199936114527	-0.069622429225	-0.0448091315397	0.0597368361744	0.0291457995252	-0.0593279305059	0.0245021907835	-0.0334021117294	0.000932827662064
k__Bacteria;p__Bacteroidetes;c__Bacteroidia;o__Bacteroidales;f__Bacteroidaceae;g__Bacteroides;s__Bacteroides_coprocola	-0.0169837242966	-0.0404447115145	0.0297623143207	-0.0281207304963	0.0350193283883	0.00983173213669	-0.0138242487937	-0.0109810017135	-0.042719153429	0.0235594804719	-0.00675916820929	1.0	0.0353784986668	0.00435504496007	-0.0304709833275	0.00958909784811	-0.00716695164527	0.0202510708361	-0.0225956902707	-0.053230501583	-0.00920558137923	0.0283350215664	0.045234485355	0.00450323640695	-0.012464412205	0.0142969282084	-0.0415859258377	-0.00731020151725	0.0291353930025	-0.0421223202445	0.0118757078649	0.01277625014	-0.0433839145918	0.0548412138734	-0.0165772930903	0.0167912291277	-0.0184996298047	0.0283729117051	0.0147129553822	0.0287399693626	0.0418419471063	-0.0435507531615	-0.0417966174944	0.0157999858384	-0.0307266530804	0.0233345111672	-0.0173731165051	0.0212588142582	-0.0193261048522	-0.0108447004449	0.0171088671431	-0.0521160345229	-0.00555941780844	-0.085760908816	-0.0213915179942	-0.0243536617851	0.0146676494907	0.00986793185189	-0.052734726249
k__Bacteria;p__Bacteroidetes;c__Bacteroidia;o__Bacteroidales;f__Bacteroidaceae;g__Bacteroides;s__Bacteroides_cellulosilyticus	0.0307262485349	-0.00209786512165	-0.0629903113068	0.0769681208496	-0.0475887175518	0.0560610344535	0.0185701337187	0.0209118697017	-0.0226086884729	-0.0381122021035	-0.0443962120036	0.0353784986668	1.0	-0.0220373297977	-0.0523752612107	0.0203555873382	0.00432756134201	0.022711321738	-0.0059120228674	0.0132031129506	-0.0203540072008	-0.0269448240384	0.0165710834704	-0.0426276824784	-0.0657426084054	0.00381650788026	0.0258228045516	-0.0344046344593	-0.0836095330785	-0.0444208999398	0.0270063831154	-0.0466019128687	0.019538348393	-0.0105265896644	0.00496077618712	-0.0562960739664	0.010190224824	-0.0164507877269	-0.00546604429297	0.0390885704417	-0.0458844310739	-0.00839506138212	-0.0568305380844	0.0301745470467	-0.0539387278892	0.0787560683786	0.0300556174074	-0.031106919048	-0.00711051717905	-0.0134976046102	-0.0249117577449	-0.0335008079215	0.00823419072009	0.0392389621118	-0.0397295207679	-0.000957332135178	0.0151346791427	0.0206289232611	-0.0357402723679
k__Bacteria;p__Bacteroidetes;c__Bacteroidia;o__Bacteroidales;f__Rikenellaceae;g__Alistipes;s__Alistipes_obesi	-0.00998592518572	-0.0530805129595	-0.0738424584126	0.0476823931923	0.00237900471502	-0.0279736288553	-0.0318328494027	0.0155379149647	-0.0226384373323	-0.00101819999509	0.00885147363383	0.00435504496007	-0.0220373297977	1.0	0.00208111658792	-0.0249972625115	-0.0245601069642	0.0232481937244	0.0131716467107	-0.0421871376034	0.0132042167784	0.00171928162098	0.00476678310152	0.0102047680659	0.0448101708388	0.00755476039745	-0.0215338466794	-0.0171839139312	-0.009881840795	0.0157323733963	-0.0309836866108	-0.0510526388424	-0.0534170122495	-0.0150000086248	-0.0544262534775	-0.00870358465148	0.0485320424007	0.0333935782414	-0.0173570850648	0.040777122892	0.0632831361067	0.0332312642442	-0.0484570065397	-0.00696548503968	0.0207728055024	-0.0349153475862	0.020009376147	-0.00248306262791	0.0564688170509	0.034366512579	-0.0294953816461	-0.0126054094022	-0.000274064033803	0.00615684308514	0.00168872247893	-0.031581226078	-0.0433174917789	0.0702107475822	-0.0456634632197
k__Bacteria;p__Firmicutes;c__Clostridia;o__Clostridiales;f__Lachnospiraceae;g__;s__[Eubacterium]_rectale	0.0409523905477	-0.00508913347389	0.0616080346814	-0.0987994303197	-0.00686552952259	0.0417837500349	-0.014585121994	-0.00860574375305	0.0294970365979	-0.0329730287795	-0.0401765006833	-0.0304709833275	-0.0523752612107	0.00208111658792	1.0	-0.0628123920391	-0.0368063712379	0.02719210341	0.0289071524805	-0.0768518257778	0.0415760180971	-0.0402776185167	0.00117306413774	-0.0453232294954	-0.0192784280018	0.0337773702704	0.0248030122669	0.0375419843304	0.0202921662396	-0.00289479559062	-0.0452556403126	0.0148493884711	0.0295702417268	0.0267807052427	-0.0605162603989	0.0117487374271	-0.00449434266229	0.00984009539321	-0.0183256190242	-0.0206710845435	0.0083679864752	0.0233611597644	0.0460142721929	-0.0236684784695	-0.0250827292404	0.0446493946877	0.0189479904873	-0.0157040103607	-0.00340163659693	0.0337186796385	0.00652541360768	-0.00560331516665	0.0239892587036	-0.0592010600649	-0.039118722203	-0.0132901108303	-0.0517401195382	0.00568427017021	-0.0223586772596
k__Bacteria;p__Bacteroidetes;c__Bacteroidia;o__Bacteroidales;f__Bacteroidaceae;g__Bacteroides;s__Bacteroides_plebeius	0.0170768227429	0.0335820729279	-0.00391509653786	-0.080148215226	0.00462915393951	0.00993046783714	0.0270352895684	-0.0245691179241	0.0662060397535	0.00608461443478	-0.0618679225932	0.00958909784811	0.0203555873382	-0.0249972625115	-0.0628123920391	1.0	0.0102802824458	0.027735345609	-0.051690633512	-0.105266101678	0.017939528702	0.0355351843998	0.0219244870385	-0.0193455552346	-0.0743928433046	0.0116251250152	0.019067699205	0.00473027335002	0.0129675519662	0.00562431715248	0.00191721764789	0.0131288741395	-0.00210533437024	0.0169013326994	0.0307619696009	0.0306449627411	0.0278676857985	0.0656938983821	-0.0370681439025	-0.0497954989833	-0.042794319131	-0.0581549556185	0.0172861385821	0.0581252525686	0.0119679041319	-0.0172196257746	0.0598947818212	-0.0174227588502	0.0177651326974	0.0218004059747	-0.0326676336973	-0.0161590847935	-0.0284779358827	-0.0694144966641	-0.0135528933307	-0.00307325514409	-0.0216091864387	-0.00826050397484	0.000917741095798
k__Bacteria;p__Bacteroidetes;c__Bacteroidia;o__Bacteroidales;f__Bacteroidaceae;g__Bacteroides;s__Bacteroides_fragilis	0.0175512240018	-0.0114106378816	-0.0146810261365	-0.0171530161432	-0.0528117901213	-0.00354754119	-0.0255105117184	-0.0534087858834	-0.0148942690119	0.0135838306885	-0.024403790715	-0.00716695164527	0.00432756134201	-0.0245601069642	-0.0368063712379	0.0102802824458	1.0	0.0124811887132	-0.0438390616598	0.00512888346111	-0.0534750721264	-0.00194837430609	-0.0752951204972	-0.00663399169488	-0.000794624390416	-0.0360199731994	-0.0583950657613	0.0262778211851	0.01346605149	0.106182151126	-0.0211670374993	0.00323955502421	-0.0731666506488	-0.0177870334384	0.0160799607927	-0.0387182327517	0.0332664449125	-0.00763437704146	0.0314084416654	-0.0449206318205	-0.0135347023569	-0.0434920085649	-0.0302121980646	-0.000995996950394	0.0323770690789	0.00766660294114	-0.0116550308139	0.0396804204496	-0.068637855336	0.000334978617337	-0.0276522396849	0.0666321315129	0.0038459202867	-0.110211116242	0.0461589543402	-0.0396293166192	-0.0480394537737	-0.0104213789168	0.0288905611175
k__Bacteria;p__Proteobacteria;c__Betaproteobacteria;o__Burkholderiales;f__Sutterellaceae;g__Sutterella;s__Sutterella_wadsworthensis	-0.00674169047444	-0.026586249439	0.0374010412917	-0.0383640441981	-0.0196975947729	-0.0122011617961	0.0187446801005	-0.0264601990078	-0.032249368526	0.0376503960954	-0.0519610160167	0.0202510708361	0.022711321738	0.0232481937244	0.02719210341	0.027735345609	0.0124811887132	1.0	0.027839059511	0.0426177376962	-0.0458710574833	-0.0262101048891	-0.118399120556	0.0167331719356	-0.0150372383513	0.0520979117432	-0.0244682990972	-0.070712640908	-0.0450644125132	0.0349224261729	0.0292075067744	0.0283495571517	0.0064936659735	-0.0606057795722	-0.0239310074591	-0.0481093040151	0.00701284767344	0.0333167988473	-0.0445537281909	-0.0102102052476	-0.065030808113	-0.0062992050294	-0.0436334166355	0.020688092066	-0.00423815442601	0.0341127980137	-0.00814286187278	0.0431536945517	-0.00534762755179	-0.0839765290745	-0.10253243147	0.0577398706387	-0.0334141563731	0.0323803802816	-0.0303751137446	-0.030388365514	0.00113127928586	0.0015110850917	0.012840074486
k__Bacteria;p__Bacteroidetes;c__Bacteroidia;o__Bacteroidales;f__Porphyromonadaceae;g__Barnesiella;s__Barnesiella_intestinihominis	0.0221317359986	-0.0477540206053	-0.020160430889	-0.0317836665502	0.0356764014226	0.0145103044368	0.0188976921945	-0.0433513004705	-0.00380329840181	0.0400101442265	-0.0165164020491	-0.0225956902707	-0.0059120228674	0.0131716467107	0.0289071524805	-0.051690633512	-0.0438390616598	0.027839059511	1.0	-0.0225242797683	0.0498376113195	0.0496721709542	-0.00313412446426	0.0312626465936	-0.113751909387	0.0105141950912	0.00578285117816	-0.0408750681463	-0.0633352432526	0.0231534163378	0.0392937284923	-0.00030301959476	0.00522385085357	-0.0396269126435	0.0223435772374	-0.0710557015575	0.00295581928884	0.00383542391891	-0.0374159457528	-0.0185738824812	-0.0170124972195	0.00765765297276	0.0383404568827	0.0233092649665	-0.0555755397632	-0.0793788891917	-0.0351215569122	-0.0133945682362	-0.00765288955456	-0.0323034592273	0.039950480893	-0.02425879148	-0.0708869282169	0.00657010634719	0.00942356169083	0.0320251756853	0.0225770182623	-0.0311637379743	-0.0787544141745
k__Bacteria;p__Bacteroidetes;c__Bacteroidia;o__Bacteroidales;f__Odoribacteraceae;g__Odoribacter;s__Odoribacter_splanchnicus	-0.0268582197848	0.00169588115866	0.0460768433318	0.0376222863475	-0.0449539920292	0.00519614779417	-0.0112915479659	-0.0236603098722	-0.0304326328444	-0.0105905492865	-0.00951605040159	-0.053230501583	0.0132031129506	-0.0421871376034	-0.0768518257778	-0.105266101678	0.00512888346111	0.0426177376962	-0.0225242797683	1.0	0.0341859092897	0.0300452822796	-0.0138701158434	-0.00614699737305	0.05812498138	-0.0265976949177	-0.0660095661355	0.0076588112079	0.0223180208451	-0.0514275635641	0.00583652339279	-0.011747945847	-0.082668409325	-0.0550877266686	-0.0267285074621	0.0680888771157	0.00592420968682	0.00728243324058	-0.0149535723083	0.0594669512449	0.0306878062733	-0.0386418141306	-0.0152141198733	-0.0421078620049	-0.0455175528909	-0.019751236467	0.000318991644064	-0.00324910442915	0.0618075601809	-0.0207276947092	-0.0367593506023	0.00671538959281	-0.0288388844495	-0.0188105672305	-0.00292234417276	0.0738479157951	-0.0318936515417	-0.0549094611109	0.0263229011642
k__Bacteria;p__Bacteroidetes;c__Bacteroidia;o__Bacteroidales;f__Bacteroidaceae;g__Bacteroides;s__Bacteroides_salyersiae	-0.0162031237261	0.00781337369919	-0.0156562052417	-0.0285867240412	-0.074567551395	-0.0454809458518	0.0576667420134	0.0237831066052	-0.0314561657452	-0.0289117661741	-0.0882186512886	-0.00920558137923	-0.0203540072008	0.0132042167784	0.0415760180971	0.017939528702	-0.0534750721264	-0.0458710574833	0.0498376113195	0.0341859092896	1.0	-0.0498681298142	-0.00763959328628	0.00573345034034	-0.0252720382875	0.0232187142167	-0.0176261304021	0.0323043800202	-0.0249869218704	0.0133080832291	-0.0266933590271	-0.0748874849301	-0.00852524901919	-0.0224356203395	0.0155830519424	-0.0237911337346	0.0142335791843	-0.0098199225124	-0.0214122762834	0.0135619962076	0.0130660385409	-0.0133640377314	0.04357557643	0.0695622787608	0.00418931086598	0.00415503779942	0.0304046829047	-0.000738130353153	0.0102717449276	-0.032372737961	-0.0677895915136	-0.0550751983992	0.0197849186322	0.00764274168263	-0.0525721948988	-0.00734167198606	-0.0214861156269	-0.00390761755937	-0.030457051433
k__Bacteria;p__Firmicutes;c__Clostridia;o__Clostridiales;f__Ruminococcaceae;g__Ruminiclostridium;s__[Eubacterium]_siraeum	-0.0191867421205	0.00363064303645	0.00662026697426	-0.000664178169269	-0.0217446652309	0.00692579707598	-0.0390078529864	-0.010553958396	-0.00336916585422	0.0134218838545	-0.00693037867728	0.0283350215664	-0.0269448240384	0.00171928162098	-0.0402776185167	0.0355351843998	-0.00194837430609	-0.0262101048891	0.0496721709542	0.0300452822796	-0.0498681298142	1.0	-0.0261028459706	-0.00294066822047	0.0212597372493	-0.0701581881734	0.0105572536838	0.0106185421029	-0.0208481943383	0.0197770689826	0.0134043598348	-0.0509815040641	-0.012075374707	-0.0268346930532	-0.021209820756	0.0299832093357	-0.0270750512449	0.00211408200431	0.0194590126118	-0.0633760514034	-0.0196361051815	0.0629214934664	0.00954293307896	-0.0135383239061	-0.015609783027	0.0389725858237	0.00542816938574	-0.0389504401426	-0.0119016072553	0.00922940517191	-0.00901653898099	-0.0149798051024	-0.0520775016906	-0.000837118433019	0.0298070175831	0.00256176743996	0.00958337052624	-0.0517618596944	-0.0132104754558
k__Bacteria;p__Proteobacteria;c__Betaproteobacteria;o__Burkholderiales;f__Sutterellaceae;g__Parasutterella;s__Parasutterella_excrementihominis	-0.0380446100883	0.0049893070099	-0.0231502884059	-0.00130811114226	0.0296008421914	-0.00725719185491	-0.0114123930941	-0.0517713902692	0.00964998731583	0.0460324145725	-0.0222165966365	0.045234485355	0.0165710834704	0.00476678310152	0.00117306413774	0.0219244870385	-0.0752951204972	-0.118399120556	-0.00313412446426	-0.0138701158434	-0.00763959328628	-0.0261028459706	1.0	0.0116563568791	-0.00207484778241	0.0264973889038	0.021720541272	-0.0586649915855	-0.0411217273668	-0.0651909038404	0.0484727675121	-0.0526869891474	-0.0528235486307	0.0287749789604	0.00908994689896	-0.0279777248652	-0.0284508357267	0.0212272772582	-0.0501371530147	-0.00286809458909	0.000807017151115	0.0122669539373	0.0295981380289	-0.0295019554599	0.066944867103	0.00489814621892	0.0266023802029	-0.0891982880084	0.00596668398515	0.0679105669699	-0.0129803918814	-0.00897624411176	-0.055447048098	0.0055632426374	0.0116759487665	-0.0179149525729	-0.00677850862908	0.0186289600644	0.0649322548597
k__Bacteria;p__Actinobacteria;c__Actinobacteria;o__Bifidobacteriales;f__Bifidobacteriaceae;g__Bifidobacterium;s__Bifidobacterium_adolescentis	-0.00879254051781	0.0154308685611	0.0189901478123	0.0122234563579	-0.000750006404262	-0.0209544495502	0.00168144005477	0.0488604208038	0.0338594790738	-0.0310907735746	-0.022424410801	0.00450323640695	-0.0426276824784	0.0102047680659	-0.0453232294954	-0.0193455552346	-0.00663399169488	0.0167331719356	0.0312626465936	-0.00614699737305	0.00573345034034	-0.00294066822047	0.0116563568791	1.0	0.0604712816439	0.0461649878532	0.0297809828579	-0.0181517723558	0.0536441100756	-0.0311199420395	0.012857855304	0.0212643467874	0.00940505115434	0.0154904039797	0.0226157431356	0.0551420852671	-0.0840795817223	-0.044733330297	0.0156900520214	-0.0449195832468	0.0492205593179	-0.0879964937655	0.0089966263422	6.41730505123e-05	-0.0255059693454	-0.0435758985332	-0.0367734318048	-0.0552543988102	0.0613220698557	-0.0644905643335	0.00316364839828	0.0220706759515	-0.0211373449557	-0.0134070065142	-0.0367705311585	-0.0236321276613	-0.00586756693159	-0.0585964845965	0.00360568931644
k__Bacteria;p__Firmicutes;c__Clostridia;o__Clostridiales;f__Oscillospiraceae;g__Oscillibacter;s__Oscillibacter_sp._KLE_1745	0.0015572476545	-0.0167308184635	-0.000895265015348	0.0682544593585	-0.0200191908352	-0.0166455153377	-0.0701060465755	-0.0565642915479	-0.0359461123692	-0.068022267989	0.00771363636741	-0.012464412205	-0.0657426084054	0.0448101708388	-0.0192784280018	-0.0743928433046	-0.000794624390416	-0.0150372383513	-0.113751909387	0.05812498138	-0.0252720382875	0.0212597372493	-0.00207484778241	0.0604712816439	1.0	0.0463472100754	0.0436233903494	0.0225968100835	0.0279308719027	-0.0341973664408	0.0127862060527	0.0270793206813	-0.0254551138261	-0.0317960029592	-0.0465911432007	0.00447025298508	0.0256580510751	-0.0274980503601	0.0908933621639	-0.00452629458686	-0.02695428266	-0.0213319198665	-0.00328518189948	-0.0326227021354	0.0222799770142	0.00217607724213	-0.0158602681816	0.0402836337747	0.0255642626689	-0.0631255316339	0.00296793958955	-0.0264077048858	0.0302408487212	-0.017068836573	0.0220506010109	0.0489898192565	-0.027644662774	0.0014750895025	0.0214103600982
k__Bacteria;p__Bacteroidetes;c__Bacteroidia;o__Bacteroidales;f__Bacteroidaceae;g__Bacteroides;s__Bacteroides_coprophilus	0.00350840479093	0.0206529192393	0.00250763419933	0.000992235829018	-0.0154520853005	-0.0376757584102	-0.00727031929369	0.0398910834478	-0.0460498567331	-0.0437195170399	0.0199656734724	0.0142969282084	0.00381650788026	0.00755476039745	0.0337773702704	0.0116251250152	-0.0360199731994	0.0520979117432	0.0105141950912	-0.0265976949177	0.0232187142167	-0.0701581881734	0.0264973889038	0.0461649878532	0.0463472100754	1.0	0.013146578155	0.00722660386692	0.0376021483301	0.00457182484408	0.00837439487733	-0.0290732112946	-0.00890626608412	-0.0160136193309	-0.0298610032247	-0.00699454637551	-0.0300513131135	-0.00384370419588	0.0575058107488	0.0468616659457	-0.00607439903762	0.00784193594505	-0.0330187986369	-0.00597174121105	0.0440813313152	-0.0268402700277	-0.0435090969132	-0.0737612339542	-0.0563498191294	-0.0380260680871	0.0738488531835	0.00559530032641	0.0150450095058	-0.0146400840675	-0.0571447071601	-0.0574196662191	-0.0487343322734	0.025115171691	-0.00457649006265
k__Bacteria;p__Firmicutes;c__Clostridia;o__Clostridiales;f__Lachnospiraceae;g__Roseburia;s__Roseburia_intestinalis	-0.0119046171786	0.0320701715548	-0.0148344602734	-0.0410913153405	0.0117556742823	0.00356274626807	-0.0233332127982	-0.0423919963182	-0.0255823982189	-0.0224209613279	0.0110820068549	-0.0415859258377	0.0258228045516	-0.0215338466794	0.0248030122669	0.019067699205	-0.0583950657613	-0.0244682990972	0.00578285117816	-0.0660095661355	-0.0176261304021	0.0105572536838	0.021720541272	0.0297809828579	0.0436233903494	0.013146578155	1.0	0.0296813954346	-0.035159907469	-0.0074704302265	0.0579928526581	0.00454736123534	-0.0264528624677	0.0277043696971	0.0126404710566	0.0514393542951	-0.0155830300816	0.0056362711844	0.0270329690489	-0.0715473237487	0.00282091485338	-0.0500850667337	-0.0431975742713	0.00594095971344	-0.0379519699828	-0.0182777593678	-0.0606105795532	0.0590290987232	-0.0476325028802	-0.0198635235229	0.0510860510296	0.0163205966535	0.00595098804532	0.0211532186236	-0.0443931767968	0.0217666810681	0.0133794168774	-0.0438159578062	-0.0307274794467
k__Bacteria;p__Firmicutes;c__Clostridia;o__Clostridiales;f__Lachnospiraceae;g__Roseburia;s__Roseburia_hominis	-0.0286662838495	0.0508900348508	-0.0416469519678	0.0020517208537	0.0161453752117	0.0100348303192	0.00757775926587	-0.0304591188156	-0.0562889527428	0.00238087307821	0.00515946797657	-0.00731020151725	-0.0344046344593	-0.0171839139312	0.0375419843304	0.00473027335002	0.0262778211851	-0.070712640908	-0.0408750681463	0.0076588112079	0.0323043800202	0.0106185421029	-0.0586649915855	-0.0181517723558	0.0225968100835	0.00722660386692	0.0296813954346	1.0	0.0195745942697	-0.0383622659367	0.00334757053553	-0.0113132377417	-0.102873185226	-0.0298137644044	0.0100310279018	0.0256903949577	-0.0436430914566	-0.0489591691237	0.00172786654474	0.0259256855162	0.0103315166119	-0.0572461801055	-0.0420208088639	-0.0145278977584	-0.00343495823097	-0.00521111145595	0.0607980764451	0.0104370362972	-0.0379182162282	0.0305641402034	-0.00967755533722	0.0121834366691	-0.016861345585	0.0528165553357	0.0129201244702	0.00395183399165	-0.0440635405875	0.0306389261625	0.017300792322
k__Bacteria;p__Bacteroidetes;c__Bacteroidia;o__Bacteroidales;f__Porphyromonadaceae;g__Parabacteroides;s__Parabacteroides_johnsonii	-0.0113956819976	0.051925166548	-0.042626240622	-0.0354330010837	-0.0240218853201	0.0309947692453	0.0789252511024	0.0595517669168	-0.00372912216567	-0.0628907462388	0.0151332694469	0.0291353930025	-0.0836095330785	-0.009881840795	0.0202921662396	0.0129675519662	0.01346605149	-0.0450644125132	-0.0633352432526	0.0223180208451	-0.0249869218704	-0.0208481943383	-0.0411217273668	0.0536441100756	0.0279308719027	0.0376021483301	-0.035159907469	0.0195745942697	1.0	-0.0464313681663	-0.0411698881469	-0.0247499578312	-0.0531543366802	-0.0424763288403	-0.0543578866227	-0.0213857347647	0.0160525868724	-0.0615000472726	-0.0110330140535	-0.035082864391	0.00187475456256	0.0133102492052	-0.0329087894794	-0.0538318358446	0.00582945757006	-0.0361198375926	0.00375693334808	-0.0115164965675	0.0604096853648	0.031722006075	-0.0430012013445	0.0321418097431	-0.00842760992654	0.00519698001394	0.0271615946127	-0.0126689954554	0.0468875341285	0.0382932735555	-0.0723299176611
k__Bacteria;p__Actinobacteria;c__Actinobacteria;o__Bifidobacteriales;f__Bifidobacteriaceae;g__Bifidobacterium;s__Bifidobacterium_longum	0.0045763818644	0.014125836739	-0.0378208048688	-0.0270535740546	-0.0463789944428	-0.0150873675883	0.0229878020646	0.0170239983886	-0.00389734928165	0.00942081812923	-0.00529412799837	-0.0421223202445	-0.0444208999398	0.0157323733963	-0.00289479559062	0.00562431715248	0.106182151126	0.0349224261729	0.0231534163378	-0.0514275635641	0.0133080832291	0.0197770689826	-0.0651909038404	-0.0311199420395	-0.0341973664408	0.00457182484408	-0.0074704302265	-0.0383622659367	-0.0464313681663	1.0	-0.0903715574981	-0.0305186040383	0.0266874392207	-0.0738102316945	-0.0306871524125	4.4244192332e-05	-0.028285412482	0.0282415832271	-0.0432885056105	0.0462993375973	0.00816701284211	-0.00596749159717	-0.0219925221274	-0.000528635030309	0.0306603791901	-0.0250461198232	-0.0436813585349	0.0321614067096	-0.0216756616458	0.00760101040401	-0.0015483346846	0.027063804724	-0.0201160326721	-0.032450261961	0.0268034731231	-0.0217303302187	-0.000135719286182	-0.0212629655944	0.0236745548913
