#taxonomy	k__Bacteria;p__Bacteroidetes;c__Bacteroidia;o__Bacteroidales;f__Bacteroidaceae;g__Bacteroides;s__Bacteroides_vulgatus	k__Bacteria;p__Bacteroidetes;c__Bacteroidia;o__Bacteroidales;f__Bacteroidaceae;g__Bacteroides;s__Bacteroides_uniformis	k__Bacteria;p__Bacteroidetes;c__Bacteroidia;o__Bacteroidales;f__Rikenellaceae;g__Alistipes;s__Alistipes_putredinis	k__Bacteria;p__Bacteroidetes;c__Bacteroidia;o__Bacteroidales;f__Prevotellaceae;g__Prevotella;s__Prevotella_copri	k__Bacteria;p__Bacteroidetes;c__Bacteroidia;o__Bacteroidales;f__Bacteroidaceae;g__Bacteroides;s__Bacteroides_stercoris	k__Bacteria;p__Bacteroidetes;c__Bacteroidia;o__Bacteroidales;f__Bacteroidaceae;g__Bacteroides;s__Bacteroides_ovatus	k__Bacteria;p__Bacteroidetes;c__Bacteroidia;o__Bacteroidales;f__Rikenellaceae;g__Alistipes;s__Alistipes_shahii	k__Bacteria;p__Firmicutes;c__Clostridia;o__Clostridiales;f__Ruminococcaceae;g__Faecalibacterium;s__Faecalibacterium_prausnitzii	k__Bacteria;p__Bacteroidetes;c__Bacteroidia;o__Bacteroidales;f__Rikenellaceae;g__Alistipes;s__Alistipes_finegoldii	k__Bacteria;p__Bacteroidetes;c__Bacteroidia;o__Bacteroidales;f__Porphyromonadaceae;g__Parabacteroides;s__Parabacteroides_distasonis	k__Bacteria;p__Bacteroidetes;c__Bacteroidia;o__Bacteroidales;f__Bacteroidaceae;g__Bacteroides;s__Bacteroides_thetaiotaomicron	k__Bacteria;p__Bacteroidetes;c__Bacteroidia;o__Bacteroidales;f__Bacteroidaceae;g__Bacteroides;s__Bacteroides_coprocola	k__Bacteria;p__Bacteroidetes;c__Bacteroidia;o__Bacteroidales;f__Bacteroidaceae;g__Bacteroides;s__Bacteroides_cellulosilyticus	k__Bacteria;p__Bacteroidetes;c__Bacteroidia;o__Bacteroidales;f__Rikenellaceae;g__Alistipes;s__Alistipes_obesi	k__Bacteria;p__Firmicutes;c__Clostridia;o__Clostridiales;f__Lachnospiraceae;g__;s__[Eubacterium]_rectale	k__Bacteria;p__Bacteroidetes;c__Bacteroidia;o__Bacteroidales;f__Bacteroidaceae;g__Bacteroides;s__Bacteroides_plebeius	k__Bacteria;p__Bacteroidetes;c__Bacteroidia;o__Bacteroidales;f__Bacteroidaceae;g__Bacteroides;s__Bacteroides_fragilis	k__Bacteria;p__Proteobacteria;c__Betaproteobacteria;o__Burkholderiales;f__Sutterellaceae;g__Sutterella;s__Sutterella_wadsworthensis	k__Bacteria;p__Bacteroidetes;c__Bacteroidia;o__Bacteroidales;f__Porphyromonadaceae;g__Barnesiella;s__Barnesiella_intestinihominis	k__Bacteria;p__Bacteroidetes;c__Bacteroidia;o__Bacteroidales;f__Odoribacteraceae;g__Odoribacter;s__Odoribacter_splanchnicus	k__Bacteria;p__Bacteroidetes;c__Bacteroidia;o__Bacteroidales;f__Bacteroidaceae;g__Bacteroides;s__Bacteroides_salyersiae	k__Bacteria;p__Firmicutes;c__Clostridia;o__Clostridiales;f__Ruminococcaceae;g__Ruminiclostridium;s__[Eubacterium]_siraeum	k__Bacteria;p__Proteobacteria;c__Betaproteobacteria;o__Burkholderiales;f__Sutterellaceae;g__Parasutterella;s__Parasutterella_excrementihominis	k__Bacteria;p__Actinobacteria;c__Actinobacteria;o__Bifidobacteriales;f__Bifidobacteriaceae;g__Bifidobacterium;s__Bifidobacterium_adolescentis	k__Bacteria;p__Firmicutes;c__Clostridia;o__Clostridiales;f__Oscillospiraceae;g__Oscillibacter;s__Oscillibacter_sp._KLE_1745	k__Bacteria;p__Bacteroidetes;c__Bacteroidia;o__Bacteroidales;f__Bacteroidaceae;g__Bacteroides;s__Bacteroides_coprophilus	k__Bacteria;p__Firmicutes;c__Clostridia;o__Clostridiales;f__Lachnospiraceae;g__Roseburia;s__Roseburia_intestinalis	k__Bacteria;p__Firmicutes;c__Clostridia;o__Clostridiales;f__Lachnospiraceae;g__Roseburia;s__Roseburia_hominis	k__Bacteria;p__Bacteroidetes;c__Bacteroidia;o__Bacteroidales;f__Porphyromonadaceae;g__Parabacteroides;s__Parabacteroides_johnsonii	k__Bacteria;p__Actinobacteria;c__Actinobacteria;o__Bifidobacteriales;f__Bifidobacteriaceae;g__Bifidobacterium;s__Bifidobacterium_longum	k__Bacteria;p__Firmicutes;c__Clostridia;o__Clostridiales;f__;g__Flavonifractor;s__Flavonifractor_plautii	k__Bacteria;p__Firmicutes;c__Clostridia;o__Clostridiales;f__Clostridiaceae;g__Clostridium;s__Clostridium_phoceensis	k__Bacteria;p__Verrucomicrobia;c__Verrucomicrobiae;o__Verrucomicrobiales;f__Akkermansiaceae;g__Akkermansia;s__Akkermansia_muciniphila	k__Bacteria;p__Bacteroidetes;c__Bacteroidia;o__Bacteroidales;f__Prevotellaceae;g__Paraprevotella;s__Paraprevotella_xylaniphila	k__Bacteria;p__Firmicutes;c__Clostridia;o__Clostridiales;f__Ruminococcaceae;g__Ruminococcus;s__Ruminococcus_callidus	k__Bacteria;p__Bacteroidetes;c__Bacteroidia;o__Bacteroidales;f__Rikenellaceae;g__Alistipes;s__Alistipes_senegalensis	k__Bacteria;p__Firmicutes;c__Clostridia;o__Clostridiales;f__Lachnospiraceae;g__Blautia;s__Blautia_sp._KLE_1732	k__Bacteria;p__Bacteroidetes;c__Bacteroidia;o__Bacteroidales;f__Bacteroidaceae;g__Bacteroides;s__Bacteroides_oleiciplenus	k__Bacteria;p__Firmicutes;c__Clostridia;o__Clostridiales;f__Ruminococcaceae;g__Ruminococcus;s__Ruminococcus_bicirculans	k__Bacteria;p__Bacteroidetes;c__Bacteroidia;o__Bacteroidales;f__Bacteroidaceae;g__Bacteroides;s__Bacteroides_fluxus	k__Bacteria;p__Bacteroidetes;c__Bacteroidia;o__Bacteroidales;f__Prevotellaceae;g__Prevotella;s__Prevotella_stercorea	k__Bacteria;p__Firmicutes;c__Clostridia;o__Clostridiales;f__Lachnospiraceae;g__Dorea;s__Dorea_longicatena	k__Bacteria;p__Firmicutes;c__Clostridia;o__Clostridiales;f__Eubacteriaceae;g__Eubacterium;s__[Eubacterium]_eligens	k__Bacteria;p__Firmicutes;c__Clostridia;o__Clostridiales;f__Ruminococcaceae;g__;s__Ruminococcaceae_bacterium_D16	k__Bacteria;p__Firmicutes;c__Clostridia;o__Clostridiales;f__Lachnospiraceae;g__Coprococcus;s__Coprococcus_comes	k__Bacteria;p__Proteobacteria;c__Gammaproteobacteria;o__Enterobacterales;f__Enterobacteriaceae;g__Escherichia;s__Escherichia_coli	k__Bacteria;p__Firmicutes;c__Clostridia;o__Clostridiales;f__Ruminococcaceae;g__Anaerotruncus;s__Anaerotruncus_colihominis	k__Bacteria;p__Firmicutes;c__Clostridia;o__Clostridiales;f__Lachnospiraceae;g__Blautia;s__Blautia_obeum	k__Bacteria;p__Bacteroidetes;c__Bacteroidia;o__Bacteroidales;f__Odoribacteraceae;g__Odoribacter;s__Odoribacter_laneus	k__Bacteria;p__Firmicutes;c__Clostridia;o__Clostridiales;f__Ruminococcaceae;g__Ruminiclostridium;s__[Clostridium]_leptum	k__Bacteria;p__Bacteroidetes;c__Bacteroidia;o__Bacteroidales;f__Porphyromonadaceae;g__Parabacteroides;s__Parabacteroides_goldsteinii	k__Bacteria;p__Firmicutes;c__Clostridia;o__Clostridiales;f__Lachnospiraceae;g__Anaerostipes;s__Anaerostipes_hadrus	k__Bacteria;p__Firmicutes;c__Clostridia;o__Clostridiales;f__Ruminococcaceae;g__Ruminococcus;s__Ruminococcus_lactaris	k__Bacteria;p__Firmicutes;c__Clostridia;o__Clostridiales;f__Clostridiaceae;g__Clostridium;s__Clostridium_sp._L2-50	k__Bacteria;p__Firmicutes;c__Clostridia;o__Clostridiales;f__Clostridiaceae;g__Clostridium;s__Clostridium_sp._M62/1	k__Bacteria;p__Firmicutes;c__Clostridia;o__Clostridiales;f__;g__Intestinimonas;s__Intestinimonas_butyriciproducens	k__Bacteria;p__Actinobacteria;c__Actinobacteria;o__Bifidobacteriales;f__Bifidobacteriaceae;g__Bifidobacterium;s__Bifidobacterium_bifidum	k__Bacteria;p__Firmicutes;c__Negativicutes;o__Veillonellales;f__Veillonellaceae;g__Dialister;s__Dialister_invisus	k__Bacteria;p__Bacteroidetes;c__Bacteroidia;o__Bacteroidales;f__Bacteroidaceae;g__Bacteroides;s__Bacteroides_salanitronis
k__Bacteria;p__Bacteroidetes;c__Bacteroidia;o__Bacteroidales;f__Bacteroidaceae;g__Bacteroides;s__Bacteroides_vulgatus	1.0	0.0231353790649	0.0101435619185	-0.0412600325395	0.000143569331226	0.0215706822328	-0.0270891861871	0.0162435898793	0.0222360212697	0.051592581827	0.0288605366168	-0.0421748426001	0.0689108420607	-0.0293933772826	0.0269920496535	-0.0129691494138	-0.0406015378557	-0.0735342704808	-0.0327538359278	0.0061073866571	-0.0229620591418	0.0495229741289	-0.0261115890708	-0.00120507525987	-0.0627000009333	-0.028979357817	0.0390555283834	-0.0804833505538	0.0179977400724	-0.0328259567171	0.00693545885805	-0.0115831885315	-0.0628669954636	0.0105613689852	0.0120142213899	0.000533931735464	-0.0677217662645	-0.0489664381931	-0.0572796523918	-0.00980593262377	0.00891427272957	-0.0208641007803	0.000515560661863	0.0184499128616	0.0457658502197	0.00140363793346	0.0245783624751	0.0415114435751	-0.0422421849795	-0.043628603514	0.0117319323635	-0.0612789922702	0.0252850832425	-0.00125557017013	-0.0146891719939	0.00408399715688	-0.0591050696512	-0.0322086987091	0.0108287001755
k__Bacteria;p__Bacteroidetes;c__Bacteroidia;o__Bacteroidales;f__Bacteroidaceae;g__Bacteroides;s__Bacteroides_uniformis	0.0231353790649	1.0	-0.0266096317264	-0.00371255404605	-0.024998239892	-0.00982343967476	-0.00155974817095	-0.0285745561443	0.0109315772519	0.0207587400391	-0.0715120379802	-0.0338270577612	-0.0352243228341	0.0247404105937	-0.037455362409	0.0160365130202	0.00529828958324	-0.0162041730077	0.0440291421502	0.0161936588072	-0.0127705817824	0.00554479719604	0.0188867723031	0.0563509983787	-0.0324354558543	0.0184831199635	-0.031768736392	-0.0108523838796	-0.0487563308364	-0.00693587399492	-0.0390346478195	0.0350265742966	-0.0241701163532	-0.00527635415197	-0.0756486823784	-0.00158323505414	-0.0411542596658	0.0503893295752	0.00774573363814	0.067654323136	0.0198681535103	0.0219059439809	-0.00378067389366	-0.0318511736609	-0.00211770230306	-0.0519005938778	-0.0107287044677	0.037592827907	-0.0532925537709	-0.0853566197535	-0.0404158680641	0.0519407889234	-0.0211266557569	0.0393056118202	0.00442895221999	0.0481833191054	-0.00622014973434	-0.0263769967381	-0.0238633665512
k__Bacteria;p__Bacteroidetes;c__Bacteroidia;o__Bacteroidales;f__Rikenellaceae;g__Alistipes;s__Alistipes_putredinis	0.0101435619185	-0.0266096317264	1.0	-0.0844023282364	0.0256275633784	0.0126366343274	-0.00237597873556	-0.0291784315894	-0.0203919520233	0.0313580394868	-0.005014029976	-0.0445947776609	0.0503450177091	-0.0208555867226	0.0384759844591	-0.0286448930346	-0.0288338466639	-0.0349016242184	-0.0126379674385	0.000228759577154	0.0464833671058	0.0274444724914	0.00891846533828	-0.0313900039426	0.0110617889337	0.0500687808105	0.0990496892811	-0.003514548702	-0.0217414928624	-0.0215629161542	-0.0459462215133	-0.0190514486023	-0.0348516186162	-0.000503012307763	0.0104893178222	-0.02263540258	-0.0544202783912	0.0225598209578	-0.0218485474722	0.0131421243759	0.0398540950864	-0.0222865422991	-0.0087431873646	-0.0222747240981	-0.0531204274643	-0.0277810435507	0.0206911708299	0.0275573658217	0.00778833021308	-0.0499479588789	0.0543799420436	0.0724735070659	-0.0378686848958	-0.0107288692164	-0.0456719664309	0.0155969730912	0.00944910509084	-0.00896651013505	0.0115587584303
k__Bacteria;p__Bacteroidetes;c__Bacteroidia;o__Bacteroidales;f__Prevotellaceae;g__Prevotella;s__Prevotella_copri	-0.0412600325395	-0.00371255404605	-0.0844023282364	1.0	0.0143077295972	0.0351376878737	0.000573377447254	0.0403344504548	0.0544658797209	-0.0264673144379	-0.0142660455648	-0.000914453925445	-0.031330033672	-0.115225181874	-0.0060260364327	0.023157701323	-0.0821831947104	0.0323765620991	0.055504538567	-0.0345197843014	-0.0142807470517	0.0494207505036	-0.0499243631358	0.0236749132478	-0.0311659634379	0.0387395507554	-0.0127067695867	0.0123578610206	-0.0229942203181	0.000355960313153	0.0375782439169	0.0770414168918	-0.00384858953854	0.074774069801	0.00676822929788	-0.0268676582805	-0.0481108640409	-0.0374861598986	0.018495105718	-0.0330841524445	-0.0157891503941	-0.0351365309544	-0.0450825626286	0.056099866964	-0.00907314681759	-0.023849835582	-0.0192166121692	-0.0343864165416	-0.0506229217189	0.00742831918933	0.0517476463581	-0.0363276678121	-0.0284151148923	-0.00410394700893	0.0219066865389	-0.00953160566125	0.0108576775449	-0.00584709938808	-0.047609028097
k__Bacteria;p__Bacteroidetes;c__Bacteroidia;o__Bacteroidales;f__Bacteroidaceae;g__Bacteroides;s__Bacteroides_stercoris	0.000143569331226	-0.024998239892	0.0256275633784	0.0143077295972	1.0	0.0541029188967	0.0129777366641	-0.0106737414595	-0.0504840620255	-0.0826603970785	-0.0775083618684	-0.0720423997069	0.0286777376226	-0.0111945114222	0.0440469315888	-0.0700237863434	0.0236981462468	0.0159864189386	-0.0393693178679	0.0170721919948	-0.00668338045532	0.0292951556515	0.0315705459086	-0.0816763787201	-0.0209915852395	0.0238291102913	0.0435571693151	-0.00563561792176	0.033169954487	-0.0285114219988	-0.0305670989162	0.0121054311935	0.00831009187571	-0.0397501668496	0.0109240859862	-0.0463464219728	0.00129794667648	-0.0389471596952	0.00801264072547	-0.0228980065844	-0.0383554126922	0.0279508484404	-0.0356654633663	-0.0359922100835	0.0244578571122	0.00419779200561	-0.024963418607	-0.00803063639496	-0.0684211537305	-0.0159131921496	-0.0634449595533	-0.0451697841483	-0.0349344578758	-0.031699301291	-0.0535472242872	0.0105568694854	-0.00131229748475	-0.00493200631954	0.0135948132723
k__Bacteria;p__Bacteroidetes;c__Bacteroidia;o__Bacteroidales;f__Bacteroidaceae;g__Bacteroides;s__Bacteroides_ovatus	0.0215706822328	-0.00982343967476	0.0126366343274	0.0351376878737	0.0541029188967	1.0	0.00722363407701	0.0339120428765	-0.0490993129057	-0.0152006143678	0.00640140852048	0.0160682566341	0.010921037368	0.0394347109267	0.0223907164618	-0.00229189882342	-0.00729628413699	-0.0400931851715	-0.0336420526971	-0.00697214873371	0.0244967438047	-0.103166105877	0.0201036244853	-0.0173770255753	-0.00504899346747	-0.0262707522563	-0.035950126372	-0.0090738716553	0.0300042461221	0.0651192733792	-0.0284752005479	0.106932200865	0.0496894781872	-0.0384429427746	0.0589598730761	-0.0207316725329	-0.0143255075686	0.00171495225406	0.000498520149093	-0.0604630409791	-0.0538888337586	-0.0403208068378	-0.0693688672585	-0.00725914368485	0.00842320606535	0.0405741188865	-0.0309932161437	-0.0562917167565	-0.00887131090111	0.0268166977589	-0.041900645373	-0.0337307913412	-0.000596429578416	-0.00736604094904	-0.055081568545	-0.020239307835	0.0238897651612	0.00925600491501	0.0486151060661
k__Bacteria;p__Bacteroidetes;c__Bacteroidia;o__Bacteroidales;f__Rikenellaceae;g__Alistipes;s__Alistipes_shahii	-0.0270891861871	-0.00155974817095	-0.00237597873556	0.000573377447254	0.0129777366641	0.00722363407701	1.0	-0.0434157689604	0.0222265132181	-0.0385746519919	-0.0247697663866	-0.0416073679719	-0.00858938068566	0.0287158868294	-0.00133205549917	-0.0352555709065	0.0427970534143	0.00722870239281	0.0410723729312	0.0062591223447	0.00471350616237	-0.00748120397504	-0.0271163426782	-0.00934006321209	0.0285666157593	-0.0280889388861	-0.0232293211937	0.0170870072312	-0.0037042699442	0.00784842715036	-0.0630656622476	0.00518795628989	0.0318430724516	-0.061451229452	-0.00780346499774	0.0294331844577	0.0283939701426	0.0118075909251	-0.0193448989131	-0.0289160963974	-0.0297583015196	-0.000607714769997	0.0114763738503	0.00399192655346	-0.00481488380212	0.00138542834069	-0.00967130163108	-0.0263559588811	-0.0255338058807	0.0209940498721	-0.0585979632628	0.00866422072142	-0.0261627975187	0.0461717144758	-0.0332563343835	0.0144061668819	0.0067271765243	-0.0755241044807	0.0193794646586
k__Bacteria;p__Firmicutes;c__Clostridia;o__Clostridiales;f__Ruminococcaceae;g__Faecalibacterium;s__Faecalibacterium_prausnitzii	0.0162435898793	-0.0285745561443	-0.0291784315894	0.0403344504548	-0.0106737414595	0.0339120428765	-0.0434157689604	1.0	-0.0194497481056	0.00517650510076	-0.0321337767992	0.0575675964897	0.0204954365698	0.00346620609408	0.0721176041187	0.000231602257572	-0.0252606438382	0.0249092575524	0.0197135301634	0.0131529140567	0.00799621744428	0.0281289789714	-0.0261355186028	-0.0755648026689	-0.0836477301619	-0.00869608053446	-0.0404063938524	0.0780668902919	0.00531326380662	0.0652517291557	-0.030638661902	-0.0660900164594	0.00333157789882	-0.0202996074712	-0.00513638391872	0.0182514781311	-0.0360410074327	-0.00301123947033	-0.0124259331964	-0.0209411543662	-0.0326701944764	-0.0125604077642	0.0126745409972	-0.0462532101422	-0.0226272900826	0.0319200432574	0.0311684252707	-0.104641990193	0.0167953473226	-0.0403295705012	0.031173231039	-0.0134101776848	0.0245292403483	0.0196371298185	-0.0458218357092	0.00818881186677	-0.0274761400443	0.0408912191243	-0.0528855393751
k__Bacteria;p__Bacteroidetes;c__Bacteroidia;o__Bacteroidales;f__Rikenellaceae;g__Alistipes;s__Alistipes_finegoldii	0.0222360212697	0.0109315772519	-0.0203919520233	0.0544658797209	-0.0504840620255	-0.0490993129057	0.0222265132181	-0.0194497481056	1.0	0.0129789368196	-0.00445548445824	-0.0220210936487	-0.0616655579413	-0.00582915243474	-0.000392819119934	-0.0447895717484	-0.0439429181661	-0.0365623827701	0.0233066233202	0.0509250157134	-0.0101800108917	0.0259239879464	-0.0644305658354	-0.0281957369009	-0.0254978824377	-0.00809048318496	0.0019010816533	-0.0199628500294	0.0657718279484	-0.0119685150695	-0.00848549534092	-0.00180410641732	-0.00892460264021	-0.0053496955914	0.00620969484068	-0.0427966847162	0.0563854637121	0.0187037886237	0.0257648945986	-0.0420488727641	0.0607277737148	-0.0735687934345	-0.0182603121896	-0.0142461190817	-0.0649745030883	0.0195163238555	-0.00382495376398	0.0252803681429	0.0120333187008	0.0169180903047	-0.044491208806	-0.0223296435853	0.00626969557792	0.053264830588	0.0422255096079	0.0433357522555	-0.0428185893557	-0.0768732170517	-0.00808778889763
k__Bacteria;p__Bacteroidetes;c__Bacteroidia;o__Bacteroidales;f__Porphyromonadaceae;g__Parabacteroides;s__Parabacteroides_distasonis	0.051592581827	0.0207587400391	0.0313580394868	-0.0264673144379	-0.0826603970785	-0.0152006143678	-0.0385746519919	0.00517650510076	0.0129789368196	1.0	0.0774624332433	0.0204651062218	-0.0400843677473	-0.00328467081217	0.00349031332563	-0.0127400959447	0.0117603152885	-0.0732483789386	0.0185830343105	-0.0428421335812	-0.0313112709749	-0.00109933344739	-0.0162885209426	0.0236258583792	-0.0259147881917	-0.0239640662135	-0.0563806975059	0.0395118243695	-0.0424627469603	0.0319016412921	-0.013482290906	-0.0328957190721	-0.00729920632197	0.0375223069556	-0.0137624090191	0.010083019525	0.00624792725901	-0.0203066103638	0.0157974728684	-0.000125240599333	0.029045442805	-0.00736357994366	-0.0267041449947	0.0510515633516	-0.0436733614653	0.020126266381	-0.00185517927841	-0.029162365011	0.00935802092806	0.00285994773413	0.00416062457213	-0.0289360312637	-0.00896191098326	0.0578006200927	-0.00451500607041	-0.0395774150901	-0.0563034302681	0.0217649044232	-0.0165128114333
k__Bacteria;p__Bacteroidetes;c__Bacteroidia;o__Bacteroidales;f__Bacteroidaceae;g__Bacteroides;s__Bacteroides_thetaiotaomicron	0.0288605366168	-0.0715120379802	-0.005014029976	-0.0142660455648	-0.0775083618684	0.00640140852048	-0.0247697663866	-0.0321337767992	-0.00445548445824	0.0774624332433	1.0	0.00523385431069	-0.0298732915959	-0.026294903696	0.0305741519315	0.0141429805869	0.016847386751	-0.000754610394607	0.0215158612922	-0.0894346980893	-0.0213690914089	0.0343781077313	-0.0043096742021	-0.00624807670007	0.00953369927191	-0.0119198529285	0.0288051314029	0.00533566949308	0.00252836601312	-0.0629831977903	0.0112034021134	-0.0689766832748	-0.0308397480704	0.0183722195237	-0.0201745749772	0.0677970292907	-0.0277260259025	0.0396284857037	0.0304066304772	0.0375825432681	-0.00374520882546	-0.00600740354346	0.0567316103173	0.0295310366233	-0.0262514218844	-0.0281008287892	0.0490297778448	0.0552525172066	-0.0621097395134	-0.00254579115025	0.023537319267	0.0048727847927	0.0214120000033	-0.0609213366126	0.0532570512641	0.025224223899	-0.016243426586	-0.00642798910107	-0.0124093273208
k__Bacteria;p__Bacteroidetes;c__Bacteroidia;o__Bacteroidales;f__Bacteroidaceae;g__Bacteroides;s__Bacteroides_coprocola	-0.0421748426001	-0.0338270577612	-0.0445947776609	-0.000914453925445	-0.0720423997069	0.0160682566341	-0.0416073679719	0.0575675964897	-0.0220210936487	0.0204651062218	0.00523385431069	1.0	-0.00990434979805	0.0347755262941	0.00265180466963	0.0628060923734	0.0102275799141	-0.00288194719004	-0.0163910432092	0.00278592715596	0.0230859762123	-0.0244861979017	0.055073680952	0.0125534228582	0.0213187953402	-0.0504555592638	-0.0142270117412	-0.046317590159	-0.00237195878152	-0.0183160396783	-0.0155075610945	-0.0221903055157	-0.0188492683984	0.0130675527957	-0.00566533692095	-0.0368401072905	0.000761887306461	-0.0155903497403	0.0100475448905	0.0141914805211	0.0142925439601	-0.105081921611	-0.010538542655	-0.0317754241074	0.0113447228481	-0.0168874160749	0.00260739339609	-0.0352117218389	0.0188221155073	0.0221568772058	0.00561950133703	0.00381678695062	0.0311582013521	0.0931815404133	-0.0665268668835	0.036358707719	0.00542751021729	-0.0394611908352	-0.00926080653497
k__Bacteria;p__Bacteroidetes;c__Bacteroidia;o__Bacteroidales;f__Bacteroidaceae;g__Bacteroides;s__Bacteroides_cellulosilyticus	0.0689108420607	-0.0352243228341	0.0503450177091	-0.031330033672	0.0286777376226	0.010921037368	-0.00858938068566	0.0204954365698	-0.0616655579413	-0.0400843677473	-0.0298732915959	-0.00990434979805	1.0	0.00424851089896	-0.0304228938763	-0.00244890634177	0.022542406563	0.0189939321621	-0.0211505312038	-0.0115425388697	-0.0305312164922	-0.0659357039971	-0.0631681911896	0.0136145307248	0.0305401930707	-0.0376336233012	-0.0681957412263	-0.0259479688802	-0.0651793042439	0.0656036570473	0.0152090346508	-0.0446690960281	0.0119112377191	0.00308381220166	0.034032640637	0.0331145707137	0.0415776335166	0.000540641809367	-0.0153966207096	-0.0416612145247	-0.0822771705147	0.00984953522424	0.00403653125847	-0.0417693869956	-0.0250071091782	-0.00788871558882	-0.0450281685546	-0.0133481189027	0.0666403244748	-0.0198663358557	0.053555416539	0.00682030432313	-0.0371451489871	0.0657099395726	-0.0101094733947	-0.0154094874568	0.00931579072635	0.0490391592942	-0.0300942043446
k__Bacteria;p__Bacteroidetes;c__Bacteroidia;o__Bacteroidales;f__Rikenellaceae;g__Alistipes;s__Alistipes_obesi	-0.0293933772826	0.0247404105937	-0.0208555867226	-0.115225181874	-0.0111945114222	0.0394347109267	0.0287158868294	0.00346620609408	-0.00582915243474	-0.00328467081217	-0.026294903696	0.0347755262941	0.00424851089896	1.0	0.042835876539	-0.017947392997	-0.00749737254989	-0.0388983274516	0.0124576263749	-0.0473372569095	0.064973984409	0.0287340482464	0.0286119010151	-0.00779404932257	0.0184753081851	-0.0509535194818	0.000197404998865	-0.0802996837335	-0.00535022340229	-0.0382710216311	-0.00601677523047	-0.0187468191603	0.0414621757975	-0.0336486045009	-0.0629692251033	0.0191412272259	0.00099674172832	-0.00212354368612	-0.0288070650563	0.0394111272884	-0.00241780122625	0.00283568189101	-0.0508689759758	-0.0958205161244	-0.0184559532812	0.0241543958216	0.0493136857633	0.025073030571	-0.00426022865774	-0.0149401463046	-0.0162671996765	-0.0229385982396	-0.0431789235063	-0.00125968868212	0.0090100426461	-0.012639049002	0.0107598013008	-0.0544702370927	-0.1211698524
k__Bacteria;p__Firmicutes;c__Clostridia;o__Clostridiales;f__Lachnospiraceae;g__;s__[Eubacterium]_rectale	0.0269920496535	-0.037455362409	0.0384759844591	-0.0060260364327	0.0440469315888	0.0223907164618	-0.00133205549917	0.0721176041187	-0.000392819119934	0.00349031332563	0.0305741519315	0.00265180466963	-0.0304228938763	0.042835876539	1.0	-0.00404029235833	-0.00453505678124	-0.0599052826936	-0.00521941173012	0.0856014483543	0.00445989272544	0.0311868863369	-0.0581057428443	0.0189603976225	0.00619710535215	0.038472416441	-0.0186324053249	-0.00636295778534	0.026017599485	-0.0513403257434	0.0151993115676	0.0127493204511	0.0127999264642	-0.0701567219804	-0.0397394811789	-0.0438743034479	0.024826071746	-0.0153610865153	-0.0670337828609	-0.0576528643261	0.0136849568455	-0.0498437994061	-0.0752030529342	0.0103846268929	0.0222967450557	-0.0124453406847	-0.0465123279185	-0.0204383633186	-0.0338465029576	0.0187097222776	-0.00827610080111	0.0621029264819	0.00132526041636	-0.0137520053637	-0.0280238057594	-0.00400313894508	-0.0177933572309	-0.0370326635699	0.0462770639842
k__Bacteria;p__Bacteroidetes;c__Bacteroidia;o__Bacteroidales;f__Bacteroidaceae;g__Bacteroides;s__Bacteroides_plebeius	-0.0129691494138	0.0160365130202	-0.0286448930346	0.023157701323	-0.0700237863434	-0.00229189882342	-0.0352555709065	0.000231602257572	-0.0447895717484	-0.0127400959447	0.0141429805869	0.0628060923734	-0.00244890634177	-0.017947392997	-0.00404029235833	1.0	-0.0345438868099	0.0114808837279	-0.0666983656009	-0.0442412666283	0.00436531771708	-0.0491391669208	-0.057392021899	0.0299818527046	0.00507702049121	-0.00128644282718	0.0800791168632	-0.0186286921673	-0.0457609789006	-0.048836540185	-0.00330908285672	0.00652684052738	-0.035438414131	-0.0420348388156	-0.00646487576746	-0.0305008352868	-0.0554985377355	0.010620944193	-0.0254805329323	0.00997248888231	0.0077735173295	-0.0362119652887	-0.0673792863928	-0.00792704368515	0.0113104247978	-0.031241921766	0.0479063415452	0.000766320585758	-0.0233986690291	0.033646074553	-0.00452408813412	0.0592585496594	-0.0197815172947	0.0318292132072	0.0275574564285	-0.0155567638118	-0.059538856507	-0.0255081149754	-0.0322397057683
k__Bacteria;p__Bacteroidetes;c__Bacteroidia;o__Bacteroidales;f__Bacteroidaceae;g__Bacteroides;s__Bacteroides_fragilis	-0.0406015378557	0.00529828958324	-0.0288338466639	-0.0821831947104	0.0236981462468	-0.00729628413699	0.0427970534143	-0.0252606438382	-0.0439429181661	0.0117603152885	0.016847386751	0.0102275799141	0.022542406563	-0.00749737254989	-0.00453505678124	-0.0345438868099	1.0	0.0299318482097	0.0225967601579	-0.0451814928136	-0.024593623538	-0.0615658404523	0.0268588906963	-0.0121908867464	-0.0381681492194	0.0265796150024	-0.018594711425	-0.0457254010777	0.0068695407606	-0.0366261069586	0.0113685358775	-0.0517667493485	-0.0277380406089	-0.0276566059899	-0.0196710008189	-0.0140972870262	0.00274832291219	-0.0292235060327	-0.0447353971594	0.0235918086003	-0.0383214866116	0.0321308428552	-7.226471429e-05	-0.00317682329724	-0.0313147554025	0.0143593750272	0.0149804408507	-0.0605690818478	-0.0425336372902	0.0345269604601	0.00965967340829	-0.034261366966	-0.0302904782616	0.0612169036363	-0.0186141469872	0.0598840590623	0.00549842646738	0.0434084234552	0.0101898253879
k__Bacteria;p__Proteobacteria;c__Betaproteobacteria;o__Burkholderiales;f__Sutterellaceae;g__Sutterella;s__Sutterella_wadsworthensis	-0.0735342704808	-0.0162041730077	-0.0349016242184	0.0323765620991	0.0159864189386	-0.0400931851715	0.00722870239281	0.0249092575524	-0.0365623827701	-0.0732483789386	-0.000754610394608	-0.00288194719004	0.0189939321621	-0.0388983274516	-0.0599052826936	0.0114808837279	0.0299318482097	1.0	0.0220942508775	-0.0394915492159	0.00896099132256	-0.0063246839154	0.0217686021719	-0.0659541318389	0.0338218625965	0.0516280871685	0.00349169721548	-0.00314968570442	0.0359760419477	-0.0856586048466	0.0688910145887	0.0401762054532	0.00161707657283	-0.00752583056588	-0.0276086779396	-0.0623614427983	-0.077897871448	-0.0437837027147	-0.0565833487902	0.0320415718048	-0.0253315581723	0.0320845232407	-0.0141273831284	0.027410245443	0.00359649687316	-0.0261191558322	-0.00928274687226	-0.0177046462763	-0.00837209143601	0.00434115710137	-0.0686901077263	0.0273744109629	-0.00421670137343	-0.0873106869122	-0.0116200799765	-0.0324936519784	-0.0269297624911	0.0263929750408	0.0533803931843
k__Bacteria;p__Bacteroidetes;c__Bacteroidia;o__Bacteroidales;f__Porphyromonadaceae;g__Barnesiella;s__Barnesiella_intestinihominis	-0.0327538359278	0.0440291421502	-0.0126379674385	0.055504538567	-0.0393693178679	-0.0336420526971	0.0410723729312	0.0197135301634	0.0233066233202	0.0185830343105	0.0215158612922	-0.0163910432092	-0.0211505312038	0.0124576263749	-0.00521941173012	-0.0666983656009	0.0225967601579	0.0220942508775	1.0	0.016569626109	-0.0260198260443	0.00416803257069	0.0148779663706	0.000431310146041	-0.0683765272972	0.00181020981768	-0.0181263033454	0.000296890416958	-0.0643469679692	-0.00993086220717	0.0369237107073	-0.0118969715976	-0.0275643934871	0.00100906173784	-0.0149089858705	-0.0225698120638	-0.00994709496356	0.00129908248048	0.0226128183916	-0.0538923662181	0.0364497455277	-0.0130026979276	0.0558867890199	-0.0120511332716	0.0218862480362	-0.0248349739392	0.00840747309965	0.0429253731408	-0.00621015986664	0.011776759871	0.0165040428251	-0.0446808135591	-0.00187176568795	-0.0169612095051	-0.0519905786074	-0.00776380708455	0.04132796051	0.00505087798659	-0.0191647607898
k__Bacteria;p__Bacteroidetes;c__Bacteroidia;o__Bacteroidales;f__Odoribacteraceae;g__Odoribacter;s__Odoribacter_splanchnicus	0.0061073866571	0.0161936588072	0.000228759577154	-0.0345197843014	0.0170721919948	-0.00697214873371	0.0062591223447	0.0131529140567	0.0509250157134	-0.0428421335812	-0.0894346980893	0.00278592715596	-0.0115425388697	-0.0473372569095	0.0856014483543	-0.0442412666283	-0.0451814928136	-0.0394915492159	0.016569626109	1.0	-0.0237748075877	-0.0229107269416	0.0213825334518	-0.0168456132175	0.0468221842988	-0.0522223766791	0.00186735302789	-0.0359979868314	-0.0433179921879	0.0305456471622	-0.00115431728586	0.0280271102852	-0.000850026817004	-0.0614296832843	-0.0318488123869	0.0746322017006	0.00269483938703	0.0143452978123	-0.0256225709773	-0.0666445364657	-0.0106101018808	0.0107528850011	0.0351778681302	-0.0279335526352	-0.00815672094721	0.0318494131165	-0.0304016954056	0.0332480205831	0.00776716845658	-0.00804644466595	0.0159542100208	-0.0139386696832	-0.0271152610571	-0.0391014271587	-0.0136695529096	-0.00421087395648	-0.0363451210977	-0.0269868453595	-0.0460591777834
k__Bacteria;p__Bacteroidetes;c__Bacteroidia;o__Bacteroidales;f__Bacteroidaceae;g__Bacteroides;s__Bacteroides_salyersiae	-0.0229620591418	-0.0127705817824	0.0464833671058	-0.0142807470517	-0.00668338045532	0.0244967438047	0.00471350616237	0.00799621744428	-0.0101800108917	-0.0313112709749	-0.0213690914089	0.0230859762123	-0.0305312164922	0.064973984409	0.00445989272544	0.00436531771708	-0.024593623538	0.00896099132256	-0.0260198260443	-0.0237748075877	1.0	-0.0473475469589	-0.0128118594973	0.0644511662335	-0.0166729871026	0.0384667899651	0.00124179160167	-0.0128179544504	0.000172326507855	-0.034167242222	0.0396445811019	0.0634394801776	0.00573142788787	0.0160797519209	-0.0445106418057	0.000240430720373	-0.0497470457228	0.0192179563279	-0.033245483018	-0.0906080620616	0.00529905329105	0.0277061514665	0.0510422927737	-0.0235524908269	-0.0335938835307	-0.0162585676025	-0.000734386606226	-0.0152670562787	-0.00154175305803	0.0211182207973	0.021153855889	0.00835840450871	-0.00225331792402	-0.0461785109653	-0.0205043080959	0.0403406229388	0.0117396874932	-0.0614899601967	0.010904680894
k__Bacteria;p__Firmicutes;c__Clostridia;o__Clostridiales;f__Ruminococcaceae;g__Ruminiclostridium;s__[Eubacterium]_siraeum	0.0495229741289	0.00554479719604	0.0274444724914	0.0494207505036	0.0292951556515	-0.103166105877	-0.00748120397504	0.0281289789714	0.0259239879464	-0.00109933344739	0.0343781077313	-0.0244861979017	-0.0659357039971	0.0287340482464	0.0311868863369	-0.0491391669208	-0.0615658404523	-0.0063246839154	0.00416803257069	-0.0229107269416	-0.0473475469589	1.0	-0.00684414824868	0.0146396177215	0.00902199342189	0.016114664612	-0.0118460638385	0.0439569824298	-0.00424832820885	0.00831901307069	-0.00281807880175	-0.0107778316635	-0.00418537123469	0.021477844622	0.0584902026699	-0.00939247853371	-0.0434609049567	-0.0185201452213	-0.0580655094391	-0.0427060427854	0.0164027242945	-0.064209804798	-0.0317218058768	0.0146643204127	0.0393307020725	0.0121217672547	-0.00708958346192	0.0192424024143	-0.0640865361158	0.0328828503387	0.00329025263194	0.0102672803431	-0.0211479739744	0.00633125098802	0.00833135419454	-0.0559501042368	-0.0311802458864	-0.0240213237997	0.0136646381652
k__Bacteria;p__Proteobacteria;c__Betaproteobacteria;o__Burkholderiales;f__Sutterellaceae;g__Parasutterella;s__Parasutterella_excrementihominis	-0.0261115890708	0.0188867723031	0.00891846533828	-0.0499243631358	0.0315705459086	0.0201036244853	-0.0271163426782	-0.0261355186028	-0.0644305658354	-0.0162885209426	-0.0043096742021	0.055073680952	-0.0631681911896	0.0286119010151	-0.0581057428443	-0.057392021899	0.0268588906963	0.0217686021719	0.0148779663706	0.0213825334518	-0.0128118594973	-0.00684414824868	1.0	0.00582256684938	-0.0523950265407	0.00201876743282	-0.0137067338985	-0.0281123629081	0.00416062053709	-0.0571507400021	0.00946280206478	-0.0159710461072	-0.00072038882162	-0.04782535073	0.0490195757277	-0.0484066786905	0.0182163291013	-0.00217733138342	0.0237077965208	0.0175421782198	-0.0361103753671	-0.010120520038	0.00619439003652	-0.0391875086857	-0.0286491199724	0.0284930659424	0.0412715567755	0.0121455401052	0.0513568772682	-0.0699874802764	0.00318725242663	0.0125552962567	-0.0314371755905	0.0160170219994	-0.0350224880885	-0.00518725707623	-0.0621683264389	-0.00664364770779	-0.0109346530987
k__Bacteria;p__Actinobacteria;c__Actinobacteria;o__Bifidobacteriales;f__Bifidobacteriaceae;g__Bifidobacterium;s__Bifidobacterium_adolescentis	-0.00120507525987	0.0563509983787	-0.0313900039426	0.0236749132478	-0.0816763787201	-0.0173770255753	-0.00934006321209	-0.0755648026689	-0.0281957369009	0.0236258583792	-0.00624807670007	0.0125534228582	0.0136145307248	-0.00779404932257	0.0189603976225	0.0299818527046	-0.0121908867464	-0.0659541318389	0.000431310146041	-0.0168456132175	0.0644511662335	0.0146396177215	0.00582256684938	1.0	-0.00829608112733	-0.0461537911026	-0.0508421260698	-0.0528337820822	0.0374666843592	-0.019269751998	-0.0650971945457	0.0148336010541	0.0122977870723	0.000614467428532	0.00861317647998	0.0366999408619	0.0279370824741	0.0255025150486	-0.00572475548576	-0.0115243763549	0.0262225495776	-0.0258162757067	0.0582870669292	-0.0186118868447	-0.0346712748464	0.0544175468609	-0.0392843289938	-0.0377591815305	-0.00187718993309	0.0219484577527	0.047081771151	0.00921099429343	-0.0609983111108	-0.0404184084333	-0.0160601380983	-0.0364347257791	-0.0341976812796	-0.052366319468	0.0818840046936
k__Bacteria;p__Firmicutes;c__Clostridia;o__Clostridiales;f__Oscillospiraceae;g__Oscillibacter;s__Oscillibacter_sp._KLE_1745	-0.0627000009333	-0.0324354558543	0.0110617889337	-0.0311659634379	-0.0209915852395	-0.00504899346747	0.0285666157593	-0.0836477301619	-0.0254978824377	-0.0259147881917	0.00953369927191	0.0213187953402	0.0305401930707	0.0184753081851	0.00619710535215	0.00507702049121	-0.0381681492194	0.0338218625965	-0.0683765272972	0.0468221842988	-0.0166729871026	0.00902199342189	-0.0523950265407	-0.00829608112733	1.0	-0.028052617949	0.0146770466351	-0.0332835374296	0.00968426536797	-0.0310171428712	-0.00683815601848	-0.00759697731287	0.0477354305009	0.00683024968262	-0.0213066680333	-0.00357259502499	-0.0763923200256	0.0395833999752	0.0178319837066	-0.030287043545	-0.0346646914205	0.0152278558505	0.00111516918247	0.0487246917583	0.0509544852279	-0.0382578678507	-0.0204146347568	0.0274059848539	-0.053173982619	-0.0300957337647	-0.0268784299628	-0.0159851349537	0.00709080048457	-0.0226298292611	-0.0192416994229	0.00088549718014	0.00573347424641	-0.00519306646034	0.00148780681096
k__Bacteria;p__Bacteroidetes;c__Bacteroidia;o__Bacteroidales;f__Bacteroidaceae;g__Bacteroides;s__Bacteroides_coprophilus	-0.028979357817	0.0184831199635	0.0500687808105	0.0387395507554	0.0238291102913	-0.0262707522563	-0.0280889388861	-0.00869608053446	-0.00809048318496	-0.0239640662135	-0.0119198529285	-0.0504555592638	-0.0376336233012	-0.0509535194818	0.038472416441	-0.00128644282718	0.0265796150024	0.0516280871685	0.00181020981768	-0.0522223766791	0.0384667899651	0.016114664612	0.00201876743282	-0.0461537911026	-0.028052617949	1.0	-0.0637116713999	0.065719151922	-0.0130560312165	0.0266438872841	-0.029457235814	-0.00995463858516	0.0227849984526	-0.0729830942344	-0.0364397044412	-0.0439892435928	-0.0090811915617	-0.00439929999955	-0.0396347688476	0.05070773274	-0.0173538095697	0.0271183807874	-0.0558823247415	-0.00160019697844	0.0319409567282	-0.0484854924409	0.0269087737167	-0.0280273335517	-0.00172253512243	0.000676684365729	-0.0330196840852	0.0270796989179	0.0514018765122	-0.002905941976	-0.0131014907076	-0.0755722045911	-0.00508780614141	-0.00570890583543	0.0314971133627
k__Bacteria;p__Firmicutes;c__Clostridia;o__Clostridiales;f__Lachnospiraceae;g__Roseburia;s__Roseburia_intestinalis	0.0390555283834	-0.031768736392	0.0990496892811	-0.0127067695867	0.0435571693151	-0.035950126372	-0.0232293211937	-0.0404063938524	0.0019010816533	-0.0563806975059	0.0288051314029	-0.0142270117412	-0.0681957412263	0.000197404998865	-0.0186324053249	0.0800791168632	-0.018594711425	0.00349169721548	-0.0181263033454	0.00186735302789	0.00124179160167	-0.0118460638385	-0.0137067338985	-0.0508421260698	0.0146770466351	-0.0637116713999	1.0	-0.108884047636	-0.0378584262513	0.00235423081992	-0.0116671299468	0.0573519449339	0.00451823025341	0.0321898661353	0.0521059801009	-0.0186594955256	-0.052509225436	0.0179325084333	-0.0180113014749	0.000437924474772	-0.0174602693347	0.00651326486233	0.0293564171012	0.0280835249861	-0.0114832569365	-0.056185177073	0.0493573824444	0.0316996540549	-0.0543477510019	0.0412303207224	-0.0496900316166	0.0372098430879	-0.00562275878951	0.0106461191811	-0.0244791491576	0.0151142746281	0.0580588125495	-0.0117722984031	-0.0591666337687
k__Bacteria;p__Firmicutes;c__Clostridia;o__Clostridiales;f__Lachnospiraceae;g__Roseburia;s__Roseburia_hominis	-0.0804833505538	-0.0108523838796	-0.003514548702	0.0123578610206	-0.00563561792176	-0.0090738716553	0.0170870072312	0.0780668902919	-0.0199628500294	0.0395118243695	0.00533566949308	-0.046317590159	-0.0259479688802	-0.0802996837335	-0.00636295778534	-0.0186286921673	-0.0457254010777	-0.00314968570442	0.000296890416958	-0.0359979868314	-0.0128179544504	0.0439569824298	-0.0281123629081	-0.0528337820822	-0.0332835374296	0.065719151922	-0.108884047636	1.0	0.0396621315824	-0.00863653418572	0.0187555403466	-0.0167879032608	0.0050409172072	0.0302464885343	-0.0365265156328	0.028614712581	-0.0196665808467	-0.00657756757806	-0.0312964786064	-0.0613959324751	0.0118473286381	0.0105766700021	-0.082637015471	-0.00533094677972	-0.0175493200643	-0.0343866363849	-0.0111396720198	-0.0366412646897	0.00224899215943	-0.00828195498061	-0.0272239041401	0.0738379794859	0.0381954874292	-0.0557799781078	0.00530090769444	-0.0363148068587	-0.0693134773157	-0.0297262664377	0.0719827404672
k__Bacteria;p__Bacteroidetes;c__Bacteroidia;o__Bacteroidales;f__Porphyromonadaceae;g__Parabacteroides;s__Parabacteroides_johnsonii	0.0179977400724	-0.0487563308364	-0.0217414928624	-0.0229942203181	0.033169954487	0.0300042461221	-0.0037042699442	0.00531326380662	0.0657718279484	-0.0424627469603	0.00252836601312	-0.00237195878152	-0.0651793042439	-0.00535022340229	0.026017599485	-0.0457609789006	0.0068695407606	0.0359760419477	-0.0643469679692	-0.0433179921879	0.000172326507855	-0.00424832820885	0.00416062053709	0.0374666843592	0.00968426536797	-0.0130560312165	-0.0378584262513	0.0396621315824	1.0	0.0271869899731	-0.00364185160618	-0.027324260464	-0.0677464462956	-0.0436441527315	-0.0427622500416	0.00335160905726	0.0187622588388	-1.40231553685e-06	0.025792276032	-0.000897203677375	0.0116487241407	-0.00958696418631	0.0262940895483	-0.0146192704058	-0.0549417786851	0.0494349283476	-0.0110844483089	-0.0231584934742	0.0124013250253	-0.0120419242432	-0.0464030957407	0.0544233355931	0.00403852155313	-0.00586903957491	0.0157710389776	-0.0477005731936	0.0240288858152	-0.0185754487644	-0.0142665595872
k__Bacteria;p__Actinobacteria;c__Actinobacteria;o__Bifidobacteriales;f__Bifidobacteriaceae;g__Bifidobacterium;s__Bifidobacterium_longum	-0.0328259567171	-0.00693587399492	-0.0215629161542	0.000355960313153	-0.0285114219988	0.0651192733792	0.00784842715036	0.0652517291557	-0.0119685150695	0.0319016412921	-0.0629831977903	-0.0183160396783	0.0656036570473	-0.0382710216311	-0.0513403257434	-0.048836540185	-0.0366261069586	-0.0856586048466	-0.00993086220717	0.0305456471622	-0.034167242222	0.00831901307069	-0.0571507400021	-0.019269751998	-0.0310171428712	0.0266438872841	0.00235423081992	-0.00863653418572	0.0271869899731	1.0	-0.0472187688855	-0.0251878275881	0.0400397882773	-0.021629784467	0.015699244707	-0.0731983218584	0.00967976910991	-0.0453980571062	0.0297455508375	-0.00693674237854	-0.0239404401371	0.0778223340105	-0.00127176976757	-0.0274180351504	0.0390558647107	-0.0484311593066	0.0188754759408	-0.0157024736519	0.0167167096832	-0.000789340259053	-0.0617377852592	0.0318249637761	0.0236755140467	-0.0198910300914	0.00493697984382	-0.0383876364699	-0.0314722437379	-0.0202532766318	-0.0447999400164
