#taxonomy	k__Bacteria;p__Bacteroidetes;c__Bacteroidia;o__Bacteroidales;f__Bacteroidaceae;g__Bacteroides;s__Bacteroides_vulgatus	k__Bacteria;p__Bacteroidetes;c__Bacteroidia;o__Bacteroidales;f__Bacteroidaceae;g__Bacteroides;s__Bacteroides_uniformis	k__Bacteria;p__Bacteroidetes;c__Bacteroidia;o__Bacteroidales;f__Rikenellaceae;g__Alistipes;s__Alistipes_putredinis	k__Bacteria;p__Bacteroidetes;c__Bacteroidia;o__Bacteroidales;f__Prevotellaceae;g__Prevotella;s__Prevotella_copri	k__Bacteria;p__Bacteroidetes;c__Bacteroidia;o__Bacteroidales;f__Bacteroidaceae;g__Bacteroides;s__Bacteroides_stercoris	k__Bacteria;p__Bacteroidetes;c__Bacteroidia;o__Bacteroidales;f__Bacteroidaceae;g__Bacteroides;s__Bacteroides_ovatus	k__Bacteria;p__Bacteroidetes;c__Bacteroidia;o__Bacteroidales;f__Rikenellaceae;g__Alistipes;s__Alistipes_shahii	k__Bacteria;p__Firmicutes;c__Clostridia;o__Clostridiales;f__Ruminococcaceae;g__Faecalibacterium;s__Faecalibacterium_prausnitzii	k__Bacteria;p__Bacteroidetes;c__Bacteroidia;o__Bacteroidales;f__Rikenellaceae;g__Alistipes;s__Alistipes_finegoldii	k__Bacteria;p__Bacteroidetes;c__Bacteroidia;o__Bacteroidales;f__Porphyromonadaceae;g__Parabacteroides;s__Parabacteroides_distasonis	k__Bacteria;p__Bacteroidetes;c__Bacteroidia;o__Bacteroidales;f__Bacteroidaceae;g__Bacteroides;s__Bacteroides_thetaiotaomicron	k__Bacteria;p__Bacteroidetes;c__Bacteroidia;o__Bacteroidales;f__Bacteroidaceae;g__Bacteroides;s__Bacteroides_coprocola	k__Bacteria;p__Bacteroidetes;c__Bacteroidia;o__Bacteroidales;f__Bacteroidaceae;g__Bacteroides;s__Bacteroides_cellulosilyticus	k__Bacteria;p__Bacteroidetes;c__Bacteroidia;o__Bacteroidales;f__Rikenellaceae;g__Alistipes;s__Alistipes_obesi	k__Bacteria;p__Firmicutes;c__Clostridia;o__Clostridiales;f__Lachnospiraceae;g__;s__[Eubacterium]_rectale	k__Bacteria;p__Bacteroidetes;c__Bacteroidia;o__Bacteroidales;f__Bacteroidaceae;g__Bacteroides;s__Bacteroides_plebeius	k__Bacteria;p__Bacteroidetes;c__Bacteroidia;o__Bacteroidales;f__Bacteroidaceae;g__Bacteroides;s__Bacteroides_fragilis	k__Bacteria;p__Proteobacteria;c__Betaproteobacteria;o__Burkholderiales;f__Sutterellaceae;g__Sutterella;s__Sutterella_wadsworthensis	k__Bacteria;p__Bacteroidetes;c__Bacteroidia;o__Bacteroidales;f__Porphyromonadaceae;g__Barnesiella;s__Barnesiella_intestinihominis	k__Bacteria;p__Bacteroidetes;c__Bacteroidia;o__Bacteroidales;f__Odoribacteraceae;g__Odoribacter;s__Odoribacter_splanchnicus	k__Bacteria;p__Bacteroidetes;c__Bacteroidia;o__Bacteroidales;f__Bacteroidaceae;g__Bacteroides;s__Bacteroides_salyersiae	k__Bacteria;p__Firmicutes;c__Clostridia;o__Clostridiales;f__Ruminococcaceae;g__Ruminiclostridium;s__[Eubacterium]_siraeum	k__Bacteria;p__Proteobacteria;c__Betaproteobacteria;o__Burkholderiales;f__Sutterellaceae;g__Parasutterella;s__Parasutterella_excrementihominis	k__Bacteria;p__Actinobacteria;c__Actinobacteria;o__Bifidobacteriales;f__Bifidobacteriaceae;g__Bifidobacterium;s__Bifidobacterium_adolescentis	k__Bacteria;p__Firmicutes;c__Clostridia;o__Clostridiales;f__Oscillospiraceae;g__Oscillibacter;s__Oscillibacter_sp._KLE_1745	k__Bacteria;p__Bacteroidetes;c__Bacteroidia;o__Bacteroidales;f__Bacteroidaceae;g__Bacteroides;s__Bacteroides_coprophilus	k__Bacteria;p__Firmicutes;c__Clostridia;o__Clostridiales;f__Lachnospiraceae;g__Roseburia;s__Roseburia_intestinalis	k__Bacteria;p__Firmicutes;c__Clostridia;o__Clostridiales;f__Lachnospiraceae;g__Roseburia;s__Roseburia_hominis	k__Bacteria;p__Bacteroidetes;c__Bacteroidia;o__Bacteroidales;f__Porphyromonadaceae;g__Parabacteroides;s__Parabacteroides_johnsonii	k__Bacteria;p__Actinobacteria;c__Actinobacteria;o__Bifidobacteriales;f__Bifidobacteriaceae;g__Bifidobacterium;s__Bifidobacterium_longum	k__Bacteria;p__Firmicutes;c__Clostridia;o__Clostridiales;f__;g__Flavonifractor;s__Flavonifractor_plautii	k__Bacteria;p__Firmicutes;c__Clostridia;o__Clostridiales;f__Clostridiaceae;g__Clostridium;s__Clostridium_phoceensis	k__Bacteria;p__Verrucomicrobia;c__Verrucomicrobiae;o__Verrucomicrobiales;f__Akkermansiaceae;g__Akkermansia;s__Akkermansia_muciniphila	k__Bacteria;p__Bacteroidetes;c__Bacteroidia;o__Bacteroidales;f__Prevotellaceae;g__Paraprevotella;s__Paraprevotella_xylaniphila	k__Bacteria;p__Firmicutes;c__Clostridia;o__Clostridiales;f__Ruminococcaceae;g__Ruminococcus;s__Ruminococcus_callidus	k__Bacteria;p__Bacteroidetes;c__Bacteroidia;o__Bacteroidales;f__Rikenellaceae;g__Alistipes;s__Alistipes_senegalensis	k__Bacteria;p__Firmicutes;c__Clostridia;o__Clostridiales;f__Lachnospiraceae;g__Blautia;s__Blautia_sp._KLE_1732	k__Bacteria;p__Bacteroidetes;c__Bacteroidia;o__Bacteroidales;f__Bacteroidaceae;g__Bacteroides;s__Bacteroides_oleiciplenus	k__Bacteria;p__Firmicutes;c__Clostridia;o__Clostridiales;f__Ruminococcaceae;g__Ruminococcus;s__Ruminococcus_bicirculans	k__Bacteria;p__Bacteroidetes;c__Bacteroidia;o__Bacteroidales;f__Bacteroidaceae;g__Bacteroides;s__Bacteroides_fluxus	k__Bacteria;p__Bacteroidetes;c__Bacteroidia;o__Bacteroidales;f__Prevotellaceae;g__Prevotella;s__Prevotella_stercorea	k__Bacteria;p__Firmicutes;c__Clostridia;o__Clostridiales;f__Lachnospiraceae;g__Dorea;s__Dorea_longicatena	k__Bacteria;p__Firmicutes;c__Clostridia;o__Clostridiales;f__Eubacteriaceae;g__Eubacterium;s__[Eubacterium]_eligens	k__Bacteria;p__Firmicutes;c__Clostridia;o__Clostridiales;f__Ruminococcaceae;g__;s__Ruminococcaceae_bacterium_D16	k__Bacteria;p__Firmicutes;c__Clostridia;o__Clostridiales;f__Lachnospiraceae;g__Coprococcus;s__Coprococcus_comes	k__Bacteria;p__Proteobacteria;c__Gammaproteobacteria;o__Enterobacterales;f__Enterobacteriaceae;g__Escherichia;s__Escherichia_coli	k__Bacteria;p__Firmicutes;c__Clostridia;o__Clostridiales;f__Ruminococcaceae;g__Anaerotruncus;s__Anaerotruncus_colihominis	k__Bacteria;p__Firmicutes;c__Clostridia;o__Clostridiales;f__Lachnospiraceae;g__Blautia;s__Blautia_obeum	k__Bacteria;p__Bacteroidetes;c__Bacteroidia;o__Bacteroidales;f__Odoribacteraceae;g__Odoribacter;s__Odoribacter_laneus	k__Bacteria;p__Firmicutes;c__Clostridia;o__Clostridiales;f__Ruminococcaceae;g__Ruminiclostridium;s__[Clostridium]_leptum	k__Bacteria;p__Bacteroidetes;c__Bacteroidia;o__Bacteroidales;f__Porphyromonadaceae;g__Parabacteroides;s__Parabacteroides_goldsteinii	k__Bacteria;p__Firmicutes;c__Clostridia;o__Clostridiales;f__Lachnospiraceae;g__Anaerostipes;s__Anaerostipes_hadrus	k__Bacteria;p__Firmicutes;c__Clostridia;o__Clostridiales;f__Ruminococcaceae;g__Ruminococcus;s__Ruminococcus_lactaris	k__Bacteria;p__Firmicutes;c__Clostridia;o__Clostridiales;f__Clostridiaceae;g__Clostridium;s__Clostridium_sp._L2-50	k__Bacteria;p__Firmicutes;c__Clostridia;o__Clostridiales;f__Clostridiaceae;g__Clostridium;s__Clostridium_sp._M62/1	k__Bacteria;p__Firmicutes;c__Clostridia;o__Clostridiales;f__;g__Intestinimonas;s__Intestinimonas_butyriciproducens	k__Bacteria;p__Actinobacteria;c__Actinobacteria;o__Bifidobacteriales;f__Bifidobacteriaceae;g__Bifidobacterium;s__Bifidobacterium_bifidum	k__Bacteria;p__Firmicutes;c__Negativicutes;o__Veillonellales;f__Veillonellaceae;g__Dialister;s__Dialister_invisus	k__Bacteria;p__Bacteroidetes;c__Bacteroidia;o__Bacteroidales;f__Bacteroidaceae;g__Bacteroides;s__Bacteroides_salanitronis
k__Bacteria;p__Bacteroidetes;c__Bacteroidia;o__Bacteroidales;f__Bacteroidaceae;g__Bacteroides;s__Bacteroides_vulgatus	1.0	-0.0186667458047	0.0055524267374	-0.0202329213735	-0.0331675265762	0.035012436022	0.00794103501809	-0.0410269876396	0.0557393369839	0.00431871567729	-0.0367962862837	-0.0464233319794	-0.0196856962215	-0.0132229624679	-0.0395563767274	-0.0361215315849	0.0399787593674	-0.000110918314984	-0.0336858798883	0.011541582524	-0.0397392725557	-0.0460939686154	-0.0796846158596	-0.0668327247697	-0.00618888175649	0.00616196470914	-0.0160973330435	-0.0522768998588	0.0278795115663	-0.00941509009456	-0.0414652865805	0.0591266789589	0.0148087758202	-0.024189277347	-0.0792964571566	-0.0128420538852	0.0194882486297	0.0109383477876	0.000703352405465	-0.00706990524709	-0.0464341661463	-0.0396854022414	-0.00251786935081	0.024786620578	-0.0177687931392	-0.0729698148424	-0.0408671609008	0.0439792637696	0.0277730249862	-0.0371500825115	-0.0300953734954	-0.026441274435	0.0403534662399	0.0581999452076	-0.0130406530688	0.00861000659948	-0.0340155636612	-0.00113004688918	0.070616780591
k__Bacteria;p__Bacteroidetes;c__Bacteroidia;o__Bacteroidales;f__Bacteroidaceae;g__Bacteroides;s__Bacteroides_uniformis	-0.0186667458047	1.0	-0.0531850319515	-0.00931886739602	0.0348084285651	-0.0508579407574	-0.0149559191982	-0.000769084351981	-0.0183659211775	-0.0166074604577	0.00124355396355	-0.0083923691638	0.00468855293964	0.0294563978952	0.002105584166	-0.0166480636306	-0.0615616185455	0.00488019752971	0.0336197909878	-0.0168347599652	-0.0244423663719	0.0387573646293	0.00982534432926	0.0462659285887	0.0407080537926	-0.0345783099138	0.0213891323237	-0.031802415716	0.00445610925335	0.00846131042024	-0.0211699248139	0.0215140204193	0.00174733100871	-0.0245414458367	-0.0794170428934	0.0251340604215	-0.0487743481614	-0.0153579050185	0.00939090170043	-0.0100232676058	-0.0288244443668	-0.0503861794543	-0.0137571917484	-0.036659939607	-0.00919520956761	-0.0614265652977	0.00121859669901	-0.0209864366072	0.00205144864222	0.047653870374	0.0377964626685	-0.0407628380572	0.0149768536578	-0.0113871389839	-0.0291491166252	0.0219429804736	-0.056292085926	0.0161556949775	-0.00488403469608
k__Bacteria;p__Bacteroidetes;c__Bacteroidia;o__Bacteroidales;f__Rikenellaceae;g__Alistipes;s__Alistipes_putredinis	0.0055524267374	-0.0531850319515	1.0	-0.0770450058495	0.00112828740786	-0.00367332671977	0.0331448009834	0.0533976949536	0.00308610665534	-0.012866944845	0.0133809142817	-0.0273410459149	0.00711715185883	-0.0262255867092	-0.011222234048	0.0273016966924	-0.00476826674216	-0.0453982875763	-0.00227027005383	-0.0167610457231	0.00780736577209	0.0636963469137	-0.0255011565431	-0.0315819469476	0.0234667038848	0.0120006849964	-0.0188321414204	0.0847981407836	-0.0215552221883	0.0129440099326	-0.00346196660288	0.0229176709217	0.00993331270238	-0.0117417486601	-0.0618942119995	-0.0409477639583	-0.039850212734	0.0220299977967	-0.063942065785	-0.0414454534699	0.0160544628815	-0.0729720127168	0.0405719690824	-0.00855015068137	0.00273589536827	0.0097019210712	-0.025410753766	0.0204118467481	0.020616863028	0.0534899739459	0.00210377079304	-0.0194338570561	-0.0196602541779	0.00792209816015	0.0474982499772	0.0130813133449	-0.00149856504709	0.034667335023	0.0136507107684
k__Bacteria;p__Bacteroidetes;c__Bacteroidia;o__Bacteroidales;f__Prevotellaceae;g__Prevotella;s__Prevotella_copri	-0.0202329213735	-0.00931886739602	-0.0770450058495	1.0	-0.00509436068633	-0.00533211782793	-0.00791720197642	-0.00834322736426	0.00632381379693	-0.0104691490688	0.00645930271846	0.0189190166059	0.0445691410929	0.0102250273183	-0.0139580027003	-0.010710244298	-0.0316570502567	-0.00123455786036	0.0567187606473	-0.0908303669613	0.0412215796012	-0.0451863067473	-0.0648080932748	-0.0595002326962	-0.00789100738338	0.00102880289477	-0.0278194823897	-0.0440924502475	0.0406559546095	-0.00998217084212	0.0532956642477	-0.0315246732111	-0.00660805501315	-0.00303014273719	-0.0161542544771	0.0420600806709	0.0588391609326	0.00918878246943	0.043723455668	-0.00477370605998	0.00359169699823	0.0438732402307	0.0207104358	0.0293702485695	3.88046061861e-05	0.00112477593373	-0.00153518882421	0.0192236338676	-0.058529672299	0.00445636192551	-0.00599142904735	-0.071324002542	-0.00742213344445	-0.0136609862953	0.0111582304611	-0.1081009637	-0.000225598931996	-0.00205199922428	-0.0146041464622
k__Bacteria;p__Bacteroidetes;c__Bacteroidia;o__Bacteroidales;f__Bacteroidaceae;g__Bacteroides;s__Bacteroides_stercoris	-0.0331675265762	0.0348084285651	0.00112828740786	-0.00509436068633	1.0	-0.00351195398757	-0.00531763526587	-0.0281260716423	-0.0826533863059	0.0194361934109	-0.0465281408471	0.00696429587928	0.0684393710409	-0.0336402401542	0.00887628526971	-0.010178456461	-0.0221441679757	-0.00987832809127	-0.0467568720058	0.0154399995685	-0.0189256964602	-0.041675568143	-0.0273990564295	0.0228196450451	-0.0125172932095	-0.0684448830284	0.027385410289	0.0187215261191	0.0121429653912	-0.000292636997081	-0.0377158860083	0.0120875189016	-0.0213368109303	0.0198826962052	-0.0055020338413	-0.0331775445757	-0.0247730344572	-0.047419513539	-0.033660037211	-0.0180026439146	0.0705382798399	-0.0294521532191	0.0411263289815	-0.016387547035	0.00746069869017	0.00246732787654	-0.0101584486827	-0.0239749049139	0.0649335740567	0.0200105661088	0.0123752388666	-0.0508042809269	-0.024271006116	0.033114137046	0.00711959079043	0.0298796457095	-0.038668181479	-0.0662733979524	0.0202820644882
k__Bacteria;p__Bacteroidetes;c__Bacteroidia;o__Bacteroidales;f__Bacteroidaceae;g__Bacteroides;s__Bacteroides_ovatus	0.035012436022	-0.0508579407574	-0.00367332671977	-0.00533211782793	-0.00351195398757	1.0	-0.0157005371792	-0.0234481664109	-0.00768037989929	-0.030648120573	-0.0322393696405	-0.06498333069	-0.017263189765	-0.0172594830571	-0.0279548917045	-0.00463960079969	-0.0448302890011	-0.00762044051282	0.0636654541881	0.0060667944584	0.0405185464735	0.00320458890154	-0.0493356012822	0.00313678916429	0.0375196251933	0.077450880864	-0.00522002746404	0.04318122706	-0.00243566843827	-0.00417958349808	-0.0223475725861	-0.0662185047812	-0.0187303506932	-0.0120387701035	-0.0668956656161	0.0201691943873	-0.00263559421116	0.000802776013767	0.00192803174365	-0.0303789256223	0.075224911053	0.0118604097359	0.00141212205384	0.0694995879001	-0.0291799548482	-0.0292241390587	0.035467738909	-0.0460915689183	0.0230436850892	-0.0285336308103	-0.00724425451685	-0.0313646306003	-0.0503279091691	0.0566540859874	-0.0418698402901	-0.00232523094992	0.00316258028874	-0.0425251444689	-0.0165967835321
k__Bacteria;p__Bacteroidetes;c__Bacteroidia;o__Bacteroidales;f__Rikenellaceae;g__Alistipes;s__Alistipes_shahii	0.00794103501809	-0.0149559191982	0.0331448009834	-0.00791720197642	-0.00531763526587	-0.0157005371792	1.0	0.00339771538439	0.00506359268291	0.00396074291215	0.0283328232817	0.0307466865454	0.00192757988338	0.0440252323573	-0.038656012343	0.00479244344894	-0.0494727893015	0.0150106895033	-0.029814171933	-0.0171610983305	-0.086710729864	-0.0396846553543	-0.0522817460536	0.00762762940258	-0.045583848497	-0.0722290913406	-0.00348796064251	-0.0468133969276	-0.0298415420932	-0.000657712949265	-0.0403736648454	-0.00729437209911	0.0411945343126	0.0385395461765	0.00800169329929	0.0310635217313	0.0486500042413	-0.0136523215703	0.0487852629213	-0.0828132559274	-0.0454646117962	-0.00751076424175	0.027488728686	0.00854336325194	-0.00666588972147	-0.00215311239094	-0.0339113382356	0.0321719337369	-0.00509507401771	-0.0230554015746	0.0214198810304	-0.00779322495041	-0.0389178917249	-0.0105022198336	-0.0354313342484	-0.00262972774041	0.0370412440175	0.0578752923696	0.0274346743762
k__Bacteria;p__Firmicutes;c__Clostridia;o__Clostridiales;f__Ruminococcaceae;g__Faecalibacterium;s__Faecalibacterium_prausnitzii	-0.0410269876396	-0.000769084351981	0.0533976949536	-0.00834322736426	-0.0281260716423	-0.0234481664109	0.00339771538439	1.0	0.00971354813386	-0.0201049957298	-0.081053978905	0.0247596696428	-0.00739385819299	-0.0362780310291	-0.0132461516831	-0.0223617525613	0.0160549179631	-0.00615788846851	-0.0595306694455	-0.00139354731412	0.0533825107253	0.0133312059828	-0.0188372053831	0.0134936896151	-0.043010136868	0.0167732992482	0.0108716478954	-0.0211100468609	-0.0735308019788	-0.0405872737223	-0.0143739201237	0.0229606280333	-0.00199440581237	0.0172591029066	0.00376660958137	-0.025360611764	0.0514469648957	-0.0226869274181	-0.0974415381353	0.0339626306934	-0.000806829220099	-0.00698342638738	0.0398418866875	-0.0581710560507	-0.048799202986	-0.043204529366	0.022348096952	0.00078443087665	-0.0684020275838	-0.00161248944929	-0.093764104891	0.0738794521668	-0.0200873634233	0.0032155484591	-0.0386423152182	-0.0215494607627	-0.0228792741893	0.0296449903977	-0.0510244846069
k__Bacteria;p__Bacteroidetes;c__Bacteroidia;o__Bacteroidales;f__Rikenellaceae;g__Alistipes;s__Alistipes_finegoldii	0.0557393369839	-0.0183659211775	0.00308610665534	0.00632381379693	-0.0826533863059	-0.00768037989929	0.00506359268291	0.00971354813386	1.0	0.00427757073826	-0.0927454890858	-0.0357753373238	-0.000571490589718	0.0615737014132	-0.039865869346	0.0205469906791	0.0107632744558	-0.00806879116368	0.0069528267762	-0.0293386987202	9.23947540018e-05	0.0191933163406	-0.0400588483602	-0.0270795998778	-0.0432146541264	-0.00243683859771	-0.0102214871597	0.0946121024794	-0.0289249680905	-0.0300541866873	-0.0286760680168	-0.0131920405148	-0.0201943339849	-0.0113299248068	-0.0145643255632	0.115358251506	-0.030660520708	0.0103995598389	-0.0386645082171	0.0201675900649	0.0178290849162	-0.0668991884893	-0.00779856697854	-0.0419842363462	-0.0307922242469	0.0143941503505	-0.0110199055969	0.0174422510004	-0.074669355807	-0.0207564207909	0.00352891195119	0.0255097022674	0.0344467197136	-0.0101274839777	0.00820143841186	0.00387326973929	-0.0210805416994	0.0105573230175	-0.0181666528436
k__Bacteria;p__Bacteroidetes;c__Bacteroidia;o__Bacteroidales;f__Porphyromonadaceae;g__Parabacteroides;s__Parabacteroides_distasonis	0.00431871567729	-0.0166074604577	-0.012866944845	-0.0104691490688	0.0194361934109	-0.030648120573	0.00396074291215	-0.0201049957298	0.00427757073826	1.0	-0.0123915042089	-0.0227822201731	-0.00465357069721	0.0682740731113	0.0559173631391	0.0154302760073	0.00227516062106	-0.0471716673114	0.0292172486398	0.0373125257507	0.00864934413295	-0.0578874056951	-0.000685217368519	0.0267873337591	0.0669464653096	0.00875094296167	-0.0382764297738	0.0389037370671	-0.0269629868304	0.00220400411373	-0.0660365757685	0.00357451292914	-0.0191026557022	-0.0016566527548	0.0116455072813	-0.00419918940964	-0.0576430878603	-0.0490488587732	-0.0118012932887	0.0280736998201	-0.0166698274909	-0.0478717267043	-0.0270891045314	0.00865556433215	-0.0309918732718	-0.00439909612501	-0.0303035200869	-0.0191244327439	0.0439826479204	0.00732271281573	0.0620812837044	-0.0152015838099	-0.0175791954149	0.0276780632027	0.0124720478757	-0.0629564183019	0.00823794565535	0.00353720731826	0.026192065884
k__Bacteria;p__Bacteroidetes;c__Bacteroidia;o__Bacteroidales;f__Bacteroidaceae;g__Bacteroides;s__Bacteroides_thetaiotaomicron	-0.0367962862837	0.00124355396355	0.0133809142817	0.00645930271846	-0.0465281408471	-0.0322393696405	0.0283328232817	-0.081053978905	-0.0927454890858	-0.0123915042089	1.0	-0.0110153040055	-0.0872344247665	-0.00276473775504	-0.00953236590017	-0.0149852046406	0.0218731554981	0.00264675251116	-0.0125340980499	0.00897182619614	0.0132961033592	-0.029863940984	0.0540861917135	0.0200980258268	0.0208945034279	-3.10815073355e-05	-0.0745902636725	-0.0145692607254	-0.0307958783683	0.00463218913285	-0.0327674707721	-0.0560186456999	0.0046821799428	0.0165088863926	0.0092853365826	-0.0222973038915	-0.000743604049413	-0.0215233277455	0.0356973946509	0.0554486661621	-0.0501812811364	-0.00342220259329	0.0188295045509	0.0291551489232	-0.0154496851883	0.0194189303039	0.0468024067001	0.0290267465415	0.0093770977082	-0.0633077166451	-0.0255131613083	-0.0214962219658	-0.0519839070495	-0.054670047573	0.00626187343439	-0.0313836287643	0.00390858332477	-0.0248509303639	0.0272998416414
k__Bacteria;p__Bacteroidetes;c__Bacteroidia;o__Bacteroidales;f__Bacteroidaceae;g__Bacteroides;s__Bacteroides_coprocola	-0.0464233319794	-0.0083923691638	-0.0273410459149	0.0189190166059	0.00696429587928	-0.06498333069	0.0307466865454	0.0247596696428	-0.0357753373238	-0.0227822201731	-0.0110153040055	1.0	0.000455275531796	0.0198237811384	-0.0412840194363	-0.00253102197816	-0.00896850333401	-0.00535032174618	-0.0799532562251	0.00786925700773	-0.0644790466612	0.0110245552052	-9.07455210444e-05	0.0148051224598	-0.0374461815015	-0.0233735076739	0.0098540164094	-0.0508743539675	-0.0320740430517	-0.014874947209	-0.0708320250235	0.000624203051362	0.0101922096243	-0.0149045875193	-0.0035164385536	-0.0131645650984	0.0480281071724	-0.0135193932295	0.0143501311615	0.0807821063634	0.00922532770968	0.0402385853428	0.041624442914	-0.0767968012003	0.0139298862692	0.0132516060412	-0.00166473016012	-0.000860534454086	-0.00732749856049	-0.00729952649059	0.00689258602401	0.0218861151986	0.0425159100451	-0.0116409426495	-0.031375829607	0.0224211811699	0.0120885893781	-0.0501847377837	0.0168310110853
k__Bacteria;p__Bacteroidetes;c__Bacteroidia;o__Bacteroidales;f__Bacteroidaceae;g__Bacteroides;s__Bacteroides_cellulosilyticus	-0.0196856962215	0.00468855293964	0.00711715185883	0.0445691410929	0.0684393710409	-0.017263189765	0.00192757988338	-0.00739385819299	-0.000571490589718	-0.00465357069721	-0.0872344247665	0.000455275531796	1.0	0.0111780158186	-0.0363570190478	-0.0183619934411	-0.0249881004391	-0.0616855339051	-0.0126645663415	-0.00960110897826	-0.0598246889013	0.0080959253345	-0.0526430897546	0.0289603429055	-0.0023949760689	0.00876022321835	-0.0298761509078	-0.0284417114226	0.0347368986639	-0.0443607413463	-0.0170853400705	0.038159914618	-0.000226923639491	0.0259092707402	0.023779600523	-0.0368291727347	-0.0619588513668	0.0214801308399	-0.007460627495	-0.0382656259844	0.00825070348291	0.00899820222834	-0.0463353787438	-0.00392590718743	-0.0380866654983	-0.0601357621775	0.0212205387191	-0.0274338429958	-0.0305018486918	0.0195738138637	-0.0194040601394	-0.0380791376685	0.0380172123398	-0.0380898017718	-0.0409084558967	-0.0333004455186	0.00423228872366	-0.019756345806	-0.039969141457
k__Bacteria;p__Bacteroidetes;c__Bacteroidia;o__Bacteroidales;f__Rikenellaceae;g__Alistipes;s__Alistipes_obesi	-0.0132229624679	0.0294563978952	-0.0262255867092	0.0102250273183	-0.0336402401542	-0.0172594830571	0.0440252323573	-0.0362780310291	0.0615737014132	0.0682740731113	-0.00276473775504	0.0198237811384	0.0111780158186	1.0	0.0135789120592	0.0151528727746	0.0146756303374	-0.0170228525655	0.00396800524279	0.0397035876014	-0.0240251338567	-0.00789169925816	0.0562340552814	-0.0448484989578	-0.0570412464498	-0.0413549843583	0.0385853013046	-0.00463427549548	0.0328768843449	0.0327682164955	-0.0148056138695	0.0250126163999	-0.0205443381839	0.0335613483963	-0.0266306319528	0.0441733694552	-0.0248614934848	0.0144554927045	0.0010550095235	-0.0220468303232	-0.0521503928317	-0.00725214057269	-0.0230148538163	-0.00519942069379	-0.0182295299135	0.00307875436365	-0.0348355109219	-0.0264397133115	-0.0274704237009	-0.0561740422265	0.0218606112467	-0.000811224619321	-0.0712461862026	-0.0565099629059	0.0283669002182	-0.0091792707664	0.000244326611082	0.0164298963358	-0.0340759438839
k__Bacteria;p__Firmicutes;c__Clostridia;o__Clostridiales;f__Lachnospiraceae;g__;s__[Eubacterium]_rectale	-0.0395563767274	0.002105584166	-0.011222234048	-0.0139580027003	0.00887628526971	-0.0279548917045	-0.038656012343	-0.0132461516831	-0.039865869346	0.0559173631391	-0.00953236590017	-0.0412840194363	-0.0363570190478	0.0135789120592	1.0	0.0236591543696	0.017232604459	-0.054918225912	0.0244434825964	-0.055467983878	0.061663787542	-0.0153221915555	-0.0151076804996	-0.0266762181309	-0.0258751051867	-0.0224483776985	-0.00046782069058	-0.0559089817604	-0.00433348000973	-0.055375619158	-0.0315346449838	-0.0201356632294	-0.126295985939	-0.00588456501352	0.0291377280506	0.000732827380366	-0.0130071426556	-0.0428175803152	-0.0469686115998	-0.0424776994188	0.0172299351416	0.0290306327958	-0.00530007936727	-0.032122019593	0.00925639581042	0.0052461582498	0.0380827780246	0.0112743602938	0.0507041404457	-0.0435085624598	-0.0242181340796	0.0691943148165	0.00562165949354	0.0363657251974	-0.0117830558878	0.000407002428094	-0.0204885593853	0.0595333807117	-0.0266436152627
k__Bacteria;p__Bacteroidetes;c__Bacteroidia;o__Bacteroidales;f__Bacteroidaceae;g__Bacteroides;s__Bacteroides_plebeius	-0.0361215315849	-0.0166480636306	0.0273016966924	-0.010710244298	-0.010178456461	-0.00463960079969	0.00479244344894	-0.0223617525613	0.0205469906791	0.0154302760073	-0.0149852046406	-0.00253102197816	-0.0183619934411	0.0151528727746	0.0236591543696	1.0	-0.06955344826	0.044207677419	0.0560777018278	0.0107341484083	-0.00984239824576	0.00460803869638	0.035373121305	-0.00927608303401	0.0135060766628	-0.00508955532997	0.00481738048596	-0.0306060389388	0.0276910089673	-0.0288533184001	-0.0264967906958	0.0327213399215	0.0247905476905	-0.0295321513342	-0.0334068196617	-0.0270979768565	-0.0575639597147	-0.0464779398734	-0.0380404208374	-0.000762629562204	-0.0189674337651	-0.0130364578539	-0.0317569028929	-0.0318706492201	-0.0244002519458	-0.0753849286451	-0.0202810900676	-0.00700288857042	0.00131409441162	-0.0264923776745	0.0879755737666	-0.00719706271772	-0.0134123172157	-0.0247000904561	-0.0240410049217	-0.0661301325377	-0.00621224880863	-0.00812857627191	-0.003032329937
k__Bacteria;p__Bacteroidetes;c__Bacteroidia;o__Bacteroidales;f__Bacteroidaceae;g__Bacteroides;s__Bacteroides_fragilis	0.0399787593674	-0.0615616185455	-0.00476826674216	-0.0316570502567	-0.0221441679757	-0.0448302890011	-0.0494727893015	0.0160549179631	0.0107632744558	0.00227516062106	0.0218731554981	-0.00896850333401	-0.0249881004391	0.0146756303374	0.017232604459	-0.06955344826	1.0	-0.0229802604252	-0.021672722332	-0.00242190981376	-0.0164865603329	-0.0280323858056	0.0033505351003	-0.0514301145858	0.0220713494398	0.0671863501602	-0.0266177219965	0.0389844760003	0.0543307223621	-0.0238377758294	0.0703736131896	-0.0185031738164	-0.00208074717071	0.0118229375968	0.0119872374365	-0.029919240648	0.0390870019449	-0.0332607805972	0.0164192148088	-0.0101984894823	-0.0347244169346	-0.0506127344711	-0.0203277468513	-0.00274857437629	-0.0131447831289	-0.0265609847425	0.0381937150658	0.0104479838008	-0.0124878074702	0.0160605336995	-0.0182293543859	0.0059832352811	-0.0561876069018	-0.0379276543206	0.0031439245991	-0.00429545897278	-0.025116241759	-0.0147608753643	-0.0102852348577
k__Bacteria;p__Proteobacteria;c__Betaproteobacteria;o__Burkholderiales;f__Sutterellaceae;g__Sutterella;s__Sutterella_wadsworthensis	-0.000110918314984	0.00488019752971	-0.0453982875763	-0.00123455786036	-0.00987832809127	-0.00762044051282	0.0150106895033	-0.00615788846851	-0.00806879116368	-0.0471716673114	0.00264675251116	-0.00535032174618	-0.0616855339051	-0.0170228525655	-0.054918225912	0.044207677419	-0.0229802604252	1.0	0.0486089254927	-0.0156698508839	0.00387145190086	-0.0117146629993	-0.0596602604128	0.0129847061238	-0.0330122330355	-0.0128175750482	0.00288254556375	-0.0362956468134	-0.0227392042562	0.0066635002233	-0.0218370411939	-0.0415885489951	0.00963016514444	-0.0430167036475	-0.0011267920146	-0.0125939023481	-0.0170199456863	-0.00393937222945	-0.00166851102787	0.0470341764807	-0.0267719061382	-0.0400437172804	-0.0383116732867	-0.0153270659992	-0.0225118591213	0.0113814875689	0.0148447672924	0.0479450640594	-0.0166061254062	0.003787747131	0.00697389556826	-0.0333056279462	-0.048246577921	-0.067485685234	0.0353435151562	-0.0125020662091	-0.0226289813757	-0.0528642284222	-0.00643026780178
k__Bacteria;p__Bacteroidetes;c__Bacteroidia;o__Bacteroidales;f__Porphyromonadaceae;g__Barnesiella;s__Barnesiella_intestinihominis	-0.0336858798883	0.0336197909878	-0.00227027005383	0.0567187606473	-0.0467568720058	0.0636654541881	-0.029814171933	-0.0595306694455	0.0069528267762	0.0292172486398	-0.0125340980499	-0.0799532562251	-0.0126645663415	0.00396800524279	0.0244434825964	0.0560777018278	-0.021672722332	0.0486089254927	1.0	0.0353250348398	-0.0360503328242	0.012059882946	-0.00573951781232	-0.00623459178754	-0.0325885877007	0.00366891248398	0.0309543750729	-0.0393079582964	-0.0832228952106	0.00640489733534	0.00317431503897	-0.0309492910723	0.00229795224761	-0.0317822047078	-0.0728706498912	-0.0324618356685	-0.0227618029396	0.0267142438858	0.0392760223028	-0.0313190565368	0.0675675749843	-0.00869570749957	-0.0555102351874	0.0620768549762	0.0501825566287	0.0469956295065	0.0279969560337	-0.0271315458144	-0.0561078872932	-0.069289006441	-0.0148378876653	-0.0158213146239	0.0290774390751	0.0228934487319	-0.028858543644	-0.0616154304103	-0.048253644943	0.0101198451382	-0.0143512079475
k__Bacteria;p__Bacteroidetes;c__Bacteroidia;o__Bacteroidales;f__Odoribacteraceae;g__Odoribacter;s__Odoribacter_splanchnicus	0.011541582524	-0.0168347599652	-0.0167610457231	-0.0908303669613	0.0154399995685	0.0060667944584	-0.0171610983305	-0.00139354731412	-0.0293386987202	0.0373125257507	0.00897182619614	0.00786925700773	-0.00960110897826	0.0397035876014	-0.055467983878	0.0107341484083	-0.00242190981376	-0.0156698508839	0.0353250348398	1.0	0.0374990626159	-0.0303884147838	0.0397147050837	0.0386440271235	-0.0282426296975	-0.0024623772024	0.0389526777557	-0.029421612843	0.0321209626506	-0.0547505621448	-0.0210543374733	-0.0363458239307	0.036190145698	-0.045348643581	0.0470993908431	-0.000134890959854	-0.0398674264214	0.0266993402595	-0.0251845196119	-0.018910416006	0.00616736367243	-0.00165427594896	-0.00781384812743	0.00998265506895	0.0119339340548	-0.00464160010541	-0.0111291267936	-0.0975546447536	-0.042617285436	-0.0416121378727	-0.0116998518972	0.0239240654861	-0.0171474937902	0.00343477172389	0.0353498021798	-0.00971104019873	0.0180364335548	-0.00901955586978	0.0392250807063
k__Bacteria;p__Bacteroidetes;c__Bacteroidia;o__Bacteroidales;f__Bacteroidaceae;g__Bacteroides;s__Bacteroides_salyersiae	-0.0397392725557	-0.0244423663719	0.00780736577209	0.0412215796012	-0.0189256964602	0.0405185464735	-0.086710729864	0.0533825107253	9.23947540017e-05	0.00864934413295	0.0132961033592	-0.0644790466612	-0.0598246889013	-0.0240251338567	0.061663787542	-0.00984239824576	-0.0164865603329	0.00387145190086	-0.0360503328242	0.0374990626159	1.0	-0.0315771881709	-0.00505277201783	-0.0260954054989	0.0184628182143	-0.0468924681863	0.0128710409685	-0.00463387078752	0.00157368756704	-0.0401346253599	0.0231906254697	-0.0646852711365	-0.024425492724	-0.0478479984878	0.0142775119499	0.0822035385048	0.00814729279239	-0.0287352238295	-0.0364111642726	-0.0396320089997	0.0182340164926	0.0697904403057	-0.0038792094479	-0.0630477677153	-0.0487466740911	0.0362506564225	-0.000511667013313	0.00760363333457	0.0378641077073	0.00968417889123	-0.0279304847137	-0.0595346936631	-0.0247343649815	-0.00393459460172	-0.00950574772498	-0.0642795490928	-0.0428185994572	0.0362435574329	-0.0042941906015
k__Bacteria;p__Firmicutes;c__Clostridia;o__Clostridiales;f__Ruminococcaceae;g__Ruminiclostridium;s__[Eubacterium]_siraeum	-0.0460939686154	0.0387573646293	0.0636963469137	-0.0451863067473	-0.041675568143	0.00320458890154	-0.0396846553543	0.0133312059828	0.0191933163406	-0.0578874056951	-0.029863940984	0.0110245552052	0.0080959253345	-0.00789169925816	-0.0153221915555	0.00460803869638	-0.0280323858056	-0.0117146629993	0.012059882946	-0.0303884147838	-0.0315771881709	1.0	0.0310560953633	0.000587139429813	-0.0606379526506	-0.077476938586	0.0199828104992	0.0152260605337	0.0460946559132	-0.0363695290182	0.0169429801784	0.00412458235614	0.00934352897575	-0.0111390124142	-0.00510622477394	0.0251885861306	0.0778378070319	0.0628044200882	-0.0322099125387	-0.0512196081375	0.012451625848	-0.00401711895777	-0.0201730231989	0.0128600273968	-0.0528189495739	-0.0566591307126	-0.0564029842496	0.00886111006039	-0.0272835735527	0.049215479732	0.00600321275114	0.0965170398151	0.0135666677709	-0.0499013588751	0.0213197326658	-0.0349511253412	-0.014421261459	-0.050829109736	0.00437361058272
k__Bacteria;p__Proteobacteria;c__Betaproteobacteria;o__Burkholderiales;f__Sutterellaceae;g__Parasutterella;s__Parasutterella_excrementihominis	-0.0796846158596	0.00982534432926	-0.0255011565431	-0.0648080932748	-0.0273990564295	-0.0493356012822	-0.0522817460536	-0.0188372053831	-0.0400588483602	-0.000685217368519	0.0540861917135	-9.07455210444e-05	-0.0526430897546	0.0562340552814	-0.0151076804996	0.035373121305	0.0033505351003	-0.0596602604128	-0.00573951781232	0.0397147050837	-0.00505277201783	0.0310560953633	1.0	0.0290809217158	-0.00304463513283	-0.0216234971832	-0.079371831083	-0.0726503223463	0.0698539521504	-0.0155085650763	0.027882129361	-0.0539678988169	0.00785251200834	0.0198420595154	0.0203325812933	-0.0833166624089	-0.0393137310214	0.0189689043338	-0.0403827053241	0.00212564535551	-0.0594726710221	-0.0301595696992	-0.0293826941509	-0.0308552625656	0.00535894663271	-0.0415508705028	-0.0328963703685	-0.0100783253139	0.0391176003155	-0.0115051484064	0.0951357373958	0.023628859219	0.0276579355523	0.00867290078005	0.0140619225463	0.0367004039033	-0.0148680283596	0.00183322333366	-0.00694826646537
k__Bacteria;p__Actinobacteria;c__Actinobacteria;o__Bifidobacteriales;f__Bifidobacteriaceae;g__Bifidobacterium;s__Bifidobacterium_adolescentis	-0.0668327247697	0.0462659285887	-0.0315819469476	-0.0595002326962	0.0228196450451	0.00313678916429	0.00762762940258	0.0134936896151	-0.0270795998778	0.0267873337591	0.0200980258268	0.0148051224598	0.0289603429055	-0.0448484989578	-0.0266762181309	-0.00927608303401	-0.0514301145858	0.0129847061238	-0.00623459178754	0.0386440271235	-0.0260954054989	0.000587139429813	0.0290809217158	1.0	-0.0354514391689	-0.00348686836477	-0.0592521826343	0.0256292732984	0.0225740837189	0.0676161323326	-0.0413760184737	-0.0308745154631	-0.0183742800826	-0.0198302042385	0.0738540544521	-0.000902811949311	0.0213267501858	-0.0773296322301	-0.0118339560082	0.0253448409329	-0.024360071478	-0.0481538419547	-0.0521834187966	-0.0381906957017	0.048846795042	0.0420348446177	0.027174177487	-0.04001580716	-0.017111811779	-0.0194110729016	-0.0196860424894	-0.0152609363096	0.00131546859863	-0.0138557666447	-0.0689837885174	-0.0561683884507	0.00398101524952	0.00972037756123	0.0701521897161
k__Bacteria;p__Firmicutes;c__Clostridia;o__Clostridiales;f__Oscillospiraceae;g__Oscillibacter;s__Oscillibacter_sp._KLE_1745	-0.00618888175649	0.0407080537926	0.0234667038848	-0.00789100738338	-0.0125172932095	0.0375196251933	-0.045583848497	-0.043010136868	-0.0432146541264	0.0669464653096	0.0208945034279	-0.0374461815015	-0.0023949760689	-0.0570412464498	-0.0258751051867	0.0135060766628	0.0220713494398	-0.0330122330355	-0.0325885877007	-0.0282426296975	0.0184628182143	-0.0606379526506	-0.00304463513283	-0.0354514391689	1.0	0.0101397097008	-0.0387510898399	0.0882407562401	0.000728548780739	0.00457635133325	-0.0711257666892	-0.0132761134163	-0.0580194642355	-0.0441369625865	-0.0238365652054	0.0645233219296	0.0189090140881	-0.00140625477456	-0.0480747011236	-0.0647888633211	0.0562034692326	-0.0195271569289	-0.0109902121789	-0.0249495488024	-0.00605232067583	-0.00801247623735	0.00547558167306	-0.0802422662524	-0.0181826851083	0.00504811696934	-0.0123492567423	-0.0340763624389	-0.0227620642998	-0.030459982997	0.00558876845607	0.0286707173101	-0.0152205778267	-0.0207453032644	-0.0744454414493
k__Bacteria;p__Bacteroidetes;c__Bacteroidia;o__Bacteroidales;f__Bacteroidaceae;g__Bacteroides;s__Bacteroides_coprophilus	0.00616196470914	-0.0345783099138	0.0120006849964	0.00102880289477	-0.0684448830284	0.077450880864	-0.0722290913406	0.0167732992482	-0.00243683859771	0.00875094296167	-3.10815073355e-05	-0.0233735076739	0.00876022321835	-0.0413549843583	-0.0224483776985	-0.00508955532997	0.0671863501602	-0.0128175750482	0.00366891248398	-0.0024623772024	-0.0468924681863	-0.077476938586	-0.0216234971832	-0.00348686836477	0.0101397097008	1.0	-0.053355453738	-0.0318975580643	-0.00474695057973	0.00410840490525	-0.0225337535213	-0.00446655855991	0.0305549981451	0.0115962259509	0.0455466779212	-0.0275869359731	-0.0670733464501	-0.0143239772456	-0.0554353032719	-0.014765201346	-0.0246059660417	0.0529180556457	-0.0348163704402	-0.000304353442852	-0.00282577405434	0.0157073182982	-0.0210038860462	-0.0232074362682	-0.0159602032759	0.0166272620915	0.0453023311258	0.0321475447722	-0.00994953011905	-0.0567903310215	-0.0219520025048	-0.00411411929686	0.0344610837561	0.00764801574134	0.0198006495155
k__Bacteria;p__Firmicutes;c__Clostridia;o__Clostridiales;f__Lachnospiraceae;g__Roseburia;s__Roseburia_intestinalis	-0.0160973330435	0.0213891323237	-0.0188321414204	-0.0278194823897	0.027385410289	-0.00522002746404	-0.00348796064251	0.0108716478954	-0.0102214871597	-0.0382764297738	-0.0745902636725	0.0098540164094	-0.0298761509078	0.0385853013046	-0.00046782069058	0.00481738048596	-0.0266177219965	0.00288254556375	0.0309543750729	0.0389526777557	0.0128710409685	0.0199828104992	-0.079371831083	-0.0592521826343	-0.0387510898399	-0.053355453738	1.0	-0.0312735863481	0.0346505667807	0.0373148744951	-0.0243456115775	0.0143812366772	-0.0149595503755	-0.0702841976971	-0.017565530877	0.0349950961962	0.0672839840268	0.0133155067513	-0.0781637921898	0.0200892273888	0.0800921643828	0.0209016430135	0.0277051605382	0.0236899590949	-0.0347484895532	-0.0269932032094	-0.0309107215501	-0.029103064194	-0.0417066066569	-0.0258419033514	0.00808954167934	0.00197194917618	-0.0116906851879	0.0245977016658	0.00958493707351	-0.027513850098	0.0135164927124	0.00694155286624	-0.0637416518005
k__Bacteria;p__Firmicutes;c__Clostridia;o__Clostridiales;f__Lachnospiraceae;g__Roseburia;s__Roseburia_hominis	-0.0522768998588	-0.031802415716	0.0847981407836	-0.0440924502475	0.0187215261191	0.04318122706	-0.0468133969276	-0.0211100468609	0.0946121024794	0.0389037370671	-0.0145692607254	-0.0508743539675	-0.0284417114226	-0.00463427549548	-0.0559089817604	-0.0306060389388	0.0389844760003	-0.0362956468134	-0.0393079582964	-0.029421612843	-0.00463387078752	0.0152260605337	-0.0726503223463	0.0256292732984	0.0882407562401	-0.0318975580643	-0.0312735863481	1.0	-0.00425174819965	0.00821662169102	0.0168853957525	0.0107663002619	-0.0259106554252	0.0260425670625	0.00613606774329	0.0283795612616	-0.0284731475705	-0.0367119330877	0.027720540642	-0.0449926679779	-0.0114941784194	-0.0199505726154	0.0303738094884	-0.0268258576203	-0.0222441365773	-0.0280599461165	-0.0184463708937	-0.0143988210403	-0.0271050778896	0.0694426776439	-0.0398137174972	-0.0483771413932	-0.0495174349223	-0.0346170702308	0.0122241141205	0.0151664509151	0.0199317471634	-0.0099813970115	0.00220755589255
k__Bacteria;p__Bacteroidetes;c__Bacteroidia;o__Bacteroidales;f__Porphyromonadaceae;g__Parabacteroides;s__Parabacteroides_johnsonii	0.0278795115663	0.00445610925335	-0.0215552221883	0.0406559546095	0.0121429653912	-0.00243566843827	-0.0298415420932	-0.0735308019788	-0.0289249680905	-0.0269629868304	-0.0307958783683	-0.0320740430517	0.0347368986639	0.0328768843449	-0.00433348000973	0.0276910089673	0.0543307223621	-0.0227392042562	-0.0832228952106	0.0321209626506	0.00157368756704	0.0460946559132	0.0698539521504	0.0225740837189	0.000728548780739	-0.00474695057973	0.0346505667807	-0.00425174819965	1.0	-0.0184865984229	0.0820213009019	-0.020905532179	-0.0231561622845	-0.0045466260921	-0.0449090445294	-0.0283538424272	-0.00300040247709	-0.0199008590397	-0.0279613854819	0.0114738039934	-0.0318668265623	-0.0128747103313	-0.0604406541006	0.0128847189127	0.0414233406271	-0.0648178035951	-0.0680899123369	-0.00866228992181	-0.0316629760773	-0.0287542443225	0.0063571312347	-0.0387270381341	-0.0289031330311	-0.0365536550505	-0.0257113627983	0.0465728476243	0.00656067527984	0.0175992917403	-0.0276993121767
