#taxonomy	k__Bacteria;p__Bacteroidetes;c__Bacteroidia;o__Bacteroidales;f__Bacteroidaceae;g__Bacteroides;s__Bacteroides_vulgatus	k__Bacteria;p__Bacteroidetes;c__Bacteroidia;o__Bacteroidales;f__Bacteroidaceae;g__Bacteroides;s__Bacteroides_uniformis	k__Bacteria;p__Bacteroidetes;c__Bacteroidia;o__Bacteroidales;f__Rikenellaceae;g__Alistipes;s__Alistipes_putredinis	k__Bacteria;p__Bacteroidetes;c__Bacteroidia;o__Bacteroidales;f__Prevotellaceae;g__Prevotella;s__Prevotella_copri	k__Bacteria;p__Bacteroidetes;c__Bacteroidia;o__Bacteroidales;f__Bacteroidaceae;g__Bacteroides;s__Bacteroides_stercoris	k__Bacteria;p__Bacteroidetes;c__Bacteroidia;o__Bacteroidales;f__Bacteroidaceae;g__Bacteroides;s__Bacteroides_ovatus	k__Bacteria;p__Bacteroidetes;c__Bacteroidia;o__Bacteroidales;f__Rikenellaceae;g__Alistipes;s__Alistipes_shahii	k__Bacteria;p__Firmicutes;c__Clostridia;o__Clostridiales;f__Ruminococcaceae;g__Faecalibacterium;s__Faecalibacterium_prausnitzii	k__Bacteria;p__Bacteroidetes;c__Bacteroidia;o__Bacteroidales;f__Rikenellaceae;g__Alistipes;s__Alistipes_finegoldii	k__Bacteria;p__Bacteroidetes;c__Bacteroidia;o__Bacteroidales;f__Porphyromonadaceae;g__Parabacteroides;s__Parabacteroides_distasonis	k__Bacteria;p__Bacteroidetes;c__Bacteroidia;o__Bacteroidales;f__Bacteroidaceae;g__Bacteroides;s__Bacteroides_thetaiotaomicron	k__Bacteria;p__Bacteroidetes;c__Bacteroidia;o__Bacteroidales;f__Bacteroidaceae;g__Bacteroides;s__Bacteroides_coprocola	k__Bacteria;p__Bacteroidetes;c__Bacteroidia;o__Bacteroidales;f__Bacteroidaceae;g__Bacteroides;s__Bacteroides_cellulosilyticus	k__Bacteria;p__Bacteroidetes;c__Bacteroidia;o__Bacteroidales;f__Rikenellaceae;g__Alistipes;s__Alistipes_obesi	k__Bacteria;p__Firmicutes;c__Clostridia;o__Clostridiales;f__Lachnospiraceae;g__;s__[Eubacterium]_rectale	k__Bacteria;p__Bacteroidetes;c__Bacteroidia;o__Bacteroidales;f__Bacteroidaceae;g__Bacteroides;s__Bacteroides_plebeius	k__Bacteria;p__Bacteroidetes;c__Bacteroidia;o__Bacteroidales;f__Bacteroidaceae;g__Bacteroides;s__Bacteroides_fragilis	k__Bacteria;p__Proteobacteria;c__Betaproteobacteria;o__Burkholderiales;f__Sutterellaceae;g__Sutterella;s__Sutterella_wadsworthensis	k__Bacteria;p__Bacteroidetes;c__Bacteroidia;o__Bacteroidales;f__Porphyromonadaceae;g__Barnesiella;s__Barnesiella_intestinihominis	k__Bacteria;p__Bacteroidetes;c__Bacteroidia;o__Bacteroidales;f__Odoribacteraceae;g__Odoribacter;s__Odoribacter_splanchnicus	k__Bacteria;p__Bacteroidetes;c__Bacteroidia;o__Bacteroidales;f__Bacteroidaceae;g__Bacteroides;s__Bacteroides_salyersiae	k__Bacteria;p__Firmicutes;c__Clostridia;o__Clostridiales;f__Ruminococcaceae;g__Ruminiclostridium;s__[Eubacterium]_siraeum	k__Bacteria;p__Proteobacteria;c__Betaproteobacteria;o__Burkholderiales;f__Sutterellaceae;g__Parasutterella;s__Parasutterella_excrementihominis	k__Bacteria;p__Actinobacteria;c__Actinobacteria;o__Bifidobacteriales;f__Bifidobacteriaceae;g__Bifidobacterium;s__Bifidobacterium_adolescentis	k__Bacteria;p__Firmicutes;c__Clostridia;o__Clostridiales;f__Oscillospiraceae;g__Oscillibacter;s__Oscillibacter_sp._KLE_1745	k__Bacteria;p__Bacteroidetes;c__Bacteroidia;o__Bacteroidales;f__Bacteroidaceae;g__Bacteroides;s__Bacteroides_coprophilus	k__Bacteria;p__Firmicutes;c__Clostridia;o__Clostridiales;f__Lachnospiraceae;g__Roseburia;s__Roseburia_intestinalis	k__Bacteria;p__Firmicutes;c__Clostridia;o__Clostridiales;f__Lachnospiraceae;g__Roseburia;s__Roseburia_hominis	k__Bacteria;p__Bacteroidetes;c__Bacteroidia;o__Bacteroidales;f__Porphyromonadaceae;g__Parabacteroides;s__Parabacteroides_johnsonii	k__Bacteria;p__Actinobacteria;c__Actinobacteria;o__Bifidobacteriales;f__Bifidobacteriaceae;g__Bifidobacterium;s__Bifidobacterium_longum	k__Bacteria;p__Firmicutes;c__Clostridia;o__Clostridiales;f__;g__Flavonifractor;s__Flavonifractor_plautii	k__Bacteria;p__Firmicutes;c__Clostridia;o__Clostridiales;f__Clostridiaceae;g__Clostridium;s__Clostridium_phoceensis	k__Bacteria;p__Verrucomicrobia;c__Verrucomicrobiae;o__Verrucomicrobiales;f__Akkermansiaceae;g__Akkermansia;s__Akkermansia_muciniphila	k__Bacteria;p__Bacteroidetes;c__Bacteroidia;o__Bacteroidales;f__Prevotellaceae;g__Paraprevotella;s__Paraprevotella_xylaniphila	k__Bacteria;p__Firmicutes;c__Clostridia;o__Clostridiales;f__Ruminococcaceae;g__Ruminococcus;s__Ruminococcus_callidus	k__Bacteria;p__Bacteroidetes;c__Bacteroidia;o__Bacteroidales;f__Rikenellaceae;g__Alistipes;s__Alistipes_senegalensis	k__Bacteria;p__Firmicutes;c__Clostridia;o__Clostridiales;f__Lachnospiraceae;g__Blautia;s__Blautia_sp._KLE_1732	k__Bacteria;p__Bacteroidetes;c__Bacteroidia;o__Bacteroidales;f__Bacteroidaceae;g__Bacteroides;s__Bacteroides_oleiciplenus	k__Bacteria;p__Firmicutes;c__Clostridia;o__Clostridiales;f__Ruminococcaceae;g__Ruminococcus;s__Ruminococcus_bicirculans	k__Bacteria;p__Bacteroidetes;c__Bacteroidia;o__Bacteroidales;f__Bacteroidaceae;g__Bacteroides;s__Bacteroides_fluxus	k__Bacteria;p__Bacteroidetes;c__Bacteroidia;o__Bacteroidales;f__Prevotellaceae;g__Prevotella;s__Prevotella_stercorea	k__Bacteria;p__Firmicutes;c__Clostridia;o__Clostridiales;f__Lachnospiraceae;g__Dorea;s__Dorea_longicatena	k__Bacteria;p__Firmicutes;c__Clostridia;o__Clostridiales;f__Eubacteriaceae;g__Eubacterium;s__[Eubacterium]_eligens	k__Bacteria;p__Firmicutes;c__Clostridia;o__Clostridiales;f__Ruminococcaceae;g__;s__Ruminococcaceae_bacterium_D16	k__Bacteria;p__Firmicutes;c__Clostridia;o__Clostridiales;f__Lachnospiraceae;g__Coprococcus;s__Coprococcus_comes	k__Bacteria;p__Proteobacteria;c__Gammaproteobacteria;o__Enterobacterales;f__Enterobacteriaceae;g__Escherichia;s__Escherichia_coli	k__Bacteria;p__Firmicutes;c__Clostridia;o__Clostridiales;f__Ruminococcaceae;g__Anaerotruncus;s__Anaerotruncus_colihominis	k__Bacteria;p__Firmicutes;c__Clostridia;o__Clostridiales;f__Lachnospiraceae;g__Blautia;s__Blautia_obeum	k__Bacteria;p__Bacteroidetes;c__Bacteroidia;o__Bacteroidales;f__Odoribacteraceae;g__Odoribacter;s__Odoribacter_laneus	k__Bacteria;p__Firmicutes;c__Clostridia;o__Clostridiales;f__Ruminococcaceae;g__Ruminiclostridium;s__[Clostridium]_leptum	k__Bacteria;p__Bacteroidetes;c__Bacteroidia;o__Bacteroidales;f__Porphyromonadaceae;g__Parabacteroides;s__Parabacteroides_goldsteinii	k__Bacteria;p__Firmicutes;c__Clostridia;o__Clostridiales;f__Lachnospiraceae;g__Anaerostipes;s__Anaerostipes_hadrus	k__Bacteria;p__Firmicutes;c__Clostridia;o__Clostridiales;f__Ruminococcaceae;g__Ruminococcus;s__Ruminococcus_lactaris	k__Bacteria;p__Firmicutes;c__Clostridia;o__Clostridiales;f__Clostridiaceae;g__Clostridium;s__Clostridium_sp._L2-50	k__Bacteria;p__Firmicutes;c__Clostridia;o__Clostridiales;f__Clostridiaceae;g__Clostridium;s__Clostridium_sp._M62/1	k__Bacteria;p__Firmicutes;c__Clostridia;o__Clostridiales;f__;g__Intestinimonas;s__Intestinimonas_butyriciproducens	k__Bacteria;p__Actinobacteria;c__Actinobacteria;o__Bifidobacteriales;f__Bifidobacteriaceae;g__Bifidobacterium;s__Bifidobacterium_bifidum	k__Bacteria;p__Firmicutes;c__Negativicutes;o__Veillonellales;f__Veillonellaceae;g__Dialister;s__Dialister_invisus	k__Bacteria;p__Bacteroidetes;c__Bacteroidia;o__Bacteroidales;f__Bacteroidaceae;g__Bacteroides;s__Bacteroides_salanitronis
k__Bacteria;p__Bacteroidetes;c__Bacteroidia;o__Bacteroidales;f__Bacteroidaceae;g__Bacteroides;s__Bacteroides_vulgatus	1.0	0.0338704494756	-0.0122142819831	0.0290868651711	-0.00239954909982	-0.042857702954	-0.0338445544785	0.0160143977749	-0.0251037746382	-0.0517990717019	0.0536308513895	0.0417059386653	0.0930374287015	-0.0381393797079	-0.0203129603384	0.0173335863441	-0.0561360241924	0.0375760547295	-0.0397398356532	0.0240088100902	-0.0460628871223	0.0297168087329	-0.0432452595293	-0.0369251245358	0.0268676835411	-0.026094756389	-0.0716692425309	0.0113342714087	0.0417740059792	0.0466141992488	-0.0202955059397	0.0129024472069	0.0382401586433	-0.0644683934445	0.0152314286725	0.0152932436251	-0.00794843172001	-0.00238940956983	-0.0224662728089	-0.00738474201988	0.00493995154469	0.0292740825914	0.00601461215058	0.0426939008012	-0.0114514211594	-0.013901617852	-0.04273839302	-0.0384476257748	-0.0331337186491	0.0176540840508	-0.0161205526922	-0.00462915131807	0.00251694057014	-0.0265000966304	0.00199365597746	-0.0186849797179	-0.0166762132596	-0.0354448504705	-0.00649622649093
k__Bacteria;p__Bacteroidetes;c__Bacteroidia;o__Bacteroidales;f__Bacteroidaceae;g__Bacteroides;s__Bacteroides_uniformis	0.0338704494756	1.0	-0.03080088652	0.00403256769459	-0.0356992370778	-0.0198751088067	0.0353221117452	-0.0494931824327	-0.0387524745814	-0.0441745772176	0.00259685963941	0.0253259368985	-0.00279887779397	0.0160643715215	-0.0110562602041	-0.0726208037981	-0.056845382488	0.00802695810408	-0.0463689675076	-0.0429117415446	0.00070224345821	0.0385907038093	0.0302605288702	-0.00309081120152	-0.013576006723	-0.0167870845914	-0.0425343674296	0.064612988341	0.00183783501351	-0.0773573505947	-0.0140129330633	-0.0625322210236	0.00614956397287	-0.035894158664	0.0276224614355	0.0103576293799	-0.0132179165985	-0.0745022371771	0.00808319255061	-0.0267403534188	-0.054156195595	-0.0150982162796	-0.0628979267403	-0.00458031369193	-0.0027321306232	-0.0473412001233	0.0111661562552	-0.0732471398873	0.029698790946	-0.0288642475561	-0.000602074478395	0.0860408611868	-0.0248717544172	0.0474946769235	-0.0227266768492	0.0791834335881	-0.0177545024126	0.0263832822612	0.0191393638247
k__Bacteria;p__Bacteroidetes;c__Bacteroidia;o__Bacteroidales;f__Rikenellaceae;g__Alistipes;s__Alistipes_putredinis	-0.0122142819831	-0.03080088652	1.0	-0.0353212304322	-0.0483427560081	-0.0309466791293	-0.00912544044487	-0.0388387445113	0.00359113518727	-0.00726766179287	0.0479298180271	0.0031358715674	0.00901471165754	-0.0093667610329	0.011323063052	-0.00298679159074	-0.0217925709605	0.0435567261105	0.0184914121825	-0.0246690150371	0.0200223723126	-0.0164436866103	-0.0476376049303	0.0287831285079	-0.0265253883489	-0.0210061952731	-0.0778010317583	-0.0336620961707	0.0562244822781	-0.00939374580126	0.0377186619425	-0.050236027102	0.0271547430319	0.0120658027114	-0.00375268433778	0.0220455517582	-0.0153235327439	-0.0184300502923	-0.0133839230937	-0.0239742426507	0.000116055554147	-0.0540302759264	-0.0166680548474	-0.0331921490912	-0.0110996118755	0.0211873155867	-0.0289432593779	0.0754276237085	-0.0646376066813	0.0136367078334	-0.0363069326631	-0.0349878059024	0.0442171053173	-0.0867454110502	-0.0308682044947	-0.0212304560346	0.0441360061659	0.0279642828714	0.0265713307694
k__Bacteria;p__Bacteroidetes;c__Bacteroidia;o__Bacteroidales;f__Prevotellaceae;g__Prevotella;s__Prevotella_copri	0.0290868651711	0.00403256769459	-0.0353212304322	1.0	0.0317984873715	-0.0194999184721	-0.0356321591326	-0.00689813395114	-0.00492063175309	-0.0135683883644	-0.0139968459359	0.0239055956242	-0.0819769850679	-0.0312242627539	0.015270072802	-0.0509071489737	-0.0309443731321	-0.0109838426895	-0.0488351830178	0.0615710233203	-0.0643474843622	0.0707510054224	-0.0111737252258	0.0667273506554	0.00148048134457	0.0534605370939	0.0168726370628	0.0192861242254	-0.0206637287731	0.0279234279309	-0.0222876370059	0.0267531961097	-0.0350220420162	-0.0260391764075	-0.0565317802641	-0.0273916057931	0.0507757153431	-0.0132726425663	0.00864123588718	0.021695821974	-0.0277493020159	-0.0373166560945	0.0185672695848	-0.0402345934189	-0.0282026856998	0.026823507743	0.022370908123	0.0214389700758	0.0169731075516	-0.0108330771594	-0.00906580016642	-0.0192899083635	0.0183779437556	-0.00894414847323	0.0221937869156	-0.0355713633039	-0.0141055802669	0.00550950165969	-0.0510103922525
k__Bacteria;p__Bacteroidetes;c__Bacteroidia;o__Bacteroidales;f__Bacteroidaceae;g__Bacteroides;s__Bacteroides_stercoris	-0.00239954909982	-0.0356992370778	-0.0483427560081	0.0317984873715	1.0	0.0165720701853	0.0220672348754	0.0258914906483	0.000292721617328	-0.0274450321866	-0.0163535374147	-0.00794618018693	-0.0375901762701	0.00617388952426	0.00989273031269	-0.0110041778318	-0.0144663909662	0.0203325344916	-0.00172901993386	0.0195617750746	-0.0719015753781	0.0399865665888	0.0262011572585	0.0154954425832	-0.0564311463831	-0.0244100925485	0.000879022541344	-0.00894668219129	0.0746013954909	0.00740050810577	0.0165581178962	-0.0184003686814	-0.0417827934176	-0.0313245929868	-0.00344853103819	-0.0413568878436	0.00128817875195	0.0344538498103	-0.0342816422028	0.0382715408434	-0.0407769924593	-0.0318629142458	-0.0322724411679	-0.00481355776591	-0.0474625845378	-0.037529295028	-0.06179477891	-0.0511040047751	0.0232935059568	0.035920890161	0.0552569056216	-0.0409916469393	-0.0116628086051	-0.0376379792441	-0.0355888367858	-0.00387485844326	-0.040847447356	-0.0151431690693	-0.0683731449252
k__Bacteria;p__Bacteroidetes;c__Bacteroidia;o__Bacteroidales;f__Bacteroidaceae;g__Bacteroides;s__Bacteroides_ovatus	-0.042857702954	-0.0198751088067	-0.0309466791293	-0.0194999184721	0.0165720701853	1.0	0.0474616452977	0.000209072637323	0.027355996784	-0.0177983952301	-0.0227172640671	0.0311801510686	-0.00574570484803	-0.0207987180518	-0.030946589229	-0.0177191999921	0.00577497916727	0.0291105241521	0.0110904555501	-0.032657368449	-0.0164001699481	0.0229117197623	-0.0268801290711	-0.060606730542	-0.0280933860914	0.0094538414803	-0.00409564566186	0.00592675335482	0.0401008186454	0.021583323174	0.00384961331065	0.0117128348479	0.0140957855694	0.00826018134005	-0.039398898709	0.00157452355065	0.0260634647513	0.015524918128	-0.0269636604858	0.0198499165584	-0.0336871333254	-0.0435576903158	0.0518854773745	0.0131910631053	0.0258922861378	-0.0209191441325	0.0272451549029	-0.0287386961011	0.0347826255048	-0.0153006761576	0.005551850234	0.0335602163678	0.0324717479199	-0.0877149299664	-0.00786541366734	-0.019911585827	0.0079091144959	-0.0547150009271	-0.0558314318391
k__Bacteria;p__Bacteroidetes;c__Bacteroidia;o__Bacteroidales;f__Rikenellaceae;g__Alistipes;s__Alistipes_shahii	-0.0338445544785	0.0353221117452	-0.00912544044487	-0.0356321591326	0.0220672348754	0.0474616452977	1.0	-0.00145772006214	-0.0332012063662	0.00751222154086	-0.00977620770285	0.00216353126106	0.00092085613491	-0.000499124873509	0.00980668601934	0.0202683404533	0.013204180982	-0.00302743698367	-0.0263944346729	-0.00395195356773	-0.0492691175701	0.0139431507318	-0.0377763566027	-0.0476640897066	-0.00914132344624	0.0104289824871	-0.0443698074017	0.05769505384	-0.0231188846478	0.00839103351177	-0.00424730695758	0.0308684089993	-0.0870320935554	-0.0167117240582	0.0379247588355	-0.00828217658988	0.0171782429088	0.00727674114859	0.0080110837607	0.0522753737044	-0.0511719066721	-0.0365038314108	-0.0686388270401	-0.0363289344744	0.0175388876799	-0.000564668723709	-0.0167746151481	0.0223796181598	0.0125904819788	-0.0452086392457	-0.0192808456654	-0.0539148814232	-0.0150054097225	0.00551300683185	-0.0764250501397	0.0270227597745	0.0750251731865	-0.0349857143079	-0.0209756483174
k__Bacteria;p__Firmicutes;c__Clostridia;o__Clostridiales;f__Ruminococcaceae;g__Faecalibacterium;s__Faecalibacterium_prausnitzii	0.0160143977749	-0.0494931824327	-0.0388387445113	-0.00689813395114	0.0258914906483	0.000209072637323	-0.00145772006214	1.0	-0.0122185368452	0.0237127698	-0.0231421069165	-0.045642699912	0.0321022131282	0.0360294759226	-0.0536361517394	-0.00647207569305	-0.0487893552409	-0.0453752320173	0.0123627258318	0.0517010448289	0.00476394001635	0.0395170709021	-0.0449758966315	0.00886712434666	-0.0493999925052	0.0377605460306	-0.0373180140357	-0.0166023490167	0.0358860426286	-0.0363698165195	-0.00433901467535	-0.0286437216466	-0.000326174889351	0.0353558868249	0.0199365561244	0.000601386977787	0.0768447639876	0.00894009874377	-0.111063585108	-0.030213987501	-0.0276285515735	0.0285032435985	0.0346884022768	0.0121867461788	-0.00079056552298	-0.0396178687303	-0.00411191776183	0.0162309471475	0.00868334994973	-0.0619568915229	-0.066239691911	0.00803341633748	-0.0312730704548	-0.00747968440038	-0.025231247156	-0.0613771750099	0.0113569958121	0.0174539257825	-0.0148010401076
k__Bacteria;p__Bacteroidetes;c__Bacteroidia;o__Bacteroidales;f__Rikenellaceae;g__Alistipes;s__Alistipes_finegoldii	-0.0251037746382	-0.0387524745814	0.00359113518727	-0.00492063175309	0.000292721617328	0.027355996784	-0.0332012063662	-0.0122185368452	1.0	0.0352739366883	-0.0450593776411	0.0452905278385	-0.0278532493382	-0.0262346956605	0.0526942734626	0.00923242776184	-0.0130490249592	-0.0414854566996	-0.0690716165759	-0.0880141014868	-0.020126137071	-0.0353228213871	-0.00979966701815	-0.0301281554755	0.0058750085995	-0.0750944626779	-0.0318676274046	0.056629498195	0.0839471271007	-0.0212004532696	0.0473710702882	-0.0485919900714	0.0126025539997	0.0292767497657	-0.0485133731648	-0.0409539337258	0.0021362322178	0.0614439019001	0.046252648889	-0.0380102766593	-0.0649381908641	0.000272439186791	-0.00535415231593	0.0367847312153	-0.0251983964558	0.0405276021775	0.0694054990373	-0.03510507304	-0.0103908107534	0.00446748618368	0.0327503660607	-0.0784617421195	0.00122771552927	0.0111316123325	0.00274440655861	0.0975506106155	-0.0679239634612	0.037932582147	-0.039139896168
k__Bacteria;p__Bacteroidetes;c__Bacteroidia;o__Bacteroidales;f__Porphyromonadaceae;g__Parabacteroides;s__Parabacteroides_distasonis	-0.0517990717019	-0.0441745772176	-0.00726766179287	-0.0135683883644	-0.0274450321866	-0.0177983952301	0.00751222154086	0.0237127698	0.0352739366883	1.0	0.00846696771764	-0.0318375144595	-0.0902247630672	0.0044575765624	-0.0109959486542	0.0409399819731	0.00474094974891	0.00519060611096	0.0194690748107	-0.00473715412901	0.00601470355576	-0.059964695766	-0.0240974873148	-0.0375194780982	-0.0266117657847	-0.0796044477733	-0.012800571585	-0.0501416852434	-0.0389234798208	-0.0360984438972	0.0229764986681	0.00100271505842	0.0372871806498	0.0226382627468	0.00642216827338	0.0628190657349	-0.0241673252929	0.0618607300091	0.0260259360242	-0.00449866350851	0.0236699243443	-0.0423984973678	0.0110243209697	-0.0684616579338	-0.0341639250581	-0.0140625084897	0.0035944076865	-0.0488363354264	-0.00876674863487	-0.0246350334344	0.0486955554069	-0.034153487133	-0.00129983621309	-0.05200719849	0.0150971895222	0.0225703225426	-0.00668555191622	-0.0164254248098	-0.0250247362964
k__Bacteria;p__Bacteroidetes;c__Bacteroidia;o__Bacteroidales;f__Bacteroidaceae;g__Bacteroides;s__Bacteroides_thetaiotaomicron	0.0536308513895	0.00259685963941	0.0479298180271	-0.0139968459359	-0.0163535374147	-0.0227172640671	-0.00977620770285	-0.0231421069165	-0.0450593776411	0.00846696771764	1.0	-0.0144463552684	-0.00890673672185	0.00626508787529	0.000994935077504	0.000987496314726	0.0736896140184	-0.0473891673401	-0.0117162341308	-0.0321990200623	0.0113885535453	0.0117358019979	-0.000497230869222	-0.0216089832381	0.00487259045919	0.0454128529324	-0.0530905678693	-0.0697901394592	0.0120388282674	0.0393633944065	-0.0226966463647	0.0240518231691	0.0487597571209	0.00292139580645	0.00462479413965	-0.054721254483	-0.00616950633265	0.0156789361466	-0.00143888365491	0.027549382167	-0.0162209201739	-0.0429555305403	0.0495395291904	0.0653257035235	-0.0134961090855	-0.0277460733918	0.00132964563653	0.0139811880876	0.00410777308947	-0.0527490926716	-0.0273669333142	-0.010559553943	0.0587929639979	-0.00299133661107	-0.0379869625558	-0.0496793837874	-0.0367870941988	0.00849107872332	-0.0178293491835
k__Bacteria;p__Bacteroidetes;c__Bacteroidia;o__Bacteroidales;f__Bacteroidaceae;g__Bacteroides;s__Bacteroides_coprocola	0.0417059386653	0.0253259368985	0.0031358715674	0.0239055956242	-0.00794618018693	0.0311801510686	0.00216353126106	-0.045642699912	0.0452905278385	-0.0318375144595	-0.0144463552684	1.0	0.00647297012636	-0.0617606083969	0.0175840445911	0.0220534580772	-0.0453154535242	-0.0228784009877	0.0200175709807	-0.0763627813703	-0.0348921039873	-0.0047645111765	-0.0162656845807	0.0347703249288	0.0186550682053	-0.00215835576548	0.0300140369218	-0.0603205821272	-0.00749477023985	0.0326234313883	-0.0450609260552	-0.0344123322418	0.0359964587786	-0.0118724485894	-0.0129398650584	-0.0282835993631	0.0491845547582	0.00558325821263	-0.0203452405768	0.001187328314	-0.0184894443045	0.0165561135537	0.0169755903807	0.00335450512333	0.0155090068829	-0.0247134012251	0.00280218804065	-0.0275207337616	-0.0188003730641	0.0275528416189	-0.0489953228664	0.0402518798308	-0.0356756552747	-0.0167998065339	-0.0331109116948	-0.0105296651177	0.00941907528662	-0.00867622221522	-0.00956556007419
k__Bacteria;p__Bacteroidetes;c__Bacteroidia;o__Bacteroidales;f__Bacteroidaceae;g__Bacteroides;s__Bacteroides_cellulosilyticus	0.0930374287015	-0.00279887779397	0.00901471165754	-0.0819769850679	-0.0375901762701	-0.00574570484803	0.000920856134909	0.0321022131282	-0.0278532493382	-0.0902247630672	-0.00890673672185	0.00647297012636	1.0	-0.0298423820315	0.0266825881353	-0.0121301763609	-0.00243522409528	-0.00728915116673	0.0228290790619	-0.0157809146552	-0.0176289188621	-0.0289263956924	0.0310543204845	0.029460721365	0.0182462403158	-0.0333371790538	0.00448989078177	0.0174323737797	-0.0139658651465	0.00479491061891	0.0479667144171	-0.0344725395182	-0.00153629576255	0.0178562973234	-0.0461426742114	-0.0287271659744	-0.0992521800328	0.0171294014206	-0.0222721975579	-0.0471307659387	-0.0272724426221	-0.0142949973103	-0.018300339422	0.0150283601107	-0.019663938159	0.0388184621921	0.00293159592627	-0.0103024463332	0.0225738417284	-0.0489141188468	0.023339665807	-0.0136060144026	-0.00766471511423	-0.0367869341529	0.0407584734821	-0.0450952078264	0.0310890384849	0.102605807521	-0.0457436853744
k__Bacteria;p__Bacteroidetes;c__Bacteroidia;o__Bacteroidales;f__Rikenellaceae;g__Alistipes;s__Alistipes_obesi	-0.0381393797079	0.0160643715215	-0.0093667610329	-0.0312242627539	0.00617388952426	-0.0207987180518	-0.000499124873509	0.0360294759226	-0.0262346956605	0.0044575765624	0.00626508787529	-0.0617606083969	-0.0298423820315	1.0	-0.0381713020293	-0.0467276471409	-0.0373244496147	-0.0205233483257	0.0534508105902	0.0067210830643	0.0574553207723	-0.0306769948105	0.0562345720825	0.0130481835647	-0.0226811408457	0.0145524420164	-0.036680843092	-0.0423744343097	-0.00138894462678	-0.0329360311287	-0.02955311814	0.0680289513543	0.00376993698116	0.0203616114578	-0.0161734280701	-0.06551730594	0.0354577926283	0.0486434344791	0.0130819131049	-0.0181635287723	0.0267810057478	-0.0263055640886	-0.0309708686766	-0.0665353989678	-0.0287735793304	0.00238531380079	0.0870922210843	0.0316334453282	-0.026778521946	0.0153091641374	0.0150564248704	-0.0469152073168	0.0400818735681	-0.0256964308268	-0.0375122018063	-0.0820616103225	-0.0378469833096	-0.0188852135857	-0.0385862284078
k__Bacteria;p__Firmicutes;c__Clostridia;o__Clostridiales;f__Lachnospiraceae;g__;s__[Eubacterium]_rectale	-0.0203129603384	-0.0110562602041	0.011323063052	0.015270072802	0.00989273031269	-0.030946589229	0.00980668601934	-0.0536361517394	0.0526942734626	-0.0109959486542	0.000994935077504	0.0175840445911	0.0266825881353	-0.0381713020293	1.0	-0.0217044387183	-0.060473809817	-0.0196703325479	-0.0158972752235	0.00927076248463	0.0443027951193	-0.0409800297267	0.01880457545	-0.0584735961038	-0.00808214575818	0.0475051791936	-0.0639017943109	-0.0108107156004	-0.029387707926	0.00144476503438	-0.0493122048581	-0.021643174429	0.0438536485997	0.0330618462674	-0.0352255223748	0.057250411304	0.0728512450898	-0.0350608494824	-0.021982521929	0.0344698851925	0.0272924746749	0.00762412152359	-0.0110717120235	-0.0172845503175	-0.0591155151425	-0.0153660071148	0.00694741822858	-0.0762891412611	-0.0463059988595	0.028667802521	-0.00197771307556	-0.0539061004274	0.00911678446778	0.00647019511816	0.0131042154507	-0.0180691191518	0.00817366553759	-0.0443545741571	0.00542837650087
k__Bacteria;p__Bacteroidetes;c__Bacteroidia;o__Bacteroidales;f__Bacteroidaceae;g__Bacteroides;s__Bacteroides_plebeius	0.0173335863441	-0.0726208037981	-0.00298679159074	-0.0509071489737	-0.0110041778318	-0.0177191999921	0.0202683404533	-0.00647207569305	0.00923242776184	0.0409399819731	0.000987496314726	0.0220534580772	-0.0121301763609	-0.0467276471409	-0.0217044387183	1.0	0.007349404251	0.015182470212	0.062260917725	-0.0394732679189	0.00323314279812	-0.052046017503	0.0428300327105	-0.0181392540457	-0.0302056231986	0.0055716085675	-0.00947132210664	0.0331541958104	-0.0507246515434	0.0496388263711	0.0365663508357	0.0099488141503	0.00359109366099	0.0372025995089	0.0348562427513	-0.0354642266136	0.0301421945665	-0.00573795749052	-0.0426574017123	-0.00402664071414	0.00258421330597	-0.0523314308444	0.00935050040785	-0.0256208100768	-0.027096046347	-0.0166127995187	-0.00855084398063	-0.0530583001955	-0.0770167439133	-0.0132519640286	-0.0305253938874	-0.0292901090456	-0.0307069404896	0.0247655168262	0.0185804363566	-0.0116674695232	0.0104062465684	-0.0534179385568	0.0123414787117
k__Bacteria;p__Bacteroidetes;c__Bacteroidia;o__Bacteroidales;f__Bacteroidaceae;g__Bacteroides;s__Bacteroides_fragilis	-0.0561360241924	-0.056845382488	-0.0217925709605	-0.0309443731321	-0.0144663909662	0.00577497916727	0.013204180982	-0.0487893552409	-0.0130490249592	0.00474094974891	0.0736896140184	-0.0453154535242	-0.00243522409528	-0.0373244496147	-0.060473809817	0.007349404251	1.0	0.033302177853	-0.00361702758458	-0.000376581035179	-0.00216721444467	0.0197209107929	-0.0514622085683	-0.0419190804908	-0.0471828500733	0.00447187345779	-0.0216604358663	0.000236826534397	-0.0127341335774	0.0128314916723	0.0598344750499	0.0141010397514	-0.0339968566224	-0.0131274784742	0.0437634914651	-0.0145017255043	-0.0122991087311	0.00140907544104	0.0346126786501	-0.00967501802836	0.000807260053808	-0.0767712553078	-0.00714871537091	0.0731716744681	-0.0325459326743	-0.029884785095	-0.0203343989242	-0.0133314131936	-0.00261923965766	-0.0112518689135	0.0153084165192	-0.0121171924601	0.0213347544882	0.0422548940147	-0.000637069173013	-0.0220231644206	-0.0156089187234	0.0138134991532	0.0248306416893
k__Bacteria;p__Proteobacteria;c__Betaproteobacteria;o__Burkholderiales;f__Sutterellaceae;g__Sutterella;s__Sutterella_wadsworthensis	0.0375760547295	0.00802695810408	0.0435567261105	-0.0109838426895	0.0203325344916	0.0291105241521	-0.00302743698366	-0.0453752320173	-0.0414854566996	0.00519060611096	-0.0473891673401	-0.0228784009877	-0.00728915116673	-0.0205233483257	-0.0196703325479	0.015182470212	0.033302177853	1.0	-0.0132258353072	-0.0380342397728	-0.00728755018874	-0.00521786968264	-0.0466689263769	0.00460603996012	-0.0075620782374	-0.0332108864692	-0.00867648475597	-0.0334247564364	0.0361198955629	-0.0362925186767	-0.00175825184659	-0.0123543454152	0.0183681865774	0.026086763093	0.0237172902478	-0.0200014296096	-0.0305267571784	-0.00482462599201	-0.0420512155198	0.00672997786118	-0.0177077377826	0.0275187150662	-0.0228306176312	-0.0315467239591	0.00283112342244	0.0177347662165	0.0236118803638	-0.000216073310609	0.0603673564863	0.0205136223984	-0.0149242162368	7.27438427114e-05	-0.0329766888332	-0.014486493659	-0.0238451637386	0.0401806070927	-0.0236368853734	-0.0448629750819	-0.058550667448
k__Bacteria;p__Bacteroidetes;c__Bacteroidia;o__Bacteroidales;f__Porphyromonadaceae;g__Barnesiella;s__Barnesiella_intestinihominis	-0.0397398356532	-0.0463689675076	0.0184914121825	-0.0488351830178	-0.00172901993387	0.0110904555501	-0.0263944346729	0.0123627258318	-0.0690716165759	0.0194690748107	-0.0117162341308	0.0200175709807	0.0228290790619	0.0534508105902	-0.0158972752235	0.062260917725	-0.00361702758458	-0.0132258353072	1.0	-0.0618186075125	-0.003023916266	-0.0597310592972	0.0430557223495	-0.0309617400305	-0.0243783899164	-0.0436397821866	-0.0337596641167	-0.0241601047911	0.00324749550733	-0.00175748148162	-0.000580556303215	-0.0190721328739	0.00138122293864	0.0308495514502	-0.00826497720482	-0.0122527324959	-0.00846808540647	0.0116898834732	0.0356442725124	-0.0282711906147	-0.00849672998995	0.026481223698	0.0340321548126	0.00645255272308	0.00098344248546	-0.033240923359	0.0468072661622	-0.00877723835116	0.000851316723867	0.0242401937778	0.00952940735235	0.00381913903107	-0.00530690839126	-0.0266774410092	0.004174131918	-0.000692481532792	-0.0300639800579	-0.0449037661256	-0.0477182973392
k__Bacteria;p__Bacteroidetes;c__Bacteroidia;o__Bacteroidales;f__Odoribacteraceae;g__Odoribacter;s__Odoribacter_splanchnicus	0.0240088100902	-0.0429117415446	-0.0246690150371	0.0615710233203	0.0195617750746	-0.032657368449	-0.00395195356773	0.0517010448289	-0.0880141014868	-0.00473715412901	-0.0321990200623	-0.0763627813703	-0.0157809146552	0.0067210830643	0.00927076248463	-0.0394732679189	-0.000376581035179	-0.0380342397728	-0.0618186075125	1.0	-0.0283466003334	-0.013516142933	-0.0363569454419	0.0199887426354	0.0195383502087	0.0445682062165	0.0373278190072	-0.0432860155398	0.0429649579599	-0.0173725118495	-0.022088309245	-0.0416251064407	0.0355342410796	-0.0276947717516	0.0260753562429	0.0527177961762	0.00452125624392	-0.0399031671865	0.0261598505048	-0.0529100735321	-0.0440994505563	-0.0917055667037	0.0185204336452	0.0535206831312	0.00822623052776	0.0111514079957	-0.0825733011254	0.017640483445	-0.0347043508549	-0.0406849817417	-0.0404817864788	-0.00871859607264	-0.0108657488625	0.0542650663247	0.00628556334336	0.0224993348595	-0.0347115214605	-0.00378351116052	-0.00539527884143
k__Bacteria;p__Bacteroidetes;c__Bacteroidia;o__Bacteroidales;f__Bacteroidaceae;g__Bacteroides;s__Bacteroides_salyersiae	-0.0460628871223	0.00070224345821	0.0200223723126	-0.0643474843622	-0.0719015753781	-0.0164001699481	-0.0492691175701	0.00476394001635	-0.020126137071	0.00601470355576	0.0113885535453	-0.0348921039873	-0.0176289188621	0.0574553207723	0.0443027951193	0.00323314279812	-0.00216721444467	-0.00728755018874	-0.003023916266	-0.0283466003334	1.0	-0.026662932787	-0.0224403812248	0.0337966882456	-0.0121297396234	-0.0203630584509	-0.00659794150439	0.006933748471	0.0346929111453	0.0189439620321	-0.0147594520007	-0.0254197280897	0.00821984279444	0.0498867963523	-0.0270169008255	-0.0255246568197	-0.0258255808391	0.0263608825241	-0.0148414900538	-0.0444909196315	-0.0326632198298	0.0515573437132	0.000304482338332	0.0232006234261	-0.0537370619285	-0.0232870634198	-0.037385494334	0.0167907063705	0.0187667457116	0.0190321773605	-0.0572208814721	0.0167770728246	-0.034985642158	0.00261612868701	-0.00244805066047	2.06877832147e-05	-0.031411669179	-0.0013542852077	-0.0525604339522
k__Bacteria;p__Firmicutes;c__Clostridia;o__Clostridiales;f__Ruminococcaceae;g__Ruminiclostridium;s__[Eubacterium]_siraeum	0.0297168087329	0.0385907038093	-0.0164436866103	0.0707510054224	0.0399865665888	0.0229117197623	0.0139431507318	0.0395170709021	-0.0353228213871	-0.059964695766	0.0117358019979	-0.0047645111765	-0.0289263956924	-0.0306769948105	-0.0409800297267	-0.052046017503	0.0197209107929	-0.00521786968264	-0.0597310592972	-0.013516142933	-0.026662932787	1.0	0.0277626980708	0.00138250273972	0.00582894280056	-0.0101533685856	-0.0468135794461	7.78101709763e-05	-0.0295323917409	0.0236077927837	-0.0246844853015	0.0321380888978	-0.0273997196898	-0.0307524106421	0.00654001025092	-0.015708497977	0.0253977087441	-0.0428155092327	0.0158880817207	0.00300751659867	-0.00658075177734	0.0446338692913	0.0275945049712	-0.08287401124	-0.0207287176513	0.00518387617289	0.00447100475396	-0.00717681301976	-0.00915539550962	-0.0311777960738	0.0409346753999	0.0329607555669	-0.00877243978851	-0.00505317326659	-0.0315181862113	-0.0151140643369	0.00736982604298	-0.0142992378837	0.0303799567607
k__Bacteria;p__Proteobacteria;c__Betaproteobacteria;o__Burkholderiales;f__Sutterellaceae;g__Parasutterella;s__Parasutterella_excrementihominis	-0.0432452595293	0.0302605288702	-0.0476376049303	-0.0111737252258	0.0262011572585	-0.0268801290711	-0.0377763566027	-0.0449758966315	-0.00979966701815	-0.0240974873148	-0.000497230869222	-0.0162656845807	0.0310543204845	0.0562345720825	0.01880457545	0.0428300327105	-0.0514622085683	-0.0466689263769	0.0430557223495	-0.0363569454419	-0.0224403812248	0.0277626980708	1.0	-0.0776461982439	-0.00932966859696	-0.0716187577892	-0.0334518072357	0.0244348989523	-0.0836571782395	-0.0624540905335	0.000408503507145	0.0158288841193	-0.0205312845154	0.0371660273931	-0.012708095749	-0.00697528630504	-0.0381890965007	0.042911756562	-0.0377036309014	-0.024215969369	6.52342348489e-05	-0.0115736840753	-0.0153195730228	-0.0325807060325	-0.0656326516352	0.00302312496446	-0.0665009460209	0.0103476358188	-0.0160784424785	0.000523714224471	0.0239746388159	-0.0308215576885	0.0971183431845	0.0111481857142	-0.0299376152786	0.0312451117769	0.0426105498186	-0.0191359870859	-0.0559841165556
k__Bacteria;p__Actinobacteria;c__Actinobacteria;o__Bifidobacteriales;f__Bifidobacteriaceae;g__Bifidobacterium;s__Bifidobacterium_adolescentis	-0.0369251245358	-0.00309081120152	0.0287831285079	0.0667273506554	0.0154954425832	-0.060606730542	-0.0476640897066	0.00886712434666	-0.0301281554755	-0.0375194780982	-0.0216089832381	0.0347703249288	0.029460721365	0.0130481835647	-0.0584735961038	-0.0181392540457	-0.0419190804908	0.00460603996012	-0.0309617400305	0.0199887426354	0.0337966882456	0.00138250273972	-0.0776461982439	1.0	-0.017541098609	-0.0449553199048	0.0471891274228	0.0249978598943	0.0117094198152	-0.024087973758	0.00148522611789	-0.0533254568436	-0.0553170373471	-0.00785976472469	0.025075818771	-0.0549168518374	-0.0337169777131	-0.0131300137444	0.00626604945324	0.017832003616	0.0357243566103	0.00886004573593	-0.00555216672527	-0.039367833872	0.0350783744056	0.0440816071833	-0.0119903171802	0.00665921184856	0.00233766038494	-0.000753015877387	-0.0048880420999	0.0157225070728	-0.00682595632868	-0.00568734581396	-0.0248173408168	0.00346492370542	-0.00233741238769	0.0229021280827	0.0379940452893
k__Bacteria;p__Firmicutes;c__Clostridia;o__Clostridiales;f__Oscillospiraceae;g__Oscillibacter;s__Oscillibacter_sp._KLE_1745	0.0268676835411	-0.013576006723	-0.0265253883489	0.00148048134457	-0.0564311463831	-0.0280933860914	-0.00914132344624	-0.0493999925052	0.0058750085995	-0.0266117657847	0.00487259045919	0.0186550682053	0.0182462403158	-0.0226811408457	-0.00808214575818	-0.0302056231986	-0.0471828500733	-0.0075620782374	-0.0243783899164	0.0195383502087	-0.0121297396234	0.00582894280056	-0.00932966859696	-0.017541098609	1.0	-0.0038620563199	-0.0175307293924	-0.0435851314731	-0.00757311334908	-0.0432415539399	0.0323309043068	-0.012380403029	0.0117808861476	0.00295879700925	0.0022586423521	-0.0266094922235	0.0345427098546	-0.0480582329638	0.0189925984967	0.010624781913	-0.00318935017809	-0.0273564731563	-0.0293243757979	0.0412870046159	-0.0153535459429	-0.0377984531871	0.0626624409358	-0.00759074787388	0.0123440786411	0.0039389412444	0.00165350558541	-0.0177912292862	0.0208823112699	0.00504622864965	-0.00213495393502	0.0298181056722	-0.00513414687725	-0.0221243714869	0.0183960892339
k__Bacteria;p__Bacteroidetes;c__Bacteroidia;o__Bacteroidales;f__Bacteroidaceae;g__Bacteroides;s__Bacteroides_coprophilus	-0.026094756389	-0.0167870845914	-0.0210061952731	0.0534605370939	-0.0244100925485	0.0094538414803	0.0104289824871	0.0377605460306	-0.0750944626779	-0.0796044477733	0.0454128529324	-0.00215835576548	-0.0333371790538	0.0145524420164	0.0475051791936	0.0055716085675	0.00447187345779	-0.0332108864692	-0.0436397821866	0.0445682062165	-0.0203630584509	-0.0101533685856	-0.0716187577892	-0.0449553199048	-0.0038620563199	1.0	0.0087669921131	0.0988627859495	-0.0239573774335	0.00456887728808	-0.0602819310981	0.0200460863689	-0.0123325133731	-0.0447915610664	-0.0038009723682	0.00974182483623	-0.0104916520778	-0.0331070119138	0.011254239531	-0.0256275223716	-0.0173335723633	-0.0517928300633	-0.00825394362838	-0.0158810487461	0.0248319525622	-0.0222508070649	-0.064900614762	-0.0125083743354	0.0245575834491	-0.0208331211572	-0.0473040697093	0.00779870318682	-0.0402366807304	-0.0300078856602	0.0492649050721	0.0510880214865	0.0102924249763	0.0214387661028	-0.00978098622672
k__Bacteria;p__Firmicutes;c__Clostridia;o__Clostridiales;f__Lachnospiraceae;g__Roseburia;s__Roseburia_intestinalis	-0.0716692425309	-0.0425343674296	-0.0778010317583	0.0168726370628	0.000879022541344	-0.00409564566186	-0.0443698074017	-0.0373180140357	-0.0318676274046	-0.012800571585	-0.0530905678693	0.0300140369218	0.00448989078177	-0.036680843092	-0.0639017943109	-0.00947132210664	-0.0216604358663	-0.00867648475597	-0.0337596641167	0.0373278190072	-0.00659794150439	-0.0468135794461	-0.0334518072357	0.0471891274228	-0.0175307293924	0.0087669921131	1.0	0.0433893617072	0.0209018638831	-0.036158859196	-0.0429871412598	0.0567252921912	-0.0222534394481	0.0371674754748	0.00579666350782	-0.0125189605854	0.0207347023783	-0.0318734202021	-0.0534355180253	-0.00761397923056	0.00927033493005	0.0375738108315	0.00597810702062	0.0368798757614	-0.0184324658526	0.0470590613307	-0.06255912793	-0.0395488258059	0.00179398189662	-0.0295603354227	0.0288641469201	0.00810504786489	0.0086495200251	0.0240507341278	0.0541357446702	-0.0636491469692	0.0068286342471	-0.0155251944997	0.00902057062057
k__Bacteria;p__Firmicutes;c__Clostridia;o__Clostridiales;f__Lachnospiraceae;g__Roseburia;s__Roseburia_hominis	0.0113342714087	0.064612988341	-0.0336620961707	0.0192861242254	-0.00894668219129	0.00592675335482	0.05769505384	-0.0166023490167	0.056629498195	-0.0501416852434	-0.0697901394592	-0.0603205821272	0.0174323737797	-0.0423744343097	-0.0108107156004	0.0331541958104	0.000236826534397	-0.0334247564364	-0.0241601047911	-0.0432860155398	0.006933748471	7.78101709763e-05	0.0244348989523	0.0249978598943	-0.0435851314731	0.0988627859495	0.0433893617072	1.0	0.0173436028503	6.87305969143e-05	0.0199085609864	-0.026335907911	0.0206701909712	-0.0310020675358	-0.0845423498974	0.00547747318215	-0.00249073562814	-0.0556171059407	0.00881833498218	-0.00297689035224	-0.0370815546644	-0.00327897270644	-0.0746544925712	0.0128682017069	-0.0517297391553	0.0195846832264	-0.0382998958263	-0.0177186824474	-0.00546818741252	-0.0356481765902	-0.0154479970857	0.0198514805178	-0.029086583343	-0.0148515859468	-0.0101970748793	-0.0265245565284	-0.0233670836026	-0.0299544773687	0.0267884942123
k__Bacteria;p__Bacteroidetes;c__Bacteroidia;o__Bacteroidales;f__Porphyromonadaceae;g__Parabacteroides;s__Parabacteroides_johnsonii	0.0417740059792	0.00183783501351	0.0562244822781	-0.0206637287731	0.0746013954909	0.0401008186454	-0.0231188846478	0.0358860426286	0.0839471271007	-0.0389234798208	0.0120388282674	-0.00749477023985	-0.0139658651465	-0.00138894462678	-0.029387707926	-0.0507246515434	-0.0127341335774	0.0361198955629	0.00324749550733	0.0429649579599	0.0346929111453	-0.0295323917409	-0.0836571782395	0.0117094198152	-0.00757311334908	-0.0239573774335	0.0209018638831	0.0173436028503	1.0	-0.0297323658754	0.0103417117249	-0.0626053467557	-0.0326028823911	-0.0240391397856	-0.00750282037249	-0.0336495369129	0.0376122983771	-0.0312491419841	0.0159418905471	-0.0486532989243	-0.0470850062348	0.0419343446147	0.00983593512031	0.0197305702376	0.0524447285186	0.0365048581194	0.0516514740051	-0.00406461837615	-0.0050495751889	-0.0833631373324	0.0486021573271	0.0275973296511	0.0462801990034	-0.0161312137193	0.0503104651214	0.0176628431852	-0.0196081224304	-0.0148008391697	0.0123710711627
k__Bacteria;p__Actinobacteria;c__Actinobacteria;o__Bifidobacteriales;f__Bifidobacteriaceae;g__Bifidobacterium;s__Bifidobacterium_longum	0.0466141992488	-0.0773573505947	-0.00939374580126	0.0279234279309	0.00740050810577	0.021583323174	0.00839103351177	-0.0363698165195	-0.0212004532696	-0.0360984438972	0.0393633944065	0.0326234313883	0.00479491061891	-0.0329360311287	0.00144476503438	0.0496388263711	0.0128314916723	-0.0362925186767	-0.00175748148162	-0.0173725118495	0.0189439620321	0.0236077927837	-0.0624540905335	-0.024087973758	-0.0432415539399	0.00456887728808	-0.036158859196	6.87305969143e-05	-0.0297323658754	1.0	-0.0157334786118	-0.0263107556941	0.00143851986318	0.0252264566053	-0.0164817142435	-0.00705580991489	0.0244541993663	0.064388642403	-0.0109477781292	-0.113526697135	-0.00807898897487	-0.0107071611102	-0.00347611376441	-0.0386167146362	-0.0443854101714	0.0166933736969	-0.0117780233418	0.0351468003376	0.0614163594739	-0.00311508734213	-0.0284163572045	0.0155620343657	-0.000788874510756	0.0173190782156	-0.101737896798	0.0452418718283	-0.028486711607	-0.0393811251617	-0.0284566171945
