#taxonomy	k__Bacteria;p__Bacteroidetes;c__Bacteroidia;o__Bacteroidales;f__Bacteroidaceae;g__Bacteroides;s__Bacteroides_vulgatus	k__Bacteria;p__Bacteroidetes;c__Bacteroidia;o__Bacteroidales;f__Bacteroidaceae;g__Bacteroides;s__Bacteroides_uniformis	k__Bacteria;p__Bacteroidetes;c__Bacteroidia;o__Bacteroidales;f__Rikenellaceae;g__Alistipes;s__Alistipes_putredinis	k__Bacteria;p__Bacteroidetes;c__Bacteroidia;o__Bacteroidales;f__Prevotellaceae;g__Prevotella;s__Prevotella_copri	k__Bacteria;p__Bacteroidetes;c__Bacteroidia;o__Bacteroidales;f__Bacteroidaceae;g__Bacteroides;s__Bacteroides_stercoris	k__Bacteria;p__Bacteroidetes;c__Bacteroidia;o__Bacteroidales;f__Bacteroidaceae;g__Bacteroides;s__Bacteroides_ovatus	k__Bacteria;p__Bacteroidetes;c__Bacteroidia;o__Bacteroidales;f__Rikenellaceae;g__Alistipes;s__Alistipes_shahii	k__Bacteria;p__Firmicutes;c__Clostridia;o__Clostridiales;f__Ruminococcaceae;g__Faecalibacterium;s__Faecalibacterium_prausnitzii	k__Bacteria;p__Bacteroidetes;c__Bacteroidia;o__Bacteroidales;f__Rikenellaceae;g__Alistipes;s__Alistipes_finegoldii	k__Bacteria;p__Bacteroidetes;c__Bacteroidia;o__Bacteroidales;f__Porphyromonadaceae;g__Parabacteroides;s__Parabacteroides_distasonis	k__Bacteria;p__Bacteroidetes;c__Bacteroidia;o__Bacteroidales;f__Bacteroidaceae;g__Bacteroides;s__Bacteroides_thetaiotaomicron	k__Bacteria;p__Bacteroidetes;c__Bacteroidia;o__Bacteroidales;f__Bacteroidaceae;g__Bacteroides;s__Bacteroides_coprocola	k__Bacteria;p__Bacteroidetes;c__Bacteroidia;o__Bacteroidales;f__Bacteroidaceae;g__Bacteroides;s__Bacteroides_cellulosilyticus	k__Bacteria;p__Bacteroidetes;c__Bacteroidia;o__Bacteroidales;f__Rikenellaceae;g__Alistipes;s__Alistipes_obesi	k__Bacteria;p__Firmicutes;c__Clostridia;o__Clostridiales;f__Lachnospiraceae;g__;s__[Eubacterium]_rectale	k__Bacteria;p__Bacteroidetes;c__Bacteroidia;o__Bacteroidales;f__Bacteroidaceae;g__Bacteroides;s__Bacteroides_plebeius	k__Bacteria;p__Bacteroidetes;c__Bacteroidia;o__Bacteroidales;f__Bacteroidaceae;g__Bacteroides;s__Bacteroides_fragilis	k__Bacteria;p__Proteobacteria;c__Betaproteobacteria;o__Burkholderiales;f__Sutterellaceae;g__Sutterella;s__Sutterella_wadsworthensis	k__Bacteria;p__Bacteroidetes;c__Bacteroidia;o__Bacteroidales;f__Porphyromonadaceae;g__Barnesiella;s__Barnesiella_intestinihominis	k__Bacteria;p__Bacteroidetes;c__Bacteroidia;o__Bacteroidales;f__Odoribacteraceae;g__Odoribacter;s__Odoribacter_splanchnicus	k__Bacteria;p__Bacteroidetes;c__Bacteroidia;o__Bacteroidales;f__Bacteroidaceae;g__Bacteroides;s__Bacteroides_salyersiae	k__Bacteria;p__Firmicutes;c__Clostridia;o__Clostridiales;f__Ruminococcaceae;g__Ruminiclostridium;s__[Eubacterium]_siraeum	k__Bacteria;p__Proteobacteria;c__Betaproteobacteria;o__Burkholderiales;f__Sutterellaceae;g__Parasutterella;s__Parasutterella_excrementihominis	k__Bacteria;p__Actinobacteria;c__Actinobacteria;o__Bifidobacteriales;f__Bifidobacteriaceae;g__Bifidobacterium;s__Bifidobacterium_adolescentis	k__Bacteria;p__Firmicutes;c__Clostridia;o__Clostridiales;f__Oscillospiraceae;g__Oscillibacter;s__Oscillibacter_sp._KLE_1745	k__Bacteria;p__Bacteroidetes;c__Bacteroidia;o__Bacteroidales;f__Bacteroidaceae;g__Bacteroides;s__Bacteroides_coprophilus	k__Bacteria;p__Firmicutes;c__Clostridia;o__Clostridiales;f__Lachnospiraceae;g__Roseburia;s__Roseburia_intestinalis	k__Bacteria;p__Firmicutes;c__Clostridia;o__Clostridiales;f__Lachnospiraceae;g__Roseburia;s__Roseburia_hominis	k__Bacteria;p__Bacteroidetes;c__Bacteroidia;o__Bacteroidales;f__Porphyromonadaceae;g__Parabacteroides;s__Parabacteroides_johnsonii	k__Bacteria;p__Actinobacteria;c__Actinobacteria;o__Bifidobacteriales;f__Bifidobacteriaceae;g__Bifidobacterium;s__Bifidobacterium_longum	k__Bacteria;p__Firmicutes;c__Clostridia;o__Clostridiales;f__;g__Flavonifractor;s__Flavonifractor_plautii	k__Bacteria;p__Firmicutes;c__Clostridia;o__Clostridiales;f__Clostridiaceae;g__Clostridium;s__Clostridium_phoceensis	k__Bacteria;p__Verrucomicrobia;c__Verrucomicrobiae;o__Verrucomicrobiales;f__Akkermansiaceae;g__Akkermansia;s__Akkermansia_muciniphila	k__Bacteria;p__Bacteroidetes;c__Bacteroidia;o__Bacteroidales;f__Prevotellaceae;g__Paraprevotella;s__Paraprevotella_xylaniphila	k__Bacteria;p__Firmicutes;c__Clostridia;o__Clostridiales;f__Ruminococcaceae;g__Ruminococcus;s__Ruminococcus_callidus	k__Bacteria;p__Bacteroidetes;c__Bacteroidia;o__Bacteroidales;f__Rikenellaceae;g__Alistipes;s__Alistipes_senegalensis	k__Bacteria;p__Firmicutes;c__Clostridia;o__Clostridiales;f__Lachnospiraceae;g__Blautia;s__Blautia_sp._KLE_1732	k__Bacteria;p__Bacteroidetes;c__Bacteroidia;o__Bacteroidales;f__Bacteroidaceae;g__Bacteroides;s__Bacteroides_oleiciplenus	k__Bacteria;p__Firmicutes;c__Clostridia;o__Clostridiales;f__Ruminococcaceae;g__Ruminococcus;s__Ruminococcus_bicirculans	k__Bacteria;p__Bacteroidetes;c__Bacteroidia;o__Bacteroidales;f__Bacteroidaceae;g__Bacteroides;s__Bacteroides_fluxus	k__Bacteria;p__Bacteroidetes;c__Bacteroidia;o__Bacteroidales;f__Prevotellaceae;g__Prevotella;s__Prevotella_stercorea	k__Bacteria;p__Firmicutes;c__Clostridia;o__Clostridiales;f__Lachnospiraceae;g__Dorea;s__Dorea_longicatena	k__Bacteria;p__Firmicutes;c__Clostridia;o__Clostridiales;f__Eubacteriaceae;g__Eubacterium;s__[Eubacterium]_eligens	k__Bacteria;p__Firmicutes;c__Clostridia;o__Clostridiales;f__Ruminococcaceae;g__;s__Ruminococcaceae_bacterium_D16	k__Bacteria;p__Firmicutes;c__Clostridia;o__Clostridiales;f__Lachnospiraceae;g__Coprococcus;s__Coprococcus_comes	k__Bacteria;p__Proteobacteria;c__Gammaproteobacteria;o__Enterobacterales;f__Enterobacteriaceae;g__Escherichia;s__Escherichia_coli	k__Bacteria;p__Firmicutes;c__Clostridia;o__Clostridiales;f__Ruminococcaceae;g__Anaerotruncus;s__Anaerotruncus_colihominis	k__Bacteria;p__Firmicutes;c__Clostridia;o__Clostridiales;f__Lachnospiraceae;g__Blautia;s__Blautia_obeum	k__Bacteria;p__Bacteroidetes;c__Bacteroidia;o__Bacteroidales;f__Odoribacteraceae;g__Odoribacter;s__Odoribacter_laneus	k__Bacteria;p__Firmicutes;c__Clostridia;o__Clostridiales;f__Ruminococcaceae;g__Ruminiclostridium;s__[Clostridium]_leptum	k__Bacteria;p__Bacteroidetes;c__Bacteroidia;o__Bacteroidales;f__Porphyromonadaceae;g__Parabacteroides;s__Parabacteroides_goldsteinii	k__Bacteria;p__Firmicutes;c__Clostridia;o__Clostridiales;f__Lachnospiraceae;g__Anaerostipes;s__Anaerostipes_hadrus	k__Bacteria;p__Firmicutes;c__Clostridia;o__Clostridiales;f__Ruminococcaceae;g__Ruminococcus;s__Ruminococcus_lactaris	k__Bacteria;p__Firmicutes;c__Clostridia;o__Clostridiales;f__Clostridiaceae;g__Clostridium;s__Clostridium_sp._L2-50	k__Bacteria;p__Firmicutes;c__Clostridia;o__Clostridiales;f__Clostridiaceae;g__Clostridium;s__Clostridium_sp._M62/1	k__Bacteria;p__Firmicutes;c__Clostridia;o__Clostridiales;f__;g__Intestinimonas;s__Intestinimonas_butyriciproducens	k__Bacteria;p__Actinobacteria;c__Actinobacteria;o__Bifidobacteriales;f__Bifidobacteriaceae;g__Bifidobacterium;s__Bifidobacterium_bifidum	k__Bacteria;p__Firmicutes;c__Negativicutes;o__Veillonellales;f__Veillonellaceae;g__Dialister;s__Dialister_invisus	k__Bacteria;p__Bacteroidetes;c__Bacteroidia;o__Bacteroidales;f__Bacteroidaceae;g__Bacteroides;s__Bacteroides_salanitronis
k__Bacteria;p__Bacteroidetes;c__Bacteroidia;o__Bacteroidales;f__Bacteroidaceae;g__Bacteroides;s__Bacteroides_vulgatus	1.0	-0.0111903793271	0.031765096184	-0.0553761073409	-0.020944663021	-0.0260813436571	0.00253673514215	-0.0200078227398	-0.00161815564191	0.0180559581771	-0.0899832776681	-0.003262189041	0.0523795433633	0.0184066093761	-0.0362205788975	-0.0895696443571	-0.0511831200504	-0.087070229955	0.00845542491681	-0.0381141692642	0.00744526208831	-0.00826212716687	0.0599394385256	-0.0212656739226	-0.00663268856047	-0.038727942058	-5.64778741805e-05	-0.0255497402459	-0.0240168378584	0.029536219743	0.0161192800201	0.012359128535	0.00818578348821	0.0831776206368	0.0217614881617	-0.012429874289	-0.0909031909025	0.0399028735924	-0.00482284508126	0.014118400672	-0.0797173829344	-0.0197102639594	-0.0335727497037	-0.0513217708804	-0.0270693975383	0.0243558235979	0.0360331566507	-0.0644337609668	-0.011254718652	-0.0855999749579	0.00602519465905	0.00544840132329	0.0122757095264	-0.00214604379151	0.0546173768671	-0.0242290280444	0.0521102687871	0.0865197207339	-0.0202340432333
k__Bacteria;p__Bacteroidetes;c__Bacteroidia;o__Bacteroidales;f__Bacteroidaceae;g__Bacteroides;s__Bacteroides_uniformis	-0.0111903793271	1.0	-0.0113231722572	0.0213182133504	-0.0239156801724	0.0207204209576	-0.0144448646663	0.0342733531309	0.0180854303273	-0.027489993202	-0.0227175216108	0.0290381625543	-0.000946603869519	0.0297477857469	0.0847825526988	0.000478356171173	0.0264255921904	-0.0558642622029	0.018392489828	-0.0403378871728	-0.0180259826754	-0.0405862211145	0.00360598015375	-0.00571550351851	0.0301736717685	0.00737345478539	-0.0406639976366	-0.00514593527944	-0.0336070234418	-0.0308811917193	-0.00498471363513	-0.0328109413383	-0.0170367665433	0.016156903233	0.0328542851808	0.00360582537273	0.0251732243137	-0.0120948375637	-0.0275469403332	-0.0146043389609	-0.0497188002448	-0.00332993074308	-0.0506485349393	-0.0108845976903	-0.0396552625776	-0.0318227152164	0.0113693065417	0.0290029985325	-0.0243086705004	-0.0247576530557	-0.0247055106835	-0.0467189759638	0.0265109412489	-0.0365039521283	-0.000335550059201	0.021328818088	0.0111229770546	-0.0383777241202	-0.0314730032468
k__Bacteria;p__Bacteroidetes;c__Bacteroidia;o__Bacteroidales;f__Rikenellaceae;g__Alistipes;s__Alistipes_putredinis	0.031765096184	-0.0113231722572	1.0	0.0482193001637	0.0305180024017	-0.0192356506206	-0.0445569128912	-0.0534564380729	-0.0596679940728	0.0155338521869	-0.00427824470189	-0.0470453039525	-0.0330696833166	0.00209266272548	0.00785531972135	-0.0232225589567	-0.0221828194442	0.0105067530725	0.0192986949471	-0.0666808695769	-0.0303071077135	0.0465162922146	0.0152331115782	-0.0334299177045	0.00638257111174	0.0400212533236	-0.0262564410378	0.0577063297094	-0.0555222913966	-0.0174038307911	-0.0128579172378	-0.0184082034482	-0.0160714633172	-0.0434603557948	0.0392004783542	0.00326105012116	0.0315199057012	-0.031146070989	-0.0232501794896	0.00564156694761	-0.0102974644906	0.021595270811	-0.0568023371668	-0.0124668719229	-0.0142955643488	-0.0273650324057	0.022423034138	-0.055435392684	0.00898884092714	-0.0684844084462	0.00223454169266	-0.0145859699831	-0.0521999986557	0.0316000205106	-0.0247525717045	0.0440567028629	-0.0464380657465	0.00845391552433	0.0191883703352
k__Bacteria;p__Bacteroidetes;c__Bacteroidia;o__Bacteroidales;f__Prevotellaceae;g__Prevotella;s__Prevotella_copri	-0.0553761073409	0.0213182133504	0.0482193001637	1.0	-0.00164963399433	0.0242941509259	-0.0084507762815	-0.0444493851458	0.0305601831692	-0.0181567568517	0.0138031779058	-0.0693880180965	-0.0275704653007	-0.0279562348116	-0.0185779030859	0.0424443580469	-0.0314502765119	-0.0427453593674	-0.0219316784274	0.0467877075356	-0.0911109264792	-0.0249176028658	0.0712964630979	-0.0450247906055	0.0118880635306	-0.0144946923305	-0.0432075640974	-0.0406624484594	-0.0571945115373	0.00630531768621	0.0508462822514	-0.0718389359464	-0.00842192982782	0.00438510534092	0.0191526228477	-0.0174879266796	-0.018672484499	0.00372349218491	0.00980569334675	-0.0325739574505	0.0134792333372	-0.0659562579016	-0.0415109870093	-0.0218347210173	0.0347601786905	0.0283955715626	-0.00963871504594	0.00588120718901	-0.0339718082231	0.0532184370385	-0.099843635584	0.00385006872464	-0.0124647155154	0.0178682505551	-0.00549760090497	-0.00649804733728	-0.00476992369374	-0.0368252384332	0.0281257180074
k__Bacteria;p__Bacteroidetes;c__Bacteroidia;o__Bacteroidales;f__Bacteroidaceae;g__Bacteroides;s__Bacteroides_stercoris	-0.020944663021	-0.0239156801724	0.0305180024017	-0.00164963399433	1.0	0.0129404955594	0.00517755835358	0.0276878345075	-0.0174326623337	-0.0200501473089	0.0705767161121	-2.3206118693e-05	0.0230127557509	-0.0362227077612	-0.0157274125273	-0.0287495056785	-0.0225867234215	-0.0363139718842	-0.0324463368849	-0.0148233998043	-0.0289318535237	-0.00353118129934	0.0406660946293	-0.000724991846674	-0.0181726311272	0.0253064283345	-0.0420452218141	0.00925745527721	-0.016311365003	-0.00698992448014	0.0161744534183	-0.00910926814776	0.000952178765828	0.0177250899227	-0.0226915821897	-0.0134043150733	0.0241558019159	-0.0159765603204	0.0286683852281	0.00943213524722	-0.0764778062071	-0.0326493792061	-0.0885814169042	0.0320532122376	0.0186926333225	0.0494917298958	0.0101605956974	-0.022303668691	-0.030413606516	0.0352304948804	0.0554687654999	0.0266868034331	-0.0226744366285	-0.0309887992616	0.0176435867755	-0.0351092530211	-0.0438790945489	-0.017229195044	-0.0101305348852
k__Bacteria;p__Bacteroidetes;c__Bacteroidia;o__Bacteroidales;f__Bacteroidaceae;g__Bacteroides;s__Bacteroides_ovatus	-0.0260813436571	0.0207204209576	-0.0192356506206	0.0242941509259	0.0129404955594	1.0	-0.00451971403889	-0.00632508406305	0.00947436471935	-0.0594566140734	-0.0302866069614	0.0149453733196	-0.0413297058441	-0.028696038742	0.0278966044134	-0.0107125744924	-0.0476024406196	-0.00708120761407	0.0225125057651	-0.0502481153961	-0.0601331439365	0.0143412241451	0.0763319047708	0.026664409287	0.00898393323914	-0.0678350580258	-0.0174373052578	0.0197839970718	-0.0163850831731	0.0525070510966	-0.00806959802052	0.0401956278725	-0.0437350050134	0.0178388778424	-0.0364052077122	-0.00641033585135	-0.0153637802493	-0.0138364395805	-0.0335699902139	-0.0203775556998	0.0149534871592	-0.0469249913111	-0.0259941185816	-0.00138282544484	-0.00404943144965	-0.0388096883089	0.00895590513892	-0.0151398728269	-0.0125685300388	0.0219075254411	-0.0507958395866	-0.00802145240129	0.0129378819564	-0.0617938355645	-0.0074446217936	-0.0391051621883	0.0188067550637	-0.0197070713481	-0.022139290919
k__Bacteria;p__Bacteroidetes;c__Bacteroidia;o__Bacteroidales;f__Rikenellaceae;g__Alistipes;s__Alistipes_shahii	0.00253673514215	-0.0144448646663	-0.0445569128912	-0.0084507762815	0.00517755835358	-0.00451971403889	1.0	-0.030115260794	0.0393527999574	0.054075117419	0.00740479825212	-0.0538377956448	0.060098308804	-0.0333210107576	0.0389407340414	-0.0120446217659	-0.0262905006307	-0.0321621506491	-0.0144532578576	0.0189900638023	-0.00273397755914	-0.0120363721343	-0.0324953634942	0.0217095381738	0.00440540836824	-0.00913351845334	0.0101199303852	-0.0444376630083	-0.0399675036537	0.0533635003158	-0.023628953208	-0.103217108609	0.00268182939169	-0.0202086157253	0.0297983896604	-0.000142519212074	0.0941797039808	-0.0578310491333	-0.00276320414745	-0.0230692250751	-0.0312670169827	0.00681506124197	-0.0911230198674	-0.0132086121724	0.018964649366	-0.0375716629603	-0.0625446825075	-0.0694674233751	0.0182046589365	0.0104307147725	-0.0688535628619	-0.0353816207522	0.0108715629343	0.0370963413211	-0.00314511423771	0.0362549552802	-0.0133250845076	-0.0788160321709	-0.0600645924259
k__Bacteria;p__Firmicutes;c__Clostridia;o__Clostridiales;f__Ruminococcaceae;g__Faecalibacterium;s__Faecalibacterium_prausnitzii	-0.0200078227398	0.0342733531309	-0.0534564380729	-0.0444493851458	0.0276878345075	-0.00632508406305	-0.030115260794	1.0	0.0141133268724	-0.0194433911317	-0.0107348211196	0.0434186796734	-0.0156979893616	-0.111641286285	-0.0230236158357	-0.00128790836707	0.0478787198998	0.000405482886533	0.0143479659197	0.0377324179638	0.028637813046	0.00408984809231	-0.00726668026372	0.00870794295997	-0.0215601543678	0.0307706530329	-0.0101750821833	-0.0098435750925	-0.0154115560392	-0.0199355103146	-0.0730816323216	0.00309064502847	0.0370461948253	-0.0671171429302	0.0291572759285	-0.0337629040531	-0.052170287814	-0.0215975490568	0.00969139951509	0.0260094281076	0.0273824500417	-0.0250714808406	-0.0248736126657	-0.0516689335769	0.00678675807685	0.0287639892365	-0.0094791576703	0.00673397270441	-0.0186916967091	-0.0116630391545	0.0235769270094	0.000333798736531	-0.000853370696104	-0.0565497049374	0.0189726545291	0.018257043597	-0.0365252620685	0.0199526030879	-0.0126471892151
k__Bacteria;p__Bacteroidetes;c__Bacteroidia;o__Bacteroidales;f__Rikenellaceae;g__Alistipes;s__Alistipes_finegoldii	-0.00161815564191	0.0180854303273	-0.0596679940728	0.0305601831692	-0.0174326623337	0.00947436471935	0.0393527999574	0.0141133268724	1.0	0.0117230699481	0.0393824999349	0.0123423864966	0.00932952180187	-0.0180154066024	-0.0225278113319	0.00713005201591	-0.00969626693742	0.0410803914243	-0.0196748397945	-0.0234864225059	0.0730094082388	-0.0413358114445	-0.0388235164249	-0.0340511122639	0.0146604187571	-0.0190386368238	0.00671331135308	0.051024524894	-0.0918141486846	0.00260654744583	0.0304163416203	-0.0395777092954	0.0237785731789	-0.042477768769	-0.0437142931351	-0.00823606262489	-0.00291918667797	0.0368157994235	0.0309968343017	0.0489880126339	0.0140119734086	-0.0295495569968	0.00170291975253	0.0253631727412	-0.0268283681899	-0.0136885544812	-0.00859687964569	0.0294502106005	-0.0215730656317	0.0771697089253	-0.0412969585933	-0.060695473517	-0.013185950041	-0.0749242300621	-0.0708693208445	0.0146348632197	-0.0404179892971	0.0173830316971	-0.0293951690805
k__Bacteria;p__Bacteroidetes;c__Bacteroidia;o__Bacteroidales;f__Porphyromonadaceae;g__Parabacteroides;s__Parabacteroides_distasonis	0.0180559581771	-0.027489993202	0.0155338521869	-0.0181567568517	-0.0200501473089	-0.0594566140734	0.054075117419	-0.0194433911317	0.0117230699481	1.0	-0.0280458324692	-0.0437593548931	-0.0193554175891	0.0368199249084	0.0109060842451	0.0278330428276	-0.0172846073022	-0.0150866988975	-0.0334921722377	-0.0483355689802	0.0443708578112	0.0114258966015	-0.0577091608149	0.00821110818906	0.00621788897151	-0.0529210996429	-0.00245705148846	-0.0122503296193	0.0147333433157	-0.0809411834159	-0.0542253818467	0.0522079117719	-0.0545297902087	-0.00195078685126	-0.00677049452874	-0.0114103386957	-0.0209965665221	-0.0428659697765	0.121472309995	0.00393896831402	-0.0468781707685	0.0412304759256	0.0658980906822	-0.00913890150206	0.0135413263593	-0.000733988607564	-0.00945701798029	0.0178197198788	0.0127396375256	-0.0341584929212	-0.0116663178527	0.00113037117101	-0.0450261686961	-0.0193090737477	0.0162189116747	0.00517359504023	-0.0404118071028	0.0383419921631	-0.059246972165
k__Bacteria;p__Bacteroidetes;c__Bacteroidia;o__Bacteroidales;f__Bacteroidaceae;g__Bacteroides;s__Bacteroides_thetaiotaomicron	-0.0899832776681	-0.0227175216108	-0.00427824470189	0.0138031779058	0.0705767161121	-0.0302866069614	0.00740479825212	-0.0107348211196	0.0393824999349	-0.0280458324692	1.0	-0.0149847102735	-0.0292618036164	-0.0122518598303	-0.0593446032177	0.0390826391521	-0.0117448523903	0.0202896161756	-0.0186893719177	-0.0136002216561	-0.00606426788206	-0.0129603868901	-0.0486632419006	-0.0298014270805	-0.00210843855125	0.0292802466548	-0.0730394364886	-0.0123071593028	-0.0173198700674	-0.035002151733	-0.0552011892509	-0.00534911723311	-0.027459670324	-0.0457502376935	0.0595991395847	-0.000142625381399	0.0168107246137	-0.0400198774345	-0.0551212805298	-0.103006030568	0.0176698651864	-0.0110103037008	-0.0163106768342	0.014636487088	0.0711176378449	-0.0473543480119	0.086589415351	0.0177713563039	-0.0468948588407	0.0268250144703	-0.0289250565168	0.00331931946055	-0.0477489102156	-0.0881146014213	-0.01727120301	-0.0328852157953	0.0396825709599	0.0217875308825	0.0534560773834
k__Bacteria;p__Bacteroidetes;c__Bacteroidia;o__Bacteroidales;f__Bacteroidaceae;g__Bacteroides;s__Bacteroides_coprocola	-0.003262189041	0.0290381625543	-0.0470453039525	-0.0693880180965	-2.32061186929e-05	0.0149453733196	-0.0538377956448	0.0434186796734	0.0123423864966	-0.0437593548931	-0.0149847102735	1.0	0.0141633900356	-0.0187481481547	-0.0866806145262	-0.0132415130828	-0.0448553614838	-0.0274814050682	-0.024066624849	0.0232041880073	-0.00189184706487	-0.0161083447772	-0.0182311168062	0.0273992161696	-0.0158853142359	-0.000629798265382	-0.0165363483342	0.00219823043382	0.00544568139602	-0.0275010082897	0.0198800481557	0.0286630342468	0.0468626381917	-0.0135781187536	0.0276889407956	0.0282256373446	-0.0351857580655	0.00638085921869	0.00660486008907	0.00299607785592	0.0199081831427	-0.0160729170112	0.0556976948999	-0.00362440692834	-0.000132738738466	-0.017069243569	-0.0426778477874	0.0585355091476	-0.0483692327697	-0.0682194205993	0.0131631258167	0.0355416414799	-0.0255007973025	-0.0567006663799	0.0383905767667	0.0180581588451	-0.0357162731198	0.0117027076206	-0.0272315486771
k__Bacteria;p__Bacteroidetes;c__Bacteroidia;o__Bacteroidales;f__Bacteroidaceae;g__Bacteroides;s__Bacteroides_cellulosilyticus	0.0523795433633	-0.000946603869519	-0.0330696833166	-0.0275704653007	0.0230127557509	-0.0413297058441	0.060098308804	-0.0156979893616	0.00932952180187	-0.0193554175891	-0.0292618036164	0.0141633900356	1.0	-0.00690617754728	-0.0768216946066	0.00715563151476	-0.00770015143848	-0.0292130246363	-0.0236804774237	0.0297696770784	-0.00754717467607	-0.0268003675304	-0.0175536168279	-0.00917599619312	-0.00659577586399	-0.0207721770553	0.0553022909032	-0.0654888585741	-0.025172365019	-0.0406903532299	0.0198159438207	-0.0398553517741	0.0307677620383	0.0168287811152	0.0210541253457	0.00753901012988	-0.0535182607092	-0.0593730871525	0.0128338155559	0.00802566102958	0.00758080130918	0.0204358261497	-0.0131100057746	-0.0446513725066	-0.0637108575764	0.0207958608106	-0.0344228331099	-0.0133560478741	-0.0382753631448	0.0455229749685	-0.0348724704189	-0.013835866375	-0.0575745799854	0.0211277596545	0.0200579593548	-0.0236397738557	0.0225284651334	0.0122676462345	-0.0702884397715
k__Bacteria;p__Bacteroidetes;c__Bacteroidia;o__Bacteroidales;f__Rikenellaceae;g__Alistipes;s__Alistipes_obesi	0.0184066093761	0.0297477857469	0.00209266272548	-0.0279562348116	-0.0362227077612	-0.028696038742	-0.0333210107576	-0.111641286285	-0.0180154066024	0.0368199249084	-0.0122518598303	-0.0187481481547	-0.00690617754728	1.0	-0.0157643101897	0.0158827147959	-0.0289783766572	0.0164082061672	0.022721849377	0.0123688856296	0.00635681317504	0.0606584410659	-0.0373171871215	-0.0376051247421	0.00617496338385	0.0174587201237	-0.00357754518725	0.000562351829723	-0.00451206566559	-0.0374693860847	-0.00604566019542	0.0157601416874	0.0534141116732	-0.0482650186808	-0.00272744176245	-0.0277628410698	-0.0193145766163	-0.0383984794304	0.0109079405279	0.0246966972166	-0.00906607843489	-0.0461167119884	0.0225115401096	-0.0199381757625	-0.0347983558875	0.0354912116737	-0.0442892434126	0.00983552205861	0.0104648606671	0.0292814056391	-0.00759429009068	0.0586337824415	-0.0214840448338	0.0321041827354	0.00860760791556	-0.0318532683095	-0.0285217096665	-0.00266613349282	0.0176337518304
k__Bacteria;p__Firmicutes;c__Clostridia;o__Clostridiales;f__Lachnospiraceae;g__;s__[Eubacterium]_rectale	-0.0362205788975	0.0847825526988	0.00785531972135	-0.0185779030859	-0.0157274125273	0.0278966044134	0.0389407340414	-0.0230236158357	-0.0225278113319	0.0109060842451	-0.0593446032177	-0.0866806145262	-0.0768216946066	-0.0157643101897	1.0	0.0306661525941	-0.00788604284966	0.0521395506803	-0.0878563002369	-0.0128243725443	-0.0107917103161	0.0279520752241	-0.0273666184797	-0.0289091970317	-0.0313285734753	0.0258726602469	-0.0100443557408	-0.0884562883585	-0.00651591646679	0.0499818886044	-0.0393760104571	0.0255956690997	-0.0587602270557	0.000247094248756	-0.0232842828065	0.0171317647258	0.0209222771656	0.0465511682876	0.0184037167027	0.0285380559349	0.0349836996654	0.00610903209362	0.00550809717645	-0.0523761069249	0.0349170842218	-0.000526662710507	0.00108105492465	-0.0360208350762	0.0245934442531	-0.0142559731706	-0.0015894390314	-0.0380422091361	0.0653414722263	0.000275526095974	-0.00954698723644	-0.0394763263174	-0.0413512772721	-0.0704880415623	-0.0053819444775
k__Bacteria;p__Bacteroidetes;c__Bacteroidia;o__Bacteroidales;f__Bacteroidaceae;g__Bacteroides;s__Bacteroides_plebeius	-0.0895696443571	0.000478356171173	-0.0232225589567	0.0424443580469	-0.0287495056785	-0.0107125744924	-0.0120446217659	-0.00128790836707	0.00713005201591	0.0278330428276	0.0390826391521	-0.0132415130828	0.00715563151476	0.0158827147959	0.0306661525941	1.0	-0.0188478046624	-0.044822411465	0.0698445105605	-0.00706869476332	0.0174017776848	-0.0372130973404	0.0275638106083	-0.0741387688725	0.0338824678648	-0.0117468730911	-0.0294760521539	-0.0111129245698	-0.0124218002007	-0.0278237162962	-0.0463618459186	-0.0130314184015	0.000314157012726	-0.0541226068502	0.00178472770589	-0.00353748383236	-0.0109983605667	0.00901974651095	-0.0265261143974	0.010560363467	-0.0308737634677	-0.0659015477809	0.0535542406938	-0.00712866626787	0.0191733056001	-0.0360095159585	-0.0251310846564	0.0383324056799	0.0188027712994	-0.0813132197811	0.00963844236522	-0.00469874251146	0.0319521571514	0.00949678407791	0.000650513849647	0.00335623356557	0.0163978239556	-0.00397122030245	-0.00759219920261
k__Bacteria;p__Bacteroidetes;c__Bacteroidia;o__Bacteroidales;f__Bacteroidaceae;g__Bacteroides;s__Bacteroides_fragilis	-0.0511831200504	0.0264255921904	-0.0221828194442	-0.0314502765119	-0.0225867234215	-0.0476024406196	-0.0262905006307	0.0478787198998	-0.00969626693742	-0.0172846073022	-0.0117448523903	-0.0448553614838	-0.00770015143848	-0.0289783766572	-0.00788604284966	-0.0188478046624	1.0	-0.0118489027746	0.02856958063	0.0287902830166	-0.0222331277438	-0.00109433997562	-0.0047285940716	0.0472131618779	-0.050803093078	0.0358900071583	-0.00751697099053	-0.00893954181084	0.0146691142601	0.0499870118268	-0.0272107203563	7.52340951495e-05	0.0267408912258	0.00937332154292	0.0336865440011	0.00449176569952	-0.0239130501452	-0.04439524938	0.0303187971632	-0.0234773550288	-0.00468555534777	0.0392818190102	-0.0426603413341	-0.0272865424015	-0.0258411481337	-0.00403950626566	-0.0170874266653	-0.0363676799763	0.0273687583837	0.0470065829615	-0.0322602581631	-0.0187900760833	-0.0516839642668	0.0295478124706	-0.0480811019791	-0.0303091062275	0.0284916540601	-0.0227160884027	-0.0245929475002
k__Bacteria;p__Proteobacteria;c__Betaproteobacteria;o__Burkholderiales;f__Sutterellaceae;g__Sutterella;s__Sutterella_wadsworthensis	-0.087070229955	-0.0558642622029	0.0105067530725	-0.0427453593674	-0.0363139718842	-0.00708120761407	-0.0321621506491	0.000405482886533	0.0410803914243	-0.0150866988975	0.0202896161756	-0.0274814050682	-0.0292130246363	0.0164082061672	0.0521395506803	-0.044822411465	-0.0118489027746	1.0	-0.0095034870457	-0.000795535076794	-0.0263114078999	0.0112980160771	-0.0232654272844	0.0194084642425	-0.00660292687887	0.0128673493206	0.00270646804945	0.000846152018932	0.029875590621	-0.0447267318516	-0.0569196505722	-0.00457528206452	0.0596886335313	-0.0637439415241	0.0182401616436	-0.0567274813353	-0.0959442092688	0.0307385204786	-0.029682231074	0.047164527716	-0.0523024857892	0.0124369519225	-0.0775259624054	-0.0494723905019	0.00178725158773	-0.0686344200339	-0.0279360694652	0.00191898703801	0.0269355531994	-0.0148966431637	0.0107984621438	-0.0263463665342	-0.0323793338952	-0.0138796936708	0.0310790909177	0.0274311153055	-0.0166284764441	-0.02618542168	-0.0125363470751
k__Bacteria;p__Bacteroidetes;c__Bacteroidia;o__Bacteroidales;f__Porphyromonadaceae;g__Barnesiella;s__Barnesiella_intestinihominis	0.00845542491681	0.018392489828	0.0192986949471	-0.0219316784274	-0.0324463368849	0.0225125057651	-0.0144532578576	0.0143479659197	-0.0196748397945	-0.0334921722377	-0.0186893719177	-0.024066624849	-0.0236804774237	0.022721849377	-0.0878563002369	0.0698445105605	0.02856958063	-0.0095034870457	1.0	-0.0289790870926	0.0774232528536	-0.0635122411083	-0.0152341354195	-0.042642028671	-0.084502649714	-0.0288272171436	0.0260648935025	-0.0283002102915	0.0184610118768	-0.050270608241	-0.00615674008729	-0.00623607698866	-0.0340013861116	0.092815375958	0.0260653561398	-0.0258527902254	-0.0294005956483	0.0157985393493	-0.040637674124	-0.0117004685373	0.00696886722672	0.00870046538262	-0.00103152713874	-0.0167529532579	-0.0291213632009	0.0461877336385	-0.0351670012915	0.0552571529236	-0.0657056571146	0.0236468662647	0.0558592273099	-0.0329896385992	0.0380909301187	-0.0300190863868	-0.0033210354568	0.0980899662048	-0.000457127822211	-0.0243377135637	0.0477127592526
k__Bacteria;p__Bacteroidetes;c__Bacteroidia;o__Bacteroidales;f__Odoribacteraceae;g__Odoribacter;s__Odoribacter_splanchnicus	-0.0381141692642	-0.0403378871728	-0.0666808695769	0.0467877075356	-0.0148233998043	-0.0502481153961	0.0189900638023	0.0377324179638	-0.0234864225059	-0.0483355689802	-0.0136002216561	0.0232041880073	0.0297696770784	0.0123688856296	-0.0128243725443	-0.00706869476332	0.0287902830166	-0.000795535076794	-0.0289790870926	1.0	-0.0295834224656	-0.0437213532271	0.0679944454466	0.0178380782455	-0.000334905262216	0.0193115908873	-0.0125708003713	0.0155404022974	0.0203174589886	0.0454064862224	-0.0442479550111	-0.0213743313771	-0.0202061017686	0.0149899362853	-0.0223846239266	-0.0417217084002	0.0063150860572	0.0379988787686	-0.0951206230708	0.0271050554684	0.0548052513204	0.0510756397184	-0.0377201508002	-0.0244943423786	-0.024064833671	0.00974554775781	-0.0619756545493	-0.0255316562063	0.0105510280636	0.000562618009655	-0.0601135111526	-0.0684752248406	0.000608837306597	0.0234491737254	-0.013914738897	-0.035710056873	0.0309565094142	-0.0369490137575	-0.00705793420783
k__Bacteria;p__Bacteroidetes;c__Bacteroidia;o__Bacteroidales;f__Bacteroidaceae;g__Bacteroides;s__Bacteroides_salyersiae	0.00744526208831	-0.0180259826754	-0.0303071077135	-0.0911109264792	-0.0289318535237	-0.0601331439365	-0.00273397755914	0.028637813046	0.0730094082388	0.0443708578112	-0.00606426788206	-0.00189184706487	-0.00754717467607	0.00635681317504	-0.0107917103161	0.0174017776848	-0.0222331277438	-0.0263114078999	0.0774232528536	-0.0295834224656	1.0	-0.0359947380032	-0.00565656082243	0.0375555843118	-0.0338278043149	-0.00512993965787	0.00834534834035	-0.0115809902987	-0.0525369597064	0.0204453518126	0.00258725419547	-0.0325656370158	-0.0317589946665	-0.0346459456957	-0.0489028444526	-0.0654607965042	-0.0384207402319	0.0415738417976	-0.068757435375	-0.0241988849138	-0.00397975594354	-0.0355242202611	-0.0190033643864	0.0030354623546	-0.00931543981563	-0.00526005491673	0.0423186923112	-0.0407579477259	-0.0322480202887	0.0254416085586	-0.0225453470839	-0.0305740557826	-0.0383866598789	0.0279636045531	0.0815949081148	-0.0041373845987	0.00892327260441	-0.0212190632839	0.00106321235494
k__Bacteria;p__Firmicutes;c__Clostridia;o__Clostridiales;f__Ruminococcaceae;g__Ruminiclostridium;s__[Eubacterium]_siraeum	-0.00826212716687	-0.0405862211145	0.0465162922146	-0.0249176028658	-0.00353118129934	0.0143412241451	-0.0120363721343	0.00408984809231	-0.0413358114445	0.0114258966015	-0.0129603868901	-0.0161083447772	-0.0268003675304	0.0606584410659	0.0279520752241	-0.0372130973404	-0.00109433997562	0.0112980160771	-0.0635122411083	-0.0437213532271	-0.0359947380032	1.0	0.0260274993375	-0.00280863368884	0.0361682280439	0.00373005067933	-0.0154801935422	0.0162175335665	0.00792678395559	0.0101985105755	0.0217463475251	0.0203412991574	-0.053965910413	0.00243705051783	0.00161955597744	0.00733998671542	-0.0189905341979	-0.0239916699256	0.0227011309308	0.0567706157296	0.0644565303637	-0.0201155846829	0.00665975312111	0.00985779361945	-0.0403294206182	-0.000417956695213	-0.0300374443882	-0.013892733308	0.0345642486874	-0.0215571143678	-0.0576650138479	-0.0216811573937	0.00836748094251	-0.0146923973215	0.0192174183043	0.0393477681951	0.0178608457577	-0.0265817789791	-0.0548772923939
k__Bacteria;p__Proteobacteria;c__Betaproteobacteria;o__Burkholderiales;f__Sutterellaceae;g__Parasutterella;s__Parasutterella_excrementihominis	0.0599394385256	0.00360598015375	0.0152331115782	0.0712964630979	0.0406660946293	0.0763319047708	-0.0324953634942	-0.00726668026372	-0.0388235164249	-0.0577091608149	-0.0486632419006	-0.0182311168062	-0.0175536168279	-0.0373171871215	-0.0273666184797	0.0275638106083	-0.0047285940716	-0.0232654272844	-0.0152341354195	0.0679944454466	-0.00565656082243	0.0260274993375	1.0	-0.0416685082843	0.0108688224081	-0.0929706693174	-0.0404988518402	0.0161780234248	0.0300594845694	0.00272803509543	0.0182405547524	0.00547569401331	0.0396312156169	-0.046903880712	0.0316327447878	-0.0465633942152	0.0523035427723	-0.0334087250046	0.0242472593621	-0.00582689531653	0.0190738261019	-0.0487143957277	-0.0385568992678	0.015637228263	0.0245261142749	-0.00109580500004	-0.0414842724341	-0.0215494015929	0.0196417742952	-0.0472199109269	-0.0235955834916	-0.035938933635	-0.0171408457228	0.013665689599	0.0084698709102	-0.0147458440071	0.000707234895642	-0.0258195502138	0.013577501248
k__Bacteria;p__Actinobacteria;c__Actinobacteria;o__Bifidobacteriales;f__Bifidobacteriaceae;g__Bifidobacterium;s__Bifidobacterium_adolescentis	-0.0212656739226	-0.00571550351851	-0.0334299177045	-0.0450247906055	-0.000724991846674	0.026664409287	0.0217095381738	0.00870794295997	-0.0340511122639	0.00821110818906	-0.0298014270805	0.0273992161696	-0.00917599619312	-0.0376051247421	-0.0289091970317	-0.0741387688725	0.0472131618779	0.0194084642425	-0.042642028671	0.0178380782455	0.0375555843118	-0.00280863368884	-0.0416685082843	1.0	0.0154083677822	0.0263832629638	0.0341583319411	0.00740315631468	0.0101528577176	0.000116831225732	-0.00937608527641	-0.0383472418096	0.00963145431482	0.0130842600326	-0.0167774481551	0.0372521020391	-0.0114947050938	0.0659595473391	-0.00215041567255	-0.0330146767644	0.021307958562	0.0200589051524	-0.0505359082249	-0.0868408306394	0.0154342890444	-0.0391889464837	-0.0296490638353	-0.0591383233715	-0.0629113248359	0.0667281473919	0.00153602743379	-0.0475926800959	-0.0336484619486	0.0136649904997	-0.0412408408236	0.0473214733882	0.0184555560379	-0.0466503167317	0.0126410757513
k__Bacteria;p__Firmicutes;c__Clostridia;o__Clostridiales;f__Oscillospiraceae;g__Oscillibacter;s__Oscillibacter_sp._KLE_1745	-0.00663268856047	0.0301736717685	0.00638257111174	0.0118880635306	-0.0181726311272	0.00898393323914	0.00440540836824	-0.0215601543678	0.0146604187571	0.00621788897151	-0.00210843855125	-0.0158853142359	-0.00659577586399	0.00617496338385	-0.0313285734753	0.0338824678648	-0.050803093078	-0.00660292687887	-0.084502649714	-0.000334905262216	-0.0338278043149	0.0361682280439	0.0108688224081	0.0154083677822	1.0	-0.027249430034	-0.017542292336	-0.0207192589867	-0.0486749706362	-0.0510768136547	0.0601227119125	-0.0412618222467	0.0072688491917	0.0162448614572	-0.000544522730176	0.0691907326257	-0.0124403151836	-0.00864782630355	0.0148366786866	-0.0190875025333	-0.0438738360847	-0.0279983135126	0.0122420215843	0.0391129599194	-0.014409528658	0.0481266700571	0.0156028034937	-0.0464677614648	-0.0643116773797	0.0671797408222	0.0207930038029	0.0432216833286	0.0299898777684	0.0187019158332	0.0189350330977	-0.0461403214226	0.0397822726408	0.0296332761114	0.0131959665794
k__Bacteria;p__Bacteroidetes;c__Bacteroidia;o__Bacteroidales;f__Bacteroidaceae;g__Bacteroides;s__Bacteroides_coprophilus	-0.038727942058	0.00737345478539	0.0400212533236	-0.0144946923305	0.0253064283345	-0.0678350580258	-0.00913351845334	0.0307706530329	-0.0190386368238	-0.0529210996429	0.0292802466548	-0.000629798265382	-0.0207721770553	0.0174587201237	0.0258726602469	-0.0117468730911	0.0358900071583	0.0128673493206	-0.0288272171436	0.0193115908873	-0.00512993965787	0.00373005067933	-0.0929706693174	0.0263832629638	-0.027249430034	1.0	0.0124178016262	-0.0587149612267	-0.0624289758151	-0.0192595238229	0.0161688211005	-0.013255251093	0.0139106325969	0.0308145291753	-0.0524388159062	-0.0037435312738	-0.015586468392	-0.0457917690286	0.0651843479281	0.0448848036836	-0.0812163894285	0.0112664044675	-0.0108429247961	-0.0130822328632	0.0151401448072	-0.0501594571962	0.0153958228435	0.0337462218275	0.0443191459474	0.00927938957445	0.00524441917717	-0.0409037197116	-0.0666669268049	-0.00675621641371	-0.00910793661289	-0.0128310438653	0.0667014022154	0.00220110149601	0.0134895247914
k__Bacteria;p__Firmicutes;c__Clostridia;o__Clostridiales;f__Lachnospiraceae;g__Roseburia;s__Roseburia_intestinalis	-5.64778741805e-05	-0.0406639976366	-0.0262564410378	-0.0432075640974	-0.0420452218141	-0.0174373052578	0.0101199303852	-0.0101750821833	0.00671331135308	-0.00245705148846	-0.0730394364886	-0.0165363483342	0.0553022909032	-0.00357754518725	-0.0100443557408	-0.0294760521539	-0.00751697099053	0.00270646804945	0.0260648935025	-0.0125708003713	0.00834534834035	-0.0154801935422	-0.0404988518402	0.0341583319411	-0.017542292336	0.0124178016262	1.0	-0.0173525828944	-0.0172292397793	-0.00519004954343	-0.032482924525	0.0382387218848	0.00568381149472	-0.0984409393857	0.035127981533	0.0090237591768	-0.0366796312753	-0.0426972269533	0.0237666124216	0.00356005347985	-0.0607600694498	0.0112428687738	0.0244544544444	-0.0513704855668	-0.0916986718369	-0.00756354170467	-0.0111253789007	0.0239164242714	0.0027491341453	0.0391272364058	0.0226115803606	-0.00692762804454	0.00330643406391	-0.0135570230983	-0.02960817815	-0.00992122238337	-0.0207782298575	0.0419517937562	-0.04111817318
k__Bacteria;p__Firmicutes;c__Clostridia;o__Clostridiales;f__Lachnospiraceae;g__Roseburia;s__Roseburia_hominis	-0.0255497402459	-0.00514593527944	0.0577063297094	-0.0406624484594	0.00925745527721	0.0197839970718	-0.0444376630083	-0.0098435750925	0.051024524894	-0.0122503296193	-0.0123071593028	0.00219823043382	-0.0654888585741	0.000562351829723	-0.0884562883585	-0.0111129245698	-0.00893954181084	0.000846152018932	-0.0283002102915	0.0155404022974	-0.0115809902987	0.0162175335665	0.0161780234248	0.00740315631468	-0.0207192589867	-0.0587149612267	-0.0173525828944	1.0	-0.0254407162065	0.00687023301951	0.00380040699905	0.00871545704462	0.00597958312856	0.0135316724306	0.0156346802861	0.0274928810758	0.00426314816405	-0.0214673110611	0.0489267274686	0.00430865646286	-0.0386495273147	0.0514358056256	0.0294303622202	-0.0473116029797	-0.0625737747348	-0.0149188370551	0.00606369785971	-0.005494827501	-0.0214764438371	-0.0611813748403	0.0328282626001	-0.0572114601054	-0.0176289020682	0.0472171620678	-0.0602500760018	-0.0164970343066	0.016304877656	0.0410230944224	-0.0542341403053
k__Bacteria;p__Bacteroidetes;c__Bacteroidia;o__Bacteroidales;f__Porphyromonadaceae;g__Parabacteroides;s__Parabacteroides_johnsonii	-0.0240168378584	-0.0336070234418	-0.0555222913966	-0.0571945115373	-0.016311365003	-0.0163850831731	-0.0399675036537	-0.0154115560392	-0.0918141486846	0.0147333433157	-0.0173198700674	0.00544568139602	-0.025172365019	-0.00451206566559	-0.00651591646679	-0.0124218002007	0.0146691142601	0.029875590621	0.0184610118768	0.0203174589886	-0.0525369597064	0.00792678395559	0.0300594845694	0.0101528577176	-0.0486749706362	-0.0624289758151	-0.0172292397793	-0.0254407162065	1.0	0.0228325335791	0.0441712903081	0.0414033524886	-0.0269961617511	-0.0228536998044	0.00248920115842	-0.0105026957086	0.0294008218848	0.0610069246114	-0.0327468075991	-0.0206029085669	-0.0179968053657	-0.0307618551446	-0.005832978953	-0.00927831867889	0.0284620125959	-0.0546474037982	-0.00192543195847	-0.013956111165	0.0334885059861	0.0270095143616	0.0277366855454	0.0469990740266	-0.0274253651888	0.0242817134168	-0.00376056532733	0.0312668505732	-0.0277976481197	-0.0540681795322	0.0502615883607
k__Bacteria;p__Actinobacteria;c__Actinobacteria;o__Bifidobacteriales;f__Bifidobacteriaceae;g__Bifidobacterium;s__Bifidobacterium_longum	0.029536219743	-0.0308811917193	-0.0174038307911	0.00630531768621	-0.00698992448014	0.0525070510966	0.0533635003158	-0.0199355103146	0.00260654744583	-0.0809411834159	-0.035002151733	-0.0275010082897	-0.0406903532299	-0.0374693860847	0.0499818886044	-0.0278237162962	0.0499870118268	-0.0447267318516	-0.050270608241	0.0454064862224	0.0204453518126	0.0101985105755	0.00272803509543	0.000116831225732	-0.0510768136547	-0.0192595238229	-0.00519004954343	0.00687023301951	0.0228325335791	1.0	-0.00847841578906	-0.0219655821871	0.0163253849817	-0.0213989098792	-0.0382339785499	0.0309231751249	-0.0260373495266	0.00388717569867	-0.0719133191869	0.0166295176102	0.0421017713016	-0.0297392086454	0.03427149278	0.0132586233096	-0.00936895168547	-0.00391128866442	-0.0114765521847	0.0215158375714	-0.0232936073945	-0.0345216135102	-0.0573941964234	-0.0591229769069	-0.0521845829059	0.0160259124399	-0.00660062998488	-0.0208633349192	-0.0313145691089	0.057863833456	-0.0518048169212
