#taxonomy	k__Bacteria;p__Bacteroidetes;c__Bacteroidia;o__Bacteroidales;f__Bacteroidaceae;g__Bacteroides;s__Bacteroides_vulgatus	k__Bacteria;p__Bacteroidetes;c__Bacteroidia;o__Bacteroidales;f__Bacteroidaceae;g__Bacteroides;s__Bacteroides_uniformis	k__Bacteria;p__Bacteroidetes;c__Bacteroidia;o__Bacteroidales;f__Rikenellaceae;g__Alistipes;s__Alistipes_putredinis	k__Bacteria;p__Bacteroidetes;c__Bacteroidia;o__Bacteroidales;f__Prevotellaceae;g__Prevotella;s__Prevotella_copri	k__Bacteria;p__Bacteroidetes;c__Bacteroidia;o__Bacteroidales;f__Bacteroidaceae;g__Bacteroides;s__Bacteroides_stercoris	k__Bacteria;p__Bacteroidetes;c__Bacteroidia;o__Bacteroidales;f__Bacteroidaceae;g__Bacteroides;s__Bacteroides_ovatus	k__Bacteria;p__Bacteroidetes;c__Bacteroidia;o__Bacteroidales;f__Rikenellaceae;g__Alistipes;s__Alistipes_shahii	k__Bacteria;p__Firmicutes;c__Clostridia;o__Clostridiales;f__Ruminococcaceae;g__Faecalibacterium;s__Faecalibacterium_prausnitzii	k__Bacteria;p__Bacteroidetes;c__Bacteroidia;o__Bacteroidales;f__Rikenellaceae;g__Alistipes;s__Alistipes_finegoldii	k__Bacteria;p__Bacteroidetes;c__Bacteroidia;o__Bacteroidales;f__Porphyromonadaceae;g__Parabacteroides;s__Parabacteroides_distasonis	k__Bacteria;p__Bacteroidetes;c__Bacteroidia;o__Bacteroidales;f__Bacteroidaceae;g__Bacteroides;s__Bacteroides_thetaiotaomicron	k__Bacteria;p__Bacteroidetes;c__Bacteroidia;o__Bacteroidales;f__Bacteroidaceae;g__Bacteroides;s__Bacteroides_coprocola	k__Bacteria;p__Bacteroidetes;c__Bacteroidia;o__Bacteroidales;f__Bacteroidaceae;g__Bacteroides;s__Bacteroides_cellulosilyticus	k__Bacteria;p__Bacteroidetes;c__Bacteroidia;o__Bacteroidales;f__Rikenellaceae;g__Alistipes;s__Alistipes_obesi	k__Bacteria;p__Firmicutes;c__Clostridia;o__Clostridiales;f__Lachnospiraceae;g__;s__[Eubacterium]_rectale	k__Bacteria;p__Bacteroidetes;c__Bacteroidia;o__Bacteroidales;f__Bacteroidaceae;g__Bacteroides;s__Bacteroides_plebeius	k__Bacteria;p__Bacteroidetes;c__Bacteroidia;o__Bacteroidales;f__Bacteroidaceae;g__Bacteroides;s__Bacteroides_fragilis	k__Bacteria;p__Proteobacteria;c__Betaproteobacteria;o__Burkholderiales;f__Sutterellaceae;g__Sutterella;s__Sutterella_wadsworthensis	k__Bacteria;p__Bacteroidetes;c__Bacteroidia;o__Bacteroidales;f__Porphyromonadaceae;g__Barnesiella;s__Barnesiella_intestinihominis	k__Bacteria;p__Bacteroidetes;c__Bacteroidia;o__Bacteroidales;f__Odoribacteraceae;g__Odoribacter;s__Odoribacter_splanchnicus	k__Bacteria;p__Bacteroidetes;c__Bacteroidia;o__Bacteroidales;f__Bacteroidaceae;g__Bacteroides;s__Bacteroides_salyersiae	k__Bacteria;p__Firmicutes;c__Clostridia;o__Clostridiales;f__Ruminococcaceae;g__Ruminiclostridium;s__[Eubacterium]_siraeum	k__Bacteria;p__Proteobacteria;c__Betaproteobacteria;o__Burkholderiales;f__Sutterellaceae;g__Parasutterella;s__Parasutterella_excrementihominis	k__Bacteria;p__Actinobacteria;c__Actinobacteria;o__Bifidobacteriales;f__Bifidobacteriaceae;g__Bifidobacterium;s__Bifidobacterium_adolescentis	k__Bacteria;p__Firmicutes;c__Clostridia;o__Clostridiales;f__Oscillospiraceae;g__Oscillibacter;s__Oscillibacter_sp._KLE_1745	k__Bacteria;p__Bacteroidetes;c__Bacteroidia;o__Bacteroidales;f__Bacteroidaceae;g__Bacteroides;s__Bacteroides_coprophilus	k__Bacteria;p__Firmicutes;c__Clostridia;o__Clostridiales;f__Lachnospiraceae;g__Roseburia;s__Roseburia_intestinalis	k__Bacteria;p__Firmicutes;c__Clostridia;o__Clostridiales;f__Lachnospiraceae;g__Roseburia;s__Roseburia_hominis	k__Bacteria;p__Bacteroidetes;c__Bacteroidia;o__Bacteroidales;f__Porphyromonadaceae;g__Parabacteroides;s__Parabacteroides_johnsonii	k__Bacteria;p__Actinobacteria;c__Actinobacteria;o__Bifidobacteriales;f__Bifidobacteriaceae;g__Bifidobacterium;s__Bifidobacterium_longum	k__Bacteria;p__Firmicutes;c__Clostridia;o__Clostridiales;f__;g__Flavonifractor;s__Flavonifractor_plautii	k__Bacteria;p__Firmicutes;c__Clostridia;o__Clostridiales;f__Clostridiaceae;g__Clostridium;s__Clostridium_phoceensis	k__Bacteria;p__Verrucomicrobia;c__Verrucomicrobiae;o__Verrucomicrobiales;f__Akkermansiaceae;g__Akkermansia;s__Akkermansia_muciniphila	k__Bacteria;p__Bacteroidetes;c__Bacteroidia;o__Bacteroidales;f__Prevotellaceae;g__Paraprevotella;s__Paraprevotella_xylaniphila	k__Bacteria;p__Firmicutes;c__Clostridia;o__Clostridiales;f__Ruminococcaceae;g__Ruminococcus;s__Ruminococcus_callidus	k__Bacteria;p__Bacteroidetes;c__Bacteroidia;o__Bacteroidales;f__Rikenellaceae;g__Alistipes;s__Alistipes_senegalensis	k__Bacteria;p__Firmicutes;c__Clostridia;o__Clostridiales;f__Lachnospiraceae;g__Blautia;s__Blautia_sp._KLE_1732	k__Bacteria;p__Bacteroidetes;c__Bacteroidia;o__Bacteroidales;f__Bacteroidaceae;g__Bacteroides;s__Bacteroides_oleiciplenus	k__Bacteria;p__Firmicutes;c__Clostridia;o__Clostridiales;f__Ruminococcaceae;g__Ruminococcus;s__Ruminococcus_bicirculans	k__Bacteria;p__Bacteroidetes;c__Bacteroidia;o__Bacteroidales;f__Bacteroidaceae;g__Bacteroides;s__Bacteroides_fluxus	k__Bacteria;p__Bacteroidetes;c__Bacteroidia;o__Bacteroidales;f__Prevotellaceae;g__Prevotella;s__Prevotella_stercorea	k__Bacteria;p__Firmicutes;c__Clostridia;o__Clostridiales;f__Lachnospiraceae;g__Dorea;s__Dorea_longicatena	k__Bacteria;p__Firmicutes;c__Clostridia;o__Clostridiales;f__Eubacteriaceae;g__Eubacterium;s__[Eubacterium]_eligens	k__Bacteria;p__Firmicutes;c__Clostridia;o__Clostridiales;f__Ruminococcaceae;g__;s__Ruminococcaceae_bacterium_D16	k__Bacteria;p__Firmicutes;c__Clostridia;o__Clostridiales;f__Lachnospiraceae;g__Coprococcus;s__Coprococcus_comes	k__Bacteria;p__Proteobacteria;c__Gammaproteobacteria;o__Enterobacterales;f__Enterobacteriaceae;g__Escherichia;s__Escherichia_coli	k__Bacteria;p__Firmicutes;c__Clostridia;o__Clostridiales;f__Ruminococcaceae;g__Anaerotruncus;s__Anaerotruncus_colihominis	k__Bacteria;p__Firmicutes;c__Clostridia;o__Clostridiales;f__Lachnospiraceae;g__Blautia;s__Blautia_obeum	k__Bacteria;p__Bacteroidetes;c__Bacteroidia;o__Bacteroidales;f__Odoribacteraceae;g__Odoribacter;s__Odoribacter_laneus	k__Bacteria;p__Firmicutes;c__Clostridia;o__Clostridiales;f__Ruminococcaceae;g__Ruminiclostridium;s__[Clostridium]_leptum	k__Bacteria;p__Bacteroidetes;c__Bacteroidia;o__Bacteroidales;f__Porphyromonadaceae;g__Parabacteroides;s__Parabacteroides_goldsteinii	k__Bacteria;p__Firmicutes;c__Clostridia;o__Clostridiales;f__Lachnospiraceae;g__Anaerostipes;s__Anaerostipes_hadrus	k__Bacteria;p__Firmicutes;c__Clostridia;o__Clostridiales;f__Ruminococcaceae;g__Ruminococcus;s__Ruminococcus_lactaris	k__Bacteria;p__Firmicutes;c__Clostridia;o__Clostridiales;f__Clostridiaceae;g__Clostridium;s__Clostridium_sp._L2-50	k__Bacteria;p__Firmicutes;c__Clostridia;o__Clostridiales;f__Clostridiaceae;g__Clostridium;s__Clostridium_sp._M62/1	k__Bacteria;p__Firmicutes;c__Clostridia;o__Clostridiales;f__;g__Intestinimonas;s__Intestinimonas_butyriciproducens	k__Bacteria;p__Actinobacteria;c__Actinobacteria;o__Bifidobacteriales;f__Bifidobacteriaceae;g__Bifidobacterium;s__Bifidobacterium_bifidum	k__Bacteria;p__Firmicutes;c__Negativicutes;o__Veillonellales;f__Veillonellaceae;g__Dialister;s__Dialister_invisus	k__Bacteria;p__Bacteroidetes;c__Bacteroidia;o__Bacteroidales;f__Bacteroidaceae;g__Bacteroides;s__Bacteroides_salanitronis
k__Bacteria;p__Bacteroidetes;c__Bacteroidia;o__Bacteroidales;f__Bacteroidaceae;g__Bacteroides;s__Bacteroides_vulgatus	1.0	0.0421309049875	-0.0101935907653	-0.0111962508697	-0.0290853274833	0.0439864506932	0.0119375650693	0.0114915477834	0.0177618455743	0.0322472928321	0.0105937610644	-0.0227346959069	-0.0421890412236	-0.0794940138329	-0.0488755651938	0.00587789570688	-0.0362296603398	-0.0371276304672	0.0482363799344	-0.0011703555233	-0.0586228841585	-0.058753991961	0.0225660012511	0.0136122708208	0.0157255446697	-0.0483739783505	-0.0268141301098	-0.0477794471505	0.0860985212856	0.0337907214079	0.0534309756628	0.00909623805922	-0.0121351010445	-0.0414819429982	0.00371067492665	-0.0962347719017	-0.00556242834316	0.0183082008515	-0.0445383257954	-0.0357872380552	0.000941900332844	-0.0221568825143	0.0252587201555	-0.0208760289162	-0.00886094520316	-0.0376618595409	0.00244860419403	0.0415253767322	-0.00528228040651	-0.0422509847584	-0.0760712571517	0.0524002237145	-0.0645085163903	0.00483769225374	-0.0226699547505	-0.0227435623908	0.0348878584669	-0.0402387705012	0.0168792768893
k__Bacteria;p__Bacteroidetes;c__Bacteroidia;o__Bacteroidales;f__Bacteroidaceae;g__Bacteroides;s__Bacteroides_uniformis	0.0421309049875	1.0	-0.073710584162	0.013489439342	-0.0344634864417	0.0346553966376	0.0241434026709	-0.0585465554761	-0.0588760750202	0.0524051341405	0.000346677906679	0.0333683622281	0.0349889412892	-0.0448928056006	-0.000200521725117	0.0286177444315	0.0745563773978	0.00121934817579	-0.00365780338126	-0.019673830537	-0.0477110493348	-0.0142499632519	0.0182737274831	-0.0195095043199	-0.00842913647633	0.0522969602605	0.0248053741471	-0.0644827015378	0.0145747463441	0.0502599906857	-0.0123011660858	-0.0798259987269	0.0196271022733	0.0316572920272	0.0297458663934	0.00821436409913	-0.0238546626634	0.00133295754315	0.0334461601777	-0.00934161097702	-0.00606937542901	-0.0123733761266	0.00178567373721	-0.0623716855379	-0.035246731393	0.033170946155	0.0262194491039	-0.0535116450334	-0.0183144467192	0.0161272637028	-0.0239852517764	-0.0212415075555	-0.0460493409653	-0.0147931952954	0.0315896649127	-0.0611286823433	0.0403120813692	-0.0341876976527	-0.00508508501406
k__Bacteria;p__Bacteroidetes;c__Bacteroidia;o__Bacteroidales;f__Rikenellaceae;g__Alistipes;s__Alistipes_putredinis	-0.0101935907653	-0.073710584162	1.0	-0.0205443327754	-0.023900423411	-0.0250204302567	-0.0464455114745	-0.00109015910222	0.0085921091028	0.0812939934781	0.0032722319988	-0.0696296839454	-0.0147335043522	0.0305094896901	-0.0657017042574	-0.0241462506522	-0.00305744628638	-0.0304322978079	0.0223090060081	0.0392482271139	0.0411158757133	0.00719151710666	0.0105151604702	-0.0440725082737	0.00364764673386	-0.0190639287626	-0.0304985254622	-0.0433446056588	-0.0323762066378	-0.0130643540864	-0.0455526442264	-0.0250214054319	0.0318911549257	0.0245584710629	0.020140453228	0.0213413413572	0.0103171734164	-0.0363812840388	0.00145465464716	0.011933784159	-0.0523785830226	-0.01244797875	0.0521472442563	0.0178646385236	-0.00592018276367	-0.012428698265	0.0140525515421	-0.000761347620524	0.0154142107566	0.0028743034029	0.00548972225787	-0.0245706369984	-0.0239646245231	0.00546594656493	-0.00978574133326	0.0333752149152	0.0102278653245	-0.0479791524968	-0.037990846491
k__Bacteria;p__Bacteroidetes;c__Bacteroidia;o__Bacteroidales;f__Prevotellaceae;g__Prevotella;s__Prevotella_copri	-0.0111962508697	0.013489439342	-0.0205443327754	1.0	-0.0397709876042	0.0223648561263	0.0287983882064	0.0348303827616	0.0158960246725	0.0610100316361	-0.00870139748253	-0.00183692730733	0.00071224313106	-0.0761318551888	0.0660289151672	-0.0761805595725	0.0400004116133	-0.02538299671	-0.0654226851597	-0.0262253493527	0.00290219697433	-0.000876327572565	-0.0229687595813	0.0174641797204	0.0287128439407	-0.0815033740669	-0.00848677886975	-0.00937477167055	0.0278035568228	0.014656435533	0.00933581796671	0.0550738675662	-0.0571621171131	0.0308915349716	0.0128002734427	-0.0511534504948	-0.0361479314113	-0.00388629880451	0.00917940553575	-0.0543410155355	0.0404979875975	0.0244653116571	-0.0431067305776	0.0635184223184	0.0277860808304	0.0233500302468	-0.00974449653259	-0.0740232786526	-0.0156184399267	0.0523262755793	0.00879521220626	-0.017100970348	0.0301759376918	0.00129549802465	0.0194208856665	0.0553896142545	-0.00968932503321	0.0237105445336	-0.0489235643578
k__Bacteria;p__Bacteroidetes;c__Bacteroidia;o__Bacteroidales;f__Bacteroidaceae;g__Bacteroides;s__Bacteroides_stercoris	-0.0290853274833	-0.0344634864417	-0.023900423411	-0.0397709876042	1.0	0.00180343307374	-0.000793206380739	-0.0444610181447	0.0955943534919	-0.0234009394318	0.00677877039996	-0.00672091371792	0.0127369891945	0.00989796447707	0.018848886512	-0.00800093416946	-0.0331140052766	0.0114245776424	0.00692881807069	0.0238841089444	-0.00962073765579	-0.0289507572265	0.0229851602634	0.0480460115107	0.0221917370193	-0.050225422245	0.00464395562689	-0.000358601145448	0.0402489815211	0.0506788319213	0.0469682536933	0.0296888886147	-0.0113684380407	-0.0398825937298	-0.0679362579248	0.00540412259077	0.0500855592126	-0.00221115738651	0.0271617123563	0.0104091997878	-0.0583269364004	-0.00795002347401	0.0303438128704	-0.0553880816651	-0.0144958859073	-0.00799427979637	-0.0136312528201	-0.0510206053319	-0.00565097270641	0.00409451202403	-0.0180317884026	0.00468551930954	-0.0193398954864	-0.00670141046309	0.000755224561885	-0.00597961520078	-0.0743656878788	-0.00829518789452	-0.0546929149923
k__Bacteria;p__Bacteroidetes;c__Bacteroidia;o__Bacteroidales;f__Bacteroidaceae;g__Bacteroides;s__Bacteroides_ovatus	0.0439864506932	0.0346553966376	-0.0250204302567	0.0223648561263	0.00180343307374	1.0	-0.0155659418486	0.0106782874765	-0.047395028979	-0.0891238063806	-0.0251781230274	-0.0403934359776	-0.0503166639089	-0.0175557732553	-0.0566241243931	-0.0441524447994	0.000502600197517	-0.0425910401375	-0.00292055158914	0.0338882010854	-0.00238562321625	-0.0585948241734	0.0249783258104	0.0449780797695	0.0142389626822	0.0257050097996	-0.0145320190437	-0.0431665350305	-0.0440601449964	0.00947629952618	-0.018971483076	0.0317645447752	-0.0392327399223	0.0255688355058	0.0456326529173	-0.0226417465232	-0.0240082078987	-0.0532446460876	-0.0268026756612	-0.00318204078584	0.0170951726552	-0.0176113308934	-0.020991058421	-0.00393314664906	-0.0326817548703	0.00576333156214	-0.0139394232475	-0.0237783965021	-0.0311019113674	0.00695472995091	0.00624558991916	-0.0341774734275	-0.0176636222898	0.0128398522501	-0.0103599491702	-0.0133675427869	-0.00676353723643	0.0126083475053	-0.0197770436692
k__Bacteria;p__Bacteroidetes;c__Bacteroidia;o__Bacteroidales;f__Rikenellaceae;g__Alistipes;s__Alistipes_shahii	0.0119375650693	0.0241434026709	-0.0464455114745	0.0287983882064	-0.000793206380739	-0.0155659418486	1.0	-0.00502532000892	0.0126895581781	0.00500767665609	0.0242727633349	0.0104710685644	-0.0205289902066	-0.00247747057121	-0.0383528807714	-0.0127411220438	-0.0520162711611	0.0547151911203	0.0443945443201	-0.0659474775935	-0.041739754953	0.0829418195637	0.0233110835981	0.0436499273383	-0.0337722835845	-0.00831046927404	0.0393703376812	0.000102401242764	0.0413921119879	-0.0300546965373	-0.0182958200476	0.0190044503529	0.00191168526875	0.0157281808791	0.0398666513881	0.0225060541859	-0.0813330295099	-0.0344053913114	0.00485793614809	-0.0607713590781	-0.0535749248426	0.00790837130756	-0.00323359026072	-0.055549799429	-0.020963843651	-0.0539750774713	0.0474423236259	-0.0555073412018	0.0464071563032	-0.0393595537193	-0.0407825450415	0.0162891107463	-0.0654355302933	0.0335856850912	-0.0114251188628	-0.0227780169766	-0.0247486415719	-0.00356097852181	-0.00117325117115
k__Bacteria;p__Firmicutes;c__Clostridia;o__Clostridiales;f__Ruminococcaceae;g__Faecalibacterium;s__Faecalibacterium_prausnitzii	0.0114915477834	-0.0585465554761	-0.00109015910222	0.0348303827616	-0.0444610181447	0.0106782874765	-0.00502532000892	1.0	-0.0395311964696	0.0186151625966	-0.036599588846	-0.0677668828854	0.00509500830093	0.0168102381012	-0.038522241466	0.00860504817977	-0.0656495160243	0.00696656632806	-0.0357212173598	0.00345582502766	-0.00142395700638	0.00955311106247	0.00453063980924	0.0233473002175	0.00114904135493	0.038497622446	0.0574374902235	0.00346283575577	-0.014103737245	-0.035527453221	-0.0422418552667	0.0119280646057	0.0110170807441	0.0164767444089	-0.0747162913873	-0.0220091880263	-0.0725390245377	0.0231984230304	0.0214897976039	-0.0618768168473	0.0112093303205	0.0138677843105	-0.0436057732594	-0.0617209376805	-0.060574224502	0.00858519872155	-0.00847664041929	0.0599033855963	0.0309648520871	-0.0398514670701	0.00912330267502	0.0159954728095	0.0334608346974	-0.0886271580008	-0.0345746823531	-0.00721295868959	-0.0148023617364	-0.0395540363674	-0.0419168396974
k__Bacteria;p__Bacteroidetes;c__Bacteroidia;o__Bacteroidales;f__Rikenellaceae;g__Alistipes;s__Alistipes_finegoldii	0.0177618455743	-0.0588760750202	0.0085921091028	0.0158960246725	0.0955943534919	-0.047395028979	0.0126895581781	-0.0395311964696	1.0	-0.00330445656351	0.0554232896686	0.0273794271458	0.0401455290666	0.0102097708301	0.0600115111321	0.00589525701367	-0.0301200117715	-0.039691146768	0.02667706501	0.0450100261358	-0.0202563981285	0.00229479779091	0.0174593138035	-0.012117382823	0.0552850778421	-0.0246142267286	0.00137026615854	0.0106447495028	-0.021433031519	-0.0347359331895	-0.0158117054238	-0.0844466029835	-0.0228358767357	0.0214801035191	0.035652145164	-0.00701769072826	-0.0435001969965	-0.0432470749006	-0.0308587314387	0.0538185704956	-0.00645856494037	-0.0492305500371	-0.013508145532	-0.028320984599	0.0831879945286	-0.0938985400033	-0.0412096438013	0.0631006939121	0.0142581215346	-0.0455013802501	-0.0186873045781	0.0174658729529	0.00962870616683	-0.0444283126946	-0.00284360276221	0.0276526254717	0.00419166751244	0.00454859921013	0.00597530441413
k__Bacteria;p__Bacteroidetes;c__Bacteroidia;o__Bacteroidales;f__Porphyromonadaceae;g__Parabacteroides;s__Parabacteroides_distasonis	0.0322472928321	0.0524051341405	0.0812939934781	0.0610100316361	-0.0234009394318	-0.0891238063806	0.00500767665609	0.0186151625966	-0.00330445656351	1.0	-0.0415258088073	-0.0254756586667	-0.00813680146309	-0.0455313246461	-0.0149288123666	0.0200570661968	-0.00653097568574	0.037204486507	0.048300497619	-0.0168743728048	0.0106780118133	-0.00398129759679	0.0128504757467	0.00854561497571	-0.0640118475296	-0.00610264495677	0.0103835771882	0.00454703115283	-0.00285615828262	0.0796954602507	-0.0148848797042	0.0174187788196	0.019349328491	-0.0193974809563	-0.0255175797685	0.0220156153633	-0.050057490159	-0.0712005129096	-0.060055666671	0.0288292001654	0.0231369587492	0.0204568061828	0.0240668223204	0.0291406374522	-0.0313547238695	0.00181194652499	-0.0231798128418	-0.0536147127342	-0.00581299035057	-0.0190715610457	-0.0110892491764	-0.00918603442274	0.0340600255663	0.00581528540891	0.0154023060805	0.0505464554273	0.0251649070062	-0.0572448189148	0.0413495324585
k__Bacteria;p__Bacteroidetes;c__Bacteroidia;o__Bacteroidales;f__Bacteroidaceae;g__Bacteroides;s__Bacteroides_thetaiotaomicron	0.0105937610644	0.000346677906679	0.0032722319988	-0.00870139748253	0.00677877039996	-0.0251781230274	0.0242727633349	-0.036599588846	0.0554232896686	-0.0415258088073	1.0	0.0565835644799	0.0291098491173	-0.0238146222036	-0.0248336750875	0.0155183431083	-0.015081216205	-0.0296206049198	0.0689553168518	-0.0269798145406	0.0186185588358	-0.0249689400984	-0.0538786036629	-0.0405480227043	-0.00540408004328	0.00671856493481	0.0219539099016	0.0204154699577	-0.00778741568614	-0.00158381308751	0.0266002801808	-0.0296495018317	0.00425229371803	0.00141490541665	0.0448717655036	-0.0296657340094	-0.0121513855228	0.00349611224707	-0.0391849234706	-0.0119214973967	-0.0106357099704	0.0019739390549	0.00565290822374	-0.00440033109976	0.0120825997258	-0.0959671843687	-0.0345039860171	-0.00975540410156	0.0145888661767	0.0121582790246	-0.000620335752239	-0.0559856767602	-0.0388051256642	-0.0188578715352	-0.00596822664114	-0.00122345935046	-0.0143593404577	0.0101049480666	-0.0425601004188
k__Bacteria;p__Bacteroidetes;c__Bacteroidia;o__Bacteroidales;f__Bacteroidaceae;g__Bacteroides;s__Bacteroides_coprocola	-0.0227346959069	0.0333683622281	-0.0696296839454	-0.00183692730733	-0.00672091371792	-0.0403934359776	0.0104710685644	-0.0677668828854	0.0273794271458	-0.0254756586667	0.0565835644799	1.0	-0.0161510686859	-0.0501079634054	-0.0765313290939	-0.00852993758024	-0.0136703240606	-0.0143087059521	-0.0104504535893	0.054654439109	0.033911905542	-0.00737992724967	-0.00209732540301	-0.0186950076672	-0.0532719861713	0.00300980722926	-0.017621608656	-0.0158903177844	-0.027043416798	-0.0134085383525	-0.024918352824	0.00759864572366	0.0192991089956	0.00246533539648	-0.0239160090016	-0.0805847902768	-0.0087770819057	-0.0337095094335	-0.00529358541748	-0.0099678077386	-0.0104695629366	-0.0499328982231	0.00308361424989	0.0325592347557	0.00783963751971	0.0284373979177	0.0121533495873	0.02373962191	0.00870762590071	-0.0210639973959	0.041758161535	-0.0606983944982	-0.00645404144541	0.00269588633359	-0.046278352362	0.0278997004335	-0.000780400750446	0.033044996653	0.0257631099675
k__Bacteria;p__Bacteroidetes;c__Bacteroidia;o__Bacteroidales;f__Bacteroidaceae;g__Bacteroides;s__Bacteroides_cellulosilyticus	-0.0421890412236	0.0349889412892	-0.0147335043522	0.00071224313106	0.0127369891945	-0.0503166639089	-0.0205289902066	0.00509500830093	0.0401455290666	-0.00813680146309	0.0291098491173	-0.0161510686859	1.0	0.00807575028843	-0.0634359887401	-0.00209657850414	0.0747221115573	-0.0187649010022	-0.0185436517441	-0.0100391203998	0.0391469217029	-0.041128717526	-0.0159222722285	-0.0404599144561	-0.00244660058416	-0.00334233494846	-0.00351264933476	-0.0725854472051	0.0164636937017	0.00640194719389	-0.0130522441297	-0.00080852279677	0.0039672351526	0.100489418137	0.0175064446618	0.00277606745166	-0.028308430468	-0.0319921078875	0.0264358150195	0.0277131142903	-0.0212476333699	-0.0349251771189	-0.0522183959152	-0.0452291498606	-0.0351608866483	-0.0345312235413	0.0112618318855	0.0446844861434	0.00213671630693	0.0652197293822	0.00186742455333	-0.04117137155	0.0355637343966	0.0268853309179	-0.0619193198442	0.0058441310443	0.0262966779669	-0.0255892260395	-0.0095198121505
k__Bacteria;p__Bacteroidetes;c__Bacteroidia;o__Bacteroidales;f__Rikenellaceae;g__Alistipes;s__Alistipes_obesi	-0.0794940138329	-0.0448928056006	0.0305094896901	-0.0761318551888	0.00989796447707	-0.0175557732553	-0.00247747057121	0.0168102381012	0.0102097708301	-0.0455313246461	-0.0238146222036	-0.0501079634054	0.00807575028843	1.0	-0.0226118510497	0.0188632167805	0.00694082227016	-0.036140019781	-0.0506583970768	0.0157419202784	-0.0247725680172	-0.00880938744503	-0.0830399292421	0.0221663049463	0.0110745568746	-0.0338987306273	0.00413665606621	-0.038099973371	-0.068910118159	0.00665624367042	0.0484110353112	-0.0198709086208	0.0255727356673	-0.0139016696963	0.0228495011488	0.0378575291561	0.0649104882564	-0.054699110424	-0.023101765804	0.00414638309178	0.0020860293711	-0.012835922021	-0.0138617921439	-0.0336249331589	0.0341092628153	-0.00748702593127	-0.0134249911675	-0.0591200664528	-0.010924836056	-0.00498739921505	0.0277011258916	0.0445989225183	0.0325123802332	-0.0181977563284	0.00349966309336	0.000671935058699	0.00883158982188	-0.0275462212124	-0.0352967203275
k__Bacteria;p__Firmicutes;c__Clostridia;o__Clostridiales;f__Lachnospiraceae;g__;s__[Eubacterium]_rectale	-0.0488755651938	-0.000200521725117	-0.0657017042574	0.0660289151672	0.018848886512	-0.0566241243931	-0.0383528807714	-0.038522241466	0.0600115111321	-0.0149288123666	-0.0248336750875	-0.0765313290939	-0.0634359887401	-0.0226118510497	1.0	-0.0441175098728	0.0377711511524	0.0494383269473	0.0224791351555	0.0195290284316	-0.0467175479581	-0.016498482518	-0.000719796565718	0.0352765592539	0.0403373832343	-0.0284227880019	0.054011085503	0.0221142867401	0.0502703881386	-0.0542648556092	0.0160873544326	-0.054847272609	-0.0179678147622	0.00477130236913	-0.0213481239124	-0.0167268271342	-0.0181957362171	0.00713212909062	0.00971397056644	0.0330651362538	-0.0424111046945	0.0411027109489	-0.0286401245367	-0.0225531108749	-0.014683252431	-0.0287014523211	-0.0346188317989	-0.0140072214433	0.067911140312	-0.00905333802618	-0.0144428102943	-0.00225408059234	0.0105169748998	0.0126826354996	0.000220221219796	-0.0142177177547	-0.0443095694965	0.0411157419311	0.0465353202512
k__Bacteria;p__Bacteroidetes;c__Bacteroidia;o__Bacteroidales;f__Bacteroidaceae;g__Bacteroides;s__Bacteroides_plebeius	0.00587789570688	0.0286177444315	-0.0241462506522	-0.0761805595725	-0.00800093416946	-0.0441524447994	-0.0127411220438	0.00860504817977	0.00589525701367	0.0200570661968	0.0155183431083	-0.00852993758024	-0.00209657850414	0.0188632167805	-0.0441175098728	1.0	0.00324792614701	-0.00894369438093	-0.0119132412208	-0.0555957741011	0.057938056411	-0.063774738659	-0.0209736053716	0.00688581432077	-0.0287323496516	0.021074288064	-0.0302799553541	-0.0165215534411	-0.0282930535172	0.0437185836558	-0.0957921173991	0.00153810446447	0.00808845146161	0.0288584832346	0.0305967172297	0.060726597273	0.0218916959568	0.0463252587	0.0557838331456	0.00241467388418	0.00300083219207	0.0477438315386	-0.0254789855018	-0.0468574922122	-0.0380391991775	0.0107861478428	0.0111517969166	-0.0164385731082	0.0414539600635	0.0340707400339	-0.00783914258789	0.0300250773244	-0.00903924556456	0.00728345342957	-0.0151563470816	-0.0876068880672	0.0139122707376	-0.0443530792679	-0.0303931887414
k__Bacteria;p__Bacteroidetes;c__Bacteroidia;o__Bacteroidales;f__Bacteroidaceae;g__Bacteroides;s__Bacteroides_fragilis	-0.0362296603398	0.0745563773978	-0.00305744628638	0.0400004116133	-0.0331140052766	0.000502600197517	-0.0520162711611	-0.0656495160243	-0.0301200117715	-0.00653097568574	-0.015081216205	-0.0136703240606	0.0747221115573	0.00694082227016	0.0377711511524	0.00324792614701	1.0	-0.0244111502477	0.0113386318613	-0.0354810969792	-0.0100255214071	-0.0201589682203	-0.0306997124721	0.0462235484128	0.0064044089132	0.0366269891405	-0.0625394637535	-0.0262453117244	0.0221521453854	0.0358737575262	0.0227182143969	-0.0411105873937	-0.0172472816426	-0.00697679485557	-0.0461105039487	-0.0123659643447	-0.00205100556605	0.00802213272193	-0.0117315733301	-0.0615448549691	0.00419873975976	0.0322114249765	0.00963981516227	-0.03755756635	0.0245940298909	-0.0344859199679	0.00840011188648	-0.0445451406286	0.0103200867096	0.0491627420964	-0.0346793011426	0.0122823111417	-0.0237724376449	0.0111355483484	0.0102114281185	-0.0751510943656	0.0243195931419	0.0575560168648	0.0015534635949
k__Bacteria;p__Proteobacteria;c__Betaproteobacteria;o__Burkholderiales;f__Sutterellaceae;g__Sutterella;s__Sutterella_wadsworthensis	-0.0371276304672	0.00121934817579	-0.0304322978079	-0.02538299671	0.0114245776424	-0.0425910401375	0.0547151911203	0.00696656632806	-0.039691146768	0.037204486507	-0.0296206049198	-0.0143087059521	-0.0187649010022	-0.036140019781	0.0494383269473	-0.00894369438093	-0.0244111502477	1.0	-0.0147675378252	-0.0421200858442	0.0197601025113	-0.0462480539183	-0.00770020925388	-0.0143853118166	-0.0113142565316	0.012619851428	-0.00428734057746	-0.0209625830566	-0.0431650475961	-0.0363521328203	-0.0387279155485	-0.0619336570715	0.0257469700137	-0.0264992402982	-0.0152827019295	-0.0292896310837	-0.0146089705629	-0.0203452806153	-0.00272815395574	-0.00756772288685	-0.00447835941985	-0.036296767178	-0.00685533228073	-0.00383406378264	-0.0266452862035	0.0370445514215	-0.0869112530473	-0.0159741514072	-0.0333156637443	0.0363302491431	0.00557573284408	-0.0297316882207	-0.00365490208601	0.0273995177099	-0.0222448574733	-0.0483598457117	-0.00662104385683	0.0113461011904	0.0119182236126
k__Bacteria;p__Bacteroidetes;c__Bacteroidia;o__Bacteroidales;f__Porphyromonadaceae;g__Barnesiella;s__Barnesiella_intestinihominis	0.0482363799344	-0.00365780338126	0.0223090060081	-0.0654226851597	0.00692881807069	-0.00292055158914	0.0443945443201	-0.0357212173598	0.02667706501	0.048300497619	0.0689553168518	-0.0104504535893	-0.0185436517441	-0.0506583970768	0.0224791351555	-0.0119132412208	0.0113386318613	-0.0147675378252	1.0	0.00432584230361	0.0369216080973	-0.0425380847439	-0.0547708671218	-0.0267692678017	-0.052374942619	0.0177303079615	-0.0133116831815	-0.0406078075696	-0.0388022952608	0.0541853334575	-0.0296533673282	0.0230255681459	-0.0454382494527	-0.054903392106	-0.00381860437816	0.000894378551827	-0.0303447765443	-0.0234107669491	-0.0727453707993	0.0457272539463	-0.0445943152159	-0.000639933460503	-0.0809064367811	-0.0147067040541	0.00232804354547	-0.0013123889761	0.0329476631334	-0.00857386855866	0.0295601574944	-0.00695108104192	-0.0097754007328	-0.00222088091075	-0.00153249555967	0.019092262741	-0.0255114984849	-0.0399296230043	0.0232278741596	-0.0472624432939	-0.0229824265503
k__Bacteria;p__Bacteroidetes;c__Bacteroidia;o__Bacteroidales;f__Odoribacteraceae;g__Odoribacter;s__Odoribacter_splanchnicus	-0.0011703555233	-0.019673830537	0.0392482271139	-0.0262253493527	0.0238841089444	0.0338882010854	-0.0659474775935	0.00345582502766	0.0450100261358	-0.0168743728048	-0.0269798145406	0.054654439109	-0.0100391203998	0.0157419202784	0.0195290284316	-0.0555957741011	-0.0354810969792	-0.0421200858442	0.00432584230361	1.0	0.000327743274988	-0.0100767898545	-0.0162914201218	-0.00497190899565	-0.0501552308865	-0.00360341851266	-0.0442377751517	0.000814578026314	-0.0765055695471	0.035091634593	0.0427005264211	-0.0336433172535	-0.0019946140239	-0.0120041461775	0.00506364982939	-0.00531004736177	-0.0282898234636	0.0178124600962	-0.0416009529126	0.0546249148242	0.0523161948932	-0.0955333033527	-0.0128320478131	-0.0389880785106	0.0972960753648	0.0329718782622	-0.00271029925443	-0.025365122012	-0.00893657802933	-0.0164512988206	-0.0450733356867	-0.0210762697776	-0.0252008299919	-0.00120658875536	0.0121265849265	0.0118928109913	0.0517952529098	0.0126488120724	-0.0266565857192
k__Bacteria;p__Bacteroidetes;c__Bacteroidia;o__Bacteroidales;f__Bacteroidaceae;g__Bacteroides;s__Bacteroides_salyersiae	-0.0586228841585	-0.0477110493348	0.0411158757133	0.00290219697433	-0.00962073765579	-0.00238562321625	-0.041739754953	-0.00142395700638	-0.0202563981285	0.0106780118133	0.0186185588358	0.033911905542	0.0391469217029	-0.0247725680172	-0.0467175479581	0.057938056411	-0.0100255214071	0.0197601025113	0.0369216080973	0.000327743274988	1.0	-0.0133835021771	-0.0612376927249	0.00429650707739	0.00454838535428	-0.00299003730169	0.034434552099	-0.0127687094504	0.0679320732959	-0.029196342323	-0.0608750921755	0.0371069439915	-0.0246642994736	-0.0511054296802	-0.0627918598881	0.0289829533996	0.11264156499	0.0743454150715	-0.00266621575377	0.00271702816791	0.0534270165317	-0.0876661379381	-0.045098003798	-0.023489935759	0.0481814616447	0.0213905981525	-0.0247685154159	0.00562594905687	-0.0303840866135	-0.0274635538437	-0.0196730023649	-0.025129428586	-0.0275531650405	-0.0253693809272	0.02209624648	-0.0368616138524	0.0274744850468	-0.0103527213758	-0.0387565794841
k__Bacteria;p__Firmicutes;c__Clostridia;o__Clostridiales;f__Ruminococcaceae;g__Ruminiclostridium;s__[Eubacterium]_siraeum	-0.058753991961	-0.0142499632519	0.00719151710666	-0.000876327572565	-0.0289507572265	-0.0585948241734	0.0829418195637	0.00955311106247	0.00229479779091	-0.00398129759679	-0.0249689400984	-0.00737992724967	-0.041128717526	-0.00880938744503	-0.016498482518	-0.063774738659	-0.0201589682203	-0.0462480539183	-0.0425380847439	-0.0100767898545	-0.0133835021771	1.0	0.0137199859828	-0.0123597592795	-0.0254884367449	0.0134570113045	-0.0134620587962	-0.0311049837652	-0.0293955269045	-0.0128204359283	-0.0122644736925	-0.0534966453527	0.0471975209758	-0.0461662564209	-0.0114154554191	0.0244852623275	0.0047825277963	0.00638203969369	0.0917240077459	0.00636740859377	-0.0165030733355	-0.0279417188105	-0.00997183235029	0.0377268134233	0.0108656756347	-0.00643760588892	0.0119871824914	-0.00881520425981	0.0403895247553	0.0181558651061	0.00189031208658	0.000877080971443	-0.0125029141208	0.00611370476075	-0.00918440547401	-0.00294684491033	0.0858654020624	-0.0539925730568	-0.0103435063854
k__Bacteria;p__Proteobacteria;c__Betaproteobacteria;o__Burkholderiales;f__Sutterellaceae;g__Parasutterella;s__Parasutterella_excrementihominis	0.0225660012511	0.0182737274831	0.0105151604702	-0.0229687595813	0.0229851602634	0.0249783258104	0.0233110835981	0.00453063980924	0.0174593138035	0.0128504757467	-0.0538786036629	-0.00209732540301	-0.0159222722285	-0.0830399292421	-0.000719796565718	-0.0209736053716	-0.0306997124721	-0.00770020925388	-0.0547708671218	-0.0162914201218	-0.0612376927249	0.0137199859828	1.0	0.0103040090598	0.0473678357258	-0.0122982334401	-0.0399658455252	-0.0403266745071	-0.00845165736017	-0.0533548194732	0.0433558509974	0.0106543963024	-0.0219141942785	-0.0659670173577	0.0288015814535	-0.00569064780486	-0.0128892517028	0.0400020048012	0.0516416884131	-0.0163599478328	-0.0140071439213	0.0191073724576	0.0203769317212	0.00249250440829	-0.0436030972087	0.0234411204134	0.0494896137739	0.0104094157398	-0.000987665850573	0.0107769019997	-0.0758689924182	-0.0676188169513	0.0256266658727	0.0106061440383	0.00244173669548	-0.036500383635	-0.0342049527293	-0.0528520079114	-0.00329604874865
k__Bacteria;p__Actinobacteria;c__Actinobacteria;o__Bifidobacteriales;f__Bifidobacteriaceae;g__Bifidobacterium;s__Bifidobacterium_adolescentis	0.0136122708208	-0.0195095043199	-0.0440725082737	0.0174641797204	0.0480460115107	0.0449780797695	0.0436499273383	0.0233473002175	-0.012117382823	0.00854561497571	-0.0405480227043	-0.0186950076672	-0.0404599144561	0.0221663049463	0.0352765592539	0.00688581432077	0.0462235484128	-0.0143853118166	-0.0267692678017	-0.00497190899565	0.00429650707739	-0.0123597592795	0.0103040090598	1.0	0.0181964208702	-0.0116627140445	-0.0525120156315	-0.05774029984	0.00298644356058	-0.0518480776554	-0.0712883334869	-0.0473160647881	-0.0591751406347	-0.0178407429901	-0.0670267000094	0.0563997220761	0.0135470682762	-0.0215340140888	-0.0551290245081	-0.00562162578617	0.00643087490366	-0.0143102995857	-0.0519115617632	0.00259659462221	0.0555913310477	-0.00629208978856	0.01952247605	0.0223363734252	-0.00266094741985	0.0177766222462	0.0267851320406	-0.068944818062	-0.00686076182366	-0.0355496168762	-0.0403492430085	0.0534934456886	0.0164760440329	0.0154114049917	-0.0598072131907
k__Bacteria;p__Firmicutes;c__Clostridia;o__Clostridiales;f__Oscillospiraceae;g__Oscillibacter;s__Oscillibacter_sp._KLE_1745	0.0157255446697	-0.00842913647633	0.00364764673386	0.0287128439407	0.0221917370193	0.0142389626822	-0.0337722835845	0.00114904135493	0.0552850778421	-0.0640118475296	-0.00540408004328	-0.0532719861713	-0.00244660058416	0.0110745568746	0.0403373832343	-0.0287323496516	0.0064044089132	-0.0113142565316	-0.052374942619	-0.0501552308865	0.00454838535428	-0.0254884367449	0.0473678357258	0.0181964208702	1.0	0.036101784668	-0.0122439768327	-0.024650057829	0.000608595008096	-0.0204111087334	0.0050441932615	0.0771801582671	0.0155479018856	0.0283497996188	0.0129893561273	0.0142952222419	-0.0742332583607	0.0310773582581	-0.0828311927448	-0.0459070464477	-0.0226912380545	-0.0174773527829	-0.0235404654536	0.0176772519774	-0.0485842731233	0.0432752360509	0.00480505111719	0.0355876599827	0.0068330046645	0.00205189071078	-0.0662416698404	-0.0430353064219	-0.0324635419487	0.00199968511251	0.0332017851847	-0.014069167123	-0.0105960935638	0.012957724635	-0.0266115762549
k__Bacteria;p__Bacteroidetes;c__Bacteroidia;o__Bacteroidales;f__Bacteroidaceae;g__Bacteroides;s__Bacteroides_coprophilus	-0.0483739783505	0.0522969602605	-0.0190639287626	-0.0815033740669	-0.050225422245	0.0257050097996	-0.00831046927404	0.038497622446	-0.0246142267286	-0.00610264495677	0.00671856493481	0.00300980722926	-0.00334233494846	-0.0338987306273	-0.0284227880019	0.021074288064	0.0366269891405	0.012619851428	0.0177303079615	-0.00360341851266	-0.00299003730169	0.0134570113045	-0.0122982334401	-0.0116627140445	0.036101784668	1.0	0.00994877784073	-0.00792637789566	-0.00542164195637	-0.0398542537466	0.0173229381488	-0.0299559571285	-0.0278176930164	-0.0318607508678	-0.0209978007485	-0.011971585395	-0.0145192201066	0.0589342464789	0.000700117603305	0.00595765183427	-0.0143081931377	0.0173772243646	-0.0511860911604	-0.0328399449141	-0.00557867863393	-0.00706716312042	0.00498594543546	-0.0245022983677	0.0102947093748	-0.0836493080518	-0.0116527868528	-0.0151747121853	0.0144732583654	-0.0206800881794	0.0117804623747	-0.0164743283826	-0.014546704377	-0.0255522986091	-0.0270524665495
k__Bacteria;p__Firmicutes;c__Clostridia;o__Clostridiales;f__Lachnospiraceae;g__Roseburia;s__Roseburia_intestinalis	-0.0268141301098	0.0248053741471	-0.0304985254622	-0.00848677886975	0.00464395562689	-0.0145320190437	0.0393703376812	0.0574374902235	0.00137026615854	0.0103835771882	0.0219539099016	-0.017621608656	-0.00351264933476	0.00413665606621	0.054011085503	-0.0302799553541	-0.0625394637535	-0.00428734057746	-0.0133116831815	-0.0442377751517	0.034434552099	-0.0134620587962	-0.0399658455252	-0.0525120156315	-0.0122439768327	0.00994877784073	1.0	0.0116398998549	-0.0380924593195	-0.0154904683028	-0.0404873643418	-0.00292940270024	-0.00176087580725	-0.0307915255096	-0.0688036876166	-0.0149619076989	0.0265795645931	-0.0334854938912	-0.00431681167064	-0.0313507957896	-0.0145056738177	-0.048828670143	-0.0242628149812	-0.014640691572	-0.00377731020333	0.00207911922898	0.0801204383858	-0.00234923470373	0.0146823200396	0.0698141062195	-0.0628896579005	0.0395258943318	-0.0414102346795	-0.00153798434972	0.0228016060855	-0.00241008575634	-0.00402722381467	-0.000713755105566	0.0479095935806
k__Bacteria;p__Firmicutes;c__Clostridia;o__Clostridiales;f__Lachnospiraceae;g__Roseburia;s__Roseburia_hominis	-0.0477794471505	-0.0644827015378	-0.0433446056588	-0.00937477167055	-0.000358601145448	-0.0431665350305	0.000102401242764	0.00346283575577	0.0106447495028	0.00454703115283	0.0204154699577	-0.0158903177844	-0.0725854472051	-0.038099973371	0.0221142867401	-0.0165215534411	-0.0262453117244	-0.0209625830566	-0.0406078075696	0.000814578026314	-0.0127687094504	-0.0311049837652	-0.0403266745071	-0.05774029984	-0.024650057829	-0.00792637789566	0.0116398998549	1.0	0.00605309266241	0.034543885132	-0.0204473588313	-0.0369288471165	-0.0322561581302	-0.00691315396237	0.0919780502845	-0.0221904777813	-0.00897860056353	-0.0426941374872	-0.0162057306836	0.0448988510247	0.0476289050323	0.0111448968136	-0.0535941769114	-0.0488284355582	0.0376046531768	0.0166504460457	-0.0595251817239	-0.0212087294735	-0.0329719226321	-0.00985490625469	-0.00736599546299	-0.000805129970496	-0.00056221021707	-0.00909505986052	0.0169651799227	-0.0806176091533	-0.0536716124129	-0.0373732488834	-0.0403491316551
k__Bacteria;p__Bacteroidetes;c__Bacteroidia;o__Bacteroidales;f__Porphyromonadaceae;g__Parabacteroides;s__Parabacteroides_johnsonii	0.0860985212856	0.0145747463441	-0.0323762066378	0.0278035568228	0.0402489815211	-0.0440601449964	0.0413921119879	-0.014103737245	-0.021433031519	-0.00285615828262	-0.00778741568614	-0.027043416798	0.0164636937017	-0.068910118159	0.0502703881386	-0.0282930535172	0.0221521453854	-0.0431650475961	-0.0388022952608	-0.0765055695471	0.0679320732959	-0.0293955269045	-0.00845165736017	0.00298644356058	0.000608595008096	-0.00542164195637	-0.0380924593195	0.00605309266241	1.0	-0.021710329118	-0.0343094315395	-0.0228875033677	0.00219652754246	-0.009710895741	-0.0216443759526	0.00469405065855	0.0397166443102	-0.0206014533832	0.00903189995565	-0.0287415293961	-0.0716157349463	0.0137740013005	0.0340831395097	0.00295664734398	0.027083910403	0.0307256483444	-0.0216449753138	0.00217178993513	-0.0384889479865	-0.0394161714609	-0.112658574751	0.0250168906267	-0.0319667348083	-0.0278901778084	0.00558312389519	0.0153392137396	-0.0310186642558	0.0318898427613	0.00473202301909
k__Bacteria;p__Actinobacteria;c__Actinobacteria;o__Bifidobacteriales;f__Bifidobacteriaceae;g__Bifidobacterium;s__Bifidobacterium_longum	0.0337907214079	0.0502599906857	-0.0130643540864	0.014656435533	0.0506788319213	0.00947629952618	-0.0300546965373	-0.035527453221	-0.0347359331895	0.0796954602507	-0.00158381308751	-0.0134085383525	0.00640194719389	0.00665624367042	-0.0542648556092	0.0437185836558	0.0358737575262	-0.0363521328203	0.0541853334575	0.035091634593	-0.029196342323	-0.0128204359283	-0.0533548194732	-0.0518480776554	-0.0204111087334	-0.0398542537466	-0.0154904683028	0.034543885132	-0.021710329118	1.0	0.038210918174	0.0385950817614	-0.00625525202657	-0.0331500873369	-0.0199131645741	-0.0649553057981	-0.00847345224508	-0.0144759486014	-0.0528388254476	0.00210290722155	0.0335395566619	0.0548885615218	-0.0046093275797	0.000340710396884	-0.0395365076248	0.00114075081728	-0.00360201889683	0.0240913208863	-0.016320872282	-0.0396656104897	0.0114865184399	0.0236317711197	-0.0782985847733	-0.0419471150824	-0.0224428998419	0.0457397828931	-0.0659872391383	-0.081740297469	-0.0260012644711
