#taxonomy	k__Bacteria;p__Bacteroidetes;c__Bacteroidia;o__Bacteroidales;f__Bacteroidaceae;g__Bacteroides;s__Bacteroides_vulgatus	k__Bacteria;p__Bacteroidetes;c__Bacteroidia;o__Bacteroidales;f__Bacteroidaceae;g__Bacteroides;s__Bacteroides_uniformis	k__Bacteria;p__Bacteroidetes;c__Bacteroidia;o__Bacteroidales;f__Rikenellaceae;g__Alistipes;s__Alistipes_putredinis	k__Bacteria;p__Bacteroidetes;c__Bacteroidia;o__Bacteroidales;f__Prevotellaceae;g__Prevotella;s__Prevotella_copri	k__Bacteria;p__Bacteroidetes;c__Bacteroidia;o__Bacteroidales;f__Bacteroidaceae;g__Bacteroides;s__Bacteroides_stercoris	k__Bacteria;p__Bacteroidetes;c__Bacteroidia;o__Bacteroidales;f__Bacteroidaceae;g__Bacteroides;s__Bacteroides_ovatus	k__Bacteria;p__Bacteroidetes;c__Bacteroidia;o__Bacteroidales;f__Rikenellaceae;g__Alistipes;s__Alistipes_shahii	k__Bacteria;p__Firmicutes;c__Clostridia;o__Clostridiales;f__Ruminococcaceae;g__Faecalibacterium;s__Faecalibacterium_prausnitzii	k__Bacteria;p__Bacteroidetes;c__Bacteroidia;o__Bacteroidales;f__Rikenellaceae;g__Alistipes;s__Alistipes_finegoldii	k__Bacteria;p__Bacteroidetes;c__Bacteroidia;o__Bacteroidales;f__Porphyromonadaceae;g__Parabacteroides;s__Parabacteroides_distasonis	k__Bacteria;p__Bacteroidetes;c__Bacteroidia;o__Bacteroidales;f__Bacteroidaceae;g__Bacteroides;s__Bacteroides_thetaiotaomicron	k__Bacteria;p__Bacteroidetes;c__Bacteroidia;o__Bacteroidales;f__Bacteroidaceae;g__Bacteroides;s__Bacteroides_coprocola	k__Bacteria;p__Bacteroidetes;c__Bacteroidia;o__Bacteroidales;f__Bacteroidaceae;g__Bacteroides;s__Bacteroides_cellulosilyticus	k__Bacteria;p__Bacteroidetes;c__Bacteroidia;o__Bacteroidales;f__Rikenellaceae;g__Alistipes;s__Alistipes_obesi	k__Bacteria;p__Firmicutes;c__Clostridia;o__Clostridiales;f__Lachnospiraceae;g__;s__[Eubacterium]_rectale	k__Bacteria;p__Bacteroidetes;c__Bacteroidia;o__Bacteroidales;f__Bacteroidaceae;g__Bacteroides;s__Bacteroides_plebeius	k__Bacteria;p__Bacteroidetes;c__Bacteroidia;o__Bacteroidales;f__Bacteroidaceae;g__Bacteroides;s__Bacteroides_fragilis	k__Bacteria;p__Proteobacteria;c__Betaproteobacteria;o__Burkholderiales;f__Sutterellaceae;g__Sutterella;s__Sutterella_wadsworthensis	k__Bacteria;p__Bacteroidetes;c__Bacteroidia;o__Bacteroidales;f__Porphyromonadaceae;g__Barnesiella;s__Barnesiella_intestinihominis	k__Bacteria;p__Bacteroidetes;c__Bacteroidia;o__Bacteroidales;f__Odoribacteraceae;g__Odoribacter;s__Odoribacter_splanchnicus	k__Bacteria;p__Bacteroidetes;c__Bacteroidia;o__Bacteroidales;f__Bacteroidaceae;g__Bacteroides;s__Bacteroides_salyersiae	k__Bacteria;p__Firmicutes;c__Clostridia;o__Clostridiales;f__Ruminococcaceae;g__Ruminiclostridium;s__[Eubacterium]_siraeum	k__Bacteria;p__Proteobacteria;c__Betaproteobacteria;o__Burkholderiales;f__Sutterellaceae;g__Parasutterella;s__Parasutterella_excrementihominis	k__Bacteria;p__Actinobacteria;c__Actinobacteria;o__Bifidobacteriales;f__Bifidobacteriaceae;g__Bifidobacterium;s__Bifidobacterium_adolescentis	k__Bacteria;p__Firmicutes;c__Clostridia;o__Clostridiales;f__Oscillospiraceae;g__Oscillibacter;s__Oscillibacter_sp._KLE_1745	k__Bacteria;p__Bacteroidetes;c__Bacteroidia;o__Bacteroidales;f__Bacteroidaceae;g__Bacteroides;s__Bacteroides_coprophilus	k__Bacteria;p__Firmicutes;c__Clostridia;o__Clostridiales;f__Lachnospiraceae;g__Roseburia;s__Roseburia_intestinalis	k__Bacteria;p__Firmicutes;c__Clostridia;o__Clostridiales;f__Lachnospiraceae;g__Roseburia;s__Roseburia_hominis	k__Bacteria;p__Bacteroidetes;c__Bacteroidia;o__Bacteroidales;f__Porphyromonadaceae;g__Parabacteroides;s__Parabacteroides_johnsonii	k__Bacteria;p__Actinobacteria;c__Actinobacteria;o__Bifidobacteriales;f__Bifidobacteriaceae;g__Bifidobacterium;s__Bifidobacterium_longum	k__Bacteria;p__Firmicutes;c__Clostridia;o__Clostridiales;f__;g__Flavonifractor;s__Flavonifractor_plautii	k__Bacteria;p__Firmicutes;c__Clostridia;o__Clostridiales;f__Clostridiaceae;g__Clostridium;s__Clostridium_phoceensis	k__Bacteria;p__Verrucomicrobia;c__Verrucomicrobiae;o__Verrucomicrobiales;f__Akkermansiaceae;g__Akkermansia;s__Akkermansia_muciniphila	k__Bacteria;p__Bacteroidetes;c__Bacteroidia;o__Bacteroidales;f__Prevotellaceae;g__Paraprevotella;s__Paraprevotella_xylaniphila	k__Bacteria;p__Firmicutes;c__Clostridia;o__Clostridiales;f__Ruminococcaceae;g__Ruminococcus;s__Ruminococcus_callidus	k__Bacteria;p__Bacteroidetes;c__Bacteroidia;o__Bacteroidales;f__Rikenellaceae;g__Alistipes;s__Alistipes_senegalensis	k__Bacteria;p__Firmicutes;c__Clostridia;o__Clostridiales;f__Lachnospiraceae;g__Blautia;s__Blautia_sp._KLE_1732	k__Bacteria;p__Bacteroidetes;c__Bacteroidia;o__Bacteroidales;f__Bacteroidaceae;g__Bacteroides;s__Bacteroides_oleiciplenus	k__Bacteria;p__Firmicutes;c__Clostridia;o__Clostridiales;f__Ruminococcaceae;g__Ruminococcus;s__Ruminococcus_bicirculans	k__Bacteria;p__Bacteroidetes;c__Bacteroidia;o__Bacteroidales;f__Bacteroidaceae;g__Bacteroides;s__Bacteroides_fluxus	k__Bacteria;p__Bacteroidetes;c__Bacteroidia;o__Bacteroidales;f__Prevotellaceae;g__Prevotella;s__Prevotella_stercorea	k__Bacteria;p__Firmicutes;c__Clostridia;o__Clostridiales;f__Lachnospiraceae;g__Dorea;s__Dorea_longicatena	k__Bacteria;p__Firmicutes;c__Clostridia;o__Clostridiales;f__Eubacteriaceae;g__Eubacterium;s__[Eubacterium]_eligens	k__Bacteria;p__Firmicutes;c__Clostridia;o__Clostridiales;f__Ruminococcaceae;g__;s__Ruminococcaceae_bacterium_D16	k__Bacteria;p__Firmicutes;c__Clostridia;o__Clostridiales;f__Lachnospiraceae;g__Coprococcus;s__Coprococcus_comes	k__Bacteria;p__Proteobacteria;c__Gammaproteobacteria;o__Enterobacterales;f__Enterobacteriaceae;g__Escherichia;s__Escherichia_coli	k__Bacteria;p__Firmicutes;c__Clostridia;o__Clostridiales;f__Ruminococcaceae;g__Anaerotruncus;s__Anaerotruncus_colihominis	k__Bacteria;p__Firmicutes;c__Clostridia;o__Clostridiales;f__Lachnospiraceae;g__Blautia;s__Blautia_obeum	k__Bacteria;p__Bacteroidetes;c__Bacteroidia;o__Bacteroidales;f__Odoribacteraceae;g__Odoribacter;s__Odoribacter_laneus	k__Bacteria;p__Firmicutes;c__Clostridia;o__Clostridiales;f__Ruminococcaceae;g__Ruminiclostridium;s__[Clostridium]_leptum	k__Bacteria;p__Bacteroidetes;c__Bacteroidia;o__Bacteroidales;f__Porphyromonadaceae;g__Parabacteroides;s__Parabacteroides_goldsteinii	k__Bacteria;p__Firmicutes;c__Clostridia;o__Clostridiales;f__Lachnospiraceae;g__Anaerostipes;s__Anaerostipes_hadrus	k__Bacteria;p__Firmicutes;c__Clostridia;o__Clostridiales;f__Ruminococcaceae;g__Ruminococcus;s__Ruminococcus_lactaris	k__Bacteria;p__Firmicutes;c__Clostridia;o__Clostridiales;f__Clostridiaceae;g__Clostridium;s__Clostridium_sp._L2-50	k__Bacteria;p__Firmicutes;c__Clostridia;o__Clostridiales;f__Clostridiaceae;g__Clostridium;s__Clostridium_sp._M62/1	k__Bacteria;p__Firmicutes;c__Clostridia;o__Clostridiales;f__;g__Intestinimonas;s__Intestinimonas_butyriciproducens	k__Bacteria;p__Actinobacteria;c__Actinobacteria;o__Bifidobacteriales;f__Bifidobacteriaceae;g__Bifidobacterium;s__Bifidobacterium_bifidum	k__Bacteria;p__Firmicutes;c__Negativicutes;o__Veillonellales;f__Veillonellaceae;g__Dialister;s__Dialister_invisus	k__Bacteria;p__Bacteroidetes;c__Bacteroidia;o__Bacteroidales;f__Bacteroidaceae;g__Bacteroides;s__Bacteroides_salanitronis
k__Bacteria;p__Bacteroidetes;c__Bacteroidia;o__Bacteroidales;f__Bacteroidaceae;g__Bacteroides;s__Bacteroides_vulgatus	1.0	0.00327278668339	-0.0382646345459	-0.0384602363493	0.00445688363956	-0.0245189667823	0.0428456876496	0.00368882510378	-0.00251207682233	0.0261091879035	-0.0227437329975	-0.0343782756191	-0.0313240686996	-0.047563181337	-0.0157973811674	-0.0507604783321	-0.0559428482332	0.0100879782078	0.00267287505011	0.00736556011319	-0.0458665189065	0.0203194623318	-0.0208023791837	-0.0146599609325	-0.045207407074	0.00253946734113	0.00591400803231	-0.0774741472353	-0.0277099483943	0.0163006759678	-0.0357746684947	0.0323275564091	0.0737330701754	0.0434542031961	-0.0335005143774	-0.00722142228905	-0.0185265508929	0.0063477409836	-0.0363697202994	0.0779033770034	-0.0493048982834	-0.0532784659594	-0.0303838734826	-0.0187715967511	-0.0252236071546	-0.0730311470973	-0.0239252757523	0.00255056340931	0.0454987122725	0.015357556287	-0.0100391301923	-0.0774358415928	-0.0236893791705	0.0277149103947	0.0407307079504	0.0352863715068	0.0138134650058	0.0154027341734	-0.0134271104656
k__Bacteria;p__Bacteroidetes;c__Bacteroidia;o__Bacteroidales;f__Bacteroidaceae;g__Bacteroides;s__Bacteroides_uniformis	0.00327278668339	1.0	-0.00417898348795	-0.0115834949716	0.046326886492	0.0228526621709	-0.0154304981101	0.0152174346586	0.00904948417196	-0.0611645019837	0.046928205015	0.0264624186022	0.00508058459497	0.0654087808953	-0.00366299122384	-0.0385162943831	-0.0860190877377	0.033111277357	-0.0153299682956	-0.0486964883867	0.0292303544802	-0.0515503494989	-0.0114812818091	-0.038571407644	0.0180365913631	-0.059912867711	0.00867474109033	-0.0378117855419	-0.00827312228594	-0.0402656021001	-0.0124927981813	0.00478359003293	-0.00477314857187	-0.0096196824087	-0.0309601561939	-0.00963529948768	0.00747023378272	0.0253114938897	0.02089031323	-0.0157064902464	-0.0449914060865	0.00423032884327	0.051780006943	-0.0107834448324	0.00024201701455	0.00626953654136	-0.0481768405548	-0.0139295283575	-0.00882044030539	-0.0452646476838	0.0352382423913	-0.0129709375712	-0.0226803978934	0.00896394646662	-0.0483607564241	0.00386246561693	-0.0204577131231	0.0165768883433	-0.0216481405911
k__Bacteria;p__Bacteroidetes;c__Bacteroidia;o__Bacteroidales;f__Rikenellaceae;g__Alistipes;s__Alistipes_putredinis	-0.0382646345459	-0.00417898348795	1.0	0.0223731538568	-0.0211103386659	0.026878382703	-0.0206606454889	0.0142710193832	-0.0134897722643	0.0216952612003	-0.0501217409095	-0.102226292895	-0.00710799225002	-0.0185175150648	-0.0163660605403	0.0576664612283	-0.0280413551818	0.00995714412251	-0.0372565690556	-0.00523949674503	-0.0573574895941	-0.0452757981249	-0.0335334144854	-0.026552542587	-0.00946891277052	0.023150741015	0.0023820785508	-0.0427550186616	0.0162985381532	-0.00752936685917	-0.0080689777474	0.0359374362772	0.0105196050839	-0.0258603232044	-0.0182642118894	-0.0443641107176	0.0233874614323	-0.0262709130114	0.00971744226562	-0.0274984434681	0.0150327531156	-0.0398811655046	0.0156605631439	0.0215139602738	-0.0608885813894	0.0298025328887	0.00350163760512	0.034096590135	0.0119323602576	-0.0116045129941	-0.0402797208346	0.0112844226175	-0.0139501037439	-1.49379570699e-05	-0.00863951451794	-0.0216913436525	0.0326067534852	0.00319939756494	0.0811567958568
k__Bacteria;p__Bacteroidetes;c__Bacteroidia;o__Bacteroidales;f__Prevotellaceae;g__Prevotella;s__Prevotella_copri	-0.0384602363493	-0.0115834949716	0.0223731538568	1.0	0.0265348163252	0.0596229536862	-0.0288856186015	-0.0482706749939	0.028024668292	0.0449505223364	0.020485058649	-0.0202575793523	-0.0113225298724	0.00662992037791	0.0149145408677	-0.0871056354893	-0.05087064535	0.0514671777789	0.0245595400045	0.0264032219225	0.0100615324562	-0.0582919413473	0.0241259289127	0.0289371760991	-0.0552052143603	0.0397946770914	-0.0282332781971	-0.0441892029569	-0.0727164972434	0.0488775686495	-0.00684304691876	-0.0361825800431	-0.0298305807699	0.0454298321883	-0.0278486239916	-0.0191909654682	0.0603760910957	0.0097397254507	0.0199254644454	0.0509853738633	-0.050293880052	0.0546000862029	-0.0524569720394	0.00193044521312	0.0565710015627	-0.0395978397205	-0.0104139014026	-0.0754579751576	0.0499349911564	0.00139721440643	0.0370539207365	-0.01413937994	-0.0386495972324	-0.0229172120971	-0.0171792842532	-0.00517503918555	-0.0103009909498	0.00321755813193	-0.0271036252385
k__Bacteria;p__Bacteroidetes;c__Bacteroidia;o__Bacteroidales;f__Bacteroidaceae;g__Bacteroides;s__Bacteroides_stercoris	0.00445688363956	0.046326886492	-0.0211103386659	0.0265348163252	1.0	0.0208695631473	-0.0462729653181	-0.017031087708	0.0654807633679	0.0194209755931	-0.0280427889533	0.0340386594341	-0.0336796913805	-0.0156986308755	0.0227683643993	0.0342839137839	0.0307381300984	-0.0404241229194	0.0663232947958	0.0282372867195	0.00436141755254	-0.00168031945409	-0.0361761772237	-0.073232715534	-0.0447340538612	-0.00566601875646	0.0319770562177	-0.067871265027	-0.0195099146529	-0.0380227223486	-0.0495197231967	-0.0332336151342	0.0522693888166	0.0148748793358	-0.036709970949	0.0138941845089	-0.035253551025	0.00816918230346	-0.0720589753724	-0.0927284272104	0.0435024234205	0.0373585140835	-0.0255584515522	0.00525163369475	0.0405923800322	0.0352764493479	-0.023118490296	-0.000334728491651	0.0253181813163	0.0279925225774	0.0369688580123	-0.0455169999843	-0.00985277446457	0.0615240618962	0.0221858868733	-0.0256418166395	-0.0491599637175	-0.0250445826144	-0.0690371839719
k__Bacteria;p__Bacteroidetes;c__Bacteroidia;o__Bacteroidales;f__Bacteroidaceae;g__Bacteroides;s__Bacteroides_ovatus	-0.0245189667823	0.0228526621709	0.026878382703	0.0596229536862	0.0208695631473	1.0	-0.00244858399969	-0.00890248823953	-0.035339311133	-0.0156212207541	0.0145735827086	0.0127719613273	0.00959570485901	0.00551014765565	-0.0100155092981	-0.019631910581	-0.0301253928791	-0.010051960176	0.000538771359248	-0.033357964281	0.0044126554265	-0.00987836592439	-0.00352547985279	-0.0418071400648	0.0201438987663	-0.0484908319384	-0.0626151824015	-0.0222322464116	0.00566028259941	-0.0145212228773	0.00882805039323	0.0130362904304	-0.0115026695595	-0.0416815192634	0.0159254505654	0.0358634382967	-0.00531343589501	-0.0358357084154	-0.0505954171238	-0.00390334077564	0.013578863894	0.00712958592205	0.0327470308713	-0.043899142043	-0.0331678851208	0.0233424636814	-0.0439787516137	-0.0271571270186	-0.0839809222951	-0.0186206006843	-0.0163885353362	-0.0399422770785	0.0543198280078	-0.0840349015507	0.00135827714835	-0.02782139941	0.0290606305639	-0.0427851763401	-0.0260862295756
k__Bacteria;p__Bacteroidetes;c__Bacteroidia;o__Bacteroidales;f__Rikenellaceae;g__Alistipes;s__Alistipes_shahii	0.0428456876496	-0.0154304981101	-0.0206606454889	-0.0288856186015	-0.0462729653181	-0.00244858399969	1.0	-0.0112266806322	0.00223595123602	0.0166532251516	-0.00926971441095	-0.0832662935803	0.0315675225389	0.00109210549651	0.0238648023667	-0.00660209759771	-0.00869599327892	-0.0306287466456	-0.016391914102	-0.00232055917365	0.00445213351328	-0.0180518954126	0.0076179469906	0.0354615241728	-0.0731873712415	-0.0390588846346	-0.0492227248773	-0.0351192326959	0.00559235089658	-0.0269365310075	-0.086500741969	0.0483410943016	-0.00863833748971	0.0194387282225	0.0398859868361	-0.0200299094092	-0.0471031010269	-0.0529725060847	0.0502780256777	-0.00169268930928	0.0106649629121	0.068458219045	-0.0135003673077	0.0313637894053	0.00963490461608	-0.0061748718697	-0.0319937855563	0.0120261717324	-0.0124128613682	-0.0271067166108	0.0246343984071	-0.0506973056658	-0.0406327369918	-0.0112368830954	0.0460420258652	0.029520060256	-0.00115812390815	0.0162651485135	-0.00544392641097
k__Bacteria;p__Firmicutes;c__Clostridia;o__Clostridiales;f__Ruminococcaceae;g__Faecalibacterium;s__Faecalibacterium_prausnitzii	0.00368882510378	0.0152174346586	0.0142710193832	-0.0482706749939	-0.017031087708	-0.00890248823953	-0.0112266806322	1.0	-0.0188484340417	-0.0524366956302	0.00564506956953	-0.0656437266493	0.0246424217493	-0.019460443123	-0.0093918280261	0.0599255270587	0.0204328404388	0.000238576777063	0.0275626926436	0.0265003000689	0.0351571453182	-0.0203564585643	-0.0420772528978	0.0368241179313	-0.0433070543583	-0.0511435936804	0.0466562481808	0.000160782299914	-0.060315967611	0.0571925569161	-0.0354128744315	0.0436266509115	0.0627108523143	-0.0120107313245	-0.0282687431521	0.00740957726667	0.00167707417282	0.0169890856333	0.00611785571733	-0.0317708213059	-0.00944667521113	-0.00209045707543	-0.0181371838667	0.0340863315141	-0.00447514214998	-0.0284730807175	-0.0515179410231	-0.102813649048	-0.062435889112	0.00538385401472	-0.0683004309029	-0.0320207807857	-0.104751429003	0.0250758132846	-0.0137657872466	0.000532705494485	0.00810157257984	0.0298037741633	0.0543780046429
k__Bacteria;p__Bacteroidetes;c__Bacteroidia;o__Bacteroidales;f__Rikenellaceae;g__Alistipes;s__Alistipes_finegoldii	-0.00251207682233	0.00904948417196	-0.0134897722643	0.028024668292	0.0654807633679	-0.035339311133	0.00223595123602	-0.0188484340417	1.0	-0.00211620928719	-0.00159141899076	-0.0356792736551	0.0798593742505	0.021591121639	0.0482536093707	-0.0170167980992	0.00533306911891	0.0144258827112	0.00655289252712	-0.0129839678258	0.0407908455127	-0.018614978328	0.0321195522504	0.0509826755642	-0.0194983984094	-0.056878461363	-0.0387587190363	-0.0209588606252	-0.0284080848493	-0.0283820927904	-0.0348975618571	-0.0475126482816	0.0107862298494	-0.0114079179319	0.0474563707137	0.0363249875248	-0.00952865881038	-0.0462196644882	0.0356099537077	0.01881119411	0.000205662268027	-0.00670503420526	0.00642564936579	0.0360190464645	-0.0432206030651	-0.0128119271112	0.0519104248178	0.0482004129051	-0.0096735594284	-0.0396256492293	0.043667058821	-0.0565168343634	-0.0383315888709	-0.0320584475809	0.0242992706522	0.016290881503	-0.0134183265547	-0.0441207592645	-0.0509311677469
k__Bacteria;p__Bacteroidetes;c__Bacteroidia;o__Bacteroidales;f__Porphyromonadaceae;g__Parabacteroides;s__Parabacteroides_distasonis	0.0261091879035	-0.0611645019837	0.0216952612003	0.0449505223364	0.0194209755931	-0.0156212207541	0.0166532251516	-0.0524366956302	-0.00211620928719	1.0	0.021331415808	-0.0319769911393	0.0223871979801	0.0217847602888	0.0684530032424	0.0104393653724	0.00809494823757	-0.00625031504062	-0.0266293289743	0.00339048138409	0.00971887302186	0.0266680462128	-0.00870421749335	-0.00263403486978	0.0161558202209	-0.0169692144519	-0.00700694674452	-0.0061966293211	-0.0509907398734	0.0300182000373	-0.0769635129095	0.00831546753517	-0.0521190055935	-0.0347248468305	0.068071136785	-0.0238924814566	-0.0541437926779	-0.00846695348423	-0.0106005848311	-0.00211847570245	0.042931991881	-0.0125230274565	-0.0368158808402	-0.000584200106743	-0.021104210294	0.00717483579798	-0.0103889550686	-0.058246782448	0.0828814691189	0.051561617779	0.00436482983737	0.0261719992971	-0.0205638751579	-0.00915468027339	-0.0408330725648	0.0274671006886	0.0199061224302	0.00511115531961	-0.0209258464874
k__Bacteria;p__Bacteroidetes;c__Bacteroidia;o__Bacteroidales;f__Bacteroidaceae;g__Bacteroides;s__Bacteroides_thetaiotaomicron	-0.0227437329975	0.046928205015	-0.0501217409095	0.020485058649	-0.0280427889533	0.0145735827086	-0.00926971441095	0.00564506956953	-0.00159141899076	0.021331415808	1.0	-0.0338031961029	-0.0268145585801	-0.0149151325027	0.0055961229228	-0.0378401868533	-0.0389936563509	-0.00686331833679	0.0416777058455	-0.0346803921624	-0.00238359619475	-0.0437350272678	0.0301428279691	-0.00981208503153	-0.00796445388361	0.0665041960379	0.0116917055682	-0.00211142554325	0.0326663258153	-0.0228023554432	-0.0690379700316	-0.0278154764131	0.0303057912964	-0.00450733791714	-0.0906603277368	-0.0533010237647	0.0335267568698	-0.037649928858	-0.0208088155851	-0.0108518630651	0.00840624464692	-0.0100974574655	-0.0578267897067	0.0474875783525	-0.0500006233196	-0.0143003925049	-0.0808372659046	-0.0409495583314	-0.00419025365003	0.00428683799713	-0.00349201284523	0.0342863725361	-0.0458831390973	0.0542386110488	-0.0191193411402	0.0276207803349	0.0136064142036	-0.0479105133932	-0.0207652629556
k__Bacteria;p__Bacteroidetes;c__Bacteroidia;o__Bacteroidales;f__Bacteroidaceae;g__Bacteroides;s__Bacteroides_coprocola	-0.0343782756191	0.0264624186022	-0.102226292895	-0.0202575793523	0.0340386594341	0.0127719613273	-0.0832662935803	-0.0656437266493	-0.0356792736551	-0.0319769911393	-0.0338031961029	1.0	-0.055689069808	0.0246449853669	0.00379102925506	-0.0113757135296	0.00652415369288	-0.0116434640311	-0.0371093105775	-0.00754937141387	0.0244778051227	0.0368878981029	-0.0908198186159	0.0267242821221	0.0591154089704	-0.041420892049	0.0187761865742	-0.0189834279671	-0.0316046622696	-0.00857902197622	-0.0533579206575	-0.0383253211761	-0.0448489821268	0.032890359991	-0.129782057836	-0.0231549273205	-0.0172750729214	0.0200079007444	-0.0128853340936	-0.0119651339255	0.0104086032471	0.00681663420175	-0.0612482593099	0.0426454055412	0.0159778626131	0.0657426259144	0.0180619663013	0.0221713918433	-0.00393971607015	-0.00323313439677	0.0364785864181	0.0715669636322	-0.0767177548194	0.0279499131724	0.0407096909195	0.00804392228552	0.0165090132827	-0.0391798617798	-0.00210471181476
k__Bacteria;p__Bacteroidetes;c__Bacteroidia;o__Bacteroidales;f__Bacteroidaceae;g__Bacteroides;s__Bacteroides_cellulosilyticus	-0.0313240686996	0.00508058459497	-0.00710799225002	-0.0113225298724	-0.0336796913805	0.00959570485901	0.0315675225389	0.0246424217493	0.0798593742505	0.0223871979801	-0.0268145585801	-0.055689069808	1.0	-0.00402001903162	-0.0281000704271	-0.0140133524448	-0.0623005197651	-0.00604061483574	0.0590253739181	-0.101423442318	-0.0142857989234	0.00938960255432	0.00897386258824	-0.00422637929863	-0.0524794622062	0.0112723268246	-0.0168896488309	0.00760818004756	0.00354503659674	-0.0511906921265	-0.0136914217245	-0.04418047415	-0.00388083441815	-0.0906346452088	0.0304073407774	0.0548925568768	-0.0354356039661	-0.0245944391575	-0.00827519086203	0.0411025647442	-0.0955310147158	-0.0167485624797	0.00597123891035	0.0444697312792	0.00567843543914	-0.034804036208	0.00683435048305	0.0367112757899	0.0186128514435	0.0262577810244	-0.0630412674481	-0.0432702482466	-0.0505044064199	0.0312642378482	-0.00807398245951	-0.0483343714298	-0.0234707585332	-0.0388476468457	-0.0742333373268
k__Bacteria;p__Bacteroidetes;c__Bacteroidia;o__Bacteroidales;f__Rikenellaceae;g__Alistipes;s__Alistipes_obesi	-0.047563181337	0.0654087808953	-0.0185175150648	0.00662992037791	-0.0156986308755	0.00551014765565	0.00109210549651	-0.019460443123	0.021591121639	0.0217847602888	-0.0149151325027	0.0246449853669	-0.00402001903162	1.0	-0.00149773830743	0.02403829181	-0.0172964696178	0.0218772740059	-0.00887057419004	0.012442514402	-0.016385855555	-0.043767147855	0.0545797645766	0.0101395375653	0.0204764052976	-0.0156368084472	-0.0241784917472	0.074916476227	-0.00197567343696	-0.0123613983463	-0.0224899217653	-0.0142662432182	0.049172552045	-0.00649254866248	-0.0306432993905	0.00114272971618	-0.00364225040838	-0.00269853715715	-0.048453585818	-0.0193895784402	-0.0169867073161	-0.00108306226117	0.0192954671697	0.02966469329	0.00548054374309	-0.022464765015	0.012744671228	0.0685950151688	-0.032561703573	-0.0242838731329	-0.0916486239082	0.0102787869687	-0.0229619887449	-0.00852541485253	-0.0754188647317	-0.0317719482131	0.0211432652984	-0.0150707481147	-0.0195605058769
k__Bacteria;p__Firmicutes;c__Clostridia;o__Clostridiales;f__Lachnospiraceae;g__;s__[Eubacterium]_rectale	-0.0157973811674	-0.00366299122384	-0.0163660605403	0.0149145408677	0.0227683643993	-0.0100155092981	0.0238648023667	-0.0093918280261	0.0482536093707	0.0684530032424	0.0055961229228	0.00379102925506	-0.0281000704271	-0.00149773830743	1.0	-0.00260903893715	-0.00517331686176	0.0228234311945	-0.0243610326486	-0.0767900499836	0.0176241733408	-0.00262262735022	0.00727087740066	0.00708672066752	-0.00798122181215	0.0428463241478	0.0265131087621	-0.00216103419786	-0.0187374066463	-0.0392228612124	-0.00389212845817	-0.0191525476456	-0.0526671599276	-0.0589549682286	-0.0313305832436	5.46267872578e-05	-0.00256272919311	0.0105813176689	-0.0106732623092	-0.00245286999791	0.0401187431956	-0.0484231203853	0.0575110606596	-0.0186100073614	-0.00396052258859	-0.00591037463951	0.0277480723445	-0.0125167673925	-0.0558635825055	0.00594205905148	0.00202036606227	-0.0406293333709	-0.00466018951431	-0.00190489274098	-0.0312852357064	0.0518301057033	0.00989190306282	-0.0199046642397	-0.0696023921237
k__Bacteria;p__Bacteroidetes;c__Bacteroidia;o__Bacteroidales;f__Bacteroidaceae;g__Bacteroides;s__Bacteroides_plebeius	-0.0507604783321	-0.0385162943831	0.0576664612283	-0.0871056354893	0.0342839137839	-0.019631910581	-0.00660209759771	0.0599255270587	-0.0170167980992	0.0104393653724	-0.0378401868533	-0.0113757135296	-0.0140133524448	0.02403829181	-0.00260903893715	1.0	-0.0295830889388	-0.0332542831225	-0.0263576417039	0.0368645932336	0.0378515987822	-0.0250349587063	0.00286466526601	-0.0193594631513	0.0101482356537	0.0808546726902	0.037674294031	0.00387899461128	0.0164018034009	-0.0642261868572	0.0881589847625	-0.000948602469924	-0.0432120109136	0.0557736738922	-0.0377152543629	-0.021285929817	0.00804491805073	-0.0596715879437	-0.0420312305614	0.032461749083	-0.0431138560044	0.00196894141962	-0.0494447832335	0.00541904320488	-0.0270610790467	-0.0457223636926	0.0203608449122	0.00531746430305	-0.0120012259112	0.0272756866894	-0.0192481334473	0.0200521116875	0.044257061863	0.0173429653182	-0.0683935372336	0.0197681040698	-0.0433208459406	-0.00703625943233	-0.0145701655877
k__Bacteria;p__Bacteroidetes;c__Bacteroidia;o__Bacteroidales;f__Bacteroidaceae;g__Bacteroides;s__Bacteroides_fragilis	-0.0559428482332	-0.0860190877377	-0.0280413551818	-0.05087064535	0.0307381300984	-0.0301253928791	-0.00869599327892	0.0204328404388	0.00533306911891	0.00809494823757	-0.0389936563509	0.00652415369288	-0.0623005197651	-0.0172964696178	-0.00517331686176	-0.0295830889388	1.0	-0.0365521485874	-0.0189905038432	-0.018637253404	0.00783877521938	-0.0500882799944	-0.00101266741856	0.0385804754869	0.00274054095474	-0.0314487086944	-0.0140106905021	0.0782631919817	-0.037778998387	-0.0249577047002	0.0276140225591	0.00126095210637	0.0479113335439	-0.0181821713731	0.0265918737493	0.0115008584585	0.0196115480097	0.0614005490391	-0.0129146216565	-0.00978848204451	0.0249192975437	0.0228631554543	0.0431933023225	0.000204238275846	-0.0601544434024	0.00810480523701	-0.0417855913434	-0.0503151067488	0.0632056816367	0.0240369789859	-0.00721839667332	-0.00833324826524	0.0106482087564	0.031499870613	-0.00276558408095	0.0145003046382	0.0150056851369	-0.0124264370695	0.00969427930503
k__Bacteria;p__Proteobacteria;c__Betaproteobacteria;o__Burkholderiales;f__Sutterellaceae;g__Sutterella;s__Sutterella_wadsworthensis	0.0100879782078	0.033111277357	0.00995714412251	0.0514671777789	-0.0404241229194	-0.010051960176	-0.0306287466456	0.000238576777063	0.0144258827112	-0.00625031504062	-0.00686331833679	-0.0116434640311	-0.00604061483574	0.0218772740059	0.0228234311945	-0.0332542831225	-0.0365521485874	1.0	0.0472412806145	-0.00874034258507	0.00451921677461	-0.0102307830645	-0.0106013432806	0.0126345348629	-0.00459479548052	-0.0328145648679	0.0211008215704	-0.0459993743098	-0.0171362551846	0.000207285217286	-0.00750651647847	-0.0166630119812	-0.0568660695049	-0.0697643517023	-0.00632927639676	0.00384795424516	0.046107036435	-0.00962646618963	-0.0169710188828	-0.0983196234373	-0.0164125160776	0.0193589436093	-0.0312601288441	0.0441196763562	-0.0185662679567	-0.00311380262234	-0.0234455326744	-0.0582820199628	0.0258088312221	-0.000117435926727	-0.0319275080911	-0.00899932973582	0.048339549283	0.0387743086627	-0.0208335399716	-0.0182521855654	-0.0213688073588	0.0175580050749	0.0475616278811
k__Bacteria;p__Bacteroidetes;c__Bacteroidia;o__Bacteroidales;f__Porphyromonadaceae;g__Barnesiella;s__Barnesiella_intestinihominis	0.00267287505011	-0.0153299682956	-0.0372565690556	0.0245595400045	0.0663232947958	0.000538771359248	-0.016391914102	0.0275626926436	0.00655289252712	-0.0266293289743	0.0416777058455	-0.0371093105775	0.0590253739181	-0.00887057419004	-0.0243610326486	-0.0263576417039	-0.0189905038432	0.0472412806145	1.0	0.0290475006647	-0.0494544466765	-0.0440059195271	0.0128460672769	0.0151992636441	0.0324421170703	-0.0208699212323	-5.59392958975e-05	-0.0348751577777	-0.0141287112003	0.0293194674371	-0.046178027658	0.0316482767579	-0.0331831524586	0.0417830822834	-0.0455621015691	-0.0310049750928	-0.0569800923302	-0.0609153678708	-0.0616076311435	0.00649659622289	0.00981515996935	0.0526969640356	-0.0668911654666	-0.0128213107787	-0.00752780555709	-0.0313186134478	0.000210671417089	-0.03204535977	0.0204444355302	-0.0785527706313	0.0587801651139	0.00578771928529	-0.000684411623058	-0.028209808248	0.0056288082176	0.0070779535398	0.045748854725	-0.00154997152318	-0.00426737395228
k__Bacteria;p__Bacteroidetes;c__Bacteroidia;o__Bacteroidales;f__Odoribacteraceae;g__Odoribacter;s__Odoribacter_splanchnicus	0.00736556011319	-0.0486964883867	-0.00523949674503	0.0264032219225	0.0282372867195	-0.033357964281	-0.00232055917365	0.0265003000689	-0.0129839678258	0.00339048138409	-0.0346803921624	-0.00754937141387	-0.101423442318	0.012442514402	-0.0767900499836	0.0368645932336	-0.018637253404	-0.00874034258507	0.0290475006647	1.0	-0.0556543562011	-0.00168018847307	-0.0119239305527	-0.0322148539861	0.0284602414559	0.0151643023394	-0.0248745708825	-0.0286825056922	-0.0150913763714	0.0148440033299	-0.0540339638365	-0.0392932780434	-0.0481439353512	0.0422804021662	-0.0109817643501	0.065008671713	-0.0550490753645	-0.0151347999	-0.0113446424911	0.055487825856	-0.0225451139576	-0.0114569259877	0.0454616196671	0.0483410563135	0.010702782887	0.00212321109093	-0.0206694097339	0.0331442147853	-0.0638938802465	-0.0218357745367	-0.0306660704231	-0.0125673742526	-0.0278491826197	0.0286783571095	0.0162045290097	0.00557498507226	0.000723452152211	-0.0090052939583	-0.00707637643547
k__Bacteria;p__Bacteroidetes;c__Bacteroidia;o__Bacteroidales;f__Bacteroidaceae;g__Bacteroides;s__Bacteroides_salyersiae	-0.0458665189065	0.0292303544802	-0.0573574895941	0.0100615324562	0.00436141755254	0.0044126554265	0.00445213351328	0.0351571453182	0.0407908455127	0.00971887302186	-0.00238359619475	0.0244778051227	-0.0142857989234	-0.016385855555	0.0176241733408	0.0378515987822	0.00783877521938	0.00451921677461	-0.0494544466765	-0.0556543562011	1.0	0.0386412256103	-0.00521301410646	-0.00984069712811	0.00893641186043	-0.00680720857959	-0.0153138225787	-0.073217179912	-0.015279804161	-0.0476140311635	0.0168247960527	-0.0508952012097	0.0031833723306	-0.0139442497802	0.0176537882159	0.0514072555841	0.032958254775	0.0158662232206	0.0495482722014	0.00197978955251	-0.00576978128305	-0.0143930840067	0.0107033019675	-0.00227196426082	-0.0353348499417	-0.0090384872796	0.04217444109	-0.0282367470015	-0.0317445648807	-0.0699534388861	-0.0671128603562	0.0121697297496	-0.00687860397652	-0.0204211664996	0.0154901284327	-0.0150040095582	0.00709803342422	-0.0153173461642	-0.0297884730707
k__Bacteria;p__Firmicutes;c__Clostridia;o__Clostridiales;f__Ruminococcaceae;g__Ruminiclostridium;s__[Eubacterium]_siraeum	0.0203194623318	-0.0515503494989	-0.0452757981249	-0.0582919413473	-0.00168031945409	-0.00987836592439	-0.0180518954126	-0.0203564585643	-0.018614978328	0.0266680462128	-0.0437350272678	0.0368878981029	0.00938960255432	-0.043767147855	-0.00262262735022	-0.0250349587063	-0.0500882799944	-0.0102307830645	-0.0440059195271	-0.00168018847307	0.0386412256103	1.0	0.0159724981909	0.00733193369015	0.000560632625925	-0.0123556611584	0.00742350282982	-0.0111758756329	0.0325981820412	-0.0384151831144	0.00187295534552	-0.0105878567924	-0.028683183948	0.0117984974115	-0.000643292202517	-0.0397908639284	-0.00522401979534	0.0299601286417	0.0486256240286	-0.0182986119902	0.000112718925662	0.0233234439551	-0.0329875899943	0.00693562180763	-0.00299588557942	-0.00308676630216	-0.0466632636926	-0.0209814660191	-0.0428009116367	0.00493226691253	0.0352256073504	-0.0130545265036	-0.0862796397048	-0.0237328339243	-0.00160631941343	-0.0331983676465	0.0517171426692	0.00796480223387	0.0132569013173
k__Bacteria;p__Proteobacteria;c__Betaproteobacteria;o__Burkholderiales;f__Sutterellaceae;g__Parasutterella;s__Parasutterella_excrementihominis	-0.0208023791837	-0.0114812818091	-0.0335334144854	0.0241259289127	-0.0361761772237	-0.00352547985279	0.0076179469906	-0.0420772528978	0.0321195522504	-0.00870421749335	0.0301428279691	-0.0908198186159	0.00897386258824	0.0545797645766	0.00727087740066	0.00286466526601	-0.00101266741856	-0.0106013432806	0.0128460672769	-0.0119239305527	-0.00521301410646	0.0159724981909	1.0	-0.0266577808967	-0.072380836908	0.00637374983112	0.0190393691723	-0.00487020719056	-0.0190110943595	-0.0475025817313	0.0392916875754	-0.0242298704193	0.0225284475063	0.07081763057	-0.012690658832	-0.0240935576312	-0.013930393444	-0.0193073586498	0.0190998433058	-0.058294386213	0.0377469046859	0.000660657272469	0.0556196607421	-0.00983402528607	0.0360768893432	0.01485966198	-0.00119964275422	-0.0577324413673	0.0479816119228	-0.0399361933312	-0.0693396168889	0.0191163543282	-0.00735873161145	-0.0472253700883	-0.0524159718832	0.0120210629113	-0.032477072986	-0.00109197174909	-0.0170814043526
k__Bacteria;p__Actinobacteria;c__Actinobacteria;o__Bifidobacteriales;f__Bifidobacteriaceae;g__Bifidobacterium;s__Bifidobacterium_adolescentis	-0.0146599609325	-0.038571407644	-0.026552542587	0.0289371760991	-0.073232715534	-0.0418071400648	0.0354615241728	0.0368241179313	0.0509826755642	-0.00263403486978	-0.00981208503153	0.0267242821221	-0.00422637929863	0.0101395375653	0.00708672066752	-0.0193594631513	0.0385804754869	0.0126345348629	0.0151992636441	-0.0322148539861	-0.00984069712811	0.00733193369015	-0.0266577808967	1.0	-0.0317331683465	-0.0497274445304	0.0151199474995	-0.0397346708062	-0.0329008441528	0.0269325299801	0.0255085632361	-0.02877205684	-0.0611512489442	-0.0224665059832	-0.0112571981122	-0.045669343479	0.0801738006045	0.00840832886335	-0.00149004413483	0.0394519378374	0.0704549150069	-0.0199018020569	0.0785465418846	0.00679935678571	0.021041473287	-0.0164902642669	-0.0190469242925	-0.0144583434653	-0.00184137222458	-0.0131560889913	-0.0160974256772	-0.0115450052507	0.0817551337125	-0.0117475327038	-0.0221736529438	0.00747064040732	-0.0277039003126	0.0253201390883	0.0906987818249
k__Bacteria;p__Firmicutes;c__Clostridia;o__Clostridiales;f__Oscillospiraceae;g__Oscillibacter;s__Oscillibacter_sp._KLE_1745	-0.045207407074	0.0180365913631	-0.00946891277052	-0.0552052143603	-0.0447340538612	0.0201438987663	-0.0731873712415	-0.0433070543583	-0.0194983984094	0.0161558202209	-0.00796445388361	0.0591154089704	-0.0524794622062	0.0204764052976	-0.00798122181215	0.0101482356537	0.00274054095474	-0.00459479548052	0.0324421170703	0.0284602414559	0.00893641186043	0.000560632625925	-0.072380836908	-0.0317331683465	1.0	-0.0509511590999	0.00420492800573	-0.0215542545011	0.0108518283839	0.00306491893903	-0.0594600775244	-0.00154100680147	-0.00177362053111	-0.0259116030523	-0.0245101977335	-0.000236903589929	0.00987705035158	-0.0286046079654	-0.0430938548703	-0.0180540441082	-0.0490381372572	-0.0721113956542	0.0005101786498	0.0317341471723	0.0429083584586	-0.0131626737209	0.000239029715048	-0.0423735365662	-0.0312632984909	0.044360233383	0.0239924418663	0.0421636882113	-0.0101480313015	0.0538818694673	0.0275660231861	-0.0442928167007	0.0131821105578	-0.00977919435924	-0.0255969323926
k__Bacteria;p__Bacteroidetes;c__Bacteroidia;o__Bacteroidales;f__Bacteroidaceae;g__Bacteroides;s__Bacteroides_coprophilus	0.00253946734113	-0.059912867711	0.023150741015	0.0397946770914	-0.00566601875646	-0.0484908319384	-0.0390588846346	-0.0511435936804	-0.056878461363	-0.0169692144519	0.0665041960379	-0.041420892049	0.0112723268246	-0.0156368084472	0.0428463241478	0.0808546726902	-0.0314487086944	-0.0328145648679	-0.0208699212323	0.0151643023394	-0.00680720857959	-0.0123556611584	0.00637374983112	-0.0497274445304	-0.0509511590999	1.0	-0.0141398098819	-0.0251167977701	0.0342046745383	-0.069026866975	0.0160725167905	0.00709734122396	-0.0441283286017	-0.00113418189387	9.75342021942e-05	-0.0623675215551	0.00729707014311	-0.0651072647754	-0.0140091671671	-0.00298428265732	0.030936484167	-0.0192287267496	-0.0192146012509	-0.0293182645579	0.0512715515492	-0.0473584406195	0.0678674004838	-0.029645626493	-0.02641793536	-0.0621751092228	-0.00449616303772	0.0255622486363	-0.00552792903296	-0.00889574491306	0.0369615121733	-0.021020344011	-0.0491200070772	0.0122332148689	-0.0318560025113
k__Bacteria;p__Firmicutes;c__Clostridia;o__Clostridiales;f__Lachnospiraceae;g__Roseburia;s__Roseburia_intestinalis	0.00591400803231	0.00867474109033	0.0023820785508	-0.0282332781971	0.0319770562177	-0.0626151824015	-0.0492227248773	0.0466562481808	-0.0387587190363	-0.00700694674452	0.0116917055682	0.0187761865742	-0.0168896488309	-0.0241784917472	0.0265131087621	0.037674294031	-0.0140106905021	0.0211008215704	-5.59392958975e-05	-0.0248745708825	-0.0153138225787	0.00742350282982	0.0190393691723	0.0151199474995	0.00420492800573	-0.0141398098819	1.0	-0.0430378000042	-0.0188307722314	0.0442923725261	0.0407782244474	0.0169567915354	-0.0207526216943	-0.00288641847074	-0.0064466600099	-0.0610052560637	-0.00102885544457	0.0300119270391	-0.0718253793669	-0.121075466669	-0.0171632617942	0.0136124455865	-0.0191823543884	0.00612083479594	0.0239374996169	-0.0292145944836	-0.01710275167	-0.00236498116389	0.00138595952975	-0.0197533622355	-0.0161046372555	0.0469433308827	-0.0653218683856	-0.0416918185251	-0.0410074472974	-0.0169689191387	-0.0297785737271	-0.0614914389706	0.0480969137459
k__Bacteria;p__Firmicutes;c__Clostridia;o__Clostridiales;f__Lachnospiraceae;g__Roseburia;s__Roseburia_hominis	-0.0774741472353	-0.0378117855419	-0.0427550186616	-0.0441892029569	-0.067871265027	-0.0222322464116	-0.0351192326959	0.000160782299914	-0.0209588606252	-0.0061966293211	-0.00211142554325	-0.0189834279671	0.00760818004756	0.074916476227	-0.00216103419786	0.00387899461128	0.0782631919817	-0.0459993743098	-0.0348751577777	-0.0286825056922	-0.073217179912	-0.0111758756329	-0.00487020719056	-0.0397346708062	-0.0215542545011	-0.0251167977701	-0.0430378000042	1.0	-0.0387969262786	0.0302665646295	0.0409949149371	-0.0562551444085	-0.0106650803053	-0.0454197579984	0.0254175091544	0.00672311745667	0.0208466302103	0.00062071211269	0.00702333338053	0.0196810716088	-0.0161919947095	-0.0657726233591	0.085428425058	-0.0422035090935	0.00400375850537	-0.0280530414402	0.0389362476339	0.0246604901986	0.00214021686013	0.0791321163742	-0.0523109930232	0.000735085057384	-0.0406306119869	0.0363873369755	-0.00315213963913	-0.0531833970018	0.0120058360302	0.0527777340255	0.0706365613641
k__Bacteria;p__Bacteroidetes;c__Bacteroidia;o__Bacteroidales;f__Porphyromonadaceae;g__Parabacteroides;s__Parabacteroides_johnsonii	-0.0277099483943	-0.00827312228594	0.0162985381532	-0.0727164972434	-0.0195099146529	0.00566028259941	0.00559235089658	-0.060315967611	-0.0284080848493	-0.0509907398734	0.0326663258153	-0.0316046622696	0.00354503659674	-0.00197567343696	-0.0187374066463	0.0164018034009	-0.037778998387	-0.0171362551846	-0.0141287112003	-0.0150913763714	-0.015279804161	0.0325981820412	-0.0190110943595	-0.0329008441528	0.0108518283839	0.0342046745383	-0.0188307722314	-0.0387969262786	1.0	-0.0312273911767	-0.0225203442658	-0.0687126081013	-0.0363712980062	-0.037224285863	0.0784701998187	-0.0300130251771	-0.0381803875277	-0.0126739901097	0.0752602885187	0.0132851719676	-0.09351135467	-0.00645475584996	-0.0049156437621	-0.0365646749069	-0.0689173135271	0.0938476104412	-0.0289970828887	0.00222077471851	0.049238562757	0.00342079129489	0.0572693074739	0.0391357582433	-0.0274176635497	-0.0085164107653	-0.0223648037909	-0.0554197796249	-0.0283263594988	0.0510885714334	0.0077203072753
k__Bacteria;p__Actinobacteria;c__Actinobacteria;o__Bifidobacteriales;f__Bifidobacteriaceae;g__Bifidobacterium;s__Bifidobacterium_longum	0.0163006759678	-0.0402656021001	-0.00752936685917	0.0488775686495	-0.0380227223486	-0.0145212228773	-0.0269365310075	0.0571925569161	-0.0283820927904	0.0300182000373	-0.0228023554432	-0.00857902197622	-0.0511906921265	-0.0123613983463	-0.0392228612124	-0.0642261868572	-0.0249577047002	0.000207285217287	0.0293194674371	0.0148440033299	-0.0476140311635	-0.0384151831144	-0.0475025817313	0.0269325299801	0.00306491893903	-0.069026866975	0.0442923725261	0.0302665646295	-0.0312273911767	1.0	0.00507936626068	0.0811364293776	-0.0245872426695	-0.0202217231811	-0.041721696699	-0.0229197296857	0.0444388527056	-0.0114428356269	-0.0238652292467	-0.0046646417681	-0.0175990661195	-0.00107192569426	-0.0161761434974	-0.0180712477019	-0.0246142168394	0.0504722550834	-0.0372848602091	-0.0320937300957	-0.0937876362128	0.0349996016354	-0.0128216640657	0.0076504364781	-0.0643736753713	-0.0163532943216	0.0270817085813	-0.0132430582368	-0.0406979648684	-0.0482607708633	-0.010833730304
