#taxonomy	k__Bacteria;p__Bacteroidetes;c__Bacteroidia;o__Bacteroidales;f__Bacteroidaceae;g__Bacteroides;s__Bacteroides_vulgatus	k__Bacteria;p__Bacteroidetes;c__Bacteroidia;o__Bacteroidales;f__Bacteroidaceae;g__Bacteroides;s__Bacteroides_uniformis	k__Bacteria;p__Bacteroidetes;c__Bacteroidia;o__Bacteroidales;f__Rikenellaceae;g__Alistipes;s__Alistipes_putredinis	k__Bacteria;p__Bacteroidetes;c__Bacteroidia;o__Bacteroidales;f__Prevotellaceae;g__Prevotella;s__Prevotella_copri	k__Bacteria;p__Bacteroidetes;c__Bacteroidia;o__Bacteroidales;f__Bacteroidaceae;g__Bacteroides;s__Bacteroides_stercoris	k__Bacteria;p__Bacteroidetes;c__Bacteroidia;o__Bacteroidales;f__Bacteroidaceae;g__Bacteroides;s__Bacteroides_ovatus	k__Bacteria;p__Bacteroidetes;c__Bacteroidia;o__Bacteroidales;f__Rikenellaceae;g__Alistipes;s__Alistipes_shahii	k__Bacteria;p__Firmicutes;c__Clostridia;o__Clostridiales;f__Ruminococcaceae;g__Faecalibacterium;s__Faecalibacterium_prausnitzii	k__Bacteria;p__Bacteroidetes;c__Bacteroidia;o__Bacteroidales;f__Rikenellaceae;g__Alistipes;s__Alistipes_finegoldii	k__Bacteria;p__Bacteroidetes;c__Bacteroidia;o__Bacteroidales;f__Porphyromonadaceae;g__Parabacteroides;s__Parabacteroides_distasonis	k__Bacteria;p__Bacteroidetes;c__Bacteroidia;o__Bacteroidales;f__Bacteroidaceae;g__Bacteroides;s__Bacteroides_thetaiotaomicron	k__Bacteria;p__Bacteroidetes;c__Bacteroidia;o__Bacteroidales;f__Bacteroidaceae;g__Bacteroides;s__Bacteroides_coprocola	k__Bacteria;p__Bacteroidetes;c__Bacteroidia;o__Bacteroidales;f__Bacteroidaceae;g__Bacteroides;s__Bacteroides_cellulosilyticus	k__Bacteria;p__Bacteroidetes;c__Bacteroidia;o__Bacteroidales;f__Rikenellaceae;g__Alistipes;s__Alistipes_obesi	k__Bacteria;p__Firmicutes;c__Clostridia;o__Clostridiales;f__Lachnospiraceae;g__;s__[Eubacterium]_rectale	k__Bacteria;p__Bacteroidetes;c__Bacteroidia;o__Bacteroidales;f__Bacteroidaceae;g__Bacteroides;s__Bacteroides_plebeius	k__Bacteria;p__Bacteroidetes;c__Bacteroidia;o__Bacteroidales;f__Bacteroidaceae;g__Bacteroides;s__Bacteroides_fragilis	k__Bacteria;p__Proteobacteria;c__Betaproteobacteria;o__Burkholderiales;f__Sutterellaceae;g__Sutterella;s__Sutterella_wadsworthensis	k__Bacteria;p__Bacteroidetes;c__Bacteroidia;o__Bacteroidales;f__Porphyromonadaceae;g__Barnesiella;s__Barnesiella_intestinihominis	k__Bacteria;p__Bacteroidetes;c__Bacteroidia;o__Bacteroidales;f__Odoribacteraceae;g__Odoribacter;s__Odoribacter_splanchnicus	k__Bacteria;p__Bacteroidetes;c__Bacteroidia;o__Bacteroidales;f__Bacteroidaceae;g__Bacteroides;s__Bacteroides_salyersiae	k__Bacteria;p__Firmicutes;c__Clostridia;o__Clostridiales;f__Ruminococcaceae;g__Ruminiclostridium;s__[Eubacterium]_siraeum	k__Bacteria;p__Proteobacteria;c__Betaproteobacteria;o__Burkholderiales;f__Sutterellaceae;g__Parasutterella;s__Parasutterella_excrementihominis	k__Bacteria;p__Actinobacteria;c__Actinobacteria;o__Bifidobacteriales;f__Bifidobacteriaceae;g__Bifidobacterium;s__Bifidobacterium_adolescentis	k__Bacteria;p__Firmicutes;c__Clostridia;o__Clostridiales;f__Oscillospiraceae;g__Oscillibacter;s__Oscillibacter_sp._KLE_1745	k__Bacteria;p__Bacteroidetes;c__Bacteroidia;o__Bacteroidales;f__Bacteroidaceae;g__Bacteroides;s__Bacteroides_coprophilus	k__Bacteria;p__Firmicutes;c__Clostridia;o__Clostridiales;f__Lachnospiraceae;g__Roseburia;s__Roseburia_intestinalis	k__Bacteria;p__Firmicutes;c__Clostridia;o__Clostridiales;f__Lachnospiraceae;g__Roseburia;s__Roseburia_hominis	k__Bacteria;p__Bacteroidetes;c__Bacteroidia;o__Bacteroidales;f__Porphyromonadaceae;g__Parabacteroides;s__Parabacteroides_johnsonii	k__Bacteria;p__Actinobacteria;c__Actinobacteria;o__Bifidobacteriales;f__Bifidobacteriaceae;g__Bifidobacterium;s__Bifidobacterium_longum	k__Bacteria;p__Firmicutes;c__Clostridia;o__Clostridiales;f__;g__Flavonifractor;s__Flavonifractor_plautii	k__Bacteria;p__Firmicutes;c__Clostridia;o__Clostridiales;f__Clostridiaceae;g__Clostridium;s__Clostridium_phoceensis	k__Bacteria;p__Verrucomicrobia;c__Verrucomicrobiae;o__Verrucomicrobiales;f__Akkermansiaceae;g__Akkermansia;s__Akkermansia_muciniphila	k__Bacteria;p__Bacteroidetes;c__Bacteroidia;o__Bacteroidales;f__Prevotellaceae;g__Paraprevotella;s__Paraprevotella_xylaniphila	k__Bacteria;p__Firmicutes;c__Clostridia;o__Clostridiales;f__Ruminococcaceae;g__Ruminococcus;s__Ruminococcus_callidus	k__Bacteria;p__Bacteroidetes;c__Bacteroidia;o__Bacteroidales;f__Rikenellaceae;g__Alistipes;s__Alistipes_senegalensis	k__Bacteria;p__Firmicutes;c__Clostridia;o__Clostridiales;f__Lachnospiraceae;g__Blautia;s__Blautia_sp._KLE_1732	k__Bacteria;p__Bacteroidetes;c__Bacteroidia;o__Bacteroidales;f__Bacteroidaceae;g__Bacteroides;s__Bacteroides_oleiciplenus	k__Bacteria;p__Firmicutes;c__Clostridia;o__Clostridiales;f__Ruminococcaceae;g__Ruminococcus;s__Ruminococcus_bicirculans	k__Bacteria;p__Bacteroidetes;c__Bacteroidia;o__Bacteroidales;f__Bacteroidaceae;g__Bacteroides;s__Bacteroides_fluxus	k__Bacteria;p__Bacteroidetes;c__Bacteroidia;o__Bacteroidales;f__Prevotellaceae;g__Prevotella;s__Prevotella_stercorea	k__Bacteria;p__Firmicutes;c__Clostridia;o__Clostridiales;f__Lachnospiraceae;g__Dorea;s__Dorea_longicatena	k__Bacteria;p__Firmicutes;c__Clostridia;o__Clostridiales;f__Eubacteriaceae;g__Eubacterium;s__[Eubacterium]_eligens	k__Bacteria;p__Firmicutes;c__Clostridia;o__Clostridiales;f__Ruminococcaceae;g__;s__Ruminococcaceae_bacterium_D16	k__Bacteria;p__Firmicutes;c__Clostridia;o__Clostridiales;f__Lachnospiraceae;g__Coprococcus;s__Coprococcus_comes	k__Bacteria;p__Proteobacteria;c__Gammaproteobacteria;o__Enterobacterales;f__Enterobacteriaceae;g__Escherichia;s__Escherichia_coli	k__Bacteria;p__Firmicutes;c__Clostridia;o__Clostridiales;f__Ruminococcaceae;g__Anaerotruncus;s__Anaerotruncus_colihominis	k__Bacteria;p__Firmicutes;c__Clostridia;o__Clostridiales;f__Lachnospiraceae;g__Blautia;s__Blautia_obeum	k__Bacteria;p__Bacteroidetes;c__Bacteroidia;o__Bacteroidales;f__Odoribacteraceae;g__Odoribacter;s__Odoribacter_laneus	k__Bacteria;p__Firmicutes;c__Clostridia;o__Clostridiales;f__Ruminococcaceae;g__Ruminiclostridium;s__[Clostridium]_leptum	k__Bacteria;p__Bacteroidetes;c__Bacteroidia;o__Bacteroidales;f__Porphyromonadaceae;g__Parabacteroides;s__Parabacteroides_goldsteinii	k__Bacteria;p__Firmicutes;c__Clostridia;o__Clostridiales;f__Lachnospiraceae;g__Anaerostipes;s__Anaerostipes_hadrus	k__Bacteria;p__Firmicutes;c__Clostridia;o__Clostridiales;f__Ruminococcaceae;g__Ruminococcus;s__Ruminococcus_lactaris	k__Bacteria;p__Firmicutes;c__Clostridia;o__Clostridiales;f__Clostridiaceae;g__Clostridium;s__Clostridium_sp._L2-50	k__Bacteria;p__Firmicutes;c__Clostridia;o__Clostridiales;f__Clostridiaceae;g__Clostridium;s__Clostridium_sp._M62/1	k__Bacteria;p__Firmicutes;c__Clostridia;o__Clostridiales;f__;g__Intestinimonas;s__Intestinimonas_butyriciproducens	k__Bacteria;p__Actinobacteria;c__Actinobacteria;o__Bifidobacteriales;f__Bifidobacteriaceae;g__Bifidobacterium;s__Bifidobacterium_bifidum	k__Bacteria;p__Firmicutes;c__Negativicutes;o__Veillonellales;f__Veillonellaceae;g__Dialister;s__Dialister_invisus	k__Bacteria;p__Bacteroidetes;c__Bacteroidia;o__Bacteroidales;f__Bacteroidaceae;g__Bacteroides;s__Bacteroides_salanitronis
k__Bacteria;p__Bacteroidetes;c__Bacteroidia;o__Bacteroidales;f__Bacteroidaceae;g__Bacteroides;s__Bacteroides_vulgatus	1.0	-0.0209714095694	-0.0548428968974	-0.0184321086897	-0.0272973227597	-0.0758761561183	-0.0592280049183	-0.0267189414525	0.0505317060647	0.00787115208155	-0.0239678241605	0.00427956168418	0.0526877067352	-0.0290682265525	-0.0130128451087	-0.0344317354335	-0.0265959909207	-0.0357752533451	0.0332836641822	0.0255042392347	0.0386502918323	0.050120680071	0.0323172866303	-0.0693006192836	-0.0069607614018	-0.0342381278931	0.00305072682182	-0.0529950414592	0.00273995234186	-0.000833462454764	0.0269917292701	-0.0282973350188	-0.0262103515754	-0.0122376687818	-0.00595526757693	-0.00723486189573	0.0145277469955	0.0605483668773	-0.0151477244034	0.0221996189228	0.000462325085127	0.0367963654855	0.00373060391628	-0.0243567915719	-0.017648780837	0.00424004733119	-0.0287494860551	0.0457096425291	-0.0409480294056	0.00501984547926	0.0459946639947	-0.0447227565603	-0.0221483953604	-0.0687002406002	-0.0487691943904	-0.0619858316815	-0.00616095528146	-0.0504829319012	-0.0385010200327
k__Bacteria;p__Bacteroidetes;c__Bacteroidia;o__Bacteroidales;f__Bacteroidaceae;g__Bacteroides;s__Bacteroides_uniformis	-0.0209714095694	1.0	-0.00332931022956	0.0053648729858	0.0098877500906	0.0214588915825	-0.0108603844977	-0.00704771293039	-0.0579933421735	0.0149898238931	0.0524633878455	-0.0141084324255	-0.00290540253945	0.00649950712425	-0.032935679782	0.00767505922373	0.00683700568399	-0.00187675960041	0.0195035789591	0.0538033793746	-0.0207731468403	-0.00992288489812	0.0180283755929	-0.0138688504384	-0.0716900967019	-0.0210201153081	0.0255701831276	-0.041248951759	0.0147338621334	0.0544752211372	-0.0424216869687	-0.016249496314	-0.0386249786052	-0.0103464886466	-0.0255556699653	0.0354620632923	0.0160936420205	0.0243806049046	0.0251978238308	-0.0528984058335	-0.0331103564624	0.00711848430124	-0.031348993409	-0.00424519237016	0.00381569762313	-0.0326947094788	-0.0528663854662	-0.00812604381071	0.00386427518091	-0.0177085456159	0.00714857463781	0.0803917296298	-0.0369240902581	0.0112343892849	0.037110107332	-0.0420355797064	0.0219236598736	0.00739433763145	-0.0205653040163
k__Bacteria;p__Bacteroidetes;c__Bacteroidia;o__Bacteroidales;f__Rikenellaceae;g__Alistipes;s__Alistipes_putredinis	-0.0548428968974	-0.00332931022956	1.0	0.0264954443896	-0.0308108606835	0.000578623977149	-0.0366586809531	-0.0196143093552	-0.0570131807791	-0.0285045641283	-0.00895152859363	-0.00640956442254	0.052566907245	-0.0863061257855	0.00233831405738	-0.0103435132971	0.0253921318037	-0.0689522357086	-0.0142962702113	-0.0519409552139	-0.0248358546545	0.0119572829076	0.0112634009884	0.0204222711798	-0.0690859189255	-0.0403789928309	0.0716064657081	-0.0178344133797	0.00225911190646	-0.0192089980985	0.0749682856836	-0.0510514672791	-0.0178308499817	0.00126257976618	-0.00743295576786	-0.0178445306109	-0.039761642053	-0.0221148244038	-0.0257107733786	0.0232735309192	0.00198194829351	-0.0018216174759	-0.0157822450062	0.00658144374065	-0.0389394209075	-0.0211505968678	-0.0641702264681	-0.019279979917	0.0107349739981	-0.034922270304	-0.00110663372004	0.00891816989995	0.0145748856917	-0.0445459965159	-0.0131786372904	0.0305218474457	-0.0272923856573	0.00976340354102	-0.00891563856144
k__Bacteria;p__Bacteroidetes;c__Bacteroidia;o__Bacteroidales;f__Prevotellaceae;g__Prevotella;s__Prevotella_copri	-0.0184321086897	0.0053648729858	0.0264954443896	1.0	0.050841810452	0.0295248999049	0.0330496041578	0.0105392490727	-0.0450701943683	-0.0199445194307	0.0481678176497	0.0198846338574	-0.00914189960316	-0.0144586397256	0.0354340427245	0.010779690056	0.0249858489163	-0.0263892301049	0.00457463073933	-0.0744428505497	-0.0227536383009	-0.01516986576	0.0354277609744	-0.0118918493894	0.000362027666418	0.0103287126492	-0.0815523448477	-0.0281361188093	-0.0446310737461	-0.0316292770833	0.00528559316366	-0.0504447411911	-0.0864690262641	0.00212846894205	-0.0822324634369	-0.0406391787733	0.0286070248259	-0.00445201018134	0.0532920092124	-0.0456384982516	-0.00647588605182	-0.00898759175954	-0.0251129018849	0.0172489316612	0.00138188204078	0.0144630836047	0.0270024141258	-0.0309549580152	-0.0116170955564	0.0342520065832	-0.03432644996	0.00644469152483	0.0262453836847	0.0270334026394	0.0330885495267	-0.0875281416268	-0.0316914802365	-0.017348135219	0.0216372747908
k__Bacteria;p__Bacteroidetes;c__Bacteroidia;o__Bacteroidales;f__Bacteroidaceae;g__Bacteroides;s__Bacteroides_stercoris	-0.0272973227597	0.0098877500906	-0.0308108606835	0.050841810452	1.0	-0.0428312956648	-0.0241909767274	-0.0105392594509	0.0124783800051	0.0486849292681	-0.00763833657049	0.0133273601893	0.0206817536007	-0.0331118205325	-0.033293270422	0.0414953863126	-0.0182563567638	-0.0273893140261	-0.027238979053	-0.0263114850106	-0.04945673562	-0.0406261425981	-0.0408194915054	-0.0126539782287	-0.0590967758618	0.0274837019873	-0.0102658384708	-0.0652493773304	-0.0370167722798	0.0202728208813	0.0178877680883	0.04393814266	-0.0531166082374	0.0210563982837	0.0433176130706	-0.0406186013553	-0.0177798602364	-0.0272199321742	0.000619239564702	0.0213589218619	-0.00595793209928	0.017477295621	-0.0179371193612	0.0378658291075	0.00737774889712	-0.00542311758504	0.0295587195374	0.0280985336405	0.0149006945076	-0.0271916230318	0.0054720600643	-0.0462924047273	0.0460508000821	-0.0202889963071	0.0491020828407	0.0291899247927	-0.00476883674392	0.0276992148994	-0.0118818254527
k__Bacteria;p__Bacteroidetes;c__Bacteroidia;o__Bacteroidales;f__Bacteroidaceae;g__Bacteroides;s__Bacteroides_ovatus	-0.0758761561183	0.0214588915825	0.000578623977149	0.0295248999049	-0.0428312956648	1.0	-0.0220272386068	-0.0196900294892	0.0357892755459	0.0759022590783	0.041279163816	0.0295003788485	-0.0523856033062	-0.0685922949562	-0.0295334221142	-0.00379478158084	0.0425690910248	-0.00177360863557	0.046807789201	0.003379927788	0.000585249587077	0.000324299029978	0.00409665568854	-0.0033046273972	-0.0045623498586	-0.0336051747878	-0.0034981898739	-0.0142627609053	-0.0185266697456	-0.0195913784063	-0.0907128506144	-0.0168334300399	-0.0507028149067	0.0312755433356	0.0652295507749	-0.0489681853679	-0.0375458402293	-0.0353942184472	-0.0125175079674	-0.0425826267062	-0.0334423257756	0.00562769121675	0.0764325007325	-0.0280690182549	0.00294359348097	-0.0340288511492	-0.00868052864422	-0.0605995011112	0.00762442966062	-0.05046712461	-0.0282788909687	-0.00986102121106	0.0405115781642	0.0300727566527	0.0358054356485	-0.00195370013251	0.0668127783907	0.0480730651349	0.0645205911695
k__Bacteria;p__Bacteroidetes;c__Bacteroidia;o__Bacteroidales;f__Rikenellaceae;g__Alistipes;s__Alistipes_shahii	-0.0592280049183	-0.0108603844977	-0.0366586809531	0.0330496041578	-0.0241909767274	-0.0220272386068	1.0	-0.0225908204304	-0.0340573248393	0.0117117967781	-0.0432133979373	-0.0215600028016	0.00142769795517	-0.0541975853726	-0.0101726944282	0.0230815252049	5.54816128655e-05	0.0522237105518	-0.00735133517349	0.0031757559811	-0.000873242254533	0.0381571778837	-0.0214552118364	0.0411051420157	0.0358787691159	-0.016606329817	0.00115849846306	-0.0636995601656	0.0134998959573	0.0350654167446	0.0082989201259	0.0148145240028	-0.0141921755589	0.0281349575049	-0.018265044102	-0.0224289799297	-0.00101775274968	-0.000770214716296	-0.0158430655479	0.0135061471447	-0.0354028733041	0.0669552200233	-0.0189251677318	0.0134617525809	0.0624985377373	-0.000144044940505	-0.0213381678612	-0.0192240845243	0.00709880234808	-0.0598048255602	-0.0371836966913	-0.0168414023534	0.0388083752718	0.0466824287909	0.00851797031859	-0.0458940438681	-0.0428850045145	-0.0261750935928	0.0422796344497
k__Bacteria;p__Firmicutes;c__Clostridia;o__Clostridiales;f__Ruminococcaceae;g__Faecalibacterium;s__Faecalibacterium_prausnitzii	-0.0267189414525	-0.00704771293039	-0.0196143093552	0.0105392490727	-0.0105392594509	-0.0196900294892	-0.0225908204304	1.0	-0.0211116486322	-0.0309697876229	-0.0205020159402	-0.00237112099912	-0.0170382236505	-0.0312224158277	0.0447027899839	-0.00593040661526	-0.0376245279362	-0.0122748252021	0.0223156682221	-0.079426451512	0.00599709795327	-0.00298165914395	0.00531758624515	-0.036502035755	-0.0491822033178	-0.0637223599994	-0.0449566184468	-0.0197225887359	-0.0508826726288	-0.0279264029687	-0.00270484930677	-0.0586057536435	0.0484674715421	-0.0459196113909	-0.0328356659938	-0.0181405212911	0.0438728003583	-0.0332062455452	-0.0514823515211	0.0786146102064	0.0327375097152	0.0170594578429	-0.0527262274916	0.00561061591341	0.0549050444716	-0.00324112267957	0.015955852742	-0.0317747169342	0.063676989825	0.0143797057272	-0.0338988204922	-0.017053667441	-0.00958826962737	0.0375508857821	0.00284498989318	-0.0450319197133	-0.00436362110427	0.00605102756528	0.00327049733348
k__Bacteria;p__Bacteroidetes;c__Bacteroidia;o__Bacteroidales;f__Rikenellaceae;g__Alistipes;s__Alistipes_finegoldii	0.0505317060647	-0.0579933421735	-0.0570131807791	-0.0450701943683	0.0124783800051	0.0357892755459	-0.0340573248393	-0.0211116486322	1.0	-0.0527441944549	-0.0111343952806	0.0133490667155	-0.0519227436553	0.0384820275195	-0.0255006643578	0.040830304095	0.0434651997129	-0.0135912506787	-0.0523818155119	-0.0431288525736	-0.0248504409223	0.0298707682791	-0.0421639042325	0.0151943954514	-0.0283047970865	0.00447968908568	-0.0948456432552	-0.0844596178948	-0.0547418460399	-0.0184515092682	0.0309862727449	-0.0510723491354	-0.00531104644669	-0.0611214235482	0.045538951902	-0.0108352058063	-0.0235862638105	0.0292633190062	-0.0137977431513	0.0162966501816	-0.0801790759708	0.00183120892235	0.0452178455087	-0.046865773278	-0.0239393151745	0.0255305029483	0.00864138864178	-0.01212374326	0.0219484346556	-0.0318012753617	-0.00544992526208	-0.0467520013516	-0.000305560520805	-0.0030007039335	0.00926206909521	0.0163668947958	-0.0063580712067	-0.0202095245958	0.0578226757336
k__Bacteria;p__Bacteroidetes;c__Bacteroidia;o__Bacteroidales;f__Porphyromonadaceae;g__Parabacteroides;s__Parabacteroides_distasonis	0.00787115208155	0.0149898238931	-0.0285045641283	-0.0199445194307	0.0486849292681	0.0759022590783	0.0117117967781	-0.0309697876229	-0.0527441944549	1.0	-0.0547934455895	-0.0201717448829	-0.0173195545767	-0.0221012272799	0.0378226868968	-0.0673940138792	0.0477372614151	-0.0259341915883	-0.00206603985571	0.0148027828396	-0.0126388757861	-0.0496424312178	0.00312962237526	0.00622199028238	0.028278659139	-0.0437959467938	0.00891763388953	-0.0504845539083	-0.0269534398506	-0.0288195876297	-0.0409671241341	-0.0195724992522	-0.0261857588504	0.0304521255284	-0.037757047243	0.0114159662309	-0.00483897397025	-0.00362599969883	0.0235650824058	-0.00642944960551	-0.00952036179175	-0.0539316872318	0.0166778878322	0.031051254295	-0.0312881136359	0.0223249686935	0.00399332750995	-0.0122062013866	-0.0199083313008	-0.00351145828266	0.0501174959399	0.00152701954661	-0.0453464111203	-0.00195931294935	-0.0290638889346	-0.0343342357069	0.0849464771862	0.0281672012889	0.0253917533933
k__Bacteria;p__Bacteroidetes;c__Bacteroidia;o__Bacteroidales;f__Bacteroidaceae;g__Bacteroides;s__Bacteroides_thetaiotaomicron	-0.0239678241605	0.0524633878455	-0.00895152859363	0.0481678176497	-0.00763833657049	0.041279163816	-0.0432133979373	-0.0205020159402	-0.0111343952806	-0.0547934455895	1.0	-0.0247874235641	-0.0389811769292	0.0105179869664	0.0525414126124	-0.0430328830193	0.0113535794631	0.0131220090856	-0.0299177516338	-0.0081121157241	-0.0421593047207	0.0403314316727	0.0809165506505	0.00256515018006	0.033759795522	0.0415961409307	0.0184501638114	-0.0058486947021	0.025549614521	-0.00645262304549	-0.0340230167199	0.037287034431	0.00917101681807	0.00558592542988	-0.0678100770179	-0.0400595272817	-0.0309257175693	0.00689503144589	-0.0334715126108	-0.0142005143017	-0.0304255390318	-0.0125022921134	-0.0131386107624	0.00426884543212	-0.0284010177622	0.00773558141944	0.0116987358707	0.00716213219213	0.0363244368293	0.0384529751891	-0.0117780699933	0.00326672315475	-0.0745061633774	-0.081677744842	0.00535321473497	-0.00399988874384	-0.0158458407922	-0.0144606239587	0.0479290321258
k__Bacteria;p__Bacteroidetes;c__Bacteroidia;o__Bacteroidales;f__Bacteroidaceae;g__Bacteroides;s__Bacteroides_coprocola	0.00427956168418	-0.0141084324255	-0.00640956442254	0.0198846338574	0.0133273601893	0.0295003788485	-0.0215600028016	-0.00237112099912	0.0133490667155	-0.0201717448829	-0.0247874235641	1.0	0.0632504544729	0.00087421256345	-0.0146675909671	0.00227174450681	0.00280795880346	-0.0433483469489	0.0250776462971	-0.0541994676091	-0.00120339382158	0.0453213452787	0.0249637850394	-0.0230993612524	-0.0734394792469	0.0469473217425	-0.00211623286552	0.0590898327824	-0.00670146352864	0.0689209968818	-0.0330772706225	0.0359724468454	-0.0458129045986	-0.0523853512445	-0.0350008725781	0.0213822520112	-0.0132483041662	0.00469137572422	0.0293510847183	-0.0860812482544	-0.0658430486493	0.0049402243101	-0.0179383647455	-0.00244739817061	-0.082044720137	0.0278203743699	0.0125714501992	0.0342345450832	-0.0026780975816	-0.0236281398889	0.0265224384487	0.00898958922573	0.0228614886978	-0.0476670282644	-0.0352306765444	-0.0236967545447	-0.0239801968684	-0.0617825315856	-0.0493082138615
k__Bacteria;p__Bacteroidetes;c__Bacteroidia;o__Bacteroidales;f__Bacteroidaceae;g__Bacteroides;s__Bacteroides_cellulosilyticus	0.0526877067352	-0.00290540253945	0.052566907245	-0.00914189960316	0.0206817536007	-0.0523856033062	0.00142769795517	-0.0170382236505	-0.0519227436553	-0.0173195545767	-0.0389811769292	0.0632504544729	1.0	0.0490468463784	-0.00247095597573	-0.0433163541899	-0.0145129411228	-0.047804627817	-0.0416827350217	-0.0253583782256	-0.0408830418767	-0.0693730397386	0.0349159971035	-0.0466340942907	0.00323757482185	-0.0618535165713	-0.0246571222746	0.00886034167536	-0.0484863974622	0.00692546053618	-0.00732639706379	0.060546642507	0.0342577448798	-0.026838109565	-0.0349984285369	-0.0508109944799	0.0316214753914	0.00703958498445	0.0213760028056	0.000276547839251	0.00133734180996	-0.00717558165904	-0.030493995185	-0.0271891770892	-0.0403447555839	-0.030145435466	-0.0674553445274	-0.0124212920246	-0.000162927802691	0.0811467101525	-0.00473555500246	0.0127247845845	-0.000467648272132	0.0204008812931	0.0244234425636	-0.0299391381832	-0.0328405076268	-0.0248543192536	-0.0264007044287
k__Bacteria;p__Bacteroidetes;c__Bacteroidia;o__Bacteroidales;f__Rikenellaceae;g__Alistipes;s__Alistipes_obesi	-0.0290682265525	0.00649950712425	-0.0863061257855	-0.0144586397256	-0.0331118205325	-0.0685922949562	-0.0541975853726	-0.0312224158277	0.0384820275195	-0.0221012272799	0.0105179869664	0.00087421256345	0.0490468463784	1.0	-0.00424540542419	-0.0132396630699	0.0179834806617	-0.0446875398939	-0.0382873351342	-0.00306113090594	-0.0680005726228	-0.0115150720322	-0.0143872800148	0.00274992243284	0.00607030379925	-0.0459734959528	-0.00156691466072	0.0336823465848	-0.0304815265514	0.0160672936158	-0.0209739078633	0.0270566665559	-0.046366364957	0.00117604794957	0.00855785061668	-0.0529945234434	0.0525414473406	0.0802558806599	-0.0153558224775	0.0155869240098	-0.0160674748574	-0.0352019805346	0.0180198861857	-0.00580136315036	0.000847554216494	-0.0322628444113	0.014056121846	-0.032093754888	-0.0248070364198	-0.0646884674476	0.0236875823442	0.0245590095567	-0.035326984266	0.00123248692636	-0.0188011818601	0.0179522730025	-0.000951919843698	-0.053509368041	-0.0300880250949
k__Bacteria;p__Firmicutes;c__Clostridia;o__Clostridiales;f__Lachnospiraceae;g__;s__[Eubacterium]_rectale	-0.0130128451087	-0.032935679782	0.00233831405738	0.0354340427245	-0.033293270422	-0.0295334221142	-0.0101726944282	0.0447027899839	-0.0255006643578	0.0378226868968	0.0525414126124	-0.0146675909671	-0.00247095597573	-0.00424540542419	1.0	-0.0136731483638	-0.0284278024247	0.0435687124674	0.0079480397954	-0.0163679317473	-0.0194823147973	-0.0403743010854	0.00166830709028	-0.0489016491885	-0.0147390661084	-0.0148514848208	0.0108484960579	-0.025984052751	0.0506637766585	0.0724207074714	0.0137540113719	-0.0177931438361	-0.0493055580428	0.0115533370585	-0.0464036086808	0.0156050785236	0.0384237696031	0.0481456805059	-0.0448548235557	-0.0403225455366	0.00959815490372	-0.0332008154332	0.0318794506082	-0.0356103868594	-0.0232588735375	-0.00240039052077	0.0447397703398	0.0161923876062	-0.0510992922606	0.0223177550847	0.0423011933484	0.0448648000691	0.00241527618328	-0.0685283209861	0.00292548359619	-0.0682934773538	-0.0409361293035	-0.0154359312406	-0.00300630366662
k__Bacteria;p__Bacteroidetes;c__Bacteroidia;o__Bacteroidales;f__Bacteroidaceae;g__Bacteroides;s__Bacteroides_plebeius	-0.0344317354335	0.00767505922373	-0.0103435132971	0.010779690056	0.0414953863126	-0.00379478158084	0.0230815252049	-0.00593040661526	0.040830304095	-0.0673940138792	-0.0430328830193	0.00227174450681	-0.0433163541899	-0.0132396630699	-0.0136731483638	1.0	-0.0442213506879	-0.00529261205096	0.0243974247684	0.033668971672	0.0497326803644	0.0308468787243	-0.0276771186036	0.0246458813519	-0.0182764281237	0.0312983276216	0.0162631358073	-0.0359195955175	-0.0710055651292	0.0153289507954	-0.0858415366861	-0.0282833486441	-0.0333483330603	-0.00505224451754	-0.0258624919619	0.00708051398405	0.0216673372697	-0.0337654613268	-0.0896027667744	0.0241207037248	0.00329469487267	-0.00328466539422	0.0373818787796	-0.0168158887411	-0.0022435461339	0.0171376902902	0.00782829341177	-0.101471566551	-0.0186282688666	-0.0214691474343	-0.0322365231619	0.0367216752504	0.0474041747978	-0.0821486429517	-0.020379921256	0.0541354554646	0.0725310419173	-0.0417707600877	0.0192715772375
k__Bacteria;p__Bacteroidetes;c__Bacteroidia;o__Bacteroidales;f__Bacteroidaceae;g__Bacteroides;s__Bacteroides_fragilis	-0.0265959909207	0.00683700568399	0.0253921318037	0.0249858489163	-0.0182563567638	0.0425690910248	5.54816128655e-05	-0.0376245279362	0.0434651997129	0.0477372614151	0.0113535794631	0.00280795880346	-0.0145129411228	0.0179834806617	-0.0284278024247	-0.0442213506879	1.0	0.0944889040237	-0.0393814661082	-0.00623436039702	-0.00834988494945	-0.0485132700533	-0.0161326938294	-0.0202269005612	-0.0123075566716	-0.0139930145187	-0.0407907251007	-0.00185949122005	0.00733613994411	0.0169292490885	0.00746512898975	0.0226415887014	-0.0013970392616	-0.00809760379258	-0.0272372238844	-0.0292586100865	-0.0159986407576	-0.0546713867848	0.0434948673886	-0.0459576522843	-0.0679421772054	-0.0538189978267	0.00884580603132	-0.0118099795996	0.0251114945616	-0.00428367435119	0.0199195913699	0.0406191251048	0.0129234012137	-0.0175840278117	-0.0447017249745	-0.106383189192	-0.0085107314274	-0.0437681893054	-0.0736279897492	-0.0288545413564	-0.0359902910412	-0.0507436183364	0.0561683906364
k__Bacteria;p__Proteobacteria;c__Betaproteobacteria;o__Burkholderiales;f__Sutterellaceae;g__Sutterella;s__Sutterella_wadsworthensis	-0.0357752533451	-0.00187675960041	-0.0689522357086	-0.0263892301049	-0.0273893140261	-0.00177360863557	0.0522237105518	-0.0122748252021	-0.0135912506787	-0.0259341915883	0.0131220090856	-0.0433483469489	-0.047804627817	-0.0446875398939	0.0435687124674	-0.00529261205096	0.0944889040237	1.0	0.000130724339622	-0.0307518081842	0.0148655048221	-0.0801442686164	0.0621431043139	0.0175681142259	-0.00487716736646	-0.0436664794431	0.0349008853606	0.00967403779582	-0.0276429594745	0.0144618461508	-0.0104839713745	-0.0313677760095	-0.0217172324973	-0.0100387789484	-0.00979587053397	0.0183148128954	0.0353177376475	0.0296721598503	0.0575122457621	-0.0329152040781	-0.0187535629661	0.0518213966942	-0.086620826256	0.00227698115457	-0.00794817335031	-0.0432528689093	0.00817339211236	-0.00240466480486	-0.0156047346291	-0.0313827243799	-0.010789184206	0.00630576744408	-0.0372960973173	-0.02574107816	0.0801484058592	0.0113732768706	0.0154680256015	0.0438582688543	0.0439386239944
k__Bacteria;p__Bacteroidetes;c__Bacteroidia;o__Bacteroidales;f__Porphyromonadaceae;g__Barnesiella;s__Barnesiella_intestinihominis	0.0332836641822	0.0195035789591	-0.0142962702113	0.00457463073933	-0.027238979053	0.046807789201	-0.00735133517349	0.0223156682221	-0.0523818155119	-0.00206603985571	-0.0299177516338	0.0250776462971	-0.0416827350217	-0.0382873351342	0.0079480397954	0.0243974247684	-0.0393814661082	0.000130724339622	1.0	0.00444759555228	0.000751603041728	0.0425022446639	0.00842453997023	-0.0144942381186	-0.0388604565988	0.00114152339841	-0.0416873270543	0.00484918034382	0.0199780003053	-0.0608513569952	-0.0332444013049	-0.0213947073076	0.0166795754979	-0.00398837903186	0.035974988124	-0.0202413762698	0.00829546276596	-0.0253048272909	-0.0196258319038	0.0322519894732	0.00939122829453	0.0245841919196	0.0128861521669	-0.041119624141	-0.0207197796562	-0.033637323441	-0.0319281633526	-0.0297897347323	-0.00764019304712	0.0238711695202	0.00203202675972	-0.0218061974847	-0.0810701292266	-0.0183841002393	-0.0157944423678	-0.0092548716039	-0.00152445148727	-0.0188034716085	-0.0145861642994
k__Bacteria;p__Bacteroidetes;c__Bacteroidia;o__Bacteroidales;f__Odoribacteraceae;g__Odoribacter;s__Odoribacter_splanchnicus	0.0255042392347	0.0538033793746	-0.0519409552139	-0.0744428505497	-0.0263114850106	0.003379927788	0.0031757559811	-0.079426451512	-0.0431288525736	0.0148027828396	-0.0081121157241	-0.0541994676091	-0.0253583782256	-0.00306113090594	-0.0163679317473	0.033668971672	-0.00623436039702	-0.0307518081842	0.00444759555228	1.0	0.020085335619	-0.00809586804445	-0.0960142815783	0.0105931694828	-0.00853850502615	0.00889009963918	0.0111938125372	0.0072230751568	-0.0726553451798	-0.0346163882884	0.0405766168095	-0.0132961603188	0.0048139887526	-0.0320720134287	-0.0268059166384	0.0145655479621	-0.0328400514801	0.0350580322551	-0.0177604179021	0.0306399356574	-0.00205370410155	-0.0171651843775	0.0283587537293	-0.0438847562182	0.0580005505459	0.00913229182364	0.0607702200207	-0.0279618491136	-0.00148276921162	-0.0750777060701	-0.0459196241706	-0.00669199799109	-0.0348495221477	-0.0710537713442	-0.0134338261194	-0.0506997905445	0.00471798714581	-0.0509791914854	-0.0477400195075
k__Bacteria;p__Bacteroidetes;c__Bacteroidia;o__Bacteroidales;f__Bacteroidaceae;g__Bacteroides;s__Bacteroides_salyersiae	0.0386502918323	-0.0207731468403	-0.0248358546545	-0.0227536383009	-0.04945673562	0.000585249587077	-0.000873242254533	0.00599709795327	-0.0248504409223	-0.0126388757861	-0.0421593047207	-0.00120339382158	-0.0408830418767	-0.0680005726228	-0.0194823147973	0.0497326803644	-0.00834988494945	0.0148655048221	0.000751603041728	0.020085335619	1.0	-0.0320687616845	0.028827107634	-0.0333351088554	-0.0450453084558	-0.0101620610956	0.0168920683017	0.00914612952887	-0.0257219864174	0.0149418738132	-0.0756343512771	-0.00229145568519	0.0127356927291	-0.0292344374787	-0.0238201948898	0.0334771341015	0.0195939127771	-0.000695624227035	-0.0302644207768	0.0017100866864	0.00938930776032	-0.0356185279588	0.00641975989767	0.0210194114881	-0.0163750948114	-0.0101509624042	-0.00560078340434	-0.0197351666739	-0.0068322713731	0.00702966285791	0.00931741330942	0.0294587534148	-0.0133636945988	0.0166919183906	-0.00357772096322	-0.0290232401468	-0.135428734878	0.0117230891555	-0.0483546648995
k__Bacteria;p__Firmicutes;c__Clostridia;o__Clostridiales;f__Ruminococcaceae;g__Ruminiclostridium;s__[Eubacterium]_siraeum	0.050120680071	-0.00992288489812	0.0119572829076	-0.01516986576	-0.0406261425981	0.000324299029978	0.0381571778837	-0.00298165914395	0.0298707682791	-0.0496424312178	0.0403314316727	0.0453213452787	-0.0693730397386	-0.0115150720322	-0.0403743010854	0.0308468787243	-0.0485132700533	-0.0801442686164	0.0425022446639	-0.00809586804445	-0.0320687616845	1.0	0.0281597893791	-0.00718418285185	-0.0419632256692	-0.0705494523876	-0.022064190251	-0.0163719630409	-0.0264945670088	-0.0691834302409	-0.0207224164584	0.00500517073924	-0.0298287197394	-0.0430753612595	-0.0356863007184	-0.00853815165214	0.0454406413629	0.0211604969439	-0.100807889265	-0.0493782485762	-0.0388489109367	-0.0089626532072	0.0167228578058	-0.00134066765299	-0.0199137459488	-0.00273199107844	-0.0421002199328	0.0218083746659	-0.0749394405536	0.0524517706615	0.0197216482542	0.00295238841711	0.00955673370055	0.0286115437679	-0.000171971538211	-0.0266486217734	-0.0156595533622	0.0434599189558	-0.000590142730977
k__Bacteria;p__Proteobacteria;c__Betaproteobacteria;o__Burkholderiales;f__Sutterellaceae;g__Parasutterella;s__Parasutterella_excrementihominis	0.0323172866303	0.0180283755929	0.0112634009884	0.0354277609744	-0.0408194915054	0.00409665568854	-0.0214552118364	0.00531758624515	-0.0421639042325	0.00312962237526	0.0809165506505	0.0249637850394	0.0349159971035	-0.0143872800148	0.00166830709028	-0.0276771186036	-0.0161326938294	0.0621431043139	0.00842453997023	-0.0960142815783	0.028827107634	0.0281597893791	1.0	-0.00729204800302	-0.036530063193	-0.0224188129386	-0.0186053092134	-0.0121941153316	-0.0298593830773	-0.00808121588412	-0.0485830143732	-0.0455826604058	0.0267842382365	-0.0149026574242	-0.0388919267411	-0.0298640864447	-0.021346284059	-0.00591783432873	-0.0275341236973	0.0374553917825	-0.0782719787722	-0.00888940913962	-0.0175081961583	-0.0698474332898	0.00668889670159	-0.00671754242334	-0.0371879786444	-0.051570896037	0.00394409011822	0.0237714842604	-0.0230979741599	0.0240448225871	-0.0765219769087	-0.00935528352222	0.0444335776171	0.0293156853046	-0.00799407752776	-0.00153871907427	-0.0412844297261
k__Bacteria;p__Actinobacteria;c__Actinobacteria;o__Bifidobacteriales;f__Bifidobacteriaceae;g__Bifidobacterium;s__Bifidobacterium_adolescentis	-0.0693006192836	-0.0138688504384	0.0204222711798	-0.0118918493894	-0.0126539782287	-0.0033046273972	0.0411051420157	-0.036502035755	0.0151943954514	0.00622199028238	0.00256515018006	-0.0230993612524	-0.0466340942907	0.00274992243284	-0.0489016491885	0.0246458813519	-0.0202269005612	0.0175681142259	-0.0144942381186	0.0105931694828	-0.0333351088554	-0.00718418285185	-0.00729204800302	1.0	0.0128228030173	-0.0683670631547	0.0192822971077	0.0202450786293	0.0561999778401	0.0177516798741	0.00549213430151	-0.00281908253055	-0.0208827548869	-0.0245284129706	-0.00635595184535	-0.0442997879573	0.0041393057698	-0.00298833977075	-0.0316912922915	-0.0111801545505	0.0374343380849	0.023114037235	-0.0195025724599	0.0439847795081	-0.0126995057681	0.0435023857342	-0.0337388317543	-0.0274677507991	0.0236131769819	-0.104777830299	0.0277138013396	-0.0336662092803	-0.0305295368847	-0.0259542570871	-0.00517874186243	-0.0291412434437	0.0270659358448	-0.0501500217745	-0.0439361438061
k__Bacteria;p__Firmicutes;c__Clostridia;o__Clostridiales;f__Oscillospiraceae;g__Oscillibacter;s__Oscillibacter_sp._KLE_1745	-0.0069607614018	-0.0716900967019	-0.0690859189255	0.000362027666418	-0.0590967758618	-0.0045623498586	0.0358787691159	-0.0491822033178	-0.0283047970865	0.028278659139	0.033759795522	-0.0734394792469	0.00323757482185	0.00607030379925	-0.0147390661084	-0.0182764281237	-0.0123075566716	-0.00487716736646	-0.0388604565988	-0.00853850502615	-0.0450453084558	-0.0419632256692	-0.036530063193	0.0128228030173	1.0	0.0251869217381	-0.0240493644744	0.00394580760104	-0.0369292831851	-0.0245201537594	-0.00819283907896	-0.0178464184235	-0.015800071427	0.00920334950181	0.0387175661814	-0.00132591775313	-0.0297975974991	-0.00971478805276	0.0499829454725	0.0103881141981	-0.0216325942168	-0.0129936218221	0.0591750014352	-0.0286805969482	-0.0427255659536	-0.0132640463761	-0.0481557853819	0.0287912831146	-0.0174249859729	-0.0406696275943	-0.0550244730924	0.0371556679716	0.0376401254797	0.0125391500094	0.0514069434717	-0.000613840129363	-0.0253759243589	-0.0157399662781	0.0819958679902
k__Bacteria;p__Bacteroidetes;c__Bacteroidia;o__Bacteroidales;f__Bacteroidaceae;g__Bacteroides;s__Bacteroides_coprophilus	-0.0342381278931	-0.0210201153081	-0.0403789928309	0.0103287126492	0.0274837019873	-0.0336051747878	-0.016606329817	-0.0637223599994	0.00447968908568	-0.0437959467938	0.0415961409307	0.0469473217425	-0.0618535165713	-0.0459734959528	-0.0148514848208	0.0312983276216	-0.0139930145187	-0.0436664794431	0.00114152339841	0.00889009963918	-0.0101620610956	-0.0705494523876	-0.0224188129386	-0.0683670631547	0.0251869217381	1.0	0.0562450242881	-0.0780863183939	-0.00784853313771	0.0161777912868	-0.0494281233351	0.0111601135022	-0.0420836597026	-0.0375794393423	-0.0321009210857	-0.0881014525165	-0.0149021174084	0.0279269371566	-0.0347641014344	-0.0043250798412	0.0647225158442	0.059787871333	-0.014014257348	-0.0320205625779	0.0254420332322	0.00168138241484	-0.0392463991129	-0.0148419804496	0.0202682271238	0.00919160081113	-0.0203731215658	-0.0590459680071	0.014685717207	-0.0523218469082	-0.0203984260704	-0.0270263058356	0.0641249936619	-0.0258390686086	0.00797589278858
k__Bacteria;p__Firmicutes;c__Clostridia;o__Clostridiales;f__Lachnospiraceae;g__Roseburia;s__Roseburia_intestinalis	0.00305072682182	0.0255701831276	0.0716064657081	-0.0815523448477	-0.0102658384708	-0.0034981898739	0.00115849846306	-0.0449566184468	-0.0948456432552	0.00891763388953	0.0184501638114	-0.00211623286552	-0.0246571222746	-0.00156691466072	0.0108484960579	0.0162631358073	-0.0407907251007	0.0349008853606	-0.0416873270543	0.0111938125372	0.0168920683017	-0.022064190251	-0.0186053092134	0.0192822971077	-0.0240493644744	0.0562450242881	1.0	-0.00366662246458	0.056008900463	-0.0826142788689	0.00871080066665	-0.0119579173422	-0.0373830273283	-0.018855374632	-0.0256584863302	-0.068708521398	0.0298420241034	0.0239388735149	0.00698462401343	-0.0287238969883	-0.0130262569402	-0.0190619941237	0.0179535264338	0.0433503009227	0.0242723469133	0.0233717484925	-0.0239689659329	-0.0419173195644	-0.0334491402273	-0.0393854413556	-0.0474592135421	-0.0591457610474	-0.012536831947	0.0113086737681	-0.0920925006581	0.000706595089733	-0.0437438076556	0.0144008976787	0.0353893724245
k__Bacteria;p__Firmicutes;c__Clostridia;o__Clostridiales;f__Lachnospiraceae;g__Roseburia;s__Roseburia_hominis	-0.0529950414592	-0.041248951759	-0.0178344133797	-0.0281361188093	-0.0652493773304	-0.0142627609053	-0.0636995601656	-0.0197225887359	-0.0844596178948	-0.0504845539083	-0.0058486947021	0.0590898327824	0.00886034167536	0.0336823465848	-0.025984052751	-0.0359195955175	-0.00185949122005	0.00967403779582	0.00484918034382	0.0072230751568	0.00914612952887	-0.0163719630409	-0.0121941153316	0.0202450786293	0.00394580760104	-0.0780863183939	-0.00366662246458	1.0	0.00142353254145	0.0237030047544	0.0135887248138	-0.00420564660778	0.000138669084253	0.00432071036943	-0.0574475637763	0.0201117223376	0.020991316872	-0.000885759869345	0.0329178841692	-0.0753933013155	-0.0595616131612	-0.00238350583724	0.0198570579062	-0.0215950093609	0.0761209518676	-0.0405009003481	-0.0140292381739	0.0191082652843	0.004072081707	-0.0727418161744	-0.0399102715328	-0.0264248183565	0.0328409372001	0.00978964541492	0.0234844402271	-0.000226840638424	0.00348414388711	-0.0199454335065	-0.00889549567777
k__Bacteria;p__Bacteroidetes;c__Bacteroidia;o__Bacteroidales;f__Porphyromonadaceae;g__Parabacteroides;s__Parabacteroides_johnsonii	0.00273995234186	0.0147338621334	0.00225911190646	-0.0446310737461	-0.0370167722798	-0.0185266697456	0.0134998959573	-0.0508826726288	-0.0547418460399	-0.0269534398506	0.025549614521	-0.00670146352864	-0.0484863974622	-0.0304815265514	0.0506637766585	-0.0710055651292	0.00733613994411	-0.0276429594745	0.0199780003053	-0.0726553451798	-0.0257219864174	-0.0264945670088	-0.0298593830773	0.0561999778401	-0.0369292831851	-0.00784853313771	0.056008900463	0.00142353254145	1.0	-0.0377440335759	0.0313261099666	-0.01961015749	-0.0128605596186	-0.0366865734415	-0.0150772837919	0.0469509255352	-0.0400048849212	-0.0102483071578	-0.0403982896183	-0.00309360439773	-0.0351091758633	-0.0340835884433	-0.0172680039677	-0.00558555738329	0.0143792421311	0.0652653759686	-0.0160958080929	0.00940642160262	-0.00723218845983	0.0492639135725	0.0424214843651	-0.0109349671844	-0.0236135540848	-0.0301078335337	0.00973014066027	0.0304575653483	-0.0156992524812	0.0301868180567	-0.0138820483485
