#taxonomy	k__Bacteria;p__Bacteroidetes;c__Bacteroidia;o__Bacteroidales;f__Bacteroidaceae;g__Bacteroides;s__Bacteroides_vulgatus	k__Bacteria;p__Bacteroidetes;c__Bacteroidia;o__Bacteroidales;f__Bacteroidaceae;g__Bacteroides;s__Bacteroides_uniformis	k__Bacteria;p__Bacteroidetes;c__Bacteroidia;o__Bacteroidales;f__Rikenellaceae;g__Alistipes;s__Alistipes_putredinis	k__Bacteria;p__Bacteroidetes;c__Bacteroidia;o__Bacteroidales;f__Prevotellaceae;g__Prevotella;s__Prevotella_copri	k__Bacteria;p__Bacteroidetes;c__Bacteroidia;o__Bacteroidales;f__Bacteroidaceae;g__Bacteroides;s__Bacteroides_stercoris	k__Bacteria;p__Bacteroidetes;c__Bacteroidia;o__Bacteroidales;f__Bacteroidaceae;g__Bacteroides;s__Bacteroides_ovatus	k__Bacteria;p__Bacteroidetes;c__Bacteroidia;o__Bacteroidales;f__Rikenellaceae;g__Alistipes;s__Alistipes_shahii	k__Bacteria;p__Firmicutes;c__Clostridia;o__Clostridiales;f__Ruminococcaceae;g__Faecalibacterium;s__Faecalibacterium_prausnitzii	k__Bacteria;p__Bacteroidetes;c__Bacteroidia;o__Bacteroidales;f__Rikenellaceae;g__Alistipes;s__Alistipes_finegoldii	k__Bacteria;p__Bacteroidetes;c__Bacteroidia;o__Bacteroidales;f__Porphyromonadaceae;g__Parabacteroides;s__Parabacteroides_distasonis	k__Bacteria;p__Bacteroidetes;c__Bacteroidia;o__Bacteroidales;f__Bacteroidaceae;g__Bacteroides;s__Bacteroides_thetaiotaomicron	k__Bacteria;p__Bacteroidetes;c__Bacteroidia;o__Bacteroidales;f__Bacteroidaceae;g__Bacteroides;s__Bacteroides_coprocola	k__Bacteria;p__Bacteroidetes;c__Bacteroidia;o__Bacteroidales;f__Bacteroidaceae;g__Bacteroides;s__Bacteroides_cellulosilyticus	k__Bacteria;p__Bacteroidetes;c__Bacteroidia;o__Bacteroidales;f__Rikenellaceae;g__Alistipes;s__Alistipes_obesi	k__Bacteria;p__Firmicutes;c__Clostridia;o__Clostridiales;f__Lachnospiraceae;g__;s__[Eubacterium]_rectale	k__Bacteria;p__Bacteroidetes;c__Bacteroidia;o__Bacteroidales;f__Bacteroidaceae;g__Bacteroides;s__Bacteroides_plebeius	k__Bacteria;p__Bacteroidetes;c__Bacteroidia;o__Bacteroidales;f__Bacteroidaceae;g__Bacteroides;s__Bacteroides_fragilis	k__Bacteria;p__Proteobacteria;c__Betaproteobacteria;o__Burkholderiales;f__Sutterellaceae;g__Sutterella;s__Sutterella_wadsworthensis	k__Bacteria;p__Bacteroidetes;c__Bacteroidia;o__Bacteroidales;f__Porphyromonadaceae;g__Barnesiella;s__Barnesiella_intestinihominis	k__Bacteria;p__Bacteroidetes;c__Bacteroidia;o__Bacteroidales;f__Odoribacteraceae;g__Odoribacter;s__Odoribacter_splanchnicus	k__Bacteria;p__Bacteroidetes;c__Bacteroidia;o__Bacteroidales;f__Bacteroidaceae;g__Bacteroides;s__Bacteroides_salyersiae	k__Bacteria;p__Firmicutes;c__Clostridia;o__Clostridiales;f__Ruminococcaceae;g__Ruminiclostridium;s__[Eubacterium]_siraeum	k__Bacteria;p__Proteobacteria;c__Betaproteobacteria;o__Burkholderiales;f__Sutterellaceae;g__Parasutterella;s__Parasutterella_excrementihominis	k__Bacteria;p__Actinobacteria;c__Actinobacteria;o__Bifidobacteriales;f__Bifidobacteriaceae;g__Bifidobacterium;s__Bifidobacterium_adolescentis	k__Bacteria;p__Firmicutes;c__Clostridia;o__Clostridiales;f__Oscillospiraceae;g__Oscillibacter;s__Oscillibacter_sp._KLE_1745	k__Bacteria;p__Bacteroidetes;c__Bacteroidia;o__Bacteroidales;f__Bacteroidaceae;g__Bacteroides;s__Bacteroides_coprophilus	k__Bacteria;p__Firmicutes;c__Clostridia;o__Clostridiales;f__Lachnospiraceae;g__Roseburia;s__Roseburia_intestinalis	k__Bacteria;p__Firmicutes;c__Clostridia;o__Clostridiales;f__Lachnospiraceae;g__Roseburia;s__Roseburia_hominis	k__Bacteria;p__Bacteroidetes;c__Bacteroidia;o__Bacteroidales;f__Porphyromonadaceae;g__Parabacteroides;s__Parabacteroides_johnsonii	k__Bacteria;p__Actinobacteria;c__Actinobacteria;o__Bifidobacteriales;f__Bifidobacteriaceae;g__Bifidobacterium;s__Bifidobacterium_longum	k__Bacteria;p__Firmicutes;c__Clostridia;o__Clostridiales;f__;g__Flavonifractor;s__Flavonifractor_plautii	k__Bacteria;p__Firmicutes;c__Clostridia;o__Clostridiales;f__Clostridiaceae;g__Clostridium;s__Clostridium_phoceensis	k__Bacteria;p__Verrucomicrobia;c__Verrucomicrobiae;o__Verrucomicrobiales;f__Akkermansiaceae;g__Akkermansia;s__Akkermansia_muciniphila	k__Bacteria;p__Bacteroidetes;c__Bacteroidia;o__Bacteroidales;f__Prevotellaceae;g__Paraprevotella;s__Paraprevotella_xylaniphila	k__Bacteria;p__Firmicutes;c__Clostridia;o__Clostridiales;f__Ruminococcaceae;g__Ruminococcus;s__Ruminococcus_callidus	k__Bacteria;p__Bacteroidetes;c__Bacteroidia;o__Bacteroidales;f__Rikenellaceae;g__Alistipes;s__Alistipes_senegalensis	k__Bacteria;p__Firmicutes;c__Clostridia;o__Clostridiales;f__Lachnospiraceae;g__Blautia;s__Blautia_sp._KLE_1732	k__Bacteria;p__Bacteroidetes;c__Bacteroidia;o__Bacteroidales;f__Bacteroidaceae;g__Bacteroides;s__Bacteroides_oleiciplenus	k__Bacteria;p__Firmicutes;c__Clostridia;o__Clostridiales;f__Ruminococcaceae;g__Ruminococcus;s__Ruminococcus_bicirculans	k__Bacteria;p__Bacteroidetes;c__Bacteroidia;o__Bacteroidales;f__Bacteroidaceae;g__Bacteroides;s__Bacteroides_fluxus	k__Bacteria;p__Bacteroidetes;c__Bacteroidia;o__Bacteroidales;f__Prevotellaceae;g__Prevotella;s__Prevotella_stercorea	k__Bacteria;p__Firmicutes;c__Clostridia;o__Clostridiales;f__Lachnospiraceae;g__Dorea;s__Dorea_longicatena	k__Bacteria;p__Firmicutes;c__Clostridia;o__Clostridiales;f__Eubacteriaceae;g__Eubacterium;s__[Eubacterium]_eligens	k__Bacteria;p__Firmicutes;c__Clostridia;o__Clostridiales;f__Ruminococcaceae;g__;s__Ruminococcaceae_bacterium_D16	k__Bacteria;p__Firmicutes;c__Clostridia;o__Clostridiales;f__Lachnospiraceae;g__Coprococcus;s__Coprococcus_comes	k__Bacteria;p__Proteobacteria;c__Gammaproteobacteria;o__Enterobacterales;f__Enterobacteriaceae;g__Escherichia;s__Escherichia_coli	k__Bacteria;p__Firmicutes;c__Clostridia;o__Clostridiales;f__Ruminococcaceae;g__Anaerotruncus;s__Anaerotruncus_colihominis	k__Bacteria;p__Firmicutes;c__Clostridia;o__Clostridiales;f__Lachnospiraceae;g__Blautia;s__Blautia_obeum	k__Bacteria;p__Bacteroidetes;c__Bacteroidia;o__Bacteroidales;f__Odoribacteraceae;g__Odoribacter;s__Odoribacter_laneus	k__Bacteria;p__Firmicutes;c__Clostridia;o__Clostridiales;f__Ruminococcaceae;g__Ruminiclostridium;s__[Clostridium]_leptum	k__Bacteria;p__Bacteroidetes;c__Bacteroidia;o__Bacteroidales;f__Porphyromonadaceae;g__Parabacteroides;s__Parabacteroides_goldsteinii	k__Bacteria;p__Firmicutes;c__Clostridia;o__Clostridiales;f__Lachnospiraceae;g__Anaerostipes;s__Anaerostipes_hadrus	k__Bacteria;p__Firmicutes;c__Clostridia;o__Clostridiales;f__Ruminococcaceae;g__Ruminococcus;s__Ruminococcus_lactaris	k__Bacteria;p__Firmicutes;c__Clostridia;o__Clostridiales;f__Clostridiaceae;g__Clostridium;s__Clostridium_sp._L2-50	k__Bacteria;p__Firmicutes;c__Clostridia;o__Clostridiales;f__Clostridiaceae;g__Clostridium;s__Clostridium_sp._M62/1	k__Bacteria;p__Firmicutes;c__Clostridia;o__Clostridiales;f__;g__Intestinimonas;s__Intestinimonas_butyriciproducens	k__Bacteria;p__Actinobacteria;c__Actinobacteria;o__Bifidobacteriales;f__Bifidobacteriaceae;g__Bifidobacterium;s__Bifidobacterium_bifidum	k__Bacteria;p__Firmicutes;c__Negativicutes;o__Veillonellales;f__Veillonellaceae;g__Dialister;s__Dialister_invisus	k__Bacteria;p__Bacteroidetes;c__Bacteroidia;o__Bacteroidales;f__Bacteroidaceae;g__Bacteroides;s__Bacteroides_salanitronis
k__Bacteria;p__Bacteroidetes;c__Bacteroidia;o__Bacteroidales;f__Bacteroidaceae;g__Bacteroides;s__Bacteroides_vulgatus	1.0	-0.0399922768533	-0.0509403937961	0.0628406880276	0.023672092441	-0.00706654517602	-0.0196316757427	0.0679614183108	0.0142322090301	-0.0481688116499	-0.0330774543153	-0.0865300805312	-0.000815391156793	-0.00163706116997	-0.0103831727641	-0.0034322210535	0.0245844496041	-0.053598142143	0.0136456290522	-0.0376403014284	-0.00523375994854	0.0325852324443	-0.0063010548863	0.0138175527352	-0.0128495397184	-0.0186689553052	-0.0181913307027	-0.0151202566032	0.0183115562007	0.00953089562005	-0.0437149812615	-0.0215227713175	0.0525670555034	-0.026414657463	6.69920884207e-05	-0.00781695950056	-0.00926656734649	-0.018955976626	-0.0109454978406	0.0581592853419	0.0220616086264	-0.0349856754395	0.0287770575054	0.0276438401432	0.00595131095472	0.0232065645515	0.028955476772	-0.0043386489835	-0.0613415544446	-0.0395581340323	-0.00568477600489	-0.0513131204724	0.0010159528671	0.0255425668127	0.0331806456577	0.0324351108806	0.0128575129521	-0.0262221184029	0.019647908676
k__Bacteria;p__Bacteroidetes;c__Bacteroidia;o__Bacteroidales;f__Bacteroidaceae;g__Bacteroides;s__Bacteroides_uniformis	-0.0399922768533	1.0	-0.0203608597032	-0.0301221910025	0.0606430766355	0.0360026752852	-0.0117585527834	0.00745460112591	0.0244452405979	0.012702125941	-0.0512322068336	0.0415427253332	0.00962037485918	-0.0181452962847	-0.0410106797225	0.00218889288968	0.0129812817566	-0.0714855843917	-0.0671777976819	0.0155692995209	-0.0736306620285	-0.0268119023236	0.0239275662618	-0.00876093128929	0.0355379113298	0.0177742385824	-0.00776448851254	-0.0047018895597	-0.0104079934935	-0.0290024099423	0.0225021775856	-0.0170772144773	-0.0389991431998	0.0400217856346	-0.0584684976799	0.0921697771557	-0.0185106389187	0.0100922997415	-0.0424211210747	-0.0404807123059	0.00304906385421	-0.0128315972913	-0.0314099998233	-0.0320922305819	-0.00899217830272	0.0732230099776	0.0236393047678	-0.0366351740709	-0.0219668684577	-0.0234212840604	-0.00251740264106	-0.0488484111967	0.0371369286776	-0.0133940645107	-0.0330669904355	-0.0150326322522	0.0198762931528	-0.0198340565912	-0.0661612099213
k__Bacteria;p__Bacteroidetes;c__Bacteroidia;o__Bacteroidales;f__Rikenellaceae;g__Alistipes;s__Alistipes_putredinis	-0.0509403937961	-0.0203608597032	1.0	-0.00426134874375	0.0199148410867	-0.00536613411818	0.0164111036565	-0.0451387213838	-0.043115051779	0.0289048412817	-0.00299078646269	0.0143670923903	-0.0222192934262	0.00255282667648	0.0183350930251	0.0650809207397	-0.03420601191	-0.0489858751916	-0.0238902414193	0.0304866459804	0.043775253771	-0.0101952654197	0.0180718692763	0.0158770278842	-0.0461162063009	-0.0497287082754	-0.0115424747612	-0.0227606835486	0.0305076448365	-0.00223506904112	-0.0356561625086	-0.0974352808308	-0.0184508117382	-0.0131724481542	0.0100972400082	0.0256744279771	-0.0167978708642	-0.00555423337239	0.0132669239643	-0.0310100623808	0.00174659326187	0.0393228554971	0.0112714137516	0.0739530729856	-0.0571541943357	0.0292187000786	-0.0304266317905	-0.0175291487333	0.0265489162606	0.00224634458773	0.0120622967369	-0.000588966206217	0.063583223688	-0.0353973312373	-0.0484481286425	-0.0198352188089	-0.046397525173	-0.014410115412	-0.0638504898837
k__Bacteria;p__Bacteroidetes;c__Bacteroidia;o__Bacteroidales;f__Prevotellaceae;g__Prevotella;s__Prevotella_copri	0.0628406880276	-0.0301221910025	-0.00426134874375	1.0	-0.0275817521007	-0.0193558619921	-0.0508008455435	0.0260660963045	-0.0909008786645	-0.000755412396275	-0.0434624876396	-0.0562857847578	-0.0238420749565	0.0305857627424	-0.0105596390966	-0.0278470296294	0.0793752527347	0.0304350215321	0.0801021126803	0.0571433218963	-0.0580771715525	0.0090445545285	0.00784337083337	0.0341168810087	-0.031666107086	-0.0112869224256	-0.00237278230056	-0.00994904979171	-0.0111453700969	0.0233278049935	-0.042604356617	0.00283593095748	0.00946358039467	-0.0491136570118	0.0544353656406	-0.0444254425314	-0.0573729661014	-0.00553356771941	0.0104649060949	-0.0053510154304	0.00409473596822	-0.00800622245194	0.0055951154485	0.0241948231042	-0.0194188741835	-0.0254062047696	-0.00146237245071	-0.0185833766747	-0.0354976253524	-0.0187104160301	-0.0416601527166	0.000410719188042	-0.0395013341513	0.0145585880122	-0.00398022030209	-0.000160578415719	0.00381777409763	-0.0161561100221	-0.0160340489059
k__Bacteria;p__Bacteroidetes;c__Bacteroidia;o__Bacteroidales;f__Bacteroidaceae;g__Bacteroides;s__Bacteroides_stercoris	0.023672092441	0.0606430766355	0.0199148410867	-0.0275817521007	1.0	-0.0155256195075	-0.016152508229	0.0306897878564	0.0650300292388	-0.00339804477277	-0.0948949396934	-0.0346939337304	-0.0654186623939	0.0340260130771	-0.00663855291984	0.059210337367	-0.0126740905856	-0.0137077354492	-0.0470095187967	0.0631766077381	-0.0838799940779	-0.0554494829452	0.0604223228592	-0.0265766778969	-0.00582526698031	-0.00753816413963	0.0381981667669	0.0207985782412	-0.0194612570287	0.0435395257379	0.08338175638	0.00054946091753	-0.0336261265843	0.0146680799905	-0.0153707986675	-0.00587644091977	-0.0228480576308	-0.013231217223	-0.00258980063976	-0.0360940237287	0.0432920018148	-0.0221429272928	-0.0170321174061	-0.0119536020372	-0.0309354519989	0.0351347593494	-0.0225573643819	-0.105379848249	0.0320408325415	-0.0183541399681	-0.0303129285378	-0.0534026377484	-0.01842341499	0.0294215005218	-0.0408724411798	0.0307119826463	-0.0604483874891	-0.0305063546971	-0.0950838009819
k__Bacteria;p__Bacteroidetes;c__Bacteroidia;o__Bacteroidales;f__Bacteroidaceae;g__Bacteroides;s__Bacteroides_ovatus	-0.00706654517602	0.0360026752852	-0.00536613411818	-0.0193558619921	-0.0155256195075	1.0	0.0157043599795	0.0267400474696	-0.0627219734961	0.0219566022479	-0.0375538606659	-0.06069570536	-0.0130801954912	0.00545213640624	-0.000911448924636	0.010715194129	0.00155476031311	0.0115919883399	-0.036897194051	-0.110030246447	0.0278949846101	0.0505880987967	-0.0239904306508	-0.0313621605324	-0.0530042659559	-0.0644007837991	0.0272489534038	0.0389565677341	-0.0221919642918	-0.0188612917401	-0.0209627401493	0.00697339161572	0.0180609774805	0.0199797929192	0.00679918093096	-0.0289199561411	-0.0134942462278	-0.00713973443872	0.00820102672618	-0.00962240743513	0.0657746416174	0.0119630484976	-0.00678813333111	-0.00251259666891	-0.00135674045465	-0.00104366635041	-0.00140116145266	-0.00620731585057	0.0444027144835	-0.00846867961637	-0.0409114409061	-0.00732243120525	-0.0250226079832	-0.00298284863513	-0.0176548632077	0.0176794044095	0.000458573245716	-0.0346513443735	-0.0568123393784
k__Bacteria;p__Bacteroidetes;c__Bacteroidia;o__Bacteroidales;f__Rikenellaceae;g__Alistipes;s__Alistipes_shahii	-0.0196316757427	-0.0117585527834	0.0164111036565	-0.0508008455435	-0.016152508229	0.0157043599795	1.0	-0.0363140015078	0.0765388716421	0.0627073939827	-0.0350541156349	0.0380952863409	0.000389372817277	-0.0855319436363	0.0220099216958	-0.0340713288907	0.014840999178	0.00966047648217	-0.0569287921957	0.0522073219681	-0.0234758823828	0.0288048647808	-0.035877029373	0.0385824101292	0.0228883762581	-0.108099067087	-0.0184129490287	-0.0019966330997	-0.0278342556517	0.035149400178	-0.0516211879112	-0.0425581200769	-0.045369000994	0.0143576273927	0.0508360291136	0.0275234991707	-0.015184596834	0.0589737110301	0.0430733976681	-0.0522516562219	-0.0489424167214	-0.0523585343149	-0.0819945564072	-0.0344905915555	-0.0848207703621	-0.0338162543991	-0.0433619619749	0.015479251544	0.0271403559564	0.00114894424666	-0.00967137576342	-0.0244303201405	0.0178933554856	0.0216572836117	0.0386002303029	0.0393855794642	0.00322512189828	-0.0603543663242	0.0464670024708
k__Bacteria;p__Firmicutes;c__Clostridia;o__Clostridiales;f__Ruminococcaceae;g__Faecalibacterium;s__Faecalibacterium_prausnitzii	0.0679614183108	0.00745460112591	-0.0451387213838	0.0260660963045	0.0306897878564	0.0267400474696	-0.0363140015078	1.0	-0.00559422931336	0.00552513008214	-0.0421179598266	-0.0123233524246	-0.00230107192609	-0.0469416410132	0.0590832277962	0.0350155830241	-0.00853937480469	-0.0148891953964	0.0207131568653	-0.0115274150281	0.01046368803	-0.0139983191852	0.0257906540717	-0.0114106796388	0.00524734221279	-0.0446654645421	0.0905257238556	-0.0652494319859	-0.0676828635998	-0.0169946906928	-0.0106874422924	-0.0204815204958	-0.00855380180379	-0.0304572909595	-0.0647068001043	0.00413272765637	0.0228217052622	-0.036514511168	0.021353427515	-0.0372716739463	-0.0457093596115	-0.0224243609853	-0.00660679831128	0.0266946227605	0.0174056141963	0.0226689785067	-0.0527811055171	-0.0190559628185	-0.0339652140229	-0.0349103922182	0.0396456283663	0.0671657093705	-0.0596369358056	0.0184908238152	-0.0164154072415	0.0426831132793	-0.00756495942136	0.0151041658475	-0.0319783166189
k__Bacteria;p__Bacteroidetes;c__Bacteroidia;o__Bacteroidales;f__Rikenellaceae;g__Alistipes;s__Alistipes_finegoldii	0.0142322090301	0.0244452405979	-0.043115051779	-0.0909008786645	0.0650300292388	-0.0627219734961	0.0765388716421	-0.00559422931336	1.0	-0.0487692479955	0.0285176302303	0.0146652955327	-0.0175209870069	-0.0200360608372	-0.0524742180534	0.00448022030405	0.00998939989059	0.0524510063995	-0.0272571825393	0.00941662827153	-0.0277493416947	0.0554433624887	-0.0238980678666	-0.0284872899458	0.0041477925389	-0.0122854358685	-0.0139307243123	-0.0322821765349	-0.00612556243012	0.0354474740557	0.00250431789457	0.028348584453	-0.0206705349355	-0.00985902417666	-0.00690802340818	0.000470477077304	0.0298743690446	-0.025287593544	-0.0117076201363	0.0330719503751	-0.0343371884023	-0.0127394262158	0.0392601185356	-0.0424050608164	-0.00326109978409	0.0237426700078	0.043745945569	-0.0117759321168	-0.0134330026113	-0.0488587865835	-0.0495815820289	-0.0144292092235	-0.0227169656683	-0.00442752037892	-0.0137479699385	-0.0481943196698	-0.0225687963799	-0.0134613673832	-0.0347783001368
k__Bacteria;p__Bacteroidetes;c__Bacteroidia;o__Bacteroidales;f__Porphyromonadaceae;g__Parabacteroides;s__Parabacteroides_distasonis	-0.0481688116499	0.012702125941	0.0289048412817	-0.000755412396275	-0.00339804477277	0.0219566022479	0.0627073939827	0.00552513008214	-0.0487692479955	1.0	0.0168989316531	0.0507680430303	-0.0588300066626	0.0594604954427	0.0621203886745	0.0329264300878	0.0110879462138	0.104319494815	0.0111180626021	0.0111372779357	0.0184592724419	0.0322176146841	0.0638922726559	-0.0256922531571	-0.0076768865867	-0.0368185602669	0.0441258600633	-0.0239574650218	-0.0379350865494	0.0199885131625	-0.033392573145	-0.101676598291	0.00624237425841	-0.0242032868403	-0.070358393981	0.00345009543094	0.0587310291636	-0.0449494003768	-0.0177710138324	-0.0179950621485	0.0885159236331	0.00682240895851	-0.0764903149918	-0.027728269014	0.0220935089628	-0.000649516158291	-0.0587134992542	-0.0659704870603	-0.0190064303301	-0.0376041780641	-0.0054251916363	-0.0148551857521	-0.0489137221724	-0.0726927886337	0.0807443782485	-0.0329451872678	0.000432198724232	-0.0358811727677	-0.0246126809934
k__Bacteria;p__Bacteroidetes;c__Bacteroidia;o__Bacteroidales;f__Bacteroidaceae;g__Bacteroides;s__Bacteroides_thetaiotaomicron	-0.0330774543153	-0.0512322068336	-0.00299078646269	-0.0434624876396	-0.0948949396934	-0.0375538606659	-0.0350541156349	-0.0421179598266	0.0285176302303	0.0168989316531	1.0	-0.0465204549969	0.0185300293865	-0.0273955496932	-0.0658206268756	-0.00485269545063	0.0204630761556	-0.0116755284854	0.00544854732779	0.0368680737304	-0.036649145178	-0.0497058364039	-0.0281914112318	-0.0118163965009	-0.000543312058843	0.0377212949738	0.0470180521841	0.02015065022	-0.050572415351	-0.0107987825918	-0.00265534645093	-0.0441742307376	-0.00072131194901	-0.0127259434326	-0.0504642808269	0.0233437805201	0.0571313887509	-0.0227614619682	0.052258075548	0.0832118402258	0.00462921256195	-0.0332843226193	0.0167802569993	0.0117812567931	-0.0447322174335	0.0163169569997	0.0297310293679	0.0233255253588	-0.0209080212821	-0.0204935874077	-0.0332793397102	-0.00842856163962	-0.0499642268917	0.0127941075047	0.0323311257469	-0.0244621041498	-0.00321835070793	-0.0143286509088	-0.0167437915763
k__Bacteria;p__Bacteroidetes;c__Bacteroidia;o__Bacteroidales;f__Bacteroidaceae;g__Bacteroides;s__Bacteroides_coprocola	-0.0865300805312	0.0415427253332	0.0143670923903	-0.0562857847578	-0.0346939337304	-0.06069570536	0.0380952863409	-0.0123233524246	0.0146652955327	0.0507680430303	-0.0465204549969	1.0	-0.0377025917637	-0.00435897724174	0.00156304508714	-0.0251074240178	0.000841321659233	0.0285664191609	0.00685197412603	-0.0214503128905	-0.0251379556746	0.0174854739656	-0.0143213391688	-0.0155130668207	-0.0195358701529	-0.00775211840498	-0.0211478427176	0.0755848649682	0.037489657604	0.00189637248801	-0.0138226438268	-0.044161353615	-0.0253072176706	0.0135704263237	0.0279064362739	0.0747258867421	-0.0196590394042	-0.0173771918491	-0.0151489154275	0.0507003287802	-0.0230791703504	-0.0165766808339	0.021224859354	-0.0141416084787	-0.0549095327873	0.0118723088006	0.00604608066962	0.0236898003149	0.037757030063	-0.0409023540505	-0.00266844534619	-0.0376662593939	-0.0902196589936	0.00173798219082	-0.00627264749987	0.0275418075651	-0.0286348120271	0.00453383748992	0.0353900826989
k__Bacteria;p__Bacteroidetes;c__Bacteroidia;o__Bacteroidales;f__Bacteroidaceae;g__Bacteroides;s__Bacteroides_cellulosilyticus	-0.000815391156793	0.00962037485918	-0.0222192934262	-0.0238420749565	-0.0654186623939	-0.0130801954912	0.000389372817277	-0.00230107192609	-0.0175209870069	-0.0588300066626	0.0185300293865	-0.0377025917637	1.0	-0.0435180421616	0.0463113628756	0.010901429737	-0.0437833659403	-0.0662388205998	0.0149150832384	-0.000167931911576	0.0138695893869	-0.0444610165536	-0.00414209913958	-0.0247582021041	0.000885668301684	0.0400073253249	-0.0660424075669	-0.0457606017759	0.0789084660526	0.0369726317168	-0.0312318281553	0.0768640499851	-0.0132734538652	-0.0208038312231	-0.0576660667994	-0.0443634832725	-0.0350177479209	-0.0223280689969	0.0113162049795	0.0387330850115	0.0121822742547	-0.0786632326204	0.0225365397661	-0.0771862364824	0.00257466560889	0.0157114260106	0.0859440484499	0.0137384411452	-0.00580621363695	0.0845845655234	-0.0147177025389	-0.00543029083611	0.0135733964323	0.0441243399198	0.0052735972501	0.00957203742478	-0.0607828861709	0.00275878341303	0.0481069624375
k__Bacteria;p__Bacteroidetes;c__Bacteroidia;o__Bacteroidales;f__Rikenellaceae;g__Alistipes;s__Alistipes_obesi	-0.00163706116997	-0.0181452962847	0.00255282667648	0.0305857627424	0.0340260130771	0.00545213640624	-0.0855319436363	-0.0469416410132	-0.0200360608372	0.0594604954427	-0.0273955496932	-0.00435897724174	-0.0435180421616	1.0	0.0520913280708	0.00115181525372	-0.0359716503902	0.0138933425681	-0.0484440907305	-0.0174277511038	0.0315915549579	-0.0435794855311	0.0157681197023	-0.0333331502013	-0.0136209855188	-0.0291332086287	0.0582004350247	-0.00781045759251	-0.0044162970299	-0.0390569201014	-0.00539799959818	0.0143643030358	0.00960522479231	-0.0217936223277	0.0509681424055	-0.0457982328622	-0.00684735729457	-0.020965185992	0.0167758639764	-0.0651510988034	0.00716748327702	-0.00808525130769	-0.0610390541931	-0.00216022112619	0.0028668319306	-0.00237647276589	-0.0500698502074	-0.0276321959894	0.0640409139519	0.00436496740951	-0.0259889503307	-0.0122216719585	0.0270333542509	-0.0245515919446	0.000781612186188	0.0146748969399	-0.00111303384918	-0.0362531169929	0.0140397563384
k__Bacteria;p__Firmicutes;c__Clostridia;o__Clostridiales;f__Lachnospiraceae;g__;s__[Eubacterium]_rectale	-0.0103831727641	-0.0410106797225	0.0183350930251	-0.0105596390966	-0.00663855291984	-0.000911448924636	0.0220099216958	0.0590832277962	-0.0524742180534	0.0621203886745	-0.0658206268756	0.00156304508714	0.0463113628756	0.0520913280708	1.0	0.0360000084581	-0.0648922209267	-0.0418921730765	0.00501568800651	-0.0197286298176	0.000532983996079	-0.0509989662741	-0.0216972707862	-0.020149382395	0.0095757672883	-0.0441889119267	-0.0146782484122	0.03653233542	-0.0317148728425	-0.00497563096526	-0.00143285054318	-0.00444048919569	0.0118237158171	-0.0232229950091	-0.0420713637925	-0.0454968234304	-0.0101875137955	0.0120651584705	-0.00368272315876	-0.0314033800676	-0.0460260143107	0.0127833015922	-0.026383249184	-0.00360132923885	-0.0178781203763	0.0052059375457	-0.00987255954355	0.033841616254	0.0242102821891	-0.0407800695139	-0.0102304558008	0.0204581265953	-0.00869720147514	-0.0182740400247	0.0489968811662	0.00999124859475	0.0299335141726	0.0488272777066	0.0265308335495
k__Bacteria;p__Bacteroidetes;c__Bacteroidia;o__Bacteroidales;f__Bacteroidaceae;g__Bacteroides;s__Bacteroides_plebeius	-0.0034322210535	0.00218889288968	0.0650809207397	-0.0278470296294	0.059210337367	0.010715194129	-0.0340713288907	0.0350155830241	0.00448022030405	0.0329264300878	-0.00485269545063	-0.0251074240178	0.010901429737	0.00115181525372	0.0360000084581	1.0	-0.0236209817859	0.0132309089293	-0.0228359121892	0.0215293579212	-0.0119392917304	-0.018461474843	0.035183705398	-0.041815860923	-0.00126993472027	-0.0147968696044	0.035816992987	-0.0216187550714	0.00268167023619	0.00657863713402	-0.034466083891	0.0268866261321	-0.0543870230613	0.00191961493095	-0.0773153930201	-0.0344341498183	-0.0614940303293	0.0331562366771	-0.0509717668115	-0.0168024783666	-0.0433298928482	-0.0142886716125	-0.00365146153968	-0.0119994993658	-0.00777435128873	0.0122790165127	-0.0467776809196	-0.0312257107909	0.0155629872553	0.00694454787759	-0.0593787977318	-0.0229545096814	0.00664758973244	-0.00477671991124	-0.00119106520835	-0.0309126407545	0.0143045853034	0.0218639796011	0.0183815744121
k__Bacteria;p__Bacteroidetes;c__Bacteroidia;o__Bacteroidales;f__Bacteroidaceae;g__Bacteroides;s__Bacteroides_fragilis	0.0245844496041	0.0129812817566	-0.03420601191	0.0793752527347	-0.0126740905856	0.00155476031311	0.014840999178	-0.00853937480469	0.00998939989059	0.0110879462138	0.0204630761556	0.000841321659233	-0.0437833659403	-0.0359716503902	-0.0648922209267	-0.0236209817859	1.0	0.00314344766164	-0.0249934648624	-0.0425428774913	-0.0394454615939	0.00307022257154	-0.0169795250929	-0.0102461180509	0.0457994979996	-0.0184769427591	0.0076199413165	0.000319147395102	-0.0417492198262	0.0225645765087	-0.0670646652078	0.0204232354141	-0.011437958786	-0.016467095176	-0.0100145744072	0.0272658501814	0.0386822275495	-0.0113209183779	0.00395808708697	-0.00795382141648	-0.036847611672	0.0191822493562	0.0741962496874	-0.0141160730344	0.0292766314282	-0.0476252696716	-0.0462885332012	0.0166873313492	-0.03310050616	-0.000154414568233	-0.00147648818	-0.00850054427367	0.0137816963849	-0.0508142473977	0.0121153049882	0.0189145595444	-0.00879119217419	0.0247436703438	-0.0292500043687
k__Bacteria;p__Proteobacteria;c__Betaproteobacteria;o__Burkholderiales;f__Sutterellaceae;g__Sutterella;s__Sutterella_wadsworthensis	-0.053598142143	-0.0714855843917	-0.0489858751916	0.0304350215321	-0.0137077354492	0.0115919883399	0.00966047648217	-0.0148891953964	0.0524510063995	0.104319494815	-0.0116755284854	0.0285664191609	-0.0662388205998	0.0138933425681	-0.0418921730765	0.0132309089293	0.00314344766164	1.0	0.0200106555554	-0.0478115525365	-0.0126856011902	0.0385534358012	0.0208730033049	0.0147543027723	0.0406065275343	0.0154731666582	-0.0439654701112	0.0368967925868	0.0201607173356	-0.0166738405205	-0.0071886885365	0.0253086796571	0.0733858783927	-0.0874175117257	-0.0193942404936	-0.0345778020685	-0.00195198900783	0.00578546057373	-0.0262060030578	-0.00954583954073	0.0169564170222	-0.00752768547754	-0.0345446793459	-0.0454566760931	-0.0229245319628	-0.0280063934912	0.00493321642071	-0.00917701909655	-0.00924177235574	-0.0342432317633	-0.00311937349991	0.0481972872383	0.0369819942437	-0.0145456621984	-0.0626735206808	-0.0307004174461	0.00845450366644	0.001441652023	0.0480503686513
k__Bacteria;p__Bacteroidetes;c__Bacteroidia;o__Bacteroidales;f__Porphyromonadaceae;g__Barnesiella;s__Barnesiella_intestinihominis	0.0136456290522	-0.0671777976819	-0.0238902414193	0.0801021126803	-0.0470095187967	-0.036897194051	-0.0569287921957	0.0207131568653	-0.0272571825393	0.0111180626021	0.00544854732779	0.00685197412603	0.0149150832384	-0.0484440907305	0.00501568800651	-0.0228359121892	-0.0249934648624	0.0200106555554	1.0	-0.0433253040391	0.0292816942467	-0.0503966146371	0.0147457717927	-0.0719414952221	-0.0326465952772	0.0119293768047	-0.0153955669819	-0.0334013240129	0.0128388717436	-0.0355098100649	0.00506425736364	0.011596570047	0.0190330721877	-0.0263588033652	0.00378872817339	0.00577053266427	-0.00815437776595	-0.000982186121875	0.0513681448401	-0.0578941240918	-0.0111130155319	-0.0735589664861	0.055963606727	-0.0767531741183	-0.0322847679188	0.0254664325989	-0.0348836017518	0.0428584064609	0.0816369859704	-0.0300879664541	0.0195360435902	-0.00644494883879	0.00565013933729	-0.0254577705252	-0.0288662673858	0.00296266569353	0.0406374171044	0.010504674648	-0.0111199414738
k__Bacteria;p__Bacteroidetes;c__Bacteroidia;o__Bacteroidales;f__Odoribacteraceae;g__Odoribacter;s__Odoribacter_splanchnicus	-0.0376403014284	0.0155692995209	0.0304866459804	0.0571433218963	0.0631766077381	-0.110030246447	0.0522073219681	-0.0115274150281	0.00941662827153	0.0111372779357	0.0368680737304	-0.0214503128905	-0.000167931911577	-0.0174277511038	-0.0197286298176	0.0215293579212	-0.0425428774913	-0.0478115525365	-0.0433253040391	1.0	-0.0523351729679	0.0377164390965	-0.0339842406631	-0.0351170744468	-0.015387056966	0.0438276038767	-0.0289117577958	0.0357966823618	-0.004829104431	-0.0150914852201	-0.0765151708767	0.00703327808476	-0.00172412792874	-0.0196380908511	-0.0344913015458	-0.0492019333321	-0.0671422738748	0.0307662810644	-0.042650883695	0.037705145405	-0.0156115067508	-0.0226524716966	-0.00291813438636	-0.0739274591919	-0.0505050336505	0.0278123477346	-0.0172070873095	-0.0449464461552	0.016965625956	-0.000555195836897	0.0281390011586	-0.0156522568532	-0.0118288893977	0.0107675265116	0.0130031890456	-0.0314025435334	-0.0467071162784	-0.0346001994221	0.0113608258227
k__Bacteria;p__Bacteroidetes;c__Bacteroidia;o__Bacteroidales;f__Bacteroidaceae;g__Bacteroides;s__Bacteroides_salyersiae	-0.00523375994854	-0.0736306620285	0.043775253771	-0.0580771715525	-0.0838799940779	0.0278949846101	-0.0234758823828	0.01046368803	-0.0277493416947	0.0184592724419	-0.036649145178	-0.0251379556746	0.0138695893869	0.0315915549579	0.000532983996079	-0.0119392917304	-0.0394454615939	-0.0126856011902	0.0292816942467	-0.0523351729679	1.0	-0.0152296132884	-0.0317838604748	-0.00627342081073	0.00302078910877	-0.0110724223015	-0.0130142687559	-0.0068896146013	-0.0405410485306	-0.0169359291087	-0.0645769806771	-0.0300167688717	-0.010970162282	-0.00754389338959	0.00130980594897	0.0419461534655	-0.0469875839802	-0.0367938271118	0.0432515205264	-0.0105528347371	-0.00809248904429	-0.0114871151487	-0.0116926012695	-0.0217051941553	0.0287325074154	-0.00497347927177	-0.0315546870486	0.0249301015117	-0.0590550141937	0.0179742511176	0.0403897576055	-0.0216979999513	-0.0294089286478	-0.0667781883219	0.0408604710288	0.0742707949282	0.00210719147784	-0.0289516977386	-0.0432643976549
k__Bacteria;p__Firmicutes;c__Clostridia;o__Clostridiales;f__Ruminococcaceae;g__Ruminiclostridium;s__[Eubacterium]_siraeum	0.0325852324443	-0.0268119023236	-0.0101952654197	0.0090445545285	-0.0554494829452	0.0505880987967	0.0288048647808	-0.0139983191852	0.0554433624887	0.0322176146841	-0.0497058364039	0.0174854739656	-0.0444610165536	-0.0435794855311	-0.0509989662741	-0.018461474843	0.00307022257154	0.0385534358012	-0.0503966146371	0.0377164390965	-0.0152296132884	1.0	0.0105812225582	-0.0067257703841	-0.0603670206596	0.0562195618371	0.0320314497161	-0.0457938585634	0.0163941978164	0.0206080647608	-0.0278537288552	-0.0424748709262	0.0169420257348	0.00484425776756	-0.0327356413325	0.0467994474394	-0.0175668678573	0.00798638279408	-0.0256796855221	0.0178031045606	-0.0309481010399	-0.0141014739384	0.0140187072456	0.0347348017969	-0.013162804398	0.0299002944916	-0.0310867256723	-0.0624320954101	-0.0310210342748	0.00915817330409	-0.055696519933	0.0514888681516	-0.082413680877	0.00195002515621	-0.0246310668617	-0.0363391955621	-0.0152439183887	-0.0553901342407	0.05061216221
k__Bacteria;p__Proteobacteria;c__Betaproteobacteria;o__Burkholderiales;f__Sutterellaceae;g__Parasutterella;s__Parasutterella_excrementihominis	-0.0063010548863	0.0239275662618	0.0180718692763	0.00784337083337	0.0604223228592	-0.0239904306508	-0.035877029373	0.0257906540717	-0.0238980678666	0.0638922726559	-0.0281914112318	-0.0143213391688	-0.00414209913958	0.0157681197023	-0.0216972707862	0.035183705398	-0.0169795250929	0.0208730033049	0.0147457717927	-0.0339842406631	-0.0317838604748	0.0105812225582	1.0	0.0397966314643	0.00850036595374	0.0661137249693	-0.00319670556484	-0.0431498657165	0.0114255050618	-0.0276853495826	-0.0237362622475	-0.00809940805668	-0.0184419653478	0.0100126229573	-0.0260077755822	-0.0434753051422	0.0254385688019	0.0128345823908	0.0256652719514	0.0305054206711	0.0333332990054	-0.000833597652755	-0.0410024650668	-0.00245707501849	0.0161505673979	-0.00845373781913	0.00449198523684	-0.0733850886834	-0.0497419569184	0.00607619857675	-0.012459506067	0.0884628975263	-0.0208830237117	-0.0097333758267	-0.0539383967301	0.00190988349478	-0.0597479862782	-0.0413238036131	-0.0432327117927
k__Bacteria;p__Actinobacteria;c__Actinobacteria;o__Bifidobacteriales;f__Bifidobacteriaceae;g__Bifidobacterium;s__Bifidobacterium_adolescentis	0.0138175527352	-0.00876093128929	0.0158770278842	0.0341168810087	-0.0265766778969	-0.0313621605324	0.0385824101292	-0.0114106796388	-0.0284872899458	-0.0256922531571	-0.0118163965009	-0.0155130668207	-0.0247582021041	-0.0333331502013	-0.020149382395	-0.041815860923	-0.0102461180509	0.0147543027723	-0.0719414952221	-0.0351170744468	-0.00627342081073	-0.0067257703841	0.0397966314643	1.0	-0.0355676633914	0.0138291278634	-0.0665075109152	-0.0636369322081	-0.0519209316722	-0.0300960647491	0.029900728533	-0.0985247382196	-0.0497959738985	0.0105004585116	-9.79211935104e-05	-0.0185914493443	-0.0537696534339	-0.06796350642	0.0558400828667	0.0292451898143	0.0288318073995	0.0538357201491	0.00614948041069	0.0356368434012	0.00337823456075	-0.0254399623343	0.00653743072554	-0.0243714870873	-0.0621596571833	0.0187507421044	-0.0274971663865	0.0125579331817	-0.005916169624	-0.0285459466	-0.0116877111887	0.0240722375132	-0.0314457732013	-0.00167811067845	0.00785546403116
k__Bacteria;p__Firmicutes;c__Clostridia;o__Clostridiales;f__Oscillospiraceae;g__Oscillibacter;s__Oscillibacter_sp._KLE_1745	-0.0128495397184	0.0355379113298	-0.0461162063009	-0.031666107086	-0.00582526698031	-0.0530042659559	0.0228883762581	0.00524734221279	0.0041477925389	-0.0076768865867	-0.000543312058843	-0.0195358701529	0.000885668301684	-0.0136209855188	0.0095757672883	-0.00126993472027	0.0457994979996	0.0406065275343	-0.0326465952772	-0.015387056966	0.00302078910877	-0.0603670206596	0.00850036595374	-0.0355676633914	1.0	0.00727736384145	-0.0498465705562	-8.94432269268e-05	-0.0382907431936	0.0283565046308	-0.00983060765667	0.0290114223942	0.0418138570584	0.08108146471	-0.0202722172683	0.0283114643141	0.00803325306922	0.0139272025734	-0.0671562342023	-0.041563080515	0.0253538859783	-0.0525818401044	-0.091498418298	0.0245281215393	0.041975306453	0.0465005284752	0.00464119859914	0.0190605703423	-0.065364646825	0.0277517315492	-0.0194703810005	-0.0398696568105	-0.0948023299629	0.00348361267872	0.0116554206171	-0.00059611174781	-0.032310745022	0.00240093520832	0.0368874074909
k__Bacteria;p__Bacteroidetes;c__Bacteroidia;o__Bacteroidales;f__Bacteroidaceae;g__Bacteroides;s__Bacteroides_coprophilus	-0.0186689553052	0.0177742385824	-0.0497287082754	-0.0112869224256	-0.00753816413963	-0.0644007837991	-0.108099067087	-0.0446654645421	-0.0122854358685	-0.0368185602669	0.0377212949738	-0.00775211840498	0.0400073253249	-0.0291332086287	-0.0441889119267	-0.0147968696044	-0.0184769427591	0.0154731666582	0.0119293768047	0.0438276038767	-0.0110724223015	0.0562195618371	0.0661137249693	0.0138291278634	0.00727736384145	1.0	0.0031812633158	0.0330461822804	-0.0407219104867	-0.0409411406268	0.0274753968955	-0.0158811673348	-0.0445153652425	-0.00397862252457	-0.00697453183122	-0.023157747733	-0.0642302097517	0.0530288435641	-0.0456461299396	-0.0213038191542	0.0391793993411	0.0138625712318	-0.0492040754206	-0.0149848893163	-0.012410165253	0.0315701316314	0.0146794378198	-0.0318419380169	-0.0256554532238	0.0102198423695	-0.0374125057773	0.0369615185159	-0.00249824596809	-0.0507370996109	0.023902345062	0.048897184436	-0.0328002946566	0.0360835414171	0.0116569217933
k__Bacteria;p__Firmicutes;c__Clostridia;o__Clostridiales;f__Lachnospiraceae;g__Roseburia;s__Roseburia_intestinalis	-0.0181913307027	-0.00776448851254	-0.0115424747612	-0.00237278230056	0.0381981667669	0.0272489534038	-0.0184129490287	0.0905257238556	-0.0139307243123	0.0441258600633	0.0470180521841	-0.0211478427176	-0.0660424075669	0.0582004350247	-0.0146782484122	0.035816992987	0.0076199413165	-0.0439654701112	-0.0153955669819	-0.0289117577958	-0.0130142687559	0.0320314497161	-0.00319670556484	-0.0665075109152	-0.0498465705562	0.0031812633158	1.0	0.00992832186719	-0.045676760792	-0.0411193400767	0.0111388820115	0.0163286054669	0.0202021128257	0.00406634364595	0.0345705451516	0.00985121067422	0.00907699699608	0.0130932029088	0.0141823199507	-0.0257797839841	-0.0160047452305	0.0544892359168	-0.0424055995322	-0.00930137931233	0.0120576545262	0.00108197981634	-0.00869740574844	-0.0911084878503	0.0454304840004	-0.00638219741093	-0.0130390484883	0.0285659127245	-0.0850292117665	0.0476315730151	-0.0975049530601	-0.00789294543437	0.0525534090531	-0.0265531380742	-0.0872794439785
k__Bacteria;p__Firmicutes;c__Clostridia;o__Clostridiales;f__Lachnospiraceae;g__Roseburia;s__Roseburia_hominis	-0.0151202566032	-0.0047018895597	-0.0227606835486	-0.00994904979171	0.0207985782412	0.0389565677341	-0.0019966330997	-0.0652494319859	-0.0322821765349	-0.0239574650218	0.02015065022	0.0755848649682	-0.0457606017759	-0.00781045759251	0.03653233542	-0.0216187550714	0.000319147395102	0.0368967925868	-0.0334013240129	0.0357966823618	-0.0068896146013	-0.0457938585634	-0.0431498657165	-0.0636369322081	-8.94432269267e-05	0.0330461822804	0.00992832186719	1.0	-0.0460858265826	0.00724988662278	-0.0770555035736	-0.0479948064543	-0.0319483331487	0.0335402429398	-0.0181651630301	0.0077306820117	-0.0205149955993	0.0518280905595	-0.0234208849122	0.00788379828749	-0.0321821619475	-0.00919036354756	-0.00418027861027	-0.00232208032684	-0.064953383845	-0.0496863349917	-0.0472001975597	0.00879691089174	0.0256089465142	-0.0170507084623	-0.00153196503964	-0.0637452193705	-0.00829726880787	-0.00167151958276	-0.0136918554285	-0.00882305819097	0.0529223762386	0.0230702819052	0.00136343479185
k__Bacteria;p__Bacteroidetes;c__Bacteroidia;o__Bacteroidales;f__Porphyromonadaceae;g__Parabacteroides;s__Parabacteroides_johnsonii	0.0183115562007	-0.0104079934935	0.0305076448365	-0.0111453700969	-0.0194612570287	-0.0221919642918	-0.0278342556517	-0.0676828635998	-0.00612556243012	-0.0379350865494	-0.050572415351	0.037489657604	0.0789084660526	-0.0044162970299	-0.0317148728425	0.00268167023619	-0.0417492198262	0.0201607173356	0.0128388717436	-0.004829104431	-0.0405410485306	0.0163941978164	0.0114255050618	-0.0519209316722	-0.0382907431936	-0.0407219104867	-0.045676760792	-0.0460858265826	1.0	-0.0406199967547	-0.0152224301879	0.030579058027	-0.0243927295559	-0.0206586609878	-0.0051620939057	-0.0162919462057	-0.00942554695637	-0.0544962715861	-0.0134344978424	0.0351244677279	0.044551741748	-0.0655896642855	-0.0633988190888	-0.0261280184843	0.0584184547083	0.015130931838	-0.0227298779879	-0.0478880642197	0.00938738463723	-0.0301305814021	0.0334702413543	0.012090881923	0.0442295796202	-0.0153707714517	0.0283764514058	-0.0511374399471	-0.0360498523558	0.0146155308871	-0.000111746169375
k__Bacteria;p__Actinobacteria;c__Actinobacteria;o__Bifidobacteriales;f__Bifidobacteriaceae;g__Bifidobacterium;s__Bifidobacterium_longum	0.00953089562005	-0.0290024099423	-0.00223506904112	0.0233278049935	0.0435395257379	-0.0188612917401	0.035149400178	-0.0169946906928	0.0354474740557	0.0199885131625	-0.0107987825918	0.00189637248801	0.0369726317168	-0.0390569201014	-0.00497563096526	0.00657863713402	0.0225645765087	-0.0166738405205	-0.0355098100649	-0.0150914852201	-0.0169359291087	0.0206080647608	-0.0276853495826	-0.0300960647491	0.0283565046308	-0.0409411406268	-0.0411193400767	0.00724988662278	-0.0406199967547	1.0	0.0564050171427	-0.0107118098768	-0.00285803580524	-0.00120473535756	-0.0606256343101	-0.0138641598367	-0.00857217633545	-0.01684894997	-0.0682407113782	0.00143580188702	0.0119399953516	0.00649476602316	-0.0115551150779	-0.0126453796415	0.0133227515405	0.00302783140824	0.0277696670503	-0.0193868571884	-0.0165032716473	0.0297464995492	-0.0666892941477	0.0361205825973	0.0248591094803	-0.000821799142644	-0.00681134499601	-0.00631297685391	0.018933512885	-0.0390918590472	0.0441549983211
