#taxonomy	k__Bacteria;p__Bacteroidetes;c__Bacteroidia;o__Bacteroidales;f__Bacteroidaceae;g__Bacteroides;s__Bacteroides_vulgatus	k__Bacteria;p__Bacteroidetes;c__Bacteroidia;o__Bacteroidales;f__Bacteroidaceae;g__Bacteroides;s__Bacteroides_uniformis	k__Bacteria;p__Bacteroidetes;c__Bacteroidia;o__Bacteroidales;f__Rikenellaceae;g__Alistipes;s__Alistipes_putredinis	k__Bacteria;p__Bacteroidetes;c__Bacteroidia;o__Bacteroidales;f__Prevotellaceae;g__Prevotella;s__Prevotella_copri	k__Bacteria;p__Bacteroidetes;c__Bacteroidia;o__Bacteroidales;f__Bacteroidaceae;g__Bacteroides;s__Bacteroides_stercoris	k__Bacteria;p__Bacteroidetes;c__Bacteroidia;o__Bacteroidales;f__Bacteroidaceae;g__Bacteroides;s__Bacteroides_ovatus	k__Bacteria;p__Bacteroidetes;c__Bacteroidia;o__Bacteroidales;f__Rikenellaceae;g__Alistipes;s__Alistipes_shahii	k__Bacteria;p__Firmicutes;c__Clostridia;o__Clostridiales;f__Ruminococcaceae;g__Faecalibacterium;s__Faecalibacterium_prausnitzii	k__Bacteria;p__Bacteroidetes;c__Bacteroidia;o__Bacteroidales;f__Rikenellaceae;g__Alistipes;s__Alistipes_finegoldii	k__Bacteria;p__Bacteroidetes;c__Bacteroidia;o__Bacteroidales;f__Porphyromonadaceae;g__Parabacteroides;s__Parabacteroides_distasonis	k__Bacteria;p__Bacteroidetes;c__Bacteroidia;o__Bacteroidales;f__Bacteroidaceae;g__Bacteroides;s__Bacteroides_thetaiotaomicron	k__Bacteria;p__Bacteroidetes;c__Bacteroidia;o__Bacteroidales;f__Bacteroidaceae;g__Bacteroides;s__Bacteroides_coprocola	k__Bacteria;p__Bacteroidetes;c__Bacteroidia;o__Bacteroidales;f__Bacteroidaceae;g__Bacteroides;s__Bacteroides_cellulosilyticus	k__Bacteria;p__Bacteroidetes;c__Bacteroidia;o__Bacteroidales;f__Rikenellaceae;g__Alistipes;s__Alistipes_obesi	k__Bacteria;p__Firmicutes;c__Clostridia;o__Clostridiales;f__Lachnospiraceae;g__;s__[Eubacterium]_rectale	k__Bacteria;p__Bacteroidetes;c__Bacteroidia;o__Bacteroidales;f__Bacteroidaceae;g__Bacteroides;s__Bacteroides_plebeius	k__Bacteria;p__Bacteroidetes;c__Bacteroidia;o__Bacteroidales;f__Bacteroidaceae;g__Bacteroides;s__Bacteroides_fragilis	k__Bacteria;p__Proteobacteria;c__Betaproteobacteria;o__Burkholderiales;f__Sutterellaceae;g__Sutterella;s__Sutterella_wadsworthensis	k__Bacteria;p__Bacteroidetes;c__Bacteroidia;o__Bacteroidales;f__Porphyromonadaceae;g__Barnesiella;s__Barnesiella_intestinihominis	k__Bacteria;p__Bacteroidetes;c__Bacteroidia;o__Bacteroidales;f__Odoribacteraceae;g__Odoribacter;s__Odoribacter_splanchnicus	k__Bacteria;p__Bacteroidetes;c__Bacteroidia;o__Bacteroidales;f__Bacteroidaceae;g__Bacteroides;s__Bacteroides_salyersiae	k__Bacteria;p__Firmicutes;c__Clostridia;o__Clostridiales;f__Ruminococcaceae;g__Ruminiclostridium;s__[Eubacterium]_siraeum	k__Bacteria;p__Proteobacteria;c__Betaproteobacteria;o__Burkholderiales;f__Sutterellaceae;g__Parasutterella;s__Parasutterella_excrementihominis	k__Bacteria;p__Actinobacteria;c__Actinobacteria;o__Bifidobacteriales;f__Bifidobacteriaceae;g__Bifidobacterium;s__Bifidobacterium_adolescentis	k__Bacteria;p__Firmicutes;c__Clostridia;o__Clostridiales;f__Oscillospiraceae;g__Oscillibacter;s__Oscillibacter_sp._KLE_1745	k__Bacteria;p__Bacteroidetes;c__Bacteroidia;o__Bacteroidales;f__Bacteroidaceae;g__Bacteroides;s__Bacteroides_coprophilus	k__Bacteria;p__Firmicutes;c__Clostridia;o__Clostridiales;f__Lachnospiraceae;g__Roseburia;s__Roseburia_intestinalis	k__Bacteria;p__Firmicutes;c__Clostridia;o__Clostridiales;f__Lachnospiraceae;g__Roseburia;s__Roseburia_hominis	k__Bacteria;p__Bacteroidetes;c__Bacteroidia;o__Bacteroidales;f__Porphyromonadaceae;g__Parabacteroides;s__Parabacteroides_johnsonii	k__Bacteria;p__Actinobacteria;c__Actinobacteria;o__Bifidobacteriales;f__Bifidobacteriaceae;g__Bifidobacterium;s__Bifidobacterium_longum	k__Bacteria;p__Firmicutes;c__Clostridia;o__Clostridiales;f__;g__Flavonifractor;s__Flavonifractor_plautii	k__Bacteria;p__Firmicutes;c__Clostridia;o__Clostridiales;f__Clostridiaceae;g__Clostridium;s__Clostridium_phoceensis	k__Bacteria;p__Verrucomicrobia;c__Verrucomicrobiae;o__Verrucomicrobiales;f__Akkermansiaceae;g__Akkermansia;s__Akkermansia_muciniphila	k__Bacteria;p__Bacteroidetes;c__Bacteroidia;o__Bacteroidales;f__Prevotellaceae;g__Paraprevotella;s__Paraprevotella_xylaniphila	k__Bacteria;p__Firmicutes;c__Clostridia;o__Clostridiales;f__Ruminococcaceae;g__Ruminococcus;s__Ruminococcus_callidus	k__Bacteria;p__Bacteroidetes;c__Bacteroidia;o__Bacteroidales;f__Rikenellaceae;g__Alistipes;s__Alistipes_senegalensis	k__Bacteria;p__Firmicutes;c__Clostridia;o__Clostridiales;f__Lachnospiraceae;g__Blautia;s__Blautia_sp._KLE_1732	k__Bacteria;p__Bacteroidetes;c__Bacteroidia;o__Bacteroidales;f__Bacteroidaceae;g__Bacteroides;s__Bacteroides_oleiciplenus	k__Bacteria;p__Firmicutes;c__Clostridia;o__Clostridiales;f__Ruminococcaceae;g__Ruminococcus;s__Ruminococcus_bicirculans	k__Bacteria;p__Bacteroidetes;c__Bacteroidia;o__Bacteroidales;f__Bacteroidaceae;g__Bacteroides;s__Bacteroides_fluxus	k__Bacteria;p__Bacteroidetes;c__Bacteroidia;o__Bacteroidales;f__Prevotellaceae;g__Prevotella;s__Prevotella_stercorea	k__Bacteria;p__Firmicutes;c__Clostridia;o__Clostridiales;f__Lachnospiraceae;g__Dorea;s__Dorea_longicatena	k__Bacteria;p__Firmicutes;c__Clostridia;o__Clostridiales;f__Eubacteriaceae;g__Eubacterium;s__[Eubacterium]_eligens	k__Bacteria;p__Firmicutes;c__Clostridia;o__Clostridiales;f__Ruminococcaceae;g__;s__Ruminococcaceae_bacterium_D16	k__Bacteria;p__Firmicutes;c__Clostridia;o__Clostridiales;f__Lachnospiraceae;g__Coprococcus;s__Coprococcus_comes	k__Bacteria;p__Proteobacteria;c__Gammaproteobacteria;o__Enterobacterales;f__Enterobacteriaceae;g__Escherichia;s__Escherichia_coli	k__Bacteria;p__Firmicutes;c__Clostridia;o__Clostridiales;f__Ruminococcaceae;g__Anaerotruncus;s__Anaerotruncus_colihominis	k__Bacteria;p__Firmicutes;c__Clostridia;o__Clostridiales;f__Lachnospiraceae;g__Blautia;s__Blautia_obeum	k__Bacteria;p__Bacteroidetes;c__Bacteroidia;o__Bacteroidales;f__Odoribacteraceae;g__Odoribacter;s__Odoribacter_laneus	k__Bacteria;p__Firmicutes;c__Clostridia;o__Clostridiales;f__Ruminococcaceae;g__Ruminiclostridium;s__[Clostridium]_leptum	k__Bacteria;p__Bacteroidetes;c__Bacteroidia;o__Bacteroidales;f__Porphyromonadaceae;g__Parabacteroides;s__Parabacteroides_goldsteinii	k__Bacteria;p__Firmicutes;c__Clostridia;o__Clostridiales;f__Lachnospiraceae;g__Anaerostipes;s__Anaerostipes_hadrus	k__Bacteria;p__Firmicutes;c__Clostridia;o__Clostridiales;f__Ruminococcaceae;g__Ruminococcus;s__Ruminococcus_lactaris	k__Bacteria;p__Firmicutes;c__Clostridia;o__Clostridiales;f__Clostridiaceae;g__Clostridium;s__Clostridium_sp._L2-50	k__Bacteria;p__Firmicutes;c__Clostridia;o__Clostridiales;f__Clostridiaceae;g__Clostridium;s__Clostridium_sp._M62/1	k__Bacteria;p__Firmicutes;c__Clostridia;o__Clostridiales;f__;g__Intestinimonas;s__Intestinimonas_butyriciproducens	k__Bacteria;p__Actinobacteria;c__Actinobacteria;o__Bifidobacteriales;f__Bifidobacteriaceae;g__Bifidobacterium;s__Bifidobacterium_bifidum	k__Bacteria;p__Firmicutes;c__Negativicutes;o__Veillonellales;f__Veillonellaceae;g__Dialister;s__Dialister_invisus	k__Bacteria;p__Bacteroidetes;c__Bacteroidia;o__Bacteroidales;f__Bacteroidaceae;g__Bacteroides;s__Bacteroides_salanitronis
k__Bacteria;p__Bacteroidetes;c__Bacteroidia;o__Bacteroidales;f__Bacteroidaceae;g__Bacteroides;s__Bacteroides_vulgatus	1.0	0.00389578875604	0.0511727415808	0.0570566123602	-0.0378287701498	0.0408820825834	-0.0118454198039	-0.00801604793244	-0.0162766896355	0.0235093014505	-0.0243505249997	-0.00750330641282	-0.00339903043363	0.0786555668933	-0.118750343246	0.00690765490866	0.0368908423247	-0.0542642734029	-0.0358759623828	0.00837031095632	0.0189181346326	-0.0402116519879	0.0172442187078	0.0194293516542	0.00272581645523	0.0019929237252	-0.0207008497223	-0.0223976384916	0.0485916299401	-0.0348841009198	0.00471500886064	-0.0461213986927	-0.00677752075551	-0.0196309423768	0.0119635031962	0.0407712694986	0.0513149703412	0.000833756013507	-0.0330948564341	0.0521002181359	0.0267702651578	-0.0900164991444	0.0045086597102	-0.0488287309795	-0.00580172650668	0.0622550180582	-0.0272214309596	0.00887498718833	-0.080238648936	0.0550767609739	0.0215883535474	0.00362732449053	0.0420555843067	0.000883759092908	-0.00121655864644	0.0450356906758	0.0102270381137	-0.0138485968324	-0.0255778803996
k__Bacteria;p__Bacteroidetes;c__Bacteroidia;o__Bacteroidales;f__Bacteroidaceae;g__Bacteroides;s__Bacteroides_uniformis	0.00389578875604	1.0	0.00864790905548	-0.0331671444086	-0.0278813990724	0.0146885173955	0.0871252750543	-0.0452741573752	-0.0100936318405	-0.0269684459635	0.0475251800145	0.00490173640425	0.0293311336186	-0.0072702968275	-0.0512374311875	-0.0182406018755	-0.0328404883876	-0.0143628755445	-0.0451448494172	0.00259487010096	-0.0325790653476	0.0581124090009	-0.0308715073543	-0.096234371583	0.0197091862831	-0.0324828409326	0.0139817132836	-0.00735972896309	-0.042785022514	0.00345010186916	-0.0481023531891	-0.0683369243437	0.0210237104781	0.0256128737898	-0.0235837689209	0.00733590693858	0.0312336017709	0.0424539195244	0.00420639461925	0.0428851229887	-0.0417079040204	-0.0475807682837	-0.0498492899634	-0.00267947770426	0.029459491581	0.0177681542684	-0.0699596925093	-0.0175713904887	-0.0760780151757	0.0279256089196	-0.0313155398536	0.0201303709913	0.0189911961	-0.0564200384299	0.0183893766083	-0.0830947014161	-0.0541954218884	-0.0241220873442	0.00374226346064
k__Bacteria;p__Bacteroidetes;c__Bacteroidia;o__Bacteroidales;f__Rikenellaceae;g__Alistipes;s__Alistipes_putredinis	0.0511727415808	0.00864790905548	1.0	0.011670465424	0.0268958465449	-0.0578437457669	0.0104523234776	0.0647544851387	-0.0295300572197	0.0655750324414	-0.031603363821	0.0170976417539	-0.00188424086334	-0.00847836493124	-0.0419779802884	0.0038087278957	0.0130107431175	0.0352640027727	0.0325373165356	-0.0113832710463	-0.0559250431178	-0.0259961154449	-0.0685111376292	0.0703539767819	0.000675210491945	-0.0204026449895	-0.0543891490596	-0.0025684375047	-0.00020715532986	-0.0458855927446	-0.00341328644527	-0.0262552727121	-0.0186321514105	0.0263261376842	0.0214694280983	-0.0673332408398	-0.0358669930976	0.0561760461047	0.0146015152553	-0.0427173209304	-0.0849468732943	0.00653634720783	0.0272180755779	-0.0144133733689	0.0236205950609	-0.0533206735867	-0.0501357321541	-0.0351866385093	-0.0561615938927	-0.00151324385434	-0.0312889218035	-0.0678239573253	0.030558069889	-0.00673171959121	-0.0485854759979	-0.0507424901948	0.00131772574682	0.0188650801788	-0.00244761325647
k__Bacteria;p__Bacteroidetes;c__Bacteroidia;o__Bacteroidales;f__Prevotellaceae;g__Prevotella;s__Prevotella_copri	0.0570566123602	-0.0331671444086	0.011670465424	1.0	0.0185219544777	0.0275416830261	-0.0206476799613	-0.0367843641206	-0.0576413814817	-0.0493729223611	0.102865021646	-0.0310322572954	-0.0226232076581	-0.0258348655174	0.0219691576091	0.0225291601654	-0.0531387413799	0.0160101230379	-0.0248913730724	0.00683683302803	0.00681685751212	0.0177434386541	-0.0787878770634	0.0486759015938	-0.060074778703	0.0351918185377	-0.0398698335201	0.0488334667332	0.0399415953747	0.00937025366883	-0.0329604399269	-0.0598953378908	-0.0148144735798	-0.029509249634	-0.0121746852741	-0.0292181670863	-0.0319946565342	-0.0187051318641	0.000689332139436	-0.0153627463369	-0.0200187457923	-0.0341741209399	0.0153854478847	0.0191090209544	-0.0880015147497	0.0725559867749	-0.035004325366	-0.0357368934417	-0.0264024348642	0.0218684834582	0.0177360570214	0.00530374007148	-0.0496076305373	-0.0537759150259	0.0116828504188	0.0275073438245	-0.0161040677068	-0.0199066400197	-0.0232513702771
k__Bacteria;p__Bacteroidetes;c__Bacteroidia;o__Bacteroidales;f__Bacteroidaceae;g__Bacteroides;s__Bacteroides_stercoris	-0.0378287701498	-0.0278813990724	0.0268958465449	0.0185219544777	1.0	-0.0267280769824	-0.0443195413031	0.0340907252981	0.00234252913665	-0.0870103785295	-0.0113765996792	0.0193187297585	-0.00355926922167	0.0247503314437	-0.0147602247968	0.0364516219263	0.0698764365405	-0.085398738913	-0.00447905108849	0.0269470303681	0.00709684102592	-0.0040257359588	-4.86210714508e-05	0.0295253237236	0.00702035631936	-0.0153052615516	0.0280276107232	-0.0270854674773	-0.0616457985357	-0.0563978004332	0.00742634311812	0.0114744761069	0.0354715380782	-0.0098902551151	0.00594486597443	-0.0261755442473	-0.0195720925566	-0.0134115937243	-0.0389918980501	0.00206227494316	-0.0375128104609	-0.0117978615082	-0.0336822634927	-0.00692257199627	0.00385891362433	0.00472259031571	-0.00773946865018	0.028959593167	0.00615806986651	-0.0217540697735	-0.0276197105929	-0.0473134982862	0.0102948177802	0.0449097854597	-0.0399262671134	-0.0557506313689	0.0136061751447	-0.0124640929459	-0.0263591607989
k__Bacteria;p__Bacteroidetes;c__Bacteroidia;o__Bacteroidales;f__Bacteroidaceae;g__Bacteroides;s__Bacteroides_ovatus	0.0408820825834	0.0146885173955	-0.0578437457669	0.0275416830261	-0.0267280769824	1.0	-0.00611488839452	-0.06290314065	0.0294823065774	0.0243386411667	-0.0673535991347	-0.024536221644	0.0299222704927	-0.0810988514969	0.0322277432056	-0.0305336896253	-0.0085391360083	0.0199096303734	0.00273069887625	-0.0247308939632	-0.0248273290654	0.0453527246104	0.00991192735013	0.00340879794929	-0.0221507613407	-0.0116698286865	0.0378630044521	-0.0274238315921	-0.0219231635594	-0.0238845547001	-0.02487840262	0.0103035005792	-0.0708647366401	-0.0299668177697	0.0390988106956	-0.04065900177	0.00848746176104	-0.00889002463045	0.0163637726321	-0.00203890442906	-0.0104689315355	0.0118143824043	0.0512043082572	0.00321027327024	0.025099649977	0.0104914220822	0.0351141262305	0.00716867714014	0.0210834709495	-0.00213445543025	0.0306876254808	-0.0905923167879	-0.0501548342689	0.0116543247463	0.0472143142329	-0.0122743819326	-0.0540196339236	-0.0231628247975	-0.0185075413989
k__Bacteria;p__Bacteroidetes;c__Bacteroidia;o__Bacteroidales;f__Rikenellaceae;g__Alistipes;s__Alistipes_shahii	-0.0118454198039	0.0871252750543	0.0104523234776	-0.0206476799613	-0.0443195413031	-0.00611488839452	1.0	-0.0306236851742	0.0160844060861	0.0512895574731	0.0198360376392	-0.0193542621166	0.0130293070162	0.0550741972786	-0.0258045383892	-0.00741358003511	-0.0300553851786	0.0572840448903	0.0233276985831	0.0116400390382	0.0417794467387	-0.0340397229679	0.00530472535488	-0.0170656008339	-0.0144784529415	-0.021244055185	0.0223182029613	0.0022064867837	0.00372701471222	-0.0273885770568	0.0030705955951	0.0365778667045	-0.00174928576754	-0.0232740795286	-0.0719684017399	-0.0558863540376	-0.00611805820642	0.0252163322666	-0.0111564835846	0.0219951448244	-0.00644488499615	-0.0232965181572	-0.0766458416019	0.0276746687352	-0.0415928519556	-0.0275404837003	-0.0344234163789	-0.0856823584179	0.00441051938104	0.0609737375819	-0.0279131642796	0.00694073790001	0.00719981666451	-0.00793626480947	-0.0228897869407	-0.0370687648175	-0.00671005541372	0.0206975788288	-0.0124042455141
k__Bacteria;p__Firmicutes;c__Clostridia;o__Clostridiales;f__Ruminococcaceae;g__Faecalibacterium;s__Faecalibacterium_prausnitzii	-0.00801604793244	-0.0452741573752	0.0647544851387	-0.0367843641206	0.0340907252981	-0.06290314065	-0.0306236851742	1.0	-0.0202742520717	0.00923506056946	0.000354369994647	-0.0846473239887	-0.0274440016392	0.0232397690813	0.0474233537503	-0.049109801127	-0.026739496867	-0.00736519049447	0.022207457542	0.0452594645776	0.0137162508414	0.00393911114381	-0.0875017945505	-0.0259953014698	-0.0317646929797	-0.0204611182161	0.0225786009124	-0.00141227544693	-0.00752160166218	0.0621712021394	0.052630954436	0.00296427227994	-0.0331385249722	0.00674880941045	0.0697633648618	-0.00343614077516	-0.0225727681815	-0.00706342344208	-0.0374832549706	-0.0533274174924	0.0470969332625	-0.0478804235818	0.0569289221644	0.00680029034663	-0.0402564021051	0.0406780584405	0.0350316809622	-0.0395260810467	-0.0309129074919	-0.0285112707867	0.0305107840578	-0.0912970736582	-0.0152528820018	0.00690659929076	-0.0277441279141	-0.0263441763827	0.00432380703116	0.00290975751771	-0.0367124908057
k__Bacteria;p__Bacteroidetes;c__Bacteroidia;o__Bacteroidales;f__Rikenellaceae;g__Alistipes;s__Alistipes_finegoldii	-0.0162766896355	-0.0100936318405	-0.0295300572197	-0.0576413814817	0.00234252913665	0.0294823065774	0.0160844060861	-0.0202742520717	1.0	-0.0313879114571	0.0445406958871	0.01923581882	0.0320660264817	-0.0511206730475	-0.0575353376238	-0.00535684878205	0.0629718628571	-0.0404902900347	-0.0152039325898	0.0621552003595	0.0297295612957	0.0242653339787	-0.0383944163021	-0.0231837486671	-0.0061912751074	0.00115592814004	0.0364473502419	0.0183332126242	0.00465671707077	0.0325938440168	0.0166988663633	-0.0233371749372	-0.0493865870929	0.00581815418721	-0.0173249644795	-0.037411747419	0.0534828825243	0.0461211673322	-0.0411659742795	0.00707718102376	0.0712867454113	-0.032263413152	-0.0162944574922	-0.0306481618948	-0.0102125956885	0.0325401814576	0.00973998488104	-0.0471720156647	-0.0692964017303	-0.0777650971663	-0.0761056172342	-0.0164459373401	0.0238806536924	-0.00653839813012	0.00125904075168	0.000802093844	-0.0174829142911	0.0419397614403	0.0220276557972
k__Bacteria;p__Bacteroidetes;c__Bacteroidia;o__Bacteroidales;f__Porphyromonadaceae;g__Parabacteroides;s__Parabacteroides_distasonis	0.0235093014505	-0.0269684459635	0.0655750324414	-0.0493729223611	-0.0870103785295	0.0243386411667	0.0512895574731	0.00923506056946	-0.0313879114571	1.0	-0.0197414157429	-0.0657408531436	-0.0311736525897	0.0198414103266	-0.0567149114436	0.017549814842	-0.00955799700525	-0.0191377787964	0.0286527217083	-0.0203161709524	-0.0118527652283	0.0561533060902	-0.05298052637	-0.0133863562958	-0.050154920705	0.015422277697	-0.0204532868925	-0.0398974743006	0.0303372178611	0.0184246896841	-0.0158574805782	-0.0814537813178	0.000407560504104	-0.0394117208185	0.0167409668799	0.00551133584958	-0.00219799272543	0.0170880975866	0.0211951578929	-0.0228468015359	0.0151164213226	0.0663952871859	-0.0663246539403	0.0403905864585	0.00579357610327	-0.0239786135347	-0.0167513849819	-0.0396236503268	-0.0447480357977	-0.073586235083	-0.0150930520098	-0.0248566191862	-0.00341562714738	-0.0145746747176	-0.0263832664329	-0.0305375845627	0.00782909527778	-0.0112913399231	-0.0237948180123
k__Bacteria;p__Bacteroidetes;c__Bacteroidia;o__Bacteroidales;f__Bacteroidaceae;g__Bacteroides;s__Bacteroides_thetaiotaomicron	-0.0243505249997	0.0475251800145	-0.031603363821	0.102865021646	-0.0113765996792	-0.0673535991347	0.0198360376392	0.000354369994647	0.0445406958871	-0.0197414157429	1.0	-0.00916574731464	0.0578353000746	-0.00268593252645	-0.0370756933711	-0.033147336607	-0.0121398531393	-0.0629819231355	-0.0054913528013	0.00292611293749	-0.000152340677511	-0.0297714240533	-0.00614526412763	-0.0415343311014	0.0349819561114	-0.0299034209918	-0.0222445666074	0.0204164000891	-0.0282470071082	0.0307702784164	-0.0213285272505	-0.0632230196752	0.00880886580891	-0.0179405878423	0.00960567923583	0.0412753180559	-0.00889288050468	-0.00927039050344	-0.00234686419612	-0.0395074884611	-0.00367459162706	-0.0738023129466	0.0414696739665	-0.0207151452388	0.0157895281394	0.0162131019636	-0.0195592963116	0.072589637211	0.0263926565392	0.0193630218615	0.025676378966	-0.0288348028096	-0.0275744931756	-0.0183900407664	-0.00446176778281	-0.00455413553665	-0.0132979360295	-0.00433788443822	0.00895167766419
k__Bacteria;p__Bacteroidetes;c__Bacteroidia;o__Bacteroidales;f__Bacteroidaceae;g__Bacteroides;s__Bacteroides_coprocola	-0.00750330641282	0.00490173640425	0.0170976417539	-0.0310322572954	0.0193187297585	-0.024536221644	-0.0193542621166	-0.0846473239887	0.01923581882	-0.0657408531436	-0.00916574731464	1.0	0.0321787118159	0.0277031769486	-0.0252843412706	-0.0212461082708	0.00823639189002	-0.00272108408153	-0.0614778947909	0.00968608116553	-0.0933436742401	-0.0344205304932	-0.0052554931689	-0.0217720000055	0.0108693390044	0.00812185318948	0.032033519056	-0.01409663609	-0.000467861997998	0.0441110834288	0.035620948875	0.0664377886558	-0.00656587340443	-0.0148701457896	0.00351598377921	-0.0250547221666	-0.000565186271143	-0.0207858563685	-0.0180245428336	-0.0719553477352	0.0230071211139	-0.0206442823153	0.0298795381739	0.018915925461	0.0429891911882	0.00506200140149	-0.0531906881218	-0.0403203452819	0.0518145872772	-0.0235903093287	-0.0108195502623	0.0432400395403	0.0453972561894	-0.00639605890922	0.0199421218867	0.013497303914	0.0909764916555	-0.0565486073157	0.0516525316654
k__Bacteria;p__Bacteroidetes;c__Bacteroidia;o__Bacteroidales;f__Bacteroidaceae;g__Bacteroides;s__Bacteroides_cellulosilyticus	-0.00339903043363	0.0293311336186	-0.00188424086334	-0.0226232076581	-0.00355926922167	0.0299222704927	0.0130293070162	-0.0274440016392	0.0320660264817	-0.0311736525897	0.0578353000746	0.0321787118159	1.0	-0.0643910233683	-0.0503816255809	-0.0522836403668	0.0454935791828	0.00735117778686	-0.0124014837049	-0.0178557121428	-0.0145571127351	-0.00671731239196	-0.0168649392533	0.0514010409438	0.0189047198516	0.00469660667116	0.0197033986132	0.0453025381351	-0.0141735221928	-0.00558171279	-0.0395809394314	0.0610498059907	-0.0203244546058	-0.0436025154924	-0.0339956412792	-0.063981821161	0.00270667759048	-0.0478545932016	0.00169184406121	0.00508156029418	-0.00625153373327	-0.00705736695946	0.0302659774207	-0.0159011994032	-0.05431883359	-0.0150005981339	-0.0229044657594	0.0159473293969	0.0488600441877	-0.00920495705186	-0.0090236550363	0.0270420039248	0.0133263746508	0.0101538667215	-0.00988798841153	-0.0852254426102	-0.00533630561097	-0.0519046510167	-0.0469244820729
k__Bacteria;p__Bacteroidetes;c__Bacteroidia;o__Bacteroidales;f__Rikenellaceae;g__Alistipes;s__Alistipes_obesi	0.0786555668933	-0.0072702968275	-0.00847836493124	-0.0258348655174	0.0247503314437	-0.0810988514969	0.0550741972786	0.0232397690813	-0.0511206730475	0.0198414103266	-0.00268593252645	0.0277031769486	-0.0643910233683	1.0	-0.00529346283843	-0.0209735394606	0.0255371026098	-0.00368294651389	-0.0352647860569	-0.117983081683	0.0226028202869	-0.0285838413453	0.0202156764985	-0.0352457694927	-0.00670755594332	0.0241752690833	-0.0269042626079	-0.0436863306431	-0.0126235822853	-0.00669257547567	-0.00477615350004	0.0180039832488	-0.00141399438848	0.000939892566379	0.0384087845717	0.00963605460431	-0.0559918950108	-0.00472458581098	-0.0248768021653	-0.0383961050847	-0.033741164549	0.00788434416706	0.00597160137314	-0.0236965605198	0.00324263908723	0.0161768819726	-0.0605461443429	0.025465028514	-0.0177320264761	0.0345225823418	-0.018003235654	-0.0202426427472	0.0131907820026	-0.032395555936	-0.000234155781081	0.0483268212163	-0.00214755473011	0.014832299953	-0.0463430752382
k__Bacteria;p__Firmicutes;c__Clostridia;o__Clostridiales;f__Lachnospiraceae;g__;s__[Eubacterium]_rectale	-0.118750343246	-0.0512374311875	-0.0419779802884	0.0219691576091	-0.0147602247968	0.0322277432056	-0.0258045383892	0.0474233537503	-0.0575353376238	-0.0567149114436	-0.0370756933711	-0.0252843412706	-0.0503816255809	-0.00529346283843	1.0	0.0163966082912	0.0764607599494	0.0614347708859	-0.019804833097	-0.0454317234138	0.019718591982	0.0186417908612	0.032000490061	-0.0168012522892	-0.00823953515744	0.0176071036988	-0.0121711045537	-0.0530806836376	-0.0664180364853	0.0269387264978	0.0409666865852	-0.0381952924043	-0.00186240547634	0.0180701962703	0.0145607663444	-0.0227825696315	-0.0183027262293	0.00374489253706	-0.0150872606344	-0.0341985973132	-0.0235908756292	0.03364839087	-0.00120513721236	-0.0189740953804	0.0491804936886	-0.0108736181665	0.033714902767	-0.0141308140898	-0.0253612064645	0.0279534865167	0.000816643441425	-0.0148706120256	0.042332107571	-0.0195032221749	-0.00451728950864	0.000954548559305	0.00740564249291	-0.0151329042531	-0.0219732063489
k__Bacteria;p__Bacteroidetes;c__Bacteroidia;o__Bacteroidales;f__Bacteroidaceae;g__Bacteroides;s__Bacteroides_plebeius	0.00690765490866	-0.0182406018755	0.0038087278957	0.0225291601654	0.0364516219263	-0.0305336896253	-0.00741358003511	-0.049109801127	-0.00535684878205	0.017549814842	-0.033147336607	-0.0212461082708	-0.0522836403668	-0.0209735394606	0.0163966082912	1.0	-0.062361584889	-0.0730841930375	0.01018702503	-0.0457523627922	-0.0188798400859	-0.00559014780025	0.0114297557145	-0.0324631399039	-0.0345494198422	-0.0329290933097	-0.0248449702648	0.0293742537678	0.0207536000337	0.00259470009195	0.0802363083945	0.00809273766044	0.0494061413241	-0.0524237490052	-0.0187743870102	0.00520793008688	0.0358518921596	-0.00826722926665	0.00171550797322	-0.025438357231	0.0492346121888	-0.0403906943783	-0.0511483438185	0.0731276759627	0.00493084395845	0.056143741529	-0.0179840393262	0.0101359510923	-0.00186244957886	-0.0521047800976	-0.000445177791203	-0.0208687432624	0.0505249005384	0.03985414557	-0.0173609025374	-0.0375467525112	0.0502171550754	0.0502647938694	-0.0456474789519
k__Bacteria;p__Bacteroidetes;c__Bacteroidia;o__Bacteroidales;f__Bacteroidaceae;g__Bacteroides;s__Bacteroides_fragilis	0.0368908423247	-0.0328404883876	0.0130107431175	-0.0531387413799	0.0698764365405	-0.0085391360083	-0.0300553851786	-0.026739496867	0.0629718628571	-0.00955799700525	-0.0121398531393	0.00823639189002	0.0454935791828	0.0255371026098	0.0764607599494	-0.062361584889	1.0	-0.0393236503264	-0.0619110098847	0.00314144132588	0.0464057836916	-0.0408866648228	0.0103628535219	-0.0358410112189	-0.0409219289718	-0.00386897207336	0.0459066230881	-0.0503259858847	-0.0396313365358	0.0259077952898	-0.0207951156263	-0.0287490683149	-0.030575131511	-0.0497747792188	0.0380773459865	-0.0117280602078	-0.0259627194587	0.0060626814476	-0.0626221775773	0.00826157330298	-0.000650685547873	-0.0372843944924	0.0560537628553	-0.0246759076775	-0.0702507720077	-0.0205503756617	0.0417968622963	-0.013668463435	0.0244373124895	-0.00375407530879	-0.00918338649995	-0.0189643210397	0.0433609537719	-0.0103681988842	-0.0114058302779	0.00214816852553	0.0118586916732	0.0270061118865	0.0160481691595
k__Bacteria;p__Proteobacteria;c__Betaproteobacteria;o__Burkholderiales;f__Sutterellaceae;g__Sutterella;s__Sutterella_wadsworthensis	-0.0542642734029	-0.0143628755445	0.0352640027727	0.0160101230379	-0.085398738913	0.0199096303734	0.0572840448903	-0.00736519049447	-0.0404902900347	-0.0191377787964	-0.0629819231355	-0.00272108408153	0.00735117778686	-0.00368294651389	0.0614347708859	-0.0730841930375	-0.0393236503264	1.0	-0.0253609080055	0.0150125217954	0.00405460679541	0.000228346363716	-0.0188417087062	-0.03975393469	0.0310362207229	-0.0310343562491	0.0133793260324	-0.0329375743116	-0.0539908895268	-0.00691838985637	0.00854562415253	-0.0183007094874	0.0273440383009	0.0592560423932	-0.0405657313616	0.00995893068566	-0.0116612086166	0.0638640341535	0.031562523613	-0.00983603370777	0.00510401657433	0.0278151879037	0.075574985341	-0.0386609682801	-0.00434301392465	-0.0503936155696	-0.0482618947629	-0.0247293417075	-0.0298918460602	-0.0227164299633	-0.00208492356797	-0.0043376378004	-0.0308605223752	-0.0117372902006	-0.0498693846419	0.0540196135662	0.00917787310425	-0.0320497006141	-0.0759343901484
k__Bacteria;p__Bacteroidetes;c__Bacteroidia;o__Bacteroidales;f__Porphyromonadaceae;g__Barnesiella;s__Barnesiella_intestinihominis	-0.0358759623828	-0.0451448494172	0.0325373165356	-0.0248913730724	-0.00447905108849	0.00273069887625	0.0233276985831	0.022207457542	-0.0152039325898	0.0286527217083	-0.0054913528013	-0.0614778947909	-0.0124014837049	-0.0352647860569	-0.019804833097	0.01018702503	-0.0619110098847	-0.0253609080055	1.0	-0.0242016789513	-0.0425479596918	-0.0410580297402	-0.0529358965347	0.0264823075911	-0.0760376897927	-0.0124058535691	-0.0226774106745	0.00389816868822	0.0190004515865	-0.0116504442807	-0.0791914719331	-0.0226322126311	-0.0187853645797	-0.0136688423565	0.03539172723	-0.0530022028325	-0.0148878396875	0.00286701931847	-0.00098520608614	0.0432278238437	0.00526746015866	0.00182888099238	-0.00925667264961	-0.0198291889863	-0.00132207892972	-0.0250210281532	-0.00949975892349	-0.00090657360324	0.0331788336928	0.0644904548874	0.0167612834315	0.0275800103685	-0.0321312440434	0.0421777372303	0.0278436552959	0.039627846269	-0.0133991691461	-0.0185795725598	-0.039389032591
k__Bacteria;p__Bacteroidetes;c__Bacteroidia;o__Bacteroidales;f__Odoribacteraceae;g__Odoribacter;s__Odoribacter_splanchnicus	0.00837031095632	0.00259487010096	-0.0113832710463	0.00683683302803	0.0269470303681	-0.0247308939632	0.0116400390382	0.0452594645776	0.0621552003595	-0.0203161709524	0.00292611293749	0.00968608116553	-0.0178557121428	-0.117983081683	-0.0454317234138	-0.0457523627922	0.00314144132588	0.0150125217954	-0.0242016789513	1.0	-0.0183545699351	-0.0880326942948	-0.0198732677421	-0.031139550428	0.00190613723515	0.0259481675206	-0.0143477899875	-0.028228853227	0.022752577752	0.0211903806113	-0.0658587427679	0.0458011011923	-0.0134024890136	-0.0602348153325	-0.00394448535781	-0.00752711011387	-0.019734046278	-0.04854321917	-0.015540304463	0.0605186990121	-0.0190396803427	-0.0425041185115	-0.0221679520996	-0.00352958674049	0.00269817923085	-0.0439044968499	0.00371334430247	0.0102088800274	-0.0129847244425	-0.0449936923629	0.0679582721555	-0.0237132050022	-0.0557263349111	0.0341991954227	-0.0539226277118	-0.00477629748165	0.0384922048768	0.00352975271016	-0.0121960911425
k__Bacteria;p__Bacteroidetes;c__Bacteroidia;o__Bacteroidales;f__Bacteroidaceae;g__Bacteroides;s__Bacteroides_salyersiae	0.0189181346326	-0.0325790653476	-0.0559250431178	0.00681685751212	0.00709684102592	-0.0248273290654	0.0417794467387	0.0137162508414	0.0297295612957	-0.0118527652283	-0.000152340677511	-0.0933436742401	-0.0145571127351	0.0226028202869	0.019718591982	-0.0188798400859	0.0464057836916	0.00405460679541	-0.0425479596918	-0.0183545699351	1.0	0.0162380729007	0.0269789115008	-0.0179908627601	-0.0439020177412	-0.0582149935635	0.0388102394562	-0.0350579778201	0.0717904949489	-0.0714444527281	0.028753626764	-0.0448528889473	-0.0497459399993	-0.00567822363675	-0.0265278794255	-0.0316955258856	-0.00597576299167	0.00161345883929	0.0315014851354	-0.029974545018	0.0251548070381	0.0534694949148	-0.0138969935833	-0.0442287943352	0.0209496675917	-0.00935959771883	0.0387197718802	-0.0587536187252	-0.0500965357761	-0.0381603117984	-0.0981123627842	-0.0187788411579	-0.0721023961728	0.0136167255013	-0.0494429055904	0.0432368863757	0.0295572427799	-0.0206919768686	0.0103825079346
k__Bacteria;p__Firmicutes;c__Clostridia;o__Clostridiales;f__Ruminococcaceae;g__Ruminiclostridium;s__[Eubacterium]_siraeum	-0.0402116519879	0.0581124090009	-0.0259961154449	0.0177434386541	-0.0040257359588	0.0453527246104	-0.0340397229679	0.00393911114381	0.0242653339787	0.0561533060902	-0.0297714240533	-0.0344205304932	-0.00671731239196	-0.0285838413453	0.0186417908612	-0.00559014780025	-0.0408866648228	0.000228346363716	-0.0410580297402	-0.0880326942948	0.0162380729007	1.0	-0.0271833642355	0.0661250109923	-0.0106147914767	-0.0117088681032	0.0191036220175	-0.0159420817535	-0.0169942230521	0.0205687103806	-0.00175960939755	0.0159361296708	-0.0449169159748	-0.00772468963637	-0.0267551299108	0.0480617618689	-0.0131377300969	-0.104493782985	0.0204568336205	-4.75529713018e-05	-0.0226941782658	0.0492162154467	0.00695561869346	0.0321473573216	0.0611214168299	0.029108974633	0.0611682770944	-0.0605209179867	-0.0175778950549	-0.108171557108	0.00736728706847	0.00574003058894	0.0248592232912	0.0757150472273	0.0445023565695	0.0121918519573	0.022923983255	-0.0848550287645	-0.0568990940133
k__Bacteria;p__Proteobacteria;c__Betaproteobacteria;o__Burkholderiales;f__Sutterellaceae;g__Parasutterella;s__Parasutterella_excrementihominis	0.0172442187078	-0.0308715073543	-0.0685111376292	-0.0787878770634	-4.86210714507e-05	0.00991192735013	0.00530472535488	-0.0875017945505	-0.0383944163021	-0.05298052637	-0.00614526412763	-0.0052554931689	-0.0168649392533	0.0202156764985	0.032000490061	0.0114297557145	0.0103628535219	-0.0188417087062	-0.0529358965347	-0.0198732677421	0.0269789115008	-0.0271833642355	1.0	-0.0351161932369	-0.0630743444233	-0.0522879294486	-0.0170880001556	-0.00818531629813	0.0283125613646	0.061367150464	-0.0204299805597	-0.00810146252293	-0.0306901697117	0.0712482557605	-0.0389325361114	-0.0519921595446	-0.0160259056858	-0.0484406197583	-0.0379452119104	0.00395379563129	0.0220305399822	0.0783101703278	0.00219819862701	0.0623573412381	-0.0572311887017	-0.0171931358326	-0.0343416881484	-0.0254649058848	0.017552859895	-0.0137873948045	-0.033665984529	-0.0238163044523	0.0509697389733	-0.0372345794069	-0.0172257520922	0.0261507925823	0.0442779512019	-0.0581933616637	0.0347366388293
k__Bacteria;p__Actinobacteria;c__Actinobacteria;o__Bifidobacteriales;f__Bifidobacteriaceae;g__Bifidobacterium;s__Bifidobacterium_adolescentis	0.0194293516542	-0.096234371583	0.0703539767819	0.0486759015938	0.0295253237236	0.00340879794929	-0.0170656008339	-0.0259953014698	-0.0231837486671	-0.0133863562958	-0.0415343311014	-0.0217720000055	0.0514010409438	-0.0352457694927	-0.0168012522892	-0.0324631399039	-0.0358410112189	-0.03975393469	0.0264823075911	-0.031139550428	-0.0179908627601	0.0661250109923	-0.0351161932369	1.0	-0.0347485014492	0.0513012262679	-0.0168135925083	0.0136893283253	0.0301640163311	0.0031093447652	0.0128536878596	0.00461034274534	-0.0095356747037	-0.0273870347386	-0.0310351217534	-0.0525278404819	-0.0410065961277	0.0231405043534	-0.0225033754175	-0.00733429486211	0.0850594980573	-0.00493464373142	0.053166434815	-0.0556549177273	0.0346548199293	-0.0239709493447	-0.0975596196674	-0.00969607894708	-0.0438367768697	-0.0181201680709	-0.0387815681375	-0.000712174555258	-0.0433601311738	-0.042495108831	-0.0307125607926	-0.0248551223733	-0.0223484042056	0.0706023929317	-0.0255428309748
k__Bacteria;p__Firmicutes;c__Clostridia;o__Clostridiales;f__Oscillospiraceae;g__Oscillibacter;s__Oscillibacter_sp._KLE_1745	0.00272581645523	0.0197091862831	0.000675210491945	-0.060074778703	0.00702035631936	-0.0221507613407	-0.0144784529415	-0.0317646929797	-0.0061912751074	-0.050154920705	0.0349819561114	0.0108693390044	0.0189047198516	-0.00670755594332	-0.00823953515744	-0.0345494198422	-0.0409219289718	0.0310362207229	-0.0760376897927	0.00190613723515	-0.0439020177412	-0.0106147914767	-0.0630743444233	-0.0347485014492	1.0	-0.0224341290603	-0.0136263593431	0.0553145193848	-0.0383449339887	-0.0402724392702	0.00784638694835	0.0106388781713	0.0387483410742	0.048783871814	0.034558324829	0.0279461446154	-0.0448504055217	0.0416629196019	0.0882830236361	0.0103689557643	0.00956800209428	-0.00119332001117	-0.0290292618937	-0.0310948921898	-0.0153094787398	-0.029990963053	-0.013743427984	-0.0149118470186	0.0120455439969	0.0162951664988	-0.019968089357	0.0426295258979	0.0153169124111	0.00337300079541	0.00935630635331	-0.0434872482812	0.0358926866449	-0.00490311651146	-0.036576753255
k__Bacteria;p__Bacteroidetes;c__Bacteroidia;o__Bacteroidales;f__Bacteroidaceae;g__Bacteroides;s__Bacteroides_coprophilus	0.0019929237252	-0.0324828409326	-0.0204026449895	0.0351918185377	-0.0153052615516	-0.0116698286865	-0.021244055185	-0.0204611182161	0.00115592814004	0.015422277697	-0.0299034209918	0.00812185318948	0.00469660667116	0.0241752690833	0.0176071036988	-0.0329290933097	-0.00386897207336	-0.0310343562491	-0.0124058535691	0.0259481675206	-0.0582149935635	-0.0117088681032	-0.0522879294486	0.0513012262679	-0.0224341290603	1.0	-0.0277758030992	0.00209931831271	0.0298117323362	-0.018702784429	-0.0129804570342	-0.0512447260181	-0.00520499824218	-0.00269242888964	-0.0185371258427	-0.0282677140185	-0.0124312105498	-0.00342727496161	0.00341111183751	-0.0762870947659	0.0569226432975	-0.0673297376583	-0.0248823049307	0.077051980655	-0.065792366858	-0.0697182495602	0.0365332590976	-0.03398015716	-0.016845291521	0.0169666550348	0.0354152621339	0.0342209730024	0.041776993668	-0.0052277542381	-0.0254412118143	-0.0291973688359	-0.0249154008156	-0.0496896416198	0.035316418342
k__Bacteria;p__Firmicutes;c__Clostridia;o__Clostridiales;f__Lachnospiraceae;g__Roseburia;s__Roseburia_intestinalis	-0.0207008497223	0.0139817132836	-0.0543891490596	-0.0398698335201	0.0280276107232	0.0378630044521	0.0223182029613	0.0225786009124	0.0364473502419	-0.0204532868925	-0.0222445666074	0.032033519056	0.0197033986132	-0.0269042626079	-0.0121711045537	-0.0248449702648	0.0459066230881	0.0133793260324	-0.0226774106745	-0.0143477899875	0.0388102394562	0.0191036220175	-0.0170880001556	-0.0168135925083	-0.0136263593431	-0.0277758030992	1.0	-0.00940048556867	-0.00305631460163	0.022865750891	-0.0295141302047	0.0331997121569	0.0770867058832	-0.0461068604427	-0.0387791022677	-0.051598388759	0.00840076869882	-0.028941032051	0.0781887746553	0.012423937426	-0.0527825674474	-0.0259235994785	0.0205561959746	0.0429839923847	0.00375825752285	0.00985031919899	0.00309467564114	-0.0114847867117	0.0133266645935	-0.0620501770074	0.0237904272726	-0.0168707916395	-0.0155564802313	-0.0929548955252	0.0260728601852	0.0415358392263	-0.0473102142717	-0.00762403554119	0.00278320175126
k__Bacteria;p__Firmicutes;c__Clostridia;o__Clostridiales;f__Lachnospiraceae;g__Roseburia;s__Roseburia_hominis	-0.0223976384916	-0.00735972896308	-0.0025684375047	0.0488334667332	-0.0270854674773	-0.0274238315921	0.0022064867837	-0.00141227544693	0.0183332126242	-0.0398974743006	0.0204164000891	-0.01409663609	0.0453025381351	-0.0436863306431	-0.0530806836376	0.0293742537678	-0.0503259858847	-0.0329375743116	0.00389816868822	-0.028228853227	-0.0350579778201	-0.0159420817535	-0.00818531629813	0.0136893283253	0.0553145193848	0.00209931831271	-0.00940048556867	1.0	-0.0509145922097	0.015451875787	-0.072012563592	0.0321079560113	0.0211700489824	0.0146591982654	-0.0407671829294	-0.0290585434978	-0.00985071846997	-0.0506048725618	-0.0205891486208	-0.0234740510392	-0.0374416655209	-0.0211861229666	-0.0454503926155	0.00720491679042	0.0226565482918	0.0485721980018	0.0244499977573	0.0390935787526	0.00335598965355	-0.0230059262242	0.032594790489	0.0478281034423	0.0737275185154	-0.0138133200532	-0.0068057322914	-0.0458056947724	-0.0459952878294	-0.0586510676436	-0.0513961449574
k__Bacteria;p__Bacteroidetes;c__Bacteroidia;o__Bacteroidales;f__Porphyromonadaceae;g__Parabacteroides;s__Parabacteroides_johnsonii	0.0485916299401	-0.042785022514	-0.00020715532986	0.0399415953747	-0.0616457985357	-0.0219231635594	0.00372701471222	-0.00752160166218	0.00465671707077	0.0303372178611	-0.0282470071082	-0.000467861997998	-0.0141735221928	-0.0126235822853	-0.0664180364853	0.0207536000337	-0.0396313365358	-0.0539908895268	0.0190004515865	0.022752577752	0.0717904949489	-0.0169942230521	0.0283125613646	0.0301640163311	-0.0383449339887	0.0298117323362	-0.00305631460163	-0.0509145922097	1.0	-0.0214497929276	-0.0234257996194	-0.0359367758365	-0.0664926993138	-0.0126275326391	-0.00171740417424	0.0177649400744	0.0363446692768	0.0113914130711	-0.0490939945411	-0.0950583570868	-0.0452290847188	0.0931338896968	-0.0439569181656	0.0757529886124	0.00397339755321	0.0252233862771	0.00924423803174	0.0182547372259	0.0532726168043	-0.00962235935038	-0.0637720922968	-0.0133980912233	-0.0562186677732	-0.0810456865366	0.0142330747142	0.0120699592571	-0.0182533947833	-0.0200960583191	-0.0105549458077
k__Bacteria;p__Actinobacteria;c__Actinobacteria;o__Bifidobacteriales;f__Bifidobacteriaceae;g__Bifidobacterium;s__Bifidobacterium_longum	-0.0348841009198	0.00345010186916	-0.0458855927446	0.00937025366883	-0.0563978004332	-0.0238845547001	-0.0273885770568	0.0621712021394	0.0325938440168	0.0184246896841	0.0307702784164	0.0441110834288	-0.00558171279	-0.00669257547567	0.0269387264978	0.00259470009195	0.0259077952898	-0.00691838985637	-0.0116504442807	0.0211903806113	-0.0714444527281	0.0205687103806	0.061367150464	0.0031093447652	-0.0402724392702	-0.018702784429	0.022865750891	0.015451875787	-0.0214497929276	1.0	-0.0480441969307	0.0073914081161	-0.000255389751072	-0.0341704874861	-0.0140345759441	0.012597763548	0.0131916424257	0.0010935366796	-0.0579393810408	-0.0105971153394	0.00604672141145	-0.0500017696577	0.0754448948487	0.0380422730422	-0.00666893943892	-0.02933152828	-0.00125887069203	0.00657436741452	0.0144064373214	-0.0373149810795	0.00997955860343	0.0257682570312	-0.0544950192666	-0.0568933634129	-0.0136861324799	-0.0190683617329	0.0240382542649	-0.0753696344722	0.0412044780672
