#taxonomy	k__Bacteria;p__Bacteroidetes;c__Bacteroidia;o__Bacteroidales;f__Bacteroidaceae;g__Bacteroides;s__Bacteroides_vulgatus	k__Bacteria;p__Bacteroidetes;c__Bacteroidia;o__Bacteroidales;f__Bacteroidaceae;g__Bacteroides;s__Bacteroides_uniformis	k__Bacteria;p__Bacteroidetes;c__Bacteroidia;o__Bacteroidales;f__Rikenellaceae;g__Alistipes;s__Alistipes_putredinis	k__Bacteria;p__Bacteroidetes;c__Bacteroidia;o__Bacteroidales;f__Prevotellaceae;g__Prevotella;s__Prevotella_copri	k__Bacteria;p__Bacteroidetes;c__Bacteroidia;o__Bacteroidales;f__Bacteroidaceae;g__Bacteroides;s__Bacteroides_stercoris	k__Bacteria;p__Bacteroidetes;c__Bacteroidia;o__Bacteroidales;f__Bacteroidaceae;g__Bacteroides;s__Bacteroides_ovatus	k__Bacteria;p__Bacteroidetes;c__Bacteroidia;o__Bacteroidales;f__Rikenellaceae;g__Alistipes;s__Alistipes_shahii	k__Bacteria;p__Firmicutes;c__Clostridia;o__Clostridiales;f__Ruminococcaceae;g__Faecalibacterium;s__Faecalibacterium_prausnitzii	k__Bacteria;p__Bacteroidetes;c__Bacteroidia;o__Bacteroidales;f__Rikenellaceae;g__Alistipes;s__Alistipes_finegoldii	k__Bacteria;p__Bacteroidetes;c__Bacteroidia;o__Bacteroidales;f__Porphyromonadaceae;g__Parabacteroides;s__Parabacteroides_distasonis	k__Bacteria;p__Bacteroidetes;c__Bacteroidia;o__Bacteroidales;f__Bacteroidaceae;g__Bacteroides;s__Bacteroides_thetaiotaomicron	k__Bacteria;p__Bacteroidetes;c__Bacteroidia;o__Bacteroidales;f__Bacteroidaceae;g__Bacteroides;s__Bacteroides_coprocola	k__Bacteria;p__Bacteroidetes;c__Bacteroidia;o__Bacteroidales;f__Bacteroidaceae;g__Bacteroides;s__Bacteroides_cellulosilyticus	k__Bacteria;p__Bacteroidetes;c__Bacteroidia;o__Bacteroidales;f__Rikenellaceae;g__Alistipes;s__Alistipes_obesi	k__Bacteria;p__Firmicutes;c__Clostridia;o__Clostridiales;f__Lachnospiraceae;g__;s__[Eubacterium]_rectale	k__Bacteria;p__Bacteroidetes;c__Bacteroidia;o__Bacteroidales;f__Bacteroidaceae;g__Bacteroides;s__Bacteroides_plebeius	k__Bacteria;p__Bacteroidetes;c__Bacteroidia;o__Bacteroidales;f__Bacteroidaceae;g__Bacteroides;s__Bacteroides_fragilis	k__Bacteria;p__Proteobacteria;c__Betaproteobacteria;o__Burkholderiales;f__Sutterellaceae;g__Sutterella;s__Sutterella_wadsworthensis	k__Bacteria;p__Bacteroidetes;c__Bacteroidia;o__Bacteroidales;f__Porphyromonadaceae;g__Barnesiella;s__Barnesiella_intestinihominis	k__Bacteria;p__Bacteroidetes;c__Bacteroidia;o__Bacteroidales;f__Odoribacteraceae;g__Odoribacter;s__Odoribacter_splanchnicus	k__Bacteria;p__Bacteroidetes;c__Bacteroidia;o__Bacteroidales;f__Bacteroidaceae;g__Bacteroides;s__Bacteroides_salyersiae	k__Bacteria;p__Firmicutes;c__Clostridia;o__Clostridiales;f__Ruminococcaceae;g__Ruminiclostridium;s__[Eubacterium]_siraeum	k__Bacteria;p__Proteobacteria;c__Betaproteobacteria;o__Burkholderiales;f__Sutterellaceae;g__Parasutterella;s__Parasutterella_excrementihominis	k__Bacteria;p__Actinobacteria;c__Actinobacteria;o__Bifidobacteriales;f__Bifidobacteriaceae;g__Bifidobacterium;s__Bifidobacterium_adolescentis	k__Bacteria;p__Firmicutes;c__Clostridia;o__Clostridiales;f__Oscillospiraceae;g__Oscillibacter;s__Oscillibacter_sp._KLE_1745	k__Bacteria;p__Bacteroidetes;c__Bacteroidia;o__Bacteroidales;f__Bacteroidaceae;g__Bacteroides;s__Bacteroides_coprophilus	k__Bacteria;p__Firmicutes;c__Clostridia;o__Clostridiales;f__Lachnospiraceae;g__Roseburia;s__Roseburia_intestinalis	k__Bacteria;p__Firmicutes;c__Clostridia;o__Clostridiales;f__Lachnospiraceae;g__Roseburia;s__Roseburia_hominis	k__Bacteria;p__Bacteroidetes;c__Bacteroidia;o__Bacteroidales;f__Porphyromonadaceae;g__Parabacteroides;s__Parabacteroides_johnsonii	k__Bacteria;p__Actinobacteria;c__Actinobacteria;o__Bifidobacteriales;f__Bifidobacteriaceae;g__Bifidobacterium;s__Bifidobacterium_longum	k__Bacteria;p__Firmicutes;c__Clostridia;o__Clostridiales;f__;g__Flavonifractor;s__Flavonifractor_plautii	k__Bacteria;p__Firmicutes;c__Clostridia;o__Clostridiales;f__Clostridiaceae;g__Clostridium;s__Clostridium_phoceensis	k__Bacteria;p__Verrucomicrobia;c__Verrucomicrobiae;o__Verrucomicrobiales;f__Akkermansiaceae;g__Akkermansia;s__Akkermansia_muciniphila	k__Bacteria;p__Bacteroidetes;c__Bacteroidia;o__Bacteroidales;f__Prevotellaceae;g__Paraprevotella;s__Paraprevotella_xylaniphila	k__Bacteria;p__Firmicutes;c__Clostridia;o__Clostridiales;f__Ruminococcaceae;g__Ruminococcus;s__Ruminococcus_callidus	k__Bacteria;p__Bacteroidetes;c__Bacteroidia;o__Bacteroidales;f__Rikenellaceae;g__Alistipes;s__Alistipes_senegalensis	k__Bacteria;p__Firmicutes;c__Clostridia;o__Clostridiales;f__Lachnospiraceae;g__Blautia;s__Blautia_sp._KLE_1732	k__Bacteria;p__Bacteroidetes;c__Bacteroidia;o__Bacteroidales;f__Bacteroidaceae;g__Bacteroides;s__Bacteroides_oleiciplenus	k__Bacteria;p__Firmicutes;c__Clostridia;o__Clostridiales;f__Ruminococcaceae;g__Ruminococcus;s__Ruminococcus_bicirculans	k__Bacteria;p__Bacteroidetes;c__Bacteroidia;o__Bacteroidales;f__Bacteroidaceae;g__Bacteroides;s__Bacteroides_fluxus	k__Bacteria;p__Bacteroidetes;c__Bacteroidia;o__Bacteroidales;f__Prevotellaceae;g__Prevotella;s__Prevotella_stercorea	k__Bacteria;p__Firmicutes;c__Clostridia;o__Clostridiales;f__Lachnospiraceae;g__Dorea;s__Dorea_longicatena	k__Bacteria;p__Firmicutes;c__Clostridia;o__Clostridiales;f__Eubacteriaceae;g__Eubacterium;s__[Eubacterium]_eligens	k__Bacteria;p__Firmicutes;c__Clostridia;o__Clostridiales;f__Ruminococcaceae;g__;s__Ruminococcaceae_bacterium_D16	k__Bacteria;p__Firmicutes;c__Clostridia;o__Clostridiales;f__Lachnospiraceae;g__Coprococcus;s__Coprococcus_comes	k__Bacteria;p__Proteobacteria;c__Gammaproteobacteria;o__Enterobacterales;f__Enterobacteriaceae;g__Escherichia;s__Escherichia_coli	k__Bacteria;p__Firmicutes;c__Clostridia;o__Clostridiales;f__Ruminococcaceae;g__Anaerotruncus;s__Anaerotruncus_colihominis	k__Bacteria;p__Firmicutes;c__Clostridia;o__Clostridiales;f__Lachnospiraceae;g__Blautia;s__Blautia_obeum	k__Bacteria;p__Bacteroidetes;c__Bacteroidia;o__Bacteroidales;f__Odoribacteraceae;g__Odoribacter;s__Odoribacter_laneus	k__Bacteria;p__Firmicutes;c__Clostridia;o__Clostridiales;f__Ruminococcaceae;g__Ruminiclostridium;s__[Clostridium]_leptum	k__Bacteria;p__Bacteroidetes;c__Bacteroidia;o__Bacteroidales;f__Porphyromonadaceae;g__Parabacteroides;s__Parabacteroides_goldsteinii	k__Bacteria;p__Firmicutes;c__Clostridia;o__Clostridiales;f__Lachnospiraceae;g__Anaerostipes;s__Anaerostipes_hadrus	k__Bacteria;p__Firmicutes;c__Clostridia;o__Clostridiales;f__Ruminococcaceae;g__Ruminococcus;s__Ruminococcus_lactaris	k__Bacteria;p__Firmicutes;c__Clostridia;o__Clostridiales;f__Clostridiaceae;g__Clostridium;s__Clostridium_sp._L2-50	k__Bacteria;p__Firmicutes;c__Clostridia;o__Clostridiales;f__Clostridiaceae;g__Clostridium;s__Clostridium_sp._M62/1	k__Bacteria;p__Firmicutes;c__Clostridia;o__Clostridiales;f__;g__Intestinimonas;s__Intestinimonas_butyriciproducens	k__Bacteria;p__Actinobacteria;c__Actinobacteria;o__Bifidobacteriales;f__Bifidobacteriaceae;g__Bifidobacterium;s__Bifidobacterium_bifidum	k__Bacteria;p__Firmicutes;c__Negativicutes;o__Veillonellales;f__Veillonellaceae;g__Dialister;s__Dialister_invisus	k__Bacteria;p__Bacteroidetes;c__Bacteroidia;o__Bacteroidales;f__Bacteroidaceae;g__Bacteroides;s__Bacteroides_salanitronis
k__Bacteria;p__Bacteroidetes;c__Bacteroidia;o__Bacteroidales;f__Bacteroidaceae;g__Bacteroides;s__Bacteroides_vulgatus	1.0	0.00806193422684	0.0279340409064	-0.0312622769206	-0.0285976817193	-0.034914278515	0.00412209580016	-0.0227964654765	0.0327014523189	-0.00113703699165	0.029452181558	0.0356975516576	-0.010146555301	0.0353697508699	-0.066921369889	-0.0348444719556	-0.0480706939212	-0.062661324686	0.00911662605452	-0.0549062729525	-0.000592223274232	-0.0254982205289	-0.0242725181051	-0.00566475929338	0.0490897736046	-0.00881380379234	0.0277139344069	-0.00150267348171	0.00237552537298	0.0091419650715	0.0226907525245	-0.0598395550372	-0.0293512411146	-0.00494459066722	0.0269017013791	0.0113714443828	-0.010670589696	-0.0420305806267	-0.0365545933242	-0.0578688646387	0.00517303267859	-0.04261757731	-0.00605642098475	-0.0107188125429	0.0232095429085	-0.00667493845144	-0.000857082578627	-0.0770636085941	-0.0104403402627	0.0697752495368	-0.00373548867287	-0.00241143146989	0.0524670651999	-0.00287086121334	-0.000310813968368	-0.0192392769219	-0.0314888758048	-0.030591631666	0.0444108350519
k__Bacteria;p__Bacteroidetes;c__Bacteroidia;o__Bacteroidales;f__Bacteroidaceae;g__Bacteroides;s__Bacteroides_uniformis	0.00806193422684	1.0	0.00804675072476	-0.0130323152624	-0.0101237858975	-0.0400899733553	0.0390094810123	-0.00441307062891	0.0150585999543	-0.0104527781871	0.0226271423492	-0.0391249344626	0.0359334321182	0.0049025323357	0.0407578375838	-0.0153608970728	-0.00153601316728	-0.00310957211275	-0.0248307076962	-0.0453808840894	0.0310294315357	0.0321615764675	-0.0128761171375	0.00667351866128	-0.0558887924666	-0.0427450241419	-0.0336199229681	0.00730807064922	-0.0213318955447	-0.0308470645781	0.00466985851033	-0.019813441065	-0.061255687411	0.0172637668731	0.0613677546213	0.0282962963888	-0.000727512457303	-0.022500924017	0.046649172369	-0.0400477843083	0.00817693230039	0.0522322790623	0.0193191927621	0.0232427715747	-0.0663367559264	-0.021145780502	0.00751732875119	-0.0741904564136	0.0501475173353	0.0355347067869	-0.0266639240848	0.04127422684	0.028287431762	0.00298948793469	-0.0167394753107	-0.0463098800404	-0.0060414442086	0.0204353268425	0.0229052292422
k__Bacteria;p__Bacteroidetes;c__Bacteroidia;o__Bacteroidales;f__Rikenellaceae;g__Alistipes;s__Alistipes_putredinis	0.0279340409064	0.00804675072476	1.0	0.00249818375337	-0.063892952277	-0.030162045011	-0.0167383299844	-0.0262619214706	-0.0133655390719	-0.0687418634649	-0.0205954862454	0.0473157125672	-0.0106122591297	0.0688967518704	-0.0594099049835	-0.000102095728168	-0.00164617331881	0.00735834900995	-0.0485268384993	-0.0145211492029	-0.0548196135377	0.0104388707183	0.0350643518556	-0.0370742775412	0.00122511798796	-0.0125336056699	-0.0139342569931	0.0135687212654	-0.0123488718346	0.00366835359376	0.0118851411964	0.0338766392486	0.00273493389022	-0.0145140988889	0.00786368551232	0.0090727386941	0.0250983982489	0.00922202395757	0.0557306900077	0.0406238757333	0.00131475456791	-0.0426238876776	0.0399145837611	0.0109017948038	0.0482358844531	-0.0854096533864	-0.00243983184688	-0.0190083539855	0.0270117221964	-0.0668310492298	-0.0242683897337	-0.0543801559834	0.0194121845742	-0.0330402993784	0.0172906502418	-0.0342829985883	0.021203901091	-0.086151623884	0.00273904031635
k__Bacteria;p__Bacteroidetes;c__Bacteroidia;o__Bacteroidales;f__Prevotellaceae;g__Prevotella;s__Prevotella_copri	-0.0312622769206	-0.0130323152624	0.00249818375337	1.0	0.0222509570547	0.0424888185853	-0.0648553214239	-0.0314859905512	-0.00184505656153	-0.0133742775298	0.0508900545991	-0.0167581904863	-0.0239240453501	0.0171510297513	0.00662043251182	-0.0294311522091	-0.0344885968198	-0.00144618236194	-0.0531365270563	0.00265224539768	-0.105667491312	0.0423755247277	-0.0566341237043	0.0229428722963	-0.0167264223278	-0.0743303928803	-0.0543389417606	-0.0360136348168	-0.0322678858597	-0.0256047053788	-0.0109014705615	0.0358872259932	-0.0200326190623	-0.0136414744844	0.000777513904613	0.0366989541086	-0.0466119983772	0.0195710632095	0.0714490418233	0.0228428707209	-0.031980276762	0.00160251414091	0.0209658327817	-0.0236185035949	-0.0235795656513	-0.0121885672506	0.066253037478	0.0474968905334	0.00450164016224	0.0453508044405	-0.0250064263231	-0.0113641076546	0.0363922887542	0.0446465931275	0.000156814288963	0.0392287157775	0.051841090459	-0.0452051513002	0.0412027059069
k__Bacteria;p__Bacteroidetes;c__Bacteroidia;o__Bacteroidales;f__Bacteroidaceae;g__Bacteroides;s__Bacteroides_stercoris	-0.0285976817193	-0.0101237858975	-0.063892952277	0.0222509570547	1.0	-0.0247029630419	-0.0511919247816	0.0484495200426	0.0166366759023	0.00911438756359	0.00939673715978	-0.0275473025241	-0.0467662689365	0.00626577539408	-0.0385800500286	-0.0462615725566	0.00627744797089	-0.0454708207355	-0.0102618838394	-0.0269912716719	-0.000999699362227	0.0251657435492	-0.00641723018068	0.0277327439342	0.00445756119572	0.00530343725497	0.0324279784066	-0.061837759639	-0.064260313374	0.00728235534126	-0.0552297648869	-0.0042049783815	-0.0333288137322	-0.023583185557	-0.0220988168457	-0.0216501705241	-0.0315257027616	0.0455866943403	-0.00611920899796	-0.0536963509043	-0.0121906413405	-0.00742965597966	0.00555705949013	0.0234069488554	-0.0159851442672	0.0272134018115	-0.0341390002082	0.0477511409863	0.0231368180928	0.0141524288811	-0.064707032318	-0.0274494082404	0.0381852104283	-0.0290184064426	-0.0516372088786	0.00810328856247	-0.0663850932206	-0.019447860361	-0.0294427520965
k__Bacteria;p__Bacteroidetes;c__Bacteroidia;o__Bacteroidales;f__Bacteroidaceae;g__Bacteroides;s__Bacteroides_ovatus	-0.034914278515	-0.0400899733553	-0.030162045011	0.0424888185853	-0.0247029630419	1.0	-0.0131345532213	0.0458632294989	-0.0336075971904	-0.0104558502749	0.0615135229912	-0.0254263535353	-0.00792348021926	-0.0367383180279	-0.0118832680401	-0.00268499501982	-0.0189684380812	-0.0172736610847	-0.0544965086096	-0.00725036435511	-0.0023435237022	-0.0215697934046	-0.00150773948043	-0.0055163601472	0.0545237624476	0.0112233064298	0.00895775482054	-0.0280705416133	-0.0507658928932	-0.022383148755	0.00787263182824	-0.00437624292446	-0.0347964057499	-0.0295151457421	-0.0472003888063	0.0324296352276	0.00233364507599	-0.00889197786555	-0.00652121332863	0.00564538326267	-0.0499399399459	0.0124966903142	-0.0458342878608	-0.0470174543758	-0.0204758356614	-0.00668162301918	0.0446484716213	0.0362763951996	0.00274535974151	0.0553246588593	-0.0115881635102	0.0280908359251	-0.0137182523373	0.00412218666507	0.0399880472077	-0.0438523937538	-0.0135068910639	-0.0583544452453	-0.00569557435311
k__Bacteria;p__Bacteroidetes;c__Bacteroidia;o__Bacteroidales;f__Rikenellaceae;g__Alistipes;s__Alistipes_shahii	0.00412209580016	0.0390094810123	-0.0167383299844	-0.0648553214239	-0.0511919247816	-0.0131345532213	1.0	0.00171512091377	0.000199477092982	-0.00509202069182	-0.00137478064444	0.0573581558465	-0.0150571362196	-0.0466871446583	0.00411361524366	-0.0304608379044	0.0279340699599	-0.0576487069335	-0.0332738139165	0.0212415864924	0.00441074929236	-0.00932676844874	-0.00336883584931	-0.00964920616111	0.00460542706909	0.0535359894477	0.00339188977175	-0.0127849582113	0.0214425291521	-0.0105173772181	-0.0823875785322	0.0325643590522	0.0237686799852	0.011221431426	-0.056124030837	0.0148735751055	0.00674413054892	-0.0153625768174	0.0438694332383	-0.0497446515624	-0.0322888757132	0.013634501302	-0.00892758638467	0.0465399827775	-0.00546598078266	-0.0473391235293	0.0412282972639	-0.0329957961056	-0.00325957725396	-0.00244584173201	-0.0227862460328	0.0262397705121	-0.00303454553119	-0.00959413656844	0.0113334701755	-0.00776385200381	0.0146488197903	-0.0437030775105	0.0130724634806
k__Bacteria;p__Firmicutes;c__Clostridia;o__Clostridiales;f__Ruminococcaceae;g__Faecalibacterium;s__Faecalibacterium_prausnitzii	-0.0227964654765	-0.00441307062891	-0.0262619214706	-0.0314859905512	0.0484495200426	0.0458632294989	0.00171512091377	1.0	-0.0313755644734	-0.0478916209815	-0.0269487112661	0.0106090740147	0.036321427303	0.0335258696893	0.0164345228968	-0.0289994373212	-0.0399502480975	0.0156802832987	-0.0510012504714	0.0407992455382	-0.0455790169229	0.00693322093897	-0.000590573106192	0.0409996497128	-0.00525210149523	-0.0417639222449	0.0234701367885	-0.0411146379797	-0.0360013228834	0.070770002188	0.0130232017925	0.0155434545699	-0.00488693180854	-0.0250596047951	0.0408861660884	0.046495125646	-0.0175750768849	0.0235366947864	0.00500790188548	-0.0336604076377	-0.0352521084186	0.0260264535565	-0.0160184056528	-0.0134450960882	0.0125261971198	-0.0268769366883	-0.0152723152563	0.0354927058774	-0.00851762051724	-0.0244136123059	-0.0728071485866	-0.0399740211043	-0.0129191451247	-0.0488723550439	-0.0192785525078	-0.0529973882444	-0.0737669523849	0.0187671662012	0.00465837526501
k__Bacteria;p__Bacteroidetes;c__Bacteroidia;o__Bacteroidales;f__Rikenellaceae;g__Alistipes;s__Alistipes_finegoldii	0.0327014523189	0.0150585999543	-0.0133655390719	-0.00184505656153	0.0166366759023	-0.0336075971904	0.000199477092983	-0.0313755644734	1.0	0.0101376475253	-0.0647522385874	-0.0274583843164	0.0320515908558	-0.0279476948485	-0.0182889158193	-0.000451722375226	0.0604799084983	-0.0120944574824	-0.0225050884164	0.0349013883677	0.00618287289457	-0.000967143236744	0.0431927992892	-0.00742472114208	-0.0381403419198	-0.0817724498291	-0.0209376633359	-0.0490954758772	-0.0150245808045	-0.0500204420678	-0.0183061671687	-0.0262885423655	0.0417675048642	0.0104422021346	-0.0158161635648	0.0204269995925	0.000661875433991	0.0212563305053	0.0440979884434	0.0136473275896	-0.00239626070578	0.0123796750062	-0.00564182471609	-0.0513356952721	-0.0587471864491	0.0155923084087	-0.0077296629853	-3.00861439681e-05	0.0102484807274	-0.0373589073983	-0.052422366254	-0.0302261458269	-0.021171740288	0.0117828403226	0.0229384753241	0.00796717757578	0.00903846378984	0.0524282647277	0.0103423543014
k__Bacteria;p__Bacteroidetes;c__Bacteroidia;o__Bacteroidales;f__Porphyromonadaceae;g__Parabacteroides;s__Parabacteroides_distasonis	-0.00113703699165	-0.0104527781871	-0.0687418634649	-0.0133742775298	0.00911438756359	-0.0104558502749	-0.00509202069182	-0.0478916209815	0.0101376475253	1.0	-0.021890156773	0.0106964226939	0.0221220586753	0.00310501750585	-0.0201428125009	0.0382325725926	0.0441061872998	0.00813435673388	-0.0534736130659	-0.0246518718216	0.0755927895822	-0.0674428410814	0.0263713012449	-0.00405834505357	0.00992497555678	-0.0193267935376	-0.00424103348434	-0.0124769537279	0.0630443772721	0.00869547610095	0.0132812719541	0.0338314274235	0.0378306068707	-0.0084499074332	-0.00621228428362	-0.0548215475122	0.0539320350401	-0.00985680605587	0.0298056336472	0.0460799413635	0.0308063067192	-0.063959632501	0.00732171776253	-0.0619994782622	-0.071489638802	-0.0730918057162	-0.0170596313628	-0.0406412579748	-0.0353579283545	-0.0445279958542	0.0379383213697	-0.0195943389632	-0.0353672019871	-0.0205087920202	0.0152278235663	-0.049854053406	-0.0297225176011	0.047982705034	-0.00363598491499
k__Bacteria;p__Bacteroidetes;c__Bacteroidia;o__Bacteroidales;f__Bacteroidaceae;g__Bacteroides;s__Bacteroides_thetaiotaomicron	0.029452181558	0.0226271423492	-0.0205954862454	0.0508900545991	0.00939673715978	0.0615135229912	-0.00137478064444	-0.0269487112661	-0.0647522385874	-0.021890156773	1.0	-0.0150595688558	-0.0107515330969	-0.00743296588149	-0.0159519624897	-0.00974263182804	-0.00852432789773	-0.018284898161	0.0693504772695	-0.0658809149188	-0.0336373730764	-0.0197137337737	0.0376236994883	-0.0353642730602	-0.0012236866257	-0.0225388113299	0.0270113291443	0.0150311219061	-0.0208040800729	-0.100468187831	0.0175629261423	0.0242778231915	-0.0475314619456	0.0306875529385	-0.0162163003169	-0.0579420178722	-0.0520924743774	-0.0509969594939	0.0226414395893	-0.0523788590624	-0.0236425113239	-0.0319382741778	-0.0227148263073	0.0118484739379	-0.0116029578466	0.0426039622853	0.0454637600992	-0.0432349821426	-0.00850239699971	0.0261266781046	0.0280016441311	-0.0233365837569	-0.0526568272414	-0.0208349141832	-0.0647981409769	0.00633035895861	-0.048054798599	-0.00682614803774	-0.025690130209
k__Bacteria;p__Bacteroidetes;c__Bacteroidia;o__Bacteroidales;f__Bacteroidaceae;g__Bacteroides;s__Bacteroides_coprocola	0.0356975516576	-0.0391249344626	0.0473157125672	-0.0167581904863	-0.0275473025241	-0.0254263535353	0.0573581558465	0.0106090740147	-0.0274583843164	0.0106964226939	-0.0150595688558	1.0	0.045834830391	0.0284939847235	-0.0577453153525	0.012585005563	0.00932315992982	-0.032466025757	-0.0409555667491	-0.074565249919	0.0136528844518	0.0394045107295	0.0128465942563	-0.0530370681149	-0.0269275994357	-0.00800881744672	0.00669181406448	-0.0320662298247	0.0168886354699	-0.0404843399555	-0.00952636877916	0.0473273769902	0.0358449228584	-0.0344726882126	-0.059625198415	0.0236139902584	-0.0289439211649	-0.0684864176837	-0.0663640635342	-0.00239463301395	0.0380669488702	0.0292532715542	-0.00115775409296	0.0104413406169	-0.0322194525981	0.0434639215148	-0.035901660724	-0.0555350630444	0.00233445126226	0.0233217154228	0.0267685251976	-0.0273955246681	0.00670923170502	0.0140151746393	-0.0595075065769	-0.0234525996988	0.0199159024106	0.0343969444711	0.0291511303607
k__Bacteria;p__Bacteroidetes;c__Bacteroidia;o__Bacteroidales;f__Bacteroidaceae;g__Bacteroides;s__Bacteroides_cellulosilyticus	-0.010146555301	0.0359334321182	-0.0106122591297	-0.0239240453501	-0.0467662689365	-0.00792348021926	-0.0150571362196	0.036321427303	0.0320515908558	0.0221220586753	-0.0107515330969	0.045834830391	1.0	-0.0673355591084	-0.00476609077015	-0.0257110081296	0.0172822660484	-0.0445211741672	0.0231989762493	-0.0154325762521	-0.0509204922264	-0.038847361153	0.0056068410641	-0.0278559095039	-0.0215242980258	-0.00833315826909	-0.00790798709286	-0.0708644560025	-0.0603300277207	-0.0416062640141	-0.0267518638579	-0.0775202431054	-0.0105062004369	-0.0226873713668	0.0377856864497	-0.0108348182791	0.00767201145776	-0.0208853112287	0.0401799692373	-0.0287203034213	0.0387970986125	-0.0269145979485	0.0444412904814	0.0291127617397	0.0450997067733	-0.0511173688338	0.0308830520374	-0.00303775278171	0.0154994231805	-0.0588081053191	0.0250494858826	-0.0385642182447	0.0125548536671	0.00631831754099	-0.00716543492143	0.00628157914528	-0.0267353041426	-0.00970232073228	-0.0321831649389
k__Bacteria;p__Bacteroidetes;c__Bacteroidia;o__Bacteroidales;f__Rikenellaceae;g__Alistipes;s__Alistipes_obesi	0.0353697508699	0.0049025323357	0.0688967518704	0.0171510297513	0.00626577539408	-0.0367383180279	-0.0466871446583	0.0335258696893	-0.0279476948485	0.00310501750585	-0.00743296588149	0.0284939847235	-0.0673355591084	1.0	-0.021932776997	0.0109673986237	-0.0284665225039	0.0176224091622	0.0814082763994	0.0463604493181	0.0580013595755	0.0142012907928	-0.0307514888074	-0.0468666087293	-0.0151190536959	0.00207856970815	-0.0141955011405	0.000427540499042	0.00897513667016	0.0141493009116	0.00215443207523	0.0155103656029	-0.0600572058466	0.00125540307586	0.0315260961091	-0.0511589927336	0.0436735704412	0.0052833230986	-0.033172273395	-0.0296633514934	-0.0252076527693	0.0209194168795	-0.0179386404996	-0.0813062276472	-0.0139258589328	-0.0207985237564	0.0342492302898	0.0026800939743	0.0077962477016	-0.0530971046041	-0.00975319364664	-0.0201778772538	0.0250693176614	0.0152563203199	0.0452796001918	-0.0317720963834	-0.00618548769016	0.0113740842311	-0.0198715960794
k__Bacteria;p__Firmicutes;c__Clostridia;o__Clostridiales;f__Lachnospiraceae;g__;s__[Eubacterium]_rectale	-0.066921369889	0.0407578375838	-0.0594099049835	0.00662043251182	-0.0385800500286	-0.0118832680401	0.00411361524366	0.0164345228968	-0.0182889158193	-0.0201428125009	-0.0159519624897	-0.0577453153525	-0.00476609077015	-0.021932776997	1.0	0.0067171729115	0.0715546937929	-0.0219082982203	0.0917285459332	0.0355669156546	-0.0313979967798	-0.0126035765755	-0.0284913755787	-0.00567046941017	0.000624577164926	-0.0965491377625	0.0502392245603	-0.0206229535063	-0.0203147850225	0.0127345476771	0.00342870854174	-0.0374700210442	-0.0301355176731	-0.0174991284043	0.000585322287775	0.0186115382778	0.0299276542549	0.0834350540813	0.00992604203535	0.00538721411731	0.000119107125303	0.00325701820895	-0.0297317780642	-0.00406744519746	-0.0122348112584	0.0221076444931	-0.0146455416913	-0.0418209454318	-0.0686798102549	-0.0264892977143	-0.0245864098353	-0.0113322766053	0.00573633848883	0.015318131671	-0.0395306227182	0.00316338433965	-0.0345425048595	-0.0179700202061	0.0104658384456
k__Bacteria;p__Bacteroidetes;c__Bacteroidia;o__Bacteroidales;f__Bacteroidaceae;g__Bacteroides;s__Bacteroides_plebeius	-0.0348444719556	-0.0153608970728	-0.000102095728168	-0.0294311522091	-0.0462615725566	-0.00268499501982	-0.0304608379044	-0.0289994373212	-0.000451722375226	0.0382325725926	-0.00974263182804	0.012585005563	-0.0257110081296	0.0109673986237	0.0067171729115	1.0	-0.122616636774	0.00363597861347	0.0306529402634	-0.00522781717407	-0.0254422807829	0.0437796295106	-0.0143844497004	-0.0572449871226	0.0168586286213	-0.0177226290264	-0.077052123039	-0.0391845508449	0.0750572703704	0.0432043763761	-0.0120263503597	-0.0393074339495	0.00728361181951	-0.0451516854379	0.0154322025068	0.023843661845	0.0307017539939	-0.0280432937642	-0.0171593541632	-0.00905594800312	-0.0175628216559	0.00983078166624	-0.0604757581012	-0.029462695469	-0.0321035755483	0.013378193453	0.0214083023677	0.0324056757199	-0.0288018875899	-0.0314686043754	0.0300453953592	0.0050410677354	-0.04014199896	0.0279966683824	0.0638328638636	-0.0472560074324	-0.0282145716263	0.0686308517619	0.0119031141789
k__Bacteria;p__Bacteroidetes;c__Bacteroidia;o__Bacteroidales;f__Bacteroidaceae;g__Bacteroides;s__Bacteroides_fragilis	-0.0480706939212	-0.00153601316728	-0.00164617331881	-0.0344885968198	0.00627744797089	-0.0189684380812	0.0279340699599	-0.0399502480975	0.0604799084983	0.0441061872998	-0.00852432789773	0.00932315992982	0.0172822660484	-0.0284665225039	0.0715546937929	-0.122616636774	1.0	0.00776570388763	0.019827919608	-0.0347331660214	-0.0113837183722	-0.0109370417017	0.0439620412207	-0.0990222664202	0.0398684067717	0.0466603943829	0.0487635885286	-0.073481980049	0.00344190784538	0.0185809271498	-0.00214666472789	0.010799629252	0.0120604518656	0.00509727361581	-0.0237755399947	-0.0672828459528	-0.00741858867455	-0.0274756326306	-0.00504206146316	0.0328018328079	-0.00501646543087	0.0504002224358	0.0257873213079	-0.0220481526064	-0.0164701113367	-0.0351755068987	-0.030398656568	-0.0100066781916	-0.0309196410961	-0.0362366442264	-0.032913488686	0.0385921313523	-0.0123086769874	-0.0733509359461	-0.0259491044963	-0.0279900749701	0.0348950703744	-0.0768266853653	0.013036181603
k__Bacteria;p__Proteobacteria;c__Betaproteobacteria;o__Burkholderiales;f__Sutterellaceae;g__Sutterella;s__Sutterella_wadsworthensis	-0.062661324686	-0.00310957211275	0.00735834900995	-0.00144618236194	-0.0454708207355	-0.0172736610847	-0.0576487069335	0.0156802832987	-0.0120944574824	0.00813435673388	-0.018284898161	-0.032466025757	-0.0445211741672	0.0176224091622	-0.0219082982203	0.00363597861347	0.00776570388763	1.0	-0.0219943708468	0.00992258434859	0.0172432480251	0.0123148520063	0.0104735506447	-0.0297007071679	-0.0638243519658	-0.00989929346362	-0.0283468251416	0.0269893963078	0.0107327797762	-0.00177232858898	0.0220590089891	0.0193636899062	-0.00175662741201	0.0264616041341	0.0444260315563	-0.000429372457797	-0.0248663815656	0.00361247304378	0.0722461525837	-0.0280616312123	-0.00880363589469	-0.0309756816959	0.0150932189378	-0.0297666764402	-0.00149994195572	-0.0186789195365	-0.0409431161368	0.0554365129045	0.0122877224599	-0.0345560459739	0.00567665063835	-0.00563196421794	-0.00312959273689	-0.0164009107078	-0.0780165975298	-0.0489050751422	0.0188140130832	-0.0215450279562	-0.0097635997332
k__Bacteria;p__Bacteroidetes;c__Bacteroidia;o__Bacteroidales;f__Porphyromonadaceae;g__Barnesiella;s__Barnesiella_intestinihominis	0.00911662605452	-0.0248307076962	-0.0485268384993	-0.0531365270563	-0.0102618838394	-0.0544965086096	-0.0332738139165	-0.0510012504714	-0.0225050884164	-0.0534736130659	0.0693504772695	-0.0409555667491	0.0231989762493	0.0814082763994	0.0917285459332	0.0306529402634	0.019827919608	-0.0219943708468	1.0	-0.0608956590695	0.0167601861382	-0.0488719494902	-0.0197424607489	-0.0209973634003	0.0216852577027	0.0175439683909	-0.00289157419652	-0.0212079700861	-0.0281165713063	-0.0259292718664	-0.0215202694289	-0.0285174363436	-0.0148022776353	0.012511153877	0.0478017100743	-0.04458201192	-0.0431218644015	0.0277610425647	-0.0599145653769	0.00808807904145	0.0254039565824	0.032256768317	-0.0397884727643	-0.0182208835109	-0.00775797712867	0.00531569971919	-0.0485991813681	0.0398502964923	-0.0211895230915	-0.0344129222948	0.123212984356	-0.040222768208	0.026810227576	0.00165020582005	0.0114813618231	-0.0451617213438	0.0173387131192	-0.0827860186015	-0.0276727275346
k__Bacteria;p__Bacteroidetes;c__Bacteroidia;o__Bacteroidales;f__Odoribacteraceae;g__Odoribacter;s__Odoribacter_splanchnicus	-0.0549062729525	-0.0453808840894	-0.0145211492029	0.00265224539768	-0.0269912716719	-0.00725036435511	0.0212415864924	0.0407992455382	0.0349013883677	-0.0246518718216	-0.0658809149188	-0.074565249919	-0.0154325762521	0.0463604493181	0.0355669156546	-0.00522781717407	-0.0347331660214	0.00992258434859	-0.0608956590695	1.0	-0.00178352108136	0.0485780067354	-0.0165283473164	-0.0328746464023	0.0290319131912	-0.0363462286647	-0.0217889755645	-0.0814191282694	-0.00289096665538	0.00229754408307	0.0263782660006	0.0423066670679	-0.0120696017087	0.00549533071332	-0.0764012725426	-0.0348703470039	0.0148070643309	-0.0187593512271	-0.0690507516375	-0.00959132250658	0.065817743266	0.00969528045253	-0.0172052326572	0.020301265665	0.00672163773396	0.00418179196253	-0.00362156256911	0.0220918434592	0.0175833741698	-0.0305938509645	-0.0215159352053	0.000270943989474	0.00842259818028	-0.00054673789558	0.0509106625626	0.0106737848718	-9.94734653581e-06	0.0260059761271	0.0274358657942
k__Bacteria;p__Bacteroidetes;c__Bacteroidia;o__Bacteroidales;f__Bacteroidaceae;g__Bacteroides;s__Bacteroides_salyersiae	-0.000592223274232	0.0310294315357	-0.0548196135377	-0.105667491312	-0.000999699362227	-0.0023435237022	0.00441074929236	-0.0455790169229	0.00618287289457	0.0755927895822	-0.0336373730764	0.0136528844518	-0.0509204922264	0.0580013595755	-0.0313979967798	-0.0254422807829	-0.0113837183722	0.0172432480251	0.0167601861382	-0.00178352108136	1.0	-0.0189736656455	0.0409506078133	0.0288747090131	-0.0276599783814	0.0449660606412	-0.0247112107758	-0.0387923895557	0.0202892998156	-0.0372888694889	-0.0304809807903	0.0016549992243	-0.00199150777774	0.0031852013916	0.0886008292029	0.019272708947	-0.00964979847321	-0.040827735591	0.0322382663103	0.00600105987667	0.0011316895088	0.00465161408145	-0.0768367274506	-0.0445405399409	0.0292797809033	0.0302308743248	-0.0535664573029	-0.00301275539049	0.0106225368634	-0.00107484495697	0.00638031574283	-0.054070735906	0.0299976561574	0.0550661914157	-0.0311820676716	0.00436649446447	-0.000206587875402	-0.0103961920128	-0.0638203200061
k__Bacteria;p__Firmicutes;c__Clostridia;o__Clostridiales;f__Ruminococcaceae;g__Ruminiclostridium;s__[Eubacterium]_siraeum	-0.0254982205289	0.0321615764675	0.0104388707183	0.0423755247277	0.0251657435492	-0.0215697934046	-0.00932676844874	0.00693322093897	-0.000967143236744	-0.0674428410814	-0.0197137337737	0.0394045107295	-0.038847361153	0.0142012907928	-0.0126035765755	0.0437796295106	-0.0109370417017	0.0123148520063	-0.0488719494902	0.0485780067354	-0.0189736656455	1.0	-0.0267861454201	-0.0285877900644	-0.0060669697288	-0.0609502508108	-0.0260650938585	0.0179404434443	-0.056308450933	-0.0176799573975	-0.00334272144817	0.00350587879363	0.0271033218126	-0.0384770061644	-0.037143547906	-0.0456806652107	-0.0608367840003	0.0429428431017	-0.0290581348667	-0.00198122167505	-0.022315575028	-0.0342499997476	0.0157302251493	-0.00992653388123	-0.0574781829279	0.0208260498057	0.0324913850125	0.0340399675724	0.0226762231669	0.0468976639455	0.0240864274693	-0.0403053022459	-0.0192946516812	-0.0360857052828	-0.00277552548845	-0.022959162884	0.0445616621287	-0.0451367187348	0.00477396947362
k__Bacteria;p__Proteobacteria;c__Betaproteobacteria;o__Burkholderiales;f__Sutterellaceae;g__Parasutterella;s__Parasutterella_excrementihominis	-0.0242725181051	-0.0128761171375	0.0350643518556	-0.0566341237043	-0.00641723018068	-0.00150773948043	-0.00336883584931	-0.000590573106192	0.0431927992892	0.0263713012449	0.0376236994883	0.0128465942563	0.0056068410641	-0.0307514888074	-0.0284913755787	-0.0143844497004	0.0439620412207	0.0104735506447	-0.0197424607489	-0.0165283473164	0.0409506078133	-0.0267861454201	1.0	0.0406705117596	0.00660935510027	-0.048701769377	-0.0322388982828	-0.0436805654017	-0.00443455454866	0.0171332346783	-0.0230119824433	0.0372336396432	-0.070886070812	0.0241338871488	0.00323636757638	0.0388518781174	-0.0583179639096	0.0735403829214	0.0168635390309	-0.00382441165603	0.0227842952172	-0.0177132969734	-0.0489568948791	-0.00858560270738	0.0215658208536	0.0461958506565	0.0595996179767	-0.0156728744482	0.0331265997787	0.00389605150727	-0.0781061142515	-0.0527773265666	0.0104279359389	-0.0773809928698	0.00908774398127	-0.0242728361287	-0.0445835686584	0.059761201973	0.000765689490059
k__Bacteria;p__Actinobacteria;c__Actinobacteria;o__Bifidobacteriales;f__Bifidobacteriaceae;g__Bifidobacterium;s__Bifidobacterium_adolescentis	-0.00566475929338	0.00667351866127	-0.0370742775412	0.0229428722963	0.0277327439342	-0.0055163601472	-0.00964920616111	0.0409996497128	-0.00742472114208	-0.00405834505357	-0.0353642730602	-0.0530370681149	-0.0278559095039	-0.0468666087293	-0.00567046941017	-0.0572449871226	-0.0990222664202	-0.0297007071679	-0.0209973634003	-0.0328746464023	0.0288747090131	-0.0285877900644	0.0406705117596	1.0	0.0102181873447	0.0144202140881	0.00171934036646	-9.57605580845e-06	0.0120266388571	0.0498547527097	0.00303478700403	-0.0546189098774	-0.0191832644777	-0.00353937831574	0.016267614715	-0.0288870383759	0.0304884857227	-0.0354493716008	-0.00370236411593	0.00451430182616	0.0102288652087	-0.0137185281371	-0.0148681778078	-0.0402045748483	0.00395532579255	0.0449052530033	-0.000684981940735	-0.0360463005705	-0.038250235349	0.00156195511355	-0.0349690392627	-0.0560935842546	0.0131268057387	-0.0674785403269	-0.0273859846077	-0.0329936625886	0.0179578487874	0.0460479716262	-0.00238661480996
k__Bacteria;p__Firmicutes;c__Clostridia;o__Clostridiales;f__Oscillospiraceae;g__Oscillibacter;s__Oscillibacter_sp._KLE_1745	0.0490897736046	-0.0558887924666	0.00122511798796	-0.0167264223278	0.00445756119572	0.0545237624476	0.00460542706909	-0.00525210149523	-0.0381403419198	0.00992497555678	-0.0012236866257	-0.0269275994357	-0.0215242980258	-0.0151190536959	0.000624577164926	0.0168586286213	0.0398684067717	-0.0638243519658	0.0216852577027	0.0290319131912	-0.0276599783814	-0.0060669697288	0.00660935510027	0.0102181873447	1.0	-0.0449087053536	0.056823854865	0.0124745437213	-0.000421715823087	0.00781972979062	-0.000497389161667	-0.0191014763955	0.0386744327222	-0.0364982533865	0.000528253005422	0.00678543240388	0.00911611525851	-0.0685389414188	0.00536990295108	-0.0408165394182	-0.0098827252695	-0.0354578298369	-0.00835789718096	0.0035683814154	0.0415630359513	-0.0204092646002	-0.0129401937346	0.0138649190388	-0.0210897119518	-0.0289745386221	0.0194028448696	-0.0232671377681	-0.0328044986952	-0.00622871982013	-0.0615096534405	-0.0153218280352	-0.0171844247985	-0.0253299615832	-0.000475514326163
k__Bacteria;p__Bacteroidetes;c__Bacteroidia;o__Bacteroidales;f__Bacteroidaceae;g__Bacteroides;s__Bacteroides_coprophilus	-0.00881380379234	-0.0427450241419	-0.0125336056699	-0.0743303928803	0.00530343725497	0.0112233064298	0.0535359894477	-0.0417639222449	-0.0817724498291	-0.0193267935376	-0.0225388113299	-0.00800881744672	-0.00833315826909	0.00207856970815	-0.0965491377625	-0.0177226290264	0.0466603943829	-0.00989929346362	0.0175439683909	-0.0363462286647	0.0449660606412	-0.0609502508108	-0.048701769377	0.0144202140881	-0.0449087053536	1.0	-0.0435447276947	-0.0659647879191	0.0277424964533	-0.00302527488555	-0.00169404074251	-0.058131895538	0.0100629686436	0.00679263746722	0.0411570573524	0.0320314929825	-0.0381680835733	-0.0412349338538	-0.00973640040119	0.0453116046615	-0.0253346574164	-0.0472888823437	-0.0478966958051	-0.00132800651378	0.0108587397842	-0.00843467675956	-0.056961508373	-0.0393709681383	-0.000810533184682	0.0164800005927	0.0385166362053	0.0509336886535	-0.0279139129402	0.043532111847	0.0291789171177	0.0236136244369	0.037829843627	-0.0100786972824	-0.0869876395666
k__Bacteria;p__Firmicutes;c__Clostridia;o__Clostridiales;f__Lachnospiraceae;g__Roseburia;s__Roseburia_intestinalis	0.0277139344069	-0.0336199229681	-0.0139342569931	-0.0543389417606	0.0324279784066	0.00895775482054	0.00339188977175	0.0234701367885	-0.0209376633359	-0.00424103348434	0.0270113291443	0.00669181406448	-0.00790798709286	-0.0141955011405	0.0502392245603	-0.077052123039	0.0487635885286	-0.0283468251416	-0.00289157419652	-0.0217889755645	-0.0247112107758	-0.0260650938585	-0.0322388982828	0.00171934036646	0.056823854865	-0.0435447276947	1.0	0.0324254583946	0.016145116044	0.00754003154864	-0.0472285671902	-0.0216858740103	0.00547737574116	-0.0511516717715	-0.0357136045557	0.0241745409906	0.00219352315361	0.0236992251169	4.31751116326e-05	-0.0512419941983	0.0243719875792	-0.003603662332	0.037107388314	0.0176099584029	-0.0127054287993	-0.0164271659517	0.0124968970115	-0.0195644386892	-0.0203872521323	-0.0573239474368	0.0245691221983	-0.0749161333328	-0.043367144709	0.0150731355689	-0.0137438618603	-0.020056025845	-0.0107258830857	0.0576624102168	0.0175022445292
k__Bacteria;p__Firmicutes;c__Clostridia;o__Clostridiales;f__Lachnospiraceae;g__Roseburia;s__Roseburia_hominis	-0.00150267348171	0.00730807064922	0.0135687212654	-0.0360136348168	-0.061837759639	-0.0280705416133	-0.0127849582113	-0.0411146379797	-0.0490954758772	-0.0124769537279	0.0150311219061	-0.0320662298247	-0.0708644560025	0.000427540499042	-0.0206229535063	-0.0391845508449	-0.073481980049	0.0269893963078	-0.0212079700861	-0.0814191282694	-0.0387923895557	0.0179404434443	-0.0436805654017	-9.57605580845e-06	0.0124745437213	-0.0659647879191	0.0324254583946	1.0	0.0113264843816	-0.00882571965718	-0.0337173725443	0.0145874274765	0.0116485296924	0.0825507396118	-0.05312117861	-0.001665073871	0.0205786799111	0.0351272756225	0.0769038024574	-0.000914909314532	0.0294147529766	0.0237885437512	-0.0132395373249	0.0118560234136	0.00167990990272	0.0103228851513	0.00704015194311	0.0169044780619	0.0138264671052	0.0258530591866	0.03527584634	-0.075868366188	-0.000819024636641	-0.0883377682695	0.0313068283873	-0.0137888383703	0.00394445313508	0.0539385502774	0.0133432871888
k__Bacteria;p__Bacteroidetes;c__Bacteroidia;o__Bacteroidales;f__Porphyromonadaceae;g__Parabacteroides;s__Parabacteroides_johnsonii	0.00237552537298	-0.0213318955447	-0.0123488718346	-0.0322678858597	-0.064260313374	-0.0507658928932	0.0214425291521	-0.0360013228834	-0.0150245808045	0.0630443772721	-0.0208040800729	0.0168886354699	-0.0603300277207	0.00897513667016	-0.0203147850225	0.0750572703704	0.00344190784538	0.0107327797762	-0.0281165713063	-0.00289096665538	0.0202892998156	-0.056308450933	-0.00443455454866	0.0120266388571	-0.000421715823086	0.0277424964533	0.016145116044	0.0113264843816	1.0	0.024973579127	-0.0429368160307	-0.0363972714505	0.0360153562148	0.0386266429358	-0.0583175378087	-0.066593988143	-0.00421317141114	0.0252159730529	-0.0447640859798	0.00902448759273	0.0515596259136	-0.0604914763531	0.0538294194733	-0.00670161630641	-0.0391859985671	-0.0168545598965	0.0125881473777	-0.00230825325551	-0.00997925266885	0.00213978403602	0.0153309917289	0.00220797395903	0.0441481000151	-0.0606125321002	-0.0259642196099	0.0138755054027	-0.0553184932232	-0.0179181656137	0.0617705027942
k__Bacteria;p__Actinobacteria;c__Actinobacteria;o__Bifidobacteriales;f__Bifidobacteriaceae;g__Bifidobacterium;s__Bifidobacterium_longum	0.0091419650715	-0.0308470645781	0.00366835359376	-0.0256047053788	0.00728235534126	-0.022383148755	-0.0105173772181	0.070770002188	-0.0500204420678	0.00869547610095	-0.100468187831	-0.0404843399555	-0.0416062640141	0.0141493009116	0.0127345476771	0.0432043763761	0.0185809271498	-0.00177232858898	-0.0259292718664	0.00229754408307	-0.0372888694889	-0.0176799573975	0.0171332346783	0.0498547527097	0.00781972979062	-0.00302527488555	0.00754003154864	-0.00882571965718	0.024973579127	1.0	-0.0470251317906	-0.0271903574157	-0.00562109643496	0.0106988824368	0.0367484772364	-0.0564884699116	0.0439826874648	-0.030075556852	-0.0575834803373	-0.00899948267448	-0.055538761765	-0.0706936339296	-0.00774314226643	0.0300241514448	-0.0809785493888	-0.0503257740296	-0.0293405532597	-0.0362504780278	-0.0455692414772	-0.0058579843244	-0.00488887261623	0.0447190760852	0.0345466893522	-0.0265550146392	0.0362731039682	-0.0158714893316	-0.0377783874851	-0.0230418878371	-0.0308798815313
