#taxonomy	k__Bacteria;p__Bacteroidetes;c__Bacteroidia;o__Bacteroidales;f__Bacteroidaceae;g__Bacteroides;s__Bacteroides_vulgatus	k__Bacteria;p__Bacteroidetes;c__Bacteroidia;o__Bacteroidales;f__Bacteroidaceae;g__Bacteroides;s__Bacteroides_uniformis	k__Bacteria;p__Bacteroidetes;c__Bacteroidia;o__Bacteroidales;f__Rikenellaceae;g__Alistipes;s__Alistipes_putredinis	k__Bacteria;p__Bacteroidetes;c__Bacteroidia;o__Bacteroidales;f__Prevotellaceae;g__Prevotella;s__Prevotella_copri	k__Bacteria;p__Bacteroidetes;c__Bacteroidia;o__Bacteroidales;f__Bacteroidaceae;g__Bacteroides;s__Bacteroides_stercoris	k__Bacteria;p__Bacteroidetes;c__Bacteroidia;o__Bacteroidales;f__Bacteroidaceae;g__Bacteroides;s__Bacteroides_ovatus	k__Bacteria;p__Bacteroidetes;c__Bacteroidia;o__Bacteroidales;f__Rikenellaceae;g__Alistipes;s__Alistipes_shahii	k__Bacteria;p__Firmicutes;c__Clostridia;o__Clostridiales;f__Ruminococcaceae;g__Faecalibacterium;s__Faecalibacterium_prausnitzii	k__Bacteria;p__Bacteroidetes;c__Bacteroidia;o__Bacteroidales;f__Rikenellaceae;g__Alistipes;s__Alistipes_finegoldii	k__Bacteria;p__Bacteroidetes;c__Bacteroidia;o__Bacteroidales;f__Porphyromonadaceae;g__Parabacteroides;s__Parabacteroides_distasonis	k__Bacteria;p__Bacteroidetes;c__Bacteroidia;o__Bacteroidales;f__Bacteroidaceae;g__Bacteroides;s__Bacteroides_thetaiotaomicron	k__Bacteria;p__Bacteroidetes;c__Bacteroidia;o__Bacteroidales;f__Bacteroidaceae;g__Bacteroides;s__Bacteroides_coprocola	k__Bacteria;p__Bacteroidetes;c__Bacteroidia;o__Bacteroidales;f__Bacteroidaceae;g__Bacteroides;s__Bacteroides_cellulosilyticus	k__Bacteria;p__Bacteroidetes;c__Bacteroidia;o__Bacteroidales;f__Rikenellaceae;g__Alistipes;s__Alistipes_obesi	k__Bacteria;p__Firmicutes;c__Clostridia;o__Clostridiales;f__Lachnospiraceae;g__;s__[Eubacterium]_rectale	k__Bacteria;p__Bacteroidetes;c__Bacteroidia;o__Bacteroidales;f__Bacteroidaceae;g__Bacteroides;s__Bacteroides_plebeius	k__Bacteria;p__Bacteroidetes;c__Bacteroidia;o__Bacteroidales;f__Bacteroidaceae;g__Bacteroides;s__Bacteroides_fragilis	k__Bacteria;p__Proteobacteria;c__Betaproteobacteria;o__Burkholderiales;f__Sutterellaceae;g__Sutterella;s__Sutterella_wadsworthensis	k__Bacteria;p__Bacteroidetes;c__Bacteroidia;o__Bacteroidales;f__Porphyromonadaceae;g__Barnesiella;s__Barnesiella_intestinihominis	k__Bacteria;p__Bacteroidetes;c__Bacteroidia;o__Bacteroidales;f__Odoribacteraceae;g__Odoribacter;s__Odoribacter_splanchnicus	k__Bacteria;p__Bacteroidetes;c__Bacteroidia;o__Bacteroidales;f__Bacteroidaceae;g__Bacteroides;s__Bacteroides_salyersiae	k__Bacteria;p__Firmicutes;c__Clostridia;o__Clostridiales;f__Ruminococcaceae;g__Ruminiclostridium;s__[Eubacterium]_siraeum	k__Bacteria;p__Proteobacteria;c__Betaproteobacteria;o__Burkholderiales;f__Sutterellaceae;g__Parasutterella;s__Parasutterella_excrementihominis	k__Bacteria;p__Actinobacteria;c__Actinobacteria;o__Bifidobacteriales;f__Bifidobacteriaceae;g__Bifidobacterium;s__Bifidobacterium_adolescentis	k__Bacteria;p__Firmicutes;c__Clostridia;o__Clostridiales;f__Oscillospiraceae;g__Oscillibacter;s__Oscillibacter_sp._KLE_1745	k__Bacteria;p__Bacteroidetes;c__Bacteroidia;o__Bacteroidales;f__Bacteroidaceae;g__Bacteroides;s__Bacteroides_coprophilus	k__Bacteria;p__Firmicutes;c__Clostridia;o__Clostridiales;f__Lachnospiraceae;g__Roseburia;s__Roseburia_intestinalis	k__Bacteria;p__Firmicutes;c__Clostridia;o__Clostridiales;f__Lachnospiraceae;g__Roseburia;s__Roseburia_hominis	k__Bacteria;p__Bacteroidetes;c__Bacteroidia;o__Bacteroidales;f__Porphyromonadaceae;g__Parabacteroides;s__Parabacteroides_johnsonii	k__Bacteria;p__Actinobacteria;c__Actinobacteria;o__Bifidobacteriales;f__Bifidobacteriaceae;g__Bifidobacterium;s__Bifidobacterium_longum	k__Bacteria;p__Firmicutes;c__Clostridia;o__Clostridiales;f__;g__Flavonifractor;s__Flavonifractor_plautii	k__Bacteria;p__Firmicutes;c__Clostridia;o__Clostridiales;f__Clostridiaceae;g__Clostridium;s__Clostridium_phoceensis	k__Bacteria;p__Verrucomicrobia;c__Verrucomicrobiae;o__Verrucomicrobiales;f__Akkermansiaceae;g__Akkermansia;s__Akkermansia_muciniphila	k__Bacteria;p__Bacteroidetes;c__Bacteroidia;o__Bacteroidales;f__Prevotellaceae;g__Paraprevotella;s__Paraprevotella_xylaniphila	k__Bacteria;p__Firmicutes;c__Clostridia;o__Clostridiales;f__Ruminococcaceae;g__Ruminococcus;s__Ruminococcus_callidus	k__Bacteria;p__Bacteroidetes;c__Bacteroidia;o__Bacteroidales;f__Rikenellaceae;g__Alistipes;s__Alistipes_senegalensis	k__Bacteria;p__Firmicutes;c__Clostridia;o__Clostridiales;f__Lachnospiraceae;g__Blautia;s__Blautia_sp._KLE_1732	k__Bacteria;p__Bacteroidetes;c__Bacteroidia;o__Bacteroidales;f__Bacteroidaceae;g__Bacteroides;s__Bacteroides_oleiciplenus	k__Bacteria;p__Firmicutes;c__Clostridia;o__Clostridiales;f__Ruminococcaceae;g__Ruminococcus;s__Ruminococcus_bicirculans	k__Bacteria;p__Bacteroidetes;c__Bacteroidia;o__Bacteroidales;f__Bacteroidaceae;g__Bacteroides;s__Bacteroides_fluxus	k__Bacteria;p__Bacteroidetes;c__Bacteroidia;o__Bacteroidales;f__Prevotellaceae;g__Prevotella;s__Prevotella_stercorea	k__Bacteria;p__Firmicutes;c__Clostridia;o__Clostridiales;f__Lachnospiraceae;g__Dorea;s__Dorea_longicatena	k__Bacteria;p__Firmicutes;c__Clostridia;o__Clostridiales;f__Eubacteriaceae;g__Eubacterium;s__[Eubacterium]_eligens	k__Bacteria;p__Firmicutes;c__Clostridia;o__Clostridiales;f__Ruminococcaceae;g__;s__Ruminococcaceae_bacterium_D16	k__Bacteria;p__Firmicutes;c__Clostridia;o__Clostridiales;f__Lachnospiraceae;g__Coprococcus;s__Coprococcus_comes	k__Bacteria;p__Proteobacteria;c__Gammaproteobacteria;o__Enterobacterales;f__Enterobacteriaceae;g__Escherichia;s__Escherichia_coli	k__Bacteria;p__Firmicutes;c__Clostridia;o__Clostridiales;f__Ruminococcaceae;g__Anaerotruncus;s__Anaerotruncus_colihominis	k__Bacteria;p__Firmicutes;c__Clostridia;o__Clostridiales;f__Lachnospiraceae;g__Blautia;s__Blautia_obeum	k__Bacteria;p__Bacteroidetes;c__Bacteroidia;o__Bacteroidales;f__Odoribacteraceae;g__Odoribacter;s__Odoribacter_laneus	k__Bacteria;p__Firmicutes;c__Clostridia;o__Clostridiales;f__Ruminococcaceae;g__Ruminiclostridium;s__[Clostridium]_leptum	k__Bacteria;p__Bacteroidetes;c__Bacteroidia;o__Bacteroidales;f__Porphyromonadaceae;g__Parabacteroides;s__Parabacteroides_goldsteinii	k__Bacteria;p__Firmicutes;c__Clostridia;o__Clostridiales;f__Lachnospiraceae;g__Anaerostipes;s__Anaerostipes_hadrus	k__Bacteria;p__Firmicutes;c__Clostridia;o__Clostridiales;f__Ruminococcaceae;g__Ruminococcus;s__Ruminococcus_lactaris	k__Bacteria;p__Firmicutes;c__Clostridia;o__Clostridiales;f__Clostridiaceae;g__Clostridium;s__Clostridium_sp._L2-50	k__Bacteria;p__Firmicutes;c__Clostridia;o__Clostridiales;f__Clostridiaceae;g__Clostridium;s__Clostridium_sp._M62/1	k__Bacteria;p__Firmicutes;c__Clostridia;o__Clostridiales;f__;g__Intestinimonas;s__Intestinimonas_butyriciproducens	k__Bacteria;p__Actinobacteria;c__Actinobacteria;o__Bifidobacteriales;f__Bifidobacteriaceae;g__Bifidobacterium;s__Bifidobacterium_bifidum	k__Bacteria;p__Firmicutes;c__Negativicutes;o__Veillonellales;f__Veillonellaceae;g__Dialister;s__Dialister_invisus	k__Bacteria;p__Bacteroidetes;c__Bacteroidia;o__Bacteroidales;f__Bacteroidaceae;g__Bacteroides;s__Bacteroides_salanitronis
k__Bacteria;p__Bacteroidetes;c__Bacteroidia;o__Bacteroidales;f__Bacteroidaceae;g__Bacteroides;s__Bacteroides_vulgatus	1.0	-0.00464860537952	-0.0534230170928	0.00517017818638	0.0469331654131	-0.0335963596311	-0.0180797696042	-0.0210961433154	0.0400140874408	-0.0179143626022	2.01767875064e-05	-0.029505817813	-0.0108030571519	0.0303490437255	-0.027760593396	0.0363155564817	0.0281504800279	0.065345631879	0.0276609108409	-0.057385560804	-0.0193141748212	-0.0468902460257	-0.0303072507495	0.0152424187876	0.0307662358138	0.0019953148695	0.00555466500948	0.0276593574881	-0.00597763184835	-0.0357032577568	-0.0225111856636	0.00763506446511	-0.0370828037001	-0.0214880322428	0.0245839630642	-0.0556040687073	-0.0227258833162	0.0189612831043	-0.0220060650708	-0.0389479027846	-0.0131335091032	-0.0386558673076	0.00642408087393	-0.0347312552031	0.000255186235342	0.0251280346902	0.044037532994	-0.0110044148466	-0.0374113852526	-0.0413113751353	0.0387525515722	-0.046781774127	0.0111228037179	-0.0192667288685	-0.0261680799787	0.0244848513661	0.00923350589269	-0.00969832905448	-0.0129191308436
k__Bacteria;p__Bacteroidetes;c__Bacteroidia;o__Bacteroidales;f__Bacteroidaceae;g__Bacteroides;s__Bacteroides_uniformis	-0.00464860537952	1.0	-0.00815353569419	0.00249986019624	-0.0177637951176	-0.00603196111506	-0.0532663984781	0.0442661448642	-0.0123294407844	-0.006245767738	0.0307591477433	-0.0054069457925	0.0140591982659	-0.00298029721914	0.0574704398682	0.0221156337921	-0.0142543476328	-0.0168356099401	0.0077970326051	-0.0771448390823	0.0041673909892	-0.00422222128472	-0.0398180168928	0.00750249838224	0.0339382276769	0.019550181033	-0.0377504557012	-5.63460581685e-05	-0.0231484687439	-0.0388120235433	-0.0283138334885	0.0470968439872	0.0435242064267	-0.0512153391859	-0.00603033319372	0.00869889416655	0.00139866053033	-0.0148826796376	0.0105851800451	-0.035378546077	-0.0637850647846	0.0112936033812	-0.0315433201077	-0.0407973203763	0.058115162415	-0.0115850698597	0.0107303028474	-0.00895377892979	0.0218932115722	-0.0167542224552	0.0131986727118	-0.0341689834316	-0.0105543746214	0.0610460141968	0.014252157933	0.0358925187985	-0.0450559428248	0.00373257141668	-0.00442166551351
k__Bacteria;p__Bacteroidetes;c__Bacteroidia;o__Bacteroidales;f__Rikenellaceae;g__Alistipes;s__Alistipes_putredinis	-0.0534230170928	-0.00815353569419	1.0	0.0387964323431	-0.0212851498085	0.0116422648383	0.023143160784	-0.0129617837709	-0.0577407778225	-0.0529688150359	-0.00270571130111	-0.0553789968187	0.02486689337	-0.0332517126215	-0.0464286831587	-0.0200348116415	0.039153350955	0.0322295523116	0.0375372672702	-0.024359433389	-0.0588707218234	0.00887392800988	-0.0398785415612	-0.0241037620918	-0.0159218980855	-0.0655873102866	-0.0223749089823	-0.0585164598121	0.00606263503708	0.0229836674112	-0.0050979292481	0.0116384056287	-0.0045161665753	0.0583079815481	0.0383896076063	-0.0177966375473	-0.0633250161366	-0.0156005723956	-0.0413044048247	-0.0377964606516	0.00617979348526	-0.082725349081	-0.0108401666664	0.010328452094	0.00585887367918	-0.0116583954608	-0.0580709193626	-0.0267245403054	0.0406999130688	0.00556639947628	0.00338530912865	-0.0407308084485	-0.0482846928108	0.0353042082881	-0.0200360225555	-0.0686361892985	0.0792783341113	0.0108455178585	0.02405501717
k__Bacteria;p__Bacteroidetes;c__Bacteroidia;o__Bacteroidales;f__Prevotellaceae;g__Prevotella;s__Prevotella_copri	0.00517017818638	0.00249986019624	0.0387964323431	1.0	-0.0336935943469	-0.0697409811335	-0.0251255473588	-0.0299146717715	-0.0456945513275	0.0399524029231	-0.00282099194573	-0.0591149089517	0.00318462732908	0.0181949882597	0.0136844222524	-0.0128567410171	-0.0107244611404	0.0245984798407	0.0129524362066	-0.0151319002031	0.0336980411515	0.0899497441005	-0.0229628491101	0.0147605071674	-0.0139008427681	-0.00345487640391	0.0394676104507	-0.0314800370774	0.0316887483178	0.012391952288	0.0162564293344	-0.0232327983167	-0.0380051358157	-0.0125168607607	0.0385261444353	0.00713206584744	-0.0091986209489	-0.00972935031165	0.024992935878	0.016169474592	-0.0406582433528	-0.0358334891571	-0.0168705610797	0.0289543264601	-0.0992933436529	-0.0831580297112	-0.00809813638022	-0.0514222881793	-0.0611202357056	-0.0135191033884	-0.0327241758004	0.0648525121111	-0.0722763797769	-0.0100391057217	0.015659880995	0.0137999848007	-0.0529814321391	-0.00817634140877	0.0242221530572
k__Bacteria;p__Bacteroidetes;c__Bacteroidia;o__Bacteroidales;f__Bacteroidaceae;g__Bacteroides;s__Bacteroides_stercoris	0.0469331654131	-0.0177637951176	-0.0212851498085	-0.0336935943469	1.0	0.0184200410256	-0.0267386223247	0.00252651681524	-0.000601232630512	-0.0658449209861	0.0132996718249	0.00384937456475	-0.0149708639228	0.0223594114969	0.0692092511879	-0.0114214740031	0.00798177105575	0.0151037785795	0.0419203081181	-0.031016118179	-0.0246244842086	-0.0830831444961	0.0125488580274	-0.0102460622548	0.00979384867532	-0.00244862250931	-0.0672933913805	-0.0518918583651	-0.0472428108872	0.0158566583017	0.0404736624734	-0.042956742601	0.00521614182063	-0.00656206079764	0.00998592021903	-0.0264145515799	-0.0193769441354	-0.0412352092743	-0.00880745957624	0.0304462911887	-0.0522371924419	0.0049226012489	-0.0402404063682	-0.0752872133691	0.0310224605793	-0.00112344661976	-0.000528761302203	-0.00931795004685	0.0376533465884	0.0794033228048	0.00267580129712	-0.00905947461902	0.000707180899998	-0.0196243589365	-0.0214168784602	0.0281013931486	0.00920555077472	0.00881299962627	-0.0425412998504
k__Bacteria;p__Bacteroidetes;c__Bacteroidia;o__Bacteroidales;f__Bacteroidaceae;g__Bacteroides;s__Bacteroides_ovatus	-0.0335963596311	-0.00603196111506	0.0116422648383	-0.0697409811335	0.0184200410256	1.0	-0.0104047878405	0.00331398338681	-0.0179899966279	-0.00483643869762	-0.0371584500462	0.000842342951229	-0.0277859820429	0.00504501184477	0.00226723245724	-0.00967202711499	0.0283116121364	0.00139929529383	0.00907793841237	0.0127340025727	-0.0311773699088	-0.0128209506606	0.0327072001148	-0.0107193200487	0.0272553128347	-0.0637071085832	-0.0898460626823	-0.00903375611302	-0.0181013870222	-0.0187336870229	-0.0117370631094	0.0540779459907	-0.00126054729651	-0.0868317020696	0.028832672674	-0.0187600608731	0.0647680130789	0.0327025876484	-0.069692305033	-0.0511815549745	-0.0153456276451	0.0225517403988	-0.049958800501	0.0200401908828	0.0121281484105	-0.0399532605744	0.0128697153611	-0.0072712747171	0.0299320330686	0.0447324691844	-0.0519059108228	0.056718636325	-0.021412265667	-0.0387797228735	0.0527801876819	0.000738704544198	0.00972721018199	0.0206161504661	-0.0115729135893
k__Bacteria;p__Bacteroidetes;c__Bacteroidia;o__Bacteroidales;f__Rikenellaceae;g__Alistipes;s__Alistipes_shahii	-0.0180797696042	-0.0532663984781	0.023143160784	-0.0251255473588	-0.0267386223247	-0.0104047878405	1.0	0.0228266543598	0.00669332644851	-0.0194929359202	0.0124464529888	0.0492499118467	-0.0391509011023	-0.0148832446176	0.0392587879042	-0.0342432220795	-0.00913948880105	0.0489084014335	0.00437225698418	0.0143290967863	-0.0652977456359	0.0162177026258	-0.0270005761829	-0.00198724364668	-0.0357473771256	-0.0319319045747	-0.0194249485345	-0.0728688276716	-0.0698013304743	0.0605854037938	0.00418996368715	0.00395472948729	0.0447931753977	0.0353066870068	0.0244756645868	-0.0422357659277	-0.0800629959343	-0.0899785683781	-0.0109852085487	-0.000118475906486	0.0183732243138	0.0226569466966	0.0175848669584	-0.0581766343615	-0.0314568150558	-0.0471505005715	0.0213468944849	-0.0234627117454	-0.000163382299033	0.016071881911	0.022199551364	0.0254576945398	0.00230934186984	-0.02393582889	-0.050952602544	0.00755566561595	0.00683308045261	-0.00703654093177	0.0127426476009
k__Bacteria;p__Firmicutes;c__Clostridia;o__Clostridiales;f__Ruminococcaceae;g__Faecalibacterium;s__Faecalibacterium_prausnitzii	-0.0210961433154	0.0442661448642	-0.0129617837709	-0.0299146717715	0.00252651681524	0.00331398338681	0.0228266543598	1.0	0.0417036615843	-0.0121121054259	0.0247711980612	-0.0432865664444	-0.0289398936936	-0.0657041504479	0.0152846099735	0.0173769706277	0.0412155570263	0.0330925323212	0.00452474731425	0.0407048883612	-0.0165885681838	0.0135513269049	-0.016169031973	-0.0185876243989	-0.00212483432704	-0.00979152394816	0.0627592091958	-0.0481878431495	0.0551740390082	-0.0349006716648	-0.0234605782877	-0.00402158147126	0.00039257071012	-0.00410650444933	0.00124969378549	0.0110046548886	0.00524369442173	0.032242423073	-0.0301226445741	-0.0162262938135	0.0054819764996	0.0186519908448	0.0280291551663	-0.0567249563375	0.0336352199672	0.00588609278241	-0.0759875664888	-0.0414765625557	0.00559304252648	0.0147833885868	0.0105881516094	-0.00378384655806	0.0120986636267	-0.0334962645459	0.0489307264538	-0.0839945160935	-0.0346716895282	-0.00851594082673	-0.0599024963598
k__Bacteria;p__Bacteroidetes;c__Bacteroidia;o__Bacteroidales;f__Rikenellaceae;g__Alistipes;s__Alistipes_finegoldii	0.0400140874408	-0.0123294407844	-0.0577407778225	-0.0456945513275	-0.000601232630512	-0.0179899966279	0.00669332644851	0.0417036615843	1.0	-0.0297400189651	-0.00216359516107	-0.048830725526	-0.00492542420747	-0.0235403360997	-0.0127099929929	-0.00150444095638	-0.0328800745921	-0.00882211014949	0.0131493748744	-0.0650220203533	-0.0528137122338	0.00140037194029	-0.0358887666912	0.0180691738503	-0.0479396044696	-0.0293951094393	-0.00769402390021	-0.00726266040294	0.0590723831158	-0.0490246102563	-0.0157968142712	-0.0564554953425	-0.0103651057098	0.043413488001	-0.0113238386761	0.00457974762535	-0.0316379731534	0.0111108673677	-0.0199602280122	-0.0469576159071	-0.0299105343944	0.0278663750594	-0.0285711246101	-0.011079036495	0.0528398254772	0.0210209099523	-0.0238960006235	0.0297875083024	-0.0198790518047	-0.0164169010703	0.028693872944	0.000590069604473	0.0117505162466	0.0158627852251	-0.0370346712958	-0.00462329633657	-0.033421738798	0.00659216695593	-0.00977815386379
k__Bacteria;p__Bacteroidetes;c__Bacteroidia;o__Bacteroidales;f__Porphyromonadaceae;g__Parabacteroides;s__Parabacteroides_distasonis	-0.0179143626022	-0.006245767738	-0.0529688150359	0.0399524029231	-0.0658449209861	-0.00483643869762	-0.0194929359202	-0.0121121054259	-0.0297400189651	1.0	0.014511446468	0.0400233703116	-0.0363845043316	0.0459001178137	-0.00780316279438	-0.0301774207849	-0.0578375243592	0.0221455745504	0.0281632648615	0.0356973891115	-0.0282575545593	-0.0235167376056	0.00419391494776	-0.000493738618703	-0.0104071221061	0.0172550464441	-0.0854208623743	0.00216004629381	-0.00744179129669	-0.00676935974498	-0.0255179939801	-0.0418688202448	0.058475914775	-0.0263446258138	-0.00988434524863	0.021166340972	0.0594526297836	0.00647990184608	-0.0516279371952	-0.0342787451743	0.0132906126456	0.0395051883137	0.0528462349068	-0.0152222992016	0.00398699521245	-0.050818754258	0.0194942202453	0.0418876561617	0.00666582324092	-0.0658348168756	0.0435746883766	-0.0347325321186	0.0295330964063	-0.0210652295378	0.052322281793	-0.0290949376887	0.0133796061275	0.00911580847723	0.00899428691524
k__Bacteria;p__Bacteroidetes;c__Bacteroidia;o__Bacteroidales;f__Bacteroidaceae;g__Bacteroides;s__Bacteroides_thetaiotaomicron	2.01767875066e-05	0.0307591477433	-0.00270571130111	-0.00282099194573	0.0132996718249	-0.0371584500462	0.0124464529888	0.0247711980612	-0.00216359516107	0.014511446468	1.0	-0.0378104500599	0.01767511079	-0.0257385187329	-0.0028644908499	0.0300737905557	-0.0208219115317	-0.0441177134005	-0.0513157968055	-0.0490154145564	-0.00908071819663	0.0739903528443	-0.0398798323465	0.0200827909631	0.0180219395831	0.0245269361378	0.0184086649442	-0.015856964257	-0.0458670450907	-0.0309267729074	-0.00135248690662	-0.0260536056615	-0.0498989705328	-0.066253076452	-0.00700154596919	0.0190546124526	-0.000973943064024	0.0173039130755	0.0616331516661	0.0305500887297	0.0112525929527	-0.043727198496	0.0540923570655	0.0375531817991	-0.060111569466	0.00193672884121	-0.0517317499353	-0.059774238931	0.0229637978148	-0.0189410417956	-0.0320017266902	-0.0625523207015	0.0309235842697	0.0383862430313	0.00601953177327	-0.0417968949262	-0.0212943656391	-0.0258608183388	-0.0451331084215
k__Bacteria;p__Bacteroidetes;c__Bacteroidia;o__Bacteroidales;f__Bacteroidaceae;g__Bacteroides;s__Bacteroides_coprocola	-0.029505817813	-0.0054069457925	-0.0553789968187	-0.0591149089517	0.00384937456475	0.000842342951229	0.0492499118467	-0.0432865664444	-0.048830725526	0.0400233703116	-0.0378104500599	1.0	-0.00342579481676	0.00612771825785	0.0188687662533	-0.0106255988541	-0.0219874147248	0.00180384030088	-0.00234693603797	-0.0185930074467	0.0246203925189	-0.00381230455835	0.0662317273363	-0.0327561526463	-0.00936516802032	-0.00723550356816	-0.00960679602563	0.0377136465959	0.0336295445205	0.00621611549515	-0.0980312771874	-0.0286915684122	-0.0375592524134	-0.00921335084688	-0.0191692073746	-0.0139375602662	0.00446783634038	0.0588275589896	-0.0227830763995	0.0428918052021	-0.00390854942505	0.00148863814265	0.0307985396869	0.0147730933809	0.0229901752995	0.0170597902505	-0.0244822977171	0.035290020982	-0.049541930397	0.0128690249854	-0.026721493651	0.0215899314628	-0.0189051392318	-0.0650135316302	-0.0432451214932	0.0567897936554	-0.0331603040602	0.0782532440732	0.0344406529801
k__Bacteria;p__Bacteroidetes;c__Bacteroidia;o__Bacteroidales;f__Bacteroidaceae;g__Bacteroides;s__Bacteroides_cellulosilyticus	-0.0108030571519	0.0140591982659	0.02486689337	0.00318462732908	-0.0149708639228	-0.0277859820429	-0.0391509011023	-0.0289398936936	-0.00492542420747	-0.0363845043316	0.01767511079	-0.00342579481676	1.0	-0.0103321202172	-0.0322835284764	0.0154725995266	0.00698244978129	0.00301138120721	0.00228409496305	-0.00345897766924	-0.00995110391005	-0.0582419782561	-0.0133211155868	0.00398378372075	0.0168269762024	-0.0221055474294	-0.00778937343895	-0.0421965149164	0.00312623628085	-0.0142995742885	0.0291322085627	0.0112629199968	-0.00141583903805	-0.0493938244359	0.0044084146142	0.0121363414129	-0.0162429530727	-0.0252579607616	-0.0318311091638	0.0306563080296	0.0171845465424	-0.00805324939915	-0.0306244433169	-0.0381535805864	0.015556024749	0.0783522550462	-0.0198330662964	0.0255642606308	0.00601290637073	0.00824334824644	-0.00986560642811	-0.0379621077984	-0.0489101002263	-0.00551835140289	0.0175101706985	0.00442126740017	0.0121862903967	-0.00187107427673	-0.0153395516121
k__Bacteria;p__Bacteroidetes;c__Bacteroidia;o__Bacteroidales;f__Rikenellaceae;g__Alistipes;s__Alistipes_obesi	0.0303490437255	-0.00298029721914	-0.0332517126215	0.0181949882597	0.0223594114969	0.00504501184477	-0.0148832446176	-0.0657041504479	-0.0235403360997	0.0459001178137	-0.0257385187329	0.00612771825785	-0.0103321202172	1.0	0.00683406985901	-0.0724227598046	0.0216156583412	-0.0294353976953	-0.0192846605031	0.0398127874963	-0.0361092715209	-0.00833319542985	-0.029352962457	-0.0425875083754	0.0316046464148	-0.0445640792529	0.0213472713171	-0.0167383200099	-0.016774205186	-0.0325492479237	0.0118752389455	-0.00934851204071	0.0231766785714	-0.0738433179097	-0.0557867462217	0.000834120768798	-0.031945347999	0.0389812788748	0.00837331155762	0.0177268889234	0.0423606962644	0.0429237276529	-0.019381323915	-0.035737597721	0.00984705082332	-0.0176615586981	0.0524036793797	-0.102525995206	0.0177939183147	-0.0284161402639	-0.00911729589173	0.0453129457932	0.00868594664304	-0.0283286257709	0.0503765269519	-0.0356789025643	-0.0148500001174	0.0267584339426	0.0308762830744
k__Bacteria;p__Firmicutes;c__Clostridia;o__Clostridiales;f__Lachnospiraceae;g__;s__[Eubacterium]_rectale	-0.027760593396	0.0574704398682	-0.0464286831587	0.0136844222524	0.0692092511879	0.00226723245724	0.0392587879042	0.0152846099735	-0.0127099929929	-0.00780316279438	-0.0028644908499	0.0188687662533	-0.0322835284764	0.00683406985901	1.0	-0.0451626396426	-0.0221910732784	0.00301989552255	-0.0292939516251	-0.0238280980043	0.0189440041703	0.032457824154	-0.0287757688535	-0.0131222403172	-0.0354052867869	-0.00864143785993	0.0213942214216	-0.0221142534455	-0.00255487119669	0.0129723905117	-0.0403203915971	-0.00265094792041	-0.0617859498372	-0.0438223492948	-0.0482721045924	-0.00947883322093	0.00289522278101	-0.0177901655333	-0.0961478257388	-0.007355119008	-0.0142404896478	-0.0121934547106	0.0340783755142	0.00970409477989	-0.00436559638186	0.0455000020366	0.0245546099273	-0.0256229405547	-0.0209366325796	0.0622751826135	-0.0053986983532	0.00215344177774	-0.0714567244989	-0.00815911570526	0.0119175138658	-0.0256418403012	0.0509888886622	0.018803474252	-0.026117879388
k__Bacteria;p__Bacteroidetes;c__Bacteroidia;o__Bacteroidales;f__Bacteroidaceae;g__Bacteroides;s__Bacteroides_plebeius	0.0363155564817	0.0221156337921	-0.0200348116415	-0.0128567410171	-0.0114214740031	-0.00967202711499	-0.0342432220795	0.0173769706277	-0.00150444095638	-0.0301774207849	0.0300737905557	-0.0106255988541	0.0154725995266	-0.0724227598046	-0.0451626396426	1.0	-0.0292021065006	-0.0354622192941	-0.0486336389827	-0.0707290221482	-0.00869807122169	-0.00484459076545	-0.0551247356597	0.0449877076091	0.00117468313257	-0.001105322668	-0.045074279071	0.0272577988575	0.0179571437713	-0.0443008533114	0.00665240974254	0.0218874124182	-0.0341707976788	-0.0194667951448	0.024450166906	-0.042274818176	-0.0249053637705	-0.00279337967126	0.0226328746158	-0.0167845168013	-0.0113021180743	-0.0102742594083	-0.0265415346047	-0.0548893686902	0.00833580998254	0.00108872496162	-0.00905698261053	0.0715991593985	-0.0318571730547	0.0628339606215	-0.0109594633169	-0.0170473424177	-0.0360622183797	0.0252591647293	0.033992294621	-0.0897534087089	-0.0360261273558	0.0116587649208	0.0214371841623
k__Bacteria;p__Bacteroidetes;c__Bacteroidia;o__Bacteroidales;f__Bacteroidaceae;g__Bacteroides;s__Bacteroides_fragilis	0.0281504800279	-0.0142543476328	0.039153350955	-0.0107244611404	0.00798177105575	0.0283116121364	-0.00913948880105	0.0412155570263	-0.0328800745921	-0.0578375243592	-0.0208219115317	-0.0219874147248	0.00698244978129	0.0216156583412	-0.0221910732784	-0.0292021065006	1.0	-0.0461210082635	-0.00632770227623	0.0175268871003	-0.0300334232667	-0.0166173985734	-0.0204190188353	-0.012469879377	-0.0333059990768	-0.00909541416151	0.00892587205672	0.0327376080599	0.0344955187722	-0.0143644611082	0.0145550795735	0.00912725377765	-0.0230341870449	-0.0209303154623	-0.0189843443607	0.0207711030974	-0.0125244146432	-0.00804503616542	0.00751315043017	-0.0153558201418	0.0193534246477	-0.0304762250091	-0.0361988737046	-0.000578180921243	0.0261824774613	0.0283436165258	0.0434252010531	0.0263911731914	-0.021851684954	-0.00809066009328	-0.0174405004149	-0.0383968526734	-0.00961884054344	-0.0537480099694	0.0326984465438	-0.0219233940554	-0.0304720806616	0.0274622100147	0.0197598413889
k__Bacteria;p__Proteobacteria;c__Betaproteobacteria;o__Burkholderiales;f__Sutterellaceae;g__Sutterella;s__Sutterella_wadsworthensis	0.065345631879	-0.0168356099401	0.0322295523116	0.0245984798407	0.0151037785795	0.00139929529383	0.0489084014335	0.0330925323212	-0.00882211014949	0.0221455745504	-0.0441177134005	0.00180384030088	0.00301138120721	-0.0294353976953	0.00301989552255	-0.0354622192941	-0.0461210082635	1.0	-0.0126634586731	-0.024775962242	-0.000275352232521	0.0105909315842	-0.0133294662613	-0.00775827036875	-0.0381585347051	0.0459002182608	-0.00309650649166	-0.0251909241375	-0.0169401867723	0.0234000728139	-0.0261133037812	-0.0599489899635	-0.0125698356771	0.00437947079234	0.000953080947139	-0.0508022701264	-0.00140932665277	-0.0424511729762	0.00961996211111	-0.00490694455412	-0.0232107692278	-0.0157933578768	0.0328745934375	0.0545538038638	-0.0354578415458	0.00730327477333	-0.041579619958	-0.0222409042205	-0.00957035064861	-0.0201824564873	0.0495250603616	-0.0675518296332	-0.0576886480627	-0.0113081966668	0.06975973909	-0.0644741031954	0.036261690584	-0.0330746586355	-0.0809941896274
k__Bacteria;p__Bacteroidetes;c__Bacteroidia;o__Bacteroidales;f__Porphyromonadaceae;g__Barnesiella;s__Barnesiella_intestinihominis	0.0276609108409	0.0077970326051	0.0375372672702	0.0129524362066	0.0419203081181	0.00907793841236	0.00437225698418	0.00452474731425	0.0131493748744	0.0281632648615	-0.0513157968055	-0.00234693603797	0.00228409496305	-0.0192846605031	-0.0292939516251	-0.0486336389827	-0.00632770227623	-0.0126634586731	1.0	-0.0282598311634	-0.00812501975862	-0.0240349515905	0.00296299178471	-0.0099484426284	0.0301781034314	0.0300244194228	0.0193727096035	0.01727120483	-0.00832428736414	-0.045843261361	-0.00514537032266	0.0387061465995	-0.0219279845959	-0.021613120902	0.015143568613	-0.0302309964795	-0.0149366800395	-0.0100819851838	-0.00567782714784	-0.00904911812367	0.00710634528388	-0.0460968203037	0.0229993882042	-0.0580269464005	0.0296552790495	0.0132163861079	0.0252705339594	-0.029076775878	-0.0243117988648	0.0356674726839	0.000794418991424	0.0114959876525	-0.0143737011868	0.0454706154322	-0.0249080828281	0.00291304646873	-0.0127878866213	0.0213048584162	-0.0410614216703
k__Bacteria;p__Bacteroidetes;c__Bacteroidia;o__Bacteroidales;f__Odoribacteraceae;g__Odoribacter;s__Odoribacter_splanchnicus	-0.057385560804	-0.0771448390823	-0.024359433389	-0.0151319002031	-0.031016118179	0.0127340025727	0.0143290967863	0.0407048883612	-0.0650220203533	0.0356973891115	-0.0490154145564	-0.0185930074467	-0.00345897766924	0.0398127874963	-0.0238280980043	-0.0707290221482	0.0175268871003	-0.024775962242	-0.0282598311634	1.0	-0.0890892890019	0.0110601240364	0.0388116883683	-0.0344825836608	-0.0295945998809	-0.0147949774561	-0.0338747476244	0.00566194285868	-0.0174078192129	0.038650526626	0.0409801238476	-0.061668951825	0.00465516119372	-0.0533279741455	0.0217174195751	-0.0468226162695	0.0383589886025	0.00776059149723	-0.0047309388563	0.0218771682274	-0.0474134995217	0.00117768887918	-0.0356870777316	-0.0217921857829	-0.0245325615418	0.0276613300922	0.0386383852909	-0.020180420319	-0.00504798156793	0.00327884267919	-0.00432257473806	0.0587945672161	-0.0212740357022	-0.0271232327527	0.0480849336042	-0.0222635263887	-0.018521047044	-0.0176309268539	-0.035317700414
k__Bacteria;p__Bacteroidetes;c__Bacteroidia;o__Bacteroidales;f__Bacteroidaceae;g__Bacteroides;s__Bacteroides_salyersiae	-0.0193141748212	0.0041673909892	-0.0588707218234	0.0336980411515	-0.0246244842086	-0.0311773699088	-0.0652977456359	-0.0165885681838	-0.0528137122338	-0.0282575545593	-0.00908071819663	0.0246203925189	-0.00995110391005	-0.0361092715209	0.0189440041703	-0.00869807122169	-0.0300334232667	-0.000275352232521	-0.00812501975862	-0.0890892890019	1.0	0.00650528090942	0.0204222707448	0.00660397930149	0.0420496578096	0.0179407273302	0.0282233167625	0.019777523209	-0.011716512656	-0.0158925271778	0.00910998081351	0.0665066391239	-0.0169237592642	0.0191616659809	-0.030837132633	0.00338311485655	-0.0291531441766	0.0708793606228	-0.0150183540737	0.0282986852798	-0.00140382050282	-0.0305361107317	-0.0483499371385	0.0136535278581	-0.0191642814331	-0.0244780615921	0.0131454283896	-0.0456008620155	-0.0443871228263	-0.00151427831286	0.00476176730715	-0.0133670940379	-0.0227558535182	0.028853963324	-0.0499308854083	0.0679996368161	-0.0274349914345	-0.044459231606	0.0118436638239
k__Bacteria;p__Firmicutes;c__Clostridia;o__Clostridiales;f__Ruminococcaceae;g__Ruminiclostridium;s__[Eubacterium]_siraeum	-0.0468902460257	-0.00422222128472	0.00887392800988	0.0899497441005	-0.0830831444961	-0.0128209506606	0.0162177026258	0.0135513269049	0.00140037194029	-0.0235167376056	0.0739903528443	-0.00381230455835	-0.0582419782561	-0.00833319542985	0.032457824154	-0.00484459076545	-0.0166173985734	0.0105909315842	-0.0240349515905	0.0110601240364	0.00650528090942	1.0	-0.0174635402539	0.0255299759205	0.00810757751655	0.00977957289203	0.0258508144158	-0.0054084061438	-0.0478740838684	0.0200505969781	-0.00217200773412	0.0297773685044	-0.0195868080607	-0.040119091991	0.00202862984889	-0.0245813700036	0.0275120879547	0.00590701141242	0.0002659878637	-0.0113434593171	0.0285796107204	-0.036839433629	0.03851285114	-0.0350536865816	-0.0173301724123	-0.0203142955951	-0.0530737060693	0.0280066345842	0.0131992759369	-0.0390682352018	0.00266081707214	-0.0697525075121	0.0432130287592	-0.0719773056316	-0.00285565175432	0.0412768087255	-0.00381027140209	-0.00279270062233	-0.00176361038676
k__Bacteria;p__Proteobacteria;c__Betaproteobacteria;o__Burkholderiales;f__Sutterellaceae;g__Parasutterella;s__Parasutterella_excrementihominis	-0.0303072507495	-0.0398180168928	-0.0398785415612	-0.0229628491101	0.0125488580274	0.0327072001148	-0.0270005761829	-0.016169031973	-0.0358887666912	0.00419391494776	-0.0398798323465	0.0662317273363	-0.0133211155868	-0.029352962457	-0.0287757688535	-0.0551247356597	-0.0204190188353	-0.0133294662613	0.00296299178471	0.0388116883683	0.0204222707448	-0.0174635402539	1.0	-0.016602832429	-0.0761394228705	0.027261722029	-0.0689225072452	0.0407297423244	0.0405663237286	-0.00531587045185	-0.00670314221929	0.0271857818966	0.0273579519756	-0.0163004464119	-0.0710981423922	0.0178815111756	-0.0261478603079	0.00594683391252	0.0212047744878	0.0581200528512	-0.0738782647225	0.027034853776	0.0284353040255	-0.00842433618651	-0.0138784409064	-0.100625021665	-0.0138795036064	0.0218435476325	0.018835757097	0.0118954803889	-0.0112513971543	0.0128101585604	-0.00594545906263	-0.0125500928139	0.0109189008439	0.0102711190531	-0.0710087814804	-0.0425660105848	-0.025027150129
k__Bacteria;p__Actinobacteria;c__Actinobacteria;o__Bifidobacteriales;f__Bifidobacteriaceae;g__Bifidobacterium;s__Bifidobacterium_adolescentis	0.0152424187876	0.00750249838224	-0.0241037620918	0.0147605071674	-0.0102460622548	-0.0107193200487	-0.00198724364668	-0.0185876243989	0.0180691738503	-0.000493738618703	0.0200827909631	-0.0327561526463	0.00398378372075	-0.0425875083754	-0.0131222403172	0.0449877076091	-0.012469879377	-0.00775827036875	-0.0099484426284	-0.0344825836608	0.00660397930149	0.0255299759205	-0.016602832429	1.0	-0.0571664308568	-0.0262874856089	0.0182010573097	0.0154374390238	0.0287073771017	0.0556481479882	0.020101979344	-0.0624509082871	0.0302847332733	0.0643167060383	0.0246401524153	0.0198799012582	0.0261596962654	-0.00452538935978	0.0519975708253	-0.00334505828973	0.00325261645139	0.0270392400258	-0.0279955997415	-0.0192719180649	-0.0551366494816	-0.0631222236179	-0.0102098479616	0.0432036395844	-0.0491287269234	-0.0386800839221	-0.0184556932156	-0.0258558957893	-0.043603002552	-0.0376092529474	-0.0238544921078	-0.0145115703063	0.0889324102416	-0.13103969221	-0.0350540535613
k__Bacteria;p__Firmicutes;c__Clostridia;o__Clostridiales;f__Oscillospiraceae;g__Oscillibacter;s__Oscillibacter_sp._KLE_1745	0.0307662358138	0.0339382276769	-0.0159218980855	-0.0139008427681	0.00979384867532	0.0272553128347	-0.0357473771256	-0.00212483432704	-0.0479396044696	-0.0104071221061	0.0180219395831	-0.00936516802032	0.0168269762024	0.0316046464148	-0.0354052867869	0.00117468313257	-0.0333059990768	-0.0381585347051	0.0301781034314	-0.0295945998809	0.0420496578096	0.00810757751655	-0.0761394228705	-0.0571664308568	1.0	-0.00894081204376	0.0210692862968	-0.0269205007286	0.0624962936061	-0.0737929474761	-0.0432463553338	0.016616465468	-0.0608368971085	0.0302507630703	-0.017345831973	-0.00658836218296	0.0396249618549	0.0390467642554	0.00572797075615	0.0267855901047	-0.0637674769578	-0.0421934372273	0.0516514684794	-0.0623669508993	-0.0149190775887	-0.0153790748219	-0.00109933331601	0.00627561197388	-0.0311250069242	0.0253224814871	0.037467732055	-0.0101853631925	-0.0206340620501	0.0431853911147	0.0291686565303	0.038130185311	-0.00795855977301	-0.0406308147034	-0.0129398506453
k__Bacteria;p__Bacteroidetes;c__Bacteroidia;o__Bacteroidales;f__Bacteroidaceae;g__Bacteroides;s__Bacteroides_coprophilus	0.0019953148695	0.019550181033	-0.0655873102866	-0.00345487640391	-0.00244862250931	-0.0637071085832	-0.0319319045747	-0.00979152394816	-0.0293951094393	0.0172550464441	0.0245269361378	-0.00723550356816	-0.0221055474294	-0.0445640792529	-0.00864143785993	-0.001105322668	-0.00909541416151	0.0459002182608	0.0300244194228	-0.0147949774561	0.0179407273302	0.00977957289203	0.027261722029	-0.0262874856089	-0.00894081204376	1.0	-0.0333112037008	-0.0187863646849	-0.0586528410278	0.0211626537179	0.00672615769346	-0.0676951295297	0.014907386667	-0.0178975913077	0.0338927459415	-0.039201690603	0.000749532859354	-0.00929967259191	0.0587751298821	-0.0161977652371	0.0574683169507	-0.0532232508089	-0.00324577606051	-0.040599101679	-4.02716877716e-05	-0.0642720346593	0.00652188094416	-0.0491985754137	0.0130886842579	0.0120320439826	-0.0120127438918	0.0325704797845	0.0446373625326	-0.0432236692788	-0.0230493590233	-0.0340657426979	-0.021116913851	-0.0151638431756	0.0184378632411
k__Bacteria;p__Firmicutes;c__Clostridia;o__Clostridiales;f__Lachnospiraceae;g__Roseburia;s__Roseburia_intestinalis	0.00555466500948	-0.0377504557012	-0.0223749089823	0.0394676104507	-0.0672933913805	-0.0898460626823	-0.0194249485345	0.0627592091958	-0.00769402390021	-0.0854208623743	0.0184086649442	-0.00960679602563	-0.00778937343895	0.0213472713171	0.0213942214216	-0.045074279071	0.00892587205672	-0.00309650649166	0.0193727096035	-0.0338747476244	0.0282233167625	0.0258508144158	-0.0689225072452	0.0182010573097	0.0210692862968	-0.0333112037008	1.0	-0.0487816086175	-0.0764539379186	0.0195043196699	-0.00363171811967	0.0330907653667	0.00988383311711	0.0282782801874	-0.0719864026989	0.0195099580115	0.0397947220556	-0.0236419071266	0.029084016212	-0.00645268666082	0.0637249943195	-0.0315263263461	-0.0248724412126	-0.0205043507452	0.00449330495833	0.0425590424506	0.0423167370269	-0.0344474824706	-0.0571465723904	-0.0358239002958	-0.0155002755339	-0.0093970772903	-0.0003107538032	-0.0361885516977	-0.0658163697201	0.0764656167379	-0.0520040404007	-0.0283862480195	0.000208505584608
k__Bacteria;p__Firmicutes;c__Clostridia;o__Clostridiales;f__Lachnospiraceae;g__Roseburia;s__Roseburia_hominis	0.0276593574881	-5.63460581684e-05	-0.0585164598121	-0.0314800370774	-0.0518918583651	-0.00903375611302	-0.0728688276716	-0.0481878431495	-0.00726266040294	0.00216004629381	-0.015856964257	0.0377136465959	-0.0421965149164	-0.0167383200099	-0.0221142534455	0.0272577988575	0.0327376080599	-0.0251909241375	0.01727120483	0.00566194285868	0.019777523209	-0.0054084061438	0.0407297423244	0.0154374390238	-0.0269205007286	-0.0187863646849	-0.0487816086175	1.0	0.0268165632436	0.0458096299958	0.0142593826612	-0.0224849947329	-0.0193425957948	-0.0640533475709	-0.0047575709758	-0.0564895708097	-0.0090287125954	-0.00103586520874	0.0124324883579	0.00619055120721	-0.0193217588513	0.00973105450957	-0.015268005653	0.00330494207162	-0.0481667366774	0.04226151619	0.0528737515246	0.00135540037395	-0.00873140068311	0.0289315211072	0.0293922361532	0.0242351003447	-0.0468072014658	0.000234018094579	-0.00051456773416	0.0644483050331	0.0371540000174	-0.0286949271762	-0.00101168662015
k__Bacteria;p__Bacteroidetes;c__Bacteroidia;o__Bacteroidales;f__Porphyromonadaceae;g__Parabacteroides;s__Parabacteroides_johnsonii	-0.00597763184835	-0.0231484687439	0.00606263503708	0.0316887483178	-0.0472428108872	-0.0181013870222	-0.0698013304743	0.0551740390082	0.0590723831158	-0.00744179129669	-0.0458670450907	0.0336295445205	0.00312623628085	-0.016774205186	-0.00255487119669	0.0179571437713	0.0344955187722	-0.0169401867723	-0.00832428736414	-0.0174078192129	-0.011716512656	-0.0478740838684	0.0405663237286	0.0287073771017	0.0624962936061	-0.0586528410278	-0.0764539379186	0.0268165632436	1.0	-0.0022709500341	-0.000926970612255	0.00370003603085	-0.00788900834806	0.0549464657365	0.0565801898318	0.016339123019	-0.0245293005725	0.030872501167	-0.0178870908185	-0.0301325094912	-0.00305755707829	0.00593593259856	-0.0419962126918	-0.0377925274905	0.0323982943381	-0.0230721236352	-0.0312440225187	-0.0488386974141	0.0285680389231	-0.050718941847	0.00463737933737	0.052421731027	-0.0299656579399	-0.00168538631459	-0.0207814691108	0.0597655413133	-0.0495879623386	-0.0124848100124	-0.021237572702
k__Bacteria;p__Actinobacteria;c__Actinobacteria;o__Bifidobacteriales;f__Bifidobacteriaceae;g__Bifidobacterium;s__Bifidobacterium_longum	-0.0357032577568	-0.0388120235433	0.0229836674112	0.012391952288	0.0158566583017	-0.0187336870229	0.0605854037938	-0.0349006716648	-0.0490246102563	-0.00676935974498	-0.0309267729074	0.00621611549515	-0.0142995742885	-0.0325492479237	0.0129723905117	-0.0443008533114	-0.0143644611082	0.0234000728139	-0.045843261361	0.038650526626	-0.0158925271778	0.0200505969781	-0.00531587045185	0.0556481479882	-0.0737929474761	0.0211626537179	0.0195043196699	0.0458096299958	-0.0022709500341	1.0	-0.0130046351463	-0.00508552466109	-0.0561382485291	0.0206656241085	0.0291740205319	-0.0637130712655	-0.0307857504258	0.000935869161978	8.47637461994e-05	-0.0586189530061	0.0106962016621	-0.00357650741538	0.0458503629562	0.0424690630677	-0.0164244885641	0.0579897218958	0.0186145779524	-0.0299182879758	-0.000559880418267	-0.010422858606	0.0200931756647	0.0198447464672	0.0305937592727	-0.00288216279771	-0.0391668839835	0.014734415195	0.0314823358572	-0.0241648532113	0.0403955317594
