#taxonomy	k__Bacteria;p__Bacteroidetes;c__Bacteroidia;o__Bacteroidales;f__Bacteroidaceae;g__Bacteroides;s__Bacteroides_vulgatus	k__Bacteria;p__Bacteroidetes;c__Bacteroidia;o__Bacteroidales;f__Bacteroidaceae;g__Bacteroides;s__Bacteroides_uniformis	k__Bacteria;p__Bacteroidetes;c__Bacteroidia;o__Bacteroidales;f__Rikenellaceae;g__Alistipes;s__Alistipes_putredinis	k__Bacteria;p__Bacteroidetes;c__Bacteroidia;o__Bacteroidales;f__Prevotellaceae;g__Prevotella;s__Prevotella_copri	k__Bacteria;p__Bacteroidetes;c__Bacteroidia;o__Bacteroidales;f__Bacteroidaceae;g__Bacteroides;s__Bacteroides_stercoris	k__Bacteria;p__Bacteroidetes;c__Bacteroidia;o__Bacteroidales;f__Bacteroidaceae;g__Bacteroides;s__Bacteroides_ovatus	k__Bacteria;p__Bacteroidetes;c__Bacteroidia;o__Bacteroidales;f__Rikenellaceae;g__Alistipes;s__Alistipes_shahii	k__Bacteria;p__Firmicutes;c__Clostridia;o__Clostridiales;f__Ruminococcaceae;g__Faecalibacterium;s__Faecalibacterium_prausnitzii	k__Bacteria;p__Bacteroidetes;c__Bacteroidia;o__Bacteroidales;f__Rikenellaceae;g__Alistipes;s__Alistipes_finegoldii	k__Bacteria;p__Bacteroidetes;c__Bacteroidia;o__Bacteroidales;f__Porphyromonadaceae;g__Parabacteroides;s__Parabacteroides_distasonis	k__Bacteria;p__Bacteroidetes;c__Bacteroidia;o__Bacteroidales;f__Bacteroidaceae;g__Bacteroides;s__Bacteroides_thetaiotaomicron	k__Bacteria;p__Bacteroidetes;c__Bacteroidia;o__Bacteroidales;f__Bacteroidaceae;g__Bacteroides;s__Bacteroides_coprocola	k__Bacteria;p__Bacteroidetes;c__Bacteroidia;o__Bacteroidales;f__Bacteroidaceae;g__Bacteroides;s__Bacteroides_cellulosilyticus	k__Bacteria;p__Bacteroidetes;c__Bacteroidia;o__Bacteroidales;f__Rikenellaceae;g__Alistipes;s__Alistipes_obesi	k__Bacteria;p__Firmicutes;c__Clostridia;o__Clostridiales;f__Lachnospiraceae;g__;s__[Eubacterium]_rectale	k__Bacteria;p__Bacteroidetes;c__Bacteroidia;o__Bacteroidales;f__Bacteroidaceae;g__Bacteroides;s__Bacteroides_plebeius	k__Bacteria;p__Bacteroidetes;c__Bacteroidia;o__Bacteroidales;f__Bacteroidaceae;g__Bacteroides;s__Bacteroides_fragilis	k__Bacteria;p__Proteobacteria;c__Betaproteobacteria;o__Burkholderiales;f__Sutterellaceae;g__Sutterella;s__Sutterella_wadsworthensis	k__Bacteria;p__Bacteroidetes;c__Bacteroidia;o__Bacteroidales;f__Porphyromonadaceae;g__Barnesiella;s__Barnesiella_intestinihominis	k__Bacteria;p__Bacteroidetes;c__Bacteroidia;o__Bacteroidales;f__Odoribacteraceae;g__Odoribacter;s__Odoribacter_splanchnicus	k__Bacteria;p__Bacteroidetes;c__Bacteroidia;o__Bacteroidales;f__Bacteroidaceae;g__Bacteroides;s__Bacteroides_salyersiae	k__Bacteria;p__Firmicutes;c__Clostridia;o__Clostridiales;f__Ruminococcaceae;g__Ruminiclostridium;s__[Eubacterium]_siraeum	k__Bacteria;p__Proteobacteria;c__Betaproteobacteria;o__Burkholderiales;f__Sutterellaceae;g__Parasutterella;s__Parasutterella_excrementihominis	k__Bacteria;p__Actinobacteria;c__Actinobacteria;o__Bifidobacteriales;f__Bifidobacteriaceae;g__Bifidobacterium;s__Bifidobacterium_adolescentis	k__Bacteria;p__Firmicutes;c__Clostridia;o__Clostridiales;f__Oscillospiraceae;g__Oscillibacter;s__Oscillibacter_sp._KLE_1745	k__Bacteria;p__Bacteroidetes;c__Bacteroidia;o__Bacteroidales;f__Bacteroidaceae;g__Bacteroides;s__Bacteroides_coprophilus	k__Bacteria;p__Firmicutes;c__Clostridia;o__Clostridiales;f__Lachnospiraceae;g__Roseburia;s__Roseburia_intestinalis	k__Bacteria;p__Firmicutes;c__Clostridia;o__Clostridiales;f__Lachnospiraceae;g__Roseburia;s__Roseburia_hominis	k__Bacteria;p__Bacteroidetes;c__Bacteroidia;o__Bacteroidales;f__Porphyromonadaceae;g__Parabacteroides;s__Parabacteroides_johnsonii	k__Bacteria;p__Actinobacteria;c__Actinobacteria;o__Bifidobacteriales;f__Bifidobacteriaceae;g__Bifidobacterium;s__Bifidobacterium_longum	k__Bacteria;p__Firmicutes;c__Clostridia;o__Clostridiales;f__;g__Flavonifractor;s__Flavonifractor_plautii	k__Bacteria;p__Firmicutes;c__Clostridia;o__Clostridiales;f__Clostridiaceae;g__Clostridium;s__Clostridium_phoceensis	k__Bacteria;p__Verrucomicrobia;c__Verrucomicrobiae;o__Verrucomicrobiales;f__Akkermansiaceae;g__Akkermansia;s__Akkermansia_muciniphila	k__Bacteria;p__Bacteroidetes;c__Bacteroidia;o__Bacteroidales;f__Prevotellaceae;g__Paraprevotella;s__Paraprevotella_xylaniphila	k__Bacteria;p__Firmicutes;c__Clostridia;o__Clostridiales;f__Ruminococcaceae;g__Ruminococcus;s__Ruminococcus_callidus	k__Bacteria;p__Bacteroidetes;c__Bacteroidia;o__Bacteroidales;f__Rikenellaceae;g__Alistipes;s__Alistipes_senegalensis	k__Bacteria;p__Firmicutes;c__Clostridia;o__Clostridiales;f__Lachnospiraceae;g__Blautia;s__Blautia_sp._KLE_1732	k__Bacteria;p__Bacteroidetes;c__Bacteroidia;o__Bacteroidales;f__Bacteroidaceae;g__Bacteroides;s__Bacteroides_oleiciplenus	k__Bacteria;p__Firmicutes;c__Clostridia;o__Clostridiales;f__Ruminococcaceae;g__Ruminococcus;s__Ruminococcus_bicirculans	k__Bacteria;p__Bacteroidetes;c__Bacteroidia;o__Bacteroidales;f__Bacteroidaceae;g__Bacteroides;s__Bacteroides_fluxus	k__Bacteria;p__Bacteroidetes;c__Bacteroidia;o__Bacteroidales;f__Prevotellaceae;g__Prevotella;s__Prevotella_stercorea	k__Bacteria;p__Firmicutes;c__Clostridia;o__Clostridiales;f__Lachnospiraceae;g__Dorea;s__Dorea_longicatena	k__Bacteria;p__Firmicutes;c__Clostridia;o__Clostridiales;f__Eubacteriaceae;g__Eubacterium;s__[Eubacterium]_eligens	k__Bacteria;p__Firmicutes;c__Clostridia;o__Clostridiales;f__Ruminococcaceae;g__;s__Ruminococcaceae_bacterium_D16	k__Bacteria;p__Firmicutes;c__Clostridia;o__Clostridiales;f__Lachnospiraceae;g__Coprococcus;s__Coprococcus_comes	k__Bacteria;p__Proteobacteria;c__Gammaproteobacteria;o__Enterobacterales;f__Enterobacteriaceae;g__Escherichia;s__Escherichia_coli	k__Bacteria;p__Firmicutes;c__Clostridia;o__Clostridiales;f__Ruminococcaceae;g__Anaerotruncus;s__Anaerotruncus_colihominis	k__Bacteria;p__Firmicutes;c__Clostridia;o__Clostridiales;f__Lachnospiraceae;g__Blautia;s__Blautia_obeum	k__Bacteria;p__Bacteroidetes;c__Bacteroidia;o__Bacteroidales;f__Odoribacteraceae;g__Odoribacter;s__Odoribacter_laneus	k__Bacteria;p__Firmicutes;c__Clostridia;o__Clostridiales;f__Ruminococcaceae;g__Ruminiclostridium;s__[Clostridium]_leptum	k__Bacteria;p__Bacteroidetes;c__Bacteroidia;o__Bacteroidales;f__Porphyromonadaceae;g__Parabacteroides;s__Parabacteroides_goldsteinii	k__Bacteria;p__Firmicutes;c__Clostridia;o__Clostridiales;f__Lachnospiraceae;g__Anaerostipes;s__Anaerostipes_hadrus	k__Bacteria;p__Firmicutes;c__Clostridia;o__Clostridiales;f__Ruminococcaceae;g__Ruminococcus;s__Ruminococcus_lactaris	k__Bacteria;p__Firmicutes;c__Clostridia;o__Clostridiales;f__Clostridiaceae;g__Clostridium;s__Clostridium_sp._L2-50	k__Bacteria;p__Firmicutes;c__Clostridia;o__Clostridiales;f__Clostridiaceae;g__Clostridium;s__Clostridium_sp._M62/1	k__Bacteria;p__Firmicutes;c__Clostridia;o__Clostridiales;f__;g__Intestinimonas;s__Intestinimonas_butyriciproducens	k__Bacteria;p__Actinobacteria;c__Actinobacteria;o__Bifidobacteriales;f__Bifidobacteriaceae;g__Bifidobacterium;s__Bifidobacterium_bifidum	k__Bacteria;p__Firmicutes;c__Negativicutes;o__Veillonellales;f__Veillonellaceae;g__Dialister;s__Dialister_invisus	k__Bacteria;p__Bacteroidetes;c__Bacteroidia;o__Bacteroidales;f__Bacteroidaceae;g__Bacteroides;s__Bacteroides_salanitronis
k__Bacteria;p__Bacteroidetes;c__Bacteroidia;o__Bacteroidales;f__Bacteroidaceae;g__Bacteroides;s__Bacteroides_vulgatus	1.0	-0.0555760732967	0.0573902418984	-0.0288186460043	-0.0431536946566	-0.0188000984689	-0.07009293256	-0.00544918270877	0.0190034837258	-0.0204693224052	-0.00246574238836	0.0130980138525	0.0293094416891	0.0599130884253	-0.0333503410838	0.0208014113645	0.0186967134667	0.00107881963271	-0.0649522184612	0.0115986940592	-0.000641624896185	-0.0294371281978	0.0292233098078	0.0611776207147	-0.00568700874991	-0.016754747464	0.0096153827222	0.0568975163892	-0.0371057531853	-0.0665597824024	-0.0100329664397	-0.0427804984096	-0.00353760695171	0.0324294169158	-0.0353787300896	-0.0583080176183	-0.00121634859091	-0.0806887113986	0.0256733103049	-0.0178908765975	-0.0211432144747	-0.0881976463081	-0.0207305034315	-0.016512903653	-0.0428007818414	0.00886824139066	0.050137534763	0.0423206674385	0.0588658601314	-0.0221259180193	-0.105927503641	0.017737512208	-0.0305967077436	-0.014329464829	-0.0294082249326	0.0140152123354	-0.00317338099372	0.011442875601	0.0701856862997
k__Bacteria;p__Bacteroidetes;c__Bacteroidia;o__Bacteroidales;f__Bacteroidaceae;g__Bacteroides;s__Bacteroides_uniformis	-0.0555760732967	1.0	0.000958713908309	-0.00525735539593	-0.0258888127982	-0.0232009538957	-0.0539119886735	0.0379961923037	0.0407056261229	-0.0534801129441	0.00394453741958	-0.0146821590354	-0.0268119932169	0.0427998730433	0.0154327910346	-0.0181881909009	-0.0265144884923	-0.0189757743932	-0.0386880670886	0.0573488945144	0.00463431817386	0.0156061201758	-0.0298492527135	-0.026986015765	0.0142513273311	0.00552238648605	0.0173058852661	-0.00915426042669	-0.00501204137829	-0.00786906378321	0.0268615789977	-0.0172409345182	-0.00762239639709	0.00929753546136	0.00221209491999	0.0075431272102	0.0633562489535	-0.00174914430736	-0.0380248223575	-0.0628562977163	-0.00452838624502	-0.0745010723389	0.00237572379303	-0.0313340989722	-0.00927137403866	-0.00419727090005	0.0102245707512	-0.0132407570279	-0.0176488553723	0.00140401886777	-0.0374307227587	-0.0340244287735	-0.0198472164121	0.0150932333072	0.0131739151658	0.00866381651109	0.0350213368859	-0.0315913260676	-0.0570567780479
k__Bacteria;p__Bacteroidetes;c__Bacteroidia;o__Bacteroidales;f__Rikenellaceae;g__Alistipes;s__Alistipes_putredinis	0.0573902418984	0.000958713908309	1.0	-0.0132541237644	0.0195158824177	0.00174496637492	0.0154146551729	-0.0143059211653	0.0097016141846	0.00957350724008	0.085937436807	-0.0334654555327	0.0122055747544	0.0253702402395	0.0141269430792	-0.0601480045808	0.00656391032637	-0.0107856537578	-0.00907125487413	0.0159260441555	-0.0187919800075	0.0347287187018	-0.0344344027542	-0.0631104902311	0.016096447705	-0.00621844243304	-0.00960475314692	0.0204327626968	-0.0147690322295	-0.00256813917921	-0.0152915921814	-0.0139306176755	0.0484644906116	-0.00773021758127	0.0499164873917	-0.0433789735004	-0.00499221586404	0.00788931782635	-0.0784130064414	-0.0570150857222	-0.0495302336561	-0.0316907145011	-0.0333448279936	0.0186098878466	0.0235791459691	-0.0234928551247	-0.0161423509786	-0.0112397706346	0.118607293165	-0.0210600914107	0.0206750704521	-0.0151188402227	-0.0812528134793	0.0258477298453	0.0433847049995	-0.0370815703761	0.00326011223721	-0.0309073466844	0.0135070756784
k__Bacteria;p__Bacteroidetes;c__Bacteroidia;o__Bacteroidales;f__Prevotellaceae;g__Prevotella;s__Prevotella_copri	-0.0288186460043	-0.00525735539593	-0.0132541237644	1.0	0.0434003417807	0.0226425914318	-0.0277832892079	0.0334958899154	-0.0359532176231	0.0563331338998	-0.046604026642	-0.0219998429633	-0.010219654419	0.0136743622663	-0.00295436365403	0.00379568126208	0.000660999478154	0.0294458645728	-0.019008997961	0.030076671995	-0.0134019902414	0.0449610110767	-0.00706026994005	-0.0221924027611	0.019840725068	0.054075358907	-0.0279278698671	0.0253546602155	-0.0304402917769	-0.0117950703482	-0.0323521043668	-0.0199759691263	-0.0396463002781	0.0120673076314	-0.0127790429564	0.0312483945133	0.0498808149224	-0.012385271337	0.0438542790599	-0.0314458847336	-0.0361168827051	-0.034335278702	-0.116491463808	0.0296986559599	-0.0807386802266	-0.0837342556808	-0.0229183416733	0.00614951052098	-0.0210157932946	0.0581273392612	0.0214238507194	-0.00363911205727	0.000468036127733	-0.0301837588759	-0.03477592029	0.0294348305273	0.0095368067686	-0.0217915524081	-0.0492046322268
k__Bacteria;p__Bacteroidetes;c__Bacteroidia;o__Bacteroidales;f__Bacteroidaceae;g__Bacteroides;s__Bacteroides_stercoris	-0.0431536946566	-0.0258888127982	0.0195158824177	0.0434003417807	1.0	0.0350070658552	0.00215459454722	-0.0115468114412	0.00576563538672	-0.0224809561251	-0.0869438879942	-0.031695156893	0.0180547113893	-0.0224221465271	0.0183117167658	-0.0178153252733	-0.0299068250081	0.0154839100898	0.00855552088858	-0.00351794227059	0.0144563927152	-0.0668378909932	-0.00906216171325	0.0267390083763	-0.00360493633785	-0.0602066319983	0.0439876355595	0.00204704576094	0.0505815451876	-0.0321541855266	0.0284904883598	-0.00925668661765	-0.00795810276911	0.0783271124163	0.0390251813308	-0.0341010935544	-0.0363975875501	-0.00167272495995	-0.0226892939326	0.0639820372234	-0.0320110937763	-0.0714974496148	-0.0279073810717	0.0263792779254	0.0457988447349	0.0183575616283	-0.00461716411584	-0.0108202459743	0.0312584329066	-0.0888460358205	-0.00149181045345	-0.0589442537028	-0.0372405821796	-0.0178155428425	-0.0244541965734	-0.0814022572272	0.00597350320526	-0.0601403107425	-0.000157740587697
k__Bacteria;p__Bacteroidetes;c__Bacteroidia;o__Bacteroidales;f__Bacteroidaceae;g__Bacteroides;s__Bacteroides_ovatus	-0.0188000984689	-0.0232009538957	0.00174496637492	0.0226425914318	0.0350070658552	1.0	-0.0486004482357	0.0327254474483	-0.0384940942763	-0.0174364949722	0.0259233119821	0.015205087776	-0.0344675538471	-0.0278554533969	0.0154423738466	0.0124129362591	0.0130853336913	0.0562475615793	0.0353046526863	-0.0356397300471	0.0266993057418	-0.00952427367444	0.020103945191	0.0190368099733	-0.0127882683141	-0.0495573737344	-0.0569512964359	0.026409956278	-0.0131042656828	0.04646371157	-0.034491285116	-0.0444468130049	0.00344254924979	-0.0234058121447	0.0186236632746	0.0298974587408	0.0396110964552	-0.0301166850178	-0.0583662765369	-0.0155344698056	0.016776849443	-0.0017102130245	-0.0148256982189	-0.0165123668391	-0.0401209862772	-0.048484963981	-0.0388512537495	0.032215133631	-0.012064548074	-0.00233604579868	-0.00316709799738	-0.0359388566928	0.0190346038918	-0.0135652149049	-0.0157540097886	-0.0594273060062	-0.0509420719318	0.064795838595	-0.0225344105884
k__Bacteria;p__Bacteroidetes;c__Bacteroidia;o__Bacteroidales;f__Rikenellaceae;g__Alistipes;s__Alistipes_shahii	-0.07009293256	-0.0539119886735	0.0154146551729	-0.0277832892079	0.00215459454722	-0.0486004482357	1.0	0.0249087366385	-0.0344920401305	-0.0232457886141	0.0573569082816	0.0576292888233	-0.0103973410997	0.0629760278588	-0.0603209884009	-0.0158342460073	-0.0359432523061	-0.0611238320718	0.00198549871778	-0.0436897812402	0.0203442833454	-0.0319331890937	0.013978900029	0.024973659852	0.00102035222847	0.0132642892979	-0.0157799814385	0.00437703368567	-0.0200841633717	0.062727550272	0.0550133055257	0.0172107101682	-0.0691063643342	0.0473189970608	-0.0374390437626	0.037605306525	0.0136598330278	-0.0595503001249	0.0242263639847	0.0345890444455	-0.0121176113003	0.0101219256264	0.0391574872753	-0.0109225543975	-0.00986733480432	0.00695796335537	-0.0236438117952	0.0181846625521	0.057248352946	0.0408407914324	-0.00319678364677	-0.0218582226952	0.00807828734107	-0.00644647524872	-0.0575431995086	0.00759267834365	0.0455532194112	0.000780527209287	-0.00448869474471
k__Bacteria;p__Firmicutes;c__Clostridia;o__Clostridiales;f__Ruminococcaceae;g__Faecalibacterium;s__Faecalibacterium_prausnitzii	-0.00544918270877	0.0379961923037	-0.0143059211653	0.0334958899154	-0.0115468114412	0.0327254474483	0.0249087366385	1.0	-0.0148311844088	-0.00662603286845	-0.0809011597946	-0.0113810596457	0.0172929235942	0.0062061915707	0.0135112421251	0.0259479326614	-0.0178807074544	0.00755374416649	-0.0610506641045	-0.050775576899	0.0202208867743	0.00131522046955	-0.0352039397063	0.0178257412527	0.00678700454132	-0.0170463412001	-0.0833727273553	-0.0207535595922	-0.0416278713921	-0.0148660516724	0.00223402534756	-0.0356864681774	-0.0321601930946	-0.0190832297889	-0.0393941785359	0.0027068334265	-0.0241132820765	0.0595022018488	0.0563055862841	-0.0463456154275	-0.057020701742	0.012766017054	-0.0736577014812	0.0193419936909	-0.033202703465	0.00622010106394	-0.0173323824115	0.00445131150644	-0.00750121596453	-0.00610607521788	0.0061594306952	-0.000319776951748	0.000706426164144	-0.0340648924007	-0.00420890183501	0.0368283754536	0.0220861741211	-0.00460824423216	-0.0378675442441
k__Bacteria;p__Bacteroidetes;c__Bacteroidia;o__Bacteroidales;f__Rikenellaceae;g__Alistipes;s__Alistipes_finegoldii	0.0190034837258	0.0407056261229	0.0097016141846	-0.0359532176231	0.00576563538672	-0.0384940942763	-0.0344920401305	-0.0148311844088	1.0	-0.0293840421442	0.0216386941161	0.0458967895786	0.0416653137506	-0.0146092724355	-0.0373715103554	0.0336391146812	0.0368322282417	-0.0445303888141	-0.0150603812565	0.00497992660931	0.00684874258461	0.0116652311762	-0.0200797812921	-0.0468030986395	-0.023441055316	-0.0502798870837	-0.0119660064109	-0.017649475431	0.029565961224	-0.0577522529863	-0.0336291346613	-0.00877589292283	0.028819023536	-0.0144715451275	-0.0297807868191	-0.0505856741222	0.0139220733214	0.0824368164645	-0.0461457688308	0.0303225300716	-0.00977603402288	-0.0324277521816	-0.0323284864037	-0.0199364091509	0.0759527829186	-0.0457041261048	0.0170678698196	-0.0611669622653	-0.03901819422	0.00691704248711	-0.0226128318618	-0.0525020659742	-0.0563694860842	-0.064196991845	-0.0762491712897	0.0264409661497	0.0304196219735	0.0341064672785	0.0351743349334
k__Bacteria;p__Bacteroidetes;c__Bacteroidia;o__Bacteroidales;f__Porphyromonadaceae;g__Parabacteroides;s__Parabacteroides_distasonis	-0.0204693224052	-0.0534801129441	0.00957350724008	0.0563331338998	-0.0224809561251	-0.0174364949722	-0.0232457886141	-0.00662603286845	-0.0293840421442	1.0	-0.000523218342081	0.0231858094567	0.0235546897179	0.0167844830163	-0.0497579054576	-0.0182446344171	-0.0279593554326	-0.0205939773621	0.0162439875937	-0.0503315769409	-0.0417635485299	-0.0129728904977	0.0307188485931	-0.00803249769135	-0.00833614103437	-0.0255559122068	-0.00757456857825	-0.0320826189193	-0.0123343073714	-0.0539949509738	0.0038977002365	-0.00942793299809	-0.0391436011917	-0.0392782824965	0.0267897429791	0.0133618529798	0.0138451620037	-0.0296714850274	0.0349675077231	-0.00747306507858	-0.0221079857466	0.00301990032732	-0.00485711567881	-0.0243252854161	0.0542087810494	0.0220810993911	-0.0330334834463	-0.0252164494083	-0.0147673030129	-0.0275030921215	0.00937348439526	-0.0693416129075	-0.0480971997595	-0.0222536436173	0.0201681989128	0.0148555787467	-0.00907413441701	-0.0289462835028	-0.00873030254051
k__Bacteria;p__Bacteroidetes;c__Bacteroidia;o__Bacteroidales;f__Bacteroidaceae;g__Bacteroides;s__Bacteroides_thetaiotaomicron	-0.00246574238836	0.00394453741958	0.085937436807	-0.046604026642	-0.0869438879942	0.0259233119821	0.0573569082816	-0.0809011597946	0.0216386941161	-0.000523218342081	1.0	-0.0877358331628	-0.0364272178111	0.000859000052767	-0.0131257260412	0.00499886616354	-0.0214685279932	0.0134991010107	-0.0387386631961	0.00498903577134	0.0315030658198	0.0274378536924	0.00984142378962	-0.037579584282	0.0104959226152	0.00783194337056	-0.0232237594302	0.016624075892	-0.0381261177625	-0.00872274994655	-0.00569605135879	-0.0520497272716	-0.00174373913453	-0.0116867803069	-0.0438394394681	-0.0255257657603	-0.0163554913762	0.0363714091852	0.0273833530412	-0.00732239948768	-0.047160646779	-0.0316688931896	0.00831798353847	-0.0138013902066	0.0305937324498	-0.0190451187738	0.0401474036705	0.00316112955112	-0.0617471279572	0.00300465327322	-0.0413766448442	-0.00990457343726	-0.0119918437567	-0.0508460566002	0.0287664003423	-0.0257564306436	0.010652108771	0.0216357108405	-0.0180760991806
k__Bacteria;p__Bacteroidetes;c__Bacteroidia;o__Bacteroidales;f__Bacteroidaceae;g__Bacteroides;s__Bacteroides_coprocola	0.0130980138525	-0.0146821590354	-0.0334654555327	-0.0219998429633	-0.031695156893	0.015205087776	0.0576292888233	-0.0113810596457	0.0458967895786	0.0231858094567	-0.0877358331628	1.0	-0.0236738141173	0.0666840212117	-0.0511702690744	-0.00560089809495	0.000155997238353	-0.0307739587329	-0.012182510218	0.0872185294154	-0.0140004525139	-0.0301995081184	-0.0453158996425	-0.036864652271	0.0128766541297	-0.0389548915947	0.0204069880254	-0.0284684650096	-0.00467073895658	-0.00126865999245	-0.0255366879676	-0.0430256266585	0.0523993075509	-0.0563510092694	0.0793857845282	-0.0332804957026	-0.0492513776855	0.0255998515204	-0.00252066654127	-0.0405901114625	0.0232386291198	-0.00315289549828	-0.0186373149136	0.031221894313	0.0447032518653	0.0925477074847	0.0160587032605	0.0612934044156	0.0272945317488	-0.031320051232	-0.0816376619179	-0.0177590593514	-0.0346374841538	-0.0260171117963	0.0205795182392	0.0163774556227	-0.0430721114579	-0.0578747250312	-0.0257520725806
k__Bacteria;p__Bacteroidetes;c__Bacteroidia;o__Bacteroidales;f__Bacteroidaceae;g__Bacteroides;s__Bacteroides_cellulosilyticus	0.0293094416891	-0.0268119932169	0.0122055747544	-0.010219654419	0.0180547113893	-0.0344675538471	-0.0103973410997	0.0172929235942	0.0416653137506	0.0235546897179	-0.0364272178111	-0.0236738141173	1.0	-0.0346630756182	0.000631501080768	-0.00516084748203	0.0303643448207	0.000499438124581	0.021044249276	-0.0221433755069	-0.0278322569587	-0.0109879419635	-0.0752666741401	-0.0368642418007	-0.098929572803	0.00392187949287	0.0330086329525	-0.00539310030713	-0.0300243338052	0.0484807763176	-0.000978715177288	-0.0169401492646	0.00547750922101	0.0290803678116	-0.00340036304635	0.0364498561924	-0.0802189443272	-0.0383746775129	-0.0296871881327	0.00749807418984	0.00988387012904	0.0443315688512	0.0152643901938	-0.00435973845846	-0.0357097114406	0.0101494900007	-0.0532652507867	-0.0471933469591	-0.0201763290956	-0.0215954236455	-0.0420367396724	-0.00509550381659	0.0859674600951	-0.0209728351067	-0.0295002274309	-0.0127216166574	-0.0574486032647	0.022048291872	-0.0281871450681
k__Bacteria;p__Bacteroidetes;c__Bacteroidia;o__Bacteroidales;f__Rikenellaceae;g__Alistipes;s__Alistipes_obesi	0.0599130884253	0.0427998730433	0.0253702402395	0.0136743622663	-0.0224221465271	-0.0278554533969	0.0629760278588	0.0062061915707	-0.0146092724355	0.0167844830163	0.000859000052767	0.0666840212117	-0.0346630756182	1.0	-0.00242451383143	0.0598127969673	0.0337614461832	0.0109859001574	-0.00766506191945	-0.0539969818654	-0.0108571213031	-0.0136650631033	0.0459212523883	-0.0873432324227	-0.0138548779531	-0.0560208501628	-0.053307098605	-0.049127286428	0.0663529451235	-0.0116286688254	-0.0454511317395	-0.037886437889	-0.0407302261415	0.02311639455	0.000526268429693	0.00772748197904	0.0401266110073	0.0783782660391	-0.0363753160596	-0.00943741531406	0.00697440890222	-0.0206915490317	0.0372327611313	-0.0234958478614	-0.070641938426	-0.0916640063732	-0.0365373664104	-0.0203611911047	0.041599323512	-0.0351874363768	0.0332658976391	0.0435592575344	0.0249031544578	-0.0478918688163	-0.00302411223889	-0.0211076087726	-0.0304790260424	-0.0518118412497	-0.0500861209788
k__Bacteria;p__Firmicutes;c__Clostridia;o__Clostridiales;f__Lachnospiraceae;g__;s__[Eubacterium]_rectale	-0.0333503410838	0.0154327910346	0.0141269430792	-0.00295436365403	0.0183117167658	0.0154423738466	-0.0603209884009	0.0135112421251	-0.0373715103554	-0.0497579054576	-0.0131257260412	-0.0511702690744	0.000631501080767	-0.00242451383143	1.0	-0.0373824140284	0.000376037688561	-0.0649993767678	-0.0409444957055	0.00320799897589	0.0118280730791	-0.0233007386485	-0.00324368155874	0.0123737947243	-0.0293940386423	0.0188613011315	-0.00216920971059	0.00810625193923	0.0304450373098	0.0323940896404	-0.00679321630943	0.024685323349	-0.00858583498883	-0.0357489203857	-0.0222263648644	0.072832353089	-0.00183121934268	-0.00561300572079	-0.0562936662638	-0.053692775984	0.019196843755	-0.0296506614283	0.0160164008602	0.0373197803148	-0.0059699137873	-0.00221254079358	-0.00451986166801	-0.0358056847014	-0.031044883488	-0.0363294627209	0.0534522233188	-0.0251584573928	-0.00749580521279	-0.0154865595543	-0.00483345794635	-0.0380245486185	-0.00196874831749	0.00959413021419	0.0453816965469
k__Bacteria;p__Bacteroidetes;c__Bacteroidia;o__Bacteroidales;f__Bacteroidaceae;g__Bacteroides;s__Bacteroides_plebeius	0.0208014113645	-0.0181881909009	-0.0601480045808	0.00379568126208	-0.0178153252733	0.0124129362591	-0.0158342460073	0.0259479326614	0.0336391146812	-0.0182446344171	0.00499886616354	-0.00560089809495	-0.00516084748203	0.0598127969673	-0.0373824140284	1.0	0.00546084598562	0.0267184376627	0.0671179947296	0.00535384051648	-0.0549586730501	-0.0989448167915	-0.0138698335347	-0.0278446492495	-0.0340347495836	0.0216870088215	-0.0402321150802	-0.0497857197883	-0.0345095564507	0.00528596444893	-0.0308355712355	0.0251468706743	0.0117021873757	0.0248385777956	-0.0187410610204	-0.0119476274539	0.0117621212167	-0.0377541804747	0.000231042099325	0.0268321591808	-0.0312461071157	-0.0418002690719	-0.0268638728495	-0.023957054714	0.0178776860784	-0.0711853117436	0.00133957572611	0.0313153265645	0.00860947470963	0.0662825384862	-0.00137198534119	-0.0213645642197	0.0161975065763	0.0565442958884	0.0111323035813	-0.00379960657679	0.0431292650985	-0.0178475083166	-0.0501831408684
k__Bacteria;p__Bacteroidetes;c__Bacteroidia;o__Bacteroidales;f__Bacteroidaceae;g__Bacteroides;s__Bacteroides_fragilis	0.0186967134667	-0.0265144884923	0.00656391032637	0.000660999478154	-0.0299068250081	0.0130853336913	-0.0359432523061	-0.0178807074544	0.0368322282417	-0.0279593554326	-0.0214685279932	0.000155997238353	0.0303643448207	0.0337614461832	0.000376037688561	0.00546084598562	1.0	-0.00455563122714	-0.0427384336359	0.00477210440098	-0.0272555331548	-0.0322439099207	-0.020829523297	-0.0142725803726	0.0320310578834	-0.0298172120305	0.0203063974011	-0.0190027434594	0.0711499355431	-0.0479536391565	-0.124748476933	-0.0409651359941	-0.0366955361291	0.0351998827322	0.0268290010355	-0.109437989992	0.0123921047442	0.00959070955884	-0.0117817410466	0.0285452752735	0.0193165472148	0.00932614001065	0.0254070039041	0.0200665966672	0.00510669502769	0.0169323744166	0.00376872621753	-0.0427530052823	2.84476093491e-05	-0.0209070783099	-0.0920410566949	-0.00123356576333	-0.0421568441057	-0.0757174762019	-0.0176309036838	-0.000554634863663	0.00429974266096	-0.0102741883355	-0.0100380968035
k__Bacteria;p__Proteobacteria;c__Betaproteobacteria;o__Burkholderiales;f__Sutterellaceae;g__Sutterella;s__Sutterella_wadsworthensis	0.00107881963271	-0.0189757743932	-0.0107856537578	0.0294458645728	0.0154839100898	0.0562475615793	-0.0611238320718	0.00755374416649	-0.0445303888141	-0.0205939773621	0.0134991010107	-0.0307739587329	0.000499438124581	0.0109859001574	-0.0649993767678	0.0267184376627	-0.00455563122714	1.0	0.0354043583813	0.0106684716685	-0.00114422381402	0.0246861547279	-0.0478664363321	0.00167593085392	0.015237540064	0.0428674479444	0.011030633363	-0.0195430362874	-0.0441225666565	-0.0885225912198	0.000301653952657	-0.0309226098063	-0.00942880700542	-0.0216864521074	0.000602184910556	-0.034538137396	-0.0361467000209	-0.0228446523132	-0.018327026306	0.0089237327222	-0.0377694524537	-0.0715240010381	0.0250651279752	-0.02665643443	-0.0231265211878	-0.0122915043637	0.0412586661589	-0.0198503425585	-0.0458742232234	-0.0109762502414	0.0052407724361	-0.019158459462	0.00688494068491	-0.0120683985932	-0.0332871733104	-0.0311414918235	-0.0397124857404	-0.00532940142367	0.0367021540984
k__Bacteria;p__Bacteroidetes;c__Bacteroidia;o__Bacteroidales;f__Porphyromonadaceae;g__Barnesiella;s__Barnesiella_intestinihominis	-0.0649522184612	-0.0386880670886	-0.00907125487412	-0.019008997961	0.00855552088858	0.0353046526863	0.00198549871778	-0.0610506641045	-0.0150603812565	0.0162439875937	-0.0387386631961	-0.012182510218	0.021044249276	-0.00766506191945	-0.0409444957055	0.0671179947296	-0.0427384336359	0.0354043583813	1.0	0.0120634882822	-0.0416008782851	0.0301712763483	0.0284846053589	0.0212488619295	0.0190450559774	-0.0226765438902	-0.0288993684212	0.0359713307295	-0.0344836590536	-0.00156025842654	-0.0379868760896	0.025026196526	0.0461754224757	-0.0700091671433	-0.0145871945797	-0.0699656062135	-0.0352471068381	-0.0460022651772	0.00351235143281	0.0308768533851	0.0170054470041	0.000105832823319	-0.000911864378455	-0.0393995801689	0.00498055389103	-0.0371302234483	0.0173870287687	-0.0186751995354	-0.0298063207992	0.01512517274	-0.0141171260277	0.012343812181	0.018986054839	-0.0363850789178	0.0691152879782	0.0187965426851	-0.0412922050533	0.0164038065706	-0.0371248668486
k__Bacteria;p__Bacteroidetes;c__Bacteroidia;o__Bacteroidales;f__Odoribacteraceae;g__Odoribacter;s__Odoribacter_splanchnicus	0.0115986940592	0.0573488945144	0.0159260441555	0.030076671995	-0.00351794227059	-0.0356397300471	-0.0436897812402	-0.050775576899	0.00497992660931	-0.0503315769409	0.00498903577134	0.0872185294154	-0.0221433755069	-0.0539969818654	0.00320799897589	0.00535384051648	0.00477210440098	0.0106684716685	0.0120634882822	1.0	-0.0657713555877	0.0498535698879	0.0221127949615	0.0211721685619	-0.0110556780211	0.0338809441232	-0.0269117804266	0.0323402666278	-0.0445639302932	0.0205831500534	0.0104237829707	-0.0120724322772	-0.0263734785395	0.023053899521	0.0857468618	-0.0608063872877	-0.0329394720549	-0.0442647425924	-0.0390048989106	0.0204675122513	-0.00213568307122	0.0298139669671	0.0211055020876	-0.0154735563321	-0.0477698303281	-0.0122270158995	0.0136216707662	-0.000259586065037	-0.0255894470753	-0.0513149041124	0.00491252012558	0.0354603224398	-0.0146944172336	0.00623802643486	0.0128677089166	0.0133336716256	-0.029460863366	0.00539796199308	0.00411433393003
k__Bacteria;p__Bacteroidetes;c__Bacteroidia;o__Bacteroidales;f__Bacteroidaceae;g__Bacteroides;s__Bacteroides_salyersiae	-0.000641624896185	0.00463431817386	-0.0187919800075	-0.0134019902414	0.0144563927152	0.0266993057418	0.0203442833454	0.0202208867743	0.00684874258461	-0.0417635485299	0.0315030658198	-0.0140004525139	-0.0278322569587	-0.0108571213031	0.0118280730791	-0.0549586730501	-0.0272555331548	-0.00114422381402	-0.0416008782851	-0.0657713555877	1.0	-0.0379563066007	0.0157664221853	0.00249619739063	-0.0357565218776	-0.00670810453712	-0.0540007275959	-0.0499896305923	-0.0253925724554	-0.0380447086849	-0.0313316111973	0.00765768146018	0.0254755772852	-0.0123440387164	-0.0486723240855	-0.0468226033059	-0.00828907326776	-0.060453281503	0.000190381947973	-0.0374338369188	-0.0581182713584	0.0444571675155	-0.00673729032324	-0.0139820692341	-0.00303253572439	-0.0105265368883	0.0193510687598	0.0437431149341	0.0248495600324	0.0347053039097	-0.0420011827573	0.0197341739037	0.0393257208337	0.0154145551387	0.00290062267174	-0.0238367435328	0.0234331511367	-0.062282641928	0.00240089765095
k__Bacteria;p__Firmicutes;c__Clostridia;o__Clostridiales;f__Ruminococcaceae;g__Ruminiclostridium;s__[Eubacterium]_siraeum	-0.0294371281978	0.0156061201758	0.0347287187018	0.0449610110767	-0.0668378909932	-0.00952427367444	-0.0319331890937	0.00131522046955	0.0116652311762	-0.0129728904977	0.0274378536924	-0.0301995081184	-0.0109879419635	-0.0136650631033	-0.0233007386485	-0.0989448167915	-0.0322439099207	0.0246861547279	0.0301712763483	0.0498535698879	-0.0379563066007	1.0	0.0390652248166	0.0407441575169	0.0603345955911	0.0268671369329	-0.00655259174746	0.0573135291613	0.0481628379798	-0.048482300384	-0.0260069440572	-0.00032110323597	0.00204742917924	-0.0268721421406	-0.0353776489904	0.0551126737687	0.0250727645861	-0.00429217008737	4.75534793234e-05	0.0070348507142	0.0196960564551	-0.027572028322	-0.0395986236633	-0.0372442656782	0.0347586445688	0.0227622850914	-0.042787895173	-0.0568081975736	-0.0124932520751	-0.0849089672016	0.0205723419275	-0.0390030481044	-0.0185208793199	-0.0858815663609	-0.0138142204943	-0.0266371898255	-0.0059768647124	0.0104910197727	-0.0261618793187
k__Bacteria;p__Proteobacteria;c__Betaproteobacteria;o__Burkholderiales;f__Sutterellaceae;g__Parasutterella;s__Parasutterella_excrementihominis	0.0292233098078	-0.0298492527135	-0.0344344027542	-0.00706026994005	-0.00906216171325	0.020103945191	0.013978900029	-0.0352039397063	-0.0200797812921	0.0307188485931	0.00984142378962	-0.0453158996425	-0.0752666741401	0.0459212523883	-0.00324368155874	-0.0138698335347	-0.020829523297	-0.0478664363321	0.0284846053589	0.0221127949615	0.0157664221853	0.0390652248166	1.0	0.0205409412696	0.00871545321032	0.00845795426737	0.0253562531774	-0.0794485105183	-0.0261073239194	0.0254037189707	-0.0221947508702	0.00555464710999	-0.0232486353264	0.00457631734164	-0.00643749261607	0.0154579920965	-0.0115291817849	-0.0084363412557	0.0152233153779	-0.0628144614521	-0.0350301239965	-0.00516560968467	-0.0516873577264	0.018058083197	0.00642579252427	0.0360074294533	-0.0441215220666	0.0127071146213	0.00570196179666	0.00895272534015	0.0159980941133	-0.0084973265298	-0.0511350747594	0.0446432476864	-0.0375865692971	-0.0311597997899	0.0365257290986	0.0268560878566	-0.0468964132824
k__Bacteria;p__Actinobacteria;c__Actinobacteria;o__Bifidobacteriales;f__Bifidobacteriaceae;g__Bifidobacterium;s__Bifidobacterium_adolescentis	0.0611776207147	-0.026986015765	-0.0631104902311	-0.0221924027611	0.0267390083763	0.0190368099733	0.024973659852	0.0178257412527	-0.0468030986395	-0.00803249769135	-0.037579584282	-0.036864652271	-0.0368642418007	-0.0873432324227	0.0123737947243	-0.0278446492495	-0.0142725803726	0.00167593085392	0.0212488619295	0.0211721685619	0.00249619739063	0.0407441575169	0.0205409412696	1.0	0.00930049871262	-0.0244157914906	0.074332010739	-0.0825198012237	0.0324112433722	-0.0146652652796	0.0396588489566	0.0450968468919	-0.0381846604184	0.0231293138116	-0.0244850313198	-0.0146923627152	-0.0279655682327	-0.0561004824593	-0.0518636120789	-0.0439200744386	-0.0283135841856	-0.026092618368	-0.016851686191	0.0938602403967	-0.00680380295776	0.00398688465161	-0.0310091468032	-0.0390869620234	0.0114095110844	-0.0795267688745	-0.00868158493367	0.0213152928008	-0.0667290585393	-0.0246938234037	0.050991169619	-0.0399661507771	-0.0530875943637	0.0418483432852	-0.0116716200643
k__Bacteria;p__Firmicutes;c__Clostridia;o__Clostridiales;f__Oscillospiraceae;g__Oscillibacter;s__Oscillibacter_sp._KLE_1745	-0.00568700874991	0.0142513273311	0.016096447705	0.019840725068	-0.00360493633785	-0.0127882683141	0.00102035222847	0.00678700454132	-0.023441055316	-0.00833614103437	0.0104959226152	0.0128766541297	-0.098929572803	-0.0138548779531	-0.0293940386423	-0.0340347495836	0.0320310578834	0.015237540064	0.0190450559774	-0.0110556780211	-0.0357565218776	0.0603345955911	0.00871545321032	0.00930049871262	1.0	-0.0482211703975	0.00599641910638	-0.0242602389832	0.00586186695915	-0.0224833586046	0.0178955137189	-0.00381914600816	0.0294763613901	-0.0808799008968	0.0176960053842	-0.026226719869	-0.00446087206917	0.011503759702	0.0437803934421	-0.00106663675655	0.0127056857354	0.0074973473792	-0.0265537502775	-0.064629779544	-0.0301998507701	-0.00379503931634	0.0630724228108	-0.0271693684905	-0.028561105612	0.0219534611163	0.0237937699496	-0.0264011085528	0.030582751325	-0.0201654264262	-0.0220413382716	-0.0415333861374	-0.0390053457363	-0.0186815063907	-0.00576748508568
k__Bacteria;p__Bacteroidetes;c__Bacteroidia;o__Bacteroidales;f__Bacteroidaceae;g__Bacteroides;s__Bacteroides_coprophilus	-0.016754747464	0.00552238648605	-0.00621844243304	0.054075358907	-0.0602066319983	-0.0495573737344	0.0132642892979	-0.0170463412001	-0.0502798870837	-0.0255559122068	0.00783194337056	-0.0389548915947	0.00392187949287	-0.0560208501628	0.0188613011315	0.0216870088215	-0.0298172120305	0.0428674479444	-0.0226765438902	0.0338809441232	-0.00670810453712	0.0268671369329	0.00845795426737	-0.0244157914906	-0.0482211703975	1.0	-0.0158762386783	-0.0248509391202	-0.0330523847782	0.025197894655	-0.00851183274403	-0.0136949986187	-0.0308550886403	-0.0331813487782	-0.0155316748551	-0.0127374718818	-0.027434205787	0.0927201645973	0.0227744527594	-0.0346679352707	-0.0219780720948	-0.0614910760316	-0.0163636182872	-0.000124064527287	-0.0196789347886	0.0320636095737	0.00185893109355	0.0137749501263	0.0227252406179	-0.00383149536701	-0.0232877221365	0.0644848671652	0.0351564088737	-0.0365741666228	-0.0114580883589	-0.00885590818262	-0.0231689275142	-0.0201929744716	-0.064070022994
k__Bacteria;p__Firmicutes;c__Clostridia;o__Clostridiales;f__Lachnospiraceae;g__Roseburia;s__Roseburia_intestinalis	0.0096153827222	0.0173058852661	-0.00960475314692	-0.0279278698671	0.0439876355595	-0.0569512964359	-0.0157799814385	-0.0833727273553	-0.0119660064109	-0.00757456857825	-0.0232237594302	0.0204069880254	0.0330086329525	-0.053307098605	-0.00216920971059	-0.0402321150802	0.0203063974011	0.011030633363	-0.0288993684212	-0.0269117804266	-0.0540007275959	-0.00655259174746	0.0253562531774	0.074332010739	0.00599641910638	-0.0158762386783	1.0	-0.012210514669	-0.0436952846236	0.0016951396861	-0.053930234889	0.00928754317176	0.0602965398891	0.00812203195712	0.029542180058	0.014086513866	0.0345607228931	-0.0230767801534	0.0402237751695	0.0349265554463	-0.0179446705881	0.00685369841653	0.0106419144763	-0.00204800908358	0.0190857208545	0.0115494078422	-0.049889030974	-0.0635617736235	0.0204232155119	0.0267068076493	-0.0156211007843	0.0464627482792	-0.0529333844398	-0.0334992695859	-0.0619740179394	0.00266564777071	-0.0313674789151	-0.0344737385116	-0.0048535005075
k__Bacteria;p__Firmicutes;c__Clostridia;o__Clostridiales;f__Lachnospiraceae;g__Roseburia;s__Roseburia_hominis	0.0568975163892	-0.00915426042669	0.0204327626968	0.0253546602155	0.00204704576094	0.026409956278	0.00437703368567	-0.0207535595922	-0.017649475431	-0.0320826189193	0.016624075892	-0.0284684650096	-0.00539310030713	-0.049127286428	0.00810625193923	-0.0497857197883	-0.0190027434594	-0.0195430362874	0.0359713307295	0.0323402666278	-0.0499896305923	0.0573135291613	-0.0794485105183	-0.0825198012237	-0.0242602389832	-0.0248509391202	-0.012210514669	1.0	-0.0174149305139	-0.075834174991	0.0346648417923	-0.017334078943	-0.0185825810905	0.024139370888	-0.054484307675	-0.0547367584639	0.0428863550605	0.0113890353876	0.0695362367293	0.0287306353808	0.00632860958084	0.0357121199036	-0.04382985668	-0.0279751119588	0.00829940413804	0.00922365972156	-0.0129618184992	0.0314429343733	-0.0178450185748	0.0399917091082	-0.036964403233	-0.049392325545	-0.0770517795818	0.0476585298987	-0.0289149743462	-0.0022143308614	-0.0205630532198	0.0222228116378	-0.0238981677265
k__Bacteria;p__Bacteroidetes;c__Bacteroidia;o__Bacteroidales;f__Porphyromonadaceae;g__Parabacteroides;s__Parabacteroides_johnsonii	-0.0371057531853	-0.00501204137829	-0.0147690322295	-0.0304402917769	0.0505815451876	-0.0131042656828	-0.0200841633717	-0.0416278713921	0.029565961224	-0.0123343073714	-0.0381261177625	-0.00467073895658	-0.0300243338052	0.0663529451235	0.0304450373098	-0.0345095564507	0.0711499355431	-0.0441225666565	-0.0344836590536	-0.0445639302932	-0.0253925724554	0.0481628379798	-0.0261073239194	0.0324112433722	0.00586186695915	-0.0330523847782	-0.0436952846236	-0.0174149305139	1.0	0.0631439741905	-0.010327920724	0.059817899712	-0.0259739273546	-0.0653596535001	-0.00697023737725	0.03865215766	0.00219602166828	0.0455606018468	-0.0132600219436	0.0297864293713	0.0384353093699	-0.00925275042947	-0.0378531810682	0.0308120892392	-0.00496119877316	0.00427824242153	-0.038217474376	-0.0508403209894	-0.0206892927345	-0.0168384556903	-0.0106606656385	-0.0482783295672	-0.0499633092006	-0.00119192945209	-0.0241874294501	-0.00364517359816	-0.000775582840978	0.0353531666864	-0.0449208239696
k__Bacteria;p__Actinobacteria;c__Actinobacteria;o__Bifidobacteriales;f__Bifidobacteriaceae;g__Bifidobacterium;s__Bifidobacterium_longum	-0.0665597824024	-0.00786906378321	-0.00256813917921	-0.0117950703482	-0.0321541855266	0.04646371157	0.062727550272	-0.0148660516724	-0.0577522529863	-0.0539949509738	-0.00872274994655	-0.00126865999245	0.0484807763176	-0.0116286688254	0.0323940896404	0.00528596444893	-0.0479536391565	-0.0885225912198	-0.00156025842654	0.0205831500534	-0.0380447086849	-0.048482300384	0.0254037189707	-0.0146652652796	-0.0224833586046	0.025197894655	0.0016951396861	-0.075834174991	0.0631439741905	1.0	-0.0112706162253	-0.0198205565989	-0.0236997293692	0.0627510664562	0.0278531920656	-0.00600526151593	-0.00898661709956	0.0224174429885	0.0121410531951	-0.017553519107	-0.074388045567	-0.0353976267929	0.0123913478621	0.0113396939545	-0.028960970587	0.013571618123	-0.028378832117	0.0204949234667	-0.0187091121847	-0.000259262002701	0.0212067577254	0.0244444477971	-0.0248584705783	0.0592211084846	-0.0243808608869	-0.0508151268544	-0.0113350225946	-0.00485290145442	-0.0324704839462
