#taxonomy	k__Bacteria;p__Bacteroidetes;c__Bacteroidia;o__Bacteroidales;f__Bacteroidaceae;g__Bacteroides;s__Bacteroides_vulgatus	k__Bacteria;p__Bacteroidetes;c__Bacteroidia;o__Bacteroidales;f__Bacteroidaceae;g__Bacteroides;s__Bacteroides_uniformis	k__Bacteria;p__Bacteroidetes;c__Bacteroidia;o__Bacteroidales;f__Rikenellaceae;g__Alistipes;s__Alistipes_putredinis	k__Bacteria;p__Bacteroidetes;c__Bacteroidia;o__Bacteroidales;f__Prevotellaceae;g__Prevotella;s__Prevotella_copri	k__Bacteria;p__Bacteroidetes;c__Bacteroidia;o__Bacteroidales;f__Bacteroidaceae;g__Bacteroides;s__Bacteroides_stercoris	k__Bacteria;p__Bacteroidetes;c__Bacteroidia;o__Bacteroidales;f__Bacteroidaceae;g__Bacteroides;s__Bacteroides_ovatus	k__Bacteria;p__Bacteroidetes;c__Bacteroidia;o__Bacteroidales;f__Rikenellaceae;g__Alistipes;s__Alistipes_shahii	k__Bacteria;p__Firmicutes;c__Clostridia;o__Clostridiales;f__Ruminococcaceae;g__Faecalibacterium;s__Faecalibacterium_prausnitzii	k__Bacteria;p__Bacteroidetes;c__Bacteroidia;o__Bacteroidales;f__Rikenellaceae;g__Alistipes;s__Alistipes_finegoldii	k__Bacteria;p__Bacteroidetes;c__Bacteroidia;o__Bacteroidales;f__Porphyromonadaceae;g__Parabacteroides;s__Parabacteroides_distasonis	k__Bacteria;p__Bacteroidetes;c__Bacteroidia;o__Bacteroidales;f__Bacteroidaceae;g__Bacteroides;s__Bacteroides_thetaiotaomicron	k__Bacteria;p__Bacteroidetes;c__Bacteroidia;o__Bacteroidales;f__Bacteroidaceae;g__Bacteroides;s__Bacteroides_coprocola	k__Bacteria;p__Bacteroidetes;c__Bacteroidia;o__Bacteroidales;f__Bacteroidaceae;g__Bacteroides;s__Bacteroides_cellulosilyticus	k__Bacteria;p__Bacteroidetes;c__Bacteroidia;o__Bacteroidales;f__Rikenellaceae;g__Alistipes;s__Alistipes_obesi	k__Bacteria;p__Firmicutes;c__Clostridia;o__Clostridiales;f__Lachnospiraceae;g__;s__[Eubacterium]_rectale	k__Bacteria;p__Bacteroidetes;c__Bacteroidia;o__Bacteroidales;f__Bacteroidaceae;g__Bacteroides;s__Bacteroides_plebeius	k__Bacteria;p__Bacteroidetes;c__Bacteroidia;o__Bacteroidales;f__Bacteroidaceae;g__Bacteroides;s__Bacteroides_fragilis	k__Bacteria;p__Proteobacteria;c__Betaproteobacteria;o__Burkholderiales;f__Sutterellaceae;g__Sutterella;s__Sutterella_wadsworthensis	k__Bacteria;p__Bacteroidetes;c__Bacteroidia;o__Bacteroidales;f__Porphyromonadaceae;g__Barnesiella;s__Barnesiella_intestinihominis	k__Bacteria;p__Bacteroidetes;c__Bacteroidia;o__Bacteroidales;f__Odoribacteraceae;g__Odoribacter;s__Odoribacter_splanchnicus	k__Bacteria;p__Bacteroidetes;c__Bacteroidia;o__Bacteroidales;f__Bacteroidaceae;g__Bacteroides;s__Bacteroides_salyersiae	k__Bacteria;p__Firmicutes;c__Clostridia;o__Clostridiales;f__Ruminococcaceae;g__Ruminiclostridium;s__[Eubacterium]_siraeum	k__Bacteria;p__Proteobacteria;c__Betaproteobacteria;o__Burkholderiales;f__Sutterellaceae;g__Parasutterella;s__Parasutterella_excrementihominis	k__Bacteria;p__Actinobacteria;c__Actinobacteria;o__Bifidobacteriales;f__Bifidobacteriaceae;g__Bifidobacterium;s__Bifidobacterium_adolescentis	k__Bacteria;p__Firmicutes;c__Clostridia;o__Clostridiales;f__Oscillospiraceae;g__Oscillibacter;s__Oscillibacter_sp._KLE_1745	k__Bacteria;p__Bacteroidetes;c__Bacteroidia;o__Bacteroidales;f__Bacteroidaceae;g__Bacteroides;s__Bacteroides_coprophilus	k__Bacteria;p__Firmicutes;c__Clostridia;o__Clostridiales;f__Lachnospiraceae;g__Roseburia;s__Roseburia_intestinalis	k__Bacteria;p__Firmicutes;c__Clostridia;o__Clostridiales;f__Lachnospiraceae;g__Roseburia;s__Roseburia_hominis	k__Bacteria;p__Bacteroidetes;c__Bacteroidia;o__Bacteroidales;f__Porphyromonadaceae;g__Parabacteroides;s__Parabacteroides_johnsonii	k__Bacteria;p__Actinobacteria;c__Actinobacteria;o__Bifidobacteriales;f__Bifidobacteriaceae;g__Bifidobacterium;s__Bifidobacterium_longum	k__Bacteria;p__Firmicutes;c__Clostridia;o__Clostridiales;f__;g__Flavonifractor;s__Flavonifractor_plautii	k__Bacteria;p__Firmicutes;c__Clostridia;o__Clostridiales;f__Clostridiaceae;g__Clostridium;s__Clostridium_phoceensis	k__Bacteria;p__Verrucomicrobia;c__Verrucomicrobiae;o__Verrucomicrobiales;f__Akkermansiaceae;g__Akkermansia;s__Akkermansia_muciniphila	k__Bacteria;p__Bacteroidetes;c__Bacteroidia;o__Bacteroidales;f__Prevotellaceae;g__Paraprevotella;s__Paraprevotella_xylaniphila	k__Bacteria;p__Firmicutes;c__Clostridia;o__Clostridiales;f__Ruminococcaceae;g__Ruminococcus;s__Ruminococcus_callidus	k__Bacteria;p__Bacteroidetes;c__Bacteroidia;o__Bacteroidales;f__Rikenellaceae;g__Alistipes;s__Alistipes_senegalensis	k__Bacteria;p__Firmicutes;c__Clostridia;o__Clostridiales;f__Lachnospiraceae;g__Blautia;s__Blautia_sp._KLE_1732	k__Bacteria;p__Bacteroidetes;c__Bacteroidia;o__Bacteroidales;f__Bacteroidaceae;g__Bacteroides;s__Bacteroides_oleiciplenus	k__Bacteria;p__Firmicutes;c__Clostridia;o__Clostridiales;f__Ruminococcaceae;g__Ruminococcus;s__Ruminococcus_bicirculans	k__Bacteria;p__Bacteroidetes;c__Bacteroidia;o__Bacteroidales;f__Bacteroidaceae;g__Bacteroides;s__Bacteroides_fluxus	k__Bacteria;p__Bacteroidetes;c__Bacteroidia;o__Bacteroidales;f__Prevotellaceae;g__Prevotella;s__Prevotella_stercorea	k__Bacteria;p__Firmicutes;c__Clostridia;o__Clostridiales;f__Lachnospiraceae;g__Dorea;s__Dorea_longicatena	k__Bacteria;p__Firmicutes;c__Clostridia;o__Clostridiales;f__Eubacteriaceae;g__Eubacterium;s__[Eubacterium]_eligens	k__Bacteria;p__Firmicutes;c__Clostridia;o__Clostridiales;f__Ruminococcaceae;g__;s__Ruminococcaceae_bacterium_D16	k__Bacteria;p__Firmicutes;c__Clostridia;o__Clostridiales;f__Lachnospiraceae;g__Coprococcus;s__Coprococcus_comes	k__Bacteria;p__Proteobacteria;c__Gammaproteobacteria;o__Enterobacterales;f__Enterobacteriaceae;g__Escherichia;s__Escherichia_coli	k__Bacteria;p__Firmicutes;c__Clostridia;o__Clostridiales;f__Ruminococcaceae;g__Anaerotruncus;s__Anaerotruncus_colihominis	k__Bacteria;p__Firmicutes;c__Clostridia;o__Clostridiales;f__Lachnospiraceae;g__Blautia;s__Blautia_obeum	k__Bacteria;p__Bacteroidetes;c__Bacteroidia;o__Bacteroidales;f__Odoribacteraceae;g__Odoribacter;s__Odoribacter_laneus	k__Bacteria;p__Firmicutes;c__Clostridia;o__Clostridiales;f__Ruminococcaceae;g__Ruminiclostridium;s__[Clostridium]_leptum	k__Bacteria;p__Bacteroidetes;c__Bacteroidia;o__Bacteroidales;f__Porphyromonadaceae;g__Parabacteroides;s__Parabacteroides_goldsteinii	k__Bacteria;p__Firmicutes;c__Clostridia;o__Clostridiales;f__Lachnospiraceae;g__Anaerostipes;s__Anaerostipes_hadrus	k__Bacteria;p__Firmicutes;c__Clostridia;o__Clostridiales;f__Ruminococcaceae;g__Ruminococcus;s__Ruminococcus_lactaris	k__Bacteria;p__Firmicutes;c__Clostridia;o__Clostridiales;f__Clostridiaceae;g__Clostridium;s__Clostridium_sp._L2-50	k__Bacteria;p__Firmicutes;c__Clostridia;o__Clostridiales;f__Clostridiaceae;g__Clostridium;s__Clostridium_sp._M62/1	k__Bacteria;p__Firmicutes;c__Clostridia;o__Clostridiales;f__;g__Intestinimonas;s__Intestinimonas_butyriciproducens	k__Bacteria;p__Actinobacteria;c__Actinobacteria;o__Bifidobacteriales;f__Bifidobacteriaceae;g__Bifidobacterium;s__Bifidobacterium_bifidum	k__Bacteria;p__Firmicutes;c__Negativicutes;o__Veillonellales;f__Veillonellaceae;g__Dialister;s__Dialister_invisus	k__Bacteria;p__Bacteroidetes;c__Bacteroidia;o__Bacteroidales;f__Bacteroidaceae;g__Bacteroides;s__Bacteroides_salanitronis
k__Bacteria;p__Bacteroidetes;c__Bacteroidia;o__Bacteroidales;f__Bacteroidaceae;g__Bacteroides;s__Bacteroides_vulgatus	1.0	-0.0179602281605	-0.0207579941692	0.0287050711218	0.00797465204909	-0.00256434021253	0.0130671558858	-0.0797327845579	0.00397579573117	-0.00859961923537	-0.0158496651257	0.00544339999182	-0.0715483313456	0.0325261336905	0.0341881755318	-0.0258567601288	0.0277997527974	0.0251568951664	0.0354933357698	-0.0243014166052	-0.0330903070076	-0.0410079248243	0.049447714074	-0.0172526377665	-0.00676811222733	0.0281387948915	-0.0389782584937	0.0189775355594	-0.0365240195482	-0.0696030034638	-0.0725437027236	-0.0144231089672	-0.00309640511733	0.0781765779575	-0.0573379455976	-0.048950383876	0.0523331680374	-0.027132732256	0.0058501110858	0.0233645722046	-0.0337999067796	-0.0101513674596	-0.032277369915	-0.017558558221	-0.0232164297102	-0.0556553344134	-0.0249819025412	-0.00023868237808	0.0534686118535	-0.0136305326927	-0.0412614672415	-0.0486840834153	0.00552128196826	0.0472897623522	0.00775756264626	0.0113929274728	0.00285668194858	-0.0486754298411	0.0308737511188
k__Bacteria;p__Bacteroidetes;c__Bacteroidia;o__Bacteroidales;f__Bacteroidaceae;g__Bacteroides;s__Bacteroides_uniformis	-0.0179602281605	1.0	-0.0260484491466	0.000795197584533	-0.0240052434557	0.0120279305299	0.0165025940084	-0.0105608734366	-0.0890171382882	-0.081660113055	0.0467596395991	0.0101114665453	-0.0677844461066	0.0135693213253	0.00355590599367	-0.0189219432488	-0.00400559614989	-0.0459816641345	-0.0247422571454	0.0218086648958	0.0363816525067	-0.0200780462265	0.0137635413858	0.0199790679035	0.0239731905735	0.0160525433166	-0.0196931137131	0.00853681748621	0.00780512158726	-0.0237632290696	0.0192476724502	-0.0221402436288	0.00675603513002	-0.0139029610856	-0.0433216540666	0.0139829442338	-0.0329113264027	0.0339712375857	0.0112603612378	0.0356867665361	-0.0529587509113	0.0457748215864	0.00510445269419	0.0338730522569	0.014754016868	-0.0175764190356	-0.0383612259406	0.015587356271	-0.0485666792533	-0.034075730987	-0.021251546613	-0.00182598955617	-0.00689129930531	-0.0378365904645	-0.00250392111103	-0.0074338592549	-0.0683480703681	0.0442017517927	0.012037280779
k__Bacteria;p__Bacteroidetes;c__Bacteroidia;o__Bacteroidales;f__Rikenellaceae;g__Alistipes;s__Alistipes_putredinis	-0.0207579941692	-0.0260484491466	1.0	-0.0111891082937	0.0148528795215	-0.012502924096	-0.063311213974	-0.00621534284748	-0.0421459997433	-0.00823536143818	0.00428974934918	-0.0270334497025	0.0716569845036	-0.00244588448367	-0.00114425244573	0.0662983076621	0.0231339186093	0.00454746863234	0.0448186026342	0.0329877683563	0.0164613776957	-0.046083312564	-0.045692872781	-0.035776053132	0.0111759316167	0.00090466195603	-0.0429259760029	-0.0360413534521	0.0438876110157	-0.0151127543576	-0.0152673983484	-0.0551994944035	-0.0681650922761	-0.0356914601749	-0.00483284912999	0.0343864284705	-0.00944773493071	-0.0585194487042	-0.0182759240744	-0.00110017794222	-0.02342651853	-0.0317196041772	0.00543477105071	0.0012977767192	-0.0399122767459	0.0385153129904	-0.0399098467303	-0.0180215375624	-0.0106128999277	0.00159455075092	0.0228462225267	-0.0111647332169	-0.0785598891272	0.0348776416595	-0.0482819179377	-0.0425173412189	-0.016152150758	0.0701100361307	-0.0302562708869
k__Bacteria;p__Bacteroidetes;c__Bacteroidia;o__Bacteroidales;f__Prevotellaceae;g__Prevotella;s__Prevotella_copri	0.0287050711218	0.000795197584533	-0.0111891082937	1.0	-0.0259803254726	-0.0286016881539	-0.0347246890204	-0.0433830556107	-0.0499060403825	0.0130598206419	-0.0213249091119	0.00515399150835	-0.0312931161396	-0.0455206330801	-0.0627410088145	0.026738354724	-0.0124853910669	0.0370087979452	-0.0600104884658	-0.034628898329	0.0209123538095	0.0304192323638	0.0317248428592	0.0157237395858	0.0167853217247	-0.0537296416896	-0.019283875871	0.0336425288752	0.0425546298427	-0.0234907461099	0.0781608198057	-0.0235579479584	-0.0119058224212	0.0252501499471	0.00697598513442	0.0240064989855	-0.0107961472848	-0.0164112703087	-0.0117534791793	-0.0056052483835	0.035041390907	0.00519436122425	0.00494907505557	-0.0460147908105	-0.0349026634116	-0.0691545113861	0.000726917453081	-0.00364701949356	-0.0206009041676	-0.00149923712361	0.00139117543778	-0.0294816434576	0.00331172289709	-0.0567498385875	0.0047159133293	-0.0198442529942	-0.011478362749	-0.0356072914175	-0.0338181680821
k__Bacteria;p__Bacteroidetes;c__Bacteroidia;o__Bacteroidales;f__Bacteroidaceae;g__Bacteroides;s__Bacteroides_stercoris	0.00797465204909	-0.0240052434557	0.0148528795215	-0.0259803254726	1.0	-0.0231159489692	-0.010539950514	-0.0232756276221	-0.0169304945428	0.0161644188922	-0.0472767200793	0.0538886182488	-0.0640307229338	0.00456483865838	0.000929198356569	-0.0312994096183	-0.100071357663	-0.0224866920618	0.0392202210829	-0.0589990215337	-0.0193735736844	-0.0122357382191	-0.0310590873676	-0.0485324896182	0.00723436389214	-0.0433586557808	0.0272615229171	0.0157853219876	-0.0261349401449	0.0196496202822	-0.0272094491529	-0.030075542306	-0.0103783915876	0.0424274168279	0.019348497195	0.0292622122147	0.0174259805653	-0.0334165405464	-0.00829261342781	-0.0550262068994	0.000803036458278	0.0363723281989	0.0336128360828	-0.0276374310814	0.0134517039176	0.00402372515956	0.0155013570195	0.0646756386993	0.0129092734607	0.00641772007492	-0.00169411469797	-0.0218270988085	0.025183984504	-0.0207582474019	-0.0456447204061	-0.137380435735	-0.0365797709268	-0.012430407373	-0.00607378639326
k__Bacteria;p__Bacteroidetes;c__Bacteroidia;o__Bacteroidales;f__Bacteroidaceae;g__Bacteroides;s__Bacteroides_ovatus	-0.00256434021253	0.0120279305299	-0.012502924096	-0.0286016881539	-0.0231159489692	1.0	-0.0608252774821	0.0208789690797	-0.0253187614423	-0.0257360912932	0.0496486123452	-0.00840076325496	-0.0504015608194	-0.0279384960054	-0.0259125459703	-0.0132408739779	-0.0443819035498	-0.00595474979204	-0.0429638799223	-0.00886310729509	-0.0185189405678	-0.00594836189175	0.0215197075145	0.00570213040129	0.0100145772667	-0.0047692906531	-0.0108875789977	-0.00187556444446	0.00263581119363	-0.0050821827759	0.0352627556165	-0.0725803836835	-0.00484198798526	0.0264285039982	0.00291994230473	0.00147947475463	-0.0425538483509	0.064014575245	-0.0217952827728	-0.0111718571397	0.0390046683049	-0.067449620062	-0.0510689201448	-0.000902261988303	0.0285358221391	-0.0358016390909	-0.0199597638069	-0.0388203991612	0.0344148768782	0.0286477663914	-0.0358431645302	-0.0349332890371	-0.0301760794681	-0.00668870345515	-0.0366849843457	-0.038214748932	0.0135667834333	-0.0222472766618	-0.0328173258217
k__Bacteria;p__Bacteroidetes;c__Bacteroidia;o__Bacteroidales;f__Rikenellaceae;g__Alistipes;s__Alistipes_shahii	0.0130671558858	0.0165025940084	-0.063311213974	-0.0347246890204	-0.010539950514	-0.0608252774821	1.0	-0.0156632922618	-0.0166058898739	0.00365057119177	0.0511261783652	0.108676346729	-0.0276266836359	-0.025190186342	0.0195206609478	-0.036575669366	0.0639549438994	-0.029180485777	-0.00899136074516	0.0117853394966	-0.0372314250013	0.0296772659607	-0.0518001045933	-0.0122551516753	-0.0151793139489	-0.0477387713365	0.0193143375792	0.00093657999659	-0.0252658796569	-0.0717701628186	0.018447533781	0.054669227952	0.0557454081565	0.0203738979793	-0.0118598230571	-0.0113815074509	-0.0291305913961	-0.00836681226432	0.00677697545739	0.025476335526	0.0114249781703	0.00479474174633	0.00794840749801	-0.0425035877772	0.0376065586705	0.0557188830581	-0.0250928274637	-0.0273146285138	-0.0615102698922	-0.0259537099805	0.0233029826023	-0.026853811765	-0.0196912413287	0.0493134331033	0.0366000883285	0.0203546143613	-0.0809929266281	0.017339657873	0.000141610203344
k__Bacteria;p__Firmicutes;c__Clostridia;o__Clostridiales;f__Ruminococcaceae;g__Faecalibacterium;s__Faecalibacterium_prausnitzii	-0.0797327845579	-0.0105608734366	-0.00621534284748	-0.0433830556106	-0.0232756276221	0.0208789690797	-0.0156632922618	1.0	-0.00163724681616	-0.0183979080354	0.039828921861	0.0186361849013	-0.0233245339337	-0.0681843585019	0.025393089205	-0.0479986885543	0.00481590201892	-0.0470454090377	-0.000473223674583	0.0144366146456	0.0365962856877	-0.0509475843154	-0.0126527066122	-0.0570079272142	-0.00425281293167	0.0338567517533	-0.0669122209859	-0.00269389072428	0.00420266134881	0.113463017356	0.0107608991303	-0.0493338284587	0.0421743653192	0.0486144231419	0.0185729950973	-0.00949887469152	-0.0179152074939	0.00811333191083	-0.055054916735	-0.0134617969143	0.000478961803464	0.00417174769711	-0.0553829558501	-0.00551892630342	0.000676893009586	-0.0685959157444	0.0145230936722	-0.0114517525747	0.0252095893593	-0.00986965418834	0.00509405109097	-0.0568317693555	-0.00796901195585	0.00424645111264	0.00374692196591	0.0328493127696	-0.0203165676349	-0.051945704303	-0.0120249137591
k__Bacteria;p__Bacteroidetes;c__Bacteroidia;o__Bacteroidales;f__Rikenellaceae;g__Alistipes;s__Alistipes_finegoldii	0.00397579573117	-0.0890171382882	-0.0421459997433	-0.0499060403825	-0.0169304945428	-0.0253187614423	-0.0166058898739	-0.00163724681616	1.0	0.00043091096933	-0.0493037253731	-0.0424166844328	0.0533340344877	-0.00897667866219	0.0397266600251	-0.00393468570277	-0.0145490719874	-0.0404395171656	-0.0144996720777	-0.00629530369392	0.0153874510769	-0.00810941546763	-0.0287542686242	-0.0765698169785	-0.0130043638082	0.0051279109498	-0.0121515268704	0.00742333504907	0.0166857570436	-0.0298512876194	-0.00204414388338	0.0178351415009	0.00859545321715	0.0108926019406	-0.0512378681645	-0.00259606285236	-0.00662456900681	0.0302791321779	0.00628693261133	0.016980178536	0.0186558291372	-0.0294217731429	0.00350592312269	-0.0235217227388	0.0570832876599	0.00292183460465	0.00851844729348	0.0102794665764	0.0163377232381	0.0119345820344	0.0315199703469	0.0303390507477	0.0168502995252	0.0319136541653	0.00796650840671	0.000776942611428	0.00169373429005	-0.0246399815425	-0.00717166881552
k__Bacteria;p__Bacteroidetes;c__Bacteroidia;o__Bacteroidales;f__Porphyromonadaceae;g__Parabacteroides;s__Parabacteroides_distasonis	-0.00859961923537	-0.081660113055	-0.00823536143818	0.0130598206419	0.0161644188922	-0.0257360912932	0.00365057119177	-0.0183979080354	0.00043091096933	1.0	0.0189746121396	0.0185296953197	-0.0597924067547	0.0200405708637	0.00943765931546	-0.0208261261175	-0.0737382598085	-0.0194997265889	0.00280280120897	-0.032107839267	-0.051041903027	-0.0111633046337	-0.00472114020024	-0.0421356304495	-0.0497193390599	0.0203527604708	-0.0232717361903	-0.030274789268	-0.0221745353617	-0.0273209412804	-0.0113796616782	-0.0641763309035	-0.018156593992	0.0159851949376	0.0579001605916	-0.0373000089502	0.0485640752683	0.092279343916	-0.0268619468236	0.00111778771897	-0.0253534218787	0.0255171837949	-0.0155398589609	0.0354340183431	-0.0313089440906	0.00372684436624	0.0336352875984	-0.0200417453765	-0.0560747415756	-0.0273579437294	0.0888335655148	-0.00645516964637	-0.0161264672299	0.0381514023629	-0.0571539797025	0.00775459304173	0.0511269303238	-0.00501949341481	-0.00951642550886
k__Bacteria;p__Bacteroidetes;c__Bacteroidia;o__Bacteroidales;f__Bacteroidaceae;g__Bacteroides;s__Bacteroides_thetaiotaomicron	-0.0158496651257	0.0467596395991	0.00428974934918	-0.0213249091119	-0.0472767200793	0.0496486123452	0.0511261783652	0.039828921861	-0.0493037253731	0.0189746121396	1.0	-0.0169055673987	-0.0626503704799	-0.0226968202958	0.0249806429724	-0.0196876283149	-0.0843218695426	-0.0273455605774	-0.0342713933842	-0.024879051634	-0.0243137214579	-0.0133016857108	0.0205819625788	-0.0163996274238	-0.0334738450695	-0.0166069460474	0.0813366337728	-0.031672584689	0.0148533332651	-0.0145811229904	-0.0120237817036	0.0541508600353	-0.00838764012141	-0.00403234274607	-0.0282879037081	0.0411186538927	-0.00184085082787	-0.00118116094149	0.0258437844031	-0.0244768415745	-0.00863971890096	-0.0450618695039	-0.00665451374753	0.0277553996945	-0.0211897257599	-0.0828554574099	0.0399093316876	0.014591043261	0.0226750713116	0.0134836815627	-0.0353199963705	-0.044854201038	-0.00783830196206	-0.0247026112322	-0.015052671189	0.00585724792381	-0.00370968985416	-0.0625031243987	0.0201603247272
k__Bacteria;p__Bacteroidetes;c__Bacteroidia;o__Bacteroidales;f__Bacteroidaceae;g__Bacteroides;s__Bacteroides_coprocola	0.00544339999182	0.0101114665453	-0.0270334497025	0.00515399150835	0.0538886182488	-0.00840076325496	0.108676346729	0.0186361849013	-0.0424166844328	0.0185296953197	-0.0169055673987	1.0	0.00216003550634	0.0275917365222	0.0507495481989	-0.00103667321643	-0.00101287075421	0.0040166746684	-0.0393098895897	0.0221239139968	0.0524122386677	-0.0372288184642	0.00460268209205	-0.0242157272382	-0.0599175506059	-0.0548726749001	0.0667536650831	-0.0511941519406	-0.0242135017917	-0.0575703489618	-0.0367063362589	0.0305951179596	0.00548442437826	0.00159887479323	0.0806485079888	0.0023111244771	-0.0207365257528	-0.0712748948631	-0.0481429242584	-0.0576798752376	-0.080989551084	0.0490683670273	0.021519566862	-0.0339961020505	0.00261078887482	0.0607816785727	0.0150610846581	-0.0664885450901	-0.0844165091943	-0.00124778558797	0.043445990786	-0.000565019360093	-0.0489205049416	0.0531985248915	-0.00955594698238	-0.0349070077297	-0.010797824448	-0.00907291782363	0.000748072126254
k__Bacteria;p__Bacteroidetes;c__Bacteroidia;o__Bacteroidales;f__Bacteroidaceae;g__Bacteroides;s__Bacteroides_cellulosilyticus	-0.0715483313456	-0.0677844461066	0.0716569845036	-0.0312931161396	-0.0640307229338	-0.0504015608194	-0.0276266836359	-0.0233245339337	0.0533340344877	-0.0597924067547	-0.0626503704799	0.00216003550634	1.0	0.0107133286667	0.0369848482561	-0.0229145780018	-0.0211110349209	-0.00715360645064	-0.0064269463732	-0.0116832916501	0.00367392705331	0.0220670237917	-0.00624981588216	-0.0496212719356	0.0433069166444	-0.0214880222001	-0.0414662222276	-0.0028098197144	-0.0185451538024	0.0027401423846	0.0151954855027	0.0317287982746	-0.0225992425687	-0.0542711189998	0.00810572983299	0.0128326369199	0.0594285166613	-0.0106253904969	0.0499603982882	0.00832720371953	0.0896602333185	0.013872473486	-0.0144867046401	0.00511939045995	0.0203223064887	0.00574093823282	-0.0420052597439	0.0405207923597	0.0596563451804	0.0264386895428	-0.0221119781349	-0.00932447469855	-0.0580975269529	0.0376672197712	0.00245524933518	0.0340537576352	0.00349306682844	-0.0370959859787	-0.0678617432677
k__Bacteria;p__Bacteroidetes;c__Bacteroidia;o__Bacteroidales;f__Rikenellaceae;g__Alistipes;s__Alistipes_obesi	0.0325261336905	0.0135693213253	-0.00244588448367	-0.0455206330801	0.00456483865838	-0.0279384960054	-0.025190186342	-0.0681843585019	-0.00897667866219	0.0200405708637	-0.0226968202958	0.0275917365222	0.0107133286667	1.0	0.0354481607018	-0.0664084568785	0.00381417041415	-0.00631535878903	0.034647150592	0.0161208109716	0.0287287349665	-0.0378736419748	0.0101845914162	-0.0240629754263	-0.0270513075166	-0.0481302011398	0.00405316702596	-0.0750670900052	-0.0114208554094	-0.0381942869618	-0.0335612859622	0.0209703978942	-0.0403448843178	-0.00797580570686	-0.0421215584821	-0.0396274601013	-0.0228058462954	0.0116470271806	0.032572683401	0.0153172691061	-0.00428704055042	-0.0177766899643	-0.0365561515967	0.00582899249344	-0.0594792617897	0.01255296702	-0.0360476446155	-0.05964000381	0.0464552877268	0.0619374739859	-0.0289217360597	-0.0116275564326	0.0565441359975	0.0752751808758	0.0224957292702	-0.104448134944	0.0140105011598	-0.00275010573224	0.0183728304409
k__Bacteria;p__Firmicutes;c__Clostridia;o__Clostridiales;f__Lachnospiraceae;g__;s__[Eubacterium]_rectale	0.0341881755318	0.00355590599367	-0.00114425244573	-0.0627410088145	0.000929198356569	-0.0259125459703	0.0195206609478	0.025393089205	0.0397266600251	0.00943765931546	0.0249806429724	0.0507495481989	0.0369848482561	0.0354481607018	1.0	-0.0911162187441	0.0228477339644	-0.0553827327903	-0.016940779423	-0.0133636242833	-0.0558780986414	0.00514441273025	0.0118471265881	-0.0365112920175	-0.0173609322726	-0.0397197181537	-0.000541112907219	0.0324252020404	0.0300615502107	0.0162993075662	-0.0196859806734	-0.0272440710947	-0.0528661609758	-0.00662107785098	0.00234541146457	-0.0391572957236	0.0107070954654	-0.0157612045835	-0.0226151504639	0.0349093930166	-0.0553135749513	-0.0140144987478	-0.0393750492685	-0.0010422730769	-0.00410369830138	0.00464623210443	-0.0709201083516	-0.00228336348601	0.00879091971309	0.0331631846445	0.0417077455589	-0.0159173456969	-0.0564658528705	-0.0160913206541	-0.0302236706528	0.0510986096616	-0.0603349789558	-0.0307270363348	0.0027997417929
k__Bacteria;p__Bacteroidetes;c__Bacteroidia;o__Bacteroidales;f__Bacteroidaceae;g__Bacteroides;s__Bacteroides_plebeius	-0.0258567601288	-0.0189219432488	0.0662983076621	0.026738354724	-0.0312994096183	-0.0132408739779	-0.036575669366	-0.0479986885543	-0.00393468570277	-0.0208261261175	-0.0196876283149	-0.00103667321643	-0.0229145780018	-0.0664084568785	-0.0911162187441	1.0	0.0372581385557	-0.0504534910354	-0.0488708224602	-0.0256823184331	0.0658614214715	0.0158979516304	-0.0487733987862	-0.024385095235	0.00519148555444	0.0392615720833	-0.0465294343656	0.0386633693629	-0.00747638014667	0.000791711844759	-0.0149483807671	-0.0163330062419	-0.00530322137657	-0.000679382889023	-0.0229049802086	-0.0133788062999	-0.0415081918714	-0.0454257819495	-0.035113012599	0.00716142305312	-0.0263390939219	0.0121267540375	-0.0304802540585	-0.00756766973672	0.0238361148952	0.0463716891839	-0.0239868601166	0.0261825998553	-0.00389942710383	-0.0444483778091	-0.0374289468718	-0.00916964380885	0.0236428922699	0.0372091767533	-0.0359107608348	0.00284790799071	0.0438928350375	-0.0140457428129	0.024512407876
k__Bacteria;p__Bacteroidetes;c__Bacteroidia;o__Bacteroidales;f__Bacteroidaceae;g__Bacteroides;s__Bacteroides_fragilis	0.0277997527974	-0.00400559614989	0.0231339186093	-0.0124853910669	-0.100071357663	-0.0443819035498	0.0639549438994	0.00481590201892	-0.0145490719874	-0.0737382598085	-0.0843218695426	-0.00101287075421	-0.0211110349209	0.00381417041415	0.0228477339644	0.0372581385557	1.0	0.013522783222	-0.0672578038378	0.0856230553847	-0.0472663374901	-0.0326884576513	-0.00116143295316	-0.0234737163446	-0.0221466812468	-0.0488864369436	0.0417749059462	-0.024786116336	-0.0537258113658	0.0227097050651	0.0432860214598	0.0320358647964	0.0494808787938	-0.0246843519185	-0.0189914544212	0.0304901652194	-0.0354988070722	0.0140048969671	-0.065895106882	0.100501417174	0.0342848517601	0.00700856014361	0.00178276147509	-0.0281356117788	-0.0236070873796	0.0173952381567	0.00209715049753	-0.030037264431	0.0167142622362	-0.0617719303499	-0.04623804865	-0.0258817822843	0.016139217885	0.0328254291207	0.0524762965871	0.0173833714554	-0.0154392817595	-0.0224156772895	0.0230551701472
k__Bacteria;p__Proteobacteria;c__Betaproteobacteria;o__Burkholderiales;f__Sutterellaceae;g__Sutterella;s__Sutterella_wadsworthensis	0.0251568951664	-0.0459816641345	0.00454746863234	0.0370087979452	-0.0224866920618	-0.00595474979204	-0.029180485777	-0.0470454090377	-0.0404395171656	-0.0194997265889	-0.0273455605774	0.0040166746684	-0.00715360645064	-0.00631535878903	-0.0553827327903	-0.0504534910354	0.013522783222	1.0	0.0204690605135	-0.0195323265668	0.034976322401	0.00808585875897	-0.00236789073377	0.0220713774531	-0.0294657307399	0.0321822406801	-0.0118815587329	0.0406298591327	-0.0513935431164	0.0331425849982	-0.00704173524823	0.0677422173114	-0.00841409757144	0.0426095594387	0.0037995978917	-0.00185668028554	-0.0261472238011	-0.0299099822381	-0.00660705314239	-0.0512005054979	0.00318509017113	-0.0144232490494	-0.00153612222745	-0.00492758968703	0.0305569464569	0.00271436271447	0.0479123458656	-0.0365594945789	0.0295555105357	-0.0596989307539	-0.0924862374218	-0.0198239161753	-0.0207234535076	-0.0241387802843	-0.0149082976637	0.0034954142651	0.00829812217682	0.000865553543795	-0.0236592371068
k__Bacteria;p__Bacteroidetes;c__Bacteroidia;o__Bacteroidales;f__Porphyromonadaceae;g__Barnesiella;s__Barnesiella_intestinihominis	0.0354933357698	-0.0247422571454	0.0448186026342	-0.0600104884658	0.0392202210829	-0.0429638799223	-0.00899136074516	-0.000473223674583	-0.0144996720777	0.00280280120897	-0.0342713933842	-0.0393098895897	-0.0064269463732	0.034647150592	-0.016940779423	-0.0488708224602	-0.0672578038378	0.0204690605135	1.0	0.0542491112332	-0.0313984367194	-0.0540255349343	-0.00529252064835	-0.0422057973549	-0.00951953730748	0.0251530999006	0.0398293589169	-0.0299199520296	0.0394665285085	0.0388123337469	0.025168267463	-0.0443172319992	0.00877694107871	-0.0760143909584	-0.0565966833642	0.0025689186741	0.000919845602067	-0.0349070525723	0.00260049132162	-0.0211701743006	-0.0332414423437	-0.0560194636728	0.0286413897564	0.00265101123756	0.0105545415375	0.0227272060293	-0.026486124141	0.024042838017	-0.0328028037599	0.0170927393171	0.0360715122502	-0.0174421076985	0.0420932988199	-0.0299560147575	-0.0352052242869	-0.0347629151237	0.0452986877492	-0.00322880433113	-0.00248704675509
k__Bacteria;p__Bacteroidetes;c__Bacteroidia;o__Bacteroidales;f__Odoribacteraceae;g__Odoribacter;s__Odoribacter_splanchnicus	-0.0243014166052	0.0218086648958	0.0329877683563	-0.034628898329	-0.0589990215337	-0.00886310729509	0.0117853394966	0.0144366146456	-0.00629530369392	-0.032107839267	-0.024879051634	0.0221239139968	-0.0116832916501	0.0161208109716	-0.0133636242833	-0.0256823184331	0.0856230553847	-0.0195323265668	0.0542491112332	1.0	-0.0315284527917	-0.0260422330559	-0.0375411630481	0.00751995942367	0.0470617951294	-0.00137578877506	0.0170905118529	-0.039206841205	-0.00493608243003	0.0163365130971	0.0166536083829	0.0074229608558	0.0628329377841	-0.0151399595913	0.0344949958739	-0.02902347532	-0.036145322621	-0.0353031507561	-0.0633417349342	-0.0292501974457	-0.0853835046377	0.0062080507038	0.00164437401522	0.0472988432249	-0.00436670443717	0.0157663213977	0.0397094611059	0.0425470254737	-0.0214926498439	0.0254202773354	-0.0236131092555	-0.00312764507949	0.00185239418891	0.0108114705742	-0.0559901437047	0.0323685085274	-0.00393141740673	-0.0333212491351	-0.0690908881898
k__Bacteria;p__Bacteroidetes;c__Bacteroidia;o__Bacteroidales;f__Bacteroidaceae;g__Bacteroides;s__Bacteroides_salyersiae	-0.0330903070076	0.0363816525067	0.0164613776957	0.0209123538095	-0.0193735736844	-0.0185189405678	-0.0372314250013	0.0365962856877	0.0153874510769	-0.051041903027	-0.0243137214579	0.0524122386677	0.00367392705331	0.0287287349665	-0.0558780986414	0.0658614214715	-0.0472663374901	0.034976322401	-0.0313984367194	-0.0315284527917	1.0	-0.0525000146443	0.0377752339979	0.0174177499024	0.00792251329898	0.00313325416156	0.0313784229096	-0.0174659469484	-0.0738285233351	0.0333811856499	-0.0900539775375	0.0216456189807	-0.00555308932545	0.0481957419243	0.00535584467764	0.029233573684	-0.00857641218877	-0.0228622151091	0.00880556427468	-0.0450922009105	0.00831593908185	0.0536766623491	-0.0542823988132	-0.0319287556432	0.000578136217465	-0.0127557359206	0.0106226852395	-0.00401512671693	-0.0760702867928	0.0210194553281	0.0145574775303	-0.00210054749133	-0.00394822935078	0.0150014043154	-0.00609001953682	-0.012967558688	0.0165820043578	-0.00776394861979	-0.0750782854182
k__Bacteria;p__Firmicutes;c__Clostridia;o__Clostridiales;f__Ruminococcaceae;g__Ruminiclostridium;s__[Eubacterium]_siraeum	-0.0410079248243	-0.0200780462265	-0.046083312564	0.0304192323638	-0.0122357382191	-0.00594836189175	0.0296772659607	-0.0509475843154	-0.00810941546763	-0.0111633046337	-0.0133016857108	-0.0372288184642	0.0220670237917	-0.0378736419748	0.00514441273025	0.0158979516304	-0.0326884576513	0.00808585875897	-0.0540255349343	-0.0260422330559	-0.0525000146443	1.0	-0.0568518967394	0.038563311779	-0.0895112042549	-0.0356702857096	0.000313995812203	0.0420323762672	-0.0139845835314	0.0201186230156	-0.0177212101277	0.00813061183304	0.043921516108	0.0226964820509	-0.0197181580785	-0.0367485783003	0.0458258671756	-0.0146827655073	-0.0285876005381	0.0179391876144	-0.0302440972705	-0.0290073893658	0.012168463544	0.0214482654728	0.0187617279918	0.018588179322	-0.00726083904148	-0.0481742363728	-0.0432016995156	-0.0441430195133	-0.0101257114342	-0.0287033113432	0.0627935866541	-0.0110469314183	0.0127171402736	-0.0126279646737	0.0090847110293	-0.0206286398399	0.004279018548
k__Bacteria;p__Proteobacteria;c__Betaproteobacteria;o__Burkholderiales;f__Sutterellaceae;g__Parasutterella;s__Parasutterella_excrementihominis	0.049447714074	0.0137635413858	-0.045692872781	0.0317248428592	-0.0310590873676	0.0215197075145	-0.0518001045933	-0.0126527066122	-0.0287542686242	-0.00472114020024	0.0205819625788	0.00460268209205	-0.00624981588216	0.0101845914162	0.0118471265881	-0.0487733987862	-0.00116143295316	-0.00236789073377	-0.00529252064835	-0.0375411630481	0.0377752339979	-0.0568518967394	1.0	-0.0293817050337	0.0240225030625	0.0240553107879	-0.046222206782	0.030948768324	0.0345759675	-0.00176122821203	-0.0824209989132	-0.00156660001353	-0.0233725534491	-0.0797715145057	-0.00719426016402	0.0268018038435	-0.0156646751186	-0.0871448641256	-0.00455552769104	0.023961486701	-0.00917332390576	-0.0297794947038	0.0455265572903	-0.00899727304198	-0.0216394847781	-0.0117027998911	-0.0126841532901	-0.0357617502108	0.0257745716945	-0.064681615367	0.0856877013744	-0.0147238680713	-0.0555023305821	-0.0121696386108	-0.0296973257482	-0.0350378771824	0.0844665933065	-0.0100897883247	-0.0442526693849
k__Bacteria;p__Actinobacteria;c__Actinobacteria;o__Bifidobacteriales;f__Bifidobacteriaceae;g__Bifidobacterium;s__Bifidobacterium_adolescentis	-0.0172526377665	0.0199790679035	-0.035776053132	0.0157237395858	-0.0485324896182	0.00570213040129	-0.0122551516753	-0.0570079272142	-0.0765698169785	-0.0421356304495	-0.0163996274238	-0.0242157272382	-0.0496212719356	-0.0240629754263	-0.0365112920175	-0.024385095235	-0.0234737163446	0.0220713774531	-0.0422057973549	0.00751995942367	0.0174177499024	0.038563311779	-0.0293817050337	1.0	0.00376362427908	0.019412025877	0.0204585431048	0.0304035980568	-0.00663771628246	-0.0168162495562	-0.0354549959333	0.0488829525509	0.0458958137712	-0.00966594297726	0.0373216005971	0.00369041775786	0.0323306609784	0.0248358891723	-0.0497107959631	0.0504828796092	0.03461024209	0.0110551543893	-0.0459956189837	0.0130106443653	-0.0232243090758	-0.0295933224603	-0.06265718848	0.000365403730829	-0.00232380992451	0.0358157531414	-0.00223220020497	0.00123624512424	-0.019987980843	-0.0708559852346	-0.0652427667229	-0.00561725233862	0.0196854077607	0.0351926516462	0.0279653389221
k__Bacteria;p__Firmicutes;c__Clostridia;o__Clostridiales;f__Oscillospiraceae;g__Oscillibacter;s__Oscillibacter_sp._KLE_1745	-0.00676811222733	0.0239731905735	0.0111759316167	0.0167853217247	0.00723436389214	0.0100145772667	-0.0151793139489	-0.00425281293167	-0.0130043638082	-0.0497193390599	-0.0334738450695	-0.0599175506059	0.0433069166444	-0.0270513075166	-0.0173609322726	0.00519148555444	-0.0221466812468	-0.0294657307399	-0.00951953730748	0.0470617951294	0.00792251329898	-0.0895112042549	0.0240225030625	0.00376362427908	1.0	-0.00748703922936	0.00646942869429	-0.0594119630647	0.0437218052935	0.0193529549756	-0.0322547058361	1.28264945213e-05	-0.00128220805943	-0.0102591873628	-0.0179828201138	0.00466329707053	-0.0434076534789	-0.016761341436	-0.0195774548542	-0.0253261888946	0.0597181144067	0.00280734641923	-0.00339789104665	-0.0614427069016	-0.0601627995638	-0.0408595741009	0.0228785110711	-0.0409758029247	-0.0203886791306	-0.0541906250465	-0.00750167197888	-0.0164666004818	-0.0109163899681	-0.0209806469659	-0.0435516960793	0.0184025906459	-0.00279033718781	0.00236635433266	0.0188394398454
k__Bacteria;p__Bacteroidetes;c__Bacteroidia;o__Bacteroidales;f__Bacteroidaceae;g__Bacteroides;s__Bacteroides_coprophilus	0.0281387948915	0.0160525433166	0.00090466195603	-0.0537296416896	-0.0433586557808	-0.0047692906531	-0.0477387713365	0.0338567517533	0.0051279109498	0.0203527604708	-0.0166069460474	-0.0548726749001	-0.0214880222001	-0.0481302011398	-0.0397197181537	0.0392615720833	-0.0488864369436	0.0321822406801	0.0251530999006	-0.00137578877506	0.00313325416156	-0.0356702857096	0.0240553107879	0.019412025877	-0.00748703922936	1.0	0.0708113257451	0.00166500590161	-0.0366671476049	-0.0288499745124	0.00514791119225	-0.00455863880541	-0.0705380738316	-0.0266387234475	0.00261322942425	-0.0582659894673	-0.0127325292678	0.00826321742765	0.00749311369134	-0.00978339641547	0.0190700479076	-0.0188862476213	0.0367543175919	-0.0324595692213	0.0363957413945	-0.0198809131155	0.0192272736621	-0.0322603173459	-0.00735070326506	-0.00403125950949	0.0524019365566	0.0190766769695	0.0401208496728	0.00272341789691	-0.0200505308713	-0.00250554742898	0.00574162359484	-0.0258361423656	-0.0371905665525
k__Bacteria;p__Firmicutes;c__Clostridia;o__Clostridiales;f__Lachnospiraceae;g__Roseburia;s__Roseburia_intestinalis	-0.0389782584937	-0.0196931137131	-0.0429259760029	-0.019283875871	0.0272615229171	-0.0108875789977	0.0193143375792	-0.0669122209859	-0.0121515268704	-0.0232717361903	0.0813366337728	0.0667536650831	-0.0414662222276	0.00405316702596	-0.000541112907219	-0.0465294343656	0.0417749059462	-0.0118815587329	0.0398293589169	0.0170905118529	0.0313784229096	0.000313995812203	-0.046222206782	0.0204585431048	0.00646942869429	0.0708113257451	1.0	-0.0293446917671	-0.0530329797884	-0.040006453063	0.0464598916708	-0.00202309938708	-0.012794657316	0.0580827842046	0.0100225435569	0.00557273178604	-0.0157052045172	-0.00973309359591	0.0203678403049	-0.0181033460792	-0.015532213835	0.0452008929236	-0.0214513474101	-0.04081933635	0.0595364063375	0.0689245690731	-0.00736782012964	-0.0469881426387	0.013451059598	-0.0239378302265	0.0691924914357	-0.0116708170102	0.0121197130316	0.017811016883	0.0110149167256	0.0255785089501	0.0222339340912	-0.0783421379816	-0.049919490531
k__Bacteria;p__Firmicutes;c__Clostridia;o__Clostridiales;f__Lachnospiraceae;g__Roseburia;s__Roseburia_hominis	0.0189775355594	0.00853681748621	-0.0360413534521	0.0336425288752	0.0157853219876	-0.00187556444446	0.00093657999659	-0.00269389072428	0.00742333504907	-0.030274789268	-0.031672584689	-0.0511941519406	-0.0028098197144	-0.0750670900052	0.0324252020404	0.0386633693629	-0.024786116336	0.0406298591327	-0.0299199520296	-0.039206841205	-0.0174659469484	0.0420323762672	0.030948768324	0.0304035980568	-0.0594119630647	0.00166500590161	-0.0293446917671	1.0	-0.026222726028	0.071356226063	-0.0226992743781	-0.00417761832401	0.0194556195131	-0.00378535821644	-0.0402298884758	-0.0589435223332	-0.0622301274283	0.0409718253172	0.040116350328	-0.0281037390001	-0.0543738539424	-0.0482424171494	-0.0289462089695	0.0118199476741	-0.0635341537138	-0.0258376745877	0.0447407100572	0.012241110341	-0.00401757286052	-0.0289631091186	-0.0068807533085	-0.00534961534471	-0.0356472412816	-0.082755978993	0.0213800646314	-0.0254758553333	0.0240210389206	-0.00702750808377	-0.0384397596393
k__Bacteria;p__Bacteroidetes;c__Bacteroidia;o__Bacteroidales;f__Porphyromonadaceae;g__Parabacteroides;s__Parabacteroides_johnsonii	-0.0365240195482	0.00780512158726	0.0438876110157	0.0425546298427	-0.0261349401449	0.00263581119363	-0.0252658796569	0.00420266134881	0.0166857570436	-0.0221745353617	0.0148533332651	-0.0242135017917	-0.0185451538024	-0.0114208554094	0.0300615502107	-0.00747638014667	-0.0537258113658	-0.0513935431164	0.0394665285085	-0.00493608243003	-0.0738285233351	-0.0139845835314	0.0345759675	-0.00663771628246	0.0437218052935	-0.0366671476049	-0.0530329797884	-0.026222726028	1.0	-0.0728743789157	-0.0426516487306	0.0110138025177	-0.0337894621279	-0.0664523578339	-0.0183274177684	-0.0316001190225	0.0109254189123	0.061298129705	0.0368001326934	-0.00540376634577	0.00849236692501	-0.010175885611	-0.0585018228029	-0.00635076080959	-0.0348062662848	0.00261106561008	-0.0216073680627	-0.0254466177496	0.0561093089767	-0.0374013325024	0.0360696471033	0.0859676941287	-0.000990279967234	0.0219191653458	0.0238020585903	-0.0405667283645	-0.0178091488429	0.00540883779639	0.00784604420517
k__Bacteria;p__Actinobacteria;c__Actinobacteria;o__Bifidobacteriales;f__Bifidobacteriaceae;g__Bifidobacterium;s__Bifidobacterium_longum	-0.0696030034638	-0.0237632290696	-0.0151127543576	-0.0234907461099	0.0196496202822	-0.0050821827759	-0.0717701628186	0.113463017356	-0.0298512876194	-0.0273209412804	-0.0145811229904	-0.0575703489618	0.0027401423846	-0.0381942869618	0.0162993075662	0.000791711844759	0.0227097050651	0.0331425849982	0.0388123337469	0.0163365130971	0.0333811856499	0.0201186230156	-0.00176122821203	-0.0168162495562	0.0193529549756	-0.0288499745124	-0.040006453063	0.071356226063	-0.0728743789157	1.0	-0.0138714599177	-0.0172772880362	-0.0347076532964	-0.0282863872798	0.0568416385694	-0.00777616207581	-0.024543386845	-0.0148593593378	0.0133501655864	0.0154426003733	-0.0025767532809	-0.0730457111009	-0.0261121274923	0.00825994866792	0.0332137830059	0.0564966408572	0.0288835911866	0.050494505294	-0.0113196909045	-0.0329514175158	-0.0833767453893	-0.0680090448097	-0.024743226432	-0.0541538743028	0.012819060599	0.00539092379926	-0.0256359831934	-0.0449260978747	-0.0298304701204
