#taxonomy	k__Bacteria;p__Bacteroidetes;c__Bacteroidia;o__Bacteroidales;f__Bacteroidaceae;g__Bacteroides;s__Bacteroides_vulgatus	k__Bacteria;p__Bacteroidetes;c__Bacteroidia;o__Bacteroidales;f__Bacteroidaceae;g__Bacteroides;s__Bacteroides_uniformis	k__Bacteria;p__Bacteroidetes;c__Bacteroidia;o__Bacteroidales;f__Rikenellaceae;g__Alistipes;s__Alistipes_putredinis	k__Bacteria;p__Bacteroidetes;c__Bacteroidia;o__Bacteroidales;f__Prevotellaceae;g__Prevotella;s__Prevotella_copri	k__Bacteria;p__Bacteroidetes;c__Bacteroidia;o__Bacteroidales;f__Bacteroidaceae;g__Bacteroides;s__Bacteroides_stercoris	k__Bacteria;p__Bacteroidetes;c__Bacteroidia;o__Bacteroidales;f__Bacteroidaceae;g__Bacteroides;s__Bacteroides_ovatus	k__Bacteria;p__Bacteroidetes;c__Bacteroidia;o__Bacteroidales;f__Rikenellaceae;g__Alistipes;s__Alistipes_shahii	k__Bacteria;p__Firmicutes;c__Clostridia;o__Clostridiales;f__Ruminococcaceae;g__Faecalibacterium;s__Faecalibacterium_prausnitzii	k__Bacteria;p__Bacteroidetes;c__Bacteroidia;o__Bacteroidales;f__Rikenellaceae;g__Alistipes;s__Alistipes_finegoldii	k__Bacteria;p__Bacteroidetes;c__Bacteroidia;o__Bacteroidales;f__Porphyromonadaceae;g__Parabacteroides;s__Parabacteroides_distasonis	k__Bacteria;p__Bacteroidetes;c__Bacteroidia;o__Bacteroidales;f__Bacteroidaceae;g__Bacteroides;s__Bacteroides_thetaiotaomicron	k__Bacteria;p__Bacteroidetes;c__Bacteroidia;o__Bacteroidales;f__Bacteroidaceae;g__Bacteroides;s__Bacteroides_coprocola	k__Bacteria;p__Bacteroidetes;c__Bacteroidia;o__Bacteroidales;f__Bacteroidaceae;g__Bacteroides;s__Bacteroides_cellulosilyticus	k__Bacteria;p__Bacteroidetes;c__Bacteroidia;o__Bacteroidales;f__Rikenellaceae;g__Alistipes;s__Alistipes_obesi	k__Bacteria;p__Firmicutes;c__Clostridia;o__Clostridiales;f__Lachnospiraceae;g__;s__[Eubacterium]_rectale	k__Bacteria;p__Bacteroidetes;c__Bacteroidia;o__Bacteroidales;f__Bacteroidaceae;g__Bacteroides;s__Bacteroides_plebeius	k__Bacteria;p__Bacteroidetes;c__Bacteroidia;o__Bacteroidales;f__Bacteroidaceae;g__Bacteroides;s__Bacteroides_fragilis	k__Bacteria;p__Proteobacteria;c__Betaproteobacteria;o__Burkholderiales;f__Sutterellaceae;g__Sutterella;s__Sutterella_wadsworthensis	k__Bacteria;p__Bacteroidetes;c__Bacteroidia;o__Bacteroidales;f__Porphyromonadaceae;g__Barnesiella;s__Barnesiella_intestinihominis	k__Bacteria;p__Bacteroidetes;c__Bacteroidia;o__Bacteroidales;f__Odoribacteraceae;g__Odoribacter;s__Odoribacter_splanchnicus	k__Bacteria;p__Bacteroidetes;c__Bacteroidia;o__Bacteroidales;f__Bacteroidaceae;g__Bacteroides;s__Bacteroides_salyersiae	k__Bacteria;p__Firmicutes;c__Clostridia;o__Clostridiales;f__Ruminococcaceae;g__Ruminiclostridium;s__[Eubacterium]_siraeum	k__Bacteria;p__Proteobacteria;c__Betaproteobacteria;o__Burkholderiales;f__Sutterellaceae;g__Parasutterella;s__Parasutterella_excrementihominis	k__Bacteria;p__Actinobacteria;c__Actinobacteria;o__Bifidobacteriales;f__Bifidobacteriaceae;g__Bifidobacterium;s__Bifidobacterium_adolescentis	k__Bacteria;p__Firmicutes;c__Clostridia;o__Clostridiales;f__Oscillospiraceae;g__Oscillibacter;s__Oscillibacter_sp._KLE_1745	k__Bacteria;p__Bacteroidetes;c__Bacteroidia;o__Bacteroidales;f__Bacteroidaceae;g__Bacteroides;s__Bacteroides_coprophilus	k__Bacteria;p__Firmicutes;c__Clostridia;o__Clostridiales;f__Lachnospiraceae;g__Roseburia;s__Roseburia_intestinalis	k__Bacteria;p__Firmicutes;c__Clostridia;o__Clostridiales;f__Lachnospiraceae;g__Roseburia;s__Roseburia_hominis	k__Bacteria;p__Bacteroidetes;c__Bacteroidia;o__Bacteroidales;f__Porphyromonadaceae;g__Parabacteroides;s__Parabacteroides_johnsonii	k__Bacteria;p__Actinobacteria;c__Actinobacteria;o__Bifidobacteriales;f__Bifidobacteriaceae;g__Bifidobacterium;s__Bifidobacterium_longum	k__Bacteria;p__Firmicutes;c__Clostridia;o__Clostridiales;f__;g__Flavonifractor;s__Flavonifractor_plautii	k__Bacteria;p__Firmicutes;c__Clostridia;o__Clostridiales;f__Clostridiaceae;g__Clostridium;s__Clostridium_phoceensis	k__Bacteria;p__Verrucomicrobia;c__Verrucomicrobiae;o__Verrucomicrobiales;f__Akkermansiaceae;g__Akkermansia;s__Akkermansia_muciniphila	k__Bacteria;p__Bacteroidetes;c__Bacteroidia;o__Bacteroidales;f__Prevotellaceae;g__Paraprevotella;s__Paraprevotella_xylaniphila	k__Bacteria;p__Firmicutes;c__Clostridia;o__Clostridiales;f__Ruminococcaceae;g__Ruminococcus;s__Ruminococcus_callidus	k__Bacteria;p__Bacteroidetes;c__Bacteroidia;o__Bacteroidales;f__Rikenellaceae;g__Alistipes;s__Alistipes_senegalensis	k__Bacteria;p__Firmicutes;c__Clostridia;o__Clostridiales;f__Lachnospiraceae;g__Blautia;s__Blautia_sp._KLE_1732	k__Bacteria;p__Bacteroidetes;c__Bacteroidia;o__Bacteroidales;f__Bacteroidaceae;g__Bacteroides;s__Bacteroides_oleiciplenus	k__Bacteria;p__Firmicutes;c__Clostridia;o__Clostridiales;f__Ruminococcaceae;g__Ruminococcus;s__Ruminococcus_bicirculans	k__Bacteria;p__Bacteroidetes;c__Bacteroidia;o__Bacteroidales;f__Bacteroidaceae;g__Bacteroides;s__Bacteroides_fluxus	k__Bacteria;p__Bacteroidetes;c__Bacteroidia;o__Bacteroidales;f__Prevotellaceae;g__Prevotella;s__Prevotella_stercorea	k__Bacteria;p__Firmicutes;c__Clostridia;o__Clostridiales;f__Lachnospiraceae;g__Dorea;s__Dorea_longicatena	k__Bacteria;p__Firmicutes;c__Clostridia;o__Clostridiales;f__Eubacteriaceae;g__Eubacterium;s__[Eubacterium]_eligens	k__Bacteria;p__Firmicutes;c__Clostridia;o__Clostridiales;f__Ruminococcaceae;g__;s__Ruminococcaceae_bacterium_D16	k__Bacteria;p__Firmicutes;c__Clostridia;o__Clostridiales;f__Lachnospiraceae;g__Coprococcus;s__Coprococcus_comes	k__Bacteria;p__Proteobacteria;c__Gammaproteobacteria;o__Enterobacterales;f__Enterobacteriaceae;g__Escherichia;s__Escherichia_coli	k__Bacteria;p__Firmicutes;c__Clostridia;o__Clostridiales;f__Ruminococcaceae;g__Anaerotruncus;s__Anaerotruncus_colihominis	k__Bacteria;p__Firmicutes;c__Clostridia;o__Clostridiales;f__Lachnospiraceae;g__Blautia;s__Blautia_obeum	k__Bacteria;p__Bacteroidetes;c__Bacteroidia;o__Bacteroidales;f__Odoribacteraceae;g__Odoribacter;s__Odoribacter_laneus	k__Bacteria;p__Firmicutes;c__Clostridia;o__Clostridiales;f__Ruminococcaceae;g__Ruminiclostridium;s__[Clostridium]_leptum	k__Bacteria;p__Bacteroidetes;c__Bacteroidia;o__Bacteroidales;f__Porphyromonadaceae;g__Parabacteroides;s__Parabacteroides_goldsteinii	k__Bacteria;p__Firmicutes;c__Clostridia;o__Clostridiales;f__Lachnospiraceae;g__Anaerostipes;s__Anaerostipes_hadrus	k__Bacteria;p__Firmicutes;c__Clostridia;o__Clostridiales;f__Ruminococcaceae;g__Ruminococcus;s__Ruminococcus_lactaris	k__Bacteria;p__Firmicutes;c__Clostridia;o__Clostridiales;f__Clostridiaceae;g__Clostridium;s__Clostridium_sp._L2-50	k__Bacteria;p__Firmicutes;c__Clostridia;o__Clostridiales;f__Clostridiaceae;g__Clostridium;s__Clostridium_sp._M62/1	k__Bacteria;p__Firmicutes;c__Clostridia;o__Clostridiales;f__;g__Intestinimonas;s__Intestinimonas_butyriciproducens	k__Bacteria;p__Actinobacteria;c__Actinobacteria;o__Bifidobacteriales;f__Bifidobacteriaceae;g__Bifidobacterium;s__Bifidobacterium_bifidum	k__Bacteria;p__Firmicutes;c__Negativicutes;o__Veillonellales;f__Veillonellaceae;g__Dialister;s__Dialister_invisus	k__Bacteria;p__Bacteroidetes;c__Bacteroidia;o__Bacteroidales;f__Bacteroidaceae;g__Bacteroides;s__Bacteroides_salanitronis
k__Bacteria;p__Bacteroidetes;c__Bacteroidia;o__Bacteroidales;f__Bacteroidaceae;g__Bacteroides;s__Bacteroides_vulgatus	1.0	-0.040752851717	-0.0113393279827	-0.0186913832586	-0.0487957206399	0.0100968484401	0.0595632805486	-0.0120427934804	-0.0342956883274	0.0659625178378	-0.0530244530669	0.0231665966707	-0.0257767351204	-0.00311467071682	-0.0508724203961	-0.0521765852944	-0.0654917310315	0.0208896583077	0.0417676026996	-0.0226370096657	0.00373959256715	0.0663230816365	0.0722359180498	-0.00969200686954	0.055077893019	-0.00111726918406	-0.0284030559347	-0.0324505169411	0.00491147611542	-0.0128787736604	0.0226024171646	-0.00180738974604	0.00304290394051	-0.0106036373629	-0.0921311376079	0.0273824710666	-0.0313074030555	-0.00239373003494	0.0285660499599	-0.022983548077	0.00487226063438	0.00818624675121	0.0661899511384	-0.0196440524286	-0.0392160854812	-0.0219824057021	-0.0869468722416	0.0155587528486	-0.0227454846754	-0.112956346096	-0.0111435739243	0.0345095416221	-0.00656308280634	-0.00176613052514	0.022971373133	-0.0801098767899	-0.0653985333689	-0.0166731016697	0.0135855338441
k__Bacteria;p__Bacteroidetes;c__Bacteroidia;o__Bacteroidales;f__Bacteroidaceae;g__Bacteroides;s__Bacteroides_uniformis	-0.040752851717	1.0	0.0493476232491	-0.00440910476207	0.0237408233818	-0.00449093142653	-0.000556273984176	0.0357184696863	-0.0224536541	-0.0314003314958	-0.0480179566448	0.0592100473928	0.000220502531874	0.0411800927566	-0.0369310692674	-0.0463109603218	0.0652133994433	-0.000692861466458	-0.0143054513745	0.00425697666953	0.015253414867	0.000488764369838	-0.0969624880704	0.0301579435614	-0.0434612583099	-0.00734864404119	-0.0189426799224	-0.0662717432168	0.00968956889224	-1.06439680086e-06	-0.0349040374134	-0.0209668846353	0.00653981981468	0.0398316619662	-0.0186056351072	-0.00848892085696	0.0102765468011	0.0493356914199	0.0376106407795	0.0129564275115	-0.0604899314221	-0.0334382832051	0.00284595620702	0.029058500533	0.00831680067187	-0.00795119665461	-0.0317662232144	0.0374107946636	-0.0277800641292	0.0185678579774	-0.00585963195287	-0.0211625528636	-0.0269369510375	0.0254654187248	-0.0524746602954	-0.0447111831507	0.0343107401812	0.00657630864827	0.0112295602088
k__Bacteria;p__Bacteroidetes;c__Bacteroidia;o__Bacteroidales;f__Rikenellaceae;g__Alistipes;s__Alistipes_putredinis	-0.0113393279827	0.0493476232491	1.0	-0.0402487585426	-0.00573826966299	0.002367163341	0.00766871507139	-0.0293281232068	-0.0480455014168	0.00923191389157	0.015770349737	0.0185004589081	0.00661582357157	-0.0368303106508	-0.00639688894155	-0.0296782860183	0.00783489405106	0.012741786889	0.00989388446611	-0.0331156939779	0.0200271724434	0.00647675288575	0.0164863123575	-0.012822717063	0.0246701501882	0.00622433605663	-0.0147894738042	-0.0644937952245	-0.0244068664815	-0.0400445406977	-0.00199456884749	0.0320523139118	-0.0987301071442	-0.0411322714082	-0.0342062268584	-0.00319476702959	-0.00666914951689	0.0330883765951	0.00228482279054	-0.0526203549224	-0.0100045974111	0.0239643166506	-0.0358462866068	0.100962101917	0.00019435215168	0.07317191119	0.0185761124499	-0.0477809553283	0.0100040689008	0.0152718326892	-0.0545284190656	0.0368816671213	0.00695837455658	-0.00119034450383	0.00279849765046	-0.0381038727549	-0.104345010628	0.0209597492427	-0.0241811720368
k__Bacteria;p__Bacteroidetes;c__Bacteroidia;o__Bacteroidales;f__Prevotellaceae;g__Prevotella;s__Prevotella_copri	-0.0186913832586	-0.00440910476207	-0.0402487585426	1.0	0.00226797012	-0.0761489368801	-0.0101840893497	-0.00443760968223	-0.0037487756294	-0.00779174504691	0.0209330634119	-0.0239231910525	0.000213685676078	0.0299554978313	0.00537682362307	-0.0605120970397	-0.0359874557401	-0.0260333211614	-0.0852704879112	0.0426363140925	-0.0140498644311	-0.00194507965719	-0.00136760688947	0.0311532218218	0.00096145593649	-0.00889234847877	0.0675453947712	-0.00895408280648	0.0243941717977	0.00203105921884	0.017094129357	-0.0476260298173	-0.0438535214997	-0.0149253450046	0.0203620933493	-0.00193578281937	-0.0729974233521	-0.0419168756494	0.0408764278197	-0.0663359104167	0.0431801930107	0.0301807948716	-0.0109139594382	-0.00449071421593	-0.0306852666713	-0.0257068689695	0.0248601340945	-0.0959668141772	0.0107253173479	-0.0300267094981	0.00154844940911	-0.0514200614312	0.0299630328322	0.00768720445898	-0.0415610806086	-0.00876208789373	-0.000342784382961	0.0114960748744	0.0300814821893
k__Bacteria;p__Bacteroidetes;c__Bacteroidia;o__Bacteroidales;f__Bacteroidaceae;g__Bacteroides;s__Bacteroides_stercoris	-0.0487957206399	0.0237408233818	-0.00573826966299	0.00226797012	1.0	-0.00196817919917	-0.0704000272242	0.0111150077429	-0.0113609641879	-0.0177552398437	0.000405564687579	0.00334532610436	-0.039964349663	-0.00679678228548	0.0411996078892	0.0354563098957	-0.0082223068987	0.0426583920108	0.0392781026896	-0.0148108091813	-0.016768409393	-0.0318426027034	-0.0298814363372	-0.0724384683731	0.0128086534415	-0.0484443767403	-0.00512999577466	-0.00146213052507	0.0438452835349	-0.0221998688124	0.00270909336395	0.0198564701043	-0.00772642956398	-0.0439843218546	0.0145172393106	-0.0361226449601	-0.0578068445172	-0.0725975909046	0.00472720193326	0.0180578121052	-0.0575957400299	0.00269697523911	0.0170771399422	0.00519583254921	-0.0306233144979	-0.0272538699176	0.0306944237843	-0.0220788609934	-0.0550853162581	-0.0259009809022	-0.0478598239886	0.029970412778	0.0216758511669	-0.0344352931219	-0.0582861954345	-0.0241386168064	0.0680490326024	-0.018759233886	0.00684165698361
k__Bacteria;p__Bacteroidetes;c__Bacteroidia;o__Bacteroidales;f__Bacteroidaceae;g__Bacteroides;s__Bacteroides_ovatus	0.0100968484401	-0.00449093142653	0.002367163341	-0.0761489368801	-0.00196817919917	1.0	0.0339680619527	0.00235259199961	-0.053145247197	-0.00728666413088	0.00135704673377	-0.018154707856	0.00389463853122	-0.0225458772271	0.0130599442048	0.0213288691588	0.0691572818309	-0.0118298758706	-0.053626712045	-0.0230161585794	0.0190693626472	-0.055224475123	-0.0364266073172	0.0114067411946	-0.0792751659335	-0.00591201377731	-0.0113168786129	0.0301769269955	-0.0472900166472	0.00404489708092	-0.0301922923414	-0.0353204427523	0.0197641321559	0.0224484188348	0.00183202293238	-0.0319667956688	-0.020763091989	0.0172950811764	0.0299607451088	-0.0100499178189	0.0551818013436	-0.0547686273798	0.0260097139758	-0.00192019125304	0.0222608242954	-0.0478961032443	-0.0229656759117	0.0133158944907	0.0392401608262	-0.0138856153134	0.024218104212	-0.0269312413632	0.000474886642428	0.0235108261473	0.00779595409122	-0.0296394912316	-0.0130745502155	0.00193967614124	-0.00122866056007
k__Bacteria;p__Bacteroidetes;c__Bacteroidia;o__Bacteroidales;f__Rikenellaceae;g__Alistipes;s__Alistipes_shahii	0.0595632805486	-0.000556273984176	0.00766871507139	-0.0101840893497	-0.0704000272242	0.0339680619527	1.0	0.0237584799256	-0.0117606842723	0.0114608401064	-0.0266044207039	-0.00543815558389	-0.0121197898318	0.0433321214809	-0.0212714199759	-0.0458317936891	-0.0207103707623	0.0301416953257	0.00830196815246	0.0128654893599	0.0151687763789	0.0536113560638	0.0223922300671	0.0269542985919	-0.0684720248633	-0.0448271661026	0.0152094209807	0.000639489249595	-0.0345760316062	-0.0318887194819	0.0349597186307	0.01930803354	-0.0246697175155	-0.0255105879161	0.0145156886224	-0.0313393197815	-0.0678936657131	-0.0307304186537	0.00400976081416	-0.00880649754293	-0.00393117927229	-0.000922824743382	-0.0304873767175	-0.0528113997972	-0.0343479437303	0.00749763365204	-0.0162673556938	-0.0410517454647	-0.0103615107066	0.0253338319007	-0.0118420091206	0.0350509695262	0.0124963428582	-0.0566835947931	-0.0294558602559	0.00438760644844	-0.0196741185483	-0.00966105824955	0.000192295004535
k__Bacteria;p__Firmicutes;c__Clostridia;o__Clostridiales;f__Ruminococcaceae;g__Faecalibacterium;s__Faecalibacterium_prausnitzii	-0.0120427934804	0.0357184696863	-0.0293281232068	-0.00443760968223	0.0111150077429	0.00235259199961	0.0237584799256	1.0	0.0282624410033	0.00795818980061	0.00565120877916	-0.0343343256107	-0.0294328132421	0.0276985231776	-0.00566528506324	-0.0189485674489	0.0251302329849	0.00523125994681	-0.0334030068153	-0.041214621049	-0.00524775477321	-0.0378443396642	7.87952725192e-05	-0.0234831800069	0.031989689018	-0.0218058553285	-0.0347481970893	-0.0282300975368	0.00454855280906	-0.0121537170414	-0.00616600661688	-0.015973301979	-0.03081740617	-0.0286859485998	0.0346525990563	0.0108524121649	-0.0407995807436	0.00606355557144	0.00762817640229	0.0100089721547	0.00260503595936	0.0300414178388	0.029884876307	-0.0190902768209	0.0265973444622	-0.0159166472825	0.0495717847503	-0.00910170740724	-0.0040583914015	-0.0474620700113	-0.00341375103494	-0.0194282223466	-0.0387210312339	-0.00841893573119	0.00717780164179	0.0424626261988	0.0112229556481	-0.0304757030949	-0.0147013390209
k__Bacteria;p__Bacteroidetes;c__Bacteroidia;o__Bacteroidales;f__Rikenellaceae;g__Alistipes;s__Alistipes_finegoldii	-0.0342956883274	-0.0224536541	-0.0480455014168	-0.0037487756294	-0.0113609641879	-0.053145247197	-0.0117606842723	0.0282624410033	1.0	-0.0453791721036	-0.044486151212	-0.0149530232022	0.0304180041863	0.00346964479376	-0.0340610633322	0.0605730186113	-0.00842923967011	0.0484567995086	0.0448588071937	-0.0672434376102	-0.0672395279506	-0.0628309339741	-0.0360850158801	-0.05129763426	0.0673654403297	-0.0491732334487	-0.0472555302392	-0.00262002778735	0.010090422774	-0.0266528128989	0.0209111852923	0.0278601661139	0.0159869996494	-0.00277975902674	0.00569314062336	0.0279235185833	-0.0385969750589	-0.00938995514114	-0.0224713844024	0.0268436858915	-0.0277463656055	-0.0389987754272	0.0271219001147	-0.0644894830539	0.0108642923255	0.0121359803868	0.0277053424102	0.000899497041699	-0.0489701624891	0.0462621902619	-0.011160119711	-0.0267985205445	-0.0693780681642	-0.0155609074911	0.0117449719019	0.0435744100656	-0.000765161417382	0.0344230695411	-0.0116675428624
k__Bacteria;p__Bacteroidetes;c__Bacteroidia;o__Bacteroidales;f__Porphyromonadaceae;g__Parabacteroides;s__Parabacteroides_distasonis	0.0659625178378	-0.0314003314958	0.00923191389157	-0.00779174504691	-0.0177552398437	-0.00728666413088	0.0114608401064	0.00795818980061	-0.0453791721036	1.0	0.0131161050096	-0.060466985825	0.0116973595215	-0.0570720173902	-0.00204282620941	0.0235647977809	-0.010190882599	-0.0735713889552	0.0129791430932	-0.0964103192167	-0.0181609824301	-0.0252937327153	0.00129113793493	-0.0374863897445	0.0638964361535	-0.0522887522235	-0.0101354217257	0.0450795912233	0.0133218881313	0.0184637397284	-0.00315549988739	0.0150080802719	0.0137557467208	0.0284516910283	-0.0582484743643	0.0431934519799	-0.0107747707096	0.0368353072464	0.0114359057674	0.0497521743341	-0.0268326640203	-0.0110955101881	0.021743846443	-0.0234247344106	-0.0135664103472	-0.000417441368675	0.0255656271415	-0.0525123313635	-0.0220559311986	0.00780604023738	-0.0280055014033	-0.00553497312597	0.0189225074432	0.0133699759876	0.0030553653386	0.00675568213639	-0.0589423882433	-0.00582715520284	-0.0572855910944
k__Bacteria;p__Bacteroidetes;c__Bacteroidia;o__Bacteroidales;f__Bacteroidaceae;g__Bacteroides;s__Bacteroides_thetaiotaomicron	-0.0530244530669	-0.0480179566448	0.015770349737	0.0209330634119	0.000405564687579	0.00135704673377	-0.0266044207039	0.00565120877916	-0.044486151212	0.0131161050096	1.0	-0.0447300002817	-0.0116939789927	0.0129913940905	0.0262207142308	0.0951356124461	-0.0282808339863	-0.0191501742727	-0.070966724967	-0.00332964969211	-0.0205775115973	-0.018766354266	-0.00439984628059	-0.05253475963	0.00567230275142	-0.00426902050482	-0.00770072124935	0.025795626544	0.00491989713482	0.0416807706172	2.58824332253e-05	-0.0359041277402	-0.0324254819824	0.0387993714242	-0.0431958677578	0.00637029916296	0.00715402894236	0.0270416737853	-0.021385258183	-0.00128918320605	0.00894470139463	-0.0553289607329	-0.0232471465077	0.00617427785793	0.0342254637042	0.0646541786918	-0.0278441378759	-0.0161976668485	-0.0362306790958	-0.0304251765342	-0.0195978727311	-0.00455668752131	-0.0123125191485	-0.0486791508889	-0.00856344327176	0.0225387339388	-0.011723440175	-0.0122240869737	-0.09488839542
k__Bacteria;p__Bacteroidetes;c__Bacteroidia;o__Bacteroidales;f__Bacteroidaceae;g__Bacteroides;s__Bacteroides_coprocola	0.0231665966707	0.0592100473928	0.0185004589081	-0.0239231910525	0.00334532610436	-0.018154707856	-0.00543815558389	-0.0343343256107	-0.0149530232022	-0.060466985825	-0.0447300002817	1.0	0.0605509415312	-0.011635660433	-0.0499172345341	-0.0558104768671	-0.00251936532581	-0.0691113031928	-0.0325541148068	-0.031373171924	-0.000584127315123	-0.0056194751755	0.0349813405522	0.0182330981794	-0.0348949167865	0.0530623229754	0.000505217718328	-0.0410714198479	-0.0324103294805	0.00226704461207	-0.0313502467679	-0.0177446672092	-0.0205664120316	0.0396762253358	-0.024426062301	0.0351370755126	0.0196567900857	-0.00943121712824	0.073705490446	0.0205152286377	-0.00379592540513	-0.00980124001096	-0.0212781194955	-0.00554071485693	-0.00869739820822	-0.0102257744823	-0.0500571762541	0.0232592041902	-0.00310586505171	0.0062372761064	0.011532557808	-0.00787285615542	-0.0324964399314	-0.000715348130755	0.0138025364142	-0.0495779627726	-0.043906155433	0.033599378105	-0.015387023847
k__Bacteria;p__Bacteroidetes;c__Bacteroidia;o__Bacteroidales;f__Bacteroidaceae;g__Bacteroides;s__Bacteroides_cellulosilyticus	-0.0257767351204	0.000220502531874	0.00661582357157	0.000213685676078	-0.039964349663	0.00389463853122	-0.0121197898318	-0.0294328132421	0.0304180041863	0.0116973595215	-0.0116939789927	0.0605509415312	1.0	-0.00884110818383	-0.0330084881127	0.00279104875958	-0.028566323604	-0.0147394890397	0.0154862283807	-0.0139766499333	-0.0228579285349	0.015612886408	-0.0327760179907	-0.0134006288788	-0.0236770688715	-0.0427859326962	0.0320430595874	-0.0033660732076	0.020789137031	0.0354499366473	-0.039282586774	-0.0589448759936	-0.0461095495051	-0.0200453053429	-0.00729399157538	-0.0827533526772	0.0260417740886	0.00579401571889	-0.00693417555477	-0.0235374496947	-0.0304993257801	-0.0263116879351	-0.00129792057981	-0.0188951662574	-0.010639263768	0.0193704065851	-0.0196883441868	-0.0225948281836	-0.00186068759937	-0.0151943922081	-0.00877848487303	-0.0237477739239	-0.0172993414561	-0.059155483588	0.013470424773	0.0168139331568	0.0354641018096	-0.0112792672596	-0.00764613423518
k__Bacteria;p__Bacteroidetes;c__Bacteroidia;o__Bacteroidales;f__Rikenellaceae;g__Alistipes;s__Alistipes_obesi	-0.00311467071682	0.0411800927566	-0.0368303106508	0.0299554978313	-0.00679678228548	-0.0225458772271	0.0433321214809	0.0276985231776	0.00346964479376	-0.0570720173902	0.0129913940905	-0.011635660433	-0.00884110818383	1.0	-0.0209041758925	0.0232603467563	-0.020432717982	0.03253503341	-0.0396721798499	0.013914548513	-0.0430117127931	-0.0742753162732	-0.0118251908253	0.00307173446626	0.022502486048	-0.0123618737627	-0.0580782490503	0.00688930953142	-0.0158583516848	-0.0714871858628	0.0188563646709	0.041977047959	-0.0358985437772	0.0595819745116	0.00636080947145	-0.0309681125184	-0.0247782161575	-0.0192667994423	0.0282863320325	-0.0223822325633	-0.0157162259533	-0.0123925689768	-0.0035145928556	-0.00969891995296	-0.0312829239613	0.0195306956402	-0.0497548986338	-0.0252802132751	-0.0067401345561	-0.00946789612626	-0.0220943218356	0.0125444889903	-0.0632467720323	-0.0651538185765	-0.0113701649283	-0.022606002642	-0.00329799225967	-0.00689982673208	0.0027379033186
k__Bacteria;p__Firmicutes;c__Clostridia;o__Clostridiales;f__Lachnospiraceae;g__;s__[Eubacterium]_rectale	-0.0508724203961	-0.0369310692674	-0.00639688894155	0.00537682362307	0.0411996078892	0.0130599442048	-0.0212714199759	-0.00566528506324	-0.0340610633322	-0.00204282620941	0.0262207142308	-0.0499172345341	-0.0330084881127	-0.0209041758925	1.0	-0.0737739578545	-0.00221752485885	-0.00392526995826	-0.00548925999688	-0.0177975184997	-0.0909890542196	0.0328366805348	-0.0420167566558	-0.0577408592074	0.0452944551683	-0.0367902975645	0.0300756950917	-0.0177783058307	0.0279280400145	-0.00299429334927	-0.037244396753	0.013691806041	0.0287644444863	-0.00531448379037	0.0567490814268	-0.0262265158011	0.014405665053	0.032529469684	-0.0771053416356	0.0365243550374	-0.073786673345	-0.0495284773855	-0.0128322079449	0.0306064715844	0.0115974090126	-0.0084687886253	0.00789975348757	-0.00631229443551	-0.0481293531344	-0.0388831703318	-0.0260786822979	-0.0805029703427	0.0105271552938	-0.0191590838445	0.0122999739215	-0.031701184332	0.023777125427	-0.0201075741697	0.0236007711666
k__Bacteria;p__Bacteroidetes;c__Bacteroidia;o__Bacteroidales;f__Bacteroidaceae;g__Bacteroides;s__Bacteroides_plebeius	-0.0521765852944	-0.0463109603218	-0.0296782860183	-0.0605120970397	0.0354563098957	0.0213288691588	-0.0458317936891	-0.0189485674489	0.0605730186113	0.0235647977809	0.0951356124461	-0.0558104768671	0.00279104875958	0.0232603467563	-0.0737739578545	1.0	-0.0929612072462	-0.0588406249911	0.0139531198491	-0.0216613738645	-0.0136912649345	-0.0168006349042	-0.0486247631732	-0.00746377103466	0.00681107019834	0.0258019285921	0.0124421676996	-0.0429457720303	0.0269357379688	0.00415886218691	-0.0696460314825	0.0244275159639	-0.029730754193	0.0107720669749	-0.0107046466618	-0.0346634088341	0.00280225295777	-0.0226742695253	0.0590154501192	-0.0530265598259	-0.0398486140909	-0.0682284737713	-0.0175107037865	0.0213043697014	0.053182943957	0.0159668391561	-0.00793954340684	0.0419791937644	-0.0529585122373	0.0199908041742	-0.018856349159	-0.00578875706192	0.0236332540665	-0.0279665210877	0.0290517485051	-0.0103555837588	-0.0140335019528	-0.019846186091	-0.0267653155374
k__Bacteria;p__Bacteroidetes;c__Bacteroidia;o__Bacteroidales;f__Bacteroidaceae;g__Bacteroides;s__Bacteroides_fragilis	-0.0654917310315	0.0652133994433	0.00783489405106	-0.0359874557401	-0.0082223068987	0.0691572818309	-0.0207103707623	0.0251302329849	-0.00842923967011	-0.010190882599	-0.0282808339863	-0.00251936532581	-0.028566323604	-0.020432717982	-0.00221752485885	-0.0929612072462	1.0	0.0295819620491	-0.0325969436004	-0.00153751395836	-0.0679749972517	0.0183836500923	-0.054821989895	0.0222615541423	-0.0189227166968	-0.0239466714091	0.00970329537906	0.0326631021011	-0.0378456632497	-0.0551314939146	-0.0540396073911	-0.0304394768845	0.0356453272772	-0.00999222298007	-0.00314733454107	-0.0274361668337	-0.0161666116766	-0.022055187166	-0.0779307221436	0.0592232944072	0.00882079216954	0.0189425518319	-0.00653184076193	-0.00136662880965	-0.0149910290922	-0.0305239868197	-0.0366246353267	-0.0213319337145	-0.0290535145558	0.00863649122845	0.0113551911686	-0.00937454340676	-0.0307670731349	-0.0146205633286	0.0160984847892	0.0237807141789	0.00429666434401	-0.0176036060117	-0.0231117408534
k__Bacteria;p__Proteobacteria;c__Betaproteobacteria;o__Burkholderiales;f__Sutterellaceae;g__Sutterella;s__Sutterella_wadsworthensis	0.0208896583077	-0.000692861466458	0.012741786889	-0.0260333211614	0.0426583920108	-0.0118298758706	0.0301416953257	0.00523125994681	0.0484567995086	-0.0735713889552	-0.0191501742727	-0.0691113031928	-0.0147394890397	0.03253503341	-0.00392526995826	-0.0588406249911	0.0295819620491	1.0	0.00774831967281	0.0014816347144	-0.0165490224695	-0.00830806811735	0.0286082374222	-0.00589472460725	-0.0041815102003	-0.038174649388	0.00653465737597	-0.00622238525319	-0.0282913384257	-0.042073691776	0.0109752546073	-0.0162303585244	0.0147462239751	-0.0649418392386	-0.030796067101	-0.00290017942237	-0.018621637523	-0.00151441722251	-0.0146886968883	-0.0285514742956	0.0103032983185	-0.0345428840144	-0.0328227919679	0.00718076650298	0.0231335692311	0.0474396864536	0.0321614082067	0.036567376335	0.0107141649005	-0.0543811797356	-0.0398227774835	-0.00234556602657	-0.0415037515923	0.0113681641369	0.00993242270141	0.000109934141172	-0.0440919234126	-0.025361818558	0.0434420092573
k__Bacteria;p__Bacteroidetes;c__Bacteroidia;o__Bacteroidales;f__Porphyromonadaceae;g__Barnesiella;s__Barnesiella_intestinihominis	0.0417676026996	-0.0143054513745	0.00989388446611	-0.0852704879112	0.0392781026896	-0.053626712045	0.00830196815246	-0.0334030068153	0.0448588071937	0.0129791430932	-0.070966724967	-0.0325541148068	0.0154862283807	-0.0396721798499	-0.00548925999688	0.0139531198491	-0.0325969436004	0.00774831967281	1.0	0.0414773578274	-0.0160317070993	-0.0364306612964	-0.0319867823158	-0.0353554064918	0.0519758815153	0.0241205559832	-0.0173855197985	-0.0317428677924	0.0108091295203	0.00503308253805	0.0266252802029	0.0318225082844	-0.0381280000256	-0.0554865111862	0.018576754262	-0.0112541052133	-0.0235147918134	0.0173277766544	-0.022500448831	0.022282771615	-0.0185115660007	-0.0123299597473	0.039863727893	-0.0178899258918	-0.0133442627444	-0.0116382664702	-0.00718505785194	0.0184727864319	-0.0667723158909	-0.080620460169	-0.0083355785809	-0.0554032940212	-0.00844031496247	0.0410242074648	0.0189606279477	-0.101239403499	0.0263643043572	-0.0144723718616	0.0249685871547
k__Bacteria;p__Bacteroidetes;c__Bacteroidia;o__Bacteroidales;f__Odoribacteraceae;g__Odoribacter;s__Odoribacter_splanchnicus	-0.0226370096657	0.00425697666953	-0.0331156939779	0.0426363140925	-0.0148108091813	-0.0230161585794	0.0128654893599	-0.041214621049	-0.0672434376102	-0.0964103192167	-0.00332964969211	-0.031373171924	-0.0139766499333	0.013914548513	-0.0177975184997	-0.0216613738645	-0.00153751395836	0.0014816347144	0.0414773578274	1.0	-0.0138463676052	0.0237321104353	-0.000401631382739	-0.0651111434606	-0.0397227918281	-0.0243004646719	-0.0245354559532	0.045878461765	-0.0108112365482	0.0177075696173	0.00260747041695	-0.0516168240745	-0.036204610808	0.0146857072806	-0.0193625611548	0.0129895823038	0.00198880437496	-0.0190539280015	0.0776217146449	-0.0233082850638	0.00687133493288	0.0109024599853	0.015413204033	0.0436825106791	0.00193490010688	-0.00758567751633	-0.0530172011455	-0.0678109425172	-0.0377513289528	0.0259250281231	-0.0274446094544	-0.00697373092836	-0.0200575529427	0.0208802152739	-0.0446939330232	0.00593737084761	-0.0298235014123	-0.00795473568025	-0.0211739303408
k__Bacteria;p__Bacteroidetes;c__Bacteroidia;o__Bacteroidales;f__Bacteroidaceae;g__Bacteroides;s__Bacteroides_salyersiae	0.00373959256715	0.015253414867	0.0200271724434	-0.0140498644311	-0.016768409393	0.0190693626472	0.0151687763789	-0.00524775477321	-0.0672395279506	-0.0181609824301	-0.0205775115973	-0.000584127315123	-0.0228579285349	-0.0430117127931	-0.0909890542196	-0.0136912649345	-0.0679749972517	-0.0165490224695	-0.0160317070993	-0.0138463676052	1.0	0.0269117641477	0.0340788814322	0.0605148426085	-0.00691751976668	0.0350351142351	-0.0402591171998	0.0048394741066	-0.00474434770593	-0.0438908336385	-0.00708947277321	0.0177092680705	0.0209011339874	-0.0113688489014	-0.0352056089417	0.0584582250717	-0.0370840041639	0.013116418382	-0.00663503950556	-0.00762069424298	0.0196025280049	-0.02213200922	-0.0293692965098	-0.0323378884625	-0.0448724316287	-0.0504490263646	-0.00922334435428	0.00542990386703	0.00872063713238	-0.00351849599619	-0.0222461022663	-0.0014596250016	0.0580525081387	0.0168336045275	-0.0291394080947	0.0104292876254	-0.00587971308776	0.0401940588552	0.0216164909509
k__Bacteria;p__Firmicutes;c__Clostridia;o__Clostridiales;f__Ruminococcaceae;g__Ruminiclostridium;s__[Eubacterium]_siraeum	0.0663230816365	0.000488764369838	0.00647675288575	-0.00194507965719	-0.0318426027034	-0.055224475123	0.0536113560638	-0.0378443396642	-0.0628309339741	-0.0252937327153	-0.018766354266	-0.0056194751755	0.015612886408	-0.0742753162732	0.0328366805348	-0.0168006349042	0.0183836500923	-0.00830806811735	-0.0364306612964	0.0237321104353	0.0269117641477	1.0	-0.00879757231693	-0.00762579120887	-0.0308747397868	-0.0659598003662	0.0198140329578	0.0332949758267	-0.00512075932435	0.0115077946753	-0.0517257094178	-0.0198859909374	0.0684544413527	-0.0434987542933	-0.0370265884022	-0.00693573054661	-0.0513962207305	0.0184505791041	0.0126629487163	-0.0127615089385	-0.0125392541831	-0.0277197567176	-0.000487316152469	0.0445897704682	-0.000162009267452	-0.0720644246842	0.0373358966877	0.0519684169515	-0.0433570265833	-0.0251025793021	-0.0434364198209	0.0873428816645	0.0216166808082	0.0142168429719	-0.0299729535961	-0.0219042963969	0.00242204752048	0.0185818604174	-0.0433038000648
k__Bacteria;p__Proteobacteria;c__Betaproteobacteria;o__Burkholderiales;f__Sutterellaceae;g__Parasutterella;s__Parasutterella_excrementihominis	0.0722359180498	-0.0969624880704	0.0164863123575	-0.00136760688947	-0.0298814363372	-0.0364266073172	0.0223922300671	7.87952725192e-05	-0.0360850158801	0.00129113793493	-0.00439984628059	0.0349813405522	-0.0327760179907	-0.0118251908253	-0.0420167566558	-0.0486247631732	-0.054821989895	0.0286082374222	-0.0319867823158	-0.000401631382739	0.0340788814322	-0.00879757231693	1.0	0.0420649692041	-0.027544492104	-0.0135890477915	0.0544615202791	0.0361821261289	0.00870115679844	-0.0457657071855	-0.0635465982059	0.00483442203913	0.0606218782829	-0.018496554076	-0.0238286124317	-0.0328696820197	0.0364037137983	0.0150408135298	-0.0312247680926	-0.0383748476736	0.0174218354648	-0.00636447402205	0.00301754247461	-0.0477345450852	-0.0214838617771	0.00815034415827	-0.0179187548725	-0.0230723300447	-0.0336390145626	0.0299013156035	-0.00620197142466	0.00887991349431	0.0167345666337	-0.0396092950493	0.00654002431991	-0.0135746667186	0.0096194393196	-0.0246063005569	0.0366253368009
k__Bacteria;p__Actinobacteria;c__Actinobacteria;o__Bifidobacteriales;f__Bifidobacteriaceae;g__Bifidobacterium;s__Bifidobacterium_adolescentis	-0.00969200686954	0.0301579435614	-0.012822717063	0.0311532218218	-0.0724384683731	0.0114067411946	0.0269542985919	-0.0234831800069	-0.05129763426	-0.0374863897445	-0.05253475963	0.0182330981794	-0.0134006288788	0.00307173446626	-0.0577408592074	-0.00746377103466	0.0222615541423	-0.00589472460725	-0.0353554064918	-0.0651111434606	0.0605148426085	-0.00762579120887	0.0420649692041	1.0	-0.00359013833561	0.0191906955452	0.0126821746734	0.0142285860197	0.0401823381684	0.0086016354825	-0.0182282549712	-0.0346279394248	0.0260460294861	-0.0394917887166	-0.0408270614924	0.0269780929388	-0.00686969948939	0.071270641685	-0.0519936540247	0.00794010432263	0.00508632268165	-0.00432874934373	0.00239876390398	-0.0130243955978	-0.0183852001082	0.00207981606734	0.0156882163015	0.00649683835611	0.00460451387777	-0.0271751065787	-0.0943859513647	-0.00442648979172	-0.0491738946189	0.0075560417598	-0.0270763325794	-0.0408165804036	-0.0273077222682	-0.0256072267429	0.0233760343135
k__Bacteria;p__Firmicutes;c__Clostridia;o__Clostridiales;f__Oscillospiraceae;g__Oscillibacter;s__Oscillibacter_sp._KLE_1745	0.055077893019	-0.0434612583099	0.0246701501882	0.00096145593649	0.0128086534415	-0.0792751659335	-0.0684720248633	0.031989689018	0.0673654403297	0.0638964361535	0.00567230275142	-0.0348949167865	-0.0236770688715	0.022502486048	0.0452944551683	0.00681107019834	-0.0189227166968	-0.0041815102003	0.0519758815153	-0.0397227918281	-0.00691751976668	-0.0308747397868	-0.027544492104	-0.00359013833561	1.0	0.0489830308721	-0.0617619637017	-0.00257367875669	-0.00198257798908	-0.0762588658989	-0.060917079592	0.000329234928234	-0.0568232335861	-0.0338013663396	-0.0457420693064	0.0443779261674	0.0105204700885	-0.0626498914536	-0.0234258242251	0.0750997462	-0.0167140546973	-0.00743736090837	0.037671130502	-0.0400513398015	0.0150150391796	-0.00155867233193	0.00822720388731	-0.0286404243784	0.0213752477681	-0.0315330348453	-0.0371032923469	0.00919153398436	0.0590061920667	-0.0198148194641	0.0172418236621	-0.0107219545728	-0.0684444114727	-0.0197207014666	-0.0683868118508
k__Bacteria;p__Bacteroidetes;c__Bacteroidia;o__Bacteroidales;f__Bacteroidaceae;g__Bacteroides;s__Bacteroides_coprophilus	-0.00111726918406	-0.00734864404119	0.00622433605663	-0.00889234847877	-0.0484443767403	-0.00591201377731	-0.0448271661026	-0.0218058553285	-0.0491732334487	-0.0522887522235	-0.00426902050482	0.0530623229754	-0.0427859326962	-0.0123618737627	-0.0367902975645	0.0258019285921	-0.0239466714091	-0.038174649388	0.0241205559832	-0.0243004646719	0.0350351142351	-0.0659598003662	-0.0135890477915	0.0191906955452	0.0489830308721	1.0	0.0147340237044	-0.0191543890277	0.0415776167062	-0.0211426443193	-0.00284061097694	0.0115848081762	-0.0403467839216	-0.0368922332491	0.0381180898637	-0.0140855462034	0.031091369738	-0.0383696302344	0.00167515492618	-0.016627338532	0.00776030765567	0.0347532469031	-0.0351874348338	-0.0460828374435	0.013841354055	0.00690842368865	-0.0606586090653	0.0305661927445	-0.00729458349539	-0.0724062444849	-0.014059495841	-0.00528538722618	-0.0123342038525	0.00187892300606	0.0100395341895	0.00621295040523	-0.0181219008906	-0.0513679889397	0.0272526885666
k__Bacteria;p__Firmicutes;c__Clostridia;o__Clostridiales;f__Lachnospiraceae;g__Roseburia;s__Roseburia_intestinalis	-0.0284030559347	-0.0189426799224	-0.0147894738042	0.0675453947712	-0.00512999577466	-0.0113168786129	0.0152094209807	-0.0347481970893	-0.0472555302392	-0.0101354217257	-0.00770072124935	0.000505217718328	0.0320430595874	-0.0580782490503	0.0300756950917	0.0124421676996	0.00970329537906	0.00653465737597	-0.0173855197985	-0.0245354559532	-0.0402591171998	0.0198140329578	0.0544615202791	0.0126821746734	-0.0617619637017	0.0147340237044	1.0	-0.00611346619542	-0.0190914937043	0.0156187337333	0.0246914788314	0.0409389864795	-0.0193370689049	-0.118259912072	0.0616841318157	0.00833647926101	-0.0141326631432	-0.0613093289821	-0.0395443517268	-0.0189066049057	0.0103355169671	-0.045700803954	0.0382365445097	-0.0147244608782	-0.0209860870034	-0.0393165129202	-0.000859948462398	0.0446178852989	-0.0374479427759	-0.0547524595179	-0.0728577012201	0.0501256055469	0.0187358388641	-0.0332491229625	-0.0208016879463	0.0431695820689	-0.0262528613447	0.0150646397999	-0.100406029662
k__Bacteria;p__Firmicutes;c__Clostridia;o__Clostridiales;f__Lachnospiraceae;g__Roseburia;s__Roseburia_hominis	-0.0324505169411	-0.0662717432168	-0.0644937952245	-0.00895408280648	-0.00146213052507	0.0301769269955	0.000639489249595	-0.0282300975368	-0.00262002778735	0.0450795912233	0.025795626544	-0.0410714198479	-0.0033660732076	0.00688930953142	-0.0177783058307	-0.0429457720303	0.0326631021011	-0.00622238525319	-0.0317428677924	0.045878461765	0.0048394741066	0.0332949758267	0.0361821261289	0.0142285860197	-0.00257367875669	-0.0191543890277	-0.00611346619542	1.0	-0.0105402633325	-0.0488494152251	-0.0129332711258	0.0157337215291	0.0257388317761	0.00070669831476	-0.0490847632229	0.0517411065586	-0.0437655606908	0.0109054507317	0.0132209006346	-0.00724174085739	0.0678627195807	-0.00808475008403	0.00113174326784	-0.021579534607	0.0280622131589	0.0135180031525	-0.0274755513906	0.013954750939	-0.00591762975603	0.0570684916147	0.00718662440425	-0.0574350652891	-0.0203281240832	-0.00243486360386	0.0219260647513	-0.0335564050099	-0.00549685808491	0.0236607574929	-0.054454416815
k__Bacteria;p__Bacteroidetes;c__Bacteroidia;o__Bacteroidales;f__Porphyromonadaceae;g__Parabacteroides;s__Parabacteroides_johnsonii	0.00491147611542	0.00968956889224	-0.0244068664815	0.0243941717977	0.0438452835349	-0.0472900166472	-0.0345760316062	0.00454855280906	0.010090422774	0.0133218881313	0.00491989713482	-0.0324103294805	0.020789137031	-0.0158583516848	0.0279280400145	0.0269357379688	-0.0378456632497	-0.0282913384257	0.0108091295203	-0.0108112365482	-0.00474434770593	-0.00512075932435	0.00870115679844	0.0401823381684	-0.00198257798908	0.0415776167062	-0.0190914937043	-0.0105402633325	1.0	-0.00270381358805	-0.0305822607471	0.00251697324013	0.00492882372488	0.0266365307296	-0.0586604243198	-0.0292204068336	0.0137963773408	0.0173011774158	-0.0228739284998	0.0882447949698	-0.066737970146	-0.0159433391026	-0.0126616193296	-0.0300068690049	-0.0228831731037	0.00749032328515	0.0117122173248	-0.0101557110268	-0.00268152215914	0.00629458465041	-0.0293562926848	-0.0315562873601	-0.00431283756506	-0.0668753860379	0.00705712816519	-0.0214393415332	-0.0261659528589	-0.00516380842335	0.041462228301
k__Bacteria;p__Actinobacteria;c__Actinobacteria;o__Bifidobacteriales;f__Bifidobacteriaceae;g__Bifidobacterium;s__Bifidobacterium_longum	-0.0128787736604	-1.06439680086e-06	-0.0400445406977	0.00203105921884	-0.0221998688124	0.00404489708092	-0.0318887194819	-0.0121537170414	-0.0266528128989	0.0184637397284	0.0416807706172	0.00226704461207	0.0354499366473	-0.0714871858628	-0.00299429334927	0.00415886218691	-0.0551314939146	-0.042073691776	0.00503308253805	0.0177075696173	-0.0438908336385	0.0115077946753	-0.0457657071855	0.0086016354825	-0.0762588658989	-0.0211426443193	0.0156187337333	-0.0488494152251	-0.00270381358805	1.0	-0.00531294823443	-0.0400709165802	0.0739431781741	0.0119909769984	0.0156162000732	0.0223906681291	-0.00727483097268	-0.0626036204173	-0.0130936171954	-0.0731476807355	-0.0199523014976	-0.00993673073974	0.0121803195945	-0.0877321485476	-0.0394905213472	0.0227904062329	0.0649085463397	-0.0140320436082	-0.00202793509945	0.0117686284277	-0.00134521421132	0.000375471118351	0.0772825397558	0.0561076856535	0.0114926114318	0.0125567273754	0.0399543482492	-0.00169408781201	-0.044997450676
