#taxonomy	k__Bacteria;p__Bacteroidetes;c__Bacteroidia;o__Bacteroidales;f__Bacteroidaceae;g__Bacteroides;s__Bacteroides_vulgatus	k__Bacteria;p__Bacteroidetes;c__Bacteroidia;o__Bacteroidales;f__Bacteroidaceae;g__Bacteroides;s__Bacteroides_uniformis	k__Bacteria;p__Bacteroidetes;c__Bacteroidia;o__Bacteroidales;f__Rikenellaceae;g__Alistipes;s__Alistipes_putredinis	k__Bacteria;p__Bacteroidetes;c__Bacteroidia;o__Bacteroidales;f__Prevotellaceae;g__Prevotella;s__Prevotella_copri	k__Bacteria;p__Bacteroidetes;c__Bacteroidia;o__Bacteroidales;f__Bacteroidaceae;g__Bacteroides;s__Bacteroides_stercoris	k__Bacteria;p__Bacteroidetes;c__Bacteroidia;o__Bacteroidales;f__Bacteroidaceae;g__Bacteroides;s__Bacteroides_ovatus	k__Bacteria;p__Bacteroidetes;c__Bacteroidia;o__Bacteroidales;f__Rikenellaceae;g__Alistipes;s__Alistipes_shahii	k__Bacteria;p__Firmicutes;c__Clostridia;o__Clostridiales;f__Ruminococcaceae;g__Faecalibacterium;s__Faecalibacterium_prausnitzii	k__Bacteria;p__Bacteroidetes;c__Bacteroidia;o__Bacteroidales;f__Rikenellaceae;g__Alistipes;s__Alistipes_finegoldii	k__Bacteria;p__Bacteroidetes;c__Bacteroidia;o__Bacteroidales;f__Porphyromonadaceae;g__Parabacteroides;s__Parabacteroides_distasonis	k__Bacteria;p__Bacteroidetes;c__Bacteroidia;o__Bacteroidales;f__Bacteroidaceae;g__Bacteroides;s__Bacteroides_thetaiotaomicron	k__Bacteria;p__Bacteroidetes;c__Bacteroidia;o__Bacteroidales;f__Bacteroidaceae;g__Bacteroides;s__Bacteroides_coprocola	k__Bacteria;p__Bacteroidetes;c__Bacteroidia;o__Bacteroidales;f__Bacteroidaceae;g__Bacteroides;s__Bacteroides_cellulosilyticus	k__Bacteria;p__Bacteroidetes;c__Bacteroidia;o__Bacteroidales;f__Rikenellaceae;g__Alistipes;s__Alistipes_obesi	k__Bacteria;p__Firmicutes;c__Clostridia;o__Clostridiales;f__Lachnospiraceae;g__;s__[Eubacterium]_rectale	k__Bacteria;p__Bacteroidetes;c__Bacteroidia;o__Bacteroidales;f__Bacteroidaceae;g__Bacteroides;s__Bacteroides_plebeius	k__Bacteria;p__Bacteroidetes;c__Bacteroidia;o__Bacteroidales;f__Bacteroidaceae;g__Bacteroides;s__Bacteroides_fragilis	k__Bacteria;p__Proteobacteria;c__Betaproteobacteria;o__Burkholderiales;f__Sutterellaceae;g__Sutterella;s__Sutterella_wadsworthensis	k__Bacteria;p__Bacteroidetes;c__Bacteroidia;o__Bacteroidales;f__Porphyromonadaceae;g__Barnesiella;s__Barnesiella_intestinihominis	k__Bacteria;p__Bacteroidetes;c__Bacteroidia;o__Bacteroidales;f__Odoribacteraceae;g__Odoribacter;s__Odoribacter_splanchnicus	k__Bacteria;p__Bacteroidetes;c__Bacteroidia;o__Bacteroidales;f__Bacteroidaceae;g__Bacteroides;s__Bacteroides_salyersiae	k__Bacteria;p__Firmicutes;c__Clostridia;o__Clostridiales;f__Ruminococcaceae;g__Ruminiclostridium;s__[Eubacterium]_siraeum	k__Bacteria;p__Proteobacteria;c__Betaproteobacteria;o__Burkholderiales;f__Sutterellaceae;g__Parasutterella;s__Parasutterella_excrementihominis	k__Bacteria;p__Actinobacteria;c__Actinobacteria;o__Bifidobacteriales;f__Bifidobacteriaceae;g__Bifidobacterium;s__Bifidobacterium_adolescentis	k__Bacteria;p__Firmicutes;c__Clostridia;o__Clostridiales;f__Oscillospiraceae;g__Oscillibacter;s__Oscillibacter_sp._KLE_1745	k__Bacteria;p__Bacteroidetes;c__Bacteroidia;o__Bacteroidales;f__Bacteroidaceae;g__Bacteroides;s__Bacteroides_coprophilus	k__Bacteria;p__Firmicutes;c__Clostridia;o__Clostridiales;f__Lachnospiraceae;g__Roseburia;s__Roseburia_intestinalis	k__Bacteria;p__Firmicutes;c__Clostridia;o__Clostridiales;f__Lachnospiraceae;g__Roseburia;s__Roseburia_hominis	k__Bacteria;p__Bacteroidetes;c__Bacteroidia;o__Bacteroidales;f__Porphyromonadaceae;g__Parabacteroides;s__Parabacteroides_johnsonii	k__Bacteria;p__Actinobacteria;c__Actinobacteria;o__Bifidobacteriales;f__Bifidobacteriaceae;g__Bifidobacterium;s__Bifidobacterium_longum	k__Bacteria;p__Firmicutes;c__Clostridia;o__Clostridiales;f__;g__Flavonifractor;s__Flavonifractor_plautii	k__Bacteria;p__Firmicutes;c__Clostridia;o__Clostridiales;f__Clostridiaceae;g__Clostridium;s__Clostridium_phoceensis	k__Bacteria;p__Verrucomicrobia;c__Verrucomicrobiae;o__Verrucomicrobiales;f__Akkermansiaceae;g__Akkermansia;s__Akkermansia_muciniphila	k__Bacteria;p__Bacteroidetes;c__Bacteroidia;o__Bacteroidales;f__Prevotellaceae;g__Paraprevotella;s__Paraprevotella_xylaniphila	k__Bacteria;p__Firmicutes;c__Clostridia;o__Clostridiales;f__Ruminococcaceae;g__Ruminococcus;s__Ruminococcus_callidus	k__Bacteria;p__Bacteroidetes;c__Bacteroidia;o__Bacteroidales;f__Rikenellaceae;g__Alistipes;s__Alistipes_senegalensis	k__Bacteria;p__Firmicutes;c__Clostridia;o__Clostridiales;f__Lachnospiraceae;g__Blautia;s__Blautia_sp._KLE_1732	k__Bacteria;p__Bacteroidetes;c__Bacteroidia;o__Bacteroidales;f__Bacteroidaceae;g__Bacteroides;s__Bacteroides_oleiciplenus	k__Bacteria;p__Firmicutes;c__Clostridia;o__Clostridiales;f__Ruminococcaceae;g__Ruminococcus;s__Ruminococcus_bicirculans	k__Bacteria;p__Bacteroidetes;c__Bacteroidia;o__Bacteroidales;f__Bacteroidaceae;g__Bacteroides;s__Bacteroides_fluxus	k__Bacteria;p__Bacteroidetes;c__Bacteroidia;o__Bacteroidales;f__Prevotellaceae;g__Prevotella;s__Prevotella_stercorea	k__Bacteria;p__Firmicutes;c__Clostridia;o__Clostridiales;f__Lachnospiraceae;g__Dorea;s__Dorea_longicatena	k__Bacteria;p__Firmicutes;c__Clostridia;o__Clostridiales;f__Eubacteriaceae;g__Eubacterium;s__[Eubacterium]_eligens	k__Bacteria;p__Firmicutes;c__Clostridia;o__Clostridiales;f__Ruminococcaceae;g__;s__Ruminococcaceae_bacterium_D16	k__Bacteria;p__Firmicutes;c__Clostridia;o__Clostridiales;f__Lachnospiraceae;g__Coprococcus;s__Coprococcus_comes	k__Bacteria;p__Proteobacteria;c__Gammaproteobacteria;o__Enterobacterales;f__Enterobacteriaceae;g__Escherichia;s__Escherichia_coli	k__Bacteria;p__Firmicutes;c__Clostridia;o__Clostridiales;f__Ruminococcaceae;g__Anaerotruncus;s__Anaerotruncus_colihominis	k__Bacteria;p__Firmicutes;c__Clostridia;o__Clostridiales;f__Lachnospiraceae;g__Blautia;s__Blautia_obeum	k__Bacteria;p__Bacteroidetes;c__Bacteroidia;o__Bacteroidales;f__Odoribacteraceae;g__Odoribacter;s__Odoribacter_laneus	k__Bacteria;p__Firmicutes;c__Clostridia;o__Clostridiales;f__Ruminococcaceae;g__Ruminiclostridium;s__[Clostridium]_leptum	k__Bacteria;p__Bacteroidetes;c__Bacteroidia;o__Bacteroidales;f__Porphyromonadaceae;g__Parabacteroides;s__Parabacteroides_goldsteinii	k__Bacteria;p__Firmicutes;c__Clostridia;o__Clostridiales;f__Lachnospiraceae;g__Anaerostipes;s__Anaerostipes_hadrus	k__Bacteria;p__Firmicutes;c__Clostridia;o__Clostridiales;f__Ruminococcaceae;g__Ruminococcus;s__Ruminococcus_lactaris	k__Bacteria;p__Firmicutes;c__Clostridia;o__Clostridiales;f__Clostridiaceae;g__Clostridium;s__Clostridium_sp._L2-50	k__Bacteria;p__Firmicutes;c__Clostridia;o__Clostridiales;f__Clostridiaceae;g__Clostridium;s__Clostridium_sp._M62/1	k__Bacteria;p__Firmicutes;c__Clostridia;o__Clostridiales;f__;g__Intestinimonas;s__Intestinimonas_butyriciproducens	k__Bacteria;p__Actinobacteria;c__Actinobacteria;o__Bifidobacteriales;f__Bifidobacteriaceae;g__Bifidobacterium;s__Bifidobacterium_bifidum	k__Bacteria;p__Firmicutes;c__Negativicutes;o__Veillonellales;f__Veillonellaceae;g__Dialister;s__Dialister_invisus	k__Bacteria;p__Bacteroidetes;c__Bacteroidia;o__Bacteroidales;f__Bacteroidaceae;g__Bacteroides;s__Bacteroides_salanitronis
k__Bacteria;p__Bacteroidetes;c__Bacteroidia;o__Bacteroidales;f__Bacteroidaceae;g__Bacteroides;s__Bacteroides_vulgatus	1.0	0.0327985115361	-0.0340781548357	-0.0287170609572	-0.0125681726343	-0.00559481797902	-0.0142488294202	0.078721735876	0.0393078345352	-0.0528668991269	-0.012313823207	0.0552772754409	0.0264551205769	-0.0137818104799	-0.0205117975937	0.0224461622292	-0.0200259666604	-0.0129569107443	0.00581544246207	0.000561430517979	0.00641203013523	-0.0468473260936	-0.05672116975	0.0611547114099	-0.00012507770012	0.0551496997293	-0.0177496248472	-0.00147693334602	-0.0870862294594	-0.0196003012809	-0.0121139385911	-0.0550792518568	-0.0160088694166	-0.0259727514998	0.0200825976275	-0.0227044350562	0.00843492725246	0.000576158186692	0.00798651930234	0.0220676516389	0.00678690681626	0.00845292674255	0.00974971564189	0.000113598425272	-0.0123992815652	-0.0119034321541	-0.0343196540292	0.0178785959191	0.0525228345742	0.0230283514722	-0.00954611408773	-0.019351331293	-0.0614505490003	-0.0182326568614	-0.00763124300891	-0.0051697264177	0.00346171907267	0.012506766434	0.0473464879829
k__Bacteria;p__Bacteroidetes;c__Bacteroidia;o__Bacteroidales;f__Bacteroidaceae;g__Bacteroides;s__Bacteroides_uniformis	0.0327985115361	1.0	-0.023512409659	-0.0541033873997	-0.0440175451213	-0.0283738736551	0.0271711899132	0.0108758886727	-0.0147615274495	-0.0510708672096	0.0353460429229	-0.0493902942995	-0.0247728295522	-0.00158700008699	-0.0057819265396	-0.015443601093	-0.0589824717241	-0.0536356549669	-0.0277510409253	-0.0635203961435	0.0313180304181	-0.0537823445292	0.0276237809905	-0.0302566781554	-0.0435811893563	-0.00659942892155	0.0364963712597	-0.0107102087613	0.041369752832	-0.0111389958377	0.00996966244135	-0.0145148806057	0.0323161843463	0.0381147523118	0.004321789184	-0.011779217032	-0.00734395874546	0.0153785895506	-0.0265064124054	0.00216115502415	0.00620914830658	0.0497903115406	-0.0323206436966	0.00669667658003	0.00939520440025	-0.0629472668931	0.00601640481013	0.0040659454468	0.0216294815042	0.0188093779106	0.0589445727811	-0.0295086116731	-0.00531097805977	0.000749601416779	-0.0015629869818	-0.00273079443222	-0.0616104762342	-0.0128257657137	-0.0381320249056
k__Bacteria;p__Bacteroidetes;c__Bacteroidia;o__Bacteroidales;f__Rikenellaceae;g__Alistipes;s__Alistipes_putredinis	-0.0340781548357	-0.023512409659	1.0	-0.00680854771598	-0.00910561366854	-0.0255553624157	-0.0146480740914	-0.0500210413123	0.0141526403124	-0.0830352304577	0.0282139275721	-0.0647842844925	-0.00633551878937	0.0022055387923	0.0507942370129	-0.00190478251834	0.0254953987384	-0.0171406298516	-0.0310581670945	-0.00740685862108	0.022515523812	-0.0274958409888	-0.0705452870843	0.026398481472	-0.023848306979	-0.0272689900678	-0.0489445933585	0.0120408003859	0.0530418769535	-0.0179179873897	-0.0159558504713	0.0554618810538	0.00152591106055	0.0252714293468	0.00362146143272	0.0172177892466	-0.00552672440108	0.051546379256	0.0379068320956	-0.0419965903162	-0.082509746576	-0.0159506230161	-0.00116502389895	-0.00617050641711	0.00649888420157	0.0446356610591	0.0143411623411	-0.0451566618822	0.0228429340617	-0.0470490772199	0.000361542649769	0.0197096536313	0.00764161805452	-0.0454226160924	0.0260333241212	-0.00253694950933	-0.00626069173702	-0.0166653227479	0.0379611284842
k__Bacteria;p__Bacteroidetes;c__Bacteroidia;o__Bacteroidales;f__Prevotellaceae;g__Prevotella;s__Prevotella_copri	-0.0287170609572	-0.0541033873997	-0.00680854771598	1.0	0.00898531949858	0.0619229376457	-0.00431694026052	0.000927011288585	-0.0120391556967	-0.0225953811889	-0.0287766805465	-0.0201601546557	0.0393090561422	0.0379103119677	-0.0579482800403	-0.0500805992296	-0.0371199642896	0.00864254121925	-0.0669155980655	0.00977823358565	0.0414492822653	0.0407475286293	-0.0611150275176	0.00644994440248	0.0207935259269	0.0247709899369	-0.00373814100959	0.0384992354313	-0.0438087131745	0.039672706428	-0.00349371651422	-0.0359344999124	0.0155758384655	0.0214992662843	-0.00376110522231	-0.0411377074538	-0.0271797355123	0.0286352141842	-0.0312427892146	-0.038304580174	0.0278739003758	0.0120105956915	0.03074709741	0.0113996551007	0.0729989535855	-0.00192730965687	-0.0177454627346	-0.0128459811326	0.00968077925321	0.0232355292107	-0.0209404790508	0.0103884946048	-0.0479232440186	-0.0129520028896	0.0371413448746	-0.0201463606418	0.00443002737362	0.0247531959923	8.52637570227e-05
k__Bacteria;p__Bacteroidetes;c__Bacteroidia;o__Bacteroidales;f__Bacteroidaceae;g__Bacteroides;s__Bacteroides_stercoris	-0.0125681726343	-0.0440175451213	-0.00910561366854	0.00898531949858	1.0	-0.0298304785845	-0.0300724715624	0.00263026180563	-0.0134481257733	0.0476686322383	-0.00860305990063	-0.0630364686192	-0.0318239362181	-0.0136459427656	-0.0157078617721	0.0689957030675	0.0208101842148	-0.0150332269176	-0.0294439375521	-0.0100362130127	-0.0223349273188	-0.0877830226172	-0.0441140221653	-0.0153837421635	-0.0800041542255	0.00161273209355	-0.048078130696	-0.0155367065512	-0.00882110687321	-0.0634922413304	0.0229688388029	0.00549440965043	0.0107931919452	0.0619260550354	-0.00259160613067	-0.0411749321323	-0.00471384109495	0.0309686914983	0.052954456295	0.000274916732378	-0.00035274190575	0.0138323904821	0.00850461688773	0.0283679677439	0.0193527098501	0.0494565268703	-0.0128813924439	-0.0578548025661	-0.0669436151424	0.0465251169417	0.07121920961	0.011959799016	0.0331912612712	-0.00206753284832	-0.0397180147076	-0.0140266945369	-0.0522218835311	0.0271333753583	0.0284596843635
k__Bacteria;p__Bacteroidetes;c__Bacteroidia;o__Bacteroidales;f__Bacteroidaceae;g__Bacteroides;s__Bacteroides_ovatus	-0.00559481797902	-0.0283738736551	-0.0255553624157	0.0619229376457	-0.0298304785845	1.0	-0.0306053927813	-0.0162827365905	-0.0364006219843	-0.0258185432291	-0.00439631454604	-0.0265825475839	0.0232055932081	-0.0218205125701	-0.0252939816762	0.00674865751873	-0.0199968841595	-0.0179446931984	-0.0466307234994	-0.0318247090423	-0.045664193373	-0.0452883236093	-0.073434135772	0.00688823542976	-0.00229678819355	-0.0263249011828	0.013139505422	-0.00247538308145	0.00775395207335	0.0262436628603	-0.0101199284033	0.00283923902457	-0.0165439871932	-0.0602951744361	0.0284858621834	-0.00673076425348	0.0225957396141	-0.0394251361251	-0.0188863786529	-0.00690524879403	0.0789013753509	0.00216174231998	-0.0327632078909	0.00415635121608	-0.0153702742239	-0.00049036684077	-0.0580514506819	0.0298289816874	-0.0288555748925	-0.028158329795	-0.0323199657606	0.00777050548237	-0.0345825942319	0.0149850240124	0.0135906243485	-0.067474755937	-0.0771601494099	-0.0246290188355	0.0304273748213
k__Bacteria;p__Bacteroidetes;c__Bacteroidia;o__Bacteroidales;f__Rikenellaceae;g__Alistipes;s__Alistipes_shahii	-0.0142488294202	0.0271711899132	-0.0146480740914	-0.00431694026052	-0.0300724715624	-0.0306053927813	1.0	-0.0580250801115	-0.00181380769581	-0.00821994566314	-0.0560713007088	-0.0552112056451	0.0164798047171	-0.0250163679058	0.0362756129629	-0.0226628074492	0.0175496914398	0.00829676030463	-0.0146695560876	-0.0232263338187	-0.0388590021086	0.015116105278	0.100000109483	0.0182855835982	-0.00851494580079	-0.03620472519	-0.0116242148827	-0.0152163228199	-0.046203162677	0.0459713045405	-0.00881294882441	-0.048650272323	0.00467502008322	-0.0170159534393	0.00937474006222	-0.0234562770548	-0.0143174614709	-0.0489419200612	-0.0227965027715	-0.0343673943746	0.0315456718486	-0.0202102753272	0.00501650989247	-0.0450303943725	0.0131202028094	0.00136921357939	-0.0172294509354	0.0229056606028	-0.00532171399893	-0.00767771618633	0.0336465300377	-0.0464498227357	-0.0250975363111	0.0320029688417	0.0376215315655	-0.0106196346279	-0.0249068428789	-0.00805943883229	0.0486091012437
k__Bacteria;p__Firmicutes;c__Clostridia;o__Clostridiales;f__Ruminococcaceae;g__Faecalibacterium;s__Faecalibacterium_prausnitzii	0.078721735876	0.0108758886727	-0.0500210413123	0.000927011288585	0.00263026180563	-0.0162827365905	-0.0580250801115	1.0	-0.0204456914573	-0.0530596106272	-0.0342233422864	0.0517648342754	-0.00328013502169	-0.0530595334278	-0.0275685395871	0.0103670426499	0.070550959398	0.00104480647379	0.0103134290384	-0.0264223174643	-0.0306366779517	0.0253165460538	-0.0340902564157	0.0735892646289	-0.0609565654895	-0.0313291922378	-0.000357365283972	-0.0196870715029	-0.0137605492466	-0.00242844162478	0.0455624005056	-0.017358154297	0.0101826758201	0.0118381720231	-0.0249009070589	0.000693774238701	-0.0631998428869	-0.029364136694	0.0385175411072	-0.0035587131309	-0.00270268925798	0.0174899548044	0.0201904104827	-0.0163497397973	0.0363974233651	-0.0245577391244	0.0230590725699	-0.0777189069349	0.0171570820533	0.0720591432061	0.0544130483741	-0.0778981696146	0.0162470844071	-0.0253877517747	-0.0149223844406	-0.0236838992928	0.0532667695155	-0.00976775071856	-0.039561395335
k__Bacteria;p__Bacteroidetes;c__Bacteroidia;o__Bacteroidales;f__Rikenellaceae;g__Alistipes;s__Alistipes_finegoldii	0.0393078345352	-0.0147615274495	0.0141526403124	-0.0120391556967	-0.0134481257733	-0.0364006219843	-0.00181380769581	-0.0204456914573	1.0	-0.00728391286267	0.00972718486963	0.00675280611866	-0.0016684021148	-0.0228891611719	-0.0303299410674	-0.0442370753186	0.0635307772316	-0.0371182812203	0.00813196398632	-0.0135671183956	0.0155329282704	-0.0184151739325	0.0249078105776	0.00019342317687	-0.00862975245981	-0.000469283533671	-0.039993815634	0.00993621570522	-0.00765550378315	0.0232285493141	-0.0396597570348	-0.0168162714176	0.00309706991061	0.0189123546471	-0.0130461126955	-0.0151196606519	-0.0122828310044	-0.00724156696173	-0.0460647555411	-0.00445844688695	0.044380715299	-0.0570483411016	0.0620601684681	0.0741260100774	-0.0256082959602	-0.0500018347247	-0.0432140207649	-0.0333780896141	-0.0107378541093	-0.0128162094798	-0.00468062517031	-0.00571446550682	-0.0550538849476	0.0205077452567	0.012538394426	-0.00042771486288	-0.0142029463391	-0.0328200919934	-0.00772083501984
k__Bacteria;p__Bacteroidetes;c__Bacteroidia;o__Bacteroidales;f__Porphyromonadaceae;g__Parabacteroides;s__Parabacteroides_distasonis	-0.0528668991269	-0.0510708672096	-0.0830352304577	-0.0225953811889	0.0476686322383	-0.0258185432291	-0.00821994566314	-0.0530596106272	-0.00728391286267	1.0	0.00802834104395	-0.0109822059428	-0.0117586155937	0.0107097147174	-0.0322031949657	0.0519349750688	-0.0403478577882	0.00468095740082	-0.0175324393222	-0.00411968122163	0.00206046112758	0.00245112462339	-0.0502232342503	0.0171423391908	-0.0141731615878	-0.0633241664308	0.00802818683998	-0.0166378745631	-0.0325045144083	-0.0237044569434	0.0231229972357	0.0622049894853	0.0648697444003	0.0342991470878	0.0217589158905	-0.0135298197919	-0.01579562443	-0.000845583246423	-0.0531414783973	-0.0101872635353	-0.0482254572974	-0.0296685320508	0.0114469074742	-0.00192637664461	0.00926723453301	0.0106345901332	-0.0635191392361	0.0282033938919	0.0161060345578	-0.0238035830179	-0.0380359766457	0.0131498859232	0.0155550522289	0.018231960284	0.00291510708423	-0.0297340465203	-0.0552396051445	-0.0249178775033	-0.0479857621691
k__Bacteria;p__Bacteroidetes;c__Bacteroidia;o__Bacteroidales;f__Bacteroidaceae;g__Bacteroides;s__Bacteroides_thetaiotaomicron	-0.012313823207	0.0353460429229	0.0282139275721	-0.0287766805465	-0.00860305990063	-0.00439631454604	-0.0560713007088	-0.0342233422864	0.00972718486963	0.00802834104395	1.0	0.0105194365975	-0.0308281599857	-0.0422471705828	-0.000623116634398	-0.0260182947749	-0.0590441726576	-0.00686126097158	-0.023178157229	-0.0521637503137	0.00490220650734	0.0509740771009	-0.0326438463355	-0.0210681521413	0.0520369000764	-0.020911498022	-0.02645468593	0.0531116405067	0.0266554617204	-0.0299566375684	-0.0199534914623	0.0164889942588	-0.0521535278614	-0.0426228859251	-0.0113330310235	-0.0368096452783	-0.0421525246579	0.00394697161887	-0.0242349516254	-0.036058338689	0.0421043393556	-0.0626110198035	0.000457948954444	0.0462019782844	0.0264955325584	-0.0382766949282	0.0237020021523	-0.01864782875	-0.0138920069873	-0.038646884945	-0.0259478348968	0.0278251655264	-0.00794387868349	0.00646779186645	0.0168586154636	0.00714063866217	0.00828498688323	0.00574141514842	-0.0123463955067
k__Bacteria;p__Bacteroidetes;c__Bacteroidia;o__Bacteroidales;f__Bacteroidaceae;g__Bacteroides;s__Bacteroides_coprocola	0.0552772754409	-0.0493902942995	-0.0647842844925	-0.0201601546557	-0.0630364686192	-0.0265825475839	-0.0552112056451	0.0517648342754	0.00675280611866	-0.0109822059428	0.0105194365975	1.0	-0.0513787668218	-0.0198681452949	-0.0163426642544	-0.0206534116839	-0.0123324893606	-0.0188350162492	-0.0251848445494	0.0341914065475	0.0116712565106	0.0361068109982	0.072338969425	-0.00872426735725	0.0117599682217	0.00945802646522	0.00559691371214	-0.044588205848	-0.0247507606669	-0.0423350382232	-0.0315025180264	-0.0896273564309	0.00552983435693	-0.00141923717135	-0.000562579132627	0.0281205870862	0.00544233040319	-0.0156603448231	-0.00319951354991	-0.0227499821776	0.00103263206909	-0.0366362817669	0.0447270190466	-0.03120803255	0.015945370487	0.0294127273531	-0.00750398648708	-0.013693544262	-0.0340701008406	-0.0496969553021	0.0126373100197	-0.0285641705849	0.0138467185631	-0.0153514018461	0.016667005235	0.041434841472	-0.00861888074338	0.0105498229906	0.0185251889975
k__Bacteria;p__Bacteroidetes;c__Bacteroidia;o__Bacteroidales;f__Bacteroidaceae;g__Bacteroides;s__Bacteroides_cellulosilyticus	0.0264551205769	-0.0247728295522	-0.00633551878937	0.0393090561422	-0.0318239362181	0.0232055932081	0.0164798047171	-0.00328013502169	-0.0016684021148	-0.0117586155937	-0.0308281599857	-0.0513787668218	1.0	0.0126087626779	0.00878316441529	0.0310824635818	0.0216974216345	0.00640018546629	-0.0366734851732	0.079282780452	0.0285761859687	0.04555176816	-0.0513234933461	0.0363809264464	-0.0151043936913	-0.0593898220987	0.0628722097052	0.00515786286985	0.027992512972	0.0326704759277	0.0332579737277	-0.0746007024539	-0.0288910914433	-0.00692222185428	0.0182214356444	-0.0164455256945	0.00828930542365	0.0387325369045	-0.0405998209998	0.0338944102677	0.00558542295088	0.0294892649635	-0.00713505420302	-0.0155314356328	-0.050176140999	-0.0692054471172	0.0531129750017	-0.0336274123485	-0.0160756470444	0.0130421980058	0.0180336848545	-0.0344071396061	-0.0189419377788	0.0435940713141	0.00779372320212	0.015849345883	-0.0917459058144	-0.0167185391332	0.00676082708143
k__Bacteria;p__Bacteroidetes;c__Bacteroidia;o__Bacteroidales;f__Rikenellaceae;g__Alistipes;s__Alistipes_obesi	-0.0137818104799	-0.00158700008699	0.0022055387923	0.0379103119677	-0.0136459427656	-0.0218205125701	-0.0250163679058	-0.0530595334278	-0.0228891611719	0.0107097147174	-0.0422471705828	-0.0198681452949	0.0126087626779	1.0	-0.00103520534634	0.0278499801895	-0.0446134124379	-0.0238134044929	-0.00593672124915	-0.0401589298869	0.0260473199987	0.0265265167378	-0.00350647068453	0.0220759718325	0.0150172761299	-0.0275099903683	0.00221191735468	0.0077765800365	0.0296199536891	-0.0236287850138	0.0220786019669	0.0227297882365	0.0728581751214	-0.0382353765967	0.0128021605346	-0.0175787601258	-0.037824183975	-0.0498804384498	-0.0178605699066	0.0224330427045	-0.0266604818379	0.0186437621857	-0.0905921677394	-0.00250690315224	0.000856932292125	-0.038678703975	0.0964783317791	-0.00783289886452	-0.0169461865927	-0.0608337187122	-0.0592246322462	-0.0293385371303	0.0177923096446	0.0123259559187	0.00453603102088	-0.0288428440584	0.00922856232973	-0.00796188572942	-0.0277544709387
k__Bacteria;p__Firmicutes;c__Clostridia;o__Clostridiales;f__Lachnospiraceae;g__;s__[Eubacterium]_rectale	-0.0205117975937	-0.0057819265396	0.0507942370129	-0.0579482800403	-0.0157078617721	-0.0252939816762	0.0362756129629	-0.0275685395871	-0.0303299410674	-0.0322031949657	-0.000623116634398	-0.0163426642544	0.00878316441529	-0.00103520534634	1.0	0.0167868363657	-0.0685549582276	0.00833824423148	0.0293651432741	-0.0112104319344	-0.0966596849703	0.0137714176847	-0.0471195207541	-0.0534169926361	0.00912872827107	-0.0374233595915	0.0362476204365	-0.0240353173451	-0.00856194923139	0.0261436236426	0.00682962271105	-0.0460499868915	-0.00872678598594	0.0157796133921	0.0113166003112	-0.0437731022999	-0.050629726266	-0.0116039016485	-0.0113460053188	-0.00495193865815	-0.0312192223269	0.0125431006292	-0.0149475732686	0.0446485652479	-0.0467515465657	0.0563844018575	-0.0124618966934	-0.0112576232441	-0.0343649822258	-0.0393116054751	-0.0224336032168	-0.0347469506432	-0.0436636457156	-0.00781806950046	-0.00797908159819	0.0494910965112	-5.59353844104e-05	0.0267685753606	0.0413424396351
k__Bacteria;p__Bacteroidetes;c__Bacteroidia;o__Bacteroidales;f__Bacteroidaceae;g__Bacteroides;s__Bacteroides_plebeius	0.0224461622292	-0.015443601093	-0.00190478251834	-0.0500805992296	0.0689957030675	0.00674865751873	-0.0226628074492	0.0103670426499	-0.0442370753186	0.0519349750688	-0.0260182947749	-0.0206534116839	0.0310824635818	0.0278499801895	0.0167868363657	1.0	0.00334805099927	-0.0262853512597	-0.0458769269901	0.0494822635554	-0.0660418770344	0.0334339592296	-0.0154426336325	0.0580479038547	-0.00379534928257	0.037146083106	0.011476600708	0.0352290285226	0.0279283573113	-0.0011276086071	0.0138550042862	-0.0348528550384	-0.00887390284899	-0.00876555472894	0.00617179740218	-0.0323152461608	-0.0156836571401	0.0231850114335	0.00778302335466	0.0245151193354	0.0451680202148	-0.00354073294878	-0.0290040760309	-0.0313280560528	0.0124563328506	0.0469228943357	0.013411216947	-0.0193996147356	-0.00741012882525	-0.00314700553036	-0.0406503874849	0.00184620584238	-0.00774675530394	-0.0367113560391	-0.00791753060488	0.0146009135002	-0.0189300325956	-0.0296147210212	-0.0702144986861
k__Bacteria;p__Bacteroidetes;c__Bacteroidia;o__Bacteroidales;f__Bacteroidaceae;g__Bacteroides;s__Bacteroides_fragilis	-0.0200259666604	-0.0589824717241	0.0254953987384	-0.0371199642896	0.0208101842148	-0.0199968841595	0.0175496914398	0.070550959398	0.0635307772316	-0.0403478577882	-0.0590441726576	-0.0123324893606	0.0216974216345	-0.0446134124379	-0.0685549582276	0.00334805099927	1.0	0.017991587612	-0.0228335101431	-0.00351466381641	-0.0881461385574	0.0463908258582	-0.00737864942357	-0.000433074687111	-0.0136343951655	0.0436610842036	0.0170614952671	0.00682046245371	-0.0341235882254	0.0372824193365	-0.106835301651	-0.00329752133134	-0.00240028299476	0.0608627827645	0.000542926433991	-0.0292279495292	-0.0133487589804	-0.0217642309471	-0.0398418755884	0.0437868809756	-0.0516569361037	0.0394169989563	-0.0344744896025	0.0391434597292	-0.0710450173868	-0.0226498682373	-0.0258301043788	-0.0394462434097	-0.0047147636309	-0.00284941019169	0.0226297997952	-0.0155132342726	0.0498354828849	-0.00514758722613	-0.0374188868903	-0.0191273867795	0.0139081470042	0.0207076873933	0.0439055364475
k__Bacteria;p__Proteobacteria;c__Betaproteobacteria;o__Burkholderiales;f__Sutterellaceae;g__Sutterella;s__Sutterella_wadsworthensis	-0.0129569107443	-0.0536356549669	-0.0171406298516	0.00864254121925	-0.0150332269176	-0.0179446931984	0.00829676030463	0.00104480647379	-0.0371182812203	0.00468095740082	-0.00686126097158	-0.0188350162492	0.00640018546629	-0.0238134044929	0.00833824423148	-0.0262853512597	0.017991587612	1.0	0.031616359358	0.036647776911	-0.0114795797164	-0.0170164578734	-0.0387953781992	-0.0531588761819	0.0246956124601	-0.0299017377854	0.000217689931565	-0.0169399816329	0.025829405551	-0.0325508862944	-0.0647408193847	0.0347824932586	-0.0426520393681	0.029398736422	-0.0119127507327	0.0396873721837	0.0472965135473	-0.0283983902336	-0.0605054972525	0.0212506055861	-0.0451977931541	-0.0634318868633	-0.0251992244074	0.026600739685	0.00621217521049	-0.0104759901525	-0.0533914631672	-0.045266775442	-0.0252359838296	0.0155743914721	-0.0473407551383	-0.0291772790624	-0.0213950187238	0.021237029614	-0.0309566465258	0.00654459593746	0.0342985113254	0.00819673795298	-0.0490967465349
k__Bacteria;p__Bacteroidetes;c__Bacteroidia;o__Bacteroidales;f__Porphyromonadaceae;g__Barnesiella;s__Barnesiella_intestinihominis	0.00581544246207	-0.0277510409253	-0.0310581670945	-0.0669155980655	-0.0294439375521	-0.0466307234994	-0.0146695560876	0.0103134290384	0.00813196398632	-0.0175324393222	-0.023178157229	-0.0251848445494	-0.0366734851732	-0.00593672124915	0.0293651432741	-0.0458769269901	-0.0228335101431	0.031616359358	1.0	-2.36706325174e-06	0.0591391450477	0.0544371022093	-0.0149750132356	-0.0422174215752	0.0314907368567	0.0379728473274	0.0150920733803	0.0342296365569	0.0042076223847	-0.00745105830376	0.0420702594315	0.0616704629458	0.0540527776774	-0.0120050919678	-0.0150939829234	-0.0195979828238	-0.0451039269098	0.0457206468756	-0.0199804698636	-0.0349552367969	-0.00862579473778	0.0228858690348	-0.0295309564177	-0.0195622885161	-0.0140708399593	0.0495278244888	-0.00854956451037	0.0582021565044	-0.00450839432003	-0.0359097326797	0.00853492100526	-0.0440003858505	-0.0844489282006	-0.0147754020166	0.0172074499051	-0.0235905552567	-0.00280851525587	0.00119227391552	0.0788594252898
k__Bacteria;p__Bacteroidetes;c__Bacteroidia;o__Bacteroidales;f__Odoribacteraceae;g__Odoribacter;s__Odoribacter_splanchnicus	0.000561430517978	-0.0635203961435	-0.00740685862108	0.00977823358565	-0.0100362130127	-0.0318247090423	-0.0232263338187	-0.0264223174643	-0.0135671183956	-0.00411968122163	-0.0521637503137	0.0341914065475	0.079282780452	-0.0401589298869	-0.0112104319344	0.0494822635554	-0.00351466381641	0.036647776911	-2.36706325183e-06	1.0	-0.0386833523819	0.0636812579922	0.0617795921692	-0.0647827660853	-0.00450918711385	-0.0231606817742	0.00652535323694	-0.0420816248765	0.0565245057884	-0.0226549946661	-0.0543222841021	-0.0224905208559	-0.00490165279507	0.0231255362321	-0.0458678739954	0.0797106559758	-0.0518790727474	-0.0329619513271	0.01363883814	0.00955562636117	0.0275350105522	0.0759339016989	0.0122744695812	-0.00500138191104	-0.0428040883942	0.0280986600207	-0.00437486700879	-0.0191644494664	0.00132663461821	-0.0569506452571	-0.0270036020649	-0.0127411079516	-0.0225661460863	0.033606920333	-0.0578970305481	-0.0676604096421	0.0261207971095	0.0251800924212	-0.0136148967295
k__Bacteria;p__Bacteroidetes;c__Bacteroidia;o__Bacteroidales;f__Bacteroidaceae;g__Bacteroides;s__Bacteroides_salyersiae	0.00641203013523	0.0313180304181	0.022515523812	0.0414492822653	-0.0223349273188	-0.045664193373	-0.0388590021086	-0.0306366779517	0.0155329282704	0.00206046112758	0.00490220650734	0.0116712565106	0.0285761859687	0.0260473199987	-0.0966596849703	-0.0660418770344	-0.0881461385574	-0.0114795797164	0.0591391450477	-0.0386833523819	1.0	0.0296776682853	0.0200040999073	0.00596323952385	-0.0192678964475	0.0192963873046	0.0112503797767	0.0314962414121	0.0491387387427	-0.00329237074146	-0.0235471171432	-0.0541893602773	-0.0235514869058	0.0162530841163	0.0120311695829	0.0332220094856	0.0114099065384	0.0255041790388	0.0109727167472	-0.0641653020837	-0.0195492808985	-0.0584238299114	-0.017416010713	-0.0329852092398	0.0111689092269	-0.00558724019971	-0.0470164255884	-0.0199588892205	-0.00341681651713	-0.0560620112547	-0.00561386408761	-0.0327080836072	0.00772260173909	0.00268373338435	-0.0520000585646	0.0495035439257	0.0205646237596	-0.0541818485324	0.0109880961289
k__Bacteria;p__Firmicutes;c__Clostridia;o__Clostridiales;f__Ruminococcaceae;g__Ruminiclostridium;s__[Eubacterium]_siraeum	-0.0468473260936	-0.0537823445292	-0.0274958409888	0.0407475286293	-0.0877830226172	-0.0452883236093	0.015116105278	0.0253165460538	-0.0184151739325	0.00245112462339	0.0509740771009	0.0361068109982	0.04555176816	0.0265265167378	0.0137714176847	0.0334339592296	0.0463908258582	-0.0170164578734	0.0544371022093	0.0636812579922	0.0296776682853	1.0	0.0309520488279	0.0235418815882	-0.0114049124033	0.00352348345965	0.0246241395493	0.012919746341	-0.0510398350526	-0.00228117706089	-0.0327000976645	-0.0360715189524	-0.0219429469259	0.0386740058591	0.033246217352	-0.0287059554052	-0.0105042517287	-0.0420140295552	0.023418234611	-0.0373782681409	-0.0143674547933	-0.0552337420414	0.00786685002582	-0.0439319231725	0.0178751040902	-0.0539622122145	-0.0422843864441	0.00191372900488	0.0198977019303	-0.00291053065152	0.0235546194812	-0.00976452778245	-0.00786852800194	-0.0428337558188	-0.0241337658542	-0.0311952780274	-0.0426156070223	0.0340850317009	-0.0131421198277
k__Bacteria;p__Proteobacteria;c__Betaproteobacteria;o__Burkholderiales;f__Sutterellaceae;g__Parasutterella;s__Parasutterella_excrementihominis	-0.05672116975	0.0276237809905	-0.0705452870843	-0.0611150275176	-0.0441140221653	-0.073434135772	0.100000109483	-0.0340902564157	0.0249078105776	-0.0502232342503	-0.0326438463355	0.072338969425	-0.0513234933461	-0.00350647068453	-0.0471195207541	-0.0154426336325	-0.00737864942357	-0.0387953781992	-0.0149750132356	0.0617795921692	0.0200040999073	0.0309520488279	1.0	0.000753240075496	-0.000838520619381	0.0379844861069	0.0192091158146	-0.00526372546	-0.0070818573777	-0.00585388771288	0.0257613364095	-0.0320482740196	-0.0187210009701	-0.0270746221578	0.0241434138092	0.0228051707373	-0.0150742654614	-0.0324144080398	0.000419098314841	-0.000512599743992	0.0573024319041	0.0183138009916	0.0429536845629	-0.0798561303569	-0.0678399493971	-0.0423209797601	-0.0196130778738	0.00319329234837	-0.0121035243905	-0.0243576607674	0.0276838524928	0.0193294683351	0.0282015575818	-0.0841911890233	0.0101885328161	0.00687950627817	-0.00139246339203	-0.0338798566246	-0.00615865540736
k__Bacteria;p__Actinobacteria;c__Actinobacteria;o__Bifidobacteriales;f__Bifidobacteriaceae;g__Bifidobacterium;s__Bifidobacterium_adolescentis	0.0611547114099	-0.0302566781554	0.026398481472	0.00644994440248	-0.0153837421635	0.00688823542976	0.0182855835982	0.0735892646289	0.00019342317687	0.0171423391908	-0.0210681521413	-0.00872426735725	0.0363809264464	0.0220759718325	-0.0534169926361	0.0580479038547	-0.000433074687111	-0.0531588761819	-0.0422174215752	-0.0647827660853	0.00596323952385	0.0235418815882	0.000753240075496	1.0	-0.0533978184519	-0.0398046596845	-0.0229305486839	0.0385024199653	-0.0527210027128	0.0509580792073	-0.0570904099361	-0.0382796563933	0.0283654486651	0.00652416676765	-0.0182880570048	-0.0433332385756	0.0514600417919	-0.000361234577218	0.06792126154	0.0263288574161	-0.00693381388792	0.0099947250033	-0.022070638141	-0.0241310047245	-0.00811074291196	-0.0342277985144	-0.015521065333	0.0111718555074	-0.0284124561734	-0.031122651509	-0.00257859012082	0.0122000744837	-0.022616733535	0.0249281069657	-0.0659228223758	0.0928340953769	-0.0518044353377	-0.004632221076	-0.0597810897249
k__Bacteria;p__Firmicutes;c__Clostridia;o__Clostridiales;f__Oscillospiraceae;g__Oscillibacter;s__Oscillibacter_sp._KLE_1745	-0.00012507770012	-0.0435811893563	-0.023848306979	0.0207935259269	-0.0800041542255	-0.00229678819355	-0.00851494580079	-0.0609565654895	-0.00862975245981	-0.0141731615878	0.0520369000764	0.0117599682217	-0.0151043936913	0.0150172761299	0.00912872827107	-0.00379534928257	-0.0136343951655	0.0246956124601	0.0314907368567	-0.00450918711385	-0.0192678964475	-0.0114049124033	-0.000838520619381	-0.0533978184519	1.0	0.0111089334243	-0.0125085503053	0.00276559250918	0.0127407568962	-0.0162129925605	-0.0231076893874	0.00114332614201	-0.0150323096829	0.0182581865522	-0.0232906474397	-0.0600251296052	0.0207589185617	-0.0158183759718	-0.0283425838443	0.0333521669387	-0.0216448068294	-0.0131944576353	-0.0248188457831	-0.00915887410497	-0.0137624559258	0.0571384260916	-0.0254271019705	0.0370698189953	-0.0623787004843	0.0182355422159	-0.0323035983598	0.00115238110914	-0.0752897856449	-0.0680170907196	0.031018194776	0.0404345446974	0.00555239361207	-0.0670689737074	0.00310070321258
k__Bacteria;p__Bacteroidetes;c__Bacteroidia;o__Bacteroidales;f__Bacteroidaceae;g__Bacteroides;s__Bacteroides_coprophilus	0.0551496997293	-0.00659942892155	-0.0272689900678	0.0247709899369	0.00161273209355	-0.0263249011828	-0.03620472519	-0.0313291922378	-0.000469283533671	-0.0633241664308	-0.020911498022	0.00945802646522	-0.0593898220987	-0.0275099903683	-0.0374233595915	0.037146083106	0.0436610842036	-0.0299017377854	0.0379728473274	-0.0231606817742	0.0192963873046	0.00352348345965	0.0379844861069	-0.0398046596845	0.0111089334243	1.0	-0.0228607004052	-0.028919568042	-0.0658641315555	-0.0395672610428	0.00682159315469	-0.0264634841627	-0.0409642008375	0.0432172721859	0.0345187546849	0.0227819701131	-0.0154664647248	-0.0222811055713	-0.000651854355183	-0.0139778244	0.0493449949117	0.0504487226654	-0.00306125150156	0.0237987934003	-0.0093585432505	0.015221250766	0.018762335762	-0.0466249780474	-0.00291905750274	-0.018606420641	-0.0533555847155	0.0219524147505	-0.0270407527358	-0.00249868425434	-0.0143664248108	0.00918471008876	-0.0259181437118	-0.0097783552672	-0.0271347770542
k__Bacteria;p__Firmicutes;c__Clostridia;o__Clostridiales;f__Lachnospiraceae;g__Roseburia;s__Roseburia_intestinalis	-0.0177496248472	0.0364963712597	-0.0489445933585	-0.00373814100959	-0.048078130696	0.013139505422	-0.0116242148827	-0.000357365283972	-0.039993815634	0.00802818683998	-0.02645468593	0.00559691371214	0.0628722097052	0.00221191735468	0.0362476204365	0.011476600708	0.0170614952671	0.000217689931565	0.0150920733803	0.00652535323694	0.0112503797767	0.0246241395493	0.0192091158146	-0.0229305486839	-0.0125085503053	-0.0228607004052	1.0	0.0561477235805	0.0610060123377	-0.00806840513565	-0.0238348541621	-0.0563300957876	0.0122882951502	-0.0127723141669	0.0506748420422	-0.00556410732725	0.0281248084095	0.0485596526048	-0.05048554773	0.0122617490648	-0.00687425633235	0.0191244114246	-0.00865148862236	-0.0187464982791	-0.0229086462425	-0.0965885867774	-0.0321139997002	-0.0571321196783	-0.0158474492187	-0.0178700842884	-0.0399320968356	-0.00991776102827	-0.0649445924276	-0.0364606646301	-0.0265854669081	-0.00911774557519	-0.00392291878294	-0.0139608795499	0.0484072147062
k__Bacteria;p__Firmicutes;c__Clostridia;o__Clostridiales;f__Lachnospiraceae;g__Roseburia;s__Roseburia_hominis	-0.00147693334602	-0.0107102087613	0.0120408003859	0.0384992354313	-0.0155367065512	-0.00247538308145	-0.0152163228199	-0.0196870715029	0.00993621570522	-0.0166378745631	0.0531116405067	-0.044588205848	0.00515786286985	0.0077765800365	-0.0240353173451	0.0352290285226	0.00682046245371	-0.0169399816329	0.0342296365569	-0.0420816248765	0.0314962414121	0.012919746341	-0.00526372546	0.0385024199653	0.00276559250918	-0.028919568042	0.0561477235805	1.0	0.0078623881183	-0.0376484469814	-0.0170776085656	0.00668619496914	-0.0107236791261	0.00736811875749	-0.0315586985773	-0.020561732593	0.00364691672683	0.0389250513563	-0.0402459191178	-0.0151737543931	-0.0704739096796	-0.0223348164912	0.0282366478732	-0.0148092100883	-0.0463148005534	0.00303057530105	-0.0386462091468	0.0330598817123	-0.0272769499265	0.020173562669	0.00268762787118	0.0645360019892	0.0251300526546	0.0159420771442	0.000682632169136	0.0156668374972	-0.0526354014075	-0.0101032594566	-0.0714801487593
k__Bacteria;p__Bacteroidetes;c__Bacteroidia;o__Bacteroidales;f__Porphyromonadaceae;g__Parabacteroides;s__Parabacteroides_johnsonii	-0.0870862294594	0.041369752832	0.0530418769535	-0.0438087131745	-0.00882110687321	0.00775395207335	-0.046203162677	-0.0137605492466	-0.00765550378315	-0.0325045144083	0.0266554617204	-0.0247507606669	0.027992512972	0.0296199536891	-0.00856194923139	0.0279283573113	-0.0341235882254	0.025829405551	0.0042076223847	0.0565245057884	0.0491387387427	-0.0510398350526	-0.0070818573777	-0.0527210027128	0.0127407568962	-0.0658641315555	0.0610060123377	0.0078623881183	1.0	-0.0154773293793	0.00314907509802	-0.0271059243294	-0.0331450823083	-0.0318474558013	-0.0171709521058	-0.000887751953383	0.0346310566282	-0.0138727847531	0.00992654986517	0.0295481717035	-0.028289814781	-0.0216325991944	0.00228226486639	-0.00690760327157	-0.0493703762091	-0.0254699538347	-0.052003017918	0.00498600840397	0.00502916658297	-0.0300098649349	0.0225624391247	-0.0237962747797	0.00207961817046	-0.0620702323308	-0.00773577291625	-0.0153802511727	0.00882929921214	-0.0088236575091	-0.0656891642685
k__Bacteria;p__Actinobacteria;c__Actinobacteria;o__Bifidobacteriales;f__Bifidobacteriaceae;g__Bifidobacterium;s__Bifidobacterium_longum	-0.0196003012809	-0.0111389958377	-0.0179179873897	0.039672706428	-0.0634922413304	0.0262436628603	0.0459713045405	-0.00242844162478	0.0232285493141	-0.0237044569434	-0.0299566375684	-0.0423350382232	0.0326704759277	-0.0236287850138	0.0261436236426	-0.0011276086071	0.0372824193365	-0.0325508862944	-0.00745105830376	-0.0226549946661	-0.00329237074146	-0.00228117706089	-0.00585388771288	0.0509580792073	-0.0162129925605	-0.0395672610428	-0.00806840513565	-0.0376484469814	-0.0154773293793	1.0	-0.0534374161665	-0.0126013223064	-0.0237386707971	-0.0523565483409	0.0267521644736	0.0307447897385	-0.0416622691256	0.0304210871788	0.00290372060746	0.0220595504531	0.0212196948226	-0.0338144768761	-0.0317240235456	0.0217414255277	0.0663968703133	0.0131490617553	-0.0122190457587	0.00664425776721	0.0109024775736	-0.0194111061332	0.0590565733067	-0.0801068485502	-0.0314431554739	-0.0682686571198	-0.0619550272019	-0.0148170751751	0.0369166927757	-0.0153383609135	-0.0420289527602
