#taxonomy	k__Bacteria;p__Bacteroidetes;c__Bacteroidia;o__Bacteroidales;f__Bacteroidaceae;g__Bacteroides;s__Bacteroides_vulgatus	k__Bacteria;p__Bacteroidetes;c__Bacteroidia;o__Bacteroidales;f__Bacteroidaceae;g__Bacteroides;s__Bacteroides_uniformis	k__Bacteria;p__Bacteroidetes;c__Bacteroidia;o__Bacteroidales;f__Rikenellaceae;g__Alistipes;s__Alistipes_putredinis	k__Bacteria;p__Bacteroidetes;c__Bacteroidia;o__Bacteroidales;f__Prevotellaceae;g__Prevotella;s__Prevotella_copri	k__Bacteria;p__Bacteroidetes;c__Bacteroidia;o__Bacteroidales;f__Bacteroidaceae;g__Bacteroides;s__Bacteroides_stercoris	k__Bacteria;p__Bacteroidetes;c__Bacteroidia;o__Bacteroidales;f__Bacteroidaceae;g__Bacteroides;s__Bacteroides_ovatus	k__Bacteria;p__Bacteroidetes;c__Bacteroidia;o__Bacteroidales;f__Rikenellaceae;g__Alistipes;s__Alistipes_shahii	k__Bacteria;p__Firmicutes;c__Clostridia;o__Clostridiales;f__Ruminococcaceae;g__Faecalibacterium;s__Faecalibacterium_prausnitzii	k__Bacteria;p__Bacteroidetes;c__Bacteroidia;o__Bacteroidales;f__Rikenellaceae;g__Alistipes;s__Alistipes_finegoldii	k__Bacteria;p__Bacteroidetes;c__Bacteroidia;o__Bacteroidales;f__Porphyromonadaceae;g__Parabacteroides;s__Parabacteroides_distasonis	k__Bacteria;p__Bacteroidetes;c__Bacteroidia;o__Bacteroidales;f__Bacteroidaceae;g__Bacteroides;s__Bacteroides_thetaiotaomicron	k__Bacteria;p__Bacteroidetes;c__Bacteroidia;o__Bacteroidales;f__Bacteroidaceae;g__Bacteroides;s__Bacteroides_coprocola	k__Bacteria;p__Bacteroidetes;c__Bacteroidia;o__Bacteroidales;f__Bacteroidaceae;g__Bacteroides;s__Bacteroides_cellulosilyticus	k__Bacteria;p__Bacteroidetes;c__Bacteroidia;o__Bacteroidales;f__Rikenellaceae;g__Alistipes;s__Alistipes_obesi	k__Bacteria;p__Firmicutes;c__Clostridia;o__Clostridiales;f__Lachnospiraceae;g__;s__[Eubacterium]_rectale	k__Bacteria;p__Bacteroidetes;c__Bacteroidia;o__Bacteroidales;f__Bacteroidaceae;g__Bacteroides;s__Bacteroides_plebeius	k__Bacteria;p__Bacteroidetes;c__Bacteroidia;o__Bacteroidales;f__Bacteroidaceae;g__Bacteroides;s__Bacteroides_fragilis	k__Bacteria;p__Proteobacteria;c__Betaproteobacteria;o__Burkholderiales;f__Sutterellaceae;g__Sutterella;s__Sutterella_wadsworthensis	k__Bacteria;p__Bacteroidetes;c__Bacteroidia;o__Bacteroidales;f__Porphyromonadaceae;g__Barnesiella;s__Barnesiella_intestinihominis	k__Bacteria;p__Bacteroidetes;c__Bacteroidia;o__Bacteroidales;f__Odoribacteraceae;g__Odoribacter;s__Odoribacter_splanchnicus	k__Bacteria;p__Bacteroidetes;c__Bacteroidia;o__Bacteroidales;f__Bacteroidaceae;g__Bacteroides;s__Bacteroides_salyersiae	k__Bacteria;p__Firmicutes;c__Clostridia;o__Clostridiales;f__Ruminococcaceae;g__Ruminiclostridium;s__[Eubacterium]_siraeum	k__Bacteria;p__Proteobacteria;c__Betaproteobacteria;o__Burkholderiales;f__Sutterellaceae;g__Parasutterella;s__Parasutterella_excrementihominis	k__Bacteria;p__Actinobacteria;c__Actinobacteria;o__Bifidobacteriales;f__Bifidobacteriaceae;g__Bifidobacterium;s__Bifidobacterium_adolescentis	k__Bacteria;p__Firmicutes;c__Clostridia;o__Clostridiales;f__Oscillospiraceae;g__Oscillibacter;s__Oscillibacter_sp._KLE_1745	k__Bacteria;p__Bacteroidetes;c__Bacteroidia;o__Bacteroidales;f__Bacteroidaceae;g__Bacteroides;s__Bacteroides_coprophilus	k__Bacteria;p__Firmicutes;c__Clostridia;o__Clostridiales;f__Lachnospiraceae;g__Roseburia;s__Roseburia_intestinalis	k__Bacteria;p__Firmicutes;c__Clostridia;o__Clostridiales;f__Lachnospiraceae;g__Roseburia;s__Roseburia_hominis	k__Bacteria;p__Bacteroidetes;c__Bacteroidia;o__Bacteroidales;f__Porphyromonadaceae;g__Parabacteroides;s__Parabacteroides_johnsonii	k__Bacteria;p__Actinobacteria;c__Actinobacteria;o__Bifidobacteriales;f__Bifidobacteriaceae;g__Bifidobacterium;s__Bifidobacterium_longum	k__Bacteria;p__Firmicutes;c__Clostridia;o__Clostridiales;f__;g__Flavonifractor;s__Flavonifractor_plautii	k__Bacteria;p__Firmicutes;c__Clostridia;o__Clostridiales;f__Clostridiaceae;g__Clostridium;s__Clostridium_phoceensis	k__Bacteria;p__Verrucomicrobia;c__Verrucomicrobiae;o__Verrucomicrobiales;f__Akkermansiaceae;g__Akkermansia;s__Akkermansia_muciniphila	k__Bacteria;p__Bacteroidetes;c__Bacteroidia;o__Bacteroidales;f__Prevotellaceae;g__Paraprevotella;s__Paraprevotella_xylaniphila	k__Bacteria;p__Firmicutes;c__Clostridia;o__Clostridiales;f__Ruminococcaceae;g__Ruminococcus;s__Ruminococcus_callidus	k__Bacteria;p__Bacteroidetes;c__Bacteroidia;o__Bacteroidales;f__Rikenellaceae;g__Alistipes;s__Alistipes_senegalensis	k__Bacteria;p__Firmicutes;c__Clostridia;o__Clostridiales;f__Lachnospiraceae;g__Blautia;s__Blautia_sp._KLE_1732	k__Bacteria;p__Bacteroidetes;c__Bacteroidia;o__Bacteroidales;f__Bacteroidaceae;g__Bacteroides;s__Bacteroides_oleiciplenus	k__Bacteria;p__Firmicutes;c__Clostridia;o__Clostridiales;f__Ruminococcaceae;g__Ruminococcus;s__Ruminococcus_bicirculans	k__Bacteria;p__Bacteroidetes;c__Bacteroidia;o__Bacteroidales;f__Bacteroidaceae;g__Bacteroides;s__Bacteroides_fluxus	k__Bacteria;p__Bacteroidetes;c__Bacteroidia;o__Bacteroidales;f__Prevotellaceae;g__Prevotella;s__Prevotella_stercorea	k__Bacteria;p__Firmicutes;c__Clostridia;o__Clostridiales;f__Lachnospiraceae;g__Dorea;s__Dorea_longicatena	k__Bacteria;p__Firmicutes;c__Clostridia;o__Clostridiales;f__Eubacteriaceae;g__Eubacterium;s__[Eubacterium]_eligens	k__Bacteria;p__Firmicutes;c__Clostridia;o__Clostridiales;f__Ruminococcaceae;g__;s__Ruminococcaceae_bacterium_D16	k__Bacteria;p__Firmicutes;c__Clostridia;o__Clostridiales;f__Lachnospiraceae;g__Coprococcus;s__Coprococcus_comes	k__Bacteria;p__Proteobacteria;c__Gammaproteobacteria;o__Enterobacterales;f__Enterobacteriaceae;g__Escherichia;s__Escherichia_coli	k__Bacteria;p__Firmicutes;c__Clostridia;o__Clostridiales;f__Ruminococcaceae;g__Anaerotruncus;s__Anaerotruncus_colihominis	k__Bacteria;p__Firmicutes;c__Clostridia;o__Clostridiales;f__Lachnospiraceae;g__Blautia;s__Blautia_obeum	k__Bacteria;p__Bacteroidetes;c__Bacteroidia;o__Bacteroidales;f__Odoribacteraceae;g__Odoribacter;s__Odoribacter_laneus	k__Bacteria;p__Firmicutes;c__Clostridia;o__Clostridiales;f__Ruminococcaceae;g__Ruminiclostridium;s__[Clostridium]_leptum	k__Bacteria;p__Bacteroidetes;c__Bacteroidia;o__Bacteroidales;f__Porphyromonadaceae;g__Parabacteroides;s__Parabacteroides_goldsteinii	k__Bacteria;p__Firmicutes;c__Clostridia;o__Clostridiales;f__Lachnospiraceae;g__Anaerostipes;s__Anaerostipes_hadrus	k__Bacteria;p__Firmicutes;c__Clostridia;o__Clostridiales;f__Ruminococcaceae;g__Ruminococcus;s__Ruminococcus_lactaris	k__Bacteria;p__Firmicutes;c__Clostridia;o__Clostridiales;f__Clostridiaceae;g__Clostridium;s__Clostridium_sp._L2-50	k__Bacteria;p__Firmicutes;c__Clostridia;o__Clostridiales;f__Clostridiaceae;g__Clostridium;s__Clostridium_sp._M62/1	k__Bacteria;p__Firmicutes;c__Clostridia;o__Clostridiales;f__;g__Intestinimonas;s__Intestinimonas_butyriciproducens	k__Bacteria;p__Actinobacteria;c__Actinobacteria;o__Bifidobacteriales;f__Bifidobacteriaceae;g__Bifidobacterium;s__Bifidobacterium_bifidum	k__Bacteria;p__Firmicutes;c__Negativicutes;o__Veillonellales;f__Veillonellaceae;g__Dialister;s__Dialister_invisus	k__Bacteria;p__Bacteroidetes;c__Bacteroidia;o__Bacteroidales;f__Bacteroidaceae;g__Bacteroides;s__Bacteroides_salanitronis
k__Bacteria;p__Bacteroidetes;c__Bacteroidia;o__Bacteroidales;f__Bacteroidaceae;g__Bacteroides;s__Bacteroides_vulgatus	1.0	-0.000806675558899	-0.0183042218483	0.0390177067335	-0.0196607567488	0.0405944068533	-0.0297739165622	0.0203624402277	-0.042214846189	0.055976972092	0.021926202981	-0.037066853327	0.0311766178765	-0.0176362684235	-0.0111356555868	-0.0329363524463	0.0363143633007	-0.0333535682353	-0.0573104791232	-0.029182136843	-0.0237038089212	0.00129038336705	0.00554093037835	-0.0304849873864	0.0311349124153	-0.00547657287379	0.00698832626191	-0.0139391378294	0.0347408748835	-0.0206418615638	0.0257283802071	-0.030112621172	-0.0555137155664	0.0150832186043	0.0536279717961	-0.0142362205527	-0.00712539230524	-0.045172123131	-0.00502529005027	0.0133021863634	-0.00862486471897	-0.0545791313781	0.0208063224179	-0.0170402539387	-0.00180615998642	0.0509517607889	-0.0361158192149	-0.0357696692766	-0.0500406426981	-0.00870518279295	-0.00326914381048	0.0196463129669	0.0348312370618	-0.0629552243169	-0.0130185086323	-0.0141017643212	-0.0132318370724	-0.0136727335981	0.00787115178658
k__Bacteria;p__Bacteroidetes;c__Bacteroidia;o__Bacteroidales;f__Bacteroidaceae;g__Bacteroides;s__Bacteroides_uniformis	-0.000806675558899	1.0	0.00287772826269	-0.0379585189355	-0.0342989649593	0.00806817342419	-0.0180670331544	0.0578405801156	0.0653689015281	-0.0342301675948	0.0100745273659	0.0182755427239	-0.0408115143369	0.0675355451892	0.0450622054908	-0.045435754382	0.00903147865166	0.00172456314956	-0.0336572247604	0.0615082232435	-0.0253071406199	-0.0247333166959	0.0133962644419	0.0400158567041	-0.00313425597761	-0.0725054015972	-0.0396135914939	0.00178876487952	-0.0270484933334	-0.0303723684026	-0.0383107840236	-0.0155946580745	-0.0119494493425	0.0152266165892	-0.0267630561007	0.011748065278	-0.00151229819943	-0.01950885535	0.0231005109878	-0.0522703611727	0.0185356938661	0.0044038011882	0.023435074457	-0.0673953762634	0.0286417340811	0.010340364495	0.0206564847398	-0.0381857111531	-0.0793186531026	-0.00841344414793	-0.0209435035353	-0.00731851311944	-0.00180372138566	-0.0779857482636	0.0141568657633	0.0114343927776	0.06388576997	0.0558555177943	-0.0146201557352
k__Bacteria;p__Bacteroidetes;c__Bacteroidia;o__Bacteroidales;f__Rikenellaceae;g__Alistipes;s__Alistipes_putredinis	-0.0183042218483	0.00287772826269	1.0	-0.0100270609301	0.000369990803845	0.0120512590493	-0.0441709309658	-0.063206283192	-0.0213227993333	-0.00183169673508	-0.0195617371002	-0.00741189423211	0.0369527039375	-0.0598220682676	-0.044836697801	0.0084824897413	-0.0282561246891	0.00171550896183	-0.0556333249652	0.0380123120976	0.0448685491759	0.00705378620775	-0.0574039963251	0.0197682105324	-0.0470771655484	0.024312226795	-0.00665818227514	0.00761995016787	0.00736630269976	-0.0415797761702	0.0346862563455	0.0415298153232	-0.0212164174155	-0.0234661294785	-0.0471419097064	0.0892799468518	0.0532352237555	-0.0260873106218	-0.00600628392691	-0.00204761760112	-0.0589342846688	0.0241737926673	-0.0569825225979	0.0127419000757	-0.00275288989425	0.0160586371819	-0.0541409832045	-0.0306626535197	0.00626408569665	-0.01390722657	-0.00495632372419	-0.00140729122985	0.0329850359364	0.0473973966443	0.0167838585954	0.0195823890323	0.0584297700045	0.00099940954172	0.0366151233284
k__Bacteria;p__Bacteroidetes;c__Bacteroidia;o__Bacteroidales;f__Prevotellaceae;g__Prevotella;s__Prevotella_copri	0.0390177067335	-0.0379585189355	-0.0100270609301	1.0	-0.0443482748381	-0.0284907123274	-0.0147969419187	-0.0371231114901	0.0194808914903	-0.0293181568428	0.0179238893829	-0.0266598374038	-0.0362283040732	0.0931309691545	-0.0333177617732	0.000356054965238	0.0132801603132	0.0241689017012	-0.00942977407997	-0.0622749239595	0.0314991434623	0.00176978385598	0.0315317508601	-0.0416903325212	0.0142611759662	-0.00833351523049	0.0201933759337	-0.039035332956	-0.02465804341	-0.00259524932294	-0.0690819677729	0.0590224852842	-0.00215049205261	0.0105286936793	-0.0687392708041	-0.0404956960112	0.0161768004415	-0.0526584090119	-0.010543994395	0.00714229278425	-0.0224363829026	0.0537454389057	-0.0100857105244	-0.00923415621407	0.00115129703859	-0.0265470189651	-0.0154684389541	0.018196428682	0.00459344750844	-0.0435806529105	0.0119728098696	-0.00694737815002	0.0546681219565	-0.034424537011	0.00740652721076	-0.0397838290007	0.0777173288353	0.0186159012326	0.0417945632876
k__Bacteria;p__Bacteroidetes;c__Bacteroidia;o__Bacteroidales;f__Bacteroidaceae;g__Bacteroides;s__Bacteroides_stercoris	-0.0196607567488	-0.0342989649593	0.000369990803845	-0.0443482748381	1.0	-0.00766105640095	0.005491943213	-0.0183997236633	0.0203273895945	-0.00237448068192	-0.00562678154812	-0.0225329031117	-0.00131670821055	-0.0619068289457	-0.0292306782228	-0.0138547888931	0.00692937056138	0.0107785215162	0.00435168555341	0.0173573996243	-0.00177333976462	-0.0326652569572	-0.0329503830158	0.0596629061644	-0.0363108814883	0.0254167477489	-0.00425407821715	0.00640607533414	-0.0347365694815	0.015283960161	0.00330231035695	0.0314249874125	0.036344589519	-0.0436770019337	-2.26516782819e-05	-0.0074164355529	0.0371005360787	-0.0661536708545	-0.00943942871616	0.00366667770835	0.0267380761799	-0.0912360607076	0.0129299445759	0.0415344495957	0.0689458302153	-0.0144769189091	-0.0513800152656	-0.0219094157878	0.0246761215497	0.0303190126467	-0.0481730377054	0.0276507894244	-0.0613495438879	0.0288682144558	0.00188870036381	-0.0083600964367	-0.0491133716199	0.0302028809382	-0.0420797284409
k__Bacteria;p__Bacteroidetes;c__Bacteroidia;o__Bacteroidales;f__Bacteroidaceae;g__Bacteroides;s__Bacteroides_ovatus	0.0405944068533	0.00806817342419	0.0120512590493	-0.0284907123274	-0.00766105640095	1.0	0.0350779423839	-0.0171536069958	-0.0160546518179	0.0103149515762	0.040396001495	0.00604888520754	0.0256449624802	0.00964154787783	0.0412258095305	-0.0167131007491	-0.0299874131123	0.00997576135709	-0.032056137923	-0.0223552071226	0.0592879496256	0.0100550777737	-0.00472461938412	-0.0101272556247	-0.0171465766016	-0.0103191946264	-0.0194362416221	-0.0157013275938	-0.00201347001303	0.00388355966933	-0.0158832840416	0.000851993171259	-0.0113924321102	-0.00980936249447	-0.0373762405257	-0.0526531224303	-0.0188742627755	-0.0423787263822	0.00121820119491	-0.0685932717951	0.0654624088269	0.0423421301383	0.0618395456297	0.000711003961077	-0.0224578311951	-0.0568507998338	-0.0636998192305	0.00245818715681	0.0258180739981	-0.00210053051079	-0.00604634001113	0.0163735153028	0.0205253128229	-0.0072097164009	0.0316677176998	-0.067382063154	-0.0124161656219	-0.0793824041666	-0.0355166995922
k__Bacteria;p__Bacteroidetes;c__Bacteroidia;o__Bacteroidales;f__Rikenellaceae;g__Alistipes;s__Alistipes_shahii	-0.0297739165622	-0.0180670331544	-0.0441709309658	-0.0147969419187	0.005491943213	0.0350779423839	1.0	-0.00128603225553	-0.0191213563732	-0.0384463123336	0.0314324344256	-0.0256205999268	-0.0162494917485	-0.0162018209986	-0.024306659131	-0.0231412260419	0.0143332781106	-0.00642841971298	-0.046609406234	0.0294207744551	-0.0795736120732	-0.0207227515805	-0.0272794191405	0.033281264176	-0.0459023893596	-0.102333367302	-0.0212097920149	-0.0252572694341	-0.00763660647528	0.017027073702	0.0375816367181	-0.0119499466969	0.0371339726188	-0.0508653998517	0.0065997635091	0.022008234143	0.0149125129873	-0.0232627310862	0.0320947115669	-0.0165211490171	0.0168600235563	0.0283131741458	0.016630109182	-0.0269054324089	-0.0396707523585	0.00937712513964	0.0551799891159	0.0333062284702	-0.009642334887	0.00740955261066	-0.0319495382297	0.0331052086906	-0.108425469619	-0.0156893174193	-0.0185825674251	-0.0245291523388	-0.0138978796859	0.016910584576	-0.0521040633301
k__Bacteria;p__Firmicutes;c__Clostridia;o__Clostridiales;f__Ruminococcaceae;g__Faecalibacterium;s__Faecalibacterium_prausnitzii	0.0203624402277	0.0578405801156	-0.063206283192	-0.0371231114901	-0.0183997236633	-0.0171536069958	-0.00128603225553	1.0	0.004328268979	-0.0238069870551	0.00523821817984	-0.00809773815507	0.0323844925546	-0.0560651092421	-0.004326950715	-0.0227491892127	-0.0154525282675	0.0522173276345	0.0405737933902	-0.0148071818769	-0.00630657513686	-0.0731764204875	-0.0290453094401	-0.0120213382252	-0.0165902402603	0.000879977570654	0.00994785537701	0.0098760896906	-0.0348102404464	0.0507318750231	0.0243173824788	-0.029537661783	0.0353749722307	0.028025975037	0.0296939843934	-0.0323871628817	-0.0286517740105	0.0322800918841	0.0540605055676	-0.0488113506956	0.0506338481516	-0.0388366368961	-0.00492963316413	-0.1204415475	0.00598662107491	-0.0307704381959	0.0229768069744	-0.0355030621419	-0.104653638614	-0.0182457563941	0.00935161422238	-0.00202374467817	0.0359880230282	-0.0492346101891	0.0357883793999	0.0316516745231	-0.0308167727422	0.0292414297647	0.0207707669029
k__Bacteria;p__Bacteroidetes;c__Bacteroidia;o__Bacteroidales;f__Rikenellaceae;g__Alistipes;s__Alistipes_finegoldii	-0.042214846189	0.0653689015281	-0.0213227993333	0.0194808914903	0.0203273895945	-0.0160546518179	-0.0191213563732	0.004328268979	1.0	-0.00444898316809	-0.0102143622725	-0.0118898559839	-0.00165654469528	-0.00908673304139	-0.0030118987714	0.0369333108153	0.0175219879153	-0.0367535040458	0.0119991201972	-0.00943508997626	0.00352648407952	0.0321558813538	-0.0326509584662	0.0275466646729	0.000201168616642	0.00325274774077	0.0584716191525	0.0124424501628	-0.0518080699975	0.00260124583097	0.0290739080381	-0.0409540882127	0.0434340113999	0.0501800969606	-0.0305888770549	-0.0510855507063	0.000748064211849	-0.0641954648409	-0.0390753369002	0.0182766446414	0.0153575604117	-0.0167498515259	-0.0506863791274	0.00846766615158	-0.0445475385995	-0.01208100684	0.0106803946863	0.0181604772377	0.034832909004	-0.0497044793367	-0.063951090637	-0.0380107529613	-0.00999419437881	0.00408293216035	0.0377584116663	-0.0353053707105	0.00273623529332	-0.00300669585199	0.0425032921687
k__Bacteria;p__Bacteroidetes;c__Bacteroidia;o__Bacteroidales;f__Porphyromonadaceae;g__Parabacteroides;s__Parabacteroides_distasonis	0.055976972092	-0.0342301675948	-0.00183169673508	-0.0293181568428	-0.00237448068192	0.0103149515762	-0.0384463123336	-0.0238069870551	-0.00444898316809	1.0	0.0462262115408	-0.0137641237416	0.016154003903	-0.0199978492471	-0.0646899066127	-0.0154792686693	0.0168604228723	-0.00888521249025	-0.0486136750275	-0.0401642376973	0.00321915957745	-0.0321506597334	-0.0143641975959	-0.0164721200164	0.0529955375594	-0.0177857423246	0.00562890621284	-0.0279704055394	0.0141191667412	0.00210632616547	-0.0262517719002	-0.00920691382382	0.00303087575538	-0.020975087994	-0.0223366918957	-0.031717504582	-0.0453478578127	-0.0337416983229	-0.0197064786204	0.01061368027	0.00556339619731	0.0123977270997	-0.0307949190936	-0.0583546707924	0.0842893878802	0.0589428093876	-0.0118110765039	-0.037212757484	0.0788332809797	0.0274622519072	0.0210494125776	-0.0105738363207	-0.0114097698549	0.00256274048692	-0.0480868932203	-0.0389839679642	-0.0499200580415	-0.0360790704171	0.0367423762688
k__Bacteria;p__Bacteroidetes;c__Bacteroidia;o__Bacteroidales;f__Bacteroidaceae;g__Bacteroides;s__Bacteroides_thetaiotaomicron	0.021926202981	0.0100745273659	-0.0195617371002	0.0179238893829	-0.00562678154812	0.040396001495	0.0314324344256	0.00523821817984	-0.0102143622725	0.0462262115408	1.0	0.0134428395563	-0.0378236634843	0.0104556416795	-0.00246070345696	-0.055234493634	-0.0342005191435	-0.00506211200715	-0.028618222206	-0.0649559781987	-0.0505042610165	0.0147915471305	0.0308948911918	-0.0518803247877	-0.0240527421406	-0.0395527507196	-0.0292140276828	-0.0404996543837	-0.0575260535561	0.037855095612	-0.0267989955372	0.033621304548	-0.00464919299755	0.00784136190029	-0.00847242133096	0.0291123541464	-0.0371902115999	0.0802869627495	0.00209068815599	-0.0146523772083	0.0174888780593	0.00399835133118	-0.0590092378202	-0.0789041633512	0.0200943205082	-0.0318318572262	0.00399617122208	-0.0269309096176	-0.0262987585971	-0.0381967811619	-0.0308666737473	-0.0466224081809	0.0583704622582	0.0226717483644	-0.0473356057041	-0.0520969874581	-0.00433540720244	0.0470524666422	-0.0650897087682
k__Bacteria;p__Bacteroidetes;c__Bacteroidia;o__Bacteroidales;f__Bacteroidaceae;g__Bacteroides;s__Bacteroides_coprocola	-0.037066853327	0.0182755427239	-0.00741189423211	-0.0266598374038	-0.0225329031117	0.00604888520754	-0.0256205999268	-0.00809773815507	-0.0118898559839	-0.0137641237416	0.0134428395563	1.0	-0.0201778774225	-0.0583383021357	0.060763781894	-0.0255709715138	0.00660574570162	0.0396033381912	0.0389715660703	-0.00571917246527	0.00925646403024	0.00585258355419	0.0052282193473	-0.0297574299438	0.0391320007099	0.0469177621989	0.0276408846836	-0.0256698902139	0.0126838837469	-0.0511690296317	-0.0464738503107	-0.0257617138951	0.0080238619155	0.0363910248584	-0.0592184504554	-0.0303284931041	-0.00558723951638	-0.023024781799	0.00388778352381	-0.00349677520814	-0.0186956523512	-0.039396936452	0.0507910387492	-0.00190355998777	0.03396828959	-0.0384315830868	0.0431700891914	-0.0664759845462	-0.0105761598151	0.0372890513589	0.00690383710117	-0.0144260061207	0.0174394037684	-0.0436465303828	-0.022270861933	-0.0290887933648	-0.0753026746284	-0.0359464605303	0.0982050701398
k__Bacteria;p__Bacteroidetes;c__Bacteroidia;o__Bacteroidales;f__Bacteroidaceae;g__Bacteroides;s__Bacteroides_cellulosilyticus	0.0311766178765	-0.0408115143369	0.0369527039375	-0.0362283040732	-0.00131670821055	0.0256449624802	-0.0162494917485	0.0323844925546	-0.00165654469528	0.016154003903	-0.0378236634843	-0.0201778774225	1.0	-0.0257071115521	-0.003973234032	0.0367174437427	-0.0134830895971	0.0236501848976	0.0247524923709	0.0287718047268	-0.0574459491834	-0.0493943743465	0.00968336457563	-0.0224508202111	-0.000722949465449	0.0387098154989	-0.00485786539295	0.00440298438854	-0.0278224229532	-0.0244903345062	0.0443416635247	-0.00500088689182	-0.0315498084884	-0.066823928107	0.0199080481138	-0.0153014993237	0.00270031631932	-0.0458496858751	0.0375501181429	-0.0197285310624	0.00445662217277	0.0243689309861	0.00219336555065	-0.0190944032028	0.00223659789775	-0.0347017411038	0.0817997675411	0.0355996412356	-0.037565722526	-0.0490176043808	0.0515963215656	0.00177681350442	-0.0403169786919	-0.00939051377362	-0.03668341583	-0.0783656837612	-0.017168908575	0.00269082389595	-0.0461954946325
k__Bacteria;p__Bacteroidetes;c__Bacteroidia;o__Bacteroidales;f__Rikenellaceae;g__Alistipes;s__Alistipes_obesi	-0.0176362684235	0.0675355451892	-0.0598220682676	0.0931309691545	-0.0619068289457	0.00964154787783	-0.0162018209986	-0.0560651092421	-0.00908673304139	-0.0199978492471	0.0104556416795	-0.0583383021357	-0.0257071115521	1.0	0.0041350156942	-0.0231319279491	-0.00410142365782	-0.037898322107	0.00121631985286	-0.0229714810542	0.0596112082125	-0.0409463541872	-0.0206204852629	-0.0495431833375	-0.0150168613766	-0.00386008821226	-0.0265079602474	0.00586878875146	0.0421679864626	-0.056074801416	-0.0208652045484	0.00229759030948	-0.0294697639104	-0.0311388358476	-0.00873898164472	-0.0196427641334	-0.0221594231173	-0.00400717669854	0.0137512782405	0.00466579359559	-0.0040981167566	-0.0221009024461	-0.0292079393219	0.0543576725559	0.00642761443539	-0.0272635489146	0.0246434367597	-0.0153935834564	-0.0138661234187	0.0126403976419	-0.0109429400118	-0.0103877920058	-0.00876728383415	0.00616571863196	-0.0240484567126	-0.0175584333704	-0.000183966223174	-0.0371202309917	0.0181716381354
k__Bacteria;p__Firmicutes;c__Clostridia;o__Clostridiales;f__Lachnospiraceae;g__;s__[Eubacterium]_rectale	-0.0111356555868	0.0450622054908	-0.044836697801	-0.0333177617732	-0.0292306782228	0.0412258095305	-0.024306659131	-0.004326950715	-0.0030118987714	-0.0646899066127	-0.00246070345696	0.060763781894	-0.003973234032	0.0041350156942	1.0	-0.0200728301415	-0.00731451628313	0.0578572463846	0.0407053903164	0.0203452956376	0.048026069797	-0.037457573981	-0.0673700004385	0.0125119659515	-0.0284288485411	0.012272427408	-0.0346082604544	-0.0645934948012	-0.0511706548683	-0.00824657288521	0.0110871627574	-0.0159838238299	-0.0620840038126	0.00418923935644	-0.0163187970772	-0.0214442807411	-0.0348876012718	0.0125893703126	0.00285255926088	0.0215460507915	0.0625065921196	0.0190048997016	-0.0380084973457	-0.00561966261128	-0.00110259377671	-0.0824620956277	0.00226255539946	-0.0408032707157	-0.0429053980111	0.0322156587041	0.00332218918577	-0.0450667325337	0.0610273616556	-0.00355301695872	-0.00964157972451	0.00908663300744	0.0188688005947	-0.0490022349278	0.0044865057435
k__Bacteria;p__Bacteroidetes;c__Bacteroidia;o__Bacteroidales;f__Bacteroidaceae;g__Bacteroides;s__Bacteroides_plebeius	-0.0329363524463	-0.045435754382	0.0084824897413	0.000356054965238	-0.0138547888931	-0.0167131007491	-0.0231412260419	-0.0227491892127	0.0369333108153	-0.0154792686693	-0.055234493634	-0.0255709715138	0.0367174437427	-0.0231319279491	-0.0200728301415	1.0	-0.0449859274852	0.0160275657422	-0.0106388197193	0.0259803734022	0.00219482259212	-0.0358009162687	0.0282367193848	0.00793616085383	0.000196864733135	-0.0398283377016	-0.0521924926775	-0.0250782288279	-0.00960463286628	0.044849213526	0.00761679079704	-0.0329974925698	-0.0228513040216	-0.0396221712296	0.0195464175048	0.0166213810961	0.0588412297819	0.026825917762	-0.021909616564	-0.0375399660487	0.00387989476918	-0.00633148429652	-0.0672972105299	-0.0242171793661	-0.0050428547419	0.00946042189059	0.0123756024864	-0.0173645365857	0.00266360409978	-0.0239196120846	0.0204514161322	0.00429953262818	-0.0495936600063	0.0543316442514	0.0181459272902	0.00107088112452	-0.0180505955254	0.0351070201716	-0.0357893776617
k__Bacteria;p__Bacteroidetes;c__Bacteroidia;o__Bacteroidales;f__Bacteroidaceae;g__Bacteroides;s__Bacteroides_fragilis	0.0363143633007	0.00903147865167	-0.0282561246891	0.0132801603132	0.00692937056138	-0.0299874131123	0.0143332781106	-0.0154525282675	0.0175219879153	0.0168604228723	-0.0342005191435	0.00660574570162	-0.0134830895971	-0.00410142365782	-0.00731451628313	-0.0449859274852	1.0	0.015517287948	-0.0015707014151	-0.0026506349104	0.0188564609363	0.0105887159186	0.00826393485424	-0.0196507149166	0.020953244029	0.0413465223772	0.0261240319873	-0.0133565310306	-0.076834900867	-0.0353425442605	-0.0704768913879	0.0330507883327	0.0135062217926	-0.0268871217597	0.0242726429531	-0.0160088720553	0.0121069441797	-0.0260100172874	-0.00110752512048	-0.0452600958865	0.0527699161118	-0.0479283194657	0.00476915684079	-0.00310418429842	-0.0216362597306	-0.00736906864825	-0.0224954422441	0.0244354967338	-0.0375965596439	-0.0893449918849	-0.0104859928104	0.0368453215414	-0.0414868954371	-0.0564919066623	-0.0325732590682	0.0211551514708	0.0439294387477	-0.00719468748934	0.0178204632401
k__Bacteria;p__Proteobacteria;c__Betaproteobacteria;o__Burkholderiales;f__Sutterellaceae;g__Sutterella;s__Sutterella_wadsworthensis	-0.0333535682353	0.00172456314956	0.00171550896183	0.0241689017012	0.0107785215162	0.00997576135709	-0.00642841971298	0.0522173276345	-0.0367535040458	-0.00888521249025	-0.00506211200715	0.0396033381912	0.0236501848976	-0.037898322107	0.0578572463846	0.0160275657422	0.015517287948	1.0	0.0444706207121	0.0239521977871	-0.00294294564257	-0.011281322734	-0.0198622504974	0.00170688731157	-0.0259015675955	0.042151367316	-0.0374110405612	-0.0906000580806	0.00254121721535	-0.0244743387474	-0.027371074567	-0.0416487754632	-0.000714232711559	-0.0491072946437	-0.0499824999137	0.0279610955349	-0.00598698907684	0.0426900226178	-0.0390012505195	-0.0139198663489	-0.0154902800785	0.00713080270055	0.0268318361691	0.0306870661365	0.00109799235379	-0.00945356273598	-0.0208950234641	-0.0590104531886	-0.00417551301423	0.0040332173473	-0.0151521869017	-0.0395856019885	-0.0154175246631	-0.0702570850857	-0.014768885507	0.00940372544875	0.0265918518042	-0.0208581053844	0.0173718917843
k__Bacteria;p__Bacteroidetes;c__Bacteroidia;o__Bacteroidales;f__Porphyromonadaceae;g__Barnesiella;s__Barnesiella_intestinihominis	-0.0573104791232	-0.0336572247604	-0.0556333249652	-0.00942977407997	0.00435168555341	-0.032056137923	-0.046609406234	0.0405737933902	0.0119991201972	-0.0486136750275	-0.028618222206	0.0389715660703	0.0247524923709	0.00121631985286	0.0407053903164	-0.0106388197193	-0.0015707014151	0.0444706207121	1.0	0.00810637175124	0.00734426601352	-0.0248468190113	-0.000739527870863	-0.00280322037662	-0.00531396420788	-0.0015209524164	-0.00062803694745	-0.00884712106592	0.00445767065935	-0.00618577685793	-0.0130994476719	-0.0431284303417	0.0301051360765	0.0215114164271	0.0115840461033	0.0132380347688	-0.0223409929264	0.0155184741518	-0.0408981086651	0.015802877594	-0.0243181034178	-0.0250142189479	-0.00950208475301	-0.0273518200303	-0.0364869331156	-0.0125793858947	-0.0373990197592	0.0174353875489	-0.0386573667077	-0.0209955848212	-0.0294468047219	0.00414970341377	0.00546908036801	0.0322699317838	-0.0308148684417	-0.0109872913468	-0.0525802703003	-0.0356072077345	-0.064213882828
k__Bacteria;p__Bacteroidetes;c__Bacteroidia;o__Bacteroidales;f__Odoribacteraceae;g__Odoribacter;s__Odoribacter_splanchnicus	-0.029182136843	0.0615082232435	0.0380123120976	-0.0622749239595	0.0173573996243	-0.0223552071226	0.0294207744551	-0.0148071818769	-0.00943508997626	-0.0401642376973	-0.0649559781987	-0.00571917246527	0.0287718047268	-0.0229714810542	0.0203452956376	0.0259803734022	-0.0026506349104	0.0239521977871	0.00810637175124	1.0	-0.000733153391057	-0.0167969093398	0.00930146444451	-0.0135953780499	-0.0528565776483	-0.0277196840046	0.0583269966396	0.0204893252374	0.0096368980065	0.00693681951429	0.00298015963917	-0.03636641149	-0.0358176156958	-0.00948193542089	0.0394062386107	0.0101600987679	0.0292314639793	0.0208741515222	0.0114276152414	-0.0685865546856	-0.0186438019202	0.0260678628296	-0.0322668989976	-0.0269638057668	0.00434807060432	-0.0280776077086	0.00264759962791	0.00875956597131	0.00150401139242	0.0102702503027	-0.0259949099648	-0.041197473079	0.0328596925212	0.0446685205394	-0.0428714450611	0.0601124586748	-0.064346960956	0.0810937369481	-0.0200347459081
k__Bacteria;p__Bacteroidetes;c__Bacteroidia;o__Bacteroidales;f__Bacteroidaceae;g__Bacteroides;s__Bacteroides_salyersiae	-0.0237038089212	-0.0253071406199	0.0448685491759	0.0314991434623	-0.00177333976462	0.0592879496256	-0.0795736120732	-0.00630657513686	0.00352648407952	0.00321915957745	-0.0505042610165	0.00925646403024	-0.0574459491834	0.0596112082125	0.048026069797	0.00219482259212	0.0188564609363	-0.00294294564257	0.00734426601352	-0.000733153391057	1.0	0.0426715457895	-0.0734918599248	0.0143036651685	0.00050374246672	0.00593972323063	-0.0440816238312	0.0225863217918	-2.91953828757e-05	0.0252509207445	-0.0362199518145	0.0130597383809	-0.00809251679651	0.0231382575023	-0.00731397704562	0.023689590233	-0.00792880890947	-0.00735520486695	-0.044279187669	-0.060166607924	-0.0624180963465	0.0875310695042	-0.0128460969915	0.0273844887545	-0.0890589000815	-0.0361332475464	0.0346693688813	0.0141375199629	-0.0225970554471	0.0221848668065	-0.0351180918218	-0.0568463921216	0.0321475859298	-0.00212990943335	-0.0109730617621	-0.0469192088786	-0.0877038414907	-0.0279252516161	-5.50795068878e-05
k__Bacteria;p__Firmicutes;c__Clostridia;o__Clostridiales;f__Ruminococcaceae;g__Ruminiclostridium;s__[Eubacterium]_siraeum	0.00129038336705	-0.0247333166959	0.00705378620775	0.00176978385598	-0.0326652569572	0.0100550777737	-0.0207227515805	-0.0731764204875	0.0321558813538	-0.0321506597334	0.0147915471305	0.00585258355419	-0.0493943743465	-0.0409463541872	-0.037457573981	-0.0358009162687	0.0105887159186	-0.011281322734	-0.0248468190113	-0.0167969093398	0.0426715457895	1.0	-0.0241122760202	-0.0686400915387	0.0123301065038	-0.0528586177528	-0.0417047619412	-0.0682133887035	-0.0426802476033	-0.0198922550331	-0.0511424821085	0.00422201746723	0.0190015451751	0.0156642917568	-0.000624126728202	0.0205148188871	0.0121048810229	-0.0372995112033	0.0172966793726	0.035936709304	0.0257940546758	0.0107739411538	-0.0266550928165	0.045380171822	0.00419016972937	0.00259134435618	-0.0185305950444	-0.0362751549725	0.0107940404772	-0.0327509274058	0.00584686847344	-0.00616523657973	0.00270365276979	0.0111872583364	-0.0601123262869	0.0408241752598	-0.0267330795084	0.011624316928	0.00125085104182
k__Bacteria;p__Proteobacteria;c__Betaproteobacteria;o__Burkholderiales;f__Sutterellaceae;g__Parasutterella;s__Parasutterella_excrementihominis	0.00554093037835	0.0133962644419	-0.0574039963251	0.0315317508601	-0.0329503830158	-0.00472461938412	-0.0272794191405	-0.0290453094401	-0.0326509584662	-0.0143641975959	0.0308948911918	0.0052282193473	0.00968336457563	-0.0206204852629	-0.0673700004385	0.0282367193848	0.00826393485424	-0.0198622504974	-0.000739527870863	0.00930146444451	-0.0734918599248	-0.0241122760202	1.0	-0.0161895334862	0.0269969031659	0.0891415666634	-0.0474189649949	-0.017059613513	-0.0420658562585	-0.0525773978197	-0.0366295028538	-0.00386342682729	0.0308006367353	-0.0184305060697	-0.0550901304848	-0.00601280327424	-0.000772522384554	0.00279506199565	-0.00178234300861	0.00828622935308	-0.0324097908185	-0.0395298565299	0.0617077463191	-0.0280862339411	-0.0631966124596	-0.0569332532027	0.0124698488992	0.0302275980966	0.0195252724802	0.0538532451254	-0.0149554440199	0.0216165498219	0.0374552199371	0.0061602356848	-0.00154441181154	-0.00242223882695	-0.0195432264761	-0.0182605283289	-0.0259151584932
k__Bacteria;p__Actinobacteria;c__Actinobacteria;o__Bifidobacteriales;f__Bifidobacteriaceae;g__Bifidobacterium;s__Bifidobacterium_adolescentis	-0.0304849873864	0.0400158567041	0.0197682105324	-0.0416903325212	0.0596629061644	-0.0101272556247	0.033281264176	-0.0120213382252	0.0275466646729	-0.0164721200164	-0.0518803247877	-0.0297574299438	-0.0224508202111	-0.0495431833375	0.0125119659515	0.00793616085383	-0.0196507149166	0.00170688731156	-0.00280322037662	-0.0135953780499	0.0143036651685	-0.0686400915387	-0.0161895334862	1.0	-0.037988209979	0.00721272067882	-0.0332227469193	0.0217879520393	0.0301677008565	-0.0494069213751	0.021916763054	0.0443181610119	-0.092620297701	-0.0250683240654	-0.0201423770175	0.00282329593228	0.00493036481368	0.0348982130919	-0.0270289862912	0.08209115763	-0.0402479146928	0.0114155193005	0.00178991317304	-0.0289371933218	-0.00879046034824	0.00674702702694	-0.0259733580889	0.0420106519126	0.0167829924502	0.037416452946	-0.028057968516	-0.000229618123576	-0.0396052290826	0.0420396800199	0.00672033993701	-0.0179643833706	-0.0463450945902	-0.0113410587057	-0.0174678675098
k__Bacteria;p__Firmicutes;c__Clostridia;o__Clostridiales;f__Oscillospiraceae;g__Oscillibacter;s__Oscillibacter_sp._KLE_1745	0.0311349124153	-0.00313425597761	-0.0470771655484	0.0142611759662	-0.0363108814883	-0.0171465766016	-0.0459023893596	-0.0165902402603	0.000201168616642	0.0529955375594	-0.0240527421406	0.0391320007099	-0.000722949465449	-0.0150168613766	-0.0284288485411	0.000196864733135	0.020953244029	-0.0259015675955	-0.00531396420788	-0.0528565776483	0.00050374246672	0.0123301065038	0.0269969031659	-0.037988209979	1.0	0.0014699991283	0.0326994636332	0.0178198561938	-0.0293886540874	-0.0517847106297	-0.00480758386577	0.00178860787834	-0.00290644226966	-0.0107846885202	-0.00137217314871	-0.0299543230057	0.00461596087875	0.0809401603496	0.023534417965	-0.033736068018	-0.0411773007017	-0.0666296905881	0.00963597897251	-0.0390175764422	-0.00518856618625	-0.0676878792986	-0.0437221275477	0.00378828321705	-0.0685467727931	0.0145411707892	-0.0940280348832	0.0332643336623	0.0372771088799	-0.0142887100513	0.0588211379569	0.0155903724191	-0.00558216713744	0.0204353935589	0.0019374132626
k__Bacteria;p__Bacteroidetes;c__Bacteroidia;o__Bacteroidales;f__Bacteroidaceae;g__Bacteroides;s__Bacteroides_coprophilus	-0.00547657287379	-0.0725054015972	0.024312226795	-0.00833351523049	0.0254167477489	-0.0103191946264	-0.102333367302	0.000879977570654	0.00325274774077	-0.0177857423246	-0.0395527507196	0.0469177621989	0.0387098154989	-0.00386008821226	0.012272427408	-0.0398283377016	0.0413465223772	0.042151367316	-0.0015209524164	-0.0277196840046	0.00593972323063	-0.0528586177528	0.0891415666634	0.00721272067882	0.0014699991283	1.0	-0.000248263063382	-0.0118660160592	-0.0201931644722	-0.0191266401615	-0.0317027248756	-0.0216836946206	0.0086001629206	0.00915658952589	0.0082481317681	0.0155790390324	0.00380410448738	0.0118840019498	-0.00830077502308	0.0783157941104	0.0429416173782	0.00190049555942	-0.0612414971225	-0.0492210916445	0.0397017826349	0.00485596289544	-0.0451538535213	-0.0402970867606	0.0220855642587	0.000962506816065	-0.0547318130049	0.0134454926517	-0.03418294261	0.0157392952348	0.00840038655526	-0.00463805140506	0.0248199548167	-0.027046078924	0.00961762841163
k__Bacteria;p__Firmicutes;c__Clostridia;o__Clostridiales;f__Lachnospiraceae;g__Roseburia;s__Roseburia_intestinalis	0.00698832626191	-0.0396135914939	-0.00665818227514	0.0201933759337	-0.00425407821715	-0.0194362416221	-0.0212097920149	0.00994785537701	0.0584716191525	0.00562890621284	-0.0292140276828	0.0276408846836	-0.00485786539295	-0.0265079602474	-0.0346082604544	-0.0521924926775	0.0261240319873	-0.0374110405612	-0.00062803694745	0.0583269966396	-0.0440816238312	-0.0417047619412	-0.0474189649949	-0.0332227469193	0.0326994636332	-0.000248263063382	1.0	-0.0119631880951	0.00915236570601	-0.0215591005974	-0.0265257146833	-0.063039142101	-0.0289666979996	-0.0333640677875	0.0345608714977	-0.0655511539619	-0.0196263166706	-0.0724772932358	-0.00266132286745	-0.000440671968764	-0.0192082573817	0.0706711971259	-0.0336631589606	-0.0316353372189	0.0249534570884	-0.0410114475488	-0.0320496300022	0.0369585507516	0.0469198131171	-0.0288188040026	-0.000458997730306	-0.0080795143908	0.0586777295982	-0.0268138940962	-0.016927910334	-0.00637627485043	0.0469643033389	-0.00166072582999	-0.0108060083002
k__Bacteria;p__Firmicutes;c__Clostridia;o__Clostridiales;f__Lachnospiraceae;g__Roseburia;s__Roseburia_hominis	-0.0139391378294	0.00178876487952	0.00761995016787	-0.039035332956	0.00640607533414	-0.0157013275938	-0.0252572694341	0.0098760896906	0.0124424501628	-0.0279704055394	-0.0404996543837	-0.0256698902139	0.00440298438854	0.00586878875146	-0.0645934948012	-0.0250782288279	-0.0133565310306	-0.0906000580806	-0.00884712106592	0.0204893252374	0.0225863217918	-0.0682133887035	-0.017059613513	0.0217879520393	0.0178198561938	-0.0118660160592	-0.0119631880951	1.0	-0.0147915339833	-0.015568286406	-0.0034531019124	-0.0653951258269	-0.08325852479	0.0333570918387	-0.0415008192261	0.00720518398845	0.0106160240952	0.0575698915836	0.0272998904298	-0.0125327480264	-0.024092528397	-0.0357546768566	0.00601408659719	0.00940520765533	-0.00759278694617	-0.0221336978205	0.0283342825095	0.0113660112142	-0.00451170820037	-0.0134559376564	-0.0122308659483	-0.034779792776	0.0352562185957	0.0427059557117	-0.00109245849912	0.00867428413143	-0.00986014866565	-0.0183993506747	0.0802141121718
k__Bacteria;p__Bacteroidetes;c__Bacteroidia;o__Bacteroidales;f__Porphyromonadaceae;g__Parabacteroides;s__Parabacteroides_johnsonii	0.0347408748835	-0.0270484933334	0.00736630269976	-0.02465804341	-0.0347365694815	-0.00201347001303	-0.00763660647528	-0.0348102404464	-0.0518080699975	0.0141191667412	-0.0575260535561	0.0126838837469	-0.0278224229532	0.0421679864626	-0.0511706548683	-0.00960463286628	-0.076834900867	0.00254121721535	0.00445767065935	0.0096368980065	-2.91953828757e-05	-0.0426802476033	-0.0420658562585	0.0301677008565	-0.0293886540874	-0.0201931644722	0.00915236570601	-0.0147915339833	1.0	-0.0074991855799	-0.0146811760717	0.0570448851032	-0.00592788986186	-0.0165174212283	0.0168354188024	0.00475073802974	0.0523032653995	0.0259979551676	-0.051510995028	-0.0128848968628	-0.0538019147357	0.023920888637	0.0350635908004	0.0342059685264	-0.0125200237977	0.0164560822865	-0.0372792507963	0.0563896182524	-0.0698304730929	0.00680225835142	0.0226880402057	-0.0168157672427	-0.0173475524517	0.0271187310698	0.00209366672943	0.00627738639127	0.0268048280232	-0.0356182917653	0.0232047056858
k__Bacteria;p__Actinobacteria;c__Actinobacteria;o__Bifidobacteriales;f__Bifidobacteriaceae;g__Bifidobacterium;s__Bifidobacterium_longum	-0.0206418615638	-0.0303723684026	-0.0415797761702	-0.00259524932294	0.015283960161	0.00388355966933	0.017027073702	0.0507318750231	0.00260124583097	0.00210632616547	0.037855095612	-0.0511690296317	-0.0244903345062	-0.056074801416	-0.00824657288521	0.044849213526	-0.0353425442605	-0.0244743387474	-0.00618577685793	0.00693681951429	0.0252509207445	-0.0198922550331	-0.0525773978197	-0.0494069213751	-0.0517847106297	-0.0191266401615	-0.0215591005974	-0.015568286406	-0.0074991855799	1.0	0.0476032545763	-0.0101502478609	0.0420870445954	-0.00157075788085	0.0170987737978	0.0227875829663	0.0452297106165	-0.0422565905923	-0.0144806852421	-0.0097963749751	-0.0224362421125	0.0097470109696	-0.0494515882597	-0.0588000144039	-0.0455462173327	0.0485272206283	0.0399710711665	-0.011934669194	0.000166434693965	-0.0787288438339	0.0148479397009	-0.0526572488789	-0.00408917936277	0.0291239796146	-0.0569897064178	-0.0245741539737	0.0137780742143	0.0359555155728	-0.0444213573956
