#taxonomy	k__Bacteria;p__Bacteroidetes;c__Bacteroidia;o__Bacteroidales;f__Bacteroidaceae;g__Bacteroides;s__Bacteroides_vulgatus	k__Bacteria;p__Bacteroidetes;c__Bacteroidia;o__Bacteroidales;f__Bacteroidaceae;g__Bacteroides;s__Bacteroides_uniformis	k__Bacteria;p__Bacteroidetes;c__Bacteroidia;o__Bacteroidales;f__Rikenellaceae;g__Alistipes;s__Alistipes_putredinis	k__Bacteria;p__Bacteroidetes;c__Bacteroidia;o__Bacteroidales;f__Prevotellaceae;g__Prevotella;s__Prevotella_copri	k__Bacteria;p__Bacteroidetes;c__Bacteroidia;o__Bacteroidales;f__Bacteroidaceae;g__Bacteroides;s__Bacteroides_stercoris	k__Bacteria;p__Bacteroidetes;c__Bacteroidia;o__Bacteroidales;f__Bacteroidaceae;g__Bacteroides;s__Bacteroides_ovatus	k__Bacteria;p__Bacteroidetes;c__Bacteroidia;o__Bacteroidales;f__Rikenellaceae;g__Alistipes;s__Alistipes_shahii	k__Bacteria;p__Firmicutes;c__Clostridia;o__Clostridiales;f__Ruminococcaceae;g__Faecalibacterium;s__Faecalibacterium_prausnitzii	k__Bacteria;p__Bacteroidetes;c__Bacteroidia;o__Bacteroidales;f__Rikenellaceae;g__Alistipes;s__Alistipes_finegoldii	k__Bacteria;p__Bacteroidetes;c__Bacteroidia;o__Bacteroidales;f__Porphyromonadaceae;g__Parabacteroides;s__Parabacteroides_distasonis	k__Bacteria;p__Bacteroidetes;c__Bacteroidia;o__Bacteroidales;f__Bacteroidaceae;g__Bacteroides;s__Bacteroides_thetaiotaomicron	k__Bacteria;p__Bacteroidetes;c__Bacteroidia;o__Bacteroidales;f__Bacteroidaceae;g__Bacteroides;s__Bacteroides_coprocola	k__Bacteria;p__Bacteroidetes;c__Bacteroidia;o__Bacteroidales;f__Bacteroidaceae;g__Bacteroides;s__Bacteroides_cellulosilyticus	k__Bacteria;p__Bacteroidetes;c__Bacteroidia;o__Bacteroidales;f__Rikenellaceae;g__Alistipes;s__Alistipes_obesi	k__Bacteria;p__Firmicutes;c__Clostridia;o__Clostridiales;f__Lachnospiraceae;g__;s__[Eubacterium]_rectale	k__Bacteria;p__Bacteroidetes;c__Bacteroidia;o__Bacteroidales;f__Bacteroidaceae;g__Bacteroides;s__Bacteroides_plebeius	k__Bacteria;p__Bacteroidetes;c__Bacteroidia;o__Bacteroidales;f__Bacteroidaceae;g__Bacteroides;s__Bacteroides_fragilis	k__Bacteria;p__Proteobacteria;c__Betaproteobacteria;o__Burkholderiales;f__Sutterellaceae;g__Sutterella;s__Sutterella_wadsworthensis	k__Bacteria;p__Bacteroidetes;c__Bacteroidia;o__Bacteroidales;f__Porphyromonadaceae;g__Barnesiella;s__Barnesiella_intestinihominis	k__Bacteria;p__Bacteroidetes;c__Bacteroidia;o__Bacteroidales;f__Odoribacteraceae;g__Odoribacter;s__Odoribacter_splanchnicus	k__Bacteria;p__Bacteroidetes;c__Bacteroidia;o__Bacteroidales;f__Bacteroidaceae;g__Bacteroides;s__Bacteroides_salyersiae	k__Bacteria;p__Firmicutes;c__Clostridia;o__Clostridiales;f__Ruminococcaceae;g__Ruminiclostridium;s__[Eubacterium]_siraeum	k__Bacteria;p__Proteobacteria;c__Betaproteobacteria;o__Burkholderiales;f__Sutterellaceae;g__Parasutterella;s__Parasutterella_excrementihominis	k__Bacteria;p__Actinobacteria;c__Actinobacteria;o__Bifidobacteriales;f__Bifidobacteriaceae;g__Bifidobacterium;s__Bifidobacterium_adolescentis	k__Bacteria;p__Firmicutes;c__Clostridia;o__Clostridiales;f__Oscillospiraceae;g__Oscillibacter;s__Oscillibacter_sp._KLE_1745	k__Bacteria;p__Bacteroidetes;c__Bacteroidia;o__Bacteroidales;f__Bacteroidaceae;g__Bacteroides;s__Bacteroides_coprophilus	k__Bacteria;p__Firmicutes;c__Clostridia;o__Clostridiales;f__Lachnospiraceae;g__Roseburia;s__Roseburia_intestinalis	k__Bacteria;p__Firmicutes;c__Clostridia;o__Clostridiales;f__Lachnospiraceae;g__Roseburia;s__Roseburia_hominis	k__Bacteria;p__Bacteroidetes;c__Bacteroidia;o__Bacteroidales;f__Porphyromonadaceae;g__Parabacteroides;s__Parabacteroides_johnsonii	k__Bacteria;p__Actinobacteria;c__Actinobacteria;o__Bifidobacteriales;f__Bifidobacteriaceae;g__Bifidobacterium;s__Bifidobacterium_longum	k__Bacteria;p__Firmicutes;c__Clostridia;o__Clostridiales;f__;g__Flavonifractor;s__Flavonifractor_plautii	k__Bacteria;p__Firmicutes;c__Clostridia;o__Clostridiales;f__Clostridiaceae;g__Clostridium;s__Clostridium_phoceensis	k__Bacteria;p__Verrucomicrobia;c__Verrucomicrobiae;o__Verrucomicrobiales;f__Akkermansiaceae;g__Akkermansia;s__Akkermansia_muciniphila	k__Bacteria;p__Bacteroidetes;c__Bacteroidia;o__Bacteroidales;f__Prevotellaceae;g__Paraprevotella;s__Paraprevotella_xylaniphila	k__Bacteria;p__Firmicutes;c__Clostridia;o__Clostridiales;f__Ruminococcaceae;g__Ruminococcus;s__Ruminococcus_callidus	k__Bacteria;p__Bacteroidetes;c__Bacteroidia;o__Bacteroidales;f__Rikenellaceae;g__Alistipes;s__Alistipes_senegalensis	k__Bacteria;p__Firmicutes;c__Clostridia;o__Clostridiales;f__Lachnospiraceae;g__Blautia;s__Blautia_sp._KLE_1732	k__Bacteria;p__Bacteroidetes;c__Bacteroidia;o__Bacteroidales;f__Bacteroidaceae;g__Bacteroides;s__Bacteroides_oleiciplenus	k__Bacteria;p__Firmicutes;c__Clostridia;o__Clostridiales;f__Ruminococcaceae;g__Ruminococcus;s__Ruminococcus_bicirculans	k__Bacteria;p__Bacteroidetes;c__Bacteroidia;o__Bacteroidales;f__Bacteroidaceae;g__Bacteroides;s__Bacteroides_fluxus	k__Bacteria;p__Bacteroidetes;c__Bacteroidia;o__Bacteroidales;f__Prevotellaceae;g__Prevotella;s__Prevotella_stercorea	k__Bacteria;p__Firmicutes;c__Clostridia;o__Clostridiales;f__Lachnospiraceae;g__Dorea;s__Dorea_longicatena	k__Bacteria;p__Firmicutes;c__Clostridia;o__Clostridiales;f__Eubacteriaceae;g__Eubacterium;s__[Eubacterium]_eligens	k__Bacteria;p__Firmicutes;c__Clostridia;o__Clostridiales;f__Ruminococcaceae;g__;s__Ruminococcaceae_bacterium_D16	k__Bacteria;p__Firmicutes;c__Clostridia;o__Clostridiales;f__Lachnospiraceae;g__Coprococcus;s__Coprococcus_comes	k__Bacteria;p__Proteobacteria;c__Gammaproteobacteria;o__Enterobacterales;f__Enterobacteriaceae;g__Escherichia;s__Escherichia_coli	k__Bacteria;p__Firmicutes;c__Clostridia;o__Clostridiales;f__Ruminococcaceae;g__Anaerotruncus;s__Anaerotruncus_colihominis	k__Bacteria;p__Firmicutes;c__Clostridia;o__Clostridiales;f__Lachnospiraceae;g__Blautia;s__Blautia_obeum	k__Bacteria;p__Bacteroidetes;c__Bacteroidia;o__Bacteroidales;f__Odoribacteraceae;g__Odoribacter;s__Odoribacter_laneus	k__Bacteria;p__Firmicutes;c__Clostridia;o__Clostridiales;f__Ruminococcaceae;g__Ruminiclostridium;s__[Clostridium]_leptum	k__Bacteria;p__Bacteroidetes;c__Bacteroidia;o__Bacteroidales;f__Porphyromonadaceae;g__Parabacteroides;s__Parabacteroides_goldsteinii	k__Bacteria;p__Firmicutes;c__Clostridia;o__Clostridiales;f__Lachnospiraceae;g__Anaerostipes;s__Anaerostipes_hadrus	k__Bacteria;p__Firmicutes;c__Clostridia;o__Clostridiales;f__Ruminococcaceae;g__Ruminococcus;s__Ruminococcus_lactaris	k__Bacteria;p__Firmicutes;c__Clostridia;o__Clostridiales;f__Clostridiaceae;g__Clostridium;s__Clostridium_sp._L2-50	k__Bacteria;p__Firmicutes;c__Clostridia;o__Clostridiales;f__Clostridiaceae;g__Clostridium;s__Clostridium_sp._M62/1	k__Bacteria;p__Firmicutes;c__Clostridia;o__Clostridiales;f__;g__Intestinimonas;s__Intestinimonas_butyriciproducens	k__Bacteria;p__Actinobacteria;c__Actinobacteria;o__Bifidobacteriales;f__Bifidobacteriaceae;g__Bifidobacterium;s__Bifidobacterium_bifidum	k__Bacteria;p__Firmicutes;c__Negativicutes;o__Veillonellales;f__Veillonellaceae;g__Dialister;s__Dialister_invisus	k__Bacteria;p__Bacteroidetes;c__Bacteroidia;o__Bacteroidales;f__Bacteroidaceae;g__Bacteroides;s__Bacteroides_salanitronis
k__Bacteria;p__Bacteroidetes;c__Bacteroidia;o__Bacteroidales;f__Bacteroidaceae;g__Bacteroides;s__Bacteroides_vulgatus	1.0	0.0401108295367	-0.0194645356666	0.00869903819531	-0.02774756905	-0.00903188245427	-0.0963343251984	0.00526549514263	-0.0263722044774	0.0191878498105	0.0249406791609	-0.0188626216353	0.0158040766223	-0.106265850167	0.0020420498362	-0.0428332304963	0.0372064722116	-0.0116263999699	-0.00159712358183	-0.00592431259449	0.0228905930038	0.03028122862	0.00524175065316	0.00102748153045	0.0308054537303	0.0235237851906	-0.0436504395973	0.00970618894328	0.0519289972901	0.0271401957146	0.0376847831573	-0.045322736588	-0.0180286024154	0.0640790152353	0.0236133908952	-0.040050447298	-0.0646067438014	0.0635629683279	-0.0475127364032	0.0177866141493	-0.0306939550035	-0.0428965316882	-0.0292465725086	-0.0199779537039	-0.0209820317179	0.0721060857151	0.0118855569201	0.00134668883831	-0.0158155803845	-0.00664016135262	0.0410891507042	0.0415524645795	-0.0107483926542	0.000481722486196	-0.0276360769325	-0.0358297811645	-0.0405558565974	-0.0189260266385	0.0348856592166
k__Bacteria;p__Bacteroidetes;c__Bacteroidia;o__Bacteroidales;f__Bacteroidaceae;g__Bacteroides;s__Bacteroides_uniformis	0.0401108295367	1.0	-0.04197022549	0.0570147299	0.00835611004849	0.0561415181148	-0.0322668839724	-0.022570837106	-0.0385161715957	0.0331017832554	0.0569864468368	0.002745271116	0.0409410739471	-0.000342430140453	0.0314775135804	-0.0586217294381	-0.0317439593316	0.0590751014071	0.0550207247121	-0.00807003981844	-0.0390066210454	-0.00700594815452	-0.00502471802269	0.0211372376145	-0.0181965654321	-0.017397147787	0.00234650572551	0.0304504106954	-0.0839163650263	-0.0744620969558	-0.0303482927749	0.00112823323395	-0.0313212026924	0.0194813726651	-0.0363847841018	-0.0354766408705	-0.0124669148516	-0.0711985611144	-0.0767911994886	-0.0471313000875	-0.00669444134113	0.00712332148617	-0.0307419219889	0.0230013287977	-0.0176571735385	-0.0494721520374	-0.00648561926816	0.0142810553857	-0.0611324826246	-0.0308669094418	-0.100846182288	0.042322324144	0.046270695356	-0.021159018236	-0.0187240258586	-0.00601907553692	0.0392204073808	0.0471631371572	-0.0271283186057
k__Bacteria;p__Bacteroidetes;c__Bacteroidia;o__Bacteroidales;f__Rikenellaceae;g__Alistipes;s__Alistipes_putredinis	-0.0194645356666	-0.04197022549	1.0	-0.0389754598745	0.0164102357601	0.00269061998284	0.0574067269096	-0.0587175015445	-0.00407664492603	0.0156347299125	0.0357392657658	-0.0480718674294	0.0124006195289	-0.0296405778006	-0.0200811637224	0.0127731393611	-0.0235108540617	0.00229464730862	0.00183762174511	0.044367075317	-0.00600640346857	0.00611063387252	-0.0207387855387	0.00554970791137	-0.00792188561443	0.0503357195762	-0.0221956582029	0.0161452109772	-0.00673121645064	-0.00407639825201	0.00385837516325	-0.036061893924	-0.0173945754475	-0.0211367015396	-0.0169119098909	-0.0166984056985	-0.00963009415051	-0.0183929415125	0.0206325308065	0.0107359137936	-0.0116988482068	-0.0638693906257	0.0317768109439	0.0222108607496	-0.00828711298216	-0.00369614120288	0.00315939155887	-0.0603820009074	0.0377445855415	0.0310044903225	-0.0491991877101	-0.0262601916081	7.00636345893e-05	-0.0270923457693	0.0230363994675	0.03768089933	-0.0242658545488	0.021094488599	-0.00148460396747
k__Bacteria;p__Bacteroidetes;c__Bacteroidia;o__Bacteroidales;f__Prevotellaceae;g__Prevotella;s__Prevotella_copri	0.00869903819531	0.0570147299	-0.0389754598745	1.0	0.0062167404047	-0.042457973845	0.0147517883157	0.029126267512	-0.0368358385212	0.0459167915268	0.0158497840982	-0.00512282579908	-0.037861440625	-0.0077415271134	0.0132451083547	0.0231086664468	0.0179239704801	0.0118328948873	-0.0206562222328	-0.0189659806156	-0.0196260737152	0.028113762777	0.0112749473564	-0.00932287742875	-0.00572465007292	-0.0319419906996	-0.0480686388682	-0.0412960198865	0.00873024681052	0.0105712844234	-0.0462621724659	-0.0047707465784	-0.0278292559163	-0.00961301729682	-0.0238436966668	0.00978811747873	-0.0257302942717	0.0393357502786	0.0103925149961	-0.00729536964413	-0.038376794482	-0.00693164582139	0.0321480186749	-0.0289251120744	0.00899388823886	-0.0146543788508	-0.0722719644394	0.0241308099032	-0.0928773761896	0.0429272929096	0.0195837411002	0.0229430588802	-0.0382874660465	0.00024050268084	-0.0711910941654	0.0132528242219	-0.0635610084136	-0.0210660180623	-0.0150065131373
k__Bacteria;p__Bacteroidetes;c__Bacteroidia;o__Bacteroidales;f__Bacteroidaceae;g__Bacteroides;s__Bacteroides_stercoris	-0.02774756905	0.00835611004849	0.0164102357601	0.0062167404047	1.0	0.0242895693072	0.00344529486887	-0.0877684952239	-0.0427691139208	-0.0111218881852	0.00187450622059	0.0619887162562	-0.0544734987195	-0.0042591139693	0.00152680224492	0.0017677407003	-0.0200195107181	0.00274599616292	-0.0430486306728	0.0388073312697	-0.00622934028786	-0.0804794119651	0.00404463855698	0.027639639423	-0.0167546750927	-0.00540350341474	0.0460377953088	-0.0338822073067	-0.00872141445658	0.0286702693616	0.0308222917979	-0.0102334521748	-0.0624316826238	-0.0242894004034	0.040535114026	-0.0254930260119	0.00946924447533	0.065392743393	0.00413175548478	-0.024803479209	-0.0309394296294	0.00805782113263	-0.0368773096618	-0.00774533907736	0.0541144065346	0.00961094525556	0.0328112857156	-0.0157601235175	0.0213102632958	-0.0414992760685	-0.00185744893895	-0.0326873673091	-0.0350003064735	-0.0076056820796	-0.00105663795139	0.0331308450078	0.0159396137468	-0.0279516813997	0.0133510453767
k__Bacteria;p__Bacteroidetes;c__Bacteroidia;o__Bacteroidales;f__Bacteroidaceae;g__Bacteroides;s__Bacteroides_ovatus	-0.00903188245427	0.0561415181148	0.00269061998284	-0.042457973845	0.0242895693072	1.0	-0.0120879731912	0.0588284312941	0.00480348583469	0.0221886772741	-0.00367073286157	-0.0125227619817	0.0203639161657	0.0530131637343	-0.00734788726724	0.0230577130084	0.0188208957081	0.0587309787967	0.0296984409146	-0.0567677349495	-0.0764970741575	-0.0298963044143	-0.0706052448097	-0.0260400435068	-0.0681583323706	-0.0148430161413	0.0352639220085	-0.0388495505092	-0.0104845580859	-0.0429980143078	0.00320150584631	-0.0381403354699	-0.0708018911507	-0.0415081311796	0.0170337842688	0.0239631264776	-0.0217422188072	0.0196382131562	-0.00340306422004	-0.064953198384	0.000582450850562	-0.0216569130024	-0.00832617427375	0.0306997182993	-0.0336342465259	-0.012254662845	0.028863288761	-0.0537842632277	-0.0280253973147	0.0520437577187	0.0407048854729	-0.0573370332864	-0.0445504075602	0.0149013886909	0.00967065724534	-0.0327178505169	-0.00488155463505	0.00156033763614	0.0360595242091
k__Bacteria;p__Bacteroidetes;c__Bacteroidia;o__Bacteroidales;f__Rikenellaceae;g__Alistipes;s__Alistipes_shahii	-0.0963343251984	-0.0322668839724	0.0574067269096	0.0147517883157	0.00344529486887	-0.0120879731912	1.0	0.0106161187053	-0.0237887071732	0.0228215173213	-0.00889794732255	-0.0429243594196	0.0306042324476	-0.0483589791838	-0.00824977029741	0.0147921967457	0.0252465274383	0.0562123900006	0.0164375219609	-0.0219598135342	0.00655111174151	-0.0240664081994	-0.0412140498487	-0.0640169713527	-0.0135815092838	-0.0226171562991	0.0544718322477	0.0228615598802	0.0193866631351	-0.0158325565479	0.000949454498601	0.0171360500928	-0.0542064568898	-0.00916972336362	0.0222531344044	-0.0109197073608	-0.026077271492	0.0152597273554	-0.0440664179027	0.03555259081	-0.0388397477938	-0.00791604497854	0.0117085691516	-0.032463703095	-0.0278009877957	-0.0294846945129	0.0214848038395	0.0933082324304	-0.0250112151197	0.0137488470871	-0.0991186746674	-0.0272831022845	0.00975861701659	-0.00299007234575	0.0242697030914	0.0284821388331	0.0123676823684	0.0239084631554	-0.0248181863285
k__Bacteria;p__Firmicutes;c__Clostridia;o__Clostridiales;f__Ruminococcaceae;g__Faecalibacterium;s__Faecalibacterium_prausnitzii	0.00526549514263	-0.022570837106	-0.0587175015445	0.029126267512	-0.0877684952239	0.0588284312941	0.0106161187053	1.0	-0.01127216915	-0.0237292927819	-0.0115321321639	-0.0115198884721	-0.0201147380267	-0.0343927449842	0.00262039538621	-0.078979953323	0.000801266874466	-0.0714891341329	0.0127181517256	-0.015506678599	-0.0275426936079	-0.0386912194489	0.0118441710062	-0.0062695148812	-0.056218985083	-0.0210042402258	-0.0178269887881	-0.00225162031953	-0.0507565910467	-0.0248262434932	0.023703753886	0.015929274555	0.0111114540036	0.00579128193042	0.020733061649	0.0472119870327	0.0393180956283	-0.0444218401192	0.0112790007158	0.0311036038434	0.0399072756767	0.0280434249809	-0.0314952412727	0.0337853268286	-0.00380776311187	-0.0426844050895	-0.0474452087416	-0.0348759293163	-0.00386203382956	-0.0595795370542	-0.00273158816603	-0.00401811552882	-0.0198628006672	-0.0910749468307	0.0346386867102	0.0641495583731	0.0435268569129	-0.0135714923186	0.0546107864446
k__Bacteria;p__Bacteroidetes;c__Bacteroidia;o__Bacteroidales;f__Rikenellaceae;g__Alistipes;s__Alistipes_finegoldii	-0.0263722044774	-0.0385161715957	-0.00407664492603	-0.0368358385212	-0.0427691139208	0.00480348583469	-0.0237887071732	-0.01127216915	1.0	0.0296974237481	0.0268839219513	0.0745244476249	-0.074600433512	-0.0318979691695	0.0155114442816	-0.00547222432916	-0.0503568263231	0.0188718725067	0.00220588563749	0.01544354708	0.0623966231028	0.0297864766846	-0.0451519308243	0.0377219155293	-0.00567492755348	-0.0381117777922	-0.0261802495843	0.0331231148473	0.00654749596428	-0.0111563057133	-0.0263791342306	0.0032960956083	0.0228821320238	-0.00345194036188	0.00311304350375	-0.0320818566939	0.00917819980368	-0.026377378872	-0.0518467717762	-0.0293054587284	-0.0300933238508	0.0291991639577	-0.0411149963925	-0.0283633700786	0.0228294248187	-0.0545615072862	-0.000667242889847	0.0263869393733	-0.0158669404064	0.0127890034641	0.0444373120134	-0.0039037059564	0.00810574802658	-0.088477707591	0.00458078112098	0.0096625296034	0.00178724120099	0.0332780645729	-0.0435571153146
k__Bacteria;p__Bacteroidetes;c__Bacteroidia;o__Bacteroidales;f__Porphyromonadaceae;g__Parabacteroides;s__Parabacteroides_distasonis	0.0191878498105	0.0331017832554	0.0156347299125	0.0459167915268	-0.0111218881852	0.0221886772741	0.0228215173213	-0.0237292927819	0.0296974237481	1.0	-0.00858578575328	-0.0486752141792	0.0116517918843	-0.0303434289866	0.0444710988107	0.00648203958905	0.0221856793218	0.0370897489208	-0.0335243999899	0.0505894417023	-0.0490631224984	-0.0342198172598	-0.0593254104845	-0.0537235457542	0.015776876453	0.0309011890129	0.025133646367	0.0341165891337	0.022275566118	-0.0203047484218	-0.0025900348517	-0.0335393693983	-0.0172936668962	0.00471381801571	-0.00157023928613	0.0231836074723	0.00450184519328	-0.0338478915556	0.0160480506801	-0.0243999489161	0.0189223902562	-0.0160244820836	-0.00789637791611	0.0202476193855	-0.0104492097777	-0.031946817758	0.00861430480986	-0.00754275122189	0.00785356106459	-0.0231761660795	-0.0134239436459	-0.0021409402506	-0.0149684953883	0.0268011933484	0.0107753896475	0.0185092600924	-0.0364954827272	-0.0327088872078	-0.0102365768255
k__Bacteria;p__Bacteroidetes;c__Bacteroidia;o__Bacteroidales;f__Bacteroidaceae;g__Bacteroides;s__Bacteroides_thetaiotaomicron	0.0249406791609	0.0569864468368	0.0357392657658	0.0158497840982	0.00187450622059	-0.00367073286157	-0.00889794732255	-0.0115321321639	0.0268839219513	-0.00858578575328	1.0	-0.0031419299692	0.0245779408936	-0.0453597689475	-0.0133749941416	-0.012523099657	-0.0922629159789	-0.0419622054104	0.0335237274475	-0.0506181249939	-0.0323157232246	-0.0209603128729	-0.0378776542179	-0.0115990420944	0.023932574567	-0.0193391427542	-0.0194755093726	-0.00346082223343	-0.00461555263005	-0.0555860994979	0.0224625324088	0.0404289196787	0.0114151479509	0.00124564102957	0.0226349883279	-0.0196434541608	-0.0215599026696	0.00964254718444	0.0534604695474	0.0327519706668	0.0356151613026	-0.0179964899318	0.00765839329761	-0.0355621112576	0.00799983182104	0.0123441569777	0.0106372087712	0.0186977999144	0.0251019191187	0.00645758557113	0.0108523138591	0.0474970960769	-0.0444471714654	0.060972777176	-0.0168874198337	-0.0352614378646	0.0289860530854	-0.00631627083364	-0.0363899420495
k__Bacteria;p__Bacteroidetes;c__Bacteroidia;o__Bacteroidales;f__Bacteroidaceae;g__Bacteroides;s__Bacteroides_coprocola	-0.0188626216353	0.002745271116	-0.0480718674294	-0.00512282579908	0.0619887162562	-0.0125227619817	-0.0429243594196	-0.0115198884721	0.0745244476249	-0.0486752141792	-0.0031419299692	1.0	0.0384137534952	0.00331939421862	0.0435682056733	-0.0664087832158	-0.0055253138368	0.0209583132204	-0.0418706623725	-0.0179919049494	-0.0555733253566	0.0188284210508	-0.0022117794546	-0.00368938563458	-0.0500355083743	0.00393650424321	0.0148637213718	-0.0260678389576	0.0388884522435	-0.0190413019288	-0.0167567096908	0.0211222082734	-0.0222084391423	-0.022993995552	-0.0297676626299	0.00939192785739	-0.0556524340612	-0.0191751924992	0.00678381165484	-0.0201307060435	-0.035010821244	-0.00673289575904	-0.000646453713923	0.0107823415994	-0.000426433085263	0.0213585564257	-0.0545187182502	-0.0399116155117	0.0524028551146	-0.0372511656256	-0.0214243093445	-0.044018419747	-0.0157704955965	0.0346825341034	0.0148330865066	-0.018642730643	-0.00360873273891	0.06490299299	0.0300160185004
k__Bacteria;p__Bacteroidetes;c__Bacteroidia;o__Bacteroidales;f__Bacteroidaceae;g__Bacteroides;s__Bacteroides_cellulosilyticus	0.0158040766223	0.0409410739471	0.0124006195289	-0.037861440625	-0.0544734987195	0.0203639161657	0.0306042324476	-0.0201147380267	-0.074600433512	0.0116517918843	0.0245779408936	0.0384137534952	1.0	0.0103730694724	-0.00515730279579	-0.0252756656559	-0.0909029716196	0.0305318483564	-0.0395060667739	-0.0512501822461	0.0023072297242	-0.0385050033952	0.0274305729745	0.0412560261414	-0.0123731690209	-0.0414391851652	0.00272985752653	0.0258431196861	-0.0409796010001	-0.0283247924344	-0.0180585502813	-0.0281321519371	-0.0261184157823	0.0366342438064	0.0374520100207	-0.064680972496	0.0200473403493	-0.0157031695744	0.00986176768408	-0.0241342973781	-0.0905174750453	-0.0593240871376	0.0230159655347	-0.0178921755354	-0.00498987615515	0.0109528992724	-0.0662934973419	-0.0135199373942	0.0159307260688	-0.0136592908102	-0.0112393473857	0.0119628729001	0.011639772583	-0.00677400653197	0.00417036210364	0.0143301119773	-0.0312163549287	-0.0262305885323	0.0260132303566
k__Bacteria;p__Bacteroidetes;c__Bacteroidia;o__Bacteroidales;f__Rikenellaceae;g__Alistipes;s__Alistipes_obesi	-0.106265850167	-0.000342430140453	-0.0296405778006	-0.0077415271134	-0.0042591139693	0.0530131637343	-0.0483589791838	-0.0343927449842	-0.0318979691695	-0.0303434289866	-0.0453597689475	0.00331939421862	0.0103730694724	1.0	0.01377783845	-0.0516030825115	0.0236703231839	-0.014968447223	-0.00839513014982	-0.00664598351131	0.0511715257657	-0.0346810503468	0.0720579737618	-0.0246204537597	-0.0360655231796	-0.0178162497625	-0.00133018902323	0.0154228830382	0.0220080454779	0.061643940858	-0.00288691393238	0.0130368027024	0.030427936729	-0.044997521319	-0.00607143515391	-0.00516831128633	-0.0144537469727	0.00826022523097	0.022949802126	0.00834576358911	-0.0249710157897	0.0194201251547	-0.0632252672168	-0.0734534680519	0.00135684068559	0.0254607653231	-0.0282371648364	0.00146527230621	0.0309736580237	0.0557036123806	0.0504477809879	-0.00442785718492	-0.0991296199341	0.0372517913591	-0.064950208751	-0.0439664488829	-0.0528326568969	-0.0309666634176	0.0394890874712
k__Bacteria;p__Firmicutes;c__Clostridia;o__Clostridiales;f__Lachnospiraceae;g__;s__[Eubacterium]_rectale	0.0020420498362	0.0314775135804	-0.0200811637224	0.0132451083547	0.00152680224492	-0.00734788726724	-0.00824977029741	0.00262039538621	0.0155114442816	0.0444710988107	-0.0133749941416	0.0435682056733	-0.00515730279579	0.01377783845	1.0	-0.0210651229735	0.00595905308831	-0.0479886262676	0.0205850049832	-0.0224207704779	-0.0411176872782	0.0152068642201	-0.0312659818527	-0.0488300179208	-0.0168833026581	-0.00620806871785	0.0211685525948	-0.00718602795959	0.00412861350892	0.0301402732745	-0.00333511626721	0.00937777802574	0.0354788399804	0.017058511203	-0.0311935244087	-0.0394605662436	-0.0343950080042	-0.00812363605841	-0.0239897604009	-0.0116827916447	0.0121899230934	-0.0190248048366	-0.00297387903055	-0.0941782764874	0.00199815570868	-0.0169856317201	0.00877117038307	-0.029394086352	-0.00188426987917	-0.0216896422325	-0.0148693525922	0.00803950247309	-0.0176551080632	0.0482291289015	-0.0595916774433	0.0172050400817	-0.0360258942502	-0.0177554589052	-0.0434147157246
k__Bacteria;p__Bacteroidetes;c__Bacteroidia;o__Bacteroidales;f__Bacteroidaceae;g__Bacteroides;s__Bacteroides_plebeius	-0.0428332304963	-0.0586217294381	0.0127731393611	0.0231086664468	0.0017677407003	0.0230577130084	0.0147921967457	-0.078979953323	-0.00547222432916	0.00648203958905	-0.012523099657	-0.0664087832158	-0.0252756656559	-0.0516030825115	-0.0210651229735	1.0	-0.0159929092887	0.0105537855976	0.0240325524265	-0.0728556420428	0.00190213956032	0.0107637897665	-0.00878290685492	-0.00794807612462	0.0395552594627	0.0157048420029	-0.0633205753295	0.0250005545071	0.00831401502306	-0.0238912117151	-0.0306268637884	0.0276279878957	-0.0496598126087	-0.00959782143302	0.00924343882324	-0.0375529455047	-0.00100798896031	-0.0026640432187	0.0244243707753	-0.0128250555883	-0.0116315768607	0.00380738831349	0.0366010009257	-0.0172883699998	0.000470635262905	0.0167033971487	0.0396564299436	0.0219158553367	-0.0108319304949	-0.0287222895799	-0.0242489354736	0.039006664509	0.00627803482532	-0.0139940376869	-0.0573302871196	-0.0447733076643	-0.0013159666496	-0.0475360323567	0.00325144352513
k__Bacteria;p__Bacteroidetes;c__Bacteroidia;o__Bacteroidales;f__Bacteroidaceae;g__Bacteroides;s__Bacteroides_fragilis	0.0372064722116	-0.0317439593316	-0.0235108540617	0.0179239704801	-0.0200195107181	0.0188208957081	0.0252465274383	0.000801266874465	-0.0503568263231	0.0221856793218	-0.0922629159789	-0.0055253138368	-0.0909029716196	0.0236703231839	0.00595905308831	-0.0159929092887	1.0	0.0351402178903	-0.000191612047742	-0.0530894774657	-0.0653299650444	0.0223955793905	0.0173382646946	-0.0311525359907	0.0947573157421	0.0391294175671	0.0641584371184	0.0353731315769	0.00367131957903	0.00359446801172	0.0151220872525	-0.0353110786825	-0.00791038332257	-0.0396744484174	-0.00545610335808	0.0415875204814	-0.0590492489023	-0.0342772594227	0.00388351598677	-0.0101860524933	-0.0250730179257	-0.0311176905098	-0.0495166166368	0.00315627298911	-0.00465885450847	0.00763265515115	0.0164999902732	-0.00806195855197	0.0725698022386	-0.0655493696809	-0.0273542831421	0.00567711579363	0.0610993766804	0.0180263703514	0.0257425668571	0.00197409678409	-0.00862758064775	-0.0121157492737	-0.0654417822963
k__Bacteria;p__Proteobacteria;c__Betaproteobacteria;o__Burkholderiales;f__Sutterellaceae;g__Sutterella;s__Sutterella_wadsworthensis	-0.0116263999699	0.0590751014071	0.00229464730862	0.0118328948873	0.00274599616292	0.0587309787967	0.0562123900006	-0.0714891341329	0.0188718725067	0.0370897489208	-0.0419622054104	0.0209583132204	0.0305318483564	-0.014968447223	-0.0479886262676	0.0105537855976	0.0351402178903	1.0	-0.0448766220749	0.0284112586877	-0.0119316348453	-0.0235627729539	-0.0309725991748	0.0175868647667	-0.00440272771552	0.024909091601	-0.00998430316489	0.0273214541306	-0.0414856698745	0.0664054135396	0.0380057684104	0.0164364505214	-0.0216738267819	0.00617767465853	-0.0161135723744	-0.0324618609289	-0.0947291246489	-0.0376115157141	-0.0207490564319	0.00664212179977	-0.0183222266651	-0.00965654544883	-0.0204732033158	-0.0118644356544	-0.0348240236278	0.0286145000253	0.0239850713048	-0.0705944554955	-0.0535375583462	-0.0179420016554	-0.0212555009489	-0.0525489659068	0.00616490158349	0.0221691513651	-0.00934832168477	-0.0294239045	-0.0483683666889	-0.0197858691028	0.0342458607648
k__Bacteria;p__Bacteroidetes;c__Bacteroidia;o__Bacteroidales;f__Porphyromonadaceae;g__Barnesiella;s__Barnesiella_intestinihominis	-0.00159712358183	0.0550207247121	0.00183762174511	-0.0206562222328	-0.0430486306728	0.0296984409146	0.0164375219609	0.0127181517256	0.00220588563749	-0.0335243999899	0.0335237274475	-0.0418706623725	-0.0395060667739	-0.00839513014982	0.0205850049832	0.0240325524265	-0.000191612047742	-0.0448766220749	1.0	0.0226637813417	-0.0289420335779	-0.000673405585547	-0.0613028388491	-0.031260467384	0.0176346242144	-0.0324279926621	-0.0057345152476	0.00503785635807	-0.0182023641913	-0.00729473813468	-0.0618866136351	-0.0340496730836	0.0035002044717	0.0279045085902	0.0154776818884	0.0630438998341	0.0118175851384	-0.0393827980707	-0.0446806131663	-0.0362015830192	0.0384546282844	0.0202031195704	-0.00234819269204	-0.0553399447474	0.00697356845822	0.00124753616841	0.0547043014769	-0.0206393451528	-0.0072072390821	-0.0511842393404	-0.0271329191626	-0.0141492433122	0.0332706090193	-0.0490226148173	0.0311577525687	-0.0158496447534	0.0127776223849	-0.0479929856789	-0.00465413630214
k__Bacteria;p__Bacteroidetes;c__Bacteroidia;o__Bacteroidales;f__Odoribacteraceae;g__Odoribacter;s__Odoribacter_splanchnicus	-0.00592431259449	-0.00807003981844	0.044367075317	-0.0189659806156	0.0388073312697	-0.0567677349495	-0.0219598135342	-0.015506678599	0.01544354708	0.0505894417023	-0.0506181249939	-0.0179919049494	-0.0512501822461	-0.00664598351131	-0.0224207704779	-0.0728556420428	-0.0530894774657	0.0284112586877	0.0226637813417	1.0	-0.00805996875841	0.0324127995054	-0.0058085809351	0.00142657776049	-0.0679172769887	0.000181419954355	0.0547118009961	0.0177705943921	0.0481291656787	0.017420619692	-0.0101766351112	-0.0606548613214	0.0231464218657	-0.0243346625669	-0.0381718801777	0.0243126034268	-0.00970272957503	0.00718213686799	0.0404915201582	-0.0530905159138	0.0656655582618	0.012756060696	-0.0376519770408	-0.0170725063105	-0.0281156857815	-0.0388588559518	0.0231998855346	-0.0348888745533	-0.00209681817678	-0.0306728017978	0.0384756454747	-0.0220764260266	5.63486642205e-06	-0.0124938649276	-0.0524307747126	0.0251319428024	-0.00837570996048	-0.0466946104442	-0.00434714860122
k__Bacteria;p__Bacteroidetes;c__Bacteroidia;o__Bacteroidales;f__Bacteroidaceae;g__Bacteroides;s__Bacteroides_salyersiae	0.0228905930038	-0.0390066210454	-0.00600640346857	-0.0196260737152	-0.00622934028786	-0.0764970741575	0.00655111174151	-0.0275426936079	0.0623966231028	-0.0490631224984	-0.0323157232246	-0.0555733253566	0.0023072297242	0.0511715257657	-0.0411176872782	0.00190213956032	-0.0653299650444	-0.0119316348453	-0.0289420335779	-0.00805996875841	1.0	0.0142285394641	-0.0139902994075	-0.0431619235717	0.039984088533	-0.0325834304826	-0.103744318333	0.026997455885	-0.0153913472416	-0.0225081820916	-0.0234824993383	-0.0042109240899	0.00285559872382	-0.0187824518269	-0.00172279148841	-0.00568666437217	0.035995700471	0.0058387224949	0.0315905434121	0.00986592850087	-0.000440280286374	0.0449712771571	-0.00424089798793	-0.00837330411958	0.00319368956575	-0.0344958667859	-0.0175598677082	-0.00410753101751	0.0166799476253	-0.00466678900179	0.0332746164446	-0.0398912022979	0.0245819675023	-0.01747763498	0.0143307571485	0.0120993844813	0.00454264642982	-0.00936920473135	-0.0262987547373
k__Bacteria;p__Firmicutes;c__Clostridia;o__Clostridiales;f__Ruminococcaceae;g__Ruminiclostridium;s__[Eubacterium]_siraeum	0.03028122862	-0.00700594815452	0.00611063387252	0.028113762777	-0.0804794119651	-0.0298963044143	-0.0240664081994	-0.0386912194489	0.0297864766846	-0.0342198172598	-0.0209603128729	0.0188284210508	-0.0385050033952	-0.0346810503468	0.0152068642201	0.0107637897665	0.0223955793905	-0.0235627729539	-0.000673405585547	0.0324127995054	0.0142285394641	1.0	0.0536250405729	-0.0301658602702	-0.0804686209925	0.0153045522152	-0.0433890134582	-0.0387094090298	-0.0540845767605	-0.0420730059455	0.0379521777749	-0.0206307381779	0.0421134036614	-0.031530043667	-0.0225285315156	-0.0359688898953	-0.0180086667699	-0.00795052286999	0.0223345608428	-0.0626056119289	0.00531425350735	0.00419698404448	-0.0317828475102	0.0168447424366	0.0614135101773	-0.0164968587375	0.0262572423909	-0.00780011471584	-0.060766263562	0.0512791477474	-0.0272111437071	0.00797134749812	-0.0315490132822	-0.00639107913671	0.0284156446131	0.140164741895	0.053695920264	0.00384953182563	-0.0464606196545
k__Bacteria;p__Proteobacteria;c__Betaproteobacteria;o__Burkholderiales;f__Sutterellaceae;g__Parasutterella;s__Parasutterella_excrementihominis	0.00524175065316	-0.00502471802269	-0.0207387855387	0.0112749473564	0.00404463855698	-0.0706052448097	-0.0412140498487	0.0118441710062	-0.0451519308243	-0.0593254104845	-0.0378776542179	-0.0022117794546	0.0274305729745	0.0720579737618	-0.0312659818527	-0.00878290685492	0.0173382646946	-0.0309725991748	-0.0613028388491	-0.0058085809351	-0.0139902994075	0.0536250405729	1.0	-0.0264199796005	0.00955441364864	-0.0142610057484	-0.0180461306275	-0.0287215547711	-0.0260131360586	-0.00431788096166	-0.00700248776679	-0.00473921460511	-0.0597765537629	0.0314722218139	-0.0123283461774	-0.0124218636355	0.0348171844404	0.0205706826898	0.0268123442681	0.00959424376909	0.023341678717	0.0367175198699	0.00786994923638	-0.00354825987298	0.0126586196109	-0.00536200872675	-0.0149679817841	0.042192803338	3.9170293321e-05	-0.00857704401541	-0.00439847716327	0.000974778886721	-0.0693336678811	-0.0197925554291	0.0436528735086	-0.00557008901299	0.0134291460273	0.000643195531648	0.00560303416111
k__Bacteria;p__Actinobacteria;c__Actinobacteria;o__Bifidobacteriales;f__Bifidobacteriaceae;g__Bifidobacterium;s__Bifidobacterium_adolescentis	0.00102748153045	0.0211372376145	0.00554970791137	-0.00932287742875	0.027639639423	-0.0260400435068	-0.0640169713527	-0.0062695148812	0.0377219155293	-0.0537235457542	-0.0115990420944	-0.00368938563458	0.0412560261414	-0.0246204537597	-0.0488300179208	-0.00794807612462	-0.0311525359907	0.0175868647667	-0.031260467384	0.00142657776049	-0.0431619235717	-0.0301658602702	-0.0264199796005	1.0	0.00157448889317	-0.0019874274272	0.0322779503426	-0.0353560602116	4.65332847897e-05	-0.0267255789208	0.00668027984203	0.0150106850664	-0.00562957932246	-0.018758554447	0.017527359389	-0.0291011685219	-0.00331503999996	-0.00536140800047	-0.00196397832453	0.00172339191891	-0.0319498599641	0.0206000061889	-0.017829612767	0.0163457509853	-0.0125777315011	-0.101796406514	0.0201969603212	-0.00559784407407	0.0201476570192	0.0146965538337	0.00667059929165	-0.0651357511872	-0.0186533862575	-0.00211492783321	0.000905910411786	0.0150891443142	-0.0616747724551	0.037378232345	-0.0114054990537
k__Bacteria;p__Firmicutes;c__Clostridia;o__Clostridiales;f__Oscillospiraceae;g__Oscillibacter;s__Oscillibacter_sp._KLE_1745	0.0308054537303	-0.0181965654321	-0.00792188561443	-0.00572465007292	-0.0167546750927	-0.0681583323706	-0.0135815092838	-0.056218985083	-0.00567492755348	0.015776876453	0.023932574567	-0.0500355083743	-0.0123731690209	-0.0360655231796	-0.0168833026581	0.0395552594627	0.0947573157421	-0.00440272771552	0.0176346242144	-0.0679172769887	0.039984088533	-0.0804686209925	0.00955441364864	0.00157448889317	1.0	0.0161018988901	-0.0354976360217	-0.0297409326992	-0.0341523037029	0.0272219275723	-0.0134954346725	-0.0395342033953	-0.0435044464164	-0.02311819602	0.0275982231935	0.00935744744274	0.0411115496986	-0.029886228203	-0.0399532609797	0.00301746785963	0.0395113424234	0.0527598104521	-0.0781352530266	-0.0254766730487	-0.0177412982624	-0.0300763435625	-0.00146845447293	-0.023144697587	0.0482289729347	-0.0260892042693	-0.0187877139013	0.0278863759281	-0.0410255939323	0.0761597062548	0.0204286948722	0.00435876782392	-0.0180767604501	-0.0255866090295	-0.0280919494203
k__Bacteria;p__Bacteroidetes;c__Bacteroidia;o__Bacteroidales;f__Bacteroidaceae;g__Bacteroides;s__Bacteroides_coprophilus	0.0235237851906	-0.017397147787	0.0503357195762	-0.0319419906996	-0.00540350341474	-0.0148430161413	-0.0226171562991	-0.0210042402258	-0.0381117777922	0.0309011890129	-0.0193391427542	0.00393650424321	-0.0414391851652	-0.0178162497625	-0.00620806871785	0.0157048420029	0.0391294175671	0.024909091601	-0.0324279926621	0.000181419954355	-0.0325834304826	0.0153045522152	-0.0142610057484	-0.0019874274272	0.0161018988901	1.0	0.00132179332488	-0.0202293613697	0.0193594998709	0.0293539635066	-0.0234225106461	-0.0148872086866	-0.0235342285976	-0.0444705969174	-0.0617100981765	0.051181763229	-0.0351894037457	-0.0277141096483	-0.0562716642469	-0.00121173650751	0.0659661912662	0.0101883783322	-0.0431973191397	0.00839409878561	0.0292474389473	-0.0672740982324	-0.00903193735181	0.0280386863446	-0.00433213755433	-0.0141452624377	0.0118934490444	-0.02495200636	0.0448489425078	0.0119793485244	0.0258913113685	0.00425577028313	0.0165222530944	-0.0396673052124	-0.0363317989828
k__Bacteria;p__Firmicutes;c__Clostridia;o__Clostridiales;f__Lachnospiraceae;g__Roseburia;s__Roseburia_intestinalis	-0.0436504395973	0.00234650572551	-0.0221956582029	-0.0480686388682	0.0460377953088	0.0352639220085	0.0544718322477	-0.0178269887881	-0.0261802495843	0.025133646367	-0.0194755093726	0.0148637213718	0.00272985752653	-0.00133018902323	0.0211685525948	-0.0633205753295	0.0641584371184	-0.00998430316489	-0.0057345152476	0.0547118009961	-0.103744318333	-0.0433890134582	-0.0180461306275	0.0322779503426	-0.0354976360217	0.00132179332488	1.0	-0.0252384024245	-0.0446839375686	-0.0607572835884	-0.0195181506047	0.0138474680332	-0.0492090171537	0.00709707781793	-0.0160537968623	-0.00357298770425	0.0582631641821	-0.0376354382233	0.0145504445882	-0.0110648699986	0.00585085015126	-0.0134816976574	-0.0456142671629	-0.0109093975098	0.0521318859092	0.00774688344288	0.0446685363487	0.00531147656616	0.0194132416326	0.0277899915309	0.00393398326467	0.0193379579979	-0.0739161761406	0.013074946667	0.0544303207874	-0.0394339064292	0.0161519622416	0.0818991612744	-0.0235308286843
k__Bacteria;p__Firmicutes;c__Clostridia;o__Clostridiales;f__Lachnospiraceae;g__Roseburia;s__Roseburia_hominis	0.00970618894328	0.0304504106954	0.0161452109772	-0.0412960198865	-0.0338822073067	-0.0388495505092	0.0228615598802	-0.00225162031953	0.0331231148473	0.0341165891337	-0.00346082223343	-0.0260678389576	0.0258431196861	0.0154228830382	-0.00718602795959	0.0250005545071	0.0353731315769	0.0273214541306	0.00503785635807	0.0177705943921	0.026997455885	-0.0387094090298	-0.0287215547711	-0.0353560602116	-0.0297409326992	-0.0202293613697	-0.0252384024245	1.0	-0.0218033368973	0.0152741252761	0.0576756508788	0.0314430957015	0.000553720685377	-0.0120822738777	-0.0123661564923	0.000668709245261	0.0240596350681	-0.00787392172034	-0.0282288220574	-0.00560826999089	-0.00432317916834	-0.0074171883941	-0.0394141960446	0.024376798739	-0.0258270736445	0.0280561039605	-0.0283637679749	-0.0339278643241	-0.0323906544976	0.0200041272353	-0.0368521653348	-0.0264898905668	0.0251820884337	0.0247917153046	-0.0269808058415	0.0218791681808	0.0080352943613	0.0213014316725	0.0029561703725
k__Bacteria;p__Bacteroidetes;c__Bacteroidia;o__Bacteroidales;f__Porphyromonadaceae;g__Parabacteroides;s__Parabacteroides_johnsonii	0.0519289972901	-0.0839163650263	-0.00673121645064	0.00873024681052	-0.00872141445658	-0.0104845580859	0.0193866631351	-0.0507565910467	0.00654749596428	0.022275566118	-0.00461555263005	0.0388884522435	-0.0409796010001	0.0220080454779	0.00412861350892	0.00831401502306	0.00367131957903	-0.0414856698745	-0.0182023641913	0.0481291656787	-0.0153913472416	-0.0540845767605	-0.0260131360586	4.65332847895e-05	-0.0341523037029	0.0193594998709	-0.0446839375686	-0.0218033368973	1.0	-0.0596048121185	-0.034464275529	-0.0125147192274	-0.00562003887932	0.0501250301985	-0.0277747292225	0.0324243573658	-0.0192330649214	-0.00113008549254	-0.034966095368	-0.0124179516536	0.00782036268117	-0.0150662467766	-0.00888750088309	-0.0677918657315	-0.0258760755978	0.0303540535431	0.0150021233256	-0.0420901027333	-0.00969024401265	-0.0501456726992	0.038519264698	-0.00492532143705	-0.0214969908094	-0.0127416560175	-0.0381967081151	-0.0451516724838	0.0365114618024	0.0181206882953	0.0184146778595
k__Bacteria;p__Actinobacteria;c__Actinobacteria;o__Bifidobacteriales;f__Bifidobacteriaceae;g__Bifidobacterium;s__Bifidobacterium_longum	0.0271401957146	-0.0744620969558	-0.00407639825201	0.0105712844234	0.0286702693616	-0.0429980143078	-0.0158325565479	-0.0248262434932	-0.0111563057133	-0.0203047484218	-0.0555860994979	-0.0190413019288	-0.0283247924344	0.061643940858	0.0301402732745	-0.0238912117151	0.00359446801172	0.0664054135396	-0.00729473813468	0.017420619692	-0.0225081820916	-0.0420730059455	-0.00431788096166	-0.0267255789208	0.0272219275723	0.0293539635066	-0.0607572835884	0.0152741252761	-0.0596048121185	1.0	0.0120088118828	0.0136460208482	-0.0294970887591	-0.0240711550959	-0.00140586683425	0.0339441816534	-0.0457714080538	0.0440688862138	-0.00988156092384	-0.0581816551993	0.0326593242018	-0.0432925924195	0.046314455208	-0.0499708979756	-0.0571971541754	-0.0184114263887	0.0225405696453	0.0110298557949	0.0437527003155	0.0184534409249	0.0511934833821	0.0589831511991	0.0298858953041	-0.0500608238198	-0.0476932901209	-0.00651045006296	-0.00687480894565	-0.0113293612698	-0.0667302534392
