#taxonomy	k__Bacteria;p__Bacteroidetes;c__Bacteroidia;o__Bacteroidales;f__Bacteroidaceae;g__Bacteroides;s__Bacteroides_vulgatus	k__Bacteria;p__Bacteroidetes;c__Bacteroidia;o__Bacteroidales;f__Bacteroidaceae;g__Bacteroides;s__Bacteroides_uniformis	k__Bacteria;p__Bacteroidetes;c__Bacteroidia;o__Bacteroidales;f__Rikenellaceae;g__Alistipes;s__Alistipes_putredinis	k__Bacteria;p__Bacteroidetes;c__Bacteroidia;o__Bacteroidales;f__Prevotellaceae;g__Prevotella;s__Prevotella_copri	k__Bacteria;p__Bacteroidetes;c__Bacteroidia;o__Bacteroidales;f__Bacteroidaceae;g__Bacteroides;s__Bacteroides_stercoris	k__Bacteria;p__Bacteroidetes;c__Bacteroidia;o__Bacteroidales;f__Bacteroidaceae;g__Bacteroides;s__Bacteroides_ovatus	k__Bacteria;p__Bacteroidetes;c__Bacteroidia;o__Bacteroidales;f__Rikenellaceae;g__Alistipes;s__Alistipes_shahii	k__Bacteria;p__Firmicutes;c__Clostridia;o__Clostridiales;f__Ruminococcaceae;g__Faecalibacterium;s__Faecalibacterium_prausnitzii	k__Bacteria;p__Bacteroidetes;c__Bacteroidia;o__Bacteroidales;f__Rikenellaceae;g__Alistipes;s__Alistipes_finegoldii	k__Bacteria;p__Bacteroidetes;c__Bacteroidia;o__Bacteroidales;f__Porphyromonadaceae;g__Parabacteroides;s__Parabacteroides_distasonis	k__Bacteria;p__Bacteroidetes;c__Bacteroidia;o__Bacteroidales;f__Bacteroidaceae;g__Bacteroides;s__Bacteroides_thetaiotaomicron	k__Bacteria;p__Bacteroidetes;c__Bacteroidia;o__Bacteroidales;f__Bacteroidaceae;g__Bacteroides;s__Bacteroides_coprocola	k__Bacteria;p__Bacteroidetes;c__Bacteroidia;o__Bacteroidales;f__Bacteroidaceae;g__Bacteroides;s__Bacteroides_cellulosilyticus	k__Bacteria;p__Bacteroidetes;c__Bacteroidia;o__Bacteroidales;f__Rikenellaceae;g__Alistipes;s__Alistipes_obesi	k__Bacteria;p__Firmicutes;c__Clostridia;o__Clostridiales;f__Lachnospiraceae;g__;s__[Eubacterium]_rectale	k__Bacteria;p__Bacteroidetes;c__Bacteroidia;o__Bacteroidales;f__Bacteroidaceae;g__Bacteroides;s__Bacteroides_plebeius	k__Bacteria;p__Bacteroidetes;c__Bacteroidia;o__Bacteroidales;f__Bacteroidaceae;g__Bacteroides;s__Bacteroides_fragilis	k__Bacteria;p__Proteobacteria;c__Betaproteobacteria;o__Burkholderiales;f__Sutterellaceae;g__Sutterella;s__Sutterella_wadsworthensis	k__Bacteria;p__Bacteroidetes;c__Bacteroidia;o__Bacteroidales;f__Porphyromonadaceae;g__Barnesiella;s__Barnesiella_intestinihominis	k__Bacteria;p__Bacteroidetes;c__Bacteroidia;o__Bacteroidales;f__Odoribacteraceae;g__Odoribacter;s__Odoribacter_splanchnicus	k__Bacteria;p__Bacteroidetes;c__Bacteroidia;o__Bacteroidales;f__Bacteroidaceae;g__Bacteroides;s__Bacteroides_salyersiae	k__Bacteria;p__Firmicutes;c__Clostridia;o__Clostridiales;f__Ruminococcaceae;g__Ruminiclostridium;s__[Eubacterium]_siraeum	k__Bacteria;p__Proteobacteria;c__Betaproteobacteria;o__Burkholderiales;f__Sutterellaceae;g__Parasutterella;s__Parasutterella_excrementihominis	k__Bacteria;p__Actinobacteria;c__Actinobacteria;o__Bifidobacteriales;f__Bifidobacteriaceae;g__Bifidobacterium;s__Bifidobacterium_adolescentis	k__Bacteria;p__Firmicutes;c__Clostridia;o__Clostridiales;f__Oscillospiraceae;g__Oscillibacter;s__Oscillibacter_sp._KLE_1745	k__Bacteria;p__Bacteroidetes;c__Bacteroidia;o__Bacteroidales;f__Bacteroidaceae;g__Bacteroides;s__Bacteroides_coprophilus	k__Bacteria;p__Firmicutes;c__Clostridia;o__Clostridiales;f__Lachnospiraceae;g__Roseburia;s__Roseburia_intestinalis	k__Bacteria;p__Firmicutes;c__Clostridia;o__Clostridiales;f__Lachnospiraceae;g__Roseburia;s__Roseburia_hominis	k__Bacteria;p__Bacteroidetes;c__Bacteroidia;o__Bacteroidales;f__Porphyromonadaceae;g__Parabacteroides;s__Parabacteroides_johnsonii	k__Bacteria;p__Actinobacteria;c__Actinobacteria;o__Bifidobacteriales;f__Bifidobacteriaceae;g__Bifidobacterium;s__Bifidobacterium_longum	k__Bacteria;p__Firmicutes;c__Clostridia;o__Clostridiales;f__;g__Flavonifractor;s__Flavonifractor_plautii	k__Bacteria;p__Firmicutes;c__Clostridia;o__Clostridiales;f__Clostridiaceae;g__Clostridium;s__Clostridium_phoceensis	k__Bacteria;p__Verrucomicrobia;c__Verrucomicrobiae;o__Verrucomicrobiales;f__Akkermansiaceae;g__Akkermansia;s__Akkermansia_muciniphila	k__Bacteria;p__Bacteroidetes;c__Bacteroidia;o__Bacteroidales;f__Prevotellaceae;g__Paraprevotella;s__Paraprevotella_xylaniphila	k__Bacteria;p__Firmicutes;c__Clostridia;o__Clostridiales;f__Ruminococcaceae;g__Ruminococcus;s__Ruminococcus_callidus	k__Bacteria;p__Bacteroidetes;c__Bacteroidia;o__Bacteroidales;f__Rikenellaceae;g__Alistipes;s__Alistipes_senegalensis	k__Bacteria;p__Firmicutes;c__Clostridia;o__Clostridiales;f__Lachnospiraceae;g__Blautia;s__Blautia_sp._KLE_1732	k__Bacteria;p__Bacteroidetes;c__Bacteroidia;o__Bacteroidales;f__Bacteroidaceae;g__Bacteroides;s__Bacteroides_oleiciplenus	k__Bacteria;p__Firmicutes;c__Clostridia;o__Clostridiales;f__Ruminococcaceae;g__Ruminococcus;s__Ruminococcus_bicirculans	k__Bacteria;p__Bacteroidetes;c__Bacteroidia;o__Bacteroidales;f__Bacteroidaceae;g__Bacteroides;s__Bacteroides_fluxus	k__Bacteria;p__Bacteroidetes;c__Bacteroidia;o__Bacteroidales;f__Prevotellaceae;g__Prevotella;s__Prevotella_stercorea	k__Bacteria;p__Firmicutes;c__Clostridia;o__Clostridiales;f__Lachnospiraceae;g__Dorea;s__Dorea_longicatena	k__Bacteria;p__Firmicutes;c__Clostridia;o__Clostridiales;f__Eubacteriaceae;g__Eubacterium;s__[Eubacterium]_eligens	k__Bacteria;p__Firmicutes;c__Clostridia;o__Clostridiales;f__Ruminococcaceae;g__;s__Ruminococcaceae_bacterium_D16	k__Bacteria;p__Firmicutes;c__Clostridia;o__Clostridiales;f__Lachnospiraceae;g__Coprococcus;s__Coprococcus_comes	k__Bacteria;p__Proteobacteria;c__Gammaproteobacteria;o__Enterobacterales;f__Enterobacteriaceae;g__Escherichia;s__Escherichia_coli	k__Bacteria;p__Firmicutes;c__Clostridia;o__Clostridiales;f__Ruminococcaceae;g__Anaerotruncus;s__Anaerotruncus_colihominis	k__Bacteria;p__Firmicutes;c__Clostridia;o__Clostridiales;f__Lachnospiraceae;g__Blautia;s__Blautia_obeum	k__Bacteria;p__Bacteroidetes;c__Bacteroidia;o__Bacteroidales;f__Odoribacteraceae;g__Odoribacter;s__Odoribacter_laneus	k__Bacteria;p__Firmicutes;c__Clostridia;o__Clostridiales;f__Ruminococcaceae;g__Ruminiclostridium;s__[Clostridium]_leptum	k__Bacteria;p__Bacteroidetes;c__Bacteroidia;o__Bacteroidales;f__Porphyromonadaceae;g__Parabacteroides;s__Parabacteroides_goldsteinii	k__Bacteria;p__Firmicutes;c__Clostridia;o__Clostridiales;f__Lachnospiraceae;g__Anaerostipes;s__Anaerostipes_hadrus	k__Bacteria;p__Firmicutes;c__Clostridia;o__Clostridiales;f__Ruminococcaceae;g__Ruminococcus;s__Ruminococcus_lactaris	k__Bacteria;p__Firmicutes;c__Clostridia;o__Clostridiales;f__Clostridiaceae;g__Clostridium;s__Clostridium_sp._L2-50	k__Bacteria;p__Firmicutes;c__Clostridia;o__Clostridiales;f__Clostridiaceae;g__Clostridium;s__Clostridium_sp._M62/1	k__Bacteria;p__Firmicutes;c__Clostridia;o__Clostridiales;f__;g__Intestinimonas;s__Intestinimonas_butyriciproducens	k__Bacteria;p__Actinobacteria;c__Actinobacteria;o__Bifidobacteriales;f__Bifidobacteriaceae;g__Bifidobacterium;s__Bifidobacterium_bifidum	k__Bacteria;p__Firmicutes;c__Negativicutes;o__Veillonellales;f__Veillonellaceae;g__Dialister;s__Dialister_invisus	k__Bacteria;p__Bacteroidetes;c__Bacteroidia;o__Bacteroidales;f__Bacteroidaceae;g__Bacteroides;s__Bacteroides_salanitronis
k__Bacteria;p__Bacteroidetes;c__Bacteroidia;o__Bacteroidales;f__Bacteroidaceae;g__Bacteroides;s__Bacteroides_vulgatus	1.0	-0.0227992876231	0.0363214812696	-0.0572911270489	0.0267721236036	-0.00982820416687	-0.0237911216488	0.0221312166487	-0.0390287092689	0.0105413774449	-0.0113914802817	0.00929542281813	0.0190242169706	-0.000183635919326	-0.00417947002127	0.0596795941103	-0.0580924545682	-0.002563461276	-0.0467724999348	0.0343620361353	0.037821159208	0.0358130251012	-0.0137460910454	0.0316024344533	-0.00133267016394	-0.0114796746823	0.0158283579557	0.0114733941106	0.0154539160441	-0.0254919632696	0.0432639651991	-0.0384380347291	-0.0548034698819	0.0563667206003	-0.0581001641564	-0.0158204847157	0.0465941866664	0.0215164369772	0.00725267308543	-0.0498911909103	-0.0075204620577	0.00525917476594	-0.0403932906616	-0.0242414435383	-0.0182672001431	-0.0473696251914	-0.0568942830626	0.00806490690413	0.0197958306551	-0.0118471926646	-0.0487465181208	-0.0164975698905	-0.0247229773841	-0.0131126998033	-0.0789503992851	-0.0142697292623	-0.0330137523409	-0.0287651585525	0.012269003093
k__Bacteria;p__Bacteroidetes;c__Bacteroidia;o__Bacteroidales;f__Bacteroidaceae;g__Bacteroides;s__Bacteroides_uniformis	-0.0227992876231	1.0	-0.0143063419338	-0.0443488787853	-0.0323084763379	-0.00585293912807	0.00802677181315	0.0127847875553	-0.0347928728246	-0.0201598636678	-0.0599824586764	0.00455250157911	0.015430994975	-0.0335795180214	0.00658498710403	0.00884039076956	-0.0240580576645	-0.0642745948999	0.0389866210122	-0.0291924382021	0.0272622503337	0.0442242062591	0.0157286796344	-0.0347487790949	0.0148063883281	0.0518138145946	-0.0399762119058	-0.0205296090161	0.0648385668604	0.0551679093544	-0.0156891169309	0.029046364447	0.0837833056296	0.0124441423976	-0.0146931802613	-0.0437414522837	0.0848086475021	0.0058982793246	-0.0394084489434	-0.0449668713513	-0.00948321197679	-0.0258334639231	-0.0706777490589	-0.0307033154737	-0.0163726192275	-0.040940906491	0.0169240438397	0.0111155876795	-0.0867090371669	0.0185131280201	-0.0615282994526	0.00783865218492	0.017064594982	-0.000882732083325	0.0595748482657	-0.0438058754337	-0.0163787698269	0.0298863223305	-0.0091871436004
k__Bacteria;p__Bacteroidetes;c__Bacteroidia;o__Bacteroidales;f__Rikenellaceae;g__Alistipes;s__Alistipes_putredinis	0.0363214812696	-0.0143063419338	1.0	-0.01783090776	-0.00318667919081	0.0112796378251	-0.00752357108412	-0.000315155083932	0.0302426990146	-0.0267065926582	-0.0274002445038	0.0853306615698	0.0204167984949	0.0426572504451	-0.0525541782006	-0.0343974756634	-0.0589933762994	-0.0273027389574	0.0391761645242	0.056762253541	-0.00701291641673	-0.0209165191402	-0.0492744734836	-0.0319399348858	-0.0114169237802	-0.0290617526473	0.0282914159718	0.0116630137618	-0.0315540837628	0.0530173868008	0.0143297340734	-0.0206088126106	-0.00353881450865	-0.0331593097701	0.0473326333559	0.0352367207516	0.0106761219641	-0.0403174938847	0.0479303994113	0.0217672775207	-0.0249595232879	-0.0375098412536	-0.00918494543152	0.0373677467095	-0.00724458255177	0.0196198454955	0.0280633803349	0.0208942803086	-0.00773955475262	-0.0459124283048	-0.0615397164059	-0.0393833224261	0.0173070707968	0.00152373449404	0.0564176580351	0.0256295783468	-0.00512173311684	0.0233629292747	0.004572354178
k__Bacteria;p__Bacteroidetes;c__Bacteroidia;o__Bacteroidales;f__Prevotellaceae;g__Prevotella;s__Prevotella_copri	-0.0572911270489	-0.0443488787853	-0.01783090776	1.0	-0.0128517178019	-0.0482963516489	-0.0254549631226	-0.0111140540062	0.0112855400215	0.0109352794296	-0.0131997512986	0.0733025046696	0.0261324978835	-0.0709040996819	0.011001030515	-0.0818571820415	-0.0188212627909	0.0255366899069	-0.000649613392643	0.0300910433674	-0.0253936189128	0.00564904518312	-0.0518698948629	-0.040174482604	0.0345918419655	0.0286802286349	-0.0272284692381	-0.00430073496844	0.0290586847226	0.0404902521795	-0.00992186704015	-0.0250407124708	-0.0336597209386	-0.00546457712346	0.0173225076447	-0.0292218374003	-0.0232782108886	-0.00588096312475	-0.0745094049006	-0.00280947732879	0.0109942939857	0.106797439562	-0.0511920492592	-0.0178212795527	0.0342597721841	0.0161083400604	-0.0467753269003	0.00544185886131	0.0152178795646	0.029915757221	-0.0101621316776	-0.0376198806703	0.0218799112134	0.0222598284109	-0.0302821054568	-0.0153575585456	0.00481382333691	0.0011216730426	-0.0520970088419
k__Bacteria;p__Bacteroidetes;c__Bacteroidia;o__Bacteroidales;f__Bacteroidaceae;g__Bacteroides;s__Bacteroides_stercoris	0.0267721236036	-0.0323084763379	-0.00318667919081	-0.0128517178019	1.0	0.0106377222585	0.00684227837044	0.00743222562607	-0.00404856513102	-0.0165126778378	-0.0194515452571	0.0141729620188	0.034988451292	0.0116142524759	-0.0238108496243	0.0227773264847	0.0485173511077	-0.00952222975204	0.0141412826218	-0.0400394323101	0.0187848033681	0.0121802791767	-0.0043205711376	0.0114709869582	-0.0395674749741	-0.0416909275605	-0.0116903412797	-0.0233028064477	-0.0273257486246	-0.0672468255329	-0.0198195457315	0.0332398043706	0.0152967911477	-0.0133195666696	0.00477508885088	0.0122541655001	0.0525233124932	0.0140521663652	-0.0296722197248	0.0577739649675	0.00311113716881	0.0045938655164	-0.000373110943839	0.0443203956922	-0.0619801199289	0.00932397818164	-0.0450439847598	-0.0152689306644	0.00472142694808	0.0644018847371	0.0019686298044	0.0759537431156	0.0198356544582	0.0089551259096	-0.016615581676	-0.0417514486877	-0.00403195480531	-0.00264138999371	-0.0350558173654
k__Bacteria;p__Bacteroidetes;c__Bacteroidia;o__Bacteroidales;f__Bacteroidaceae;g__Bacteroides;s__Bacteroides_ovatus	-0.00982820416687	-0.00585293912807	0.0112796378251	-0.0482963516489	0.0106377222585	1.0	0.0215908863793	0.00924556652554	-0.0193376362092	-0.0437050450764	-0.00945361803064	-0.0328351517861	-0.0117965934769	0.0200610722385	0.0170487117878	0.0210355827755	0.0248920806741	-0.00403927426118	-0.0312783436754	-0.0229296482011	-0.00112814772572	0.0197948906274	0.0170771926926	-0.00293144104089	0.0444414670705	0.0185803692186	-0.0312740980282	0.0149245139689	0.0455451532891	-0.0220315738377	0.00846127256779	0.0160759842566	-0.0561521238414	-0.0609705561567	-0.0290748131228	-0.00738583927411	-0.00383960368522	-0.0249433802579	0.0216289921761	0.0165616281272	-0.0150100644237	0.0127023584094	-0.0120908040525	0.00565058680592	-0.0561831846136	-0.00114331719897	0.00674883210316	0.0320904189295	-0.082790442286	-0.00556794171069	0.0134407965903	0.0840151592195	0.0446015775499	-0.0276386741915	0.021955633727	0.00652763985518	-0.0158602137584	-0.0046596249355	-0.0186183795376
k__Bacteria;p__Bacteroidetes;c__Bacteroidia;o__Bacteroidales;f__Rikenellaceae;g__Alistipes;s__Alistipes_shahii	-0.0237911216488	0.00802677181315	-0.00752357108412	-0.0254549631226	0.00684227837044	0.0215908863793	1.0	0.051569188555	-0.0262301940914	0.00752348229727	0.0137862590388	0.0132695904204	0.00384100014772	0.019510675612	-0.0257926075089	0.0312845971101	-0.0475660191141	0.0644739364371	0.0408674824597	-0.0559285134632	-0.0435470616505	-0.000701599230646	-0.0558513431125	-0.0355524878558	0.0514056097422	0.0196645867667	0.0282960391117	-0.00211009609102	0.0126639867751	0.0176977649245	-0.0219458971646	0.00615973367102	-0.0219835600796	-0.00140907569293	-0.0307484909584	0.0248911780617	-0.00730808109603	-0.0387366741865	-0.0224715051337	-0.0617455647971	-0.0111293726191	0.0104323671233	-0.0411991674842	-0.0210283142641	0.00845580834083	-0.00657274252254	-0.0879443252615	0.0154866451006	-0.00207897235897	-0.0139665440238	0.0434897299862	0.0780375947347	0.0504060118344	-0.0160825449536	0.0463904624489	0.0220047696529	0.0542951661675	-0.0524863685966	-0.000563599347507
k__Bacteria;p__Firmicutes;c__Clostridia;o__Clostridiales;f__Ruminococcaceae;g__Faecalibacterium;s__Faecalibacterium_prausnitzii	0.0221312166487	0.0127847875553	-0.000315155083932	-0.0111140540062	0.00743222562607	0.00924556652554	0.051569188555	1.0	0.0118390687522	0.00720655589519	-0.0321213563548	0.0149024496468	0.00331367176393	0.0150868365043	-0.00288125017346	-0.0294139978142	-0.0342431592447	-0.0217248645907	-0.00296298179568	0.0155023849354	0.0321743161745	0.0512655169818	0.00812902204195	-0.00776260856408	-0.00892850105412	-0.0470329831473	-0.0315078685624	-0.0687774413841	-0.0238216328607	-0.0280533635344	-0.0371989971942	0.0115624068082	0.0135352093072	0.0194165956023	-0.00505334431134	-0.0692929530132	0.0116911107689	-0.0285002612704	-0.0346986420073	-0.0194288668461	-0.0821387839539	0.045404045049	-0.0622273048199	0.041318707698	0.0058052897683	-0.0328235889465	0.0310163211444	0.0375918151945	-0.0187613381635	0.0316823778522	-0.0055306128007	-0.0393793447933	-0.027227851442	-0.0147297872565	-0.0206430914531	0.00951462714808	-0.0353219226502	0.0120736089807	-0.0468276387269
k__Bacteria;p__Bacteroidetes;c__Bacteroidia;o__Bacteroidales;f__Rikenellaceae;g__Alistipes;s__Alistipes_finegoldii	-0.0390287092689	-0.0347928728246	0.0302426990146	0.0112855400215	-0.00404856513102	-0.0193376362092	-0.0262301940914	0.0118390687522	1.0	0.0593804880848	-0.0232626477045	-0.0122026985749	-0.00395641176133	-0.0138920190578	-0.0126358185093	0.0308051361618	-0.0364953305555	-0.0095001262767	-0.0378215482034	0.00470172799077	0.03436849317	-0.0207644518954	0.030704608857	0.0765545678405	0.0302345869482	0.030629871449	-0.0210694265884	-0.0479675063256	0.00254757046712	-0.0250331501982	0.0426054767351	0.0157978017282	0.0404748795727	0.046098494763	-0.0544980520487	-0.0833195801595	0.0133149467819	-0.0231788726002	0.0250231697626	-0.0435184110996	-0.0165336935997	-0.0180659746341	-0.057475972614	-0.0594160216336	-0.00343469827271	-0.0568755894084	0.0290656699286	-0.000685493237173	-0.00651756306074	0.0560556382348	-0.0803419270096	0.00139400658146	-0.0233367856016	0.018826423084	0.0389657280259	0.0255558925904	-0.0487100663681	-0.0184182825775	-0.00332843215018
k__Bacteria;p__Bacteroidetes;c__Bacteroidia;o__Bacteroidales;f__Porphyromonadaceae;g__Parabacteroides;s__Parabacteroides_distasonis	0.0105413774449	-0.0201598636678	-0.0267065926582	0.0109352794296	-0.0165126778378	-0.0437050450764	0.00752348229727	0.00720655589519	0.0593804880848	1.0	-0.00693433499399	0.0395689315903	-0.0552862773744	-0.126237112737	-0.0109005183125	-0.0214213597497	-0.0581145069674	0.0353277465061	-0.0450657439986	0.0153894436602	-0.0445912332534	-0.012981083594	0.0508965248248	-0.0386878354236	0.00992695319552	-0.0335846322465	-0.0398907093391	-0.00952502797406	-0.0225989361945	-0.0102715184815	0.0573093429492	-0.0258902885718	0.0193249650986	-0.0259346183051	0.0397452027671	-0.0182842526452	0.00370812192684	0.0301570059364	-0.0585783859986	-0.00707703533137	0.025979409299	0.0168185766333	0.0269022361329	-0.0610262479558	-0.0137956214997	0.00345308648613	-0.0352946509582	0.0467359543109	0.0642948001007	-0.0133025971064	0.0290418076708	-0.0171994152389	-0.0336525700281	-0.0342285990903	0.00901325157372	-0.0181114194768	-0.0195125747371	0.0118632574229	0.0302350886803
k__Bacteria;p__Bacteroidetes;c__Bacteroidia;o__Bacteroidales;f__Bacteroidaceae;g__Bacteroides;s__Bacteroides_thetaiotaomicron	-0.0113914802817	-0.0599824586764	-0.0274002445038	-0.0131997512986	-0.0194515452571	-0.00945361803064	0.0137862590388	-0.0321213563548	-0.0232626477045	-0.00693433499399	1.0	0.0126485779318	-0.01151626308	-0.00577435466519	-0.0469674885099	-0.0702918916282	-0.0217916571196	-0.0334856002697	0.081343607535	0.0122731416301	-0.0375120722259	0.0373552547249	-0.000286836484187	-0.0755576321271	0.0456938863903	-0.00537962872652	-0.0452953420756	-0.0503217624458	-0.0446945406888	-0.00721769774653	0.00844239237144	-0.00879976764431	0.0481111848164	-0.0597337034731	-0.0150318466827	0.0427424020834	-0.0103444687856	-0.0427924224536	0.00477153407729	0.00637467043412	0.0305228406028	-0.0186522905066	-0.0475039417033	-0.0642621838283	0.00554562593778	0.0791946456528	0.0255307234226	0.00909706997218	-0.026018115817	0.0141961058328	0.0133687502768	0.0344609809069	-0.0141914959313	-0.0442087437893	-0.0476240789704	0.0205497772114	0.0495162585153	0.022398393681	-0.00689097408979
k__Bacteria;p__Bacteroidetes;c__Bacteroidia;o__Bacteroidales;f__Bacteroidaceae;g__Bacteroides;s__Bacteroides_coprocola	0.00929542281813	0.00455250157911	0.0853306615698	0.0733025046696	0.0141729620188	-0.0328351517861	0.0132695904204	0.0149024496468	-0.0122026985749	0.0395689315903	0.0126485779318	1.0	0.0295567614467	-0.0380659508031	-0.0370667136447	0.00377589517162	-0.0773270994733	0.0381182920955	0.0244355746537	-0.00745400154898	-0.0972978734509	0.0696892514014	-0.0509702960223	-0.018651172751	-0.0470328600019	0.0305384678061	-0.0113993117194	0.0268369434781	0.0219328861155	0.0240239063919	-0.0103314933471	-0.0489817063271	-0.000137788372076	0.0385235325	0.0481230363491	-0.0530282539624	0.0279379360909	-0.00395032785159	0.00753780348924	0.0545024320841	0.00177162451316	0.0262745027897	-0.0382628790023	-0.00621971459857	0.0550419001434	0.0107849486339	-0.0365267410356	-0.0256605574925	-0.0370781423078	-0.0147467699416	-0.0131597949633	-0.0212104373969	-0.0441717290872	0.0219034809361	0.00224885668397	-0.0201426500774	-0.0106191009201	-0.0485268998362	0.00396531121706
k__Bacteria;p__Bacteroidetes;c__Bacteroidia;o__Bacteroidales;f__Bacteroidaceae;g__Bacteroides;s__Bacteroides_cellulosilyticus	0.0190242169706	0.015430994975	0.0204167984949	0.0261324978835	0.034988451292	-0.0117965934769	0.00384100014772	0.00331367176393	-0.00395641176133	-0.0552862773744	-0.01151626308	0.0295567614467	1.0	0.0274385835816	0.00259050276838	-0.0101193433785	-0.0551952420193	-0.0599502085464	0.0669033258561	-0.0130012612583	0.0425731796655	-0.0142748660725	-0.0278003632252	-0.027260424058	0.000124962719045	0.0167839522284	0.000936857431751	-0.0150706356404	0.0407945193622	-0.0340591054965	0.00065666238151	-0.00349417897962	-0.0438585942245	-0.00739101802876	-0.0541282317102	-0.0842084295376	0.013689761309	0.0715628707832	-0.0292089177955	-0.0412216524416	-0.0425186549924	-0.00683109468159	0.0613181775168	-0.00558743078073	0.024036004889	0.0797831024934	0.0407030995541	-0.047212316024	0.00342726309965	0.024842703972	0.0391599720707	-0.0543011925779	-0.00615923576675	0.0480292699939	-0.0428738183851	-0.0374693049509	-0.0068163510962	-0.000924924177527	0.0434229668034
k__Bacteria;p__Bacteroidetes;c__Bacteroidia;o__Bacteroidales;f__Rikenellaceae;g__Alistipes;s__Alistipes_obesi	-0.000183635919327	-0.0335795180214	0.0426572504451	-0.0709040996819	0.0116142524759	0.0200610722385	0.019510675612	0.0150868365043	-0.0138920190578	-0.126237112737	-0.00577435466519	-0.0380659508031	0.0274385835816	1.0	-0.0439837514349	-0.0217757032005	0.0753260666284	-0.0294043372616	0.00186457805591	-0.0067842638643	0.036213228652	0.0586823294824	-0.00971912131151	-0.0324670626411	-0.00104955046112	-0.00379255404481	-0.00473254954666	0.0314899879505	-0.0243740940335	0.0263164246091	0.0434573681342	-0.0486600830506	-0.0341207156959	-0.0781878908502	-0.0245082105118	0.0177344428869	-0.0264737354952	-0.000517006750713	0.0415726075314	-0.0168902702112	-0.0245373095798	-0.0442405182398	-0.00847880476212	-0.0157036111382	0.0219440223958	-0.0106563077566	-0.022115286603	-0.0758479697253	-0.0138777605626	0.0427728025435	-0.0902423135468	0.00216586841436	-0.00471213618282	0.0160276842127	0.00578163310654	-0.0127637935576	-0.0115042759414	-0.120716301507	0.039151839659
k__Bacteria;p__Firmicutes;c__Clostridia;o__Clostridiales;f__Lachnospiraceae;g__;s__[Eubacterium]_rectale	-0.00417947002127	0.00658498710403	-0.0525541782006	0.011001030515	-0.0238108496243	0.0170487117878	-0.0257926075089	-0.00288125017346	-0.0126358185093	-0.0109005183125	-0.0469674885099	-0.0370667136447	0.00259050276838	-0.0439837514349	1.0	-0.0146197474047	0.0621346900766	-0.00521362997307	-0.0441913476212	-0.0347539762032	-0.0146287843148	0.0227419788896	0.0652372197812	-0.0103407631057	-0.0199996727278	0.0275310315361	-0.012164556289	0.00137518021969	-0.0493885139706	-0.0273152303934	0.0411926512012	-0.0164560450032	-0.0351788686432	0.00580856336142	0.0840965646417	-0.0302993740934	0.0357238591381	-0.0513995387711	0.0742066641796	-0.0609962454973	-0.0136145071203	0.00105072297697	-0.00957862426617	0.0896236714537	0.00962505410605	0.00601432769701	-0.0114964476606	-0.0622129410979	-0.00118362439814	0.00992129655112	-0.0101592301432	0.00159923401658	-0.0297729911454	0.0312412306578	-0.0227993650869	0.0304323617429	0.0264644165245	0.0614246319251	0.0443470006928
k__Bacteria;p__Bacteroidetes;c__Bacteroidia;o__Bacteroidales;f__Bacteroidaceae;g__Bacteroides;s__Bacteroides_plebeius	0.0596795941103	0.00884039076956	-0.0343974756634	-0.0818571820415	0.0227773264847	0.0210355827755	0.0312845971101	-0.0294139978142	0.0308051361618	-0.0214213597497	-0.0702918916282	0.00377589517162	-0.0101193433785	-0.0217757032005	-0.0146197474047	1.0	0.0540957896631	-0.0662795430509	-0.0354385645994	0.0227326817844	0.00932175860624	-0.0294219606805	0.0491810894038	0.0100909439547	-0.0602547938951	-0.0029405887551	0.0253336566867	0.0234807883922	0.0360497344421	-0.00404546427751	0.014384448432	-0.0248076206811	-0.0130618983418	0.00326026507595	0.00652024845003	0.00904415195322	0.00852905053306	-0.0514414048734	0.0781493802874	-0.0256005235849	-0.0282422367603	-0.0520815864061	-0.000962259204536	-0.00338708555019	-0.0748243298512	0.00109683021696	-0.00392097423931	-0.0321095628099	0.00808036361543	-0.0239487630913	-0.0150133183617	0.0203815754902	-0.0463696365224	0.0475496293563	-0.0453640088342	0.0151096952134	-0.0192325071578	-0.00781493940646	-0.017858538517
k__Bacteria;p__Bacteroidetes;c__Bacteroidia;o__Bacteroidales;f__Bacteroidaceae;g__Bacteroides;s__Bacteroides_fragilis	-0.0580924545682	-0.0240580576645	-0.0589933762994	-0.0188212627909	0.0485173511077	0.0248920806741	-0.0475660191141	-0.0342431592447	-0.0364953305555	-0.0581145069674	-0.0217916571196	-0.0773270994733	-0.0551952420193	0.0753260666284	0.0621346900766	0.0540957896631	1.0	0.0172635910278	-0.00341348996571	-0.0277727096877	-0.012276533787	-0.0188164870395	0.0479072471936	-0.0250457475367	-0.0058765218575	-0.00727698474767	-0.0198141990654	-0.0335532654847	0.0363132691245	-0.0668421592584	-0.0266800046324	0.0069043871146	0.0101978268403	0.0407614234043	-0.037039185684	-0.00512749198945	0.0108326172636	-0.0229100052943	0.022552158594	0.0228969749988	0.066270317451	-0.0297398327732	0.0553652934059	-0.0250912242409	0.0176566639121	-0.0442234174725	-0.0505706470363	0.00427489794866	0.0472216306728	0.0582037059071	-0.0114912229715	-0.00659283105319	-0.0146630800344	-0.0312275335116	0.00666512051308	0.00564366699543	0.00930589253857	-0.0154871105923	-0.0233943598727
k__Bacteria;p__Proteobacteria;c__Betaproteobacteria;o__Burkholderiales;f__Sutterellaceae;g__Sutterella;s__Sutterella_wadsworthensis	-0.002563461276	-0.0642745948999	-0.0273027389574	0.0255366899069	-0.00952222975204	-0.00403927426118	0.0644739364371	-0.0217248645907	-0.0095001262767	0.0353277465061	-0.0334856002697	0.0381182920955	-0.0599502085464	-0.0294043372616	-0.00521362997307	-0.0662795430509	0.0172635910278	1.0	-0.0532018378608	-0.078248781334	0.0834004710015	-0.0377771146118	0.00228471202859	0.00425889034904	-0.0314408194835	-0.0059715909368	0.0270743002837	0.0193182081661	-0.0170582501629	0.0169428561302	0.0138007815293	-0.0443996864524	0.0158766315898	-0.0496487991349	-0.00719279660868	-0.0429439931093	0.00722092586774	-0.0522719680007	-0.0140461190485	0.0184800904811	-0.00540712818197	-0.007499262927	-0.00480022813104	0.0227203383532	-0.0195350471867	0.0452058628961	0.00354126188691	-0.0274577537949	-0.00166631446703	0.0219052489427	0.0110263505725	0.0127372342983	0.01924347965	0.051538416299	-0.0343351376582	-0.0020488174861	-0.00914164053114	-0.0180850447627	-0.0655828632284
k__Bacteria;p__Bacteroidetes;c__Bacteroidia;o__Bacteroidales;f__Porphyromonadaceae;g__Barnesiella;s__Barnesiella_intestinihominis	-0.0467724999348	0.0389866210122	0.0391761645242	-0.000649613392643	0.0141412826218	-0.0312783436754	0.0408674824597	-0.00296298179568	-0.0378215482034	-0.0450657439986	0.081343607535	0.0244355746537	0.0669033258561	0.00186457805591	-0.0441913476212	-0.0354385645994	-0.00341348996571	-0.0532018378608	1.0	0.0260611469068	0.0381366462354	0.000423321525096	-0.0142622208893	-0.00946018551137	-0.00242976685612	0.0194603092539	0.0218385684943	0.0133706390911	-0.00854174332504	-0.0276857946421	-0.0423953029495	-0.0395263387292	0.0408113696918	-0.047137221692	-0.0646852213035	-0.0337417499542	-0.0262241305821	0.0187974566937	-0.0363237768228	0.00516939456973	-0.0324016252911	-0.0182351922192	0.0107804659425	-0.0249563809579	-0.00692124842155	-0.0129077524064	0.0280359652247	-0.0131703986317	-0.0338510798165	-0.0111933573001	-0.0178278732244	0.00646869745611	-0.0368203861737	0.039958402712	0.00274213803035	-0.0623189494907	0.0243366391467	-0.00743383253171	-0.00970124473391
k__Bacteria;p__Bacteroidetes;c__Bacteroidia;o__Bacteroidales;f__Odoribacteraceae;g__Odoribacter;s__Odoribacter_splanchnicus	0.0343620361353	-0.0291924382021	0.056762253541	0.0300910433674	-0.0400394323101	-0.0229296482011	-0.0559285134632	0.0155023849354	0.00470172799077	0.0153894436602	0.0122731416301	-0.00745400154898	-0.0130012612583	-0.0067842638643	-0.0347539762032	0.0227326817844	-0.0277727096877	-0.078248781334	0.0260611469068	1.0	0.022656577228	-0.00376399140527	-0.0133406107252	-0.0235288293984	0.00305952189295	0.00161968966606	-0.0187409571263	-0.0109656822019	-0.000240821657247	0.0299341041927	0.00602737996334	0.0282479537115	-0.0478716516641	-0.0186685245724	0.016659858791	0.026250468962	0.0342643579069	-0.0105840253426	-0.051733459796	-0.0339012224813	0.0228735596588	-0.0205262216387	-0.00667408023005	-0.0694111866239	-0.0474460712286	0.0178365060087	0.0389514395561	-0.0149313790372	-0.0216038544277	-0.0038767346457	-0.011104414897	0.0106393856943	0.00652321626109	0.0305102247391	-0.0431706444978	0.0121888052523	-0.0394895144361	-0.00683292563527	0.00435434494237
k__Bacteria;p__Bacteroidetes;c__Bacteroidia;o__Bacteroidales;f__Bacteroidaceae;g__Bacteroides;s__Bacteroides_salyersiae	0.037821159208	0.0272622503337	-0.00701291641673	-0.0253936189128	0.0187848033681	-0.00112814772572	-0.0435470616505	0.0321743161745	0.03436849317	-0.0445912332534	-0.0375120722259	-0.0972978734509	0.0425731796655	0.036213228652	-0.0146287843148	0.00932175860624	-0.012276533787	0.0834004710015	0.0381366462354	0.022656577228	1.0	-0.0337041057138	-0.0287032949069	-0.013990285487	0.0484975245142	-0.0347089292858	-0.0288783828875	0.01301109706	-0.0115741005768	-0.00174405500368	0.0109207698694	-0.0137310915504	-0.00156161437225	0.0123914455668	-0.0107215125748	-0.0374412554435	-0.0470022532519	0.019766958362	0.0184897495039	0.0373020457812	-0.0768107272284	-0.028564715513	-0.03401663809	-0.0147856041079	-0.0109652691057	-0.0449364481824	0.0556662852936	0.0115050783473	-0.0440086639695	-0.0513701251699	-0.0105178731291	-0.0012506242884	0.0724078489922	-0.0202655202349	-0.0542559133472	0.0374872770611	-0.0291326854986	0.01195602583	0.0176287800988
k__Bacteria;p__Firmicutes;c__Clostridia;o__Clostridiales;f__Ruminococcaceae;g__Ruminiclostridium;s__[Eubacterium]_siraeum	0.0358130251012	0.0442242062591	-0.0209165191402	0.00564904518312	0.0121802791767	0.0197948906274	-0.000701599230646	0.0512655169818	-0.0207644518954	-0.012981083594	0.0373552547249	0.0696892514014	-0.0142748660725	0.0586823294824	0.0227419788896	-0.0294219606805	-0.0188164870395	-0.0377771146118	0.000423321525096	-0.00376399140527	-0.0337041057138	1.0	0.0074825773228	-0.0400072368053	-0.00789082949361	0.0159780878809	0.0066216255938	-0.0102694514348	-0.0485500638119	-0.0244257162358	-0.0193519730539	-0.00586742779491	0.000512116407488	-0.000676696060246	0.0161056290191	-0.0383011282543	0.0262545366864	-0.00331898942132	-0.00487218764338	-0.0195046603457	-0.0465093997345	-0.0569234820822	-0.00716971667064	0.00693375103529	0.0161960211122	-0.043441055698	0.0166122603141	0.00241998272816	-0.00994265381287	-0.0111335743836	0.0243467885817	0.057666745268	-0.021580110378	-0.00820098206084	-0.0341477128765	0.00537061831731	-0.00242582710948	-0.0293687961671	0.0217526124917
k__Bacteria;p__Proteobacteria;c__Betaproteobacteria;o__Burkholderiales;f__Sutterellaceae;g__Parasutterella;s__Parasutterella_excrementihominis	-0.0137460910454	0.0157286796344	-0.0492744734836	-0.0518698948629	-0.0043205711376	0.0170771926926	-0.0558513431125	0.00812902204195	0.030704608857	0.0508965248248	-0.000286836484187	-0.0509702960223	-0.0278003632252	-0.00971912131151	0.0652372197812	0.0491810894038	0.0479072471936	0.00228471202859	-0.0142622208893	-0.0133406107252	-0.0287032949069	0.0074825773228	1.0	0.0963272146693	-0.00793810717724	0.0613042652471	0.0313286819777	0.0216118629416	-0.0257445376972	0.0140798665657	0.0316157373208	0.0404945033763	-0.00755531474229	-0.027671500183	0.0215846112967	0.0186213757737	-0.034913883878	-0.0189202041906	-0.0157828701113	0.0232924638347	-0.029493662292	-0.0502605778228	-0.00585108061643	-0.0530610352918	-0.0430246401693	0.00411320862764	0.0188054834621	0.0325264522282	-0.0313285247876	0.022868406071	-0.04797532848	-0.013015132933	-0.055890377433	0.012027283324	-0.0194054488062	-0.0465384069268	-0.0662622955061	0.00321754791633	-0.0351184707148
k__Bacteria;p__Actinobacteria;c__Actinobacteria;o__Bifidobacteriales;f__Bifidobacteriaceae;g__Bifidobacterium;s__Bifidobacterium_adolescentis	0.0316024344533	-0.0347487790949	-0.0319399348858	-0.040174482604	0.0114709869582	-0.00293144104089	-0.0355524878558	-0.00776260856408	0.0765545678405	-0.0386878354236	-0.0755576321271	-0.018651172751	-0.027260424058	-0.0324670626411	-0.0103407631057	0.0100909439547	-0.0250457475367	0.00425889034904	-0.00946018551137	-0.0235288293984	-0.013990285487	-0.0400072368053	0.0963272146693	1.0	0.0275547139599	0.0288092409132	-0.0414451097388	-0.0287440175689	-0.000195953512911	0.00454433293514	0.0147162067053	-0.0100452014169	-0.0436112620575	0.0351832653546	-0.0216076527899	-0.0242765140898	0.0160171450128	0.0141270468151	-0.0162845975296	0.00521360333997	-0.0404994249789	-0.025024887934	0.00748319658302	-0.0362774887281	0.0297394358883	0.0105011771152	0.0277082875446	-0.000602438358803	0.0115291399724	-0.00936014554043	-0.0180589450744	-0.0280713341723	-0.00159350165385	-0.0163946798555	0.04448052928	-0.0862768959182	-0.0571546414617	0.0106809380614	0.0615010655035
k__Bacteria;p__Firmicutes;c__Clostridia;o__Clostridiales;f__Oscillospiraceae;g__Oscillibacter;s__Oscillibacter_sp._KLE_1745	-0.00133267016394	0.0148063883281	-0.0114169237802	0.0345918419655	-0.0395674749741	0.0444414670705	0.0514056097422	-0.00892850105412	0.0302345869482	0.00992695319552	0.0456938863903	-0.0470328600019	0.000124962719045	-0.00104955046112	-0.0199996727278	-0.0602547938951	-0.0058765218575	-0.0314408194835	-0.00242976685612	0.00305952189295	0.0484975245142	-0.00789082949361	-0.00793810717724	0.0275547139599	1.0	-0.0223570962986	-0.0289243399562	-0.00236621751183	0.032825868304	0.0100198701966	-0.0847072806442	-0.0298952806821	-0.0168230895169	0.0402167152246	0.0120689473111	-0.076992017555	0.0402116387215	0.0333839715835	-0.0782896889148	-0.00945711453487	0.0193089934106	-0.0144372237369	0.0283351426415	-0.00701329449142	-0.00579003858044	-0.0516214607204	-0.0165568096281	-0.0159447560338	-0.0179894021062	-0.0826351536547	-0.0109626547713	0.00993573442507	0.00629663780564	-0.00258506180982	-0.0276973784324	0.00211290859912	0.0589335586855	0.01376230247	-0.00746115575408
k__Bacteria;p__Bacteroidetes;c__Bacteroidia;o__Bacteroidales;f__Bacteroidaceae;g__Bacteroides;s__Bacteroides_coprophilus	-0.0114796746823	0.0518138145946	-0.0290617526473	0.0286802286349	-0.0416909275605	0.0185803692186	0.0196645867667	-0.0470329831473	0.030629871449	-0.0335846322465	-0.00537962872652	0.0305384678061	0.0167839522284	-0.00379255404481	0.0275310315361	-0.0029405887551	-0.00727698474767	-0.0059715909368	0.0194603092539	0.00161968966606	-0.0347089292858	0.0159780878809	0.0613042652471	0.0288092409132	-0.0223570962986	1.0	-0.0551768639157	-0.0473461971224	-0.0139218951409	-0.0107263640192	-0.0519600146865	0.0418783714868	0.0360741016516	-0.0128377314113	-0.113058178338	0.00685339219596	0.0212953430527	-0.0618643647764	-0.0029146265564	-0.0468250464315	0.000879989134309	0.0170078596879	-0.0289550291525	-0.0575239714644	-0.050237059037	0.0221450464437	0.0164873513878	-0.0159345915702	-0.0293339896269	0.0340112475386	-0.00228781884046	-0.00944781399063	0.00972170967491	0.0590709548245	0.0169788267113	-0.0490005304171	0.0118728975665	-0.0137286641894	-0.0035453933694
k__Bacteria;p__Firmicutes;c__Clostridia;o__Clostridiales;f__Lachnospiraceae;g__Roseburia;s__Roseburia_intestinalis	0.0158283579557	-0.0399762119058	0.0282914159718	-0.0272284692381	-0.0116903412797	-0.0312740980282	0.0282960391117	-0.0315078685624	-0.0210694265884	-0.0398907093391	-0.0452953420756	-0.0113993117194	0.000936857431751	-0.00473254954666	-0.012164556289	0.0253336566867	-0.0198141990654	0.0270743002837	0.0218385684943	-0.0187409571263	-0.0288783828875	0.0066216255938	0.0313286819777	-0.0414451097388	-0.0289243399562	-0.0551768639157	1.0	0.0170352172951	-0.0200394671195	0.0118510152928	0.00206329081747	-0.0328275331605	-0.00910344802872	-0.000833082164325	0.0496644541255	0.0791975158826	0.0104307556331	-0.00162621586497	-0.00169110211519	0.0196731582181	0.00946667387275	-0.00275474910868	-0.0609422592261	-0.0314104300302	-0.0111345176643	-0.00760674010643	0.0087529467199	-0.00968066491971	0.0167005630015	-0.0220300139036	0.00152991989849	-0.0121987360102	0.0151873745467	0.00348500107115	0.0140574132554	-0.0460875877614	0.00240658764052	-0.0196281004178	-0.0663105979014
k__Bacteria;p__Firmicutes;c__Clostridia;o__Clostridiales;f__Lachnospiraceae;g__Roseburia;s__Roseburia_hominis	0.0114733941106	-0.0205296090161	0.0116630137618	-0.00430073496844	-0.0233028064477	0.0149245139689	-0.00211009609102	-0.0687774413841	-0.0479675063256	-0.00952502797406	-0.0503217624458	0.0268369434781	-0.0150706356404	0.0314899879505	0.00137518021969	0.0234807883922	-0.0335532654847	0.0193182081661	0.0133706390911	-0.0109656822019	0.01301109706	-0.0102694514348	0.0216118629416	-0.0287440175689	-0.00236621751183	-0.0473461971224	0.0170352172951	1.0	0.0142035141428	0.00124738412081	0.00743976898932	-0.0847664571994	0.0218056454291	-0.0131305079106	0.0086820860858	0.000964263768791	-0.0317856532814	-0.0277566691044	-0.00559731603647	-0.0147918379894	-0.048523554131	-0.0426120852939	-0.0110067331132	0.00900433726381	-0.0251561633946	0.0459764172949	-0.00950286805568	-0.0214633656351	-0.0109070709657	0.0217266960713	0.0554899371292	0.00265004709274	0.016505462491	0.0215609343751	-0.002108964757	-0.0177561633512	0.0483539239998	-0.0226814762062	-0.00369584371871
k__Bacteria;p__Bacteroidetes;c__Bacteroidia;o__Bacteroidales;f__Porphyromonadaceae;g__Parabacteroides;s__Parabacteroides_johnsonii	0.0154539160441	0.0648385668604	-0.0315540837628	0.0290586847226	-0.0273257486246	0.0455451532891	0.0126639867751	-0.0238216328607	0.00254757046712	-0.0225989361945	-0.0446945406888	0.0219328861155	0.0407945193622	-0.0243740940335	-0.0493885139706	0.0360497344421	0.0363132691245	-0.0170582501629	-0.00854174332504	-0.000240821657247	-0.0115741005768	-0.0485500638119	-0.0257445376972	-0.000195953512911	0.032825868304	-0.0139218951409	-0.0200394671195	0.0142035141428	1.0	0.00984650409884	-0.0207988870355	0.00474903112099	-0.0199765215692	-0.0360022717752	-0.0512939290021	0.00640609041031	-0.011332043176	0.00953656279574	-0.0103859636986	-0.0556189479893	-0.0257609855831	0.0237349234708	0.0208197075487	-0.0247740413254	0.0417369167575	0.0107356881616	0.0279130112708	-0.0269588557732	-0.0116454185995	-0.00179608249568	0.0542068053014	-0.0503334880715	-0.0194884504965	0.000940281435141	0.054050575924	-0.0148855908889	0.0296431572427	0.0431266746477	0.00975423921523
k__Bacteria;p__Actinobacteria;c__Actinobacteria;o__Bifidobacteriales;f__Bifidobacteriaceae;g__Bifidobacterium;s__Bifidobacterium_longum	-0.0254919632696	0.0551679093544	0.0530173868008	0.0404902521795	-0.0672468255329	-0.0220315738377	0.0176977649245	-0.0280533635344	-0.0250331501982	-0.0102715184815	-0.00721769774653	0.0240239063919	-0.0340591054965	0.0263164246091	-0.0273152303934	-0.00404546427751	-0.0668421592584	0.0169428561302	-0.0276857946421	0.0299341041927	-0.00174405500368	-0.0244257162358	0.0140798665657	0.00454433293514	0.0100198701966	-0.0107263640192	0.0118510152928	0.00124738412081	0.00984650409884	1.0	-0.00729593935991	-0.0132644573789	0.0669495471286	-0.0177523984672	0.0092865478509	0.0195049764794	-0.0172380129525	0.0232234191353	2.50893221811e-05	0.0191639799105	-0.0543052091218	-0.0172179812973	0.0310148789165	-0.0852282554492	-0.00829445888033	-0.086125022531	0.016557043315	0.0579684978749	0.0286177042761	-0.0665822150103	-0.0251561214934	-0.0206342127874	0.0124845765462	-0.0723518056642	-0.0236887570424	0.0073091438381	0.011577536355	-0.0276121527546	-0.0232374200035
