#taxonomy	k__Bacteria;p__Bacteroidetes;c__Bacteroidia;o__Bacteroidales;f__Bacteroidaceae;g__Bacteroides;s__Bacteroides_vulgatus	k__Bacteria;p__Bacteroidetes;c__Bacteroidia;o__Bacteroidales;f__Bacteroidaceae;g__Bacteroides;s__Bacteroides_uniformis	k__Bacteria;p__Bacteroidetes;c__Bacteroidia;o__Bacteroidales;f__Rikenellaceae;g__Alistipes;s__Alistipes_putredinis	k__Bacteria;p__Bacteroidetes;c__Bacteroidia;o__Bacteroidales;f__Prevotellaceae;g__Prevotella;s__Prevotella_copri	k__Bacteria;p__Bacteroidetes;c__Bacteroidia;o__Bacteroidales;f__Bacteroidaceae;g__Bacteroides;s__Bacteroides_stercoris	k__Bacteria;p__Bacteroidetes;c__Bacteroidia;o__Bacteroidales;f__Bacteroidaceae;g__Bacteroides;s__Bacteroides_ovatus	k__Bacteria;p__Bacteroidetes;c__Bacteroidia;o__Bacteroidales;f__Rikenellaceae;g__Alistipes;s__Alistipes_shahii	k__Bacteria;p__Firmicutes;c__Clostridia;o__Clostridiales;f__Ruminococcaceae;g__Faecalibacterium;s__Faecalibacterium_prausnitzii	k__Bacteria;p__Bacteroidetes;c__Bacteroidia;o__Bacteroidales;f__Rikenellaceae;g__Alistipes;s__Alistipes_finegoldii	k__Bacteria;p__Bacteroidetes;c__Bacteroidia;o__Bacteroidales;f__Porphyromonadaceae;g__Parabacteroides;s__Parabacteroides_distasonis	k__Bacteria;p__Bacteroidetes;c__Bacteroidia;o__Bacteroidales;f__Bacteroidaceae;g__Bacteroides;s__Bacteroides_thetaiotaomicron	k__Bacteria;p__Bacteroidetes;c__Bacteroidia;o__Bacteroidales;f__Bacteroidaceae;g__Bacteroides;s__Bacteroides_coprocola	k__Bacteria;p__Bacteroidetes;c__Bacteroidia;o__Bacteroidales;f__Bacteroidaceae;g__Bacteroides;s__Bacteroides_cellulosilyticus	k__Bacteria;p__Bacteroidetes;c__Bacteroidia;o__Bacteroidales;f__Rikenellaceae;g__Alistipes;s__Alistipes_obesi	k__Bacteria;p__Firmicutes;c__Clostridia;o__Clostridiales;f__Lachnospiraceae;g__;s__[Eubacterium]_rectale	k__Bacteria;p__Bacteroidetes;c__Bacteroidia;o__Bacteroidales;f__Bacteroidaceae;g__Bacteroides;s__Bacteroides_plebeius	k__Bacteria;p__Bacteroidetes;c__Bacteroidia;o__Bacteroidales;f__Bacteroidaceae;g__Bacteroides;s__Bacteroides_fragilis	k__Bacteria;p__Proteobacteria;c__Betaproteobacteria;o__Burkholderiales;f__Sutterellaceae;g__Sutterella;s__Sutterella_wadsworthensis	k__Bacteria;p__Bacteroidetes;c__Bacteroidia;o__Bacteroidales;f__Porphyromonadaceae;g__Barnesiella;s__Barnesiella_intestinihominis	k__Bacteria;p__Bacteroidetes;c__Bacteroidia;o__Bacteroidales;f__Odoribacteraceae;g__Odoribacter;s__Odoribacter_splanchnicus	k__Bacteria;p__Bacteroidetes;c__Bacteroidia;o__Bacteroidales;f__Bacteroidaceae;g__Bacteroides;s__Bacteroides_salyersiae	k__Bacteria;p__Firmicutes;c__Clostridia;o__Clostridiales;f__Ruminococcaceae;g__Ruminiclostridium;s__[Eubacterium]_siraeum	k__Bacteria;p__Proteobacteria;c__Betaproteobacteria;o__Burkholderiales;f__Sutterellaceae;g__Parasutterella;s__Parasutterella_excrementihominis	k__Bacteria;p__Actinobacteria;c__Actinobacteria;o__Bifidobacteriales;f__Bifidobacteriaceae;g__Bifidobacterium;s__Bifidobacterium_adolescentis	k__Bacteria;p__Firmicutes;c__Clostridia;o__Clostridiales;f__Oscillospiraceae;g__Oscillibacter;s__Oscillibacter_sp._KLE_1745	k__Bacteria;p__Bacteroidetes;c__Bacteroidia;o__Bacteroidales;f__Bacteroidaceae;g__Bacteroides;s__Bacteroides_coprophilus	k__Bacteria;p__Firmicutes;c__Clostridia;o__Clostridiales;f__Lachnospiraceae;g__Roseburia;s__Roseburia_intestinalis	k__Bacteria;p__Firmicutes;c__Clostridia;o__Clostridiales;f__Lachnospiraceae;g__Roseburia;s__Roseburia_hominis	k__Bacteria;p__Bacteroidetes;c__Bacteroidia;o__Bacteroidales;f__Porphyromonadaceae;g__Parabacteroides;s__Parabacteroides_johnsonii	k__Bacteria;p__Actinobacteria;c__Actinobacteria;o__Bifidobacteriales;f__Bifidobacteriaceae;g__Bifidobacterium;s__Bifidobacterium_longum	k__Bacteria;p__Firmicutes;c__Clostridia;o__Clostridiales;f__;g__Flavonifractor;s__Flavonifractor_plautii	k__Bacteria;p__Firmicutes;c__Clostridia;o__Clostridiales;f__Clostridiaceae;g__Clostridium;s__Clostridium_phoceensis	k__Bacteria;p__Verrucomicrobia;c__Verrucomicrobiae;o__Verrucomicrobiales;f__Akkermansiaceae;g__Akkermansia;s__Akkermansia_muciniphila	k__Bacteria;p__Bacteroidetes;c__Bacteroidia;o__Bacteroidales;f__Prevotellaceae;g__Paraprevotella;s__Paraprevotella_xylaniphila	k__Bacteria;p__Firmicutes;c__Clostridia;o__Clostridiales;f__Ruminococcaceae;g__Ruminococcus;s__Ruminococcus_callidus	k__Bacteria;p__Bacteroidetes;c__Bacteroidia;o__Bacteroidales;f__Rikenellaceae;g__Alistipes;s__Alistipes_senegalensis	k__Bacteria;p__Firmicutes;c__Clostridia;o__Clostridiales;f__Lachnospiraceae;g__Blautia;s__Blautia_sp._KLE_1732	k__Bacteria;p__Bacteroidetes;c__Bacteroidia;o__Bacteroidales;f__Bacteroidaceae;g__Bacteroides;s__Bacteroides_oleiciplenus	k__Bacteria;p__Firmicutes;c__Clostridia;o__Clostridiales;f__Ruminococcaceae;g__Ruminococcus;s__Ruminococcus_bicirculans	k__Bacteria;p__Bacteroidetes;c__Bacteroidia;o__Bacteroidales;f__Bacteroidaceae;g__Bacteroides;s__Bacteroides_fluxus	k__Bacteria;p__Bacteroidetes;c__Bacteroidia;o__Bacteroidales;f__Prevotellaceae;g__Prevotella;s__Prevotella_stercorea	k__Bacteria;p__Firmicutes;c__Clostridia;o__Clostridiales;f__Lachnospiraceae;g__Dorea;s__Dorea_longicatena	k__Bacteria;p__Firmicutes;c__Clostridia;o__Clostridiales;f__Eubacteriaceae;g__Eubacterium;s__[Eubacterium]_eligens	k__Bacteria;p__Firmicutes;c__Clostridia;o__Clostridiales;f__Ruminococcaceae;g__;s__Ruminococcaceae_bacterium_D16	k__Bacteria;p__Firmicutes;c__Clostridia;o__Clostridiales;f__Lachnospiraceae;g__Coprococcus;s__Coprococcus_comes	k__Bacteria;p__Proteobacteria;c__Gammaproteobacteria;o__Enterobacterales;f__Enterobacteriaceae;g__Escherichia;s__Escherichia_coli	k__Bacteria;p__Firmicutes;c__Clostridia;o__Clostridiales;f__Ruminococcaceae;g__Anaerotruncus;s__Anaerotruncus_colihominis	k__Bacteria;p__Firmicutes;c__Clostridia;o__Clostridiales;f__Lachnospiraceae;g__Blautia;s__Blautia_obeum	k__Bacteria;p__Bacteroidetes;c__Bacteroidia;o__Bacteroidales;f__Odoribacteraceae;g__Odoribacter;s__Odoribacter_laneus	k__Bacteria;p__Firmicutes;c__Clostridia;o__Clostridiales;f__Ruminococcaceae;g__Ruminiclostridium;s__[Clostridium]_leptum	k__Bacteria;p__Bacteroidetes;c__Bacteroidia;o__Bacteroidales;f__Porphyromonadaceae;g__Parabacteroides;s__Parabacteroides_goldsteinii	k__Bacteria;p__Firmicutes;c__Clostridia;o__Clostridiales;f__Lachnospiraceae;g__Anaerostipes;s__Anaerostipes_hadrus	k__Bacteria;p__Firmicutes;c__Clostridia;o__Clostridiales;f__Ruminococcaceae;g__Ruminococcus;s__Ruminococcus_lactaris	k__Bacteria;p__Firmicutes;c__Clostridia;o__Clostridiales;f__Clostridiaceae;g__Clostridium;s__Clostridium_sp._L2-50	k__Bacteria;p__Firmicutes;c__Clostridia;o__Clostridiales;f__Clostridiaceae;g__Clostridium;s__Clostridium_sp._M62/1	k__Bacteria;p__Firmicutes;c__Clostridia;o__Clostridiales;f__;g__Intestinimonas;s__Intestinimonas_butyriciproducens	k__Bacteria;p__Actinobacteria;c__Actinobacteria;o__Bifidobacteriales;f__Bifidobacteriaceae;g__Bifidobacterium;s__Bifidobacterium_bifidum	k__Bacteria;p__Firmicutes;c__Negativicutes;o__Veillonellales;f__Veillonellaceae;g__Dialister;s__Dialister_invisus	k__Bacteria;p__Bacteroidetes;c__Bacteroidia;o__Bacteroidales;f__Bacteroidaceae;g__Bacteroides;s__Bacteroides_salanitronis
k__Bacteria;p__Bacteroidetes;c__Bacteroidia;o__Bacteroidales;f__Bacteroidaceae;g__Bacteroides;s__Bacteroides_vulgatus	1.0	-0.0214282294041	0.00307293481375	0.013118570142	0.0185234577584	0.000812500425447	-0.0182808581381	0.0132148106837	0.00831971789282	0.0391702825208	-0.00170870265656	0.0221750989507	0.00618186623208	-0.0224776788427	0.00900296141653	-0.0413077138742	0.0340177359125	-0.0255975197432	-0.00979062168596	-0.0512853348248	-0.0508907730659	0.0418595130088	0.0286008656353	0.00328136943873	-0.00480792841119	0.0256142340355	-0.0475519289939	-0.0597027792051	-0.029676711369	0.0335096123287	-0.0350190049688	0.0156974311924	0.0275097956729	0.011374067724	-0.0045936735528	0.000661371584096	-0.0240186535853	0.0373934236476	-0.027770195456	0.0152672202419	0.0284813455926	-0.0245978865118	-0.060046738647	-0.0721987898458	0.0232213882814	0.0314069245613	0.0386738247744	-0.038391233644	-0.0556847816249	0.00163177595829	-0.0546674418533	-0.0665925350111	-0.0349737245015	0.0651428469831	-0.0399575329898	-0.000679185743636	-0.0333098702635	-0.0656856679655	0.00943200613854
k__Bacteria;p__Bacteroidetes;c__Bacteroidia;o__Bacteroidales;f__Bacteroidaceae;g__Bacteroides;s__Bacteroides_uniformis	-0.0214282294041	1.0	0.0624448155517	-0.0574051738125	-0.0365430657789	0.00525356518367	-0.0424690640262	-0.0351726662324	0.0507645554309	-0.0196063113723	-0.023718930073	-0.0506587192558	0.00958400166969	0.0229499096604	-0.0751567317178	-0.00386892945987	0.0411980527962	0.0127688743839	0.0525287416667	0.0532046781411	0.017373831895	-0.0159319935504	-0.0229977206876	0.0492705065795	-0.034579312703	-0.0228332417544	-0.0326587602438	0.0368660259271	0.0145314217733	-0.00193429401485	-0.00535769648827	-0.046217160585	-0.0400208386956	0.0252745073328	-0.0414871079055	-0.0690778358834	-0.00699933161849	0.00717768022856	-0.0116977834425	-0.0354079411905	0.00531423243486	-0.0178600513667	-0.00428139907737	-0.0126917359729	-0.00542330481911	0.0058057819457	-0.0402334701963	-0.0375420063957	-0.0363925817987	-0.0186183392264	0.0354884722689	0.0692765091182	-0.0307720138604	-0.0117396811293	0.00710639015926	0.0273214445894	-0.0218095864967	0.00414189036463	-0.0493022342477
k__Bacteria;p__Bacteroidetes;c__Bacteroidia;o__Bacteroidales;f__Rikenellaceae;g__Alistipes;s__Alistipes_putredinis	0.00307293481375	0.0624448155517	1.0	0.0269134895742	-0.0601378407038	0.00773162313563	0.005945414681	-0.014146077051	-0.0123775317181	0.0153391394082	-0.0114173008502	0.0738529050069	-0.0571065837267	0.0263921389626	0.0404900545399	-0.00222128855336	-0.0311391561066	0.0394178443683	-0.0709334456096	0.00308964502123	-0.0147331756553	0.00330607659411	-0.0144951175337	0.000801898929065	0.0181528066786	-0.0308024017052	-0.0539103547346	-0.0370169597485	-0.0411504717697	-0.0180176699218	-0.016623872532	-0.0160110166902	-0.0321457890681	-0.00637961477931	0.0347873798215	0.0235053895184	-0.0375405117705	0.0322872475183	0.0551844197129	-0.0226041748207	0.000416960921781	0.0048285929533	0.00621984105623	0.00905649597266	-0.0441151892169	0.0447565571661	-0.00376922574639	-0.0145455788713	-0.00221657026598	-0.0495788501638	0.0127248598347	-0.00369848555243	-0.00195748262152	-0.0159858915508	-0.0457415995074	-0.00158925799635	-0.0702603586275	0.0366142481117	-0.00739695142215
k__Bacteria;p__Bacteroidetes;c__Bacteroidia;o__Bacteroidales;f__Prevotellaceae;g__Prevotella;s__Prevotella_copri	0.013118570142	-0.0574051738125	0.0269134895742	1.0	0.0100627759289	-0.0531097737994	0.0282937134172	0.0146732962549	0.061733569867	0.0238858678026	-0.0500898750353	0.0235242682357	-0.0277694578953	0.0109902496854	0.0275622379253	-0.0503081849437	-0.0237539136958	-0.0211963696848	-0.0271590598714	0.0324764073646	-0.0588564023215	0.0283297643655	-0.0167462733044	0.0227074069271	0.00582355347639	-0.00263441018757	0.0282760073575	0.010425987475	-0.00114146216042	0.0103719835549	-0.0303029306602	-0.0195070840301	0.0249087465536	0.0287326404573	-0.0697309971653	-0.0358931126764	-0.0571164975937	-0.04310478575	-0.00032470586783	0.0206259601615	-0.0370393616377	-0.0594015637159	-0.063575464634	-0.00148333243423	0.00505855246521	-0.0530348791517	0.0350835923137	-0.0455860604517	0.00813211994765	-0.015085867276	-0.0340439701591	0.0102386607908	-0.00200905634809	-0.0273877035064	-0.021185126788	-0.0163962368478	0.0172914205865	0.0203981687978	-0.0630661065709
k__Bacteria;p__Bacteroidetes;c__Bacteroidia;o__Bacteroidales;f__Bacteroidaceae;g__Bacteroides;s__Bacteroides_stercoris	0.0185234577584	-0.0365430657789	-0.0601378407038	0.0100627759289	1.0	-0.0247033963759	0.0160404480809	0.00974231469911	-0.0202550272849	-0.0221245932877	0.000237945629874	0.00491963477444	-0.0150951424831	0.0103125572057	-0.0263370884004	0.0040580527229	0.0439594666653	-0.0133571933657	-0.0327691633647	-0.0325816283898	-0.0509551682479	0.0202758011568	-0.0523564808363	0.0411198466883	-0.00099816270817	0.0027917145191	-0.00724067833459	-0.0165263294556	-0.0220951001777	0.0182688571799	0.00931391300818	-0.042890699409	0.0167757905286	-0.00473911427424	0.0438329492881	-0.00257771551498	-0.0335873302185	-0.0286549574377	-0.00364163609837	-0.0353185874145	-0.0054754562482	-0.0138433397508	0.016474781384	-0.0342427040751	0.00554784817934	-0.00784141656083	0.00864357049295	-0.000591378215671	0.0303194536705	-0.0802873535042	0.00199179829341	-0.00904084530669	-0.0539738845047	0.031087424294	0.0162203596485	-0.041700613541	0.0266489740796	0.0250703826907	0.016227124046
k__Bacteria;p__Bacteroidetes;c__Bacteroidia;o__Bacteroidales;f__Bacteroidaceae;g__Bacteroides;s__Bacteroides_ovatus	0.000812500425447	0.00525356518367	0.00773162313563	-0.0531097737994	-0.0247033963759	1.0	-0.00681947489932	-0.0297204477209	-0.0335545454212	0.0105547575134	0.0381397484475	-0.0265175440559	0.0213168074283	0.000101267833678	-0.0279441136261	-0.0739163491868	-0.070970816655	0.00641711620312	0.0901653615269	-0.0843193104394	-0.0150775597484	0.0292141333828	0.0426513797009	9.46280732471e-05	-0.00671701472107	-0.0373227950684	-0.0444189226078	-0.0324517816905	-0.0139658018095	0.0566583505695	-0.0121823835986	-0.0234251599703	-0.0707431064048	-0.00100964468367	0.0256521396236	-0.0252383052756	0.0106735408626	-0.0127671325182	-0.0258141718056	-0.0011808313289	-0.00476006109935	0.0190267795674	0.0328236188362	0.0122488233409	0.00340030138871	-0.0383713585029	-0.0164563234021	-0.00799229399333	0.00922760052233	-0.023770119699	-0.046427023841	-0.00843522639212	-0.019379610135	-0.0123176084199	0.0072004688753	-0.0182427054748	-0.00638050776645	0.0372356449558	0.0087867292212
k__Bacteria;p__Bacteroidetes;c__Bacteroidia;o__Bacteroidales;f__Rikenellaceae;g__Alistipes;s__Alistipes_shahii	-0.0182808581381	-0.0424690640262	0.005945414681	0.0282937134172	0.0160404480809	-0.00681947489932	1.0	-0.0182336044539	0.00467414533609	0.0637494492311	-0.00919896991245	0.0467250445649	-0.0397418478094	-0.0316488931729	-0.00761361040117	0.00728748472439	-0.0688261554902	0.0536475918213	-0.0478148612728	0.0297160525864	0.012551522222	-0.0407284130592	0.0166393831753	0.0532731768488	4.51243745603e-05	-0.0306158666794	-0.0425070853414	0.0767266755016	-0.0134094810002	0.00482935028346	0.0227872541718	0.0266386429526	-0.0100940952823	0.00382298674586	-0.0413595493936	-0.0106863000965	-0.0156881781664	-0.0245210181181	0.0358830441294	0.0255342479642	0.0129665563446	-0.0306592018912	-0.0263669318747	0.025039243327	0.000664644451328	-0.0439219749851	-0.0234988375714	-0.0286782900625	-0.0263706450277	0.0120659904807	0.0143231001939	-0.0300743972392	0.023412810678	-0.0804517835884	-0.0177355266281	-0.0397286020279	0.0075148587814	0.0111422839684	0.00386485479237
k__Bacteria;p__Firmicutes;c__Clostridia;o__Clostridiales;f__Ruminococcaceae;g__Faecalibacterium;s__Faecalibacterium_prausnitzii	0.0132148106837	-0.0351726662324	-0.014146077051	0.0146732962549	0.00974231469911	-0.0297204477209	-0.0182336044539	1.0	-0.0457312273778	-0.00375775465265	-0.0122112903005	-0.0691056856675	-0.0327102561486	-0.00714506384095	0.0110703270118	0.00157238069419	-0.0299415511947	-0.0237579427019	-0.0544252784214	0.0195407592242	0.0796115871481	-0.0114591492764	-0.00927933858318	-0.0236859981067	-0.0502873072127	-0.00836856364349	0.0215888272037	0.0418998589737	-0.00372378146561	-0.00666736236307	0.0206403236698	7.55774432034e-06	0.0317711671151	0.0175410044909	-0.0456136189604	0.00671178375248	-0.0189166516762	0.0374770014812	-0.0437660134488	0.042346709044	-0.00952921559663	0.00543350859961	0.020246796274	-0.00820598153953	-0.0227965868858	-0.0097923989755	-0.0820731727356	0.0142160049812	-0.0295834343912	0.0200054815357	-0.0405577666863	-0.0644505650191	-0.0265596380035	-0.0504649729164	0.00898446503832	0.000867918686933	0.0293592947126	-0.032932435796	-0.0247651775056
k__Bacteria;p__Bacteroidetes;c__Bacteroidia;o__Bacteroidales;f__Rikenellaceae;g__Alistipes;s__Alistipes_finegoldii	0.00831971789282	0.0507645554309	-0.0123775317181	0.061733569867	-0.0202550272849	-0.0335545454212	0.00467414533609	-0.0457312273778	1.0	-0.0329951877769	0.0607643402658	0.00762920211982	0.058817749402	0.00236918189592	-0.0606976409876	0.0215162834118	-0.0281241929108	-0.0508645989531	0.0191441307452	-0.0420356033374	-0.00288928056232	0.0225397935707	-0.0272139446209	0.0173953246532	-0.0557034837258	-0.0520717518954	-0.0540338397809	0.0200494343988	-0.00713842499444	0.0279424677942	-0.0330721735679	0.026707469851	0.0192048925347	-0.00881444878104	0.0426089934253	0.0248030336225	-0.0167253397566	0.0143104412626	0.00423194284063	-0.0684854041759	0.0545336069835	-0.0474025410535	-0.0458516518773	0.0447980768209	-0.0654030265549	-0.038540334112	-0.0354970255803	-0.0211301475763	-0.00509898849084	0.0218509672464	-0.00629276592209	-0.0274705818434	-0.0832820375497	0.0299515633497	-0.00989463858028	0.015314348912	-0.0485647904619	-0.0373402927265	0.0150063368445
k__Bacteria;p__Bacteroidetes;c__Bacteroidia;o__Bacteroidales;f__Porphyromonadaceae;g__Parabacteroides;s__Parabacteroides_distasonis	0.0391702825208	-0.0196063113723	0.0153391394082	0.0238858678026	-0.0221245932877	0.0105547575134	0.0637494492311	-0.00375775465265	-0.0329951877769	1.0	0.00942111347356	-0.00634580671152	0.00289290121915	-0.0325573679888	-0.0104641551767	0.0377101050285	-0.0570284582929	-0.0121465807578	0.00388644666583	0.027203276856	0.0157738068097	-0.0090011806678	-0.0560012154198	0.00226869784325	-0.0920825086881	0.0092352566526	-0.0165824435796	0.0138056333394	-0.0160813286733	-0.0117267246356	-0.0166541691882	0.0433722665149	0.0220900818311	0.00397993516084	-0.0750001841861	0.0276706643848	0.000993342571361	-0.0347297724665	-0.00141099095936	-0.0416810407765	-0.0118240856064	-0.0577075431758	0.0319872341603	-0.0354340211827	0.0164297545651	-0.00145118863817	-0.00898307446388	0.0160470892814	-0.0106319221035	-0.00877252302419	0.0426219309245	0.0701912126996	-0.00157597295754	0.0126075870795	0.0285983767057	-0.0107513897472	0.0298209781385	-0.0490061402554	-0.0125425729319
k__Bacteria;p__Bacteroidetes;c__Bacteroidia;o__Bacteroidales;f__Bacteroidaceae;g__Bacteroides;s__Bacteroides_thetaiotaomicron	-0.00170870265656	-0.023718930073	-0.0114173008502	-0.0500898750353	0.000237945629874	0.0381397484475	-0.00919896991245	-0.0122112903005	0.0607643402658	0.00942111347356	1.0	-0.0317676243115	-0.0210646926069	0.0120598709727	-0.111921706419	0.00299469306364	0.0185277823081	-0.0530395739044	-0.0640135692433	-0.00613594809491	-0.014427565501	-0.0329794953728	-0.0272226486034	-0.0117508277698	0.0252143612665	0.0452748880501	0.0210478146356	0.113013804437	-0.00226079186031	0.0173417484123	-0.00685359986753	-0.0316308282474	-0.0436991503974	-0.0390984666887	-0.0406218046777	-0.00374710634867	0.00158594407424	-0.00327756584122	-0.017418406386	-0.0277932358324	0.0453929673875	-0.0460655267501	0.00878527074026	-0.0400809713618	0.0571833409529	0.0115120367172	-0.0321755172279	0.0213703757763	-0.0389120714507	-0.00246385034718	-0.00508995645326	0.0737423741502	0.0292337069361	-0.0169862751525	0.00732330677634	0.0175648111011	0.0956086746947	0.0191480300971	-0.00871150918073
k__Bacteria;p__Bacteroidetes;c__Bacteroidia;o__Bacteroidales;f__Bacteroidaceae;g__Bacteroides;s__Bacteroides_coprocola	0.0221750989507	-0.0506587192558	0.0738529050069	0.0235242682357	0.00491963477444	-0.0265175440559	0.0467250445649	-0.0691056856675	0.00762920211982	-0.00634580671152	-0.0317676243115	1.0	-0.0559397590622	-0.0298830705134	-0.0293354261739	-0.0319598358931	-0.0480102516487	-0.00674908315918	-0.0175764131929	0.00385219446927	0.00227745278407	-0.0335434675829	0.0272905158979	0.0297010026882	-0.0205903319382	0.0249663302625	0.00471265856462	0.0333914270746	0.0154338446145	-0.0169125249207	0.0347633150006	-0.00231082909173	0.0263959938422	-0.016654943735	-0.0315686902076	0.00386062926351	-0.0498686369259	-0.00759268202886	0.00667395497736	-0.0188083363875	-0.0525548870955	-0.0135957498155	-0.0219056882139	0.0174578444333	-0.0381588358126	-0.00019061389176	0.0046393830395	0.0404190971064	0.0316540867124	-0.0367401605533	-0.0227644212604	-0.0562217412502	-0.058690986368	0.0100792393448	-0.0152026332716	-0.0360551135247	0.0191389672426	-0.0933052879972	-0.0176568101251
k__Bacteria;p__Bacteroidetes;c__Bacteroidia;o__Bacteroidales;f__Bacteroidaceae;g__Bacteroides;s__Bacteroides_cellulosilyticus	0.00618186623208	0.00958400166969	-0.0571065837267	-0.0277694578953	-0.0150951424831	0.0213168074283	-0.0397418478094	-0.0327102561486	0.058817749402	0.00289290121915	-0.0210646926069	-0.0559397590622	1.0	0.00818417799973	-0.0316409796916	-0.0104322499283	0.0121773508865	-0.0506294143092	0.0302775864207	-0.0375470750475	-0.0292108270342	-0.0544626675398	-0.0225614268484	0.0298243725003	0.0273588614703	0.00991115912522	0.0452412163335	-0.00774862500097	0.0319672341158	-0.0296851141162	-0.074916105682	-0.0209222233518	0.000295031497269	-0.00286656604509	0.00826827276741	0.0233514372609	-0.00947647785453	0.0109912993821	0.0289507268809	0.009354493793	-0.0529220572514	-0.0296373851039	-0.0166649678469	-0.0358005089653	0.0539568641903	-0.000762507367184	-0.0340513369343	-0.0764960471229	0.0145893988861	-0.0239814167494	-0.0168568667948	0.0093419093912	0.0231056142696	0.00291786314935	-0.00455641762847	-0.0285970495385	-0.00733655528477	0.0400124825471	-0.00338169730165
k__Bacteria;p__Bacteroidetes;c__Bacteroidia;o__Bacteroidales;f__Rikenellaceae;g__Alistipes;s__Alistipes_obesi	-0.0224776788427	0.0229499096604	0.0263921389626	0.0109902496854	0.0103125572057	0.000101267833678	-0.0316488931729	-0.00714506384095	0.00236918189592	-0.0325573679888	0.0120598709727	-0.0298830705134	0.00818417799973	1.0	-0.00506335406408	-0.0259355899867	-0.017553383794	0.0299586290411	-0.0381721230583	0.0575007467909	-0.0465614572762	-0.0876837426654	0.0127681888573	-0.0303402304116	0.0396707054416	-0.011233717887	-0.0426184798935	-0.0331181777047	-0.0358447383708	0.00632173294777	0.0282498013001	0.0335491338491	-0.00973488930189	0.021385729934	0.0116905638248	-0.0465248798333	0.0354763388331	-0.04750817392	0.00579120185457	-0.0110584681091	-0.00360597831818	-0.0361720584053	-0.00218619604161	-0.000458709256693	-0.0129290761314	0.0309292836973	-0.0131448037956	-0.0375656612302	-0.0465362101625	0.0156330798477	0.00679918467281	-0.0515684537858	0.0231440647319	0.000611838425211	-0.0319611355031	0.0422060192404	-0.0335961734186	0.0242994128162	-0.0338998891675
k__Bacteria;p__Firmicutes;c__Clostridia;o__Clostridiales;f__Lachnospiraceae;g__;s__[Eubacterium]_rectale	0.00900296141653	-0.0751567317178	0.0404900545399	0.0275622379253	-0.0263370884004	-0.0279441136261	-0.00761361040117	0.0110703270118	-0.0606976409876	-0.0104641551767	-0.111921706419	-0.0293354261739	-0.0316409796916	-0.00506335406408	1.0	-0.0255402327517	-0.00967297952739	0.00198624231633	-0.0390385114371	0.00486818036563	0.0427476445596	-0.0181116190583	-0.025631358683	-0.0314965248021	0.0225154932533	-0.0202927301838	-0.00205300487984	-0.0142086754516	-0.0295143311229	-0.0213650577485	0.0507003273433	0.0191610561218	0.0505262265327	0.0253332795262	0.0148907167749	-0.0600247773791	-0.00178556233366	0.00408934990777	0.0190451161751	0.0147350789147	0.036823037491	-0.0218803332868	0.000358622026958	-0.0249723605124	-0.0042659678356	0.0228606175774	0.0397948002775	0.0104369033982	0.000483844569324	-0.0102377334408	-0.0729690993983	-0.0303606209705	0.0237104430628	-0.0311000910718	0.05443282129	-0.0575520630615	0.0427657959078	0.0365692293134	-0.0115409930923
k__Bacteria;p__Bacteroidetes;c__Bacteroidia;o__Bacteroidales;f__Bacteroidaceae;g__Bacteroides;s__Bacteroides_plebeius	-0.0413077138742	-0.00386892945987	-0.00222128855336	-0.0503081849437	0.0040580527229	-0.0739163491868	0.00728748472439	0.00157238069419	0.0215162834118	0.0377101050285	0.00299469306364	-0.0319598358931	-0.0104322499283	-0.0259355899867	-0.0255402327517	1.0	-0.00647669751181	-0.0384854182561	-0.0646665702089	0.0105959178124	0.0043446142751	-0.0347969750737	-0.0391627470325	-0.0193100108309	-0.0238629352983	0.0310183964491	0.003401256995	-0.0109713721234	0.0242747914104	-0.0351867539712	-0.039236277317	0.0799036528913	-0.0211475521623	-0.0183372051395	0.00328269626508	-0.0317374802132	-0.0258672977798	-0.0294689845084	0.0572295797822	0.0441665335627	-0.0584438989455	-0.0358928049802	-0.0355657038669	0.0984011068266	0.019187132238	-0.0187205036652	0.0609401832713	-0.0692210998066	0.0482144648271	0.0169206549634	0.0524285336803	0.00260279795007	-0.00582909424536	-0.024220874995	0.0615727511737	0.0251068030935	-0.0656676679125	-0.0459261462562	0.0117356390304
k__Bacteria;p__Bacteroidetes;c__Bacteroidia;o__Bacteroidales;f__Bacteroidaceae;g__Bacteroides;s__Bacteroides_fragilis	0.0340177359125	0.0411980527962	-0.0311391561066	-0.0237539136958	0.0439594666653	-0.070970816655	-0.0688261554902	-0.0299415511947	-0.0281241929108	-0.0570284582929	0.0185277823081	-0.0480102516487	0.0121773508865	-0.017553383794	-0.00967297952739	-0.00647669751181	1.0	-0.0377787807793	-0.0116096870108	-0.0379777422522	-0.0238377754484	-0.00473335180647	0.0225880007375	-0.0343573916177	-0.0183790469657	0.0142445960603	-0.0258170064033	-0.0404266482346	0.0299774914989	0.0261521810441	-0.0126050811453	8.53575968658e-06	-0.0721653697719	-0.0733618832218	0.0234885397864	-0.0345141237785	0.00892829553409	0.0218217185149	-0.0269894748836	-0.0117467690869	-0.0211137058994	0.0157166651854	-0.064933127928	-0.052225637769	-0.0227288542148	0.0160330267252	0.0420099934071	0.0108262592543	0.0143048440356	-0.00906886978688	0.0348543374103	0.0436066800914	-0.0329273558539	-0.0536538819961	-0.0255892288567	0.000394382715423	0.00460140893008	0.0102371206515	0.00747869202417
k__Bacteria;p__Proteobacteria;c__Betaproteobacteria;o__Burkholderiales;f__Sutterellaceae;g__Sutterella;s__Sutterella_wadsworthensis	-0.0255975197432	0.0127688743839	0.0394178443683	-0.0211963696848	-0.0133571933657	0.00641711620312	0.0536475918213	-0.0237579427019	-0.0508645989531	-0.0121465807578	-0.0530395739044	-0.00674908315918	-0.0506294143092	0.0299586290411	0.00198624231633	-0.0384854182561	-0.0377787807793	1.0	-0.00940772825907	-0.0144600433012	-0.0050497739743	0.0223152449749	-0.0359250274271	0.037632356974	0.0681228620607	-0.0440675280667	0.00433906691008	-0.0456095276023	-0.0201637615276	0.0123631514059	-0.00684906191085	0.036898718717	-0.00314875742495	-0.00562996981787	0.0136818367709	-0.0551045952626	0.0602843728608	-0.0415660862006	-0.00892705931549	-0.0433051641655	-0.0391901441749	-0.0101815175551	0.0400268492069	0.0561395723244	-0.0630384221638	0.0343727180689	-0.00676251678427	-0.0337483559256	0.0382768079701	-0.00209804481494	-0.0406584167956	-0.0118899956924	-0.0497431486027	0.0158258683482	-0.00901667605545	0.0166593235609	-0.0347019240799	-0.0356056111846	-0.0135167691205
k__Bacteria;p__Bacteroidetes;c__Bacteroidia;o__Bacteroidales;f__Porphyromonadaceae;g__Barnesiella;s__Barnesiella_intestinihominis	-0.00979062168596	0.0525287416667	-0.0709334456096	-0.0271590598714	-0.0327691633647	0.0901653615269	-0.0478148612728	-0.0544252784214	0.0191441307452	0.00388644666583	-0.0640135692433	-0.0175764131929	0.0302775864207	-0.0381721230583	-0.0390385114371	-0.0646665702089	-0.0116096870108	-0.00940772825907	1.0	-0.0330608841731	0.00621008308947	0.0110228104181	0.0763704470812	0.0059786262805	0.0203003343542	-0.029479866289	-0.0778295959592	-0.00161089981165	0.0230580780234	0.056547453918	-0.0483266721828	-0.00606222664594	0.00831783530116	-0.0696597462373	-0.0155144808452	0.0470020714306	-0.0450090944225	-0.0186296727244	0.00124645943093	0.00623304241778	-0.0087722158097	-0.0558092279227	0.0116492369932	-0.00160836180348	-0.0456987066698	0.0414945204567	0.0101739468734	-0.0311418423658	-0.00842436896963	-0.0114515789918	-0.00632670397066	0.00516608186946	-0.0239535877282	-0.051509274115	-0.0228858116382	0.00762130061964	-0.0356835570679	0.00394738156882	-0.0573849940842
k__Bacteria;p__Bacteroidetes;c__Bacteroidia;o__Bacteroidales;f__Odoribacteraceae;g__Odoribacter;s__Odoribacter_splanchnicus	-0.0512853348248	0.0532046781411	0.00308964502123	0.0324764073646	-0.0325816283898	-0.0843193104394	0.0297160525864	0.0195407592242	-0.0420356033374	0.027203276856	-0.00613594809491	0.00385219446927	-0.0375470750475	0.0575007467909	0.00486818036563	0.0105959178124	-0.0379777422522	-0.0144600433012	-0.0330608841731	1.0	0.0166867538876	0.0546328682479	-0.0202442438615	-0.0230752191994	-0.0242348862965	-0.00791221313307	-0.0309705549702	-0.0448878979646	0.0344248989026	0.0315040299361	0.024575654918	0.00686872917288	-0.0478596313756	-0.0152425876782	0.000594517695161	-0.0152612483768	0.0456744873236	0.0127326129746	-0.0447561601436	-0.0313850501752	0.0183879771749	-0.00446544911405	-0.0587216236376	-0.0515407018426	-0.00613774236762	-0.00380223329699	0.0159007908228	0.035815795863	-0.0365285658846	0.0307391384058	-0.0282559518215	-0.0445819050867	-0.0154573313538	-0.0405720819946	-0.0252312169902	-0.0659985011598	-0.0196639641652	-0.0171017247048	0.0136799069265
k__Bacteria;p__Bacteroidetes;c__Bacteroidia;o__Bacteroidales;f__Bacteroidaceae;g__Bacteroides;s__Bacteroides_salyersiae	-0.0508907730659	0.017373831895	-0.0147331756553	-0.0588564023215	-0.0509551682479	-0.0150775597484	0.012551522222	0.0796115871481	-0.00288928056232	0.0157738068097	-0.014427565501	0.00227745278407	-0.0292108270342	-0.0465614572762	0.0427476445596	0.0043446142751	-0.0238377754484	-0.0050497739743	0.00621008308947	0.0166867538876	1.0	-0.0243184195067	-0.0200930030884	0.00519129800543	0.0461273586054	0.0140379828379	-0.0197959338746	-0.00462290814491	-0.0424330787169	0.0179652092153	0.0271719599636	-0.00146684021058	-0.0192032692506	0.0478553333581	0.0023920974812	-0.0376246223267	0.0168050243821	-0.0523974521761	0.000213915596999	-0.00159123844794	-0.0186624340203	-0.0319037458363	0.0194575954005	-0.0116717508684	0.0612484518601	-0.0202771459105	-0.0465132664873	0.0415261801401	-0.00703524609497	-0.0298258036065	-0.0204908404132	0.0122929137017	-0.0216324012794	-0.0100518403292	0.0372926730495	-0.0344016446332	0.01106310907	-0.0537707286531	0.0332806686691
k__Bacteria;p__Firmicutes;c__Clostridia;o__Clostridiales;f__Ruminococcaceae;g__Ruminiclostridium;s__[Eubacterium]_siraeum	0.0418595130088	-0.0159319935504	0.00330607659411	0.0283297643655	0.0202758011568	0.0292141333828	-0.0407284130592	-0.0114591492764	0.0225397935707	-0.0090011806678	-0.0329794953728	-0.0335434675829	-0.0544626675398	-0.0876837426654	-0.0181116190583	-0.0347969750737	-0.00473335180647	0.0223152449749	0.0110228104181	0.0546328682479	-0.0243184195067	1.0	-0.041111384493	0.0209536052338	-0.0115283592032	0.000732583100236	-0.00253940654228	-0.0486526834287	-0.0097167360246	-0.053612911123	0.00805725713425	-0.000759068965043	-0.0100665830245	0.0746604313887	-0.0549666802542	0.0104104584506	-0.017948779231	-0.0593521165323	-0.0261188972989	-0.0279561968579	0.00694167362219	0.0158690012427	-0.0509516132044	-0.0262538592664	-0.00933902209368	-0.00306577526579	-0.0197437931051	-0.0168441005583	0.0655136709539	0.00659439525587	0.0230793540789	0.0182621718137	0.0104403579229	-0.0257938052325	0.050434922129	-0.0418011399256	-0.00731361198552	-0.0404520738007	-0.0184887157002
k__Bacteria;p__Proteobacteria;c__Betaproteobacteria;o__Burkholderiales;f__Sutterellaceae;g__Parasutterella;s__Parasutterella_excrementihominis	0.0286008656353	-0.0229977206876	-0.0144951175337	-0.0167462733044	-0.0523564808363	0.0426513797009	0.0166393831753	-0.00927933858318	-0.0272139446209	-0.0560012154198	-0.0272226486034	0.0272905158979	-0.0225614268484	0.0127681888573	-0.025631358683	-0.0391627470325	0.0225880007375	-0.0359250274271	0.0763704470812	-0.0202442438615	-0.0200930030884	-0.041111384493	1.0	-0.0455742349851	-0.0751965694764	-0.0412996631094	0.00752813775479	0.0144157993262	-0.0115903234202	-0.027233962558	0.00244093193937	-0.00270807943401	-0.0410177368486	-0.00805661471599	0.0351866370747	0.0226601662956	0.00263837330252	-0.00436072152744	-0.00356698485735	-0.00677404867457	0.0170139505138	0.00903858477772	0.0467620355877	0.0324569155375	-0.00205348914904	-0.00234204676703	-0.0144329519436	0.00356090975261	-0.0407592124115	-0.0169398214104	0.000825993723181	0.0075083290865	-0.029975936337	0.112961918	-0.0108170960628	-0.0089791312267	-0.0257112775744	-0.052785172492	-0.00680856187387
k__Bacteria;p__Actinobacteria;c__Actinobacteria;o__Bifidobacteriales;f__Bifidobacteriaceae;g__Bifidobacterium;s__Bifidobacterium_adolescentis	0.00328136943873	0.0492705065795	0.000801898929065	0.0227074069271	0.0411198466883	9.46280732471e-05	0.0532731768488	-0.0236859981067	0.0173953246532	0.00226869784325	-0.0117508277698	0.0297010026882	0.0298243725003	-0.0303402304116	-0.0314965248021	-0.0193100108309	-0.0343573916177	0.037632356974	0.0059786262805	-0.0230752191994	0.00519129800543	0.0209536052338	-0.0455742349851	1.0	-0.0408062828813	-0.0084666148874	0.0154409197401	-0.0311248464953	-0.0215294825696	0.0224534839303	0.0250533198983	-0.0523313981	-0.0143073580643	0.0272786402796	0.0265353195625	-0.0146610000729	0.0295493214569	-0.0323607877424	0.00890052739079	-0.0295466940102	-0.106705189346	0.0652318960993	0.0152169473265	0.0238441158743	-0.0853418411045	-0.0443624959293	0.0232884981718	-0.0521962980023	-0.0199759969207	-0.0204220402329	-0.0209737174919	-0.0751500914935	0.000393661217485	0.0352335953572	-0.00376649665074	-0.0338647775908	-0.0132932713832	-0.024567040379	0.0552681634576
k__Bacteria;p__Firmicutes;c__Clostridia;o__Clostridiales;f__Oscillospiraceae;g__Oscillibacter;s__Oscillibacter_sp._KLE_1745	-0.00480792841119	-0.034579312703	0.0181528066786	0.00582355347639	-0.00099816270817	-0.00671701472107	4.51243745603e-05	-0.0502873072127	-0.0557034837258	-0.0920825086881	0.0252143612665	-0.0205903319382	0.0273588614703	0.0396707054416	0.0225154932533	-0.0238629352983	-0.0183790469657	0.0681228620607	0.0203003343542	-0.0242348862965	0.0461273586054	-0.0115283592032	-0.0751965694764	-0.0408062828813	1.0	-0.0563351219179	-0.0123985721331	-0.023356806859	-0.00874541568004	0.0281583889352	-0.0114002024755	-0.0374745679821	0.0225227118067	-0.00620558982416	0.0765455044314	-0.0124842351145	0.00716985269518	-0.0132741849269	0.00258365776617	-0.0169044564257	-0.0330007922085	0.0302447073825	0.0604486831907	-0.0501667853232	-0.0177480952214	-0.0122536275674	-0.025686052872	0.0299972848615	-0.000573375309652	-0.00733348742891	-0.0350444389017	0.00946117316941	-0.0341717340998	-0.0524489411323	0.0266754404994	0.00170070888005	-0.0498247039232	0.00628446243555	0.0582377148747
k__Bacteria;p__Bacteroidetes;c__Bacteroidia;o__Bacteroidales;f__Bacteroidaceae;g__Bacteroides;s__Bacteroides_coprophilus	0.0256142340355	-0.0228332417544	-0.0308024017052	-0.00263441018757	0.0027917145191	-0.0373227950684	-0.0306158666794	-0.00836856364349	-0.0520717518954	0.0092352566526	0.0452748880501	0.0249663302625	0.00991115912522	-0.011233717887	-0.0202927301838	0.0310183964491	0.0142445960603	-0.0440675280667	-0.029479866289	-0.00791221313307	0.0140379828379	0.000732583100235	-0.0412996631094	-0.0084666148874	-0.0563351219179	1.0	-0.0453284951585	-0.0153016060678	-0.00431344366649	0.00580662917279	0.0104976015088	-0.0274212933579	-0.00484914268882	0.0324948109581	-0.0452321788436	-0.0239960687209	-0.0384901705676	-0.0132527212986	-0.0123748942124	0.00556097574533	0.0690424993754	-0.0395720679164	-0.0301532705717	0.0140620844585	0.0479982728964	0.0266548436334	-0.015713392057	-0.0244796211719	-0.0294788267161	-0.0384144147676	0.0550166794373	-0.0377116729943	0.0280893555994	0.00100736800586	-0.0182222656124	-0.0324919908858	-0.0200670720752	0.0284572185493	0.00195173548157
k__Bacteria;p__Firmicutes;c__Clostridia;o__Clostridiales;f__Lachnospiraceae;g__Roseburia;s__Roseburia_intestinalis	-0.0475519289939	-0.0326587602438	-0.0539103547346	0.0282760073575	-0.00724067833459	-0.0444189226078	-0.0425070853414	0.0215888272037	-0.0540338397809	-0.0165824435796	0.0210478146356	0.00471265856462	0.0452412163335	-0.0426184798935	-0.00205300487984	0.003401256995	-0.0258170064033	0.00433906691008	-0.0778295959592	-0.0309705549702	-0.0197959338746	-0.00253940654228	0.00752813775479	0.0154409197401	-0.0123985721331	-0.0453284951585	1.0	-0.010830649415	0.0461965446944	-0.0203858133482	0.0344761967191	-0.0571226275517	-0.0292388201568	0.007980986173	-0.0380191399972	0.0019230406133	0.0524673027697	-0.0804600025269	0.0160551676304	-0.00239794513441	-0.00984877310686	0.0562607540096	0.0188462305095	-0.0168681674578	-0.0033040412783	0.0160811323685	0.0155438608105	0.006892971909	0.0645295986284	0.0327155499427	-0.0219330011309	0.0783534831372	0.0259649251992	0.0183300572527	0.00250213801122	0.0462789626005	-0.0155509268053	-0.0300724027093	-0.0526244346962
k__Bacteria;p__Firmicutes;c__Clostridia;o__Clostridiales;f__Lachnospiraceae;g__Roseburia;s__Roseburia_hominis	-0.0597027792051	0.0368660259271	-0.0370169597485	0.010425987475	-0.0165263294556	-0.0324517816905	0.0767266755016	0.0418998589737	0.0200494343988	0.0138056333394	0.113013804437	0.0333914270746	-0.00774862500097	-0.0331181777047	-0.0142086754516	-0.0109713721234	-0.0404266482346	-0.0456095276023	-0.00161089981165	-0.0448878979646	-0.00462290814491	-0.0486526834287	0.0144157993262	-0.0311248464953	-0.023356806859	-0.0153016060678	-0.010830649415	1.0	0.0202546852201	0.0225757280301	-0.00671195845512	-0.0146436549633	-0.0135592034731	-0.0379466850319	-0.0142664828868	-0.0399308471528	-0.0575080732357	0.00442558878532	0.0103580721405	0.0424384637216	-0.0360995787573	-0.00240940344785	-0.034713554806	-0.00458889360328	-0.0249261286917	0.0290641414658	-0.010412380467	-0.0199722993024	-0.00383946587125	0.02278392105	-0.0525696862834	-0.0220489577461	-0.00757776281662	-0.0100312097446	-0.0256467019988	-0.0174499420771	0.0201597713432	0.00210373486156	-0.0110253434367
k__Bacteria;p__Bacteroidetes;c__Bacteroidia;o__Bacteroidales;f__Porphyromonadaceae;g__Parabacteroides;s__Parabacteroides_johnsonii	-0.029676711369	0.0145314217733	-0.0411504717697	-0.00114146216042	-0.0220951001777	-0.0139658018095	-0.0134094810002	-0.00372378146561	-0.00713842499444	-0.0160813286733	-0.00226079186031	0.0154338446145	0.0319672341158	-0.0358447383708	-0.0295143311229	0.0242747914104	0.0299774914989	-0.0201637615276	0.0230580780234	0.0344248989026	-0.0424330787169	-0.0097167360246	-0.0115903234202	-0.0215294825696	-0.00874541568004	-0.00431344366649	0.0461965446944	0.0202546852201	1.0	-0.0107189249393	0.000405313633144	0.101517455528	0.0492005967432	-0.0294537617406	-0.0225807993461	-0.0215012144827	-0.0325013324853	-0.0269978824254	0.0443548561062	0.0208990838699	-0.0520393743497	0.000763780880175	-0.0134683809501	-0.0237529198034	-0.0638311151129	0.0448725040129	0.0585948932198	-0.0925685162788	-0.00430319150623	0.0198894576356	-0.0299413992954	-0.0154029678304	-0.00340785694383	-0.0156356056604	-0.0124828967306	-0.0272755698962	0.033448356432	0.0168363075444	-0.0170476919526
k__Bacteria;p__Actinobacteria;c__Actinobacteria;o__Bifidobacteriales;f__Bifidobacteriaceae;g__Bifidobacterium;s__Bifidobacterium_longum	0.0335096123287	-0.00193429401485	-0.0180176699218	0.0103719835549	0.0182688571799	0.0566583505695	0.00482935028346	-0.00666736236307	0.0279424677942	-0.0117267246356	0.0173417484123	-0.0169125249207	-0.0296851141162	0.00632173294777	-0.0213650577485	-0.0351867539712	0.0261521810441	0.0123631514059	0.056547453918	0.0315040299361	0.0179652092153	-0.053612911123	-0.027233962558	0.0224534839303	0.0281583889352	0.00580662917279	-0.0203858133482	0.0225757280301	-0.0107189249393	1.0	0.0511148754324	-0.0970161267756	-0.032361179753	-0.0571085101883	0.0353013260675	0.0350153012875	0.00512613608747	0.0217178096273	0.00680927281884	-0.117291890116	0.0257231951593	-0.0177986417971	0.0232195832037	-0.0360762460908	0.0395618829778	-0.0349268124551	-0.0433734064816	-0.0454524646379	-0.050061142218	0.00170760063616	-0.0027776063916	-0.00411255480104	0.0347481489618	-0.0317257060842	-0.0340815663188	0.0282631464635	-0.0396213075874	-0.0356814319081	-0.0390458148428
