#taxonomy	k__Bacteria;p__Bacteroidetes;c__Bacteroidia;o__Bacteroidales;f__Bacteroidaceae;g__Bacteroides;s__Bacteroides_vulgatus	k__Bacteria;p__Bacteroidetes;c__Bacteroidia;o__Bacteroidales;f__Bacteroidaceae;g__Bacteroides;s__Bacteroides_uniformis	k__Bacteria;p__Bacteroidetes;c__Bacteroidia;o__Bacteroidales;f__Rikenellaceae;g__Alistipes;s__Alistipes_putredinis	k__Bacteria;p__Bacteroidetes;c__Bacteroidia;o__Bacteroidales;f__Prevotellaceae;g__Prevotella;s__Prevotella_copri	k__Bacteria;p__Bacteroidetes;c__Bacteroidia;o__Bacteroidales;f__Bacteroidaceae;g__Bacteroides;s__Bacteroides_stercoris	k__Bacteria;p__Bacteroidetes;c__Bacteroidia;o__Bacteroidales;f__Bacteroidaceae;g__Bacteroides;s__Bacteroides_ovatus	k__Bacteria;p__Bacteroidetes;c__Bacteroidia;o__Bacteroidales;f__Rikenellaceae;g__Alistipes;s__Alistipes_shahii	k__Bacteria;p__Firmicutes;c__Clostridia;o__Clostridiales;f__Ruminococcaceae;g__Faecalibacterium;s__Faecalibacterium_prausnitzii	k__Bacteria;p__Bacteroidetes;c__Bacteroidia;o__Bacteroidales;f__Rikenellaceae;g__Alistipes;s__Alistipes_finegoldii	k__Bacteria;p__Bacteroidetes;c__Bacteroidia;o__Bacteroidales;f__Porphyromonadaceae;g__Parabacteroides;s__Parabacteroides_distasonis	k__Bacteria;p__Bacteroidetes;c__Bacteroidia;o__Bacteroidales;f__Bacteroidaceae;g__Bacteroides;s__Bacteroides_thetaiotaomicron	k__Bacteria;p__Bacteroidetes;c__Bacteroidia;o__Bacteroidales;f__Bacteroidaceae;g__Bacteroides;s__Bacteroides_coprocola	k__Bacteria;p__Bacteroidetes;c__Bacteroidia;o__Bacteroidales;f__Bacteroidaceae;g__Bacteroides;s__Bacteroides_cellulosilyticus	k__Bacteria;p__Bacteroidetes;c__Bacteroidia;o__Bacteroidales;f__Rikenellaceae;g__Alistipes;s__Alistipes_obesi	k__Bacteria;p__Firmicutes;c__Clostridia;o__Clostridiales;f__Lachnospiraceae;g__;s__[Eubacterium]_rectale	k__Bacteria;p__Bacteroidetes;c__Bacteroidia;o__Bacteroidales;f__Bacteroidaceae;g__Bacteroides;s__Bacteroides_plebeius	k__Bacteria;p__Bacteroidetes;c__Bacteroidia;o__Bacteroidales;f__Bacteroidaceae;g__Bacteroides;s__Bacteroides_fragilis	k__Bacteria;p__Proteobacteria;c__Betaproteobacteria;o__Burkholderiales;f__Sutterellaceae;g__Sutterella;s__Sutterella_wadsworthensis	k__Bacteria;p__Bacteroidetes;c__Bacteroidia;o__Bacteroidales;f__Porphyromonadaceae;g__Barnesiella;s__Barnesiella_intestinihominis	k__Bacteria;p__Bacteroidetes;c__Bacteroidia;o__Bacteroidales;f__Odoribacteraceae;g__Odoribacter;s__Odoribacter_splanchnicus	k__Bacteria;p__Bacteroidetes;c__Bacteroidia;o__Bacteroidales;f__Bacteroidaceae;g__Bacteroides;s__Bacteroides_salyersiae	k__Bacteria;p__Firmicutes;c__Clostridia;o__Clostridiales;f__Ruminococcaceae;g__Ruminiclostridium;s__[Eubacterium]_siraeum	k__Bacteria;p__Proteobacteria;c__Betaproteobacteria;o__Burkholderiales;f__Sutterellaceae;g__Parasutterella;s__Parasutterella_excrementihominis	k__Bacteria;p__Actinobacteria;c__Actinobacteria;o__Bifidobacteriales;f__Bifidobacteriaceae;g__Bifidobacterium;s__Bifidobacterium_adolescentis	k__Bacteria;p__Firmicutes;c__Clostridia;o__Clostridiales;f__Oscillospiraceae;g__Oscillibacter;s__Oscillibacter_sp._KLE_1745	k__Bacteria;p__Bacteroidetes;c__Bacteroidia;o__Bacteroidales;f__Bacteroidaceae;g__Bacteroides;s__Bacteroides_coprophilus	k__Bacteria;p__Firmicutes;c__Clostridia;o__Clostridiales;f__Lachnospiraceae;g__Roseburia;s__Roseburia_intestinalis	k__Bacteria;p__Firmicutes;c__Clostridia;o__Clostridiales;f__Lachnospiraceae;g__Roseburia;s__Roseburia_hominis	k__Bacteria;p__Bacteroidetes;c__Bacteroidia;o__Bacteroidales;f__Porphyromonadaceae;g__Parabacteroides;s__Parabacteroides_johnsonii	k__Bacteria;p__Actinobacteria;c__Actinobacteria;o__Bifidobacteriales;f__Bifidobacteriaceae;g__Bifidobacterium;s__Bifidobacterium_longum	k__Bacteria;p__Firmicutes;c__Clostridia;o__Clostridiales;f__;g__Flavonifractor;s__Flavonifractor_plautii	k__Bacteria;p__Firmicutes;c__Clostridia;o__Clostridiales;f__Clostridiaceae;g__Clostridium;s__Clostridium_phoceensis	k__Bacteria;p__Verrucomicrobia;c__Verrucomicrobiae;o__Verrucomicrobiales;f__Akkermansiaceae;g__Akkermansia;s__Akkermansia_muciniphila	k__Bacteria;p__Bacteroidetes;c__Bacteroidia;o__Bacteroidales;f__Prevotellaceae;g__Paraprevotella;s__Paraprevotella_xylaniphila	k__Bacteria;p__Firmicutes;c__Clostridia;o__Clostridiales;f__Ruminococcaceae;g__Ruminococcus;s__Ruminococcus_callidus	k__Bacteria;p__Bacteroidetes;c__Bacteroidia;o__Bacteroidales;f__Rikenellaceae;g__Alistipes;s__Alistipes_senegalensis	k__Bacteria;p__Firmicutes;c__Clostridia;o__Clostridiales;f__Lachnospiraceae;g__Blautia;s__Blautia_sp._KLE_1732	k__Bacteria;p__Bacteroidetes;c__Bacteroidia;o__Bacteroidales;f__Bacteroidaceae;g__Bacteroides;s__Bacteroides_oleiciplenus	k__Bacteria;p__Firmicutes;c__Clostridia;o__Clostridiales;f__Ruminococcaceae;g__Ruminococcus;s__Ruminococcus_bicirculans	k__Bacteria;p__Bacteroidetes;c__Bacteroidia;o__Bacteroidales;f__Bacteroidaceae;g__Bacteroides;s__Bacteroides_fluxus	k__Bacteria;p__Bacteroidetes;c__Bacteroidia;o__Bacteroidales;f__Prevotellaceae;g__Prevotella;s__Prevotella_stercorea	k__Bacteria;p__Firmicutes;c__Clostridia;o__Clostridiales;f__Lachnospiraceae;g__Dorea;s__Dorea_longicatena	k__Bacteria;p__Firmicutes;c__Clostridia;o__Clostridiales;f__Eubacteriaceae;g__Eubacterium;s__[Eubacterium]_eligens	k__Bacteria;p__Firmicutes;c__Clostridia;o__Clostridiales;f__Ruminococcaceae;g__;s__Ruminococcaceae_bacterium_D16	k__Bacteria;p__Firmicutes;c__Clostridia;o__Clostridiales;f__Lachnospiraceae;g__Coprococcus;s__Coprococcus_comes	k__Bacteria;p__Proteobacteria;c__Gammaproteobacteria;o__Enterobacterales;f__Enterobacteriaceae;g__Escherichia;s__Escherichia_coli	k__Bacteria;p__Firmicutes;c__Clostridia;o__Clostridiales;f__Ruminococcaceae;g__Anaerotruncus;s__Anaerotruncus_colihominis	k__Bacteria;p__Firmicutes;c__Clostridia;o__Clostridiales;f__Lachnospiraceae;g__Blautia;s__Blautia_obeum	k__Bacteria;p__Bacteroidetes;c__Bacteroidia;o__Bacteroidales;f__Odoribacteraceae;g__Odoribacter;s__Odoribacter_laneus	k__Bacteria;p__Firmicutes;c__Clostridia;o__Clostridiales;f__Ruminococcaceae;g__Ruminiclostridium;s__[Clostridium]_leptum	k__Bacteria;p__Bacteroidetes;c__Bacteroidia;o__Bacteroidales;f__Porphyromonadaceae;g__Parabacteroides;s__Parabacteroides_goldsteinii	k__Bacteria;p__Firmicutes;c__Clostridia;o__Clostridiales;f__Lachnospiraceae;g__Anaerostipes;s__Anaerostipes_hadrus	k__Bacteria;p__Firmicutes;c__Clostridia;o__Clostridiales;f__Ruminococcaceae;g__Ruminococcus;s__Ruminococcus_lactaris	k__Bacteria;p__Firmicutes;c__Clostridia;o__Clostridiales;f__Clostridiaceae;g__Clostridium;s__Clostridium_sp._L2-50	k__Bacteria;p__Firmicutes;c__Clostridia;o__Clostridiales;f__Clostridiaceae;g__Clostridium;s__Clostridium_sp._M62/1	k__Bacteria;p__Firmicutes;c__Clostridia;o__Clostridiales;f__;g__Intestinimonas;s__Intestinimonas_butyriciproducens	k__Bacteria;p__Actinobacteria;c__Actinobacteria;o__Bifidobacteriales;f__Bifidobacteriaceae;g__Bifidobacterium;s__Bifidobacterium_bifidum	k__Bacteria;p__Firmicutes;c__Negativicutes;o__Veillonellales;f__Veillonellaceae;g__Dialister;s__Dialister_invisus	k__Bacteria;p__Bacteroidetes;c__Bacteroidia;o__Bacteroidales;f__Bacteroidaceae;g__Bacteroides;s__Bacteroides_salanitronis
k__Bacteria;p__Bacteroidetes;c__Bacteroidia;o__Bacteroidales;f__Bacteroidaceae;g__Bacteroides;s__Bacteroides_vulgatus	1.0	-0.000333585324513	0.0317174912116	0.015995067076	-0.0365818927337	-0.00185636664133	0.0117207500765	0.0157515465047	-0.0249701570325	-0.0343304965149	0.0107803685472	0.000157398331544	0.0283963469085	-0.0137774668245	0.00536851319032	0.03002375547	0.0454436666378	-0.045685673494	-0.0145170683078	0.0235313038774	-0.0127618081267	0.0214921527379	0.0330562560875	0.0442776670923	-0.0367213972051	-0.0103504109934	0.00877591477432	-0.0175973498602	-0.0117442772101	-0.0514434081053	-0.0588987873565	-0.0379019581771	0.0274973896521	-0.0254357285268	-0.062883113643	0.00826802117733	-0.0449308575567	-0.0163315259069	-0.0666086986167	0.00638886768251	0.0461880129068	0.0871386307909	-0.041612213486	-0.0721824694414	-0.0893417992785	0.00498978977401	-0.00790820639261	-0.00169685126115	0.0329178617372	-0.0703497966406	-0.0500201647361	0.000911137401367	-0.0506895640439	-0.0238209011403	-0.0167721034988	0.00835997182582	0.0198187024802	-0.00484703943424	0.0294341525396
k__Bacteria;p__Bacteroidetes;c__Bacteroidia;o__Bacteroidales;f__Bacteroidaceae;g__Bacteroides;s__Bacteroides_uniformis	-0.000333585324513	1.0	-0.00486419622882	-0.0173487512922	-0.0195268440289	0.0529374481445	0.000775416862421	-6.25146831385e-06	-0.0396145017192	-0.0587352328103	-0.0489341968024	-0.0328771369772	-0.0108091291153	-0.0356997450359	-0.0191176227117	-0.0628985756938	0.0220256986172	0.0150072917605	0.0268779476337	0.0429588274657	0.0241084405084	-0.0364848928369	0.0378739765226	-0.0806207747259	-0.0201428542048	0.0362306631039	-0.0221374037482	0.0113645124437	-0.0159566262278	0.00263160100242	0.0133037063917	-0.0236250047353	0.0101985342343	-0.0996300718523	-0.0381962202769	-0.0202999793645	-0.0154939105504	0.0188132176675	0.0254504888156	-0.0312472318753	0.0300062418115	0.024830856951	0.0242107531108	-0.0288142668247	0.00246929744297	-0.0173574305906	0.0372716145746	-0.0603094214183	-0.0551607794741	-0.010396532782	-0.0444248200767	-0.0308429160269	0.0211219713704	0.0432108617345	0.0232695652995	-0.0614843025434	-0.0140571686211	0.0258870431527	-0.0010362146763
k__Bacteria;p__Bacteroidetes;c__Bacteroidia;o__Bacteroidales;f__Rikenellaceae;g__Alistipes;s__Alistipes_putredinis	0.0317174912116	-0.00486419622882	1.0	-0.0554560065561	0.0120308278247	0.0148731837514	0.0190013820251	-0.0130795971033	0.0153697299245	-0.0458665208595	-0.00683519806781	0.0166152141075	0.0110464245099	-0.0419128119162	-0.00359807497552	0.0188382201106	0.00098935331425	-0.0640356107938	0.0162428018891	-0.0179899848243	-0.0202285910088	-0.0171839826881	-0.0417522530969	0.012729003624	0.00748471565792	-0.016932528133	-0.0249376434988	-0.0118820566873	-0.0366777793775	0.0410938311359	-0.104620997023	0.0145482477932	0.0109222675475	-0.000648929351586	-0.0382963851322	-0.0447869682902	0.0272770926179	0.00601549162677	0.0382707183145	-0.0285874583072	-0.0505149677633	-0.0338265113937	0.0134712832884	0.0180166978185	0.0453778721367	-0.0072155676547	0.00807828684449	0.00561744542999	-0.00294937858387	0.0317378779442	-0.00202175066008	0.00530404995686	-0.0470832538494	-0.00479394769429	-0.0091389752318	-0.025612200672	-0.042655647449	0.00737379616111	0.0279083410439
k__Bacteria;p__Bacteroidetes;c__Bacteroidia;o__Bacteroidales;f__Prevotellaceae;g__Prevotella;s__Prevotella_copri	0.015995067076	-0.0173487512922	-0.0554560065561	1.0	0.0101493120863	-0.0143772144164	0.0126327823819	0.00205541039129	-0.00942483525253	0.0114876435328	0.0389961598136	-0.0294276985193	-0.0454244480195	-0.0133592840751	-0.0584861345916	-0.0241991830755	-0.0810976041111	-0.0606074388976	-0.00796468298506	-0.0280584942523	-0.0569097223146	-0.0502166110102	0.0247095228659	0.0554634089809	0.0233350535199	-0.0323151011933	-0.053453171828	-0.0403745543924	0.0449733032703	0.019623674925	0.049820968581	-0.0153170853588	0.0810212417133	0.0218230534995	-0.0195398919266	-0.0493568627287	0.00341576892632	0.0051683482279	0.0242276530134	-0.0222305589573	-0.0241722929897	-0.0369344222115	-0.00702396998091	-0.0439452758226	-0.0072560546496	0.00488831844448	-0.0286509994916	0.0190753617675	0.0159516998026	0.069322431696	-0.0366978547817	0.0615095250159	-0.00401940450287	-0.0178159773011	0.0108529441202	-0.0146784923804	-0.0350553374081	0.0143037241523	-3.28905772422e-05
k__Bacteria;p__Bacteroidetes;c__Bacteroidia;o__Bacteroidales;f__Bacteroidaceae;g__Bacteroides;s__Bacteroides_stercoris	-0.0365818927337	-0.0195268440289	0.0120308278247	0.0101493120863	1.0	-0.0115252468458	0.0177759315468	0.0123224365853	0.000545872081732	0.0190386834184	0.0441481523518	-0.0442906426018	0.0072507018029	-0.0243808583065	0.0400845559931	-0.0116059511292	-0.0104802274553	0.0406334440864	0.0124105310482	-0.029475188796	-0.00630250617617	-0.0136026922891	0.0180150750362	0.00982098187125	0.0382089441339	-0.0187455846762	-0.0411990275859	-0.0339929711393	-0.0262646451694	-0.00152458680788	-0.0453252260597	-0.0117973319554	-0.00543015392416	0.0137654616835	-0.0252173374166	0.0158559764318	0.0513039364697	-0.0600513352273	-0.0235736388569	-0.0343699644622	-0.0147180415805	-0.0748133766801	-0.044054812765	-0.0450951802171	0.0655682449434	-0.0805895883581	0.0663571284262	-0.110928789389	-0.034782882649	-0.016315175415	0.0150486477295	0.0103461629447	-0.0103829116946	-0.0301859276476	0.0138441751392	-0.00416327299003	-0.00553558608806	0.00974743269921	0.011002858737
k__Bacteria;p__Bacteroidetes;c__Bacteroidia;o__Bacteroidales;f__Bacteroidaceae;g__Bacteroides;s__Bacteroides_ovatus	-0.00185636664133	0.0529374481445	0.0148731837514	-0.0143772144164	-0.0115252468458	1.0	0.00495826082276	0.00594958077883	0.0013816350773	0.0160724251828	-0.0162503465591	-0.0374208977667	0.010770095362	-0.0116806201772	0.0529291453113	-0.0368642296935	-0.0541272673331	-0.0155985226118	0.0151432580844	0.0084825654459	-0.0084290404339	-0.0772347807443	0.0197356195657	0.0111433245632	0.0289001522705	-0.0836629474802	0.100381217209	0.0353512328002	-0.0282354682236	-0.0167179943881	0.00610542810567	-0.0170552758725	-0.00120066198232	0.0110869676144	-0.010597362017	-0.0515714469684	2.34744429727e-05	-0.0171874758158	0.0015488270966	-0.0566063988333	-0.00477268045522	0.00866795462588	0.0260470289952	-0.021329720009	-0.0499130904503	0.0343682235538	0.00474285675615	-0.0120652666334	-0.0218939024412	0.0355664995173	0.035945483301	0.0160541967571	0.0396909925391	-0.0222689662443	-0.0190085897018	-0.025647405471	-0.0524516352993	0.0260876468513	-0.0882259190777
k__Bacteria;p__Bacteroidetes;c__Bacteroidia;o__Bacteroidales;f__Rikenellaceae;g__Alistipes;s__Alistipes_shahii	0.0117207500765	0.000775416862421	0.0190013820251	0.0126327823819	0.0177759315468	0.00495826082276	1.0	-0.00051608427783	0.002096650786	0.0470417080047	-0.00229630608093	0.0289579846896	0.0160579167093	-0.0508599132665	-0.0207787287519	0.0195336423171	0.0237630803906	-0.00967564983502	0.00929386139627	-0.00271422163718	-0.0351124865218	0.00452109406929	0.0464441502747	-0.0378575518749	-0.0170011400134	-0.00364490560119	0.00566236786419	-0.0853172552158	-0.00162918714552	-0.0241981062567	0.00458023073391	-0.0390602093527	-0.0204363699039	0.0309361757454	-0.0473660414924	-0.0184031397833	-0.0398248242476	-0.0455457751168	-0.039377965426	0.0775969104712	-0.0261211736029	-0.024843822222	0.00418201034831	0.0200331589184	0.0360374837527	-0.00612361327922	0.0269158171308	-0.031648505269	0.0494077765088	-0.0401285702849	-0.00490924023513	-0.0101990351858	-0.0107252107667	0.021056534284	-0.0516005075406	-0.0430070025009	0.0572484922133	-0.0295446793432	-0.00258270967316
k__Bacteria;p__Firmicutes;c__Clostridia;o__Clostridiales;f__Ruminococcaceae;g__Faecalibacterium;s__Faecalibacterium_prausnitzii	0.0157515465047	-6.25146831385e-06	-0.0130795971033	0.00205541039129	0.0123224365853	0.00594958077883	-0.00051608427783	1.0	-0.0334669718249	0.00262962325	-0.0161845934777	0.0128459075508	0.045858158167	0.0404293595491	-0.029455472752	-0.0928873040795	-0.00255416294962	-0.0112251577279	-0.0406965219872	0.0233621046439	0.00518573443325	-0.0595423744445	-0.0646102198189	-0.015992981266	-0.013225507534	-0.0132934708477	-0.0111099611057	-0.0147559267421	0.00425739555119	-0.015722968553	-0.00284205536344	-0.0399821696134	-0.0135467405932	0.00497570943883	0.01803567062	0.00860760652243	0.00398872567775	0.03882037042	0.0125438006303	-0.00627055969682	-0.0630990528691	0.0171629471454	-0.0309086779665	-0.00664553398278	-0.000412914686941	0.00307695828018	0.0362184078908	-0.0149611253925	-0.0268670592743	0.0165808693821	-0.0545402314222	0.00773886816601	-0.0160189015881	-0.0540205266254	-0.061474393182	-0.0122321862264	-0.0498657629353	-0.021335454623	-0.0350641277814
k__Bacteria;p__Bacteroidetes;c__Bacteroidia;o__Bacteroidales;f__Rikenellaceae;g__Alistipes;s__Alistipes_finegoldii	-0.0249701570325	-0.0396145017192	0.0153697299245	-0.00942483525253	0.000545872081732	0.0013816350773	0.002096650786	-0.0334669718249	1.0	-0.0184290487074	-0.011477489118	0.0573498530712	-0.0235096289362	0.0336073387355	0.00316978167976	0.0209394306908	-0.0565892094523	-0.0374999290682	0.00871785463745	-0.0755282562913	-0.0105279601673	-0.03233324936	0.00473995327782	0.0223728123406	0.0215111907989	-0.0362975149775	-0.0263764568294	-0.0118499056824	-0.02456290188	-0.0877124145632	-0.05783769422	-0.0416573708725	0.0211689562748	-0.0737699328111	0.0467859870165	-0.00544744525199	0.0660202287682	0.0145883623937	0.00433970122801	0.0029810438539	-0.006550543865	-0.00521301486644	0.0299776060283	0.0130975294745	-0.0515050661991	-0.0155228160097	0.0223299347836	0.0269928780435	-0.0284266070079	0.00862788224502	0.00462023879236	0.00672125221511	0.0494908728227	0.0250136970174	-0.00513921320649	-0.0497551990049	-0.00183048099496	-0.00494866507173	0.00885924535402
k__Bacteria;p__Bacteroidetes;c__Bacteroidia;o__Bacteroidales;f__Porphyromonadaceae;g__Parabacteroides;s__Parabacteroides_distasonis	-0.0343304965149	-0.0587352328103	-0.0458665208595	0.0114876435328	0.0190386834184	0.0160724251828	0.0470417080047	0.00262962325	-0.0184290487074	1.0	0.0326367046319	0.0255366754062	-0.00996253738379	-0.0475050978841	0.0153243551534	-0.0263192409579	-0.0525562354885	0.000359877563956	0.0189638344469	0.0050198362018	0.0239733683954	-0.0438610499672	0.0689258276761	-0.0327148642265	0.0349369888205	-0.0748100602462	0.0553931639184	0.009100309211	-0.0750884217992	-0.0271275721595	0.0549340862567	0.0035574380983	0.0407261374811	0.0492805818844	-0.0582577185374	-0.0292831447798	0.00717344239125	-0.0384014815622	-0.000359812316879	0.0189438960445	-0.0063079237043	-0.0227515612727	0.00214594415947	-0.0221970530933	-0.00412340435798	0.0198856141374	-0.0151574409645	0.0185315172132	-0.0298374101802	-0.035835497249	-0.00977360643047	0.0260389178809	-0.0276237362708	-0.00076037285243	-0.00840096558591	-0.0459036402918	-0.0377284377725	0.0203574844386	0.00761569309725
k__Bacteria;p__Bacteroidetes;c__Bacteroidia;o__Bacteroidales;f__Bacteroidaceae;g__Bacteroides;s__Bacteroides_thetaiotaomicron	0.0107803685472	-0.0489341968024	-0.00683519806781	0.0389961598136	0.0441481523518	-0.0162503465591	-0.00229630608093	-0.0161845934777	-0.011477489118	0.0326367046319	1.0	0.0101578419389	0.0136767356198	0.00641237597999	0.025657348199	-0.0592859536651	-0.00686917042814	-0.0126260236511	-0.039644628311	0.0529629134868	-0.036985051381	-0.0165892082987	-0.0244822860545	0.0236872387795	0.00475987272735	-0.00747224346337	-0.0161334433312	0.0156165189055	-0.0790839302339	-0.00760651684236	-0.0694783373247	-0.0196522183552	-0.00284488308932	-0.0103791058226	0.000964533994354	0.00255879271189	-0.0291543211475	0.0583401864902	0.0565047628042	0.0191984643491	0.0175884983261	-0.00744790164286	-0.0133971936188	-0.051183235636	0.0389590680333	-0.0241015321523	-0.0227439339444	-0.0338635484201	-0.0153569381711	-0.0192736192195	0.0198609019972	-0.0942604154205	0.0767688674546	0.004757991555	-0.006639671434	-0.00815506665224	0.0107719516293	0.0125614540862	-0.013164240983
k__Bacteria;p__Bacteroidetes;c__Bacteroidia;o__Bacteroidales;f__Bacteroidaceae;g__Bacteroides;s__Bacteroides_coprocola	0.000157398331544	-0.0328771369772	0.0166152141075	-0.0294276985193	-0.0442906426018	-0.0374208977667	0.0289579846896	0.0128459075508	0.0573498530712	0.0255366754062	0.0101578419389	1.0	-0.0213987602262	-0.000287807345982	0.00275476017506	-0.00164905272098	0.00760684840532	-0.0275564720369	-0.009924744699	0.0182707775541	-0.00387043053807	-0.0275671163809	0.0173887791807	0.020433888775	-0.0121891749652	0.0477356068245	0.018984533756	-0.0371701162921	0.00894193885197	0.0089672333553	-0.0115610911599	0.0185711270906	-0.0347347056774	-0.00418176732566	-0.00602358435462	-0.0679098248612	-0.0799042781279	0.014403652636	-0.0139141069922	0.00426145477921	-0.0166453324716	0.0151502971543	-0.0521151134006	0.00577829663363	-0.0444341551752	-0.05742305646	-0.029900354846	-0.000840302731082	-0.0150427567381	-0.0307231249419	-0.0433757313328	0.0271818263767	-0.0585061042808	0.0508271899611	-0.0678327046236	-0.0288820338726	0.0152874327926	0.0250769458922	0.0490709617607
k__Bacteria;p__Bacteroidetes;c__Bacteroidia;o__Bacteroidales;f__Bacteroidaceae;g__Bacteroides;s__Bacteroides_cellulosilyticus	0.0283963469085	-0.0108091291153	0.0110464245099	-0.0454244480195	0.0072507018029	0.010770095362	0.0160579167093	0.045858158167	-0.0235096289362	-0.00996253738379	0.0136767356198	-0.0213987602262	1.0	0.0242443213285	-0.00511253948874	0.0588612492867	-0.0232226009168	0.0370710552562	-0.00615106036876	0.0249571471165	0.0477834952933	0.00355803026539	-0.00397327201471	0.00110740765217	-0.0104310609219	-0.0268340425256	0.0431504819774	-0.0277309511922	-0.0653847834242	-0.0224838182679	-0.00826466863913	-0.0100830705828	0.061203793011	0.0244211063038	0.0254458455889	-0.00687933415382	-0.0269302020414	0.036356196581	0.0105965628206	-0.0629864484596	-0.01747740523	-0.0352143978056	-0.0551583834993	0.012317532586	0.0441968233599	-0.0133910287079	0.0139756082942	-0.00990161694572	0.00470572359995	-0.073667941125	0.0150848053231	0.0199077035637	0.02000687518	-0.0190734565528	0.00837469482919	-0.0496159448464	0.0311302589547	-0.0154654152332	-0.00549075882157
k__Bacteria;p__Bacteroidetes;c__Bacteroidia;o__Bacteroidales;f__Rikenellaceae;g__Alistipes;s__Alistipes_obesi	-0.0137774668245	-0.0356997450359	-0.0419128119162	-0.0133592840751	-0.0243808583065	-0.0116806201772	-0.0508599132665	0.0404293595491	0.0336073387355	-0.0475050978841	0.00641237597999	-0.000287807345982	0.0242443213285	1.0	-0.030530185475	-0.0154880108876	-0.0278638826798	-0.00346849973432	-0.0389119529168	-0.0369201270226	0.0322468516395	0.00759181184852	0.0121566188656	-0.0025291557685	-0.0126921138524	-0.0212598102913	-0.0234277179837	0.0380419235771	0.00781553108591	-0.0459081246797	-0.0330603872131	-0.00978864257644	0.0170892152753	-0.0479462241871	-0.0583235427584	0.0130571517426	-0.0363503450666	0.0657638982712	-0.0323844112304	-0.0559044988067	-0.0132616779514	0.00546898919745	0.0221398920395	-0.00671788257756	-0.00834231906113	-0.0520845228503	-0.000863150803694	0.0289194634157	0.00545549861642	-0.00276841757731	-0.027501580731	0.0164075659598	-6.80027738691e-05	0.0213014049283	-0.013756100882	0.0451631750487	-0.0430220082898	0.0173808135014	-0.00741462399735
k__Bacteria;p__Firmicutes;c__Clostridia;o__Clostridiales;f__Lachnospiraceae;g__;s__[Eubacterium]_rectale	0.00536851319032	-0.0191176227117	-0.00359807497552	-0.0584861345916	0.0400845559931	0.0529291453113	-0.0207787287519	-0.029455472752	0.00316978167976	0.0153243551534	0.025657348199	0.00275476017506	-0.00511253948874	-0.030530185475	1.0	-0.00862058318429	-0.0302377306775	0.055292076053	0.0166011484766	-0.0719306560126	-0.0477689943358	-0.0178159177376	-0.0337147986339	0.00680450844431	-0.0147127534223	0.0510875628476	0.00339338625962	-0.0287639261088	-0.0213503234436	0.0420230037265	-0.0445859899185	0.0918837601501	-0.0082585838391	-0.0298414770403	0.00944240466952	-0.0170750767827	-0.0422971444323	0.0130002064192	0.00202658326202	-0.00858337981673	-0.0591721424104	-0.0474124857485	0.0359101137035	-0.019954977205	0.0123479177127	-0.0277757188021	-0.0021948679976	0.00145538177929	-0.0244823301079	0.0380773738177	-0.0178259383438	-0.05946605344	-0.0340541300009	0.00674034592578	-0.0389950791816	-0.0674754882831	0.000148226253416	-0.0324196450137	0.0213093902664
k__Bacteria;p__Bacteroidetes;c__Bacteroidia;o__Bacteroidales;f__Bacteroidaceae;g__Bacteroides;s__Bacteroides_plebeius	0.03002375547	-0.0628985756938	0.0188382201106	-0.0241991830755	-0.0116059511292	-0.0368642296935	0.0195336423171	-0.0928873040795	0.0209394306908	-0.0263192409579	-0.0592859536651	-0.00164905272098	0.0588612492867	-0.0154880108876	-0.00862058318429	1.0	-0.056345792867	0.0251090627684	0.0479049309057	0.0289777294437	0.0346359877627	0.02192852608	0.0303938417765	-0.0188214829071	-0.04844645543	-0.0573738590457	-0.056272507481	-0.0579262334574	-0.0232780682917	-0.0239001018011	0.0232470792749	0.0223705344638	-0.00258494581387	-0.00589493048673	0.0719769098175	-0.00104547662402	0.00683745143247	-0.0130545339801	-0.107211667663	-0.0334996984364	-0.0424531586111	-0.0201919778444	-0.00265249027638	-0.0341663837068	-0.0209041154332	-0.00017212475431	-0.0534568319778	-0.0140610886956	-0.016766981641	-0.0169115085144	-0.00567230546223	0.0058347424234	-0.0330003690457	0.0187454994267	0.00514797102055	0.00363878452694	-0.00820338285184	0.0388158777095	0.0143400298267
k__Bacteria;p__Bacteroidetes;c__Bacteroidia;o__Bacteroidales;f__Bacteroidaceae;g__Bacteroides;s__Bacteroides_fragilis	0.0454436666378	0.0220256986172	0.00098935331425	-0.0810976041111	-0.0104802274553	-0.0541272673331	0.0237630803906	-0.00255416294962	-0.0565892094523	-0.0525562354885	-0.00686917042814	0.00760684840532	-0.0232226009168	-0.0278638826798	-0.0302377306775	-0.056345792867	1.0	0.0312406098873	0.00608370780498	0.00511996712026	-0.0333561250136	0.0216676323185	-0.0276652392403	0.0189746338152	0.0325181190781	-0.0315755510361	-0.0169811064399	-0.0501268417368	0.0116276958329	0.0531197231929	-0.0654907275136	-0.0478497864081	-0.0129335358854	0.00774343060583	-0.0156463724746	0.0142200734902	-0.00900415902654	-0.0162029428425	0.0197270459685	0.0200301530465	0.0357583649861	0.0123581313837	0.010980103921	-0.0486831848352	0.0106226872297	-0.0290700747661	-0.035643650982	0.027034508993	0.00301654775747	-0.0279513657616	-0.0286757230703	-0.00340011734089	-0.0242997512401	-0.0317169297507	-0.0035116132638	-0.0103731738613	-0.0133442135709	0.020466925584	-0.0229687265768
k__Bacteria;p__Proteobacteria;c__Betaproteobacteria;o__Burkholderiales;f__Sutterellaceae;g__Sutterella;s__Sutterella_wadsworthensis	-0.045685673494	0.0150072917605	-0.0640356107938	-0.0606074388976	0.0406334440864	-0.0155985226118	-0.00967564983502	-0.0112251577279	-0.0374999290682	0.000359877563956	-0.0126260236511	-0.0275564720369	0.0370710552562	-0.00346849973432	0.055292076053	0.0251090627684	0.0312406098873	1.0	-0.0584004228492	-0.0142023059901	0.00202819238535	0.026261253201	-0.00886027970243	0.0202476382833	-0.0306833800142	-0.00394608845381	-0.0603110565239	-0.0414030767899	-0.0226260388024	-0.0423612453822	-0.0634176700114	0.0386422579127	-0.0291007208786	-0.0975763430841	0.0182385036045	0.0343630452477	0.0145253856292	-0.00960042134278	0.00597121444929	0.0126786330041	0.00289297820829	0.0214852548438	0.0160101658394	-0.0817301619135	0.00989974324564	0.0416529812313	-0.0321211304119	0.0268199940129	0.0192235877922	-0.0397732018388	-0.0118024015516	0.0770376058129	-0.000461658117842	0.044116908145	-0.0224643390093	-0.0463234555946	-0.0368212635617	-0.0371437184963	-0.01354616192
k__Bacteria;p__Bacteroidetes;c__Bacteroidia;o__Bacteroidales;f__Porphyromonadaceae;g__Barnesiella;s__Barnesiella_intestinihominis	-0.0145170683078	0.0268779476337	0.0162428018891	-0.00796468298506	0.0124105310482	0.0151432580844	0.00929386139627	-0.0406965219872	0.00871785463745	0.0189638344469	-0.039644628311	-0.009924744699	-0.00615106036876	-0.0389119529168	0.0166011484766	0.0479049309057	0.00608370780498	-0.0584004228492	1.0	-0.027643431753	0.0793790679129	-0.0970764890168	-0.0217994340917	-0.0543519054899	-0.0723771782031	-0.0219232454866	0.0200585369465	-0.0115456354224	0.0187414234079	-0.0106377452961	-0.00321812236651	-0.0310181879711	0.0048506479421	-0.0110745575752	0.0300972124101	0.00423637805189	-0.0523258544508	0.00486292177954	-0.0145190225378	-0.00238535358117	0.0347472096012	-0.0206320012488	-0.00354018241783	0.0371637154961	-0.0193648446508	-0.033253586732	0.0572187894868	-0.0254686628727	0.0283664883507	-0.0230578573943	-0.0168704397912	-0.0117764323687	-0.00960835844214	-0.0563070480041	-0.001641234507	0.0348583930176	-0.0181469743741	-0.0371483214491	-0.0221614847042
k__Bacteria;p__Bacteroidetes;c__Bacteroidia;o__Bacteroidales;f__Odoribacteraceae;g__Odoribacter;s__Odoribacter_splanchnicus	0.0235313038774	0.0429588274657	-0.0179899848243	-0.0280584942523	-0.029475188796	0.0084825654459	-0.00271422163718	0.0233621046439	-0.0755282562913	0.0050198362018	0.0529629134868	0.0182707775541	0.0249571471165	-0.0369201270226	-0.0719306560126	0.0289777294437	0.00511996712026	-0.0142023059901	-0.027643431753	1.0	0.0290098359084	-0.0138918643621	-0.017161438619	0.00557122503885	0.095488702742	0.0320990902511	-0.0829132697781	-0.0201381795836	-0.0266497655841	-0.0586162864533	-0.0171217861704	-0.0573816735082	-0.041840428559	0.0102369714708	0.00217297489704	0.0153274968804	0.0275070485404	0.0239360841662	-0.0135019222536	-0.00880232320062	0.00553114047588	-0.0143611640646	0.0427933315983	0.0533447271638	-0.0409248599176	-0.0201714243581	-0.0038204280028	-0.0290857729507	-0.0309130737762	-0.05570478633	0.0434478760773	0.0103925372481	0.0331508238354	-0.060027631144	-0.0499361987936	-0.035771869409	0.0289350154623	-0.0102788515915	-0.00296554726641
k__Bacteria;p__Bacteroidetes;c__Bacteroidia;o__Bacteroidales;f__Bacteroidaceae;g__Bacteroides;s__Bacteroides_salyersiae	-0.0127618081267	0.0241084405084	-0.0202285910088	-0.0569097223146	-0.00630250617617	-0.0084290404339	-0.0351124865218	0.00518573443325	-0.0105279601673	0.0239733683954	-0.036985051381	-0.00387043053807	0.0477834952933	0.0322468516395	-0.0477689943358	0.0346359877627	-0.0333561250136	0.00202819238535	0.0793790679129	0.0290098359084	1.0	0.0118546802005	-0.0288625264239	0.0082165007573	-0.0267933323197	-0.00945483669894	-0.0643373260355	-0.060066824532	0.0229388116118	-0.0348357390041	-0.00116479834093	0.00044527726378	-0.0297749429464	0.00762115419964	-0.0143951607896	-0.00474012306002	-0.00461569885792	-0.0476177694163	-0.0307000212147	-0.0105918706585	0.0254019955946	-0.0073861528521	-0.0355081774628	-0.014776514985	-0.0138231119129	-0.0362418856373	-0.0533870098303	-0.00605680680631	-0.051527704202	-0.0370481374442	-0.0770729850936	-0.000550854890221	0.000243088514751	-0.0271959308965	-0.0601193512922	0.027501784029	-0.0409594621565	0.0530095585809	0.0440230031717
k__Bacteria;p__Firmicutes;c__Clostridia;o__Clostridiales;f__Ruminococcaceae;g__Ruminiclostridium;s__[Eubacterium]_siraeum	0.0214921527379	-0.0364848928369	-0.0171839826881	-0.0502166110102	-0.0136026922891	-0.0772347807443	0.00452109406929	-0.0595423744445	-0.03233324936	-0.0438610499672	-0.0165892082987	-0.0275671163809	0.00355803026539	0.00759181184852	-0.0178159177376	0.02192852608	0.0216676323185	0.026261253201	-0.0970764890168	-0.0138918643621	0.0118546802005	1.0	-0.0407199862362	0.0254888020905	0.0160890677578	-0.0372661046054	0.0274433148077	0.0221218876833	0.0179129752	0.0432852601566	0.000466943028928	-0.0833241655896	0.00544645606353	0.0101382508906	0.0118091731622	-0.018386468073	0.00576077382114	0.0273333351497	-0.0697984777571	-0.0433013722985	0.0110053648423	0.00493113092575	-0.00750517772144	-0.0691406183577	-0.00840370937723	0.0035855188183	-0.0206235789307	0.0262378998475	0.00661897712118	-0.00401520844929	-0.0151971936612	-0.0202529906783	0.0105728241587	-0.00887427278756	0.0246875621249	-0.0551857405466	-0.011886114912	-0.047915194924	-0.00798415132937
k__Bacteria;p__Proteobacteria;c__Betaproteobacteria;o__Burkholderiales;f__Sutterellaceae;g__Parasutterella;s__Parasutterella_excrementihominis	0.0330562560875	0.0378739765226	-0.0417522530969	0.0247095228659	0.0180150750362	0.0197356195657	0.0464441502747	-0.0646102198189	0.00473995327782	0.0689258276761	-0.0244822860545	0.0173887791807	-0.00397327201471	0.0121566188656	-0.0337147986339	0.0303938417765	-0.0276652392403	-0.00886027970243	-0.0217994340917	-0.017161438619	-0.0288625264239	-0.0407199862362	1.0	-0.0135792857237	-0.0662791536046	-0.0230237673792	0.0189081929675	0.0042795265548	-0.00485294866461	-0.0203118309233	0.0112154189544	0.00358367958172	-0.0272859346802	-0.0272982663539	0.0152164416514	-0.0579227988487	-0.00771536741927	0.0324803697844	0.00989121903246	-0.0148799547694	-0.02366730432	-0.0302826738515	0.0470625303797	-0.073185732708	-0.0349754238859	-0.0359575682552	-0.0198715707135	0.027467519915	-0.0099529857988	0.0361868609527	-0.00364508343868	-0.0542823213723	-0.0101907103141	-0.0281438928164	-0.0336099284792	-0.0198219614609	-0.00876642089575	-0.0032006217105	-0.00567768993549
k__Bacteria;p__Actinobacteria;c__Actinobacteria;o__Bifidobacteriales;f__Bifidobacteriaceae;g__Bifidobacterium;s__Bifidobacterium_adolescentis	0.0442776670923	-0.0806207747259	0.012729003624	0.0554634089809	0.00982098187125	0.0111433245632	-0.0378575518749	-0.015992981266	0.0223728123406	-0.0327148642265	0.0236872387795	0.020433888775	0.00110740765217	-0.0025291557685	0.00680450844431	-0.0188214829071	0.0189746338152	0.0202476382833	-0.0543519054899	0.00557122503885	0.0082165007573	0.0254888020905	-0.0135792857237	1.0	-0.0230953095418	-0.0482916228168	-0.0109937207767	-0.0428894479143	0.0405299038883	-0.0469619155244	-0.080581973755	-0.0296809798488	-0.0508570461281	-0.0515669276429	-0.0355300147807	0.00103969780739	0.0173057486104	-0.0644934400456	-0.0382859414866	0.0556504401308	-0.0300143788168	0.00820707957391	-0.0418960162482	-0.031536914668	0.0520448665792	0.00541813658397	-0.0388256357706	-0.03364169646	-0.0428320711749	-0.024840648475	0.000663557364543	-0.0108217957402	-0.0379234728477	0.00670088477488	-0.0275863792545	-0.0459990788832	0.0377489475718	-0.0317663841235	-0.011383304184
k__Bacteria;p__Firmicutes;c__Clostridia;o__Clostridiales;f__Oscillospiraceae;g__Oscillibacter;s__Oscillibacter_sp._KLE_1745	-0.0367213972051	-0.0201428542048	0.00748471565792	0.0233350535199	0.0382089441339	0.0289001522705	-0.0170011400134	-0.013225507534	0.0215111907989	0.0349369888205	0.00475987272735	-0.0121891749652	-0.0104310609219	-0.0126921138524	-0.0147127534223	-0.04844645543	0.0325181190781	-0.0306833800142	-0.0723771782031	0.095488702742	-0.0267933323197	0.0160890677578	-0.0662791536046	-0.0230953095418	1.0	0.0109726734547	-0.00929144519359	-0.0235349739888	-0.0218112899319	-0.0275984621485	0.0168161071353	-0.0281077347099	-0.0163158114711	0.0462149448037	-0.0154422330679	0.0306695854694	0.03949747471	-0.053084716369	-0.00577275398449	-0.00369219949495	-0.000310500098074	0.00253642618336	-0.00515151756344	0.0203110662981	-0.0198245605246	-0.0291421840855	0.00553020005274	0.0585823287732	-0.0300161717581	0.0201980561602	0.0157067972316	-0.0243335894932	-0.0413427509557	0.0135138025737	0.0296542546047	-0.0422941353917	-0.0169459058288	0.00026886041902	-0.0259951608029
k__Bacteria;p__Bacteroidetes;c__Bacteroidia;o__Bacteroidales;f__Bacteroidaceae;g__Bacteroides;s__Bacteroides_coprophilus	-0.0103504109934	0.0362306631039	-0.016932528133	-0.0323151011933	-0.0187455846762	-0.0836629474802	-0.00364490560119	-0.0132934708477	-0.0362975149775	-0.0748100602462	-0.00747224346337	0.0477356068245	-0.0268340425256	-0.0212598102913	0.0510875628476	-0.0573738590457	-0.0315755510361	-0.00394608845381	-0.0219232454866	0.0320990902511	-0.00945483669894	-0.0372661046054	-0.0230237673792	-0.0482916228168	0.0109726734547	1.0	-0.0083604959417	0.0588641675889	0.00300976645948	-0.00242814423831	0.0332406021113	-0.00699716379594	0.0306010946974	-0.045889504888	-0.0109437379464	-0.026712141017	-0.0132960150894	0.0170552852284	0.018945115818	-0.0607652054991	0.0116601476982	0.0288650928525	0.0368785855515	-0.00181452301148	-0.0428125121321	-0.0307644125591	-0.0161531660055	-0.0221839353115	0.043148917379	0.0204787171506	-0.0552206714864	-0.0316372890158	-0.0755976226651	0.0408777406536	-0.0254563018915	0.0358031645006	-0.0160582543018	0.043375464486	-0.0108518147608
k__Bacteria;p__Firmicutes;c__Clostridia;o__Clostridiales;f__Lachnospiraceae;g__Roseburia;s__Roseburia_intestinalis	0.00877591477432	-0.0221374037482	-0.0249376434988	-0.053453171828	-0.0411990275859	0.100381217209	0.00566236786419	-0.0111099611057	-0.0263764568294	0.0553931639184	-0.0161334433312	0.018984533756	0.0431504819774	-0.0234277179837	0.00339338625962	-0.056272507481	-0.0169811064399	-0.0603110565239	0.0200585369465	-0.0829132697781	-0.0643373260355	0.0274433148077	0.0189081929675	-0.0109937207767	-0.00929144519359	-0.0083604959417	1.0	-0.0682138751959	-0.100664137257	-0.00644816479353	0.0133762500757	-0.0201334969463	0.0278561368678	-0.0333045592091	0.0196548372	-0.101671440451	-0.0416126075061	-0.0107520365942	0.0210113562629	0.0114543700283	-0.0141821154983	-0.00389384346654	-0.0521551082804	0.0219987820321	0.0153648883661	-0.0308046271009	-0.010649302827	0.0239513996476	0.00774421842371	0.011336737945	0.0451563324668	-0.0351778675255	-0.00165240484155	0.0339276378979	0.01859666884	0.0427685842777	0.0120270792134	-0.0447880860703	0.0269487441643
k__Bacteria;p__Firmicutes;c__Clostridia;o__Clostridiales;f__Lachnospiraceae;g__Roseburia;s__Roseburia_hominis	-0.0175973498602	0.0113645124437	-0.0118820566873	-0.0403745543924	-0.0339929711393	0.0353512328002	-0.0853172552158	-0.0147559267421	-0.0118499056824	0.009100309211	0.0156165189055	-0.0371701162921	-0.0277309511922	0.0380419235771	-0.0287639261088	-0.0579262334574	-0.0501268417368	-0.0414030767899	-0.0115456354224	-0.0201381795836	-0.060066824532	0.0221218876833	0.0042795265548	-0.0428894479143	-0.0235349739888	0.0588641675889	-0.0682138751959	1.0	-0.0220772184773	0.00142214045323	0.0503849817956	-0.0158133762189	0.0152111268255	0.0184283890557	0.0139170825657	-0.0458024643635	-0.0331879972693	0.0770179435435	0.0366197069919	0.0106053759394	-0.0297660688421	0.00528131513332	-0.0699158891404	0.0286363860342	0.0877539580374	0.0446257300418	-0.0124285798776	0.00925200848732	0.0660184685813	0.0168849536189	-0.00981267889535	-0.0556617348653	0.0237105885525	-0.0164879257971	0.00297947289468	0.00473505652101	0.042116720368	0.0227768264579	-0.0194688379687
k__Bacteria;p__Bacteroidetes;c__Bacteroidia;o__Bacteroidales;f__Porphyromonadaceae;g__Parabacteroides;s__Parabacteroides_johnsonii	-0.0117442772101	-0.0159566262278	-0.0366777793775	0.0449733032703	-0.0262646451694	-0.0282354682236	-0.00162918714552	0.00425739555119	-0.02456290188	-0.0750884217992	-0.0790839302339	0.00894193885197	-0.0653847834242	0.00781553108591	-0.0213503234436	-0.0232780682917	0.0116276958329	-0.0226260388024	0.0187414234079	-0.0266497655841	0.0229388116118	0.0179129752	-0.00485294866461	0.0405299038883	-0.0218112899319	0.00300976645948	-0.100664137257	-0.0220772184773	1.0	0.0563017494857	0.00545642666585	-0.00748507112574	-0.0208360911808	-0.0396966215105	0.00930711696913	-0.00333477967083	-0.0359632035451	-0.0339705377075	0.0147516516254	-0.0407422292687	-0.080728357994	0.0848546060443	-0.0187786818393	-0.00659605014211	-0.0775537277334	0.00734126833189	-0.050733043514	-0.0223144204734	0.028584502042	0.016478127471	0.0344820571856	0.0442244323256	-0.0324794471036	0.0239785213763	0.0356926209022	-0.037458385117	-0.00554558278853	-0.0160504596537	-0.0419202382048
k__Bacteria;p__Actinobacteria;c__Actinobacteria;o__Bifidobacteriales;f__Bifidobacteriaceae;g__Bifidobacterium;s__Bifidobacterium_longum	-0.0514434081053	0.00263160100242	0.0410938311359	0.019623674925	-0.00152458680788	-0.0167179943881	-0.0241981062567	-0.015722968553	-0.0877124145632	-0.0271275721595	-0.00760651684236	0.0089672333553	-0.0224838182679	-0.0459081246797	0.0420230037265	-0.0239001018011	0.0531197231929	-0.0423612453822	-0.0106377452961	-0.0586162864533	-0.0348357390041	0.0432852601566	-0.0203118309233	-0.0469619155244	-0.0275984621485	-0.00242814423831	-0.00644816479353	0.00142214045323	0.0563017494857	1.0	0.0377254365551	-0.0188013515229	-0.0118078606876	-0.0494754288711	0.01816871361	0.0510387654297	-0.0419033685396	-0.00624026838885	0.00333311196909	-0.00846188699957	-0.0361078679624	0.012011511786	0.0107135306981	-0.0478229288462	0.00750006276792	0.0209585797236	0.0374679016009	-0.0053641911802	-0.0532248239793	0.107157674988	-0.0565728095186	0.0136124769554	-0.0196408221648	-0.0562227741441	-0.00327014023912	0.000560456183573	-0.0200025458379	-0.00613170408837	-0.0106927370625
