#taxonomy	k__Bacteria;p__Bacteroidetes;c__Bacteroidia;o__Bacteroidales;f__Bacteroidaceae;g__Bacteroides;s__Bacteroides_vulgatus	k__Bacteria;p__Bacteroidetes;c__Bacteroidia;o__Bacteroidales;f__Bacteroidaceae;g__Bacteroides;s__Bacteroides_uniformis	k__Bacteria;p__Bacteroidetes;c__Bacteroidia;o__Bacteroidales;f__Rikenellaceae;g__Alistipes;s__Alistipes_putredinis	k__Bacteria;p__Bacteroidetes;c__Bacteroidia;o__Bacteroidales;f__Prevotellaceae;g__Prevotella;s__Prevotella_copri	k__Bacteria;p__Bacteroidetes;c__Bacteroidia;o__Bacteroidales;f__Bacteroidaceae;g__Bacteroides;s__Bacteroides_stercoris	k__Bacteria;p__Bacteroidetes;c__Bacteroidia;o__Bacteroidales;f__Bacteroidaceae;g__Bacteroides;s__Bacteroides_ovatus	k__Bacteria;p__Bacteroidetes;c__Bacteroidia;o__Bacteroidales;f__Rikenellaceae;g__Alistipes;s__Alistipes_shahii	k__Bacteria;p__Firmicutes;c__Clostridia;o__Clostridiales;f__Ruminococcaceae;g__Faecalibacterium;s__Faecalibacterium_prausnitzii	k__Bacteria;p__Bacteroidetes;c__Bacteroidia;o__Bacteroidales;f__Rikenellaceae;g__Alistipes;s__Alistipes_finegoldii	k__Bacteria;p__Bacteroidetes;c__Bacteroidia;o__Bacteroidales;f__Porphyromonadaceae;g__Parabacteroides;s__Parabacteroides_distasonis	k__Bacteria;p__Bacteroidetes;c__Bacteroidia;o__Bacteroidales;f__Bacteroidaceae;g__Bacteroides;s__Bacteroides_thetaiotaomicron	k__Bacteria;p__Bacteroidetes;c__Bacteroidia;o__Bacteroidales;f__Bacteroidaceae;g__Bacteroides;s__Bacteroides_coprocola	k__Bacteria;p__Bacteroidetes;c__Bacteroidia;o__Bacteroidales;f__Bacteroidaceae;g__Bacteroides;s__Bacteroides_cellulosilyticus	k__Bacteria;p__Bacteroidetes;c__Bacteroidia;o__Bacteroidales;f__Rikenellaceae;g__Alistipes;s__Alistipes_obesi	k__Bacteria;p__Firmicutes;c__Clostridia;o__Clostridiales;f__Lachnospiraceae;g__;s__[Eubacterium]_rectale	k__Bacteria;p__Bacteroidetes;c__Bacteroidia;o__Bacteroidales;f__Bacteroidaceae;g__Bacteroides;s__Bacteroides_plebeius	k__Bacteria;p__Bacteroidetes;c__Bacteroidia;o__Bacteroidales;f__Bacteroidaceae;g__Bacteroides;s__Bacteroides_fragilis	k__Bacteria;p__Proteobacteria;c__Betaproteobacteria;o__Burkholderiales;f__Sutterellaceae;g__Sutterella;s__Sutterella_wadsworthensis	k__Bacteria;p__Bacteroidetes;c__Bacteroidia;o__Bacteroidales;f__Porphyromonadaceae;g__Barnesiella;s__Barnesiella_intestinihominis	k__Bacteria;p__Bacteroidetes;c__Bacteroidia;o__Bacteroidales;f__Odoribacteraceae;g__Odoribacter;s__Odoribacter_splanchnicus	k__Bacteria;p__Bacteroidetes;c__Bacteroidia;o__Bacteroidales;f__Bacteroidaceae;g__Bacteroides;s__Bacteroides_salyersiae	k__Bacteria;p__Firmicutes;c__Clostridia;o__Clostridiales;f__Ruminococcaceae;g__Ruminiclostridium;s__[Eubacterium]_siraeum	k__Bacteria;p__Proteobacteria;c__Betaproteobacteria;o__Burkholderiales;f__Sutterellaceae;g__Parasutterella;s__Parasutterella_excrementihominis	k__Bacteria;p__Actinobacteria;c__Actinobacteria;o__Bifidobacteriales;f__Bifidobacteriaceae;g__Bifidobacterium;s__Bifidobacterium_adolescentis	k__Bacteria;p__Firmicutes;c__Clostridia;o__Clostridiales;f__Oscillospiraceae;g__Oscillibacter;s__Oscillibacter_sp._KLE_1745	k__Bacteria;p__Bacteroidetes;c__Bacteroidia;o__Bacteroidales;f__Bacteroidaceae;g__Bacteroides;s__Bacteroides_coprophilus	k__Bacteria;p__Firmicutes;c__Clostridia;o__Clostridiales;f__Lachnospiraceae;g__Roseburia;s__Roseburia_intestinalis	k__Bacteria;p__Firmicutes;c__Clostridia;o__Clostridiales;f__Lachnospiraceae;g__Roseburia;s__Roseburia_hominis	k__Bacteria;p__Bacteroidetes;c__Bacteroidia;o__Bacteroidales;f__Porphyromonadaceae;g__Parabacteroides;s__Parabacteroides_johnsonii	k__Bacteria;p__Actinobacteria;c__Actinobacteria;o__Bifidobacteriales;f__Bifidobacteriaceae;g__Bifidobacterium;s__Bifidobacterium_longum	k__Bacteria;p__Firmicutes;c__Clostridia;o__Clostridiales;f__;g__Flavonifractor;s__Flavonifractor_plautii	k__Bacteria;p__Firmicutes;c__Clostridia;o__Clostridiales;f__Clostridiaceae;g__Clostridium;s__Clostridium_phoceensis	k__Bacteria;p__Verrucomicrobia;c__Verrucomicrobiae;o__Verrucomicrobiales;f__Akkermansiaceae;g__Akkermansia;s__Akkermansia_muciniphila	k__Bacteria;p__Bacteroidetes;c__Bacteroidia;o__Bacteroidales;f__Prevotellaceae;g__Paraprevotella;s__Paraprevotella_xylaniphila	k__Bacteria;p__Firmicutes;c__Clostridia;o__Clostridiales;f__Ruminococcaceae;g__Ruminococcus;s__Ruminococcus_callidus	k__Bacteria;p__Bacteroidetes;c__Bacteroidia;o__Bacteroidales;f__Rikenellaceae;g__Alistipes;s__Alistipes_senegalensis	k__Bacteria;p__Firmicutes;c__Clostridia;o__Clostridiales;f__Lachnospiraceae;g__Blautia;s__Blautia_sp._KLE_1732	k__Bacteria;p__Bacteroidetes;c__Bacteroidia;o__Bacteroidales;f__Bacteroidaceae;g__Bacteroides;s__Bacteroides_oleiciplenus	k__Bacteria;p__Firmicutes;c__Clostridia;o__Clostridiales;f__Ruminococcaceae;g__Ruminococcus;s__Ruminococcus_bicirculans	k__Bacteria;p__Bacteroidetes;c__Bacteroidia;o__Bacteroidales;f__Bacteroidaceae;g__Bacteroides;s__Bacteroides_fluxus	k__Bacteria;p__Bacteroidetes;c__Bacteroidia;o__Bacteroidales;f__Prevotellaceae;g__Prevotella;s__Prevotella_stercorea	k__Bacteria;p__Firmicutes;c__Clostridia;o__Clostridiales;f__Lachnospiraceae;g__Dorea;s__Dorea_longicatena	k__Bacteria;p__Firmicutes;c__Clostridia;o__Clostridiales;f__Eubacteriaceae;g__Eubacterium;s__[Eubacterium]_eligens	k__Bacteria;p__Firmicutes;c__Clostridia;o__Clostridiales;f__Ruminococcaceae;g__;s__Ruminococcaceae_bacterium_D16	k__Bacteria;p__Firmicutes;c__Clostridia;o__Clostridiales;f__Lachnospiraceae;g__Coprococcus;s__Coprococcus_comes	k__Bacteria;p__Proteobacteria;c__Gammaproteobacteria;o__Enterobacterales;f__Enterobacteriaceae;g__Escherichia;s__Escherichia_coli	k__Bacteria;p__Firmicutes;c__Clostridia;o__Clostridiales;f__Ruminococcaceae;g__Anaerotruncus;s__Anaerotruncus_colihominis	k__Bacteria;p__Firmicutes;c__Clostridia;o__Clostridiales;f__Lachnospiraceae;g__Blautia;s__Blautia_obeum	k__Bacteria;p__Bacteroidetes;c__Bacteroidia;o__Bacteroidales;f__Odoribacteraceae;g__Odoribacter;s__Odoribacter_laneus	k__Bacteria;p__Firmicutes;c__Clostridia;o__Clostridiales;f__Ruminococcaceae;g__Ruminiclostridium;s__[Clostridium]_leptum	k__Bacteria;p__Bacteroidetes;c__Bacteroidia;o__Bacteroidales;f__Porphyromonadaceae;g__Parabacteroides;s__Parabacteroides_goldsteinii	k__Bacteria;p__Firmicutes;c__Clostridia;o__Clostridiales;f__Lachnospiraceae;g__Anaerostipes;s__Anaerostipes_hadrus	k__Bacteria;p__Firmicutes;c__Clostridia;o__Clostridiales;f__Ruminococcaceae;g__Ruminococcus;s__Ruminococcus_lactaris	k__Bacteria;p__Firmicutes;c__Clostridia;o__Clostridiales;f__Clostridiaceae;g__Clostridium;s__Clostridium_sp._L2-50	k__Bacteria;p__Firmicutes;c__Clostridia;o__Clostridiales;f__Clostridiaceae;g__Clostridium;s__Clostridium_sp._M62/1	k__Bacteria;p__Firmicutes;c__Clostridia;o__Clostridiales;f__;g__Intestinimonas;s__Intestinimonas_butyriciproducens	k__Bacteria;p__Actinobacteria;c__Actinobacteria;o__Bifidobacteriales;f__Bifidobacteriaceae;g__Bifidobacterium;s__Bifidobacterium_bifidum	k__Bacteria;p__Firmicutes;c__Negativicutes;o__Veillonellales;f__Veillonellaceae;g__Dialister;s__Dialister_invisus	k__Bacteria;p__Bacteroidetes;c__Bacteroidia;o__Bacteroidales;f__Bacteroidaceae;g__Bacteroides;s__Bacteroides_salanitronis
k__Bacteria;p__Bacteroidetes;c__Bacteroidia;o__Bacteroidales;f__Bacteroidaceae;g__Bacteroides;s__Bacteroides_vulgatus	1.0	0.0411896124743	-0.0642311782748	0.00971780105016	0.0151886699162	-0.000685249095515	-0.019588599262	-0.00659211745912	-0.0123703855234	0.0102677137028	-0.0289904466746	-0.0663438747204	-0.0424682550471	-0.0133072235834	-0.0158785816946	-0.00966372837863	-0.0631506229555	0.0658846965658	-0.0318280074639	-0.0690305872863	-0.0274655933205	-0.0388926350727	-0.0095968739003	-0.0519631892828	-0.0206800908158	0.0713809752721	0.021519681457	-0.00275859538478	-0.00836117028725	-0.0595841690001	-0.0294124700453	-0.010770775231	0.0447768164551	0.0385734287235	0.0276671331507	-0.0447946394221	-0.00523596762177	0.0145754656939	-0.0524934224015	0.0343192470688	0.0536653730606	-0.0326864630384	-0.0409713465975	0.0148729950872	-0.00129331635338	0.0475790800919	-0.0115628833994	-0.0222062751974	0.0352842475809	-0.0104924147657	0.000206435801066	-0.0371632476817	-0.0348047786279	0.0266681692178	0.015317969429	0.0184855638034	-0.0114126054503	-0.017439110025	0.0319823589542
k__Bacteria;p__Bacteroidetes;c__Bacteroidia;o__Bacteroidales;f__Bacteroidaceae;g__Bacteroides;s__Bacteroides_uniformis	0.0411896124743	1.0	0.0230874526063	0.00504325471711	-0.00936694851169	-0.0209405164882	-0.00102525425467	-0.00684458175886	0.0189599667107	-0.0447812498722	-0.00381524545206	0.017843076867	-0.0026863285379	0.0397693570106	-0.0470548367688	-0.0493188311775	-0.0273176020319	0.00959668199372	0.0187709074546	-0.0121529319658	0.0522518919505	-0.0237877224979	-0.0205473930316	0.0464808704968	0.0250709812801	0.00173247801918	-0.00832592956454	-0.0255330626169	-0.00567946550882	0.0148051044071	0.0149430746454	0.00761018662215	0.0103766110083	-0.0284564768397	-0.0892588672021	0.038574068462	-0.0276612968403	0.0222947779515	-0.0283106391984	0.0955360337002	0.00382937337984	0.0285790667007	0.0414172183295	-0.0200495794482	0.00292848550088	-0.0237759256739	0.0330853662073	0.0166908608895	-0.0192862971302	-0.000515921152385	0.00223513780569	-0.0082451216187	-0.0278231311874	-0.0319502071346	-0.0118276242232	-0.0808875246073	-0.0144055210908	-0.000696906971855	-0.04445424223
k__Bacteria;p__Bacteroidetes;c__Bacteroidia;o__Bacteroidales;f__Rikenellaceae;g__Alistipes;s__Alistipes_putredinis	-0.0642311782748	0.0230874526063	1.0	-0.0147455342075	-0.052781688892	-0.0191589478182	0.00149973213963	0.00913524766095	0.0537556586485	-0.0521371333456	0.00423768785531	0.0458486818838	-0.017150369372	0.000696613354569	-0.0236671847992	0.0399644387506	0.0283448595019	0.0524817901318	0.00821788705302	-0.0457922502645	0.00299696940594	0.0367593407496	0.0351558811976	-0.0085097749766	-0.00356903930437	0.0160878612843	-0.0678392104823	-0.0700677897043	0.0024921223792	0.0307668563683	-0.0724305131614	-0.0102005188386	0.0124338759342	0.00513452644623	-0.0488417253167	0.0281496857804	-0.018376051987	0.00142071152634	-0.0375621180459	-0.0419628584656	0.0319470179052	0.0259657765065	-0.0299120726418	-0.00770209459951	0.0219273115673	-0.0239464959003	0.0889447934531	-0.05341872576	-0.0279404285618	-0.0074765660011	-0.023364584313	0.0138614668331	-0.0382697933329	-0.0266737110526	-0.0356697863448	-0.0188254764971	-0.0619468856664	0.0881994069928	0.025529114376
k__Bacteria;p__Bacteroidetes;c__Bacteroidia;o__Bacteroidales;f__Prevotellaceae;g__Prevotella;s__Prevotella_copri	0.00971780105016	0.00504325471711	-0.0147455342075	1.0	-0.0610948028817	-0.0344255259103	0.00825431295685	-0.00479206296244	-0.00108024512604	0.000938906469139	-0.00473212740745	-0.00850983596938	0.0741728027745	0.00217299002204	-0.0228590618734	-0.0204011137583	0.0310230023341	0.038156191193	0.0401006283469	0.06195295646	0.0407765791722	-0.00800169465257	0.0159444510357	0.0215433012086	-0.0218506776555	0.0103997392173	-0.0489873125858	0.00689345665166	-0.00999245091422	-0.0349650599506	-0.05430920487	-0.000466591798195	-0.0460967072428	-0.0133362354116	0.0496146127301	-0.0449742950903	0.0150539383884	0.0121919785669	0.0172633241189	-0.0221216193142	-0.0359679891031	0.0301291603595	-0.0606642507436	-0.0110476473163	-0.00234227929262	-0.0301926872027	-0.0435403581257	-0.00224255299715	-0.0251238535206	-0.0273397037854	0.0482906464409	-0.00908450213927	0.0231274034228	0.0149028069172	0.00499361694555	-0.0426705904278	0.0251066431942	-0.048433925472	-0.0224965833311
k__Bacteria;p__Bacteroidetes;c__Bacteroidia;o__Bacteroidales;f__Bacteroidaceae;g__Bacteroides;s__Bacteroides_stercoris	0.0151886699162	-0.00936694851169	-0.052781688892	-0.0610948028817	1.0	0.0173566803365	-0.0263803721603	0.0133675678804	0.0308024709548	0.0347222980415	-0.0229346557479	-0.0456799763932	-0.0632189101675	0.0455965832382	-0.0184154114508	0.0216978762519	0.00410900680259	-0.0272649267616	0.0121077186435	0.00888900477925	0.0252182573669	0.0117726439203	-0.0218235786038	-0.0247647531246	0.0239335435299	0.0363398399399	-0.0759332381273	0.0162044344812	0.0172985800527	-0.00839599226013	0.0130212105536	0.00740639836522	-0.0149122164905	0.00282113891184	0.00500362473359	-0.00834040047558	0.028852546762	0.0304418879471	-0.0370986787413	-0.0307465229649	0.0309962688337	-0.0297864757488	-0.0415753929442	-0.0340579142839	0.0305878820402	0.00293406175352	-0.0407362341887	0.00227086369166	-0.0343460603785	0.013613468464	0.0506731236379	-0.0392910382309	0.0153825199415	0.0601155844738	0.0460002714229	0.0364062403885	-0.0264966019647	-0.0343196860796	-0.0325836501738
k__Bacteria;p__Bacteroidetes;c__Bacteroidia;o__Bacteroidales;f__Bacteroidaceae;g__Bacteroides;s__Bacteroides_ovatus	-0.000685249095515	-0.0209405164882	-0.0191589478182	-0.0344255259103	0.0173566803365	1.0	-0.0295490637694	-0.000499980136251	0.0193385644616	-0.0155170783628	-0.038201859343	-0.01757467135	0.0299501391953	0.037271971473	-0.00369822115902	0.00041365190098	0.0346904839713	-0.0620309001849	-0.0117916670683	0.0137382331107	0.0331133937197	0.0149405791891	0.0196649568288	0.00586590890455	-0.00145326761899	-0.0182592748256	0.0361101915135	-0.0267550854511	-0.0668018752431	-0.00428687243629	0.0299443320839	-0.00753220751789	-0.0494645164305	-0.0282280825405	-0.0262276840722	0.00561232533705	-0.00467553939577	-0.0824849397991	-0.0548625444432	-0.0326287202044	-0.013821630722	-0.00403537610707	0.0190731492305	-0.04159276827	0.00602251022913	-0.00340422131007	0.0655866410865	0.00679919164462	0.00615317639172	-0.00890350708875	-0.0325473151481	-0.0461025428745	0.0252817282105	-0.000968666217954	0.0210584724539	0.0247385940895	0.0305019858437	-0.0564126189219	-0.00754003205141
k__Bacteria;p__Bacteroidetes;c__Bacteroidia;o__Bacteroidales;f__Rikenellaceae;g__Alistipes;s__Alistipes_shahii	-0.019588599262	-0.00102525425467	0.00149973213963	0.00825431295685	-0.0263803721603	-0.0295490637694	1.0	-0.0183108086586	0.0267080411809	-0.00947943732264	0.0697869358162	-0.0423080930432	-0.00877998959482	-0.067330535148	0.00398387840088	-0.0424498875764	-0.0627613646352	0.066917409549	-0.0394179091285	0.02217601837	0.0112810421844	0.0082209278956	0.039209614142	0.0485109927699	0.0145319434572	-0.00839204323595	-0.00255021283643	-0.0181892588918	0.0496196495223	0.015654770504	0.0200819258645	-0.00182347096614	-0.0507801778627	-0.00356964144732	-0.00347465057079	-0.0289373279404	-0.0170226721595	-0.0324093004541	-0.0159066188037	-0.0147951752216	0.023928317047	-0.0476978324878	-0.0391203747994	-0.0474358405737	0.00223282257109	0.0375920896219	0.0231384242694	-0.0213249432549	-0.0405677647614	0.0291038386016	-0.0336077731111	-0.0304037158526	-0.013853664883	-0.0640764673057	-0.0282589250886	-0.00993276892255	-0.0108915307293	-0.0248165707948	-0.0260899583852
k__Bacteria;p__Firmicutes;c__Clostridia;o__Clostridiales;f__Ruminococcaceae;g__Faecalibacterium;s__Faecalibacterium_prausnitzii	-0.00659211745912	-0.00684458175886	0.00913524766095	-0.00479206296244	0.0133675678804	-0.000499980136251	-0.0183108086586	1.0	-0.039059933951	0.0107573922077	-0.0439644497806	0.00789743129343	0.0286633344715	-0.0181702197756	-0.017455013735	-0.0308827492218	0.0201985495482	0.00818110138436	0.00862447560133	-0.0211106819586	0.0280358066871	-0.0248241553139	0.00629220666365	0.0274669537801	0.00719303502951	-0.0160188814522	-0.0120537766841	-0.0371046784613	-0.0175895116414	-0.0553757801116	-0.0295297615844	0.0267374905506	0.0442402010073	-0.00873479820563	-0.025101652546	-0.0531719024739	-0.0361465394275	0.0145963538382	-0.00637435790782	-0.00597291385379	-0.0833390816044	-0.0351414442746	-0.0260132326985	-0.0435905258847	0.0635284107224	0.0249782471333	-0.0151991440705	0.0234604076374	0.024775719752	-0.0347306818957	-0.0584275015322	-0.0416283441526	-0.0390946245482	0.049079073995	0.04838377914	0.000648548447517	-0.0119172369796	-0.0168568564483	-0.00963515777475
k__Bacteria;p__Bacteroidetes;c__Bacteroidia;o__Bacteroidales;f__Rikenellaceae;g__Alistipes;s__Alistipes_finegoldii	-0.0123703855234	0.0189599667107	0.0537556586485	-0.00108024512604	0.0308024709548	0.0193385644616	0.0267080411809	-0.039059933951	1.0	0.0189961149967	-0.00481436681349	-0.0739227991044	0.0153666070682	0.00428896336391	0.0348840780432	-0.0376048716906	0.000435038706343	-0.0696526160519	-0.00355116186093	0.00281748329758	-0.0277677200196	0.000988933183235	0.0421907429611	0.00489570299812	0.0205496693261	-0.0485272668147	0.0113929959144	-0.0131346708125	0.0574337823955	0.0193871062063	0.00849630357148	-0.00516509925254	0.00657383459605	0.00718861979552	-0.0228987907007	-0.00378695767343	-0.0258348541708	-0.0246884885423	0.0229912324828	-0.00595707600661	-0.0265036815162	0.0356938934303	-0.0401910278452	0.00664865259822	-0.0350508760641	0.00489257887178	0.0113109825473	0.0131014229718	-0.039781485302	-0.050451549781	-0.0104123183517	0.0206817186242	0.00723693547143	-0.0111464903838	-0.0535356248605	-0.0192928214845	-0.021151719792	-0.00869474465245	0.0226911067073
k__Bacteria;p__Bacteroidetes;c__Bacteroidia;o__Bacteroidales;f__Porphyromonadaceae;g__Parabacteroides;s__Parabacteroides_distasonis	0.0102677137028	-0.0447812498722	-0.0521371333456	0.000938906469139	0.0347222980415	-0.0155170783628	-0.00947943732264	0.0107573922077	0.0189961149967	1.0	0.0303304230083	0.0301051806347	0.0308479320112	0.0170928763662	-0.011160165995	-0.0480453630866	0.0121813345388	0.0457437764126	-0.0241711407201	0.0534845000909	0.0121324258765	-0.0982031895786	-0.0307654810121	0.0104576361557	0.0129687450118	-0.0319369276786	-0.0647924478261	0.0111122521276	-0.00357165154942	0.0174781749094	0.0250425602904	0.0129042567194	-0.00587320691386	-0.031191731452	-0.051257300502	-0.041133148415	0.000622268832682	0.00791245182651	0.0560580851698	-0.000648298147442	-0.0471869734293	-0.0360793601059	-0.0382913439862	-0.063252204344	-0.105633742251	-0.0492253464927	-0.0428216420453	0.0414146549006	0.0281186058517	-0.0300287262762	-0.00942505718329	0.00743740404887	0.029953569709	0.0598486297353	0.017216420472	-0.0132410050461	-0.043047211895	0.0207294323025	-0.0163282521272
k__Bacteria;p__Bacteroidetes;c__Bacteroidia;o__Bacteroidales;f__Bacteroidaceae;g__Bacteroides;s__Bacteroides_thetaiotaomicron	-0.0289904466746	-0.00381524545206	0.00423768785531	-0.00473212740745	-0.0229346557479	-0.038201859343	0.0697869358162	-0.0439644497806	-0.00481436681349	0.0303304230083	1.0	-0.00273676260144	0.00939842372124	-0.000478833486494	-0.0257410685024	0.0157976394377	-0.00131070878979	-0.0945454296898	0.0214976936523	-0.0062499826276	-0.0381368654809	0.0350813424621	-0.0536886095922	0.0290596587917	-0.0254987576957	-0.0188526708798	0.0382727663873	-0.0453487742503	-0.058344314778	0.0519422269045	0.0140758147009	-0.022651626332	-0.060470243446	-0.00929702456561	0.0127522797013	-0.0439420509555	0.0195237184531	-0.0268461280166	0.0297691625514	-0.0596920415687	0.00445153902098	-0.00426864479843	-0.00259249156008	0.0570121231809	-0.0130141825261	-0.0169652559276	0.0945670644915	0.00827591749917	-0.0388437924293	0.0191924832125	0.0173497631006	0.0363743151242	0.0406353065246	-0.0177660378269	-0.0243172728642	-0.0679416227099	-0.0545207923497	0.00559541615573	0.0393747757886
k__Bacteria;p__Bacteroidetes;c__Bacteroidia;o__Bacteroidales;f__Bacteroidaceae;g__Bacteroides;s__Bacteroides_coprocola	-0.0663438747204	0.017843076867	0.0458486818838	-0.00850983596938	-0.0456799763932	-0.01757467135	-0.0423080930432	0.00789743129343	-0.0739227991044	0.0301051806347	-0.00273676260144	1.0	-0.0203796812213	0.0452282805364	-0.0278711134269	-0.0202552301087	0.0421314753016	0.0425942801675	0.0119103627414	-0.00862459938025	0.020632219982	-0.0140133149612	0.0294659027184	-0.0252139753051	-0.00790028925415	0.0142168849583	-0.0025170531435	0.0100587192428	0.0104275387533	-0.00844040183757	0.0483343131373	0.0104484843763	-0.0105434103296	-0.0413395849516	0.0221110003401	0.0265156605272	0.000637423744074	0.000986705248582	-0.0339141063683	0.0218905807647	0.0253641554551	-0.0418877133062	-0.00470231775171	0.0193673711894	-0.0310703991421	-0.0236446777217	-0.0334810577858	-0.0180176318212	0.0606789549851	-0.00523433056526	-0.00168295797135	-0.0444712772346	0.030406609954	0.0767387325374	-0.0467731926518	-0.0608002479386	-0.0342867288021	0.0163278144006	0.0386103229224
k__Bacteria;p__Bacteroidetes;c__Bacteroidia;o__Bacteroidales;f__Bacteroidaceae;g__Bacteroides;s__Bacteroides_cellulosilyticus	-0.0424682550471	-0.0026863285379	-0.017150369372	0.0741728027745	-0.0632189101675	0.0299501391953	-0.00877998959482	0.0286633344715	0.0153666070682	0.0308479320112	0.00939842372124	-0.0203796812213	1.0	-0.0479446286342	0.00644827996279	0.0482848659397	-0.00588925632318	-0.0372557174901	-0.0195071855165	-0.00338084821561	0.00289822287984	-0.0675394223822	0.0719681467288	0.0278482984754	0.0162961388529	0.00520675167858	0.0139072965334	-0.0062011808119	-0.0175856191014	0.081160004149	-0.0123647320769	-0.00282482937461	0.00302088502682	-0.00804638528879	0.00649395177179	-0.00927508014483	-0.0461095106779	-0.0210432408126	0.00726595865902	0.0126336723777	0.0027767096183	-0.0409466490147	0.00205462529233	-0.0012875509719	0.00101930706795	0.00529043144219	-0.00619643231961	0.0150894677255	-0.0336151012235	0.0242273108394	-0.0669278542017	-0.0150083399521	-0.0219543938609	0.00336429788899	-0.0142529884992	-0.0304572256291	0.0183766748893	0.00553295001457	0.00380418484271
k__Bacteria;p__Bacteroidetes;c__Bacteroidia;o__Bacteroidales;f__Rikenellaceae;g__Alistipes;s__Alistipes_obesi	-0.0133072235834	0.0397693570106	0.000696613354569	0.00217299002204	0.0455965832382	0.037271971473	-0.067330535148	-0.0181702197756	0.00428896336391	0.0170928763662	-0.000478833486494	0.0452282805364	-0.0479446286342	1.0	-0.0435284073491	0.00282280411872	0.0627633243231	-0.0402864335449	0.00285649130378	-0.0410320083772	-0.0479231883982	0.0381352682635	0.0059635715312	-0.0285716520479	-0.0324487038682	-0.0630879313255	0.0455646623244	-0.0563467979361	-0.0515505738852	-0.0290815395771	0.0212764127653	-0.0442244105534	0.0333950600161	-0.0562066876946	-0.0180525127176	0.00688064400127	-0.00687151492393	0.0152243288624	0.000607618365697	-0.0185705181579	-0.0537292549307	-0.0599804263739	0.00594935121732	-0.0303373152981	-0.0458867363738	-0.0327932595013	-0.00500750257117	-0.00828247876421	0.0616322677631	-0.0221000035186	0.0424802998661	0.0332205115101	0.0323978205592	0.0588442883306	-0.0285359493547	0.0755615217625	0.00130259727546	0.0751520697382	0.0310242832298
k__Bacteria;p__Firmicutes;c__Clostridia;o__Clostridiales;f__Lachnospiraceae;g__;s__[Eubacterium]_rectale	-0.0158785816946	-0.0470548367688	-0.0236671847992	-0.0228590618734	-0.0184154114508	-0.00369822115902	0.00398387840088	-0.017455013735	0.0348840780432	-0.011160165995	-0.0257410685024	-0.0278711134269	0.00644827996279	-0.0435284073491	1.0	0.0555049569278	0.044978569083	0.00931541224772	-0.0188847241052	0.00803960374547	-0.0320755065034	0.00908967452809	-0.0161708506041	-0.0490632913199	0.0235836678594	-0.0370639752972	0.0136841456284	-0.0388447323128	0.00766651463173	-0.0165708031328	0.0209506785282	-0.0420376461352	-0.0627860789254	0.0113000369766	0.0362419516257	0.0219789916334	-0.0157249743453	-0.0309572120927	0.0313255386476	-0.0319963723127	-0.0356606556412	-0.00943532215095	-0.0233909812155	0.00774056027664	-0.0258304781434	0.0331568307397	0.0106385012009	0.001608998861	-0.00208353082492	0.0264967137267	-0.00961493987924	0.0146101125437	-0.0370924962573	-0.0185588249495	-0.0167841411918	-0.000146739978058	-0.0434600328031	0.0521648093025	-0.0152667992682
k__Bacteria;p__Bacteroidetes;c__Bacteroidia;o__Bacteroidales;f__Bacteroidaceae;g__Bacteroides;s__Bacteroides_plebeius	-0.00966372837863	-0.0493188311775	0.0399644387506	-0.0204011137583	0.0216978762519	0.00041365190098	-0.0424498875764	-0.0308827492218	-0.0376048716906	-0.0480453630866	0.0157976394377	-0.0202552301087	0.0482848659397	0.00282280411872	0.0555049569278	1.0	-0.0201132503585	-0.0158921199887	-0.0521727953922	-0.0249500069388	-0.029879925667	0.0131173520076	-0.0803766981841	-0.0394188654782	-0.01133149421	-0.023999855353	0.0604994918657	0.0183329705137	-0.00101923244407	-0.0087483717301	-0.0189938524322	0.0349604701551	0.0269315191431	-0.0240056074541	-0.0182793003764	0.0060278344236	-0.0188674385705	-0.0235599045965	-0.00667319625222	-0.021118448945	-0.0689452239563	0.0200125070593	-0.0369272075617	0.00739552419719	-0.0262774182197	-3.08073630116e-05	-0.0240235815846	-0.0507487928273	0.0749996127582	0.00273196298939	0.0178473175164	0.0249698787427	0.0249963332614	-0.0146979406071	0.0339522496848	0.0134552557276	0.00820880964724	-0.0119376079669	-0.00929694576305
k__Bacteria;p__Bacteroidetes;c__Bacteroidia;o__Bacteroidales;f__Bacteroidaceae;g__Bacteroides;s__Bacteroides_fragilis	-0.0631506229555	-0.0273176020319	0.0283448595019	0.0310230023341	0.00410900680259	0.0346904839713	-0.0627613646352	0.0201985495482	0.000435038706343	0.0121813345388	-0.00131070878979	0.0421314753016	-0.00588925632318	0.0627633243231	0.044978569083	-0.0201132503585	1.0	0.015265040863	-0.0190963085825	-0.0356615950867	-0.0337108097606	0.0256632710387	6.55572666115e-05	4.55409969331e-05	0.063413788465	-0.0139836629232	0.0375245957149	-0.035499260232	0.00328744050123	0.0818029030268	-0.0536608985097	0.0309103575344	0.0184870945017	-0.00303571996438	-0.00935367620003	-0.0628226062276	-0.0296879685999	0.0122454615755	0.0329774493793	-0.0162486670898	-0.00244666600727	-0.0760891902649	0.0229478057352	0.00685176639532	-0.0290302821652	-0.0472551770009	-0.0358701871419	-0.0157388220444	-0.0363829604308	0.00739844525559	0.0431629393271	-0.041553205837	-0.0133863189874	0.0500214999053	0.000770540492813	-0.00771487881373	-0.04940554106	-0.0051475908365	-0.00309168911182
k__Bacteria;p__Proteobacteria;c__Betaproteobacteria;o__Burkholderiales;f__Sutterellaceae;g__Sutterella;s__Sutterella_wadsworthensis	0.0658846965658	0.00959668199372	0.0524817901318	0.038156191193	-0.0272649267616	-0.0620309001849	0.066917409549	0.00818110138436	-0.0696526160519	0.0457437764126	-0.0945454296898	0.0425942801675	-0.0372557174901	-0.0402864335449	0.00931541224772	-0.0158921199887	0.015265040863	1.0	0.0169919748962	0.0390248732532	0.0186754104227	-0.0331731353524	-0.0259175349499	0.0258583366149	0.0106289963111	0.0526316537423	-0.00645945662224	-0.0309109778595	-0.0367045513984	-0.0358054966105	-0.00562205617678	0.00918250588788	0.0100245194273	0.0187957727766	0.00622898365382	-0.0385785292666	-0.0136035115039	-0.00132845740742	-0.0141270827151	0.0170313751895	-0.0339009169798	0.0264358434573	0.0352467381378	-0.0274829436436	-0.0231617634071	-0.0579272451367	0.0205694457086	0.0118267472213	-0.00646798333349	-0.00548541432749	-0.00302477585398	0.0271040394429	0.0302361690611	0.0302776268799	0.0368175741399	0.0364409362768	0.00718703038224	0.0575018447114	0.0472041702171
k__Bacteria;p__Bacteroidetes;c__Bacteroidia;o__Bacteroidales;f__Porphyromonadaceae;g__Barnesiella;s__Barnesiella_intestinihominis	-0.0318280074639	0.0187709074546	0.00821788705302	0.0401006283469	0.0121077186435	-0.0117916670683	-0.0394179091285	0.00862447560133	-0.00355116186093	-0.0241711407201	0.0214976936523	0.0119103627414	-0.0195071855165	0.00285649130378	-0.0188847241052	-0.0521727953922	-0.0190963085825	0.0169919748962	1.0	0.00835349956614	-0.013136533173	0.0524694159817	-0.0107640141748	-0.0604844122952	-0.00350035400973	-0.0468119756164	0.00167775866992	-0.0012508885478	0.0179327726782	-0.00731493952884	0.00829478295663	-0.0106562348779	-0.0335622211595	0.0359085715785	-0.0527208061446	-0.0216287058374	-0.00389927992223	0.0216605274844	-0.00344885140874	0.00211571195155	-0.02961741457	-0.0137074376694	-0.0310470836911	-0.00603246546051	0.000941558088187	0.0380778708314	-0.0200696004856	0.0750979748374	-0.00273037424479	-0.0278114554643	-0.0335953886154	-0.0146396906349	-0.0785225905641	-0.013129103485	-0.053156519288	0.0139965847667	0.0631251663553	-0.030698989156	-0.00117006573652
k__Bacteria;p__Bacteroidetes;c__Bacteroidia;o__Bacteroidales;f__Odoribacteraceae;g__Odoribacter;s__Odoribacter_splanchnicus	-0.0690305872863	-0.0121529319658	-0.0457922502645	0.06195295646	0.00888900477925	0.0137382331107	0.02217601837	-0.0211106819586	0.00281748329758	0.0534845000909	-0.0062499826276	-0.00862459938025	-0.00338084821561	-0.0410320083772	0.00803960374547	-0.0249500069388	-0.0356615950867	0.0390248732532	0.00835349956614	1.0	-0.00432158864942	-0.00480669940715	-0.0145455572798	-0.00344852234552	-0.0456082389032	-0.0270393321552	0.00125917100689	-0.00820300871371	-0.0778921435103	-0.0241386259556	0.0258732901726	-0.00675945638933	0.0538793136455	0.0215592705459	-0.0164144746368	-0.0272368539669	-0.0292919892113	-0.0344315328582	-0.0151356388691	0.0210905052327	0.00824224049068	0.027042053276	0.0116937989414	0.0526555358495	0.0418826064368	-0.0456636394413	-0.00343510969479	0.0362773266229	-0.031658511492	-0.0317008267424	0.0228351762149	0.0251306218336	-0.00775243220548	-0.0471313998996	0.0175869611155	-0.0647454385608	0.0862945544914	-0.0447609632864	-0.00396775316163
k__Bacteria;p__Bacteroidetes;c__Bacteroidia;o__Bacteroidales;f__Bacteroidaceae;g__Bacteroides;s__Bacteroides_salyersiae	-0.0274655933205	0.0522518919505	0.00299696940594	0.0407765791722	0.0252182573669	0.0331133937197	0.0112810421844	0.0280358066871	-0.0277677200196	0.0121324258765	-0.0381368654809	0.020632219982	0.00289822287984	-0.0479231883982	-0.0320755065034	-0.029879925667	-0.0337108097606	0.0186754104227	-0.013136533173	-0.00432158864942	1.0	-0.102484588585	0.00878997143777	-0.0606805101912	-0.0182365017295	-0.0371158654282	0.0294337349894	-0.0377590307821	-0.00626401334916	-0.0137259359075	0.024865839253	-0.0990512662156	0.00459297117046	-0.035141415289	-0.0378134719235	-0.0457140193158	0.0570132822682	-0.0117128647118	0.0168895002308	-0.0227255847276	-0.0222284395268	0.0560318120496	-0.0341627561243	-0.0500379430775	0.0299498707602	0.0448069255497	-0.0471860799518	0.0192481652123	-0.0508655863328	-0.019897781725	-0.0524536199849	-0.0261114960069	-0.00530397065849	-0.0560014359365	-0.010437224547	-0.0664445561298	0.00655216741176	-0.0159893908683	0.0896596751688
k__Bacteria;p__Firmicutes;c__Clostridia;o__Clostridiales;f__Ruminococcaceae;g__Ruminiclostridium;s__[Eubacterium]_siraeum	-0.0388926350727	-0.0237877224979	0.0367593407496	-0.00800169465257	0.0117726439203	0.0149405791891	0.0082209278956	-0.0248241553139	0.000988933183235	-0.0982031895786	0.0350813424621	-0.0140133149612	-0.0675394223822	0.0381352682635	0.00908967452809	0.0131173520076	0.0256632710387	-0.0331731353524	0.0524694159817	-0.00480669940715	-0.102484588585	1.0	-0.00722694482512	-0.0176190654769	0.0149061722474	0.0202098147464	-0.0602837255987	-0.0223943719295	0.02946223629	-0.0140467446306	0.00873060426153	0.0354454353571	-0.0173465435253	0.0349621594462	-0.00107925623779	0.0530390328859	-0.0148233062848	0.0462203564644	-0.0654464535106	-0.0334669141092	0.0248441921846	0.0719083754424	0.0238080795703	-0.00801133511166	0.0515782915093	0.00956930785907	-0.0217460763054	-0.0157454001633	-0.0125341876665	-0.00423907577379	0.0566812940957	-0.0381698247028	-0.0449136364094	-0.0480545649941	-0.00848514322173	0.00982034066153	0.0550653118644	-0.0250065707788	-0.0253905718249
k__Bacteria;p__Proteobacteria;c__Betaproteobacteria;o__Burkholderiales;f__Sutterellaceae;g__Parasutterella;s__Parasutterella_excrementihominis	-0.0095968739003	-0.0205473930316	0.0351558811976	0.0159444510357	-0.0218235786038	0.0196649568288	0.039209614142	0.00629220666365	0.0421907429611	-0.0307654810121	-0.0536886095922	0.0294659027184	0.0719681467288	0.0059635715312	-0.0161708506041	-0.0803766981841	6.55572666114e-05	-0.0259175349499	-0.0107640141748	-0.0145455572798	0.00878997143777	-0.00722694482512	1.0	-0.0487445607984	0.0051067245695	-0.0343752366112	-0.0021292983023	-0.0123195245807	-0.0604895151621	0.00637956473611	0.035285140834	0.0116732865114	0.00283029865997	-0.0164938085879	-0.0801786067899	0.00502548522064	0.0327788806324	-0.00870145157872	-0.00198491657113	-0.0439480409671	-0.0291970509733	0.0260938164846	-0.0320364779536	-0.0156416220322	0.0106597194404	-0.0203112649097	-0.0212836433875	-0.0201583241246	0.0221115554484	-0.0529485258643	0.016468682864	-0.0507213269843	-0.031862078822	-0.0522303872475	-0.0367199846873	-0.0217127257931	-0.00650358181925	0.0574727343273	0.0258282687383
k__Bacteria;p__Actinobacteria;c__Actinobacteria;o__Bifidobacteriales;f__Bifidobacteriaceae;g__Bifidobacterium;s__Bifidobacterium_adolescentis	-0.0519631892828	0.0464808704968	-0.0085097749766	0.0215433012086	-0.0247647531246	0.00586590890455	0.0485109927699	0.0274669537801	0.00489570299812	0.0104576361557	0.0290596587917	-0.0252139753051	0.0278482984754	-0.0285716520479	-0.0490632913199	-0.0394188654782	4.55409969331e-05	0.0258583366149	-0.0604844122952	-0.00344852234552	-0.0606805101912	-0.0176190654769	-0.0487445607984	1.0	0.0141121812138	-0.00850510819224	0.0113151919291	0.0346495815952	-0.0274848291743	-0.0223944410493	-0.0131871838777	-0.023564503875	-0.00113934459702	-0.0437198895045	-0.0633884705332	-0.0217768240775	-0.0039652282042	0.0383476138252	0.0598318633053	0.0464813472469	-0.0110357351869	-0.034562367704	0.0882400440462	-0.0244454247585	-0.0117732568179	-0.0302117366325	-0.0216736724457	0.000152052786534	-0.0117412179517	-0.0142787108691	-0.0398565338672	0.0132737854165	0.0426329459886	-0.0550226917705	-0.00392275305175	-0.0458813612306	-0.00426163809999	0.0192117181899	0.00242559712857
k__Bacteria;p__Firmicutes;c__Clostridia;o__Clostridiales;f__Oscillospiraceae;g__Oscillibacter;s__Oscillibacter_sp._KLE_1745	-0.0206800908158	0.0250709812801	-0.00356903930437	-0.0218506776555	0.0239335435299	-0.00145326761899	0.0145319434572	0.00719303502951	0.0205496693261	0.0129687450118	-0.0254987576957	-0.00790028925415	0.0162961388529	-0.0324487038682	0.0235836678594	-0.01133149421	0.063413788465	0.0106289963111	-0.00350035400973	-0.0456082389032	-0.0182365017295	0.0149061722474	0.0051067245695	0.0141121812138	1.0	-0.00436937618963	-0.0322139041486	-0.0382433584456	0.0359189799359	-0.0346693835447	-0.0159546765162	0.00680816905963	0.0219158138552	0.0122388996471	-0.0466024396325	-0.0383144909461	-0.0278446495616	-0.0177607599459	-0.0032182434125	-0.0336540318156	0.00679552748571	-0.015293220738	-0.00309582550316	-0.0142335455725	0.0205520415717	0.0567111932584	0.00181603950497	0.0219085570872	-0.0594163217731	-0.0341964960802	0.0288669118736	-0.0613611594603	-0.0372056675039	-0.0105668831904	-0.0720280788189	-0.0373071334223	0.0304306476113	0.0452836734971	0.0620089656903
k__Bacteria;p__Bacteroidetes;c__Bacteroidia;o__Bacteroidales;f__Bacteroidaceae;g__Bacteroides;s__Bacteroides_coprophilus	0.0713809752721	0.00173247801918	0.0160878612843	0.0103997392173	0.0363398399399	-0.0182592748256	-0.00839204323595	-0.0160188814522	-0.0485272668147	-0.0319369276786	-0.0188526708798	0.0142168849583	0.00520675167858	-0.0630879313255	-0.0370639752972	-0.0239998553529	-0.0139836629232	0.0526316537423	-0.0468119756164	-0.0270393321552	-0.0371158654282	0.0202098147464	-0.0343752366112	-0.00850510819224	-0.00436937618963	1.0	0.0229640989771	-0.0394286214493	0.00428124370037	-0.0113289762311	-0.0230826927182	-0.00656447619729	-0.00384244074273	0.0315371054276	-0.00789040243299	-0.0274418945975	0.0232811519899	0.039822654086	-0.0464122797383	-0.0258285464767	0.0510881560013	-0.0637015953758	0.0201125237332	-0.00427432926578	-0.017078017927	-0.0595545613584	0.0110050425327	-0.0486144830119	-0.0356765956732	0.0189649688823	-0.0279022205288	0.0610846823247	-0.0218435807525	0.0337038377327	0.0420407479561	0.0189753323687	-0.0400812897992	-0.00970870469859	-0.0658795821998
k__Bacteria;p__Firmicutes;c__Clostridia;o__Clostridiales;f__Lachnospiraceae;g__Roseburia;s__Roseburia_intestinalis	0.021519681457	-0.00832592956454	-0.0678392104823	-0.0489873125858	-0.0759332381273	0.0361101915135	-0.00255021283643	-0.0120537766841	0.0113929959144	-0.0647924478261	0.0382727663873	-0.0025170531435	0.0139072965334	0.0455646623244	0.0136841456284	0.0604994918657	0.0375245957149	-0.00645945662224	0.00167775866992	0.00125917100689	0.0294337349894	-0.0602837255987	-0.0021292983023	0.0113151919291	-0.0322139041486	0.0229640989771	1.0	-0.0205524480498	0.000634092794799	-0.0592802439061	-0.0364302292871	0.0155820788154	-0.0341751668137	0.0483423994884	-0.050280221651	0.0446858741084	0.00367610821369	-0.00222205955769	0.00187977741056	0.0247627114309	0.0359665846734	0.00272556634883	-0.0504247298263	-0.024121421691	0.022316619663	-0.0270617280295	-0.0333915149044	-0.0326611154045	-0.0230776048795	0.0198121200323	-0.0503501412013	0.0163724379649	-0.0672988990994	-0.0196228995687	-0.0264669708596	0.0233968303095	-0.00792574743399	-0.0120513475911	-0.00277389947957
k__Bacteria;p__Firmicutes;c__Clostridia;o__Clostridiales;f__Lachnospiraceae;g__Roseburia;s__Roseburia_hominis	-0.00275859538478	-0.0255330626169	-0.0700677897043	0.00689345665166	0.0162044344812	-0.0267550854511	-0.0181892588918	-0.0371046784613	-0.0131346708125	0.0111122521276	-0.0453487742503	0.0100587192428	-0.0062011808119	-0.0563467979361	-0.0388447323128	0.0183329705137	-0.035499260232	-0.0309109778595	-0.0012508885478	-0.00820300871371	-0.0377590307821	-0.0223943719295	-0.0123195245807	0.0346495815952	-0.0382433584456	-0.0394286214493	-0.0205524480498	1.0	0.0238855047119	-0.0168335065012	0.0123675889235	-0.0014300108881	0.0240032683138	-0.0634298633636	-0.0601941845679	0.0186122073992	-0.0347843498826	0.0575579119529	0.0102717449691	0.0554080667682	-0.0232083868277	-0.0220144450097	-0.00922198993937	0.0275107259778	-0.0111988228311	0.0466637402087	0.000519169086864	0.00774474230758	-0.0177073121095	-0.00558883903579	0.0111171909446	0.0303812957328	-0.0167918104303	0.0173321427201	-0.0356994351907	0.0286179355078	-0.0185701188649	-0.0236598971002	-0.0473285670245
k__Bacteria;p__Bacteroidetes;c__Bacteroidia;o__Bacteroidales;f__Porphyromonadaceae;g__Parabacteroides;s__Parabacteroides_johnsonii	-0.00836117028725	-0.00567946550882	0.0024921223792	-0.00999245091422	0.0172985800527	-0.0668018752431	0.0496196495223	-0.0175895116414	0.0574337823955	-0.00357165154942	-0.058344314778	0.0104275387533	-0.0175856191014	-0.0515505738852	0.00766651463173	-0.00101923244407	0.00328744050123	-0.0367045513984	0.0179327726782	-0.0778921435103	-0.00626401334916	0.02946223629	-0.0604895151621	-0.0274848291743	0.0359189799359	0.00428124370037	0.000634092794799	0.0238855047119	1.0	-0.0159033930532	-0.0536713153683	0.0379861040205	0.0419125874868	-0.0215444410352	0.0534642175615	-0.0150893227091	0.0350844179276	0.0227601810629	-0.0414368826435	0.0413411968988	-0.0307617191126	-0.0170613157467	-0.0233756190626	0.0430692466646	-0.0490895987884	0.00090548303393	-0.000550509154832	-0.0673450636912	0.058279487935	-0.0286798430988	0.0426481906546	0.0327334359225	-0.00348316127903	-0.0141789236023	-0.000948359199881	-0.0014361910096	-0.01569550085	-0.0544348871885	-0.0065878273177
k__Bacteria;p__Actinobacteria;c__Actinobacteria;o__Bifidobacteriales;f__Bifidobacteriaceae;g__Bifidobacterium;s__Bifidobacterium_longum	-0.0595841690001	0.0148051044071	0.0307668563683	-0.0349650599506	-0.00839599226013	-0.00428687243629	0.015654770504	-0.0553757801116	0.0193871062063	0.0174781749094	0.0519422269045	-0.00844040183757	0.081160004149	-0.0290815395771	-0.0165708031328	-0.0087483717301	0.0818029030268	-0.0358054966105	-0.00731493952884	-0.0241386259556	-0.0137259359075	-0.0140467446306	0.00637956473611	-0.0223944410493	-0.0346693835447	-0.0113289762311	-0.0592802439061	-0.0168335065012	-0.0159033930532	1.0	-0.0160271230749	-0.000327970515415	0.0146085551606	-0.0388365924042	-0.0446341005619	-0.0789885808794	-0.058334588506	-0.0908017428111	0.0365531266997	-0.0740005479908	-0.0120315900654	-0.0363653494986	0.0396107943055	0.00943761745851	-0.0120337900515	0.0201737087687	-0.028082887493	0.0266667006179	-0.0106499152652	0.0611998237534	-0.0172112135363	-0.0180450820344	-0.00886826131394	0.057907924535	0.00775045672748	-0.0114540450082	-0.0691945418798	0.000285351805563	0.00666028449607
