#taxonomy	k__Bacteria;p__Bacteroidetes;c__Bacteroidia;o__Bacteroidales;f__Bacteroidaceae;g__Bacteroides;s__Bacteroides_vulgatus	k__Bacteria;p__Bacteroidetes;c__Bacteroidia;o__Bacteroidales;f__Bacteroidaceae;g__Bacteroides;s__Bacteroides_uniformis	k__Bacteria;p__Bacteroidetes;c__Bacteroidia;o__Bacteroidales;f__Rikenellaceae;g__Alistipes;s__Alistipes_putredinis	k__Bacteria;p__Bacteroidetes;c__Bacteroidia;o__Bacteroidales;f__Prevotellaceae;g__Prevotella;s__Prevotella_copri	k__Bacteria;p__Bacteroidetes;c__Bacteroidia;o__Bacteroidales;f__Bacteroidaceae;g__Bacteroides;s__Bacteroides_stercoris	k__Bacteria;p__Bacteroidetes;c__Bacteroidia;o__Bacteroidales;f__Bacteroidaceae;g__Bacteroides;s__Bacteroides_ovatus	k__Bacteria;p__Bacteroidetes;c__Bacteroidia;o__Bacteroidales;f__Rikenellaceae;g__Alistipes;s__Alistipes_shahii	k__Bacteria;p__Firmicutes;c__Clostridia;o__Clostridiales;f__Ruminococcaceae;g__Faecalibacterium;s__Faecalibacterium_prausnitzii	k__Bacteria;p__Bacteroidetes;c__Bacteroidia;o__Bacteroidales;f__Rikenellaceae;g__Alistipes;s__Alistipes_finegoldii	k__Bacteria;p__Bacteroidetes;c__Bacteroidia;o__Bacteroidales;f__Porphyromonadaceae;g__Parabacteroides;s__Parabacteroides_distasonis	k__Bacteria;p__Bacteroidetes;c__Bacteroidia;o__Bacteroidales;f__Bacteroidaceae;g__Bacteroides;s__Bacteroides_thetaiotaomicron	k__Bacteria;p__Bacteroidetes;c__Bacteroidia;o__Bacteroidales;f__Bacteroidaceae;g__Bacteroides;s__Bacteroides_coprocola	k__Bacteria;p__Bacteroidetes;c__Bacteroidia;o__Bacteroidales;f__Bacteroidaceae;g__Bacteroides;s__Bacteroides_cellulosilyticus	k__Bacteria;p__Bacteroidetes;c__Bacteroidia;o__Bacteroidales;f__Rikenellaceae;g__Alistipes;s__Alistipes_obesi	k__Bacteria;p__Firmicutes;c__Clostridia;o__Clostridiales;f__Lachnospiraceae;g__;s__[Eubacterium]_rectale	k__Bacteria;p__Bacteroidetes;c__Bacteroidia;o__Bacteroidales;f__Bacteroidaceae;g__Bacteroides;s__Bacteroides_plebeius	k__Bacteria;p__Bacteroidetes;c__Bacteroidia;o__Bacteroidales;f__Bacteroidaceae;g__Bacteroides;s__Bacteroides_fragilis	k__Bacteria;p__Proteobacteria;c__Betaproteobacteria;o__Burkholderiales;f__Sutterellaceae;g__Sutterella;s__Sutterella_wadsworthensis	k__Bacteria;p__Bacteroidetes;c__Bacteroidia;o__Bacteroidales;f__Porphyromonadaceae;g__Barnesiella;s__Barnesiella_intestinihominis	k__Bacteria;p__Bacteroidetes;c__Bacteroidia;o__Bacteroidales;f__Odoribacteraceae;g__Odoribacter;s__Odoribacter_splanchnicus	k__Bacteria;p__Bacteroidetes;c__Bacteroidia;o__Bacteroidales;f__Bacteroidaceae;g__Bacteroides;s__Bacteroides_salyersiae	k__Bacteria;p__Firmicutes;c__Clostridia;o__Clostridiales;f__Ruminococcaceae;g__Ruminiclostridium;s__[Eubacterium]_siraeum	k__Bacteria;p__Proteobacteria;c__Betaproteobacteria;o__Burkholderiales;f__Sutterellaceae;g__Parasutterella;s__Parasutterella_excrementihominis	k__Bacteria;p__Actinobacteria;c__Actinobacteria;o__Bifidobacteriales;f__Bifidobacteriaceae;g__Bifidobacterium;s__Bifidobacterium_adolescentis	k__Bacteria;p__Firmicutes;c__Clostridia;o__Clostridiales;f__Oscillospiraceae;g__Oscillibacter;s__Oscillibacter_sp._KLE_1745	k__Bacteria;p__Bacteroidetes;c__Bacteroidia;o__Bacteroidales;f__Bacteroidaceae;g__Bacteroides;s__Bacteroides_coprophilus	k__Bacteria;p__Firmicutes;c__Clostridia;o__Clostridiales;f__Lachnospiraceae;g__Roseburia;s__Roseburia_intestinalis	k__Bacteria;p__Firmicutes;c__Clostridia;o__Clostridiales;f__Lachnospiraceae;g__Roseburia;s__Roseburia_hominis	k__Bacteria;p__Bacteroidetes;c__Bacteroidia;o__Bacteroidales;f__Porphyromonadaceae;g__Parabacteroides;s__Parabacteroides_johnsonii	k__Bacteria;p__Actinobacteria;c__Actinobacteria;o__Bifidobacteriales;f__Bifidobacteriaceae;g__Bifidobacterium;s__Bifidobacterium_longum	k__Bacteria;p__Firmicutes;c__Clostridia;o__Clostridiales;f__;g__Flavonifractor;s__Flavonifractor_plautii	k__Bacteria;p__Firmicutes;c__Clostridia;o__Clostridiales;f__Clostridiaceae;g__Clostridium;s__Clostridium_phoceensis	k__Bacteria;p__Verrucomicrobia;c__Verrucomicrobiae;o__Verrucomicrobiales;f__Akkermansiaceae;g__Akkermansia;s__Akkermansia_muciniphila	k__Bacteria;p__Bacteroidetes;c__Bacteroidia;o__Bacteroidales;f__Prevotellaceae;g__Paraprevotella;s__Paraprevotella_xylaniphila	k__Bacteria;p__Firmicutes;c__Clostridia;o__Clostridiales;f__Ruminococcaceae;g__Ruminococcus;s__Ruminococcus_callidus	k__Bacteria;p__Bacteroidetes;c__Bacteroidia;o__Bacteroidales;f__Rikenellaceae;g__Alistipes;s__Alistipes_senegalensis	k__Bacteria;p__Firmicutes;c__Clostridia;o__Clostridiales;f__Lachnospiraceae;g__Blautia;s__Blautia_sp._KLE_1732	k__Bacteria;p__Bacteroidetes;c__Bacteroidia;o__Bacteroidales;f__Bacteroidaceae;g__Bacteroides;s__Bacteroides_oleiciplenus	k__Bacteria;p__Firmicutes;c__Clostridia;o__Clostridiales;f__Ruminococcaceae;g__Ruminococcus;s__Ruminococcus_bicirculans	k__Bacteria;p__Bacteroidetes;c__Bacteroidia;o__Bacteroidales;f__Bacteroidaceae;g__Bacteroides;s__Bacteroides_fluxus	k__Bacteria;p__Bacteroidetes;c__Bacteroidia;o__Bacteroidales;f__Prevotellaceae;g__Prevotella;s__Prevotella_stercorea	k__Bacteria;p__Firmicutes;c__Clostridia;o__Clostridiales;f__Lachnospiraceae;g__Dorea;s__Dorea_longicatena	k__Bacteria;p__Firmicutes;c__Clostridia;o__Clostridiales;f__Eubacteriaceae;g__Eubacterium;s__[Eubacterium]_eligens	k__Bacteria;p__Firmicutes;c__Clostridia;o__Clostridiales;f__Ruminococcaceae;g__;s__Ruminococcaceae_bacterium_D16	k__Bacteria;p__Firmicutes;c__Clostridia;o__Clostridiales;f__Lachnospiraceae;g__Coprococcus;s__Coprococcus_comes	k__Bacteria;p__Proteobacteria;c__Gammaproteobacteria;o__Enterobacterales;f__Enterobacteriaceae;g__Escherichia;s__Escherichia_coli	k__Bacteria;p__Firmicutes;c__Clostridia;o__Clostridiales;f__Ruminococcaceae;g__Anaerotruncus;s__Anaerotruncus_colihominis	k__Bacteria;p__Firmicutes;c__Clostridia;o__Clostridiales;f__Lachnospiraceae;g__Blautia;s__Blautia_obeum	k__Bacteria;p__Bacteroidetes;c__Bacteroidia;o__Bacteroidales;f__Odoribacteraceae;g__Odoribacter;s__Odoribacter_laneus	k__Bacteria;p__Firmicutes;c__Clostridia;o__Clostridiales;f__Ruminococcaceae;g__Ruminiclostridium;s__[Clostridium]_leptum	k__Bacteria;p__Bacteroidetes;c__Bacteroidia;o__Bacteroidales;f__Porphyromonadaceae;g__Parabacteroides;s__Parabacteroides_goldsteinii	k__Bacteria;p__Firmicutes;c__Clostridia;o__Clostridiales;f__Lachnospiraceae;g__Anaerostipes;s__Anaerostipes_hadrus	k__Bacteria;p__Firmicutes;c__Clostridia;o__Clostridiales;f__Ruminococcaceae;g__Ruminococcus;s__Ruminococcus_lactaris	k__Bacteria;p__Firmicutes;c__Clostridia;o__Clostridiales;f__Clostridiaceae;g__Clostridium;s__Clostridium_sp._L2-50	k__Bacteria;p__Firmicutes;c__Clostridia;o__Clostridiales;f__Clostridiaceae;g__Clostridium;s__Clostridium_sp._M62/1	k__Bacteria;p__Firmicutes;c__Clostridia;o__Clostridiales;f__;g__Intestinimonas;s__Intestinimonas_butyriciproducens	k__Bacteria;p__Actinobacteria;c__Actinobacteria;o__Bifidobacteriales;f__Bifidobacteriaceae;g__Bifidobacterium;s__Bifidobacterium_bifidum	k__Bacteria;p__Firmicutes;c__Negativicutes;o__Veillonellales;f__Veillonellaceae;g__Dialister;s__Dialister_invisus	k__Bacteria;p__Bacteroidetes;c__Bacteroidia;o__Bacteroidales;f__Bacteroidaceae;g__Bacteroides;s__Bacteroides_salanitronis
k__Bacteria;p__Bacteroidetes;c__Bacteroidia;o__Bacteroidales;f__Bacteroidaceae;g__Bacteroides;s__Bacteroides_vulgatus	1.0	-0.0175145647196	-0.00944733765226	0.0202279771527	-0.00781362956028	0.0133292911891	-0.0321877856558	0.0100576446037	-0.00533685857816	-0.0289322436905	-0.0364169187067	-0.0522033934526	-0.00778559315019	-0.03013634085	0.00104726861757	-0.0571341617374	-0.0159972889188	0.0325279153667	-0.0335135408913	0.0335722259208	0.00553230648878	0.0013520803129	-0.024873121063	0.0158595130232	-0.0375822161781	-0.055208725693	0.0210769008596	0.0225508471589	-0.0201336404176	0.00406470841422	0.0234609914651	-0.0282761932126	-0.0261699154418	0.018697749663	0.0361099471425	0.000671442560534	0.0247214888889	-0.0135979334903	-0.00624509497625	0.0755387695871	0.00397309187032	-0.0774847340686	-0.0109707813626	-0.005334106931	-0.0191383703175	-0.00538750983823	-0.03485581653	-0.030278184316	-0.00424967996045	0.0509632134696	0.013570063325	0.000898934449145	0.0113045427318	-0.0109424071498	-0.0123666617232	-0.0440345448843	-0.000924079002201	0.002339274538	0.0118978725983
k__Bacteria;p__Bacteroidetes;c__Bacteroidia;o__Bacteroidales;f__Bacteroidaceae;g__Bacteroides;s__Bacteroides_uniformis	-0.0175145647196	1.0	0.0280479584979	0.0148117697263	0.00835997078404	-0.00172593006507	0.00881260836975	0.0179449156372	-0.0137622505687	0.0414544813145	-0.079801503463	-0.0165374445019	-0.00785713648032	-0.0190947046645	-0.00372964624592	-0.00148752264597	0.0441872935995	0.000875408364577	0.0312602750841	0.0456261098871	-0.0408889314027	-0.0456095873804	0.00123631567707	-0.017920357551	-0.010367616311	0.0584724019458	-0.0603108556329	-0.0300607583326	-0.0205870200434	0.0003183176793	0.0405803296931	0.0304610354532	5.15887205461e-05	0.0272270226355	-0.0525959547306	0.0563209160344	-0.0526976802603	0.004135896257	-0.093915916318	0.0601596281457	-0.0829621424983	-0.086963970967	-0.00408664667228	0.00203101380226	-0.00657236459655	0.010879239001	-0.0306927397156	-0.0383708078646	-0.00152060140124	0.0231491732699	-0.0494778712946	0.0308218908548	0.00652082685722	-0.00222359633588	0.0185841273135	-0.0102433730245	-0.0275418407852	-0.0286882617353	-0.0276293801635
k__Bacteria;p__Bacteroidetes;c__Bacteroidia;o__Bacteroidales;f__Rikenellaceae;g__Alistipes;s__Alistipes_putredinis	-0.00944733765226	0.0280479584979	1.0	-0.0268815705683	-0.0651174310916	0.00599242130483	0.00183517922812	0.0167692237776	0.00956367420402	-0.021054094564	-0.0283062258884	0.0228983711141	0.0108124103396	-0.0400498998708	-0.000189710221703	0.0741316605875	-0.00937747719252	0.0362536132334	-0.0456605903145	0.000518993767059	-0.0473404788215	-0.00947120576458	-0.0623504272551	-0.0197498806866	-0.0592243875348	-0.00888420732937	0.00119179365272	-0.0289637774721	0.0657549518263	-0.0239953885704	0.0291883176243	0.0144108372522	-0.0147353992691	0.022016008236	-0.0351868975786	-0.0200202801071	0.025354499842	0.00208437922504	-0.0388845229821	-0.0744301353196	-0.0121905838835	-0.00110702418948	0.0454537866512	0.00797046197532	0.0140220381658	-0.0372540769469	-0.0127115438156	-0.038944471161	0.0148603399819	0.000318717927428	0.0221735982394	0.00410167654362	-0.0157001140783	0.0424379562187	-0.0436773123869	-0.0238024103646	0.0153148836618	0.00269125588587	-0.0115234077565
k__Bacteria;p__Bacteroidetes;c__Bacteroidia;o__Bacteroidales;f__Prevotellaceae;g__Prevotella;s__Prevotella_copri	0.0202279771527	0.0148117697263	-0.0268815705683	1.0	-0.0271407153295	0.0640708717103	-0.00154784630311	-0.0462860396027	-0.0146386894714	-0.0263633349112	0.00461093182984	0.0105745525658	-0.0188375287701	-0.0082017980585	0.0179603785448	-0.0316170570947	0.0105367597222	-0.00545178310258	-0.0340516896171	-0.0616106056804	-0.00577574901283	-0.0349231056705	-0.0282586423166	0.00569647242832	-0.0129314520405	0.0290370848517	0.0381451553864	-0.0518384912175	0.00406013457291	-0.0281189380021	-0.0159571993962	-0.0504403048273	-0.0154993803139	0.0231709948814	0.0339692484294	-0.0412355665778	0.00565286752403	0.0294156724396	-0.0155520854848	-0.0316997604498	-0.0266604944527	0.00882365222495	0.0268227238064	-0.0324533159815	-0.0136185969367	-0.0353017769251	-0.0283518004061	0.00431127279375	0.00398988186317	-0.0150223718326	-0.0206069098704	-0.00546273533581	-0.0155533576894	0.047512550114	-0.0596689652469	0.066429411891	0.0152133543071	-0.0222103632537	-0.025147696337
k__Bacteria;p__Bacteroidetes;c__Bacteroidia;o__Bacteroidales;f__Bacteroidaceae;g__Bacteroides;s__Bacteroides_stercoris	-0.00781362956028	0.00835997078404	-0.0651174310916	-0.0271407153295	1.0	-0.0289052022376	-0.0188539846974	0.0965100677384	-0.0266479498722	0.0853548679199	0.0249930721337	0.020964518822	-0.0125347647595	0.0179798463159	0.0236294470511	-0.0164855491698	-0.0177897608809	0.0420328443315	0.0404551578752	0.0291700782858	-0.0271563915952	-0.0284422349297	-0.0183583810812	-0.0320279723462	-0.080419301436	-0.0598450095877	-0.0553776127575	-0.00394574557787	-0.0306575221237	-0.00600829548835	-0.0129645210939	-0.0219278817818	-0.0323678960885	-0.0464977427229	0.0228753893223	0.0299536232794	-0.0616479451827	-0.00932655889887	0.00658592747886	0.0552554964875	0.0210718433928	-0.0336846269519	0.017143727939	-0.0535947159113	-0.0241564784728	-0.0544545026095	0.0151772276253	-0.0263573518496	0.0115757881316	-0.101813799634	-0.0744252299199	-0.00352338755805	-0.0246250725849	-0.05528940837	0.0304115975406	-0.0309952911772	-0.00321084684405	-0.0228979758789	0.020593647368
k__Bacteria;p__Bacteroidetes;c__Bacteroidia;o__Bacteroidales;f__Bacteroidaceae;g__Bacteroides;s__Bacteroides_ovatus	0.0133292911891	-0.00172593006507	0.00599242130483	0.0640708717103	-0.0289052022376	1.0	0.0297303864414	-0.00424826688551	-0.0206688070505	0.00915267608277	0.0440776010049	-0.0599360530738	0.020828496944	0.00613886964926	-0.0531222804898	-0.00448270976607	-0.0521580250346	-0.0597921278146	0.018384489209	-0.0304373647167	-0.00207017395375	-0.0310550945775	-0.00546549622832	0.0333254636513	-0.0209948487032	-0.0255094486238	0.00472702801644	-0.00433583072249	-0.0400521024143	-0.00758913845867	0.00151225554441	0.0557370155722	-0.0146644615675	0.035217768044	-0.0357205492834	0.0338015184318	0.00470025739353	0.00749552679734	-0.0159433852225	-0.0253730526733	-0.0202058255673	0.0183352253498	-0.0837424838144	0.00269994581785	-0.0820060890797	-0.0212916296347	-0.0348231047729	0.043584463379	-0.00505401735198	-0.033282815615	-0.0345267541688	0.0579489713235	-0.0305034771108	-0.0276960035034	-0.011056503416	-0.00512888571764	-0.00955314783127	-0.0525404973741	0.029334272496
k__Bacteria;p__Bacteroidetes;c__Bacteroidia;o__Bacteroidales;f__Rikenellaceae;g__Alistipes;s__Alistipes_shahii	-0.0321877856558	0.00881260836975	0.00183517922812	-0.00154784630311	-0.0188539846974	0.0297303864414	1.0	-0.0391067403005	0.00430407527889	-0.0755938197583	0.0603853306064	-0.0564066495069	0.0152478601668	-0.0120847013959	-0.0212182254635	0.0283382458588	-0.02879676679	-0.0140500457191	-0.0365796677363	-0.0195914800712	0.0343569637609	0.00671976040512	-0.0425943161121	-0.0188174635065	-0.026226963086	-0.0641704386162	-0.0112442616808	-0.0483449396405	-0.0547172872246	0.0139455568301	0.0203716687472	-0.0260965665366	-0.0237690835076	-0.0181476325991	-0.0204570028317	-0.0130762281299	-0.00484031356923	0.0204560036553	-0.0578582979521	-0.0115012220444	-0.000152257070739	0.0514699572765	0.0177271897562	-0.0266980862179	-0.00296461275979	-0.0699947534758	0.0274528745414	-0.0272926335434	0.0233242144647	-0.0642393488646	-0.0167541175925	-0.0328395886293	-0.00857561412196	0.0338707304768	-0.0421187463895	-0.00167297165881	0.0184702813648	0.0517400493079	0.0685206121506
k__Bacteria;p__Firmicutes;c__Clostridia;o__Clostridiales;f__Ruminococcaceae;g__Faecalibacterium;s__Faecalibacterium_prausnitzii	0.0100576446037	0.0179449156372	0.0167692237776	-0.0462860396027	0.0965100677384	-0.00424826688551	-0.0391067403005	1.0	0.0438273343342	0.025964484091	-0.0139503812391	0.0283574462917	-0.0886392302691	-0.0180633274553	0.0207046674629	0.0236354249186	0.00847992727591	-0.0501529261899	0.0270440857238	-0.0306292493685	-0.0309009984633	-0.0134533933503	-0.027253660401	0.00386014335895	-0.038917518001	-0.00351379272786	0.00586982453078	-0.0220395685195	-0.0559438411721	0.0090357089479	0.0558233931451	0.0233902201414	-0.0224458343495	-0.00106481500241	-0.0272599988832	-0.0271269677267	-0.0328182997904	0.0363511860076	-0.040738734696	0.0225324318635	-0.0192710138036	-0.0681737245421	-0.00540732368936	-0.0527973011159	-0.00485469034845	0.0489714002385	0.0516609816554	0.0233043405214	0.0306239462062	0.00599443728763	0.00973129265129	0.0094483985969	0.0210493991241	0.0249979941111	-0.00169240385648	-0.0553098855622	0.0199649656842	-0.0453264675951	-0.0587078114766
k__Bacteria;p__Bacteroidetes;c__Bacteroidia;o__Bacteroidales;f__Rikenellaceae;g__Alistipes;s__Alistipes_finegoldii	-0.00533685857816	-0.0137622505687	0.00956367420402	-0.0146386894714	-0.0266479498722	-0.0206688070505	0.00430407527889	0.0438273343342	1.0	-0.0700539632641	0.00591936027744	0.0040576560603	-0.0347524221851	0.00643833458113	0.057229152181	0.0132407368179	0.0239535185398	-0.00217858875573	0.012630647928	-0.0149512712598	-0.00356675923771	0.0455996895273	-0.0411411287476	-0.0751200350449	-0.051021459602	-0.00644567699337	-0.00379883030648	-0.0225571527466	0.0768161559787	0.0190133449356	-0.019528661933	0.0313884049863	0.00109744129549	0.0610808901137	-0.0483568902047	-0.0167333511763	-0.0215015213108	-0.0121481507959	0.00790809857094	-0.0471280897973	-0.0283896160939	-0.0053202766727	-0.0284612296423	-0.0386262135638	0.00306145821921	-0.034271558749	0.00344495295076	-0.0290393524776	-0.0542640006159	0.0181009943206	0.0474660228833	0.000849662426614	-0.0456521840242	0.0105036535977	-0.0014638074367	0.00289774577007	0.0428518439811	-0.00858568763811	0.00856960283516
k__Bacteria;p__Bacteroidetes;c__Bacteroidia;o__Bacteroidales;f__Porphyromonadaceae;g__Parabacteroides;s__Parabacteroides_distasonis	-0.0289322436905	0.0414544813145	-0.021054094564	-0.0263633349112	0.0853548679199	0.00915267608277	-0.0755938197583	0.025964484091	-0.0700539632641	1.0	-0.00104742362211	-0.0502489699188	-0.0190736011532	-0.0482337848051	-0.0156140488728	0.00635132181811	0.00371150150372	0.00959935116987	0.0471630503077	0.0251655877157	-0.00467279983406	0.0477648161993	0.0270062099418	-0.0265984770178	-0.0662646562049	-0.00170314164459	-0.0718251798488	-0.00211163614618	-0.0236689202013	-0.00166320413418	0.0209438948579	0.0332312230683	-0.0481904307508	-0.00852710391085	0.0466585775769	0.0200071700909	-0.00989812926135	-0.0115184775299	-0.0110433581267	-0.0312627932607	-0.0144726462219	-0.0747393656153	-0.0247292491148	0.013996636784	0.00612984824156	-0.0849118728859	0.00671171444879	-0.0215213950183	-0.0781998832417	-0.0424445298309	-0.0269083982596	-0.00705857116797	0.00981440355724	-0.0195598681365	0.0568661643021	0.0272553913274	-0.0800162836057	-0.0207146071885	0.0166118010385
k__Bacteria;p__Bacteroidetes;c__Bacteroidia;o__Bacteroidales;f__Bacteroidaceae;g__Bacteroides;s__Bacteroides_thetaiotaomicron	-0.0364169187067	-0.079801503463	-0.0283062258884	0.00461093182984	0.0249930721337	0.0440776010049	0.0603853306064	-0.0139503812391	0.00591936027744	-0.00104742362211	1.0	-0.000148608519392	-0.0635145065068	0.0426811938236	-0.0536765362297	0.018678677439	-0.0156545122114	0.0435786741074	0.0223468377213	-0.0795050976889	-0.0748024502916	-0.0268690943099	-0.0226697318169	-0.0666391597766	0.0371927514382	0.0179439520612	-0.0325306159086	0.0363425314784	-0.0397708956366	-0.00115708416561	-0.0290535419332	-0.0173844289625	-0.0353695108882	0.00904973989819	0.00404587522017	0.0120923577448	0.0158237666082	-0.0784026266078	-0.0492178786235	-0.0106411286071	0.0268420691735	0.0165911876676	0.00242791804979	0.0487256078868	-0.0153010174976	0.0440365667603	0.0272538550866	-0.0583795522035	0.0328601978209	-0.0178924980449	-0.0272681550844	-0.0596653416313	-0.0281368464827	-0.00471700051544	0.0264381237408	0.0229701138023	0.00520833444865	-0.0398588137021	-0.0578042154773
k__Bacteria;p__Bacteroidetes;c__Bacteroidia;o__Bacteroidales;f__Bacteroidaceae;g__Bacteroides;s__Bacteroides_coprocola	-0.0522033934526	-0.0165374445019	0.0228983711141	0.0105745525658	0.020964518822	-0.0599360530738	-0.0564066495069	0.0283574462917	0.0040576560603	-0.0502489699188	-0.000148608519392	1.0	-0.0435423307154	-0.00848282594553	0.0133731569113	0.000837368365289	0.037761779717	-0.0441627160629	0.00475012399336	0.0334469435459	-0.00736652026512	-0.00868965876905	0.0271303119717	-0.00108729954537	-0.0421961566512	0.02717651213	-0.00666945150938	0.0791152068594	0.0269951720323	-0.00443370075083	0.0521176576816	0.0212964778791	0.0256919809824	-0.0329505967136	-0.0281113354	-0.00207729253778	-0.0163735911839	-0.0396217011249	-0.0218280319793	-0.0388293014156	-0.00655658702172	0.0159982113845	0.0358717929302	0.0232715396153	-0.020572857853	-0.022608514841	-0.0202263245568	-0.0164721253854	-0.0507677761603	-0.0205708657752	0.00405783489132	-0.0451222434411	0.011753247547	-0.0190895392997	-0.0167509722118	-0.00723285109189	0.0303378097536	0.00890027486037	-0.0124079696753
k__Bacteria;p__Bacteroidetes;c__Bacteroidia;o__Bacteroidales;f__Bacteroidaceae;g__Bacteroides;s__Bacteroides_cellulosilyticus	-0.00778559315019	-0.00785713648032	0.0108124103396	-0.0188375287701	-0.0125347647595	0.020828496944	0.0152478601668	-0.0886392302691	-0.0347524221851	-0.0190736011532	-0.0635145065068	-0.0435423307154	1.0	-0.0205108059047	0.0227677615245	0.00764384825939	0.00401692580928	0.00107644712509	0.0445224444628	-0.025802844119	0.000516408400641	0.00620336499028	-0.00465262945298	0.0174905705284	-0.0388847685977	-0.0342664366678	-0.00575399298429	0.00995129043271	0.0237968548438	-0.0325803503905	0.00588140955232	-0.00762917724565	0.0112578023795	0.0251995950798	0.0107635595559	-0.0228323299372	-0.0527762534266	-0.0643484297724	4.54367182536e-05	-0.0522163244568	-0.0369611671823	0.0157201537248	0.0151955679863	-0.0137213428401	0.0198014439836	-0.0250200140413	-0.021604976789	0.00318881269422	-0.0572633553236	-0.0336510849544	0.0544776436992	0.0497902484204	0.0117079373852	0.00159072967249	0.0288332254144	-0.0828817442133	0.0103460175462	-0.0205197291369	0.0672291442573
k__Bacteria;p__Bacteroidetes;c__Bacteroidia;o__Bacteroidales;f__Rikenellaceae;g__Alistipes;s__Alistipes_obesi	-0.03013634085	-0.0190947046645	-0.0400498998708	-0.0082017980585	0.0179798463159	0.00613886964926	-0.0120847013959	-0.0180633274553	0.00643833458113	-0.0482337848051	0.0426811938236	-0.00848282594553	-0.0205108059047	1.0	-0.0504945582468	0.0142874018922	-0.0237882135538	0.0343186538973	-0.00388312386592	0.0350303835895	-0.0323088739245	-0.0258463677481	-0.0204032501979	-0.0115939533509	0.00261366602077	-0.0396809766273	-0.00573970633048	0.0202748114171	-0.0205729921659	0.0209144042046	-0.0639851902096	-0.0132210414841	-0.0161304264983	0.00900730628987	0.00281039177854	-0.00363212763595	0.00503427018997	-0.00637655317442	-0.00451372732436	-0.0181467075409	0.000900077437203	-0.0111000291033	0.0117404514989	-0.00775223185581	0.0424692033965	0.083432567206	-0.0258806168707	0.0154630693865	-0.00268158882661	0.00874720627706	0.0129321398445	-0.0275680684856	-0.0440551990001	0.00122942037139	0.015955305971	0.00820775156892	-0.00942523818778	-0.0221386205001	0.00999720788744
k__Bacteria;p__Firmicutes;c__Clostridia;o__Clostridiales;f__Lachnospiraceae;g__;s__[Eubacterium]_rectale	0.00104726861757	-0.00372964624592	-0.000189710221702	0.0179603785448	0.0236294470511	-0.0531222804898	-0.0212182254635	0.0207046674629	0.057229152181	-0.0156140488728	-0.0536765362297	0.0133731569113	0.0227677615245	-0.0504945582468	1.0	-0.0176620639959	0.00962388349261	0.00101951186598	-0.0504372388015	-0.0093344048808	0.0407477378289	0.0282089767763	0.0189275143543	0.0400214891737	0.0228522196368	0.0241611684564	-0.0609681875985	-0.044678244685	-0.044402493494	0.0177130399572	-0.0135842831363	0.0158366664426	-0.0262282317713	-0.0459396861501	-0.0234734674481	0.012932125885	-0.0153938196413	0.0155413865002	-0.0263206034717	-0.0369382655973	0.0323124607397	-0.00989913200183	-0.0780747509313	0.0511831838143	0.0246200402862	-0.006437197337	-0.0385962058139	-0.0199655028502	0.0350095321996	-0.00488992389858	-0.0525160684849	-0.0318291613545	-0.0407723478719	-0.0262624749735	-0.0476614930633	-0.029150745774	-0.0237826110733	-0.0138364647661	-0.0224219673104
k__Bacteria;p__Bacteroidetes;c__Bacteroidia;o__Bacteroidales;f__Bacteroidaceae;g__Bacteroides;s__Bacteroides_plebeius	-0.0571341617374	-0.00148752264597	0.0741316605875	-0.0316170570947	-0.0164855491698	-0.00448270976607	0.0283382458588	0.0236354249186	0.0132407368179	0.00635132181811	0.018678677439	0.00083736836529	0.00764384825939	0.0142874018922	-0.0176620639959	1.0	-0.0350384484743	0.037845842428	0.0385397999611	-0.0302695463183	0.028603492857	-0.0164723018627	-0.0792214304594	-0.0335490921674	-0.0376487480669	-0.0236639137654	0.0283051691802	0.0606974570186	0.0619131580531	-0.00847510310403	0.0317364169541	-0.0035125710389	0.0104953115504	0.0362112173225	-0.0180667030965	0.00153522115813	-0.0187882625157	0.00402917171427	-0.0344906448364	0.0362118345813	0.0452856673279	-0.0888322807129	-0.00888767612442	0.0301722077063	-0.0140346173154	-0.015118396713	-0.0106410228152	0.0333587607932	-0.00454830994903	-0.0945671843106	-0.0137187681823	-0.0326254367881	-0.0160609038592	0.0402132410811	-0.0267292478647	0.0228081863495	-0.0694875120671	-0.00600506578199	-0.0168761755072
k__Bacteria;p__Bacteroidetes;c__Bacteroidia;o__Bacteroidales;f__Bacteroidaceae;g__Bacteroides;s__Bacteroides_fragilis	-0.0159972889188	0.0441872935995	-0.00937747719252	0.0105367597222	-0.0177897608809	-0.0521580250346	-0.02879676679	0.00847992727591	0.0239535185398	0.00371150150372	-0.0156545122114	0.037761779717	0.00401692580928	-0.0237882135538	0.00962388349261	-0.0350384484743	1.0	0.00634586513808	-0.0350406867248	0.0374812838989	0.00395478044136	-0.0506079149863	-0.018615516426	0.0319942463842	-0.035132121658	-0.0430456694718	0.00902579795483	0.0184498045954	0.0790123044079	0.00763916682123	-0.0378277474617	0.0272662813563	0.0193636111469	-0.014605857744	-0.0674923058687	-0.019640107944	-0.0348389708946	-0.0101622769428	0.0377461315405	-0.0476372238323	-0.00177916839411	0.0215818672344	0.00695141615114	0.028203884312	0.0265971282214	-0.0473897448103	-0.0186381405825	0.00475175876671	-0.0285192955478	0.00604631360917	0.0587172550738	-0.0780869333965	-0.0254010366006	-0.0229393058126	-0.0434280235949	-0.0136927763152	-0.0492631181797	0.0439536425611	-0.0413379186991
k__Bacteria;p__Proteobacteria;c__Betaproteobacteria;o__Burkholderiales;f__Sutterellaceae;g__Sutterella;s__Sutterella_wadsworthensis	0.0325279153667	0.000875408364577	0.0362536132334	-0.00545178310258	0.0420328443315	-0.0597921278146	-0.0140500457191	-0.0501529261899	-0.00217858875573	0.00959935116987	0.0435786741074	-0.0441627160629	0.00107644712509	0.0343186538973	0.00101951186598	0.037845842428	0.00634586513808	1.0	-0.0368809556999	0.030858920007	-0.0383537177201	-0.0493805780777	-0.0549853398865	-0.0214494226038	0.0391987141322	0.00897437071652	0.0391241110172	-0.0127089393364	0.000164535384452	0.0410654302834	-0.0235143170345	-0.00103838195851	-0.00799399764623	-0.0108663995515	0.0474345783045	-0.00381048964164	-0.0863311925879	0.0200142816399	-0.0151581832659	-0.0369340738188	-0.00118627688059	-0.0171880048988	-0.0240533462339	0.0245364613141	0.0191257004533	-0.0108125649462	-0.00894170716244	0.00995663823736	0.0442044115707	0.0193846235719	-0.0174997225364	-0.0341878571098	-0.011507494382	0.00249312960864	-0.0339112712995	0.0420974262011	-0.0634647599989	0.0159476124717	0.0132321379705
k__Bacteria;p__Bacteroidetes;c__Bacteroidia;o__Bacteroidales;f__Porphyromonadaceae;g__Barnesiella;s__Barnesiella_intestinihominis	-0.0335135408913	0.0312602750841	-0.0456605903145	-0.0340516896171	0.0404551578752	0.018384489209	-0.0365796677363	0.0270440857238	0.012630647928	0.0471630503077	0.0223468377213	0.00475012399336	0.0445224444628	-0.00388312386592	-0.0504372388015	0.0385397999611	-0.0350406867248	-0.0368809556999	1.0	-0.109339965956	-0.0539842085536	-0.0233317843427	-0.0183552889114	0.00662879963023	0.0326884895639	-0.00531085901521	-0.0119774332183	-0.0159099927824	-0.0496714039595	-0.0239879985047	0.0267971434332	-0.0252675434566	-0.0099934618428	0.0195001952707	-0.0163461291361	0.032481671174	-0.0197169514219	-0.0392361248733	-0.0127838293401	0.0234112675749	0.0250348243062	-0.031683462705	-0.0269173918596	0.0264620974209	-0.0152750320307	0.0330611107928	-0.045420651181	0.0426023946941	-0.00316481126661	0.00922993215979	-0.0222031511123	-0.0119966508382	-0.0160051193386	-0.0150820913142	0.0289002560234	-0.0108395912356	0.00144732844271	-0.0370339001115	-0.0583360922826
k__Bacteria;p__Bacteroidetes;c__Bacteroidia;o__Bacteroidales;f__Odoribacteraceae;g__Odoribacter;s__Odoribacter_splanchnicus	0.0335722259208	0.0456261098871	0.000518993767059	-0.0616106056804	0.0291700782858	-0.0304373647167	-0.0195914800712	-0.0306292493685	-0.0149512712598	0.0251655877157	-0.0795050976889	0.0334469435459	-0.025802844119	0.0350303835895	-0.0093344048808	-0.0302695463183	0.0374812838989	0.030858920007	-0.109339965956	1.0	0.0333272701967	-0.0426067047468	-0.038861604881	0.0385324879974	0.017911758494	0.0365272204678	-0.000886507429398	-0.0135204414184	0.0348803608055	-0.0527177131411	-0.00508230463073	-0.00655531226013	-0.0307079795368	0.0247051257873	0.014219702994	0.00256548003438	0.0133993118484	0.00677208239267	0.00774340466684	0.0115691900091	0.00327758400456	0.00559834726768	0.00893734002812	0.0168482736474	0.0121737355541	-0.0117271536063	-0.00310722986538	0.00306133570619	-0.045979023588	-0.0213729618161	-0.0133547666788	0.0221084164122	-0.00816330317672	0.0418895943413	-0.0053681381915	-0.0127137344532	0.0335983059872	-0.0216175354352	-0.0709914972071
k__Bacteria;p__Bacteroidetes;c__Bacteroidia;o__Bacteroidales;f__Bacteroidaceae;g__Bacteroides;s__Bacteroides_salyersiae	0.00553230648878	-0.0408889314027	-0.0473404788215	-0.00577574901283	-0.0271563915952	-0.00207017395375	0.0343569637609	-0.0309009984633	-0.00356675923771	-0.00467279983406	-0.0748024502916	-0.00736652026512	0.000516408400641	-0.0323088739245	0.0407477378289	0.028603492857	0.00395478044136	-0.0383537177201	-0.0539842085536	0.0333272701967	1.0	0.0290327107561	-0.0058427256213	0.0139519322046	0.035768098922	0.0210621280379	0.0354058203798	-0.0501422843659	-0.0274608138625	-0.0750370441185	0.0890961408387	0.0189672514844	0.00617086045573	-0.0165741413839	0.0208557238014	0.0267643040405	0.00497088424442	0.0104756224439	0.00303637388307	-0.0176690359187	-0.109294595595	-0.00977698211243	0.0369379624697	-0.0374091548879	0.0314232245648	0.0220554207493	0.0160882790088	-0.0185303606312	-0.0181771652449	0.0252400925456	-0.0168083923156	0.0382027065945	-0.0484651287034	-0.0482847439261	-0.0667833061253	0.0457220840057	-0.0427490478145	-0.0386454775673	1.09103103753e-05
k__Bacteria;p__Firmicutes;c__Clostridia;o__Clostridiales;f__Ruminococcaceae;g__Ruminiclostridium;s__[Eubacterium]_siraeum	0.0013520803129	-0.0456095873804	-0.00947120576458	-0.0349231056705	-0.0284422349297	-0.0310550945775	0.00671976040512	-0.0134533933503	0.0455996895273	0.0477648161993	-0.0268690943099	-0.00868965876905	0.00620336499028	-0.0258463677481	0.0282089767763	-0.0164723018627	-0.0506079149863	-0.0493805780777	-0.0233317843427	-0.0426067047468	0.0290327107561	1.0	-0.0107244244991	0.0567534904765	-0.0459063479852	-0.0163484047326	-0.0627778832499	-0.0129302265549	0.00710076621218	0.00534910740633	0.0122739310005	0.00326311272856	0.00948868099776	0.039362995196	0.00129482603636	0.0171470742982	-0.0468669392163	-0.00876643631352	0.0175657611005	0.0012070655055	-0.0151637994415	0.0168987607901	0.0352999842354	-0.020538970222	-0.0112903764505	-0.00459768632847	-0.00766528450677	-0.0569048138212	-0.00347547247854	-0.0196245267358	0.0649706555715	-0.00739611963735	-0.0314383573934	-0.047439498212	0.0242797701498	-0.0106444555488	0.0078250150454	-0.00523694239794	-0.0535897476146
k__Bacteria;p__Proteobacteria;c__Betaproteobacteria;o__Burkholderiales;f__Sutterellaceae;g__Parasutterella;s__Parasutterella_excrementihominis	-0.024873121063	0.00123631567707	-0.0623504272551	-0.0282586423166	-0.0183583810812	-0.00546549622832	-0.0425943161121	-0.027253660401	-0.0411411287476	0.0270062099418	-0.0226697318169	0.0271303119717	-0.00465262945298	-0.0204032501979	0.0189275143543	-0.0792214304594	-0.018615516426	-0.0549853398865	-0.0183552889114	-0.038861604881	-0.0058427256213	-0.0107244244991	1.0	0.0241258932223	0.00319730546852	-0.0362350145458	0.00336397586133	-0.00200499366683	0.00658328773785	6.43066868132e-05	-0.0682458049106	-0.0281944779199	-0.0225195310672	0.00780957152621	-0.0508652777956	-0.0480292497369	-0.0514016188279	0.0711222500807	0.0319061892846	0.0371741044342	0.00374298536282	-0.00123268384641	-0.0285115541062	0.0212445935219	0.0249297602461	0.00149422332622	-0.054785164229	0.0446901692203	0.045084298522	-0.0181182221478	-0.0490635437242	-0.00141135082067	0.012996966821	-0.0284271085867	0.0278665213996	0.00969009031841	0.0144466122197	0.0661268564413	-0.0121889366244
k__Bacteria;p__Actinobacteria;c__Actinobacteria;o__Bifidobacteriales;f__Bifidobacteriaceae;g__Bifidobacterium;s__Bifidobacterium_adolescentis	0.0158595130232	-0.017920357551	-0.0197498806866	0.00569647242832	-0.0320279723462	0.0333254636513	-0.0188174635065	0.00386014335895	-0.0751200350449	-0.0265984770178	-0.0666391597766	-0.00108729954537	0.0174905705284	-0.0115939533509	0.0400214891737	-0.0335490921674	0.0319942463842	-0.0214494226038	0.00662879963023	0.0385324879974	0.0139519322046	0.0567534904765	0.0241258932223	1.0	-0.0284464270297	-0.0433898374331	0.0393380536802	-0.0337131000323	-0.0031251115256	-0.0088350792349	0.0120999183914	-0.0628644072654	0.0150585391818	-0.0134986378105	-0.0382474030919	-0.029712663329	-0.0121386148026	-0.028109538098	0.0269819987838	0.0195693302385	-0.0100869950339	-0.0127362159332	-0.0367669197845	0.0500173855601	0.00832497697434	0.0723400615384	-0.066514486475	0.00572809141207	-0.0119577522813	-0.0198878087714	-0.0177508413607	-0.0826046958867	-0.0447898000315	-0.00958850866855	-0.00808326731874	-0.0129813174744	0.00992125498037	-0.0270221980985	0.0168826706663
k__Bacteria;p__Firmicutes;c__Clostridia;o__Clostridiales;f__Oscillospiraceae;g__Oscillibacter;s__Oscillibacter_sp._KLE_1745	-0.0375822161781	-0.010367616311	-0.0592243875348	-0.0129314520405	-0.080419301436	-0.0209948487032	-0.026226963086	-0.038917518001	-0.051021459602	-0.0662646562049	0.0371927514382	-0.0421961566512	-0.0388847685977	0.00261366602077	0.0228522196368	-0.0376487480669	-0.035132121658	0.0391987141322	0.0326884895639	0.017911758494	0.035768098922	-0.0459063479852	0.00319730546852	-0.0284464270297	1.0	-0.00964918423034	-0.000257930028796	-0.0487742199102	-0.0352786058654	0.0142460123075	-0.00477283353262	-0.016911613407	-0.00412446327626	-0.0331709694036	0.0207742131149	-0.0433665023576	0.0438614181895	0.0378099570964	0.0353278633718	-0.00163882658437	0.0270062912424	-0.0120913685655	0.0408322606995	0.0682064451962	-0.0799003450883	-0.0158748060966	-0.0256838624362	-0.0422345910953	-0.0124592304495	-0.0104365661399	0.0377272504185	-0.0659445404319	-0.040040648683	0.0478811862193	0.0238665632486	0.029987529677	-0.0377841537162	-0.0168963620893	-0.0299248410016
k__Bacteria;p__Bacteroidetes;c__Bacteroidia;o__Bacteroidales;f__Bacteroidaceae;g__Bacteroides;s__Bacteroides_coprophilus	-0.055208725693	0.0584724019458	-0.00888420732937	0.0290370848517	-0.0598450095877	-0.0255094486238	-0.0641704386162	-0.00351379272786	-0.00644567699337	-0.00170314164459	0.0179439520612	0.02717651213	-0.0342664366678	-0.0396809766273	0.0241611684564	-0.0236639137654	-0.0430456694718	0.00897437071652	-0.00531085901521	0.0365272204678	0.0210621280379	-0.0163484047326	-0.0362350145458	-0.0433898374331	-0.00964918423034	1.0	-0.0832109246456	-0.00668917490457	-0.0345132913776	-0.0201330880707	-0.028220731552	-0.0612279343424	0.0181409162213	-0.00849560735422	0.00867958934891	0.00564381355938	-0.0221620386255	0.0177192404298	-0.00630050936679	-0.0578357081349	-0.0783201187671	0.046779692155	0.0457348775387	-0.0420424716585	-0.0525767099047	0.0255930699221	-0.0501388214146	-0.00179306632898	-0.0378023269163	-0.0253488079442	-0.00895383050786	0.0296094667348	-0.0400610291565	-0.0146423770559	0.00173456494122	0.0112774378136	-0.017727390699	0.0261581542559	-0.0273640488052
k__Bacteria;p__Firmicutes;c__Clostridia;o__Clostridiales;f__Lachnospiraceae;g__Roseburia;s__Roseburia_intestinalis	0.0210769008596	-0.0603108556329	0.00119179365272	0.0381451553864	-0.0553776127575	0.00472702801644	-0.0112442616808	0.00586982453078	-0.00379883030648	-0.0718251798488	-0.0325306159086	-0.00666945150938	-0.00575399298429	-0.00573970633048	-0.0609681875985	0.0283051691802	0.00902579795483	0.0391241110172	-0.0119774332183	-0.000886507429398	0.0354058203798	-0.0627778832499	0.00336397586133	0.0393380536802	-0.000257930028796	-0.0832109246456	1.0	0.010696700127	-0.00555402677453	0.000671153177379	-0.0435596229301	0.0356774570535	0.0251041699249	0.0608694073412	-0.0118246884378	-0.0309263343991	-0.000835734696834	-0.0210450245063	-0.0216429901721	-0.000396604635919	0.0566032277519	0.00860351413582	0.0380540629987	-0.0129083380245	-0.0464643146884	-0.0390282161062	-0.00994866747771	0.0113420959331	0.0201404526627	0.034693904509	0.0153716798244	-0.0383316886676	-0.0189435448886	0.0141326696768	-0.0530736975581	0.0197921690473	-0.00522299072675	-0.0627837338368	-0.0637603167247
k__Bacteria;p__Firmicutes;c__Clostridia;o__Clostridiales;f__Lachnospiraceae;g__Roseburia;s__Roseburia_hominis	0.0225508471589	-0.0300607583326	-0.0289637774721	-0.0518384912175	-0.00394574557787	-0.00433583072249	-0.0483449396405	-0.0220395685195	-0.0225571527466	-0.00211163614618	0.0363425314784	0.0791152068594	0.00995129043271	0.0202748114171	-0.044678244685	0.0606974570186	0.0184498045954	-0.0127089393364	-0.0159099927824	-0.0135204414184	-0.0501422843659	-0.0129302265549	-0.00200499366683	-0.0337131000323	-0.0487742199102	-0.00668917490457	0.010696700127	1.0	-0.021565952331	0.00336395733596	-0.0601447573563	0.00996259707069	-0.0235528159781	0.0915508845003	0.0123627647926	0.0231556683768	-0.0331247686897	-0.00793557361157	1.49064441858e-05	-0.0206422999998	0.0322645757847	-0.0191825593967	-0.0142239614584	0.0128855233787	0.0101075063624	-0.0319768966823	-0.0118560593476	-0.0851523689536	0.0142964289534	-0.0140659791712	0.0315770102326	-0.0146943343616	-0.00607219381929	-0.0612425974436	0.000408700871065	-0.0770887676718	-0.0291205189357	-0.0491417829495	-0.025423484243
k__Bacteria;p__Bacteroidetes;c__Bacteroidia;o__Bacteroidales;f__Porphyromonadaceae;g__Parabacteroides;s__Parabacteroides_johnsonii	-0.0201336404176	-0.0205870200434	0.0657549518263	0.00406013457291	-0.0306575221237	-0.0400521024143	-0.0547172872246	-0.0559438411721	0.0768161559787	-0.0236689202013	-0.0397708956366	0.0269951720323	0.0237968548438	-0.0205729921659	-0.044402493494	0.0619131580531	0.0790123044079	0.000164535384452	-0.0496714039595	0.0348803608055	-0.0274608138625	0.00710076621218	0.00658328773785	-0.0031251115256	-0.0352786058654	-0.0345132913776	-0.00555402677453	-0.021565952331	1.0	-0.032590908435	0.0254199674112	0.0115873324344	-0.0514339656841	-0.0478642718978	-0.00537095169329	0.00335237889265	0.00101728166909	-0.00887770069056	-0.016092224893	0.0148561043997	-0.0186663094008	-0.0702823952303	0.00971917202073	-0.0126754751642	0.0423068849401	0.0446842905138	0.0260374597217	0.00168845246867	0.0105276420123	0.0298352220879	0.0228037745293	0.00662660947876	0.00700272017333	0.00622805090317	-0.010038450079	0.0449329349239	-0.0484156532397	0.0424256890159	0.0162314220048
k__Bacteria;p__Actinobacteria;c__Actinobacteria;o__Bifidobacteriales;f__Bifidobacteriaceae;g__Bifidobacterium;s__Bifidobacterium_longum	0.00406470841422	0.0003183176793	-0.0239953885704	-0.0281189380021	-0.00600829548835	-0.00758913845867	0.0139455568301	0.0090357089479	0.0190133449356	-0.00166320413418	-0.00115708416561	-0.00443370075083	-0.0325803503905	0.0209144042046	0.0177130399572	-0.00847510310403	0.00763916682123	0.0410654302834	-0.0239879985047	-0.0527177131411	-0.0750370441185	0.00534910740633	6.43066868132e-05	-0.0088350792349	0.0142460123075	-0.0201330880707	0.000671153177379	0.00336395733596	-0.032590908435	1.0	0.00324236149269	-0.0396043715946	-0.0422996326184	0.0178703184936	-0.00724236016939	-0.012651378054	-0.0477914996009	-0.0129675428131	0.0110027091852	-0.0163640019445	0.0252194892149	-0.0278177492786	-0.0437519029822	0.0241614602775	0.00603671987042	-0.0121353497547	-0.0210439094793	-0.0387632204387	-0.0739802481515	-0.000593817061591	0.0469567350927	-0.0198102942016	-0.0264861839143	0.0209566581519	0.0323812933272	-0.0194285594876	-0.000711434785974	-0.0395627990776	0.0259751578257
