#taxonomy	k__Bacteria;p__Bacteroidetes;c__Bacteroidia;o__Bacteroidales;f__Bacteroidaceae;g__Bacteroides;s__Bacteroides_vulgatus	k__Bacteria;p__Bacteroidetes;c__Bacteroidia;o__Bacteroidales;f__Bacteroidaceae;g__Bacteroides;s__Bacteroides_uniformis	k__Bacteria;p__Bacteroidetes;c__Bacteroidia;o__Bacteroidales;f__Rikenellaceae;g__Alistipes;s__Alistipes_putredinis	k__Bacteria;p__Bacteroidetes;c__Bacteroidia;o__Bacteroidales;f__Prevotellaceae;g__Prevotella;s__Prevotella_copri	k__Bacteria;p__Bacteroidetes;c__Bacteroidia;o__Bacteroidales;f__Bacteroidaceae;g__Bacteroides;s__Bacteroides_stercoris	k__Bacteria;p__Bacteroidetes;c__Bacteroidia;o__Bacteroidales;f__Bacteroidaceae;g__Bacteroides;s__Bacteroides_ovatus	k__Bacteria;p__Bacteroidetes;c__Bacteroidia;o__Bacteroidales;f__Rikenellaceae;g__Alistipes;s__Alistipes_shahii	k__Bacteria;p__Firmicutes;c__Clostridia;o__Clostridiales;f__Ruminococcaceae;g__Faecalibacterium;s__Faecalibacterium_prausnitzii	k__Bacteria;p__Bacteroidetes;c__Bacteroidia;o__Bacteroidales;f__Rikenellaceae;g__Alistipes;s__Alistipes_finegoldii	k__Bacteria;p__Bacteroidetes;c__Bacteroidia;o__Bacteroidales;f__Porphyromonadaceae;g__Parabacteroides;s__Parabacteroides_distasonis	k__Bacteria;p__Bacteroidetes;c__Bacteroidia;o__Bacteroidales;f__Bacteroidaceae;g__Bacteroides;s__Bacteroides_thetaiotaomicron	k__Bacteria;p__Bacteroidetes;c__Bacteroidia;o__Bacteroidales;f__Bacteroidaceae;g__Bacteroides;s__Bacteroides_coprocola	k__Bacteria;p__Bacteroidetes;c__Bacteroidia;o__Bacteroidales;f__Bacteroidaceae;g__Bacteroides;s__Bacteroides_cellulosilyticus	k__Bacteria;p__Bacteroidetes;c__Bacteroidia;o__Bacteroidales;f__Rikenellaceae;g__Alistipes;s__Alistipes_obesi	k__Bacteria;p__Firmicutes;c__Clostridia;o__Clostridiales;f__Lachnospiraceae;g__;s__[Eubacterium]_rectale	k__Bacteria;p__Bacteroidetes;c__Bacteroidia;o__Bacteroidales;f__Bacteroidaceae;g__Bacteroides;s__Bacteroides_plebeius	k__Bacteria;p__Bacteroidetes;c__Bacteroidia;o__Bacteroidales;f__Bacteroidaceae;g__Bacteroides;s__Bacteroides_fragilis	k__Bacteria;p__Proteobacteria;c__Betaproteobacteria;o__Burkholderiales;f__Sutterellaceae;g__Sutterella;s__Sutterella_wadsworthensis	k__Bacteria;p__Bacteroidetes;c__Bacteroidia;o__Bacteroidales;f__Porphyromonadaceae;g__Barnesiella;s__Barnesiella_intestinihominis	k__Bacteria;p__Bacteroidetes;c__Bacteroidia;o__Bacteroidales;f__Odoribacteraceae;g__Odoribacter;s__Odoribacter_splanchnicus	k__Bacteria;p__Bacteroidetes;c__Bacteroidia;o__Bacteroidales;f__Bacteroidaceae;g__Bacteroides;s__Bacteroides_salyersiae	k__Bacteria;p__Firmicutes;c__Clostridia;o__Clostridiales;f__Ruminococcaceae;g__Ruminiclostridium;s__[Eubacterium]_siraeum	k__Bacteria;p__Proteobacteria;c__Betaproteobacteria;o__Burkholderiales;f__Sutterellaceae;g__Parasutterella;s__Parasutterella_excrementihominis	k__Bacteria;p__Actinobacteria;c__Actinobacteria;o__Bifidobacteriales;f__Bifidobacteriaceae;g__Bifidobacterium;s__Bifidobacterium_adolescentis	k__Bacteria;p__Firmicutes;c__Clostridia;o__Clostridiales;f__Oscillospiraceae;g__Oscillibacter;s__Oscillibacter_sp._KLE_1745	k__Bacteria;p__Bacteroidetes;c__Bacteroidia;o__Bacteroidales;f__Bacteroidaceae;g__Bacteroides;s__Bacteroides_coprophilus	k__Bacteria;p__Firmicutes;c__Clostridia;o__Clostridiales;f__Lachnospiraceae;g__Roseburia;s__Roseburia_intestinalis	k__Bacteria;p__Firmicutes;c__Clostridia;o__Clostridiales;f__Lachnospiraceae;g__Roseburia;s__Roseburia_hominis	k__Bacteria;p__Bacteroidetes;c__Bacteroidia;o__Bacteroidales;f__Porphyromonadaceae;g__Parabacteroides;s__Parabacteroides_johnsonii	k__Bacteria;p__Actinobacteria;c__Actinobacteria;o__Bifidobacteriales;f__Bifidobacteriaceae;g__Bifidobacterium;s__Bifidobacterium_longum	k__Bacteria;p__Firmicutes;c__Clostridia;o__Clostridiales;f__;g__Flavonifractor;s__Flavonifractor_plautii	k__Bacteria;p__Firmicutes;c__Clostridia;o__Clostridiales;f__Clostridiaceae;g__Clostridium;s__Clostridium_phoceensis	k__Bacteria;p__Verrucomicrobia;c__Verrucomicrobiae;o__Verrucomicrobiales;f__Akkermansiaceae;g__Akkermansia;s__Akkermansia_muciniphila	k__Bacteria;p__Bacteroidetes;c__Bacteroidia;o__Bacteroidales;f__Prevotellaceae;g__Paraprevotella;s__Paraprevotella_xylaniphila	k__Bacteria;p__Firmicutes;c__Clostridia;o__Clostridiales;f__Ruminococcaceae;g__Ruminococcus;s__Ruminococcus_callidus	k__Bacteria;p__Bacteroidetes;c__Bacteroidia;o__Bacteroidales;f__Rikenellaceae;g__Alistipes;s__Alistipes_senegalensis	k__Bacteria;p__Firmicutes;c__Clostridia;o__Clostridiales;f__Lachnospiraceae;g__Blautia;s__Blautia_sp._KLE_1732	k__Bacteria;p__Bacteroidetes;c__Bacteroidia;o__Bacteroidales;f__Bacteroidaceae;g__Bacteroides;s__Bacteroides_oleiciplenus	k__Bacteria;p__Firmicutes;c__Clostridia;o__Clostridiales;f__Ruminococcaceae;g__Ruminococcus;s__Ruminococcus_bicirculans	k__Bacteria;p__Bacteroidetes;c__Bacteroidia;o__Bacteroidales;f__Bacteroidaceae;g__Bacteroides;s__Bacteroides_fluxus	k__Bacteria;p__Bacteroidetes;c__Bacteroidia;o__Bacteroidales;f__Prevotellaceae;g__Prevotella;s__Prevotella_stercorea	k__Bacteria;p__Firmicutes;c__Clostridia;o__Clostridiales;f__Lachnospiraceae;g__Dorea;s__Dorea_longicatena	k__Bacteria;p__Firmicutes;c__Clostridia;o__Clostridiales;f__Eubacteriaceae;g__Eubacterium;s__[Eubacterium]_eligens	k__Bacteria;p__Firmicutes;c__Clostridia;o__Clostridiales;f__Ruminococcaceae;g__;s__Ruminococcaceae_bacterium_D16	k__Bacteria;p__Firmicutes;c__Clostridia;o__Clostridiales;f__Lachnospiraceae;g__Coprococcus;s__Coprococcus_comes	k__Bacteria;p__Proteobacteria;c__Gammaproteobacteria;o__Enterobacterales;f__Enterobacteriaceae;g__Escherichia;s__Escherichia_coli	k__Bacteria;p__Firmicutes;c__Clostridia;o__Clostridiales;f__Ruminococcaceae;g__Anaerotruncus;s__Anaerotruncus_colihominis	k__Bacteria;p__Firmicutes;c__Clostridia;o__Clostridiales;f__Lachnospiraceae;g__Blautia;s__Blautia_obeum	k__Bacteria;p__Bacteroidetes;c__Bacteroidia;o__Bacteroidales;f__Odoribacteraceae;g__Odoribacter;s__Odoribacter_laneus	k__Bacteria;p__Firmicutes;c__Clostridia;o__Clostridiales;f__Ruminococcaceae;g__Ruminiclostridium;s__[Clostridium]_leptum	k__Bacteria;p__Bacteroidetes;c__Bacteroidia;o__Bacteroidales;f__Porphyromonadaceae;g__Parabacteroides;s__Parabacteroides_goldsteinii	k__Bacteria;p__Firmicutes;c__Clostridia;o__Clostridiales;f__Lachnospiraceae;g__Anaerostipes;s__Anaerostipes_hadrus	k__Bacteria;p__Firmicutes;c__Clostridia;o__Clostridiales;f__Ruminococcaceae;g__Ruminococcus;s__Ruminococcus_lactaris	k__Bacteria;p__Firmicutes;c__Clostridia;o__Clostridiales;f__Clostridiaceae;g__Clostridium;s__Clostridium_sp._L2-50	k__Bacteria;p__Firmicutes;c__Clostridia;o__Clostridiales;f__Clostridiaceae;g__Clostridium;s__Clostridium_sp._M62/1	k__Bacteria;p__Firmicutes;c__Clostridia;o__Clostridiales;f__;g__Intestinimonas;s__Intestinimonas_butyriciproducens	k__Bacteria;p__Actinobacteria;c__Actinobacteria;o__Bifidobacteriales;f__Bifidobacteriaceae;g__Bifidobacterium;s__Bifidobacterium_bifidum	k__Bacteria;p__Firmicutes;c__Negativicutes;o__Veillonellales;f__Veillonellaceae;g__Dialister;s__Dialister_invisus	k__Bacteria;p__Bacteroidetes;c__Bacteroidia;o__Bacteroidales;f__Bacteroidaceae;g__Bacteroides;s__Bacteroides_salanitronis
k__Bacteria;p__Bacteroidetes;c__Bacteroidia;o__Bacteroidales;f__Bacteroidaceae;g__Bacteroides;s__Bacteroides_vulgatus	1.0	-0.000313094595178	-0.0635744903961	0.0175713038747	-0.044630727144	-0.0179155571601	0.00653596124172	-0.0996838219332	-0.0024462363541	0.0248851696451	0.0192430441278	-0.00384117979284	-0.0598597189322	0.0337445883596	-0.00943928888705	0.0115779805745	0.0406030631807	0.0361707273199	0.006836424155	0.0148866275131	0.00291801869937	-0.0465519941081	-0.00836148279154	0.000214382303972	0.000500128996513	-0.0261042625269	-0.00865105121915	0.00131875092842	0.0100659351487	-0.0171774893969	-0.00367989532686	-0.00995725882934	0.0030855083365	0.0543123257067	-0.0307209013657	0.0281951021645	-0.0131200581014	-0.035358421208	-0.00844764024911	-0.0655164606505	0.0661282699985	0.0413847836863	-0.0180161886107	0.0581644794569	-0.0188905656413	-0.0156289853302	0.00517557037013	0.076786134429	-0.0502709742276	-0.0303668809428	-0.0295885879158	-0.00546691166652	0.00491242333848	-0.0601034721521	-0.00539543167875	-0.0205986153422	-0.0263782596329	-0.0460073380109	-0.00745737152689
k__Bacteria;p__Bacteroidetes;c__Bacteroidia;o__Bacteroidales;f__Bacteroidaceae;g__Bacteroides;s__Bacteroides_uniformis	-0.000313094595178	1.0	0.010307080009	-0.0522436655835	0.0169989396088	-0.00819032022089	-0.0200547424796	0.00883104396715	-0.0122708461971	0.0176415345929	-0.0438333336457	-0.0257439863371	-0.0290475802367	0.0359001699545	0.0295381696279	0.0325810970512	0.0121407304349	-0.00709167903053	0.0368875753137	-0.038910858432	0.0338742336905	-0.0238658809214	0.026034498113	-0.0165171962363	0.00221221000289	-0.0280917434635	0.00330289221726	-0.0274250896645	-0.0758939289827	0.00866635950706	0.0219580287795	-0.0276719740167	-0.0216917132038	0.00225701549712	0.0286445393336	0.0460866337076	-0.0140710372095	-0.0301984659465	0.0139306319655	-0.0105014833565	0.0483247968988	0.00334600217546	-0.0628965381919	-0.0153810410461	-0.0685212646484	0.0446537770162	-0.0338719560844	0.0155997840011	-0.0388449450983	0.0261501756322	-0.0676025610763	0.0283044904089	-0.0359869013771	-0.0414851825217	-0.0600900311913	0.0159837440913	-0.0455207840127	-0.0407226186375	-0.033052463961
k__Bacteria;p__Bacteroidetes;c__Bacteroidia;o__Bacteroidales;f__Rikenellaceae;g__Alistipes;s__Alistipes_putredinis	-0.0635744903961	0.010307080009	1.0	0.0309952398536	0.0338237793306	0.0747929522781	-0.0610056531017	0.0226896684068	-0.0316003842351	-0.0344000973943	-0.0396448106304	0.00882001544118	0.0475729427267	-0.0291542129434	-0.0287454910659	-0.0351118098807	0.00564769480456	0.00464350475168	-0.0835239061134	-0.0340739975037	-0.0558368865812	0.0629819307666	0.0431886245032	0.020546795588	0.0222455552241	0.00293012535868	0.00594258347495	0.0604918049	-0.00481622541819	-0.0003855292822	0.024612872561	0.011924206964	0.0419507104201	-0.00909997239368	0.0860709459375	-0.0174758540022	-0.0381808752474	-0.0163171364681	0.0211375290152	-0.0329245231511	-0.0753122081917	-0.0241228579043	-0.011674096384	-0.0173378712197	-0.0559474605699	0.0390305258705	-0.0278565975551	-0.0627665357834	0.0223199435754	-0.0426188035054	0.0338573730834	0.0128402418504	0.00224803401623	-0.00790272876702	-0.0241915973971	0.0427101590028	-0.0677148917826	0.0240533262497	-0.0187002785306
k__Bacteria;p__Bacteroidetes;c__Bacteroidia;o__Bacteroidales;f__Prevotellaceae;g__Prevotella;s__Prevotella_copri	0.0175713038747	-0.0522436655835	0.0309952398536	1.0	-0.000625058385476	-0.0270630823721	0.044030759619	-0.00824729286237	0.0253371449526	0.0396300732103	0.00347938389822	-0.00205424507707	0.0322113708883	-0.0500807847603	0.0609941935513	-0.00405749712477	0.0126270087731	-0.0211235965588	0.00218158447279	0.00350529575525	0.0259314058791	0.0243703667863	0.00712665842315	0.046177043948	0.0311115007948	-0.0143086501714	-0.0560891125402	0.0262628309315	-0.0099217458132	-0.025815794947	-0.0215156174968	-0.0290394474813	-0.0637701820294	-0.00577914242218	0.00560156583257	-0.0534443143766	-0.0512333955769	-0.0244272508543	0.00342105201193	0.00193402484294	-0.0654558505204	0.0493744220462	-0.0201064063793	0.016806098267	-0.0274140859787	0.0268271399005	0.00383148392666	-0.032938974476	0.0596575237999	-0.0630299172596	-0.0581193271526	0.0498342096654	0.0462668617259	-0.0613629006895	-0.0724391508207	0.0156038423191	0.03778588732	-0.000841551122039	0.0607772778072
k__Bacteria;p__Bacteroidetes;c__Bacteroidia;o__Bacteroidales;f__Bacteroidaceae;g__Bacteroides;s__Bacteroides_stercoris	-0.044630727144	0.0169989396088	0.0338237793306	-0.000625058385476	1.0	0.00211464880272	-0.0258348704005	-0.0347670770703	0.00149466962825	-0.0596516517687	0.0131721285858	0.0255291095987	0.0383539314485	-0.0603167362756	0.0358387936837	0.0198420404547	0.00942799112682	0.0127418951959	0.020068971217	0.00574593709721	0.0230756958995	-0.00526828635028	-0.00337292110852	-0.00102647624927	-0.00714092946878	-0.021597559485	-0.029422808593	-0.0145134760772	0.100533407695	-0.0270195558562	-0.0195388056062	-0.00606735161739	0.0171827844677	-0.056597244533	-0.0409580871119	-0.0187778157444	-0.0117803949578	-0.0102490676915	-0.0166704601484	0.0163412047933	-0.00663360346698	-0.0385233537346	0.0320436205429	0.0246588848702	-0.0272703487853	-0.0014245649106	0.0180587763826	0.0512248378842	-0.00284055415473	-0.0171533013405	-0.0193272746838	0.0464497907281	-0.0371986543018	0.00988072634559	0.00957736747271	-0.0551858507506	-0.00276360836674	-0.0525387569864	-0.00269868064318
k__Bacteria;p__Bacteroidetes;c__Bacteroidia;o__Bacteroidales;f__Bacteroidaceae;g__Bacteroides;s__Bacteroides_ovatus	-0.0179155571601	-0.00819032022089	0.0747929522781	-0.0270630823721	0.00211464880272	1.0	-0.0662764877264	0.0240169804533	0.0012876552978	0.0164635358752	0.021104735686	-0.00331191464643	0.000620404773004	0.00204756137607	-0.0739607746961	0.0718513681147	0.0255637292188	-0.0537572105227	0.0321270919683	-6.46009546259e-05	0.00365825046501	0.0243160816967	0.0392369686354	0.0199888674793	-0.0171746032702	0.0422796589208	0.0436785167158	-0.0710341199718	0.00742419200908	0.0119812696576	-0.0464925996669	-0.0566030214718	-0.0376415671799	0.0662358258738	0.0490848871195	0.0548206838417	-0.0282775174012	0.0228038325163	0.0214296571557	0.00303578325831	-0.0355373788768	-0.0449154761049	-0.0525609156768	-0.0143902006198	-0.0508241726593	0.0124603917069	-0.0123924328549	-0.0214450313767	-0.0214677150248	0.0139827006772	-0.0654995875164	-0.000682388541287	-0.0113182379881	-0.010113392646	0.0875366249893	0.0120790855238	0.0532335104613	-0.0231124311357	-0.0308821530729
k__Bacteria;p__Bacteroidetes;c__Bacteroidia;o__Bacteroidales;f__Rikenellaceae;g__Alistipes;s__Alistipes_shahii	0.00653596124172	-0.0200547424796	-0.0610056531017	0.044030759619	-0.0258348704005	-0.0662764877264	1.0	0.0131302173784	-0.00924459904671	-0.0435549153224	-0.00513330699004	0.0176143061517	-0.0164870191158	0.040889962065	-0.0468044235156	-0.0628829570569	0.0715868970489	0.0200085515234	0.0755652159428	-0.0101239568182	-0.0356682098968	-0.0716485691306	0.0310187632407	-0.0511930062217	-0.00706733784877	-0.0364313444392	0.00536418376479	-0.000706574706401	-0.0458998759079	0.00174759948779	0.0010190978043	0.00925321795051	0.0226953530235	-0.0206566677644	0.0384265434553	0.0299882166385	-0.00594341183576	0.0392218301746	-0.00210462249701	0.038689918393	-0.041878783202	0.00606622492775	-0.0019538777979	-0.0408942390991	-0.0229038942068	-0.00527354516218	-0.0144063054058	-0.00946932425433	-0.0172607252663	0.0123381684159	0.0219448771986	0.0325989742012	0.0179771907053	0.00870435292286	0.00266753832286	0.0449087285924	0.00160821890951	-0.0630527091109	-0.0443297934892
k__Bacteria;p__Firmicutes;c__Clostridia;o__Clostridiales;f__Ruminococcaceae;g__Faecalibacterium;s__Faecalibacterium_prausnitzii	-0.0996838219332	0.00883104396715	0.0226896684068	-0.00824729286237	-0.0347670770703	0.0240169804533	0.0131302173784	1.0	0.0380832318351	0.0456566570647	-0.0232028372217	0.0820400137529	-0.0448372983526	0.0335980462802	0.00525644221511	-0.0156249907127	-0.0542829115505	-0.0482093760684	-0.0335592650924	0.00517516976727	0.0026021138328	0.0105697633931	-0.0203546759664	0.0217933085857	-0.0102289906363	-0.00685311203676	-0.00119676066322	0.0236940061477	-0.0502872575695	0.00746865693772	-0.0101372418257	-0.0133177898568	-0.0529289983207	-0.0285318333117	-0.00260964672309	-0.0355554222309	-0.0119520377914	0.00930694607999	-0.0347812337693	0.00489813037879	-0.0263260784848	0.00231940261937	0.0144710834764	0.0258074580805	-0.0182392865041	0.00427141956891	0.0101554339719	-0.0114158288226	0.0180148117189	-0.0281908865727	-0.0337839146498	-0.050986263301	0.0615071067512	0.0512492957756	-0.0303908405991	0.0503776749246	-0.064708688036	0.0225927425865	0.00911101351734
k__Bacteria;p__Bacteroidetes;c__Bacteroidia;o__Bacteroidales;f__Rikenellaceae;g__Alistipes;s__Alistipes_finegoldii	-0.0024462363541	-0.0122708461971	-0.0316003842351	0.0253371449526	0.00149466962825	0.0012876552978	-0.00924459904671	0.0380832318351	1.0	0.00712571160541	-0.0316662623122	0.0402778345345	-0.0526640427162	-0.0235605230409	0.0256945760502	-0.0245829480643	-0.0455226534292	-7.54554762234e-05	0.00828606738653	-0.00095247436229	-0.0262088166213	-0.000402560692493	0.0414268661526	-0.0551423124863	-0.0565291371771	-0.0683107689378	-0.0464507882219	-0.0342335775715	0.0148927543298	-0.0349114826039	-0.00155668273888	4.36855885518e-05	0.0114449635878	0.011788348603	0.00747546112557	0.0204080046051	0.0127283673451	0.0373329019516	-0.0575871742811	0.0390525234786	0.0663908984355	-0.0271197831154	-0.0302146772778	0.00577568058233	0.051071820478	-0.0515511138459	-0.0461657059806	-0.0550002906682	0.00302070193447	-0.0259214267541	-0.0804873749418	0.0168047412818	0.0291998939598	-0.00931603938177	-0.0510811466208	0.0293581536031	-0.00206340497105	-0.0169233485866	0.0029212997707
k__Bacteria;p__Bacteroidetes;c__Bacteroidia;o__Bacteroidales;f__Porphyromonadaceae;g__Parabacteroides;s__Parabacteroides_distasonis	0.0248851696451	0.0176415345929	-0.0344000973943	0.0396300732103	-0.0596516517687	0.0164635358752	-0.0435549153224	0.0456566570647	0.00712571160541	1.0	-0.0350843598259	-0.0327414138945	0.0664916679314	-0.0093338437099	0.0338482169058	-0.0210245727754	-0.014400885046	-0.0263368228159	-0.00187972185423	0.0066947765257	-0.046500609852	-0.0286540250335	-0.0116011043161	0.0793631115743	-0.0424104259337	0.0103145036974	0.0549197743064	-0.00213620012085	-0.0420527959749	0.0256727018097	0.0335836969265	0.0384540832412	-0.0124166049287	0.0657416838531	-0.0365647037402	-0.0194971378817	-0.0816766659007	-0.0142154744291	-0.043907644561	-0.0403282261096	-0.0145633718331	0.038984949523	-0.00700004495825	-0.0347109697134	0.0402457617176	-0.0257819799706	0.0245142445617	-0.0739735485945	-0.0195310289925	-0.0259143781446	-0.030409269871	-0.0252096524127	-0.0171715074946	-0.0321563026617	-0.0028540531258	-0.0938050695977	0.000974457095126	0.0666322665364	-0.011263088369
k__Bacteria;p__Bacteroidetes;c__Bacteroidia;o__Bacteroidales;f__Bacteroidaceae;g__Bacteroides;s__Bacteroides_thetaiotaomicron	0.0192430441278	-0.0438333336457	-0.0396448106304	0.00347938389822	0.0131721285858	0.021104735686	-0.00513330699004	-0.0232028372217	-0.0316662623122	-0.0350843598259	1.0	-0.0185415887604	0.0113005312671	0.0274125233622	0.0225729722234	-0.0738826142362	-0.0127471093071	0.0677541110788	0.00202415727356	-0.0151306884305	0.0118591276658	-0.072948485147	-0.00372171651508	-0.00435268260642	-0.0041169976428	-0.0326213100624	0.00830877230669	-0.0315595731111	0.067542911302	-0.0178083106979	-0.0246138527392	0.0111425451645	-0.019367946827	-0.0151166153035	0.0458234497796	-0.0274034385084	-0.0203097051674	0.0276869058424	-0.0289628989799	-0.0829051849441	-0.0110776826962	-0.0127874598917	0.0427884469041	0.0441423185689	-0.0336576384285	-0.000929695811191	-0.0187815346341	-0.00956991413301	-0.020066389908	-0.0131820938364	0.0471978828462	-0.0126636155038	-0.0172152548935	-0.0175119185502	0.0190435945839	0.0438927411884	-0.0360370810131	0.0310510179804	-0.0186891019707
k__Bacteria;p__Bacteroidetes;c__Bacteroidia;o__Bacteroidales;f__Bacteroidaceae;g__Bacteroides;s__Bacteroides_coprocola	-0.00384117979284	-0.0257439863371	0.00882001544118	-0.00205424507707	0.0255291095987	-0.00331191464643	0.0176143061517	0.0820400137529	0.0402778345345	-0.0327414138945	-0.0185415887604	1.0	-0.0214092356127	0.0265365326533	-0.00103454582525	0.0159916421764	0.0136012386129	-0.0314419939468	-0.0313582395687	-0.0203251670031	-0.0376252319292	-0.0231318275846	0.0302836394919	-0.0458089452208	0.0528048629145	-0.0640089173591	-0.0127182341304	0.0893226707954	-0.0480412527718	-0.0276102027144	0.0104071317898	-0.0252911530832	-0.00643490992853	-0.0670619410808	-0.00729391102669	-0.0162843911764	0.0187311449271	-0.00191720093499	0.0229469418593	0.0214968648702	-0.00361637258674	0.0239046451062	-0.0520681978634	0.0142668670699	-0.0334802232274	-0.0450689880482	0.0505696684402	0.00735718122319	0.00622735986429	-0.0221290636452	-0.0175565944352	-0.0287753175764	-0.0715625564306	-0.0461850605262	0.00680471710992	-0.00349993483571	-0.045412335847	0.0747776728117	0.0406895630205
k__Bacteria;p__Bacteroidetes;c__Bacteroidia;o__Bacteroidales;f__Bacteroidaceae;g__Bacteroides;s__Bacteroides_cellulosilyticus	-0.0598597189322	-0.0290475802367	0.0475729427267	0.0322113708883	0.0383539314485	0.000620404773004	-0.0164870191158	-0.0448372983526	-0.0526640427162	0.0664916679314	0.0113005312671	-0.0214092356127	1.0	-0.0852740607911	0.02492064284	-0.0230450722984	-0.0325206437241	-0.0408609114915	0.0447440428382	0.00134268295395	-0.0142074893646	0.017325965191	-0.0107822977777	0.0440065550821	-0.0370379048957	-0.0155685407356	0.0335163763695	0.000278839281977	0.00748094368205	0.035381434139	-0.00116179263365	-0.0464882592554	-0.0128378521232	0.0298008599557	-0.00110054832712	-0.0127404449707	-0.00229736490631	-0.0286235657159	0.0509765944333	0.0472429655401	-0.0280441267393	0.0137507261023	0.0020660356951	-0.00197305499864	0.0685808407249	0.0162953229166	-0.02883332889	-0.00726336401639	-0.0102840023861	0.0348600902719	0.00820498589449	0.0294224135305	0.0668189278535	0.0293783223176	0.00101766442967	0.00104518920364	-0.00289607873132	0.011026405415	-0.0221302573714
k__Bacteria;p__Bacteroidetes;c__Bacteroidia;o__Bacteroidales;f__Rikenellaceae;g__Alistipes;s__Alistipes_obesi	0.0337445883596	0.0359001699545	-0.0291542129434	-0.0500807847603	-0.0603167362756	0.00204756137607	0.040889962065	0.0335980462802	-0.0235605230409	-0.0093338437099	0.0274125233622	0.0265365326533	-0.0852740607911	1.0	-0.0363702536713	-0.0385683882969	0.0581376050957	-0.0262672711117	-0.00381876631945	-0.0991720240071	0.0326542726924	-0.026319091972	-0.0592952057972	0.00462693533386	-0.00821688751378	-0.0065602671023	0.0270299146136	-0.0440471156273	-0.0340289976617	-0.0338452590804	0.0331590902129	0.0346267267363	0.0341510263997	-0.0374105811523	-0.0677035861668	0.0244853187324	-0.0234376760908	-0.0107312538494	-0.0204495840467	0.0059315600982	-0.0368474534842	-0.0317361133092	0.00572319705565	0.0117817122972	-0.0139425169514	-0.00451600151261	-0.0291148554682	0.00320033738795	0.0137244443175	-0.0459384766147	0.0418203201259	-0.0326236035177	-0.0057783853181	-0.00649071575992	0.0249375892253	0.00101074503518	0.00876743578354	-0.00507684138384	-0.00563276761614
k__Bacteria;p__Firmicutes;c__Clostridia;o__Clostridiales;f__Lachnospiraceae;g__;s__[Eubacterium]_rectale	-0.00943928888705	0.0295381696279	-0.0287454910659	0.0609941935513	0.0358387936837	-0.0739607746961	-0.0468044235156	0.00525644221511	0.0256945760502	0.0338482169058	0.0225729722234	-0.00103454582525	0.02492064284	-0.0363702536713	1.0	0.00862485602753	-0.00452135980033	0.0649972121695	-0.0443460668893	-0.013119390848	-0.0268092057573	-0.0503340197962	0.00650159692566	0.0244305104192	0.0173174072272	0.0299540655899	0.00206223407061	0.0200514508954	-0.0160485762065	-0.0415943069857	-0.0366925553137	-0.0263085594816	-0.0302309905062	-0.0537007550472	-0.0165170876288	-0.0331383008093	0.0308588771337	0.0361748383545	-0.0469320710349	-0.00824606165481	0.026767353506	0.0134942124983	0.0376841656558	-0.0221384787954	0.0039730616113	-0.0157366863896	-0.0191250789111	-0.0123692600813	-0.0478699306607	-0.0423953977276	-0.0622625947575	-0.0534509285865	-0.00225301777235	0.0291431654378	-0.014541909777	-0.0704575987145	0.0203651041094	-0.0370690885503	0.0158279950295
k__Bacteria;p__Bacteroidetes;c__Bacteroidia;o__Bacteroidales;f__Bacteroidaceae;g__Bacteroides;s__Bacteroides_plebeius	0.0115779805745	0.0325810970512	-0.0351118098807	-0.00405749712477	0.0198420404547	0.0718513681147	-0.0628829570569	-0.0156249907127	-0.0245829480643	-0.0210245727754	-0.0738826142362	0.0159916421764	-0.0230450722984	-0.0385683882969	0.00862485602753	1.0	0.0661861078328	0.0376587407796	0.016365525927	-0.0494603317846	0.0157850641598	-0.0102481095847	0.00224911827784	0.0187132451028	-0.0210373092005	-0.0346364282097	0.0816219455543	-0.0064619235836	-0.00767923394877	-0.0452172401196	-0.0469395623638	-0.00403409756632	-0.0160874358171	0.0442153227663	0.0117049047676	0.00411593830507	-0.00518318087895	-0.00463451875206	-0.0481082082497	0.00949262324203	-0.00291439305672	0.0546541987632	-0.0265276863529	-0.0264790163474	-0.0249129066097	-0.0695834081899	-0.0131925833285	0.00341536619378	-0.013621141395	0.00812492263206	-0.0361494270506	0.00149983122435	0.0311154028778	0.073966759672	0.0408287134953	0.0161113063919	0.00185863311783	0.0105937777189	-0.0137586676045
k__Bacteria;p__Bacteroidetes;c__Bacteroidia;o__Bacteroidales;f__Bacteroidaceae;g__Bacteroides;s__Bacteroides_fragilis	0.0406030631807	0.0121407304349	0.00564769480456	0.0126270087731	0.00942799112682	0.0255637292188	0.0715868970489	-0.0542829115505	-0.0455226534292	-0.014400885046	-0.0127471093071	0.0136012386129	-0.0325206437241	0.0581376050957	-0.00452135980033	0.0661861078328	1.0	-0.00189473439525	0.0113788856764	0.0182535722282	0.0241218150142	-0.0192111625212	0.00806533943998	-0.0296122821265	-0.0553241730455	-0.0467537359856	-0.0274577131468	0.0602778146465	-0.0165398728749	0.0148554524345	-0.00332364552801	-0.0119039364436	0.00228851541363	-0.0485500046608	-0.00560437196888	0.0113198694632	-0.0174062102544	0.0189275669548	-0.0186021992704	-0.0347398755902	0.0213003777055	-0.0257812883025	-0.0126879141092	0.0106641022234	0.00935189193128	-0.0606547226892	-0.0747405377017	-0.024950110702	0.0533624945955	-0.0128755936687	-0.0658091584204	0.0112718665541	0.0210292347497	0.040959902258	-0.00917359354826	-0.0148844695292	0.0292635331826	-0.0713867610904	-0.0117404582002
k__Bacteria;p__Proteobacteria;c__Betaproteobacteria;o__Burkholderiales;f__Sutterellaceae;g__Sutterella;s__Sutterella_wadsworthensis	0.0361707273199	-0.00709167903053	0.00464350475168	-0.0211235965588	0.0127418951959	-0.0537572105227	0.0200085515234	-0.0482093760684	-7.54554762235e-05	-0.0263368228159	0.0677541110788	-0.0314419939468	-0.0408609114915	-0.0262672711117	0.0649972121695	0.0376587407796	-0.00189473439525	1.0	0.00548106836691	-0.0278652372689	-0.000128201639223	0.0190367765004	-0.011046614581	0.0648327226509	-0.0187130302977	-0.0488383956509	0.0201077158263	0.0169769367725	0.0327165373356	-0.05040039338	-0.100718274836	-0.00413095731167	-0.0612938777382	0.000370770934811	-0.0237115860905	-0.0165665804032	0.0380170424646	0.0230381440481	-0.0302478837649	-0.0212271801451	0.0373503259498	-0.0425917777107	-0.0748873922368	-0.00188878742909	-0.0292318700323	0.018276835392	0.0243465951518	-0.00916778380135	0.0120388823052	0.00915426870428	-0.00584430983046	-0.0347666008292	-0.0392380263816	0.00061698712824	-0.0216803763217	-0.0326570241175	-0.0367953022787	-0.0463242345964	-0.0274132732021
k__Bacteria;p__Bacteroidetes;c__Bacteroidia;o__Bacteroidales;f__Porphyromonadaceae;g__Barnesiella;s__Barnesiella_intestinihominis	0.006836424155	0.0368875753137	-0.0835239061134	0.00218158447279	0.020068971217	0.0321270919683	0.0755652159428	-0.0335592650924	0.00828606738653	-0.00187972185423	0.00202415727356	-0.0313582395687	0.0447440428382	-0.00381876631945	-0.0443460668893	0.016365525927	0.0113788856764	0.00548106836691	1.0	-0.0115754470266	-0.0687266614594	0.00234082944184	-0.0310620890907	0.0262832463491	-0.0249807739441	-0.00786462298212	-0.01464975933	-0.019453115866	0.0164500988762	0.0352759907596	-0.0540011288766	0.0383930208902	-0.0364593200493	0.0649511080696	0.0487203174411	0.00262270367847	-0.0186507214302	-0.0498139707309	-0.00576166630337	0.0246367149878	0.011876511582	0.00437807168791	0.00417700281553	-0.00103143288093	-0.0313305052411	-0.0383556136715	-0.02024884407	-0.0714683128163	-0.0120315436579	-0.00991994891947	0.011136634575	-0.011551345745	-0.0492332339516	0.00409066389114	-0.0107669038237	-0.0132852864817	0.00118813611626	-0.0434292053049	0.0110919526615
k__Bacteria;p__Bacteroidetes;c__Bacteroidia;o__Bacteroidales;f__Odoribacteraceae;g__Odoribacter;s__Odoribacter_splanchnicus	0.0148866275131	-0.038910858432	-0.0340739975037	0.00350529575525	0.00574593709721	-6.46009546259e-05	-0.0101239568182	0.00517516976727	-0.00095247436229	0.0066947765257	-0.0151306884305	-0.0203251670031	0.00134268295395	-0.0991720240071	-0.013119390848	-0.0494603317846	0.0182535722282	-0.0278652372689	-0.0115754470266	1.0	0.0412533967062	-0.0518793402205	-0.0375736116714	-0.032850764311	-0.0105563960436	-0.0397126264746	-0.00290138749671	-0.0212594662104	-0.041075482589	-0.00684096623156	0.0214422868866	-0.00783666522612	0.0159057175873	0.00889302310139	-0.0647198730872	-0.0404649630833	-0.0162174754349	-0.00754878363582	-0.000172277164849	-0.0277603820207	0.00486289658895	0.0251718362709	0.0113432960601	-0.0321052381746	-0.0240264366312	0.0345426219108	-0.0256279409644	0.00340937057448	-0.00110351215488	0.0271422586324	0.0528696232526	0.00860964540932	-0.00729143725344	0.0262993505915	0.0194808905436	0.020779685588	-0.0568015114581	-0.0148837578208	-0.00220189271108
k__Bacteria;p__Bacteroidetes;c__Bacteroidia;o__Bacteroidales;f__Bacteroidaceae;g__Bacteroides;s__Bacteroides_salyersiae	0.00291801869937	0.0338742336905	-0.0558368865812	0.0259314058791	0.0230756958995	0.00365825046501	-0.0356682098968	0.0026021138328	-0.0262088166213	-0.046500609852	0.0118591276658	-0.0376252319292	-0.0142074893646	0.0326542726924	-0.0268092057573	0.0157850641598	0.0241218150142	-0.000128201639224	-0.0687266614594	0.0412533967062	1.0	-0.0199640126517	-0.0357455659364	0.0251599173452	-0.0472129820917	0.0283742486566	-0.0297210741657	-0.00728420082766	-0.0597943487925	-0.0163975202989	-0.0467138206998	-0.0556644860031	0.00110226488744	-0.0124010495663	-0.0566916607531	-0.0275925810156	0.0111177656254	0.0283317887623	-0.0368821546486	-0.0151250342156	-0.0112441299995	0.0268855659459	-0.0149502093837	-0.0274927359645	0.00402316946471	-0.00280356026989	0.0426477946849	0.00466363426443	0.00881910273105	-0.0607989555172	0.021047725159	-0.0361732180203	-0.0897732775601	0.0645761149876	0.0316834946092	0.0136061812457	-0.0133541442361	0.0150397814768	-0.0371053999577
k__Bacteria;p__Firmicutes;c__Clostridia;o__Clostridiales;f__Ruminococcaceae;g__Ruminiclostridium;s__[Eubacterium]_siraeum	-0.0465519941081	-0.0238658809214	0.0629819307666	0.0243703667863	-0.00526828635028	0.0243160816967	-0.0716485691306	0.0105697633931	-0.000402560692493	-0.0286540250335	-0.072948485147	-0.0231318275846	0.017325965191	-0.026319091972	-0.0503340197962	-0.0102481095847	-0.0192111625212	0.0190367765004	0.00234082944184	-0.0518793402205	-0.0199640126517	1.0	0.00707362908091	0.0300957408613	0.069368298602	-0.0591579714256	0.0481563350425	0.0725067788773	-0.0269904981065	0.00603505599403	0.0510610526856	0.0136236110304	0.0487423799349	0.0390314309422	0.00600314816034	0.00681922282146	-0.00348975828923	0.0681236300496	0.00434212978086	-0.018458426956	-0.0247378033879	-0.0469392909182	0.0145795858828	-0.0652408961423	0.0465069027527	-0.0136000858937	-0.0608120249121	0.00718978079982	-0.0579303420772	0.0133038660568	0.00346813345777	-0.0273465801641	0.0386964891816	-0.0264612788059	-0.04419630017	0.00856976194095	-0.00335733097979	-0.0430683048794	0.00246990913357
k__Bacteria;p__Proteobacteria;c__Betaproteobacteria;o__Burkholderiales;f__Sutterellaceae;g__Parasutterella;s__Parasutterella_excrementihominis	-0.00836148279154	0.026034498113	0.0431886245032	0.00712665842315	-0.00337292110852	0.0392369686354	0.0310187632407	-0.0203546759664	0.0414268661526	-0.0116011043161	-0.00372171651508	0.0302836394919	-0.0107822977777	-0.0592952057972	0.00650159692566	0.00224911827784	0.00806533943998	-0.011046614581	-0.0310620890907	-0.0375736116714	-0.0357455659364	0.00707362908091	1.0	-0.0518173402462	0.0367984241939	-0.0218387949062	0.0260934927571	-0.00831191035067	-0.0100643541787	0.0259373790901	0.0122646094339	-0.0635851328305	0.107567585831	0.027071694142	-0.0204096764031	-0.00750110257529	0.0177870530831	-0.0027903422101	0.0406245339847	-0.0327546663788	-0.014147193704	0.0227830353916	-0.0045767378515	-0.0314981253634	0.000118352904442	0.0660270995849	-0.025192327974	0.018827478954	-0.0586917507067	0.0264400463636	0.0343999801288	-0.0114339475775	-0.0137721243043	0.0245259493479	-0.0308666180347	-0.0233173593368	0.0196724774025	-0.0666133463294	0.0193946678374
k__Bacteria;p__Actinobacteria;c__Actinobacteria;o__Bifidobacteriales;f__Bifidobacteriaceae;g__Bifidobacterium;s__Bifidobacterium_adolescentis	0.000214382303972	-0.0165171962363	0.020546795588	0.046177043948	-0.00102647624927	0.0199888674793	-0.0511930062217	0.0217933085857	-0.0551423124863	0.0793631115743	-0.00435268260642	-0.0458089452208	0.0440065550821	0.00462693533386	0.0244305104192	0.0187132451028	-0.0296122821265	0.0648327226509	0.0262832463491	-0.032850764311	0.0251599173452	0.0300957408613	-0.0518173402462	1.0	-0.000320230290943	-0.0330376681368	0.0515583678359	-0.043647924581	-0.00161602074234	0.00850680977867	-0.0143046068441	0.0293506780932	-0.033698358085	-0.00428278954299	0.00607087041176	-0.0532186397605	0.0412422583246	-0.00350486268037	0.00372362660046	0.0314980447169	0.0312228436237	-0.00594803969132	-0.124339183103	0.0542016945566	0.00101300439112	-0.0407088956871	-0.0322346576708	-0.0252670194617	0.0123030275414	-0.0201219682834	-0.0362068510756	-0.0113112720414	-0.0503480902382	-0.0177597650201	0.0757887238849	-0.0500222692202	0.0235993215998	-0.0260321402333	0.0164547998079
k__Bacteria;p__Firmicutes;c__Clostridia;o__Clostridiales;f__Oscillospiraceae;g__Oscillibacter;s__Oscillibacter_sp._KLE_1745	0.000500128996513	0.00221221000289	0.0222455552241	0.0311115007948	-0.00714092946878	-0.0171746032702	-0.00706733784877	-0.0102289906363	-0.0565291371771	-0.0424104259337	-0.0041169976428	0.0528048629145	-0.0370379048957	-0.00821688751378	0.0173174072272	-0.0210373092005	-0.0553241730455	-0.0187130302977	-0.0249807739441	-0.0105563960436	-0.0472129820917	0.069368298602	0.0367984241939	-0.000320230290943	1.0	-0.0285081435871	-0.0173262314908	-0.044766506139	-0.00636049529673	0.0250527503744	0.0417981553004	0.0066646872489	0.0259666124752	-0.0548592098837	-0.0407333730717	0.0672553082259	0.0114938350171	-0.0708454490334	0.0139200648385	0.0480933650183	-0.0511930711018	0.025320402086	-0.0565835040871	-0.0207749107729	-0.0214067279564	0.0023150849338	-0.00719097335095	0.0349044265208	-0.00396788221397	-0.0013970825845	0.0725915327851	-0.00583907699174	0.0128985238201	-0.0110100962603	-0.0137703652528	0.00857862529932	0.0168199347249	-0.0629967901373	-0.0152034243183
k__Bacteria;p__Bacteroidetes;c__Bacteroidia;o__Bacteroidales;f__Bacteroidaceae;g__Bacteroides;s__Bacteroides_coprophilus	-0.0261042625269	-0.0280917434635	0.00293012535868	-0.0143086501714	-0.021597559485	0.0422796589208	-0.0364313444392	-0.00685311203676	-0.0683107689378	0.0103145036974	-0.0326213100624	-0.0640089173591	-0.0155685407356	-0.0065602671023	0.0299540655899	-0.0346364282097	-0.0467537359856	-0.0488383956509	-0.00786462298212	-0.0397126264746	0.0283742486566	-0.0591579714256	-0.0218387949062	-0.0330376681368	-0.0285081435871	1.0	-0.0257790698283	0.0607377329753	0.0597295928199	-0.0080787043421	0.0170857528608	0.00826252320809	0.00579335510788	-0.00994947904184	-0.0357592748975	-0.0188943823537	-0.0107435183105	-0.00955939234314	0.0153142471599	0.042094316504	-0.0604762268235	-0.0095556678534	0.0201921072594	0.0652832759191	-0.0318837717709	-0.0102536310499	-0.00941847348259	0.0898916151677	0.0509746996511	0.0158405512995	-0.0125541913208	-0.0330024037205	-0.016313345047	-0.0203017655997	-0.0374092078194	0.00082558069085	0.0170762686267	-0.00742852415363	0.0147477371348
k__Bacteria;p__Firmicutes;c__Clostridia;o__Clostridiales;f__Lachnospiraceae;g__Roseburia;s__Roseburia_intestinalis	-0.00865105121915	0.00330289221726	0.00594258347495	-0.0560891125402	-0.029422808593	0.0436785167158	0.00536418376479	-0.00119676066322	-0.0464507882219	0.0549197743064	0.00830877230669	-0.0127182341304	0.0335163763695	0.0270299146136	0.00206223407061	0.0816219455543	-0.0274577131468	0.0201077158263	-0.01464975933	-0.00290138749671	-0.0297210741657	0.0481563350425	0.0260934927571	0.0515583678359	-0.0173262314908	-0.0257790698283	1.0	0.00527006692503	-0.0396074017662	0.0138239678356	-0.00970680729676	0.00592697392109	0.024476126114	-0.00475544344957	-0.00224385269785	-0.0380239835608	-0.0144996119948	0.0208705694533	0.00201937922751	-0.0216214184443	-0.0151110848947	-0.00532552934181	0.0118968858337	-0.0840024864922	-0.044564087685	-0.0653224152767	-0.0544029062869	-0.0419871383872	-0.00356969892645	-0.0318578483126	0.0145222139807	0.00867947476078	0.00357703697984	0.00707692390706	-0.00406405854741	0.014158788977	-0.0405059966222	0.0240421426908	0.0132244919744
k__Bacteria;p__Firmicutes;c__Clostridia;o__Clostridiales;f__Lachnospiraceae;g__Roseburia;s__Roseburia_hominis	0.00131875092842	-0.0274250896645	0.0604918049	0.0262628309315	-0.0145134760772	-0.0710341199718	-0.000706574706401	0.0236940061477	-0.0342335775715	-0.00213620012085	-0.0315595731111	0.0893226707954	0.000278839281977	-0.0440471156273	0.0200514508954	-0.0064619235836	0.0602778146465	0.0169769367725	-0.019453115866	-0.0212594662104	-0.00728420082766	0.0725067788773	-0.00831191035067	-0.043647924581	-0.044766506139	0.0607377329753	0.00527006692503	1.0	-0.0897007413723	-0.0460948936514	-0.00272496055483	-0.00233247246958	-0.00550995298842	-0.0411886462724	-0.0473088184424	0.0238447991753	-0.0455532954593	-0.0132224254853	-0.0432493298258	-0.0505546193215	0.0135988147061	0.0380258874282	0.0265035440045	-0.0112335191044	-0.00242491141111	-0.00680556835294	-0.0769873220847	0.0180471626811	0.017912063978	0.0426246987167	0.0400093739296	-0.0294909577657	-0.00159606467836	-0.0394020871635	-0.0297930908138	0.0217900879157	0.0152678435092	-0.0166185491395	-0.0422294878799
k__Bacteria;p__Bacteroidetes;c__Bacteroidia;o__Bacteroidales;f__Porphyromonadaceae;g__Parabacteroides;s__Parabacteroides_johnsonii	0.0100659351487	-0.0758939289827	-0.00481622541819	-0.0099217458132	0.100533407695	0.00742419200908	-0.0458998759079	-0.0502872575695	0.0148927543298	-0.0420527959749	0.067542911302	-0.0480412527718	0.00748094368205	-0.0340289976617	-0.0160485762065	-0.00767923394877	-0.0165398728749	0.0327165373356	0.0164500988762	-0.041075482589	-0.0597943487925	-0.0269904981065	-0.0100643541787	-0.00161602074234	-0.00636049529673	0.0597295928199	-0.0396074017662	-0.0897007413723	1.0	-0.00711742599117	0.0110685899902	-0.0248358483288	0.0258846710247	0.0113991314796	0.0549697855881	-0.0307877207049	0.0279033030584	-0.0143062653467	-0.0431986766071	0.0751777516422	-0.0148447400645	-0.0542544934068	-0.0412043121281	0.0142522474206	-0.0245043436357	-0.0273801511501	-0.0896860401564	-0.0271614599466	-0.0258281677481	-0.0732528647963	-0.0142814613685	0.00262837409977	0.00141042001782	-0.0034491444907	-0.0491496268806	-0.00981117992449	0.0350861991179	-0.0125803742209	-0.0150100391675
k__Bacteria;p__Actinobacteria;c__Actinobacteria;o__Bifidobacteriales;f__Bifidobacteriaceae;g__Bifidobacterium;s__Bifidobacterium_longum	-0.0171774893969	0.00866635950706	-0.0003855292822	-0.025815794947	-0.0270195558562	0.0119812696576	0.00174759948779	0.00746865693772	-0.0349114826039	0.0256727018097	-0.0178083106979	-0.0276102027144	0.035381434139	-0.0338452590804	-0.0415943069857	-0.0452172401196	0.0148554524345	-0.05040039338	0.0352759907596	-0.00684096623156	-0.0163975202989	0.00603505599403	0.0259373790901	0.00850680977867	0.0250527503744	-0.0080787043421	0.0138239678356	-0.0460948936514	-0.00711742599117	1.0	-0.0579795374502	-0.00669547316036	-0.0288345235996	-0.0137389366048	-0.0213638476922	0.0758625280983	-0.0210940151109	-0.0459787331679	0.0576854835744	-0.0252069912747	0.010421066811	0.0330634460621	-0.0352693240288	-0.0716143238622	-0.0418930114307	0.0250107721072	-0.00931697185347	-0.042353228416	0.0190121820151	0.0038104054646	0.0114663805901	-0.0716769349611	-0.0284849159	-0.0574635714058	0.0203588087324	-0.0179074142136	0.00919722149973	0.00572643400615	-0.00857766201408
