#taxonomy	k__Bacteria;p__Bacteroidetes;c__Bacteroidia;o__Bacteroidales;f__Bacteroidaceae;g__Bacteroides;s__Bacteroides_vulgatus	k__Bacteria;p__Bacteroidetes;c__Bacteroidia;o__Bacteroidales;f__Bacteroidaceae;g__Bacteroides;s__Bacteroides_uniformis	k__Bacteria;p__Bacteroidetes;c__Bacteroidia;o__Bacteroidales;f__Rikenellaceae;g__Alistipes;s__Alistipes_putredinis	k__Bacteria;p__Bacteroidetes;c__Bacteroidia;o__Bacteroidales;f__Prevotellaceae;g__Prevotella;s__Prevotella_copri	k__Bacteria;p__Bacteroidetes;c__Bacteroidia;o__Bacteroidales;f__Bacteroidaceae;g__Bacteroides;s__Bacteroides_stercoris	k__Bacteria;p__Bacteroidetes;c__Bacteroidia;o__Bacteroidales;f__Bacteroidaceae;g__Bacteroides;s__Bacteroides_ovatus	k__Bacteria;p__Bacteroidetes;c__Bacteroidia;o__Bacteroidales;f__Rikenellaceae;g__Alistipes;s__Alistipes_shahii	k__Bacteria;p__Firmicutes;c__Clostridia;o__Clostridiales;f__Ruminococcaceae;g__Faecalibacterium;s__Faecalibacterium_prausnitzii	k__Bacteria;p__Bacteroidetes;c__Bacteroidia;o__Bacteroidales;f__Rikenellaceae;g__Alistipes;s__Alistipes_finegoldii	k__Bacteria;p__Bacteroidetes;c__Bacteroidia;o__Bacteroidales;f__Porphyromonadaceae;g__Parabacteroides;s__Parabacteroides_distasonis	k__Bacteria;p__Bacteroidetes;c__Bacteroidia;o__Bacteroidales;f__Bacteroidaceae;g__Bacteroides;s__Bacteroides_thetaiotaomicron	k__Bacteria;p__Bacteroidetes;c__Bacteroidia;o__Bacteroidales;f__Bacteroidaceae;g__Bacteroides;s__Bacteroides_coprocola	k__Bacteria;p__Bacteroidetes;c__Bacteroidia;o__Bacteroidales;f__Bacteroidaceae;g__Bacteroides;s__Bacteroides_cellulosilyticus	k__Bacteria;p__Bacteroidetes;c__Bacteroidia;o__Bacteroidales;f__Rikenellaceae;g__Alistipes;s__Alistipes_obesi	k__Bacteria;p__Firmicutes;c__Clostridia;o__Clostridiales;f__Lachnospiraceae;g__;s__[Eubacterium]_rectale	k__Bacteria;p__Bacteroidetes;c__Bacteroidia;o__Bacteroidales;f__Bacteroidaceae;g__Bacteroides;s__Bacteroides_plebeius	k__Bacteria;p__Bacteroidetes;c__Bacteroidia;o__Bacteroidales;f__Bacteroidaceae;g__Bacteroides;s__Bacteroides_fragilis	k__Bacteria;p__Proteobacteria;c__Betaproteobacteria;o__Burkholderiales;f__Sutterellaceae;g__Sutterella;s__Sutterella_wadsworthensis	k__Bacteria;p__Bacteroidetes;c__Bacteroidia;o__Bacteroidales;f__Porphyromonadaceae;g__Barnesiella;s__Barnesiella_intestinihominis	k__Bacteria;p__Bacteroidetes;c__Bacteroidia;o__Bacteroidales;f__Odoribacteraceae;g__Odoribacter;s__Odoribacter_splanchnicus	k__Bacteria;p__Bacteroidetes;c__Bacteroidia;o__Bacteroidales;f__Bacteroidaceae;g__Bacteroides;s__Bacteroides_salyersiae	k__Bacteria;p__Firmicutes;c__Clostridia;o__Clostridiales;f__Ruminococcaceae;g__Ruminiclostridium;s__[Eubacterium]_siraeum	k__Bacteria;p__Proteobacteria;c__Betaproteobacteria;o__Burkholderiales;f__Sutterellaceae;g__Parasutterella;s__Parasutterella_excrementihominis	k__Bacteria;p__Actinobacteria;c__Actinobacteria;o__Bifidobacteriales;f__Bifidobacteriaceae;g__Bifidobacterium;s__Bifidobacterium_adolescentis	k__Bacteria;p__Firmicutes;c__Clostridia;o__Clostridiales;f__Oscillospiraceae;g__Oscillibacter;s__Oscillibacter_sp._KLE_1745	k__Bacteria;p__Bacteroidetes;c__Bacteroidia;o__Bacteroidales;f__Bacteroidaceae;g__Bacteroides;s__Bacteroides_coprophilus	k__Bacteria;p__Firmicutes;c__Clostridia;o__Clostridiales;f__Lachnospiraceae;g__Roseburia;s__Roseburia_intestinalis	k__Bacteria;p__Firmicutes;c__Clostridia;o__Clostridiales;f__Lachnospiraceae;g__Roseburia;s__Roseburia_hominis	k__Bacteria;p__Bacteroidetes;c__Bacteroidia;o__Bacteroidales;f__Porphyromonadaceae;g__Parabacteroides;s__Parabacteroides_johnsonii	k__Bacteria;p__Actinobacteria;c__Actinobacteria;o__Bifidobacteriales;f__Bifidobacteriaceae;g__Bifidobacterium;s__Bifidobacterium_longum	k__Bacteria;p__Firmicutes;c__Clostridia;o__Clostridiales;f__;g__Flavonifractor;s__Flavonifractor_plautii	k__Bacteria;p__Firmicutes;c__Clostridia;o__Clostridiales;f__Clostridiaceae;g__Clostridium;s__Clostridium_phoceensis	k__Bacteria;p__Verrucomicrobia;c__Verrucomicrobiae;o__Verrucomicrobiales;f__Akkermansiaceae;g__Akkermansia;s__Akkermansia_muciniphila	k__Bacteria;p__Bacteroidetes;c__Bacteroidia;o__Bacteroidales;f__Prevotellaceae;g__Paraprevotella;s__Paraprevotella_xylaniphila	k__Bacteria;p__Firmicutes;c__Clostridia;o__Clostridiales;f__Ruminococcaceae;g__Ruminococcus;s__Ruminococcus_callidus	k__Bacteria;p__Bacteroidetes;c__Bacteroidia;o__Bacteroidales;f__Rikenellaceae;g__Alistipes;s__Alistipes_senegalensis	k__Bacteria;p__Firmicutes;c__Clostridia;o__Clostridiales;f__Lachnospiraceae;g__Blautia;s__Blautia_sp._KLE_1732	k__Bacteria;p__Bacteroidetes;c__Bacteroidia;o__Bacteroidales;f__Bacteroidaceae;g__Bacteroides;s__Bacteroides_oleiciplenus	k__Bacteria;p__Firmicutes;c__Clostridia;o__Clostridiales;f__Ruminococcaceae;g__Ruminococcus;s__Ruminococcus_bicirculans	k__Bacteria;p__Bacteroidetes;c__Bacteroidia;o__Bacteroidales;f__Bacteroidaceae;g__Bacteroides;s__Bacteroides_fluxus	k__Bacteria;p__Bacteroidetes;c__Bacteroidia;o__Bacteroidales;f__Prevotellaceae;g__Prevotella;s__Prevotella_stercorea	k__Bacteria;p__Firmicutes;c__Clostridia;o__Clostridiales;f__Lachnospiraceae;g__Dorea;s__Dorea_longicatena	k__Bacteria;p__Firmicutes;c__Clostridia;o__Clostridiales;f__Eubacteriaceae;g__Eubacterium;s__[Eubacterium]_eligens	k__Bacteria;p__Firmicutes;c__Clostridia;o__Clostridiales;f__Ruminococcaceae;g__;s__Ruminococcaceae_bacterium_D16	k__Bacteria;p__Firmicutes;c__Clostridia;o__Clostridiales;f__Lachnospiraceae;g__Coprococcus;s__Coprococcus_comes	k__Bacteria;p__Proteobacteria;c__Gammaproteobacteria;o__Enterobacterales;f__Enterobacteriaceae;g__Escherichia;s__Escherichia_coli	k__Bacteria;p__Firmicutes;c__Clostridia;o__Clostridiales;f__Ruminococcaceae;g__Anaerotruncus;s__Anaerotruncus_colihominis	k__Bacteria;p__Firmicutes;c__Clostridia;o__Clostridiales;f__Lachnospiraceae;g__Blautia;s__Blautia_obeum	k__Bacteria;p__Bacteroidetes;c__Bacteroidia;o__Bacteroidales;f__Odoribacteraceae;g__Odoribacter;s__Odoribacter_laneus	k__Bacteria;p__Firmicutes;c__Clostridia;o__Clostridiales;f__Ruminococcaceae;g__Ruminiclostridium;s__[Clostridium]_leptum	k__Bacteria;p__Bacteroidetes;c__Bacteroidia;o__Bacteroidales;f__Porphyromonadaceae;g__Parabacteroides;s__Parabacteroides_goldsteinii	k__Bacteria;p__Firmicutes;c__Clostridia;o__Clostridiales;f__Lachnospiraceae;g__Anaerostipes;s__Anaerostipes_hadrus	k__Bacteria;p__Firmicutes;c__Clostridia;o__Clostridiales;f__Ruminococcaceae;g__Ruminococcus;s__Ruminococcus_lactaris	k__Bacteria;p__Firmicutes;c__Clostridia;o__Clostridiales;f__Clostridiaceae;g__Clostridium;s__Clostridium_sp._L2-50	k__Bacteria;p__Firmicutes;c__Clostridia;o__Clostridiales;f__Clostridiaceae;g__Clostridium;s__Clostridium_sp._M62/1	k__Bacteria;p__Firmicutes;c__Clostridia;o__Clostridiales;f__;g__Intestinimonas;s__Intestinimonas_butyriciproducens	k__Bacteria;p__Actinobacteria;c__Actinobacteria;o__Bifidobacteriales;f__Bifidobacteriaceae;g__Bifidobacterium;s__Bifidobacterium_bifidum	k__Bacteria;p__Firmicutes;c__Negativicutes;o__Veillonellales;f__Veillonellaceae;g__Dialister;s__Dialister_invisus	k__Bacteria;p__Bacteroidetes;c__Bacteroidia;o__Bacteroidales;f__Bacteroidaceae;g__Bacteroides;s__Bacteroides_salanitronis
k__Bacteria;p__Bacteroidetes;c__Bacteroidia;o__Bacteroidales;f__Bacteroidaceae;g__Bacteroides;s__Bacteroides_vulgatus	1.0	-0.0251709086035	0.00151521676879	0.0396316054251	0.0733161673896	-0.0194051598591	-0.0303839435498	-0.0397793732518	-0.00949776898558	0.011667415167	-0.0688234743009	0.0227770071995	-0.0313000482219	-0.036439934255	0.00697040562688	-0.0282869315349	0.00241284001738	0.0635108693406	0.0107246701744	-0.0260937982708	-0.0377954904703	0.0107466528698	-0.0316772946105	0.0348760425816	0.0016323783744	-0.0153238700853	-0.0340054264576	0.0220909481774	0.0275701563004	-0.000598618207024	-0.00541305183689	-0.00137945644022	-0.0126900212712	0.0495031129941	-0.0835809240415	0.0128492895924	-0.0291241817075	0.0361282862891	-0.0359802075376	0.0105243356288	-0.0146324779642	0.0482977889394	-0.0417794409901	-0.0079935729797	-0.0529239466355	-0.0339440655006	-0.0541917584765	-0.0328175875571	-0.0062511702023	-0.043623609257	0.0223686671289	-0.0040143241367	-0.0236908998462	-0.00987830481592	0.0103011653296	-0.0311673129361	-0.00349382935793	-0.0232718156527	0.0304161233369
k__Bacteria;p__Bacteroidetes;c__Bacteroidia;o__Bacteroidales;f__Bacteroidaceae;g__Bacteroides;s__Bacteroides_uniformis	-0.0251709086035	1.0	-0.0243990627803	0.0176897961694	-0.0317869822015	0.00903018438243	0.0548567649101	-0.0148645021981	0.0522557315169	-0.0593794122624	-0.0285491277865	-0.0460611775907	-0.000777136793636	-0.0115382842821	-0.0268293344759	0.00259996521578	0.00884093254703	0.0379713502357	-0.00473672789706	-0.0488550901424	0.0286212874115	0.0181412625795	-0.0342115603738	-0.0369526748986	-0.0109942449037	0.0355896794464	-0.0190684450261	0.0177038240578	-0.0029068908718	0.0416105727711	-0.0226742976892	0.0271763159295	-0.0444520246436	-0.0198351641171	-0.0511089497651	-0.0263695809831	0.0206496801458	-0.00809738436594	0.0156071015623	-0.0248273475562	0.0024071342223	-0.0820233348769	0.0143042174339	-0.0522490871216	0.0114157618194	-0.00979844566973	-0.0497873770439	0.0541277736017	-0.0161786958832	0.00975011297326	0.0139980520757	-0.0200331972999	0.038351636217	-0.00222733047549	0.0314471188394	-0.0331893356103	0.000479345603091	-0.0551157634753	-0.0411550935468
k__Bacteria;p__Bacteroidetes;c__Bacteroidia;o__Bacteroidales;f__Rikenellaceae;g__Alistipes;s__Alistipes_putredinis	0.00151521676879	-0.0243990627803	1.0	-0.066355765353	0.0487515916242	0.0108763757486	-0.00957610660094	-0.0266190872432	-0.0391029668045	-0.0181173953413	-0.0209852623584	-0.013298208177	-0.00998513728892	0.0479948446911	-0.0236325116506	-0.0428536261871	-0.0402417971563	-0.0133883237315	-0.021772469841	0.0253951626663	-0.0117005432965	0.0260955676518	-0.013281246617	-0.0396821325731	-0.0251224960577	-0.0290592857949	0.0350659394556	0.0157886958486	0.0165810328801	-0.0904518867764	-0.0166900823188	5.11504994792e-05	-0.00165041823893	-0.0223631764342	-0.0331856335124	-0.0104034422866	0.0147973972346	-0.0175974538149	-0.00822187169454	-0.0109128754586	0.0262114352846	0.0183744101424	0.0409797052502	-0.0381427812432	-0.0123659223864	0.0395295054228	0.0283383084487	0.0562609373974	0.00831975567773	0.00904112192431	-0.0141608581135	-0.0178200438355	-0.0134754917411	0.0195456455702	-0.00696790903581	-0.00645427817283	-0.00261076638624	-0.00501091354986	0.029303841689
k__Bacteria;p__Bacteroidetes;c__Bacteroidia;o__Bacteroidales;f__Prevotellaceae;g__Prevotella;s__Prevotella_copri	0.0396316054251	0.0176897961694	-0.066355765353	1.0	0.0584608734663	-0.0118922534061	-0.0465943510265	-0.0107474644321	-0.0147509062081	0.00878217404711	-0.0102840957895	-0.0181133686312	-0.0446778366158	-0.0345334116876	-0.0333986951932	-0.00761366509049	-0.0164307085329	-0.00714928025866	0.00741335711495	-0.0291961126011	0.00193084184701	-0.0466699967756	-0.0511902607037	0.0248362520465	0.0121961784163	-0.0175736814549	0.0200740277435	0.0259192326615	-0.0065216473563	0.00571437934506	-0.0208011735149	-0.0336596009848	-0.012836021989	0.0435140698853	-0.00865565820079	0.0100726636916	-0.00870044923333	0.00424076072528	0.0299952191474	-0.00303080063426	0.0257841193893	-0.0358290599789	0.0183437644371	0.00169768511015	-0.0873795340137	0.00491799934495	0.00821989964765	0.00209606491815	0.0908044983519	-0.019134172877	-0.0461618166749	-0.0864026277517	0.0620407825928	0.0218366884302	0.0431393660658	0.0387327156977	0.0363601923995	-0.0509773007669	-0.015421040308
k__Bacteria;p__Bacteroidetes;c__Bacteroidia;o__Bacteroidales;f__Bacteroidaceae;g__Bacteroides;s__Bacteroides_stercoris	0.0733161673896	-0.0317869822015	0.0487515916242	0.0584608734663	1.0	0.0149919846046	-0.0290363693438	-0.0433214336615	0.00223242134904	0.0596286664334	-0.00996698084598	-0.0290174726361	0.0258511284815	-0.0138689901834	-0.0365923041968	0.0282302184791	-0.0317607662303	-0.0047033612934	-0.0267600889499	0.0304818768593	0.0124921289681	-0.0243057007575	0.00777274531073	-0.00361318005877	0.0023132562314	0.0244421970449	-0.0490666917904	-0.0461151899972	-0.0139987609209	-0.00132633810557	-0.0335949748275	-0.0127582127222	9.14183775719e-05	0.0292823332652	-0.0103635104053	0.0208275286853	-0.0508630846686	-0.0159934966026	-0.0860215723013	-0.0259422696772	-0.0603439166146	0.00356317538874	-0.0209694644185	-0.00478395282387	-0.0375816125527	0.00623213922926	-0.0118560780036	-0.0401239078008	-0.0448818143221	0.00351441456001	-0.0103457356614	-0.0507787097823	-0.0355470074162	0.0272816756587	0.00695322053322	0.0230289600835	-0.0371757036531	-0.00702110596338	-0.0209914105083
k__Bacteria;p__Bacteroidetes;c__Bacteroidia;o__Bacteroidales;f__Bacteroidaceae;g__Bacteroides;s__Bacteroides_ovatus	-0.0194051598591	0.00903018438243	0.0108763757486	-0.0118922534061	0.0149919846046	1.0	-0.0720651752489	-0.0587946089219	-0.0131723747298	-0.0226726372147	0.0269186057096	-0.0128629192103	0.000478063167152	0.00387615240122	-0.0148454645055	-0.0588276464908	-0.016256080758	-0.0256776762955	-0.0141100776018	-0.0825541121861	0.0219689314804	0.0187452548204	0.042878007357	0.0538378682459	0.0108895384216	-0.0890196014805	-0.0108768720451	-0.022828842613	-0.0139529842796	-0.0275339740206	0.00400344377848	-0.00352404389478	-0.0267509113807	-0.0877221210559	-0.0320050381006	0.0121239748663	-0.0295706346762	0.00911007296575	-0.0293399942857	-0.00386635750856	-0.0211546935513	0.0269706629537	0.0287489070289	0.00273043770645	0.00401083269337	-0.00566219665524	0.00624896607648	-0.0314390862261	0.0119585875347	-0.0121456341742	-0.0373278508748	0.00988351428475	-0.0433729822559	-0.021882431514	0.00970692974775	-0.0505883589694	-0.00953291634382	-0.0464003591461	0.0106910935222
k__Bacteria;p__Bacteroidetes;c__Bacteroidia;o__Bacteroidales;f__Rikenellaceae;g__Alistipes;s__Alistipes_shahii	-0.0303839435498	0.0548567649101	-0.00957610660094	-0.0465943510265	-0.0290363693438	-0.0720651752489	1.0	-0.031249522898	0.0355234475584	-0.0471981346423	0.0293426714173	0.0114330566064	-0.0592258659391	-0.0200230134662	-0.020209947819	-0.00226372654795	0.0295970364654	-0.0308586307035	0.036552185626	0.0305874717259	-0.0125280819592	-0.00131584872022	-0.0120666277327	0.0623599253749	0.0456012288256	0.0102811285686	0.0159634482629	-0.0596103975648	-0.010890439167	-0.0192486462711	0.0551940227752	-0.0166710137922	-0.00177101385102	0.024613168576	0.0187784209993	0.0262021013761	-0.0465397257571	-0.0497069884876	-0.0107373289776	0.0108513133943	0.0218828200421	-0.00643563946846	0.0323112277668	0.0421759440816	0.00822174348558	-0.0268611289005	0.0407802305073	-0.00423059888125	-0.0123531797013	-0.00529437751959	-0.0438372566772	-0.0194548117011	0.0115411455501	-0.0301026273248	-0.0648761185999	0.0388281495956	-0.0673338142475	0.00454076023437	-0.00869651873098
k__Bacteria;p__Firmicutes;c__Clostridia;o__Clostridiales;f__Ruminococcaceae;g__Faecalibacterium;s__Faecalibacterium_prausnitzii	-0.0397793732518	-0.0148645021981	-0.0266190872432	-0.0107474644321	-0.0433214336615	-0.0587946089219	-0.031249522898	1.0	-0.020368790749	0.00331864313029	0.0313990032429	0.00840398444368	-0.0391702191586	0.0348249536415	-0.0244630825727	0.0749893116148	-0.021401605991	-0.0375829124943	-0.00576130455382	-0.00436182572911	-0.0132060870958	-0.00909402051629	-0.000282553433326	0.0419042127481	0.000431270719184	-0.0101984186479	-0.0307196731172	-0.0153113706067	-0.0469066453264	-0.0213841345062	-0.00196706407058	-0.0499024485652	0.0396633789026	-0.00251829841661	0.00718850259281	-0.0164736723361	0.0508254203168	-0.040147732281	-0.064476423838	-0.0305852819752	-0.00675641129923	-0.0354646131029	0.050617093747	0.0201839651815	-0.0227156363293	-0.0305741464376	-0.0339265547736	-0.037806278869	0.000903764830268	0.0345892484166	-0.025198288726	-0.0360294983764	0.0231953841049	-0.0290273060181	0.0502168892819	0.0097370908639	-0.0328035581007	0.0265448740832	0.0379132228018
k__Bacteria;p__Bacteroidetes;c__Bacteroidia;o__Bacteroidales;f__Rikenellaceae;g__Alistipes;s__Alistipes_finegoldii	-0.00949776898557	0.0522557315169	-0.0391029668045	-0.0147509062081	0.00223242134904	-0.0131723747298	0.0355234475584	-0.020368790749	1.0	0.0209668838308	0.0044711633427	-0.00273695439961	0.0135060800341	0.00926794481755	0.0517749649216	0.0093057338789	-0.0443264207496	-0.0508573435117	-0.0188702711233	-0.000904452996317	-0.00564137966171	-0.00673024323984	-0.0167211329928	0.0337907382899	0.00811849908452	0.000163012299035	-0.000196008265142	0.0198805038244	-0.0321271435257	0.000513261438367	-0.0473642631695	-0.0495004293015	-0.0410028489459	-0.0434833847576	0.028082813316	0.000920595462366	-0.0437863910355	-0.0207426616838	0.00437374308382	-0.0410458369467	-0.0123533658842	-0.00465387707345	-0.029693957904	0.0289280394597	0.01937393519	-0.0383829245162	0.0135898311337	-0.0104575383278	-0.0166729402476	0.000599371221054	0.0448124397381	0.0783280553017	-0.0483621320268	0.0399753743516	-0.0382527683432	-0.00501803803583	-0.0268662482195	0.0219803974578	-0.0225467913868
k__Bacteria;p__Bacteroidetes;c__Bacteroidia;o__Bacteroidales;f__Porphyromonadaceae;g__Parabacteroides;s__Parabacteroides_distasonis	0.011667415167	-0.0593794122624	-0.0181173953413	0.00878217404711	0.0596286664334	-0.0226726372147	-0.0471981346423	0.00331864313029	0.0209668838308	1.0	0.0224000820197	-0.0159442006487	-0.023054268875	0.0241315287758	0.00175017191486	-0.0162170133507	0.000957394064611	-0.0100105154283	0.029403941404	0.0495239119054	-0.000959293945614	-0.00315224709063	-0.0151429531376	-0.00017827455097	0.0285729415645	-0.054312604399	0.00392142380982	-0.0410507251592	0.0283716686725	-0.0090133629147	-0.0345623584725	-0.0421693440348	-0.0287797446216	-0.0181343883645	-0.0421054266005	-0.00619376530014	-0.0169576028886	0.0311379863252	-0.0510135188949	-0.0261453633607	0.0240645534952	-0.00594731152231	0.00764618381654	0.000579104927977	-0.0178476931089	-0.0150768029881	0.105012252442	-0.00867088712942	-0.0692564645275	-0.00602503398914	-0.0251521766627	-0.0514746014477	0.0246445687873	-0.00383185669634	-0.011057588046	-0.0671801258755	0.0172531040948	0.0776918207413	0.0298345103947
k__Bacteria;p__Bacteroidetes;c__Bacteroidia;o__Bacteroidales;f__Bacteroidaceae;g__Bacteroides;s__Bacteroides_thetaiotaomicron	-0.0688234743009	-0.0285491277865	-0.0209852623584	-0.0102840957895	-0.00996698084598	0.0269186057096	0.0293426714173	0.0313990032429	0.0044711633427	0.0224000820197	1.0	0.0285357391037	-0.0514467298644	0.0477661057899	-0.00200317389786	0.0137872942322	-0.0410355571076	-0.0259658297996	-0.0459850751816	-0.0519840192487	0.0074897295897	0.0683883464614	-0.0365688346758	0.0890295440754	-0.0170927818149	-0.0161643713124	-0.0355399275439	-0.0119770135819	0.0280632941244	-0.0421353001818	-0.0436413393126	-0.0271370964181	-0.00274697377599	0.0290164748656	-0.0302986824271	-0.0180939324957	-0.0227683083856	-0.00499957417093	-0.0183318451972	0.00518692010521	-0.021861658304	0.00373358430343	-0.033070554244	0.0266457756381	0.0259023582347	-0.00349679046949	-0.00410218516729	0.0200466250512	-0.0163414290598	0.00397828019485	-0.0349963823311	-0.0401404437179	0.00829778296904	-0.0250206502905	-0.0141907621556	-0.00911754804981	-0.0300622319234	0.0449039625392	0.0502031139134
k__Bacteria;p__Bacteroidetes;c__Bacteroidia;o__Bacteroidales;f__Bacteroidaceae;g__Bacteroides;s__Bacteroides_coprocola	0.0227770071995	-0.0460611775907	-0.013298208177	-0.0181133686312	-0.0290174726361	-0.0128629192103	0.0114330566064	0.00840398444368	-0.00273695439961	-0.0159442006487	0.0285357391037	1.0	-0.0109033134218	0.0213662097057	-0.0336025861426	-0.0294858481834	-0.0400374238933	-0.0112008129049	0.00755178854391	-0.00926119505906	0.0169346093809	-0.0379756761616	0.00511440214213	-0.00425972046336	-0.0601768765057	-0.0283592484937	-0.0119664197535	0.0307404062212	-0.000102266416242	-0.0198741804695	0.0136492024011	0.0118418188981	-0.0277238668071	-0.0186994387862	0.0337367101217	-0.00991484067247	0.0497371452823	-0.0397700998171	0.0121453830477	-0.0191394389803	0.00401047238195	-0.0112121533347	-0.00340657387001	-0.0146129421402	0.0245517612435	0.00553604297439	0.0321249717306	0.0197194657384	0.0137750958349	-0.0601443660664	0.0315716066338	-0.0331025605761	0.020943598896	-0.0329251235879	-0.0235291719403	-0.0148522497673	-0.0204296946678	-0.00627646076904	-0.00639597289841
k__Bacteria;p__Bacteroidetes;c__Bacteroidia;o__Bacteroidales;f__Bacteroidaceae;g__Bacteroides;s__Bacteroides_cellulosilyticus	-0.0313000482219	-0.000777136793636	-0.00998513728892	-0.0446778366158	0.0258511284815	0.000478063167152	-0.0592258659391	-0.0391702191586	0.0135060800341	-0.023054268875	-0.0514467298644	-0.0109033134218	1.0	-0.0108369734978	0.0291922380181	0.0044975730873	-0.0274968041358	0.0138825669651	0.031388636745	-0.0143271657857	-0.0327066078553	-0.000633956425697	-0.0626375755861	0.0042545903286	-0.0162451342402	-0.0392320065571	-0.0372686720314	0.0626712219974	-0.0294504394266	0.00417862142094	-0.0217095302119	-0.0363142955608	0.00892761061137	0.0311552426357	-0.0128307825924	0.0207497951141	-0.00825735331406	0.00489683338869	-0.0919049476133	-0.0294829939693	0.0378093868343	-0.009712188239	-0.053103333358	-0.0145503718541	-0.000780142496663	0.013664568747	0.00897016060854	-0.025645120288	-0.0557671113761	-0.0252295138097	-0.0374688767471	0.0461464429637	-0.0455661276682	-0.0222803136894	-0.0174901922586	-0.0297058634402	-0.00855282226225	0.00123292389704	0.0381392532465
k__Bacteria;p__Bacteroidetes;c__Bacteroidia;o__Bacteroidales;f__Rikenellaceae;g__Alistipes;s__Alistipes_obesi	-0.036439934255	-0.0115382842821	0.0479948446911	-0.0345334116876	-0.0138689901834	0.00387615240122	-0.0200230134662	0.0348249536415	0.00926794481755	0.0241315287758	0.0477661057899	0.0213662097057	-0.0108369734978	1.0	-0.0536277100975	-0.00419409114553	-0.0295232332244	0.0279446003814	-0.0609335741214	-0.022918433644	0.0311301600312	0.00585931799946	-0.00514594709382	0.0499743788685	0.0253905612004	-0.0213610072666	0.0235987920851	-0.0324859202979	0.0332566063716	0.0202399828476	-0.0106846039847	0.0393251763196	-0.0600249104092	-0.0246713970108	0.000340951990441	0.0224540618328	0.0471883461271	0.0105172015219	-0.0170417227226	-0.059511718975	-0.0180074123589	0.0291528031864	-0.000500956905556	0.00181642962549	-0.027441528067	0.00814363414866	0.0583511547195	-0.0268568756861	-0.00110093364435	0.00570380192198	0.052107142642	0.0330981177557	-0.00570862141625	0.000661726649276	-0.0425928553475	-0.0306656031534	-0.0368299406027	-0.0261536116851	-0.0252786684955
k__Bacteria;p__Firmicutes;c__Clostridia;o__Clostridiales;f__Lachnospiraceae;g__;s__[Eubacterium]_rectale	0.00697040562688	-0.0268293344759	-0.0236325116506	-0.0333986951932	-0.0365923041968	-0.0148454645055	-0.020209947819	-0.0244630825727	0.0517749649216	0.00175017191486	-0.00200317389786	-0.0336025861426	0.0291922380181	-0.0536277100975	1.0	0.0130263227411	0.00420033937631	0.0755905600473	0.0105541279287	0.0407491414737	-0.0215949472598	-0.0159684348052	0.0104269255379	-0.00555133585713	0.00636509434854	0.00469095791881	0.00891968408351	0.00919417418341	0.0113949517198	-0.0325156951186	0.0214366696525	-0.00741523316218	-0.00498979746105	0.0462110206969	-0.0481111318194	0.0107134815726	0.00485991300506	0.0123520757496	-0.0135472135142	-0.0197769950007	0.0138321215456	-0.0171444135264	-0.0655940746607	-0.0275830149197	-0.0121301360504	-0.00786272298888	-0.0794882483458	-0.0258774289082	0.0447210679486	-0.0502228204051	-0.00823814524159	-0.044025819356	-0.0383627423513	-0.0181500217722	-0.0615540873733	-0.0341136952734	-0.0185582177027	-0.0282342565322	-0.0404930260021
k__Bacteria;p__Bacteroidetes;c__Bacteroidia;o__Bacteroidales;f__Bacteroidaceae;g__Bacteroides;s__Bacteroides_plebeius	-0.0282869315349	0.00259996521578	-0.0428536261871	-0.00761366509049	0.0282302184791	-0.0588276464908	-0.00226372654795	0.0749893116148	0.0093057338789	-0.0162170133507	0.0137872942322	-0.0294858481834	0.0044975730873	-0.00419409114553	0.0130263227411	1.0	0.029160358919	-0.0143968313024	-0.0400234574758	0.0367927357002	-0.0165696774205	0.0664719008192	-0.030367408954	-0.0680555578564	-0.0399646267987	-0.0595021219068	-0.0356335176201	0.0252576801316	-0.0592439756586	-0.0236621357127	-0.0425117153159	0.0615876189221	-0.0351678805012	0.0226002204503	-0.009645720106	-0.0282774756697	-0.00432519039679	0.0416274382431	0.0327720526827	-0.0598890447912	-0.0158113430225	-0.0253054406169	-0.0415190838491	-0.0431860162667	-0.0137693826479	0.00118292813095	-0.0528441617099	-0.00194535668893	-0.00863324844828	0.0159240395858	-0.0017072210695	-0.041982225588	0.0343060074476	0.0378674369285	-0.0540424599167	-0.0474166734186	-0.0296554188753	0.0057622619306	-0.0104814348288
k__Bacteria;p__Bacteroidetes;c__Bacteroidia;o__Bacteroidales;f__Bacteroidaceae;g__Bacteroides;s__Bacteroides_fragilis	0.00241284001738	0.00884093254703	-0.0402417971563	-0.0164307085329	-0.0317607662303	-0.016256080758	0.0295970364654	-0.021401605991	-0.0443264207496	0.000957394064611	-0.0410355571076	-0.0400374238933	-0.0274968041358	-0.0295232332244	0.00420033937631	0.029160358919	1.0	0.0689885017571	-0.00907162033307	0.00473414425541	0.013203572136	-0.0179067587353	0.00663120247821	-0.0351973815933	-0.00250494561123	-0.0146810739107	-0.0142970073068	-0.0305232295374	-0.0415976613113	0.0566211285158	-0.0126506398542	0.000562726071299	0.00255147745353	-0.0672412096224	-0.0277508480668	0.00417106162837	-0.0417309789784	-0.0452654761226	0.00495774457066	-0.0384213906774	0.0417103038962	-0.0058573502675	-0.0350993565505	0.03788773795	0.00951942823455	-0.0316068087045	-0.0515874705918	0.0230857780613	-0.0206066666699	-0.0498483422067	-0.0100236745439	0.00688579434981	0.0481109755114	-0.0919536903192	0.00300554630156	-0.028202911796	-0.00202420432851	0.0277981024185	0.0188531408036
k__Bacteria;p__Proteobacteria;c__Betaproteobacteria;o__Burkholderiales;f__Sutterellaceae;g__Sutterella;s__Sutterella_wadsworthensis	0.0635108693406	0.0379713502357	-0.0133883237315	-0.00714928025866	-0.0047033612934	-0.0256776762955	-0.0308586307035	-0.0375829124943	-0.0508573435117	-0.0100105154283	-0.0259658297996	-0.0112008129049	0.0138825669651	0.0279446003814	0.0755905600473	-0.0143968313024	0.0689885017571	1.0	0.0210172394134	0.0211807940898	-0.00128638662135	0.0508847507428	0.0383119559415	-0.0282963645821	0.0490104791974	-0.0699423553999	-0.0246784848438	0.0534770031622	-0.0808693901998	0.037600125498	-0.00724025600687	0.0113107434306	0.0306931356502	0.0327856523478	0.0145192246028	-0.0305119775704	-0.0442725554279	-0.0265032164642	-0.0127428138088	0.0274404551714	-0.0281778710015	-0.027697494023	0.00887707605453	0.027078028195	-0.0622545888609	-0.0145799529469	-0.0236288136315	-0.00488590828833	0.0542743428591	-0.034799633593	-0.00300941470384	0.00400682091192	-0.0705666300299	0.0271684673592	0.0539221044323	-0.0229525907095	0.057721872967	-0.0313979426598	0.00845725544205
k__Bacteria;p__Bacteroidetes;c__Bacteroidia;o__Bacteroidales;f__Porphyromonadaceae;g__Barnesiella;s__Barnesiella_intestinihominis	0.0107246701744	-0.00473672789706	-0.021772469841	0.00741335711495	-0.0267600889499	-0.0141100776018	0.036552185626	-0.00576130455382	-0.0188702711233	0.029403941404	-0.0459850751816	0.00755178854391	0.031388636745	-0.0609335741214	0.0105541279287	-0.0400234574758	-0.00907162033307	0.0210172394134	1.0	-0.0508926809523	0.00268246183051	-0.0563601787821	-0.00706543978392	-0.0266499469035	0.060062366142	-0.0160493832472	-0.00210861293464	-0.00227060457552	0.0402647845847	-0.0284843858339	0.0447826805714	-0.0282622946206	-0.0528632976453	0.0219980978434	-0.00541485596117	0.0522109225723	-0.0559540641634	0.0318729184996	0.0171188318847	3.86022455356e-06	-0.0527205137565	-0.00178104041671	-0.0356500211739	-0.029676493351	-0.0258011559569	0.0342779801538	-0.0649660685595	-0.00709253790947	-0.00254431305013	0.0130963897091	-0.0454843977496	0.0143897929503	0.0192388693897	0.0237748968208	-0.0345473347135	0.0166898854994	0.023759432364	0.00670925246307	0.0404605422797
k__Bacteria;p__Bacteroidetes;c__Bacteroidia;o__Bacteroidales;f__Odoribacteraceae;g__Odoribacter;s__Odoribacter_splanchnicus	-0.0260937982708	-0.0488550901424	0.0253951626663	-0.0291961126011	0.0304818768593	-0.0825541121861	0.0305874717259	-0.00436182572911	-0.000904452996317	0.0495239119054	-0.0519840192487	-0.00926119505906	-0.0143271657857	-0.022918433644	0.0407491414737	0.0367927357002	0.00473414425541	0.0211807940898	-0.0508926809523	1.0	-0.0579634358002	0.0503033388012	0.0172080037174	-0.0395042542595	-0.0465832604376	-0.0102335982344	-0.0131358587091	-0.00587596544791	-0.0244323867548	-0.00708389585128	0.0167194632915	0.0391023143275	0.0476996547811	0.00623366726992	-0.0314838244214	-0.00552564150772	-0.0272329158865	-0.00769480947716	-0.00809342600788	0.0213656121534	0.000707747940364	-0.0117890291667	-0.033824431393	0.0385368616089	-0.0302253359219	0.0160298438044	-0.048596431513	0.0142712223441	-0.0137351350542	-0.0379083302554	-0.0654564286602	0.0448076719588	-0.0327475704837	-0.0318191707825	-0.0124331685226	-0.00935922647717	-0.0222794749689	-0.0449731259051	-0.025945019929
k__Bacteria;p__Bacteroidetes;c__Bacteroidia;o__Bacteroidales;f__Bacteroidaceae;g__Bacteroides;s__Bacteroides_salyersiae	-0.0377954904703	0.0286212874115	-0.0117005432965	0.00193084184701	0.0124921289681	0.0219689314804	-0.0125280819592	-0.0132060870958	-0.00564137966171	-0.000959293945614	0.0074897295897	0.0169346093809	-0.0327066078553	0.0311301600312	-0.0215949472598	-0.0165696774205	0.013203572136	-0.00128638662135	0.00268246183051	-0.0579634358002	1.0	0.0754445960351	-0.012471576492	-0.027357525104	-0.0200851503714	0.00350923536589	0.0224271164776	0.029963268631	-0.0124230134923	-0.0415138718101	-0.0851365792874	-0.037786838385	0.0923992762099	-0.0136395453999	0.0185835747563	-0.00686881642807	0.0109408400976	-0.00287804070331	-0.0368901746229	-0.002323824685	-0.016545375377	0.0332425467308	-0.0217612458487	0.024764189391	0.0102680686501	0.0263162924498	-0.00362909755571	-0.0644939585167	-0.0134801879946	-0.022665936304	0.00326545118008	-0.00528864706628	-0.0473329515564	-0.033083492497	0.0421696504882	-0.0438699079095	0.0202000558972	-0.0146254425527	-0.0517668051731
k__Bacteria;p__Firmicutes;c__Clostridia;o__Clostridiales;f__Ruminococcaceae;g__Ruminiclostridium;s__[Eubacterium]_siraeum	0.0107466528698	0.0181412625795	0.0260955676518	-0.0466699967756	-0.0243057007575	0.0187452548204	-0.00131584872022	-0.00909402051629	-0.00673024323984	-0.00315224709063	0.0683883464614	-0.0379756761616	-0.000633956425697	0.00585931799946	-0.0159684348052	0.0664719008192	-0.0179067587353	0.0508847507428	-0.0563601787821	0.0503033388012	0.0754445960351	1.0	-0.0264288997743	0.0482962022955	-0.0262151278711	-0.00101771854407	0.0421576365568	-0.0108220891268	0.00252731807572	-0.0533120497793	-0.00760721028876	0.0397863596804	-0.0242758705356	0.0314003703991	-0.0153038453567	-0.0120016540096	-0.0397381577995	0.000701570312839	0.000915715815042	-0.0278145860246	-0.0116363776321	0.0164559647941	-0.0868153080389	-0.0514315927826	-0.0158743421587	-0.0649926407873	0.000881866757011	0.00126142880502	-0.040893133938	-0.0517607273248	-0.0305302532882	0.0188006725911	-0.0423341114432	-0.0649576169349	-0.023279467615	0.0343528237159	0.0871692213607	0.056912243646	-0.00318507994487
k__Bacteria;p__Proteobacteria;c__Betaproteobacteria;o__Burkholderiales;f__Sutterellaceae;g__Parasutterella;s__Parasutterella_excrementihominis	-0.0316772946105	-0.0342115603738	-0.013281246617	-0.0511902607037	0.00777274531073	0.042878007357	-0.0120666277327	-0.000282553433326	-0.0167211329928	-0.0151429531376	-0.0365688346758	0.00511440214213	-0.0626375755861	-0.00514594709382	0.0104269255379	-0.030367408954	0.00663120247821	0.0383119559415	-0.00706543978392	0.0172080037174	-0.012471576492	-0.0264288997743	1.0	-0.00668644459755	0.0465033574098	-0.0143159177483	-0.0236535124505	0.0726535558462	0.037769008862	-0.0333271527793	0.0430611402481	0.0192569610941	0.0275505950239	-0.0635411641879	-0.0303339039864	0.0295127017361	-0.0120311498937	-0.0550735595512	-0.0499713129097	-0.00835068899231	-0.0300694108055	-0.00277898171509	0.0282076675328	-0.012547976202	-0.0160017038365	-0.0249374255668	0.0675429945561	-0.0248509413345	-0.0554429273541	-0.00810392174637	-0.0229749505955	-0.0347970022404	0.00855101316304	-0.0334260990857	0.0328721004642	0.0294704687245	-0.00860783707994	0.0563471080997	-0.0224876572717
k__Bacteria;p__Actinobacteria;c__Actinobacteria;o__Bifidobacteriales;f__Bifidobacteriaceae;g__Bifidobacterium;s__Bifidobacterium_adolescentis	0.0348760425816	-0.0369526748986	-0.0396821325731	0.0248362520465	-0.00361318005877	0.0538378682459	0.0623599253749	0.0419042127481	0.0337907382899	-0.000178274550971	0.0890295440754	-0.00425972046336	0.0042545903286	0.0499743788685	-0.00555133585713	-0.0680555578564	-0.0351973815933	-0.0282963645821	-0.0266499469035	-0.0395042542595	-0.027357525104	0.0482962022955	-0.00668644459755	1.0	0.0184402594807	-0.0501709719734	-0.0554436419102	0.00650457853569	0.02377336307	0.0244383129491	-0.0332959529117	0.0307049029173	-0.0509833617515	-0.00556477004461	-0.0183471692028	-0.0344470370933	-0.0104909789071	-0.0204351403015	0.0100275515041	-0.0144877830119	0.0440855629498	-0.0198718992058	-0.000976903525822	0.00948383590283	-0.0263735875465	0.00994253392256	-0.00690342356684	-0.06120159418	-0.0544561907486	0.010684996568	-0.0414164615769	0.00299453581813	-0.00812301009882	-0.0316688886896	-0.0311414460114	0.0197720466695	-0.0010358950152	-0.0151355679378	0.0285190300607
k__Bacteria;p__Firmicutes;c__Clostridia;o__Clostridiales;f__Oscillospiraceae;g__Oscillibacter;s__Oscillibacter_sp._KLE_1745	0.0016323783744	-0.0109942449037	-0.0251224960577	0.0121961784163	0.0023132562314	0.0108895384216	0.0456012288256	0.000431270719184	0.00811849908452	0.0285729415645	-0.0170927818149	-0.0601768765057	-0.0162451342402	0.0253905612004	0.00636509434854	-0.0399646267987	-0.00250494561123	0.0490104791974	0.060062366142	-0.0465832604376	-0.0200851503714	-0.0262151278711	0.0465033574098	0.0184402594807	1.0	-0.0338480939819	0.026868541432	0.0254088210984	0.0478398872399	-0.0737453276961	-0.0109696446128	-0.0380876736206	0.0241640857611	-0.044092310551	0.0232968681127	0.0172424573531	0.000474750094548	-0.00945172092534	-0.0422472837737	0.0409506792287	0.0403979700109	-0.0261650037128	-0.0168602336964	-0.039814279366	0.0271393575864	-0.00917138834382	0.0767580439127	-0.0173950056249	0.0391015663964	-0.00399509201419	-0.0437755020267	-0.0355919560116	-0.0443465017446	-0.023356873767	-0.0415039205112	0.0231849899348	-0.0442910520965	-0.00138476563011	0.0146490306858
k__Bacteria;p__Bacteroidetes;c__Bacteroidia;o__Bacteroidales;f__Bacteroidaceae;g__Bacteroides;s__Bacteroides_coprophilus	-0.0153238700853	0.0355896794464	-0.0290592857949	-0.0175736814549	0.0244421970449	-0.0890196014805	0.0102811285686	-0.0101984186479	0.000163012299035	-0.054312604399	-0.0161643713124	-0.0283592484937	-0.0392320065571	-0.0213610072666	0.00469095791881	-0.0595021219068	-0.0146810739107	-0.0699423553999	-0.0160493832472	-0.0102335982344	0.00350923536589	-0.00101771854407	-0.0143159177483	-0.0501709719734	-0.0338480939819	1.0	0.0364953274558	0.00298194860637	0.0059407750764	0.00903888965878	-0.0232244833939	0.0639757535894	0.0680483098061	-0.00926278404861	0.00230416039367	-0.0296633519673	0.0122200692047	0.0520130171043	0.016343527554	0.00138060796084	-0.02147373461	0.0143348975322	0.0125318544752	0.0299710026027	0.0146198153192	-0.0244552746637	-0.0423963475543	0.0478425378305	0.0415056658892	-0.0389223933861	0.0156026294358	0.0213200268077	0.0199657143515	0.00429461450773	-0.045112497988	-0.00347799375581	0.0123933262631	-0.0214844263933	-0.0357459809681
k__Bacteria;p__Firmicutes;c__Clostridia;o__Clostridiales;f__Lachnospiraceae;g__Roseburia;s__Roseburia_intestinalis	-0.0340054264576	-0.0190684450261	0.0350659394556	0.0200740277435	-0.0490666917904	-0.0108768720451	0.0159634482629	-0.0307196731172	-0.000196008265142	0.00392142380982	-0.0355399275439	-0.0119664197535	-0.0372686720314	0.0235987920851	0.00891968408351	-0.0356335176201	-0.0142970073068	-0.0246784848438	-0.00210861293464	-0.0131358587091	0.0224271164776	0.0421576365568	-0.0236535124505	-0.0554436419102	0.026868541432	0.0364953274558	1.0	-0.0391979416362	-0.0143313111055	0.0159597471383	-0.0145904756865	-0.0363075950194	-0.0659060283175	-0.0270981400087	0.0229369399293	0.0197689838651	0.0095233183054	-0.0159886842967	0.0136712797426	-0.0159774259766	-0.00545652843877	0.0125926092647	-0.0218576867824	-0.0446285051291	-0.00805742106301	-0.0137255926463	-0.0302211148281	-0.00460746520166	0.0294290536626	0.00846132643682	-0.0371894234302	-0.00112084530442	-0.0641601561829	0.00989451974823	-0.0333362770765	-0.00766035051905	-0.0461815812307	-0.00112044754365	-0.0256664106403
k__Bacteria;p__Firmicutes;c__Clostridia;o__Clostridiales;f__Lachnospiraceae;g__Roseburia;s__Roseburia_hominis	0.0220909481774	0.0177038240578	0.0157886958486	0.0259192326615	-0.0461151899972	-0.022828842613	-0.0596103975648	-0.0153113706067	0.0198805038244	-0.0410507251592	-0.0119770135819	0.0307404062212	0.0626712219974	-0.0324859202979	0.00919417418341	0.0252576801316	-0.0305232295374	0.0534770031622	-0.00227060457552	-0.00587596544791	0.029963268631	-0.0108220891268	0.0726535558462	0.00650457853569	0.0254088210984	0.00298194860637	-0.0391979416362	1.0	-0.0616402540638	0.00329453077006	-0.00186319964187	0.0240404833166	0.00222703372368	0.00728030738386	-0.0484459160641	-0.0297605020062	-0.0385023660947	0.0185343275807	0.0139752710621	-0.0550887676414	0.0240319691537	-0.0520297617149	-0.0177236551574	-0.0131728433443	0.0120379297693	0.0509793552016	0.0169004409033	-0.00690851380516	0.00369498639301	-0.0663500239974	-0.00669547988582	-0.0539096295178	-0.0678193434612	-0.00396026874351	0.00113645288959	0.00904983000904	-0.044307035244	0.0103281186769	0.0116458980086
k__Bacteria;p__Bacteroidetes;c__Bacteroidia;o__Bacteroidales;f__Porphyromonadaceae;g__Parabacteroides;s__Parabacteroides_johnsonii	0.0275701563004	-0.0029068908718	0.0165810328801	-0.0065216473563	-0.0139987609209	-0.0139529842796	-0.010890439167	-0.0469066453264	-0.0321271435257	0.0283716686725	0.0280632941244	-0.000102266416242	-0.0294504394266	0.0332566063716	0.0113949517198	-0.0592439756586	-0.0415976613113	-0.0808693901998	0.0402647845847	-0.0244323867548	-0.0124230134923	0.00252731807572	0.037769008862	0.02377336307	0.0478398872399	0.0059407750764	-0.0143313111055	-0.0616402540638	1.0	-0.0197678962117	-0.0234728238584	0.0364595883909	-0.0212394536703	-0.0457291855675	-0.00698859277678	0.000891127591636	-0.0472824271776	-0.0196849486282	0.0113309318471	-0.0892913650519	-0.0234575315189	-9.23489696569e-05	-0.0118637383392	0.0159986059086	-0.0380460234827	-0.0231779485363	-0.0306517461041	0.0227347154732	-0.00610732928201	-0.0361479898564	0.0472824660003	-0.00675558303913	0.0264037595972	-0.0457356539105	-0.0118451604388	0.0498830773958	-0.0451558671444	0.0459352947516	-0.0104849029984
