#taxonomy	k__Bacteria;p__Bacteroidetes;c__Bacteroidia;o__Bacteroidales;f__Bacteroidaceae;g__Bacteroides;s__Bacteroides_vulgatus	k__Bacteria;p__Bacteroidetes;c__Bacteroidia;o__Bacteroidales;f__Bacteroidaceae;g__Bacteroides;s__Bacteroides_uniformis	k__Bacteria;p__Bacteroidetes;c__Bacteroidia;o__Bacteroidales;f__Rikenellaceae;g__Alistipes;s__Alistipes_putredinis	k__Bacteria;p__Bacteroidetes;c__Bacteroidia;o__Bacteroidales;f__Prevotellaceae;g__Prevotella;s__Prevotella_copri	k__Bacteria;p__Bacteroidetes;c__Bacteroidia;o__Bacteroidales;f__Bacteroidaceae;g__Bacteroides;s__Bacteroides_stercoris	k__Bacteria;p__Bacteroidetes;c__Bacteroidia;o__Bacteroidales;f__Bacteroidaceae;g__Bacteroides;s__Bacteroides_ovatus	k__Bacteria;p__Bacteroidetes;c__Bacteroidia;o__Bacteroidales;f__Rikenellaceae;g__Alistipes;s__Alistipes_shahii	k__Bacteria;p__Firmicutes;c__Clostridia;o__Clostridiales;f__Ruminococcaceae;g__Faecalibacterium;s__Faecalibacterium_prausnitzii	k__Bacteria;p__Bacteroidetes;c__Bacteroidia;o__Bacteroidales;f__Rikenellaceae;g__Alistipes;s__Alistipes_finegoldii	k__Bacteria;p__Bacteroidetes;c__Bacteroidia;o__Bacteroidales;f__Porphyromonadaceae;g__Parabacteroides;s__Parabacteroides_distasonis	k__Bacteria;p__Bacteroidetes;c__Bacteroidia;o__Bacteroidales;f__Bacteroidaceae;g__Bacteroides;s__Bacteroides_thetaiotaomicron	k__Bacteria;p__Bacteroidetes;c__Bacteroidia;o__Bacteroidales;f__Bacteroidaceae;g__Bacteroides;s__Bacteroides_coprocola	k__Bacteria;p__Bacteroidetes;c__Bacteroidia;o__Bacteroidales;f__Bacteroidaceae;g__Bacteroides;s__Bacteroides_cellulosilyticus	k__Bacteria;p__Bacteroidetes;c__Bacteroidia;o__Bacteroidales;f__Rikenellaceae;g__Alistipes;s__Alistipes_obesi	k__Bacteria;p__Firmicutes;c__Clostridia;o__Clostridiales;f__Lachnospiraceae;g__;s__[Eubacterium]_rectale	k__Bacteria;p__Bacteroidetes;c__Bacteroidia;o__Bacteroidales;f__Bacteroidaceae;g__Bacteroides;s__Bacteroides_plebeius	k__Bacteria;p__Bacteroidetes;c__Bacteroidia;o__Bacteroidales;f__Bacteroidaceae;g__Bacteroides;s__Bacteroides_fragilis	k__Bacteria;p__Proteobacteria;c__Betaproteobacteria;o__Burkholderiales;f__Sutterellaceae;g__Sutterella;s__Sutterella_wadsworthensis	k__Bacteria;p__Bacteroidetes;c__Bacteroidia;o__Bacteroidales;f__Porphyromonadaceae;g__Barnesiella;s__Barnesiella_intestinihominis	k__Bacteria;p__Bacteroidetes;c__Bacteroidia;o__Bacteroidales;f__Odoribacteraceae;g__Odoribacter;s__Odoribacter_splanchnicus	k__Bacteria;p__Bacteroidetes;c__Bacteroidia;o__Bacteroidales;f__Bacteroidaceae;g__Bacteroides;s__Bacteroides_salyersiae	k__Bacteria;p__Firmicutes;c__Clostridia;o__Clostridiales;f__Ruminococcaceae;g__Ruminiclostridium;s__[Eubacterium]_siraeum	k__Bacteria;p__Proteobacteria;c__Betaproteobacteria;o__Burkholderiales;f__Sutterellaceae;g__Parasutterella;s__Parasutterella_excrementihominis	k__Bacteria;p__Actinobacteria;c__Actinobacteria;o__Bifidobacteriales;f__Bifidobacteriaceae;g__Bifidobacterium;s__Bifidobacterium_adolescentis	k__Bacteria;p__Firmicutes;c__Clostridia;o__Clostridiales;f__Oscillospiraceae;g__Oscillibacter;s__Oscillibacter_sp._KLE_1745	k__Bacteria;p__Bacteroidetes;c__Bacteroidia;o__Bacteroidales;f__Bacteroidaceae;g__Bacteroides;s__Bacteroides_coprophilus	k__Bacteria;p__Firmicutes;c__Clostridia;o__Clostridiales;f__Lachnospiraceae;g__Roseburia;s__Roseburia_intestinalis	k__Bacteria;p__Firmicutes;c__Clostridia;o__Clostridiales;f__Lachnospiraceae;g__Roseburia;s__Roseburia_hominis	k__Bacteria;p__Bacteroidetes;c__Bacteroidia;o__Bacteroidales;f__Porphyromonadaceae;g__Parabacteroides;s__Parabacteroides_johnsonii	k__Bacteria;p__Actinobacteria;c__Actinobacteria;o__Bifidobacteriales;f__Bifidobacteriaceae;g__Bifidobacterium;s__Bifidobacterium_longum	k__Bacteria;p__Firmicutes;c__Clostridia;o__Clostridiales;f__;g__Flavonifractor;s__Flavonifractor_plautii	k__Bacteria;p__Firmicutes;c__Clostridia;o__Clostridiales;f__Clostridiaceae;g__Clostridium;s__Clostridium_phoceensis	k__Bacteria;p__Verrucomicrobia;c__Verrucomicrobiae;o__Verrucomicrobiales;f__Akkermansiaceae;g__Akkermansia;s__Akkermansia_muciniphila	k__Bacteria;p__Bacteroidetes;c__Bacteroidia;o__Bacteroidales;f__Prevotellaceae;g__Paraprevotella;s__Paraprevotella_xylaniphila	k__Bacteria;p__Firmicutes;c__Clostridia;o__Clostridiales;f__Ruminococcaceae;g__Ruminococcus;s__Ruminococcus_callidus	k__Bacteria;p__Bacteroidetes;c__Bacteroidia;o__Bacteroidales;f__Rikenellaceae;g__Alistipes;s__Alistipes_senegalensis	k__Bacteria;p__Firmicutes;c__Clostridia;o__Clostridiales;f__Lachnospiraceae;g__Blautia;s__Blautia_sp._KLE_1732	k__Bacteria;p__Bacteroidetes;c__Bacteroidia;o__Bacteroidales;f__Bacteroidaceae;g__Bacteroides;s__Bacteroides_oleiciplenus	k__Bacteria;p__Firmicutes;c__Clostridia;o__Clostridiales;f__Ruminococcaceae;g__Ruminococcus;s__Ruminococcus_bicirculans	k__Bacteria;p__Bacteroidetes;c__Bacteroidia;o__Bacteroidales;f__Bacteroidaceae;g__Bacteroides;s__Bacteroides_fluxus	k__Bacteria;p__Bacteroidetes;c__Bacteroidia;o__Bacteroidales;f__Prevotellaceae;g__Prevotella;s__Prevotella_stercorea	k__Bacteria;p__Firmicutes;c__Clostridia;o__Clostridiales;f__Lachnospiraceae;g__Dorea;s__Dorea_longicatena	k__Bacteria;p__Firmicutes;c__Clostridia;o__Clostridiales;f__Eubacteriaceae;g__Eubacterium;s__[Eubacterium]_eligens	k__Bacteria;p__Firmicutes;c__Clostridia;o__Clostridiales;f__Ruminococcaceae;g__;s__Ruminococcaceae_bacterium_D16	k__Bacteria;p__Firmicutes;c__Clostridia;o__Clostridiales;f__Lachnospiraceae;g__Coprococcus;s__Coprococcus_comes	k__Bacteria;p__Proteobacteria;c__Gammaproteobacteria;o__Enterobacterales;f__Enterobacteriaceae;g__Escherichia;s__Escherichia_coli	k__Bacteria;p__Firmicutes;c__Clostridia;o__Clostridiales;f__Ruminococcaceae;g__Anaerotruncus;s__Anaerotruncus_colihominis	k__Bacteria;p__Firmicutes;c__Clostridia;o__Clostridiales;f__Lachnospiraceae;g__Blautia;s__Blautia_obeum	k__Bacteria;p__Bacteroidetes;c__Bacteroidia;o__Bacteroidales;f__Odoribacteraceae;g__Odoribacter;s__Odoribacter_laneus	k__Bacteria;p__Firmicutes;c__Clostridia;o__Clostridiales;f__Ruminococcaceae;g__Ruminiclostridium;s__[Clostridium]_leptum	k__Bacteria;p__Bacteroidetes;c__Bacteroidia;o__Bacteroidales;f__Porphyromonadaceae;g__Parabacteroides;s__Parabacteroides_goldsteinii	k__Bacteria;p__Firmicutes;c__Clostridia;o__Clostridiales;f__Lachnospiraceae;g__Anaerostipes;s__Anaerostipes_hadrus	k__Bacteria;p__Firmicutes;c__Clostridia;o__Clostridiales;f__Ruminococcaceae;g__Ruminococcus;s__Ruminococcus_lactaris	k__Bacteria;p__Firmicutes;c__Clostridia;o__Clostridiales;f__Clostridiaceae;g__Clostridium;s__Clostridium_sp._L2-50	k__Bacteria;p__Firmicutes;c__Clostridia;o__Clostridiales;f__Clostridiaceae;g__Clostridium;s__Clostridium_sp._M62/1	k__Bacteria;p__Firmicutes;c__Clostridia;o__Clostridiales;f__;g__Intestinimonas;s__Intestinimonas_butyriciproducens	k__Bacteria;p__Actinobacteria;c__Actinobacteria;o__Bifidobacteriales;f__Bifidobacteriaceae;g__Bifidobacterium;s__Bifidobacterium_bifidum	k__Bacteria;p__Firmicutes;c__Negativicutes;o__Veillonellales;f__Veillonellaceae;g__Dialister;s__Dialister_invisus	k__Bacteria;p__Bacteroidetes;c__Bacteroidia;o__Bacteroidales;f__Bacteroidaceae;g__Bacteroides;s__Bacteroides_salanitronis
k__Bacteria;p__Bacteroidetes;c__Bacteroidia;o__Bacteroidales;f__Bacteroidaceae;g__Bacteroides;s__Bacteroides_vulgatus	1.0	0.0458694722902	-0.0762315466494	-0.00632656203526	-0.00871832405554	0.0319906886197	-0.0169739975657	-0.023821712425	-0.0439582780979	-0.0311192320506	-0.0230391909241	0.033239465938	-0.0718793620403	-0.0558074119964	0.0590025398274	0.0304455339614	-0.0393213166234	-0.024709866665	-0.0149208164212	0.00956200854271	0.00689032874097	-0.0393271702928	0.0132184793626	0.00756710196749	0.0110599088502	-0.0774177934674	-0.0264084185955	0.00641758166426	-0.0162318360185	-0.0140156601554	0.00989135639325	-0.0708406686367	-0.0160203796038	0.0476925690069	0.0387589033675	-0.0315898702624	0.0101438828654	-0.0219491184394	-0.00864006033866	0.00893247256759	-0.00400022084814	-0.013469791624	-0.0163852252832	-0.00337639030814	-0.0107115563684	-0.0562429142952	-0.0116888805244	0.0170881706614	0.00663764007899	-0.0340772222703	0.00071227748887	-0.0448066148576	0.032730470852	0.0207241032156	-0.0536249871886	0.0408780350416	0.0191024707376	0.0580382340154	-0.0405007462156
k__Bacteria;p__Bacteroidetes;c__Bacteroidia;o__Bacteroidales;f__Bacteroidaceae;g__Bacteroides;s__Bacteroides_uniformis	0.0458694722902	1.0	0.0391301343556	-0.00427616276318	0.023141797993	-0.0479624168327	0.0552874747203	0.0166128646503	-0.0340169830652	0.00242914444751	-0.0248272510312	-0.0636012407422	0.0116644098691	0.0112931390743	-0.0125220549256	-0.00332379200066	0.0209675517731	0.0428281285924	-0.0252078053462	-0.0316433753594	-0.0741643291382	0.0170916302785	0.0354514574853	-0.0236160837739	-0.0208033169012	0.0412440767912	0.0200463538479	-0.0371131326382	-0.0532286613525	-0.0352062634254	0.0114753187545	-0.0717671354834	-0.0436732654242	-0.0317286339327	0.000367269172136	-0.00442181810363	0.021985850343	0.00700688777804	-0.0443558642604	0.0467174358095	-0.0427281345619	0.0676543079404	0.0345744536328	6.25477023663e-05	-0.0377368283829	-0.019776981811	0.0177495387124	0.0190030701066	0.00724887139921	0.0115877364545	-0.0191368236176	-0.0160298260633	-0.0215033934203	-0.0203311019324	0.0664199658541	-0.00871366938069	-0.0528290038098	-0.0167681378923	0.00380854764438
k__Bacteria;p__Bacteroidetes;c__Bacteroidia;o__Bacteroidales;f__Rikenellaceae;g__Alistipes;s__Alistipes_putredinis	-0.0762315466494	0.0391301343556	1.0	0.0400558811569	-0.0112013769848	-0.00282661073228	-0.0189011713455	-0.00292241819647	0.0143247256094	-0.000241207661103	0.0127861118784	0.0410313450756	-0.00080027937299	-0.0283241880713	-0.0372875986621	0.0514524257325	-0.018459780299	-0.0209395165453	-0.0246999768131	0.0035710525319	0.00228494533592	-0.111285264441	-0.0292088823131	-0.0219720802281	-0.0382211654323	-0.0739328375204	-0.0127521995584	0.0714546014725	-0.0417063018121	-0.00764414013801	0.0288930567323	-0.0347064829974	-0.00383206492707	-0.0305225582554	-0.0422759335635	0.00538947276546	-0.00704373476402	0.00198625121385	-0.00319479758216	-0.0827359376065	-0.0181559241559	0.0267882031593	0.0124073456291	-0.0280252068066	0.039501662722	0.0102848903559	0.000519358355036	-0.0384946939882	-0.0654918087972	0.0217859454967	0.00429590461395	0.0274892670827	0.0282154967168	0.0302046813852	-0.0180214028852	-0.00671056889112	0.0666384426842	0.00939202775115	0.0105228719442
k__Bacteria;p__Bacteroidetes;c__Bacteroidia;o__Bacteroidales;f__Prevotellaceae;g__Prevotella;s__Prevotella_copri	-0.00632656203526	-0.00427616276318	0.0400558811569	1.0	0.0135725303931	-0.0552939761242	-0.0429161471315	0.00617683037352	0.00199155927875	0.00539873260487	0.0401011622921	-0.0163685450734	0.0360594103436	-0.0476803300126	-0.0568239037751	0.00149001244284	0.0326190529278	-0.0056573472886	0.0060172237829	0.031875019299	0.0110472397032	-0.0199511841382	0.000717394805116	-0.0344199763155	0.0165533660081	-0.0395026634766	-0.0158383529	0.00921207434374	0.000820326975585	-0.0453654207284	0.0218632987459	0.0413699588138	-0.0238127979631	-0.0359821120869	-0.0586707060979	0.0402673075229	-0.0215672041034	-0.00851861236548	-0.0160452406265	-0.0165186811554	-0.0438010422071	0.0198736810151	-0.00846741437915	-0.0336135137564	-0.00378533207167	-0.0525255616901	0.0168253699422	-0.0173462902058	0.0529584979333	0.00615787627841	-0.0318588862453	0.0238488836923	0.00592570836405	-0.0212224292809	-0.0292288559969	-0.0139686322934	-0.00940221324693	-0.00892031333233	-0.0141532459741
k__Bacteria;p__Bacteroidetes;c__Bacteroidia;o__Bacteroidales;f__Bacteroidaceae;g__Bacteroides;s__Bacteroides_stercoris	-0.00871832405554	0.023141797993	-0.0112013769848	0.0135725303931	1.0	-0.0140316412206	0.0421659961306	0.0355449790581	0.00498219564802	-0.0453767291363	-0.0111390609717	-0.00486115116066	0.00419808805672	-0.0411439776094	0.0311616716124	0.0392072596287	0.0193583625365	-0.0363187546947	0.0132042436686	-0.0256986735225	0.0113977240807	0.0662935784765	-0.0553067642804	-0.00209103827524	0.0117533758659	-0.0464562411581	-0.0482006606744	-0.0573413330215	0.0260946097798	0.0161893421722	0.0406188422719	0.0177872544512	0.0045841746884	-0.0123123177799	0.0458333735558	-0.0311181758224	-0.00734478722839	-0.0599718989255	-0.0378867004525	0.0333505349366	-0.0547943171593	-0.0230405517749	-0.0242579938364	-0.019733494589	-0.0223531250513	-0.0465923136559	0.0132082962655	-0.000462515820041	0.0191973084957	-0.0148096818202	0.0144160582681	-0.0148819867659	-0.0327603704299	0.000477216611781	0.028201429848	-0.0122037733604	-0.0296710584327	-0.136572305672	0.013208814974
k__Bacteria;p__Bacteroidetes;c__Bacteroidia;o__Bacteroidales;f__Bacteroidaceae;g__Bacteroides;s__Bacteroides_ovatus	0.0319906886197	-0.0479624168327	-0.00282661073228	-0.0552939761242	-0.0140316412206	1.0	-0.0313351864681	-0.00291799742458	-0.0104161059433	0.00942691087987	0.0152584445755	0.019189066206	0.0130548236306	-0.00900989992752	0.00403898621971	0.0174134465634	-0.0854265579711	0.0196645337464	-0.0467359188104	-0.0399517416462	-0.0351991226389	0.0667284501722	0.0106515268387	-0.0189590770744	-0.0242326609083	-0.00541687835106	-0.00989929313388	-0.00223421306413	0.0139504343974	-0.0112430537839	-0.0299117309056	-0.0265235618021	-0.0274794913804	-0.0124847811595	-0.00266670154342	-0.0542078444368	-0.0448472358372	0.0313949465769	0.0181855350804	0.0227966487407	0.0151294167513	-0.0424927901744	-0.0207926387351	-0.0191239588995	0.0445949960103	-0.0260417408755	0.0352516034175	0.00996885836951	-0.0247863224427	0.0678875222359	0.0313650120966	0.00218797534818	-0.0856587383098	-0.0348691708427	0.0137079464014	0.0148509406563	-0.00406509183634	-0.0308045929037	-0.0974659307738
k__Bacteria;p__Bacteroidetes;c__Bacteroidia;o__Bacteroidales;f__Rikenellaceae;g__Alistipes;s__Alistipes_shahii	-0.0169739975657	0.0552874747203	-0.0189011713455	-0.0429161471315	0.0421659961306	-0.0313351864681	1.0	0.0200036733289	-0.0443590068919	-0.0219211506798	-0.0272406886473	-0.0177490415428	-0.00980894725377	-0.0380452176965	-0.0583565542562	-0.0623438589858	-0.00588832550598	0.0145620084315	-0.0178733554272	-0.0031839330904	-0.0446148585621	0.0111366073666	-0.0186211193095	0.0141883662695	0.0217412507494	-0.0602892459665	-0.0117069422958	-0.0267841545232	0.00788546073255	0.00399836439316	0.0320177078006	0.0231110804696	0.062286776087	-0.0209675029007	-0.0477645602861	-0.0623262835369	-0.0365132751288	-0.00133141128603	-0.0596957303186	-0.0184358084151	-0.0284815771506	-0.0468392449245	0.0175327601524	0.0186246862071	0.0065142991596	0.0378731261955	0.0758830594582	-0.0156204827829	0.00432908273296	0.0228445649466	0.0428341616001	-0.0382958798799	-0.0198102091603	0.0115438514862	-0.00610852643247	0.0118116616006	-0.000934489725047	-0.0131611498629	-0.0141198556513
k__Bacteria;p__Firmicutes;c__Clostridia;o__Clostridiales;f__Ruminococcaceae;g__Faecalibacterium;s__Faecalibacterium_prausnitzii	-0.023821712425	0.0166128646503	-0.00292241819647	0.00617683037352	0.0355449790581	-0.00291799742458	0.0200036733289	1.0	0.0767689385725	-0.00622900067988	-0.00699664704963	-0.0606684525917	0.0539507278529	-0.015183908941	-0.070211417676	0.0336799598837	-0.00729466394983	-0.00252508215259	0.0492974210225	0.00861901646721	-0.0682524671317	-0.0278173289699	0.0236164282671	0.0314808025658	-0.0644802690297	-0.0480715604294	-0.0486929925646	-0.0236125937214	-0.00588693563518	0.00503942748158	-0.00744637557532	-0.0168977789409	0.0215124962925	-0.0303746256448	0.00963040479495	0.0106405956822	-0.0414015612881	-0.0224875645717	-0.0349641163485	0.0351467282331	-0.00328608760082	0.0137959117311	-0.0262918753798	0.0573231553176	0.0166400801559	-0.0108287720772	-0.0268613668084	0.0545459132859	0.0339811005048	0.0319680659744	0.00991127944036	0.0199285861832	0.0637144637134	-0.0504804428062	-0.0525855384027	0.0162209219709	-0.0419884371595	-0.0408611016492	0.0191984181054
k__Bacteria;p__Bacteroidetes;c__Bacteroidia;o__Bacteroidales;f__Rikenellaceae;g__Alistipes;s__Alistipes_finegoldii	-0.0439582780979	-0.0340169830652	0.0143247256094	0.00199155927875	0.00498219564802	-0.0104161059433	-0.0443590068919	0.0767689385725	1.0	-0.0643951661159	-0.0208549859941	-0.0265776230095	0.0041813783853	-0.0371837918919	0.0438406397492	-0.0128432870706	-0.0238485032648	-0.0305315693379	-0.00835726623873	0.0036915053507	-0.0447991135404	-0.0117855005019	-0.00242161701198	-0.00431839307619	-0.0363014691281	0.0338910042125	-0.0116112590512	-0.0190458498748	-0.032581681001	-0.0872461248115	-0.0596849367889	-0.0306171998308	-0.0243096391189	-0.00179667397876	0.0231999451512	0.0236948782596	-0.0391389394466	-0.0442326695539	0.0160114336754	0.0182721835788	0.0136421124605	-0.0451304477118	0.00355068014837	0.0227916047197	0.000537046592447	0.045846029041	-0.0149574905381	-0.030512327402	-0.00958615562385	-0.019549778406	0.0536895420338	0.0593168257123	-0.0226670971679	-0.0238420651973	-0.0272232572478	0.00398116654863	-0.0147210311666	-0.0312256170246	-0.0691101640706
k__Bacteria;p__Bacteroidetes;c__Bacteroidia;o__Bacteroidales;f__Porphyromonadaceae;g__Parabacteroides;s__Parabacteroides_distasonis	-0.0311192320506	0.00242914444751	-0.000241207661103	0.00539873260487	-0.0453767291363	0.00942691087987	-0.0219211506798	-0.00622900067988	-0.0643951661159	1.0	-0.00547617568715	0.0520566816706	0.00316100152245	-0.000310756632504	-0.0748537894907	-0.0016086273897	-0.0264031978714	-0.00921178491078	0.00455588988818	0.0292278039581	0.042251471381	0.0475060867195	0.0488546597981	-0.00372829877625	0.0242680397394	0.052592698856	-0.034540322801	0.031149477058	-0.042064532599	-0.00712911417842	0.00240122026273	-0.0372432784744	-0.00334318410663	0.0296920755178	-0.0232712058041	-0.0173125544898	-0.0189812768864	-0.00584510611869	-0.0198950402898	-0.00963778034497	-0.0409245760938	-0.00877513631681	0.0260628889443	0.00393005766338	-0.00238799271128	-0.00309294057678	-0.106896459674	-0.0458018309201	-0.03044883576	0.0299787709997	-0.00280676842537	0.0121827793647	-0.0178382707429	-0.0125868854913	0.025202816626	-0.0271969150952	-0.0250810827566	0.0227018204666	0.0560867656876
k__Bacteria;p__Bacteroidetes;c__Bacteroidia;o__Bacteroidales;f__Bacteroidaceae;g__Bacteroides;s__Bacteroides_thetaiotaomicron	-0.0230391909241	-0.0248272510312	0.0127861118784	0.0401011622921	-0.0111390609717	0.0152584445755	-0.0272406886473	-0.00699664704963	-0.0208549859941	-0.00547617568715	1.0	-0.0622931055805	-0.0309765055869	-0.0158255396877	0.08131684045	-0.048085737052	-0.0547828300453	0.00270706471602	-0.0234644722671	-0.0369994304657	-0.0155456556825	-0.00694852963285	-0.0445588551852	0.0103264947582	0.0318575035749	0.0682434821274	-0.0042317042514	-0.0393083385054	-0.00251483605985	0.0439954748711	-0.00151462321796	-0.0209724261099	-0.00878584828476	-0.0436321385195	-0.0112509612184	0.000249264307962	-0.0193706037705	-0.000598622696629	0.00649637398964	-0.0574623783654	0.025184569348	-0.0079196563693	-0.066445785918	-0.0177376261382	-0.00205071324638	-0.0457316954935	0.00433774816165	-0.0154140793557	0.00850959937636	-0.0614375784176	-0.0145069322034	-0.0234320674289	-0.0263533856504	0.0147179799484	0.0317436297487	-0.0121121969039	-0.0391026228806	-0.0292095670741	0.0173933358256
k__Bacteria;p__Bacteroidetes;c__Bacteroidia;o__Bacteroidales;f__Bacteroidaceae;g__Bacteroides;s__Bacteroides_coprocola	0.033239465938	-0.0636012407422	0.0410313450756	-0.0163685450734	-0.00486115116066	0.019189066206	-0.0177490415428	-0.0606684525917	-0.0265776230095	0.0520566816706	-0.0622931055805	1.0	-0.0738544251284	-0.0313482129895	-0.0455625954489	0.0305057117773	-0.092314356542	-0.0391344683927	-0.0233066697912	0.0366059574283	-0.0473845787046	-0.0157765000911	-0.039611280453	-0.0354220992063	0.0333253252116	-0.0933087871675	-0.0172530715188	-0.0519386333994	0.0274420785074	0.0199486210025	0.00675025174188	-0.0583930408159	-0.0202427834508	-0.0436347813101	-0.070067540792	0.0561409557663	-0.0230911266315	0.054387353159	0.0179819106598	0.0254253278049	-0.00801356448863	0.0117946100227	-0.0242419525996	0.0257401236009	-0.0347979239054	0.014171321447	0.0109733274495	-0.0177738635464	0.0350366659377	-0.00711207959854	-0.0239276831682	0.0092189744976	0.000201165899247	-0.0330508490836	-0.00106116345566	0.00207859260932	0.0189656467336	-0.0180238906517	0.0480670245034
k__Bacteria;p__Bacteroidetes;c__Bacteroidia;o__Bacteroidales;f__Bacteroidaceae;g__Bacteroides;s__Bacteroides_cellulosilyticus	-0.0718793620403	0.0116644098691	-0.00080027937299	0.0360594103436	0.00419808805672	0.0130548236306	-0.00980894725377	0.0539507278529	0.0041813783853	0.00316100152245	-0.0309765055869	-0.0738544251284	1.0	0.033977176334	-0.0207570116281	-0.0707625022139	0.0472213911706	0.0194850709277	0.00516576039823	-0.0267194430675	0.0430626241826	-0.0222333679336	-0.026336896999	0.00959311683467	-0.00340927325868	-0.049289537623	-0.0298092307181	0.00688376537963	0.00109526005942	-0.0243272210813	-0.0167640200493	0.0091724132845	-0.0015268347243	-0.0125263072269	-0.0211206543241	0.039080169313	-0.0191551922854	-0.0228057784874	0.00348618693706	-0.010843986654	-0.0460386501749	-0.0259276629209	-0.0216998111084	-0.0485118759172	-0.0278725889512	0.0220317940885	-0.00293027557116	-0.0798139958963	0.00769815918811	-0.00557136594297	-0.030787513278	-0.00772012906864	0.0442424567005	0.0442100795339	-0.00883968086847	0.00694288746742	0.0595029671284	-0.0295369217888	-0.0449276269481
k__Bacteria;p__Bacteroidetes;c__Bacteroidia;o__Bacteroidales;f__Rikenellaceae;g__Alistipes;s__Alistipes_obesi	-0.0558074119964	0.0112931390743	-0.0283241880713	-0.0476803300126	-0.0411439776094	-0.00900989992752	-0.0380452176965	-0.015183908941	-0.0371837918919	-0.000310756632504	-0.0158255396877	-0.0313482129895	0.033977176334	1.0	0.0118560745298	-0.00427476546712	-0.0338025140741	0.0259706377575	-0.0081518382109	-0.00206445519209	-0.0379777744329	-0.00700390197376	0.0361634125512	-0.0356093438779	0.00332042195956	0.0613201496936	-0.01153087535	0.0127506638327	-0.0272995315948	0.0209707690905	0.0355150968854	0.0131878771602	-0.0239876357278	0.0297537097064	-0.056733593628	-0.0297291195993	-0.0243628724054	0.00677587641968	-0.00485062838585	-0.00714791544373	0.0527560275458	-0.0364248480073	-0.0257694322822	-0.0660272875203	-0.0207388407104	-0.0237611555916	0.011804461469	-0.00680312001326	-0.0240986037138	0.02713050002	-0.0102143808237	0.0234093924457	-0.00333083314231	0.0212666649807	0.0238206866729	-0.0418550937372	-0.00300719171822	0.0440630278218	0.0140620982428
k__Bacteria;p__Firmicutes;c__Clostridia;o__Clostridiales;f__Lachnospiraceae;g__;s__[Eubacterium]_rectale	0.0590025398274	-0.0125220549256	-0.0372875986621	-0.0568239037751	0.0311616716124	0.00403898621971	-0.0583565542562	-0.070211417676	0.0438406397492	-0.0748537894907	0.08131684045	-0.0455625954489	-0.0207570116281	0.0118560745298	1.0	-0.0437338390663	-0.0175896606864	0.0282448422242	-0.00950019583868	-0.0283028443467	-0.065104865255	-0.0198297456514	-0.0253419265631	0.0697564657484	0.0721228161329	-0.0128563350666	-0.00827714572445	0.00296249997651	-0.00884015000269	-0.0155074049181	-0.0523613366007	-0.0442107439293	-0.00777520124489	0.0532729886973	-0.0436976511819	0.0509188631638	0.0210483518873	-0.03902813062	0.00163576794962	-0.00950825150934	-0.0351433833403	0.0227288186024	0.0022814408944	-0.0537672981214	0.016099473436	-0.0487275558141	-0.06715753223	0.0129375262912	0.0371140229155	0.0309940327322	0.00806446754697	0.0193614459859	0.0132230465542	-0.0065054803455	-0.0309151470155	-0.00039589463796	0.0283416898805	-0.0537011293398	-0.00282750882384
k__Bacteria;p__Bacteroidetes;c__Bacteroidia;o__Bacteroidales;f__Bacteroidaceae;g__Bacteroides;s__Bacteroides_plebeius	0.0304455339614	-0.00332379200066	0.0514524257325	0.00149001244284	0.0392072596287	0.0174134465634	-0.0623438589858	0.0336799598837	-0.0128432870706	-0.0016086273897	-0.048085737052	0.0305057117773	-0.0707625022139	-0.00427476546712	-0.0437338390663	1.0	-0.00371230257586	0.00732439577115	0.050678966717	-0.00685471685814	0.0296273818849	-0.0128342413279	-0.00912366322435	-0.0555965704354	0.0185697591502	-0.0143043049386	-0.0129642671352	0.0349220334546	-0.0387061881041	-0.0117213858376	0.0182236233862	-0.000779740571506	0.00285572954736	-0.0245499937238	-0.0534580230001	-0.00954946956365	0.051156321955	0.0357636581269	0.0234639065893	0.0128984646136	-0.0532668675783	0.0809738224723	-0.0286998247012	-0.0586652938726	0.00171304542677	0.0135554035535	0.00379784988171	-0.00615004664678	0.0381869437763	-0.0543654863695	0.0103332035345	-0.0133360183793	0.00871903861632	-0.0257491684296	-0.0107282194402	-0.0639338929138	-0.0280302237139	-0.0566995973338	-0.000758822185912
k__Bacteria;p__Bacteroidetes;c__Bacteroidia;o__Bacteroidales;f__Bacteroidaceae;g__Bacteroides;s__Bacteroides_fragilis	-0.0393213166234	0.0209675517731	-0.018459780299	0.0326190529278	0.0193583625365	-0.0854265579711	-0.00588832550598	-0.00729466394983	-0.0238485032648	-0.0264031978714	-0.0547828300453	-0.092314356542	0.0472213911706	-0.0338025140741	-0.0175896606864	-0.00371230257586	1.0	-0.0334876357519	-0.0134616607373	-0.0104537990964	-0.0295048083526	0.0161668933096	0.02603928938	0.00536206850572	0.03941206478	0.00769498726538	0.00444907788278	0.0408841653175	-0.0202484462428	-0.0383496526824	-0.0272164768727	0.033136284931	0.00463966805652	-0.000459254410046	-0.0200227404721	0.0690018810536	0.0155899616156	-0.0120069266593	0.0148058557301	-0.0401379931006	0.0226285066894	0.00935844019624	0.0580087475247	-0.0015926245608	0.0121745815027	-0.0351918102757	-0.0322547630098	-0.0014425020907	-0.0249445873274	-0.0168554816925	-0.0241558607683	-0.00410917342146	0.00892058943573	-0.0218355419509	0.0296488219559	-0.0217276550499	-0.0288729556147	-0.0371832742882	0.0122121116531
k__Bacteria;p__Proteobacteria;c__Betaproteobacteria;o__Burkholderiales;f__Sutterellaceae;g__Sutterella;s__Sutterella_wadsworthensis	-0.024709866665	0.0428281285924	-0.0209395165453	-0.0056573472886	-0.0363187546947	0.0196645337464	0.0145620084315	-0.00252508215259	-0.0305315693379	-0.00921178491078	0.00270706471602	-0.0391344683927	0.0194850709277	0.0259706377575	0.0282448422242	0.00732439577115	-0.0334876357519	1.0	-0.0668304319653	0.00871843483568	0.00794961325891	0.00595298125427	0.0127059632449	-0.0177789052143	0.0145012154639	-0.0171954925565	-0.0509320918866	0.018705750897	-0.00445876866252	-0.0103057731109	0.000707535904606	0.0381275560439	-0.0200216337857	-0.00736751183965	0.0331991664887	-0.0363467764106	-0.0228460812442	-0.019475551202	-0.0474961421921	0.0256158249517	-0.0698452259963	0.00449278726347	-0.0464590010073	-0.0230716112621	-0.0208302473505	-0.0148356798489	-0.0147217474957	-0.041893164403	0.0500054788605	-0.00895113063593	0.0353513672812	-0.00149060044848	0.0059770546458	0.0023432110392	0.00652731193276	-0.00446367590645	-0.00147697842295	-0.0258706705901	-0.0497265576061
k__Bacteria;p__Bacteroidetes;c__Bacteroidia;o__Bacteroidales;f__Porphyromonadaceae;g__Barnesiella;s__Barnesiella_intestinihominis	-0.0149208164212	-0.0252078053462	-0.0246999768131	0.0060172237829	0.0132042436686	-0.0467359188104	-0.0178733554272	0.0492974210225	-0.00835726623873	0.00455588988818	-0.0234644722671	-0.0233066697912	0.00516576039823	-0.0081518382109	-0.00950019583868	0.050678966717	-0.0134616607373	-0.0668304319653	1.0	-0.0779552122659	-0.010767830188	-0.0331903217396	0.0561556061047	0.00532906735823	0.059798965992	-0.00841003742073	-0.0423342616368	-0.00580042573013	0.0112145433664	-0.0213800785911	-0.0116062308328	-0.0355870667354	0.00536396701483	0.051048740008	0.0449168668671	-0.0297772155755	-0.0866854694656	0.00981250270024	-0.0181268838592	0.0196226635643	-0.0176908108489	-0.0428132866738	0.0419100819874	0.0295944399768	-0.0269581750384	0.0253280952891	-0.118291893682	-0.039603026615	-0.0224465152422	-0.08078295715	-0.0420344147248	-0.0409891234593	-0.0121649753859	-0.034537889451	0.0535260319583	0.021372791639	-0.0232359097934	-0.0365764102491	0.00771718933668
k__Bacteria;p__Bacteroidetes;c__Bacteroidia;o__Bacteroidales;f__Odoribacteraceae;g__Odoribacter;s__Odoribacter_splanchnicus	0.00956200854271	-0.0316433753594	0.0035710525319	0.031875019299	-0.0256986735225	-0.0399517416462	-0.0031839330904	0.00861901646721	0.0036915053507	0.0292278039581	-0.0369994304657	0.0366059574283	-0.0267194430675	-0.00206445519209	-0.0283028443467	-0.00685471685814	-0.0104537990964	0.00871843483568	-0.0779552122659	1.0	0.0331138575855	0.0651298004406	-0.0261373511516	0.0131455216713	0.0277375119805	-0.00505627178975	-0.05203245694	0.0280198461282	-0.0475448124901	-0.0015000282082	0.0619817131695	0.0199844738959	0.0281009761102	0.0286366656627	0.018313155406	-0.00121945233086	0.01115013019	-0.0927858455027	-0.000356252270829	-0.0385074324516	-0.018334754982	0.0294665923852	-0.0191886074516	-0.000134895843397	0.00240753198011	-0.0245874110206	0.000841449545135	-0.0254606428834	0.00671124733437	-0.0517912207512	-0.0298143292315	-0.0366988316334	0.0374699789041	0.0281930577823	-0.0155651581076	-0.0585792975777	-0.0228546433029	0.0219939512072	-0.0119813921551
k__Bacteria;p__Bacteroidetes;c__Bacteroidia;o__Bacteroidales;f__Bacteroidaceae;g__Bacteroides;s__Bacteroides_salyersiae	0.00689032874097	-0.0741643291382	0.00228494533592	0.0110472397032	0.0113977240807	-0.0351991226389	-0.0446148585621	-0.0682524671317	-0.0447991135404	0.042251471381	-0.0155456556825	-0.0473845787046	0.0430626241826	-0.0379777744329	-0.065104865255	0.0296273818849	-0.0295048083526	0.00794961325891	-0.010767830188	0.0331138575855	1.0	0.0561085836501	-0.116713762231	-0.0290257409166	0.0345583140409	0.0163685092115	-0.0450516486255	-0.0059213226548	0.00757914883336	-0.00422618337712	-0.00626878543413	-0.00453303012014	0.0282046307832	-0.0187307803809	0.0147130976958	0.0215998159487	-0.0466736194834	-0.0723920729465	0.0450813344868	-0.00424385460103	-0.0113951619179	0.033062189995	-0.0141941162062	-0.0521146201194	-0.0213281974541	-0.0198616957204	-0.0583872513465	-0.0086579703808	-0.0161530978546	-0.0484840702642	0.00448811947683	-0.00565405631286	-0.0184387866101	-0.0411420596027	0.0416136577823	-0.000909890024966	-0.0192103324051	0.0230810776759	0.00825541870022
k__Bacteria;p__Firmicutes;c__Clostridia;o__Clostridiales;f__Ruminococcaceae;g__Ruminiclostridium;s__[Eubacterium]_siraeum	-0.0393271702928	0.0170916302785	-0.111285264441	-0.0199511841382	0.0662935784765	0.0667284501722	0.0111366073666	-0.0278173289699	-0.0117855005019	0.0475060867195	-0.00694852963285	-0.0157765000911	-0.0222333679336	-0.00700390197376	-0.0198297456514	-0.0128342413279	0.0161668933096	0.00595298125427	-0.0331903217396	0.0651298004406	0.0561085836501	1.0	-0.00680759444254	-0.0248119664272	0.0422614559575	0.00161464343092	0.0313214949067	-0.0560128820229	0.0267789673669	0.00979591976865	-0.049988803774	-0.0319481114399	-0.00287978653434	-0.0771630558509	0.017319386233	0.0759567659996	-0.0556493652718	-0.0238249247971	-0.0138753365366	-0.0489339626468	-0.0260990560584	-0.0301863988079	-0.0459430033374	0.0124227327581	-0.0695485441178	0.0532243749067	-0.0233869390818	-0.0210354266589	-0.0245637860027	-0.0223819980524	-0.029207600782	0.00399470953076	-0.0351840742094	-0.0360271547521	0.0169098830345	0.0245151895226	-0.0128024356908	-0.0105071206248	-0.0387910211974
k__Bacteria;p__Proteobacteria;c__Betaproteobacteria;o__Burkholderiales;f__Sutterellaceae;g__Parasutterella;s__Parasutterella_excrementihominis	0.0132184793626	0.0354514574853	-0.0292088823131	0.000717394805116	-0.0553067642804	0.0106515268387	-0.0186211193095	0.0236164282671	-0.00242161701198	0.0488546597981	-0.0445588551852	-0.039611280453	-0.026336896999	0.0361634125512	-0.0253419265631	-0.00912366322435	0.02603928938	0.0127059632449	0.0561556061047	-0.0261373511516	-0.116713762231	-0.00680759444254	1.0	-0.00208666786128	-0.000990577122045	0.0247989021563	-0.0561226943545	-0.00657254486005	0.0288887735312	0.0110710492375	-0.0560069839083	-0.0133844258726	-0.00642424197107	-0.0112190947502	-0.00817255367389	-0.0399807152443	0.0330524472348	-0.0223699944864	0.0146223768281	-0.0796842398449	-0.0168689799649	-0.015161564737	0.00139574804252	0.0574109099726	0.0308022712587	-0.0302003887455	0.0194490934264	-0.0252798553734	-0.0221456972182	-0.00450460747158	-0.0157648836739	-0.0291444869613	-0.0429713499613	-0.0549561464674	0.0295622323292	-0.0358015907145	0.0104490758056	0.0184721261006	0.017524994066
k__Bacteria;p__Actinobacteria;c__Actinobacteria;o__Bifidobacteriales;f__Bifidobacteriaceae;g__Bifidobacterium;s__Bifidobacterium_adolescentis	0.00756710196749	-0.0236160837739	-0.0219720802281	-0.0344199763155	-0.00209103827524	-0.0189590770744	0.0141883662695	0.0314808025658	-0.00431839307619	-0.00372829877625	0.0103264947582	-0.0354220992063	0.00959311683467	-0.0356093438779	0.0697564657484	-0.0555965704354	0.00536206850572	-0.0177789052143	0.00532906735823	0.0131455216713	-0.0290257409166	-0.0248119664272	-0.00208666786128	1.0	0.0355016115848	-0.0723119270895	-0.0168026479434	-0.00791774887104	0.0142198941197	0.0396982458023	0.0100223620466	-0.0141314186803	-0.0426521380593	-0.0145436296159	0.030267013926	-0.0346387594826	0.0098527250493	-0.0416302289993	0.00766984171765	0.0015959768229	0.0019763380937	-0.0530177907216	0.0501133180152	-0.0222347879562	0.0361698756193	0.041298107365	0.0183153308354	0.00036864287667	-0.0519989909192	-0.0238747172154	-0.0307399513877	-0.0655312166214	-0.0144201740229	0.00695865871795	-0.00597469740431	-0.0492165470602	-0.024381706193	-0.0197646860509	0.00823672632635
k__Bacteria;p__Firmicutes;c__Clostridia;o__Clostridiales;f__Oscillospiraceae;g__Oscillibacter;s__Oscillibacter_sp._KLE_1745	0.0110599088502	-0.0208033169012	-0.0382211654323	0.0165533660081	0.0117533758659	-0.0242326609083	0.0217412507494	-0.0644802690297	-0.0363014691281	0.0242680397394	0.0318575035749	0.0333253252116	-0.00340927325868	0.00332042195956	0.0721228161329	0.0185697591502	0.03941206478	0.0145012154639	0.059798965992	0.0277375119805	0.0345583140409	0.0422614559575	-0.000990577122045	0.0355016115848	1.0	0.021495652148	-0.0321771621203	0.00970641250821	0.0373366709419	0.0337844731548	-0.0129965889225	-0.0133012698277	-0.00883907474257	0.0371669355465	-0.0518028064439	0.0496535993174	-0.0178284673199	-0.0366645748584	-0.0393420948653	-0.0711242993986	-0.0417906295543	0.0253723676103	0.0330684682154	-0.0508826151759	0.0264251296423	-0.0486324819322	-0.00498405719549	-0.027354107051	-0.0166886506742	-0.0359512087347	-0.0201855385964	0.0119444069904	0.0113043267405	-0.0470963061132	-0.00200649530629	0.00181545579702	-0.0101262782389	-0.0917147575929	-0.022181956695
k__Bacteria;p__Bacteroidetes;c__Bacteroidia;o__Bacteroidales;f__Bacteroidaceae;g__Bacteroides;s__Bacteroides_coprophilus	-0.0774177934674	0.0412440767912	-0.0739328375204	-0.0395026634766	-0.0464562411581	-0.00541687835106	-0.0602892459665	-0.0480715604294	0.0338910042125	0.052592698856	0.0682434821274	-0.0933087871675	-0.049289537623	0.0613201496936	-0.0128563350666	-0.0143043049386	0.00769498726538	-0.0171954925565	-0.00841003742073	-0.00505627178975	0.0163685092115	0.00161464343092	0.0247989021563	-0.0723119270895	0.021495652148	1.0	-0.0332606850186	-0.0080165599088	-0.012713379415	0.0212769973696	-0.0101023397046	-0.088747739583	-0.0461994584173	-0.0299003253615	-0.00821883785071	0.0487921637275	-0.073754108182	-0.0453051283367	-0.0715989864739	0.00907292745504	-0.00313963285106	0.0162262021728	-0.00665151973	0.000866987325169	-0.0217490137468	-0.00298513500215	-0.0340105416722	0.0322425187421	0.00165666928413	-0.0134097828553	-0.029462977514	-0.00737635264998	-0.0222893812657	0.00248534513759	-0.0151649191802	-0.0188614696142	0.0213407651843	0.0023365885346	-0.0331615567905
k__Bacteria;p__Firmicutes;c__Clostridia;o__Clostridiales;f__Lachnospiraceae;g__Roseburia;s__Roseburia_intestinalis	-0.0264084185955	0.0200463538479	-0.0127521995584	-0.0158383529	-0.0482006606744	-0.00989929313388	-0.0117069422958	-0.0486929925646	-0.0116112590512	-0.034540322801	-0.0042317042514	-0.0172530715188	-0.0298092307181	-0.01153087535	-0.00827714572445	-0.0129642671352	0.00444907788278	-0.0509320918866	-0.0423342616368	-0.05203245694	-0.0450516486255	0.0313214949067	-0.0561226943545	-0.0168026479434	-0.0321771621203	-0.0332606850186	1.0	-0.0538247243439	-0.0121161225493	-0.0921620051984	-0.0222163084293	0.0808047547227	0.0440793217729	-0.0206045670985	-0.0527907642498	-0.0172132274667	-0.0494275046176	0.00227979384445	0.0619091212186	0.0561420866179	0.00525259144066	0.00488275273353	-0.0143659996793	-0.0266654611227	0.0289391435095	-0.0359860580022	0.0335179549412	-0.0251407465044	-0.0383948223087	0.0268942764377	-0.0251385363229	-0.0381247766131	0.0418883199003	0.0554959181194	-0.0417430340824	-0.0324117531556	-0.0192787597627	0.0431057241417	-0.00076287533521
k__Bacteria;p__Firmicutes;c__Clostridia;o__Clostridiales;f__Lachnospiraceae;g__Roseburia;s__Roseburia_hominis	0.00641758166426	-0.0371131326382	0.0714546014725	0.00921207434374	-0.0573413330215	-0.00223421306413	-0.0267841545232	-0.0236125937214	-0.0190458498748	0.031149477058	-0.0393083385054	-0.0519386333994	0.00688376537963	0.0127506638327	0.00296249997651	0.0349220334546	0.0408841653175	0.018705750897	-0.00580042573013	0.0280198461282	-0.0059213226548	-0.0560128820229	-0.00657254486005	-0.00791774887104	0.00970641250821	-0.0080165599088	-0.0538247243439	1.0	-0.0317654382404	-0.0306755842094	-0.028414610076	-0.0449291008762	0.017524967773	0.032339609144	0.00692167871398	-0.0428016722806	-0.0662509263528	-0.0413407773583	0.00293901535836	-0.0117457421389	0.0133965930438	0.0635967576101	0.0488079658134	-0.0103741589311	0.012419581124	-0.00701958941383	0.0711129206939	0.00697301302667	-0.0238162103196	-0.0249795280396	0.0303943375077	0.0137359673735	-0.0148342401287	0.0296219390612	0.00933445828028	0.0346083405243	-0.0119820267847	-0.0403785877136	0.0740863944089
k__Bacteria;p__Bacteroidetes;c__Bacteroidia;o__Bacteroidales;f__Porphyromonadaceae;g__Parabacteroides;s__Parabacteroides_johnsonii	-0.0162318360185	-0.0532286613525	-0.0417063018121	0.000820326975585	0.0260946097798	0.0139504343974	0.00788546073255	-0.00588693563518	-0.032581681001	-0.042064532599	-0.00251483605985	0.0274420785074	0.00109526005942	-0.0272995315948	-0.00884015000269	-0.0387061881041	-0.0202484462428	-0.00445876866252	0.0112145433664	-0.0475448124901	0.00757914883336	0.0267789673669	0.0288887735312	0.0142198941197	0.0373366709419	-0.012713379415	-0.0121161225493	-0.0317654382404	1.0	0.0605979897527	0.0133469258796	-0.0154832469063	-0.0519595105352	-0.0138841553944	-0.00849896094277	-0.0725711090271	-0.0368240194323	-0.0240937856737	-0.00656251846073	-0.00674046830155	0.0312415210002	-0.0375497929765	-0.0261543172367	0.014688899877	-0.0231030539373	-0.0219011115268	-0.0256176820905	-0.0451226839288	-0.0262415947786	0.0151816223288	-0.0231504590371	0.00696433314382	-0.0150362456948	0.0470177849487	0.0107561765896	-0.0366067006818	0.0639959811494	0.0520048112329	0.0424277549942
k__Bacteria;p__Actinobacteria;c__Actinobacteria;o__Bifidobacteriales;f__Bifidobacteriaceae;g__Bifidobacterium;s__Bifidobacterium_longum	-0.0140156601554	-0.0352062634254	-0.00764414013801	-0.0453654207284	0.0161893421722	-0.0112430537839	0.00399836439316	0.00503942748158	-0.0872461248115	-0.00712911417842	0.0439954748711	0.0199486210025	-0.0243272210813	0.0209707690905	-0.0155074049181	-0.0117213858376	-0.0383496526824	-0.0103057731109	-0.0213800785911	-0.0015000282082	-0.00422618337712	0.00979591976865	0.0110710492375	0.0396982458023	0.0337844731548	0.0212769973696	-0.0921620051984	-0.0306755842094	0.0605979897527	1.0	0.0452435674083	-0.00880957295385	0.0366218916566	-0.00750137210889	0.00374250556115	0.0317401721242	0.0131881541997	0.00076389155722	-0.0751084704565	0.0273689246812	-0.0493973391851	0.0541211139536	-0.0127009172348	0.0084394025343	0.0063506743336	-0.0354287720643	-0.0475203285442	0.0260525373388	-0.0490766673702	-0.0045469073749	0.0466722214496	-0.0236693467702	-0.0181114802508	-0.0113425125251	-0.0363331783872	-0.0380151298915	-0.0247599921788	-0.0154619294036	0.0262674311461
