#taxonomy	k__Bacteria;p__Bacteroidetes;c__Bacteroidia;o__Bacteroidales;f__Bacteroidaceae;g__Bacteroides;s__Bacteroides_vulgatus	k__Bacteria;p__Bacteroidetes;c__Bacteroidia;o__Bacteroidales;f__Bacteroidaceae;g__Bacteroides;s__Bacteroides_uniformis	k__Bacteria;p__Bacteroidetes;c__Bacteroidia;o__Bacteroidales;f__Rikenellaceae;g__Alistipes;s__Alistipes_putredinis	k__Bacteria;p__Bacteroidetes;c__Bacteroidia;o__Bacteroidales;f__Prevotellaceae;g__Prevotella;s__Prevotella_copri	k__Bacteria;p__Bacteroidetes;c__Bacteroidia;o__Bacteroidales;f__Bacteroidaceae;g__Bacteroides;s__Bacteroides_stercoris	k__Bacteria;p__Bacteroidetes;c__Bacteroidia;o__Bacteroidales;f__Bacteroidaceae;g__Bacteroides;s__Bacteroides_ovatus	k__Bacteria;p__Bacteroidetes;c__Bacteroidia;o__Bacteroidales;f__Rikenellaceae;g__Alistipes;s__Alistipes_shahii	k__Bacteria;p__Firmicutes;c__Clostridia;o__Clostridiales;f__Ruminococcaceae;g__Faecalibacterium;s__Faecalibacterium_prausnitzii	k__Bacteria;p__Bacteroidetes;c__Bacteroidia;o__Bacteroidales;f__Rikenellaceae;g__Alistipes;s__Alistipes_finegoldii	k__Bacteria;p__Bacteroidetes;c__Bacteroidia;o__Bacteroidales;f__Porphyromonadaceae;g__Parabacteroides;s__Parabacteroides_distasonis	k__Bacteria;p__Bacteroidetes;c__Bacteroidia;o__Bacteroidales;f__Bacteroidaceae;g__Bacteroides;s__Bacteroides_thetaiotaomicron	k__Bacteria;p__Bacteroidetes;c__Bacteroidia;o__Bacteroidales;f__Bacteroidaceae;g__Bacteroides;s__Bacteroides_coprocola	k__Bacteria;p__Bacteroidetes;c__Bacteroidia;o__Bacteroidales;f__Bacteroidaceae;g__Bacteroides;s__Bacteroides_cellulosilyticus	k__Bacteria;p__Bacteroidetes;c__Bacteroidia;o__Bacteroidales;f__Rikenellaceae;g__Alistipes;s__Alistipes_obesi	k__Bacteria;p__Firmicutes;c__Clostridia;o__Clostridiales;f__Lachnospiraceae;g__;s__[Eubacterium]_rectale	k__Bacteria;p__Bacteroidetes;c__Bacteroidia;o__Bacteroidales;f__Bacteroidaceae;g__Bacteroides;s__Bacteroides_plebeius	k__Bacteria;p__Bacteroidetes;c__Bacteroidia;o__Bacteroidales;f__Bacteroidaceae;g__Bacteroides;s__Bacteroides_fragilis	k__Bacteria;p__Proteobacteria;c__Betaproteobacteria;o__Burkholderiales;f__Sutterellaceae;g__Sutterella;s__Sutterella_wadsworthensis	k__Bacteria;p__Bacteroidetes;c__Bacteroidia;o__Bacteroidales;f__Porphyromonadaceae;g__Barnesiella;s__Barnesiella_intestinihominis	k__Bacteria;p__Bacteroidetes;c__Bacteroidia;o__Bacteroidales;f__Odoribacteraceae;g__Odoribacter;s__Odoribacter_splanchnicus	k__Bacteria;p__Bacteroidetes;c__Bacteroidia;o__Bacteroidales;f__Bacteroidaceae;g__Bacteroides;s__Bacteroides_salyersiae	k__Bacteria;p__Firmicutes;c__Clostridia;o__Clostridiales;f__Ruminococcaceae;g__Ruminiclostridium;s__[Eubacterium]_siraeum	k__Bacteria;p__Proteobacteria;c__Betaproteobacteria;o__Burkholderiales;f__Sutterellaceae;g__Parasutterella;s__Parasutterella_excrementihominis	k__Bacteria;p__Actinobacteria;c__Actinobacteria;o__Bifidobacteriales;f__Bifidobacteriaceae;g__Bifidobacterium;s__Bifidobacterium_adolescentis	k__Bacteria;p__Firmicutes;c__Clostridia;o__Clostridiales;f__Oscillospiraceae;g__Oscillibacter;s__Oscillibacter_sp._KLE_1745	k__Bacteria;p__Bacteroidetes;c__Bacteroidia;o__Bacteroidales;f__Bacteroidaceae;g__Bacteroides;s__Bacteroides_coprophilus	k__Bacteria;p__Firmicutes;c__Clostridia;o__Clostridiales;f__Lachnospiraceae;g__Roseburia;s__Roseburia_intestinalis	k__Bacteria;p__Firmicutes;c__Clostridia;o__Clostridiales;f__Lachnospiraceae;g__Roseburia;s__Roseburia_hominis	k__Bacteria;p__Bacteroidetes;c__Bacteroidia;o__Bacteroidales;f__Porphyromonadaceae;g__Parabacteroides;s__Parabacteroides_johnsonii	k__Bacteria;p__Actinobacteria;c__Actinobacteria;o__Bifidobacteriales;f__Bifidobacteriaceae;g__Bifidobacterium;s__Bifidobacterium_longum	k__Bacteria;p__Firmicutes;c__Clostridia;o__Clostridiales;f__;g__Flavonifractor;s__Flavonifractor_plautii	k__Bacteria;p__Firmicutes;c__Clostridia;o__Clostridiales;f__Clostridiaceae;g__Clostridium;s__Clostridium_phoceensis	k__Bacteria;p__Verrucomicrobia;c__Verrucomicrobiae;o__Verrucomicrobiales;f__Akkermansiaceae;g__Akkermansia;s__Akkermansia_muciniphila	k__Bacteria;p__Bacteroidetes;c__Bacteroidia;o__Bacteroidales;f__Prevotellaceae;g__Paraprevotella;s__Paraprevotella_xylaniphila	k__Bacteria;p__Firmicutes;c__Clostridia;o__Clostridiales;f__Ruminococcaceae;g__Ruminococcus;s__Ruminococcus_callidus	k__Bacteria;p__Bacteroidetes;c__Bacteroidia;o__Bacteroidales;f__Rikenellaceae;g__Alistipes;s__Alistipes_senegalensis	k__Bacteria;p__Firmicutes;c__Clostridia;o__Clostridiales;f__Lachnospiraceae;g__Blautia;s__Blautia_sp._KLE_1732	k__Bacteria;p__Bacteroidetes;c__Bacteroidia;o__Bacteroidales;f__Bacteroidaceae;g__Bacteroides;s__Bacteroides_oleiciplenus	k__Bacteria;p__Firmicutes;c__Clostridia;o__Clostridiales;f__Ruminococcaceae;g__Ruminococcus;s__Ruminococcus_bicirculans	k__Bacteria;p__Bacteroidetes;c__Bacteroidia;o__Bacteroidales;f__Bacteroidaceae;g__Bacteroides;s__Bacteroides_fluxus	k__Bacteria;p__Bacteroidetes;c__Bacteroidia;o__Bacteroidales;f__Prevotellaceae;g__Prevotella;s__Prevotella_stercorea	k__Bacteria;p__Firmicutes;c__Clostridia;o__Clostridiales;f__Lachnospiraceae;g__Dorea;s__Dorea_longicatena	k__Bacteria;p__Firmicutes;c__Clostridia;o__Clostridiales;f__Eubacteriaceae;g__Eubacterium;s__[Eubacterium]_eligens	k__Bacteria;p__Firmicutes;c__Clostridia;o__Clostridiales;f__Ruminococcaceae;g__;s__Ruminococcaceae_bacterium_D16	k__Bacteria;p__Firmicutes;c__Clostridia;o__Clostridiales;f__Lachnospiraceae;g__Coprococcus;s__Coprococcus_comes	k__Bacteria;p__Proteobacteria;c__Gammaproteobacteria;o__Enterobacterales;f__Enterobacteriaceae;g__Escherichia;s__Escherichia_coli	k__Bacteria;p__Firmicutes;c__Clostridia;o__Clostridiales;f__Ruminococcaceae;g__Anaerotruncus;s__Anaerotruncus_colihominis	k__Bacteria;p__Firmicutes;c__Clostridia;o__Clostridiales;f__Lachnospiraceae;g__Blautia;s__Blautia_obeum	k__Bacteria;p__Bacteroidetes;c__Bacteroidia;o__Bacteroidales;f__Odoribacteraceae;g__Odoribacter;s__Odoribacter_laneus	k__Bacteria;p__Firmicutes;c__Clostridia;o__Clostridiales;f__Ruminococcaceae;g__Ruminiclostridium;s__[Clostridium]_leptum	k__Bacteria;p__Bacteroidetes;c__Bacteroidia;o__Bacteroidales;f__Porphyromonadaceae;g__Parabacteroides;s__Parabacteroides_goldsteinii	k__Bacteria;p__Firmicutes;c__Clostridia;o__Clostridiales;f__Lachnospiraceae;g__Anaerostipes;s__Anaerostipes_hadrus	k__Bacteria;p__Firmicutes;c__Clostridia;o__Clostridiales;f__Ruminococcaceae;g__Ruminococcus;s__Ruminococcus_lactaris	k__Bacteria;p__Firmicutes;c__Clostridia;o__Clostridiales;f__Clostridiaceae;g__Clostridium;s__Clostridium_sp._L2-50	k__Bacteria;p__Firmicutes;c__Clostridia;o__Clostridiales;f__Clostridiaceae;g__Clostridium;s__Clostridium_sp._M62/1	k__Bacteria;p__Firmicutes;c__Clostridia;o__Clostridiales;f__;g__Intestinimonas;s__Intestinimonas_butyriciproducens	k__Bacteria;p__Actinobacteria;c__Actinobacteria;o__Bifidobacteriales;f__Bifidobacteriaceae;g__Bifidobacterium;s__Bifidobacterium_bifidum	k__Bacteria;p__Firmicutes;c__Negativicutes;o__Veillonellales;f__Veillonellaceae;g__Dialister;s__Dialister_invisus	k__Bacteria;p__Bacteroidetes;c__Bacteroidia;o__Bacteroidales;f__Bacteroidaceae;g__Bacteroides;s__Bacteroides_salanitronis
k__Bacteria;p__Bacteroidetes;c__Bacteroidia;o__Bacteroidales;f__Bacteroidaceae;g__Bacteroides;s__Bacteroides_vulgatus	1.0	-0.0299373961013	-0.0192148612404	-0.0302319295108	-0.00439374336267	-0.0213515495419	0.0471237834785	0.021413257271	-0.0176086506652	-0.0425911618333	0.0187124316937	-0.00779978057137	0.0582878902521	-0.00571013596032	0.0132485072785	-0.0320335062946	-0.00470039691894	-0.00748608631391	0.0228390999244	-0.000464182059623	0.00388781340286	-0.0124766469301	0.0233049666348	-0.0274990118224	-0.012483056173	0.0065394903038	-0.0935660420995	0.0309919082081	0.0161560714662	-0.0400688556988	0.0123707858869	-0.00377615900371	0.0221023171518	-0.00908089562543	0.0271515000907	-0.0218595284708	-0.0261534890757	-0.0549279727421	-0.000905590024678	-0.0502339892809	-0.0367807015108	0.0260283706419	-0.0614344091311	0.0136100023043	-0.0386104712833	0.0306020518896	-0.0295547700352	0.0175974643492	-0.028254197288	-0.0119784169043	-0.00258621154462	-0.010773663353	0.0201965937427	0.0210151683399	-0.0194771541739	-0.0235490773525	0.0237501710259	-0.00166609789118	-0.00677379859148
k__Bacteria;p__Bacteroidetes;c__Bacteroidia;o__Bacteroidales;f__Bacteroidaceae;g__Bacteroides;s__Bacteroides_uniformis	-0.0299373961013	1.0	-0.0153423293767	0.0495179306835	-0.0576582944893	0.00506641640593	-0.0378053348351	0.0493441466424	0.00911158731134	0.0129828162472	-0.0213858146772	-0.0234216636614	-0.0575442965228	-0.0489745382097	0.00579154506662	0.043304022009	0.00874378168515	-0.0920376075358	0.0196166059439	0.0520306257158	-0.0209343000972	-0.0318305204172	-0.0471932692428	-0.00466154137046	-0.0128115986743	-0.0343498860938	0.0649193258229	0.0418763407983	0.00507351013924	0.0574330200396	-0.00896844498127	-0.0519556348221	0.0151234814376	0.0034904121604	0.0122980714986	0.0237892941411	0.00458365974032	0.0192493230264	-0.0283489579541	0.00970862941888	0.00354914411839	-0.0421128465222	0.0397139064523	-0.0446939429118	0.0096150984675	-0.0294531707492	-0.0282424701274	-0.0260846123425	0.00805609695031	-0.0194976633331	-0.063711239799	-0.0252009375603	-0.0123529392293	-0.0570102868743	0.0838803066737	-0.0284739334569	0.0384717351726	-0.0736811588402	0.0147648198044
k__Bacteria;p__Bacteroidetes;c__Bacteroidia;o__Bacteroidales;f__Rikenellaceae;g__Alistipes;s__Alistipes_putredinis	-0.0192148612404	-0.0153423293767	1.0	-0.0188750856596	-0.0385956608678	0.00572038246143	-0.0454335339708	0.0306188465047	0.00390793848039	-0.0225323809655	0.0153821355804	0.012105650298	0.00231770032797	0.0120706182862	0.0422114754841	0.0246852335358	0.0026920716084	-0.022986299257	-0.0152322143343	-0.0353042808494	0.0223699049561	-0.00918951269072	0.0150802688563	-0.0288970587325	0.0115427254018	-0.0573359108272	-0.0699236972707	-0.0173174469548	-0.0723320421259	-0.0297472540063	-0.0201452848571	0.0262425720457	-0.0151608267365	-0.000289508378907	-0.0137538763744	-0.0365320741704	-0.0125109361051	0.00334364056886	0.0204613764733	-0.0447886544676	0.0195884188489	-0.00766053291252	-0.00370178092353	-0.0296169091258	0.0246214940055	-0.0140219800035	0.00536038446365	-0.0354967114043	-0.0309668265527	0.0308141834395	0.01496478268	0.0108957667774	0.0191560868163	0.00796974809742	0.020158701341	-0.0181467331257	0.0586639879298	0.0520408522622	0.040244210303
k__Bacteria;p__Bacteroidetes;c__Bacteroidia;o__Bacteroidales;f__Prevotellaceae;g__Prevotella;s__Prevotella_copri	-0.0302319295108	0.0495179306835	-0.0188750856596	1.0	-0.0237845522264	0.0257651541047	-0.0203948858437	-0.0753143581611	-0.0204603870194	0.0266711456517	-0.0228027789065	-0.0204465778014	-0.0422619769226	-0.0101951886539	-0.0849512696546	-0.0479463789743	0.03372027958	0.0365872812525	-0.0206150512821	0.0297850058909	0.00242855799923	0.0463290584287	-0.0121963607648	-0.0261298797479	-0.0486884634448	-0.00773326199319	0.0225147881374	-0.0063529979419	0.0112574172388	-0.0222157998048	0.0282471866081	-0.0287661105619	-0.0131859789035	-0.00413051946473	-0.00754605325723	-0.0225531956481	-0.0101450799694	-0.0136015686958	-0.00562729786554	0.0260529896512	0.0152640170446	-0.00166944882502	0.029359437264	0.0232149690145	0.00346377836745	-0.0486283761102	-0.0132792516302	0.0749442191259	-0.0110237321442	-0.0223788551735	0.00728255731612	-0.0276551954753	0.0344283798788	-0.0307132874486	-0.0006790677516	0.0125262306379	0.0167973499863	-0.0544194492922	0.00145778633976
k__Bacteria;p__Bacteroidetes;c__Bacteroidia;o__Bacteroidales;f__Bacteroidaceae;g__Bacteroides;s__Bacteroides_stercoris	-0.00439374336267	-0.0576582944893	-0.0385956608678	-0.0237845522264	1.0	0.0644279965522	0.0100218895456	-0.0592565725064	0.0224267185086	-0.00491221818462	-0.0048952855362	-0.0496418128451	0.0242062827171	0.031180259408	-0.0732031469154	-0.00587019402943	-0.00737675101648	0.0304357347616	0.023511345617	-0.0611086566735	-0.0311001725004	0.0538745261554	0.0614066650459	0.0540359595254	0.0140035038447	-0.00800437278485	-0.061303980037	0.00329163919078	-0.0271856834391	-0.00476396797244	-0.012952659697	-0.00611381231835	0.0228602722554	-0.00665272472913	0.0634745014985	0.0208306152164	-0.101326296073	0.0513683939766	-0.0919893548633	-0.0617430253803	-0.0367224956298	-0.0149621981153	0.00998383428151	0.0069409257059	-0.0315397738339	-0.000179430914893	-0.0410324070572	0.0348957121757	0.0154763377976	0.0480653034773	-0.0701910530853	-0.0651055397918	0.0131870597287	-0.0324082920123	-0.0306324022569	-0.0211607198003	-0.0240492333808	0.0400932408093	0.0022432192802
k__Bacteria;p__Bacteroidetes;c__Bacteroidia;o__Bacteroidales;f__Bacteroidaceae;g__Bacteroides;s__Bacteroides_ovatus	-0.0213515495419	0.00506641640593	0.00572038246143	0.0257651541047	0.0644279965522	1.0	-0.0133489584241	0.0232176006082	-0.0125635886564	-0.0476552076241	-0.0244094018301	-0.00707722422357	0.0720349825809	0.0169705406469	-0.00530182228597	0.0176344703762	-0.00158835283946	-0.00728326564708	-0.0200434589689	-0.0296017817151	0.029848564113	0.0396760385834	0.00195622792212	-0.040874416021	-0.00479631943377	-0.0729971174535	-0.0398066336851	0.00963098552355	0.0133175339277	0.0328333342673	-0.0385474598147	0.0321513537642	0.0446321692757	-0.0412026085221	-0.0774326639574	0.0656369123383	-0.0144250583253	0.0481139882425	-0.0648860931904	-0.0647905774462	-0.0494475676917	-0.0545986636443	0.00822787502565	0.00579100445391	0.0115510583528	0.00707193144916	-0.0488863060026	0.0229208863157	-0.00598408666019	0.0122646187568	0.0157461134071	-0.0137459016839	-0.0636731786423	-0.0277936708229	0.0332685416514	0.0128611427854	0.0138586053514	-0.0648314582618	0.040149887676
k__Bacteria;p__Bacteroidetes;c__Bacteroidia;o__Bacteroidales;f__Rikenellaceae;g__Alistipes;s__Alistipes_shahii	0.0471237834785	-0.0378053348351	-0.0454335339708	-0.0203948858437	0.0100218895456	-0.0133489584241	1.0	-0.0310180369521	0.0252308072164	0.0301506025178	-0.0229123310644	0.0603996227247	0.00012732115833	0.00772511269187	0.0104871199047	0.0420679826383	-0.0386621835997	-0.0468081140097	-0.00810646468625	-0.0529832858666	0.0228648749047	-0.0162064878213	-0.0857755737155	-0.101388513578	-0.00800339309519	0.00292077442988	-0.01554928533	-0.0289504280536	-0.0402231322352	-0.0422637160657	0.0280179147662	0.0287305684311	0.0503570015273	0.0013214949119	-0.0375605612909	-0.0529109700007	-0.0294563734504	0.0305439985144	0.00203717535726	0.00111922343432	-0.0055157809401	-0.051460032971	-0.0137775866414	0.031656442045	-0.0591976370334	-0.0210261253711	0.00471031975523	-0.0060295409104	-0.0328363289126	0.0321342590433	0.00771803262828	-0.00142271937279	-0.0180945271994	-0.0457242201618	-0.0513629931118	0.0253489207792	-0.0193894652371	0.00898003795676	-0.00346122345329
k__Bacteria;p__Firmicutes;c__Clostridia;o__Clostridiales;f__Ruminococcaceae;g__Faecalibacterium;s__Faecalibacterium_prausnitzii	0.021413257271	0.0493441466424	0.0306188465047	-0.0753143581611	-0.0592565725064	0.0232176006082	-0.0310180369521	1.0	0.0355763083156	-0.0423237746355	-0.0119181200438	0.0263296245145	-0.0585630783734	-0.0643117058051	0.0360810720759	0.0344021327785	-0.00370345964401	-0.00918632233082	-0.0292834621971	0.0103172126764	0.00325507042594	-0.0277375071966	-0.0070169394439	0.0208829963738	-0.0076901229832	-0.0186142547191	-0.0184756263522	0.0046208412665	-0.0268445011385	0.0263512106949	-0.0370516424082	-0.0575522187193	0.0137832506376	-0.0340148310377	-0.0181515976886	-0.0228017616961	-0.00882360815048	-0.0145587819587	0.0103037511576	-0.0505669262927	-0.00258901725596	0.000451302526515	-0.0466418529331	-0.0109901260399	-0.0393745647335	0.0322158436859	-0.030760206983	0.0514186223331	-0.0165375692259	-0.064878370197	-0.0325723833328	-0.0382458515078	0.098150563956	0.0135761556096	-0.0222332793963	-0.00716538041172	-0.0131549857583	-0.0447353995717	0.0304862169105
k__Bacteria;p__Bacteroidetes;c__Bacteroidia;o__Bacteroidales;f__Rikenellaceae;g__Alistipes;s__Alistipes_finegoldii	-0.0176086506652	0.00911158731134	0.00390793848039	-0.0204603870194	0.0224267185086	-0.0125635886564	0.0252308072164	0.0355763083156	1.0	-0.00177133190983	0.0462734770325	0.00868853404812	0.0361753055953	0.00729396461276	-0.0457763426246	0.0362708386217	-0.0174439719396	-0.0188681071112	-0.00676565529564	-0.000175719053693	-0.0467419147611	0.0201865117508	-0.0137457649139	-0.0524953379483	0.00343654987369	0.0259877803256	-0.012569696561	0.0158378933003	-0.00174376962063	-0.0351594214423	0.0344910889044	0.0179413824716	-0.0222941331996	-0.044789321515	-0.0171140477739	0.0195921710313	-0.0415199213403	-0.0131299938543	0.0497450390038	-0.00191099569723	-0.071994575354	-0.00583260601185	-0.0171437184944	-0.0419510652852	0.00301946470335	-0.0340159550509	-0.0149480873424	0.0464025642557	-0.0039536707289	-0.00368849331073	-0.0284644102769	0.00469838353362	0.0475041074102	-0.0752444958356	-0.0304972638348	-0.0233903563256	0.000745690385367	0.00604142986596	0.0043339281355
k__Bacteria;p__Bacteroidetes;c__Bacteroidia;o__Bacteroidales;f__Porphyromonadaceae;g__Parabacteroides;s__Parabacteroides_distasonis	-0.0425911618333	0.0129828162472	-0.0225323809655	0.0266711456517	-0.00491221818462	-0.0476552076241	0.0301506025178	-0.0423237746355	-0.00177133190983	1.0	0.0116700769459	-0.00692529957806	0.0151536379713	0.0340658287899	-0.0551253084413	-0.0207910390476	-0.036571868605	-0.0288518948474	0.0223482541645	-0.00340917197766	-0.0265525338863	-0.0211316073935	-0.0116427663433	-0.0232305798598	-0.0217597884462	-0.0370296851517	-0.0183835444576	0.0232334463741	-0.0384658293545	0.0549125494454	-0.0803185329303	-0.0968350281431	-0.0268223540482	-0.0140536379226	-0.0256093615956	-0.0217851087398	0.0726210628286	-0.0292105754208	0.00268827210068	0.0494149583942	0.025054140762	-0.0395301836498	-0.0127800343501	0.0237812786153	0.0514959459391	0.00630882687022	-0.0561619758813	-0.00134464315592	0.0190698082925	-0.00927193203696	-0.00441219450127	0.0124977854567	0.0156868347292	-0.0245983656015	0.0162261839702	-0.00136415288328	3.33659146627e-05	-0.0416172506312	-0.0159691479133
k__Bacteria;p__Bacteroidetes;c__Bacteroidia;o__Bacteroidales;f__Bacteroidaceae;g__Bacteroides;s__Bacteroides_thetaiotaomicron	0.0187124316937	-0.0213858146772	0.0153821355804	-0.0228027789065	-0.0048952855362	-0.0244094018301	-0.0229123310644	-0.0119181200438	0.0462734770325	0.0116700769459	1.0	0.0391984733857	-0.0141145367141	-0.0694630127741	-0.0196790611216	-0.0464342071546	-0.0320079610642	-0.0313948916554	0.0132684714586	-0.0119248124693	-0.0469871003441	-0.0120053283844	0.0145959436697	-0.0134144249836	-0.0707055885872	-0.0587217872441	-0.0639518978851	0.0331919481979	-0.0621409880556	-0.0213651423265	0.037612304167	-0.0210182435666	-0.0403103237206	-0.0148608965493	0.0209705435099	-0.00871960863907	0.0159935110594	0.00404296269322	0.00582416181075	0.0158970831896	0.0504505950027	-0.0388035362442	-0.0449127830403	-0.0104753140746	0.0220997921639	-0.0481118631717	0.04238300344	-0.0263921497148	0.0499477443527	0.0196448927675	0.00107112545182	-0.0111263313014	-0.0270846927021	-0.0311848192966	0.00174469114008	0.0372820616651	0.0163940571548	-0.027337414851	-0.0240381471674
k__Bacteria;p__Bacteroidetes;c__Bacteroidia;o__Bacteroidales;f__Bacteroidaceae;g__Bacteroides;s__Bacteroides_coprocola	-0.00779978057137	-0.0234216636614	0.012105650298	-0.0204465778014	-0.0496418128451	-0.00707722422357	0.0603996227247	0.0263296245145	0.00868853404812	-0.00692529957806	0.0391984733857	1.0	0.0388976624574	0.00658466287568	0.00892837949021	-0.0202853819045	-0.0258272855985	0.0153671449557	-0.0209780206618	0.0128968983008	-0.0019196162063	-0.00825028562598	-0.00168607359567	-0.0697815311694	0.0207000949324	0.0451368773924	0.0109670831386	-0.0570435811311	-0.0191906718246	0.0580613845662	0.0206359046356	0.0359500382148	-0.0282283739825	-0.0208408733183	-0.0585471753567	0.0295388898427	0.0324134955334	-0.00315538061783	0.0455167056031	-0.0580317410518	0.0222215930348	-0.00400334397984	0.063267862294	-0.0387844077546	-0.0572968004778	0.00150555349818	0.0424420516513	-0.0234169703856	-0.0323058552945	-0.048450873722	0.0196696597296	0.0298602563009	0.00774721278194	-0.0017486717922	-0.0249091290185	0.00615303837835	-0.0259775953544	-0.0465347141115	-0.0265916499599
k__Bacteria;p__Bacteroidetes;c__Bacteroidia;o__Bacteroidales;f__Bacteroidaceae;g__Bacteroides;s__Bacteroides_cellulosilyticus	0.0582878902521	-0.0575442965228	0.00231770032797	-0.0422619769226	0.0242062827171	0.0720349825809	0.00012732115833	-0.0585630783734	0.0361753055953	0.0151536379713	-0.0141145367141	0.0388976624574	1.0	-0.0175802390806	-0.0429822393046	0.0136503533419	0.0383426537909	-0.0590418779877	-0.0431106711715	-0.0031002745985	0.0439981002245	-0.0387635287987	-0.0240252970497	0.0436418514455	-0.0651667389337	0.00508264709033	-0.0583754554551	0.0257768551823	-0.00507165650078	-0.00589092225488	-0.0547045748648	0.0221588304737	0.0146749986182	-0.00662935263626	-0.00292184462621	-0.0539102803597	0.01877847376	-0.050884432798	-0.0101601630887	-0.0180613266784	-0.0435973320314	-0.0158761498148	-0.0280125531684	-0.0250357327765	0.0138400277524	-0.0324879859271	0.0232851160464	-0.024632498131	0.0546152949286	-0.0110687064473	-0.000263584482394	0.0193156822686	-0.0569889977706	0.0104973550281	0.0250129851294	-0.0253665128589	-0.026238323395	0.0307287008999	0.0273041795517
k__Bacteria;p__Bacteroidetes;c__Bacteroidia;o__Bacteroidales;f__Rikenellaceae;g__Alistipes;s__Alistipes_obesi	-0.00571013596032	-0.0489745382097	0.0120706182862	-0.0101951886539	0.031180259408	0.0169705406469	0.00772511269187	-0.0643117058051	0.00729396461276	0.0340658287899	-0.0694630127741	0.00658466287568	-0.0175802390806	1.0	-0.00176121435635	-0.0202031008936	0.0110271192728	-0.0747215476311	-0.0797486265029	0.00215167884986	-0.0562631573843	-0.003370850872	-0.00813689874047	0.0158700539119	-0.0456582052824	0.0504144749655	-0.0270190913917	0.0348341833834	-0.00929970348107	0.0320694135431	-0.00658060732826	-0.0192785996843	0.0299257544269	0.0574898574734	-0.0469483416892	-0.0461199289997	0.0174984696384	-0.0255401676052	0.0433115588788	-0.0837709011019	-0.0884994894324	0.00190244178315	-0.0127327215446	0.0106898407007	-0.0275315142831	-0.0475630886003	0.00208241465766	0.0284130683111	-0.048503739636	0.0260569503819	-0.0211347617626	0.0125026662464	-0.00902151827644	0.0117818486291	0.049874815428	-0.0397069024892	0.0244724433753	-0.0335206123521	0.0663273482636
k__Bacteria;p__Firmicutes;c__Clostridia;o__Clostridiales;f__Lachnospiraceae;g__;s__[Eubacterium]_rectale	0.0132485072785	0.00579154506662	0.0422114754841	-0.0849512696546	-0.0732031469154	-0.00530182228597	0.0104871199047	0.0360810720759	-0.0457763426246	-0.0551253084413	-0.0196790611216	0.00892837949021	-0.0429822393046	-0.00176121435635	1.0	-0.0225220738574	-0.00776953304674	0.0520103040085	-0.0236087844486	0.00809211084363	0.00395930945481	0.019105813452	-0.0283073811128	-0.0150756323106	-0.0156862059903	-0.0249559313716	0.0310556101728	-0.00790737169602	0.036577917656	0.0226775606282	-0.0262709015713	0.00495714217143	0.015684219367	-0.068350276615	-1.56049824964e-05	-0.0234355938433	0.032465895024	-0.0180153366609	-0.0179394122248	0.00069831617024	0.0187367771031	0.0535451475536	-0.04190337444	-0.0141321947442	0.00916725084553	-0.0160367023738	0.0370765855221	0.000923245087323	-0.0085583622486	-0.0154519092705	-0.0200801083616	0.0254365528742	-0.0231931150795	-0.0121608612379	0.0136989991678	0.0780278830359	-0.0144029969472	0.0054639166008	-0.00106324029634
k__Bacteria;p__Bacteroidetes;c__Bacteroidia;o__Bacteroidales;f__Bacteroidaceae;g__Bacteroides;s__Bacteroides_plebeius	-0.0320335062946	0.043304022009	0.0246852335358	-0.0479463789743	-0.00587019402943	0.0176344703762	0.0420679826383	0.0344021327785	0.0362708386217	-0.0207910390476	-0.0464342071546	-0.0202853819045	0.0136503533419	-0.0202031008936	-0.0225220738574	1.0	0.0243523061459	0.0225457040636	-0.0169282561224	0.0647428898403	-0.0666497824446	0.0410811214082	-0.0083971355348	-0.021401400994	0.00508786364105	-0.0656944695722	-0.0110565565818	0.00130413596865	-0.0568422303169	0.0319710875281	-0.0669568625986	0.0559405656382	0.0315870970236	-0.0110116263006	0.0330361406787	-0.035642639894	-0.0479766547438	-0.0010158614299	-0.0084848819736	0.0159300056648	0.0508087663167	-0.00368807618477	-0.030671592165	-0.0146841246267	-0.0330972217544	-0.0696073727736	-0.0801658868515	-0.0136092572396	-0.0175312537603	-0.0127653189158	-0.00915402948532	0.0269688231868	-0.0328433230359	-0.0309906985501	0.0132168734522	-0.0139479781419	-0.0358042240068	0.0307640819554	0.00195347359216
k__Bacteria;p__Bacteroidetes;c__Bacteroidia;o__Bacteroidales;f__Bacteroidaceae;g__Bacteroides;s__Bacteroides_fragilis	-0.00470039691894	0.00874378168515	0.0026920716084	0.03372027958	-0.00737675101648	-0.00158835283946	-0.0386621835997	-0.00370345964401	-0.0174439719396	-0.036571868605	-0.0320079610642	-0.0258272855985	0.0383426537909	0.0110271192728	-0.00776953304674	0.0243523061459	1.0	-0.0143149073376	0.0366677782752	0.0126131157697	-0.0450942836013	-0.006743593214	0.0215310495983	-0.00321727233038	0.057427329808	-0.0311253082317	-0.0128686627322	0.0514228149837	-0.0514289258413	-0.0211535171076	-0.0125960415854	-0.0624496867664	0.0139118707495	0.0108550198858	0.0517909622475	0.0105535002468	0.00218537372753	-0.0165439892487	-0.0480225941648	0.00689794667994	0.0208631293868	0.0204931016274	-0.00918043603787	0.0196316234031	-0.0561140188942	-0.0357548254721	-0.0161743067407	0.0383094874567	0.00771601499299	-0.0273219602677	-0.0258846673994	0.0277343280996	0.0292579692744	-0.00526661218201	-0.0615752577361	0.0799437449925	0.0128154177305	-0.00493980218634	-0.0452720252191
k__Bacteria;p__Proteobacteria;c__Betaproteobacteria;o__Burkholderiales;f__Sutterellaceae;g__Sutterella;s__Sutterella_wadsworthensis	-0.00748608631391	-0.0920376075358	-0.022986299257	0.0365872812525	0.0304357347616	-0.00728326564708	-0.0468081140097	-0.00918632233082	-0.0188681071112	-0.0288518948474	-0.0313948916554	0.0153671449557	-0.0590418779877	-0.0747215476311	0.0520103040085	0.0225457040636	-0.0143149073376	1.0	0.0402563289873	-0.0359493141832	-0.048768234237	-0.0367919117294	0.0227549109055	-0.0059650826291	0.01084493947	0.00384489094798	0.0134432139327	0.0169658018312	0.0293110919649	-0.0305747212327	-0.0217269409626	0.0224274946529	-0.0345789886805	0.00186172805025	-0.0363789420204	0.0470969197513	-0.0292509992239	0.024638855754	-0.0326241768462	0.0389991779384	-0.0146663104627	-0.0054384572135	-0.087633958918	0.0247864885213	-0.0722099262799	0.0235507821635	0.0413369718321	0.00704660581136	0.00910627257599	-0.0553043904188	0.0687235266537	0.0427198619735	0.0380693316411	0.0125356670827	-0.0738949251652	0.0364862795844	-0.0337759715954	-0.0652184854254	-0.0084289514028
k__Bacteria;p__Bacteroidetes;c__Bacteroidia;o__Bacteroidales;f__Porphyromonadaceae;g__Barnesiella;s__Barnesiella_intestinihominis	0.0228390999244	0.0196166059439	-0.0152322143343	-0.0206150512821	0.023511345617	-0.0200434589689	-0.00810646468625	-0.0292834621971	-0.00676565529564	0.0223482541645	0.0132684714586	-0.0209780206618	-0.0431106711715	-0.0797486265029	-0.0236087844486	-0.0169282561224	0.0366677782752	0.0402563289873	1.0	-0.0068198410991	-0.047184527461	-0.00255934369186	-0.0153220434828	0.000649234290208	-0.00780939756895	-0.0731049168692	-0.0156345921024	-0.0888032425719	-0.0156865309243	0.0152658524055	-0.00833906129863	0.0220405992442	0.0470611529991	-0.062476693168	0.0451322453853	0.016812737636	-0.0139497097732	0.0105304067735	-0.0151771633184	-0.00204966753875	0.0141743622108	-0.0398537839772	-0.0445246449172	0.0154451426408	0.0307775134631	-0.0277670852627	-0.0144269732953	0.0492869954391	-4.04168676842e-05	0.00415875786265	-0.0417292430808	0.0368859797808	-0.047407430393	-0.0283122485397	0.0346621430824	-0.0101866984877	-0.00973783150131	0.0494067290278	0.0170309108727
k__Bacteria;p__Bacteroidetes;c__Bacteroidia;o__Bacteroidales;f__Odoribacteraceae;g__Odoribacter;s__Odoribacter_splanchnicus	-0.000464182059623	0.0520306257158	-0.0353042808494	0.0297850058909	-0.0611086566735	-0.0296017817151	-0.0529832858666	0.0103172126764	-0.000175719053693	-0.00340917197766	-0.0119248124693	0.0128968983008	-0.0031002745985	0.00215167884986	0.00809211084363	0.0647428898403	0.0126131157697	-0.0359493141832	-0.0068198410991	1.0	-0.0483212274818	0.010308920186	0.0468335727678	-0.0347387891904	-0.0115449250651	-0.0345685515006	-0.0240770414414	0.0128421251244	-0.0245890960624	-0.0271120859768	-0.0242140956379	-0.0302982597881	-0.0251954435023	0.033025150289	-0.0629241127198	-0.0338291269492	0.0258429139563	-0.0313179499862	-0.0116788705894	0.00555410268019	-0.0184050818291	0.075959221435	0.0113015585286	-0.0285864387294	-0.00942444572954	-0.010506712886	0.0209765194367	-0.0634650383177	0.0177846039742	0.0137417773118	-0.0709760003249	0.00518188730545	0.0153422615754	-0.0127467479983	0.012900818611	0.0641561552747	-0.0323643840498	-0.0537690497353	-0.00795089285178
k__Bacteria;p__Bacteroidetes;c__Bacteroidia;o__Bacteroidales;f__Bacteroidaceae;g__Bacteroides;s__Bacteroides_salyersiae	0.00388781340286	-0.0209343000972	0.0223699049561	0.00242855799923	-0.0311001725004	0.029848564113	0.0228648749047	0.00325507042594	-0.0467419147611	-0.0265525338863	-0.0469871003441	-0.0019196162063	0.0439981002245	-0.0562631573843	0.00395930945481	-0.0666497824446	-0.0450942836013	-0.048768234237	-0.047184527461	-0.0483212274818	1.0	0.0258028067445	-0.0250486091655	0.0178507284904	-0.0658999024362	-0.00211133928334	0.0396711557186	-0.0131765191276	-0.0369968706831	-0.0262889900402	-0.000676345844397	-0.0214308786138	-0.063077889535	-0.0302934174959	-0.0170775253376	-0.0231443840136	-0.0364647829584	-0.0298984754635	0.0356389491025	0.0317438821718	-0.026288399513	0.00200980626991	0.0344654421227	-0.0409721727857	0.0204572426144	-0.0423665022422	0.0666705396731	-0.0308431607514	-0.00903609043811	0.0142732037135	0.0122468759704	-0.0370792218292	0.0237024902365	0.061476499828	0.00110089515473	0.0414308367821	0.00736930467523	0.0747503022599	-0.0409339485242
k__Bacteria;p__Firmicutes;c__Clostridia;o__Clostridiales;f__Ruminococcaceae;g__Ruminiclostridium;s__[Eubacterium]_siraeum	-0.0124766469301	-0.0318305204172	-0.00918951269072	0.0463290584287	0.0538745261554	0.0396760385834	-0.0162064878213	-0.0277375071966	0.0201865117508	-0.0211316073935	-0.0120053283844	-0.00825028562598	-0.0387635287987	-0.003370850872	0.019105813452	0.0410811214082	-0.006743593214	-0.0367919117294	-0.00255934369186	0.010308920186	0.0258028067445	1.0	-0.0505587830721	-0.0210974049606	0.0137658994853	-0.0139065640328	0.00223510140067	-0.0706583691777	-0.0293319785265	-0.0158405770825	0.027215095809	-0.0196160416022	-0.022560606494	-2.45432301191e-05	-0.0246556468417	-0.0292320888855	-0.00548923735413	-0.0535735877129	0.0518488451974	0.00220404724955	-0.0423583587988	-0.006226431231	0.0164381687004	-0.0389605993084	0.0117493239231	-0.0292572238537	0.00186206526714	-0.0288904101347	-0.0273930371802	0.0244979097313	0.0155669681169	-0.0853733240055	0.0125582921693	-0.00395768879202	-0.0159583084954	0.00648012625179	0.0168901956294	0.0299684086841	0.0147585401594
k__Bacteria;p__Proteobacteria;c__Betaproteobacteria;o__Burkholderiales;f__Sutterellaceae;g__Parasutterella;s__Parasutterella_excrementihominis	0.0233049666348	-0.0471932692428	0.0150802688563	-0.0121963607648	0.0614066650459	0.00195622792212	-0.0857755737155	-0.0070169394439	-0.0137457649139	-0.0116427663433	0.0145959436697	-0.00168607359567	-0.0240252970497	-0.00813689874047	-0.0283073811128	-0.0083971355348	0.0215310495983	0.0227549109055	-0.0153220434828	0.0468335727678	-0.0250486091655	-0.0505587830721	1.0	-0.0217535735907	0.0326911150781	0.0141580916699	-0.0102394355845	0.0487733963173	-0.00576610289845	-0.06016033757	0.000108366332734	0.023731668496	0.01500832134	-0.0460982407091	-0.0258568976966	0.0135450969877	0.0325602277597	0.0391692136846	0.0210431706701	0.0358016783213	0.0570622864534	0.0185920852208	-0.0173890568987	0.0255640720527	0.0311596299322	0.00181723566625	-0.0563116158227	0.00566687241461	0.00436687711317	-0.0443742940636	-0.0526476085274	0.0171735631055	0.0260988794386	0.0435824140647	-0.0122666372915	-0.017276477822	-0.0265594015877	-0.0789890271325	0.0140343061789
k__Bacteria;p__Actinobacteria;c__Actinobacteria;o__Bifidobacteriales;f__Bifidobacteriaceae;g__Bifidobacterium;s__Bifidobacterium_adolescentis	-0.0274990118224	-0.00466154137046	-0.0288970587325	-0.0261298797479	0.0540359595254	-0.040874416021	-0.101388513578	0.0208829963738	-0.0524953379483	-0.0232305798598	-0.0134144249836	-0.0697815311694	0.0436418514455	0.0158700539119	-0.0150756323106	-0.021401400994	-0.00321727233038	-0.0059650826291	0.000649234290208	-0.0347387891904	0.0178507284904	-0.0210974049606	-0.0217535735907	1.0	-0.0357721443385	-0.0398411766549	-0.0144049315794	0.0705148424501	0.0280464462617	-0.0344180626561	-0.0282744060191	0.00725202565723	-0.0423748838567	-0.0423063172443	0.00258869993385	-0.0277786011518	-0.00740404944248	0.00325439888966	-0.00361449574203	-0.0324411456489	0.032730085867	-0.00842911710002	-0.020958855525	-0.082552254446	0.0164066294147	0.0447137897143	-0.021885089092	0.0490612869149	-0.0209000061022	0.0361150526825	-0.0226396440056	-0.00190313287251	-0.0593249625459	-0.0088676690612	-0.0308917638951	-0.0447392658379	-0.00144578558221	0.05882503354	0.0463287708818
k__Bacteria;p__Firmicutes;c__Clostridia;o__Clostridiales;f__Oscillospiraceae;g__Oscillibacter;s__Oscillibacter_sp._KLE_1745	-0.012483056173	-0.0128115986743	0.0115427254018	-0.0486884634448	0.0140035038447	-0.00479631943377	-0.00800339309519	-0.0076901229832	0.00343654987369	-0.0217597884462	-0.0707055885872	0.0207000949324	-0.0651667389337	-0.0456582052824	-0.0156862059903	0.00508786364105	0.057427329808	0.01084493947	-0.00780939756895	-0.0115449250651	-0.0658999024362	0.0137658994853	0.0326911150781	-0.0357721443385	1.0	-0.0100198809557	-0.00626533827567	-0.00769874962557	-0.0400808939505	0.0702852940936	-0.0786465995491	0.0157452542266	0.0033448688895	-0.0116833316469	-0.0804361997758	-0.0273630549124	-0.00949004846663	-0.0326440051625	0.0488590838195	0.017982805789	-0.0301541622268	-0.00373787368675	0.0161355245653	-0.0811252304491	-0.0476972436252	-0.00585346138059	0.0514512793502	0.0376833629413	0.0084986754619	-0.0077442259614	0.0211929379606	-0.0771243349108	0.0269207384265	-0.013949912329	-0.0744412316411	0.0432991825758	-0.0281212840656	0.00528393917911	-0.00536725167078
k__Bacteria;p__Bacteroidetes;c__Bacteroidia;o__Bacteroidales;f__Bacteroidaceae;g__Bacteroides;s__Bacteroides_coprophilus	0.0065394903038	-0.0343498860938	-0.0573359108272	-0.00773326199319	-0.00800437278485	-0.0729971174535	0.00292077442988	-0.0186142547191	0.0259877803256	-0.0370296851517	-0.0587217872441	0.0451368773924	0.00508264709033	0.0504144749655	-0.0249559313716	-0.0656944695722	-0.0311253082317	0.00384489094798	-0.0731049168692	-0.0345685515006	-0.00211133928334	-0.0139065640328	0.0141580916699	-0.0398411766549	-0.0100198809557	1.0	-0.044616656777	0.0120470767443	-0.0351867316424	-0.01311945344	-0.0699286474303	-0.0437492115627	-0.0148870449916	0.00916034960119	-0.0474851256341	0.000329890091556	0.00208924964071	0.00541496255867	-0.0418183171353	-0.0136075841406	0.00939133606294	-0.0238657854631	-0.0278983502954	0.0626256323592	0.0257590949094	-0.0263630389556	0.0378046775755	-0.058278374185	0.0277539020718	-0.0639931732936	-0.0328017460538	-0.0133519047748	-0.0480303418337	0.0241563224447	0.0138181319153	-0.057954934008	-0.0197036915538	-0.0296748401209	-0.0367218674539
k__Bacteria;p__Firmicutes;c__Clostridia;o__Clostridiales;f__Lachnospiraceae;g__Roseburia;s__Roseburia_intestinalis	-0.0935660420995	0.0649193258229	-0.0699236972707	0.0225147881374	-0.061303980037	-0.0398066336851	-0.01554928533	-0.0184756263522	-0.012569696561	-0.0183835444576	-0.0639518978851	0.0109670831386	-0.0583754554551	-0.0270190913917	0.0310556101728	-0.0110565565818	-0.0128686627322	0.0134432139327	-0.0156345921024	-0.0240770414414	0.0396711557186	0.00223510140067	-0.0102394355845	-0.0144049315794	-0.00626533827567	-0.044616656777	1.0	-0.0130300469975	0.0519425384512	0.0390862008792	0.0228276056603	-0.00789106761213	0.00832519074925	0.0595655648559	0.0317795459817	-0.00429271118669	0.0277332151627	-0.0682612490408	-0.0160988220724	0.0478608984828	0.0540771465661	-0.0470601625753	-0.0538857171575	-0.0246334481575	0.0209371200489	-0.0150286310061	-0.00711080804603	-2.31322165293e-05	-0.0624770042516	-0.0337512588897	0.0284799123392	-0.0411422033922	0.0124229065049	-0.00429243594522	-0.00477395212842	-0.0215246177088	-0.0074767810162	-0.0161458146366	-0.044656762163
k__Bacteria;p__Firmicutes;c__Clostridia;o__Clostridiales;f__Lachnospiraceae;g__Roseburia;s__Roseburia_hominis	0.0309919082081	0.0418763407983	-0.0173174469548	-0.0063529979419	0.00329163919078	0.00963098552355	-0.0289504280536	0.0046208412665	0.0158378933003	0.0232334463741	0.0331919481979	-0.0570435811311	0.0257768551823	0.0348341833834	-0.00790737169602	0.00130413596865	0.0514228149837	0.0169658018312	-0.0888032425719	0.0128421251244	-0.0131765191276	-0.0706583691777	0.0487733963173	0.0705148424501	-0.00769874962557	0.0120470767443	-0.0130300469975	1.0	0.0461794125239	-0.0543621401574	0.00695572545881	0.0588695326167	-0.00200924515853	0.0133107415569	0.0341324878432	-0.0432076138264	-0.0728387771465	-0.0339363892968	-0.0186021513821	-0.083115004211	0.0266742178653	-0.0305791317453	0.016094058461	-0.0445904432854	0.00975516521441	-0.0260322819094	-0.00903522101489	-0.0521882118924	-0.0135314507158	-0.00867377740078	-0.00615616508407	0.0363882690259	-0.0488639240798	0.0102982559146	0.0317142130046	-0.0245696027148	-0.0499765889573	-0.0368638401333	-0.00297084788649
k__Bacteria;p__Bacteroidetes;c__Bacteroidia;o__Bacteroidales;f__Porphyromonadaceae;g__Parabacteroides;s__Parabacteroides_johnsonii	0.0161560714662	0.00507351013924	-0.0723320421259	0.0112574172388	-0.0271856834391	0.0133175339277	-0.0402231322352	-0.0268445011385	-0.00174376962063	-0.0384658293545	-0.0621409880556	-0.0191906718246	-0.00507165650078	-0.00929970348107	0.036577917656	-0.0568422303169	-0.0514289258413	0.0293110919649	-0.0156865309243	-0.0245890960624	-0.0369968706831	-0.0293319785265	-0.00576610289845	0.0280464462617	-0.0400808939505	-0.0351867316424	0.0519425384512	0.0461794125239	1.0	-0.0390003271189	-0.00488764580377	-0.00661293152956	-0.0345879334192	0.0118068612646	-0.0526396503112	0.00742686021784	-0.00182842706703	0.0155175759737	0.00486719148807	0.028591699533	0.0226620842964	0.0543752299178	0.000357458036161	-0.0668864043087	-0.0305651077417	0.0481334468057	0.0287421015129	0.0292934745789	-0.0423669236717	-0.0282321339526	-0.0215831572823	-0.0186756708552	-0.0370001670747	-0.023403890045	-0.0438813661421	-0.0102125115843	-0.0684249538956	0.0260166234888	0.0268455786611
k__Bacteria;p__Actinobacteria;c__Actinobacteria;o__Bifidobacteriales;f__Bifidobacteriaceae;g__Bifidobacterium;s__Bifidobacterium_longum	-0.0400688556988	0.0574330200396	-0.0297472540063	-0.0222157998048	-0.00476396797244	0.0328333342673	-0.0422637160657	0.0263512106949	-0.0351594214423	0.0549125494454	-0.0213651423265	0.0580613845662	-0.00589092225488	0.0320694135431	0.0226775606282	0.0319710875281	-0.0211535171076	-0.0305747212327	0.0152658524055	-0.0271120859768	-0.0262889900402	-0.0158405770825	-0.06016033757	-0.0344180626561	0.0702852940936	-0.01311945344	0.0390862008792	-0.0543621401574	-0.0390003271189	1.0	-0.0197406510587	0.0192056816926	-0.026870886139	0.0210609112136	0.0159483143972	0.0111932407756	-0.0452139665181	0.0163702540268	-0.035679367726	-0.030772353682	-0.0694752365793	-0.00482008278703	0.00793542618482	-0.0320885470315	-0.0390677713172	-0.00695026193555	0.0518324676405	-0.0497085412384	-0.0461143625331	0.0540523421365	0.027163828588	-0.0172007703084	0.0140703449209	-0.00777991739257	0.00968156418869	-0.00346268061248	0.0607285543506	-0.021371472703	-0.0220406213628
