#taxonomy	k__Bacteria;p__Bacteroidetes;c__Bacteroidia;o__Bacteroidales;f__Bacteroidaceae;g__Bacteroides;s__Bacteroides_vulgatus	k__Bacteria;p__Bacteroidetes;c__Bacteroidia;o__Bacteroidales;f__Bacteroidaceae;g__Bacteroides;s__Bacteroides_uniformis	k__Bacteria;p__Bacteroidetes;c__Bacteroidia;o__Bacteroidales;f__Rikenellaceae;g__Alistipes;s__Alistipes_putredinis	k__Bacteria;p__Bacteroidetes;c__Bacteroidia;o__Bacteroidales;f__Prevotellaceae;g__Prevotella;s__Prevotella_copri	k__Bacteria;p__Bacteroidetes;c__Bacteroidia;o__Bacteroidales;f__Bacteroidaceae;g__Bacteroides;s__Bacteroides_stercoris	k__Bacteria;p__Bacteroidetes;c__Bacteroidia;o__Bacteroidales;f__Bacteroidaceae;g__Bacteroides;s__Bacteroides_ovatus	k__Bacteria;p__Bacteroidetes;c__Bacteroidia;o__Bacteroidales;f__Rikenellaceae;g__Alistipes;s__Alistipes_shahii	k__Bacteria;p__Firmicutes;c__Clostridia;o__Clostridiales;f__Ruminococcaceae;g__Faecalibacterium;s__Faecalibacterium_prausnitzii	k__Bacteria;p__Bacteroidetes;c__Bacteroidia;o__Bacteroidales;f__Rikenellaceae;g__Alistipes;s__Alistipes_finegoldii	k__Bacteria;p__Bacteroidetes;c__Bacteroidia;o__Bacteroidales;f__Porphyromonadaceae;g__Parabacteroides;s__Parabacteroides_distasonis	k__Bacteria;p__Bacteroidetes;c__Bacteroidia;o__Bacteroidales;f__Bacteroidaceae;g__Bacteroides;s__Bacteroides_thetaiotaomicron	k__Bacteria;p__Bacteroidetes;c__Bacteroidia;o__Bacteroidales;f__Bacteroidaceae;g__Bacteroides;s__Bacteroides_coprocola	k__Bacteria;p__Bacteroidetes;c__Bacteroidia;o__Bacteroidales;f__Bacteroidaceae;g__Bacteroides;s__Bacteroides_cellulosilyticus	k__Bacteria;p__Bacteroidetes;c__Bacteroidia;o__Bacteroidales;f__Rikenellaceae;g__Alistipes;s__Alistipes_obesi	k__Bacteria;p__Firmicutes;c__Clostridia;o__Clostridiales;f__Lachnospiraceae;g__;s__[Eubacterium]_rectale	k__Bacteria;p__Bacteroidetes;c__Bacteroidia;o__Bacteroidales;f__Bacteroidaceae;g__Bacteroides;s__Bacteroides_plebeius	k__Bacteria;p__Bacteroidetes;c__Bacteroidia;o__Bacteroidales;f__Bacteroidaceae;g__Bacteroides;s__Bacteroides_fragilis	k__Bacteria;p__Proteobacteria;c__Betaproteobacteria;o__Burkholderiales;f__Sutterellaceae;g__Sutterella;s__Sutterella_wadsworthensis	k__Bacteria;p__Bacteroidetes;c__Bacteroidia;o__Bacteroidales;f__Porphyromonadaceae;g__Barnesiella;s__Barnesiella_intestinihominis	k__Bacteria;p__Bacteroidetes;c__Bacteroidia;o__Bacteroidales;f__Odoribacteraceae;g__Odoribacter;s__Odoribacter_splanchnicus	k__Bacteria;p__Bacteroidetes;c__Bacteroidia;o__Bacteroidales;f__Bacteroidaceae;g__Bacteroides;s__Bacteroides_salyersiae	k__Bacteria;p__Firmicutes;c__Clostridia;o__Clostridiales;f__Ruminococcaceae;g__Ruminiclostridium;s__[Eubacterium]_siraeum	k__Bacteria;p__Proteobacteria;c__Betaproteobacteria;o__Burkholderiales;f__Sutterellaceae;g__Parasutterella;s__Parasutterella_excrementihominis	k__Bacteria;p__Actinobacteria;c__Actinobacteria;o__Bifidobacteriales;f__Bifidobacteriaceae;g__Bifidobacterium;s__Bifidobacterium_adolescentis	k__Bacteria;p__Firmicutes;c__Clostridia;o__Clostridiales;f__Oscillospiraceae;g__Oscillibacter;s__Oscillibacter_sp._KLE_1745	k__Bacteria;p__Bacteroidetes;c__Bacteroidia;o__Bacteroidales;f__Bacteroidaceae;g__Bacteroides;s__Bacteroides_coprophilus	k__Bacteria;p__Firmicutes;c__Clostridia;o__Clostridiales;f__Lachnospiraceae;g__Roseburia;s__Roseburia_intestinalis	k__Bacteria;p__Firmicutes;c__Clostridia;o__Clostridiales;f__Lachnospiraceae;g__Roseburia;s__Roseburia_hominis	k__Bacteria;p__Bacteroidetes;c__Bacteroidia;o__Bacteroidales;f__Porphyromonadaceae;g__Parabacteroides;s__Parabacteroides_johnsonii	k__Bacteria;p__Actinobacteria;c__Actinobacteria;o__Bifidobacteriales;f__Bifidobacteriaceae;g__Bifidobacterium;s__Bifidobacterium_longum	k__Bacteria;p__Firmicutes;c__Clostridia;o__Clostridiales;f__;g__Flavonifractor;s__Flavonifractor_plautii	k__Bacteria;p__Firmicutes;c__Clostridia;o__Clostridiales;f__Clostridiaceae;g__Clostridium;s__Clostridium_phoceensis	k__Bacteria;p__Verrucomicrobia;c__Verrucomicrobiae;o__Verrucomicrobiales;f__Akkermansiaceae;g__Akkermansia;s__Akkermansia_muciniphila	k__Bacteria;p__Bacteroidetes;c__Bacteroidia;o__Bacteroidales;f__Prevotellaceae;g__Paraprevotella;s__Paraprevotella_xylaniphila	k__Bacteria;p__Firmicutes;c__Clostridia;o__Clostridiales;f__Ruminococcaceae;g__Ruminococcus;s__Ruminococcus_callidus	k__Bacteria;p__Bacteroidetes;c__Bacteroidia;o__Bacteroidales;f__Rikenellaceae;g__Alistipes;s__Alistipes_senegalensis	k__Bacteria;p__Firmicutes;c__Clostridia;o__Clostridiales;f__Lachnospiraceae;g__Blautia;s__Blautia_sp._KLE_1732	k__Bacteria;p__Bacteroidetes;c__Bacteroidia;o__Bacteroidales;f__Bacteroidaceae;g__Bacteroides;s__Bacteroides_oleiciplenus	k__Bacteria;p__Firmicutes;c__Clostridia;o__Clostridiales;f__Ruminococcaceae;g__Ruminococcus;s__Ruminococcus_bicirculans	k__Bacteria;p__Bacteroidetes;c__Bacteroidia;o__Bacteroidales;f__Bacteroidaceae;g__Bacteroides;s__Bacteroides_fluxus	k__Bacteria;p__Bacteroidetes;c__Bacteroidia;o__Bacteroidales;f__Prevotellaceae;g__Prevotella;s__Prevotella_stercorea	k__Bacteria;p__Firmicutes;c__Clostridia;o__Clostridiales;f__Lachnospiraceae;g__Dorea;s__Dorea_longicatena	k__Bacteria;p__Firmicutes;c__Clostridia;o__Clostridiales;f__Eubacteriaceae;g__Eubacterium;s__[Eubacterium]_eligens	k__Bacteria;p__Firmicutes;c__Clostridia;o__Clostridiales;f__Ruminococcaceae;g__;s__Ruminococcaceae_bacterium_D16	k__Bacteria;p__Firmicutes;c__Clostridia;o__Clostridiales;f__Lachnospiraceae;g__Coprococcus;s__Coprococcus_comes	k__Bacteria;p__Proteobacteria;c__Gammaproteobacteria;o__Enterobacterales;f__Enterobacteriaceae;g__Escherichia;s__Escherichia_coli	k__Bacteria;p__Firmicutes;c__Clostridia;o__Clostridiales;f__Ruminococcaceae;g__Anaerotruncus;s__Anaerotruncus_colihominis	k__Bacteria;p__Firmicutes;c__Clostridia;o__Clostridiales;f__Lachnospiraceae;g__Blautia;s__Blautia_obeum	k__Bacteria;p__Bacteroidetes;c__Bacteroidia;o__Bacteroidales;f__Odoribacteraceae;g__Odoribacter;s__Odoribacter_laneus	k__Bacteria;p__Firmicutes;c__Clostridia;o__Clostridiales;f__Ruminococcaceae;g__Ruminiclostridium;s__[Clostridium]_leptum	k__Bacteria;p__Bacteroidetes;c__Bacteroidia;o__Bacteroidales;f__Porphyromonadaceae;g__Parabacteroides;s__Parabacteroides_goldsteinii	k__Bacteria;p__Firmicutes;c__Clostridia;o__Clostridiales;f__Lachnospiraceae;g__Anaerostipes;s__Anaerostipes_hadrus	k__Bacteria;p__Firmicutes;c__Clostridia;o__Clostridiales;f__Ruminococcaceae;g__Ruminococcus;s__Ruminococcus_lactaris	k__Bacteria;p__Firmicutes;c__Clostridia;o__Clostridiales;f__Clostridiaceae;g__Clostridium;s__Clostridium_sp._L2-50	k__Bacteria;p__Firmicutes;c__Clostridia;o__Clostridiales;f__Clostridiaceae;g__Clostridium;s__Clostridium_sp._M62/1	k__Bacteria;p__Firmicutes;c__Clostridia;o__Clostridiales;f__;g__Intestinimonas;s__Intestinimonas_butyriciproducens	k__Bacteria;p__Actinobacteria;c__Actinobacteria;o__Bifidobacteriales;f__Bifidobacteriaceae;g__Bifidobacterium;s__Bifidobacterium_bifidum	k__Bacteria;p__Firmicutes;c__Negativicutes;o__Veillonellales;f__Veillonellaceae;g__Dialister;s__Dialister_invisus	k__Bacteria;p__Bacteroidetes;c__Bacteroidia;o__Bacteroidales;f__Bacteroidaceae;g__Bacteroides;s__Bacteroides_salanitronis
k__Bacteria;p__Bacteroidetes;c__Bacteroidia;o__Bacteroidales;f__Bacteroidaceae;g__Bacteroides;s__Bacteroides_vulgatus	1.0	-0.0341882833064	0.00195840682854	0.0547927217672	0.0017197159796	0.0216155527481	-0.0287552977937	-0.00504596605063	-0.0235642627957	-0.0346279468302	-0.0127173268793	0.0114229303424	-0.00264319178821	-0.044085728847	0.0641054265822	0.0175080467193	-0.0320324419274	-0.0807192068022	0.0260400077591	-0.026518325586	-0.0150433148127	0.0193762803261	-0.0499395002873	-0.0355359238984	0.0448868722204	0.0232179029476	0.0180386190044	-0.0095687499321	-0.0709438681802	0.0173607184085	0.0076315936392	-0.0674873704595	-0.0326003963979	-0.0293216677343	0.00474721250367	-0.0168223276115	-0.0521161362448	-0.0550586653474	-0.0301184158876	0.0199199552602	0.0313493552137	0.0257295541538	0.00143449912512	-0.0214329099232	-0.00982211855627	-0.0595754378731	0.00429467504373	-0.0474161490107	0.022070985587	0.0451633101621	-0.0371917429429	-0.0147560278538	-0.0393772136457	-0.0302107724831	0.0288089310428	0.0277629397597	-0.0540863806278	0.0111996166849	-0.0375236273087
k__Bacteria;p__Bacteroidetes;c__Bacteroidia;o__Bacteroidales;f__Bacteroidaceae;g__Bacteroides;s__Bacteroides_uniformis	-0.0341882833064	1.0	-0.0393349814971	-0.0383261404366	-0.0105906882839	0.000681851428127	0.00599051803222	0.0157696010859	0.0172317087117	0.0235112886037	0.00383322412845	-0.0198934243747	-0.0235407152729	-0.0638016170758	-0.0202138251985	-0.0300428819336	0.0302284738726	-0.0406379487358	0.0264636373426	-0.0211531802039	-0.0152093767235	-0.0311728565166	0.000305284364909	0.0126530184647	-5.49871323952e-05	0.0351830293313	-0.0591707250525	-0.00213187151002	0.032971999173	-0.013734376746	-0.0121550230138	0.0129631149031	0.00477785130625	-0.0284043484581	-0.0303903668999	-0.0304093658689	0.0501049612512	-0.0368665254637	0.00640931219439	-0.0128113361441	0.0564511340497	0.0203068952796	-0.00895338306093	0.00264361087375	-0.0785015625407	-0.0192371830466	-0.0320314711166	-0.054623488195	0.0440238729679	0.00504810872218	0.0186306119116	-0.00914305491094	-0.0552510552751	-0.00275150228647	0.0664661124294	0.0267187937576	0.0097016142726	0.00482506830128	-0.0377205390567
k__Bacteria;p__Bacteroidetes;c__Bacteroidia;o__Bacteroidales;f__Rikenellaceae;g__Alistipes;s__Alistipes_putredinis	0.00195840682854	-0.0393349814971	1.0	-0.00230075493451	-0.0285160177148	0.0449633918473	-0.0184040924356	0.0156324583337	-0.013991480892	-0.0218237855688	0.0214529829841	-0.00567039588757	0.0120641045741	0.017673511952	0.0438139740351	0.0323300193454	0.0146565281798	-0.00831308700878	-0.0262487908979	-0.0268105988763	-0.0188562816035	0.0141068975559	-0.0614018303388	0.0497837301737	0.0497258115229	0.0258738973826	-0.0276985314898	-0.05889822078	0.0593575681922	-0.00981248035394	-0.0335780915984	0.000744061048463	-0.0213011557535	0.0269119770743	-0.0398013623171	-0.0134546281246	-0.0451225019734	-0.00764542360359	-0.0571429144899	0.0404360735681	-0.0293336661042	-0.0283474900352	-0.0317758448418	0.00735252280907	-0.034541615254	0.000445100911035	-0.0361467200935	-0.0381217415398	0.0264735734371	0.0309604818667	-0.0200142520683	-0.0263979232515	-0.011712989156	-0.053611903492	0.0108301731368	-0.054797670256	-0.0141825233683	0.00801580062889	0.0509068449146
k__Bacteria;p__Bacteroidetes;c__Bacteroidia;o__Bacteroidales;f__Prevotellaceae;g__Prevotella;s__Prevotella_copri	0.0547927217672	-0.0383261404366	-0.00230075493451	1.0	-0.0297144668367	-0.0606876923501	0.0399747062577	0.00936685623893	-0.0378996514803	0.0107125745977	0.0441842644222	-0.00891793908635	0.0444127132159	-0.0233342903618	-0.0420799215528	-0.0469981888195	0.00398838658419	0.0205113104631	0.0188463405143	-0.0429608041419	-0.0137797610311	-0.0112034873173	0.00989111331061	-0.0187767162514	-0.054710046655	-0.0663411480234	-0.0043434697389	0.0450884437804	0.00281201718461	0.0160713807019	-0.00777004312337	0.0023240231023	-0.0550536573148	-0.0609118234375	0.0322989004797	0.0366413582663	-0.0627961857028	-0.00953286500158	0.00155117232647	0.00052798440754	-0.0640342442332	-0.064327576805	0.017597504755	-0.0530556588989	0.0207896875269	-0.0239256049387	-0.00864457946749	0.0275375924192	-0.0199948838944	-0.000624790695223	0.034090391194	-0.0381386839144	-0.041451900756	-0.0471205118436	-0.055129364028	0.0342842792644	-0.0245982121429	0.0184134874263	-0.0344373490754
k__Bacteria;p__Bacteroidetes;c__Bacteroidia;o__Bacteroidales;f__Bacteroidaceae;g__Bacteroides;s__Bacteroides_stercoris	0.0017197159796	-0.0105906882839	-0.0285160177148	-0.0297144668367	1.0	0.0181191746274	-0.00771259058158	-0.0265961512712	-0.0299551420098	0.00873527786473	-0.0332363172265	-0.0201417527328	-0.0260879186364	-0.010050239357	-0.0154921461755	-0.0234810021911	-0.0564716199745	-0.0295354126127	-0.0354282587105	-0.00724687474364	0.0407102070731	0.0174565871455	0.000179637653161	0.0127933004376	0.048800329895	-0.0399291845081	0.0172926077538	-0.0410265323786	-0.00561748778875	-0.0790222097359	-0.00369710631066	-0.0268817277311	-0.0451239303006	-0.0256076965115	0.0033269742577	-0.0453179876717	0.00993250182362	0.00951561445225	0.0190427136028	0.0200353280367	-0.00929787672866	0.0368459324124	-0.00965120982995	-0.00127025718768	-0.0014392703823	-0.0326067905745	-0.0282904498353	-0.00673327997011	-0.0230278041932	0.0537397637914	-0.0176493919304	-0.00593928973169	-0.0405303936017	-0.0500989010692	0.0315633029118	0.0531788142839	-0.0248523009266	-0.0210080047666	0.0323775042614
k__Bacteria;p__Bacteroidetes;c__Bacteroidia;o__Bacteroidales;f__Bacteroidaceae;g__Bacteroides;s__Bacteroides_ovatus	0.0216155527481	0.000681851428127	0.0449633918473	-0.0606876923501	0.0181191746274	1.0	-0.00859041723336	-0.0481782482864	-0.0119684182666	-0.0611471966009	0.0838706519453	-0.0929709478605	-0.0516288860242	-0.0307021208383	0.0460511983961	0.0347959380493	0.0244932043223	-0.00695636021888	-0.0297950813548	0.0737181007709	-0.0481420997682	-0.0477701885865	0.0321542477341	-0.0136958501791	0.00730344696153	0.0043299397292	0.0128910217197	-0.0380738456414	-0.0194036587413	0.0089965061244	-0.0236796791117	-0.0794398734142	-0.000736718054869	-0.0202605472159	-0.0510732281012	0.0502269021364	-0.089932954003	0.0310694335114	-0.0262186462205	0.0211119130353	0.0288472967037	-0.026289780686	0.0301474388559	0.0786568304208	-0.0232142858275	-0.0749660505857	-0.0840265714287	-0.0309400447973	-0.017640869398	-0.0430229997012	0.000207313446371	-0.0725250333918	-0.0393806316965	0.0547526765797	-0.0314164607924	-0.0719565705354	0.057466992599	0.0314280713537	-0.0436784531988
k__Bacteria;p__Bacteroidetes;c__Bacteroidia;o__Bacteroidales;f__Rikenellaceae;g__Alistipes;s__Alistipes_shahii	-0.0287552977937	0.00599051803222	-0.0184040924356	0.0399747062577	-0.00771259058158	-0.00859041723336	1.0	-0.00444696950353	0.0649960390021	-0.0380149410225	-0.0334912153	-0.0190529632132	0.0419219277821	0.048998668819	0.0136382435222	-0.000393175080139	-0.00057716666334	-0.00884742705244	0.0801913132784	-0.0752341873108	0.0201212759431	-0.0429135112099	-0.0280450151756	-0.0164957824904	-0.0461198882931	-0.0129829825909	-0.0244804643986	0.0231258415316	0.0161061549789	0.0420395456316	-0.00944109665455	-0.0249839819563	0.012025633913	-0.019938075373	0.0119309405111	-0.0100583748102	-0.0349799967237	-0.0294715468512	0.0186148707062	-0.0578631426758	0.00425272869251	-0.00738960556123	-0.00373626872077	-0.0163633690791	-0.0164255389145	0.11402791129	-0.0160004876736	0.0291109637221	-0.0122348860927	0.0171565444246	-0.0533948960756	-0.0517023381633	0.0182022010136	-0.0119217726448	-0.000819441578978	-0.0320222779269	-0.0367011506301	0.00951218832986	-0.015844915888
k__Bacteria;p__Firmicutes;c__Clostridia;o__Clostridiales;f__Ruminococcaceae;g__Faecalibacterium;s__Faecalibacterium_prausnitzii	-0.00504596605063	0.0157696010859	0.0156324583337	0.00936685623893	-0.0265961512712	-0.0481782482864	-0.00444696950353	1.0	0.015885083134	0.0100241134853	-0.0186426602016	0.0309285642784	0.0436139528305	-0.0561134849004	0.0191551011547	-0.0449913486243	-0.0193703352509	0.0297501812785	0.00300427741694	0.00820304247886	-0.0206204252876	0.0586746676039	-0.0141424976349	-0.0157881092423	-0.0617204390029	-0.0247647754612	0.0557683126896	0.00416736170179	0.0216271340321	-0.0356982901572	0.0334994790171	-0.0398660173112	-0.0136499163806	-0.00488058091519	-0.0629617616826	0.0353499197413	0.0277893825781	0.00477683646622	-0.01432611524	-0.0234531497891	0.0132484983261	-0.0025595977741	-0.0134894988985	-0.0035253338391	-0.0116766156234	0.0216913784974	-0.0539219446214	-0.0388055762028	0.014655987661	-0.00471463172251	-0.0239528086793	-0.00618556221642	-0.00421134057161	0.00202012463717	0.039552715904	-0.0347427716461	-0.0282756957388	-0.0830311624092	0.00669474883617
k__Bacteria;p__Bacteroidetes;c__Bacteroidia;o__Bacteroidales;f__Rikenellaceae;g__Alistipes;s__Alistipes_finegoldii	-0.0235642627957	0.0172317087117	-0.013991480892	-0.0378996514803	-0.0299551420098	-0.0119684182666	0.0649960390021	0.015885083134	1.0	-0.0178072218231	-0.0237769414818	0.0325416836689	-0.0369374100132	-0.027374670933	0.0133974860595	0.029796576701	-0.00277402957599	-0.000353791672105	-0.0260153764783	-0.012360147385	0.0514323007038	-0.0594660517483	-0.074004762451	-0.0270325983839	0.0278407227958	-0.0139272244942	-0.0132245356822	0.036226456929	-0.0466959338097	-0.0183469859324	-0.0019105763232	-0.0193308507383	-0.0296466690285	0.0327961706478	0.0426911698545	-0.0400677051097	0.047043785985	0.000376664256598	-0.0430804675083	-0.00838585522421	-0.0143236581354	0.00799645972031	-0.00187818780286	0.0300343567891	0.0257206809486	-0.0042369754302	-0.00106835211557	-0.0362824973019	0.0376836302539	-0.0342502561352	-0.0122042251735	-0.0488266564768	-0.0368969450572	0.0399382125025	-0.00661434830132	-0.0181755403625	0.036053811194	-0.00372825594589	-0.0135338466068
k__Bacteria;p__Bacteroidetes;c__Bacteroidia;o__Bacteroidales;f__Porphyromonadaceae;g__Parabacteroides;s__Parabacteroides_distasonis	-0.0346279468302	0.0235112886037	-0.0218237855688	0.0107125745977	0.00873527786473	-0.0611471966009	-0.0380149410225	0.0100241134853	-0.0178072218231	1.0	-0.0183580413161	0.0243673872254	0.0371498400282	-0.0367203609286	-0.0458371528202	-0.0308755958321	0.0250908112401	-0.0171794557861	0.0151815358584	0.00817019069945	0.0365675899182	-0.00850515157914	-0.00337864211601	-0.0364255574889	0.0113279979042	0.0309969206954	-0.027434000375	0.0282747274061	-0.0453854044268	-0.0284636700882	0.0405247885489	0.0220218846357	-0.0154208938181	-0.0394674867228	0.0346963305787	0.000187402347543	-0.0206811556306	0.00329818146236	-0.0243069674707	-0.0486351527023	-0.0251235908568	-0.0173062946003	-0.0148175803402	-0.00248103155353	-0.0405435256362	-0.0251037834953	0.0119613176223	-0.0366437492099	-0.012245625841	0.000353327900479	0.0522630613524	-0.0170855697772	0.030386590035	-0.0163266359223	-0.0882540275434	0.0500021256846	0.00314179010472	0.025297838743	-0.0292616970497
k__Bacteria;p__Bacteroidetes;c__Bacteroidia;o__Bacteroidales;f__Bacteroidaceae;g__Bacteroides;s__Bacteroides_thetaiotaomicron	-0.0127173268793	0.00383322412845	0.0214529829841	0.0441842644222	-0.0332363172265	0.0838706519453	-0.0334912153	-0.0186426602016	-0.0237769414818	-0.0183580413161	1.0	0.0365793873765	-0.0150820876366	0.00162311590546	0.0285318646834	0.0354123811387	-0.0131944284815	-0.0202995982873	0.0130888946372	-0.033050842692	0.0522877763332	0.000366768125899	0.0295314243396	-0.0215032015413	0.00569523082359	0.0381715093121	0.00471249197564	-0.00966099720452	-0.0581797390421	-0.00759109145318	0.012789373229	-0.00365843768436	0.0291057369814	0.0771013004086	0.0188544501203	-0.0260280421047	-0.0186602708215	0.00458977177374	-0.00704024770584	0.00360771206371	-0.0059205882488	0.00997589267057	-7.48357514609e-05	0.00127083445838	-0.0540409719403	-0.00571032622803	-0.0537502571188	0.026339101866	-0.0131237672507	0.00690436729528	-0.0383948119401	-0.051150788683	-0.0146373452367	-0.0912596062846	-0.0838399631599	-0.00187098419017	-0.0455478937285	0.0344383193282	-0.00856085113479
k__Bacteria;p__Bacteroidetes;c__Bacteroidia;o__Bacteroidales;f__Bacteroidaceae;g__Bacteroides;s__Bacteroides_coprocola	0.0114229303424	-0.0198934243747	-0.00567039588757	-0.00891793908635	-0.0201417527328	-0.0929709478605	-0.0190529632132	0.0309285642784	0.0325416836689	0.0243673872254	0.0365793873765	1.0	-0.014962391658	-0.0544613134729	-0.10342417409	-0.00586226122686	0.0117524638659	-0.0500458042171	-0.0101693112114	-0.0448334117366	-0.061617621549	-0.00760682534096	-0.0101243399299	0.00948077806176	0.0182394927514	-0.0320127587702	-0.00501854013996	0.00155274215097	-0.0206617226756	-0.00941133916688	0.0130931777521	0.0352514977335	-0.0175540219345	-0.0189623061974	-0.0095520979326	0.00869097216849	-0.0198829467461	0.0472622145292	-0.00637638884496	-0.00385524819974	-0.0289213808876	0.0275358176963	-0.0196499104849	0.0264869233696	-0.0256617988419	-0.0348429482349	-0.0229028000239	-0.038424370319	0.0350074873546	-0.00197185734962	-0.0568107997288	-0.0323575170594	-0.0178737733991	0.0299060190694	-0.0516427662898	0.0380382084929	-0.012418779219	0.0258236063954	-0.00914438324622
k__Bacteria;p__Bacteroidetes;c__Bacteroidia;o__Bacteroidales;f__Bacteroidaceae;g__Bacteroides;s__Bacteroides_cellulosilyticus	-0.00264319178821	-0.0235407152729	0.0120641045741	0.0444127132159	-0.0260879186364	-0.0516288860242	0.0419219277821	0.0436139528305	-0.0369374100132	0.0371498400282	-0.0150820876366	-0.014962391658	1.0	-0.00747621329588	-0.0186179701461	-0.00853150489454	-0.0471982875699	-0.00460960173141	-0.0353852447178	-0.0257769881937	0.0071362514221	0.0648706628281	-0.0164694813266	-0.0435379457122	-0.0943871547333	0.0218936885947	-0.0112546096399	-0.0111037811017	-0.0492103403751	-0.0642953769912	0.0015557587286	-0.0422931817989	-0.0236816519648	-0.0222821715226	0.017559164348	0.0368840832012	-0.0101561806917	-0.00409343164489	0.0248946822747	0.000749120178241	0.00779127200867	0.0356554250812	-0.0202088244434	0.0172694431331	-0.0244387592182	0.0418421843379	-0.00127547559089	-0.00349518977183	0.0162733708009	-0.0172262355124	0.00589731260704	-0.00607311331862	0.0559289248284	0.0261698736979	-0.0356620648555	0.00612947056325	0.017159100456	0.0442018398311	-0.0455107882924
k__Bacteria;p__Bacteroidetes;c__Bacteroidia;o__Bacteroidales;f__Rikenellaceae;g__Alistipes;s__Alistipes_obesi	-0.044085728847	-0.0638016170758	0.017673511952	-0.0233342903618	-0.010050239357	-0.0307021208383	0.048998668819	-0.0561134849004	-0.027374670933	-0.0367203609286	0.00162311590546	-0.0544613134729	-0.00747621329588	1.0	-0.0678665936165	0.0321593412828	-0.0299115777865	-0.0145438181837	-0.00722320578443	0.00332801441974	0.0156525195428	-0.005637257362	0.0427908081792	0.0166462454728	0.0496507901851	-0.0791537480806	-0.0193494161594	0.0026535005074	-0.0239779966412	0.0406802474219	-0.0239661850716	0.00896210786021	-0.00163918830784	0.0512771592844	0.0424053941972	-0.0334542913503	0.0267310944838	-0.0275617890509	-0.00140357768014	0.0119252722378	0.0109359218101	-0.0311744414279	-0.0396350289105	0.0177563280535	-0.00285103442744	0.0199603267031	-0.0171232100388	-0.0171127085608	-0.0364167135818	0.0354281970334	-0.0461813144196	-0.0155594749279	-0.0122586641039	0.0133526124627	0.00462141665851	-0.00192128998839	0.0489360988897	-0.0165872099414	-5.70811619513e-05
k__Bacteria;p__Firmicutes;c__Clostridia;o__Clostridiales;f__Lachnospiraceae;g__;s__[Eubacterium]_rectale	0.0641054265822	-0.0202138251985	0.0438139740351	-0.0420799215528	-0.0154921461755	0.0460511983961	0.0136382435222	0.0191551011547	0.0133974860595	-0.0458371528202	0.0285318646834	-0.10342417409	-0.0186179701461	-0.0678665936165	1.0	-0.00533736040921	0.0163199046408	-0.0047281152454	-0.0326632700938	-0.00964375208697	0.00530113501902	-0.0441167374108	-0.0300351227756	0.0670506785141	-0.0291348953776	-0.00824312757474	0.0134865865981	-0.00416744543516	-0.0315564150686	0.0115912890359	-0.0266141041444	0.00242452134759	-0.0306569847679	-0.0321545981992	-0.0695559551916	-0.0193023808173	-0.0147813582194	-0.037621552363	0.0194909031482	-0.0339971003705	0.0180856513825	-0.0319647530019	-0.09248149887	-0.0271301123663	0.0415534656138	-0.0215942344442	-0.0277043902832	-0.0287687976556	0.0278666569913	-0.0148297823577	0.0347996396324	0.0165515042778	0.0038520642311	-0.0584690913708	-0.00416008358108	-0.0219532349821	-0.0543369722723	0.0347045793434	0.0155542189661
k__Bacteria;p__Bacteroidetes;c__Bacteroidia;o__Bacteroidales;f__Bacteroidaceae;g__Bacteroides;s__Bacteroides_plebeius	0.0175080467193	-0.0300428819336	0.0323300193454	-0.0469981888195	-0.0234810021911	0.0347959380493	-0.000393175080139	-0.0449913486243	0.029796576701	-0.0308755958321	0.0354123811387	-0.00586226122686	-0.00853150489454	0.0321593412828	-0.00533736040921	1.0	-0.00858276811853	-0.0701801490071	-0.0215349652053	-0.0554266565994	0.0185592734344	-0.0120434945344	-0.000123172978039	-0.0358974509693	-0.0156088546895	-0.0181975054263	-0.00998528985462	-0.0166375706309	0.0309471234586	0.0028458169201	0.0160758735875	-0.014179031405	-0.00830762967332	0.0299378834695	-0.0607931580677	-0.0371956221066	-0.0391914981999	-0.0505492567434	0.0185784858767	0.0244472993136	0.0086289173597	0.0071051512091	-0.022134641386	-0.0298766425241	-0.123232035201	-0.00468929360926	-0.00357359187844	-0.0303179827738	-0.0184266739436	0.0355723044697	0.0520318794806	-0.0629697632523	-0.0551885834777	0.0733284063138	-0.0201901063589	-0.0098819457863	0.0354409486573	0.0118213718832	0.0389016684191
k__Bacteria;p__Bacteroidetes;c__Bacteroidia;o__Bacteroidales;f__Bacteroidaceae;g__Bacteroides;s__Bacteroides_fragilis	-0.0320324419274	0.0302284738726	0.0146565281798	0.00398838658419	-0.0564716199745	0.0244932043223	-0.00057716666334	-0.0193703352509	-0.00277402957599	0.0250908112401	-0.0131944284815	0.0117524638659	-0.0471982875699	-0.0299115777865	0.0163199046408	-0.00858276811853	1.0	0.0891568672361	-0.0140361278466	-0.032895412641	-0.009984958696	-0.0552405720212	0.0143041349348	-0.0348024062865	-0.0160123348282	0.028906121494	0.0463937535643	-0.00159599263283	-0.00757666916094	0.0437617664627	0.00596805048662	0.0290480758095	0.00777532034461	-0.0108664549975	-0.00672681717683	-0.00176859102354	-0.00605341731304	-0.011930985485	0.030294360782	-0.00334079737284	-0.0263976585055	-0.0236924014654	0.0327728617428	0.0718523405358	-0.00295491658731	0.00576404048556	-0.0204974488841	0.0352566795536	-0.0274918160934	-0.0425874729682	-0.0555385042098	-0.0377214055429	-0.013908491657	-0.0125862744557	-0.0303794454945	-0.0206271290567	-0.00550038568274	0.0200156609897	-0.0110184089249
k__Bacteria;p__Proteobacteria;c__Betaproteobacteria;o__Burkholderiales;f__Sutterellaceae;g__Sutterella;s__Sutterella_wadsworthensis	-0.0807192068022	-0.0406379487358	-0.00831308700878	0.0205113104631	-0.0295354126127	-0.00695636021888	-0.00884742705244	0.0297501812785	-0.000353791672105	-0.0171794557861	-0.0202995982873	-0.0500458042171	-0.00460960173141	-0.0145438181837	-0.0047281152454	-0.0701801490071	0.0891568672361	1.0	0.0290514624549	-0.0470003610717	0.0493355290424	-0.0282834136813	0.022173832604	-0.00914695369551	0.00617521164692	0.041400528488	0.0188737821116	0.0466989466863	-0.0356293209645	-0.058319622084	-0.000877485573364	0.0453599369674	-0.0335431154608	-0.000682339166271	-0.0221070855304	-0.0097786093404	0.0235948608043	-0.0483481614476	0.0182951026823	-0.0569390669443	-0.0339110910922	-0.00414422701972	-0.0288037024636	0.0153264587597	-0.0076443317291	-0.029206610027	0.0393031827506	-0.0429761819954	-0.0103241385013	-0.0930106777664	0.0116462504409	0.0373243143789	0.0411451450384	-0.0043875946959	0.00385966297171	0.0205696877742	-0.0187172352396	-0.00450052153294	-0.0076368939927
k__Bacteria;p__Bacteroidetes;c__Bacteroidia;o__Bacteroidales;f__Porphyromonadaceae;g__Barnesiella;s__Barnesiella_intestinihominis	0.0260400077591	0.0264636373426	-0.0262487908979	0.0188463405143	-0.0354282587105	-0.0297950813548	0.0801913132784	0.00300427741694	-0.0260153764783	0.0151815358584	0.0130888946372	-0.0101693112114	-0.0353852447178	-0.00722320578443	-0.0326632700938	-0.0215349652053	-0.0140361278466	0.0290514624549	1.0	0.0191253286047	0.0264680666902	0.012087619908	-0.0127339662665	-0.104124610786	-0.017875043833	-0.00920728252827	0.018677093269	-0.0344446189016	-0.00352153700764	-0.0377665228271	0.00876090350286	0.0100070067409	-0.037761416751	-0.00771417089415	0.0144133849172	0.0289404583476	-0.0149073589728	0.035314277366	-0.0164288489873	-0.00528260577563	0.0494302350313	-0.0730324409895	0.000282066653433	-0.0456463830644	0.00160127438124	-0.034999136915	-0.0857204007605	0.0193326473567	-0.00970194994036	-0.0080030022598	-0.00626183857389	-0.0313451888815	0.00179561467932	-0.00398287180377	-0.0291544624153	-0.0251184191905	0.0171384513256	-0.0367262717364	-0.0760100236752
k__Bacteria;p__Bacteroidetes;c__Bacteroidia;o__Bacteroidales;f__Odoribacteraceae;g__Odoribacter;s__Odoribacter_splanchnicus	-0.026518325586	-0.0211531802039	-0.0268105988763	-0.0429608041419	-0.00724687474364	0.0737181007709	-0.0752341873108	0.00820304247886	-0.012360147385	0.00817019069945	-0.033050842692	-0.0448334117366	-0.0257769881937	0.00332801441974	-0.00964375208697	-0.0554266565994	-0.032895412641	-0.0470003610717	0.0191253286047	1.0	-0.0553601086383	0.0303256832912	0.0496144083049	-0.0467969318357	-0.0195618859207	-0.00960130876106	-0.0382103828715	0.0480564383928	0.00532855095403	-0.0663164802329	0.0110790587026	-0.0313041436654	-0.0480441561507	-0.0595711059928	-0.0162706965336	-0.0295358132235	-0.00115179572173	0.0312482418355	-0.0458030409666	0.00554506182873	0.053387051437	-0.0131473000034	-0.00169545290684	0.0188006723305	0.0608760745108	-0.0534908543686	0.0197588732765	0.00221192675909	0.00136266634524	0.0201503471789	0.0134428303849	-0.0159752335554	0.00503248787636	-0.0410817180557	0.0121718828001	-0.0039790886758	-0.0487381011667	-0.0317635156807	-0.0446509085396
k__Bacteria;p__Bacteroidetes;c__Bacteroidia;o__Bacteroidales;f__Bacteroidaceae;g__Bacteroides;s__Bacteroides_salyersiae	-0.0150433148127	-0.0152093767235	-0.0188562816035	-0.0137797610311	0.0407102070731	-0.0481420997682	0.0201212759431	-0.0206204252876	0.0514323007038	0.0365675899182	0.0522877763332	-0.061617621549	0.0071362514221	0.0156525195428	0.00530113501902	0.0185592734344	-0.009984958696	0.0493355290424	0.0264680666902	-0.0553601086383	1.0	-0.00146720427389	-0.00684556678461	-0.0197433329601	-0.0117037956947	0.0120010601563	-0.0333919667396	-0.0221942358476	-0.0565249331331	-0.0372346739367	0.00973310548916	-0.0201144503165	-0.0124692481653	0.0401792612883	-0.0136470550002	-0.0795623156563	0.0151693061412	0.0055578440081	0.0275716221873	-0.0399574485602	-0.00273108892052	-0.0219446110707	-0.0603466380268	-0.0787852336376	0.0334919289795	-0.0686704255385	0.0280077827254	0.0146809834523	-0.0121055833397	0.0033906857703	-0.041176964644	0.0295494078325	0.0212542148786	-0.0306925294248	0.0656545834003	-0.0505014178286	-0.0328784738798	-0.0220510609326	0.00391849369341
k__Bacteria;p__Firmicutes;c__Clostridia;o__Clostridiales;f__Ruminococcaceae;g__Ruminiclostridium;s__[Eubacterium]_siraeum	0.0193762803261	-0.0311728565166	0.0141068975559	-0.0112034873173	0.0174565871455	-0.0477701885865	-0.0429135112099	0.0586746676039	-0.0594660517483	-0.00850515157914	0.000366768125899	-0.00760682534096	0.0648706628281	-0.005637257362	-0.0441167374108	-0.0120434945344	-0.0552405720212	-0.0282834136813	0.012087619908	0.0303256832912	-0.00146720427389	1.0	0.0126667812985	0.00530698387875	3.81525345441e-05	-0.0413323376717	-0.0320149010688	0.0248309535679	0.00149797892195	-0.0757591529627	-0.0350213554642	-0.0109253947378	-0.0457226510931	0.0373054608099	-0.0114041951537	-0.0111393323075	-0.0180903846783	0.0377470193678	0.0115835832362	-0.00956392587761	0.00934739464912	-0.0394034291607	0.0318047308798	0.0459127138375	0.0142532070334	0.0512733493171	-0.0107694323344	0.0369612373471	-0.0784456212022	0.0281634813975	-0.016737761029	-0.00459126326589	-0.0432173531378	-0.0294513108272	0.024028400344	-0.0182728580182	-0.0638309617365	0.0334941755993	-0.0221455979316
k__Bacteria;p__Proteobacteria;c__Betaproteobacteria;o__Burkholderiales;f__Sutterellaceae;g__Parasutterella;s__Parasutterella_excrementihominis	-0.0499395002873	0.000305284364909	-0.0614018303388	0.00989111331061	0.000179637653161	0.0321542477341	-0.0280450151756	-0.0141424976349	-0.074004762451	-0.00337864211601	0.0295314243396	-0.0101243399299	-0.0164694813266	0.0427908081792	-0.0300351227756	-0.000123172978039	0.0143041349348	0.022173832604	-0.0127339662665	0.0496144083049	-0.00684556678461	0.0126667812985	1.0	0.0678729049658	-0.077974210958	-0.0703489869138	-0.0245262993098	-0.00667956233662	0.011768595772	0.00406294655895	0.0159543363269	-0.00147433063077	-0.0300858918375	0.00356686960286	0.0177836950073	-0.030073121254	-0.0588421812869	-0.0270372834473	-0.0308660335934	0.0559025722018	-0.0477724533822	0.00109045755386	-0.0220976940063	-0.0109227470758	-0.00846004124676	-0.0695792111813	-0.0252957153579	-0.0422367678834	-0.0114454439393	0.0472257981501	-0.0269348275985	-0.0287187222179	0.060127569838	-0.0337485840926	0.0355171111189	0.0222562596046	0.00165550878465	-0.0257649074401	0.023046645795
k__Bacteria;p__Actinobacteria;c__Actinobacteria;o__Bifidobacteriales;f__Bifidobacteriaceae;g__Bifidobacterium;s__Bifidobacterium_adolescentis	-0.0355359238984	0.0126530184647	0.0497837301737	-0.0187767162514	0.0127933004376	-0.0136958501791	-0.0164957824904	-0.0157881092423	-0.0270325983839	-0.0364255574889	-0.0215032015413	0.00948077806176	-0.0435379457122	0.0166462454728	0.0670506785141	-0.0358974509693	-0.0348024062865	-0.00914695369551	-0.104124610786	-0.0467969318357	-0.0197433329601	0.00530698387875	0.0678729049658	1.0	0.0549695860977	0.0166512598861	-0.0525935607443	0.0148385324034	0.0140188635825	0.00207641788784	0.00131365060754	-0.0266868664668	-0.000783326715925	-0.0385816593158	-0.0350455769954	0.0143164145227	0.00612006440223	-0.0290331646209	-0.07485711136	0.00186995367765	0.00495463537248	-0.0304454580514	-0.0151109916602	-0.0195281395958	-0.0109000855832	0.0721727063878	-0.00638713874016	-0.013704392853	0.0337595333342	0.0054809428817	-0.0498701551108	0.0281593087038	-0.0579546645685	0.000382997474971	-0.0108662010163	0.0079573831722	-0.00843902777735	-0.018653080487	-0.0256722574114
k__Bacteria;p__Firmicutes;c__Clostridia;o__Clostridiales;f__Oscillospiraceae;g__Oscillibacter;s__Oscillibacter_sp._KLE_1745	0.0448868722204	-5.49871323952e-05	0.0497258115229	-0.054710046655	0.048800329895	0.00730344696153	-0.0461198882931	-0.0617204390029	0.0278407227958	0.0113279979042	0.00569523082359	0.0182394927514	-0.0943871547333	0.0496507901851	-0.0291348953776	-0.0156088546895	-0.0160123348282	0.00617521164692	-0.017875043833	-0.0195618859207	-0.0117037956947	3.81525345439e-05	-0.077974210958	0.0549695860977	1.0	-0.0207377185502	-0.031503041858	-0.0527872603063	-0.0108355080682	-0.0353183697985	0.0215082003568	0.0335579941744	0.0119163384968	0.0236069957343	-0.0109222757222	-0.0364532464584	0.0125183021528	-0.0333433838295	0.0574104411741	-0.0530417512325	-0.0131541211489	-0.008626143408	0.0092074803288	-0.0411222378213	-0.0581327832064	0.0139235626875	0.0205133663216	-0.0335346482928	0.0201033805247	-0.0721041964659	-0.0342340512135	0.00755294599914	-0.0125982260844	0.022499197675	0.0319040325797	0.0169131848154	0.0283818749486	-0.0975561240571	-0.0333088046551
k__Bacteria;p__Bacteroidetes;c__Bacteroidia;o__Bacteroidales;f__Bacteroidaceae;g__Bacteroides;s__Bacteroides_coprophilus	0.0232179029476	0.0351830293313	0.0258738973826	-0.0663411480234	-0.0399291845081	0.0043299397292	-0.0129829825909	-0.0247647754612	-0.0139272244942	0.0309969206954	0.0381715093122	-0.0320127587702	0.0218936885947	-0.0791537480806	-0.00824312757474	-0.0181975054263	0.028906121494	0.041400528488	-0.00920728252827	-0.00960130876106	0.0120010601563	-0.0413323376717	-0.0703489869138	0.0166512598861	-0.0207377185502	1.0	-0.0747132322984	0.0526476945534	-0.00249020993393	-0.06565199827	0.0302385368226	-0.0494023716637	-0.021381920654	-0.0293675756261	0.0158925626628	-0.0136001239693	0.00300469577138	0.00544245322465	-0.052999005644	-0.035260349725	-0.0222268412674	0.103011241481	0.0462568991419	-0.0111551144175	0.0100114368806	0.0217621543096	-0.00987601481627	0.0104432771414	-0.0302993592166	-0.00852209787312	-0.00445165096988	0.0450130146853	-0.00738410907253	0.0640799876121	-0.0210934786562	-0.010268335272	0.00149435340761	-0.0848281312419	0.00478728555047
k__Bacteria;p__Firmicutes;c__Clostridia;o__Clostridiales;f__Lachnospiraceae;g__Roseburia;s__Roseburia_intestinalis	0.0180386190044	-0.0591707250525	-0.0276985314898	-0.0043434697389	0.0172926077538	0.0128910217197	-0.0244804643986	0.0557683126896	-0.0132245356822	-0.027434000375	0.00471249197564	-0.00501854013996	-0.0112546096399	-0.0193494161594	0.0134865865981	-0.00998528985462	0.0463937535643	0.0188737821116	0.018677093269	-0.0382103828715	-0.0333919667396	-0.0320149010688	-0.0245262993098	-0.0525935607443	-0.031503041858	-0.0747132322984	1.0	0.0202859487656	-0.0433661791891	0.0281741140084	0.0190666811599	-0.0120752556928	-0.0118791038356	-0.0127503487042	-0.00959738474873	0.0324901878589	-0.0425194737772	-0.00954130041703	0.0547700330653	-0.0360530258922	0.00860703538439	-0.0287496917271	-0.084190831462	0.020231593215	0.0212729904533	0.0310014007019	-0.0525415999384	-0.0402589429717	-0.0201784933956	-0.0371093235638	0.0117223893848	0.000527982119288	-0.0142094295413	0.00290599347986	-0.0247896067807	-0.0275708489965	-0.0199936606485	0.0229980414955	0.011081800938
k__Bacteria;p__Firmicutes;c__Clostridia;o__Clostridiales;f__Lachnospiraceae;g__Roseburia;s__Roseburia_hominis	-0.0095687499321	-0.00213187151002	-0.05889822078	0.0450884437804	-0.0410265323786	-0.0380738456414	0.0231258415316	0.00416736170179	0.036226456929	0.0282747274061	-0.00966099720452	0.00155274215097	-0.0111037811017	0.0026535005074	-0.00416744543516	-0.0166375706309	-0.00159599263283	0.0466989466863	-0.0344446189016	0.0480564383928	-0.0221942358476	0.0248309535679	-0.00667956233662	0.0148385324034	-0.0527872603063	0.0526476945534	0.0202859487656	1.0	0.0225920449479	0.0382311792796	0.00289561175252	-0.00379147420578	-0.0257350612708	0.00580572932831	0.0305667541065	-0.0518094888191	-0.0259162933329	-0.0692780456135	-0.00565487703271	-0.0316246902624	-0.0245248389592	-0.0098878014436	0.00813029383744	0.00281528347161	-0.00890710761018	-0.0633981534943	0.00160281726863	-0.0482272238299	-0.00388891825188	0.00342097818999	0.000527700735319	-0.00266724599152	-0.0189330105078	0.00623580618199	-0.0222958431232	-0.0589864523527	-0.0553700435203	0.0177978334769	-0.0400673033773
k__Bacteria;p__Bacteroidetes;c__Bacteroidia;o__Bacteroidales;f__Porphyromonadaceae;g__Parabacteroides;s__Parabacteroides_johnsonii	-0.0709438681802	0.032971999173	0.0593575681922	0.00281201718461	-0.00561748778875	-0.0194036587413	0.0161061549789	0.0216271340321	-0.0466959338097	-0.0453854044268	-0.0581797390421	-0.0206617226756	-0.0492103403751	-0.0239779966412	-0.0315564150686	0.0309471234586	-0.00757666916094	-0.0356293209645	-0.00352153700764	0.00532855095403	-0.0565249331331	0.00149797892195	0.011768595772	0.0140188635825	-0.0108355080682	-0.00249020993393	-0.0433661791891	0.0225920449479	1.0	-0.0585497587422	0.00616072377376	0.00588098247883	-0.0109660519441	0.00795564137972	-0.0270944302384	0.0212180803861	-0.0205041389386	0.0420499771086	0.019111410501	-0.0142747146077	0.00939848973873	0.0396259212047	0.0122969977075	-0.0450964799326	0.0156424885106	-0.0725390039018	0.00647804509458	0.0391147593019	0.0412081374938	-0.0482936315976	-0.0122397712511	0.0055862720204	-0.0328292456452	-0.00912754913042	-0.00947433101399	-0.0125064168681	0.00405732380866	0.0121884336715	0.0452240060122
k__Bacteria;p__Actinobacteria;c__Actinobacteria;o__Bifidobacteriales;f__Bifidobacteriaceae;g__Bifidobacterium;s__Bifidobacterium_longum	0.0173607184085	-0.013734376746	-0.00981248035394	0.0160713807019	-0.0790222097359	0.0089965061244	0.0420395456316	-0.0356982901572	-0.0183469859324	-0.0284636700882	-0.00759109145318	-0.00941133916688	-0.0642953769912	0.0406802474219	0.0115912890359	0.0028458169201	0.0437617664627	-0.058319622084	-0.0377665228271	-0.0663164802329	-0.0372346739367	-0.0757591529627	0.00406294655895	0.00207641788784	-0.0353183697985	-0.06565199827	0.0281741140084	0.0382311792796	-0.0585497587422	1.0	0.0224967970177	0.0610020434472	0.00542445307115	-0.0685730229223	0.0128104410954	-0.00534128904348	-0.0677094939013	0.0307836097906	0.00691316504965	-0.011501058948	-0.0587412216087	0.0117935049969	0.0131087310336	-0.0388394862345	0.0253364688222	0.0118826901049	-0.0319704977812	-0.00950485609103	0.0704568396104	0.0424335858317	0.0126595861357	-0.0344024478633	0.0267741629367	0.00660306066621	0.00991135540048	-0.003649414512	-0.0248643536433	-0.00752416145344	-0.0326324060445
