#taxonomy	k__Bacteria;p__Bacteroidetes;c__Bacteroidia;o__Bacteroidales;f__Bacteroidaceae;g__Bacteroides;s__Bacteroides_vulgatus	k__Bacteria;p__Bacteroidetes;c__Bacteroidia;o__Bacteroidales;f__Bacteroidaceae;g__Bacteroides;s__Bacteroides_uniformis	k__Bacteria;p__Bacteroidetes;c__Bacteroidia;o__Bacteroidales;f__Rikenellaceae;g__Alistipes;s__Alistipes_putredinis	k__Bacteria;p__Bacteroidetes;c__Bacteroidia;o__Bacteroidales;f__Prevotellaceae;g__Prevotella;s__Prevotella_copri	k__Bacteria;p__Bacteroidetes;c__Bacteroidia;o__Bacteroidales;f__Bacteroidaceae;g__Bacteroides;s__Bacteroides_stercoris	k__Bacteria;p__Bacteroidetes;c__Bacteroidia;o__Bacteroidales;f__Bacteroidaceae;g__Bacteroides;s__Bacteroides_ovatus	k__Bacteria;p__Bacteroidetes;c__Bacteroidia;o__Bacteroidales;f__Rikenellaceae;g__Alistipes;s__Alistipes_shahii	k__Bacteria;p__Firmicutes;c__Clostridia;o__Clostridiales;f__Ruminococcaceae;g__Faecalibacterium;s__Faecalibacterium_prausnitzii	k__Bacteria;p__Bacteroidetes;c__Bacteroidia;o__Bacteroidales;f__Rikenellaceae;g__Alistipes;s__Alistipes_finegoldii	k__Bacteria;p__Bacteroidetes;c__Bacteroidia;o__Bacteroidales;f__Porphyromonadaceae;g__Parabacteroides;s__Parabacteroides_distasonis	k__Bacteria;p__Bacteroidetes;c__Bacteroidia;o__Bacteroidales;f__Bacteroidaceae;g__Bacteroides;s__Bacteroides_thetaiotaomicron	k__Bacteria;p__Bacteroidetes;c__Bacteroidia;o__Bacteroidales;f__Bacteroidaceae;g__Bacteroides;s__Bacteroides_coprocola	k__Bacteria;p__Bacteroidetes;c__Bacteroidia;o__Bacteroidales;f__Bacteroidaceae;g__Bacteroides;s__Bacteroides_cellulosilyticus	k__Bacteria;p__Bacteroidetes;c__Bacteroidia;o__Bacteroidales;f__Rikenellaceae;g__Alistipes;s__Alistipes_obesi	k__Bacteria;p__Firmicutes;c__Clostridia;o__Clostridiales;f__Lachnospiraceae;g__;s__[Eubacterium]_rectale	k__Bacteria;p__Bacteroidetes;c__Bacteroidia;o__Bacteroidales;f__Bacteroidaceae;g__Bacteroides;s__Bacteroides_plebeius	k__Bacteria;p__Bacteroidetes;c__Bacteroidia;o__Bacteroidales;f__Bacteroidaceae;g__Bacteroides;s__Bacteroides_fragilis	k__Bacteria;p__Proteobacteria;c__Betaproteobacteria;o__Burkholderiales;f__Sutterellaceae;g__Sutterella;s__Sutterella_wadsworthensis	k__Bacteria;p__Bacteroidetes;c__Bacteroidia;o__Bacteroidales;f__Porphyromonadaceae;g__Barnesiella;s__Barnesiella_intestinihominis	k__Bacteria;p__Bacteroidetes;c__Bacteroidia;o__Bacteroidales;f__Odoribacteraceae;g__Odoribacter;s__Odoribacter_splanchnicus	k__Bacteria;p__Bacteroidetes;c__Bacteroidia;o__Bacteroidales;f__Bacteroidaceae;g__Bacteroides;s__Bacteroides_salyersiae	k__Bacteria;p__Firmicutes;c__Clostridia;o__Clostridiales;f__Ruminococcaceae;g__Ruminiclostridium;s__[Eubacterium]_siraeum	k__Bacteria;p__Proteobacteria;c__Betaproteobacteria;o__Burkholderiales;f__Sutterellaceae;g__Parasutterella;s__Parasutterella_excrementihominis	k__Bacteria;p__Actinobacteria;c__Actinobacteria;o__Bifidobacteriales;f__Bifidobacteriaceae;g__Bifidobacterium;s__Bifidobacterium_adolescentis	k__Bacteria;p__Firmicutes;c__Clostridia;o__Clostridiales;f__Oscillospiraceae;g__Oscillibacter;s__Oscillibacter_sp._KLE_1745	k__Bacteria;p__Bacteroidetes;c__Bacteroidia;o__Bacteroidales;f__Bacteroidaceae;g__Bacteroides;s__Bacteroides_coprophilus	k__Bacteria;p__Firmicutes;c__Clostridia;o__Clostridiales;f__Lachnospiraceae;g__Roseburia;s__Roseburia_intestinalis	k__Bacteria;p__Firmicutes;c__Clostridia;o__Clostridiales;f__Lachnospiraceae;g__Roseburia;s__Roseburia_hominis	k__Bacteria;p__Bacteroidetes;c__Bacteroidia;o__Bacteroidales;f__Porphyromonadaceae;g__Parabacteroides;s__Parabacteroides_johnsonii	k__Bacteria;p__Actinobacteria;c__Actinobacteria;o__Bifidobacteriales;f__Bifidobacteriaceae;g__Bifidobacterium;s__Bifidobacterium_longum	k__Bacteria;p__Firmicutes;c__Clostridia;o__Clostridiales;f__;g__Flavonifractor;s__Flavonifractor_plautii	k__Bacteria;p__Firmicutes;c__Clostridia;o__Clostridiales;f__Clostridiaceae;g__Clostridium;s__Clostridium_phoceensis	k__Bacteria;p__Verrucomicrobia;c__Verrucomicrobiae;o__Verrucomicrobiales;f__Akkermansiaceae;g__Akkermansia;s__Akkermansia_muciniphila	k__Bacteria;p__Bacteroidetes;c__Bacteroidia;o__Bacteroidales;f__Prevotellaceae;g__Paraprevotella;s__Paraprevotella_xylaniphila	k__Bacteria;p__Firmicutes;c__Clostridia;o__Clostridiales;f__Ruminococcaceae;g__Ruminococcus;s__Ruminococcus_callidus	k__Bacteria;p__Bacteroidetes;c__Bacteroidia;o__Bacteroidales;f__Rikenellaceae;g__Alistipes;s__Alistipes_senegalensis	k__Bacteria;p__Firmicutes;c__Clostridia;o__Clostridiales;f__Lachnospiraceae;g__Blautia;s__Blautia_sp._KLE_1732	k__Bacteria;p__Bacteroidetes;c__Bacteroidia;o__Bacteroidales;f__Bacteroidaceae;g__Bacteroides;s__Bacteroides_oleiciplenus	k__Bacteria;p__Firmicutes;c__Clostridia;o__Clostridiales;f__Ruminococcaceae;g__Ruminococcus;s__Ruminococcus_bicirculans	k__Bacteria;p__Bacteroidetes;c__Bacteroidia;o__Bacteroidales;f__Bacteroidaceae;g__Bacteroides;s__Bacteroides_fluxus	k__Bacteria;p__Bacteroidetes;c__Bacteroidia;o__Bacteroidales;f__Prevotellaceae;g__Prevotella;s__Prevotella_stercorea	k__Bacteria;p__Firmicutes;c__Clostridia;o__Clostridiales;f__Lachnospiraceae;g__Dorea;s__Dorea_longicatena	k__Bacteria;p__Firmicutes;c__Clostridia;o__Clostridiales;f__Eubacteriaceae;g__Eubacterium;s__[Eubacterium]_eligens	k__Bacteria;p__Firmicutes;c__Clostridia;o__Clostridiales;f__Ruminococcaceae;g__;s__Ruminococcaceae_bacterium_D16	k__Bacteria;p__Firmicutes;c__Clostridia;o__Clostridiales;f__Lachnospiraceae;g__Coprococcus;s__Coprococcus_comes	k__Bacteria;p__Proteobacteria;c__Gammaproteobacteria;o__Enterobacterales;f__Enterobacteriaceae;g__Escherichia;s__Escherichia_coli	k__Bacteria;p__Firmicutes;c__Clostridia;o__Clostridiales;f__Ruminococcaceae;g__Anaerotruncus;s__Anaerotruncus_colihominis	k__Bacteria;p__Firmicutes;c__Clostridia;o__Clostridiales;f__Lachnospiraceae;g__Blautia;s__Blautia_obeum	k__Bacteria;p__Bacteroidetes;c__Bacteroidia;o__Bacteroidales;f__Odoribacteraceae;g__Odoribacter;s__Odoribacter_laneus	k__Bacteria;p__Firmicutes;c__Clostridia;o__Clostridiales;f__Ruminococcaceae;g__Ruminiclostridium;s__[Clostridium]_leptum	k__Bacteria;p__Bacteroidetes;c__Bacteroidia;o__Bacteroidales;f__Porphyromonadaceae;g__Parabacteroides;s__Parabacteroides_goldsteinii	k__Bacteria;p__Firmicutes;c__Clostridia;o__Clostridiales;f__Lachnospiraceae;g__Anaerostipes;s__Anaerostipes_hadrus	k__Bacteria;p__Firmicutes;c__Clostridia;o__Clostridiales;f__Ruminococcaceae;g__Ruminococcus;s__Ruminococcus_lactaris	k__Bacteria;p__Firmicutes;c__Clostridia;o__Clostridiales;f__Clostridiaceae;g__Clostridium;s__Clostridium_sp._L2-50	k__Bacteria;p__Firmicutes;c__Clostridia;o__Clostridiales;f__Clostridiaceae;g__Clostridium;s__Clostridium_sp._M62/1	k__Bacteria;p__Firmicutes;c__Clostridia;o__Clostridiales;f__;g__Intestinimonas;s__Intestinimonas_butyriciproducens	k__Bacteria;p__Actinobacteria;c__Actinobacteria;o__Bifidobacteriales;f__Bifidobacteriaceae;g__Bifidobacterium;s__Bifidobacterium_bifidum	k__Bacteria;p__Firmicutes;c__Negativicutes;o__Veillonellales;f__Veillonellaceae;g__Dialister;s__Dialister_invisus	k__Bacteria;p__Bacteroidetes;c__Bacteroidia;o__Bacteroidales;f__Bacteroidaceae;g__Bacteroides;s__Bacteroides_salanitronis
k__Bacteria;p__Bacteroidetes;c__Bacteroidia;o__Bacteroidales;f__Bacteroidaceae;g__Bacteroides;s__Bacteroides_vulgatus	1.0	-0.0139505847006	-0.0163954599677	-0.0109060513114	0.010330958212	0.0321281563976	-0.049880702195	-0.0286355876022	-0.0184557822093	0.00474836513788	0.00130690256746	0.00704008382742	0.017083687114	-0.0144932122788	0.0250052781159	-0.0711067241463	-0.00631131527901	-0.0279734332907	-0.0425588695144	-0.0304554199063	-0.0465255943734	0.0231340348129	0.0433387117383	-0.0166619941466	0.0207255533172	-0.0124796511869	0.0281897917729	0.0117941096839	-0.0451051487398	-0.0374677572891	0.0123754663916	-0.0330395031708	-0.0226116592231	-0.0137523760133	0.0675127927161	-0.0468793186818	0.020902203695	-0.0307784837529	-0.0406943192741	-0.0619750048755	-0.0688809269917	-0.0296923473839	0.00819258334837	0.0206157600714	0.0294655483005	0.000686283262419	-0.00742861913997	-0.0394468634906	0.018707430776	-0.0122721423825	0.0283000020416	-0.0638778068677	0.0373478283576	0.0785709518332	-0.00874586396862	-0.023164484425	0.0162862071883	-0.0215173733002	0.0276164318246
k__Bacteria;p__Bacteroidetes;c__Bacteroidia;o__Bacteroidales;f__Bacteroidaceae;g__Bacteroides;s__Bacteroides_uniformis	-0.0139505847006	1.0	-0.0299634957701	-0.00960891913891	0.00642569318959	-0.00313014812808	-0.020569089892	-0.000262274874472	0.0119370127836	0.0425561364044	-0.0697956818935	-0.047143525928	-0.0161565379599	0.0300506597075	-0.0349228580811	0.0226970230829	0.0377976869851	0.00350100330907	-0.0219513082163	0.00466553231765	-0.0478009691372	0.00721667232796	-0.0298582275154	-0.014587899717	-0.00884879669557	-0.0376214551707	0.0497801146723	0.018336609496	0.0188002775985	0.00220502846473	-0.00344238147224	0.00111923902787	-0.0156011329192	-0.0107450645259	-0.0351151816249	-0.00201787236722	-0.0122230917968	0.0172925922066	-0.0643030224468	-0.0243914084728	0.0213465657548	-0.0249611867179	-0.0221278142053	-0.043287028607	-0.0399703352222	-0.0594275762982	-0.00640744220143	-0.0710404995204	0.00454072645777	-0.00917101776003	0.0340425216594	-0.00848227801149	0.0383364749737	0.0574516065643	-0.00433220219636	-0.00106927515763	0.0267589843949	-0.0518026665824	-0.00513034741851
k__Bacteria;p__Bacteroidetes;c__Bacteroidia;o__Bacteroidales;f__Rikenellaceae;g__Alistipes;s__Alistipes_putredinis	-0.0163954599677	-0.0299634957701	1.0	0.0185850367357	-0.0128703670635	0.0422527264165	-0.0233820234877	-0.0279389346162	-0.010478150187	0.011162745085	0.067491268606	-0.0344305556836	0.0241569199543	0.0161640770138	0.00449789858264	-0.0205194948889	-0.0212752481794	-0.0882485025897	-0.0344261096356	0.0320540549236	-0.0421494360722	0.0427462775595	-0.00428803735055	-0.00764658409622	0.0225020812544	-0.00133753837159	-0.0157315542403	-0.057021630142	0.0201069172436	0.044759433617	-0.00292080966589	0.0523753567113	-0.00325130014869	0.00251278394896	-0.0158849020219	0.0736807558409	0.0294368077343	-0.0159605304952	-0.0266226351157	-0.0945214597392	-0.101678325103	0.0203086976613	0.0190139670531	-0.0684668512981	-0.0343325504255	0.0272374194567	-0.0545725855493	0.00262581047059	-0.0168272146906	-0.0292132888008	0.0198000645053	-0.0291772469508	0.0122303390771	-0.0589640586082	0.000953073982064	-0.0339312838311	-0.0195505810295	-0.00834130490744	-0.0160425545646
k__Bacteria;p__Bacteroidetes;c__Bacteroidia;o__Bacteroidales;f__Prevotellaceae;g__Prevotella;s__Prevotella_copri	-0.0109060513114	-0.00960891913891	0.0185850367357	1.0	-0.00446093580477	0.0907312415781	0.00391466335277	0.050318295868	0.0167449012362	-0.0150207805792	-0.0512196878598	-0.013286311774	0.0050279920169	-0.00565835015216	-0.0350272416589	-0.0385309338994	0.0162201441443	-0.000668167908459	-0.00536973045714	-0.0522247940802	-0.0283558843267	-0.0287270302487	-0.0109837977077	0.0394325553623	-0.0336446402172	0.0108005172908	-0.0319184489408	0.030281825539	-0.0337734243653	-0.0603404607566	-0.0157453962674	-0.0135298971477	-0.0727208499874	-0.0124347403764	-0.0398129491289	-0.0666393410497	0.0481632452134	-0.00841340633391	-0.0318286087326	-0.0325248966461	-0.0258060080793	0.0416752019854	0.0463065602489	-0.0726240020601	0.0185914078818	-0.000156966771743	0.028586390408	-0.0676540950574	-0.0226121954619	-0.0252545634148	0.00712618463339	-0.032644939692	-0.0683761174067	-0.00985866833239	-0.0417322804682	-0.00585595725342	0.0419225988932	0.0153129149914	-0.0542745772432
k__Bacteria;p__Bacteroidetes;c__Bacteroidia;o__Bacteroidales;f__Bacteroidaceae;g__Bacteroides;s__Bacteroides_stercoris	0.010330958212	0.00642569318959	-0.0128703670635	-0.00446093580477	1.0	0.00708524841435	-0.0786246738917	-0.00392442357357	-0.0584650126917	-0.0933429251795	0.00753018501358	0.0238558887958	-0.0146469187847	0.0215020189272	-0.00434357876545	-0.0350842090252	0.0473941387153	-0.0691735536505	-0.0277880951057	0.0364537071723	0.0215638415937	-0.0562330185311	0.0258537619802	-0.0374430781305	-0.00362253408572	0.0630688941239	-0.0793291458534	-0.0167365693867	-0.044852560571	-0.0225222408677	0.0316974033624	-0.0718588433194	-0.0111447248502	-0.0294530210188	-0.0494709531087	0.058792540331	-0.0348825299471	-0.0289741109875	-0.00445437533008	-0.0314545694274	-0.0168871824793	0.00263440476245	0.0116814263907	-0.0271915263637	-0.0127686292672	-0.062286193301	0.0156707854003	0.00383153110176	0.0331076513849	-0.0314589246475	-0.0141190089448	0.0524791024587	9.21872203901e-05	-0.0094598273944	-0.0202780810675	0.0566181637943	-0.049412842773	0.0197994086316	0.0535820603475
k__Bacteria;p__Bacteroidetes;c__Bacteroidia;o__Bacteroidales;f__Bacteroidaceae;g__Bacteroides;s__Bacteroides_ovatus	0.0321281563976	-0.00313014812808	0.0422527264165	0.0907312415781	0.00708524841435	1.0	-0.0415141432587	-0.0035642200544	0.0167237910927	-0.019340744837	0.0164324855663	-0.0519094521522	-0.00022505240793	0.0220930264867	-0.0260176969624	0.00732955423734	-0.0182834440424	-0.045419085727	-0.0306718601833	-0.0033380405456	-0.0222501500884	0.0311645421282	-0.0211149656199	-0.0546332774534	0.0241009443309	-0.0217821754835	0.0466976829786	-0.0746644109654	-0.0200879305652	-0.00623408433885	0.00202289159203	0.0063174023943	0.0038158352747	0.0117993428011	0.0124694355727	-0.0396565220596	-0.0266697653598	-0.0306379388152	-0.0352740230107	0.0529820407541	-0.0123229912826	0.0411055208551	-0.0400584893313	0.0279372621003	0.0271003422625	-0.0743379597547	-0.0137665128492	0.00130210651508	0.0744230148574	-0.00454085035982	-0.0142954421864	0.0442838108959	-0.0233684501027	-0.0351886685161	0.0414324472056	0.0285383111129	-0.0486327361113	-0.0103933258695	-0.0430732547626
k__Bacteria;p__Bacteroidetes;c__Bacteroidia;o__Bacteroidales;f__Rikenellaceae;g__Alistipes;s__Alistipes_shahii	-0.049880702195	-0.020569089892	-0.0233820234877	0.00391466335277	-0.0786246738917	-0.0415141432587	1.0	-0.0199478584786	0.0127113743357	-0.0219025308871	-0.0228937953897	-0.0163694391933	-0.00498058287733	0.0256711987385	0.0167063949226	-0.0421606819954	-0.0563655144379	0.0247872338712	-0.0253658504458	-0.0279724383052	0.00845735894287	0.0113185597424	0.0136667020421	0.024575698413	-0.0363466474933	0.0497708877258	0.0260979861095	-0.0270869392907	0.0028344258069	-0.000939512519201	-0.00190978204806	-0.0390905110854	-0.0096037746209	-0.00552998133443	-0.0230341661038	0.0283732228598	0.0156732667922	-0.00352009915073	0.0662633324463	0.027985406576	-0.046479394396	-0.017773718812	-0.0633078261161	0.0417733635814	0.0217552946448	0.0028620811733	0.0382820121279	-0.0576897753658	-0.0335383713177	0.0082711663439	0.0286018540838	0.0214057514759	0.0334958963335	-0.029757356114	0.0363233481444	-0.0719514908115	0.0417187124785	0.0835958346013	-0.00431941564697
k__Bacteria;p__Firmicutes;c__Clostridia;o__Clostridiales;f__Ruminococcaceae;g__Faecalibacterium;s__Faecalibacterium_prausnitzii	-0.0286355876022	-0.000262274874472	-0.0279389346162	0.050318295868	-0.00392442357357	-0.0035642200544	-0.0199478584786	1.0	-0.0144025348913	0.0385474900212	-0.0615894932372	-0.00824349457869	-0.0105712627399	-0.00150573778765	-4.23258812031e-05	0.0579641540943	0.0171056649355	0.0789899388993	-0.030884562874	-0.00443470530389	0.00693740195378	-0.0146794592995	-0.0924613651172	-0.0319030909205	-0.0290367525039	0.00941631823212	-0.0148685657423	0.02354334373	0.0217319631274	-0.0687650156476	-0.0315321127704	0.0319058224138	0.0206964751653	0.0210481551699	-0.00983831394835	-0.0157118326214	0.029126263814	0.02018997092	-0.0284445239166	0.00838151345102	-0.0241226784122	-0.0247356230615	-0.0261249702623	0.0244245337599	-0.0207707358474	-0.0168978057208	0.00535389034385	-0.0291866765827	-0.0284404852408	-0.0463128392098	-0.0660371550259	-0.0737843475432	0.000683605088561	-0.0463476789128	0.0127601174749	-0.0500680696352	0.0147560889483	0.0220851288835	-0.0199308215455
k__Bacteria;p__Bacteroidetes;c__Bacteroidia;o__Bacteroidales;f__Rikenellaceae;g__Alistipes;s__Alistipes_finegoldii	-0.0184557822093	0.0119370127836	-0.010478150187	0.0167449012362	-0.0584650126917	0.0167237910927	0.0127113743357	-0.0144025348913	1.0	-0.0292098828219	-0.00255448299232	0.0345808762176	-0.0281031212603	0.0461202193551	0.00194091513433	0.0168070320875	0.0704738920236	-0.0205976726773	0.030890987103	-0.0245476344768	-0.0219337923694	-0.00233241339474	-0.0722823583452	0.00924610810562	-0.0260805712869	-0.044964395589	0.0115922091199	-0.0196289560721	-0.00842019383447	0.0368697736064	-0.0520879507226	-0.0126945550562	-0.059742907524	0.00634305779138	0.0195461124371	0.00590639402283	-0.0557502724978	0.0487870395758	-0.00561489472331	-0.00689182823078	-0.0447670978983	0.00275776723478	-0.0425568672046	-0.0322604114737	0.0137779681095	-0.00895399503905	0.0388729508023	0.0264677536954	-0.0324403631152	0.0544086815622	0.0529156499112	-0.00401747169979	-0.0425566485478	0.0212080445017	-0.0510290782359	-0.0202750580147	0.00241606375211	-0.0424686973056	-0.0496412279158
k__Bacteria;p__Bacteroidetes;c__Bacteroidia;o__Bacteroidales;f__Porphyromonadaceae;g__Parabacteroides;s__Parabacteroides_distasonis	0.00474836513788	0.0425561364044	0.011162745085	-0.0150207805792	-0.0933429251795	-0.019340744837	-0.0219025308871	0.0385474900212	-0.0292098828219	1.0	-0.0453146529148	-0.0636767869314	-0.0183630443217	-0.0274669009509	0.0132138861906	-0.0203223407759	-0.0121709076985	-0.0437710570395	-0.0190005725635	0.00239651766327	-0.0104449026113	0.0121378838465	-0.0292931316886	-0.0152055933839	0.0105332683754	0.0189891842761	-0.046372930321	-0.0373026420856	0.0315268551014	-0.0387136378457	-0.0101963746095	0.0469186318214	0.0043910486372	-0.00118287374357	-0.0318689880771	-0.0496844465817	-0.039340325184	0.0142947862409	-0.0220127790731	0.039390386235	-0.0047698304371	0.0570760177977	0.00158319715351	0.0280736672227	0.00774755526004	-0.074744488655	0.0617025513533	0.0119652677465	0.00997072932813	0.0178812473021	-0.06076791831	-0.0259222230807	-0.012558095676	-0.00386822691166	0.0660429201955	-0.0299277827857	-0.0334197542003	0.0481593377366	0.0273978992351
k__Bacteria;p__Bacteroidetes;c__Bacteroidia;o__Bacteroidales;f__Bacteroidaceae;g__Bacteroides;s__Bacteroides_thetaiotaomicron	0.00130690256746	-0.0697956818935	0.067491268606	-0.0512196878598	0.00753018501358	0.0164324855663	-0.0228937953897	-0.0615894932372	-0.00255448299232	-0.0453146529148	1.0	-0.0479799972156	-0.0649648463208	0.0188603783796	0.0218008793518	0.0449965536487	-0.00890208186741	-0.00416897931287	-0.0125621017611	0.0279585438607	-0.00121053435643	-0.0210484333791	0.0163876895415	0.000365204515422	0.0205946126946	-0.0263872192311	0.00493383342154	0.0328065669821	0.0348768935281	0.0249817610277	-0.0464470538333	0.0306873163447	0.024496183683	0.0114691982864	-0.0295064136338	-0.0588472060948	0.00882164639244	0.0125578442049	-0.0232325529743	0.00391911164328	0.00949255649822	-0.0251241411919	-0.0237175528709	-0.0249549343849	0.0186132147477	-0.0608775893761	-0.0253694986331	-0.0312263631607	-0.0319541977344	-0.0326979372279	-0.0612228478823	5.19784033687e-05	0.0832269246354	-0.0469848986595	0.00680468078613	0.0411546434032	-0.0425388089352	-0.0460512300862	-0.00669511104668
k__Bacteria;p__Bacteroidetes;c__Bacteroidia;o__Bacteroidales;f__Bacteroidaceae;g__Bacteroides;s__Bacteroides_coprocola	0.00704008382742	-0.047143525928	-0.0344305556836	-0.013286311774	0.0238558887958	-0.0519094521522	-0.0163694391933	-0.00824349457869	0.0345808762176	-0.0636767869314	-0.0479799972156	1.0	-0.0323855604808	0.000681127791432	0.0100353062564	-0.0161287433426	0.016541644323	-0.0438105819363	-0.000516134992756	-0.0400231498662	8.59147871595e-05	0.00274338835462	-0.01153895516	-0.0174924956771	-0.0218036353436	-0.0410619351544	0.0214298874772	0.0208530380897	-0.00103597957964	0.016228948375	-0.0469721815336	-0.0194309026667	-0.0287516507654	-0.0221142319226	-0.0497331564088	0.0362550020612	-0.0251324663825	-0.0100900297128	-0.0111355566347	-0.0172149051431	-0.0102282232462	-0.0179525005994	-0.0322673706033	-0.0336926294134	-0.0260862547148	-0.0134540390321	0.0253546524026	0.0551007679724	0.0156234476782	-0.0280411403382	0.0464992484502	0.0203307206508	-0.0743481322546	-0.00922200031058	0.00504553869226	-0.0300079237669	0.0258942290117	-0.0744815068458	0.0441698189981
k__Bacteria;p__Bacteroidetes;c__Bacteroidia;o__Bacteroidales;f__Bacteroidaceae;g__Bacteroides;s__Bacteroides_cellulosilyticus	0.017083687114	-0.0161565379599	0.0241569199543	0.0050279920169	-0.0146469187847	-0.00022505240793	-0.00498058287733	-0.0105712627399	-0.0281031212603	-0.0183630443217	-0.0649648463208	-0.0323855604808	1.0	-0.0145859158653	-0.0668550213635	0.0125738968906	0.0166654197118	0.0365902984688	0.0139326701543	-0.0103398505059	-0.0221856173617	-0.0720176681264	-0.0246718450673	0.0158693190807	0.0260481785005	0.0133772726746	0.00214169861253	-0.00808672806454	-0.0585579576129	0.00283650421178	-0.0111758165833	-0.0891219010528	-0.0296632690916	0.00967242698992	-0.010205682488	-0.00871709404921	-0.00346862854602	0.0172024717616	0.0190185310862	-0.0270664753698	-0.0208028701103	0.00544607490793	0.00816607415563	-0.0436476432731	0.019048320187	-0.0107331741838	0.0547437721583	-0.0335065625804	-0.047592417775	-0.022098490215	0.00989277475782	-0.07213133994	0.0231574103683	-0.0734424607336	-0.0202218489918	0.0181266986955	0.00960412372817	-0.0309926125217	0.000437850298794
k__Bacteria;p__Bacteroidetes;c__Bacteroidia;o__Bacteroidales;f__Rikenellaceae;g__Alistipes;s__Alistipes_obesi	-0.0144932122788	0.0300506597075	0.0161640770138	-0.00565835015216	0.0215020189272	0.0220930264867	0.0256711987385	-0.00150573778765	0.0461202193551	-0.0274669009509	0.0188603783796	0.000681127791432	-0.0145859158653	1.0	-0.0238353503642	-0.0187184739241	0.0718979450307	0.0100026913393	-0.0439286038221	0.0234294076288	-0.0544155690964	-0.0243130908322	0.0933493546475	-0.0272135313923	0.015867306824	-0.0408573756086	-0.0304928169368	-0.0251219243386	-0.0335977360396	-0.0336534757093	-0.0204218639745	0.0212730880206	-0.0326977595454	-0.00407168008075	-0.0757664333663	0.0106546735103	0.0423862059077	-0.0625111195176	-0.00500857581993	0.0138693274333	0.00328111923966	0.00480790557079	-0.0349841380488	0.022120174224	-0.0188862546849	0.00844151133428	0.0940800717092	-0.0185756548216	0.0178416060306	-0.00685348588964	-0.0257631565325	-0.0033449979965	-0.0321646205523	-0.0669678793779	0.012606796269	0.0396951774471	0.0436528372748	-0.0109861691137	-0.0369224271272
k__Bacteria;p__Firmicutes;c__Clostridia;o__Clostridiales;f__Lachnospiraceae;g__;s__[Eubacterium]_rectale	0.0250052781159	-0.0349228580811	0.00449789858264	-0.0350272416589	-0.00434357876545	-0.0260176969624	0.0167063949226	-4.23258812031e-05	0.00194091513433	0.0132138861906	0.0218008793518	0.0100353062564	-0.0668550213635	-0.0238353503642	1.0	0.0225966179162	0.0164709623698	0.0139557159367	-0.072194511037	-0.0553844098163	0.025368642884	-0.0243691726393	-0.015772168651	-0.0016147690175	0.0538808467973	0.0317512227611	-0.0413124134859	0.00440408505396	0.0620805076323	-0.00499990884234	-0.0998964509641	-0.0371320206844	-0.0325794409302	-0.0409862552052	0.0489505550356	-0.000820882682311	-0.0235091238266	0.0301303440801	-0.0230475150446	-0.00725809674519	-0.0422959131447	0.0705915767327	0.00269233817083	-0.00292183986306	-0.0234083488643	0.02530679269	-0.089413362551	0.0105333405535	-0.00220417991678	-0.0525472489607	-0.00808527166821	-0.00974427623939	0.00670280306912	-0.00449718392598	-0.0652698555519	-0.0335107737806	-0.0132214148751	-0.0374945162662	-0.0365536698676
k__Bacteria;p__Bacteroidetes;c__Bacteroidia;o__Bacteroidales;f__Bacteroidaceae;g__Bacteroides;s__Bacteroides_plebeius	-0.0711067241463	0.0226970230829	-0.0205194948889	-0.0385309338994	-0.0350842090252	0.00732955423734	-0.0421606819954	0.0579641540943	0.0168070320875	-0.0203223407759	0.0449965536487	-0.0161287433426	0.0125738968906	-0.0187184739241	0.0225966179162	1.0	-0.0311858912322	0.0177181297374	-0.0199880284305	-0.00876536296959	-0.0224460789073	0.000824874130088	-0.0363867034162	0.00110686898582	0.0179951074132	0.0220751730479	-0.00637841989192	0.00679358148006	-0.0308657934732	0.0128988052483	0.0184069234202	0.0146898964821	0.0139072076012	0.0163815634269	-0.120430646764	-0.0189085119769	-0.00597328326063	0.0118515873466	-0.0335480832685	0.0283478272587	-0.0103800078844	-0.0558572529688	0.0404236895896	-0.0382119353109	0.0139614543846	-0.0640021323482	0.0140365834235	0.0144300465116	0.0233888403758	0.0189311683417	0.00733668933688	-0.012112007407	-0.00672634713701	-0.0160905406119	-0.026528803988	-0.0572252735177	0.0303693464551	-0.0224993753235	0.00980456099482
k__Bacteria;p__Bacteroidetes;c__Bacteroidia;o__Bacteroidales;f__Bacteroidaceae;g__Bacteroides;s__Bacteroides_fragilis	-0.00631131527901	0.0377976869851	-0.0212752481794	0.0162201441443	0.0473941387153	-0.0182834440424	-0.0563655144379	0.0171056649355	0.0704738920236	-0.0121709076985	-0.00890208186741	0.016541644323	0.0166654197118	0.0718979450307	0.0164709623698	-0.0311858912322	1.0	-0.0375156883375	0.0303644339496	-0.0156562509332	0.01889702758	-0.018303807144	-0.0856958422976	0.0378268019868	0.00314603392266	-0.000958990117893	-0.0192526739363	-0.0307841644498	-0.0301946773623	0.00164665287747	-0.00738254145656	-0.0397822501291	-0.0606661321149	0.0531530009564	0.0357076380023	-0.0335841724574	-0.0219063794934	-0.0391284223179	0.0495259846721	0.0175674693959	0.0669098341983	-0.0478269444727	0.0322888547056	0.0150528928812	9.96916151587e-05	0.00309100617057	0.0182672773801	-0.00580444297276	-0.0160613311155	0.0584232819554	-0.0320725528963	-0.00126181860338	-0.021413351197	-0.0583737301024	-0.0708520750839	-0.0231486505679	-0.0439047283252	-0.0802402618124	0.00712280289227
k__Bacteria;p__Proteobacteria;c__Betaproteobacteria;o__Burkholderiales;f__Sutterellaceae;g__Sutterella;s__Sutterella_wadsworthensis	-0.0279734332907	0.00350100330907	-0.0882485025897	-0.000668167908459	-0.0691735536505	-0.045419085727	0.0247872338712	0.0789899388993	-0.0205976726773	-0.0437710570395	-0.00416897931287	-0.0438105819363	0.0365902984688	0.0100026913393	0.0139557159367	0.0177181297374	-0.0375156883375	1.0	-0.0258148981774	0.00872533558858	0.0156433861782	0.0102400624783	-0.0421432293087	0.0123091876105	-0.0496137392456	0.00228096370099	-0.0129901971135	-0.0215728943745	0.0163440079071	0.0166739407655	-0.0837148903851	0.0195830494559	0.0680263630256	-0.0559764296115	-0.0450720324164	-0.0119259921317	-0.0251037968956	-0.0218048682074	-0.0117036487961	0.0189397386664	0.0139852266584	-0.00766635966231	0.00536863627571	0.00712796806552	0.00661918035337	0.0438202572811	-0.0109191334612	0.0245684362776	0.00179583379434	-0.064030311861	0.00767635726786	-0.0283393230311	0.0576113288784	-0.0288543279725	-0.0430957336581	-0.0399230772346	-0.00805076400298	-0.0726857644092	0.0173680509766
k__Bacteria;p__Bacteroidetes;c__Bacteroidia;o__Bacteroidales;f__Porphyromonadaceae;g__Barnesiella;s__Barnesiella_intestinihominis	-0.0425588695144	-0.0219513082163	-0.0344261096356	-0.00536973045714	-0.0277880951057	-0.0306718601833	-0.0253658504458	-0.030884562874	0.030890987103	-0.0190005725635	-0.0125621017611	-0.000516134992756	0.0139326701543	-0.0439286038221	-0.072194511037	-0.0199880284305	0.0303644339496	-0.0258148981774	1.0	-0.0377055296916	0.0569607455278	0.0184939150403	0.00608363294035	0.033207935314	0.0139453801488	-0.0798081989813	-0.0189632935712	-0.0352644517256	0.00283000611376	-0.0197136326308	0.025605630391	0.00960853760605	-0.0463020441462	-0.0281353539294	0.0574849764472	0.0153355444177	0.0505356715701	0.0382366675311	-0.0119714509093	0.0220076986597	0.0423416945037	-0.0289197945136	-0.0418167930848	0.0318480951973	-0.0576273813611	-0.0129146341646	0.00666486236424	-0.0452511482884	0.0387178174151	0.00308206799019	-0.0504265763533	-0.052300887073	-0.0391852510398	-0.0283857398299	0.0586517293591	0.0746331921862	-0.033506026399	0.0197000777689	0.0258499755311
k__Bacteria;p__Bacteroidetes;c__Bacteroidia;o__Bacteroidales;f__Odoribacteraceae;g__Odoribacter;s__Odoribacter_splanchnicus	-0.0304554199063	0.00466553231765	0.0320540549236	-0.0522247940802	0.0364537071723	-0.0033380405456	-0.0279724383052	-0.00443470530389	-0.0245476344768	0.00239651766327	0.0279585438607	-0.0400231498662	-0.0103398505059	0.0234294076288	-0.0553844098163	-0.00876536296959	-0.0156562509332	0.00872533558858	-0.0377055296916	1.0	0.00498325497762	0.00706410805144	0.0160046033883	0.025899289869	-0.0203168155348	-0.00620847669612	-0.0287475667398	0.043353984293	0.0342801226939	-0.0555718313946	0.00471576739323	0.0474995242109	-0.0175326250999	0.0127191943432	0.0251355214086	-0.0221255972534	-0.0728036547247	-0.0332420352735	-0.0188501451661	-0.0136075922609	-0.011855658157	-0.00538714350025	0.0680761604854	0.0298464055875	-0.0495660407656	-0.0290350601036	-0.0266706124217	-0.0673708319564	-0.0069082879401	-0.0278467571277	-0.0301312714202	0.0356202594512	0.026937130888	0.0128091003912	-0.000372038086173	-0.0246445523103	0.0685862609688	-0.00275827993598	-0.0072709786486
k__Bacteria;p__Bacteroidetes;c__Bacteroidia;o__Bacteroidales;f__Bacteroidaceae;g__Bacteroides;s__Bacteroides_salyersiae	-0.0465255943734	-0.0478009691372	-0.0421494360722	-0.0283558843267	0.0215638415937	-0.0222501500884	0.00845735894287	0.00693740195378	-0.0219337923694	-0.0104449026113	-0.00121053435643	8.59147871595e-05	-0.0221856173617	-0.0544155690964	0.025368642884	-0.0224460789073	0.01889702758	0.0156433861782	0.0569607455278	0.00498325497762	1.0	0.0130907907008	-0.0310409482081	-0.0538677726498	0.00380981879097	0.0691767954856	-0.0132057605114	-0.0372254817565	0.0027225999432	0.0495526478893	-0.0138116543278	-0.00546819913544	0.0370015470033	-0.0286846053744	-0.052732955028	-0.0244668231332	0.0525918322213	-0.0427017489395	0.022787399036	0.0170643998581	-0.000295811060055	0.00506214819084	-0.0429623485033	0.00697812708518	0.0037866637271	-0.0161816870467	-0.0703326546523	0.0347454768508	-0.00934725630946	-0.010017103855	-0.0352639705546	0.00525393491401	-0.00853475012045	0.0192393949329	-0.000748725958242	-0.0631429850229	0.0277983256715	-0.0466928369591	-0.0550771673877
k__Bacteria;p__Firmicutes;c__Clostridia;o__Clostridiales;f__Ruminococcaceae;g__Ruminiclostridium;s__[Eubacterium]_siraeum	0.0231340348129	0.00721667232796	0.0427462775595	-0.0287270302487	-0.0562330185311	0.0311645421282	0.0113185597424	-0.0146794592995	-0.00233241339474	0.0121378838465	-0.0210484333791	0.00274338835462	-0.0720176681264	-0.0243130908322	-0.0243691726393	0.000824874130088	-0.018303807144	0.0102400624783	0.0184939150403	0.00706410805144	0.0130907907008	1.0	-0.00358341089732	-0.00243049344111	-0.0137751306926	0.0338801184401	-0.0249604543904	0.0531411848097	0.0110400260358	-0.0110839489504	0.0457834144837	0.00878797739896	-0.0298494539807	-0.00819409140878	-0.0247252227317	0.0128125305003	-0.0636915737738	-0.00413577088285	-0.0423999523688	0.000529331627198	-0.0159475921555	-0.0333854090539	0.0237869075659	-0.0478223888868	0.0291150924528	0.070949052711	-0.03282720913	-0.000887622596588	0.0270485258596	-0.0202006959872	0.0146844800703	-0.00424170103228	-0.0327810072487	-0.0179753298642	-0.00478381214716	-0.0759369445974	-0.053669237953	0.0327785353246	0.00356037499882
k__Bacteria;p__Proteobacteria;c__Betaproteobacteria;o__Burkholderiales;f__Sutterellaceae;g__Parasutterella;s__Parasutterella_excrementihominis	0.0433387117383	-0.0298582275154	-0.00428803735055	-0.0109837977077	0.0258537619802	-0.0211149656199	0.0136667020421	-0.0924613651172	-0.0722823583452	-0.0292931316886	0.0163876895415	-0.01153895516	-0.0246718450673	0.0933493546475	-0.015772168651	-0.0363867034162	-0.0856958422976	-0.0421432293087	0.00608363294035	0.0160046033883	-0.0310409482081	-0.00358341089732	1.0	-0.0320339035113	0.00953215514128	-0.00871763033938	0.00741405747649	-0.0688767768045	-0.0269562732664	-0.0232558421525	-0.0127294832251	0.00823839818975	-0.0189724293298	-0.0442203766275	-0.00396359241779	-0.0492482530101	-0.00226313641496	0.0390981136818	0.00567038354767	0.0451577308761	-0.0370695265684	-0.00478304684102	0.0271599051991	0.0300449589444	-0.00208508388485	0.000476517302627	0.0293090595973	-0.0244097905037	-0.0128095346477	-0.0374932259962	0.0125875405205	-0.0526217865916	0.0295291611514	-0.0510707902116	0.0120034808741	-0.0116893065046	-0.00814467067201	0.0229805400147	-0.0476059130732
k__Bacteria;p__Actinobacteria;c__Actinobacteria;o__Bifidobacteriales;f__Bifidobacteriaceae;g__Bifidobacterium;s__Bifidobacterium_adolescentis	-0.0166619941466	-0.014587899717	-0.00764658409622	0.0394325553623	-0.0374430781305	-0.0546332774534	0.024575698413	-0.0319030909205	0.00924610810562	-0.0152055933839	0.000365204515422	-0.0174924956771	0.0158693190807	-0.0272135313923	-0.0016147690175	0.00110686898582	0.0378268019868	0.0123091876105	0.033207935314	0.025899289869	-0.0538677726498	-0.00243049344111	-0.0320339035113	1.0	-0.024447382298	-0.0269200212238	-0.0594459586832	0.0242236090377	-0.0229745526234	-0.0336469718046	-0.0466814290198	-0.0133501249188	0.00806273160179	-0.053515614707	0.0220141950739	-0.0350148239572	-0.0295745373274	-0.0269908867564	-0.0170312800475	0.00522996132442	-0.00162605954936	-0.0253125171513	-0.0497155517855	-0.00515582419261	0.00443949536038	-0.0362514932375	-0.000696830832764	-0.018357888811	-0.0141157415771	0.0286668756136	0.00307072586054	-0.03447072866	-0.0308986355975	-0.0421353667205	-0.100858442075	-0.000937244511694	0.00304694185178	0.0758755047449	0.00980444784583
k__Bacteria;p__Firmicutes;c__Clostridia;o__Clostridiales;f__Oscillospiraceae;g__Oscillibacter;s__Oscillibacter_sp._KLE_1745	0.0207255533172	-0.00884879669557	0.0225020812544	-0.0336446402172	-0.00362253408572	0.0241009443309	-0.0363466474933	-0.0290367525039	-0.0260805712869	0.0105332683754	0.0205946126946	-0.0218036353436	0.0260481785005	0.015867306824	0.0538808467973	0.0179951074132	0.00314603392266	-0.0496137392456	0.0139453801488	-0.0203168155348	0.00380981879097	-0.0137751306926	0.00953215514128	-0.024447382298	1.0	0.0518199912569	-0.0559675429527	0.0101695323543	-0.0174233373722	-0.000875100810641	-0.00949938659881	0.0431672827485	0.0470512220067	-0.0349053528408	-0.051399115337	0.0393219986283	-0.013789611392	-0.0639334792762	0.0523785023347	-0.0674665421155	0.0140220239554	0.00830181941768	-0.0285134469437	-0.0232169857704	0.0154636080853	-0.0315794910881	0.0409079731936	-0.0311543978724	-0.00138127942252	0.0138119565261	-0.0485960402912	-0.0131517612251	-0.0302685605906	0.0391131504989	-0.0017040862052	-0.0249805589951	-0.0935313495343	0.00068598385283	0.0217767894899
k__Bacteria;p__Bacteroidetes;c__Bacteroidia;o__Bacteroidales;f__Bacteroidaceae;g__Bacteroides;s__Bacteroides_coprophilus	-0.0124796511869	-0.0376214551707	-0.00133753837159	0.0108005172908	0.0630688941239	-0.0217821754835	0.0497708877258	0.00941631823212	-0.044964395589	0.0189891842761	-0.0263872192311	-0.0410619351544	0.0133772726746	-0.0408573756086	0.0317512227611	0.0220751730479	-0.000958990117893	0.00228096370099	-0.0798081989813	-0.00620847669612	0.0691767954856	0.0338801184401	-0.00871763033938	-0.0269200212238	0.0518199912569	1.0	-0.0460100661864	-0.00404849094558	0.0210781815533	-0.0396822450005	0.0175238769567	0.0205100910224	-0.0596947498956	-0.00522892409572	-0.0416804002776	0.0509001691054	0.00129794441432	-0.00797494903584	0.0321127467409	0.0228178395839	-0.0443815717645	0.0215775696289	-0.00051701259473	-0.0289095912083	-0.00410666429994	-0.0324190618013	0.0173380317597	0.043942231864	-0.0418148326681	-0.00929542266387	-0.0261943857857	-0.00487874108167	-0.0223622367249	0.0085348350524	0.0113494096946	0.0163275306103	-0.00449611970392	0.023449115795	0.00254169039306
k__Bacteria;p__Firmicutes;c__Clostridia;o__Clostridiales;f__Lachnospiraceae;g__Roseburia;s__Roseburia_intestinalis	0.0281897917729	0.0497801146723	-0.0157315542403	-0.0319184489408	-0.0793291458534	0.0466976829786	0.0260979861095	-0.0148685657423	0.0115922091199	-0.046372930321	0.00493383342154	0.0214298874772	0.00214169861253	-0.0304928169368	-0.0413124134859	-0.00637841989192	-0.0192526739363	-0.0129901971135	-0.0189632935712	-0.0287475667398	-0.0132057605114	-0.0249604543904	0.00741405747649	-0.0594459586832	-0.0559675429527	-0.0460100661864	1.0	-0.0381562913905	-0.0455344297215	0.0274735791892	0.0167877485897	-0.0251108352003	-0.0208938910861	-0.0300256660293	0.0141151741704	0.0390729710807	0.0504760902526	-0.00242756763676	0.0189063142629	-0.0673419280447	0.0184182430336	-0.0482263693778	-0.0181812084569	-0.0313732542314	-0.00292000591935	0.0211327609746	0.0019689088691	-0.0379863715704	-0.0172978222827	0.0526855454368	-0.00250360162793	-0.021309801735	0.00168446189755	0.0518865330805	-0.0288979093166	-0.0487592010251	0.0165987021805	-0.0216787188915	-0.00305648885165
k__Bacteria;p__Firmicutes;c__Clostridia;o__Clostridiales;f__Lachnospiraceae;g__Roseburia;s__Roseburia_hominis	0.0117941096839	0.018336609496	-0.057021630142	0.030281825539	-0.0167365693867	-0.0746644109654	-0.0270869392907	0.02354334373	-0.0196289560721	-0.0373026420856	0.0328065669821	0.0208530380897	-0.00808672806454	-0.0251219243386	0.00440408505396	0.00679358148006	-0.0307841644498	-0.0215728943745	-0.0352644517256	0.043353984293	-0.0372254817565	0.0531411848097	-0.0688767768045	0.0242236090377	0.0101695323543	-0.00404849094558	-0.0381562913905	1.0	-0.00666642698053	0.00957724619159	-0.0184934904155	0.0457813953613	-0.0783428222766	0.0289769615697	0.0232205267159	0.015014451561	-0.0201094346096	0.00303776129912	0.0320619776343	-0.0144966100831	0.00226752177532	-0.0152664393182	0.0298569904409	-0.0527229831938	0.0151450912393	-0.0597766117422	-0.0537073877598	0.00964094488833	-0.0370531489593	-0.0884424774014	-0.00324113999995	-0.030019681503	0.013955782187	0.00611779951165	0.000627856656727	0.0170067296081	0.049777229441	-0.0557061129155	0.00390582349054
k__Bacteria;p__Bacteroidetes;c__Bacteroidia;o__Bacteroidales;f__Porphyromonadaceae;g__Parabacteroides;s__Parabacteroides_johnsonii	-0.0451051487398	0.0188002775985	0.0201069172436	-0.0337734243653	-0.044852560571	-0.0200879305652	0.0028344258069	0.0217319631274	-0.00842019383447	0.0315268551014	0.0348768935281	-0.00103597957964	-0.0585579576129	-0.0335977360396	0.0620805076323	-0.0308657934732	-0.0301946773623	0.0163440079071	0.00283000611376	0.0342801226939	0.0027225999432	0.0110400260358	-0.0269562732664	-0.0229745526234	-0.0174233373722	0.0210781815533	-0.0455344297215	-0.00666642698053	1.0	0.0113690694619	-0.0197940671239	0.000530992322419	-0.0422678951834	-0.000208219968739	-0.0940255817208	-0.0146896840108	-0.0250388631048	-0.0193138854464	0.0331887804741	-0.0110239924822	-0.00247277207981	-0.00133864472636	-0.051152266833	-0.000242992803652	-0.054085680847	0.0293304584062	-0.00850609616787	-0.0549057851702	-0.0282807523731	-0.0340670422066	-0.0174508124184	-0.0690549147203	-0.0249506834453	0.00650743389915	-0.00454458240424	0.0163841764344	-0.0469535662254	0.0171718754046	0.0446304708322
k__Bacteria;p__Actinobacteria;c__Actinobacteria;o__Bifidobacteriales;f__Bifidobacteriaceae;g__Bifidobacterium;s__Bifidobacterium_longum	-0.0374677572891	0.00220502846473	0.044759433617	-0.0603404607566	-0.0225222408677	-0.00623408433885	-0.000939512519201	-0.0687650156476	0.0368697736064	-0.0387136378457	0.0249817610277	0.016228948375	0.00283650421178	-0.0336534757093	-0.00499990884234	0.0128988052483	0.00164665287747	0.0166739407655	-0.0197136326308	-0.0555718313946	0.0495526478893	-0.0110839489504	-0.0232558421525	-0.0336469718046	-0.000875100810641	-0.0396822450005	0.0274735791892	0.00957724619159	0.0113690694619	1.0	0.00164349764586	0.00532409132473	0.0145755050868	-0.0178623393809	-0.0137830989071	-0.0679845087958	-0.0200197851679	-0.00898820162773	-0.0338461570927	0.0432174985347	0.0822253433392	-0.0503115319927	-0.0137856590639	-0.0669138720067	0.0298768802582	-0.0732020190739	-0.00589994740551	0.0413757953321	0.0766575616037	-0.00808028507032	0.0299977045387	-0.0361185486835	0.0257488309869	-0.00493532344368	-0.0152990833377	-0.0332719973262	0.0113132172578	0.032888069684	-0.000227440748303
