#taxonomy	k__Bacteria;p__Bacteroidetes;c__Bacteroidia;o__Bacteroidales;f__Bacteroidaceae;g__Bacteroides;s__Bacteroides_vulgatus	k__Bacteria;p__Bacteroidetes;c__Bacteroidia;o__Bacteroidales;f__Bacteroidaceae;g__Bacteroides;s__Bacteroides_uniformis	k__Bacteria;p__Bacteroidetes;c__Bacteroidia;o__Bacteroidales;f__Rikenellaceae;g__Alistipes;s__Alistipes_putredinis	k__Bacteria;p__Bacteroidetes;c__Bacteroidia;o__Bacteroidales;f__Prevotellaceae;g__Prevotella;s__Prevotella_copri	k__Bacteria;p__Bacteroidetes;c__Bacteroidia;o__Bacteroidales;f__Bacteroidaceae;g__Bacteroides;s__Bacteroides_stercoris	k__Bacteria;p__Bacteroidetes;c__Bacteroidia;o__Bacteroidales;f__Bacteroidaceae;g__Bacteroides;s__Bacteroides_ovatus	k__Bacteria;p__Bacteroidetes;c__Bacteroidia;o__Bacteroidales;f__Rikenellaceae;g__Alistipes;s__Alistipes_shahii	k__Bacteria;p__Firmicutes;c__Clostridia;o__Clostridiales;f__Ruminococcaceae;g__Faecalibacterium;s__Faecalibacterium_prausnitzii	k__Bacteria;p__Bacteroidetes;c__Bacteroidia;o__Bacteroidales;f__Rikenellaceae;g__Alistipes;s__Alistipes_finegoldii	k__Bacteria;p__Bacteroidetes;c__Bacteroidia;o__Bacteroidales;f__Porphyromonadaceae;g__Parabacteroides;s__Parabacteroides_distasonis	k__Bacteria;p__Bacteroidetes;c__Bacteroidia;o__Bacteroidales;f__Bacteroidaceae;g__Bacteroides;s__Bacteroides_thetaiotaomicron	k__Bacteria;p__Bacteroidetes;c__Bacteroidia;o__Bacteroidales;f__Bacteroidaceae;g__Bacteroides;s__Bacteroides_coprocola	k__Bacteria;p__Bacteroidetes;c__Bacteroidia;o__Bacteroidales;f__Bacteroidaceae;g__Bacteroides;s__Bacteroides_cellulosilyticus	k__Bacteria;p__Bacteroidetes;c__Bacteroidia;o__Bacteroidales;f__Rikenellaceae;g__Alistipes;s__Alistipes_obesi	k__Bacteria;p__Firmicutes;c__Clostridia;o__Clostridiales;f__Lachnospiraceae;g__;s__[Eubacterium]_rectale	k__Bacteria;p__Bacteroidetes;c__Bacteroidia;o__Bacteroidales;f__Bacteroidaceae;g__Bacteroides;s__Bacteroides_plebeius	k__Bacteria;p__Bacteroidetes;c__Bacteroidia;o__Bacteroidales;f__Bacteroidaceae;g__Bacteroides;s__Bacteroides_fragilis	k__Bacteria;p__Proteobacteria;c__Betaproteobacteria;o__Burkholderiales;f__Sutterellaceae;g__Sutterella;s__Sutterella_wadsworthensis	k__Bacteria;p__Bacteroidetes;c__Bacteroidia;o__Bacteroidales;f__Porphyromonadaceae;g__Barnesiella;s__Barnesiella_intestinihominis	k__Bacteria;p__Bacteroidetes;c__Bacteroidia;o__Bacteroidales;f__Odoribacteraceae;g__Odoribacter;s__Odoribacter_splanchnicus	k__Bacteria;p__Bacteroidetes;c__Bacteroidia;o__Bacteroidales;f__Bacteroidaceae;g__Bacteroides;s__Bacteroides_salyersiae	k__Bacteria;p__Firmicutes;c__Clostridia;o__Clostridiales;f__Ruminococcaceae;g__Ruminiclostridium;s__[Eubacterium]_siraeum	k__Bacteria;p__Proteobacteria;c__Betaproteobacteria;o__Burkholderiales;f__Sutterellaceae;g__Parasutterella;s__Parasutterella_excrementihominis	k__Bacteria;p__Actinobacteria;c__Actinobacteria;o__Bifidobacteriales;f__Bifidobacteriaceae;g__Bifidobacterium;s__Bifidobacterium_adolescentis	k__Bacteria;p__Firmicutes;c__Clostridia;o__Clostridiales;f__Oscillospiraceae;g__Oscillibacter;s__Oscillibacter_sp._KLE_1745	k__Bacteria;p__Bacteroidetes;c__Bacteroidia;o__Bacteroidales;f__Bacteroidaceae;g__Bacteroides;s__Bacteroides_coprophilus	k__Bacteria;p__Firmicutes;c__Clostridia;o__Clostridiales;f__Lachnospiraceae;g__Roseburia;s__Roseburia_intestinalis	k__Bacteria;p__Firmicutes;c__Clostridia;o__Clostridiales;f__Lachnospiraceae;g__Roseburia;s__Roseburia_hominis	k__Bacteria;p__Bacteroidetes;c__Bacteroidia;o__Bacteroidales;f__Porphyromonadaceae;g__Parabacteroides;s__Parabacteroides_johnsonii	k__Bacteria;p__Actinobacteria;c__Actinobacteria;o__Bifidobacteriales;f__Bifidobacteriaceae;g__Bifidobacterium;s__Bifidobacterium_longum	k__Bacteria;p__Firmicutes;c__Clostridia;o__Clostridiales;f__;g__Flavonifractor;s__Flavonifractor_plautii	k__Bacteria;p__Firmicutes;c__Clostridia;o__Clostridiales;f__Clostridiaceae;g__Clostridium;s__Clostridium_phoceensis	k__Bacteria;p__Verrucomicrobia;c__Verrucomicrobiae;o__Verrucomicrobiales;f__Akkermansiaceae;g__Akkermansia;s__Akkermansia_muciniphila	k__Bacteria;p__Bacteroidetes;c__Bacteroidia;o__Bacteroidales;f__Prevotellaceae;g__Paraprevotella;s__Paraprevotella_xylaniphila	k__Bacteria;p__Firmicutes;c__Clostridia;o__Clostridiales;f__Ruminococcaceae;g__Ruminococcus;s__Ruminococcus_callidus	k__Bacteria;p__Bacteroidetes;c__Bacteroidia;o__Bacteroidales;f__Rikenellaceae;g__Alistipes;s__Alistipes_senegalensis	k__Bacteria;p__Firmicutes;c__Clostridia;o__Clostridiales;f__Lachnospiraceae;g__Blautia;s__Blautia_sp._KLE_1732	k__Bacteria;p__Bacteroidetes;c__Bacteroidia;o__Bacteroidales;f__Bacteroidaceae;g__Bacteroides;s__Bacteroides_oleiciplenus	k__Bacteria;p__Firmicutes;c__Clostridia;o__Clostridiales;f__Ruminococcaceae;g__Ruminococcus;s__Ruminococcus_bicirculans	k__Bacteria;p__Bacteroidetes;c__Bacteroidia;o__Bacteroidales;f__Bacteroidaceae;g__Bacteroides;s__Bacteroides_fluxus	k__Bacteria;p__Bacteroidetes;c__Bacteroidia;o__Bacteroidales;f__Prevotellaceae;g__Prevotella;s__Prevotella_stercorea	k__Bacteria;p__Firmicutes;c__Clostridia;o__Clostridiales;f__Lachnospiraceae;g__Dorea;s__Dorea_longicatena	k__Bacteria;p__Firmicutes;c__Clostridia;o__Clostridiales;f__Eubacteriaceae;g__Eubacterium;s__[Eubacterium]_eligens	k__Bacteria;p__Firmicutes;c__Clostridia;o__Clostridiales;f__Ruminococcaceae;g__;s__Ruminococcaceae_bacterium_D16	k__Bacteria;p__Firmicutes;c__Clostridia;o__Clostridiales;f__Lachnospiraceae;g__Coprococcus;s__Coprococcus_comes	k__Bacteria;p__Proteobacteria;c__Gammaproteobacteria;o__Enterobacterales;f__Enterobacteriaceae;g__Escherichia;s__Escherichia_coli	k__Bacteria;p__Firmicutes;c__Clostridia;o__Clostridiales;f__Ruminococcaceae;g__Anaerotruncus;s__Anaerotruncus_colihominis	k__Bacteria;p__Firmicutes;c__Clostridia;o__Clostridiales;f__Lachnospiraceae;g__Blautia;s__Blautia_obeum	k__Bacteria;p__Bacteroidetes;c__Bacteroidia;o__Bacteroidales;f__Odoribacteraceae;g__Odoribacter;s__Odoribacter_laneus	k__Bacteria;p__Firmicutes;c__Clostridia;o__Clostridiales;f__Ruminococcaceae;g__Ruminiclostridium;s__[Clostridium]_leptum	k__Bacteria;p__Bacteroidetes;c__Bacteroidia;o__Bacteroidales;f__Porphyromonadaceae;g__Parabacteroides;s__Parabacteroides_goldsteinii	k__Bacteria;p__Firmicutes;c__Clostridia;o__Clostridiales;f__Lachnospiraceae;g__Anaerostipes;s__Anaerostipes_hadrus	k__Bacteria;p__Firmicutes;c__Clostridia;o__Clostridiales;f__Ruminococcaceae;g__Ruminococcus;s__Ruminococcus_lactaris	k__Bacteria;p__Firmicutes;c__Clostridia;o__Clostridiales;f__Clostridiaceae;g__Clostridium;s__Clostridium_sp._L2-50	k__Bacteria;p__Firmicutes;c__Clostridia;o__Clostridiales;f__Clostridiaceae;g__Clostridium;s__Clostridium_sp._M62/1	k__Bacteria;p__Firmicutes;c__Clostridia;o__Clostridiales;f__;g__Intestinimonas;s__Intestinimonas_butyriciproducens	k__Bacteria;p__Actinobacteria;c__Actinobacteria;o__Bifidobacteriales;f__Bifidobacteriaceae;g__Bifidobacterium;s__Bifidobacterium_bifidum	k__Bacteria;p__Firmicutes;c__Negativicutes;o__Veillonellales;f__Veillonellaceae;g__Dialister;s__Dialister_invisus	k__Bacteria;p__Bacteroidetes;c__Bacteroidia;o__Bacteroidales;f__Bacteroidaceae;g__Bacteroides;s__Bacteroides_salanitronis
k__Bacteria;p__Bacteroidetes;c__Bacteroidia;o__Bacteroidales;f__Bacteroidaceae;g__Bacteroides;s__Bacteroides_vulgatus	1.0	-0.00144888238346	-0.00216155668995	0.00807112922029	-0.0267837405626	0.0423920623565	-0.0736964861257	-0.0041242797775	0.00896227534213	0.0335467468617	-0.00950042933421	-0.0320272311654	-0.0327733064343	-0.012344586846	0.048698648692	-0.00597264542101	-0.0036264546115	0.00277492325629	0.0503920466242	-0.0170761635385	0.0249003364315	-0.0214784802715	0.0407680670695	0.0154084927173	-0.0436816973334	0.027565805086	0.00103419476535	0.00248631766531	0.0311773092674	-0.00383302509482	0.015593684329	-0.0658283584719	0.0211571863744	-0.0713641536538	-0.0176930810322	0.0191428858053	-0.0527906268252	-0.0234643703119	-0.0630880608564	-0.0318318215664	0.00138151502123	-0.0133669841716	-0.00672906982564	-0.0114240614554	0.0215086095763	-0.00911513972654	0.0215585662329	0.0201674991279	-0.00558921535487	-0.00383766851251	-0.0336124063519	-0.00551253050171	0.0821756851515	-0.0248019281303	0.0444084311947	0.0221607069777	-0.0321061887061	0.00315103124978	0.00795763185292
k__Bacteria;p__Bacteroidetes;c__Bacteroidia;o__Bacteroidales;f__Bacteroidaceae;g__Bacteroides;s__Bacteroides_uniformis	-0.00144888238346	1.0	-0.00528694396104	-0.0378584598803	0.000684546920169	-0.0413867042344	-0.0679383067167	0.0145041946602	-0.0274247985241	-0.0384745868777	0.021659527219	0.00417012272719	0.0218504573371	-0.0191779794729	-0.0158426519369	0.00976663744006	-0.00211602610622	-0.0221819389302	0.0135777280787	-0.0602398585836	-0.0270008256215	-0.0446372672643	-0.058554184014	0.00498670474401	-0.0324750785768	-0.0101460814026	0.0515283634712	0.0238620648474	-0.00498942562797	0.0173616360418	-0.0652629574129	-0.00611954234453	-0.0067543286353	-0.00317937843539	0.00430068151522	-0.045744548374	-0.0403755818013	-0.00459048038603	-0.0456939731732	0.0159234003303	-0.0203517254064	-0.0210100578628	-0.00692866499539	0.0132776668147	0.0247090777603	-0.0196231756937	-0.0483213220372	-0.0143561434015	-0.0406511772903	-0.0258846978167	0.0148405774249	-0.00698969887416	0.0186738914481	0.0349142150332	-0.0511104137633	0.00962479414456	-0.0349734638082	0.0295593472507	0.0422153098319
k__Bacteria;p__Bacteroidetes;c__Bacteroidia;o__Bacteroidales;f__Rikenellaceae;g__Alistipes;s__Alistipes_putredinis	-0.00216155668995	-0.00528694396104	1.0	-0.00153317665368	0.044251251337	0.000108844129065	0.0118213491995	0.0346223330746	-0.0138534060042	-0.0203830341435	-0.0219339406219	0.0353373996644	-0.0685964981687	0.0372746168791	0.0211671941665	-0.00902276722109	0.0247595339985	-0.0647658086639	-0.0196642802207	-0.0388565728031	0.0468984764064	0.0208208927109	-0.0203031584556	0.0599988474538	0.0188946551238	-0.0378536583348	-0.0169876960859	-0.0171599932726	-0.0488005561408	0.0545408037744	-0.00290267561341	-0.0397771274629	0.0108173643182	-0.0315881469848	0.0181263780273	-0.0620963140737	-0.00172278330784	0.0220453430462	0.0116753388072	0.0294694455485	-0.0357389409312	-0.0292911952089	0.0018777984985	0.0272310102074	0.0154762455821	0.01559356186	-0.0224299090296	-0.0548462544144	-0.0134114049652	0.000595199273817	-0.00880038079528	-0.0032655690213	-0.0780547976397	0.00448205261216	-0.0413143285139	0.0159668588146	-0.00612219258334	0.00562397103248	-0.00668103799066
k__Bacteria;p__Bacteroidetes;c__Bacteroidia;o__Bacteroidales;f__Prevotellaceae;g__Prevotella;s__Prevotella_copri	0.00807112922029	-0.0378584598803	-0.00153317665368	1.0	-0.0205415634151	-0.059851928118	0.0082686403441	-0.0252780199453	-0.034743753415	-0.00789383669985	0.0388794685602	-0.0721337610123	-0.0120544316075	-0.0134583215779	-0.0132672620169	-0.0642225008353	0.0149656253502	0.0100054422648	0.00418809071434	0.0857563739182	-0.0311110431488	0.0123466394078	0.0267969272206	0.0537291430244	-0.0597425755837	-0.0521547910953	-0.00977595554097	0.0451544603997	0.00525907404852	0.00452691389536	-0.0171776373504	-0.0712779124464	-0.018608813876	0.0321241667005	0.0443822271211	-0.0694911727723	-0.0363767899065	0.00753667007745	0.00806426427174	0.0482741332174	-0.0889967348039	0.0369281030832	-0.00875773510073	-0.0415142623273	0.0342169412963	0.0610528540222	-0.102355269695	-0.0115521298044	-0.0175363071336	0.0270578609967	-0.0265015174288	-0.0822635635545	-0.0126857399519	0.0310828135194	0.00640959839533	0.0179877130627	-0.0290069405853	0.0708681196093	-0.00361883166546
k__Bacteria;p__Bacteroidetes;c__Bacteroidia;o__Bacteroidales;f__Bacteroidaceae;g__Bacteroides;s__Bacteroides_stercoris	-0.0267837405626	0.000684546920169	0.044251251337	-0.0205415634151	1.0	-0.0113162042423	-0.00855216476292	-0.0358035939019	0.050730742151	-0.0326861334056	-0.0122233006056	-0.0301072934262	-0.0252883456506	-0.0230463282942	-0.034911674629	0.00651664094496	0.00574189683857	0.0357634204733	-0.0238245625545	-0.0497677906589	-0.0195549617698	0.00984033023221	0.00744266332734	-0.0403691534548	-0.00385375194549	0.0358525150882	-0.0258802686261	-0.0377040604235	-0.00912687564224	-0.0468884715295	0.0579084961955	0.0906554371084	0.0240662927758	-0.0135264645137	0.0071723250912	0.0798392878665	0.0500736273572	0.0196748573823	0.0715429268604	0.00457805450586	-0.013625208754	-0.0265318934443	-0.0684432313794	-0.0209552117926	-0.0666706536145	0.056990057846	0.0285575770223	-0.0782696557109	-0.0322746805714	0.00918158956056	-0.0123797725744	0.0297829805148	-0.020735493277	-0.029734566643	-0.0247042241245	-0.0155411863456	-0.041589813544	-0.0470514581698	-0.00102693491436
k__Bacteria;p__Bacteroidetes;c__Bacteroidia;o__Bacteroidales;f__Bacteroidaceae;g__Bacteroides;s__Bacteroides_ovatus	0.0423920623565	-0.0413867042344	0.000108844129064	-0.059851928118	-0.0113162042423	1.0	-0.0478932202231	-0.0237841320014	0.0578357321951	0.0746021018034	-0.0262198316889	0.0337110939884	-0.00153032119228	-0.0526192630047	0.00678759114698	-0.0123087456834	-0.00981318090378	-0.0278615154823	0.0399554781277	-0.0108785620891	-0.00220959608188	0.0316686339261	-0.0216270246057	-0.0298579056984	0.00416859780977	-0.00836442964376	0.0221926683779	-0.0551748667168	-0.00471535447255	-0.0493183781007	-0.0724224518175	-0.0197889739598	0.00293538955832	0.0034476005464	-0.0149731757353	-0.0299408029831	-6.10614659442e-05	-0.0317360345491	-0.00384828028601	0.0409350672038	-0.0561333127926	-0.0306734572822	-0.0351675111652	0.0178247741698	-0.0386863222834	-0.0101168177057	0.0324071415401	-0.05183172788	-0.0198791952469	-0.0567345170476	-0.0347672292145	0.0112878111809	0.00301604324557	-0.0208341968814	0.011966338174	0.01781711882	-0.000112873038671	0.0178604820762	-0.00979740519785
k__Bacteria;p__Bacteroidetes;c__Bacteroidia;o__Bacteroidales;f__Rikenellaceae;g__Alistipes;s__Alistipes_shahii	-0.0736964861257	-0.0679383067167	0.0118213491995	0.0082686403441	-0.00855216476292	-0.0478932202231	1.0	-0.00482616873608	-0.00325858063715	0.0217849542765	-0.000305332548391	-0.0228167389928	0.0465651023792	0.0133304137723	-0.00577198465642	0.003844989125	-0.0576851135506	0.036052802431	-0.00867832889906	-0.118538871028	-0.0434742253466	0.0360905207668	-0.0110383233683	0.00131063103506	0.0503829019957	0.023786155592	-0.0387693999684	-0.0187914019554	0.000693505948322	-0.0045095773274	0.044111266459	0.00807708983899	-0.015620269606	-0.000264541405271	-0.00829023197147	0.0406793588142	-0.00186405368742	-0.018147325315	-0.0246040608214	0.0190329057059	-0.0455604087852	-0.00782614390719	-0.00854256083634	0.00585007664609	-0.0470323275413	-0.0284343287111	0.00407835661486	-0.0656575529928	0.00263627977372	-0.0468724360749	-0.0108596960314	0.0215286259785	-0.0511488641756	-0.0376006452884	-0.0284607483055	-0.0807328954928	0.0227872341832	-0.0285508694239	0.0309639252373
k__Bacteria;p__Firmicutes;c__Clostridia;o__Clostridiales;f__Ruminococcaceae;g__Faecalibacterium;s__Faecalibacterium_prausnitzii	-0.0041242797775	0.0145041946602	0.0346223330746	-0.0252780199453	-0.0358035939019	-0.0237841320014	-0.00482616873608	1.0	-0.0737285129957	-0.00539804811647	0.0294941547965	0.0422083579722	0.00973079570028	-0.0447469328802	-0.0124938243149	0.000709108097764	-0.0445978820755	-0.0130253402323	0.00769648464294	0.00329053903692	-0.00873788378232	-0.0303517803166	0.0124056561659	0.010807811858	-0.026985765846	0.000715310043858	0.0234230487872	0.0144722374057	0.0697065617347	0.0633388104204	-0.0263828287293	-0.031604092357	-0.0565560927226	-0.069729028648	0.0366860945074	-0.0171036592368	0.0312873686731	-0.0283709859439	0.0175654798479	-0.000366709387254	0.00728501354603	-0.00736152237354	-0.00866968849937	0.000284698924293	0.0233681878091	-0.00510391212826	-0.00916775440173	0.0202478545064	-0.010339660354	-0.0142760111316	0.0412983367951	-0.0642878441794	-0.0147917535352	0.0145772511502	-0.0079092215686	-0.034807020569	-0.0298256208799	-0.0543659485282	0.0111854647306
k__Bacteria;p__Bacteroidetes;c__Bacteroidia;o__Bacteroidales;f__Rikenellaceae;g__Alistipes;s__Alistipes_finegoldii	0.00896227534213	-0.0274247985241	-0.0138534060042	-0.034743753415	0.050730742151	0.0578357321951	-0.00325858063715	-0.0737285129957	1.0	0.00832676694336	0.0132288486146	0.0322153548998	0.0235381694334	-0.00172635597697	-0.00753132084211	-0.0215208643171	0.0182603666282	0.0524363322396	-0.0162776065026	0.0115651835706	-0.013299059023	0.0367457007518	-0.0558361761976	-0.0385075145487	0.0369971614304	-0.0252156697474	-0.0298823066091	-0.00996419323781	0.00164863716922	-0.0487076880732	-0.0555526503021	-0.0464252162846	0.024625136032	-0.0564225447518	0.00703080641234	0.00931528781861	-0.00717941401629	-0.0317946102475	0.027929626676	0.00323718422442	0.0400261762889	-0.0191647320467	-0.0195864786911	-0.0366594902654	0.0368892652317	-0.0346903848594	-0.010531577919	-0.0239318853665	-0.042615580268	-0.00499953078947	0.0129965545335	-0.0441920161263	-0.0441140545537	-0.0257022475013	0.0482250414123	0.00243814729049	-0.00234204920694	-0.00870944155273	0.0013671581112
k__Bacteria;p__Bacteroidetes;c__Bacteroidia;o__Bacteroidales;f__Porphyromonadaceae;g__Parabacteroides;s__Parabacteroides_distasonis	0.0335467468617	-0.0384745868777	-0.0203830341435	-0.00789383669985	-0.0326861334056	0.0746021018034	0.0217849542765	-0.00539804811647	0.00832676694336	1.0	-0.0123478000461	-0.0725030248898	-0.0108330429323	0.0195874858871	0.0031325357986	0.00550601884837	-0.0463404406861	0.0169834996024	0.0221349317396	0.0667391091999	-0.0426481143942	-0.0857804295397	-0.053112655764	-0.0238166474067	-0.0232138084648	0.0243737655925	0.00995802595482	-0.0449416298504	0.00663337265879	-0.00368947089483	0.0161835233795	0.0125801807148	-0.00575875006874	0.019405004431	-0.00424503698449	-0.0172695346738	-0.0718550754091	-0.0313668742265	0.0164573787231	-0.0650032382676	0.0197673878931	0.01513311091	-0.0263430036654	-0.0432188457445	-0.0146821086161	-0.00733555264371	0.0158268137006	-0.0681326978535	-0.0357113568206	-0.00682843084586	0.075614761304	0.0213677412747	0.00572911080721	0.0286755604318	-0.00582581728962	0.0415544236517	-0.0887876262748	-0.0330362499658	-0.0145803934283
k__Bacteria;p__Bacteroidetes;c__Bacteroidia;o__Bacteroidales;f__Bacteroidaceae;g__Bacteroides;s__Bacteroides_thetaiotaomicron	-0.00950042933421	0.021659527219	-0.0219339406219	0.0388794685602	-0.0122233006056	-0.0262198316889	-0.000305332548391	0.0294941547965	0.0132288486146	-0.0123478000461	1.0	-0.017857421661	-0.0400980952454	0.0053439747268	-0.0108296160481	0.00224648468448	0.0128840936014	0.000245197030414	0.00681180803613	0.0192476248603	-0.0237498576952	-0.0234225387556	-0.0355147266927	-0.00543063338989	-0.00972022991992	-0.0166002200066	-0.0096884708751	0.0324826972771	-0.0334640799597	0.0141583348519	-0.0201639698413	-0.0107568343137	-0.0476875426972	0.014759883054	0.0154678672868	0.0128128315201	-0.0124679105677	0.00864621991263	0.026271570092	-0.000450562371216	-0.0345301604524	0.0155329382371	-0.00733797675415	0.0101741540117	0.0394768100246	-0.015576573615	0.0206813816377	0.0129686729728	0.0437320884662	0.0486948637871	-0.0343503721438	-0.0197937363957	0.0161383039078	0.00210765863493	-0.0318528184538	-0.010576599406	-0.0112130986413	0.0315883183744	-0.0422485476813
k__Bacteria;p__Bacteroidetes;c__Bacteroidia;o__Bacteroidales;f__Bacteroidaceae;g__Bacteroides;s__Bacteroides_coprocola	-0.0320272311654	0.00417012272719	0.0353373996644	-0.0721337610123	-0.0301072934262	0.0337110939884	-0.0228167389928	0.0422083579722	0.0322153548998	-0.0725030248898	-0.017857421661	1.0	0.00386874075649	-0.0271308539469	-0.0775080951245	0.0292910600788	0.0435199339728	-0.0322766923944	0.0319843455644	-0.0468313336061	-0.036512206033	-0.00828020785223	0.0150552637479	0.00312515768388	-0.041074424342	-0.0723336717272	-0.0414545943584	0.00686434402382	-0.047261124054	-0.023194967283	0.00155509755867	0.046476890093	0.0308249485352	-0.0291745789275	0.0351972204998	0.00347664091689	0.0814740306012	-0.0519064349219	0.00594821729683	0.0382772269348	-0.024549159504	0.0539983586812	0.0524844020456	-0.0297301158594	-0.00449044919978	0.034559626992	-0.0142967207444	0.0153328163899	0.00752343030637	-0.0523374737629	0.0348454527167	0.0155821691538	-0.0896353564239	-0.0512866916918	-0.0764403026654	-0.00426957903076	0.074609236054	-0.0248188148305	-0.0566577768444
k__Bacteria;p__Bacteroidetes;c__Bacteroidia;o__Bacteroidales;f__Bacteroidaceae;g__Bacteroides;s__Bacteroides_cellulosilyticus	-0.0327733064343	0.0218504573371	-0.0685964981687	-0.0120544316075	-0.0252883456506	-0.00153032119228	0.0465651023792	0.00973079570028	0.0235381694334	-0.0108330429323	-0.0400980952454	0.00386874075649	1.0	-0.0206243751752	-0.0892802984087	0.0618796242333	-0.0667574724109	0.00734626450689	-0.0439342902051	0.0752381266622	-0.0250516278068	0.0156068379083	0.0144392145762	-0.0371943489449	-0.00960046838228	-0.0156565503629	0.00615033099321	-0.0500291444523	-0.0406263060156	0.0165452844296	-0.0131141033552	-0.0312842345747	-0.0150132454029	-0.00345249252291	0.020601349009	0.0226131837415	0.0283980729537	0.0169418359846	-0.0488151173083	-0.0238371187427	0.0135575655136	-0.0198044128256	-0.01009839952	-0.0123184243632	-0.032632591968	-0.0058287335528	0.0200038897934	0.00110575504353	0.0425204431374	-0.0773125705841	0.00376142445444	-0.000327463225577	-0.0398299638609	0.0119166177588	-0.00834875884275	-0.00972297611728	0.0190660052387	-0.0329132863535	-0.037905624891
k__Bacteria;p__Bacteroidetes;c__Bacteroidia;o__Bacteroidales;f__Rikenellaceae;g__Alistipes;s__Alistipes_obesi	-0.012344586846	-0.0191779794729	0.0372746168791	-0.0134583215779	-0.0230463282942	-0.0526192630047	0.0133304137723	-0.0447469328802	-0.00172635597697	0.0195874858871	0.0053439747268	-0.0271308539469	-0.0206243751752	1.0	0.00531630943422	0.0309970864705	0.00285168880972	-0.0275536489081	-0.0258219429998	-0.00461576187471	0.0186430701809	0.000610012286014	0.0789452724093	0.0499557384033	0.0325716527083	0.0631085179096	0.035084304266	-0.0496995016901	0.0160742752553	-0.0360237216562	-0.0145221109789	-0.0553907142479	-0.0191241489119	-0.040800398617	0.0211578676497	-0.0172348594794	-0.00800080172984	-0.00842957271725	0.0565943965134	0.0602805600986	0.00642940668887	-0.00593765360398	0.0486548699588	0.00461537028565	-0.0281979415702	-0.0283895016451	0.0467692599825	-0.0333343838647	-0.047823979916	-0.0110696287128	-0.0722456679583	-0.0259013810244	-0.0391241072927	-0.0421416550781	0.00444115149688	-0.0102646262027	0.0563881179636	-0.0298411308472	-0.0184192963972
k__Bacteria;p__Firmicutes;c__Clostridia;o__Clostridiales;f__Lachnospiraceae;g__;s__[Eubacterium]_rectale	0.048698648692	-0.0158426519369	0.0211671941665	-0.0132672620169	-0.034911674629	0.00678759114698	-0.00577198465642	-0.0124938243149	-0.00753132084211	0.0031325357986	-0.0108296160481	-0.0775080951245	-0.0892802984087	0.00531630943422	1.0	-0.0243400667063	0.0107176777155	-0.0167191782535	0.0177957060255	-0.0483887439806	-0.0431413865854	0.00355458987817	-0.0509717241138	0.0225118466234	-0.0259640490266	0.0104789888934	0.0365218130826	-0.0344075617326	-0.0108617411076	-0.0188610339359	-0.0108305652196	0.0724508545686	-0.0216929764936	-0.0580736161842	-0.0204720763471	0.0170188317648	0.0056343647298	0.014102834233	-0.00454952670468	-0.0181380393592	0.0143045762109	-0.0426832129523	0.0442300552671	0.0223325934434	-0.0297583133671	-0.00218346412881	-0.0432052526749	-0.0427661045032	-0.0463398062227	-0.0142122259916	-0.0205989024637	-0.0309418109859	-0.035523838897	0.0705059266923	0.0466764708948	-0.0238928841165	-0.0349614676364	0.00448347823022	0.0426822641824
k__Bacteria;p__Bacteroidetes;c__Bacteroidia;o__Bacteroidales;f__Bacteroidaceae;g__Bacteroides;s__Bacteroides_plebeius	-0.00597264542101	0.00976663744006	-0.00902276722109	-0.0642225008353	0.00651664094496	-0.0123087456834	0.003844989125	0.000709108097764	-0.0215208643171	0.00550601884837	0.00224648468448	0.0292910600788	0.0618796242333	0.0309970864705	-0.0243400667063	1.0	0.0590708167275	0.00386161675466	-0.00769485203218	-0.0329556459029	-0.0198312153239	-0.0324216733849	0.0214037464099	0.00136049434781	0.0186071628643	-0.0200009307416	-0.0327023495154	-0.0303104831201	-0.020079966564	-0.0336366986602	-0.0179628948499	-0.0077361010676	5.32196268704e-05	-0.00495170200686	0.0323124319871	0.0198834085685	-0.0184854210018	-0.00467970472217	-0.00482133417477	-0.0351138916428	0.0233346941979	-0.0353407821259	-0.0695536880026	0.0425447743993	-0.00587198431434	-0.0518247917073	0.0308997838538	0.0126758062196	-0.0038180093923	-0.00468909966531	-0.0477086926045	-0.0176065302959	0.0325791444566	0.0303632189585	0.00047268867734	-0.0230137419935	-0.018209132877	0.0117298502993	-0.0371301091298
k__Bacteria;p__Bacteroidetes;c__Bacteroidia;o__Bacteroidales;f__Bacteroidaceae;g__Bacteroides;s__Bacteroides_fragilis	-0.0036264546115	-0.00211602610622	0.0247595339985	0.0149656253502	0.00574189683857	-0.00981318090378	-0.0576851135506	-0.0445978820755	0.0182603666282	-0.0463404406861	0.0128840936014	0.0435199339728	-0.0667574724109	0.00285168880972	0.0107176777155	0.0590708167275	1.0	-0.0786007874195	0.0600216189047	0.0354238565516	0.0297916892006	-0.0219616558918	0.0130324783328	-0.055195808454	-0.00198597545259	-0.00806723460174	-0.013197794241	0.0356524421139	-0.0631691111569	-0.0219929959075	0.0290120645039	-0.00325405116634	0.0426214517392	0.0838961453499	-0.0279876437518	-0.0329203617705	-0.0382771821945	-0.0412014104427	-0.0510503518396	0.0584226319544	0.0395263766548	-0.0754645451492	-0.0331771358254	-0.0440673060264	0.0322583003557	0.0350272542934	0.00436668784671	-0.053665046534	-0.0488779020988	0.0043600373503	0.0110926879692	-0.030324412206	-0.00306248009354	0.00703159753229	0.00828372777322	0.00719219296553	-0.0240114125531	0.0320470289153	0.0107069165609
k__Bacteria;p__Proteobacteria;c__Betaproteobacteria;o__Burkholderiales;f__Sutterellaceae;g__Sutterella;s__Sutterella_wadsworthensis	0.00277492325629	-0.0221819389302	-0.0647658086639	0.0100054422648	0.0357634204733	-0.0278615154823	0.036052802431	-0.0130253402323	0.0524363322396	0.0169834996024	0.000245197030414	-0.0322766923944	0.00734626450689	-0.0275536489081	-0.0167191782535	0.00386161675466	-0.0786007874195	1.0	-0.0191023013541	-0.0351060472187	-0.0130063845057	0.0261895071654	0.00182379124472	-0.0166237711563	-0.0371228832173	-0.00689657474667	-0.032481715717	0.0413782670633	-0.0201330603334	0.0233899519205	-0.0284003759478	0.0015688485402	0.00381184556892	0.00995162141895	-0.0186550699758	0.0139541579226	-0.0466350528261	-0.0633110439196	0.0399445750586	-0.0178702815974	-0.0354868744467	0.00409171128024	-0.0120330336857	-0.032717244813	-0.0333583274114	0.0151490873575	0.0166448226886	0.0719470087888	-0.0340498670841	-0.0365172036884	-0.0225506319283	-0.00489229116779	-0.0223674850633	0.00716060849344	0.0365535663602	-0.0175397031559	-0.0139623118412	-0.0225194600458	-0.0149917301534
k__Bacteria;p__Bacteroidetes;c__Bacteroidia;o__Bacteroidales;f__Porphyromonadaceae;g__Barnesiella;s__Barnesiella_intestinihominis	0.0503920466242	0.0135777280787	-0.0196642802207	0.00418809071434	-0.0238245625545	0.0399554781277	-0.00867832889906	0.00769648464294	-0.0162776065026	0.0221349317396	0.00681180803613	0.0319843455644	-0.0439342902051	-0.0258219429998	0.0177957060255	-0.00769485203218	0.0600216189047	-0.0191023013541	1.0	-0.0201394208173	0.0603373653583	-0.000246020494931	0.00647112856602	0.053761969137	-0.0664000112578	-0.00923539783547	0.0273889014712	-0.0218791304306	-0.0680629724955	-0.00515343794525	-0.0425139640033	-0.013947458843	-0.0138207894252	0.00269443608016	-0.0197561545612	0.0194745152419	0.0199269777274	-0.00527355340402	-0.00778318569875	-0.049585390812	-0.0137881113958	-0.0501333481608	0.00734303729004	-0.0115338771615	-0.00503300260033	-0.110853075114	-0.0451176280183	-0.0049845539434	0.0120247169109	0.0412067257497	-0.0117355987339	-0.00932411111732	0.00998985031136	0.00283175070275	-0.0473554026702	-0.0263451919627	0.0495965910678	0.0080190925766	0.0363377372825
k__Bacteria;p__Bacteroidetes;c__Bacteroidia;o__Bacteroidales;f__Odoribacteraceae;g__Odoribacter;s__Odoribacter_splanchnicus	-0.0170761635385	-0.0602398585836	-0.0388565728031	0.0857563739182	-0.0497677906589	-0.0108785620891	-0.118538871028	0.00329053903692	0.0115651835706	0.0667391091999	0.0192476248603	-0.0468313336061	0.0752381266622	-0.00461576187471	-0.0483887439806	-0.0329556459029	0.0354238565516	-0.0351060472187	-0.0201394208173	1.0	-0.0116250776302	-0.0124158510227	0.0273404420868	-0.0245206736035	-0.00578249763852	-0.0393177550633	0.0506383713765	0.045669813611	-0.0471953022587	-0.015511878271	0.00929685973681	-0.00767867629624	0.0424573437827	0.00339143649731	0.0192820198015	0.00578807391981	0.0182063271036	0.0173810261477	0.0389848498333	-0.0529440809464	-0.0612841755346	-0.024059180393	0.0575234211248	0.0322381518534	-0.038498125018	0.0260469337623	-0.027572466919	-0.0368384562555	0.00905834003591	0.0264465625852	0.0106413902555	-0.0720669533794	-0.00766973537012	-0.046372028097	-0.0325469311023	0.0118963758003	-0.037593118187	-0.00402990292234	0.00676638979599
k__Bacteria;p__Bacteroidetes;c__Bacteroidia;o__Bacteroidales;f__Bacteroidaceae;g__Bacteroides;s__Bacteroides_salyersiae	0.0249003364315	-0.0270008256215	0.0468984764064	-0.0311110431488	-0.0195549617698	-0.00220959608188	-0.0434742253466	-0.00873788378232	-0.013299059023	-0.0426481143942	-0.0237498576952	-0.036512206033	-0.0250516278068	0.0186430701809	-0.0431413865854	-0.0198312153239	0.0297916892006	-0.0130063845057	0.0603373653583	-0.0116250776302	1.0	-0.0595007550357	0.00531723813337	-0.00853826657099	-0.0197602913418	-0.0249922766001	-0.0196760351846	-0.0142044660868	-0.0397488840965	-0.032103451247	-0.00294029219539	-0.041532346724	0.0211796459361	-0.0173649178826	0.0409799166255	-0.0105346311712	-0.0634385891419	-0.00483428365463	-0.0568941351518	-0.0122714734128	-0.0377812866605	0.0298303503115	0.00300556342194	0.0321796537563	-0.0264118802911	-0.0116694055012	-0.0279571326656	-0.019071668868	0.0392729043684	-0.0546474574095	0.0193486037571	-0.00618821177982	0.0214835527451	-0.0352705609365	-0.00516633521226	0.0659514202027	-0.0333317666292	0.0211512783329	0.0401549224639
k__Bacteria;p__Firmicutes;c__Clostridia;o__Clostridiales;f__Ruminococcaceae;g__Ruminiclostridium;s__[Eubacterium]_siraeum	-0.0214784802715	-0.0446372672643	0.0208208927109	0.0123466394078	0.00984033023221	0.0316686339261	0.0360905207668	-0.0303517803166	0.0367457007518	-0.0857804295397	-0.0234225387556	-0.00828020785223	0.0156068379083	0.000610012286014	0.00355458987817	-0.0324216733849	-0.0219616558918	0.0261895071654	-0.000246020494931	-0.0124158510227	-0.0595007550357	1.0	0.025870512102	-0.0592871998675	-0.0199964621508	-0.0600910173837	-0.0344499805419	0.0358474337714	-0.0234501966118	-0.0117939851735	-0.0189958184232	0.0321753735735	0.0354708058295	-0.0365073648744	0.0459412127588	0.00924746170119	-0.000788681818234	0.0384737598765	-0.0150436011102	-0.0232235151655	-0.0148164175096	-0.0103737987981	0.028598420565	-0.0525215121802	-0.0180053389287	-0.0223829271507	-0.0665415419444	-0.00593475042726	-0.0184374860302	-0.0328901765244	-0.0149284106705	0.028871922362	0.0504738209513	0.0465902748383	-0.0123038546937	-0.0420641475811	0.01316720607	-0.00805872033249	0.0357593480524
k__Bacteria;p__Proteobacteria;c__Betaproteobacteria;o__Burkholderiales;f__Sutterellaceae;g__Parasutterella;s__Parasutterella_excrementihominis	0.0407680670695	-0.058554184014	-0.0203031584556	0.0267969272206	0.00744266332734	-0.0216270246057	-0.0110383233683	0.0124056561659	-0.0558361761976	-0.053112655764	-0.0355147266927	0.0150552637479	0.0144392145762	0.0789452724093	-0.0509717241138	0.0214037464099	0.0130324783328	0.00182379124472	0.00647112856602	0.0273404420868	0.00531723813337	0.025870512102	1.0	0.00972047581548	-0.0365330688484	-0.0263613605638	0.055004190587	-0.0215654074386	0.0193548493073	-0.0369661986099	0.0150127044447	-0.0232047392606	0.0256618637788	-0.00275190538769	-0.0178052343579	-0.0325869945179	0.037068068111	-0.006973118049	-0.0299450457912	-0.0135518189494	-0.0180098358279	-0.0129729914181	-0.0268730142328	-0.0144927641216	-0.0355270537292	-0.0101074815076	-0.00043982310996	0.0332248233403	-0.0149859838094	0.0598740807235	-0.0157215148707	3.25652036501e-05	-0.0534894760434	-0.0243415792528	-0.0109298609281	-0.0190106519115	0.00527141629322	-0.0323817273357	0.0552382514521
k__Bacteria;p__Actinobacteria;c__Actinobacteria;o__Bifidobacteriales;f__Bifidobacteriaceae;g__Bifidobacterium;s__Bifidobacterium_adolescentis	0.0154084927173	0.00498670474401	0.0599988474538	0.0537291430244	-0.0403691534548	-0.0298579056984	0.00131063103506	0.010807811858	-0.0385075145487	-0.0238166474067	-0.00543063338989	0.00312515768388	-0.0371943489449	0.0499557384033	0.0225118466234	0.00136049434781	-0.055195808454	-0.0166237711563	0.053761969137	-0.0245206736035	-0.00853826657099	-0.0592871998675	0.00972047581548	1.0	-0.0192988257913	0.0259627866304	0.0181380189834	-0.0215999820273	0.00968149696922	-0.0261972859761	0.0163890043625	-0.0170879780353	0.0351837240373	0.00441681393878	0.0422996298429	-0.0924142952707	-0.0336712346875	-0.0134890570442	-0.0258080644361	0.052424692138	-0.00565426903551	-0.00290316901584	-0.045786390266	-0.0595736323763	-0.00700884412947	-0.0699862926629	-0.0119141705793	0.0272628793892	0.0442912667349	-0.0206858699381	-0.0489725225917	-0.0155336921066	0.00114629017006	0.0403395298064	-0.0483538156758	-0.0173502373077	0.0135183111259	-0.0169043317232	-0.0425772878708
k__Bacteria;p__Firmicutes;c__Clostridia;o__Clostridiales;f__Oscillospiraceae;g__Oscillibacter;s__Oscillibacter_sp._KLE_1745	-0.0436816973334	-0.0324750785768	0.0188946551238	-0.0597425755837	-0.00385375194549	0.00416859780977	0.0503829019957	-0.026985765846	0.0369971614304	-0.0232138084648	-0.00972022991992	-0.041074424342	-0.00960046838228	0.0325716527083	-0.0259640490266	0.0186071628643	-0.00198597545259	-0.0371228832173	-0.0664000112578	-0.00578249763852	-0.0197602913418	-0.0199964621508	-0.0365330688484	-0.0192988257913	1.0	-0.0120030586841	0.0218391393011	-0.001492717886	-0.0337975751968	-0.0302425952224	0.0193566950883	-0.0247853015339	0.030189013196	0.00759271278118	-0.0278405776908	-0.060266256847	-0.021928057212	-0.0125820006259	0.00827076423903	0.000551181145926	-0.0129179226368	0.0618650311116	-0.00903879719259	-0.0219817928399	0.00955519377301	0.0337415317239	0.0119555097749	-0.0417760982838	0.0310511218182	0.0238564362118	0.0175193094755	0.0304479917652	-0.0193103132974	0.0317294532945	0.0154916407649	-0.02563460969	0.0477723922002	-0.0011858891767	-0.0151480789692
k__Bacteria;p__Bacteroidetes;c__Bacteroidia;o__Bacteroidales;f__Bacteroidaceae;g__Bacteroides;s__Bacteroides_coprophilus	0.027565805086	-0.0101460814026	-0.0378536583348	-0.0521547910953	0.0358525150882	-0.00836442964376	0.023786155592	0.000715310043858	-0.0252156697474	0.0243737655925	-0.0166002200066	-0.0723336717272	-0.0156565503629	0.0631085179096	0.0104789888934	-0.0200009307416	-0.00806723460174	-0.00689657474667	-0.00923539783547	-0.0393177550633	-0.0249922766001	-0.0600910173837	-0.0263613605638	0.0259627866304	-0.0120030586841	1.0	0.00214437525949	-0.0790485638094	0.000788079557713	0.062158747364	0.0118863990581	0.0393439018956	-0.0488813948596	0.00680791245874	-0.00576582118879	0.00438284651043	-0.0356436790482	0.0513421441646	0.0346513956028	-0.0140823075134	0.0193051770197	-0.0263539600969	-0.053133449273	-0.0238225077559	-0.0267161147422	-0.00303691246574	-0.0119699151549	0.0653117015763	0.0405315511527	-0.000612230366155	0.00344454615158	-0.0107234128025	0.0239940233816	0.0185484747283	0.0179756030911	-0.0393868380008	-0.0412462729808	-0.0193020297382	-0.0324927878124
k__Bacteria;p__Firmicutes;c__Clostridia;o__Clostridiales;f__Lachnospiraceae;g__Roseburia;s__Roseburia_intestinalis	0.00103419476535	0.0515283634712	-0.0169876960859	-0.00977595554097	-0.0258802686261	0.0221926683779	-0.0387693999684	0.0234230487872	-0.0298823066091	0.00995802595482	-0.0096884708751	-0.0414545943584	0.00615033099321	0.035084304266	0.0365218130826	-0.0327023495154	-0.013197794241	-0.032481715717	0.0273889014712	0.0506383713765	-0.0196760351846	-0.0344499805419	0.055004190587	0.0181380189834	0.0218391393011	0.00214437525949	1.0	-0.0510657311891	0.035251959782	-0.063211680535	-0.0583445658527	-0.0156200711773	0.0387761508801	0.0165157016917	-0.0444998459926	-0.0386662743697	-0.0185215091563	0.0102993581207	-0.00206389403253	-0.0373613739314	0.0388951358624	-0.0354116630491	0.0261757415429	0.0100336817435	0.0382782571256	-0.0051470413162	-0.0319286202332	-0.0406021538189	-0.0199667788048	-0.0580819200336	-0.00242682830231	-0.0199093812039	-0.0177494096142	-0.0242621151005	-0.0110113195932	-0.013659124912	-0.0727062137345	0.00258098086083	0.0286079811409
k__Bacteria;p__Firmicutes;c__Clostridia;o__Clostridiales;f__Lachnospiraceae;g__Roseburia;s__Roseburia_hominis	0.00248631766531	0.0238620648474	-0.0171599932726	0.0451544603997	-0.0377040604235	-0.0551748667168	-0.0187914019554	0.0144722374057	-0.00996419323781	-0.0449416298504	0.0324826972771	0.00686434402382	-0.0500291444523	-0.0496995016901	-0.0344075617326	-0.0303104831201	0.0356524421139	0.0413782670633	-0.0218791304306	0.045669813611	-0.0142044660868	0.0358474337714	-0.0215654074386	-0.0215999820273	-0.001492717886	-0.0790485638094	-0.0510657311891	1.0	0.0063609002724	-0.0292180190223	0.0167239650144	0.0372174702933	-0.0441363398711	0.031844136057	-0.0288421756742	-0.0572411062626	0.00913720922745	0.0351278046926	-0.0658263004094	-0.0531047969399	0.0128885800213	0.0156446367964	0.0885024543297	0.0106415293643	0.0203850371904	0.0106547856649	-0.0208765938197	-0.0152134617588	-0.0456278613571	-0.0291444360706	-0.0190659242909	-0.0294876352803	0.0769848880612	-0.00935663790772	0.00794385258608	-0.00132132978956	0.0356832127354	-0.00229750285124	0.0223305877293
k__Bacteria;p__Bacteroidetes;c__Bacteroidia;o__Bacteroidales;f__Porphyromonadaceae;g__Parabacteroides;s__Parabacteroides_johnsonii	0.0311773092674	-0.00498942562797	-0.0488005561408	0.00525907404852	-0.00912687564224	-0.00471535447255	0.000693505948322	0.0697065617347	0.00164863716922	0.00663337265879	-0.0334640799597	-0.047261124054	-0.0406263060156	0.0160742752553	-0.0108617411076	-0.020079966564	-0.0631691111569	-0.0201330603334	-0.0680629724955	-0.0471953022587	-0.0397488840965	-0.0234501966118	0.0193548493073	0.00968149696922	-0.0337975751968	0.000788079557713	0.035251959782	0.0063609002724	1.0	-0.0732411480685	-0.0147524048825	-0.00912582976231	0.0364564512759	-0.00783728751129	-0.0631089953154	0.000139010192626	-0.00961334987864	0.0145190939058	0.00233607539861	-0.0010089629994	0.024142424777	0.0211856162315	-0.0617014681438	-0.0442385773776	0.0904625727685	-0.0557461346003	-0.0045475693524	-0.00633477536936	0.00712969683189	0.0288681597451	-0.0705968463613	0.0248580200448	-0.0169493147547	0.00808678277364	0.0469565549531	-0.0355947981696	-0.0611653815386	-0.0328092892037	-0.00704040830337
k__Bacteria;p__Actinobacteria;c__Actinobacteria;o__Bifidobacteriales;f__Bifidobacteriaceae;g__Bifidobacterium;s__Bifidobacterium_longum	-0.00383302509482	0.0173616360418	0.0545408037744	0.00452691389536	-0.0468884715295	-0.0493183781007	-0.0045095773274	0.0633388104204	-0.0487076880732	-0.00368947089483	0.0141583348519	-0.023194967283	0.0165452844296	-0.0360237216562	-0.0188610339359	-0.0336366986602	-0.0219929959075	0.0233899519205	-0.00515343794525	-0.015511878271	-0.032103451247	-0.0117939851735	-0.0369661986099	-0.0261972859761	-0.0302425952224	0.062158747364	-0.063211680535	-0.0292180190223	-0.0732411480685	1.0	0.0371145788601	0.0117043880429	-0.128757549568	0.0114650847127	0.0141177266911	-0.0371327527469	0.0131812616851	0.0213217170564	-0.0118516532661	-0.0568695151543	-0.0733489065546	0.069989496372	-0.0101005460566	0.0201465445304	0.00884396460476	0.0304672878452	-0.0516778156147	0.0520430279953	0.0446022881491	-0.0122237617013	0.0230056893293	-0.00144359038539	-0.0198003861127	-0.0152998893247	0.00436681553314	-0.040676381217	-0.00365884700351	-0.000173231624947	0.0109592185931
