#taxonomy	k__Bacteria;p__Bacteroidetes;c__Bacteroidia;o__Bacteroidales;f__Bacteroidaceae;g__Bacteroides;s__Bacteroides_vulgatus	k__Bacteria;p__Bacteroidetes;c__Bacteroidia;o__Bacteroidales;f__Bacteroidaceae;g__Bacteroides;s__Bacteroides_uniformis	k__Bacteria;p__Bacteroidetes;c__Bacteroidia;o__Bacteroidales;f__Rikenellaceae;g__Alistipes;s__Alistipes_putredinis	k__Bacteria;p__Bacteroidetes;c__Bacteroidia;o__Bacteroidales;f__Prevotellaceae;g__Prevotella;s__Prevotella_copri	k__Bacteria;p__Bacteroidetes;c__Bacteroidia;o__Bacteroidales;f__Bacteroidaceae;g__Bacteroides;s__Bacteroides_stercoris	k__Bacteria;p__Bacteroidetes;c__Bacteroidia;o__Bacteroidales;f__Bacteroidaceae;g__Bacteroides;s__Bacteroides_ovatus	k__Bacteria;p__Bacteroidetes;c__Bacteroidia;o__Bacteroidales;f__Rikenellaceae;g__Alistipes;s__Alistipes_shahii	k__Bacteria;p__Firmicutes;c__Clostridia;o__Clostridiales;f__Ruminococcaceae;g__Faecalibacterium;s__Faecalibacterium_prausnitzii	k__Bacteria;p__Bacteroidetes;c__Bacteroidia;o__Bacteroidales;f__Rikenellaceae;g__Alistipes;s__Alistipes_finegoldii	k__Bacteria;p__Bacteroidetes;c__Bacteroidia;o__Bacteroidales;f__Porphyromonadaceae;g__Parabacteroides;s__Parabacteroides_distasonis	k__Bacteria;p__Bacteroidetes;c__Bacteroidia;o__Bacteroidales;f__Bacteroidaceae;g__Bacteroides;s__Bacteroides_thetaiotaomicron	k__Bacteria;p__Bacteroidetes;c__Bacteroidia;o__Bacteroidales;f__Bacteroidaceae;g__Bacteroides;s__Bacteroides_coprocola	k__Bacteria;p__Bacteroidetes;c__Bacteroidia;o__Bacteroidales;f__Bacteroidaceae;g__Bacteroides;s__Bacteroides_cellulosilyticus	k__Bacteria;p__Bacteroidetes;c__Bacteroidia;o__Bacteroidales;f__Rikenellaceae;g__Alistipes;s__Alistipes_obesi	k__Bacteria;p__Firmicutes;c__Clostridia;o__Clostridiales;f__Lachnospiraceae;g__;s__[Eubacterium]_rectale	k__Bacteria;p__Bacteroidetes;c__Bacteroidia;o__Bacteroidales;f__Bacteroidaceae;g__Bacteroides;s__Bacteroides_plebeius	k__Bacteria;p__Bacteroidetes;c__Bacteroidia;o__Bacteroidales;f__Bacteroidaceae;g__Bacteroides;s__Bacteroides_fragilis	k__Bacteria;p__Proteobacteria;c__Betaproteobacteria;o__Burkholderiales;f__Sutterellaceae;g__Sutterella;s__Sutterella_wadsworthensis	k__Bacteria;p__Bacteroidetes;c__Bacteroidia;o__Bacteroidales;f__Porphyromonadaceae;g__Barnesiella;s__Barnesiella_intestinihominis	k__Bacteria;p__Bacteroidetes;c__Bacteroidia;o__Bacteroidales;f__Odoribacteraceae;g__Odoribacter;s__Odoribacter_splanchnicus	k__Bacteria;p__Bacteroidetes;c__Bacteroidia;o__Bacteroidales;f__Bacteroidaceae;g__Bacteroides;s__Bacteroides_salyersiae	k__Bacteria;p__Firmicutes;c__Clostridia;o__Clostridiales;f__Ruminococcaceae;g__Ruminiclostridium;s__[Eubacterium]_siraeum	k__Bacteria;p__Proteobacteria;c__Betaproteobacteria;o__Burkholderiales;f__Sutterellaceae;g__Parasutterella;s__Parasutterella_excrementihominis	k__Bacteria;p__Actinobacteria;c__Actinobacteria;o__Bifidobacteriales;f__Bifidobacteriaceae;g__Bifidobacterium;s__Bifidobacterium_adolescentis	k__Bacteria;p__Firmicutes;c__Clostridia;o__Clostridiales;f__Oscillospiraceae;g__Oscillibacter;s__Oscillibacter_sp._KLE_1745	k__Bacteria;p__Bacteroidetes;c__Bacteroidia;o__Bacteroidales;f__Bacteroidaceae;g__Bacteroides;s__Bacteroides_coprophilus	k__Bacteria;p__Firmicutes;c__Clostridia;o__Clostridiales;f__Lachnospiraceae;g__Roseburia;s__Roseburia_intestinalis	k__Bacteria;p__Firmicutes;c__Clostridia;o__Clostridiales;f__Lachnospiraceae;g__Roseburia;s__Roseburia_hominis	k__Bacteria;p__Bacteroidetes;c__Bacteroidia;o__Bacteroidales;f__Porphyromonadaceae;g__Parabacteroides;s__Parabacteroides_johnsonii	k__Bacteria;p__Actinobacteria;c__Actinobacteria;o__Bifidobacteriales;f__Bifidobacteriaceae;g__Bifidobacterium;s__Bifidobacterium_longum	k__Bacteria;p__Firmicutes;c__Clostridia;o__Clostridiales;f__;g__Flavonifractor;s__Flavonifractor_plautii	k__Bacteria;p__Firmicutes;c__Clostridia;o__Clostridiales;f__Clostridiaceae;g__Clostridium;s__Clostridium_phoceensis	k__Bacteria;p__Verrucomicrobia;c__Verrucomicrobiae;o__Verrucomicrobiales;f__Akkermansiaceae;g__Akkermansia;s__Akkermansia_muciniphila	k__Bacteria;p__Bacteroidetes;c__Bacteroidia;o__Bacteroidales;f__Prevotellaceae;g__Paraprevotella;s__Paraprevotella_xylaniphila	k__Bacteria;p__Firmicutes;c__Clostridia;o__Clostridiales;f__Ruminococcaceae;g__Ruminococcus;s__Ruminococcus_callidus	k__Bacteria;p__Bacteroidetes;c__Bacteroidia;o__Bacteroidales;f__Rikenellaceae;g__Alistipes;s__Alistipes_senegalensis	k__Bacteria;p__Firmicutes;c__Clostridia;o__Clostridiales;f__Lachnospiraceae;g__Blautia;s__Blautia_sp._KLE_1732	k__Bacteria;p__Bacteroidetes;c__Bacteroidia;o__Bacteroidales;f__Bacteroidaceae;g__Bacteroides;s__Bacteroides_oleiciplenus	k__Bacteria;p__Firmicutes;c__Clostridia;o__Clostridiales;f__Ruminococcaceae;g__Ruminococcus;s__Ruminococcus_bicirculans	k__Bacteria;p__Bacteroidetes;c__Bacteroidia;o__Bacteroidales;f__Bacteroidaceae;g__Bacteroides;s__Bacteroides_fluxus	k__Bacteria;p__Bacteroidetes;c__Bacteroidia;o__Bacteroidales;f__Prevotellaceae;g__Prevotella;s__Prevotella_stercorea	k__Bacteria;p__Firmicutes;c__Clostridia;o__Clostridiales;f__Lachnospiraceae;g__Dorea;s__Dorea_longicatena	k__Bacteria;p__Firmicutes;c__Clostridia;o__Clostridiales;f__Eubacteriaceae;g__Eubacterium;s__[Eubacterium]_eligens	k__Bacteria;p__Firmicutes;c__Clostridia;o__Clostridiales;f__Ruminococcaceae;g__;s__Ruminococcaceae_bacterium_D16	k__Bacteria;p__Firmicutes;c__Clostridia;o__Clostridiales;f__Lachnospiraceae;g__Coprococcus;s__Coprococcus_comes	k__Bacteria;p__Proteobacteria;c__Gammaproteobacteria;o__Enterobacterales;f__Enterobacteriaceae;g__Escherichia;s__Escherichia_coli	k__Bacteria;p__Firmicutes;c__Clostridia;o__Clostridiales;f__Ruminococcaceae;g__Anaerotruncus;s__Anaerotruncus_colihominis	k__Bacteria;p__Firmicutes;c__Clostridia;o__Clostridiales;f__Lachnospiraceae;g__Blautia;s__Blautia_obeum	k__Bacteria;p__Bacteroidetes;c__Bacteroidia;o__Bacteroidales;f__Odoribacteraceae;g__Odoribacter;s__Odoribacter_laneus	k__Bacteria;p__Firmicutes;c__Clostridia;o__Clostridiales;f__Ruminococcaceae;g__Ruminiclostridium;s__[Clostridium]_leptum	k__Bacteria;p__Bacteroidetes;c__Bacteroidia;o__Bacteroidales;f__Porphyromonadaceae;g__Parabacteroides;s__Parabacteroides_goldsteinii	k__Bacteria;p__Firmicutes;c__Clostridia;o__Clostridiales;f__Lachnospiraceae;g__Anaerostipes;s__Anaerostipes_hadrus	k__Bacteria;p__Firmicutes;c__Clostridia;o__Clostridiales;f__Ruminococcaceae;g__Ruminococcus;s__Ruminococcus_lactaris	k__Bacteria;p__Firmicutes;c__Clostridia;o__Clostridiales;f__Clostridiaceae;g__Clostridium;s__Clostridium_sp._L2-50	k__Bacteria;p__Firmicutes;c__Clostridia;o__Clostridiales;f__Clostridiaceae;g__Clostridium;s__Clostridium_sp._M62/1	k__Bacteria;p__Firmicutes;c__Clostridia;o__Clostridiales;f__;g__Intestinimonas;s__Intestinimonas_butyriciproducens	k__Bacteria;p__Actinobacteria;c__Actinobacteria;o__Bifidobacteriales;f__Bifidobacteriaceae;g__Bifidobacterium;s__Bifidobacterium_bifidum	k__Bacteria;p__Firmicutes;c__Negativicutes;o__Veillonellales;f__Veillonellaceae;g__Dialister;s__Dialister_invisus	k__Bacteria;p__Bacteroidetes;c__Bacteroidia;o__Bacteroidales;f__Bacteroidaceae;g__Bacteroides;s__Bacteroides_salanitronis
k__Bacteria;p__Bacteroidetes;c__Bacteroidia;o__Bacteroidales;f__Bacteroidaceae;g__Bacteroides;s__Bacteroides_vulgatus	1.0	-0.00330107748632	-0.0245851515504	0.00527960996581	-0.0386182549432	-0.021883415561	-0.00882840084534	0.0160794031412	-0.0211105219827	-0.0144014469804	-0.0356947269869	-0.0180925521475	0.0020530839058	-0.0612028955761	0.0288033878574	0.0153029428366	0.0393978668493	0.0198865231224	0.00795901151255	-0.0354904847851	0.019659562499	-0.0311247585928	-0.0402817308107	0.0196162037846	-0.0286806386939	-0.00396831169268	-0.0873102129567	-0.0758546126021	0.00012227549917	-0.0382962156141	-0.00422701509993	-0.0212478529271	0.00743328413745	0.0277365724162	0.0544921628721	-0.0184941524605	0.0276433077332	-0.0297075737985	-0.0182622076537	-0.0293950368102	-0.0194199781208	-0.00366511174364	0.00548307784909	-0.0455965572781	0.0370316969785	-0.00564296435486	0.0419248121123	0.00265727240788	0.0660026707916	0.0040937274231	0.024208720829	0.0548613869596	0.00214772900752	-0.0435579806995	-0.00107372988131	0.025786980207	0.0311510198536	-0.0014591671677	-0.00378794887687
k__Bacteria;p__Bacteroidetes;c__Bacteroidia;o__Bacteroidales;f__Bacteroidaceae;g__Bacteroides;s__Bacteroides_uniformis	-0.00330107748632	1.0	-0.0392739111308	0.000189553390509	-0.038037206558	0.0257766744378	0.00622170637429	-0.0173027676519	-0.0136184780912	0.0989434779983	-6.14729277313e-05	-0.026740614414	0.0792980428159	-0.0747338945988	0.0419147648715	0.011789183368	-0.0130696568289	-0.0250178235054	0.0270164391378	-0.0437300879279	0.00178685518051	-0.00665719254564	0.0321986011554	0.0209560828569	-0.0483813114273	-0.0200141847472	-0.039489034141	0.0669070466989	0.00732601605543	0.0191354487071	0.0529298370806	-0.0544154304141	0.00367132911554	-0.0268998464554	0.0572222527516	-0.0722295201404	0.0415942902238	0.0202066997587	-0.0332647342678	-0.0296986095101	0.0352404460248	0.016931118402	-0.0230536442573	-0.0098504136286	-0.0075692649613	0.0244696897445	0.0189642492385	-0.0169656004348	-0.0913279287772	-0.0438068725771	-0.00409877709101	0.0361492351494	0.000318428294207	-0.0155494643349	-0.0291145457154	0.00136285237362	-0.024323558077	0.0574666792229	-0.0631886622063
k__Bacteria;p__Bacteroidetes;c__Bacteroidia;o__Bacteroidales;f__Rikenellaceae;g__Alistipes;s__Alistipes_putredinis	-0.0245851515504	-0.0392739111308	1.0	0.00183296391646	-0.0268338315268	-0.00306083214655	-0.0220840300093	-0.0355505067291	-0.0208524918269	-0.0534613686343	0.00632819488486	-0.00661294830468	-0.0296663110944	-0.0595406357281	-0.0242893718572	-0.0216385216506	-0.0434888305702	-0.0866260496298	-0.0144076725276	-0.0130401316662	-0.0656363356966	0.0234040842355	-0.00880535919665	-0.0386461695157	-0.00411123489005	0.0373246319415	-0.00174153007027	0.0429086142677	0.0406436017096	0.00435490939205	0.00301072187284	0.0192359528237	-0.00432462840001	0.0191502317708	-0.00238767497132	-0.0508700594274	0.0274496368578	0.0275969319202	0.0133736402202	0.0438290848936	-0.0280513057179	-0.0407994043739	-0.00987074687682	-0.00709404751653	-0.00883464962284	0.0114238022555	-0.032000390492	0.01408358017	0.0287584719664	0.0376843373279	-0.032653985646	-0.0157486713771	0.0436283311608	0.00301961937665	0.0072943797265	0.0012379686206	-0.0263832318175	0.000963844098653	-0.0504718936111
k__Bacteria;p__Bacteroidetes;c__Bacteroidia;o__Bacteroidales;f__Prevotellaceae;g__Prevotella;s__Prevotella_copri	0.00527960996581	0.000189553390509	0.00183296391646	1.0	-0.0170608303554	0.00175110721939	0.00373133788984	-0.0535996871783	-0.00889669297607	-0.0462760073056	-0.00428267039367	0.0486000816253	-0.0276121367871	-0.0293678458136	0.000729588079086	-0.0362246929215	-0.0148900593377	0.00211299364721	0.0381203694078	0.0214186745332	0.0312521860345	0.0443849006947	-0.00911507287321	-0.0131047143775	-0.000169411730859	-0.0113923221326	-0.00617877067443	-0.0531962512477	0.00618920790632	0.0130239331316	0.0126188298347	0.0240349400779	0.0135123480753	0.00837851883794	-0.000950698023004	0.0807855930289	-0.0499277543513	-0.0332929047168	-0.0326473595552	0.00884160560223	-0.00773087316053	-0.0421117705785	-0.0153039040551	0.00772101254896	-0.024224151267	-0.0141128189401	-0.0793475320161	0.0260659289412	-0.0162953893354	-0.0619655834026	-0.0182873108127	0.00266628701604	-0.0538564796275	0.0248207867706	0.0764825376964	-0.0127819645044	-0.0575049487079	-0.0747799954728	0.0159313472716
k__Bacteria;p__Bacteroidetes;c__Bacteroidia;o__Bacteroidales;f__Bacteroidaceae;g__Bacteroides;s__Bacteroides_stercoris	-0.0386182549432	-0.038037206558	-0.0268338315268	-0.0170608303554	1.0	-0.0204540684381	0.0338171742739	0.0143339096755	0.0609205474963	0.030745050029	-0.02066163693	-0.006830222114	-0.0311857517673	-0.0297951825251	-0.00759041872056	-0.0131802932198	0.00914110604532	0.000760745988046	-0.0233747624545	-0.0374692017906	-0.042541121694	0.0244893992497	0.0546852547727	0.00144370851899	-0.0818410574727	-0.0516520759524	-0.000956957334506	-0.000399290042811	-0.0344536828487	0.00395061838272	0.00978372343119	-0.00992478095948	-0.0137038060257	-0.03320087161	-0.0256527029501	0.0329689919697	-0.0527735705871	-0.00345709122429	-0.0119421394484	-0.0151564345722	0.0291745977696	-0.0296410242023	-0.0271311843693	0.0255326028533	0.0344844863211	0.00458636675019	-0.0454532264645	0.000897321601417	0.0627406713086	-0.0156006161279	-0.035105856187	0.00238700674887	-0.0317250678822	-0.0838795911129	0.0132503267111	-0.0137959661752	-0.0268198948758	-0.0701772369054	0.0132850642999
k__Bacteria;p__Bacteroidetes;c__Bacteroidia;o__Bacteroidales;f__Bacteroidaceae;g__Bacteroides;s__Bacteroides_ovatus	-0.021883415561	0.0257766744378	-0.00306083214655	0.00175110721939	-0.0204540684381	1.0	-0.012479663618	0.0153544467751	0.0362208708876	-0.0438619240102	-0.0447507470567	-0.0256187868133	-0.0228040811881	0.00997595174635	-0.00391353642364	-0.0166316539737	-0.00142995196047	-0.0483509392949	-0.0525659286094	-0.00309180898839	-0.0460371262256	-0.0246770495985	0.0135584192275	-0.0263526640239	-0.00645777325678	-0.110982562036	-0.0061737026668	-0.0494307347015	-0.0021684258541	-0.0267695656005	-0.0248066972619	-0.0202790466656	-0.0517217096432	0.0117013793616	-0.0305471789767	-0.00406707945794	0.0610721396085	0.00863398446894	-0.0734960838774	0.00750437828289	-0.00980512148934	-0.0356752982357	-0.0067084027933	0.0211067003574	-0.00639491664853	-0.0201255607241	-0.0275613988317	0.0619325057561	0.021405339377	0.0294569867947	-0.0360000829237	-0.0410081697512	-0.0043817491646	0.0192178882762	-0.0163962640734	-0.0282586435999	0.0498193421845	0.0535646781357	0.0367243910222
k__Bacteria;p__Bacteroidetes;c__Bacteroidia;o__Bacteroidales;f__Rikenellaceae;g__Alistipes;s__Alistipes_shahii	-0.00882840084534	0.00622170637429	-0.0220840300093	0.00373133788984	0.0338171742739	-0.012479663618	1.0	0.0205933247314	-0.0626521869247	0.0256869362259	0.0497727781515	-0.0439196946947	-0.000121222718517	-0.0711607397966	0.00801416879456	-0.0393460443502	-0.0291213741388	0.0531572199341	-0.0139231763065	0.0255243330646	-0.0410368736373	-0.018433203642	0.02631382128	0.0106336323316	-0.0353638459854	0.0146789918303	0.0173988921329	-0.0280619312934	-0.0475296704686	-0.00956937312044	0.0209963545663	-0.0356183974383	0.0378475220962	-0.0121830040045	0.00121683845474	-0.0120289674732	-0.0290445345785	0.00170210502708	0.0122365908798	-0.0117084882442	-0.0173188745155	-0.017178624672	0.00266979410001	0.0453267289097	-0.00587962204789	-0.00347684960261	0.0393728186561	-0.0146940219132	-0.0443611208976	-0.00212466331381	-0.0875024259283	-0.0247168846823	0.0137027690202	-0.00781680145841	-0.0993669389277	-0.0189972082915	0.00656268246363	-0.0422471076828	0.0382566479119
k__Bacteria;p__Firmicutes;c__Clostridia;o__Clostridiales;f__Ruminococcaceae;g__Faecalibacterium;s__Faecalibacterium_prausnitzii	0.0160794031412	-0.0173027676519	-0.0355505067291	-0.0535996871783	0.0143339096755	0.0153544467751	0.0205933247314	1.0	0.010813051233	-0.0271727789788	-0.0236663600179	0.055397652848	-0.026410106182	-0.0442599087906	-0.00447000803294	-0.0204548688549	0.0178354122245	-0.00353904669801	-0.0168795051461	-0.0455658839202	0.0274386706073	-0.000329371391681	-0.0233896839654	0.0155467830228	-0.013446899021	0.0343689742636	0.0205909260893	0.016377647954	-0.0096359068747	-0.0131059047819	0.0473016832489	-0.0283823406048	0.00821117067969	-0.0552159432204	-0.00169115345449	0.0130938953022	0.0510667670699	-0.00147837950884	-0.0104957643041	0.0301973355024	-0.00777765993341	-0.00815296349885	-0.0173239156262	0.0454670697649	-0.0364591836774	0.0201852578625	-0.00910671181804	-0.0456820563521	-0.0462182550906	-0.07155177078	0.036890221325	-0.0242103920303	0.0311973989167	-0.03231943868	-0.0272352213198	-0.045775315251	0.00998693428606	-0.045652208603	-6.59607129443e-06
k__Bacteria;p__Bacteroidetes;c__Bacteroidia;o__Bacteroidales;f__Rikenellaceae;g__Alistipes;s__Alistipes_finegoldii	-0.0211105219827	-0.0136184780912	-0.0208524918269	-0.00889669297607	0.0609205474963	0.0362208708876	-0.0626521869247	0.010813051233	1.0	-0.0429162648349	-0.0331367058748	0.0075058976979	0.0312645989179	0.00871081108412	-0.0215834268712	-0.0922332978715	-0.0280054222752	-0.0454859930955	-0.00585713957202	0.0523262300694	-0.024965288958	-0.00417863287936	-0.0172700611232	-0.0277771399532	-0.00481265040848	0.0111533287368	0.0126521781409	-0.0320393662607	-0.0185585358915	0.0416429538817	0.00727164321734	-0.00399620176268	0.025103283943	-0.00482335123384	-0.0264456478908	0.0084708899192	0.00815617126874	-0.0731817364617	-0.00513146624856	-0.0248001147229	-0.00403042224008	-0.0401707858232	-0.00231076357298	0.0425240850625	-0.00733039552113	-0.0010886723552	0.0281330365533	0.039445508817	0.0399048302931	0.0309005069475	0.0370135989877	-0.000199107318418	-0.0166723403563	0.0126633008257	-0.0457188718052	0.0344158244794	0.00746431890599	-0.0251049363166	0.0134553867765
k__Bacteria;p__Bacteroidetes;c__Bacteroidia;o__Bacteroidales;f__Porphyromonadaceae;g__Parabacteroides;s__Parabacteroides_distasonis	-0.0144014469804	0.0989434779983	-0.0534613686343	-0.0462760073056	0.030745050029	-0.0438619240102	0.0256869362259	-0.0271727789788	-0.0429162648349	1.0	-0.0255569328645	-0.0567808554127	-0.0334737111012	-0.0824412879492	0.0204616104471	-0.016284956626	0.036746284695	0.0108413760776	-0.0571412976747	0.0535451673868	0.0164853143592	-0.0166098593425	0.0266802827064	0.0345614544816	-0.0165662324141	0.0245583451083	-0.00900701369054	0.0286582605976	-0.00257319927652	-0.000812912978122	-0.00304997947104	0.00456413947552	-0.0605281810891	-0.0472216201333	-0.0196339992055	-0.025548228601	-0.0652490108824	0.000305307686423	0.00369150917454	-0.000713660036605	-0.0605557177621	0.0165596653106	-0.0199724572374	-0.0170939521993	-0.0463367496678	-0.0527130957253	-0.0522750320476	0.019196013474	-0.000135878804286	-0.0292641955881	-0.0131006923507	0.0234736026591	-0.013990374539	-0.0751181081353	-0.00805312959762	0.0127803713985	-0.0348496706777	-0.0198238634104	-0.00385541268042
k__Bacteria;p__Bacteroidetes;c__Bacteroidia;o__Bacteroidales;f__Bacteroidaceae;g__Bacteroides;s__Bacteroides_thetaiotaomicron	-0.0356947269869	-6.14729277312e-05	0.00632819488486	-0.00428267039367	-0.02066163693	-0.0447507470567	0.0497727781515	-0.0236663600179	-0.0331367058748	-0.0255569328645	1.0	-0.0754358837663	-0.0434664099291	0.0360542616591	-0.032082048258	-0.00943459476241	0.0469356133663	-0.0243209465437	-0.0258772087894	0.00283292891996	0.00123401295754	-0.0272907939522	0.0721534125605	0.0116383873067	0.0426616892761	0.0283210784889	-0.0483874214848	-0.0343336870244	-0.044632768496	-0.0409581813451	0.011026966789	-0.00205063304901	0.0467744034452	-0.00645814253893	0.0113211417172	0.0277693050394	-0.0213074136559	0.00827738935499	0.00827197534426	-0.0577151605298	0.0406663765644	-0.0460168778478	-0.016213150251	-0.0100473931933	-0.0234161172892	0.00424367219677	-0.0135118523393	0.0198638435485	0.0169063252048	0.0289340512011	-0.00272328791964	0.0412344867818	0.0283607627209	0.0345723854018	-0.0278343605768	-0.0409088710007	-0.0132645893405	-0.0439962289293	0.00193706712046
k__Bacteria;p__Bacteroidetes;c__Bacteroidia;o__Bacteroidales;f__Bacteroidaceae;g__Bacteroides;s__Bacteroides_coprocola	-0.0180925521475	-0.026740614414	-0.00661294830468	0.0486000816253	-0.006830222114	-0.0256187868133	-0.0439196946947	0.055397652848	0.0075058976979	-0.0567808554127	-0.0754358837663	1.0	0.0135612521389	-0.0391912889872	0.00427481091538	0.044020430948	-0.0413042310701	-0.00792696900632	0.00131510951771	0.0456153942303	-0.0157730987515	-0.00754350866618	0.0101819870859	-0.0370789732789	-0.0168917430598	0.00381203950881	0.0562640435058	0.00908130874863	-0.00963580545919	-0.0713086239219	0.0209014944143	0.00833168426891	-0.0154659464942	0.00423315927931	-0.00280943935343	0.00589806976901	0.0160401430402	-0.0179837150532	-0.00831747698016	-0.0397074420086	0.0499969637567	0.0524343364192	-0.00679811979608	0.00351791375379	0.0372818267843	0.00453411934615	0.0268822685177	-0.0262880773895	-0.0253906350099	0.0273632237552	0.0121121504274	-0.0241130386804	-0.0660433636919	-0.0208822294679	-0.002557808741	-0.00301083562737	0.0291987355956	0.0050739572969	-0.0675569651487
k__Bacteria;p__Bacteroidetes;c__Bacteroidia;o__Bacteroidales;f__Bacteroidaceae;g__Bacteroides;s__Bacteroides_cellulosilyticus	0.0020530839058	0.0792980428159	-0.0296663110944	-0.0276121367871	-0.0311857517673	-0.0228040811881	-0.000121222718517	-0.026410106182	0.0312645989179	-0.0334737111012	-0.0434664099291	0.0135612521389	1.0	0.0474930797747	-0.0163665054179	0.056711577319	0.0223135784458	-0.0373462185647	0.0734450128128	-0.048134190385	-0.0704714303299	-0.0157544240749	0.0310052794636	0.0385904160881	-0.00143609507687	0.0183763648485	0.0311675948262	-0.0134650101195	-0.0310831411843	-0.0562961726713	0.0262529781351	0.0105545448493	0.0350451423447	0.0385520325498	0.00245240480116	0.00533892612583	0.00838476195329	-0.0547834499909	-0.0426551387693	0.00152232382029	0.0743853419145	-0.0502863351366	-0.000599705927714	-0.0358365550729	-0.0108996330995	0.0146289263822	0.0128625210791	-0.0563433192325	-0.0560475948732	-0.0377074650227	0.0200793091638	-0.0534033171271	-0.0205364045099	-0.0022840351889	-0.0201577423082	-0.0852231697792	0.00183345770244	0.0215198775252	-0.00349315278884
k__Bacteria;p__Bacteroidetes;c__Bacteroidia;o__Bacteroidales;f__Rikenellaceae;g__Alistipes;s__Alistipes_obesi	-0.0612028955761	-0.0747338945988	-0.0595406357281	-0.0293678458136	-0.0297951825251	0.00997595174635	-0.0711607397966	-0.0442599087906	0.00871081108412	-0.0824412879492	0.0360542616591	-0.0391912889872	0.0474930797747	1.0	-0.00738096963597	-0.0143584322861	-0.0170772600033	0.011615300507	-0.0106787618135	0.0430509242627	-0.0101724449428	-0.0218777344408	0.0295292859813	0.0273466421413	0.0158626926613	-0.0261332357768	-0.00822280782153	-0.0160689704698	-0.0113114755309	-0.0487598365588	-0.0190123910655	0.0163738212352	-0.00655969000393	0.0176917899971	-0.00879583605245	-0.0242902665374	0.00737481871057	-0.0512060693285	-0.0596407456279	0.0157524883501	-0.0442411611522	-0.0072599807474	-0.0306707353385	-0.0263122257302	-0.0189021636197	-0.0510531122361	0.0220853982728	0.0666535973415	0.00910315024067	0.0265589429481	0.0349979968388	-0.046592496129	-0.0525759853536	0.019074942194	0.00349165338063	0.0104636035174	0.0127483796298	0.00820021630257	-0.065163237712
k__Bacteria;p__Firmicutes;c__Clostridia;o__Clostridiales;f__Lachnospiraceae;g__;s__[Eubacterium]_rectale	0.0288033878574	0.0419147648715	-0.0242893718572	0.000729588079086	-0.00759041872056	-0.00391353642364	0.00801416879456	-0.00447000803294	-0.0215834268712	0.0204616104471	-0.032082048258	0.00427481091538	-0.0163665054179	-0.00738096963597	1.0	-0.00842821738633	-0.0485186617021	0.0116602335324	0.0104426101971	-0.0158284731566	0.00650791373364	0.00162728708572	-0.00171872798303	0.0491331050304	-0.0398855077935	-0.0226206923268	-0.00461383165455	0.0267868871268	-0.00103234780904	0.0147464487691	-0.0292675700734	0.0446181428548	-0.0599209856939	0.0218314255152	0.0414053537576	-0.0401593699893	0.0416155343875	-0.00536880676702	-0.0236629810492	-0.000132868219177	0.0208191143497	-0.03831335457	0.0116629936553	-0.0605254389894	-0.0334940346711	0.0633731037184	-0.0398631934284	-0.0198561803029	0.000924393570343	0.0179351997396	-0.0172474901899	-0.058245964034	-0.0101232679552	-0.0222194217914	-0.0188630711405	0.0370350337725	-0.0393881813571	-0.0454550040205	0.0188646500261
k__Bacteria;p__Bacteroidetes;c__Bacteroidia;o__Bacteroidales;f__Bacteroidaceae;g__Bacteroides;s__Bacteroides_plebeius	0.0153029428366	0.011789183368	-0.0216385216506	-0.0362246929215	-0.0131802932198	-0.0166316539737	-0.0393460443502	-0.0204548688549	-0.0922332978715	-0.016284956626	-0.00943459476241	0.044020430948	0.056711577319	-0.0143584322861	-0.00842821738633	1.0	-0.02795305062	-0.0301780185718	0.0400539852661	0.0140941926759	-0.05608524775	-0.00788423320275	-0.00384865070631	-0.0595788075879	0.0505633358021	0.0143092598449	-0.0394892791021	-0.0100474576836	-0.0541115236317	-0.0630305864336	0.0118957935947	-0.0318677519734	0.042960763563	0.000284084079618	0.00530163046407	-0.000246473935288	-0.0159173523036	0.00569487713089	-0.0161966407391	0.0418684042305	0.0518180433318	-0.0405158160599	-0.0213210567628	0.0163328396731	0.00308607463091	-0.0301328738993	-0.00125274352849	0.0327337588712	0.0136136401054	0.00870487509893	-0.0418584345667	-0.0815986170096	-0.0562335096359	0.0307253890356	0.0315119851609	0.0303248739636	-0.0268111284465	0.00889780308457	0.0414654234264
k__Bacteria;p__Bacteroidetes;c__Bacteroidia;o__Bacteroidales;f__Bacteroidaceae;g__Bacteroides;s__Bacteroides_fragilis	0.0393978668493	-0.0130696568289	-0.0434888305702	-0.0148900593377	0.00914110604532	-0.00142995196047	-0.0291213741388	0.0178354122245	-0.0280054222752	0.036746284695	0.0469356133663	-0.0413042310701	0.0223135784458	-0.0170772600033	-0.0485186617021	-0.02795305062	1.0	0.0429437646553	0.0287521990495	-0.000636401827298	-0.0148784482691	0.0125918551908	-0.0575416580603	0.0449509498691	-0.059217000168	-0.0606488050581	-0.0392647307398	0.0118592198164	0.03778120133	0.0119537906953	-0.0168122050883	-0.00838205033589	-0.039558656353	-0.0116185606565	-0.0486838995406	0.0447771775706	-0.0525365363708	0.0168932165612	-0.0126195899216	-0.0504083447979	-0.0431080897751	-0.0207527149226	-0.0138657256229	0.0212072831217	0.0138528369639	-0.0191734757628	0.0393129569364	-0.0187595106731	-0.0115366010497	0.00322324976046	-0.0121607303808	-0.041581108162	-0.053732340326	-0.0469945834207	-0.0266166948249	-0.0418000482702	-0.0227901669299	0.00284171412333	0.0527280536983
k__Bacteria;p__Proteobacteria;c__Betaproteobacteria;o__Burkholderiales;f__Sutterellaceae;g__Sutterella;s__Sutterella_wadsworthensis	0.0198865231224	-0.0250178235054	-0.0866260496298	0.00211299364721	0.000760745988046	-0.0483509392949	0.0531572199341	-0.00353904669801	-0.0454859930955	0.0108413760776	-0.0243209465437	-0.00792696900632	-0.0373462185647	0.011615300507	0.0116602335324	-0.0301780185718	0.0429437646553	1.0	0.0248916360174	-0.00363119987726	-0.0210080544466	-0.0331591459857	0.026617620165	-0.00301154232469	-0.00295579147849	0.00700679500076	-0.00333405845577	-0.0541426923061	-0.0300742390284	0.0274159125876	0.00458369082297	-0.0521998243516	0.000308464922872	0.00282473415616	-0.000427056628864	-0.0326065620072	-0.0530924199417	0.0163010411094	-0.0115957978135	-0.0486907620331	-0.00226724372748	0.0306904422215	-0.0264013483171	-0.047188258977	0.0347687316172	-0.0646552285043	0.0303434858302	0.0378446614541	-0.0249824994652	-0.0180848674375	-0.0273766069109	-0.00307355280071	-0.0579592733755	0.00111113875377	0.0672810760709	-0.0241916655493	-0.0191655544508	0.0320333708381	0.0317658149344
k__Bacteria;p__Bacteroidetes;c__Bacteroidia;o__Bacteroidales;f__Porphyromonadaceae;g__Barnesiella;s__Barnesiella_intestinihominis	0.00795901151255	0.0270164391378	-0.0144076725276	0.0381203694078	-0.0233747624545	-0.0525659286094	-0.0139231763065	-0.0168795051461	-0.00585713957202	-0.0571412976747	-0.0258772087894	0.00131510951771	0.0734450128128	-0.0106787618135	0.0104426101971	0.0400539852661	0.0287521990495	0.0248916360174	1.0	-0.0326039217188	-0.00880722279222	-0.049455259364	-0.0404846955755	-0.0298614556526	0.0535493263115	0.00731468960144	0.00977830593577	0.000676338619742	-0.0015171171824	-0.0514909000337	-0.0271025925772	-0.0439907422093	0.0676042616705	-0.0249583169004	0.0127769660523	-0.00120561789174	0.0297505274603	0.00437549421496	-0.067725560736	0.0121641967839	0.0278867675469	0.0177119051711	0.0276879444146	-0.0346811130469	-0.0436378197926	0.0302452821817	-0.0164058376648	-0.00998936684695	0.0159094598708	0.0482649291014	-0.0804462919939	0.022875249194	0.0422790333395	-0.0167514545646	-0.0245203166669	0.00541202288742	-0.0100580211478	-0.0329095500405	0.0148544730534
k__Bacteria;p__Bacteroidetes;c__Bacteroidia;o__Bacteroidales;f__Odoribacteraceae;g__Odoribacter;s__Odoribacter_splanchnicus	-0.0354904847851	-0.0437300879279	-0.0130401316662	0.0214186745332	-0.0374692017906	-0.00309180898839	0.0255243330646	-0.0455658839202	0.0523262300694	0.0535451673868	0.00283292891996	0.0456153942303	-0.048134190385	0.0430509242627	-0.0158284731566	0.0140941926759	-0.000636401827298	-0.00363119987726	-0.0326039217188	1.0	-0.00353870519483	-0.0271787839538	-0.0248564538198	0.0415273935743	-0.0144299574058	-0.00789195036191	-0.00174429189964	-0.051664755205	0.0348963699391	-0.030683028414	-0.0505446911578	-0.000346553338858	0.0343611245356	-0.00248935821521	-0.0186983561922	0.021665127521	0.000629454560296	-0.0826674678902	0.0139544032439	-0.0487162908303	-0.0606159765609	-0.0706782973779	-0.0254297341127	-0.0408892280459	-0.0454272703657	0.0428708060426	-0.0120317985741	0.0251675743885	-0.0108391281927	0.0629353677742	0.00262769284496	-0.0322617858493	0.00418589918545	0.0132698146852	0.0188024043062	-0.0391129349487	0.00567311653796	-0.0783539794143	-0.017066670303
k__Bacteria;p__Bacteroidetes;c__Bacteroidia;o__Bacteroidales;f__Bacteroidaceae;g__Bacteroides;s__Bacteroides_salyersiae	0.019659562499	0.00178685518051	-0.0656363356966	0.0312521860345	-0.042541121694	-0.0460371262256	-0.0410368736373	0.0274386706073	-0.024965288958	0.0164853143592	0.00123401295754	-0.0157730987515	-0.0704714303299	-0.0101724449428	0.00650791373364	-0.05608524775	-0.0148784482691	-0.0210080544466	-0.00880722279222	-0.00353870519483	1.0	-0.0320630678124	-0.0163493457465	0.0297625839525	-0.0618543720234	0.0488063467068	-0.00217036825211	-0.00683388598926	-0.0254407983659	-0.0192560576333	-0.0153989386419	-0.0393311489981	0.0230050391762	-0.0651725404461	-0.047845206384	-0.00297252692506	-0.0316218287069	-0.0438485978259	-0.0858224268731	0.0125035394625	-0.000100739889475	-0.00575956267455	0.0698514519006	0.0372868524455	-0.00788417032309	0.0429724008991	-0.0140906045148	0.0205548863323	0.00520977598669	0.0276525272071	0.0206539749518	-0.0277787129317	-0.0107885340856	0.0387343472322	0.00816043330136	0.0148702044078	-0.0387313377064	-0.00632703396271	-0.0582773686825
k__Bacteria;p__Firmicutes;c__Clostridia;o__Clostridiales;f__Ruminococcaceae;g__Ruminiclostridium;s__[Eubacterium]_siraeum	-0.0311247585928	-0.00665719254564	0.0234040842355	0.0443849006947	0.0244893992497	-0.0246770495985	-0.018433203642	-0.000329371391681	-0.00417863287936	-0.0166098593425	-0.0272907939522	-0.00754350866618	-0.0157544240749	-0.0218777344408	0.00162728708572	-0.00788423320275	0.0125918551908	-0.0331591459857	-0.049455259364	-0.0271787839538	-0.0320630678124	1.0	-0.0693302790347	0.0123868015025	0.0135340794446	-0.0486404205049	-0.0306928681249	0.0176962779154	-0.0236318567669	-0.0372586895327	0.0195313582577	-0.0570679028032	-0.0135665121974	-0.0434971219951	0.0311349676967	0.0266281651698	-0.0993889341923	-0.0186203912872	-0.00419802993994	-0.00636875690203	0.0192213977234	-0.0297788719243	0.0129430061166	0.0123556607216	-0.0122678895488	-0.0262318492865	-0.00754913553174	-0.00888356323683	0.0364792649061	0.0130208389245	-0.00954757848528	-0.0144319824857	0.0120776235441	0.0141722059828	-0.0548125186251	-0.0374351457746	0.0356562151184	0.0510242659714	-0.0790921861295
k__Bacteria;p__Proteobacteria;c__Betaproteobacteria;o__Burkholderiales;f__Sutterellaceae;g__Parasutterella;s__Parasutterella_excrementihominis	-0.0402817308107	0.0321986011554	-0.00880535919665	-0.00911507287321	0.0546852547727	0.0135584192275	0.02631382128	-0.0233896839654	-0.0172700611232	0.0266802827064	0.0721534125605	0.0101819870859	0.0310052794636	0.0295292859813	-0.00171872798303	-0.00384865070631	-0.0575416580603	0.026617620165	-0.0404846955755	-0.0248564538198	-0.0163493457465	-0.0693302790347	1.0	-0.0184347778227	-0.0499276205444	0.0280222785072	-0.0411269202941	-0.00203792099666	0.0165072302144	-0.0317213521783	-0.0117089290236	-0.0197817244474	-0.00448740799138	-0.0460826334989	0.00606198455688	0.0537124959082	0.00652580564124	0.000106296592427	0.0427641697622	-0.0189592982096	-0.0130039477874	0.031455934482	-0.0438766030494	-0.00519099382697	0.0148387155963	0.0463610936757	-0.010642066861	-0.0536258244144	-0.0523518160063	-0.0371073584878	0.012657514989	-0.00892257980878	-0.000138224628258	-0.0145892316545	0.00472977788696	-0.0541183189918	-0.0459432107156	0.0467606511567	-0.0284082050077
k__Bacteria;p__Actinobacteria;c__Actinobacteria;o__Bifidobacteriales;f__Bifidobacteriaceae;g__Bifidobacterium;s__Bifidobacterium_adolescentis	0.0196162037846	0.0209560828569	-0.0386461695157	-0.0131047143775	0.00144370851899	-0.0263526640239	0.0106336323316	0.0155467830228	-0.0277771399532	0.0345614544816	0.0116383873067	-0.0370789732789	0.0385904160881	0.0273466421413	0.0491331050304	-0.0595788075879	0.0449509498691	-0.00301154232469	-0.0298614556526	0.0415273935743	0.0297625839525	0.0123868015025	-0.0184347778227	1.0	0.0369481168254	-0.0134741592097	0.0556721292303	0.0199473172975	-0.0558433579946	-0.0728625507351	-0.0772934434586	0.0323629279655	0.0395354633512	-0.0318553070042	0.0115908676393	-0.0373484228109	-0.0116249019824	-0.0117114202933	0.00750442925962	-0.0582779630096	-0.0588864495827	-0.0581890231565	0.0340173902937	-0.00343684224954	-0.0194052875495	-0.006402032584	-0.0237368284882	0.00292733590194	-0.0424734489685	0.0254114122235	0.0196554911351	-0.00774488541391	-0.0420078253277	0.00418493725207	-0.0468045224092	-0.0516199533552	-0.036560077175	0.0168691769688	-0.030885461254
k__Bacteria;p__Firmicutes;c__Clostridia;o__Clostridiales;f__Oscillospiraceae;g__Oscillibacter;s__Oscillibacter_sp._KLE_1745	-0.0286806386939	-0.0483813114273	-0.00411123489005	-0.000169411730859	-0.0818410574727	-0.00645777325678	-0.0353638459854	-0.013446899021	-0.00481265040848	-0.0165662324141	0.0426616892761	-0.0168917430598	-0.00143609507687	0.0158626926613	-0.0398855077935	0.0505633358021	-0.059217000168	-0.00295579147849	0.0535493263115	-0.0144299574058	-0.0618543720234	0.0135340794446	-0.0499276205444	0.0369481168254	1.0	0.0406935043484	-0.00369935341013	-0.0466805025047	0.0259972004454	-0.0203868439289	0.0251457258615	0.00912800050711	-0.0333418934364	-0.0201470870616	-0.0222129921774	0.0341741569173	0.00114394690631	-0.0179781408175	-0.0194280262338	-0.0167345572812	-0.00837995478776	0.0536550489079	-0.00950760239085	-0.0491639519341	-0.0596027060515	0.0173667386127	0.0246890225343	0.0132290203174	-0.02549201905	-0.0349224725234	-0.0614634915579	0.0155286611956	-0.0459230041911	-0.0145116818717	0.0365670140726	0.01602006833	0.00196361979509	-0.00494816533764	-0.0111049473724
k__Bacteria;p__Bacteroidetes;c__Bacteroidia;o__Bacteroidales;f__Bacteroidaceae;g__Bacteroides;s__Bacteroides_coprophilus	-0.00396831169268	-0.0200141847472	0.0373246319415	-0.0113923221326	-0.0516520759524	-0.110982562036	0.0146789918303	0.0343689742636	0.0111533287368	0.0245583451083	0.0283210784889	0.00381203950881	0.0183763648485	-0.0261332357768	-0.0226206923268	0.0143092598449	-0.0606488050581	0.00700679500076	0.00731468960144	-0.00789195036191	0.0488063467068	-0.0486404205049	0.0280222785072	-0.0134741592097	0.0406935043484	1.0	-0.0125181401485	-0.0255421859467	-0.024184878108	-0.0234798089661	-0.0101506550494	-0.0264351109799	-0.0427965168343	-0.000979425343388	0.0171425504659	-0.0233424995687	0.072607836361	0.0821602104306	0.00803480916642	0.0115433423435	0.0135673120189	-0.0355301994373	0.0329808463488	0.000368997799855	-0.0422285485635	-0.0631374576044	-0.0509339887288	0.029591792112	-0.0435068946225	-0.0157185154088	0.0187530334625	-0.0164816770874	0.0659282171018	0.0157839483207	0.000850713542398	0.000245214410801	-0.0379037090441	0.0323243585706	-0.0068601558433
k__Bacteria;p__Firmicutes;c__Clostridia;o__Clostridiales;f__Lachnospiraceae;g__Roseburia;s__Roseburia_intestinalis	-0.0873102129567	-0.039489034141	-0.00174153007027	-0.00617877067443	-0.000956957334506	-0.0061737026668	0.0173988921329	0.0205909260893	0.0126521781409	-0.00900701369054	-0.0483874214848	0.0562640435058	0.0311675948262	-0.00822280782153	-0.00461383165455	-0.0394892791021	-0.0392647307398	-0.00333405845577	0.00977830593577	-0.00174429189964	-0.00217036825211	-0.0306928681249	-0.0411269202941	0.0556721292303	-0.00369935341013	-0.0125181401485	1.0	0.000597819903349	0.0438573569282	-0.0180438379162	-0.0514430808144	0.0412006310882	-0.108935227214	-0.0422870146231	0.0168856270873	0.0028179395576	0.0103092875072	0.032545870737	-0.0489603182473	0.0386836810689	0.0266007780868	-0.0164773696982	-0.00330236755842	-0.0195303810421	0.00433824639557	-0.0186724390561	-0.0330887512663	0.0226107149881	-0.0153150749915	0.0168182630224	-0.0602497224003	0.0470284130358	-0.0263589066103	-0.0238346042812	-0.0116713986494	0.0195818405098	-0.024995561029	-0.0465436327194	0.0575368263415
k__Bacteria;p__Firmicutes;c__Clostridia;o__Clostridiales;f__Lachnospiraceae;g__Roseburia;s__Roseburia_hominis	-0.0758546126021	0.0669070466989	0.0429086142677	-0.0531962512477	-0.000399290042811	-0.0494307347015	-0.0280619312934	0.016377647954	-0.0320393662607	0.0286582605976	-0.0343336870244	0.00908130874863	-0.0134650101195	-0.0160689704698	0.0267868871268	-0.0100474576836	0.0118592198164	-0.0541426923061	0.000676338619742	-0.051664755205	-0.00683388598927	0.0176962779154	-0.00203792099666	0.0199473172975	-0.0466805025047	-0.0255421859467	0.000597819903349	1.0	-0.0215938291612	0.00593267112421	0.0185409302346	-0.0195980543362	0.0302911941937	-0.0373106916373	0.0292046983814	0.0278250676965	0.0491315610414	-0.015668527548	0.00163388478429	-0.00581259706382	0.0091717942553	-0.0426774329818	-0.0288159416025	0.0255078932622	-0.0242073450625	-0.0121849771978	-0.0216322195315	-0.0540056451443	0.0119799068548	-0.00133933700665	-0.0756755868588	-0.0476827627332	5.03857084129e-05	-0.0384544435109	-0.0184024529436	0.0654198426089	-0.00161451551022	-0.0476196364139	0.01093129684
k__Bacteria;p__Bacteroidetes;c__Bacteroidia;o__Bacteroidales;f__Porphyromonadaceae;g__Parabacteroides;s__Parabacteroides_johnsonii	0.00012227549917	0.00732601605543	0.0406436017096	0.00618920790632	-0.0344536828487	-0.0021684258541	-0.0475296704686	-0.0096359068747	-0.0185585358915	-0.00257319927652	-0.044632768496	-0.00963580545919	-0.0310831411843	-0.0113114755309	-0.00103234780904	-0.0541115236317	0.03778120133	-0.0300742390284	-0.0015171171824	0.0348963699391	-0.0254407983659	-0.0236318567669	0.0165072302144	-0.0558433579946	0.0259972004454	-0.024184878108	0.0438573569282	-0.0215938291612	1.0	0.0488541053641	-0.00548294975766	0.0585355339203	-0.0576055023427	0.0139169257631	-0.0776070540057	0.00761938092217	-0.0105000778144	-0.0382394535957	0.00292982192696	-0.0271363145811	-0.067244969462	-0.0228383928687	0.0318351547345	-0.0230414565542	-0.0587324411849	0.0216581358884	-0.0143669488999	-0.072722947046	-0.0229048995166	-0.0334922747123	0.0114481808515	0.0736159279987	-0.0160233455708	-0.0214416973328	0.0368731575091	-0.0301234118517	0.0468329665817	0.0767060936147	-0.0878149403766
