#taxonomy	k__Bacteria;p__Bacteroidetes;c__Bacteroidia;o__Bacteroidales;f__Bacteroidaceae;g__Bacteroides;s__Bacteroides_vulgatus	k__Bacteria;p__Bacteroidetes;c__Bacteroidia;o__Bacteroidales;f__Bacteroidaceae;g__Bacteroides;s__Bacteroides_uniformis	k__Bacteria;p__Bacteroidetes;c__Bacteroidia;o__Bacteroidales;f__Rikenellaceae;g__Alistipes;s__Alistipes_putredinis	k__Bacteria;p__Bacteroidetes;c__Bacteroidia;o__Bacteroidales;f__Prevotellaceae;g__Prevotella;s__Prevotella_copri	k__Bacteria;p__Bacteroidetes;c__Bacteroidia;o__Bacteroidales;f__Bacteroidaceae;g__Bacteroides;s__Bacteroides_stercoris	k__Bacteria;p__Bacteroidetes;c__Bacteroidia;o__Bacteroidales;f__Bacteroidaceae;g__Bacteroides;s__Bacteroides_ovatus	k__Bacteria;p__Bacteroidetes;c__Bacteroidia;o__Bacteroidales;f__Rikenellaceae;g__Alistipes;s__Alistipes_shahii	k__Bacteria;p__Firmicutes;c__Clostridia;o__Clostridiales;f__Ruminococcaceae;g__Faecalibacterium;s__Faecalibacterium_prausnitzii	k__Bacteria;p__Bacteroidetes;c__Bacteroidia;o__Bacteroidales;f__Rikenellaceae;g__Alistipes;s__Alistipes_finegoldii	k__Bacteria;p__Bacteroidetes;c__Bacteroidia;o__Bacteroidales;f__Porphyromonadaceae;g__Parabacteroides;s__Parabacteroides_distasonis	k__Bacteria;p__Bacteroidetes;c__Bacteroidia;o__Bacteroidales;f__Bacteroidaceae;g__Bacteroides;s__Bacteroides_thetaiotaomicron	k__Bacteria;p__Bacteroidetes;c__Bacteroidia;o__Bacteroidales;f__Bacteroidaceae;g__Bacteroides;s__Bacteroides_coprocola	k__Bacteria;p__Bacteroidetes;c__Bacteroidia;o__Bacteroidales;f__Bacteroidaceae;g__Bacteroides;s__Bacteroides_cellulosilyticus	k__Bacteria;p__Bacteroidetes;c__Bacteroidia;o__Bacteroidales;f__Rikenellaceae;g__Alistipes;s__Alistipes_obesi	k__Bacteria;p__Firmicutes;c__Clostridia;o__Clostridiales;f__Lachnospiraceae;g__;s__[Eubacterium]_rectale	k__Bacteria;p__Bacteroidetes;c__Bacteroidia;o__Bacteroidales;f__Bacteroidaceae;g__Bacteroides;s__Bacteroides_plebeius	k__Bacteria;p__Bacteroidetes;c__Bacteroidia;o__Bacteroidales;f__Bacteroidaceae;g__Bacteroides;s__Bacteroides_fragilis	k__Bacteria;p__Proteobacteria;c__Betaproteobacteria;o__Burkholderiales;f__Sutterellaceae;g__Sutterella;s__Sutterella_wadsworthensis	k__Bacteria;p__Bacteroidetes;c__Bacteroidia;o__Bacteroidales;f__Porphyromonadaceae;g__Barnesiella;s__Barnesiella_intestinihominis	k__Bacteria;p__Bacteroidetes;c__Bacteroidia;o__Bacteroidales;f__Odoribacteraceae;g__Odoribacter;s__Odoribacter_splanchnicus	k__Bacteria;p__Bacteroidetes;c__Bacteroidia;o__Bacteroidales;f__Bacteroidaceae;g__Bacteroides;s__Bacteroides_salyersiae	k__Bacteria;p__Firmicutes;c__Clostridia;o__Clostridiales;f__Ruminococcaceae;g__Ruminiclostridium;s__[Eubacterium]_siraeum	k__Bacteria;p__Proteobacteria;c__Betaproteobacteria;o__Burkholderiales;f__Sutterellaceae;g__Parasutterella;s__Parasutterella_excrementihominis	k__Bacteria;p__Actinobacteria;c__Actinobacteria;o__Bifidobacteriales;f__Bifidobacteriaceae;g__Bifidobacterium;s__Bifidobacterium_adolescentis	k__Bacteria;p__Firmicutes;c__Clostridia;o__Clostridiales;f__Oscillospiraceae;g__Oscillibacter;s__Oscillibacter_sp._KLE_1745	k__Bacteria;p__Bacteroidetes;c__Bacteroidia;o__Bacteroidales;f__Bacteroidaceae;g__Bacteroides;s__Bacteroides_coprophilus	k__Bacteria;p__Firmicutes;c__Clostridia;o__Clostridiales;f__Lachnospiraceae;g__Roseburia;s__Roseburia_intestinalis	k__Bacteria;p__Firmicutes;c__Clostridia;o__Clostridiales;f__Lachnospiraceae;g__Roseburia;s__Roseburia_hominis	k__Bacteria;p__Bacteroidetes;c__Bacteroidia;o__Bacteroidales;f__Porphyromonadaceae;g__Parabacteroides;s__Parabacteroides_johnsonii	k__Bacteria;p__Actinobacteria;c__Actinobacteria;o__Bifidobacteriales;f__Bifidobacteriaceae;g__Bifidobacterium;s__Bifidobacterium_longum	k__Bacteria;p__Firmicutes;c__Clostridia;o__Clostridiales;f__;g__Flavonifractor;s__Flavonifractor_plautii	k__Bacteria;p__Firmicutes;c__Clostridia;o__Clostridiales;f__Clostridiaceae;g__Clostridium;s__Clostridium_phoceensis	k__Bacteria;p__Verrucomicrobia;c__Verrucomicrobiae;o__Verrucomicrobiales;f__Akkermansiaceae;g__Akkermansia;s__Akkermansia_muciniphila	k__Bacteria;p__Bacteroidetes;c__Bacteroidia;o__Bacteroidales;f__Prevotellaceae;g__Paraprevotella;s__Paraprevotella_xylaniphila	k__Bacteria;p__Firmicutes;c__Clostridia;o__Clostridiales;f__Ruminococcaceae;g__Ruminococcus;s__Ruminococcus_callidus	k__Bacteria;p__Bacteroidetes;c__Bacteroidia;o__Bacteroidales;f__Rikenellaceae;g__Alistipes;s__Alistipes_senegalensis	k__Bacteria;p__Firmicutes;c__Clostridia;o__Clostridiales;f__Lachnospiraceae;g__Blautia;s__Blautia_sp._KLE_1732	k__Bacteria;p__Bacteroidetes;c__Bacteroidia;o__Bacteroidales;f__Bacteroidaceae;g__Bacteroides;s__Bacteroides_oleiciplenus	k__Bacteria;p__Firmicutes;c__Clostridia;o__Clostridiales;f__Ruminococcaceae;g__Ruminococcus;s__Ruminococcus_bicirculans	k__Bacteria;p__Bacteroidetes;c__Bacteroidia;o__Bacteroidales;f__Bacteroidaceae;g__Bacteroides;s__Bacteroides_fluxus	k__Bacteria;p__Bacteroidetes;c__Bacteroidia;o__Bacteroidales;f__Prevotellaceae;g__Prevotella;s__Prevotella_stercorea	k__Bacteria;p__Firmicutes;c__Clostridia;o__Clostridiales;f__Lachnospiraceae;g__Dorea;s__Dorea_longicatena	k__Bacteria;p__Firmicutes;c__Clostridia;o__Clostridiales;f__Eubacteriaceae;g__Eubacterium;s__[Eubacterium]_eligens	k__Bacteria;p__Firmicutes;c__Clostridia;o__Clostridiales;f__Ruminococcaceae;g__;s__Ruminococcaceae_bacterium_D16	k__Bacteria;p__Firmicutes;c__Clostridia;o__Clostridiales;f__Lachnospiraceae;g__Coprococcus;s__Coprococcus_comes	k__Bacteria;p__Proteobacteria;c__Gammaproteobacteria;o__Enterobacterales;f__Enterobacteriaceae;g__Escherichia;s__Escherichia_coli	k__Bacteria;p__Firmicutes;c__Clostridia;o__Clostridiales;f__Ruminococcaceae;g__Anaerotruncus;s__Anaerotruncus_colihominis	k__Bacteria;p__Firmicutes;c__Clostridia;o__Clostridiales;f__Lachnospiraceae;g__Blautia;s__Blautia_obeum	k__Bacteria;p__Bacteroidetes;c__Bacteroidia;o__Bacteroidales;f__Odoribacteraceae;g__Odoribacter;s__Odoribacter_laneus	k__Bacteria;p__Firmicutes;c__Clostridia;o__Clostridiales;f__Ruminococcaceae;g__Ruminiclostridium;s__[Clostridium]_leptum	k__Bacteria;p__Bacteroidetes;c__Bacteroidia;o__Bacteroidales;f__Porphyromonadaceae;g__Parabacteroides;s__Parabacteroides_goldsteinii	k__Bacteria;p__Firmicutes;c__Clostridia;o__Clostridiales;f__Lachnospiraceae;g__Anaerostipes;s__Anaerostipes_hadrus	k__Bacteria;p__Firmicutes;c__Clostridia;o__Clostridiales;f__Ruminococcaceae;g__Ruminococcus;s__Ruminococcus_lactaris	k__Bacteria;p__Firmicutes;c__Clostridia;o__Clostridiales;f__Clostridiaceae;g__Clostridium;s__Clostridium_sp._L2-50	k__Bacteria;p__Firmicutes;c__Clostridia;o__Clostridiales;f__Clostridiaceae;g__Clostridium;s__Clostridium_sp._M62/1	k__Bacteria;p__Firmicutes;c__Clostridia;o__Clostridiales;f__;g__Intestinimonas;s__Intestinimonas_butyriciproducens	k__Bacteria;p__Actinobacteria;c__Actinobacteria;o__Bifidobacteriales;f__Bifidobacteriaceae;g__Bifidobacterium;s__Bifidobacterium_bifidum	k__Bacteria;p__Firmicutes;c__Negativicutes;o__Veillonellales;f__Veillonellaceae;g__Dialister;s__Dialister_invisus	k__Bacteria;p__Bacteroidetes;c__Bacteroidia;o__Bacteroidales;f__Bacteroidaceae;g__Bacteroides;s__Bacteroides_salanitronis
k__Bacteria;p__Bacteroidetes;c__Bacteroidia;o__Bacteroidales;f__Bacteroidaceae;g__Bacteroides;s__Bacteroides_vulgatus	1.0	-0.0297634081706	0.0352064466253	-0.0287584025736	-0.0780635330317	0.0180294021118	-0.0427645504855	0.0256824890891	-0.00150551686672	0.0124150509149	-0.0493018711663	-0.0291177690148	-0.0449759043721	-0.00952752537317	0.0589128691282	-0.0378224147992	0.0663907418383	-0.0260542280443	0.0137993086441	0.0352663339781	-0.013144520875	-0.0462047354197	0.0752271628145	-0.0456770065823	0.0249693751598	-0.0577781454696	-0.0350098662957	0.0308952367887	-0.0469773077166	-0.00651500135021	0.0104933960942	0.022789420932	0.00207997667788	-0.00605837990323	-0.0445774922482	-0.00312398525977	0.00776828889128	0.0390891000225	0.0409202061065	-0.00740236730334	-0.0238401269675	-0.00586170163328	0.0201070259306	-0.0371919517819	0.00534355410129	0.00480904794888	-0.0679525749047	0.0530928669271	-0.000544213395245	-0.0340253877155	-0.0521594459361	0.0426897546271	-0.000396636365943	-0.0572528484235	0.00763782063039	-0.00283160352938	-0.0382701113478	0.0486923900421	-0.0490963833828
k__Bacteria;p__Bacteroidetes;c__Bacteroidia;o__Bacteroidales;f__Bacteroidaceae;g__Bacteroides;s__Bacteroides_uniformis	-0.0297634081706	1.0	0.0272819076156	-0.0108668019893	0.00680012544761	-0.0279562822822	0.0602796285677	0.0122140747671	0.00452372540641	-0.03818740514	-0.0358276936625	-0.0162541741287	-0.0298054371428	-0.000609828861236	-0.00573746993899	-0.0503287897152	-0.00367166576194	-0.0428659713543	-0.0262761995951	0.0315384418595	0.0472141067814	-0.0299485324353	-0.0294802315566	-0.0310738662302	-0.00336902479666	0.0367069608772	0.0181031382215	-0.017074278569	-0.0351715774329	0.0021697277792	0.00852910596483	0.0472654865112	-0.00369791888597	0.0105174201474	-0.0417939703448	-0.0942634521219	-0.0782756510215	0.0532826200645	-0.0189427956256	0.00681184630089	-0.00230460810713	-0.0445354930628	-0.00335270603399	-0.0322091684499	-0.00400056298524	-0.000546539077367	-0.0261425040212	0.0435501685285	-0.00736722420814	0.0242178601064	0.00638821882771	-0.0560622613934	0.00727241355661	0.017375163495	-0.016060612971	-0.0205551611139	-0.0240250743017	-0.0096508567634	0.0134774029712
k__Bacteria;p__Bacteroidetes;c__Bacteroidia;o__Bacteroidales;f__Rikenellaceae;g__Alistipes;s__Alistipes_putredinis	0.0352064466253	0.0272819076156	1.0	0.0217703873525	0.00198034384696	0.0120486156156	0.00123121755282	0.027241751574	0.0126693927612	-0.0375144623197	-0.0290205262502	0.0594262597362	0.0363690033599	-0.043271347299	-0.00233990867904	-0.0742672217341	-0.0268068855513	0.00199778462016	-0.0214367897027	-0.0814897252046	-0.0250417531113	-0.0206505574592	0.0326150602817	-0.0786928033904	-0.00250132663384	-0.0870763965413	-0.0197782120347	0.0212753690407	0.0313167388821	-0.00575949083844	-0.0195443168969	-0.0559240613959	-0.0158834598747	-0.0230038309547	-0.0215108936217	0.00698160608387	-0.00512455851108	0.0395584316094	0.000456904407671	-0.0294091164599	-0.0212483640161	-0.0136425066478	-0.0518026416808	-0.0428528543993	-0.0324655630223	-0.0202860467324	-0.0697096262939	0.0758617698301	0.0369094079938	-0.0276295038725	-0.0231330136207	-0.0109845494483	0.0479993135782	-0.0233284707368	0.0243444911228	-0.0126312155526	-0.0318536603456	0.0501771598152	0.0571388162022
k__Bacteria;p__Bacteroidetes;c__Bacteroidia;o__Bacteroidales;f__Prevotellaceae;g__Prevotella;s__Prevotella_copri	-0.0287584025736	-0.0108668019893	0.0217703873525	1.0	-0.0338810127765	-0.0153671872027	0.0438614972191	0.00776457058302	-0.0171255784744	-0.00729047918474	0.0626259406814	-0.00444038810765	-0.0214784367476	-0.0621025024776	-0.00726050326028	-0.0498235247107	0.0494617397424	0.00344063713379	-0.0651076765127	0.0210704577538	-0.0157090332377	-0.029851646474	-0.0281428680223	-0.0634306470035	-0.0091783313476	-0.0414936366549	-0.00920838946653	0.000534607673404	0.00516756328944	-0.0203230220221	-0.00456805183999	0.00492570883009	-0.0284858776188	0.0302814804186	-0.0138999064996	-0.0143908374568	0.0241281112152	0.000502828088589	0.0176535646188	-0.0460442059637	-0.0278384660873	-0.0059355145093	0.0507616915876	0.0174954229149	-0.00990222314022	0.0118908566638	-0.0299332612694	-0.0469961953162	0.00314379348081	-0.101544212858	0.0432364227442	0.0105681154436	-0.0311361415094	0.00867257569677	0.0319810354039	-0.00781422582363	-0.00868493713704	-0.0274446757783	-0.0155792343866
k__Bacteria;p__Bacteroidetes;c__Bacteroidia;o__Bacteroidales;f__Bacteroidaceae;g__Bacteroides;s__Bacteroides_stercoris	-0.0780635330317	0.00680012544761	0.00198034384696	-0.0338810127765	1.0	0.0488827411279	-0.0258510480965	0.0696613324438	-0.05585936774	0.0300937868684	-0.0649246026924	-0.0517827330897	-0.0300200206665	-0.0536740876472	-0.00448423237765	0.0185002881219	-0.0643850205778	-0.00114208813222	-0.0459038852102	-0.0577510546266	0.0151321949264	0.00998811867141	0.0261318249415	-0.0796881017673	-0.00415883833484	-0.0167679805958	-0.0463810040516	-0.0226715059398	-0.0335905623642	-0.000383325159822	-0.020998892461	0.0558441691155	-0.0287681375266	0.0332127328287	-0.00889926233419	0.0305739350889	-0.032103181632	0.0400182798867	0.0142390380882	0.00933124479528	0.0208653047254	-0.0789765836968	-0.0422973809175	-0.0250646771562	-0.00366779862534	-0.0203916474451	0.0358401355954	-0.0292998411807	-0.00250131103348	0.0171662949723	0.00159594934516	0.0119125208556	0.0100675418676	0.0478849739225	0.0193826185807	0.02938146334	-0.0194575051838	0.0145852020348	0.0192969442152
k__Bacteria;p__Bacteroidetes;c__Bacteroidia;o__Bacteroidales;f__Bacteroidaceae;g__Bacteroides;s__Bacteroides_ovatus	0.0180294021118	-0.0279562822822	0.0120486156156	-0.0153671872027	0.0488827411279	1.0	-0.0128333260425	-0.0167478744943	-0.0105397728281	0.0160353765932	0.0345010459758	0.0112633205849	-0.0122626062428	-0.0375123341422	-0.0043833363138	0.0415587008057	-0.0324595229528	0.00655724658851	0.043898732204	-0.00872025441406	0.0027500748789	-0.0524421769618	-0.0213546739612	0.00657885896215	-0.018195631138	-0.0124244053717	0.0262545799111	0.0272393028332	-0.0197073664964	0.0199522069871	-0.018861112198	-0.0309735362766	0.0124240473852	-0.0380027538845	-0.00820334882695	0.0453010725499	0.061920750047	-0.0180287488253	0.00476287257656	0.00762832786895	-0.0509019764538	0.0218788373173	-0.04374517515	0.0689127465522	0.00251711480135	-0.00487398034606	0.00627423438334	-0.0350667578143	-0.0135427100196	0.0262088998903	-0.0205771691909	0.0067135777822	0.0145632573115	0.0379982693713	-0.00846468963558	-0.054349763106	-0.00948429892684	-0.0355309736768	0.0145377187774
k__Bacteria;p__Bacteroidetes;c__Bacteroidia;o__Bacteroidales;f__Rikenellaceae;g__Alistipes;s__Alistipes_shahii	-0.0427645504855	0.0602796285677	0.00123121755282	0.0438614972191	-0.0258510480965	-0.0128333260425	1.0	0.00679655529567	0.0345613820669	0.00570484604633	-0.0427045298175	-0.00209963309753	-0.0512721089777	0.026315610608	0.0113241768435	0.048138274605	0.0458474388585	-0.0402982030896	-0.059441014963	-0.0222771660051	0.0360083759192	-0.00878231827438	0.0305219117623	-0.00722978922848	-0.0239040259352	0.0463462247841	0.0678431139765	0.00919070156971	0.0322421499653	-0.0371315837348	-0.00243366746303	0.0254974862937	-0.00541970194289	-0.0133317590248	0.0208765665204	0.0103811157231	-0.0189055045324	0.0164276505616	-0.0416366917345	-0.021072404318	-0.0500251713324	0.0144878487245	-0.00509888080265	-0.0613678798146	0.0161190878636	0.0275811980791	-0.00200683981489	0.0315781248133	-0.0490094943258	0.0172045017813	-0.0698736376126	-0.0286339398505	-0.0620454015261	0.0219250199548	0.0209270834538	-0.0177470778967	-0.00318717761272	-0.00893572867839	-0.0284109262574
k__Bacteria;p__Firmicutes;c__Clostridia;o__Clostridiales;f__Ruminococcaceae;g__Faecalibacterium;s__Faecalibacterium_prausnitzii	0.0256824890891	0.0122140747671	0.027241751574	0.00776457058302	0.0696613324438	-0.0167478744943	0.00679655529567	1.0	0.0513870580262	0.0604817864465	-0.0285688959731	-0.00673794305534	-0.033683009508	0.0368987962903	-0.0536638974129	-0.0293745029357	-0.0592458965621	-0.0149592382213	-0.00915142396294	0.0111192937476	-0.00415986107711	0.0341038403035	-0.0286179373985	-0.0222839209408	-0.0321952977105	-0.0774291580439	0.00394848642022	-0.00965191036346	-0.0216576785258	0.0148402713199	-0.055129321271	-0.0279584937579	0.017048776951	-0.0277810797526	-0.0483627590239	-0.0171431781587	-0.0326535314293	0.0335238884173	-0.0308313203757	-0.0289505473166	0.0339747048673	-0.0269058176041	-0.0274238330189	0.0306480711705	0.00592543394765	0.0202341724177	0.0713925181055	0.067691536729	0.0265390517224	-0.0376585138313	-0.0550419315755	0.00610071213569	-0.0724234371854	0.0273113330323	-0.0390509188655	-0.0210182432312	0.0177353219287	-0.0104043406293	0.0221436043175
k__Bacteria;p__Bacteroidetes;c__Bacteroidia;o__Bacteroidales;f__Rikenellaceae;g__Alistipes;s__Alistipes_finegoldii	-0.00150551686672	0.00452372540641	0.0126693927612	-0.0171255784744	-0.05585936774	-0.0105397728281	0.0345613820669	0.0513870580262	1.0	-0.0578898776212	0.0657631273617	0.0280818537039	-0.0547614816254	-0.058057680857	-0.0129744370223	-0.0300813479706	0.0799168944994	-0.0111942313429	-0.0260720759167	-0.00575102435778	-0.0182242649378	0.047713000029	0.0196783109047	-0.0153861399942	-0.0220806901288	-0.0333817352457	0.00679283770783	-0.0230260862588	-0.0191837780214	0.00710811335919	-0.0544992223253	-0.0221509303509	-0.0244835873706	-0.0161044718849	-0.0597961758046	-0.00579295514033	-0.0137908816186	-0.0404479095746	-0.0404816058754	0.0286923706633	0.0427990602901	0.00371685435181	-0.00362696128568	0.0495249059587	0.00143072644893	0.0321583578816	-0.022610617777	-0.0281045969046	-0.0289109845697	0.029479588544	0.0097582956937	-0.0392451516722	0.00328381088064	0.0584584158074	-0.0439487212371	-0.0502505820164	0.00432405846605	0.00810732361515	-0.022722270414
k__Bacteria;p__Bacteroidetes;c__Bacteroidia;o__Bacteroidales;f__Porphyromonadaceae;g__Parabacteroides;s__Parabacteroides_distasonis	0.0124150509149	-0.03818740514	-0.0375144623197	-0.00729047918474	0.0300937868684	0.0160353765932	0.00570484604633	0.0604817864465	-0.0578898776212	1.0	-0.0230357293486	0.0309968891403	0.0618796424653	-0.0285078882848	0.0117398453904	-0.0144419825396	-0.0227849961344	-0.0483455099866	-0.0252439297329	0.0123623803335	-0.0249786184824	-0.00807967905827	0.0426336368551	0.0389576022306	-0.0122060108425	0.048904685352	-0.0250013574767	-0.0205925879349	-0.00831683355546	0.0096763541883	0.00215586798734	-0.0316739771829	-0.0287094752604	-0.0364245999601	0.0405740607879	-0.00105711872472	0.044609677702	0.00364415948481	-0.00879021064358	0.00595250491011	0.0190986848609	-0.00206907984488	0.000585194972856	0.0152130442566	-0.0680767563257	0.0224542944712	-0.0506461246563	-0.0503437979311	-0.00102997316642	-0.0449700649704	-0.0262075601583	-0.0261467684394	0.0693820216142	-0.0656389471909	-0.0144026377131	0.0101045043813	0.000763368163048	0.00761220827293	-0.0229625776354
k__Bacteria;p__Bacteroidetes;c__Bacteroidia;o__Bacteroidales;f__Bacteroidaceae;g__Bacteroides;s__Bacteroides_thetaiotaomicron	-0.0493018711663	-0.0358276936625	-0.0290205262502	0.0626259406814	-0.0649246026924	0.0345010459758	-0.0427045298175	-0.0285688959731	0.0657631273617	-0.0230357293486	1.0	0.00158279114186	-0.0230497370636	0.0581399287358	-0.0238545311461	0.014708691841	-0.0222982825696	-0.0314304918763	-0.0371987872324	0.0294205819327	0.0172815421506	-0.006788858042	-0.0108097496825	0.0171400785578	0.0169390885878	0.019916272235	-0.0546373607913	-0.0218307119331	-0.0404040311971	-0.00717173633206	-0.0116634477818	0.0182529635578	0.0137173189469	0.0118985700059	-0.0498429594525	-0.0509617845515	-0.0534476060717	-0.0522154238543	0.00155096309471	-0.0610455201697	0.0139195730682	0.0345947502885	-0.0226617606891	0.00366848014041	0.00718491955714	-0.0175111574624	0.0379022193246	0.00295136742276	-0.0098263372355	-0.00193712170604	-0.0323176016942	0.0113411556175	0.0332774066971	0.073419409163	-0.00418639895741	0.0134781187471	-0.00551307680597	-0.0750767049913	0.00625145986416
k__Bacteria;p__Bacteroidetes;c__Bacteroidia;o__Bacteroidales;f__Bacteroidaceae;g__Bacteroides;s__Bacteroides_coprocola	-0.0291177690148	-0.0162541741287	0.0594262597362	-0.00444038810765	-0.0517827330897	0.0112633205849	-0.00209963309753	-0.00673794305534	0.0280818537039	0.0309968891403	0.00158279114186	1.0	0.0238097513536	0.0144805714031	0.0135311582748	-0.020059651565	-0.0161071717608	-0.00145815278991	-0.0132351009081	0.0248562746878	-0.0454610292772	0.0383881487267	0.014393231777	-0.0140497560468	-0.00218504364868	-0.0444011234917	-0.00228152052603	-0.0259361767335	0.0203797378731	-0.0304489653619	-0.00528864754765	-0.0130270855641	-0.0304314080614	-0.00736091898043	0.00650525399702	-0.00322948674752	-0.0671828894806	-0.00461734059391	-0.0262650745008	-0.0780099509805	-0.0137963153126	0.0319578872341	-0.042336640899	-0.0328165106822	-0.00898583986706	-0.00549891333001	-0.0106078589926	0.0294060978979	-0.0803150359029	0.000280781474986	0.0280630886933	-0.0120065685234	-0.0202411652986	0.027662396973	-0.0265106040124	-0.039926754568	0.0244138589997	0.0069358155083	-0.0283082374679
k__Bacteria;p__Bacteroidetes;c__Bacteroidia;o__Bacteroidales;f__Bacteroidaceae;g__Bacteroides;s__Bacteroides_cellulosilyticus	-0.0449759043721	-0.0298054371428	0.0363690033599	-0.0214784367476	-0.0300200206665	-0.0122626062428	-0.0512721089777	-0.033683009508	-0.0547614816254	0.0618796424653	-0.0230497370636	0.0238097513536	1.0	0.0805913600368	-0.0104971395516	-0.0272412621299	-0.0240822783093	0.0207588011305	0.0146302783968	-0.0386527783936	0.016858374655	-0.0343847211876	-0.0194225828404	0.0635512042913	-0.0708692335002	0.0569175275695	0.0091047833951	0.0261361087744	0.00334784378223	-0.0072383474106	0.0148614324854	-0.041214660102	-0.00794893839145	-0.0169079379153	-0.0588940228859	-0.0189271308045	-0.0233619398452	0.00421806952166	-0.0258747993559	-0.0476814583034	-0.0023389948318	0.0202436900813	0.0495316697704	0.00954973106877	0.00884598218037	0.0490168397363	0.0139262118271	0.00175380043013	0.0620875182106	-0.0285922716107	0.0237034443549	0.00281109526479	-0.0223155093893	0.00659348744632	0.0307834256856	-0.0057653870017	0.0447783744009	-0.00920637314797	0.00575983502934
k__Bacteria;p__Bacteroidetes;c__Bacteroidia;o__Bacteroidales;f__Rikenellaceae;g__Alistipes;s__Alistipes_obesi	-0.00952752537317	-0.000609828861236	-0.043271347299	-0.0621025024776	-0.0536740876472	-0.0375123341422	0.026315610608	0.0368987962903	-0.058057680857	-0.0285078882848	0.0581399287358	0.0144805714031	0.0805913600368	1.0	-0.0621749281798	0.0224565964146	0.0577260093576	0.0201898615311	-0.0166335704503	-0.0687068938114	0.0410094793619	-0.00318075478833	-0.0198818017756	-0.0371781562093	-0.00350754247736	-0.0276749906143	0.00708711696079	-0.050651012114	0.060827045378	-0.0190143052068	0.0309519979446	0.0102083362917	-0.0186988429594	-0.02289077346	0.019044705417	-0.0803009629307	-0.0189014597795	0.0217898254613	0.0416773456881	-0.0885135750808	-0.00829101162374	-0.0213289152216	-0.00647235775714	-0.0351622756884	0.0125221666561	0.0432614588969	0.0276748463097	0.0162040414955	0.00201739465026	0.0108060328504	-0.0198101489979	-0.0166522363217	-0.0105314757732	0.0163060098646	0.0177631388906	0.0211253625901	0.0178917186632	-0.0427550789686	0.00801933239114
k__Bacteria;p__Firmicutes;c__Clostridia;o__Clostridiales;f__Lachnospiraceae;g__;s__[Eubacterium]_rectale	0.0589128691282	-0.00573746993899	-0.00233990867904	-0.00726050326028	-0.00448423237765	-0.0043833363138	0.0113241768435	-0.0536638974129	-0.0129744370223	0.0117398453904	-0.0238545311461	0.0135311582748	-0.0104971395516	-0.0621749281798	1.0	0.00433175715717	0.0266850656377	-0.0695485889418	-0.0198686293816	0.0201813974698	0.00180962228847	-0.0147946101804	-0.0314334979211	-0.00723136899191	-0.00622141771412	-0.062723717656	-0.034294382926	-0.0302436444012	-0.0513359327248	-0.0188532208273	0.0390248928889	-0.0167167129209	-0.0501049136792	0.0524182503284	-0.00370397996635	0.0117684539459	0.011314647572	-0.0349952689658	-9.34593314736e-05	0.0475712362538	-0.000734568672642	0.0181972191968	-0.0113632019454	-0.0225298511973	0.0058591187912	-0.0377369087924	-0.00824296422448	0.0252763380888	0.0271094375006	-0.00388094124321	-0.0505334514951	-0.000996487271526	-0.047798938716	0.0287352849064	-0.0262528222493	0.00344008429395	0.018063802871	-0.0184040923307	0.0406247520531
k__Bacteria;p__Bacteroidetes;c__Bacteroidia;o__Bacteroidales;f__Bacteroidaceae;g__Bacteroides;s__Bacteroides_plebeius	-0.0378224147992	-0.0503287897152	-0.0742672217341	-0.0498235247107	0.0185002881219	0.0415587008057	0.048138274605	-0.0293745029357	-0.0300813479706	-0.0144419825396	0.014708691841	-0.020059651565	-0.0272412621299	0.0224565964146	0.00433175715717	1.0	-0.0341450612902	-0.00821579440935	0.0495522903893	-0.0960983529651	0.0139419451442	-0.00748952521698	-0.0372589128963	0.0341530685768	-0.00625022880148	-0.015308305938	-0.0434218975735	0.0347976532322	0.0359027225502	-0.0632893722013	-0.0248226861169	-0.0754164847091	0.00467445542119	0.0333340806442	0.0690928261584	0.0138210179003	-0.0149745097858	-0.0899185395686	0.0267595091206	0.0342664143862	0.0732516905553	0.00670983532436	-0.0587108207893	-0.0305846895	-0.00118470310854	-0.036630522362	-0.0314043288008	0.009587316755	0.0210402340542	-0.0592186261094	0.0704849717466	0.00573092836467	-0.0125940789301	-0.0104075608105	-0.0157517885579	0.0266363709848	-0.0129206164409	-0.0614089723868	-0.0252030766279
k__Bacteria;p__Bacteroidetes;c__Bacteroidia;o__Bacteroidales;f__Bacteroidaceae;g__Bacteroides;s__Bacteroides_fragilis	0.0663907418383	-0.00367166576194	-0.0268068855513	0.0494617397424	-0.0643850205778	-0.0324595229528	0.0458474388585	-0.0592458965621	0.0799168944994	-0.0227849961344	-0.0222982825696	-0.0161071717608	-0.0240822783093	0.0577260093576	0.0266850656377	-0.0341450612902	1.0	-0.00124113291589	-0.00854160653937	-0.0277416269313	-0.0264883223991	0.0187841606328	-0.00971717843965	-0.051995914216	-0.0119757651062	-0.00683738959869	-0.0617586475224	-0.0635547597811	-0.0540637435243	0.057798884709	0.0400730096706	-0.0242687272497	0.029282735913	0.00203212198013	0.00587711031459	0.0546988664334	0.0244465223906	-0.0156800305944	-0.00292148547252	0.0376546194297	0.0367635085552	-0.0150215942425	-0.00678625266403	-0.0409970442568	-0.0473276686461	0.0105690933573	-0.0106301256451	-0.0197076162175	0.0327829189207	0.00582599454637	0.00886940850447	-0.0525163145619	-0.0142275012556	-0.00235692403976	0.0242099157207	0.00795262633021	0.00495666895287	-0.0501854895481	-0.0219033480153
k__Bacteria;p__Proteobacteria;c__Betaproteobacteria;o__Burkholderiales;f__Sutterellaceae;g__Sutterella;s__Sutterella_wadsworthensis	-0.0260542280443	-0.0428659713543	0.00199778462016	0.00344063713379	-0.00114208813222	0.00655724658851	-0.0402982030896	-0.0149592382213	-0.0111942313429	-0.0483455099866	-0.0314304918763	-0.00145815278991	0.0207588011305	0.0201898615311	-0.0695485889418	-0.00821579440935	-0.00124113291589	1.0	-0.0528638527437	0.0219697161679	-0.0631797690323	-0.0319403134056	-0.0680374542748	-0.0100228968018	-0.0454827624389	0.0771683833331	-0.0234844593022	-0.0116937156953	-0.00692194199701	0.0267817370873	-0.0283686226327	0.0564423179745	0.0464555917743	-0.0344930824783	-0.0273997880484	-0.0294832957345	-0.0391566363724	0.0149424335234	0.0128101721245	0.0285297860493	-0.0289346548455	-0.0435791971807	-0.0281199157221	-0.0406353914271	-0.00053844514996	0.0122223812718	-0.00589340792731	-0.0547105981845	0.0335797722449	-0.0533982484315	0.031911700503	0.00302868834145	-0.00211978981785	0.00115690107293	-0.0250153091476	-0.0207319973519	0.0314175438455	-0.0365913570377	-0.00741320376394
k__Bacteria;p__Bacteroidetes;c__Bacteroidia;o__Bacteroidales;f__Porphyromonadaceae;g__Barnesiella;s__Barnesiella_intestinihominis	0.0137993086441	-0.0262761995951	-0.0214367897027	-0.0651076765127	-0.0459038852102	0.043898732204	-0.059441014963	-0.00915142396294	-0.0260720759167	-0.0252439297329	-0.0371987872324	-0.0132351009081	0.0146302783968	-0.0166335704503	-0.0198686293816	0.0495522903893	-0.00854160653937	-0.0528638527437	1.0	0.007564861027	-0.000930908546728	0.0494073187911	0.0216869400159	0.0413001280922	-0.0549163454447	0.00161017045442	0.00721474167542	0.045548588522	-0.00825788491972	0.00180459125195	0.0270080480216	-0.0109639931413	-0.0161834243333	0.00650578659351	-0.0162432399215	-9.10498465246e-05	-0.0191095706819	0.0083065068394	-0.0144716359342	-0.00747490053249	0.0377910397899	-0.0527407876739	-0.0106775679503	-0.0213181115839	-0.0489902070024	0.00757708794043	-0.0524633216213	0.00486004132135	-0.0813661954865	0.0885701597072	0.0207160998916	-0.00536352480957	-0.0261356870304	-0.00512090017417	-0.0461964021398	-0.0138370770265	-0.0947783201887	0.0218853658635	-0.0235477508126
k__Bacteria;p__Bacteroidetes;c__Bacteroidia;o__Bacteroidales;f__Odoribacteraceae;g__Odoribacter;s__Odoribacter_splanchnicus	0.0352663339781	0.0315384418595	-0.0814897252046	0.0210704577538	-0.0577510546266	-0.00872025441406	-0.0222771660051	0.0111192937476	-0.00575102435778	0.0123623803335	0.0294205819327	0.0248562746878	-0.0386527783936	-0.0687068938114	0.0201813974698	-0.0960983529651	-0.0277416269313	0.0219697161679	0.007564861027	1.0	-0.0636938039579	0.00610617419385	-0.0360647417912	0.0615611994429	0.023092926521	-0.0686304718369	-0.0401973819188	0.0866394451384	-0.0225685285143	0.00084494678461	0.0193993984843	-0.0337268916764	-0.0436068802929	-0.0147663354516	0.0271882132899	-0.0901972532352	0.0301166685147	0.0468230227484	0.00204147765388	-0.0407291446096	-0.0398052298508	0.0180812172636	0.019396361232	-0.0201584171948	0.0433668883454	-0.0147944243199	-0.0575764264846	-0.0074892688326	-0.0118171268746	-0.0170848320429	-0.0189618722393	-0.0154181530527	-0.00339929614623	0.0149710143565	-0.00485721436852	-0.0365390161225	0.0382739210319	-0.0470523991269	-0.0197521940207
k__Bacteria;p__Bacteroidetes;c__Bacteroidia;o__Bacteroidales;f__Bacteroidaceae;g__Bacteroides;s__Bacteroides_salyersiae	-0.013144520875	0.0472141067814	-0.0250417531113	-0.0157090332377	0.0151321949264	0.0027500748789	0.0360083759192	-0.00415986107711	-0.0182242649378	-0.0249786184824	0.0172815421506	-0.0454610292772	0.016858374655	0.0410094793619	0.00180962228847	0.0139419451442	-0.0264883223991	-0.0631797690323	-0.000930908546728	-0.0636938039579	1.0	0.0179303377148	0.0324406669821	-0.0383118736045	0.00440317108228	-0.0343847261452	-0.04867135975	0.0100916271857	0.0365906432621	-0.0164047064891	-0.0653347415933	-0.00696843779243	0.0271422125383	-0.0176460455544	0.0391918484464	-0.00275940432486	0.0229139435114	-0.0127185745942	0.0538848058968	-0.0440673447094	-0.0197124503769	-0.0227716074901	0.0254332952079	-0.0416507466085	-0.000578870190262	-0.0597716463866	0.00708704655134	0.0553366259844	0.00113655590172	0.00153242614791	-0.0286768438547	-0.00508798379629	0.0462004582273	-0.0155855954847	-0.0572383284467	0.0130428986402	-0.0272759357632	0.0105892294017	-0.0316134148224
k__Bacteria;p__Firmicutes;c__Clostridia;o__Clostridiales;f__Ruminococcaceae;g__Ruminiclostridium;s__[Eubacterium]_siraeum	-0.0462047354197	-0.0299485324353	-0.0206505574592	-0.029851646474	0.00998811867141	-0.0524421769618	-0.00878231827438	0.0341038403035	0.047713000029	-0.00807967905827	-0.006788858042	0.0383881487267	-0.0343847211876	-0.00318075478833	-0.0147946101804	-0.00748952521698	0.0187841606328	-0.0319403134056	0.0494073187911	0.00610617419385	0.0179303377148	1.0	0.0338129150016	-0.0628936409492	0.000744580729339	-0.0327145397793	-0.0324277630225	-0.0299846049951	-0.0074872499918	0.0141558581769	0.0235732712267	-0.0380675830448	-0.0577024136108	-0.0467099565087	-0.020439707572	0.0228997186044	0.00207975119822	-0.00895250707955	0.0218078092279	-0.00679535840242	-0.0179563356059	-0.0222135970034	-0.0529925386648	-0.0115873535711	0.0391230180092	0.0529261052576	-0.0106292385651	-0.0305533537518	-0.00932191684415	0.0229881693275	-0.020437330076	-0.0217520682112	0.00428692137131	-0.00672215353455	-0.00439451533495	0.0178280154588	-0.0355455547094	0.00215196034443	0.0132091279984
k__Bacteria;p__Proteobacteria;c__Betaproteobacteria;o__Burkholderiales;f__Sutterellaceae;g__Parasutterella;s__Parasutterella_excrementihominis	0.0752271628145	-0.0294802315566	0.0326150602817	-0.0281428680223	0.0261318249415	-0.0213546739612	0.0305219117623	-0.0286179373985	0.0196783109047	0.0426336368551	-0.0108097496825	0.014393231777	-0.0194225828404	-0.0198818017756	-0.0314334979211	-0.0372589128963	-0.00971717843965	-0.0680374542748	0.0216869400159	-0.0360647417912	0.0324406669821	0.0338129150016	1.0	-0.0467924525608	0.0296218289535	-0.0243548189075	-0.00468547460307	-0.0717660343212	-0.0257331162954	0.0120528632066	-0.0278651123672	0.00644421081776	-0.0337358685111	-0.00245889314988	-0.0105208555701	-0.0235754121116	-0.0281094997859	0.00462519991762	-0.037237075081	0.0227320652877	0.00199658081792	-0.016929928858	-0.00873561228759	0.0203369089506	-0.00560282665049	-0.055240639927	-0.0498794295272	-0.0308271521922	-0.0282526812129	0.0355413158852	0.0324769369566	0.0198389668641	-0.00616286029134	0.0125453407728	-0.0240161183798	-0.0234105838721	-0.0924285978423	-0.0409363971261	-0.0798206245673
k__Bacteria;p__Actinobacteria;c__Actinobacteria;o__Bifidobacteriales;f__Bifidobacteriaceae;g__Bifidobacterium;s__Bifidobacterium_adolescentis	-0.0456770065823	-0.0310738662302	-0.0786928033904	-0.0634306470035	-0.0796881017673	0.00657885896215	-0.00722978922848	-0.0222839209408	-0.0153861399942	0.0389576022306	0.0171400785578	-0.0140497560468	0.0635512042913	-0.0371781562093	-0.00723136899191	0.0341530685768	-0.051995914216	-0.0100228968018	0.0413001280922	0.0615611994429	-0.0383118736045	-0.0628936409492	-0.0467924525608	1.0	0.0382633146952	-0.00824537630027	-0.0552754193927	0.0289047756173	0.0307390429838	0.0334376128139	-0.0216909794151	-0.0291871398332	-0.0201998586732	-0.0226758792672	-0.0277426251522	-0.0107524959751	-0.0159501259476	0.0222107239526	0.00963928360535	-0.0328107692463	-0.0401344873758	0.034271012488	0.0229410309673	0.0158923293687	0.0065922749007	-0.0554004479415	0.0220266757891	-0.0386606358069	-0.015310980476	0.00531295229564	-0.0458130608568	0.0189732997994	0.0452118169192	-0.00651283620352	0.0243813365648	-0.0269106515398	-0.0281105240856	-0.0164846888228	0.040971026515
k__Bacteria;p__Firmicutes;c__Clostridia;o__Clostridiales;f__Oscillospiraceae;g__Oscillibacter;s__Oscillibacter_sp._KLE_1745	0.0249693751598	-0.00336902479666	-0.00250132663384	-0.0091783313476	-0.00415883833484	-0.018195631138	-0.0239040259352	-0.0321952977105	-0.0220806901288	-0.0122060108425	0.0169390885878	-0.00218504364868	-0.0708692335002	-0.00350754247736	-0.00622141771412	-0.00625022880148	-0.0119757651062	-0.0454827624389	-0.0549163454447	0.023092926521	0.00440317108228	0.000744580729339	0.0296218289535	0.0382633146952	1.0	-0.0286836007043	-0.0341060207654	-0.024320768968	0.00683752899474	-0.0579096126127	0.0269379170499	-0.0853520940592	-0.028354281896	-0.0148488652926	-0.0107469284978	-0.0480144237933	-0.0407619362181	0.0975940975578	-0.0512290411017	0.0618647931481	0.0395487378929	-0.0163912218422	-0.00680989993538	0.0426339746302	0.0292166449203	0.0499395850892	-0.00285202105234	0.0136187300469	0.0179093192978	0.0232492200601	0.0358699396647	-0.0394318647921	-0.0462148022568	-0.0661311278007	-0.0468163273635	-0.00784380272009	-0.0196533066545	-0.0141684389619	-0.0797254945721
k__Bacteria;p__Bacteroidetes;c__Bacteroidia;o__Bacteroidales;f__Bacteroidaceae;g__Bacteroides;s__Bacteroides_coprophilus	-0.0577781454696	0.0367069608772	-0.0870763965413	-0.0414936366549	-0.0167679805958	-0.0124244053717	0.0463462247841	-0.0774291580439	-0.0333817352457	0.048904685352	0.019916272235	-0.0444011234917	0.0569175275695	-0.0276749906143	-0.062723717656	-0.015308305938	-0.00683738959869	0.0771683833331	0.00161017045442	-0.0686304718369	-0.0343847261452	-0.0327145397793	-0.0243548189075	-0.00824537630027	-0.0286836007043	1.0	-0.00627603913773	-0.0138111141413	-0.0161042621792	-0.0619074252528	0.0544531139927	0.0281315476651	-0.00483802456718	-0.00938337497498	-0.0198256093272	-0.00654996290348	-0.0340505818678	0.00610222097547	-0.00957967927349	0.0130495233653	-0.0449577850305	0.00872566062774	-0.0303528032617	0.0245466871363	0.00016264126755	0.031672005712	-0.105040213401	0.0125661862492	-0.0303667757556	0.0940588039048	0.00506555785278	0.0185870140273	0.00167322366923	0.0240109726097	-0.0569322076643	-0.0346887411091	0.0288592620594	0.0153180386816	0.0289787534643
k__Bacteria;p__Firmicutes;c__Clostridia;o__Clostridiales;f__Lachnospiraceae;g__Roseburia;s__Roseburia_intestinalis	-0.0350098662957	0.0181031382215	-0.0197782120347	-0.00920838946653	-0.0463810040516	0.0262545799111	0.0678431139765	0.00394848642022	0.00679283770783	-0.0250013574767	-0.0546373607913	-0.00228152052603	0.0091047833951	0.00708711696079	-0.034294382926	-0.0434218975735	-0.0617586475224	-0.0234844593022	0.00721474167542	-0.0401973819188	-0.04867135975	-0.0324277630225	-0.00468547460307	-0.0552754193927	-0.0341060207654	-0.00627603913773	1.0	0.023698690815	-0.0126224783392	-0.0245107048176	-0.0387148325275	0.0716665098158	-0.0246509533806	-0.0229426327846	-0.00962184504879	0.0256744341127	0.0351733355391	-0.0234650527885	0.0124215366927	0.0234454880875	-0.0792078792924	0.00194731521626	0.0398391884437	-0.021693929408	-0.0267183552247	0.0197603837736	0.0244400027611	0.0581604129186	0.0096004983124	-0.0195687015354	-0.0129758863695	-0.0418814572423	0.0361995848446	-0.02192198243	0.0218536920346	-0.0164381094385	0.0293976796368	0.0496714235896	0.0221514813227
k__Bacteria;p__Firmicutes;c__Clostridia;o__Clostridiales;f__Lachnospiraceae;g__Roseburia;s__Roseburia_hominis	0.0308952367887	-0.017074278569	0.0212753690407	0.000534607673404	-0.0226715059398	0.0272393028332	0.00919070156971	-0.00965191036346	-0.0230260862588	-0.0205925879349	-0.0218307119331	-0.0259361767335	0.0261361087744	-0.050651012114	-0.0302436444012	0.0347976532322	-0.0635547597811	-0.0116937156953	0.045548588522	0.0866394451384	0.0100916271857	-0.0299846049951	-0.0717660343212	0.0289047756173	-0.024320768968	-0.0138111141413	0.023698690815	1.0	-0.0256192254725	0.0434093464917	-0.0447540464057	0.00530322192514	-0.0162402727722	-0.0139256918598	-0.008988197842	-0.00304839466996	0.037314983858	-0.000207929487346	0.0214471869146	0.0144694445692	-0.00962033595787	-0.0224834059124	-0.0196641981165	-0.0313913212929	0.0125044186224	0.0156278823634	-0.0316385331221	-0.00302091400048	0.00254822556312	-0.0214781683345	-0.0237384488294	-0.0616736514809	0.00315077234143	-0.0324248974138	-0.0278588008319	0.00292356687525	-0.0229435192618	0.00144368434656	0.00177182642252
k__Bacteria;p__Bacteroidetes;c__Bacteroidia;o__Bacteroidales;f__Porphyromonadaceae;g__Parabacteroides;s__Parabacteroides_johnsonii	-0.0469773077166	-0.0351715774329	0.0313167388821	0.00516756328944	-0.0335905623642	-0.0197073664964	0.0322421499653	-0.0216576785258	-0.0191837780214	-0.00831683355546	-0.0404040311971	0.0203797378731	0.00334784378223	0.060827045378	-0.0513359327248	0.0359027225502	-0.0540637435243	-0.00692194199701	-0.00825788491972	-0.0225685285143	0.0365906432621	-0.0074872499918	-0.0257331162954	0.0307390429838	0.00683752899474	-0.0161042621792	-0.0126224783392	-0.0256192254725	1.0	-0.0386771414019	-0.00674864593709	0.0360984089096	-0.0240508837013	-0.0102639952966	0.0824840522384	-0.0175917319555	-0.00911415053602	-0.0221077614809	0.00918791058855	0.0388739158198	-0.0201598616437	-0.0042072609988	-0.0622600173937	6.59923291927e-05	0.054655188927	-0.0337488838623	0.022354234575	-0.0657816859862	-0.0306279538258	0.0276892797358	-0.0275540031661	0.0036317453974	-0.0350508951443	-0.0221233351428	-0.0678851477877	0.064258299103	-0.0851872778862	-0.0813362754419	-0.0296451273915
k__Bacteria;p__Actinobacteria;c__Actinobacteria;o__Bifidobacteriales;f__Bifidobacteriaceae;g__Bifidobacterium;s__Bifidobacterium_longum	-0.00651500135021	0.0021697277792	-0.00575949083844	-0.0203230220221	-0.000383325159822	0.0199522069871	-0.0371315837348	0.0148402713199	0.00710811335919	0.0096763541883	-0.00717173633206	-0.0304489653619	-0.0072383474106	-0.0190143052068	-0.0188532208273	-0.0632893722013	0.057798884709	0.0267817370873	0.00180459125195	0.00084494678461	-0.0164047064891	0.0141558581769	0.0120528632066	0.0334376128139	-0.0579096126127	-0.0619074252528	-0.0245107048176	0.0434093464917	-0.0386771414019	1.0	0.00801885752026	-0.022752166795	0.008709489096	-0.0171265256826	0.0410630423877	-0.00701288918488	-0.0161656457232	-0.0050894841661	0.00746516217617	-0.0576650926672	-0.056354533404	-0.0116055603734	-0.050526372936	0.0387855587153	-0.0494497379047	-0.0197022941375	-0.00373237990636	-0.013591649093	-0.040712439229	-0.0115535056442	-0.0424361450304	-0.0219335969137	-0.0154059220263	-0.0140703868521	0.0158148889213	0.0220118827116	-0.0142765952055	-0.0421575581786	0.034055864609
