#taxonomy	k__Bacteria;p__Bacteroidetes;c__Bacteroidia;o__Bacteroidales;f__Bacteroidaceae;g__Bacteroides;s__Bacteroides_vulgatus	k__Bacteria;p__Bacteroidetes;c__Bacteroidia;o__Bacteroidales;f__Bacteroidaceae;g__Bacteroides;s__Bacteroides_uniformis	k__Bacteria;p__Bacteroidetes;c__Bacteroidia;o__Bacteroidales;f__Rikenellaceae;g__Alistipes;s__Alistipes_putredinis	k__Bacteria;p__Bacteroidetes;c__Bacteroidia;o__Bacteroidales;f__Prevotellaceae;g__Prevotella;s__Prevotella_copri	k__Bacteria;p__Bacteroidetes;c__Bacteroidia;o__Bacteroidales;f__Bacteroidaceae;g__Bacteroides;s__Bacteroides_stercoris	k__Bacteria;p__Bacteroidetes;c__Bacteroidia;o__Bacteroidales;f__Bacteroidaceae;g__Bacteroides;s__Bacteroides_ovatus	k__Bacteria;p__Bacteroidetes;c__Bacteroidia;o__Bacteroidales;f__Rikenellaceae;g__Alistipes;s__Alistipes_shahii	k__Bacteria;p__Firmicutes;c__Clostridia;o__Clostridiales;f__Ruminococcaceae;g__Faecalibacterium;s__Faecalibacterium_prausnitzii	k__Bacteria;p__Bacteroidetes;c__Bacteroidia;o__Bacteroidales;f__Rikenellaceae;g__Alistipes;s__Alistipes_finegoldii	k__Bacteria;p__Bacteroidetes;c__Bacteroidia;o__Bacteroidales;f__Porphyromonadaceae;g__Parabacteroides;s__Parabacteroides_distasonis	k__Bacteria;p__Bacteroidetes;c__Bacteroidia;o__Bacteroidales;f__Bacteroidaceae;g__Bacteroides;s__Bacteroides_thetaiotaomicron	k__Bacteria;p__Bacteroidetes;c__Bacteroidia;o__Bacteroidales;f__Bacteroidaceae;g__Bacteroides;s__Bacteroides_coprocola	k__Bacteria;p__Bacteroidetes;c__Bacteroidia;o__Bacteroidales;f__Bacteroidaceae;g__Bacteroides;s__Bacteroides_cellulosilyticus	k__Bacteria;p__Bacteroidetes;c__Bacteroidia;o__Bacteroidales;f__Rikenellaceae;g__Alistipes;s__Alistipes_obesi	k__Bacteria;p__Firmicutes;c__Clostridia;o__Clostridiales;f__Lachnospiraceae;g__;s__[Eubacterium]_rectale	k__Bacteria;p__Bacteroidetes;c__Bacteroidia;o__Bacteroidales;f__Bacteroidaceae;g__Bacteroides;s__Bacteroides_plebeius	k__Bacteria;p__Bacteroidetes;c__Bacteroidia;o__Bacteroidales;f__Bacteroidaceae;g__Bacteroides;s__Bacteroides_fragilis	k__Bacteria;p__Proteobacteria;c__Betaproteobacteria;o__Burkholderiales;f__Sutterellaceae;g__Sutterella;s__Sutterella_wadsworthensis	k__Bacteria;p__Bacteroidetes;c__Bacteroidia;o__Bacteroidales;f__Porphyromonadaceae;g__Barnesiella;s__Barnesiella_intestinihominis	k__Bacteria;p__Bacteroidetes;c__Bacteroidia;o__Bacteroidales;f__Odoribacteraceae;g__Odoribacter;s__Odoribacter_splanchnicus	k__Bacteria;p__Bacteroidetes;c__Bacteroidia;o__Bacteroidales;f__Bacteroidaceae;g__Bacteroides;s__Bacteroides_salyersiae	k__Bacteria;p__Firmicutes;c__Clostridia;o__Clostridiales;f__Ruminococcaceae;g__Ruminiclostridium;s__[Eubacterium]_siraeum	k__Bacteria;p__Proteobacteria;c__Betaproteobacteria;o__Burkholderiales;f__Sutterellaceae;g__Parasutterella;s__Parasutterella_excrementihominis	k__Bacteria;p__Actinobacteria;c__Actinobacteria;o__Bifidobacteriales;f__Bifidobacteriaceae;g__Bifidobacterium;s__Bifidobacterium_adolescentis	k__Bacteria;p__Firmicutes;c__Clostridia;o__Clostridiales;f__Oscillospiraceae;g__Oscillibacter;s__Oscillibacter_sp._KLE_1745	k__Bacteria;p__Bacteroidetes;c__Bacteroidia;o__Bacteroidales;f__Bacteroidaceae;g__Bacteroides;s__Bacteroides_coprophilus	k__Bacteria;p__Firmicutes;c__Clostridia;o__Clostridiales;f__Lachnospiraceae;g__Roseburia;s__Roseburia_intestinalis	k__Bacteria;p__Firmicutes;c__Clostridia;o__Clostridiales;f__Lachnospiraceae;g__Roseburia;s__Roseburia_hominis	k__Bacteria;p__Bacteroidetes;c__Bacteroidia;o__Bacteroidales;f__Porphyromonadaceae;g__Parabacteroides;s__Parabacteroides_johnsonii	k__Bacteria;p__Actinobacteria;c__Actinobacteria;o__Bifidobacteriales;f__Bifidobacteriaceae;g__Bifidobacterium;s__Bifidobacterium_longum	k__Bacteria;p__Firmicutes;c__Clostridia;o__Clostridiales;f__;g__Flavonifractor;s__Flavonifractor_plautii	k__Bacteria;p__Firmicutes;c__Clostridia;o__Clostridiales;f__Clostridiaceae;g__Clostridium;s__Clostridium_phoceensis	k__Bacteria;p__Verrucomicrobia;c__Verrucomicrobiae;o__Verrucomicrobiales;f__Akkermansiaceae;g__Akkermansia;s__Akkermansia_muciniphila	k__Bacteria;p__Bacteroidetes;c__Bacteroidia;o__Bacteroidales;f__Prevotellaceae;g__Paraprevotella;s__Paraprevotella_xylaniphila	k__Bacteria;p__Firmicutes;c__Clostridia;o__Clostridiales;f__Ruminococcaceae;g__Ruminococcus;s__Ruminococcus_callidus	k__Bacteria;p__Bacteroidetes;c__Bacteroidia;o__Bacteroidales;f__Rikenellaceae;g__Alistipes;s__Alistipes_senegalensis	k__Bacteria;p__Firmicutes;c__Clostridia;o__Clostridiales;f__Lachnospiraceae;g__Blautia;s__Blautia_sp._KLE_1732	k__Bacteria;p__Bacteroidetes;c__Bacteroidia;o__Bacteroidales;f__Bacteroidaceae;g__Bacteroides;s__Bacteroides_oleiciplenus	k__Bacteria;p__Firmicutes;c__Clostridia;o__Clostridiales;f__Ruminococcaceae;g__Ruminococcus;s__Ruminococcus_bicirculans	k__Bacteria;p__Bacteroidetes;c__Bacteroidia;o__Bacteroidales;f__Bacteroidaceae;g__Bacteroides;s__Bacteroides_fluxus	k__Bacteria;p__Bacteroidetes;c__Bacteroidia;o__Bacteroidales;f__Prevotellaceae;g__Prevotella;s__Prevotella_stercorea	k__Bacteria;p__Firmicutes;c__Clostridia;o__Clostridiales;f__Lachnospiraceae;g__Dorea;s__Dorea_longicatena	k__Bacteria;p__Firmicutes;c__Clostridia;o__Clostridiales;f__Eubacteriaceae;g__Eubacterium;s__[Eubacterium]_eligens	k__Bacteria;p__Firmicutes;c__Clostridia;o__Clostridiales;f__Ruminococcaceae;g__;s__Ruminococcaceae_bacterium_D16	k__Bacteria;p__Firmicutes;c__Clostridia;o__Clostridiales;f__Lachnospiraceae;g__Coprococcus;s__Coprococcus_comes	k__Bacteria;p__Proteobacteria;c__Gammaproteobacteria;o__Enterobacterales;f__Enterobacteriaceae;g__Escherichia;s__Escherichia_coli	k__Bacteria;p__Firmicutes;c__Clostridia;o__Clostridiales;f__Ruminococcaceae;g__Anaerotruncus;s__Anaerotruncus_colihominis	k__Bacteria;p__Firmicutes;c__Clostridia;o__Clostridiales;f__Lachnospiraceae;g__Blautia;s__Blautia_obeum	k__Bacteria;p__Bacteroidetes;c__Bacteroidia;o__Bacteroidales;f__Odoribacteraceae;g__Odoribacter;s__Odoribacter_laneus	k__Bacteria;p__Firmicutes;c__Clostridia;o__Clostridiales;f__Ruminococcaceae;g__Ruminiclostridium;s__[Clostridium]_leptum	k__Bacteria;p__Bacteroidetes;c__Bacteroidia;o__Bacteroidales;f__Porphyromonadaceae;g__Parabacteroides;s__Parabacteroides_goldsteinii	k__Bacteria;p__Firmicutes;c__Clostridia;o__Clostridiales;f__Lachnospiraceae;g__Anaerostipes;s__Anaerostipes_hadrus	k__Bacteria;p__Firmicutes;c__Clostridia;o__Clostridiales;f__Ruminococcaceae;g__Ruminococcus;s__Ruminococcus_lactaris	k__Bacteria;p__Firmicutes;c__Clostridia;o__Clostridiales;f__Clostridiaceae;g__Clostridium;s__Clostridium_sp._L2-50	k__Bacteria;p__Firmicutes;c__Clostridia;o__Clostridiales;f__Clostridiaceae;g__Clostridium;s__Clostridium_sp._M62/1	k__Bacteria;p__Firmicutes;c__Clostridia;o__Clostridiales;f__;g__Intestinimonas;s__Intestinimonas_butyriciproducens	k__Bacteria;p__Actinobacteria;c__Actinobacteria;o__Bifidobacteriales;f__Bifidobacteriaceae;g__Bifidobacterium;s__Bifidobacterium_bifidum	k__Bacteria;p__Firmicutes;c__Negativicutes;o__Veillonellales;f__Veillonellaceae;g__Dialister;s__Dialister_invisus	k__Bacteria;p__Bacteroidetes;c__Bacteroidia;o__Bacteroidales;f__Bacteroidaceae;g__Bacteroides;s__Bacteroides_salanitronis
k__Bacteria;p__Bacteroidetes;c__Bacteroidia;o__Bacteroidales;f__Bacteroidaceae;g__Bacteroides;s__Bacteroides_vulgatus	1.0	-0.0110169967435	0.064349798525	-0.0313191610476	-0.0148208570192	-0.0375777115631	0.0433423897566	0.0406989210211	0.0283656245978	0.0344018995186	-0.0446495824873	0.0506629410725	-0.00873942715147	-0.0456539231003	0.066414480587	-0.00061990252249	0.0405539734452	0.0728922190153	-0.0560509556993	0.0212548723818	0.00197241232753	-0.0248911355018	-0.0453857255121	0.005611485635	-0.0636317518092	0.0142785181241	-0.0261991538435	0.000450724046832	-0.0382441001918	0.0542523343203	0.00782372747518	0.0089077294583	-0.0126275362764	0.0211837756151	-0.0351079444074	0.0190920193235	-0.0429149367026	2.51296838922e-05	0.00574649637877	-0.0515290034668	-0.0587666471772	0.00724093872301	0.00411467186865	0.0168158015305	0.0101309127089	-0.0157018339245	-0.0622795790189	0.0393143515389	-0.0822154141035	-0.0159953212367	-0.00854330707609	-0.0424116451188	-0.00834940985647	-0.0325712811672	-0.0673119452385	-0.0378673269647	-0.0851644372252	0.0736671640915	-0.0207830376638
k__Bacteria;p__Bacteroidetes;c__Bacteroidia;o__Bacteroidales;f__Bacteroidaceae;g__Bacteroides;s__Bacteroides_uniformis	-0.0110169967435	1.0	-0.00837685831361	0.0317575291502	0.0530950405778	0.0221573901859	-0.0342367783262	0.0140358224614	0.00975132522035	-0.0303372664893	-0.04078106244	-0.014631861258	-0.0238561838768	0.00555432640471	-0.00851278942609	-0.0313742221379	0.0322212542085	0.0872215578447	0.0510836300203	-0.0391265465844	-0.00588845479691	-0.0309859322772	0.0321177476937	0.0515936719939	-0.019652799928	0.0148143345194	-0.0188415274658	0.010951671768	0.0591416311361	0.0185576122861	-0.00340374298365	-0.0156075343285	-0.0283505467942	-0.0347594858989	0.00620315091752	-0.0192973373562	-0.0180227475327	0.0577697164641	-0.0298086330244	-0.0227755316042	0.00257422279228	-0.0188804442111	-0.0721695007919	-0.0360870775152	0.0464173678099	-0.0215794549134	-0.0310954682195	-0.0867225124794	-0.0163532400406	-0.00777439492633	-0.034195251708	0.00503634632615	-0.0149162023137	-0.000403317747251	-0.0634778733027	-0.0483464974003	-0.0463285629939	0.020968772484	-0.0165021470306
k__Bacteria;p__Bacteroidetes;c__Bacteroidia;o__Bacteroidales;f__Rikenellaceae;g__Alistipes;s__Alistipes_putredinis	0.064349798525	-0.00837685831361	1.0	-0.000507280074584	-0.007877101882	0.0457846155548	-0.0253835631701	0.0529440284016	0.00317753258676	0.0143089873154	0.0209507710901	0.0592251191102	0.0273976075751	0.00135157502165	0.00077109284095	-0.0197719645884	-0.109106757203	-0.0877850908671	-0.00865812456903	0.0153137511791	-0.00993901475909	0.0702182150973	-0.00275942458357	0.0410632992329	0.0376442451017	0.0242459945011	0.0312949754722	-0.0542332897753	0.00689935875497	-0.00547366650416	-0.0119323941248	0.0124194358488	0.00613838589768	0.0159668605736	-0.0352562906392	-0.0322224378928	-0.0924723496426	0.0169515766245	-0.0204591794483	0.00369347693933	-0.0189134329178	0.0259452267271	-0.0219187910448	0.0219248403705	-0.0516300017603	0.0412187582553	-0.0144045972339	-0.0532241714082	-0.00713860884531	-0.00113528427482	-0.0628141841555	-0.0199642262689	0.0058187356422	-0.00256684292507	-0.0155509661073	-0.0595864311351	-0.0673256194592	-0.0191682518161	-0.013640571071
k__Bacteria;p__Bacteroidetes;c__Bacteroidia;o__Bacteroidales;f__Prevotellaceae;g__Prevotella;s__Prevotella_copri	-0.0313191610476	0.0317575291502	-0.000507280074584	1.0	-0.0146591946526	0.0107729518258	0.068015623516	0.012987021154	0.0102883470381	0.00262752434425	-0.0120897953008	-0.0201680998538	-0.0344301645679	0.0437200386158	0.0283995773888	0.00170293280182	0.0312048998107	0.0219601290428	-0.00248691503623	-0.0577124935136	-0.0365481727722	-0.023211424053	-0.0303096602515	-0.00180601225491	-0.0719211334807	0.0202319005464	0.00568535281459	0.0132306496418	-0.0159650498377	0.006092623065	-0.0408601923149	0.02360864249	-0.0686667243288	-0.0443621205989	-0.040969159696	-0.0601536778157	-0.0292481731467	0.079478172961	0.0149812600321	-0.0307560814583	-0.042597200295	0.0165894146784	0.0180815818154	-0.000761567929034	0.00898216168195	-0.0103496568329	-0.00433416452545	-0.0160170548092	-0.0196021072574	0.0715412393585	-0.00155043032189	-0.0472169734049	0.039136840187	-0.0170612303475	0.0172462290548	0.0329503538939	-0.0548225144062	-0.00822930546667	-0.0327049221874
k__Bacteria;p__Bacteroidetes;c__Bacteroidia;o__Bacteroidales;f__Bacteroidaceae;g__Bacteroides;s__Bacteroides_stercoris	-0.0148208570192	0.0530950405778	-0.007877101882	-0.0146591946526	1.0	-0.00928006721425	-0.0314729865435	0.0113271385326	-0.00355373339866	0.0396144791261	-0.0184907310015	-0.0337460925436	-0.036813913335	-0.0101299611593	-0.0215947246905	-0.032636476968	-0.10937714495	0.0432966223602	0.0030771968411	0.00511861926774	-0.00462053061021	0.0365475071648	0.0419116498278	-0.0217350552208	-0.00967665284385	-0.043903744202	0.0157959065696	-0.00422970580923	-0.0763547040119	0.0339043750379	0.0157572806318	0.00363267628251	-0.00434933065677	-0.0198477788097	-0.0814131072368	0.0180051478833	0.0119859968662	-0.0516563766242	0.00796738963059	-0.00165561065777	-0.0610530724131	-0.00889749996941	0.0571885797097	-0.0145566326578	0.042505796336	-0.0275203343095	0.0409455460895	-0.016205756326	0.0263791868546	-0.0542965301954	0.0211920711473	0.0449045823824	-0.0639030080256	-0.0621271643317	0.0261862137331	-0.00759716360382	0.00239159446486	-0.0389830764058	-0.00255722243882
k__Bacteria;p__Bacteroidetes;c__Bacteroidia;o__Bacteroidales;f__Bacteroidaceae;g__Bacteroides;s__Bacteroides_ovatus	-0.0375777115631	0.0221573901859	0.0457846155548	0.0107729518258	-0.00928006721425	1.0	-0.00313145334609	0.0252616757131	-0.0319901636685	-0.0435237102107	-0.0220079095912	0.00869150278882	0.0104690173978	0.0116057421564	0.00306052398927	0.010681717907	-0.102205989977	-0.0170061506433	0.0175350400958	-0.00694463467073	-0.00828801360654	0.0263716754383	-0.00429444466772	-0.0493671761676	-0.00835128662627	-0.0395855674029	0.0155092901396	0.0313626991164	-0.016229477278	-0.0287635016159	-0.00258361653658	-0.0433352990465	0.0203847021564	0.0234871609497	0.0538737894071	0.0497079259726	-0.0315536039561	0.019541075277	-0.0286858538962	-0.0746904911805	0.00746423832999	-0.0386004905809	-0.0507859815966	-0.000844572188121	-0.0353680808193	-0.0573053952383	-0.0161151957719	0.0467765773297	0.0141787222649	-0.0379315651333	0.0512364017696	-0.00527807650898	-0.0200835285014	0.0241445117122	0.0242650311551	-0.0453798559822	-0.0381740156594	0.0389205385401	-0.0551330127743
k__Bacteria;p__Bacteroidetes;c__Bacteroidia;o__Bacteroidales;f__Rikenellaceae;g__Alistipes;s__Alistipes_shahii	0.0433423897566	-0.0342367783262	-0.0253835631701	0.068015623516	-0.0314729865435	-0.00313145334609	1.0	-0.0409916194939	-0.048332995237	0.00310157939456	0.00131964146599	-0.0275539148136	-0.00161093025774	-0.0370340232288	0.037578745937	0.0116557699182	0.00983065611316	-0.0177846734994	-0.000129189649993	-0.0318134369479	-0.00667384483643	0.0101510049146	0.0527720610146	0.0511135257065	-0.0160045934652	-0.0328819841454	0.0117604632879	0.013698151613	-0.00828555355354	-0.0257470691681	-0.00816014461181	-0.0645376403275	0.0189833591205	0.00159713271238	0.0376791657621	-0.00472096560967	-0.0181682473029	-0.00125147750054	-0.0332810439205	-0.031622635725	0.0101599466445	-0.0236552986334	-0.0455682061914	-0.0200283440454	-0.0318198131436	0.0341186718877	-0.0536832874197	-0.0261756370372	-0.0313808122897	0.002834105655	0.0383265758313	-0.0128512330752	-0.0027391144758	-0.016712278857	-0.0438829323783	0.00468766199871	0.0564803238348	0.0809314883451	-0.0701234334955
k__Bacteria;p__Firmicutes;c__Clostridia;o__Clostridiales;f__Ruminococcaceae;g__Faecalibacterium;s__Faecalibacterium_prausnitzii	0.0406989210211	0.0140358224614	0.0529440284016	0.012987021154	0.0113271385326	0.0252616757131	-0.0409916194939	1.0	0.0396833826133	0.0127278423049	2.27146515224e-05	-0.0323755411798	-0.016868404031	-0.0122111618021	0.0206215019012	-0.0240230087091	-0.00334740680739	-0.0543082849994	0.0391920046626	-0.00638571879381	0.025970976469	-0.0520337865558	-0.00488304807608	-0.055211383991	-0.0281706556777	0.000563091218028	0.00367550189657	0.0582698824808	-0.0147019899516	0.00903462916096	-0.0436975975284	-0.00558839997009	-0.0209186421268	0.0238799003716	0.00636632166129	-0.0296512826207	-0.0490823168312	-0.0344469069861	0.0167544124813	0.0296378470271	-0.0123706185192	0.0486612385632	-0.0824517945965	-0.0343188298127	-0.0701575384378	-0.0251240622821	-0.0389404778918	-0.0378365092621	0.0102168642234	0.0148384964211	-0.0735405928903	0.0175270512673	-0.0747247054366	0.0216638560464	0.0225018912934	-0.00311833098391	-0.016588232018	-0.0388803129988	0.0439514365427
k__Bacteria;p__Bacteroidetes;c__Bacteroidia;o__Bacteroidales;f__Rikenellaceae;g__Alistipes;s__Alistipes_finegoldii	0.0283656245978	0.00975132522035	0.00317753258676	0.0102883470381	-0.00355373339866	-0.0319901636685	-0.048332995237	0.0396833826133	1.0	-0.0351608725574	0.0111467480974	-0.0163971160522	0.0268279885823	-0.0744664588716	0.00310204665794	-0.0166369207829	-0.0171011321898	0.0165732805904	-0.0197891843986	-0.0481981756451	0.0184441842661	-0.0754789869823	-0.0353365239277	-0.0340310759303	-0.00186409496175	0.00612588808737	-0.0276084447653	0.0301639637344	0.0708109386984	0.00351890487819	-0.0111559435998	0.0400471100591	-0.0189626388015	-0.0122241328271	-0.0301961314825	-0.00169402695867	0.0435021786481	-0.0215418355541	-0.0256551738555	0.00874273162318	0.000966228922232	-0.00663904331412	-0.0145767946233	0.00485206902845	-0.00795006415166	-0.028541853881	0.0030216518448	-0.00959346879766	-0.0223593370849	-0.0258557411751	-0.00994000040815	0.00695456063744	-0.081730991393	-0.0134142630476	0.0206732175206	-0.0267979655509	0.0275730997404	-0.0549273704414	-0.0402399143717
k__Bacteria;p__Bacteroidetes;c__Bacteroidia;o__Bacteroidales;f__Porphyromonadaceae;g__Parabacteroides;s__Parabacteroides_distasonis	0.0344018995186	-0.0303372664893	0.0143089873154	0.00262752434425	0.0396144791261	-0.0435237102107	0.00310157939456	0.0127278423049	-0.0351608725574	1.0	-0.00176806628298	-0.0430354862363	-0.0241637672044	-0.0353386099566	-0.0195473860052	0.00128839112992	-0.0438625007824	0.0408387645584	-0.0220541311709	-0.0117365620707	-0.00780125949957	0.0375087818992	0.0381153500704	-0.011642767953	-0.000497394823158	-0.0515531829559	0.0240979799201	0.00670396982458	0.0281724810739	0.00116985872343	0.0352945068765	-0.023759643007	-0.0139757588029	-0.00799391247688	-0.0306569494275	0.0315377956896	-0.00600296652098	-0.0520899424549	-0.00866322847917	-0.00440047046157	-0.0086079799609	0.00926929592758	-0.00281818422059	0.0766877365282	-0.0359935836188	-0.0400582120844	-0.0802023179548	0.00593848834783	-0.0311636876896	-0.0696269388879	0.00390725855092	0.0753328796354	0.0495312094271	0.00739145216567	-0.0173953335678	-0.0657896920082	0.00904325825932	-0.0371057035836	0.0474145656691
k__Bacteria;p__Bacteroidetes;c__Bacteroidia;o__Bacteroidales;f__Bacteroidaceae;g__Bacteroides;s__Bacteroides_thetaiotaomicron	-0.0446495824873	-0.04078106244	0.0209507710901	-0.0120897953008	-0.0184907310015	-0.0220079095912	0.00131964146599	2.27146515224e-05	0.0111467480974	-0.00176806628298	1.0	0.0149907447713	-0.0327812168737	0.063541759652	-0.0141664229162	0.00685118183526	0.00285377047287	0.0124457594094	-0.0680114577641	-0.00706734941223	0.030714892472	-0.00614590460274	0.0437115962484	-0.0172192954674	0.0170480897793	0.0406695219368	-0.00436663232218	-0.0602154820217	0.0413227781346	0.029113140368	0.0349237476161	-0.0377711851654	-0.0220973648093	-0.00424839755348	-0.0296562725088	0.0209406930439	0.0418184848651	-0.0256442366944	-0.0176088822635	0.0498428561613	0.0231498837056	-0.0137482323384	-0.00231192593446	-0.0200547359143	-0.0280816265997	-0.0460716166658	-0.00595550368978	-0.0185220088583	-0.0116483158006	-0.0134983663933	0.0115768629141	0.000422437226173	0.0653634444288	-4.05737921075e-05	0.0377349065471	0.00290314499551	-0.0625611432706	-0.0367384214347	-0.0216245009329
k__Bacteria;p__Bacteroidetes;c__Bacteroidia;o__Bacteroidales;f__Bacteroidaceae;g__Bacteroides;s__Bacteroides_coprocola	0.0506629410725	-0.014631861258	0.0592251191102	-0.0201680998538	-0.0337460925436	0.00869150278882	-0.0275539148136	-0.0323755411798	-0.0163971160522	-0.0430354862363	0.0149907447713	1.0	-0.0195168614494	-0.0198591082766	-0.020362272272	-0.00999997543848	0.00848040304264	0.000162932793757	0.0210957223859	-0.0463707329086	-0.00177764625792	0.036887711307	-0.0893569475524	0.00721650986196	0.00271355762825	0.0166322321989	-0.01685502853	0.0142980422578	0.00695122257367	-0.0129761415105	-0.01456812399	-0.00600625691708	0.00858668324784	-0.053984003733	-0.00762923038201	-0.0265102334597	-0.001141898034	0.00438238353968	-0.0229983611652	0.0137250918286	-0.0252955548499	-0.028950561654	-0.0187216947603	-0.0657438073818	0.0193692642324	-0.0515824396881	0.024915774674	0.024263138361	-0.018046027991	-0.0663044866373	-0.00746198137735	-0.0606473600545	-0.0150787728545	0.0209791870063	-0.0309932710849	0.0412095257675	-0.0107084620482	-0.00236065602291	-0.0141678762887
k__Bacteria;p__Bacteroidetes;c__Bacteroidia;o__Bacteroidales;f__Bacteroidaceae;g__Bacteroides;s__Bacteroides_cellulosilyticus	-0.00873942715147	-0.0238561838768	0.0273976075751	-0.0344301645679	-0.036813913335	0.0104690173978	-0.00161093025774	-0.016868404031	0.0268279885823	-0.0241637672044	-0.0327812168737	-0.0195168614494	1.0	-0.00271320325345	-0.0406491443129	-0.0583041350526	0.00196365766165	0.00657025299418	-0.0310331789013	-0.0267406347796	-0.00162819352568	-0.00981775241752	-0.0573380343609	-0.0133359666686	-0.0385560291448	-0.0893790757232	0.01810662107	-0.0324663827073	0.0149358753038	0.000211162803736	-0.018192792975	0.00242029976818	0.0195775221783	-0.0432101913043	0.06818758261	0.019716020376	0.00261555910579	0.0227481631582	-0.00559087708953	0.0537760357569	-0.0171527886167	0.02762684463	0.0202056203516	0.0596134582348	0.0258231445314	0.0185024303989	0.00708580812798	-0.0616775693514	-0.0608998192312	0.0390828827616	-0.020313464906	-0.0685579290799	-0.00202851956569	0.0278214577298	-0.00497070446387	-0.0117482404458	0.00652655911853	0.00918872250154	-0.0483546283855
k__Bacteria;p__Bacteroidetes;c__Bacteroidia;o__Bacteroidales;f__Rikenellaceae;g__Alistipes;s__Alistipes_obesi	-0.0456539231003	0.00555432640471	0.00135157502165	0.0437200386158	-0.0101299611593	0.0116057421564	-0.0370340232288	-0.0122111618021	-0.0744664588716	-0.0353386099566	0.063541759652	-0.0198591082766	-0.00271320325345	1.0	0.0322851082693	-0.0275373677568	0.0200311896806	-0.011997710179	-0.00433722610758	0.00130927148029	-0.0023661753955	-0.0314934576109	-0.0718271629418	-0.0213117988331	-0.00170015933978	0.0247925164587	0.0283214414298	-0.0284352505436	0.0155770045726	0.0377282784162	-0.00164798693347	-0.00281642906814	-0.00763118084662	0.0141167897894	-0.0239393340073	-0.0186596428069	0.0180139310246	0.00384407641589	-0.00187804090645	-0.0460374517114	0.00935649346786	-0.0219335598545	0.0204989114545	-5.31889899907e-05	-0.00471294198977	-0.00881285420134	0.0524014982196	-0.055682494988	-0.107005704813	0.0286813356695	-0.0251009360413	-0.0053271712033	0.0433794160666	-0.0416487403478	-0.0151407332851	0.0400522331612	-0.0430442481756	-0.0445617132482	-0.0613868983686
k__Bacteria;p__Firmicutes;c__Clostridia;o__Clostridiales;f__Lachnospiraceae;g__;s__[Eubacterium]_rectale	0.066414480587	-0.00851278942609	0.00077109284095	0.0283995773888	-0.0215947246905	0.00306052398927	0.037578745937	0.0206215019012	0.00310204665794	-0.0195473860052	-0.0141664229162	-0.020362272272	-0.0406491443129	0.0322851082693	1.0	0.00859271906137	0.0198381225956	-0.0242897842485	-0.0687554578592	-0.0171184424821	-0.0487487170399	-0.0346765856662	-0.00457637268959	-0.00789297262663	-0.0115094780508	-0.0376839849888	-0.060739322545	0.0197578039317	0.00566397114028	0.0197849363758	-0.0425895087145	-0.0302226198287	-0.0308275341998	0.00485949629074	-0.0457218499689	-0.0736951796159	0.0242100416165	0.0401218802659	-0.0220012773635	-0.000589041290542	0.00388813966839	0.0200049289546	-0.0184522416397	-0.0346347845989	-0.018763000557	0.0392253226987	0.0168752760625	-0.00305759139751	-0.0368251332442	0.0531504158118	-0.0189567542257	-0.00180265603439	-0.0140071552919	0.0242974595229	-0.0464453684821	-0.074840934075	-0.0300716385159	-0.00962868501308	-0.0246965188405
k__Bacteria;p__Bacteroidetes;c__Bacteroidia;o__Bacteroidales;f__Bacteroidaceae;g__Bacteroides;s__Bacteroides_plebeius	-0.00061990252249	-0.0313742221379	-0.0197719645884	0.00170293280182	-0.032636476968	0.010681717907	0.0116557699182	-0.0240230087091	-0.0166369207829	0.00128839112992	0.00685118183526	-0.00999997543848	-0.0583041350526	-0.0275373677568	0.00859271906137	1.0	0.0270690613069	-0.0292983727983	-0.0213391756853	-0.034066359145	-0.0697958053518	0.0512289486238	0.0329833016053	0.0109191039207	-0.0287070799191	0.00178088702705	0.0143735449455	-0.0446343580425	-0.03235657467	-0.0732409727674	0.0413442334909	-0.043425338485	0.00226664504003	0.00909250302961	-0.0184677025059	-0.0115364602901	-0.0543108082748	0.00672716302653	-0.00254240847477	-0.0181484187481	0.0364779922282	0.033909300711	-0.0316428052886	0.0556270004607	0.0275458042022	-0.0497732566439	0.0501788743751	0.00343329769917	0.0120330968595	-0.000105089218709	0.0127023295115	-0.0143098611108	-0.0553560118537	-0.0393653562402	0.00190469161	0.0218231541851	0.0340954787736	-0.000828070773785	-0.00191216411593
k__Bacteria;p__Bacteroidetes;c__Bacteroidia;o__Bacteroidales;f__Bacteroidaceae;g__Bacteroides;s__Bacteroides_fragilis	0.0405539734452	0.0322212542085	-0.109106757203	0.0312048998107	-0.10937714495	-0.102205989977	0.00983065611316	-0.00334740680739	-0.0171011321898	-0.0438625007824	0.00285377047287	0.00848040304264	0.00196365766165	0.0200311896806	0.0198381225956	0.0270690613069	1.0	0.0062727892408	0.0309302671444	0.00602039189757	0.0401750965682	-0.0599394691405	-0.0311476602947	0.0938399762639	-0.0139460546011	-0.0575386309562	-0.00640484816524	0.0261843970877	0.020291311972	0.0167254049301	0.00819886237166	0.0411035570799	0.0305485033847	-0.012077734878	0.0618095902027	0.0344605660078	0.025521026482	0.0210874901627	-0.0568461082394	0.0130191492732	-0.0552783865064	0.0191011633716	-0.0570063356379	-0.0867094101348	-0.0146425982151	-0.0069974405977	-0.0372303001555	-0.0467478007808	-0.000656281105686	-0.0429021390474	0.00925079665448	0.00798243871308	-0.0354186006156	-0.0292492163664	0.0412358614046	-0.0113435293683	0.0165837084062	-0.0154782591838	0.0332223494322
k__Bacteria;p__Proteobacteria;c__Betaproteobacteria;o__Burkholderiales;f__Sutterellaceae;g__Sutterella;s__Sutterella_wadsworthensis	0.0728922190153	0.0872215578447	-0.0877850908671	0.0219601290428	0.0432966223602	-0.0170061506433	-0.0177846734994	-0.0543082849994	0.0165732805904	0.0408387645584	0.0124457594094	0.000162932793757	0.00657025299418	-0.011997710179	-0.0242897842485	-0.0292983727983	0.0062727892408	1.0	-0.025582042242	-0.0481930834815	-0.0501878913351	-0.00729736896277	0.0990145057698	0.013654574293	0.00306425275208	-0.0216891999023	-0.0201292487835	-0.00910618429141	-0.0476846491658	-0.0390492322837	0.0393621867942	-0.0284802262862	-0.00406172166703	-0.0193633685347	-0.025023884804	-0.0154112821416	0.0381128858023	-0.0172358427505	-0.0262794016551	-0.0451720508985	0.00667346074747	-0.062133523248	0.00471967449302	-0.124234272538	0.0212598122844	-0.0323895385261	-0.0560699724995	0.0101820254233	0.046348516156	-0.00383407701658	-0.0489719323173	-0.0410144289124	-0.0643168155436	0.0237840369722	-0.0334686149346	-0.0639786157969	-0.0400572209453	0.0631044508912	0.0493609854289
k__Bacteria;p__Bacteroidetes;c__Bacteroidia;o__Bacteroidales;f__Porphyromonadaceae;g__Barnesiella;s__Barnesiella_intestinihominis	-0.0560509556993	0.0510836300203	-0.00865812456903	-0.00248691503623	0.0030771968411	0.0175350400958	-0.000129189649993	0.0391920046626	-0.0197891843986	-0.0220541311709	-0.0680114577641	0.0210957223859	-0.0310331789013	-0.00433722610758	-0.0687554578592	-0.0213391756853	0.0309302671444	-0.025582042242	1.0	0.00395663594442	-0.0124013372745	-0.0260764047959	0.0456570567329	-0.031040889827	-0.0757958062467	0.000146208543625	-0.0177465596134	-0.0399060525145	0.0425040549279	0.0256117211528	-0.00521451632966	-0.0254525758926	-0.037719918868	0.0325232332646	0.00785244140589	-0.0177608977714	0.0111341654217	0.0354367339257	0.0193678668402	-0.015297027258	-0.00740006194016	-0.021184488389	0.00200058587886	-0.029785931057	0.0132473924444	-0.00601628054554	-0.0125694410568	-0.0816167946503	0.00496769170774	-0.0747190255143	0.0129680454102	-0.0235474397749	-0.025695697126	0.00797172568438	0.0292710599397	-0.00298685133362	-0.00456216276036	0.0332537057211	0.0131806903204
k__Bacteria;p__Bacteroidetes;c__Bacteroidia;o__Bacteroidales;f__Odoribacteraceae;g__Odoribacter;s__Odoribacter_splanchnicus	0.0212548723818	-0.0391265465844	0.0153137511791	-0.0577124935136	0.00511861926774	-0.00694463467073	-0.0318134369479	-0.00638571879381	-0.0481981756451	-0.0117365620707	-0.00706734941223	-0.0463707329086	-0.0267406347796	0.00130927148029	-0.0171184424821	-0.034066359145	0.00602039189757	-0.0481930834815	0.00395663594442	1.0	0.0191905462477	0.00935156789197	-0.0456159097633	-0.024639295265	0.0268941651625	-0.0401173712981	-0.0151876548622	0.0262488775547	-0.00695789584521	-0.0661338811339	-0.0291599731	-0.0247025375868	0.0749052621226	0.0228975175235	0.000712960666105	0.042477567201	-0.0360261597155	-0.0385574484169	0.0154135787035	0.0163144889159	0.00120941696459	0.0343260815516	0.0384571041707	-0.0449509885435	0.0314241326815	-0.0295090754408	0.0435627967998	-0.00177512513764	0.0188547379249	0.000408213275103	0.0274598847352	-0.0151718050943	-0.00790013061646	-0.0345099104973	0.0163658256883	-0.0477340875167	0.0142506547705	0.00927238287286	-0.00718464799321
k__Bacteria;p__Bacteroidetes;c__Bacteroidia;o__Bacteroidales;f__Bacteroidaceae;g__Bacteroides;s__Bacteroides_salyersiae	0.00197241232753	-0.00588845479691	-0.00993901475909	-0.0365481727722	-0.00462053061021	-0.00828801360654	-0.00667384483643	0.025970976469	0.0184441842661	-0.00780125949957	0.030714892472	-0.00177764625792	-0.00162819352568	-0.0023661753955	-0.0487487170399	-0.0697958053518	0.0401750965682	-0.0501878913351	-0.0124013372745	0.0191905462477	1.0	-0.0258106627182	-0.0659439406749	0.0575700684706	-0.0358943801232	-0.0196114091744	0.0756086016693	-0.0117683764291	0.00775362003851	-0.0454400096598	0.0265984058001	-0.0542423967392	0.0112229878217	0.0203259880131	0.0498232699277	-0.00905339692691	-0.0484833138192	-0.00136860742877	-0.00513080297279	-0.0107058043023	0.0285829165895	0.00711086747837	-0.0208919120543	0.0375887433496	-5.10454056108e-05	-0.00854397162213	-0.0308865998196	0.0131794071984	-0.0155136423397	-0.0405045166848	-0.0119287385694	0.0192714545498	-0.0400307221908	-0.000736537548836	0.0114019613885	-0.00900408683335	0.0136729957787	0.0190823490736	0.0201657295494
k__Bacteria;p__Firmicutes;c__Clostridia;o__Clostridiales;f__Ruminococcaceae;g__Ruminiclostridium;s__[Eubacterium]_siraeum	-0.0248911355018	-0.0309859322772	0.0702182150973	-0.023211424053	0.0365475071648	0.0263716754383	0.0101510049146	-0.0520337865558	-0.0754789869823	0.0375087818992	-0.00614590460274	0.036887711307	-0.00981775241752	-0.0314934576109	-0.0346765856662	0.0512289486238	-0.0599394691405	-0.00729736896277	-0.0260764047959	0.00935156789197	-0.0258106627182	1.0	0.0579453784446	-0.0825494337192	0.0196801662025	-0.0473525621391	-0.0586083019411	-0.00454824473996	0.00193089125766	0.0279659134963	-0.0685052149769	-0.00379042115425	-0.031170805274	-0.0242003503469	0.00731836538009	-0.0314567530643	-0.0548871268317	0.0172883875202	-0.0119594582198	-0.00212361361674	-0.0263232894965	-0.0207492189566	0.0122665921814	0.010335328107	-0.0340882376339	-0.0573220608652	0.0981573109905	0.0251111537121	-0.0327485466443	-0.0423895751968	0.0472706892093	-0.0404900892041	0.0878627538859	0.0100608935833	0.0238789877414	-0.0652398025602	0.00158600988097	-0.0430641392151	0.0764438952582
k__Bacteria;p__Proteobacteria;c__Betaproteobacteria;o__Burkholderiales;f__Sutterellaceae;g__Parasutterella;s__Parasutterella_excrementihominis	-0.0453857255121	0.0321177476937	-0.00275942458357	-0.0303096602515	0.0419116498278	-0.00429444466772	0.0527720610146	-0.00488304807608	-0.0353365239277	0.0381153500704	0.0437115962484	-0.0893569475524	-0.0573380343609	-0.0718271629418	-0.00457637268959	0.0329833016053	-0.0311476602947	0.0990145057698	0.0456570567329	-0.0456159097633	-0.0659439406749	0.0579453784446	1.0	-0.0160369575219	0.0289829384632	0.00340635930848	-0.0367548494634	-0.0211425647957	0.00190327137242	-0.0200521204012	0.0111930671287	-0.0926961335604	-0.0386529882094	-0.0396832997606	-0.0220662059074	0.017944127455	0.00702270965406	0.0311055353495	-0.0168693727995	-0.0169694675864	-0.0010069731061	0.00416905570931	0.00473649868753	0.0282214148252	0.0160133218521	0.00644299212006	-0.0309192199029	0.00634755958216	0.028699322713	-0.0708290027831	-0.0344792304102	-0.000158375483002	-0.0252377511074	-0.004405360602	-0.0186483956561	-0.0262238557177	-0.0746080277581	-0.0063293438723	0.0135751454592
k__Bacteria;p__Actinobacteria;c__Actinobacteria;o__Bifidobacteriales;f__Bifidobacteriaceae;g__Bifidobacterium;s__Bifidobacterium_adolescentis	0.005611485635	0.0515936719939	0.0410632992329	-0.00180601225491	-0.0217350552208	-0.0493671761676	0.0511135257065	-0.055211383991	-0.0340310759303	-0.011642767953	-0.0172192954674	0.00721650986196	-0.0133359666686	-0.0213117988331	-0.00789297262663	0.0109191039207	0.0938399762639	0.013654574293	-0.031040889827	-0.024639295265	0.0575700684706	-0.0825494337192	-0.0160369575219	1.0	-0.0170118218277	-0.00321138842599	0.0141323280436	-0.0374510918189	0.0251421166544	-0.0108525094651	-0.0483202702941	-0.00643750259377	-0.0309564550913	-0.0310186583003	0.035434777625	0.00579965601372	0.0219518129829	-0.00264633959477	0.00106653356864	-0.0372031307032	0.010637878954	0.0092849207796	0.0207076030557	0.00740323869558	0.00683169327343	-0.013552810671	-0.0153539860469	-0.0141081088531	0.0115105392674	-0.0333746519822	-0.0233673061129	-0.0318898150354	0.0232429394607	-0.0573555061553	-0.0305234117853	-0.0081712161648	0.00765466097465	-0.0265150499006	-0.0386781886821
k__Bacteria;p__Firmicutes;c__Clostridia;o__Clostridiales;f__Oscillospiraceae;g__Oscillibacter;s__Oscillibacter_sp._KLE_1745	-0.0636317518092	-0.019652799928	0.0376442451017	-0.0719211334807	-0.00967665284385	-0.00835128662627	-0.0160045934652	-0.0281706556777	-0.00186409496175	-0.000497394823159	0.0170480897793	0.00271355762825	-0.0385560291448	-0.00170015933978	-0.0115094780508	-0.0287070799191	-0.0139460546011	0.00306425275208	-0.0757958062467	0.0268941651625	-0.0358943801232	0.0196801662025	0.0289829384632	-0.0170118218277	1.0	0.0257338233523	0.00241895617722	0.0345113156594	-0.0444859370365	0.0423380092009	-0.0526727991083	0.0237494857735	-0.0085189977505	-0.0196129221016	-0.0472245888937	0.0207708495545	0.0233808748373	-0.0243585603623	0.0117618449354	0.0185301434354	-0.0494417467273	-0.0562905340696	-0.0739002526435	0.00760753517072	0.0219066248557	0.0101847622452	-0.0425954342211	-0.020462131517	0.0393288184697	0.0326828830584	0.0114241715438	-0.0332848874716	-0.0436694535685	0.0651517476411	0.0150173046276	-0.0282638873846	0.0189863391524	-0.0202477277969	0.0132161676875
k__Bacteria;p__Bacteroidetes;c__Bacteroidia;o__Bacteroidales;f__Bacteroidaceae;g__Bacteroides;s__Bacteroides_coprophilus	0.0142785181241	0.0148143345194	0.0242459945011	0.0202319005464	-0.043903744202	-0.0395855674029	-0.0328819841454	0.000563091218028	0.00612588808737	-0.0515531829559	0.0406695219368	0.0166322321989	-0.0893790757232	0.0247925164587	-0.0376839849888	0.00178088702705	-0.0575386309562	-0.0216891999023	0.000146208543625	-0.0401173712981	-0.0196114091744	-0.0473525621391	0.00340635930848	-0.00321138842599	0.0257338233523	1.0	-0.00515633705917	-0.0600317786317	-0.0107367670076	0.00898715154447	0.0153362922284	0.00466250025664	0.0105918703459	0.0197263184824	-0.0103730087538	-0.00856474605181	-0.0385971633166	0.0689288716815	0.0316116720049	0.00239195980466	-0.0808091615281	0.0032681153694	-0.0617793910586	-0.0184138986013	0.0301560928874	-0.0127533147958	-0.010098094997	-0.0287851138339	-0.0656511277304	0.030723561329	0.044561488123	0.0892891212	-0.0379929868806	-0.0571839010709	0.0190291929099	0.0469053288933	-0.037515204204	-0.0338314345866	-0.0638835801605
k__Bacteria;p__Firmicutes;c__Clostridia;o__Clostridiales;f__Lachnospiraceae;g__Roseburia;s__Roseburia_intestinalis	-0.0261991538435	-0.0188415274658	0.0312949754722	0.00568535281459	0.0157959065696	0.0155092901396	0.0117604632879	0.00367550189657	-0.0276084447653	0.0240979799201	-0.00436663232218	-0.01685502853	0.01810662107	0.0283214414298	-0.060739322545	0.0143735449455	-0.00640484816524	-0.0201292487835	-0.0177465596134	-0.0151876548622	0.0756086016693	-0.0586083019411	-0.0367548494634	0.0141323280436	0.00241895617722	-0.00515633705917	1.0	-0.0225622594025	-0.0192846878437	-0.0455064100607	0.0013067610441	-0.00711347713425	-0.0588882134602	0.0177738323722	-0.024859289502	-0.045401568158	-0.0188518510765	-0.0332508727949	-0.00109376465543	-0.0330576345599	-0.00462585459651	0.0348887043367	0.0296644305506	0.0285509950233	-0.0129563397139	-0.0473239351536	-0.0571349637963	0.0711454487801	-0.0670298503923	0.0130820912476	-0.0316672138904	-0.0179195279059	-0.0477771012478	-0.0445031822964	0.0134631811142	0.0599839325343	0.0260416543394	0.0139495162154	0.0296521437921
k__Bacteria;p__Firmicutes;c__Clostridia;o__Clostridiales;f__Lachnospiraceae;g__Roseburia;s__Roseburia_hominis	0.000450724046832	0.010951671768	-0.0542332897753	0.0132306496418	-0.00422970580923	0.0313626991164	0.013698151613	0.0582698824808	0.0301639637344	0.00670396982458	-0.0602154820217	0.0142980422578	-0.0324663827073	-0.0284352505436	0.0197578039317	-0.0446343580425	0.0261843970877	-0.00910618429141	-0.0399060525145	0.0262488775547	-0.0117683764291	-0.00454824473996	-0.0211425647957	-0.0374510918189	0.0345113156594	-0.0600317786317	-0.0225622594025	1.0	0.0698346125106	-0.0183617149752	-0.0252043749224	0.0375438482039	-0.0433790911388	-0.0606457002419	-0.0340794560871	-0.00876533997277	-0.026786182563	0.04196275158	0.0135890161843	0.0474778226358	-0.0163926999955	-0.0317773792706	-0.0124036213891	-0.00685537774655	-0.0701583096818	-0.0505311418088	0.0223215244202	-0.0304798060394	0.0149868213883	-0.0496425081947	-0.0214950566948	0.000299645849846	0.00167132285806	-0.0366987999787	-0.0519781451162	0.00169300883081	0.00576352547818	-0.0522318614959	-0.0526018628069
k__Bacteria;p__Bacteroidetes;c__Bacteroidia;o__Bacteroidales;f__Porphyromonadaceae;g__Parabacteroides;s__Parabacteroides_johnsonii	-0.0382441001918	0.0591416311361	0.00689935875497	-0.0159650498377	-0.0763547040119	-0.016229477278	-0.00828555355354	-0.0147019899516	0.0708109386984	0.0281724810739	0.0413227781346	0.00695122257367	0.0149358753038	0.0155770045726	0.00566397114028	-0.03235657467	0.020291311972	-0.0476846491658	0.0425040549279	-0.00695789584521	0.00775362003851	0.00193089125766	0.00190327137242	0.0251421166544	-0.0444859370365	-0.0107367670076	-0.0192846878437	0.0698346125106	1.0	0.0173315497188	-0.0407831060681	-0.0406707131756	-0.0117825562478	-0.00539797720303	0.00508294902477	-0.00500742560741	-0.0392496288643	-0.0862100131161	-0.00822796166067	-0.0215696496584	-0.00926677093081	-0.00725663079736	-0.028402376603	-0.0157915806852	0.0175838301719	-0.0224970651	0.0138679137518	-0.0246380416461	-0.00720452375073	0.0273110347807	-0.0465445963993	-0.0650094239964	-0.0769108856125	-0.0468853940016	0.0353392588282	0.0703898375093	-0.0633943078407	0.0183218604643	-0.0167046370137
k__Bacteria;p__Actinobacteria;c__Actinobacteria;o__Bifidobacteriales;f__Bifidobacteriaceae;g__Bifidobacterium;s__Bifidobacterium_longum	0.0542523343203	0.0185576122861	-0.00547366650416	0.006092623065	0.0339043750379	-0.0287635016159	-0.0257470691681	0.00903462916096	0.00351890487819	0.00116985872343	0.029113140368	-0.0129761415105	0.000211162803736	0.0377282784162	0.0197849363758	-0.0732409727674	0.0167254049301	-0.0390492322837	0.0256117211528	-0.0661338811339	-0.0454400096598	0.0279659134963	-0.0200521204012	-0.0108525094651	0.0423380092009	0.00898715154447	-0.0455064100607	-0.0183617149752	0.0173315497188	1.0	-0.0386187207079	0.00951300595628	-0.0336880924423	-0.0223345706346	-0.0433310383127	-0.0557357212495	0.0321997430804	-0.0444898954639	-0.0156944127491	-0.0355800139014	-0.0194275132685	-0.0201329025319	0.0182726814861	-0.0188874830608	0.0540057440159	0.0156126384733	0.0317515949269	-0.0168536295551	-0.023682380368	-0.0173273373402	0.011488299642	-0.0318329327236	0.0103352255854	0.0210559237911	0.0544726872797	-0.0677769423613	0.0194605294163	-0.0679467716585	-0.00231726203365
