#taxonomy	k__Bacteria;p__Bacteroidetes;c__Bacteroidia;o__Bacteroidales;f__Bacteroidaceae;g__Bacteroides;s__Bacteroides_vulgatus	k__Bacteria;p__Bacteroidetes;c__Bacteroidia;o__Bacteroidales;f__Bacteroidaceae;g__Bacteroides;s__Bacteroides_uniformis	k__Bacteria;p__Bacteroidetes;c__Bacteroidia;o__Bacteroidales;f__Rikenellaceae;g__Alistipes;s__Alistipes_putredinis	k__Bacteria;p__Bacteroidetes;c__Bacteroidia;o__Bacteroidales;f__Prevotellaceae;g__Prevotella;s__Prevotella_copri	k__Bacteria;p__Bacteroidetes;c__Bacteroidia;o__Bacteroidales;f__Bacteroidaceae;g__Bacteroides;s__Bacteroides_stercoris	k__Bacteria;p__Bacteroidetes;c__Bacteroidia;o__Bacteroidales;f__Bacteroidaceae;g__Bacteroides;s__Bacteroides_ovatus	k__Bacteria;p__Bacteroidetes;c__Bacteroidia;o__Bacteroidales;f__Rikenellaceae;g__Alistipes;s__Alistipes_shahii	k__Bacteria;p__Firmicutes;c__Clostridia;o__Clostridiales;f__Ruminococcaceae;g__Faecalibacterium;s__Faecalibacterium_prausnitzii	k__Bacteria;p__Bacteroidetes;c__Bacteroidia;o__Bacteroidales;f__Rikenellaceae;g__Alistipes;s__Alistipes_finegoldii	k__Bacteria;p__Bacteroidetes;c__Bacteroidia;o__Bacteroidales;f__Porphyromonadaceae;g__Parabacteroides;s__Parabacteroides_distasonis	k__Bacteria;p__Bacteroidetes;c__Bacteroidia;o__Bacteroidales;f__Bacteroidaceae;g__Bacteroides;s__Bacteroides_thetaiotaomicron	k__Bacteria;p__Bacteroidetes;c__Bacteroidia;o__Bacteroidales;f__Bacteroidaceae;g__Bacteroides;s__Bacteroides_coprocola	k__Bacteria;p__Bacteroidetes;c__Bacteroidia;o__Bacteroidales;f__Bacteroidaceae;g__Bacteroides;s__Bacteroides_cellulosilyticus	k__Bacteria;p__Bacteroidetes;c__Bacteroidia;o__Bacteroidales;f__Rikenellaceae;g__Alistipes;s__Alistipes_obesi	k__Bacteria;p__Firmicutes;c__Clostridia;o__Clostridiales;f__Lachnospiraceae;g__;s__[Eubacterium]_rectale	k__Bacteria;p__Bacteroidetes;c__Bacteroidia;o__Bacteroidales;f__Bacteroidaceae;g__Bacteroides;s__Bacteroides_plebeius	k__Bacteria;p__Bacteroidetes;c__Bacteroidia;o__Bacteroidales;f__Bacteroidaceae;g__Bacteroides;s__Bacteroides_fragilis	k__Bacteria;p__Proteobacteria;c__Betaproteobacteria;o__Burkholderiales;f__Sutterellaceae;g__Sutterella;s__Sutterella_wadsworthensis	k__Bacteria;p__Bacteroidetes;c__Bacteroidia;o__Bacteroidales;f__Porphyromonadaceae;g__Barnesiella;s__Barnesiella_intestinihominis	k__Bacteria;p__Bacteroidetes;c__Bacteroidia;o__Bacteroidales;f__Odoribacteraceae;g__Odoribacter;s__Odoribacter_splanchnicus	k__Bacteria;p__Bacteroidetes;c__Bacteroidia;o__Bacteroidales;f__Bacteroidaceae;g__Bacteroides;s__Bacteroides_salyersiae	k__Bacteria;p__Firmicutes;c__Clostridia;o__Clostridiales;f__Ruminococcaceae;g__Ruminiclostridium;s__[Eubacterium]_siraeum	k__Bacteria;p__Proteobacteria;c__Betaproteobacteria;o__Burkholderiales;f__Sutterellaceae;g__Parasutterella;s__Parasutterella_excrementihominis	k__Bacteria;p__Actinobacteria;c__Actinobacteria;o__Bifidobacteriales;f__Bifidobacteriaceae;g__Bifidobacterium;s__Bifidobacterium_adolescentis	k__Bacteria;p__Firmicutes;c__Clostridia;o__Clostridiales;f__Oscillospiraceae;g__Oscillibacter;s__Oscillibacter_sp._KLE_1745	k__Bacteria;p__Bacteroidetes;c__Bacteroidia;o__Bacteroidales;f__Bacteroidaceae;g__Bacteroides;s__Bacteroides_coprophilus	k__Bacteria;p__Firmicutes;c__Clostridia;o__Clostridiales;f__Lachnospiraceae;g__Roseburia;s__Roseburia_intestinalis	k__Bacteria;p__Firmicutes;c__Clostridia;o__Clostridiales;f__Lachnospiraceae;g__Roseburia;s__Roseburia_hominis	k__Bacteria;p__Bacteroidetes;c__Bacteroidia;o__Bacteroidales;f__Porphyromonadaceae;g__Parabacteroides;s__Parabacteroides_johnsonii	k__Bacteria;p__Actinobacteria;c__Actinobacteria;o__Bifidobacteriales;f__Bifidobacteriaceae;g__Bifidobacterium;s__Bifidobacterium_longum	k__Bacteria;p__Firmicutes;c__Clostridia;o__Clostridiales;f__;g__Flavonifractor;s__Flavonifractor_plautii	k__Bacteria;p__Firmicutes;c__Clostridia;o__Clostridiales;f__Clostridiaceae;g__Clostridium;s__Clostridium_phoceensis	k__Bacteria;p__Verrucomicrobia;c__Verrucomicrobiae;o__Verrucomicrobiales;f__Akkermansiaceae;g__Akkermansia;s__Akkermansia_muciniphila	k__Bacteria;p__Bacteroidetes;c__Bacteroidia;o__Bacteroidales;f__Prevotellaceae;g__Paraprevotella;s__Paraprevotella_xylaniphila	k__Bacteria;p__Firmicutes;c__Clostridia;o__Clostridiales;f__Ruminococcaceae;g__Ruminococcus;s__Ruminococcus_callidus	k__Bacteria;p__Bacteroidetes;c__Bacteroidia;o__Bacteroidales;f__Rikenellaceae;g__Alistipes;s__Alistipes_senegalensis	k__Bacteria;p__Firmicutes;c__Clostridia;o__Clostridiales;f__Lachnospiraceae;g__Blautia;s__Blautia_sp._KLE_1732	k__Bacteria;p__Bacteroidetes;c__Bacteroidia;o__Bacteroidales;f__Bacteroidaceae;g__Bacteroides;s__Bacteroides_oleiciplenus	k__Bacteria;p__Firmicutes;c__Clostridia;o__Clostridiales;f__Ruminococcaceae;g__Ruminococcus;s__Ruminococcus_bicirculans	k__Bacteria;p__Bacteroidetes;c__Bacteroidia;o__Bacteroidales;f__Bacteroidaceae;g__Bacteroides;s__Bacteroides_fluxus	k__Bacteria;p__Bacteroidetes;c__Bacteroidia;o__Bacteroidales;f__Prevotellaceae;g__Prevotella;s__Prevotella_stercorea	k__Bacteria;p__Firmicutes;c__Clostridia;o__Clostridiales;f__Lachnospiraceae;g__Dorea;s__Dorea_longicatena	k__Bacteria;p__Firmicutes;c__Clostridia;o__Clostridiales;f__Eubacteriaceae;g__Eubacterium;s__[Eubacterium]_eligens	k__Bacteria;p__Firmicutes;c__Clostridia;o__Clostridiales;f__Ruminococcaceae;g__;s__Ruminococcaceae_bacterium_D16	k__Bacteria;p__Firmicutes;c__Clostridia;o__Clostridiales;f__Lachnospiraceae;g__Coprococcus;s__Coprococcus_comes	k__Bacteria;p__Proteobacteria;c__Gammaproteobacteria;o__Enterobacterales;f__Enterobacteriaceae;g__Escherichia;s__Escherichia_coli	k__Bacteria;p__Firmicutes;c__Clostridia;o__Clostridiales;f__Ruminococcaceae;g__Anaerotruncus;s__Anaerotruncus_colihominis	k__Bacteria;p__Firmicutes;c__Clostridia;o__Clostridiales;f__Lachnospiraceae;g__Blautia;s__Blautia_obeum	k__Bacteria;p__Bacteroidetes;c__Bacteroidia;o__Bacteroidales;f__Odoribacteraceae;g__Odoribacter;s__Odoribacter_laneus	k__Bacteria;p__Firmicutes;c__Clostridia;o__Clostridiales;f__Ruminococcaceae;g__Ruminiclostridium;s__[Clostridium]_leptum	k__Bacteria;p__Bacteroidetes;c__Bacteroidia;o__Bacteroidales;f__Porphyromonadaceae;g__Parabacteroides;s__Parabacteroides_goldsteinii	k__Bacteria;p__Firmicutes;c__Clostridia;o__Clostridiales;f__Lachnospiraceae;g__Anaerostipes;s__Anaerostipes_hadrus	k__Bacteria;p__Firmicutes;c__Clostridia;o__Clostridiales;f__Ruminococcaceae;g__Ruminococcus;s__Ruminococcus_lactaris	k__Bacteria;p__Firmicutes;c__Clostridia;o__Clostridiales;f__Clostridiaceae;g__Clostridium;s__Clostridium_sp._L2-50	k__Bacteria;p__Firmicutes;c__Clostridia;o__Clostridiales;f__Clostridiaceae;g__Clostridium;s__Clostridium_sp._M62/1	k__Bacteria;p__Firmicutes;c__Clostridia;o__Clostridiales;f__;g__Intestinimonas;s__Intestinimonas_butyriciproducens	k__Bacteria;p__Actinobacteria;c__Actinobacteria;o__Bifidobacteriales;f__Bifidobacteriaceae;g__Bifidobacterium;s__Bifidobacterium_bifidum	k__Bacteria;p__Firmicutes;c__Negativicutes;o__Veillonellales;f__Veillonellaceae;g__Dialister;s__Dialister_invisus	k__Bacteria;p__Bacteroidetes;c__Bacteroidia;o__Bacteroidales;f__Bacteroidaceae;g__Bacteroides;s__Bacteroides_salanitronis
k__Bacteria;p__Bacteroidetes;c__Bacteroidia;o__Bacteroidales;f__Bacteroidaceae;g__Bacteroides;s__Bacteroides_vulgatus	1.0	-0.0320977578691	-0.0440549137482	-0.069508751025	-0.0523258685424	0.00442847803551	-0.0202148066755	-0.00298415320318	0.0018755885818	0.0371016546094	0.00285072949597	0.0180493292298	-0.00511983500442	-0.0547443567867	0.0120883296614	-0.0469349999742	-0.0958283416021	-0.0108045593226	-0.01228313394	-0.00358735085044	0.00851404117938	0.0463696381185	0.0283511985008	-0.0309094060275	-0.0375835529251	0.000960976383611	0.0172497717151	-0.0230600256172	0.0552661786411	-0.00226023044673	0.0240311031646	0.088152466474	0.0162834633222	-0.00748769974838	-0.0218503948887	-0.0155418581969	-0.0125161656322	0.0828311606904	-0.0122752370353	-0.00265654430864	0.0393484034419	0.00552816300312	0.00778629751723	-0.0818716148792	0.00995995277569	0.00522568525483	-0.00817503487624	-0.0114922102105	-0.0186199520061	0.0286585545127	-0.0127688699357	-0.0376106172267	-0.0824142197323	0.0100919421388	0.0143633212091	-0.00983712230322	-0.0310993878192	-0.0200282319072	0.0199232738378
k__Bacteria;p__Bacteroidetes;c__Bacteroidia;o__Bacteroidales;f__Bacteroidaceae;g__Bacteroides;s__Bacteroides_uniformis	-0.0320977578691	1.0	-0.0196474723442	-0.00861587154928	0.0467438796745	-0.00184147765438	0.00996431458902	-0.00695676040463	-0.0325359098889	-0.0254710669586	-0.0667515648212	-0.0156336395475	-0.0174202921037	-0.00256779267564	0.00139304235569	-0.0272298023224	0.0341353148531	0.0636032501191	0.0321225110586	-0.0390520759022	0.025120811462	-0.0121696958851	0.0626347734212	-0.0296419305278	-0.0368868649472	-0.0334947853863	0.00228534107694	-0.03135170118	-0.0539293553978	0.0385756252817	-0.0232840847257	-0.0801405486205	0.00842610620752	0.00327588377171	-0.0716064078602	0.011800443452	0.0328140198119	0.070610384657	-0.0654216345968	-0.0135519374392	0.0275746445384	-0.0115691796047	0.0266509888104	-0.0176118899089	-0.0130658242273	-0.0152886335408	0.013256998365	-0.0332997612421	0.0109013866696	-0.0158452173492	-0.0676130739571	0.0366813861846	-0.0302444819181	-0.0174604098567	0.0784552486961	-0.0662504999525	-0.0164808495329	0.0109016010013	-0.0554797257008
k__Bacteria;p__Bacteroidetes;c__Bacteroidia;o__Bacteroidales;f__Rikenellaceae;g__Alistipes;s__Alistipes_putredinis	-0.0440549137482	-0.0196474723442	1.0	0.0062627123322	-0.00885410829576	-0.00164035216527	-0.0120866441456	-0.018995525339	0.0161092114224	-0.00840581331458	0.0242675075569	0.0297722866816	0.0509105669895	0.000286584353733	-0.0422359178053	-0.0499298935925	0.0058870342484	0.0932125627199	-0.0171070965114	-0.0868280961545	-0.0349477965686	-0.0567777459628	-0.0257564427171	0.00774276413027	-0.0469937070526	0.00120315693363	-0.0598860447758	-0.0233723895234	-0.0629394617022	-0.00794569376253	0.0478195293277	-0.0100461975164	-0.0311577041828	-0.00207257190397	0.0309431662546	-0.0261010245749	-0.0121934052203	-2.96715046593e-05	-0.00427377299343	-0.00477496074602	-0.0143690660301	-0.048328056566	0.0186373891608	0.00541328328262	0.0187544449051	0.00168327537911	-0.00655358047012	0.0059552739993	-0.021620358371	-0.0359337625605	-0.0456917678093	0.00224389787517	0.00358297919202	-0.0123793591604	-0.035237366725	0.00620600660909	0.0182641821873	-0.0289657719637	0.0213173375527
k__Bacteria;p__Bacteroidetes;c__Bacteroidia;o__Bacteroidales;f__Prevotellaceae;g__Prevotella;s__Prevotella_copri	-0.069508751025	-0.00861587154928	0.0062627123322	1.0	0.0161199692924	0.00435943377709	-0.0370950536364	-0.0735017393117	-0.0032174994432	0.00052562144045	0.00598994314644	-0.024137324116	0.00798046737865	0.0366948823208	-0.0144695735793	0.0294889041878	0.0289645751481	0.0612981339651	0.0575077836113	-0.0150537911458	-0.0326885300455	-0.0203843142927	-0.0768427588996	0.0043220937291	0.0268307099177	0.0168925647034	-0.00532187461671	-0.0186117723684	-0.0480015372706	0.0149392478056	0.0304585354919	0.0327246827447	-0.00564201207446	-0.0103586751042	-0.0185041681663	0.0437297510624	-0.0209411476589	0.00606147028296	0.0198835352795	-0.0214445245685	0.0190709453855	-0.0431890021054	0.0190090746931	-0.0398806008742	-0.0347183055076	0.0200512352938	0.0019297409939	-0.0810664612618	0.0113179527576	-0.0150611793159	0.00328172680292	-0.0491199635892	-0.0265313435201	-0.0216570808634	0.00647165546813	-0.0350072791911	-0.0499147684811	-0.0153763727281	0.0296178231278
k__Bacteria;p__Bacteroidetes;c__Bacteroidia;o__Bacteroidales;f__Bacteroidaceae;g__Bacteroides;s__Bacteroides_stercoris	-0.0523258685424	0.0467438796745	-0.00885410829576	0.0161199692924	1.0	-0.0111337067301	-0.003994848881	0.0328964924044	-0.00282005510486	-0.0309988150915	-0.0256442436602	-0.0531832824921	0.030124778478	-0.00402747615672	-0.0509170324691	0.0217582584457	-0.0229634619808	0.00253695430924	0.0192346810604	0.0426017050868	-0.0406301170695	-0.04246573418	-0.00263570283175	-0.0559513309221	0.0156675103249	0.0247491998026	0.0113978367664	0.00978319103881	0.0499684776613	-0.00729242016889	-0.0145777569818	-0.0374213270788	-0.000896197446707	-0.00115332745069	-0.0224128381833	0.0375626524196	0.0353454102053	-0.0638986838103	0.0194761608471	0.0168620070935	-0.0776631114813	0.016711014627	0.0104872738085	0.0380765048331	0.000538428104728	-0.0205366078946	-0.0619242163553	0.00337584660666	-0.0221188795188	-0.00650573372134	0.00642792638078	-0.0287255834439	-0.0473509826092	0.037504341601	-0.00269161476841	0.0523229968475	0.0235350143552	0.0294920477502	-0.037131857201
k__Bacteria;p__Bacteroidetes;c__Bacteroidia;o__Bacteroidales;f__Bacteroidaceae;g__Bacteroides;s__Bacteroides_ovatus	0.00442847803551	-0.00184147765438	-0.00164035216527	0.00435943377709	-0.0111337067301	1.0	0.0277793021669	-0.0140958898413	-0.0286511782122	-0.00226761782801	-0.03885900908	-0.025718191509	-0.0534606946288	0.0352270154574	-0.0192825798895	-0.0136123428797	-0.0254065079521	-0.0196792910245	-0.0183398376069	-0.0145968457757	-0.0203759098424	0.0121115765509	0.0332246964867	-0.0490634947827	-0.00466577865009	0.0158176738867	-0.0544015793756	-0.0209232365881	0.0466140951993	-0.0426150138603	0.0164900548129	-0.0148095862811	0.067945348249	-0.0298716991566	-0.012758418608	0.0361767039026	0.0283855585965	-0.0198176266515	0.0259510929747	0.0197546128022	0.0351913828717	-0.0207334778059	-0.0313252484249	0.0238368136572	0.019612041796	-0.0307126096911	-0.0573955957064	0.038864918532	-0.0481644700133	0.00830605825806	-0.0225844706675	0.0228719259468	-0.0233504009245	0.0717140654895	0.025662770456	-0.0201039224463	-0.00152047092204	-0.0458259110141	0.00642678884004
k__Bacteria;p__Bacteroidetes;c__Bacteroidia;o__Bacteroidales;f__Rikenellaceae;g__Alistipes;s__Alistipes_shahii	-0.0202148066755	0.00996431458902	-0.0120866441456	-0.0370950536364	-0.003994848881	0.0277793021669	1.0	-0.00724819428265	0.070962769309	-0.0146887434894	-0.0507709766855	-0.0296765830543	-0.00976788355075	0.0251804018208	0.0259209757206	0.0163872892946	-0.0446695003082	0.0180190528202	-0.0441594983146	-0.0343503409175	-0.0279250230307	0.00804445363475	-0.00605453203225	-0.0296670084299	0.0162148639254	0.0062603240844	0.0504523830139	0.00248164965347	-0.0209470660922	-0.00831621117805	-0.0129847473428	-0.0427803836113	-0.0851290582623	-0.020134872563	0.0137806367597	0.0232431614435	0.0107766970029	0.0382582932835	0.029029509151	0.0320451704328	-0.0472676666214	-0.0262692063677	0.0221357531224	0.0344731903548	-0.0214469967708	0.0209574062245	-0.0514473269789	-0.0430458427307	-0.0379743631035	-0.0130337424543	0.0136354594794	0.0201264454939	0.0200046710599	-0.0121226637923	0.00916540197522	-0.0670030806154	-0.0156533012019	0.00402791272022	-0.00592198168228
k__Bacteria;p__Firmicutes;c__Clostridia;o__Clostridiales;f__Ruminococcaceae;g__Faecalibacterium;s__Faecalibacterium_prausnitzii	-0.00298415320318	-0.00695676040463	-0.018995525339	-0.0735017393117	0.0328964924044	-0.0140958898413	-0.00724819428265	1.0	0.0256648834595	0.0364534998326	0.0328598082671	0.0130012610445	-0.0353934565615	-0.00299003555134	0.02817483055	-0.00154437232102	0.0269274199206	-0.0785086371837	0.0259542136609	-0.0291266134709	0.00596513466588	-0.00926276803474	0.0747029973699	0.0208688079721	0.00784585721124	-0.0300351960774	-0.0245306373751	0.0426002326436	-0.0164665347846	-0.0240804256159	-0.00477831172735	0.0082666525516	-0.0206474411541	-0.0365848196719	0.0262535625776	0.0123606154728	0.0435155535411	-0.0252039384802	0.0126951200027	0.00550006540037	-0.0284841293827	-0.013694278682	0.0306371409655	0.0585513793293	-0.0614071477956	-0.00389230940488	-0.0652482526315	-0.0014344792066	0.0125110543227	0.0354273416826	-0.000298672579465	0.0073270884879	-0.0490699254213	-0.0202798561806	-0.0833379074715	0.0169346561189	-0.0451155428677	-0.0262205065059	0.00279850626594
k__Bacteria;p__Bacteroidetes;c__Bacteroidia;o__Bacteroidales;f__Rikenellaceae;g__Alistipes;s__Alistipes_finegoldii	0.0018755885818	-0.0325359098889	0.0161092114224	-0.0032174994432	-0.00282005510486	-0.0286511782122	0.070962769309	0.0256648834595	1.0	-0.0244757605898	0.0205137515957	-0.023503819252	-0.00228698023641	0.0109611022293	-0.0104301848051	-0.00919284345754	0.0211177576194	-0.0542492891926	-0.0286064317168	-0.0299195758469	0.0628914016742	0.00631681720889	0.00720600634154	0.0506342836696	-0.0197147775104	-0.0381929166115	-0.0140927156522	0.0217148656489	-0.0883729732211	-0.0257876758265	-0.0438814053484	-0.0541298582404	0.0117594318151	0.0586357043639	-0.0300090946164	0.00100981149576	-0.00684668541429	0.00705845273042	0.0138011048435	8.26363346331e-05	0.0072450505393	0.0232388715049	-0.027468439106	0.0355806849498	0.0209212449629	0.0399090595811	-0.00638313352503	-0.0473413080679	0.0207700385001	-0.0577489411747	-0.0576305954879	0.0302325712691	-0.0270356494378	-0.0260810161096	-0.0170121456075	-0.0670833857977	-0.00857407328948	-0.000196339842117	0.0505599341777
k__Bacteria;p__Bacteroidetes;c__Bacteroidia;o__Bacteroidales;f__Porphyromonadaceae;g__Parabacteroides;s__Parabacteroides_distasonis	0.0371016546094	-0.0254710669586	-0.00840581331458	0.00052562144045	-0.0309988150915	-0.00226761782801	-0.0146887434894	0.0364534998326	-0.0244757605898	1.0	0.0175871161724	-0.00175077032602	0.0196354534391	-0.00450259447463	0.00555170618136	0.00830887234508	-0.0295931047668	-0.0264026857547	0.010069354736	-0.0358259336604	-0.0313710655969	-0.0109983739868	0.0120110923807	-0.031704417065	-0.00227638185309	-0.0402944715755	-0.0478258611691	-0.000280709634402	-0.020471948563	0.0564171811049	-0.023533825292	0.0222293572003	0.0428890950432	-0.0264401789199	0.0102288370917	0.0348592838908	0.0634615001471	-0.0592708893897	-0.0141006317866	-0.00492456338862	-0.0552256161181	0.00167108180846	-0.0193991486016	-0.0460321445542	-0.00304528996499	-0.0111124156449	0.064597106616	-0.0129676855204	-0.0163508617354	-0.0579556452171	0.0287033928055	0.038928636352	-0.00612804879643	0.0400256178869	-0.0266009643369	-0.0140708174173	-0.0359822727099	-0.0401946378708	0.0124364605038
k__Bacteria;p__Bacteroidetes;c__Bacteroidia;o__Bacteroidales;f__Bacteroidaceae;g__Bacteroides;s__Bacteroides_thetaiotaomicron	0.00285072949597	-0.0667515648212	0.0242675075569	0.00598994314644	-0.0256442436602	-0.03885900908	-0.0507709766855	0.0328598082671	0.0205137515957	0.0175871161724	1.0	-0.0347163677353	-0.0239078979847	-0.0264719588506	0.0568633823745	0.0345759431576	0.0368782424937	-0.0212136708771	-0.0108909176426	-0.0369802180094	-0.0612177149793	-0.0260438182781	-0.00308013356486	0.00836239858784	0.0208040913856	-0.00413963221016	0.0170237047586	0.00231765835027	0.020376009873	0.0421228293191	0.0272917306316	-0.0552598177483	-0.0467298742108	-0.0163849365912	0.0470156675727	-0.0302233714382	-0.0166265982346	0.0227766475605	-0.0213785758084	0.0190949024901	-0.0303859041063	-0.0134993098591	-0.0322206455358	-0.0138869469801	0.00339905221964	0.0618478373558	-0.0324811609689	0.0190072303747	-0.0985681885476	-0.0734689283779	0.0153295359807	-0.0586436683053	0.00933707255869	0.0348352476313	0.00430460792861	-0.0177409290446	-0.0496013793452	-0.00952591861468	0.0201274507861
k__Bacteria;p__Bacteroidetes;c__Bacteroidia;o__Bacteroidales;f__Bacteroidaceae;g__Bacteroides;s__Bacteroides_coprocola	0.0180493292298	-0.0156336395475	0.0297722866816	-0.024137324116	-0.0531832824921	-0.025718191509	-0.0296765830543	0.0130012610445	-0.023503819252	-0.00175077032602	-0.0347163677353	1.0	0.00606601734595	-0.00878654445356	-0.00914782113417	-0.0244790021863	0.00873915939341	0.0020055670213	0.00117402752167	0.0207433917755	0.00756123909834	0.070301713685	-0.0146329261894	0.0480377463177	-0.0383898683346	-0.0142107973699	-0.0181645496822	-0.040007071783	-0.0154945962062	-0.0230849763013	0.0140066944271	-0.0403939018772	0.0178383120941	-0.0429114597629	0.0152195998039	-0.0341445056994	0.00884839488551	0.00325552913269	-0.054381531261	-0.0518700220289	0.0107278555585	-0.0292471813239	0.0142600516994	0.0259278356518	-0.0288994719806	0.0136554014398	0.045682548716	-0.0324462197995	0.0101339195584	-0.0162124775495	-0.00299879327197	0.000161516663923	-0.0250167198868	0.0625022625831	0.0259618327596	0.0325933192685	-0.0112251540991	-0.00164222188028	0.00979540556051
k__Bacteria;p__Bacteroidetes;c__Bacteroidia;o__Bacteroidales;f__Bacteroidaceae;g__Bacteroides;s__Bacteroides_cellulosilyticus	-0.00511983500442	-0.0174202921037	0.0509105669895	0.00798046737865	0.030124778478	-0.0534606946288	-0.00976788355075	-0.0353934565615	-0.00228698023641	0.0196354534391	-0.0239078979847	0.00606601734595	1.0	-0.0146924118336	-0.0346737247006	0.00172143798426	-0.00100325913171	-0.00478625477987	0.0524370719743	-0.000275889907664	0.0349391417724	0.0293220309694	-0.0438208345026	-0.0181685167076	0.0239945913033	-0.0669056932087	-0.0267865259105	-0.0646936410526	-0.0596815984362	0.0354423638137	-0.00735877765158	-0.0376129338216	-0.002225893963	-0.0275782668837	0.0588828573688	0.00831876420552	-0.0111797230751	-0.00562004789778	0.0554750710182	-0.0445182160933	-0.000302570240533	-0.0507570311856	-0.0451262373552	-0.00795228023041	-0.0120366920173	0.00854176662969	0.029313686535	0.000849664446689	-0.0570809901734	0.0146347264572	-0.0178609688226	-0.0241102325573	0.0110709958343	0.0132452384429	-0.0319248083321	-0.012265277355	-0.0377064932712	-0.0262470898059	-0.0359349674995
k__Bacteria;p__Bacteroidetes;c__Bacteroidia;o__Bacteroidales;f__Rikenellaceae;g__Alistipes;s__Alistipes_obesi	-0.0547443567867	-0.00256779267564	0.000286584353733	0.0366948823208	-0.00402747615672	0.0352270154574	0.0251804018208	-0.00299003555134	0.0109611022293	-0.00450259447463	-0.0264719588506	-0.00878654445356	-0.0146924118336	1.0	-0.0355868638117	0.0198570137555	-0.0109365276157	0.033676311189	-0.0302136109374	0.0203329365987	-0.0148669905033	0.00743917420072	0.0101714032607	-0.0439306433022	-0.00425606018435	-0.00308171107294	-0.0744959687275	-0.0251483491389	-0.0121853325939	0.00330251258683	-0.0182193570085	0.0171302206416	-0.0131132378422	-0.0618638583496	0.0226157158653	0.0255746971765	-0.0253517268377	-0.0281041529879	0.00555528498096	-0.0274507517498	0.00809520965811	0.0299610622442	-0.00324896595321	-0.0206914341119	-0.0327955548414	0.0120608541172	-0.0423363589486	0.0322037505228	0.0134367408707	-0.00154044169877	-0.0172490414379	0.005204045703	0.0501163760625	-0.0239181287421	0.0152333467999	-0.0674994172289	0.024640600945	-0.0101243180418	0.00320075138836
k__Bacteria;p__Firmicutes;c__Clostridia;o__Clostridiales;f__Lachnospiraceae;g__;s__[Eubacterium]_rectale	0.0120883296614	0.00139304235569	-0.0422359178053	-0.0144695735793	-0.0509170324691	-0.0192825798895	0.0259209757206	0.02817483055	-0.0104301848051	0.00555170618136	0.0568633823745	-0.00914782113417	-0.0346737247006	-0.0355868638117	1.0	0.0322908624796	0.0189897475041	-0.0410411383817	-0.00186558538599	-0.0633108026802	0.00330459461002	0.0186722320884	0.0353511860205	0.0800776469737	0.00735432340871	-0.0139306980915	0.0410905188459	-0.0277598315963	0.0457291627409	-0.0117808898452	-0.0338582615375	-0.0162018535567	-0.0784625837113	-0.0123868457423	-0.00554875612653	-0.0829932399563	-0.00790283916294	0.0276760728898	-0.0625469216628	-0.0470328848881	0.0191529884034	0.00808844301348	-0.0323308084321	-0.0311882823478	-0.0118197944495	-0.0244994023485	0.00258866180788	-0.0278010957511	-0.0251994074065	-0.056726787783	-0.0153706290308	-0.00701838015649	-0.0147533466085	0.0247044584653	0.0149856609079	0.0237613612566	-0.0136794041164	0.0316209318105	0.0591149246448
k__Bacteria;p__Bacteroidetes;c__Bacteroidia;o__Bacteroidales;f__Bacteroidaceae;g__Bacteroides;s__Bacteroides_plebeius	-0.0469349999742	-0.0272298023224	-0.0499298935925	0.0294889041878	0.0217582584457	-0.0136123428797	0.0163872892946	-0.00154437232102	-0.00919284345754	0.00830887234508	0.0345759431576	-0.0244790021863	0.00172143798426	0.0198570137555	0.0322908624796	1.0	-0.0090853723631	-0.0074750854967	0.0587037547884	-0.0146674998983	-0.00160254463089	-0.038886967785	-0.0203891946257	-0.014156014651	-0.00735013931091	0.0336165339785	-0.0264845313947	-0.00294414273923	0.0305878540039	0.0349416057223	-0.0352250447753	-0.0180394403055	0.0336001674797	0.0253346846378	-0.052098914946	-0.0645595168597	-0.0634949877205	0.0136053643051	0.00895654970529	-0.0168065556417	0.0103596855329	-0.0276763236956	-0.00806086577281	-0.0200935534887	-0.0210863838071	0.0461806233904	-0.016948570813	-0.0724104282803	-0.045694231463	0.0445973510551	0.00621459373506	-0.0230882695676	0.0148487165784	0.0145756671679	0.0238027437646	0.0143677188709	-0.0252910287812	0.0175096308126	-0.0180382073068
k__Bacteria;p__Bacteroidetes;c__Bacteroidia;o__Bacteroidales;f__Bacteroidaceae;g__Bacteroides;s__Bacteroides_fragilis	-0.0958283416021	0.0341353148531	0.0058870342484	0.0289645751481	-0.0229634619808	-0.0254065079521	-0.0446695003082	0.0269274199206	0.0211177576194	-0.0295931047668	0.0368782424937	0.00873915939341	-0.00100325913171	-0.0109365276157	0.0189897475041	-0.0090853723631	1.0	-0.0146760552342	0.0155019737665	-0.0224446563165	-0.00694334266234	-0.0795171190197	0.00323562524566	-0.027219507332	-0.0219150737306	0.0273894653777	-0.0248788387244	0.0200216986172	0.00506335979307	-0.0339886708638	-0.0500979028003	0.00691756588722	-0.0257676153874	-0.0399018081039	0.0422789310717	-0.0602758867698	-0.0427426047959	0.056737614653	-0.027393280739	0.0197309947108	0.0537271451404	0.000368953084104	-0.0533617270196	-0.00482374372395	-0.0484322229905	-0.043148994289	0.024443297464	0.049898213489	0.0288940198212	-0.0637074152367	0.013663955671	-0.0359030475519	0.0448971515897	-0.0306896066859	-0.0348806775277	-0.01192755993	-0.0939224359788	0.0107022499107	-0.039352973508
k__Bacteria;p__Proteobacteria;c__Betaproteobacteria;o__Burkholderiales;f__Sutterellaceae;g__Sutterella;s__Sutterella_wadsworthensis	-0.0108045593226	0.0636032501191	0.0932125627199	0.0612981339651	0.00253695430924	-0.0196792910245	0.0180190528202	-0.0785086371837	-0.0542492891926	-0.0264026857547	-0.0212136708771	0.0020055670213	-0.00478625477987	0.033676311189	-0.0410411383817	-0.0074750854967	-0.0146760552342	1.0	-0.0254588067593	-0.021989372293	-0.00463664958096	-0.046985842979	-0.00118319905783	0.000671920588871	-0.0124537288298	-0.0112578284462	-0.0614241406239	-0.00849978331444	0.00967032915925	0.0111516663105	-0.0362073442389	-0.00517861757293	-0.0196518359548	-0.056037454264	0.0458528398373	-0.0374506315558	-0.0396412434428	0.00942714839621	0.0117798360012	0.0506038160408	-0.0596343132706	-0.00871168316304	0.0233100930858	-0.00108569771323	-0.0631238640638	0.0112435085702	0.0212790311109	-0.021484767924	-0.00284009922091	-0.0352935117987	-0.00759394662094	-0.000753993753842	-0.0570898131009	0.0422936711587	0.0681351552611	-0.0620002911405	0.0120368555464	-0.022480051006	-0.0771806989307
k__Bacteria;p__Bacteroidetes;c__Bacteroidia;o__Bacteroidales;f__Porphyromonadaceae;g__Barnesiella;s__Barnesiella_intestinihominis	-0.01228313394	0.0321225110586	-0.0171070965114	0.0575077836113	0.0192346810604	-0.0183398376069	-0.0441594983146	0.0259542136609	-0.0286064317168	0.010069354736	-0.0108909176426	0.00117402752167	0.0524370719743	-0.0302136109374	-0.00186558538599	0.0587037547884	0.0155019737665	-0.0254588067593	1.0	0.0106898247945	-0.0288441835417	0.0187709449599	-0.0510928386102	-0.0103697209406	-0.00814702390674	0.0069776257792	-0.0316592446395	0.00529610030507	-0.0317578630958	0.00929473781341	-0.0216958034222	-0.0529962263117	0.0597461941963	0.0242588837896	-0.0308648091979	-0.0230688510953	0.0187888627432	-0.0672972218016	-0.00382700736702	-0.0417579377069	-0.00933718052219	0.0434175906809	-0.0259364870529	-0.00960554281237	-0.0202732086879	0.00859629026003	-0.0238943985138	-0.0453560985883	-0.00999909457773	-0.0204293898327	0.0454172435179	-0.0175870769283	0.0263055229825	-0.0349182203264	-0.0311412118336	0.0402677617817	-0.0454839614618	-0.0619901017919	0.0519901355214
k__Bacteria;p__Bacteroidetes;c__Bacteroidia;o__Bacteroidales;f__Odoribacteraceae;g__Odoribacter;s__Odoribacter_splanchnicus	-0.00358735085044	-0.0390520759022	-0.0868280961545	-0.0150537911458	0.0426017050868	-0.0145968457757	-0.0343503409175	-0.0291266134709	-0.0299195758469	-0.0358259336604	-0.0369802180094	0.0207433917755	-0.000275889907664	0.0203329365987	-0.0633108026802	-0.0146674998983	-0.0224446563165	-0.021989372293	0.0106898247945	1.0	-0.0119969629487	0.0486777973457	-0.0582413726492	-0.0204155649416	-0.0535857606128	-0.0527105653105	0.0187028443888	-0.00435824775026	-0.00783396593947	0.0010933449143	-0.00645811011965	0.0158208547667	0.00107763945977	-0.0728115280889	-0.0462909010866	-0.0703993024129	0.0144371647871	-0.0107868601574	0.0298192135386	0.0107287662275	-0.10378748761	0.0108515733876	-0.0524957058149	0.0279986917184	-0.0146236105633	-0.00963271789114	-0.0802428672787	0.0414753051214	0.0393975988804	0.077283214486	-0.00444031569659	-0.0245116376279	0.032483862027	0.00955942248257	-0.0374702123454	-0.00455682708477	0.0620767478019	0.0205500259263	-0.0156984963321
k__Bacteria;p__Bacteroidetes;c__Bacteroidia;o__Bacteroidales;f__Bacteroidaceae;g__Bacteroides;s__Bacteroides_salyersiae	0.00851404117938	0.025120811462	-0.0349477965686	-0.0326885300455	-0.0406301170695	-0.0203759098424	-0.0279250230307	0.00596513466588	0.0628914016742	-0.0313710655969	-0.0612177149793	0.00756123909834	0.0349391417724	-0.0148669905033	0.00330459461002	-0.00160254463089	-0.00694334266234	-0.00463664958096	-0.0288441835417	-0.0119969629487	1.0	-0.0121618108155	0.0462269291897	-0.0137450455081	-0.00519954074536	-0.0100543158263	0.0103361285329	-0.0400058090166	0.0458434882349	-0.0674713720023	-0.0366385156953	-0.0314132766981	-0.0245331357362	-0.0082330635695	-0.0445553963738	-0.00691783181764	-0.0257247345183	-0.0192103279254	0.0330969417434	0.0249248902703	-0.0332410170234	-0.00941459307144	-0.00515778074858	-0.00435703868706	-0.0200219806238	-0.0304086734333	0.022883394308	-0.00627041580638	-0.0434862796681	0.0150377505502	-0.0280798807249	-0.0222495124566	0.0335801135821	-0.0341780986043	-0.0278195143856	-0.0442961701608	0.0194622824953	-0.026707402646	0.0434476128257
k__Bacteria;p__Firmicutes;c__Clostridia;o__Clostridiales;f__Ruminococcaceae;g__Ruminiclostridium;s__[Eubacterium]_siraeum	0.0463696381185	-0.0121696958851	-0.0567777459628	-0.0203843142927	-0.04246573418	0.0121115765509	0.00804445363475	-0.00926276803474	0.00631681720889	-0.0109983739868	-0.0260438182781	0.070301713685	0.0293220309694	0.00743917420072	0.0186722320884	-0.038886967785	-0.0795171190197	-0.046985842979	0.0187709449599	0.0486777973457	-0.0121618108155	1.0	-0.00778551073055	-0.0068491652827	0.068418216215	-0.00563935034994	0.00184069232377	-0.107670096579	-0.00373582761209	0.0100285051985	-0.0418727374641	0.00685012472421	-0.0115426688959	0.0415230990054	-0.0203911171413	-0.0859649551213	-0.0404609495471	-0.00749370023543	-0.028624752906	-0.00901498808005	-0.0120326359387	0.00894554666547	-0.0801267160808	-0.0216184813141	0.0275582814632	-0.00954222008875	0.00636091776088	0.014690758073	-0.0293298338144	0.0220044214341	0.0687070269495	-0.0622298091931	0.00695861944996	-0.0219350568583	-0.00718707311516	0.0257798193364	-0.0358140509808	0.0303197499501	-0.0310253534117
k__Bacteria;p__Proteobacteria;c__Betaproteobacteria;o__Burkholderiales;f__Sutterellaceae;g__Parasutterella;s__Parasutterella_excrementihominis	0.0283511985008	0.0626347734212	-0.0257564427171	-0.0768427588996	-0.00263570283175	0.0332246964867	-0.00605453203225	0.0747029973699	0.00720600634154	0.0120110923807	-0.00308013356486	-0.0146329261894	-0.0438208345026	0.0101714032607	0.0353511860205	-0.0203891946257	0.00323562524566	-0.00118319905783	-0.0510928386102	-0.0582413726492	0.0462269291897	-0.00778551073055	1.0	-0.0579730353715	0.0565816443059	0.0341668706018	-0.0501165929803	-0.00271672644654	-0.0784150946371	-0.0507542108951	-0.0277068633009	-0.0235946879803	-0.0225795517023	0.00353938512445	-0.0127872705987	0.0491075316116	0.00338362968144	-0.0176769223093	0.0211107821785	-0.0156756496361	0.0181446383411	-0.0373203215127	-0.0125791571215	-0.0138385200593	-0.0140756390438	-0.000409819222125	-0.0144328602325	0.0140484010346	-0.0391484530773	0.0299058468443	-0.0365463564703	0.0349631028496	-0.00185281337738	0.0220600712822	0.0580394692501	-0.0680631460318	-0.0389373080071	0.0433453794619	0.0451237345218
k__Bacteria;p__Actinobacteria;c__Actinobacteria;o__Bifidobacteriales;f__Bifidobacteriaceae;g__Bifidobacterium;s__Bifidobacterium_adolescentis	-0.0309094060275	-0.0296419305278	0.00774276413027	0.0043220937291	-0.0559513309221	-0.0490634947827	-0.0296670084299	0.0208688079721	0.0506342836696	-0.031704417065	0.00836239858784	0.0480377463177	-0.0181685167076	-0.0439306433022	0.0800776469737	-0.014156014651	-0.027219507332	0.000671920588871	-0.0103697209406	-0.0204155649416	-0.0137450455081	-0.0068491652827	-0.0579730353715	1.0	0.0266585108055	0.00266812064377	-0.0381635625623	-0.0411581459045	0.00189850841843	0.00829457823105	-0.0742301601511	0.0714246452879	-0.00970525584797	0.0358700842045	-0.0713584649686	-0.0523875360636	0.0158082015021	0.00718552116033	0.0182671423947	0.0279374363858	0.00286174530775	-0.0146084857793	-0.0485231690415	0.0219633456488	-0.00439450490456	-0.0311130324067	0.00533812998625	-0.0299942413592	0.0241998498563	-0.0552688936706	-0.056240686449	0.0151982989375	0.0604867591542	-0.00123671936506	0.0598232802134	0.0548612710748	0.00656477514561	0.00591964269092	-0.020844335725
k__Bacteria;p__Firmicutes;c__Clostridia;o__Clostridiales;f__Oscillospiraceae;g__Oscillibacter;s__Oscillibacter_sp._KLE_1745	-0.0375835529251	-0.0368868649472	-0.0469937070526	0.0268307099177	0.0156675103249	-0.00466577865009	0.0162148639254	0.00784585721124	-0.0197147775104	-0.00227638185309	0.0208040913856	-0.0383898683346	0.0239945913033	-0.00425606018435	0.00735432340871	-0.00735013931091	-0.0219150737306	-0.0124537288298	-0.00814702390674	-0.0535857606128	-0.00519954074536	0.068418216215	0.0565816443059	0.0266585108055	1.0	0.00152990086005	-0.0154411355542	-0.0327605641752	0.0181144600799	-0.0107858235932	-0.0225162887798	0.000661691075262	-0.022324014694	0.00312238344472	-0.00784040534735	0.0509788202522	0.0231385363073	-0.0229663305015	-0.00825170078173	-0.0314507941567	0.0358362342114	-0.01403126168	-0.0424665959017	-0.0159673798299	0.0361592543213	0.0234184859947	-0.0333349808934	-0.0029538858635	-0.036506777796	-0.0204403186973	-0.0373559280592	0.0218959332899	0.00226693511022	-0.0595651427793	0.0242359966852	0.0422447749805	-0.021979883416	0.0617853185258	-0.0543038841023
k__Bacteria;p__Bacteroidetes;c__Bacteroidia;o__Bacteroidales;f__Bacteroidaceae;g__Bacteroides;s__Bacteroides_coprophilus	0.000960976383611	-0.0334947853863	0.00120315693363	0.0168925647034	0.0247491998026	0.0158176738867	0.0062603240844	-0.0300351960774	-0.0381929166115	-0.0402944715755	-0.00413963221016	-0.0142107973699	-0.0669056932087	-0.00308171107294	-0.0139306980915	0.0336165339785	0.0273894653777	-0.0112578284462	0.0069776257792	-0.0527105653105	-0.0100543158263	-0.00563935034994	0.0341668706018	0.00266812064377	0.00152990086005	1.0	0.0241075040786	-0.0303089444758	0.0258575418009	-0.046129938275	-0.017675227904	0.00641195780717	-0.0274297708741	0.0511173725802	-0.00560948992511	0.030537851491	0.013481292782	0.0216451009892	-0.0201431916092	0.0222466355362	-0.000767555522522	0.03190313044	0.040957200386	-0.0323339883901	-0.0640306794319	-0.0309059781223	0.000553605150418	-0.0159965789271	-0.00409285697515	-0.022548385128	-0.050277698142	0.00513007421381	0.0242686631503	-0.00174304968468	-0.0257001294965	-0.0397036624006	0.0451572732563	-0.025372017247	-0.0659323422944
k__Bacteria;p__Firmicutes;c__Clostridia;o__Clostridiales;f__Lachnospiraceae;g__Roseburia;s__Roseburia_intestinalis	0.0172497717151	0.00228534107694	-0.0598860447758	-0.00532187461671	0.0113978367664	-0.0544015793756	0.0504523830139	-0.0245306373751	-0.0140927156522	-0.0478258611691	0.0170237047586	-0.0181645496822	-0.0267865259105	-0.0744959687275	0.0410905188459	-0.0264845313947	-0.0248788387244	-0.0614241406239	-0.0316592446395	0.0187028443888	0.0103361285329	0.00184069232377	-0.0501165929803	-0.0381635625623	-0.0154411355542	0.0241075040786	1.0	-0.00389667470423	0.0219197010611	-0.0189722330421	-0.0495960510781	0.0519207563264	0.00821301740099	-0.0258171607512	0.000197513518613	0.00131940810907	-0.0118910915311	-0.0126142193598	-0.0567946116863	0.00499283527412	-0.0280563855133	-0.0776162787124	-0.0479582352667	-0.0049125574734	0.0233357423216	-0.0505726820737	0.0351122388254	0.0192471284856	-0.0140581403136	-0.0113562644472	-0.00571572402704	-0.0500846224169	-0.00702066149142	0.0169292905637	-0.0290877641469	-0.00489560984276	0.0305372177363	-0.0445764203417	0.0225937884081
k__Bacteria;p__Firmicutes;c__Clostridia;o__Clostridiales;f__Lachnospiraceae;g__Roseburia;s__Roseburia_hominis	-0.0230600256172	-0.03135170118	-0.0233723895234	-0.0186117723684	0.00978319103881	-0.0209232365881	0.00248164965347	0.0426002326436	0.0217148656489	-0.000280709634402	0.00231765835027	-0.040007071783	-0.0646936410526	-0.0251483491389	-0.0277598315963	-0.00294414273923	0.0200216986172	-0.00849978331444	0.00529610030507	-0.00435824775026	-0.0400058090166	-0.107670096579	-0.00271672644654	-0.0411581459045	-0.0327605641752	-0.0303089444758	-0.00389667470423	1.0	-0.0391478690773	-0.0246008978768	0.00633794920998	-0.0481335813384	0.0260239232455	-0.0522999274758	0.00649518058933	-0.00191682829888	0.012637651914	-0.0384669970197	-0.00717737595948	-0.00837535081268	0.0166008604155	0.0213559634501	0.0227756173328	0.0208109575539	-0.0117222503034	0.01405889614	0.0314367776367	0.0343879865663	-0.0349830547072	-0.00787610950735	0.000115371263806	-0.0365789050333	0.016494842884	-0.0337293190604	0.0292171482443	0.0145350480839	0.0320880398389	-0.0174070659785	0.0350234907369
k__Bacteria;p__Bacteroidetes;c__Bacteroidia;o__Bacteroidales;f__Porphyromonadaceae;g__Parabacteroides;s__Parabacteroides_johnsonii	0.0552661786411	-0.0539293553978	-0.0629394617022	-0.0480015372706	0.0499684776613	0.0466140951993	-0.0209470660922	-0.0164665347846	-0.0883729732211	-0.020471948563	0.020376009873	-0.0154945962062	-0.0596815984362	-0.0121853325939	0.0457291627409	0.0305878540039	0.00506335979307	0.00967032915925	-0.0317578630958	-0.00783396593947	0.0458434882349	-0.00373582761209	-0.0784150946371	0.00189850841843	0.0181144600799	0.0258575418009	0.0219197010611	-0.0391478690773	1.0	0.0116706182992	0.0157962851244	0.0214227541965	-0.00997623977933	-0.00472439389325	0.0250430244134	0.0321605332425	-0.00544369951239	-0.0140557518127	0.00641689344926	0.00739746164129	-0.00530201325543	-0.0506314153561	-0.0129344055994	-0.0294345219376	-0.0638053933311	0.00281587966963	-0.0230077757716	-0.018703890124	0.0173657908468	-0.00116187467653	-0.0361649684263	-0.0106570809424	-0.00374292633136	-0.110157136416	-0.0749378828068	0.0104015507971	-0.0166229722137	0.0198955477263	-0.00708921666988
k__Bacteria;p__Actinobacteria;c__Actinobacteria;o__Bifidobacteriales;f__Bifidobacteriaceae;g__Bifidobacterium;s__Bifidobacterium_longum	-0.00226023044673	0.0385756252817	-0.00794569376253	0.0149392478056	-0.00729242016889	-0.0426150138603	-0.00831621117805	-0.0240804256159	-0.0257876758265	0.0564171811049	0.0421228293191	-0.0230849763013	0.0354423638137	0.00330251258683	-0.0117808898452	0.0349416057223	-0.0339886708638	0.0111516663105	0.00929473781341	0.0010933449143	-0.0674713720023	0.0100285051985	-0.0507542108951	0.00829457823105	-0.0107858235932	-0.046129938275	-0.0189722330421	-0.0246008978768	0.0116706182992	1.0	0.0283460283247	0.0105897599427	-0.0146344489509	0.0201597567334	0.0158166705317	-0.067886265724	0.011266446707	-0.0330828497776	-0.0328458101074	-0.0290027128154	-0.0526168775861	-0.027552798742	-0.0112635414453	0.018354209489	0.0365358583995	-0.00578763075348	0.0243413794437	-0.0375024219253	-0.0115720508381	0.0220271216649	-0.0522581065591	0.0646929481921	-0.00350134996392	-0.0662523462635	0.0538053775348	-0.00475616233771	-0.0013782873077	-0.0143633991696	-0.033274175172
