#taxonomy	k__Bacteria;p__Bacteroidetes;c__Bacteroidia;o__Bacteroidales;f__Bacteroidaceae;g__Bacteroides;s__Bacteroides_vulgatus	k__Bacteria;p__Bacteroidetes;c__Bacteroidia;o__Bacteroidales;f__Bacteroidaceae;g__Bacteroides;s__Bacteroides_uniformis	k__Bacteria;p__Bacteroidetes;c__Bacteroidia;o__Bacteroidales;f__Rikenellaceae;g__Alistipes;s__Alistipes_putredinis	k__Bacteria;p__Bacteroidetes;c__Bacteroidia;o__Bacteroidales;f__Prevotellaceae;g__Prevotella;s__Prevotella_copri	k__Bacteria;p__Bacteroidetes;c__Bacteroidia;o__Bacteroidales;f__Bacteroidaceae;g__Bacteroides;s__Bacteroides_stercoris	k__Bacteria;p__Bacteroidetes;c__Bacteroidia;o__Bacteroidales;f__Bacteroidaceae;g__Bacteroides;s__Bacteroides_ovatus	k__Bacteria;p__Bacteroidetes;c__Bacteroidia;o__Bacteroidales;f__Rikenellaceae;g__Alistipes;s__Alistipes_shahii	k__Bacteria;p__Firmicutes;c__Clostridia;o__Clostridiales;f__Ruminococcaceae;g__Faecalibacterium;s__Faecalibacterium_prausnitzii	k__Bacteria;p__Bacteroidetes;c__Bacteroidia;o__Bacteroidales;f__Rikenellaceae;g__Alistipes;s__Alistipes_finegoldii	k__Bacteria;p__Bacteroidetes;c__Bacteroidia;o__Bacteroidales;f__Porphyromonadaceae;g__Parabacteroides;s__Parabacteroides_distasonis	k__Bacteria;p__Bacteroidetes;c__Bacteroidia;o__Bacteroidales;f__Bacteroidaceae;g__Bacteroides;s__Bacteroides_thetaiotaomicron	k__Bacteria;p__Bacteroidetes;c__Bacteroidia;o__Bacteroidales;f__Bacteroidaceae;g__Bacteroides;s__Bacteroides_coprocola	k__Bacteria;p__Bacteroidetes;c__Bacteroidia;o__Bacteroidales;f__Bacteroidaceae;g__Bacteroides;s__Bacteroides_cellulosilyticus	k__Bacteria;p__Bacteroidetes;c__Bacteroidia;o__Bacteroidales;f__Rikenellaceae;g__Alistipes;s__Alistipes_obesi	k__Bacteria;p__Firmicutes;c__Clostridia;o__Clostridiales;f__Lachnospiraceae;g__;s__[Eubacterium]_rectale	k__Bacteria;p__Bacteroidetes;c__Bacteroidia;o__Bacteroidales;f__Bacteroidaceae;g__Bacteroides;s__Bacteroides_plebeius	k__Bacteria;p__Bacteroidetes;c__Bacteroidia;o__Bacteroidales;f__Bacteroidaceae;g__Bacteroides;s__Bacteroides_fragilis	k__Bacteria;p__Proteobacteria;c__Betaproteobacteria;o__Burkholderiales;f__Sutterellaceae;g__Sutterella;s__Sutterella_wadsworthensis	k__Bacteria;p__Bacteroidetes;c__Bacteroidia;o__Bacteroidales;f__Porphyromonadaceae;g__Barnesiella;s__Barnesiella_intestinihominis	k__Bacteria;p__Bacteroidetes;c__Bacteroidia;o__Bacteroidales;f__Odoribacteraceae;g__Odoribacter;s__Odoribacter_splanchnicus	k__Bacteria;p__Bacteroidetes;c__Bacteroidia;o__Bacteroidales;f__Bacteroidaceae;g__Bacteroides;s__Bacteroides_salyersiae	k__Bacteria;p__Firmicutes;c__Clostridia;o__Clostridiales;f__Ruminococcaceae;g__Ruminiclostridium;s__[Eubacterium]_siraeum	k__Bacteria;p__Proteobacteria;c__Betaproteobacteria;o__Burkholderiales;f__Sutterellaceae;g__Parasutterella;s__Parasutterella_excrementihominis	k__Bacteria;p__Actinobacteria;c__Actinobacteria;o__Bifidobacteriales;f__Bifidobacteriaceae;g__Bifidobacterium;s__Bifidobacterium_adolescentis	k__Bacteria;p__Firmicutes;c__Clostridia;o__Clostridiales;f__Oscillospiraceae;g__Oscillibacter;s__Oscillibacter_sp._KLE_1745	k__Bacteria;p__Bacteroidetes;c__Bacteroidia;o__Bacteroidales;f__Bacteroidaceae;g__Bacteroides;s__Bacteroides_coprophilus	k__Bacteria;p__Firmicutes;c__Clostridia;o__Clostridiales;f__Lachnospiraceae;g__Roseburia;s__Roseburia_intestinalis	k__Bacteria;p__Firmicutes;c__Clostridia;o__Clostridiales;f__Lachnospiraceae;g__Roseburia;s__Roseburia_hominis	k__Bacteria;p__Bacteroidetes;c__Bacteroidia;o__Bacteroidales;f__Porphyromonadaceae;g__Parabacteroides;s__Parabacteroides_johnsonii	k__Bacteria;p__Actinobacteria;c__Actinobacteria;o__Bifidobacteriales;f__Bifidobacteriaceae;g__Bifidobacterium;s__Bifidobacterium_longum	k__Bacteria;p__Firmicutes;c__Clostridia;o__Clostridiales;f__;g__Flavonifractor;s__Flavonifractor_plautii	k__Bacteria;p__Firmicutes;c__Clostridia;o__Clostridiales;f__Clostridiaceae;g__Clostridium;s__Clostridium_phoceensis	k__Bacteria;p__Verrucomicrobia;c__Verrucomicrobiae;o__Verrucomicrobiales;f__Akkermansiaceae;g__Akkermansia;s__Akkermansia_muciniphila	k__Bacteria;p__Bacteroidetes;c__Bacteroidia;o__Bacteroidales;f__Prevotellaceae;g__Paraprevotella;s__Paraprevotella_xylaniphila	k__Bacteria;p__Firmicutes;c__Clostridia;o__Clostridiales;f__Ruminococcaceae;g__Ruminococcus;s__Ruminococcus_callidus	k__Bacteria;p__Bacteroidetes;c__Bacteroidia;o__Bacteroidales;f__Rikenellaceae;g__Alistipes;s__Alistipes_senegalensis	k__Bacteria;p__Firmicutes;c__Clostridia;o__Clostridiales;f__Lachnospiraceae;g__Blautia;s__Blautia_sp._KLE_1732	k__Bacteria;p__Bacteroidetes;c__Bacteroidia;o__Bacteroidales;f__Bacteroidaceae;g__Bacteroides;s__Bacteroides_oleiciplenus	k__Bacteria;p__Firmicutes;c__Clostridia;o__Clostridiales;f__Ruminococcaceae;g__Ruminococcus;s__Ruminococcus_bicirculans	k__Bacteria;p__Bacteroidetes;c__Bacteroidia;o__Bacteroidales;f__Bacteroidaceae;g__Bacteroides;s__Bacteroides_fluxus	k__Bacteria;p__Bacteroidetes;c__Bacteroidia;o__Bacteroidales;f__Prevotellaceae;g__Prevotella;s__Prevotella_stercorea	k__Bacteria;p__Firmicutes;c__Clostridia;o__Clostridiales;f__Lachnospiraceae;g__Dorea;s__Dorea_longicatena	k__Bacteria;p__Firmicutes;c__Clostridia;o__Clostridiales;f__Eubacteriaceae;g__Eubacterium;s__[Eubacterium]_eligens	k__Bacteria;p__Firmicutes;c__Clostridia;o__Clostridiales;f__Ruminococcaceae;g__;s__Ruminococcaceae_bacterium_D16	k__Bacteria;p__Firmicutes;c__Clostridia;o__Clostridiales;f__Lachnospiraceae;g__Coprococcus;s__Coprococcus_comes	k__Bacteria;p__Proteobacteria;c__Gammaproteobacteria;o__Enterobacterales;f__Enterobacteriaceae;g__Escherichia;s__Escherichia_coli	k__Bacteria;p__Firmicutes;c__Clostridia;o__Clostridiales;f__Ruminococcaceae;g__Anaerotruncus;s__Anaerotruncus_colihominis	k__Bacteria;p__Firmicutes;c__Clostridia;o__Clostridiales;f__Lachnospiraceae;g__Blautia;s__Blautia_obeum	k__Bacteria;p__Bacteroidetes;c__Bacteroidia;o__Bacteroidales;f__Odoribacteraceae;g__Odoribacter;s__Odoribacter_laneus	k__Bacteria;p__Firmicutes;c__Clostridia;o__Clostridiales;f__Ruminococcaceae;g__Ruminiclostridium;s__[Clostridium]_leptum	k__Bacteria;p__Bacteroidetes;c__Bacteroidia;o__Bacteroidales;f__Porphyromonadaceae;g__Parabacteroides;s__Parabacteroides_goldsteinii	k__Bacteria;p__Firmicutes;c__Clostridia;o__Clostridiales;f__Lachnospiraceae;g__Anaerostipes;s__Anaerostipes_hadrus	k__Bacteria;p__Firmicutes;c__Clostridia;o__Clostridiales;f__Ruminococcaceae;g__Ruminococcus;s__Ruminococcus_lactaris	k__Bacteria;p__Firmicutes;c__Clostridia;o__Clostridiales;f__Clostridiaceae;g__Clostridium;s__Clostridium_sp._L2-50	k__Bacteria;p__Firmicutes;c__Clostridia;o__Clostridiales;f__Clostridiaceae;g__Clostridium;s__Clostridium_sp._M62/1	k__Bacteria;p__Firmicutes;c__Clostridia;o__Clostridiales;f__;g__Intestinimonas;s__Intestinimonas_butyriciproducens	k__Bacteria;p__Actinobacteria;c__Actinobacteria;o__Bifidobacteriales;f__Bifidobacteriaceae;g__Bifidobacterium;s__Bifidobacterium_bifidum	k__Bacteria;p__Firmicutes;c__Negativicutes;o__Veillonellales;f__Veillonellaceae;g__Dialister;s__Dialister_invisus	k__Bacteria;p__Bacteroidetes;c__Bacteroidia;o__Bacteroidales;f__Bacteroidaceae;g__Bacteroides;s__Bacteroides_salanitronis
k__Bacteria;p__Bacteroidetes;c__Bacteroidia;o__Bacteroidales;f__Bacteroidaceae;g__Bacteroides;s__Bacteroides_vulgatus	1.0	-0.00257360621581	0.0374177679906	0.0688299599028	0.0274871648103	-0.0601685066945	0.0133780083501	-0.0160521222752	-0.0482686459436	-0.0227624223718	-0.0208273564418	0.010478282868	0.0416698733598	-0.00470321505822	0.020541907973	-0.0298114129012	0.0577099241951	0.0312055983021	0.00894373029134	-0.00868341879563	-0.0206811517694	0.00413291116264	0.00745981218113	-0.0377425606528	-0.0842660410633	-0.0353391655594	0.0188793620375	-0.00683082058846	0.0417433621854	-0.0285880144368	-0.00928721587183	0.00174472924467	0.0642798254999	-0.0158654030569	-0.0268475550986	-0.0157492407347	-0.0301434628436	-0.00774107669291	0.0404071585	0.0206044351638	0.00984872852282	-0.0208032230108	-0.0114203535436	-0.000759388201371	-0.0429445137798	0.0152999003706	0.00905640474013	-0.0382300066393	0.00392501389762	-0.00630845976366	-0.011452180889	-0.0460686461774	0.00506683893712	-0.0430673839943	0.000948600338425	0.00390588814711	-0.0652026409059	0.042296535567	0.0491989040892
k__Bacteria;p__Bacteroidetes;c__Bacteroidia;o__Bacteroidales;f__Bacteroidaceae;g__Bacteroides;s__Bacteroides_uniformis	-0.00257360621581	1.0	-0.0104421697889	0.0200345235506	0.0290315808846	0.0445123511505	-0.0308968295107	0.00407257579713	-0.0225667483792	-0.00767786567717	-0.00562943999458	-0.0284488626485	-0.0630191472492	0.00836014448128	-0.0129255306782	0.0115741519192	-0.0282961467811	-0.0209922111561	-0.016675896016	-0.0302324697974	0.0149157239992	0.00586938009253	0.0365230536536	-0.00655889292532	0.0260867125348	-0.0296166619334	-0.0262625212893	-0.0191053870731	0.0134487612982	6.53652704636e-05	0.0172114740342	-0.00944869512646	0.0667565072364	0.000223903820181	-0.0135794722734	-0.0728845566476	-0.012153433377	0.0057212438537	-0.0185386187721	0.0242225786118	-0.0263899470819	-0.0413825212381	0.0169486996067	0.0564362126034	0.00785958713973	-0.00958711479642	-0.0257570191344	-0.0454037890873	-0.0761990041585	0.0870710548389	-0.0323614396097	0.0533459297108	-0.0204231373445	0.0184436648367	0.00206938716032	-0.0168545197405	0.0122900763245	-0.0566330047465	-0.000801557277228
k__Bacteria;p__Bacteroidetes;c__Bacteroidia;o__Bacteroidales;f__Rikenellaceae;g__Alistipes;s__Alistipes_putredinis	0.0374177679906	-0.0104421697889	1.0	-0.0351340703437	-0.0951659149335	0.0214636125133	-0.024214766648	-0.033831912161	-0.0259091838218	0.0382065571874	0.0882516489532	0.055480069536	0.0322046905315	0.0129380926496	-0.0887691945366	0.0177591194549	-0.0584050893741	-0.00118626954969	-0.00790234429325	-0.00855924677504	0.000950302590376	-0.0249603952411	-2.29188621915e-05	-0.0420004361012	-0.0538022412121	-0.0279022217551	0.013821921857	-0.0337892896858	-0.0307939252827	0.0155776673505	0.02231820415	0.0194047649957	0.0153460458432	-0.0290018980824	-0.0209899343652	-0.0626629564557	0.0166063389742	0.0117582431602	-0.00766754310105	0.0442769801003	-0.0195847696217	-0.00544054921175	-0.0834949053787	-0.0366719113522	-0.0328029638879	-0.0207521046919	0.0259315645052	0.0192266976514	0.0521321452027	-0.0233833497006	-0.020330395478	-0.0287118134849	-0.0354746034482	0.017649030559	-0.0318507812185	0.014214001262	-0.00397468652563	0.00563413707929	0.00222978437873
k__Bacteria;p__Bacteroidetes;c__Bacteroidia;o__Bacteroidales;f__Prevotellaceae;g__Prevotella;s__Prevotella_copri	0.0688299599028	0.0200345235506	-0.0351340703437	1.0	-0.0399910352442	0.00505515350948	0.013628315199	-0.0234278867242	-0.0266087242478	0.0261373669164	0.00155398974771	0.0782814129865	0.0564778961232	-0.0369998442227	0.0131920997784	-0.0305968528039	0.00117632830844	-0.0379040945583	0.0442540963079	0.0806271316239	0.0356782240661	-0.0164347486737	0.0875182097764	-0.006252013067	0.0105483741108	0.00158210750124	-0.025987949365	-0.0239654630237	-0.0398787083443	-0.0728560041505	-0.0260179386557	-0.0124902367782	-0.037498676032	0.0102055765458	-0.00323828730357	-0.0425334456872	-0.0123082124967	0.020557876264	-0.0150181246149	0.0167807135509	0.0396050307977	-0.0244439701763	0.0279435116126	0.0318326992085	0.0040949590141	-0.0447129092727	0.079112747717	-0.0347875105637	-0.030579130218	0.0398641970948	-0.0166944915888	0.0130985866202	0.0229592823682	-0.0325872257161	0.00145405716261	-0.0122342380803	-0.0570343258106	-0.0312570768412	0.0242864223713
k__Bacteria;p__Bacteroidetes;c__Bacteroidia;o__Bacteroidales;f__Bacteroidaceae;g__Bacteroides;s__Bacteroides_stercoris	0.0274871648103	0.0290315808846	-0.0951659149335	-0.0399910352442	1.0	-0.00698504396149	0.00250229982755	0.00137409646911	0.00667144294058	-0.0228825849045	-0.0388290275383	-0.0338807132504	0.0359704067347	0.00335918821835	0.0224559097632	-0.0378231891196	0.00740383100082	0.0117729523639	-0.0241998594112	-0.048475360069	0.00293116376874	-0.0304094393804	0.00558266573255	0.058002907071	-0.0473577325253	-0.0249904639728	-0.0426104518802	-0.0142574394469	0.0202077607676	0.0189491975872	-0.0470816977793	-0.0460855134776	-0.00475470696313	0.00868951303881	-0.011610988777	-0.0118310620842	-0.0357339267523	-0.0195849857029	-0.00254034600503	0.0310818448294	0.0032072449831	-0.000978916938216	0.0219591835602	0.00494903253331	0.0312790873436	0.0254596130127	-0.0214017218116	0.0116991929204	-0.0338108331632	-0.0134032093985	0.0255293349924	0.0234987350844	-0.0298193278312	0.00401399243327	-0.00812962997434	-0.0264707013984	-5.54099480286e-06	0.0221131954631	0.0293337668143
k__Bacteria;p__Bacteroidetes;c__Bacteroidia;o__Bacteroidales;f__Bacteroidaceae;g__Bacteroides;s__Bacteroides_ovatus	-0.0601685066945	0.0445123511505	0.0214636125133	0.00505515350948	-0.00698504396149	1.0	-0.00170574310172	0.0146428949668	-0.0162992053266	0.0225732451354	0.0598406890107	-0.0233863474662	-0.00844193429897	-0.0251359443782	0.0309124739928	0.00258822525915	-0.021415520371	0.00386238344385	-0.0230927002917	0.0134175429775	-0.0322495823505	-0.0136801499472	-0.077618811826	-0.0133098674383	-0.0439712999028	-0.028724288834	0.017634714406	-0.0363716493733	-0.0179367553876	-0.052537774473	-0.0442603892048	0.00534566336551	0.000459952086264	-0.0065664202866	-0.0138537489897	-0.017594173353	-0.0600439499628	0.0123942357779	-0.00294263773802	0.0216668537962	-0.0277334726669	0.0313774077418	0.00541297683403	-0.0399588631331	0.0543090553963	-0.00332299193614	-0.0384055764102	0.0797675801806	-0.0219530579554	0.0200030008158	0.0740170968682	0.0770668032607	0.0203502111071	0.00560690514503	-0.0490105405326	0.0202287110537	0.0213848378733	-0.0450083784034	0.0108837260258
k__Bacteria;p__Bacteroidetes;c__Bacteroidia;o__Bacteroidales;f__Rikenellaceae;g__Alistipes;s__Alistipes_shahii	0.0133780083501	-0.0308968295107	-0.024214766648	0.013628315199	0.00250229982755	-0.00170574310172	1.0	-0.0703483145547	0.0106421227606	0.00201733789014	-0.0176675244671	-0.0196469860954	0.0345962446982	-0.0245858277228	-0.0522570342736	-0.0274771804528	-0.0113109655658	-0.0237981835079	0.0560041806356	-0.0320210001539	-0.0588038110828	0.0313884823611	-0.034648390209	-0.0418454299069	0.0281977949829	-0.033317514901	-0.046415714288	0.0216994614422	-0.0165667783451	0.0500423138072	0.0507106699129	0.0371094940649	0.0168762538381	0.0038540854512	-0.0299947013543	0.00404005004607	-0.0329784819345	-0.0201913484901	-0.0422791892786	0.00935732214171	0.0100382969885	-0.000415992894218	-0.0129368860323	-0.0143295697145	0.0219393538071	-0.00177623076804	-0.0262359820492	0.0329536573751	-0.0224771908397	-0.0245848789962	-0.0230049275995	-0.00483781054957	-0.00623975630303	0.00200993725387	-0.0380400919265	-0.0578442411447	0.0223302416854	-0.0343865225337	0.00275901519094
k__Bacteria;p__Firmicutes;c__Clostridia;o__Clostridiales;f__Ruminococcaceae;g__Faecalibacterium;s__Faecalibacterium_prausnitzii	-0.0160521222752	0.00407257579713	-0.033831912161	-0.0234278867242	0.00137409646911	0.0146428949668	-0.0703483145547	1.0	-0.00845643945117	0.0268026879936	0.0022695983273	-0.0180074348958	0.0479653403771	0.0356172762724	0.0184240653358	0.00989638548429	-0.00614838154586	0.00998387963328	-0.0155657378862	-0.0415368173924	0.00548510731034	0.0147763075383	-0.0186711044161	-0.0165558346465	-0.0268835915374	-0.0384105276368	0.00308919323935	-0.0368757986595	-0.0222986779149	-0.0516842322863	0.0122696948269	-0.013486124234	0.000129621374681	-0.00030585818992	-0.00524566367784	-0.00426989118815	-0.0966593383721	-0.0329306930273	-0.0048921842324	0.0711333746184	0.0220761735502	0.0890662118308	-0.00658483441851	-0.0123203222413	-0.0012572184043	0.00813708573361	-0.0711915501981	-0.0334542598201	-0.000334029637196	-0.0196121086961	0.0505003899346	0.0247724795638	-0.0150237474564	0.0124267775945	-7.01361677329e-05	-0.0206317788923	-0.013183737059	0.0258531943259	-0.0180485948825
k__Bacteria;p__Bacteroidetes;c__Bacteroidia;o__Bacteroidales;f__Rikenellaceae;g__Alistipes;s__Alistipes_finegoldii	-0.0482686459436	-0.0225667483792	-0.0259091838218	-0.0266087242478	0.00667144294058	-0.0162992053266	0.0106421227606	-0.00845643945117	1.0	-0.0322471393399	-0.0412485876963	-0.0196770688582	-0.0138179528272	-0.00595881804085	-0.050625313255	-0.0272592017022	-0.0928039527154	0.00507567498406	0.023078775522	-0.00729413597067	-0.0161379534227	-0.0245008100107	-0.0300187677639	0.0631379555447	-0.0197342467134	0.0301199791142	-0.0117148088197	-0.0311034240884	0.00134643500263	-0.0162010838927	-0.046212543158	0.0157486171786	0.0486786891908	-0.0281611706086	0.0575530727066	0.000527169308362	-0.0316959477516	-0.0173099526763	0.00338512604988	0.0244058499	0.0135619356113	0.00942071370788	-0.0308880189173	0.00293884613499	-0.0316949000763	-0.0133662471356	-0.00489411049791	0.0076802141919	-0.0373699504763	0.0439598059358	0.0211694815972	0.0317486349308	0.00231983719188	-0.00567296897393	0.00397474146635	-0.038607514896	-0.000525312817664	-0.0424102617758	0.00700621199359
k__Bacteria;p__Bacteroidetes;c__Bacteroidia;o__Bacteroidales;f__Porphyromonadaceae;g__Parabacteroides;s__Parabacteroides_distasonis	-0.0227624223718	-0.00767786567717	0.0382065571874	0.0261373669164	-0.0228825849045	0.0225732451354	0.00201733789014	0.0268026879936	-0.0322471393399	1.0	-0.0320307961112	-0.0146877932564	-0.00706420160931	-0.0438298730428	-0.0618732754643	-0.0836620570516	0.0240086696537	0.0102797990895	-0.0556075714165	0.0638243278633	-0.0145479612346	0.0341324284781	-0.00249157352502	0.0227220502943	-0.0313363406881	-0.0102567943109	-0.00481429984308	-0.0428465740861	-0.0592744432566	0.0337556148596	-0.00326154767154	-0.00386216217816	0.0879351386642	-0.0694289875472	0.00717413515367	-0.0573751887789	-0.0467632831793	0.0139599276976	0.0271013605085	0.0403512930611	0.0101612494697	0.050021363153	-0.0547572056588	0.022906681285	0.0377390735859	-0.0348006013192	-0.0397440988804	0.00407937555839	-0.0603016567353	0.0259761854426	-0.0278090541017	-0.0287543697111	0.0336748829304	-0.0335245053621	0.0538284132535	-0.0142489665834	-0.00373883837687	-0.0476397944097	-0.000792904963593
k__Bacteria;p__Bacteroidetes;c__Bacteroidia;o__Bacteroidales;f__Bacteroidaceae;g__Bacteroides;s__Bacteroides_thetaiotaomicron	-0.0208273564418	-0.00562943999458	0.0882516489532	0.00155398974771	-0.0388290275383	0.0598406890107	-0.0176675244671	0.0022695983273	-0.0412485876963	-0.0320307961112	1.0	0.0163654536746	-0.0160716602739	0.00287526672291	-0.0278515413418	0.00524108133121	0.00910583541123	-0.0827772133475	0.0602045185791	0.0732102843272	-0.018520309853	-0.0587143711608	0.0236382281759	0.0360498846339	-0.0199868945173	-0.0417393290484	0.00193540065151	0.0170436290017	-0.0504020583455	-0.0687167369136	-0.0252075872607	0.0636596250826	0.00084988254932	-0.0106760484203	-0.00533618718581	-0.0279773199946	-0.0216877808038	-0.0428808899814	-0.0771836291226	-0.0184470321101	0.0024434126745	-0.0399049928105	0.0213938826503	-0.0245055653679	-0.0392262289351	-0.0455900856625	-0.0248402675864	0.0101301662138	0.0177323431443	-0.00487630429526	-0.0511791813691	-0.0470870387879	-0.0693166197036	-0.0682096948098	0.0093487692298	0.0297701191581	0.0267798905182	0.0260663426105	0.000229585261169
k__Bacteria;p__Bacteroidetes;c__Bacteroidia;o__Bacteroidales;f__Bacteroidaceae;g__Bacteroides;s__Bacteroides_coprocola	0.010478282868	-0.0284488626485	0.055480069536	0.0782814129865	-0.0338807132504	-0.0233863474662	-0.0196469860954	-0.0180074348958	-0.0196770688582	-0.0146877932564	0.0163654536746	1.0	-0.0194823879626	0.00406924245449	0.037777397245	-0.0689045837624	-0.043617859623	0.0258033870272	-0.0421036127841	0.0464854433067	0.00477255958198	-0.0204519809658	0.0704875102734	0.000756194111275	-0.0115462371536	-0.0485317321644	-0.000168577625713	-0.0547202440338	0.0447867526403	0.052237390618	-0.00813296992814	0.00520202262574	0.00534757569262	0.0212333739716	0.0271390297156	-0.0167933254648	-0.0521805824209	-0.0543950696071	-0.0444170031507	-0.0563814204185	-0.0448573841881	0.0102341952948	0.0102290990008	-0.0583007365205	-0.0811657279629	-0.0111597005134	0.064766899078	-0.0330044477804	-0.0334926570956	0.053286128293	-0.033517238365	-0.0390142517505	0.0352591366874	-0.0268204681535	0.0276750757436	0.0029338810854	0.0462570581569	-0.00840437942117	-0.0542275470499
k__Bacteria;p__Bacteroidetes;c__Bacteroidia;o__Bacteroidales;f__Bacteroidaceae;g__Bacteroides;s__Bacteroides_cellulosilyticus	0.0416698733598	-0.0630191472492	0.0322046905315	0.0564778961232	0.0359704067347	-0.00844193429897	0.0345962446982	0.0479653403771	-0.0138179528272	-0.00706420160931	-0.0160716602739	-0.0194823879626	1.0	-0.011699043342	-0.00882069353834	-0.0395774367229	-0.00203628347745	0.00854835219658	-0.0812529120333	-0.0482188772732	0.0297567525826	-0.0717342633798	-0.0339903787516	0.0140240604713	0.00435579187741	-0.0143462018574	-0.0474710165486	0.0169842186986	-0.0897108226468	-0.00756150615456	-0.0127767547843	-0.0316849449206	-0.0738148660677	-0.0390774426548	-0.000597149428868	0.0106358673698	-0.0130450358606	-0.0128157109392	-0.0019818247689	-0.0374145641856	0.0353683237851	0.079119717708	0.0362092673878	0.0134028205873	0.0368258288702	0.0208767743277	-0.0598221849704	0.0780288255945	0.0433237400343	-0.0411558853183	0.0194628041908	0.0267123111719	0.00876321259317	0.0500417169012	-0.042274526551	0.0228621754785	0.0219753761706	-0.0155614442733	-0.00752548406002
k__Bacteria;p__Bacteroidetes;c__Bacteroidia;o__Bacteroidales;f__Rikenellaceae;g__Alistipes;s__Alistipes_obesi	-0.00470321505822	0.00836014448128	0.0129380926496	-0.0369998442227	0.00335918821835	-0.0251359443782	-0.0245858277228	0.0356172762724	-0.00595881804085	-0.0438298730428	0.00287526672291	0.00406924245449	-0.011699043342	1.0	-0.0508976993265	-0.0235791141596	-0.0435446566891	-0.0179466218019	-0.0138016722607	-0.00844028796486	0.00583816708004	-0.00553774961133	-0.0604503328723	0.0188360486715	0.0381058008048	0.0116007083076	0.0173841475797	0.0186882586865	0.0152064647546	-0.0332067204132	0.018806082768	-0.0293358210451	0.0192225131083	0.0110705157291	0.0129709276057	-0.0354182535417	0.0104526733378	-0.0912164988175	-0.0170687001225	0.00620939742597	-0.0320945583399	-0.0529668699187	-0.0468662547491	-0.0137632814992	0.021981977621	0.00351321562235	0.0305229803286	-0.00576953053409	-0.0166095319141	0.0331335096359	0.0210912120383	-0.0846872114826	-0.0350525868465	0.0280292034648	-0.0171040875652	-0.0448214815125	-0.0126981002672	-0.0875023766458	-0.0671626149158
k__Bacteria;p__Firmicutes;c__Clostridia;o__Clostridiales;f__Lachnospiraceae;g__;s__[Eubacterium]_rectale	0.020541907973	-0.0129255306782	-0.0887691945366	0.0131920997784	0.0224559097632	0.0309124739928	-0.0522570342736	0.0184240653358	-0.050625313255	-0.0618732754643	-0.0278515413418	0.037777397245	-0.00882069353834	-0.0508976993265	1.0	0.0087420518614	-0.0169559722703	-0.0326723531189	0.00397956397685	0.0400928052144	-0.00647175929342	0.0410618189936	0.00503113266495	-0.0277478347332	-0.0547178996667	-0.00311106039926	-0.0162085846639	0.00479472630275	0.00354914544572	0.0146876841085	-0.0744630966892	0.0244431750585	-0.06048514682	-0.030098232259	-0.0151247475641	-0.0262937688134	-0.0702219535907	-0.0193069439079	-0.00419192070456	-0.00847497138601	-0.0413847873229	-0.0273984757781	0.0112400881714	0.0510884868423	-0.0183636323858	0.0209556904076	-0.0474253597672	0.00477695649914	0.00376246209779	-0.0702279423035	-0.0650732213636	0.00397065971177	-0.0353734539251	0.00638363752132	0.0351723579706	0.0373129214511	-0.0202958158157	0.0124415440143	-0.0274554618894
k__Bacteria;p__Bacteroidetes;c__Bacteroidia;o__Bacteroidales;f__Bacteroidaceae;g__Bacteroides;s__Bacteroides_plebeius	-0.0298114129012	0.0115741519192	0.0177591194549	-0.0305968528039	-0.0378231891196	0.00258822525915	-0.0274771804528	0.00989638548429	-0.0272592017022	-0.0836620570516	0.00524108133121	-0.0689045837624	-0.0395774367229	-0.0235791141596	0.0087420518614	1.0	-0.013052388879	-0.0344106408373	0.0178439125001	0.0147788687682	0.0171257655584	0.0293319441086	0.0144760486473	0.0297538709681	0.0436682289968	-0.0421780652109	0.032737495981	-0.0689704768204	0.000839626614086	-0.0104374536913	0.0676513060518	0.00933273728003	0.00565124369616	0.0179155042007	-0.0433563934669	0.0703756442599	-0.0698943657575	0.00861548960286	-0.0374956487497	-0.0017132968726	0.00357098227288	-0.0201778736419	0.0290729366947	-0.0202497148415	-0.00310710028575	0.0588411761257	-0.0115093240974	-0.0187645243057	-0.0145136850035	-0.0347194250189	-0.0181146949534	-0.0322602200219	0.000845045925847	0.0317971995709	-0.0308720113432	-0.0161474165879	-0.0217722031139	-0.0271420398043	-0.0353196228977
k__Bacteria;p__Bacteroidetes;c__Bacteroidia;o__Bacteroidales;f__Bacteroidaceae;g__Bacteroides;s__Bacteroides_fragilis	0.0577099241951	-0.0282961467811	-0.0584050893741	0.00117632830844	0.00740383100083	-0.021415520371	-0.0113109655658	-0.00614838154586	-0.0928039527154	0.0240086696537	0.00910583541123	-0.043617859623	-0.00203628347745	-0.0435446566891	-0.0169559722703	-0.013052388879	1.0	-0.0159361405705	-0.0156276291995	-0.0305598072939	-0.0584799890429	0.0138908253398	-0.00256555451167	-0.011722491167	0.00761270429382	0.0244768364666	0.0263906324412	-0.0430936865949	0.0351051573637	-0.0302093119059	0.0180381636979	-0.0438057604191	-0.0182796735133	-0.0108138147114	-0.0153693449587	0.0357779644368	0.0364746274445	-0.0058242550969	0.0110051828359	-0.0190317906227	0.0109487843815	0.0403122493502	-0.00676883909865	0.00972268696191	0.00230932445197	-0.0413712119852	-0.033939604696	0.0592071842622	-0.0314637390433	-0.038311216425	-0.0406200786161	-0.000709510871873	-0.00365439120169	-0.0665473568954	-0.0420738645952	0.0436366419857	-0.0450131032252	0.034195811394	0.0473328264183
k__Bacteria;p__Proteobacteria;c__Betaproteobacteria;o__Burkholderiales;f__Sutterellaceae;g__Sutterella;s__Sutterella_wadsworthensis	0.0312055983021	-0.0209922111561	-0.00118626954969	-0.0379040945583	0.0117729523639	0.00386238344385	-0.0237981835079	0.00998387963328	0.00507567498406	0.0102797990895	-0.0827772133475	0.0258033870272	0.00854835219658	-0.0179466218019	-0.0326723531189	-0.0344106408373	-0.0159361405705	1.0	-0.0599549556783	-0.0608777970973	0.0934575435651	0.0121005125848	0.00395367841992	-0.00494280695449	0.0172585453646	-0.00492893404564	-0.0331569365975	-0.0342712979969	-0.0276228264384	-0.00355610717405	0.0177944309606	-0.0110185581983	0.0578498648195	-0.0193863663077	0.0378087059239	-0.0343580537694	0.0590128082257	0.0239582590084	-0.0187077513041	0.0462186431254	-0.0163009326454	-0.0319526374483	-0.0213270628588	-0.0157732351537	-0.0239199000688	0.0453115520998	0.0189734961238	-0.0240690241425	-0.0109719994369	0.015452334161	-0.0153470651736	-0.000726924858448	-0.018170456926	-0.00739671036684	0.00249902222504	-0.0351473032195	-0.00518580268367	-0.0389514390084	0.00733708976405
k__Bacteria;p__Bacteroidetes;c__Bacteroidia;o__Bacteroidales;f__Porphyromonadaceae;g__Barnesiella;s__Barnesiella_intestinihominis	0.00894373029134	-0.016675896016	-0.00790234429325	0.0442540963079	-0.0241998594112	-0.0230927002917	0.0560041806356	-0.0155657378862	0.023078775522	-0.0556075714165	0.0602045185791	-0.0421036127841	-0.0812529120333	-0.0138016722607	0.00397956397685	0.0178439125001	-0.0156276291995	-0.0599549556783	1.0	0.0202081740395	-0.0071490856793	0.0374675644787	0.0232490538302	0.00591531629283	-0.0077934719033	-0.0879696935645	0.0403631116868	0.0577074842039	-0.0251500459858	-0.0306561702148	-0.033667579323	-0.0345449274774	-0.0773881244483	-0.0253506459557	-0.00279007790304	0.0121819430585	-0.0261649113765	0.00062701411748	-0.0395048316642	0.0378644229122	0.000121421474993	-0.0405193331091	-0.0815359379926	-0.032187829147	0.0256093472485	-0.0361544804008	-0.0545105657931	-0.0224136766328	-0.0186472603797	0.0338912895378	-0.0538787768915	-0.0948409192975	-0.0214229637642	-0.037212051624	-0.0184640308022	0.0035958847374	0.0131305246148	-6.9271167888e-05	-0.0137565732556
k__Bacteria;p__Bacteroidetes;c__Bacteroidia;o__Bacteroidales;f__Odoribacteraceae;g__Odoribacter;s__Odoribacter_splanchnicus	-0.00868341879563	-0.0302324697974	-0.00855924677504	0.0806271316239	-0.048475360069	0.0134175429775	-0.0320210001539	-0.0415368173924	-0.00729413597067	0.0638243278633	0.0732102843272	0.0464854433067	-0.0482188772732	-0.00844028796486	0.0400928052144	0.0147788687682	-0.0305598072939	-0.0608777970973	0.0202081740395	1.0	-0.00352921603086	-0.0117781957676	-0.0308183852931	-0.0469418595914	-0.0525131530659	-0.0125782172329	-0.0444895027959	-0.0156372738096	-0.00379727274743	0.0444664170368	-0.0381739811816	-0.000154720955092	-0.0393433076948	-0.0191090452059	-0.00155349774597	-0.0390798828926	-0.00369078178905	-0.0893564108007	-0.0649841322067	-0.0225896837563	0.0133182464312	0.0202278821809	-0.0799832597661	0.0576515371798	-0.0357984701408	0.0370693310734	0.0431986095514	-0.00963569551453	-0.0021537724643	-0.0423996744494	-0.0140303199647	0.00070471178093	0.0724710848055	-0.0171574198875	0.0114004567318	-0.00346050823824	0.010332449935	-0.011768857537	-0.0118710636027
k__Bacteria;p__Bacteroidetes;c__Bacteroidia;o__Bacteroidales;f__Bacteroidaceae;g__Bacteroides;s__Bacteroides_salyersiae	-0.0206811517694	0.0149157239992	0.000950302590376	0.0356782240661	0.00293116376874	-0.0322495823505	-0.0588038110828	0.00548510731034	-0.0161379534227	-0.0145479612346	-0.018520309853	0.00477255958198	0.0297567525826	0.00583816708004	-0.00647175929342	0.0171257655584	-0.0584799890429	0.0934575435651	-0.0071490856793	-0.00352921603086	1.0	-0.024337438793	-0.0702585769137	-0.0221087003737	-0.0302753271872	0.0171389273256	0.000142001399733	0.011071632633	0.0136815989085	0.0274264109204	0.0606041428806	-0.0320527119475	0.0102735796991	-0.022639398361	-0.0102535337594	-0.0289607547516	-0.0415575340611	0.00742833295022	-0.0100335102212	-0.00250462097923	-0.0314536109812	-0.033733032716	0.0828464255386	-0.0714718252088	0.0661612793053	0.00519370808334	0.0575943115244	-0.000833284571386	-0.0223907912739	-0.0295074695386	0.061928302709	-0.0338286409629	-0.0759554353002	0.0104010869344	-0.0109591710776	0.0385756090719	-0.0211232891205	-0.0352021892686	0.0213635470531
k__Bacteria;p__Firmicutes;c__Clostridia;o__Clostridiales;f__Ruminococcaceae;g__Ruminiclostridium;s__[Eubacterium]_siraeum	0.00413291116264	0.00586938009253	-0.0249603952411	-0.0164347486737	-0.0304094393804	-0.0136801499472	0.0313884823611	0.0147763075383	-0.0245008100107	0.0341324284781	-0.0587143711608	-0.0204519809658	-0.0717342633798	-0.00553774961133	0.0410618189936	0.0293319441086	0.0138908253398	0.0121005125848	0.0374675644787	-0.0117781957676	-0.024337438793	1.0	0.0194921728366	-0.000225504777013	0.0473365931572	-0.0568108263854	-0.0246450196285	-0.016647782699	0.00398460273267	0.0209339036062	0.0389716024613	-0.0212708498369	-0.0705512512506	-0.00641370316146	0.0321976104302	-0.012910740914	0.000915048824717	0.00421476788189	0.0174667137754	-0.0147294881449	-0.0776111270249	-0.0102570210899	-0.0198906333702	-0.00326900050303	0.0697684964867	-0.0319338089097	-0.0556628921995	-0.027964339083	0.0694625721955	0.0147528114402	0.000117226007082	0.00169435242162	-0.0298454791964	-0.00288307849855	0.0608223301338	0.0161257258214	-0.0584883936355	0.0235782360524	-0.0176528376179
k__Bacteria;p__Proteobacteria;c__Betaproteobacteria;o__Burkholderiales;f__Sutterellaceae;g__Parasutterella;s__Parasutterella_excrementihominis	0.00745981218113	0.0365230536536	-2.29188621915e-05	0.0875182097764	0.00558266573255	-0.077618811826	-0.034648390209	-0.0186711044161	-0.0300187677639	-0.00249157352502	0.0236382281759	0.0704875102734	-0.0339903787516	-0.0604503328723	0.00503113266495	0.0144760486473	-0.00256555451167	0.00395367841992	0.0232490538302	-0.0308183852931	-0.0702585769137	0.0194921728366	1.0	0.0048690621122	-0.00873665753804	-0.00367503438509	-0.0478729580276	-0.0636577544371	0.00196108606683	-0.0514152187815	-0.0460627592045	-0.00795767240806	-0.0603138028629	0.00133910570096	0.00802148795638	0.0088231513391	-0.0619288920627	-0.035926703349	0.0147586248966	0.0618043449268	-0.0105974771543	-0.00520007588653	0.00974061485966	-0.03726257144	-0.00397391345236	0.00771902703426	0.0490591436464	0.0335377386925	-0.0491019472996	-0.018201085691	-0.0114804296129	0.0426799178941	-0.0449736765521	-0.0453986371912	-0.028729565427	-0.00565008991276	0.0280023122237	0.0395454536584	-0.0244868160998
k__Bacteria;p__Actinobacteria;c__Actinobacteria;o__Bifidobacteriales;f__Bifidobacteriaceae;g__Bifidobacterium;s__Bifidobacterium_adolescentis	-0.0377425606528	-0.00655889292532	-0.0420004361012	-0.006252013067	0.058002907071	-0.0133098674383	-0.0418454299069	-0.0165558346465	0.0631379555447	0.0227220502943	0.0360498846339	0.000756194111275	0.0140240604713	0.0188360486715	-0.0277478347332	0.0297538709681	-0.011722491167	-0.00494280695449	0.00591531629283	-0.0469418595914	-0.0221087003737	-0.000225504777013	0.0048690621122	1.0	0.0195139100044	0.00646765972683	-0.00851575523367	0.061650774744	0.0327964945686	-0.0275545130388	0.00177724961952	0.0338925716326	0.015916072792	-0.0319699602873	0.0261456052338	-0.00410155254599	-0.049597698495	-0.000595684860864	0.00750187198936	-0.0164804494689	-0.0285311334044	-0.0316301590229	0.0117595832398	0.0151809850449	-0.0928551749353	-0.021458548133	0.0719647082402	-0.0172471173025	-0.0113508076035	0.0372921124871	0.0137265411421	-0.058583779987	-0.0146816300275	-0.0444680206246	0.00200349664161	-0.067843889995	0.0322031238103	0.00739548344042	-0.0326168950541
k__Bacteria;p__Firmicutes;c__Clostridia;o__Clostridiales;f__Oscillospiraceae;g__Oscillibacter;s__Oscillibacter_sp._KLE_1745	-0.0842660410633	0.0260867125348	-0.0538022412121	0.0105483741108	-0.0473577325253	-0.0439712999028	0.0281977949829	-0.0268835915374	-0.0197342467134	-0.0313363406881	-0.0199868945173	-0.0115462371536	0.00435579187741	0.0381058008048	-0.0547178996667	0.0436682289968	0.00761270429382	0.0172585453646	-0.0077934719033	-0.0525131530659	-0.0302753271872	0.0473365931572	-0.00873665753804	0.0195139100044	1.0	0.0191999596542	0.0421859631011	0.000879995223098	0.0280256320605	-0.0502185411552	0.00250774655883	0.000125296004146	-0.0705083961961	-0.0677295076349	-0.0348673868929	-0.042355033553	0.010794670137	-0.0289565990677	-0.0163424672401	-0.0103473983787	0.0314804282713	-0.0122813744499	-0.00211155858875	0.0198872693523	-0.0170501718176	-0.0505966551675	0.0488146137665	0.0062070094144	0.0351367793955	-0.0212096779736	-0.0150115098784	-0.0541264498647	0.00892872057595	0.0192735126147	-0.0250998163067	0.0579504555195	0.0244231262991	-0.0678397684093	0.0198210612799
k__Bacteria;p__Bacteroidetes;c__Bacteroidia;o__Bacteroidales;f__Bacteroidaceae;g__Bacteroides;s__Bacteroides_coprophilus	-0.0353391655594	-0.0296166619334	-0.0279022217551	0.00158210750125	-0.0249904639728	-0.028724288834	-0.033317514901	-0.0384105276368	0.0301199791142	-0.0102567943109	-0.0417393290484	-0.0485317321644	-0.0143462018574	0.0116007083076	-0.00311106039926	-0.0421780652109	0.0244768364666	-0.00492893404564	-0.0879696935645	-0.0125782172329	0.0171389273256	-0.0568108263854	-0.00367503438509	0.00646765972683	0.0191999596542	1.0	0.00255112636919	-0.0484536094311	-0.00483414723265	-0.0402486230318	-0.00613743854518	0.00644011763329	0.0326018023476	0.0128283026843	-0.00242926830628	-0.0591303898844	0.0343331576637	0.00126959543204	-0.000648569410495	-0.0556561324829	0.0395364323234	0.0583710536559	0.036450728624	-0.035902805507	0.00648445574592	0.0302020572749	0.0337679764579	-0.0796278670565	-0.0113882432119	0.0118388709177	0.113877111974	-0.00175043693498	-0.0315516805134	-0.0501176955221	-0.00572807757533	0.00470059250046	0.00346692714561	0.0599954506236	-0.00165215067291
k__Bacteria;p__Firmicutes;c__Clostridia;o__Clostridiales;f__Lachnospiraceae;g__Roseburia;s__Roseburia_intestinalis	0.0188793620375	-0.0262625212893	0.013821921857	-0.025987949365	-0.0426104518802	0.017634714406	-0.046415714288	0.00308919323935	-0.0117148088197	-0.00481429984308	0.00193540065151	-0.000168577625713	-0.0474710165486	0.0173841475797	-0.0162085846639	0.032737495981	0.0263906324412	-0.0331569365975	0.0403631116868	-0.0444895027959	0.000142001399733	-0.0246450196285	-0.0478729580276	-0.00851575523367	0.0421859631011	0.00255112636919	1.0	-0.0182321627167	0.0106279675169	-0.0506490766786	0.0464202604225	-0.0471929218312	0.00622724083255	0.0163218153044	-0.0171434795233	0.00254731191504	0.00903948012858	-0.00194189849666	0.0178897068884	0.00684770055792	-0.00720586318071	0.0336914610332	0.000875043148051	-0.05080805872	-0.0147488363025	0.0621578688243	-0.0593550665178	-0.0263753276441	-0.0802230044553	0.0561824279705	-0.00686760937206	-0.00262421353021	-0.00633716004326	-0.00225630824475	0.0159363298064	-0.0141203781753	-0.0480879251225	-0.0434324773048	0.0641684857833
k__Bacteria;p__Firmicutes;c__Clostridia;o__Clostridiales;f__Lachnospiraceae;g__Roseburia;s__Roseburia_hominis	-0.00683082058846	-0.0191053870731	-0.0337892896858	-0.0239654630237	-0.0142574394469	-0.0363716493733	0.0216994614422	-0.0368757986595	-0.0311034240884	-0.0428465740861	0.0170436290017	-0.0547202440338	0.0169842186986	0.0186882586865	0.00479472630275	-0.0689704768204	-0.0430936865949	-0.0342712979969	0.0577074842039	-0.0156372738096	0.011071632633	-0.016647782699	-0.0636577544371	0.061650774744	0.000879995223098	-0.0484536094311	-0.0182321627167	1.0	-0.0537811269904	-0.021295122017	0.0502899754784	-0.0308598415705	-0.0109423368198	0.014288842131	0.0327112354818	0.0253430759673	0.0293364310579	0.00602832472196	0.0117166271232	0.00201626069092	0.0975631821333	-0.0217511721281	0.0141673842836	0.00667372965895	0.0171762376395	-0.0117268683972	-0.0272649873586	0.0547725437892	0.0231109071906	-0.0126644799063	0.0394816880614	-0.0321035387105	-0.0148823467217	-0.0334760778423	-0.0248393626	0.0268998965819	-0.00363758112447	-0.0519621636427	0.0225168771161
k__Bacteria;p__Bacteroidetes;c__Bacteroidia;o__Bacteroidales;f__Porphyromonadaceae;g__Parabacteroides;s__Parabacteroides_johnsonii	0.0417433621854	0.0134487612982	-0.0307939252827	-0.0398787083443	0.0202077607676	-0.0179367553876	-0.0165667783451	-0.0222986779149	0.00134643500263	-0.0592744432566	-0.0504020583455	0.0447867526403	-0.0897108226468	0.0152064647546	0.00354914544572	0.000839626614086	0.0351051573637	-0.0276228264384	-0.0251500459858	-0.00379727274743	0.0136815989085	0.00398460273267	0.00196108606683	0.0327964945686	0.0280256320605	-0.00483414723265	0.0106279675169	-0.0537811269904	1.0	0.0398394430373	0.0114935834681	0.0192364527775	0.004593932603	0.043523618212	-0.00854011151397	-0.0216177284172	-0.0273912682765	0.017522757178	0.00177453100862	0.0144945227116	-0.00449891758909	0.0111969773115	0.0422674271028	-0.011038678573	-0.039004847946	-0.0273061941765	0.0162879769918	-0.068526368467	-0.0832220286694	0.0238806177643	-0.0485924261433	0.0198595041693	-0.00117355964099	0.0157344654294	-0.0486924701776	0.038262534635	0.0129840887972	-0.0296695047955	-0.042274640524
k__Bacteria;p__Actinobacteria;c__Actinobacteria;o__Bifidobacteriales;f__Bifidobacteriaceae;g__Bifidobacterium;s__Bifidobacterium_longum	-0.0285880144368	6.53652704636e-05	0.0155776673505	-0.0728560041505	0.0189491975872	-0.052537774473	0.0500423138072	-0.0516842322863	-0.0162010838927	0.0337556148596	-0.0687167369136	0.052237390618	-0.00756150615456	-0.0332067204132	0.0146876841085	-0.0104374536913	-0.0302093119059	-0.00355610717405	-0.0306561702148	0.0444664170368	0.0274264109204	0.0209339036062	-0.0514152187815	-0.0275545130388	-0.0502185411552	-0.0402486230318	-0.0506490766786	-0.021295122017	0.0398394430373	1.0	-0.0253057949779	0.00954518135567	0.0114712615854	-0.0131563703605	-0.051387118712	-0.0158731869806	-0.0081905964906	0.0070772516219	-0.02148170424	-0.00382251916723	0.00702388028638	-0.024733377031	-0.0211341399892	0.00558602233977	-0.00713784644768	0.0312907824355	0.0460493627564	-0.0472818043812	-0.0246562103345	0.0156377489126	0.0112762500663	0.0158687482412	-0.0142482091368	0.0839695007051	0.0220910373827	-0.017628415972	0.0260516600464	-0.0384847803509	-0.0727839572079
