#taxonomy	k__Bacteria;p__Bacteroidetes;c__Bacteroidia;o__Bacteroidales;f__Bacteroidaceae;g__Bacteroides;s__Bacteroides_vulgatus	k__Bacteria;p__Bacteroidetes;c__Bacteroidia;o__Bacteroidales;f__Bacteroidaceae;g__Bacteroides;s__Bacteroides_uniformis	k__Bacteria;p__Bacteroidetes;c__Bacteroidia;o__Bacteroidales;f__Rikenellaceae;g__Alistipes;s__Alistipes_putredinis	k__Bacteria;p__Bacteroidetes;c__Bacteroidia;o__Bacteroidales;f__Prevotellaceae;g__Prevotella;s__Prevotella_copri	k__Bacteria;p__Bacteroidetes;c__Bacteroidia;o__Bacteroidales;f__Bacteroidaceae;g__Bacteroides;s__Bacteroides_stercoris	k__Bacteria;p__Bacteroidetes;c__Bacteroidia;o__Bacteroidales;f__Bacteroidaceae;g__Bacteroides;s__Bacteroides_ovatus	k__Bacteria;p__Bacteroidetes;c__Bacteroidia;o__Bacteroidales;f__Rikenellaceae;g__Alistipes;s__Alistipes_shahii	k__Bacteria;p__Firmicutes;c__Clostridia;o__Clostridiales;f__Ruminococcaceae;g__Faecalibacterium;s__Faecalibacterium_prausnitzii	k__Bacteria;p__Bacteroidetes;c__Bacteroidia;o__Bacteroidales;f__Rikenellaceae;g__Alistipes;s__Alistipes_finegoldii	k__Bacteria;p__Bacteroidetes;c__Bacteroidia;o__Bacteroidales;f__Porphyromonadaceae;g__Parabacteroides;s__Parabacteroides_distasonis	k__Bacteria;p__Bacteroidetes;c__Bacteroidia;o__Bacteroidales;f__Bacteroidaceae;g__Bacteroides;s__Bacteroides_thetaiotaomicron	k__Bacteria;p__Bacteroidetes;c__Bacteroidia;o__Bacteroidales;f__Bacteroidaceae;g__Bacteroides;s__Bacteroides_coprocola	k__Bacteria;p__Bacteroidetes;c__Bacteroidia;o__Bacteroidales;f__Bacteroidaceae;g__Bacteroides;s__Bacteroides_cellulosilyticus	k__Bacteria;p__Bacteroidetes;c__Bacteroidia;o__Bacteroidales;f__Rikenellaceae;g__Alistipes;s__Alistipes_obesi	k__Bacteria;p__Firmicutes;c__Clostridia;o__Clostridiales;f__Lachnospiraceae;g__;s__[Eubacterium]_rectale	k__Bacteria;p__Bacteroidetes;c__Bacteroidia;o__Bacteroidales;f__Bacteroidaceae;g__Bacteroides;s__Bacteroides_plebeius	k__Bacteria;p__Bacteroidetes;c__Bacteroidia;o__Bacteroidales;f__Bacteroidaceae;g__Bacteroides;s__Bacteroides_fragilis	k__Bacteria;p__Proteobacteria;c__Betaproteobacteria;o__Burkholderiales;f__Sutterellaceae;g__Sutterella;s__Sutterella_wadsworthensis	k__Bacteria;p__Bacteroidetes;c__Bacteroidia;o__Bacteroidales;f__Porphyromonadaceae;g__Barnesiella;s__Barnesiella_intestinihominis	k__Bacteria;p__Bacteroidetes;c__Bacteroidia;o__Bacteroidales;f__Odoribacteraceae;g__Odoribacter;s__Odoribacter_splanchnicus	k__Bacteria;p__Bacteroidetes;c__Bacteroidia;o__Bacteroidales;f__Bacteroidaceae;g__Bacteroides;s__Bacteroides_salyersiae	k__Bacteria;p__Firmicutes;c__Clostridia;o__Clostridiales;f__Ruminococcaceae;g__Ruminiclostridium;s__[Eubacterium]_siraeum	k__Bacteria;p__Proteobacteria;c__Betaproteobacteria;o__Burkholderiales;f__Sutterellaceae;g__Parasutterella;s__Parasutterella_excrementihominis	k__Bacteria;p__Actinobacteria;c__Actinobacteria;o__Bifidobacteriales;f__Bifidobacteriaceae;g__Bifidobacterium;s__Bifidobacterium_adolescentis	k__Bacteria;p__Firmicutes;c__Clostridia;o__Clostridiales;f__Oscillospiraceae;g__Oscillibacter;s__Oscillibacter_sp._KLE_1745	k__Bacteria;p__Bacteroidetes;c__Bacteroidia;o__Bacteroidales;f__Bacteroidaceae;g__Bacteroides;s__Bacteroides_coprophilus	k__Bacteria;p__Firmicutes;c__Clostridia;o__Clostridiales;f__Lachnospiraceae;g__Roseburia;s__Roseburia_intestinalis	k__Bacteria;p__Firmicutes;c__Clostridia;o__Clostridiales;f__Lachnospiraceae;g__Roseburia;s__Roseburia_hominis	k__Bacteria;p__Bacteroidetes;c__Bacteroidia;o__Bacteroidales;f__Porphyromonadaceae;g__Parabacteroides;s__Parabacteroides_johnsonii	k__Bacteria;p__Actinobacteria;c__Actinobacteria;o__Bifidobacteriales;f__Bifidobacteriaceae;g__Bifidobacterium;s__Bifidobacterium_longum	k__Bacteria;p__Firmicutes;c__Clostridia;o__Clostridiales;f__;g__Flavonifractor;s__Flavonifractor_plautii	k__Bacteria;p__Firmicutes;c__Clostridia;o__Clostridiales;f__Clostridiaceae;g__Clostridium;s__Clostridium_phoceensis	k__Bacteria;p__Verrucomicrobia;c__Verrucomicrobiae;o__Verrucomicrobiales;f__Akkermansiaceae;g__Akkermansia;s__Akkermansia_muciniphila	k__Bacteria;p__Bacteroidetes;c__Bacteroidia;o__Bacteroidales;f__Prevotellaceae;g__Paraprevotella;s__Paraprevotella_xylaniphila	k__Bacteria;p__Firmicutes;c__Clostridia;o__Clostridiales;f__Ruminococcaceae;g__Ruminococcus;s__Ruminococcus_callidus	k__Bacteria;p__Bacteroidetes;c__Bacteroidia;o__Bacteroidales;f__Rikenellaceae;g__Alistipes;s__Alistipes_senegalensis	k__Bacteria;p__Firmicutes;c__Clostridia;o__Clostridiales;f__Lachnospiraceae;g__Blautia;s__Blautia_sp._KLE_1732	k__Bacteria;p__Bacteroidetes;c__Bacteroidia;o__Bacteroidales;f__Bacteroidaceae;g__Bacteroides;s__Bacteroides_oleiciplenus	k__Bacteria;p__Firmicutes;c__Clostridia;o__Clostridiales;f__Ruminococcaceae;g__Ruminococcus;s__Ruminococcus_bicirculans	k__Bacteria;p__Bacteroidetes;c__Bacteroidia;o__Bacteroidales;f__Bacteroidaceae;g__Bacteroides;s__Bacteroides_fluxus	k__Bacteria;p__Bacteroidetes;c__Bacteroidia;o__Bacteroidales;f__Prevotellaceae;g__Prevotella;s__Prevotella_stercorea	k__Bacteria;p__Firmicutes;c__Clostridia;o__Clostridiales;f__Lachnospiraceae;g__Dorea;s__Dorea_longicatena	k__Bacteria;p__Firmicutes;c__Clostridia;o__Clostridiales;f__Eubacteriaceae;g__Eubacterium;s__[Eubacterium]_eligens	k__Bacteria;p__Firmicutes;c__Clostridia;o__Clostridiales;f__Ruminococcaceae;g__;s__Ruminococcaceae_bacterium_D16	k__Bacteria;p__Firmicutes;c__Clostridia;o__Clostridiales;f__Lachnospiraceae;g__Coprococcus;s__Coprococcus_comes	k__Bacteria;p__Proteobacteria;c__Gammaproteobacteria;o__Enterobacterales;f__Enterobacteriaceae;g__Escherichia;s__Escherichia_coli	k__Bacteria;p__Firmicutes;c__Clostridia;o__Clostridiales;f__Ruminococcaceae;g__Anaerotruncus;s__Anaerotruncus_colihominis	k__Bacteria;p__Firmicutes;c__Clostridia;o__Clostridiales;f__Lachnospiraceae;g__Blautia;s__Blautia_obeum	k__Bacteria;p__Bacteroidetes;c__Bacteroidia;o__Bacteroidales;f__Odoribacteraceae;g__Odoribacter;s__Odoribacter_laneus	k__Bacteria;p__Firmicutes;c__Clostridia;o__Clostridiales;f__Ruminococcaceae;g__Ruminiclostridium;s__[Clostridium]_leptum	k__Bacteria;p__Bacteroidetes;c__Bacteroidia;o__Bacteroidales;f__Porphyromonadaceae;g__Parabacteroides;s__Parabacteroides_goldsteinii	k__Bacteria;p__Firmicutes;c__Clostridia;o__Clostridiales;f__Lachnospiraceae;g__Anaerostipes;s__Anaerostipes_hadrus	k__Bacteria;p__Firmicutes;c__Clostridia;o__Clostridiales;f__Ruminococcaceae;g__Ruminococcus;s__Ruminococcus_lactaris	k__Bacteria;p__Firmicutes;c__Clostridia;o__Clostridiales;f__Clostridiaceae;g__Clostridium;s__Clostridium_sp._L2-50	k__Bacteria;p__Firmicutes;c__Clostridia;o__Clostridiales;f__Clostridiaceae;g__Clostridium;s__Clostridium_sp._M62/1	k__Bacteria;p__Firmicutes;c__Clostridia;o__Clostridiales;f__;g__Intestinimonas;s__Intestinimonas_butyriciproducens	k__Bacteria;p__Actinobacteria;c__Actinobacteria;o__Bifidobacteriales;f__Bifidobacteriaceae;g__Bifidobacterium;s__Bifidobacterium_bifidum	k__Bacteria;p__Firmicutes;c__Negativicutes;o__Veillonellales;f__Veillonellaceae;g__Dialister;s__Dialister_invisus	k__Bacteria;p__Bacteroidetes;c__Bacteroidia;o__Bacteroidales;f__Bacteroidaceae;g__Bacteroides;s__Bacteroides_salanitronis
k__Bacteria;p__Bacteroidetes;c__Bacteroidia;o__Bacteroidales;f__Bacteroidaceae;g__Bacteroides;s__Bacteroides_vulgatus	1.0	0.0604134520849	-0.0193424790749	-0.00353650793636	-0.0213888699647	0.0108197235885	-0.0299605790687	-0.0222162409729	0.0363984565695	-0.0233715160658	-0.00560275740918	-0.00848213483168	0.0382868425461	0.0223854619458	-0.0329813021737	-0.0279728873221	-0.0461619471016	0.01466701581	0.0190264891341	-0.00332599064508	-0.0223730194161	-0.0310210945153	-0.0541948914232	0.0417926686057	0.0545022553271	0.0349065277425	-0.0133289501396	-0.0259058533994	0.0224797896256	-0.0182416894733	-0.0724681518744	-0.0454151009353	0.0119104694794	-0.0109656523372	0.011320259566	0.00684495838779	-0.00385425890242	-0.00633748137136	-0.0454205551969	-0.0640028432056	0.0155332418752	-0.0450737023887	0.0381457123442	0.0398967556378	-0.0102654144664	0.0471541399055	0.0197737122342	-0.0538878076026	0.00392734466046	0.022812484825	-0.00679471250035	-0.0186178567072	-0.0318588854443	-0.0587621763148	-0.0648028957781	-0.0519367127641	-0.0499054157657	0.0203468952076	0.0167899242299
k__Bacteria;p__Bacteroidetes;c__Bacteroidia;o__Bacteroidales;f__Bacteroidaceae;g__Bacteroides;s__Bacteroides_uniformis	0.0604134520849	1.0	-0.0419493913338	-0.0494672060531	-0.0120926435394	-0.00273581594002	0.0323591555345	-0.00430773634308	-0.00210165683906	-0.00711972219656	0.0196485980519	0.0520002951192	-0.0435109378987	0.000454536913545	-0.00779091303397	0.014610672422	0.0347276324707	-0.0449428523644	-0.0195971839668	0.030899586072	0.0596472512122	-0.051840574261	0.0312725586047	-0.0060412534582	-0.0516869560231	0.0318104861794	-0.00425345933395	0.027471459446	-0.0383070988803	0.0477206812862	-0.0281083226478	0.00978410163557	-0.0115606389144	-0.0141827428	0.0026282301427	0.0211846021529	-0.0394250516169	-0.0360420461687	-0.0595860882738	0.0406576114275	-0.00241754552388	-0.0149819899959	0.0207892930108	0.0147513587866	-0.0390418051746	0.0336150557845	-0.0470944553019	-0.0164080978897	-0.01205112445	0.0296591749197	0.0161741789066	0.00947031507969	-0.0168312053551	0.0360779126331	-0.040385520601	-0.0386422144874	0.015428156074	0.0423707674562	-0.000370628890767
k__Bacteria;p__Bacteroidetes;c__Bacteroidia;o__Bacteroidales;f__Rikenellaceae;g__Alistipes;s__Alistipes_putredinis	-0.0193424790749	-0.0419493913338	1.0	0.0100157952119	0.0312182095951	0.006172205562	0.000397858456535	-0.032134685963	0.0402675473786	-0.0211499586037	0.0145952586077	-0.00602473429501	-0.0273068126305	-0.042698152015	-0.0164669151359	0.0220236801395	-0.0112015180185	0.0738442916447	-0.0295758308058	0.0253135802694	-0.000922169172366	-0.0104396694282	-0.0157920109394	0.0198880395306	0.0193738875733	-0.012501013679	-0.0147443868739	-0.000962540513076	0.0304827117495	0.0317785504096	0.0078974579958	-0.00502417455617	-0.0195572149283	-0.0717553983737	0.0260838017791	-0.0641217336256	-0.0140073456925	0.00066354020234	-0.039546300326	-0.0681182514129	-0.0186454250614	-0.0111323410509	0.0514278780386	-0.0284343346845	0.0402770486311	0.0223474062049	0.0193404524909	-0.0198818759145	-0.0135609802364	-0.0120684891382	0.00991523326072	-0.00971221058926	-0.001183540794	-0.0304794767566	0.00655994345964	0.0240637830747	0.0187312192644	-0.0781197169499	0.0158781011048
k__Bacteria;p__Bacteroidetes;c__Bacteroidia;o__Bacteroidales;f__Prevotellaceae;g__Prevotella;s__Prevotella_copri	-0.00353650793636	-0.0494672060531	0.0100157952119	1.0	-0.0188558086899	0.0119038325968	-0.028688541113	0.0520738742117	-0.00820773265874	-0.0352018083934	-0.00428748597032	0.0253193608033	0.0334239103896	-0.0119717936942	0.00146523915408	0.0389270247659	0.00831596538476	-0.00396642874512	-0.028577754486	-0.0351699966118	-0.0469837146231	-0.0184704734612	-0.0151159269105	-0.0313371882007	0.0315093114522	-0.0369363030506	-0.0636842164739	-0.0416217998096	0.0288715252119	0.0114076868618	-0.0313038720036	-0.0482044668652	0.0134093961236	-0.0251237122833	0.0412913482088	0.0152664910139	-0.0270821126047	-0.0191033974154	-0.00573861074264	0.0432257023668	-0.00742478654179	0.0452572221139	0.00692019921516	0.0113560650248	-0.0227251032022	-0.0979728041245	0.0603190650354	-0.019771259547	-0.0344906216804	0.0124238249777	-0.0791894925703	0.0152795985519	-0.0129667567941	0.0264225324638	-0.000245424441149	-0.00358999946397	-0.00532480749432	0.00215416584222	-0.0512260025267
k__Bacteria;p__Bacteroidetes;c__Bacteroidia;o__Bacteroidales;f__Bacteroidaceae;g__Bacteroides;s__Bacteroides_stercoris	-0.0213888699647	-0.0120926435394	0.0312182095951	-0.0188558086899	1.0	-0.0122191864349	0.0450893402738	-0.017558220288	-0.0505682393243	-0.0444666435934	0.00472745471044	0.0121313839709	0.0144684465824	0.0216973000702	0.00316919671005	-0.0230483075046	-0.0254613026321	-0.0237229418717	-0.0146625608118	0.0263876978103	-0.0784400516397	0.0275645429385	-0.0462363011748	-0.00814622000944	0.0545171383668	-0.0041651962873	0.0413403028742	-0.0340306763831	0.022053343672	0.0271715498443	0.0404582677293	-0.0131137388253	-0.00887907309995	-0.0192188716311	-0.00853286596836	0.0101635266642	-0.0182307778794	0.0302283094614	-0.012834821377	0.0106229678163	0.0334973018939	0.00519128686501	-0.0454124216547	0.032771384647	-0.0552567919047	-0.0137990366514	-0.0090985512181	-0.0122092524007	-0.060937765363	-0.0216451111959	-0.00153053550125	-0.077645781803	-0.0222557388197	0.00054595535974	-0.0370402135187	-0.0245495909628	0.0154163241266	0.00416958969593	0.0289048315401
k__Bacteria;p__Bacteroidetes;c__Bacteroidia;o__Bacteroidales;f__Bacteroidaceae;g__Bacteroides;s__Bacteroides_ovatus	0.0108197235885	-0.00273581594002	0.006172205562	0.0119038325968	-0.0122191864349	1.0	-0.0550070885753	0.000181217349637	0.0617606177355	0.0241631273711	-0.0590111118907	-0.0122499203995	0.0206972705302	0.026919220162	-0.0294202332187	0.00158623078921	0.0220237347503	-0.00891366919565	-0.040541769824	-0.0467768096352	-0.0363129649757	-0.0678648410679	0.0114522162016	-0.0603645425892	-0.0447270549058	-0.0617639959982	0.0445810998733	-0.0308140764626	-0.0632045829004	-0.0111920474052	-0.00744428944306	0.0334313935255	-0.0308288685783	0.0240646434195	0.0452047320907	0.0137938154987	-0.00842355552405	-0.00428558877889	-0.0210277034472	-0.00613551859519	0.0283853869986	-0.0164886828399	-0.0443226644212	-0.0340555282341	-0.00305973812985	-0.0350386723273	-0.0381515849383	0.0632715861757	0.0180595504094	-0.0250746217686	-0.0356446388684	-0.0217262319852	0.00478567188758	0.030033272101	0.009331016757	-0.0436376150789	-0.0307192482058	0.0105877152608	-0.0070942609745
k__Bacteria;p__Bacteroidetes;c__Bacteroidia;o__Bacteroidales;f__Rikenellaceae;g__Alistipes;s__Alistipes_shahii	-0.0299605790687	0.0323591555345	0.000397858456535	-0.028688541113	0.0450893402738	-0.0550070885753	1.0	0.0285453416318	-0.0240941217405	-0.0668300387138	-0.000414101877585	0.0294025283106	0.0133824641403	0.0105721100901	-0.00617364135428	0.00354030500579	-0.0011644827422	-0.00787973469566	0.0140915189457	-0.00536278446176	0.0533115689328	-0.051332619031	0.00897377055192	-0.0315297810232	-0.00544274871926	0.00725649956838	-0.0821801494687	-0.0185140840213	-0.00335818133042	-0.028344055292	-0.0413079261099	-0.0455053324886	-0.0249219133277	0.0274361104131	-0.0333653650698	0.00218581409394	0.0124716616581	0.00727826253847	0.00378442021228	-0.0234873295407	-0.050856666573	-0.0114586124174	0.0204553342663	0.00905886363213	0.00314180376131	-0.00242188538916	0.0192606516477	-0.00830234809277	0.0243468485513	-0.00360542661932	-0.0809058594025	-0.0373109175029	-0.000843603614813	0.0359109400292	0.00296771444737	0.0201546703175	-0.0373184705336	-0.0291398030187	-0.020536448121
k__Bacteria;p__Firmicutes;c__Clostridia;o__Clostridiales;f__Ruminococcaceae;g__Faecalibacterium;s__Faecalibacterium_prausnitzii	-0.0222162409729	-0.00430773634308	-0.032134685963	0.0520738742117	-0.017558220288	0.000181217349637	0.0285453416318	1.0	0.0352883030453	0.0309618479334	0.028377148085	0.00689162366957	0.0640857129448	-0.0119987551615	-0.0433715883586	0.0803711143951	-0.00190758100717	0.0106997870001	-0.0224927650824	-0.00274557709955	-0.0462299084912	-0.0496465741463	-0.0272867173695	-0.0802073117602	0.0061952164427	-0.0414089328979	0.017243827307	-0.0120697924463	-0.0396115160357	0.00236298135426	0.00187454570562	-0.0490176145388	0.0158210327489	0.00529367533205	-0.00580214860341	-0.0648703709903	-0.004638750987	0.0251888500413	0.0575166230842	0.0328692315983	-0.02532724046	-0.054435277272	0.0304562047387	-0.0274139188551	0.0660578128163	-0.0205741040366	0.0287931387717	0.0286291729694	-0.0507393331665	-0.0603749365413	-0.00437341768196	-0.0491022715845	-0.0140931617814	0.0743239344307	-0.0537796433243	-0.016160325545	-0.0839201004399	-0.00718007244311	0.0458206924165
k__Bacteria;p__Bacteroidetes;c__Bacteroidia;o__Bacteroidales;f__Rikenellaceae;g__Alistipes;s__Alistipes_finegoldii	0.0363984565695	-0.00210165683906	0.0402675473786	-0.00820773265874	-0.0505682393243	0.0617606177355	-0.0240941217405	0.0352883030453	1.0	-0.0334530339548	0.0172163673702	-7.03325588945e-05	-0.0383208166256	-0.0393575150507	0.0289900338982	-0.00452561812486	-0.0144608938325	0.042069071914	0.0323602404352	-0.04507290799	0.0168196904852	-0.0717936038657	-0.0233699235101	0.0127900756669	0.0588953631417	-0.00877178714271	-0.0041406559126	0.0122879082467	0.0166205930917	0.00602970153522	-0.0559368286469	0.0186766596503	-0.0678676698985	0.0635897434958	-0.0556040139836	-0.0203629520847	0.0290772202596	-0.0369412270759	0.0195553525692	-0.0449613291934	0.0223457306451	-0.0302201232866	0.0264924309347	-0.0418401372683	-0.103063334566	-0.000572807606277	0.0127353532693	-0.00935617115002	0.0154176927498	-0.0319806828666	0.027771160572	0.0505087468178	0.0103477824604	-0.0717138670095	0.00945100211908	-0.0314451569656	0.00050271147096	-0.00601696426359	0.00059418219998
k__Bacteria;p__Bacteroidetes;c__Bacteroidia;o__Bacteroidales;f__Porphyromonadaceae;g__Parabacteroides;s__Parabacteroides_distasonis	-0.0233715160658	-0.00711972219656	-0.0211499586037	-0.0352018083934	-0.0444666435934	0.0241631273711	-0.0668300387138	0.0309618479334	-0.0334530339548	1.0	-0.0106736735594	0.0263766274205	-0.0558629947113	-0.00277698217474	-0.0245843990108	-0.0299340346365	0.00450912969008	-0.00466371567691	-0.00147682778997	0.0159484846123	0.0038761091284	-0.0473459784554	0.0464240743502	-0.0186287100158	-0.00871387853509	-0.00438887365022	-0.030959221906	-0.0262552495432	-0.0154538385072	-0.0130370888832	0.00112009743716	-0.0286839620564	-0.0168175279242	0.00387369499378	-0.0334245027236	0.012642626036	0.0382261930245	-0.0308547614756	0.0176562734182	-0.0242317969674	-0.0211814326174	-0.0169875974927	0.0151454952865	-0.0494278789673	0.0213749774026	-0.101691309597	-0.028667206073	-0.0225929168649	0.0137510479355	0.0321419542768	0.00690507217299	-0.00666874316776	0.00902952594502	-0.045701224386	0.0216870737605	0.0674267276461	0.0221220576417	0.0348058894021	0.0382568511733
k__Bacteria;p__Bacteroidetes;c__Bacteroidia;o__Bacteroidales;f__Bacteroidaceae;g__Bacteroides;s__Bacteroides_thetaiotaomicron	-0.00560275740918	0.0196485980519	0.0145952586077	-0.00428748597032	0.00472745471044	-0.0590111118907	-0.000414101877585	0.028377148085	0.0172163673702	-0.0106736735594	1.0	0.00406799022583	-0.0224427497023	-0.0119312279867	0.0700716299143	-0.00286524433432	-0.0569075756343	0.0649705615178	0.00082709538659	0.0106877700384	-0.0434493536388	-0.0530372236951	0.0287066496774	-0.0155873335618	-0.00343609225848	-0.0277938982268	0.000766147068933	-0.0529136955408	-0.00876193450621	0.0682575145684	-0.0186558119908	0.00741180274681	-0.00955714306238	0.0144651603575	0.00804077274986	-0.0189490715635	-0.0713115292944	0.0378689779363	-0.0746806859774	0.0291340952719	0.0423680110599	-0.0760281660884	0.00703936919863	-0.0420541925692	0.0407127989406	0.0229482526981	-0.031549454509	0.0578272362824	0.0186094127703	-0.014802922525	-0.009856916386	-0.0462081064951	-0.00548064172549	-0.0322483682157	0.0271424686725	-0.0282686130063	0.0330905145649	-0.0387945620359	8.45512652911e-05
k__Bacteria;p__Bacteroidetes;c__Bacteroidia;o__Bacteroidales;f__Bacteroidaceae;g__Bacteroides;s__Bacteroides_coprocola	-0.00848213483168	0.0520002951192	-0.00602473429501	0.0253193608033	0.0121313839709	-0.0122499203995	0.0294025283106	0.00689162366957	-7.03325588945e-05	0.0263766274205	0.00406799022583	1.0	-0.0508588527284	-0.0241515183338	0.00602753010244	-0.00559718276838	-0.0903265020799	-0.00426574474352	-0.000940015231445	-0.00958142813875	0.000613250005198	-0.02596339756	-0.0637737814629	-0.0545661855682	0.00954115490184	0.0520128213415	-0.0164505803417	-0.0480368313218	0.0216634769153	-0.002443395014	-0.0262297694511	-0.0441973305949	-0.0206515234287	0.0155518892299	-0.00623206699381	0.0102583065048	-0.029175689355	-0.0234645617335	0.00743474229487	-0.0348168880865	-0.0073573581009	-0.0199677303476	0.0214034721752	0.0817978165736	-0.00168627089334	0.00262049762453	-0.00947306808404	0.0109640810836	-0.058153154457	0.0116163395476	-0.0113633479568	0.0048226989774	-0.0317008052428	0.0589169374069	0.00491380951452	0.0238010727757	-0.0203235144333	-0.00959496903507	-0.0325708323513
k__Bacteria;p__Bacteroidetes;c__Bacteroidia;o__Bacteroidales;f__Bacteroidaceae;g__Bacteroides;s__Bacteroides_cellulosilyticus	0.0382868425461	-0.0435109378987	-0.0273068126305	0.0334239103896	0.0144684465824	0.0206972705302	0.0133824641403	0.0640857129448	-0.0383208166256	-0.0558629947113	-0.0224427497023	-0.0508588527284	1.0	0.0329744858846	-0.0250696353167	-0.0288446809475	-0.00761228833012	0.0383185492531	0.00695024911374	-0.0156981827466	0.0695450124649	-0.0240080490536	-0.00786104485778	-0.0016536593511	-0.0492631910443	0.0154846900485	0.00472370435392	-0.00830189261922	-0.0490808115642	-0.00305561874306	0.0314646591009	-0.0361393894118	-0.0140998562374	0.055297397832	0.0286098346135	-0.0548105699125	-0.00240022090722	-0.0377659436731	-0.0275575931058	0.0131374600253	0.00401344081423	-0.0317623385822	-0.0326382069251	-0.0374058020058	0.0127988041763	0.0626858660863	-0.018942380592	-0.0163952458265	-0.0246433491649	0.0183784736834	-0.0199699822309	-0.0337785110161	-0.0254160293917	-0.0910337389894	0.0524411532683	0.00205559095101	-0.00834330202252	0.0216398685332	-0.018695412299
k__Bacteria;p__Bacteroidetes;c__Bacteroidia;o__Bacteroidales;f__Rikenellaceae;g__Alistipes;s__Alistipes_obesi	0.0223854619458	0.000454536913545	-0.042698152015	-0.0119717936942	0.0216973000702	0.026919220162	0.0105721100901	-0.0119987551615	-0.0393575150507	-0.00277698217474	-0.0119312279867	-0.0241515183338	0.0329744858846	1.0	-0.0350810025125	-0.0113642740934	0.0319462389195	-0.0194878221102	-0.00292052537802	-0.0080835073621	-0.0787227842955	-0.00371039222145	-0.0177251291586	0.00767805740715	-0.0186133156761	-0.0216044960082	-0.0388855194222	0.0252234337933	-0.0108835040617	-0.0701484731379	-0.0122771957439	0.00418370227378	-0.00156962089547	-0.0231598646379	-0.038640780031	0.0446900167726	-0.0390781246836	-0.0419910552759	-0.0202190997059	0.0671009339615	-0.0413317802335	-0.0249750199901	-0.0207918841687	0.0282272617238	-0.0180605352941	0.0153040859265	0.0226163330115	-0.0516533709535	0.01122285126	0.0332033080732	-0.0348513916814	-0.0301320704991	0.0107560210266	-0.0242704768972	0.0342689658994	0.104603245307	-0.00597527794726	0.01276732709	0.00247188432025
k__Bacteria;p__Firmicutes;c__Clostridia;o__Clostridiales;f__Lachnospiraceae;g__;s__[Eubacterium]_rectale	-0.0329813021737	-0.00779091303397	-0.0164669151359	0.00146523915408	0.00316919671005	-0.0294202332187	-0.00617364135428	-0.0433715883586	0.0289900338982	-0.0245843990108	0.0700716299143	0.00602753010244	-0.0250696353167	-0.0350810025125	1.0	-0.0191712433693	-0.0403825905625	-0.0186456253432	-0.00922032775259	-0.012774197114	0.0306378658893	-0.0121372705043	-0.0497618776422	-0.00839592680406	-0.0430918908794	-0.00870322811381	0.0327253075413	0.0172566100438	-0.0178541978942	-0.0361230115821	0.0193860146496	0.0247350029383	0.0432560473204	-0.0232464588447	0.00179958843722	0.0228989745979	-0.0468305294752	-0.0372512352786	-0.0255358450589	0.00343305564443	0.0646262170732	-0.0157442720547	0.0382388467365	-0.0646347237	-0.0122627785509	0.00440701448318	-0.033891517354	-0.0786397457234	0.0492521193217	0.0189473018137	0.0203084009565	-0.00872710314093	0.0290443508362	0.0181606723833	-0.00286917207737	-0.00173432968965	0.0369734578211	-0.0435314131034	-0.0198608382327
k__Bacteria;p__Bacteroidetes;c__Bacteroidia;o__Bacteroidales;f__Bacteroidaceae;g__Bacteroides;s__Bacteroides_plebeius	-0.0279728873221	0.014610672422	0.0220236801395	0.0389270247659	-0.0230483075046	0.00158623078921	0.00354030500579	0.0803711143951	-0.00452561812486	-0.0299340346365	-0.00286524433432	-0.00559718276838	-0.0288446809475	-0.0113642740934	-0.0191712433693	1.0	-0.0139554646774	-0.0199038159607	0.0237273127313	-0.0242477089033	-0.000577913278816	0.0296660724161	-0.0257507958769	0.0265998518699	-0.0777324671875	0.0404089028775	-0.0172887899065	-0.0547338331919	0.0320004835711	-0.00295467919487	-0.0180437302876	0.0136594440925	-0.00776318325683	0.00264131205769	0.0177850123769	-0.0196571244671	0.0379910887837	-0.0410344505802	0.0465079001659	0.0271147161177	-0.0102784941798	-0.0187943729538	-0.0256188955986	-0.0421968563061	-0.000563250399941	0.0300739288911	-0.0620129608157	-0.0429549381177	-0.0341702429648	-0.0197136262925	0.0427164746274	0.00278629242095	-0.0548262086762	-0.0884084607702	0.00978568901309	0.0279993689725	-0.0688157124028	0.000118770090469	-0.036738703949
k__Bacteria;p__Bacteroidetes;c__Bacteroidia;o__Bacteroidales;f__Bacteroidaceae;g__Bacteroides;s__Bacteroides_fragilis	-0.0461619471016	0.0347276324707	-0.0112015180185	0.00831596538476	-0.0254613026321	0.0220237347503	-0.0011644827422	-0.00190758100717	-0.0144608938325	0.00450912969008	-0.0569075756343	-0.0903265020799	-0.00761228833012	0.0319462389195	-0.0403825905625	-0.0139554646774	1.0	0.0209226255703	-0.0503255461408	-0.0187847533336	0.0144579346981	0.00285176976974	0.0248590199665	0.00424079691616	0.0050921642391	0.038721406715	-0.056217188648	0.00135515317148	-0.025766450502	0.00484672709113	0.0110592894298	0.0108559162184	-0.0604994761126	-0.0188175043185	-0.0185041482893	0.0206285010009	-0.0033583195377	0.0381523527772	-0.0139598071196	-0.0256268568358	0.0336076166674	-0.0186881489457	-0.0259265326655	-0.0191787333567	-0.0221745341997	0.0505263330885	0.0576644624649	-0.0338077643886	-0.0479464786944	-0.00187057940536	0.00238422379652	0.0330840494873	0.0217385099412	-0.0175491173627	-0.0389637486555	0.0213218350693	-0.0305391879932	0.011685075932	-0.0424810839507
k__Bacteria;p__Proteobacteria;c__Betaproteobacteria;o__Burkholderiales;f__Sutterellaceae;g__Sutterella;s__Sutterella_wadsworthensis	0.01466701581	-0.0449428523644	0.0738442916447	-0.00396642874512	-0.0237229418717	-0.00891366919565	-0.00787973469566	0.0106997870001	0.042069071914	-0.00466371567691	0.0649705615178	-0.00426574474352	0.0383185492531	-0.0194878221102	-0.0186456253432	-0.0199038159607	0.0209226255703	1.0	-0.0245107952685	-0.0695749843852	0.0120698852174	-0.0269889219855	-0.0345939138804	0.00545085916559	0.0836087629699	0.0641626097283	-0.0731106641721	-0.0540387840334	0.00138027908184	-0.0449921337701	-0.0126807365865	-0.0325353102901	-0.0333680327135	0.0484180923159	-0.00839333913048	0.0348125022087	-0.0212987681569	-0.0337855287651	-0.0163934950523	0.0492027590121	0.00519815968151	0.00589566199971	0.0316150631651	-0.00215047750489	-0.0152217554208	-0.0634185359649	-0.000968950536304	-0.0405140808894	-0.029040246833	0.000580030811831	0.0167089339915	0.00458670644371	0.0292090645047	-0.0328849275451	-0.0176275401839	0.00490073823389	-0.0587549705661	-0.0549668783	-0.00889817939667
k__Bacteria;p__Bacteroidetes;c__Bacteroidia;o__Bacteroidales;f__Porphyromonadaceae;g__Barnesiella;s__Barnesiella_intestinihominis	0.0190264891341	-0.0195971839668	-0.0295758308058	-0.028577754486	-0.0146625608118	-0.040541769824	0.0140915189457	-0.0224927650824	0.0323602404352	-0.00147682778997	0.000827095386591	-0.000940015231445	0.00695024911374	-0.00292052537802	-0.00922032775259	0.0237273127313	-0.0503255461408	-0.0245107952685	1.0	-0.0341502313475	-0.0828376283694	-0.0106353342663	0.0446133891993	-0.0223628032926	0.0024159688772	-0.0488332616582	-0.0113834071102	0.00268365526171	0.02507443823	-0.0799500974133	0.027656063638	0.0134736051469	-0.0191066142567	0.00012770506965	-0.0175676162305	0.0414870280936	-0.0345904510313	-0.0117547304215	0.0578360822531	0.0116903721046	-0.0138361743157	0.0277736954207	-0.0252001966256	0.0482802724388	0.0281292472616	0.0295714917282	-0.042099829417	0.00806995457656	-0.0358619872289	0.0310174802689	0.0314466740351	0.040782666779	-0.0160430480313	-0.00306810472335	0.0432384283475	-0.0102488954223	-0.0234499320994	0.021971873729	-0.0657350060796
k__Bacteria;p__Bacteroidetes;c__Bacteroidia;o__Bacteroidales;f__Odoribacteraceae;g__Odoribacter;s__Odoribacter_splanchnicus	-0.00332599064508	0.030899586072	0.0253135802694	-0.0351699966118	0.0263876978103	-0.0467768096352	-0.00536278446176	-0.00274557709955	-0.04507290799	0.0159484846123	0.0106877700384	-0.00958142813875	-0.0156981827466	-0.0080835073621	-0.012774197114	-0.0242477089033	-0.0187847533336	-0.0695749843852	-0.0341502313475	1.0	0.0228412436759	0.0286483029368	0.0492545947267	-0.032825401927	-0.0138857124326	-0.0467564186614	-0.0477186415964	-0.0159118860395	0.0363276330854	0.0197451187871	-0.00662741208969	-0.0236435027612	0.00448593933334	-0.023307604255	0.00238704077665	0.00624778145331	0.0191115434291	-0.00212124928544	-0.00931363842409	-0.0194879655277	-0.0266321818274	0.0371095941428	0.011514780103	0.00822981675109	-0.0271035393796	-0.023937402901	0.0877642533891	-0.00622096054779	0.00768097801543	-0.0264919594711	-0.0107770015549	0.0254729794462	-0.0393547875404	-0.00530067717871	-0.0692768733493	-0.080259191408	0.00957794944645	0.00679659126407	-0.00650031851556
k__Bacteria;p__Bacteroidetes;c__Bacteroidia;o__Bacteroidales;f__Bacteroidaceae;g__Bacteroides;s__Bacteroides_salyersiae	-0.0223730194161	0.0596472512122	-0.000922169172366	-0.0469837146231	-0.0784400516397	-0.0363129649757	0.0533115689328	-0.0462299084912	0.0168196904852	0.0038761091284	-0.0434493536388	0.000613250005199	0.0695450124649	-0.0787227842955	0.0306378658893	-0.000577913278816	0.0144579346981	0.0120698852174	-0.0828376283694	0.0228412436759	1.0	-0.00524716518956	0.0180839110369	0.0126182949722	-0.0378134741019	-0.00291091308127	-0.000585923019055	0.0144556972046	-0.0118662063666	-0.0590742100502	0.0361883717076	0.0029446808227	0.0118318699718	0.0150258992405	-0.0613268656186	-0.0164329488708	-0.0346124648272	0.0102621379831	-0.00421564512506	-0.0281344920082	-0.0103573349492	-0.00656919902348	-0.0507742368737	0.00946978920831	-0.0331719002403	0.0377294304333	0.0101031308146	0.0146557108945	-0.0501438826561	0.0118818886765	0.0101480948341	-0.0700490014357	0.010676343814	-0.0232839274528	-0.0306790882208	-0.0420517502247	-0.0340356274487	-0.0215652632973	-0.00126713045988
k__Bacteria;p__Firmicutes;c__Clostridia;o__Clostridiales;f__Ruminococcaceae;g__Ruminiclostridium;s__[Eubacterium]_siraeum	-0.0310210945153	-0.051840574261	-0.0104396694282	-0.0184704734612	0.0275645429385	-0.0678648410679	-0.051332619031	-0.0496465741463	-0.0717936038657	-0.0473459784554	-0.0530372236951	-0.02596339756	-0.0240080490536	-0.00371039222145	-0.0121372705043	0.0296660724161	0.00285176976974	-0.0269889219855	-0.0106353342663	0.0286483029368	-0.00524716518956	1.0	0.00903074581552	0.0110367850318	0.0472726817105	-0.0105749499786	0.0232558737211	0.0166174626512	-0.0255355621007	0.00175096789393	0.00641129672343	0.008377381742	0.0143241108996	0.0140048351553	-0.0285049176844	-0.0288088141397	-0.00797568397448	0.016643088643	0.0169292148435	-0.0281338903496	0.0202598123317	-0.0149006530449	0.0198701049542	-0.0272400059954	-0.028006180883	-0.0269312692248	0.0694719643369	-0.037996083932	-0.0109276728171	0.00684612493626	0.0284262896039	-0.00473110260407	0.0217196216521	0.00338353513093	0.0579150385598	-0.0128056522449	-0.0604556919131	0.0523321442346	-0.0228761485933
k__Bacteria;p__Proteobacteria;c__Betaproteobacteria;o__Burkholderiales;f__Sutterellaceae;g__Parasutterella;s__Parasutterella_excrementihominis	-0.0541948914232	0.0312725586047	-0.0157920109394	-0.0151159269105	-0.0462363011748	0.0114522162016	0.00897377055192	-0.0272867173695	-0.0233699235101	0.0464240743502	0.0287066496774	-0.0637737814629	-0.00786104485778	-0.0177251291586	-0.0497618776422	-0.0257507958769	0.0248590199665	-0.0345939138804	0.0446133891993	0.0492545947267	0.0180839110369	0.00903074581552	1.0	-0.0353436084085	0.0480108987869	-0.0449859196426	0.0156948150716	0.0325225695243	0.0373564137733	-0.0244959871546	0.0259706336863	-0.00238390977483	-0.0498194205519	-0.0829839555919	-0.0396295275397	0.0525354887407	-0.00654223117155	-0.0223963420549	0.0596278251634	-0.0351664982147	-0.00871415541293	-0.0356260372086	-0.0207272390896	0.00348562341925	0.0629571697284	0.0054652519469	-0.00431790513584	0.00881936826726	-0.0233725027188	0.0147955818507	-0.041109905151	-0.0115580955261	-0.0615294220168	0.063847218277	-0.0367691524164	-0.046459945435	0.0130002135759	-0.015914780957	0.0101012681658
k__Bacteria;p__Actinobacteria;c__Actinobacteria;o__Bifidobacteriales;f__Bifidobacteriaceae;g__Bifidobacterium;s__Bifidobacterium_adolescentis	0.0417926686057	-0.0060412534582	0.0198880395306	-0.0313371882007	-0.00814622000944	-0.0603645425892	-0.0315297810232	-0.0802073117602	0.0127900756669	-0.0186287100158	-0.0155873335618	-0.0545661855682	-0.0016536593511	0.00767805740715	-0.00839592680406	0.0265998518699	0.00424079691616	0.00545085916559	-0.0223628032926	-0.032825401927	0.0126182949722	0.0110367850318	-0.0353436084085	1.0	-0.0329891852763	0.0214698131637	0.0289253725931	0.00113940674483	0.0199122526174	0.00282381660315	-0.0113991119976	-0.0560460408574	0.0181959023487	-0.00541198111428	-0.0136946236693	0.0391408881612	-0.0687208175349	-0.000548926348612	0.0185881487795	0.000582617712178	-0.000813594743769	-0.00229740601	0.0376164745881	-0.0176324231336	0.0238695133485	-0.0186380656678	-0.0110103151323	0.0601084635648	0.0302948109007	-0.0373278219092	-0.000309274410184	-0.0633451909737	0.0107954293136	0.0179396125358	-0.0349703947373	-0.065498176863	-0.0243789021339	-0.000410590014532	0.00658695070014
k__Bacteria;p__Firmicutes;c__Clostridia;o__Clostridiales;f__Oscillospiraceae;g__Oscillibacter;s__Oscillibacter_sp._KLE_1745	0.0545022553271	-0.0516869560231	0.0193738875733	0.0315093114522	0.0545171383668	-0.0447270549058	-0.00544274871926	0.0061952164427	0.0588953631417	-0.00871387853509	-0.00343609225848	0.00954115490184	-0.0492631910443	-0.0186133156761	-0.0430918908794	-0.0777324671875	0.0050921642391	0.0836087629699	0.0024159688772	-0.0138857124326	-0.0378134741019	0.0472726817105	0.0480108987869	-0.0329891852763	1.0	-0.0436428293474	-0.00398672334517	0.0165305542409	0.0295602562539	0.0178437233638	-0.0171187539453	0.0528621994584	-0.0530402467518	-0.0302100727639	-0.0309124645904	-0.0133974567275	-0.00357063297255	-0.0582400227494	0.0420345578711	-0.0251069112815	-0.0456222925765	-0.00147886164772	-0.0131544600114	-0.0296679697583	-0.0348450713763	-0.0152368006451	0.00148633269635	-0.0333030165072	0.0159089616864	-0.00811775040362	-0.0288959762639	-0.0611535109898	0.0526726550655	-0.0210204574712	0.0297047347495	-0.0436964450076	-0.0210093151609	-0.0484733274135	-0.0103141732729
k__Bacteria;p__Bacteroidetes;c__Bacteroidia;o__Bacteroidales;f__Bacteroidaceae;g__Bacteroides;s__Bacteroides_coprophilus	0.0349065277425	0.0318104861794	-0.012501013679	-0.0369363030506	-0.0041651962873	-0.0617639959982	0.00725649956838	-0.0414089328979	-0.00877178714271	-0.00438887365022	-0.0277938982268	0.0520128213415	0.0154846900485	-0.0216044960082	-0.00870322811381	0.0404089028775	0.038721406715	0.0641626097283	-0.0488332616582	-0.0467564186614	-0.00291091308127	-0.0105749499786	-0.0449859196426	0.0214698131637	-0.0436428293474	1.0	-0.00483924446612	-0.0932160706134	0.00418842205266	-0.0249653953711	0.0312113901526	-0.000752719206082	-0.00726423746573	-0.0357840817548	-0.0282148813201	0.0263900078593	0.0808891856765	-0.00207385108219	-0.0557923090231	0.0198916031547	-0.0014800869555	0.0220410986339	-0.0460914782163	-0.0104550914509	-0.00778128995268	-0.0108300080686	-0.019181840755	-0.0417296107236	-0.0448319694353	-0.00909998206456	0.0285871532043	-0.0102157408461	0.00546136064455	-0.062064376219	-0.0480492499226	-0.0771762136042	0.025086613323	-0.0269987483322	0.027037586086
k__Bacteria;p__Firmicutes;c__Clostridia;o__Clostridiales;f__Lachnospiraceae;g__Roseburia;s__Roseburia_intestinalis	-0.0133289501396	-0.00425345933395	-0.0147443868739	-0.0636842164739	0.0413403028742	0.0445810998733	-0.0821801494687	0.017243827307	-0.0041406559126	-0.030959221906	0.000766147068933	-0.0164505803417	0.00472370435392	-0.0388855194222	0.0327253075413	-0.0172887899065	-0.056217188648	-0.0731106641721	-0.0113834071102	-0.0477186415964	-0.000585923019055	0.0232558737211	0.0156948150716	0.0289253725931	-0.00398672334517	-0.00483924446612	1.0	0.0105136794918	-0.0138941250105	-0.0230211194614	-0.0326883914102	-0.00319780056418	0.0610869369051	0.0117760674044	-0.0326571199433	-0.0516334213047	-0.0473236614462	0.0289628325524	-0.0316124706836	0.0214994375084	-0.00603311623491	0.0674585656308	-0.0592894783872	-0.0462239826068	0.0152850518105	-0.00329647324087	-0.0142789923881	0.0952813702531	-0.0160541391502	-0.0537221529462	-0.0402069377666	-0.011031066391	0.00370407824288	-0.00693035108933	0.0375795097357	-0.0820228353819	-0.0117375003955	-0.00343714097958	0.000453511391599
k__Bacteria;p__Firmicutes;c__Clostridia;o__Clostridiales;f__Lachnospiraceae;g__Roseburia;s__Roseburia_hominis	-0.0259058533994	0.027471459446	-0.000962540513076	-0.0416217998096	-0.0340306763831	-0.0308140764626	-0.0185140840213	-0.0120697924463	0.0122879082467	-0.0262552495432	-0.0529136955408	-0.0480368313218	-0.00830189261922	0.0252234337933	0.0172566100438	-0.0547338331919	0.00135515317148	-0.0540387840334	0.00268365526171	-0.0159118860395	0.0144556972046	0.0166174626512	0.0325225695243	0.00113940674483	0.0165305542409	-0.0932160706134	0.0105136794918	1.0	-0.0530424466162	-0.00939252503538	-0.018775930306	-0.020679550902	0.0120289475037	0.000797088976647	-0.0127074745295	0.00343556732955	-0.0267794645077	-0.000776944949266	-0.00772957516014	0.0516165877449	-0.0266234880859	-0.0191025218221	-0.0121632142524	-0.0365397571102	-0.00941663908803	-0.0119051988655	-0.0339337642964	0.0710924143294	0.0173281876824	0.00267887910244	-0.00250039100829	0.0413659869537	-0.0368583470079	0.000231542619787	-0.0209820601852	-0.0203289288873	-0.0385554570497	0.015111806146	-0.0278871685803
k__Bacteria;p__Bacteroidetes;c__Bacteroidia;o__Bacteroidales;f__Porphyromonadaceae;g__Parabacteroides;s__Parabacteroides_johnsonii	0.0224797896256	-0.0383070988803	0.0304827117495	0.0288715252119	0.022053343672	-0.0632045829004	-0.00335818133042	-0.0396115160357	0.0166205930917	-0.0154538385072	-0.00876193450621	0.0216634769153	-0.0490808115642	-0.0108835040617	-0.0178541978942	0.0320004835711	-0.025766450502	0.00138027908184	0.02507443823	0.0363276330854	-0.0118662063666	-0.0255355621007	0.0373564137733	0.0199122526174	0.0295602562539	0.00418842205266	-0.0138941250105	-0.0530424466162	1.0	-0.00984768175189	0.00209301297008	0.0361886856911	0.0125291715762	0.0889287373812	0.0122420212756	-0.0336303727559	0.0197168954591	0.00754656906126	0.0262375276184	-0.0219930478257	-0.0247906620786	0.0176565069128	0.00736242822924	0.036134048485	-0.00311138548931	-0.053579922328	0.00547515550836	-0.0482320202473	-0.0899626186456	-0.0109170105721	-0.0268639237903	0.0507173606976	-0.0349457487778	-0.0292612304276	0.00352938613652	-0.0671092695804	-0.0503942688942	-0.0533399153751	-0.0110101663676
k__Bacteria;p__Actinobacteria;c__Actinobacteria;o__Bifidobacteriales;f__Bifidobacteriaceae;g__Bifidobacterium;s__Bifidobacterium_longum	-0.0182416894733	0.0477206812862	0.0317785504096	0.0114076868618	0.0271715498443	-0.0111920474052	-0.028344055292	0.00236298135426	0.00602970153522	-0.0130370888832	0.0682575145684	-0.002443395014	-0.00305561874306	-0.0701484731379	-0.0361230115821	-0.00295467919487	0.00484672709113	-0.0449921337701	-0.0799500974133	0.0197451187871	-0.0590742100502	0.00175096789393	-0.0244959871546	0.00282381660315	0.0178437233638	-0.0249653953711	-0.0230211194614	-0.00939252503538	-0.00984768175189	1.0	0.016092142364	0.058952483987	-0.00780416213495	0.00712404764817	-0.0172014197673	0.0320762275487	0.0253431591468	-0.0147102059289	-0.0136955830121	-0.0137195172439	0.0077746323646	0.0655570269542	0.000208026029855	0.0324726822922	-0.00218761091262	-0.0454268623117	-0.0503772747726	-0.0171207081042	0.0311856486912	-0.0365148900846	0.0489127268011	-0.0675444088927	0.0285946731468	0.0140662731451	-0.0155513067507	0.0608685299345	-0.029860740351	0.00652215400087	0.0151503790761
